axis_00,axis_01,axis_02,axis_10,axis_11,axis_12,axis_20,axis_21,axis_22,location_x,location_y,location_z,dbh,dbh_approximation,score,reconstructed,number_clusters
-0.2522885100878714,-0.93381385791039628,-0.25365761658610769,0.96611560754457637,-0.25784583452809468,-0.011668696383297069,-0.05450816944658065,-0.24800646038160634,0.96722368409410386,-13.608711345652365,-1.8079299505583875,-2.1792392511622731,,0.1792017335040631,0.32,0,1
-0.23178547718897974,-0.88835660983412301,-0.39635593388809071,0.9713304108381966,-0.23349519524881865,-0.044690343214347464,-0.052846244381006463,-0.39535114462935322,0.91700858605308788,-9.3285876746264194,-16.59702075600465,-0.91896434803349658,,0.4354678555799235,0.2352941176470588,0,1
0.94974709966422965,-0.29258683453832507,-0.11123574485850531,0.30395774859935143,0.94694023416375128,0.10446951702919528,0.074767196990372431,-0.13303058737276421,0.98828777644846977,1.6308131755903854,-6.7107134207422883,-0.43752326228968524,,0.08497636426386737,0.3333333333333333,0,5
0.74179912102740753,0.67060192206882374,0.0052082780804505969,-0.66093761451627642,0.72974956736189578,0.1750058246249504,0.11355850369082204,-0.13326151377169537,0.98455362230138443,-25.630748946103544,13.731022433381687,-4.0540255367183695,0.3757994010160297,0.3046765404567549,0.4444444444444444,1,5
-0.34709741344811063,-0.86291808708708939,-0.36728158210777717,0.93567007242370448,-0.34519570054675935,-0.073221881255905605,-0.063599537327352101,-0.36906951012240569,0.9272231638336893,20.478573904100553,7.1210406741696453,0.77251003548940178,,0.5344033007782374,0.25,0,2
0.46590578446238512,0.87087450285826284,0.15655478362497441,-0.88199414863632941,0.44291851632017515,0.16096431179615892,0.070838702527402639,-0.21307460705609141,0.97446451451662719,7.9930157727212414,1.549291817600994,-0.31501584170488234,,0.7002797270260233,0.1829268292682927,0,1
-0.059083627037255615,-0.96498122311367984,-0.25557848902861352,0.99751952854407999,-0.066885381661386509,0.021934810079125767,-0.038261144642040334,-0.25364854574398282,0.96653944567857342,3.2991217723851629,9.0557241985605934,-1.5037849227800559,,0.104538915600852,0.125,0,1
-0.58485672014769208,-0.79345824622070782,-0.16842395436054203,0.80914801014875237,-0.58523810790084652,-0.052686380905795818,-0.056763672981913232,-0.16709389146523276,0.98430560135793543,-25.72768998710152,21.265190888386215,-4.4616773953237647,,0.4727623334830587,0.7777777777777778,0,4
0.019745498900630126,-0.96942413873538791,-0.24459549159851088,0.99979080750796412,0.017839928862856652,0.010003907273768421,-0.0053344630225687665,-0.24474185619815872,0.96957360077971477,-22.164465011839667,10.258157057449731,-3.5773418072906167,,0.6293067312062686,0.4205607476635514,0,3
0.93722917364873692,0.3486697303868968,-0.0055583427057174489,-0.34039678807126139,0.91821943143715568,0.20249222800392988,0.075706688822548954,-0.1878895815183893,0.97926809527543091,-8.7074117205588273,14.576263325938438,-2.8215431740428625,,0.5064296666363595,0.4433962264150944,0,5
0.20787592944883404,0.9762761881888129,-0.060600349267176327,-0.9768616485860564,0.21038735726298613,0.038451000320247369,0.050288343356233112,0.051205119660215861,0.9974212341047628,11.705367105184354,-10.907583552410484,0.92664211028780386,0.1978673238675996,0.09730036965522113,0.2941176470588235,1,5
0.79574448030664924,0.60507840448499617,0.025900704380254484,-0.60195820754351126,0.78548949484937081,0.14371002001351596,0.066611098418396089,-0.12994759677336565,0.98928084165232055,-4.7185697192339742,-13.281120291529671,-0.64109728506214025,,0.1828362092121533,0.5,0,5
-0.37884719481750684,0.92352167147966546,-0.059854200239510359,-0.92543694238242824,-0.37849386338055846,0.017574443294787627,-0.0064240682412789671,0.062049316601107699,0.99805241027541614,2.6741723260577563,-13.580235956211425,0.11597128259422242,0.1290511825936079,0.1098247535465449,0.44,1,5
0.91192743804814824,0.40276847750711603,-0.078523252998964566,-0.39838736072592162,0.91484922086401566,0.065866637217461041,0.098365942016401114,-0.028782922212694777,0.9947339769205249,1.811743570539263,-4.213183773466568,-0.61886526424244392,,0.06897382158160145,0.2391304347826087,0,5
0.96885497749179494,0.23991552390143756,-0.061323518983113397,-0.22532392147962491,0.95684116799082064,0.18353231226954542,0.10270911838009972,-0.16399853849672216,0.98109903494628004,-4.6705107871394738,17.690210704013147,-2.5459382169186346,,0.5035426381348842,0.3055555555555556,0,5
-0.75390640716387303,0.64745184144242252,0.11149548085047224,-0.65533916232578582,-0.72911928615659283,-0.19727049672122707,-0.046429640957037423,-0.22179084644619187,0.97398824883736879,13.172451968361516,3.7406748170777595,0.17042798511535026,,0.3529822853880844,0.1428571428571428,0,2
-0.94647542573937349,-0.28782184418643991,-0.14609193845174176,0.31392300109331717,-0.92610860892987379,-0.20922522278764294,-0.075077412422353204,-0.24388815156766075,0.96689293702502188,1.6120846767863686,-17.426331901768194,0.28625565404202119,,0.5676659904744399,0.2272727272727273,0,4
-0.43870746568624874,0.89670444848958009,-0.058795336636056419,-0.89854152153601907,-0.43864215176784982,0.014703631123190584,-0.012605301538840043,0.059280643986624963,0.99816176625918041,-3.6738304436594031,-5.9479744208961396,-1.0643231937778521,,0.06630228925861617,0.186046511627907,0,5
0.99604592720189644,-0.0029148379063836803,-0.088791973874288013,0.012800482920823784,0.99374128161969533,0.11097032414946652,0.087912789408063005,-0.11166811955443454,0.98984926758252889,16.914811205305327,11.164594604036193,0.10091940117395534,,0.1283605827945425,0.6666666666666666,0,5
-0.76269180201189357,0.64539891102276259,-0.041969760476834261,-0.64495699110862337,-0.7638049651711124,-0.025148654040876295,-0.048287625370918068,0.0078880181660789667,0.99880232499001043,4.241193530048796,-7.6330368466589844,-0.087691639602608021,0.5377665716230464,0.4948460267712705,0.9427710843373494,1,5
-0.39242969572103137,0.90861231307680268,0.14290765704300382,-0.91976785972405306,-0.38679649310964676,-0.066449658665141673,-0.0051007974801483688,-0.15751868918735065,0.98750283261455285,-3.7186023987946881,5.6597748162867862,-1.9426889377053442,0.5793844389002041,0.4641198281624217,0.4330097087378641,1,4
0.9755922766250551,0.20759806381828241,-0.071573414676416258,-0.20149100552035987,0.97587612078065922,0.084066471226562925,0.087298822924116407,-0.067593200760080407,0.99388634899925643,-6.54848675202346,-11.89259573433138,-0.92793271633612762,,0.09726128131716269,0.2833333333333333,0,4
-0.74333544533960205,0.6688887302320804,0.0063468315158028369,-0.66731910471131806,-0.74086855233514637,-0.076151169709394492,-0.046234491335576666,-0.06084122557394353,0.99707608389811497,-2.7610539757575174,-17.068551069928223,-0.14860733191837366,,0.08338083006207375,0.2916666666666667,0,5
0.54678151679547138,-0.78006097906845973,-0.30419540073051843,0.83721062866259111,0.51389490833322937,0.18705717426383783,0.010408465075770876,-0.35695502815332214,0.93406358013297408,-7.8702066900674943,27.102401203958088,-3.052795013472442,,0.198359029716239,0.3333333333333333,0,3
0.36830582984462251,-0.92183758246723191,-0.12069087477284476,0.92969931695391472,0.36562859534489944,0.04443996311364113,0.0031616068525304945,-0.12857372133171813,0.99169491398566001,9.2800139209999397,4.2121108603908279,-0.36006418773695859,,0.1139650623747745,0.28,0,5
-0.25184260005158382,0.96770758549125635,0.010832071913592334,-0.96771934755616462,-0.25192658175503468,0.0072292302975654572,0.0097246678467333182,-0.0086617774103924707,0.99991519862804579,0.9694398056617356,-11.750642733007773,-0.16851899421958605,0.1281384619158905,0.09681621875101551,0.3928571428571428,1,5
-0.39100515567664301,-0.91358335175214078,-0.11171583431013415,0.91800832345563044,-0.39583407010139121,0.02400222933710679,-0.066148970517070596,-0.093171070339951284,0.99345028328107143,1.580625464859339,-14.588388993567296,0.10666772954244468,0.9151482161374853,0.8112224130847199,0.9800796812749004,1,5
-0.85016257011771912,0.52503571037951957,-0.039510849106402401,-0.52249883767007221,-0.85054739299537718,-0.059700057807275858,-0.064950511963025731,-0.030110381848157182,0.9974341060444547,4.8579284693386322,10.059686341923491,-1.4091451808728412,,0.1021258666015194,0.2903225806451613,1,3
-0.37720048817938989,0.92556986089250515,0.0322525088118924,-0.92594521522907025,-0.37759450203670669,0.0069174002374503942,0.018580907179775705,-0.027254809467006594,0.9994558145557495,-1.0288957835135009,13.522578563887144,-2.165854688405997,,0.1347099821409971,0.15625,0,5
-0.33216132295118833,-0.91768906035902409,-0.2179808340948525,0.94198209279641043,-0.33459312297042199,-0.026780196261321526,-0.048358994884211748,-0.21422938770922931,0.97558555598959018,12.058803813728174,8.1080366897938507,-0.31284256937261312,,0.1710198183815431,0.1818181818181818,0,3
0.94743475378986219,-0.29820510792432448,-0.11593576203650167,0.31204545659271027,0.941276142023586,0.12894517236810499,0.070675457769931477,-0.15834436543507091,0.98485127892691249,13.598081643089985,-12.014726285401418,1.1786526214213389,0.549136248247531,0.4349330925319337,0.8762886597938144,1,8
-0.98715183030010645,-0.10232947661054215,-0.12271895595938737,0.11686791127382287,-0.9861372315680289,-0.11779325884717551,-0.10896400896462756,-0.13062173912468139,0.98542620526267743,-1.2561133176393271,7.774551218987467,-1.8385943471708477,0.4932808678709179,0.2044691342230001,0.1935483870967742,1,5
-0.6113494502925807,0.78989809360391516,0.048092113156505849,-0.79076015494289964,-0.60738915335341026,-0.07600522181604949,-0.03082575192333379,-0.084495077427777621,0.99594696390361748,15.114800408375279,7.1707525415128295,0.14040567823559369,,0.2475420405398908,0.2941176470588235,0,4
0.34887670598836229,0.93541309588960919,0.057335713625343884,-0.93510726673638367,0.34340166660353577,0.0874625352406668,0.06212442124898003,-0.084128683646730137,0.99451642564230625,-13.045304713609456,-3.5384366585336462,-2.0531648599737577,,0.07738258916311613,0.1739130434782609,0,1
-0.95392474040511555,0.29353736829434574,-0.062156279311603155,-0.2923873547007852,-0.95591708520905161,-0.027058474024005238,-0.067358922602054797,-0.0076380377231449626,0.99769957197827341,-9.7277147419131893,12.062535345044756,-2.8558132179692004,0.5757343171706569,0.3705067607116914,0.676595744680851,1,7
-0.025133568923969229,0.999073918004308,-0.034922916210790279,-0.999113973817365,-0.023924246161198873,0.034625103154971908,0.033757533026247219,0.03576222600929857,0.99879001404441492,-19.642156214767983,3.6692857243289922,-2.9720940748023379,0.3516597633755694,0.4253025602030647,0.904,1,5
-0.97708591735218853,0.19873858444928169,-0.076197671638509601,-0.19653072556610876,-0.97985369620353713,-0.035530380587989401,-0.081723827740098232,-0.019741050817123601,0.9964594858257636,15.091380218452157,-6.9321809263614096,1.0710178701291888,0.1826735416089066,0.1565520621293608,0.3214285714285715,1,5
0.99442890701044162,0.094339447900940482,-0.04702358420797171,-0.083938455492821834,0.97855493801925064,0.18810786524656611,0.063761152683260325,-0.18311281180705644,0.98102202501300473,-0.22928271876806983,-8.0983685266747436,-0.56878967066182551,0.4654932044899437,0.2555868773707984,0.2439024390243902,1,2
-0.12880190203410483,-0.98435574979927787,-0.12022407358553026,0.99069263153960718,-0.13310792819866782,0.028467336787746433,-0.044024764003064799,-0.11543845671075316,0.99233854246759701,1.1400763184549256,-3.466210095628385,-0.72772710835146592,0.4720790848651167,0.4201141854552813,0.9912854030501089,1,5
-0.85620940196754081,0.51579389753485672,0.029361799130645641,-0.51260036830018363,-0.84107608436092196,-0.17271908619089049,-0.064391943602462878,-0.1629345745442074,0.98453339304322063,-3.0297840749250655,-7.2546017004459671,-0.91436770950962976,,0.08493087659943935,0.1940298507462687,0,5
-0.55655159601764304,-0.79468297621819139,-0.24234126408684933,0.82710991060704786,-0.55748551684448977,-0.0714079427251193,-0.078355068411788173,-0.2401850657672745,0.96755961957729242,-2.2856305915777524,-11.502624162155746,-0.54123071463570827,,0.1116828399563808,0.36,0,2
0.80464746125585562,0.59366080571728352,0.010455182906659267,-0.58859652400985618,0.79522037125032763,0.14552901110090055,0.078080695552876417,-0.1232534336381618,0.98929873955159919,-7.7336915616089055,-11.662908919780401,-1.0534252457833102,,0.2013947912273168,0.25,0,3
0.59018000314455676,-0.78508040528670608,-0.18797957634581333,0.80700989914730659,0.57969994065837283,0.11261883270098519,0.020556910432848859,-0.21816676198619206,0.97569497149360962,-22.294836438711044,5.2159979436743109,-3.2599811376889125,,0.2095708805982251,0.7281553398058253,1,5
0.99821445589983482,0.055079514901206945,-0.023111621986426134,-0.050123193336963495,0.98285153208478759,0.17745571664020884,0.03248946786731214,-0.17598043333516497,0.98385736850463523,24.035680826793214,-0.38069085317113455,1.6447726163884107,,0.1974796656569094,0.3235294117647059,0,5
-0.41096885740327249,-0.87718176763382372,-0.24830776221344689,0.90951130155584592,-0.41314677681554041,-0.04581411517340124,-0.062400245086381541,-0.24466689056292618,0.96759718998942401,4.9120721095277666,-17.112708641936397,0.61406032325198523,,0.4961163966023423,0.2352941176470588,0,6
-0.5624181436679444,0.82616518317016896,0.033718270870609829,-0.82682838273909676,-0.56161914027542914,-0.030639301123514383,-0.0063762975269883154,-0.045111322233875283,0.99896161659803451,16.648024582466999,-4.2380466151942997,1.0667149499133748,,0.3832170612658258,0.2333333333333333,0,5
-0.99588235713662232,-0.012468463977522222,-0.089793474985912974,0.016687389629767815,-0.99878408555149267,-0.046388376522710474,-0.089105902000646761,-0.047695784458478836,0.99487951550604448,-0.14706561186963529,-8.8962176433060556,-0.5011083535161035,,0.09811331438743148,0.2763157894736842,0,5
-0.98269874406331303,-0.14379899130969792,-0.11672629744278033,0.16184275402946233,-0.97314862623136289,-0.16367246021298082,-0.09005610131771187,-0.17973202653485063,0.9795847575647193,-6.2728488674346563,-12.887068008032816,-0.81925236910773636,,0.1007940816340178,0.5,0,2
0.94414006900356628,-0.31476982338794451,-0.097567865541191998,0.3238682543967481,0.94099222302020336,0.098198727127700156,0.060900606696035364,-0.12431248730445162,0.99037241561153999,-22.916309668753424,23.245528631580974,-4.2879675362594947,0.3611370620921171,0.2983993540282749,0.2666666666666667,1,3
-0.87850597703876776,-0.42846574634724216,-0.21129210234711049,0.46657666130623293,-0.86453071077905341,-0.18679633091737788,-0.10263268208270711,-0.26268565687331757,0.95940751416775194,6.1609803640447938,7.2565970822335739,-1.0099334738333752,0.4060737747641188,0.5709258863312247,0.22,1,5
-0.97805854783624124,0.19336536069528765,-0.077532665939235926,-0.18905219697276163,-0.98015443708752048,-0.059636786276749884,-0.087525675228678046,-0.043670547750490514,0.99520457165094312,-6.4068998221632913,-9.9695755740067291,-1.0260009596265707,,0.152613644833565,0.1666666666666667,0,3
0.12529279011257866,0.99100788504969872,-0.04695837002205297,-0.99134400151064683,0.12692593413072875,0.033569002277405911,0.039227380930466044,0.042345944485447908,0.99833262671865619,17.595992180743099,-1.3214199043282178,0.96481751993335707,0.9701530052691449,0.7322107431044751,0.8967136150234741,1,5
0.61477670253860994,0.78587132103689494,0.06675232421032043,-0.78661396654288407,0.60479636985703678,0.12433751906573369,0.057341727000716436,-0.12894812049610008,0.9899920750011586,-8.4371329756518474,-19.158089395111269,-0.63623363292046253,,0.336426397774572,0.1578947368421053,0,2
-0.95733640147600851,0.28590368021965917,-0.042024993109117142,-0.28227040239804435,-0.95632745810111042,-0.075902653523542349,-0.061890502817577124,-0.060801961471022847,0.99622923423390064,-29.854731534670478,11.72593964540175,-4.2298942832387683,,0.2377314239974692,0.4838709677419355,0,4
-0.80485671595605368,0.59020978086038622,0.062113455524314118,-0.59123605197619178,-0.78835352471753395,-0.17011364116097957,-0.051435373276005281,-0.17364082078294685,0.98346492959016218,0.85366234141402775,11.564024532741959,-1.9166712080048236,,0.0984325214860601,0.4,0,5
0.88466554342897397,0.46610889183851767,-0.010458356399892219,-0.45177479638628792,0.86256999250069422,0.22775544205897899,0.11517990110972705,-0.19676257008491638,0.9736622008653375,13.364034539571742,-4.7177473260063669,0.73670393742083295,0.4377896985848434,0.4355255444587056,0.1212121212121212,1,5
0.6238798611045937,0.78078631935070775,-0.03386210895509624,-0.77698080453305374,0.62433681579824818,0.080649673440583672,0.08411152296374802,-0.024005498405125589,0.99616714850021026,-23.116578391081642,6.7122975598003265,-3.4272707835891913,,0.08502712192161851,0.4,0,4
0.17995943485844101,0.97903750842995907,0.095394752962037421,-0.98249908785822204,0.17415875396473626,0.066062627674140284,0.048063959087784103,-0.10561385091316418,0.99324496995056577,-14.438615982758863,-9.8758906872642225,-1.7773570821837394,,0.26021106621987,0.421875,0,2
0.97830607513568413,0.20280597906120487,-0.042272428480517439,-0.19618237914922262,0.97250715427977963,0.12546835850523055,0.066555972413938971,-0.11445335177124571,0.99119661662273861,-10.500683115500754,0.14305666320062371,-2.0733479883107049,,0.1687790313648063,0.2213740458015267,0,2
-0.93864552141154767,-0.28641337763233626,-0.19212486108591026,0.33155935436012918,-0.90274248273067437,-0.27408831498178204,-0.094936714027492708,-0.32097256422706122,0.94231822297097034,-27.805994083357042,20.603985248130936,-4.5860350793578144,,0.1803780783565312,0.1428571428571428,0,1
0.99584010865023209,-0.0012639017957849809,-0.09110916834076388,0.022230982482070435,0.9730570697038935,0.22949013599097351,0.08836436737382844,-0.23056092828474697,0.96903735579548245,1.4562679685575111,8.8816804383644783,-1.6523092954820917,,0.1005124974260554,0.1538461538461539,0,5
0.88811208910421935,-0.44425379587872121,-0.11787909922580966,0.45494772870246397,0.88617085160068509,0.087885072235208889,0.065417744805290182,-0.13168062355816096,0.98913130172082109,6.0668193708984797,4.0668858194886397,-0.77658829140197849,0.2259558958455901,0.1886598495840781,0.6196319018404908,1,5
-0.71851156273879258,0.6923915967068186,0.065840800575641248,-0.6955115067051395,-0.71558188376996323,-0.064856084224830968,0.0022086763922572195,-0.092392880840538885,0.99572018023066167,-18.719502988803775,9.5958336276863498,-3.2655134138528457,,0.2259324845122488,0.2352941176470588,0,2
0.99430341580776271,-0.045590568700494827,-0.096344264793401274,0.052824701324551963,0.99586413924303552,0.073920004732818817,0.092575743275371172,-0.078588270214412712,0.99259942350462793,11.203277370050037,-1.5587054998907648,0.3090246055516836,0.5616761160981811,0.5724976379417218,0.9027777777777778,1,5
0.94098799804480937,-0.32332888560817274,-0.10000009633496099,0.33163809406402134,0.93984687034379888,0.081878170903800909,0.067511199820529971,-0.11021021747708325,0.99161280037242827,-0.297594620174983,12.021097158058957,-2.0463555550198897,0.2824567126836595,0.2942737498530566,0.7692307692307693,1,6
0.056656563029844141,0.99838343463492141,-0.0045333555147960333,-0.99773192276155731,0.056783724210142258,0.03614718477770712,0.036346171300049079,0.0024750982616295585,0.99933619454136857,2.358778547146446,-12.543516151820691,0.0095327897894607761,,0.08885863379566535,0.5,0,5
0.65159703196649088,0.75596085703607796,-0.06280517941809137,-0.7536239755250731,0.65456473346987509,0.059965933756556601,0.086441954201905868,0.008257864541756036,0.99622266397977832,-4.6318384528325751,-9.5210441306933937,-0.89046021137761722,,0.08447789719159093,0.3478260869565217,0,5
0.45090591184894635,-0.87198736089813722,-0.19058305563079977,0.89250569963695869,0.44306720081680406,0.084409902712331189,0.010836732681657555,-0.20815738755630092,0.97803530980763831,-19.88749089659613,9.4534396990640097,-3.3500883391458536,,0.4204943009892115,0.2222222222222222,0,1
-0.9190925361948924,-0.3380741128720538,-0.20242234095231101,0.38245083931926765,-0.88903445319679586,-0.25169246419601399,-0.094869728653704674,-0.30874525945323911,0.94640165857331648,3.4925383542808373,-5.0423237842961024,-0.35683048368829096,,0.3630006326124874,0.2765957446808511,0,1
-0.84421127702897947,-0.4917821011168948,-0.21320807854805165,0.52797828259667878,-0.83154828056888608,-0.17252938934915288,-0.092445945521487077,-0.25822049125501645,0.96165270500979561,-7.3782253387815473,-13.919484381134648,-0.87589089355123229,,0.1484864649280846,0.2,0,3
-0.10032722872039301,0.96455743344432066,0.24405615084359231,-0.99470984642106197,-0.1026775149129974,-0.0031063425886655137,0.02206283323312971,-0.24307670706712234,0.96975612700881209,-8.7692252839731815,-14.630138507416898,-0.98841303944949765,,0.4940690858827134,0.5769230769230769,0,2
0.053884769633491307,0.99670623364642486,0.060606232450994328,-0.99844194860016222,0.05466080969140899,-0.011219231675622804,-0.014495063885933785,-0.059907259111379473,0.99809869924206673,-8.9552292899422063,-5.5764448089797414,-1.5786460328232492,,0.1258751170691796,0.1935483870967742,0,2
-0.27684970196743658,-0.95315149667819399,-0.12188710719621004,0.95935344759014707,-0.28139211365582911,0.021434574154945256,-0.054728467157781957,-0.11099866103887844,0.99231249721553749,-0.72491579292888308,14.863668497678944,-2.1640329044222621,0.3026934110749195,0.2693380192089538,0.8360655737704918,1,5
-0.98902074884295943,-0.10403208750337863,-0.10495371898032202,0.1173537575449745,-0.98454883034775365,-0.12996805857957902,-0.089811212819927891,-0.14085781991270099,0.98594777783676479,-9.2874836611072826,24.231848682566476,-3.1134025191527259,,0.1698313057312121,0.3666666666666666,0,5
-0.61438680030691595,-0.76297237151914155,-0.20100253706629484,0.78469414488197331,-0.61746355052312107,-0.054716202018508006,-0.08236478978652817,-0.1913424262254414,0.97806140774983219,-2.1391420300358091,12.854125347402849,-2.2854945087890024,0.408897973979825,0.568775220146193,0.5267857142857143,1,5
0.20567257852739856,-0.94812738598513957,-0.24239069781424813,0.97848746675870779,0.19514729458927857,0.066931388829258975,-0.016157593818982401,-0.2509422111950726,0.96786721134797715,-4.2020373255204886,-18.563228810632552,-0.21894296042213171,,0.4671582720160031,0.125,0,2
0.99048891944038209,0.1108206151335371,-0.081550547068968679,-0.10210533451997425,0.98929758454888139,0.10423430274296691,0.092229068781961548,-0.094916176003739042,0.99120367150472111,2.8473533320286104,20.641908910898721,-1.8631702784282029,0.6291093325848316,0.5460392928455509,0.7857142857142857,1,4
0.46698836876462696,0.88343628483883996,-0.038238646271806551,-0.88154715567626651,0.46850524933506654,0.058115778103464612,0.069256593604051342,0.0065697774417979764,0.99757724626553523,10.631031361585634,-6.2418750569391905,0.52032836173219721,,0.07549387443582825,0.2916666666666667,0,5
-0.72340167565462066,0.69032610026752861,-0.011827550444378412,-0.68792096739454822,-0.72212812316920327,-0.072771672696689632,-0.058777191826738802,-0.044506730025370228,0.9972784930516716,14.3332584336578,-8.1415837483685944,1.0666977128532233,,0.2378365887243204,0.1875,0,5
-0.2443053961543275,0.95334901302933017,0.17731478439735293,-0.96924596830695831,-0.23448956714905922,-0.074678616878962406,-0.029616318653490261,-0.19010602897922407,0.98131675386450345,-6.6331484123140214,15.592203616838745,-2.6634264554060079,,0.5210063970709449,0.4791666666666667,0,2
0.74080420545663228,-0.66405089989248511,-0.10122021304931833,0.67004836792884714,0.74114913937747684,0.041630972075067177,0.047374189319259824,-0.098662837745563281,0.99399262101604013,9.8105977332589323,-4.9425181078981399,0.32393246501391731,0.1701567054349798,0.1383131677341558,0.4,1,5
0.48317975970426391,-0.85092881090470951,-0.20605212589154848,0.87541600775272088,0.47319902415045956,0.098638212237148762,0.01356956824728504,-0.22804131712334424,0.97355689330528217,-0.88571439574349908,-6.8059451245518003,-0.72341960354333745,,0.07407780338886909,0.2786885245901639,0,5
-0.062351170198974015,-0.97929578050706412,-0.19259310957528852,0.99610501294787568,-0.073114234463936126,0.049286021333291852,-0.062346890499300041,-0.18876992080258209,0.9800401941988176,-3.3611300258378032,-12.454376893573045,-0.55365182546889224,,0.1700111835626524,0.4117647058823529,0,5
0.26208041131705517,0.95944311715169184,0.10384008356182597,-0.96174965367460041,0.2507828077245351,0.110207018862612,0.079696057999554759,-0.12875126523666758,0.98846934704081146,25.930033715545978,-4.9661541397416027,2.063848443660496,,0.2668646392588031,0.1818181818181818,0,5
0.9724909660202059,0.22049029740997339,-0.07513554256905991,-0.21319223952013158,0.97244603450738809,0.094328039199625319,0.093863677839068418,-0.075714851376177464,0.99270180379790107,-1.5594769515879412,-9.770175766139733,-0.58701766463256011,,0.07887126694946153,0.3414634146341464,0,5
0.5540486912454361,-0.81653938236816082,-0.16215265884665817,0.83186060371533477,0.55056786635836541,0.069878183433421601,0.032217754663805408,-0.17360432476012364,0.98428834937177012,14.522412576926262,-5.4402959095197829,0.94290513108072416,,0.1251110887191693,0.2580645161290323,0,5
0.48069460245049395,0.87434136007275365,0.066782372233170906,-0.87369956804185245,0.47106700601646728,0.12142874719836048,0.074711203834787965,-0.11671787313350895,0.99035103580132056,-1.6499775503082408,-13.711843208535853,-0.28523791859756215,,0.1634105252622946,0.3225806451612903,0,5
-0.77042216162935784,0.63613138969807193,-0.042267575174703892,-0.63568421917334961,-0.77154343586629981,-0.025025987804598842,-0.048531086576734578,0.0075882548999534911,0.99879284740293217,4.7804193867064697,-12.605549345405938,0.31571112509547622,,0.07925007479961532,0.2,0,5
-0.024981687018613679,0.99957762647138326,0.014848702688799464,-0.9991686676612852,-0.02544462570925311,0.031851916527720826,0.032216282803528264,-0.014040643872427793,0.99938229494121622,6.551264131032732,16.34883724582188,-1.3845216375049274,0.4336423036673127,0.3003834159117994,0.4848484848484849,1,5
0.89257217680886014,0.4496829551128399,-0.033168495107204106,-0.44102851897847301,0.88596860602409355,0.14336483037125858,0.093854965954645111,-0.11333520644843229,0.98911393496651556,-13.309285900751457,14.232464383472321,-3.1366861486354831,,0.2905405843776544,0.5833333333333334,0,2
-0.60693624331579943,0.79334390418959011,0.04726358254429671,-0.79423038862420181,-0.60331430791430318,-0.072179883982542728,-0.02874867537039924,-0.081346761159263647,0.9962711569213194,-10.812712922805119,-10.658198623817952,-1.426481521925739,0.4684653975872247,0.4170915549046422,0.7338709677419355,1,2
-0.71325786756284826,-0.68304357191741105,-0.1572090748716603,0.6954095623042621,-0.71766205177623255,-0.036969177650083944,-0.087571428077276428,-0.1356932507630102,0.98687313606252058,2.4073335607829054,6.3897459173608953,-1.3823140627339772,0.878141861418088,0.7269950760558077,0.8869047619047619,1,5
0.53637291700928913,-0.83006311210850514,-0.1526411602933225,0.84373932986265587,0.53170522820362354,0.073440408113323544,0.020199929253962867,-0.168180796221442,0.98554917819480692,-2.1078751944965832,-3.2966461742646853,-1.1048099398635067,,0.07257784249231783,0.2704081632653061,0,5
-0.79081577747801046,-0.60016450533738797,-0.12005404043586972,0.60557146731200018,-0.79571302496793117,-0.011134625003795945,-0.088845956967327736,-0.081506738552786839,0.99270491461513732,6.6009060318198136,-10.965144786287606,0.3891596905487868,,0.07264608070759296,0.2307692307692308,0,5
0.1847553658390052,-0.97143416739822808,-0.14893325083743628,0.98273756878303375,0.18113124263096692,0.037660906061510874,-0.0096086261300723612,-0.15332035531615873,0.98812982089886325,5.9019134555001003,0.78249458286678797,-0.5122607391069679,0.2663844555399339,0.2087346191958418,0.6570048309178744,1,5
-0.99212826503248464,0.089837568906384141,-0.087239423064479765,-0.086390309296334011,-0.99535337236498822,-0.042525034759891098,-0.090654399690893922,-0.034653648215402719,0.99527930978296142,24.916473291431483,15.132023714790838,0.8583428131804357,,0.2452219923590778,0.5,0,5
-0.74158001618076919,-0.65231438643690809,-0.15666850624414611,0.66513744863615998,-0.74536839561468071,-0.044923593362268158,-0.087471446901898578,-0.13752052961735869,0.98662903358387544,-12.540516506288288,-12.092420603452318,-1.4971266580437319,0.4979310136524133,0.3252841172804718,0.7962962962962963,1,3
-0.93494843770068436,0.34863658550376531,-0.065756749382292853,-0.34979149687906147,-0.93680446601610812,0.0065803619490489712,-0.059307061570738576,0.029153450920101881,0.99781398504295105,6.8516175718806398,0.65848261067387803,-0.37235964749749056,,0.1320331494099534,0.3648648648648649,1,5
-0.69689483195828639,0.71519018289490655,0.053297237082084732,-0.71422256269781004,-0.68537386299558478,-0.14194646475303438,-0.064990184822068114,-0.13698784695461788,0.9884384683244245,13.254268029838517,16.268553177425364,-0.55926654125302899,0.5488272163915687,0.5081151781228425,0.5294117647058824,1,6
0.99480978940893272,-0.039362466748480388,-0.093830054394257734,0.053386251409851676,0.9869399275317573,0.15198515586732109,0.086622116440079541,-0.15620555577534545,0.98391891601308146,2.99574440513776,-3.4871610394262311,-0.54775353853380582,,0.1013372525431554,0.219047619047619,0,5
0.89983389599320662,-0.41977163261518391,-0.11870440629256297,0.4303010486753901,0.89882622365590714,0.083381215974106915,0.071693564080370795,-0.12610787493271108,0.98942247637165048,-0.6193111321220226,-3.586716915560805,-0.93261653768717367,0.3295937883725937,0.2607318686789522,0.700162074554295,1,5
0.97512294813963507,-0.1788787935581356,-0.13091070707414035,0.19884896478432701,0.9668779315112489,0.1600192324713792,0.09795062641794075,-0.18206988430741011,0.97839472198730659,4.2601906757621846,-15.150738025409455,0.40903933480439747,0.7198044149671345,0.3804901768949581,0.7647058823529411,1,7
0.98849494759654399,-0.13139094045481975,-0.074927694095734687,0.14394930915203552,0.96930042260354454,0.19933711931108625,0.046436353977866496,-0.20782952510889427,0.97706220555410628,8.1213728076768916,15.252420240317102,-1.2232464699070864,,0.1996119393564857,0.4375,0,3
0.80598145446189129,-0.53904323765124407,-0.24459411891122534,0.58723986356919122,0.7801000767004691,0.21585461071554671,0.074452922701073371,-0.31761023011607614,0.94529387178108881,13.48409391853121,10.193335579472075,-0.2840658015732232,,0.201066755269746,0.1111111111111111,0,4
-0.907741115144445,0.4186118981563231,0.027751515242972587,-0.41406112612551166,-0.88329745488272071,-0.21986129725211467,-0.067523712190562607,-0.21106796279793336,0.97513633065963568,5.3402409419851677,-13.601272279641393,0.44643932981703388,,0.4302883038241578,0.125,0,1
0.7335730999325798,-0.66761273843761348,-0.12713669230846378,0.67823628785369539,0.73105624835761662,0.074513754272131028,0.043197741766737317,-0.14089000395031154,0.98908238377454527,10.809245948932697,5.3319771088882595,-0.28959662701184774,0.1366451534836001,0.1042041576997563,0.4047619047619048,1,5
0.56446270688814493,-0.8016390864488907,-0.19686703027651806,0.82525075366491019,0.55338781934243531,0.11279678620830044,0.018521503934750709,-0.22613424437888996,0.97392004672415655,-11.553477674751203,20.809150936933406,-3.2268678843851535,0.2967034430805982,0.2128996399210739,0.3333333333333333,1,7
0.25486706401053627,0.96182134578464373,0.099711977593798004,-0.96225597492064729,0.24209477928170964,0.12431233476230268,0.0954265079113958,-0.12763156599194886,0.98722032239529967,0.47211206061323163,10.461498791139693,-1.8659030470013784,,0.1688070793357686,0.36,0,6
0.37362426748990213,-0.91749657200841617,-0.13639995269588398,0.9275210088579231,0.37119939891147541,0.043769674147061559,0.010473054464411442,-0.14286723417412689,0.98968644960392438,-3.207177577381445,-15.568413400131559,-0.33176891189456859,,0.07397085079622234,0.25,0,5
-0.29172065310754486,-0.92842903279573308,-0.23004041299842878,0.95514993337428045,-0.29554800730976349,-0.018438550657149513,-0.050869099909628158,-0.22510199118890134,0.97300638653462967,16.711004856589952,8.1108501011506604,0.26484563735175148,0.8532347731640059,0.3876295421925547,0.4,1,5
-0.24427734468282705,0.96856247991641842,-0.047066988143145028,-0.96965369043415617,-0.24347513143888391,0.022171625972000127,0.010014963910635078,0.051054704670362196,0.99864564167120518,7.7721315513461091,-7.2833539084596541,0.27734042678223059,,0.09313593514259304,0.3333333333333333,0,5
-0.99332941968500388,-0.053012633208836875,-0.10240275732869476,0.070562077712777865,-0.98182389462163622,-0.17618976456894156,-0.091201190656208728,-0.18224022791433428,0.97901524102162085,-12.867906791124092,15.681366496867007,-3.152456609336165,,0.2190716551604837,0.2105263157894737,0,1
0.95763200149600203,-0.25548933324925066,-0.13291407113851583,0.27119294005256456,0.95531409147850177,0.11759836686047651,0.096929556774016296,-0.14866131715566908,0.98412624891582623,17.34987879733745,5.1360766501237771,0.56700363501262019,,0.1209726772656685,0.4545454545454545,0,5
0.011189911023864896,-0.97631377223710547,-0.21606990542746285,0.99988522754694431,0.0087178503840446737,0.012390755347373923,-0.01021359998605042,-0.21618375800424083,0.97629927028063002,13.385685058379522,-9.1028579978209745,1.0090454996989831,0.2739509913930707,0.1491216341185569,0.3636363636363636,1,5
-0.85070208567093264,0.52242096223690704,0.058157541648433356,-0.52232797214923876,-0.82772325516942269,-0.20505536413905134,-0.058986870959470014,-0.20481833674551478,0.97702098134441928,-4.3567839519914449,5.0140646171902015,-1.9134130586651816,,0.09224609206038764,0.2242990654205607,0,4
0.73872403820203048,0.67174154584609369,0.055227628654379447,-0.66820353962994206,0.7191691034302613,0.19052514347804889,0.088265650218543809,-0.17764880032134986,0.98012758288698498,3.6088585763069325,-11.079590132467017,0.08603911888810753,,0.09125384654462651,0.2105263157894737,0,2
-0.34801725536706707,0.93730035716544724,-0.018762473832083921,-0.9374880932104126,-0.34794209261870634,0.0072370762619965775,0.00025505975736398286,0.020108223234332794,0.99979777670430947,1.5244051518894182,-7.874789149947194,-0.37427764047473833,,0.1174730958691828,0.31,0,5
-0.92941080055292302,0.36316037060330059,-0.065651420691774667,-0.36234645678880273,-0.93172590359202201,-0.024328703792657232,-0.070004350351783026,0.0011771996024671546,0.99754599148757128,-7.8968175359262167,-10.301691569153524,-1.1339446419231689,,0.06959241171909396,0.2051282051282051,0,3
-0.25922759370855086,0.96498841871522612,-0.03998007510701778,-0.96581616459212705,-0.25898664634656399,0.011182720005193054,0.00043688972209608316,0.041512272398027711,0.99913789857442814,-6.0933531842140303,-14.547411520641381,-0.70425624970947776,0.6739500026994971,0.5751657395210534,1,1,4
-0.74578824181020142,0.66515750705981058,0.036951172912714381,-0.6661497227182952,-0.74515790688351236,-0.031372611165156494,0.0066667308319567214,-0.048012338111777651,0.99882449413751051,-12.566513726509852,4.5665820344139529,-2.5322263003128924,,0.2016552133941039,0.26953125,1,5
-0.95654632999484546,-0.26570948035305442,-0.12007327189637633,0.28101123417797935,-0.94994727921758737,-0.13650220867396787,-0.077793347010912117,-0.16431262507066335,0.98333593263097374,-3.6734029635674741,-7.9415530338601616,-0.92224576266741376,,0.2301746978733628,0.2083333333333333,0,4
-0.57204700389497232,-0.80323448123963759,-0.16606201697701958,0.81619611613719079,-0.57748333846042776,-0.018354667067658828,-0.081154946474944298,-0.14603890559809557,0.98594447750081748,-4.583462508755817,-8.355143775130454,-0.99432841133589145,,0.07044428998015388,0.1777777777777778,0,5
0.92905814300839773,0.3647421246064988,-0.0617588005657995,-0.35751912564888361,0.92816556299436892,0.10338647139062739,0.095031793127598643,-0.073972090742958657,0.99272205983652351,-10.197749544977526,-8.3839247604443567,-1.5265427620147487,,0.09664315342563896,0.2558139534883721,0,3
0.59655710376537241,-0.78383396925625992,-0.17240629509112571,0.8021211959957274,0.58949187132694236,0.095398745137682275,0.026855332458476908,-0.19520154271787274,0.98039540433393935,1.2620694790740623,-3.5810516758000204,-0.71782126587326034,,0.582757050639968,0.8342602892102335,1,1
0.94271980727159532,-0.31653792973325556,-0.10527632220965136,0.32631480600256796,0.94057628090715184,0.093994186939281785,0.069267686270816017,-0.12296340445455628,0.98999090339438622,-14.824435579096372,10.113843445006923,-3.0427498999075882,,0.0957012239017494,0.3389830508474576,0,5
0.75593550812315513,-0.64457356481457073,-0.11439592257080221,0.65316849531871723,0.75435862152741529,0.06568094739224041,0.043959348057852586,-0.12437037295713076,0.99126161332356377,6.3646959255803282,-14.004428218724998,0.57170569249452741,0.7620961438344087,0.2523388873139617,0.3125,1,5
0.35884619318603478,-0.92558273594286533,-0.12052389207294145,0.93338127078213096,0.35509364760633227,0.052037532443069509,-0.0053677731904792116,-0.13116821396264086,0.99134559395642941,-0.51015551452594987,-16.524505526327435,0.035782931278421401,,0.09710529212994991,0.4615384615384616,0,5
0.13496993926054049,0.98422820770304376,0.11435886785754922,-0.98949527448825103,0.12785216873873612,0.06747536375761877,0.05179012706517782,-0.12226470508882002,0.99114535998919817,-11.318270667073106,-15.353932232831848,-1.1893407297508418,,0.2102416032819724,0.3888888888888889,0,3
0.89591418075958673,0.44408931555474163,-0.011066188322952919,-0.43726846462659014,0.88599823390337551,0.15428356802720028,0.078320307436721276,-0.13338594127650885,0.98796463505167886,-5.7882170909177519,-11.4909862568023,-0.87787070752304175,0.9163924115806237,0.4415336399701243,0.2916666666666667,1,4
0.13386756517842455,-0.98441093218706466,-0.11408151289229737,0.9908290599060402,0.13082149986859742,0.033815813132974548,-0.018364341505045966,-0.11756211874037367,0.99289571416053624,8.8646203600283524,-2.138088372089276,0.045247193820349384,0.2576963269381586,0.1771716928032169,0.6666666666666666,1,5
0.99006856703100754,0.11576780537020201,-0.079762446156923142,-0.10533152176337414,0.98661001835982953,0.12452285812263629,0.093110166470589437,-0.11488466787080598,0.98900556620680125,0.14607492912730544,-10.562137069982528,-0.30980260352820693,0.3932567695715201,0.149779989929531,0.1621621621621622,1,4
-0.36428963533616676,0.93014663960983412,0.04604661126702736,-0.93128432383582782,-0.36375842079926146,-0.019731180280792019,-0.0016030484360631653,-0.050070351707986661,0.99874440680063459,-5.472518056669065,-8.2783367057444188,-1.0653604313659073,,0.07150444901242489,0.3488372093023256,0,4
-0.73064566968596056,-0.65975829785172557,-0.17571537720116248,0.67557459201091774,-0.73583840638760978,-0.046268891430676473,-0.098771838083711774,-0.15251500942771357,0.98335308811272293,-12.466839912130558,19.234695329959617,-3.2432023950288977,,0.1482363628893297,0.3157894736842105,0,5
0.96971108074088219,-0.18725000877471062,-0.15683703039212857,0.22054832202219657,0.94719603866064062,0.2327618998005995,0.10497074612264211,-0.2603019372948685,0.9598041695569961,-34.863817438814145,17.6291059317101,-5.0199466621726065,,0.7138655824693414,0.5641025641025641,0,2
0.7338617655807359,0.66850881965171627,0.12059381023333626,-0.67668406926504743,0.70386381009811139,0.21604260514321333,0.059544768213686684,-0.24014931788793126,0.96890800682848088,-18.547512705679448,22.023484583542249,-3.9410620302191739,,0.3740865143392738,0.3695652173913043,0,2
-0.32540590480374459,0.94547296855458507,0.013851456653949022,-0.9455599803465512,-0.32544699299799434,0.00076047063928866981,0.0052269193494966304,-0.012849921445024731,0.99990377478683945,4.5343259073948818,-10.273462688558606,0.099999636667247052,,0.07584640406011517,0.3846153846153846,0,5
