axis_00,axis_01,axis_02,axis_10,axis_11,axis_12,axis_20,axis_21,axis_22,location_x,location_y,location_z,dbh,dbh_approximation,score,reconstructed,number_clusters
-0.17778142166603428,-0.98068339373527658,-0.081571118432106446,0.97897309254093667,-0.18467760155348018,0.086636410159294602,-0.10002724724413468,-0.064453585907341182,0.99289490132261571,2.2083681525125542,-26.337088731349468,0.92970300433953579,,0.1083859917203124,0.2592592592592592,0,3
0.98895788580734689,0.14814848597262184,-0.0037849971575564995,-0.14361305821472048,0.96435953275717767,0.22222956844347591,0.036573072193598538,-0.21923210915460831,0.97498702181410823,21.041111564685988,0.92824624426318092,-1.0660708385684701,,0.09734484605765593,0.25,0,4
0.76080028884207773,0.64898603597273019,-0.00021356547491034811,-0.64212541159423453,0.75280528393921731,0.14477278838969956,0.094116291271729574,-0.11000604340487738,0.98946490293069955,-1.8869657048942721,-13.048449989886304,-0.63477010467950579,,0.1148381419889197,0.1976744186046512,0,5
0.5133955602355289,-0.85685149155784834,-0.047228382838474726,0.85475343835689066,0.50569407605370775,0.11691903635105601,-0.076299137265895378,-0.10039433678887046,0.99201785205368276,-0.2054979731711013,-15.352551994159711,-0.28869524961337606,,0.115475439824357,0.4074074074074074,1,5
0.11917692032676894,-0.9908566667376778,-0.063244981167871542,0.98896758862623146,0.11282278649644978,0.095990246869110118,-0.087977101044778558,-0.073987058521568186,0.99337100061511874,15.177600699342792,10.100557783784181,-2.247917862130262,,0.08316269217671991,0.4,0,3
-0.69639718386444449,-0.71343053072706664,-0.077767860534839334,0.71306697633490634,-0.70010470520404122,0.037267801273431066,-0.081033632315627477,-0.029500501311975409,0.99627469648489886,-19.187227049670614,28.406498229771508,-6.1963953321373966,,0.3177096201127241,0.2926829268292683,0,3
-0.27652525188830657,-0.95497380235055151,-0.10751196162399328,0.9550763071625572,-0.2855030197024388,0.07948127601845914,-0.10659752607280441,-0.080703547412237606,0.99102164702403905,-15.076832908481371,13.358992616791227,-4.3641887555772634,0.2471079951961945,0.1539664606690596,0.323943661971831,1,5
-0.7140704081855237,0.69719674780801566,0.063404629166059892,-0.697991078527056,-0.71600108933532813,0.012283906840279432,0.053962083451220853,-0.035484291123674884,0.99791230007103016,7.6624485012087797,18.80044083533619,-3.5378706741475301,,0.09402891628148528,0.25,0,1
-0.083541575844788274,0.99607456760273827,0.029261935691077514,-0.99147219239171436,-0.086031171847273435,0.097885285842936445,0.10001848238869628,-0.020834904501921513,0.99476741499461019,10.900916090739337,9.6300671737810717,-2.381032427116629,0.5152338771158456,0.4495604020283971,0.9378238341968912,1,5
0.21176505618241506,-0.97556196729440692,-0.058603830495327011,0.97278731559084242,0.20463466344982012,0.10867149184741233,-0.094023399245198147,-0.080021887527384039,0.99234877835916802,-1.1278961968402275,-3.2200561717527978,-1.614876929842028,,0.07699938597891855,0.296983758700696,0,5
0.48223048787351969,-0.87467246167292623,-0.049008584516295681,0.87267684389283284,0.47472403859381279,0.11433378028572684,-0.076739055887546093,-0.097903891506945923,0.99223280802908598,-7.3695904359823219,10.750570878962835,-3.4584882608568117,0.6518048060027382,0.5594396548680894,0.9695550351288056,1,5
0.60323182626481797,0.79747543868070159,0.012012014079005352,-0.7921377627906353,0.59730420268513285,0.12548089183506975,0.092893102770115074,-0.085209237502160154,0.99202331489841544,2.6851126847031188,-5.0903519896790161,-1.2272640968078505,,0.09134548740334598,0.2608695652173913,0,5
-0.86434855821808432,0.50221429564541087,-0.026122234891058631,-0.50190631172207079,-0.86474037922744829,-0.017723735134485503,-0.031490064462733988,-0.0022085703416229495,0.99950162483968974,-3.4703778533644338,-18.016893006493408,-0.20494561262966896,,0.1016797085585147,0.2978723404255319,0,3
-0.85068212164000034,0.5256342892776914,0.0069657632463510115,-0.5246069002676178,-0.84971675217214904,0.052621680604258758,0.033578685407106734,0.041110035436026982,0.99859022470319614,-10.58297105446662,-4.1173573881985579,-2.0424358699930352,,0.07579795491043045,0.125,0,1
-0.93005235909748307,-0.36540477560948859,-0.038496224477046981,0.36226703447329717,-0.92944148146106276,0.070008058631772521,-0.061361266863802881,0.051165247006596727,0.99680334691835037,-2.391728664471918,6.4697342193333016,-2.6645759867298406,0.1650615876123574,0.1279279503189059,0.5682382133995038,1,6
0.39036547147577449,0.91883156205512617,0.057994476037230749,-0.91447700263960841,0.37968558245246259,0.1398952112154376,0.10652046903189102,-0.10764487469949875,0.98846647420545086,0.61561543540618691,-24.049899175568832,0.6267553937544309,,0.1071142895845768,0.1785714285714286,0,4
0.82100098140889322,0.56988016480602288,0.034554106648765515,-0.5650316644145732,0.80235927621057701,0.19224674272334613,0.081832797425794968,-0.17735892884064086,0.98073809124861144,7.5424278072865745,12.878668162147832,-2.8358052018587516,,0.0808178392099118,0.391304347826087,0,5
-0.91797607583097851,0.3964328291074003,0.012686063528951665,-0.39615347092618353,-0.91796757390777939,0.019948953030255411,0.019553814847626503,0.013287033520266098,0.99972051247593019,-0.63002646675471052,20.072614593295032,-4.0896643058302917,,0.1938681972476086,0.1428571428571428,0,4
-0.77969928158103174,-0.61863451640362599,-0.09674898147305562,0.62314051350012645,-0.78176936676994269,-0.023077209859962044,-0.061359031420164994,-0.078281493944441283,0.995041243853241,-17.428880862922899,-21.833605575386535,-0.63715961451262926,,0.332194061247522,0.3076923076923077,0,4
0.4362941427517672,0.89868460312250031,0.044870982951733057,-0.89472820646058149,0.42800386086209896,0.1275701048481514,0.095440335101737522,-0.095805423634004724,0.99081404069481038,-8.0036786435637808,9.8582418849146869,-3.3985925425899266,,0.1139788850275268,0.4338235294117647,0,5
-0.65753896246787724,0.74559898213293496,0.10828051846476759,-0.7509858585374618,-0.66015461443768975,-0.014701201086205602,0.060520683352215256,-0.090983750631400254,0.99401167196749973,13.133455299942337,-0.90197947027197789,-1.1964202158638326,,0.1452356849162783,0.3,0,1
0.55829188059490309,-0.81628135286390113,-0.14830687451526522,0.8268437183973365,0.53276852610986081,0.18024195664049369,-0.068114913261880863,-0.22325422852301519,0.97237745142404497,-1.7751509050238523,28.028082225839579,-5.1673839590221462,,0.3160107402459454,0.5357142857142857,0,5
0.50261466907735897,-0.86352713632601674,-0.041223527952445403,0.86113732365789086,0.49587573725441569,0.11202572474978763,-0.076295505972383798,-0.091804891105970912,0.99284986666536823,-8.7081889652670359,19.090278525462313,-4.5433630263478175,0.3850219705160365,0.3309073468370033,0.8068965517241379,1,5
0.41283740992022561,-0.90676284011698627,-0.085711287199158839,0.9026796461955976,0.39479710018495362,0.17118617359396457,-0.12138669331747512,-0.14804189092459241,0.98150337198448834,-3.4051488818482225,27.353192995009735,-5.1659964644662208,,0.1376841678612486,0.1538461538461539,0,3
-0.64175220455341841,-0.76489373166458663,-0.055602942467561971,0.76153599508965297,-0.64414608647483851,0.071685057452456874,-0.090647868886365668,0.0036604015317050834,0.99587628013071372,2.741157027037032,-6.3541902513314961,-1.1216085274901211,,0.0928389183139076,0.4129032258064516,0,5
0.69864899383795331,0.70319136767945201,0.13195258174934146,-0.71013955019225283,0.65909390832373338,0.24758238883913145,0.087128655802554328,-0.26667793390464006,0.95983929743806207,-18.149592332587293,15.671173533930395,-4.9595513463326837,,0.1349690952036359,0.25,0,2
-0.99509943955397939,0.098274010894004782,-0.01092356087364767,-0.098096018773105143,-0.99505175255183309,-0.015785463071810318,-0.012420809161315756,-0.014636547623328005,0.99981573050910133,-11.361333575202837,-16.148800626351878,-0.85722699372616784,0.1705040153928016,0.1500810997899741,0.5,1,5
-0.99643081795582411,-0.0823724693121268,-0.018449968219768111,0.08249655519058037,-0.9965728807374431,-0.0060672695969733693,-0.017886961999603483,-0.0075676732287773092,0.99981137566659439,19.782280949703193,9.269962586438897,-1.9735876282948934,,0.1891844264895873,0.1764705882352941,0,5
-0.88034507107866999,0.46929797442213023,0.068934512624500649,-0.47407790312336312,-0.87530198302684814,-0.095375994251295129,0.015578754688585147,-0.11664411563620949,0.99305158611715638,-8.080438687459937,6.8632046679597929,-3.0982777269192874,,0.1541361871248657,0.3846153846153846,0,5
-0.1115681803579061,-0.99217066215649219,-0.056124132844737912,0.98831593106340787,-0.11668201837745744,0.098065931870513864,-0.10384681765896975,-0.044527337033677915,0.99359607221385216,5.8807242313485677,-11.272581088260498,-0.47357383875657716,,0.1128428397270136,0.4597701149425287,0,5
0.23054109890151916,0.97288203395834927,0.01874432496375172,-0.96751142958644576,0.2271286821579219,0.11105942265652172,0.10379034317735999,-0.043739109984915099,0.99363698347075202,5.4782759785507933,3.2242445977934402,-1.9359688068964795,0.5893837294874149,0.4653046993477412,0.9388714733542319,1,5
-0.25564332464924722,0.9517986656732218,0.16948684487285492,-0.96216555562483463,-0.26757708153161219,0.051380434098783706,0.094254623926012832,-0.14993933927325589,0.98419218672313524,2.0644356795008059,18.781724694740618,-3.8218134131912889,0.3453215290687167,0.1488451562348951,0.2542372881355932,1,4
-0.93848453794171494,-0.34356449685390694,-0.034788051768495774,0.34115341204824334,-0.93804532962388465,0.060706746072072042,-0.053489452158040733,0.045104279978060297,0.99754923810080343,-1.3612859828696404,-17.949058509972396,-0.12953065197841224,,0.0997337305780874,0.1714285714285714,1,5
-0.56746634596823697,0.80880107550119618,0.15434625509408015,-0.8196041240176678,-0.57281049379831284,-0.011714012453721364,0.07893684872535614,-0.13315013504553069,0.98794737483869477,-6.484686716777067,-27.272368534516868,0.66104118151468128,,0.4862450972894691,0.5918367346938775,0,4
0.15897066315665176,-0.98602545327165547,-0.049821017211225775,0.98267819608680806,0.15315925681490034,0.1043350611610761,-0.095246476003642264,-0.065544241183603233,0.99329354234111189,-3.3653943677526148,-16.426199292010722,-0.36340667931505355,,0.07567681828752412,0.3461538461538461,0,4
0.85196340966354789,-0.51733905625733778,-0.080738153714511082,0.52241076187776925,0.82946735693081541,0.19766360226530183,-0.035289438487307589,-0.21058063694692819,0.97693932814391093,-6.9705500824661257,-11.921890128575241,-1.0487683814529936,0.2256442382868498,0.3278413467981129,0.8504398826979472,1,4
0.16522573098344087,0.97330129450926295,0.15932685877647906,-0.98098586651844544,0.14550636514968693,0.12843141123565091,0.10181938672002763,-0.17751757041915164,0.97883620932229476,-12.790282881388659,-7.2171671524232259,-1.8304576989047097,,0.3054491028106505,0.2121212121212121,0,1
0.541121919749601,-0.83031946812616231,-0.13325407617477372,0.84085567096572322,0.53193046036036695,0.10005861255079893,-0.012198711870078347,-0.16619135414182681,0.98601806537061798,-15.834755792776342,-21.13973848722393,-0.59639280074508105,,0.1603364249394177,0.3076923076923077,0,2
-0.0068513095727688088,0.99964689436829712,0.025673841491983738,-0.99513517286654585,-0.0093392468086801999,0.098075308783177759,0.098280452181536068,-0.024876998389355094,0.99484777110376432,-1.9753410535587228,-8.9716246526228947,-1.0727034343019686,0.4157005869643593,0.313948137974721,0.9054593874833555,1,5
-0.88557652642267159,0.46447219908539716,0.0044488342215998926,-0.46412721390207595,-0.88521788339074614,0.031228644554392917,0.018443024823836061,0.025590529536984177,0.99950236599688191,3.4413137187282312,27.798317704925122,-4.8959356309418194,0.2007445961211145,0.1544217323251928,0.4,1,3
-0.29061597649150595,-0.95382704773615612,-0.075870397486880126,0.95123079244588638,-0.29657572025310835,0.084869438899533953,-0.10345208412912762,-0.047505843464555109,0.99349930101941286,11.983941698958251,1.0915090909253578,-1.452223236170662,0.5534747755793704,0.2676618652051238,0.5794392523364486,1,4
-0.98918283810686236,-0.14272085018824474,-0.033883206996935575,0.14087187117647249,-0.9886706477513173,0.051821483828908881,-0.040895338439630523,0.04648773167767091,0.99808139051751343,12.075156245803798,4.1172180583771407,-1.7366680864176611,,0.1038258981079038,0.3396226415094339,0,5
0.8146465076773487,0.57985460662493626,0.010940873134230209,-0.57504994884384075,0.80515980019317868,0.14503534909661273,0.075290264070431004,-0.12444408916746673,0.9893659812261002,-6.7826174712868328,17.363301539680222,-4.2229302955837236,,0.07158343435113326,0.1333333333333333,0,2
0.84050756863966336,0.53117260014033196,0.10678340657423571,-0.53840596113905037,0.79683417143125923,0.27417936510502078,0.060547898967470946,-0.28794265418589121,0.95573164634797325,7.5750820919643163,27.357045229422084,-4.5957247111613553,,0.3736357356788536,0.3076923076923077,0,3
0.054228746928983745,0.99496957664420282,0.084230544097547919,-0.99668277789199844,0.048808964487332608,0.06512392217276608,0.060685115638041125,-0.087482721369028266,0.99431589055081882,4.8998830425450617,-9.9187804880789159,-0.67351341716421231,,0.183485061823633,0.2608695652173913,0,7
-0.8174243372220602,0.55858067670097256,0.14073052452598711,-0.57438766889461779,-0.8088549755090304,-0.12582700193556606,0.04354605308041725,-0.18368793158661753,0.98201959504408454,1.8409401717709339,20.694145135369716,-4.0594920772344132,,0.2228887880463406,0.2,0,2
0.78220014308273222,0.62289655910775432,-0.012759812423114443,-0.61754790024415662,0.77786853856053206,0.11642649020620463,0.08244711678031208,-0.083189021928509965,0.99311734430790788,-7.5860317247733802,17.551250965758161,-4.2726264559248301,,0.07890843827354527,0.2978723404255319,0,4
0.66546967709002847,-0.72323547294719737,-0.18460920763747421,0.74403768446413665,0.62296864131137508,0.24149119246859613,-0.059649249542120981,-0.29806127325350812,0.95268118718465256,16.71465512097004,5.8949337163449913,-1.7496171802796416,,0.1797490397248468,0.3333333333333333,0,1
0.12600345108818173,-0.98398225304708187,-0.12610335444489637,0.98529949633584324,0.10935133286823644,0.13125238481746693,-0.11536044744278877,-0.14078782507137172,0.98329586365318911,-2.325465567969883,16.236826554885742,-3.7497621839865811,,0.2476125567257288,0.2826086956521739,0,3
-0.98336641797234281,0.18102608373506848,-0.014833914243570338,-0.18155702167524662,-0.98203180500887621,0.05148380164111286,-0.005247464593076517,0.053320642893268488,0.99856365503496658,10.999749594760477,15.846297849838297,-3.0489578663043848,,0.08486269830401079,0.4,0,3
0.48821111277579399,0.87047102296777035,0.062690569750677189,-0.86407842949090152,0.47203819278693698,0.17478104084534041,0.12254948817012204,-0.13949961549727005,0.98260952581651473,-5.3203232087467054,-23.69464820107282,0.31398447829578807,0.615284483297703,0.1674656829415022,0.4285714285714285,1,3
0.17698588657385964,0.97920142668569943,0.099199606503030308,-0.97903581403513396,0.16483348058105529,0.11966118216070912,0.10082098387849815,-0.11829830791784847,0.98784646557729139,3.8358119322161595,-6.3144409561389701,-1.0709068843859786,,0.08660857569649943,0.3333333333333333,0,6
-0.38639972964955127,0.90641418500676341,0.17061235050628429,-0.91704907978105521,-0.39732564513781965,0.033960521028635657,0.09857096022396504,-0.1433375628868481,0.98475281612503418,17.542779588653865,3.413188654711707,-1.4457585243369147,,0.3287737637307521,0.2,0,5
0.19109061259253798,0.96495752198844165,0.17983703327439599,-0.97416503998136206,0.16397264033016506,0.15529149397590009,0.12036134203772103,-0.20486569742414662,0.97136151527729286,-0.6258235949941745,-16.554337769999155,-0.20015536132527884,,0.2725488029093842,0.2,0,5
-0.23159872863558975,0.96994046266714573,0.07468284793325447,-0.96777630593508368,-0.23752077395302182,0.083623582866323612,0.098848624497368767,-0.052909175213763177,0.99369490720903764,-8.198827863959945,-33.817725833206204,1.2951280844322652,,0.1660609375731274,0.3157894736842105,0,2
-0.55016216074231172,0.82517119440399522,0.12811751173525376,-0.83118360114636758,-0.555888020503853,0.0110602823500333,0.080345616387611896,-0.10040422593790595,0.99169731941812933,-18.459525838381808,-14.409331378844721,-1.4015806960364541,,0.1472613802760325,0.5882352941176471,0,2
0.12347284180670315,-0.98486385577413926,-0.12164556270522586,0.98640181836127083,0.10840809784913814,0.12352787966410254,-0.1084707797969304,-0.13524374259249811,0.98485695409019613,6.9470065639518968,20.528629943427177,-3.7681252566719308,0.2017976497332786,0.1598054278014825,0.3529411764705883,1,4
0.5620258674054357,0.82707197892139184,0.0088806559566457534,-0.82192420615793349,0.55726184536664503,0.11789756159570357,0.09256091885249855,-0.073560705418138875,0.99298605172457866,-2.3634496345872553,-11.512161484330639,-0.82702884001243626,,0.07103550935332426,0.1904761904761905,0,5
0.99953365373999881,-0.0086275534724742486,-0.029292325995866009,0.016365359300775741,0.96121285566536452,0.27532166845090955,0.025780807902876103,-0.27567265266020796,0.96090579065752346,-6.7393739757090136,-14.880909466252662,-0.72610648322261917,0.1835532601386283,0.1167823032686432,0.2790697674418605,1,5
0.7760697335685196,-0.61301103469905016,-0.14809875075802145,0.6291208864697696,0.73621332652714611,0.24939295910535522,-0.043848361957754038,-0.28671834468870966,0.95701092573313318,-3.8484880239391135,-11.540567979947483,-0.88565756519061811,,0.08007946595513478,0.2435897435897436,0,5
0.79730088866815996,0.60299259853975418,0.026668690167253869,-0.59846420673293599,0.78402684008562018,0.16474983242745664,0.078433960683366638,-0.14731544430789367,0.98597478349088019,4.39771006078902,-5.6892153161475338,-1.1135373100288921,,0.07078226913468369,0.3939393939393939,0,4
0.28832647980379766,-0.95562856774746374,-0.060348003685944313,0.9525195827944557,0.27980657456449376,0.12006133942097411,-0.097848277639538211,-0.092099518649192455,0.99093056932741819,-3.77378808337303,11.83183333808258,-3.3714349088247451,0.2671397586429587,0.2541683269187633,0.8861538461538462,1,5
-0.15218344452053104,0.98739834909226065,0.043413125017035814,-0.98313084242830517,-0.15574244637627951,0.095906397403630994,0.10145908475872395,-0.028085416262004267,0.99444319270298809,-5.8042992652377654,-19.092514086865766,-0.20969430670604924,,0.07746557116733012,0.3043478260869565,0,4
-0.951629939150066,-0.30454146726715514,-0.040681121272760919,0.30517772959056805,-0.95223948581435414,-0.010320611317169029,-0.035595115889500609,-0.022236374946968767,0.99911887748857509,12.005697014075247,14.366381920348735,-2.8565152836128536,,0.2000117680650448,0.3333333333333333,0,4
-0.92950971541730354,0.36760042548786581,0.029692021251237107,-0.36797296894133569,-0.9190395738170144,-0.14128749373791136,-0.024649200257667692,-0.14225395931003701,0.9895232326667609,-1.5937849175633654,-20.590947406857151,0.17295926786500385,,0.3437589071593384,0.2777777777777778,0,3
-0.62315269953415298,-0.77964588030441206,-0.061911342964401483,0.77672213043081617,-0.62619293069264303,0.067713703558238164,-0.091561155313330547,-0.0058919330373713398,0.99578202432197538,-9.6837693340327409,-3.6576387036902807,-2.0276712666955095,0.4461469583843276,0.4358333747801188,0.8724489795918368,1,1
0.78772054970755534,0.61534720324488668,0.029054346097009277,-0.6117203822375098,0.77576510010262256,0.15487634880111567,0.072763380375183359,-0.13977241831443724,0.98750653747451844,6.0549724555774649,23.601204528694446,-4.2212703199916115,0.393528014073498,0.2592335084018003,0.575,1,5
0.92918627622776806,0.36946515838673805,-0.010409649765344623,-0.36482373591026529,0.92130412563096997,0.13454497319421396,0.05930013310652512,-0.12121965531058605,0.99085280913964824,1.6256636490841394,-11.927553963071984,-0.57972348053184064,,0.08968436330179362,0.4049586776859504,0,5
0.97925006165290418,-0.19806478722408119,-0.042891220717775208,0.20262772216437713,0.96044884996561242,0.19099741571604303,0.0033649611078610106,-0.19572518147037304,0.98065301221947543,-14.93940283727756,-27.515598306370862,0.18716565517896488,0.231057802197232,0.2052245087785394,0.4137931034482759,1,4
0.92482777721163878,0.38033640100557703,0.0061485419333079756,-0.37686846947330083,0.91396255710850094,0.15047458563007729,0.051611425233494081,-0.14148026814300488,0.98859475747727521,11.258048854901604,11.321635942250328,-2.5578229546734312,0.3344929428373787,0.1136613994611753,0.3114754098360656,1,5
0.7723218306860794,0.63443373275652859,0.031824967970460367,-0.63010093001999545,0.75876747408098888,0.16505980208607152,0.080571755805865605,-0.14753223043584032,0.98576996969322739,-11.777132869985813,-15.397083564516725,-0.9358261796808427,0.1915106778318599,0.2380427831805532,0.4454545454545454,1,5
-0.80253608794833897,0.5963759389799187,0.016479288406825141,-0.595164344547916,-0.80221206319102401,0.047277993291270241,0.04141534159492672,0.028134410898759721,0.99874582572542181,1.8561173146678573,-16.817937460077289,-0.067841921293003232,,0.135269029434593,0.5473684210526316,1,5
-0.47841169816347273,-0.87504958296263391,-0.073555927138890739,0.87361511555667126,-0.48276463846802575,0.061114104065591389,-0.088988071848117842,-0.035021867479561361,0.99541679304048203,18.16336505205112,6.3999338075181944,-1.7388583491863332,,0.09221112734803387,0.1333333333333333,0,3
-0.66543959967005684,0.74148820024580619,0.0859382806855577,-0.74403029164272128,-0.66813627710305523,0.0035833415852957861,0.060075488420832886,-0.061556186651749271,0.996294018639023,5.0474120865279959,17.638103519653605,-3.5039835999337914,,0.08433656454783714,0.25,0,5
-0.99820014957489556,0.057431313331023304,-0.017265735945186853,-0.058519444688630941,-0.99575527510105166,0.07104158431342969,-0.013112436157684763,0.071924101367355969,0.99732391310973201,12.768703469661629,9.3274762168991163,-2.251671675537585,,0.07595543364795845,0.169811320754717,0,5
0.02134953609884048,-0.9925487136591381,-0.11996352913263006,0.9884544887053468,0.0029518478728956399,0.15148930771637845,-0.15000640341870947,-0.1218127152957619,0.98115225185781341,-15.813775477038918,8.0262953170102502,-3.7851270532732473,0.3778737017045708,0.3143628060480357,0.7747252747252747,1,5
0.54969755329936432,-0.82803007880774204,-0.11044812577104746,0.83230228583639165,0.53156582668371732,0.15719630050854924,-0.071452815817225526,-0.17833664932284918,0.98137176167856455,-13.064611015742484,18.786538595754127,-4.8849708141987431,0.3569008998430779,0.3252907580825704,0.6349206349206349,1,5
-0.78104557809236919,-0.62198592620433812,-0.055689429392734489,0.6183163209366751,-0.78275532733996944,0.070562205069229791,-0.087479896008691355,0.020678615152590573,0.99595163671218478,-6.2863622694916836,-17.908742884096167,-0.38180379895959921,0.552628039050419,0.659871065037537,0.8865979381443299,1,5
-0.22722392005709852,0.9554028116195179,0.18861271882724978,-0.97190144670445988,-0.23469957894779761,0.017991262754651714,0.061456228713334587,-0.17922492904517606,0.98188673316278596,-9.8674658830475863,13.946996131290939,-3.9783231688333216,,0.597084141644684,0.1824324324324324,0,4
0.98590647002054366,0.16721414777704027,-0.0052783666819958223,-0.16294409729007839,0.96692428105511463,0.19623112868342799,0.037916401859260172,-0.19260546069426163,0.98054346307585949,5.1834056029071869,-5.9257575517564387,-1.0515560331365206,,0.07455260534228025,0.275,0,5
0.95736141053399493,-0.28772284212036359,-0.02597490601601056,0.28820630899519906,0.94502227313155218,0.15449927747610445,-0.019906106493338731,-0.15539777800037802,0.98765139473238317,-4.2302570078963591,16.194117818702306,-3.894865492921733,,0.106074515974561,0.3548387096774194,0,4
0.98796857606759603,0.14954988399382696,0.039407168134720602,-0.15463070228414733,0.95071537423006802,0.26875569410468714,0.0027273822754882719,-0.27161573849836768,0.96240191811213094,-2.6337405912906005,-14.81242523031646,-0.50277969576323411,0.5188269119660865,0.2925649111823174,0.2542372881355932,1,5
0.56369825073636337,-0.81891712090264268,-0.10779161010620211,0.82304605728406688,0.54590069260837737,0.15680440490892891,-0.06956629719852446,-0.17710782846113096,0.98172977310045273,5.1139050816023763,-15.894433824612618,-0.016307681448802496,,0.1351437175656034,0.2727272727272727,0,3
0.40933933462304589,-0.91061382588489359,-0.05677824616557603,0.90632670310359786,0.39867651702092438,0.14010332621828689,-0.10494387248298503,-0.10880944298792013,0.98850760682198791,0.8707384436221044,-7.7769793495872603,-1.0765038131124678,,0.1573049081121494,0.24,1,4
-0.40560304541395781,0.91062001566000306,0.079103455236151726,-0.91221170721486944,-0.40875379842053311,0.028109313348410724,0.057930741157487364,-0.060757874848954334,0.99647002457313416,-13.662413779150469,22.263672918330425,-5.2916383336643609,,0.1285504852060325,0.2727272727272727,0,3
-0.78287190919017569,-0.59813003183358349,-0.17132436726772599,0.61720527798918245,-0.78134738216234523,-0.092487367842033055,-0.078544373593698258,-0.17814806596426402,0.98086392938570599,7.8103639265934399,11.422422428558271,-2.6701829676815216,,0.2616816452818692,0.2156862745098039,0,4
0.7143538161301578,0.6997818018451758,-0.0020137493882744582,-0.69471862215465119,0.70952496836528356,0.1180692817704319,0.084051540210889703,-0.082944252800068147,0.99300331797815011,1.3030064113299593,-10.081645191814685,-0.77694986302080149,,0.07462987856042461,0.2743362831858407,0,5
0.43309178341877264,-0.89428606888872098,-0.11262297335226717,0.89777164656637287,0.41686941206388212,0.14221801540950546,-0.080234517239476305,-0.16270316615564681,0.98340739369107721,20.897143378484522,13.561261172218659,-2.4018264295445686,,0.4212195501748683,0.4791666666666667,0,5
-0.76588588814457825,-0.64008317565038886,-0.060928930651229909,0.63783896868932144,-0.76830250951168111,0.053597610948572232,-0.081118779344439368,0.0021868075738511548,0.99670204249329275,6.0447191633604334,9.1879095980876304,-2.5134550487782681,,0.09197401763883155,0.3454545454545455,1,5
-0.27355281300012452,0.96114541691763433,0.036991161619338277,-0.95826726417514996,-0.27564977328970874,0.075769736013847164,0.083022339824861721,-0.01472039481675934,0.99643896003039067,12.016980220561797,13.087987112794758,-2.7060552365906312,,0.09341075433817005,0.2586206896551724,0,5
-0.86032067773471255,0.50878952664457755,0.031329683031760515,-0.50969594481917369,-0.85951899022087774,-0.037909751840020198,0.0076403728295016578,-0.04858315578951939,0.99878991868988998,3.0851866224348159,23.937723245151972,-4.4159626742016123,,0.1612353954641925,0.25,0,3
-0.98162987866655205,0.19044036352604488,-0.011629671068363762,-0.19077694145786836,-0.98055283771391843,0.046046618324946262,-0.0026343722348157288,0.047419409435905537,0.9988715931948805,-4.3484630733766494,8.4498173914964916,-3.0017151220852134,0.528360457415409,0.4725153827584831,0.9846689895470383,1,5
0.99660953580204192,0.082255359225252192,-0.0018678937770724576,-0.076681198143504922,0.93682305432597401,0.34129541270668889,0.029823262727512914,-0.33999503049614899,0.93995422879957735,15.699600782997996,5.3454238910829188,-1.7081552503373543,,0.5437645619916038,0.2083333333333333,0,1
-0.59973224335423203,-0.78940027371388721,-0.13102840967415924,0.79118341183370833,-0.6094833363622516,0.050585289718559703,-0.1197916738361739,-0.073329874929510666,0.99008721046297221,-19.651327101511676,6.9663550728889749,-3.8808512390628147,0.4426998481821284,0.3989812668145478,0.8170731707317073,1,2
0.56498917962922635,-0.81174703091196621,-0.14783093285067275,0.82410726328047057,0.54640031376826059,0.14931147217249915,-0.04042827612285866,-0.20618791167173944,0.97767688914599005,-13.244319100223914,7.648761230132342,-3.5473635475608423,0.5984099934336737,0.6540173768747076,0.5854922279792746,1,3
0.82643755233032568,-0.55960134731574585,-0.062026640894551358,0.56157247454803727,0.81136567799872372,0.16224084687792095,-0.040463908959141162,-0.16891438259684391,0.98479977834261989,-11.414773935679124,18.552599958551415,-4.7081624312766781,0.5465864714674563,0.5422404644844929,0.9138755980861244,1,5
0.57430948938638093,-0.81335258468123528,-0.09287724906082423,0.81614421967288475,0.56001370641234238,0.14245441841110942,-0.063853136926003681,-0.15761415425862882,0.98543419632263862,-3.1408997714083506,-7.6540751916060401,-1.2842440747371184,,0.09905738546785439,0.319672131147541,0,5
0.70897023110551549,0.69677084395655009,0.10895688329917465,-0.69978964179470438,0.67587813957029619,0.23126434590709369,0.08749667789712115,-0.24020643509921477,0.96677050011566634,-14.416790178891844,-23.941354708406426,-0.22649279725756488,,0.2853479834105416,0.2142857142857143,0,3
0.75750407411740683,-0.65197246141041654,-0.033458739635138152,0.65059868868160253,0.74968812082918634,0.12119846440191324,-0.053934441512898411,-0.11357654269278292,0.9920642342956657,-8.4944691034883739,-8.5007468650219078,-1.4865959057843838,,0.07392493847878147,0.2816901408450704,0,3
-0.28556260573045344,0.95834399118049973,0.0055491239546394053,-0.95442118651907448,-0.28490860054279199,0.088922933263979945,0.086799751911834575,0.02009686306312897,0.9960230515219346,-1.2431428990615376,26.552267813827722,-4.9770480269745674,0.2065711403445327,0.1376623178483007,0.4358974358974359,1,5
0.63695831769287548,-0.76818393327012735,-0.064633939903878931,0.76832775796263009,0.62575811903686895,0.13453338917739996,-0.062901175394262571,-0.13535221137859629,0.98879887793673393,24.602862404323474,16.580798185478319,-2.560450164905046,0.4810506380979645,0.3741108582047472,0.9157894736842105,1,5
-0.8594295839531978,0.51120847868199071,-0.0068323897487367604,-0.50898507811045335,-0.85679652839724807,-0.082667400995316082,-0.048114244116784215,-0.067569225613954786,0.99655377138566981,-13.784808127458401,-23.265354056807183,-0.26127602539278355,,0.3544986244236243,0.1063829787234043,0,2
0.092413407441343978,-0.98403330984623039,-0.15211248219049145,0.99102761311777587,0.076083575590638358,0.10988885095143683,-0.096561028179921599,-0.16090287330689929,0.98223532475594666,-14.897011264022311,21.559038596900255,-5.3277654560404777,,0.1064387136185861,0.2307692307692308,0,3
0.55511182108976154,0.83172430053631774,0.0092495396523712813,-0.8265568483965483,0.55035097951227374,0.1179727753282333,0.09303033083448288,-0.073133352495651838,0.99297375106171504,-7.1812054250016937,18.246055557834982,-4.3308030629963419,,0.0679589782961712,0.2173913043478261,0,2
0.94817424428890285,0.3174392515097248,0.014068548898604535,-0.31221939887993777,0.92252929819731211,0.22684519155279437,0.059030919273015098,-0.21948124195137772,0.97382921243987264,7.9414398987974959,14.710460059652222,-3.042701230486986,,0.0795183560927278,0.375,0,3
0.77342510160975264,0.63215612840649327,0.04682137885685566,-0.63137271537240947,0.76167894211912435,0.14564917924781645,0.05641016294263447,-0.14221047236545278,0.98822774453380979,3.6927754470005589,-12.685283447043622,-0.40627283924571245,,0.214060814543022,0.6844262295081968,0,6
-0.82175360642338924,0.55924357887086795,0.10939666275466062,-0.56859224312892742,-0.81741089683516466,-0.092424492364021685,0.037734220328082491,-0.13815225378847706,0.98969191336970952,-20.726076475831356,13.884499420749894,-4.899533134331886,0.462497452559122,0.3873112932696397,0.5384615384615384,1,6
0.10291152407167044,0.95871916337816598,0.26507882598336163,-0.98924908125134325,0.070810441512742753,0.12795365026503117,0.10390126782971171,-0.27539689022253278,0.9556992620061705,-18.809438900135124,7.9628586078888794,-4.0322571131054321,,0.303359410019733,0.4347826086956522,0,2
-0.54705851010729245,-0.83297884960848434,-0.082904901086226432,0.83269967911327392,-0.55164610606290343,0.047935561645696734,-0.085663474852715984,-0.042811327596367306,0.99540391766638958,-9.2506912984255596,15.472114518121323,-4.1213252344662985,0.3534093807688411,0.2387378132323289,0.5882352941176471,1,4
0.1901719783310247,-0.97189256064164953,-0.13877848978528395,0.97711966397562044,0.17366024031729815,0.12279773289890586,-0.095245897181122738,-0.15895587910599021,0.98268064373315456,10.463148560433121,10.730677454569042,-2.521293660530219,,0.08052814212293809,0.3673469387755102,0,5
0.99209941305743476,-0.11154499250357325,-0.057414887080540288,0.12509125751139885,0.91433932392622552,0.38514384068338642,0.0095358222146959999,-0.38928307870945361,0.92106880998391161,-12.85628548911577,11.152083385451869,-3.9326261140510672,0.6798399860848626,0.304795378010721,0.1372549019607843,1,1
0.59335228783537619,-0.80277819761588198,-0.058993456867015855,0.80218754111552837,0.58367218755072481,0.1257852390337354,-0.066544807457434532,-0.121958775462643,0.99030189623574172,7.905713776394931,-6.6584800825373636,-0.82104741863019626,,0.1724338199933778,0.25,0,5
0.22686697498278582,-0.97119473311393389,-0.072884607661117942,0.96976342935096504,0.21835256032462338,0.10900023161965247,-0.089945910166144574,-0.09540937989231893,0.99136611979275735,6.5465933525982072,13.368015987313957,-2.9382551006427851,0.1863367547723301,0.1641763477376575,0.5555555555555556,1,5
0.045018361985565809,-0.99520272802442655,-0.086861252678490583,0.99409282250101616,0.036032670498320853,0.10237727730665659,-0.098756302766462398,-0.090957005170022309,0.99094602066631288,-7.7846415725142313,-11.410921605890211,-1.1511469185474048,,0.07826319493873553,0.2413793103448276,0,3
-0.72453698561753166,-0.6708794735828354,-0.15800914023396945,0.68397305303877398,-0.72813180936748523,-0.044776454795469649,-0.08501187675307055,-0.14051619163800919,0.98642190805885455,-4.9113752563710094,4.3898743189436296,-2.6311193092417229,,0.08022745620091572,0.2521489971346705,0,5
0.8168145318037322,-0.57550052355917214,-0.040164262938190753,0.5755845820194786,0.80827466967261763,0.12407436200554686,-0.0389411039354522,-0.12446367240580652,0.99145972418225281,-7.5474321502599553,13.034467149619484,-3.7650655751921467,,0.1106944914871679,0.3529411764705883,1,5
-0.97911049298721164,-0.18281284017896254,-0.089006224434255835,0.18891312332204388,-0.97979327869192623,-0.065703598583614062,-0.075196238995379971,-0.081145526653214256,0.99386162474718953,-2.5382140137291125,-12.346709067949377,-0.74421415741053942,,0.09084820760666537,0.2375,0,5
0.71412551033054594,0.69987766692172815,0.014000244259838059,-0.69517249060184927,0.70669178586743042,0.13161279610251927,0.082218999054711125,-0.10372063985388755,0.9912023330595735,22.47813497895779,11.654692751041454,-2.1476597234129691,,0.125769034808123,0.4,0,3
-0.37024312012928606,0.92541444729627476,0.080796860905988768,-0.92648902827136603,-0.37417640201253061,0.040126059733509294,0.067365514098172583,-0.060001007593937707,0.99592257058367828,-5.1083566580062598,15.926536809087583,-3.8904995006853742,0.1626087882552717,0.1353792023407956,0.1176470588235294,1,3
0.69229974497646707,0.7209994505256403,0.029679209006354096,-0.71011518902194848,0.67338343942996759,0.20564815054307919,0.12828671570291469,-0.16344581928942492,0.97817584448347938,4.1326077603640083,-8.0258891954287517,-0.90054577445521278,,0.1960059980126151,0.2028985507246377,0,5
0.096207134976775202,-0.96078110377782378,-0.26008432825340788,0.99062626842341639,0.066966186943137232,0.11905933863327847,-0.096973107040341039,-0.2691007254352219,0.95821762459327542,-13.221431496223731,-30.456948003524623,0.6763786793853962,,0.6120453912335195,0.6428571428571429,0,1
0.9737247538764241,0.22740270996082113,-0.012170094115170766,-0.22420793378154211,0.96666319970305059,0.12366511540961041,0.039886164489821338,-0.11768715240983312,0.99224937794888857,-6.1938990753552234,-11.292498787507396,-1.0568533438962244,,0.07401212330431357,0.32,0,5
0.62674908483996372,-0.77669238386766259,-0.06272579608291376,0.77660747315680156,0.61603206187569159,0.13185344659201112,-0.06376846626096512,-0.13135234898223846,0.98928264066826377,-24.181991694869836,9.7938015651250989,-4.5454751155297286,,0.1215542827013617,0.375,0,1
0.6933377804705646,0.71986833107913317,0.032746115517646106,-0.71723959301623086,0.68498774332465739,0.12790292297248543,0.069642575929265052,-0.11216673929617958,0.9912459504147294,1.924399948967302,16.193891460224169,-3.4795435544192985,,0.09302228658498649,0.1739130434782609,0,5
0.93960965633057658,0.34136992141578371,-0.024500418015131902,-0.33422746141465426,0.93064288176031351,0.14898265222895515,0.073659335909648155,-0.13179682614327107,0.98853624053542377,15.918539590110084,13.973753102071909,-2.6193443932674287,0.1659502856202077,0.2112242573940985,0.6818181818181818,1,5
0.85338369813686099,0.52119279514729877,0.0097125712764807148,-0.51673954350374995,0.84334367766950979,0.14748452635582551,0.068676836952433679,-0.130879760167154,0.98901667349180589,-5.8208021092120426,-8.8547997079195131,-1.3041640959953336,,0.06697902738023413,0.108433734939759,0,4
0.045715119843381551,-0.99238443321645742,-0.11438209880639522,0.99397469753548262,0.033769289289251249,0.10427816530868364,-0.099621425792605189,-0.11846000088869479,0.98794878395213348,18.787026618210046,-0.17461307425786898,-1.0422304827331283,,0.1648988080911884,0.3214285714285715,0,4
-0.40692554811533371,-0.89892121276275094,-0.16233376585350354,0.90381524237708488,-0.42197770999977974,0.071083190067650098,-0.13239941819315904,-0.11779416585080427,0.98417220472518274,12.294984812449853,18.961477148653259,-3.3328427164901546,,0.1803927933069105,0.1875,0,3
-0.61977354169232035,0.78473221103121626,0.0087243331100675964,-0.78205838874196987,-0.6185106106150623,0.076349860215303281,0.065310287217796401,0.040496685378444433,0.99704292026817376,-6.5726733277512697,8.8711095780915841,-3.2039940078377485,,0.07933131320232945,0.270440251572327,0,5
-0.95955920366538427,-0.28039583259376322,-0.024986230710246027,0.27857191804805437,-0.95859061880281715,0.059175265257219098,-0.040544064128839388,0.04982170819316057,0.99793485571786422,2.4187476987539407,26.272405214101781,-4.7505498639564188,,0.1145591912465411,0.25,1,5
-0.76500230222085008,0.63781099429387311,0.089267088866276864,-0.64224105401288833,-0.76583333295301492,-0.032027092882289207,0.047936480233878656,-0.081831789030532065,0.99549266806282888,-5.4136738645458387,22.626370900701087,-4.7318798547518766,,0.08002574134053722,0.4444444444444444,0,3
-0.58607086489111249,0.81025904114428349,0.0011079574580090141,-0.80739787252354955,-0.58411508037140114,0.08317600812227631,0.068041287246997789,0.047852472523969639,0.99653425636207493,0.81336547603414333,-2.8833144154328227,-1.5408525887744648,0.5310059685304447,0.4189179387593915,0.956610515569168,1,5
-0.093619747766462119,0.99379368406678636,0.06007875112805993,-0.99086615854231286,-0.098886539974019555,0.09168264867228805,0.097054617014048106,-0.050946694897019626,0.99397426304473602,-17.154234896030257,-15.079528874017758,-1.297516620762813,,0.08535248747454641,0.25,0,1
-0.039834263534597299,-0.99526413620396303,-0.088670911999565089,0.99414958076115789,-0.048392878091620913,0.096564695528038799,-0.1003984189171801,-0.084305566460275178,0.99136911841288566,2.3468539549291965,-20.921912544130471,0.36996034960524793,,0.08279039542129811,0.2727272727272727,0,3
-0.23428831493610808,-0.94932396933288643,-0.20950653148398776,0.9668081748378482,-0.25011865075294021,0.052178670088808506,-0.10193595318192229,-0.19032777462992848,0.97641405133954917,27.322620982698211,11.871331902898383,-1.9564444585005898,,0.1864802117285904,0.2142857142857143,0,1
0.09312561324358723,0.98591527255965772,0.13891974478677568,-0.99074250793435303,0.07791764792074489,0.11116709546645892,0.098777037462943557,-0.14798620028947274,0.98404429849165331,15.136752896814386,8.8566503381754327,-2.1232637053179269,,0.09810599909216232,0.24,0,4
0.999984230376881,-0.00025731121371316991,-0.0056100613630286102,0.0015851949038565702,0.97126128883176399,0.23801049551223236,0.0053875926604037144,-0.23801563521710264,0.97124638029571353,22.493340209145504,20.74951662858847,-3.0432973028140982,0.4969847735133633,0.4728114568847708,0.5714285714285714,1,5
