axis_00,axis_01,axis_02,axis_10,axis_11,axis_12,axis_20,axis_21,axis_22,location_x,location_y,location_z,dbh,dbh_approximation,score,reconstructed,number_clusters
-0.95490991107822021,-0.28749781836340482,-0.074108475634492785,0.29490847735313008,-0.94732599926052952,-0.1249097318478336,-0.03429361033551042,-0.14113275863994901,0.98939652957185664,-8.1876248379506364,3.9018651004609519,-1.6437224018097094,,0.08602078903889189,0.28125,0,3
0.86126079239741127,-0.49823396032574963,-0.09996383474588684,0.50696996612968059,0.85592228739634091,0.1018748810094362,0.034803748669563372,-0.13841950265889419,0.98976196146457895,-10.520969473219511,-27.42250089201363,-1.6576843963711201,,0.5146400893976644,0.6538461538461539,0,3
0.099418969814468669,-0.97844115412162513,-0.18102148038885041,0.99504459335258155,0.098026401356855489,0.016645776546001901,0.001457971475888812,-0.18177935129757139,0.98333826415990155,3.410592956536703,-26.798878298929012,-1.1985485021678324,,0.2456053287621195,0.2222222222222222,0,3
-0.50782313515258204,-0.85463363958755667,-0.1082451176225917,0.86073866623887529,-0.50852143256136917,-0.023127928291463391,-0.035279056749360847,-0.1049156552238948,0.99385516723706602,-0.53130038139292424,-24.715664298783679,-1.3816953969370274,,0.4073425333549373,0.2857142857142857,0,1
-0.15972430746896649,0.96931820086066534,0.18684317243025439,-0.98697383301446195,-0.16049943389599991,-0.01107179587079948,0.019256130148608622,-0.1861777569939714,0.98232736104233265,15.0681662552968,-29.493324671642242,-0.81435023990294708,,0.4794695325650231,0.1333333333333333,0,1
-0.0092102817037906515,0.99467296738683075,0.1026686839343576,-0.99967246498122442,-0.01161067073427857,0.022806908678342109,0.023877467815890559,-0.10242499829131731,0.99445411470601497,-3.911554542919077,4.4370702763508802,-1.4871961534114937,,0.07997836071944942,0.2808988764044944,0,5
0.89326846590465114,0.43183316992692078,0.1248661730462543,-0.44805306730471539,0.83285827542996727,0.32495467672685652,0.036330382590692989,-0.34621843740431668,0.93745021035899601,-8.6358652232395627,-25.810916775723751,-1.62581499310012,,0.6418174843416096,0.5862068965517241,0,1
0.1139616372307391,0.9854885152661641,0.12579797899084499,-0.99248459285056922,0.1072490629542719,0.058923437184798547,0.044576655257316883,-0.13156756733299549,0.99030444663858208,-29.036111391364528,1.434492550414149,-2.7061438131918645,,0.2282320431903047,0.1935483870967742,0,3
-0.46742196932287472,-0.87068230160259819,-0.15306545093628249,0.88313047776769915,-0.46771913737558363,-0.036323102434059437,-0.039965758245289001,-0.1521549808867321,0.98754827728027395,-15.512391445224919,5.4688738928720397,-1.9533091010932417,0.8502752218898361,0.6182905158493571,0.7368421052631579,1,5
0.88517740575902315,0.45769360929151609,0.083531553005011638,-0.464033395682867,0.85551514961904507,0.22971033164254751,0.033674441714035039,-0.24209582562697421,0.96966780042921918,13.78139253753579,-24.286231880932021,-0.87122957848902449,,0.2243637825811255,0.1578947368421053,0,3
-0.96714120841369722,0.25401127635810689,-0.010777498365541781,-0.25332790596930449,-0.96639319515904609,-0.043693985941976057,-0.02151406621959184,-0.039528013271803518,0.99898682730128308,2.2650543327810619,6.3874317556419564,-1.2943852497834547,,0.1484132599043849,0.2711864406779661,0,1
-0.69536191164001671,0.71582257020584694,0.06379545300596709,-0.71865565250207963,-0.6923136516120536,-0.065083491903814628,-0.0024217694257537789,-0.091103544253113136,0.99583848050643686,-3.3894866218961108,3.3613595890711001,-1.4692994556830152,,0.07561932820644186,0.1724137931034483,0,5
-0.96206681881071321,0.27278590790022722,-0.0039095516984945381,-0.27012491430164232,-0.95449341140163357,-0.1263916858990449,-0.038209512126758403,-0.1205411798595033,0.99197270987719921,-24.599498193289691,7.8837149977396166,-2.3639405742763944,,0.3395103880699469,0.2727272727272727,0,5
-0.25855960814685469,0.95986813997176856,0.1086281864990976,-0.96497207105722038,-0.26182194823612498,0.016678414234553272,0.044450321871550173,-0.10051080185222711,0.99394252731057753,14.856281037330721,-25.394125560656558,-0.82027829140526221,0.4635624238567794,0.3505237554529383,0.3,1,5
0.96225931939580345,0.27080510565315369,0.026862557363560659,-0.27211575988824382,0.95634712456008542,0.1065513517797937,0.0031647205832417802,-0.1098397564538539,0.99394427029174481,9.2796716755889292,-24.00465906694232,-1.0083415383285477,,0.5287554591182368,0.7627118644067796,0,4
-0.98312231060420441,-0.1615324750598458,-0.08589401546843238,0.1748949817074156,-0.96759096360746755,-0.18215233327832001,-0.053686755962842253,-0.19410045503865689,0.97951148313226699,-20.614861882637172,3.831120996167328,-2.2381882572504352,,0.255240675442092,0.1136363636363636,0,5
-0.1334154214542817,0.97963199993527172,0.15007154967213829,-0.99091064410412311,-0.13448765468658491,-0.0030275630554529392,0.01721687309964369,-0.14911141954834509,0.98867050317127858,-6.6605109205461872,-22.810421216466239,-1.6081389539522364,,0.4070290679003221,0.1176470588235294,0,2
-0.9786185443352492,0.20566073862178971,0.003066801705243562,-0.2042605357146707,-0.96998881943004434,-0.13190649616401129,-0.02415322406460756,-0.1297125698236315,0.99125741913845755,3.0924099773177152,8.9504744292391649,-1.2972233206144483,0.4093128872110996,0.1683307773357276,0.28125,1,5
0.4641492642192922,0.87080852238832196,0.162043135802036,-0.88514926389680637,0.4492272305384396,0.12126696155880851,0.032806114485434613,-0.1997183333563326,0.97930401110877585,-6.0435270934862046,10.42272889896398,-1.5549388941595932,,0.1255853609096073,0.1363636363636364,0,4
0.95625310259845853,0.2919832441229972,-0.01804962388064096,-0.28889434675639991,0.95224622675378801,0.098829044543430292,0.046044111274032393,-0.089291146171299962,0.99494071734571232,10.439199133323539,-23.74569973130329,-0.96408509386097474,,0.1049880731759929,0.1764705882352941,0,2
0.15238856924564359,0.94086876454338586,0.3025618810588484,-0.98791840474763248,0.13627944650300169,0.073791178481773842,0.02819484924874012,-0.31015138298488781,0.95026899881475801,-21.90988914169694,1.856507460502399,-2.3602110657309363,,0.3485259855415466,0.2647058823529412,0,1
-0.64581841390376904,-0.70867689133088518,-0.28406978008301559,0.76261169017768815,-0.61661421470797684,-0.19547460250476331,-0.036633130730940273,-0.34287603286560858,0.93866609602093964,8.0417902792796099,-22.099679866365491,-1.0476548264012953,,0.5032938828157993,0.3529411764705883,0,2
-0.87897533260548877,0.47397699175995628,0.052423047920299531,-0.47671490704148728,-0.8705904061212304,-0.1217178794347759,-0.012052471758849839,-0.1319778619763739,0.99117938935020666,-5.7166587556627064,4.2785524338092964,-1.5533287597936876,0.2465533220912647,0.3042512593570159,0.3532763532763533,1,5
-0.88566565734749192,0.46431913356799548,0.002021286199892558,-0.46409538671183842,-0.88508564849118643,-0.035197540648829843,-0.014553880170770779,-0.032111322576355378,0.999378330530722,-10.588161774296401,5.3147107346757707,-1.7401636503505267,,0.06898271776595674,0.2714285714285714,0,5
0.52084228553700618,0.85348575548736993,0.01689315769006218,-0.85289018817372397,0.51943865073152629,0.052552973685622888,0.036078255412060917,-0.041779819367311483,0.99847524064448245,0.77356165203352134,10.377395799742891,-1.3630727840746961,,0.07009766974006496,0.2222222222222222,0,5
-0.38440005236525498,0.92279091407303793,0.0263349320454336,-0.92307668427195,-0.38460435423192613,0.0029875841992057558,0.012885445087130879,-0.023160734230405641,0.99964871114547849,-14.728775672880429,8.9763966594037754,-1.859333470069418,0.2193167870766277,0.1083921585299625,0.2727272727272727,1,4
0.38561765228058792,0.92172102564981195,0.041585780318118742,-0.92205115604268473,0.38333679017853001,0.053615025281831069,0.033476736548792803,-0.059019116993402537,0.99769537031067879,-13.260539878406011,11.02895457753041,-1.7815453733651652,,0.08003177608388168,0.3888888888888889,0,4
0.91779581464173909,0.39627678938165989,0.02481025641685761,-0.39560939154070929,0.90734956800319322,0.14216177675173,0.033823837022083657,-0.14029065414981309,0.98953245545930513,15.64326273537421,-25.732482322836379,-0.79253295397692702,,0.1674309892670769,0.125,0,3
-0.048997053761227601,0.97323044033852135,0.2245479875688198,-0.99854097231289762,-0.052839572423219412,0.011131316119140861,0.022698355339809569,-0.22367496414355101,0.97439945355087743,1.556902711061952,-23.604926463251051,-1.2950821253582108,,0.4615905516406265,0.2105263157894737,0,1
-0.72362257614288406,0.68733592752361428,0.062766950153634454,-0.69018484552588277,-0.72009809106329037,-0.07143961263485861,-0.0039046514248113752,-0.095016114329403101,0.99546807669306636,-9.1208500602063509,2.2603236203060528,-1.692752962799478,,0.07091316509564201,0.2553191489361702,0,5
0.99930739613726016,0.023062774317114919,-0.029203363952939279,-0.01831295753268198,0.98796687670984995,0.15357762242785131,0.032393882320219058,-0.15293645400944561,0.98770495464143626,22.436269423283079,-25.127409480643038,-0.58724784873323821,,0.3677267939647552,0.1304347826086956,0,5
0.2481429669763246,0.94008502778525971,0.23380592052848681,-0.96824456415306148,0.23310019710951321,0.090370139402087574,0.030455408850207859,-0.24880602613580821,0.96807439250827876,-32.18854266016541,4.1801506504721706,-2.7472290691680112,,0.2582871763278948,0.1428571428571428,0,1
0.99955243022632867,0.02686225338158954,-0.01316657024069735,-0.025025188419817442,0.99196799710360217,0.1239888408963494,0.016391435971035768,-0.1236038513377755,0.99219625516390453,-2.0606279312041522,-26.829514114918961,-1.396652086295407,,0.1986110659853306,0.3043478260869565,0,5
0.2266074870783088,0.96773003731563434,0.1102162496056498,-0.97352503128199952,0.22156362815340649,0.056201175671694192,0.02996765368586192,-0.1200338850349341,0.99231739185402978,-5.6371795005390197,16.505575084908369,-1.5363012496349051,,0.6063518779054926,0.5714285714285714,0,1
-0.9956093663151917,0.09358172179650788,-0.0021097514222358869,-0.092215785692304805,-0.98444824495269079,-0.14952558937759791,-0.016069803191499789,-0.14867452490311889,0.98875560532935458,15.183728315034219,-21.988974980778689,-0.82868346163926132,,0.2651038289142537,0.2666666666666667,0,3
-0.99237019798137149,-0.1125840421788738,-0.050261551956528511,0.11927394426420759,-0.97987073144899339,-0.16008458973078479,-0.031226853476966791,-0.16485806955160109,0.98582285453607099,-26.46723777348998,4.7203452375061659,-2.5022442356861432,,0.1082741940151686,0.3636363636363636,0,1
-0.99758793572921811,0.065588286354025374,-0.022726354319602932,-0.061971133806469618,-0.98903074601987528,-0.1340811769120121,-0.031271217793018689,-0.1323493865513248,0.99070972076447783,8.9260346315587356,5.1607782959167707,-1.084796856979735,,0.1438060505592172,0.3333333333333333,0,2
0.57875247131882823,-0.79909729466972268,-0.16275469453714611,0.81549719108170671,0.56633479608133264,0.119286336540956,-0.003147742078965799,-0.20176325829805161,0.97942926203006531,-30.11417053944766,1.544660712987991,-2.7385584782464849,,0.2933215478196809,0.3793103448275862,0,1
-0.62106646448005143,-0.77781647841283352,-0.096322233195186971,0.78296543691744624,-0.62126035671418345,-0.031633744135642843,-0.035235937491750247,-0.095063637027123921,0.99484739212818651,-7.6123156256457207,10.73240803388828,-1.6089205416163517,,0.1123835682092525,0.3103448275862069,1,5
0.28222738642819639,-0.94513323246759229,-0.16453229237833139,0.95919080472771245,0.27490025551208508,0.066203093924626422,-0.017340774945545409,-0.17650218810187471,0.98414748646711359,1.8766812964996971,-28.042053298482681,-1.2418428971109396,,0.233769944022728,0.4375,0,3
-0.90754517657615652,0.417673977476201,0.043705846434590349,-0.41957824295280449,-0.89740400394408693,-0.13645567685427981,-0.01777218371476743,-0.14217771359932671,0.98968158881615942,-10.600213663751759,1.530678559463013,-1.7482177270584345,0.3234982975974373,0.4242714705868245,0.4536516853932585,1,5
0.73920457671499118,-0.65221445181842919,-0.16790742271500861,0.67346339166395908,0.7176444602863884,0.17729492014362769,0.0048635226007224929,-0.24413671878569229,0.96972862631174717,5.9859888300588304,-28.322592839335769,-1.1247981994152922,,0.2005230589154205,0.3809523809523809,0,1
-0.46600897872830133,-0.8657057015894698,-0.18272731043850471,0.88365066828190186,-0.46581190351278667,-0.046698682965829477,-0.044689240198894122,-0.18322911553920199,0.98205395118046723,-13.16312748122394,4.0924665978986354,-1.8633911779564771,0.4537730631513653,0.2041991175662066,0.2625,1,2
-0.51590283968971096,-0.85006278221732445,-0.1060071992321001,0.85657460523046725,-0.51350411787669659,-0.050926089560706697,-0.011144759950835839,-0.1170759890524848,0.99306042470386513,23.249535229841001,-28.30253924951926,-0.55869655169258103,0.3568248643876449,0.3423475888172731,0.1428571428571428,1,5
-0.96090400365231321,-0.26510903202730651,-0.079879264534033129,0.27604827325886322,-0.93964574585178151,-0.20214653876197769,-0.021467337882315082,-0.2162939514646498,0.97609224972030828,-9.102449980743927,8.5042914454469383,-1.6636393026820067,0.4070987543971002,0.3550959535309208,0.2021276595744681,1,5
0.46182967117844709,-0.87156090745077885,-0.16460540520524261,0.88693984218072031,0.45229714165255808,0.093621642825602647,-0.0071464097032226098,-0.18923234463616551,0.98190633390963156,-2.2113490795938162,1.312304505168242,-1.4302909686367362,,0.2482340268121921,0.2044560943643512,0,5
0.72514109982904018,0.68634857583583131,0.055641870806577162,-0.68749114927451571,0.71702122225612586,0.11504993048036399,0.039067953720859819,-0.1216807268323836,0.99180012891187264,-5.098218296990467,-26.404852130805079,-1.5163362528765503,,0.1247664206277988,0.3928571428571428,0,3
0.99811663921402438,0.060842792390637009,-0.007831292243970462,-0.05872623072332081,0.98459389476751924,0.16470000671389859,0.017731450846783809,-0.16392991490462261,0.98631261709978679,-10.9419278158997,12.78865387017672,-1.6962840956469931,,0.3889134584263948,0.3469387755102041,0,4
0.56658383890120134,0.81049069249126393,0.14861894522909189,-0.82383050660461943,0.5534726410501839,0.1223573945313863,0.016913009299131952,-0.1917625432506688,0.98129561148640709,-6.1168607253275979,-26.7981952823847,-1.5396118674974362,,0.2651666999923746,0.25,0,5
0.39472546578056539,0.91252895668675382,0.1071574069885123,-0.91642846920763366,0.3826476674706667,0.117216139695065,0.065959589826427245,-0.14447029378887599,0.98730829365628581,-11.72824384556532,10.038201624335271,-1.7518398694558681,0.5420822231600748,0.1941033978803681,0.1666666666666667,1,5
-0.86013773806735494,-0.50876041031544283,-0.036413135652331612,0.50892156241076447,-0.86079601726513988,0.0053907303640781598,-0.034086872337590668,-0.01389465926657053,0.99932228213830265,15.70217064544039,-5.3977039451384172,-0.86105429866479455,0.3634072266273534,0.3863829581622973,0.9304347826086956,1,5
-0.47646066228052031,-0.87832987241637028,-0.039011184553276859,0.87879410238072087,-0.47711505456128078,0.0090636820248998426,-0.026573726123189721,-0.02996431097202177,0.99919766670459209,16.235191552038739,-10.228878641467491,-0.80867005501943712,0.3750345785949837,0.3328645714723747,0.8409090909090909,1,5
-0.97399898245685546,0.22629207596066739,-0.010857187961005221,-0.22149164131601509,-0.96122035047390664,-0.16430730556477621,-0.047617591288795467,-0.15763037204876021,0.98634944659974411,-0.25465437137151531,18.915455361515139,-1.4408438872025433,,0.3011775086475367,0.1764705882352941,0,3
0.5299870722139145,0.83825741167485268,0.12821160266645121,-0.84725868362985512,0.51708822544062771,0.12154213312456,0.035586883818739867,-0.1730441529865708,0.9842709458361717,9.1248567301380206,3.4447696641988439,-1.0679163267412357,,0.6830423718022061,0.2083333333333333,0,1
0.60600303835576186,0.76765167908269971,0.20849752301909,-0.79478888793883484,0.57353796326921014,0.19840571639435101,0.03272523663068528,-0.28594598142047251,0.9576867726960353,25.78930973146063,9.5623715492872634,-0.94750794761536838,,0.6193551957803676,0.1944444444444444,0,2
-0.74969046168044517,0.65852267014618704,0.065666616852841267,-0.66178787408966422,-0.74583828440376887,-0.075908255318682227,-0.0010106301224743831,-0.1003650657409223,0.99495016568950656,-13.547189930155501,8.5922252773774801,-1.8279564630208367,,0.1018278684503041,0.2068965517241379,0,3
0.96881120504956375,0.24489242052484231,0.037849059960533622,-0.2461539547452235,0.93350754380565404,0.26071420410330892,0.028514549508956408,-0.26189953804353888,0.96467380623653443,18.972718886778889,-23.141196156640589,-0.70068147858668961,,0.4591385212551341,0.5,0,5
-0.78655366941562677,0.61744182090156796,0.0099460007323702738,-0.61749634777160256,-0.78627248559978491,-0.02176784044106226,-0.0056201083214062137,-0.02326319390134373,0.99971357807722283,5.1364821830371454,11.99070679959874,-1.2632877153798756,,0.14060156637351,0.4,1,5
-0.43459796502246723,0.8775487518094498,0.20256553753293821,-0.90012708271206265,-0.43070348595131558,-0.065312649292900482,0.02993064928468538,-0.21071947083044509,0.97708825642637598,-4.9730975884290558,15.7764926769062,-1.5194816141193399,,0.5592083062120325,0.2857142857142857,0,2
-0.88078379936635054,0.47330191699848712,0.01432459909855191,-0.47253005772980461,-0.87658893051556319,-0.091143795397433849,-0.030581748080259499,-0.087046782037816101,0.99573471086490561,8.2082838681545809,-27.344014243481439,-1.0462603400648378,0.5769284592417498,0.3310717637976477,0.375,1,5
-0.99185409958307047,0.12650421434958389,-0.01490398913211884,-0.1248097252649345,-0.98855395992996775,-0.084756125360181428,-0.02545540452531388,-0.08220554761434129,0.99629025405344518,-16.176540915560821,3.4957167311347059,-2.0123767140977309,,0.1134187540214612,0.4025974025974026,1,5
-0.79643529675268021,0.59861157281788968,0.085761313976420797,-0.60471258636005609,-0.78750898585960583,-0.1189633770876857,-0.0036750488706288401,-0.1466075785178502,0.98918790527226463,14.26577644174114,-31.78802905841518,-0.83954671939902159,,0.2728826403824626,0.2142857142857143,0,2
-0.23805277418957069,-0.95086609698421598,-0.19795085831249651,0.97051560451596242,-0.24081560655509801,-0.010358814146303189,-0.037819810835945933,-0.19458034136444771,0.98015720813695462,-4.1655000792009673,10.07199449018194,-1.5093741178889102,0.459808031642664,0.3114778967094997,0.4705882352941176,1,5
-0.40025292753120228,0.90327628354485123,0.1545624455943434,-0.91637717067510871,-0.39319946339295492,-0.075146943071399339,-0.007104580788891487,-0.17171528054571791,0.98512100137948544,5.1724781358488769,17.846244520272791,-1.3184547253588654,,0.4274084496834576,0.1666666666666667,0,4
-0.1129367013255672,-0.95151564129449495,-0.28611760845083423,0.99322992153164213,-0.1159942551555954,-0.0062972807739357572,-0.027196037725131829,-0.28489176390837251,0.95817381428905091,-8.8242202280861193,12.84143358636214,-1.6429214185584999,,0.3039413121206263,0.4193548387096774,0,1
0.50024274288140691,0.8651530324595853,0.035600963757614741,-0.86497137337292018,0.4974037937050228,0.066437860089078149,0.039770861693599002,-0.064028871876955148,0.99715524474693185,5.149082071714389,-31.54615979134169,-1.1303773957662986,,0.2576778138548527,0.3703703703703703,0,5
-0.39478106127070339,-0.9146598066359477,-0.086863984404749253,0.91793002307353722,-0.39670554836341132,0.0054019105788045037,-0.039400335051790858,-0.07760248721772095,0.9962055348046559,10.80329537034709,5.7367716409825391,-1.0458667337166292,,0.5591703635210191,0.8169014084507042,0,3
-0.98560117833392535,0.16855256286854189,0.013429475686901469,-0.16707521753642129,-0.95858524772206832,-0.23065167360064681,-0.026003633437201471,-0.22957429385727851,0.97294370579597067,-10.6430904819631,8.0350424607231332,-1.7316871399997529,,0.2139787175808653,0.125,0,4
-0.88727435814721323,0.46107459240991527,0.012427131949197919,-0.45956777912527519,-0.88143917253238135,-0.1089148360660501,-0.039264102744295017,-0.1023484506940031,0.99397340249939492,-26.04879636511674,6.4737715032118794,-2.468163178491793,,0.1935074585789767,0.3684210526315789,0,3
-0.82174270228989965,-0.56541023012535652,-0.071064779623131735,0.56862661680803905,-0.82176118155506739,-0.037044988144997307,-0.037452661998001173,-0.070850773875877682,0.99678356023283832,31.347995887370459,12.600508640568989,-0.952743157159326,,0.1668035568561115,0.3125,0,2
-0.97625821969678062,-0.20334318728927769,-0.074642056894956954,0.21451552576318661,-0.95540744639279918,-0.20292782111808641,-0.030049587035696781,-0.2141218334505571,0.97634464343220306,-9.8676441512644999,13.849580687063989,-1.6525474308550467,,0.1347266450515427,0.1666666666666667,0,2
0.17959561455875481,0.97082101035214596,0.1589087193646159,-0.98283158885142718,0.1701308500776666,0.071397211483575501,0.042278637478555127,-0.16900313520964511,0.98470831066984887,-1.6629697812972779,14.308597153805829,-1.4509344037708289,,0.2661626855449423,0.1578947368421053,0,3
0.95784561790655742,0.2868268435284218,-0.016190555541070888,-0.2849191628817459,0.95566842973565913,0.074289454361612203,0.036781012492473147,-0.066544828785587068,0.99710528174407276,-15.882246397076219,11.166132872177171,-1.8692088957642436,0.2724786702364279,0.1542145412023322,0.3902439024390244,1,5
0.1081891320412406,-0.99161209318155208,-0.070714696946703307,0.99395002491578965,0.106540805006492,0.026690913031786619,-0.018933031401884799,-0.073174541506385471,0.99713942194522931,-15.70597281870684,9.7879888055085473,-1.8763747418391141,0.7776379297677356,0.6922483387826806,0.9851851851851852,1,5
-0.71348913825573024,-0.69766392724451276,-0.064794245214044865,0.6996927574343802,-0.71431786863387414,-0.013417441791645361,-0.036922822007103201,-0.054909263081211933,0.99780843754846515,-18.74812762515938,8.0047727989642397,-2.0550994488136576,,0.1190836831990335,0.1666666666666667,0,2
-0.91685671527796198,-0.39714577242251081,-0.040607869885470903,0.39819078686509218,-0.91704454743797792,-0.021757648541024729,-0.028598267525619139,-0.036118325836107183,0.99893823914861313,3.4450955037156059,18.730198796426748,-1.3547131602554925,,0.2792595984854716,0.7555555555555555,1,6
-0.96492690082023513,0.25987313559899072,0.037175656919601167,-0.26235534820745648,-0.94961309560077523,-0.1714778117730002,-0.0092599859826882468,-0.17521678588953971,0.98448632829620264,14.05245624437819,-21.550890381750971,-0.86173386714492373,,0.5477004793152108,0.3043478260869565,0,3
-0.8981455291128646,0.43924525291350652,-0.019955358366146179,-0.43923546747125092,-0.89835746689497709,-0.0051054666144666012,-0.020169597167105421,0.0041796491466923888,0.99978783643487412,-3.2195602822643821,7.9814350669285261,-1.4766329641978264,0.1733251369162007,0.1124633543226368,0.5510204081632653,1,6
-0.067648873995553846,0.97568270624237863,0.2084871377008238,-0.99746351846961567,-0.070776125723820235,0.0075676515340670613,0.022139538598370759,-0.2074463708216526,0.97799583028946335,-20.121781232726331,22.758558230705152,-1.9547136524935684,,0.6360513163846414,0.4444444444444444,0,1
0.55150264321952325,-0.81066137323908238,-0.19665444937759241,0.83416166290397331,0.53471388415293086,0.13511247993935921,-0.0043766040667305352,-0.2385564923287791,0.97111875962965111,-33.591854400958198,0.052508843487174772,-2.9169488635351266,,0.4495746125603579,0.2121212121212121,0,1
0.93354719961521326,-0.35160205135068351,-0.069754021938413055,0.35800084645889207,0.92432917922644209,0.13210209069234569,0.018028311770933801,-0.1482955357270182,0.98877874878970107,10.126595223876899,9.0651458817898742,-1.1000716194325662,,0.1004037730081436,0.5,0,1
-0.95158976833038489,-0.27969942079760951,-0.12745645065827441,0.30012701052663687,-0.93500837615908405,-0.18889974606837301,-0.066337699396854147,-0.2180081891072754,0.97368975506621103,-17.42992156959437,3.273185292519798,-2.087336391736947,,0.2326010235103116,0.1578947368421053,0,3
-0.84649826581129373,-0.52479517759334704,-0.089614215129296002,0.53110430971795075,-0.84410051611227011,-0.073637836049265853,-0.036998623994570518,-0.10992879638096061,0.99325060359847861,2.8312186119643741,4.5586637751533488,-1.2647481551995348,0.5693914501251595,0.5280972867001508,0.3565217391304348,1,1
-0.0076072182430087197,-0.97181579454787181,-0.23561874224664911,0.99763219704800354,-0.023481911783238909,0.064642085611301067,-0.06835297830949158,-0.2345690970402832,0.96969335826844227,14.53133389175593,12.47885207043856,-1.0591449648383191,,0.2683773304561753,0.3,0,4
0.26004572199719761,-0.94329505307512818,-0.20632659866083,0.96546585939844864,0.25049326195319532,0.071615641113257286,-0.015871257258680278,-0.21782462799242619,0.97585887024353568,0.1229330292603663,-31.444399954645629,-1.2919292407951082,,0.1154360172607022,0.1052631578947368,0,1
-0.49485183477515648,-0.86601926108105265,-0.071640079957295211,0.86817433312833803,-0.49625499269515749,0.0020759388944875711,-0.037349550423341607,-0.061168796471367332,0.99742838811686996,-1.684731859257965,15.88869289513431,-1.4485005309295285,,0.08630570406814785,0.2,1,4
-0.92056644633281182,0.38625723875761708,0.057989338619439307,-0.39020471055070127,-0.90291687390736941,-0.18022597669977419,-0.017254035766229421,-0.18853769999839609,0.98191437199436737,37.851931988979977,9.1076428054510927,-1.0419506806542382,,0.3638716821360513,0.15,0,3
0.91468765108929628,-0.400437515285265,-0.054738444414408637,0.40370030025189901,0.91169379795179217,0.076423074740315899,0.01930203412267309,-0.092001169168659913,0.99557180371398979,8.132546576514784,-31.48727273694,-1.0345828909313508,,0.2478783605951589,0.5454545454545454,0,3
0.97734339971315243,0.2113630269851198,0.011204903427697,-0.20907701675683751,0.95581869988511203,0.20663352587127459,0.032964831278161112,-0.2042946004514585,0.97835424878986477,12.75454498663211,-25.44353234866648,-0.90157257847946093,,0.1922133574845364,0.625,0,1
0.60154869447714099,0.79809704882091137,0.034355040913960619,-0.79778589088812824,0.59799745153924833,0.077050115200437447,0.040949242638705287,-0.073757363130178583,0.99643515138286853,-2.2873885141806061,16.694774929199578,-1.4632023118657562,,0.08394077267203136,0.3333333333333333,0,3
0.88575966019862795,0.46280041791243892,0.035293024025760608,-0.46268507664568143,0.87439421535606598,0.14614128780474611,0.036774233019750788,-0.14577561295333871,0.98863396990690511,4.8841326914703131,-25.582093205783071,-1.1682317113554535,0.7149028285986058,0.5425212012785432,0.8295454545454546,1,5
0.22200175269750971,-0.93925909693028631,-0.2617395091172447,0.97414260261654084,0.225209863723907,0.018075039389475078,0.041969174005519277,-0.25898429704358861,0.96496928568640572,-2.3597367047658508,18.241053813631279,-1.4701130678018492,,0.6918130499569844,0.1904761904761905,0,2
-0.8194084225946191,0.55747481379712693,0.13338541510546531,-0.57313012207894865,-0.7929160126493302,-0.20689625431616021,-0.0095760193592231459,-0.24597973263288639,0.96922766726248899,-8.6173074290156251,-32.115634799347987,-1.5332130131489632,,0.4972229473582905,0.2692307692307692,0,1
0.115211412923478,-0.93335350587871646,-0.3399670033931011,0.99312578580905819,0.1011066126043044,0.058979881729484269,-0.02067616727821368,-0.34442515290203768,0.93858606965748836,-0.30901368017964609,-29.39995994073335,-1.3108181231783018,,0.6520473048929191,0.75,0,1
-0.79382915012666777,-0.56654284194268356,-0.22105313536043761,0.60699430405357702,-0.76044520369069102,-0.23082679010534549,-0.037325530882844127,-0.31741502867276311,0.94755184782521684,-5.7475982072778891,-27.89343676838233,-1.5129110297190262,,0.1917440441793352,0.1111111111111111,0,1
0.8420635585387416,0.53868296181026842,0.027379372461539729,-0.53139913478746048,0.81983825146410239,0.21326087541652211,0.092433343162569653,-0.19412858648740969,0.97661157528476505,-9.3043278596645678,15.86249910384927,-1.6123921435086699,,0.2873026186863146,0.2413793103448276,0,2
-0.9740450108281008,-0.22302810053523561,-0.038662426883617658,0.2243638493268259,-0.97389366022270663,-0.034525377525377883,-0.02995296306103222,-0.042303722645476348,0.9986557039611802,-8.3672205625324807,11.50523406829274,-1.6372627970232172,,0.08517852629897735,0.2173913043478261,0,2
0.94756406783342761,0.31954198880868029,-0.0039057315780554789,-0.31767251018067849,0.94320809105026016,0.097173418447795354,0.034734905016039062,-0.090837296115180016,0.99525980126196645,27.871169334776649,-21.563102903541829,-0.46661845108926786,,0.2681610943527153,0.125,0,1
-0.60783917286821054,0.76577016918865159,0.21006567522485381,-0.7940399934036213,-0.58428332445277287,-0.16767076561521679,-0.0056593994793612216,-0.26871740685560308,0.96320243274730843,-0.33691460481608709,4.4682346758915799,-1.3665983655328204,,0.4562687344907077,0.156043956043956,0,2
-0.99356015802027797,-0.1017243899044302,-0.049903515840989267,0.10901308460666,-0.97829284234609903,-0.17623638103108069,-0.030892714015793601,-0.18054158278070601,0.98308208055470947,-6.7748518754759166,2.319583800102833,-1.5838461677371489,0.4348884311763159,0.6173126612142682,0.3167372881355932,1,3
0.21421316010874969,0.97014509062711574,0.11371554497221981,-0.97650123919658816,0.20987883610328459,0.048951036796566053,0.02362312180367564,-0.12152932686408,0.99230669191949561,-4.0387346461192237,-26.939626382482711,-1.4736434871384145,,0.2182347461212418,0.1818181818181818,0,2
-0.88651176287438715,0.45956640895744622,0.053810872909694558,-0.4624263215516502,-0.8759208212851548,-0.13756675461516751,-0.016086995417291979,-0.1468381101659138,0.98902971541877693,-17.871844139408751,1.269778296314541,-2.1342952875782419,0.469590381598342,0.2753811833513364,0.443609022556391,1,4
-0.73042602106586685,-0.67787702207365697,-0.083430034726333382,0.6812725912219928,-0.73179292422318576,-0.018621828764937509,-0.048430199251684028,-0.070440464233493164,0.996339629242465,-0.76951871662120652,-36.816462583665412,-1.2735360048296291,0.356474418447436,0.3255572877064265,0.7857142857142857,1,3
-0.76203641734913896,-0.64498740712734826,-0.057373715940573888,0.64655887234041043,-0.76275722042483862,-0.012768997128658871,-0.035526373746646148,-0.046825925905581108,0.99827111018575465,20.854279215535509,8.6671882890742609,-0.9590422667892311,,0.1032764128524861,0.3125,0,3
-0.52057567884822975,0.83657616556372494,0.17070817731555801,-0.85369236776931778,-0.51338703182731193,-0.087424806342129485,0.014501855195834881,-0.19124349599983231,0.98143549020485354,2.00236096528397,-24.99941361164295,-1.2660316910696012,,0.2968312774551602,0.3571428571428572,0,4
-0.91715449350460576,0.39450202167666398,0.056531318199169608,-0.39814252678333112,-0.90072519294127806,-0.17371429177670741,-0.01761145680786912,-0.1818303651591871,0.98317218985037513,-19.140977424657539,0.75993488236275653,-2.2268683701254117,,0.5039250571952074,0.6,0,2
-0.97873618223760206,-0.18634427298660719,-0.085739707860798625,0.20243871115351639,-0.9448998802712042,-0.25726014944014652,-0.033076484176306618,-0.2691468524589431,0.96253099586765378,-11.01468559041257,14.65692034537804,-1.6659763869152897,,0.4071677800144143,0.1818181818181818,0,2
-0.95170251730683941,0.30588173272978919,0.02643263388403579,-0.30638304402532518,-0.94064639936755279,-0.14599240285245829,-0.019792647261076331,-0.14703984813335649,0.98893252255920805,-19.10899811686042,5.0538617164390303,-2.142395063778094,,0.4884917069458809,0.125,0,1
0.75850181288986063,0.65001168197369485,0.046473789823120067,-0.65061123170384749,0.75127496063926014,0.1108645962301807,0.037148688046792541,-0.1143273668646603,0.99274832065443241,17.5657164856168,-26.9422289653244,-0.7377677945406238,,0.2715322999242499,0.3,0,2
0.99017477936245513,0.13980386227627839,0.0029641874347667218,-0.13661287637335939,0.96261504645173201,0.2338999665534964,0.029846747285261509,-0.2320067939465672,0.9722561489849908,-7.1046962336923229,18.5094200650347,-1.5634636454991044,,0.3220387131946228,0.4666666666666667,0,4
0.94603899756189114,-0.3190281503205582,-0.056844123664065417,0.32348835431331618,0.9400967548793645,0.1075796267373655,0.019118046860351401,-0.1201629342531709,0.99257008292407933,19.508225819989661,13.94840393870129,-1.0438286655389328,,0.2937210532591516,0.6666666666666666,0,3
0.97349667908277826,0.22839092741035269,-0.011907984356777909,-0.22634335853280049,0.96961083397762338,0.09286288107371049,0.032755150173589959,-0.087706413162646976,0.99560769644837954,6.6654959115407726,-25.318858727244361,-1.1119924573101094,,0.120161076984228,0.4814814814814815,0,2
-0.86591359390407818,-0.47625986955850719,-0.15287309946566169,0.49775578544998739,-0.8505999263181705,-0.16946664391139149,-0.049323685417764912,-0.22283694037488,0.97360714462311371,-19.99240746206922,2.5526170239700998,-2.2385847812839397,,0.5197263624312426,0.3773584905660378,0,3
-0.9099791084871135,0.40841266970988488,0.071673658602323415,-0.41375652848948868,-0.88297489117413852,-0.22172252183381211,-0.027268246172516549,-0.23141830691728499,0.97247211269743472,-16.317298338546269,7.7497480527431719,-1.947487650270221,,0.2434056787909282,0.1724137931034483,0,3
0.28319113750297431,0.95762891644306813,0.052436991064012221,-0.95899237905545331,0.28208077015513822,0.027641563310465592,0.01167889349783895,-0.05811452056723785,0.9982416069999821,3.658082544928817,4.6118043019075969,-1.2434672977116745,0.6596814646176147,0.4238997798169988,0.2206896551724138,1,3
-0.60708925918315748,0.78977408944026339,0.087746903268707585,-0.79463184515945184,-0.60361034785271606,-0.064921326415964015,0.001691757349601111,-0.1091395236104966,0.99402500086423573,-17.946349610991579,17.941801802750319,-1.845935103080542,,0.2961808522110337,0.5294117647058824,0,2
0.24257906578767499,0.95815818930488794,0.15194828432580859,-0.96965738985124827,0.23457118324874929,0.06885423949289983,0.030330564591559719,-0.16404037386344739,0.98598722739916722,-40.085804169106673,3.2567478798542311,-3.1184787794077207,,0.4181564011824012,0.3,0,1
-0.088645758829026616,0.97468956969986387,0.2052368684226121,-0.9959187225933771,-0.090240523495514854,-0.001595589932295386,0.016965477582510189,-0.2045406821088411,0.97871103086296507,15.42926774781515,-24.426030815313151,-0.80887034300331928,,0.3886439432615169,0.44,0,3
0.25281099340697938,-0.92246793693559137,-0.29178674907947699,0.96649959229767435,0.25460494804005168,0.032478585590377328,0.044329896244014441,-0.29022271751073542,0.95593181479626388,18.218935991507781,10.548745787709009,-1.0098355411642534,,0.6385436257382331,0.1923076923076923,0,2
0.92526094773499146,0.3758013899231939,0.051628421710735728,-0.37766214250110258,0.89986396838457128,0.2182112383096915,0.035545530211588558,-0.22140043752207811,0.97453494629336401,-4.4843407514254068,-28.959396215013271,-1.4507903968265867,,0.2615121016765311,0.3846153846153846,0,1
-0.99759573683068514,0.067032211171548117,0.01759058051051629,-0.068463488429738886,-0.99261343249426959,-0.10015649945947901,0.010746934878139521,-0.10112000938191509,0.99481618759111867,26.118234465704258,11.72960393809984,-0.96509762688085765,,0.3509748387415068,0.1666666666666667,0,3
-0.38660329443908431,0.8961642220286945,0.21777874066251679,-0.92217796527001705,-0.3785127028309756,-0.079472851754805382,0.01121129338204838,-0.23155522225010311,0.97275715671970642,7.9043506046255061,7.3161560493065281,-1.1272834488799441,,0.1641707834771697,0.25,0,1
-0.57181074121387754,-0.76224722760134767,-0.30333420553326162,0.81959030134339594,-0.54704961341078784,-0.17031869659831489,-0.036113905580498581,-0.34599983306522952,0.93753927989314456,-17.40842242851264,6.737885267820019,-2.0225523750079137,,0.6166065522389292,0.1904761904761905,0,1
-0.075567571519493171,0.94714930663567065,0.31176550975727813,-0.99690016739220988,-0.078628492959535681,-0.0027597732329130739,0.021899734884950849,-0.31100763822530381,0.95015506659570492,2.77772101461386,19.452534785293491,-1.3747913622684,,0.3244654084556524,0.2,0,1
0.54862666600005505,0.82093171470838255,0.15836635103335001,-0.83558718898784368,0.53196580013159556,0.13713656365005009,0.028334271705073771,-0.20756566979225041,0.97781064719639699,-1.0782223327616689,29.612612515374309,-1.5600816571943252,,0.3201032501756324,0.1,0,3
-0.55274782580670689,0.82816007948230796,0.092847853059814578,-0.83334841746701671,-0.54923860638361932,-0.062188168995393263,-0.00050613355780044415,-0.1117489866157102,0.99373633717359078,-11.113583451463461,2.9360288601494058,-1.7657707525637083,1.783118272946207,0.5771741200315911,0.8106060606060606,1,2
0.89552528096716322,0.43519683911726242,0.092941822507562277,-0.44352882828167062,0.85583046198113966,0.26615108271100008,0.036285667029448188,-0.27956740075962511,0.95944015905148305,7.8951592746651036,-25.15321737933542,-1.0619545055901449,,0.5891419878342039,0.2285714285714286,0,1
-0.96644854641031142,-0.2424507807090342,-0.084822320617723074,0.25465793102677192,-0.94756148376486293,-0.19307141852303161,-0.033564047827398892,-0.20819426845835959,0.97751143281013775,-15.532300290200141,1.6699899285924,-2.0102230472780853,,0.2247390435489902,0.25,0,2
0.19035808317994449,0.97992039342781301,0.059328093786480067,-0.98128276406151926,0.18813399884496049,0.041106391648855579,0.029119359949044979,-0.066042569778018437,0.99739181962420032,-1.9826147244575909,-39.335010971619468,-1.2749648980736081,,0.3918820435441641,0.3571428571428572,0,1
0.93937155333041644,-0.32588630795253881,-0.106673328825269,0.34239771261445828,0.90829826830376104,0.24032907063602599,0.0185712463229501,-0.26228299618056111,0.96481228159915133,-12.222367105944191,5.1451292016852506,-1.8027682974538839,,0.2582075324534773,0.1940298507462687,0,1
-0.77713365467810591,0.62913600378319501,0.015848391412461721,-0.62619032066435332,-0.77048994157871842,-0.11929347103801841,-0.062840791472780877,-0.1026310804275956,0.99273254014227796,14.802450830299049,11.47092186149837,-1.0531041336838365,,0.3385727095118417,0.3902439024390244,0,2
-0.67562743536857339,0.73724199830969539,-0.001343318879360051,-0.73724034869595245,-0.67561859335723495,0.0040230044323198199,0.0020583566151887661,0.003708401046113914,0.99999100542441199,9.7468063511965113,12.738554242204691,-1.1546309885073276,,0.08453500858534581,0.2608695652173913,0,2
0.61806477881511013,0.76243506131373917,0.19154296245945221,-0.78527438028626018,0.5874413530166247,0.19559346725293969,0.0366070601695688,-0.27130321421890952,0.96179753020073289,-14.526396544701379,2.977963457486851,-1.9465801828592162,,0.4271832890975628,0.25,0,1
-0.84487600028102217,0.53432261224698174,0.026151294245292361,-0.53484435822349585,-0.84265407451341168,-0.062254503310546543,-0.01122749418343486,-0.066584207943833407,0.9977176387269362,-1.4381063721499461,4.1779989167706333,-1.3939267519640983,0.1993726930300419,0.1539970309309525,0.5813953488372093,1,1
0.96272810820046728,-0.26358139979369222,-0.060658349495742683,0.26965504400848878,0.95278197925607677,0.13961610668419849,0.020993973457394038,-0.15076918016514981,0.98834604637788637,-30.368017596410251,-1.142165145450079,-2.818340920380157,,0.6003041662377884,0.2340425531914894,0,1
0.2394421879991869,0.95529211223799348,0.17344860593857311,-0.97043896359285009,0.22990822832169169,0.073419510287223058,0.030259817365555851,-0.18590101356865499,0.98210241655702557,-0.36840989892144188,15.950764119422701,-1.4221113760351587,,0.148839718519212,0.5,0,1
0.53063405256869145,-0.79488451994250797,-0.29425516513783662,0.84758447805677239,0.49545214918282732,0.19007293449448801,-0.0052966793140259288,-0.35026528207329621,0.93663556272563031,3.6081924248257171,-31.587882816865569,-1.1831913720761602,,0.3767912582346772,0.5263157894736842,0,1
-0.73541323407781856,-0.65723403632426369,-0.16495695390046691,0.67658951471590079,-0.72561933727874595,-0.12531243331631631,-0.037336359218679789,-0.20376456724384309,0.9783077212289718,-3.527795879702154,14.26239790845327,-1.4897531322463315,,0.4774194820994035,0.234375,0,1
