axis_00,axis_01,axis_02,axis_10,axis_11,axis_12,axis_20,axis_21,axis_22,location_x,location_y,location_z,dbh,dbh_approximation,score,reconstructed,number_clusters
0.76598240785608596,0.64108447464539497,-0.047766591082371995,-0.62208168546291642,0.75791282960792428,0.1964243348654291,0.16212750373273999,-0.1207428634924117,0.97935480467961311,1.629016516836217,-27.998994657959052,2.1116373749484407,0.1210267161469248,0.2162775255010424,0.6153846153846154,1,5
-0.53449910699685366,-0.82747116565622969,-0.17205282510637823,0.82888796357641559,-0.55299088622327541,0.08453297340173363,-0.16509224226991395,-0.097429717034979671,0.98145402428273509,-12.783150123195805,-29.692420163407562,1.8569436203942249,0.3262409602434423,0.2538703439250187,0.5,1,5
0.68588516303588165,-0.70638093168496852,-0.1748928885893222,0.72685297609712518,0.65333913454549697,0.21173739964893201,-0.035302893167455336,-0.27234895744837334,0.96155070126894016,-5.5050022533096516,-29.016086850155652,2.1803881016676088,0.1899923953256093,0.1986597247738069,0.64,1,4
-0.8711621694299605,-0.45243233434547631,-0.19073923925817801,0.45659952379267404,-0.88934589314813439,0.024098904806044451,-0.18053628285302808,-0.066097391622141191,0.98134488605910686,-1.9112223268702906,6.0234887337722869,-2.0895377156965584,,0.1963178944064537,0.175,0,5
-0.32002292461093368,0.93648133346711604,0.14348532953273382,-0.94036861779293601,-0.33241064198985426,0.07218052204089144,0.11529176203730845,-0.11182967924279086,0.9870166829627488,3.556101114265247,11.287614315333842,-2.6237875154717547,,0.1627585167410863,0.1538461538461539,0,4
-0.43276173528381801,0.90140028595812782,-0.013957254341130194,-0.89752815312903789,-0.42934621887730939,0.10052382143817666,0.084619707012703119,0.056029892114492851,0.99483674860487614,-5.1799904196707338,14.897272256744344,-3.5087939246417972,,0.06157846057292619,0.25,0,1
-0.69304267336938308,0.7116957655722983,0.11480849339434479,-0.72013317578609137,-0.69080002938551077,-0.06483462449352298,0.033167182896009201,-0.12761056644117727,0.9912696309840755,13.041089431328251,7.0573961710253439,-1.937265302232668,,0.3444317058516203,0.2777777777777778,0,1
-0.55463220362785393,-0.82193750869637938,-0.12962195221836986,0.81471060935680184,-0.56809160251501667,0.11626931733432332,-0.16920325558446106,-0.041117671990404364,0.98472310592862089,-1.9491803052219754,13.935231568701578,-3.2457549009381124,0.08667423892697299,0.1074155779854237,0.3548387096774194,1,3
0.72430851250804162,-0.64870355710999328,-0.23358269135625345,0.68946706336377639,0.68319394992516669,0.24058511035012073,0.0035138646700062612,-0.3353054156712823,0.94210293013905366,-14.707994407043053,10.283484065897115,-3.4883738936396376,,0.2457603346716548,0.3333333333333333,0,2
0.73698608589148606,0.67292896632881949,-0.063388606846757525,-0.65483589180601476,0.73409768968871159,0.17969567829059277,0.16745585688463555,-0.090924079700162405,0.98167782277369908,-13.952716003050798,17.785577999130417,-4.4746992505957248,,0.06975446942153599,0.1428571428571428,0,1
-0.54904599372895202,-0.79933979929994237,-0.24414008688725405,0.81913309563460135,-0.57266408129116964,0.032814960536558101,-0.16604056253296354,-0.18196630252348606,0.96918460384989025,17.671676633388429,5.6899706383856659,-1.6635302835532582,0.7147131421346548,0.2506664270514428,0.2222222222222222,1,6
-0.22814536043496081,-0.94574847322205635,-0.23132124828936981,0.95819647931136231,-0.26023180741527802,0.1189071631344738,-0.17265341452549551,-0.19452308810917038,0.96558353685487019,-7.7736708300347228,16.476341664448217,-3.8608972213142421,,0.1451243434558976,0.2083333333333333,0,4
-0.82584076016009256,-0.55223466218091277,-0.11412237617634172,0.54142234569524594,-0.83308316063592536,0.11328853007570923,-0.15763528297960022,0.031769881189433025,0.98698621682835641,-5.8281752370499058,5.5446927244368256,-2.2634274785647901,0.1925789835114331,0.1730721766063731,0.7361111111111112,1,5
0.74113910643202663,0.67123333186777956,-0.012595201737820487,-0.64312406168503655,0.71523536157260748,0.27355039542622156,0.19262467702472136,-0.19463861833094789,0.96177520349369627,0.93249247530201129,-29.424206512091004,2.209479791112392,,0.3493974396360562,0.2777777777777778,0,5
-0.9943472340328392,0.016322967566337221,-0.10491491267246475,-0.020016655884185591,-0.99921280855594996,0.034250499338618769,-0.10427325476102058,0.036156934985683245,0.99389122362257754,-0.91584986077156616,13.331168125685833,-3.0871066027643188,0.8043102548245257,0.3678178819352258,0.8269230769230769,1,4
-0.97006763837553667,0.23491887431465597,-0.061497150074162336,-0.2342526231022351,-0.97201038711293564,-0.017930864850390096,-0.063988167236070703,-0.0029882830012644881,0.99794618322756923,-9.3692350405966458,24.523468484899102,-5.0908598548728161,,0.2501863614312737,0.5,0,1
-0.91449359890291204,-0.37647531097868042,-0.14821537635854459,0.37577315488423824,-0.92609505493630018,0.033800669976739285,-0.14998664485195146,-0.024784863244247186,0.98837731505737125,1.535734546686611,3.3917637178003468,-1.6579693374987845,,0.07250139910005848,0.2909090909090909,0,5
-0.95555177267965874,0.29158331810955962,-0.043588740851061139,-0.29096358543863315,-0.95652328734220893,-0.020084638925019702,-0.047549991350754273,-0.0065091760056534033,0.99884765052047375,24.443263569600081,0.9334400788420486,-1.1595753314709818,,0.6124172702897619,0.4642857142857143,0,4
-0.91893688806356089,0.38537882642779092,-0.083893717864908054,-0.39337277039707474,-0.91093465277339669,0.1243218479863481,-0.028510686876826275,0.14724543632231529,0.98868899165311941,-9.6887577688917226,9.7103034318153085,-3.081157898342139,,0.08183038708821172,0.2602739726027397,0,5
-0.3637316675657527,-0.92404017461619059,-0.11768190049926253,0.91676629290159839,-0.37749259421567,0.13053315866776774,-0.16504192864026387,-0.060407756187471524,0.98443489616281799,-8.4598386502778684,6.2486624573167413,-2.5157833248170491,0.7412630294233725,0.7806495610972427,0.64,1,3
-0.99359060677264854,-0.050063526962472391,-0.10134766598811155,0.039800163177850033,-0.99410291775603643,0.10087287008879457,-0.10580006211801828,0.096192682554402859,0.98972385779004601,11.995640867620665,7.0620956317089361,-1.9504696068280003,0.4626300548414014,0.4538450163486283,0.8362068965517241,1,5
-0.79384493745939488,0.60810269250079818,-0.0046185109472284356,-0.60809944525623594,-0.79373211665693122,0.014296561347602802,0.005027916979033281,0.014157766793791575,0.99988713247559347,-7.4658919938902786,10.287099264135522,-3.0451562062647759,0.6943059931123623,0.3836913468455016,0.8744186046511628,1,4
0.047586892978984441,0.99848265299638483,-0.027710634816039234,-0.9881700972976728,0.05110832104209246,0.14459529151036063,0.14579213429850885,0.02050198003997716,0.98910278656524175,4.8466429270176983,-32.410047914460463,2.6183346227023363,,0.2411486441165551,0.1666666666666667,0,1
-0.94134272870489377,0.3230997078044644,-0.097367581520213034,-0.33418497217616933,-0.93263310900154361,0.13607309934637535,-0.046843051630295729,0.16063020516324233,0.98590246257080472,-18.720217835932917,16.88155566891546,-4.7156028413628954,,0.1775412617057175,0.5476190476190477,0,1
-0.86509678021738057,0.50149611782421588,0.010450103576649095,-0.50121321306726918,-0.86341025982479835,-0.057515548124479739,-0.019821097454647777,-0.054994245485463257,0.99828991633652153,0.046846035037115062,10.153416124715251,-2.6032815882300047,0.6052413959494363,0.4373391690215627,0.1875,1,3
-0.99374766058012864,-0.015112577647173603,-0.11062186532679849,0.006441626963997615,-0.99690704843166533,0.078325233669122155,-0.11146341343050145,0.077122932932585223,0.99077139678247583,-3.5195156746719736,9.7337857682689055,-2.754262253139018,0.1437833114882381,0.2822508728086957,0.819047619047619,1,4
0.9509809645206051,-0.27784881097559305,-0.13577644625968432,0.30567910914654572,0.91107881094601839,0.27657852858919274,0.046856027902862939,-0.30452493901918443,0.95135118340417701,-8.9129738069302391,-28.568099745783385,1.9765371788493291,0.6738948020151837,0.2701192017667282,0.3809523809523809,1,5
-0.61301986931291319,0.78924599015699659,-0.036019534265194476,-0.78862057258729068,-0.60850304353290707,0.088326884374367837,0.047793643088521826,0.082551880852536952,0.99544008089288627,-17.320722657836228,11.178643062677136,-3.8050872075705939,1.282768045264781,0.553950110955918,0.6716417910447762,1,4
-0.96240633443789403,0.26631329875333865,-0.053397325222648187,-0.26962543698053387,-0.9604615268105765,0.0693958157942796,-0.032805047887091925,0.081184249850648038,0.99615909693648585,26.054612874255863,4.9846401333222925,-1.5149671161026854,0.2569267140636506,0.3249255276939356,0.7931034482758621,1,5
-0.11645922909699773,-0.89964409520082178,-0.42080607163921324,0.98153236109144482,-0.1689910006179072,0.089645222072403649,-0.15176123381280579,-0.40259476360287177,0.90271035456073179,0.34165014121707982,-35.613105804359371,2.8643748938181472,,0.5955579272791707,0.4615384615384616,0,1
-0.98300784399403962,0.16940306501042418,-0.070697809098053274,-0.16543640353786362,-0.98447396400491294,-0.058666946238159282,-0.07953851287676901,-0.045974077060098872,0.99577106264835047,1.7009736669941142,12.933906330073301,-2.896212521133346,,0.283937964844045,0.1052631578947368,0,3
0.8887716531557508,0.45421139031188285,-0.061456988681034039,-0.42517323513332705,0.86707919368002984,0.25961778061883578,0.17120942927612051,-0.20461105737016216,0.96375393463726511,-10.509605018569317,-29.704068947852338,1.9845413896833322,,0.1228301289951076,0.3333333333333333,0,5
0.68944576673329028,0.72348665448420124,0.035094095184301621,-0.7046108933002978,0.65865182711225045,0.26400996133527105,0.16789289376296698,-0.20674823197539868,0.96388129186064475,5.8456593816409956,-27.314143592132229,2.0812458741346869,0.4831572372440042,0.3094716727546925,0.5294117647058824,1,5
0.88529631853150981,0.46026561311882819,-0.066377660209621589,-0.43960985313104639,0.87488259813093605,0.20328211066830656,0.15163642512488387,-0.15078463074203263,0.97686764185703967,1.2323153373263962,17.479547979954155,-3.5160685404398535,,0.1047376071390141,0.3846153846153846,0,1
0.43048893123523174,-0.84941466472347837,-0.30524417674486198,0.89963003713377077,0.37640033929275624,0.22133364151657373,-0.073110029206922958,-0.36988851284271945,0.92619512614586996,3.853273976328667,24.148121158875821,-4.155407426212026,,0.4284480964384522,0.2352941176470588,0,4
0.20898702807851879,0.97791768897506071,0.0011898254427378338,-0.96323980624150496,0.20563995420792777,0.17286204009321454,0.16880017110991069,-0.037272011255594685,0.98494532813259594,-4.4419784954391517,-30.344895082000743,2.3324569265852304,,0.2602398401092635,0.7027027027027027,0,4
-0.95991382181810581,0.26675452330367078,-0.086066712378188026,-0.27458743382932499,-0.9565893751676291,0.09766528809884864,-0.056277845246458895,0.11738309764798541,0.99149080304407244,-15.863026689913253,8.3071666530056305,-3.3042716552364957,,0.07832177596220014,0.1964285714285714,0,3
0.48710055027125182,-0.8630919589072894,-0.13343659316328144,0.86917293652503524,0.46416332015507594,0.17056030791208288,-0.085272858154819192,-0.19905949535803535,0.97627038107786202,-7.1769330454383269,11.343656132519158,-3.1555229972095802,,0.1421198188729501,0.3529411764705883,0,2
0.75539086511388787,0.65204736149595666,0.064952900386774634,-0.63173093545796077,0.698332050379596,0.33652395545939967,0.17407086513228637,-0.29523987836806825,0.93943214131373365,-0.15230150599712308,-28.525160064595294,2.1336639716101375,,0.315273010623519,0.2083333333333333,0,5
-0.73280531209838629,0.66782896950043191,0.13038727720286789,-0.6800341031529914,-0.72540261838017306,-0.10651131299582503,0.02345193188828203,-0.16671985107712731,0.98572536649288245,-11.076286008461633,13.367500067557128,-3.6624626338992003,,0.3424409259375464,0.2758620689655172,0,1
0.48233004096333193,0.87584878527624688,0.015704678106710619,-0.85892312531646353,0.46933543536310585,0.20487877857192607,0.17207206740465195,-0.11230830086261936,0.97866135571833146,-3.7567404331229848,18.136864563295713,-3.8279532535652954,,0.09057706950503577,0.1666666666666667,0,2
-0.89026600183443882,0.44970111111286032,-0.072078822420884564,-0.45482786925279967,-0.88607173820419571,0.08949013413081984,-0.023623194717916182,0.11245348113621455,0.99337614187762013,-10.824690003668493,13.103395507486496,-3.6184753704558408,,0.07393374033938438,0.25,0,4
0.9439700785762789,-0.29901594477902049,-0.13967804237103418,0.32881898484241073,0.88835706911897039,0.320468084141868,0.028258909389803969,-0.34844107466580732,0.936904611753959,0.56413535909456836,13.380464436398967,-3.0363923813144824,,0.3154761135405049,0.4666666666666667,0,3
-0.026448049059453131,0.99893075298332046,-0.037919011658073556,-0.98993987712852449,-0.020898058086451426,0.13993681016436127,0.13899474943935813,0.041238597362078834,0.98943409973373075,-5.5582895913328407,16.682273123006471,-3.7490623131792176,,0.08787027448104756,0.4347826086956522,0,3
0.52213100542110857,0.85134436741676378,-0.050911504060425161,-0.83678825352984687,0.52291098334000041,0.16232535925376501,0.1648169649411507,-0.042152954465210064,0.98542300384019998,4.9599248067329462,-31.205866454585124,2.5083117656638088,0.4483479675931921,0.3065943600356539,0.52,1,2
-0.78291936798030859,-0.59032694276316122,-0.19634501238690438,0.60004921180501147,-0.79987010719245943,0.012196517212191497,-0.16425043882284932,-0.10826778037727718,0.98045901550175918,-21.500782181090486,-28.150322894521633,1.1105435900151921,,0.3022194145287411,0.4285714285714285,0,1
-0.8847380603558096,-0.44568120611218481,-0.13640684394937785,0.43973706342571689,-0.89518134511170855,0.07267512926524862,-0.15449880131434179,0.004315307912774363,0.9879835517406409,10.10900731591027,6.2494226035524223,-1.8723653445469894,,0.09301061079688766,0.4285714285714285,0,5
-0.98310380067848158,-0.10551475783287971,-0.14957791605378284,0.12144657942009228,-0.98737423720062434,-0.10169977413761994,-0.13695855372587343,-0.11814716074435495,0.98350577170109366,-12.63383460683586,20.040840868913222,-4.692448188094124,,0.4072966817699892,0.2666666666666667,0,2
-0.75047216681241957,-0.63991136279808492,-0.16524216956264845,0.63737941609333326,-0.76688548292226955,0.075060882113121119,-0.17475413237000886,-0.048990854707550817,0.98339254083739625,18.086857969641102,2.6359428666679281,-1.2912492934032553,,0.1270976864530793,0.3076923076923077,0,5
-0.10515894166660356,-0.98084964268938646,-0.16393771812387622,0.98295079038749056,-0.12752330866743988,0.13245961430985825,-0.15082884559714521,-0.14721339674979461,0.97753714771011169,-2.0840055942330746,14.743573264160004,-3.3317860803234844,,0.1200632141738291,0.1764705882352941,0,1
0.64089441735199804,-0.74058733360357276,-0.20195233871632118,0.76333922133200516,0.58708719675210697,0.26952153269451257,-0.081040600832480325,-0.32689298664196137,0.94158026545855744,12.512746668694033,-32.18925473186772,2.7945251968330918,,0.2144468063478695,0.375,0,3
-0.82980924972284276,0.55379415594373693,-0.06876512136961567,-0.55804701726375683,-0.82340362563067282,0.10290770535430069,0.00036823557411691884,0.12376793664284581,0.99231112170615898,14.930308697495578,10.097155739677733,-2.2352261874537116,0.2474697997777424,0.2031328067978167,0.631578947368421,1,5
0.60724960253341076,0.79047551213135003,-0.079977402706622139,-0.77610769482575703,0.61171107626879029,0.15318748383053329,0.17001401781990377,-0.030951961016396811,0.98495543546597863,4.4121297999112112,10.258483270503813,-2.5092507683356167,,0.08547785112693972,0.282051282051282,0,5
0.97193640338004028,0.23273085275569183,-0.034292535051844056,-0.21336861159006185,0.93352653372807348,0.28810075739882834,0.099062926328686379,-0.27269866336536708,0.95698588057815204,-6.16509628979321,-27.153285434276253,1.9433954009202412,,0.2958458557880049,0.7222222222222222,0,4
-0.0049481143757813695,-0.97765335364780859,-0.21016525941581884,0.9916429602401724,-0.031891901282808374,0.12500858385997438,-0.12891763095183231,-0.20779034321585266,0.96964087047525316,-17.346004276055833,-28.539445873274069,1.4892218046506118,,0.2461739496966466,0.25,0,2
-0.96760497335827877,-0.2240619964371324,-0.11634791482847109,0.22249930480510138,-0.97457483879825091,0.026418609778168737,-0.11930915678845981,-0.00032455195429024249,0.99285709937153477,-13.131892030458044,-36.696070596341286,2.554416143117245,,0.32625229766163,0.2631578947368421,0,5
-0.98355025448201971,-0.14907346205513283,-0.10200980256451879,0.13725529132735437,-0.98390043270327354,0.11445926580646353,-0.11743032790126372,0.098575054842533386,0.9881766424338283,6.9219248041957568,5.953950057481701,-1.8801452100590745,,0.09151574805069543,0.4390243902439024,0,5
-0.24345994735491341,-0.91008623752866913,-0.33536591105068425,0.95646550465096647,-0.28265014913915765,0.072681714374286568,-0.16093785274669314,-0.30307083900059495,0.93928008288303499,-20.445114101777257,13.115138703134965,-4.2891911581348303,,0.7952911575874262,0.4,0,1
0.45721807402093856,0.88084312769247142,0.12274777873969414,-0.87286329348617209,0.41798942257074018,0.25178267117387571,0.17047376241831594,-0.22226161840480807,0.95996795223122933,-13.41806862828415,19.760892143550095,-4.7498294151086986,,0.6535046334640926,0.4848484848484849,0,1
0.74562264920015042,0.66623140473623399,-0.013512229384335727,-0.64666141175448,0.72831795191121174,0.22667593491934979,0.16085982577217139,-0.16027687377486147,0.97387650150596872,1.2865565569819091,-26.233450303985034,1.9541390306685527,,0.1404485107925265,0.4444444444444444,0,5
0.90730387310333394,-0.36988030887374751,-0.19997059523627791,0.41394723018790497,0.86921667964959248,0.27038870989503228,0.073806317286881348,-0.32810199774826027,0.94175458937142964,-15.736455622730134,16.831182087087708,-4.4858085208445848,,0.4182564827899773,0.6888888888888889,0,2
-0.36789080561067433,0.92914961510725902,-0.036569767474806655,-0.92517518386560327,-0.36180401862483386,0.11466791733596478,0.093312562425301893,0.076018713833852863,0.99273053788058263,-9.8375307311851223,12.905227762922401,-3.5393819761086847,,0.08393733524715068,0.3157894736842105,0,3
-0.83527767895923422,0.5438940563192326,-0.080563357260527338,-0.54982234032507971,-0.82693781528739752,0.11776775334173131,-0.0025677055766014853,0.14266430930095345,0.98976780193121816,-17.28191498594326,13.379557636321019,-4.0833100134998368,,0.09764886835545579,0.4090909090909091,0,3
-0.9883966835833915,0.10080949054185637,-0.11361972759184047,-0.0942451612508452,-0.9936321576393512,-0.061749371541486582,-0.11912113776385291,-0.050324764496794024,0.99160353600427775,16.262768905899364,10.014527150913908,-2.1778096462639427,,0.5808623464881331,0.3125,0,3
0.95172913772574819,-0.27403176494741716,-0.13826872460396133,0.30420219882069949,0.90214014547158872,0.30594800238137038,0.040898296253685178,-0.33324127854799585,0.94195412820117841,18.240170229787768,-31.764268200335458,3.0149305906985582,,0.5995262274495478,0.1666666666666667,0,5
0.99506686934619182,-0.0049166536087262734,-0.099084570175478878,0.021372283883396272,0.98594289658389511,0.16571007862337389,0.096876989069515973,-0.16701027271712673,0.98118419157453551,-16.992034365741588,17.395200452251828,-4.6370542462969206,,0.08206269332363436,0.4210526315789473,0,1
0.26210483237876275,-0.94569379106537566,-0.19226104749557985,0.95745368685021348,0.22990102080805197,0.17443611486257052,-0.12076213968224055,-0.22980159740918371,0.96571617540950083,-16.398534492877612,14.506638525667277,-4.1691743187962569,,0.1658072441341857,0.5,0,4
0.016750217707312973,0.99975375524796772,0.014555379567190304,-0.98951708483034018,0.014486769067013575,0.14368741194295592,0.14344116924935923,-0.01680959218977017,0.98951607797690222,-20.194480637198549,11.297051200130829,-4.0550133326536022,,0.0808440993384323,0.2608695652173913,0,2
0.65912359386739339,-0.74398305467410364,-0.10975109277415791,0.75085428571908497,0.6428699413318415,0.15144662475366646,-0.042118043931487131,-0.18222912195855251,0.98235361122439058,-5.3969151074456265,8.4614017684448584,-2.7080627663867198,,0.07193137878263652,0.4175824175824176,0,3
-0.50571368843379627,0.86020276712389954,-0.065611468228291517,-0.85997374658322612,-0.49661170046571801,0.1175668922280293,0.068547943209803786,0.11587932685744549,0.99089513122669604,7.2851878796209659,15.199726452622496,-2.9860492811802781,0.7220838971909486,0.6755643243695185,0.9662921348314607,1,5
-0.39075167238179109,0.90762095344588067,0.15341882347621033,-0.91531710215119433,-0.40077361304650522,0.039687700805044843,0.097507605038654493,-0.12491883745713105,0.98736394050420195,-18.549313397325058,13.910418651224978,-4.2728818045965067,,0.2739175758809899,0.2777777777777778,0,2
0.99169426563556562,-0.067534498897580869,-0.10946038079683801,0.08972210766303533,0.97302573467330689,0.21253438088924226,0.092154364530600691,-0.22059014284895745,0.97100337897240996,8.9658940308432822,7.7274545453120913,-2.0767797020176282,,0.1626726677825911,0.5106382978723404,0,5
-0.15261313573839297,-0.9770025923341118,-0.14891328138390075,0.97654420863285551,-0.1722360722109271,0.12921355971794243,-0.15189022149475193,-0.12570071599548777,0.98037171043053739,2.1138710139205616,10.322623389368767,-2.5135895468497274,,0.0782538491642007,0.4,0,5
-0.82757610109487445,-0.51002099411997903,-0.23451307522924048,0.53020921716417202,-0.84740010752754891,-0.028129056088942169,-0.18437999601573551,-0.14761992859762393,0.97170590908467303,-16.290893538682376,4.0193746599229696,-2.776778440985133,,0.4123172441411669,0.5546875,0,3
0.94417760531227712,0.32689960865054007,-0.040808032186058281,-0.30348692442937331,0.91129379199980964,0.27827919678446628,0.12815746691931199,-0.25036028144801958,0.95963294709284275,3.452709857794789,16.922032001915589,-3.3350911680086179,,0.3383189344267501,0.4736842105263158,0,4
0.66788418734698807,-0.72845230183759657,-0.15260391947575178,0.7428285099486629,0.63969826118725948,0.19746376741429411,-0.046222473963467334,-0.24524146994646884,0.96835949126302934,-17.766426422826665,8.3166207276161899,-3.4700277303330385,,0.5162754357873708,0.7413793103448276,1,3
-0.99355773699950956,0.01226118503352021,-0.11266182401322428,-0.023792729217142015,-0.99454190797684738,0.10158887396841647,-0.1108013054291902,0.10361494399624423,0.98842653449603524,17.933490330471432,4.2108257581337734,-1.4802925628934289,0.2912214853974317,0.2569477545596498,0.3076923076923077,1,5
0.58996447201358759,0.80537072260900822,-0.057618754984577296,-0.7874842815057832,0.58968742190451306,0.17926865545579562,0.1783547816657827,-0.060388273794276644,0.98211141335649821,-7.6392736722751691,-31.803387575363097,2.3109695896726392,0.4215411662741246,0.3133030599668774,0.9302325581395349,1,5
0.98778711945124742,0.13961129489496002,-0.069175812130835956,-0.10833715111590214,0.93450960844147857,0.33904992761928937,0.11198066053698018,-0.32741484094082812,0.93822164417444298,7.0229210884537547,-28.703116488865394,2.258271730454994,,0.1191719567777304,0.2,0,4
0.7605602067982784,0.64119768433737556,0.10204754497461779,-0.63190740168185555,0.69492196558204322,0.34318580601661597,0.14913486357872663,-0.32549806658715452,0.93370755652579907,-15.806891794020586,-29.051386817567376,1.6212900581487848,,0.5075219325708489,0.2173913043478261,0,3
-0.47402733557934734,0.8794077270831544,0.044046959826819811,-0.87708763133120449,-0.47599998461409515,0.064352945645075418,0.077558829860705433,-0.0081279883010284132,0.99695464476415219,-0.26386094171437863,12.900832708683646,-3.005643775577084,,0.2675809489603303,0.25,0,1
0.90728544022047974,0.41999109512076654,-0.02099071183144556,-0.39386652218442292,0.86621685520709768,0.30746954720341652,0.14731698023744225,-0.27069510482161635,0.95132637278661436,-15.517397021925857,-32.877442017441801,2.0552684692690111,,0.2398356958477948,0.4,0,1
-0.60787477341781215,-0.75607450274966104,-0.24256876578425426,0.77273423349522108,-0.63357051845105972,0.03834322018568611,-0.18267474983367707,-0.16413331301569437,0.96937618669518377,0.4946113244125972,-27.052945439050418,2.0400566373020377,,0.2137724216105489,0.1428571428571428,0,3
0.58401443447441703,0.81156231126686351,0.017139289854408352,-0.79590098528706799,0.56833787296229255,0.2086472711917679,0.15958935410797659,-0.13549419577193489,0.97784076462761349,12.948653263989085,-27.044843885469195,2.2012572419526886,0.6068603583873936,0.2616728340081242,0.25,1,3
-0.43711127975775299,-0.8361327505097671,-0.33138459927026143,0.88051882197222842,-0.47293971568882009,0.031853249077884518,-0.18335848292669521,-0.2778669625003129,0.94295790886426722,17.512743788169129,11.079884040871592,-2.2483132663871497,,0.4350879310291115,0.3157894736842105,0,4
-0.93830962974061427,0.33361328788526767,-0.090979189282023767,-0.34218504261456062,-0.93372193761679456,0.1052270869311282,-0.049844110453533735,0.12986730673853772,0.99027776269770695,-18.885873112023472,5.6760153524590384,-3.1923184423703912,,0.08175040694734802,0.3333333333333333,0,3
0.68314956553160955,0.73016605568139836,0.012814142368629161,-0.71593595535145194,0.66616900038008864,0.20893676260437735,0.144022147425241,-0.15190916385545541,0.97784519581974705,-2.2492508290093927,-27.207910617919225,2.099973871222816,0.3145425560705505,0.1811654365975535,0.3043478260869565,1,7
0.99209022923291201,0.093133923142465422,-0.084160854443630445,-0.062996448083763798,0.94932057749001364,0.30793162988374034,0.10857451169320659,-0.30019412638178072,0.94767877569166969,-2.2898938502962949,7.4201043370007493,-2.3051595798517619,,0.09307740194214902,0.2075471698113208,0,5
0.95610076927815879,-0.25221858893362942,-0.14918814424089605,0.28611605454941619,0.9134814495321768,0.28929093433716302,0.063316051004378648,-0.31927640808071328,0.9455441041687529,-8.3493075458304915,-30.243125010795911,2.1083649166267948,,0.2975661735072025,0.1111111111111111,0,2
0.64745517831062616,0.76019511768152503,0.053899676547526323,-0.74267156305780835,0.61349741001240743,0.26843970893543229,0.17099924416215131,-0.21383243664430462,0.96178737127014335,9.3050458835636487,5.2903277446297787,-1.7689534471956803,,0.2687911162838807,0.4166666666666667,0,1
-0.11946509445322992,0.98739834278019656,0.10379115512509834,-0.98298446182659027,-0.13232335498096362,0.12740517075091687,0.13953364832458595,-0.086804622005416873,0.98640525068742801,18.945562001886248,12.063022752984072,-2.3093099719497543,,0.2875193142824263,0.3636363636363636,1,5
-0.83843774595305964,-0.53094190206533998,-0.12297496815364971,0.52145502552028955,-0.84713333432476901,0.10222411767989108,-0.15845126228839612,0.021582643652649964,0.98713088644423252,-15.548348454576342,6.2180465115184811,-2.9981800100566827,,0.07696876696518948,0.2222222222222222,0,4
-0.01073322216578391,-0.94769732970033504,-0.31898992024951811,0.98974847168056668,-0.055503728542514848,0.13159520859005736,-0.14241755772348377,-0.31430734543871675,0.93857771753613717,-4.7981909258433761,5.530859291005279,-2.1717693285506896,,0.1082376282290353,0.2302158273381295,0,5
0.0044222275318851209,0.99998998521672178,0.00068801883519103502,-0.99395233069532352,0.0043200321105719662,0.10972739688837181,0.10972332572881158,-0.0011690974403222869,0.99396148064308054,-7.4215444606835463,-28.90795443903847,2.0493782890897512,,0.1779231955045383,0.7391304347826086,0,5
0.4369986832855477,-0.84832497213542091,-0.29895968366677117,0.89528954389060045,0.37826390431381474,0.23531479191378979,-0.086537757117102126,-0.37048773305564053,0.92479730549371453,-19.401769778383517,-27.235188226397103,1.1418722293726078,,0.4590770944160733,0.25,0,3
0.9895199953813516,0.017832145076771919,-0.14329059055796148,0.016294114815375831,0.97221738456352658,0.23351201034387381,0.14347362323044519,-0.23339959673147481,0.96173798286368617,-3.73190219813893,-29.361051947735113,2.27267767757523,0.6464756976729772,0.4375543011158937,0.5675675675675675,1,4
-0.97247582210003336,0.22741747997833145,-0.050715532444885504,-0.22646703856533723,-0.97372713296410585,-0.023835917707260474,-0.054803794342262534,-0.01169445722581931,0.99842865733906261,15.091466040453412,12.474344397427892,-2.4768788929167216,,0.3174502329546744,0.2,0,4
-0.80919339166790927,0.58749338737739643,-0.0075877973627346065,-0.58753671501681726,-0.80906136021814823,0.014843311935223568,0.0025813539533701226,0.016469219465162697,0.99986104105619367,-15.804503615096316,-30.467343375723903,1.7567811011044587,,0.4053015417801864,0.5,0,1
-0.32680550240519035,0.94479924549084549,-0.023506367597324579,-0.9388019335743425,-0.32166544364911215,0.12321636205916643,0.10885353974385477,0.062335608458963278,0.99210139542452225,-0.67897598058357078,-34.881039275419425,2.77154448774766,0.368689436760615,0.3809804906210946,0.3809523809523809,1,4
0.83677468990786008,-0.49111303036260234,-0.24210764080810546,0.54741203963265983,0.74051487249184256,0.38984327938750113,-0.012172805544175339,-0.45874362668755597,0.88848528844248875,13.22063981420732,6.0757930386399623,-1.804101942526311,,0.3417926407234866,0.3928571428571428,0,3
-0.9204056264716306,0.38628668061916205,-0.060299943081202158,-0.38937914485282016,-0.91958096046978444,0.052485604646951192,-0.035176189575524736,0.071787586097451631,0.99679946738009895,12.478545927398788,-30.530644707875201,2.6029073954354209,,0.2513019772292412,0.5,0,4
-0.99320754252806931,0.07611363678633537,-0.088008475503847591,-0.078128160593952986,-0.99674922503748253,0.01967162701413374,-0.086225100681640313,0.026413948632030143,0.99592546675446836,24.772999604434922,4.0756715923447375,-1.4387760413322921,,0.1120335272990375,0.3529411764705883,0,2
-0.46724422450855718,0.88399031542019624,-0.015619119908004551,-0.88209340805224901,-0.46489818624064599,0.076032203051912245,0.059950430642045804,0.049303130463096319,0.99698302251962834,6.3889314933276751,9.9199426753757525,-2.3899236576000327,0.2956837125665601,0.1369499545842039,0.1515151515151515,1,4
-0.84484288706612332,0.53482392511361576,-0.014278140629774963,-0.53494889861580874,-0.84485630361302577,0.0068921778175123835,-0.008376875521995673,0.013460883009699994,0.99987430839335423,6.6115191248613918,-32.707622619644795,2.7878506790546438,,0.263109911243859,0.5333333333333333,0,4
0.98096732506449147,0.17964482114801744,-0.073694269726443856,-0.16192955867388883,0.96630674625859858,0.20007521126516425,0.10715374554114571,-0.18433396423290357,0.97700515067561777,3.5629097047194125,13.567131846116821,-2.8925773667647405,,0.07141612320169896,0.5,0,4
0.087634865419635541,0.99388637366559895,0.067156582735649242,-0.9831610768584923,0.07544279371927036,0.16644122634216255,0.16035718665945026,-0.080611792671291788,0.98376181648252081,-14.0245195600172,-32.197384180774208,2.0331685548720384,,0.4764363150787605,0.3478260869565217,0,2
0.9874406978843957,-0.12367794968964807,-0.098308864921439032,0.14114643002096669,0.97014624461552013,0.1972154896318708,0.070982768711238736,-0.20861454603878199,0.97541858590408181,-11.387932952729988,-31.870000408720923,2.1222347415178362,,0.1432983400074288,0.5882352941176471,0,3
0.41219382802147653,-0.8252385491775065,-0.38610566570876081,0.90683510488956121,0.33066647109559449,0.26136139239207568,-0.088013298318718389,-0.45786572468857079,0.8846539648215398,0.17297918350297822,6.7627639902041778,-2.1427915284820145,0.9327495557529485,0.7201912658738125,0.2844243792325056,1,1
-0.21466531737315711,-0.9239465853019142,-0.31660939503749985,0.96410747525655083,-0.25231931886513503,0.082654325245990437,-0.15625484847363141,-0.28750246753091374,0.94494801629090452,19.405839352531292,5.6480172388847079,-1.6374428785060158,,0.4135301566642451,0.375,0,3
-0.8405616930609926,-0.5102180974273669,-0.18202618826980987,0.51807142922781546,-0.85532210361320093,0.0051081590164463713,-0.15829729743835405,-0.090008844722542891,0.98328041447769454,6.7573919926619785,4.0756957424872491,-1.6515561775967036,,0.08753819445536315,0.2985074626865671,0,4
-0.65539307494365773,0.75031006975476511,0.08657203093665046,-0.75259888990038459,-0.65841910847786334,0.0088987927228273821,0.06367753321702517,-0.059321807253444866,0.9962058496854852,20.454696113314256,-30.209932589201681,2.8865841360868543,,0.5372188669017702,0.3157894736842105,0,3
-0.99414548100217637,0.053326301794366406,-0.093973763039952946,-0.057113343200542684,-0.99764123484233458,0.038079293201420811,-0.091721473120584415,0.043223513036296658,0.99484616865593467,-4.4927861235836755,12.477742964532187,-3.1741878210087702,,0.1445663017191454,0.4117647058823529,0,3
-0.98304137605576891,0.1669416276641322,-0.075895625138935593,-0.1641853929662426,-0.98556644965466667,-0.041254454930519435,-0.081687267666999769,-0.028093883105473814,0.9962619756033827,-7.3462210525226368,-36.786304438354186,2.8166634154426147,,0.3023668913667266,0.4285714285714285,0,3
-0.088865448947332462,0.9952986358575735,-0.038516976042293871,-0.98736080538743387,-0.082930036274966229,0.13506016832549134,0.13123098707266634,0.050032334979354831,0.99008847760614171,-5.7920890853731617,11.606163458549068,-3.1134832165623227,,0.07487479008081759,0.2093023255813954,0,3
0.22996795675600218,0.97239011965705957,0.039650902370550446,-0.95994240228820282,0.21994554238187125,0.17359303752022406,0.16007911529810179,-0.077983418620075143,0.98401893440406074,11.864631224117513,-36.08125600452086,3.3007752226547185,,0.2556340783448451,0.2631578947368421,0,1
-0.31233112623244669,0.94942932020249593,-0.032143950071501295,-0.94447857084089437,-0.3067127085219184,0.11784542270912055,0.10202694158267259,0.067166065620790957,0.99251157314174965,7.0962532173613084,-30.428695449884938,2.4848151703354064,0.4893099530251097,0.4028942846251165,0.9487179487179487,1,4
0.4739916844192808,-0.86572891864322865,-0.16076480499847887,0.87710634553443734,0.44812986244320585,0.17281228257811168,-0.077565080574939535,-0.22291941551031216,0.97174615639267847,-19.001707399192199,7.0197376071469515,-3.359739469201704,,0.1206414514295891,0.4285714285714285,0,1
-0.71707185552169372,-0.66814214372199232,-0.19847929312967522,0.67631971528620072,-0.73583989013551276,0.033634785573099873,-0.16852179898715491,-0.11011690091869128,0.97952777979912142,3.244222937571736,4.393674872657142,-1.7539184869130153,,0.4385711059144863,0.2288732394366197,0,1
0.041438433821609069,0.97534005675123492,0.21678244831837676,-0.9885303415604505,0.0084851009049333875,0.15078384156470856,0.14522609964049218,-0.22054427392052289,0.9645048487302067,31.754157168543745,2.3684197853477618,-1.1739155206119753,,0.5124705303753265,0.2857142857142857,0,1
0.41599264388162938,0.89335211244009261,0.16991799032237881,-0.8934741683658598,0.36674166617936765,0.25923823165365822,0.16927501498835085,-0.25965853247448933,0.95074887105580508,0.62219134457885272,8.6093389539173462,-2.3556514580556942,,0.3410859627801632,0.35,0,1
0.48230333119798879,-0.8616711368778136,-0.15781745336628691,0.87249931156740279,0.45641404212740816,0.17444533087282274,-0.078284404767050716,-0.22183118360730378,0.97193748664698176,-1.4060629571595742,9.1262676323794398,-2.5331211924267016,0.7132849777111059,0.3948612515049585,0.6210045662100456,1,2
-0.062922909918274816,-0.9045033532596729,-0.42179899401186899,0.9871061948460329,-0.11873077596726396,0.10735158561845945,-0.14718039103087993,-0.40960552581748633,0.90031174918234758,-7.7787720783949972,12.883959718431621,-3.4359142988618419,,0.365554511258412,0.25,0,1
-0.38340643581423844,-0.90493614126366428,-0.18463500537831815,0.90677907510787437,-0.40679062539354793,0.11078400623931899,-0.1753602404273262,-0.12494785843204913,0.97654330101153985,-1.0110075670423486,-32.221494539721377,2.4687561259075492,,0.189131860934625,0.4074074074074074,0,3
0.14578127889301251,0.98329322297626021,0.10900576302781492,-0.97504491304660068,0.12415548662474389,0.18404573530217758,0.16743726068669404,-0.13311593740019056,0.97685460071793928,26.562143067296937,6.904793545779853,-1.6605419502366794,,0.3620817413302249,0.2352941176470588,0,2
-0.055589930939585294,0.98334591584846109,0.17303343423247328,-0.99413744047960073,-0.07060879340484065,0.081884966450384233,0.092738929338224377,-0.16746703579529926,0.98150612983676055,19.477233637050823,-28.550244559770409,2.5916055707033427,,0.3651077040421419,0.1666666666666667,0,4
-0.99504271327378513,-0.00097586171853231087,-0.099443684840473209,-0.0030967607512418036,-0.9991628826654535,0.040791469408583594,-0.099400245641520557,0.040897207698914431,0.99420672375962038,10.923401416892684,-13.484295180594561,0.63359639012670377,,0.08423486382637346,0.2307692307692308,0,2
-0.59765173392332593,0.79308752519738368,0.11757798397120159,-0.79992625123941297,-0.59974265387243375,-0.020657727467215503,0.054133146190682935,-0.10639984258606788,0.99284876793052357,-9.3578777623168143,-33.663439516431815,2.3920938984125564,,0.3002621482957499,0.25,0,1
-0.12618734725740552,-0.92899283002938038,-0.34792107603038785,0.98065715342762694,-0.16972059571384915,0.097501111900123658,-0.14962720616038788,-0.32888788537211305,0.93244005599936441,16.557561235918374,-28.189893311095769,2.412770733245452,,0.3699373795720327,0.25,0,2
-0.81336112717756559,0.58034327897932347,-0.04056297991970597,-0.58175881002158925,-0.81130890576818482,0.057745531285926639,0.00060312411952428632,0.070565841345206437,0.99750694146784713,-3.6561564791840486,12.264107722439549,-3.116276531359758,,0.1016544172781569,0.1707317073170732,0,3
-0.79580912559998906,0.60554656921190619,-0.0010900126014265555,-0.605512763854546,-0.79574282618897219,0.012151023743537057,0.0064906410322705093,0.010329912123415037,0.9999255794780495,3.0895592833757624,-24.423561690643172,1.7326652691225319,,0.8906985783107404,0.7936507936507936,0,1
0.096257343309546065,0.99506886042693243,0.023926697800465257,-0.98397668672720862,0.091504814133745421,0.15302532132850918,0.15008132407575889,-0.03827312371619692,0.98793257065686024,16.875259895336011,11.873015993454601,-2.3855550614404408,,0.1319841263508345,0.4545454545454545,0,1
0.66960371843629318,-0.72222426520525229,-0.17327137964771405,0.74168219046802319,0.63789834387385913,0.20734809192645606,-0.039222297215280387,-0.26735334976715841,0.96279997806887974,-10.032967917172744,10.580000383934518,-3.2282457505372593,,0.07640281641229629,0.3333333333333333,0,2
-0.53607119118882385,-0.82830884228860868,-0.16288689254787272,0.82651077838935205,-0.55425577368850254,0.09838938224822788,-0.17177779595635806,-0.081884059007024945,0.98172673881121897,4.071894730125492,-37.211682859721193,3.2010151525396791,,0.1774316890172701,0.2352941176470588,0,1
0.90835971191655707,-0.37926906122155374,-0.17617494988502733,0.41698535608149229,0.8533961649217443,0.31279098214374768,0.031715084430935868,-0.3575891006406387,0.93334033906317304,10.150939559871327,20.257468942017443,-3.4854778125172325,,0.6740358125086195,0.2083333333333333,0,1
-0.96754506715575772,-0.21194561058284406,-0.13760669016157692,0.21737138702518252,-0.97575573034117591,-0.025503623450503436,-0.12886513541414962,-0.054587662168499057,0.99015855498686156,11.030172733421349,13.647183509772727,-2.6870253181942219,,0.08536592289780473,0.2666666666666667,0,2
-0.6978550270036683,-0.70694198778756945,-0.11502776703331495,0.69592075288467514,-0.70723831328775177,0.12453222041834471,-0.1693890993840424,0.0068552258064031443,0.98552541260436666,4.9942868790803319,17.023303975991148,-3.279919009308379,,0.08288147766267652,0.5,0,1
-0.076967861829085396,-0.9085041320502707,-0.41072641781731584,0.98592434259874617,-0.13067640919243037,0.10429221807883661,-0.14842216450614767,-0.39691802444353413,0.90577422294695109,-13.723704838964744,-35.223225729364543,2.367692442239083,,0.741550658906927,0.3103448275862069,0,1
-0.43637076575739958,-0.85397738894791164,-0.28337814657804711,0.88357872978451069,-0.46618570874504461,0.044266389442463729,-0.16990933777957057,-0.23107034454379649,0.95798607130151958,20.010232819833295,6.8748914325545538,-1.7727054094540908,,0.1751548343072881,0.3684210526315789,0,1
