axis_00,axis_01,axis_02,axis_10,axis_11,axis_12,axis_20,axis_21,axis_22,location_x,location_y,location_z,dbh,dbh_approximation,score,reconstructed,number_clusters
0.58603173427064359,0.80960915599529759,0.03316354860873736,-0.81027410321774218,0.58577115053982309,0.018111787596367269,-0.0047627809550624296,-0.037485646904303289,0.99928581606752553,-6.8524340844406737,-3.6164694257650178,-2.1265218663945178,0.2071063760239729,0.157556818658526,0.658465991316932,1,4
-0.21221070786956389,0.97502974452476254,0.065449314415628332,-0.97721285294792548,-0.21141289028202159,-0.01896390930105404,-0.0046535469134127202,-0.067982255880332812,0.99767567745562791,-13.83947230541389,13.39590533400329,-3.0639807166938571,,0.1595353224336056,0.5,0,1
-0.92308338881149166,0.37402867528348249,0.089552260529683098,-0.38459521004981989,-0.89884624524414347,-0.21014745255948319,0.001892539835208959,-0.22842499310755959,0.97355967501575558,10.53218857191767,2.3676392226990122,-1.5989320503343152,,0.2806362811968461,0.1875,0,5
0.9999931870396005,0.0029117890640623519,0.0022687791496530428,-0.0031158706387384169,0.99539001393929205,0.095859331836287212,-0.0019791979552690919,-0.095865747972793638,0.99539230514459542,-8.8521981467887372,-1.8254903472139861,-2.2932492199681653,,0.4802129259274024,0.1269035532994924,0,1
0.75561740519628695,-0.65389004463428568,-0.038342489389751523,0.65499430206958786,0.75474495937700248,0.036640285907470399,0.0049800824094323494,-0.052800149840503713,0.99859268120491262,-6.8594358687084167,16.616055353353349,-2.6716783639739718,0.3824140448784325,0.2847995494631534,0.8421052631578947,1,5
0.73866816142572689,0.66767851187057381,0.092599957247464434,-0.6740510900286879,0.73265351546243362,0.094201668306220163,-0.0049472544986033894,-0.13200087525025511,0.99123725394382378,-11.75395284468101,-13.59190272131559,-2.1035976855422995,,0.2891330399842587,0.3125,0,1
0.86541470421646138,0.49841814415576852,0.051349228837982833,-0.50103668542093993,0.8599183382066411,0.097481749462800235,0.0044305291257557599,-0.1100899867937566,0.99391174921087311,-18.282804412613711,20.224692418817309,-3.2246615352364971,,0.2604819530972263,0.8205128205128205,0,4
0.39556626704634601,-0.91508687610189055,-0.078379446037228712,0.91842878563260155,0.39374904135890249,0.038082255058895183,-0.0039867400773591789,-0.087049994916881951,0.99619596681000822,-10.64945919346455,1.122541000110459,-2.5646298874745646,0.5458478333596508,0.3479694879053989,0.5278810408921933,1,4
0.8430656971975925,-0.53016744382635095,-0.090347726675165371,0.53780939109029413,0.83143718445741766,0.1395466486756643,0.0011353694660170171,-0.16623684852689949,0.98608519973074338,-10.444177187465341,-6.5315511452804458,-2.2842354161602225,,0.1200582631330555,0.2674418604651163,0,1
0.90491908673389732,0.41017675714523799,0.113474553810563,-0.42427075175271228,0.89039630359659228,0.16489012022772631,-0.033403228464900667,-0.1973561512579276,0.97976261098736572,3.0280763720721211,-3.0116719190116901,-1.7104322205849738,,0.20599360571005,0.1809523809523809,0,3
0.67923501037059197,-0.72799107400641994,-0.093106373862594696,0.73391501713891338,0.67323635197950316,0.090119709227890268,-0.0029237484246651059,-0.12954462760110899,0.9915692820750549,-4.4579576044710052,-18.486023886800609,-1.8153268920231138,,0.1267861217409123,0.275,0,2
0.67101490887892201,-0.7408388225870548,-0.02994713692558483,0.74144037541158903,0.67058796405957055,0.024040635764534881,0.002271953286298855,-0.038335641461538568,0.99926233633715944,-12.17718959120897,7.1130709812971702,-2.813641428763491,,0.07666093743475955,0.4358974358974359,0,5
0.78373371196624242,0.6132149221908858,0.098635328001892522,-0.62108968223295113,0.77300831927660407,0.12925070581212039,0.0030125323876569539,-0.1625595199660283,0.9866941406114802,-16.423336461890091,1.523932726501585,-2.8400143970689316,,0.2852840201223924,0.2604166666666667,0,5
-0.52935354821767022,0.82538248947534809,0.19628695080631139,-0.84835497879968913,-0.51254450922694406,-0.13263467121039549,-0.0088685362457064012,-0.23673164581185091,0.97153459893926097,12.336051945668981,-6.9701546955289757,-1.475547770024876,,0.1246252800349047,0.35,0,3
0.96188208616420223,0.27064120824079069,0.039194243434046712,-0.27344321509592662,0.95366680570583084,0.1254927560173891,-0.0034147378237910971,-0.13142663389435971,0.99132001869668329,-6.5865487357413031,13.54338974128083,-2.6422074867963778,,0.1151325493094488,0.2777777777777778,1,4
-0.7964595590629332,-0.58505447390681509,-0.15285101680688051,0.6044788077913773,-0.7770316411976278,-0.17557676243978171,-0.016048106068708261,-0.23223499120360891,0.97252730920641328,6.427852311717956,-11.333120550359521,-1.619954064536766,,0.5189956889871081,0.390625,0,2
0.74618080299229073,0.66542015810469046,0.020741804012905839,-0.66572950052311675,0.74560207543149293,0.02969473430581298,0.0042943426764349823,-0.035966071514414423,0.99934378485123831,-24.87347500099753,15.37078719141547,-3.4536131920400024,0.1667560593033511,0.2407322646269458,0.7142857142857143,1,2
-0.24830065170079069,-0.9630556263144,-0.1042623948945213,0.96865274940519852,-0.24599963274669659,-0.03458369208513707,0.0076575083879727394,-0.1095812087571076,0.99394834938874921,-6.2044402715869609,-4.6602970955664773,-2.0265355613483944,,0.08649349268949853,0.4037735849056604,0,4
0.96685678763776306,-0.25085159034546822,-0.047554514190929077,0.25531873240903002,0.94953839489352021,0.18217898205908289,-0.00054505030224352648,-0.18828254365231781,0.98211475229526068,-20.85606386605048,9.9502519828340894,-3.2700887273238171,,0.09437507564192175,0.2380952380952381,0,2
-0.21871069592268011,0.97490304653710069,0.041589437862218533,-0.97574177772271153,-0.21807859853618611,-0.019227794127619768,-0.0096754687503042818,-0.044785876268879123,0.99894975378709072,0.46386131870563929,-11.39350013035158,-1.7573761750363834,0.2043631860296817,0.1434142305832688,0.4456521739130435,1,5
-0.98259156306789242,0.18459081503697661,0.020977397164148679,-0.1856687259744115,-0.97961732887006014,-0.076661679948515832,0.0063987797927893128,-0.079221966533749341,0.99683646383731894,-12.901562329794521,15.08881648948042,-3.0405113498958571,0.2552277509416395,0.2231428374760124,0.4459459459459459,1,5
-0.95495249486789147,0.2962904895214919,0.016663684007557099,-0.29675306135441709,-0.95308114511848219,-0.059782534208773323,-0.0018311532897377261,-0.062034479434878373,0.99807232715814342,4.9988858995729117,14.191665891764981,-1.985062979904509,,0.1012917273562844,0.3846153846153846,0,5
0.98009240568258493,0.19787829959517,0.01621896644813476,-0.19850930666530639,0.97813605442085028,0.06199930813540349,-0.003596038178452055,-0.063984666845530641,0.9979444027189508,-5.0011515354158718,-6.760542365887801,-1.8757761045653614,,0.1456467189755202,0.4490566037735849,0,5
0.4784794243801459,0.8731109210882575,0.093459937520089159,-0.8780651010721745,0.4766752584696487,0.042218197995716952,-0.0076888701352188626,-0.10226444856013379,0.994727532461395,-11.80452873531604,4.4695971565087689,-2.6719470255645659,,0.09874785442202021,0.2361111111111111,0,6
0.60626300629764207,0.79289691506216964,0.061315978992756259,-0.79517469332978219,0.60554709842596111,0.031779217671087448,-0.01193206951171631,-0.068023478834840931,0.99761236562322853,-12.62405447390006,6.2166207150614534,-2.8173980381907793,,0.09777633163562631,0.2839506172839506,0,5
-0.26060767297879339,0.96455237595169507,0.041501262999083757,-0.96543289616476058,-0.26015020431506469,-0.016161503573409931,-0.0047920546221394793,-0.044278496369805638,0.99900773318915215,15.90758299554655,-3.6323674446829561,-1.4558074574780719,,0.374111219361654,0.5135135135135135,1,5
0.31504870993351369,-0.94868170503640836,-0.027337390117600599,0.94904763620840737,0.31512947065295172,0.0014145434688562131,0.0072728657669100779,-0.026390135566223941,0.99962526287020825,-16.83517292350912,3.7559557800716732,-2.9115181415535654,0.4081196673229153,0.3526892883938591,0.9228486646884273,1,5
0.95441784274180475,-0.29822297589191288,-0.01223266554152746,0.29847357646014638,0.9535707526227658,0.040203779642471467,-0.00032497872006363542,-0.04202233207025502,0.99911661881694691,-31.511117740633939,0.80730405133309091,-3.2517462858423518,,0.3077366465578465,0.5625,0,1
-0.99941961678947977,-0.031775857196108703,0.01227698968889685,0.02811293644970727,-0.97289512799037481,-0.22953155063469191,0.019237785229685191,-0.22905319214550129,0.97322378864648174,-9.5398822778732892,18.702881716955432,-2.8702599446780805,,0.2959615449018932,0.1666666666666667,0,2
0.63870727025458141,0.76434529821835129,0.088483264041521736,-0.76943193558332712,0.63523935636086026,0.066674257661675382,-0.0052458963425438552,-0.1106671822255379,0.99384367752168334,-13.536221958066511,-16.659044070047059,-2.0629146357320982,,0.1632065790307031,0.3125,0,1
0.95279239727543508,0.30347036248910259,0.0096118044539745418,-0.30359843681052412,0.952638139724303,0.017565987271563482,-0.0038258149896477469,-0.019654867930137859,0.99979950455394462,-14.08716269817238,3.5896770964080251,-2.8409380469274623,,0.0956455650638426,0.4198473282442748,0,5
0.99998607793759942,-0.005188544994418713,0.00096069340478660114,0.0049081382306160031,0.98143956529064602,0.191708867455881,-0.001937552602195245,-0.19170148325703759,0.98145136772382402,-24.607439554476031,2.7395639488321422,-3.3627518803939234,,0.687505330683055,0.5428571428571428,0,1
0.92600915427862507,-0.36917043790450421,-0.078868459916384873,0.37750102829580601,0.90565203912897707,0.1930993465994511,0.0001408112030429289,-0.20858468735485469,0.97800429874989947,-7.523913047231062,-10.98802479242676,-1.9752169452901478,,0.251564518302836,0.28,0,1
0.70517339684001101,0.70335656175351779,0.08955460584130201,-0.70901391596107477,0.70047686992964908,0.081433541413252791,-0.0054541142876605017,-0.12092022879498721,0.99264724394192805,6.4525575530952466,-5.0493075213550469,-1.6194054061037699,,0.09826929283425768,0.2549019607843137,0,5
0.9952694240960982,0.095784181268277549,0.016253125182124181,-0.09712225980681824,0.98516119715311634,0.14150859434626031,-0.002457663410019567,-0.142417717446262,0.98980359347092617,-2.971717900649494,9.4869025659566546,-2.4223299174024668,,0.2134683574522279,0.2727272727272727,0,1
0.78995921993053231,0.6101427346091618,0.060747627528978602,-0.61314112551033872,0.78681390839021959,0.070582106596661573,-0.0047319187081464971,-0.093003854583353196,0.99565450432264835,-28.191826278231801,15.54701490937612,-3.5081239032248104,,0.2596973935685217,0.3214285714285715,0,1
0.99832299816233727,0.05785502252801273,-0.0019969247468841979,-0.057824838941606033,0.99824448937417587,0.012815125261492911,0.00273483848497505,-0.01267816242101243,0.99991588889070415,-12.41507271261966,21.84676751183687,-3.0124067031740895,,0.1409914918994986,0.4285714285714285,0,3
-0.97760594663168354,-0.20977093804123201,-0.016815667208692479,0.21044253233875779,-0.97475642484357494,-0.074591238151840752,-0.00074410565293585621,-0.076459569574222605,0.997072404856991,-9.0569028796706021,1.130060518513659,-2.4430888525459449,0.1811902572875415,0.193855468682244,0.6998754669987547,1,6
-0.21314317339669969,0.93000779532796274,0.29942526323542829,-0.97700990730059012,-0.2014258590888762,-0.069851731022213287,-0.0046506634877014211,-0.30742986829442798,0.95155937671255897,-19.78332427206503,8.3449145129266071,-3.2351876103462223,,0.1545487612532219,0.2142857142857143,0,1
0.37969514964634532,0.92340617272320169,0.056148317087224293,-0.92504931348811736,0.37967427454281649,0.01145481844237926,-0.01074062149977534,-0.056289301177700889,0.99835672663769026,-10.00179200633694,16.31750171694247,-2.8577191332478917,,0.1063505033793332,0.4838709677419355,0,5
0.99726864005851867,0.073827149605716638,0.0021935215815102669,-0.073832694356304934,0.99566042091477158,0.056648561040055757,0.0019981991697206182,-0.056655787038179972,0.99839177129780232,-7.9660360811378146,13.29266632952536,-2.7208714285793238,,0.09193099981236623,0.3636363636363636,0,5
0.46179245711226291,0.88308066743584979,0.083164062883387679,-0.88686377587591891,0.46126297653987453,0.026629110249531299,-0.014844850734361779,-0.086052317078788021,0.99618001843644954,-5.8766245814461939,11.805718426234881,-2.5980134903157373,,0.07933875304802465,0.2857142857142857,0,5
0.94436189274637627,0.32853062378015502,0.015755785194739341,-0.32890654993150481,0.94342550205677478,0.0420571454223388,-0.001047349337632005,-0.044899346404413093,0.99899096680191257,13.088775983993161,-2.285056316310516,-1.507535544800322,,0.1137312821952176,0.2291666666666667,0,5
0.90463688078407234,-0.40287601380260118,-0.13900730710214779,0.42606442207935302,0.86262548299536534,0.27266533392640879,0.010060922594448509,-0.30588918514641772,0.95201396221221957,1.4762312732519829,8.4366477061305432,-2.178052761821847,,0.2850356717708815,1,0,3
-0.28865370087450848,-0.95713590437822149,-0.023872610279034381,0.95725973808000986,-0.28803645374416043,-0.026244907419911461,0.018243761192290191,-0.03042797831886089,0.9993704534920903,-3.38548581612875,-8.8277495799953272,-1.8623256537403245,0.2613490570639906,0.1495815763646995,0.2420382165605096,1,5
0.68716579889078633,-0.72538225513034127,-0.040295766239240312,0.72649659777323861,0.68628895585419702,0.03478738990589051,0.0024203839976397099,-0.053179441653480368,0.99858203905674536,-17.800271390631391,12.217953666878801,-3.2025394133173917,,0.1217357035937207,0.2380952380952381,0,1
0.087229737770344318,0.98419940954428575,0.15408599904337569,-0.99306581086092338,0.073672961759437827,0.09161108014169185,0.078811599067980007,-0.1610087480799432,0.98380125782297911,-7.7271932217157513,-14.65423763889763,-1.9398482477380021,,0.167009132330852,0.2307692307692308,0,2
-0.63935427739349993,0.7669195691152344,0.055321627658074267,-0.76890742724823935,-0.63743743971797706,-0.049546733174686608,-0.0027342825620040581,-0.07421512617986524,0.99723850644917311,-22.48550177323148,-0.9688479833763779,-2.9290928318567881,,0.1373381440084692,0.3043478260869565,1,1
0.82113098749042568,0.56761674068904133,0.059624970210056971,-0.57073930355195357,0.81677273017902519,0.084492334663769375,-0.00074078609025479084,-0.1034095881698263,0.99463858175244602,-17.847269718856399,3.1043767883731732,-2.9430105465564544,,0.07535439581021283,0.2,0,4
-0.99723452062986195,0.074077854202618088,0.0059818375826987506,-0.07430235081101251,-0.99547921735840361,-0.059163235809563917,0.0015721094387340471,-0.059444085696026133,0.99823039882968734,-11.06938176631891,-15.212138060190309,-2.0421191275569099,,0.07967299859401653,0.4,0,1
-0.90176505961669851,-0.43212551697122442,-0.0093442408382760217,0.43221278534556712,-0.90135318875911308,-0.02746884230550431,0.0034475264057538708,-0.02880914257887587,0.99957898530608913,-0.62059231208398558,9.321046831840448,-2.2862737901957573,0.1915844409477674,0.1354565167872145,0.3953488372093023,1,5
-0.90350994687902153,0.42321929146394932,0.067492275287035663,-0.4285568166270915,-0.89112216201038796,-0.1491319794557347,-0.0029716684070887748,-0.16366650147994549,0.98651124954568747,-18.199707800029781,3.8936570159259252,-2.9774721181877353,,0.08383487733341888,0.3,0,2
0.90911472660433612,-0.41602293134964929,-0.020864670195535139,0.41652175247900181,0.90845945012272677,0.034800247047033078,0.0044770060246292209,-0.040328006074667508,0.99917646506665547,8.2567633546661341,-3.3530288725994239,-1.6060775821342461,,0.4154053807920327,0.8736462093862816,1,5
0.1508283708653107,0.96816264894369086,0.19977959788840341,-0.98825196348592104,0.15271458191416121,0.006026038251193259,-0.024675072610595469,-0.19834147740984201,0.9798223303898228,-0.57564228075759161,4.451519056938082,-1.9938910766470626,0.7176127304227876,0.3203363440991197,0.2272727272727273,1,3
0.93116663148962941,0.36341043969243142,0.029352286500538331,-0.36457409519351941,0.92893262757244566,0.064574782579408338,-0.0037991464939783502,-0.070830966066437587,0.9974810979321922,7.3457263170542149,11.687159151144209,-1.881950264491161,,0.08908266414733176,0.391304347826087,0,5
-0.01215883494957839,-0.98753457495896779,-0.15693191515201829,0.99990563390803955,-0.01100430694453503,-0.0082236553692847224,0.0063942170459890752,-0.15701709616879889,0.98757518473232586,5.276177481495111,-5.3967391776506872,-1.6421829712225084,,0.09139566469034685,0.2325581395348837,0,4
0.7659651535288422,0.64165905708869431,0.039636322175313363,-0.64286387935053824,0.76495038107449498,0.03971079349951756,-0.0048390294392531329,-0.055897843876419807,0.99842476674211822,-27.64336675664606,3.133464850621948,-3.3856922337207851,,0.0644623673641497,0.2105263157894737,0,1
-0.84123770615698301,0.52422259470799981,0.1323245742005226,-0.54066421238618645,-0.81512964476616723,-0.2079564177134397,-0.001153769718013726,-0.24648394150734049,0.96914618886649073,-17.60348472758244,17.193872580731782,-3.2631254116965271,,0.270270014475795,0.1666666666666667,0,1
0.72670481601914338,-0.67865035308548205,-0.1064603617856551,0.6869016418588022,0.71603843638040909,0.1243185104382268,-0.0081390900144706867,-0.16347065755923421,0.98651462195493422,-17.42185885177047,6.5029373498345819,-3.0514975416192001,,0.252530690332918,0.3469387755102041,0,4
0.97818173002967979,-0.20764489694852389,-0.0066407685835886514,0.2077091219064876,0.97684225721774132,0.05134320978070285,-0.0041741721310670872,-0.051602337979846043,0.99865898834488809,-7.8981077553996926,11.52918086033478,-2.6842323610361682,,0.1056223382600463,0.4210526315789473,1,5
0.15889642082448679,-0.98689215339066927,-0.028210016396572359,0.98729037784081031,0.1589206028776243,0.001397069777058437,0.003104395612212723,-0.02807346713428403,0.99960104200172906,-24.009620985843451,6.7734740066228198,-3.3640895246638829,0.4282391387557949,0.4097435291743238,0.9523809523809523,1,5
-0.33051350301895388,0.94329506081627568,0.030907160363879301,-0.9437916415814418,-0.33018499810828889,-0.015336371971105191,-0.004261643244904632,-0.034238797640218192,0.99940459431253614,15.35725719559129,-2.9621216908136891,-1.4636656231027543,,0.08087352812178079,0.2173913043478261,0,5
-0.71523558167277257,0.69851264539330005,0.022762841098276702,-0.69888316311811083,-0.71482683583812323,-0.024185100282639239,-0.00062210870056146009,-0.033206610656786352,0.99944831481645602,4.1532805773739341,4.427699579060743,-1.778563326604756,0.4604639218712505,0.364724753081103,0.9043062200956937,1,5
0.039593127320775627,-0.962151795893191,-0.26962252489076011,0.99912584090811474,0.04174348127510142,-0.0022440589760283321,0.01341410819299889,-0.26929798259649662,0.96296347712197461,-7.1074726276613234,-12.74642482208108,-1.9534986608242764,0.7377451706930888,0.3343757195696117,0.3513513513513514,1,3
-0.82720141079266551,-0.55932729103016332,-0.053766230028553637,0.56188719733051462,-0.82260607139996644,-0.08718961389966616,0.0045391032906907207,-0.1023339279260434,0.99473974673607179,6.613493235130818,2.3688855318622761,-1.7105864597682776,,0.1687971808215309,0.1818181818181818,0,1
0.9971472082188696,-0.072702335608742646,-0.020293238734794959,0.073949239400705774,0.99483315897478919,0.069559296979616353,0.01513126344264536,-0.070861528358306725,0.99737138953619153,-9.176889862623284,14.72571443408577,-2.7928982414722601,0.1283626202896685,0.1205248343092759,0.2758620689655172,1,5
0.32513809666307641,0.94467919280111612,0.043202323860431872,-0.94560611022464236,0.32426138173301222,0.026146522185890319,0.010691230244062631,-0.049353611876207563,0.99872414539283005,8.0799335558020289,-4.4008538835316244,-1.5952866275999951,,0.1209230315108796,0.3076923076923077,0,5
0.50700561782771769,0.86073629467067203,0.045588754399932797,-0.86192973394225958,0.50657898080498887,0.021327680436592548,-0.004736796107174061,-0.050107556747279798,0.99873259460150687,0.23928463203377251,11.712217261620911,-2.2621643535850122,0.2449557270735979,0.2259571026144858,0.8035714285714286,1,5
0.12840505894845899,0.97946935209306674,0.15540890948343339,-0.99143617342420765,0.1230213354143785,0.043818546973015772,0.023800312233375139,-0.15970453764139031,0.98687790825123989,-22.71571702382251,8.1767893271163246,-3.3107786571275275,,0.1902703585037752,0.16,0,2
-0.098399352775078233,-0.98846135542164892,-0.1151595250573858,0.99512563956396771,-0.098494527732615342,-0.0048774469893321714,-0.0065214151723669619,-0.11507813365155881,0.99333503627901099,-15.156957039157531,14.62611798791556,-3.1492865661893044,,0.1449830493025034,0.6097560975609756,0,3
0.9219356241508212,-0.38723077106137233,-0.0093292478180910937,0.38734202818685609,0.92160794210331642,0.024595817778299341,-0.00092634860017307011,-0.026289370386253459,0.99965394556464671,1.297725531823346,-9.1986817678466934,-1.7204100708717378,,0.1201998084031846,0.3103448275862069,0,5
-0.393883366003836,0.91870904772988526,0.028802423591320271,-0.9191499893546059,-0.39353611967460678,-0.01710612699823226,-0.0043807596275399147,-0.033211566218701721,0.99943874290242751,-8.4717291146156271,9.0088922462757637,-2.67944652927789,0.1547549775681596,0.150097962582482,0.6982758620689655,1,5
0.17578352545092721,-0.97816329717996042,-0.1108905596977109,0.9844010876729995,0.17381388940527681,0.027262252988799879,-0.007392615792691546,-0.1139530425212006,0.99345863191775763,-3.654595297638465,2.104798995521747,-2.1407027842146595,,0.1164485613286887,0.3263473053892216,0,5
-0.59033434197921297,0.7913693025688715,0.15887099052888379,-0.80693628209061241,-0.57400509964618351,-0.13918326848423801,-0.0189526073602076,-0.21036342964458901,0.97743952556790781,0.67105386822264279,-17.758492676968071,-1.6764269414630595,,0.3277131857178521,0.2941176470588235,0,4
0.89019428690566171,0.45544326035843941,0.01120571972681709,-0.45554269282570209,0.8901693024051297,0.0089144864503276806,-0.0059149449388097922,-0.01304030864818397,0.99989747663284534,-15.695340525944131,3.305627140159316,-2.8918299961169294,,0.06836499580700792,0.2407407407407407,0,2
0.96142215553204569,-0.27483560760788062,-0.01152508754509083,0.2750610614564783,0.96006860675883177,0.051085054434647788,-0.0029751172330391659,-0.052284405963562493,0.99862780332338363,2.334989953763881,1.601419777222588,-1.7578237552288853,1.145640559340449,0.9712642298040144,0.7876984126984127,1,5
0.97985111997699093,-0.1941116280524732,-0.047036778531863693,0.19971516212543569,0.94942484227102553,0.24229387713239869,-0.002374172918763952,-0.2468058847220975,0.9690620303001739,-3.7842611814854341,-4.9785976437782438,-1.88150587698412,,0.1408741027658068,0.3270440251572327,0,3
-0.89167305541346131,0.45227188999129181,0.019217173916229131,-0.45267985081697693,-0.89090075896583898,-0.037105125500542638,0.00033898958865256218,-0.041784868048091311,0.99912657350721168,1.0432654447737091,10.85864485164555,-2.1950322907566742,,0.1091095347242691,0.3548387096774194,1,5
-0.5258465920569283,-0.83580144476880835,-0.1578648363141297,0.85049396493700002,-0.51402771038383122,-0.1115147011084044,0.01205724793869584,-0.19290271610303611,0.98114380438966031,-8.0694005459727123,-17.873449563583531,-1.9104516954193178,,0.1544287412606389,0.1428571428571428,0,2
-0.0239282953967325,-0.95405476892613794,-0.2986752995624179,0.99969997716082948,-0.021271036460186799,-0.01214490315095521,0.0052337695825655046,-0.29887629698121387,0.95427751034945452,-14.67634773398323,-0.13941448996712319,-2.6663462677277319,,0.231228167566505,0.2,0,1
-0.84729094187559195,0.52859959998960637,0.051773764653554842,-0.53109643956596619,-0.84428410772336515,-0.071560585004011509,0.0058848700858633316,-0.088129497539646467,0.99609164235399694,-1.3388821171515699,2.6225072365027979,-2.0391155057566928,0.818001388792081,0.4819928143396794,0.8786610878661087,1,5
-0.99955017189350881,-0.029984932360190411,0.00059807943631349993,0.028852031008938919,-0.96684563870359996,-0.25372637077467453,0.0081862185602732188,-0.25359498171529959,0.9672758505589294,-4.5686441008062388,-2.9642997736959842,-1.9943728217195571,,0.5847133634568823,0.3120437956204379,0,2
-0.22199750942916521,-0.96829040008580336,-0.11458973299961531,0.97371233120503209,-0.22630479406529341,0.025892783595583391,-0.051003939715577457,-0.10582930258080971,0.99307540340537559,-9.5242387960047097,-11.864017734748529,-2.0281141497344333,,0.2885043922223849,0.25,0,2
0.66856139382635271,0.74298221465232694,0.031671618134985313,-0.74351661531138924,0.66865609602482423,0.0090591392933813148,-0.01444664116188793,-0.029604965110009179,0.99945727302370202,-22.03934632761359,5.1397565684604558,-3.2503692468716157,0.1779256082943712,0.179587612117701,0.6875,1,2
0.76545173627704322,-0.6433044565031979,-0.01558895999048977,0.64349103179363465,0.76528883893876665,0.015883481888986119,0.0017121424074121941,-0.02218939473891935,0.99975231899180761,-2.396849825897732,4.2080692535748199,-2.1270226866426194,0.3078474025950542,0.2586386860633293,0.8800539083557951,1,5
-0.98939168292016222,0.1433261017016286,0.023700766642083711,-0.1449779192314849,-0.96377186162487971,-0.22388658216923479,-0.0092466590570399083,-0.2249476101476228,0.97432698412040031,-14.635229292182119,2.5475881017603399,-2.8544434077096943,0.4984787493482906,0.3983458292955726,0.5828220858895705,1,4
-0.99160572934542301,-0.12632022288225189,-0.027591281599617261,0.1287088132477022,-0.98470345586036201,-0.11744422254426749,-0.01233364997473487,-0.12000960506408451,0.99269611451373307,-5.3948942468721839,-19.995305076403209,-1.8428495450676594,,0.250571493903571,0.782051282051282,1,4
-0.17699278617537609,-0.98338295686453903,-0.040392001562610649,0.98420564554519319,-0.17669331292110979,-0.010895891240842351,0.00357783717448166,-0.041682530121372227,0.99912449963146921,-8.2911258072344367,5.4839434653996761,-2.457665341816051,0.332725252248267,0.3136198571930911,0.8218465539661899,1,6
-0.7979961351636482,-0.59889993665634011,-0.06723863574546117,0.60235114939147838,-0.78901797144584584,-0.1209286300354297,0.01937165688948693,-0.13700184892370121,0.99038135700387753,6.0990009079358742,-6.1829823679032927,-1.6119083690475284,,0.4082549723508739,0.1290322580645161,0,4
-0.6640410780283722,0.74581497192490276,0.053004474750484053,-0.74553744402133693,-0.65507520640746852,-0.1226800452899537,-0.056774697295979788,-0.1209814101540797,0.99102983413421042,-7.2268927875934574,15.30674186671189,-2.6608892160023703,0.5026413893371385,0.190019632126412,0.3043478260869565,1,3
0.48903881963685231,-0.85906710952776566,-0.15114474590870111,0.8722614323693112,0.48143942158586361,0.085884090168717328,-0.0010131580496346439,-0.17383838664311349,0.98477367391705151,6.3122805221914859,6.3639121432612171,-1.7888595832379046,0.6153661392375659,0.4286891881405229,0.6052631578947368,1,5
-0.1850885743117314,-0.95817295138908209,-0.2182815037642605,0.98270447503434599,-0.17914123731201231,-0.046907694910241819,0.005842465808348735,-0.2231882889415514,0.97475784340143745,-13.41829874027157,8.1097459735763948,-2.9354708627253578,,0.2876277344138733,0.2452830188679245,0,2
-0.9656795753072448,-0.25874412589301132,-0.022681162895298701,0.25973626101233438,-0.96192977258150481,-0.085018746971646866,0.0001804155039391255,-0.087991987914570538,0.99612116608025658,-4.8881831382959433,4.8104803356492312,-2.2301955222717207,,0.1382309955644561,0.5425867507886435,0,5
-0.52274237576764193,-0.81811977907974098,-0.23962561560759141,0.85247329335659672,-0.49985935883092691,-0.15306830339065131,0.0054490999769936594,-0.28428972627875659,0.95872293121724717,-30.514294447405721,3.303849613699128,-3.3607114726981946,,0.4685491371599464,0.2173913043478261,0,1
-0.64818066656720419,-0.75510141825170407,-0.098405648429146078,0.76148610951405116,-0.64260033109173686,-0.08487472826433641,0.0008535254242620961,-0.12994869231760581,0.99152035221638024,-2.0319009782845541,16.38686647008473,-2.4207025528403454,,0.1660562103021049,0.4,0,4
-0.40819743460265762,-0.91221000938014274,-0.035323549800250847,0.91289232813808019,-0.40782477099241787,-0.01750866618618873,0.001565761938010436,-0.039393590235768917,0.99922254450041881,-12.108730997265891,10.537425071456431,-2.8406338224024283,0.1672152028983299,0.2159108314886274,0.7721518987341772,1,5
-0.50911402369795855,0.86054153036579373,0.01646770748379003,-0.86069896851993422,-0.50903061514874448,-0.0092259649908005645,0.00044324123827846909,-0.018870807004149059,0.99982183221822896,0.81210251323285831,-5.8222302204910648,-1.7305954650482296,,0.06575555604651211,0.2577319587628866,0,5
0.67609427667130984,0.73664541244728232,0.01581345543112277,-0.73680313289661814,0.67604999768465446,0.0088059062172823003,-0.0042038560901949259,-0.01760502629798116,0.9998361819033259,-3.7160803422754611,10.70143057109982,-2.475583626037821,0.3485362483950358,0.305055727284871,0.8571428571428571,1,5
-0.98277629185644622,0.18449224931742611,0.0106475399361199,-0.18478227750275111,-0.98183430644818592,-0.043091815955088812,0.0025040139358327601,-0.044317091772900337,0.99901437691907247,-10.773226039400029,3.6872789181387868,-2.6002483398032519,,0.07926351630005425,0.3195876288659794,0,5
0.19782269360569779,0.97752634119552018,0.072859001938565163,-0.98023141401850833,0.19754289457902061,0.01109863832258965,-0.003543566827349185,-0.07361424502254714,0.99728049517871287,3.0406840274193878,-5.9330255739150184,-1.6708902094102442,0.2970240723921789,0.2250485268729941,0.5232974910394266,1,5
-0.99504077249865208,0.098778443095017349,0.01169103267512535,-0.09946382730798789,-0.98916569014740474,-0.1079730729971876,0.0008989563577793654,-0.10860044481922559,0.99408507445919025,-15.30264991228977,6.5466455006014712,-2.9756487456938046,,0.1107772358204531,0.2549019607843137,0,4
-0.25976893639797072,0.94679730253401462,0.18998675637259591,-0.96565595276596472,-0.25359689379867012,-0.056543756006496818,-0.0053554243831176913,-0.19815015359564839,0.98015704663063929,-0.42136078045460579,-10.77044388272401,-1.7828618191572767,,0.1734646868782093,0.2837837837837838,0,5
0.9683656211376841,-0.24858386859085191,-0.02177347181859661,0.24953546327780701,0.96457498018992738,0.085598832692585516,-0.00027634282949524311,-0.088324220166435971,0.99609174063769512,-1.0675086324286129,18.087084741025901,-2.4271249944085587,0.2586709781381841,0.2281064392532444,0.4090909090909091,1,5
0.99868639098687428,-0.051030486288265307,-0.0046240595579914983,0.051214180859041253,0.99695876765052005,0.058739452531447862,0.0016124938914915501,-0.058899109279682428,0.99826263818171135,12.43317982932194,-5.0750114223900482,-1.4981605424754072,,0.2394225638053486,0.4102564102564102,1,5
0.87611386525836277,0.48146258554028648,0.02486511264636106,-0.48202447204059401,0.87386488035996945,0.063344922665084208,0.008769461559331471,-0.067482957836191002,0.99768188664806401,3.061456182417047,9.2997091715650697,-2.0766850991996502,,0.09616036958923144,0.1304347826086956,0,5
-0.0093034986527015737,-0.97963444780336106,-0.20057366125646489,0.9992305663181642,-0.001464995244162607,-0.039193483188092793,0.038101446800612587,-0.2007839696438401,0.97889431364461477,7.6498065819470176,8.7322588731206565,-1.8653762188028176,,0.2491206392999307,0.2857142857142857,0,2
0.9982109104443414,0.059370331713625928,0.007081100344834378,-0.059748033584533927,0.99496687419794083,0.080443096233057509,-0.002269526968554066,-0.080722258150980705,0.99673404992823722,-11.81324831723146,-10.62873050992286,-2.1529415301243251,,0.1276714014667048,0.3529411764705883,1,1
-0.78078286231925764,-0.6242146283483998,-0.02709648804580795,0.62478422502329378,-0.77969410902502567,-0.041494198554901829,0.0047743136249792633,-0.049327417401892899,0.99877125099888098,-10.51882877055208,-11.131052250941741,-2.0763261779699134,,0.09307896255290415,0.45,0,1
-0.66145448072184176,0.71970976715559865,0.21094032567016019,-0.74998083164476459,-0.63377665685868345,-0.18935654566573129,-0.0025927009905558798,-0.28345193645813221,0.95898293917030086,-32.88970863545768,3.7556351305304361,-3.3784513887221617,,0.3804269428068039,0.3333333333333333,0,1
-0.60180324274623109,-0.79739608398245299,-0.044635661410691578,0.79863482043428835,-0.6005818547700551,-0.038520894471089209,0.0039090420838265383,-0.058829592641880202,0.99826038608149603,7.5746108729693162,-6.1112411751313118,-1.5773892123842206,,0.1098577417152552,0.2432432432432433,0,3
-0.49877717905518032,-0.86346295890824343,-0.075186729195904023,0.8667129512030316,-0.49633896990924931,-0.049560943961521213,0.005475935599360055,-0.089885179773124504,0.99593708063635478,-9.0971719493471142,-17.561134587625791,-1.9347222807859408,,0.1090380207696207,0.25,0,1
-0.2065197894688785,-0.97763725956258973,-0.039685832140450537,0.97843837840919412,-0.20623235676359639,-0.01124965242660968,0.0028135766769327229,-0.041153417096063377,0.99914887781931716,-9.2001173122937843,8.5925830466627815,-2.7190980654803196,0.1286444446635895,0.09427924884983016,0.3673469387755102,1,5
-0.44682407730634188,-0.89434794947993834,-0.022135699680963569,0.8945971285633002,-0.44649101763572191,-0.018486447384925171,0.0066499252352444464,-0.028062723168770991,0.99958404452187932,1.3379324815110609,6.5250302737090351,-1.9708091673165606,,0.07290415178890766,0.28,0,5
-0.69235412052485856,-0.71543885442270849,-0.093771090292118359,0.72153983533544586,-0.6855465588419688,-0.096985471510083909,0.0051027263641993956,-0.1348078678796531,0.9908586180386153,-7.2647548877033472,-8.369015889251699,-2.054444528884384,,0.1581889994660943,0.2837837837837838,0,1
0.1176200914283376,-0.98924702864777814,-0.086924279714778424,0.99305362591470459,0.1168891616189292,0.013469222460235349,-0.0031638821167939918,-0.087904722328026152,0.99612386260062302,-13.51326729814321,0.1363659664404224,-2.640037674987826,0.3368222067248922,0.2236649280699185,0.6595744680851063,1,5
-0.1475663987586876,0.98725691145483152,0.059564660177476351,-0.98885923102077988,-0.14608037766122159,-0.0285997287984672,-0.019534051868032459,-0.063121423043378297,0.99781466554195064,-9.417620006114916,11.792585424670021,-2.7998106929037654,0.5446173033077638,0.2307137073938575,0.3111111111111111,1,5
-0.93846869805256961,0.34534388748181832,0.0037552835391393168,-0.34340458060525719,-0.93193161397436408,-0.1165193584537063,-0.036739580765728953,-0.11063935219478239,0.99318132128583458,10.645747122399239,-3.126648644187298,-1.5613913350327988,,0.6917402623410291,0.7702702702702703,1,4
-0.98525730816194879,0.1707324647685983,0.010884033604865499,-0.17106131229435259,-0.98224374813144277,-0.077040552261977799,-0.0024625494119898139,-0.077766604212450213,0.99696855071745327,8.9943611610857488,15.2302106466702,-1.7998869680808296,,0.1343676964838933,0.2631578947368421,0,5
0.97446969883340084,-0.22394450614447581,-0.01605192272747245,0.22379238742575841,0.96308266719238955,0.14962868536438181,-0.018049193495033339,-0.14940091807382169,0.98861195233159038,-18.804923090521001,10.34066248330268,-3.2113635460209782,,0.3833955144867877,0.2142857142857143,0,4
0.4358800695954505,0.89807073860825648,0.058970445013475113,-0.89990124025241447,0.43588713152696218,0.01342260635511025,-0.01365000811841036,-0.058918223198080821,0.9981694847337047,-20.96141892292033,7.6855912100282922,-3.2639579009849187,,0.2090078495160569,0.8253968253968254,0,2
0.96562880210019153,0.25992415391480378,-0.00067139125918245081,-0.259844800277515,0.96539172887521407,0.022349263702944159,0.0064572690270604466,-0.02140663520964492,0.99974999857249991,-9.0936338091485283,-5.1709546726221731,-2.2328153800594035,0.2525423369858742,0.1725032326214765,0.7027863777089783,1,2
-0.95393044500800339,-0.29794857548005949,-0.035261203272667671,0.2989962292364548,-0.95379987654989595,-0.02944571948153369,-0.024858821154962799,-0.038632135105468042,0.99894424126073167,-0.56348402985821622,3.1597092641304978,-1.9863431449985793,,0.2451639823732392,0.1605839416058394,0,4
-0.67124790892483976,0.72106735294460078,0.17172104495808779,-0.74123251861324579,-0.65322767402694948,-0.15449258634512661,0.00077337849400331495,-0.23098804818173821,0.97295628035533888,-6.9593738833125087,5.8602898617966162,-2.4038473425959315,,0.3873534805342385,0.2247191011235955,0,2
-0.58118386047097181,0.81260541356566884,0.043563312222872262,-0.81377073907657327,-0.58024529910407119,-0.033054153905309212,-0.001582577273562497,-0.054661089555519501,0.99850371092839596,-16.741257200933401,5.7089593295775964,-2.9906413575638053,0.1229985486310542,0.1028878963134584,0.5510204081632653,1,4
0.74731259635234815,0.66074648614403775,0.070270650924973296,-0.66442467920063386,0.74433881447241512,0.067078871032051235,-0.0079830446727625903,-0.096818439969391629,0.99527004409840758,1.5377757716530309,12.25263265293168,-2.1889512232408301,0.3668246128438464,0.08389395967677657,0.2857142857142857,1,5
0.54503959139694858,0.83806397231855145,0.024096101582985429,-0.83840053568910178,0.54494685344852245,0.010838296581172951,-0.0040479088520395017,-0.026109485215235439,0.99965089367024573,-10.30688530975975,9.5772059444846604,-2.7762492664367668,0.2824491944371922,0.2163225923006105,0.7559523809523809,1,5
0.94635374785978865,-0.31758309931010742,-0.059628507815633738,0.32312596435478208,0.93125240433797485,0.1684000313970708,0.002048187375393481,-0.17863351994328719,0.98391354827604005,0.4877315339570174,13.68185084588956,-2.2569797076547187,0.1367937511960753,0.1409680920881741,0.2272727272727273,1,5
-0.84608689701967787,-0.53274363724074192,-0.017921486297678112,0.5329832775632416,-0.84499907634602212,-0.043650736675502302,0.0081110128564590572,-0.046484168852139997,0.99888609636763281,-5.8260682196454638,10.508800732746691,-2.5638280617264777,,0.06981741437993665,0.1923076923076923,0,5
0.33850571282515229,0.93875273871619913,0.064476181164601826,-0.94096412969925125,0.33775544917374861,0.022533600972092879,-0.00062370190456789026,-0.068297526355456661,0.99766480287201631,17.1955856136919,-1.969929653517198,-1.4222904844405704,,0.3636586183335415,0.3636363636363636,0,4
0.248514623747326,-0.93613974126997401,-0.24876267123246501,0.96862132680373692,0.24114114418566551,0.060196958742086387,0.0036341497896231209,-0.25591665322095491,0.96669201897992929,-5.3917468467418104,-9.3219980576293153,-1.9559156650963629,,0.4905372172891347,0.5,0,4
0.46216596189856679,-0.88358972411549475,-0.075311507088073978,0.8867927198209008,0.4603868995590904,0.040528690911719498,-0.0011383035720475469,-0.085516677624148704,0.99633608893440451,7.6223582422979348,5.0298770721730932,-1.6771043377447137,,0.08478252076056278,0.3333333333333333,0,9
-0.08193689709597328,-0.99224750816596352,-0.093441037198439131,0.99638142176933731,-0.083680324386968541,0.01488844059683154,-0.022592194386503239,-0.091883000870280229,0.99551348906173764,-17.517918722114121,16.079873895517409,-3.2745278567528073,0.1966163725634189,0.1927028210257678,0.2857142857142857,1,4
-0.2395006431921605,-0.9571368783313613,-0.1628755293119214,0.97074997604325808,-0.23315945921983769,-0.057281328444150299,0.016850101559194999,-0.17183033118285609,0.98498244215977504,-18.83044242884533,6.9179404005366791,-3.1340481776864264,,0.1720986905208556,0.3333333333333333,0,2
0.17005834229038491,0.98344293662444704,0.0626111062107228,-0.98540996239825274,0.17015434417825501,0.0038347312216349479,-0.006882312381790481,-0.062349735851501782,0.9980306329043851,-18.235533120172729,13.26424910048271,-3.2541967053169198,0.209921486459572,0.1596114974865778,0.7,1,3
0.99750294222375369,-0.070401004601637535,-0.00561950229421677,0.070600875844985686,0.99192530290732539,0.1053551602064724,-0.0018429826031227451,-0.10548882406819581,0.99441878070148781,-3.9273920931776019,8.7676349208158797,-2.4688112695574072,,0.07224205679849768,0.4390243902439024,0,4
0.2907018005697794,0.94950906540160218,0.1180042281685903,-0.95664425715924939,0.2861104329719184,0.054521421375910588,0.01800634304117538,-0.12873754256159239,0.99151521256382436,-8.8718361204772691,-16.404513262643519,-1.9438490834524014,,0.09658510156359765,0.1818181818181818,0,2
