axis_00,axis_01,axis_02,axis_10,axis_11,axis_12,axis_20,axis_21,axis_22,location_x,location_y,location_z,dbh,dbh_approximation,score,reconstructed,number_clusters
0.019371974931266869,-0.9879361382257642,-0.15364541442824123,0.99316530564834804,0.0013237850775848785,0.11670871111228966,-0.11509735984672231,-0.154856173208019,0.98120954101337732,-25.600867676272806,8.64380726924173,-6.5214079117476667,,0.1785538189297455,0.4736842105263158,0,1
0.79618515423938063,0.60020942414464351,-0.076405806957128328,-0.58960714437834938,0.79799999568751789,0.12473741291501415,0.13584040439730294,-0.054264666687245999,0.98924351424838786,0.55633370466630461,-3.6974385356877693,-3.4984283157355862,,0.3757377382001298,0.9529683885890516,1,5
0.00075609380551192561,0.9997755341500667,0.021173323714229354,-0.99326051759368594,-0.0017031744852375032,0.11589065271279431,0.11590070108365146,-0.021118250676207033,0.99303627676772044,8.4594896478896171,-13.649306847039211,-1.8413154609867735,,0.1720386866239887,0.4444444444444444,0,4
0.78826251237501244,-0.60777108441494687,-0.096210812975004445,0.61525231752530962,0.77583203116872446,0.13981861532838111,-0.010334281008734587,-0.16940769864941085,0.98549187428123519,-3.544569526315926,-19.112599663007341,-1.7373317468767395,,0.1473135603920444,0.5769230769230769,0,3
0.22230731171105467,-0.9454560948036127,-0.23810130608315846,0.97013085200415305,0.19018680830728116,0.15058256185755914,-0.097085473421620383,-0.26446502745087369,0.95949604486204565,-18.121834543128784,3.0753170946798316,-5.3600386988189186,,0.4303933906237078,0.7945544554455446,1,5
0.46976978467411845,0.87803850304906528,0.091458933793204286,-0.87062881315064533,0.44366915647079108,0.21251623304678657,0.14601992713027781,-0.17946048801854464,0.97286798391200802,3.890949382467856,-14.284252475828989,-1.9684722690518526,,0.4098343042000391,0.6923076923076923,0,2
-0.89087994225036238,0.45255943877750698,-0.03902413188502319,-0.45366710987524878,-0.89077807748998994,0.026468284430186645,-0.022783369229128062,0.041284028832299792,0.99888765486912701,-5.1378199291498188,-16.572247323518162,-2.1471813051946653,,0.2074990155104457,0.509090909090909,1,4
-0.98893122274098599,-0.099566410987004847,-0.11000712018403935,0.097926069985534075,-0.99498809290657542,0.02022819298219812,-0.11146982329405168,0.0092317266696765061,0.99372493866134304,2.100326756865404,17.488622337509881,-6.1114803095107657,,0.299830345069146,0.7647058823529411,0,5
-0.20409858992145299,0.97894684268962817,-0.0026162530618800885,-0.97447178428120607,-0.20290879938535303,0.096087256032203056,0.093533455147760722,0.022160738254935683,0.99536947634942041,0.85502593646836422,11.460176055876666,-5.3741354118438815,,0.07675210132251414,0.2432432432432433,0,5
0.088040693547119298,0.99557776276464705,0.032768194461728253,-0.98697318781834753,0.082738359717254101,0.13797931134407967,0.13465794743508616,-0.044489123612830195,0.98989290080934078,-4.9214189410903604,-15.060355205978716,-2.3469663408995127,,0.5082299126486247,0.2083333333333333,0,4
0.49517929465569044,-0.86063845797571736,-0.11873883441178855,0.8663871470529213,0.47901614188236907,0.14112706061428343,-0.064581557474178125,-0.17275699832223063,0.98284497351561018,14.323030542316928,5.5152090422864717,-4.0673234702874357,,0.2172213679874307,0.2222222222222222,0,5
0.73499735446070624,0.67606186024129489,0.052146429051691839,-0.66213257950926052,0.69902078688111824,0.27009329251300512,0.1461483359062844,-0.23304570503483377,0.96142101250006073,17.766741875994001,9.3752404609283602,-4.3890782078447934,,0.301625936289738,0.3043478260869565,0,5
-0.96324725074382089,-0.23849660397790021,-0.12358844535585739,0.24579474028684323,-0.96816244671849261,-0.047396438804871287,-0.1083498019462535,-0.076031879202537761,0.99120102590904213,-6.7681024721844922,2.80899004655859,-4.6866678578064613,,0.2520450690033289,0.3225806451612903,1,4
0.94818043497206594,0.3161429773309834,-0.031740835220368163,-0.29658175801089448,0.91647385993609809,0.26854222176223613,0.11398738329899687,-0.24521272792849094,0.96274482315435861,-2.0944087554960564,-15.442011475941298,-2.1385732153372006,,0.3621804324517701,0.2,0,3
0.23471137636046116,-0.8902677902537558,-0.39029966877217936,0.96748138130802819,0.17500089531837337,0.18263204390270102,-0.094288634677188593,-0.42047348105970106,0.90239221245323797,26.330017347421101,-1.6735844310605963,-2.6827812126737394,,0.240165113860694,0.2,0,1
-0.70151205580691023,0.71064525671904344,-0.05351779760311251,-0.71217449763647911,-0.69629241032384281,0.089355269803421455,0.026235862360357031,0.10079780963958668,0.99456094891065916,5.3044127645108343,-14.141627970900755,-1.8963697986565946,,0.4715141835794778,0.918918918918919,1,5
0.81893196089850284,-0.55175468563488361,-0.15785186187968112,0.57388523669256164,0.78614564672912313,0.22941394298335335,-0.0024856639462411396,-0.27846326330199761,0.96044366438950868,5.5098470218208986,8.6283075680066954,-4.8330670652254799,0.1319610148886549,0.1004656287744325,0.392156862745098,1,5
-0.96087739676225925,-0.25996206242406289,-0.095573816977305354,0.25420836183045054,-0.96473250222972939,0.068332334345047957,-0.1099669821667513,0.041363332092473871,0.99307418534132952,11.16631281366754,29.004004786952688,-7.2997858248330809,,0.5013441677786807,0.6944444444444444,0,3
-0.98875494583413681,-0.094790143265754551,-0.11566540462986406,0.10432208312156176,-0.99137411317295931,-0.079336439948524351,-0.10714737543080746,-0.090510753340062283,0.99011476277657018,-1.4796258522962817,9.2507301765841277,-5.2372645184492539,,0.2998797243766473,0.131578947368421,1,5
-0.57223059969455004,0.81730198744315841,-0.067598832051152594,-0.82008602512524609,-0.56994446634782059,0.051207584143105667,0.0033244800331929127,0.08473940406305723,0.9963976019800268,2.2415749376128811,-4.307525790648846,-3.2949846686390289,,0.2228522052079326,0.1666666666666667,0,3
0.95146754208450302,0.30770007066273219,-0.0054938942311630219,-0.29639997292451126,0.92103669491752582,0.25266274491057961,0.082804422647722073,-0.23877201077502616,0.9675388128961171,-7.495062460526686,-8.625368776425681,-3.3290709896088932,,0.2134290594218481,0.2247191011235955,0,2
0.3218419690838854,0.94570411673418997,0.045403419785444404,-0.93687675016685079,0.31118211442821908,0.15946048619260997,0.13667370607768003,-0.093858485242351797,0.98615966395660493,12.608714122639793,3.6456837418259451,-3.8786436202035959,,0.4777138997622898,0.1,0,1
-0.64880124840936859,0.76089881731320463,0.00948313628561708,-0.75858697461721303,-0.6477125229498778,0.070811648441538505,0.060022845680199659,0.038748902246006481,0.99744462531570199,18.970687158042242,3.2652856943718329,-3.5409653865247535,,0.2268819293874864,0.2352941176470588,0,5
0.13832431700665451,0.98936886575345484,-0.044895777110611192,-0.98223099444943518,0.14284988040838417,0.12172175323328542,0.12684106932502973,0.027260945417089025,0.99154837702829746,-25.644868234837446,2.0353205804694663,-5.7251279536883617,,0.1394076477579786,0.4545454545454545,0,1
-0.11213370418897126,0.99321650557159002,0.030773453576384821,-0.98792862839935813,-0.11476064389403455,0.10405296632959449,0.10687870495950737,-0.018734131236441492,0.99409555614789502,1.3560600660498083,-4.2686429840853961,-3.3561842425797015,,0.09502320759124112,0.3103448275862069,0,5
0.71336054346198141,0.69978581522191208,-0.037637054159847055,-0.68249961794998337,0.7059245722040931,0.18937996160258264,0.15909433217356997,-0.10940891724476905,0.98118228800645102,17.063962328039896,8.0691172537965823,-4.1798415837892353,,0.1298405454271666,0.2916666666666667,1,4
0.56319328911644073,0.82580887421809079,-0.029206546472596948,-0.81351188212632819,0.56031400805005815,0.15571329430128802,0.14495425738309792,-0.063936809785366325,0.98737042067351088,-2.1820977054783568,12.438505661352234,-5.6693984961320565,,0.08787281899215331,0.3095238095238095,0,5
-0.65919002679780236,0.75169671556313511,-0.020507471367972405,-0.75126693167360215,-0.65713878974543194,0.061372700654615281,0.032657402591825327,0.055862857280170188,0.99790422147240754,1.6146371525195635,-13.83057087272914,-2.1388747397369521,,0.1045380931030298,0.2,0,2
0.85741570825087454,-0.50365358750978528,-0.10569468781909395,0.51460584592213232,0.84085227260157835,0.16777448853603713,0.0043733954108050831,-0.19824358614917489,0.98014302729922897,-3.6115509307936002,15.460859731417548,-6.1271496421106209,,0.1115706685088846,0.5555555555555556,1,5
0.64031523713775362,0.76771173708655172,-0.024800923949963343,-0.75583465996885157,0.63550175357855598,0.1576435472461559,0.13678583215740231,-0.082196167417525071,0.98718459579902162,4.0779148846289299,5.8251588646826598,-4.532118568626502,,0.08512862711562227,0.3417721518987342,0,4
0.49314598946599891,0.86890597022392535,0.042537606688906299,-0.85767281024815045,0.47742215006212868,0.19095926579010297,0.14561725047068302,-0.13065414474586587,0.98067584390872287,2.3969592531374424,7.0911359184267857,-4.7786057373165738,,0.4987959952162239,0.8537634408602151,1,5
0.20214666582287863,0.97927571059043306,-0.012482313258925784,-0.96963132592867052,0.20191490793845274,0.13800529602161152,0.13766559945934173,-0.015794068500758939,0.99035283112923556,-6.7090702329943541,18.266887450501123,-6.6564797799974551,,0.2148017415090408,0.8727272727272727,1,5
-0.02966533792952061,-0.98616513215298707,-0.16308985207917784,0.99131056476382029,-0.049945209764385538,0.12169157821815912,-0.12815354818795366,-0.15806267158083934,0.97907755563058696,18.305886119168552,4.4236855246088087,-3.698834808711863,,0.2112049863158023,0.6129032258064516,1,5
0.70241126953190691,-0.68398521565748893,-0.19693306780871908,0.71142078369284101,0.66597585252019675,0.22440283507536515,-0.022335553819846189,-0.29772535770736058,0.95439024220367308,-6.4905932372305113,-7.1679412359199466,-3.4277927007373497,,0.1932950680564468,0.1578947368421053,0,2
-0.99535525761752308,0.054125265293995146,-0.079613860539534842,-0.057095569895941382,-0.99773677491225288,0.035516529756638028,-0.077511334857629233,0.03989716336471958,0.99619285749499209,-8.2791515043910202,4.744467802399658,-5.0046397467680048,,0.1400748141678151,0.2073170731707317,0,2
0.89656282334645065,0.43997897771964267,-0.050927428344847758,-0.42519522318696445,0.88718146862824665,0.17921513301508674,0.12403276168830946,-0.13902352638099016,0.98249088196306744,-22.981698540644299,11.223187931928038,-6.6731667624356144,,0.09027259462140944,0.2727272727272727,0,1
-0.50279839668835802,0.86275939753573649,0.053291596442492289,-0.86315005021588997,-0.50443330026498567,0.022782370291108047,0.046537759936668636,-0.034543704890292591,0.99831907191665392,-21.893063728889718,-0.21873609433434515,-5.2151483641750396,,0.1231888403321121,0.3384615384615385,0,2
0.85310377849268393,0.51720720799547937,-0.068634154172882808,-0.50575932668901824,0.85209490179300851,0.13469143181893442,0.12814619225157331,-0.080193405812975196,0.98850774962846855,6.4939363307249076,7.3987926939515631,-4.6204597326697936,,0.1028656927605183,0.3555555555555556,0,6
-0.047930717062364951,-0.95979856321446555,-0.2765671065281185,0.99155930508358081,-0.079115059589504655,0.10271782634146595,-0.12046904525252092,-0.26930934888636393,0.95548923789771145,14.672684447990433,-3.1639087565522832,-2.9182446838188087,,0.3332505262142916,0.1578947368421053,0,1
-0.5327662295119,0.8455781455911614,0.034025643128179781,-0.84445966460451527,-0.53382442807115549,0.043810442254481878,0.055208872001727249,-0.0053925590508065255,0.9984602649876364,-19.615452050200446,11.848310491636132,-6.5723404888036461,,0.2372587857813258,0.1666666666666667,0,1
-0.69942532289501425,0.71225983003182358,-0.059077510240714032,-0.71432682481914511,-0.69397117278730258,0.090228591278004325,0.023268112020580076,0.10530881189745028,0.99416731443944806,-0.46138412396992884,16.292748703449231,-6.0797775118670394,,0.08522326000176454,0.3571428571428572,0,5
0.82230325562262807,-0.56056572480454114,-0.097894963950073563,0.56904651014370622,0.80947999535952697,0.14466584395084103,-0.0018506987047372586,-0.17466598205460493,0.98462600495173047,21.126203424386663,3.9821107866487915,-3.5290362155212547,0.1568079959981411,0.1672389976051264,0.3333333333333333,1,5
-0.8282302178303379,0.55872707997982918,-0.043113296903901102,-0.56038205220554449,-0.82612104216594673,0.059126806581719142,-0.002581053779524561,0.073130525691144532,0.9973190384092363,-24.343190840036449,26.185943308583269,-8.6382623123012046,,0.2995533325079395,0.16,0,1
-0.51294114378553091,-0.82433418615149423,-0.23950894044679064,0.84884026882220187,-0.52864706905906422,0.001573022921800503,-0.12791239595067794,-0.20249796521746533,0.97089288443419075,2.5344578366427011,12.962992237001542,-5.5158640196234554,,0.318492060564856,0.44,0,3
0.92682283949315569,-0.36551805123564302,-0.08599987450422078,0.37395038466306457,0.91924541994454834,0.12308114283397284,0.034066611281281287,-0.14623410044127402,0.98866326616494726,1.0886552286033508,2.3616705958759754,-4.1980098552292535,,0.2156726308800452,0.8550420168067226,1,5
-0.9870513687118071,0.13837947808935466,-0.081121609746496876,-0.1427658625493089,-0.98844165842397047,0.050999964535473404,-0.073126629996855208,0.061920981385839791,0.99539855738770022,3.9904481751655272,-11.80742331277111,-2.2765394692207521,,0.0952482408975236,0.4166666666666667,0,3
0.26125043016280292,0.96444614964172459,-0.03989783428960314,-0.95641552059410218,0.26421844937633143,0.12433005660690902,0.13045138828874392,0.0056776271819473636,0.9914384498510842,12.429086545884713,-3.4263466184067086,-2.9500052446551521,,0.332160514173386,0.8652482269503546,1,5
0.1893044932112169,-0.97452738124837524,-0.12025053865671077,0.97594579499111256,0.17324991706820914,0.13234149566566328,-0.10813701535186936,-0.1424108473152359,0.98388288758253506,7.9522597131864075,19.026143148484664,-6.0532594192286489,,0.2920932746292206,0.640625,1,5
-0.94073752305226321,-0.29970204850868298,-0.15871860269417384,0.32114590455116471,-0.93765549479072985,-0.13291907718143758,-0.10898725022453828,-0.17601379266537565,0.97833579310993413,-1.0482565274321121,-14.657962947798438,-2.1549373235667253,,0.3664807108668636,0.2333333333333333,0,7
-0.93540355511350259,-0.33540898685694887,-0.11189727707417547,0.32788656734164306,-0.94128102644556233,0.080501106889918725,-0.13232757852365398,0.03861140750067394,0.99045371985412967,8.4382918392533384,3.1085565909729369,-3.9555373399403329,,0.2177770988268336,0.8098591549295775,1,5
0.13869054164644085,0.9861877795655839,0.090546104793743407,-0.98154729909634375,0.12473050521499952,0.14493861012678164,0.13164282469807878,-0.10897689894795916,0.98528889276252207,-5.8545791174423547,-11.788311255658753,-2.7819437102251174,,0.2094727193332423,0.2564102564102564,1,4
-0.48432081992527148,0.87486421551552229,0.0067784804581294423,-0.87395595220326472,-0.48414697717145377,0.042458192427703635,0.040426934034089194,0.0146392932258546,0.99907524946745141,33.656499299435289,3.9670960119749004,-3.2165251268076767,,0.4216484074779118,0.7391304347826086,0,5
0.10119103242350108,0.99484115735715106,-0.0071726275068421039,-0.98755147080917027,0.10131704352349821,0.12032019445755539,0.12042619092088033,-0.0050919858546082429,0.99270922440579057,-0.86977788620332452,18.549393524788641,-6.4108720255582492,,0.0848197451745895,0.3125,0,5
-0.73547805970520952,0.67592811999197255,-0.046831616418597032,-0.6768728538232931,-0.72990131076742026,0.095326891783553677,0.030251668538644642,0.10180988726111002,0.99434379537789086,13.890338349296345,-4.5195749628285844,-2.7893321179838706,,0.09527927488563538,0.5833333333333334,0,6
0.97706349755134059,0.20020989477571174,-0.072545983945631609,-0.18657651879269163,0.96906715158159584,0.16154893487959907,0.10264562527425021,-0.14430819020218838,0.98419460568153272,-7.0985151912676896,-15.837437920843119,-2.3432571445496877,,0.4838684092209512,0.5294117647058824,0,1
0.81521591858969,0.57688251142523539,-0.05127937294548611,-0.56265645051465529,0.80986365579251862,0.16594751495767349,0.13726151963393873,-0.10643038587777161,0.98480041033180543,-2.0571867431719082,20.152354640942502,-6.6748762855233794,,0.1085558270451913,0.5,0,5
-0.57901288259612593,0.81410090721427508,-0.044539809840391499,-0.81382235080615972,-0.57377956450217216,0.092033649759384259,0.04936864507012622,0.089536161591790078,0.99475927371970174,4.6320003591822401,4.1249279089411859,-4.2795267466899016,,0.2097349505896122,0.6330275229357798,1,5
0.97454901478662703,0.21274429044369619,-0.070668837984104713,-0.1866246667876266,0.9445945344859441,0.27002296044168339,0.1241992412409301,-0.24996206172715862,0.96025700527113422,-12.417621549145959,18.192689687819716,-6.9307432128829189,,0.1698494730214489,0.2857142857142857,0,4
0.49133988381689553,-0.86593788771659108,-0.093470279702843773,0.86868245913860065,0.4794510396044584,0.1245692008769335,-0.0630547679062676,-0.14240180911467515,0.98779847185807834,-11.21118607157646,7.9907850056538265,-5.5868898083044449,,0.1681244549582492,0.8050314465408805,1,5
-0.99054775713361864,-0.1089557486157834,-0.083329380659713223,0.10226222852107257,-0.99147248593711912,0.080775901403653996,-0.091419787001836186,0.071490939798292769,0.99324290486833877,-5.6640497563805425,10.410458564074087,-5.5621661786982814,,0.08560530843639227,0.2075471698113208,0,5
0.92362306000464833,0.3784184667637075,-0.060991040652335987,-0.36652081413763266,0.91850040801540345,0.14838966702376813,0.11217368600316605,-0.11470163245456795,0.98704640198965365,-7.3661801446081565,13.10051687842031,-6.0663508393967067,,0.3996355974553663,0.6136363636363636,1,5
0.74132941734488844,0.66918147585960874,-0.051252778904604619,-0.65718502302821569,0.73928644538623256,0.14684480643043771,0.13615630902199047,-0.075177816106516679,0.98783083343200173,-16.613295548741135,7.5768363132916079,-5.8473164026284801,,0.08947499326203166,0.4464285714285715,0,5
-0.097133981045529449,0.99365425121464224,0.05671171633194648,-0.98936946746666332,-0.10259729556675444,0.10306236843348469,0.1082268292567885,-0.046097982444532906,0.99305686113312053,2.1193898237514137,20.011602475626962,-6.4467290682816341,,0.09463209507882274,0.3181818181818182,0,1
-0.93322791129248306,0.35737462192818514,-0.037000610621392364,-0.35500619647935089,-0.93305743582719303,-0.058089774563581963,-0.055283506092990368,-0.041075552939308875,0.99762544720190272,6.1872855982018535,9.8341539262904458,-4.9627221265231958,,0.452612604493801,0.1739130434782609,1,4
-0.99429817716938929,0.081638287487182867,-0.068602659524172771,-0.086589853599750466,-0.99359501047114385,0.072602702569678546,-0.062236099903538906,0.078129029067354375,0.99499875511770819,-3.0515257288121411,18.365854972610567,-6.4757287030022823,,0.1026772445804733,0.3214285714285715,0,6
-0.9645200850885981,0.25613255975019339,-0.06400872828370105,-0.25258356975644974,-0.96579915073249967,-0.058596422531336019,-0.076828027111020797,-0.040349873360343846,0.99622755531556773,0.29394981375187823,-15.026381986470309,-2.0785874494292895,,0.4384668454041101,0.2765957446808511,0,3
-0.99436475899201526,0.028995883948714343,-0.10197041133967302,-0.020653841076177428,-0.99642381003290026,-0.081932958254397767,-0.10398146432681851,-0.079365165617855199,0.9914075980962116,0.43356625844323771,24.043772533650511,-6.9221122350280666,,0.4764940431897547,0.5769230769230769,0,4
0.37267277377273611,0.92098314321866648,0.11360041195171709,-0.9174503714070793,0.34730504498790898,0.19407220751812626,0.13928323550789323,-0.17654816802507831,0.97438746126653419,1.9548382049452129,22.939575079425204,-6.8276992176153941,,0.6900430075470509,0.3555555555555556,0,4
0.67355633887635968,0.738881331112763,-0.019396826866922477,-0.72817024628671212,0.66783868917165412,0.15414142100108957,0.12684616975779292,-0.089698739001825928,0.98785838329148135,-17.018871946439816,14.457824761374477,-6.7298835055195214,,0.1696163556765462,0.5686274509803921,1,5
-0.98488020614654614,0.15790263499645943,-0.071258244448712066,-0.16232330600886466,-0.98483840733951056,0.061191958257022137,-0.060515484523301931,0.071833622281989529,0.99557913138170973,-6.6575468915514415,-19.147035655676781,-1.8828923021719179,,0.1227012518374832,0.4705882352941176,0,2
-0.96763681577421501,-0.23102486755355808,-0.10152095020338543,0.23392611235567787,-0.97209680467424997,-0.017503608207209725,-0.094644422532424624,-0.040685536913916215,0.99467940582356995,5.9544038993524184,6.0116032042602505,-4.4821087424300252,,0.08164032212201724,0.2413793103448276,0,4
-0.949644223178289,0.31328550113448506,-0.0052956739909066483,-0.31051693292792698,-0.9432429281561282,-0.11777950945935278,-0.041893719686090201,-0.11020423432140455,0.99302565072031057,-4.8561266000055694,3.2403579266890232,-4.6443044715730908,,0.1088817978553841,0.1920289855072464,0,5
0.55662591425954311,0.83060656516737319,0.016134604909496697,-0.81671812103180019,0.54355608917216747,0.19369638278022638,0.15211542444148451,-0.12099385035908465,0.9809288383069743,-19.51825549025401,5.4059505316424454,-5.7485312750713655,,0.1158916842523947,0.2363636363636364,0,4
-0.61798118298657967,0.78353571597977634,-0.064583583506706274,-0.78513335206240109,-0.61079911704802647,0.10242098463015228,0.040802903741846357,0.11400096665121402,0.99264238406831273,-2.4391157376822403,4.6922363314193012,-4.7264701430957121,,0.06641914597291737,0.1621621621621622,0,5
0.44050678768018731,0.89616363432986712,0.053333952716510785,-0.88490702763018037,0.42342582235653697,0.19403640228681365,0.15130539467712981,-0.13266994183452099,0.97954344675222216,6.0280127459981898,-6.0699583832222954,-2.9285600802956306,,0.1555686074076021,0.2857142857142857,0,4
0.90121866716078258,0.43294103658264471,-0.01915653422952756,-0.41128484756289346,0.86839563815665888,0.27700864570560996,0.13656386098126183,-0.24176657021439865,0.96067644782239581,-7.1381111140498144,23.123557769530414,-7.267046911163801,,0.4628415765990372,0.8536585365853658,0,3
-0.34787026864281667,-0.93206410471224022,-0.10120662478981662,0.9275023853605544,-0.35788979863254833,0.10795469969037069,-0.13684151908269129,-0.05631515552430158,0.98899090082437957,-10.118419147196244,11.621946841153694,-6.0179280738411354,,0.1434268516195505,0.6753246753246753,1,5
-0.5831601109057245,0.81131066390132467,-0.041222465821620313,-0.81109909803135494,-0.57868371456727374,0.08510823501486052,0.045194449008098762,0.083067232616801101,0.99551860687997229,2.0931808831937846,11.898448474144599,-5.3833624456544005,,0.09913438781815291,0.3333333333333333,0,5
0.98166056875797747,0.1894286810495244,-0.021431344838847264,-0.1622041083831641,0.88901932983288035,0.42817573308995316,0.10016164420269236,-0.41684698149241012,0.90344133127241821,5.6820688462269535,-16.751467146142165,-1.6084597949926041,,0.1580140657552322,0.5555555555555556,0,1
-0.43496830059245267,0.89834827570955922,0.06142436820492856,-0.89778559576166672,-0.43791272349260346,0.047047536026436264,0.069163585235165165,-0.034681726210664635,0.99700229505476357,2.3725541831230466,13.888323134923152,-5.6316122660044687,,0.09617752150646898,0.25,0,5
-0.36526548817070814,-0.89505350076877033,-0.25585221107699058,0.9226677487356687,-0.38456995970987912,0.028109989893211441,-0.1235530193660553,-0.2257989744226323,0.96630713262151846,4.2004240507592945,-17.006321166638923,-1.6430326074288664,,0.2620632149060755,0.1785714285714286,0,4
0.61709601698677685,0.78369782013855149,0.070782996045224686,-0.77485569637437579,0.58952626075791092,0.22816099069073326,0.13708083606119664,-0.19564384627909595,0.97104702759335249,19.378182110336489,6.5538956968000237,-3.9620341936290484,,0.3891494054338589,0.1904761904761905,0,4
-0.065162239966317259,0.99602143347052874,-0.060788046110104237,-0.99167546439561471,-0.057857432244540742,0.11503169497929339,0.11105699346872712,0.067777736767912614,0.99150013746862686,-21.749976666248852,18.773412295321112,-7.5390419202802388,,0.1638050961406131,0.64,0,2
-0.95819759457007581,0.28118560342753007,-0.052839627035177625,-0.28238787648158031,-0.95915479312422702,0.016708382418572178,-0.045983224945022945,0.030931201915175274,0.99846322104108509,0.72645391620886302,-12.625144542889036,-2.3435760002053736,,0.1174230417256929,0.2857142857142857,0,1
-0.75702437689656277,-0.62183629762143133,-0.20058342839038601,0.63860881586972729,-0.76909634061044829,-0.025876614018869735,-0.13817696290567108,-0.14768357329130241,0.97933481971288927,3.6252263804236429,19.538007146878982,-6.3053238851244382,,0.2666257692232272,0.1666666666666667,0,2
-0.66945671073764479,0.74276364586707877,-0.011396439206056331,-0.74219417941676247,-0.66814097112985171,0.052301460185507596,0.031233195293002714,0.043471934347377818,0.99856631148656605,-4.5032942323159082,5.5613682701437863,-4.8945385583162251,,0.1311175976415084,0.4769230769230769,1,5
-0.87607606600136512,0.48214868007577538,-0.0048349644010672954,-0.48202653981144988,-0.87601313437262518,-0.015855703202636115,-0.011880298690383241,-0.011560220925092629,0.99986260045827846,-20.056313594580999,21.838000003262998,-7.854022671239874,,0.2040619081716601,0.2307692307692308,0,2
-0.82171676986678066,0.56701986860910503,-0.057184077523530136,-0.56914315297696105,-0.82164570019276739,0.0312156174723589,-0.02928517609896937,0.058196322540604681,0.99787552655809864,9.3695847470381892,12.817224965620438,-5.2458484482810546,,0.2569517162543645,0.5454545454545454,1,4
-0.76353602159776579,-0.6377885712103194,-0.10118538509170165,0.63134274694274595,-0.77019328934211451,0.090601506252171393,-0.13571690979920142,0.0052948546602935584,0.99073350852218711,-15.537643814015556,10.306109472929899,-6.1074842100523163,,0.1904635415995572,0.6233766233766234,1,5
-0.83652777027373693,-0.54096380747414874,-0.087060028508613038,0.53477103006411042,-0.84068006496390646,0.085305180243940751,-0.11933664552441116,0.024802971099301224,0.9925439928081915,6.5730007972174764,-11.855022987261451,-2.1485810196259143,,0.09723719100147375,0.2142857142857143,0,2
0.21201829511536055,0.97702678948530131,0.021607757042777835,-0.96840449916243343,0.2070737486943188,0.13897189861133172,0.13130486867718225,-0.050389634149554142,0.99006056190110991,-11.918280463601292,14.973471231620543,-6.4977870048461428,,0.08955297520924493,0.4375,0,1
0.45833429488992006,0.88803808601549317,0.036304709249616471,-0.88045082352082893,0.44808103300048246,0.15501527417230326,0.12139201575578878,-0.10301332754143934,0.98724476846402509,-7.4572018089428012,8.8816256073934134,-5.4931969195625214,,0.4003598512043593,0.3043478260869565,1,4
0.36045662466200945,0.9308659552202303,0.059662342806836709,-0.92029473712894128,0.34447675819294593,0.18545446847582961,0.15208096051131775,-0.12175523182519914,0.98083996909442284,6.806549726268674,16.290318611678362,-5.7883912334453091,,0.1991547677493826,0.1111111111111111,0,4
0.43230550752075581,-0.89402001523319552,-0.11764421162836436,0.89901241559451439,0.4172040243509299,0.13310701962070023,-0.069918701175997605,-0.1633065045484301,0.98409469097137003,-23.232891095456498,2.1429346173599488,-5.5541789368223169,,0.2741097943481358,0.6938775510204082,1,1
0.13341217149397921,0.99099203805971436,-0.011660746095988059,-0.98312812143242834,0.13382085183694165,0.12470395527961382,0.12514107777227138,-0.005173018063892104,0.99212547116688088,-5.2914478977639661,8.9065630464346341,-5.3703260710526894,,0.08125366715240667,0.2903225806451613,0,5
-0.019194801431552149,0.99922557436081261,-0.034348379020055671,-0.99415814166795358,-0.015425337425486593,0.1068253168524648,0.10621275325177718,0.03619821140073079,0.99368432640253701,-3.4944626743643976,12.954946495084744,-5.8250712990339153,,0.09031567585059125,0.3720930232558139,0,5
-0.91040290695043014,0.41222191052549007,-0.035208571384267015,-0.41364804694373619,-0.9085539014378603,0.058524366221903219,-0.0078638588389427725,0.067844709924633373,0.99766490118646733,5.8386256642394008,14.130780971207217,-5.5217292315095756,,0.1768166883957171,0.3793103448275862,0,5
0.56102315725451035,0.82708458036348176,-0.034410956818179739,-0.81485189405654856,0.55909402719674606,0.15306945974092306,0.14584035030345574,-0.057835678243503046,0.98761613319420716,-20.06671214784625,10.900382267516708,-6.4635387424693631,,0.2239391182007909,0.6440677966101694,1,5
0.88518901460930255,0.46269100614133829,-0.048553488555687543,-0.44791101232559399,0.87579144270468723,0.17990295695931066,0.12576220995383647,-0.13750047898519491,0.98248536112573648,-24.619728965710546,9.1835267286723319,-6.54593365059681,,0.1539864433275008,0.5161290322580645,0,1
-0.88910137879086182,-0.44399041618168683,-0.11122611460893837,0.43551266108001174,-0.89538228410141274,0.092840117171099343,-0.14081001481142977,0.034103895029000485,0.98944907098478585,7.7036816623112117,-6.9880159588924302,-2.7640257693778363,,0.2233439586561607,0.417910447761194,1,5
-0.6318878423869535,0.77457497147655496,0.02741109639643776,-0.77455870401155447,-0.63235581935430218,0.013598962044603412,0.0278669819589786,-0.012638484515294113,0.99953174037929138,0.50822361794253745,21.393096592461486,-6.6783863168058843,,0.3082956653732175,0.4545454545454545,0,5
0.29987802026958088,-0.94693900971448364,-0.1156705876191037,0.94972694039196037,0.28490587337191831,0.1297974653524053,-0.089955053515192965,-0.14877888021872041,0.98477049770387703,22.687509773825202,-3.9954309701881132,-2.4929253910317457,,0.1521894098876852,0.2307692307692308,1,5
-0.64177061504605271,0.76481990170495917,0.056400315774158868,-0.76477767620197967,-0.64372754800001519,0.02701758555062312,0.056970024104858859,-0.025794609938936352,0.99804261154100393,1.0067047320639519,14.248489174613811,-5.7724977200253864,,0.6413052631885833,0.6929824561403509,1,5
-0.92882177880851735,-0.3553009507727819,-0.10512534228691496,0.35171102853094838,-0.93468837046221376,0.051546120439813117,-0.11657382047735276,0.01090341701718639,0.99312217771866595,-5.9074706546454783,5.5051044361416848,-4.9546922356482375,,0.124801340541858,0.5851063829787234,1,5
-0.76607653012352883,0.64157974595950751,-0.038757961355403485,-0.64196735798075011,-0.76672575951125066,-0.0030856100061547299,-0.031696392241208349,0.022517532645218899,0.99924386385029274,-5.7861764627810341,-8.4780114187500821,-3.2574960159126265,,0.3359794512417102,0.5860927152317881,1,3
-0.76824649873320394,-0.58212530488519876,-0.26632207305532796,0.62533395027469008,-0.7714337115800366,-0.11767531292373971,-0.13694804787956821,-0.25694388113003008,0.95667396438484331,-7.923560376738596,-18.928670540603168,-2.001651583453993,,0.5884903289875679,0.5,0,1
0.44159702100419745,0.87828504161834475,0.18332336651305764,-0.88725124013658074,0.39711680325706006,0.234698703547746,0.13333157134121579,-0.26629613260495533,0.95462508967831272,4.9501609886178164,-10.583295777336007,-2.3956648164517444,,0.6544381973100978,0.4225352112676056,1,2
0.57764789485642187,0.81593057744743558,-0.024087389942406997,-0.80375377358041189,0.57368259360303808,0.15769639581213815,0.14248782763166506,-0.071732660505414256,0.98719382311358861,3.5244489051593848,-10.497108480070731,-2.449027610414094,,0.08841836687883078,0.1935483870967742,0,2
0.51706279953934131,-0.84406570261296521,-0.1421237172502198,0.85397864685021496,0.49745694610392127,0.15250264750762901,-0.058021823966632698,-0.20022406560012124,0.97803056777288078,-9.1206213013160884,3.4956592398097572,-4.8995657091722826,,0.06819686735303551,0.1954022988505747,0,5
-0.1827350887908728,0.9831395776307823,0.0066676997950996277,-0.97804436132224326,-0.18247076817920194,0.1006660123669164,0.10018540118378548,0.011873906520504868,0.99489793231948453,-6.9689054311264931,-10.759846871020851,-3.0188317009315928,,0.2058061582686501,0.4157303370786517,1,2
-0.66727210562644312,-0.73375000315620331,-0.12790179795892304,0.73320592474087143,-0.67731447338477524,0.060449781375859733,-0.1309847662048427,-0.053441903145164137,0.98994290441948551,-15.907997744453615,9.4085235322610856,-6.0232611955430579,,0.1213582410500776,0.2765957446808511,1,5
0.79953668060742333,-0.58637089842963042,-0.13003947799838222,0.60060294225812061,0.77905832730991631,0.17984501216315274,-0.0041475431465213923,-0.22189477714426728,0.97506179586831565,12.868645307026132,18.532789048481359,-5.8082771507844644,,0.3022312554220818,0.7916666666666666,1,4
0.083145171402387086,-0.98924401466913781,-0.1203460008216086,0.99084515278237528,0.069175912084895236,0.11593349988202255,-0.10636147648533167,-0.12888356228980394,0.98593927992110708,8.7080427292772882,13.838004520889584,-5.3781535799991609,,0.07724923892632556,0.3529411764705883,0,5
0.73634548143284295,-0.62453832173953105,-0.26028295497824,0.67641493776904693,0.6703538975729092,0.30510405433508359,-0.016067480708902664,-0.40072127057042922,0.91605911347253688,-3.8267267257189306,0.83147272686528351,-4.2523069336521839,,0.347973877100288,0.3004807692307692,0,2
0.99253970892300725,-0.08318860175727362,-0.089132388886984076,0.099616008702621384,0.97482995830755437,0.1994572716053486,0.070296351407381732,-0.20684827512880125,0.97584435954461957,-21.073469655003752,15.429274540452083,-7.0898748525152682,,0.07933713758622465,0.1875,0,1
-0.7114600019812044,-0.69455392462408871,-0.10686211382047833,0.68930750786732342,-0.71933377001776944,0.086105092240607153,-0.13667415695238549,-0.012400528266933998,0.99053844030408877,-21.595819485652846,3.8700246606153055,-5.675138913593031,,0.2513799318718546,0.7272727272727273,0,2
0.14442706550098333,0.95709735220951686,0.25120804355017579,-0.98130108694956319,0.1058921128933755,0.16073281301147824,0.12723599923913401,-0.26972489469922678,0.95449435916463687,-2.8403863083327177,22.16924517706525,-6.9517420737960851,,0.09280814716300791,0.5,0,1
-0.40832650144580962,0.90471156109598194,0.12151732154839459,-0.91016828375027892,-0.41367945413008328,0.021517539025346106,0.06973638556805424,-0.10181503056968999,0.99235605307671526,11.622106740294575,14.001329472163929,-5.2742936236118654,,0.494233624341651,0.125,0,3
0.96818386344478879,0.24356535769375706,-0.057410130609806001,-0.22033404070112139,0.93849923188403883,0.26584225070779388,0.11862932636342254,-0.24473477130269225,0.96230555160093501,9.091949229610929,-5.6365023251057496,-2.8646614436492182,,0.1820685333458459,0.5,0,3
-0.96235417185093841,-0.2464162173513135,-0.11468869058178711,0.25296153742714511,-0.96636791640513586,-0.046298063947550309,-0.099422877164110371,-0.073566962483621573,0.99232202108355128,19.087053804667384,-5.0972234678999193,-2.5042558330493749,,0.2407997678807213,0.3333333333333333,0,4
-0.57637916644649578,0.81718235616676671,0.000230772992293201,-0.81575769580886948,-0.57539094031174109,0.05886125666152528,0.048233165094636182,0.033738147206115128,0.99826614648001155,-4.1452701901983273,-14.266628690809611,-2.4013419335843116,,0.09732082869538454,0.3333333333333333,0,1
0.089695893933173995,0.99583367646086041,-0.016429712047806976,-0.99181950852542444,0.090814311569432371,0.089704087546522676,0.090822404283926197,0.0082492206065251077,0.99583293841862397,-1.5316819677191513,-18.190129379201846,-1.7586971266520792,,0.1538563401263421,0.3333333333333333,0,4
-0.26683750443895704,0.96019797495144865,0.082568729697916537,-0.95379485203129266,-0.27538986904097873,0.12014907518661022,0.13810549034486166,-0.046693349941192501,0.98931623084222964,13.195983847464047,8.924900727310364,-4.5544498393612471,,0.7536435103300811,0.8539325842696629,1,4
-0.85342639503304485,-0.49848043720600865,-0.15225190305480116,0.50500533663683245,-0.86310234057641633,-0.0048948605528533031,-0.12896898165536369,-0.081065426751599251,0.98832960006080994,-4.162247557822929,7.1382543517667347,-5.0614663252272507,,0.3516237315895969,0.4345549738219895,0,4
-0.98098989174565543,-0.15490848299329657,-0.11688538911926462,0.16608384595745457,-0.98173492060879519,-0.092804643036986989,-0.10037424173973533,-0.11045319168750926,0.98879983011791373,-10.705227851292221,2.4911425688331441,-4.8562154580017927,,0.4784902425071133,0.2571428571428571,0,2
-0.81277596181364997,-0.5245698601212273,-0.25342000266414022,0.549028241564123,-0.83518910070327901,-0.032049275053510497,-0.19484154039347901,-0.16518361879691551,0.96682529250028015,10.697659046126352,-5.4155260766924611,-2.8110033107231716,,0.6633375442379384,0.34375,0,2
0.41831777297416994,-0.88283061286034192,-0.213589208085434,0.90685083420329715,0.39265698593451021,0.15310798771327661,-0.051301123951760265,-0.25774134397387205,0.96485107363148404,31.945257715509136,2.3625254385660051,-2.9595881242237394,,0.2238312698956657,0.2631578947368421,0,4
0.40103389172308274,0.91601343274570857,-0.0095503255892766831,-0.90547528151847645,0.39795765696866792,0.14745920730508241,0.13887523986828609,-0.050488556024414689,0.98902202880527157,-6.0208829474288663,17.133424305008202,-6.4577357941596381,,0.0917594432839704,0.4090909090909091,0,4
0.99521969280132572,-0.049444375387484002,-0.084220049887043569,0.06346648554079394,0.98288560163931371,0.17293900457451622,0.074227813341999613,-0.17745745358441811,0.98132516725792784,12.192408394120974,20.390903724169561,-6.0248964930095443,,0.486422296914571,0.8461538461538461,0,2
-0.90542552305167723,0.42150970328906212,-0.050340761215563218,-0.42376770649152967,-0.90446167746231643,0.048682696484072245,-0.025011060383445468,0.065411344851014144,0.99754488762324711,23.957788205411791,11.818899754726365,-4.4936363183331514,,0.1603000920677816,0.4,0,1
-0.93234900781178853,0.36030267535361082,-0.030121583049426907,-0.36127871251381977,-0.93166923001197688,0.038342375164390992,-0.014248491735259437,0.046630762184642328,0.99881056887747732,3.40842516593474,11.224966713581498,-5.2361632663041044,,0.2178193667899802,0.2571428571428571,0,3
-0.10055262389669964,-0.96441864354572449,-0.24451145128380727,0.98712010376133141,-0.12743911598390864,0.096711801076489107,-0.12443098720860253,-0.23163754380208887,0.96481136898547604,-2.9213719897133057,6.0549073195468637,-4.8858874092525113,,0.09759346529102172,0.1627906976744186,0,4
0.59597870829814459,0.78774027205764297,0.15580321894564542,-0.79243802346118619,0.54559647581484727,0.27270215355098748,0.1298127814516068,-0.28598907209361779,0.94939922709828894,9.8149584640696457,17.538163891268169,-5.7939689755317074,,0.3733449294815858,0.1363636363636364,0,2
0.98987740871206031,-0.10756558099508866,-0.092587048266409525,0.12506890057596817,0.96949151137624567,0.21081740791054668,0.067085660391890192,-0.22026314978813924,0.97313085400432786,-5.214469105837102,-13.707968054856828,-2.5023445876609562,,0.08222751556353441,0.2,0,1
0.93328288856986552,0.35911918894632727,0.0040568501598637705,-0.33516648846646996,0.8668651544712751,0.36906399034929938,0.12902121884303847,-0.34580082720263139,0.92939513286558217,18.297458606629391,-4.0208647863793461,-2.671599681688734,,0.2496752043955642,0.2903225806451613,0,4
-0.95518653145806043,0.28487403737038208,-0.080408164718629591,-0.28744291982058073,-0.95754104517523364,0.022174639788297576,-0.070677138921572666,0.044293674909852948,0.99651533475247733,15.102543627001841,4.1306701959164851,-3.8502282261724976,,0.1645509723312823,0.3157894736842105,0,7
0.17863654698092887,-0.96881186002543229,-0.17173399185016477,0.97879455365966939,0.15719507968286431,0.13134279062691825,-0.10025071475505262,-0.1915549184896071,0.97634855835072609,-5.0615288225740214,-6.6603413019097264,-3.4149075722295588,,0.8734207902996628,0.7929292929292929,1,1
0.86612968538716939,0.49684513164990124,0.054445231626990609,-0.4833199615572043,0.80479718181468496,0.34453346848090777,0.12736240752854372,-0.32472513191764885,0.93719389981454759,2.4893285694478906,-16.360596135879661,-1.7885370913161791,,0.221278218987661,0.6,0,3
0.93971716802277827,-0.31278737445672378,-0.13818720094031425,0.34036616424529681,0.89446257998258827,0.28997856342811862,0.032901646770232093,-0.31953208194383398,0.94700408143177828,1.2373065730818622,-15.867403918054258,-1.8961066197037604,,0.4497420844121114,0.7692307692307693,0,3
