axis_00,axis_01,axis_02,axis_10,axis_11,axis_12,axis_20,axis_21,axis_22,location_x,location_y,location_z,dbh,dbh_approximation,score,reconstructed,number_clusters
-0.54552930470032002,-0.77872870467620015,-0.30980539412107561,0.82770549668084137,-0.558622875436943,-0.053330045967406522,-0.13153474247326985,-0.2855207305116238,0.94930317811045029,3.5210020171582599,-6.9534544285906916,0.1500865983259532,,0.2514091758793801,0.1875,0,4
0.032466549701971631,-0.97059053612771329,-0.23853707118552162,0.99843867153891364,0.020641619577923955,0.051905131892801819,-0.045454838312970515,-0.23984981701164063,0.96974528766755208,-8.1122943332509614,13.619621812386971,-3.3883559333109501,,0.1342755661791826,0.3658536585365854,0,5
-0.43949193113088997,-0.87342202418465975,-0.20971602261155789,0.88852161157056453,-0.45698156250604077,0.04119705452558356,-0.13181877044976298,-0.16823144533263718,0.9768940539067702,-2.1487364298277432,-6.7401873088493023,-0.90893042758374809,0.5626260422303762,0.1021264048243757,0.2786885245901639,1,5
0.96309021501211511,-0.20763749749805674,-0.17130063450163124,0.22869948406261859,0.96681019200647822,0.11390609563095611,0.14196402268676769,-0.14887821286253042,0.97861202424528226,0.76387899116203306,2.6374293145873642,-1.1930457722910521,0.7466639554381966,0.6914672702880237,0.9,1,5
0.95090210250945228,-0.25748058602225488,-0.17172343830921641,0.27850025212459439,0.95389423166775078,0.11190801739611431,0.13499185534557423,-0.1542385898944485,0.97876843858888896,5.6491743961316256,13.38949892825649,-0.91251461699017267,0.8055528641082622,0.8510491743495422,0.9833333333333333,1,5
0.12653141940628915,0.99139751926812947,-0.033477734272646727,-0.98748894291088984,0.12909063602412213,0.090560451189372157,0.09410306866284858,0.021600149996882454,0.9953281097147556,-2.1571576576775464,9.2866525444620009,-2.1255859619789383,0.4085549548955598,0.2876719228878046,0.29375,1,5
0.98335345279825559,-0.038644434785812323,-0.17754603495948304,0.074740595582804617,0.97665774834400276,0.20137896109462605,0.16561953460167841,-0.21129659310956331,0.96328807710809694,-14.187840234884453,5.1064958714118882,-3.7209913364162852,,0.1280127216454425,0.5,0,5
-0.54405811726597275,0.83623107355442683,-0.068690295231675011,-0.83850610084915556,-0.54482253852309237,0.0087132287929662308,-0.030137748352354388,0.062337734473298156,0.9975999814479678,-4.0742255675722721,11.164440006994994,-2.5316377872492861,0.5149715085705224,0.6416163524256824,0.6285714285714286,1,5
-0.74634693844751665,0.65285796038704957,-0.12939370552418558,-0.66095767571079467,-0.74986353489229152,0.028976368955077731,-0.078110168281743428,0.10715018711182073,0.99116983358700872,13.204622229663705,1.5285424424136933,1.273418181857878,,0.0779303679174542,0.5333333333333333,0,5
0.11952106185238154,-0.96435179234674517,-0.23609391430382132,0.99132679099528409,0.10282861752095535,0.081838064943660083,-0.054643473797635074,-0.2438275948623331,0.96827795325256583,12.52498496260643,-1.7771064326956998,1.3950343790390234,,0.0961439809746181,0.4,0,5
0.70462912285770896,0.70107427689093993,-0.1095109926108815,-0.69101623718049465,0.71304461273984854,0.11859148449863173,0.16122766255728388,-0.0078891396567921258,0.9868857088345081,-5.7148949731865688,-12.44785136097355,-0.81459893737095601,0.9478256061380478,0.6541018897047213,0.86,1,4
0.24794637319549609,-0.94764896888602623,-0.20120643078304529,0.9680855837101644,0.23454043281270232,0.088323767970928752,-0.03650888428522478,-0.21668460292619537,0.97555875487997468,3.2081526823402613,-2.8800854314135185,-0.34157774888978187,,0.09055424696636884,0.3076923076923077,1,5
-0.97313334011103148,0.15871722694021911,-0.16679431715965301,-0.16222685181112412,-0.98672465725542435,0.007543163501985869,-0.16338283543811927,0.034399020866487807,0.98596285753958701,-2.8650338565918152,14.384773731465915,-2.4740677118869221,0.4978839098081789,0.4995359765798147,0.9206349206349206,1,5
0.9687269576378581,0.18911942515082728,-0.16062977487477148,-0.16078966546514675,0.97150764957110902,0.17412515701191969,0.18898350463811747,-0.14285212583451495,0.97153409879388919,14.201199548557035,-12.462238938881262,2.7398020377177672,,0.1693008020285146,0.3636363636363636,0,5
-0.008655927726221679,0.99950089101792616,-0.030381635399879002,-0.99953920527271933,-0.007764283892855349,0.029344386488957867,0.029093848799713929,0.03062163859109944,0.99910753335765434,-12.525087768731392,15.598575389833183,-4.156146151751857,,0.3486454747114099,0.3414634146341464,0,7
0.29079094681370404,-0.91389146725250359,-0.28327197414191252,0.95666420261104235,0.27298272100335352,0.10136092677252312,-0.015304531804963831,-0.30047099713062497,0.95366815569649765,7.9298047548526434,-7.8197340601487726,1.0180953387881977,,0.08181038390677278,0.303030303030303,1,5
0.42259512442491259,-0.88301810331462693,-0.20418714462701043,0.90629801672163868,0.41323879411974879,0.08864312675487554,0.0061045637614522748,-0.22251455739590389,0.97491025538158504,-9.0285420879980922,-10.56644330724663,-1.5036034547793056,,0.09447930567072882,0.45,0,5
0.81494153025325111,0.56054427274515972,-0.14717479594377103,-0.55409867099307675,0.82804028981339672,0.085580028332861532,0.16983805542986169,0.011806639587422074,0.98540125745274798,-0.64501955429979141,23.128621063350288,-2.4576397588435874,,0.1083725389494549,0.4285714285714285,0,3
-0.68391551803238482,-0.68409552944586494,-0.25352094743172093,0.71415636019099116,-0.69878637815522537,-0.040966948915668086,-0.14913167803404789,-0.20907152913987476,0.96646202114199209,17.353170529532107,3.1892227984100598,2.0228987728216379,,0.3926195516086222,0.3043478260869565,0,3
0.92123916540299089,-0.33884352628605569,-0.19105879938289158,0.36792189842034578,0.91845981006669253,0.14513805136842786,0.12630073946881615,-0.20400157348973236,0.97078910234063898,-5.5397165582687027,9.4591146717876029,-2.7270555716171425,0.3857092389870398,0.333230759295521,0.8736654804270463,1,5
-0.018127156070478261,-0.92760923942790274,-0.37311192039491908,0.99577472907153275,-0.050348974614922763,0.076796287004920943,-0.090022747988010521,-0.37014332316443832,0.92460252279640331,-13.3355417557762,-10.229571146153395,-2.1800198000161286,,0.517782988052009,0.2439024390243902,0,2
-0.13024137113635773,0.98481321400903843,-0.11480469832593908,-0.99142048963228702,-0.12806415117805442,0.026172235676788384,0.01107239729229601,0.11722843808663841,0.99304324947203015,15.888067778563087,-0.9421282340973699,1.9928736851654365,0.2471373409806188,0.1633209553290855,0.1428571428571428,1,5
0.50716350294318413,-0.76596997214544571,-0.39506351774607562,0.86157684509796917,0.46213632459207593,0.21003656225418815,0.02169150233222205,-0.44690045789194766,0.89432066925825782,7.1257390770456324,4.6486999849277515,-0.16175416985317378,,0.3357218080815715,0.2380952380952381,0,1
-0.80813051533231561,-0.5593131810293448,-0.18464516163593639,0.56258748384791646,-0.82580721415768144,0.039214385916394742,-0.17441442946727859,-0.072188714990396918,0.98202260474066427,-5.3142726085349725,-16.126316705627083,-0.35081702244337859,,0.07900471602248214,0.3461538461538461,0,4
0.91713476282063655,0.36381775893995955,-0.16278963451595896,-0.35530083727060729,0.9313445887961157,0.079740654342683945,0.18062431137789708,-0.01529363266524344,0.98343325291509265,-11.154341073056287,-4.0913090075201204,-2.5540294857888379,,0.07165937532898795,0.4153846153846154,0,2
0.60330580476096995,0.79079951219655131,-0.10323874007083488,-0.77899355492091427,0.61207286179147369,0.13614644046052471,0.17085416978638188,-0.001715624694042388,0.98529483369117188,2.4643127014483714,17.16046171469522,-1.6849574934336875,,0.120692674418033,0.1304347826086956,0,5
0.93213833967092896,-0.29740356071940488,-0.20656533539523098,0.34319442000806905,0.90754066816779355,0.24204860193126848,0.11548032642337921,-0.29651485239862052,0.94802069413920231,-0.050890054809496384,-5.8529035372050204,-0.6502141925431133,0.8491155451638418,0.6551552095053377,0.1532846715328467,1,3
0.36316868118854956,-0.88383615736387888,-0.294859552906164,0.93149594356138932,0.35141146440859061,0.093943013635330183,0.02058679509898469,-0.30877763782123741,0.95091143344114315,-3.0055087806763394,20.386949340835347,-2.701334169918217,0.4855946285621547,0.5592117125086209,0.5517241379310345,1,5
-0.97694245310345962,-0.13290164374589999,-0.16709457326265809,0.1308691240516569,-0.99112893589142259,0.023166890354261515,-0.16869118439961231,0.00076519825680168704,0.98566865567364015,12.964336090160835,2.5393544359993814,1.1481693051402728,,0.09162569199566389,0.2916666666666667,1,5
-0.94572718818931312,0.31551455098500286,-0.077785947550104567,-0.29544138963429994,-0.93450499514093455,-0.19853160793081806,-0.13533096766996622,-0.16477555089689191,0.97700283879635497,7.7404985311203323,-12.670878443952201,1.5144107924884214,,0.6896339587442438,0.1333333333333333,0,3
-0.45653928841831909,-0.86693779086796441,-0.19997686090012692,0.87854311630851412,-0.47476649970078427,0.05252393310473049,-0.1404772968042157,-0.15170905552022679,0.97839178837301222,7.6889031628041975,0.4880313870562264,0.26960904358891502,0.4841428944591439,0.4471985976377587,0.9535603715170279,1,5
0.4116526707949183,0.91128019606191302,-0.010511084281541946,-0.89939319687809627,0.40809037056724456,0.1566975649449901,0.14708485998501283,-0.055051373422034151,0.98759069975751534,-11.497864267254867,11.489897350466697,-3.798792349680514,,0.6149050041916064,0.6170212765957447,0,6
0.47380698579074559,0.87176243223632266,-0.12464831309448964,-0.86935890948069439,0.48560649268368217,0.09165926450716215,0.14043513350450862,0.064935321704498464,0.98795818599407681,-9.3666512408711604,-0.23727179467176715,-2.727832669897416,,0.07174643685019706,0.2343096234309623,0,5
0.98618275925082,0.054257983601182003,-0.15652359749243341,-0.0073786002061799194,0.95829159626565452,0.28569699470876864,0.1654965909480822,-0.28059452550283065,0.94545099854112213,-19.737845454358382,-17.391119919194484,-2.4493948303396831,,0.4547087655277575,0.2972972972972973,0,2
0.4569496666503724,-0.8575018775362091,-0.23640544022925819,0.88943162859453828,0.44359588648795267,0.11015474364109283,0.010410581337315606,-0.26060164909847255,0.96539028391805104,-0.02828837547412592,-10.221677453075616,-0.1633949413705702,,0.07481569186232942,0.2647058823529412,0,5
-0.98223343181128153,0.12194582520253351,-0.14264186323763878,-0.10585370915819586,-0.98765727584194707,-0.11544738080145336,-0.15495960018561036,-0.098297106733295142,0.9830184134176625,-17.48687943966835,-11.54519652368503,-2.674828338253584,,0.7426474470945293,0.5641025641025641,0,1
0.3083408926486505,-0.92118602317531739,-0.23736512934101578,0.95099671297252419,0.2924548878296796,0.10037624469955168,-0.023046601399948366,-0.25668355866898324,0.96622068124882232,-0.58293402680869089,-2.5951360331203142,-1.0748492935102274,0.571060832872375,0.4923057034315363,0.2,1,5
-0.70499434027703589,-0.67313368832136788,-0.22332491536821272,0.68527969248790865,-0.72766254844295264,0.029982639263190565,-0.18268750160048089,-0.13190243834129955,0.97428282521996412,23.164746874137482,9.4297630379277013,2.7319195490588117,0.7500023694719722,0.3987661023408146,0.6363636363636364,1,5
-0.25056761102428476,0.96626118408475514,-0.059625468020883698,-0.96747848650872492,-0.24772658562698824,0.051155810191821346,0.034659060119539592,0.070504346707995477,0.99690916669820462,13.874315047795795,-2.2592653055216059,1.6915861784472614,,0.1692615507069692,0.55,0,5
-0.52704602465059114,0.84976309367193914,0.011188053141724157,-0.84973417932098261,-0.52673222333288805,-0.022471969127956622,-0.013202741900965863,-0.021350633149542841,0.99968486938155088,-21.414912686331053,15.562768740323747,-5.340482884825934,,0.3860140116700094,0.52,0,5
0.163304811942244,0.97715131436443126,0.13603987368552264,-0.98169753798618486,0.14724968607071082,0.12077861509365244,0.097987153792585865,-0.15327373808954267,0.98331362184385851,-2.2740994937733037,-5.2904983187174679,-1.0931615069445026,,0.254087489566203,0.1666666666666667,0,1
0.70523172137999768,0.70243050536184293,-0.096122860426181095,-0.68913446151377444,0.71101613348939907,0.1398204272340246,0.16655903792206922,-0.032364224923377816,0.98550019981306103,-5.0532813440189219,-0.03849276365992535,-2.0338932841066359,1.044428224952539,0.7619502196173999,0.5085057471264368,1,1
0.7540314527635158,0.64321226852361457,-0.13309600243450614,-0.63643913838528954,0.76556448837780333,0.094107583468185554,0.16242472525675078,0.013747427233363755,0.98662516533368994,-15.471801787637377,11.542180545572078,-4.3148898818634471,0.1804160777358298,0.114618540740138,0.3103448275862069,1,5
0.28663540511214014,0.95482026671952247,-0.078475491701932118,-0.95046828581732845,0.2936923680842074,0.10175868800530483,0.12020891061676683,0.045420823316527054,0.99170901307670867,-17.334303329545339,5.5012886484742181,-4.2315440246337914,0.1867934832289518,0.227093318093165,0.3225806451612903,1,5
-0.42443439937058836,0.90524714960670916,-0.019571376033816982,-0.90539576412090506,-0.42456057490329052,-0.0026131493856111584,-0.010674780693386832,0.016610730469087773,0.99980504734194675,-9.4961410259352217,-21.950914239202223,-0.4034134362605698,0.7578652899460864,0.671087008567488,0.6521739130434783,1,2
-0.51630540297729299,-0.83693435082634515,-0.18157539278035167,0.84414679072077958,-0.53308909401614135,0.05685255980919432,-0.14437772186962672,-0.1239230012868222,0.98173222580284236,18.962875578613936,-15.989689955122261,3.9087431429603074,0.9055904259725848,0.8484594125188349,0.9137931034482759,1,5
-0.81561777767024968,0.57566052113268751,-0.058160168134944942,-0.56969135540296145,-0.81656746052974993,-0.093109301270773312,-0.10109104968976916,-0.042808256367636993,0.99395576001117014,-0.51930269261387396,7.9343905346390819,-1.7865449735857997,0.1818567375122015,0.140495213936677,0.28,1,5
-0.91382965086367496,0.39171701299369255,-0.10711279537792633,-0.38692018500430903,-0.91994003991007911,-0.063270004002481006,-0.12332128623480057,-0.016373903063774536,0.99223170462339727,-18.739904111191105,8.7925690389843414,-4.6405164570445709,,0.3651956196096843,0.25,0,1
-0.96466178286799609,-0.19865847972948272,-0.17309665827366597,0.19309953191476506,-0.97997695040464028,0.048556641666411986,-0.17927692391448002,0.013415852831348479,0.98370717159354359,-6.7504506745281043,-8.4250490500172486,-1.4407531496603199,,0.06517458503821613,0.3278688524590164,0,5
-0.3348508650114474,-0.88277914589064477,-0.32950853977047351,0.93388331233610644,-0.35747271011206605,0.0086729732662876591,-0.12544663064916647,-0.3048183739634458,0.94411275902460556,-14.743118112475305,-9.583431097608484,-2.4512606208854595,,0.1148880881547906,0.3125,0,2
0.26626607089502735,0.95467071105934809,0.13306469454953596,-0.95717182935480927,0.24559411969322928,0.1533154182125023,0.11368583280114931,-0.16818847111958912,0.97917729222177263,6.6813465319198047,5.7265588491205435,-0.28192814743540234,,0.138454988277603,0.3125,0,3
-0.21070815953624186,0.97192673732744095,-0.10469235298188821,-0.9769940127482325,-0.2057690172512803,0.056051856289943733,0.032935855218224341,0.11409438552127343,0.99292381411343256,-2.5233472646149324,4.2874272919757264,-1.9289167992755876,,0.1184470077664081,0.3647798742138365,0,5
0.5391524496366602,-0.81020643704708573,-0.2299568773014953,0.84173460571567005,0.52752963066860736,0.11487098113678644,0.028239858205625377,-0.25549563231904598,0.96639768846702878,10.326724462180977,18.06717821456439,-0.24136762332569248,,0.317571064247619,0.4285714285714285,0,5
-0.35677336160498269,-0.89843124508252425,-0.25599622323101673,0.92750130768418071,-0.37339491827599253,0.017820192193101957,-0.11159790631196681,-0.23107906193579969,0.96651351487791171,0.20000464985463684,-13.344960807282561,0.20788726368289071,0.5140168215321916,0.5103902839229578,0.603448275862069,1,5
0.5233168245337948,-0.80551963685577554,-0.27798851738804858,0.85165429764981626,0.50539879488562089,0.1387696487808518,0.028713384587405005,-0.30937060747249751,0.95050795303228997,-2.7530088899738097,-11.41178956273572,-0.48107578124869155,0.3988558433598268,0.2410103986823273,0.5283018867924528,1,3
0.42399677607802178,0.8971686273182764,-0.12375454751758591,-0.89510875161175951,0.43592566617462869,0.093536818196059218,0.13786608235342113,0.071114469175019471,0.98789456705180523,4.5476610163985773,-6.6987748358854526,0.3253796624094164,0.1538707364894596,0.1811341526347336,0.5208333333333334,1,5
0.45949539590668803,0.88760371046630471,-0.031994285536684076,-0.88177917653520255,0.46020474518852622,0.10332993919897045,0.10643995945816262,-0.019267736566875561,0.99413243049310729,-8.1222805218875287,-14.818783122375603,-0.94123650970219619,,0.2104570827930854,0.2222222222222222,0,6
0.20731046011625254,0.97315758592188506,-0.099933408273090413,-0.97266442933456587,0.21596819268590361,0.085332570893229195,0.10462447626464497,0.079511336994625662,0.99132823335950415,-15.3748423056585,-7.8174160396095687,-2.6797457978826924,,0.07050171229973554,0.4,0,2
0.43113857142221501,-0.87497945354281015,-0.22029636426854257,0.90222413848708283,0.42091493501503285,0.093926681047152974,0.010542113794413863,-0.2392521125491219,0.97090024743921521,16.303499042117039,-6.0639715292152827,2.5517023895659392,,0.08761839739044659,0.4615384615384616,0,5
0.77632229883723713,-0.59554812411160496,-0.20650937072011086,0.62479925572244277,0.77036299922550555,0.12714849378960755,0.08336413123609962,-0.22773511211807554,0.97014799918972072,8.3312888598895327,21.580895349564706,-0.79147822339209117,,0.1821216942799609,0.3529411764705883,0,1
-0.51297283189511778,0.84761760716236378,-0.13565863690105515,-0.85788324724138498,-0.51172711703398011,0.046601414084430332,-0.029920024065509147,0.14028453129422441,0.98965905363386608,-18.577278711248717,7.8112647697047946,-4.5744026926082038,0.2689636677175086,0.2355420097612911,0.7808219178082192,1,5
0.5159655510111808,-0.81615386302635495,-0.26013923586588655,0.85551932590151292,0.50628749284405195,0.10844195497456795,0.04319992105028353,-0.27850645675970048,0.95946230794357279,2.7467830837558558,7.0759136928412003,-1.1191836094422165,,0.1360541084901695,0.2162162162162162,0,3
-0.49540809100832089,-0.8397459908079733,-0.22225547076602672,0.85780139678433887,-0.51326070563070947,0.02720683241954933,-0.13692182820255727,-0.17717256835470613,0.97460879022522062,-13.174888528127878,8.8330565409062327,-3.8793841136664655,,0.09615655928713029,0.4838709677419355,0,5
0.98558469371428814,0.063356900398262736,-0.15687165036436038,-0.041577472723821,0.98950100422737053,0.13841631549397021,0.16399428428458548,-0.12989867514701986,0.97787126397958757,13.159125823808905,21.94625701867816,0.094034278534524673,0.2221842534583786,0.1457382353846108,0.3636363636363636,1,4
0.0090785893017682213,-0.97793931275706736,-0.20869182969279296,0.99706902699404665,-0.0070019127166324902,0.07618614458978136,-0.075966667857924594,-0.20877182229061611,0.97500943154003405,-1.1754311359685194,-11.516817287826269,-0.21065400337000459,,0.07250622483474214,0.2058823529411765,1,5
-0.34974387516671929,0.93393716905873758,-0.07376032832030166,-0.93681290200060063,-0.34930145338248708,0.019237497500900806,-0.0077979759284849542,0.075827824150734011,0.99709043353949878,-4.5355223065226502,9.531098056166357,-2.5618052066315551,,0.1737124373567935,0.1282051282051282,0,4
0.89478651736215309,-0.41188848882904289,-0.17235127245551768,0.43906990166656229,0.88181082557827584,0.17212579511355824,0.081084584215645503,-0.22969009700700344,0.96988027587918724,-18.952871829739447,9.6246015261737696,-4.6822854675131582,,0.2034499446831976,0.7931034482758621,0,2
0.88693810841381404,-0.42680812075065983,-0.17656619128422138,0.45117360073953738,0.88242380306005885,0.1333064656674407,0.098909927909419687,-0.19789658878897898,0.97521985536936229,-8.7710816776466594,-7.5463516989575972,-1.8291106357650269,,0.09400584366734657,0.1785714285714286,0,5
-0.0090180327536100013,0.99630068981429565,-0.08546116405018718,-0.99741003452241206,-0.0028633369275925468,0.071868103743173178,0.071357537228068896,0.085887931499118608,0.99374612708857724,17.42552388278289,-2.0596465208266013,2.3995289321101132,,0.07078768888405355,0.3076923076923077,0,5
0.80935760017458391,-0.55909908717997514,-0.1798568479490234,0.5819855263629119,0.80464546671209414,0.11763723901793385,0.078950124406008695,-0.19988467578630537,0.97663350047091901,13.057143787238864,10.18887434215773,0.6886927214016727,,0.09096408170577304,0.25,0,5
0.57924020119245079,0.81229212000376116,-0.068281044970945573,-0.79001565337320967,0.58004520785964486,0.19855181758010262,0.20088816975578758,-0.061066100406498257,0.97770899281601853,-7.74604972810533,-15.969692307304186,-0.73636481122264053,,0.6595735694498723,0.5531914893617021,0,2
-0.98614254528066714,0.084869505808222959,-0.14254840360816257,-0.043411327014725089,-0.9613114060959459,-0.27202175868238304,-0.16011975853775279,-0.26206401411430741,0.95167437468501159,-15.795241134846375,9.3553924983560908,-4.2275611624438483,,0.4141736983097406,0.1666666666666667,0,1
0.97768716427448821,-0.12813191921045847,-0.16646326949917525,0.14576498209770825,0.98441498624625356,0.098385491043364762,0.1512626153646873,-0.12045474724241358,0.98112704328226619,-4.1618161485462384,-6.0782516840971148,-1.3154187796896655,,0.07079902308691569,0.2888888888888889,0,5
0.50807835724922534,-0.82288881744245834,-0.25438234416539834,0.86102405274621996,0.49287300974212617,0.12535460446355789,0.022225289366073018,-0.28271927842984562,0.95894517367610943,0.81324737700896454,8.6339278468747089,-1.6066684167747831,,0.09235180418650919,0.3297872340425532,0,5
0.77367937971870571,0.61450526884794021,-0.15428380328537189,-0.60943772684411213,0.78837675153676046,0.083950906698059879,0.17322203813937773,0.029075284942123327,0.98445353029402771,-8.6240024792140542,-12.586518420019052,-1.2589902872179553,0.6503071986490395,0.6515127340875413,0.9790209790209791,1,5
0.38409944700817766,-0.83390489289631631,-0.39632088566160034,0.92329166980124999,0.34676124762276278,0.16519421788526628,-0.00032754180172885668,-0.42937078003828866,0.9031282444734412,-0.63168199344958054,-9.1343264468173579,-0.37385628749185035,,0.2703074422101656,0.4411764705882353,0,5
-0.48719168096505588,-0.76723768598054498,-0.41712180380515146,0.86148707265773994,-0.5005173455024553,-0.085571084454827931,-0.14312333716778244,-0.40103456217936612,0.90481323503558608,-11.435501245553215,-16.488764493185283,-1.2577171772899434,,0.1797579528897694,0.3478260869565217,0,2
-0.010895401305596663,0.99978410088878589,0.017692988452811372,-0.99853235456854272,-0.01181709848647693,0.052853505684697856,0.053051174446862984,-0.01709116126429721,0.99844552435095091,-5.6183079428804898,13.228826793474202,-2.9724024764218355,,0.5268249534863193,0.7010309278350515,0,5
-0.46496012449774038,-0.81763665227144422,-0.33953260151182946,0.87416742154853178,-0.48470550251721706,-0.029864610038029885,-0.14015492046388248,-0.31069419159661998,0.94012005487484696,-5.4662029541256665,20.409613955194274,-3.1732096456223777,,0.1995538211933301,0.1904761904761905,0,1
-0.76833166827040378,0.63163808283505773,-0.10343974016436561,-0.63486866457717983,-0.77261702200859561,-0.0021716446667034116,-0.081290997477010615,0.064002106332702563,0.99463335159955835,2.6262920847666291,15.905943480517159,-1.5660456990341727,,0.1386316249736371,0.3636363636363636,0,5
0.51113948256797392,-0.83676084101584303,-0.19638667037913604,0.8592671930321103,0.50277674309918952,0.0942095407975794,0.019907795931817164,-0.21690283894184365,0.97599018341380173,-7.331819106879915,-6.9338132055735082,-1.6561714818643753,0.1897999621254231,0.1363385531712825,0.5630630630630631,1,5
0.73311352475448932,0.67562728887754198,-0.077925132954846182,-0.65769490459594848,0.73345760449076158,0.17168970523359631,0.17315303142184474,-0.074617082083496836,0.9820643149869408,-8.0014023720647156,11.754934616061833,-3.2417162967020325,,0.1493825252584934,0.1818181818181818,0,6
0.98431810363891292,0.093713545392211967,-0.14945113669261981,-0.032761938565228785,0.92959410251636132,0.36712594562118511,0.17333356925345569,-0.35647240563166038,0.91808654155969138,-3.3831092362541142,-14.934014598019617,-0.18827882637959825,,0.4111714761621097,0.1875,0,3
-0.4971113922775251,0.86502579946963343,0.06790161941972743,-0.86387885111211682,-0.50073544169749096,0.054565080676448142,0.081200949927381708,-0.031533849748161612,0.99619878641310877,-13.990326500231191,-11.88376878033375,-2.0723716298666255,,0.296617129697494,0.1372549019607843,0,2
-0.16212126238881991,0.98624139661092158,-0.03232033249200772,-0.9864493804597475,-0.16281747124767673,-0.020201258552185519,-0.02518563225403856,0.028607318424670822,0.99927338864822857,-1.9469887067377232,13.00886000290032,-2.2881096141310047,0.4100771423885123,0.1960772273958228,0.3953488372093023,1,4
0.98284484483207046,0.12772724032770449,-0.13304797279662842,-0.072544501536817158,0.93096246369621127,0.35783541815401082,0.16956799899685771,-0.34204479716398228,0.92425756715823115,-7.2965688191574154,-4.7269264829639654,-1.9332257571601341,,0.1790637970118392,0.2206896551724138,0,2
0.19726571525004644,-0.91228763872493646,-0.35891155152289062,0.97935041554173263,0.16685419284477615,0.11415972104185934,-0.044260605114757087,-0.3740199761507389,0.92636388977284589,-6.910597184353267,15.382568456178506,-3.2335020231681919,,0.2780600528401768,0.4137931034482759,0,2
0.98531816975302344,-0.0048459141065468701,-0.1706593726433546,0.032041161899298093,0.98708439466605513,0.15696420531729469,0.16769456848298453,-0.16012780808847302,0.97274745786256678,-14.759144471245198,-11.223364666886637,-2.2799260645176935,,0.2421758496988746,0.2142857142857143,0,3
-0.75612651098394201,-0.62543891027041654,-0.19261066664908774,0.63470190663781156,-0.77256940889195325,0.017029332184985653,-0.15945591584378102,-0.10937402783153613,0.98112748047250664,-13.880703025865394,-0.65485194238543543,-3.2248868860944877,,0.1150873694553433,0.6176470588235294,0,5
-0.97577402189251539,0.18320482526904433,-0.11958699844817883,-0.17817943869826006,-0.98264756562416788,-0.051534933764108039,-0.12695332144090926,-0.028978505327861788,0.99148530014523417,1.4211406143202554,-0.57100832714465544,-0.88015450958127261,0.7772958216608878,0.3064895741366579,0.3529411764705883,1,3
0.5293828487741693,0.84480789261198397,-0.07780375315011169,-0.83668374428331893,0.53506016769766307,0.11692274798085693,0.14040694952811622,0.0032002380923202606,0.99008870663206827,0.74852174199647081,6.3170895897402364,-1.4406966719516221,0.2732900027875706,0.1955947428715532,0.4853801169590643,1,5
0.8221194611738073,-0.50738204366820028,-0.25823062041974942,0.56574509474968437,0.7788063717062178,0.27091165193927447,0.063655944938073417,-0.36881444813466335,0.92732077703519822,0.0022471701385384066,-8.4543002081434189,-0.35152805112619551,,0.2717048325733967,0.2857142857142857,0,4
0.083341209776116754,-0.98063842648712218,-0.17720755979899716,0.99481180381088996,0.071461392210427091,0.072406798174424317,-0.058341389695289222,-0.18232264236843818,0.98150636081902898,-7.4581983252579738,-2.066166973802674,-2.2518926196523217,,0.06766966736836715,0.282051282051282,0,5
0.50595724885485638,-0.84300274940888753,-0.18262975338175888,0.86232952696004295,0.49923383810601235,0.084577549165305452,0.01987584624851212,-0.20027965293308572,0.97953714138714987,-10.173190493103791,-2.0940680012139996,-2.6449865533317545,0.487323090857688,0.4258469575308098,0.9911678115799804,1,5
0.66517361546982623,-0.72327495824489818,-0.18551926061366461,0.74589912443685324,0.65505767819074989,0.12055676840260927,0.03433012448471473,-0.21856983556562695,0.97521724222538175,-15.364664201020544,-6.9673201307505774,-2.789082104739427,0.1751826302548317,0.1444801971309821,0.3076923076923077,1,2
0.79172662475433908,0.59814984767559076,-0.12403915261227508,-0.58777097387942567,0.80122813313022312,0.11206587770365653,0.16641584636066145,-0.015818925574352834,0.98592876399552287,-7.902891271354294,-11.617237881423687,-1.2489598769866332,,0.07820035327299317,0.1904761904761905,0,4
-0.25377096390003129,-0.94922815279553929,-0.18591990700734046,0.96082154824595667,-0.2695282515913402,0.064625645221993169,-0.11145514930900546,-0.16223574061989052,0.98043730761228365,-6.781697988062847,20.714623608506727,-3.3982322641592382,,0.08341108309355277,0.3157894736842105,0,1
-0.60824016888526466,-0.76083286359296742,-0.22622389491684919,0.77808522109703837,-0.62785356787759938,0.019577691736817362,-0.15693083082937406,-0.16411353076542437,0.97387856704771381,-20.897812837989054,-13.732784339954653,-2.9467958436626596,,0.07851628691419078,0.3076923076923077,0,1
0.74950239183108736,-0.63655659605242676,-0.18177421341220756,0.65879000654907105,0.74421207415871204,0.11020034458867475,0.065129808156896132,-0.20234645709410226,0.97714585369376183,-7.8499022978596118,14.9007471800019,-3.3922377800184349,0.1560274316638984,0.122152777240805,0.3018867924528302,1,4
0.93140906608285545,0.33525921628977784,-0.14169830454677326,-0.31770042278598176,0.93882293017297092,0.13295844141328073,0.17760516034247026,-0.078821086482009015,0.98094018336773436,-7.9690774468863719,-6.0629767284906313,-1.8686601224054475,,0.0794020242402262,0.2424242424242424,0,5
0.98146758889805263,-0.081638521691365387,-0.17336817389213502,0.10742339118411071,0.98358655373094162,0.14497484728806284,0.1586870724701627,-0.16091191098156801,0.97412821021419504,13.945502378710795,20.387764219900355,0.32738876505322217,,0.1830713865606146,0.6956521739130435,1,5
0.79835083621903347,0.58546012238019396,-0.1409694555956644,-0.57655367414638625,0.81070120369587761,0.10173209500623608,0.17384419212810226,5.8554447553448405e-05,0.98477316851887464,-3.2492644969240785,-1.2934333699533251,-1.6306129700544696,0.1683802146221066,0.1478850569883866,0.7141162514827996,1,5
0.9107054123239563,-0.37310745625670994,-0.17721872939816669,0.39452745564805142,0.91278491312728027,0.10569668446597277,0.12232636144236532,-0.16617619701049804,0.97847929607294226,8.4706185782908392,-12.085047381530364,1.6110391788395326,0.563519904945312,0.5802581633746305,0.9883720930232558,1,5
0.69684978925461061,-0.68406558703401266,-0.21553339382011599,0.71412033790877094,0.68966572366119983,0.1199722159165913,0.066577129713350364,-0.23751939340333073,0.96909856235392611,10.767447742087144,2.2436154065103069,0.74406776434599708,,0.0736776723822013,0.2432432432432433,0,5
0.51722363518456649,0.84377234913264676,-0.14327572734290628,-0.8428652006259002,0.53123873010872924,0.085811801090104084,0.14851924043815054,0.076378232970141902,0.98595557747194429,-3.5362038401395992,-13.327078352718692,-0.41000041713841412,0.2095752181192923,0.1912997689440269,0.7625,1,5
0.62582263892789469,0.7736085133751579,-0.099377525823525478,-0.77024004447747363,0.63304016543179853,0.077397821890686003,0.12278557931885625,0.028107240767473313,0.99203512262811211,1.9710647292366961,-9.2274793761706473,0.080960099824105181,0.6224335018909205,0.3146681372729607,0.3666666666666666,1,4
0.13904279770364253,-0.95399185791051833,-0.2656438131167031,0.98989890892813981,0.12639119465741772,0.064229401491448332,-0.027699287168135515,-0.27189115644593659,0.96192928458222371,-2.9576929975711459,-10.343485324601774,-0.62373152590091352,,0.1206002755346572,0.1590909090909091,0,5
0.89989023550057368,0.41896588081897579,-0.12109977192505936,-0.40176122182116614,0.90442523674783093,0.14353714423240238,0.16966285595699909,-0.080514482195499976,0.98220768346888043,9.6190813772098949,-8.6372445393277903,1.4716497827013788,,0.08038798379779062,0.2083333333333333,0,5
0.93779746431707989,-0.26037341300725686,-0.22965539775805244,0.32229524428789885,0.89882931177891068,0.29703811842330097,0.12908017442605366,-0.352578436785354,0.92683696219137535,1.5566082039233922,-3.1382099253528595,-0.62375692574727604,,0.1261131691658499,0.2424242424242424,0,5
-0.81920661487677415,-0.52895108587538942,-0.22161062901716641,0.54611683197911753,-0.83747371202894272,-0.019854155473281513,-0.17509119901134418,-0.13728995014825848,0.97493309596969757,-15.85543617344357,-9.9230912108170184,-2.5581735721142604,,0.1032990696999262,0.2424242424242424,0,1
0.97017095214027083,-0.17920376609378058,-0.16326155040623069,0.2090290174034346,0.95947702990374639,0.18897274663411348,0.12278107959533209,-0.2174622709917558,0.9683155308000142,7.9225536357547561,5.9782427513739629,-0.086445328928053039,0.4601772486701247,0.272617345799035,0.1454545454545454,1,5
-0.60038610349646848,0.79969996475124649,-0.0040611704204958883,-0.79752026667192621,-0.59910979454590729,-0.07091458472487977,-0.059143477881074817,-0.039337265487286596,0.99747412425993032,-10.505990945371899,-17.128779776017911,-1.0571754914432536,,0.3396136051773495,0.3333333333333333,0,2
-0.25263285033241806,-0.89007700416541369,-0.37939368680677987,0.9625917325156107,-0.27090165067451155,-0.0054269839156634147,-0.097947942426137746,-0.36657226070414534,0.92521942168154825,-2.7579589076929518,12.839308918070296,-2.4118690646368943,,0.4035396727491172,0.1142857142857143,0,3
-0.50262651892982424,-0.83670554821276211,-0.21746357869415328,0.85067740585444562,-0.52349286917910842,0.047991323042569471,-0.15399523900834799,-0.16086964135164308,0.97488790373773515,-2.2403719291646298,-9.074613228258313,-0.64273301229080537,,0.07265413271625075,0.2195121951219512,0,2
-0.46489224811934055,-0.85827081856416421,-0.21736236941969564,0.87433533832445232,-0.48368409593417622,0.039842332981440007,-0.1393302328843625,-0.17152520905551324,0.9752774932617132,-12.927097101822314,-8.9263383540857877,-2.2360050615460723,,0.06724198194755518,0.25,0,2
0.91171915033292517,0.38688769155782526,-0.13815247025395039,-0.37117647218303185,0.91989448628535819,0.12657867355743097,0.1760574264663968,-0.064125254173816995,0.98228902791549855,10.638226874710226,0.040211060415134781,0.86791681110497843,,0.08999969358103407,0.28,0,5
0.76432016244709466,0.63990371595934281,-0.079611076982244539,-0.6235602417216265,0.76489904361451933,0.1615613754016158,0.16427816111983704,-0.073842314285371496,0.9836462770732507,2.1024630438498293,-16.02044357802826,0.85481729329222622,0.3022236003740526,0.3052053192835448,0.4761904761904762,1,4
0.97883058362234332,-0.12946234301498705,-0.15852504630692443,0.14816305240237179,0.98255125348440364,0.11243106411948567,0.14120339396896492,-0.13353851885241855,0.98093275279926695,14.888295534548719,3.6780524586806917,1.4558522930697844,0.2892119264168436,0.2399214215717644,0.25,1,4
0.50064571428885518,0.8643469292304875,-0.047521097357156962,-0.85445399398091182,0.50222548802887479,0.13295838200063428,0.13878847550956827,-0.02596045269221943,0.98998172405441143,-25.867828524959432,-20.667384047287857,-3.1037898701824815,,0.583517350935903,0.7666666666666667,1,2
-0.98884836546750843,0.072918026412733275,-0.12985326925537563,-0.048832246369661679,-0.98248278070842743,-0.17984158953348234,-0.14069229483781198,-0.17149503501707794,0.97508724283407677,-0.47126980978542116,11.528005432644392,-1.9948206116320861,,0.4262474912731476,0.2195121951219512,0,5
-0.19690062808797096,-0.94500649080613841,-0.26113765525643728,0.97082163586990511,-0.22511465873851755,0.082636201194887335,-0.13687766065156007,-0.23724696574520857,0.96175796500951727,-1.2560329517604276,-12.534080022785606,-0.11441369312300791,,0.1530600999922067,0.3469387755102041,0,5
-0.55760139899371686,0.8289915941830972,-0.043053648091852095,-0.82913002929943247,-0.55367639897942966,0.07736820876234704,0.040299805882564432,0.078837693947367518,0.99607255943474782,-10.342694288049701,-6.9733522518554016,-2.0722866382197482,0.3307457870108926,0.140391933463811,0.2727272727272727,1,3
-0.29730462656168061,-0.93479431676884783,-0.19434388171918882,0.94745134844728085,-0.31402139404088253,0.061045117823212404,-0.11809276586839977,-0.16598237683948042,0.97903214923120241,-1.8426746327759884,-8.9723962885463351,-0.60924121380598473,,0.07582135200423459,0.3055555555555556,0,5
0.79600840535914785,-0.55857324330443792,-0.23316635791199924,0.59778986479607499,0.78591671299123933,0.15805757744611659,0.094962603927417705,-0.26519964574902077,0.9595057330469251,-0.079755746013890294,20.201294148094185,-2.1942757348056303,0.3503354185928333,0.3998469475575891,0.4363636363636363,1,5
0.92967562128793224,-0.31447084574305362,-0.19186278002923735,0.34317883309829034,0.92866195980710209,0.14076666125375642,0.13390865429909571,-0.19671057822314136,0.97127412233566923,12.303112542961919,3.3406005173881206,0.9537501808603992,,0.09702707556077506,0.2121212121212121,0,6
-0.2522673731987683,-0.89233412586413263,-0.37430065487210656,0.96000233663892554,-0.27934947183136433,0.018957484942394041,-0.12147710099931042,-0.35454714835382944,0.92711360335558179,-1.4830521032860755,15.456106319578085,-2.2937382609029746,,0.736945776135148,0.4464285714285715,0,3
0.64993001891693691,0.75784618079039845,-0.057097607410792735,-0.73869985983359532,0.64759409435026527,0.18693422919435332,0.17864346501469708,-0.079316172525322762,0.98071170951685704,-4.990572861480655,19.304154183431617,-3.0198078840194853,,0.3675997977938786,0.2727272727272727,0,5
-0.47652203838056151,0.8723151652654717,-0.10951255355213003,-0.87912710207269318,-0.47390979130462513,0.050448469816992803,-0.0078921061133263217,0.12031526151523841,0.99270436309488241,-10.162098674987764,9.3579895962707607,-3.4196890487125957,0.5619554719633818,0.3741325610954395,0.5909090909090909,1,5
-0.97297827800474024,0.19061124412916233,-0.13030972389834694,-0.17742489900044894,-0.97837147729357132,-0.10634687411050654,-0.14776222705959419,-0.080353008841786921,0.98575337596401913,9.3176187633961192,16.376789508077355,-0.3567339628608388,,0.1456115254533106,0.2307692307692308,0,2
0.97896201743749134,0.12357920193276799,-0.16236240101814803,-0.11182776070747651,0.99052960396607126,0.079659623410927485,0.17066903746687384,-0.059827121913723573,0.9835104448523424,2.7285065275906635,4.5825783234237001,-0.96545800765822853,,0.08092419168388568,0.5,0,5
-0.52947111279921999,0.83531901689963195,-0.14799486719811875,-0.84796944997835333,-0.52620281112980427,0.063705678416461062,-0.024660750486669804,0.15922544258040108,0.98693419528381454,10.537187936798652,5.2127329845575234,0.51594221985548394,0.2793979349344079,0.2911753800838683,0.8877551020408163,1,5
-0.70628741429649655,-0.65837549828716024,-0.260191836269897,0.68621191958351968,-0.72703605197758236,-0.023060367437451108,-0.17398646449614674,-0.19483398671685148,0.96528152773796905,0.055971854512034687,12.716099152675369,-1.9419611366197029,,0.1570815739771001,0.2222222222222222,0,5
0.81971019183583937,-0.51569999793695431,-0.24925632093946365,0.56089617969636052,0.81089359516130277,0.16687436270561709,0.1160632457002639,-0.27659553404601989,0.95395190316038336,20.712681150034662,-7.0500216419719797,3.4108758872741198,,0.2885644377812425,0.25,0,5
0.77537236766181639,0.61678539175992586,-0.13554878080626132,-0.61126718952321979,0.7869348590423324,0.084178088814184399,0.15858787620399392,0.017587158257641532,0.9871882178113387,9.8701632210080295,9.5957583400903506,0.12327570712179545,,0.269800254027188,0.3255813953488372,0,6
-0.81844372853413372,0.57363641011290112,-0.033032290503828318,-0.5687946057838591,-0.81699570019163215,-0.094819419422233431,-0.081379110675468144,-0.058815770514111528,0.99494630281463003,14.668281100078845,7.0151275751889752,1.1753113142807685,,0.3120243570533922,0.3888888888888889,0,3
0.26257725032267953,-0.88322462406083713,-0.38854530117551728,0.96478716931106279,0.24676774748044072,0.09105710700530778,0.015456569662361452,-0.3987730460500335,0.91691938151521801,-2.5074368695417184,-5.9341340186154152,-1.0566523573970728,,0.232231884797697,0.2063492063492063,0,2
0.84102339412767579,0.52521174918061686,-0.1297392348235504,-0.51819423039471169,0.85095774476258323,0.085706803780159199,0.15541682700272905,-0.0048513040736357285,0.98783706892037026,9.7072559163597809,-5.0063595657626028,1.091462090336786,0.109791622670564,0.189888685141979,0.3478260869565217,1,6
