axis_00,axis_01,axis_02,axis_10,axis_11,axis_12,axis_20,axis_21,axis_22,location_x,location_y,location_z,dbh,dbh_approximation,score,reconstructed,number_clusters
-0.97841137868338368,-0.20655053860640013,-0.0069317432357202712,0.20662439967033544,-0.97833970194879361,-0.012561251992482141,-0.0041870662466022262,-0.013722339164703523,0.99989707764554214,-7.9904450802762961,30.475264891386068,-3.6780601161520878,,0.1093207731827374,0.48,0,2
-0.074050233448368558,0.99018182340963168,0.1185601936377443,-0.99320447278300483,-0.083930138737560223,0.080626342192411604,0.089785512027698897,-0.11178411515359067,0.98966806224574799,-24.937061219905189,30.916531974615815,-3.0554051509378835,,0.1147741168156505,0.3571428571428572,0,1
0.78398603400149569,-0.61962891104876061,-0.037761237838990637,0.61517022832776591,0.76730664377875679,0.18112455546431253,-0.083255562395375529,-0.16522871120210122,0.98273495120745713,-9.5553556481560111,-16.332083350404954,0.46569114448863785,0.5187181831179637,0.1861397179520726,0.2272727272727273,1,5
0.81105867823220057,0.58157359810473941,0.062896505878634643,-0.58426285989364068,0.80012329884509537,0.13579255205696741,0.028648403326152587,-0.14688382018706966,0.98873879885140203,7.9519274455167555,31.615193422483358,-4.3096682054498432,,0.2907365606915421,0.2413793103448276,0,5
-0.51706642257675017,-0.85437341355459695,-0.051849636977955901,0.85409385374982838,-0.51898258615813253,0.034362250382971041,-0.056267251847296619,-0.026516890384822609,0.99806355052865814,6.3918889921866331,-13.445460166670649,-0.52196840163991742,,0.3683892039099277,0.5901639344262295,0,5
-0.9016320662371069,-0.42962947239466781,-0.049780855586110687,0.43234071334153851,-0.89846333728156058,-0.076453509718071827,-0.011879592599732616,-0.09045522655303502,0.99582966779911963,0.10676222339027737,27.951904552456,-3.6572753328214782,,0.3097773692603363,0.2448979591836735,0,3
0.42032434831976073,0.87584261323431867,0.23712266667792159,-0.90514055632755286,0.38639537474542635,0.17725458433109706,0.063624016696660596,-0.28913376008038527,0.95517205428193008,22.326459799978156,26.275460762032651,-4.2525033827436145,,0.3147651964461067,0.1764705882352941,0,4
-0.77245855145664211,0.63116970600848643,0.070232389242196311,-0.63140044919488969,-0.7751537293332903,0.021683372827676566,0.068126786493992716,-0.027595255350391795,0.99729496280897245,-16.637915906810122,-11.034441060635299,0.57422667171223607,,0.09093346370050412,0.2857142857142857,0,2
-0.74185663124419932,0.63478347211267905,0.21609877882944761,-0.66680210987092592,-0.73240720297145989,-0.13767583414384466,0.070877958144184947,-0.24623085218569418,0.96661609881132093,16.973938240439129,29.042289393019111,-4.3673131173049846,,0.5110939430212138,0.4736842105263158,0,1
0.80034730078242255,0.5603980165473339,0.21306867714449088,-0.59812408328579492,0.72195537644121621,0.34789080962444019,0.041131242672899637,-0.40587497764389824,0.91300258674263768,-12.529755010448286,-16.336778356415113,0.69125019096449269,,0.3887387732830115,0.2702702702702703,0,1
-0.98256341739678976,-0.18566688237257095,-0.0098457901456314653,0.18559215693897255,-0.98259401674580704,0.0080342727163081537,-0.011166112854600231,0.0060668810265372677,0.99991925217905886,19.254939568860252,26.220154479507364,-4.1651080331993287,,0.1493479678381585,0.7619047619047619,0,3
-0.69207572679761131,0.70596052425409106,0.15050224773220597,-0.71783681232550434,-0.69501278162900204,-0.040835575699076594,0.075772681409039921,-0.13629736449104757,0.98776592833772037,-28.835296271054354,0.46115778930277485,0.29621338074067399,,0.4327731169101688,0.7538461538461538,0,2
0.10871062739446216,-0.94829685788767526,-0.29818629883323661,0.98998825263650914,0.076111848025320575,0.1188707122544547,-0.090029212665741223,-0.3081234426500723,0.94707691607189659,-38.992668375608794,2.2998467573396266,0.52587923449377816,,0.2310696780667529,0.2380952380952381,0,1
-0.24791270099955828,-0.95299370067494882,-0.1741904106343683,0.9652749683968207,-0.25827563736131104,0.039216457414275922,-0.082362176207412291,-0.15841938523891183,0.98393077516200556,8.9632103640040146,27.49521663009714,-3.9537910479086822,,0.2649085351304079,0.375,0,1
0.87542137801927145,0.47335304366338476,0.097848387628258912,-0.48244988253691495,0.84326112773996753,0.23696578082675859,0.029656731899473595,-0.25465185351245362,0.96657793879009846,-13.252829470672214,34.193613189917137,-3.8596940293740412,,0.09501331795641615,0.3076923076923077,0,1
0.99685252532457502,0.077201706809743711,0.01802607055574652,-0.078737566330691455,0.99063164254915614,0.11157663029811267,-0.0092432895842521016,-0.11264477460594487,0.99359232905233263,-7.6595122038487036,-5.3397821623337931,-0.34968712796108697,0.1821811101310507,0.1682633260530207,0.7023060796645703,1,5
0.85614272972355088,-0.51323068439462627,-0.060115646360428009,0.5146639684371771,0.83649777746277343,0.18812885980714997,-0.04626689890196814,-0.1920045126960962,0.98030283135892837,3.1099212331775212,-9.5914881702475618,-0.69103516999509573,0.6727698596432709,0.3178652323166761,0.3611111111111111,1,5
0.86450614884730681,-0.4989615779001671,-0.060551320254591812,0.49928729588982135,0.83866077480827406,0.21762421961035447,-0.057804106845695008,-0.21836998094372184,0.97415257360149232,-23.211969720607915,33.796975800088838,-3.4428704805467101,,0.1974745736685873,0.1851851851851852,0,1
-0.040551596693619608,0.99498273801514259,0.091459931431672997,-0.99350254825144946,-0.0498939002411736,0.10229020156690592,0.10634027752207743,-0.086717643940619843,0.99054116300430151,-7.8502405170588965,-6.967564057095764,-0.18508600016794202,,0.1204105416001472,0.4375,0,5
0.61885002519687171,-0.78542934134510101,-0.011198038579693353,0.78101954841234567,0.61372843601140836,0.11552433435760111,-0.083863647139911263,-0.080238124262669394,0.99324152757685358,-3.2065897101303471,-10.367558796883701,-0.28818629137588275,,0.07679071131358403,0.2375,0,5
-0.25732240787073196,-0.96372619834465778,-0.070830735078501086,0.96331912157390798,-0.26160931095483719,0.059806675478651698,-0.076167239792985009,-0.052843003755345785,0.99569381264344003,-10.207736118135065,-9.3510093134821286,0.11871973918680602,0.2717648107006556,0.2292490264833533,0.3359375,1,5
0.16064829817218856,0.973737352510609,0.1613310032821012,-0.98331810647167406,0.14376704773597573,0.1114295179485344,0.085309001748588548,-0.17654065908711061,0.98058950122349764,11.503559941729224,-8.7324778128954055,-1.0798397277095224,,0.4450739648571976,0.1666666666666667,0,1
-0.65112572747646891,0.75587888865749642,0.068428011078402851,-0.75501678346575718,-0.6542863425908233,0.04311656971681127,0.077362417899519351,-0.023589989000226332,0.99672391800122306,1.5109902163137472,30.079417148842552,-3.9657159542496752,,0.7359203905554652,0.2982456140350877,0,1
0.95876597790731211,0.27873237351291386,0.05546227153022984,-0.2839687192419893,0.93176041780622865,0.22623945345943977,0.011382710551524575,-0.23266024104994637,0.97249146327105684,9.353012511663275,-8.0638261182602307,-1.0924521247562764,,0.09942391556898937,0.4137931034482759,0,5
0.49635417512328239,-0.86729376260340285,-0.037869013545621513,0.8635600663826497,0.48881172222026853,0.12380271390098238,-0.088862503829677669,-0.094152161787648195,0.99158399838028521,-7.4363971253241354,28.338985891639229,-3.4551669047599818,,0.1393145617682832,0.2777777777777778,0,4
-0.65595233117634555,-0.75355936818048641,-0.043299166871227784,0.75263686441943067,-0.65733557212363058,0.038048599682313229,-0.057133961364531312,-0.0076304815263256763,0.99833736092088199,-25.41271195276142,-9.4002007368513194,0.91261817502154707,,0.06774629360469589,0.2272727272727273,0,1
-0.52114385078030923,-0.84804040238999312,-0.09610703776565932,0.85054619332132142,-0.52536706083491347,0.023677508658936374,-0.070570955927211354,-0.069404087083567725,0.99508934919212999,-11.00356253624739,-7.5230107118075917,0.0035430688954542727,0.2848399911900567,0.1118533464615241,0.1525423728813559,1,5
0.64217993001496521,0.76080388605030791,0.093714377001208521,-0.76434732810706107,0.62625859738400502,0.15353609093048962,0.058121420333397227,-0.17022812979460469,0.98368911975535267,-4.6152878739186773,-16.830331147011073,0.16136441129565313,,0.06381855554323601,0.2631578947368421,0,2
0.99969908078156833,0.018280964856138823,0.016357084349459382,-0.022217726048242362,0.95741406048810018,0.28786227510553125,-0.010398102410149893,-0.28813906903371495,0.95753211766637458,-17.666178122964975,-2.0355247778695387,-0.039781578952317202,,0.10152039349016,0.2203389830508475,0,2
-0.86434093989742644,0.49717691584060236,0.075695798908918518,-0.49700674252589327,-0.86745722467094144,0.022411185822872999,0.07680519188852683,-0.018250417020258775,0.99687907229390305,4.5227233683614587,25.99107795334746,-3.6247116663623085,,0.1848410049324003,0.532258064516129,0,5
-0.12379268111428472,-0.97626434713544541,-0.17771690019449415,0.98755150373007927,-0.13872202123249389,0.074150039147870717,-0.097043287160917299,-0.16632535987447714,0.98128409498963665,-20.388937258427998,-3.7561092135444443,0.20633959337781377,,0.3658910450111338,0.408284023668639,1,3
0.96562365374971493,0.25526079913441618,0.04912111301985058,-0.25979085296251797,0.95415582357967277,0.14864513798305848,-0.008925919339604663,-0.15629647710122674,0.98766985334659674,0.58781306690513824,-14.837200095696664,-0.20236611024600831,,0.433191170555709,0.7352941176470589,0,5
0.4170567766112338,0.90028937513294538,0.12467030963857499,-0.90502478998131508,0.39874076040652345,0.14810785093877987,0.083628790508555442,-0.17459910370090151,0.98108173889076056,10.292670146101047,28.713627513237103,-4.1161879067712439,,0.1849047773711638,0.2857142857142857,0,5
0.37337453498009648,0.92035939652790089,0.11631869089357796,-0.92224022316542154,0.35469583904747559,0.15383053187908299,0.10032161982439715,-0.16471017875409649,0.98122684921001002,17.660676573949427,25.370054065903911,-4.0611929751251639,,0.2482929781199243,0.55,0,3
0.99948618094764963,0.027693395817527167,0.016138460979143968,-0.029438768613920672,0.99228199847631227,0.12045660796465739,-0.012678051789515022,-0.12086981148305349,0.99258740455179728,4.922314046595357,32.327129567673481,-4.3114667732663694,,0.1653154124667012,0.6818181818181818,0,1
0.27788407766411566,-0.96054420608638535,-0.011630457198243975,0.95614780204087435,0.27540543387095873,0.099665579046902819,-0.092530103388947127,-0.038815913595140021,0.99495301638751088,0.54850222307857421,-16.910956723888944,-0.047222063113803829,0.3301881534046877,0.2706196502915139,0.7654320987654321,1,5
0.48773613538951949,-0.87122671143762775,-0.05547503504166458,0.8688412088966555,0.4782478380572856,0.12803889688891965,-0.085020091497806677,-0.11064819325732296,0.9902164214809791,13.831449215278866,36.57074381391876,-4.9987417651054944,,0.07372867934087488,0.2,0,1
-0.69849606453161994,-0.7102919540130006,-0.087112501388910094,0.71364836626942796,-0.70041328049825291,-0.011280329013495786,-0.053002425933309588,-0.070046959720387589,0.99613461252940882,-20.016054610690485,-4.580820771774194,0.26495747862032248,,0.1578460034426484,0.2592592592592592,0,1
-0.98622115200176919,-0.16446654231806063,-0.017849252148085956,0.16543211775346112,-0.98031174234343355,-0.10780121631589885,0.00023186183233977819,-0.10926867932543104,0.99401222425006841,-12.007007467203644,-9.5927786779360638,0.23047222439553944,,0.07447906772423264,0.3863636363636364,0,2
-0.83807144244294063,0.54189991830187645,0.06309307336013735,-0.54211449673263579,-0.84016793511346577,0.015156293725555997,0.061221971496587077,-0.021501612767280562,0.99789255476452809,0.35300786058624473,-22.459088852170044,0.33165523088962395,,0.06882332265021174,0.3684210526315789,0,1
0.17135296782675943,-0.98520399690465377,-0.0033533416252453556,0.98107259569546112,0.17032083539577308,0.092126950483857051,-0.090192695892353902,-0.019076097954770908,0.99574162316059123,-17.712018197482227,-10.467500553365955,0.59345357011481126,,0.07004304852659377,0.2352941176470588,0,1
-0.97453852323476731,0.22134674913923638,0.035781047733275145,-0.22148290781588781,-0.9751642401117494,0.00016233512711163325,0.034928330575878755,-0.0077666886616203764,0.99935964010481038,-24.886993197490764,-11.594398357640292,1.0826983865230058,,0.1047297045959497,0.1851851851851852,0,2
-0.89658173521886642,-0.44021052162343183,-0.048537498122100717,0.44213002915578209,-0.89604339151703416,-0.040339531942728657,-0.025733818034525131,-0.057627573007001699,0.99800642955779062,12.954689505553477,31.291167811431087,-4.442281357820467,,0.09791184584931889,0.4705882352941176,0,1
0.19069928538584438,-0.97248317226779935,-0.13382922778409284,0.97751881264595319,0.17563198549420547,0.11666351869633232,-0.089948615756856407,-0.15306823748681983,0.98411348999803105,-1.7431365874970728,-10.862263934820238,-0.37864749001173303,,0.08870255445115532,0.225,0,2
0.68154279101525228,0.71308693521819344,0.16433638317872434,-0.73030276885494505,0.64854174973049727,0.21459604996203047,0.046446634086243305,-0.26627170649100035,0.9627783174253719,-5.493763476658085,-11.901996995042145,-0.035382722340785835,,0.5503472407399038,0.5194805194805194,0,5
-0.76871382586256054,-0.63899800952672803,-0.02757893668408435,0.63799554632722189,-0.76912637823876218,0.037500628847449861,-0.045174514877026985,0.0112320130966888,0.99891596497774615,-15.909199586004124,-9.6066643871796042,0.41504463471656577,,0.1416006971413057,0.1111111111111111,0,1
0.98724494424451303,-0.1591795572791127,0.0030477217841392442,0.15652862360770869,0.97394556349242389,0.1641000589424044,-0.029089689842349869,-0.16152989784510485,0.98643899053465345,-18.0319435691185,-6.3371892446037288,0.34321730557268132,,0.0876335668591907,0.35,0,1
-0.78832047363762636,0.60447641583004308,0.11471309231737106,-0.61164243657109052,-0.79013963448655655,-0.039659649504636012,0.066666038048832088,-0.10142790897339819,0.99260667872635056,-28.286646182612923,32.701226165028231,-3.0907019698985292,,0.2062134584810957,0.3333333333333333,0,1
0.90319310765769156,-0.42910087486637577,-0.010707449208492512,0.42608970045717992,0.89328286311033267,0.14315478908411336,-0.051863064351733892,-0.1338587526548688,0.9896423883877099,11.230091504339601,32.649872493468592,-4.5121757936271916,,0.1353431056795071,0.4210526315789473,0,1
0.75377318409347627,0.65467223874062741,0.056835259864940792,-0.65545449063138139,0.74284764810831838,0.13622328145766527,0.046961661520187964,-0.13993438291668323,0.98904649578520276,8.9424034650711928,37.144648669245221,-4.9120628084591917,,0.06666656586963184,0.3571428571428572,0,1
0.55689222865933607,-0.82874024374911404,-0.05532317823024939,0.82589963269555278,0.54545649518744244,0.14271302873662695,-0.088095643321264502,-0.1251671692117777,0.98821674615406208,-2.8240413482426558,-11.99710919189743,-0.2314601153854175,0.2383370970947859,0.1502606113916251,0.3421052631578947,1,5
0.024507307920155128,0.98924199446545014,0.14422090085880163,-0.99571362588627255,0.011284336598507579,0.09179890506940995,0.089183894750776926,-0.14585246015597131,0.98527828189985645,-5.9511480581279743,-17.101188480128787,0.24979095960683359,,0.1063559660300297,0.1428571428571428,0,3
0.15611977114360229,0.97780204316799124,0.13974899439555977,-0.9810162510506969,0.13701947040236201,0.13723257596172747,0.11503795996324145,-0.1585207529226289,0.98063114301980947,-15.176588104970156,-14.131091567971399,0.74110549503423084,,0.1790076671785979,0.2903225806451613,0,2
-0.93205563279478654,-0.36229666299915853,0.0036640626607158965,0.36205817074759178,-0.93096597027273786,0.047076992141014733,-0.013644719506653779,0.045204979524512072,0.99888454360640255,8.1722773829895701,-13.57942898840018,-0.57922908506510362,0.3393843754116579,0.3168477381786141,0.8169014084507042,1,5
-0.9295659931526058,0.36657634690128482,0.039100463766053542,-0.36551861732422247,-0.93026430990247877,0.031693124034325303,0.047991715572586913,0.01516890286657252,0.99873254659204258,4.7807996403480812,-18.788125112517996,-0.083566289409869612,,0.08006670959473125,0.2380952380952381,0,3
0.95014553307440031,0.30888603156911643,0.042577992910032149,-0.31155710023464922,0.93502813632737303,0.16927657123635337,0.012475546967596531,-0.1741028540192327,0.98464844332899737,-13.97451683250037,-1.8898128168709349,-0.20929353215425173,,0.06997727412172194,0.2857142857142857,0,3
-0.90735810775132464,0.41534938306974889,0.064700496764052276,-0.4172959726027195,-0.90855954805393746,-0.019586191298358063,0.050649141626353457,-0.044770946199568007,0.99771249707964971,7.83367807977874,-14.455942444748603,-0.49137285852397261,,0.08600316156895331,0.125,0,3
0.68828162233025958,-0.72540453427263107,-0.0075279491983810121,0.72103942692181655,0.68292451566577694,0.11711639819821336,-0.079815745230402052,-0.086037012729240164,0.99308966324997283,1.3537011726926096,28.661019832072107,-3.800128955474416,,0.1058777648425986,0.525,0,2
-0.97080873177493376,0.23276146806077455,0.057900822927987781,-0.23469801596144396,-0.97163070537570895,-0.029165282012428895,0.049469663565735324,-0.041903118706078019,0.99789622758551322,24.747336717884952,23.23306706841603,-4.1438161747214179,,0.3441241918534689,0.1538461538461539,0,4
-0.9383698839225082,0.33276631248536503,0.093426667617711054,-0.3443768796973487,-0.92317737353166684,-0.17072815154241611,0.029436808202922125,-0.19238014001987025,0.98087886920289968,7.5698513628401223,-15.666087480369246,-0.38416586572334938,,0.3073503729367413,0.1875,0,3
0.099424893298396377,0.99336693222946149,0.057765288414688594,-0.99123850692951887,0.09380446037149813,0.092988954153445214,0.086953510410690035,-0.066504595085164722,0.99399005319963729,8.2541693858602088,33.304645159805972,-4.485615710247373,,0.1017919756045266,0.5600000000000001,0,1
-0.65559279068868859,-0.75503423498562783,-0.011018021450549392,0.75294754417674004,-0.65474638489122705,0.066160163165496805,-0.057167197895586386,0.035078133809209204,0.99774818266596244,-19.937508660095773,-26.006879595286996,1.700128981103775,,0.06831215983736193,0.2,0,1
0.94676895538105921,0.31603668464063228,0.061232010321512528,-0.32138744055533947,0.91708997520462388,0.23591543067902238,0.018402667739879915,-0.24303660493953988,0.96984253901317208,0.15820131390209019,-5.1760276339012083,-0.80313612691821612,0.2241745474140774,0.2437311229709165,0.5942549371633752,1,7
-0.9008551961496627,-0.41544204468192819,-0.12596754772818466,0.43062262135896612,-0.89190858005193463,-0.13806970270003155,-0.054991577028542439,-0.17862528471703398,0.98237922113391318,1.3738093397954163,-12.323891911994114,-0.40058438024404636,,0.4507688700081195,0.1578947368421053,0,3
0.85185990134665823,-0.5126662655217743,-0.10727538708212447,0.52037993351937639,0.80514088201208567,0.28452220458721711,-0.059493136310261201,-0.29819701592866177,0.9526484694908246,15.525166545739731,34.549917331906713,-4.8454336360522934,,0.2453834913948599,0.3571428571428572,0,1
0.27397239168928034,-0.94912204925264654,-0.15526256539974928,0.9584397707628689,0.25609363997183449,0.12573485350528221,-0.079575966296827949,-0.18325769612333428,0.97983890635118864,2.9398939961136339,28.318475157491783,-3.8119943254627686,,0.3970328741557946,0.3269230769230769,0,4
0.43960124902683828,0.89110434162564933,0.11262235208856652,-0.89520752042253726,0.42446727161108,0.13576093219324087,0.07317265358708612,-0.16050105191855626,0.9843196508757005,-17.26815109676479,31.010539723833965,-3.352475800029441,,0.2381845323867278,0.2380952380952381,0,1
-0.90117105115519025,0.42425003733864658,0.088896807468022462,-0.432172386285683,-0.89520663268236866,-0.10877551808027842,0.033432994062572469,-0.1364440933849892,0.99008345319390156,-14.123165077589295,-11.90055845407889,0.52784663928826814,,0.1226898390353765,0.1818181818181818,0,2
-0.65768878947633824,0.73619187667756303,0.15958376142676703,-0.74768705043134953,-0.66377014164561254,-0.019320291846409286,0.091703494014218609,-0.13202545123471424,0.9869953137740084,2.4771501930822479,-11.561460203025762,-0.51089334445733103,,0.4998332917955101,0.15,0,3
0.96196443519509611,-0.27312583115756311,-0.0051677629851053283,0.27039572935442985,0.94931655818317084,0.16026297734082029,-0.038866115919470652,-0.15556462552183509,0.9870608250354107,-3.8183805006334217,35.401526916090198,-4.3553128501452019,,0.1183812839377595,0.2,0,1
-0.028187699677627836,-0.99143535342160238,-0.12752016927790813,0.99732185395397388,-0.036506471250734987,0.063375051736685478,-0.06748757821030589,-0.12539225471536011,0.98980917819785175,-8.7266716790879286,-6.5193634193951313,-0.1744801025356062,0.4493612104566034,0.201135621726717,0.2633928571428572,1,5
0.074875801605669395,0.96783221155236365,0.24019663739438193,-0.98774116313783744,0.038896987026172086,0.15117678076806995,0.13697083257766865,-0.24857158864589815,0.95888015744462785,9.2613199203110259,30.702074547893567,-4.2473026079377201,,0.324426588929947,0.2340425531914894,0,2
0.066739168844530711,0.99631540977744548,0.053865458152166833,-0.99390941155132706,0.06163923385290658,0.091349255496266615,0.087692445350992021,-0.059633959201350277,0.99436101388697673,22.195029502574485,27.699845909421843,-4.3609977385331797,,0.1219922940046751,0.4166666666666667,0,1
-0.94448162043254269,0.32182808119527312,0.066190292485278482,-0.3265042777616497,-0.94184095823535507,-0.079564854010116384,0.036734524203555351,-0.096758955887691678,0.99462971963794744,-21.002934206365634,-6.6893178040870733,0.49854422724005687,,0.2033245735512961,0.1830985915492958,0,2
0.93486851474977795,0.34800837056319089,0.070078771018739716,-0.35436731341030325,0.90312694299989116,0.24245727874005951,0.021087136266169683,-0.25149930187899905,0.96762773515359124,6.6186093995196966,-4.6080771621836654,-1.1932321933382384,,0.09567989227909829,0.2340425531914894,0,5
-0.46176728752544566,-0.88477358924685234,-0.062822511432068157,0.88419693490431894,-0.46477882300970774,0.046652180951335408,-0.070475190508417287,-0.034005020996181849,0.996933752096823,7.7617267949979789,27.871572411741045,-3.9384463019008185,0.2820420817975332,0.2410325143399061,0.5384615384615384,1,5
-0.58411488387535637,-0.80935951580082011,-0.061212552780772408,0.81000566669223306,-0.5860849105793855,0.019882090373567089,-0.051967512560713351,-0.037969089715367575,0.99792671367412389,14.511128679513755,27.816180501162194,-4.1979342214660154,,0.1758545008331568,0.3157894736842105,0,5
0.9999416736143576,0.0052024353574000185,0.0094648843451984477,-0.0073967232232258501,0.96844024633958592,0.24913606273536443,-0.0078700606652617883,-0.24919154065913338,0.96842224169473279,-10.632921198352147,-15.057999335379387,0.51010137722642623,,0.1343195622425575,0.3538461538461539,0,4
-0.18369173783480794,-0.97999993666772067,-0.076534107314929545,0.97946846770274709,-0.18905804674547913,0.069989825952193635,-0.083059413838903945,-0.062106192058837342,0.99460743747505242,-16.175426888179196,-14.47184599089867,0.81062104511400535,,0.1067026223615624,0.40625,0,2
0.70911316591206064,0.680956253193581,0.18291281848665877,-0.70393814811849642,0.66886167848924216,0.23894589067831773,0.040368323642125579,-0.29819898773321241,0.95364970621356127,-13.139639744408189,-12.94550016918428,0.57739269061323273,,0.2789829415832518,0.1153846153846154,0,3
-0.66663351114771774,0.72928449950679941,0.15409049482035819,-0.7395217063546784,-0.67298202394131657,-0.014242235853764905,0.093313491227852846,-0.12344761735637733,0.98795408705258347,0.8156401805421748,-19.535564274071643,0.11106280298263675,,0.2383691745013713,0.4210526315789473,0,4
0.94658997661289901,0.3192724055010534,0.045083780471048523,-0.32228866564173347,0.93257186979661144,0.16260296326611723,0.0098707737721869804,-0.16844832664536108,0.98566106196578351,7.973060943943814,-12.31119506524295,-0.67855046144856912,,0.09439054334409847,0.3333333333333333,0,5
-0.73375773403513445,-0.67087926505589623,-0.1073340554609003,0.67762402753584505,-0.73408863800249546,-0.044040309510034348,-0.049246980107650572,-0.10504705266545997,0.99324712517911451,-19.865337941353143,28.844168556996884,-3.0008775261004614,,0.09487523451849213,0.5333333333333333,0,1
0.43309777056870591,0.89969081170693965,0.054614690867234264,-0.89834093476158106,0.42591579068696783,0.10760717529599453,0.0735519276437019,-0.095667040163277248,0.99269226418175194,-11.476487283231064,-17.914247403248631,0.65919291574976513,,0.09636198979536703,0.4146341463414634,0,1
-0.73275801826765796,-0.68011107793647552,-0.022684980329271208,0.67909504209066052,-0.73298312820398748,0.039568391124482322,-0.043538608984878879,0.013588798194882977,0.99895932554397837,2.0179428288651176,-14.647925819744934,-0.28155599274531429,0.5254124930131592,0.5719849206059143,0.2530120481927711,1,5
-0.56676613804572351,-0.82351961796295514,-0.02432249154348538,0.82153172962455945,-0.56713201990141016,0.058710213954858648,-0.062143076724720407,0.013293262680535115,0.99797872080645655,26.805555083149581,6.1147154507250265,-2.7488390334086201,0.3414692399417305,0.3182442639808241,0.746268656716418,1,5
-0.51900591161316756,0.85175864313497796,0.071694334193470016,-0.8506455641457924,-0.52291151672869929,0.054457964262142229,0.083874834781777097,-0.032722461969590895,0.99593887993841135,-14.973981023615019,30.570023860359424,-3.3898632651739886,,0.1445081345635394,0.4,0,1
0.99341075229241571,0.11098014323657572,0.028609177496166312,-0.11453609930779915,0.97021846831181668,0.21344227721336698,-0.0040692978721110036,-0.21531263677235243,0.97653669120057496,20.653521112454765,25.296809105893455,-4.1131518317925391,,0.156208353726932,0.2857142857142857,0,3
-0.95417996652831827,0.29623309825827659,0.042267516751270003,-0.2964017510903178,-0.95506042541543534,0.0023634203772954451,0.041068155870574975,-0.010273037602815692,0.99910353381008543,-11.186498179609591,-19.716462402875017,0.6640895433189129,,0.1039010245944452,0.1578947368421053,0,1
-0.9844098509231799,0.16985839504032038,0.0456658629583125,-0.17313284651803687,-0.98154061512103707,-0.081259081488632645,0.031020362054025322,-0.087898501137054857,0.99564631804466341,-18.242856570842378,33.882935742567057,-3.6254889333870848,,0.2137509996190564,0.3793103448275862,0,2
-0.15711836940202631,0.98150338338263865,0.10938430602641901,-0.98329705602802431,-0.16577835355036222,0.075129468923656961,0.091873378097618807,-0.095753046440121156,0.99115621195367987,27.415074707045537,10.962449610312008,-3.1729411750598224,0.3516279434165369,0.3486624257953237,0.7021276595744681,1,5
0.91840536105851533,-0.39030254837218947,-0.06477278373786223,0.39258155523300042,0.87868855145477465,0.2716360654131687,-0.049105145044238942,-0.27490061890887663,0.96021785780816427,-6.1799224356394182,34.108323292582192,-4.1167419848173878,,0.1871270649849517,0.2121212121212121,0,1
-0.98468468976279888,-0.17424813988729457,-0.0058006458742400806,0.174094858922686,-0.98094901270052903,-0.086197532322841566,0.0093296218267689048,-0.085887252998772368,0.99626117957536364,-16.090236974580513,-1.4811770391961929,-0.14207522359048969,,0.2832367380957164,0.1764705882352941,0,4
0.99035528274771389,0.13392896809053631,0.035488666358431356,-0.1385425649152433,0.96010428959012317,0.24291091127685166,-0.0015400131173221193,-0.24548479508280965,0.96939921794003414,-33.308234909429956,0.67007222581845671,0.48019212816993706,,0.3200470590951668,0.3333333333333333,0,2
0.92197425007304101,-0.387137950723901,0.0093642571276015951,0.38423652960030885,0.9175408238391497,0.1023773701033853,-0.048226253461828163,-0.090791209364524242,0.99470155563322771,2.6459412267299571,-6.9294153924543958,-0.85986534302637541,,0.07528072840730163,0.3389830508474576,0,5
-0.98161418678076662,0.19012863575430605,0.016872764353857834,-0.18820307421179688,-0.97882121767498964,0.080552012305588727,0.031830663957311968,0.075895491931057504,0.99660758733645005,-18.393578287882825,-17.310226384267324,1.0641818940641625,,0.09801607538641896,0.6521739130434783,0,1
-0.22850839711251267,-0.97256582275716108,-0.043584777775698441,0.96969633740529115,-0.23135286245776199,0.078516662278550961,-0.086446085347078316,-0.024322282731822152,0.99595958798079742,-0.17748077004419968,-6.0834779681667177,-0.74937020423135148,,0.07022069696214137,0.2528735632183908,0,5
0.73858129006642337,-0.67154054483919334,-0.059422004349362588,0.6716690345906382,0.72540678559231031,0.1504848942210173,-0.057951582686726996,-0.15105724760404543,0.98682486896631905,-20.333694352119885,-1.6020541901713077,0.048183365091553867,,0.7814418783563475,0.2547169811320755,1,2
0.29485367905688209,0.95453572866983327,0.043850320858243516,-0.95283456523054566,0.29025598766370647,0.08864396723569401,0.071886015667428124,-0.067919101275826496,0.99509768185507619,-6.736848669883706,-10.996490842659011,0.0079388481376922865,,0.1041805156548896,0.3932584269662922,0,5
-0.51540327053796897,-0.83626548999994621,-0.18713497522888536,0.85442040979068701,-0.51823985330539857,-0.03732583259772336,-0.065766496423935852,-0.1791297984176537,0.98162481797628343,-6.9813920644097642,-8.4179861641436933,-0.13560865040317774,,0.2197336192552388,0.3928571428571428,0,5
0.9116272575168366,0.38055966629620042,0.15527422110851613,-0.40678686401976327,0.88944906064248519,0.20833822448885383,-0.058823384918742151,-0.25309031769454549,0.96565268107947422,-16.333758755531985,-18.989695993513951,1.0776540891553814,,0.2885954842858899,0.1818181818181818,0,2
0.21402882487885969,0.967972380799767,0.13122931124488033,-0.97324404892429928,0.19981424402838963,0.11344729664826428,0.083592364211155762,-0.15199913780082586,0.98483936697991281,-38.346333393953749,1.3413316492631735,0.58197444571290569,,0.1734044130932557,0.2307692307692308,0,1
0.98968931156608719,-0.13254965180374315,0.054273901449497453,0.11385630627626769,0.95795315369822343,0.26336760780466412,-0.086901139767945765,-0.25447268051076344,0.96316761094873726,-17.967366786867718,-2.960400538690064,0.049415333471882282,,0.1952057444671791,0.253968253968254,0,2
0.59414315824559405,-0.80148731096437287,-0.067911691725724768,0.80031762359112557,0.58059381711615754,0.1496747169562814,-0.08053327808678927,-0.14327913277790558,0.9864002642087073,-29.182516375695002,-12.096354806103578,1.3402087504570066,,0.4354274922645053,0.5476190476190477,0,1
0.84811107770942451,0.5276845538646231,0.047503804892368016,-0.52874332490576192,0.83727206506336094,0.13930536756397735,0.033735681913344744,-0.1432637451598576,0.98910939894867722,-5.2471267526275227,31.670350604077015,-3.8817147037282207,,0.128898994536223,0.1923076923076923,0,2
0.74583488396997721,0.65172541927805738,0.13778353936639198,-0.66440770936255533,0.71295014300101911,0.22419743382658874,0.047882372467242321,-0.25875871282271062,0.96475448013742948,0.99031570492039933,-7.7217758841326063,-0.722145568199837,0.6359827562279091,0.4883016713792706,0.3548387096774194,1,1
0.2331961540800887,0.96659806170191531,0.10633786172551624,-0.9688887804431402,0.22163012780148267,0.11015724026182945,0.082910101035154005,-0.12871780593530172,0.98820931061265671,-17.074395295439061,-17.76253934578412,1.0693088605015253,,0.1109432563780137,0.4166666666666667,0,1
-0.28634307688907157,-0.95720158052121118,-0.042104353283145261,0.95541077211682668,-0.28856213591498808,0.062627072734616568,-0.072096455119695563,-0.022294123976343717,0.99714847098879889,10.849063584703998,25.23560427647007,-3.8232126152491044,0.1682097240757445,0.1957877416320913,0.6382978723404256,1,5
0.5079027999748974,0.85520751993650912,0.10322230195894914,-0.85854670128698718,0.49279494568238469,0.14160050571635699,0.070230388628370083,-0.16054046017730433,0.98452752788287634,12.905098093085501,-10.261468008884188,-1.0449082684002431,,0.1529762512992639,0.3478260869565217,0,4
0.55725086218168729,-0.82887174526204255,-0.049427790806610354,0.82595403691105895,0.54720851035113671,0.13550931742730843,-0.085272536658008366,-0.1163377673223347,0.98954237826702685,-0.55009926041287815,-12.967130855396611,-0.29669459111452923,0.1628975351258953,0.1859751115693418,0.2631578947368421,1,5
0.26832511157196315,0.95928226432992869,0.088199613615582595,-0.9598689749705126,0.25848621580753067,0.10879534515115991,0.081567060685982504,-0.11385259584017982,0.99014362646613152,-18.916594003874259,-18.370875927019974,1.179109540466353,,0.07678922878006464,0.3333333333333333,0,1
0.98249130715887556,-0.18346935990572222,0.032401008210053504,0.1714632018828369,0.95845504968160378,0.22795676813799456,-0.072877992270155914,-0.21840996249168323,0.9731319985115342,6.515722342166745,30.848314297252688,-4.1881693088424825,,0.1996686687292763,0.375,0,3
-0.88504408390259848,-0.44318914123933045,-0.14240911008975132,0.46466903844410434,-0.85944472643926029,-0.21316061293582445,-0.027922289670467407,-0.25482964365098865,0.96658274268490274,-24.277755700600942,29.526721260928962,-2.8995434965274756,,0.1648594473446708,0.1724137931034483,0,1
0.99517187836412868,-0.097893176515374866,0.0070610555117722696,0.089929825956889725,0.93830278140218748,0.33391693101171288,-0.03931359709533308,-0.33166973995926613,0.9425760577686968,13.597615294854979,25.602826443191205,-3.9746572397885358,,0.5007759058405904,0.5,0,4
0.46167989455088909,-0.88446945701120605,-0.067568147686478369,0.8819568566910333,0.44954901767528244,0.14162550491652323,-0.094888239013860454,-0.1249778393215789,0.98761164522060907,-4.6684564271358697,-21.789559085984607,0.44882081068152874,,0.1145088866385355,0.3333333333333333,0,3
0.99378811063327899,-0.11109997275933693,0.0064797543790076949,0.10849291327358916,0.98014707752307317,0.16595479562937551,-0.024788685591356691,-0.16422089536917317,0.98611207202366225,8.3835639418882177,-5.9649698127458697,-1.1873188199189157,,0.09057058866617593,0.375,1,5
-0.98431037385087539,-0.17318059267310992,-0.033787131439945266,0.1757683976214475,-0.97914931311851616,-0.10184347311991568,-0.015445333506872497,-0.10618429705436022,0.99422650172479987,-17.309819670260854,-15.420800879873143,0.90560991645029509,,0.2175804125584554,0.2857142857142857,0,2
-0.81066966398710427,-0.57999815268951882,-0.080105173164912696,0.58415453345934321,-0.81047894706314061,-0.043443726892609093,-0.039726275057347729,-0.082012311540208493,0.99583924597592544,-22.730220348268066,-4.303284533621146,0.39905696226923687,,0.1123033830305921,0.4782608695652174,0,1
-0.36979074792603916,-0.9283525618839088,-0.037634074877484339,0.92592030450095819,-0.37157290820959987,0.067861355700526468,-0.07698306606750363,-0.0097516525903995083,0.99698471041967518,-12.198694282346894,32.599802979607432,-3.7244248726686182,,0.1187825566224864,0.4,0,1
-0.021221347200324717,-0.99622622996530308,-0.084160282509755935,0.99576290814760027,-0.028594855612275816,0.087398884374725302,-0.089475612210460825,-0.08194896559220112,0.99261194928226204,-12.729746908988377,-6.7679940135395915,0.036816515536423608,,0.09718426112442627,0.2903225806451613,0,2
-0.32477079616982801,-0.9342879096262563,-0.14707151961346651,0.9433981391130728,-0.33106633535875146,0.019875429809582318,-0.067259802803791208,-0.13229203875640072,0.98892615265674311,12.349498016017044,26.70456224213094,-4.0167672558475731,0.227822303126867,0.2237182071581757,0.5094339622641509,1,5
0.086080190631026274,-0.99614139038052407,-0.017103542080029177,0.9922406214152153,0.084171945181004668,0.091507556289052772,-0.089714825945739818,-0.024847817111430456,0.99565748929555276,-4.3398231103389318,-8.3823194535512826,-0.28700779122286024,0.1257267460838273,0.08217511921407086,0.2695652173913043,1,5
0.85606290487973868,0.48787962121236517,0.17067447991583817,-0.51686272052400661,0.8099722310499069,0.27712436388841433,-0.0030382595981167221,-0.32545116397658586,0.94555396929255164,-6.965766357723294,-2.9749158615907745,-0.57260209532720541,0.2363483168862821,0.3850561182753481,0.2086330935251799,1,4
-0.26274170921002049,0.96060619479102538,0.0905678351872337,-0.95949646515928477,-0.27001506895312194,0.080364145519482608,0.10165297628811837,-0.065784504766287819,0.99264246904130626,-17.120910540716874,-16.58741360855052,0.9985335567740512,,0.1025026584305185,0.3333333333333333,0,2
0.98080638441003853,0.19384290862639034,0.021065684792322882,-0.19496456902867298,0.9734345219251237,0.12005852051341644,0.0027664280168616228,-0.12186122557921145,0.99254329304890343,-11.450506382602789,-12.259419708875173,0.42457493826808257,,0.1383613383888799,0.25,0,2
0.88388494865357758,0.46062509754023695,0.081067361247972591,-0.46765282566816713,0.86783648271055014,0.16781142369087726,0.0069449397579102378,-0.18623737216957131,0.9824802333986834,-13.126308340262025,-5.2148127596759517,-0.067589291555621586,,0.3211157906748215,0.2758620689655172,0,5
0.24306944055037821,-0.96978030668194115,-0.021057156560335098,0.96583111938996369,0.23995293192137099,0.097943040999694628,-0.08993050588346603,-0.044144617273436694,0.99496922408551236,-5.9227613589358254,33.351627056704153,-4.0424742434104139,,0.1140153644984328,0.4761904761904762,0,1
0.91576204358285374,-0.39661682918871394,-0.063835494336978299,0.39864661308167293,0.87758443972310629,0.26632016265088271,-0.049606021927451005,-0.26933370000832096,0.96176847558461886,-31.241877743137099,27.662607943321266,-2.3651077251330075,,0.5503940586523455,0.2105263157894737,0,1
0.13794732119608233,-0.97235454073855498,-0.18840696292849618,0.98680365212226118,0.11864666890608674,0.11018856617479879,-0.084788494107357643,-0.2011208966333542,0.97589000210290289,-8.7483452156368813,-11.932724222308341,0.20822726451634052,,0.1049652033786595,0.2586206896551724,0,4
0.97966692919092679,0.1989117991298677,0.02620694595981898,-0.20059591999913207,0.96866983062959766,0.14642416504023537,0.0037396162000250077,-0.14870391855949011,0.9888746937179308,0.83205972391616656,-9.169065851834505,-0.62832993074484345,,0.08661488508076118,0.4736842105263158,0,5
0.97338177117885905,-0.22780564310697443,-0.025149880821278028,0.22644838404306661,0.93900980304067216,0.25880826717437283,-0.035341999108575044,-0.25761439936877661,0.96560124499550737,-3.8583602006759548,-14.358533479244221,-0.055283570776556129,,0.451262837781192,0.4367088607594937,0,5
-0.97505841036110064,0.21909350795258864,0.035484238150371245,-0.21925041170535184,-0.97566846838365739,-0.00054476501511415895,0.034501497809762471,-0.0083111115331771998,0.99937008764219382,-27.713640946214149,30.282431133970526,-2.8380009538259161,,0.120489390667454,0.3636363636363636,0,1
-0.85691840668337516,-0.49892180556286936,-0.12949083450619189,0.51284226329942395,-0.85048586191507469,-0.11690428416655414,-0.051804027460689045,-0.16658580556715105,0.98466517767330108,-11.646826127605788,-4.6944971610141994,-0.17287034954372746,0.8471440796958993,0.4392155527512745,0.1479289940828402,1,3
0.41190347185950621,0.90032695097685278,0.14052370339130765,-0.90944565040340219,0.39654097332779653,0.12515536518494166,0.056957342216937351,-0.17935060026932451,0.98213503315512363,2.7092155815231922,-17.968087785262671,-0.073100865221335867,,0.3574693685341623,0.1363636363636364,0,2
-0.69184061046621559,0.72050769494660671,0.047172356655805325,-0.71817605227457182,-0.69341704836530316,0.058274822828243117,0.074697574586103196,0.0064388321207478416,0.99718544603893799,3.8113246875391789,33.722332443573208,-4.4103706142366752,,0.08006019194716399,0.1904761904761905,0,1
-0.82837809940521412,0.55191944899636325,0.095784373701328238,-0.55675581432683197,-0.83005277117759391,-0.032177014679155472,0.061746964614230335,-0.079983241244321157,0.99488189926291337,-15.184258985939257,-6.2656719766117925,0.13218476647498092,,0.4627008908852229,0.2784810126582278,0,2
0.98810535594694648,0.14944421535128044,0.0362523385038536,-0.15375271954077002,0.96440592755859,0.21513090927077932,-0.0028119002071977993,-0.21814589931487377,0.97591211685752211,1.1783471779594019,-3.8827244993337646,-0.96024152039608113,0.5560052659149833,0.545985325966482,0.2604166666666667,1,4
