axis_00,axis_01,axis_02,axis_10,axis_11,axis_12,axis_20,axis_21,axis_22,location_x,location_y,location_z,dbh,dbh_approximation,score,reconstructed,number_clusters
0.1500061682204693,0.98794318526480918,0.038293761693457558,-0.98707721059631315,0.14744182800074365,0.062765338182800876,0.056362485903430994,-0.047214087353481905,0.99729338719263749,7.9365931058778028,2.5555974633099479,-1.7824682595136745,,0.08899061491862051,0.32,0,1
-0.73001377596306949,-0.67449901272753843,-0.110140677016795,0.67762932562366551,-0.73531070245453856,0.011690505148631142,-0.088872852767075836,-0.066100322884156792,0.99384725353328429,3.0341497016882162,2.4572768959175999,-2.2757872538342614,,0.06953606124936942,0.2068965517241379,0,5
0.65668814753080262,-0.74895555269183089,-0.088466134676701697,0.75415649236554994,0.65169167574846776,0.080907013188251067,-0.0029431132246024688,-0.11984798643376249,0.99278789186427885,-16.724245471980751,-12.962113733764332,-3.7449248374531554,,0.1138912356969352,0.3333333333333333,0,2
-0.98650879320103513,0.14796225935695495,-0.070054055864188433,-0.15037443634775846,-0.98815905392069803,0.030482996041164955,-0.064714216599844249,0.040606082802173281,0.99707733712552715,-2.377726883191202,4.0210369829574359,-3.0357456259166811,,0.06698342069481331,0.2333333333333333,0,5
0.59684474461034343,0.79342098696637475,0.11941309924928208,-0.79834203999283948,0.57237502805267659,0.18718123421371846,0.080164443558767687,-0.20705063318667491,0.97504035674730494,-4.8417346192915582,14.484287902835765,-3.998726860562781,,0.08807524791806493,0.2307692307692308,0,5
-0.6161292640446322,-0.78059952389884846,-0.10511476241095365,0.78313519424107181,-0.62138243885011879,0.024148130976908658,-0.084166486969691062,-0.067440699711450142,0.99416686451199499,-8.4375900983556669,10.290273247077616,-4.2304272069078293,,0.06762877918161822,0.1590909090909091,0,4
-0.78584056378194811,0.61698745136400224,0.042202999587973841,-0.6180065068638545,-0.78095028360819985,-0.090468845500584913,-0.022859697915904649,-0.097175816907421983,0.99500467075263943,-12.915612010741841,19.223939810559788,-5.3069272130160492,,0.2422686400796421,0.28,0,4
-0.15484924385426252,-0.98129149074096056,-0.11440595210541214,0.98623839448931949,-0.16033284274251403,0.040338675898367753,-0.057927030934550379,-0.10658512906351922,0.99261476381807867,5.2725990268761942,14.398017905255754,-2.7679735024063885,,0.1106571248288926,0.40625,1,5
-0.98243891632995073,0.17523728042050921,-0.064075511946889638,-0.17542321818185078,-0.98448925655982633,-0.0027564907044252229,-0.06356469305483152,0.0085322487718439075,0.99794124602991552,-20.166257748647624,-14.418373979285539,-4.0497390783582672,,0.4460617489526469,0.6111111111111112,0,1
-0.9973944097989218,0.013650234905098034,-0.07083828335650727,-0.0048526068428725033,-0.99240616547836202,-0.12290831919509521,-0.071978076583704795,-0.12224432014441623,0.9898866009214089,-4.6642417901054776,16.828866889013081,-4.0794371005510675,,0.1011568795244102,0.1875,0,5
-0.96603127709100911,-0.24049801561454917,-0.094574183408466211,0.24634555691493257,-0.96757401096728068,-0.055806808625479452,-0.078086095242276124,-0.077209052488379032,0.99395237508829415,-6.6683717299596132,11.993304642100373,-4.0859077054597943,,0.09587123834537281,0.2857142857142857,0,8
-0.034974884030076918,0.96153094809298878,0.27246099417436115,-0.99844551237674517,-0.045456803723350647,0.032252717869917798,0.043397192326490669,-0.27090942186394212,0.96162610657340342,-17.806479959708284,6.3702997404196777,-5.4205219176331401,,0.2524744766016497,0.1578947368421053,0,1
0.85768897445992542,-0.50616635259963483,-0.09036175399948175,0.51281219777585973,0.85487032669259855,0.07886934989450671,0.037326570994046314,-0.1139839814906963,0.99278113351400599,-7.4674280711645169,17.587459538332574,-4.449445261482734,,0.452314496096475,0.8413793103448276,1,5
-0.21817154159841615,-0.90939336322863296,-0.35412552767667776,0.97401888991946994,-0.22548876707093976,-0.021024224239452837,-0.060732038633771072,-0.34951184077301639,0.93496154607707982,3.6740448717754162,-9.4354617328885961,-1.5314250202923847,,0.6677810086936875,0.3076923076923077,0,1
-0.93892218704919317,-0.33151191648118528,-0.092330796041905264,0.33610647418573703,-0.94100619678679065,-0.039239974761624156,-0.073875331993790747,-0.067876261239346439,0.99495489771294432,-11.761116085995441,10.945482155138363,-4.7270855635104692,,0.5800270848269212,0.4260355029585799,0,3
-0.85939394652056778,0.51069805155479286,0.025090731793673007,-0.51080433077858967,-0.85531243838849091,-0.086715444966694505,-0.022824993792799658,-0.087339182936826881,0.99591710838919056,-14.076916598165575,10.02378822139254,-5.0553376754641821,0.7492167186568734,0.3526399566655228,0.3571428571428572,1,4
0.55555003450663476,0.83136790620131984,0.013840653818010253,-0.82507743327356486,0.54913152195346726,0.13304811422855553,0.1030115928543132,-0.085334495577708586,0.9910129341245324,-2.6928725360295975,-13.010379774405745,-1.9741508933459646,,0.2260001845211418,0.2941176470588235,0,2
-0.93939796426661593,0.33593822791996114,-0.068388389027186525,-0.33872089560063506,-0.94027554402557656,0.033912478395271332,-0.052911431801089134,0.055021889547726736,0.99708222933485091,1.3311384476620316,8.4746620876048855,-2.8898125140406319,,0.06350414821320732,0.1864406779661017,0,1
0.1803327528377576,0.96838004340758177,0.17239544594880069,-0.98212080625768905,0.1676463728652447,0.085635364078597218,0.054026106371853254,-0.18475601531494709,0.98129832091736513,-6.1652571192752657,-11.658664243246607,-2.3794762909495222,,0.4083164807126501,0.4102564102564102,0,3
0.63947211987409036,0.765840736946649,0.06755274633019108,-0.76161133283500781,0.61903138507151034,0.19169851849644295,0.10499326455073406,-0.17403479516884487,0.9791262964855546,6.0170503070123464,22.681710025801561,-3.0729724906698639,,0.6591796399280028,0.6136363636363636,0,4
-0.33674364527011047,-0.93523847453604947,-0.10923695857026601,0.93934967383236101,-0.34168120938677421,0.029599686198153233,-0.065006981480727977,-0.092644195174200944,0.9935749319801146,-5.6604794816836108,5.8457867649332638,-3.5929164447614399,,0.08567876530286518,0.3948497854077253,0,6
-0.68364846404954815,0.7280465549980526,-0.050724662228143987,-0.72967725173471454,-0.68320267223070563,0.028376345037649728,-0.013995924534170916,0.056412076830133051,0.99830946689097533,-7.457003191701185,9.8985271025410402,-4.1019361834694221,,0.0885387942652833,0.2461538461538462,0,5
-0.96678188666163278,0.24868071651334309,-0.059082018054427678,-0.24985856006705873,-0.96819037867814628,0.013345058871504918,-0.053883982631106782,0.027663909150339366,0.99816392669056719,-11.477916956685693,-1.887525820881782,-3.8515782555892248,0.285726148307001,0.2434997254177669,0.935672514619883,1,2
-0.64444908349185115,-0.75590019931779862,-0.11532678551761856,0.76040788172210749,-0.649404853215797,0.0072931498454538697,-0.080406667642751853,-0.082995332947600586,0.99330083182664564,-6.530884625030505,5.869208931952218,-3.6946561018806192,,0.07264576365401572,0.3307086614173229,0,5
0.62187071039319086,0.78297363696071709,0.015136161322334484,-0.77888243397500934,0.61638224683847931,0.11582348564740225,0.081357074678443692,-0.083816523471543822,0.99315447780942456,-11.1642445141129,8.8335161647834877,-4.5292392838193321,0.2542235432703312,0.1272273836785456,0.2985074626865671,1,5
-0.99728362461834763,-0.0040619631177645932,-0.073545037383366194,0.017551580489559914,-0.98282184881982493,-0.18372031870400204,-0.071535404454083476,-0.184512096996407,0.98022342961774755,13.425477615488969,3.9916271241106962,-1.2688947724165267,,0.2555212517621957,0.2857142857142857,0,3
0.19954359387933979,-0.96907822764374063,-0.14515420368898579,0.97943718070921848,0.19275345668857777,0.05957276205601518,-0.029751692155155541,-0.15405678706720791,0.98761396465037588,6.446320615135507,10.465820711769762,-2.4600318729832238,,0.1007067081369643,0.25,0,5
-0.99607627030703105,-0.032350739936947467,-0.082374106106016462,0.035898501463574553,-0.99847424174371724,-0.041958147802037715,-0.080891046005741582,-0.044750622340252386,0.9957178417986976,-9.5003940115395018,18.384296054947619,-4.7590954991259444,,0.1143523421789838,0.3611111111111111,0,5
-0.92948862462908344,0.36877007257656869,-0.0077155853314738211,-0.3648484302521024,-0.92227485664350739,-0.12765074126606091,-0.054189663476643828,-0.11583489273560965,0.99178917013507362,9.5795278704724431,-7.5811243685651739,-1.035710726016938,,0.4139951441254009,0.2592592592592592,0,4
0.25199515106186765,0.96680087280872296,-0.042361730106294009,-0.96568769287283229,0.25406407009447318,0.053839837675998474,0.06281499562408388,0.027340823384138953,0.99765061805294564,8.7134008009115433,-8.6879834523294903,-1.0536675784427922,,0.09161317790689816,0.2777777777777778,0,1
-0.86798838913917686,0.49582369431082896,-0.027477635988902727,-0.49494559875317629,-0.86829013037129477,-0.033182883760457547,-0.040311420149096187,-0.015202422825382806,0.99907150682311097,-6.521454757784908,3.9531263315736003,-3.5553997408526068,,0.1132094087143466,0.2568807339449541,0,5
0.70260208062388918,-0.69013080569871477,-0.17340642239728288,0.71157541300437332,0.68029070467169939,0.17568434405187841,-0.0032784006219271767,-0.24682793229885025,0.9690537776235314,-3.3141942051511855,10.423531826211907,-3.60477231163879,,0.5414393059554559,0.6,0,2
0.9300907813494651,-0.34658111895389643,-0.12170729819286516,0.36679100714869495,0.89420560947040661,0.25663336701704509,0.019887069255874017,-0.283333471330735,0.95881523167922611,-7.8679193602005277,-9.5386410378629893,-2.7595276178797303,,0.2282085579327753,0.3186813186813187,0,3
-0.65687825908467357,0.75192293478807659,0.055882491726621471,-0.75399056151994903,-0.65476843506765081,-0.052692784875096155,-0.0030308217899182202,-0.076747616111165581,0.99704594555142356,-3.800907988715498,-12.032544350144248,-2.1587676653970269,0.8761356512100761,0.3454587912732768,0.1818181818181818,1,5
0.55244206994247036,-0.79797510028159735,-0.24092218388569628,0.83288944249446917,0.51692814996978564,0.19768779514696239,-0.033210479354131739,-0.30987259817445845,0.95019789357884776,-18.027732105005907,8.8909805479422168,-5.5807259669786546,,0.4691982451967644,0.4731182795698925,0,3
0.91008563631116146,-0.40463458644642059,-0.089526454366539887,0.41202983155205225,0.90663975549500275,0.0907511524287751,0.044447187664660701,-0.11947889021621078,0.99184133927831764,7.3549211649712918,5.192544821450789,-2.0159626057539675,,0.21755136320521,0.4482758620689655,1,5
0.18132588982537273,0.97729707471167215,0.10959630212304595,-0.98330218538807157,0.17842694385384028,0.035786001704880561,0.01541862153630941,-0.11425521199047214,0.99333177370047554,-17.866989213596138,10.473431697326452,-5.6526709266052988,0.5256813159982158,0.4768595453832789,0.1363636363636364,1,4
0.99545783532860699,0.06613001043647608,-0.068487369657141819,-0.058908301400087675,0.99297955766532409,0.10257392497575862,0.074789772756967465,-0.098073542703665514,0.99236488758546482,-1.9979745086774565,17.008530379235012,-3.7848460314903045,,0.4342935839114691,0.9767441860465116,1,5
-0.8976741842172361,-0.42253002052236122,-0.12509772478863379,0.43262199962914427,-0.89901597270517852,-0.067885832526696971,-0.083781050523375464,-0.11505938718042563,0.98981921227811331,-5.4909475827354397,7.5341121139568719,-3.6804837157232813,,0.07020137193287208,0.136986301369863,0,5
0.063041734584422693,-0.99156298838994184,-0.11326332043426755,0.99710592770738415,0.057745736161233539,0.049448952324543584,-0.042491277121133722,-0.11605287592475065,0.99233372479131732,-7.1923082652799302,14.112171259541,-4.291235230085138,,0.07129325062539354,0.3684210526315789,0,2
-0.72070927238145677,-0.68570380287983901,-0.10192369410258968,0.68816024808221354,-0.72541766860250068,0.014306608219271317,-0.083747344213521327,-0.059828929419136097,0.99468933921186797,-3.1727277035214834,6.3575795591491655,-3.2937971370877013,,0.08023865403766688,0.3046875,0,5
0.049351216267730369,-0.9920607943073092,-0.11567124902605319,0.99799192579050211,0.044376320186786292,0.045197989597394336,-0.039706089077898882,-0.1176695483335911,0.99225868798671035,0.81114797263206595,-13.040674801563522,-1.5929902614850542,0.6670406536701998,0.6793740166900013,0.6666666666666666,1,5
0.70890280263352423,-0.69961068718018293,-0.089452237543885191,0.70503389420743601,0.70643062197209616,0.062313596901609723,0.019596541455918381,-0.10724114286686075,0.99403989499394685,7.7347525958498702,6.3846753437156156,-2.0308332804384919,,0.07006649725596752,0.125,0,5
-0.26394967676373321,-0.89756440232609258,-0.35314120662041731,0.96244146764942473,-0.26920690689875654,-0.035129227529583494,-0.063537307821009276,-0.34915008943863646,0.93491027674309457,-11.519319024873397,4.7505274704329663,-4.3703856215600938,,0.3047585985266092,0.135,0,1
-0.70250692430347816,-0.70392196365486659,-0.10477542836917922,0.70703652674655004,-0.70710609198568619,0.010016213002270728,-0.081137976015200244,-0.067043595973132641,0.99444546612026397,-9.6976257360768177,9.6406531403347326,-4.3626017473133123,,0.06983457728964107,0.1857142857142857,0,5
0.7337682186846376,-0.67159476019469067,-0.10268728902551685,0.6790469637048886,0.72983279121427957,0.078989353406305668,0.021895714912878846,-0.12768936896785971,0.99157248989725622,2.6421127486014444,-3.9679796079920333,-1.9668037243780392,,0.1468620429756131,0.1851851851851852,0,5
-0.97653824903892161,0.20821619333872132,-0.054946018923389586,-0.20122355384103163,-0.97317495692255906,-0.1115328857259652,-0.076695042496778817,-0.097859695739911171,0.99224057083255246,-16.079539888699692,9.5685408666116949,-5.3163582877718936,0.4762936623537633,0.3875886102758773,0.5645161290322581,1,5
-0.55565062791476749,-0.81955575748543497,-0.13993119763083597,0.82773305712072487,-0.56112191558658442,-0.00042661226166946722,-0.078168829129674461,-0.11606272537260888,0.99016113735673283,-5.0514539334901141,8.9761948207135376,-3.7417814503510156,,0.07220188421425611,0.208955223880597,0,5
-0.97676379848264661,0.21363670894372142,-0.017083283216298335,-0.20825227024917933,-0.96492680337713577,-0.15983509020376807,-0.050630760509944805,-0.15256349732514504,0.98699589937046139,5.3852259605534174,6.012577586991366,-2.2627350361533174,,0.7238965839015427,0.3669064748201439,1,3
0.69198345738717182,0.72176023642630061,0.014867945935705316,-0.71707308720653717,0.68481715783085917,0.12973684112290734,0.083457068643598364,-0.10043715176325572,0.99143698551098158,-12.787211855505999,-11.639198630128746,-3.3554882781577571,,0.07386752445001191,0.25,0,1
-0.89557374011314528,-0.42911730245455115,-0.11749900745913061,0.4347356868804228,-0.90018299029330107,-0.025989739114069214,-0.094617961150928132,-0.074356739578464934,0.99273285263806055,-14.945121683491413,12.118713819674561,-5.2709392278791141,,0.1032514193741583,0.2777777777777778,0,5
-0.65424257842030287,-0.74938684777035136,-0.10191173127158439,0.752033679097312,-0.65889897058426439,0.017247958324391348,-0.080074927944497026,-0.065356705484710398,0.99464390962940608,-3.7833178639309679,4.8740939612916359,-3.2860976693512631,0.3325053504195866,0.2365143300939247,0.7684049079754601,1,5
-0.99653074018706433,-0.026061274022412408,-0.07903982450987164,0.040165032936995665,-0.982388336971461,-0.18248267181192263,-0.072892070840336415,-0.18502422916682165,0.98002692852279916,-14.840526310487393,-13.553383482102193,-3.5333737644029002,,0.4358085636339314,0.1304347826086956,0,3
-0.85536751262261701,-0.49937925361505486,-0.1377199310509164,0.51059401374239521,-0.85762088027974248,-0.061483158983839416,-0.087408074456706758,-0.12290966913580084,0.98856109662109415,3.3462352496184526,4.9559729885648514,-2.4172708571242558,,0.08165747342510692,0.180327868852459,0,5
0.59135597414538432,-0.79932479174345317,-0.10666765745458946,0.80636628732561733,0.58751476627833743,0.067821899631399438,0.0084570980403771267,-0.12612008844429462,0.99197893162281403,9.3075222058365394,3.1850755812214935,-1.6749900728192302,,0.07953366159202735,0.3076923076923077,0,4
0.57475581198791903,0.81677966675925961,-0.050266614713358734,-0.81410113511253479,0.57694243908413534,0.066157114448350207,0.08303672919010531,0.0028979220628705688,0.99654227389164352,6.3959478706364692,-5.731254785957165,-1.4672569929308079,,0.07062268721435018,0.2068965517241379,0,3
0.38522925793569551,-0.91182061674984971,-0.142061893906271,0.92270898120066136,0.3781935416426902,0.074684543724897579,-0.014372015932036504,-0.15985245675210003,0.98703628972209889,-17.376847873972956,14.118728057526416,-5.831463320433909,,0.1272978029792563,0.2352941176470588,0,1
-0.99534405334008735,-0.058519176554104553,-0.076587998119524978,0.056893780111814153,-0.99810978286640406,0.023237020699089599,-0.077803041490132951,0.018771449645963053,0.99679201411983387,3.9104420386950522,1.3126155434260782,-2.1395750359916441,,0.2747542498558535,0.845771144278607,1,5
-0.95879308972446664,0.2764309209777312,-0.065587781057263331,-0.27807164839827392,-0.96040660765564556,0.017184479289272112,-0.058240616872411173,0.034714462386445592,0.99769882061047965,-9.5692933862305107,-8.8301784025833374,-3.0988137774765709,,0.074260244010462,0.3454545454545455,0,3
0.46693175765741624,0.87189725963975984,0.147546271805262,-0.88222810129855755,0.44791428685874496,0.14507366717279627,0.060401249739531176,-0.19790896963123808,0.978357669142223,-0.28256291931552741,-11.710270439578986,-1.8137123359264804,,0.2841662374813297,0.375,0,3
0.14742259947828712,0.9890611455803977,-0.004962606800524713,-0.98738589987495606,0.14746217778251933,0.057654061884319499,0.057755189300951845,-0.0035995036920067652,0.99832428683368379,5.4638397356682553,13.390836458548812,-2.6990067548249512,,0.2364951322708006,0.6440677966101694,1,5
-0.52052606591858985,-0.82303178381044451,-0.22731321461171372,0.85036579831644576,-0.52370746632255571,-0.051073464457006189,-0.077010543128506859,-0.21988445273780602,0.97248146701685045,-16.037596182902128,-8.3675077432167146,-4.0659831988191018,,0.246587659601834,0.3846153846153846,0,4
-0.38890915060479858,0.92003368063266566,-0.047829897317121117,-0.92115300552475099,-0.38748407180112537,0.036513483990723405,0.015060311702439357,0.058259081712060401,0.99818789133584196,10.375425033682053,5.0931861221136048,-1.6937918449428908,,0.09078785548099669,0.2564102564102564,0,5
0.3572527937906424,-0.91655668524954848,-0.17970610466298226,0.9332877006748771,0.34275418125415708,0.10720839053822127,-0.036667548292516783,-0.20601799425573106,0.97786097015120899,15.791054098769434,-7.6086466388875502,-0.44990374512578818,,0.1346069310680573,0.1923076923076923,0,8
-0.56496431102845945,-0.81670854310495977,-0.11748396862342951,0.82153868325524271,-0.5700271618851448,0.011967732801506344,-0.076743202822004655,-0.0897562829697168,0.99300266388770542,-1.3142984339415176,-6.0454390524184642,-2.2331422587380314,0.5228471623324417,0.3093247121123072,0.8375796178343949,1,5
-0.63091899425397013,0.7745889010174174,0.044195668455069011,-0.77583968468260456,-0.62961240807439722,-0.040755358793139032,-0.0037425073356944318,-0.060002083458744589,0.99819123599611603,-20.736911253191845,18.500620322885517,-6.4102642322511159,,0.2001557310454819,0.6666666666666666,0,3
-0.20356826788760007,0.97610436608915607,0.076027802881120668,-0.97891074518854837,-0.20428177260258529,0.0016463100402711582,0.017138064757880378,-0.074089296690101974,0.99710433899984718,-5.714413329448405,15.308833007998903,-4.1436735443914321,0.1281694257935498,0.1630844625989331,0.4363636363636363,1,5
0.31688118136138171,-0.93140050290639576,-0.17910728652047023,0.94839449244232321,0.30885016348119748,0.07182940360816116,-0.011584627921586909,-0.19262575036414087,0.98120391188201439,-6.3400008099335574,8.8596012789574754,-3.911934545431722,,0.1201300765852238,0.2258064516129032,0,5
-0.5805333541019827,0.81339141082337263,-0.037086892210937673,-0.81419553708415282,-0.57944499932576821,0.036457100112447668,0.0081640778628311508,0.051360544731577459,0.99864680557118157,0.5724859641038238,10.096097149027434,-3.0881750038815361,,0.1554291847164758,0.2375,1,5
-0.60552631473800222,-0.78385899964136163,-0.13748800253498125,0.79099959276570841,-0.61180137238481092,0.0043272384435069054,-0.087507293434884781,-0.10613269726765141,0.99049397987387855,5.2054345690016159,16.87819028577842,-2.9188139799427866,0.1119607130772437,0.1364089600313401,0.1666666666666667,1,4
-0.27638300258814341,0.96086227478099284,-0.018871268718812371,-0.96054443082653085,-0.27554973399591542,0.037772218665525971,0.031093926874848191,0.028566291279680106,0.99910816967634974,10.128165354735344,6.8558093748304891,-1.833405133126538,,0.2157511356244338,0.6944444444444444,1,5
0.085861277620706528,-0.98987900369392745,-0.11299291593395416,0.99608226582915227,0.082878790063284871,0.030841949651547188,-0.021165082234723222,-0.11519836892753128,0.99311699969864264,-12.347987435577821,7.3885375279538605,-4.6333956078206251,0.3485972989556859,0.2877985933619757,0.3888888888888889,1,4
-0.91107216719436479,-0.39359814257383119,-0.12258877732564076,0.40575254943705258,-0.90872989020250017,-0.097851189455655713,-0.072886039740802017,-0.13889020417216036,0.98762196026410831,-16.598129275530642,6.3547440112352973,-5.217938473627262,,0.1499338579672158,0.2608695652173913,0,3
-0.12111083543055419,0.98783666789436098,0.097523756616932772,-0.99213886325066403,-0.12358252809293925,0.019693521214796304,0.031506214767772371,-0.094372010222964917,0.99503833198399105,-13.605959618135868,-7.9683406838384583,-3.8256310894949865,,0.3728150638692249,0.3958333333333333,0,4
-0.72862521952726778,0.68421697946220228,-0.030861213269430792,-0.68295448447597418,-0.72920895237498451,-0.042748987243377536,-0.051753855923954539,-0.010071186216047136,0.99860908748378852,1.7142889140559985,10.872799391932501,-2.9860107648709948,,0.453058876992858,0.15625,0,4
-0.069374958441339438,-0.99065594507125265,-0.11742194699563477,0.99629091639173217,-0.07480945300287635,0.042520061814790698,-0.050907023646895727,-0.114036591655458,0.99217142203704956,-16.604548625544084,13.705726635752601,-5.6822708514415483,,0.07988385830690015,0.2727272727272727,0,1
-0.67295499266142889,-0.72330867775661323,-0.15477769391626525,0.7350237368151723,-0.67736224500099973,-0.030339666535195705,-0.082895622142049999,-0.13418250902851098,0.98748335180928315,-18.044816728523934,15.19409465006972,-6.0206299322449839,,0.1242415916815053,0.5,0,1
-0.75025649335105771,-0.64768438678144902,-0.1327408351040209,0.65589569622095267,-0.75439632380700672,-0.026211110340955635,-0.083162671093502685,-0.10672919818874546,0.99080414229583291,-0.71939926580554792,22.124229604250818,-3.8247579962240215,,0.283057115425277,0.5714285714285714,0,4
-0.42234889744452014,0.90613948439485448,-0.023079073812139368,-0.90640922288743975,-0.42201498624929706,0.018046385942736522,0.0066128278358653205,0.028540956564796143,0.99957075002541962,6.9621827143893213,1.9093528138778788,-1.8386229249634756,,0.2650074345151996,0.3478260869565217,0,5
0.86384004335024578,-0.48973356245604588,-0.11807377909069139,0.50137575492939446,0.85859847751316798,0.10691588647647998,0.049017668994220984,-0.15155755413763422,0.98723228062609081,-0.85741005786450208,14.881614698249763,-3.4988221179777668,,0.1171805732315691,0.2758620689655172,1,4
0.25156261935486274,-0.91458856779184494,-0.3166133291694806,0.96748689383386866,0.2287854697194017,0.10782541029351796,-0.026179358338453529,-0.33344408903103107,0.94240632462184404,-17.894627711587095,-17.68267190927584,-3.5002846652412143,,0.344689302295766,0.25,0,1
-0.39596443941864817,-0.90492203319009679,-0.1559752434297712,0.91605713629840779,-0.40104594583131004,0.0012134121435003551,-0.063651282411555307,-0.14240176677053837,0.98776021941966929,-12.414247598608672,-9.8834721645614554,-3.4540693657342749,,0.2045655054038434,0.2222222222222222,0,3
0.48805521103180044,0.86021351325026629,0.14776610777285901,-0.87018615369920971,0.46643812259876682,0.1587814085361226,0.067662167382384425,-0.20607811482099073,0.9761934448135503,-8.9620464195848726,-6.4242756371292122,-3.1265059385164906,,0.5566485988454289,0.3148148148148148,0,4
-0.03752715327933117,0.99852416716289283,0.039258124743798341,-0.99836108226936626,-0.039161740974500064,0.041731372536561,0.043207200518995237,-0.037627724293347972,0.99835729685709917,4.243344246909615,4.7107915647602017,-2.2926288827496135,,0.2554878743760179,0.1566265060240964,0,1
0.99684471260166185,-0.030247440895109286,-0.073387405441299916,0.039410278357797694,0.99114361417758368,0.12681153746704854,0.068901733779853244,-0.12930362869731313,0.98920833128711372,-5.9520856719978079,10.805030369251286,-3.9495574571561489,,0.06889630218252901,0.2424242424242424,0,5
0.12048188208798186,-0.98083890899878445,-0.15309849993587096,0.99182330200138458,0.11239632970765545,0.060445038467362135,-0.042079136108177366,-0.15912919173528234,0.98636060679756854,-7.7175459413216982,21.129526229867913,-4.6629732794820642,,0.152085858809131,0.1818181818181818,0,4
-0.89127684808024177,0.45049257447088797,-0.05178822668079168,-0.45077717031897646,-0.8926112914095039,-0.0067100795430918786,-0.049249596905621452,0.017364411733470315,0.99863554633799445,-1.731137989784763,15.568708489021908,-3.6796220221906508,,0.5247812815502172,0.9782608695652174,1,5
-0.79961532464887652,0.60031450378481888,0.015421709770922536,-0.59630692865859602,-0.79071940727685264,-0.13849500276001145,-0.07094631364929381,-0.11993879898235664,0.99024305353698194,-10.018849415866814,-14.349919167494763,-2.7515227679019758,,0.2977758037916804,0.125,0,2
-0.98099692176017839,-0.14285668332279777,-0.13128978454954154,0.15784584581914865,-0.9811051304681625,-0.11188124028043682,-0.11282609828711056,-0.13047869940745549,0.98501044692239037,-0.38767085016062208,10.585373379432149,-3.2047903768632202,,0.260260932134229,0.2888888888888889,1,3
0.060504080150992887,-0.99360018892922364,-0.09538302178529863,0.99738185940207047,0.056388096172059962,0.045274818009139156,-0.039606600722005746,-0.097872606841255816,0.99441051382683288,2.8774047255963544,5.848808601061104,-2.5439010380073963,,0.2208355999953883,0.6991150442477876,1,5
-0.86370525270532883,0.50356924935647018,-0.020766500711133985,-0.50215036891768439,-0.86333360536492754,-0.050000928425675245,-0.04310734792420047,-0.032758158528173625,0.99853325413066996,10.65928631031378,1.6918373283188533,-1.4208447958702604,,0.1719002503344653,0.1842105263157895,1,5
-0.99753602652366336,0.016281137488341063,-0.068240752849497571,-0.01562119477562501,-0.99982602203689652,-0.010193327800895475,-0.068394839433706306,-0.0091022096196611765,0.99761680805752084,13.963216998499318,-4.4901409013906886,-0.779852355328432,0.8070608177482812,0.7913958084357648,0.9184397163120568,1,5
0.32040226998271182,0.94682505319090571,-0.029405850437709095,-0.94491019322172853,0.32164128781478057,0.060758610241893107,0.066985909978159466,0.0083186911764475228,0.99771924269380996,-3.6299051354129954,15.529900617250389,-3.8795981781877025,,0.08126091985644278,0.3529411764705883,0,5
-0.25243622389240522,-0.9283136185840497,-0.27296479336781115,0.96738423288865938,-0.24826716888651837,-0.05031062324692652,-0.021064159735546768,-0.27676206099185885,0.96070758442419668,-6.7214207137737336,-15.837545147310605,-2.2367659429400377,,0.4818227101395957,0.2307692307692308,0,3
-0.21628481165703708,-0.94617497923497673,-0.24077746762554633,0.9744003230788133,-0.22468902365414919,0.0076715730622565178,-0.061358704601582673,-0.23295439750954741,0.97055002861809192,-9.2387040576006623,-10.317103431356518,-2.9102042418193297,0.625747651044045,0.4499551393364538,0.4285714285714285,1,3
0.5437002671613842,-0.82794292996018803,-0.13747917739635288,0.83925434643462482,0.53507289849455419,0.096690926602381752,-0.0064931871396279118,-0.16795087979994267,0.98577398043121156,-3.0660941388856342,19.194613899204263,-3.9946700275555789,,0.09983990788631099,0.1379310344827586,0,3
0.82306763842772102,0.56793950720056241,-0.0020925424242712772,-0.56459221214266364,0.81860523065431556,0.10545667514789786,0.061605978288381366,-0.08561654341409794,0.99442169673280667,-8.3820156096584686,11.93496281185273,-4.3099277375460483,0.4244206678172593,0.236683215533412,0.2285714285714286,1,4
-0.98919465417562469,0.13599381536768734,-0.054768771504439324,-0.13085734157660792,-0.98744890184803691,-0.088436544451991353,-0.066108186375585035,-0.080314061165187176,0.99457496412954471,-13.728188627158088,11.481896525120836,-5.0717109669510583,,0.2957797718730787,0.2,0,1
0.8153904195806736,-0.54986415703156877,-0.18107421812068059,0.57797817616236802,0.79098251108609685,0.20071844717403564,0.032858659986010952,-0.26832084519823585,0.96276904421363096,-15.328225331647316,-12.886355781156356,-3.6231994946615109,,0.6922193478126339,0.2553191489361702,0,1
0.03816873042081953,-0.99382625334010277,-0.1041754586744691,0.99848419155119406,0.033793809841966817,0.043443039013437601,-0.039654347055787943,-0.10567571427881715,0.99360966992639532,1.2011359215054909,-9.5697116242030305,-1.7921832048448187,,0.07188514079804907,0.2380952380952381,0,2
-0.65621568385551654,0.74840380494766856,0.096294968725733787,-0.75233243672244865,-0.6587452610657849,-0.0071123609747512544,0.05811093629688991,-0.077113071286416909,0.99532743020549552,16.787597946295381,-10.789173818898,-0.17304441989648803,,0.289537382352175,0.4545454545454545,0,2
0.95043140829389361,-0.28671322256164744,-0.12031486249338473,0.30599126093052997,0.93118451583808615,0.19815333885033271,0.055222154635899294,-0.22514645338469291,0.9727587512665532,-3.8316067684053188,27.152550600149542,-4.4036957129382577,,0.2298458780339077,0.1176470588235294,0,1
-0.67301843071256384,-0.70413029359927937,-0.22637738746833902,0.7388917226353402,-0.65371595701617669,-0.16338442325816804,-0.032942588577364304,-0.27722910593625838,0.96023893312008834,8.5130247437481259,8.0740147533627074,-2.0272448180607205,,0.3428454891203009,0.3235294117647059,0,2
0.43502086728384282,0.88705257450692132,0.15457870192318865,-0.89967701280026779,0.42123427528616086,0.11464274055923497,0.036580290682308544,-0.1889428892146722,0.98130651019383941,14.132256796690919,9.5025107661624482,-1.5634832494477704,,0.3724475021163638,0.2631578947368421,0,3
0.92650843776005021,-0.35122651094596152,-0.13498908388516737,0.37412319811669853,0.8981932157452901,0.23082629793866119,0.040173964085760253,-0.26436506047104696,0.96358557866531758,-11.480590716548608,-10.340523349448144,-3.272734428779323,,0.2972216446937839,0.2916666666666667,0,2
0.98058636476782046,-0.17886979560017802,-0.080349097402406089,0.18882082400013303,0.9718529057339963,0.14088515195115162,0.052887405451029705,-0.15332164178073104,0.98676005011670365,1.4454007698144105,22.723971601030687,-3.6055840315845145,,0.3975355670386592,0.6521739130434783,1,4
0.87328610080766189,0.48483646019932131,-0.048010342610133726,-0.47926486375407862,0.87258905059186198,0.094305562709620053,0.087616074478003847,-0.059346066833324163,0.99438496963926404,11.970764393675106,6.8382363811691027,-1.6325417212199826,,0.1017239882392836,0.2,1,3
-0.21693098037170352,-0.94037401193976855,-0.26198791465118176,0.97411998298358116,-0.22598558047637718,0.00455808828587653,-0.063491798738408281,-0.25421887240143709,0.96506039003157884,-9.2295573278026772,5.7755612692693061,-4.0917107652357991,0.6618248412669887,0.6424712073075771,0.5805860805860806,1,2
-0.69265084919470388,-0.67209044812234764,-0.26178088290124896,0.71642624472572158,-0.6830877839328956,-0.14186090127250284,-0.083475966469734417,-0.28580676861185067,0.95464456947996934,-5.7897220411047607,6.810377767330575,-3.68191929732766,,0.08326826933280797,0.1818181818181818,0,1
0.4416211070815444,-0.88680825086830128,-0.1361687334595405,0.89707013213412035,0.43384272833378912,0.083938460223943426,-0.015361504253930203,-0.15922189944790383,0.98712330077010058,13.588575851183462,-7.1572754646591381,-0.67617545879450114,,0.3205575338823855,0.2702702702702703,0,5
-0.97522083476459498,-0.20128329654580343,-0.091811535074300107,0.20741512979919827,-0.97622704739060118,-0.06292627331575773,-0.07696289606964471,-0.080410114256117965,0.99378615715549679,0.30987478449740735,16.320925630306807,-3.436632370294523,,0.2948769583254138,0.1875,0,2
-0.31294219738761747,0.94976620091806008,0.0033681876262100486,-0.94932057413868798,-0.31290077929182036,0.029724566196401087,0.029285296843335425,0.0061045812507748787,0.99955245258893299,4.4955804534843571,10.147684759234787,-2.6155739090056009,,0.1093349817604767,0.2291666666666667,0,4
-0.98766362911889993,0.13323107075609572,-0.082280237608246376,-0.12299323504188213,-0.98524919139709366,-0.11898191032802774,-0.096918624885094284,-0.10739419275062626,0.98948131236210046,3.768666383289252,14.342812917374141,-2.933285287218574,,0.194951905951802,0.3333333333333333,0,2
-0.5525298211274271,0.82841695481110278,0.09184849343561885,-0.83348552573904888,-0.5486890708024178,-0.065132034863662286,-0.003560217464613988,-0.11254178141241097,0.99364061525690772,0.39732044380916692,19.323858540939298,-3.5932013254784794,,0.1979575940583749,0.3333333333333333,0,2
-0.920609374556558,0.39019325964832857,0.015086404594688439,-0.38735976123010885,-0.90768181405381398,-0.16145011556431493,-0.049303091772582748,-0.15447635599336731,0.98676555502341823,-9.0202810260559367,-12.987101533992586,-2.7398767076792852,,0.4216269122858817,0.1333333333333333,0,1
-0.24801352040282126,0.96304738190272243,0.10501920732757639,-0.96839460311840375,-0.24942294326691714,0.00029668707258738631,0.026479923499702351,-0.10162645119446724,0.99447014941076528,-5.2166781996495768,0.42342540775643334,-3.0655182628547748,,0.1707958501168185,0.4782608695652174,0,1
0.26615690029418387,-0.93275834138002711,-0.24315094285602068,0.96291518182874924,0.24570864729960284,0.11145229134435068,-0.044213765158584273,-0.26379753074693363,0.9635642198329708,-19.253290880978657,10.488809161341637,-5.867445858180961,,0.5693571626923172,0.5,0,3
-0.92849140946419928,-0.3619853543697551,-0.082887307671240237,0.3712340680800047,-0.91044474156245359,-0.18241611567525334,-0.0094323511360890153,-0.20014238877129392,0.97972141702065763,2.4095399854157091,-10.957081289982749,-1.5731968313907374,,0.4768528033936522,0.5,0,2
0.98219102719728368,-0.13893031938747633,-0.12648775611907118,0.17238973648190908,0.93409715422694539,0.31264082462279197,0.074716563416967807,-0.3288782036256207,0.94141200456077789,13.478123529504174,6.1682765641262929,-1.4290796287822949,,0.2255127435770553,0.2142857142857143,0,3
-0.43079423484076129,-0.89219680127955836,-0.13565100447283465,0.89950932479326862,-0.43663689163847397,0.015205244827086607,-0.072796303738054402,-0.1154690116300368,0.99063999793833346,12.427327496307377,-8.7969681684515333,-0.68524561308913223,,0.2880808003604032,0.4166666666666667,0,2
0.097836140696071688,-0.97820149312223903,-0.18316639546358157,0.99423171867534255,0.08794350412258127,0.061394052338290879,-0.043947459011571176,-0.18811639730779514,0.98116300476035201,-1.689857001624361,10.4249694355217,-3.3658930718597317,,0.2189760312645757,0.7647058823529411,1,4
0.4977571359843691,0.85372743173626586,0.15292908774212347,-0.86156100844777572,0.46642753471161102,0.20039456975003456,0.099752003985336749,-0.23150556616169921,0.96770590084852792,-16.365813434196166,11.905333284258807,-5.5115207939495487,,0.6996229967825441,0.5454545454545454,0,4
-0.81303683573845908,-0.57272807702829021,-0.1046597034004591,0.57585758813801513,-0.81754993083627248,0.00038571164875975654,-0.085785441167271617,-0.059955486597013233,0.9945080179217527,-4.2144572114225394,24.094712922503636,-4.3524737586623798,,0.07181856359452196,0.2727272727272727,0,1
0.98894662308384718,-0.1218194596741442,-0.08452571168440666,0.1327716533686015,0.98133608254047122,0.13910852298076565,0.066002005672735786,-0.14879352253650624,0.98666317601213582,-11.617540874783122,-8.9413007113691094,-3.4682081732275076,,0.06455013319063466,0.1724137931034483,0,1
0.9757941066598147,0.21435023364186573,-0.04335710721038568,-0.20343221816961837,0.96244876035379423,0.17974347360623433,0.080257049650259024,-0.16657238976230065,0.98275757181021683,12.157911920335925,9.108855688592735,-1.7069961430357068,,0.1100367569790362,0.2916666666666667,0,4
0.86253024094002617,-0.48348566805348636,-0.14927555811590687,0.50586925794645909,0.83076708499037033,0.23221185232735783,0.011742117723832431,-0.27580366075068286,0.96114227010775177,1.5772780056222218,17.291303040743667,-3.3376453441528251,,0.7280161437003929,0.4146341463414634,0,2
-0.16324092183988131,0.9704717256427926,0.17758668633871755,-0.98652529067573969,-0.15856396654633093,-0.040315249847194069,-0.010965960697240561,-0.18177485590970588,0.98327902930195366,17.625110199827652,-6.4087400336559748,-0.32365770450224285,,0.3472919810756409,0.1333333333333333,0,2
-0.18637011365228651,-0.97234790867232013,-0.14073281507096608,0.9807231753422504,-0.1926798834540151,0.032504089877437525,-0.05872166622165273,-0.1319621423466294,0.98951390030834852,-11.923571748620793,13.865468545421679,-4.8923714351430334,,0.07715281665129883,0.2222222222222222,0,1
-0.22711530000784191,0.97103492848619466,0.07422808203206771,-0.97359137607950341,-0.22457419134970835,-0.041064157159794189,-0.023205019413215174,-0.081594118902258941,0.99639546708854354,0.061734637648521738,17.823864838241892,-3.5550222921276808,,0.2221392698761198,0.2580645161290323,0,3
0.99627824200055204,0.034593249642130952,-0.07894917096136593,-0.024009033365936065,0.99105507222693912,0.13127608361804011,0.082784242662013535,-0.128892012523874,0.98819715556887877,-13.520174914167377,7.0268174974230986,-4.7833639575082385,,0.1620195700741663,0.2708333333333333,0,3
-0.99394777966687786,0.093179067694871692,-0.058184814503414513,-0.09401278632967025,-0.99550160510401464,0.011753733103193371,-0.056827874338338587,0.017152713454257149,0.99823663382954497,16.384053072959755,6.9056777537092717,-1.1607562885243803,,0.07810052713798309,0.1363636363636364,0,2
0.12225988738714166,-0.9539162126361308,-0.27403718580883291,0.99182377425837864,0.10725088984087654,0.069158133608465372,-0.036580332857283793,-0.28025186154293685,0.95922926005714104,-1.8960976982308997,8.6203071023287841,-3.2912497109355012,,0.07707641216736212,0.2156862745098039,0,3
-0.071236129386077388,-0.98428566855804855,-0.16157702974534074,0.99610617806934743,-0.078635237250331613,0.039862030488464303,-0.051941273397648133,-0.15810826080196047,0.98605470537085893,-13.025959339320762,13.666511457321889,-5.0754570800312599,,0.08240268541029692,0.25,0,2
-0.58388131354147121,-0.75417183424578194,-0.3005119899894837,0.80791199072953779,-0.57614744764141179,-0.12382380147501119,-0.079754792536387745,-0.31508564392342642,0.94570619648008969,12.572916719904937,4.9151316096095981,-1.4653913650708676,,0.2313883289181,0.1944444444444444,0,1
0.73829100789871971,0.67427801192177128,-0.016599707669603628,-0.66480270301595024,0.73162981047989706,0.15084822332343381,0.11385848110079005,-0.10033435630916199,0.98841755509776696,6.3825965022157272,4.6205064087627186,-2.0833278906873165,,0.1499831042059006,0.1285714285714286,1,2
0.92024474438001147,-0.37152033418527614,-0.12297256493961929,0.39069620395295634,0.89024985740842355,0.23411891764877232,0.022496369878677092,-0.26349161783848696,0.96439933672267697,-10.309057791892862,12.659516490827338,-4.6405229544703435,,0.3585495485616597,0.2972972972972973,0,2
0.70080747612202721,-0.68482569106392555,-0.19970642020298099,0.71299359078386715,0.66359339118770577,0.22645960053203101,-0.022561491807955657,-0.30109397873557059,0.95332753818222515,10.048335967545864,-10.427859736463883,-0.82660407644729605,,0.373243700707975,0.3076923076923077,0,3
-0.62723632921075112,-0.7729685906754229,-0.095363227438430065,0.77456544330972166,-0.63190325765954591,0.027324841987991698,-0.081381578681158681,-0.056725926951481653,0.99506743885168814,-10.130611041869532,7.4533723786594752,-4.3583064155578093,,0.06739978505411504,0.18,0,1
