axis_00,axis_01,axis_02,axis_10,axis_11,axis_12,axis_20,axis_21,axis_22,location_x,location_y,location_z,dbh,dbh_approximation,score,reconstructed,number_clusters
0.40826408068395442,-0.90110252544810232,-0.14606395535633776,0.91199676740896352,0.39564883332868794,0.10827694547432648,-0.039778595486613472,-0.17741544272328963,0.98333179752533806,-11.588715474471373,-11.340962501319467,-0.67247924029889239,,0.3223336050800907,0.2105263157894737,0,3
-0.05212667644064841,-0.99665135850153341,-0.062999041264926822,0.99762346785841183,-0.054816215724941678,0.04174444719664798,-0.045058029044877476,-0.060673322726258062,0.99714017165489155,12.749111139849482,28.272055182310517,-1.177515037936677,,0.3773506059594162,0.631578947368421,0,2
-0.55033309545905396,0.83406562951124641,0.038314614841661182,-0.83438880051717035,-0.55106199296809111,0.011225394316215423,0.030476443591316793,-0.02579157951821975,0.99920267254045203,15.69203879460756,7.0009031587636379,-0.64575839396307178,,0.5316733620371255,0.1764705882352941,0,1
0.67681473259083558,-0.73411888898827249,-0.054692545914589011,0.7360108877246444,0.67335177712414962,0.069895331707705788,-0.014484160271695107,-0.08756049950961621,0.99605389815353351,-1.4460544466514065,11.254042256061613,-1.3549701982474793,0.1833078552378603,0.2058128332275539,0.4854368932038835,1,5
0.16148923778926499,-0.9836063568365192,-0.080248120657332694,0.98580423124801297,0.15699390485786635,0.059522529272497772,-0.045948272347916708,-0.088721184777204476,0.99499613448493984,4.9375362076153317,14.246945574136214,-1.1575892052108336,,0.08245015022136438,0.2631578947368421,0,4
0.049024973042041134,0.97094098329011358,0.23424380244918494,-0.99698889925940803,0.03346393055221427,0.069952127240772558,0.060080668868944767,-0.23696787191436358,0.96965795046946135,14.417451152358078,-2.0263364952722904,-0.27834823644927437,,0.2391185826500842,0.3333333333333333,0,4
0.20452439598119149,0.96816558746479242,0.14430927446800543,-0.97770494050085599,0.19488623061761362,0.078181880483120442,0.047569115702810326,-0.15708199248994689,0.98643926668935955,-10.340009873833203,-4.124287028439527,-1.1305180093533513,,0.08956460013676339,0.2142857142857143,0,4
0.73721520093346238,-0.67461616261855784,-0.037507074618615709,0.67535998576210965,0.73410515371728902,0.070558577913099607,-0.020065820293173064,-0.077347633574191763,0.9968022403849397,11.540856587934927,-2.5176723290612353,-0.38975234799256048,,0.08212630441462317,0.2941176470588235,0,5
-0.79147010480329216,0.60009384264195387,0.11602781229463396,-0.61102507129645389,-0.78148839661816938,-0.12619131585939708,0.014947757351137316,-0.17077255626820273,0.98519708615880242,-13.020976498917269,19.768727371733071,-1.928744566822475,,0.2581308798496812,0.1923076923076923,0,1
0.1538212018782458,-0.94784201116040201,-0.27916761941911672,0.98775472628245176,0.1400486791193144,0.068752950362986398,-0.026069878392733576,-0.28632479696376301,0.95777788243634498,-12.113218732274257,21.437801656863641,-1.8838944569565961,,0.2940385585788707,0.1212121212121212,0,2
-0.13462420695859162,-0.98796427804554288,-0.076176821978327841,0.98958234564034808,-0.13800608543924617,0.041001238745693988,-0.051020624238793902,-0.069863478926282002,0.99625096748490005,10.276607807391771,5.742467534855991,-0.81347062431421036,0.2860053690262206,0.2592244583706055,0.5876288659793815,1,5
0.75849218233732452,-0.64743261702505905,-0.074300846194674211,0.65108788385378957,0.7479911206161084,0.12881712222469446,-0.027824033351691386,-0.14608316087605877,0.98888095000182041,8.6358756230003539,11.490810380091125,-0.91539129512477801,,0.1677817708843783,0.2571428571428571,0,4
-0.46199318838918035,-0.88499048221567056,-0.057914939952258264,0.88587206797687212,-0.46359913469748809,0.017507755028002052,-0.042343512612669283,-0.043216764055340022,0.99816799099360309,1.4170436599274046,11.860587242764497,-1.2383996012777867,,0.08692378184969607,0.3157894736842105,0,3
-0.5471278711802624,-0.83617147475311215,-0.038319151699391471,0.83548036352606869,-0.54833133974584802,0.036128991334842243,-0.051221623755049128,-0.012247720674895764,0.99861220631342551,1.2540513910437627,10.329792697899732,-1.2085157429181914,0.3827928028861908,0.3428396402001883,0.8855421686746988,1,5
-0.97407975432161287,-0.22489594122387502,-0.024299132531306802,0.22427570607411063,-0.97418352429110455,0.025823800353994109,-0.029479482453154026,0.019704735999021741,0.99937114401682803,3.4300460172207483,-2.8149760298720943,-0.72326347254162515,,0.09451902907677195,0.5257731958762887,0,1
0.25568881442381808,-0.94430185426906466,-0.20716476100569972,0.96582502010951643,0.24009019107741653,0.09766642554564188,-0.042488359688215363,-0.22505712202109038,0.97341873370024545,4.1343770599809613,-5.797919789135487,-0.4999933541904738,,0.07492353065287405,0.1052631578947368,1,4
-0.95427612133384421,-0.28952499347342953,-0.074379852152622092,0.29664760159929182,-0.94788306348736462,-0.11626649740659728,-0.03684134521734108,-0.13301494693462421,0.99042906821970722,0.14063916139827176,-11.527654741032263,-0.30103124103556006,,0.3063890725652343,0.2857142857142857,0,5
-0.65897592233611579,-0.74497533181361431,-0.10374241548402985,0.74952496504342792,-0.66193158574069511,-0.0076748013301664681,-0.062952843922369578,-0.082815039624481113,0.9945745867726975,9.2160731762935182,-3.9521535921707018,-0.41242752346042832,0.5521720834402779,0.3180225080834335,0.2578616352201258,1,6
0.89314957009303275,-0.44908790730418618,-0.024574314960497907,0.44948065075197641,0.88933729084580793,0.083942407105225755,-0.015842665249601068,-0.08601880389883533,0.99616754380656425,9.1882838311323649,9.7528625732055421,-0.88188460397514978,0.1857489367225393,0.104039087314597,0.4,1,2
0.65592929919184584,-0.73446506569694747,-0.17412013591906372,0.753783233805152,0.62526079407474866,0.20213801183167771,-0.039592813690646531,-0.26383708356444968,0.96375432680754503,-2.8200681345505045,-8.7665607345592953,-0.55330176630790584,,0.08179973347143163,0.3636363636363636,0,5
0.9422836909633644,-0.32674604276693031,-0.07306482929980139,0.33463060531547245,0.91181338016254398,0.23794688008619996,-0.011126712482051928,-0.2486631924767059,0.96852610340487677,18.496164338450544,7.8577338867458328,-0.54519032880733731,,0.5405971658462054,0.1666666666666667,0,2
-0.96312499267303631,0.26905080119985397,0.00138378548865898,-0.26903386936965779,-0.96310237981610403,0.0073880392896484223,0.0033204849874583671,0.0067433201223192412,0.99997175060757315,18.683735925626557,-1.85127769374799,-0.11541085396772338,0.2669274187020875,0.2125284430579869,0.5862068965517241,1,5
-0.96971151124855304,0.23392086861702432,0.070289488385563481,-0.24335660923997265,-0.94991602608278436,-0.19605382967520621,0.020908029349288152,-0.20722106701913373,0.97807069462906471,8.451436046552681,-7.334119531497671,-0.18697415706652512,,0.3942018143501331,0.2307692307692308,0,2
-0.93897600110963575,-0.33298858344134924,-0.086270925797062151,0.34357279218403802,-0.92012177927146466,-0.18797246548678287,-0.016787072735367566,-0.20614197682189681,0.97837808621255407,-4.8607788684345783,7.6548065605318421,-1.4646374128675668,0.7213261817453054,0.4443252142978134,0.1657754010695187,1,3
0.98190294757518803,0.1893101930249714,0.00531529491231873,-0.18733089087113503,0.96674920492051719,0.17407789093096979,0.027816162003119621,-0.17192331314395889,0.98471754098778008,-1.0865279560275827,18.800459821371824,-1.4439704668322042,,0.6295656423361287,0.5925925925925926,0,1
-0.15017505877749585,-0.94959878874597048,-0.27515376089263582,0.98865078227874215,-0.14540405355188168,-0.037779517073591541,-0.0041330885313442421,-0.27770452215055424,0.96065764763328942,2.0755766760118926,6.9147715586051497,-1.1520843841946844,,0.3481802402536932,0.1956521739130435,0,5
0.92780754821435507,-0.3541127404791119,-0.11737683121825544,0.37305466155332756,0.87912766507557449,0.29658855000168122,-0.0018365646729467013,-0.3189650694498391,0.9477646920523366,-4.5017996777549412,-7.6956541553101436,-0.69224752850113069,,0.1108521561103374,0.2,0,5
-0.99970111100915848,0.013751049025927426,-0.020213789791675315,-0.014360863499225589,-0.9994364892658566,0.030339240654599114,-0.019785202718499168,0.030620460065577233,0.99933524564020149,-2.502853442530113,2.0967558080104856,-1.1977937737034989,,0.1442857376563908,0.5925925925925926,0,3
0.083878386092299057,-0.98260591179397905,-0.16568053130670896,0.99621371452634011,0.078874546249779812,0.036565570466257892,-0.022861568979025238,-0.16812027855500819,0.98550135494701541,0.31975649450035687,-8.6699846275086259,-0.44178518808403333,,0.1696784336954743,0.1904761904761905,0,5
0.27785518759001371,-0.94527104574018594,-0.17105304678541833,0.95799288611923916,0.25949862511066268,0.12210689460717554,-0.071036081495605516,-0.19779563607656284,0.9776659764330653,7.4613959750500882,11.983365495171782,-0.98989767491821301,0.5595467920117395,0.2447082602323762,0.2777777777777778,1,5
-0.42964119711745019,0.87636392213942904,0.21770327905634035,-0.9024745500068001,-0.424946563564297,-0.070428010797698212,0.030791692540522071,-0.2267304436710991,0.97347068655568592,6.3962651596194435,7.0882948178149219,-0.98569708760846741,,0.310732104844629,0.4102564102564102,0,4
-0.80497748609716613,-0.55313390009269781,-0.21460227269283177,0.59078056782880617,-0.78061411945501114,-0.20400960071367283,-0.054676938032051106,-0.29100598804100225,0.95515755107297362,-14.392320890459844,25.313541075106357,-1.9972994972837423,,0.2794519381044951,0.4,0,2
0.46482982485228463,0.8498405212597302,0.24840354738365775,-0.88391601145471099,0.42917658016332783,0.18574161551280563,0.051241766380469615,-0.30590611544116181,0.95068171851251504,2.1133618888545187,10.498916543233072,-1.1776481217987989,,0.5494597331433139,0.2195121951219512,0,3
0.71923824046714357,-0.6720170084179683,-0.17632213090446444,0.6947361478496008,0.69341010457916008,0.19111282463146179,-0.0061675214490576804,-0.25995300972383911,0.96560157125736523,5.1309253410310962,8.3332489128178242,-1.0406158172325231,0.6765084181967808,0.4329859983485498,0.1621621621621622,1,5
0.97142030596631301,0.23379157069228554,0.04103767329600596,-0.23382321659810404,0.91275335360533727,0.33497465405897081,0.040856976589462163,-0.33499674170869942,0.9413330391038679,-2.8416392109729336,-5.7414524915081957,-0.75243698217220734,,0.5208771048078664,0.1917808219178082,0,2
0.21498908101182107,-0.96542079637745548,-0.14745297883600875,0.97563531743914045,0.20554490909657416,0.076726903429692087,-0.043765539081802966,-0.16035578027124853,0.98608853624939719,-21.630931268999774,-0.70767859034973279,-1.6648712268886854,,0.3327643243338403,0.3076923076923077,0,1
0.54626609957726424,-0.83197697709642782,-0.096993082403501713,0.8349201000439358,0.53157201984978153,0.14261701951537317,-0.067095268054216686,-0.15888831704789874,0.985014074879349,6.3755664997038037,14.402933598296396,-1.1052662786792187,0.5723080846510458,0.3421779134609316,0.25,1,5
-0.29651718871459237,-0.95228350157550623,-0.072344242506841863,0.95271977182802103,-0.30021369247337909,0.046869768715709678,-0.066352039642798663,-0.055026098158903997,0.99627784044243817,-4.5674055267936486,16.370784437641621,-1.5555754813386493,0.3719719055958128,0.2472462845736508,0.5555555555555556,1,5
0.052565500950131606,-0.99805655653697678,-0.033466073319327487,0.99755712651651118,0.050936250268549477,0.047804578700186347,-0.046007036918109992,-0.035897191563304474,0.99829592015187774,0.61964592260016094,6.7185987964037839,-1.2046643815317919,0.2330028531029191,0.1985580862497541,0.7894736842105263,1,5
0.42862283058069944,0.9034493040727698,-0.0078628287159398149,-0.90208397399374252,0.42842687919897604,0.051912551887597885,0.050269006043938073,-0.015157973157822538,0.99862068017896599,10.352862545894199,-2.1156310266746807,-0.46042110051131674,,0.08040984000395757,0.2222222222222222,0,5
-0.98370210643828593,-0.1760009084692756,-0.036794646443041056,0.17647537823783227,-0.98425378735004343,-0.010046042151490563,-0.034447157570585994,-0.016375661973952065,0.99927235077841625,5.3799896508163201,11.409612453469,-1.0459130005680894,0.2979284451495863,0.3025796793544043,0.8,1,5
0.96139554823205087,-0.26349634949893902,-0.079298635803697434,0.27512479119189059,0.92568882668634622,0.25962770541618874,0.0049949085290009049,-0.27142194080212012,0.96244749516012451,4.0021568386830539,10.332929487881573,-1.0850018551775262,0.3243751586804353,0.1839634087048698,0.3333333333333333,1,4
-0.66065156869544228,-0.74426536819360833,-0.098023295638757765,0.74995759151331898,-0.66013096293526063,-0.042316931666974707,-0.033213185812156175,-0.10147006199760548,0.9942840191848652,-5.0663296271886953,12.363352835159874,-1.5187526407366874,,0.15732678342269,0.25,0,4
0.22326136482820341,0.97463438587409512,0.015562032221818079,-0.9728520464449838,0.22179823564140466,0.066063896298714231,0.060936513707753319,-0.029889070547358319,0.99769403363905107,-2.3537994403992402,17.056443941193308,-1.4925009901190194,,0.07990151143367216,0.1724137931034483,0,2
0.17468822367670211,-0.98281208022854283,-0.059702926775184094,0.9832366122211933,0.17090363203827758,0.06354300074686689,-0.052247381718797795,-0.0698023173896795,0.99619167211463955,7.9577292069993577,6.3876164982832648,-0.91674529475318334,,0.09796203189681332,0.1470588235294118,0,5
0.76777241037049704,-0.64004289931319369,-0.02950615042051493,0.64047761767774747,0.76539103566890931,0.062968117103117241,-0.0177185532060113,-0.06724321197292471,0.99757927169516214,12.349816933206661,0.54797551611194573,-0.48222856413883486,0.2312072883048157,0.2281931431467713,0.6923076923076923,1,5
-0.69968010428129523,-0.71209213491906376,-0.058073600364744078,0.7131384814843339,-0.70101320946196355,0.0037398377043423494,-0.043373469991836694,-0.038797829143472289,0.99830529927203127,8.4184584086775978,5.5160633708006195,-0.87985469937204042,,0.08209248111421028,0.3333333333333333,0,5
0.72041270886389619,-0.6854589655204566,-0.10560083093900739,0.69321345583485827,0.70695988693576628,0.14022418804636488,-0.021462375378243616,-0.174223204112984,0.98447226552693179,8.2324812356262385,3.1668140697751763,-0.79922967773487497,,0.2311817008364977,0.2173913043478261,0,5
0.7479469000708685,-0.64613488837674848,-0.151937950153161,0.66372411795357489,0.72571802687574671,0.1811177537248127,-0.0067623901933317274,-0.2363113443953537,0.97165385739415111,3.4810053077131218,12.644076724905066,-1.1724965714774633,,0.2933133307333457,0.3703703703703703,0,5
-0.72038612045152872,-0.69121140429259009,-0.057189439905132373,0.69216362119386177,-0.72172824246477418,0.0042267628879209757,-0.044196820661647637,-0.036539548499887234,0.99835439721515151,3.91697345052415,21.132462855839357,-1.2986747517562161,0.3377202510595785,0.2138677141222053,0.6470588235294118,1,5
-0.80848355004198913,0.58581743972293021,0.05632296714461639,-0.58836272476347995,-0.80676293078568384,-0.054432321455070064,0.013551878851151838,-0.077145970902992175,0.99692770337323811,-1.4561342607049119,10.178797499812624,-1.3235521262503771,0.1905857365053346,0.1094093885758061,0.1333333333333333,1,3
-0.95697929895813971,0.28601224373786899,0.048863256109447063,-0.29015059608317939,-0.94224688514876076,-0.16728251259481441,-0.0018035958979985324,-0.17426360451766276,0.98469738660278205,6.5374383040654616,11.191915443614832,-0.99711002602036403,,0.1275715797998508,0.3076923076923077,0,5
0.46882679237048991,-0.8658770791389746,-0.17452312906132428,0.88266887230766466,0.45185200429740008,0.12932682657337072,-0.033122509185049796,-0.21467801479001211,0.97612307080157978,-0.831446465768367,6.0680792913933237,-1.2638161610278102,0.4194845282699944,0.377043220540975,0.1401869158878505,1,5
0.97931063447624489,-0.19811631218804679,-0.041238429246797291,0.20217711483147852,0.96660767867294184,0.15746113732895051,0.0086657625258178064,-0.16254083294826521,0.98666376349004059,-3.1780411516980016,3.3460604823756745,-1.2763483734335641,,0.5015910280708817,0.5342044581091469,0,1
0.97883065626768651,0.20440461421954584,-0.010454665768386578,-0.20273626171401593,0.97531658583270509,0.087496088974662017,0.028081213235829704,-0.083524314336572106,0.99611000114335235,3.8890527610466932,9.1289839550112504,-1.0862949788485101,,0.09094313752656064,0.5,0,5
-0.10858358296838026,-0.98171543527397687,-0.15634708073569939,0.99188264392825698,-0.11746325805592558,0.048695006733527335,-0.066169677221822112,-0.14979047750679433,0.98650108295158334,-6.5232504060470342,17.780100769473162,-1.6479830074448742,,0.129102966262709,0.52,0,3
-0.99981225445103972,0.00070037793947885199,-0.019364021283560486,0.0031269291528138628,-0.98041622362925906,-0.19691178420454042,-0.019122713290785257,-0.19693536481618562,0.98022996481494773,-15.983534706009754,25.55830342577784,-2.0539878908563431,,0.2270251623450441,0.2857142857142857,0,1
-0.99891272248922103,-0.040692484229991943,-0.022748507123871539,0.04052940114289983,-0.99914955750018564,0.0075848131276671626,-0.023037805715191116,0.0066545829603044887,0.99971244667326908,9.0693844264994627,16.514006950788428,-1.0121980001777142,0.5635003033198877,0.5781247191738409,0.9393939393939394,1,5
0.98725046727484389,0.15913962215370883,0.0033309948028907273,-0.15753917025183353,0.97390179743658667,0.16339124452108808,0.022757959090522993,-0.16183284465942308,0.98655572862736618,24.636891014946709,1.3385976252798142,0.0082475525341113767,,0.1515827087025187,0.25,0,5
0.99658084849223971,0.081812465577971505,-0.011546986383486803,-0.079414473770043695,0.9870458491727121,0.13940528320959394,0.022802494914246747,-0.13801163757804372,0.99016808377098908,5.0708996043155787,5.4540670396146602,-0.99534733163859523,,0.1107852966821054,0.1509433962264151,0,1
-0.57079859096376762,0.81043811050407633,0.13182957785095148,-0.82062871497604006,-0.56845870436958534,-0.058508235174426763,0.027522367459050699,-0.14157955526499971,0.98954421266581827,-5.5173106352170107,-12.321129480622751,-0.44164000468717041,,0.7660024675420902,0.2659574468085106,0,3
-0.57157490528918953,-0.7980410173060013,-0.19087341968136273,0.81896308202432877,-0.56928033789915622,-0.072245187816469172,-0.051005861671655377,-0.19761182044256995,0.97895248633246079,-11.733401287612724,18.954744429863808,-1.8734117004195905,,0.0992807896964711,0.2222222222222222,0,1
-0.99950968827037079,0.018477315956891484,-0.025277892489187083,-0.019096531196714926,-0.99951795235159713,0.02447826429964339,-0.02481341471701529,0.024948982382043291,0.99938072961618674,9.038458506669329,7.8926699647920531,-0.89706910340295198,,0.08303447885097788,0.3548387096774194,0,5
0.99746706851990319,0.068804932039330066,-0.018036866284771077,-0.067236712178434258,0.99479694143950237,0.076539335233898192,0.023209303172347415,-0.075132726755228474,0.99690340636221086,12.866212294414073,5.5418818179258391,-0.72709884085852328,,0.07374180255416567,0.3478260869565217,0,5
-0.58775240643894489,0.8037389758406781,0.09247035979062046,-0.80765132699293363,-0.58959374713282575,-0.0088626941968716379,0.047396653170689737,-0.079892878634152439,0.99567599409233831,-4.7455157704987858,5.3994022938602289,-1.4389095438209936,,0.2320643646886852,0.3374233128834356,0,3
0.52788331039510128,-0.81372445581574193,-0.24329348658294059,0.84872863554097921,0.49475096822520254,0.18676504665748503,-0.031605597906968472,-0.30508029999919539,0.9518020260187221,-3.438989999746537,22.462314176800998,-1.5923289740488291,,0.3566219604792142,0.125,0,1
0.79987902416611345,0.59674652099418191,0.063930715469207686,-0.59819050705750942,0.78409084004990182,0.16543781857881718,0.048596954280533532,-0.17057298798806969,0.98414591997501866,-2.1175387377294648,5.1678957096882607,-1.2808724951292489,,0.1075423119469148,0.2094594594594595,0,5
-0.58340259910074332,-0.81081054135026831,-0.047198235113017122,0.81086301629342361,-0.58478198826729766,0.023047668118041532,-0.046287970035748069,-0.024825233804190446,0.9986196130642232,-0.2333363721725937,8.2384292888965582,-1.260757988893263,0.2058643199408402,0.1523288309912059,0.6372549019607843,1,5
0.7522348452997889,-0.65768223733809394,-0.03996013271700849,0.65715755183696523,0.74446868169944824,0.11794207914197395,-0.047819343162033685,-0.11498024464508778,0.99221613258448238,10.632448352694412,9.27961511406731,-0.82657128531520141,,0.09614089426093628,0.2142857142857143,0,5
-0.094129335364619565,-0.98071901693474794,-0.17125968015373008,0.99503803005987512,-0.098247138241619403,0.015710460270051199,-0.032233320622916034,-0.16893107958535961,0.98510065647716782,7.0424392739606567,9.607008537457105,-0.96171815215852141,0.3169565334137471,0.3554713950904843,0.25,1,5
0.68163727905910199,-0.7243937011910172,-0.10307465969714492,0.73164929169021464,0.67331159031952126,0.106493268851154,-0.0077416901326894287,-0.14800428377643607,0.98895641876561635,-4.3972762053079482,-9.0314752923718462,-0.60587357790507701,0.8240563536763599,0.580379302241558,0.9172413793103448,1,5
0.96798199571077181,0.24947377095014195,0.027815348060130408,-0.24929058506790888,0.9424108354694346,0.22297089807035664,0.029411905349530986,-0.22276591929134451,0.97442818361641814,-18.260623041795146,-7.6876456580804504,-1.1002073124929208,,0.243325763815575,0.25,0,2
-0.095607875120617039,-0.99283043507931523,-0.071741629443001276,0.99411566987631883,-0.098921391738437003,0.044142872164009819,-0.050923168806329411,-0.067099071802425858,0.99644595711055706,7.2807062522610755,-2.6721545412171475,-0.56271906314523434,0.2127505693112119,0.1775491708198552,0.53125,1,5
-0.95126404531453868,0.3073519714865619,-0.025129299933437446,-0.30630227858952236,-0.95115793896252698,-0.038438122735464215,-0.035715965935246854,-0.028867642298662965,0.99894495794584737,19.870992750910855,1.7954608081874706,-0.25458680154554381,0.5622606075918207,0.2617814038288191,0.4347826086956522,1,5
0.30416834674498777,-0.94872907939586815,-0.085992736594940042,0.95165712930164303,0.2985668460895986,0.072156404188842532,-0.042782298766831928,-0.10378329501791647,0.99367937615080215,6.7238455265479296,-8.1938595083579298,-0.22513253630369714,,0.2001715870644759,0.3529411764705883,1,4
-0.9317709392195237,-0.35880941343778755,-0.055305710866028625,0.36124101529672992,-0.93149028586552229,-0.042787570690042138,-0.036164149282871039,-0.059846906073733913,0.9975522553430709,-1.4906075599744033,1.4613805296539013,-1.1151425358131508,,0.1175309695801246,0.2699228791773779,0,3
-0.64208166882725226,0.76496787857124171,0.05054973105986655,-0.76647470681965024,-0.64190287826267567,-0.021845335516407889,0.015737037896068964,-0.052771579778389803,0.99848260175425751,4.4041652619427634,12.243453001869701,-1.1219424858184257,0.3956704110310624,0.18426590814907,0.1538461538461539,1,3
0.35998889546049795,-0.92066444726250518,-0.15094691348933867,0.9321460198174375,0.34819431699662851,0.099320266561073331,-0.038881780870245797,-0.17645875766897692,0.98353978768440331,-10.330576484607624,20.511968467492022,-1.817506367487119,,0.1887890838306367,0.1875,0,1
-0.32202238938373762,0.91949390824268218,0.22546071374008098,-0.94585452274791793,-0.32271890669422776,-0.034809898870745537,0.040752945082504807,-0.22446260260159287,0.97363018518348243,-12.847305592746384,-5.800392493199281,-1.097882508161482,,0.1682125754764676,0.2631578947368421,0,4
0.6105385304116997,0.79175906639618165,0.018981139643525081,-0.79038485494778221,0.60760531162057618,0.078150920401709206,0.050343658507241915,-0.062716553396272495,0.99676082887430772,-29.813787574106065,-11.311957303114465,-1.0501563611792795,,0.4576941661144961,0.7666666666666667,0,1
-0.86790818643835899,0.49651889315197428,0.014295756587796575,-0.49645946189160312,-0.86802581318311123,0.0076935262460886339,0.016229066873333524,-0.00041998921135211854,0.99986821181467911,0.57537025642940931,16.101303058450441,-1.3599753030438357,0.6418948566428855,0.7275436072754186,0.7126436781609196,1,5
-0.72052767927447048,0.68438382210067961,0.11161831142876873,-0.69309400247500041,-0.71577300546436873,-0.085379789070295323,0.021460827862149201,-0.13888048349343016,0.99007658500345386,-8.0252261052311411,-5.7015179771579856,-0.96587878270932259,,0.08020135879705743,0.2372881355932203,0,4
0.99823340440424335,0.05913162397695635,-0.0057897648796603179,-0.054357270652773279,0.94826220310114873,0.3128003857045854,0.023986609987554811,-0.31193307810426918,0.94980124095818119,1.9862040771130589,3.199932885199396,-1.0129263072396777,0.8001450872506946,0.4226561783565508,0.3642384105960265,1,4
0.12443901753809657,0.98956809657410416,0.072594167512675362,-0.98963725051058804,0.1184987367162135,0.081093537341184435,0.071645260247959683,-0.081933092455775014,0.99405931666306324,12.918925583343976,-2.1867113219835059,-0.34714948200509782,0.5861303890371036,0.3939824215970096,0.4893617021276596,1,3
-0.41954794063330336,-0.89762824289484178,-0.13506688368313582,0.90470691868653685,-0.42563432954573033,0.018461007363355712,-0.074060224081940323,-0.1144506665322505,0.99066448817915009,-5.2731169520432601,19.325862036463043,-1.6348108134967749,0.4609092360992528,0.3346676057037236,0.8125,1,4
0.96754467309034953,-0.24350689562305336,-0.067540338750351037,0.2526295392168294,0.93839827458512792,0.23576894233708601,0.0059683741153900034,-0.24517966889544307,0.96945928664938807,-20.568058227475639,-27.924931665766326,-0.14192905276715187,,0.4278781721281406,0.4,0,1
0.99779002086652913,-0.066330762332517335,0.0039120618040066847,0.065512144571565303,0.99189612781323699,0.10885876419811819,-0.011101043770997215,-0.10836190104226795,0.99404952855966899,8.4682374277922676,-1.930592466069353,-0.56167809953810299,,0.246742408460304,0.5652173913043478,0,5
0.90112295336156778,0.43097441807437764,0.047312513042291691,-0.43102697757430025,0.87871370340536425,0.2051291594356919,0.046831266565076822,-0.20523956346933026,0.97759068840636443,-13.427918179190861,-7.0669542399954652,-1.0236862988614042,,0.218050292286024,0.2571428571428571,0,4
0.97758859594124736,-0.20905509127559124,-0.024829536793418313,0.21052126680542585,0.97139786280341411,0.1098498446225544,0.0011546896813476595,-0.11261510090886943,0.99363801544577879,12.885578642618883,7.6408231008920824,-0.76521661746626646,0.4286419308727755,0.5447548556427761,0.5287356321839081,1,5
-0.55300655146079847,-0.83009555927457457,-0.071589919081297346,0.83147383051038726,-0.5553262120554926,0.016250150167993117,-0.053244936076772165,-0.050538704739332974,0.99730176782428859,3.0640337969460982,6.9385331018080079,-1.1121098461324179,,0.08263732885076859,0.2558139534883721,0,5
0.24557293519818413,0.96937716446190003,0.0013588664230450721,-0.96795731267988705,0.24513689317580314,0.054465993368773676,0.052464981918236273,-0.014690698551196221,0.99851470146833476,0.85420360182214705,5.8232307498495341,-1.1720500762564283,,0.0747589593907823,0.2716049382716049,0,5
-0.36231406152386614,-0.93036762830582886,-0.056076706596107702,0.93063479033823626,-0.36442753836873903,0.033338510623716552,-0.051452967204881447,-0.040107922896692197,0.99786970426340005,-8.1159200423437792,11.114765342310884,-1.6227659782387747,,0.1178935812615482,0.5939086294416244,0,5
-0.89922305786466017,0.43737767805262023,0.0099327209680742656,-0.43742809305969127,-0.89847982604101895,-0.037291629080312479,-0.0073861767304372892,-0.037878343926311987,0.99925506025974575,15.911906869585703,6.0358428755123077,-0.6246964761253585,,0.1700399568508386,0.3448275862068966,0,5
0.54325795142635291,-0.83695293458247988,-0.066185976655309217,0.83889641485866095,0.53798792273049567,0.082594189465191509,-0.033520193157674488,-0.10039312869863795,0.99438303302136599,7.2452642168398453,5.7463485226309068,-0.93099218419264562,,0.08500782037192742,0.1666666666666667,0,4
-0.99980435444311755,-0.00088026206961411518,-0.019760515561841139,0.0047471420444653925,-0.98049047264038969,-0.19650928146994853,-0.019202017576042271,-0.19656464127638668,0.98030282276493275,-11.192927241385675,17.499461424319954,-1.8040414621177312,,0.08594186414383168,0.75,0,1
-0.41796778121600381,0.89382858566262491,0.16239887104817502,-0.9074598600639695,-0.41917532583656758,-0.028436747044772628,0.042656022295234575,-0.15925610086322783,0.98631534414698707,-6.2596008399214851,16.406282939225846,-1.6055949237238289,,0.3219517234847782,0.3,0,3
0.83369089223821335,-0.54715686219455395,-0.074691795750675041,0.55220321076493339,0.82462177785877244,0.12276211753605042,-0.0055776536239984329,-0.14359070873300372,0.98962144183804113,-3.1849047489594988,17.331203384205295,-1.5207901769393644,,0.1773040578130378,0.75,0,5
0.77609288375888841,-0.61981044300176913,-0.1162533893044124,0.63034453378629829,0.75702537831671679,0.17198356116259259,-0.018590441214435028,-0.20675490642396632,0.97821613366631344,3.199219994800591,1.3408731549489454,-0.90443621935196339,,0.2547997180544729,0.3095238095238095,0,4
-0.68546169289422676,-0.70296487821345932,-0.18969092643802563,0.72648279339054267,-0.67771368972890289,-0.11369655078985533,-0.048631455685127237,-0.21574182430018549,0.9752386614391233,14.204423985011257,11.86474332925105,-0.71985173147912029,,0.2022432155695981,0.5,0,1
-0.29962879615279997,0.94181888200461006,0.15231473341607485,-0.95317197709601087,-0.30238222031577083,-0.0053080048781785948,0.041058088057116263,-0.14677256670267377,0.9883177864779138,-15.889119768149774,-8.8760540196066184,-0.94174541371982823,,0.5384126147294274,0.5555555555555556,0,1
0.89633797401203252,-0.42984693307064914,-0.10867313593414832,0.4432373583331628,0.8627058977771771,0.24347315687425339,-0.010903234467096238,-0.26640222985221473,0.96380027568367266,-1.0829151325384079,-11.625752868110824,-0.32815610809691975,,0.297598382276311,0.2121212121212121,0,5
0.87914277310138633,0.4534164422101955,0.14670212826354256,-0.47244822181464347,0.8695801183490659,0.14360743530962039,-0.062455281664452314,-0.19556059855061206,0.97870086854295812,-5.4181185871584132,10.40246766718505,-1.4866787765763365,,0.2232463003069374,0.1986301369863014,0,2
0.22989098338298136,-0.96292062025330782,-0.1411878707615882,0.97080966089553511,0.21670013589846596,0.1028088197261449,-0.068401301676958723,-0.16070136960390724,0.98463004815835586,-9.1999258584361563,-8.4202046974626299,-0.78586697963515995,,0.1966047246662489,0.1111111111111111,0,2
0.99495043292143148,-0.089541959569039667,-0.045341741320695628,0.099385830367771197,0.941983551628092,0.32060793063215876,0.014003312164092832,-0.32349532599198855,0.9461261445017638,-7.5475856595111859,20.498796543088222,-1.7251632246146098,,0.1017073753971182,1,0,1
-0.99976444753833593,0.0038619328593621602,-0.021357315209466342,-0.004091293141584928,-0.99993431988499992,0.010705943982362827,-0.021314566821691309,0.01079080120814249,0.99971458319386908,-4.9679191976327566,14.011918213391596,-1.5466385151334565,,0.07742356604861217,0.35,0,4
-0.69760055239107122,0.69523785853039988,0.17319869909942953,-0.71628546827900474,-0.68245291202781821,-0.14557867562619634,0.01698814986978708,-0.22561547582294456,0.97406830347424156,3.5989003745983328,-7.3977709440303476,-0.40368524035039144,0.4767330140102429,0.567004643206321,0.48,1,2
0.99858528114481415,-0.037204452981879736,-0.037990327180119979,0.046096847984616156,0.96183130061177036,0.26973251522453762,0.026505035121966003,-0.27110215388630038,0.96218558774874297,-12.458160550459139,-4.6842382754642422,-1.1573861254440114,,0.3328015890952958,0.3111111111111111,0,3
0.88758605895310749,-0.459006470407335,-0.038782058690724146,0.4604077614864413,0.88130100453049864,0.10645765626096701,-0.014686085766287851,-0.1123458923936884,0.99356062691067393,-3.0316585147991346,9.8480765284549339,-1.3864429746621434,,0.188831607416975,0.6507936507936508,0,3
0.85917279112483524,-0.48986548728557155,-0.14783071182006927,0.51166276446577941,0.82522520623334628,0.23917477805229934,0.004830160452331045,-0.28113193230865785,0.95965697318698429,7.5405768919764329,-1.8495929508244069,-0.61218297582527204,,0.4923106846433083,0.1951219512195122,0,3
-0.7298429812261038,0.67374059955164767,0.11577058033359897,-0.68333197905744325,-0.7238744782310168,-0.095200557578253062,0.019662887693062576,-0.14859119853328659,0.98870320448859184,-11.160142938071633,-6.7271079510302672,-0.99422531362728439,,0.6709110212666842,0.3809523809523809,0,1
-0.75350856456483661,0.64813378593558779,0.11021541932162431,-0.65433350467223328,-0.75560958723074934,-0.030030257213851077,0.06381620319944363,-0.094745697600359863,0.99345394709338652,16.486647214234086,19.463575571144371,-0.8794187735144976,,0.2891759572106015,0.25,0,2
-0.075107509677146425,-0.97848518757775982,-0.19216034887825592,0.99670174496791009,-0.079603837780668874,0.015775315797547221,-0.030732614077242836,-0.19034171035667577,0.98123673990045579,3.6948527043081589,16.197442874766942,-1.2441356324696988,,0.406217922834782,0.3636363636363636,0,4
-0.59915956210987187,-0.76436213067947012,-0.23824011483259627,0.79915767806434912,-0.58900234541338936,-0.12009680548760027,-0.048526536277654388,-0.2623485663781463,0.96375225291369693,-6.8791941780567853,-13.387496407141469,-0.41749735684722894,,0.3821121785517045,0.2258064516129032,0,3
-0.68053154042061015,0.73111663113926595,0.048428237262194147,-0.7322674126640506,-0.68094476777728619,-0.009932753245537938,0.025714953685552787,-0.042221971866671371,0.99877727559683782,11.862922221249633,-7.9550756990133156,-0.03019085343260058,0.2274806359750655,0.1573635549016907,0.2142857142857143,1,4
-0.96536267618047567,-0.23688063239932658,-0.10937307452826568,0.25497969881401544,-0.94540185166809809,-0.20297953605042673,-0.055319586317908266,-0.22383678173309129,0.97305541389634576,-15.095309760414889,-2.3194364610391331,-1.3759084979492973,,0.5011898761907017,0.3684210526315789,0,2
0.10932575206178945,-0.93265210521890829,-0.34381380217621121,0.99291222461513529,0.086243241920708744,0.081776631337015182,-0.046617530457416054,-0.35031721889416872,0.93547028386812348,5.9604054326121156,15.802791080832108,-1.1428479462475489,,0.5347001819788895,0.3809523809523809,0,1
-0.99457641856523993,0.081258272666404091,-0.064921804944197581,-0.077007324462303933,-0.99487676749027487,-0.065498774700438439,-0.069911512736441056,-0.060144082263957351,0.99573845449270881,16.816998465332013,-0.61239581967204859,-0.27144450174363394,,0.6331475428671234,0.1739130434782609,0,3
-0.61571991318121555,0.78794071761205697,-0.0061979061878838565,-0.78743229914302504,-0.61499534540760425,0.041606482587603334,0.02897175829056816,0.030498371366013039,0.99911485153888824,4.4893756400811338,2.0911795238097675,-0.88314838866537004,,0.07259318899604555,0.2352941176470588,0,2
0.92765430647912683,-0.37281132534818684,-0.021661102530989865,0.37343939193164682,0.92598003192185996,0.055713562403719261,-0.00071289862649082016,-0.059772035050845655,0.99821179896925116,4.6201363919482699,13.208753610032518,-1.1446858705843228,,0.08146432050844123,0.5625,0,1
-0.61081875221367588,-0.78964448531777165,-0.057983090219126655,0.79016865299407701,-0.61260212899386668,0.018765163940345591,-0.050338372735458235,-0.034354306271754398,0.99814118734321977,-6.372228360280392,15.313043170807084,-1.5866783049610325,,0.1251974243156994,0.2941176470588235,0,1
-0.87214491839560981,0.47689530069391695,0.10924336818669453,-0.4891910170246474,-0.85342366186978935,-0.17988941665131672,0.007442457867295465,-0.21033051499204358,0.97760200709904232,20.926627040741863,-1.3933579395345101,-0.046954097856328467,,0.3829905822047033,0.1,0,1
-0.98242452178404205,0.18103719206565991,0.045470804769399624,-0.18656398220454348,-0.94451397725263686,-0.27034649492528656,-0.0059949596644432602,-0.27407824040479123,0.96168871189966376,33.90047967806278,8.7632761973042896,0.00069381009950747799,,0.5314932557170801,0.5862068965517241,0,3
0.4467544357258787,-0.8362800348363072,-0.31787761401746584,0.89395746181583902,0.40323312145106793,0.19555844709091855,-0.035362842406046965,-0.3715356686766611,0.92774496294938291,23.696927115235141,2.3964442252280831,-0.086729423096342351,,0.245297851739717,0.1666666666666667,0,1
0.99295719934042936,0.114450181113198,0.030613009018485304,-0.11816711038413968,0.97532918004833413,0.18646588044386575,-0.0085167071965791766,-0.18877008923396635,0.98198437824087981,10.614229844742706,23.231013814426703,-1.1270795247922953,,0.2434061484278242,0.2727272727272727,0,2
-0.97855691631178254,0.20338185492728472,0.032591143347727058,-0.20597603067077003,-0.96585360846702306,-0.15716450553590466,-0.00048613525815362094,-0.16050740823266782,0.98703451589847813,0.77213593558390359,-1.592324721754373,-0.90337548296586501,,0.4999628194759925,0.2987012987012987,0,2
0.94125615764640713,0.337649265653161,0.0054606864588291051,-0.33582488774448555,0.93422685005683881,0.12017419608335078,0.035475209148422442,-0.11494853647070485,0.99273780198958761,-3.4565662587455384,5.9878381209527038,-1.3995084362909593,,0.1295140760372374,0.3571428571428572,0,2
-0.90602327997907905,0.4197830525011052,0.053888820443621574,-0.42307375130174596,-0.89488590958210967,-0.14208381255747785,-0.01142003044737566,-0.15153018730356799,0.98838665776118506,3.5375110306887976,5.296741583473044,-1.0278406876572939,,0.2808014891183036,0.4466666666666667,0,3
-0.41396221923073384,-0.90776872216789573,-0.067758601691827111,0.90877691513765679,-0.41642154271416049,0.026788379503875782,-0.052533794479846921,-0.050488075990520298,0.99734204494763246,1.2410688116503157,2.0330977130737531,-1.005346307409074,,0.08491909592643634,0.3597883597883598,0,2
-0.42976188105213531,0.86166729891300831,0.26987810503723836,-0.9022207068804996,-0.42173552134106229,-0.090205022671880505,0.036090465092351733,-0.28225629492208471,0.95865993047914289,14.638596644242178,-6.912423539460784,0.029690829820283343,,0.508978167988651,0.3157894736842105,0,1
-0.41474118069647764,0.9068785730363691,0.074572158356923907,-0.90919831101900139,-0.4163163619145559,0.006254441815519006,0.036717628936067552,-0.065206905843990956,0.99719600638769412,3.2323375364539078,11.449983110105084,-1.1368430979285493,,0.686005532132377,0.1460674157303371,0,1
0.43342597448155923,-0.89954083862081313,-0.054481228859808432,0.90057871477356055,0.43011534186692763,0.062918766576420357,-0.033164787674773537,-0.076335262782413246,0.99653049351960488,20.884083250896353,2.9933260675160849,-0.26709981142364009,0.1380799683884999,0.1245758889487841,0.4782608695652174,1,3
0.41548900009435807,0.90957683160274472,-0.0062352395384618698,-0.90808675600415623,0.41518386245244149,0.054779594092328632,0.052415020465879494,-0.017098180329605743,0.99847900221235386,-9.5728411747996969,12.071617212621421,-1.6932666952704196,,0.1559373237474309,0.36,0,1
0.16574420843526252,-0.97463844225271257,-0.15036211043136771,0.98513396042943269,0.15665139499025452,0.070508300619354564,-0.045165665928781212,-0.15981316382205141,0.9861134900661267,22.067037049119708,-0.42397082764833566,-0.036008436720863651,,0.1476892914301917,0.3333333333333333,0,1
0.98255172029318161,0.18433099069636064,0.024783115579108297,-0.18392649476277531,0.94319624721224604,0.27668011090249089,0.027625377340192755,-0.27641079051591677,0.96064244826739686,4.6535171899388548,-3.3861959769421501,-0.63312415016725943,0.5854076806839585,0.1693685375419917,0.2941176470588235,1,2
-0.0061994701268376726,-0.99915353132207285,-0.040666785178781452,0.99877474198253535,-0.0081835919324619449,0.048806184042624816,-0.049097671511651841,-0.040314385394219457,0.99798004438085808,4.2931041223321262,3.8910916001276878,-0.95738539918536769,,0.07909187654838577,0.3706293706293706,0,2
-0.50984372767683706,0.85368184211189135,0.10623881492672466,-0.85937083696061856,-0.51104945388788936,-0.01761307078553468,0.039257329636556836,-0.10027845296641665,0.99418463775119215,19.219333096204991,18.996519288724013,-0.79770402239534077,,0.2553824981275851,0.3809523809523809,0,3
-0.7372678892316179,0.64116271841121197,0.21294700755704318,-0.67532963688403713,-0.70833091575415519,-0.20541955927553376,0.019129585830053045,-0.29525867016300222,0.95522582494379094,-13.423260575970192,-2.6836739577818505,-1.3073031553466308,,0.6742201779953891,0.3243243243243243,0,1
