axis_00,axis_01,axis_02,axis_10,axis_11,axis_12,axis_20,axis_21,axis_22,location_x,location_y,location_z,dbh,dbh_approximation,score,reconstructed,number_clusters
-0.99637776330686245,-0.078633336348889735,0.03237516335489235,0.073043878085302646,-0.9863400230385615,-0.14764129106231966,0.043542446668429456,-0.14474169187532501,0.98851094984891019,-15.149669232880088,7.962959767751248,-0.37582092404552508,,0.3219672586302661,0.1428571428571428,0,1
-0.95542883744414209,-0.29276840174497626,0.037978935211865551,0.2923880073881821,-0.95617680367759783,-0.015335359286964497,0.040804285506589759,-0.0035472593060104883,0.99916086154117956,13.683262815239345,-7.6500751270928902,-0.85747214293669971,,0.1272708492855257,0.2857142857142857,0,6
0.98634066821864408,-0.16114472757171669,0.034124228838708671,0.14962108711991007,0.96314299173968598,0.22353770990994687,-0.068888435219967362,-0.21537862994866627,0.97409775138554777,3.4080515816717072,-7.1337967949133789,-0.48438792453779506,0.3756941054132854,0.2792479182882784,0.7142857142857143,1,5
-0.25326608218484881,-0.96693811346212533,-0.029782148160336686,0.96652061972528613,-0.25422666201758176,0.034737529636509487,-0.041160457487576581,-0.019987222260860048,0.9989526153355367,1.8977819077552669,-10.159527466848374,-0.04736581859102406,0.6145799800606692,0.458852719513522,0.5517241379310345,1,5
-0.99422047286326187,0.087399980357726489,0.062344965899593895,-0.092958410511419287,-0.99134834270844963,-0.092667131845120557,0.053706473117706828,-0.097927048575352879,0.99374338131258899,-11.86219105921745,19.687869376589823,-1.2151643593061443,,0.6070718652135927,0.625,0,1
-0.99432088582709655,0.065453791756063251,0.083915297489622551,-0.068804651967788302,-0.99691837143374573,-0.03767864866842998,0.081190491288139571,-0.043238430159308193,0.99576028354305679,-5.7851247393125362,12.36611845251123,-1.3385787831612568,,0.2667389839065142,0.1666666666666667,0,2
-0.99247145444919571,0.11416920547264013,0.044337395336710314,-0.11493908032876901,-0.99325604653373811,-0.015212949659565319,0.042301535630216457,-0.020194517719265757,0.99890077662268906,1.8280773391691953,10.728356298459758,-1.7081915366719491,,0.08678480067595443,0.3269230769230769,0,5
-0.99535704084967203,-0.086722378814490408,0.041756319806001217,0.08284035070288237,-0.99274769219157133,-0.087117713145679634,0.049008545442692633,-0.083254120985483418,0.99532251748492395,-7.6290981524930279,17.915188050035283,-1.4524183215687629,,0.2233791394664159,0.5116279069767442,0,3
-0.66562742961213839,-0.7459299830057885,0.022990985209920215,0.74615200824497396,-0.66461377151384582,0.039315586045923813,-0.014046549039914423,0.043324302269355575,0.99896231124749824,-8.7674190606646203,15.550831959356207,-1.2747805782408281,,0.09491257961989029,0.391304347826087,0,1
-0.93435573691040175,0.34371200180561495,0.094028807912235793,-0.34583748389467134,-0.93826968841500447,-0.0068137020049310942,0.085882429146026062,-0.038885107899888298,0.9955461600285499,13.568067087650281,-11.647176875006503,-0.48302042351595947,0.3534441171162679,0.2737931213159276,0.5172413793103449,1,5
-0.9780646477600945,-0.19986540583403906,0.058680187054214988,0.19827608193508675,-0.97962954887945186,-0.031820469743744903,0.063844656271245831,-0.019487598955148861,0.99776955924330057,-0.17157191838519473,-11.495752001578129,0.17477062928753268,0.8472013587551952,0.5745042206239429,0.8467741935483871,1,7
-0.070926869707892345,0.9511423069713435,0.30049574213733765,-0.99525882482797834,-0.087581064469022488,0.042301640021436257,0.066552616443457155,-0.2960707162751875,0.95284462542894499,7.4166050019312415,-6.8536590481537081,-0.71650502463794219,0.2442424063847874,0.1324489314787539,0.5,1,5
0.99855317444502401,0.014293813628364942,0.051838640971026258,-0.022741287208897822,0.98582456369990901,0.16623105444520894,-0.048727729906571801,-0.16716942453044803,0.98472330724945811,3.0250567311353929,-8.4309648276984834,-0.31905973352714107,,0.08765525384878892,0.1851851851851852,0,5
-0.15571961781172056,-0.94430878539476515,-0.28988328419354442,0.98635145205378427,-0.16453891511108623,0.0061447901069110302,-0.053499660372407415,-0.28496993392344105,0.95704227863752545,8.4834416810546625,-5.3641952360765028,-0.88411221945388052,,0.478924629895378,0.2553191489361702,0,1
-0.64922109998534505,0.75672756786244311,0.076650840639946149,-0.75773984798172855,-0.65221827250271147,0.021015418011679193,0.065896025027656874,-0.044437743535990309,0.99683649654042272,8.8900562936409813,12.037106911181201,-2.1064908873515322,0.2494354507180507,0.1710255644625198,0.35,1,4
0.87144000162959445,-0.49043179526266312,0.0083052847786228411,0.48518225354014272,0.86435202204758654,0.13226398917300583,-0.072045155350802359,-0.11123055415527595,0.99117973113496882,8.9675384645889302,11.996216020337084,-2.1069618882182515,,0.204992741204066,0.574468085106383,0,1
-0.99647557567472755,0.06907725952336409,0.047589487289336575,-0.068011663419524027,-0.99740393827381002,0.023660041310250519,0.049100312856737417,0.020340013093289623,0.9985867228962817,5.4528554295365668,-7.2068618116201417,-0.60480881803032549,,0.07468235123878601,0.1578947368421053,0,5
0.34669819567019167,-0.93698503105025033,0.043120908000568739,0.93514115656366104,0.34885661479607299,0.061725842349871288,-0.072879204302808379,0.01892389761080402,0.99716122451657929,-0.6979061222037265,-5.0734063486366772,-0.46338015951141226,,0.08978681127285867,0.53125,0,5
-0.70310212703624131,-0.71045543243474218,0.030007956962700946,0.71101395136798851,-0.70178915586091906,0.04417172937634186,-0.01032278630949467,0.052393312931905758,0.99857317250306021,5.2610194259805985,4.523805460451098,-1.509085271994911,0.4666434075843735,0.428694796011366,0.8742138364779874,1,5
-0.06555158106477757,-0.99783836519596258,-0.0046461987641192391,0.9954666144942409,-0.065715926762300717,0.068757809717478885,-0.068914509700650189,-0.00011795261645324011,0.9976225621144994,4.7693542125686594,-9.546131824998902,-0.26054447456913771,0.8001307354783481,0.5044746085457333,0.4821428571428572,1,6
-0.78644611578387247,0.60693796627207497,0.11458102838593365,-0.61298375941705896,-0.7897273979125361,-0.024115299650327007,0.075851286471554619,-0.089201693278846209,0.99312116091481883,-2.0234534089145488,-6.4204962031670147,-0.24282048808319037,,0.08467932489247181,0.3220338983050847,0,2
-0.99576572393267238,-0.081920135092061003,0.041709885007523401,0.081689896198822387,-0.99663180492316306,-0.0071976575790302305,0.04215903105940616,-0.003759904533073137,0.99910383805590264,-4.5230521811104438,10.679493189554846,-1.3457602474190384,,0.0733819547188565,0.2,0,5
0.27069471273531037,-0.95798092507344301,-0.094852093770132415,0.95793418200468061,0.25829714658524161,0.12507872326237238,-0.095323005849431694,-0.12472021191993035,0.98760234573155814,-3.4346445342708938,-11.767417118747414,0.41783790873852183,,0.4790356829907271,0.3529411764705883,0,4
0.94791241368367518,0.29345663230352292,0.12387599017349614,-0.31752622650767537,0.90140505959130635,0.29435695001645457,-0.025281445057307169,-0.31835848268935452,0.94763322284286033,11.077928127963739,-3.9910276339987769,-1.1441636363573588,,0.1025985667203136,0.25,0,5
0.14850064339905569,-0.96909441538326291,-0.19698622536370186,0.98619147067443036,0.13035815454027877,0.10214271738042488,-0.073307176177173056,-0.20943439454355486,0.97507091655074196,-12.438090846304394,11.801188180217604,-0.78160018945026044,,0.3279066269676489,0.2272727272727273,0,3
-0.95507536556718564,-0.29615092164769846,0.011210606313928362,0.29553613101993337,-0.95455268968346185,-0.038568871902581327,0.022123321370804201,-0.033523040215465802,0.99919305663432056,10.673410634721506,16.311505184150651,-2.4909601281684597,0.2892215601780797,0.2658456358337082,0.5384615384615384,1,5
0.69205044806507876,-0.71994360086790965,-0.052415540656097659,0.71777798644730806,0.67862972236756103,0.15574486216557493,-0.076556773080967117,-0.14540602287620086,0.98640567162134352,8.6608379910744553,-9.0831234405513168,-0.54743827799491196,,0.2080640716038666,0.35,0,6
-0.27424830381770993,-0.95891058719218236,-0.072652278862077438,0.96054915812052355,-0.27677740029633591,0.027195321640950273,-0.046186390712654117,-0.062327814464698331,0.99698648980665316,-9.4732962499995725,18.897261069613219,-1.3444622170073099,,0.1031652271867406,0.4,0,1
-0.60717992691796441,-0.79421994620407965,0.023392592833739321,0.79448860206662708,-0.60726542105307668,0.0040705748300238495,0.010972581014182678,0.021056719706999332,0.99971806876792457,-3.8126531328201301,6.9506020226228094,-1.1710890744634725,,0.142526402865761,0.225,1,6
-0.90728318237163907,0.40016441103779538,0.12925042020962757,-0.41400344189992805,-0.90388613583994282,-0.10766152298453124,0.07374535294243216,-0.1511896080261807,0.98575013332197192,2.8406858663391512,13.019168741533454,-1.893376303282581,0.5485217192375812,0.2851462142530838,0.3653846153846154,1,4
-0.5988260442449308,-0.79747546456673202,-0.073758064969490708,0.80060053574808809,-0.59850261329375531,-0.028868738116167487,-0.021122284295084781,-0.07633809857876396,0.99685823656703387,-11.621892561832658,8.472833680818594,-0.67164191361019743,,0.1433222821531726,0.1304347826086956,0,5
-0.97514723025328931,-0.2185028138824725,0.036666055893431575,0.21827939522832004,-0.97583468457847433,-0.010038625024793704,0.03797347690293195,-0.0017856928826529049,0.9992771519217436,16.082763083072088,4.8803222900138792,-1.9708844405232884,,0.3953080915810636,0.7407407407407407,0,5
-0.72520108751743839,0.68594137597217297,0.059731159313431488,-0.68492425197820317,-0.72755145529972132,0.039340169589818591,0.070442541944645415,-0.012381785842886071,0.99743899044689299,-5.6680971189978449,10.132109203398578,-1.2224897893969937,0.3516885065090247,0.248289970978428,0.8163265306122449,1,5
-0.70319236128187901,0.7044491908503917,0.096290396951324381,-0.70649242770336185,-0.70752223016652971,0.016755399666677422,0.079930924132187262,-0.056246167250829052,0.99521224672778552,-3.4860051442049045,9.4334608283174735,-1.3495185216448418,,0.1036578980670839,0.5625,0,5
-0.26715126687203994,-0.96343665320014027,-0.020494288940510495,0.96228103821155486,-0.26784524500019047,0.047687820554940995,-0.051433492076236938,-0.0069814039634630192,0.9986520194199493,22.705596560949488,-7.4297302535401357,-1.2971976165015573,0.258777462252976,0.1986643655797765,0.4444444444444444,1,5
-0.52119098610588588,-0.85265485537257779,0.036601278823883233,0.85296511301650491,-0.51899106803754458,0.055666751961926227,-0.028468789554810223,0.060232623276910237,0.9977783116075768,10.108935524883382,-0.29587914471606697,-1.3929472271490675,0.5377001889522596,0.5509579812924178,0.835820895522388,1,5
0.84935087640943119,-0.51313703843326186,-0.1236667640494943,0.52414838502150929,0.7923336198303208,0.31221131524325807,-0.062221854857240855,-0.32999668888418082,0.94192920440105399,0.55549852739889993,9.5326107236059396,-1.5804635006983181,,0.3981754018731884,0.1458333333333333,0,2
0.044344309329503812,0.99393436917501077,0.10063822336846957,-0.99723533813144483,0.038027600861712446,0.063840284731226243,0.059626022942596418,-0.10319094604360877,0.99287278442037741,7.424575886606676,-12.343470810104904,-0.13233110723492436,0.1880594381346255,0.1557427350625865,0.46875,1,5
-0.79125010165366283,-0.6100846109815754,0.041473414092999192,0.61148943502565944,-0.78964433242510068,0.050423200224875217,0.0019868278912170373,0.065257916855948769,0.99786645238857186,4.7282095918471256,-5.8347690793933147,-0.67068787876789782,0.1758789190966268,0.1593725231736572,0.6233766233766234,1,5
0.9057037599386909,-0.42381363448439563,-0.0090940891817655866,0.41824458736568892,0.88989520768068731,0.18209334003815461,-0.069080853875899212,-0.16872617630964548,0.98323919422269956,16.301017721224468,-10.757780636073974,-0.72520624414958001,0.3388247717197167,0.2790330615351871,0.5555555555555556,1,6
0.8906788904534807,0.4308637156678804,0.14507781574528658,-0.454394692081874,0.85399950847407735,0.25339752037826269,-0.014716586165761835,-0.29161841170766484,0.95642152006566827,14.416663572061028,-3.2063980068407694,-1.3715062630394312,,0.2167736878322012,0.1818181818181818,0,4
0.88136477581900519,0.46270791712278952,0.095380896291682435,-0.4717832049781398,0.87263485760956805,0.12621019287396482,-0.024834239389787502,-0.1562363232946129,0.98740744975785555,-0.66458855006274931,-7.9432801374700759,-0.097458010228986439,0.3255389098106095,0.3420411344994487,0.5650224215246636,1,5
-0.17416837317063669,0.97483561177742306,0.13914347917754144,-0.97962557133306616,-0.18587853876681878,0.076045439154992428,0.099995588789992554,-0.123063799861898,0.9873480558476293,15.88416080715028,-2.5473029667470026,-1.4673797038850516,0.5050584037113617,0.4376385954836213,0.5714285714285714,1,5
-0.92906855735820193,-0.36846566817790843,-0.03262923692878824,0.36972773802312042,-0.92774734272320158,-0.050855361628277557,-0.011533233052976589,-0.05931205142501491,0.99817286333134714,7.6645488125790893,-0.274885320643941,-1.295644134221061,0.8322518755052477,0.4608686980621077,0.2142857142857143,1,4
0.2284900188957753,0.93237761499830218,0.28011478774796322,-0.97222045525326495,0.20351886994226009,0.11561771475236628,0.050790724075783764,-0.29875082029595101,0.95297861976035636,8.9758808630929643,-6.6633233920557755,-0.77992194132077097,,0.1947992045044303,0.2,0,5
-0.98227325050836722,-0.18744601131767913,-0.0018039337067622416,0.18396517214286962,-0.96209515745060303,-0.20131995293199961,0.036001066292128389,-0.19808306553360583,0.97952387534691465,5.342427136288797,0.43554146225288631,-1.2278873786568762,,0.2974659685277631,0.1470588235294118,0,1
-0.96608539265112547,-0.25671148400312616,0.02789673972050374,0.25645442690371134,-0.96647558622050778,-0.012492724331164532,0.030168543677309999,-0.0049147960932515843,0.99953274271118897,17.227170130577676,-3.4381071364928011,-1.4087878826022164,,0.1021541720462918,0.4736842105263158,0,4
0.58304238858631208,-0.81215877482852605,0.021440559241697445,0.80866704832484659,0.58267235575997867,0.080935349425933459,-0.078225175392255958,-0.029850465693946532,0.99648872127721866,-0.96901037433094339,6.8251712251083561,-1.3460400141775153,0.494349522122337,0.407800480394844,0.9376854599406528,1,5
0.3108496376787182,-0.94819566930756405,-0.065555132990411852,0.94913140642173432,0.30603184601428546,0.074122078822636925,-0.050220275774930503,-0.08526125691936344,0.9950921776245758,15.391339342210861,8.6204101257781964,-2.1874961919398772,0.4179074977770333,0.3747686588965434,0.15,1,5
-0.46408922135976993,0.8686963476358831,0.17317000381636707,-0.88087333547732816,-0.47317502778911513,0.012944493880314944,0.093184555923875215,-0.14653343878053315,0.98480687947253032,22.249383214512164,-8.5119972299056226,-1.1541532099250442,,0.2525595242353391,0.4545454545454545,0,3
0.49633613126658205,-0.86805225763261162,-0.01165001365863933,0.8647019802564615,0.49313999456864099,0.095411902283694477,-0.077077429510037196,-0.057430164336914363,0.99536970321803497,-7.4270075264825994,7.6495702159694021,-0.95766799713775663,,0.08789080168113644,0.2631578947368421,0,5
-0.89815122781665668,0.43501151315394931,0.063948067953174315,-0.43417438873896691,-0.90041865390870035,0.027181755947489089,0.069404410051357904,-0.0033512858361573429,0.99758297737514934,7.4296231616202038,1.0569994487822776,-1.3580741446636817,,0.07202260229792749,0.4,0,5
0.9973964673287129,-0.048099724718585819,0.053728050794737088,0.0398511103278427,0.9885929353061339,0.14524426759236067,-0.060101380731591339,-0.14272499691644563,0.98793592873695935,-2.8152440472674995,8.4614199448609995,-1.3255011489474713,,0.0735309299165956,0.3157894736842105,0,5
-0.14987718168479772,-0.98312836987852437,-0.10485913765722965,0.98701575691842558,-0.15497362451853522,0.042226428908150787,-0.057764400844890568,-0.097168842967196786,0.99359020222194561,-2.6134294391518567,12.432444644486937,-1.5804360036319773,,0.1885506470221313,0.4827586206896552,0,5
0.50776403749790211,-0.86149617787526156,-0.00013315459109306508,0.8579938443122257,0.50568583450618865,0.090157639177762955,-0.077603127167384475,-0.0458930526996797,0.99592749854984275,10.469185404185923,9.8757280923821043,-2.0488255753851567,0.362562352732342,0.3589610332481772,0.7692307692307693,1,5
0.94912365957206579,-0.3145834580020328,0.014196013243583386,0.31049903365479004,0.94241031406260733,0.12431069965155266,-0.052484559062359923,-0.11357837778336238,0.99214178581497547,-10.777658795803962,15.176217682689092,-1.0937539758485018,,0.1090097742751216,0.8181818181818182,0,2
0.3194906315171257,-0.9421467333822886,-0.10141631599438004,0.9433591940197088,0.30613588904325018,0.12788373038891637,-0.089438064778228091,-0.13652966789962717,0.98659033157230147,-6.5384143678661957,-12.551288334313361,0.71516533878078603,,0.318167793930864,0.1818181818181818,0,4
-0.97174698289649153,0.23535031715581434,0.017833380112118605,-0.2355042049331327,-0.96181459774478772,-0.13946486662900118,-0.015670695274261504,-0.13972439937136832,0.99006642278684087,10.894792080563704,3.4606173616777935,-1.6888314441616952,,0.2558863123249129,0.1764705882352941,0,2
0.49973809894260213,0.85988917869271408,0.10417501059468928,-0.86570189255909358,0.49185763446395409,0.092931698785324271,0.028671687861669924,-0.13662601431167062,0.99020768858278896,9.1463550895082246,4.0128005102677529,-1.6499341784382076,0.2379381010770281,0.163812312404452,0.5217391304347826,1,5
0.8669578462217985,0.47892254126270845,0.13790319918308558,-0.49760613923270475,0.84724049338193186,0.1859346029437835,-0.027788901964314723,-0.22981894143958181,0.97283659012354573,15.085095580650632,-5.7240986364575468,-1.1114352260257432,0.2518516150183219,0.2395628178396966,0.3958333333333333,1,5
-0.97705472054296394,-0.20894189827312748,0.041320167118909665,0.20997006808552782,-0.97745357729162463,0.022295173198847554,0.035730149354170633,0.030459602522519797,0.99889717641071585,6.3976811304507457,9.4791874698585499,-1.8485546502520349,,0.09699995069657601,0.3157894736842105,0,5
0.42302062942856677,0.8960432356918645,0.13475929225367711,-0.90460166563163202,0.40900925728387949,0.12003022116352628,0.052434469715398488,-0.17267873993906124,0.98358155694315552,-5.8540991572833656,-8.5562865272714745,0.30847344784700192,,0.499076310335708,0.4230769230769231,0,3
-0.10613474385377307,0.91980112536015202,0.37775826388484562,-0.9921264179141297,-0.12336001526970794,0.021621228215235468,0.066487495245135128,-0.37248918966710437,0.92565177931940068,-3.4605309738000569,-5.1598879666588697,-0.28065504282216575,,0.09234055541634648,0.15,0,1
0.51394696389556183,-0.85475705541021707,-0.072449254854619005,0.85622339692960225,0.50600269804872222,0.10412859414083378,-0.052345132083767947,-0.11554932191003502,0.99192153991798371,7.0293247618683345,2.5238428705437226,-1.4711783258675835,0.654366692294887,0.4010901246614902,0.3309352517985611,1,5
-0.590206928404444,0.80075908579649346,0.10217958787231195,-0.80241615747346429,-0.59578663722860969,0.034155426001521487,0.088227500751818094,-0.061831783204019469,0.99417942982989693,9.1636712718775151,2.1322188599249809,-1.5377758036409195,0.3424455707720375,0.298054583010876,0.48,1,5
0.58258545933124251,-0.80363413480584323,-0.12151691220019091,0.81020245639011446,0.56234477033770036,0.16534914252352004,-0.064545815009414198,-0.19478330690462856,0.97872023638835004,12.503797047482408,5.3751321067265083,-1.8536103762293028,,0.2960603635467206,0.2307692307692308,0,4
-0.72395158038251617,0.68154498783967288,0.10672646725286494,-0.68589032139346551,-0.72768302190663203,-0.0056468263298850106,0.07381447202564978,-0.077290679770922577,0.99427238448029054,12.626294483296808,-5.7287716568576261,-0.99840420727296819,0.3882615548746481,0.1427925421865688,0.1666666666666667,1,3
0.73153607848640323,-0.68175652615488491,-0.0079375637295618241,0.67749142963958353,0.72555386337609151,0.12073505748101199,-0.076552783343587477,-0.093699681884486033,0.99265303151559348,17.689854230043164,-5.2920398816807532,-1.2631235898468454,0.591621346770039,0.5687270000188718,0.9862068965517241,1,5
0.84568281753287122,-0.53355044806096441,0.012020461871714218,0.52976929178953536,0.84198737676338464,0.10198899375878076,-0.064537350476133279,-0.079882268026506942,0.99471290011161662,0.81325197229028268,14.18891351737007,-1.8466166857392381,,0.5265307022853789,0.3939393939393939,0,5
0.98525841796451952,-0.16481700221757636,0.045838909346373191,0.16132935133337131,0.98430468392887405,0.07153411489655935,-0.056909491549364734,-0.063084427362796583,0.99638429573930065,-2.0301816811544402,3.9607392612233552,-1.1051164860866591,0.1474315949170707,0.09389700928832254,0.4968944099378882,1,5
-0.56220221601295872,0.82025456031585831,0.10540931928039959,-0.82242642533247656,-0.56791914223615469,0.032903233831876079,0.086852997789156838,-0.068193138678235427,0.99388442618457817,0.04590362013821301,15.704089188456347,-1.8963174374622576,0.2713775342382012,0.1866587526451474,0.3571428571428572,1,5
0.96346505963972606,0.256265862356303,0.077864540351809397,-0.2677678179143419,0.92808844013486291,0.2587513149288862,-0.0059560509408505052,-0.27014746913272425,0.96280053509456087,1.8807397358939337,-13.01892517989288,0.23487139297963214,1.477270740770633,0.4118646763524543,0.1764705882352941,1,4
0.40840928100601515,-0.8934753784943249,-0.18682507115634558,0.90949947307347101,0.38093183082217108,0.16643812287318005,-0.077540748430930395,-0.23789217786823622,0.96819148108309605,-4.0891235182069545,-14.792983882042497,0.79121841917729452,,0.2498432086355614,0.125,0,4
-0.37755605356536864,-0.92492927516551704,-0.044240957922892017,0.92457315175245236,-0.3791881099222259,0.037159983209709882,-0.051146001551249917,-0.026874025292102467,0.99832954142904051,-0.29721636918846889,-14.938517951995264,0.6093070459213159,0.2458832623411015,0.2451847974455254,0.8295454545454546,1,7
-0.68174250084232835,-0.73138628080777712,-0.017357153897332972,0.73148775735812188,-0.68185419364622601,0.00072072341470965295,-0.012362175392434976,-0.012205197795320095,0.99984909349678563,-3.7657449192833705,-12.425017242198122,0.52245098603316842,,0.08735300279981856,0.1875,0,1
0.9720672148184295,0.22757190857793849,0.057413903380055087,-0.23299363975985568,0.96513765337415769,0.11926136788951125,-0.028271782869045272,-0.12930714004113308,0.99120147791848412,13.437338306142951,-10.336366281349592,-0.64032001306472286,0.2325000543537347,0.1311469432897858,0.7058823529411765,1,5
-0.39423303245878127,0.912348056776628,0.11045967324895276,-0.91655958802962478,-0.39910352976973507,0.025197105315961602,0.067073375562282198,-0.091309341369052235,0.99356115386494059,1.7321015831830913,-4.6967122699239896,-0.61365270495469371,0.2481373713095216,0.1907373560943534,0.6827309236947792,1,5
0.98221417104341591,0.17711242667769733,0.062341884137659016,-0.18319271802781356,0.97675578580348532,0.11130392158858567,-0.041179488378050411,-0.12074486827916679,0.9918290813044196,1.6767546712261898,-3.6375963381575231,-0.714427031746802,,0.07778094725754288,0.3285714285714286,0,5
0.8280579700275118,-0.5597646885317108,-0.031360671978026833,0.55415731481462505,0.8087145527348204,0.19720659885603212,-0.085027458572871514,-0.1806772416988813,0.97986022759408009,5.2223412574559784,-11.061310552774573,-0.14253398921138813,0.1962764804491679,0.3067101129368216,0.2666666666666667,1,5
0.93343573433617022,0.34981722213556121,0.079533898192245628,-0.35820493677212861,0.92099416485539443,0.15316321873867059,-0.019671124430758174,-0.1714574565298167,0.9849951205279931,4.5993436959254064,10.921119122040741,-1.8513447104570182,,0.09989424092788468,0.25,0,5
-0.34877187556851036,0.92958874594332319,0.11925997747754061,-0.93498510857199135,-0.35387457958632984,0.023992262736551501,0.06450601182095346,-0.10313847651637202,0.99257313539146175,18.140143912255382,8.5000944832208205,-2.3247780487504808,0.3419384071486313,0.2973245794006566,0.5652173913043478,1,5
-0.30158841813229598,-0.94862546326196573,-0.095677356252567083,0.95240551754070801,-0.30441037732720327,0.01606400739311948,-0.04436390657365482,-0.086278923420096479,0.99528276945147276,-8.6024917453931593,-0.66514245959272023,-0.32719566378416509,,0.1036541645543437,0.2826086956521739,0,1
-0.95752917229743117,-0.28691576169802663,-0.028587232965744336,0.28693053224367809,-0.93838694381664611,-0.19261571415856474,0.02843859816791466,-0.19263771531996418,0.98085776582058448,-1.2521668986934344,28.678166348017545,-2.4215402100376742,,0.3757082449456273,0.2857142857142857,0,1
-0.8461550806745749,-0.53277619909464946,-0.013080562941344222,0.53293259076028532,-0.84579660031089743,-0.02471769827589668,0.0021055056718589592,-0.027886064275664726,0.99960889064927771,8.7223425694716283,11.209037660534063,-2.0536725231853983,0.1361408976128466,0.1750927971067756,0.4615384615384616,1,4
0.8715590360723513,0.4441327931788937,0.20767982247620592,-0.48976663628953759,0.80824082687801013,0.32691804438602429,-0.0226602872503005,-0.38664302371912102,0.92195102016922215,2.4401892699244807,15.091224117269245,-2.0017497355769693,,0.5349260089801035,0.3225806451612903,0,3
0.98819813896494169,0.13877070442340356,0.064862390798201552,-0.14699352288959494,0.97820468625869428,0.14665775127839548,-0.0430968951866883,-0.15446126820456296,0.9870584452046931,10.069724003453118,11.342641702370852,-2.1208225437268196,,0.1209303005077401,0.2777777777777778,0,4
0.28436400524527178,0.94236754147491109,0.17629670812411097,-0.95761384505576908,0.27037682862519841,0.099358413333167042,0.045965598857965299,-0.19707812490763918,0.97930964276091781,16.416834759829666,6.2717854035870682,-2.0950371312688363,,0.1598183742399601,0.4,0,3
0.89767888694889741,0.42665446272315838,0.11017524842087201,-0.4401597089198005,0.87999365856872669,0.17852336408006292,-0.0207857299564915,-0.20875136003686148,0.97774783206762239,8.6446085820027658,23.325374817032124,-2.8307501501674897,,0.3992340255622045,0.5,0,7
-0.53465388326280949,-0.84218964688322107,-0.069726779609510167,0.8450188749460128,-0.53371549949967323,-0.033028269388340428,-0.0093981964744630098,-0.076579137345163278,0.99701921226548962,12.070839915691051,19.140213056202246,-2.7310179306694358,,0.5524921431441153,0.7727272727272727,0,4
0.26725123438303477,0.89187609521364619,0.3648750587628638,-0.96264674218427138,0.23002654290046484,0.14282520549002986,0.043451438212708936,-0.38941599909058661,0.92003649502045703,-1.8204248165005783,-17.183161287739608,0.85921523088019969,,0.5135172762118695,0.3,0,3
-0.87956510007914257,-0.47500563592478678,0.027108680573909739,0.47558283637875376,-0.87940911503507624,0.021460991010771882,0.013645529110622707,0.031768761904012718,0.99940209390534018,-7.1666293496043503,9.1804864572359524,-1.0533776503963459,,0.1375673220910234,0.3793103448275862,0,4
-0.48230317013488527,0.84314624498642798,0.23767217263097323,-0.87259262766722323,-0.48632653170385737,-0.045481982165556718,0.077238320920712797,-0.22932708982190503,0.97028002538193348,-8.8105638855946964,2.5748534621092047,-0.53088825922567928,,0.4833162351139409,0.1362126245847176,0,1
0.6594161030807224,0.72505053548903664,0.19867592703922815,-0.7517594855513805,0.63409363038899724,0.18106060803948124,0.0052989509677927463,-0.26875079327727441,0.96319516829741125,5.0127875475063401,-13.379278832539706,0.088291549240353762,,0.3198589377880353,0.3333333333333333,0,3
-0.18041437949399858,-0.9717431197589107,-0.15220368219269703,0.9792374668635625,-0.1919950128699878,0.06505304392329922,-0.092437195773286573,-0.13730704364406537,0.98620593214769203,-1.91816597252188,-10.128823041518372,0.17166684861304601,,0.2070245332517816,0.4761904761904762,0,2
0.24391887938521861,-0.96972324338262417,0.011849536823955703,0.96706559759287225,0.2441302410971801,0.072003856384033324,-0.072716643430503713,-0.0061038205507501515,0.99733396269398344,-5.020531165414134,3.3501423999958391,-0.88448837621843523,0.2345345379143148,0.2074530152885558,0.7177700348432056,1,4
-0.096070962178024952,-0.99314136412860898,-0.066637835221108208,0.99378887821823358,-0.0994800287398101,0.049873734687431538,-0.056160802664618627,-0.061432521832443444,0.99652998424802708,9.6338958725710135,-4.2414403722218728,-1.0751197876375811,0.9306771071301728,0.8845730460239001,0.9082568807339449,1,4
0.58878053936967267,-0.80813809372094247,0.015820807079222388,0.80450485795918592,0.58780168083107909,0.085212191218319952,-0.078162714766228686,-0.03744336375432461,0.99623721298249746,-1.569545810122057,-3.2994137397286813,-0.59660155581955976,,0.08347641055302019,0.4890965732087227,0,1
-0.30596079068551307,-0.95139045708582293,-0.03527311623778049,0.95102368389207925,-0.30713794836935204,0.034931838597516765,-0.044067530444005243,-0.022857795989412559,0.99876702685014196,-2.7028687195322587,-15.909281958639085,0.82067642048924017,,0.6420757471724455,0.7,0,1
0.91129406894410037,-0.41169626211734611,0.0070219417477617356,0.40296772235325923,0.89521853683935593,0.1902650415620997,-0.084617578839920479,-0.17055778803035149,0.98170764807729904,17.829037523466695,-1.5499419890595467,-1.586800685009438,,0.3308532615914685,0.2352941176470588,0,3
0.75036715802371023,0.64244571269007356,0.15560409507967649,-0.66101468016683906,0.73032522083892315,0.17229238059331148,-0.0029530938611661527,-0.2321391351166851,0.97267810769232677,10.552321223198948,-9.4750304969936838,-0.59948828399848619,,0.09204081538749558,0.2105263157894737,0,5
0.99418259112435536,0.0921011089175649,0.05584228900590104,-0.099259673560461475,0.9847264984027212,0.14304279271667814,-0.041814981883702272,-0.14775354168232571,0.9881398677365445,12.562035277813292,-8.3298853508091852,-0.75067690912306284,,0.5395625478383468,0.108695652173913,0,1
-0.26082889166163814,-0.96119838424912618,-0.089810664129770998,0.96307640233931568,-0.26550668434848246,0.044609907234106329,-0.066724302407157099,-0.074858978640804028,0.99495929604438282,35.319320052184459,-4.802625888065057,-2.1771292976157888,,0.3220190754135357,0.25,0,3
0.30678363058895763,-0.95173691706275865,0.0089802395588242396,0.94849823277321776,0.30649521579519556,0.08007362312733958,-0.078961423674733758,-0.016047535465992219,0.99674849895885331,-5.6203114211385987,15.100606736767785,-1.4804386159202712,,0.09787280834021417,0.391304347826087,0,3
-0.70076049562859144,-0.71309413719569903,-0.0207720789400728,0.71332194752484612,-0.70081132262435819,-0.0059404764841266017,-0.010321189162670382,-0.018980031048959133,0.99976658849735978,0.69735961543807201,3.9131799861709577,-1.2487670409241967,0.2730749359580121,0.1818416331783909,0.5294117647058824,1,1
-0.7591446063630708,0.64809395429679006,0.060610997630864007,-0.64641516023070666,-0.76155149718773918,0.046762781728877122,0.076465072116412666,-0.0036801542172873267,0.9970654688691053,10.685844559851095,-12.20987717115405,-0.29511618329403055,0.5347450022481377,0.6223077740613229,0.7402597402597403,1,3
0.33628837620859336,0.89040464391480323,0.30674044096261505,-0.94082322189963385,0.3031177812695045,0.15156277845382857,0.041973719889702096,-0.33955733061326293,0.9396483523453949,14.904643936382957,2.0046440810576986,-1.7476720957455756,,0.5600608157891848,0.375,0,1
-0.88510656609350791,0.42875873483297028,0.1809760038308651,-0.45991871765001935,-0.86530280644855306,-0.19931338717562219,0.071141688293997959,-0.25964783930679713,0.96307936315237863,6.5616718495827202,-9.4953060185802958,-0.39162812738208602,,0.3450965968820007,0.3170731707317073,0,1
0.48490711044806872,-0.87407959445127736,-0.029154018604568559,0.87134933539705162,0.47999898492366994,0.10174138870372926,-0.074936172440426732,-0.074738457544543183,0.99438359450658753,8.427082587282964,-7.5566788184277556,-0.68939633638595554,,0.07393881902313365,0.35,0,3
-0.56787347373176178,-0.82210190726941468,-0.040843260102642137,0.8224867482458369,-0.56868010300531235,0.010885283912517842,-0.032175562027893297,-0.02741157620162309,0.99910626997248464,4.5280809162727751,23.010102696618183,-2.555419292074856,,0.2007084631661821,0.4615384615384616,0,3
-0.51717387429158801,-0.85541214352520001,0.028306332504430855,0.85563410905173121,-0.51594894459307206,0.041072594275806618,-0.020529373528646921,0.045461536301776156,0.99875512190907112,-2.3618126360921274,-5.3814176895540209,-0.33212167358604322,0.2029317884167962,0.1329618737608972,0.4592274678111588,1,3
-0.99803255788243062,-0.041636437295043828,0.046876651928546086,0.043397003124982812,-0.99836554980574321,0.037187754447499277,0.045251668769498557,0.039148895903373261,0.99820821997373044,0.37826439847262405,-2.5769038480062503,-0.77174182307068329,0.2616216607976576,0.2220462113752542,0.6990077177508269,1,3
0.66074799636209747,0.72663970627527319,0.18816700711776832,-0.74897747205540022,0.62174632391995499,0.22905076958072962,0.049445238971774191,-0.29227768638096013,0.95505440807674258,19.363665573383969,-3.1838062089557493,-1.5133576707913352,,0.3452376639674192,0.3333333333333333,0,4
-0.65688585846362535,-0.74552677457406391,-0.11265343911172311,0.75373337518308003,-0.65318954632509474,-0.072314699105636718,-0.019671504406828799,-0.13241316008920562,0.99099938796629039,6.7169927295180196,-7.799146533266895,-0.60568148157308044,0.613662258996052,0.2900789836619733,0.5652173913043478,1,3
-0.19960322081072557,-0.96559221093342396,-0.16670403842345013,0.97880089058276543,-0.20444772494394847,0.012245176994596369,-0.045906108922126349,-0.16072588450509759,0.98593094038765428,-0.21863169613290523,10.766153314184864,-1.6158097223282113,,0.2368507014563135,0.3636363636363636,0,2
-0.44077124658881539,0.86460940098491113,0.24118725486446449,-0.89443409118355466,-0.44567170504573211,-0.036937621069577091,0.075553720683970704,-0.23200714439461634,0.96977539680106617,16.164494479564674,-12.330053195839637,-0.56078255655844078,,0.4053189370243606,0.2857142857142857,0,2
-0.22938047609636922,-0.96228802605766883,-0.14624073335373569,0.97153037320746349,-0.23550537194126792,0.025806079170842992,-0.059273359287033742,-0.13615790352689944,0.98891237942802102,20.016536633289306,-7.2855824988938487,-1.1508983625138598,,0.2518372234686163,0.3571428571428572,0,2
-0.86330333492499811,0.47944841196417565,0.15759623146638463,-0.49747012712035321,-0.86102205054412695,-0.10566220279572881,0.085034255040164569,-0.16961794935034508,0.98183447012617542,-2.4099306746976361,-14.990013459267367,0.7395844900586398,,0.2598269284475758,0.1,0,2
-0.81345307792488153,-0.58151635978450367,0.011524466040378597,0.58162140299771692,-0.81339168812264195,0.010512148589386705,0.0032609185060816486,0.015254015732844866,0.99987833330586684,-6.3648022803071145,-4.8928451806132882,-0.10799920582121685,,0.08694658088118729,0.488,0,1
-0.80212911688776745,-0.59558482547385894,-0.043215685880517697,0.59588261584798952,-0.80304072177791908,0.0070361421642969801,-0.038894575084550825,-0.020107581447603568,0.99904098874736891,15.070443112743471,-7.391215742341573,-0.95250476098685288,,0.2325619377511889,0.1666666666666667,0,4
-0.90348756213714454,-0.42856294313957966,0.0066354224447720718,0.42859481804593719,-0.9034858434870443,0.0044511304938706234,0.0040874206596562563,0.0068654487140364867,0.999968078793671,12.219567666812976,2.5345503442535104,-1.6854354408653383,,0.1127524265694477,0.3333333333333333,1,3
0.97092023067555111,-0.23439865933695242,0.048694703674788155,0.21742893298089713,0.94849319173201829,0.23040252676739062,-0.10019263829106728,-0.21311483697539443,0.97187627890242656,7.0448450783365963,6.3680701463407301,-1.6896774233056164,0.7210948244502114,0.5747034536112133,0.6953125,1,3
0.98143468126138822,0.1812863679976349,0.062619639056643486,-0.18831277357289664,0.97274876800628063,0.13527059418641971,-0.036390462028409898,-0.14455133040027757,0.98882791584424312,6.0250803091246308,-11.897052225562593,-0.095059185584795286,,0.1208305307892316,0.5,0,3
0.078444598362369514,-0.99690501398199982,0.0051805487466123649,0.99477650487184077,0.078615462762226251,0.065110017429315478,-0.065315774072817162,4.5959008863727777e-05,0.99786464389968188,10.47696937393019,2.758759985773465,-1.6266382470723937,,0.1180661448644237,0.3888888888888889,0,1
-0.86281842891752625,-0.50466328059033827,0.029314364125610899,0.50550354806434905,-0.8617208491375572,0.043627297142971817,0.0032437038467873353,0.052460951053563604,0.99861770813455419,21.210406161802229,-1.3004066297199384,-1.7617238793883536,0.4075956926117998,0.3912426693972988,0.5714285714285714,1,3
-0.16487517430713886,0.95660499833503698,0.24025622584569134,-0.98248962538381646,-0.18072014137437289,0.045325120129962385,0.086777375567364562,-0.22857626224534325,0.96965075126438671,19.070925064556661,14.841615497337637,-2.7790191618762989,,0.2889153147618377,0.2068965517241379,0,2
0.99776967675005579,0.054909181817778485,0.03795594696737762,-0.059976693361719596,0.98706125770765085,0.14870396694770352,-0.029299631592948294,-0.15064878122537728,0.98815306319609464,3.7047850388778318,-11.238270371154345,-0.036427219950071831,,0.09791999022741733,0.2692307692307692,0,2
0.17561655194780129,-0.98408674460657686,0.027057453161634194,0.98237596388527171,0.17696566877340925,0.060171568502594058,-0.064002283259643272,0.016013468244224519,0.99782126484272826,10.093609428884632,8.5270542882314864,-1.9508201505446812,,0.08456762537558568,0.4,0,2
-0.33651944223232017,0.91463928593865174,0.22403044796920413,-0.9376678850019684,-0.34739425647324895,0.0098065287097124833,0.086796327316218863,-0.20676606875169951,0.97453280620889526,15.096607937473086,-16.308364498437381,-0.16510706653315901,,0.3853549742642334,0.6666666666666666,0,2
0.32811116593104406,0.93634477305557895,0.12490607976742787,-0.94349031813026174,0.31831555401273232,0.092202102297205227,0.046573408569996581,-0.14810021622220382,0.98787511537091999,16.591903452590842,11.624847523929112,-2.46184061124614,,0.1070732762513502,0.2857142857142857,0,2
-0.69052186172899721,0.7180948824582104,0.08671388736326395,-0.71822809499477269,-0.69491199626624223,0.035294773061260297,0.085603516484426739,-0.037908537726944462,0.99560784485303511,4.5293894336221028,-16.740235149825612,0.51828116444883165,,0.4407473321032722,0.7241379310344828,0,2
-0.50281317521007896,-0.85247619814673137,-0.14304979003289023,0.86405261614422224,-0.49102532936265092,-0.11093783150317131,0.024330790564308143,-0.17938354862583075,0.9834782941747725,-6.0287091127774985,18.14474748015046,-1.5725378861821921,,0.1788739636017146,0.2142857142857143,0,2
0.45132609907917043,-0.86108918154291747,-0.23415843721661803,0.88905135885780262,0.41132407100771506,0.20099798487232676,-0.076762188628743691,-0.29889451323065486,0.95119379537375903,15.457120316717452,32.985622611186805,-3.6393295116823436,,0.2321794217998612,0.3333333333333333,0,1
-0.98081337521902012,-0.19331037858999311,0.025223412157504527,0.18938657212476798,-0.9755056467268064,-0.11189932753571395,0.046236882359257755,-0.10497538155924226,0.99339937586863192,17.282777445046481,15.019182885237401,-2.6994712634104641,,0.2434114701462763,0.5909090909090909,0,2
0.10279191631273911,0.99094125421288948,0.086424838094961376,-0.99320115905019213,0.097476109929609131,0.063638554778885054,0.054637712270090885,-0.092378778363735675,0.99422375836926891,15.901079869904336,-4.0200502793008868,-1.3166148641203221,,0.07589946960160381,0.25,0,2
-0.49527766919459332,0.865401550093581,0.076027544303356814,-0.86527882830454261,-0.49921304401546684,0.045594802036301382,0.077411754179124687,-0.043202937173752065,0.99606271214942677,18.566168220614209,16.824248280832638,-2.8660526934740664,,0.1519235238079747,0.5882352941176471,0,1
-0.6863867262785599,-0.72531860148180105,-0.052784356897525198,0.72590279852187323,-0.68771480163842025,0.010652638430951218,-0.044027140342221958,-0.03100448277124113,0.99854911394551527,27.006139026652534,-2.1194790954932685,-2.0204328292448634,,0.1410067095198757,0.3333333333333333,0,2
