axis_00,axis_01,axis_02,axis_10,axis_11,axis_12,axis_20,axis_21,axis_22,location_x,location_y,location_z,dbh,dbh_approximation,score,reconstructed,number_clusters
0.67218010597501288,-0.74020515404377685,-0.016438827769893454,0.72012969427603157,0.64846893866063182,0.2467818044635027,-0.17200909439134057,-0.17771990749317193,0.9689316311934959,5.5126970466817005,-1.0739792466261187,-1.4848983572356653,0.7162464161517494,0.6807233593872415,0.5232558139534884,1,4
-0.77741668716584711,-0.62607784946931022,-0.060413747772858462,0.62867714882353565,-0.77645172288097042,-0.043448412885650156,-0.019706269641629789,-0.071758263907761022,0.99722736349227559,3.5228512151689402,-3.0160426776421358,-1.2047042721573544,,0.2571814732896149,0.2307692307692308,0,3
0.98050858943615737,0.1654782740582047,0.10592377852321887,-0.18469869769941333,0.96016143427623923,0.20970553449238538,-0.067002217202559264,-0.22518206177072375,0.97201015526928947,-17.304319311286775,5.884422186400208,-0.018187735049028184,,0.235770205660107,0.5757575757575758,0,7
0.82845250250857816,0.54643000913386264,0.12280348612820687,-0.55976201385979041,0.81500634016789431,0.14977033526625255,-0.018246614121688619,-0.19281833575700361,0.98106480441864463,-8.7292410101044204,-10.576116746662517,0.25737109344751663,0.5982745941494979,0.5766633819035312,0.890020366598778,1,5
-0.93995411152421871,-0.33463940835812139,0.067102418752554086,0.33847454604379623,-0.93922612605022326,0.057352121365612824,0.043832064851689403,0.076620823007955224,0.9960963806642511,-17.690383159715314,-13.849814463793122,1.6127324309607365,,0.1714624333636791,0.7826086956521739,0,1
0.0099270256944042623,-0.99979926541659259,0.017403535080671616,0.99500393961058153,0.011605473433925768,0.099158827876274516,-0.09934089953430475,0.016332233736264426,0.99491941574224951,8.931843323866806,-0.0563377918190874,-1.834312342668271,,0.128067917620668,0.6170212765957447,1,5
0.50462416043897085,0.80794972586229341,0.30425597312182556,-0.86220337948430592,0.45355668871998528,0.22559180508875903,0.044269505385830729,-0.37616960349875112,0.92549264734869008,-7.8431692481453226,15.015593264540444,-1.3893093088485586,,0.6427562938791165,0.2222222222222222,0,1
-0.057445541409830013,-0.99777949710568781,0.033705858951400942,0.9929886496200363,-0.053610772565618796,0.1053538171624257,-0.10331288156811731,0.039521642430922821,0.99386341530496736,-17.298336419339464,22.165802019351318,-1.2077534314970322,,0.2509452912540039,0.3333333333333333,0,2
0.80648488405723651,-0.58721479170758639,-0.068999421642523262,0.57807544377495512,0.75861785621637934,0.30054571954039627,-0.12414069877189939,-0.28227245106365195,0.95126828512199646,-5.0212037489937709,16.244657618215619,-1.7273243164282959,,0.4715114237799071,0.3684210526315789,0,1
0.95415643777876702,0.25494302547074232,0.156810541766677,-0.29421281251663661,0.89515045362403334,0.33487980877881834,-0.054993755976335747,-0.36566339595386343,0.9291210726612027,-9.42517839399504,10.808120039504526,-0.9794985479999766,,0.4742346971670289,0.1818181818181818,0,5
0.98853464972367744,-0.12866190124876797,0.079027599373508728,0.11251439408913488,0.97670472670991093,0.18272489689496169,-0.10069636248863399,-0.17173814948802671,0.97998278076300249,-7.5016507263477656,-21.898211107883323,1.3011280509998342,0.02845877546718192,0.1107560887297784,0.1176470588235294,1,5
-0.9847132433028315,-0.16357668445888512,0.059853961986310017,0.16263573575955953,-0.98647730216197771,-0.020301472192297096,0.062365422454810859,-0.010256735380530973,0.99800067808662762,18.847062491926781,-4.3962916613043044,-2.2388670461133833,,0.1810978278175121,0.4285714285714285,0,5
0.41791894237136518,0.89853747136258222,0.13406778197813177,-0.90685489696630961,0.40376729339713174,0.12077321156190991,0.054387070664109666,-0.17205343745502694,0.9835851062335611,5.2067580893898064,4.0215321872473551,-1.738022307144476,,0.07812887055838022,0.4074074074074074,0,2
0.20856823052964849,0.95532476508926023,0.20941319543162026,-0.97489965548108393,0.18602604217812768,0.1223314079638024,0.077909915650038852,-0.22967129737669031,0.9701449068075928,-12.241781712892523,9.0570706702841903,-0.67519481715991336,,0.2604141261726072,0.1555555555555556,0,3
-0.21957892164762433,0.95131778212851237,0.21628586309362366,-0.96883479387321481,-0.23868420203588528,0.066249482104665885,0.11464832902711768,-0.19499827974774533,0.9740797870537653,-17.790442322711126,-9.3923630499225794,1.2115552599684556,,0.2013873497216054,0.1875,0,1
-0.71681932858009911,0.68815402834885142,0.11231243671662462,-0.68590560734550488,-0.72488887818986558,0.063793511336446909,0.12531379806697829,-0.031307308154611219,0.9916230657211148,7.5405711776567044,-1.1361657485463688,-1.6256585162537909,,0.1182476120909597,0.4545454545454545,1,5
0.89536891192099877,-0.44511243003345441,0.013763582205229307,0.43039629094768206,0.87287504421806794,0.22988734179981388,-0.11433960076843504,-0.1999101843604259,0.97311991752563343,4.1605623964189498,-8.8014423513427236,-0.88618602243120215,,0.1187628744327738,0.2758620689655172,0,5
0.99575751252538902,0.050236064913093063,0.077092892222949072,-0.064207150665568077,0.97947510861794651,0.19106531187338355,-0.065912199573832944,-0.1952046346271312,0.97854521232666081,-11.15725183354161,-7.3008149900976553,0.4318797810122933,0.569976215448655,0.534983640301281,0.4685714285714286,1,3
-0.9953777144039706,-0.00074222641837773905,0.09603465399464936,-0.0038187872319944312,-0.99887338605611675,-0.047300903721442474,0.095961567994718153,-0.047449001345995528,0.99425347358672256,-13.346481189038546,9.3559619121665172,-0.60402623154901969,,0.339858887864262,0.3018867924528302,0,2
-0.99503240074968335,-0.069446932215718335,0.071327729980317459,0.064879466336469738,-0.99580821094184158,-0.064472179028647519,0.075506134229044897,-0.059524202024323888,0.99536711472056949,-8.0105956458042105,-15.817429232295371,0.65520745306131956,0.5166070633165751,0.434304589575443,0.823943661971831,1,5
0.78846940003733157,0.60192953764126911,0.12647860261616606,-0.6150716085982243,0.77104499289369177,0.16485307164247565,0.0017092399371125527,-0.20777500005663491,0.97817515192847881,-3.9343396003400843,18.086073245522854,-1.9261136563112737,,0.1301504102965421,0.4347826086956522,1,5
0.90767705137185895,-0.41959142882976597,0.0080872285415457528,0.40620445190800442,0.88323370264295931,0.23429931661387005,-0.10545289784072069,-0.20938304460534585,0.97213086926030223,-6.1083320081176078,8.7627550336970845,-1.0997513911012211,,0.1282404102875448,0.1707317073170732,0,6
0.56506312528853608,-0.82427352662364295,-0.035732586620267501,0.80472615167416262,0.54107488354162125,0.24424125616306819,-0.18198759642031864,-0.16676667445219273,0.96905592771589388,-2.2040380443547729,11.966426473922736,-1.6240698087156973,0.7052571054965088,0.5528091644921896,0.3448275862068966,1,2
0.30549092988797943,-0.9481757284895348,-0.08739610780531977,0.94462820437241479,0.29023598146359086,0.153103332974874,-0.11980336915265204,-0.12932850794472031,0.98433799569683766,-9.9812239357103003,-9.551804876358295,0.37732358354694007,,0.119168739688926,0.3235294117647059,0,4
-0.069809932098783167,0.98114286595625821,0.18023664988981111,-0.9927125116727743,-0.086118074025593044,0.084294403695935299,0.09822648598363945,-0.17303859080928033,0.98000469567346638,-5.0676368642667446,-21.829842861587121,1.0228735083210649,0.1828052521782845,0.1552445492727547,0.5833333333333334,1,4
0.52657471136506029,0.83365396335924791,0.1665537232433493,-0.84857781167075508,0.50359873517982123,0.1621851148082262,0.051330019392911687,-0.22673637401330871,0.97260261453916574,0.18358738564093316,8.6064756682790566,-1.5691548549976273,,0.0746003260322671,0.3846153846153846,0,5
0.43168580413528024,0.86519912581958514,0.25510358521413268,-0.90066598440856016,0.39792580823538171,0.17451600404999912,0.049478793815508973,-0.30509920324583917,0.95103434487999372,-3.01206740053565,-8.6027227621248255,-0.36541507941275092,,0.122782031016117,0.2280701754385965,0,5
-0.37829836799178085,0.90042650858238593,0.21476137319566876,-0.9159859122274786,-0.39761596911746383,0.053584976472641307,0.13364188480992284,-0.17644728318938255,0.97519546906224774,2.5877590965289161,7.3165605314267328,-1.7464594887358589,0.34613020573345,0.215084076017156,0.2916666666666667,1,5
-0.74653620886426397,-0.66455488009884911,0.032411420693591007,0.66531519694491648,-0.74515730314667561,0.045785175344437129,-0.0062751548761385625,0.055744101965842681,0.99842536903230927,-4.0646236868446648,-9.9341121627531432,-0.20084458180654982,0.6833265634443668,0.5900976392685767,0.7820069204152249,1,5
0.99171052678258542,0.084352659469817862,0.096927085528119183,-0.10714852609594086,0.95923902240198988,0.26149510751970378,-0.070918435008634165,-0.26971304518254757,0.96032569935115397,-3.3999312074592942,9.3715255757216713,-1.330788815287784,,0.08962196257029266,0.3529411764705883,0,5
-0.84081970566242914,-0.54041271500955157,0.03124612017121153,0.54109433624988079,-0.84072418099165758,0.019994268534005044,0.015464211847017018,0.033718673638123337,0.99931171773378058,-16.797098504687099,22.793379026756533,-1.2694524792194113,,0.370255067391067,0.6176470588235294,0,1
-0.40031313703473853,-0.9152007741123328,0.046442818407090913,0.91530007493618559,-0.3968703011782907,0.068700341079693764,-0.044442830009126175,0.070010764221226693,0.99655573238727613,8.3415214714932731,10.060508888046504,-2.2515524502463213,,0.1400999749869959,0.375,0,2
0.54171817788196397,0.81003601297839267,0.22446174157373922,-0.8397502518448442,0.50982329517401848,0.18681467347194064,0.036890788535448325,-0.28969270853091339,0.95640849240544601,-9.4092511038275859,-8.1193977584322852,0.26930606614754249,,0.08192773455941493,0.2333333333333333,0,3
-0.95641779210961453,0.2782657570455177,0.088505228049278656,-0.27186466837054302,-0.95918067789274075,0.077859034472542707,0.10655800780769388,0.050404321373339216,0.99302809394243652,1.8146787363182471,3.4521102471171914,-1.4199915904111455,0.7888571082048761,0.6821587781065437,0.981198589894242,1,5
0.90225186491992437,0.41895246524365271,0.10208038065557257,-0.4298852711388218,0.89245174574896191,0.13685223844546246,-0.033767231251945605,-0.16735803947195943,0.98531774606858757,4.6781178219541468,12.752900856980823,-2.1857320183087823,0.1871619612324367,0.2023470683394136,0.6666666666666666,1,5
0.72251233622764843,-0.69135317825105602,0.0025897723896301105,0.67986998633586693,0.71118166755401768,0.17887827541307399,-0.12550986287353888,-0.12748105214992192,0.98386780395753137,-6.4984743720889506,13.027407127196668,-1.377678791084352,,0.5061171802348368,0.5478260869565217,0,3
0.90884768234897362,-0.41443375500971963,0.047334480006044254,0.40059505420904212,0.89881854683431406,0.17790115910219789,-0.1162733539214961,-0.14272309755325044,0.98290926569681458,-0.20858960807990354,-15.097403534607791,-0.11143906906597398,0.4579020966519668,0.5604248745062066,0.953757225433526,1,5
-0.83541685370063368,-0.54791718046352822,0.043190784964296722,0.54757463304561504,-0.83650683647295032,-0.020453209503091381,0.047336051777630977,0.0065632222966243523,0.99885745845700691,11.726493520366903,10.926802505053548,-2.6007073008011834,,0.3762374381435419,0.6190476190476191,0,5
0.97800279252603539,0.18387866665638439,0.098484383330284364,-0.19793740337739729,0.96706173912503723,0.16003867365318708,-0.065812781095237388,-0.17601201285460058,0.98218554722383389,3.7178393593548811,3.1584475405336048,-1.5616632971409514,0.9761834745137561,0.5992554398855251,0.323943661971831,1,3
0.59520786537147252,-0.80194118565589734,-0.051165728263640867,0.79337724408668742,0.57635410719247315,0.19587876783301436,-0.12759367368858029,-0.15718230775497843,0.97929238563539944,1.6061182997686723,7.3501796553637746,-1.6607547461021559,,0.07983132050571953,0.2115384615384615,0,2
0.49067641046196819,0.8640557529088202,0.11244694785244259,-0.87020713276691897,0.47935578515936311,0.11383135471313803,0.044454541924709864,-0.15370649660773095,0.98711605528572066,-3.7700329414214764,12.82476195137945,-1.5998555207304173,,0.1179078772262305,0.2857142857142857,1,4
-0.096694226039808664,0.92581017456824877,0.36541175038095214,-0.98959160159953985,-0.1287369370371543,0.064306011273829594,0.10657714902464091,-0.35539037931294748,0.92862209191768597,5.6322428068673513,3.1291974112945913,-1.7070926356997869,,0.6112995055527418,0.45,0,1
-0.60511913240573267,0.77321722440571072,0.1896469337449519,-0.78573434698695921,-0.61840080395098884,0.014212024407072655,0.12826679835994109,-0.14041214176523203,0.98174948886332025,1.1324090810214658,9.6360119992729896,-1.6832192839546447,0.3799677944615297,0.09334668889919207,0.2631578947368421,1,5
0.97376617430026613,-0.22659849589308476,0.020798063554527624,0.21159564174755996,0.93531993533311442,0.28355581983429529,-0.083706165735056529,-0.27171628627569006,0.95873016933362709,-5.0360500723437998,-1.7672261069919015,-0.59079152600144458,0.395628883497898,0.2314598274131335,0.2297872340425532,1,4
0.85612264180900965,0.47127727254418023,0.21201828828023342,-0.51638802079975876,0.79599778088221251,0.31580206586578941,-0.019935750712464242,-0.37984900317614506,0.9248336610599871,6.5782122358750383,-0.42658625925497917,-1.6082974763788174,,0.1019777547162855,0.2058823529411765,0,5
-0.34364545611491509,-0.93896249698827006,0.016038383370042229,0.9378066108590879,-0.3422264656034153,0.058307862845292775,-0.04926013723654353,0.035078134074474576,0.99816980689123735,-7.531500426493424,11.177586395087067,-1.145751105426005,,0.6995029454156131,0.6821192052980133,0,5
0.83675442878608741,-0.54418244362233181,0.060889194116010487,0.53566761096669868,0.83654370589442317,0.11512966033848603,-0.11358801199113867,-0.063718884027055181,0.99148256028547899,2.0317111551185207,-3.7061721327427675,-1.0895911246017127,,0.06898175024163722,0.2183908045977012,0,5
-0.054449071797393778,-0.99312445896692059,-0.10362966555027835,0.9919586663041251,-0.065674375463354556,0.10818909719393574,-0.11425105218133789,-0.0969055489079889,0.98871432257568614,10.743333979609567,-3.4550066761026343,-1.6913422531289508,0.9519065287857368,0.5444998156899901,0.25,1,4
-0.97403012461494043,-0.21607954496984563,0.067638351460023449,0.21613423392686207,-0.97634137733127668,-0.0065960469764285547,0.067463392054162644,0.008194214818471289,0.99768810034802802,-4.7087858049222922,3.7594253783330545,-0.93513913300043972,,0.1850597130856036,0.184,0,3
-0.83469192885091736,0.53587237696797452,0.127004643670343,-0.5348537245748114,-0.8437500980777769,0.044913976690958424,0.13122834000165295,-0.030439572868838485,0.99088473355076767,3.5987808471857701,-5.1947145674127206,-1.1499541788610852,0.5125986948745164,0.6559517508092126,0.3823529411764706,1,4
-0.8949102497034217,0.39892692402109303,0.19998238489133788,-0.43070217699468544,-0.88939812170797383,-0.15318817132652707,0.11675307151332948,-0.22322251318672143,0.96775018982111616,-24.403510679344524,6.9608089792740691,0.50008835005730257,,0.5307005934084388,0.4285714285714285,0,1
0.98700297996494868,0.13440503678016105,0.088093153130287274,-0.14918545885621398,0.9701143631952055,0.19136828678812784,-0.05973957152653158,-0.20202328680250156,0.9775570444651005,10.684291353024479,-18.269270024488492,-0.49014479626209817,0.590153723790715,0.5597521584184028,0.8295454545454546,1,7
0.78041758751063972,-0.62327776293123283,0.049731472323982048,0.61028315303355307,0.77661604399232009,0.15627537661814583,-0.13602522643795834,-0.091609772672769332,0.98646073785191557,14.912460179637783,17.31659987868402,-3.3346746800548832,0.1950690206257229,0.1983632756536528,0.2142857142857143,1,4
0.9894808399386591,0.11322605076307092,0.09004181707898018,-0.12717736518646741,0.97747934397384062,0.16840442360192984,-0.068946248473096314,-0.17808423156772982,0.98159687310444188,-4.6754869341820493,11.969036194134929,-1.4644127684084316,,0.06942443482448907,0.1818181818181818,0,3
-0.99435993339472106,0.01712396874862418,0.10466657801582481,-0.030752978264026534,-0.99103389991521273,-0.13002331924211652,0.10150161174650831,-0.13250878806004224,0.98597101575032164,-14.267565467185721,13.419381237700742,-0.79016399891854716,,0.5836273696672228,0.6363636363636364,0,2
0.81694693750575609,0.56752028460894777,0.10255938697820328,-0.57657926839910645,0.80756618783959622,0.12406933348161622,-0.012411629720424294,-0.16049167833754008,0.9869591544902363,1.0892982422719597,-8.5416368809012617,-0.71284740041121186,,0.07713374942247878,0.28125,0,4
0.62329582363441649,0.77133700266074001,0.12861393612762279,-0.78165920546943413,0.60979531385673569,0.13099069319328882,0.022609793116870079,-0.18217821912816823,0.98300554104771021,6.1393075148773253,-10.608896779012257,-0.84817051930277676,0.1611347381253763,0.1139167925516601,0.3939393939393939,1,5
0.93127802429038797,0.3454545429575242,0.11568232459542058,-0.36218909552003725,0.91214886001306283,0.19184242560822637,-0.039246663045021293,-0.22055751160837547,0.97458405666876824,-11.725680688395112,7.3367612314207982,-0.62432595298391425,0.1431509211020791,0.1759308052846237,0.3387096774193548,1,5
-0.99420625419462161,0.017760960148090664,0.10601166169303301,-0.034055663861014322,-0.9874929933789437,-0.15394089705623884,0.10195163500055186,-0.15665930014560853,0.98237657127936595,-13.388631265439402,-11.399111365533441,0.90188770244724048,,0.4884169984348612,0.1333333333333333,0,2
0.95009897733111881,0.30006704681700325,0.08527426744855135,-0.30894198752164692,0.94296454359608006,0.12398676488566496,-0.043206268301477654,-0.14414450019047192,0.98861295836353569,-4.472868391342856,10.451790508850241,-1.314590581189083,0.3522940525940196,0.3227543536153317,0.8448844884488449,1,5
-0.56635562044515997,0.81926036873183272,0.089742740183050992,-0.81381692603520173,-0.57311977061708252,0.096102754520568393,0.1301665167729241,-0.018605825786760916,0.99131755818102996,-6.2368946671201719,-4.3439914806264035,-0.36289171263009951,,0.07945907756928283,0.4338235294117647,0,5
-0.58200215787089982,-0.80227114144797695,-0.13279496915688394,0.8125676304660191,-0.58012558271938852,-0.056463742289455422,-0.031738527887354644,-0.14076691327954674,0.98953390137644781,-9.2811188046751401,-2.4435278392321074,-0.1586435281510121,0.3471291376030625,0.1916661094408151,0.2016806722689076,1,3
0.19300222730153857,0.93678363771720985,0.29186736090552851,-0.98022580179901997,0.17084264433048085,0.09985073042115554,0.043675138741791193,-0.30536733123155391,0.95123250326742148,-11.484110232648348,10.083064130572353,-0.78848100305431879,,0.2420983669909783,0.1724137931034483,0,5
-0.94054167555532975,-0.33428250683252908,0.060303915041500511,0.33393629600094799,-0.94245933228189172,-0.016029884838566658,0.062192497592069351,0.0050608912782900061,0.99805134167673437,-5.5671934304537416,-8.1522621848951982,-0.16340008072505585,,0.1717606422773722,0.2884615384615384,0,5
0.52757877986862267,-0.84862739155716105,-0.038628763004074716,0.84001128971999084,0.51436290293736009,0.17266104721334932,-0.12665569144453723,-0.12354090165099807,0.98422354241501742,-10.782868635094124,7.8902900042864079,-0.75076388408945149,,0.07600519699388442,0.282051282051282,0,2
0.59740034886356541,-0.80186571314307531,0.011144562047796897,0.79164842274300329,0.59189401758186844,0.15150658968939062,-0.12808433919181944,-0.0816875145682711,0.98839341965507499,1.6053861411872501,5.910582152364567,-1.6279834689841475,,0.06811471798663631,0.2093023255813954,0,3
-0.91631283563027277,-0.39989805048603932,0.021268203419054187,0.39672566841002205,-0.9137187442243242,-0.087902221119524074,0.054585082979056079,-0.072108291274925795,0.99590203486366091,-11.704087924680623,15.024363748422337,-1.0542818033592523,,0.1725346973605364,0.1666666666666667,0,2
0.32000029213732556,-0.94712221377743799,0.023650057110930885,0.93946284785036216,0.32044264190151173,0.12135102290490155,-0.1225127362395953,-0.016614012775472944,0.99232787123943211,7.4340224990424764,-5.3478477765748504,-1.3692147519791842,0.2112034180814997,0.1887045013794276,0.6610169491525424,1,5
0.347900449911692,-0.93717294910145044,0.025925671133676016,0.92993145023432244,0.34846217519749201,0.11748025502918055,-0.11913343282358328,-0.016762336624754758,0.99273674720670335,-10.116694255406253,-16.102471976156639,0.88393642398956074,0.232212006729161,0.1571733529402516,0.3571428571428572,1,5
-0.055682598109146747,0.97239240258618831,0.22661081982216624,-0.99254477396806817,-0.078553772317509957,0.093188929188845332,0.10841734149337026,-0.21973238324686661,0.9695170755670891,0.94259500381655414,-14.193707985558691,-0.2268943450781116,0.5088882762248818,0.4216957732326804,0.75177304964539,1,5
-0.99318412702816106,0.075459063600598605,0.088832536493289746,-0.071992546869636534,-0.99653704335288884,0.041605221075088822,0.0916644042937826,0.034926364626233844,0.99517726362666803,17.908490813230774,-1.7476017977608576,-2.3178100994217048,0.4347131579369785,0.3044819295180786,0.8717948717948718,1,5
-0.99357565943917026,-0.08320866396834177,0.076705457502193153,0.086157802759033675,-0.99563195835955398,0.03596993907214175,0.073377394296558582,0.042347629611605389,0.99640475524383409,-4.2373149096983074,-4.9943436069981217,-0.52545366459356169,,0.08189287099022671,0.3577235772357724,0,5
-0.98034169243029634,0.18084667324717318,0.078896431214167589,-0.17488696998885805,-0.98158125273109453,0.076894681317831837,0.09134940509394672,0.061585104224031427,0.99391275327701523,-15.162226746091513,-5.9147016717564309,0.75719008206557603,0.1127710759661131,0.1369574571865164,0.6615384615384615,1,2
-0.90873950194114772,0.38188331729916708,0.16839729683204652,-0.39028333340177795,-0.92050596400497187,-0.018646444703373611,0.14788994989705442,-0.082667419216176707,0.9855428253097811,15.174526222998251,-1.1479772598911377,-2.2039387263880026,0.2290257319399734,0.252723328243546,0.6216216216216216,1,7
0.97981327548980413,0.17481644233286783,0.096980186966307821,-0.18993147767008167,0.96539846092540971,0.17869483885358595,-0.062385727245903043,-0.19350716558548645,0.9791133733654499,-6.9628679029412881,9.7763892469580487,-1.0813717826703837,,0.06941728427746163,0.2777777777777778,0,6
-0.30300690806003305,-0.95289653308688149,-0.013229168488657364,0.95113962597873303,-0.30325421128237268,0.05805424388055181,-0.059331488780707473,0.0050080505696978757,0.99822577299354331,13.304619040228829,2.5542663320229235,-2.2464062587347438,,0.1804231711990754,0.46875,0,5
-0.59479978681749057,0.75964257220023346,0.26297599910045344,-0.79474169751197343,-0.60485696433950198,-0.050335742030784232,0.12082569196017548,-0.23893768055921219,0.96348842077698538,-7.5085083127618901,-1.5698373760272251,-0.3879710281676968,0.6024174978588855,0.5142449131893159,0.2640949554896143,1,3
0.45659423358003043,0.85699488399583179,0.23891729670837267,-0.88779169414286241,0.42142687738690837,0.18500079682765383,0.057858566110920634,-0.29657908864397642,0.95325402202492582,5.5301688456216036,-6.1191039431231307,-1.205319593069911,0.5311849643423722,0.2575237936263009,0.5833333333333334,1,4
-0.23848747964135561,-0.96218223871262587,-0.13163989349841093,0.96699514448939039,-0.24779515881836794,0.059312307324214254,-0.089688976960695541,-0.11314989514859856,0.98952159584296306,-19.397004973767977,7.3297938329143415,0.052973785127095947,,0.4035799703900821,0.1333333333333333,0,3
0.23564232091257004,-0.95776776930668284,-0.16478348422168226,0.96732151816493539,0.21481927493033473,0.13469134943822283,-0.0936043646953576,-0.1911375923142942,0.97708988517652406,15.534939655339162,-15.845597740903782,-0.98972104970338637,,0.2634783821866596,0.5333333333333333,0,2
-0.98078317451372177,-0.19263811128992178,0.030901823076285851,0.18594656640898968,-0.9709118698887198,-0.1508443414579958,0.059061315863207495,-0.14219950417579161,0.98807442127638612,-12.502006521901901,13.879605499568365,-0.94212694634087113,,0.408628455111395,0.125,0,2
-0.96385307794847441,-0.2587358120984839,0.063584775433991686,0.26091446497277698,-0.96493784480441425,0.028611145244164898,0.053952628269831909,0.044167128069993268,0.99756622772667436,2.2578380483306595,10.211701015653793,-1.7966903643369625,,0.07426069990509968,0.2857142857142857,0,5
0.64137935255443157,0.72990488746664173,0.23637127864689395,-0.76717134221334515,0.61374620679063729,0.18645032940887862,-0.008980968958478025,-0.30092266266004924,0.95360625694998102,-9.7808823074132736,13.424544278245914,-1.1039491322684378,,0.1283309273177818,0.2972972972972973,0,3
0.89309441808896672,0.42420647051231319,0.14977059375530968,-0.44768379012984766,0.87083275899211576,0.20305056001192479,-0.044289777977616428,-0.24839318879886321,0.96764623666143001,-2.7711585935259802,6.2171071835205893,-1.275648726931548,0.7015732173404787,0.5679796219013389,0.6192660550458715,1,4
0.9277927483747952,-0.37303474560872296,0.0067597804534206742,0.36307699801801885,0.90690047146580899,0.21379108579479134,-0.085881951383085242,-0.19589949827329239,0.97685601651569154,-8.7548419917421043,11.79516975120632,-1.1177491133967521,,0.1705297593839153,0.4166666666666667,0,4
-0.55978887413140088,-0.81515936227590702,-0.14883423830770751,0.8275004395268557,-0.55932799651787768,-0.048940932706251744,-0.043352496831898152,-0.15055698723484603,0.98765032000865938,-11.498322730023688,0.72447876683237411,-0.2191682643450264,,0.371895939885126,0.1882352941176471,0,3
0.20020648291430687,-0.97878626221340259,-0.043529496911869442,0.97188366728395692,0.1927821524817139,0.13519311724790153,-0.12393345579693542,-0.069372145612157224,0.98986261872413173,-5.7357548814363115,14.253592224899585,-1.5163155580861192,,0.4173424727691177,0.6534653465346535,0,5
-0.19786910126967647,0.95042056159545718,0.23989284036691441,-0.97344685350394811,-0.21926266079507092,0.065765560777114346,0.11510448369196205,-0.22050995822783395,0.96856921082407199,5.0258484650844126,-13.797326471544777,-0.49797716874001835,,0.08810891531623691,0.4375,0,5
0.34647778926580974,0.88439439750169402,0.31272942172602264,-0.93631503427209717,0.30573534085668208,0.17274275078071866,0.057160284652180302,-0.35266478562349224,0.93400227560730154,-0.67326395487413415,-9.6361301100607228,-0.49481846510911731,,0.3481391315712695,0.5384615384615384,0,5
0.88208994514749128,-0.47097781983335263,0.0098601163643844466,0.45708613954349697,0.86076124223557016,0.22396951779718136,-0.11397188121163851,-0.19305433714397946,0.9745462704268999,6.0522217345944078,9.8973812687762823,-2.0560969271909371,,0.2547478134252149,0.25,0,5
0.95018575811677708,-0.30652601517705513,0.056469700651957062,0.29239924787259669,0.93938250645787391,0.17906196247238718,-0.10793379876380546,-0.15363042856348014,0.98221585535146816,8.7031142358527074,1.6123763659106392,-1.9140678596169474,,0.2421700477580426,0.396551724137931,0,2
0.50342868485199443,0.85273499412474763,0.13929317665721525,-0.86145854572808356,0.4829165013398572,0.15710132630161858,0.066698825028983749,-0.19908461148149753,0.97770986709300156,4.2769623537765069,-15.949490496213107,-0.2967999431815575,0.5369714596633267,0.6855633218597744,0.4444444444444444,1,5
-0.70686706498797081,-0.70552574345484631,0.050718613523812739,0.707213076288423,-0.70352254514552726,0.070040653899179406,-0.013733796341757025,0.08537829814681043,0.99625394806926493,-11.463391977233945,-11.454185695317028,0.6863645857808558,0.3859195225868165,0.4930430322934699,0.7816091954022989,1,3
0.44507167824471178,-0.89448887021824497,0.042436567723194603,0.88757693549955019,0.44692863286882129,0.11163324187371398,-0.11882080959859088,-0.012019075575759498,0.99284296695330476,7.6345966734275414,-18.78400630773336,-0.24865507956574323,0.2948373262990441,0.2808117233260042,0.8431372549019608,1,5
0.78719333999381291,0.60392832335961599,0.12488885343948752,-0.61670488112648669,0.77044863943069108,0.16150536707541269,0.0013172183389211301,-0.20415551484944316,0.97893758263354436,17.96261625698925,4.852860591656535,-2.7332160064435365,,0.2416570888219806,0.25,0,6
-0.90962943266525664,0.40595659388124877,0.088167676125767563,-0.39909929673686834,-0.91288879356184105,0.085754311456296001,0.11529981167903276,0.04281698814187241,0.99240750649782894,-5.6377402935161491,2.6575929007497248,-0.82419782551035503,0.4237079965742721,0.3914618780077599,0.9834212509419744,1,5
0.15524047489034834,0.95245496459502665,0.26216394751015409,-0.98362964412179543,0.1244489736106566,0.13032718892113568,0.091504743924292864,-0.27810428509021906,0.9561824556295776,-8.8598970213377228,5.2668486002071049,-0.71644633096259935,,0.1887510871655032,0.2588235294117647,0,5
0.53247821568998788,-0.84580492274149799,-0.03287829803771028,0.82353144968504299,0.50869727722914981,0.25104388365244501,-0.19560905192566996,-0.16075171167331118,0.96741717268138383,-15.583998532818883,11.903510580365591,-0.62170580735429748,,0.6995159683882722,0.625,0,2
-0.8767117885208584,0.4278969903290854,0.21972848139435242,-0.45983383719708831,-0.87961614953746048,-0.12177139089906933,0.14117110907391542,-0.2077970046468498,0.96793136266092661,-13.604061979073245,9.886151926526054,-0.62318240246829815,,0.2805119468176688,0.35,0,2
0.99317616168305956,0.07773635626961943,0.086937740817376916,-0.090997030790689729,0.98278653772173019,0.16077985464669853,-0.072942801233465568,-0.16759379519199996,0.98315393889327352,-2.6313448273867883,-5.6971396902903511,-0.64608826912185313,0.3746273200695067,0.3192603777741536,0.7090909090909091,1,5
0.43847103952224464,0.87438131588640122,0.20784720813388266,-0.89697872722324101,0.41125305097788822,0.16217302787564583,0.056323267032893788,-0.25754270032393828,0.96462399260053522,-10.277606898082476,-3.8686766893332569,0.010596557102272119,,0.3116340099706282,0.1846153846153846,0,4
0.39222022257495776,0.91190253416021794,0.12081831481783931,-0.9182166603412617,0.38024856710966509,0.11085662759973433,0.055149448546565477,-0.15441760069117258,0.98646527709889065,13.219771731516136,3.8581901335048543,-2.3052136126883194,,0.09813020206186614,0.4666666666666667,0,3
-0.71517230528638598,0.68765499587488166,0.12513664690918291,-0.6857539873170706,-0.72495760340463467,0.064637002905054627,0.13516672160741325,-0.039586360203049856,0.99003175578148961,-9.9555296423803306,3.5348262400606636,-0.48977346345895728,,0.2302131903998157,0.5171503957783641,0,5
-0.23394033612820531,0.94084569040545241,0.24511488322358502,-0.96536753562641209,-0.25472763274589361,0.05638576304585198,0.11548783611624269,-0.22343504640311593,0.9678529535771575,-27.627324234654161,10.515657716067818,0.48090944665935426,,0.1315015374062023,0.3157894736842105,0,1
-0.98260340949317115,0.13961177581215722,0.1224707789922593,-0.16177163801362116,-0.96732883721892382,-0.19520465624332409,0.091216647530945799,-0.21162105930001482,0.97308583921150271,-21.291374582237069,8.0319708924132662,0.16256217712943272,,0.5232812298255948,0.2,0,2
0.85179354813295893,0.50771406723457635,0.12912853012091524,-0.52356427612395628,0.83354262473112994,0.17631546024990385,-0.018116294484845551,-0.21779145687666882,0.97582717792940965,-11.889350289860651,-2.4453961038353302,0.10950366681807244,,0.07803935218513662,0.1774193548387097,0,1
0.51736776340073631,-0.85080812729209321,-0.091957207044576952,0.84431074619944857,0.4899673235218735,0.21695941033506772,-0.13953480299139773,-0.18988826297202063,0.97183974313650034,12.827918220824326,0.3345312774634821,-2.12944362499027,,0.2669475598120147,0.25,0,3
-0.317645683990949,0.92472818116106092,0.20971173169014348,-0.93822550582848541,-0.33852788342546702,0.071636389889190813,0.13723745718572972,-0.17400190547815825,0.97513548660438243,-8.539059813772381,8.4719345980609919,-0.92512001587860793,0.1834341806149534,0.1313166376476509,0.1224489795918367,1,5
-0.16104368772491631,0.9754102356008908,0.15046528811979634,-0.97975832977175026,-0.17636934491124623,0.094696723377566183,0.11890561755791466,-0.13216930982868735,0.98406947298073366,10.744373666520504,-14.02285157821024,-0.84129753612367164,0.458147366252916,0.3055521883475928,0.6764705882352942,1,6
-0.12230989114152244,0.96701294673112015,0.22344182997671871,-0.98877724139899537,-0.13818405475954115,0.056786740543945516,0.085789611377731265,-0.21398861620331142,0.97306167056104431,4.5580183614502277,6.4137489481413503,-1.8750542139898736,,0.1903306965075372,0.1428571428571428,0,3
-0.79186392260277494,-0.61029126732211803,0.022273237539925633,0.61069408002263459,-0.79145594285700493,0.025499630225512208,0.0020660845710666594,0.033794371523864802,0.99942667152115416,-0.71130004757199294,-16.113193481812218,-0.013411350634559555,0.3079151076136214,0.2667373444702825,0.7051282051282052,1,5
-0.87481063298182138,0.45469638757698544,0.16720511818238426,-0.47200727636342743,-0.87770802078814447,-0.082690757065935441,0.10915808482162132,-0.15126078595788928,0.98244831271140054,-8.2962399731439458,12.572190697510321,-1.1893013492231095,,0.1922619241581174,0.1739130434782609,0,4
-0.75252852579420648,0.63899713238928602,0.15932194658699159,-0.64629873629660028,-0.76304570617105527,0.0076937478080184385,0.12648621002866822,-0.097179808047686653,0.98719669953885036,-15.945382079317589,-16.484386909431777,1.5992337174001678,,0.4239421240533927,0.8076923076923077,0,1
-0.64253951788409314,0.74165278106656407,0.19259833928024714,-0.75779155148139998,-0.65229356553069817,-0.016280935804267802,0.11355585612680205,-0.1564105389782956,0.9811426047399171,3.4239118121752918,-17.76225701292919,-0.073874816548627278,0.1877607593192453,0.1260443848952815,0.1538461538461539,1,7
-0.79686509917581716,-0.60152481043238182,0.056337519911702605,0.60415322262182813,-0.79372920249235468,0.07066000782981556,0.0022129869349324597,0.090342988356246545,0.99590825237252079,13.264060335887168,3.8624347733277156,-2.3078198284432641,,0.088413864826195,0.6176470588235294,0,3
0.35590752003535375,-0.93429165353924626,0.020710946602809657,0.92481804141081536,0.35531097298055558,0.13588856743918309,-0.13431838095862639,-0.02920990596546218,0.99050762436749662,-16.089616572393769,-8.7757800511229274,1.0013343460280111,,0.08358055359025857,0.3333333333333333,0,2
-0.48292493626576877,-0.87070580045863766,-0.093031795534572678,0.87094429167028609,-0.48861791898465767,0.052043924276006182,-0.09077194907925773,-0.055892202450662475,0.9943020240176359,-5.3513140775317778,-2.912680009769574,-0.48984134858360223,0.185469560169719,0.2503529316279648,0.1725146198830409,1,5
0.77154193818655503,0.62086666333790497,0.13873580639111344,-0.63615690607422182,0.7547419167603352,0.16021557333483677,-0.00523722000775023,-0.21187077533391285,0.97728365692157115,-17.148132108194755,10.313662890540437,-0.32971124489003051,0.4089308407305861,0.3485109571489333,0.8230088495575221,1,5
0.17728695704194247,0.94444975912182727,0.27673812053551827,-0.97971496616886777,0.14267262240077649,0.14072351573926803,0.093423337167663781,-0.29607292228775006,0.95058555888486429,10.73435270060031,2.3104406978785206,-2.0733196553323006,,0.2103137092937496,0.1904761904761905,0,4
-0.64376310453895125,0.7569173056190126,0.11245113467113119,-0.7554551559512156,-0.652051404897381,0.064159743750077991,0.12188754071313102,-0.043648113656896803,0.99158371789430821,13.935446740995657,-7.3842283939384847,-1.663282494769003,,0.1950107772528633,0.4615384615384616,0,6
0.77947314134901868,-0.62643522855098799,0.00072549690853990515,0.60986411834009369,0.75911731866403376,0.22761075032956607,-0.14313412967127342,-0.17697401203170895,0.97375192938892208,-6.2717420215984827,16.410621229513414,-1.6280556091798977,0.5239801615481623,0.4454509915135073,0.6176470588235294,1,3
0.90157815161704558,-0.43153984516407773,-0.030499156751546217,0.42750310814872222,0.87789845841781133,0.21572062773599657,-0.066316883596663947,-0.20752748912708968,0.97597869454544584,15.882037291367055,-4.2181444501065055,-2.0386225413512089,,0.2341864542229112,0.391304347826087,0,5
-0.011240662871427824,0.94914301480708663,0.31464453744046617,-0.99534675603136213,-0.040735968618117971,0.087323628638454331,0.095699962152834078,-0.31219884417412214,0.94518432008803854,9.8539175188899275,1.3513506782016691,-1.9774954391322537,0.9637599444404319,0.6909184975728857,0.6122448979591837,1,2
0.77218433300275069,0.62446526156274573,0.11736478588771312,-0.63507266210622948,0.75259270143623047,0.17403143276495758,0.020348702916989835,-0.20891951284235946,0.97772110923478972,16.831027891701488,-0.042687543580654984,-2.4061736749233416,,0.1586742794632806,0.5111111111111111,0,5
0.95727476068767436,0.27161222827819093,0.099256385185594306,-0.28454579923027495,0.94591277036341292,0.15582913400201179,-0.051562783970216311,-0.17741428441128637,0.98278453945718525,4.9803142980341262,7.2995348340135768,-1.9169322668410766,,0.0997064557418337,0.3269230769230769,0,5
0.52344198217759896,-0.8492863408732364,0.068711007125033099,0.84252308942267784,0.52792910289854655,0.10698460684791652,-0.12713510563040309,0.0018903753293619786,0.99188360778745688,20.261953714751129,-1.6051872367692777,-2.5336382150210675,,0.07529288894563982,0.5294117647058824,0,1
0.48127643284995703,0.86628375397658686,0.13388596931513738,-0.87538981767449708,0.46707026182626676,0.12465166516879798,0.045449557698974102,-0.17719432302919769,0.98312588694998404,21.954408026291091,-5.3649357200153078,-2.3873702517705504,,0.1130934854547139,0.2,0,2
-0.0054928993638383265,-0.99358203362919872,-0.1129803987683027,0.99064491984437031,-0.02081257048581206,0.13486837915654767,-0.13635421094751693,-0.11118263964773936,0.98440131541858544,-11.298348314482652,16.885737077889914,-1.2154375366586729,,0.5693840098679801,0.1538461538461539,0,2
-0.80433032990639486,-0.59167315499612227,0.054549042609437014,0.59391688146755417,-0.80331994442238808,0.044043215153615728,0.017761145811194604,0.067822891048283568,0.99753927098101147,15.942840817965465,3.3775663986707167,-2.4382160498342849,,0.2795645991724237,0.375,0,4
0.96686178766298658,0.22688944589202373,0.11704470470697961,-0.24931988065627494,0.9377872693066639,0.24164981819958217,-0.054935240662751801,-0.26282354702187688,0.96327872522139979,-14.936582839809267,-8.3254048471860553,0.87436948178816765,,0.2170829970565171,0.1666666666666667,0,1
0.73211427115362493,-0.68118126841832027,-0.00087950509077927433,0.66625358479600461,0.71580040160324432,0.20913140799771562,-0.14182684766880127,-0.15369406176115696,0.97788715129082671,-11.56694350842066,-4.1341258897203073,0.17545957198039056,0.557882916026023,0.2510423116891426,0.2098765432098765,1,3
0.20415529373118493,-0.95876519837574048,-0.19771168509994844,0.97221415781749021,0.17494317978644042,0.15554586200036799,-0.11454364836498793,-0.22397361056547868,0.9678406761391577,-9.7668992188846069,18.892410382747059,-1.5116052366334196,,0.4602954700589383,0.2790697674418605,0,3
0.25469348697197469,0.95858734097913001,0.12744229050286723,-0.96414908232700425,0.24157118919218123,0.10981761061082126,0.074483385677955607,-0.15084319761539164,0.98574771366263492,-13.306264446450584,-4.7059140753964108,0.44333146655548356,,0.07390100060889808,0.3064516129032258,0,2
-0.86089795929424651,0.47998635651573451,0.16872403871930308,-0.49418447926286874,-0.86774145154442273,-0.052976161877452112,0.12098100734697941,-0.12898787086516703,0.98423865247763043,-11.328007735674488,-8.9241790488085098,0.51495255592306943,,0.1125396385011671,0.5555555555555556,0,2
-0.38138466930604131,-0.92313052580347765,0.048741833655674693,0.92216975976138238,-0.37625468665514977,0.089640085629536237,-0.064410156031149204,0.079135599446968671,0.99478082445341331,-16.391722675556867,14.860747113085569,-0.68001253103999559,,0.1153540059792724,0.3684210526315789,0,2
-0.82503059799901057,-0.5648008165535805,-0.018015270905616974,0.56502005712663217,-0.82401743105019587,-0.041804406108114936,0.0087662654540810198,-0.044668903566615084,0.99896338353522462,2.1609035315979663,2.3662898828807837,-1.4368925283464749,,0.07750397989693435,0.4333333333333333,0,3
