axis_00,axis_01,axis_02,axis_10,axis_11,axis_12,axis_20,axis_21,axis_22,location_x,location_y,location_z,dbh,dbh_approximation,score,reconstructed,number_clusters
0.94644192504119162,-0.3228380679392,-0.0048233197704856592,0.31676594234090227,0.92554142863768385,0.20744252613240943,-0.062506162073862337,-0.19786016720047461,0.978235316239501,9.4487978329976716,-0.39754252104887283,-1.154057940138852,0.1411056284823228,0.1775297192089522,0.2641509433962264,1,6
0.87198857540665331,0.48452266727269522,0.069811956420276808,-0.48562063524647259,0.83821129121715476,0.24814195513633075,0.061713231831480558,-0.25027907658256482,0.96620487519050069,23.912937199377268,-5.4121045077642576,-0.33365396524457508,,0.3233496677583989,0.7272727272727273,0,5
0.077514050940052065,0.98430367143490005,0.15854921730062191,-0.99147653730905383,0.059401005739584754,0.11595601098164181,0.10471794436729465,-0.1661860491043175,0.98051840839965188,-17.937544602331862,1.0397550327962584,-0.94291009682471882,,0.4749355238466808,0.6451612903225806,0,4
-0.82727217643748596,0.56051675652076638,0.037969879533973287,-0.55833047697600657,-0.82778243536264817,0.055166277605326178,0.062352422343720418,0.024437785589587924,0.99775496494046434,-10.905856793383226,3.560106634048795,-1.3037610579011483,,0.07265159861405711,0.3493975903614458,0,5
0.66168563282729898,-0.73721836114284944,-0.1366792277699426,0.74378450778002092,0.62238556948510504,0.24376383834181289,-0.094639998395861666,-0.26295492178423402,0.96015518527635868,9.6570564297179686,3.3550193702127968,-1.4471525483525081,,0.2168813995546664,0.2786885245901639,0,5
0.60037450137431392,-0.78733037511612958,-0.1402188950143235,0.79433570547407406,0.56678532383579838,0.21859822436001955,-0.09263501016650294,-0.24262167484345504,0.96568808514323512,10.249272652875646,13.776079080688261,-2.2696819184306412,,0.732511903394596,0.3103448275862069,0,1
0.49654322161760128,-0.86282170481429943,-0.094781510680936404,0.86272386534922296,0.47853236660855897,0.16344511698092584,-0.09566797386017209,-0.16292783620167067,0.98198887924870715,20.229728019748737,-6.9212910093206554,-0.32082662666780798,0.4106039389774795,0.3361095700842472,0.4375,1,5
0.99967925860294071,0.024838596927824978,-0.0049420665445754196,-0.023340384551693318,0.9793435805318278,0.20085163111131885,0.009828853852461291,-0.2006718599449242,0.97960920690762754,-13.539930864270268,-8.4562744144610065,-0.099666340954661065,,0.1024523437020445,0.5238095238095238,0,1
-0.99594674504215308,-0.087875485503293035,-0.019182807080838346,0.087960083315208354,-0.9961174580991593,-0.0036101818861392306,-0.018791082542571575,-0.0052828702075606833,0.99980947509975526,-11.950823696463408,6.6619382983025233,-1.560731403991922,,0.2351051200297628,0.4259259259259259,0,9
0.77986412065689659,-0.62160446114446,-0.073619611499594576,0.62273294813570357,0.75856591550721197,0.19178484595223114,-0.063368987827334661,-0.19541147795360275,0.97867191932012043,0.0055323574653196195,-29.204723735851559,2.4270333203682712,0.585757972870715,0.580461827824025,0.8378378378378378,1,5
-0.99853188034811757,0.054003892735830089,0.0042027964297808246,-0.054146959347176123,-0.99302987330053949,-0.10468895608501746,-0.0014801087488680905,-0.10476282881868181,0.99449613321319674,-6.5960859856562699,16.746267096554938,-2.4978872514594981,,0.2900479526288681,0.2,0,2
0.20023898315083186,0.9745621378525462,0.10066274927199236,-0.97537221059266377,0.18859126930828665,0.11437824943698859,0.092484595637876491,-0.12108663264359305,0.98832415075456614,-16.907160411592482,-0.54990882244601891,-0.76602362387584866,0.7964926458201786,0.6114502985202394,0.736,1,4
0.26924378888106448,0.9549746794057683,0.12462400989704819,-0.95570653053508237,0.24896473723387183,0.15697639028422594,0.11888149410890332,-0.16136889820507536,0.97970774675436545,-6.3874615721953329,4.0387636964792044,-1.3701968552698531,,0.08150143892549182,0.2215189873417721,0,5
0.14278649622034112,-0.98805988760509622,-0.057876376898721098,0.98352196566676831,0.13509323756272928,0.12014308226359294,-0.11088985322424648,-0.074077497734631584,0.99106809290849485,13.17226369035072,0.84979650263961926,-1.3084599515125335,,0.07391088060735582,0.24,0,5
0.98498399014486826,-0.16835488128440362,-0.038251445802828403,0.17262955949348027,0.96344396072367211,0.20487745052633011,0.0023610055864722946,-0.2084043389490636,0.97803990570928301,13.653188800475853,-7.2907459047032166,-0.38791066608836333,,0.1604613928450712,0.3571428571428572,0,4
-0.2162630527294202,0.96380223315052271,0.15593443301021845,-0.96824345744307294,-0.23223755923647757,0.09257604008904434,0.12543882629727029,-0.13096171751298119,0.98341961003592693,6.988770437047708,-6.4381748041254427,-0.55077119024470766,,0.1144829629119854,0.2592592592592592,0,5
-0.68554843264595033,0.72800733568147824,0.0053540349864449202,-0.72323735173209047,-0.68186200431032018,0.10950771725072726,0.083373134499267504,0.071200605839194603,0.99397152583557369,-19.442020163144974,7.6321350098203453,-1.6160410509536483,,0.1183257495757525,0.25,0,1
0.99979548547085362,-0.020097188427791034,0.0022561581056700949,0.018157213119476222,0.94116844167217406,0.33744967033930418,-0.0089052144181845407,-0.33733969143530834,0.94134086798486383,7.2132874798459072,12.048796466590067,-2.0879302528759989,,0.395821001589299,0.25,0,5
-0.70477357132868779,-0.70885279950746027,-0.028669178346147212,0.70369687891435884,-0.70363296932342023,0.098546167288722383,-0.090027305651103645,0.04927832293760423,0.99471942331778163,2.9271030161762486,7.4446317831655202,-1.6663127511569735,,0.0824071961785352,0.2542372881355932,0,5
-0.045699784831168745,-0.99836165634345364,-0.034431567050326087,0.99188110395129325,-0.049443866399415601,0.11716304750150972,-0.11867352396701276,-0.028797694675667423,0.99251563589226077,5.3394235453101748,3.1831962865153223,-1.4623263701116314,,0.09577917634494695,0.5247524752475248,0,5
-0.702904366134111,0.71114513869268547,0.014072802967511148,-0.70665269449617762,-0.70044476301877623,0.10009547103071215,0.081039628768233826,0.060412959481632479,0.99487831059671594,0.96308110174481198,1.6871403107408616,-1.3069927647621729,,0.08098295959056538,0.3771186440677966,0,5
0.99265323464596622,-0.11961937738511345,-0.018186816678526261,0.1205924875869505,0.96588267524771487,0.2291901167020706,-0.0098492479150284595,-0.22969950415774812,0.9732117601556165,-1.4758027292367857,-16.75469559293143,0.68270541059649847,0.192746319221369,0.1926021071873708,0.5903614457831325,1,5
-0.60916342858843942,-0.79038791516199913,-0.06486031788578378,0.78645094621810363,-0.61259943713119613,0.078846932845802936,-0.10205305709789395,-0.0029787904272498959,0.99477449723269651,-3.804928303988802,9.7233612837925865,-1.880374482368117,,0.07348698871711611,0.3846153846153846,0,5
0.80782422434953427,-0.56648636343718228,-0.16282881377013755,0.58565192356512208,0.74021927799121534,0.33028358256903451,-0.066572118627439336,-0.36217208690052377,0.92973089251222241,-9.4682862049037233,-3.2045007636434795,-0.63856903914392527,,0.2839665034768475,0.1428571428571428,0,3
-0.9440780783576419,-0.32171730660684505,-0.072211886792812943,0.32834515779163709,-0.93730557719631835,-0.11682342364209466,-0.030100487028047605,-0.13400085666260764,0.99052396795552622,4.5904658973706329,-13.428491746586193,0.23330129566899124,0.4007006656432003,0.3564718039100752,0.559322033898305,1,5
0.3114385362340738,-0.94636363282083569,-0.086034368844827458,0.94381931807921504,0.29752691425586852,0.14381526384173018,-0.110503995261994,-0.12599051459348634,0.98585762525001841,-0.37294112740862656,7.5801142093931224,-1.7254832251494336,0.6807244142605622,0.4584095203416858,0.9158415841584159,1,5
0.52974087123178304,-0.84414714543216007,-0.082402707512118797,0.84236391282125656,0.5122938457337527,0.16726641623405761,-0.098983067860390281,-0.15802092419062161,0.98246208058880713,-16.25356126120732,-6.6133780684018015,-0.27818988016748802,,0.10180884042785,0.2777777777777778,0,1
0.98342378955418597,-0.18040224597874191,-0.018239511635726686,0.18091298088283217,0.96947645583457454,0.16548684216734633,-0.012171420910161043,-0.16604346186543356,0.98604331815837098,14.456701667081216,-9.5291239679835922,-0.11638801922194104,0.3144828486493854,0.2274099298954194,0.5535714285714286,1,5
-0.31150223969800611,-0.91952065543990302,-0.23968337214437221,0.94581726937569899,-0.32434786651851283,0.015104781878126599,-0.091629949327841562,-0.22199149917116329,0.97073360232450845,-10.298178337421346,0.25873386410669696,-0.9632905510717773,,0.2082164124487869,0.1685393258426966,0,4
0.63212456288462648,-0.7657737103576352,-0.11836030383123258,0.76686791500582729,0.59636650593216045,0.23719315238194169,-0.11105015953404228,-0.24070233718717488,0.96422520550963453,26.146131720585661,-2.1907874543897763,-0.61573972462209881,,0.2741615576037025,0.35,0,9
-0.046606382264459748,0.99703461999676546,0.061235705761630566,-0.99135813157094821,-0.053692263458221222,0.11969208751163311,0.12262503863558426,-0.055128099664680061,0.99092078014692142,-15.905283104434208,-0.23558215248747003,-0.81905864065687606,,0.07528277603470721,0.2285714285714286,0,5
-0.56434273984012728,-0.82455079190575886,-0.040413655579813322,0.81920773470809638,-0.56539415878454824,0.096063169876606985,-0.10205860759469076,0.021105373247079881,0.99455447504696004,5.0337309713935996,-10.89913034126605,-0.042110598643837253,,0.07929080943446233,0.3414634146341464,0,5
0.051273867614659754,-0.99782154897388908,-0.041510804655934735,0.99116469833473753,0.045752590294804135,0.12449594875466809,-0.12232551358912616,-0.047527432969440071,0.99135140683840872,-2.3966301410689472,-23.637500099767589,1.5962274036958692,0.8367519624211477,0.7193946141641332,0.9523809523809523,1,5
0.94572596854121416,-0.32140455629157644,-0.047973989012767997,0.32277279045828944,0.91193340025943781,0.2533677154473894,-0.037684455237556147,-0.25510112639162358,0.96617974370568005,-14.325959388857427,-3.2493568926750402,-0.54833015113971428,,0.1086405975207012,0.1052631578947368,0,4
-0.16544634379653686,-0.9853702319457126,-0.040902485494295766,0.97825848039173102,-0.16922859284213168,0.11988339712543035,-0.12505140089587061,-0.020178933567583886,0.99194503767802378,9.8628120129324586,-6.6385860942785317,-0.48535304084158154,0.2130347806167442,0.1696684362990425,0.4375,1,5
-0.60962334057376688,-0.79090675223920104,-0.053159118598039477,0.78744150295243553,-0.61192795489410035,0.074027410106889416,-0.091078329231990537,0.0032691407989191646,0.99583836573148066,-5.1512758372633183,-20.33501441905171,1.1174330837827611,0.2321497500582712,0.1754113421303104,0.53125,1,3
-0.62192328911283068,-0.78124595624771886,-0.053536700548924759,0.77712212247403278,-0.62416498754088423,0.080618081653820922,-0.096398284323595734,0.0085337081432739163,0.99530625769397862,6.4599213422814064,-11.429035826732942,-0.0062495059033178231,,0.1105706686354301,0.5818181818181818,1,5
0.95543843785201199,0.29313131288210337,0.034805529487736749,-0.291787675614815,0.9199855796737032,0.26169922726623507,0.044691652847157828,-0.2601933254340999,0.96452168952560846,1.5218099148633319,-17.002815823969708,0.72040866191063002,0.4757878790206945,0.3137265821990029,0.5217391304347826,1,5
0.66406100077823793,-0.73632979769881768,-0.12977448233848785,0.74233821596992366,0.62860285080133793,0.23193194923300595,-0.089201795699390463,-0.25035352001769096,0.96403638658442514,7.3512284267477215,3.4844281584764043,-1.4794951216555126,0.7042388347116543,0.6483383971618618,0.5294117647058824,1,5
0.53399937513414353,0.83093185146939597,0.15619515219745134,-0.83881614615801747,0.49751118393852556,0.22106581554075125,0.10598179230865619,-0.24906802297711222,0.96266971471492602,-15.756670921361382,-9.4314139125993037,0.011525715053099775,,0.4226962183627001,0.1176470588235294,0,1
0.71232303344916026,-0.69600615505107966,-0.090395398936008023,0.69666416689700028,0.68553859361282343,0.21141399014507525,-0.0851759037492196,-0.21357029006480677,0.97320747871260171,21.368314315373368,-5.5020808441799058,-0.40415880711277286,,0.161279799215143,0.4074074074074074,0,5
-0.98059698195125888,-0.18877516081186482,-0.052853549062834161,0.18705176258395442,-0.98169411399831641,0.035892961082877692,-0.058661717519339754,0.025310179800143141,0.99795701194799302,-4.2592723635768985,4.8100406656279784,-1.5014030044133417,0.7056855612618887,0.3997291481895598,0.8801498127340824,1,3
0.64755679516531872,-0.71722228025109014,-0.25741483591015063,0.75753346137767941,0.56931255451816631,0.31941551333827456,-0.08254242502116732,-0.40184003780040167,0.91198208978696438,-9.3752429189090627,7.7514356289940434,-1.7175123969682109,,0.4981928970365103,0.1408450704225352,0,4
0.48806575286240228,-0.86768318587489313,-0.09443362660011953,0.86728408731869078,0.46997827680469068,0.16413022639196626,-0.098031284632207033,-0.16200712416955035,0.9819081214409372,-3.2461694923612914,5.4053312065602439,-1.564310876823898,,0.1913552482805431,0.2615384615384616,1,5
-0.99974165751677169,-0.020231549418254943,-0.010358698458559659,0.019572422507081019,-0.99799435686550908,0.060201195518061974,-0.011555886068275683,0.059982898168864096,0.9981325129582953,-12.698392556451347,3.3276913401554946,-1.276854304414101,,0.083035148514515,0.2987012987012987,0,9
-0.78586882947028369,-0.61692496153648246,-0.042588433878396066,0.61310865101038536,-0.78628741588006312,0.076484519249825494,-0.080671958716957981,0.033995462371629336,0.99616080208714664,6.888856608882441,-9.9755015926035018,-0.13729754959368512,0.3070014630802836,0.2583857871263365,0.8333333333333334,1,5
0.7582409102781682,-0.65037131027864947,-0.045693333725687457,0.64779065219536902,0.74359560729425822,0.16562863200842276,-0.07374274817792642,-0.15518611915733796,0.98512906540820899,-18.632785890999369,3.4272157126870058,-1.2017080015318322,,0.07967921053330007,0.3703703703703703,0,2
0.78633350989572071,-0.60804315545887377,-0.10937610486158797,0.61366907312096219,0.74829012552619201,0.2519368109960432,-0.071343394297836427,-0.26522708975444526,0.96154288045331171,-17.023265528038145,-4.1995971560439651,-0.46257326389684139,,0.1834418792526179,0.1875,0,2
-0.62301726856141337,0.78134705956000372,0.03669135581049858,-0.77650695866203601,-0.62344866330499138,0.091371261196590559,0.094267842999148227,0.028434780466114397,0.99514071217900268,-12.804234399810435,7.9909342040832554,-1.6778203059972425,,0.1299876772803119,0.4615384615384616,0,5
-0.66032820899077105,-0.73632491173616155,-0.14762208766907131,0.7427588063542987,-0.66936121542947025,0.016276328269005345,-0.11079716600246949,-0.098899886933790926,0.9889099050825132,-16.633682190476272,1.0663660217705331,-0.94155197594053852,0.871170345554095,0.5725102315255701,0.6907894736842105,1,4
-0.36902946897883077,-0.92028482954397217,-0.1299733954947104,0.92456911500769368,-0.37776269391155776,0.049671910196541602,-0.094811405427261825,-0.10183898860409536,0.99027249674067119,-7.9223246497034827,-2.7623539227201994,-0.73355104562371476,,0.4665280890137543,0.2105263157894737,0,2
-0.15845514849028799,-0.98560747131605997,-0.058905673774967027,0.98035420422624264,-0.16414706253456479,0.10936807631664855,-0.11746318645793402,-0.040418490165216772,0.99225437538965444,-13.210139681281092,10.705467968348007,-1.9633381326274619,0.1358586904965774,0.1314767829179949,0.4444444444444444,1,5
-0.40914587481722164,-0.89395224413487651,-0.18289078250767504,0.90404113618035387,-0.42431972634387632,0.051598390761672261,-0.1237306639996192,-0.1442295220878072,0.98177826811583968,-7.7547607190867458,0.79124701045912793,-1.0724199213328207,,0.1009381509494444,0.1351351351351351,1,9
-0.068779898817819124,-0.94884648211725586,-0.30815528373259748,0.98941044886838037,-0.10445100147738599,0.10078170449263181,-0.12781349376603243,-0.29796030216134212,0.94598275309185276,16.231079546178577,-17.216208425223364,1.0418815484502937,,0.4413189854138213,0.1666666666666667,0,3
-0.45507926088802347,-0.88898783887932442,-0.051024392541977173,0.88282178434637293,-0.4579237894837308,0.10455381441317678,-0.11631235271068761,0.0025348273170739907,0.99320944984297066,0.73106588642010761,-5.2304217422939647,-0.72003178944546109,,0.07650885685347068,0.2233009708737864,0,5
0.052382506566544869,-0.98630579428068565,-0.15638718992983835,0.99133310946393083,0.032465396088563102,0.12729754175704475,-0.12047713096841119,-0.16169996359046643,0.97945820875035905,-11.970263381681953,-10.907050317642149,0.13160589387657984,,0.2181664651020722,0.5263157894736842,0,1
0.22212854564931481,-0.97389940011242426,-0.046678342605326877,0.96731519326568571,0.21411549561961976,0.13585238832252261,-0.12231200302950289,-0.075329363439661595,0.98962885008405355,-16.253618030705891,5.7373794109683427,-1.46622755630668,,0.09129794103963833,0.4418604651162791,0,3
-0.93724557362491923,-0.34826160265468514,-0.016869820297965785,0.34526134821008486,-0.93374493280650428,0.094419287702939447,-0.048634721677521371,0.082669562564260238,0.99538957562995567,-12.836805352620861,-6.3449090404127038,-0.29260610973778084,0.4833222991691597,0.464409942369749,0.8888888888888888,1,1
-0.84905191976846039,-0.52104541760240086,-0.087306989027407661,0.5231688933833718,-0.85222732853242966,-0.0016998524927704141,-0.073519701669079757,-0.047119563856412909,0.99618000389913053,7.1679197059966002,7.5846603146691125,-1.656726986179287,0.2407567181482742,0.1826640618331863,0.375,1,5
0.21712010598491455,-0.96183879089845536,-0.16650825775347211,0.96915247897454848,0.19202509678868859,0.15449865598373955,-0.11662903615561003,-0.19491665533322702,0.97386095793964422,-16.314180884467547,3.3531047702487853,-1.2162933243220495,,0.09756968539048115,0.25,0,2
-0.9814177617056663,-0.18530663175412143,-0.049805915678575834,0.18864014662364956,-0.97928192383071389,-0.07363293244345856,-0.035129362226590015,-0.081660062982815404,0.99604094394919063,-0.61500242621010826,15.317105100626307,-2.3625375808794717,,0.4782172793296507,0.3,0,3
0.99966567931626227,-0.019039116874078898,0.017494045438715786,0.01452438012892451,0.97325961742984635,0.22924824854768333,-0.021390932168262107,-0.22891751595053847,0.9732107679798907,-0.42778392765184176,9.9956788557430478,-1.9071735692002472,,0.2877448721809917,0.32,0,3
-0.71477085665128814,-0.69723044714659976,-0.054519043037579887,0.69360263677181422,-0.7167118154827401,0.072384776097040054,-0.089543312118591359,0.013923976414251586,0.9958855949031723,-2.2940571641042897,-4.6078384571720843,-0.73711669379176914,,0.1270798120683622,0.5877192982456141,0,5
0.76022243115784749,0.64592613096855245,0.069579368324590135,-0.64569801519157144,0.73942238878053457,0.19060064047047112,0.071665391522810346,-0.18982614230417541,0.97919870677804632,-14.769050918419989,3.6913012413374369,-1.2512803719700423,0.4449466954868999,0.2545883806402235,0.8947368421052632,1,5
-0.86098356910328211,-0.48355452234892299,-0.15774129976033571,0.50413810798436121,-0.85243719962668896,-0.13854814603796922,-0.06746896925345558,-0.19881107768058298,0.97771268457526062,-11.167634835811786,-21.087961186550299,1.2177529876300974,,0.6915100432341086,0.25,0,1
0.81296410511031036,0.58116687981415527,0.036529735959502978,-0.5767196944077545,0.79489385863740036,0.18851564280656022,0.080521785154193712,-0.17432386901289068,0.98139055977116374,21.23489393482361,4.923635710240104,-1.3787642274686336,0.5079987691986416,0.530748419168392,0.9775280898876404,1,5
-0.069062899975349715,0.98413785870997794,0.16341049813501879,-0.99033972756203748,-0.087375984896292683,0.10766922158050929,0.12023951039215355,-0.15439595952337287,0.98066525778346658,-11.928861534089435,-5.246808986825247,-0.39139999786484936,,0.07269884647296042,0.2,0,1
-0.91653491035327217,-0.39708046232059274,-0.04786297678772973,0.39642914242641974,-0.91778175617476221,0.022816289527919805,-0.052987669686181391,0.0019376470351308587,0.99859328677154369,-10.164383439375744,9.009155099188348,-1.8350524497393124,,0.07960738511956257,0.2727272727272727,0,3
-0.21089633482787912,0.97716212002067682,0.026017823753406895,-0.96997951656419679,-0.21249494958111576,0.11826087200932509,0.12108870055481658,-0.00029597164606654978,0.99264164681859424,-3.843874646675542,0.61929779284584607,-1.1462143639947358,0.4483006610311224,0.3940830140243886,0.975166041004909,1,5
0.27408845325348968,0.96155872218450444,0.01674346391919131,-0.95442751715958341,0.26983555168615214,0.12750250795503562,0.11808316680079146,-0.050927387888381317,0.99169691281215733,-14.443385038069618,1.1996914537246928,-0.99576555034619041,,0.07833113691268617,0.5600000000000001,0,4
0.69270996888001901,0.71983978855786257,0.044537375576186387,-0.71539396313129533,0.67797552322959109,0.16899901602334963,0.091456965451197053,-0.14892907275120332,0.98460944275378803,13.171027701934541,7.9005295137999854,-1.6570265842247567,,0.2479233016040728,0.3448275862068966,0,6
-0.30656899389885822,-0.9482113456088701,-0.083130596283541719,0.94459888852024687,-0.31383006009244296,0.096143815134867125,-0.11725353634818736,-0.049050356175964871,0.99188994892218496,-4.8238321882076818,1.7979211216661559,-1.2412673443410895,,0.0721873826260411,0.3065693430656934,0,5
-0.036935323723187946,-0.99673973227908896,-0.071733450758160858,0.98908405806014799,-0.046709404510726894,0.13975320254478518,-0.14264819645804772,-0.065788582797195641,0.98758460620890776,-7.3473962268444488,-13.573161460453049,0.3582617797556446,0.6074693101977435,0.4611713711588785,0.7712418300653595,1,5
0.99993661695150871,-0.011197949485202554,0.0011696182703851714,0.010020971502060105,0.93253634584316081,0.3609370357993758,-0.0051324662421165399,-0.36090243779837766,0.93258945317940511,-25.000418058009242,-1.6794690731012587,-0.71227196808125981,,0.2857054522645198,0.2727272727272727,0,4
-0.99977110982990391,-0.019055985746102833,-0.0097261172481693525,0.018498279208298156,-0.99834098711599861,0.05452602232497749,-0.010749028598559805,0.054333625421983583,0.99846497962256531,6.3453239453792403,8.3720925640009494,-1.7306447416119617,,0.07777174515389362,0.2432432432432433,0,5
0.13803965154871131,0.98492839267986521,0.10421667761624125,-0.98325776201717441,0.12364227939871088,0.13385350267388851,0.11895052767133038,-0.12094894806548871,0.98550602429846335,-24.109432613484834,4.6529479661308848,-1.3050337355941133,0.1733555043964176,0.1784615058850057,0.5652173913043478,1,3
-0.86845457195319531,0.49228202469918175,0.058694672770759342,-0.49292954049767052,-0.87006054120011733,0.0038887981838008042,0.052982304200058609,-0.025555093516426441,0.99826840711154397,-6.385286875787771,-8.6435256087342669,-0.24496798036492082,0.3315363957618159,0.4015863061257677,0.4428571428571428,1,5
0.71629930558976207,-0.69588130990975705,-0.051618866026933774,0.69287007860012861,0.70052521366949905,0.17086684638617203,-0.082742727730463553,-0.15815697117605856,0.98394106199311515,-4.4798733235007413,14.125837632953878,-2.2801864551027209,,0.08386189565796942,0.24,1,5
-0.97087233059809608,0.23897890183818118,-0.017204713169366712,-0.23918969974995999,-0.97090552757659754,0.011434336654777688,-0.013971585899501192,0.015216471254132247,0.99978660412611409,-9.3947582344948355,4.0849220190137912,-1.3297793293871052,0.7450887279437504,0.4587531559404874,0.2695652173913043,1,4
0.48041733755370836,-0.87555706569033231,-0.050980452111988608,0.87075211882820402,0.46921847904680264,0.14705361769504405,-0.10483286380711497,-0.11503844418602775,0.98781386253952652,-1.978739622152305,8.7300058720661049,-1.8069573579839333,,0.0861920215638725,0.4444444444444444,0,5
0.7329206707174688,-0.67954964870420309,-0.032242291808292592,0.6759888332650571,0.72210688050854621,0.14697193753626717,-0.076592347764013941,-0.12951420025700602,0.98861503336525591,-7.2024188011905501,-6.9219922146105022,-0.34218391057231073,,0.1035300505783803,0.5333333333333333,0,2
0.98442683953202448,0.17549011697143868,0.010344875752702981,-0.17354536040514654,0.96076274493804203,0.2163722621339553,0.02803222236705271,-0.21479796736577383,0.97625612813681972,-14.98924287442882,6.6678979383868677,-1.533456983627554,,0.7545146641270182,0.9222222222222223,1,1
0.89203710186448515,0.45185880280888147,0.0096659826885594421,-0.44772547438874238,0.88055154180435458,0.15546987428228806,0.061739035306576755,-0.14301260276667666,0.9877933422377958,-2.9525798690133334,1.3157036897593839,-1.2344744132935583,0.1728143940077601,0.1198509261913274,0.6101449275362318,1,5
-0.6631945175368027,0.74811128193004828,0.022417443166162149,-0.74364514272687343,-0.66203133651343093,0.093308151696243444,0.084645930840508227,0.045210831923568721,0.99538487383972429,-7.5836764730160366,8.9061427553773029,-1.8224169720605994,,0.06958493312095999,0.1395348837209302,0,5
-0.96840302365001485,0.24840795793503845,0.022114932060756858,-0.2482807431634175,-0.96865198273306963,0.0083671334107421509,0.023500135312991759,0.0026120455271925387,0.99972042134710548,3.5280375719684884,6.7115017940244446,-1.6303411850852143,,0.07428133123789701,0.2222222222222222,0,1
-0.99901398633132921,-0.0032009966872232169,-0.044281020026571888,0.0073313510044681418,-0.99559877742148695,-0.093430860476012539,-0.043787057526563276,-0.093663376071158308,0.99464057104871639,8.1042025198670586,4.8592924552152548,-1.5135266163224963,,0.4191951137831661,0.3703703703703703,0,4
0.47674766603564644,-0.87741029426191308,-0.053505499276111493,0.87317083160022768,0.46566419922187513,0.14397761077895269,-0.10141184236631098,-0.11536043119836215,0.98813339643066289,15.717720733640023,6.977940023770592,-1.5859340887965199,0.2647344012311262,0.2818222663938819,0.803030303030303,1,5
0.98670141105631259,0.15733644795917798,0.040811365611415303,-0.16222577902652285,0.9375417775994549,0.30773074574193893,0.010154902201278073,-0.31025901662843097,0.9505978227210703,4.3067496266976519,7.968330448185986,-1.6881122451970707,0.3648680424786964,0.3511195475033053,0.3538461538461539,1,5
-0.12039798296993824,-0.98245498867833514,-0.1424307583277627,0.98481365759192818,-0.13628077962924834,0.10756211658409909,-0.12508551281894142,-0.12731749418165331,0.98394302180468063,-4.636412201677782,3.3630452809670688,-1.339534923483052,,0.123411232177892,0.3427230046948357,0,5
0.23191870747147431,0.9698537203599239,0.074816269813292202,-0.96605996870481881,0.22064985329825798,0.13431968993971743,0.11376225204700054,-0.10342825215322883,0.9881096835198625,-14.402154157673522,6.2638685185652054,-1.5118074010001863,,0.8072583824818858,0.8137254901960784,0,3
-0.64391481991400867,-0.7627764304177117,-0.059546804232660115,0.75894851113632888,-0.64664979454889338,0.076427747931120116,-0.096803213474857333,0.0040200011301965788,0.99529542219978784,4.944161693384542,4.9695879670058876,-1.5470273342202108,0.3166155602704564,0.1383623997326913,0.4027777777777778,1,5
0.9618016268477646,0.2736973903408636,0.005231549827232093,-0.27142424373504681,0.95098071606078549,0.1482044452551069,0.035588066902429293,-0.14396324600785093,0.98894290699364007,1.3901142542790532,-9.3692225361140338,-0.26193380142076234,0.2290060570926772,0.155388255948127,0.5398230088495575,1,5
0.99986562312795157,0.016016371436263607,-0.0034945003890220145,-0.013906486767362917,0.94157341009118556,0.33652061309085596,0.0086801677830787433,-0.33642679628007044,0.94166961585897313,-12.342111773212221,11.223122572876086,-1.9998835608649526,,0.1053744197756054,0.5555555555555556,0,1
-0.97447522804782027,-0.22258662053320924,-0.0292100373288589,0.22137444519371793,-0.97437991914128508,0.039713073280675214,-0.037301272583140629,0.032233050333901822,0.99878408353850445,9.5023154536737575,-4.754332418040895,-0.7137427459522383,0.2571790416200893,0.1584248019170306,0.6185567010309279,1,5
-0.19741916869807452,-0.93706524678117675,-0.28798332435315166,0.97294921507899146,-0.22324376227694223,0.059431031301918326,-0.11998123481501051,-0.2684603245907437,0.9557894942992925,-11.56771010632767,10.458422597326354,-1.9576422915244132,,0.2940713195288839,0.1724137931034483,0,1
-0.68017798973787158,0.71616194154218882,0.156428820115322,-0.71744573573573212,-0.69415969665158972,0.058428861183397393,0.15043110898601875,-0.072487164595513215,0.98595947808119444,-20.160846180963361,-0.99720460040091052,-0.70642929239301333,0.741365236671237,0.3552644277954023,0.5384615384615384,1,4
-0.61580885581021305,-0.78606619509622733,-0.053659948123880648,0.78119386939733637,-0.61801721770624374,0.088265831637460171,-0.10254555827404455,0.012436058281246569,0.99465056825635589,-17.722030411547195,5.2169803131427885,-1.4071663412428521,,0.06847494989959754,0.4117647058823529,0,4
-0.64834535407648608,0.75160417686893222,0.12140619078370773,-0.75622078227625422,-0.65421248733606163,0.011668327517381956,0.088195409749744907,-0.084244778631898304,0.99253432533708197,-1.9688549115441532,14.101073622917172,-2.2641482201156742,0.4363821147584571,0.09075765192033183,0.3333333333333333,1,5
0.62670706448179059,-0.77003841012266716,-0.11949519766237963,0.77502330256292651,0.59997263499921294,0.19842307763099237,-0.081099542619366222,-0.21696470724026898,0.97280480056333674,-5.4327543271992456,13.634300135633344,-2.2638157794737057,,0.1085261627509555,0.3636363636363636,0,2
0.54312820157978192,-0.83730721970652922,-0.062676761850258986,0.83436266103586965,0.5298387617824829,0.15201919741252556,-0.094078193636222981,-0.13486106309876039,0.98638825375306338,10.302646113129832,-3.8626788831042327,-0.81263570623721315,0.232451482439823,0.1932095541016214,0.7702702702702703,1,5
0.99391187931453062,0.11015952955247824,0.0020135059562328859,-0.10804595350022003,0.97093889481117368,0.21355030900255351,0.021569610327667174,-0.21246774011984609,0.97692999304897976,-10.08642855854105,16.731380329954753,-2.500545479929317,0.3064099575420594,0.1935610801370557,0.3666666666666666,1,5
-0.75287746384810561,-0.65734181944827608,-0.032821590974130649,0.65267227017807372,-0.75209702975472914,0.091482050560272601,-0.084819998645617095,0.047453031921500202,0.99526568191172615,-15.099006845019412,-6.6504624670877286,-0.26362653922291701,,0.1632056837918622,0.25,0,1
-0.96138796045424135,0.26787069063576102,0.06307521376859189,-0.27414428068240876,-0.95224168774745854,-0.13446442460738708,0.024043769728514675,-0.14656418803442886,0.98890891184327501,-2.1015856382044826,17.738407161984455,-2.586647770671358,,0.5715372052548089,0.1666666666666667,0,3
-0.96036646542028681,0.27614858646394891,0.037923743091986449,-0.27741916922981708,-0.96015796633424821,-0.033693979116722172,0.027108239337555542,-0.042879340932935377,0.99871242381437031,15.591915657708254,17.755631740809775,-2.5637102039003934,,0.2677626399810467,0.2142857142857143,0,1
0.99657473538874541,0.082696435450090922,-0.00031040087285836443,-0.080965984331310928,0.97647128374281389,0.19987081179332844,0.016831701224619161,-0.19916106946266166,0.97982220950761012,-9.8220423597327464,-6.1834245964317143,-0.37858200588748425,,0.06824342605424086,0.2916666666666667,0,1
-0.67815408037859437,-0.73440915885480451,-0.027390338735452914,0.72903164436409051,-0.6769617430832281,0.10117143824968008,-0.092843442319070546,0.048641399978794797,0.99449188504806296,-6.3401018805049567,9.8431996420662191,-1.903610462194814,,0.06877440944591014,0.1481481481481481,0,5
0.99223617541805642,0.12393798861505505,0.010331852196131747,-0.1224272820844458,0.9587588376487719,0.25650156302017296,0.021884533195015817,-0.25577503046316058,0.96648859331003267,3.9973665544665784,-3.6994281932391639,-0.83274252513247515,,0.1854415450541889,0.8598130841121495,0,8
-0.84818340632406597,-0.52411592065693391,-0.076729465985621581,0.52541129964153377,-0.85083978028966389,0.0038255046243239835,-0.06728948985910442,-0.037069798901138692,0.99704461011728585,-5.637219813384915,-18.000059888699884,0.8423057528038338,0.5023861386031667,0.4329588837839702,0.9082568807339449,1,5
0.88787126421437135,-0.4537176365945183,-0.076321192505480029,0.4572087186675815,0.85154152468710531,0.25658764449581056,-0.051427675007939093,-0.26271151093289541,0.96350290931923654,-19.381826699100444,0.41392950632719044,-0.87475572143819202,0.2263834353001447,0.1465207982756306,0.2727272727272727,1,5
-0.70583113793134333,-0.69950889222160184,-0.11175739093882565,0.69894949158261588,-0.71337015770294132,0.050721063822481108,-0.11520422276526415,-0.04231226538238176,0.99244025475353603,24.603067939362102,-8.701737019402076,0.043633057917982498,0.4093683155028273,0.2851963103597088,0.5384615384615384,1,5
0.26686908878446292,0.96370090119453777,0.0078398015400481021,-0.95639731524033256,0.26382726819112018,0.12529703891112373,0.11868051589218549,-0.040935871746521996,0.99208829725580283,-1.0652378456629998,2.6308379909787396,-1.3607547315638815,,0.09174317359408937,0.2222222222222222,0,5
-0.60781900417041934,-0.79268439543524372,-0.04698411862259734,0.78771963064448969,-0.60936876626346825,0.090374167768494093,-0.10026884693956059,0.017920824088227219,0.99479897587271893,-13.147045533287253,-11.56820726908731,0.22721684827760147,,0.1717894436908757,0.574468085106383,0,1
-0.48800214876642917,-0.87165668303292898,-0.045481091932582131,0.86631360419523473,-0.49005522927935224,0.096677874626122123,-0.10655816245417581,0.0077781218808689974,0.99427604760166888,-2.1585694803364928,12.377323849903947,-2.1302114565902626,,0.08571735064104,0.5384615384615384,0,5
0.99992320825911341,-0.0082983999354822816,-0.009204028645865274,0.011107068602220879,0.92951721556309463,0.36861142006033687,0.0054964180944209349,-0.368685343525266,0.92953800721529911,14.344957279698601,-3.8818520672435364,-0.76142018934476141,,0.09875220244657645,0.2777777777777778,0,5
-0.86614285406567249,0.47719647889998984,0.14859366364829232,-0.49681499221406566,-0.85447006993493479,-0.15184124306895361,0.054510731625142375,-0.20533976748510888,0.97717151003641745,4.2573610813898304,2.344633177268737,-1.3944516326987038,,0.4527341195776657,0.2488262910798122,0,1
-0.58800430343712018,0.78880487779220909,0.17899107215345783,-0.80384477831812717,-0.59447160406057076,-0.0209065620399853,0.089913911660581658,-0.1561741871657068,0.98362854358391949,4.7029919235419904,9.6807556263932177,-1.8514263076253907,,0.1276074306877903,0.4444444444444444,0,3
0.066600063322394251,-0.98699743437585141,-0.14628908401155091,0.99214658541740441,0.049951011255017809,0.11467366532549989,-0.10587532578479623,-0.15277748855798953,0.9825728748443423,12.853031955775119,-20.237119787135509,1.3615409889773602,,0.1936504921102602,0.2608695652173913,0,5
0.9988185168060032,0.048501249656187607,0.0030330293839230466,-0.046308625919251376,0.93102656916793647,0.36200143462264356,0.014733691015031495,-0.3617141914345765,0.93217260315024475,11.747462566231647,1.2567047343660065,-1.3287750191628789,,0.101572489561361,0.28125,0,5
0.47081698033953867,-0.88061245322405979,-0.053414213938436254,0.87152378618062776,0.4548457098030837,0.18319844539491079,-0.13703160637364456,-0.13280469683121782,0.98162378300152575,12.361397817762276,11.441044259748031,-2.0266636359655239,,0.1058124113405325,0.4666666666666667,0,2
0.93138015791174622,0.36399739235485556,0.006074521146283777,-0.36076914189234388,0.92062836393548197,0.14929514987346512,0.048750668780573908,-0.14124204004595739,0.98877401787117369,-12.918574578457285,-3.794210463589629,-0.52997772695331824,,0.07459745513413657,0.4230769230769231,0,3
-0.9303094103623768,-0.36330320709115449,-0.050350578035311157,0.36414791502296934,-0.93130289424500345,-0.0084389072340998374,-0.043825756988700913,-0.026185852824818199,0.99869595179724546,-5.8254171388882519,11.733500223271964,-2.0761560881461221,,0.3130491265455634,0.1176470588235294,1,5
-0.74378310532518666,0.6651635831838737,0.065909785607395938,-0.667109028106327,-0.744880680720724,-0.010877320812750127,0.041859728282144626,-0.052059380470971875,0.99776629731271471,14.32157426609794,5.9672461208088423,-1.5022821273470914,,0.164282520469975,0.3125,0,8
-0.47874549204602229,-0.8693532368716016,-0.12258753356879812,0.87127559929927922,-0.48763890774097229,0.055561908920351552,-0.1080813763388212,-0.080207513351685147,0.99090119128530951,-19.599480736882956,9.009052951051455,-1.7545587481685017,,0.1247765138084005,0.3571428571428572,0,2
-0.25382398378562476,0.96683789532238451,0.028246582515002259,-0.95999172747510608,-0.25538269211089021,0.1148719450064128,0.11827623782720252,0.002040769162885763,0.99297863362041539,9.6362764047607588,7.0814400492563125,-1.5932649628760887,0.5253703820528896,0.4849943244996119,0.9120370370370371,1,5
-0.8122918072073555,0.5828706244881553,0.02106786777528474,-0.57997019301927399,-0.81102119986858368,0.076675866952446978,0.061778597855527535,0.050064443195857435,0.99683346471438983,17.9924070696554,-5.0256232728105772,-0.59291226233250693,0.5718824716857839,0.5195731644339944,0.7962962962962963,1,5
-0.98783620573547282,-0.15548729626715638,-0.0018251952427463555,0.15525299537577006,-0.98555310134833629,-0.067687457106375332,0.0087257128646145432,-0.067147487832426508,0.99770490467512429,-11.857641016337476,0.56874245418720204,-0.9587902828105539,0.3916653107981174,0.2305952722153824,0.3835616438356164,1,3
-0.59026387361293797,-0.8015565246248878,-0.095371365402418279,0.79946523466559727,-0.59683331735892686,0.06815665669191881,-0.11155222126220167,-0.036015678830343616,0.99310572086251669,8.0807760289789829,9.0051538654870402,-1.8118339826288916,0.5646560907858834,0.3373562186450402,0.4851485148514851,1,5
0.38837896834776731,0.90644966178297803,0.16586376216234755,-0.91456468687105064,0.35711982501821837,0.18983378020629896,0.11284152814270294,-0.22542058741934104,0.96770468031003032,17.95452062684992,0.71653232138762502,-1.1079995218408392,,0.3620649000847141,0.2368421052631579,0,5
-0.27247019325331334,-0.9616181308077778,-0.032412409510213278,0.95497817535740448,-0.27439118785750327,0.11281028595474453,-0.11737409586252359,-0.00021570327794967584,0.99308774793194965,-11.766647543036981,15.218350959069776,-2.3777118515946203,,0.1052334000815371,0.4,0,2
-0.8427305917399841,0.53736905972255411,0.032243501647238729,-0.53465078624103024,-0.84245554029210346,0.066462014737665887,0.062878346967979809,0.038770559501244542,0.9972678462672584,30.826135099731314,-2.4308310474721933,-0.43392610841096191,0.4800656922160766,0.3213856269976126,0.6956521739130435,1,5
0.98843433967110617,0.15164708823726702,-0.00084663339412206144,-0.14942565339901151,0.97487726558625165,0.16518562634004336,0.025875282901332491,-0.16314863674647259,0.98626213151603104,-6.4844298036112216,-12.729989829335516,0.22911455582797538,0.2983190232940368,0.2824893995294896,0.88,1,5
-0.50982155674681784,0.85848548640762312,0.055539624627085366,-0.85510626870883577,-0.5127681073043473,0.076564595906786326,0.094208542559065037,-0.0084579997034674795,0.99551655573873443,-10.671298129161309,12.105532616327894,-2.0867605302099674,,0.1564029801052191,0.6785714285714286,1,5
0.22178371039980646,0.95202262733445198,0.2108670264515089,-0.96949380671220975,0.19214428832299951,0.15219175802754695,0.10437310260772215,-0.23818792897217658,0.9655945142470429,2.039085026642081,12.304376242143565,-2.1080918487499756,0.6471435055303645,0.3670452768839561,0.1666666666666667,1,5
-0.22360601058161764,0.96674017533442091,0.12415226710030909,-0.96771258080593026,-0.23540205412858639,0.090101242288705335,0.1163301894681658,-0.099996531471922154,0.9881639442480612,-4.5699125547692976,-4.2771760636366114,-0.70291979042664232,,0.08305758283364997,0.2039800995024875,0,4
-0.65130956496869064,0.75734710184108789,0.047129798569463408,-0.75504747206947165,-0.65300622253612151,0.059043951854565985,0.075492817551033889,0.0028706553274129181,0.99714221344610432,3.4779627920429079,10.265561177261732,-1.8989693906423943,,0.4159902758835563,0.5689655172413793,0,2
0.089655702185822875,0.99596212559678976,0.004615131882273334,-0.98852232159539555,0.088418339520995634,0.12249823241173423,0.12159553763693939,-0.015544825926129928,0.9924580009318833,-0.9885687247505679,-3.8703305142121938,-0.84195631128098403,0.1854371800663477,0.1431469491921592,0.6559139784946236,1,5
