axis_00,axis_01,axis_02,axis_10,axis_11,axis_12,axis_20,axis_21,axis_22,location_x,location_y,location_z,dbh,dbh_approximation,score,reconstructed,number_clusters
0.67746397168402694,-0.70180701092173958,-0.22024869237113956,0.73528844964723006,0.65422017542146738,0.17705043882147736,0.01983589890771232,-0.28189161302280269,0.95924118740905062,-1.8849136297966831,11.214987139875831,-4.8388544297422165,,0.1314555109804544,0.3111111111111111,0,5
0.84254041132922064,-0.5216656519883518,-0.13412905282882306,0.53555233522178536,0.83792780041268744,0.10516985087966151,0.057526963379636392,-0.16044297688314504,0.98536729175125082,4.38003327322508,-5.5738257612938398,-2.6750718091753329,,0.2162306650538161,0.7692307692307693,1,5
-0.77220959489021979,-0.62138066266779779,-0.13258360992977733,0.62106082190453327,-0.78223778642501696,0.048862060784988018,-0.13407384925759697,-0.044610733589780599,0.98996670923513042,-1.5395270637904019,-3.7685184467579558,-3.6663168675999902,,0.1227177336372378,0.5591133004926109,1,4
0.75208390972125216,-0.63077486669843275,-0.19103104533025089,0.65607844628268586,0.74410732759177056,0.12595776017192942,0.062696611245673453,-0.22006215614186492,0.97346894268512796,6.3421897488087531,17.029472951767978,-4.0738045492593207,,0.2533279356834264,0.1333333333333333,0,2
-0.1866661907354126,-0.92885833791248873,-0.31996550021335224,0.97712900665008007,-0.20930437980439218,0.037557701709874616,-0.10185596496700493,-0.30563681827480949,0.94668447632539787,2.1857882589125661,-23.411648276228753,-1.6429566456293445,,0.5031202424922608,0.3846153846153846,1,5
-0.062532604810746198,-0.98348927750674398,-0.1698190636084361,0.99464822276122111,-0.075433105695890929,0.070602829426433533,-0.082247105076887372,-0.16449525097806189,0.98294289056492823,-1.7587753247930891,-16.520007394297728,-2.7751744172567943,,0.07974377630166518,0.2758620689655172,0,5
0.9360752889124121,-0.32789087169439624,-0.12747795788697136,0.34199220207241626,0.93310031620395351,0.11119862239138371,0.082488709586240397,-0.14768675011513685,0.98558826932508969,-1.2702771334607872,24.079611813125396,-5.7497951061857027,,0.09782025153487739,0.1818181818181818,0,1
0.094646371482182468,0.9897881245571859,0.10659049137153528,-0.9919080224056781,0.084660498272119106,0.094610121655000448,0.084619970766445896,-0.1146824682237227,0.98979159019947272,-16.634947708215453,6.0100354536254015,-6.7353454894319773,,0.0894245720993766,0.3,0,1
0.53342469381325475,-0.82911066552774559,-0.16743237541877951,0.8458464554861419,0.52254906741123064,0.10717390488913348,-0.0013673959803065338,-0.19879128868185642,0.98004089392863658,-15.320583428674258,5.0049933619974736,-6.4204306153969455,,0.2116035809745103,0.1538461538461539,0,1
-0.31798249840306259,-0.90811248839445369,-0.27243134755636955,0.93932971594611303,-0.3407419361558035,0.039428640420258614,-0.12863442560194313,-0.24336524272547147,0.96136701794019919,0.40520774951036587,-24.247288273007197,-1.8669170356120726,,0.6884979460023626,0.6730769230769231,0,5
0.99237407884603535,-0.014867198235873546,-0.12236279684241405,0.057127134910944982,0.93512278306531171,0.34968824837139323,0.10922535461764056,-0.35401178936414224,0.92884093089174813,16.571352076440597,-7.6269475203546175,-0.84037789947071229,,0.4084737538029832,0.3076923076923077,0,3
-0.99062612610916878,0.085198897380294472,-0.10677558782382524,-0.090140184333789383,-0.99502909250297822,0.0423302757015665,-0.10263832343823547,0.051558248204164214,0.99338165958704228,-3.452304023437986,18.261179153306138,-5.713786037511249,,0.1050443570030865,0.4,0,5
-0.77357359816659954,0.63127354065394525,0.055476166863007999,-0.63341917140129245,-0.76761857263061639,-0.097682548358627747,-0.019079872140050993,-0.11070430805875293,0.99367022429795704,3.0331801377399286,-4.7820885346095441,-2.91914414439825,,0.2858987794513535,0.2674418604651163,0,3
-0.962109845404158,-0.25270253257214725,-0.10240154006659599,0.2562090198728853,-0.96636054062547372,-0.022455370355860305,-0.093282278660865317,-0.047840731115506394,0.99448965853555815,-6.70085621499768,18.97564536038826,-6.2359259563847305,0.2438208832078411,0.2233104078605012,0.4242424242424243,1,4
0.72647916493981846,0.67649640820033141,0.1207502902704376,-0.67403077140451451,0.6672613040379991,0.31693038878174024,0.13383027351156274,-0.31163273548451281,0.9407308308258322,-17.554139175100563,-16.189881167833619,-5.1666194139828958,,0.4397740908083758,0.2647058823529412,0,1
-0.64206906800441188,0.7658513574393786,-0.034914326861723764,-0.76645705341641923,-0.64225730939792602,0.0070095501394765976,-0.017055708140292863,0.031260947413638496,0.99936572684209812,2.402496915488646,-8.0907062522304987,-2.7892506109096988,,0.2809455112210481,0.1071428571428571,0,1
0.97676356765604877,-0.1724803057781189,-0.12721429565309855,0.19937266304993237,0.9490426358505053,0.24406682807441155,0.078635069327911936,-0.26375863863883742,0.96137812873769002,-5.877959433481978,11.204769611301744,-5.4629017471870851,,0.1475915702964989,0.3902439024390244,0,5
0.59646127461879972,-0.71941831223088004,-0.35590903319105233,0.80259011632234112,0.53961621570861362,0.25429008027449057,0.0091133452589380621,-0.43732325775241804,0.89925820272433699,-12.858392463049279,19.261509080595815,-7.2826176347114258,,0.2999705439091382,0.15,0,1
0.2527598653780207,-0.91053535377599537,-0.32716634909187758,0.9666208002240515,0.2229991007217989,0.12615716250567929,-0.041912754959561628,-0.34813326557698043,0.93650763497710376,-2.1184987977197913,7.3052204512329739,-4.6464268883189437,,0.2216188731637135,0.4473684210526316,0,2
0.21394735000632017,-0.90353121823167482,-0.37129216138515486,0.9756729571684013,0.17903747600475103,0.12652218317795755,-0.047841530865364197,-0.38932880688003951,0.91985556912910227,-10.595150775000766,-13.920376325115049,-4.252467213709461,,0.2992230293376212,0.3,0,1
-0.45624343572413589,0.8842014950711512,-0.10014810768346608,-0.88979830731721188,-0.45204547845081433,0.06256083205649754,0.010044881983534258,0.11765458565698692,0.99300377583361765,10.851782989146875,0.48440315913501486,-2.2153530388027267,,0.4384462765054122,0.9484126984126984,1,5
0.041935486356058219,0.99884685263165629,-0.023374772125423212,-0.99578809148024316,0.04369333773540806,0.080603778470212814,0.081532152248155632,0.019896161071276404,0.99647210243157824,12.27926313487929,-18.118809954875523,-0.63236316422040018,,0.2748374274000241,0.6666666666666666,1,5
0.3207994669439469,-0.93587807834759851,-0.14567060265161821,0.94654804190600894,0.31131271729223015,0.084446411504745245,-0.033682434181339531,-0.16497458749920887,0.98572251628289698,-0.23904460783709378,4.271173367779534,-4.1174935900818062,,0.356392833438486,0.9495798319327731,1,5
-0.9500382414316072,-0.27495980782670593,-0.14773098489294947,0.27723183611399566,-0.96078789974493528,0.0053963643853963128,-0.14342192601691905,-0.035828979661975222,0.9890128590437941,-16.006725500930937,11.092758920131921,-7.0831580872909319,,0.2603351520799668,0.1891891891891892,0,4
-0.97227885366888178,0.20922819835401549,-0.10439057295492404,-0.21310016149459671,-0.97664875533259676,0.027304393021389921,-0.096240074185867788,0.048793131902169447,0.99416149513038166,-23.65353796737071,15.421946941386443,-8.8752742927327617,,0.1128066342079283,0.6,0,1
0.89826070269627956,-0.40445876205627013,-0.17187443028994981,0.43364222152472098,0.87920615531528479,0.19735997610158945,0.071289085438727751,-0.25181272059136439,0.96514673498162173,-17.082715386005564,14.446031998895819,-7.5929710715323866,,0.2614053281611697,0.125,0,4
0.11044993652698787,0.99388131817367265,0.00085843261125825843,-0.99001458296136757,0.10994402618779517,0.088223787208714197,0.087589594387777803,-0.010594172501008314,0.99610030943876571,-10.747280253495786,-11.311893757097135,-4.4591340840676548,,0.1146423505037605,0.3333333333333333,0,5
-0.066145219527296129,0.99692381611328817,-0.042044200549002264,-0.99560092125026289,-0.063137859518514194,0.069227280035037059,0.066359743363841275,0.046438298435012494,0.99671453731705284,4.8964426772966663,-10.823454330282967,-2.2375132428613318,,0.329849805433683,0.1395348837209302,0,1
-0.17410753248304311,-0.96690304876683597,-0.18650753716154245,0.98006067330897084,-0.18856206840917789,0.062653196170827735,-0.095747813373642035,-0.17188030906026022,0.98045372944954234,-0.67330984694698703,-20.964580845479212,-2.2709623296661814,,0.09913333190276401,0.2857142857142857,0,3
0.99345421745289397,0.030601194841538872,-0.11005582537661893,-0.0080039223065902759,0.97972944021249608,0.20016533468265724,0.11395023059550481,-0.19797421765265363,0.97356127392786729,8.3501378394319161,11.27021760325499,-3.381320309897315,,0.1304804879803204,0.2941176470588235,0,5
-0.22300107685008549,-0.96308871679256791,-0.15076685083448552,0.9709648305546974,-0.23318500430508898,0.053404602733517929,-0.086589939078344808,-0.13448002585544594,0.98712577977496285,-19.255800465007241,19.03048820586265,-8.4063367461290586,,0.1852017807500796,0.3076923076923077,0,3
-0.99328777228729492,0.043968162880520245,-0.1069869247967021,-0.026896292183215858,-0.98737964576461923,-0.15607057569103258,-0.11249884840005352,-0.15214544285862563,0.98193470929895077,0.41416498524897466,14.448643715439559,-4.7682891575647854,,0.3324399379706195,0.1666666666666667,0,1
0.36205811904375546,-0.90378047794310157,-0.22824277890754111,0.93143370913559798,0.3411311274039367,0.12673120926599665,-0.03667647639019276,-0.2584770813922545,0.96532089715003144,-4.9818902582488462,-21.230951581755253,-2.8822955551619467,,0.1066038383845182,0.35,0,3
-0.12705292330215726,0.99163326161893395,-0.022826062546377965,-0.99074746359534915,-0.1257651185286561,0.051015667601789091,0.04771811039594178,0.029096553274711185,0.99843696472425003,-10.810669388129318,-17.173025006899906,-4.055279206546575,,0.1805518031749065,0.1,0,5
0.79042142983845765,0.61230106174944487,0.017926880170041726,-0.60121762096161002,0.76984258517057946,0.21419562624652649,0.11735133359868721,-0.18008276941001963,0.97662626457833301,-5.1102383467029489,-15.589449769814248,-3.3017665495306061,,0.2265322051042752,0.3529411764705883,0,5
-0.42337294467096909,-0.89411858378827103,-0.1459702293109493,0.89822361516530036,-0.43528072146449459,0.061033029424486497,-0.11810879256013732,-0.10527417368855384,0.98740450752170517,18.448604848413446,2.8371309680002841,-1.3725851692325246,,0.4298468535706804,0.7733333333333333,1,5
0.15474910231485628,-0.96374102083052193,-0.21738436029597555,0.98548530138900869,0.13503458769098656,0.10288042026226975,-0.069795673783997023,-0.23014974450489753,0.97064909160075419,-0.4869989140927215,14.739594998910764,-4.9294859171755272,,0.1391227056899686,0.3666666666666666,0,5
0.40144337017068293,-0.90445373659880945,-0.14424513474795331,0.91557076635894918,0.39218027473814232,0.089021367632734064,-0.023945612017469985,-0.16780366640442151,0.98552957195933133,10.743668061570053,-8.5324873159747021,-1.5319632329770372,,0.07704935920138826,0.24,0,5
0.70439870611956035,-0.68878599635079429,-0.1714535332039987,0.70920633134350264,0.6928789604738208,0.13017344473820353,0.029134900023531668,-0.21328993732420579,0.9765544328079504,-1.4277701204981719,-15.490675395791968,-2.8113135809359928,,0.08124132161507577,0.4444444444444444,0,5
-0.10460240540679716,-0.98029608352464648,-0.16756469022247361,0.99078842389139121,-0.11729130587926115,0.067683444415552602,-0.086003696815472014,-0.15894130423328953,0.98353496427056208,2.12150138812801,-19.090215413822232,-2.0096798232730997,,0.3279159232822513,0.8875,1,5
-0.48297191316755711,-0.84772872685551315,-0.21930375453968104,0.8673566694003515,-0.49751726550498732,0.012999175788097771,-0.12012717901457419,-0.18393633732455092,0.97557003063523318,-4.4293848100747093,24.467846948084318,-6.2661732075114438,,0.09155182117643096,0.4,0,1
-0.66411520359413345,0.74704165125493815,0.029660877354129651,-0.74733475776938241,-0.66221474578949269,-0.054427844792305217,-0.021017996690932864,-0.058312963818107605,0.99807707220727548,-17.553121883634379,19.176768737654406,-8.1063357216094349,,0.1413971605458508,0.2941176470588235,0,1
0.99280839059576809,-0.035788573815232233,-0.11423956209174053,0.048909310349258273,0.99225301645699349,0.11420083490569775,0.10926746507447173,-0.11896692530392709,0.9868675147961502,-5.6184304182539329,-2.4030525910945966,-4.3548933823467797,,0.0844740296389957,0.3333333333333333,0,4
0.61134972203790783,-0.7739251652725323,-0.16520095617779898,0.79127648781719206,0.60085949617834267,0.11335513080580119,0.011534174953803529,-0.20001926009810755,0.97972407258265504,6.9132172682124411,12.568693624440622,-3.6908860504118008,,0.1774769687595635,0.6119402985074627,1,6
-0.24179754788504665,0.96769264820177414,-0.071448474112578819,-0.96950036133173223,-0.23789754802043386,0.058939002566266829,0.040037422674537998,0.083520627764059829,0.99570141584888672,-8.5973892664613381,0.20380192450711387,-5.0168914350932177,,0.1218266219518557,0.6141868512110726,1,3
-0.89641972895216648,0.43648810683990319,-0.07687523744770311,-0.43751146461687496,-0.89920446888510452,-0.0038783328704282785,-0.070819403231886319,0.030157183628019037,0.99703317718193551,-15.409515778981284,-14.719332697338505,-4.90353562634873,,0.2868998885015441,0.4074074074074074,0,1
0.73090536767165315,-0.63721410545136636,-0.2444085254703294,0.68165131670291357,0.69923132969886048,0.21546932497399351,0.033598005088843079,-0.32408907939234732,0.94542976612367735,-14.382353569743877,6.7899359863959319,-6.4359226167315855,,0.2419665794832804,0.125,0,1
-0.86116731901931454,0.50680400519582791,-0.039249827649975706,-0.50709474114751452,-0.86188546154567769,-0.0028939033724788752,-0.035295497639509558,0.017411246183470386,0.99922523804831787,1.4344133446021115,8.9668257260443571,-4.2403277147274441,,0.1175084651444521,0.1951219512195122,0,5
-0.40977239092241136,0.90999028082147848,-0.063279352463325306,-0.91206519824214383,-0.40759294027035953,0.044777999031706185,0.014955326584555059,0.076063682873040842,0.99699079953354619,-8.0790979095454549,-18.281851663081753,-3.5558390384348697,,0.4884032500401226,0.3,0,6
-0.41652840056219675,-0.88130840807558042,-0.22315819810256401,0.90181619399274249,-0.43159777652750531,0.021234677981012501,-0.11502888236239495,-0.19240283041524828,0.97455092584772529,3.6921940428360829,5.2475344509987503,-3.6322869158586579,,0.07434305072049463,0.2173913043478261,0,1
-0.81567847715678776,-0.55675765483044382,-0.15712904152603285,0.56338900404004055,-0.82618698253731826,0.0028106961155583404,-0.13138284526511324,-0.086232149883828602,0.98757408040939287,-13.012509565205875,20.484100891692403,-7.4220528353602653,,0.1464140805467549,0.2857142857142857,0,2
0.91503977942546266,-0.36947778671054599,-0.16182820272275469,0.40010495005126567,0.88229145324441582,0.24794721308442233,0.051168652644710599,-0.29162982813720173,0.95516166816261627,15.564248768867376,4.5746961474659127,-1.8818590216583391,,0.6183641617500553,0.1363636363636364,0,4
0.97130549885410999,0.22644330197835449,-0.07272591618473162,-0.20296150541201285,0.94858684354198397,0.24287780380254106,0.12398489914767176,-0.22114798495169674,0.96732689073298606,2.5286459795754426,-6.8645759110030387,-2.8227553749031706,,0.08673927038986613,0.2625,0,5
0.21009313498293997,-0.96401266206597536,-0.16291243663241348,0.97652071193507683,0.19879290835761285,0.082998064727628745,-0.047625348238622793,-0.17652469221950698,0.98314335640432271,-9.6495379133612538,-18.563318492338151,-3.7745297134479472,,0.1045759915570662,0.3333333333333333,0,4
0.056602342460221465,-0.98426964916219362,-0.16736018811578265,0.99594965896523691,0.043935255047911397,0.078447244508048575,-0.069860229279944383,-0.17112262007697671,0.98276985976521802,4.0863165552921403,-16.075075580845468,-1.9669020958390278,,0.102036114341394,0.4482758620689655,1,5
0.54456133510819227,0.83734738584363688,0.047982368907864462,-0.83002372750521047,0.5298143858483001,0.17423354535377214,0.12047225441378308,-0.13470735677391976,0.98353462773175648,8.5415883174828462,8.5360180369145322,-3.1545095447660478,,0.4099647031511469,0.1818181818181818,0,2
0.52492424819427119,-0.83417052004098735,-0.1691569601057776,0.85113407651198814,0.5132693816426559,0.11011505650114899,-0.0050316456318623163,-0.20177731627394152,0.97941849950852011,4.3257334310541165,-7.4084007991621323,-2.5464518122117439,,0.08299515547182104,0.2407407407407407,0,5
0.93023801052304245,-0.33096040234879459,-0.15850064938433386,0.36085203657547299,0.90348851146507592,0.23128838567890755,0.066656218595605249,-0.27234852987990499,0.95988709064909772,13.246329184307889,20.788902219416148,-3.3774066091149924,,0.2816540089378366,0.5185185185185185,0,3
-0.85990148522334098,0.50843502700701237,-0.045423111111762407,-0.50181300789093375,-0.85829090691364462,-0.10733323912380809,-0.093558221563617205,-0.069502103721637024,0.99318493582822787,-8.6226054314512499,-4.8406141797763649,-4.6368136027320164,,0.3474044422619771,0.4502923976608187,1,4
0.46489944743953321,-0.84892277219897583,-0.25139337821912239,0.88527180128436533,0.44163221278321996,0.14579035113111286,-0.012741335140126485,-0.29032932244987403,0.95684196339032102,4.6097309794063062,-21.138085529550985,-1.4915656799150081,,0.1305334352054985,0.4117647058823529,0,2
-0.69420782437750994,-0.70281406547034919,-0.1553315355942998,0.70799335624847848,-0.70564050890336683,0.028581107442015578,-0.12969542814247101,-0.090132466801016803,0.98744885150943595,-9.0669421421092888,-3.333865926822968,-4.8267029891328148,,0.09306959494589102,0.405940594059406,0,3
-0.99403598543220695,-0.015938792609975942,-0.10788148384202773,0.027386340469128554,-0.99404443933543196,-0.10547815405104631,-0.10555779469812013,-0.10780355985051446,0.98855244901928507,-13.443796832255362,13.52990720528258,-6.8563386893802551,,0.1837890704172479,0.3214285714285715,0,4
0.075412993340220419,0.99523828124283564,-0.06175470819519302,-0.99360072895965879,0.080222555338180221,0.079510584363640155,0.084086097818264788,0.055363391910342501,0.99491930476289325,-16.501339075103534,9.2325398762783397,-7.0051406675097656,0.1106198478029198,0.2554546611695896,0.2352941176470588,1,5
-0.81769628036675368,0.57562032471974178,-0.0058339389707212598,-0.57332787090081305,-0.81526544488648278,-0.081470281835686803,-0.051652158935672481,-0.063273186608423307,0.99665869701402776,-20.611828433940058,15.706091424960183,-8.312684227345196,,0.5407340250314751,0.5,0,1
0.75117591953434981,-0.62132283889181439,-0.22291852274572754,0.65816917467636993,0.7308003871811134,0.18095339621504303,0.050478464888973708,-0.28264593393033,0.95789519291783776,0.035854614940371086,-20.568686003396635,-2.1889317905398937,,0.1850494672284718,0.3333333333333333,0,3
-0.91077336835973643,0.41201201522860798,-0.027165617863785789,-0.40817802132068903,-0.90832087186537858,-0.091344932231876522,-0.062310307312571617,-0.072106123463823946,0.99544870915664607,15.032589109325423,7.3352354955239516,-2.1662641688034268,,0.4084149135830772,0.1,0,3
-0.76787915102408422,-0.6225546925626555,-0.15095451033589388,0.62802197266745408,-0.77806602481021847,0.014200805713242934,-0.12629335401917186,-0.083898246729254625,0.98843870468853356,1.9922043315744808,-9.4216575136035772,-2.7508136739927536,,0.1080466297549897,0.2631578947368421,0,5
-0.28445295398865156,-0.95047119380412104,-0.1252638284410123,0.95307756590378623,-0.29448101412305505,0.070171829760751064,-0.10358412203636629,-0.099425560444114991,0.9896387662133741,-8.435844495689274,-1.1889000595421624,-4.8473776863970004,0.3131956911845694,0.2861644325079533,0.9582267689684569,1,2
-0.94051992892069092,-0.29589159275934601,-0.16694438785821575,0.30651641525139195,-0.95096721045229127,-0.041340680038222326,-0.14652627915992872,-0.090052928763720258,0.98509924349611699,-4.5795117641014578,-14.794719967734002,-3.335095508815233,,0.4958705855142003,0.2545454545454545,0,2
0.98487780627364307,0.16125496211502524,-0.063344643837483408,-0.1412270345985219,0.95903021149286627,0.2455931150143589,0.10035253563375346,-0.23293323214438508,0.96730113095904424,-8.2085623373884538,-11.978754238282571,-4.0355780803237087,,0.2542002581953694,0.1538461538461539,0,2
-0.99275477684596403,-0.065169185347175002,-0.10095013784391418,0.072499436673826426,-0.99485738683822789,-0.07072914205184988,-0.095821629768531633,-0.077535521760019627,0.99237415229030634,-0.69763023862402362,6.2795105587969067,-4.3781543904170128,,0.2517007694800033,0.2586206896551724,0,4
-0.65483392726551082,-0.72436593143197237,-0.2156073400483357,0.7481311463263749,-0.66174124595267025,-0.048972556614824005,-0.10720221825322473,-0.19337145804305961,0.97525133356273308,-18.671147965039225,9.9367799187300356,-7.4229711129620854,,0.4744804147718884,0.5833333333333334,0,4
-0.77139589556188526,-0.58480923985693334,-0.25089146117042965,0.61920872426739548,-0.7807161833782027,-0.084040447419786765,-0.14672739383435621,-0.22018263780173233,0.96436024280828236,4.4015461049046172,10.739217129068987,-3.9273622220294002,,0.236543729348373,0.2272727272727273,0,3
-0.72033033284096204,0.69284049633320566,-0.033109790545794451,-0.69253558317864039,-0.72105458105206133,-0.021788923223914743,-0.038970214531742459,0.007234485786425722,0.99921418354362679,-13.034899892324447,15.395623295836954,-6.9726404328518639,0.7467396392413677,0.7952490186274475,0.8571428571428571,1,2
-0.69498445142452125,-0.69949597856508805,-0.16643914278025668,0.70668720290484988,-0.70720452460426231,0.021329735811287297,-0.13262657926930352,-0.102796577523423,0.98582100511238557,-15.114672253911291,14.077655569490314,-7.2184555166001498,,0.07754687115969074,0.3,0,1
-0.12330836405718787,0.98257782611773659,0.13905345366182989,-0.99098326049400665,-0.12932227892883741,0.035041769266405662,0.05241397498957754,-0.13347870165084272,0.98966469646613009,-11.591736703915631,9.7171415623042492,-6.2762067061082343,,0.5082491367478325,0.3745318352059925,0,3
0.88809963684837745,0.44981825957153665,-0.094565154183844508,-0.43565001803420128,0.88933149158911862,0.1389192566013609,0.14658818784806915,-0.082176830213316288,0.98577830761257479,1.2273585674925012,-3.3417088501664072,-3.2576069822466409,,0.2248363554273974,0.336976320582878,1,5
0.61906610654837491,-0.76903135967660063,-0.15921031234500324,0.78529156259189858,0.60840007826795184,0.11474539853747225,0.0086207566378593004,-0.19606150207908646,0.98055370579967827,-7.2918960256414822,10.53122908932521,-5.6283183991743293,,0.09229205434538407,0.3295454545454545,0,4
0.0018170219922722241,0.99709723961420393,-0.076116970412748022,-0.99720013734573365,0.0074969635838554654,0.074402161357540783,0.07475683586623226,0.075768662986474167,0.99431912643804254,-7.3786179049254716,-2.2316155327039682,-4.6262772287493572,,0.08454357165172428,0.4714828897338403,0,3
0.67583501271297963,0.73221175010927753,-0.084338535635591613,-0.72561766182573018,0.68105752850406531,0.098181728007279034,0.12932920953059085,-0.0051571183662777569,0.99158830151043498,-10.73773866310043,-12.939478525556458,-4.3252595001973608,,0.09220720154439066,0.2888888888888889,0,4
0.97896209858909422,0.17836862783534624,-0.099085024752339282,-0.16152848732616557,0.97417592378640794,0.15776506995219097,0.12466658456922886,-0.13844096979953113,0.98249292138559885,-12.21872440657771,-17.062423103103576,-4.2495312761115942,,0.1020696785593268,0.5882352941176471,0,5
0.60515626922962473,-0.75546143604023586,-0.25112528440622228,0.79602342906385282,0.57876241842290621,0.17714616395139443,0.011514781522345778,-0.30710272170284153,0.95160670874537223,3.2110908715205748,-15.683260274711273,-2.1261359144632435,,0.09792347267398584,0.5,0,6
0.8043513970785795,-0.54648174376543979,-0.2331877650067031,0.5921534311652259,0.76950193546825429,0.23920929177158129,0.048714925607944784,-0.33049126318511857,0.94255099648842211,-17.046051102812587,28.217781668282864,-8.8245904256580499,,0.4880941093754732,0.5,0,1
0.23607967559336138,0.9710449651548273,-0.036579535524581847,-0.96718039954943957,0.23844679522493725,0.087779271894591268,0.093959893034852734,0.014656107751301356,0.99546809944189674,-5.3063254877839148,-7.267859626329237,-3.9598303299124118,0.3903298138603993,0.2507393104592023,0.2888888888888889,1,4
-0.99232959436355439,0.025717576162851634,-0.12091560042678924,-0.025241943463131432,-0.99966643943355926,-0.0054638960856196721,-0.12101578591434713,-0.0023698410365039441,0.99264775394547411,3.3360397582961143,21.194103531191161,-4.8135110645898322,,0.1466967325786883,0.391304347826087,0,5
-0.05079003073430971,-0.98803618089287137,-0.14561894802750494,0.99517294021341562,-0.062328762894677384,0.075802007776876804,-0.083971375152455799,-0.14106605035460656,0.98643255095944482,-6.7433124908977495,21.082437871900872,-6.3696179590290303,,0.3182483291876197,0.847457627118644,1,5
0.73796072768311272,-0.61760135439800246,-0.27199730043359771,0.67315898788012118,0.70214039295208441,0.23206862265568148,0.04765439574292455,-0.35435495711340997,0.93389593795857784,-10.409567667358859,-2.8017568302934173,-5.0718462278126815,,0.3514587144667208,0.8053435114503816,1,3
-0.26179647032123893,-0.95543558137441453,-0.13640182539495327,0.95974945609306217,-0.27261893334423598,0.067527022082442004,-0.10170343974719978,-0.11323324170041953,0.98834945404831509,8.1026474136258937,10.22109666155548,-3.3323846060105784,,0.08347946307140455,0.3529411764705883,0,4
0.36961681176308625,0.9285658777299135,-0.033894294177137532,-0.92260064216249116,0.37108830596096182,0.10536377109985764,0.11041497880020947,-0.0076733235757935865,0.99385595161565066,13.626215402968439,-10.481463357995921,-1.0018716789059627,,0.1245226971708751,0.1923076923076923,1,5
0.82014085199891573,-0.55164082713984408,-0.15185974027029428,0.56932266657477204,0.81320987822931001,0.12067060650573561,0.05692700770884998,-0.18542408630687615,0.98100826908368965,0.83043416875642451,-10.52190639164777,-2.8190468245770957,,0.1526720677082969,0.6352941176470588,1,5
0.76955551582926984,0.63806634143017182,0.025605702307515407,-0.62412795427454759,0.74305204555363424,0.2415325118728906,0.13508739670973804,-0.20185391136283434,0.97005484057227942,-10.011205050256361,14.197827975424445,-6.3860489353020187,,0.3468403248490805,0.1875,0,1
-0.29625681435482237,0.95256017398881954,-0.069720978756193611,-0.95439562586674309,-0.29242646933446442,0.060131101428522953,0.036890232782676315,0.084355645708920193,0.99575259766784985,7.996661058579364,-19.127188555987495,-1.1807806051396426,,0.1469444888726103,0.5,1,5
0.87954681975198556,-0.43183708148107031,-0.19978520195970256,0.47116015190237848,0.84902490315759149,0.23909166668365953,0.066373964199039931,-0.30442314116399544,0.95022157837019816,-16.629172873502498,-20.117561888804858,-4.7602526448968465,,0.3054174304613189,0.1111111111111111,0,1
0.9185442388938696,0.39198611686001461,-0.051218799125797194,-0.37222323985231903,0.90122784761470121,0.22189688235217891,0.13314030535012594,-0.1847572755611554,0.97372398975197028,-19.378958102913607,13.403147894778252,-7.8866514486178412,,0.1856424815503857,0.2413793103448276,0,4
-0.64282326176237614,0.75782455196996779,0.11171482698682475,-0.76564090184646239,-0.63108578401082016,-0.12459832518611201,-0.023922030785760218,-0.1656281426900798,0.98589809554137964,-14.161273681261665,-21.697607582511889,-4.2635706446622743,,0.3461921875360811,0.5,0,4
0.9353160962013003,-0.32784780005844749,-0.13303991951138927,0.34412192607193087,0.93034079759520671,0.12667320287440639,0.082242933941496371,-0.16426143895251896,0.98298233935811063,-20.276496953731119,5.418382578952591,-7.2311502797494267,,0.1107463136028186,0.3703703703703703,0,1
-0.82187615984796369,-0.5537090930983033,-0.13388733358245178,0.55591501446337765,-0.83089907882232583,0.023774303489130524,-0.12441091016364689,-0.054890445730245069,0.9907113426219506,-3.0624317090033859,-12.260826683140825,-3.2335032305002973,0.1014440488939138,0.2751701115257113,0.4534883720930232,1,5
0.67829575332953185,-0.71651451638534969,-0.16285520815801707,0.73445693931208111,0.66778977677269569,0.12095378594406977,0.022087899661420791,-0.20165257708976078,0.97920802837885546,12.347738625870655,-10.090262357334376,-1.2215274312112014,,0.1482383191326506,0.3111111111111111,1,5
0.32505464506677417,-0.91713896499324832,-0.23064170614098717,0.94515135315671717,0.3067877790344275,0.11211680632781466,-0.032068634934135892,-0.25443540934043613,0.96655792642098015,-8.6154000903501657,8.9715585784969232,-5.7666765059268306,,0.1141238229737782,0.3184357541899441,1,5
-0.98729203561368817,-0.04771796482503457,-0.15158308694156977,0.065035394437152116,-0.99164280229486668,-0.11142239508818243,-0.14499942718570571,-0.11986470910881032,0.98214439754349581,-5.4375862062949292,6.8312314101459712,-5.0786835593850022,1.025784059485555,0.4017348828335739,0.196405648267009,1,5
0.26800055061944617,0.96285318915714535,-0.033006681105328707,-0.95567055471155671,0.27002542322206691,0.11738850740617832,0.12194054176105808,8.3328619866148101e-05,0.99253740349236308,-6.7458690953804279,9.863916305327427,-5.5106669742729419,,0.1064526023743568,0.2156862745098039,0,3
-0.39549999276570869,0.91320028588318858,-0.098208928235603704,-0.9181868556489523,-0.39047708323258234,0.066787316038784655,0.022641860255152531,0.11658853002348299,0.99292218266647114,-4.9021378551340433,-1.488991702115573,-4.3447548216255996,,0.0753312085899238,0.3407202216066482,0,1
0.2579767464129466,-0.92812990549271834,-0.2683707823893432,0.96523819455801096,0.23551778818828942,0.113342839267808,-0.041990785615208165,-0.28828154636912506,0.95662454701227684,-21.756468610590574,16.401633129337501,-8.5636945450597075,,0.3434805184152928,0.5882352941176471,0,1
0.52294188049066048,0.84603903577587958,0.1036809508651992,-0.84420486263046601,0.49729296427961633,0.20004463899107383,0.11768576608905781,-0.19213968257861896,0.97428558587234548,-13.105170967879939,-14.290093366772854,-4.6106388496583675,,0.2286095308472672,0.1818181818181818,0,2
-0.41183084199366293,0.91125349559313951,0.0035248194387432819,-0.91115709930053423,-0.41183933183880844,0.013457531155527527,0.013714881590032559,0.0023305621315734288,0.99990323056940045,4.3774689204643495,-8.6730835095839698,-2.4787314273202901,,0.4773948448351398,0.2115384615384615,1,2
-0.072519755948281139,0.99663663375480716,-0.038161567775572135,-0.99541174994659087,-0.069929926828773734,0.065308907524089535,0.062420614106795488,0.042722658995083436,0.99713511689385526,-21.095956051949372,12.693026108279296,-8.0536366305656646,0.472405904177571,0.3348487851922829,0.9012345679012346,1,5
0.98918610431359277,-0.087948210488901779,-0.1173710496873053,0.099505978852902438,0.99034260348590419,0.0965406023043648,0.10774697770900953,-0.10717574348967032,0.9883845146510607,-1.3351364133977581,5.6293163366313754,-4.3959826241796867,,0.09362106650171727,0.5166666666666667,1,4
-0.031113439175379027,-0.95585654268075504,-0.29218183331116593,0.99620747287637557,-0.053420592397462899,0.068679773537558678,-0.081256537508967289,-0.28893686182676315,0.95389352916861547,-13.400480903953756,-12.058472644194472,-4.8221793229953311,,0.1927907602355331,0.7391304347826086,0,2
-0.4226056711494976,-0.87911936714909755,-0.22034878038158423,0.89791300285521281,-0.43915159388995673,0.029968598356354202,-0.12311249333766437,-0.18518913544611534,0.97496066489725797,-10.551229984469128,-22.636291666304835,-3.6032676032664841,,0.2269145920073367,0.2666666666666667,0,5
0.99228198304367454,0.048893013640456305,-0.11395586577296422,-0.039160776218351408,0.99551387348228171,0.086131070527885017,0.11765585294785756,-0.081003709306780858,0.98974516889230324,8.281593154287787,-5.1113147269584713,-2.1499838517334475,,0.2287256900238164,0.8203592814371258,1,5
0.11435874901138457,-0.95411622517522343,-0.27673869512941907,0.99159532490339197,0.092662400863553387,0.090290592510732889,-0.060504447392635857,-0.28473831551722101,0.9566939445413708,9.8838872188003446,6.7008304336505038,-2.8364682080905741,,0.1503389163208547,0.1538461538461539,0,1
0.78238928091151927,-0.58407027214679541,-0.2161687542387295,0.62171392496204358,0.75287239875877576,0.21599756178137336,0.0365897338477175,-0.30338930169268591,0.95216391603304207,-12.461802171161334,10.819576580098472,-6.4928511026204685,0.4497134046145204,0.2422543187367908,0.1159420289855072,1,2
-0.27717877287080961,-0.93883517074826328,-0.20435373751393174,0.95734372293119319,-0.28792922211345701,0.024284958665477266,-0.081638985993681759,-0.18890549282437571,0.97859582604193895,5.442389792773314,5.570615334034609,-3.4072475501243185,,0.284281706276184,0.5494505494505495,1,5
0.89150062014650766,0.44443632145434175,-0.087766738862314994,-0.42760559423405214,0.88952264098602685,0.16094386273787606,0.14959979965941139,-0.10595200491438585,0.98305344340808198,-0.24465709808453306,-14.853904786025252,-2.6959151525120562,,0.1091156215963779,0.3777777777777778,0,6
0.58294286705040543,0.80759642977775714,-0.089250324174614884,-0.8020049927966999,0.58953077294798972,0.096132508947349218,0.13025208360797683,0.015539445214248571,0.99135912784329316,3.9869941753610263,-13.795695039504382,-2.1273631096045871,,0.1155211944540229,0.6481481481481481,1,5
0.7717481398190883,-0.61354485863084696,-0.16723491003205493,0.63515746729070577,0.75662588039074097,0.15521684466510494,0.031301764017891948,-0.22600881303743231,0.97362221420773765,-8.8946647667973409,13.859852129277783,-6.2023531974413268,,0.1697721434427598,0.3789473684210526,0,5
0.99707762989767057,-0.054154664259291503,-0.053883877891331665,0.067252158975477011,0.9568098388367241,0.28282871038559793,0.036240130667282239,-0.28562598734044958,0.95765570446012194,-13.243979080584165,16.664612825543152,-7.1112354968542322,,0.3913531795693528,0.3125,0,4
0.50506380971336629,0.86186463950688741,0.045824570761594387,-0.85499245071172947,0.49237187347537043,0.16296578609114887,0.11789171872431357,-0.12148778283439778,0.98556697452695241,-11.940978496342352,-11.036581098124014,-4.6945488267526283,,0.2050869450082173,0.2903225806451613,1,3
0.70204138107305281,-0.69402322571959763,-0.15959217218524457,0.71208992021911854,0.68669435488392228,0.14621493936285587,0.0081144798582657423,-0.21629291512279858,0.97629479671066144,6.1724677263793852,3.2139808463813626,-3.0797676545464436,,0.2967620176461009,0.25,0,2
-0.46258077279200666,0.88569173200134388,0.039612933590055577,-0.8864882573992301,-0.46270514415727421,-0.0065206643582787762,0.012553809637995891,-0.038132734426689713,0.99919382325388562,-1.5475625717789725,27.267998243111077,-6.0355159534652252,,0.2267470165528399,0.3529411764705883,0,1
-0.44639251119552098,-0.8781082804128606,-0.17221955120985966,0.88719425751988668,-0.45940634378201622,0.042803746525009331,-0.1167050786054052,-0.13368492496616402,0.98412817532295938,9.3719546741772568,1.185790821465055,-2.4964016912751368,,0.1008058971852499,0.2941176470588235,0,5
0.90449795166384728,-0.40419547102007997,-0.13604953745882092,0.42022959734281434,0.89908739744790089,0.12267411001289355,0.072736104879211408,-0.16813052357384417,0.98307760939296374,-2.7453917387290252,-13.380538077902457,-3.1215669417989114,,0.08782020347883386,0.1935483870967742,0,5
-0.52374241094527962,0.84787038680638083,-0.082520871020757516,-0.85177413164051763,-0.51971348382916316,0.066171923005134511,0.013218004587270566,0.10494618574751934,0.99439005548717097,10.061349041755983,11.956376567410567,-3.15336304281873,,0.5264931111835109,0.6323529411764706,1,5
0.44787454412697653,-0.81849271371290577,-0.35983061337514954,0.89391473779969521,0.41803211662076545,0.16175781594119351,0.018023159200181871,-0.39410509648118774,0.91888864323159347,17.523058195335434,1.2528662685656367,-1.3690919659470084,,0.3850096140961377,0.2058823529411765,0,3
-0.21285011002858012,-0.95204005042503848,-0.21980576208897096,0.96963551844665907,-0.23353899328258029,0.072570655111002622,-0.12042338654722554,-0.19768480215547907,0.97284064829202566,5.0284517721804338,-23.056525441808951,-1.2581425295255757,,0.157416189947463,0.3478260869565217,0,4
0.27496752330751889,-0.92377388509978076,-0.26652330167132809,0.9609777902307246,0.25534144486782406,0.10640692278270777,-0.03024149152079449,-0.28538142150544521,0.95793679146910782,11.633352360523672,-11.44079449765489,-1.217946159282747,,0.188081237700911,0.1111111111111111,0,4
0.99223060934185792,-0.0018928555241109703,-0.12439788978536256,0.023428138788517655,0.98483863892973544,0.17188361639182972,0.12218649760915615,-0.17346259645523748,0.97723138889058225,-8.2625391793653371,10.803068234560222,-5.8531064834280011,,0.1086008950403213,0.2443181818181818,1,4
-0.99325122352995676,0.026953828137872799,-0.1128073495165989,-0.028399262946836895,-0.99953362364052334,0.011225732765545034,-0.11245216236392479,0.014353618385655555,0.99355346349299112,6.3173041763370099,-21.678512194380254,-1.2141069458166855,,0.1180043503579096,0.1333333333333333,0,3
-0.47711423158074534,0.87389553634779971,-0.093105325167283537,-0.87878086066496908,-0.47315428886928929,0.062203037333662642,0.010305772753693378,0.11149713214243608,0.99371131651599953,-10.607818321045455,18.177101354226149,-6.8499314853197832,,0.0761051631505681,0.2,0,1
0.73437427103229735,-0.65338042646200711,-0.18381634411038505,0.67855550593324521,0.71312863972344431,0.17609647518865354,0.016026709377156695,-0.25405031297464625,0.96705821079396492,-6.5995037665458769,-15.382863299488578,-3.5658391407341767,,0.127254132162315,0.2592592592592592,0,5
0.91362482228765107,0.39624858934661317,-0.090976587871145029,-0.38459002771985246,0.91490322968888516,0.12264824044106748,0.13183396633000244,-0.077065788425642184,0.98827155659567245,2.9871778273355107,24.887478284990731,-5.1653389364227476,,0.3411896172165815,0.4186046511627907,1,5
-0.22777522360400687,-0.9513059621123815,-0.20769066893238639,0.96875492727577339,-0.24289930846873456,0.050137977864324945,-0.098144477129676388,-0.1897811697583511,0.97690878244291368,7.8842069167770177,7.6685078348617246,-3.1737367210455427,,0.07041211987380831,0.25,0,2
-0.21012701473285739,-0.96843100111619462,-0.1341194756794962,0.97312516471944832,-0.22038996608610834,0.066750854963152834,-0.094202183993818758,-0.1164888789784224,0.98871446313136635,-3.8827971996436461,-18.52462621035783,-2.924008814569373,,0.3089923099507355,0.8764044943820225,1,5
0.40361839171421915,-0.89006234964020525,-0.21185185300814341,0.91480534798595081,0.38881439566645493,0.1093368237092751,-0.014945540014694373,-0.2379335610532618,0.97116643854603157,1.6944933442169199,-7.6938203322637744,-2.9043848180329683,,0.3507320821586707,0.3098591549295774,1,5
-0.040959604550052799,-0.97987816191036359,-0.19534865908490415,0.9959071442839299,-0.055803708173320726,0.071097862966017319,-0.080568422842519499,-0.19163698485749991,0.97815335979354245,5.5405808532510319,-9.1427672599635184,-2.2475416589942445,,0.4922807842545365,0.6868327402135231,1,5
0.93341204246498644,-0.33235982381613954,-0.13519950626480109,0.3466751167279743,0.93253223219631221,0.10099504619835389,0.092511201608166532,-0.14114029696676564,0.98565769623594235,-5.169144902538644,-3.5383375792438856,-4.2387761901199834,,0.1184539655609953,0.4911032028469751,1,2
0.98796976216009991,-0.099572202991310546,-0.11832635145551028,0.11555004740505763,0.98382281968485774,0.13689720965755753,0.1027810079830152,-0.14892291918571013,0.9834927699475996,-10.30481261238001,-26.886789979274496,-3.2712224515537169,,0.4789294570221307,0.8571428571428571,1,5
0.79033443114543178,-0.59637170951812546,-0.14040039541417718,0.61108193547830503,0.78381983902095254,0.11047772666587377,0.044162824616614964,-0.17311049663032832,0.98391178510996891,9.3275643194500599,2.1603464930001142,-2.561793483428966,,0.07262178568050458,0.18,0,5
-0.055132733427388177,0.99555072425907165,-0.076414246918111925,-0.99638994679864856,-0.049908002026022913,0.068675070093573876,0.064555833380193842,0.079924631753972478,0.99470829775144665,-7.4227221552290263,-7.6512460595136949,-4.2280521259722716,,0.09689036854449666,0.3153153153153153,0,5
