axis_00,axis_01,axis_02,axis_10,axis_11,axis_12,axis_20,axis_21,axis_22,location_x,location_y,location_z,dbh,dbh_approximation,score,reconstructed,number_clusters
-0.90568961392178748,-0.36756146165159215,-0.21124605355544193,0.40674699139337311,-0.89386576700124409,-0.18857591462251341,-0.11951237687638407,-0.25671494403681139,0.95906946009219474,12.529961596230354,-4.7666600672218733,-0.48033776574555143,,0.7576730794374544,0.44,0,1
-0.7275882470647429,0.6764612519210107,-0.11408557044041082,-0.67215268528679795,-0.73622148394389086,-0.078668254341905636,-0.13720827378479047,0.019444825247727813,0.99035134592531537,-11.772635396742395,9.528474426035201,-3.9610130329498019,,0.154732381334908,0.2142857142857143,0,5
0.60032224592092909,-0.78185649613933117,-0.16826651626862543,0.7958769122918582,0.6047395980758572,0.029495067381333364,0.078696515381750418,-0.1516259805039325,0.98530016771692019,-14.837767421551554,12.587621541861731,-4.3669944513168808,0.1201030110300442,0.1579337181570163,0.3571428571428572,1,3
-0.76867443496348831,-0.61509990965342232,-0.17547567973344053,0.63086502989686954,-0.77432858834066565,-0.049239733260587788,-0.10558847989616761,-0.1485507940830457,0.98325161301190478,2.1112756133635253,6.2353081040511142,-1.7743925481875615,,0.07373738015724571,0.3076923076923077,0,5
-0.88804808702944393,0.4543377947281293,-0.070340339812409419,-0.44475821827805462,-0.88772736480323722,-0.11887074094843966,-0.11645051480124725,-0.074278489894994276,0.99041505619686743,5.1074411492129608,-8.9055902607006114,-1.7139415982955257,,0.6957110180279891,0.1612903225806452,0,1
0.5873977869667022,0.80914550326978385,-0.015728776332241068,-0.80628000721193194,0.58677347346614039,0.074896200216090558,0.069831152338684171,-0.031312064364552437,0.99706728197663896,10.688205853855541,-2.5736502365991329,-0.67482774664054312,0.53709586666597,0.6135444658359879,0.7643504531722054,1,5
0.31806632430790194,0.94473799104208522,0.079397365340572582,-0.9473415713614689,0.31342719040473949,0.065630354908176425,0.037118196503095335,-0.096091230592365531,0.99468020734887508,-12.403127912762017,6.1791784239639229,-4.1091579613465337,0.8638825171791658,0.5948017110623484,0.5064935064935064,1,5
0.78449136003547781,-0.5894118523391999,-0.19278738120467984,0.61181179560308929,0.78638361326777939,0.085364744156091799,0.101289845446665,-0.18491749810654559,0.97752027401144259,-2.3512805403293218,12.535536957760257,-2.4081473997115626,,0.06558869097403816,0.4,0,2
0.83960315164176924,0.54069287886356088,-0.052132125406916897,-0.53175359844881898,0.83771492078586118,0.12438577904837153,0.11092636426900478,-0.076713246828516365,0.99086347166049416,12.073068810903136,-3.8705538584881198,-0.49613353460527021,0.8349743010734699,0.9078916458460802,0.6195652173913043,1,1
0.13481147048901904,0.98621161294991244,-0.095981883224489126,-0.99071895531774834,0.13585523684144571,0.0043938817534734257,0.017372938689155185,0.094498725417255416,0.99537338315619839,-12.626061366963215,13.114852623666504,-3.9885285078216226,,0.0925972471037419,0.2592592592592592,0,3
0.50409268296995047,0.84691046442184581,0.16921356987230837,-0.86104126724247487,0.47761377940266025,0.17462248947423881,0.067070881026197141,-0.23372578586343637,0.96998647100920399,-22.446303482295999,-5.6375562598476714,-6.3145271343787517,,0.516331024824451,0.125,0,1
-0.4675539135556987,-0.84542083731441997,-0.25818006459317266,0.88244510469487469,-0.46351598449481562,-0.080271846358816817,-0.051807095255394085,-0.26536115004345834,0.96275619184132555,-1.9816314524009595,10.996704057127445,-2.3539376536329302,,0.2569555538394654,0.125,0,2
0.91769875613422525,-0.36452960444821109,-0.15794670136006839,0.37776331894507614,0.92376369741797337,0.062892815108537337,0.12297913582919957,-0.1173831283170907,0.98544270931251865,-18.035786225590911,6.845104224524424,-5.0085998937815264,,0.09643711918297108,0.4,0,5
-0.25158603495256188,0.9609309897093492,0.11539540733087726,-0.96783011641373518,-0.24941377860562938,-0.033130541864545442,-0.0030549598073748453,-0.12001833217418419,0.99276697525789137,2.7504442206038178,1.8623564468185922,-1.7804903233539604,,0.2640860088422244,0.4146341463414634,0,2
0.059086133443599101,-0.97758724106011563,-0.20206933204016025,0.99824147407160091,0.056894282370206314,0.016643319288430825,-0.0047737069498078218,-0.20269737726485407,0.979229791709743,-2.7082943713146079,0.35920076835465847,-2.5967605509052087,,0.1609406744749113,0.2421875,0,4
-0.4799308126603094,-0.83863575341632679,-0.25759753133724994,0.87497581673304381,-0.47894522415697055,-0.070913978802302588,-0.063904109347982893,-0.25942541384579099,0.96364657393641062,-12.76882942185453,-1.7616175114843846,-4.4595262109565894,,0.07870916252582009,0.3902439024390244,0,1
0.56170923349446311,-0.81178905766836706,-0.15962851517497917,0.82540637263798267,0.56303572871208429,0.041171448872508114,0.056454025681717646,-0.15488477666819964,0.98631822904211353,-0.16991760297613184,-11.228592725324772,-2.7744074897701192,,0.303419774864026,0.3095238095238095,0,2
0.42240866447958997,-0.85253473199434082,-0.30782373351628622,0.90387128582621179,0.42157027349584814,0.072768146626844568,0.067731963144732066,-0.30897092945449128,0.94865660063090673,-15.596108207602107,4.1515585544012703,-4.638426644319301,,0.1571762405266354,0.1,0,4
0.93261066988743491,-0.33746049909066128,-0.127897419698728,0.35176996246694264,0.9291991179908623,0.11334413364180174,0.080593001669604133,-0.15069641893053198,0.98528947898746877,-20.337996192656593,-1.3548930657863492,-5.8296953836459471,,0.1195234574973083,0.3529411764705883,0,2
0.71928329414136993,-0.6689950062604948,-0.18728914642247341,0.68907798312113888,0.72130884772364723,0.069893342839549122,0.08833502106662873,-0.17932994115346079,0.97981513371607676,-4.3033841334944531,-13.853916580398343,-3.4434197914906797,,0.2215689851432089,0.2615384615384616,0,3
-0.66061367764618861,-0.71660758034040006,-0.22374794905306428,0.74398387955898349,-0.66478152469097684,-0.067479710920413827,-0.10038703035322775,-0.21104288717750103,0.97230825560037437,-1.7966252179539584,-9.8734714011105051,-2.9952246167123371,0.3697688285469205,0.4555086253216482,0.2396313364055299,1,5
0.8869031016496175,-0.43137478645440153,-0.16528364073830037,0.44679759396102858,0.8919182440517115,0.069668902376510453,0.11736608673259909,-0.13563789860924322,0.98378227375062244,-8.0140040760882343,0.91640802843685054,-3.490831048766081,,0.06852373907967606,0.2340425531914894,0,4
0.43690924053423907,-0.82290479973881503,-0.36323271617878267,0.88934047405424632,0.45572250347940896,0.037289690685625244,0.13484745731664358,-0.33932976643566309,0.93095191759078255,11.511440404025961,0.068324961562998943,-0.49052423794293798,,0.6531423137930363,0.3,0,2
-0.85905474962638861,-0.4878431555407744,-0.15502900611293283,0.4986592795206104,-0.86595499784981667,-0.038221259096365374,-0.11560216300887145,-0.1101408066565048,0.98717027032661708,-23.615384129758692,-3.3091013266644449,-6.4112613959418772,,0.07670024611904083,0.2666666666666667,0,2
-0.71917241937918597,0.68791121104905728,-0.097822272092348797,-0.68772260619867565,-0.72481221876210733,-0.041047100463421908,-0.09913953866945073,0.037754645358846435,0.9943570478586844,-0.90208219579579607,2.9828584123258186,-2.2583912425127908,,0.06791098096546691,0.1938775510204082,0,5
-0.64486966765830489,-0.74861436660202996,-0.15401182373866371,0.76052166023695422,-0.64851725242531377,-0.032127521179659425,-0.075828200853605823,-0.13784739179166178,0.98754654600760061,7.2353332934861996,-4.7390493338593673,-1.1885841625246925,,0.09004998871679253,0.3928571428571428,1,3
0.38994614194970095,-0.88503798610735107,-0.25426318948205739,0.91978396351520408,0.38756283887794668,0.061583328759735684,0.044039378274524033,-0.25788138565610302,0.96517238050686205,-18.568538296522458,2.3105405467466329,-5.3344911427203794,,0.102948031519625,0.3333333333333333,0,2
-0.01717207964536999,-0.98397893377038614,-0.17745584683731014,0.99984864093567116,-0.016403163738529652,-0.0057992618891079817,0.0027955142182678754,-0.17752857267341732,0.98411167607380545,-3.0182472336513779,11.979038171188336,-2.5455111960300272,,0.06711147872349793,0.1304347826086956,0,3
0.91863793967006968,0.3929203666630624,-0.041447813694961352,-0.38644002152301399,0.91538816872817275,0.1128211430440839,0.082270563168244465,-0.087624688380876795,0.9927504562689119,-1.7273469121751979,1.1940519846826441,-2.398569237485928,,0.2036274600912831,0.34375,0,3
0.3323305116728475,-0.9237565662870415,-0.19034242105436647,0.94251721399448241,0.33273650950442246,0.030785005552906038,0.034896021769570976,-0.18963180504437493,0.98123495972181385,-17.02631352162005,3.7437827315602514,-4.9809801649683303,,0.06701167696900941,0.391304347826087,0,3
-0.99285078619100464,0.014191276211543534,-0.1185155012620307,0.017474504581349241,-0.9649278170799156,-0.26193310122056856,-0.11807606891127062,-0.26213148514605378,0.95778135628419081,-1.6360248640124961,-14.136632447244923,-3.0450833586946073,,0.5226164525217167,0.4520547945205479,0,2
-0.78018815675820141,-0.60550632298482654,-0.15706219430415103,0.61675415252070742,-0.78652808886138259,-0.031430570795408945,-0.10450241816677669,-0.12139051963582762,0.98708843896574938,-18.759515586038255,5.0005143069670908,-5.176531430067854,,0.3767273208805241,0.32,0,2
-0.99046645277617285,0.08303577016591171,-0.10991481609837138,-0.044777923985865387,-0.9486455027717331,-0.31315594772330624,-0.13027334128094284,-0.30524870342709043,0.94331971547698446,-6.4928207712301127,-9.1503074422077351,-3.6735223675292707,,0.09954665630232221,0.625,0,1
-0.58158230049771409,0.80916756036504989,-0.083725067934642988,-0.81058974880260026,-0.58511255940722973,-0.024239471117567864,-0.068602382494524591,0.053769434410219856,0.9961940378456805,-7.0972082735001898,2.3106345923285319,-3.2658230360176286,0.6810249623875761,0.3815375595216128,0.8738317757009346,1,5
0.69654755285412262,0.70888966329666159,-0.11089162224478376,-0.71098361036169422,0.70271709037245478,0.026286816001997709,0.09655989027533321,0.060532108583943416,0.99348480180644849,5.7742181047746213,-7.8635409255147657,-1.5752872977495851,,0.07310678047513097,0.25,0,4
0.53623566860322669,-0.82696503372287422,-0.16905661985670886,0.84110195710146696,0.54030048228248806,0.024957696315830787,0.070702231066160789,-0.15557706079315237,0.98529029868218587,-20.400590297359308,-4.2820327696224618,-5.927459899104095,,0.08595726715583715,0.2978723404255319,0,2
0.95396013499675381,-0.26446836404803964,-0.14147984045342546,0.27173311495779989,0.96175731733590031,0.034408963747570714,0.12696918946068944,-0.071269537451872852,0.98934295265043948,-9.8179893890511547,11.740101702290454,-3.5916173385648889,,0.1037699619040114,0.4893617021276596,1,5
-0.86492640030087353,-0.48209981588576029,-0.13957825613428645,0.48861536515244086,-0.87237641694078938,-0.014642817437104865,-0.11470547937879554,-0.080865039964533286,0.99010277159091664,2.9645247939145856,-11.40470628830513,-2.2274301319746743,,0.113222783037835,0.28125,0,5
0.95459652720049148,-0.25171480169854371,-0.1593271127668586,0.27064455041922031,0.95628837119309429,0.11074329979387679,0.12448693740765965,-0.14883618419833664,0.98099479748270824,-14.860669451077225,3.9630029585035653,-4.554455800665953,0.7939952669414566,0.8028145784858858,0.6447368421052632,1,2
0.25906565864399295,0.9516651371060687,0.16498015434663801,-0.96522810151715366,0.24891511022606161,0.079849733517015853,0.0349241542910479,-0.17992980497414546,0.98305929054610952,10.345039253260321,-0.26249065386359482,-0.64605628639097978,,0.1774530881709931,0.2432432432432433,0,1
-0.91778781557055711,-0.36954171032505284,-0.14527370691304922,0.3792280083226155,-0.92421601464301728,-0.044842791851528625,-0.11769300443903191,-0.096248026511778731,0.9883747639932442,-4.7326033534323377,1.7521402151612719,-2.9000779931240741,,0.1048291082116615,0.3043478260869565,0,5
-0.98562234938691962,-0.070387675382578799,-0.15360390471354196,0.084933292794471191,-0.99228823480907091,-0.090279537186390701,-0.14606478071081599,-0.10202761495662342,0.98399971830390576,9.9325124619824212,-6.1179859555869767,-0.84463485998022214,0.7182527431368058,0.5353379650771772,0.5975609756097561,1,5
-0.70041438668159961,-0.6772775172240123,-0.22519958168769996,0.70762364133859035,-0.70015001217279504,-0.095177427329950437,-0.093211958182153873,-0.22602018741101743,0.96965272429593885,-12.048382519551843,14.565543547325356,-3.8880426768916503,,0.4942964944627611,0.4642857142857143,0,2
-0.59362284540959354,-0.79041372130988341,-0.15118884407548255,0.80073145854957584,-0.59888205117567483,-0.013016146460710887,-0.080256144293679277,-0.1287883455312607,0.98841919920569798,3.9354300906195232,5.9738099766877664,-1.5122250413846172,,0.08663622920742793,0.3673469387755102,0,5
-0.36055395282082153,-0.92263926006495545,-0.13688551016112604,0.93148969290661254,-0.36376385420655111,-0.0016764192612773936,-0.048247270534457612,-0.12811188141459084,0.99058545654899877,10.492528865785328,-4.9562631444441383,-0.75203044943787789,,0.0711159982262525,0.2592592592592592,0,1
-0.27510880982640262,-0.90398742657226172,-0.32729478357462444,0.96096830004225653,-0.26891102395451838,-0.065013748620035783,-0.029241564079182672,-0.33240576678961592,0.94268305232204697,7.7420687120607745,-6.2197126929061586,-1.1786735732518934,1.003053249491509,0.3140451529327971,0.225,1,6
-0.89043942342267601,0.44766509654288822,-0.081936527580433294,-0.43941573170918102,-0.89256064953816083,-0.10123883455720886,-0.11845441292403537,-0.054142850250639203,0.99148227610258333,-23.455554847606432,-4.5952585869412292,-6.4368423366269072,,0.1478325278311627,0.25,0,2
0.90459231077360835,-0.39070253909046188,-0.17048248366776123,0.41614086238295439,0.89608148313824743,0.15448222626544866,0.092409598767841522,-0.21068816180560385,0.97317571102578448,-21.458468436195396,3.3243343278854152,-5.839954892606614,0.3685584968534018,0.3782515850322946,0.1590909090909091,1,4
-0.93420957681912631,0.34247891638984712,-0.099803098187698877,-0.3357135764937107,-0.93867489475167198,-0.078650089133695353,-0.12061865998770195,-0.039970411448630727,0.99189389809162409,-11.368115598425002,10.995838941388547,-3.836372777681166,,0.06993740333895282,0.2058823529411765,0,3
0.80154783297249299,-0.56623609873509551,-0.19208787558396292,0.59191147602578398,0.79688751325192242,0.12087636564748962,0.084627867786437452,-0.21058720690589658,0.97390510435128885,-1.5149904369522356,15.446341443619115,-2.2249292191001193,0.6880027268090103,0.6355461538114429,0.7313432835820896,1,4
-0.95807360958517851,0.26672053464819029,-0.10466668530822097,-0.26227836688064138,-0.96345857548488634,-0.05438411156815217,-0.11534737484160786,-0.024652174784732379,0.99301926134165808,3.2319304737086303,-12.956634054175632,-2.3051431542721379,,0.1305930378110725,0.1111111111111111,0,5
0.95728318575246107,-0.24633409754610269,-0.15142131508399403,0.26236439818093932,0.9601063812498235,0.096750500001406919,0.1215476237644021,-0.13234518906826878,0.98372299255822593,-12.208205713621485,0.22270463699363199,-4.2475161193537287,,0.06696565177341589,0.28,0,5
0.62356148654970422,-0.70698204487901017,-0.33368766940151789,0.77917238846831571,0.59682375631455975,0.19155101917546671,0.063729597052734982,-0.37944405663717118,0.92301719720827724,-5.4268507131390269,9.4905396216472706,-2.9306775678953931,,0.4427010915264065,0.1578947368421053,0,3
-0.31958800450474856,0.94528373700596457,-0.065590882969446221,-0.94632311267126057,-0.32193722292860666,-0.028792202367897899,-0.048332947363577287,0.052868526034449324,0.99743112301255898,-13.914558933521105,12.170613714921602,-4.2394782113372802,,0.1158728905453472,0.5625,0,4
0.33746182267015629,-0.92688254338859422,-0.16434192709599468,0.94032986221349857,0.34000551175135829,0.013266582387286931,0.043580597399275271,-0.15901258673509527,0.98631421402620723,-24.782761480255289,-5.4423500020868882,-6.7227131135859368,,0.1109171303996155,0.4285714285714285,0,1
-0.70564274416080286,0.70602382610118408,-0.059988953905339967,-0.70195689899837876,-0.70808726937355504,-0.076608947908735375,-0.096565157079519875,-0.011948888172042819,0.9952549394550424,-27.050075193638627,7.2150724820203829,-6.6982116903849604,,0.502929936375715,0.8620689655172413,0,4
-0.93816385309827022,-0.30515247748756319,-0.1634948018225939,0.32339075529017208,-0.94104286151215555,-0.099281177419822869,-0.12355971889195531,-0.14601471939573962,0.98153588706023598,4.5562182854406164,8.754867642195034,-1.4248978287987493,,0.07614367240370815,0.3548387096774194,0,5
-0.71800375050396603,-0.64231952400248615,-0.26813474848937002,0.68951665797039885,-0.70899444317116767,-0.14796505646177993,-0.095065202064530591,-0.29112284114721299,0.95195068082270129,-15.505340915847825,9.146671553721081,-4.5408198048602406,,0.1699178578849584,0.2666666666666667,0,1
0.83556204404852941,-0.53022319774969306,-0.14387296866865965,0.53911016700144687,0.84174136322597715,0.028839300791555882,0.10581256249196187,-0.10166040528427786,0.98917585070417136,-13.552981533370858,10.03760019486676,-4.2071929436145865,,0.07712331169393491,0.53125,0,4
0.65122043388785522,-0.72357846010043436,-0.22879282892083194,0.75496285130883667,0.64833390875851604,0.098459310872742442,0.077091112526312497,-0.23684880162793273,0.96848314674901159,-19.309124185667123,8.2001873433901604,-5.1889666217058688,,0.2724445884818817,0.1818181818181818,0,3
0.94364465608184167,-0.27951054120578134,-0.17722477367183295,0.30697965057537591,0.93932532491585685,0.15307327691121986,0.12368612363883627,-0.19885117884128803,0.97219337145067353,6.3494893684776086,-4.1183723061069912,-1.3105433182058293,,0.07885558239416138,0.2790697674418605,0,5
-0.70468295084624311,-0.68342449809885497,-0.19066434953855071,0.70565325942405144,-0.70308680070056206,-0.08787734716558035,-0.073996055643817754,-0.1964685880210259,0.97771400607242032,-2.7559348150686458,14.248223650163112,-2.4621704372038091,,0.1706574248042572,0.2333333333333333,1,5
0.81385102675236431,-0.5422221336568771,-0.20890587360508814,0.57176090758350884,0.81137203907832667,0.12151081746560612,0.10361452993380736,-0.21833591544787373,0.97035738633357871,-17.027788265093577,4.6569888673624185,-4.8789487089457726,,0.09877671308926174,0.3703703703703703,0,2
-0.23762364222623211,0.96986537392535566,0.053815993122568941,-0.97135652379390647,-0.23732853100573309,-0.011902607011822438,0.0012281441921861583,-0.055102856834192096,0.99847992810599473,-13.447160931825946,5.8482398347128699,-4.2871492543844347,0.517591628045918,0.1931478000406825,0.2333333333333333,1,5
-0.15514136580071927,-0.94146901972948316,-0.29927786671769252,0.98734662500080861,-0.15783682336849639,-0.015302917645167526,-0.032829844912823952,-0.2978651071853628,0.95404327952376022,7.8249635253323815,-8.343559152103202,-1.2956934154455666,,0.5001311170699754,0.2222222222222222,0,2
-0.48065395236070591,0.87384751923621928,-0.07322766693496742,-0.87469031119795826,-0.48370085397096563,-0.030827639614131205,-0.062358941431461937,0.04923410395716344,0.99683868576168522,-13.84641182007471,-1.2660468436606098,-4.5854863476638537,0.1363183112592531,0.1054944528815614,0.5190839694656488,1,5
-0.277296031956903,-0.9115947744728824,-0.30348291189899262,0.95995413339578839,-0.27600159983279371,-0.04807471961520348,-0.039937106020568242,-0.30466060467916434,0.95162332018463525,-13.3305142931241,2.1477193636242875,-4.3562904903469288,,0.2481700518410981,0.1842105263157895,0,2
-0.29355931093073367,-0.89348870540495462,-0.33985418090653174,0.95512287334417201,-0.25944192057026755,-0.14293420397365683,0.039537675458284627,-0.36656216821241638,0.92955309103609896,-25.939797394532182,1.2754480683925211,-6.7050338205515958,,0.6150714217407078,0.425,0,2
-0.65306599049771985,-0.73279485010011536,-0.19109296094304926,0.75239456760911239,-0.65651578377785846,-0.053753514144116554,-0.086065246688365321,-0.17888189767915116,0.98009899499753428,7.4042700225330966,6.0738565111754204,-1.0211488828967694,,0.06962021814208738,0.1923076923076923,0,4
-0.71737551578346015,-0.64764731355129845,-0.25675927754260663,0.69092691471288503,-0.70865860430278504,-0.14290899577340679,-0.089400044070174295,-0.27992131000946641,0.95585129195018415,-19.325974300438631,-4.3833255592541134,-5.7890296988181618,0.7777827721249465,0.420917198749411,0.25,1,2
0.014178812011994722,-0.92597390646670308,-0.3773211971685681,0.99989505849993321,0.014252127292791015,0.0025978558553883643,0.0029720829974633585,-0.37731843502593809,0.92607881160959127,1.8374527681444033,4.2012269149116825,-1.8340457717402847,,0.09069967491278438,0.2580645161290323,0,5
0.40567248770788306,0.91278286083276894,0.047510858620341739,-0.91265023831519332,0.40167445946981822,0.07567807550968475,0.049993751810775679,-0.074061309599373168,0.99599977269089135,-0.54474247641708184,16.485167309694404,-2.1010723232005266,,0.1978074696295942,0.45,0,3
0.26487033280664962,-0.93488496171330016,-0.23629180087598653,0.96313276891891597,0.26845895509665624,0.017465934357913528,0.047106010587589446,-0.23220658429668561,0.97152515457696165,7.6254994398255063,-3.6578999048845025,-1.1094079513415451,0.6432173768173555,0.6511922442784199,0.6502242152466368,1,4
0.58222328156490255,-0.76752475697862144,-0.26818239656753323,0.80742268027130237,0.5845168377352532,0.080054242782552049,0.095313513141130332,-0.26314599337418965,0.96003620785041643,7.1552260263106406,-11.021402119380467,-1.4668720764614489,,0.2135141186795171,0.125,0,5
0.9195375504800174,-0.33321659112912527,-0.2083684156812049,0.37402280680085209,0.90477558140858116,0.20368624715374734,0.1206550175086909,-0.26523169245595518,0.9566057265493072,-0.86125982311532101,-14.309290847976296,-2.9179655137418457,,0.2594429697461184,0.1428571428571428,0,1
0.59235113325632416,-0.75238712044227996,-0.28815578412123455,0.79715159350458709,0.59921510688685709,0.074098533397573343,0.11691651681027525,-0.27359619272048985,0.95471233962162994,-26.210266527899826,-6.7694589352192045,-7.0825264098808285,0.3996374543797472,0.3154525200194551,0.5,1,2
-0.10032656648150742,-0.98186740472346634,-0.16084458212708358,0.99481401153511539,-0.10171010434079715,0.00037030851428692237,-0.016723113090667496,-0.15997329219775602,0.98697967723351243,-7.1610903378503945,-11.648136531097501,-3.8560752620608514,0.362624720334046,0.2397003251682583,0.8145695364238411,1,3
-0.83328527834468857,0.53828517846133639,-0.12603456487352921,-0.53713795734864289,-0.8422468464805013,-0.04585917976781273,-0.13083753157767986,0.029484169354011578,0.99096529913421361,-9.1067359469144158,4.5015320814151698,-3.5866290163853507,0.4272286559732575,0.2145658433692788,0.2280701754385965,1,5
-0.97792341264968674,0.18223350495689175,-0.10225824496203562,-0.16458039007963954,-0.97322605645163274,-0.16045042301233017,-0.12875983144141992,-0.14007852338859256,0.98173260773616333,-0.057237284093027918,3.1412719384351653,-2.1414077377489127,,0.0826251364422247,0.1575342465753425,0,5
-0.87138031683616013,-0.44465686528602621,-0.20730802103275203,0.47721044096781612,-0.86627310811859171,-0.14778733769120903,-0.11387070941121624,-0.22770852927494348,0.96704823418153574,-17.703867002375194,-1.9447787920531137,-5.3853332026666347,,0.09521267599308128,0.2777777777777778,0,2
0.39171808724953094,-0.8886762772940815,-0.23835145121501261,0.91748734332028103,0.39673124050244635,0.02865829123454797,0.069093523348162572,-0.22991041077803248,0.97075603940805544,-12.71485804588052,11.496995958437338,-4.0619411411939108,,0.1299243150464426,0.45,0,3
0.98494029625873636,-0.087299863352492457,-0.14923587592930548,0.11438518404852349,0.9762807558696811,0.18382577454945828,0.12964814875630262,-0.19812778597955152,0.97156406785497329,9.4374979618868107,-0.23354081852493472,-0.78980738897682634,,0.08452830286402038,0.1666666666666667,0,5
0.94691623215948184,0.30597223578031174,-0.098644007443365683,-0.29625082541904529,0.94966476834754598,0.10184437244116901,0.1248402888150448,-0.067214720790899199,0.98989751166349382,-4.8439283158476369,4.0614173127652986,-2.90711477986821,,0.414878364812394,0.4232558139534884,0,1
0.30491878411782281,-0.87880385936789729,-0.36705355447427301,0.95156759635471444,0.29702275872926298,0.079351057740714645,0.039289243563865456,-0.37347189660929991,0.92680909457300464,5.4858829231785675,8.4679693937269729,-1.2929722457516077,,0.5698521410751334,0.1666666666666667,0,1
0.87914289737443962,-0.44943831577351095,-0.15847071120791895,0.46139882827095846,0.88594353194857167,0.047065693117981325,0.11924297575228743,-0.11449567028127763,0.98624127586538335,-6.0479428211416719,-15.4313209892406,-3.8062687239214541,,0.08821856615128425,0.2666666666666667,0,2
-0.9514196396429454,-0.26794642271104746,-0.15167525789673306,0.2822844755689381,-0.95580301613955598,-0.082195311248861827,-0.12294772935868883,-0.1210178040408946,0.98500687660069763,-19.58430740392372,-2.1782485228611588,-5.6981035531615927,,0.07417955186662789,0.2222222222222222,0,3
0.63277655317258186,0.77241301838688414,0.054515711327010281,-0.77260463075276498,0.62509302950708279,0.11108910388081118,0.05172927888933701,-0.11241367126875972,0.99231408748312588,17.488076915798267,2.0442998785784909,0.32265766239448967,,0.2128304702419096,0.25,0,5
-0.97711641647659042,-0.15144502164667437,-0.14935834114766899,0.1614003015334681,-0.98524833601100459,-0.056882853765009199,-0.13854043206533848,-0.079687651527600156,0.98714559558211268,-9.0347265087697011,2.8750562445283161,-3.6002014281452199,,0.06956735016858967,0.2279411764705882,0,4
-0.22382482000273962,0.96243913084578636,0.153666422381561,-0.97420966608380055,-0.21630343751705675,-0.064252232857660296,-0.028600287754348058,-0.16408455849077264,0.98603158225548559,-9.8643666765548321,-5.1896090532196713,-4.108888603464008,,0.3716886688282849,0.3170731707317073,0,1
0.60292833658425704,-0.77654372608007094,-0.18291326477163974,0.79582269824203677,0.60152957932345419,0.069486676145229923,0.056068296804028056,-0.18746201397783896,0.98067035205968534,-14.10977580045256,7.9657975786911042,-4.3161765311263558,,0.1364616002993203,0.1568627450980392,1,5
0.99081827729671745,-0.031228458895042326,-0.1315443831176602,0.032991123800729036,0.99939242546166918,0.011241249050153711,0.13111341321592579,-0.015477832047261901,0.99124654329283146,4.1526863023711238,3.1961058504091984,-1.4945924727014976,,0.3226015190241132,0.9122340425531915,1,5
0.64130984012786274,0.76201249511920277,-0.089769962890604182,-0.76292015432142724,0.64574228749547236,0.031140588791532881,0.081697778949879507,0.048516547922543091,0.9954755735287204,-15.556226475197507,-1.0108962549184213,-4.9780995671604273,0.5575528403951771,0.2780951177808774,0.8265682656826568,1,5
-0.097678248858392575,-0.97052198231240194,-0.22033166260972314,0.99510325279880296,-0.098605890260866066,-0.0068113636744114902,-0.015115421568748007,-0.21991807623355794,0.97540123219961694,-5.523003368509257,7.1325854888527696,-2.9597503735526716,,0.08798101179714826,0.3230769230769231,0,5
0.90111101330120202,-0.3629850290614976,-0.23715145031077473,0.3985751914481076,0.90878401115928753,0.12348861414454497,0.17069492807164663,-0.20579963493276554,0.96359210861865996,-20.372269365415434,2.7335401364259182,-5.6668611996061982,,0.1696210145918204,0.2105263157894737,0,2
0.42383349962119782,0.90375632796867111,-0.059913806884818212,-0.90402596121046475,0.42617260190854944,0.033376261623977527,0.055697630616956942,0.040017659090462898,0.9976454084014903,3.392528077481916,4.9810547333214021,-1.6176113522319693,,0.1013344470904525,0.4883720930232558,1,5
-0.72182213263424577,-0.67474065215130208,-0.15394109644206633,0.68543632709429703,-0.72772815182119155,-0.024264759351660729,-0.095654850053878707,-0.12303166007719134,0.98778204087734944,-8.3257190589263033,8.3778905939386412,-3.4201770775267328,,0.2839598573403729,0.8240740740740741,1,5
0.4861192728922144,-0.85912322589350776,-0.15998542200174989,0.87147153252433451,0.49019722850601405,0.015621944972098822,0.065003234707462471,-0.14701686942441616,0.98699575459178701,-9.9727542360828583,4.9525298436542524,-3.7217695284419818,,0.07325892291196009,0.275,0,5
0.96341728405275051,-0.22924606314031448,-0.13882859692113148,0.23956059080219239,0.96886193140102272,0.062588187514786148,0.12015764695984896,-0.093556402327945154,0.98833665289744521,-2.1491904243398925,-4.0234860361975313,-2.6152338683052219,,0.08047849721500412,0.2431192660550459,0,4
0.80301007281203052,-0.55172519538346121,-0.22533116016542812,0.5866179573953636,0.79844290959686104,0.1355296726764634,0.1051389320076425,-0.24101499723788872,0.96480960613102928,1.9965977125832199,-12.269508855040801,-2.4630844117202502,,0.9208326374677474,0.3559322033898305,0,1
-0.9882190888602097,0.070257962252336562,-0.1359663603706639,-0.046454904243958435,-0.98418900264366438,-0.1709208850519823,-0.145825149696411,-0.16259097704183201,0.97585818636756883,16.70928299574193,-9.9119295467153172,-0.012973518215405138,,0.2434457708949347,0.2222222222222222,0,4
-0.39076927887181806,-0.87355835140336846,-0.2901640525348167,0.91900153987622513,-0.3881584685013385,-0.069059199501747492,-0.05230239378007355,-0.29364742468498545,0.9544818749356897,5.9948817333088789,4.6469314560943689,-1.1949077675735205,1.041637876303707,0.4036005129701605,0.8705882352941177,1,2
0.57893756638041327,0.81474018322076946,0.03208937641824447,-0.81502877398910789,0.57710404036366536,0.051759290622510286,0.023651465141441657,-0.056119162870809453,0.99814390132652886,14.547998757042507,-6.8226377112547949,-0.26245157962190585,,0.3681262184052291,0.5882352941176471,0,4
0.2111505110479939,0.9774534661162777,-0.0004280904626323691,-0.96933684283697863,0.20945343345565035,0.12851203964017119,0.12570420360118584,-0.026720418988345523,0.9917078563801327,5.4337061181070485,-10.004529912479796,-1.6754478510785795,,0.2396694362889402,0.103448275862069,0,2
0.98985896732219425,-0.044477061315085865,-0.13491114049111558,0.069769518539431086,0.97949737069632081,0.18898972215909204,0.12373939992829867,-0.19648585652857786,0.97266739900626675,8.1884665962258349,-13.82199727109619,-1.4744122603000296,,0.3002351969744535,0.1538461538461539,0,4
0.21019545251129196,-0.9520617196810971,-0.22225290473117842,0.97727666924535639,0.21097214203918888,0.020519917935997271,0.027352943027707945,-0.22151577190184293,0.97477309118915201,-12.813275554831348,4.4164788308825331,-4.2115095876783233,,0.06849452047624414,0.2903225806451613,0,3
-0.37804234069097709,-0.91290882521840655,-0.153887834097549,0.92434736543305718,-0.381473390008091,-0.0077460139878628839,-0.051632709224409518,-0.14517413527926565,0.98805796074120267,-5.5862082158034267,4.5505432449878764,-3.0097958884274418,,0.07050089426111808,0.3333333333333333,0,4
0.33501818255494858,-0.91380832576225335,-0.22960218014027076,0.94181307725448915,0.33186881513912386,0.053396788766582229,0.027403373332640112,-0.23413123094909893,0.97181871860149449,0.18888081485551572,-17.071403993139313,-2.8513662948637521,,0.3328635259273643,0.1428571428571428,0,2
-0.97600009970138668,0.17294622654813468,-0.13233823372572062,-0.17016710078303898,-0.98489172406331604,-0.032116190351339426,-0.13589320510598488,-0.0088257914290819067,0.99068417884393012,-13.565910585770869,2.1100168565678343,-4.3802872467003171,,0.1193783805757804,0.4,0,4
0.10713719317229281,-0.97046403116237157,-0.21615084098665951,0.99421634174257845,0.10620056789579846,0.015978272453948693,0.0074490033672679696,-0.21661256565279685,0.97622922961266911,-4.2101116032964887,11.336737816650365,-2.7142934064916195,0.5425896789149089,0.189006916665919,0.4642857142857143,1,4
0.66867116287391037,-0.72971815794931782,-0.14279455836938201,0.73862966458488488,0.67394994389249796,0.014754379774133937,0.085469845770733341,-0.11533812503397686,0.98964237094900798,1.5469926450537426,2.864820609933453,-1.9049275525957887,0.2640160646285913,0.2453385616687652,0.9416195856873822,1,4
-0.14292026047057085,-0.95612616051630239,-0.2557275196833117,0.98959788783892133,-0.14233637206028363,-0.020889652305946967,-0.016426184333891737,-0.25605296788959686,0.96652318032376183,-7.5718623721379918,9.7805880876819113,-3.2370161639109605,,0.1134235236849234,0.2777777777777778,0,3
0.96408533327963997,-0.2096235957923693,-0.16308714922446399,0.22849869530390962,0.96764595941029474,0.10700300687990556,0.135380265916035,-0.14042523036836138,0.98079199541824158,-17.213456086672259,13.923730146802159,-4.7231195618936077,,0.1373348184290483,0.3,0,2
0.23547046190149606,0.97008506486809132,-0.059064612855476005,-0.97121247084282702,0.23712803168394686,0.0227295637676568,0.036055485730564128,0.052012147711552235,0.99799535992867472,-19.685838314731942,-3.3474629289861899,-5.7484838885595879,,0.0860042041608938,0.25,0,2
0.6636925137663543,-0.7214686540995513,-0.19747209504707247,0.74226913709099018,0.66786992393678724,0.054646983657542635,0.092459587348718855,-0.18284623554356375,0.97878418400322187,16.305057264044731,-3.8105858148200022,0.087081422091329255,,0.09185805796895204,0.3333333333333333,0,5
-0.45342381881267102,-0.83503989743146312,-0.31163313403902737,0.88792565562896497,-0.45357273966195899,-0.076549329921421716,-0.077426549769492869,-0.31141634435783444,0.94711403213002587,-22.847624320321536,-1.528171541558778,-6.2659019037959904,,0.5459984058007997,0.15,0,2
0.58362478955700436,-0.75742315650154668,-0.29273241537242833,0.80845136544237783,0.57576386912984145,0.12207520927276894,0.076082157756585653,-0.30790603923903193,0.94836985204678137,-16.349086997202644,7.3896570478657511,-4.7278110953560999,,0.2972099043815689,0.2666666666666667,0,1
0.23534724395413312,-0.94651332209038952,-0.22073560172434387,0.97148544643587598,0.23581959397957608,0.024599724766644928,0.028769812764085866,-0.22023090201132606,0.97502340878196203,-8.8763868175951082,6.0012629354356939,-3.5421377560257721,,0.1523528457264182,0.2692307692307692,1,5
0.90259282837842658,0.41903475991453687,-0.098671455564408067,-0.41368920681867,0.90768318548574412,0.070515778008844274,0.11911098321133975,-0.022827719330224362,0.99261849111761424,-13.353050603714175,15.178333722797015,-4.1047976736175054,,0.06530997649637496,0.1428571428571428,0,1
0.04900273523683344,-0.95601187691574707,-0.28920584906833963,0.99862804405125194,0.052247045192141281,-0.0035036984832249748,0.018459728429199882,-0.28863738057417448,0.95726051885659613,6.9473194479872777,-8.5684321300086204,-1.4206886194152795,,0.2194981031639846,0.2142857142857143,0,3
-0.31778665224459524,0.94286543002689227,-0.1000820888839561,-0.94722549242399479,-0.32039002113471554,-0.010681800382771296,-0.042136802884100252,0.091405772342341415,0.99492184347576107,13.265546948963564,-3.6433511942021699,-0.37090238636170386,,0.09101364800790317,0.1904761904761905,0,3
-0.92730628749876487,0.36707549262332645,-0.073202676731117883,-0.34881310306126223,-0.91840567885836466,-0.18670947531788681,-0.13576622664724786,-0.14760281757490026,0.97968410211961665,-11.663273939933418,3.14539981556366,-4.0218301437951229,0.7521746111247007,0.4445333467080494,0.303030303030303,1,4
0.89723448843984288,-0.41295712690782488,-0.15632237232759577,0.42615187831769569,0.90254477766303365,0.061704950526553996,0.11560644169073273,-0.12198088231038166,0.98577675717699254,-19.015048542984246,1.2013027229845312,-5.5129132503910014,0.1751233991986303,0.1125982624963113,0.4722222222222222,1,4
0.96352968022295493,0.23983999873553996,-0.11869005997127774,-0.23555964488851622,0.97062002392302615,0.049075685014675553,0.1269732610806126,-0.01932729071028191,0.99171782620075655,-0.26870478880307258,-16.203861655308774,-2.9044875168465434,,0.0847215079287075,0.1176470588235294,0,1
-0.77452309694864996,0.62674593766586684,-0.085460528388290644,-0.62437208263254362,-0.77915440644245881,-0.055478945108937971,-0.10135815074365195,0.010389443711455856,0.99479575026092382,-25.379037861866387,-1.7631873503941853,-6.6357008447129227,,0.3011724313610568,0.4545454545454545,0,1
-0.4777844841201333,-0.84589385117624938,-0.23703497479542965,0.87637453070017191,-0.47761920512538442,-0.06202883874012495,-0.060742642962833854,-0.23736783151389343,0.96951887237344703,-23.30053146236499,3.1546999908615043,-6.2077838642834582,,0.3078395801758304,0.44,0,3
-0.88799807822964316,-0.42801242332984357,-0.16812132088397924,0.44746710243089566,-0.8885339753318291,-0.10139313055189729,-0.10598398606656345,-0.16526566538858134,0.9805379414082408,-16.659030696190058,-1.4358389921733365,-5.2202097819624775,0.2115141833963966,0.1334718707052001,0.2807017543859649,1,5
-0.2471507050406323,0.955923012269418,0.15851726597339558,-0.9684592269048895,-0.23834324177722663,-0.072658274971997339,-0.031674198027769405,-0.17147505274203659,0.9846791616899454,-21.358170885375241,12.330982807739943,-5.4435262176740791,,0.3743957331215494,0.2105263157894737,0,1
0.95125523740718021,-0.26784942412398111,-0.15287301691881516,0.27974268383628054,0.95806631167601408,0.062072322911210412,0.12983645152838863,-0.10181173030633708,0.98629451353363295,4.6816266575857437,-9.5483908968529363,-1.7793909699265698,0.8857637528139252,0.2752331801790137,0.2941176470588235,1,4
0.98974158216595076,0.079261396513874371,-0.11886644418973581,-0.058667333459999138,0.98408957011663711,0.16770766819781069,0.13026797195141421,-0.15901367554497975,0.97864442290003495,-10.819367795671276,14.986646709252224,-3.6820277590313855,,0.0673950473163748,0.6,0,1
-0.054157184862094289,-0.96320095979351106,-0.26326965336071467,0.99850042334778388,-0.054350012170290937,-0.0065559706668786447,-0.007993991625507511,-0.2632299132506547,0.96470000977917647,-16.210901025006081,-2.3130241009272861,-5.1581663566395113,,0.1802952193409746,0.2926829268292683,0,1
0.85489214328471275,0.51259770369054547,-0.080018857285331105,-0.50632210082504381,0.8579691559219681,0.086757464823844568,0.1131253886896519,-0.033652959122876379,0.99301063678899737,3.0573945270758105,7.2142565372535641,-1.6466578177613771,,0.07725712165445127,0.3333333333333333,0,5
-0.40530280786312861,-0.89805305164202254,-0.17096885790902044,0.91258357339506058,-0.40851165373702691,-0.017591200372407981,-0.054044939705457443,-0.16315313419450608,0.98511938327024262,8.5509702687393236,-11.40147896575693,-1.2989165053686615,0.460702365246751,0.3341958153987568,0.7906976744186046,1,5
0.74636547939613951,0.66525562247970027,0.019326870541206936,-0.6633657285578225,0.74127411637476748,0.10226727026647837,0.053707367657703155,-0.089149543756285171,0.99456919191543725,8.4700308814973955,-1.376802272688463,-0.93280420234402617,0.7144461195550887,0.2039318916796,0.234375,1,5
-0.88226601584337094,-0.40420279611075988,-0.2413022521737147,0.45667960561355481,-0.85929046901978234,-0.23035543767927455,-0.11423841343660046,-0.31343259158550407,0.94271395207002329,-9.7953806919795348,8.2534583099228946,-3.6730640604402609,,0.1731784156163733,0.2884615384615384,1,5
-0.73251069951299996,-0.62812166703358696,-0.26247142035262339,0.67396748232962123,-0.7234480783232542,-0.1496352589888601,-0.09589529634579512,-0.28650663059227599,0.95326703644121347,-14.660406470353125,6.7350305147400595,-4.4428387593588692,,0.09184429848990064,0.28,0,4
-0.88450113632210725,0.46269455843011442,-0.059761906295415501,-0.43957169826300246,-0.86942974679314289,-0.22554076677486004,-0.1563152645491819,-0.17322142185761283,0.97239903181695231,-10.150571909348896,9.9957620153442104,-3.6865066403020754,,0.3275683484594321,0.2857142857142857,0,3
-0.4835452999357881,0.8748710992252321,0.028008974462531224,-0.87291815010225737,-0.47960337276639659,-0.089412012912975417,-0.064790787401157582,-0.067684300775961354,0.99560081824816093,-12.010130630699484,7.8455513190120723,-3.9774684951353652,0.8255047450614427,0.7102950084871273,0.6111111111111112,1,4
0.96993195921571873,0.2272042719421884,-0.087236536515254232,-0.20712675626408775,0.95882488798996635,0.19430218992730411,0.12779084995207718,-0.17039088291997651,0.97705498600962915,-18.839778030074804,9.0784634974612342,-5.086505244548345,,0.4767404845414225,0.1212121212121212,0,1
