axis_00,axis_01,axis_02,axis_10,axis_11,axis_12,axis_20,axis_21,axis_22,location_x,location_y,location_z,dbh,dbh_approximation,score,reconstructed,number_clusters
0.74421857007759229,0.66789379592849418,-0.0075231184951987436,-0.66658650616425696,0.7433833140367907,0.055169540612639803,0.042439954658259504,-0.036043387353402186,0.99844865890875911,7.2837539528708719,11.092661848767545,-1.7459601031703924,,0.07479029998541323,0.34375,0,5
-0.98212199350806184,0.18821505111115444,-0.0033888645553965717,-0.18725242592710126,-0.97862903724216732,-0.08498080048389399,-0.019311106963734778,-0.082826940072016464,0.99637682587771037,-13.713702567631801,28.098401325161721,-4.6853738578228121,,0.1962411029582996,0.3888888888888889,0,2
-0.35613197849523781,-0.92558651727186358,-0.12829502304302409,0.93352536373598838,-0.35847455880463613,-0.005136725748217298,-0.041236017686705505,-0.12159601035545613,0.99172274407264549,4.0744042511041396,21.304631878256043,-2.6344259992197561,,0.1566666520366732,0.4666666666666667,0,4
-0.32538869703615481,0.93984905815130781,0.10395164132043799,-0.94555825259394666,-0.32416045783379921,-0.028975654064470516,0.0064642704611973219,-0.10772068264303448,0.99416018213280066,-0.63496583325155231,17.790161150394248,-2.7940219444229166,0.4262337126096352,0.2878428656165269,0.5454545454545454,1,5
0.94803574825637671,-0.30853194619681934,-0.077693360102242259,0.31724355360359069,0.93523592908856923,0.15713142473359179,0.024181557537499215,-0.1736139254721398,0.9845168648414393,-24.187126296874663,25.756731129475654,-5.6000280477824651,,0.1664182772836323,0.2666666666666667,0,2
0.4458234513169228,0.88477812126207822,0.13568023581868918,-0.8946003021208675,0.43524687030251991,0.10124456201255863,0.030524575363481292,-0.16651678001873893,0.98556603648414687,-5.6103453992092103,-4.5709119557972082,-1.577525118501325,,0.6231750136348428,0.3923444976076555,0,2
-0.21317049507522265,0.97164996053309216,0.10224819913047857,-0.97700079840622711,-0.2125614045223069,-0.016943707418987073,0.0052706681721080006,-0.10350847068499162,0.99461460704811444,14.422996978404925,3.1147972978767524,-0.90877544385897513,,0.2088047408260175,0.1363636363636364,0,5
0.81515345962347352,0.57914355279579699,-0.010843547341322838,-0.57793592651131509,0.81442651679641542,0.051956843498868671,0.038921743426900607,-0.036085925149841463,0.9985904585437867,3.5046779322563344,5.0366501131322279,-1.6284676787997099,0.3475945922371968,0.2860156071022021,0.8881578947368421,1,5
0.23730305922220413,-0.96226751735809313,-0.13314835005089568,0.9711414855028716,0.23161935422252622,0.056891914054784803,-0.023905506040664437,-0.1428065117108902,0.98946188759037512,-7.3859887914630074,1.6786746216637933,-2.1642506963233794,,0.2926796212423831,0.2627118644067797,0,1
0.8523997697807687,-0.51749523663538988,-0.074922043067270905,0.52247269234456561,0.84865782628674546,0.0824753274408591,0.020902589119843405,-0.10944667168049436,0.99377286530984987,-8.3745808402866437,7.9754601073863549,-2.7172775754575094,,0.1115026552199919,0.2727272727272727,0,5
0.65184343302636583,-0.74745198285627079,-0.12812365958179703,0.75767404215429424,0.64904788584895612,0.068314623036178176,0.032096489932326618,-0.14160640945674527,0.98940256727724041,9.3497687984742601,10.297886711695249,-1.583926452983538,0.7677467034566063,0.3036376819349638,0.9466666666666667,1,5
-0.1962420911082485,0.96295522181656668,0.18494940511845587,-0.98007904820693359,-0.19850507888383748,-0.0063869337803674001,0.030563065017356429,-0.18251842217576381,0.98272728903964834,1.3051091182728156,-15.065069739783549,-0.69210330569455902,,0.3377393341792036,0.32,0,3
0.17244319486864002,-0.91848053309689826,-0.35588882374350295,0.98467191384869468,0.15114083565593422,0.087049812606203023,-0.026164224067329926,-0.36544487699140582,0.93046519293291718,-19.234990876125138,16.926674798372286,-4.3286301398954929,,0.3781465518699191,0.25,0,1
0.7790903924560566,-0.62114783727316991,-0.0848146486966216,0.62690378206934194,0.77259373587120139,0.10045181591059113,0.0031318380901001371,-0.13143166872350068,0.9913202852997276,14.744797400806659,1.4692178061614714,-0.80741918258186096,,0.5175849342219777,0.7974683544303798,1,5
0.18436929985421027,-0.9763486390575058,-0.11292163779287906,0.98243894744647864,0.1797197262734716,0.05014513464380603,-0.028664888130347042,-0.12018383834254215,0.99233772939948728,0.79441567369233135,10.960259901751135,-2.1588576107199051,,0.1134268380336943,0.203125,0,5
0.99869185713119779,-0.051103541858898677,-0.0017327750326811321,0.050840529490201181,0.98879221056258626,0.14037522891133242,-0.0054603169316503166,-0.14027969325682449,0.99009686021054322,15.071442677282301,-7.8593717297729144,-0.37151622315718325,0.5156497095974937,0.4891289164956866,0.25,1,5
0.71265718488131025,-0.68957888951968183,-0.12884367258755075,0.70104527590683319,0.6933655811156233,0.16667240939311448,-0.025598007066135468,-0.20910553807347146,0.97755798599430699,-11.06151017529816,10.833927911891736,-3.1670661126529485,,0.2507060722503816,0.3692307692307693,0,5
0.80936388263729675,-0.57299685169897496,-0.12885927760679008,0.58729351369631044,0.79113813770082686,0.1708413762690707,0.0040539181692122589,-0.21395105753029436,0.97683596920319593,1.5115013216782691,4.8244622873332288,-1.7247844738556211,,0.07179676143546021,0.2051282051282051,0,3
0.9651980132236343,0.26095721160059704,-0.01715018900161518,-0.25898812836759605,0.9628988778917229,0.075834690739210842,0.036303507183184286,-0.06875379748423617,0.99697290369282277,-2.7904362040996853,18.492276142140057,-3.0158329364934078,0.2308008401957849,0.1367025038044792,0.4375,1,5
0.019750495631607533,0.97567137960931605,0.21834668977009816,-0.99804829470799661,0.0062997222462672529,0.06212821363985864,0.059241196415719705,-0.21914760439227596,0.97389157925118175,-19.501303845990908,17.609752550301266,-4.4623227605832092,,0.6933039665600016,0.2115384615384615,0,2
-0.95514567246072002,-0.26777394572338514,-0.12646682715751106,0.29390980021448249,-0.90944319977020283,-0.29415998322276488,-0.036246016573427561,-0.31813547488996557,0.94735212349954334,6.333160958487893,5.1162987575412346,-1.4680099305583474,,0.3852824730653038,0.2,0,1
0.099316963931035618,0.97225005374175688,0.21181589570821144,-0.99220880906159981,0.080671864910092622,0.094940662692492531,0.075218481080670807,-0.21959481599317937,0.97268715263071026,4.3374356086868877,3.3886990728800175,-1.4819310454011987,0.4876072095470128,0.4577337410789896,0.7994791666666666,1,5
-0.28497993185191789,0.95851726594821196,0.0055757798414508408,-0.95825854242762187,-0.28503268461646292,0.022292029176837876,0.022956574356059505,0.0010097422918901974,0.99973595319681197,7.212375172271682,6.6206850192079187,-1.5165791757145433,,0.06952317434184541,0.2391304347826087,0,5
-0.60077288258745609,-0.79040612122697096,-0.11970842524439609,0.79830867207562117,-0.60106568714647224,-0.037726699086952309,-0.042133212984729954,-0.11822945175409552,0.992092026528542,-16.339999022689362,-2.0254202587400623,-2.5750115910056164,,0.5600930100587048,0.75,0,1
-0.90910177378972357,-0.40891230431367948,-0.079527933917933571,0.4155620008199592,-0.90351282449810555,-0.10475113098180852,-0.02902048185145549,-0.12827822632205571,0.99131352673348372,17.703079372002435,3.6622384286791969,-0.76332353669789255,,0.1804946603166395,0.25,0,5
0.24070225791524372,-0.96649489786798015,-0.08916297118013182,0.96998493410241171,0.23626559854647561,0.057513429369309643,-0.034520293290272168,-0.10033035103417701,0.99435515285662168,-9.3891335280748116,-13.16011658169708,-1.4891765932931802,0.2886081367001607,0.3121417368744966,0.7733333333333333,1,5
-0.87927378420820768,-0.47415800609681918,-0.045296773157351332,0.47460999267541848,-0.88019576514058795,0.00087742875286647172,-0.040286067775585646,-0.020726801076524592,0.99897318905980514,-14.073638089482404,15.528655500693239,-3.7173323861723997,,0.08123118030528395,0.45,0,5
0.45073366866071241,0.89262381206141228,-0.0078670246349914052,-0.89169612602987369,0.45063937539810867,0.042451998352470537,0.041438855666761108,-0.01211954956898415,0.99906753413334093,-0.26739627241508113,12.884331640473121,-2.3909878555648487,,0.1248167559047129,0.4693877551020408,1,5
0.24562504757854994,-0.96502114595988264,-0.091665281608205057,0.96923206631593395,0.24292538844539358,0.039704625342670774,-0.01604797890646234,-0.098597380791434472,0.99499799943220413,-5.4192842424381089,-15.400562916338398,-1.1387959629007578,0.7572939007127716,0.7814429240326408,0.6458333333333334,1,4
-0.27469530350256149,-0.95303707392195325,-0.12752578548637117,0.96075680005850317,-0.27737159206166928,0.0033721000162165882,-0.038585766481696919,-0.12159496555143749,0.99182952314274453,-2.3185809835548947,17.073158118557867,-2.8376631751885188,,0.07704978268073456,0.2222222222222222,0,2
0.79482060346145145,-0.59529046199217583,-0.11785361332736177,0.60638244271716868,0.78667091560344449,0.11597070193802222,0.023675757169167838,-0.16364026523071731,0.98623593633454998,8.2257364661911971,7.6608355771056615,-1.5257851420074957,0.7751036546594046,0.3010322218794459,0.6164383561643836,1,4
-0.99816328801115106,-0.055380295191563747,-0.024557552224601913,0.055194381262898336,-0.99844207669932428,0.0081853377051713232,-0.024972599860138656,0.0068148646969072458,0.99966490729413393,-7.3445120729130462,14.924157016272325,-3.1098852917278879,0.4657332276592884,0.4284096077726887,0.9578544061302682,1,5
0.97136956297341837,-0.23330064287704133,-0.044855124144191037,0.23740584465509368,0.96031792497276214,0.14638288116993381,0.0089239594594060848,-0.15284074394338906,0.98821053927713165,-11.553286326587607,14.550089543842743,-3.4691410369818931,,0.1123940494463637,0.32,0,4
0.64246816213360214,-0.76046799958946154,-0.094462067757766707,0.76630744122895689,0.63712172024119462,0.082757592485696099,-0.0027506657010685789,-0.12555610378353746,0.99208270756066352,12.633841903638091,-1.8088709608985956,-0.71802912045870104,0.4072689606001498,0.4623138430729881,0.6224489795918368,1,5
-0.51926752786679564,-0.83835830715206461,-0.16588123261005566,0.85425782222301627,-0.51476645882093319,-0.072519418390845414,-0.024592837857728353,-0.17936231962728783,0.98347564821098776,12.157067626787608,5.2305166239137986,-1.1470397867807418,,0.2750893356239311,0.3125,0,5
0.99956478337702603,-0.0077909113356069279,-0.028452513649951241,0.0093882831712039112,0.99836147066002212,0.056446736315366071,0.027966121853722267,-0.056689290012487258,0.99800011043403392,2.3712243311518995,5.8443830394250247,-1.7469469839418206,,0.06989276577881245,0.2524271844660194,0,5
0.80737605111779698,-0.58756397384973691,-0.053967478311846506,0.58984002232619304,0.80608757993621993,0.048078701467555857,0.015253201095844481,-0.070649770746094506,0.99738455459760145,-10.180697576046718,15.202628556300471,-3.3774477040253981,,0.1513068357762776,0.2608695652173913,0,4
-0.022635577946077141,0.99974165620113442,-0.0020619086451033534,-0.99914299438487209,-0.022550436922359876,0.034709574561548967,0.034654110617358638,0.0028458128582797356,0.99939531416076632,1.8994344758680237,21.006371605835479,-2.7892836712355646,0.2930479961543975,0.2089280637402645,0.631578947368421,1,5
0.30023593559733458,-0.93787230911214858,-0.17393652513672878,0.9536209322780933,0.29100204919175265,0.076973533680490619,-0.021575460529362597,-0.18897973215889435,0.98174393827316242,6.8039955380378192,12.234265906006252,-1.8520916744912508,,0.2850802261583767,0.375,0,1
0.85481335568272288,-0.51468558822583954,-0.066278746360086974,0.51885218835267555,0.84996586663732765,0.091380699237296456,0.0093023431501504834,-0.11250231474987003,0.99360791844058838,-3.7672687584680493,11.507764867027516,-2.5714517139952981,,0.08724710275854977,0.2857142857142857,0,5
-0.76288741741071464,0.63980291428733826,0.093032355800751323,-0.64432956429072896,-0.76424245675508529,-0.02780071714668627,0.053312296305151545,-0.081152314584239424,0.99527488710420664,8.8091662123445929,2.0059940032953421,-1.1317136319426948,,0.1469733726038437,0.34,0,3
-0.16028024658122517,0.97939084269910459,0.1228975988089266,-0.98543375088849272,-0.16593862379667018,0.037211500135094923,0.056838060889677015,-0.11514317335215941,0.9917214752462995,-15.023012226949042,17.435554995477233,-3.9995935244381529,0.6443374702941455,0.5752997838737081,0.2413793103448276,1,3
-0.95615600597642936,-0.27806697770224686,-0.091893678491720546,0.28332445247662447,-0.95772154916519714,-0.049966877963662344,-0.074114417383006587,-0.073811856609576773,0.99451438549667259,-19.758628357248444,14.767863912826298,-4.1982227376151293,0.2294010706776576,0.2284196212768836,0.3846153846153846,1,5
-0.98841517162549486,-0.144931882730779,-0.045057717082131153,0.14767002724088815,-0.98690310388630931,-0.064929396995833499,-0.035057261091206111,-0.070830875384107261,0.99687209587644809,9.030394903647819,11.613012790126067,-1.6857772326598484,,0.1386378879528225,0.6481481481481481,0,5
-0.77462766057754306,0.60979617963865818,0.16763235596465556,-0.63241456771209748,-0.74609864905686929,-0.20829935290594787,-0.0019498752998019031,-0.26736758437329833,0.96359263841765797,-0.48567709816433413,-9.1374007413244769,-1.0612258094712079,,0.5784422092192154,0.4113475177304964,0,1
-0.99838302713438698,-0.045660659768989843,-0.033859050185122454,0.048450048552276241,-0.99505204036131112,-0.086741165360364733,-0.029730858131916817,-0.088241379875048501,0.99565532939491053,-21.20232111208697,18.745840475676406,-4.7031530622439144,,0.137197237790757,0.3333333333333333,0,1
-0.20304058946140111,-0.96842700346195032,-0.14465012269913902,0.9790957166908808,-0.20262112613721711,-0.017783610444969403,-0.012087042183229785,-0.14523711030103573,0.98932304390561321,-4.5564730256473291,24.890022889355585,-3.5713267621970561,0.2499595204650346,0.1720376382137586,0.4285714285714285,1,3
0.98262682682405089,-0.18316830726617403,-0.029898000249871704,0.18555207500078194,0.97293799245810186,0.13770290590435286,0.0038660921614884114,-0.14085820545798278,0.9900222317132864,6.0446421551233653,11.892687161260406,-1.8867910563287302,,0.07727696546958718,0.2333333333333333,0,4
-0.8759779941721878,-0.4565514134727412,-0.15563855750460154,0.47757367318096172,-0.86621302262952826,-0.14696389390411813,-0.06771957184237748,-0.20306601459392246,0.97682048161697899,-7.67236473567558,-1.27995830868743,-1.9615671159295915,,0.3019819540524371,0.2451923076923077,0,2
-0.24950251983335334,-0.9624827151744636,-0.10665606212119361,0.96774681304439814,-0.25178777056755386,0.0083080945488390543,-0.03485108949830263,-0.10114317368470133,0.99426126344023313,8.1991253082400544,14.956326618122079,-1.919594484903538,,0.07910976434479798,0.2105263157894737,0,5
-0.16030516611408308,-0.98535047713399304,-0.05819528270358628,0.9864521363986738,-0.16200807106149487,0.025798595028177034,-0.034848763416087253,-0.05327121288977555,0.99797181401361423,2.3733628657513579,4.7507135832187197,-1.6763742873211942,0.2355750709839201,0.2408131832203172,0.8640483383685801,1,8
0.94325293430654378,0.33198246500709183,0.0078450525754348559,-0.33056449387336684,0.93644906503880621,0.11743195467244857,0.031638857633314282,-0.11336133166014858,0.99304994394637469,-9.3226692183569657,28.467191646998486,-4.3171123699718601,,0.6054164958108584,0.5283018867924528,0,2
0.9893561222005548,0.14519134351438864,-0.0096921222014522274,-0.14218001380992668,0.97871539730022472,0.14798991438767911,0.030972683727603121,-0.1450367017549363,0.98894137743688337,-3.6524828254112998,27.265496880846634,-3.7168945460243572,0.2718579355729704,0.1814473897061371,0.4375,1,4
0.076173650727987374,0.99695997735086628,0.016382261606115524,-0.99630601568081567,0.075449833951990758,0.041007873327398817,0.039647169545751218,-0.019445465208568574,0.99902451212662113,2.2660341739813257,16.223321054256779,-2.456877026861676,0.2944414735187428,0.1431360591337075,0.1578947368421053,1,5
-0.049692496793161865,-0.98768726121368988,-0.14833923890415129,0.99822364447481582,-0.054002213305003766,0.025165781720004381,-0.032866569244136536,-0.14682518515010345,0.98861628230156084,-0.41492566418615418,-10.592771970924989,-1.0039123163323624,,0.2245635615093213,0.35,0,1
0.38573880237342439,-0.88870680581443307,-0.24780191613993593,0.92134448777980316,0.35700390697736056,0.15385884843151848,-0.048269153517428325,-0.28766025742533108,0.95651537630960415,4.7424545308971879,7.3818267866902394,-1.7086372817380047,0.8594756193172415,0.6068830292522731,0.6176470588235294,1,3
0.54999252386916864,-0.8300460594869753,-0.092367542016477525,0.83515841026830995,0.54603923442795788,0.065966538664980784,-0.004318963548192869,-0.11342263264213862,0.99353744416523893,-0.34529125442573266,20.188303640250012,-2.8989692379259648,0.8012122674560717,0.7287154173444853,0.7272727272727273,1,5
0.99878433145344714,0.043583571739878327,-0.023028927840535392,-0.039433298976499824,0.98676934144493367,0.15726182536191452,0.029578272006993249,-0.15616254051060452,0.98728840100871906,-9.566300642178863,18.746228245981545,-3.6172047751557113,,0.0846640325993005,0.3333333333333333,0,2
-0.49885997198562093,-0.8660107743812282,-0.034118426196581356,0.86569427503168428,-0.49978432474280704,0.028090050173391241,-0.041378140701011805,-0.015523124588898886,0.99902296373763366,-12.243704972627603,1.4052306200950784,-2.6032942802663332,,0.3070692040503745,0.9330143540669856,1,1
0.99868509107209347,0.045732864591477101,-0.023164497978217777,-0.04190331780578295,0.98853472722806457,0.14506276235135107,0.029533046358152515,-0.14390134870943574,0.98915125284883176,-12.550872476110383,0.1600961973879674,-2.5270377116442742,,0.5547876457066854,0.3116883116883117,0,1
0.91575424196952626,-0.40037248946332182,-0.033106464561484299,0.40168644395775005,0.91385229159692827,0.059346355268208653,0.0064937705068774994,-0.067645094604008499,0.99768831411449288,-8.517083499372351,13.670794198529594,-3.1466947985957692,,0.07424485823065392,0.2972972972972973,0,5
0.95356745968484347,-0.29436208201781155,-0.063718635424294193,0.30116411972677842,0.93407413468192257,0.19184807506830262,0.0030451304388455719,-0.20212984833605743,0.97935399707779491,-15.886455809421523,20.291922535192086,-4.4079495349224214,,0.4664744541756283,0.8584905660377359,0,4
-0.95399612492586405,-0.29554300688278695,-0.050455175246124348,0.29744145557812662,-0.9540843375035849,-0.035378770949709877,-0.037682544102031153,-0.048758671157319626,0.99809950298403216,1.6310988486739102,15.180331909521838,-2.3906178497849564,,0.08431050676322274,0.16,0,5
0.089436924648764557,-0.99247998439163854,-0.083573423355419327,0.99570311750334339,0.087073090941817227,0.03152108227775631,-0.02400704695488971,-0.086033466835940958,0.99600296399192245,-12.507268225490206,18.668449354930569,-3.8901647501597276,,0.07317143974006161,0.2222222222222222,0,2
0.2589255391327428,0.96583143218113265,0.011278732010306878,-0.96515989502361021,0.25825404067667884,0.042085953858529479,0.037735158974521441,-0.02178290809580272,0.99905033040986346,10.495718658307881,20.051412372235493,-2.0780187631705962,,0.1179025806591693,0.5625,0,1
0.22823736817719806,0.97327945129693305,0.025195504572993799,-0.97234653277276928,0.22655026299768552,0.05672035384634299,0.049496706681565437,-0.037444465796979687,0.99807213567399966,11.024602372217043,8.2591214693306174,-1.3848257748482158,,0.08798470899759825,0.3888888888888889,0,5
-0.46876667683952256,-0.88078630418975545,-0.066882651237691465,0.88230480274817458,-0.47051545720924853,0.012387072885771615,-0.042379685373257002,-0.053204237415114194,0.99768395365904372,0.37691736950691351,3.7430005451286017,-1.6971929040616209,,0.1277157491085633,0.4743589743589743,0,5
-0.80004052055217878,-0.5875727392719543,-0.12121650687530228,0.59676919685984564,-0.80015634817320758,-0.060136047071380185,-0.061657855572936349,-0.12044955185706741,0.99080281302768725,2.5670027277700025,12.714550040404191,-2.1480069058437938,,0.2098296195859398,0.1666666666666667,0,5
-0.93827774945109077,0.34464672744115588,-0.029214690638400157,-0.34183997420611517,-0.9368734521753912,-0.073576943696564381,-0.052728520932777134,-0.059048860048831697,0.996861542646307,3.9419134989194169,15.032438886353075,-2.250852739948904,0.5266018955716298,0.2499141247700844,0.5,1,5
-0.86514775776902264,-0.4862786146738684,-0.12268849228063518,0.49965499562485866,-0.85680716732981965,-0.12738274356981313,-0.043176875458452155,-0.17150681305159146,0.98423633874315553,7.6623474327231467,1.1220057441836497,-1.1404946155952702,,0.3502805950097054,0.1529411764705882,0,5
0.7634225954239493,-0.64349803693230889,-0.055643663254932058,0.64589697874295993,0.76081392843583828,0.063081369268161672,0.0017417367424816528,-0.084097816632147687,0.99645598176278116,15.25991524503409,6.9432557181709544,-1.0339166363657659,,0.08357234743007243,0.3846153846153846,0,5
-0.77122048710605806,0.63571529610005495,0.032939680816813005,-0.63653369702848062,-0.76960757978906191,-0.050289419150324227,-0.0066191249533965072,-0.059751447142657857,0.99819134024955836,0.90681790850284782,17.075992161721572,-2.6298026482179524,0.250246297621593,0.2351663691115555,0.3225806451612903,1,5
-0.96775079119484564,0.25117182190039983,0.019264527634647009,-0.25159978042226561,-0.95993922655328923,-0.12334598418976905,-0.012488259815524686,-0.1242151247131717,0.99217672123431377,-13.858581055561658,24.157678466358089,-4.3824776730433967,,0.2920755067196301,0.2,0,3
0.93105377766950348,0.36453176194511822,-0.015983041654703049,-0.36244143297074433,0.9289964615427746,0.074845053992360452,0.042131588546622536,-0.063891853738903423,0.99706707912374004,-0.99381651001012883,7.5530175322419595,-2.077913520101049,0.1414053473435676,0.1186903828652943,0.535031847133758,1,5
-0.88395073529870483,-0.44032399975794323,-0.15730820958248334,0.4658954099587887,-0.85795736049905102,-0.21645007402363001,-0.039655573936231231,-0.26462037488196094,0.96353697004999228,-2.7440302858872907,-9.681410658834178,-1.1920849183673372,,0.5968645010209912,0.3157894736842105,0,1
0.95508517453718267,-0.2909936058800891,-0.055991345011394376,0.29571496057189228,0.94811150813133827,0.11677855215272369,0.019104226580678063,-0.12809094224739515,0.99157840791383289,-3.6622222858201399,21.59477511040971,-3.2691039301170877,0.1807592294733794,0.1589923826053416,0.3333333333333333,1,5
-0.78303029074620933,0.616904284468481,0.079326335969447326,-0.6219597521624064,-0.77772227542288441,-0.091181845787025081,0.0054433871793586781,-0.12073593547689959,0.99266973532012814,-3.5327092058674818,-5.7062786120820475,-1.3865233308871192,,0.7659775881750578,0.2995594713656388,0,4
0.42146059131299218,-0.89438614657544913,-0.14981452127220982,0.90683959704793615,0.41632091894395573,0.065717864204466583,0.0035937718401936589,-0.16355523000986164,0.98652763343982486,-5.8008190328183025,12.130165446919271,-2.7843814347483398,,0.2118902790696763,0.2926829268292683,0,5
-0.74328971299629731,0.66894216918479821,0.0060643911664742317,-0.66895840155580788,-0.74319407785187996,-0.012538725365598776,-0.0038806625441751949,-0.013376730999469058,0.99990299705820851,13.426208911564684,-0.50185768236998518,-0.74816059617446118,,0.1001055761641735,0.3125,0,4
0.60757703317802703,0.78932415345135798,0.088416794405157886,-0.79343527605970565,0.59809925752404314,0.11286160043720579,0.036202368135881985,-0.13872512003053197,0.98966900002671043,-20.17958381474385,16.208876240655211,-4.3701191252607812,,0.2374645745426942,0.3333333333333333,0,4
-0.99859285628374717,0.052867819394475477,0.0041594532742103701,-0.052966226477340908,-0.99041574762343287,-0.12755871476409397,-0.0026241630700577501,-0.1275995318643042,0.99182229922309773,-5.6895577359594913,20.703160782093519,-3.3971617295391381,,0.2154108070225931,0.3571428571428572,0,4
-0.31709242843234375,-0.94406246200753763,-0.090545345872362293,0.94742523931958889,-0.31963691340046829,0.014753287499462179,-0.042869659796866987,-0.081106790221832772,0.99578304908690485,-13.176726897941062,12.831205305372745,-3.4677651593382888,,0.09124567282777846,0.32,0,4
-0.99911388773862264,0.036372980131322265,-0.021176535226076491,-0.0321080032070859,-0.98399844333069753,-0.17526020555967092,-0.027212413672230353,-0.17442496908163926,0.98429437400759379,-27.828349768702239,19.415330174770013,-5.4452686319716053,,0.09582467523726235,0.3,0,1
0.15662887392691577,-0.98493987236849667,-0.073217782478830679,0.9872169934440832,0.15391428775461363,0.041388402726086515,-0.029495825257366107,-0.078764457998014667,0.99645680109509394,3.7148397299309313,7.1139343202476812,-1.7413246787062635,,0.07780167247410763,0.3733333333333334,0,5
0.82297073006768784,0.56798442377896474,0.010624113908311634,-0.56667767885840037,0.81947516511242724,0.085655484632442283,0.039944783583278722,-0.076512404931751835,0.99626816979970179,15.168680511584245,12.095013928772772,-1.3147511379250096,0.7714349027881909,0.5190647304164527,0.8636363636363636,1,5
-0.64648554330311292,-0.75999856475279981,-0.066772927701004639,0.76172210558079767,-0.64790364659175503,-0.00054644548038015222,-0.042847125570283945,-0.051215684187472708,0.9977680479568255,-4.5844568728265696,3.1369866351326414,-2.0574671249468741,0.4821784442745058,0.4181519234288398,0.9745531657073614,1,5
0.48465168303412215,0.87462529881604678,0.011972167854446021,-0.8721062566300869,0.48211056365306987,0.08366649007086463,0.067404920286663617,-0.050990107717690164,0.99642189138742254,11.988282193308162,2.1366143176193999,-0.9751749058530208,,0.1035460530080177,0.2272727272727273,0,5
-0.97891644619603602,-0.20295294162360855,-0.023080183128537334,0.20374158629395292,-0.97822708765817312,-0.03951115015071513,-0.01455875617442666,-0.043380507813219157,0.99895253849245536,-21.623018916904226,16.015914668745452,-4.4631974088389192,,0.1132257562174416,0.2272727272727273,0,2
-0.29493628581143905,-0.95115025638138484,-0.091245696322494019,0.95474717228417294,-0.29718420900483361,0.01180605495267446,-0.038346112281784694,-0.083634536549174035,0.99575842450319052,23.119899759497262,4.3095414382213848,-0.51632825036932195,,0.09961454563736269,0.4545454545454545,0,2
-0.34383754394545313,-0.93689625455048331,-0.063254656609891755,0.93815834814297838,-0.34563875831900992,0.019818237997656842,-0.04043089392033309,-0.052528629879046593,0.99780062430318905,-10.51546474548479,13.134534276725917,-3.3065289101150799,,0.07694705593351278,0.303030303030303,0,5
-0.48959756863638249,0.8612802485510308,0.13597997735408612,-0.87147719577805527,-0.48847284164138632,-0.043838113755119923,0.028665624433463731,-0.1399664832546143,0.98974121139880589,-3.4127111681746167,5.0113672920468852,-2.0727537196258545,0.6089782584530885,0.45179687927014,0.4516129032258064,1,3
-0.00015603541111385409,-0.98761812023286399,-0.15687709915935738,0.9987708864278767,-0.0079295321151673596,0.04892687343892315,-0.049565028770538942,-0.15667664506281384,0.98640546268501417,2.0704593329735008,8.274206476542691,-1.9103175773612942,,0.1570977677162854,0.1666666666666667,0,5
-0.68434226539535303,0.7234479743934602,0.091097157691976099,-0.72801283600594735,-0.68491951628496106,-0.029708026231211226,0.040902009781125515,-0.08665035809490812,0.99539878492887979,15.746702164700242,4.2266203255619752,-0.89098107788872416,,0.1811807226283849,0.3888888888888889,0,5
-0.3656658900118509,-0.92409835979144528,-0.11104358744476049,0.92991117875760831,-0.36778095043788639,-0.0015401677315731656,-0.039416449655916071,-0.10382386009856398,0.99381434361290921,-2.7811159771615572,3.7545241395913296,-1.918005372201929,,0.06870939265219739,0.2269938650306748,0,5
-0.65944352551241314,-0.7347925239751415,-0.1587897457961297,0.75054295092241519,-0.6555115489433051,-0.083605550190290909,-0.042655778980480459,-0.1743116631559378,0.98376619610930849,-10.063535672555718,17.806971583908442,-3.6023260086557904,,0.08724823009431852,0.2,0,4
0.99499549222715533,0.09987493709023873,-0.0029945598777412165,-0.097597270269805789,0.97785526262156486,0.18513200209362335,0.021418293198175221,-0.18391324668041656,0.98270909958743413,-2.2776448477795985,11.909231703819991,-2.4775171760726278,,0.2067579384216089,0.3333333333333333,0,5
0.42997817815073114,-0.8958276248811281,-0.11230152632095716,0.90271448465253845,0.42451180463889515,0.069973472978926726,-0.015010846501183785,-0.13146328088887455,0.99120738509418527,-23.525833086639345,17.552060752356162,-4.8194939350616774,0.2551539561621297,0.2639288487205345,0.4358974358974359,1,4
-0.15445273143400876,0.9576277781317486,0.24309132502626202,-0.98795030699098585,-0.15216923218757578,-0.028261558553274713,0.009926966756793925,-0.24452722409967659,0.96959161093994384,5.5115305346998973,13.64462368672646,-2.0388129981471885,,0.5785080289775796,0.3333333333333333,0,3
-0.74305672289579794,-0.66197610968285525,-0.098256484613025136,0.66792704506964684,-0.7427268541235047,-0.047225868211525697,-0.041715333198805708,-0.10071966229567424,0.99403992907888661,-20.118297474356229,22.227259206345877,-4.9058683885020571,,0.1798249009765591,0.3333333333333333,0,4
-0.99060487612121662,-0.13346600446991677,-0.029812833741609451,0.13291670615217879,-0.9909311613094135,0.019712502926633551,-0.032173414965216841,0.015564677857679685,0.99936110199099826,14.741376180773424,-2.8463132689789434,-0.58575637606541131,,0.08542920885716088,0.2307692307692308,0,1
0.97546277651980517,0.21934386454200755,0.018990542700275594,-0.22010329457913946,0.96952499818877025,0.10759097361059056,0.0051876140644956459,-0.10913087086083219,0.99401385386999286,2.4728470108224747,9.7223550540613992,-1.9816265277083394,0.9529221126291981,0.8190011033426627,0.8716981132075472,1,4
-0.23388237965588693,-0.95238166801651414,-0.19562257260495702,0.97208882284166853,-0.23288690890553412,-0.028407889163482032,-0.01850278337977157,-0.1968066210433673,0.98026771900368814,15.311991247071379,-1.2169613642074333,-0.62894600709499038,,0.2546313217413774,0.4,0,5
0.041936226238622407,-0.99593147222763889,-0.079761240934123748,0.99866185283795572,0.039365124121663896,0.033539390112942061,-0.030263123023329778,-0.081061024107608348,0.99624959410556413,-12.411356636452973,23.318672352658879,-4.2156709695923302,,0.08321048489663442,0.2173913043478261,0,2
-0.87397964935160422,-0.48351240473942458,-0.048737326376680254,0.48595760781220071,-0.86911343296743537,-0.092125154246839744,0.0021853898259889611,-0.10419978454228941,0.99455398494634273,5.2029090373978581,22.445270425662084,-2.6297734469496685,,0.3860055835757342,0.65,0,4
-0.15861729125602966,-0.98541968303145577,-0.06155163043158754,0.98669083231551213,-0.16046517999334314,0.026308314925656096,-0.035801624811220151,-0.056559475809901734,0.99775711942184986,-2.1663018255194486,9.7400266442327901,-2.3407155017228423,,0.07487307643557804,0.25,0,3
-0.94793224646506846,-0.29360733330278999,-0.12336608100492298,0.31553721200087653,-0.91833674767399887,-0.23894326881972727,-0.043136109634536263,-0.26542861884575852,0.96316505560741272,17.795757651797945,0.71409862777103861,-0.62705497484280459,,0.4231096271627564,0.3076923076923077,0,4
0.50823792949088287,0.86109365433868934,0.014557660679654253,-0.86036363097339841,0.50690977400909976,0.053074509063346466,0.038322702476364164,-0.039499360395926275,0.99848443703606249,25.586156854325612,-1.1811543853874606,-0.18318045774058772,,0.3123941161808403,0.7777777777777778,0,4
0.82138550248722286,-0.55821066069787084,-0.11716106258932761,0.57026629317140842,0.80770034048081751,0.14972145757944752,0.011054916388422611,-0.18979203953385301,0.98176207430987428,-9.1248780589588474,-3.0618550945053582,-1.9544979299873064,,0.2060152573179941,0.313953488372093,0,2
-0.19889904838789363,-0.97193500758621076,-0.12562447842193175,0.97934054911308943,-0.20189379762562731,0.011444795462340849,-0.036486400387855347,-0.12075278675332644,0.99201184825486977,-0.54790010034416137,0.99588677899975875,-1.5534309065653007,,0.7423579187304612,0.2736585365853659,0,1
-0.76307452956944766,0.64233883581420892,0.071540773879045477,-0.64630941256984586,-0.75818101334305343,-0.086288436245658504,-0.0011855572473038593,-0.11208198343599723,0.99369825573111792,10.742223360377864,-5.8279847663239659,-0.65875413705401253,,0.2018409975602366,0.3269230769230769,0,1
0.6301764066922515,-0.76348862751578594,-0.14128981599005905,0.77643816112512465,0.61855803664649434,0.12053935974888375,-0.0046344791593514803,-0.18566386550456468,0.98260238685280299,24.699128107645581,0.2747226631067492,-0.28056947371125318,,0.2279724614211889,0.1176470588235294,0,4
-0.99959212972104716,-0.013078063729637187,-0.025387761792351353,0.019300053776206243,-0.96460197270698544,-0.26300293187344559,-0.021049516003394796,-0.26338564596210684,0.96446094756456924,-1.0571535134045029,-16.502636435297042,-0.73828080772377946,,0.3249013453201502,0.45,0,2
0.17088387534053076,-0.94068882113814378,-0.2930925501174183,0.98450231925745746,0.1511166072517463,0.088988507063604283,-0.03941934201999861,-0.30375699629547764,0.95193371758555756,-6.6968299128789468,4.1906142799896626,-2.3146106270749836,,0.2739132140582285,0.2183098591549296,0,3
-0.8587232034989396,-0.50889028769034284,-0.060209092892676411,0.51230173742191298,-0.85527199798539222,-0.077825055711927368,-0.011890736184447744,-0.0976754040509452,0.99514728851385448,12.280970708718895,6.7514094599409873,-1.2204775975223685,,0.1723521251683965,0.1724137931034483,0,5
0.82111088457642489,0.56034387907321948,0.1085893752413149,-0.56928419276959108,0.79030439887341675,0.22657110359444263,0.041139070149882953,-0.24785821411949555,0.96792245691516976,3.6301411911567811,-15.05018155268856,-0.57775503275610629,,0.7300036778003901,0.25,0,1
0.96517238416971951,0.26155795991821768,0.0054499944549479835,-0.2594406839412241,0.95426388888554847,0.14856298962103473,0.033657099581645873,-0.14480284518078296,0.98888792877418696,3.3933565570807409,16.822698324821459,-2.4124053393461833,,0.1242752607589837,0.2307692307692308,0,4
-2.749568199975232e-05,-0.94970073035078972,-0.31315894050012949,0.99930358735373059,-0.011711327970058239,0.035428591548955508,-0.037314066328295828,-0.31293987852038602,0.94903966876295198,-0.42710668576082583,10.979650134363185,-2.2555308536200998,,0.1776018385333775,0.2,0,2
0.71034110705285225,-0.69613947179618008,-0.10394877314458291,0.70385440697133972,0.70210433380388981,0.10788177900285263,-0.0021178805330689904,-0.14979766440479619,0.98871440483130224,-14.350208848724536,-13.230588451354135,-1.7583059893994073,,0.08117066879716803,0.4117647058823529,0,1
0.92048400321400192,-0.37302612831922088,-0.11645045048559559,0.3901750368987375,0.89388168128597534,0.22076906586392112,0.021740294574703885,-0.24865045234732946,0.96834927177092189,12.819779875448425,15.413557954473792,-1.5964453092048285,,0.2421421483188423,0.1739130434782609,0,3
-0.73197232289203162,0.68122698266478299,-0.012096140271997404,-0.68133390002556504,-0.73183569045111829,0.014164704652389169,0.00079699184293409041,0.018609682194265169,0.99982650721644295,-14.867541957538149,20.112319691507839,-4.3214530894642476,,0.7054449343126081,0.3333333333333333,0,1
0.75580385870359201,0.65424232379838287,0.026972373266992724,-0.65345311182459542,0.75097245525398648,0.095075770291666764,0.041947083516200807,-0.089483815300268943,0.99510456183448048,17.556344542863503,-20.367518885838336,0.24640038593255173,,0.127811631229209,0.3636363636363636,0,1
0.33414225480131821,0.91368669587980589,0.23135594941244547,-0.9417104169723034,0.31345181793464716,0.12218612195873844,0.039120891121519452,-0.25869785388693878,0.96516577657527347,-9.8924606180947841,-0.34810389501504529,-2.2536544492265178,,0.4630484092076184,0.3167701863354037,0,1
-0.72693675041877226,0.68336442921557872,0.067646269471883652,-0.68554266046071988,-0.72790491134755453,-0.013627205309533073,0.039927704404771655,-0.056280519888999299,0.99761629973752453,8.2661051191131687,21.740292382677282,-2.3302205334572261,,0.3426356461611245,0.3076923076923077,0,2
-0.98237372916039845,0.18682143406609381,0.006293491001124551,-0.18666863111277301,-0.97868661983774619,-0.085599779842309195,-0.0098325181910122635,-0.085265772289098818,0.99630972576903409,-7.5436526584777237,-5.435560780063236,-1.6518385255865116,0.8310433757994917,0.4784522210193575,0.3085106382978723,1,4
0.2455229974918908,-0.93740270735691522,-0.24697089290546523,0.96910322993601949,0.23114599784445294,0.086084013661466161,-0.023609053987238771,-0.26047589508516505,0.96519164969937976,-12.402774457604664,-11.744240377177629,-1.7584617539917118,,0.7608955049883837,0.2631578947368421,0,1
0.83313426177073924,-0.54764462163127692,-0.077283052877462732,0.55295242843719261,0.82767462154080407,0.095907938892973235,0.011441754635393948,-0.12263804163318343,0.99238550825535599,12.78892293119382,7.4654114645753964,-1.2337866331117204,,0.122207183680323,0.3333333333333333,0,3
-0.17145344086886155,0.97177258316519133,0.16205481857285234,-0.97122814797535473,-0.19431764480420455,0.13768274219418597,0.16528642471356036,-0.13378602141553983,0.97712931502396894,13.807937654615666,-6.5828587797874683,-0.48029986839324174,,0.2602576257301452,0.2222222222222222,0,2
-0.08094660457864955,0.9846150064162762,0.15485779395000665,-0.99629310452048747,-0.084467982987800783,0.016285261278243961,0.029115238142866422,-0.15296551568849615,0.98780253791840156,-10.947349012052507,-2.0068432536166392,-2.1930584739823229,,0.6532722030322753,0.4697986577181208,0,1
0.50820168459189985,-0.82230603179362172,-0.25601530785049365,0.86114317752258784,0.48076195470935945,0.16522823823528893,-0.012785757085789873,-0.30443510471012314,0.95244726438574034,-16.341506734874716,22.744174675409003,-4.6243471555039521,,0.1223254125845083,0.1428571428571428,0,1
0.50914395333811346,0.85870160470065493,0.05834371314681832,-0.86017897073909277,0.50536043180267742,0.068578220058906195,0.029403623543249709,-0.08510222119740965,0.99593827061208728,22.642034660532222,-3.146134832989377,-0.22932896888396892,0.5043223880204381,0.3564746227459732,0.1666666666666667,1,3
0.57053676560439348,0.81260320161606692,0.11901191460099041,-0.82125531625173198,0.56357763029621311,0.08899415799911381,0.0052444849073645808,-0.14851360662586124,0.98889645768656398,-2.0836582405393442,-14.914498143697076,-0.88807932013475355,,0.660341667614497,0.3023255813953488,0,4
0.67113000170014281,-0.72536780400677292,-0.15305577326046368,0.7408375772805077,0.6486286704708496,0.17447215231195631,-0.027280119265036627,-0.23048296412882738,0.97269388727352202,-8.4557065047665301,-12.079064733613681,-1.4339113760110591,,0.3831775368377341,0.2173913043478261,0,3
0.50270037118476418,-0.85192985550018652,-0.14665557649858491,0.86437935550720502,0.49303923130814586,0.098795982529769233,-0.011860294416669966,-0.17643082978466279,0.98424158402185291,-6.7443368797204535,9.100475706493782,-2.6693090306894343,,0.1530234624003252,0.1607142857142857,0,4
0.46637888225860247,-0.87865908178754204,-0.10222013586124294,0.8844628779220739,0.46126992609552669,0.070395119558327918,-0.014702236599254435,-0.12324071272149391,0.99226789274211569,-13.143210236652953,-6.1359332061630205,-2.0552400335708323,,0.4472618053933641,0.1052631578947368,0,1
0.4596522809496757,-0.88495304026219856,-0.074685320836496816,0.88788905606655011,0.45608746161800706,0.060309630011242198,-0.019308152035092858,-0.09403373801744315,0.99538176162689229,12.416605232287864,10.941550988840381,-1.4457947931836697,,0.08845087931812216,0.3846153846153846,0,3
-0.59148017687082788,-0.8035340541755488,-0.066964349836761902,0.80630229879361703,-0.58996736213322654,-0.042604161506724907,-0.0052728862099124495,-0.079193026194032068,0.9968453547432764,18.971229110818754,3.0242757900225095,-0.66002802264065918,,0.4034796691303643,0.5641025641025641,0,2
0.46407329641920902,-0.87646791302699367,-0.12821845804998322,0.88532570039054304,0.4542213903979424,0.099404892902485872,-0.028885632736769966,-0.15964625250555189,0.98675158691655029,14.878492652896215,8.5485688541257279,-1.1392755667333017,,0.3137609421144026,0.4583333333333333,0,4
