axis_00,axis_01,axis_02,axis_10,axis_11,axis_12,axis_20,axis_21,axis_22,location_x,location_y,location_z,dbh,dbh_approximation,score,reconstructed,number_clusters
0.75790559329961071,-0.63567804552557805,-0.14660332220637279,0.64043963569616713,0.68224914181888885,0.35266582130502705,-0.1241619292477565,-0.36117797679837826,0.92419385650484842,7.6720672952450633,-10.436356706533349,2.7208590348060948,,0.1344913383316264,0.3260869565217391,0,5
0.99212398561622384,0.087753366766203961,-0.089383129203313372,-0.04358086408151618,0.91082555429837908,0.41048449169604395,0.11743383435317323,-0.40335611593013843,0.90747624668134708,16.004145014295144,11.747146995794798,-2.7306756560395811,,0.2104375254351424,0.4814814814814815,0,5
-0.99181518575987337,0.064759391457163681,-0.11004025860659448,-0.082878362131038705,-0.98212294370591868,0.16901390634174854,-0.097127824986379438,0.17675051531613364,0.97945160214729166,7.7721771867365721,-11.144753735845326,2.9309684689370248,,0.07044415952566468,0.2941176470588235,0,1
0.14569827124200396,0.98903227455112042,0.024231666334116119,-0.94980369846964674,0.13298142453405506,0.28317640279916079,0.27684824025171373,-0.064273638648593021,0.95876167593641237,11.319146079782504,-0.85552550255750814,0.44453775252635208,,0.6856610339182743,0.5648148148148148,0,5
0.87879844884260039,0.46838102904127343,-0.091282517198395127,-0.42287312486743278,0.85301899336734288,0.30583805717963741,0.22111446487439479,-0.23016908695304961,0.9476975175838056,-5.6852560502686407,12.655078769818697,-5.1648362021083578,0.6611243449266391,0.7360603077058374,0.9860074626865671,1,5
-0.43568262213986431,-0.88551520044611109,-0.16137993228470501,0.85524026467222869,-0.46315643039349541,0.23248701182760992,-0.28061493625377132,-0.036728065073442701,0.95911746245559149,15.867698856049655,-4.6370837403780163,2.2178577768595513,0.4669582857784753,0.1671679155495931,0.5172413793103449,1,5
-0.98475906435280902,-0.10575648588607457,-0.13807661231363516,0.097312867279273282,-0.99302622073997537,0.066551715115157062,-0.14415197201865801,0.052100773659428404,0.98818303888865755,9.6317063291081464,-8.0764020999679023,2.3830246400078532,,0.1155340248967195,0.2631578947368421,0,4
-0.80670591746632758,-0.57657854491622107,-0.12954823143179039,0.54892191321432926,-0.81229947230999566,0.19711494230022963,-0.21888420664344771,0.087901927323557796,0.97178338906099482,14.761863910984678,23.482792361376877,-6.4525501596528603,0.4059981147195107,0.3107594639728708,0.8409090909090909,1,5
0.90865925036588202,0.40639115404863574,-0.095836301240875929,-0.36362737747126167,0.8830195820008897,0.29673481116368366,0.20521573301744295,-0.23478212818268879,0.95013886101354761,-8.5392940632596872,-5.5652840226705793,-0.94677403085850109,,0.08068598275514896,0.2962962962962963,0,5
0.98584373424101812,-0.095873781410041686,-0.1375512620656931,0.14684099195494285,0.88969031870563464,0.4323064421023064,0.080931172853319383,-0.44638476098496682,0.89117382727556615,-10.870104609221281,-5.3641556785296265,-1.3272091337501255,,0.1208136645291554,0.2857142857142857,0,5
0.76376230355987906,-0.62185588771342981,-0.17309650076488742,0.64240989650094649,0.7060720535381364,0.29794593484402726,-0.063060832047710638,-0.33875877867382331,0.93875759455403052,-6.6029474466699796,0.45521058814543192,-2.2514771182861324,0.244925296098808,0.1102829410982239,0.2345679012345679,1,5
0.47626087865350697,0.87894239488120507,0.025215906580611087,-0.83036508106733309,0.44013526220499699,0.34172325514629548,0.28925664661029205,-0.18368782606430656,0.93946227968319096,7.8464525134359349,23.816975778635701,-6.889297521248956,0.1728794155035565,0.1473673985398693,0.1666666666666667,1,3
-0.1403368434619936,0.98916197706352194,0.043175843928158576,-0.96239028992640052,-0.14652417462619505,0.22876974473363093,0.23261663788839845,-0.0094471891003136792,0.97252262204824858,9.8089723618460347,6.99285435945127,-2.203401922433728,,0.09162554324642067,0.4166666666666667,0,5
-0.76133730067115335,-0.63408726609557642,-0.13527325523621109,0.61339553757185594,-0.77201953749775565,0.16652852070647381,-0.21002721036498401,0.043808363324716403,0.97671357019809746,13.105348543300012,-0.67150720262536034,0.62238478402093311,0.3470031697403126,0.2940753997998805,0.3125,1,4
0.4866904498118097,-0.85970011741101238,-0.15507454396344206,0.85397606961698413,0.43082435304551858,0.29174517878525019,-0.18400347437889772,-0.27441954184496681,0.94384142548952166,-0.19977328126727989,6.6759635760205054,-3.26659902806432,,0.1034676079251153,0.4201388888888889,0,5
-0.87186107410290659,-0.4503736801881385,-0.19241053936288866,0.43566182922940616,-0.89268234577789596,0.1153993071424594,-0.22373430227976454,0.016786236334103186,0.97450561017016302,5.9072735952303805,-4.988740207965928,0.90515861991601854,,0.0785468918694152,0.2181818181818182,0,5
0.93848501564016862,-0.3172687938406899,-0.13633190335995288,0.34465617292235889,0.88505946994389728,0.31286076316652689,0.02140088515428077,-0.34060277027279517,0.93996369876560237,-13.750911613451294,-9.2674295279498971,-0.74750316263961603,,0.09396844620154865,0.2352941176470588,1,3
0.280989791144303,-0.88659050597868272,-0.36742619936681847,0.93634156517276423,0.16928797730856512,0.30758097156455072,-0.21049753110784752,-0.43046353556049172,0.87771973542256765,21.039485427203342,13.32893450781034,-2.4975665373698592,,0.3408626597226071,1,0,4
0.94655447646368918,-0.28442170695833907,-0.15211481090760628,0.32096012035473737,0.87725985775657533,0.35693100609331474,0.03192529136005718,-0.3866774296229587,0.9216622706782337,14.704867406435604,3.8374211860239549,-0.48266386124380839,0.4516891800945493,0.4624493137110889,0.8275862068965517,1,5
-0.012943337167523933,-0.98647910380628201,-0.1633751749089328,0.96493099801073456,-0.055164216481753472,0.25664192622789395,-0.2621843609008313,-0.15432396759256425,0.95259827520603535,16.587137928520377,0.43885319416749624,0.84114416943462478,0.3700352898183957,0.2999240911179799,0.2962962962962963,1,5
-0.37299813771633905,-0.91389274064310622,-0.16022623961128996,0.88445795466266175,-0.402401894684002,0.23623471715365069,-0.28036853549227486,-0.053598262607633292,0.95839486150091591,-4.8519109398614866,-0.45667053803064983,-1.8369835846308504,0.5485796613543867,0.4062623397603392,0.910873440285205,1,5
0.99106980790742283,0.013088113923823735,-0.13270017757433392,0.035607627839022764,0.93305702313250061,0.35796185330673486,0.12850187817312395,-0.35949032373213019,0.92425860799288551,11.879917341356844,8.6137407460964877,-2.3571024012348611,0.547867493427236,0.3652767841217928,0.7016574585635359,1,5
-0.79272951814292048,-0.59226465632991487,-0.14423067609666995,0.56146960719933137,-0.80156469064458646,0.20553813977770183,-0.23734319298501722,0.081955009451878447,0.96796259492266579,-20.081626236903908,-9.1165305877530738,-1.6518109173066822,0.2329684425608246,0.1754989404437483,0.4117647058823529,1,5
0.8207631937146137,-0.5454815217270006,-0.16969881937651615,0.56880297211218755,0.75276217142008794,0.33137937804766276,-0.053018475645094501,-0.36850918948285366,0.92811099471289571,-10.813111540432624,18.335558312234738,-7.1117928126560734,,0.1446402665918249,0.3333333333333333,0,1
-0.47309253304828308,-0.86679257096156914,-0.15765181286554431,0.8376846935389527,-0.49799209685919865,0.22425036382652633,-0.27288790626282844,-0.025971337886443388,0.96169521170892713,1.1182639462921082,4.6113584356206152,-2.5286755342900413,0.4569473445669833,0.4052150662816317,0.8612191958495461,1,5
-0.48053547752445075,-0.86291759240313115,-0.15639336162871967,0.84186304826294178,-0.50385770756103887,0.19337533064163431,-0.24566697541544985,-0.038738085297516295,0.96857993884743787,-10.377091633580953,-14.659315189169726,1.1667910072478302,,0.3906638230604395,0.3684210526315789,0,7
-0.61510738596066639,-0.77228505377045709,-0.15880396550274933,0.74167556321899353,-0.63510015820603793,0.21578959189556526,-0.26750750019471381,0.014952751232738924,0.96343975035813623,8.7499544397403302,-7.9745671272167273,2.2088841874555269,0.5699418455159525,0.5196469458404571,0.8465909090909091,1,5
-0.89153200830314105,-0.42563707423232017,-0.15493146617107392,0.40013777741691964,-0.90036209924316379,0.17099078726729799,-0.2122744385337432,0.090449827448111114,0.9730151034078508,5.8577065003661186,-6.6392277024179309,1.4220412747954563,,0.09403308056197708,0.1639344262295082,0,5
-0.72983332044178151,0.68239066955563943,0.041064564728357976,-0.67795294240727255,-0.7301927243676527,0.084843344829547862,0.087881353279546742,0.034081657588071745,0.99554774288418946,3.1153739183172569,18.196225790512084,-5.998272817017563,,0.1053421023071558,0.5789473684210527,0,5
-0.98910330294513826,0.098075543851369268,-0.10979910655955273,-0.12123229708738438,-0.96573455325031143,0.229476584429299,-0.083530750301514842,0.24028724551394559,0.96710115985732681,9.349887736569876,0.37426470326527755,-0.230636267226624,,0.08519938238886425,0.2666666666666667,0,5
0.49352057875271488,-0.82169329915368405,-0.28505711791414828,0.85446654598184268,0.39693375708887074,0.33515744700241057,-0.16224783556474862,-0.40897886816955303,0.89800441270926179,-9.5119549012344429,-2.2371890275953756,-1.9501756016494722,,0.0969399085236328,0.3333333333333333,0,4
-0.37245528338707495,-0.90070055274609018,-0.22364162439031959,0.87740037398900528,-0.42027275623179366,0.23138581221259844,-0.30239981084816581,-0.1100423766201833,0.94680781035370332,1.6207599026669843,24.75337212220143,-7.6559412623954106,0.3014026271036688,0.1488796631032602,0.4666666666666667,1,4
0.76617613776669002,0.63944252855973105,-0.063932609723471784,-0.59268106682874633,0.74157329695296537,0.31432180686208538,0.24840144713679777,-0.20293422066138717,0.94716124453278705,0.66824944824501331,32.702045157011646,-9.682150692860418,,0.3481132855835348,0.9838709677419355,0,5
0.94632237383485629,0.30639838703501343,-0.10292712568562275,-0.26178527114527927,0.91332324462817571,0.31194410177666948,0.18958490602090272,-0.26825487739126502,0.94450880576352603,-1.1547690111288424,13.679545619263839,-5.1118437582776659,,0.1384915473973182,0.4263565891472868,0,3
0.65728655713910888,0.75201909740464923,0.049413145446477125,-0.70811585937478561,0.59381047525369313,0.38204849061459778,0.25796571769544585,-0.28610556900850548,0.92282029229758145,1.9434804657812941,36.681059510592576,-10.544120185023273,,0.2200118275119825,0.3157894736842105,0,4
0.60156544491181008,-0.77964403416743577,-0.17399481450658336,0.78554197261438663,0.53780668617979321,0.30608459216596534,-0.14506145163051426,-0.32081014367914507,0.93596903098522033,8.1431112565262769,-2.2089786006730607,0.39198959993062465,0.5986536462179486,0.5217156305103301,0.6068376068376068,1,4
-0.69059156841571323,-0.70096122988414655,-0.17814780333316424,0.67267376558906178,-0.71300177822899946,0.19783444930172778,-0.26569397946012796,0.016787448930399872,0.96391124634846514,4.8686799180173237,8.6416560289496847,-3.2801772375763738,,0.08472716892095215,0.3125,0,5
0.26206281471560378,-0.95039891055332737,-0.16752609337767593,0.93969588090232059,0.21177288581444348,0.26855892509659024,-0.21976062558736145,-0.22780288771846882,0.94858373999799295,-9.3711102198326159,-3.1350023452535298,-1.7158643667227347,,0.07879652586459009,0.3676470588235294,0,5
0.16582176233037779,-0.97020453236537574,-0.17665307389154439,0.9574941718875819,0.11552457017502916,0.26430850248750831,-0.23602553662466733,-0.21297239037856169,0.94812167309764628,-7.4980469680174346,3.6653861319040715,-3.1450111982701747,,0.1111918021354931,0.3414634146341464,0,3
-0.60020487305535764,0.79941584877274996,-0.026237589286119987,-0.78419965256138902,-0.58169030340075256,0.21602614622340924,0.15743257376794534,0.15023545407288316,0.97603498556983903,3.6312945232637195,11.115663564033698,-4.1145468844491049,,0.1271040264503258,0.2727272727272727,0,2
-0.94856638691359241,-0.28887158294853277,-0.12951840866262637,0.2570520328844752,-0.94160224271090409,0.21750739967125518,-0.18478653091513131,0.17302723799044314,0.96742726491749587,-11.740468914389401,-7.3064720826257892,-1.0399169158255819,0.1573022259367458,0.1077825640360282,0.4130434782608696,1,5
0.96686759754897478,-0.21347891143456749,-0.13997786675966523,0.25222646309755875,0.88342074666111436,0.39490453996126124,0.03935556025735476,-0.41712652605825928,0.90799592572621091,13.339568324998977,10.428721362090572,-2.6798287227618762,,0.2344950968549701,0.4117647058823529,0,5
0.92994272745118778,-0.336692556827828,-0.1477993431561406,0.36641543596317488,0.88215356035335302,0.2958797462548261,0.030761208502970039,-0.32930717898740641,0.94372163794139741,9.6029132250544951,11.683262910477945,-3.5889039977726029,,0.1031033059825655,0.5263157894736842,0,4
0.62749426416968301,0.77098123659544304,0.10880662319872642,-0.72849073896509686,0.53200152267974321,0.43159659765633152,0.27486758935210093,-0.3500890068028355,0.89548059478671493,4.6586720231115146,14.87548024433357,-4.9765325283336379,,0.4161189324547639,0.2826086956521739,0,2
0.28244271851560682,0.9591542455332015,-0.015787464430661265,-0.92105894242772257,0.27575081882680585,0.27497619986149968,0.26809799576169746,-0.063123840123852595,0.96132140591821802,17.338832040228581,6.1824668080053078,-0.82165407223908549,,0.1554152585414229,0.5,0,3
-0.15126777982974243,0.98478481258700512,0.08553906524716183,-0.94997505266426197,-0.16874902376945555,0.26281393854281926,0.27324980896775325,-0.04150469702134163,0.96104729437434733,-15.734821049438995,-17.939529692366257,1.1933207067959122,,0.2474413425736216,0.1935483870967742,0,2
-0.28084021655620423,0.95933872136979836,-0.028248724665442121,-0.93860253522134163,-0.26838649239787349,0.21678092991413112,0.20038476399350721,0.087395127890093585,0.97581147665947221,-13.466112107245856,26.923469400146807,-9.3628313366500109,,0.1753728347454288,0.3333333333333333,0,4
-0.91062968274183709,0.40199944463605419,-0.095655775684516511,-0.41322327161993039,-0.88607960808840325,0.21002251289236518,-0.00032969868612927808,0.23077992686151588,0.9730059180994588,-17.869559461562027,-7.269303525994534,-1.7827976060972286,,0.1813064797268331,0.5121951219512195,1,5
-0.26605667415287987,0.96203934142657344,0.060779533448628728,-0.94030994888137032,-0.27289373260110711,0.20333767664097463,0.21220519827144294,-0.0030522540130421359,0.97722036285170455,-5.2315136747453499,-2.7955782351599634,-1.2383991536604959,0.295074423916703,0.3314389258666599,0.2934782608695652,1,5
-0.52634559920978297,0.85024099194845748,-0.0071109635774391717,-0.83360744791826946,-0.51436484177165476,0.20131426259560445,0.16750800866730531,0.11188862837538768,0.97950089426839748,7.9851928239790686,-18.724575711662027,5.0691662637582207,,0.5405204295106207,0.4019607843137255,1,3
-0.8564068225341831,-0.48385016287626181,-0.18015652694676548,0.46256062921828089,-0.87404833955908479,0.14858386322611031,-0.22935783966128956,0.043914917723050728,0.97235099701048533,10.122576822787705,-6.7189266768056086,1.9714703232520578,,0.08162498900330301,0.2352941176470588,0,3
0.49379243805249445,0.86677359650251484,-0.069803728612940985,-0.8231968145027968,0.49181184067106742,0.28366902891959161,0.28020712466784448,-0.082611414355597934,0.9563782314040542,8.2099539837317117,8.5648739417336195,-2.8869473878143195,,0.07220140721733564,0.2571428571428571,0,5
0.81840813947913793,-0.52799122915672492,-0.22678928362659814,0.57220391107344548,0.71250679354221902,0.40609943771007206,-0.052828035989871569,-0.46212480034050879,0.8852400056050882,16.526152482425331,6.4582201866216584,-1.0469567351171953,,0.1179090584460417,0.2380952380952381,0,5
0.39901048065911221,0.91574964139870707,-0.046831939980372689,-0.87074993791202093,0.39442035208095849,0.29364456659462557,0.28737637681339984,-0.076388350829649135,0.95476679765643846,9.8017085680996203,22.148229292408068,-6.3063714008666079,0.2385669629076838,0.2659368199086553,0.4761904761904762,1,5
-0.95428529833645304,-0.26776232976742653,-0.13282659423634599,0.23887482737950499,-0.95032431409479479,0.19955579391405667,-0.1796618663582194,0.15870423056042862,0.9708422018942644,2.2631009392707351,7.5866523010536655,-3.2392354795224625,0.3446392637735293,0.285945489484637,0.5010141987829615,1,5
0.83481407433168053,-0.52919266497342898,-0.15179125348998126,0.54914255602207096,0.78085407559531039,0.29784117544715039,-0.039088546446323445,-0.33199704210205488,0.94247018497785928,-14.904831418888957,13.317537647470639,-6.2648199214504885,,0.1513187884611825,0.8,1,3
0.1272764239566074,-0.95224576919679227,-0.27754046002633082,0.96090070677442652,0.049004189917648787,0.27252233136189491,-0.24590759163804884,-0.30137449198186039,0.92125071069576381,5.3310551728573357,-9.4023925329996185,2.1312591914256074,,0.1330165151555653,0.2613636363636364,0,5
0.74511480833219168,-0.6413605164574615,-0.18292241615914617,0.66175191749034523,0.67683973626717486,0.32244747030738596,-0.082995916176236195,-0.36130964468056981,0.92874486192865036,0.70134637540549805,7.0119530228180134,-3.2410862368288544,,0.1107220412906087,0.2734375,0,5
0.98887615147073959,-0.06950273914764464,-0.13150409234466856,0.11514468345319318,0.91737484139821479,0.3810053834817369,0.094157628075926994,-0.39190913439287928,0.91517297351623128,17.710816117988831,9.2639450272668409,-1.8077264213060256,,0.4316945638231506,0.2307692307692308,0,6
-0.99049164872901618,0.082954646348604139,-0.10974889724845382,-0.0942959372555109,-0.99024947759346205,0.10253900888431805,-0.10017270094780503,0.11191290709766923,0.98865612384173729,-7.1051703779433097,29.143174133858707,-9.5021253982537726,,0.2607963807539676,0.4705882352941176,0,5
-0.841413616761582,0.53686096171459829,-0.061671981604866172,-0.53833427436070569,-0.82278465291391878,0.18226800042205732,0.047109814017109071,0.18656291892066715,0.98131286688144204,8.5737458949098393,-9.9951362746133015,2.738972210437626,,0.09927951973411922,0.3125,0,5
-0.42617285689723783,-0.89518785455584837,-0.13044309525515099,0.85983819934534622,-0.44564891182913541,0.24914918890508306,-0.28116715133635334,-0.005979334511913654,0.95964018286449182,-2.9556209480606515,5.1520751482188647,-3.0573297734400824,0.1701147805622438,0.1492668955351017,0.7603686635944701,1,5
0.97959699687618773,0.1783155607265807,-0.092699970409491211,-0.13079207163835921,0.9158601574138735,0.37959663599455418,0.15258819648879066,-0.35972730347389648,0.92049612135396786,26.529632676158815,-10.24866809515628,5.327085230297512,,0.2168557266130889,0.3181818181818182,0,3
0.9516121298961141,0.29198771642159765,-0.095799413847282522,-0.24972710330082537,0.91645657374223821,0.31263992438845156,0.17908302016540018,-0.27358823421985545,0.94502843871753461,8.741918153368001,3.3909912885904649,-1.2548915302417336,0.1722724407321992,0.101515939500771,0.4393939393939394,1,5
-0.98660381304796474,0.11750233102201182,-0.11316412100842836,-0.13943128533665433,-0.96748201310059034,0.21103902718738252,-0.084686673972857951,0.22399052777120251,0.97090494422481577,-2.9924653731853748,-5.3852805984687766,-0.25564646884364101,,0.0833795613637182,0.336,0,5
0.9822262071456529,-0.14716330522593926,-0.11651025530503122,0.17686529391861883,0.93348775590641475,0.31196037790060388,0.062851776453391114,-0.32702227931409222,0.94292421913368518,-2.4356433000607369,10.766105839441499,-4.4609833329670741,,0.0739474790502426,0.3026315789473684,0,5
-0.1239771866886325,-0.9533326717522721,-0.27529343281387297,0.95496716648019164,-0.1899999037658249,0.2278985465372047,-0.26956885600077235,-0.2346419688347583,0.93395705379625582,16.981361220877982,16.994944601926242,-4.1655339511051475,,0.1994596470877513,0.4,0,1
-0.99054725108095532,0.073973904403163357,-0.11551625358933076,-0.076893050836513752,-0.99681782945626851,0.021016032240802139,-0.11359402320992172,0.029699770124443397,0.99308323998823922,-20.66331979943039,25.837301954072426,-9.784601223110883,,0.2155342208706704,0.1739130434782609,0,2
-0.080497253999094562,0.98642960125697032,0.14309728810365357,-0.96546438155326408,-0.11285157515775576,0.23482557342927163,0.24778765112607631,-0.11925252093112405,0.96144688683306556,-12.634051318829828,24.991879210525713,-8.8875074215548029,,0.2474808459131874,0.7,0,1
-0.33317105050200191,-0.92820620945272825,-0.1656209039970184,0.90028945262319537,-0.36536917430580879,0.23660994899310051,-0.28013559681486161,-0.070275167737178137,0.95738469185416364,-14.879289266381798,24.022935938592273,-8.8132270937850574,,0.07285732158191356,0.2222222222222222,0,1
-0.074133040448067955,0.99619640334135628,-0.045793212200848185,-0.96531688670232796,-0.060156643916251834,0.25405606948085074,0.25033497670371735,0.063038909908722893,0.96610480553419775,-12.916316124338231,18.434879621554625,-7.3352829829201367,0.774040427936028,0.7002927881284753,0.8333333333333334,1,5
-0.8822412588175147,0.46376245430521557,-0.08108481495872355,-0.46997743567964007,-0.85738247668335588,0.20980109301027236,0.027777170339638696,0.22320321380553224,0.9743760845560635,8.4271501448389525,-4.2044620473892786,1.057604450187168,,0.104144476345389,0.3492063492063492,0,5
-0.14366265172559795,0.98803778918226581,-0.056056842998774919,-0.96266213978185267,-0.12639114631886658,0.23938856021712165,0.22943985514681883,0.08835499578418074,0.96930425955433797,-9.5900180108081017,-6.6261452688956908,-0.89919660643834942,,0.0939063015683953,0.3846153846153846,0,5
-0.69698621012707429,0.71189431928791935,-0.086120270890698583,-0.70799288808113536,-0.6641050009058207,0.24023034404173749,0.11382571466601846,0.22840977636140933,0.9668881428289936,-3.7579983946090949,-6.6144385305294442,0.024876972166281614,,0.07521700097234948,0.3283582089552239,0,5
0.97227268470838391,0.2141041722250086,-0.094049082960953406,-0.17044833905700926,0.92417791263846938,0.34182239467874104,0.16010368603707817,-0.31631406738721884,0.93504664081012312,-4.4455012721450133,-8.6921351106378104,0.51330303027817581,0.4526481214511809,0.4604363834304611,0.9045346062052506,1,5
0.17075177780772205,-0.88755655963747349,-0.42788688203775771,0.95696068596334249,0.045956821545463912,0.2865557817842917,-0.23467014274523837,-0.45840083333031806,0.85720394312322135,-11.189153125505568,8.130621837728965,-4.6477549244762599,,0.1845280419456733,0.2727272727272727,0,1
-0.94246126422481691,0.33394529397165768,-0.015725968012906585,-0.33431335873992457,-0.94157543207025662,0.040869106789112208,-0.0011591392454264151,0.043774951238037256,0.9990407449350186,-13.262388573335656,-4.8023092097790894,-1.7855157483380795,,0.2116302226627425,0.5833333333333334,0,4
0.8162216372271438,0.57355917879833662,-0.069369354461599766,-0.52247634577197977,0.78405308830001752,0.33508091983275284,0.24657799380926085,-0.23725645016180899,0.93963219922777097,17.670306880603157,-15.272037486784178,5.4376458856395438,,0.2011012100144687,0.4,0,2
-0.96541662524610206,0.24041491929768957,-0.10085339001497678,-0.25650593498405155,-0.94509992964853817,0.20246191813841341,-0.046641666097869038,0.22132959485214246,0.97408303826018949,-5.3787729137491747,-8.096487508116784,0.1141985551212487,0.3201866369150628,0.2037419710006154,0.4078947368421053,1,5
0.99278288913578161,0.017071214434598917,-0.11870429089522526,0.024842259424981913,0.93907294643255224,0.34281899513467151,0.11732432478336369,-0.34329371522970231,0.93187146533087684,-2.7235216257809745,-18.329012576385864,3.3537583504770776,,0.128779378063562,0.40625,0,2
-0.86983995950274751,-0.46174458836414156,-0.17369622899961995,0.43635581143300384,-0.88437156876540357,0.16577253749660645,-0.23015657861747837,0.068402218354733757,0.97074666409071331,-7.0240935947946275,-1.3006470858107071,-1.8226775175568943,,0.216483562924666,0.1666666666666667,0,3
0.8532249127407685,-0.50578231755683967,-0.1272458074961195,0.52040776613824158,0.80954948833791718,0.27167146128149033,-0.034394842949376711,-0.29801656527556902,0.9539408375784314,9.6039336789608196,-4.3894870882919781,1.2591523660081971,0.7334354114414012,0.6632062394003133,0.9508599508599509,1,5
-0.9646099368034281,-0.22118069121443801,-0.14355058918023084,0.20387664359609464,-0.97086538995271721,0.12591548271737921,-0.16721837224443656,0.092192713518276959,0.98159997939998933,20.901333551905445,9.8060852601845525,-1.5312660400992795,0.5316813369704426,0.3669221637183274,0.9019607843137255,1,5
0.79503233120556405,-0.58831979832010428,-0.14765976853036059,0.60327981650185958,0.74162690486029181,0.29333086606906478,-0.06306389885925523,-0.3222876803291384,0.94453882703080771,12.055814058667881,-6.9967905978659921,2.3301409715561729,0.1824789887127155,0.2927357484873218,0.6666666666666666,1,5
-0.37652722971201202,-0.906707161041443,-0.19002465472029181,0.88201976797730464,-0.41359518614570967,0.22578784487735104,-0.28331673826772169,-0.08259023013204464,0.9554634894668016,-19.473256184626798,29.954213783346081,-10.645048740849809,,0.1003996837758659,0.25,0,2
0.98240084529307059,0.16211838308501397,-0.092769655779038854,-0.12491027850062864,0.93948115869072346,0.31901814178825522,0.13887404902412864,-0.30181580861683938,0.94319733681590068,-12.042633835556122,22.373148744645494,-8.2170422346504122,,0.08513220789742161,0.44,0,2
0.012966142673261261,0.99990635233308978,-0.004377865702989041,-0.96576272586776613,0.013657657807500388,0.25906722237225727,0.25910275272300759,0.00086887694755751984,0.96584937158141371,-16.91364362908482,19.699833949632758,-8.0145759728675614,,0.09417870897116552,0.3157894736842105,0,1
-0.01567856807981638,0.99554600772510426,-0.09296412752010029,-0.96697773469187631,0.0085568461399689946,0.2547171784436687,0.25437814983432333,0.093887842060321122,0.9625366642368085,1.4377992905693542,18.54694447881355,-6.1637428467095088,0.2881941539046667,0.1234095316596254,0.2222222222222222,1,3
0.99436974695458247,0.026209332555553525,-0.10267364427384849,0.012372124961437308,0.93358731005115059,0.3581363777046333,0.10524132679427299,-0.35739027043058913,0.92800671211803842,4.7788618776371488,16.326452332397476,-5.2861377152783904,,0.1514745652366718,0.1944444444444444,0,4
0.62102450267147236,0.7813869812912223,-0.061342909535185015,-0.73592436682833728,0.60824103018667297,0.29741919155590085,0.26971075875827,-0.13956086366186565,0.95277430273071095,14.995696658884578,2.4800019494440573,-0.028552084832731563,0.6800922431557557,0.5992175080217587,0.9166666666666666,1,5
0.83532858454007264,0.54263340802967208,-0.088176756236446857,-0.49948445644708922,0.81612774133145549,0.2906041768402029,0.22965503177164259,-0.19870705654133056,0.95277178383002392,-11.347324771834163,-9.3892673012921044,-0.40884667507653799,0.3447746148691184,0.3035654196177303,0.8425925925925926,1,5
-0.90619247854098117,0.40920846227439933,-0.10660031068798856,-0.4228434240044639,-0.87430696143775033,0.23830815335961408,0.0043163192578039838,0.26102829652072163,0.9653214997106172,1.9054519249704223,-1.1855778036859306,-0.77398553117088065,0.2477641700386163,0.2181987818467102,0.8857142857142857,1,5
0.87227053863003723,0.48677299808740393,-0.046863160062727963,-0.43501284322455247,0.81613861876693927,0.38037032111730645,0.22340083631838864,-0.31139974837849854,0.92364617849155428,-16.490593297378165,24.504584739765942,-9.0827644764306559,,0.1889492186034664,0.4285714285714285,0,2
-0.84945498024483446,0.52229115596832132,-0.075087848114872971,-0.52693793141963574,-0.83221011941457601,0.17251879194792555,0.027616172226478334,0.18611358236639083,0.98214005187157793,11.311830080049983,22.258918370121702,-6.3397680802028002,,0.1936350733557928,0.3076923076923077,0,5
-0.2298185438470273,0.97139207689464402,-0.059840369737678881,-0.94578460082399118,-0.20841441337016031,0.24910825185805327,0.22951018658925662,0.11384579590780704,0.96662516468685133,11.030373737427988,-8.2262912160659507,2.5794603805884009,,0.08223987087668964,0.2580645161290323,0,5
0.85322171161350147,0.52028233466951668,-0.036318081752259514,-0.46876223667113071,0.79553188508209405,0.38391533609483247,0.22863655941779232,-0.31054035494371157,0.92265378753302019,1.7152232215604049,9.6016742771566523,-3.9123338908061078,0.3137170450250916,0.2528356019341126,0.6049382716049383,1,5
-0.95549582270323918,-0.2645683939288353,-0.13050401423165831,0.23938156381029368,-0.95388027094954686,0.18113225996756377,-0.17240707556361637,0.14183086274550913,0.97476141012478845,16.037689603729081,-20.455154301193843,6.6064269463667191,,0.27899942253753,0.1666666666666667,1,3
0.60487027166691054,0.79120248145743455,-0.090169772036959153,-0.72773392203339426,0.59518965103522792,0.34081170464416033,0.32331918157680156,-0.14052726652206268,0.93579741086858403,4.2208240017634067,25.60171499239565,-7.8133923451372986,0.2292752663084022,0.1705511754197034,0.7954545454545454,1,4
-0.51750094303015393,0.85328035726033424,-0.064073441273110265,-0.84024258349937586,-0.49257589070188712,0.22663052039285791,0.16181833900147585,0.17111874185173212,0.97187097978583792,-8.3381091694187557,-11.846406130388937,0.7707649796261028,,0.07237142402066635,0.2424242424242424,0,4
0.60434183516089857,-0.72341282868949386,-0.33383352971477037,0.78493285945012925,0.46878657313693561,0.4051167177517761,-0.13656995434502106,-0.50686588771981245,0.85113783809451526,4.7896766696231348,-7.1469458829781072,1.3487429939630384,,0.08384003441463117,0.3142857142857143,0,3
-0.47847484659116279,-0.86447715192414709,-0.15408139076695382,0.82658197676135092,-0.50263387034338003,0.25322209239505916,-0.29635123902703869,-0.0062004987500676378,0.95505889710655512,-10.228359992167858,22.236685640870611,-8.0141593197572742,0.3746719232724807,0.3620984857948738,0.9576271186440678,1,2
-0.99325076206140239,0.027588360748017415,-0.11265791590332885,-0.050540744470571608,-0.97718376797363016,0.20629473274230575,-0.10439615324716062,0.21059621544580578,0.97198285850476795,0.69832975883147286,-17.571770860855374,3.7036982361535205,,0.4152275606935845,0.8895705521472392,0,4
0.32574956272338457,-0.93384519039804403,-0.1477172391969368,0.92159146984149953,0.27874555820583802,0.27012974011741087,-0.2110838342955422,-0.22412959231426144,0.95142500531998586,3.3489883102574427,1.4381032735008819,-1.4228269233813016,0.4329596802632594,0.3039327278270708,0.764760147601476,1,5
-0.99190431815785929,-0.071055374070695107,-0.10524712554491049,0.047838726593863019,-0.97682491396047744,0.20862536687561095,-0.11763196783897731,0.20190151381745317,0.97231604885476952,11.378921042885022,-3.2012688843331771,1.1549460552588533,,0.09117661695488943,0.2380952380952381,1,6
-0.90804202738876638,0.41632429250077441,-0.046192639775486016,-0.41865138596597662,-0.90564873206906027,0.06731560837182729,-0.013809182613931595,0.080464014164296618,0.99666185283680953,-16.792126328105013,-3.8729953218186264,-2.4615557479108983,0.5122535921971871,0.4701650361728313,0.8671875,1,5
0.7894255644114927,0.61295742071158543,0.033022396160760435,-0.56634354532626707,0.70653056066147069,0.42434603275942506,0.23677471765556374,-0.35369162733374021,0.9048977654039928,-19.814576430366134,21.489097406712983,-8.7093466949098755,,0.2695373017232903,0.2954545454545455,0,3
-0.84731895313360472,-0.51488702363750227,-0.1301612252181327,0.47922869485839525,-0.84689539488623866,0.23045183476119141,-0.2288896015219786,0.13288921329511585,0.96433915574600304,8.1937682679289008,-5.8572042397482207,1.5365555017405994,,0.07851173500252992,0.296875,0,5
0.055868834831361708,0.99736400885377952,0.046300185072025157,-0.96365315506630966,0.041730619455966053,0.26387715348352464,0.26124944023927071,-0.059359828528552025,0.96344441496732347,-0.72953886606587315,20.506891457013403,-6.7333338035784775,0.2299698987371391,0.1512433811376358,0.2619047619047619,1,5
0.87211761043386959,-0.46574658019847048,-0.14996998567895922,0.48863316317715633,0.81306561252778498,0.31648371453884355,-0.025465769468129219,-0.34929132934879381,0.93666806384500401,-19.840564484989446,20.503153770997788,-8.4637596032601312,,0.1088016997836182,0.1428571428571428,0,1
-0.078399984438729586,-0.97317295032780382,-0.21630499575896533,0.96054834875292505,-0.13181441480319572,0.2448914652619005,-0.26683386619399824,-0.18857191943757198,0.94511391855775473,-5.5459850851355936,15.588630702768768,-5.9268356922966685,0.7552721500630719,0.6651183187443607,0.6657142857142857,1,4
-0.59648270680073301,-0.77476343840735984,-0.20964254099508425,0.75050734750462411,-0.630976010769142,0.19648917317611239,-0.28451204162432864,-0.040135873493224603,0.95783193193257643,-24.039359359459041,-9.9735124692990986,-1.9073056093910481,,0.2600195488468174,0.1,0,5
-0.79691962877995759,-0.55392740642788818,-0.24100525652625823,0.55230830051561197,-0.82972046374614938,0.080743378814802674,-0.24469296362333481,-0.068763220175814849,0.96715922841292334,7.1405251655886151,8.6549593122449497,-3.0536181724439948,0.4979045285423968,0.4113642980275596,0.734375,1,5
0.0045224104288470257,0.9999203267981368,0.011785069360042392,-0.97511970540284953,0.0017976187564074191,0.22167166869464125,0.22163282234130677,-0.012494343628801245,0.97505014406353097,-1.0407402528564877,26.948223408187868,-8.4131045939739941,,0.3244106331685535,0.25,0,5
-0.34357260051261235,0.93896527631401472,0.017380392790327454,-0.92086340111568554,-0.34046564845578653,0.18998352219924608,0.18430535711870005,0.049268165158913156,0.98163342610122095,14.972740581526484,-4.0092384394367224,1.9208051509021642,,0.1668518660625183,0.3571428571428572,0,5
-0.94367102324434748,0.31591484864750363,-0.09840126164329048,-0.32973698438236687,-0.92260293125892601,0.20019328750699905,-0.027541260308656512,0.22136313974205854,0.97480246170398477,-15.955340212351913,-11.965104012108448,-0.33816840148543592,0.7506801874289979,0.2916910706929137,0.4137931034482759,1,5
-0.99045997305048561,0.089894216687828751,-0.10444171384515194,-0.10293421773997607,-0.98654280848473974,0.12703477415771172,-0.091616530184733008,0.13657348510279488,0.98638435437905558,-18.244892491682521,13.623908128312959,-6.6985074317361306,,0.283653461991895,0.25,0,1
0.54116254850997647,0.84032064400231365,-0.031690871772870617,-0.78838226210551854,0.52010497518170384,0.32854866243621267,0.29256880368141241,-0.15281371029713317,0.94395522407455912,6.4659177144725932,2.0391101268068725,-1.1473081076653484,0.1563718151766361,0.1252923211422975,0.375,1,2
0.97297168460213224,0.21004882414598175,-0.095945778632412188,-0.16820814224780223,0.92932094676968102,0.32873788765009604,0.15821542859036405,-0.30371379515918345,0.93953488960547571,-5.3990965746008994,-16.229530748648912,2.3782294531826942,,0.08154606279363207,0.25,0,2
0.96683639225770779,-0.17318697310650569,-0.18770632102384452,0.2468818215482127,0.82195781112736843,0.51325892385397598,0.065396917321357759,-0.5425786846835321,0.83745544008738282,21.609798170213924,-13.794105711334401,5.5557955919944186,,0.5905025923857502,0.1904761904761905,0,2
0.58087787003013325,-0.7761913635990465,-0.24516905837300812,0.80716409986832993,0.51033201620741719,0.29672773567265326,-0.10519988589824301,-0.37025423739361052,0.92295437790774448,16.880191408870736,23.794854078060535,-6.2855765570049087,0.4369684071837012,0.4390983373171087,0.7868852459016393,1,3
0.87923785933322041,0.47626766494406714,-0.010483226786772012,-0.42619594176329589,0.79625095102479548,0.42935002296099467,0.21283281217809025,-0.37303288637978732,0.90307732766332438,-18.308678483933502,27.446781992845413,-9.934767699188912,,0.2820320239324181,0.2727272727272727,0,2
-0.98869233106599907,-0.10377703229127561,-0.10824879703764406,0.085610042670107328,-0.98327740006832909,0.16073728599453743,-0.12311943423076599,0.14965253784578084,0.98104318092070408,11.487146683009168,-11.14091732962928,3.4623235229460803,,0.3895381133364435,0.3181818181818182,1,4
-0.94553574099406346,-0.27916436757802743,-0.16741988644592631,0.26917248746371425,-0.95975222818275863,0.080136336894228527,-0.18305281886767938,0.030706943400291675,0.982623401477701,3.3622155901676627,-6.7357557215740176,1.1124647724880556,,0.2077735793152256,0.2786885245901639,0,4
-0.94146629045248731,-0.30161025954226584,-0.15057382003681316,0.28295483278245859,-0.94981557108707904,0.13336770045845023,-0.18324242561885726,0.082955604146863274,0.97956142287961967,10.554813011817229,-19.748954970701259,5.6878339110797498,,0.08690194747778281,0.3333333333333333,0,2
-0.7908300132422994,-0.57303247057572515,-0.21499227386365716,0.54743486699340349,-0.81935834182248524,0.17019686861344444,-0.27368404512338596,0.016902525012207657,0.96167112262618781,14.154632260124904,0.041176688156341547,0.55325599502748812,,0.2458595094257038,0.2105263157894737,0,4
0.98620431869405412,-0.079125578530996402,-0.14539664580495604,0.14497613155298278,0.83680413224840777,0.52795905668140708,0.07989344822404984,-0.54175454504242426,0.83673116940672587,-5.3222546451298465,-14.238511508030529,1.8896946913569523,,0.3887152925922546,0.2580645161290323,0,1
-0.98720158644588119,-0.063795819026141981,-0.14616128486545563,0.069698061127969113,-0.99693207140089057,-0.03561776645626178,-0.14344060789657515,-0.045349073718375613,0.98861936735992972,-33.56570204704061,-22.306805881364831,-0.66214938449003635,,0.4331114534502578,0.1578947368421053,0,2
-0.6112582948232107,0.78657112885170333,-0.087573719041604006,-0.77991814555442573,-0.57986200882911654,0.23555835147921753,0.13450272578935329,0.21228732881078519,0.96790655891031929,-3.3583560026886357,13.451198103171697,-5.209743797160395,,0.06573489962398257,0.1428571428571428,0,1
-0.8100122911005424,0.58529936990895015,0.03612112747737517,-0.58351425838206039,-0.81059477548715198,0.049469386672648219,0.058233998067148976,0.01899361832616599,0.99812225901038576,4.6747395719496785,0.86514256067965001,-1.0987656130473018,,0.1008903210149953,0.2318840579710145,0,1
-0.58900777187828868,-0.79174987362425409,-0.16187026373905716,0.76040754524292098,-0.61080657450526066,0.22067100778938806,-0.27358766383850142,0.0068895687185232595,0.9618223973469654,-0.48307992762196472,-15.874662823924375,3.018436010479133,,0.08617157526971451,0.2765957446808511,0,1
-0.18362767538211955,0.98112209241445192,-0.060665613077324383,-0.95482519959896317,-0.1633564795071244,0.24824080811550503,0.23364442010148553,0.1035089386445787,0.96679686831108125,-13.72457444437147,-10.072050294449365,-0.51076891520827272,,0.07944346799157795,0.3703703703703703,0,2
0.59570207855031576,-0.78142781206324397,-0.18576761866612843,0.79019949563217851,0.5287135675469411,0.30991405356071805,-0.14395760040193448,-0.33140992445283934,0.93243963411079833,-3.8210876659826032,33.474635859881673,-10.252323977239387,,0.3431174745387448,0.1818181818181818,0,3
0.99309607227250618,0.00045792524133665696,-0.11730294770974888,0.050312291147226282,0.90167958268183201,0.42946781431701642,0.10596633709079248,-0.43240457962328749,0.89543141274157345,9.0591525625794329,-18.287671744015125,5.0792361092710294,,0.245279646336873,0.1176470588235294,0,1
-0.86463832797230977,0.50145428900248779,-0.030727151548068699,-0.50175560064720048,-0.85883724758167723,0.10314988795677431,0.02533533146448215,0.10460486703465521,0.99419109972492037,2.1405657698620058,5.5119080895771013,-2.6734481786533766,0.442806213437407,0.2135754416009263,0.519163763066202,1,2
-0.94406969046030931,-0.29667729898712175,-0.14392706423699847,0.2722223628726857,-0.94753453361851336,0.16755086616414988,-0.18608440210341901,0.11899952884802116,0.97530082919464456,-9.5427807664168984,29.360185314629799,-9.7341337002556827,,0.1312194447868118,0.3846153846153846,0,1
-0.87759526107185526,0.47839567660731586,-0.031050512840417446,-0.47854586522253739,-0.87031829555705298,0.11636115888508988,0.028642845924199387,0.11697709614320508,0.99272148478577205,15.67634619381794,-3.1034899339994473,1.6607267870134006,,0.1746234192424977,0.4,0,4
0.97572790711517365,0.19964587202306683,-0.089980981661653803,-0.14895130151201072,0.90626527833684878,0.39559670759362231,0.16052588904760437,-0.37259196323214627,0.91400583580209893,8.4052500617327759,-7.1218493149147539,1.8755462032829955,,0.3264305240407921,0.2162162162162162,0,3
