axis_00,axis_01,axis_02,axis_10,axis_11,axis_12,axis_20,axis_21,axis_22,location_x,location_y,location_z,dbh,dbh_approximation,score,reconstructed,number_clusters
-0.068000580505924141,-0.9959605946439869,-0.058637999345591586,0.9904643087664583,-0.074450242077369153,0.11592072512887067,-0.11981808757712405,-0.050196168887848509,0.99152608161275479,1.7098881703358215,-3.5106211886403047,-0.37269964829224972,,0.07892485449922856,0.2463768115942029,0,2
-0.89302236689424785,0.44135425344500556,0.08784916159303123,-0.44387994069913289,-0.89602361304312972,-0.010596372684617347,0.074038169017953195,-0.048457278453693665,0.99607742755938955,12.727332673276825,-2.517199895701876,-0.14161479787239889,0.8377832594337509,0.6055528381729962,0.2528735632183908,1,4
0.96233899331933292,-0.27018049105213648,-0.030102561219288091,0.27147268088039261,0.94923583462418393,0.15891480044647643,-0.014361248996764749,-0.16110193208077095,0.98683327974237733,4.9794434247211887,-3.3196660605415897,-0.22734433497314011,,0.07793378945945305,0.4571428571428571,0,5
-0.93804582389618896,-0.34116820021015659,-0.060615933848140915,0.34135546236032721,-0.93990387638347672,0.0075598595278706061,-0.059552334863437292,-0.013600085465774266,0.99813253483073872,4.7975347148795162,-14.476888904573684,1.5820869532661699,0.8604455405215012,0.3361734172424248,0.4333333333333333,1,5
0.96180878671968784,-0.27370700263986159,0.0028869524947262226,0.26779472965291162,0.94311136568188247,0.197045514264549,-0.056655454802939688,-0.1887469963404966,0.98039009114408859,12.738039371299594,1.3269359272861694,-0.65695634006620895,0.5276316103458797,0.5311174313975553,0.2888888888888889,1,5
0.95991525184926696,0.28029034254693425,0.00018204966562860396,-0.27449887554275726,0.93994936547309094,0.20284367792094452,0.056684006500249323,-0.19476271260602301,0.97921111573828823,3.3853899640782799,-7.8694752006780648,0.36148323183330772,0.3291787832777102,0.3011119680096408,0.6488095238095238,1,5
-0.96518079021925052,0.2607525347057999,0.020836454502747445,-0.26147997522474059,-0.96397551095214506,-0.048779471512325812,0.0073664610372687666,-0.052529324467893865,0.99859221172745716,-10.058989017563126,14.255589604925222,-2.6646742162772417,,0.08510797915300868,0.3448275862068966,0,2
0.29302580632061359,-0.93478145631601728,-0.20079717567202077,0.9502309258339009,0.26148738395640464,0.16936804781446652,-0.10581618221709649,-0.24043289491943906,0.96488080021402445,0.88487504866950939,10.354599906461011,-2.1844519310684904,,0.08718989846110507,0.2666666666666667,0,2
-0.59297920643373336,-0.80432545553177237,-0.037897523940582753,0.79792964234306074,-0.59327889187046545,0.10643515552310691,-0.10809230595882137,0.03287427633514612,0.99359716955511956,-1.9815251127041462,5.9645647855952921,-1.6895131979409095,,0.08145840909670202,0.3571428571428572,0,5
-0.39271334623565962,-0.91875956954301308,-0.040707260550533197,0.91191451561282066,-0.39475678099486444,0.11215614148680389,-0.11911399541206888,0.0069236718372984616,0.99285644423817054,8.3324537560040692,-4.953077861145518,0.06630327086271437,0.152217501127707,0.1572611901858482,0.52,1,5
0.8055585892737247,-0.59166047090687146,-0.031831531750551749,0.59042138554355306,0.79703808282238175,0.1270152826381693,-0.049778978898309068,-0.1211122689783414,0.99138986860001765,0.10043645520776583,3.5184185467532667,-1.3595032009354382,0.1387392209810294,0.1025682693165946,0.5660377358490566,1,5
-0.81764253706640055,-0.5711397350956543,-0.072526440519899177,0.56911337621506364,-0.82085055603252088,0.048107480439051734,-0.087009462661898129,-0.0019410450710823351,0.9962055941176603,6.2457357286217787,-9.6437985668950681,0.77099713126243596,0.5508522684461803,0.395341747079734,0.4347826086956522,1,5
0.99318374874216975,-0.11516547976450088,-0.017970907185316871,0.11613703054184622,0.96464427147366894,0.23658744609542862,-0.0099111740663371164,-0.23706189441503953,0.97144399058565367,7.1973022128122599,-6.3260919034310303,0.2220376576896291,,0.2880691329101031,0.5737704918032787,0,5
0.91351281452676636,-0.40506303280665595,-0.037660020563733278,0.39724357000680038,0.86824260355519534,0.29724119408310368,-0.087703385246175769,-0.28649384081541956,0.95405942969565105,9.2743226968792101,1.1131787036418486,-0.73452066167947461,0.8470938191507565,0.5323296970934212,0.3333333333333333,1,3
0.8272457589306218,0.56033420364668862,0.041110029858057978,-0.55114529926114209,0.7951146673554299,0.25304451161526847,0.10910230718754524,-0.23198759876315511,0.96658079878841963,18.58763017814584,-0.046518776149894629,-0.30418348215604241,,0.3629698763552631,0.4444444444444444,0,6
0.066949368937000583,-0.99624888519430921,-0.054826460290932064,0.99105330143726478,0.060040326432198421,0.1191994669124527,-0.11546053745429745,-0.062316273564862926,0.99135540869042182,0.69759232346550137,6.5088557577551791,-1.7086712396666337,0.5029889625885551,0.4174147599865482,0.9259259259259259,1,5
-0.63709339637415929,-0.76199038669689301,-0.11611483487460772,0.76345547502050104,-0.64456022414098768,0.040961629808157742,-0.10605537213012402,-0.062552122560620482,0.9923907950024029,-1.5891915452108256,-9.5064741671159201,0.5734901388864696,0.4641580013798659,0.2278170881198265,0.2941176470588235,1,3
-0.94299861350604597,0.33214710727886509,0.020782541999459034,-0.33255357805687191,-0.94285702269871863,-0.020706338867176894,0.012717415116652265,-0.026437357545571437,0.9995695741061551,-7.7607077489057259,16.370874257134801,-2.8244289918134724,0.3721237457334991,0.2821890380550265,0.6883116883116883,1,4
-0.49810023016212734,0.83635736494772206,0.22891596451566876,-0.86246942325020193,-0.50515664124227311,-0.03103645867829892,0.089680848963979612,-0.21289228709967056,0.97295129344822384,-21.76595471942505,8.1080538487557536,-2.0516719632202625,,0.5799639564899977,0.1724137931034483,0,1
-0.9385843594292782,0.33804209591034884,0.06918772743248662,-0.34443500552883272,-0.92984872466317348,-0.12940585847876002,0.02058949249220288,-0.14528899006741861,0.98917500077797405,-12.163242266122994,17.359002289878799,-2.9224789002512668,,0.5274086096423134,0.3902439024390244,0,3
-0.62918539822507946,-0.76502131797425965,-0.13736126712168933,0.77039230807690706,-0.63724700400009682,0.020296491047405205,-0.10306030427029214,-0.093051807816013368,0.99031304886176641,-9.577264158178826,16.915695980276041,-2.8733842093060793,,0.4072696875393823,0.7142857142857143,0,2
-0.18058945681981753,-0.97923303227423242,-0.092141828658514752,0.97587140417880469,-0.19007975739110608,0.1074462113628281,-0.12272917579618357,-0.070514922769227217,0.98993191436342676,26.293775353882847,-3.5869917836195695,0.48864608588582137,,0.1674004734480255,0.4545454545454545,0,5
-0.97766880498251485,-0.20476525336641824,-0.04727471605252561,0.20627229343910636,-0.97804928346129927,-0.029518470153612478,-0.040192645141015566,-0.038610751541831231,0.9984456726041443,1.6286097594042266,-6.2438576688349325,0.048187057416423401,0.4551792679242639,0.2272926241804845,0.3636363636363636,1,3
-0.91874516810479923,-0.37124860308614416,-0.13446854944808057,0.38642959232797974,-0.91536305352643044,-0.11306038391939463,-0.081114032431606406,-0.15583630817417388,0.98444682883197321,-11.516484474279164,9.6150686316602414,-2.1602010264779357,,0.3375093473276831,0.2622950819672131,0,3
0.99873420528874146,0.049812270726424947,-0.0069803202893557095,-0.044648883869050075,0.94187163607575564,0.3329929403534348,0.023161700186141842,-0.33225977614068097,0.94290348223104481,14.419133549807489,-1.9243785304973953,-0.17760541830349261,,0.103392464527821,0.103448275862069,0,6
0.20633240531988303,0.97684570079418354,0.056563374676837294,-0.96744098377088328,0.19500348625365532,0.16134306080320387,0.14657722004232923,-0.088012028659957706,0.98527610413316202,9.2830508152679716,-6.1910769665245446,0.25832639466949009,,0.1414492985422869,0.2258064516129032,0,5
0.59004545018040844,0.77760774638890695,0.21719244802102466,-0.80003954542526434,0.52696626374458078,0.28678089655835609,0.10854995383295504,-0.34297631059745698,0.93305099426120375,10.883298223237293,-2.4422577087153998,-0.22863832075690857,,0.5789715692064814,0.3414634146341464,0,2
-0.1947931422412805,0.9794928219721688,0.051472744639919715,-0.97553697984134324,-0.19892400032957111,0.093578005187714447,0.10189814864755595,-0.031985212174986212,0.99428050041440619,5.2036464565948375,-4.3448011078789408,-0.11411160584291397,0.2363970921113861,0.1969426898901086,0.8157894736842105,1,5
-0.96119113965313407,0.27575383714420038,-0.0084507013058068778,-0.27579356601907501,-0.95964643711076891,0.054923807980599378,0.0070357654020166338,0.055122926635452721,0.99845478664001142,2.8111696227495959,10.741921280451372,-2.1446390723780362,,0.08354621554424038,0.3461538461538461,1,5
-0.8420965079000664,-0.52200004524998811,-0.13560761092772103,0.52245581529008478,-0.85194451048903463,0.035078085996425062,-0.13384092218782154,-0.041309851205375281,0.99014145642999107,2.4457908539950997,-10.269433595109376,0.78186429634629551,,0.1910561009849428,0.2142857142857143,0,4
-0.81420707745995691,-0.57285563969562558,-0.094357040452906729,0.57377689950319988,-0.81877297754541467,0.019770706560744075,-0.088582755718089115,-0.038042440909225039,0.99534208595791696,-10.165421022459615,6.2924785812758488,-1.8080961962133559,,0.1442146494937196,0.1176470588235294,0,5
0.22183146020026584,0.97352749125837346,0.055091079401257632,-0.96881631401925161,0.21365706446947183,0.12548150657542775,0.11038909799236998,-0.081208882312624728,0.99056517427071156,11.424312215177642,3.5975737109777035,-0.98311482814563422,0.3270282149365877,0.2829034735635149,0.2631578947368421,1,5
0.8166692480909602,-0.57622219255777951,-0.031926854314985043,0.57506098881094436,0.80787587485651569,0.1290016665496927,-0.048540687781736459,-0.12371158243561661,0.99113028709698447,2.8666423806371033,-5.1282433125764699,-0.084850933589067382,,0.09026376940427433,0.3661971830985916,0,5
-0.94919880387588873,0.30650936603065115,0.071229483053508111,-0.31028130351951189,-0.94934901258391668,-0.04961819214939843,0.05241319878441162,-0.069198705489556381,0.9962250728383395,-5.096885369511174,-4.2962569106759361,-0.46368106371242329,0.7490100918888867,0.3257950153714518,0.1869158878504673,1,2
-0.77891056604162812,-0.58454149414851997,-0.22717740144505016,0.62042188354172045,-0.77109834344326234,-0.14312243416599654,-0.091515116408458427,-0.25242540751214365,0.96327898197306983,1.6897914504671943,9.5114437678986512,-2.0476388989122758,,0.3015798154426838,0.2,0,2
-0.98077776452178511,0.19449860556166537,-0.015661068105915565,-0.1951238692425217,-0.97812120756008059,0.072149698357222,-0.0012854071252643459,0.073818668071014171,0.99727085186159148,-3.4384144742371761,9.7037623338608725,-2.1950318173214658,,0.07700171810981582,0.4146341463414634,0,5
0.94988946766535154,0.30257201255427846,0.078486791482955606,-0.30696216370199486,0.85550218165460734,0.41700149548844206,0.059027360383342976,-0.42019780390080697,0.9055106715677701,-11.147190886512323,7.1992417758355156,-1.8978885904844829,,0.4473702091073022,0.4266666666666667,0,1
-0.55627069682842123,-0.817947547470535,-0.14671305816783611,0.82276285769708601,-0.56690280825853512,0.041018117737291554,-0.11672271348861941,-0.097892878063334271,0.9883282817871446,-1.8090628290129218,11.800233421861911,-2.4174452856208517,0.2051848296122022,0.2139292932406464,0.4777777777777778,1,5
-0.15243652467156196,-0.97143788197546521,-0.1818558423836821,0.98615527053542584,-0.16165964647709122,0.036931573160424711,-0.065275480398524585,-0.17370837678109907,0.98263142199647668,1.302613505755122,14.095634002946422,-2.6113153088154513,0.3899907836666894,0.5110324466538038,0.1578947368421053,1,5
-0.9489501433080455,0.31535983447695032,-0.0064653162575061367,-0.3153936401635688,-0.94835908611649289,0.03379194467122297,0.0045251806607485177,0.034105990367678161,0.99940797683479921,10.62804816713262,17.753029014279271,-2.6827214529404713,0.2946780936660427,0.2526787272811449,0.3333333333333333,1,5
-0.60810291310849185,-0.79159299683177908,-0.059928077191335159,0.78748753039698571,-0.61104611409804632,0.080535929341725335,-0.10037049635338181,0.0017815197337583922,0.99494853618125145,-8.4293400748566452,13.788904682095845,-2.6066167062336936,,0.09238744045249764,0.4285714285714285,0,3
-0.9995628390791762,-0.028116603373355406,-0.0091426115920832194,0.02755529118708273,-0.99801597128566455,0.056611191352311241,-0.010716186801906566,0.056334515827140448,0.99835443889780429,7.535959297195201,10.309273181619822,-1.9199096584531876,0.1250145224123766,0.1307152967234406,0.16,1,5
-0.98509643827514926,0.17067612653761544,-0.021322924933796141,-0.17140940593680068,-0.98441423849786458,0.039337292726676056,-0.014276654160184662,0.04240597685217249,0.99899845358899564,-10.326669994941627,13.069847071177454,-2.5375186943070656,,0.09377525171117856,0.4054054054054054,0,4
-0.39285221415528876,-0.90193685260815515,-0.17937963022757772,0.90950400010422561,-0.40990223954688393,0.069156545668954419,-0.13590294929728486,-0.13597818913981863,0.98134617768173726,9.2932560842514853,3.6225307509479898,-1.0631808158836142,0.6260024241140079,0.3756623146467158,0.5161290322580645,1,5
-0.81932415290277838,-0.5616132621062937,-0.11531901966489541,0.5667661267745796,-0.82374027701538011,-0.015103428867870862,-0.086510635248427642,-0.077733518182009936,0.99321367798674676,-13.425682201433782,6.9054045354164764,-1.8660731120119536,,0.1790927007809014,0.2,0,1
0.99973102739763686,0.0044398131137137354,-0.022763148244095744,-0.00013062551022949975,0.98256736537207912,0.18590684614276373,0.023191718251209012,-0.1858538688467056,0.98230366162367,-1.4022287619458444,7.802012582373461,-1.9127995504199351,,0.07396964656374327,0.25,0,5
0.8151613789720713,0.57654207225129783,0.055777819574904665,-0.56967232154313452,0.78055501533222427,0.25730781975557437,0.10481112679485453,-0.24152247714010119,0.9647183634284684,-16.790204956708521,16.306257386143205,-2.8530864733408832,,0.4176328088395365,0.2222222222222222,0,2
0.7905433858227201,0.60879747762487169,0.066383630282956504,-0.60394439205522832,0.7570693385017907,0.24919307375106237,0.10145110367557003,-0.23708995748039471,0.96617598067068178,9.5889729946544744,-10.056501050439264,0.93071961996428709,,0.2970565647365927,0.3181818181818182,0,5
0.82717833340846936,0.5365400850326455,0.16703515166799357,-0.55541817129683702,0.73547102498465167,0.38806317320934269,0.085361933746052984,-0.41377180735423286,0.9063698095733036,-14.976738020239942,6.319472029238252,-1.83502886411537,,0.6397495432443829,0.3611111111111111,0,1
-0.47833931667335683,0.87812317236189352,-0.0095494651970514724,-0.87372608686068143,-0.47479460708387017,0.10570149584179743,0.088284898275901497,0.058904798150549102,0.99435205108213864,-4.4924165267994347,8.9708908225189408,-2.0880887944884576,0.3700915813618274,0.2466807515325693,0.7569060773480663,1,5
0.75639452656449802,0.65091390277199157,0.064640632433511716,-0.64743821429038029,0.73092410852521927,0.21580942114073323,0.093225955933708082,-0.20508788056525681,0.97429352988999063,0.91795720064109732,-4.6404903867342613,-0.27579323558547947,,0.07610356089729595,0.1774193548387097,0,2
-0.89452014907208866,-0.43504733770448245,-0.10279842829678873,0.44094573384979857,-0.89650709784314597,-0.042917168086007568,-0.073488520897557447,-0.083718799997980695,0.99377593039034062,10.927155920623779,1.2603788387719248,-0.72019069437355498,,0.09169291007581556,0.2272727272727273,0,1
-0.69077506419654577,0.72286145190686601,0.017353156236147776,-0.71996612218704703,-0.68983318991338316,0.076019425128532825,0.066922295142983659,0.040018638670301442,0.9969553224552099,-2.1888874416242214,8.6422944828803256,-2.0439349649432348,,0.09866681397029956,0.2765957446808511,0,5
-0.88204379961288515,-0.4466692557574824,-0.14995103042500546,0.4629008183598104,-0.88086575786876797,-0.098986610084892471,-0.087872452601950063,-0.15672298036770954,0.98372574404575797,-13.174918958875914,5.2650053379146708,-1.7172704873215647,,0.2097682633770278,0.2272727272727273,0,2
-0.46340743124624628,0.87969741557153169,0.10670524683689536,-0.88068191785925543,-0.470549949629811,0.054608648208188955,0.098249235220936426,-0.068667328039975412,0.99278995051236829,0.45410946185773332,19.662134790528011,-3.1142402114003236,,0.1408337098231744,0.4117647058823529,0,2
0.9648400632490286,-0.26023983894176145,-0.036862970270677912,0.26246851754854655,0.94653109162793259,0.18758776579911365,-0.01392586246805339,-0.19066756097774171,0.98155588304758279,8.7906747450684239,-8.6647863407777361,0.70159405331391567,0.7977501315296497,0.4311896327028326,0.3214285714285715,1,5
0.60130779482549912,0.79855618927853955,0.027146794415407821,-0.79181769197011653,0.59099480384717129,0.15410997537070967,0.10702186022123006,-0.11416284154916891,0.9876807009576557,11.141793557942345,5.4658209674758309,-1.2000955976187704,0.2182084417267362,0.1370172733607761,0.4230769230769231,1,5
0.97194218113764674,-0.22912005259213231,-0.053220278330466025,0.23517035172362666,0.9418946079311864,0.23985298251291887,-0.0048272347756768627,-0.24563906254978121,0.9693493429894533,5.5584754655672972,11.402665140372664,-2.1141008846867497,,0.1115123074422706,0.2083333333333333,0,5
-0.31418203444780568,0.94823483912655115,0.046263798988865838,-0.94381404949694248,-0.31723565511397972,0.092609821814900739,0.10249238607048523,-0.014568081241139692,0.99462710691320411,0.26922245466461842,15.40039757688502,-2.7213353594165501,,0.2042137805116453,0.3684210526315789,0,5
-0.76417843023221876,-0.62904742368170741,-0.14258564278084832,0.6381771349044546,-0.7694633452041465,-0.025614544157282693,-0.093601662661315033,-0.11056897913361799,0.98945097382355729,-20.110043110010523,6.7548909582330667,-1.9228147957019726,,0.2791113891933818,0.1111111111111111,0,1
0.28364788517494766,-0.955049288267801,-0.086166897442963838,0.9534809619025203,0.27133115625635346,0.13135242264242761,-0.10206827384267989,-0.11941633315320348,0.98758382269608824,11.484348349375994,11.408455967373479,-1.9066075944386849,0.318169286238161,0.342446406252467,0.5740740740740741,1,5
0.67823474808149409,-0.73062235438151168,-0.078667666628986319,0.73171913850453929,0.66160417783866365,0.16391160487470452,-0.067710625761452092,-0.16873318329375275,0.98333330260626772,21.037976502909764,-2.2506431833828406,0.09376567552964854,0.582671190101256,0.5894831601785526,0.9491525423728814,1,5
-0.86858270520482939,0.49553688502877696,-0.0026981095303225109,-0.49434198336971608,-0.86608354145869804,0.074332379838503188,0.034497647704682534,0.065897608381008332,0.99722987195155133,9.9113538061910198,2.2899878333008803,-0.87064744561667884,,0.07513597677085901,0.2777777777777778,0,5
-0.71791094777821562,-0.69423475223664233,-0.051400193064932972,0.69062098743808331,-0.71955529475364155,0.072683075760779314,-0.087444398163813664,0.016681923717844795,0.99602971373892268,7.0715075198861257,5.2103472605625596,-1.315189671637363,0.4564535333918343,0.4252535754525328,0.6206896551724138,1,5
-0.91437350956514718,-0.40019717357284179,-0.061345800751355144,0.39920301891077281,-0.9164281157472689,0.02822159386775553,-0.067513218691168178,0.0013156489729421496,0.99771751230984174,17.937247431247329,7.4187683943680707,-1.185427366441214,0.4091427688248356,0.2456323736629725,0.5714285714285714,1,5
-0.015683099151019984,0.99809111173179021,0.059734186886735922,-0.9933172299894546,-0.022384403730720964,0.11322463987886375,0.11434562084792568,-0.05755928380044615,0.99177215520566164,12.037654154972184,-10.874143535431687,1.1330126354477588,0.1882860089071914,0.155772879886997,0.2941176470588235,1,5
-0.30149746759992191,-0.89592942025494149,-0.32620507499497597,0.94604163858448742,-0.32371170256302456,0.014695294761434854,-0.11876234712741063,-0.30417298950661575,0.94518479534924593,-3.0221197744202835,-12.804685248519931,1.0516719578465619,,0.1026405387897023,0.4,0,1
-0.4357689242818073,0.8872087697838017,0.15154551609661898,-0.89675857978969353,-0.44237760910817103,0.011229449377036384,0.077003209049036028,-0.1310062967129918,0.98838649121570799,3.4396014209017727,13.222613782272438,-2.4358176562450491,,0.2479134433019492,0.3043478260869565,0,4
-0.21860682310478133,0.93893995727352242,0.26571189948369034,-0.96970140539010397,-0.23945688155947703,0.048369269771912894,0.10904238293660103,-0.2470873499574725,0.96283830429335393,-1.0150776745081049,4.6885010784925925,-1.5213169750368019,,0.6041298329770998,0.1925465838509317,0,1
0.9721336160330748,0.23339268221382653,-0.022002010533006509,-0.2266839820441518,0.95979637835337273,0.1655454148696261,0.059754538430695107,-0.15594475941430583,0.98595670652830858,9.5723896452322208,13.237839249790623,-2.150854091664705,0.220049501848578,0.152289906498945,0.4705882352941176,1,4
0.41254104785657802,-0.90653582947322953,-0.0894576643708066,0.90581766594501434,0.39784013406762458,0.14566256824243093,-0.096458487938194767,-0.14112412127746926,0.98528155493662772,-5.812763643460209,6.2366687289472127,-1.7926146805596943,,0.09390071665264021,0.5333333333333333,0,4
0.99119369264257073,0.13228802173292531,-0.0059112580364953475,-0.12763327003621946,0.96630526713809595,0.22352601432726921,0.035281894017277805,-0.22080310234949629,0.97468003875497078,20.32145033809601,1.0172919232851496,-0.33993608811729037,,0.3227076600824292,0.1153846153846154,0,2
0.96887531105130242,0.24598048520822113,-0.027825034267193606,-0.23846565973422965,0.95757803984194034,0.16179748681603956,0.066443666084594247,-0.15012627521255542,0.98643161989468031,15.241684280090722,-10.076655776313125,1.1234609240102624,,0.3917619990884493,0.5714285714285714,0,2
-0.6719938777759259,0.73115624528073808,0.11762131277385841,-0.73773093370129283,-0.67479385998271768,-0.020157281310781764,0.06463201754464766,-0.10031845052928276,0.99285392218166257,17.269215783646647,-5.3872925528675744,0.46406076129613799,,0.2041079633767469,0.24,0,4
0.80651382934456806,0.5909141821023417,0.018864582324599019,-0.58088741098382435,0.78608347145340007,0.21128793545368679,0.11002390120546847,-0.18136484030288838,0.97724180010140627,10.850448139278061,12.794800394986327,-2.0773025201545132,,0.1070810732575033,0.5714285714285714,0,3
-0.96491095880721844,-0.25213980017899201,-0.073296403318529685,0.25400609023554171,-0.96704945089004313,-0.017212369288398279,-0.066541323228415508,-0.035226136588679395,0.99716165770854182,20.426980026163029,-0.46175679874337189,-0.14850285815222819,,0.2519197132290279,0.3333333333333333,0,3
0.73958811109904277,0.66515298796053779,0.10286364045724898,-0.66613411659418242,0.70151116440105854,0.25327341931193376,0.096305579434618316,-0.25583899004616006,0.96191041502934282,4.0588131047012075,0.92327915185948051,-0.94096760009476788,,0.7499210938029317,0.2211538461538461,0,1
-0.73128062672549321,-0.68021858361805854,-0.050312259704877189,0.67445135785035826,-0.73213425268871957,0.095366670979629642,-0.10170551051824417,0.035806627048233203,0.99416994250965496,3.5383275122907092,-2.4863659109447189,-0.41890321721115381,0.2544620189848201,0.2135466677602343,0.8188976377952756,1,2
-0.36578038366668036,0.90616865282557379,0.21228067166122547,-0.92528437866766911,-0.37863841778096829,0.021949195290735177,0.10026729037049856,-0.18839140430659251,0.97696220462469696,5.9226420171876324,2.6139430536393702,-1.0429313592856402,,0.775459857824411,0.3407407407407407,0,1
0.39076826642119272,0.92026583284360719,0.020272120235380709,-0.91364942747858502,0.38509084822711648,0.13019125270068743,0.11200395361874581,-0.069396221167883645,0.99128163448204154,12.944255760039326,5.2302220641299577,-1.1199196966440783,,0.1218088923162579,0.1739130434782609,0,2
0.73670662949527221,0.66601749980682279,0.11697876734169975,-0.66994860337227646,0.69538667324494685,0.26001200647827966,0.091827070612380032,-0.2699223307256986,0.95849346605929164,18.55893103008901,-3.0643424850076784,0.15124034410042353,,0.3076994148020041,0.5555555555555556,0,4
-0.45341936017527612,0.88289304840338101,0.12210957742629758,-0.88637182087874378,-0.46104506687118413,0.042218970449860831,0.093572853811049225,-0.089091589921446487,0.99161827818718884,-5.0884551194492627,11.213946196521364,-2.3463830010333977,,0.2827342133377727,0.1666666666666667,0,1
-0.57873264661001655,0.81145620979290745,0.081285566592692621,-0.80978857373872015,-0.58359905058900985,0.060453403492411475,0.09649346915711865,-0.030837764836893714,0.99485578988609646,17.95322135811524,-9.1841214959279149,1.0430585572343292,,0.2466225368765309,0.5172413793103449,0,3
-0.40677158927095747,-0.91083832717350333,-0.07007435988829247,0.90600178893684979,-0.41205825140259467,0.096792333861026203,-0.11703688566092225,-0.024115123943502872,0.99283474364668645,4.2944872443534585,-11.190272831050589,0.96047025815052856,1.08407678171433,0.9555325155986628,0.8467741935483871,1,3
0.10238113546094528,0.9690311190070281,0.22471491605523991,-0.98714343865382781,0.071097976103301416,0.14315344675106487,0.12274336896314662,-0.23648206737509783,0.96385180250159597,11.133972038040985,-5.4882360259585603,0.23254366923925571,,0.07119440209225487,0.5,0,3
0.98849259487231833,-0.14631580653733772,-0.038393679687165623,0.15122072761826441,0.96224567151603169,0.22630854863938576,0.0038316342720820782,-0.22951024466457023,0.97329870346816727,7.0662099328487367,-7.7822595281080753,0.44036100834749348,0.2301661908637964,0.09654510103753823,0.1851851851851852,1,3
-0.31258209375204604,-0.88502775534125988,-0.34499029977841195,0.94245687289715518,-0.33430728512944902,0.0036988969022250908,-0.11860639693753063,-0.32398227017074377,0.93859896186843739,11.982951695613789,-3.8763102088769696,0.086020509945983634,,0.478924629895378,0.2553191489361702,0,1
0.60016288025957976,-0.7707091605239732,-0.21403716276141974,0.79553371357676717,0.5472863214958964,0.26000729387124721,-0.083250391718503014,-0.32632050531329371,0.94158605559491637,1.2744318429397077,-12.089515237114046,1.0583778256034309,,0.4484114612793487,0.3529411764705883,0,2
0.56342558627806028,-0.81214931819835967,-0.15154238244518373,0.82206289575215108,0.5328544471610176,0.20069562418825565,-0.082244781930594257,-0.23765441946377702,0.96786164959384724,12.657679799861835,-7.5942777939038608,0.58948185964952116,,0.1031749454910258,0.35,0,4
0.72923976158765436,-0.67315315341147064,-0.12277704252738818,0.6808632438247153,0.69599327661728927,0.2280758692014867,-0.068077994448025758,-0.24991636792279201,0.96587121072957349,20.670074196405139,-7.958794824707506,0.92915819205131567,0.8025217568373733,0.3154737884211485,0.5555555555555556,1,4
-0.50197282519949982,-0.8350767101487796,-0.2251003574593434,0.84513246665052966,-0.52890875367199208,0.077502542553985171,-0.18377811777908887,-0.15133545009756236,0.97124826124392316,10.323975019633549,0.97488360174434519,-0.68819032958178639,0.7020769702457298,0.4221100420813457,0.2142857142857143,1,3
0.45444607295829248,0.87188918314275787,0.18245004546845103,-0.88282262954491186,0.41353443957977121,0.22274081809325214,0.11875593263577561,-0.26229471897104251,0.95765260343389036,12.572625365732833,-5.0945790897645455,0.25525327160443373,,0.1749619040718403,0.2,0,3
-0.99949578600785738,-0.013828166032666515,-0.02858243475821818,0.017995843711522512,-0.98834985852729751,-0.1511314221404032,-0.026159574951540154,-0.15156958459151126,0.98810036821423697,7.937434959931875,1.2890527510787653,-0.80879822079723762,0.5071237997704628,0.2974659685277631,0.1470588235294118,1,1
-0.36785729623710994,-0.91962911879703602,-0.1377072745562507,0.92285798993926949,-0.3792211377952423,0.06726409929920503,-0.11407953370510746,-0.10234066889496654,0.98818634248797232,16.544065935313114,10.983875497300684,-1.6659368964036656,,0.3715027295800287,0.15,0,3
-0.56095271781935663,0.8270842649264446,0.035548095337984593,-0.82368915712244195,-0.56191867804464546,0.076049797524238266,0.082874729622464921,0.013379759924580532,0.99647015068910227,26.057815845073502,-4.6405177068061061,0.65454764421312639,,0.2255332605317266,0.4545454545454545,0,2
0.57561472223802501,-0.8029078051647065,-0.15494111122757367,0.81214932412863161,0.53925486279820178,0.22275023740930089,-0.095295156541392853,-0.2540536347980219,0.96248406936721032,-1.705410281131938,-13.438138242562626,1.1664169625742349,,0.2657832972857485,0.1818181818181818,0,3
0.054963420696116094,0.94861514640447797,0.31162208907167233,-0.99146896077513136,0.014909489116757071,0.12948747798053381,0.11818765673649541,-0.31608070353358936,0.94134194990388487,0.1385712572296654,-5.6626503191109894,-0.09929953711131001,,0.09234055541634648,0.15,0,1
0.95582277002660698,0.2929181935707621,0.024530882044982903,-0.28761198752322503,0.91474359248402093,0.28376663764855564,0.060680943727034524,-0.2782859893790342,0.95857953826676656,14.227762793910991,7.2820997004744017,-1.3237902370793222,,0.2885084222470096,0.2307692307692308,0,3
-0.39856871484419398,0.91583002507305911,0.048972897832653073,-0.91213285675919231,-0.40139912628334384,0.083020437479469869,0.095690287739989624,-0.011580440131878854,0.9953437909780668,16.18886081291825,-3.5693266577161578,0.1682842567707071,,0.1097874998506913,0.1666666666666667,0,2
0.97444522447739479,0.22413109488529129,-0.014891500888778502,-0.21204396873305004,0.93971841175245419,0.2682660282953892,0.074120576206187297,-0.25825289721311123,0.96322976556162188,6.728411109318186,-12.485024472513874,1.2144619624534885,,0.3429804755549815,0.1764705882352941,0,3
0.65372280355877566,-0.72290585022815812,-0.22372668104890484,0.75316191810282618,0.5928588016915054,0.28507116019791273,-0.073441277405328215,-0.35485993428790469,0.93203047472186085,1.0242705986725424,-15.230094930116021,1.5600993120781035,,0.2159998406692799,0.125,0,2
-0.79092451244191553,-0.60686572722383336,-0.078437266268058817,0.60520554724331621,-0.79472894504289326,0.046175204351781664,-0.090358514841915968,-0.010949567667191504,0.99584910792924108,0.98207927106636661,-12.821753215081538,1.1481590042151322,,0.08735300279981856,0.1875,0,1
0.47064430375870436,-0.8769657499698218,-0.097082504702712666,0.87746871995391784,0.45368695786673846,0.15561744684982265,-0.092426104764386563,-0.15842732605675147,0.98303519647904292,17.668369022615341,-7.9180458836545355,0.80594423394222281,,0.1576548657037232,0.7058823529411765,0,3
-0.99834936072494396,0.056506576976665855,-0.010274273622833001,-0.056523651089266762,-0.99840030826278714,0.0013788866202341405,-0.010179921789264332,0.0019573500332756041,0.99994626754301774,19.287194596942584,11.331139072190608,-1.61747555774742,0.2703299312903722,0.3154410195680815,0.5652173913043478,1,3
-0.45114319791600105,-0.87839241400607748,-0.15778650763199029,0.88498972152065924,-0.46313858849867118,0.047914931349688092,-0.11516513264400276,-0.11802294209192847,0.98631008175069101,-5.6396498668821842,-2.1139569088845747,-0.76460056654906505,,0.1036541645543437,0.2826086956521739,0,1
-0.97911898276987186,0.20287082277265314,-0.01301717508673076,-0.20325237889097159,-0.97813725630815285,0.043999753375681239,-0.0038063177550993811,0.045726765570140548,0.99894673274186208,18.511950119511187,-4.5994130320249882,0.41227360094778048,,0.1058730397047556,0.1176470588235294,0,2
-0.99164420108750462,-0.11598926236021707,-0.056464763053233891,0.12316547633913079,-0.98143952210794072,-0.14699227830975486,-0.038367224133107787,-0.1527185498283366,0.98752468356525136,-3.1342015733969939,27.929925398131463,-4.0106390952565443,,0.3757082449456273,0.2857142857142857,0,1
-0.98761261636634579,-0.15276860992997277,-0.035819991821394996,0.15106931943168486,-0.98744575629703546,0.046140428015173027,-0.04241910796408295,0.040157567045821407,0.99829253682900576,9.5400553573780993,12.442031339209727,-2.0701540322037317,,0.1705864992549633,0.4615384615384616,0,2
0.59526906391655832,0.76842174753931902,0.23491010930252307,-0.79587522434127145,0.52359413094804774,0.30402600763173115,0.11062264155061177,-0.36793641291040707,0.92324721891321559,2.8562327464401833,15.256374823257071,-2.6636681283633563,,0.5242482387156326,0.3225806451612903,0,2
0.42890014391630948,0.9028325525771419,0.030627578350450789,-0.89589433904826188,0.42076730734700962,0.14257701893792973,0.11583609027349175,-0.088590378004562348,0.98930973163876323,17.945081109650509,8.8572557087939074,-1.4004663666821717,,0.08550282399713865,0.4,0,2
0.87183635191703224,0.4871020592055828,0.051312370766530585,-0.48390926971538861,0.84042067144965726,0.24397728108089725,0.075717858920602898,-0.23753879455320287,0.9684224940193672,7.6278517543229274,24.279801743632355,-3.4947925042121399,,0.3444667779431647,0.5,0,3
-0.79618231462373013,0.60455054048511536,-0.024746027550995645,-0.60484561819882265,-0.79415804057597128,0.058947304723950794,0.015984368179067551,0.061900327847992528,0.99795433231497477,11.599721402560183,20.762839262442078,-2.9883844074978465,,0.6193470042608908,0.7727272727272727,0,2
0.016128793586375267,0.94914022113242968,0.31444030060749267,-0.9929501532241799,-0.021729880425297683,0.11652384094587566,0.11743021429566397,-0.31410293364657471,0.94209845124864156,3.666392357282906,-17.162312372938164,1.9286121057901888,,0.3882199546027449,0.3,0,2
0.98087796079171585,-0.18697591657278964,-0.054022519886152538,0.19462272042394516,0.94325564544096241,0.26905535497093458,0.00065017525905225297,-0.2744244777083813,0.96160843554256215,17.412799544785972,-0.81452526677562176,-0.23963812894404313,,0.1855590323517814,0.2307692307692308,0,1
-0.9973617226661885,-0.067304180415690418,-0.027198188522524931,0.065342503474768984,-0.99557615709636327,0.067516462147307901,-0.031622008158629311,0.065561137267524966,0.99734737472969048,-5.7941025774556341,7.7857939525481656,-1.938541850327208,,0.1244211409488583,0.3793103448275862,0,2
-0.33570414764403234,0.92420907525905749,0.18204480345066867,-0.93639594125293724,-0.34841572674829907,0.042060938642416279,0.10230037370225145,-0.15634598352133441,0.98239023151552496,-6.3655509357908286,1.0282998420747702,-1.191766283186531,,0.4833162351139409,0.1362126245847176,0,1
-0.63314305064060028,0.74005941618512772,0.22680815228126683,-0.77033666042529791,-0.63106891081373906,-0.091287783460661548,0.075573189891084164,-0.23251686029208526,0.96965179453739847,9.7106581806420937,-12.192762522241573,1.2084701268087832,,0.5042948388747277,0.3333333333333333,0,1
0.32553376984340526,-0.94387225177008305,-0.055972645372669848,0.93989049090724675,0.31656850848346857,0.1280243904054521,-0.10311949279198604,-0.094284419577286546,0.99019029405023873,-2.7391134095421159,2.4140133783149214,-1.3027764222793092,0.2440263721166454,0.2119005287544923,0.7177700348432056,1,2
-0.45523786033856556,-0.8845487622552709,-0.10164633641716954,0.88290953905350122,-0.46321962385206755,0.076800559416470182,-0.1150184174934531,-0.054781997691001498,0.99185165038239664,2.5882633954207033,-16.058530215803255,1.7350154450726309,,0.6420757471724455,0.7,0,1
0.9832635236781615,0.18185093602526914,0.011094145786833244,-0.17667760633743157,0.93688479042924289,0.30171495302889689,0.04447321017063624,-0.29862539498356017,0.95333362840509894,14.96865033016616,-7.939709251662693,0.7543806732881797,,0.1250603293604013,0.2105263157894737,0,1
0.9976149796041448,-0.062582010734447871,-0.029117767803458181,0.067124901782550997,0.97789499983782668,0.19802933331418496,0.016081045678236729,-0.19951155661918715,0.97976351164211251,16.460011486687279,-6.1069815009051522,0.52884218969367047,,0.5395625478383468,0.108695652173913,0,1
-0.24057772903781227,-0.94036185057136124,-0.24050352654590018,0.96326698639696962,-0.2617692961698978,0.059946213395153616,-0.11932757103331094,-0.2172473833506906,0.9687953887269326,38.358891651047067,1.1481118353296988,0.012623145345492349,,0.2029498525894123,0.25,0,1
-0.63892249817082092,-0.76754140872040255,-0.051557998706873928,0.76204538355423679,-0.64066254551632906,0.094012425647968426,-0.10518970831233722,0.020777118954229963,0.99423510126786807,-5.214695189594873,13.859790643531369,-2.6303974487695645,,0.1034373686829215,0.391304347826087,0,1
-0.80677724549200536,-0.58531924533382884,-0.080696079199487541,0.58422550598067824,-0.81065189664698512,0.039039219052982917,-0.088266835889553863,-0.015648754087252931,0.99597393649510901,2.813706992950467,3.9247188317246389,-1.3144293462738439,0.2908360176486187,0.1818416331783909,0.5294117647058824,1,1
0.48354003580939675,0.84737024525607874,0.2194372375511956,-0.86787651272785338,0.43148835180691991,0.24618724765975922,0.11392713647234017,-0.30948581503778205,0.94405462652624716,17.144269381809405,4.4159280127693865,-0.86345281186333955,,0.5600608157891848,0.375,0,1
-0.79987365094035612,0.58059461103685661,0.15202644561492043,-0.5979765014691637,-0.79258986504486106,-0.11927032119881426,0.05124691426851314,-0.18630942934572667,0.9811536833314265,10.77228638198214,-8.251532316824596,0.67049960615432114,,0.3450965968820007,0.3170731707317073,0,1
0.25938801694114627,-0.95777502420949812,-0.1240357193224385,0.95983876219366659,0.24144342265968644,0.14287975449624005,-0.1068990517164177,-0.15611558748206797,0.98193712430443281,12.207461030502408,-6.0094947897499056,0.36641297615258439,,0.0768552701003988,0.35,0,1
-0.92468151724426295,-0.37093760585438823,-0.085845117682154345,0.3749016553328357,-0.92639198160095237,-0.035307863913879189,-0.066429214172291001,-0.064832005895821457,0.99568266556969665,3.5215543648580026,23.418774584803245,-3.4743741131063746,,0.2707712151529073,0.4615384615384616,0,1
0.98134298769858386,-0.17469098799831098,-0.080305661114215207,0.19226299130995939,0.89367220490990806,0.40544411741201763,0.00093950378588000068,-0.41331954815086769,0.91058556349691744,22.59145117473188,0.087258653580209442,-0.13340049791675121,,0.5181264124666369,0.3333333333333333,0,1
-0.33835388489181212,-0.88682289888491261,-0.31474083718510359,0.93356867820776246,-0.35834697327982001,0.0060802804709079866,-0.11817855832608236,-0.29177490083033786,0.94915817206481279,10.732571629452584,-6.664197110045003,0.41320340607588307,,0.521645251878423,0.5652173913043478,0,1
-0.52069538111653701,0.83687877416440759,0.16884974811050979,-0.84923873590098753,-0.5280057047865222,-0.0018828590441484008,0.087577905485325236,-0.14437414265015105,0.98564000395927343,20.600047014239934,-9.4349235624290984,1.169077782839409,,0.4230386384916649,0.2857142857142857,0,1
-0.64477005607237825,-0.75419821899225137,-0.12432466071274581,0.75716442116045102,-0.65247209708378029,0.031340099806065488,-0.10475501955124869,-0.073927051855264811,0.99174652854588163,23.653412948894786,-3.8429516690375549,0.48197704906733752,,0.1652826466315186,0.3571428571428572,0,1
-0.17968658513588989,0.96200310429960656,0.20557908074539796,-0.97745365646885607,-0.19815677112031871,0.072926288228821481,0.11089220251156544,-0.18784014846962283,0.97591956535620494,2.8814481847006816,-15.173223891514244,1.6437546623639916,,0.3890426249345444,0.1,0,1
-0.89683991732269086,-0.43933292764699294,-0.051621133092470253,0.43629095580847915,-0.89775826355645694,0.06066549345236185,-0.072995647653488496,0.031885402635325896,0.99682242978497937,-2.7767152327148503,-5.877666131643041,-0.082886482463342806,,0.08694658088118729,0.488,0,1
-0.6461922534145127,-0.75697641898018297,-0.097068392049177929,0.75596585810875505,-0.65233042626184534,0.054595204431641543,-0.10464794790614713,-0.038101392113385403,0.99377919625943789,14.406242265782454,4.4929276389526214,-0.99248892714063686,,0.1125479058523983,0.3333333333333333,0,1
0.53756505775087549,-0.83970083018608221,-0.076982624468784164,0.83883085219460107,0.52322687494829834,0.15032111873691242,-0.085945390171765668,-0.1453827813623117,0.98563544822189753,8.3743191376874648,7.3671012270444285,-1.5357005064814444,,0.8488273880823516,0.6953125,0,1
0.64717469303567943,0.76198208043061566,0.023414222105507154,-0.75513526185285396,0.636541362781746,0.15679869187713447,0.10457367259782391,-0.11915705002470352,0.9873529988959443,10.554971152258473,-10.670068419163776,1.0530033776959848,,0.08695124408955854,0.5,0,1
