axis_00,axis_01,axis_02,axis_10,axis_11,axis_12,axis_20,axis_21,axis_22,location_x,location_y,location_z,dbh,dbh_approximation,score,reconstructed,number_clusters
0.93955414753429167,-0.33517991036739453,-0.06994591866018196,0.34240031088249062,0.91984593822880878,0.19143008392501301,0.000175950803642346,-0.20380843360879114,0.97901077186681018,6.0585522159101322,-7.3956119030858689,0.00049757070371799579,,0.08662915709956995,0.3142857142857143,0,5
0.2499675760111425,-0.96592356926448253,-0.067140667873320542,0.96593056897492802,0.24396636343546338,0.086362893836685703,-0.067039890087058809,-0.086441146749897182,0.99399878334215153,-15.831990344847245,15.840595735955716,-3.2331938050153077,,0.1213437990799225,0.5652173913043478,0,4
-0.63954700422493971,-0.76247603370832351,-0.098030237209385154,0.76381891685822256,-0.64467842520145158,0.03115108873391581,-0.086949937529803317,-0.054954764126506052,0.99469577372348561,5.4461862104920913,-15.875319931977987,0.7485312436098196,,0.1281851949921218,0.2222222222222222,0,5
0.79654307985558692,-0.59894417734508421,-0.082371077197008299,0.60409047698528406,0.78298272825901316,0.1483669197084157,-0.024368371916633873,-0.16794022648696047,0.9854959476211157,-20.661832727521126,1.1369725126418277,-2.1496927695964123,,0.09407634812357238,0.3275862068965517,0,2
-0.64023301134790911,-0.76128800698601329,-0.10267551606713297,0.7645419436284645,-0.64447705784181553,0.011177582402602805,-0.074681373937535309,-0.071343481375813714,0.99465210000883308,-19.088086602571565,0.84755033272745095,-2.0550347806640663,0.1897886431146735,0.2176864542415462,0.7156862745098039,1,4
0.80752559466006268,-0.56162002883173479,-0.18023694733309661,0.58942887836221669,0.7570713031985058,0.28180957972711829,-0.021817683689415373,-0.33380531015602055,0.94238951797548764,-16.765944605115976,7.0547884906034612,-2.4811407406473878,,0.06731395522996556,0.3333333333333333,0,1
-0.75333952185540687,-0.64920653383553473,-0.10493064964974563,0.65408480062301566,-0.75622653396668538,-0.017161087339785355,-0.068210251462788779,-0.081561668386470221,0.99433146175980935,10.895160868768176,-4.7662438541640846,0.0055156213647538782,,0.09665652977254033,0.1875,0,4
0.96302152214007641,0.26905588206448128,0.014088300873967965,-0.26373648716222853,0.93071298528971036,0.25340955852620073,0.055069167728767333,-0.24775445775933133,0.96725648895525229,16.360133726855885,-7.8093707864943953,0.57583703458257429,,0.1906335017471446,0.3,0,5
-0.16993714890868919,-0.98397554115510588,-0.053976845307052317,0.98248846571771542,-0.17341802074219267,0.068136662770560852,-0.076405367301222132,-0.041452677722626369,0.99621478374755557,22.117200733759962,-3.9903727952497761,0.51645839367356017,0.3709577749696119,0.3664308105866453,0.8333333333333334,1,5
-0.99226892764090957,-0.11877343538042472,-0.035989530231608925,0.11939633172895044,-0.99272291723040085,-0.015675636358175784,-0.033865782259239689,-0.01985146476951823,0.99922921701603351,-14.390696926659867,-3.0374868928163359,-1.4905093971926153,0.1555531755870894,0.07974965933551033,0.2822085889570552,1,5
0.52919970467594668,0.8484762661386005,-0.0059748113266143424,-0.84509530403346911,0.52769477646668816,0.085744679078936528,0.075905201873577077,-0.040326773851499305,0.9962992279627948,4.0321405966335266,-6.3280902027735442,-0.28757156766706871,,0.07728527331392104,0.2,0,5
0.73538952454967699,-0.67236061608832154,-0.084459748495550088,0.67676955986935594,0.72238096343358726,0.14194613944380149,-0.034426879278219247,-0.16154549081324937,0.9862645914667465,-16.418711657178338,8.7478309445751457,-2.6109859704153506,0.2463058550578046,0.2145344540137982,0.4,1,5
0.9815698624600131,0.19110360615411412,-0.00012971169623664236,-0.18900352171203486,0.97088305297818811,0.14718616178228489,0.028253741180226687,-0.14444898460925867,0.98910879935155505,14.334131658934082,-5.0564968580818217,0.27925965834512079,0.1720189104465009,0.1941169371088271,0.3076923076923077,1,5
0.89207388794848763,-0.42655715230403279,-0.14917497866178636,0.45177961882986112,0.83457880012516983,0.31523547134099278,-0.0099676702601819486,-0.3486075475372078,0.93721578270411077,6.6086767083820259,-5.6012482977623481,-0.16509608365589493,,0.1111427202456375,0.1428571428571428,0,3
0.77713610928160903,-0.62532748995740017,-0.07088721996396774,0.62893308110113044,0.7676875417055673,0.12287806072160071,-0.022419793649391381,-0.14007629568788593,0.98988685426117207,-4.4641448213200556,-18.049555906029873,0.54712577968089648,,0.09407808128429901,0.2916666666666667,0,4
0.98650320903473232,-0.15371159192003875,-0.05642840661919938,0.16364376497460673,0.93744889474001192,0.30726257164787391,0.0056689283916688147,-0.31234966985757601,0.94995028658912084,2.4115269189474962,9.4160311291679779,-1.9159501947525523,,0.2353850350549624,0.3975903614457831,0,8
0.81024847745053974,-0.5815272833243964,-0.07296179506035684,0.5856930700496974,0.79884499930520747,0.13715062807301906,-0.021471667025240022,-0.15385930532278619,0.98785944429394779,-14.072786834877807,8.7345563996463564,-2.5254244523206602,,0.1401335903593278,0.4464285714285715,0,1
-0.81584961026407488,0.57811979850914963,0.012919442855555333,-0.57786811469911059,-0.8159140875893337,0.018778809529922193,0.021397557011333272,0.0078549503503076382,0.99974018840343792,-10.118224905107425,-0.30561169507512087,-1.593059489936641,,0.07513896187958495,0.3365384615384616,0,5
0.58706933575103482,-0.78162935811561018,-0.21072527506831357,0.80835585355862194,0.55195018504025894,0.20472373397223409,-0.043708226209133186,-0.29052803610977329,0.95586769544526828,-12.047522562372718,12.39216076941082,-2.7498598325518304,,0.3551151513026439,0.1304347826086956,0,1
0.29890056840283513,-0.94826510837139355,-0.10701277705887047,0.94602723548414103,0.27972542057518429,0.16366477570408949,-0.12526340219990725,-0.15015649612795881,0.98069470618530363,16.595773157211603,4.6659491699620652,-0.55146143020819838,,0.2745715975840793,0.1818181818181818,0,5
-0.98343630038758623,0.17591560178084484,-0.043666281385753472,-0.176173490151528,-0.98435689369730062,0.0020993328535112974,-0.042613899701928831,0.0097574013284061553,0.99904396733652812,-0.036580635875611174,15.933230895231329,-2.5351536218837398,0.1318060596187843,0.08648015523458744,0.4444444444444444,1,5
-0.54176556986207813,0.84009850590792257,0.026917794918851521,-0.83939226661199173,-0.54242040501943956,0.034651507478461609,0.043711440882226477,-0.0038215951934827447,0.99903688888157527,10.606372032210665,7.9756624377525975,-1.2335382612915111,0.3623578393358268,0.1583006567792812,0.4137931034482759,1,5
-0.90038573729305937,0.43502587945343146,-0.0076163170235567868,-0.43498453492406447,-0.89963426113856748,0.038034859833578481,0.0096942486109058805,0.037559025432420803,0.99924738736332863,11.840082755787865,4.7603016158328684,-0.86999987719074712,,0.08237877291262495,0.3055555555555556,0,5
-0.57469069261995553,-0.81479773712691506,-0.076388843353301053,0.81485294101661754,-0.57836751691247112,0.038803349044535453,-0.075797706644497753,-0.039945750128917087,0.9963227613148633,7.5462034335818462,-9.5955713325335683,0.28130873435448667,,0.1271886562215742,0.6052631578947368,0,5
-0.43537392385743667,-0.87538464984770326,-0.21012201511501299,0.89695491013556539,-0.4417501542119755,-0.018129821769562897,-0.076950864898837901,-0.19636322482764093,0.97750705794209558,-12.626339032677683,23.548519409286286,-3.8356904701396091,,0.1046505478588949,0.1428571428571428,0,2
0.54199678340453972,0.84029575813281332,0.011938410410696794,-0.83708876104393715,0.53856314349647971,0.096084060078233155,0.074309440268781682,-0.06207076067837513,0.99530162652120169,-4.6017264339541413,8.6188179947109802,-2.099169873278004,,0.07243706273912348,0.2727272727272727,0,5
0.78335248037586336,0.61760569781316299,0.070157633353030685,-0.6150343667990904,0.75381861547398366,0.23127953351070304,0.089953427644667641,-0.22432275184118589,0.9703544114710736,-2.5935415267866597,12.591158910260896,-2.3779976757318546,,0.1798785938505588,0.4444444444444444,0,2
-0.63417536458579105,0.76008682628338842,0.141737868838655,-0.77240647644560267,-0.63104418632774795,-0.071912933793846168,0.034782784497026133,-0.1550846588557209,0.98728866421641726,-25.091770000603422,-3.7325849566337306,-1.7594439743988191,,0.3489226680004392,0.5882352941176471,0,4
0.71817166166900659,-0.69425702149470703,-0.047293260417066434,0.69503386716662174,0.71233165290931022,0.09752712317556135,-0.034020403686453225,-0.10291163378738254,0.99410854928635595,-4.5477525151070992,11.084466808846926,-2.3349244545308552,0.2043945058257381,0.2126743526151511,0.7254901960784313,1,5
-0.3119238483909676,0.93187356982936631,0.18524352258160678,-0.94852877686753378,-0.316663043351877,-0.0042043345856296625,0.054741869342845924,-0.17702024412083775,0.98268365251094436,13.352965291266768,1.0936172170515199,-0.38301862487005311,0.5692914193495606,0.3665563905730783,0.5056179775280899,1,5
0.24547173646239165,0.96725115565625719,0.064566465597659994,-0.96634676492882332,0.23886900020944768,0.095475288166820452,0.076925655731600498,-0.08583007992874353,0.993335613410538,14.208283603303659,4.2495698619862301,-0.64094066792922644,,0.07201967366566664,0.2727272727272727,0,4
-0.98067035521802948,-0.18639010858181718,-0.05953471104660573,0.19197861373909589,-0.97536438465343611,-0.10866705580091632,-0.037813572475493509,-0.11799595150886702,0.99229385222531674,-1.3477438355241436,14.418259260844811,-2.4705384623276991,,0.1411206174342004,0.3103448275862069,0,5
0.85639633307929153,-0.4967608877172085,-0.14076200170057621,0.51631892966023607,0.8238033436795239,0.23401455898499779,-0.00028907239618104253,-0.27308729625679368,0.9619892125488223,11.38147085203636,12.400317553376969,-1.5720224053447509,0.7174339970213964,0.4752007176754944,0.3461538461538461,1,6
0.039454539548266762,0.95375087399061975,0.29799766722436544,-0.9964701808380918,0.015439969971924263,0.08251536843380633,0.074098029727753076,-0.30020139521560435,0.95099348278580231,-20.616117575092041,13.123634189543552,-3.1962348810822108,,0.4869297950133868,0.1875,0,1
0.87699395157619886,-0.47898459937594429,-0.038149213090552157,0.48038088587734651,0.8722280469995598,0.091937144348888208,-0.010761662625178246,-0.098954472299126045,0.99503376778355745,18.563244913067184,6.6546425268167413,-0.63499267405239579,0.1594100365178046,0.1481443573629531,0.5333333333333333,1,5
0.24369454582112371,0.96985033603387971,0.001814946833183571,-0.96633948487324473,0.24265239804291636,0.085485751438089924,0.082467983556947816,-0.022586266158733753,0.99633774006059761,-18.276572323260627,-5.120557468027406,-1.442357443438417,0.2436656706685922,0.215268290147287,0.8689655172413793,1,3
0.97532231160105654,0.21986190916077591,-0.020177447642100627,-0.21461164558725149,0.96554177438632871,0.14721047344951863,0.051848144340013967,-0.13924734401444869,0.9888993614688093,-6.1801842219235468,-16.737024805471375,0.36482301760456382,,0.5795843741661668,0.5142857142857142,1,3
0.86695806684036536,-0.49557412503530063,-0.052820421580225839,0.4983258783719291,0.86040219171113352,0.10667421170799887,-0.0074181726362895911,-0.11880385134402822,0.99289003198771431,7.0479409367696935,-3.0164836046168668,-0.45358237941809493,0.6717073352773199,0.6059861927192565,0.9914529914529915,1,5
-0.91870011495317327,-0.39251649427167207,-0.043828079009974194,0.39160889576206609,-0.91970492848584051,0.028023512964510302,-0.051308591337546366,0.0085817389574187539,0.99864597441306791,13.181864888719018,15.152666266815864,-1.7295526013689071,0.1682198581839688,0.1665958903000158,0.6363636363636364,1,5
0.67866885840109792,0.73433911556370324,-0.012435593659722894,-0.73102401571053865,0.67704359023714156,0.084946249906871496,0.07079879300517429,-0.048559656834875689,0.9963079296267251,-10.153379513556372,3.6307180185807177,-1.9225153289384111,0.1737705182050652,0.1267425633529715,0.54421768707483,1,5
0.38280788235078084,0.92183524253628202,0.06064578161903899,-0.92056057073197528,0.37511487813588196,0.1088901456272406,0.077629638822617295,-0.097512121396141446,0.9922021091275175,-26.409008438899015,4.4826793652623236,-2.6209748354554989,,0.1594785825084397,0.2142857142857143,0,1
0.76817092370875029,-0.62403864032078615,-0.14314051611974829,0.6401114907708767,0.74400820639291754,0.19159610696221799,-0.013065655419048012,-0.23880444762729261,0.97097977550610837,4.3393907020212472,24.583826837117829,-3.006228376700645,,0.3481011137319138,0.5714285714285714,0,5
-0.53056741474874869,0.83168218557077167,0.16371609759292,-0.84630548676251804,-0.53060074198715279,-0.047221559465368219,0.047594553075826877,-0.16360805239018075,0.98537666083107811,-1.8725602045259233,-17.467549926071836,0.56981216391311762,,0.2552828142622027,0.1428571428571428,0,2
0.46111797508091673,-0.87820144557818303,-0.12701351912951891,0.8858761481414047,0.44740194030693559,0.12269863065143653,-0.050928019904796298,-0.16909679119953455,0.9842827906626217,9.3863565563378746,10.087840201064669,-1.5254123958038155,,0.1024073558087905,0.4516129032258064,0,5
0.89137715478905299,0.45320573903827605,-0.0071642182366801364,-0.44969591860161029,0.88623186803028997,0.11120547145080895,0.056748116384833458,-0.095904297037791048,0.99377161214056686,6.5813808032718919,-8.6089681351714766,0.1367024848297459,,0.1029710140612496,0.5384615384615384,0,5
0.87595681254550928,0.47757763341676773,0.067965186788171969,-0.47885206848063344,0.84382801289347686,0.24218790466921628,0.058312597840692919,-0.24469141528931115,0.96784593413248587,12.775394809798568,-7.3786355419802216,0.3453798259128496,,0.5050123606465088,0.4705882352941176,0,1
-0.99929043146558916,-0.034813060216020132,-0.014376523213632933,0.034358182331002921,-0.99893610689593937,0.030759870716467956,-0.01543207336121496,0.030244093274225111,0.9994234067370017,9.3035710719844662,-7.8372687899122369,0.22521568523190594,0.3507791198027014,0.3823957610482288,0.9617486338797814,1,5
0.69916854614810942,0.70888091084579619,0.093011818150026404,-0.7112759829660863,0.67647362102399433,0.19097098238819785,0.072455642518488517,-0.19967797649495542,0.97717904478663142,-19.300639386149385,4.0952394715447795,-2.3191402416968687,0.7754510004479465,0.6536053481509712,0.7254901960784313,1,2
-0.58661765443564606,0.80903360577777717,0.036665409129453472,-0.80796727635833043,-0.58774040188076138,0.041834200496044867,0.055395016369013166,-0.0050837701807080185,0.99845157491098591,-9.2132361020115425,13.814923991911028,-2.756734997087519,0.3481126845542698,0.3452915755555122,0.4912280701754386,1,5
0.45690086047422745,0.88812105589309709,0.049825633736489648,-0.88511572781814229,0.44836035187251555,0.12467214298998976,0.088384116598361206,-0.10106426147796541,0.9909461453505144,9.5102154637349816,6.2255328998749366,-1.1550774673455109,0.3456463296669691,0.3344906624885816,0.6935483870967742,1,5
-0.20544687690661689,-0.9700888092449641,-0.12930306627069796,0.97357713106264931,-0.21604543594448478,0.073972558961939619,-0.099695288961602457,-0.11068907708190875,0.98884213986541736,-10.270215006917612,10.168386650264589,-2.5090935316410969,,0.1340215179358099,0.2162162162162162,0,5
0.63032516842779107,-0.75860594259677727,-0.16494606968137102,0.77446650551853646,0.59973658609066594,0.20128998766510917,-0.053775588108205319,-0.25462335156298643,0.96554395806842908,-4.1698425644475012,14.287804006166139,-2.5771856131079329,,0.2916465173052831,0.6041666666666666,0,8
-0.15734437610206009,-0.97742058684418598,-0.14103809316004301,0.98294870944119817,-0.1687680803401958,0.073001162087798971,-0.09515556692562617,-0.12714688935028162,0.98730901272682159,5.5054895499052456,-9.1590097736659164,0.11935924216975326,,0.1598087512147387,0.3333333333333333,0,5
-0.9992417036828326,-0.035207231355649966,-0.01662734137798641,0.035464710185881966,-0.99925145116738368,-0.015452885533448016,-0.016070841684919904,-0.01603085151039043,0.99974233672851487,13.149355383384032,-6.8036634688259179,0.33131235547075327,0.861491916427618,0.5825183202068578,0.1666666666666667,1,4
-0.61175347145904713,-0.78918979032329639,-0.054195617971169015,0.78752721439008555,-0.61405644888737509,0.052302621108500515,-0.074555863302609146,-0.010684214023451551,0.99715960147706773,2.0768550879375249,4.9778659203044029,-1.5239391218511791,0.2363220159847098,0.1618099455289091,0.2916666666666667,1,6
-0.96392328722162812,0.26317395168825869,0.039891947867172449,-0.26611191451962357,-0.94939788772844314,-0.16681756420554611,-0.0060287065405166427,-0.17141505747616526,0.98518045695592871,-25.693798839354518,-1.1072250778384078,-2.1044562902811998,,0.3687172870311536,0.1333333333333333,0,1
-0.85008141839284035,0.50709378129517313,0.14218818191038782,-0.52639923880205874,-0.82647333367591513,-0.19961380240663229,0.016291822851708927,-0.24453573500489481,0.96950340423011738,-21.658739541559076,8.6990171597137973,-2.8087635730881408,,0.1535575760978508,0.5,0,2
-0.80330337695168941,-0.58650987461271598,-0.10348841268368443,0.59206363303477216,-0.80525331375712039,-0.032058620070792118,-0.064531690011024323,-0.087024523353782524,0.99411387341660662,-1.480940822383622,2.0732101701622319,-1.4472191785227719,,0.07684184267084412,0.2556818181818182,0,4
0.72356628515054722,-0.68710667761161093,-0.065850167615364996,0.68831677904295863,0.71109970650209486,0.14337788916204025,-0.051689870200695445,-0.14906918190615129,0.98747482819789756,-1.7651412764166279,-4.22908839595011,-0.88064539822349175,0.2332523144073178,0.1899153982271995,0.7,1,5
-0.36143395806263889,0.92600454778243324,0.1090003277308179,-0.93056935316235334,-0.36556926527579509,0.019994780336736281,0.058362427247104498,-0.094205571873252167,0.99384059954997817,7.222936822627986,-17.092211136157353,0.94070098132029323,,0.151331823434448,0.1176470588235294,0,2
0.38528972678988471,0.9217033130799962,0.044886847600764876,-0.92046385100025241,0.38040542043891218,0.089654978124360629,0.065560090237591434,-0.075859862628749497,0.99496088154760465,22.100605825943884,-0.58498620506729782,0.22278897306927714,,0.2248541385768864,0.6842105263157895,1,5
0.61004181402815771,0.79229222048888281,0.011046379046072224,-0.78834624894298955,0.60548253596988055,0.10909211893166097,0.079744447548102643,-0.075259125614619476,0.9939702646945584,4.8871598510583389,12.483432213526777,-1.9959948082617918,0.4514049804336473,0.447345651887242,0.9069767441860465,1,5
0.71580977811281554,-0.68634008285605452,-0.12866099728832472,0.69758515373879504,0.69453157846829494,0.17607055345389416,-0.03148515271209186,-0.21578502537359537,0.97593314729197211,-15.577454608288898,3.6289769441488438,-2.1642709513139651,,0.08083985971856356,0.4888888888888889,0,2
0.89220647512586315,0.45149156475128244,-0.011089305745708,-0.44819104593963849,0.88817359983117028,0.10135306064680048,0.055609280547549489,-0.085457729441986346,0.99478871344401854,8.3174255877002388,6.2353634965636857,-1.2303013217333274,,0.07311000970923076,0.2894736842105263,0,5
0.8455383671274509,-0.51109522965713494,-0.15442323639001077,0.53391113796182754,0.80834350855175063,0.24803158859821214,-0.0019407410314095054,-0.29216851028809893,0.95636488597202429,8.4660106378675763,1.7947377790339514,-0.83575518433592755,,0.4218807675587878,0.15,0,4
-0.76944959558817694,-0.63262273064075758,-0.087953399739985394,0.63518873858190517,-0.77235540441997008,-0.0015477861584132385,-0.066952118920304379,-0.057057952468479424,0.99612338785523247,-11.723869155819804,-13.738431614911754,-0.18910037498024268,,0.08846915394915747,0.4375,0,1
-0.96005570235549986,-0.27767839914908082,-0.034463821910673625,0.27637523824620203,-0.96029054526284174,0.038194192793519002,-0.043700984646137975,0.027143605596846185,0.99867584761831529,5.7914585946954205,10.088698698971132,-1.7267787273995621,0.1812567112320216,0.1696644593518684,0.723404255319149,1,5
-0.92491793110817,0.37961545448118483,-0.020467716864035135,-0.37712899448836995,-0.9229889510499899,-0.076584056799251149,-0.047963968046584586,-0.063114997890227828,0.9968530256815914,-24.799444247862763,0.089309646206934712,-2.1881801035967303,,0.1678584499297519,0.28125,0,4
-0.8319523466771781,0.55063491317269486,0.068238444103276341,-0.55484126593227912,-0.82619131695251258,-0.097770534471994422,0.002542140240641701,-0.11920193030136862,0.99286677723419969,18.444369855023488,-0.345337999618681,0.04016639825367771,,0.281052590994596,0.2068965517241379,0,4
-0.28952529215089978,0.93624148872663071,0.19906526565897328,-0.95233661964808458,-0.30263923603028492,0.038268207330166074,0.096073243320891469,-0.17849752827965709,0.97923876777620367,-18.032553411170948,12.347739279417256,-3.008426425997726,,0.1727855022729981,0.1,0,3
-0.26122950222835839,-0.95914733864303447,-0.10860722784192674,0.96119935324831607,-0.2688049212929875,0.061965454921992923,-0.088628158508133117,-0.088205992215126511,0.99215157735942872,11.61252250899218,-5.2542476489670822,0.096561654558559959,0.2087395513223863,0.2753697741574133,0.4090909090909091,1,6
0.54781998954758138,0.83494097930473432,0.052600571572374993,-0.83309508141685951,0.53870178614740372,0.12551083985311717,0.076458121681908534,-0.11257862443310386,0.99069682998868358,14.36317225158397,-8.718384761259081,0.55913445565661213,,0.1441165746072124,0.5555555555555556,0,5
-0.44015293712760206,0.89781198805839524,0.014107658791519073,-0.89618848394483597,-0.44022459978156681,0.055213250147195837,0.055781656327170762,0.011659152876266746,0.99837491503523179,-2.7167529312548679,-9.5909495610373607,-0.30545678674814902,0.8328552755139873,0.3639930084920339,0.9074733096085409,1,4
-0.52155473539044017,-0.79876757260937759,-0.2999183604575269,0.84981559056284683,-0.51768347147570448,-0.099082215342531713,-0.076119117363040514,-0.30655209721772664,0.94880540242100542,-25.208398472614594,-7.0577212076675293,-1.4282332791005583,,0.3052045875644084,0.1904761904761905,0,1
-0.9904015364148453,-0.130131702936399,-0.046589017568393724,0.13162119782367135,-0.99083194059260282,-0.030461874285086132,-0.042197831112241603,-0.036301589391805264,0.99844956690713915,-15.568692829065505,5.9643763337024884,-2.3415077625738099,,0.1096498905236798,0.375,0,4
0.98743514213242256,-0.15537031230780624,-0.028842783071277554,0.15773040792929172,0.98017559310224767,0.11990381604067553,0.0096414986584714129,-0.122946625573993,0.99236644883006164,-7.737991847513098,-6.7159237886315246,-0.84828754994476996,0.358095296055652,0.3037045662028776,0.945054945054945,1,3
-0.42727684830299795,-0.90130989532381434,-0.071238806107561142,0.90019261550911489,-0.43143475624369132,0.059306880610978836,-0.084188775303570579,-0.038788190165570974,0.99569459495196821,5.3214348614678038,-6.5605603940078296,-0.16945037882605546,0.241183672596195,0.161233023902442,0.2162162162162162,1,5
0.40420845377949322,-0.90385932341111441,-0.14019218728586538,0.91160746751022104,0.38557067617939617,0.14250290821652115,-0.074748585757821243,-0.18540112500566724,0.97981583564149466,20.189881684361335,-1.6149189602959899,0.2248879116015664,0.8472160373666355,0.2802381432866545,0.2083333333333333,1,5
0.12322101753318737,-0.98849452806734628,-0.087721997349584593,0.99011109386871687,0.1164850934383475,0.078174451099783077,-0.067056712088939069,-0.096487258161759556,0.99307281020892313,7.1892522607791918,-12.397924933610655,0.52280800278783945,,0.1045569416837318,0.4444444444444444,0,4
-0.089352197292535782,-0.99156171251220604,-0.093923134098355718,0.99324866898883557,-0.095712792024335164,0.065544969256333629,-0.073981527362599692,-0.087432440905926584,0.99341949944941688,-6.6987502085670911,12.225810629047212,-2.5080551936732531,,0.1166134915936702,0.3333333333333333,0,5
0.77960662359201316,0.62611139725931997,0.014072337170623209,-0.62303915980292801,0.77311019781484835,0.11883950263589871,0.06352729967126737,-0.10141568052657571,0.99281374987447146,10.353017389138342,8.9998394643789954,-1.3660764796285363,0.1513204970528651,0.1657979438595115,0.4385964912280702,1,5
-0.98729582158562501,-0.1429258861516626,-0.069420110539582441,0.15440995238906971,-0.96607539819976618,-0.20701664569876685,-0.037477023397957845,-0.21510582526032529,0.97587138325514178,6.5828669149743835,5.8039799440381339,-1.3139681293947378,,0.3572130457386532,0.2545454545454545,0,1
-0.80310199327577636,-0.56541961542105534,-0.18795703470096617,0.5923937694325152,-0.79157402873036287,-0.14993391536646514,-0.064006330421376614,-0.2317568025683133,0.97066573758905361,-5.7750315316069303,-7.0684968831888497,-0.71931162620443057,,0.08654358873291264,0.2222222222222222,0,4
0.72693254605472901,-0.6689959676801297,-0.15496279783908293,0.68581772909509597,0.69577057141503973,0.21344168855131188,-0.034973074575093729,-0.26143394420104804,0.96458756827685144,-3.666565270349214,10.094864767518478,-2.203888896067804,,0.1202993747873422,0.6538461538461539,0,5
-0.97108507317000692,-0.22469649257583335,-0.080655234737249865,0.23255525034381688,-0.96669653719688953,-0.10684503034333069,-0.053961432559996823,-0.12251241241466544,0.99099892663938449,10.840407146958663,4.2031505067343193,-0.88266716360120445,0.5173006835663836,0.2937514292642441,0.119047619047619,1,5
0.98630490262997716,0.1640124349463819,-0.017394258565132537,-0.16051894865895275,0.97879363478433168,0.12726620771870842,0.037898630179681946,-0.12273117651451008,0.99171606427538961,-28.600887490487789,-5.8045819453489056,-1.691220644081411,,0.1178357214267658,0.5,0,1
0.99510940571334838,0.097284364311354399,-0.01711791813748691,-0.09442529533980519,0.98773918495529855,0.12431880832694711,0.029002314749285017,-0.12209445099748524,0.99209465817269959,-14.342328122284281,15.573976188865755,-3.1572507152186629,,0.1373272368979513,0.375,0,4
0.041810388419740031,-0.99279410720315253,-0.11230205751848667,0.9964187652903661,0.033164773577739816,0.077780087238055517,-0.07349513995777375,-0.11515189315088255,0.99062531055205483,10.575939228192354,1.5127851723233794,-0.66444794201173596,0.2695353561605247,0.1806162443847882,0.6101694915254238,1,5
0.99262071552596098,-0.11249920207123761,-0.045255327223033957,0.1197394522280934,0.96827717700155824,0.219321161947517,0.019146244771368739,-0.22312157679441877,0.97460257709485221,9.8611754114194969,-5.9287702099103674,0.042266556520598575,,0.1357752143539419,0.2380952380952381,0,5
-0.99524416837071006,-0.086922389183365437,-0.043972077307638358,0.093785898430681525,-0.97703125614928987,-0.19134818986050137,-0.026329652098788583,-0.19456213086311577,0.98053675436179377,-11.591085940476027,10.008794435941555,-2.5377772711099786,,0.1919204639364339,0.2083333333333333,0,3
-0.86555435796594227,-0.48563898126140548,-0.12235372199304483,0.49728453596021122,-0.86236677626835145,-0.095034906657344709,-0.059361129546230434,-0.14310249148046722,0.98792607680487932,-14.835518724057156,12.467218624641058,-2.9012921860872782,,0.2960255972932168,0.1428571428571428,0,4
0.93997275317194784,-0.34092799001324342,-0.014809757590126845,0.33874504035586311,0.92694685220834383,0.16131128545562992,-0.041267674136703743,-0.15664494503996254,0.98679245044982722,19.919793353698317,9.5036653467708216,-0.79453289626179502,,0.2571134157819406,0.7878787878787878,0,3
-0.036015955968312363,0.99877979801657224,0.033790027961873269,-0.99687548897929301,-0.038284719142020085,0.06909080801750804,0.070300145006849751,-0.031196079147742733,0.99703796028928837,-14.146559095792192,8.8090111615563522,-2.5421995904436838,0.1964566989056407,0.1860617704173553,0.3793103448275862,1,5
-0.4689501714586839,0.8701085710406522,0.15164699565261763,-0.88146311733746285,-0.47190324518303628,-0.018168653209342231,0.055754008489014135,-0.14219142656051151,0.9882677211920331,-16.872378819139989,15.226664425569542,-3.2171114928806568,,0.4674018231715669,0.2653061224489796,0,5
0.3723461652091572,-0.89178330589756516,-0.2570619936444215,0.92627720423819682,0.33975626752888638,0.16302214445746188,-0.05804200343462277,-0.29881133512176117,0.95254549069325101,-7.5977932077342647,15.703192023195815,-2.858537310866025,,0.5623526607791983,0.2857142857142857,0,1
-0.8453282734432459,0.53424591953035661,-0.0011864158731546416,-0.53403654958233493,-0.84493046245838932,0.029957925830176976,0.015002460719992623,0.025957871157233522,0.99955045650398733,-0.74880714400910975,-7.6148519744668528,-0.37473060224112009,,0.09186189031603255,0.4341085271317829,0,6
0.37387585917641791,-0.89499225696861906,-0.24332221824427119,0.92618432008854357,0.34642097725291154,0.14891310130831362,-0.048984152000597601,-0.28103623696127716,0.95844623551215835,-21.49769153039157,3.4703273457748058,-2.3551856317857598,,0.3056367078656608,0.3,0,3
0.64175834387406194,0.75898720738027015,0.10993019194525568,-0.76342749128142129,0.61861055925117803,0.18574025287670085,0.07297049831114831,-0.20312408772975257,0.97643018765305478,-41.457747146648089,3.1118937982233259,-2.8592487480470439,,0.5545302170927422,0.35,0,1
-0.35345513304124193,0.93308529115137395,0.066492919651304092,-0.93296085023651909,-0.35680589974976634,0.04768230101108855,0.068216719744871437,-0.045181736805002363,0.99664692334172922,5.5085503655993104,-4.3321027745867093,-0.39200686340466218,,0.1810995678499828,0.3815789473684211,0,6
-0.13029237448145725,-0.9635283807673658,-0.2337454953743526,0.98936304669547415,-0.14173183582769758,0.032754366828860813,-0.064688940209534182,-0.22699151122614339,0.97174595180316503,-2.4980674390251187,11.146870944932312,-2.2482616894259047,0.6861248676047949,0.5428382351667075,0.2,1,5
-0.19830429720912848,-0.97686888960908402,-0.080016112266901876,0.97669157573143528,-0.20378948613649858,0.067404830950521688,-0.082152124766436407,-0.064784395143720488,0.99451194590222147,17.032826576020287,9.7398920872108548,-0.99809752478593172,0.2239058780360907,0.1832571668268191,0.3333333333333333,1,5
-0.77165484672812112,-0.63131826721156292,-0.077369522461945048,0.63264602787076385,-0.77438809269800735,0.0090600941985774543,-0.065633839902480715,-0.041956255463661773,0.99696131905261198,4.6715812329050648,14.566141878585512,-2.1906855640786946,0.1946129118837409,0.1106414413057484,0.4,1,5
0.49311638047584433,0.86793964575695204,0.059304355908310714,-0.8676442829706168,0.48568371301517649,0.10632369980487322,0.063479394568688285,-0.10388504336567983,0.99256146622267416,20.356292255032944,1.2110316148046865,0.00031276770516239341,,0.204940666110647,0.5625,0,5
-0.97889782509005252,0.20380495388950218,-0.014919410312178439,-0.20422191150383892,-0.97825969227456921,0.036074718745733952,-0.0072428513503586464,0.038360334213397476,0.99923772239810582,-15.9506912413388,-2.2716648338773178,-1.6300722524304896,,0.07271992596176674,0.2105263157894737,0,4
0.074645701595617175,0.99711585309359307,0.013711117486759503,-0.99471427344823582,0.073479662305995924,0.071723451016713582,0.07050910176458193,-0.018992491591006841,0.99733031229955071,-7.2430755964090512,7.9158944229841541,-2.1736359813822168,,0.07003981960489228,0.3214285714285715,0,5
0.67791949216576419,-0.69268806924875104,-0.24618773499536722,0.73426055294723769,0.62167433805249872,0.27273147561769151,-0.035869242079092666,-0.36565592587489149,0.93005867629158068,17.14070330710916,-0.69055538617859624,-0.0081985241741268349,,0.5303109806544987,0.1290322580645161,0,1
-0.039193617743970309,-0.99830980193463303,-0.042911533290863842,0.99632778439117986,-0.042315272281785374,0.074433619970283721,-0.07612362562504349,-0.039836630040099477,0.99630228170407531,-7.3677815978366867,-14.136884353294361,0.009646856723132792,,0.12962391211372,0.5365853658536586,0,2
-0.68149368374156194,0.73181545277220228,0.0035358314682409592,-0.73090559782746045,-0.68087248203432205,0.046793912776170676,0.03665195881311259,0.029305396981402082,0.99889830694767123,-5.76761374640125,-10.861973162513992,-0.30360936419563467,,0.07394399238968689,0.2978723404255319,0,3
-0.74743562130492724,0.66426655867331685,-0.0094831973947326828,-0.66375450595202912,-0.74611104347431789,0.0524239128074524,0.027747933849139466,0.045478014842059843,0.99857989281435622,19.400470443390322,6.6147104723012209,-0.55635194003281696,,0.1697806356423179,0.4166666666666667,0,3
-0.81330694705856987,0.57230692881305911,0.10486462272297775,-0.58145288083762869,-0.80599303156022761,-0.11085026135276546,0.021079782538986243,-0.15112912462168884,0.98828924433041954,-6.8266240305713319,-18.412362788341785,0.50053269232904307,,0.6874289799274401,0.4693877551020408,0,1
-0.94320408340419759,0.3317708265162338,0.017151551602813273,-0.33046881432914305,-0.93171357667525279,-0.15066576849072225,-0.034006173050483111,-0.1477766209917675,0.98843596175104742,-14.903058874565616,8.2591693031276989,-2.5179422670175531,,0.2677616041628996,0.3666666666666666,0,4
-0.99636131599230904,0.084073228680495465,-0.013993577573741965,-0.082679919568504526,-0.99329607151374311,-0.08078951179151532,-0.020692000730254349,-0.079338556418697803,0.99663294876859132,0.57036238507234305,-16.663542934225561,0.59129489229124843,,0.0863755265500421,0.3529411764705883,0,5
0.75113271660493108,-0.65836407118377049,-0.04854268039598042,0.65945705818237399,0.74494030008146972,0.10089765967542356,-0.0302659950958859,-0.10779934642130122,0.99371186490450802,-7.1655916558015145,-5.657218975787786,-0.94568391442014799,0.2236505844622003,0.1802845724710531,0.816301703163017,1,3
0.079519177143904093,0.98913167940002777,0.12367385040354209,-0.99400947528424122,0.069349316982130274,0.084473873353006754,0.074979087161048993,-0.12965027204519616,0.98872086224935274,-7.8687081133948649,-18.42766699191171,0.44864581428794437,,0.471706075598044,0.2857142857142857,0,1
0.51880104350516909,0.85474191919213804,0.016178035532455597,-0.85146166360391173,0.5149306401908138,0.099294869986011378,0.076540921544020049,-0.065289259211760611,0.99492652993111674,-4.1037838755408051,4.0860381817922997,-1.7231530626407423,0.295026922151276,0.2697949842314896,0.8032786885245902,1,5
-0.86108751578277776,0.50356232375543808,0.0703795158911239,-0.50786567451520237,-0.85847963268615723,-0.071310426392361029,0.024510136928713195,-0.097147858221707822,0.99496811347433256,-12.796867206621815,10.012510272257185,-2.5677116275696528,,0.2165376248733343,0.3835616438356164,0,5
-0.98035712210340697,-0.19178993376919412,-0.046005808828158953,0.19150566453216475,-0.98143480285803908,0.010550269716697017,-0.047175137447801281,0.0015326590648994884,0.99888545757908176,8.5463770480001156,20.335232781055428,-2.4457596177033394,,0.2223398399818395,0.1428571428571428,0,5
0.72678077600472979,-0.67335339983068554,-0.13559093836396041,0.68460671395601225,0.69412193185320537,0.22250481101927783,-0.055707726899533787,-0.25453868597293977,0.96545673466336968,5.8742021853778104,22.105554533157825,-2.7102319628839431,,0.3881226159476667,0.95,0,5
-0.22966380346215712,0.9331436142501669,0.27658187316494742,-0.97108988088139181,-0.23871212719750631,-0.00098162039796774805,0.065107454481494173,-0.26881130093985445,0.96098985627214784,-16.217292893090093,22.318701798981632,-3.8888436455245579,,0.2211846873758679,0.1111111111111111,0,1
0.9645738732628546,-0.25419224109956934,-0.070594246107397729,0.26375031503568791,0.93500572920945779,0.23706551344314988,0.0057458104101050017,-0.24728645516943965,0.96892538141616624,-9.3972364420655694,11.726472613546171,-2.5853225050039201,,0.06421766377902409,0.4285714285714285,0,3
-0.12062651934600035,0.98430207756170818,0.12883579835656736,-0.99046589279256636,-0.12803569005429069,0.050834803894048153,0.066532383431632175,-0.12147543858750498,0.99036213567304776,-21.669658276770836,9.9372365888835663,-2.9027112939392992,,0.2133097915658234,0.2307692307692308,0,3
0.62138522328271573,0.78324187204312468,-0.020311921727662378,-0.77988839415238953,0.62079698983057641,0.079907384412845214,0.075196389223793569,-0.033812235886978008,0.99659532195973477,-18.753823008434384,-3.7534043755233495,-1.6082934294379181,,0.09133900603253751,0.4594594594594595,0,3
0.99965087317625212,-0.0098095020802832257,-0.024533760961068712,0.012580599942796337,0.99323035248141545,0.11547811660537177,0.023234893221989465,-0.11574644952905228,0.99300699854451335,-3.2764205108702202,-8.1392060980927781,-0.46295472764692319,0.3100326476958347,0.2624481939655194,0.9222972972972973,1,5
0.6728682986534229,-0.73099164702184927,-0.11357581015133715,0.73754204856690808,0.65100917900718092,0.1794958925550261,-0.057271103210758005,-0.20454403152544137,0.97718051551611629,3.5119836893354095,17.997611467705166,-2.5393817948278228,,0.1724590028011878,0.4444444444444444,0,5
-0.40023323922483717,0.91622356150946982,0.018647776127358458,-0.91541789180113353,-0.40066389889279796,0.038451573366883943,0.042701728184716577,-0.0016809101473665596,0.99908645118984296,7.9958991891767459,11.757101540930973,-1.7614381388437224,0.268099882815414,0.265011812341507,0.8387096774193549,1,5
-0.43238556119766264,-0.89051744152901402,-0.14149704166661198,0.89804734432014255,-0.43939290867640884,0.02109121059649775,-0.080954887606142389,-0.11795150756775261,0.98971397284022067,-13.43028923914267,3.2789176888243317,-2.0362310077494619,0.4593296098980882,0.4915718782983179,0.8220140515222483,1,5
-0.33769780104111502,0.94114565081134616,0.014319885854415492,-0.93958278578580456,-0.33796533296310027,0.054439162099799925,0.056074805634821694,0.0049292670883967788,0.9984144021892859,-1.3668031657301041,-13.711809589186363,0.21045118637722626,,0.3563906483950908,0.7058823529411765,1,5
0.52253523534688184,0.84158210703320901,0.13673509038474305,-0.85053358659406064,0.50330505232740574,0.15256684560267844,0.059578065564626713,-0.19601933941132549,0.9787884718775175,-8.5222902567305372,-15.944992243832806,0.17715042836972816,,0.3631189234365534,0.2758620689655172,1,5
-0.18938818307497635,-0.97948297707609788,-0.068885511754668935,0.97876314915767304,-0.1939228642498162,0.066457659995678514,-0.078452622406858102,-0.054836304938341608,0.99540854210630303,3.6255233039104717,-9.5078956047597458,0.066286531647149996,,0.0789820377735802,0.3793103448275862,0,2
0.64352412833428974,-0.73886333416355987,-0.19989414618817325,0.76459820772105069,0.60837920702487258,0.21275413323727152,-0.035584786093893962,-0.28975112405043979,0.9564402799496462,4.0842852202876347,-17.273897723523021,0.8384622615233569,,0.2329838197031205,0.2352941176470588,0,2
0.36886117384653333,0.91566604954660002,0.15967817676902957,-0.92623316306799286,0.34774981269632993,0.14547231833833288,0.077676006988125199,-0.20155831284616235,0.97639166550160106,-7.0972599110186056,-15.162008052179401,0.15966950728277385,,0.2343877566450002,0.2,0,1
-0.63365976076952513,-0.7713122841727732,-0.059604260465902392,0.77017213819496455,-0.63622460271171744,0.045311504637492957,-0.072871017076094377,-0.017193463539852641,0.9971931606673804,-22.065646221948285,-4.9699593426239836,-1.5451097977281774,,0.08841010380417121,0.3157894736842105,0,2
-0.99903480654528809,0.039156525006467997,-0.019905322414795371,-0.037960894113839731,-0.9976373968674429,-0.05725901579341533,-0.022100358121464218,-0.056448125929658408,0.99816090048144712,8.456840865130598,7.2227685677716646,-1.3096999904578341,,0.07924526479798327,0.15625,0,5
-0.40753439834740546,0.90816096621170206,0.09570461646674143,-0.90840894551772111,-0.41387834539476265,0.059143071586413166,0.093321497346540161,-0.062836093630344134,0.99365120815620156,-0.050466159998311985,2.6316821466199549,-1.449338999072076,,0.2268916185732123,0.15625,0,5
0.10183109323923255,-0.95397416307678418,-0.28207042495031664,0.99237087565658844,0.077603473016181174,0.095800553883595832,-0.069501608602101056,-0.28967394973966226,0.95459862206266843,0.16553928467314025,8.3965218069870566,-1.909328417635511,,0.07849927860882425,0.2571428571428571,0,5
0.32838798903104272,0.9435187000072266,0.04397489507459431,-0.94134424269456174,0.32309273819565909,0.097376071347297991,0.077668174987896049,-0.073372646551049317,0.99427567069306566,-0.2169267342636147,10.973405928686114,-2.165051666460251,0.6117323820901056,0.3544307365528918,0.7006369426751592,1,5
