axis_00,axis_01,axis_02,axis_10,axis_11,axis_12,axis_20,axis_21,axis_22,location_x,location_y,location_z,dbh,dbh_approximation,score,reconstructed,number_clusters
-0.99730169437879612,0.063214709042230519,-0.037326009027071248,-0.068721452286998636,-0.98272999239003889,0.17181130362301622,-0.025820386998428934,0.17391280176508175,0.9844224931387292,6.7213632949158271,2.6955375389192771,-2.5293257212932745,,0.07474914717118311,0.1052631578947368,0,5
0.21694932725112501,-0.94756672156808486,-0.23462799829090539,0.94752470291685587,0.14659615289484626,0.28408890389938785,-0.23479762939094823,-0.28394872095704832,0.9296468130958383,-5.4997378272161894,17.74277612106091,-7.6013139007879689,,0.7923894912260865,0.5735294117647058,0,1
-0.82390058553225543,-0.56401622810888097,-0.055439332512561543,0.54203261777339085,-0.81277625278921473,0.2135308038004072,-0.1654946114812581,0.14587822775093534,0.97536202316827703,-6.9170192586269641,10.694543646270514,-5.8571933052924772,0.170361012957415,0.1554916632886243,0.5957446808510638,1,5
0.6238005493683032,0.7799773622416466,0.050081823033579963,-0.74979219429530208,0.57910785772684392,0.32007148341091185,0.2206457341115825,-0.23721172717551139,0.9460687377293322,-16.079654354362621,-14.023469632178877,-0.15968178187832474,,0.4010626305377709,0.2307692307692308,0,1
-0.17447716312712827,-0.98287216464424176,-0.059329819775996412,0.95226279478189269,-0.18375887238694921,0.24377909363449454,-0.2505060662365049,-0.01396369530674715,0.96801432117096919,2.5827590540310523,5.4171404326461001,-3.5280638284787065,,0.096847343273102,0.4390243902439024,0,3
0.92050616540755781,-0.38623574131774518,-0.059079197484447343,0.38571552597382552,0.8741080879064107,0.29522632619624856,-0.06238535460674699,-0.29454541718609456,0.95359900626272709,-1.1139421866249501,2.4757876087592234,-3.0741700168614412,0.5265897585516045,0.3455144673599278,0.4651162790697674,1,3
0.9741922893493018,-0.20556373466659897,-0.093235907043836816,0.22519463907554718,0.85697895041953664,0.4635455242686134,-0.015386939396801939,-0.47257870194048085,0.88115413666863651,-26.208086655261301,8.89666054011178,-8.2341537971359067,,0.1702470510099509,0.1111111111111111,0,1
0.53996844675328259,-0.83354681004891262,-0.11676382987949632,0.8204550089438073,0.4902977865166927,0.29404363423792607,-0.18785008599908393,-0.25457375354523876,0.94863298972575461,3.7128331269364176,7.9213498063328558,-4.1485700810838839,,0.07562389188583517,0.2857142857142857,0,3
0.94521358845583381,-0.30909884338171545,-0.10501988963302117,0.32295454023086062,0.83840983046253859,0.43905503200401991,-0.047661694710948825,-0.44891743250163857,0.89230123929837613,5.7090934105375997,6.5752805816472426,-3.653232866537957,,0.1408217128687213,0.125,0,5
0.98303576023740824,-0.17436324831360608,-0.056904760187416387,0.18341374382831718,0.93401065058114185,0.30656728980090336,-0.00030441639257151984,-0.31180372390097966,0.95014648612313468,5.0983735628306421,-6.8191956424817199,-0.14354084015330265,,0.5129699247484713,0.9027777777777778,0,5
-0.77985162227584715,-0.57939881028039453,-0.23691446954416551,0.59703539001245465,-0.80220777748275884,-0.0033800619593092811,-0.18809622618863386,-0.14408226952625505,0.97152463134073885,13.384489675200474,-4.4262368158234979,-0.21522550290553888,,0.3526034104465579,0.1578947368421053,0,1
-0.38836107330699882,0.88314669098995535,0.26311138123108391,-0.89629532390602673,-0.42834263617647145,0.11479232717208016,0.21408028653761377,-0.19124462927591929,0.95791185538602164,3.6009781109903214,-10.404762426837319,0.68936300333892453,,0.5273312305527605,0.1081081081081081,0,1
-0.6536513593447455,-0.75164394226315101,-0.088154889177369036,0.72049608723587677,-0.6537056370757367,0.23141808125813348,-0.23157134689887074,0.087751490668325036,0.96885209768102831,5.1584881393510669,-12.216679240148416,1.3066653455884849,,0.1719485128045616,0.3684210526315789,0,6
-0.55375746141157567,0.8322810150970319,-0.025709644884003117,-0.8118524302968797,-0.532788201198511,0.23881449722473838,0.18506297671889199,0.15311774741260051,0.97072480656220683,-1.5017711120958512,5.150718041383425,-3.8099313894035922,,0.06480780358600274,0.1067961165048544,0,1
-0.73281400615623171,-0.67359105314575218,-0.096222271347395194,0.64982446533764926,-0.73475448824214262,0.19458675766008893,-0.20177164476182832,0.080068315393946252,0.97615432603665864,-13.785373152222792,12.643283872672511,-7.2571771933685767,,0.07976517802397889,0.1621621621621622,0,4
-0.8149514802632547,0.57948799075383794,-0.0069103826820053216,-0.5680737702445291,-0.79642659018321682,0.20735688560860988,0.11465721249401598,0.17291140801351401,0.97824095630978791,-8.853452539667817,16.043596327959488,-7.5212485343404625,0.5081643158294934,0.4626001634476736,0.8662790697674418,1,5
-0.99166427124079137,-0.12121126994961384,-0.043701272082978214,0.10952373072213512,-0.97162640655563859,0.20963463094746518,-0.067871389798455278,0.20310084716951957,0.97680270286575666,4.8449755367906144,11.842899421366361,-5.0721216549737367,,0.08517711253892231,0.1153846153846154,0,5
-0.85378452994696485,0.52062265212377234,0.0020076152151525433,-0.51030426977232191,-0.8376147288872029,0.1949131042371362,0.10315778533576482,0.16538929846525466,0.9808184598985652,2.5788460094679784,2.0337684036335122,-2.5569718370909449,,0.0873241849007596,0.3289473684210527,0,4
0.28097190307788972,-0.94987831625699526,-0.13706193485269594,0.93369251640276307,0.23751898167846594,0.26796085190919267,-0.22197539164120134,-0.20326317336694366,0.95363043568173489,-0.6792163083666638,-13.924447570463057,1.236242424993816,,0.15175740051718,0.3333333333333333,0,6
-0.55134279040780143,-0.81407496852059957,-0.18249129593907953,0.79504259972573221,-0.57898193227184824,0.18079598094013738,-0.25284064563809511,-0.045407793724672754,0.9664417934787225,10.066200578934566,-8.2079464693704729,0.62234150807082045,,0.4118762003380372,0.7578947368421053,0,3
-0.99747928435463262,0.029950831835519484,-0.064327482118692644,-0.035084545330623301,-0.99615960394753245,0.080219188116303006,-0.061677807697045534,0.082273878816157581,0.99469938016580217,-2.2318596802761079,6.5003694870968403,-4.2781022813877998,,0.4383244813763758,0.3333333333333333,1,4
0.23878525170002052,-0.95083172548550809,-0.1972324349107113,0.92576582421938158,0.16158391153336005,0.34183077427432784,-0.293153956613185,-0.26421519514181868,0.9188313710241961,1.1927007557829363,-9.5078869335428688,0.23250228469876141,,0.1506480507159791,0.2162162162162162,0,4
0.64970709033113216,0.7594603878848103,0.033175533263342827,-0.72874651772045895,0.60982377860317383,0.31151801225683784,0.21635436136985617,-0.22657201566830848,0.94966094582868943,0.7524388814704307,6.3804724062363984,-3.9700463207784247,,0.0714622680719888,0.2413793103448276,0,1
0.89506756466589021,-0.43877011929099174,-0.07959168989562547,0.43843681655302191,0.8333118174347387,0.33669655895845468,-0.081407693579441789,-0.33626209620024267,0.93824335333915077,-7.4269627250789219,22.437565604885872,-8.9792342283527589,,0.2624032371987945,0.6285714285714286,0,4
-0.63684922271720323,-0.75482417934287438,-0.15704625370842148,0.74079071265031204,-0.6555263645909013,0.14667755580619379,-0.21366372545553078,-0.022926918798489578,0.97663819750144465,2.269470196152918,10.581966474036602,-4.9020728044724615,,0.2253345151653403,0.2692307692307692,1,4
0.90293667670955047,0.42913947817643505,-0.023338083108321465,-0.40616342348746526,0.86982451734032185,0.28006531819312908,0.14048712138006064,-0.24340217193799571,0.95969721861752388,8.6973937762247537,6.8511434761143253,-3.4629346277879116,,0.08511907711479549,0.3125,0,3
-0.19651629096780249,0.97436688852656239,0.10950120514097156,-0.95286174677028956,-0.21611142516142001,0.21295620079390459,0.23116193225990281,-0.062490146885465267,0.97090635110503976,-6.1731797523800731,13.332050711976636,-6.4802967139079461,0.8622524852729238,0.5256000624201123,0.3928571428571428,1,5
-0.063935081500907015,-0.96971483214539111,-0.23572324804887057,0.96518964609174618,-0.12011485915484817,0.23233890696028833,-0.25361634890275292,-0.2126630314075485,0.94363826895786185,6.2883361029643545,-7.7388403393685605,0.11766199297409721,,0.2425828325654708,0.3571428571428572,0,2
-0.75237870867627576,0.65702699121258767,0.04734777237373456,-0.64469174029482967,-0.7491995289147324,0.15189676056311241,0.13527320032528442,0.08375917079387743,0.98726164849125919,8.758998502710412,-17.671427359835654,2.938588601625475,,0.3852931607593169,0.3461538461538461,0,5
-0.77496890803217711,-0.61044791748605109,-0.16363536176620994,0.60137493081677995,-0.79189104675532085,0.10609789184463313,-0.19434861504144613,-0.016183636973981903,0.98079901392985025,-4.5282404601938007,5.537788202116074,-4.1844542550356385,,0.0999842699961094,0.3053435114503817,0,5
0.98729869074877408,-0.13933512394548936,-0.07633490997474128,0.15885857856582153,0.87270882936719807,0.46167439950746825,0.0022906902460744297,-0.46793698547948714,0.8837588643734029,-6.573538994000522,-8.5097150911552362,-0.65646564919811745,,0.5767540101113757,0.1666666666666667,0,1
0.88345031310211053,0.46754225970375185,-0.030327869540950188,-0.44277656631867218,0.8543115977012441,0.27221426551926753,0.15318112350687943,-0.22705930816475525,0.96175860483642861,-0.006815517817860964,6.8455418870726605,-4.1577067021907794,,0.06645827128547235,0.2075471698113208,0,4
-0.61436291351109606,-0.78524107841539337,-0.077166438761855652,0.75681709378820006,-0.61411761310503565,0.22380224267007665,-0.22312798357028127,0.079094917935372933,0.97157495691514029,-10.946030027446319,7.2341257820388041,-5.3553235980993446,,0.08161634803664393,0.2748091603053435,0,5
0.66830603102589936,0.73922559860288417,0.083141826204492023,-0.71086085909394314,0.60170196300477274,0.36418619787743794,0.2191891600938129,-0.30249010246024782,0.9276075948432928,-18.580510141382003,7.8678096152232131,-6.7053593787862802,0.350688659140558,0.4635648518801285,0.3142857142857143,1,4
0.63675330373027339,-0.76827310625646783,-0.065587074882329011,0.75375989109702835,0.60228352296161025,0.26286990041149066,-0.16245386040958823,-0.21682018395894156,0.96259947593276451,-0.00081037251530298893,-7.8303719045669062,-0.2597010815472684,0.1509762778275235,0.09859941171367294,0.3298969072164948,1,5
-0.25711602576594883,0.95372454628624992,0.15588726408982617,-0.93844058787416762,-0.28492067630613688,0.19531889627898369,0.23069593044679138,-0.096071317386308239,0.96827149583727234,-12.865291671310276,-10.580786510152073,-0.8105146389060035,,0.4858846970286365,0.3015873015873016,0,1
-0.064151498468002943,0.99790727543750946,-0.0081027694769627585,-0.96125960617419004,-0.059610359839195839,0.2691218581566403,0.26807565122955695,0.025053435467587259,0.96307204849332051,-13.419321097666746,11.663636119480138,-6.9188951171255209,,0.09001199611334926,0.5333333333333333,0,3
0.57904117713353465,0.80942750929380214,0.097664847218657203,-0.78260828649699465,0.51824110693655567,0.34489190333699071,0.2285510557622725,-0.27613993242486023,0.93354761669148167,-18.716481549963856,10.069610925069451,-7.2421114739144743,,0.1051775632140936,0.3809523809523809,0,2
-0.99902023019463149,0.00099042279761765912,-0.04424475928907029,0.0017741725154017732,-0.99804957030285679,-0.062401182121564168,-0.044220266549981388,-0.062418541163383398,0.99706995428870693,-21.592082421948952,11.403265004092683,-7.9575468264727052,,0.4427337856609918,0.34375,0,1
-0.78128108822510067,-0.61244015136972074,-0.12048619079395126,0.59826861702824441,-0.78980426819569549,0.13521789755418454,-0.17797337739368371,0.033560079411345034,0.98346286051329368,4.980028723854951,-11.464252675104332,1.0746477092675664,1.032830352973575,0.7894987423297978,0.7,1,2
0.33828016285001367,-0.91413673261276795,-0.22342910622884884,0.91119586729009483,0.25885910594401323,0.32049033480484068,-0.23513532881219917,-0.31200320087768341,0.92052451340877406,-17.077488598014249,6.9861791236540434,-6.1565596124381878,0.4267402218428905,0.4046062526898185,0.171875,1,5
-0.90741623616890421,0.42021709963096288,-0.0036556141484091714,-0.41234311372780857,-0.88866803097298042,0.20060480375071382,0.081048941376899664,0.18353942329741674,0.97966542717263261,1.3524402299674125,-15.283382820709214,1.8644062346429273,,0.1463084037900277,0.5882352941176471,0,5
-0.93281560393870966,0.35372966539102085,0.068777706204966038,-0.3461351521896297,-0.93262243392293154,0.10200907882305678,0.10022726907943792,0.071349278665051488,0.99240303051071665,-15.626336936049212,12.809163595509803,-7.4992852609365244,,0.3547922496093094,0.3333333333333333,0,4
-0.88856418999441922,-0.45235979617223521,-0.076317069300230272,0.43323273044792443,-0.88215372229855393,0.18470032892077334,-0.1508743899016606,0.13105504584646741,0.97982727734534025,4.8457319198560898,-9.5996589145762563,0.54739023623687566,,0.1944604551954311,0.15625,0,5
0.99003394930927735,-0.13632284107655987,0.035339244698932668,0.11267002010798965,0.91727793517895773,0.38197729802004421,-0.084488139901061188,-0.37418881949444111,0.92349579402475701,-16.134381306064313,11.304186755130678,-7.1938910179518336,,0.4141294941017962,0.3333333333333333,0,2
0.98610872981635678,0.16484768142182515,-0.020367005421048048,-0.14521398627195126,0.91512868624322063,0.37610156315251797,0.08063790157848888,-0.3679194606766627,0.92635457535676524,-7.2407136819764313,-10.565862281332189,-0.16609994550226129,0.8602368817628628,0.8042601643836556,0.3170731707317073,1,1
0.3885090149198267,-0.91325166826510373,-0.12260561054467241,0.894612855954105,0.34196590098212176,0.28762329621768462,-0.22074551702733639,-0.22142879888689226,0.94986351847823025,-0.41405814474413122,5.6375391520448392,-3.8578121734632878,0.2316735807433232,0.2167056109694038,0.5374149659863946,1,5
-0.24858531038873155,-0.96631668438838125,-0.066613879421503375,0.93553478143674185,-0.25734675886159436,0.24196553148235553,-0.25095819608262337,-0.0021705243783339211,0.96799549205710533,-4.9189143013883845,6.5307321381288652,-4.4783789048090163,0.2533992435550836,0.2081037320756015,0.5918854415274463,1,5
-0.82214421225083689,-0.53017569990401281,-0.20734662161158929,0.53151413937457692,-0.84532811298737409,0.053973151085577917,-0.20389118153405325,-0.065833947356162062,0.97677749639728728,9.9585192577465858,-4.9997268671303656,-0.27534801676860104,,0.4269683336075693,0.1818181818181818,0,3
-0.20740394012189436,-0.96820456753127548,-0.13986965730096557,0.94847157072938215,-0.23403550298164652,0.21360960386243469,-0.23955225972645758,-0.088358920068681221,0.96685439240055404,-14.975978089105592,10.855110063999209,-6.9337771784188194,,0.2306004330055537,0.34375,0,4
-0.68905531940951303,-0.72244538173997497,-0.05723143538332947,0.69540833338245889,-0.68135970631873433,0.22837732038772784,-0.20398533441324956,0.11756539034864739,0.97188906894587779,1.7700941650374213,-10.761534071876572,0.64899753359268519,,0.1340704332822031,0.3898305084745763,0,6
-0.37838729562519208,-0.92252579951627667,-0.07595527457859276,0.89185156441140023,-0.38531301693019354,0.23692755441503943,-0.24783833756380899,0.021909546115981872,0.96855362795386835,-6.1003186042009645,-4.4734563207157949,-1.6386506230587243,,0.07449894634278545,0.3594771241830065,0,2
-0.1214075125209496,-0.98544430447780795,-0.11899470020015858,0.95994563353614115,-0.14706404436656151,0.23848804479354321,-0.25251652729746715,-0.085274202586715503,0.96382763698434593,-10.719818858096341,11.478115109054288,-6.5785747416946236,0.5019838543880064,0.2317362004178737,0.1666666666666667,1,4
-0.98238760490560872,-0.18016988918930932,-0.049531855985160952,0.16855088813202745,-0.96887639381202162,0.18129846006990211,-0.080654769466705772,0.16975672164401959,0.98217995480408193,5.4665451130853153,-4.0369305470595203,-0.80771011341955212,1.165545005776103,0.7259778486287127,0.9545454545454546,1,5
-0.68535321400995597,-0.72388011118435103,-0.07930042041475395,0.69600834844843129,-0.68317577220865711,0.22100507495800528,-0.21415730418622725,0.096272783790840866,0.97204331187702309,-11.635313562157201,5.8594404876012653,-5.0442755974726383,0.289990033729206,0.2265391002186167,0.7542997542997543,1,5
0.57961692229175743,0.80179866910712261,0.14547548800769891,-0.78258553204544812,0.49793180076047128,0.37366269123980939,0.22716537682088284,-0.33042823125374976,0.91608573592450682,-11.772616896130597,15.364356697453152,-7.6953073109693184,,0.07985246878811789,0.3157894736842105,0,1
-0.81409569996970088,-0.57654809735390389,-0.069573577803905218,0.55272341611934372,-0.80600943034726968,0.21176785276484342,-0.17817131240523917,0.1339443527322563,0.9748404453072983,-4.8045306773384215,14.655180874047179,-6.6856861855882466,,0.07497382986196119,0.1923076923076923,0,1
-0.38292389975740326,0.92377912435906184,-0.0011901230979016371,-0.89911896148298942,-0.37240548485959507,0.22999836509906191,0.21202447994591039,0.089141933145381935,0.97319028748686753,-10.745202532384173,16.185283800483106,-7.7632844716214215,,0.07207194126855147,0.3548387096774194,0,2
0.9929773201312847,0.11639801666205925,-0.021155222098418594,-0.1015859294195679,0.93055330102994915,0.35178239422436891,0.060632834742052263,-0.34716286618733527,0.93584272380124844,-5.2040536428261124,22.89095452822697,-8.8319100078036499,,0.4123476024556338,0.7380952380952381,1,3
0.51474127547990911,-0.84880451914683108,-0.12071581335199842,0.8361128094385567,0.46585065903927592,0.28965243545573222,-0.18962275499022047,-0.25002810191774533,0.94948889358503286,-1.2969783724351132,-8.6426550278833929,-0.16912129395753547,0.3256930796439469,0.1348970362356642,0.36,1,4
0.53887303710615897,-0.82643649209591019,-0.16315199787986548,0.81789907861726385,0.46694202721825367,0.33616400820780756,-0.20163567907742858,-0.31459158880922866,0.9275641137805356,-8.8854417739207356,17.459060527098853,-7.8258282202746621,0.5203893177120825,0.3928001761463532,0.9090909090909091,1,5
-0.38946400170030926,-0.91513309182872726,-0.10415956806543072,0.88798703126043732,-0.40310275863092104,0.22133051822425537,-0.2445338906835974,-0.0062920762977695787,0.96962033089400868,-21.807917757794904,24.596388899160139,-11.032273669243837,,0.1616575598336653,0.4545454545454545,0,2
-0.23760861737003658,-0.94756101394967274,-0.21370603593293477,0.93429718986246546,-0.28313657919760371,0.2166158778468926,-0.26576475681813116,-0.14819514959319111,0.95257928366643185,-9.4121398473460829,11.021914202401998,-6.2729149161148419,0.710932346148866,0.3135636161023511,0.2941176470588235,1,4
-0.98396348627397923,-0.1683938130873113,-0.058816506131134275,0.16002936217387859,-0.9790536633679523,0.12587504712219619,-0.078781094951642164,0.11444408223979601,0.99030101035923046,-14.365711667072121,5.0397571049581646,-5.1744692536107291,,0.1168807432913264,0.3359375,0,5
-0.9041004984116332,-0.42366959591160852,-0.055734749231807289,0.40186153788888185,-0.88732064457922732,0.22620649431236275,-0.14529140765172902,0.18211575221161003,0.97248355238481055,-4.156910794780746,2.0941865629001111,-3.2565230856371459,0.3542890749230821,0.2996165292962584,0.8802747791952895,1,5
-0.57005255450215297,-0.76972526383744089,-0.28733796010264906,0.79230294161574366,-0.6075773427316784,0.055729895981885033,-0.21747674315339821,-0.19588974146058324,0.95620660705618254,7.7854967372152641,7.5291821632289988,-3.7198193642012662,,0.2990784282706997,0.15625,0,2
-0.84411494865764169,0.53352165809144048,0.053146907718765221,-0.52853505880760066,-0.84466908888249526,0.084763328731599349,0.090114621809964143,0.043459988883745033,0.99498270552923285,-20.035766906387877,8.6963220236980252,-7.1009158086200905,,0.3804222779563716,0.7681159420289855,0,5
0.80762016759059874,-0.55504495320463321,-0.19918525252387831,0.57881634593793341,0.68151767063884194,0.44777818424088806,-0.11278875199235622,-0.47692637223063561,0.87167650702249277,9.5692482261597185,-3.890782282608884,-0.55821192244459839,,0.1820107094236338,0.5555555555555556,0,3
-0.87930338560037313,-0.44091143946373335,-0.18006292961556794,0.44885593892255315,-0.89359606297573968,-0.0037976740528273519,-0.15922908705910296,-0.084161622989799179,0.98364776167592038,6.9390792035707767,-6.0704396676837193,-0.22303190155555327,,0.491104096219278,0.3098591549295774,0,2
0.94029091787272723,0.33611867353210778,0.053639789979843276,-0.32032007197287921,0.82054851715344534,0.47338692682474071,0.11510013578339012,-0.46230332931993823,0.87921987605055141,-3.6482063844733243,5.0812035977420633,-3.9587549495137795,,0.3639351246073117,0.2930513595166163,0,2
-0.65151595464812129,0.74771313482248258,0.12826546243195752,-0.73924282725934509,-0.66370560236948417,0.11408293355699907,0.17043181388625145,-0.020492471722481288,0.98515636089818059,-14.639446823742421,13.224329727381049,-7.4461502847705328,,0.1912349546195441,0.2903225806451613,0,2
0.39161223253491312,-0.89944268833170571,-0.19401729236244955,0.90760144700129441,0.34291694727256888,0.24221391511310789,-0.15132571734566053,-0.27094430733989849,0.95062595672005767,-8.1172148639330448,-11.637425088366939,0.035121452258792894,0.6707556408659666,0.6825544786219828,0.9459459459459459,1,4
0.79226220106610556,0.60902943617538596,0.037466660296608327,-0.57867769487332132,0.7304659945503672,0.36270036705473868,0.19352707877191022,-0.30903491174531467,0.93115234688238679,-13.924366430566062,9.8274437753145705,-6.4968325458659839,0.4744218324586194,0.1889398247256608,0.2325581395348837,1,5
-0.074000042457572177,-0.97524753084132687,-0.20836565768900947,0.96678058714149995,-0.12141490857628086,0.22493046992737623,-0.24466158268640056,-0.18479900855607789,0.95183508886470303,4.8312248053242195,13.18183633906556,-5.4222483190204169,,0.2098874305583231,0.2352941176470588,0,6
0.66367850694046548,0.74801402499247271,-0.0024202974684183376,-0.71415462719445488,0.63459250169126513,0.2954243139180851,0.22251743275982708,-0.19433830093880802,0.95536308119279667,4.6505966933896765,9.3405847717246093,-4.4446826685834084,,0.1111023234727404,0.2564102564102564,1,5
-0.19861937321934711,-0.9238408281941054,-0.32721318546718769,0.94712732545005562,-0.26677016704968065,0.17827929593228448,-0.25199240855188337,-0.2745028271874736,0.92798061612207505,-18.817228201226339,13.906839128113376,-8.2807428028357908,,0.369933976131124,0.1666666666666667,0,2
0.65323680170095699,-0.74288978704207342,-0.14627523786372104,0.73171021332721708,0.56973137714560551,0.37417418618660842,-0.19463258878241174,-0.35145543416535124,0.91574954719044321,15.16759397317368,-4.187256108683175,-0.1205206795498965,,0.3235572152222025,0.3076923076923077,1,5
-0.20355365578022927,-0.96851824619601501,-0.14331195345783396,0.94423469379130642,-0.23289297493716629,0.23276963991413241,-0.25881799060216493,-0.087939007330722574,0.96191474608218053,2.7348618059132654,-8.0173309323998225,0.022724232332628533,,0.1173177893499215,0.2266666666666667,1,5
-0.68686029639068724,-0.72006150695059401,-0.098662857500360857,0.69605032586643378,-0.69078304763118714,0.19578744843988294,-0.20913363455773465,0.065804310750954692,0.97567049539445605,-12.6674213904081,9.8373935404901012,-6.2381168522518777,,0.08083394846038057,0.1754385964912281,0,5
-0.99879751742334444,0.020081754368861792,-0.044724068804539406,-0.029487372367964861,-0.97487508415210444,0.22079190467555684,-0.039166491543122149,0.22184520152776774,0.97429497201787252,-10.2630792502086,4.9727378959929132,-4.6088470699137121,,0.06760650799223382,0.2339181286549707,0,5
-0.9598070754869017,-0.27454754703126943,-0.058258237738484389,0.26384865168010013,-0.95342303364753656,0.14617936898523537,-0.09567793294106032,0.12493263516568159,0.98754117373337136,-1.0751411862785536,10.803673717956586,-5.3341367110197897,,0.1711154924778409,0.1379310344827586,0,3
-0.39345864348459281,-0.90816795324322563,-0.14290299006414939,0.88143731149772242,-0.41682477765663406,0.22209315755142928,-0.26126339538276394,-0.038575554869734283,0.96449643068264479,0.9954086391935556,9.5548185051782948,-4.771881995459907,,0.1627968879288592,0.2045454545454546,0,5
0.83402794768397093,-0.54725893214022614,-0.070036016982706562,0.54187623003178376,0.78864262155263631,0.29053909684778284,-0.10376672784955675,-0.28026857951494188,0.95429659410901801,-5.7870394758004657,-2.9460963584466073,-1.9559764919550724,,0.1557293182028097,0.4454277286135693,0,4
-0.90544204770066339,-0.41300851382086057,-0.097972780746048954,0.39822212032701515,-0.9064214355378104,0.14078112117692057,-0.14694843019877923,0.088454218153000766,0.98518120675998266,-13.175778608760901,8.4895295403484905,-5.9203587033161869,,0.1031947243907485,0.1428571428571428,0,3
-0.87412479900630746,-0.47819797922097645,-0.085044273358983249,0.46696691999086226,-0.87558621147284799,0.1236554968971165,-0.13359540185362015,0.068377473977911635,0.9886742586190711,-0.027755227193472534,11.886999303762073,-5.5138914765068678,0.03885748159449862,0.1574307115812035,0.2608695652173913,1,3
-0.5107298738806102,-0.85656082613240869,-0.073881980626285482,0.82670219041718573,-0.5128803432794985,0.23133793860266763,-0.23604763139104779,0.057072800990230411,0.97006402422819848,-13.457079637554777,6.86781877626788,-5.5267281528816312,,0.07957133282940138,0.4923076923076923,0,4
-0.98181675092594689,-0.18398245417278597,-0.046758145362894084,0.17181992679851749,-0.96600426417526752,0.19316747746490215,-0.080707994375841641,0.18162108399566421,0.98005101984135035,-2.0310105221817301,15.010066298760822,-6.5004284638002359,,0.09304452167463438,0.3636363636363636,1,6
-0.77900752250690153,-0.61395159473711869,-0.12732132263453952,0.60139347710908009,-0.78906275218010435,0.12532301788821446,-0.17740677993895845,0.021057360748873231,0.98391230401392094,-5.4245040851214936,12.454724572221926,-6.1851434317621319,,0.1475210318263827,0.3,0,3
0.30171159878044346,0.9533134298853394,-0.012791229870479582,-0.91977356930921372,0.29457598778700828,0.25930979275665278,0.25097149710980832,-0.066471736998209532,0.96570948831359393,2.4448810142779336,7.1252336990078566,-4.0413008203736975,,0.2255634046319868,0.75,1,5
0.46882103117928237,-0.88074663409442167,-0.067023930467724646,0.86032098713069916,0.43811893492536275,0.26057551297527165,-0.20013655294936658,-0.17982537471450941,0.96312418450703075,6.1703670447252259,4.2061586042214687,-2.9351474392679142,,0.3423717664576942,0.7254901960784313,0,3
0.95473349711604105,-0.29412395250325363,-0.044441535171942444,0.29504055041732047,0.91730549517999938,0.26739802191119766,-0.037881698668615044,-0.26840590357971,0.96256077617444014,-21.134904164325199,8.3730959722072882,-7.1781067066250328,,0.1798439834472323,0.6153846153846154,0,2
0.63713239985352133,-0.75779660624015199,-0.14073595357193514,0.75263468782215315,0.57233462306346783,0.32553664299069196,-0.16614250432608699,-0.31333270307088484,0.93499694408193135,-14.428041239214814,21.748159090080279,-9.5292522203131131,,0.1293985660056482,0.2631578947368421,0,1
-0.34907836555215355,0.9333230034963762,0.08397896074577596,-0.91085060944787688,-0.35899717814198984,0.20364722771135274,0.22021685215230064,-0.0054034461773832003,0.97543597473003851,-12.886459868131604,16.013647074796598,-8.0340870968490403,,0.1477105324414747,0.5555555555555556,0,3
0.90657934810903862,-0.41754118881584307,-0.061426714257265376,0.41698188651059859,0.86372883349605489,0.28301697565624329,-0.065115220219648967,-0.28219117248737058,0.95714583542214204,-14.449660584549344,18.351853275973408,-8.7409366504643842,0.5418899777916961,0.4289431123430282,0.8865248226950354,1,5
-0.81149924185273137,-0.58039029986824719,-0.067941741891772253,0.56542872830494573,-0.80924274521732587,0.1594256331979832,-0.14751045278180738,0.090957567755367355,0.9848692233937123,-14.306728789681143,6.9184208499041402,-5.6678329103100742,,0.1263795640248202,0.3333333333333333,1,5
0.99098758281492305,0.13182105197222185,-0.023808002091168796,-0.11266435852986793,0.91635947437628662,0.38417711545310601,0.072459319784895157,-0.3780324377322038,0.92295239476289248,6.0496060347921619,13.595449493893575,-5.4474209200474721,,0.5998044159956402,0.4583333333333333,0,1
0.96877060256689151,-0.24328248681636469,-0.047928605348257491,0.24672446343633311,0.92650754024241688,0.28409649243875063,-0.024709486927842188,-0.28704948960482912,0.95759700906663836,4.6333874862867033,8.3077822293062233,-4.191368018093204,,0.07431816018357486,0.375,0,5
-0.39245769577649176,0.91967224582870832,-0.013413324650746433,-0.89461195112165626,-0.37829484762694415,0.2378286466538663,0.21365021398563866,0.10533740319225028,0.9712145064570461,7.9962739043353039,3.7978988054790834,-2.7177324211900005,,0.06728578937365497,0.375,0,5
0.86242794292166136,0.50591459386223325,-0.016384962164257579,-0.47921710803384515,0.8264847496255544,0.29542160043582361,0.1630000203545712,-0.24692788897489271,0.9552264710584677,-2.1434130410135492,-4.8211751824309177,-1.1547760680476447,,0.07807458171263697,0.103448275862069,0,3
-0.96715881867975628,0.25258612360370708,-0.028356121258613861,-0.25335603684489511,-0.9490961601609843,0.18715554323055797,0.020360207371942957,0.18819332860260998,0.98192094031303945,-1.7453555515616643,13.717388912649854,-6.1509044723844051,,0.2741417909834674,0.7156862745098039,1,5
0.13507447707220363,-0.96051126965931033,-0.24325498247956179,0.96203015939266945,0.068367246990075944,0.26424210860102176,-0.23717684976107381,-0.26971099420761308,0.93327547998485183,-9.5876969641229906,9.4094753299094727,-5.7844300626718539,,0.116128141893117,0.2549019607843137,0,5
-0.98685162202306187,0.15829004480579836,-0.032682377909636712,-0.16158595892047631,-0.9708664027667312,0.17694181489556199,-0.0037220948671540881,0.17989633040771982,0.98367853301555519,-16.453783647448212,19.19438861347956,-9.1160936196396065,,0.14253282119229,0.375,0,5
-0.87412282294353572,-0.48146485687649643,-0.064038129283399678,0.45919446906103256,-0.86216062287325768,0.21405489938459868,-0.15827106492653276,0.15770431813900751,0.97472027682167905,-5.0004459584661758,3.1989455226445758,-3.5979679090219534,,0.066060126627682,0.2680851063829787,0,5
-0.18064607653826376,-0.95223080265952709,-0.2462183857832794,0.95200686406046331,-0.23217400631009735,0.19944463285754349,-0.24708283188658248,-0.19837270291123951,0.948471583615764,-3.0532992192080797,-12.377721107668791,0.68416386938391793,,0.2858364519881617,0.25,0,2
-0.8905309411808624,0.45471022938419081,-0.013901442115955598,-0.44839992876951168,-0.8721963603721925,0.19547637410438218,0.076760319690732326,0.1803111650643858,0.98060988016341144,-2.9438633633365341,10.590490019631595,-5.4688770945111616,,0.06872300017935333,0.2280701754385965,0,5
-0.88043329124203673,0.47354891401305771,0.024262021963738282,-0.47200569936821207,-0.88014978705382441,0.050467535238336511,0.045253059969909457,0.032981485505680808,0.99843096014556698,-11.732582721833307,17.378361923324377,-8.1704872600387723,,0.107363510819332,0.2941176470588235,0,3
0.59303960988691862,0.77666665040242377,0.21235097187875432,-0.77301388385185577,0.47540354441964655,0.42004881302713742,0.22528549992718419,-0.41325583372278885,0.88230723640727449,-26.231229770493357,10.013131883779085,-8.5568895069256499,,0.6457845272689771,0.3448275862068966,0,1
-0.058660891523188513,-0.98416841506221719,-0.16724661610815711,0.96650464315188522,-0.097922853115189043,0.23723382896127818,-0.24985530727113361,-0.14772828311364644,0.95694758466529539,3.516136781490633,10.762294422773468,-4.9168459329547014,,0.1102118745232665,0.2380952380952381,0,5
0.10947256190389372,0.96889689292144399,0.22193370423928621,-0.96134228688876477,0.04645033169927909,0.27140997425390839,0.25265938658533627,-0.24306619997893544,0.93652659161292517,7.7942910154702698,5.9575924931141326,-3.2897832513476599,,0.3736666427451951,0.1111111111111111,0,1
-0.57156041642853173,-0.80905288269762987,-0.13693839261032068,0.7875526337227613,-0.58773263940722376,0.18528678768806045,-0.23038997262985542,-0.0019435982283268179,0.97309644071774393,-0.6230601012288346,22.667849859431673,-8.3527096483464707,,0.3965710457756753,0.4,0,4
0.74728162756238037,-0.65675799184072614,-0.10118848383614031,0.65258864579500397,0.69660812181909904,0.29810264003378151,-0.12529257155618917,-0.28880108166176305,0.94915525955653512,10.71470438318245,-11.024558615770115,1.3726931560263509,,0.1473845948732895,0.24,0,4
-0.88972353194729514,0.4470776827941666,0.092269075245336604,-0.44685740364446586,-0.89427802903759712,0.024192304329222501,0.093330046112481427,-0.019706656947067479,0.99544017909898197,-19.195678563069691,12.279682282038825,-7.8632013908087339,,0.330743235503784,0.25,0,4
-0.99484451520865991,-0.072165834581928323,-0.0712494412493236,0.063349604512459107,-0.99086318922145833,0.11906707292108763,-0.079191023275129294,0.11393960051261515,0.99032648619920516,-3.8874291351481882,16.741572204729994,-7.2124554122293132,0.6483025620599614,0.7325957102151657,0.2142857142857143,1,3
-0.77282866595560096,-0.62742451641959207,-0.095259273947094797,0.60551269306393085,-0.77396849770329879,0.18527585676867056,-0.18997429198644863,0.085505793713292533,0.97805855020326249,-18.252776502514635,5.4347859157165752,-5.879837723212745,,0.2126014953447593,0.4,0,1
-0.76037740498392015,0.63084648201197102,0.15446332290560033,-0.61875544507227609,-0.77590483898886331,0.12293648777753301,0.19740289051411888,-0.0020968945576796136,0.9803202037344152,7.3389850794187472,-3.3301515384927316,-0.88251646667544026,,0.7463031437408307,0.3392857142857143,0,2
0.81559665735136677,0.57799645597644755,0.026873581747595285,-0.55063509460724758,0.76104241557569852,0.34295106689085259,0.17777256566789329,-0.29450728101928686,0.93896878346539414,3.7027275805678816,-14.123499000207246,1.6939764420104919,,0.1832136597988321,0.1111111111111111,0,4
-0.99891781818070002,0.023216518325729126,-0.04030118854253123,-0.029148641199035114,-0.98772085332614157,0.15348574077394928,-0.036242919823870151,0.15449436618048279,0.98732868973869647,-17.287497513366937,10.62657644856862,-7.1661973371805807,,0.06188799362000348,0.6428571428571429,0,1
-0.9312836729194427,-0.35245483371721958,-0.09212117423827848,0.34081544914788475,-0.9322591821589058,0.1213987104648684,-0.12866837286527563,0.081660317595357204,0.9883198077314993,-0.064520159378921096,3.0807783491221468,-3.1411815801458345,,0.220141451636092,0.2432432432432433,0,1
-0.96081382273102611,-0.27133478238256575,-0.056694214152747113,0.25532366371105475,-0.94592510381243722,0.20008879210638802,-0.10791952927137913,0.1777727027606737,0.9781361057414294,-7.5856436311528155,-8.2781022545116407,-0.80977326390857574,,0.05972871102549686,0.2413793103448276,0,1
-0.49084147239380932,0.86555431429019347,0.099450379546340326,-0.84863134254171302,-0.50081443309733453,0.17032248253605739,0.19722954503351567,-0.00079537100092644253,0.98035701351642501,-19.873016613753414,20.208750680612077,-9.740754991182305,,0.2482430237430152,0.25,0,2
-0.61532786582906207,-0.78608230203199647,-0.058704616226736533,0.75509269460150596,-0.60917054442668128,0.24237629909365482,-0.22628884217673634,0.10481346399665128,0.9684046146478934,4.312256113570287,7.0786108048348426,-3.8858726081473929,,0.07978200585268889,0.2093023255813954,0,3
0.21326014461773377,-0.91202354574608746,-0.35033293125591047,0.94827393401611337,0.10691865773658567,0.29890625067638055,-0.23515241181673577,-0.39595637718382815,0.88764964405120528,8.320375948110275,9.3953534394761888,-4.161139094915657,,0.4704915945622258,0.2096774193548387,0,1
-0.81781257877316493,0.56994042100375397,0.079690040196054607,-0.56583170903223157,-0.82160454158032903,0.069285310912493431,0.10496219821464001,0.011571247151465881,0.99440889134465715,11.418287468116155,-3.8486630335370844,-0.49309752389969658,,0.5310726809479128,0.33,0,2
0.092079112403504304,-0.95148938284422813,-0.29358029803393598,0.96511639087960022,0.01270861452029522,0.26151260614454291,-0.2450954693879899,-0.30741900632798608,0.91946819707578598,-16.834098504216804,13.336060238281918,-7.8830568390747189,,0.4790546370817746,0.3333333333333333,0,2
-0.31298726568395308,-0.93765098120705459,-0.15116087113116056,0.91720889016084695,-0.33971751021485486,0.20813424769443509,-0.24650927635606545,-0.073502725764890697,0.96634907045825902,-1.5103009134871033,7.4978073123838467,-4.4197560779611438,,0.1695401607626709,0.1538461538461539,0,4
-0.31996609256546771,-0.93504799496509494,-0.15266612826734849,0.91859113853152308,-0.34562672967621239,0.19165720425980989,-0.23197417920912361,-0.078913945821270107,0.96951563645728356,-9.8711710944860442,-4.7472094417859365,-2.0047489936434824,0.5000662370614136,0.2843299298664304,0.7250673854447439,1,2
-0.025236526906088429,-0.99154066299055421,-0.12731940679240364,0.9624178190335031,-0.058546817999591091,0.26518712583554366,-0.27039796470482536,-0.11584206376948762,0.9557539207061162,9.2050736790827141,-6.1966840961397187,-0.031892403907805504,,0.1257541583580714,0.4166666666666667,0,4
0.018956123462854437,-0.98404442375518075,-0.17691025255647302,0.96824001486177813,-0.026052374221806372,0.24866151173406409,-0.24930290612771475,-0.1760052438813714,0.95229733545911732,7.2637490288624207,-7.3168688941206739,0.11619735416113557,,0.09295268108517701,0.3055555555555556,0,4
-0.99864041193126185,-0.029050925204787012,-0.043282460679882291,0.019372569766675209,-0.97767398152619123,0.20923262027552031,-0.048394536865177043,0.20810965761220845,0.9769075387211088,-4.3464807401249503,11.376812201373136,-5.7640658696039608,,0.1031951203378916,0.3387096774193548,0,4
0.2227874409016902,-0.9705474527387522,-0.091670050500680431,0.94500059834467187,0.19190765634614362,0.26484961877251051,-0.23945693830977122,-0.14563342136354504,0.95992253920681569,17.267153137313837,4.0448952737566994,-2.1271361028110616,,0.0983837887722248,0.4074074074074074,0,3
-0.76941336652390113,-0.61875407838016805,-0.15857635984681293,0.61158201201738682,-0.78525851628896626,0.09662559274030838,-0.18431091663578045,-0.022637426610818995,0.98260726280916444,8.6095052155713692,-12.762095954693867,1.6380512038863448,,0.1719530452407046,0.1071428571428571,0,3
-0.30006784765761757,-0.9082670260151734,-0.29156525214037049,0.90715864426260928,-0.36622417846612171,0.20722703792323785,-0.29499573037884752,-0.20231376759965478,0.93383438494086501,12.578343917381163,12.218183668420798,-4.5761438856113585,,0.4287785671870348,0.5555555555555556,0,3
-0.83531137573797209,-0.53759611169324162,-0.11508834109085846,0.52306954424899388,-0.84157764155894876,0.13470458458132914,-0.16927243556435229,0.052321065742073784,0.98417953069433817,2.2294847172143673,15.16797632782299,-6.1593910769823852,,0.5069785463206966,0.3428571428571429,0,2
-0.73312406735855573,0.67915424390719359,-0.035757724235444689,-0.66563296255653226,-0.70575693157674013,0.24256939767744848,0.13950577413807605,0.20163498335912433,0.96947484364881975,9.5323997218444649,-14.568123690764185,2.1517525834138977,,0.07069174940920979,0.2142857142857143,0,1
0.99716005888064096,-0.066019737180735977,-0.036238257073717701,0.07529122994753433,0.86274425703062885,0.5000035776408539,-0.001745756610127387,-0.50131201986712082,0.8652648213527484,11.917990908657888,-5.3011770463228745,-0.082928357439493255,,0.4101192731473159,0.2272727272727273,0,3
-0.96678500535201117,-0.24948233311747334,-0.055545646893117161,0.2360296273539457,-0.95483760064108936,0.18048593134404051,-0.098065123452072425,0.16138067376309453,0.98200789696320678,4.4734675419005523,14.013486926336146,-5.6952254868834347,,0.1021705226012951,0.2962962962962963,0,3
-0.87746194959392321,-0.46062640812496491,-0.13373047204255506,0.45376355028427184,-0.88754533046288198,0.079761687588380592,-0.15543219566178809,0.0093058321189804817,0.98780273032641952,4.5792667302008994,27.601431504924665,-9.1107093408611348,,0.4955560435592886,0.5945945945945946,0,1
-0.60954689695782127,-0.75091051422505817,-0.25413771863962242,0.76995941971626036,-0.63709320419005766,0.035703517544445333,-0.18871956019261099,-0.17391276204208198,0.96650880947852902,-3.5951686361165867,-3.4944902002027645,-1.5928159874228114,,0.6841694296483242,0.3159609120521172,0,2
