axis_00,axis_01,axis_02,axis_10,axis_11,axis_12,axis_20,axis_21,axis_22,location_x,location_y,location_z,dbh,dbh_approximation,score,reconstructed,number_clusters
0.33306409914809998,0.94078809637103644,0.063135280036023242,-0.94208440488220802,0.32923618543976008,0.063878856242212234,0.039310048796738585,-0.080754516428731854,0.99595854740042311,-11.394943239661503,21.186741367117367,-3.8169044097021811,,0.1046478932211727,0.375,0,2
-0.50232621368876862,0.82053284548514249,0.27275304676788092,-0.86407093365940058,-0.48816552672510838,-0.12278371277238158,0.032400565520968067,-0.2973554573187685,0.95421692258975821,-8.953255789976355,-5.2964213452203985,-2.6446621062336368,,0.5531086937053771,0.2959183673469388,0,2
0.59485926085832608,0.80370470699836594,0.014184629701037772,-0.8032372743044135,0.59365070179139579,0.048874588802353659,0.030860021696389142,-0.04046712506780175,0.99870419587065129,-8.0809807866595325,1.6739988016007061,-2.961846154145078,,0.08567021087419933,0.4324942791762014,0,5
0.36444996092232906,0.93020011031071448,0.043634628010874539,-0.93050870044069212,0.36193550130398922,0.056180524205498426,0.036466208849939438,-0.061077390855901748,0.99746667510165365,-4.1879728058322856,14.927969335237899,-3.7869201073317522,,0.09921031092806115,0.5625,0,2
0.40687323893437927,0.90596712390601697,0.11695186121010551,-0.91338099032553144,0.40155060473616794,0.067024460818198031,0.013759867404876138,-0.13409206627343087,0.99087334398071414,-19.87858207798152,7.5599253724320246,-2.982749262962606,,0.5511789830172398,0.5722222222222222,1,2
-0.65855160288564329,0.74640321670810217,0.095875045890720087,-0.75170600124112474,-0.65844555839645569,-0.037249621824367619,0.035325260576932686,-0.096600645524643897,0.99469615524007837,18.126804030072929,13.639538735736346,-4.6230609064718831,0.511199191704087,0.3475627597057027,0.375,1,5
0.95803153510305139,0.28596748909095404,0.019954270999132502,-0.28662082464222355,0.95437606686253496,0.083754557376965383,0.0049072017997538004,-0.085958816784636474,0.99628660594604135,14.163979105963499,-6.2530409660640114,-3.2152243698940302,,0.1668662943395408,0.8,0,5
-0.30987485260991232,-0.94741002077237058,-0.079948910312044305,0.95008121124217304,-0.3117685043281041,0.012086842169244754,-0.03637674758128432,-0.072212549111044841,0.99672567940546919,19.410871242650249,0.40958405779905477,-3.7855508637709092,,0.1029849234081715,0.3636363636363636,0,3
0.64186779956750217,-0.76559281668819223,-0.043282408826369842,0.76631037997374007,0.6383744817536241,0.072432193051810811,-0.027823181393856415,-0.079659651525928576,0.99643374616473723,21.594829211436227,1.0071316448425101,-3.9193393221313393,0.5735175343210294,0.4683985766306679,0.92,1,5
0.77669995551423754,0.62896695098079236,0.033730604472902326,-0.62957272351867133,0.77357125919847047,0.072288953121318597,0.019374336258680569,-0.077382695197435139,0.99681319893875653,5.7719455114255389,-19.156879835962027,-2.3383036234609027,0.3529099612166707,0.3300314363986921,0.8536585365853658,1,5
-0.76527383193517029,0.62595648637555112,0.15011475383730599,-0.64317625970745351,-0.75301143863281828,-0.13891750154989102,0.026081815580801145,-0.20286017463392864,0.97886030078019859,-7.876988673342523,-4.3490095781062745,-2.699201319974339,,0.2901721105634997,0.1805555555555556,0,1
-0.82587329290557743,0.56195427347210281,0.046267684097435043,-0.56306180154826702,-0.8262822085345839,-0.014802685446609903,0.029911731854223342,-0.038276708135005062,0.99881939404069908,-15.317695177548968,9.7042671809820966,-3.1829164638493439,,0.1367973885453781,0.463768115942029,1,4
0.99918684089962928,-0.040208269260896427,-0.0029919986734668292,0.040319233182628887,0.99619112867867665,0.077314905273623474,-0.00012809599359653309,-0.077372671047003558,0.9970022333808829,-2.7871235512424071,-18.344221968878074,-2.1630995335289858,,0.1506415231317289,0.4333333333333333,0,5
-0.90039096285847642,-0.43200540416789251,-0.051647311377461577,0.43465616303365651,-0.89839920590913624,-0.06287198707446745,-0.019238865341909564,-0.079058191173137449,0.99668433742523843,5.6449275625915831,6.6674896139306883,-3.6233737601466336,,0.07086272100112659,0.25,0,5
-0.49964332222862951,-0.86597704964341171,-0.020983327744454328,0.86528312058781309,-0.50008304792012259,0.034670829363283896,-0.040517549014660321,-0.00083347094354518383,0.99917847932590709,3.1781143071206825,-18.790822601736085,-2.2895220036800525,0.1665837303645243,0.159227513391055,0.5454545454545454,1,5
-0.98629119991490377,-0.16474970336637512,-0.0093383195014516262,0.16486822173732785,-0.98621923599662831,-0.013787240891444541,-0.0069381864771077863,-0.015137826492558,0.99986134427604034,7.3889740322016833,6.7835067941808251,-3.6879509452988177,0.1260435438678713,0.1046971171192629,0.3478260869565217,1,4
-0.037436640986446092,-0.99827495419399792,-0.045228461621226318,0.99828928812843365,-0.039394593872280927,0.04320374036658281,-0.044910968812496115,-0.043533685837622814,0.99804199464637433,19.073535758001487,-2.7734065612961931,-3.5723979957519618,0.6212320094306513,0.4606661303058703,0.3076923076923077,1,5
0.3365832619636755,-0.94090181032968712,-0.037623012694454894,0.94101052863025292,0.33460832281389113,0.050363233719503658,-0.034797884603840888,-0.052355072552621264,0.99802207070039572,-4.3503983722755883,-9.2611738143432767,-2.5463577558546722,,0.1076277226178117,0.2266666666666667,1,5
0.96027503091465261,0.27859639922060986,0.015997229234255544,-0.27793112470936787,0.949693215792763,0.14435056562059845,0.02502308773210293,-0.14306237177717795,0.98939729273019528,-6.1954915278939167,19.216118444994922,-3.8999733054265193,,0.1663533404626308,0.3684210526315789,0,5
0.078091222873038019,-0.94648586173387994,-0.3131553519390452,0.99617017188901258,0.061689359212518446,0.061962985713758634,-0.039328736933800595,-0.31679478609633493,0.94767838107311919,-4.3302623208287718,-6.1430332881723881,-2.7172464233504332,,0.3609005692101412,0.5362318840579711,0,1
-0.0098539949851602204,0.98833050137508283,0.15200565395573082,-0.99917566337118258,-0.015718693189982872,0.037428817923575414,0.039381372621956838,-0.1515115267432684,0.98767067626528926,0.59380258831350108,5.439001748118149,-3.3927551427104512,,0.2862986163323105,0.3333333333333333,0,1
0.96715714182196122,-0.25372129745228261,-0.015250122684981039,0.25377897828439638,0.96052920460231161,0.11392926440112269,-0.014258092568944494,-0.1140576622817744,0.99337181179612399,-18.016316171234298,17.903947081024093,-3.5028539656264046,,0.2665009602497549,0.9444444444444444,0,4
-0.17505251306565939,-0.96053865368887603,-0.21615298387706608,0.98374582801818689,-0.1795622283744828,0.0012457921187512505,-0.040009542939281141,-0.21242151706160128,0.9763587125452603,5.4785561193877239,9.7824896033582345,-3.8437725784262322,,0.0905320544080883,0.2631578947368421,0,4
0.99938907978339753,-0.034862995172844288,-0.002457392372522159,0.034871226800181843,0.98997999955920413,0.13683419899356153,-0.0023376807191262737,-0.13683629650183299,0.9905909161750468,-0.54017649991437755,-10.013564223106561,-2.5939817739028985,,0.3708123035013427,0.4567901234567901,0,1
-0.98168864975559178,-0.18893110375737265,-0.024339946057139836,0.19027044344732907,-0.96633929405809726,-0.17316329608105652,0.0091952863685900374,-0.17462361464681608,0.98459232168257349,-1.2392738187594166,-18.069025595841328,-2.2310753786458037,,0.32567628803587,0.1818181818181818,0,5
-0.60073521203030955,0.79809512464668952,0.046490612408134256,-0.79873801504992803,-0.60163633958840002,0.0071622762284085243,0.033686619613718674,-0.032831187944636048,0.99889304970909865,-11.950547044166337,18.290403517414003,-3.6806721855438846,,0.2608791181890083,0.7733333333333333,1,5
0.15800838571401596,0.97568215925120749,0.15191337716920178,-0.9864082464678926,0.14894102386043609,0.069392670445392726,0.045079056602690744,-0.160813231825949,0.98595485856377074,3.7100276505947098,-16.364390637308947,-2.4141380447644236,,0.1706430222922201,0.3043478260869565,0,5
0.28972747602767412,0.93214439010363537,0.21717464316295326,-0.95685462402095256,0.27686234489290584,0.088184298319622892,0.022073018016486597,-0.23335397570798783,0.97214129831877849,12.803830079171972,-16.353445932139149,-2.6916874683770375,,0.4420586409771901,0.1666666666666667,0,5
-0.98698727073325587,-0.16057120477919845,-0.0085449169847105384,0.16075261802872795,-0.98658012430028663,-0.02860514171510779,-0.003837083192836785,-0.02960652852646261,0.99955426579109918,17.223806733132687,-21.54588605365592,-2.8330928914537243,,0.2860679747407991,0.8055555555555556,0,5
0.69314160997976859,0.71845489810932195,0.058114265868003091,-0.72026439502299056,0.68725867587315181,0.094311789821033082,0.027819233936594023,-0.10722906238424694,0.9938450676052959,7.9836438498420517,8.2218400367866398,-3.8120607307051939,,0.09324964032095882,0.3548387096774194,0,3
0.15747539007226569,-0.9661545510952978,-0.20432054453586071,0.98675115321052764,0.1457691943543557,0.071228530905641727,-0.039034128135282169,-0.21283027363400392,0.97630917821435692,26.495098863413762,4.4436539819029557,-4.5993994856974778,,0.5786490528563191,0.2631578947368421,0,1
0.35245996868064877,-0.93555156646357462,-0.022698831802282268,0.9330980036855725,0.34947781835074621,0.084813737087828731,-0.071414886372775779,-0.051073681758369037,0.99613823992255679,10.061999722498989,6.0467337914012065,-3.7249558285625914,0.5142000348452636,0.4023104041759229,0.8984375,1,4
0.81553816957795766,-0.57839368271912961,-0.018927275346346039,0.578365145288535,0.81350768396906037,0.060819461019206773,-0.019780108109040909,-0.060547468269927407,0.9979693138615513,4.3950856651634274,8.0549184367137219,-3.6782349322717454,,0.09362774529881784,0.5176470588235295,0,5
0.30300225286423371,0.95178055926845562,0.047993767906109402,-0.95230489491057468,0.30049121239648152,0.05310761152465019,0.03612508669276128,-0.061796426038397537,0.99743479979411287,-13.795904655005838,15.984042540752435,-3.5350288837795554,,0.08243836470698689,0.2777777777777778,0,2
0.91353005224259687,0.40653448626723504,0.013876423353033041,-0.4064921870775377,0.91110861237818974,0.068155691583380987,0.015064710238083664,-0.067902930170384596,0.99757819070973952,-4.2374474177597552,4.1038424496128849,-3.1959506257487713,,0.09879144155965104,0.4155844155844156,0,5
-0.18908930517436839,-0.97894878293428333,-0.076840842396221992,0.9810144359948948,-0.19176104797070476,0.02895473796801994,-0.043080285958825473,-0.069906944380823482,0.99662285147845342,9.0341675407660809,-10.761239055373762,-2.811783411458602,,0.1231791070210926,0.6530612244897959,0,5
-0.26433895721916884,0.93112657305309787,0.25125329978067479,-0.96170750021766627,-0.27405126453857404,0.0038194803177373539,0.072412704143481846,-0.24062254540920269,0.96791383444985746,-10.60178946247561,14.62569669868736,-3.5778707654778139,,0.2791380450833723,0.1612903225806452,0,2
0.95485259895273933,0.29507615239553314,0.034446749638365061,-0.29688440786156056,0.94358105885334354,0.14667799337969845,0.010777877429754367,-0.15028256605691903,0.98858433514670752,-4.8383323050397902,-25.298193103494423,-1.7941880300939526,,0.6470277147266184,0.3023255813953488,0,1
-0.039301646456158197,0.993289006644137,0.10877651339209139,-0.99867725750233793,-0.042658406055214496,0.028705325994303799,0.033152917419828454,-0.10750446350144321,0.99365168665575265,-2.5832935166012758,-8.0882667221310633,-2.6533501387084368,,0.1387477881292881,0.3571428571428572,0,5
0.97778944419692315,0.20942817503387021,0.0082244950639196752,-0.2094772656254667,0.97522800479194005,0.071060635063385016,0.0068613412064650273,-0.0712051836000476,0.99743809022181118,-1.7076680354400291,-7.3189227981809628,-2.7124012898205829,,0.1807861936864425,0.8272251308900523,1,5
-0.94981582274447551,0.3125911449558349,0.011690977693751157,-0.31273301808097459,-0.949747028486159,-0.013365675578770593,0.0069254794924619913,-0.016351084884869863,0.99984232744812707,-5.0100896345784749,-10.607163324456364,-2.4607609836762543,,0.09475643798146774,0.3380281690140845,1,5
0.96722394499728848,-0.25195421847926774,-0.031573913510731536,0.25335658802333211,0.94925541263119451,0.18634538066600012,-0.016978796454912626,-0.18823717321741287,0.98197682614716542,3.0868936252312906,-12.011543124205632,-2.6025311801523627,,0.2290449961375498,0.3214285714285715,0,5
0.19531533120060987,-0.97652560239045616,-0.090827690017709434,0.98001276731175224,0.19076459918016841,0.056425558088441824,-0.037774294221844411,-0.10003307240901267,0.99426680881967255,-0.71776923540802517,15.07074748028862,-3.8819058039632579,,0.07408264653498345,0.2173913043478261,0,5
0.86070257243874349,0.49240211488613267,0.12934929088708982,-0.50891538367987876,0.82515358116526438,0.24520746265989041,0.014007642602922867,-0.27687853789306843,0.9608028211880445,-3.9335614992433636,-22.219060231017448,-1.9541104816945618,,0.4384916630293715,0.3448275862068966,0,5
-0.71328597312390585,0.69843250309656124,0.058439363129281621,-0.7002542729344795,-0.71367764913042331,-0.017554668002503694,0.02944611658076704,-0.053443912187881998,0.9981366011064654,-14.821724797165537,13.959940897446113,-3.4136813807855857,,0.1109200456631803,0.4130434782608696,0,3
0.26786064274837662,-0.95884229231488849,-0.094192008868881794,0.96253426544525267,0.26204269518436563,0.069723839138999696,-0.042171837880201582,-0.10933930843407877,0.99310948627075479,3.4756508858714752,-15.092045448335494,-2.4551398334221965,,0.3500998154546041,0.7228915662650602,1,5
0.59912642007693384,-0.79774502745589959,-0.068193870217081579,0.79802079736599552,0.58808312014880604,0.13160946306169202,-0.064887130751321631,-0.13327083313850763,0.98895325738754192,-17.276333227691627,23.284873382654752,-3.7744656525697451,,0.6177944229684509,0.65,0,2
-0.48760122423852936,-0.8697674268623391,-0.075826573774324821,0.87193316085487071,-0.4895520051249781,0.0084496911037047553,-0.04447031732202867,-0.06199562442123821,0.99708521874005285,1.5312572765177246,11.906566926552903,-3.7848154495419428,,0.1184627898943138,0.5679012345679012,0,7
-0.85085189918012871,-0.52525166654524125,-0.012717407480160042,0.52499758375892669,-0.85089578946481303,0.018812031212603275,-0.02070223922329744,0.0093296442859176366,0.99974215427211111,8.5686478488955409,-2.6568655054994168,-3.2054868147281943,0.2180632141814834,0.166462769565561,0.6,1,5
-0.31787993377771873,0.93701686158912434,0.14474718926162561,-0.94724878980479432,-0.32044558077031332,-0.0058617384903782883,0.040891049324101668,-0.13897492889886412,0.9894513081616142,10.514334020202496,18.193306604621732,-4.4743508218464401,0.457648639269701,0.2930286308621589,0.5897435897435898,1,5
-0.9796105753294766,0.19551497989257607,0.046227841613664895,-0.19880821482749736,-0.97653481336275072,-0.082795241455547758,0.028955386713980649,-0.090297568783352961,0.9954938144720239,3.8334004737369449,12.628255782055623,-3.9109318855445832,0.09310441877855276,0.2812134069746762,0.6923076923076923,1,5
0.69564470908033527,0.717902978824003,0.02633916711208854,-0.7177531874387606,0.69302603676062091,0.067418649447808621,0.030146320671606625,-0.065804447930893642,0.99737704705014907,-11.831375453447736,12.056424318759055,-3.391621845442534,,0.1276435101912447,0.4794520547945205,1,5
0.030744331568827044,0.99882567123410937,0.03744415254907027,-0.99815558443071972,0.028718642609038107,0.053485220729320875,0.05234706626121334,-0.039019457331264371,0.99786635708566651,9.7638404223095439,-16.333687338973959,-2.5778021699217337,0.2077498798237767,0.1598365368298034,0.3846153846153846,1,5
-0.40468134042750104,-0.90400418628728152,-0.13787473983609921,0.91369381754574264,-0.40588267522956684,-0.020563601999124635,-0.037371385958902284,-0.13429700340499484,0.99023618111435929,2.2794142623344147,18.027694070528749,-4.1197419097907648,,0.5341565011685343,0.3181818181818182,0,4
-0.87639786985551271,0.48120956472297355,0.019082152180678085,-0.48158227345892751,-0.87588883150227381,-0.029954444406683212,0.0022994788216241543,-0.035441637500382719,0.99936910234829712,-8.5246960095365463,14.203215909908451,-3.6263907889521105,,0.2009591848389546,0.3235294117647059,0,2
-0.84360635912190829,-0.53610458658568294,-0.030334519789691317,0.53655283246877294,-0.84382242404374197,-0.0086472337010217622,-0.020961126372744138,-0.023570933853734145,0.999502397325013,10.749275644616086,-1.3141712001669101,-3.3740861705926433,0.6027696290533434,0.4927778235038656,0.98,1,3
-0.51480224990615997,0.8413942745509595,0.16442116118194708,-0.8557585144062293,-0.51586112970030673,-0.039555781948619931,0.051536477497000424,-0.16106821417395722,0.98559678462848743,-16.533429473775417,6.9681524434018174,-3.0137577512862035,,0.279548151864871,0.2222222222222222,0,2
0.7790179206111737,-0.61489853021538043,-0.12260047677561038,0.62602179559168902,0.75185906205851094,0.2068928762540003,-0.035039846044180679,-0.23792382886012109,0.97065156510961192,-2.9265799195974882,-11.371569217777909,-2.469225839191775,,0.4685626446294463,0.360655737704918,0,4
-0.94619878686446157,-0.32091780604884129,-0.041468270967335179,0.32337568534105576,-0.94240611947845043,-0.08543343666136885,-0.011662841267228115,-0.094246844670619556,0.99548054245334616,-6.6405130170035456,-27.196462318646589,-1.6918121821098475,,0.2646137165756736,0.3448275862068966,0,4
0.24807212393350964,0.96839283034450307,0.025991295936922981,-0.96799973749822921,0.24674314127350833,0.045763855146192772,0.0379042152072517,-0.036512304389681727,0.99861410069039092,-12.613144219645738,-9.6661121288914487,-2.3391673998521587,,0.0664541470098516,0.34375,0,1
0.47711551892556897,0.86829381503985648,0.13574473236157228,-0.87880533884532386,0.47275426394634884,0.064842750847726907,-0.0078713415209375019,-0.15023067823875402,0.98861963631043814,-19.113859523589138,14.573684765823502,-3.3395451944262073,,0.1163346626627158,0.1875,0,2
0.66983814227694183,0.74028066770701217,0.057457777282423642,-0.74197092519694952,0.66440687549675992,0.089680822671388383,0.028213637010485723,-0.1027036358260707,0.99431179912276391,16.51606677448067,-9.7548501114625203,-3.1850366034793915,0.1762261284991498,0.1056847228824032,0.3684210526315789,1,5
-0.39523776361629698,-0.91796141980572177,-0.033674054698709627,0.91791218450372314,-0.39608185154176212,0.023587887121425493,-0.034990452286184331,-0.021587001355284522,0.99915447735637719,8.4012358455458127,12.739814026004662,-4.0929991350752521,0.5495306720385023,0.2983733001516013,0.7966101694915254,1,5
0.89899568724971168,-0.43719431454454094,-0.025843483440670639,0.43694175386881368,0.89133122596209691,0.12087410537808162,-0.029810367868650881,-0.11995739641570879,0.99233137862948817,-3.9522032808755228,18.914252235243179,-3.9582955143653473,,0.1626517006951985,0.5151515151515151,1,3
-0.7964991555749843,-0.60449668630813225,-0.013147296711679711,0.60418598603525542,-0.79655552310802902,0.021414781920472643,-0.023417716518565512,0.0091134432890346249,0.999684227996258,-5.6447271811763757,2.8568803036333841,-3.095918941002259,,0.0923050462611925,0.49812734082397,0,5
-0.49903770358438121,-0.84429364789693806,-0.195268037635727,0.8657521616353403,-0.49558746247880131,-0.069758595581891014,-0.037875652139103086,-0.20386589502588012,0.97826587992239278,6.8016210730078779,-12.214169945785699,-2.7059478702721722,,0.2662949422555007,0.2121212121212121,0,5
-0.29726615484670743,0.94876576579715566,0.10712775006501153,-0.95366732143107869,-0.30049102115060367,0.014959486700443562,0.046383975865880653,-0.097717285365516243,0.99413271695667926,-3.2948470276003046,3.8280825971900652,-3.2126350453953143,,0.1968043044526447,0.7064676616915423,1,4
0.43496393884978157,0.89463186824595442,0.10217725881543885,-0.89976602454832799,0.42741213398653022,0.087977092413758617,0.03503531031376713,-0.13020248860845263,0.99086822483687709,-9.7675601922333684,-15.080753694938485,-2.14050026775997,,0.08589100307139108,0.52,0,1
-0.32240109426243818,0.94486993846778544,0.057256735833145701,-0.94604704677302642,-0.32369475648932844,0.014720391073304294,0.032442560170538662,-0.049421695652806449,0.99825095857123203,6.0603746889339956,-14.743610142952386,-2.5427780511635651,,0.1299855140722114,0.3043478260869565,0,5
-0.89094392511472342,-0.45384464304159289,-0.015619292033227138,0.45373301369983143,-0.89107842706074281,0.010275655980121296,-0.018581565597086784,0.0020680448259639537,0.99982520902933791,5.1929664886541946,11.486179310467792,-3.9089283427527204,,0.07086970983251338,0.1875,0,5
0.80505752255635266,0.59241895563048919,0.030367192578620989,-0.59290089674393531,0.80198433085668108,0.072730046752346858,0.018732645719820671,-0.076556606965312246,0.9968892485699169,6.2300590843433827,-6.2934283461592297,-2.9610684336185336,,0.09764441688291199,0.1555555555555556,0,4
0.96453082559888037,-0.25864338010820914,-0.052762566235372878,0.26372731911993075,0.93562399828895015,0.23463937217699166,-0.011321997145200078,-0.24023183750701949,0.97064951276382183,-18.473752494146641,7.1832311510835227,-2.998436017916382,,0.6647839963259872,0.4528301886792453,0,1
-0.87648814077178794,-0.48089749507684465,-0.022497517979325508,0.48117426569345062,-0.87658076312305144,-0.0088029402461384017,-0.015487579565012627,-0.018540899423290146,0.99970814237345906,-9.7347319041821656,-22.775125633238215,-1.795317163719172,,0.1347929876399814,0.5,0,3
0.65908936970088505,0.74905973460676789,0.067161869674166735,-0.75181094970074414,0.65391522410299097,0.084706408236933622,0.019531990614291436,-0.10632212223791924,0.99413988334915393,11.566276271605352,7.8345137682087325,-3.9251862970323561,,0.07968275159351842,0.25,0,5
-0.41336283577252869,-0.90850365920489018,-0.061255752492468368,0.9096431731683251,-0.41503684375187566,0.017138139827373999,-0.040993456921254494,-0.048636606993153003,0.99797495807752579,7.0466601522055186,9.9614691341365837,-3.9084401751420139,,0.2729708244439396,0.5454545454545454,0,5
0.12173875022232407,-0.98917284531002525,-0.081955834420589346,0.99174233992519911,0.11786752526253121,0.050540851676413742,-0.04033370667316951,-0.087431851117055939,0.99535363741549032,6.9801574552044876,14.982820914411528,-4.1595439332003377,,0.1489481290825278,0.4,0,5
-0.98350435839646477,-0.17970900028357781,-0.020587671850728392,0.18045699321597145,-0.98262423184980652,-0.043415349601577127,-0.012427816164036428,-0.046414374913956877,0.99884496053528649,4.8038976009396723,17.525591634560488,-4.1951301102622347,0.5309117678169092,0.3467441106179653,0.7222222222222222,1,5
0.13973914175425381,-0.98450083503136343,-0.1059767808736196,0.98821448053269845,0.13190505810783676,0.077673651330810126,-0.062490901155901189,-0.11558183883343801,0.99133028088755915,2.4124514211738743,-16.455270106564708,-2.3794551110810689,,0.1557453632711784,0.3076923076923077,0,5
-0.25967228952345645,0.95953708761249257,0.10889848277080269,-0.96416500232579683,-0.26395567371125189,0.026706752062660013,0.05437049147969409,-0.098061102440140505,0.99369405243489395,-8.8428153706142041,15.696094473441249,-3.6864042139698916,,0.120017139844889,0.2666666666666667,0,5
0.99697642546551168,-0.077673726939467572,-0.0021907097808338345,0.077597307035056073,0.99372275920494579,0.080583719069157858,-0.0040822796227170735,-0.080510061367774055,0.99674543641375102,-2.3762292845898529,-20.389331113681703,-2.0583467864161511,0.42646124192723,0.352709222229864,0.859375,1,5
0.98785157148143887,-0.15530041566880462,0.0055725770294061446,0.15344450644422436,0.98046260939041052,0.12307662259518069,-0.02457755406342475,-0.12072635371137751,0.99238152509799127,-0.2606716634834142,-21.897187032088315,-2.0569561213122429,,0.115969297165525,0.3076923076923077,0,4
0.96351886859504166,-0.26639377004856218,-0.025802115042093086,0.26754740076040534,0.95615622204560868,0.11909520305126088,-0.007055367296090527,-0.12165376411268054,0.99254752202075169,11.598995001328928,24.033473831979862,-4.8766563319875207,,0.2288678675765027,0.1764705882352941,0,4
0.99472859872147013,0.10248625783718512,0.0034032102711386326,-0.10248799537492705,0.99256540377821112,0.065651580534098836,0.0033504760331215062,-0.065654292907062262,0.99783680435892153,18.964701207375626,1.298592723924219,-3.8098509792865203,0.1503274449101768,0.1078677209782586,0.3214285714285715,1,5
-0.9311936824342274,0.36033852013390683,0.055086084470496295,-0.36420569674977454,-0.92601557263411804,-0.099243990720444389,0.0152491393067299,-0.1124780429542328,0.99353719286375552,-7.3668254489653355,-24.028795710743442,-1.8006236946217897,,0.2334405885959523,0.1851851851851852,0,1
-0.97930110598475451,-0.20228186704521184,-0.0071686875883351601,0.20227805365725451,-0.97932732005808842,0.0012606333627408442,-0.0072754948744926532,-0.00021552852627195214,0.99997351001003276,-0.081263962893134895,3.4322366179744712,-3.2744935935785073,,0.07124114397060577,0.3878787878787879,0,5
0.99802471768512091,-0.062709912033282467,-0.0037589655905956526,0.062776190803399703,0.99320633685946691,0.097981234378901855,-0.002410966144197081,-0.098023667320581889,0.99518116335030893,-19.022712500846001,12.406655465938302,-3.2375038859225733,,0.1494575100199997,0.4042553191489361,0,2
0.42370899517774357,0.90326536347950348,0.067693208992530743,-0.90511085692617832,0.41929222638265473,0.070486633977198052,0.03528489875039597,-0.091135679255252358,0.99521317509710328,11.190860143457193,-15.353825730666726,-2.6622996255907174,,0.08714085401888659,0.1904761904761905,0,5
-0.9927236786448751,0.11952928779728905,0.014575569164177354,-0.11962196374654503,-0.99280338872923124,-0.0056583670061190073,0.013794333880515486,-0.0073607531155797335,0.99987776036191778,-4.356810426797165,13.809082219585248,-3.697913426992153,,0.1181540537620356,0.5333333333333333,1,6
0.094843729166010415,0.98118575680942444,0.16816413907906066,-0.99473401695018571,0.086817955944986744,0.054469055872878307,0.038844594991232405,-0.17244463795621917,0.98425298794573945,8.6434082121801534,15.853933147911878,-4.2716937562630095,,0.1091903494699461,0.2,0,5
-0.1988812916072884,0.9799147532888669,0.014605072250401658,-0.97921645371891364,-0.19930013776749819,0.037611060235182313,0.039766425722900636,-0.0068213908170542334,0.99918571847907711,-4.4876012600281729,1.9269550017622954,-3.0791314783968615,,0.2682935438381762,0.9352801894238358,1,3
-0.18113953494298063,-0.98236421112180794,-0.046357583928291639,0.9826758821989251,-0.1826732259793149,0.03128263184061205,-0.039199227354704685,-0.039887958299943731,0.99843496100520057,10.738545510085787,-9.7636304487529575,-2.9225517151530696,0.4900420561899552,0.4436492984482376,0.948905109489051,1,5
-0.27069495416714878,0.95771200924089817,0.097529222001444746,-0.96208281910304994,-0.27266267683770407,0.0071912339988462132,0.033479709902769092,-0.091884558090354243,0.99520668054900374,12.737528972580899,-25.23206219621083,-2.3577656870103776,,0.1775629215082675,0.1666666666666667,0,2
0.37996274625892268,0.91910863934125608,0.10424788028368516,-0.9241293633085832,0.37229231306992228,0.085926442379046605,0.040165051054990929,-0.12898737425543294,0.9908324913709875,10.297475925943127,12.537707424518555,-4.1589924532248226,,0.09982247561838309,0.3,1,5
-0.44082722333035712,0.8955322763182707,0.060772536914827667,-0.89699913467169845,-0.44198554807091456,0.006428661966411525,0.032617657320421205,-0.051678983820021576,0.99813093883631221,-3.5318512634429307,18.422005080982977,-3.9414541642565872,0.6600591714272386,0.2594543523319736,0.4705882352941176,1,4
-0.49424294254063139,0.86723659168583189,0.060204715678417342,-0.86724418282285953,-0.49666424397393577,0.034816032480865303,0.060095266940815774,-0.035004611109678611,0.9975786866670574,2.0566316932250404,-31.094034837456512,-1.7065289629918308,,0.4000864936833611,0.7777777777777778,0,4
-0.33480584937729585,-0.92543968259854903,-0.17738781551911409,0.94042682481615048,-0.33999396710744073,-0.00122044940797967,-0.059181334802118186,-0.16722887371037423,0.98414027120558301,23.480440467617072,2.1053870359265536,-4.1017546156721467,0.1394008611066094,0.1808518715221525,0.2222222222222222,1,5
0.26854544994971086,-0.9421638883237472,-0.20052568127296191,0.96250982860640977,0.25420331201774865,0.094633535257158466,-0.038186007219504471,-0.21842134441918751,0.97510714547415123,-4.8993238513157769,5.676154941291462,-3.2425002189579364,,0.3055507445505835,0.1477272727272727,0,1
-0.50817501837455525,0.8594967329748926,0.054986513851192083,-0.86054617887621576,-0.50930915063018389,0.0080288919475926899,0.034905941064029798,-0.04323835207137218,0.99845481629795718,-13.899132562106733,14.934925361645732,-3.4991616739627069,,0.09705450269541213,0.2,0,2
-0.99640938823230163,0.076887542634984471,0.035449073754945513,-0.083192883007368393,-0.96688688563266878,-0.24126478111916924,0.015724988376861732,-0.24334760360256633,0.96981166654223916,2.9427266913944621,-20.269054755436915,-2.2081000436658189,,0.6947323580073006,0.1538461538461539,0,4
0.92809898645002942,0.37207308829191754,0.013924378598112233,-0.37202649725677794,0.92516643384413377,0.075255265775768479,0.015118091456308141,-0.075024573687851231,0.99706707730908239,-1.7890564753101674,0.82747303225761648,-3.0761985739832238,,0.2141559728357232,0.8653295128939829,1,5
-0.77986095975555436,0.62373716598274354,0.052619684728836269,-0.62480788497777151,-0.78076122773440515,-0.0051973201045797087,0.037841647939147821,-0.036930380968535667,0.99860109986058454,-9.6093112385325128,19.630389265820114,-3.8172118796733918,,0.2278837211109037,0.28,0,4
-0.97140547610536898,-0.23742601350032597,0.00053768563816128368,0.23739865878990346,-0.97132333182409492,-0.013147694052395655,0.0036438711911150252,-0.012644096151305044,0.99991342076964851,5.3903029017836781,-7.0534358460841817,-2.8998159687604104,0.09336987487149249,0.2574914111371368,0.5328467153284672,1,5
-0.22660922077893064,0.9728921054633326,0.04614338723034641,-0.97342654798316286,-0.22782997982304673,0.02311397792276192,0.033000253628565693,-0.039679357617707973,0.99866737797902283,-3.6561950755746908,-9.8374371719079274,-2.5327505959455641,,0.09628281337326501,0.5043478260869565,0,5
0.21031486650912026,-0.97728005459551515,-0.026293569842048461,0.97686759895272701,0.20900950505060537,0.045218590367636619,-0.038695620444516056,-0.035195478236397786,0.9986310265909657,-11.459538971307834,-25.68550666863349,-1.6377283832869463,,0.3862493412162548,0.8717948717948718,0,1
-0.84686262065107398,-0.53043158143718705,-0.038288890791462783,0.53143082363842542,-0.84678433834727107,-0.023185426818595003,-0.020124150441216192,-0.039982768086017806,0.99899769610605182,-13.228221579473301,-18.653528093411687,-1.9192511630007572,,0.2643349165363029,0.3846153846153846,0,1
-0.063236241822172537,0.9902423729374833,0.12418220709647247,-0.99793999931343158,-0.064089358092131357,0.0028830452039816513,0.010813671463353844,-0.12374407872089084,0.99225524311590396,0.59582014011982343,9.8725203168876572,-3.6677854313041443,0.1280009723950757,0.1805123121449178,0.2631578947368421,1,7
-0.96343472688190257,0.26399054822510776,0.04585321674430818,-0.26767124578817497,-0.95596675554548949,-0.12033148578005941,0.01206777594256077,-0.12820511978714921,0.99167424895686507,-5.7835644620399878,-12.030940231568687,-2.3917845794480912,,0.1591506594005717,0.2708333333333333,0,5
-0.16275253076836224,-0.95888599162880372,-0.23248498615295374,0.98557839180634343,-0.16906059058811584,0.0073314605925582079,-0.046334083922270945,-0.2279389650060806,0.97257235252655683,8.3154931769870668,-16.820428731848079,-2.5027280816277959,,0.207055301389561,0.2666666666666667,0,4
0.49981337741770188,-0.84784973512610762,-0.1770237678982651,0.86544238792161465,0.48071160996227502,0.14115885107215723,-0.034584114024271036,-0.22375695451553337,0.97403119270539251,-13.276622060171835,-14.481190676908264,-2.0944014955708719,,0.116572564280886,0.375,0,1
-0.95976071725865875,0.2793613367308877,0.028576373931546824,-0.28042804481084183,-0.95881737618135543,-0.045048316464316167,0.014814765968875597,-0.051249221190494305,0.99857600613906927,4.9671539423721143,5.7551497883047409,-3.5376329914163098,,0.07510685656987595,0.2857142857142857,0,6
0.97426312105147139,0.22055114171157961,0.046567852095246567,-0.22524338683289721,0.9444946916774144,0.23915516737305181,0.0087628561035711372,-0.24348916050392314,0.96986403225916329,19.417614771976691,4.677071341837939,-4.0630977186112309,,0.1202812806829713,0.3529411764705883,0,5
-0.1037215027731984,-0.98595316894309282,-0.13091294249821342,0.99405042141708855,-0.10716192543339981,0.019495676903200355,-0.033250707405661592,-0.12811194475331955,0.99120215903141773,26.775042126195885,9.5714944266870425,-4.9523580910701837,0.1848053880521928,0.2082062903089086,0.5294117647058824,1,5
0.73520108347509416,0.67694163101781979,0.035062730241415221,-0.67747907138516184,0.73210724125694748,0.071000669956288481,0.022393630615588803,-0.075954035403503234,0.99685982455597877,-11.835627787439872,3.3371897851140169,-2.9603850661156681,,0.1709893662568776,0.5485436893203883,1,5
-0.99940589411902014,-0.034315989094556278,-0.0032049481469474061,0.034292872230490844,-0.99938724906693743,0.0070089454701457009,-0.0034435032082978058,0.0068948745371138209,0.99997030105437235,-3.9935754622150195,-0.16674487863085924,-2.9809853392087087,,0.151499446902141,0.697084917617237,0,7
0.97659719386230803,0.21449538482556446,0.015800342679775932,-0.2150361062222361,0.97235062641347303,0.091069931009671853,0.0041706067957295147,-0.092336283236115563,0.99571914556118446,4.8124795942606635,-12.130371774020606,-2.6454958961780823,,0.07757778946807627,0.15625,0,5
0.84925222717369153,0.52655686808308733,0.038839661623863271,-0.52752274748657291,0.84312066327428203,0.10424633348062751,0.022145101597044008,-0.10902023589438338,0.99379282682095826,-6.7111587784720967,7.8810643299325038,-3.349492521396038,,0.1044980100750074,0.3652173913043478,0,5
-0.68211765874944252,0.73081368973903227,0.025036982889364377,-0.73069384244569457,-0.68253229289338202,0.015368076315888202,0.028319749895215518,-0.0078115329946003348,0.99956839271665066,-6.2579238569213125,6.2484820740097744,-3.2455625250203108,,0.06585839239284495,0.2835820895522388,0,5
-0.22768922458040061,0.94858990205143834,0.21985180175749977,-0.97297011072549799,-0.23057654162382976,-0.01279148496490002,0.038558794649065135,-0.21682171519208451,0.97544941600083723,-19.171004254922519,21.911792598316232,-3.6593927301924896,,0.1267182051987507,0.1538461538461539,0,1
0.77975760206088451,-0.59815832297539917,-0.18489105625615671,0.62556600573822385,0.73238528941445746,0.26884746663122344,-0.025401860030007176,-0.32529741545939161,0.94527050996127893,2.5593457487831293,6.6172048640036056,-3.5125279924007984,,0.4252940062541893,0.1886792452830189,0,1
-0.097548842001017197,-0.9801605292361264,-0.17253857641645862,0.9944626844900355,-0.10280726929669569,0.021786108799641653,-0.039092103820767936,-0.16945796619608722,0.98476180120451118,-4.4751452667303511,3.2494757863571948,-3.1446026086635093,,0.1284024601780836,0.2982456140350877,0,1
-0.65315204767981816,0.72353832910543747,0.22334880551946626,-0.75478708749197998,-0.64574101380009419,-0.11539062202710099,0.060735946251254551,-0.24394841547289942,0.96788445354867969,27.078714582774136,6.2301736616069201,-4.7043517991236756,,0.5436865863322425,0.3214285714285715,0,2
-0.95575562551309845,0.29344670038047965,0.020499227689745457,-0.29387384882841822,-0.95558153204925156,-0.022407511713232114,0.013013273025608478,-0.027440292312867799,0.99953873615930777,-5.8846186310901087,23.273147638238353,-4.0852590060487648,,0.16543675022416,0.3181818181818182,0,5
0.7877006970817918,-0.6134444826386557,-0.056687551870332448,0.61555005423325893,0.77997568579211118,0.1128541550256744,-0.02501484659740907,-0.12378932221043411,0.99199317596261216,-21.687904717299304,3.0570804893445773,-2.7536967321380326,,0.1734240599268996,0.5625,1,1
0.95745556544995025,-0.2869734361294406,-0.030415245272369138,0.28848979442206979,0.94917707148578645,0.12584325758648837,-0.0072442186071676132,-0.12926381520645752,0.99158377728512836,0.26499447088968603,16.299460716798361,-3.9606059553396866,,0.1624909097183993,0.2777777777777778,0,5
0.077494539449818656,-0.99476395806576245,-0.066627802671245087,0.99613161234300951,0.074477473228661731,0.046636004035405784,-0.041429545572898935,-0.069984096156282885,0.9966874229360031,-2.1668000706773016,23.179244508260858,-4.209135100395474,,0.1081759264283462,0.2352941176470588,0,4
-0.93175773584891552,-0.36293913464356753,-0.010134408215640097,0.36301483350487829,-0.93175723316493919,-0.0069777575368813929,-0.0069103068765804824,-0.010180520074938353,0.99992429946965289,9.023619524958276,6.7890447970949959,-3.7415325535965058,,0.09774735710070206,0.3846153846153846,0,2
0.60906247431332772,-0.78911597738135275,-0.079617062397451019,0.79248390240830902,0.60147148308055587,0.10100158149541569,-0.031814569100105265,-0.1246115134421749,0.99169541892187119,-13.142033994599894,-20.219038921838781,-1.8397754425501214,,0.1016163414384916,0.3478260869565217,0,1
0.75314762253535239,-0.65761769147406457,-0.017539399353178615,0.65730031044073045,0.75115779583443976,0.060977599589258774,-0.026925091715124558,-0.057453786798351114,0.99798502083882179,-5.9540984725652546,-6.5305419571549734,-2.6667397188947639,,0.205265842043891,0.7766666666666666,1,4
-0.1428960243168588,-0.97130889188041825,-0.19010461011893032,0.98897562613167966,-0.14766339113769628,0.011078530370461548,-0.038832166458867418,-0.18642574787767535,0.98170133104542612,-8.2848247024824833,-8.5068867638493213,-2.5067640550142629,,0.1321546478178542,0.1666666666666667,0,1
-0.37936452883598787,0.92442667057429406,0.038960043531475537,-0.92451534869817253,-0.38040278114642823,0.023771708343317696,0.036795710110635552,-0.027001015295508822,0.99895796752939803,-11.743937541535059,-4.7613229205984169,-2.5912251532443729,,0.3660124374755541,0.9539007092198581,1,1
-0.61628739448154823,0.78507767894805758,0.06199101080540477,-0.78681671104080597,-0.61715450355623458,-0.0063072947598394463,0.033306315168062761,-0.052662669489772204,0.99805677825068528,-18.311610789103852,6.087100702319268,-2.9364048973663008,,0.1006943870563958,0.3188405797101449,0,2
-0.33557257597010226,0.93549556843738801,0.11063041033458645,-0.9412970221095377,-0.3375789048333559,-0.00063180632270315592,0.036755440747014957,-0.10434809267792611,0.99386141545487716,-1.4197268765250388,13.492641375302725,-3.7752830088315519,,0.1364456013534501,0.5,0,5
-0.99231211163099631,-0.12375794790291689,-0.00080214792368082639,0.12375714605460253,-0.99221594301698024,-0.013845259959432867,0.00091755700222775156,-0.013838090684173266,0.99990382804315925,2.4216397098246278,4.6370778422480585,-3.4117342216886315,0.2340333942532489,0.1697709999891141,0.6148648648648649,1,5
0.15763822988635229,-0.97517144018235213,-0.15553408221665099,0.98583891978623506,0.14628606629916749,0.081987871306835755,-0.057199761476847161,-0.16625597450736615,0.98442223574419496,5.8002228325776279,15.920805304283075,-4.1553063815734417,,0.4765567323392222,0.7407407407407407,1,5
-0.99594933672640529,-0.086702024491105673,0.023825986304407937,0.085086821941232252,-0.99444092925585748,-0.062027985238026898,0.029071487856234098,-0.059749453302030693,0.99778998362577997,0.92626910082521496,-16.8148387021693,-2.3245641909629762,,0.1280675954543819,0.1111111111111111,0,5
-0.15327553188685022,-0.97619623936794542,-0.15345199108738428,0.98762083834890313,-0.15656948983592411,0.0095432966802489333,-0.033342030289290149,-0.15008963020941171,0.98811002014947136,21.759563720434564,4.1535781445655795,-4.2704960245563219,,0.126932116498956,0.2666666666666667,0,5
-0.92599406821353059,-0.36988298748078668,-0.075641002145945921,0.37713552758017255,-0.91550049917255372,-0.14009864328975541,-0.017429270500505901,-0.15825742190208111,0.98724404730680781,4.3396515287403501,-18.738981055901792,-2.3221279207700816,0.3066447575132167,0.2149105695891085,0.1481481481481481,1,5
