axis_00,axis_01,axis_02,axis_10,axis_11,axis_12,axis_20,axis_21,axis_22,location_x,location_y,location_z,dbh,dbh_approximation,score,reconstructed,number_clusters
0.99430560477680108,-0.088606456680849946,-0.059205237470221543,0.091028608472766975,0.99506280819942905,0.039544913424849795,0.055408995198905762,-0.044709099439955477,0.99746224975099529,8.0444018562686512,-6.5171685086935058,-1.6228012401809431,,0.1262912897969036,0.5074626865671642,1,5
-0.69036880581093341,-0.70325241055089915,-0.16978503767274816,0.72122410103549428,-0.68744283887214697,-0.085194714442550654,-0.056804119997849102,-0.18126883443591241,0.98179167933605793,-5.8668307516522944,-17.162895507435667,-2.7538106312862678,0.5609793703204105,0.5030024095189599,0.3333333333333333,1,7
-0.36088334565148,-0.92108149809875828,-0.14619194468760272,0.93227853243568115,-0.36047989998950758,-0.030182439648389632,-0.024898770872644527,-0.14718395144751115,0.98879569964949288,9.2206360991803127,-16.109155525644624,-1.4972461468822806,,0.103596199155351,0.2592592592592592,0,9
-0.79449367246635261,-0.59767544091060487,-0.10753544412537439,0.60465514605768189,-0.79499070997071908,-0.048804973170923895,-0.0563201452136858,-0.10379710204319513,0.99300261976016124,11.687284408240043,-7.1670968906453068,-1.3339986507009245,,0.1510442084968656,0.5,1,4
0.95312844103665562,0.29921579679194915,-0.044900799961629892,-0.29632430810811666,0.9531176893423422,0.061307215619053432,0.06113983407960228,-0.045128452365155565,0.99710849132671886,-3.2745493276132289,17.829703448714689,-2.7260265205096328,0.2639651984756591,0.2288616357358134,0.775,1,5
-0.78968048639541344,-0.59572343102746816,-0.14669125103823677,0.61287005873986267,-0.77695437264110057,-0.14398678388681985,-0.028196108002684527,-0.20360622917468346,0.97864676106078519,-19.375661826207295,17.834441563286077,-4.5149404592848441,,0.2139059836201564,0.2307692307692308,0,3
0.71183435339755674,0.70233091658942481,-0.0048100858351735783,-0.70126680578665934,0.71110226053037884,0.050581045564144923,0.03894509500385443,-0.032632172334133631,0.99870837630606535,-16.123368034229049,3.576320279056326,-3.8301894333229711,0.3193646517077326,0.2811276840801382,0.2753623188405797,1,3
0.81521428366753756,-0.57140450564137324,-0.094459317365531065,0.57696255751786207,0.81544003077551219,0.046602182687938989,0.050397211498971757,-0.092490254305900077,0.99443736551456996,-23.218752706221366,11.22180585367115,-4.8135741824582867,,0.1251397072209703,0.2903225806451613,0,2
0.78184601342986459,-0.61532424742217173,-0.10046333569101461,0.62226346575153479,0.78016020078875414,0.064329155879263938,0.038794206715898311,-0.11281015751956149,0.99285894158520616,1.4250485682679601,19.360338373719951,-2.2660384403656684,0.4191331947078148,0.3770326759117359,0.7954545454545454,1,5
0.51001792305232341,0.84637309962478979,0.15340891237773224,-0.85992994128821443,0.49754626684476666,0.11387804189080179,0.02005527964006296,-0.19000075942048442,0.98157908350687517,-12.449732805977261,18.639847590022541,-3.8060641375678408,,0.4627926828034529,0.5,0,5
-0.1092581029652282,0.97839136802451865,0.17553631507910675,-0.99392806325125072,-0.10521762506238393,-0.032190937511202056,-0.013025821204750784,-0.17798759044198403,0.98394651563517388,-22.42228981939677,11.787178334937193,-4.7613667979241407,,0.2444504437003213,0.3125,0,2
0.10588015224786614,-0.96977243121906764,-0.21984272789298495,0.99429256924697984,0.10033793691550402,0.036257208328576505,-0.013102675307361212,-0.22242690948489283,0.97486131825854616,10.170309906821446,1.4237724858994278,-1.4507433747708931,,0.1279582528344218,0.3529411764705883,0,3
-0.92439618699552195,-0.36810734736264861,-0.099943335374474668,0.37618188111252138,-0.9231476835675968,-0.079281439482551383,-0.063078378155951367,-0.11088433226301619,0.99182951310585643,2.5063948416522375,13.339751375746687,-2.1480089742874524,,0.4881463480095627,0.2727272727272727,1,5
0.79133082357886275,0.61051475094864949,-0.032669045411641687,-0.60973595044842521,0.7919905520368129,0.031193528418251383,0.044917684543560162,-0.0047649090792354024,0.99897932774242748,0.45162653567818684,-3.8940542062972665,-2.2272545347486492,,0.07493859674442277,0.3725490196078431,1,5
-0.91178936459254911,0.40853498269653993,-0.041705185877219851,-0.407159281246736,-0.91257555615069375,-0.03777795667970326,-0.053492750074725148,-0.017464885610561125,0.99841549640420413,-10.676773814566822,-20.084023606994251,-3.1790321097652807,,0.09335891255899274,0.48,0,3
-0.23015176776527796,0.93827773282723836,0.25819577818991235,-0.9730192611632702,-0.21744527842672426,-0.077143167521222522,-0.016238263447814295,-0.26898410170584652,0.96300772158363179,-22.834315976581159,17.464769246932363,-4.8939330774565759,,0.4375679401959042,0.3157894736842105,0,1
-0.33343685666197537,0.94272407430001637,-0.0095489452065189873,-0.94254876772174989,-0.33356126614105619,-0.018403863631995067,-0.020534923559414352,0.0028638200975588902,0.99978503461937096,-10.364851740592572,-10.391720790684003,-3.1304927838282941,0.271502929600989,0.2977790399221229,0.8035714285714286,1,3
0.038670206036209596,-0.98320170665851647,-0.17837886418771198,0.9992430629072141,0.038804899482924315,0.0027351431279344193,0.0042327765033419347,-0.17834961115713494,0.98395807827527504,13.19369646075185,7.7717595101615231,-1.2335586767160132,,0.1667369125449089,0.2244897959183673,0,5
-0.92169818509275825,-0.37857802220038494,-0.084564393828383211,0.38460276793620507,-0.92026268028142044,-0.072092372530435961,-0.050528867912575687,-0.098971108855577292,0.9938065974420639,-9.6744352005307199,-14.083098849679612,-3.072120803019875,,0.08281644875622123,0.3333333333333333,0,2
-0.41855264417692672,0.8947180414834337,0.15586311397040603,-0.907791598664488,-0.40706173947906865,-0.1010700432692495,-0.026983280873091011,-0.18379435926144097,0.98259428863442944,-19.399487593322942,5.5769302858894161,-4.2950538377755185,,0.0808608843272534,0.5833333333333334,0,1
0.53405154808866151,0.84520484013407227,-0.02043825330214432,-0.84466811417084586,0.53444121716899962,0.030139049321214383,0.036396715334936207,0.0011677349257532212,0.99933673779561027,-6.5000755157730747,13.500129913385466,-2.9940992186375945,,0.07539661471109865,0.3157894736842105,0,4
-0.93697885136394077,-0.34293901956826323,-0.066809138254201955,0.34539475813254872,-0.93800371687322293,-0.029180270502127313,-0.052660166646802183,-0.050416822485926403,0.99733898492897288,-2.8151600560333949,7.1819498076322654,-2.5980033720184847,,0.07479210573845479,0.3140495867768595,0,4
-0.62781593211873743,-0.77122047614387357,-0.10519568695672976,0.77717610558891892,-0.62856526693827697,-0.030050059907671942,-0.042947133542565574,-0.1006214806849412,0.99399741516024465,4.2511142195709848,-5.7344848040605143,-1.9098883623672154,,0.101883607536932,0.5671641791044776,0,5
0.97505655178643336,0.21905145895210393,-0.035793562959061956,-0.21526365334893161,0.9725802616774688,0.08802950722488663,0.054095104817539631,-0.078128694641214261,0.99547457361222369,-5.8528339809192715,-4.7481626244450617,-2.7489474291163174,,0.06780917764761707,0.3017751479289941,0,2
-0.79619734198288272,-0.57247285617985511,-0.19581782747409016,0.60354562007599522,-0.77419794099322448,-0.1906573697734634,-0.042455589814253659,-0.26998588314786304,0.96192782774717223,-18.412911819271514,0.84329963319114998,-3.9622001052477223,,0.1448361730080288,0.4827586206896552,0,2
0.14355974283365666,0.97228634084345533,0.18452607308122937,-0.98959823035063854,0.13928930019568089,0.035969894882840719,0.0092705298888194239,-0.18777050423387143,0.98216917840835272,-0.43833761128454846,23.395069058893078,-2.4802740464043249,,0.2273972987582495,0.1666666666666667,0,2
-0.24817246500666085,-0.959721641661192,-0.13169965125110794,0.96867988809564831,-0.24703082471167206,-0.025200119866236104,-0.0083487730547178625,-0.13382877930182632,0.99096930114865989,-26.842223655211178,9.2082976198439326,-5.1156276647552392,0.2919715389845977,0.2875344067277553,0.8235294117647058,1,4
-0.14570004631546296,0.98831873963649175,0.044694131460504771,-0.98921355804216637,-0.14484478153777333,-0.021829471977873084,-0.015100764524684292,-0.047392595883868426,0.99876218829417007,-2.2883789552842031,-15.274203301294261,-2.4940841301498087,,0.08549506588804172,0.4230769230769231,0,5
0.6574660885160023,0.75279938225258725,0.032115923333934239,-0.75311921045069863,0.65522406540565958,0.059100583443784507,0.023447756856131555,-0.06304374824994638,0.99773527977365473,15.482625550815337,23.634712634236568,-1.0418958584191955,,0.236266639769776,0.3,0,4
-0.994079613434388,0.094884996189125673,-0.05293920713732176,-0.081065332911460966,-0.97210100418347956,-0.22010917624085005,-0.072347314767672297,-0.21451451038020983,0.97403767426226773,-1.7762448144277738,-23.32093610166336,-2.3893440884874195,,0.373458478282133,0.2,0,5
-0.58351715332988285,-0.80564634444613248,-0.10218463412065892,0.81154813457772446,-0.58312687022881315,-0.036778777583870458,-0.029955918166613651,-0.10438879680182109,0.9940853193107031,12.858203770155869,6.770185767839612,-1.251770684139951,,0.08937924158663031,0.35,0,5
-0.741749758258203,0.66998315381214113,-0.030493765458457792,-0.66996670374409339,-0.74228981317680875,-0.012265770591912615,-0.030853071130321864,0.011331675157546694,0.99945969460501616,-17.12211003039247,3.3406304339284469,-3.9385952884056858,0.1717233160122873,0.1708749084167704,0.55,1,5
0.33477000671436796,0.9365290625453927,0.10412664218302529,-0.94224307216132308,0.33148652059384009,0.047902814411919327,0.010345799556109867,-0.11414903272669183,0.99340976578605611,-2.3415084087423801,13.947802307291489,-2.6040577577582291,,0.1587488762415604,0.3103448275862069,0,5
0.65230276768091289,0.75773626807916494,-0.018353400591731919,-0.75718729546097419,0.65254003615470202,0.029307009532112072,0.034183312717113584,-0.005220081673682285,0.99940194710586983,-6.1676749788849907,-15.59889316380532,-2.7866547907288179,0.179188336420698,0.1136192085898403,0.4222222222222222,1,5
0.97919439953942966,-0.17495408416676789,-0.10280756948776602,0.18365373921653444,0.97954238380839664,0.082267991313433972,0.086311250613112345,-0.099437350911665029,0.99129338808511636,2.5350619948967057,18.510114731298714,-2.1649469197053897,,0.1622378826399134,0.53125,0,5
-0.91836912585222064,0.39344270250293334,-0.042438055193622926,-0.39186476193877268,-0.9191086664545759,-0.041003263269654963,-0.055137619028188735,-0.021026152650447962,0.9982573535279482,-5.1591969210298663,-7.0476012447926282,-2.680269568469976,,0.09561630511495528,0.416,0,5
0.42793493813053424,0.90332400280720693,0.029621523924022758,-0.90323012513077872,0.42625748594942159,0.049798561508511807,0.032357839598065187,-0.048065597098594016,0.99831992296663208,-16.136798338863201,22.710421610270696,-4.2664013744501572,,0.253517689006195,0.6875,0,4
0.99832811305546076,-0.002112614870216569,-0.057762579076207556,0.0046187431354041842,0.99905197183678818,0.043287697800603306,0.057616368290392503,-0.043482116179382767,0.99739142751358678,7.7355071750725548,-5.3748372840093337,-1.6336927754039499,,0.08508172760573537,0.4047619047619048,0,5
-0.96567302454797754,0.25914668813929137,-0.017849473011822579,-0.25081909103843253,-0.94810210541328332,-0.19542819981147919,-0.067567693693195027,-0.18424275219757705,0.98055556447946712,-17.238633991884438,16.84176898942097,-4.2633165743648584,,0.3658398463770692,0.4615384615384616,0,5
-0.88737820488552444,-0.42242536745634962,-0.18470714773259631,0.45825915657528093,-0.85209693862259395,-0.25284254508471132,-0.050581290108648737,-0.30901070550932408,0.94971254438991881,-4.650546344321314,10.391075381592337,-2.7711470151527271,,0.1240235726243126,0.46,0,3
0.28371693505156675,-0.95348685427744218,-0.10182101691228078,0.95811942780093029,0.28618656755982674,-0.010218151434624028,0.038882680403506939,-0.094657631855179072,0.99475025503701497,8.1495759416763196,7.078525077892726,-1.6470617066294109,,0.1261878907462933,0.3846153846153846,0,5
-0.84937721084059636,0.52766637953167328,-0.011249249601016618,-0.525685169061607,-0.84770362431390811,-0.071089157779049755,-0.047047388166820608,-0.054467946877049728,0.99740652997144552,7.494507466547244,-21.522778143681887,-1.6603599088590175,,0.265839728819094,0.4473684210526316,1,5
0.59223917828544026,0.80491534059284287,0.036933049997180029,-0.80419142115328734,0.587602711773626,0.089438309799194274,0.050288307261652766,-0.082670113067471074,0.99530735883854948,-0.17039713935940567,15.331589826556,-2.4099099890555951,,0.3639604994413141,0.4634146341463415,0,5
-0.55661064792247639,-0.80772913442546668,-0.19431477560805233,0.83019311589216871,-0.54953434188715777,-0.093762452036519756,-0.031047978107654344,-0.21350796820478393,0.97644783299902516,-9.1235022619808035,30.065720888176035,-3.6309573167908935,,0.2326133837956058,0.2222222222222222,0,3
-0.93426087501582789,-0.34887717746210356,-0.073765387958959344,0.35484506956508877,-0.93002028427223948,-0.095641243444084575,-0.035236260017305225,-0.11552915600946495,0.99267891087286331,3.4125298523543481,-18.811018226135317,-1.9880920827281801,,0.3386832541411889,0.5909090909090909,1,5
0.6951964821206259,-0.69410441984069604,-0.18687136111431604,0.71756333967202746,0.68548408585128107,0.12334675351771662,0.042481817355583575,-0.21984226709676249,0.97461001061548858,-37.226133850381729,17.079417322029997,-6.2301631879188202,,0.2416141823415669,0.1111111111111111,0,1
0.99566689269055864,0.069002661425382042,-0.062338363117283899,-0.053898678348878924,0.9745013043942885,0.21781216725903002,0.075778435403301425,-0.21350840838254051,0.97399783792254024,-0.90630382052588054,-16.19559799336503,-2.3663565475386483,,0.2066363986620446,0.32,0,5
0.096114495845453243,-0.96323860876371015,-0.25086527514848866,0.99533379836682689,0.095166343904131673,0.015937277577602358,0.0085225299670549093,-0.25122649059140462,0.96789080836016206,-20.655550726225542,4.3753287047998661,-4.3726138050300829,,0.08607047317348712,0.4210526315789473,0,1
0.27025626783346801,-0.93783654692537977,-0.21777089095608324,0.96243729692012658,0.25704805676859005,0.08741136086672821,-0.025999984496274924,-0.23321429579374664,0.97207771965189183,3.2223256833578833,-20.781842329796202,-1.991269252016814,,0.5405326524818443,0.2608695652173913,1,5
0.9784664366802307,0.19565421345083989,-0.065748468037102284,-0.19427533464615124,0.98058055814124612,0.026811627021291459,0.069717477280941659,-0.013460971522742613,0.99747595239546805,8.9186841879322927,3.9115998333925068,-1.5575314949383823,,0.1479803243395155,0.6818181818181818,1,5
-0.93493675672643073,-0.34386771903275637,-0.087454289369201119,0.35051379445110664,-0.93336921599918221,-0.077213901109574073,-0.055075773452126789,-0.10284404908540432,0.99317156662198558,-27.762031951356615,12.712643554694649,-5.308368133845967,,0.1960113649890166,0.6428571428571429,0,4
0.57489230069110453,-0.80394228539340906,-0.1522354898258268,0.81717382659216997,0.57357206073367284,0.056938811705519371,0.041542505206079314,-0.15713654222410803,0.98670275532150653,10.401248433353704,-18.928037590597842,-1.4307773889033588,,0.1082499801804918,0.2727272727272727,0,4
-0.83965297056066968,0.54215057311951653,-0.032490692433716918,-0.53674200776576286,-0.83744486570195387,-0.10292771254144191,-0.08301148190594114,-0.068984440097863337,0.99415805629495535,0.091622109208007743,-13.351086171634167,-2.2532594304003961,,0.2238667925122809,0.4153846153846154,0,8
0.042694613625175695,-0.99437057118440342,-0.096975961608025768,0.99907836374732539,0.042062557978061396,0.0085536137573520767,-0.0044264047899731183,-0.097251778280638926,0.99524996787836661,-23.274935034944715,5.5292170845696695,-4.6770333456893143,0.4501697307011701,0.5125054750880517,0.9587628865979382,1,2
0.79081597378600221,0.6107467768103656,-0.039980873185149188,-0.61044885154588979,0.79178518043657864,0.020698494808065401,0.044297801877767329,0.0080375777921314201,0.99898603698551969,-2.2903623796739216,-4.3202138283446105,-2.4467552295278119,0.2158854363028318,0.1461371662929664,0.5077881619937694,1,5
0.99171087816017978,0.11901181409656818,-0.048432656794869883,-0.1141346743805931,0.9890678880655247,0.093370171369873411,0.059015339046740382,-0.08706836913051412,0.99445275848285108,-5.065270989926363,-4.6620600587796668,-2.6817114607103343,,0.07282535830374805,0.3647058823529412,0,4
0.78765487696119008,0.61530652675939035,0.031585960909063647,-0.61454989559771578,0.78096491067592622,0.11145507666221408,0.043911508970768315,-0.10719928367409481,0.99326738241002954,-21.006092536532403,16.695138747066338,-4.7044830075705102,,0.2553148053932384,0.3181818181818182,0,1
-0.2149996140316987,0.97511120757487113,0.054159937482372356,-0.97629483794104832,-0.21318058526649933,-0.037448998318940434,-0.024971090802762195,-0.060927587571696092,0.99782978192515936,-2.015807083012954,17.984255753785625,-2.59782386312957,,0.08252749879120812,0.24,0,3
-0.3399214606297194,0.940451940401553,0.0018837192769020231,-0.94019082054927927,-0.33977834963887643,-0.024328873207707321,-0.022240088988882963,-0.010040961688874145,0.99970223443289929,-3.6224631522872359,-16.147454883762745,-2.5946686504927698,,0.1233537226759813,0.3170731707317073,1,5
-0.9849814079274134,-0.16139300803895676,-0.061350819012198791,0.16378851963105823,-0.98583006237636384,-0.03622718526301813,-0.054634667331253869,-0.04573166376977586,0.99745860468214487,1.3673046530056168,-15.094592444599881,-2.1488552157760075,,0.09459287315646818,0.44,1,5
0.17324580929514577,0.98484049598739432,0.008665276970384557,-0.98487861285239942,0.17323832893096594,0.0016122453722435832,8.6646429980345501e-05,-0.0088135607168708923,0.99996115606551761,-16.080426312764946,7.4911758874118153,-3.8852424115379991,0.5666813537964818,0.4384176378606496,0.9552238805970149,1,5
-0.93511565047391587,-0.32582641172655613,-0.13926905492657979,0.35031809367664263,-0.90916336710772783,-0.22516483995531478,-0.053253671061335876,-0.25934363560869622,0.96431578084554626,-11.600514859869694,10.813506017830667,-3.4942547786951499,,0.1735382230084003,0.3888888888888889,0,1
0.94432818639746885,-0.28881407836483708,-0.15757761425258454,0.3242415250588952,0.89817410901548489,0.29690184122319135,0.055782701644401744,-0.33146598322076598,0.94181664466324988,-0.83536214616939586,-10.251725780389355,-2.3217122749510692,,0.3397674504789668,0.3333333333333333,0,1
0.83541508524653529,-0.5343273347447457,-0.12874756186856698,0.54579609196433332,0.8341035986856139,0.079861208707163234,0.064716777878578033,-0.1369871745977862,0.98845650013378439,5.2916089277330132,-18.202651545254291,-1.8184987093980112,,0.08155576129151978,0.3571428571428572,0,5
-0.0088074930563993084,0.99995997832870664,0.0015715619350768926,-0.99994776838743105,-0.0087992139206594291,-0.0051994549114752027,-0.0051854183109435225,-0.0016172740128926571,0.99998524782204135,-4.2477960017882168,12.276675911990784,-2.7600354512024459,,0.06971451618694695,0.2439024390243902,0,5
0.79086589412074104,0.61179541872272525,-0.015411137092558251,-0.60828575453734091,0.7885966018681605,0.090021332743564206,0.067227809301942443,-0.061820426655554477,0.99582059453728244,-9.6038116916406082,-12.946573847339822,-3.0616967031773052,,0.1959899160303248,0.3461538461538461,0,4
0.94207973121335997,0.33519916851523235,0.011282617766306303,-0.33245416557558694,0.9288668869977933,0.16334177062365057,0.04427197565507851,-0.15763192464004866,0.98650502710623356,-0.022800160784381442,26.602854783325416,-2.4806273371666401,0.4656218982804631,0.346116662032539,0.8888888888888888,1,5
-0.079583796717842673,-0.97292585594600467,-0.21698317476640722,0.9968274202001618,-0.077944103012235283,-0.016118658216812517,-0.0012302995836212614,-0.21757756234812944,0.97604225867816963,3.4747898263273806,-8.3281649332209948,-1.9808460459152024,,0.1008359962489561,0.3571428571428572,1,5
0.54013464898596208,-0.81579502806429638,-0.20671969705469662,0.84091951266820064,0.51345686373856769,0.17092812025418744,-0.033300663337050944,-0.26615882714147931,0.96335380030183337,2.3927716888613015,8.7736456217956338,-2.1314047403464422,,0.3939859252306241,0.2388059701492537,0,4
0.96797604542254956,-0.22282629161677048,-0.11563225870163274,0.24679071632472652,0.92904149814143711,0.27563787306363247,0.04600780177373974,-0.29534782629203959,0.95428137552847392,9.8941901294619399,7.4166782493879353,-1.4989098413597663,,0.3843483744406547,0.4,0,2
-0.76437868019009014,-0.63977121956404914,-0.080112545137365487,0.64336700924936274,-0.76499308086079043,-0.029402000691246748,-0.042474988880370358,-0.074016031051704664,0.99635209763766086,-23.571469949453284,4.611968286127218,-4.6399456498222422,,0.08029573578828798,0.45,0,1
-0.2382622733275355,0.97003137671956319,0.047646797251692546,-0.97105732104321263,-0.23709679338485048,-0.028858097910307908,-0.016696357602009521,-0.053143567307536173,0.99844729099570184,-7.294915941247754,6.244124731639678,-2.9949288685356019,,0.07667449892464236,0.1764705882352941,0,2
0.98918755135991598,0.13848196544582111,-0.048277670623540693,-0.13192463031656307,0.9840245826625037,0.11954711469426027,0.064061534093485625,-0.11188550380700306,0.99165404949883673,6.7704590283453383,-18.720559701200944,-1.7088210069175418,,0.1294632979517427,0.16,0,6
0.60887876252985751,0.79273519854336361,0.028940586215920359,-0.79275895774182081,0.60678583623327997,0.057828918948734064,0.028282281736264236,-0.058153709572915033,0.99790693884885773,-8.259840820067831,-8.1333671216067014,-2.9340873920438044,0.1942400878681306,0.2633056911485042,0.1343283582089552,1,5
0.97921850422416423,-0.19229487882919441,-0.064449984957759748,0.19450839605365741,0.98044263748975535,0.029978633337179816,0.057424775573123199,-0.041891695694934096,0.99747054141071201,-12.107357936321408,-4.8281871606005771,-3.2555793910439998,,0.08625483251382943,0.2972972972972973,0,1
0.81253833803210218,0.58147954977870164,-0.040779681425783407,-0.58114770734811172,0.81353253665750025,0.020788315074751224,0.045263577764726441,0.0068077153856543294,0.9989518824944299,-19.166275356588788,7.0228707800816492,-4.2607332518703744,,0.07848475222930285,0.3111111111111111,0,2
-0.99801068273307936,0.039878238673334718,-0.048830351534328222,-0.02925410155470699,-0.97902401573557751,-0.2016337624387628,-0.055846886152053361,-0.19980416085081179,0.97824302840031696,-30.178478890624444,11.284528786049353,-5.5024283645287833,,0.5491976188751886,0.6363636363636364,0,4
-0.90648987418701277,0.4170513057510386,0.065911428203066932,-0.41877753509816479,-0.86814586833889795,-0.26636089687340875,-0.053865425771264325,-0.26905568133279628,0.96161715679839332,-9.1007250383776768,20.993608181419734,-3.4371754007824546,,0.6862817679360038,0.3333333333333333,0,1
-0.70544798706164191,-0.66573610484519607,-0.24318424343740286,0.70566008073401187,-0.69178788674993208,-0.15321021573161886,-0.066234341614781964,-0.27968725114242793,0.95780376567397529,-36.651399289345591,8.1102997834524846,-6.2401786001786332,,0.4042099908695658,0.4090909090909091,0,2
-0.97901396185022826,0.19884136628871668,-0.044651691510605052,-0.19028021030812758,-0.9703425642204192,-0.14909309047450428,-0.072973310651337248,-0.13746788393868725,0.98781449514471342,7.8891907685798266,20.278566734152697,-1.690280085329533,,0.1760572236237445,0.1333333333333333,0,5
-0.069927931116252451,0.99686252603001357,0.037083536061988179,-0.99752132336284549,-0.069585688747339822,-0.010442287009825994,-0.0078290412080852766,-0.037721825494247518,0.99925760942568931,-6.9845612391610699,-10.114711915832704,-2.8309517373243809,,0.1223777911590017,0.2307692307692308,1,5
0.66444595545159735,-0.74133542935094809,-0.094516419065999002,0.74634771119102494,0.66474179094127617,0.032915731438069362,0.0384274157852467,-0.092412837664636302,0.99497899533147804,5.9400743873875808,-4.9592848950578556,-1.7709883418988082,,0.1379850205073936,0.4222222222222222,0,5
-0.71329310470747131,-0.69544123761866272,-0.08703121162088398,0.69961392314358439,-0.71392683896155062,-0.029134638388195872,-0.041872488825232326,-0.081669784068471862,0.9957794640630977,-11.558650754153703,13.515894872189667,-3.5074772819665672,0.1537042697862659,0.1476072992231368,0.603448275862069,1,5
-0.93680784758689717,-0.3412534181869985,-0.077052977069631934,0.34585529755706312,-0.93654910353612042,-0.057095444804322458,-0.052679880896970913,-0.080136641066228975,0.99539085233254088,9.2680471647991869,16.204797527676682,-1.577292945471823,,0.1384789324122704,0.2608695652173913,0,5
0.73484901925758617,0.67776746198212723,-0.025063646471913295,-0.67533582449494578,0.73462337687939439,0.065192164376148887,0.062597468398452386,-0.030980019700132977,0.99755791577706587,3.9968812597191068,23.562665435261295,-2.0373910492087846,0.3811346648709855,0.3833875497776054,0.813953488372093,1,6
0.99521063330968695,-0.074753790404678069,-0.062989413137963787,0.080784376364152963,0.99176592184203882,0.09936921459016132,0.055042527946911286,-0.10398185944165499,0.99305492951007968,9.1982091360053779,8.1601839733500583,-1.567132157703971,0.1120871744366036,0.1427429309162362,0.4545454545454545,1,5
0.22624649617454076,-0.96730141061104846,-0.11463203740062347,0.97398716168874933,0.2261907336892835,0.013666047658201336,0.012709517466688434,-0.11474202814565423,0.99331401638292838,0.10574008736320073,-29.014551795350464,-2.2544858506311738,0.6298758364135539,0.4304514674256059,0.8863636363636364,1,4
0.55214936816860261,0.82071183934651293,0.14684397157348864,-0.83177314529121671,0.53012573536699459,0.16468193426711633,0.057310644764900991,-0.21306989805710638,0.97535465782379116,-20.548288291810515,1.5920408707313241,-4.2215476218961641,,0.316423389020646,0.28,0,2
-0.32613050356709455,0.9452442368876286,-0.012338041732732138,-0.94503494314444159,-0.32632590832139097,-0.020502628958299181,-0.023406214539218744,0.0049733478607868493,0.99971366647255566,-6.1578045069209617,11.83995340339496,-2.9441669295779778,0.4892386692638201,0.4552396460733125,0.9769392033542977,1,5
-0.55628239102718513,0.82325779644209496,0.11312162494582997,-0.83071297607930739,-0.54738246823686665,-0.10143167572497643,-0.021583623572959697,-0.15039625681586158,0.98839016240007127,-5.5388053400152319,-21.037729569150198,-2.7395342387616957,,0.3479320729779785,0.25,0,6
0.55458137430885057,-0.78389636164760446,-0.27918809692634677,0.83184693341979465,0.53100121588201155,0.16145707817221677,0.02168360278622147,-0.32178285058012929,0.94656516861901052,-5.0780567216464743,13.040798146833268,-2.8474382727056846,,0.6895093997449022,0.5636363636363636,0,3
0.43902183942558604,-0.86312659245149659,-0.24954420432148214,0.89838597638712869,0.42564657809202866,0.10829417338661618,0.012746055794595298,-0.27173052085036969,0.96228897016440251,-0.70125821096129548,13.568571364522997,-2.4362775763549971,,0.231838015603792,0.2631578947368421,0,4
0.53004514984349771,0.83904166452348183,0.12272417985485867,-0.84686967134978541,0.51641590473419352,0.12698965739566953,0.043172895146020504,-0.17124163784321833,0.98428268429017962,-8.7073521145489963,-14.097516819525731,-2.989562770982261,0.5555093459212925,0.421304457215197,0.1666666666666667,1,5
0.83502576701960352,0.55012030808820944,-0.009980733553010929,-0.54822742975212635,0.83341760760394479,0.069726441204855563,0.046676050397392338,-0.052751663145823829,0.9975162195947741,-3.4777474876382981,-7.9279710126691487,-2.5266369718232897,,0.07335283365876266,0.3222222222222222,0,5
0.3992768322523641,-0.91136492664965452,-0.09995990045706675,0.916518613968344,0.39960486398824258,0.017594968783240336,0.023909024991883642,-0.098640372818675909,0.99483588363816544,-0.41857974153358618,-19.585088137417941,-2.2900993741840239,,0.1871638181352723,0.2352941176470588,0,9
-0.99386046297013475,0.10161035856379026,-0.04378030581583521,-0.094233148520352319,-0.98474102687616183,-0.14630524155622127,-0.057978391360327515,-0.14128143904781329,0.98827023688657556,-10.279081240887331,-3.6006214315189595,-3.0845807561810346,,0.3125047603795242,0.5071574642126789,1,1
-0.91593866697941273,-0.36641457268432048,-0.16369703496564716,0.39891756129935835,-0.87582384289308712,-0.2716567236549805,-0.043830783918954896,-0.31412251932096924,0.94837013092805611,-1.0332884663684381,9.5046366595072005,-2.4268665437650023,,0.311757883348162,0.1363636363636364,0,4
0.84507739284586458,-0.52650131693903546,-0.092954630666238922,0.53208581592510862,0.84521250943654935,0.05000498358446117,0.052238726938425746,-0.091717921658919552,0.99441386668450105,7.6550324694582672,7.7689318365041231,-1.6933868485120833,,0.08817695197563058,0.2,0,4
0.84453702519785201,0.53388512538249344,-0.041519705746591473,-0.53330466985114544,0.84555630059128706,0.024913282508330269,0.048408079748376007,0.0011024634680037297,0.99882703326921352,-5.8901115302162497,-11.698359486954107,-2.7304898160797846,,0.1024571319783356,0.2875,1,5
-0.32507312970408786,0.93419713358325807,0.14698018896849258,-0.94544062705168985,-0.31747763883112801,-0.073143486123642881,-0.021667511728323964,-0.16273802397422751,0.98643137343074561,-25.331336892146936,20.127674371156587,-5.1383429888098693,,0.1320294143243922,0.1428571428571428,0,1
0.89987205451721941,0.4355064143290141,-0.023758126551627599,-0.43157344318531876,0.89697327100871993,0.095829610419146311,0.063044814506241276,-0.075981011931943454,0.99511418299091225,6.2246133768883363,15.366235167505522,-1.8523000054159704,,0.5934073976670561,0.3809523809523809,0,2
-0.41296716562807084,0.90653252203392698,0.087503751964849261,-0.9102049232190822,-0.40750135010304417,-0.073957064652006285,-0.031386587276451473,-0.11018818520605823,0.99341504215515763,-14.53992391868764,16.821572972396709,-3.9229208838316083,,0.09246301793023932,0.1153846153846154,0,3
-0.46669324375034349,-0.85226166948850146,-0.23632067822866126,0.88404013234436407,-0.45735441855731734,-0.096436405110605347,-0.025893254765306323,-0.25392318237366629,0.96687773622671047,4.66860035974294,-7.2857677963888507,-1.8928214982721232,,0.4699246593310337,0.4972677595628415,0,3
0.73093050522448144,-0.67462128151695311,-0.10308599835432913,0.68130631402293307,0.73007933824929738,0.052970428863214992,0.039525978859092058,-0.10895084389710928,0.99326099823225655,6.5118498964846756,7.8658291858938609,-1.800419356434886,,0.4745605928357029,0.6635514018691588,1,4
-0.69955075263473609,-0.7076905547997856,-0.099009207326122631,0.71354481110223511,-0.6992626846212604,-0.043422349606445559,-0.038503857433391742,-0.10102364348725777,0.99413866055963718,-9.6961285734400047,-7.0913550152190394,-3.071266711504721,,0.07408662814640907,0.3571428571428572,0,1
-0.10771625259475762,0.99353695515139107,0.035798431186936278,-0.99413954734866361,-0.10731034379443249,-0.013078628067032904,-0.0091525583493059295,-0.036997416980434517,0.99927344696656462,-3.0666717861931758,-11.585453274178096,-2.4864483788131082,0.1784349296225925,0.1830016662751895,0.4285714285714285,1,5
-0.1546598280981584,0.98794446145485659,-0.0067881259064990285,-0.98793138815568315,-0.1547094541770031,-0.0075204444708643174,-0.0084799687165484292,0.0055430920006975005,0.99994868081399002,5.0673773983701533,5.9378958434050109,-1.9257433646528852,,0.2075291675130841,0.6222222222222222,1,5
0.977137431136749,-0.20317636127319239,-0.06262433146359446,0.20462220078318957,0.97868381579105423,0.017542623957316154,0.0577251731753229,-0.029955883035706513,0.99788298384802221,5.0972858521263644,-3.7359632872902737,-1.833279931966892,,0.2904887633694617,0.9336734693877551,1,5
0.14361965605947433,-0.98214968200299957,-0.12147179316518257,0.98959616909200576,0.14358673398371627,0.0090703882119584391,0.0085332591537153439,-0.12151070720432855,0.99255344013454494,3.3405556373641838,-5.1640501564676891,-1.98529999820738,,0.2177745269122363,0.6842105263157895,1,5
0.16532325578239432,0.98611714392009098,0.015530600902433394,-0.98622526018690881,0.16521595569169831,0.0079639283109428916,0.0052874631698094816,-0.016633293473044094,0.99984767653951512,-8.3303493524788834,-15.954382031918179,-2.9600327254537029,0.5064207795322878,0.4254487399184269,0.5,1,5
0.83973009756229433,-0.53789249716795384,-0.074330510145196926,0.54048430681149184,0.84113734092879722,0.019096800405740872,0.052250141995249876,-0.056210632318611675,0.99705079483235026,5.5465618438711886,-8.3759146083072817,-1.8213228830760866,,0.07961571248271637,0.2,0,5
0.85791438259157515,-0.5081746330268001,-0.075772386069022077,0.51163618065846228,0.85846985845622903,0.035467178677797827,0.047024789034478258,-0.06919569690536094,0.99649416694030069,2.2183292826170673,15.040971737101207,-2.1732806722471767,,0.09349857288619763,0.5,0,5
0.98656918690962003,-0.15177374389054735,-0.060381869016586501,0.1545694389439278,0.98697172430425706,0.04466658671131854,0.052815982288025601,-0.053399869750093143,0.99717547398921869,6.423166093068378,11.219866616547725,-1.8084440002123097,,0.09675073039564222,0.4210526315789473,0,5
0.15629767690204499,-0.96723455796411895,-0.20007085263720967,0.98770671976706648,0.1535788100637458,0.029137344188960135,0.0025439972496044566,-0.20216542478712826,0.97934808372643201,9.947332736649404,-19.890551926603816,-1.4716150344166929,,0.1455577384116053,0.1739130434782609,1,5
0.59791627315010665,-0.79088543305591474,-0.1303700965798722,0.80017352085366966,0.59849260355908385,0.039101662492933432,0.047100603254407035,-0.12769821950609736,0.99069404858818222,7.5993485338622468,-10.208342539723327,-1.6259278056827566,,0.1111432772779598,0.4166666666666667,0,6
-0.23204325584565239,-0.96613086668336356,-0.11290294884635911,0.97254416318226644,-0.23255038651332222,-0.0088412890808524588,-0.017713782110432504,-0.11185466541078608,0.99356668409784499,-20.423173926888698,8.0194076493250908,-4.409409661523978,0.2838870169586958,0.2620814598039136,0.8407079646017699,1,4
0.77590094563905698,0.63085453719856444,-0.00052483559500579081,-0.62987386880712504,0.77474064035179058,0.055098544275159679,0.035165778113974665,-0.042420432379717904,0.99848078347375135,-1.7932285629936975,7.7945837275263701,-2.526554864909444,0.2236168387362213,0.1481377238451828,0.3972602739726027,1,2
-0.63203269318212429,-0.75376170748298166,-0.17993877592473367,0.77472542099453101,-0.62007270498813527,-0.12373504997996516,-0.018308380971512876,-0.21760774081139189,0.97586457786168501,-8.7463582431088991,-0.050406089425301531,-2.9686740154681899,,0.1998486877598364,0.3421052631578947,0,2
0.28470035281567307,-0.95325039593322192,-0.10128865563223857,0.95841339124421643,0.28522192312808353,0.0096034395336959729,0.019735262612668829,-0.099810506562548626,0.99481072681658189,-7.1986111153251242,-6.1999606179864539,-2.8490123745751079,,0.09341194148783433,0.5,0,5
0.72491845314529046,-0.6563863384665265,-0.20892632903477446,0.68741838182443871,0.70878984059153816,0.15834434061277011,0.044149797500220328,-0.25840653348692505,0.96502686948704253,1.1232490500905803,-17.716454366731295,-2.1983280424019851,,0.2482415953991866,0.2580645161290323,0,2
0.94776399746102624,-0.31005226295228777,-0.074906604213924546,0.3138303199266913,0.94840503247737595,0.045148916557300939,0.057043276653841873,-0.066298481202459833,0.99616794566922329,13.963174733189708,0.57666247974262952,-1.1517976342387726,,0.4005897751891555,0.8489583333333334,1,5
-0.91249638151563328,0.40831600030483095,-0.025067860218642827,-0.40548173938278703,-0.91087480279184785,-0.076757101730211358,-0.054174835006540821,-0.05987601802038537,0.99673464358275254,-20.72826872058134,8.9460486877456376,-4.4649382719716009,,0.08183529333500288,0.2142857142857143,0,1
0.89242359215110212,0.44843108521259328,0.049896833438390895,-0.45096094458936742,0.89007121668917855,0.066388671296464724,-0.014640991332150058,-0.081748339655924956,0.9965454582387655,8.6939816263283145,4.9711857223588334,-1.5885324777821273,,0.1950102853096415,0.1401869158878505,1,2
0.71358201035639057,0.70032841044084493,-0.018461636577829378,-0.69918328768866744,0.71357874037614766,0.044137416100816493,0.044084517833340657,-0.018587598354557068,0.99885487257900074,-7.4948599923836188,7.0623194374804568,-3.0252890970522026,,0.0654282778511623,0.2173913043478261,0,5
-0.47975774639986807,-0.86008645257645167,-0.17344681854613211,0.8770373016912103,-0.47578654843141488,-0.066578763685740977,-0.025260170457079241,-0.18406100734858519,0.98259018383164365,-12.187821824448323,-9.686637561194603,-3.2922359227835281,,0.1164979657805842,0.1904761904761905,0,1
-0.90531580297598602,-0.41963616674268028,-0.065641331822665488,0.42163575767108685,-0.90655177232769923,-0.01967668525524199,-0.051250216927076077,-0.045490346789343973,0.99764925881489597,-8.1020729188867335,14.839308779753434,-3.1714884737435707,,0.1074834599365362,0.3703703703703703,0,5
0.58777998497994577,-0.79486496657193095,-0.1506797072388289,0.80828507877522104,0.58491145830545288,0.067481978129902018,0.034495227007669729,-0.16145671512697479,0.98627674029863321,-1.1986306255903303,-13.955457217692958,-2.3647409388115914,,0.1866188697185575,0.28,1,5
-0.17369915256022758,0.98468169264642991,0.015184484410789846,-0.9845135802888928,-0.17325716584083239,-0.026738824049479911,-0.023698409790649171,-0.019593842189959295,0.99952712155380274,-8.5019161466285773,3.7894144878880049,-3.0419053826755516,0.4882097718114906,0.4803138182837871,0.524547803617571,1,2
-0.077683057303090219,0.9968904476715732,0.013220361160546109,-0.99696724062418929,-0.077613473804254318,-0.0056982283410228589,-0.0046544312472002981,-0.013622922785026659,0.99989637075276894,-17.348716402734844,4.5283529797244384,-4.002440511155922,0.2016532465227111,0.1011447363255781,0.4242424242424243,1,4
0.87877600196924821,0.47613296657031512,0.032405809786136018,-0.47562959940111127,0.8682352336436423,0.14122345142825371,0.039105275046756004,-0.13951694235726761,0.98944721954169779,-1.7334879215861161,12.964633558711935,-2.5386468952244909,,0.2541295737360094,0.5352112676056338,0,4
0.56532835383399804,-0.8172675643837215,-0.11170309108364715,0.82411211969660758,0.56539707011704332,0.034137476067034669,0.03525714850219832,-0.11135475431863189,0.99315509975538618,-25.639954554530799,4.305726369381774,-4.8142731791216384,,0.2506197965055998,0.46,0,1
0.45563748964492085,-0.88304964129678476,-0.11232902134218728,0.88974566125122789,0.45565689747825777,0.027008333252956519,0.027333794370502776,-0.11225026853467829,0.99330395191965437,-7.1159724169965601,12.632173797034971,-3.0501112959344607,,0.08072249526943928,0.28125,0,2
-0.98727119961869592,-0.14480045193286015,-0.065790634010486432,0.14895452245159591,-0.98681299929429611,-0.063345518113074248,-0.055750593222667059,-0.072339018128782337,0.99582073578103703,1.8061383607671384,11.710991652463196,-2.1988264561486552,,0.1002427572115435,0.2142857142857143,0,5
0.75120847513755551,0.65982148982831956,-0.017928425537280589,-0.65827634624251286,0.75089465789359977,0.053192713076712542,0.048560054150673965,-0.028156958422224706,0.99842331044166499,-10.457371417440406,13.422666725585861,-3.3955937384887767,,0.1131496203461576,0.3043478260869565,0,5
-0.62557436333697136,0.78016152999155497,0.002168653218136812,-0.77921486699528875,-0.62467333753537857,-0.051062828220993707,-0.038482554346856004,-0.033633443083462645,0.99869308824948522,-9.5323921348999363,7.4205855219358323,-3.2284523532530196,,0.07814175112553785,0.1686746987951807,0,2
0.91916538190121755,0.3917347639993764,-0.040974081914563115,-0.39047394580442785,0.91992681213458227,0.035563435770819746,0.051624590674494347,-0.016689367581111659,0.99852709860445588,2.8204167393351374,-1.9434116123038387,-2.0380400340928748,,0.2557800177327086,0.7714285714285715,1,5
-0.72148840033409189,0.69139815251635239,-0.037723770759654898,-0.69091337776930706,-0.72244230815580956,-0.026754734271000953,-0.045751421865981745,0.0067606274471999931,0.99892997818353613,8.5739974603620741,-4.5065872088235146,-1.5553098794454705,,0.08810130949689157,0.2962962962962963,0,5
