axis_00,axis_01,axis_02,axis_10,axis_11,axis_12,axis_20,axis_21,axis_22,location_x,location_y,location_z,dbh,dbh_approximation,score,reconstructed,number_clusters
-0.89466765800438142,-0.40530966265495633,-0.18786659915877318,0.4241143074465264,-0.90272916978004059,-0.072160240073009002,-0.14034541652690691,-0.14423634558170995,0.97954021901763921,15.71696994135154,9.5684719859172933,-0.85922008537061001,,0.2290005104401779,0.375,0,5
-0.70490212589267764,0.70925885113650089,-0.0080545016305310219,-0.70641740264276165,-0.70301112708858016,-0.082157217778478064,-0.06393313816355102,-0.052222957348055203,0.99658683343218246,-10.525248127992446,13.70704394492274,-3.3428566565947229,,0.09437578604301611,0.1428571428571428,0,2
-0.98896672420295595,-0.03708919734222365,-0.14341969829763102,0.038104757122833816,-0.99926432583154834,-0.0043398853706702583,-0.14315322526539098,-0.0097569749887094007,0.98965244178710776,-9.6232413264063847,14.772215434246217,-3.2937847695300402,,0.08053670440168964,0.1666666666666667,0,4
-0.98985683550553116,-0.021700050689635052,-0.1404013995765174,0.026239386303750174,-0.99918843300019422,-0.030560922188654242,-0.13962428087327866,-0.033934984288867424,0.98962289637615775,4.6470857533267473,-35.030544652116781,-1.2289098537103131,,0.6409757392520645,0.7241379310344828,0,5
0.92865630823959111,-0.32432959485930346,-0.1800215961078396,0.34949833729018237,0.92763927373583632,0.13166734619581391,0.12429148562235445,-0.18519096014992331,0.97481071746290182,-12.204688557543516,-24.727498499497244,-2.4483291224945041,,0.5072164664831249,0.8157894736842105,0,3
-0.59547462252294503,-0.77595739398993879,-0.20808675268622923,0.79507966386397833,-0.6063385238425113,-0.014209947727859332,-0.11514470044730692,-0.17390720863963169,0.97800714759252749,-1.8217019284096674,4.8643786808249949,-2.1871665291207196,,0.07461835883585273,0.3916666666666667,0,2
-0.97756839458050493,0.17327693709622216,-0.11972943242096723,-0.16986405310139099,-0.98472590874153876,-0.038224182360375836,-0.12452404338625894,-0.017029025917630444,0.99207044855445337,-22.093569619670642,12.570289702666877,-4.5742424162752657,,0.08575263519036487,0.3636363636363636,0,1
-0.4823166238579939,0.86803815497697634,-0.11781526155126602,-0.8755475792691737,-0.48199678546572144,0.033098870624260264,-0.028055494758008896,0.11911700258518128,0.99248376757960366,6.0076265937798992,6.4839776463410441,-1.5081471128562602,,0.07449317128321802,0.2631578947368421,0,5
-0.98914943827531632,0.07894418539727828,-0.12389997720576006,-0.066951257237505862,-0.99291738895479997,-0.098145748076527595,-0.13077047799081043,-0.088785552333383935,0.98742909000237167,-5.9382202494887171,4.407663667466954,-2.6147814129966567,,0.1166701834653387,0.3616071428571428,0,5
-0.37213613707928223,-0.89104383159882983,-0.25991457375335159,0.92274580820727548,-0.38540908228328297,0.00011282490976198087,-0.10027396928222401,-0.23979309719680064,0.9656316076129412,-13.468549074679849,-27.029033677356214,-2.5658527928937609,,0.23481245734767,0.625,0,3
0.86556025053764896,0.49570082560311063,-0.071317208201094121,-0.46899743415629785,0.85226685487919251,0.23169509021371154,0.17563274023943498,-0.16709847267621961,0.9701707277511844,-1.940351320371579,35.47440827154081,-3.0423708332355766,,0.4764505385299531,0.7777777777777778,0,4
0.040987363251662412,-0.98023852285083579,-0.19352641776483256,0.99869724914498514,0.034300488486675461,0.037779373205704389,-0.030394746320979937,-0.19482277795162375,0.98036740285838531,6.2103031768229719,12.651890828920489,-1.6343136989876952,0.2571116141072818,0.1992117053575943,0.25,1,5
-0.060251791540405775,0.99557574118918635,-0.072101769546743424,-0.9974853690983817,-0.057351864714260167,0.041637747879303771,0.037318360773682786,0.074429209114415709,0.99652778826270849,-6.1976090019076757,12.839832512046154,-2.8816862894044122,,0.104773719757653,0.4166666666666667,0,4
-0.23425100217636935,0.97058410106602544,-0.055614483160625068,-0.97211594161927684,-0.23321624228238513,0.024510821800830883,0.010819613164751007,0.059805410236371488,0.99815141580695321,-1.6359763591540544,-30.035212016965108,-1.5152732465428556,,0.07846918648774853,0.2142857142857143,0,2
-0.52558252640331782,-0.7897982100083234,-0.31619898071808222,0.84067575718102272,-0.53916592790881468,-0.05063964326830557,-0.13048861723391844,-0.29243612918016015,0.94734039875986742,-2.045022095729772,10.644451175754163,-2.3743409588762838,0.6964909624427301,0.4418654906425071,0.5802469135802469,1,4
-0.97032720195698285,0.23133731147180353,-0.070343226136790976,-0.20959421929056335,-0.94977985627961159,-0.23235422923945495,-0.12056278191180408,-0.21071609555627127,0.97008419360961062,-17.933929974727569,7.275524801488694,-3.9842381707711265,,0.123694200163365,0.2222222222222222,0,5
-0.9904369854836047,0.042554071107339296,-0.13123920457828986,-0.023506445883870773,-0.9893845240719743,-0.14340749816094733,-0.13594861083534238,-0.13895112291401238,0.9809233204755996,14.465468678456634,3.1978566012481924,-0.85102619694561277,,0.1279560461990942,0.32,0,5
-0.9078031901601874,-0.35816958534561222,-0.21819238315839279,0.39524354944590051,-0.90463032537573551,-0.15945692531839673,-0.14027082574930766,-0.23099463747875837,0.96279051350730693,-12.548731623198437,5.8108931242488975,-3.3476594828701152,,0.1334477676769564,0.2992700729927008,0,3
-0.9643257051359474,-0.21516952424467628,-0.15420120054778114,0.2246688701456408,-0.97330713763963828,-0.046873389115951881,-0.13999940428994173,-0.079845423513523278,0.98692698572002124,-7.2497067444052714,5.0816485829183744,-2.7447896368290237,,0.09955804840242148,0.2973760932944606,0,5
0.86629056674178273,-0.41639320348063619,-0.275966219072797,0.49007071563550442,0.81546710347544282,0.30796768795748142,0.096805721167222608,-0.40203246541107285,0.91049357444453638,-6.7746996415877714,20.540331994117789,-3.0802547415150721,,0.3518081413448877,0.3428571428571429,0,2
-0.39217283547912768,0.91728795482854864,-0.069161224965443358,-0.91980130848147668,-0.39207759279503812,0.015514965156670312,-0.01288487594140883,0.069699133097247845,0.9974848423998568,6.4594819333611406,4.6608266117784076,-1.4485957267521063,0.7691106473164641,0.4708139264252653,0.593939393939394,1,3
-0.9602181059582976,-0.22759213577898085,-0.16181164581519938,0.24107411283211982,-0.96805174561598306,-0.068986157539436252,-0.1409413392588133,-0.10525035649066246,0.98440738586548715,-15.889588860828832,7.1788429707921093,-3.7265003691365393,,0.07324252043071924,0.1746031746031746,0,4
0.96332509659492427,0.22272074403065126,-0.14966705866293262,-0.19864138007001714,0.96687848109266872,0.16027353157590787,0.18040609855062989,-0.12466544420314597,0.97565986215861777,-6.6918405289236818,-30.545224390281181,-1.9349128512583427,,0.2706814247723586,0.2777777777777778,0,4
0.55499957031871905,0.82248393791288354,0.12448151999937419,-0.82510241337808987,0.52527627237735697,0.20806452151917107,0.10574253819390904,-0.21818572261416619,0.97016158760468596,-9.7801808166591435,-21.380248501140464,-2.229718716567513,,0.639130195247871,0.3157894736842105,0,2
0.3595476279608214,-0.88346527339517722,-0.30035747690465747,0.933074668284397,0.33699304451245227,0.12572728962397631,-0.0098573137167017825,-0.32546090188379556,0.94550411670773638,-17.513230143668828,14.885724482451398,-4.1349479540892968,,0.5010512958654498,0.3666666666666666,0,2
-0.20171326841212628,0.97926836001463202,-0.018580538763731887,-0.97936295408547103,-0.20141518753911955,0.016736976834560477,0.012647589156707993,0.021573161632785436,0.99968726969272148,-15.218306694927755,11.594056318697897,-3.8062383353070244,,0.3858334311898649,0.8135593220338984,1,5
-0.88269386322655374,-0.44376900364767158,-0.15466290836440305,0.44734227165298152,-0.89427089423027339,0.012824185156889163,-0.14400151323695545,-0.057867427229321811,0.98788406458011391,-6.9656156578408561,10.920964340498847,-2.8965401163578406,0.5177387936200578,0.2403300532958976,0.25,1,4
-0.87060939145697092,0.48909401401143976,-0.053163267065711499,-0.48257402554298695,-0.86999660006720603,-0.10113469109429556,-0.095716233618749869,-0.062393600069876071,0.99345127776462239,-11.259518393686486,6.3113134901734398,-3.2124090765198625,0.2445238086963461,0.1321807039405958,0.3785310734463277,1,2
-0.97289424902575461,-0.11975428473339643,-0.19782742858513497,0.15926165852072377,-0.96723466165521688,-0.19771907702077635,-0.16766783930689416,-0.22386607733355188,0.96008930578433493,-1.7035970566086331,8.9473315464007506,-2.3195696968182795,0.7752128535518814,0.4734338713119189,0.2058823529411765,1,5
0.99094231399729016,-0.11620247712620559,-0.067307612046705087,0.12667997613258933,0.97521422015355164,0.18140950487046401,0.044559106552338988,-0.18829288122505844,0.98110156299091833,7.6745835492372096,1.445308161419526,-1.3406651896630737,,0.6517007222263127,0.4405940594059406,0,2
0.63550388478542907,0.76906807363532415,-0.068330890067960476,-0.76181786885287717,0.6389757627238547,0.10650591226747956,0.1255720793770983,-0.01562922795020541,0.9919613803543923,-10.161098926064193,-27.016608255280012,-2.1871543321402909,,0.1250083926310717,0.4375,0,3
0.089793481139394477,-0.94998123129691903,-0.29912002762847312,0.99545592100274927,0.076046731337090404,0.057309719886880495,-0.031696057884814714,-0.30290684184503602,0.95249294227202974,-7.5734225614709869,-26.202508046741247,-1.9842613245435086,,0.5121987832010585,0.620253164556962,0,3
0.82825062523349413,0.5572971272550683,-0.058487723101313033,-0.54419922176003055,0.82485805202850826,0.15315482701995811,0.13359681446840133,-0.095021607842557129,0.98646986026280181,15.786183727012089,0.57822310301694291,-0.7150994100942587,,0.33771797392672,0.4,0,4
-0.57470067433936944,-0.8033171855087623,-0.15620702410633117,0.81060072388256466,-0.58501156915008434,0.026228427356959415,-0.1124526627294235,-0.11154803192722747,0.98737603536759255,-23.579186099969366,8.5288679571844472,-4.6509465510847967,,0.5914903280770252,0.7887323943661971,0,1
-0.96400901048535415,-0.1936051455065379,-0.18221875681839539,0.21139673836634998,-0.97380884360773601,-0.083712335527290488,-0.16123909796050764,-0.11921989659766105,0.97968799601920453,0.42289127169280283,4.0746987262836978,-1.9376793594692807,0.1750895740757739,0.2278358977936247,0.4725274725274725,1,7
0.91918505860637101,-0.32739594108358377,-0.21888518861905384,0.37652865305646055,0.89348426117440549,0.24476937811155253,0.11543397014004031,-0.30740490040925372,0.9445513356838191,4.4972455043284292,19.599277569156879,-1.9106454788344167,,0.4334877167231516,0.5416666666666666,0,5
-0.23032899914408247,0.97267380856447283,-0.029226944519895749,-0.97308000419666507,-0.22997068658929778,0.015125764187817881,0.0079910941618651834,0.031924057422745407,0.99945835179449327,-9.3138824905214346,16.336215374410312,-3.2661998040755753,,0.08688189525243553,0.4117647058823529,0,4
-0.98243151898222913,-0.072995390934707263,-0.17175559208526678,0.085466658597208603,-0.99412841297215326,-0.066363761117776476,-0.16590286549212907,-0.079877227191223796,0.98290175897581089,12.067504921018742,14.161177947725651,-1.1912556305416926,0.4436444248961995,0.3046364185071507,0.3684210526315789,1,4
-0.79189230037201175,0.60596440506426019,-0.075589181809581074,-0.60498104987573875,-0.79533669307385657,-0.037914033570593711,-0.083093404688781902,0.015706191309809367,0.99641798541162763,-13.391884031648438,8.8923122067862419,-3.4891142344449304,,0.07338486259659342,0.1917808219178082,0,5
-0.86440556951011993,-0.47730888946124495,-0.15804820606751452,0.48369532060858922,-0.87523361019184132,-0.0022280960283301726,-0.13726561193991946,-0.078373156321730739,0.9874288835895626,1.8150416394410944,5.9107395261171769,-1.8466028088427171,,0.106933667923867,0.2156862745098039,1,3
-0.37937147492869244,-0.90406961358405269,-0.19681315455124093,0.92098436815383888,-0.38937139941529852,0.013330676413684163,-0.088685272885089581,-0.17620456041588195,0.98035038392502472,-11.526312412341278,13.702548045223116,-3.435711445166755,,0.09369064044794308,0.3333333333333333,0,5
-0.95803203416453686,0.26212413324751943,-0.11604120080297978,-0.26010349447438014,-0.96503369530063143,-0.032498293749448674,-0.12050225589911963,-0.0009516846358026557,0.99271259718993077,-9.2991395473116523,12.195220991573256,-3.1574694677289359,,0.0929491047519016,0.2142857142857143,0,4
0.13328588726438562,0.98900853192030225,-0.064007781128506525,-0.98938484235690805,0.13655357555829159,0.049706686840335371,0.057900828755232399,0.056703128582955876,0.99671071492101571,-12.035644504975108,17.828215700983918,-3.5898978612682821,,0.08244944694085556,0.1666666666666667,0,2
-0.52240725511991737,-0.81796854933535801,-0.24086949183382389,0.84504768916157491,-0.53438615046362603,-0.018051183765890315,-0.11395201990643565,-0.21297627682649958,0.97038963446049131,7.5175220827820581,8.6147816945404827,-1.4673429777145965,0.4628425015934103,0.2585024517458615,0.6470588235294118,1,7
-0.70093503301646409,0.71130924075325086,-0.052242162180012375,-0.70688764989715058,-0.70258350489405585,-0.081769609719430286,-0.094867960413894392,-0.020385844839457459,0.99528110974592954,11.931001978621097,-5.5540793173487142,-0.78273967913827946,,0.1666178265955948,0.1176470588235294,0,2
-0.9606883735854358,-0.22562038601916928,-0.16178161289322143,0.25245960077369894,-0.95238571390661486,-0.17095497045647032,-0.11550757046598981,-0.20507777392772031,0.97190591509975666,11.3104396974358,3.3253467008009716,-1.096489395257219,0.5570013452029922,0.3017696547051991,0.36,1,5
-0.98519492576227363,-0.070868647629545006,-0.15610442990327761,0.10283857197746864,-0.9728411935673833,-0.20737463734030737,-0.13716845980728562,-0.22035799709007245,0.96572623799529655,-16.826764564324943,8.1347052071725656,-3.8652111025799614,,0.1133803311789157,0.2407407407407407,0,5
-0.14145320675367576,0.9853818432380913,0.094940051168115797,-0.98961108218486804,-0.14324424306111039,0.012287914662184899,0.025707903765135928,-0.092215561845884059,0.99540714978216382,-21.843140376304941,20.809931266815852,-4.8542053993412679,,0.1242939852836829,0.3333333333333333,0,2
-0.62999518977125724,0.76880668820582021,-0.10973758260083917,-0.77488514696894573,-0.63168013483598096,0.02309147592753328,-0.051566169840241441,0.099581541580732874,0.99369233000180257,13.215600822752902,1.0237108079368413,-0.90247159725205517,,0.8540383683901256,0.4456521739130435,0,1
-0.39055341967732571,0.92020439324989722,-0.026304011517906411,-0.92054308266575635,-0.390121376390829,0.020143104009821368,0.0082740156255613814,0.032080934003120988,0.99945102648349593,-0.10185804951663706,5.900404133527422,-2.0529215012836972,,0.1257960598299243,0.1060606060606061,0,6
-0.053606606113084404,0.99855345378639471,0.0041631373143041417,-0.99821634428430994,-0.053697285705040697,0.026090831944915616,0.026276639524551417,-0.0027570707594044906,0.99965090745525886,-0.34860884603287495,-28.053970135934584,-1.4304557570958878,,0.2705666804874856,0.2857142857142857,0,3
-0.92016994835822707,-0.35644536853949094,-0.16196902600548224,0.36525633302891353,-0.93050632639029451,-0.027309114410952351,-0.14097899602667632,-0.084289238900262062,0.98641788653943452,5.2980585722642859,8.29344086916824,-1.6360033087913888,,0.07649471738306554,0.4285714285714285,0,5
0.94991342143617485,0.28639902039032256,-0.12506035700766255,-0.27786970150466572,0.95716450725915492,0.081391246636522557,0.14301370829794055,-0.042564153495668576,0.98880502227490152,-11.953052461880802,19.395750032625543,-3.636264375935212,,0.204030498431726,0.4901960784313725,1,3
-0.12157749078605964,-0.98106459724555539,-0.1507685967487386,0.99053470471409066,-0.12966964300363495,0.04501980053577153,-0.063717442597269816,-0.14386813307584154,0.98754344096557944,-15.153874926446822,15.342667789852273,-3.8762455504983238,,0.1502424678882918,0.6545454545454545,0,2
0.37727110665928626,-0.8529988083265273,-0.3606376922530431,0.92603794484062762,0.35207673567218911,0.13599888570779234,0.01096525400632048,-0.3852726374814836,0.92273764311023798,4.5974469283277299,6.1796323905026842,-1.6194909305561678,,0.200336606677552,0.1578947368421053,0,1
0.93416540709740969,-0.29137338076087338,-0.20600132321543169,0.31489516668645562,0.94467674746642927,0.09179802173117084,0.16785716004996337,-0.15062335735278992,0.97423640767512532,-3.3352514664951678,13.508671100710275,-2.595712946106508,,0.2797779580328529,0.3658536585365854,1,3
0.77546695371745422,0.63138802537316918,-0.00040633427261866338,-0.61706621816290053,0.75801297718399863,0.21129507524498939,0.13371718698172874,-0.16360161318281743,0.97742223530553674,2.7815409847930419,11.336887583966389,-1.9311432528431751,0.4251454521089713,0.2336053878187521,0.2884615384615384,1,4
0.94136425598743279,0.31860203612826776,-0.11102288108381347,-0.30554636011792863,0.94459065182636048,0.11995800223802452,0.14309003937351372,-0.079001538321571849,0.986551568634358,-6.6035576872130637,26.06879597498882,-3.3086903241758829,,0.1606038630173308,0.4705882352941176,0,3
-0.4076678653461302,-0.84629470285192132,-0.34291717292796298,0.90801327680878419,-0.4154129892088258,-0.054258064244506965,-0.096533935499919551,-0.33349261509269562,0.93779735283030674,-5.0739874814497554,-27.424642212689079,-1.770498680272943,,0.2654723437178074,0.2222222222222222,0,4
0.16817477121107535,0.9807002801823258,-0.099720643692310582,-0.98404270517280168,0.17298484600142527,0.041667702721128276,0.058113687925441755,0.091121915608537621,0.9941426435736137,-4.2184405052537262,12.163738999464085,-2.6514200745483736,,0.07020591336235002,0.25,0,4
-0.44364339872002573,-0.83329569860243091,-0.32984665143492387,0.89156268204723665,-0.44777295349857615,-0.067936485748829475,-0.091085227961966275,-0.32421853865232581,0.94158686292942051,3.4846687320140095,12.714768278291611,-1.8899188484409293,,0.7578489633152037,0.15,0,2
-0.43135806789671888,0.89753825241235641,-0.091407344983786304,-0.90191536308007747,-0.43146968052406909,0.019559975168477281,-0.021883672007763456,0.090879041836019678,0.99562146654962436,-21.938023434646063,-27.022923725172895,-3.4571486564662322,,0.3802840197817627,0.7631578947368421,0,2
0.54245244386285629,0.83799190434655502,-0.059286713493407674,-0.8314541258701903,0.54563079066244458,0.10474290837337713,0.12012236561378886,-0.0075238640810639046,0.99273058215642629,-10.792458197298766,-25.447741244452626,-2.2586324100489015,,0.1561118902608758,0.1875,0,4
-0.99061971242689051,-0.0093731844890153713,-0.13632581840502372,0.021382725131146356,-0.99598762441972377,-0.086898970469856465,-0.13496430793817482,-0.088998850640275212,0.98684539831094054,10.3902775392864,4.508515106402073,-1.1956829565105402,,0.07761579490795718,0.1111111111111111,0,5
-0.94417935634496541,0.32516961840855063,-0.052821040467256823,-0.3129966043936519,-0.93548033569836953,-0.1640416628777861,-0.1027544095893204,-0.13835194536291476,0.98503820764691463,-18.709404356742166,10.525855326605516,-4.1432315127099013,,0.3975680778989309,0.6923076923076923,1,4
0.9219366549761232,0.38611392745820738,-0.030803234152174119,-0.3638217582777693,0.89050390798751355,0.27319684855912474,0.13291550855753434,-0.24066330190073223,0.96146484215655426,-3.3034064887631764,11.136160557229612,-2.5198579615661947,,0.2753042744580501,0.1111111111111111,0,3
-0.32689561451509636,0.93965876582935171,-0.10089926169629336,-0.94505643658785099,-0.32533700792680326,0.032002545791051065,-0.0027547912208792185,0.10581698858545727,0.99438180597395975,0.011702831505263942,8.5163863248654597,-2.1264253560816009,,0.2901514509107944,0.8376383763837638,1,3
-0.90017462517832159,0.42849813040440043,-0.077942263406978629,-0.42471909919781775,-0.90328499170988075,-0.060744633740572387,-0.096433038745357302,-0.021577210005363147,0.99510556879495038,-16.585914672131608,10.986986208019847,-3.9188789194230522,,0.1533335989472389,0.2,0,2
0.50713514176243557,0.86052704025198656,-0.048032915638659371,-0.85541324539533203,0.50936286722883861,0.09390233804672958,0.10527168466316221,-0.0065331832648864545,0.99442203813300867,-18.239383516421068,13.709335900322539,-4.1687613293886647,,0.1311282966855203,0.3333333333333333,0,1
-0.99100163362979521,-0.024033600251219582,-0.13167440222777732,0.021247150916327406,-0.99952045121064825,0.022526122382731592,-0.13215264174815694,0.019525718184680907,0.99103704552774208,-9.2862215571700872,7.5571799389746337,-3.0511572796770849,,0.1188794747131262,0.568075117370892,1,5
0.84915245870163647,-0.49577571206321691,-0.18206192685231307,0.52020132558827048,0.8446845064409767,0.12608991012278004,0.091272573849830965,-0.20177841288595491,0.97516910808128687,-5.4179910804170364,15.148407798792324,-2.8611113250014681,,0.1433270380349153,0.6153846153846154,0,5
-0.15335477549648449,0.98817115810841083,-0.00027407135339444942,-0.98790970847915682,-0.1533078091085342,0.023046118088955975,0.022731491923138506,0.0038049900164317677,0.99973436538208693,-19.25686523008256,12.860012233434091,-4.2438145563771537,,0.1527646442062212,0.2909090909090909,0,5
-0.60358377497306404,0.79377839203772904,-0.07484978906624587,-0.79605049663811367,-0.60522958683122197,0.00086834688887530288,-0.044612031913785759,0.060108331852616673,0.99719444194721474,-7.3076244806055302,22.029827646740188,-3.233451344350434,,0.1235211400815167,0.15,0,3
0.24003088181473595,0.96985184911863886,-0.042101859061069502,-0.96999585919097242,0.24134134031242649,0.029366487848732786,0.038642061637656919,0.033789764979346305,0.99868165240732854,-20.204068822132509,18.450457716824857,-4.5715620069226697,,0.3611028693304617,0.2666666666666667,0,2
-0.78250464983234813,-0.57417287694984098,-0.24085676317242088,0.61369812652690336,-0.77655933563950663,-0.14258403742528653,-0.10517168101785672,-0.25938601659740512,0.96003010989531301,13.951490874947812,8.4449870783219261,-0.97769577181775147,,0.2927489357104147,0.2857142857142857,0,2
-0.15315453689476047,0.98809041469260783,-0.014866748842352237,-0.98790873865188866,-0.15272507757698275,0.026671609894017432,0.02408343671043342,0.018771869158258611,0.9995336937815148,-5.1213249479158707,10.718667142897525,-2.6862643303843581,,0.2023516331809649,0.2391304347826087,0,6
-0.95588716963301235,-0.21528473300022946,-0.19983043478912155,0.25819603336822228,-0.94020067430452492,-0.22216547974479137,-0.1400518735465732,-0.26396055723220718,0.95431142555339732,-24.4287923567896,20.193754060918472,-5.1212117414123419,,0.1020885177390067,0.4,0,1
0.94758669463703671,-0.2383803279798718,-0.21273052291353203,0.29810297458894058,0.89921323307208012,0.32023456716801063,0.11495248013018869,-0.36686561667764178,0.92314438015494216,4.8998904308826825,10.919460437308835,-1.7124346499624983,,0.5495947426227199,0.2631578947368421,0,1
-0.59366277240275367,0.80440998368983796,-0.022115397423356987,-0.80430419448666191,-0.59401326786629927,-0.015588467851715483,-0.025676358663958235,0.0085332138679849682,0.99963388741420955,-16.654650019759149,-27.834381122522277,-2.9100382330228141,0.7505316583759102,0.5501334529780507,0.4814814814814815,1,4
-0.25761289591318143,-0.9380580817310552,-0.23169512545212881,0.96356785355582497,-0.26725147865974436,0.010660147653791596,-0.071920702534421913,-0.22050778320329992,0.97273003967890359,-2.3087344526697287,11.950526231290228,-2.4391539835210132,,0.2325229695650741,0.8421052631578947,1,5
0.69621743894530808,0.7113729995635899,-0.096071500458452849,-0.7072780790146671,0.70267526918476897,0.077493128865961172,0.12263358697257454,0.013997198577393044,0.99235330491626128,-10.507998795062845,8.4716291273424247,-3.1929460916281771,,0.2356771915144515,0.5167173252279635,1,4
-0.26757530395432583,0.95917412972820848,0.091588457645511129,-0.95967547916962326,-0.27379773477612995,0.063700668065677576,0.086176745089982257,-0.070850471357595313,0.99375740465875373,-0.45496437032132042,9.7502825561834747,-2.2086922063862504,,0.4686440063336673,0.2758620689655172,1,2
-0.60824499414286637,0.78937078215463763,-0.083257404359733389,-0.79219242291688152,-0.61026974142056722,0.001416961380761404,-0.049690966716547567,0.066817744552249689,0.99652706779079758,-4.884017904842648,27.340659614724981,-3.1538464444914487,,0.1662132130301948,0.2692307692307692,0,2
-0.98753917099694966,0.14362306185085263,-0.064333520432541952,-0.13810451563914194,-0.98690820040128024,-0.083302741496212723,-0.075455473669815143,-0.073379970600246078,0.99444549946589389,16.358610403010438,7.2388944737599825,-0.78617009949584093,0.1886132386874411,0.223444971138416,0.2916666666666667,1,4
0.57046297897449094,0.8210649466767016,0.020599586363221522,-0.81020129862906953,0.55844741387676733,0.17807397798140068,0.13470651550433466,-0.1182744235798113,0.98380146137701185,11.674870436641834,6.4335897638603345,-1.0974171241194057,,0.2835896995537938,0.4285714285714285,0,7
-0.87427916282481621,-0.43984893591139285,-0.20535057591337236,0.46548444741609663,-0.87965501197288531,-0.097628321324880321,-0.13769595006415233,-0.18094190639152183,0.97380688632158041,-9.9121017948731431,4.9712721735432917,-3.0248314501585907,,0.1500462318413344,0.5050251256281407,0,3
0.0016829502990414406,0.99759798830732471,-0.069248981245002908,-0.99923993935396371,0.0043745441726446089,0.038735086977695669,0.038944977573225355,0.069131158593367978,0.99684711547627014,-12.928887482721134,15.260210533609682,-3.6140858251810584,,0.3304381618577567,0.8904109589041096,1,5
0.36382892168693726,-0.90995667496234778,-0.19901599291410924,0.93115677715798517,0.36081264404084012,0.05254799951484744,0.023991083695299217,-0.20443357256509101,0.97858640002372721,-8.0425459055372688,12.907026835410527,-3.063238182898842,,0.09328928825915023,0.2878787878787879,0,4
-0.68804415954504439,0.72562524381612781,0.0079523614566943818,-0.72382361121094929,-0.68547241444925966,-0.07878419183213331,-0.051716673998754806,-0.059963110041815017,0.99685997565586859,-3.3300287680953655,-25.66659449884342,-1.557632294642189,,0.3641472499916927,0.2424242424242424,0,2
-0.91747048738928227,-0.36200692464267026,-0.16492086369052891,0.37380198917879359,-0.92636219240703344,-0.046099472500371545,-0.136088124594511,-0.10394265240790898,0.98522888069461201,4.5441292422544066,5.37105240355893,-1.6040878087860422,0.1345249121280688,0.2039331544031551,0.4166666666666667,1,5
0.54838777136061012,-0.77618221324979175,-0.31114630651318498,0.8353624629792763,0.52537568327866013,0.1617094519954754,0.037952703030736959,-0.34859943094350343,0.93650308546129457,-10.610283347060895,15.484803418007138,-3.4081777949648258,,0.3478180319700158,0.1555555555555556,0,1
-0.74895854684503793,-0.61576047576383897,-0.24474503385127355,0.6418840402135777,-0.76589209537050429,-0.037338681927375737,-0.16445660225988129,-0.18506305610810053,0.96886825277592092,-13.804731586210046,13.926053589651271,-3.7002857520542904,,0.3134920233788689,0.1818181818181818,0,3
0.89608554979062816,-0.39741772295133876,-0.19771150937818938,0.43548497380287876,0.87333540003042598,0.21826157849150413,0.08592744060156185,-0.28168143804281809,0.95565267875614512,-9.601907710621008,-29.032629702085909,-2.1978705982001925,,0.4757686001551469,0.3333333333333333,0,4
-0.85741737757258407,0.51417253571966426,-0.02149521221491605,-0.50554422001674293,-0.84936885651644112,-0.15164955386553847,-0.096231399471361195,-0.11916018249215815,0.98820057107057935,13.270998118997712,9.9338687497690028,-1.0148358845503946,,0.4408327944584402,0.125,0,4
-0.084293767663471547,0.99394411355996848,-0.070495814433103959,-0.99594095242250735,-0.081799423207109423,0.037556273120933438,0.031562319636658905,0.073375428329067766,0.99680482868848497,-12.453126478907899,16.715715011559041,-3.5917055712852184,,0.07739338837942418,0.4444444444444444,0,1
-0.9730629160265104,-0.16492372611429928,-0.16108608263459862,0.17687388095586273,-0.9822277555047455,-0.062803396020614716,-0.14786545130488202,-0.089603576271745311,0.98494010347315919,10.372709331095988,8.2072770953108254,-1.2050988756400496,,0.1072693729810428,0.2692307692307692,0,3
-0.82419240604941812,0.56606518973897935,-0.016645683411722765,-0.55964833765891098,-0.81864057851198646,-0.12892378123983494,-0.086606096587293985,-0.096942272406481331,0.99151479053747771,1.7101230401707017,-28.761914446802308,-1.2677568224797073,,0.2177627875599513,0.2,0,2
-0.93356396900188954,0.34491257666618191,-0.097435261784088165,-0.34352697474620575,-0.93862471944257309,-0.031190602319770687,-0.10221317626978578,0.0043532182170877929,0.99475299250014582,-10.518471686912962,10.673364825133872,-3.2514370027984647,,0.109974263545901,0.1363636363636364,0,4
0.38570019096149472,0.90831071985249967,0.16188575877235362,-0.91806636397518726,0.3604215112872684,0.16507721084020385,0.091594290376890528,-0.21229218167995648,0.97290416566479876,17.440043529126097,-2.7949406355373685,-0.54336847482080608,,0.6300333984423059,0.3174603174603174,0,1
-0.9871210073979384,0.090452094588861831,-0.13194898763600971,-0.094528703668415356,-0.99520936573610852,0.024952806132823684,-0.1290598347141711,0.037104405878830134,0.99094239092286818,-20.770958254608953,-23.778616307690971,-3.4044769531164936,,0.3414530621128944,0.9629629629629629,0,1
0.37916509229315198,0.92514022665464046,-0.018692078849799811,-0.92086000122711342,0.37923979652457956,0.090520908479741077,0.09083331396755108,-0.017109580865617036,0.99571912270292151,-6.5282422356549263,-38.012712766434014,-1.9926012298036446,,0.2188111340911066,0.4,0,1
-0.93482917536118859,-0.31361709081538364,-0.16654949186958348,0.32627203998450544,-0.94371510360748179,-0.054298795083041272,-0.14014624082675331,-0.10510054030125737,0.98453690007562134,9.8215716305305172,6.5575662173979623,-1.2320308927267498,,0.3558265500281561,0.3103448275862069,0,1
0.16643622305994779,0.9858170845515738,-0.021532753186143415,-0.98572763051754064,0.16690202915714158,0.02201706378026503,0.025298657826354182,0.017560992838238958,0.99952568223268812,-3.8826900063740544,-30.252604308152868,-1.7086562075948641,,0.3355120020081521,0.6666666666666666,0,3
-0.97455784348462249,-0.13879395599930616,-0.17599218016907664,0.17581456997354522,-0.96039542945745848,-0.21617089550224222,-0.13901887169596602,-0.24161303121993769,0.96036289831349353,-20.184742147447654,9.217196632306047,-4.2784624698074021,,0.6726410141110291,0.6219512195121951,0,1
0.20591845454151203,0.97638944031425956,-0.065278257651703669,-0.97702583097839768,0.20888076020433188,0.04230075197242171,0.054937379626327269,0.05506803845487284,0.99697010760630389,-15.349245911276618,21.105358897470328,-4.1279692487740318,,0.2298945160122692,0.3125,0,2
0.8717553347292516,0.48980667905078812,-0.011491454578504477,-0.47015143311929514,0.84291152475850495,0.26164439868868966,0.1378414535144078,-0.22268717652018311,0.96509593052012421,-2.4957217232549476,23.367138477664039,-2.7516405532919244,,0.2298962476703402,0.1818181818181818,0,1
0.73700504972040648,0.67497227218165556,0.035156627718737767,-0.67409803811780367,0.73027673122143344,0.11085003762861753,0.049146634598401399,-0.10539605126602727,0.99321512306507864,10.181305886112712,10.155463320513823,-1.2820140464335661,,0.6856220398663354,0.2702702702702703,0,2
-0.77269630815847135,-0.5749164193356362,-0.26909389836367692,0.62101480627160988,-0.77245010820477733,-0.13289635332041111,-0.1314573153145332,-0.26979981673959641,0.95390095562253008,17.746273281146451,0.79124316411578255,-0.59780247014833721,,0.5104483899257746,0.2857142857142857,0,2
-0.34626835979163489,0.9364386914651579,0.056398582732486921,-0.93811459548192611,-0.34523299378156996,-0.027480643158336041,-0.0062632859580391198,-0.062424010858297067,0.99803006674016082,11.961276906689086,-30.005322928656518,-0.66812625579759133,,0.5611380599620849,0.2758620689655172,0,1
-0.95981838655618379,-0.23615928375660319,-0.15158317031997631,0.24265260538263855,-0.96977533456845066,-0.025602999114747355,-0.14095523377904165,-0.061356280511618615,0.98811286243630958,8.8311726659043153,7.615096228186216,-1.3247541201729063,,0.1133960715350557,0.3103448275862069,1,4
-0.33311447880467682,0.94118924946560367,-0.056546800979926232,-0.94262282614619719,-0.33383984736067956,-0.0036282147614422225,-0.022292412136095122,0.05209369447997541,0.99839335702747034,3.8900853967705169,10.581028159165966,-1.8234578080400818,,0.3650057856128027,0.2307692307692308,0,3
-0.99100526115306176,0.033423393621980525,-0.12958182405624036,0.0030226873476831822,-0.96247054877203997,-0.27136931681316989,-0.13378877280306611,-0.26932010601742773,0.95371234906894775,3.362522044921159,4.087216711951565,-1.6842312768246075,0.2565101568737713,0.2923077978726275,0.1978021978021978,1,1
0.30052489383820213,0.94517835730863886,0.12776017008004348,-0.95055192475672567,0.28580918764621988,0.12150780468057566,0.078331516804045334,-0.15795879567897472,0.98433388255348908,21.641325042709994,4.1768011331117458,-0.33213106788109031,,0.3018458064561743,0.2222222222222222,0,2
-0.88322629090935156,-0.40842332714033752,-0.23043807171152411,0.44915035085002786,-0.87803021237449563,-0.16530852515491884,-0.13481573119560467,-0.24950617628670924,0.95894284846229438,-4.6656713326419252,9.1481486289864087,-2.5979348297429272,,0.1235237596878984,0.25,0,3
-0.96317505138881598,-0.21912966488307867,-0.1558076068437696,0.22967006381840085,-0.9718247331513582,-0.052993865880346158,-0.13980515787267905,-0.086826712499795247,0.98636486141218238,-4.809580540895011,5.8175801030858114,-2.5293329966715832,,0.08175277556020386,0.3836477987421384,0,1
0.98777301856511246,0.052009518197995985,-0.14696759442672852,-0.025263855115646976,0.98365181590166706,0.17829986735286485,0.15383823133234031,-0.17240683017260619,0.97293868434263209,10.222549211408706,-36.142409125208616,-0.73730791927532768,,0.3281492623634871,0.16,0,3
-0.93541854662561563,0.35316167935961834,-0.016400331116070466,-0.335432192377002,-0.90120316757797525,-0.27444142374026448,-0.11170222444508671,-0.25121639870701024,0.96146395360133019,-3.2094858843801553,10.08059325741768,-2.4812603165419871,,0.3989310200753284,0.1379310344827586,0,1
-0.46500540822969844,0.87876638315736111,0.107422596085102,-0.88418185679986461,-0.45486465561629308,-0.10639825739652163,-0.044636469652929174,-0.14445687558438516,0.98850381722749148,-2.6079487590120989,-29.134256458687229,-1.5986759334584129,,0.5927738819331358,0.8409090909090909,0,2
-0.51716061280348558,-0.83931863186150868,-0.16759813475946117,0.85039060115726839,-0.52605004404620193,0.010352614277106169,-0.096854148223526434,-0.13716991422726862,0.98580103905543759,7.0207342569223412,12.392987914303015,-1.5609911625423101,,0.1155307788332191,0.1818181818181818,0,3
-0.85094815116174638,0.51781257195878672,-0.088076014645496858,-0.51704401322531079,-0.85531795570414348,-0.033116205065661569,-0.092480984111719344,0.017359002607081005,0.99556312336597541,-25.268180487396293,9.5805504529186454,-4.8721424336810975,,0.4081367882828936,0.7222222222222222,0,1
0.57729382094243276,0.8146535880737128,-0.055419994048279936,-0.8082191720582752,0.57975854627246703,0.10325598259409099,0.1162480718942127,-0.014817539021732738,0.993109674868902,16.630762972479154,-35.26571477032202,-0.34679287293180844,,0.3268328544327258,0.2222222222222222,0,3
-0.92701745851065964,0.35493491778434605,-0.12107780867630887,-0.33913333722803951,-0.93123828382032681,-0.13335605845984272,-0.16008501240594053,-0.082561873069787559,0.98364441030191263,2.8489900927765999,14.610992729339015,-2.0082718524726375,,0.2004932105990151,0.1538461538461539,0,2
0.8575897829487219,-0.42838823845935747,-0.28464588760713561,0.50569650704671887,0.80328952259182484,0.31463786430585067,0.093865898721064531,-0.41377464886564497,0.90552732317329865,13.148821292808499,-1.5160911855045129,-0.8780221879947937,,0.4073131833397962,0.2432432432432433,0,1
0.71536004540298515,-0.67673317742972028,-0.17404657999200765,0.69586671096962704,0.71257685665855242,0.089463645794987376,0.063478547599587279,-0.18511193889236918,0.98066510291442244,10.476333331851841,13.905314360602473,-1.3113377327695239,,0.2699116543387967,0.25,0,2
0.85009839078640825,0.51544118551630225,-0.1079495727453721,-0.50860509147253119,0.85673969347299295,0.085545067397371166,0.13657813481878361,-0.017818021813639427,0.99046904605246056,12.824313991883022,-34.380795617285337,-0.54735487401825311,,0.2289249319620875,0.5384615384615384,0,1
0.93599997355295406,0.35193097035435111,-0.0069743540428222938,-0.34413880655086299,0.91908054196866296,0.19198812255016501,0.073976559359148139,-0.17730073175267552,0.9813724671017362,-4.8399232687660687,13.936141734066593,-2.7633925917974009,,0.3942921680602166,0.4363636363636363,0,2
-0.95202525535367366,-0.23156227075641758,-0.20006705858512411,0.27276542822592137,-0.93849352178949963,-0.21172843626653187,-0.13873332092003582,-0.25614219551115092,0.95663171667325797,-5.6013641862830994,9.8680869041668888,-2.7056617168533483,,0.2885473072557912,0.3703703703703703,0,3
0.56395637654254094,-0.74189415830977923,-0.36269307027131342,0.82481050088797025,0.52758618536035462,0.20332352210662902,0.040507320103200024,-0.41381864975219951,0.90945768573107488,18.344504445492063,-1.8523020076547654,-0.50210613198997789,,0.7551180806398931,0.4605263157894737,0,1
-0.50608873257403164,-0.79450258236532256,-0.3356185950993239,0.85597911762815271,-0.51037772035899309,-0.082548971802722151,-0.10570688220801595,-0.32905961340764867,0.93837403303686373,3.0753261482586991,19.204660556299451,-2.0452386781066467,,0.3226790468825848,0.2307692307692308,0,2
-0.94756998916872737,-0.27701600385237152,-0.15928982778709255,0.28716033614896469,-0.95686292306111453,-0.044184701127813128,-0.14017866089242073,-0.087609817261557477,0.98624259842586626,7.1988050614840917,20.48142275146429,-1.7047692997905386,,0.5061766416440981,0.1428571428571428,0,1
0.8797170518636851,-0.44694595085495459,-0.16228747848995054,0.47097421328543854,0.86599238076162288,0.16804906094048291,0.065430872532986559,-0.22426884196690444,0.97232828172505326,-12.688638415309374,-31.430665957286973,-2.5179999963758459,,0.2033459172248202,0.3157894736842105,0,2
0.88976748329534683,-0.3738594961792806,-0.26180699529775675,0.44514035996872975,0.83753164159873772,0.31684508714485965,0.10081609790690567,-0.39845931591255146,0.91162837163250177,-7.3234119977135679,-24.404890082460739,-1.9175600842228533,,0.482296796348487,0.4375,0,1
0.98507695502360626,0.13824329545305361,-0.10252894198079332,-0.10374762037012031,0.95224711454387612,0.28716173859064292,0.1373310742292457,-0.27223927730058173,0.95237910096027367,-6.2382940720204116,-27.058782865844282,-1.8563600073870921,,0.1546569364472558,0.1052631578947368,0,1
-0.75429937362575783,-0.62688417118824191,-0.19506073633979026,0.64363641847259123,-0.76468712460173449,-0.031396851499910033,-0.12947824436392982,-0.14923081914257205,0.98028850184752847,14.374390601680137,20.315716605977528,-1.0220471900775463,,0.1487611034668921,0.5882352941176471,0,1
0.98642032692281922,-0.070692726854451896,-0.14824802529329259,0.10211318169705949,0.97093901387216364,0.2164493692868015,0.12863839534595484,-0.22864813515712895,0.96497263874784833,-18.806695479758289,8.1330530058468256,-4.0876097888502763,,0.572971702785053,0.2068965517241379,0,1
-0.81292544068405592,0.58064858973131073,0.044715133139411202,-0.57616006331896497,-0.79070492751557753,-0.20694274338297852,-0.084804535992607483,-0.19399209480189411,0.97733067987731381,8.6794168733178232,-27.970642372917808,-0.81080310289732838,,0.1906279307527491,0.3529411764705883,0,1
-0.67868875578824139,0.73432928398935859,0.011919540355467903,-0.7314839446630681,-0.67442967779331564,-0.10037852565047313,-0.065671999107436693,-0.076844729079365889,0.99487792022235177,14.141098105235296,-33.448179080349242,-0.45665540566101726,,0.2567621811616712,0.2380952380952381,0,2
0.94277663224747166,-0.28412377855606286,-0.17448753579308243,0.32031702179700361,0.91708281731199981,0.23739442229796473,0.092570120639516973,-0.27970124177434735,0.95561393256621907,12.575814752724227,19.390928345433434,-1.2002622202998279,,0.4555697782442622,0.4230769230769231,0,2
