axis_00,axis_01,axis_02,axis_10,axis_11,axis_12,axis_20,axis_21,axis_22,location_x,location_y,location_z,dbh,dbh_approximation,score,reconstructed,number_clusters
-0.76058281000236105,0.64824732889677739,0.035905288010338272,-0.64269311919901606,-0.75959437873542957,0.099809490168901172,0.091974690340068929,0.052837300950462539,0.99435852486169141,9.0784577047292956,-7.6880399220129867,-1.8797711916035504,,0.08000355593624087,0.3571428571428572,0,5
-0.49121951292959115,-0.87066282546613782,-0.025487927898071201,0.85891412111349452,-0.48904083474362653,0.15200524499204285,-0.14480995362560256,0.052776001218158487,0.98805099616688463,1.1932550290318995,2.5096862652679337,-3.8889110953371073,,0.4169404071899105,0.9302769818529131,1,5
0.60272422138048709,0.79714209341626252,0.035888659284311827,-0.78046884299005037,0.57956113717509561,0.23447232970669199,0.16610809156407513,-0.1693321327458257,0.97146010249350567,-7.6946853077503388,11.515418824820019,-5.8797844927740037,,0.2012013533079071,0.2903225806451613,1,5
0.40071759227105164,-0.91390463531926702,-0.064836168813778391,0.90629011058600883,0.38500787987607421,0.17437651185676073,-0.13440106658241874,-0.128636114584078,0.98254216363788727,12.18540190916778,-14.683775362009174,-0.59244555786451369,,0.07716688212003672,0.1363636363636364,0,5
-0.99309069249356352,0.11504150934878526,-0.023158748010372349,-0.11552833931121065,-0.9930840941836705,0.020908962083099059,-0.020593185733352275,0.023439987332591741,0.99951312532412495,-5.0946990200328512,27.15108604098458,-8.35035037986537,,0.2800288315654348,0.7857142857142857,0,2
-0.96647348116026721,-0.25404435755007254,-0.037289068249628139,0.25084551150691448,-0.96518468353576281,0.074128645102982865,-0.054822801559105447,0.062289574287679693,0.99655128787447289,7.1627767079729017,7.2209193412088064,-4.4262457125732428,,0.188176103974757,0.125,0,1
-0.53623970480341765,-0.82512059571399321,-0.17782851717575629,0.83167493808193704,-0.55247530381538745,0.055568300680350936,-0.14409641341390128,-0.11809759185809079,0.98249131417970825,-4.8565897443003641,12.925310810267751,-5.978894549028821,,0.4414424065392614,0.8387096774193549,0,5
-0.67628364947534048,0.73533242040282776,0.043893700650925647,-0.7288659597934305,-0.67659105290109012,0.10478053153422615,0.10674660700329239,0.038868736006110009,0.99352623682244634,8.3623824389774395,1.7247462717447566,-3.486340356099574,,0.287821169974383,0.65,0,1
-0.81250466054239223,0.58187687744954342,0.035432697984491987,-0.58138802195581751,-0.81327600447053194,0.023876944501936302,0.042710004954261478,-0.0012000175064263931,0.99908679074182061,-14.81543820451706,9.9021462101225861,-6.0571920947211888,0.2050412302258036,0.2625315256546168,0.2831858407079646,1,5
-0.95015781135782629,0.30556791181674209,0.061873942687196218,-0.30400984830640748,-0.95208217342072499,0.033429735074946162,0.069124132171173455,0.012953235982628845,0.99752396864895354,-18.768787066506111,11.598626092395365,-6.5955155283263576,,0.3211255779889226,0.7555555555555555,0,5
-0.86399171975372713,-0.49325257793951843,-0.10109501744901253,0.49902371152489172,-0.86559381270214419,-0.041505261686767922,-0.067034644273827937,-0.086309013247659078,0.9940106190073108,12.955861003662804,-6.4692798943478582,-1.9175715982223824,,0.2892613382380915,0.2307692307692308,0,2
0.93086182051271638,0.36373232558289104,0.034569732972832098,-0.36012649358220794,0.89740924552368484,0.25488341387543267,0.061686138896313178,-0.24971071537816075,0.96635365104778925,-14.728314201120531,-20.301585649023874,-0.82248898805365811,,0.2620132012980371,0.25,0,4
0.46022148679593855,0.87771741007372395,0.13344785927399092,-0.88004088680791293,0.43117961334477101,0.19902808490812912,0.11715041885404946,-0.20903657356866798,0.97086533065765257,10.718845682602929,10.800936141918518,-4.8551108029637255,,0.1936579853981431,0.2380952380952381,0,4
-0.89432465606595524,0.44352413229908155,0.058904614597305095,-0.44319685865857317,-0.89621811813078422,0.019225743400133541,0.061318464002964951,-0.0089122837960827692,0.99807846243161402,-8.4225924460311514,-6.7573434732073894,-2.7399704909955656,,0.106184216693688,0.2692307692307692,0,5
-0.52517491610496592,-0.83144512598851217,-0.18135685805639845,0.84387436476513222,-0.53632728048424028,0.015136204961061257,-0.1098515543193922,-0.14509324821757066,0.98330086206373668,8.2198440175466754,0.22669608844888969,-3.2084643169253426,,0.2703487688393276,0.1896551724137931,0,3
0.33370024098072171,-0.94005152077207299,-0.070336956598376507,0.93146428777733137,0.31733603972627367,0.17796662183205805,-0.14497734224656694,-0.12490386777421451,0.98151953319848129,1.3318570457881065,-11.346862549043495,-1.5959717335928447,,0.08414340114149541,0.2777777777777778,0,5
-0.28365958485587206,-0.9522847535138339,-0.11265428595704657,0.94631367435719926,-0.29698098994335848,0.127642944720187,-0.155008611515529,-0.07039914656699009,0.98540158844943448,1.255352026104124,9.8960348736473058,-5.1204851750823401,,0.07305074179182999,0.16,0,5
0.39303736058654559,-0.91211954577302945,-0.11644555552687917,0.90585815552581428,0.36232894490680456,0.21940541868899033,-0.15793237556160236,-0.1917176828086643,0.96865974152327894,-15.078739499023628,11.106414085965376,-6.263658673961447,,0.2615461766117802,0.1016949152542373,1,5
0.55701517514583054,-0.82829604427277781,-0.060495931262589356,0.82196292457006193,0.53940435824727306,0.18281107443499792,-0.11878992082449696,-0.15155395523019527,0.98128505204379535,-7.43933137695175,24.759852091613428,-8.1668693255451554,,0.1516849556446531,0.3636363636363636,0,3
0.60001393430107719,-0.79735081675623853,-0.064922674488205392,0.78433564689389879,0.570356937570351,0.24394785667617508,-0.15748292496671246,-0.19729328114137581,0.96761277872938345,1.1287081297336365,13.882489947166983,-5.8073834633693284,,0.4485049909832307,0.7009345794392523,1,5
0.65415172624108664,0.73681336153106736,0.17085546325797266,-0.74302520621206491,0.58377109435274699,0.32729933139515605,0.14141803982988335,-0.34105333844940755,0.92934576899192334,3.3298762583765713,-3.7009827192046512,-2.7535596798364637,,0.4177461359401616,0.2035398230088496,1,5
0.50341060095877321,0.85441427976215789,0.1286623697156227,-0.8525484720148182,0.46696106091188588,0.23475193387327992,0.14049508784126766,-0.22786751881424189,0.96350273697686806,-19.214589998095192,-12.867897869861668,-2.3156364717957474,,0.3179260892037829,0.6666666666666666,0,3
-0.7182063851611632,0.67576377842755142,0.16590028354121544,-0.68842935924102,-0.7247569787629381,-0.028148518067896831,0.10121563934854783,-0.13442707130537027,0.98574071481882475,5.5094638577161774,-12.978623397110741,-1.1699158408872681,,0.5274872293013663,0.25,0,3
-0.65667367894198692,-0.74835614095355096,-0.093502757616583748,0.7428803199160442,-0.66322509912620675,0.090891683725574282,-0.13003272536647384,-0.0097751821539357117,0.99146151521258019,17.400919487726828,0.82566419540435676,-2.9506141704270505,,0.2279487190215194,0.4210526315789473,0,9
-0.69332194558025928,-0.71822146342644899,-0.05884393979309796,0.70988226133183829,-0.6947515180803906,0.11570437835876636,-0.12398328445076667,0.038448115669855419,0.99153915080456501,-2.5907103302224184,12.719898913038856,-5.7933025795855961,,0.3278502562720662,0.5822784810126582,0,5
-0.40644100272027511,-0.91202067234695472,-0.054990949433020471,0.90122341515022608,-0.41007765218146397,0.14011664842659066,-0.15033983933974382,0.0073900198339276434,0.98860675716593893,8.9928056975807902,4.3516143458370617,-3.8664959142492634,,0.4418677241651973,0.9086021505376344,1,4
-0.98085147704542142,-0.18401176010986089,-0.063796960108503234,0.190163947366143,-0.97560052648740458,-0.10973279290907405,-0.042048223505182128,-0.11976345376937801,0.99191162007574463,-11.319546096378387,-10.05326937799131,-2.382807898698216,,0.5977324113703796,0.3673469387755102,0,2
-0.773421861214317,-0.60644047849286131,-0.18452254778517169,0.62363771823859826,-0.78010534846943425,-0.05011628158131181,-0.11355448465796551,-0.15383624844207619,0.98154968681128518,7.9130123698211952,2.9700978671771132,-3.6956972297646993,,0.3992981328496696,0.2285714285714286,0,4
-0.82597882882876106,-0.55020920956304809,-0.12259200642241898,0.55530139677043044,-0.83159958272907142,-0.0090825519345502752,-0.096950157666079048,-0.075577508008935049,0.99241559198335982,-15.200655413711628,22.034702623082655,-8.2580269895950416,,0.2402419021533567,0.1111111111111111,0,5
-0.99293661357195939,-0.10207719501595329,-0.060474190246127761,0.10147665993310928,-0.99475391895419052,0.012927807784015114,-0.06147657209921454,0.0066997748436326554,0.99808604042936866,3.120963383486095,-12.075958789693511,-1.3956781695382288,,0.3622979189837703,0.2922374429223744,0,5
0.37853668472450558,-0.91262505771697755,-0.15435505286469531,0.91470375293841821,0.3433502710254791,0.21313759815457917,-0.14151686358223553,-0.22186954593592312,0.96475223861260584,-6.6462665472619582,-18.350534143562079,-0.7342288976450555,,0.1023608837778111,0.4666666666666667,0,4
0.93145441352462188,-0.35556857191646951,-0.077224777052346427,0.36082063987285656,0.87526911252111095,0.32204416856737056,-0.046916323036278837,-0.32783375563201106,0.94356975751714633,-15.845423800622934,-12.215166312161475,-2.2794337981012029,,0.1066530104890899,0.2777777777777778,0,2
-0.96398365750641468,-0.26445957001362264,-0.028224880668749754,0.25994607197928737,-0.9593031427124018,0.11029741630994246,-0.056245424019155062,0.098987959926040356,0.99349777859167188,-19.15687877355824,-14.845857061474073,-1.9846059272410395,,0.617831579132776,0.75,0,1
-0.73806448641430256,-0.64721013729609567,-0.19073503106446038,0.65467198804689608,-0.75532905730724142,0.029708639384510491,-0.16329544378431557,-0.10294199030776033,0.98119190002300816,-22.284076611679094,13.439071816602443,-7.1500909832670105,,0.4757500192381265,0.3636363636363636,0,3
-0.75625357670089455,-0.65305914080810978,-0.039928515300191578,0.64363480593896039,-0.75352719165097393,0.13390671389632913,-0.11753622552652039,0.075568049131692683,0.99018922718812141,-6.2708917683346312,-20.309613685778849,-0.40733978382705871,,0.1041707345780298,0.2857142857142857,1,5
0.98951987933493546,0.14383672165167122,0.012704562388142637,-0.13949479191841341,0.92949069228624959,0.34145022474859654,0.037304308445715931,-0.33964400547886642,0.93981399123106213,-3.2832436113529391,31.508486091158161,-8.8872648627187711,,0.2771222864713646,0.2222222222222222,0,1
-0.98283468003670649,0.18103006315035267,0.03555429584346146,-0.18108672657260702,-0.98346575201096942,0.0016468396148203739,0.035264559778379723,-0.0048198399639827662,0.99936638925188981,10.900504318837751,2.2428467628272575,-3.462082336994897,,0.1838602247585371,0.1818181818181818,0,5
0.45615845501960472,-0.87629395775553898,-0.15501084966950079,0.88098599278745371,0.420094983621638,0.21767839867161884,-0.12563098513675583,-0.23585822931809913,0.96363258103724347,19.000122765864511,10.903087770234766,-4.5747505063641585,,0.3478966596358287,0.2666666666666667,0,5
-0.99054206079251406,0.1368014639739093,-0.010572854653081427,-0.13698008035599324,-0.98149276754470671,0.13382228828972617,0.0079299045760722522,0.13400487570244654,0.9909489441446454,10.515864028845057,3.6943311163910586,-3.7138704670538862,,0.129673492314144,0.2307692307692308,1,5
0.73861846131244069,0.67171282879333416,0.056961778789806516,-0.66623648958526638,0.71447829313116029,0.21365792423751695,0.10281881420023872,-0.19576170278897803,0.97524645457833703,3.4675289937803493,-8.6021887450182266,-1.961057732103505,,0.1794398943790649,0.4772727272727273,0,6
0.5432423060806002,0.8395733924016755,-0.0020774155511441581,-0.82809274241481567,0.53621836129993827,0.163500088577092,0.13838427238721718,-0.087099872422119778,0.98654113212775352,-1.7841495432056604,-2.8156620640494006,-3.1585726465791004,,0.212480789752218,0.7540777917189461,1,5
0.3239882334233396,-0.94092435678466901,-0.098452929933962041,0.93503452404672183,0.30263120926226705,0.18472896367700298,-0.14402105208595425,-0.15190689908564387,0.97784570897777123,-13.614274539760146,-9.1713281824618633,-2.6247741294856266,0.02664364130471082,0.1713362497645289,0.6078431372549019,1,4
0.99636812325847179,0.08462155599546442,0.0094739229096108043,-0.082780380659493766,0.93655705602494133,0.34059989634138832,0.019949223851069838,-0.34014713444449535,0.94016060085335362,-11.442600788365306,10.093531096193251,-5.8936590797152935,,0.2773032622784009,0.2926829268292683,0,4
-0.94133474958502772,0.33746039926053145,0.003060744128128825,-0.33743381754772228,-0.94132361545449128,0.00694764441072612,0.0052257055854351532,0.0055072605358853239,0.99997118062598522,-10.045943655124011,9.0486587896561037,-5.6243129254300808,,0.1589882352712691,0.1346153846153846,0,3
0.24491218358968875,0.96669641037185183,0.074270266617998765,-0.95664110479997155,0.22848605914476988,0.18064306624829199,0.15765728316961047,-0.1152916777164366,0.98074054168924252,-16.093956003346989,13.690237281867732,-6.8203097194228244,,0.07784803018689843,0.1923076923076923,0,3
-0.50403431629010309,-0.85235202031048629,-0.13944691274675428,0.84820691648250113,-0.51893608000426683,0.10606776937907737,-0.16277111178958101,-0.064818040254529197,0.98453247118840459,-6.6140349796837912,-13.499700054519321,-1.5896240901875403,,0.4861095542689944,0.2156862745098039,1,6
0.16923221171415542,-0.97708261964481147,-0.12911240415377481,0.97357751737095388,0.14535198704708049,0.17612386985095302,-0.15332082763977414,-0.15550676592836016,0.97586390934512846,-4.9455049562362703,-6.616127377036598,-2.634412087825682,,0.4835439517008672,0.8591549295774648,1,5
0.66376066263997524,-0.73766985569278065,-0.12355147402573885,0.7454924121059977,0.63912881509753972,0.18909103946087946,-0.060521452594279913,-0.21761788004253471,0.9741558458797398,-14.994650532134903,14.419752839196718,-6.8711647413145478,,0.2306202958665246,0.4411764705882353,1,5
0.5789612065208809,-0.81367983372642738,-0.052240305615675164,0.80637908051939089,0.56193036281733322,0.18435575891379699,-0.12065114937118296,-0.14886032221822471,0.98147027699492706,-2.7125801162363898,15.73147787936554,-6.3104637492196423,0.7232845922965179,0.9182958112183327,0.8181818181818182,1,1
0.60141536658955841,-0.78565392410831925,-0.14507745642636746,0.79126372097950248,0.56063077398157701,0.24412058316841739,-0.11045940743828561,-0.26161239802045994,0.9588314098476155,-7.4829563955608309,-9.9967653268699141,-2.1908586537220125,0.1746151697639473,0.2472429773720231,0.2884615384615384,1,5
-0.92822252220458723,0.36932860352136404,0.044713889264011916,-0.37168484354735837,-0.92579205206467607,-0.068988791923416573,0.015916229117820865,-0.08065642537848941,0.99661487782183655,-10.894239484907985,-21.114140823535365,-0.49503976545277012,,0.5639909647010688,0.3333333333333333,0,2
0.91486546351451081,-0.39987440136993652,-0.055871699431953019,0.40311158452797574,0.89677929415798974,0.18244985061337576,-0.022852441614063773,-0.18943959643784467,0.98162640816847591,0.47379505103177177,-6.3607601499082209,-2.4479496418541506,,0.1098241495999059,0.1538461538461539,0,5
-0.47313731176716839,-0.86219674260839541,-0.18099132921001898,0.86871918479518451,-0.49076374859634569,0.066917270061270379,-0.14651983545761782,-0.12556958269873747,0.98120549209548247,-8.6903319633302871,2.606947948118076,-4.4410898678054611,,0.2572493190540624,0.3650107991360691,0,1
-0.21454157077319155,-0.94685323499671314,-0.23966824108844767,0.96480108658936337,-0.24365473341257085,0.098950665493633308,-0.1520880591175898,-0.21000314821903907,0.96579909919813922,-12.79389086878969,-13.440932231603524,-1.8852542576654678,,0.2042575656421914,0.1904761904761905,0,2
0.61971976593488509,0.76796498616150954,0.16179367027038913,-0.77575615253266494,0.56815633624157635,0.27459200533931349,0.11895294665256503,-0.29568252842956577,0.9478512746545058,-8.6401425884983052,18.679520924211225,-7.2017150909273351,,0.4033524625598422,0.375,0,5
0.46842606566352163,-0.88143713230146459,-0.060378827474244071,0.86779953906743434,0.44619716365462425,0.21870539806076356,-0.1658341973217301,-0.15484402780455905,0.9739211190090904,10.936277904344571,11.678818174026183,-4.9944969468950235,,0.2069503239279658,0.2777777777777778,0,4
0.78792577962331201,-0.61091853007872154,-0.077146065430773458,0.60953895506950384,0.7560289125830052,0.23850061968752959,-0.087379792044684768,-0.23494431881833713,0.96807331282151088,-12.284883905733986,-12.358330350822843,-2.0329015344120926,,0.07579027275220929,0.3529411764705883,0,3
0.99953124217851252,0.027071063865536284,-0.014298720581582448,-0.023428447286620607,0.97699597780706848,0.21196690120523715,0.019707962015899975,-0.21153254324098877,0.97717223629367511,-10.743406874718561,8.4064884295626392,-5.5359349485489444,,0.08609531929355521,0.3676470588235294,0,5
-0.17792540287894865,-0.98012440515694077,-0.087742244250506668,0.97148749303294302,-0.18915402411784918,0.14294336654979975,-0.15669908069586766,-0.059807236817762573,0.98583390717366426,-1.2254706850943842,-20.43647335997354,-0.18062540503489685,,0.2204800688138138,0.5454545454545454,1,5
0.99752649598302234,0.052122202141454611,0.047161062920144707,-0.067079136482959864,0.9063873487758104,0.41708795646464986,-0.021006648008022464,-0.41921981110520351,0.90764170833891522,-10.974607301013268,-11.766550151232099,-2.0693554117178929,,0.3007444561248233,0.3684210526315789,0,3
0.46438450002201331,-0.88304579259949445,-0.067654743452583904,0.87555014671365883,0.44626090789191364,0.18510305961051907,-0.1332628107500177,-0.14519411234556062,0.98038752185612288,-6.0935799581649936,-16.121442410449241,-1.0706476039819699,,0.1015678984878086,0.2380952380952381,0,5
-0.36841080411629729,-0.92751430870694163,-0.06317188104106676,0.91904877336086577,-0.37360160811485671,0.12558340096477999,-0.14008151767549759,-0.011791758048596964,0.99006975655650264,10.090082862374002,-16.723656422018475,-0.37228513554745757,,0.1726877278364023,0.4814814814814815,1,5
0.50505228269614244,-0.86084670710975608,-0.062170238874446886,0.85326163615304296,0.48716577053220511,0.18604862883449452,-0.12987213716901866,-0.14701176442738487,0.98057165424414516,-5.3472409119029818,-11.156169334470595,-1.8974806359397418,,0.08048147741206531,0.3461538461538461,0,5
-0.88274582452033312,0.46951082969235025,0.017871488284957181,-0.46516231057106894,-0.87866473170736126,0.10757469069356745,0.066210528740547905,0.08664796624983849,0.99403636544578478,-2.9165678210696244,-16.654010635477274,-0.902266873593493,,0.1328367000927195,0.5384615384615384,1,5
0.98996553523348096,-0.12900734009061232,-0.057665806615647464,0.13909674668924113,0.9615615893906484,0.2367517790197152,0.024906507389781844,-0.24239722773017858,0.96985733480670644,-8.7663699457471882,-5.3329832257814767,-3.0663808356873061,,0.3507521520593724,0.8744075829383886,1,5
0.60088689843766141,-0.79339913922825367,-0.09722520844838764,0.79091538699232811,0.57253715534461835,0.21599550080653857,-0.11570560014425595,-0.20668577992149678,0.97154166275744425,-18.214032122698679,12.360933902112865,-6.7181748222561781,,0.09510227047144591,0.4583333333333333,0,3
0.81582284059425536,-0.57800266794293131,-0.018601306824388351,0.57256753827759688,0.8027968392811774,0.16638404055343178,-0.081237349017890051,-0.1463904050510367,0.98588556254442683,-8.7509043446671804,-0.53674363357929833,-3.8599357006207056,,0.1811567498606584,0.7679222357229648,1,2
0.97147350047887127,0.23714375006485722,-0.0014421069673393292,-0.23142564550111389,0.94934170754690372,0.21258526034587191,0.051782318137773266,-0.20618720648261818,0.97714145721649392,8.2598327321219926,5.9708849742981025,-4.1833879212863261,,0.1991331013450621,0.4054054054054054,0,1
0.7455756110582451,-0.66513751573027935,-0.041341182412677105,0.65999823341598773,0.72837590101622285,0.18404042682677785,-0.092300271304593548,-0.16450116105049001,0.98204889284095276,-5.7365114625869982,-3.0042793834779826,-3.3404379032016602,0.2743397909796961,0.2041131527791678,0.7029569892473119,1,5
0.99588399742866152,0.090324933280046024,0.0075146585728216699,-0.085872060731052829,0.9137520051109036,0.39709351838276968,0.02900091121522275,-0.39610437965738265,0.9177473876644533,3.2676757388371018,-5.9384202628194256,-2.4038793405737526,,0.09825231126223041,0.2282608695652174,0,5
-0.33040547138298609,-0.94296786543339428,-0.040544164070483148,0.93103016329600174,-0.33267366925338165,0.15003687819503495,-0.15496793059600111,0.011825165769620356,0.98784872624370679,-9.7672756683795079,7.0068979282254871,-5.2509431991237241,0.4770416636988813,0.3242814316683992,0.9256080114449213,1,5
0.99183951469442577,-0.12466634264730209,-0.026696069030306732,0.12740577678637821,0.96146222117452784,0.24363531208673855,-0.0047058614710804867,-0.24504836311448477,0.96949943507086511,-0.62120784096606785,13.384709577215773,-5.8222226190317521,,0.07383241063038062,0.3529411764705883,0,2
-0.31913788928788345,0.94742940559083155,0.022989759517624865,-0.93659771349666587,-0.31900726535893847,0.14497961139770407,0.14469184736429366,0.024736330973195199,0.98916752031002964,10.786579921095996,-16.019717152234527,-0.43774825614490576,,0.08043462055242093,0.1818181818181818,1,4
-0.56281802813087778,-0.8186054994205979,-0.11454651251445049,0.81426000136398247,-0.57291704169432278,0.093523866017997448,-0.14218480013558865,-0.040633725580830213,0.98900575476375474,6.4363986121169692,10.769222222002961,-5.0645763854483263,1.044730372286294,0.7202383297663293,0.65625,1,2
-0.82219057108522442,0.56792408415423157,0.038274004965893997,-0.56368186004718668,-0.82170989311920528,0.08399769165737847,0.079154440635354928,0.047487747762990216,0.99573063041171073,7.0348716124908863,-7.9404009669675748,-1.9190984034027474,,0.07711123980723586,0.2285714285714286,0,5
-0.89496981561485001,0.42863938973578525,0.12368226512016338,-0.44148773633284322,-0.89082351681700078,-0.10734076836641303,0.064168588935887047,-0.15067095092526461,0.98649919246862705,-16.878374813040097,-8.5286012742308959,-2.9069488978359752,,0.4967236776077622,0.1111111111111111,0,2
0.86671478866247165,-0.49733135187097299,-0.038301456368623261,0.49401760905277825,0.84525157468656087,0.20370659644612846,-0.068935310687220405,-0.19547711358642419,0.97828248527936812,-9.6624231976628359,-7.603668434611091,-2.654682156654026,0.1956353829801218,0.1242141387123869,0.375,1,5
0.98652259952368837,-0.11886986195206271,-0.11244161395374191,0.15280175119723294,0.91505806796948808,0.37325642268420195,0.058521666586690259,-0.38540717191490642,0.92088898699923172,-17.476990525021399,-11.846790547369812,-2.4252676536923996,,0.2937608647772825,0.2631578947368421,0,2
0.71324416177659677,-0.69943249929499685,-0.045573507891682276,0.69363543151942386,0.69499533643609013,0.18934458131393167,-0.10076037828661551,-0.16666031699849684,0.9808525296421976,12.183648445883701,1.3335265334561395,-3.2405318058715435,,0.3177667900704953,0.808695652173913,1,5
0.10371799115052892,-0.97583059962996921,-0.19234661197305516,0.98726820345803046,0.077560164282522492,0.13887373890415933,-0.12059880908388486,-0.20430139926657961,0.97145090740874074,-0.54803942342379741,-12.015346901884751,-1.5577530058654869,,0.7494649898666014,0.8518518518518519,0,3
0.98209975059333909,-0.1869747470402581,-0.022814991863524203,0.18721981669450677,0.95564386442437954,0.22736214422131437,-0.0207079724110419,-0.22756372372869532,0.97354297877461682,-1.9669996146185704,-14.343767114707704,-1.259817744057709,,0.08973507294284405,0.2592592592592592,0,5
0.21369435455773886,-0.97462134451144544,-0.066693010524741275,0.96519212311331903,0.2001024188637878,0.16841373888393174,-0.15079419189794829,-0.10036063365465135,0.98345760198509935,-2.9213186563008979,-13.297215306519492,-1.452460629588558,,0.07214592044121414,0.3,0,5
-0.17893531517488284,-0.96447357508639842,-0.19435245288734107,0.96893686210033225,-0.20702486912488174,0.1352851094059748,-0.17071470424783661,-0.16410797215213638,0.97155805962880415,8.3562570699231493,10.305692183334084,-4.8964385269324042,,0.417251199921284,0.2,0,4
0.70159728916205866,-0.70409660835608878,-0.10958654087935694,0.70622838145788069,0.66659971657900796,0.23850847171571993,-0.094882648908179296,-0.2447300225927308,0.96493756221733273,9.0093482455937686,-5.7169413554757726,-2.1764455412349362,,0.1576549655847912,0.1470588235294118,0,6
0.73755564150309061,-0.65915941247282428,-0.14669882288363834,0.67003318301090342,0.68729679937043986,0.28049713588453279,-0.084066695850622875,-0.30517532423777316,0.94857831101344958,10.989866913906235,5.8637477344791753,-4.02990691863784,,0.2822838074909708,0.2786885245901639,1,5
-0.096977495640579128,0.96416013807629086,0.24696273703534252,-0.98122607813491636,-0.13417840351866492,0.1385335324647162,0.16670557557337934,-0.22889164286598299,0.95907135652091036,0.19692191746562271,16.044707757050205,-6.2066045842970876,,0.5873916875663329,0.6153846153846154,0,2
0.58086013983432982,-0.80389641320078897,-0.12787515315552334,0.80460232286480327,0.54321647987215371,0.23985611944636459,-0.12335558354693663,-0.24221150434736166,0.96234972186289047,-2.3299127023457666,-10.048536684949049,-1.9372785894466216,,0.1921704562791627,0.1607142857142857,1,5
0.87390287763502927,-0.4815393777611604,-0.066434841210095658,0.4822443833950294,0.84165476118736415,0.24301773115266714,-0.06110740663098075,-0.24441172360596089,0.96774417808571744,-2.0030831894668952,14.717645433206544,-6.1098595917029881,,0.177565416689969,0.5454545454545454,1,5
0.98621596419811419,-0.16243314976514128,-0.031520530105929936,0.1654138289916505,0.96321343500012602,0.21179741219754986,-0.004041922698996313,-0.21409192066174057,0.97680515578505334,-3.9773884983980246,8.0711931701386579,-5.1116776046914225,,0.6243955556209417,0.240174672489083,1,5
-0.33091671615693746,0.94144638392969537,0.064597470179629232,-0.9335536521536032,-0.33659642765043724,0.12320886105971642,0.13773781441048522,-0.019533332502758696,0.99027609453261001,11.636227709290756,11.958490349009875,-4.9969293355201083,,0.202525185842305,0.44,0,5
-0.81403010666746189,0.58015046082115418,0.027936145903896519,-0.57528309281177081,-0.81196016774593693,0.09884355881348178,0.08002717390914707,0.064390440307495592,0.99471077335732272,-1.1222307528080049,16.229557874458195,-6.3599124552965476,,0.3337867236602982,0.2142857142857143,0,1
0.4044130477027798,-0.90750015132217554,-0.11354982253608525,0.90281471226977061,0.37627583942444215,0.20818762685299511,-0.14620424808123583,-0.18670824303082825,0.97147534699926441,-8.8275279796058541,-16.207138420165119,-1.198039327943518,0.8133142078655257,0.346121280773015,0.723404255319149,1,5
-0.2557909826954895,-0.96047031611830447,-0.10985328865027456,0.9526633129339499,-0.26975149928409953,0.14023815751674737,-0.16432767679665938,-0.068781541779646405,0.98400483441344344,-10.869327298013838,13.968032675918776,-6.5061575458367154,,0.1391333140146261,0.375,0,2
0.99492060412308403,-0.09840100762064273,-0.021218699078855641,0.1006562365082973,0.97010311362959989,0.22083539340001751,-0.0011460991852953806,-0.2218494774061841,0.97508025096976525,-2.5863007034096417,16.953762223571896,-6.5238024125538683,,0.2902456051994115,0.2222222222222222,0,1
-0.55091471156738492,-0.8236433736263008,-0.13455323727102519,0.82370449294838965,-0.56255563066622327,0.071007539757169877,-0.13417857084968252,-0.071713007796463266,0.98835892045224294,1.2257141956012263,-17.713625639814797,-0.5422422702227796,,0.116549317150466,0.2777777777777778,1,5
0.15871551943072396,-0.96630653854113968,-0.20263528188466151,0.9742403141392042,0.11997651697131513,0.19094880382284804,-0.16020360232460515,-0.22772199926241754,0.96045692087367862,1.1314121589118022,-9.2266036509337912,-1.9835638167334302,,0.3508478633879882,0.2717391304347826,1,5
0.99734760731626659,0.072498356414979079,-0.0064605338514022769,-0.068002002984484569,0.95976916885361119,0.2724314044087926,0.025951450260372929,-0.2712694801026751,0.96215351758137246,-10.087562198373819,-18.455965402921667,-0.9101150901556615,,0.1367156261567544,0.1818181818181818,0,1
0.66474487725370934,-0.74301716841804766,-0.077715735864607671,0.73913938209974073,0.63900157283309444,0.21295530926944553,-0.10856897344160742,-0.19900371190723609,0.97396627285187742,4.8642839240325602,-19.593361293834089,-0.06132127122410256,,0.1887805614360179,0.2,0,1
-0.97009789408176128,0.24207523093535999,0.017597115267141451,-0.23997659031302224,-0.96749079837388163,0.079829763644937241,0.036349855568747265,0.073219789875844488,0.99665317456508928,-11.159965895606195,12.896743676921458,-6.3221107290732705,,0.1112585949476992,0.4,0,5
-0.99996144288407984,-0.0043156498816664616,-0.0076477389657285486,0.0036891978355826638,-0.99677885941517286,0.08011426366332923,-0.0079688496358623125,0.080082960666338854,0.99675634778334632,-14.921176670051093,-15.241667306821835,-1.6986460153854952,,0.3230038506962716,0.9230769230769231,1,3
-0.96550555203794064,0.26033085672646611,-0.0051840158154232039,-0.25881354826112685,-0.95731546853687766,0.12869592431970289,0.028540781706108267,0.1255983229827593,0.99167055267539428,-4.8511434051572664,-19.095964022595005,-0.57043044872848292,,0.1130042090723354,0.5217391304347826,1,3
0.6907417050370207,0.72306514884413953,0.0072586120953906444,-0.71226822330661654,0.67862779019965891,0.1792715829024869,0.12469913788869975,-0.12900043757960525,0.98377284579016777,-5.0242431332472108,23.35370930691267,-7.7340908463692513,,0.0985606980183116,0.4666666666666667,0,1
0.29738579441390667,0.95272629487602833,0.062243845740792655,-0.94418650347417798,0.28379319445482198,0.16725211340468271,0.14168110649629601,-0.10850820168504161,0.98394737370911411,10.445134000984867,7.2278175099360302,-4.3285195806271295,0.6817626150003253,0.5105832873236775,0.6823529411764706,1,4
-0.21088309974503988,0.96519655230999668,0.15467363592681041,-0.96063202108508416,-0.23390888700880019,0.14990914796733126,0.1808713308070419,-0.11697114168546165,0.97652614594023535,-21.845904453905558,-23.075091405954947,-0.813913638608184,,0.3514092321475041,0.4705882352941176,0,2
0.22475362437253113,-0.96033848733191329,-0.16503271821206919,0.96258490392411178,0.19250538638921139,0.19071439103683294,-0.15138068261446294,-0.20172175381002805,0.9676736138652261,8.9571661464609136,7.7662787919502332,-4.4501582307080634,,0.2742057594056433,0.3636363636363636,0,4
-0.80699918128018111,0.58625837656945556,0.071087532769559786,-0.58290278408981289,-0.81006589369455495,0.063384478961226995,0.094745267499024177,0.0097141018621287947,0.99545415289281403,-15.177208570367723,23.998197331933145,-8.6018983711969614,0.2178536311107756,0.2531587038463943,0.6666666666666666,1,5
-0.50107458014219597,0.86523556023211756,0.017078947424698284,-0.85496126829898167,-0.49798832848359925,0.1450822332427624,0.13403542383981301,0.058095180556777648,0.98927218456406507,1.496161099900406,-15.989771018836343,-0.84423964768369142,,0.3896514791480047,0.8,1,5
0.90310310306049557,-0.42688066250803486,-0.046665674957141301,0.42595193792509628,0.87670589731420445,0.2234988057962535,-0.054495245850985766,-0.22171979972748854,0.97358646179394071,1.969793441280262,-7.9421420556355002,-2.1367163740652102,,0.1264736341275218,0.3368421052631579,1,5
0.79079598936704698,-0.60936573202980282,-0.057576973077571252,0.60694977057253918,0.76853742607346465,0.20239120713686143,-0.079080207403211256,-0.1949964854866785,0.97761070546762574,-6.6060562026727858,-11.110437587360668,-1.9662607725217276,,0.1434024708708594,0.3170731707317073,0,5
-0.6918217559599571,-0.71831979003908653,-0.073480182489455967,0.71338309990027027,-0.69568818420243395,0.084276349812985901,-0.11165666463387779,0.0058846919479498307,0.9937294197333173,-9.3418488594124938,17.320399002444418,-6.9841753625869547,,0.1701182399386041,0.3809523809523809,0,5
0.98764503146704596,-0.15550953374831877,-0.019341063358522169,0.15617422587385374,0.96658264532451299,0.20329191063632907,-0.012919094053391037,-0.20380082107500747,0.97892712820617689,1.0623904842326544,-12.855569153559902,-1.3426783568513034,,0.08664274798344415,0.3888888888888889,0,5
-0.972823094916339,-0.23075863731173926,-0.019122690799782387,0.22588284162366923,-0.96393208149051834,0.14075469488927347,-0.050913336734212195,0.13260993016884243,0.98985980752993674,-11.580346092589876,-0.8689400031064598,-3.9717379544511844,,0.1081859885652112,0.4181818181818182,0,1
0.93011194879681314,-0.36076776609171041,-0.068835903819084887,0.3640714387473678,0.88095277602859023,0.30228164664091234,-0.04841229382930589,-0.30621695798357845,0.95072994296459812,-7.5945286634413574,-12.269293740373152,-1.8120969323464704,,0.3723275671091716,0.8201438848920863,0,8
0.91346971164488922,-0.3947019920482383,-0.098911189359731255,0.40462126178418134,0.85536703039031936,0.32346387407781024,-0.043066465139144305,-0.33549602202470447,0.9410566926524776,7.9915841317736094,7.1621253573991366,-4.3846864930365355,,0.2218546330366494,0.375,0,2
0.80972210243497833,0.58671483763220389,0.010761790301619721,-0.57674463395439957,0.79231182336855266,0.19901658663339145,0.10823929061613934,-0.16735493375642435,0.97993702966787566,7.0892873262754525,-12.888948171597132,-1.0905197724087103,,0.1834512491138831,0.5789473684210527,1,5
0.52662520978251792,0.83400415351572765,0.16462976747852984,-0.83811872329056125,0.47697917786924099,0.26466558058989048,0.1422072223599066,-0.2773588574350902,0.95018375597090854,4.9208360473794821,-6.4342453231897014,-2.2576148737675812,,0.1080598793561622,0.28,0,5
0.96378908261896967,-0.26496934488203144,-0.030030825784044996,0.26304477177869795,0.92615899993883599,0.27025350112845414,-0.043795573570593299,-0.2683668256418475,0.9623207337631986,-12.008655022875187,20.957310676864502,-7.7987554453969645,0.1328337242465999,0.11966825294015,0.4375,1,5
0.9605271832374398,-0.27692448734897829,-0.026464288549930968,0.27526093208494912,0.93235688264024386,0.23439723262250928,-0.04023617190630209,-0.23242949834276896,0.97178062275930077,-13.22648979924846,-10.38367399425014,-2.4085151146795098,,0.09661554452429594,0.3260869565217391,0,4
0.13261449800959549,-0.98537220679643656,-0.10702807571279911,0.97963973234843726,0.11388462276618752,0.16533689092784759,-0.15072952505049175,-0.12677502423791845,0.98041251700879972,4.3746292246749601,12.236794799311271,-5.3813290260370161,,0.1041688128388221,0.2,0,3
-0.82493327509938374,0.56304250080054874,0.049681323714930954,-0.55978685537286133,-0.82599592733706628,0.066101471801636114,0.07825450904303756,0.026718351649070937,0.99657531652133013,15.431799693227649,-11.192209717204955,-1.064180204876024,,0.449836599373606,0.64,1,5
0.99736692176139763,0.072515245568367873,0.00087323327545094608,-0.068009189917379809,0.93107483852132911,0.35843325063289405,0.025178829658580721,-0.35754885572833334,0.93355494873327305,-17.694661969467127,17.028573952123377,-7.521644970467297,,0.490767880522889,0.3157894736842105,1,4
-0.42872467649593848,-0.8905750128953861,-0.15189239009850211,0.89024190055037689,-0.44507811936844155,0.096823685965286538,-0.1538327347085329,-0.093710266597817976,0.98364316480432112,-3.5316828103258344,-18.878660632099333,-0.51348784362735223,,0.11740907403225,0.3333333333333333,0,3
0.99622442317818505,-0.081863534407079136,-0.028900871918900003,0.086808402267673945,0.9435274111991655,0.31971913551042513,0.0010954264125791154,-0.3210208498683238,0.94707149360055876,9.8063583479452685,10.164352321091801,-4.7915987071802908,,0.1260694178868149,0.2142857142857143,0,1
0.47314366805047636,-0.84514385017269145,-0.24873066135685573,0.87163246034385777,0.40804539162947323,0.27158021364757517,-0.12803094726921785,-0.34529817677657704,0.9297189067971664,-11.622771081658659,-16.54217171031458,-1.290706076767659,,0.3237719499822784,0.5,0,4
-0.55341531525108922,0.80734008401687718,0.20477665292986574,-0.82365229509505766,-0.56701500643852787,0.0095330613215228871,0.12380785770774436,-0.16338901803100953,0.97876230166301414,-15.374955531646581,-11.430117607962488,-2.3971953162702704,,0.3038747500708059,0.5,0,1
0.23292978136036388,-0.96790508743334469,-0.09435814048645072,0.96075574618361259,0.21400314742571025,0.17649659789088931,-0.15063901596393148,-0.13176643962913115,0.97976808085223899,1.5630671521060748,-25.427585453421354,0.79955058550390523,,0.07608168793909401,0.1428571428571428,0,1
-0.98134310122110602,0.19185832114646062,0.012494090307126126,-0.19112150813772322,-0.9805221062152466,0.045265531592799314,0.020935300640383382,0.042033127769392852,0.99889685621540436,5.8987075945824756,-11.777553549295108,-1.336995089944891,,0.1878757125842931,0.28125,0,2
0.3153624919687027,-0.94583230157558451,-0.07712169575106749,0.93894931973610829,0.29922003558816079,0.16982798729808168,-0.13755243955084018,-0.1259707410427123,0.98245137221888013,12.826767161542184,3.3508682092025506,-3.541091505775916,,0.3413553977399714,0.8591549295774648,0,6
-0.01451373360219311,-0.99206534029602844,-0.12488279353157973,0.98889432610177508,-0.032716969980568861,0.14497452079247661,-0.14790998391130414,-0.12139176437723098,0.98152263152753749,13.940676476672499,-18.966919032112536,0.1586566819649565,,0.3659124530675985,0.7924528301886793,0,3
0.85864040187024038,-0.51065076558543454,-0.044412339311523129,0.50814638061865269,0.83664540060035442,0.204479166465526,-0.067260063487004251,-0.19814204314400896,0.97786288128675924,-3.3304542240040536,10.727600216648577,-5.5169644820764674,,0.06971469616016435,0.2586206896551724,0,4
-0.29990891456858521,0.94258816852212257,0.14690877279591932,-0.94236095963759214,-0.31667532970322987,0.10803960990426975,0.14835924208895487,-0.10603904997434062,0.98323204543349285,0.36055122110300869,-7.7829328203528796,-2.2337436403467743,,0.08138373393988717,0.1428571428571428,0,4
0.84347610170847787,0.53444658079505802,0.053989981692360953,-0.52691554330916457,0.80364769570426919,0.27660511818913808,0.10444173526841614,-0.2617579673394691,0.95946583600899127,-7.7205766172217203,-4.2018160966732827,-3.2130865484936817,,0.08819764545935936,0.1764705882352941,0,4
0.94601720190826344,0.31416196901763993,0.079710168213467214,-0.31767775114019797,0.84997068307339874,0.42027453449649632,0.064282969161095077,-0.4229090861387344,0.90388915511645251,7.2674099119916997,11.376311368065787,-5.1081417879765816,,0.4253434399244186,0.4166666666666667,0,2
-0.50460850827550019,-0.86063462569806914,-0.068398058638523024,0.85138956845733105,-0.50919532210291918,0.12592031873587436,-0.14319935788268787,0.0053070705713137503,0.98967963447973284,9.0994405692094382,2.7167833602606635,-3.6050108680352255,,0.09181151589053564,0.25,0,2
0.023059367955778988,-0.95095684292363603,-0.30846288017554024,0.99043098443951405,-0.020264333171026171,0.13651308312139052,-0.13606884511766099,-0.30865909948978248,0.94138983938138066,-8.3988872152249385,16.090609432281887,-6.6827542163520839,,0.7220363962176582,0.25,0,2
0.7521240395869826,-0.64766124672743108,-0.1218373446970572,0.65261269964971602,0.70625017784191502,0.27442184780766615,-0.091684749720275002,-0.28591186716492539,0.95385969140277538,-9.1289959594278436,-20.432964851315049,-0.54899150897852977,,0.2649293560756199,0.1904761904761905,0,3
0.9815657120807203,-0.18496139480692633,-0.048145979048565192,0.19039403741483982,0.92426844779810091,0.33087451839294918,-0.016699203105092677,-0.33394178959208715,0.94244576383985601,-11.138151703014039,-17.478191864076965,-1.0985386381910458,,0.1070081170022689,0.5,0,2
0.53795425452819612,-0.83777313280147858,-0.093495443691172062,0.83400376321916014,0.512808856316609,0.20362907410173742,-0.12264967578959313,-0.18751867864094951,0.97457365149559649,11.277048103059919,14.828796549501247,-5.5147588481629732,,0.1496039397653425,0.3666666666666666,0,4
-0.87883996698924005,0.46530165723159422,0.105520994119106,-0.46155402653681937,-0.88514650700875708,0.059021536051228521,0.12086435789760919,0.003166845075074413,0.99266398044971416,-2.9791304654135997,-25.071924517236354,0.52962308394068469,,0.3820255452020874,0.5294117647058824,0,4
