axis_00,axis_01,axis_02,axis_10,axis_11,axis_12,axis_20,axis_21,axis_22,location_x,location_y,location_z,dbh,dbh_approximation,score,reconstructed,number_clusters
0.9926540263563074,0.075347220630812686,-0.094661398161141344,-0.045966281004675064,0.95860669410023069,0.28099876696673531,0.11191552604178631,-0.27458332500251731,0.95502822610714055,-3.8251973843397016,-10.220503670089972,-0.25180756871215032,,0.3174563367423467,0.2595419847328244,0,1
0.95000955809566234,-0.2509473519033848,-0.18576131486281749,0.30163706374909638,0.891283996823242,0.33856745085671042,0.080603481932901871,-0.37767481194734992,0.92242333834353207,9.9267388593451571,-10.725055191967922,1.4164575944368967,,0.6875714983962471,0.1481481481481481,0,2
-0.28415613498491654,-0.91848912908036529,-0.27501456454454798,0.9506214548959192,-0.30723524832066273,0.043878829529837481,-0.12479639594956926,-0.24896630685804505,0.9604382528863924,0.29390487865642506,18.335747632620546,-2.8232119089332821,0.65359299704659,0.2230516534988471,0.1666666666666667,1,4
0.98742451858089531,-0.10661154488478267,-0.11673387941195926,0.12327823931542925,0.98151772941611048,0.14637425508992308,0.098971186799864413,-0.15892427548717053,0.9823175549914106,-0.21352000172681157,-2.1141948580430245,-0.74811289354493227,0.3060930128399169,0.3326550721613175,0.8691148775894538,1,5
0.4016968927446698,0.91464710058656906,0.0453903926823572,-0.9089686098213462,0.39219149380422835,0.14128658303977928,0.11142563761866353,-0.098012823529318366,0.98892760791934808,-2.770694743114209,-24.9653114916017,1.5767450930622608,0.3913454128303755,0.4213548973974867,0.6666666666666666,1,5
-0.95881878794157704,-0.22825001998873978,-0.16902207034995453,0.25233385367835204,-0.95773748825348248,-0.13808160587762131,-0.13036164381472448,-0.17504522835270514,0.97589190479933408,-7.9889679848354476,0.71486635115008068,-1.8598900736442547,0.6205716756058217,0.3082095579035442,0.195852534562212,1,5
-0.96862038457823141,-0.2201883809073352,-0.11528932081040583,0.21314155797217288,-0.97448171273496054,0.070399345240793526,-0.12784845264888145,0.04361729540610957,0.9908341459077511,-10.484077609641016,8.7415623612060909,-2.9744815674848817,0.3533469320230455,0.3243780574730507,0.7667844522968198,1,5
-0.95971653040234339,0.27680025011715204,-0.048226577813183756,-0.27199018869614661,-0.95830353068717833,-0.087610960076488609,-0.070466435453509765,-0.070964530630248546,0.99498669180391841,-27.241307440228031,1.2646536210271391,-3.902064829626132,,0.6818763309761744,0.1076923076923077,0,2
0.70853687025900103,0.70540572504722154,0.019449075921075133,-0.69091182952389085,0.68784363117905079,0.22251288248182113,0.14358393819480686,-0.17109617797315743,0.97473573371219346,-19.987493718047894,4.3464363408177871,-3.4439190247927636,,0.06945034089304607,0.25,0,3
-0.22400124350159417,0.97456650088867125,0.0066013828361961872,-0.97326730442230691,-0.22404498831748212,0.050543024764604719,0.050736545529585071,0.0048967903191588971,0.99870006728361349,6.0269911409889811,19.149476438163571,-2.2861210202248254,0.4880042962834705,0.224350745218099,0.4864864864864865,1,5
0.25300606701673717,-0.87098705741526217,-0.42115255652533418,0.9651258420693124,0.19697407738758735,0.17243352866339351,-0.067231235469258008,-0.45009194466509983,0.89044775384346153,11.49436781734312,-10.567885846141404,1.6011185549811515,,0.5492020947303898,0.3636363636363636,0,2
-0.97985828429271715,0.17618552303711987,-0.094002149842801974,-0.18169752984206342,-0.98188995940408841,0.053648068657969596,-0.082847754056610171,0.06964746293709663,0.99412548531571265,0.90505718230716103,2.7108031826495269,-1.111380107952469,0.3648992514150523,0.3148019594710291,0.7475083056478405,1,5
-0.19505483240899923,-0.89238707938050899,-0.40693846329466254,0.97383624971969429,-0.22554208515230881,0.02781594070005438,-0.11660433562169749,-0.39086579331002202,0.91303196030278633,2.1615378439710708,-4.6594083206296997,-0.20370639930826775,0.4392392808779916,0.322762617925402,0.3097345132743363,1,1
-0.66983165323435212,0.73565429893641121,0.10068916913806036,-0.74240438636260386,-0.66586660936727449,-0.073874120226884943,0.012699741528915068,-0.12423530491010977,0.99217151016293148,19.032168824331453,1.8253975993758818,1.0581578436190553,,0.5515330722735117,0.95,0,4
0.1925156423673508,0.97484737794993592,0.11229566842946392,-0.97460020652229928,0.17660282384389167,0.13771666586529938,0.11442099846871387,-0.13595599403666311,0.98408526195392476,-7.1523845096315917,9.289604380682027,-2.6516594786714491,,0.0906468615737671,0.3,0,5
-0.77834306137604392,0.62783759654527738,0.0014251919225191615,-0.62688122382063793,-0.77702807024004938,-0.056985167194307317,-0.034670016280727925,-0.045247435543611027,0.9983740078486717,4.8363572580709171,6.4106932395690919,-1.0544123383881334,0.5557914148176305,0.5807458056596018,0.2222222222222222,1,5
-0.21492461215639375,0.9738293804454361,0.073917175748815483,-0.97395411867083492,-0.21932036278667041,0.057549571599102234,0.072255005456650284,-0.05962311840537117,0.99560247987742478,-20.32726115749254,-3.8128336515977583,-2.5721206900290658,,0.330857757118171,0.2380952380952381,0,1
-0.22748216842693905,0.96980763138680315,0.087892099483949465,-0.97156419605836364,-0.23212613434411869,0.046695510404342958,0.065687715634231522,-0.074770421012422511,0.99503492810874838,-17.103374078181179,8.6828488415325111,-3.6428793091983387,,0.08827204462707625,0.2692307692307692,0,4
0.46931880579886626,-0.84491333390901724,-0.25663459764083912,0.88232414950352112,0.43709429274675204,0.17450694671303266,-0.035269728187421807,-0.30833429493159864,0.95062401023886389,-36.927893037156835,3.3100073481769008,-5.2400586842738406,,0.5765452872261788,0.2777777777777778,1,2
-0.60488414743977414,0.79612765909392069,0.01720228478111514,-0.7959939866580561,-0.60511223564150451,0.015256325938910053,0.022555296058160784,-0.0044646055339261411,0.9997356280123032,-4.9342112256410182,-24.81938688631227,1.3020508486987621,,0.5810473096625844,0.6428571428571429,0,5
-0.12569959267948122,0.9919101634198737,0.017715532861659181,-0.98876080444610326,-0.12671749480962974,0.079339448575516128,0.080942473345629928,-0.0075434881541284905,0.99669022860423462,-14.860520818423751,-0.76231957490574653,-2.3574743406785195,,0.07931839575122594,0.2142857142857143,0,5
-0.11913793122888106,-0.97207602466805543,-0.2021740725415874,0.98684464462323207,-0.13834639637132726,0.083653583243715857,-0.10928769702463355,-0.18954808592179515,0.97577032256696261,-13.884505682875412,18.024665159755958,-4.3333235770885965,,0.252218272611994,0.3658536585365854,0,5
0.39440431038856039,0.91760692149224965,0.049424463339921627,-0.91323613087119526,0.38540847814804613,0.13213657420644484,0.10220082787498504,-0.09725144009793496,0.98999855968609585,7.2373183262302341,-12.802178443781044,1.3578646868210222,0.655791957750657,0.6859390119709596,0.603448275862069,1,3
0.15196015948476524,0.97505851309998082,0.16176837132337696,-0.98193623649182804,0.13026452239315275,0.13723112500430795,0.11273569706898032,-0.17969988936261769,0.97724030431078368,-30.138883114210707,3.3788045005486964,-4.4477286758427192,,0.4847511437273175,0.1176470588235294,0,1
-0.48258075923260174,-0.84655834015447196,-0.22462143159856734,0.86307299369714385,-0.50328401620415841,0.042546522584835232,-0.14906648975921757,-0.17333255824661692,0.97351682362584135,17.059949032715394,3.3183204413098326,0.6402186796731042,,0.1921111351597196,0.4444444444444444,0,2
-0.99350322592832496,0.059148340926475411,-0.09722558220785707,-0.049053434833876003,-0.99345783366144491,-0.10312755823594243,-0.10268934025014488,-0.097688313028501284,0.9899049918535795,-27.57356357403118,-1.6481935151120628,-3.597740732861102,,0.1199384378338414,0.3,0,1
0.35748490596036248,0.92467241116022647,0.13109337912207056,-0.92512792962335,0.33139946159503503,0.18523690422087727,0.12783917960204663,-0.18749754370031904,0.97391057868010755,-18.942855212158509,-5.9092077508135352,-2.2264863544617057,,0.101447072012465,0.4166666666666667,0,2
0.99192635941711127,0.064572576348558869,-0.1091443075804971,-0.047247489809271938,0.98686842292630084,0.15446161509475351,0.11768505512697587,-0.1480577529704763,0.98195169411997807,1.5432867579307561,-11.695233357002197,0.56455688529956083,0.1789112051710701,0.1298892521262696,0.6705882352941176,1,5
0.64905409152042093,0.76074219531763809,0.00031391702948477647,-0.74825218115123293,0.63832321838257222,0.18072670604019178,0.1372860505769751,-0.11753629710440741,0.98353330354389168,-4.3445884781975348,1.7791903867423589,-1.5706079724282822,,0.2233266361949952,0.3127272727272727,0,5
0.41307112123269291,-0.8889500262542035,-0.19783856961223731,0.90961065085422432,0.39210837883130512,0.13732983325861819,-0.044505198079775384,-0.23668305827189223,0.97056705964654688,-6.673039047084953,27.21509465352085,-4.4569802014689142,,0.4107674387756304,0.4,0,1
0.95237862680736896,-0.26286988143729573,-0.15451335422432647,0.29130567934827944,0.93410910251357993,0.20635209177692451,0.090088580741110313,-0.24153593942603435,0.96620103373243993,-26.186165636714541,8.4152402511695694,-4.5882454913511426,0.2561666794241917,0.1954178994823938,0.3571428571428572,1,4
-0.30147261163791461,-0.92801695168045817,-0.2188579489667303,0.94558745852604598,-0.32045918158151127,0.056305161560553714,-0.12238718360378739,-0.18997486763731883,0.97413085720334047,-3.9756350381968648,23.392277285952922,-3.8336931818475644,,0.1997699251104668,0.6666666666666666,0,5
-0.85901307114193803,0.5105573022129839,-0.037786039277685438,-0.50966562510339541,-0.85981167903591316,-0.031061667395812328,-0.048347638983306684,-0.0074241329758231462,0.99880297759583014,-31.536537065708096,5.2460588125534668,-4.8187711995135905,0.5222294307263399,0.3831860205092439,0.5675675675675675,1,3
-0.85102924157403004,-0.5084208296706616,-0.13136776599656125,0.50564702221009417,-0.86090791509641695,0.056201874118267561,-0.14166975300322918,-0.01859628138464528,0.98973928860213856,5.238723816732259,-12.387860246713604,1.0869811767130098,,0.4042365281660145,0.1304347826086956,0,1
0.48918846497508411,-0.85684075532303172,-0.16284522023313361,0.87159301195267647,0.47342575235000389,0.12725438509967207,-0.031941622541497627,-0.20418613329335056,0.97841083176757992,18.225321821160566,9.8057592278176635,0.13451679563823327,,0.1710750422603411,0.36,0,5
-0.87879650011739052,-0.45922063678193681,-0.12974250704768089,0.47203552846986607,-0.87642477644750683,-0.095194911056801085,-0.069994080061098793,-0.14490002754496037,0.98696748212586538,-44.493781264722777,11.661434685351276,-6.9161449005580415,,0.4291704382734984,0.7741935483870968,0,2
0.84738786307331837,0.52965698747842205,-0.037380277303910275,-0.51089412306682436,0.83249584132956078,0.21433121374351269,0.14464095039723374,-0.1625243052108499,0.9760455141456853,-28.116365211657136,2.4587625250204534,-4.1334716052459823,,0.215416569995975,0.4333333333333333,1,4
0.36984321054698094,0.92824966274487364,-0.039605090914304253,-0.91960660795530147,0.37181010667120756,0.12681061147274092,0.13243748040961326,-0.010478940365039656,0.99113596725756048,0.19198054452624583,4.1898020821973567,-1.3247865810641215,,0.08738819339791845,0.42,0,5
-0.93181371824478321,-0.33800481588062697,-0.13219659198456871,0.3382421357397008,-0.94081696542943138,0.021347017833918049,-0.1315881913435886,-0.024823013549109475,0.99099362555833992,-20.935866747654426,8.2652422645090553,-3.9798811426576153,0.2779566351480747,0.2088267755710916,0.6826923076923077,1,5
-0.67244201956364091,0.73972007827955855,-0.02521777379657161,-0.74014978132849252,-0.67205975961151865,0.02267114267725228,-0.00017755155975745474,0.033909958728830812,0.99942487620353548,-6.8597951115514677,-23.298964074291579,0.93373246035039859,,0.2060618293637838,0.3636363636363636,0,1
-0.94271887282309186,0.33007853891316752,-0.048262666442167354,-0.32615684071595824,-0.94238804909726348,-0.074340299789810368,-0.070020297609653531,-0.054340804811875372,0.99606437284698313,6.8253092748923558,-6.3090962201686205,0.52016670101681195,1.017018798832098,0.4863436216613097,0.3552631578947368,1,1
-0.7396946886083352,-0.66190787044805377,-0.12136613482986414,0.65686936294507992,-0.74936960655653151,0.08347354547061292,-0.1461998894279444,-0.017976757444880812,0.98909171896393178,-6.0870528262045136,9.6059881261709794,-2.581367716120861,0.2700572592146532,0.2694148365534521,0.88,1,5
-0.34898713279503307,0.93323452285058417,0.085330571915010145,-0.93549159428181461,-0.35230859733520165,0.027094820017303636,0.055348515531758583,-0.070370289210315656,0.99598421886337418,8.5048930920111125,3.6035551331354383,-0.37258850145628963,,0.5858374818448392,0.1694915254237288,0,3
0.92850720684889709,-0.3314023188171708,-0.16747199739735918,0.36683139887651622,0.88857171069235819,0.27545424258042178,0.057524704501258378,-0.31719523647094372,0.94661401338253193,-5.8060839294027469,0.014210549662425343,-1.5712963903916906,,0.4517629150141368,0.3104726598702502,0,4
0.80372020919965181,0.59100689573791099,0.06888159779147654,-0.5744754216011182,0.74061994520935737,0.34851124333987737,0.15495746287380413,-0.31967631433737403,0.93477015289930354,-1.0442353388264809,27.209202514588959,-3.8410395387737708,,0.3838560781345047,0.4583333333333333,0,4
0.60075494679443542,-0.7607013721650977,-0.24581886886110202,0.79942185227482421,0.57000000559679531,0.18980172740294571,-0.0042656778481005905,-0.31053730211649294,0.95055162299935381,-7.3980785865065641,23.200372866247683,-4.1673784861429874,,0.1834380935822381,0.3,0,5
0.14388823128612163,0.98665092370943042,0.076263566928642612,-0.98107559006487388,0.13213549323665846,0.14153055502599071,0.12956412881739895,-0.095184905160603045,0.98699187957822432,-1.9776418660893229,11.470297450910248,-2.3370903855931107,0.5492816897871524,0.4888968457395519,0.4094488188976378,1,5
-0.88480697849580614,-0.44485609827682976,-0.13863499785781752,0.45267979755020626,-0.89118624942352642,-0.029463023068451857,-0.11044279829407529,-0.088826351182199267,0.98990518113637049,-1.5815515473355319,14.902669354398606,-2.6819363132721579,,0.3505955190122648,0.3611111111111111,0,2
-0.18688612757057019,0.95705283150328058,0.22163811277221662,-0.97967309343673703,-0.19830750866922792,0.030245032674782266,0.072898596130317267,-0.21148051852820249,0.97465983038456638,-4.6238762693704345,5.0103158593335912,-1.9213215393542276,,0.2965947313741287,0.233160621761658,0,2
0.88146755159713686,-0.43953315996862552,-0.17270077234726919,0.46770803039272763,0.86309700417297075,0.19055907140253991,0.065300488417040947,-0.24874517618566494,0.96636519160038992,12.508189442072036,17.319536379268627,-1.4215072958810313,0.3414872446344073,0.1883007362239751,0.3571428571428572,1,4
-0.5056778426308921,0.86271899390229845,0.0024201306518811918,-0.86259938908484468,-0.50565112596006223,0.015467151184827835,0.014567546897803594,0.00573379242097134,0.99987744759138053,-13.131162945434337,16.212288722812801,-4.0701643123040698,,0.2375102227177606,0.2,0,4
-0.89842335068057355,-0.41419431817493563,-0.14587168931457881,0.4157199296237406,-0.90924265377873059,0.021324555400800079,-0.1414652715881923,-0.041483289900992537,0.98907366439182232,5.3593793569273442,-5.1116401243309628,0.20503264483926159,0.3525794146753277,0.2720330017966144,0.4,1,5
-0.93349123564023484,0.35035687281537187,-0.076447201740156193,-0.348794898962208,-0.93660564396982737,-0.033346456210636324,-0.083284040732963582,-0.0044642306053886433,0.996515849951365,17.295715935459235,1.6584492291011219,0.87328983484667244,0.7188833043671906,0.311554714196672,0.4722222222222222,1,6
-0.76755791204142665,0.63698487203100196,-0.071450153717492915,-0.64090151229723513,-0.76442134467907086,0.070037556597571882,-0.010005158555583876,0.099550392277926655,0.99498221903689743,23.051048637771743,10.905372166051855,0.56825703626137847,,0.2853549216396996,0.4782608695652174,0,5
0.35555233710710255,-0.89507698403412572,-0.26910913813925225,0.92874874481130476,0.30602280629429113,0.20922669772090158,-0.10492046792263217,-0.32432581562395024,0.94010874941719169,5.1282620244891062,-7.9192814287726438,0.54419781532627132,,0.6460220371584053,0.7168141592920354,0,4
0.98761398208011175,0.11589355706439031,-0.10577006112708251,-0.095872103330582881,0.97936545297062261,0.1779096662090536,0.12420612787956124,-0.16556567566560926,0.97834597399823542,2.717366698282945,-18.436847469766455,1.4947115895915917,0.405292617806665,0.4001310331279796,0.8571428571428571,1,5
-0.59467764575662219,0.80380452128815538,0.016024643337044342,-0.80313822189409345,-0.59485193543343207,0.033468962396417862,0.03643479340073523,0.0070332402076178193,0.99931128251512635,12.725332478411266,10.576294735087551,-0.60826947692726263,,0.2029557680102531,0.2142857142857143,0,5
0.98357403760261009,-0.12631700699191181,-0.12894233710734154,0.15430079674950531,0.95906033234234866,0.23747535251021482,0.093666304915726653,-0.25347049664998134,0.9627976582083303,2.224166193297207,-9.412328472708392,0.34354427793453529,,0.09172135304625992,0.3333333333333333,0,2
-0.49475005774927416,0.86903014246672683,-0.0029986399165090106,-0.86558109876415634,-0.49247326060428132,0.090771410983979436,0.077406342242252166,0.047504726860036865,0.995867239699463,-17.966395526359431,-3.0836445403016999,-2.4297273302823648,,0.1771839034640761,0.1666666666666667,0,2
0.91760729057830681,0.39748053310136622,-0.002466998782297219,-0.37171039083104146,0.86028102303867993,0.34892398419678233,0.1408128034866595,-0.31925818267505002,0.93714778299329682,-10.690288722235385,15.801278540307903,-3.8069437515327791,,0.363265539806912,0.2696629213483146,0,5
-0.10028823188187252,0.99480177123784086,0.017655211357051174,-0.99143513983751974,-0.10140936586814832,0.082295224707010062,0.083657839090936409,-0.0092507543624516467,0.99645159917697979,7.3574020617111557,9.6005631610603945,-1.1556981139849161,,0.09691459736223093,0.3225806451612903,0,5
0.81962725832971828,0.57259176810542944,-0.018703595932532974,-0.54801799707151888,0.79313189397540262,0.2657406134649194,0.16699530618742026,-0.20755834326012765,0.96386311364969302,13.093959359508052,-12.505466624225761,2.0564010645139574,,0.2537165685309634,0.5517241379310345,0,2
0.71036736225857045,0.70373817530190041,-0.011436400681721744,-0.68930592713909,0.69889950738683981,0.19077949938437494,0.14225171158450386,-0.12764035097564061,0.98156629493585135,-8.7385890988554991,17.307139277359575,-3.7805535488337791,0.3243165266066825,0.1512117742164433,0.3181818181818182,1,5
0.81828611266330864,-0.53604747440628264,-0.20751130813769161,0.57477255515793357,0.7672343796154889,0.28458376020647314,0.0066594038464972919,-0.35214274366892856,0.93592261454766001,-4.7829794374798809,3.423437668092101,-1.7929228513719768,0.6066348351652353,0.522457376151276,0.3069164265129683,1,3
0.80019750272497359,0.59971582963611192,-0.0049880173000327981,-0.58724939300829759,0.78519775187347962,0.19647554775141746,0.12174607609324263,-0.15429003252544643,0.98049603712569622,10.58186600750191,-13.774899963491402,1.8932559856213684,0.386505471637205,0.1981237313835494,0.4444444444444444,1,7
-0.92731656027016152,-0.35120964961542539,-0.12936683912705566,0.35186732545041932,-0.93586707113353429,0.018498931004475788,-0.12756716791198258,-0.028365598617866243,0.99142423335621854,-8.4409419417695712,16.144118390106151,-3.6347544247533885,0.1838399778053606,0.1196005649103295,0.4583333333333333,1,5
-0.51198714935157341,0.85645730367011774,-0.065954877673765164,-0.85865151576036225,-0.50810758135980616,0.067411128510960427,0.024222579988158289,0.091145887207266907,0.99554291412470908,-1.9867330866747421,-14.762270321884198,0.4991664587342029,,0.0994943796653207,0.3636363636363636,0,3
0.36032411564322209,0.9326106804377583,0.02009602994002644,-0.92599726392027537,0.35500074535782061,0.12846609672421377,0.11267474827170947,-0.064898301432413388,0.99151026801193232,3.8767251382241654,-17.182641219387872,1.5007109699769658,,0.3007760229689056,0.3142857142857143,0,6
-0.99123417611485998,0.12868539234222709,0.029914509850925523,-0.13089275117412727,-0.98729492481299697,-0.090087841180518879,0.017941454566507819,-0.093213739524951128,0.99548445641899008,-25.932841150558019,10.59615433145888,-4.7889647785460436,,0.30284395351099,0.3333333333333333,0,2
0.97851790662642846,0.20016646831735233,-0.049356776361405667,-0.16902057132095724,0.91598428834850287,0.36387474489035898,0.11804555426515907,-0.34771564310517433,0.93013927917177341,-5.5326845338017678,-4.7789610303955277,-1.0188424940343863,,0.2588346874276515,0.1761252446183953,0,4
0.3903733486888446,0.91620262082938553,-0.090451126133517426,-0.91148968352373938,0.39844629089135625,0.10211322198771945,0.12959631732132773,0.042582987921052244,0.99065204975130616,4.3437741233847351,-2.9935952271666966,-0.13579353970614172,0.4917383265037523,0.4418902891423392,0.9558441558441558,1,5
-0.10528293520986819,-0.98391980611070751,-0.14428208030334683,0.9873225358817822,-0.12075364872101207,0.10301828216646179,-0.1187843158567705,-0.13160688228063586,0.98415949664818514,-16.748856672869742,6.9094035777278551,-3.3968555014097546,,0.3049406653203356,0.6351351351351351,0,4
0.80714256857256494,0.59024275121043579,0.011591748859331188,-0.57483396045443691,0.7812953401856626,0.24319438585715192,0.13448714401885975,-0.20295587216857158,0.96990830599904931,8.7978444207805069,25.036859002273484,-2.5537935442049609,,0.442551399955167,0.2692307692307692,0,6
0.59359511867722003,0.79929598255067502,0.093652375094962242,-0.79216321657283784,0.55981834310293821,0.24306554884322021,0.14185299923354416,-0.21847049000684621,0.96547831234296322,-4.4878928954413846,-4.8513331348877529,-0.88706779274360048,,0.09169274887015887,0.2661290322580645,0,5
0.19287716929953896,0.96813029472846035,0.15975647089235614,-0.97236636426991507,0.16676000633135782,0.16338529286588738,0.13153726163906276,-0.18685511156334136,0.97354153279824029,-11.702668119540826,-1.4256705494739472,-1.9757688484842189,,0.4706061275154481,0.6407766990291263,0,3
-0.66999952066822366,-0.70924343748760565,-0.21925872544807387,0.72827836276333757,-0.68522335313423421,-0.0089209108406965443,-0.14391410158529169,-0.16565839157809012,0.97562596760472564,-32.992970875902749,10.545245725984827,-5.5495192842006436,,0.07170006078893845,0.375,0,1
-0.87018695491803788,-0.47317667408949499,-0.1373990487160571,0.47448367247064499,-0.87990392537411055,0.02518584265023438,-0.13281531556730647,-0.043277213505915534,0.99019552349115425,-19.216417420727375,12.007855735206912,-4.2314475498065534,,0.1417864904525477,0.2307692307692308,0,5
0.10342483127215428,0.9881631690461653,0.11329984826541649,-0.98873991171092912,0.089756398661643713,0.11973794673851956,0.10815124255500197,-0.12440795890911512,0.986319404905874,-21.778490547759969,18.888594954328966,-5.2229359893392928,,0.2498884146778228,0.3,0,1
-0.79313591849742537,-0.59414673821051589,-0.13388453332275077,0.59362173408018493,-0.80329881023665672,0.048210562120837623,-0.1361934345586468,-0.041239240368579844,0.98982355671955125,-15.264617673504928,11.543160654813343,-3.7856074232894139,0.2876645666400447,0.2828796096295981,0.9295774647887324,1,5
0.90398243241946896,0.42462160601570886,-0.050122386032782941,-0.39698110576356066,0.87706607175683526,0.27048310010012472,0.15881361258947541,-0.22461433052606741,0.96141907562654783,-20.646546846372996,-6.5202811966424505,-2.3287300259441102,0.313429459820232,0.2498828657473806,0.6410256410256411,1,2
0.23788947618116679,0.96681769399691919,0.093124345349267904,-0.96477560503138593,0.22411733015725754,0.13776594012856211,0.11232376889409372,-0.12261716396028129,0.98607727995515848,-0.9792562993412337,-10.52333808256649,0.14683569664076651,,0.3177360152252627,0.2898550724637681,0,5
0.73919913144728866,-0.65583099756561036,-0.15320034823612882,0.67334239253900652,0.72437848028801666,0.14793863493175402,0.013952292909095061,-0.21251239946817393,0.97705875647007978,-10.26453631924438,-9.4503084674412374,-0.98169891172487134,,0.3810981690119747,0.7777777777777778,0,1
-0.56575061542384564,-0.81276736411510975,-0.13905197940668249,0.81162741138405403,-0.57865926943126378,0.080089918162624049,-0.14555818849367283,-0.06754747760392453,0.98704110959563773,-9.3564503922583953,16.620857403722948,-3.7815670095929881,0.2558881111424689,0.2114540450928251,0.5757575757575758,1,5
0.60636461279535625,-0.78482660535836024,-0.12794200198218666,0.79508117608065787,0.59576345852637891,0.1136302113299328,-0.012956843432527865,-0.17062561650104008,0.98525073925468565,5.6641537640633723,-13.994981930446425,1.3632475501107397,0.26900842577339,0.3393439330119997,0.5370370370370371,1,5
0.98622830412024909,0.15369633336624081,-0.061083297732462107,-0.12354032771591068,0.9301476750110953,0.34577896133122582,0.1099614458796566,-0.33347074801431886,0.9363256595003836,12.160264493342464,7.9162162900272932,-0.41092292128724422,,0.1267588517995479,0.2105263157894737,0,5
-0.71927253593383833,0.69399163318084012,-0.031978619831023687,-0.69448815246555118,-0.7194715388764974,0.0068491482442847281,-0.018254455245024205,0.02713517683149937,0.99946508545423063,13.870870821867348,8.3856080736863916,-0.25928131009595751,0.5401227068318322,0.4273682963306727,0.7572815533980582,1,5
0.12038179985568798,-0.98263761774729974,-0.14117908645197533,0.98898662513446034,0.10637454798977874,0.10290729247783484,-0.086102715222305559,-0.15201239333646294,0.98462102085191383,-8.3052689312094845,-7.2850656572221375,-1.0013633408197735,,0.08843262083339141,0.54337899543379,0,2
0.66234076297131539,-0.70783828193486054,-0.24549883978153667,0.74920138335979825,0.62638964302704625,0.21525171841408028,0.0014145240685617623,-0.32649805778282143,0.94519681410048395,13.329919862513517,9.3202882758836267,-0.42357633245945187,,0.1491870220313741,0.1428571428571428,0,4
0.88317839118710517,0.46860853965050092,-0.020049087430154596,-0.44369740202826397,0.84856059441092968,0.28823173497437715,0.15208071795440176,-0.24566431197794128,0.95735077220780429,-0.097611282126991689,12.514951565933643,-2.2342041975648086,,0.6415246866642599,0.3983050847457627,1,4
-0.42030016317385754,0.90674583685806476,-0.034055251821085153,-0.90679554658232064,-0.41837840433865275,0.051781729224838279,0.032704885483677074,0.052645019931723443,0.9980775983569059,6.0203176110576839,-21.982360266390881,2.3300339470001936,0.4234301569412081,0.2306066626256067,0.64,1,5
-0.77942309776911656,-0.6004696605624561,-0.17870596354907795,0.60791330817590905,-0.79384248003097169,0.015985200683763023,-0.1514630133287263,-0.096178498856483816,0.98377266273824515,6.6680036764732078,-8.2734350375199881,0.7659812264004271,,0.1632298207989467,0.2,0,4
0.12306935063230154,0.98974638416044036,-0.072498482579147275,-0.98694676145492655,0.12971288611427051,0.095449762857433798,0.10387504507136289,0.059805202259014208,0.99279066917159442,-5.5709184794919189,-17.009884816237832,0.35711343109793664,,0.09394563161132793,0.391304347826087,0,4
0.97557936118262922,0.19708712825823307,-0.096961713626647461,-0.17847848658897397,0.96860574330536797,0.17305589808141547,0.12802476268051674,-0.15152418259399592,0.98012758466937289,-17.275839846326623,19.931984496988651,-4.8643311422664137,0.2955478903845233,0.2371137893293394,0.2142857142857143,1,5
0.99403642338902465,0.028100526302226127,-0.10536578855346927,-0.013905427756444292,0.99100373634760897,0.13310985547280085,0.10815834713449911,-0.13085088829128183,0.98548455948255043,3.5286093119577857,0.88372633319264027,-0.63031535800520477,0.3768659144774146,0.3197945433064316,0.8280542986425339,1,5
-0.54762095201109939,-0.78481520390431092,-0.29013167465668321,0.82267612136630552,-0.56829818900254836,-0.015529575335960685,-0.15269345844583024,-0.24718872162187797,0.95686072322506421,16.529513697385671,2.835158350721263,0.63506049193463432,0.4237059152581821,0.2515144858836807,0.2894736842105263,1,5
-0.68954649904739784,-0.71014331957198007,-0.14220439978694377,0.7105516453031705,-0.70133963686269352,0.056912855509648544,-0.14014986624479475,-0.061799509970494174,0.98819979536476965,-17.847606444544258,14.052348988510875,-4.3369865378865828,0.3727640608012854,0.3719445985464159,0.8048780487804879,1,3
0.60969207028324768,-0.75251323382694013,-0.24899681192546888,0.79098223055315298,0.55732237724937672,0.25246559917394973,-0.051212209314626694,-0.3508783275330975,0.93501963021355361,-3.2875260535582855,12.334035919433804,-2.5632040362947972,,0.2729159439758765,0.3548387096774194,0,5
-0.50873061067088887,0.85908607955459937,-0.056251877141411825,-0.86016818567359765,-0.50445637641203389,0.075063017873190918,0.036108975635084861,0.086572930022890598,0.99559091481684181,-34.10581977988614,15.499994328675687,-6.2471342644660091,,0.2621209069912075,0.4761904761904762,0,2
-0.98760369564869921,0.14178217549712274,-0.067355438179377378,-0.1355644061584034,-0.98673275206939748,-0.08933514300919726,-0.07912794780576772,-0.079096717408861844,0.99372152898646193,3.9048296278433416,-18.996134383402307,1.7096553035862931,,0.3907560978576625,0.2105263157894737,0,5
-0.67656844711518405,-0.7195186542246127,-0.15667814969213492,0.72221659927136206,-0.68989112910333272,0.049531946473347445,-0.14373002506455643,-0.079643808342717962,0.98640688546238919,11.695860690417772,15.980225903633103,-1.364156767079912,0.1883127859030461,0.1445840201545215,0.6764705882352942,1,6
-0.033431290971746248,-0.98163963937017251,-0.18779235128503252,0.99469969010520121,-0.050960705330890095,0.089305839768717241,-0.097236183021445474,-0.18381138411256476,0.97814032724453415,-17.714900830791379,3.7042250663896072,-3.113284748533788,0.7288306400589373,0.5227982062081212,0.459016393442623,1,3
-0.40963074442670744,0.91058355510709732,-0.055138393057298042,-0.91196115578964465,-0.40722710630466669,0.049929292219533759,0.02301094416223138,0.070736645801503448,0.9972295740648266,3.8664067079060698,23.71457157852096,-2.9610416286015129,,0.1072615307200836,0.4,0,4
0.81976040508931491,0.5725115583672048,0.014946363562975571,-0.55318372259733273,0.78479000388630527,0.27945020818294269,0.14825871745418262,-0.23735030089740242,0.96004384658345343,-6.1622323090614319,-14.936020974577159,0.070744075783050892,,0.5099678089390869,0.4888888888888889,0,4
-0.53475109512797303,0.84498656664384864,0.0062424715356994764,-0.84462888747435727,-0.5347173053244697,0.026066181737398088,0.025363530969932487,0.0086663474415901703,0.99964072832130979,-21.831899903925333,4.3861452355404493,-3.6469953111372364,,0.07873056222792463,0.2916666666666667,0,2
-0.37608173582134446,-0.91016757528236825,-0.17365918601161795,0.91759274155382897,-0.39188136441743898,0.066727482119839726,-0.12878698936356683,-0.13425342128578993,0.9825425844428971,6.1780228990244463,5.1879764898706648,-0.8063995108133607,0.2353943422076789,0.1916530323432553,0.6791044776119403,1,5
-0.11768566799478176,-0.97827937529631148,-0.17064450597215339,0.98699280725078753,-0.13417982392548047,0.088549270389636975,-0.10952297468491236,-0.15800391995512444,0.98134574910934569,-15.475102811897971,12.958583436091342,-3.9521293025265032,,0.06792186491280121,0.4,0,1
0.017121198408926126,-0.92808868912102693,-0.37196538775893578,0.99618130314887043,-0.016020653059464828,0.085826277632007814,-0.085613525927042661,-0.37201441343200886,0.92427030698664003,-19.507291109192643,10.533340739269882,-4.0834127170173886,,0.4177515016690425,0.1578947368421053,0,2
0.37095836227233692,-0.90136826261842162,-0.2234393622540003,0.92730237354595135,0.34658310152182409,0.14138762942902461,-0.0500020147221273,-0.25964477442028694,0.96440882909685532,-3.0591259908571802,-13.606503084414733,0.26859636167541601,,0.08317696942671714,0.24,0,3
-0.66725085501157977,-0.72153785194243636,-0.18482268448599304,0.73253371537151124,-0.68061633134455757,0.012480598987394663,-0.13479856204842902,-0.12706115740606538,0.98269263248907368,-6.3957139808288197,22.382270189675047,-3.9983848018174672,0.3806786428318664,0.3107077635864745,0.7380952380952381,1,5
0.60347548095083436,0.79676006613809414,-0.031476036897610499,-0.78542790939173057,0.6007748529391701,0.14890458429630296,0.13755123787045748,-0.065138107767568273,0.98835048635429246,8.5990848070871504,7.0451410472582365,-0.7202233773678105,,0.1243647021905991,0.3870967741935484,0,5
-0.2260891459005607,-0.89442222850477615,-0.38586600687609707,0.96360811041929961,-0.26335767645196595,0.045849141627381976,-0.1426292664220814,-0.36145762049010799,0.92141482566188793,10.035080097639984,-17.938024940230868,2.3416354236868355,,0.5080067742685102,0.2941176470588235,0,3
0.99312665188509797,-0.018064251413073208,-0.11564227659632348,0.041046210159960156,0.97902345168597504,0.19957026251519541,0.10961141339750931,-0.20294522381609501,0.97303575174976786,-24.574409086098811,-0.049617910115572463,-3.4555159210561355,,0.1119804416654751,0.2,0,3
-0.72542209582848283,0.6844373921013297,-0.072857663820231858,-0.68778935715956535,-0.72490067715616457,0.038272815895441528,-0.026619223539451935,0.077874672083193847,0.99660772241945428,1.59092273999964,20.68718703309581,-2.9110514603528115,0.4984485294072498,0.3740707740265689,0.5172413793103449,1,5
0.91498449933043835,-0.38310013404761134,-0.12663985659233257,0.39963159592780423,0.90373940955762522,0.15345900804002569,0.055659262672269741,-0.19102190163731092,0.98000646914887368,-4.3507341091616736,-15.733330294457334,0.34512991910239904,0.4231967214456206,0.4090509967069998,0.9022988505747126,1,5
-0.82531375657910622,-0.55161375301153837,-0.12074547896218428,0.54651118438604873,-0.83408951616281191,0.074968022304464754,-0.14206593026563394,-0.0041166146054800552,0.98984863738954953,-0.84066909984574623,-19.398408799837672,1.1828793064996579,0.4461468038517218,0.4442062607170261,0.8813559322033898,1,5
-0.77866056984701448,0.62557157280372244,-0.048455384276656202,-0.62733025182282642,-0.77767208953850997,0.041022875334572835,-0.012019655295838953,0.0623404239052281,0.99798256469433622,10.559846918168263,1.3788342595106167,0.092056599989988622,0.2172612508162191,0.2256905745928919,0.3055555555555556,1,5
-0.6745914903856508,-0.71501919525889779,-0.18350441823178273,0.72336142328898356,-0.68986654345736964,0.028851404047600497,-0.14722286641892007,-0.11327710549576978,0.98259540247952393,3.9641993762330969,-12.611123649285254,0.98411903005453916,,0.1131997905368443,0.2272727272727273,0,5
0.38672595661338288,-0.89652856812050108,-0.21605453252655177,0.92046534100145228,0.36091668651979592,0.1499423269348947,-0.056449893680530744,-0.25685729877769575,0.9647993250246818,1.3138144566640677,7.5652962525574079,-1.5566629808465748,0.5701394253942975,0.4042347307265335,0.6309523809523809,1,4
-0.95077332553726879,0.3061616991031732,-0.047907175340026677,-0.30346011316196086,-0.9511832186476018,-0.056235614008544821,-0.062785692371207888,-0.038929404894580029,0.99726749584453089,2.2041782576646924,16.782528785627189,-2.4514649426798907,0.2730295581769657,0.2571334352772863,0.25,1,5
0.62589044033533558,-0.75412219024608007,-0.19889916760834836,0.7798301094305583,0.60145895743711852,0.1735284499561309,-0.011231968766096903,-0.26371735759541626,0.96453460185756323,14.548752330571046,21.966646678350262,-1.6397258538572841,,0.2718630758735121,0.1428571428571428,0,5
0.33594783858777871,-0.92641630477667802,-0.16997611594610523,0.94098300319674411,0.32224047684446,0.10349909554141155,-0.041110064984560699,-0.19471493349761146,0.97999798838058072,19.967475875042851,4.2643593603789167,0.9214267233869905,0.1972205331384911,0.2876563301869541,0.3333333333333333,1,4
0.97602510155888966,0.21074507166480844,-0.054419811612619121,-0.17943150629114374,0.92057991038084808,0.3468961849794267,0.12320444666102554,-0.32881475540520388,0.93632340617479271,-26.074194307700072,-4.8304058034946333,-3.0999598491695597,,0.4302451424721154,0.2941176470588235,0,1
-0.98243987602436089,-0.14060933038106302,-0.12264137233016233,0.14244460833039932,-0.98978283316701521,-0.0062830506502858235,-0.12050486942375196,-0.023642321748594292,0.99243116490137429,3.4072750897427375,13.925250436347925,-2.0135952922511398,,0.112581014459365,0.4,0,2
-0.98323545153842751,-0.13557206854240703,-0.12193547912383147,0.13761556754356011,-0.99044961286092048,-0.0084569470447643565,-0.11962442228779736,-0.025095390309517435,0.9925019994828852,0.26078036317685016,-18.875688495435814,1.2518523535091624,,0.09018404521692369,0.391304347826087,0,4
0.2631241607995019,0.96439514775470681,-0.026602161392146099,-0.95697669755184089,0.26439751857538041,0.11953891631578682,0.12231629632362603,-0.0059959284816762182,0.99247305882593717,-30.600843393815822,-3.2202482385785713,-3.7547866546447093,,0.160330195243323,0.3125,0,1
-0.696724487446578,-0.69755562458829423,-0.16730552650028602,0.70267623934234236,-0.71057650964812313,0.036429748832437228,-0.14429515326582024,-0.09218012009932415,0.98523181749396815,2.654864827978852,-12.783728816218101,0.80092047835855074,,0.05966680306247527,0.3125,0,1
-0.78123404689236953,-0.56357288213797152,-0.26843801983860555,0.60505609474813904,-0.78942188549589865,-0.10353844169308341,-0.15355938976273215,-0.24330781577828728,0.95771646148371958,21.271796700306645,9.0305495420146205,0.55306051204706375,,0.4441328901612558,0.5333333333333333,0,4
0.17070780124060084,-0.95374198020388035,-0.24745723224908861,0.98386233343627461,0.15132813633333528,0.095470958931015718,-0.053607419644370442,-0.25976148742771604,0.96418370355882499,8.9712656201124492,31.734122871478633,-3.2114154852874432,,0.3002012186223151,0.4090909090909091,0,4
0.28698450251206203,0.95325713707520621,0.09455541197143047,-0.95129972961252052,0.27200688352588792,0.14505543682909952,0.11255540749804546,-0.13157920021689132,0.98489501689938197,-3.1809078050239243,-12.61144393149365,0.10598276490645737,0.3081044425467961,0.4003692208851871,0.5098039215686274,1,3
-0.16936104320792847,0.98437933335995009,0.048105769896574807,-0.98161659831982151,-0.17284214183781857,0.080959544884701071,0.088009607126408249,-0.033510029226119703,0.99555581812107363,13.097008748233769,-8.0788875195615883,1.4808120657670247,,0.1534957910870628,0.1428571428571428,0,3
-0.79321525445664554,0.6068853436638777,-0.049997397364818293,-0.60828861510510801,-0.79349027184134246,0.018924830954659629,-0.028187245888669887,0.045424312203154446,0.99857003311239112,-15.627310702381402,18.553046905980938,-4.5618835948920884,,0.09917594548678664,0.1304347826086956,0,2
-0.42785068068804216,0.89224200830343769,0.14438834320480148,-0.9033973454790829,-0.42719683206887232,-0.037095860303637575,0.028583757907702911,-0.14631153505096026,0.98882551721469347,0.98047916550321512,-20.923557010267274,1.5656141080508232,0.8097080253619863,0.4512729749312999,0.3111111111111111,1,2
-0.73297433150055802,-0.60794213676876319,-0.30521302020447971,0.66473255949286258,-0.73541229968309962,-0.13152708399748997,-0.14449655259340216,-0.29929100857834845,0.94315727133536809,-9.1592838308318569,7.9816523552658083,-2.7404557019909355,,0.08170756390862602,0.1363636363636364,0,1
-0.53922366269549149,0.82760534323119272,0.15590778506680875,-0.84181463181758764,-0.5350051683995698,-0.07153737095789546,0.024206760359005687,-0.16982009787103361,0.9851777337678691,-14.258978783779733,6.0108357641973242,-3.0206707038459104,,0.1183671659747664,0.4,0,1
0.95366826189492926,0.29466295667410664,-0.060750211673526955,-0.26129117582061173,0.91127915007074989,0.31827226094118632,0.14914344669675253,-0.28765265966162368,0.94605083356921549,-2.7321997105005953,-16.089102717936456,0.56867042320677041,,0.3830225119503563,0.25,0,2
0.9940073249753012,0.024982172849168552,-0.10642052873002564,0.012255257144952821,0.9419297583275118,0.33558626171132938,0.10862433690363792,-0.33487941324722847,0.93597891643745657,10.299058904565797,-7.5105425290274637,1.0708636097070505,,0.5094320676694939,0.1875,0,2
