axis_00,axis_01,axis_02,axis_10,axis_11,axis_12,axis_20,axis_21,axis_22,location_x,location_y,location_z,dbh,dbh_approximation,score,reconstructed,number_clusters
-0.61660178320318992,-0.76573997126714033,-0.18287847701258922,0.78058710125572561,-0.62485473209154252,-0.015502939591846605,-0.10240126124139398,-0.15231172045054295,0.98301328653765685,-6.3664213126773301,17.300266395675521,-2.1275266448109109,,0.1280101395659873,0.3571428571428572,1,5
-0.0069427973138640785,0.99752655706605853,0.069946876366238961,-0.99913635031223602,-0.0097856765383825487,0.04038309076124131,0.040967682997737453,-0.069606095154242487,0.99673298353529693,-13.398538753422262,-8.5583017937359696,-1.2107500628168018,,0.3718189894929712,0.2857142857142857,0,2
0.97672120830584253,0.19071511023714344,-0.098200957087025587,-0.16939228330694678,0.9665865028239109,0.19239747117542613,0.13161282460927812,-0.17128420617755211,0.97639120495449516,5.2744766599145665,9.2924644262387694,-0.86544854926117143,,0.08668673168759952,0.28125,0,5
-0.40605911377312653,-0.88124019582762958,-0.24193328290969912,0.91014152367753642,-0.41379912185264323,-0.020314862340513433,-0.082209506747795175,-0.22844256173415387,0.97008019925603139,-8.4291562757585421,3.2957513530521845,-1.3378221853039387,0.6704773933615095,0.6949146868925891,0.8571428571428571,1,4
0.9534037441587192,-0.25131848826245284,-0.16691410390261113,0.28051897435967577,0.94207753933421168,0.18384508398701646,0.11104235970264613,-0.22210116465132043,0.96867985785407751,15.176417669840838,-7.7828028124834372,1.332393352502141,,0.4820081655641997,0.5294117647058824,0,1
-0.11559062440004793,0.98746962518591486,0.10743624568085086,-0.99309538865924107,-0.11706797295414384,0.0075258708571699119,0.020008912378187752,-0.1058245200489798,0.99418349130421824,-6.6089655102651612,-19.406879339245666,0.04633841166175931,,0.1200564057207626,0.3333333333333333,0,1
-0.71096519231402078,-0.67348876378046263,-0.20233976470123863,0.69387243672041043,-0.71861745060624715,-0.046151936512550173,-0.11432207519796017,-0.17321040599699258,0.97822728359864775,-19.186904465634001,5.8923972028432337,-2.5328191245191785,,0.06475202511180878,0.1818181818181818,0,1
0.8074197528079684,-0.57042674356872303,-0.15062095802743541,0.5890375935596649,0.79382432531474334,0.15125360793062892,0.033287477359500182,-0.21084655738279343,0.97695223685237831,-10.437396137518462,-12.084518109775999,-0.72840514724973493,,0.3376062914908729,0.8333333333333334,0,3
0.83298008339142038,-0.485815817825269,-0.26481535420739388,0.54650010520033188,0.79720848669261823,0.25650782397675792,0.086497489496797336,-0.35838752753971548,0.92955718727505987,-17.888282299767454,6.0129892390212021,-2.3869607630860892,,0.3387766063813755,0.5384615384615384,0,1
0.93048303991731096,0.36196229492274262,-0.056432344276155823,-0.34900333320781818,0.92270166296483602,0.16376298291054553,0.11134624302630804,-0.13268360191142145,0.98488429571586655,1.5382108661732516,-14.23530956401625,0.4711073694082718,,0.1624515995694927,0.4615384615384616,0,6
0.901728810164102,0.41955651225787205,-0.10419926075574107,-0.41258760238920983,0.90719197259696183,0.08230549927165369,0.1290605411222038,-0.031225916762251348,0.99114495349953735,-4.3902858600080386,-7.2222004216799673,-0.47757739192813825,,0.07585711260014695,0.3398058252427185,0,4
-0.63436997500573,-0.73766310705091132,-0.23114470642267607,0.77058035736930719,-0.62721274300066743,-0.11318165864736628,-0.061486971366458795,-0.24991461644644614,0.96631363275005344,5.3682062739389238,3.3071732351138237,-0.62603001402489389,0.4122182403758404,0.2126056894123348,0.25,1,5
0.92059743638851299,-0.36085598389200019,-0.14927598267716802,0.38614300642527516,0.89819033781441582,0.21011353037269007,0.058257520576725674,-0.25107185414968736,0.96621373688749101,-16.644809901954257,1.6516586012582348,-1.9938062582241713,,0.2482936756097831,0.5054945054945055,0,2
0.088097260803882263,-0.9125142293072207,-0.39944543300769331,0.99571266617520415,0.069319555230624288,0.061246107475466244,-0.02819856480604481,-0.40312849139508755,0.91470883912226475,4.6633191105795904,6.4325568887628384,-0.74264529234002707,,0.2656187475427009,0.2,0,4
-0.97072539150427017,0.22052982013780839,-0.095177795303665824,-0.21049951734660707,-0.97192914748195403,-0.1050889407685056,-0.11568131865485524,-0.081977623196740873,0.98989772290337452,8.059222222255606,1.7022236916644751,-0.28896849340289604,,0.1169340121774543,0.1904761904761905,0,1
-0.81586627962756519,-0.55561310266080088,-0.1601758218905503,0.5657739560557723,-0.82424843576611662,-0.022679214847736599,-0.11942380171337642,-0.10912651505819856,0.98682792790616514,-11.372287009388783,-8.101500725331821,-1.0282045045278472,0.6627169479391658,0.3352585324990389,0.2857142857142857,1,2
-0.78102605941801628,0.62435520861411831,0.013374153669884785,-0.61968857183608861,-0.77218003183970163,-0.14044241654068004,-0.077358699870886491,-0.11797699735311817,0.98999851497354663,-19.765658697021525,6.4946410289908147,-2.6429157357560644,,0.2236014197625587,0.3157894736842105,0,1
0.55197793516756688,-0.76984996741066436,-0.32039255104628789,0.83364761378809726,0.51812319503929638,0.19125901491872849,0.018762065812714539,-0.37266524179224164,0.92777615966695792,12.472994553167318,-8.8223022727047447,1.0348070312477913,,0.4910913226002081,0.3461538461538461,0,2
0.25457041622164656,-0.95122261293988641,-0.17426830984591729,0.96701888765475874,0.24885283686716447,0.054283851209334946,-0.0082688635065810666,-0.18233980973714808,0.98320080333639359,5.1646998991059165,10.426923399547332,-0.93883248786840667,0.1586426229089727,0.1085102698304338,0.3243243243243243,1,6
-0.44740550716787897,0.89361916306365707,0.035680576806741339,-0.89431105437576308,-0.44677136983775051,-0.024557709881225687,-0.0060041799742720815,-0.042896788909063649,0.99906146724019296,-10.192205507820239,-14.545238378252941,-0.58615921584140163,,0.3922758301968896,0.3783783783783784,0,3
0.32143103260656181,-0.92456429054868949,-0.20460440835836666,0.94690360543773111,0.31553060867960381,0.061757566300039486,0.0074601130356359751,-0.21359145027008114,0.97689458954639419,-9.4818260535383327,-4.0762945090942955,-1.0205809245344786,,0.06525805536820728,0.1346153846153846,0,2
-0.65921775699495389,0.75125798994721615,-0.032301414876298042,-0.74975949889496085,-0.6599668713709147,-0.04800440094057315,-0.057381553475999568,-0.0074270608826796187,0.99832469471977181,10.69470239499381,6.8873132798361603,-0.19789078073322422,,0.2314350491561727,0.25,0,1
0.010453289736042133,-0.95867926526217495,-0.2842970191368025,0.99918430183252815,-0.0010761990409477258,0.040367967091098821,-0.039005893210361568,-0.28448709663533295,0.95788602252191835,7.2244007310873775,-9.5018738537055665,0.53228977424188584,0.225244259168867,0.2113577757753831,0.3382352941176471,1,5
0.68231235195019679,0.73105536474238841,-0.002812126875640484,-0.72099590198378294,0.6735497431737334,0.16277485307377504,0.12089153691959686,-0.10903576088591989,0.98665923152284263,9.9002697381481539,-14.53364761628648,1.1077319179067457,,0.2177739251729859,0.4117647058823529,0,5
0.96799605320288029,-0.2058971598995839,-0.14349216190764968,0.22369714442839542,0.96706715344902527,0.12141131864278777,0.11376831087006403,-0.14962446412697411,0.98217579443625436,1.3390448008433393,12.229939379769732,-1.3374891355016041,0.3799220959796982,0.3897862923309537,0.7571428571428571,1,5
0.77947582866472831,-0.59802210340219286,-0.18651272441807262,0.62306722834644279,0.77094694713453216,0.13201527814850267,0.064843361172264261,-0.21911268458572106,0.97354248493094597,5.9645860570738547,8.385527503944175,-0.7617672597031383,0.642413496685123,0.6117622260258722,0.7383512544802867,1,5
-0.97120712149670485,-0.19794937875027521,-0.1325623272519951,0.20045790293749302,-0.97968563045717194,-0.0057179214436897316,-0.12873754815121949,-0.032126452155718785,0.99115817848005394,-2.8053898001601709,-7.1004718998343535,-0.37675168994370678,,0.07194369566697773,0.2891566265060241,0,4
0.98085455876294469,0.11469345562287475,-0.15738407095774912,-0.077102542271329025,0.97084272357274259,0.22697930315594392,0.17882822072941418,-0.21049897226149006,0.96109866826856472,-0.5253511237264622,-18.887879458050389,0.62373353390182829,,0.240505822089752,0.4,0,2
0.1947193760099841,0.97694864925761393,-0.087496864629574234,-0.97909205415943612,0.1989456829869567,0.042418919160072378,0.058848229269348552,0.077407699452812714,0.99526123906102393,-13.810287854540011,-13.39561367692791,-1.0023219313486662,,0.09999014436689693,0.3684210526315789,0,1
-0.90346769278655426,0.42161035375838674,-0.077400501901924657,-0.40375192750453831,-0.89764003924009428,-0.17671089663462389,-0.14398093320753202,-0.1284019842400061,0.98121476819089815,-1.5733024052839475,-20.066849741786175,0.60530264591206073,,0.2702694588646234,0.2307692307692308,0,4
-0.39570203451309222,-0.89530159363855999,-0.2045848389066367,0.91511131223339137,-0.40316140325815558,-0.0056717850272530899,-0.077402752565268337,-0.18946223726951422,0.97883240370563429,3.1561823014518486,5.9399460464168623,-0.8609758286044793,,0.1277355199116739,0.4615384615384616,1,5
-0.97316833273503822,-0.18396191602913781,-0.13820784931614744,0.18933157650831228,-0.98155145901788121,-0.026651218297593204,-0.13075530696145191,-0.052103231672875776,0.99004459644536169,-8.5032927703889634,-22.045039031167203,0.044484112751665972,,0.1380072389859213,0.5454545454545454,0,2
0.96685912704189525,0.23065265423686346,-0.10946589217319252,-0.21216019472495998,0.96436462751662955,0.15807883150181151,0.14202633639593115,-0.1296156560304384,0.98134005394753299,9.8459247413963862,-15.889044552765913,1.1916499509903986,0.5009251408788002,0.4296547166437182,0.7397260273972602,1,5
0.1098269331756165,0.99067349259494208,-0.080647850677980026,-0.99354354448691617,0.11174222532544732,0.019618875800915793,0.028447670512951509,0.077972470456283957,0.99654955917572396,-3.3212586928992947,7.6234948597909113,-1.305102533904827,0.2368754216418134,0.2154980750007272,0.802158273381295,1,5
-0.99168236261545795,0.031538705353641922,-0.12478542279464999,-0.024299462094339256,-0.99795530081646799,-0.0591164419957627,-0.12639473018820507,-0.055592514216652962,0.99042104407354037,-8.8088133005629246,13.472567888612733,-2.0395699768031017,0.6470446572161002,0.5414736434741918,0.8273809523809523,1,6
-0.58162401514308693,-0.78745251282173978,-0.20403932233656361,0.81051386160062955,-0.5823129334029844,-0.063078742416513553,-0.069143222097842488,-0.2020648104998527,0.976928363389859,1.7195287558165935,18.315604235781645,-1.4753175284415925,0.5745315877223888,0.5323361038960437,0.8,1,6
0.66981930667317113,0.73960168932662596,-0.065813657800433495,-0.73328652177345466,0.67282037038294362,0.097998092752597007,0.11676032456815212,-0.017380746329169375,0.99300802426958246,12.003605764227441,21.602786427788409,-0.24734058428472605,0.470735569503337,0.4136560501756275,0.75,1,5
0.29291692629332117,0.95234890100804226,-0.08503672759253561,-0.95334649145868799,0.29769539968999786,0.050079099700588318,0.073007818172316816,0.06640044993963895,0.99511850486941034,-4.2109882445016842,9.6156176247195724,-1.4746652424465596,,0.09217163741192846,0.4893617021276596,0,6
-0.83625049025469145,0.548320887002547,0.0054150185161434125,-0.54223700826156362,-0.82542110644858524,-0.15703192000591329,-0.081634211090320583,-0.13425424353045498,0.98757868226978629,-1.4226714098139626,-8.8653881064980578,-0.16966367112161956,0.5959990701966328,0.2902742183504397,0.25,1,3
0.24692813756182624,-0.94751278081009438,-0.20309117430792245,0.96899117854465033,0.23946803116332915,0.060919274071589181,-0.0090879471223370804,-0.21183623923276659,0.97726292110404966,9.5338076088889014,11.1451996740595,-0.51130415302233634,0.3518771193052048,0.32286473993513,0.7096774193548387,1,5
-0.51851296203290376,0.85096018727772238,-0.083732119715964295,-0.85388019936736592,-0.52046658340639351,-0.0017721979639960723,-0.04508784018127833,0.070578291460899473,0.99648672416758655,-10.378151414689507,-10.128254485200939,-0.82523765615267242,,0.08906539582999234,0.3428571428571429,0,3
0.97890063878954048,0.20233865409037879,-0.028506287698059206,-0.1866569443159995,0.9422226009740019,0.27816497865907075,0.083142795935933864,-0.26697497874273057,0.96011022086491415,-8.4413025301150117,-20.382068585737972,-0.052224950041716532,,0.3888479775038344,0.1176470588235294,0,2
-0.66331690790684261,-0.67379881181474377,-0.3255853818615706,0.74022460831576176,-0.65466555409660721,-0.15323361747070727,-0.10990090504032296,-0.34264876108986825,0.9330131926156755,-22.254792763826405,3.6981043835958758,-2.7902956750443444,,0.708473000183871,0.2525252525252525,0,1
0.52360967477216958,-0.83862296808178927,-0.15014801327580596,0.85121925586111602,0.52230584605299024,0.051209194780981529,0.035477978186890281,-0.15462250995427101,0.98733641302203079,4.2497671499339305,-4.2378429905966106,-0.28428524377683195,,0.1114562080043039,0.4482758620689655,0,5
0.083106051775968207,-0.96368998471165579,-0.25376169436039375,0.99611794983764879,0.07291589053900914,0.0493183831663358,-0.029024371990593788,-0.25687523483853214,0.96600864362447569,6.7515184769598244,-5.8803239598764714,0.13852362698970638,,0.1372562348032815,0.2037037037037037,1,2
-0.23473871195694443,-0.94057855280405656,-0.24537669635444667,0.97046439023960307,-0.24121503069347205,-0.0037651353791944265,-0.055647141756526554,-0.2390131690358818,0.96942049732907676,8.1292147143663165,5.6461776188953845,-0.42408873888065202,0.3539427043364005,0.2418377811868834,0.5,1,5
-0.42386839502463475,0.90552392342426957,-0.019026502714875562,-0.90550998947474448,-0.42413123972057698,-0.01281992412362374,-0.019678482174432303,0.011794727610470148,0.99973678622920836,-15.719645645247827,2.3213452063328033,-1.9368841372600045,0.1612397362049957,0.1767206760881651,0.4135338345864661,1,4
0.6117713436874862,0.79037246101437975,-0.032360406562351174,-0.783613420881213,0.61111510584604256,0.1117512148552451,0.10810101598805895,-0.04300814198327145,0.99320917739693493,-6.1479311760727082,12.429347137365149,-1.8201231682385526,0.1647381781320954,0.2167900980847638,0.4615384615384616,1,3
-0.97746081087010506,0.17119113850379852,-0.12354738892801773,-0.17419852602003474,-0.98461267642467287,0.013883477816820524,-0.11926959690384174,0.035092328529411125,0.99224154908609785,-9.3793741466963478,-10.963991434566985,-0.69775181261502606,0.09788371372440373,0.095721137055312,0.45,1,4
0.41429364286306203,-0.8888069111968947,-0.19591593118449938,0.9099065371140872,0.40938552930864214,0.066884842152264548,0.020757437228715672,-0.20597515141715214,0.97833704100293417,1.8971585139496456,8.5338379840295104,-1.0377764612126668,0.1826541487326566,0.120698523597294,0.5263157894736842,1,5
0.96498950860074384,0.23750609455141095,-0.1112928719255257,-0.20972210907014718,0.95351083921615498,0.21641098970355702,0.15751788869098146,-0.18549375878514096,0.96993823524701561,-7.7183580884617831,-11.218883202870234,-0.54666518332719549,,0.2006138649252535,0.275,0,4
-0.8737573390852178,0.47813232458217014,-0.089093168000533463,-0.47457664276407413,-0.87823956843741546,-0.058925975372866202,-0.10641955899881082,-0.0092054668818878048,0.99427870179441424,3.6435179974857448,-13.40828144893127,0.57210286705633218,0.3666341755580929,0.2840367280952701,0.7027027027027027,1,5
0.96853414265953064,0.2268937248639647,-0.10227830718253252,-0.21339237185848289,0.96855773581299187,0.12790468337563771,0.12808321566614378,-0.10205464229601077,0.98649862638041919,-19.43747981069038,1.6036273397150733,-2.3517746292074775,,0.3907692706892029,0.7037037037037037,0,3
-0.97923109554601295,0.16830215174474514,-0.11305240923502917,-0.16461224719812206,-0.98549398156732393,-0.041284626278645924,-0.11836076033948112,-0.0218173786847063,0.99273094663115458,11.472257892773984,17.970496988199617,-0.24020524343995348,,0.08388623369952888,0.4444444444444444,0,1
-0.3480929663998561,0.93461235361922557,-0.073013938431514561,-0.9373511229674617,-0.34818236627520288,0.011912685954030094,-0.01428842239673395,0.072586419372585503,0.99725977192909965,-12.745685262859363,-11.645089971338935,-1.0101394009769311,,0.2335997213607361,0.5405405405405406,0,2
0.44852050222010975,0.88853402792899017,-0.096626291973276546,-0.89055677894872376,0.45345000851747652,0.035940412406839949,0.075749472319572964,0.069931187518766397,0.99467162745074855,-11.359138783337768,-13.272629219507749,-0.78717162725442169,,0.0929270003838425,0.3428571428571429,0,2
-0.49840611347331648,0.86462044306708019,-0.063425826623766432,-0.86601059143718062,-0.49992892299578706,-0.009835012501018911,-0.040211958060338331,0.050025607270245742,0.99793809279243106,-5.6687874735640484,-5.1272163889292148,-0.70581121272398328,,0.06892341120156847,0.3695652173913043,0,5
-0.89272031834427412,-0.42884049460263324,-0.1383700235031651,0.43561662917411842,-0.89987440823625975,-0.021545342615488784,-0.11527612763393874,-0.079510248335727937,0.99014621890269994,21.555824560299385,-8.1636493998636119,2.2709132443379572,0.2087229780949103,0.1786649284253433,0.1538461538461539,1,6
-0.52305418026829154,-0.83313428028957526,-0.17972644632951948,0.84697588939163526,-0.53163104489201485,-0.00052430551524145017,-0.095111341558798496,-0.15249820691862745,0.9837164884220907,-7.9082516024468967,10.88180006761767,-1.843665104769088,,0.08401343153934297,0.4285714285714285,0,5
-0.47248155151208132,0.87272367254105143,0.12294134726444386,-0.88119322840587788,-0.46523336200335086,-0.084002458837140595,-0.016114518061769195,-0.14802469478272534,0.98885237120720804,-7.1823828164075092,-11.984732175285925,-0.44653701557126668,,0.5047835250263347,0.6129032258064516,0,3
-0.20379127889399271,0.97402742537543108,-0.098689864035053906,-0.97897077884395345,-0.20179303998086753,0.029929637233691672,0.0092373598182213332,0.10271389210708801,0.99466804892476524,-9.8811597174190311,-5.091982991391073,-1.0128533063275329,,0.06672375313317205,0.2846153846153846,0,2
0.36632606966398923,-0.89223081701008788,-0.26406321186800025,0.9304637561934358,0.35324262667788503,0.097246311539871913,0.0065122265728138062,-0.28132510708292369,0.95959042045543808,6.8603473806466866,-4.6556551878815124,-0.048539482456870314,0.2182603062887594,0.1507700250503997,0.4571428571428571,1,5
0.60635851263560336,-0.76699372835754609,-0.20988085861871841,0.79358065592790972,0.60046307347583083,0.098355680715392718,0.050587515172898466,-0.22619619371720318,0.97276728216798158,13.008280926072876,10.222026815984147,0.1080658976871004,0.2250975028236733,0.2067655228338666,0.4761904761904762,1,5
0.67137666863848133,0.73892706928009411,0.056922360220088959,-0.73277125810721322,0.6503623989317604,0.20018749548285236,0.11090379659807134,-0.17611228333326492,0.97810265900838667,0.74820253604386633,5.8659870822559128,-0.95207056214869368,,0.09147588855012879,0.5348837209302325,0,5
0.99721026298553594,0.035984122173794778,-0.065397510256128513,-0.022987277428021823,0.98159437305855357,0.18958921872361995,0.071016029688839813,-0.18755700395124372,0.97968315990225496,-10.704257723037788,-3.2581145258571658,-1.1720732723389624,0.9736530877189705,0.5422044934881711,0.2540983606557377,1,2
0.56625168085354305,0.81943643897289342,-0.08878601474309393,-0.81810483604886741,0.57188219495433279,0.06045851741210681,0.10031705320628578,0.03840153092831252,0.99421416770149096,-13.135279359640707,-10.155704685908718,-1.1025336399931354,,0.08818981773944287,0.4666666666666667,0,1
0.17680904218587601,-0.95706452809730769,-0.22970862338882961,0.98414910053287452,0.1686487170022794,0.054846678785672641,-0.013751746130828539,-0.23576492383593267,0.97171281259793507,4.5342784875270246,29.68517480821777,-1.4884005078761271,,0.1899480928002896,0.4166666666666667,0,4
-0.5944025943926049,0.80349341127622187,0.032922542657587955,-0.80233577763710529,-0.58978962812716973,-0.091681483828942756,-0.054248094001563357,-0.080910645710653803,0.99524399606723701,-8.5447569444560845,-9.9885714327679214,-0.66773189710222169,0.4708463989958719,0.4785696956380976,0.5858585858585859,1,3
-0.94265565872945389,-0.2652355085498731,-0.20260906709629251,0.29701327979219255,-0.94353808072895184,-0.14669356441715736,-0.15226102814714096,-0.19845910213093329,0.96820997933762243,5.1906049025570278,-15.070728305931821,0.81959643601611554,,0.2516359076146371,0.1052631578947368,0,5
-0.0085671473539242916,-0.98110601391113528,-0.19328112544586162,0.99983519699974344,-0.011498340597775615,0.014048736739687626,-0.016005712314659758,-0.19312891453870984,0.98104283267469972,-0.34216616963048185,2.2126148344120264,-0.87594668237829676,0.4311464171728565,0.3356830384971181,0.5490654205607477,1,10
-0.83292558516745474,-0.51312956482127747,-0.20720284573282127,0.53538972831870035,-0.84192857963806866,-0.067187093994696939,-0.13997431330169499,-0.16689612486499045,0.9759881531661988,-9.5146525411815439,-6.1077932483143051,-0.96254846354940193,,0.3058749149840351,0.4953271028037383,0,3
-0.67088882311089848,-0.66355696898474914,-0.33105941451142401,0.73326117349130293,-0.66019933277423204,-0.16268033825455511,-0.11061753240346366,-0.35189343545487167,0.92948091513959374,-13.261426868844069,1.1700322396324299,-1.6348331800222993,,0.2846054831114868,0.3703703703703703,0,1
0.098709893698999268,0.99491968067568415,0.019778419808691661,-0.99431912457055605,0.097815962885225011,0.041970417177826236,0.039822548878452713,-0.023808956487693069,0.9989230692059281,-4.5254868373850474,-9.707776167041704,-0.3222078852398127,0.5900415198940404,0.7118375732924753,0.6136363636363636,1,4
-0.28933728093227151,0.95636002654652408,0.040736193816463852,-0.95722705258740759,-0.28905045180296052,-0.012892094761115082,-0.00055466886059848649,-0.042723950384265151,0.99908676120045659,-9.7447383892357795,-9.3102657128880058,-0.82319348319345076,0.7251360779216316,0.4395081379280035,0.1379310344827586,1,4
-0.80042477413801982,-0.56169912544491607,-0.2093185931075319,0.58712886892888649,-0.80503091788378212,-0.084881756116855278,-0.12082993096243204,-0.19083844928528348,0.97415646282206725,9.8954286974702796,9.5264577704733853,-0.42762172333809795,0.3481872581368796,0.2486271435771855,0.5573770491803278,1,5
0.98531659862288801,-0.058971150876605746,-0.16022984691533673,0.08673436286208111,0.98123072113582599,0.17223072373469367,0.14706580424127319,-0.18359922457231706,0.97193774181236103,-2.2644705687016939,-17.591234789446208,0.37540309592742627,0.5751382351000806,0.308732081545463,0.4358974358974359,1,3
0.69353956637964909,0.71295117819631504,0.10345765981509197,-0.71154391693877317,0.65542428415158949,0.25322768808288898,0.11273031594631934,-0.24923808949047732,0.96185874774510416,-11.373818787407457,-1.8448877966203576,-1.3044535087572866,,0.2743296351111886,0.35,0,1
0.81690159718144661,-0.54717104063422051,-0.18241609801129474,0.57068396708377667,0.81263270651291586,0.11810120244525886,0.083615729596318772,-0.20057900337961002,0.97610269601477762,-9.0448348302272681,-20.88547757919499,-0.10319419790587837,,0.118539307782045,0.2380952380952381,0,1
0.99135988421411769,-0.029201050496039122,-0.12787837432849572,0.041214024262259265,0.99487551125550788,0.092326168057607558,0.12452704194302942,-0.096798841697715896,0.98748316444934847,18.337900604458817,-5.5823403804251521,1.6135325733487855,0.3044585816541798,0.2735917878539863,0.6279069767441861,1,5
-0.053768543580099387,0.99634465827587049,-0.066379708092259765,-0.99819147502075656,-0.051840469282878276,0.030435915304405699,0.026883506414918212,0.067896153570505172,0.99733013060529208,-4.1743112738704964,4.5232225281011882,-1.1833710209541246,,0.07122795487784235,0.2707182320441989,0,5
-0.85059076247795895,0.52582389895999571,0.0021405769484704349,-0.51811743965215307,-0.83741604460800301,-0.17403645296714185,-0.089719972778983206,-0.14914286947620051,0.98473688413146321,-15.068429656389629,-7.5979050819654104,-1.4097356938854129,,0.4180051408077489,0.3333333333333333,0,1
0.60977472999417692,0.79121750822863679,0.046364138436907246,-0.78514341913317576,0.59503099927595138,0.17172047429625206,0.10828014615983879,-0.14111330402598632,0.98405408661032145,1.6314081495630368,-5.6084880663005316,-0.25199345903821441,,0.2767052382841569,0.1785714285714286,0,5
-0.81716858330275943,0.57404437831673616,0.052043810255515952,-0.57085797399865501,-0.79351833455081411,-0.21083127437325874,-0.079728790189686968,-0.20199431787714561,0.97613606406086351,-4.1050435022412799,-13.092400285602945,-0.10224242326447684,,0.3238824452820642,0.2903225806451613,0,4
0.77769292629352604,0.62195282248620365,0.091478953833421056,-0.6170656910126221,0.7274431982948697,0.30009386236583674,0.12009848195596594,-0.28982939784634576,0.94951317777895894,-13.01990059485356,-20.175130216512908,-0.61395699119911007,,0.3619475645317179,0.1052631578947368,0,1
-0.66089713823422624,-0.70728952354823538,-0.25091134400963505,0.74256408514316585,-0.66471941336447804,-0.082138182058516737,-0.10869016574329082,-0.24060264207879234,0.9645189560062577,2.5197507428290598,-12.622381451065193,0.43233941105032597,,0.1048378499320076,0.1428571428571428,0,5
-0.98169130082364653,-0.10563836342256284,-0.15850150176127309,0.13390684909136422,-0.97453706727961764,-0.17985121702247078,-0.13546640046003627,-0.1977828118706067,0.97084026166767323,-11.574757766075724,10.653797468120654,-2.0522733103490549,,0.5704587101631232,0.576271186440678,0,3
-0.97082264131649876,0.21143228348880763,-0.11313615074752086,-0.21011027938408461,-0.97739228882487439,-0.023621690092275573,-0.11557278920403019,0.00083859667425877158,0.99329865959399066,-1.523875326950217,-4.3907378197000142,-0.49055822226654139,0.144584183185901,0.1102652386215369,0.4406779661016949,1,5
0.5865837409861675,0.80833738925628851,-0.050101695989275379,-0.80387218725671372,0.58863749723440162,0.08541313367818916,0.098534366419951641,-0.009826595542134095,0.99508513035532342,12.874961998037323,-3.5322798001681859,0.61466230636215013,,0.2619281121946885,0.5,0,5
0.35359416172879293,0.9342121321920196,-0.047104785919831693,-0.93219565077845712,0.35610017864899446,0.064837731575703259,0.077346218143106271,0.020984633220410151,0.99678343069473396,-11.905517231337855,-4.8972937686950813,-1.234190347389579,,0.06500032062178904,0.2678571428571428,0,2
0.95867396299611285,-0.25100442776294557,-0.13394405517499899,0.26755446095242663,0.9554714596006072,0.12445441058130775,0.096741113792344721,-0.15514853248445665,0.983142965071782,-10.927880934517098,17.86324307779628,-2.4840911700406547,0.5584787617285243,0.4742048578776051,0.5,1,4
-0.2976809265555409,-0.89300538417652253,-0.33753140564513018,0.94884371660944522,-0.3157427283476833,-0.0014597761257048767,-0.10526949898147517,-0.32069910091439879,0.94131313560200924,21.214532541696581,2.7100046887269542,1.4794744623038854,,0.4832325875171676,0.1481481481481481,0,4
0.17195914044668228,-0.96777725820725335,-0.1839489943263905,0.98505980625718981,0.16715658813892273,0.04142285767910129,-0.0093398133486044133,-0.18832379971370247,0.98206258168612004,2.7685046377858562,-22.540718124426252,1.2101750311086601,0.4690199736705393,0.3751393399679368,0.6041666666666666,1,5
0.086115728298356772,-0.98748108029893811,-0.13215595859168056,0.99599972710498785,0.08215536386085058,0.035143132980444566,-0.023845858056139629,-0.13465367518390889,0.99060575549157437,-24.90990238091176,7.0364427820417816,-3.2758585716118076,,0.1070048068592094,0.8333333333333334,0,1
0.071038485760917799,-0.91098653330527124,-0.40627216207517947,0.99713994688494156,0.054323754836229796,0.052543848229738031,-0.025796508815970249,-0.40884283752676681,0.91224014071732773,3.8976497732929949,-19.630414739572647,1.1016214002115905,,0.3133722694974681,0.1333333333333333,0,1
0.76169917542414411,-0.61840892274222259,-0.19335141693554589,0.64368293901054696,0.75634219379508449,0.11669944263784525,0.074071858252131167,-0.21334687754462969,0.97416449825326368,-5.3145148664126403,-3.8904533811714779,-0.76417082709231032,,0.2325052515606003,0.4532710280373832,0,1
-0.43893259122475869,-0.82934486890131298,-0.34572426699290759,0.89524394145532571,-0.43649004696917681,-0.089524991954086142,-0.076658108822565796,-0.34880299213726657,0.9340556766209589,-4.2917277314735296,11.493665912354482,-1.659706587457954,,0.3337109163686236,0.2291666666666667,0,3
-0.98542200686857495,-0.10720550379781381,-0.13210014509669127,0.11892008259573476,-0.98932563426050779,-0.084218782646552526,-0.12166134281082697,-0.098700401977401125,0.98765213932586871,13.357642104095962,13.47749873586111,0.1368429033579672,0.6295545363943047,0.3407394740836661,0.2941176470588235,1,5
-0.48834151633071188,-0.8228930170474279,-0.29046453470673828,0.86994553916297579,-0.48526464842424138,-0.087823572462842225,-0.068682765802344531,-0.29557622279926088,0.95284698362195652,-19.495509086792858,7.3498475607061442,-2.6455955095991066,,0.4277955431352541,0.3333333333333333,0,2
-0.91918471449645089,0.39294437018302764,-0.02634734479115786,-0.3822281191592124,-0.90623184342847496,-0.18068068762388881,-0.094874261842141872,-0.15600823022422283,0.98318884581865362,10.541305440803615,19.070873855122763,-0.39886983695081468,,0.4039048692235395,0.40625,0,5
0.95799039846945833,-0.24384701432095271,-0.15097360712086821,0.26394139461181892,0.95553677175837837,0.13147021726590932,0.11220221321657313,-0.16579539023849341,0.97975637376082869,-15.64293862560166,-4.678094108367743,-1.6258124948633592,,0.09878435567757701,0.4,0,1
0.63466206645534096,-0.74862040525837503,-0.19175909426523627,0.7710495437488748,0.63007150824611458,0.092154737160491496,0.051833025064040056,-0.20634287806283408,0.97710590735367964,2.9745546884833147,-10.417793582545601,0.27874772990974722,,0.113732621727497,0.3333333333333333,0,5
-0.31971669364630684,0.94747051443817865,0.0089922229802125164,-0.94746380153563403,-0.31958874051341613,-0.01324317623124697,-0.0096737057799531068,-0.01275387028711788,0.99987187089605689,-12.269811652708404,-19.473227463598104,-0.55603335778151297,,0.1772781392547802,0.3333333333333333,0,2
-0.71930459252850132,-0.67480637869248716,-0.16503713049898294,0.68509792124332292,-0.72841112830196419,-0.007620136083874636,-0.11507276600257929,-0.1185477939136394,0.98625791712042765,-13.261209625717543,2.1351834086869856,-1.6763365186055383,0.5380611266983533,0.4039089705528841,0.7440305635148042,1,1
-0.37959419420267343,-0.89891936645344961,-0.21875150363495202,0.91938261007333633,-0.39289764489020162,0.01915872998069789,-0.10316910401066463,-0.19384378570039937,0.97559249829166617,3.8934297634469295,8.462050056628982,-0.92477934140895668,0.2527619549092005,0.1734843178653921,0.3461538461538461,1,5
-0.84246290369720211,-0.48750807217530684,-0.22932975266631653,0.51591771271177689,-0.85263227633952987,-0.082747296356553104,-0.15519397412376087,-0.18802680901399826,0.96982511283616779,9.4972640730653719,2.3137850987209978,-0.21478770841034725,,0.2695585543914835,0.1842105263157895,0,3
0.7662239615164913,-0.60691835920261683,-0.2110709503005527,0.63521487657886666,0.76498910190421865,0.10627198379945756,0.096968558671715929,-0.21550354806958641,0.9716765508123314,-2.1113288721760082,-15.833331684347113,0.27276189876081397,0.1797815250678456,0.1310487478301325,0.28,1,5
0.55525181095726184,0.82722237076354943,-0.086014973911605466,-0.82538697214273593,0.56079489777401692,0.065156955481947748,0.10213604968730534,0.03481712134802329,0.99416095045787689,11.925081267949704,-6.2912289962273613,0.73046923659379293,,0.0791311614171793,0.2758620689655172,0,4
-0.35591249378982542,-0.8543710591876208,-0.37865074935477289,0.9312910921978047,-0.35791324076678405,-0.067786530202085651,-0.077609267212928448,-0.3767601429377071,0.92305395093473852,-2.6187003353573775,16.567944035498297,-1.7958129828781666,,0.2665457189768393,0.125,0,1
0.57579546470115406,0.81735685751412812,0.019681217040895947,-0.81129534001116932,0.56821197126948908,0.13760460378272824,0.10128896339553731,-0.095199386451121443,0.99029168567325987,-8.8297362927918481,-15.310087442373925,-0.398429125571167,,0.06901342847094018,0.2,0,1
0.08963494786807881,-0.93756088492963752,-0.33607315151711098,0.9958376499565208,0.078768945724204467,0.045856603870894186,-0.016521230273849725,-0.33878465171765598,0.94071887868309811,3.5775404392041286,14.148431115330135,-1.2257312313409878,0.2025811791177923,0.1415317522263391,0.282051282051282,1,6
-0.16784096730302508,0.98537133958140866,-0.029542051829988269,-0.98572664669466803,-0.16735158677060444,0.018341875625083298,0.013129649304915933,0.032198905833920176,0.99939523851788892,4.8145798166840832,-20.239970443060347,1.2535971020294732,,0.3318582931772438,0.6956521739130435,0,1
-0.96805762985114818,0.2381623047005183,-0.078378197904228647,-0.22598771374711793,-0.9642089151003238,-0.13867487615428575,-0.10860008527771849,-0.1165327621778236,0.98723155177338118,-7.0342859525707073,-6.3884389996061204,-0.72821377849534852,0.5222636056447021,0.3307645347033132,0.4285714285714285,1,6
-0.73328636052412854,-0.6557564420956643,-0.17965133486649404,0.66989708252421276,-0.74200190792643383,-0.02590496977569115,-0.11631428241976631,-0.13934366610494889,0.98338920597167756,-4.4309853369675745,7.0407663203936952,-1.3309747564063443,,0.1054462396331692,0.3474576271186441,0,1
-0.59098029343064884,-0.76080278318329808,-0.26818168818391014,0.8003582309065963,-0.59455249762172735,-0.077032654061960609,-0.10084143491981919,-0.26016620201769786,0.9602835791218125,-1.9996482489755838,-2.413049951299318,-0.66396507389865544,,0.311124195560221,0.296043656207367,0,5
-0.025289294087773698,-0.97996300769972877,-0.19756759639334751,0.99890273606467128,-0.032563917277317833,0.033658805297730313,-0.039417958940774822,-0.19649960516921799,0.97971124811409882,9.233904729600134,-4.0536934766640673,0.16114737380216426,0.1456848110455533,0.1051950222303333,0.4615384615384616,1,5
-0.42859243291412452,0.89848476229173468,-0.095045559487638653,-0.90311702210071276,-0.42908903634000295,0.016193927403484625,-0.026233010515257817,0.092777857392666502,0.99534119694551626,-8.5213137240675927,-3.3494936451174504,-0.99719170794878176,0.1342329815475256,0.09686196079102101,0.4651810584958218,1,3
0.76870103530130429,-0.5937949540792592,-0.23771047691827274,0.63655262731033302,0.74651654332117312,0.19368480377179328,0.062445744378734305,-0.30020093780302631,0.95182977782330813,4.2898853996195676,11.671686755477781,-1.0473813483962917,,0.2259710800306826,0.5,0,4
-0.26797803766579315,0.9534300712035515,0.13841557229438475,-0.96341443835515128,-0.26586841264411282,-0.033861587779197067,0.0045156724437493473,-0.14242572268691853,0.9897951920571697,-7.194296972575108,9.6171143326473505,-1.7088893679908344,,0.2157097451580329,0.5,0,3
-0.15220635642858532,0.96927497356297088,0.19323366861713684,-0.98822487334835063,-0.15234548692529087,-0.014228573685837095,0.015646876952659473,-0.19312399705370403,0.98104958947222931,-15.417831370599542,9.5303919465319122,-2.3167698391415437,,0.2311268064351183,1.0,0,2
0.97701956314754934,-0.1532054665378704,-0.14819196418795549,0.17524302285986795,0.97313820434144294,0.14930478287733057,0.12133695301064155,-0.17184330151048791,0.97762325236262038,2.2182869951711974,-4.4261627893871811,-0.39221945223169874,,0.07860025084205663,0.4146341463414634,0,5
0.60256547706672137,0.79581171646801352,0.059987980292627925,-0.79126635013124758,0.58594517936339308,0.17483080372398496,0.10398273413085528,-0.15281347686979424,0.9827693688193766,-10.024771720217593,-13.247606842213187,-0.63973532981569858,,0.1363329807334326,0.4285714285714285,0,1
-0.44281988984115733,-0.837748523540362,-0.31951205997115051,0.89435945643416426,-0.43794637331715008,-0.091236707443554374,-0.063495730941935502,-0.32616006101958289,0.94317967893071675,-7.0027740625970871,-9.4901563669934852,-0.55948659794651889,,0.3003615110949726,0.2280701754385965,0,2
0.60612633943925154,0.79438880878886931,0.039462401206409786,-0.79070939205052604,0.59647138794574328,0.13784244877818694,0.085962305466185579,-0.11475323016403911,0.98966771100499062,10.463990573997171,20.957251962509627,-0.45834795621469299,,0.2791748039297453,0.1304347826086956,0,3
0.7993156115978387,-0.56651749994798895,-0.2003808257010963,0.59482279915264358,0.79327956966634827,0.12997446656242201,0.085325205327536471,-0.22308170387248935,0.97105826948394802,6.7555571970951291,12.316432605555327,-0.77632843811313168,0.2681643080470831,0.1664387933315394,0.3783783783783784,1,5
0.59937146724052015,-0.78352485875103239,-0.16383723623498869,0.79851663535027551,0.59954404871515588,0.054019595695567184,0.055901943855469434,-0.16320456295524327,0.98500723007689972,8.0677351663260382,-7.4128781189821629,0.3760743392108693,0.2238415955069998,0.1650891117406684,0.546875,1,5
-0.98804808413617728,-0.037825570302397943,-0.14943296044088861,0.054754545540662808,-0.99232758413103028,-0.11085082550575982,-0.14409345293060785,-0.11770807960361632,0.98253849024786966,7.2073648724806443,1.9183176283613144,-0.41465051203256903,0.5680395809562222,0.3804053056237988,0.3179190751445087,1,5
0.97132236414308426,-0.18987534639864265,-0.14310911132937926,0.21356163125219615,0.96129710466186469,0.17406695902903657,0.10451935022946809,-0.19963774542583568,0.97427946505553431,-0.059177750874468124,-12.617018898452644,0.20406415717977136,,0.1135474303824752,0.2258064516129032,0,8
-0.64990075942810288,0.75937238462734491,0.031346201686250172,-0.75794385552917609,-0.64452894030034003,-0.10051645129474078,-0.056125883158686128,-0.089084378993741525,0.99444148076141547,-6.325727573103177,-12.556827862262077,-0.34091731998370944,,0.1846779664705389,0.2380952380952381,0,2
0.96238295151425346,0.26719697308792012,-0.049242585303461532,-0.23841831585765136,0.91743440074749061,0.3185448586756579,0.13029106376999344,-0.29482180702544208,0.94662787873796372,-11.158557529459801,-19.305558202760942,-0.41441282589222772,,0.3694597446416651,0.2,0,1
-0.96910341463152516,-0.17659572912563468,-0.17219907143798555,0.20953171433438897,-0.95775140019888116,-0.19699927945344151,-0.13013467039037258,-0.22699384104347126,0.96516255816868535,-13.71303809665968,-6.4346547541236889,-1.3376357972660657,,0.5686122279022127,0.4626865671641791,0,1
-0.27851078487784292,0.95937458434754208,-0.045079370167617178,-0.96040441656517572,-0.27783276427307207,0.020792107600915134,0.0074228935619791757,0.049085252412151406,0.99876700919023287,23.244399123310345,-8.773654069207959,2.602810290866409,1.045000887021376,0.9319241847123573,0.9464285714285714,1,5
-0.53464432215188396,0.84344085608892694,-0.052563971222981419,-0.8442089660061044,-0.53587964819851652,-0.012009344758891521,-0.03829713443139475,0.037954247807221973,0.9985453442722223,-23.708441435426259,3.6197908006950574,-2.9500444423566039,,0.156066710151101,0.5714285714285714,0,1
-0.59038925456736069,-0.74245110759936439,-0.31655470446018241,0.79606008824919083,-0.60034691644611193,-0.076628426907613248,-0.1331497802780264,-0.29723716580892456,0.94547406271869283,-3.1303403932740737,-11.166686688651346,-0.11145983307384015,0.707537464813177,0.2774126930994531,0.3055555555555556,1,5
0.91674265996599669,0.39664557746584467,-0.04748874893335972,-0.37287901123619954,0.89228643375651173,0.25453126156446992,0.14333226565565499,-0.21563210802399771,0.96589784947019286,-15.469099440486483,4.4318811997390855,-2.055787748695395,0.6932421783860867,0.4835338284043685,0.1304347826086956,1,4
-0.95079830502770346,-0.26806615627589697,-0.15531619045004158,0.29034566039586374,-0.94589514234208028,-0.14485087912382905,-0.10808321167386226,-0.18281935223909637,0.97718734324649381,-15.405041999277147,8.1558218497910762,-2.2523271539838099,,0.2438232355576242,0.1578947368421053,0,5
-0.59815981902712057,-0.7452986182810003,-0.29450772568792588,0.79465950038024691,-0.59912265775562623,-0.097817786824540703,-0.10354278998007943,-0.29254403181789074,0.95062972817542069,-6.9512337531044057,13.627714342076262,-1.9348409267899149,,0.2936010139514044,0.25,0,1
