axis_00,axis_01,axis_02,axis_10,axis_11,axis_12,axis_20,axis_21,axis_22,location_x,location_y,location_z,dbh,dbh_approximation,score,reconstructed,number_clusters
0.6383508356513089,0.76925068777818928,0.027596919684242327,-0.76926071127280371,0.63626634225024703,0.058336093557519432,0.027316088946547901,-0.05846812013631416,0.99791548249958995,-8.5537061674848811,15.047005978413539,-2.6433767232546126,,0.09501822500486527,0.2916666666666667,0,3
0.87505216632058702,0.48305999997501137,0.030606251678201447,-0.48380697477102935,0.87098776850811599,0.085505077464185328,0.014646411866118253,-0.089628921299956352,0.99586753089256486,13.216946483496759,-2.8055093851912911,-0.11817087152612205,,0.07778433311376243,0.2258064516129032,0,5
-0.63610776299384042,0.7713174995386699,0.020886090212994542,-0.77097287143207027,-0.63644899786906584,0.02309771909192597,0.031108606120494223,-0.0014099705226765088,0.99951501569929613,-5.2287719856895247,10.165889022218549,-2.2921802079345097,,0.1829932611424886,0.38,1,5
-0.42039725029194031,-0.89947956111044747,-0.11917496000223067,0.90657139592743552,-0.42180774736898463,-0.01437109410187387,-0.037342416005899243,-0.11408217829293295,0.99276925846985331,12.763404282717856,-5.2931743397032056,-0.04575366408288388,,0.189497152180389,0.2758620689655172,1,5
0.87611106276201456,0.46400567495733802,0.13087451743329981,-0.48186221550379615,0.83408956881200225,0.26852075612284088,0.015434084870413615,-0.29831748994384177,0.95434190111187056,-12.467173302257184,4.5083186614142035,-2.4146743698909008,,0.2722617629946426,0.1395348837209302,0,1
0.44278538593986155,-0.89631125718965399,-0.023816637738979202,0.89586187707319143,0.44115357181980713,0.053056792944204935,-0.0370486059789824,-0.044829190330945214,0.99830743986473702,-2.5600498093189663,-6.0241917123159601,-0.89080901622322228,0.1867502564115568,0.1343151146617763,0.6421725239616614,1,5
0.918942838264307,-0.38425339848302853,-0.088844728357868108,0.3934813460159014,0.877968884734597,0.27265925213607467,-0.026767337190221958,-0.28551701033761862,0.95799976329204495,-15.271432631039593,22.139293742629842,-3.5211221846474658,,0.5887918408382105,0.3235294117647059,0,3
-0.29632928686219351,-0.91045954310358523,-0.28853487504867681,0.95442936705655801,-0.2934882410936196,-0.054122413469770494,-0.035405325132852869,-0.29142421435320942,0.95593848664066905,-11.465457148211529,-15.14565128715647,-0.67857886242510268,,0.469724691092137,0.2666666666666667,0,1
0.040103993381948172,0.99538781781460539,0.087147930905437404,-0.99871924238020715,0.037239530923441955,0.034250434101006026,0.030847116791136296,-0.088409894711396653,0.99560642118399068,10.100958649133142,-4.1928276740700703,-0.23857776886038373,0.2971653257152472,0.2420526556596858,0.7669172932330827,1,5
-0.82928547250496565,0.54458867097250963,0.12533469009261439,-0.55837157915241931,-0.81653779006447136,-0.14658518680775037,0.022511878798748868,-0.19154429473368612,0.98122576325121291,-20.587202264510978,15.842077012639463,-3.621462287093963,,0.6025894448497628,0.2857142857142857,0,2
0.53458286512603281,0.83124325101076002,0.15249858347769824,-0.84456858688211411,0.51897282169378145,0.13179951591391903,0.030414837918204689,-0.19925327598877074,0.97947591580505544,-16.37409769268017,19.431648574882235,-3.5154441491568278,,0.09853738084233574,0.6666666666666666,0,1
-0.41645720374772466,0.90894479634186331,0.019564116378589239,-0.90850352566615733,-0.41687696615556519,0.028895310018989213,0.034420071161865816,-0.0057404086945594696,0.99939096774447156,-6.4994154217915794,7.4726088667320836,-2.2746893641211203,,0.07380335687519882,0.4305555555555556,0,5
-0.46081974094698053,-0.88583479047615021,-0.054239195565864248,0.88738120042638358,-0.46087331688623567,-0.012263397249912426,-0.014134054032279081,-0.053782058015232573,0.99845266224907114,-28.23897163983931,5.9230780199439774,-3.5445931665952566,,0.4236179456140854,0.9230769230769231,0,3
-0.82205719590674842,-0.569005463042076,-0.021324860754691869,0.56917656275446427,-0.82221159698793411,-0.0024759219626198704,-0.016124734693863971,-0.01417296041144831,0.99976953350471132,-13.653573602962895,12.84012613596637,-2.9251080681602577,,0.1527252316245679,0.3225806451612903,0,5
-0.88454159883940531,-0.46615971309601434,-0.016771458161704913,0.4661726948546468,-0.8846873388989851,0.0033661496978664653,-0.016406660067930047,-0.0048408964122003658,0.99985368290932519,0.93398510226200637,-17.007307676783249,0.12844515116824248,0.2497445203337997,0.2119326327126243,0.5384615384615384,1,5
-0.64184898495562626,-0.75759406352478953,-0.1186638758149611,0.76636996698455084,-0.63910173914066504,-0.065008005133790958,-0.026588610635564499,-0.13266575269968445,0.99080414000199624,7.6792307365413457,-24.457464293650361,0.77718604722953555,,0.1733307894178851,0.1578947368421053,0,5
-0.60256269991578959,-0.79657426504868734,-0.048863410977297371,0.79757495086155383,-0.60321756228658618,-0.0016644239895737291,-0.028149430338508846,-0.039975152422108064,0.99880408327181214,7.5152336075947268,-7.8708210968928567,-0.18115411213781432,,0.08578068010628535,0.3846153846153846,0,5
-0.33637932281144906,-0.93324522105287333,-0.12610435586006921,0.94077441338777978,-0.33903289557790689,-0.00044590462824728981,-0.042337386548868955,-0.11878574450678887,0.99201688120826725,-4.6248385573046269,-30.639499636339092,0.53441189866366701,,0.4575767809745905,0.3,0,5
0.92609078254710542,0.37048886137508336,0.071371325322461945,-0.37713234744025975,0.9033137192704761,0.20443951939862157,0.011271867435768372,-0.21624598996220601,0.97627384315558519,-10.051242511939391,-5.839905073589537,-1.4576084828169285,,0.4623289540604296,0.1463414634146341,0,1
-0.88889172950742368,-0.44861256657037357,-0.09283457507009242,0.45789384994279186,-0.87635380048375688,-0.14945647715052349,-0.01430787887390741,-0.1753590074470632,0.98440058061203495,-18.113665629169258,8.6026080301858432,-3.2301245033830703,,0.4146224850525758,0.4444444444444444,0,4
0.46234466226801585,-0.87442232335729919,-0.14704765787559296,0.88524977026573892,0.44571495862799748,0.13293238845254735,-0.050697707213747611,-0.19163448559605734,0.98015609288194672,12.728546035144024,-31.261130914729954,1.1270916260057517,,0.2292925196929279,0.25,0,3
-0.64914013990945629,-0.7583025812036428,-0.059952265163414335,0.76026179459735566,-0.64935257579597749,-0.018526629017111423,-0.02488136720398865,-0.057605795255532201,0.99802930313645488,-5.512030528737359,-25.362031293811473,0.27505917924824663,0.2724418913177789,0.2092245110177207,0.625,1,4
-0.95960000728278227,-0.272023081885087,-0.071911535546283753,0.28126771856426697,-0.93421555695906366,-0.21938496673500552,-0.0075031004616394857,-0.2307482092182005,0.97298456690024471,22.35099378628767,-5.6301973348038103,0.39709877150544537,,0.558247635152548,0.1904761904761905,0,1
0.55943361183292628,0.82864358838743091,0.019591768066407132,-0.82842684631684205,0.55819751914009541,0.046092189440001062,0.027257920923959129,-0.042015866648731956,0.99874504889719373,6.859487959338356,-11.247544652026226,-0.022082957492356541,0.31292681203193,0.2975539715525526,0.8350515463917526,1,5
-0.22577398597267609,0.97215294140656183,0.062807370368289733,-0.97319595651873758,-0.22797342713861324,0.030294335019182037,0.043769138369276817,-0.054284206112321966,0.99756578103559945,4.9741623936402979,3.68048536731474,-0.88625752674573965,,0.2109279032608835,0.3125,0,5
0.99430859482956091,0.10131656767790084,0.032944974761453708,-0.10653589255190127,0.94345595544581562,0.31391235039735543,0.00072238925325699397,-0.31563557031455053,0.94888021631077035,-0.28936079260994341,-12.209194924115351,-0.29981520287892116,,0.2952574203196219,0.2727272727272727,0,1
-0.77597797399073543,-0.61711437555973447,-0.13049149918194983,0.62977610480093316,-0.76955718551723074,-0.10565886636038978,-0.035217065508043939,-0.16416938111693563,0.98580331334434268,-26.107644519053608,1.6122306001801094,-3.1545796824557413,0.6549450965624989,0.3727013556395838,0.15,1,4
0.85085293773155612,0.52309986322495161,0.049150904850443239,-0.52527771133004086,0.84486787067233871,0.10139825977531701,0.011515395497103731,-0.11209288202033738,0.99363100870842391,0.14317520570721973,-18.198879534518216,0.14423115299944642,,0.09814883204032265,0.3333333333333333,0,2
0.22449706263316846,-0.97315602919681665,-0.050679499868925469,0.97380799855276723,0.22211630198677468,0.048603809998540547,-0.036042347644591272,-0.060263514912466488,0.99753158243068263,10.393494174712863,-7.4131889833533027,-0.0725587313487044,0.1748276163094331,0.1080049035194243,0.4117647058823529,1,5
-0.97332485363460597,-0.22935090957247564,-0.0060736789059518273,0.22936592214064819,-0.9733384247043485,-0.0018933448257612737,-0.0054775047005564802,-0.0032359345384637872,0.9999797626301844,-23.58305658397574,-3.1168582850089863,-2.5468510730596408,,0.08870308557847068,0.4705882352941176,0,1
0.12889165055385041,0.97556947246207604,0.17790769184487601,-0.99096143287688698,0.11998486429063296,0.059992256931590382,0.037180384184293723,-0.18403216224678129,0.98221676950186676,-25.796741641223662,5.813853609561936,-3.4763160804843554,,0.2586774630304043,0.3076923076923077,0,3
0.66011529769419408,0.74642896171860063,0.084211631368817041,-0.75060580588790016,0.65114398826737219,0.11226054832681136,0.0289606270215493,-0.13731464470679222,0.9901040200057597,2.4241330682935542,-6.8918643318950261,-0.53446322041821992,0.2258213125127865,0.1594430952156506,0.5777777777777777,1,4
0.16443444036560603,0.9469541774375122,0.27611428911828334,-0.98568875269820166,0.1472103588182416,0.082138864497072112,0.037134857289530004,-0.2856692074589936,0.9576085349890302,-0.56514077167842891,-25.758441299007803,0.48304858465323763,,0.1089840400839802,0.1333333333333333,0,2
-0.97529853754546281,-0.22063619529331091,-0.010603395124795398,0.22088986954264117,-0.97431213996402466,-0.043857946282936967,-0.00065436619367788349,-0.045116773435321056,0.998981505614428,19.374408850539272,-9.332142735008178,0.49383666670379239,,0.3197418962895038,0.2105263157894737,0,5
0.96620698829135898,0.23416100636261983,0.10776214027286321,-0.25525591297123418,0.92738615640711608,0.27349467233871244,-0.035895329364207182,-0.29175938717320304,0.95581796662657148,-17.651405344832739,-1.0936394715050684,-2.2743646548166558,,0.6266236602000418,0.5384615384615384,0,4
-0.11656720401478361,0.96346306007693949,0.24114522349687159,-0.99287793548570191,-0.11905990487600873,-0.0042596099078177803,0.024606750574321188,-0.23992430247496005,0.97047969422759051,19.113588087013444,2.0137671235066543,-0.0068517394759613952,,0.2746902439418911,0.2777777777777778,0,3
-0.29809422913439937,0.95438306162779407,0.01711146500814054,-0.95378449270536625,-0.29852295219646929,0.034339314009888468,0.037881024689592264,-0.0060842986334531737,0.99926373359519238,-8.2183183470012899,-7.0266717356841264,-1.2931459674028267,,0.09696126899284539,0.3378995433789954,0,4
0.033675306856039436,-0.97824403369945512,-0.2047060923362399,0.99878948727659211,0.025592210566870052,0.042007128729126222,-0.035854341632722476,-0.20587289595700198,0.97792168239402644,-7.4109571028956509,-24.648582383879695,0.1522131007422497,,0.2140777183794237,0.1904761904761905,0,2
0.85721741599401968,-0.51466532239605056,-0.017260001144374738,0.5144501215543823,0.85441301761700617,0.072934681457325221,-0.022789781684249343,-0.071400288861947658,0.9971873568197771,2.5838472965248473,5.3086490787664529,-1.280487222067455,,0.1398431951457536,0.3839285714285715,0,5
0.916110178269398,0.39628887069723306,0.060805199059967667,-0.40080443541914945,0.90149339415257401,0.16329563633976119,0.0098967580321768778,-0.17396778799761284,0.98470161110849652,18.13951372325452,-0.24382761460333188,0.0029819408935723921,,0.2295283228027813,0.3157894736842105,0,4
-0.89786783271905812,0.43409185457438632,0.073468474603405096,-0.43975850448393983,-0.89226252492241909,-0.10237208776379385,0.021114277217795744,-0.12422499108971249,0.992029404244819,-6.445799950313889,-5.4875531847732466,-1.2718878810422334,,0.3998590967152424,0.3003300330033004,0,2
0.30775014964523922,-0.95135443498301753,-0.014648700675354625,0.95068091684197942,0.30683359542553984,0.045375533834092562,-0.038673501856254316,-0.027890567516264453,0.99886259139973532,-0.16411057367205761,-7.7089675774260105,-0.64187434509294072,0.2246785267801135,0.1714565575554297,0.6842105263157895,1,5
-0.63059994080321236,-0.7757459597180637,-0.023704865325229342,0.77557827090614473,-0.63100382691931634,0.017678125223397383,-0.028671594954267191,-0.0072371537416182205,0.99956268600248388,4.8442984028915399,-14.149237287584771,0.18523262476502142,0.2596844730923257,0.2704021773841721,0.6621621621621622,1,5
-0.73523964745708892,-0.66434094712883385,-0.13443871010664679,0.6773955533248901,-0.7271065512199818,-0.11158551657204206,-0.023620439090776293,-0.17311028028672187,0.98461916785943726,-11.492514612661221,17.539875400406732,-3.0585676415756877,,0.2914062730205637,0.2142857142857143,0,2
-0.94595464421420772,-0.31576451711708398,-0.073909274244759973,0.3240563391950434,-0.92918528631881914,-0.17777005573527266,-0.01254193434360794,-0.19211317866931907,0.98129263039344761,3.4759577915570716,10.254509510822642,-1.5285623156083037,,0.1779742798934644,0.3846153846153846,0,8
0.55184288182613395,-0.8030450648805586,-0.2249178906819298,0.83390326731927678,0.52856850459645532,0.15881019080305706,-0.0086472268423982614,-0.27519803727433806,0.96134867022755566,19.001112612216616,-1.1815358496930135,0.11150300334192494,,0.3995925371438364,0.1666666666666667,0,3
0.30809563323308803,-0.94708498642016981,-0.090039487338670843,0.95061822749902891,0.30274996116751951,0.068318713100225914,-0.037444176173444928,-0.10664187503309225,0.99359219207888261,9.569609336361486,-14.590341782669441,0.38181285435601453,0.2799363253626016,0.2062284762549575,0.5348837209302325,1,5
-0.21566202210855878,-0.96664326411225487,-0.13816907094734654,0.97520266572992675,-0.22041678823531377,0.019904778754707458,-0.049695603158554015,-0.13045014147341599,0.99020861822965012,23.473503889835548,-7.9170907457145097,0.55682005527567935,,0.4380372662093562,0.1538461538461539,0,4
0.3387377621998412,-0.93193194021052417,-0.12945882463274569,0.93913074015278197,0.32650362136835942,0.10690574415547224,-0.057360102509776294,-0.15779177433819305,0.98580503883438975,-8.4208112067291516,-8.8122983742399583,-1.1931279702170288,0.2022782472477001,0.2801773193561053,0.4137931034482759,1,4
-0.37197336745735854,0.92655370704879036,0.055982513846542986,-0.92752059870676951,-0.3733867175065107,0.016967562121600489,0.036624484666273001,-0.04561345354014186,0.99828756377061634,-9.9190876851326752,-9.6703069647388755,-1.2699439428594474,,0.08038387862534914,0.4,0,1
-0.53468779236290642,0.84196413087081601,0.072148229534994293,-0.84439701275475532,-0.53567892131384653,-0.0064635989108750925,0.033206167332717001,-0.064377756927268631,0.99737297680661385,3.4252306731917952,-19.385600285066825,0.35815492780407127,0.4349895806866697,0.3937574470757774,0.7068965517241379,1,3
0.9049427512634004,-0.42517464964395396,-0.017468091938383192,0.4253308392068515,0.90248348015684554,0.067950314668762529,-0.013126086828235736,-0.06892086290905873,0.99753577404544613,14.941249019597961,-6.9429286472110805,0.10012283386258712,,0.09658657420943594,0.4347826086956522,0,4
0.93347438571190644,-0.35622328985021273,-0.04159974745203112,0.35852023332779354,0.92380553210417693,0.13433756417437889,-0.0094240922303383302,-0.14031502635859147,0.9900620585920985,9.4873263876704002,-3.6978626069390228,-0.29309027659823278,0.4138540420655054,0.2456201050579234,0.2857142857142857,1,4
0.10375307788303328,0.99038354498252357,0.091519028937406433,-0.99385658286331935,0.099670973368429172,0.048112262127598997,0.038527802027135197,-0.095948584646353738,0.99464037600296418,7.041637642731426,-18.479767822656296,0.4708532155411041,0.1611193472545343,0.1328817678632718,0.375,1,5
-0.55906102739392649,0.81163286276155444,0.16941919529595942,-0.82867952802625899,-0.55367903864928625,-0.082035126565262018,0.027221452559032491,-0.18625686093641042,0.98212390983759801,-15.930798794909748,12.730006735040233,-3.1814836827555206,0.338501170524779,0.4161615075786262,0.4714285714285714,1,5
0.21418694878002753,0.97112920524027335,0.10503341231102611,-0.97670654001678903,0.21149824541621104,0.036232952878530879,0.012972496318576471,-0.11034744634680212,0.99380840981750851,-14.813885779446885,19.108465399114166,-3.3173176098392649,,0.4119600222062997,0.1612903225806452,0,3
-0.16321821016969529,-0.97329194456094703,-0.16143917282299233,0.98583746824037555,-0.16728534546073795,0.01183635955387703,-0.03852664120330556,-0.15722087598933027,0.98681168115843643,-25.894599284428502,13.108051366244247,-3.7266866511075656,,0.4808363714431313,0.4333333333333333,0,2
0.81321574663975416,-0.58018265959001247,-0.045477806985470125,0.5810444403792947,0.80506291449352874,0.11941968854212655,-0.032672736669285163,-0.12353859809082232,0.99180174786108066,7.5000945316599275,-21.42076803546983,0.64947820120257749,,0.1929233745351832,0.4,0,5
0.43699669907755112,0.89247528440663237,0.11190063323603232,-0.89914587829577863,0.43014493259500786,0.080697128242270683,0.023886702138167158,-0.13587937181977613,0.99043738912403023,-18.587445847575211,0.46782889920817583,-2.5811942964634427,0.3589555429044531,0.1443404387098264,0.2,1,4
-0.97031326596098533,-0.23114561881977616,-0.0711608656534468,0.23998996904382555,-0.95665923482516035,-0.16494824394967517,-0.029949635364539377,-0.17712936324664122,0.98373177646011278,-3.8329685470638712,6.8822782059899152,-1.898605893324498,,0.4159192234313577,0.2325581395348837,0,4
-0.50625616183200262,-0.81368426764989776,-0.28569671189248735,0.86181973593166927,-0.48932901899213188,-0.13350600709655622,-0.031167954148405112,-0.31380730353394837,0.94897499170576416,-21.402016373147969,-2.267987799535975,-2.4788051692057702,,0.4286135416101365,0.3214285714285715,0,1
0.63135813042257027,0.7752571316978577,0.019060191523875863,-0.77501423037024753,0.62991696103488615,0.050572373131839418,0.027200255015880848,-0.046701198616136926,0.99853850410231382,-4.4184651166292159,-9.5627798319496442,-0.86652173930507947,0.4677157257896681,0.4284913016860722,0.9625899280575539,1,5
0.05122187230110261,0.99739216324659374,0.050844788250612394,-0.99822912521926688,0.049589984998450402,0.032854938012885228,0.030247865411407074,-0.052437639936724317,0.99816599849720355,-10.780446974004064,-20.150697683398697,-0.29092682861575675,,0.1755858161154652,0.6896551724137931,1,2
-0.93971333095545173,-0.34032705894259774,-0.033411802945842825,0.34085461705417075,-0.94004634284523891,-0.011445668881580273,-0.027513372339006283,-0.02214421492791762,0.99937612943664089,-12.731897345902684,-2.2139148554917809,-1.9688531662886084,0.4122826373922622,0.3037248517071567,0.9166666666666666,1,4
-0.87913471586632375,-0.47340131836899707,-0.054893926122418529,0.47633047088451586,-0.87651510822874668,-0.06950214064102006,-0.015212950587366145,-0.087249394343135889,0.99607033352127405,-11.057423216856797,-9.5529914970159275,-1.3189619886746196,,0.1057073150287648,0.3013698630136986,0,1
0.34602526515147475,-0.92660990081044781,-0.14717543136306546,0.93728896730731492,0.33439440468084469,0.098335008425947071,-0.04190355164946253,-0.17197230543955699,0.98421014957221642,1.4565557359087504,-29.495464897606851,0.65217331921001664,,0.2590067832742403,0.5,0,2
0.96544601330080237,-0.26058354929773553,-0.0031951896629512852,0.25483219723477746,0.94142973203175306,0.22084069122133665,-0.05453940459963829,-0.21402400211662462,0.97530466002367711,-12.316004192993375,7.2468557826336975,-2.5020488704305111,0.4588958799770965,0.367510100283211,0.5459770114942529,1,5
0.8175420611166333,-0.56465823543423121,-0.11307544146041394,0.5757292138335377,0.79710776603570332,0.18208536916563942,-0.01268269071544896,-0.21396328302274426,0.97675936794808638,-16.888014760482438,22.380994148136121,-3.6406449910295158,,0.4740046860014022,0.6956521739130435,0,3
0.80638907691863138,-0.59101956195487126,-0.02079745207925985,0.59102597702293935,0.80417467039994095,0.063177479937283496,-0.020614342346948603,-0.063237464163403714,0.99778558418920071,-5.1083960556541452,-4.2275804414340064,-1.2761906217725831,0.2470897869550703,0.1792891611352189,0.7559580552907531,1,5
0.85887441879599558,-0.5114217325803756,-0.027973991176229191,0.51168873211437826,0.85435278208737953,0.090862341851479206,-0.022569319108494652,-0.09235331712527578,0.9954704870818305,-2.9668937732041978,-4.7168311555514553,-1.0808412485544245,,0.144814033800534,0.5020491803278688,0,5
0.33720733671622982,0.9352658598312894,0.10755920926999663,-0.94066482410695385,0.33012017382988923,0.078551636000521757,0.037959198523965731,-0.12766535263948295,0.99109064014491399,13.701759831045761,5.4782911325893142,-0.47856885765642249,,0.1371406511103949,0.5714285714285714,0,5
-0.89889472119849123,0.43426119901574561,0.058356586868093648,-0.43772094015468088,-0.89597691994084805,-0.075004916394947926,0.019714430034589253,-0.092965423479473133,0.99547414395638267,-31.7321756998791,13.846706233087504,-3.9907423731230351,,0.123784115414057,0.1111111111111111,0,1
-0.97382349545871538,0.18856684727802259,0.12692652914263905,-0.20400887776273821,-0.97131115097734544,-0.12220894313041719,0.1002405979958144,-0.14490407894428739,0.984354931119233,6.8739083366481877,-28.609693568663896,0.86049412617478349,,0.3540389721280857,0.375,0,2
0.9610718154760296,0.27612648015649066,0.0097535867246451944,-0.27611283571850792,0.9585321801689467,0.070553253164186536,0.010132494712175571,-0.070499833595212877,0.99746032804014528,13.305807612556912,-8.0602165719148342,0.098526633210483328,,0.07445988611431995,0.125,0,5
-0.83456447357945585,-0.55086441834050504,-0.0071085895523293899,0.54956917292763918,-0.83156374243043385,-0.08047028297901275,0.038416970295392781,-0.071064301034125393,0.99673165973187317,-8.9142278030873214,16.042120145638901,-2.7488288552211015,,0.1581400806034391,0.4,0,3
0.35884766211213359,-0.93241238813654248,-0.042842663854684902,0.93259292821684758,0.35625721326710336,0.057889793876672473,-0.038714152923471072,-0.060728382529647906,0.99740326744940577,-10.107779782999096,8.1299190262337664,-2.4715921850377049,,0.1000468789342051,0.4313725490196079,1,5
-0.98648352564787523,-0.16369293030886214,-0.0074079816574396462,0.16378983540263534,-0.98637737713283535,-0.015249908174373073,-0.0048107633611092666,-0.016257135277999688,0.99985627072516636,-4.7118096963212075,-13.346260250324756,-0.39459317556484291,,0.1077871941964024,0.5319148936170213,0,3
0.8322385786216896,0.5381620788086825,0.1332686204103182,-0.55389466390756181,0.79663672758319171,0.242013688786967,0.024075912204549133,-0.27522990607465464,0.96107692161119851,-1.5200694807145179,8.0737634680609744,-1.7778829691773961,,0.3561344001892933,0.4423076923076923,0,4
-0.53434708767969363,-0.79942908173523342,-0.27456571738691676,0.84471754670305554,-0.51673435259789602,-0.13941978029392224,-0.030421311283407131,-0.30642903276484068,0.95140726910119988,-30.911884891296104,4.5225685932894795,-3.5639217331915711,,0.6300319687513913,0.1304347826086956,0,1
0.021106915444196718,-0.9731652452715821,-0.22913730275957503,0.9991763629705912,0.012588040886982538,0.038576377583818912,-0.034656800217175862,-0.22976280513200845,0.97262940505445228,-3.1935409150547316,5.1639180071470694,-1.6192551647940321,,0.7040121472177722,0.4927536231884058,0,3
-0.99915096103076884,-0.039355381800640625,0.012186508713192996,0.035462651182533937,-0.97210960573016392,-0.23183035784437503,0.020970394426353782,-0.23120135892868551,0.97267989296948654,7.9569972447354846,-11.90511292807189,0.1385205721770269,,0.3018099022136227,0.2222222222222222,0,3
0.92952313050415225,0.36838999186146537,0.016600113074074413,-0.36856756633419335,0.92661828300752325,0.074407705532970506,0.012029085761291728,-0.075281946657221821,0.99708972996578826,-0.60815580901729271,-3.9353175470717092,-0.91563664833200198,0.2209338561191435,0.1943199081644509,0.7448405253283302,1,5
0.84141130829801836,0.53585583866306841,0.069896569579035867,-0.54010292476702537,0.82963831942081578,0.14138277690974252,0.017771913974652154,-0.15671240895125244,0.98748436947344786,-11.042011952186893,-17.409747934885903,-0.52158981628769019,,0.141654491839442,0.3333333333333333,0,1
-0.39894434572115606,0.91663611227218111,0.024932843713892976,-0.91633253689669969,-0.39953513614194802,0.02657737407071669,0.034323327950221333,-0.012243882822771999,0.9993357776502575,-0.93785147974204397,-10.481987125851301,-0.40900040227549056,,0.08259618880823699,0.3209876543209876,0,5
0.61076007034802615,0.79146542405364062,0.023550350232313451,-0.79131596617173638,0.60904801971521216,0.053661451365664824,0.028127889187869522,-0.051410039958836529,0.99828143809311876,-20.277066216628217,-1.9677751938258794,-2.4279839347367869,,0.1343443934638873,0.4722222222222222,0,1
0.99948865274622534,-0.031962580458072258,0.00090911055254259466,0.031624047322411468,0.99230698791284477,0.11969445003962167,-0.0047278602438494558,-0.11960449485616691,0.99281036061662631,-11.046975736661491,11.363899444571169,-2.6942205399393124,,0.091628316471353,0.44,0,2
-0.9228776113613254,-0.38501883764464628,-0.0075768797521903507,0.38497585976256743,-0.92290342453336993,0.0065464787977636048,-0.0095132459279543002,0.0031246829187905538,0.99994986599757596,-5.3616510044817574,13.752727166810802,-2.391693712686553,0.6306666298868646,0.3254277181458057,0.53125,1,5
-0.24017080939783175,0.94746735602646048,0.21124296811354482,-0.97000620198582377,-0.24264586347353786,-0.01452422280950063,0.037496005416967314,-0.20839528354406403,0.97732566495225193,-22.086931266709705,1.4438562855729093,-2.9919245286551588,,0.3512694414064524,0.2857142857142857,0,3
0.95404928732993244,-0.28536837097649964,-0.091404869626673074,0.29963550028937808,0.91150817073067136,0.28172934113713138,0.0029196423726985409,-0.29617182097128475,0.95513021528531439,-22.169525088359045,4.7511725470923016,-3.1523010025832465,0.5409752113323577,0.5239079773340573,0.3888888888888889,1,3
-0.9208195583561255,0.38904628693594706,0.02709847911199853,-0.38997981069831722,-0.91904687221477799,-0.057171618132940326,0.0026623667169194541,-0.063212603913988571,0.99799653231355379,-2.4878192671998338,3.2404634012290128,-1.5833216208451324,0.3866017921591475,0.2878161917266445,0.8449275362318841,1,5
0.14648020338262946,-0.96378881001570882,-0.22283330026162868,0.98905473065653993,0.13865538637458291,0.050452191183698321,-0.017728219958722074,-0.22778457699726018,0.97355015109611898,-6.375117471138827,-8.3290852016752837,-1.0560066251426261,,0.1993139648603969,0.2637362637362637,0,4
0.53899881576699371,-0.83686314897043024,-0.095605159364314407,0.84154442131804896,0.53020379393413097,0.10337757903107113,-0.035822668106244945,-0.13617638118686781,0.99003673146838356,20.295259806856532,-5.0713304969096873,0.29767466191597364,0.1338194572202511,0.1586409242133752,0.3448275862068966,1,5
0.27695620385576203,-0.95808853845194231,-0.073223040314014262,0.96012772995476681,0.2729140634129143,0.060602443542806549,-0.038078909092998582,-0.087087694185079695,0.99547261650123442,9.7025095708508449,-5.2650317652285139,-0.20428193256647345,,0.07695138460064481,0.2666666666666667,0,5
-0.65186082461628991,-0.74061190623447182,-0.16300757551203771,0.75819584962850484,-0.64067414416718071,-0.12114328129021636,-0.014714582450095881,-0.20256022644979563,0.97915924941958599,-7.0179432411302214,9.8775827339107245,-2.3751937251533239,0.5784974527341669,0.5114984528739311,0.3625,1,5
-0.69785001246892708,0.70474049831088159,0.12785221991678308,-0.71588048721056552,-0.69197939168070877,-0.093164636640522741,0.022814208912049581,-0.15654185232623086,0.98740779840043313,-8.9518046949489456,1.0363305030973107,-1.8564386587869821,,0.3269442875815123,0.3666666666666666,0,3
-0.97391671750906161,-0.22497780491775712,-0.02951634548453368,0.22627236469757214,-0.9726588518259387,-0.052302724009516049,-0.016942382670204075,-0.05761723057414618,0.99819497614966068,-21.206317873663131,12.860589282920399,-3.5679214845925902,0.3006723706630776,0.2626163927530586,0.5833333333333334,1,5
0.95992680475747194,0.27978062978482821,0.016227405994645196,-0.28015154180059287,0.95643551071918653,0.082135421482323667,0.0074594326098307339,-0.083390125509759203,0.99648905856141023,-12.022586053710883,-7.6779397210358606,-1.4908777554729022,,0.1220431020654189,0.546875,0,1
0.29360374896893909,-0.9521501574145913,-0.08489355880603501,0.95374036511846216,0.28577102485317252,0.093350079261190599,-0.064623173359773481,-0.10837434700950659,0.99200748302378039,12.515244706217167,-20.65405593661367,0.75395334306959927,0.3937408942662598,0.4563103208737591,0.3333333333333333,1,5
0.93327658659062696,0.35786211170601928,0.030488062041672606,-0.35905243926368624,0.92757080241275691,0.10341060085964168,0.0087268998244155096,-0.10745750563205726,0.99417137642500619,-12.676493953418442,9.2752742101509558,-2.7548256513250315,,0.07925626361416917,0.2222222222222222,0,5
-0.044546216721315479,-0.9727901293302802,-0.22736534224326072,0.99828723613565618,-0.051985657499111257,0.026834410427998692,-0.037923986399781007,-0.22578054763854782,0.97343973391452787,-39.220426899680497,-6.7566702151479445,-3.1017146359355849,,0.305472510670482,0.44,0,1
-0.0025225305943377793,0.99313552112075421,0.11694218027559086,-0.99929614953482104,-0.0068803871167800179,0.036876358253006912,0.03742782874121197,-0.11676684872570382,0.99245385820923027,-0.95658610921436438,13.491772472344927,-2.145912959362017,0.1503092179233717,0.152208500110833,0.2631578947368421,1,5
0.99623989119620082,-0.0866254200266275,-0.0014545771181358549,0.086163492481397472,0.98889406932712176,0.12109654087980444,-0.0090516160319812407,-0.12076653615491474,0.99263966875818199,12.03755540332059,-9.7460445016323032,0.18918623982775584,,0.3232467352696491,0.8125,0,6
-0.63939575312334174,-0.76830058487402741,-0.029787282018711381,0.76881907667416971,-0.63838814446493219,-0.037118787001976947,0.0095025380668545389,-0.046634625428412742,0.99886681468624217,-17.63419895917573,1.6603536095398002,-2.6537508246413997,0.358546626002242,0.305503206126971,0.7419354838709677,1,5
0.97039403134867264,0.24073106647081324,0.019595345332431839,-0.24152264077635019,0.96667401737822956,0.08490087230561312,0.0014959663400169667,-0.087120019293276202,0.9961966996146141,-24.20157035021446,4.5028411573460252,-3.2972355398072501,,0.09649436905617614,0.25,0,3
-0.24859670888028373,0.96804132182455271,0.033100990529949158,-0.96787150474668959,-0.24959440208362732,0.030452992429226149,0.037741576984399637,-0.024466991819365999,0.99898795772423643,1.374735950183787,8.5950967955321289,-1.5300948610668841,,0.07332406305725159,0.24,0,4
-0.6037620634952322,-0.79685522692550204,-0.022206260502081892,0.7966019193051137,-0.60414821767572013,0.020743992833119312,-0.029945831819951772,-0.0051651138184933467,0.99953817773802589,-6.4763939096006204,-13.224207816769731,-0.50312248578756269,0.2233555179026205,0.212418057435489,0.7581699346405228,1,5
0.93671419065581596,-0.34324966516867034,-0.068892614884446077,0.34980547596264072,0.90963756014402963,0.22404383089424426,-0.014235659822125725,-0.23396404966749487,0.97214102343878861,-17.00143581001371,5.5800053018077431,-2.7284924798192871,,0.2695790620874806,0.3555555555555556,0,5
-0.9961061314687405,0.085219823526248212,0.02258664491544117,-0.087907288375183718,-0.97954572556951935,-0.18100408881847663,0.0066995149752369703,-0.18228481340100655,0.98322294689579814,22.529980999960131,-4.0361147784706768,0.35330594132563953,,0.4913805102137547,0.46875,0,1
-0.57865759845181675,-0.81541681245278752,-0.015836847013011659,0.81505037847099171,-0.57887291107344507,0.024475158419316242,-0.029124977395202659,0.0012549082409069536,0.99957499013182483,-3.3835773468681216,2.5444507187212424,-1.6154424102449008,0.1473888674433492,0.1134563333166644,0.5941320293398533,1,5
-0.33981783116199982,0.922250567921997,0.18433049555596298,-0.94037781936006382,-0.33623117920161583,-0.051362933992332147,0.014608164839031264,-0.19079435028386779,0.98152132805140346,1.7267231763251467,-12.31068087409761,-0.24472572338117254,,0.6662171186426086,0.8125,0,3
-0.94869402790998747,0.31549592679321398,0.021022882409755663,-0.3158284349403585,-0.9486987864759866,-0.01493359374410584,0.015232895031712535,-0.020807035249675476,0.99966745780437971,-0.4871584225431651,-19.70310407046982,0.16472864075908764,,0.08424775133960627,0.4285714285714285,0,1
-0.23540967326659493,0.92760193245786726,0.29006368375400815,-0.97115970736870949,-0.23612746720036457,-0.033055136016410865,0.037829994925161127,-0.28947966100223849,0.95643631118333816,10.363094759762491,-9.8194565263219218,0.081371355050975397,,0.4208065476683096,0.5,0,1
0.38257912261395322,-0.92000531840135036,-0.084990758633910077,0.92261080162739284,0.37551561979801368,0.088189160377978512,-0.049219139167573728,-0.11215272355562025,0.99247128066189361,-16.195615398915006,18.060531283970757,-3.3936805490348401,0.3128162061209216,0.2270092350717237,0.2758620689655172,1,5
-0.97113396684711484,-0.23836684897356694,-0.008947834721343596,0.23843448727307595,-0.97113004253971669,-0.0074455191648830632,-0.0069147461712712787,-0.009364068945816895,0.999932247953913,-5.9138302020145508,-14.96365587156027,-0.40232739610482809,0.3241006440608131,0.3226765665658653,0.8867924528301887,1,5
0.97731691585031177,-0.21093499959348616,-0.018922788888812637,0.21152869045668277,0.967873875754793,0.13592561842815518,-0.010356597245982438,-0.13684511894068971,0.99053831542025306,14.749852047083733,-0.5884847576527682,-0.18109776343108791,0.2253517374231137,0.08368587020099812,0.2380952380952381,1,5
0.96225992465032673,0.27136693560761332,0.020391754973087949,-0.27197110179116352,0.95641059531367045,0.10635080141800735,0.009357200566916914,-0.10788308222647969,0.99411955184820022,-6.0304090638459522,-6.9757924239806171,-1.0854397101486162,,0.08207163237754669,0.4114285714285714,0,5
0.91399694619002525,0.40164016097136362,0.057400030054051178,-0.40540598545063367,0.89852636952934906,0.1682151902213623,0.015986535462994382,-0.17701848591405789,0.98407768307618138,1.2971908713623344,10.808883883428912,-1.9056830973341305,,0.1113283075884855,0.3513513513513514,0,3
0.00072037165124688263,0.98808046316460441,0.15393660830713324,-0.99963790746904868,-0.0034291545636341526,0.026688852539572861,0.026898606201519744,-0.15390009490379911,0.98772021634317853,-19.239460144766511,14.746508560424894,-3.4877135776750046,,0.2288238949209923,0.3333333333333333,0,2
0.98011319905184768,-0.19825620802805111,-0.008520153912479211,0.1979292604805068,0.97361691894483404,0.11355220380956485,-0.01421706333930896,-0.11298040149825705,0.99349549771868606,0.28150267236645377,10.127293029582761,-1.8957736239727552,0.1442528622134916,0.1039950463629113,0.5,1,5
0.66336548936304884,0.73204094992348756,0.15512019583936085,-0.74763858079220424,0.6397013965131223,0.17837790168678597,0.03134932269032506,-0.23430358711355692,0.97165788682672605,14.411631633643989,7.3108792540372027,-0.47864136912270538,,0.299536722290116,0.3636363636363636,0,2
0.54348254788295658,0.8363706240478086,0.071490554456714525,-0.83887818982195084,0.53809730776403264,0.082065035296077699,0.030167909899369912,-0.10457278138683333,0.99405957095403708,-7.1317790228814451,16.536995340979118,-2.645622696162794,,0.589059540796667,0.8787878787878788,0,1
0.39058132752693353,0.89904565559762006,0.19789678051535556,-0.92027068825939851,0.37585918739475521,0.10877376329578044,0.023411256221535528,-0.22460360727735185,0.97416894462928227,11.114473589938186,-17.19017716110708,0.58861230319279056,,0.4236758821927739,0.4814814814814815,0,2
-0.85365634223128939,0.51928502304169832,0.040173551160931409,-0.52023641968430101,-0.85383435439804856,-0.017915437023102748,0.024998339992026813,-0.036193370860583926,0.99903209302974461,-6.4427735884727317,3.3783781335234493,-1.7916060932519922,0.2619071843762174,0.2158536648468864,0.7132530120481928,1,5
0.78192833593843303,-0.62188916260094007,-0.042917908803374115,0.62317899003791932,0.77813919950862842,0.078404926907625433,-0.015363067137529232,-0.08805257308888019,0.9959973496654273,17.847086215555571,-9.6859062907850078,0.46224885122403631,0.2672666706538357,0.2095351097073292,0.2142857142857143,1,5
0.98586772230739905,0.16509422830404577,0.028438176684011777,-0.16718763978074525,0.9588215304140657,0.22958563961835893,0.010636127912133992,-0.23109558324450685,0.97287291266018716,17.656033006170688,0.82460258010621745,-0.067501467393703052,0.2504448043548416,0.2264160481259951,0.48,1,5
0.43050905347482038,0.90078748095951244,0.056954973644372825,-0.90157678760382143,0.42618696481026208,0.074323395238588066,0.042676116624982205,-0.083346176711553435,0.9956064302209876,5.8797279699018423,-18.413651070336787,0.41637336183043067,,0.09300179748591961,0.2272727272727273,0,5
0.80281577187659992,0.59582784036288894,0.021817907202032874,-0.59589617833020736,0.80061355033057802,0.062655308462432363,0.019864064982639068,-0.063301877346288532,0.99779671839849349,0.20361646877161657,-13.431059709358447,-0.22229499364172703,0.2987261856256541,0.2688696658929232,0.8787878787878788,1,5
-0.64720379700151609,0.75506701554204125,0.10488587696756972,-0.76231524593554367,-0.64134424813339108,-0.08690811930106554,0.0016464996365501178,-0.13620336789760845,0.99067953022776079,-1.0889906969608747,-22.842149903986272,0.32984673627255812,0.4345901811911,0.4439388902592499,0.4347826086956522,1,5
0.88201961486189373,-0.46636028242707395,-0.067449877490006555,0.47109373178957969,0.86950028917034017,0.14845855651077491,-0.010587486361016026,-0.16271857333210349,0.98661571598334097,13.123867140206052,-1.2459459075933901,-0.23594778824411403,0.6991759988443421,0.6435368635696096,0.4894736842105263,1,3
-0.19095507477663609,0.98048979848792706,0.046646698470040986,-0.98111070101451303,-0.19214288884650729,0.022425490418958735,0.030950795981063393,-0.041483313836099489,0.9986596932395515,-13.482038107582374,4.9296409450369838,-2.5027379142446917,0.4395206302551308,0.4199329752062492,0.6291390728476821,1,4
-0.99981653286101102,-0.018971981867626827,0.0026390380446251914,0.018988048881128785,-0.99980047123074267,0.0062025580587952859,0.002520836661587741,0.0062515302766043036,0.99997728161780042,-10.398220578706486,4.0041985824162483,-2.1118281253596187,0.06276478005373255,0.08804835414788927,0.25,1,4
-0.64558484654654347,-0.76248046987959195,-0.042938781557847069,0.76321326787048738,-0.646145797273046,-0.0010566043872911387,-0.026939073033929672,-0.033453575572371247,0.99907714648344137,-21.568102764102704,-1.1510874873946053,-2.6676679532013656,,0.07395498441479237,0.375,0,1
-0.071868794319257231,-0.99624978972068101,-0.048179174801941789,0.99669864191847568,-0.073562661045090516,0.034356252674474244,-0.03777159780792292,-0.045550975636805976,0.99824767218239607,-8.4762838842850954,17.622971217527905,-2.8620785463927376,,0.09610006875560057,0.3529411764705883,0,1
-0.80313440640111178,-0.59072659858136156,-0.07757068378729412,0.59556159819161558,-0.79964895089070265,-0.076602467968381341,-0.016778200564484619,-0.10772019804982347,0.99403966264828902,15.547206209962255,-1.6350213985077562,-0.093548246450530378,,0.2998633721041591,0.1724137931034483,0,4
0.62575695808273391,-0.77110728175014498,-0.11756610669298757,0.77936851615752434,0.61194337152259948,0.13457349691515649,-0.031826803695365335,-0.17583762419191529,0.9839045606587461,-2.2351196976159606,10.488296313563298,-2.1132848179230987,,0.393386700594003,0.25,0,1
0.24691868010771262,-0.96643086159836522,-0.071010951015363866,0.9675566340902193,0.24183089967271013,0.073157199177475721,-0.053528732862550873,-0.086770995809250254,0.99478915808547119,17.075199935528833,-2.0234918852194705,0.025967632956991643,,0.1062574805936808,0.3,0,3
