axis_00,axis_01,axis_02,axis_10,axis_11,axis_12,axis_20,axis_21,axis_22,location_x,location_y,location_z,dbh,dbh_approximation,score,reconstructed,number_clusters
-0.78831738380847494,0.6152317154818876,0.00675563842854663,-0.61516115810488337,-0.78792656403638661,-0.027358348723457701,-0.011508776843007667,-0.025722868250438669,0.99960286219305594,8.2240940960608011,-3.974400911329707,-0.42234927843087583,,0.158986902834917,0.2093023255813954,0,5
-0.69047612676417336,0.72303925916997369,-0.021376343646206667,-0.72335294331758504,-0.69024594008259599,0.017918191685537162,-0.0017993783736281771,0.027834724687499496,0.99961091947769298,3.7169122555816632,25.353172610675564,-1.4102211798360704,,0.1768490246563944,0.2105263157894737,0,1
0.8929073476087489,0.44954269450752521,-0.025056623899157096,-0.4467444710006252,0.89152281154205681,0.074876258790879724,0.055998626917823251,-0.055663653446940083,0.99687798223667168,4.5489249569988424,18.810612714246936,-1.2038917568718481,,0.09276373283776268,0.25,0,1
0.6944023540659271,0.71620203674004579,0.069713795170752199,-0.7171640667505701,0.68086539051907802,0.14865403242121772,0.059000610416195705,-0.15322193890795902,0.9864288952619964,-8.0802326990501268,-6.8592792152164472,-0.87370714063404331,,0.09171038333893688,0.2777777777777778,0,5
-0.87061666861976705,0.49100657822677507,0.030645659716406412,-0.49162558086301417,-0.86602831596122798,-0.091100187675246427,-0.018190782350519505,-0.094379532163467089,0.99537008160084961,8.1303514014380909,2.0810504210207972,-0.63042334910686626,,0.07661335774440521,0.1428571428571428,0,5
-0.99154523253268012,0.12936619919586118,0.010121183099347158,-0.12972890052356914,-0.98652722032627438,-0.099671740850956259,-0.0029093316517108544,-0.10014204941447453,0.99496889686482592,-3.9084675410236795,24.649120982596269,-1.8118203141608582,,0.2581152849745355,0.4090909090909091,0,2
0.66283877294355698,-0.74106909375075347,-0.10705773848778032,0.74875870709815218,0.65559175396575686,0.097774488885432193,-0.0022714813194591402,-0.14496913609296569,0.98943357025778911,-5.7678208922584462,-8.756011860979374,-0.71991489077764259,,0.07594449899250853,0.3018867924528302,0,5
0.097874201730701327,-0.98537207825479978,-0.13950809306773632,0.99461375577937505,0.092044873896394902,0.047657297487833698,-0.034119165435647601,-0.14342108835598405,0.98907344214914639,10.32411145196186,-7.8469269149566845,-0.078783339626498042,,0.1188005528334445,0.2272727272727273,0,3
0.79871606366552261,0.60052326859389338,0.037741933177297064,-0.60033114042282198,0.79107802279581518,0.11746524459642434,0.040683798756837954,-0.11647903556765252,0.99235954310519048,-18.017358353553192,18.433660969488891,-2.3576189691024463,0.2010113012084231,0.2291856629599269,0.3333333333333333,1,4
0.68701121237813334,-0.68195312916824746,-0.25090939337610046,0.72664569847618476,0.64535976576055143,0.23557759151401428,0.0012739516414210122,-0.3441666781591759,0.93890770296770554,9.0209419778477216,-9.0912908932907133,-0.086060839582393606,,0.2026881358014594,0.3214285714285715,0,3
-0.70557609513534292,-0.70416859710496238,-0.07942896716432174,0.70667440288800654,-0.70752111499692127,-0.0050159880774345118,-0.052665570123572474,-0.059669579223779821,0.99682790843696578,5.7715969378238228,-16.668683658039967,0.18669520459977962,0.2774677768384445,0.2497817744238697,0.7027027027027027,1,5
-0.87507213882664492,0.48087921697018099,0.05480812472167651,-0.48364975684271827,-0.86456643260299115,-0.13641039667898183,-0.018211659873300871,-0.14587687377471176,0.98913511369396634,-0.70083026232325696,-19.568281266808789,0.10459588638104614,,0.3806304203025728,0.5853658536585366,0,4
0.066808594855139333,-0.98173223371938578,-0.17815283587365949,0.99774513011180788,0.064584079196698327,0.01826340747194766,-0.006423938951581676,-0.17897127699901952,0.9838333268484486,-17.059569248256153,-8.4183276837883305,-0.97753538682842589,,0.3508374178982607,0.358974358974359,0,2
-0.69693817241300593,0.71676450005433234,0.022931098872106533,-0.7171272815449341,-0.69647200855580627,-0.025596940485417014,-0.0023761097601026101,-0.034284001518262851,0.99940930621157587,4.9718116999803819,-7.3382985058310632,-0.40157370193810737,,0.08106260825603125,0.390625,0,5
-0.58627610288741416,0.79351146829296648,0.16315600163857316,-0.81008293634174244,-0.5759282558812242,-0.10987392923506221,0.0067799285458258023,-0.1965863519300132,0.98046307365640317,-19.151459714852908,13.216659071094012,-2.1671315633027803,,0.2869005207705926,0.2,0,3
-0.27538204834022167,-0.95524065110274692,-0.10807416866551985,0.96093045165623525,-0.27678176560390821,-0.0021263369737745761,-0.027881795704124881,-0.10443731473942974,0.99414055985978633,6.4675116910199568,2.6242577563710139,-0.74101156154275083,0.28502503661811,0.1274079411125049,0.125,1,5
-0.38717297721939359,0.92171293661899989,-0.023288370064286162,-0.92181663695464533,-0.38645612834783916,0.030095659089420607,0.01873962498821841,0.033119832903846395,0.99927568924882904,-12.647042007824746,-11.004622682793741,-0.70869042225442569,0.1366807365264536,0.09597340410478225,0.5416666666666666,1,4
-0.79731249507364188,0.60212834845160013,0.041644173546767443,-0.60327248497578034,-0.79287049899376749,-0.086131763574896728,-0.018843939890367711,-0.093796715381314885,0.99541302086776273,-14.435505058561382,-22.3558007937797,-0.15650359126871041,0.3721031182304197,0.3124016905415842,0.391304347826087,1,5
-0.95080951845654404,0.30895316344479073,0.022565513729837939,-0.30839859317014479,-0.93720443415156351,-0.16290536006320752,-0.029181626807128557,-0.16185113964413178,0.98638361769282479,12.193397124171117,12.783405550824009,-0.59504169597680723,,0.4340126113442141,0.1666666666666667,0,1
0.10511451155306102,-0.97610368651465984,-0.19019077957001868,0.9902782499947349,0.085219653411979512,0.10993906612167799,-0.091103935416237652,-0.19989798359371233,0.97557207273826818,-2.1008760622187173,22.277603769781258,-1.6723979619858982,0.3037136213253288,0.1924798870379792,0.1538461538461539,1,4
0.35604799218787364,0.91577890858864053,0.18595380567006903,-0.93303953870233325,0.33739655275708486,0.12490310406780332,0.051643455317404177,-0.21797375248371892,0.97458729560314139,-14.492269339556012,22.302560047618101,-2.3313419963117528,,0.2604163796681412,0.25,0,1
-0.98854701566769998,0.14526043981671155,-0.040917018937601496,-0.14604290577852791,-0.98913533166168999,0.016815627561388075,-0.038029823642090843,0.022598678783832083,0.9990210369311433,10.067682781611506,10.504847678265543,-0.67589387262165368,0.4275651319016006,0.4695337821685721,0.9466666666666667,1,5
-0.89590800430699546,0.43397036340394685,0.094966159792336566,-0.44387753672386493,-0.86585502118316859,-0.23079821204647474,-0.017932657656112135,-0.24892731063292714,0.96835613996630754,-14.752344338983107,17.356742907225545,-2.2890139510365639,,0.2633991684035575,0.3,0,2
-0.89775426367991651,-0.41746842098777037,-0.14056101707980354,0.43503206908648778,-0.89037311215893689,-0.13410003732564341,-0.069169219388832678,-0.18153743036186037,0.98094840866722033,7.668479597351177,-10.635400253538602,-0.066386088760900575,,0.4151964301208744,0.1212121212121212,0,4
-0.39508738260027843,-0.88724250847611064,-0.23813166791311274,0.91634782471071707,-0.39894362099828579,-0.033921253112380041,-0.064904732169537335,-0.23161329499360725,0.97064033365825331,21.929582043216634,2.0278911249469269,0.29308644315644267,0.4801527984782672,0.2950061364599984,0.4375,1,5
0.5345075800682918,0.8451604615158258,0.0023326251078341033,-0.84343141430858759,0.53323339252294633,0.06546448239987758,0.054084158558240635,-0.036958671361734093,0.99785217362303757,23.899622931292612,-0.70987110086095984,0.4529635313689479,0.3709563259047289,0.1905053512453245,0.5833333333333334,1,5
-0.90609622529251543,-0.39292721316597046,-0.1568369716115377,0.42122396228797593,-0.87246888007342971,-0.24772651633975895,-0.039496887283330839,-0.29052755197577901,0.95605111654026531,-3.810684825590184,-25.292348969560106,0.27554047664876236,,0.4267765076912875,0.1538461538461539,0,4
-0.34955856866388085,-0.92861743722443202,-0.12441246865321676,0.93550033151897605,-0.35323320831424776,0.0080888980652442117,-0.051458107247988251,-0.11356036204042365,0.99219761508063642,-29.615078325910133,-6.2661443790047437,-1.396667960822404,,0.3844730279597025,0.6666666666666666,0,1
0.37247111241030934,-0.91199206567475255,-0.17185965950776352,0.9279505896735657,0.36336760268496926,0.082895647916281179,-0.013151940705025147,-0.19035350657467798,0.98162751030643747,12.088777681674333,-3.9464164390508736,-0.16630394360479972,0.3084878501076604,0.137972502755119,0.2083333333333333,1,5
-0.95683407191116132,0.29060060926145681,0.0044547420550966063,-0.28998354365901263,-0.95355250576751016,-0.081530136461707162,-0.019444876879756528,-0.079302614341351593,0.99666092133772266,-11.030117842271913,-6.7040382327152619,-0.95812728842795736,,0.8524980610510765,0.61875,0,3
0.78630190356680685,0.61695734896269128,0.033059733939387645,-0.61368594841432467,0.77369691985292999,0.15742500731744902,0.071546300854944053,-0.14407187709964694,0.98697741669349093,2.5316154058196267,17.012901920011554,-1.2816429410689771,0.7502555619301871,0.7635936654316833,0.4216867469879518,1,3
0.36069861523999358,-0.92704146295802448,-0.10242380055728217,0.93162976944237952,0.3528964543958984,0.086775948070554332,-0.044299905786478695,-0.12672102600377952,0.99094868682281367,-8.7628829505430943,2.1007150789387956,-1.4012079788703775,0.3051104230689859,0.2505024413968763,0.5904761904761905,1,5
-0.21646783906762657,-0.92754941829252358,-0.30462066783886221,0.97514700757500528,-0.22051238690414929,-0.02150815750706081,-0.047222751581265272,-0.30170575706644559,0.95223087950667595,-9.4590055354262095,-0.83985028951037677,-1.2525266828326607,,0.08039904854854402,0.1886792452830189,0,2
-0.61667892352899045,-0.78444333191564719,-0.065998214280434619,0.78523995504562805,-0.61890099566409351,0.018967618878946768,-0.055725382682120232,-0.040127504022483079,0.99763944646643743,-9.5407169338504598,-11.21671839508363,-0.63584940324314987,,0.06847576695918617,0.2571428571428571,0,4
0.61664867721638628,-0.7839649084121928,-0.071717719327546517,0.78721767838265222,0.613406155875726,0.063413048937844718,-0.0057215145818107589,-0.095561029253709656,0.99540712975086876,-13.716438618523368,10.066959608033901,-1.9031684023763344,0.7519588390237506,0.7260808031365602,0.9970059880239521,1,5
0.89848397418970249,-0.42801630732463902,-0.097614490668440398,0.43796810060260688,0.88920288686714866,0.13229576275026589,0.03017434305537816,-0.1616176557536646,0.98639203279926535,-4.7738773911265424,15.208174376571099,-1.6884189225302817,,0.118666180647395,0.25,0,4
-0.73489819456698957,0.67749622155245193,0.030389363341974947,-0.6781272528735508,-0.73356050934281625,-0.045082236444967179,-0.0082506079988564438,-0.053738709650118122,0.99852094547525116,10.532937319203075,-6.997015452035928,-0.11315200815011127,,0.07559832538711392,0.2,0,3
-0.77431110001647319,-0.62389488278727623,-0.10581821971252946,0.63018831799352704,-0.77544320745584705,-0.039376590445041403,-0.057489166420879721,-0.097175136956106564,0.99360554975392168,4.650817903556165,8.3292949858495291,-0.98669796074230565,,0.07351817246327358,0.2325581395348837,0,5
0.59932611316467821,0.79648711381083959,0.080102981294077155,-0.79573758445156773,0.58186203217432508,0.16804247143252177,0.087234779589935918,-0.16445319409255763,0.98251984213177679,9.2815934809421048,3.1109197865389766,-0.59145387499637292,0.6117837313856964,0.5482544586469585,0.5853658536585366,1,3
0.99899511236084904,0.014079929131044902,-0.042550218269703191,-0.010214914180793242,0.99591432959408477,0.089723484313995822,0.043639672402684904,-0.089198675465668092,0.99505737286236728,-19.222348932949355,-0.49355222121256959,-1.4230609941146362,,0.09624249318903774,0.16,0,1
-0.13817967821299662,0.95568235226894638,0.25995695430329868,-0.98978472208378154,-0.14255539269955486,-0.0020405738918003479,0.035108125248792608,-0.25758338761257549,0.96561804973164478,1.6552333812393007,12.647062598770145,-1.2617568943269206,,0.3576805795594393,0.208955223880597,0,3
-0.8726685723126052,-0.48531507160709686,-0.054026328478603745,0.48554201985443063,-0.87415923957779607,0.0097247527706243436,-0.05194718330727334,-0.017745566538386399,0.99849215571013494,-0.61719790478937531,-13.028081297251548,-0.31692884521827913,0.9345737628731909,0.8932574146102743,0.9913793103448276,1,5
0.28062245847424777,-0.95197064770045303,-0.1224864144166541,0.95968133817876555,0.27613313117531646,0.052556855106911354,-0.016210026257917162,-0.13229655998586973,0.9910776232286862,-0.64914297255028586,-2.6751897506978923,-0.88364991833561957,,0.09993726230064898,0.25,1,5
-0.076306296917702313,0.98325625504618563,0.16548258507546795,-0.99609990429949891,-0.082547247785850097,0.031159790395832075,0.044298190767097595,-0.16245949893906941,0.9857203363526742,-9.4376230404841603,21.696499977429138,-2.0946007628411061,,0.418709754630785,0.2916666666666667,0,3
-0.63420190387941155,0.77294099433367558,-0.018712680037853528,-0.77316133910586193,-0.63391467124898992,0.019332182683714054,0.0030803940918067438,0.026728427820482403,0.9996379856320412,-9.052962668382369,-8.9850466822175346,-0.7681604619115997,,0.07752566213575426,0.1754385964912281,0,5
0.80996885408073405,-0.57978465124677536,-0.088318817914399564,0.58644140583186699,0.80224933310874913,0.11172504219068347,0.0060772481507234315,-0.14228761613443872,0.98980669898202445,3.429804348146853,-4.931076021591843,-0.60663566780470179,,0.1658883606546991,0.3882352941176471,0,5
0.85154249831415374,-0.50911662528633683,-0.125202377860582,0.52357566662479171,0.83820862641643379,0.15256087283272488,0.027274436443254849,-0.19546498524832945,0.98033134432118163,-4.2559909610271944,-8.3159825424946128,-0.7306352234162945,0.461417605066151,0.2874038656369111,0.2473118279569892,1,5
0.84803842244550987,-0.52476822581095006,-0.073818312330736019,0.5298359523075864,0.84230364653195444,0.098987022792307977,0.010232189327986139,-0.12305639446286092,0.99234692828836635,1.1350308305162125,-6.2871865153700055,-0.64474534270120309,0.1719445135363608,0.1066634028216258,0.3461538461538461,1,5
0.6322379563708902,-0.75963275014802101,-0.15242457618939034,0.77464129326832909,0.61613085738981577,0.1425259040864571,-0.014353859673680061,-0.20818465715476137,0.97798421011682135,9.9979268808242079,-22.194259971845682,0.62853068027179326,0.5329563535204045,0.3855238039356059,0.825,1,5
0.64455989420289039,-0.75939568095113308,-0.088660828655748328,0.76454853514441823,0.639775733660924,0.078438179652202789,-0.0028425681493349677,-0.11834361145153374,0.99296863466824803,-0.38738236668467757,15.722386206330357,-1.4478310857826093,,0.09429515103585022,0.282051282051282,0,5
-0.92842599072149246,-0.3563134892542027,-0.10519447289810571,0.365848577573128,-0.92611908947028521,-0.091968746900501677,-0.064652904347245868,-0.12387142323483935,0.99018981638130399,-7.3365723370189437,0.99984284490074338,-1.2981169707481217,,0.5595231158432125,0.2131147540983606,0,3
0.94092533992565841,-0.32258679636275595,-0.1029430109244857,0.33775228923828826,0.91578417939290158,0.2173999261452641,0.024143235079014148,-0.23932633700887271,0.97063896924337179,-0.65280832368216324,-23.411801180130819,0.29053127935045503,0.3057718933981445,0.3742567935046168,0.2653061224489796,1,4
0.70558449834981396,-0.70326193899854406,-0.087023909613674302,0.70861387025048383,0.70094429124881219,0.080891800909181744,0.0041107878893822895,-0.11874235016079206,0.99291659050557701,-9.3659269404912298,-2.0378281919846195,-1.1604377144439284,0.2182673027849067,0.08574718238208971,0.2281879194630873,1,4
0.86847187088826105,0.49570346105667251,-0.0058896665678954086,-0.49243496788199265,0.863992966022888,0.10499503354937706,0.057135032011069425,-0.088284955453405922,0.99445530556062944,-4.6594799457764964,4.8346150476402574,-1.370506614139531,,0.1074127697968231,0.237037037037037,0,5
0.58599275413991003,0.80706434656465798,0.072523324521736321,-0.80935451321392937,0.57858899994441415,0.10089618963849224,0.039468519553777968,-0.11782151606342829,0.99225013293863973,-5.6663910892784033,16.665617834634503,-1.7622554517292934,,0.08660856614127854,0.4,0,2
0.13912747278603538,0.98344592784511975,0.11609329576259714,-0.98931394222748847,0.13287181413055452,0.060025034143770056,0.043605848581083656,-0.12320384740139494,0.99142288754850538,0.72378796625991593,-1.8311109608292879,-0.87168763040114738,,0.07801279723127648,0.2258064516129032,1,5
0.99918791847831778,-0.033310268512025211,-0.022670014967412052,0.037649174975978646,0.97227733826419882,0.23077980223908795,0.014354204631188869,-0.23144589758632825,0.97274187393155032,1.8887629058064155,-16.356638825241603,0.01303504123283309,,0.2603595378241139,0.2727272727272727,0,8
0.98826674198614062,-0.14371947766789431,-0.05170646403466779,0.14795656729504539,0.98484496093830709,0.090494514246404159,0.037917026233177331,-0.097083029687446309,0.99455376147714603,2.4737292354532543,-4.3525831721216992,-0.6701761205896426,,0.06608748720256516,0.2962962962962963,0,5
0.32527132271584552,0.94560526812493895,0.0054077271609982739,-0.94418885980821177,0.32445889421336072,0.056866712406412674,0.052018877657584561,-0.023603026505232248,0.99836713362722396,-12.014792964650566,-19.206117801181218,-0.23702812668362414,,0.1496387781774583,0.3235294117647059,0,4
0.84446203073370085,-0.51689630415582399,-0.1403641314551676,0.53560485533100233,0.81328703132727731,0.22735796361843152,-0.0033641633387565817,-0.2671748779824063,0.96364218825252546,-13.386374266841361,-0.14487359529716312,-1.3562297214416095,0.3397628259892972,0.3318302470711433,0.1276595744680851,1,2
0.31498272440110292,0.94668989348784283,0.067558336989859261,-0.94723536031947231,0.30911066717933,0.084827870398760483,0.059422684972141683,-0.0907129594045189,0.99410266245834744,-12.656990144427606,13.609540011778073,-1.9967234825083153,,0.2498410535488036,0.2131147540983606,0,5
-0.37815522622427405,-0.90062506822737798,-0.21418009095081439,0.92412740387338754,-0.38091273819638072,-0.02990028912850758,-0.054654974974844089,-0.2092366420113041,0.97633644884861881,6.2852310420515458,-14.192608431515842,0.075463518910445268,,0.191938346189121,0.5555555555555556,0,5
0.59976838575536207,-0.75671975212891862,-0.26010209569773707,0.80015739222274929,0.56511344695421373,0.20098492416799807,-0.0051020701382940839,-0.32866701813457727,0.94443208335529794,11.901459214310441,-12.541406359660241,0.21214283401076545,,0.1321419784848546,0.2941176470588235,0,5
-0.24224215341724506,0.9591997110832774,0.14578975740954528,-0.96983518771211119,-0.24360643100355028,-0.0086957144115743946,0.027174395728167836,-0.14349850532835051,0.98927737828444196,-22.374706823935103,-6.0653729133239169,-1.2177257931534675,,0.5706029756338664,0.2162162162162162,0,1
-0.54560709439080213,0.83799628371379664,-0.0086675851477652169,-0.83803074353274465,-0.54551972603848931,0.010616091411056001,0.0041679064748067172,0.013055917614588481,0.99990608137507542,-6.0602447114200881,-11.528432931521392,-0.53218078999423568,,0.08460158139229818,0.2727272727272727,0,4
-0.99593379875844912,-0.080539519113987726,-0.04036402298400734,0.086271150838157631,-0.98168662376942306,-0.16984893654436495,-0.025945269773616202,-0.17264054730300021,0.98464312540295285,17.619872675323414,-3.647939983854716,0.18953477148905137,,0.2572515818420801,0.3809523809523809,0,5
-0.84959661218518667,-0.5229383079926504,-0.068710425680809262,0.52436754426258858,-0.85148565430642864,-0.0032953048987684457,-0.056782700600415237,-0.038829197057593953,0.99763120358596769,-1.5433078249511094,10.519690135503435,-1.3914679154720861,,0.0745302270158275,0.2105263157894737,0,5
0.66872283930051368,-0.73797033618665153,-0.090606551123092627,0.74351170894041363,0.66368617457518553,0.081920695469850174,-0.00032072787019331067,-0.12214927173879836,0.99251168887188213,-3.9190180577304341,6.8933278496240238,-1.3994027325958405,,0.07444759411372266,0.2893401015228426,0,5
-0.95649094282553648,-0.28966022878849806,-0.034957519232795393,0.29165497703786214,-0.94600691726913977,-0.14145065163505988,0.0079025731101001404,-0.14549180161484654,0.98932789559432976,-5.6760375463578887,11.37055536856159,-1.6051434907840667,0.4852203882524251,0.2394396069663646,0.1759259259259259,1,2
0.23962727181022775,-0.95830937596135957,-0.15563389910086281,0.96843392741573509,0.2245988988776782,0.10812521839547767,-0.068662208200162445,-0.17663089924326611,0.9818793340312203,7.9162873009067205,15.148705645657659,-0.90556153153125274,,0.151575881693194,0.3333333333333333,0,4
0.597390681963197,0.79978334524482408,0.058914970699687964,-0.79819492918708179,0.5858851503135365,0.1400837094815611,0.077519211319362735,-0.13071033360482054,0.98838534012061319,-4.6799634410232169,9.4156342173960557,-1.5066982232530719,,0.07758315625869125,0.3529411764705883,0,5
-0.24840172480205264,0.96846755580435473,0.019161849328889133,-0.96864174429659133,-0.24823778297669666,-0.010543922840691486,-0.0054547521869772421,-0.021180095777691178,0.99976079600143608,11.690923575337653,3.8509955026573959,-0.42335797851948526,0.3239185073493665,0.1573439730101714,0.15,1,5
0.99596201669192874,-0.080775929529435866,-0.039177934039501018,0.083919583873677137,0.99269839402775395,0.086645264943844086,0.031893020387174668,-0.089583188731902672,0.99546857687583912,-2.5928294594771328,-13.818676048535526,-0.32160690614365595,0.9816628527129442,0.3828676433360284,0.34375,1,5
-0.62699889523085295,-0.77548327024081176,-0.074149059035883785,0.77692364366574429,-0.62945085134741563,0.013463938916919573,-0.057114247718362113,-0.049166282294180887,0.99715627631426718,2.4285816942903447,-2.978452668393655,-0.73457556560444037,,0.06766987640713074,0.2727272727272727,0,5
0.96828327035450268,-0.24329685733152981,-0.056869566238805319,0.2495240620992541,0.95332982051376758,0.1699999875078668,0.012854990668072776,-0.17879846904207114,0.98380173647088776,-20.685292961787219,-2.5538866689363746,-1.3556869947398249,,0.2924397025497355,0.6744186046511628,0,2
-0.62529975828840134,0.77992964744589266,0.02664502428958589,-0.78037794623976486,-0.62507139145335522,-0.017205133221609756,0.0032362489202101877,-0.03155155497740797,0.99949688647410684,-18.706731091680034,-8.2253083098447455,-1.0103196820336953,,0.1651661176083583,0.2727272727272727,0,1
0.4654428532129033,0.88142937068068816,0.080282095727997285,-0.88284554620774747,0.45591671425007124,0.11279934046156936,0.062822702378819553,-0.12337833751865279,0.99036917051014717,-16.887102553481782,16.523878498729207,-2.2908956922506913,0.5714910918512275,0.5155192264608652,0.84,1,5
-0.19245518315928575,0.96363743632562171,0.18537500852841304,-0.98105233369828027,-0.18464823550947165,-0.058663000847190845,-0.022300695511230029,-0.19315258329885751,0.98091526573129284,-12.734188796378765,7.4777483496189268,-1.7593070169368599,,0.4359372819250645,0.3771428571428572,0,2
0.95828247608536732,-0.28227370383280059,-0.044902696491533861,0.28427776728048626,0.95758017963301123,0.047184219862496629,0.029679067669321449,-0.057980649345476164,0.99787644387657382,-6.7696756924180495,0.0098216582694006429,-1.2079052611218974,,0.07794113958505336,0.4964028776978417,0,4
-0.40489001903989069,0.91218234387402852,0.063146211338153416,-0.91436487127529475,-0.40384931673614272,-0.029027772037595562,-0.00097706683130558206,-0.069491732574720785,0.9975820489785151,-16.181869778222996,19.680044338550438,-2.3662339239834105,0.458694683604203,0.1696727162839914,0.4285714285714285,1,6
-0.76603502981716154,0.63998283215169949,0.060102476189523003,-0.64269086877271353,-0.76083747665677604,-0.089859786950151468,-0.011780504624045587,-0.10746305721335875,0.99413928151198361,-1.4227292192110741,-14.532214818836628,-0.24078431248463525,0.1244504773841965,0.1033990115287113,0.2857142857142857,1,4
0.73614162296671404,0.6765000743439642,-0.02105137402984076,-0.67408152188580794,0.73559915934714426,0.067141482109711867,0.060906590678237157,-0.035235297364811416,0.99752135868439795,0.99123059571770988,4.1957159924355683,-1.0759617791053366,0.4281892725230173,0.3986396798697512,0.9545454545454546,1,5
0.22041200413027975,0.97061437954026408,0.096572639318515896,-0.97454870301143337,0.21498387810690681,0.063535483100784884,0.040906892988945114,-0.10811872355788005,0.99329601213445307,-10.765244029580757,13.654152265725369,-1.935778641377653,,0.1474351737029574,0.2083333333333333,0,4
0.78694371782689487,0.6168509218204179,-0.014646679558379406,-0.61404668252395411,0.78525422837212711,0.079513951637572411,0.06054962142004966,-0.053579259727964824,0.99672614407012117,-1.4680280241471986,-5.8147174142968554,-0.76581676206354998,0.1449063363370384,0.1363742142766177,0.5823529411764706,1,5
-0.29342567287923987,0.95137102595188661,0.093779237972060572,-0.95567022834796,-0.2944199197771854,-0.0033653362022211613,0.024408792365119482,-0.090609501806658416,0.99558732868474464,-13.826316922586241,18.78035810091297,-2.283604213468597,,0.1926438075375436,0.2777777777777778,0,1
-0.62088607347821589,0.77920462134670365,0.08567754567414114,-0.78376871285828964,-0.61906889276925747,-0.04960151963303798,0.014390570011795606,-0.097948272457388477,0.99508745717014713,15.386833830312566,5.5570872920789842,-0.21324867827063912,,0.1878770205583516,0.3846153846153846,0,4
-0.99582002335832087,0.080468707382069557,-0.043211898950306443,-0.080909838150388547,-0.99668470362623385,0.0085556792812798675,-0.042380174245872808,0.012016184491970668,0.99902929493641146,-13.971124169162765,-4.8246300136420333,-1.1126072791403434,0.1835580453083278,0.1258097222136373,0.5309734513274337,1,3
0.6265759846652259,0.7793550868109328,0.0028607870814582256,-0.77725077687532496,0.62460587359970121,0.075820396407941318,0.057304147210353505,-0.049730788518551873,0.99711738696395025,-20.540798389337553,17.845893017976682,-2.3562919220798002,,0.1366904899763927,0.4705882352941176,0,1
0.77241479130728108,-0.63224907699128241,-0.060303356568291409,0.63506490036555274,0.77009285011287953,0.060411708539938727,0.0082439367672061305,-0.084959442375143371,0.99635030519284951,-12.405589686798319,-8.6376231966815062,-0.84387334143105175,,0.1235038302327985,0.3863636363636364,0,4
0.43791947460269043,0.89900357750099025,-0.0043705153159820393,-0.89738300034678475,0.43741245509469651,0.058086959092687865,0.054132101864872675,-0.021515384459820257,0.99830196022007267,-5.048317927857541,12.959926986695532,-1.6264842110477407,,0.06997490593706256,0.3829787234042553,0,5
0.82904663176979698,-0.53929591014449263,-0.14778905119317257,0.55899965857081979,0.80601193427849005,0.19458711036025519,0.014179706233271142,-0.24393581758747607,0.96968770891925171,-18.049163632011169,-5.5079982295869909,-1.1540319012277205,,0.3908005840512009,0.3333333333333333,0,1
0.35499252312875773,0.93462192760975404,-0.021497929056241753,-0.93346815976580311,0.35562526279615203,0.046560360443343843,0.051161540497961941,0.0035390524433387459,0.99868412017097741,3.3858542668336451,-3.577589471897737,-0.68277925870216105,0.2342079199736601,0.1690846800588685,0.6328125,1,5
0.9980929811284609,0.053371736755824718,-0.031013847516375762,-0.042412241897557865,0.95798238626986398,0.28367401949054255,0.044850894743863244,-0.28181768097897009,0.95841911079042574,-10.711356299320736,-1.349155800038798,-1.2407056946751824,,0.3488848384715999,0.1707317073170732,0,1
0.90655154213186562,0.42181975851977849,-0.015244434415642721,-0.41843181313539374,0.90284529947323855,0.098920083781333754,0.055489811808689518,-0.083297398167020434,0.99497860491773449,-20.647953739222004,-10.982696247216019,-0.90298985750452054,,0.07384623155037008,0.2857142857142857,0,1
-0.70071701656820351,-0.70981880174064615,-0.071783921509124257,0.71176768290855574,-0.70241128262591113,-0.0022705961346917991,-0.048810124551577863,-0.052684520831971553,0.99741762216534124,3.2378313564803052,-16.827469053250695,0.092557881298705028,0.2163547003503182,0.1713639933289232,0.3863636363636364,1,5
0.49495278249251257,-0.85350215968477805,-0.16295952416578507,0.86847581837806709,0.47992714517160201,0.12417603722128864,-0.027775816738059313,-0.2029876812539512,0.97878726251605741,-26.553848273300844,-2.0688878856161099,-1.515723045813433,,0.3303408043596953,0.2857142857142857,0,2
0.55064657686434848,-0.81598287843439488,-0.17595536220728022,0.83473791097055094,0.53802543906159173,0.11722306475733524,-0.00098355279277851401,-0.21142509081114622,0.9773937096172669,-2.056945191171256,-24.185099604476264,0.29912122801660002,,0.4596547918076738,0.6,0,5
0.79678323735882339,0.60337455549535779,-0.032796622459837443,-0.60149000407970621,0.79715057688042024,0.052542675716121395,0.05784676011834021,-0.022138282679417819,0.99807998115572771,-19.307467893352666,0.52876210227816811,-1.4791986350119639,,0.1216685624855741,0.5882352941176471,0,1
-0.3102471899445105,-0.93579714860690844,-0.16742275171169618,0.94772127337512402,-0.31828255323992832,0.022816754705860327,-0.074639594879460522,-0.1515912694130295,0.98562113304960008,-15.307555740614605,-22.464876534503247,-0.16162136442475436,,0.1191548894804632,0.2857142857142857,0,4
-0.56889809940917335,-0.80596099440588087,-0.16365154440125171,0.82099160704237029,-0.56823451239691125,-0.055518646300428812,-0.048246592155484741,-0.16594099679503346,0.98495474613205136,-0.90152030519860971,-26.749609433565979,0.44347665607630693,,0.4723548973769581,0.6296296296296297,0,5
-0.97788358719690904,-0.20297988095729874,-0.050426756959646532,0.20310214287061198,-0.97915371768806081,0.0027416599016404724,-0.049932048348450553,-0.0075607581770296261,0.99872399865203854,-2.9542831871623418,14.008584284063188,-1.5555832219669454,0.2597345311980868,0.2494012899813055,0.8611111111111112,1,5
-0.38977724513608319,-0.89552041473394806,-0.21474842483441686,0.919824483093023,-0.38989967371975387,-0.04360234782534516,-0.04468354816684332,-0.21452606188518675,0.9756956232838464,-3.4993165465211606,-10.515343062551949,-0.55875345479460758,,0.7156703911262374,0.423728813559322,0,2
0.17082182128498988,0.98498882233015617,0.024837980141965352,-0.98400173148366998,0.16924757931972878,0.055640357040132371,0.050601361740770234,-0.033945202592793385,0.99814188641240542,-8.9700306530202365,-15.078552495910577,-0.38068197688458233,0.1310736742253863,0.1210863729863941,0.4814814814814815,1,5
0.61598789109369567,0.78772172608411917,0.0073075495890491445,-0.78346524590478117,0.61163981897081954,0.10990423244217487,0.082104363375533951,-0.073424887500072408,0.99391531802779809,8.5650683311422053,18.711138629797542,-0.96577257794997995,,0.2171842514120532,0.3333333333333333,0,5
0.43410164932814815,-0.8610867864625662,-0.26473629186447334,0.90011662656509162,0.40262288415149128,0.16638771510725597,-0.036685373538510806,-0.31052271951840321,0.94985779147787885,-11.057774301478682,16.334212331737064,-2.0489934362368514,,0.3868023213125514,0.2777777777777778,0,5
0.63922578813429365,0.76862652028844836,0.024569576580874667,-0.76692602024202816,0.63480490418316471,0.094059625242332648,0.05669983474240653,-0.078968385663348281,0.99526334344529577,-14.555467253230916,-15.876864972596003,-0.49029785192582548,,0.09677597597568874,0.3125,0,4
0.8371244681241905,-0.50439746604769842,-0.21167385552413548,0.54615729005527003,0.79233080283378898,0.27188989205236713,0.030575143291165452,-0.34321290058129383,0.93875985506800408,9.0568062646639991,-1.6529501514205596,-0.44655108123386367,,0.5237024855889159,0.6363636363636364,0,2
-0.93440369956134461,0.35556683488527957,0.0214930727383436,-0.35573492931705725,-0.92830783450060572,-0.10815370760442454,-0.018503683683517475,-0.10870506121823129,0.99390181776455133,8.1374294163968077,12.329764358632749,-0.83612801643216472,0.1932886379188373,0.1472421574967563,0.1111111111111111,1,5
0.99294791848381525,0.11056059196769563,-0.042787693118607605,-0.096965683872798733,0.96505986395325905,0.24342784380098814,0.068206211811974199,-0.237562232878609,0.9689747665341909,14.276036877122383,-3.9487235331484176,-0.02264680475469449,0.2943770354456973,0.25668365783669,0.3902439024390244,1,9
-0.84349322113903125,0.53692780116489991,-0.015090468141414341,-0.53706129355249954,-0.84351738759802541,0.0066018018387912847,-0.0091843813192484473,0.013673081438664431,0.99986433778975936,-0.16167545040383735,-16.957294162356156,-0.017553916901603284,,0.3443260264193833,0.46875,0,3
-0.98700092895389124,0.15844386482835157,-0.026920400116112967,-0.15636364714953419,-0.98542496612130526,-0.06699288018081663,-0.037142645224223857,-0.061912663026882524,0.99739021754911339,15.661526430209095,11.129848473429934,-0.3346912338914026,,0.2653043421905296,0.1666666666666667,0,3
-0.99301068138115767,-0.11180351770527869,-0.037812168565896899,0.11282144939197165,-0.99327643920068076,-0.02594678951069021,-0.034656993811136384,-0.030031462793921954,0.9989479486051478,5.3071660065893127,9.7349055264890563,-0.96544748358451538,0.3372129250385643,0.3119579860221552,0.4696969696969697,1,5
0.30682149310777662,0.95167114127786923,0.01351333511734085,-0.95046078920542865,0.30562587760975074,0.056719583198966424,0.049848365571093449,-0.030246682365982824,0.99829869210359212,-17.428987733882348,-12.610678083629372,-0.73876102310547298,,0.1194234724544474,0.6551724137931034,1,3
0.89516058314880176,-0.4401630788731617,-0.070313543315614915,0.44439602593667521,0.89353800188515564,0.064046946209592531,0.034636721963661847,-0.088579360936864304,0.99546672184841467,-9.8745889509735285,-6.2821010105604449,-0.95008401681486543,0.5562237165639923,0.4729413680084217,0.9923780487804879,1,5
-0.25086459365365832,0.96791458384758855,-0.014433087893268391,-0.967577887528141,-0.25026989572747249,0.034029558609250082,0.029325538657715689,0.022501948086999509,0.99931660404234479,-8.8273733690054552,7.4480270987131139,-1.6077995032217474,,0.08373970380110303,0.3109540636042403,0,3
-0.88670902513786676,0.45879087830628956,0.057079196928453757,-0.46170788648541111,-0.87235328969673531,-0.16070334630137154,-0.023936004182581631,-0.16885102291140311,0.98535090184438545,4.8715474723464789,-12.047609369109777,-0.13423851613212689,,0.1461337968047277,0.5217391304347826,0,5
0.027312342237168018,0.99962691943243265,0.00024063986635560771,-0.99888912514883121,0.0272829348020057,0.038420790309318505,0.038399890897278965,-0.0012897343195304471,0.99926161987962991,2.8004462098217582,9.8182371991949999,-1.1166352923659051,0.1108732038877606,0.1448647754522475,0.225,1,5
0.61005824879378079,0.79231560950673774,-0.008056550790003409,-0.78851554554204817,0.6080695032983483,0.092166770568497536,0.077924113836422101,-0.049874383108629017,0.99571099139877983,8.9199518514383769,16.968211809885386,-0.89730239302980963,,0.1189057037564848,0.4210526315789473,0,4
-0.70167798157045203,-0.70981657988541147,-0.061712503587151635,0.7100600561781879,-0.70380630920003562,0.021711650108942392,-0.058844938605165348,-0.028584996938982907,0.99785779104567429,-7.4802974708032277,6.0969795001006277,-1.5056256319586723,0.4871944823839367,0.4625931514525314,0.9656742556917688,1,5
-0.30730880879226141,0.95154629441295646,-0.010997528251998869,-0.95160266394433746,-0.30733086255115249,-0.00033301292125629888,-0.0036967570548305352,0.010362939377261546,0.99993946990542426,-12.34242250755131,-0.034033554877376589,-1.3488263151263689,0.1519431831243113,0.2290383007832558,0.3707865168539326,1,3
-0.88565256498380862,0.46138373868511701,0.052388737478067528,-0.46423147146319982,-0.88230894946770422,-0.077589036547119974,0.010424732165126679,-0.09303742992012165,0.99560803612322513,-6.8976056541250275,15.155031946550933,-1.791502861134878,0.583497029441865,0.2909118945103578,0.4,1,4
0.16511196963057237,0.98273269582847833,0.083513388354230611,-0.98523424644294522,0.16045676400866568,0.059725258642133489,0.045293676387718133,-0.092141605334175411,0.99471523937543316,-7.9882490957664327,-3.3406266183883986,-1.0750982442600481,,0.07892599123542646,0.3495934959349594,0,5
-0.32956122286434364,0.92554984327845269,0.18640517157898351,-0.94389256281121692,-0.32745809866380615,-0.042872176165412383,0.021359547135450869,-0.19007546192688018,0.98153710501409541,2.9990166803144427,-2.3020766891189859,-0.73567117194508358,,0.09713677427135795,0.3448275862068966,0,5
0.84766095534506058,0.53053118987070658,-0.0027497923328920035,-0.5277454637648834,0.84371850328289766,0.098101033091695558,0.054365708485129179,-0.081705225000864731,0.99517266137513549,1.7600547587364321,2.1691213121015709,-0.99009582772832794,0.3636599407256321,0.2819801892621026,0.8443935926773455,1,6
0.90763562342184956,-0.41558149582493548,-0.059072797661365313,0.41912763809519404,0.90496676582031776,0.073261011086791422,0.023012998074467838,-0.091253345629758273,0.99556176545255126,-3.2422656770238301,2.5097172265894581,-1.2192307339571369,,0.1009536736423516,0.4930747922437673,0,1
0.98459757975185258,-0.14648013644356694,-0.095452478093915452,0.17105577397931784,0.91998975873821265,0.35264538279288854,0.036159758504889575,-0.36354148792714197,0.93087596296208452,-7.7786721921674769,17.533642186448393,-1.9316435389103321,,0.2749372086407815,0.1666666666666667,0,2
0.55374146791029233,0.83147074456211745,0.045019858439080816,-0.82071918201816085,0.53584934175628718,0.19820571940990231,0.14067839558367873,-0.14670338740695044,0.97912599043194126,-13.321561064190339,16.428986308049769,-2.1712717766937497,,0.2279959434641649,0.3243243243243243,0,2
-0.90480356266352802,0.42489579608318839,-0.028179344602398296,-0.42515008062407839,-0.90511629724310716,0.0034492622786667791,-0.024040007003466445,0.015101355427941955,0.99959693233198332,-4.1300330079101775,16.830600803599321,-1.6587115953770055,,0.08655340101861403,0.3333333333333333,0,4
0.091157728418324216,-0.99076154652951942,-0.10040829880068501,0.99303479969920783,0.082880051725231288,0.083742364501959723,-0.074646869565757029,-0.10734269860805427,0.99141585115408282,-11.199133862384427,11.327687566123007,-1.8631737636291934,0.2030469615148705,0.1810107760728526,0.2625,1,5
-0.99570429234437352,0.083385505427897619,-0.040246983632621247,-0.084314855706593431,-0.99619690002675398,0.021971378751952955,-0.038261825808065433,0.025270414749653611,0.99894816623497207,8.4185676673345657,4.9571005845420055,-0.67855918287039918,0.1942236928806108,0.1540632729683907,0.5306122448979592,1,4
0.49813927199234104,-0.85783997408850587,-0.12636393692337156,0.86705535410444845,0.49136861772944873,0.082291521005887408,-0.0085016832305058639,-0.15055716644014108,0.9885647480138896,-12.134347006443653,15.910049150435254,-2.094596099485333,,0.1227198817830467,0.3333333333333333,0,4
0.99166431988736214,-0.099700127845198439,-0.081619612655205551,0.10991142886853432,0.98513112417537563,0.13204599950410228,0.067241017737775355,-0.13991623454271254,0.98787756976508778,16.032815742867541,-3.7229467342909679,0.098801645024555795,,0.3107904333832835,0.3076923076923077,0,5
-0.94930452088785777,0.31016163054532175,0.051192670953378677,-0.31296647402148536,-0.91718103310073229,-0.24663928855482742,-0.029545097062497666,-0.25015738137768362,0.96775429308364547,9.851323798589247,-10.702731438334101,0.048118832625570061,,0.5294667475816915,0.2333333333333333,0,4
0.99082473850919872,-0.12677670753229145,-0.046840196257587265,0.13021931662660488,0.98827474069861165,0.079724315452636696,0.03618379658738808,-0.085092322358502698,0.99571583774697414,7.2337650918950676,12.768223465474469,-0.89994406865448628,,0.07187392517971156,0.25,0,4
-0.02260682790771238,-0.99533806012391191,-0.093760745521350622,0.99807316091293019,-0.027890128129697919,0.055426584038544301,-0.057783187842346116,-0.092327064405175505,0.99405071117176835,2.5953036451051021,21.508681282019275,-1.3766015357280401,,0.1315261316046329,0.4285714285714285,0,2
