axis_00,axis_01,axis_02,axis_10,axis_11,axis_12,axis_20,axis_21,axis_22,location_x,location_y,location_z,dbh,dbh_approximation,score,reconstructed,number_clusters
-0.92898006094194863,-0.36380262445814321,-0.06814467557822429,0.36620952163317338,-0.93015368511922203,-0.026546342955941972,-0.053727391873201504,-0.049616252342346123,0.99732221215914219,-18.763525197160543,3.6727056005002798,-2.7291121069382145,,0.08855223483712581,0.2884615384615384,1,4
-0.37897183222973219,-0.91300283629499823,-0.15101712251836921,0.92518577296542848,-0.37737953302298932,-0.040199173594901536,-0.020288811665597629,-0.15495324769955313,0.98771344789293969,5.0495144251167003,4.531153341538344,-0.31794555374041572,,0.0773618567245675,0.3181818181818182,0,5
-0.21401259038331985,-0.95497202527998826,-0.20549219471809432,0.97631036799171744,-0.21597876481746006,-0.013085812920966049,-0.031885365127272969,-0.20342468896513563,0.97857126434927511,-13.288419563978916,12.550057450057661,-1.9028633646950899,,0.3155092633735473,0.35,0,3
-0.95376174055322716,-0.26395136252228429,-0.14376446180996089,0.28906619406939238,-0.9365715374810577,-0.19817792668862994,-0.082336369261186648,-0.23057197011561745,0.96956551552429293,-9.2282254323253277,12.337508256439831,-1.4419504848445146,,0.1467165407913404,0.1818181818181818,0,3
-0.99603617446822312,-0.068394183674931733,-0.056869805610248535,0.077969176564045325,-0.97904323405727023,-0.18813599696125879,-0.042810590472831221,-0.19182435060784586,0.98049511567230496,-3.6643694000302252,12.165102406979242,-0.90000368844827794,,0.2999664321962975,0.3278688524590164,0,5
-0.197860760514598,0.97770238375797791,0.070350325106235539,-0.98002816024491579,-0.19585301172885372,-0.034444200146089878,-0.019897853541308744,-0.075760455322718162,0.9969274942711448,-3.4597858101834116,-13.68811009976468,-1.8206738376780249,,0.1281938284659599,0.472972972972973,0,4
-0.070259846315793295,-0.99410650157284763,-0.082557964644703191,0.99751475163397851,-0.070455861241348033,-0.00054026784446141115,-0.0052796087246054797,-0.082390746733689013,0.99658611799702557,5.0042178498060803,11.664521885375214,-0.18582044126078678,,0.09509278258304356,0.2727272727272727,0,4
-0.83011942546577488,0.55671641099676616,0.031121972804641667,-0.54854455504093103,-0.80537566684694328,-0.22465285750639835,-0.10000305294999923,-0.20356048972657398,0.97394174180130433,-1.179362869364929,-8.0344621545765609,-1.3765774513720992,,0.277004699133612,0.2200956937799043,0,3
0.96993122449447799,0.2417842337384993,-0.027817333914837438,-0.23065325592592947,0.9496663245315129,0.2119739313726465,0.077669139826641989,-0.19918397617854336,0.97687934175736135,-21.428265373322123,25.473079510554463,-1.9453783539785665,,0.3282269188418385,0.3529411764705883,0,4
0.65463885237974151,-0.75114785198599776,-0.084999278889634142,0.75492960777128937,0.65543311654155112,0.022106945761867301,0.039105757443419757,-0.078640537876163874,0.99613573650247367,2.317398018783805,5.7431735146400849,-0.558316702661386,0.579654671173311,0.2964794049645112,0.7321428571428571,1,4
-0.75903676470315529,-0.60662711445572937,-0.23636144744031845,0.64976273804398244,-0.72865102340009968,-0.21650882279384148,-0.040884888144082053,-0.31791701763998625,0.94723661025972961,-6.6251538501865417,-7.5862270364048721,-2.0477369213306695,,0.08385985879296111,0.26,0,3
0.87195246111539826,0.48935514423915422,0.01518052573128742,-0.48668100599313924,0.86297850718644287,0.13568232950449718,0.053296378491485788,-0.12569661467572432,0.99063608711713957,7.1194929366762665,-2.3455392529754806,-0.25168573080944995,0.4326431935779722,0.4238729864623825,0.4303797468354431,1,5
-0.97156021670463277,-0.21369493330370104,-0.10200598412433601,0.22905721776781465,-0.95735574708729554,-0.17607601911502693,-0.060029461977561566,-0.19443366220707281,0.97907712397718238,-6.1716654347787401,-13.936823049693254,-2.0754636357733056,1.167212844956638,0.5155956819876384,0.4549180327868853,1,5
-0.86243090533263911,-0.47175073937743123,-0.1834779916610495,0.49528440502209853,-0.86127131355994524,-0.11360053952615433,-0.10443319237211435,-0.18884640408430992,0.97643778296182049,4.0864093984644247,2.6468173076257977,-0.4209804122542829,0.7557745565606515,0.4984733418881158,0.647887323943662,1,4
-0.10682941048553467,0.99076035276272645,0.08355477514057244,-0.99425715985727448,-0.10591363500504535,-0.015329774706928005,-0.0063385430392418835,-0.08471260421859593,0.99638526562702856,-14.516496208960531,7.3513217775855768,-2.3411681947369569,0.2560519933926623,0.2364915984968122,0.5625,1,5
0.82617448668582449,-0.54851180554481282,-0.12872651913021949,0.56284966165652883,0.81374234813196844,0.14499534209691262,0.02521856305471418,-0.19224513006741911,0.9810228509279566,-2.6497671174111517,11.219002116695513,-0.84187193995422616,,0.1416801233372547,0.1666666666666667,0,5
-0.016744917057771948,0.97735313608253516,0.21095130988539032,-0.99985817676993061,-0.016747438433886187,-0.0017747259547380083,0.0017983600973029406,-0.2109511097281474,0.97749495917136298,-8.4023922271779146,-15.905328827761705,-2.3161790949065324,,0.1102078146548019,0.4117647058823529,0,2
0.023521075994520059,0.99972332439632361,-0.00018341761779753021,-0.99972327761943036,0.023521008657672614,-0.00036102297590606187,-0.00035660892228007247,0.0001918585108897174,0.99999991801019072,-15.039073986379117,5.1908841416324938,-2.4560108439501835,0.201868514724564,0.2120466474061045,0.6203208556149733,1,5
-0.64410857481777051,-0.75773277833512931,-0.10471475771230263,0.76492580879231031,-0.63867439422926486,-0.083567488889591882,-0.0035568089139685743,-0.13392555690534877,0.99098501215605783,-17.674492739518247,13.365559736976067,-2.3248900312297844,0.5131102760400105,0.4367188983755119,0.8448275862068966,1,5
0.0061541013242926348,-0.99243415333337826,-0.12262372663702253,0.99994442785091953,0.0071570927448647691,-0.0077406222837414756,0.0085596873067005589,-0.12256927559915776,0.99242304710859586,-4.177021083904167,5.930740460485989,-1.2723260843837367,,0.0723090566743971,0.275,0,5
-0.96181378504976445,0.27189385515110825,-0.031432060373342785,-0.2694508879184499,-0.96076915459739776,-0.065717962340298669,-0.048067264205530036,-0.054739045527577003,0.99734305783242183,-5.4516361156002286,-14.352610232006276,-2.0031971794049546,,0.08414389010247635,0.3783783783783784,0,2
0.94082632730638716,-0.31457509708679116,-0.12604891963047973,0.33113991992555791,0.93244160824596012,0.14456486655956069,0.072056750404597469,-0.17775026161590951,0.981433986173602,2.0424109041065788,10.263037906351922,-0.48564101306539637,0.5003120304513492,0.1915968885327951,0.1153846153846154,1,4
-0.44438909685769784,-0.86924307154212554,-0.21664443950863771,0.8953875745247889,-0.43861633330168109,-0.076790647526932404,-0.028274051365457072,-0.2281056657275326,0.97322576172354991,-4.4375343042673991,1.1837077053107743,-1.6050978248234926,,0.3421274518148812,0.2954545454545455,0,5
-0.99463406785007114,0.099809568193119189,-0.027223540716119297,-0.090672930524997392,-0.96772159563046434,-0.23514534445835134,-0.049814563553524177,-0.23141513227861915,0.97157889325079516,-22.015581054748424,5.4653866992435125,-2.8415780129342947,,0.5768010145394719,0.4594594594594595,0,5
-0.84388541346306267,-0.53382727390455487,-0.053720113364627523,0.53644482298196061,-0.84123569646117258,-0.067449647110573177,-0.0091848157374040326,-0.085737650044302102,0.99627541098069483,-25.91390856673555,18.235424395397313,-2.7312410164539975,0.1819327293641679,0.2022928019281919,0.35,1,3
-0.85047721820139266,-0.48839503415220531,-0.19534275501253734,0.52263143303409654,-0.82661664178924132,-0.20871347038896498,-0.059538949647678183,-0.2795983156825963,0.95826921861359382,-8.3913395600137886,3.9891397840829361,-1.9941597005261673,,0.1981638578126255,0.25,0,5
0.86288717043507857,-0.4899058212870423,-0.12416930928217336,0.50504147674403921,0.84505999111212637,0.17551842692370884,0.018943016305323003,-0.21416325009357137,0.97661418402694455,6.8330121971362967,6.392268490288318,-0.15678787194222862,0.3983687163823832,0.2488266106918695,0.1666666666666667,1,5
0.35587201781286804,-0.88616305574452914,-0.29676614626893522,0.93433801659335503,0.34389576682814954,0.093531664724166783,0.019172315618949835,-0.31056519475175637,0.95035871234108771,1.7864365411362191,-10.441337241178653,-1.171554648079266,0.275232540214821,0.1464948020365213,0.125,1,4
0.39914424834222811,-0.90905643697596361,-0.11958370878963696,0.91638559995473379,0.39120043237128332,0.08485077435194803,-0.030352944023965725,-0.14345248727396778,0.98919163092092099,-2.8017820909412379,8.6425303830307811,-0.96963617757700682,0.6787791352949234,0.7140221012626929,0.5578231292517006,1,5
-0.21765267003816752,0.9641749145607843,0.15163788892279736,-0.97562569908956109,-0.21047080897016524,-0.06210099715344132,-0.027960874472449535,-0.1614582692312484,0.98648335860043157,-0.69337536258467569,-12.512245639945748,-1.5196195714079974,0.684788694294424,0.4216330622019678,0.1818181818181818,1,5
-0.37364058746764772,-0.91788292109716696,-0.13372978185491649,0.92733492658793681,-0.37291201784202727,-0.031409566681735807,-0.021039137980863112,-0.13574818638611774,0.99051995667220305,6.8160191938857064,10.351041294576772,-0.077811155254699227,0.9110976161366875,0.4345838732591814,0.1818181818181818,1,6
0.9973474814272576,-0.052539389718790845,-0.050374733931629542,0.058522032370131441,0.9903325498188067,0.12576411450270791,0.043280168876458212,-0.12837855466298864,0.99078038620305109,-6.6912113817854975,12.587913027137791,-1.1548979938312567,,0.1695119837969142,0.2666666666666667,0,5
-0.0066946481687662398,0.99995731790465014,0.0063674213646239429,-0.99996254220824043,-0.0067293447512945881,0.0054433537135893974,0.0054859699533864829,-0.0063307415171098011,0.99996491230718398,3.8678078670338922,-5.4000469742343951,-0.76012789904193456,,0.06742600034185965,0.2857142857142857,0,3
0.15163474818019215,-0.98045817488884024,-0.12533423490002757,0.98840211623705099,0.15146464047442071,0.010941631691637302,0.008255892589580649,-0.1255397545783806,0.99205423755858779,-30.414005444827943,5.1444006039062273,-3.1511314483444304,1.015153990752601,0.8880637990145945,0.9932885906040269,1,5
0.16983673229581414,0.98411217279110075,0.051756310991608323,-0.98544842110607767,0.16923329869768927,0.015858749996119609,0.006847897678898783,-0.053696573226592777,0.99853381731471791,9.466657158666381,7.7145873119617114,0.11206170744678215,1.122967220552646,0.7086887955737791,0.1304347826086956,1,4
0.99635022095938919,0.064954502629474442,-0.055381854269541834,-0.063328798017087615,0.99752279236637498,0.030622574210866959,0.05723373599448206,-0.027003542318495,0.99799554516358757,-16.031592542191667,-0.88369676234961003,-2.8495280120887645,0.1805988346775773,0.1498664652446043,0.7650602409638554,1,5
-0.30766562142321607,0.94657490455001958,0.096632372786705667,-0.95067375839694523,-0.3015933867237835,-0.072531608143667242,-0.039512915479553476,-0.11418134331229873,0.99267383885630123,-11.23131518962329,11.610008152993705,-1.7245368855517651,,0.4434960315507777,0.3,0,5
0.13310902456785442,0.99095712537879022,0.016910447646306739,-0.99105682890835167,0.13324547811358531,-0.0072114101536528766,-0.0093994389575381681,-0.015799310848458047,0.99983100188181662,-11.307301509355163,20.77364666629677,-1.2799920472203454,0.4451786706988934,0.3750459352591347,0.8382352941176471,1,5
-0.84002420400217581,0.53936565331584807,0.058685847643886256,-0.54043545158620288,-0.82230432152321331,-0.17817161803460027,-0.047842025033753253,-0.1813843841884373,0.98224785355492306,-8.8746149163073031,2.7267641135003391,-2.1297443160634524,,0.1504830252852118,0.3076923076923077,0,5
-0.90954109732593658,0.41475357845602889,-0.026729411386150669,-0.41353871351622273,-0.90954490157190004,-0.041398121308949445,-0.041481618802534773,-0.026599646284899494,0.99878512910387263,-2.9014113048081027,15.203318630743818,-0.80477284675849881,0.4502537422042002,0.4254054908286918,0.6056338028169014,1,5
0.98165295300032707,0.19064716563847567,0.0033373791744920529,-0.18989425106488553,0.97589293343135342,0.10757860331523141,0.017252631052827008,-0.10623860274290732,0.99419098065160061,-4.1861480617903633,9.9805484577897357,-1.0235047322610238,0.3209612532792236,0.2060459507516487,0.3870967741935484,1,5
0.59058483443847432,-0.79477352973188076,-0.13980196625515004,0.80631506309083301,0.58818654465607623,0.06239076629094284,0.032643105920012599,-0.14957147162166989,0.98821192186333295,-28.1388436164418,5.4642522499775783,-3.0611730740936092,,0.0807493119652878,0.2777777777777778,0,1
0.76949750874124379,0.63862915094486361,-0.0051372759766964374,-0.63728541800068861,0.7683542542201296,0.059152650198576018,0.041723854624252689,-0.042243905895052641,0.99823572986044895,2.7032373366031321,-11.537160326804518,-1.1030954509988247,,0.0836130552670086,0.3055555555555556,0,5
-0.40695290514830845,0.9009776755128388,0.15042792699108309,-0.91316819132496718,-0.39718914278060313,-0.09145840152495241,-0.022653638640220013,-0.17458526021601137,0.98438142992016442,-18.651088499456854,16.340221143392757,-2.2646979608554672,,0.4822155893336725,0.8333333333333334,0,1
0.99196932763828294,-0.090120796702148162,-0.088741732159248007,0.10070759385216488,0.98726944874245548,0.12311383399227321,0.076516884184871625,-0.13106211344831753,0.9884168598587848,2.9685629155927398,11.669603056529306,-0.40790085458114672,0.7660612760823156,0.4589966353203875,0.2272727272727273,1,5
0.83768963636882976,-0.5407666564634972,-0.076468924260429241,0.54477336289904899,0.83727504896725835,0.046823876949012848,0.038704730924248566,-0.080882109481424116,0.99597190129537094,5.2822992236210116,5.3659899619236207,-0.28698759672781454,,0.0699393795165482,0.3611111111111111,0,5
-0.83122518630425346,0.55470302757439471,-0.037003254630646777,-0.55432310234637827,-0.83204210474247198,-0.020780619355680055,-0.042315338336671691,0.0032383847083301666,0.99909905665351095,-10.854763667407118,2.3587144046822899,-2.2896656046513972,0.1272391160941596,0.1017647319972167,0.4758364312267658,1,5
-0.98649284455130537,0.1592730614859825,-0.038261724137282502,-0.15311746185309522,-0.97961147259583836,-0.13006308328761337,-0.058197169387703494,-0.122447762917487,0.99076719507246669,-11.199242555447416,-5.0594884532356259,-2.4766318039823942,,0.4155173480891514,0.441340782122905,0,2
0.35560541475903912,0.93463087246007903,-0.0031497997654413574,-0.93440837845915292,0.35559112536105214,0.020879028468695736,0.020634225437071198,-0.0044814962870792724,0.99977704761193642,1.8275534301916727,-18.088565508877583,-1.4131434141700581,0.3521762985911463,0.170918139757163,0.28,1,4
0.33671655838021375,-0.93071484831123164,-0.14279996654616031,0.94160587195500134,0.33291590094767659,0.050451806667934487,0.00058413392803876891,-0.15144924572013313,0.98846486268271416,9.6528020123556484,-2.1494748050593815,-0.06669832400858916,,0.1689716572465598,0.3870967741935484,0,6
-0.74624422250874622,0.66104631760909915,0.078341089779041334,-0.66560800172362189,-0.73935160897074625,-0.10161292414775422,-0.0092492385527097303,-0.12797251379815958,0.99173458510751555,1.8287540100377191,-16.857051430032996,-1.3983058533018511,,0.1811115677189587,0.3157894736842105,0,3
0.38663581292401672,-0.91407776929404139,-0.12237066579460291,0.92178691373472921,0.38715605418150628,0.020471330636036175,0.028664155874333561,-0.12071462791657117,0.9922733216080013,-15.479875137070916,-4.4816773482751318,-2.8263053503406859,,0.1365796434134728,0.3333333333333333,0,2
-0.49583806908159722,0.8660877832457553,0.063533935513917159,-0.86799051842323149,-0.49198038016760343,-0.067437122251103196,-0.027149017971250026,-0.088584746105599743,0.9956985857078452,-13.318018508669407,2.5215107473565261,-2.4626525884948762,0.2012147010274076,0.1170845453823469,0.2826086956521739,1,5
-0.93409776685114232,-0.33454057417164584,-0.12467544343860819,0.35337032897868192,-0.91613568069631679,-0.18927447041953105,-0.050899632230560356,-0.22085746260428057,0.97397700622283279,-32.84037060706676,7.3578262378946944,-3.204277935479781,,0.2645200051758895,0.4166666666666667,0,1
0.10133940948243882,0.99456533028018657,-0.023877350992417425,-0.99483887328436649,0.10143176272094354,0.0026858357388324281,0.0050931609089377647,0.023481935950571752,0.99971128752053728,-24.487914737697704,6.8227764208345469,-2.9252006395135441,,0.1362783342525534,0.7368421052631579,0,1
0.42811393451524932,-0.83732999784078377,-0.33999549083749092,0.90036649163889038,0.42759052193424829,0.080663041635400085,0.07783726490409297,-0.3406535193828924,0.93696133320660591,-8.9984782960270646,14.950936178016265,-1.2745138840215908,,0.4818389094867002,0.3333333333333333,0,4
0.03071533890213074,-0.98910885956595396,-0.14394523918583246,0.9994511723796623,0.028605266208600565,0.016706069976369774,-0.012406529935784723,-0.14437937066379794,0.98944462975028558,1.1555852365024095,-13.317974325307491,-1.3461665410775421,,0.1632936268622191,0.1428571428571428,0,3
-0.98577304146477607,-0.14960262356723825,-0.076619617220944805,0.15896715647784601,-0.97788915650684871,-0.13587582841577189,-0.05459811244569595,-0.14612273131899609,0.98775867169528997,-7.5054101827438773,10.701318884140679,-1.3275935882116139,,0.08660222777252552,0.24,0,3
0.72507273906367586,-0.68410671893200192,-0.079167671298262202,0.6874881771928707,0.725765767646121,0.024981127537831896,0.040367428537410953,-0.072539972602201394,0.99654825426978166,0.25067665394257838,13.594456711839097,-0.59540345937880168,,0.08497164623587423,0.1923076923076923,0,5
0.59229984945968517,0.78697876610508222,0.17275795214623046,-0.80506022497641228,0.56939276554607077,0.16634275669450896,0.032541089271344539,-0.2376053455701751,0.97081655180858695,-13.177494799741584,-3.9855370077022059,-2.7208772600298552,0.6199464854104537,0.3195552913287152,0.2781690140845071,1,3
-0.86341861084764704,-0.48929655790491006,-0.12287058583862968,0.5024527302533438,-0.8558961527789638,-0.12240518583430728,-0.04527202561054311,-0.16742357683605286,0.98484505868514283,-17.237905820818305,7.3159867110603995,-2.5156268147052709,0.2801407981538225,0.2628640461175358,0.6086956521739131,1,5
-0.92724821529649859,0.37376188235181257,-0.022645143635865502,-0.37200816171378248,-0.92641355514284063,-0.05803320141036912,-0.042669366620463819,-0.045387004179984113,0.9980577864050636,-25.166712101589003,2.394228574342161,-3.0029381372571526,0.3206771482286277,0.2876018172165268,0.8058252427184466,1,5
0.72195632661465448,0.68688334819045671,0.083488492858253396,-0.69099479820542564,0.7094041910340364,0.13882320626029357,0.036128261985844588,-0.15791440631561401,0.9867916644175051,-28.07772890823254,3.8567661536462094,-3.081361191437809,,0.1301697294728748,0.2941176470588235,0,4
0.70585986223487696,-0.70201560323525303,-0.094530141753858307,0.70728259597565968,0.70581918389326437,0.03963091064028932,0.038899669866117717,-0.094833393182413309,0.9947328501772813,-27.4198051456362,-5.8616564866759084,-3.1045663685739151,0.5744992560683687,0.5214718249262583,0.7735849056603774,1,1
-0.94574154027891399,-0.31882660287393455,-0.062630154803698476,0.3207610877368024,-0.94686929248147,-0.02347056772952065,-0.051819528990257165,-0.042286407455696041,0.99776079105150284,-5.0359391376978877,-3.6407297383983108,-1.7710019661926955,0.4108438298044623,0.3944238427094315,0.9725829725829725,1,3
0.53308049891537823,-0.81081076038434363,-0.24168386897162522,0.84606411105579837,0.51058506669813608,0.15322666102288371,-0.00083765117637751689,-0.28616219266322052,0.95818082731323984,-21.132548105416802,5.0297148527848154,-2.8125405744940788,,0.352400272489483,0.4848484848484849,0,3
-0.50611204121973585,0.86187619497185874,-0.031937850165957141,-0.86201145933533085,-0.50670172526452895,-0.013769734511736607,-0.028050770167078722,0.020561764388800981,0.99939500105726642,-31.726973768900613,1.3926726047616103,-3.1910432207670958,,0.2118239978659195,0.6304347826086957,0,1
-0.59269633165381419,0.80178675812779243,0.076479101295951146,-0.80410003552437415,-0.58360054981868847,-0.11328517608683342,-0.046197308512642039,-0.12864055636636915,0.99061466572221646,-11.122947142267622,-36.294895986330836,-2.3770225858539953,,0.5980210420035875,0.2222222222222222,0,2
-0.36618793030362551,0.92965203064616198,0.040663271086010117,-0.9304980780179547,-0.36624059934462033,-0.0064148418987417417,0.0089289699764137954,-0.040186133269580843,0.99915231480890832,-16.114444190102802,20.312530783704933,-1.7754205460046322,,0.2843306927652848,0.8064516129032258,0,4
0.71763217721010764,0.69575498991667317,0.030480358244799256,-0.69639588976076039,0.71653593974847929,0.040112488991375136,0.0060681922349192985,-0.050012409008310707,0.99873016174950191,-22.584753381652813,-2.1759131635712725,-3.0753437832970438,0.4053765181429603,0.1970129558830133,0.4852941176470588,1,5
-0.95696248497693936,0.28843691159329898,-0.032046066486892982,-0.28620001658049388,-0.95625969223664098,-0.060472733631050483,-0.048086930200295586,-0.048698552689030186,0.99765530024648685,8.7806795639570314,4.6839214084085805,-0.009878713057462702,0.1535861259945819,0.1269715145890063,0.4166666666666667,1,5
0.75040521171022567,-0.65634194761170639,-0.07814899899169013,0.65969786955820287,0.75105370108731495,0.026777957043337953,0.041118598450090645,-0.071649046667197444,0.99658199611129961,-6.6040093395504202,1.8989584975858991,-1.9071195786451118,,0.06599683053440797,0.2862453531598513,0,5
0.96933219172273388,-0.23982150022142262,-0.053672619849865308,0.24162239582836184,0.96990799861214549,0.029951495160445197,0.044874490795600672,-0.042001455447756526,0.99810929151877292,3.0483616056520106,9.5981270182766192,-0.42265671130035581,,0.1044773718357271,0.1666666666666667,1,5
0.47924397925343959,0.87682990749889256,0.038659043764828531,-0.87733307912541458,0.47734727962724333,0.049256907178472566,0.024736139990850187,-0.057522934104169775,0.9980376923896207,2.673291915190934,5.2900447635230021,-0.51884072285604144,0.6838409855416574,0.2954298180965628,0.5540540540540541,1,5
-0.91690211188976878,-0.39184136213220033,-0.075834452160378735,0.39512376770140484,-0.91799746960841921,-0.034027253635687288,-0.05628254977814276,-0.061163655179551212,0.99653965394034838,-1.1590649770368924,4.1883867377627233,-0.9517459229389259,,0.07321235858125805,0.2605042016806723,0,5
-0.92214524019022992,-0.37742313941960315,-0.084852400232134029,0.38336623386832441,-0.92094580565006678,-0.069922484117534864,-0.051754098621467202,-0.097008231022942662,0.99393707868741843,-5.265047995434549,-20.496445674115275,-2.060032057957871,,0.08945225127954735,0.1764705882352941,0,2
-0.074021060959911275,-0.97901213873882331,-0.18988447734453084,0.99725281172071867,-0.07213635872045765,-0.016827812266499684,0.0027770577041495801,-0.19060844145155278,0.98166221787227792,6.1169819567142252,8.0635768758712896,-0.21016937114900225,0.7127256022994731,0.4426382497201619,0.7580645161290323,1,6
-0.47690757971790004,0.8780146431508451,0.040613382281082522,-0.8785114831823112,-0.47469353045619206,-0.053699404650823609,-0.027869953793131671,-0.061288975809120398,0.99773088912784424,-10.191549238038608,8.6279733339809024,-1.8504304781253897,0.1624533515743561,0.1051503601521954,0.3981481481481481,1,5
-0.063421176883073874,0.98544622350591371,0.15771333139813734,-0.99668477648273424,-0.070612503357455184,0.040414486229029545,0.050962835972195329,-0.15462734217313001,0.98665757707633561,6.2697896235974362,-9.8217705013073999,-0.68816975856608076,,0.5529293735052453,0.4864864864864865,0,2
0.81576516643864627,-0.5730777177484162,-0.078160876694125386,0.57647142975564558,0.81658893576065616,0.029380276866651709,0.046988125104218355,-0.069024918786954798,0.99650774040428058,1.8408947586091686,2.6899030172440206,-0.6533439624083669,0.1243944602009578,0.1117235545970697,0.4746835443037974,1,5
-0.6039678367517195,-0.79361143961069724,-0.073510101948541684,0.79636597784526286,-0.60461174987987532,-0.015679962938528337,-0.032001273412267953,-0.068011137516085438,0.9971712007843796,-2.2182165057841186,-8.7041719596391154,-1.5428223820643912,0.2511406875587905,0.1786782440129192,0.8107142857142857,1,5
-0.99305568434344604,-0.093639673091084494,-0.071218111576792406,0.10439870073864323,-0.98049217721922299,-0.1665412912643329,-0.054233929207211477,-0.17281985428562011,0.98345919025013151,8.2183594341842383,-8.0109178821215252,-0.42633552162445743,,0.4864871906555076,0.3125,0,1
0.92435955283350324,-0.36428430538338724,-0.11338589831540265,0.3768512955048347,0.91815177392781888,0.12239453055398145,0.05951905713110324,-0.15586617620428372,0.98598337559701366,3.4671159351965049,-20.701780401371892,-1.334385662456421,,0.238467820198521,0.2916666666666667,0,4
-0.69537330958333232,0.71411190594341623,0.080623483607351609,-0.71791754256522899,-0.6852210464589954,-0.12274575172584537,-0.032409294904801648,-0.14323513283933295,0.98915789150381483,-32.658455974043981,-8.8665219726726647,-3.1861772695123056,,0.2964846618866956,0.2777777777777778,0,2
-0.6386195314801425,-0.76257463010459059,-0.10317474270833973,0.76823085759579968,-0.63955657188079751,-0.028084529579586685,-0.044569534995414259,-0.097197350195009552,0.99426668035560939,0.31541420812538112,10.363666218090707,-0.62704449817082641,0.5491392969837209,0.1655682643697029,0.16,1,4
0.098514676801877185,-0.94072490970186629,-0.32454815162166134,0.99501836768613738,0.098123104238119124,0.01761545860573677,0.015274371405622473,-0.32466675327339939,0.94570512999405509,0.14685108294072161,-15.108342993269842,-1.4969552002777213,0.5922269492449511,0.3393007948156077,0.3170731707317073,1,4
-0.8970217310591132,0.43962364064862469,-0.045640646254852112,-0.4392363532020474,-0.89817622541282072,-0.018732168292652309,-0.049228447400643367,0.00324386899040031,0.99878227721585822,-1.0225294771910571,6.796880524876455,-0.8516104684641661,,0.07960752752894668,0.273972602739726,0,1
-0.86277219011561002,-0.48977346614397754,-0.12548346434661992,0.50454920927310676,-0.84999061663545539,-0.15147952684624813,-0.032469114324199938,-0.19400490584775087,0.98046308095818147,-17.619938498768171,12.05294274961607,-2.3969662380910615,0.3199572514821922,0.2305493336763504,0.2666666666666667,1,5
0.9964424681042392,-0.025043676904890393,-0.080468764159866119,0.039358434608811853,0.98258998888334548,0.18157044740643097,0.0745206104609763,-0.18409162934069306,0.9800800735772629,-9.1597405924401585,-10.55359390000117,-2.2770076261898069,,0.214891412643091,0.1666666666666667,0,2
0.99032046373446092,0.12771547525302135,-0.054351968590440822,-0.10827104545176669,0.95583159553935648,0.27324593626524279,0.086849063469578297,-0.26471629785410361,0.96040747697259943,-6.1252341495671709,7.271177186799628,-1.4265714520758117,,0.366303924931106,0.2112676056338028,0,3
-0.7507302815872634,-0.61764830431975826,-0.23433867900719166,0.65935157182544291,-0.72244822496828454,-0.20814434167541876,-0.040737563000583371,-0.31077183657967239,0.94961113965121091,-7.0845896011048,-3.6493422637844368,-2.0571224132062529,0.3539669270600793,0.5364683380435668,0.1651705565529623,1,2
0.98876012870132668,0.13867629461954617,-0.055877483847530045,-0.13641900289901077,0.9897440882365981,0.042385085215763986,0.061182215868484623,-0.034285931681969833,0.99753757390392261,7.2727779367664587,5.0154139776272979,-0.1380825632093361,0.3608642394833775,0.3191671185920691,0.8562874251497006,1,3
-0.9750523656070984,0.21961146558667372,-0.032306168248098073,-0.21466162420126464,-0.96993833085817005,-0.11462993251041571,-0.056509038385697312,-0.10483529231580685,0.99288281789231458,-6.067540970018916,-19.672513498484932,-2.1263399833583128,,0.1539164263076255,0.2758620689655172,0,3
-0.64553233559343681,0.76373046631320052,-0.001943843693764074,-0.76295671544557619,-0.64498887832281382,-0.043432674294581558,-0.034424614155905836,-0.02655412707851643,0.99905446511955365,-5.7552945350099556,14.479608733278148,-0.99502579586494733,,0.07601560271868246,0.4444444444444444,0,5
0.99468102829620197,0.093353468759758376,-0.043529091629980421,-0.092035428778783873,0.99526167239515984,0.031363726033360149,0.046250749151941349,-0.027190684649546822,0.9985597302471062,-8.6716337866226976,-7.605402411761327,-2.2328008371401009,,0.1109402786651996,0.5428571428571428,0,2
0.062727564574554168,-0.98937765585681436,-0.13113773954822919,0.99802699665936712,0.062540812844314508,0.0055462300579288398,0.002714144732355997,-0.13122690585412156,0.99134864331289851,-1.7215636862717176,-5.5720003600835124,-1.3755849106874636,,0.07214682260404917,0.2,0,5
-0.50087849941387597,-0.86165105270261266,-0.081720206811926793,0.86527144507937792,-0.50075079009828394,-0.02353662138435483,-0.020641103535175336,-0.082499149040609662,0.99637735585089759,-7.5275402021980877,15.32216100926499,-1.1181834640932915,0.1343590739352484,0.09758733709118592,0.4166666666666667,1,5
-0.92875537915019901,0.36816489782097167,0.043220986939736118,-0.37063762829876756,-0.92026381217107545,-0.12546818121510164,-0.0064182699098831791,-0.13254857230779338,0.99115573034237714,-5.809273455395072,16.19159713314027,-0.97470373873411853,0.7129821026475698,0.3433368829101125,0.1666666666666667,1,3
0.98678181799289622,-0.15036451851234026,-0.060433064221398679,0.15244196993377149,0.98781504725353153,0.031350888698981991,0.054982628905380172,-0.040149022305118506,0.99767979157974218,3.9816971194165749,5.8411026969855868,-0.39478233931192247,,0.09981835062498003,0.4639175257731959,1,5
-0.75038653490565566,0.66024312965377574,-0.031607878405088947,-0.6601181027765799,-0.75099722231819577,-0.015724581298209386,-0.034119475654418065,0.0090654186523545129,0.99937664549744476,-7.0459492819171752,-11.803924669164543,-2.1407430852545586,,0.06971936693271193,0.2142857142857143,0,2
0.19003555479227544,0.98170967038751089,-0.011515684193161518,-0.98167150770150291,0.19017413640131553,0.012443826223147441,0.014406209836390311,0.0089398496440607263,0.99985625977261916,6.3527704033420624,-18.299152509689737,-1.0354560446162968,0.7090629885450567,0.5992093554026268,0.8513513513513513,1,5
0.99613495555836185,0.071229954822285113,-0.051394978847714504,-0.068317833660616167,0.99607075271289791,0.05635360852583482,0.055207100255874365,-0.052624605708526707,0.99708717119184775,-28.719757559719667,4.8375046117559801,-3.0924903430159252,,0.135149038083821,0.3783783783783784,0,5
0.67828018854321181,-0.69242212101230838,-0.24594225371538445,0.73442952879317758,0.6495090808632501,0.1968532984554964,0.023436148711291863,-0.31414894589826903,0.94908439388949484,-19.532094633159833,6.0820714591461682,-2.7132616265022125,,0.3221260313070495,0.2222222222222222,0,3
-0.86491160511564447,-0.48197993794544008,-0.14008302807402545,0.49918803313304244,-0.8551181931028613,-0.13994350074677156,-0.052337586045241434,-0.19096652911598619,0.98020026619275591,-0.16804822524823795,5.721784805170433,-0.79212342305315009,0.4128965880644829,0.3197163065635222,0.3605442176870748,1,3
0.98495351295463929,-0.16683870830151704,-0.045071307176463668,0.17269048067798642,0.96023264658440899,0.21938838236494379,0.0066764662449480027,-0.22387074361287582,0.97459597523932795,1.9594164480378808,8.6183272653694782,-0.52213376862623584,,0.4531900434167679,0.1739130434782609,0,3
-0.56257139696962055,0.8243019378880504,0.063558937260281556,-0.82347404266730662,-0.55184905321325395,-0.13173125491241786,-0.073511389354403697,-0.12644737111400176,0.98924574195370962,-5.2271884115389717,10.910313549565931,-1.0926954812198726,0.7640213971352414,0.2461540233247134,0.2631578947368421,1,5
0.18169679452243295,0.98090222461226495,0.069405335608879709,-0.98327932543625562,0.18210309438924197,0.00048081543688957421,-0.012167293449827936,-0.068332194202815916,0.99758842625881228,20.590717968771017,-0.59842574144741933,0.68794983638143425,,0.4106777557905966,0.1111111111111111,0,7
0.95850833269510116,-0.27518759113833702,-0.074387941479365227,0.27990048596589934,0.95798074432395186,0.062678636396954798,0.054013832581215136,-0.080899216238524793,0.99525766648736835,-5.191710165562462,3.1129082243868118,-1.5339609466480046,0.1423151215842201,0.1069863582142618,0.4935483870967742,1,5
-0.37211428363717602,-0.89251386639309238,-0.25485281675752752,0.92815351874119056,-0.36012926567083647,-0.094010412485705422,-0.0078743610242061821,-0.2715251559311565,0.96239912932993843,9.5326685187593085,-4.4809484596141909,-0.14834748860798747,,0.2147581141224349,0.3125,0,6
-0.95733622506463012,-0.25101539253383459,-0.14317340846013085,0.27528023126203077,-0.94288564103076955,-0.1875832141059558,-0.087909876892925745,-0.21899301506916366,0.97175815555908285,-2.5763066870252471,13.823466908609573,-0.82085546727577141,,0.1909326519281649,0.5,0,3
-0.18718596052114808,-0.9681022953526609,-0.16655137920979746,0.98229052637783998,-0.18587950082366331,-0.023540028927207284,-0.008169331191912382,-0.16800820487838192,0.98575174619242845,3.0203643941821783,8.6108439325534629,-0.43787375443062243,0.4067016902803484,0.1007996525065006,0.3448275862068966,1,4
0.35358399486955822,0.93540222122037175,-0.0010213266276705498,-0.93535750017738595,0.35357741165153522,0.009453085830253562,0.0092035555084685368,-0.0023871543303833633,0.99995479700844836,-18.125483849524912,4.6465865203674648,-2.6692872071823381,0.8903493780479009,0.7866713854346861,0.9873873873873874,1,5
0.39696372828464699,0.9173678632872696,0.029257509020809227,-0.91734522090608006,0.39551008953027084,0.045271566800071106,0.029959040490795133,-0.044810406018099602,0.99854618491352964,-7.2328876698082851,-10.159570491153318,-2.1513885512218525,,0.1108629420339338,0.3809523809523809,1,4
0.98125576093698064,0.18731150483185879,-0.045293838274222904,-0.18581648822098354,0.98195142154567694,0.035265258111144344,0.0510819374457155,-0.026187895716324693,0.99835105538319691,-1.0678677059423345,-10.811617294740842,-1.4949983714787103,,0.07592157783268613,0.2553191489361702,0,5
-0.14567155748399671,0.98256940130450487,0.11548666139556821,-0.98925857346453638,-0.14323290295485999,-0.029185790001909951,-0.012135574444523494,-0.11849770939234078,0.99288016432078607,-19.465181833850309,0.82721304837162168,-2.8992382099723955,,0.3872975123207015,0.5208333333333334,0,5
0.94797762452704681,-0.30160162335955942,-0.10185717541212491,0.314068197174034,0.93832119848367679,0.14461844972205082,0.051957587702953771,-0.1690851538812192,0.98423097889522593,-7.3461503436233704,14.116998255769168,-1.1628009376137161,,0.1027234502076604,0.3333333333333333,0,1
0.92219122979053947,0.38659422862681919,0.010403753642288256,-0.38451255786900829,0.91368239842353272,0.13166080529928453,0.04139358088456916,-0.12541681387859507,0.99124023034686048,5.3364644579376801,10.927872442223732,-0.20259083416159804,,0.4232579386089248,0.2380952380952381,0,5
0.56306436471642929,-0.77777624381763444,-0.27932532240993785,0.8216257587020831,0.56318485596825107,0.088056406043212493,0.088823610733355915,-0.27908230427770253,0.9561503195707971,-0.16751156463781064,8.6948927225225763,-0.71224071680686751,,0.2889151391921421,0.1857142857142857,0,2
0.15440366731404639,0.98797681976745078,0.0078301418996181201,-0.98797926465202235,0.15433406826100227,0.0088299485648966006,0.0075153268474277097,-0.0090993942767201574,0.99993035801808428,2.7829696169104881,3.4691341609417519,-0.54230266492118007,,0.06712665574544632,0.1724137931034483,0,5
-0.33375605524797958,-0.93761813461261367,-0.097360819793544454,0.94251231715427264,-0.33374424462599461,-0.016891157198647339,-0.016656157954119927,-0.09740129785884713,0.99510580320768927,2.9442594065670074,2.3707272930153049,-0.56343750916769286,,0.2147223428259445,0.4468085106382979,0,3
0.67061024313780904,-0.73513236171106711,-0.099309176634169327,0.74088716478272154,0.67042219961949334,0.040252742982068483,0.036987982627724007,-0.10057079607156488,0.99424212549995206,-24.06461750950135,5.8536900935877956,-2.9267668841042154,,0.1412195277574368,0.2727272727272727,0,1
-0.5654565575404118,-0.79438201463182312,-0.22184701116768138,0.824212523517868,-0.55420323005304728,-0.1163292563161908,-0.030538461173666039,-0.24862822572720064,0.96811745556047557,-9.468446421124705,14.176472810339453,-1.3749441844122618,,0.4472381395293713,0.4705882352941176,0,1
-0.70494810687676324,0.70622626315392001,0.065518179481105512,-0.7075511123099163,-0.69383724634326038,-0.1340197711377068,-0.049189328922732464,-0.14083444471596049,0.98881043132729907,-7.4126512523349923,11.517576380454507,-1.2970907295514007,0.1678709105343734,0.2699975277828554,0.1807228915662651,1,5
0.34647884692631986,0.93723989317059775,0.039163647457509609,-0.93788497241802082,0.34531162878230581,0.033640118016462689,0.018005197723387108,-0.048386585716284777,0.9986663863261166,-15.768610223657108,1.7133108932574161,-2.7160339333576271,,0.09755759239366574,0.3008130081300813,0,4
-0.0099176130500932946,-0.97000089635393716,-0.24289895434922748,0.99967351889306555,-0.015338185504654983,0.020435158168755189,-0.023547750961522142,-0.24261698443840302,0.96983632757629334,3.2690640359537162,-14.025578602960854,-1.149963865609712,,0.4462485892366099,0.3283582089552239,0,6
0.86433472675368428,0.49882676970767387,0.064010420641025759,-0.50231946931196358,0.85008415840278484,0.15821527860095111,0.024507771783277437,-0.16890464012464673,0.98532765700886649,-10.034298132907969,10.92629840706361,-1.6433038812310854,,0.1601220377495147,0.28125,0,4
0.95162118059117329,0.30663402153734753,0.019816798078796341,-0.30361417547435521,0.92840644659254934,0.21419594388415586,0.047281720583009279,-0.20985005780611651,0.97658967439630495,6.9707646130447056,-1.3959129423688608,-0.2451473786762112,,0.1820282281658638,0.4285714285714285,0,5
0.88970254438450536,-0.43198937587702069,-0.14769753432308913,0.45161692571635847,0.88016304173804571,0.14613409035860647,0.066869536578648942,-0.1967185784002472,0.97817701158325299,0.84677179922737911,4.5111867631367959,-0.72270195730554432,,0.1985013877470127,0.293103448275862,0,3
-0.89778952755281594,-0.43317459699464167,-0.079584751900228401,0.43772931402298298,-0.89756744542169187,-0.052590194562743574,-0.048651946122020888,-0.082051504786372464,0.99543987196657546,-2.6421022116111601,6.1701447972200523,-1.0507703443857062,,0.07505854422323915,0.29,0,3
-0.99651045404885563,-0.055647236469864705,-0.062211735585914793,0.072330689674961382,-0.94768240127568648,-0.31091210597771046,-0.041655567484902442,-0.31432698163793954,0.94840042298171434,-7.6979416446120412,17.208428518933903,-1.0799917863261317,,0.3151046280142259,0.1538461538461539,0,2
-0.95506601803458768,0.29330102369597472,-0.042701413260572425,-0.29173608973059245,-0.95569129483269888,-0.039296347536430395,-0.05233502789013042,-0.02507306283431239,0.99831477319322792,8.4935772190335719,-7.2458069448627676,-0.35321233235212274,,0.07750636220091946,0.3,0,1
0.99755077380413093,-0.032466564351904321,-0.061954627607335534,0.044841389370358122,0.97662601069588673,0.21021628155681649,0.053681500371318899,-0.21247954591306534,0.97568987854054445,8.8312609958242447,9.56246144833875,0.094855154247469819,,0.7316666772565773,0.3181818181818182,0,3
-0.15376495373895416,-0.9666319787814488,-0.20488766824462049,0.98807537611816698,-0.15208892726743659,-0.024000193990536458,-0.0079617906654398784,-0.20613484858145831,0.97849120286781266,-17.330115281296067,10.926996100405821,-2.420112170872879,,0.8245829201004261,0.36,0,1
0.9826017796775659,-0.17088710450345707,-0.072741598064004806,0.17748917193170932,0.97934795767055971,0.096825470065993846,0.054693111279911957,-0.10805172521033185,0.99263965680280719,-2.6272978444992083,2.1511561940472306,-1.2335901041280222,,0.07899797851379931,0.4022662889518414,0,4
-0.40631576897600624,-0.90141776943628715,-0.14951087193226004,0.91372860900619557,-0.40132901848897162,-0.063522027693402414,-0.0027431669725473682,-0.16242236257112741,0.98671751336021862,19.105350970895699,4.7807132780132093,0.77064765890986409,,0.1769948980389727,0.2222222222222222,0,3
