axis_00,axis_01,axis_02,axis_10,axis_11,axis_12,axis_20,axis_21,axis_22,location_x,location_y,location_z,dbh,dbh_approximation,score,reconstructed,number_clusters
-0.82751684887607091,-0.5614155008111924,-0.0053385648948175192,0.55877459117067541,-0.82447532028965642,0.08950643828972768,-0.054651816879795347,0.071085031351096173,0.99597193596483957,5.5829944276468408,-9.1045409801560879,-2.14899835185531,,0.09750301402551735,0.3513513513513514,0,5
-0.040621636587108059,-0.99053630627968614,-0.13110190152236373,0.989034836580578,-0.058507153717453179,0.13559869097417562,-0.14198582559893996,-0.12415610700113354,0.98205157014451583,-10.405052485459231,12.131848513996129,-4.8106020372634362,,0.5692630364810525,0.2714285714285714,0,4
0.96626665180749483,-0.25664017763396468,-0.021554044370851577,0.25525186963886748,0.94316818302604344,0.2127915918762156,-0.034281783072007285,-0.21111512913895669,0.97685984746945409,3.4191017471610796,18.166718676838485,-5.1678049039835532,,0.09613315192559954,0.1428571428571428,0,4
0.19088326499094199,0.9572316744270517,0.21741918181241562,-0.977416815477259,0.16488900707294435,0.1321665016893139,0.090663928707566552,-0.23773753767564959,0.9670888869236518,-8.714641545968739,16.768737741575801,-5.3894344987942606,,0.2434853825059828,0.2413793103448276,0,2
0.72011430860532188,-0.69372688489747736,-0.013356336036559677,0.68620245119204082,0.70918862008265626,0.16179523207836613,-0.10276954081786133,-0.12567621221098202,0.98673396169605199,-13.181700262890024,-15.39659879292507,-1.7561709293051149,,0.1167807588060072,0.4736842105263158,0,2
0.53322173518200988,-0.82635802748329745,-0.18112700390444436,0.84009141024496048,0.49202556924359458,0.2283796436706868,-0.099604234659576074,-0.27394023002186185,0.95657500846167287,4.8807798277967223,-6.6039591808690572,-2.4238686379864847,,0.572886767106938,0.2125984251968504,0,1
0.99413103190555108,-0.10806072040358583,0.0051353781031504868,0.10595927988906896,0.98217625443971179,0.15524959330113439,-0.021820229324968354,-0.15379429742560594,0.98786192945753781,-3.8739832184081711,14.100191439157078,-4.8817458136493617,,0.08180729893360712,0.2068965517241379,0,3
-0.54080669772989542,-0.83745587496837959,-0.078713233775715472,0.83311895728507568,-0.54619263728175937,0.087099976988649269,-0.11593497618368871,-0.018473236320179193,0.99308500181864856,8.3957366951502106,6.310650140554916,-3.812707618037495,,0.1111487424542849,0.25,0,5
0.49466729547040988,0.85849377464267962,0.13525052935850507,-0.86426820770472967,0.46957588346554119,0.18038557264485403,0.091349504338259779,-0.20612357596190212,0.97425270822812371,-11.494761205837317,4.9954568899194616,-4.061140588022135,0.4303680899344647,0.3449606984218248,0.2222222222222222,1,5
0.40157737274835226,-0.90554283212616082,-0.13684952642030995,0.9067969838488269,0.37222466589025105,0.1979091412379963,-0.12827643501127256,-0.20357057078031454,0.97062051231826729,0.78417594826520831,10.407473936867392,-4.3847136620724401,,0.2436273582671011,0.1818181818181818,0,2
-0.49055892861064881,-0.85639554013143648,-0.16105470003497924,0.86676853773560791,-0.49858721769359809,0.011094518657030277,-0.089801111084703136,-0.13415463165892239,0.98688312137375744,-12.755717044492132,-28.240537981890043,-0.40262009423463518,,0.1393716389497646,0.1176470588235294,0,1
0.94976607696120086,-0.31291778620471405,-0.0051824830410629663,0.31025742988002142,0.93926133585058103,0.14672583337785122,-0.041045417015467156,-0.14096312302486155,0.98916362230376409,-3.5525964837447743,-15.940940290884598,-1.5488670552182977,0.1223970127902245,0.1123246406332329,0.4042553191489361,1,5
-0.3996349828878446,-0.91405521970846837,-0.069245474768654322,0.91316003717414429,-0.40357367751717665,0.057157968152979445,-0.080191190041969923,-0.040389876689165757,0.99596085811676682,-10.78372224840798,10.626551597347564,-4.6726660028018143,0.5809389060416493,0.2513902300106148,0.5416666666666666,1,5
-0.97476856757117436,0.22178947721031017,0.025212446807430622,-0.22095292481985279,-0.97475266896529678,0.032203095481362708,0.031718207528053724,0.025819801389758944,0.9991632965473658,-5.6915519027262658,-25.424004981116919,-0.52895215770941251,,0.1175958916672906,0.45,0,3
0.62555815701471962,0.77838371229256953,0.052875217540802641,-0.77612989183512449,0.61398715431738748,0.14367381575372473,0.079368653713832629,-0.13091436426487418,0.98821153911335124,-4.950661159314599,11.536461114694038,-4.6180647208187073,,0.06614765583576288,0.1538461538461539,0,5
0.4777261159136989,-0.87750611822200375,-0.041961537828833766,0.87296437816902428,0.46881142162903616,0.13471839294665267,-0.098544165844447654,-0.10098942238230373,0.98999504238400549,7.8810608045572312,-1.5784489692434442,-2.9429990812491709,,0.4634948263540352,0.7876106194690266,1,5
-0.096045300361616362,-0.98980693760905403,-0.10515477421132101,0.98898015120547667,-0.106851699804226,0.10247426394241697,-0.11266570374359484,-0.094153813039804982,0.98916201842267804,11.925125336466429,6.5692596899364588,-3.7891321767643364,,0.0910492557620642,0.1818181818181818,0,5
-0.26269446121710877,-0.96476571944642076,-0.014789409281142397,0.95923596722539151,-0.26278272143784198,0.10397884638180226,-0.10420162775610486,0.013128133711755233,0.99446954346436667,2.1415795752276745,-11.427649378504682,-1.9276249329626158,,0.08905520276792962,0.2602739726027397,0,5
0.60147330840871771,-0.7968538703165241,-0.057041814780456793,0.79350870421459785,0.58761917379055972,0.15826447146902389,-0.092594792550884625,-0.14045503179052024,0.98574773062745746,6.7351959870698463,4.4362061686833902,-3.6345707691612725,,0.5446275928629271,0.6394230769230769,1,2
0.00081430123862517921,0.98708221599756851,0.16021247072192299,-0.98274852452733408,-0.028840607961663677,0.18268430932006552,0.18494505793029595,-0.15759732927220521,0.97003010641599552,-13.233802294620578,3.5422916546052226,-3.9300883214285687,0.8601301354877038,0.7317464843353678,0.7767857142857143,1,2
-0.99552084409741293,-0.094440191725664022,0.0043930802858200635,0.094520316520768574,-0.99321184611443625,0.067794826519209331,-0.0020392970336739892,0.067906398260957693,0.9976896122255835,18.612848652662599,4.535830862936769,-3.5481633242934727,,0.3042676848237228,0.3061224489795918,1,5
-0.87565741654355078,-0.48161778645338871,-0.035614556350059091,0.48194251672663341,-0.87620262318762299,-0.00061130215553875937,-0.03091115370658043,-0.017699460185696642,0.99936541349281338,-2.99499875406975,-10.998296658580957,-2.042197633741925,,0.1447520419966952,0.2916666666666667,1,5
0.8439645207779698,-0.53615718525332767,-0.016104669175173107,0.53188133778809932,0.83259077301158313,0.15457958212104295,-0.069470354690000763,-0.13902545593237056,0.98784907370612163,-6.2724505059324285,11.168903496473234,-4.5952739587708766,,0.07851901213484552,0.2592592592592592,0,4
0.51361378277263425,-0.84777260743377925,-0.13222136072101959,0.85363180469708311,0.48931458399756639,0.17856085768412552,-0.086681163787685186,-0.20457967634205745,0.9750043753092561,-1.8471237167422037,-19.57326945957017,-1.0959618486811384,,0.3861613951696609,0.25,0,2
0.61513475898034253,0.7847185604508774,0.076328298671580974,-0.78444009211389276,0.59943560433038146,0.15915620674487216,0.07913892960194932,-0.15777749251706424,0.98429837583757318,-16.221327231991371,-16.177027566137152,-1.7403014524650657,,0.1961454170152639,0.5,0,1
0.02635975629250677,-0.99957098119252974,-0.012767803491736203,0.9930828677694854,0.024722497620236442,0.11478334310409168,-0.11441844689967555,-0.015705147857353677,0.99330849555404721,2.6646039435672364,-13.697725094181214,-1.6970226512893249,,0.1893712731039244,0.5691056910569106,1,5
0.072738546571088358,0.99393518766044719,0.082473914501001264,-0.99119885472419489,0.062871545953178842,0.11649892318344436,0.11060711657108847,-0.090222011947474201,0.98976060455242421,-6.9658084109905252,-14.368945395672645,-1.7557121842117545,,0.08902440022868829,0.25,1,5
-0.83802541354406457,-0.5449048227879596,-0.028144988127950778,0.54339609292241919,-0.8381456281973404,0.047250313547480029,-0.049336522485373117,0.024303086966637293,0.99848648839778642,1.4053757985636326,9.1704958574181301,-4.2453285495922932,,0.08095519847369498,0.2444444444444444,0,4
0.99915272786149911,-0.038938941122994043,0.013326112379315677,0.034956961130368502,0.97383126465578873,0.22456776003566875,-0.021721815657445697,-0.2239116496369222,0.97436735160893861,13.730669023920836,11.12827690361817,-4.2826540785804914,,0.2654181780604014,0.4634146341463415,1,5
-0.41315510829967017,-0.91001948006256472,-0.0341672707798856,0.90547155017884629,-0.41451123929062439,0.091113688974082827,-0.097077949620925863,0.0067065943972262473,0.99525418526574727,1.4203543197912096,-16.021447247379058,-1.491694849865028,,0.1085769501637949,0.2549019607843137,1,5
0.87757361943460588,-0.47856713301804288,-0.028948949330440944,0.4749841606941016,0.85961316449025549,0.18829565721165234,-0.065227214888920249,-0.17899359382374314,0.98168564408770642,-3.3981985874678995,-8.7357164726021352,-2.2946776071042967,0.8045860514605097,0.691574400105932,0.9802281368821293,1,5
0.99926128994142283,-0.037162087095042831,0.0097904906591117467,0.034481610463714452,0.97948834101515447,0.19852860840496067,-0.016967408889820512,-0.19804436143986029,0.98004619173661645,1.0358717287590453,12.427177803747421,-4.6036963855123547,,0.09634588042740758,0.1785714285714286,0,5
-0.44532921709272399,-0.89088629138984532,-0.089462306125145191,0.89053408748832574,-0.45107634773137384,0.05898446862233566,-0.092902784807109923,-0.053401725917542338,0.99424208734297259,-12.352083660332683,-22.404801641357629,-0.98342609465774244,,0.1205625237321466,0.4210526315789473,0,2
-0.14188807585012964,-0.98919066553343216,-0.037008122798562457,0.9832052138814914,-0.14516761252632496,0.11060683373850376,-0.11478362830908456,-0.020692788476481601,0.99317497309249048,-13.261017180495983,5.2997694017355581,-4.1377767557963336,0.4022246123507521,0.36996852785064,0.9225806451612903,1,5
0.05698337714189864,-0.9975800086521931,-0.039837432987014677,0.99202377771843819,0.052082043861797385,0.11478800089040807,-0.11243539998925006,-0.046060688712486149,0.99259089950723844,-5.6139614974798633,-27.246453622405227,-0.35986364525195813,0.158940713314231,0.1779178283586297,0.3636363636363636,1,4
0.45530608778848808,-0.88764962443114426,-0.069097834047024673,0.88380370351073467,0.44121971483481998,0.15561547770639272,-0.10764469370782066,-0.13192159598916486,0.98539804770875228,15.254068547129137,9.5063523827735708,-4.0917388980195408,,0.1471708748533714,0.3478260869565217,0,5
-0.99894272117883087,0.030310119815100178,0.034564959722616848,-0.028955990955675845,-0.99881856108971634,0.03902605040792749,0.035707007598042594,0.037983926330245922,0.99864019093411749,-3.1829992981708508,-21.582443319775212,-0.90595934853560012,,0.1827496046904391,0.3461538461538461,0,4
0.86642224522701683,0.48788574031941301,0.10620733199150592,-0.49734829850513079,0.82441925746718192,0.27014358754431184,0.044239834423590911,-0.28688044950856867,0.95694432687588182,0.63904868065089182,8.1515272197721789,-4.150805150363678,,0.07530290758416611,0.2727272727272727,0,1
-0.86187936651593144,-0.50276638057090861,-0.066256502637295572,0.50461125962399489,-0.86323815946551374,-0.013687830481037709,-0.050313360400421482,-0.045231035918060492,0.99770873462899812,23.346363036860801,11.357498517548986,-4.2402096782948568,,0.5779363355588513,0.5,1,5
-0.98683801049836106,-0.16106646204673811,-0.014433843541627387,0.16098662157433932,-0.9869349193959347,0.0065400727075855128,-0.015298650584868774,0.0041303366311690841,0.99987443792188024,19.115251108739237,10.218841142912474,-4.1301653242175131,,0.2528175948202575,0.3043478260869565,0,5
0.32302479043647042,0.94150923740472425,0.095996565798208963,-0.94119104848943491,0.30897506496762445,0.13672534319434149,0.099067628450633147,-0.13451678374770795,0.98594667192670216,6.2706151701213928,-2.774709079676406,-2.8057450031632118,,0.5113052396025853,0.3858695652173913,0,3
0.9499351369248491,0.30069429755513755,0.084889192795025076,-0.311625258403609,0.89210410290455067,0.32716963169852803,0.022648045400264681,-0.33724354552561714,0.94114497131996533,-12.79342624891906,11.937966611592824,-4.8546312469803619,,0.6449217789729587,0.4482758620689655,0,1
-0.69580899490283687,-0.7181425889965708,-0.01100293059174339,0.7148932576797089,-0.69397244905299871,0.085614660423763686,-0.069119264582296211,0.05170552992365153,0.99626756719212572,0.60597828945869958,-18.2230162997785,-1.1910788467617204,,0.08166172949593006,0.3333333333333333,0,5
-0.77019608910950166,0.63525434582461726,0.057007897973583903,-0.63288438204261888,-0.77227619382085355,0.055198183159484326,0.079090728198452531,0.0064340165148244538,0.99684665829029373,-1.604121200351591,-21.958570006567903,-0.8498117203185992,,0.2391735709675896,0.24,1,5
-0.99563350327033739,0.092253819728267822,0.014253417526357826,-0.09215418416235549,-0.99571652565957436,0.0074971241017893295,0.014884001713487206,0.0061508758702500518,0.99987030819952971,-0.39618413711923706,8.2476455497350685,-4.1660060708183639,,0.09947459548728797,0.2380952380952381,1,5
0.9919002236407416,-0.12697793278865588,-0.0032482189222666365,0.12450707328647898,0.9669017769581284,0.2227082001562786,-0.025138318223037814,-0.22130873977304488,0.97487973958688046,-6.4992299144541468,16.822944438968243,-5.3051057157360093,,0.08946745969311402,0.1578947368421053,0,3
-0.081678196857041571,-0.99653658601093598,-0.015604643534918423,0.99072051770155778,-0.082888187285156636,0.1077144568465086,-0.1086348377056823,-0.0066619179108042192,0.99405940007949745,8.9561004603193002,4.4639556626374794,-3.5929960742896814,,0.08360920132509733,0.3623188405797101,0,5
0.033419937146614426,-0.99541762527602196,-0.08959274016884014,0.99422435702913192,0.023964265305665065,0.10461186299062072,-0.10198546803895665,-0.092571406374779966,0.99046933270579851,7.3293966361635619,15.554593555705802,-4.8106204043524716,,0.09888527429235824,0.2352941176470588,0,5
0.59296299348586567,0.80394771603356974,0.045419800095200684,-0.80120502977061869,0.58342740593450304,0.13297729984774795,0.080407640349301479,-0.11524119007083899,0.99007781486331348,7.2414342220769292,-24.015315523986402,-0.48179431493819569,,0.4065803647935281,0.8979591836734694,1,5
0.2536842630300854,-0.95554678347704469,-0.15024859159924861,0.961056068966476,0.23138851043409508,0.15109794684837946,-0.10961535929598358,-0.1827284921017133,0.97703365918511098,15.053162776809247,-3.3928888825163597,-2.6826608323170036,,0.1250878220444582,0.2,0,3
0.17201862691161743,-0.98508247750989109,-0.0047015421316850478,0.97884927214038364,0.17038973640124835,0.11323179835784929,-0.11074156593475344,-0.024080079569787631,0.99355747460437849,1.6076994827429192,-8.827354305783782,-2.2372721102659976,,0.2311434950949071,0.7414448669201521,1,5
0.006949511932307295,-0.99981307683475629,-0.018042052935307501,0.99442956569754681,0.0050121978629075609,0.1052839813987447,-0.10517387104452738,-0.018673223149761387,0.9942785161043699,-4.9442713980287616,13.859666237126625,-4.890705946308163,0.3573984631360408,0.3730332442211612,0.8072289156626506,1,5
-0.15477632918804482,0.98705813361070582,0.041958655793819993,-0.98223272643460979,-0.1583041489131444,0.10079021558523299,0.10612803137676101,-0.025613225291541124,0.9940225367899147,3.9343579713031196,-9.1867691657306452,-2.1488453234046903,,0.1031281802485355,0.3896103896103896,0,5
0.37112345485057818,-0.92345412351839784,-0.097467240735747057,0.92247476664194661,0.35462544509912836,0.15258144905961621,-0.1063376046780167,-0.14653762467405484,0.98347294746028913,-7.3690634159334465,10.506934110951349,-4.5496357634607989,,0.09085575845053184,0.1944444444444444,0,5
-0.868578240400389,-0.48463778560438142,-0.10343141238253613,0.49361263685309714,-0.86457159720190435,-0.094140947789369905,-0.043799600933080142,-0.13282383098009951,0.99017141186860835,-13.255784279977474,-26.065570185463145,-0.62181162517474187,,0.2813506300208941,0.3478260869565217,0,1
-0.50503893032339897,-0.86277151416797482,-0.023685294975940588,0.85828534452922134,-0.50492803284416865,0.091618497119708736,-0.091005198885300898,0.025942166224473671,0.99551245988557502,-0.56351960126796408,-17.747800512159891,-1.2947331934407171,,0.08984667710733039,0.3666666666666666,0,5
-0.55504999614767814,-0.82803623231804702,-0.0792180518884089,0.82857311697469349,-0.55877492287932506,0.035173504062623824,-0.073389996616034611,-0.0461148948793823,0.99623658077133481,-1.827932130899101,-23.670537222649646,-0.64937726593314715,,0.1859536663841475,0.2941176470588235,0,5
0.97321765910284819,-0.22983367614665412,0.0048856237358985023,0.22690931439815271,0.96380938271976968,0.13994154787159377,-0.03687209039007875,-0.1350849920985015,0.99014771315193895,-9.5354132418243847,3.0452788563448623,-3.739075960896979,0.2881920893370177,0.265860701551322,0.8141809290953546,1,5
-0.27929449284882774,0.93771440951178053,0.20660656441238298,-0.95474034591330492,-0.29412434914592389,0.044291524300122814,0.1023008218425339,-0.18488524395813383,0.97742109063437055,22.178716454352173,5.0305548317593605,-3.5715527876767474,,0.3117307179630824,0.25,0,5
-0.57930022536628423,-0.81438043665526727,-0.034579665755308443,0.81161062562376729,-0.58022008264434621,0.068065028250817006,-0.075494643950212409,0.011364862047734129,0.99708144032745194,-3.3886735247406174,-16.782188465296869,-1.4202515623430003,,0.2186797684770546,0.4705882352941176,1,5
-0.27455529498466108,0.96097088573301148,0.033975679086626957,-0.95807756306456715,-0.27639619222889794,0.075448844084097869,0.081894890854962044,-0.011836456179018146,0.99657068246912439,-0.51819742469307872,-10.15916750372179,-2.1053019084043378,,0.2095089568107863,0.6285714285714286,1,6
-0.14277599037041,-0.98880013834724934,-0.043466112987149634,0.98397030296006505,-0.14654569065419465,0.10162088094168757,-0.10685251268186501,-0.028260342445699051,0.99387317781416429,-6.0348358571918261,-12.764203389318608,-1.9012224678921839,,0.09064198287210798,0.2987012987012987,0,5
-0.13514953018357873,-0.98971455929854302,-0.046900912609967572,0.98542075423636388,-0.13919892391761815,0.097824315486545896,-0.10334670585651018,-0.032996222399951182,0.99409793667220703,17.825860354217355,7.7571428444161272,-3.8799989724530084,,0.3307012806806032,0.1666666666666667,0,2
-0.97354844408882324,0.22602378727365893,0.033416681443608008,-0.22570978557720589,-0.97410867898098918,0.012937319220129083,0.035475621304263398,0.0050526349940984991,0.99935776935624654,-4.0374401996835863,-17.581039353560843,-1.3312512010331445,,0.06964592354886658,0.3636363636363636,0,3
-0.013313882327643302,-0.98895544044935524,-0.14761394697991154,0.99795556565659793,-0.022371147607519255,0.059868361675782619,-0.062509435386870968,-0.14651507963464039,0.98723143280958692,-6.1739971640936568,5.1347657744086677,-3.9481185598353621,,0.2624850829706689,0.2857142857142857,1,4
-0.77173276896283205,0.63413716456132418,0.047943610951660193,-0.63096642227236532,-0.77292652283287056,0.066827870430668929,0.079434924773494578,0.02132244881836224,0.99661198362382586,-12.439059759344943,-7.2986190702734346,-2.642731109936824,,0.07254947980038573,0.3333333333333333,0,1
-0.97505159792945362,0.22029607762192746,0.027276721936769471,-0.22190700945121555,-0.97046606260882018,-0.094619767918517186,0.0056267692009058581,-0.098312051697284991,0.99513972886194857,-9.0221022206500123,10.847567373955819,-4.645737317318769,,0.3834158945220212,0.6739130434782609,0,4
-0.83670596735279978,0.54607589503969245,0.041523981658960714,-0.54309295095931953,-0.83711505893684179,0.06548606507849157,0.070520711954098078,0.032241199694882025,0.99698913445820503,3.677388985760222,7.5231231121936597,-4.0222621626454478,,0.9791084025093506,0.8673469387755102,1,1
-0.39880619470029199,-0.89003677229896372,-0.22088042698327648,0.91189592084901694,-0.41036028563292065,0.0070898176415100985,-0.096950753517416721,-0.1985924971667094,0.97527512603444066,12.935102738129657,7.9955435582491949,-3.9213570839758645,,0.1990716428112577,0.25,0,6
-0.99883004577272294,-0.046924264046148925,0.011689871914981498,0.047703313052769175,-0.9957327565595615,0.078997920466850322,0.0079330691066495668,0.079463142135361112,0.99680623766935017,3.5667050025203455,-10.227541890269771,-2.0394445017413099,,0.09037751228575625,0.4150943396226415,0,5
0.23399930243394851,-0.97077356926163083,-0.053319824488280099,0.96366119911011805,0.22431822671993437,0.14504629085528128,-0.12884649700351283,-0.085322976883484392,0.9879871303947565,13.976854560723863,3.8951489161758506,-3.4815152439209403,,0.2028771202473248,0.1320754716981132,1,5
0.50568606676369987,-0.85397689326292936,-0.12249517400311891,0.85677241558891237,0.48047283346353953,0.18731493317260375,-0.10110702135360547,-0.1996730379307956,0.97463226303898232,9.2115210724584013,-3.0984441469245452,-2.7420415920209229,,0.6807393773846547,0.4385964912280702,0,1
-0.98653666935105677,0.16135716408707867,0.026632041294288904,-0.15992646930027168,-0.98590388057901279,0.049163631643665669,0.034189537038023549,0.044242557080489429,0.99843561219545174,-3.3344978702401047,-24.75876325155987,-0.56720938209330085,,0.1613825377162516,0.3461538461538461,0,4
-0.11964476492592957,0.99166971324021325,0.047710691337431138,-0.98651246600343823,-0.12415465942578813,0.1066713408685053,0.11170624264398715,-0.034304524263471976,0.99314898931098072,11.568452906469973,4.2832542294596241,-3.552758162923924,,0.2754025112138069,0.7709923664122137,1,5
0.37404589470809813,-0.92663136237554522,-0.037999827816192176,0.92218219994745154,0.3672804372775994,0.12118197264137223,-0.098334423027226212,-0.080370384192294753,0.99190268806606519,4.5757071730922609,-32.249426213179468,0.31850106198432399,0.3271340447904701,0.2919784972168087,0.5,1,5
-0.44043703618748875,0.85058262917031502,0.28727061824714228,-0.89150675132978929,-0.45213450026818747,-0.028108824248642011,0.10597607979060861,-0.26848386286879677,0.95743693572541022,-10.370486539577861,-28.227051208791107,-0.35264372085133494,,0.2964645770486654,0.3,0,3
0.86564985851706522,-0.49650915036963739,-0.064257186746738207,0.49427578917098253,0.82714483616389634,0.26743758944247631,-0.079635210107004181,-0.26326808315217598,0.96143026252796482,-1.0907738893471199,15.017338719922362,-4.9317249330065112,,0.3348630378739428,0.5806451612903226,0,3
-0.23097910848439579,0.96358394759605193,0.13473910857268548,-0.95733589201162772,-0.24979748463569476,0.1452900772110042,0.17365667654902731,-0.09543161218845661,0.98017149830274963,-1.3028011853931636,11.523163850532628,-4.5230347772783661,,0.4538247964872371,0.1428571428571428,1,4
0.88128884590080192,0.47182799175388623,0.026614212149310399,-0.47078614264106894,0.87165434960090682,0.13630518228946323,0.041114206644137077,-0.13265383906738429,0.99030933601209092,-12.153187834587399,17.144799906488156,-5.5504404462660624,,0.1242351813922644,0.6363636363636364,0,2
-0.40321145287036964,-0.91505410529557996,-0.0098238819146165331,0.91000888472791508,-0.40207367700652763,0.10109692366588963,-0.096459079357113883,0.031823617647229262,0.99482807729246447,17.895378250378048,8.6920504605486943,-3.9866167915801949,,0.08899736702219345,0.4444444444444444,0,3
0.086201647723123248,-0.99623975686791688,-0.0086961350941508302,0.99031761139974994,0.08472935565478526,0.10996347048825615,-0.10881316318035812,-0.018090968080289677,0.99389758647086235,2.6584029770776945,-15.710860975346899,-1.5187384698705355,,0.2379225980592984,0.7777777777777778,1,5
-0.99923617651222363,0.037846824693958635,0.0097304372880907403,-0.038569065453958135,-0.99521030053430659,-0.089826972009654352,0.0062841657553724803,-0.090133653931257496,0.99590985219032724,-12.351580001126104,-12.61243713019876,-2.0080237530924365,,0.5692885246592694,0.3714285714285714,0,2
-0.76733315400763324,0.63997684961306467,0.040366604019117784,-0.63650813965875952,-0.76779015444414511,0.073182421979474388,0.077828136999701938,0.030461626646877106,0.99650131479751858,-3.8000035213588919,3.8057063209006032,-3.711208946953009,0.4754414817292842,0.3648302067131182,0.8938835666912307,1,5
-0.3596540771322288,-0.92893525820915501,-0.087910356944194495,0.92617428938448743,-0.3668480928858408,0.087313586738610366,-0.11335841603208974,-0.050017624912746285,0.99229436495063461,6.3962839019919784,22.997595290751793,-5.6128554225010028,0.3661837203089757,0.2551235461242932,0.2,1,4
0.9976866913819713,-0.061670490813788455,0.028600986033386764,0.052743528288172137,0.96766466548394348,0.2466641753428378,-0.04288806434207932,-0.24458504806433654,0.96867887775070005,-22.922421182997738,12.959509633333496,-5.5219656691950547,,0.2925167773007103,0.2105263157894737,0,3
-0.99395876721144771,-0.1095903713386714,0.0059932957002259337,0.1085334635788618,-0.9895590994997101,-0.094832883963829426,0.016323491264864265,-0.093609503295196433,0.99547516519788248,7.7279707774780526,11.314604461028273,-4.372063739739521,,0.209912612359473,0.1111111111111111,0,3
0.89249992889950369,-0.45104133891670845,-0.0023637898813360604,0.44672820409629799,0.88321748804561895,0.14269120672025234,-0.062271892369482176,-0.12840786346095989,0.98976443259096458,11.86381746901467,12.1625482811667,-4.4031229716977007,,0.4851733770157792,0.5370370370370371,1,5
-0.34250270256439458,-0.93880542910544162,-0.036554958873379138,0.93427404915292822,-0.3444382098117818,0.092164639103330337,-0.099115588155840165,-0.0025857114694879894,0.99507256734407012,-17.366507701105196,11.167575107699454,-4.9731838874238772,,0.821103985360336,0.5769230769230769,0,1
0.72642818199516812,-0.67931786336464883,-0.10406410003879903,0.67985813415858809,0.68819871836087199,0.2533287221474454,-0.10047394598402021,-0.25477394796199815,0.96176671891798104,-7.3417011680990534,8.6689988936672275,-4.3662785015602363,0.3997947151342054,0.3979822618436038,0.6869565217391305,1,4
-0.5739456797552267,-0.81848164254793065,-0.025964543176259069,0.81429427476343019,-0.57379099111020726,0.087685418447223523,-0.086667126281015597,0.029183888240037533,0.99580977595592179,-7.0251187290318677,-19.639732443181625,-1.1647417254693004,,0.1961547114794317,0.7540983606557377,1,5
0.99861726111161542,0.049617951110038985,0.017367346877905816,-0.052060091418084646,0.97929707670705146,0.19561948378053551,-0.0073015540452968314,-0.1962531387791398,0.98052607962657412,-10.292013859108197,15.511519683040902,-5.2759721715796744,,0.1466040096764578,0.2222222222222222,0,4
-0.085220263702136964,-0.97929902186723206,-0.18360537144762296,0.98826409361178991,-0.10652668151132137,0.10948126508152546,-0.12677376673509388,-0.17212057371525,0.97688429211024153,-0.61621139119978663,9.4014409027904833,-4.2700199579997449,,0.2792609293296651,0.1,0,3
-0.96128640244256602,0.2733016985521266,0.035137359712307789,-0.27231457711204582,-0.96172691790455744,0.030431997471212863,0.042109661258638034,0.019685450117352527,0.99891904550987509,-11.111708284993696,-26.520737198308392,-0.53060597974271195,,0.1520634082693709,0.1428571428571428,0,1
-0.96288863448871198,-0.26432816159082911,-0.054553648479979039,0.26853960761175583,-0.95852556860640448,-0.09547362709928818,-0.027054698597262609,-0.10658028578392126,0.99393595667227441,-15.478945201411493,10.944087042900509,-4.842781766737156,,0.5021662583382317,0.375,0,2
-0.055217973147752952,-0.96084404584343908,-0.27153212518718006,0.99256359844121811,-0.082368976985833176,0.089626194160682127,-0.10848261838135655,-0.26456392648567878,0.95824707164259371,-1.9865120527640157,13.207370279910224,-4.7323892367259779,,0.299683340070528,0.1666666666666667,0,2
0.7149294512867177,-0.68408023505217885,-0.14460329074343087,0.69134166556900922,0.66070184238611218,0.29243764620148555,-0.10451115314233872,-0.30904256580373046,0.94528837472503913,-2.1106337968338558,15.995917339652831,-5.0723907703862903,,0.348326920728282,0.25,0,4
0.26621973423349199,-0.92749794919646755,-0.26243972134758048,0.95769642841966329,0.22364038946378517,0.18111467967204228,-0.10929137247225419,-0.2995538856981047,0.94779895835894301,-15.783448047095332,-12.113915745866338,-2.1693074924112756,,0.5598640147709562,0.3636363636363636,0,1
-0.08086603670115948,-0.9936900796560566,-0.077722002685115282,0.99198434636085941,-0.08783257792019715,0.090843243176963365,-0.09709655340568546,-0.069752876994650437,0.99282767662253668,-12.255263336231941,13.375319193431141,-5.0404753811155478,0.2494116987966104,0.2230293591204722,0.4545454545454545,1,5
-0.87042164665488031,-0.46850411885139703,-0.15122846178508831,0.48910996278187469,-0.85790898633882129,-0.15736459406934614,-0.056014295872757393,-0.21094089641028166,0.97589258470361717,-10.362441391793119,-23.937295772119519,-0.76579942996885653,,0.597997204052608,0.5,0,2
-0.12873524825482457,-0.99160592629709443,-0.012038388149972063,0.98525146410607145,-0.1292713191816168,0.1121092258196701,-0.11272439103233135,0.002571569467314249,0.99362296606754397,-7.6004200052581687,-15.251334539912003,-1.6832531346819481,,0.2486904573256571,0.7235772357723578,1,5
0.54946482836594646,-0.83147687373436541,-0.082064674700545001,0.82954768436625981,0.531181711332811,0.17232709858905229,-0.099694742847133033,-0.16276424051514271,0.98161538305905305,-11.654007118134418,7.2181802382910183,-4.3146627700792388,0.2113702838228767,0.2416403819475129,0.4347826086956522,1,5
0.5915388931315485,-0.80619073988954448,-0.011757075701590288,0.80031147760460408,0.585329677846257,0.12996425295723893,-0.097894211917962395,-0.086288232968042528,0.99144897202237015,-11.389826047300071,-12.041748998906279,-2.0600900018583919,,0.1777174680589424,0.7586206896551724,1,3
0.059600198102696976,-0.9916886957980694,-0.11402344939723338,0.99348597516659298,0.047815054080706625,0.10343760317477332,-0.097125864389471767,-0.11944559945675376,0.98807859770213313,-12.21652664030254,-19.068458756070847,-1.3113715336755507,,0.1723236983709821,0.4285714285714285,0,2
0.81407900153136881,0.57966636956773643,0.035528569600427454,-0.57807933694240388,0.80294701510440392,0.14525966795762976,0.055674585458021751,-0.13879117741085237,0.98875545490631234,-1.9644588687467843,10.907740620829232,-4.4830335361377882,0.9100226401425586,0.5059653435274529,0.9463087248322147,1,5
0.81422121078692478,-0.58032233698885527,-0.016425744928869248,0.57617439395752823,0.80428527034873942,0.14542445340358084,-0.071182073953697855,-0.12787176815798243,0.98923299745600979,0.56598213841532063,-5.8727821190564349,-2.5774848162481749,,0.1247707167019243,0.4375,1,4
-0.99684435197084387,-0.077784515967100329,0.015840044810300491,0.077893891172858803,-0.9969410591549176,0.0064082984497780965,0.015293124657153614,0.0076219188420315271,0.99985400268808544,21.033217336077072,4.270525947027858,-3.4784397628606576,,0.1274373611103053,0.1818181818181818,0,5
-0.86701920822989842,0.49720287309236788,0.032664897812417298,-0.49431600931506264,-0.86652783358205876,0.069146197020626382,0.062684730957639614,0.043804299061613573,0.99707161622848806,9.1266560753844868,-12.996052889105446,-1.6548552360769393,,0.08749110657142561,0.1764705882352941,0,2
-0.1728869188627061,-0.98015544181235359,-0.096981560988625259,0.97919258729348335,-0.18166570663201753,0.090440300880654398,-0.10626377687459466,-0.079327680663940275,0.9911685673006515,10.161933163904614,8.3496907981057902,-4.0106294502136599,,0.1236937755933744,0.28125,1,5
-0.84507839585029598,0.50538444744445787,0.17443928785784404,-0.52941747799090244,-0.83652831359206314,-0.14120026401027702,0.074562985890077191,-0.21167650044367198,0.97449136491560384,-4.6658373109991027,-10.884660583646802,-2.0895623339033973,,0.4982453619982745,0.2452830188679245,1,3
0.87926585659952783,0.44551338230587717,0.16855082202314003,-0.47504210222218107,0.79413580754000601,0.37905582741743077,0.035022200596614261,-0.41335958361837899,0.90989411477171933,-10.002846273861671,14.593083485584138,-5.1563157664083539,,0.512809883227519,0.3333333333333333,0,2
0.95307022416965304,-0.30024684367207233,-0.038845600345032205,0.29938585105356813,0.91561861960464763,0.26834801214506954,-0.04500288868659983,-0.26738432320956634,0.96253849985942075,-12.421427651939588,10.274353834190881,-4.6592501651544582,,0.8241827609336987,0.6436781609195402,0,1
-0.86888583627950466,0.49348768093560796,0.038824119792506342,-0.49054289263626843,-0.86890388858768353,0.066133976753599472,0.066370731477885955,0.038417979670967488,0.99705515636853936,6.4400537925979382,-15.695681484290976,-1.4353666714176672,,0.07656886378136556,0.1944444444444444,0,3
-0.9903740325279482,-0.13728205939664204,-0.017689314914609428,0.13822313248258031,-0.98763938058329093,-0.073910889371977401,-0.0073240249203851953,-0.075644498074020364,0.99710795231514204,15.885763215870719,3.9661336060663714,-3.4784136038116862,,0.1663950093719915,0.2380952380952381,0,4
0.52997818073024061,-0.80215410949730448,-0.2750852823515863,0.84211960673434449,0.45966415255039872,0.2820344567844813,-0.099788255338282408,-0.38112681810220495,0.91912167454577609,-8.033586134226411,16.4245044840658,-5.3259937091138969,,0.5024540334785378,0.1176470588235294,0,1
0.40461946402923032,0.87450411671255601,0.26744277739638006,-0.90939026072972196,0.35394610790809783,0.21847541368912943,0.096397318524041944,-0.3316092618572351,0.93847901118345367,-4.821762908881146,-21.055982919876179,-1.0034776101118217,,0.2699784431822456,0.1875,0,3
-0.90225637620645116,0.42669335285319249,0.062178888906963117,-0.42593109293093023,-0.90439037477639383,0.0257051373557344,0.06720219988561825,-0.0032912980288996728,0.99773394834886642,-10.856339246199019,3.4077469493822741,-3.8263564869745803,,0.07853190817709249,0.1566265060240964,0,4
-0.62779180644603527,-0.74789378741330015,-0.21571353807263732,0.77447554567835242,-0.6279033186980959,-0.076974356211250969,-0.077878603643384017,-0.21538873024489547,0.97341800783530263,10.451084211551457,-16.987286742215424,-1.2104326806695593,,0.3372585868871656,0.2941176470588235,0,1
-0.10743517868231246,-0.95371943042290008,-0.28085037015343195,0.98832595546252155,-0.13314260887157711,0.074059783026716883,-0.10802540507025997,-0.26961508440124482,0.95688986729023129,-7.8535965555358391,-0.16544451056467974,-3.3780467907000351,,0.1490720989270657,0.3389830508474576,0,1
-0.28343860198707771,0.95525688638947592,0.084538984552075327,-0.95221820416767378,-0.29079929908477464,0.093360908861765277,0.11376752856286354,-0.054037474564314139,0.99203674366800032,23.088101429755007,4.026515138781356,-3.4614531001341184,,0.2553017333732893,0.7833333333333333,0,4
0.63110118339337307,0.76558754261521267,0.12484795117215221,-0.77180922226033677,0.60364757841122785,0.19980021399426545,0.077600391451190409,-0.22245295158900541,0.97185022692591971,-11.529363230398108,8.4600502381820597,-4.4694594372497125,,0.09367395507442595,0.1851851851851852,0,2
-0.96356945825758145,-0.26701590940598879,-0.015375410150077116,0.2671783611691253,-0.96359851318995793,-0.0096761924888454833,-0.012232025023303625,-0.013431660440673704,0.99983497041343505,14.903114466533408,18.902446090540536,-5.0961461386182627,,0.1950416194962435,0.2142857142857143,0,4
-0.45864526669203798,-0.86719430671536479,-0.19395503020403429,0.88281801512005043,-0.46956497795226698,0.011877864293785682,-0.10137490577299732,-0.16577926855051978,0.98093851112002473,17.406080187475492,-1.3799489994691878,-2.8720763375653373,,0.1633701509454148,0.2857142857142857,0,3
0.13687936516318649,0.98468109083116528,0.10801476173223083,-0.98476312158544244,0.12345579085460558,0.12247555702979841,0.10726431726263205,-0.12313333043498582,0.98657617505095407,9.7718419102895329,-4.8700140427247565,-2.5685047614479362,,0.1628357031865275,0.1538461538461539,0,1
-0.7393468968706961,0.67133872316153298,0.051676734334869669,-0.67045175781776745,-0.74110311283947539,0.035505162704976383,0.062133779272951793,-0.0083961255042816867,0.99803251377386404,18.107057379000022,16.154618456895804,-4.7737560238821715,,0.1473328419458786,0.2727272727272727,0,4
-0.94765881604625635,-0.3173750117450983,-0.034869331648419433,0.31928339438199455,-0.9423077430427006,-0.10056953551490579,-0.00093938369178723081,-0.10643880552491634,0.99431881116506571,-0.95718073695408579,-2.8534314713396429,-2.913420145080702,,0.5326496947856647,0.3707762557077626,0,2
0.26795629162519069,0.95581692530330487,0.12088602517334374,-0.95895722396662286,0.25252610486292237,0.12896359550270903,0.092738710260072868,-0.15048113392214627,0.98425350390679389,-10.669573207464239,17.379497621055975,-5.4937412428395147,,0.1917638688290806,0.25,0,2
0.70997581853530933,-0.7032167900866777,-0.037689298684223285,0.6989589754750517,0.69712248359281248,0.15961388871979737,-0.08596910897517096,-0.13966527488813973,0.98645979304401277,1.8898601354636013,14.666946969607539,-4.8343381096976055,,0.07432497577171021,0.5,0,2
-0.1728243685932335,-0.96692243975270376,-0.1875972631011138,0.98087194954558932,-0.18627731315246107,0.056488770559588369,-0.089565373973338691,-0.17424625708283759,0.98062035756843069,-2.8237866731552721,-12.36472074900629,-1.8605081104429966,,0.4007196650676549,0.35,0,4
0.9557939365095407,0.28484199090369527,0.072958831882215788,-0.29373828781778299,0.91377423763107601,0.28059661600173336,0.013257797761147803,-0.28962334653781996,0.95704887437306974,21.88360823224658,6.8409176626402521,-3.7819415106236205,,0.1935534044910946,0.25,0,4
0.83354682558006854,0.54676040949889593,0.079074295254473986,-0.548481669634863,0.80191734862578268,0.23684683668469958,0.066087424219324301,-0.24079373035358606,0.96832372261680155,-6.1966179378985364,8.6402527454885085,-4.3215952598063909,,0.124977689265146,0.2264150943396226,0,4
-0.99438877608056497,-0.1034440763635756,-0.022142381766271924,0.10578513727396759,-0.97099032149917741,-0.21444649749261821,0.00068318147253781394,-0.21558552507116621,0.97648472319994084,13.088525360910586,-33.537544252695696,0.58407971913192613,,0.340148286622861,0.2105263157894737,0,1
0.84011167163847589,0.51921066874902411,0.15694795517621885,-0.54016785460624339,0.77454263784478006,0.32909328618271283,0.049305861993207405,-0.36125335101233341,0.93116322326188639,14.01730317974363,-22.948498028125186,-0.54954137974688977,,0.3162207776631117,0.2,0,1
0.88793567714120247,-0.4586810071559263,-0.034379745988303061,0.45594647071737243,0.86784933073486814,0.19735844289873711,-0.060688129812734526,-0.19091692648234992,0.97972836954043852,17.763475628290131,-6.2797239496585098,-2.3456180536512909,,0.2483173194793498,0.5882352941176471,1,4
0.96992162182909136,-0.24286160987165506,-0.016440375876898922,0.24032499868956467,0.94468125726591001,0.22320666920000393,-0.038677416062689894,-0.22044400790460894,0.97463249323304757,13.832651853086706,6.3154502439849995,-3.7445762693145448,,0.8371400049721318,0.5342465753424658,0,1
0.99686350743293262,0.077518028265618891,0.015940603574648077,-0.079025675796421849,0.96419592658827047,0.25314256401385132,0.0042532473984228623,-0.25360830121350264,0.96729764780142558,-14.090270407380114,6.5881496896595193,-4.3455743121235564,,0.4223401148710078,0.5254237288135594,0,3
0.8822026413782984,0.46668673540072092,0.062625797768751185,-0.46808403503837237,0.8547456788278911,0.22429257827053611,0.0511452411016977,-0.22718564110890968,0.97250750577390621,14.475654404359128,12.44045490831533,-4.417588984334917,,0.1261475386475877,0.1304347826086956,0,3
-0.3929050115986843,-0.91726076826503145,-0.065255918218069725,0.91303804943863498,-0.39757567442384745,0.091077458153576762,-0.1094859449332725,-0.02379634653194368,0.99370345765414392,-5.5500252820620899,15.18946791583789,-5.0682888644800546,,0.1817902489483613,0.4166666666666667,0,3
0.99312464353214003,0.10535128274155389,0.051034788466961988,-0.11547383477689468,0.95321561655801812,0.27936675147882911,-0.019215511730807665,-0.283339188208452,0.95882723602028386,18.058267509778741,12.123322098174134,-4.3456341821921072,,0.448780315624145,0.3448275862068966,0,3
