axis_00,axis_01,axis_02,axis_10,axis_11,axis_12,axis_20,axis_21,axis_22,location_x,location_y,location_z,dbh,dbh_approximation,score,reconstructed,number_clusters
-0.76444991937810303,0.61510227974022069,0.19304275749479718,-0.62728697500882336,-0.77878392619729053,-0.0025782321486431184,0.1487527201334197,-0.12306413675444153,0.98118695797375566,-21.89868181406267,4.4973394026856441,2.1862751630114898,,0.2054038687708918,0.3636363636363636,0,5
-0.53049695661104879,0.80405681301209331,0.26845040598824249,-0.84059950362950941,-0.53985103681679569,-0.044196521872817633,0.1093867154833653,-0.24910539836918019,0.96227908996251954,0.21979767599252273,11.469794510800764,-2.0711861218075525,,0.1589031109718528,0.2777777777777778,0,5
0.97737684930210422,-0.19835391360925617,0.073418113597283119,0.16859811481709233,0.94024900478363738,0.29581495006760844,-0.12770736129297428,-0.27674452832760932,0.95241970575598367,11.295524552536444,-36.408868056576651,-0.26676710948566185,,0.1906696202747951,0.1052631578947368,0,1
0.63765057214315202,-0.77023915126854792,-0.011549792146080162,0.75696367428031308,0.62373895514991706,0.19482225655334448,-0.14285567425047657,-0.13297129645753078,0.98077055963810666,15.960557014789087,4.2342325712846192,-4.3038977291224922,,0.2539912701880148,0.3703703703703703,0,4
-0.98708589877443587,0.10304922117303382,0.12264699937746258,-0.10234410948014321,-0.99467604179891012,0.012052183452347903,0.12323599999748686,-0.00065565759644292253,0.99237717548205207,4.1996715364305057,12.570968613581275,-2.801913244376367,,0.08723060676612056,0.3636363636363636,0,5
-0.58259578601330653,0.79822572783850188,0.15302887811205013,-0.80042608597203524,-0.59617113416447765,0.062434443094571482,0.1410681786053343,-0.086114262498935001,0.98624748556294894,-5.5968556530039795,7.0137565532494746,-0.77837838876589394,,0.07865325484946292,0.1538461538461539,0,5
-0.71112587733128807,-0.69763268456166105,-0.087227427000317784,0.70291393896384857,-0.70291097090942178,-0.10875735094925988,0.014559567305822805,-0.13865354090849422,0.99023391912891157,6.0829853282697322,4.7031935294600125,-2.7198731136137515,,0.3022380254970887,0.3703703703703703,0,4
-0.92884663467485251,0.31134659675271148,0.20076659568689711,-0.34310296363899856,-0.92737099395267564,-0.14920923536216682,0.13972932976056779,-0.20747611010844361,0.96820936689278714,18.12236165497476,1.160255742764654,-4.4767202354267166,0.3371107751064466,0.2264185530972699,0.282051282051282,1,4
-0.46926033312091991,0.85729222182707776,0.21176587580164233,-0.87356201683472523,-0.48574484479342461,0.030681403166410642,0.12916711076311688,-0.17059306009156749,0.97683870999551625,-8.7841796947061965,10.543409431323671,-0.44951116485162257,,0.1018955578511247,0.3214285714285715,0,5
0.95960065180786813,0.20772416870183572,0.189782135057665,-0.25689111840789242,0.92196884193315698,0.28979373317512502,-0.11477605295991294,-0.32683960017348668,0.93808439568376711,3.7488668579512936,7.897044108093433,-2.5055580335595105,0.7168659849347995,0.2632264773068091,0.25,1,3
0.61496656899955948,0.77557876600113773,0.14245594666794825,-0.78804502218479244,0.59797394169207885,0.14632910874807828,0.028304805646371251,-0.20224920960386811,0.97892496913294147,0.0055704569731997045,-33.49880121012675,1.0749435992217664,0.6039707029630936,0.3000418693304107,0.8333333333333334,1,5
0.7313500173405697,0.66777306462280417,0.13858674648109945,-0.68159909588575562,0.72265435410457879,0.11486233926493963,-0.023448339465060978,-0.1784651749164578,0.98366679150938563,-1.0125577424912144,5.2236501315869992,-1.4848011646778028,,0.0779936331033913,0.2135922330097087,0,4
-0.0084038789965353265,0.93777854887115442,0.34713220549946683,-0.99448723024919061,-0.044123060669895665,0.095122575598090314,0.10452044627299144,-0.34441914696229237,0.93297959651680584,-6.8076257439995809,8.7858567782603547,-0.65395636416650627,,0.344100167329395,0.1578947368421053,0,5
-0.45802265973120532,-0.87949761775197821,-0.12922532082121777,0.88834123121381026,-0.45818875101308926,-0.030214654897847065,-0.032635871342484878,-0.1286351772014927,0.99115482700134006,5.2924348428300627,11.218853718642091,-2.9332346625021031,0.1593319593012812,0.1573557001879965,0.3333333333333333,1,4
0.17667513244870128,0.96864580919655696,0.17467453706874625,-0.98240458722053636,0.16262282111497114,0.091842501385006464,0.060556788077644357,-0.18782735258357605,0.98033349480631515,-10.318592894492985,-29.539606008045755,2.6609819342487544,,0.1360699456985927,0.2352941176470588,0,3
0.94535100519875048,-0.31761946090318721,0.073684157220397742,0.29932178520280245,0.9350084324169966,0.19017281670132891,-0.12929789585572837,-0.1577247899497056,0.97898158550740966,3.7204622595402936,6.019803821545211,-2.3857681123937362,,0.8378022104244519,0.5483870967741935,0,3
-0.66740579863757354,-0.74321503412978107,0.046913889077868108,0.7446303330313252,-0.66684822187657389,0.028967500922733997,0.0097553613259469749,0.054266582935719489,0.99847882846952762,11.863397181791202,6.8916087817113318,-3.8138457170713811,,0.1784611483116361,0.3333333333333333,1,5
-0.7390283537356338,-0.67350662002359907,0.015030807003849142,0.67343255102079369,-0.73917692609500585,-0.010299085122709913,0.018046927728164221,0.0025109187812838974,0.99983398806324286,-11.49080418306157,3.8560167442056636,0.50968991522642193,,0.1114544685282685,0.2191780821917808,0,5
-0.73400145941485762,-0.67914764699542596,-0.00057546280070816047,0.67881271570801205,-0.73361233191693831,-0.032035034766717096,0.021334351876073649,-0.023904393737713803,0.9994865808954414,0.58814051212440599,5.3584713126429362,-1.7650343912481099,,0.1136071114277947,0.4210526315789473,1,4
0.41362052652129971,-0.90915191152121233,-0.048588700513292164,0.90104205063834653,0.40111139673869173,0.16502384793653677,-0.13054226526948354,-0.11203771322043042,0.98509200981159639,-1.9806862363814515,-28.332685966720341,1.0146027669186823,0.7446932200364768,0.529311206546779,0.5217391304347826,1,3
-0.83927842052504531,-0.53633247601292822,0.089214393540660075,0.54157889413971616,-0.83915634593323796,0.050089205447662613,0.048000356908965064,0.090355421828564833,0.99475216183871373,4.9587735371475459,4.7918550102566879,-2.4924424162235028,,0.08592614834740335,0.3653846153846154,0,5
-0.91374465830200124,0.35275330418209222,0.20158324784856491,-0.37580632722855695,-0.92237682696412815,-0.089390119669738727,0.15440305644494973,-0.1574360043579735,0.97538382224243103,3.4290239033991909,-28.097435678238856,-0.012134978804567081,,0.4161929791978027,0.1785714285714286,0,2
0.88484997390425713,-0.4600740618689611,0.073296529774826064,0.43951218616381937,0.87655535291149966,0.19616256395066037,-0.15449777310737103,-0.14135972155317855,0.9778281378786724,-7.714092762296489,-29.8334370549202,2.1416496688520223,,0.2864073468604298,0.3333333333333333,0,3
0.96429857180882883,-0.26038233883850159,0.048262843145063607,0.24173655207850558,0.93992507464435004,0.24104832180292932,-0.10812818224981501,-0.2207756591560863,0.96931233589981003,-0.23655051992917261,-29.235423984321809,0.76416580748489049,,0.2234856284045657,0.1538461538461539,0,5
-0.9960837524116265,0.0081634341816921221,0.088037017918228447,-0.012109476312589752,-0.99894123751379027,-0.044382029897826143,0.087581497846338077,-0.045274301063383621,0.99512799121430295,5.7125131742657285,-30.564665513322701,-0.11033729786997983,,0.4737059441571468,0.21875,0,5
0.9772745001908365,-0.15929214815531867,0.13985908198188382,0.13037210401299912,0.97190560886342203,0.19596581833331325,-0.16714564239601037,-0.1732786743828722,0.9705858206424306,13.470138118926718,17.165673185327663,-4.5608740978543549,0.5444946619894497,0.6888830921063278,0.3783783783783784,1,4
0.60547221291195641,0.76804740204460131,0.20858232812018557,-0.79586105745357916,0.58333993619207281,0.16223346162952601,0.0029285867528369069,-0.26423040524505653,0.9644551396118245,-9.3408348492483189,14.110257308838605,-0.57154162845030121,0.1593635234101065,0.1246933028517964,0.6326530612244898,1,5
-0.39702340264262259,0.88358047810411644,0.24831020210087032,-0.90906118753464227,-0.41583764968690579,0.02620699183377798,0.12641271720906666,-0.21532437812791028,0.96832599733336144,11.357491233651526,4.2011729688953361,-3.5549838761063541,0.469081740232446,0.2615729434243398,0.375,1,5
0.66862772201603049,0.71634813278352716,0.19945506263118276,-0.74357963750275569,0.64596010691579586,0.1726987636452699,-0.0051275767108228286,-0.26378190410050584,0.96456871970129077,-4.9667127181685986,-29.052772724780155,1.5870067398075132,0.1885792085443724,0.1319620754153742,0.4444444444444444,1,5
0.68705197475191115,-0.72660117979467542,0.0032108426441849001,0.71109896329267341,0.67328855423587242,0.20253589098985428,-0.14932464094577602,-0.1368694569871414,0.97926957644484214,-5.9686118268620252,-30.073968122055931,1.8639543184048264,,0.1594382581022283,0.35,0,5
-0.99268110416919242,-0.046491688540513693,0.11145738343459076,0.050327180597683686,-0.99822486812095068,0.031847881530787089,0.10977887009129604,0.037224126068489231,0.99325875990092127,-2.4858092945282237,8.3335389874918508,-1.4292155592202451,,0.2368238041039043,0.7676348547717843,1,5
0.65844397914040509,-0.75123222322839411,-0.045844008518832143,0.74699304597257221,0.64485834146311605,0.16173777763422534,-0.091939738972703633,-0.14074042144588023,0.98576833899698135,-5.1374121650066611,5.1835409048222729,-0.74663746061369918,,0.811987184674126,0.4678899082568808,0,4
-0.092972455944843546,0.97283790464202324,0.21199654178146837,-0.99136113140394977,-0.1102316918103643,0.071077994218362403,0.092516104420067344,-0.2035568358280867,0.97468219692912861,-15.014633394229797,12.296701932813097,0.51023651547976012,0.3453181378462667,0.4563533143938115,0.9516129032258065,1,4
-0.93961024066194621,0.31524168761146654,0.13324891757562132,-0.31291177145683979,-0.94899609431608178,0.038634650982834709,0.13863195492721886,-0.0053936411354225432,0.99032928347512805,-10.632897256852928,7.7316283312525567,0.022816324130757532,0.2750291319114231,0.2613892758926989,0.6984126984126984,1,5
0.57504221610631456,-0.81722757780720101,-0.038282316634620589,0.80581098482297342,0.55767978034832999,0.19915300482108508,-0.14140405381094073,-0.14536969650519679,0.97922037606650059,-14.868469671935802,-31.545628677409894,3.6011475554620782,,0.2974639664883094,0.3333333333333333,0,4
0.9299684820446642,-0.35656334756867669,0.089561161080923907,0.31868340676340445,0.90330748530452731,0.2871871745856398,-0.18330168754600873,-0.23853336488514845,0.95367831325838326,19.593037043290245,4.1271251794355841,-4.8104149062495027,,0.2366069179327233,0.1612903225806452,0,5
0.78356574147960323,0.58340093221459344,0.21370091499725558,-0.61852472228106792,0.76498619531483558,0.17950846471646173,-0.058752844243055373,-0.27283598235730699,0.96026487493007662,-5.8917522795949973,12.203277064297595,-1.0283718966642115,0.8382288364626738,0.697440721268449,0.9280575539568345,1,5
0.99338987810332002,-0.048680692290380273,0.10395547258322388,0.0073670210177072849,0.93079152812921673,0.36547620738456138,-0.11455250797427687,-0.36229452295198655,0.92499751435114497,15.670235035122376,-27.085827348309305,-1.8797362493743679,,0.3143250184270386,0.3684210526315789,0,1
-0.6861079985464239,0.70249503687794745,0.18909399115908365,-0.70746185552963847,-0.70486172064965569,0.051649566632908504,0.16956868018941754,-0.098339605066615418,0.98059970669695851,8.9341616718321326,14.608964546224462,-3.6948799509759804,0.3839719057733583,0.3577594736130267,0.5384615384615384,1,5
-0.98010392338478636,0.15745325143244604,0.12085020885005332,-0.15288549268082019,-0.98716152823569914,0.046240061625204935,0.12657932490534718,0.026843822095797176,0.99159320475777613,-3.3928786667777926,3.5405904492675675,-0.97556370826633743,,0.08891516291038128,0.4094707520891365,0,5
-0.94995979919919382,-0.3070936471684122,0.057182792641055621,0.30086739301919929,-0.94873479627460122,-0.096856069276124099,0.08399518869112603,-0.074804934373298174,0.99365438159862629,-8.8141081410319053,4.1593354727877694,-0.029760212598854287,0.7363063298797827,0.5951391393755618,0.3583473861720067,1,4
0.74152876023941328,0.64581983565618972,0.18180164358666179,-0.6705384745242613,0.72252879121235458,0.16831607187636827,-0.022655063903598494,-0.24671620486345489,0.96882292620338939,2.6811266629999402,7.2332561113527731,-2.2590141884081754,,0.1451087896302002,0.5,0,1
-0.24149551395387084,-0.97024324149832253,-0.017549047466582784,0.96648160592498544,-0.24210447719687941,0.085432590560553842,-0.087139096557270923,0.0036707557878749146,0.9961893913323554,-16.089709978632555,6.6871969714800228,1.0319926091693006,,0.165837025390278,0.375,0,4
-0.93506649927047236,-0.34319238305778499,0.088710935927779275,0.34640323958631958,-0.93779675137817853,0.02328193953770873,0.075202643212635645,0.052499917291869209,0.99578527863098076,-8.1799691781591335,11.409628458612264,-0.59302512990170864,,0.09712454414567284,0.3125,0,2
-0.62447932283875995,-0.77907911553091957,0.055329079970708996,0.78103705841039373,-0.62267244400214683,0.047540938884645279,-0.0025862591680073212,0.072902395186678084,0.99733572684405658,6.8487070949323252,6.5627008211606812,-2.9250174288570312,0.7116662170523144,0.8679663700504954,0.68561872909699,1,5
-0.99346265802763534,-0.023034061097326725,0.11180956637976668,0.016593789081406574,-0.99816742836965822,-0.058193050322405911,0.11294508961698434,-0.055957278090243971,0.99202428889626659,-16.518585092986552,3.7736193979904722,1.321509749219905,,0.09120727216295724,0.2647058823529412,0,4
0.95962492048944015,0.22873424874286213,0.16370905725607685,-0.268110290933678,0.91982636325529277,0.28641985503103617,-0.085069876402246142,-0.31874771358016007,0.94401430667989672,-15.359909277517319,-29.593195031206342,3.5499997112398525,,0.09437479059563086,0.2,0,1
-0.9403378079500333,0.31111433012274414,0.13774135374680807,-0.30907190059021228,-0.95033691560717104,0.036528168579914859,0.14226512996964868,-0.0082231640215283501,0.98979442934792994,-23.059817054845549,4.6441430904979812,2.3295336585003379,,0.1236411763318056,0.2941176470588235,0,3
-0.60596363467439562,-0.79051124514984339,-0.088882195876558975,0.79548730633404907,-0.60176774082743634,-0.071242764971896785,0.0028317686334331993,-0.11387518338552365,0.9934910284926175,0.29918117150805695,9.6309408369498186,-1.9941677854513065,,0.3900388767081157,0.2727272727272727,0,2
-0.9442839666080739,-0.32590037782568043,0.046007979090587077,0.32119096100463651,-0.94297444806442188,-0.087381673516338729,0.071862069103520929,-0.067735766258873148,0.99511190777393632,-0.52393230894918519,14.361627738052967,-2.1428927981351285,,0.3330756995652351,0.24,0,5
-0.42896357073696556,-0.89857743119621403,-0.092460019064491,0.90265300639514134,-0.43033260644379401,-0.005603380863674224,-0.034753489413370843,-0.085862960443395683,0.99570063121276098,-13.128189380032939,15.375084486404232,0.015192923367717798,,0.528703606170646,0.3684210526315789,0,1
-0.93679488924119303,0.28634142691757991,0.20105701361152534,-0.32196604494828002,-0.93042601770154876,-0.17505796606952395,0.13694232870790088,-0.22872693941650366,0.96381055492934709,2.6008408238990226,3.8234426063323124,-2.0520241766843776,0.5375479173107475,0.6507759240422871,0.5545171339563862,1,2
-0.42220615274318085,-0.88695863286355925,-0.18720669906445311,0.9057918634181209,-0.42094249191768379,-0.048461517347887395,-0.035819893234498905,-0.19003105558549482,0.98112442287496471,20.624747030438023,1.6013502947643972,-4.9136302343367193,,0.534076315434064,0.2941176470588235,0,1
-0.87630589897723132,0.45477809145840575,0.15894923386779039,-0.4568993167270019,-0.8891643460377584,0.025095420093015276,0.1527448388395049,-0.05063253168365283,0.98696776084287507,14.424143815332521,2.5023833690664796,-3.9845196215520944,0.1599506843519064,0.1500732764697145,0.3469387755102041,1,5
-0.98781674221406202,0.087989246668510088,0.1283587794905528,-0.095308237430385023,-0.99408730281198354,-0.052026668795034252,0.12302204550205467,-0.063626463509320774,0.99036218095290096,-2.9778155509631579,6.573171493219121,-1.2667917821103103,0.1778312591576849,0.1406223829031074,0.3316326530612245,1,5
0.24023881835319477,-0.97067841836599111,0.0082896486511611668,0.96521236476068417,0.23977646903635544,0.10427049347512546,-0.1032007803718035,-0.017048548763946118,0.99451442720339411,9.683632417783457,5.5444208449559689,-3.339656828315138,,0.2187174631753799,0.2432432432432433,0,9
-0.86362662205807794,0.4637833446305169,0.1976210184061534,-0.48272142876991964,-0.87379046597919241,-0.058908774984658199,0.14535845306992404,-0.14627108670956476,0.97850686727989888,-11.181242855301718,9.1922989817190945,0.053352748470659551,,0.2500682185452998,0.673469387755102,0,5
-0.39839816879323076,0.89096004600616241,0.2178740359081329,-0.90836138199273675,-0.41618111443992867,0.040900851920040365,0.1271160839801421,-0.18161353585081952,0.97511949256966313,-7.9714688753960408,15.93050202718678,-0.92319694955446818,,0.131999404473789,0.28,0,4
-0.60923008466214346,0.77405122117469283,0.17228874293036345,-0.78014230915178906,-0.6239959052483014,0.044800532414997721,0.14218537693402938,-0.10711590559445458,0.98402718527224031,2.2320142072741183,6.3960746482137942,-2.1170263727841445,,0.07612335683829237,0.2666666666666667,0,3
-0.45840177474850391,-0.88830551812739278,-0.027948512873582809,0.88689943018905049,-0.4592491830338965,0.049995885961093993,-0.05724695308711291,-0.0018693172875226889,0.99835829841551327,-11.849371716735096,14.079363341153352,-0.1252245033569889,,0.2307495982654964,0.2941176470588235,0,3
-0.90851614609484077,-0.41367461991576604,0.058921312973539509,0.40906717209863325,-0.90929247909585975,-0.076493373379226792,0.085220073904019158,-0.045392689909864441,0.99532760571911283,-24.748603546687605,4.6235726858836195,2.616584589544857,,0.2476315192220583,0.2380952380952381,0,4
-0.78663675099869246,-0.61242189771085376,-0.078371175711857755,0.61650012462371062,-0.77220454824569373,-0.1537131484539121,0.0336187197431961,-0.16923225127883204,0.98500265319943592,-4.4444337103153213,2.5456411006793016,-0.69156098705311286,,0.2135120454992608,0.1867469879518072,0,2
0.71220380207476575,0.68795081952090187,0.13960449215827331,-0.701930207147062,0.70012472741845899,0.1308409353058631,-0.0077284283481536828,-0.19117802169117112,0.98152495404728224,-11.412419991725312,-29.726002197143565,2.8636430077384754,,0.1126541579429879,0.4117647058823529,0,3
-0.37209653634949935,0.9164039321401245,0.14747203394143257,-0.91930119383603581,-0.38579076944052371,0.077786870525345067,0.12817754346352533,-0.10662699176383957,0.9860026379168817,13.235332026637771,7.0359131038212404,-4.0260289380285865,0.5475845998520262,0.5267266620420453,0.9568965517241379,1,5
-0.98152152988966823,0.12296758186457211,0.14660989111729353,-0.13344030329652423,-0.98899846346620968,-0.063841402848056783,0.13714653411288402,-0.082225379730689441,0.98713211633953402,21.918848681071626,2.8147868943395684,-5.1606710110039229,,0.550350750364851,0.4285714285714285,0,5
-0.9801226310918677,-0.17242608527127756,0.09812682171341823,0.1734244238297693,-0.98484576073022601,0.0016723609104319331,0.096351425733444157,0.018656706293563734,0.99517251271797524,-5.4243223720793603,4.0199909359929542,-0.64979535488689666,,0.08037153207516143,0.36996336996337,0,5
0.57468789012004573,0.80474664866522927,0.14871671194405794,-0.81829260972904672,0.56252212259124024,0.1181781132793682,0.011447000139589845,-0.18960931690591393,0.98179288708478463,-3.404056598575024,11.096641784569767,-1.4132788160159344,,0.1047371989170528,0.5116279069767442,0,5
-0.94803896759693473,0.25522022957232882,0.18995986506308185,-0.2854098646463461,-0.9460616492460181,-0.15332503053466751,0.14058209373988825,-0.19957452303074721,0.96974568041149689,6.7559267467933957,10.612898601901136,-3.1085344606880594,,0.4910581984656803,0.2222222222222222,0,3
-0.27696227824780117,0.93825523085836537,0.20728969630616459,-0.95331028191083755,-0.29533676206450837,0.063053178954990949,0.12038024269316684,-0.18014804672870111,0.97624550110562192,-17.639152614178798,14.796073819275591,0.79462598793079287,,0.1757370086131759,0.1111111111111111,0,1
0.99200559811355815,-0.054422610534677923,0.11385549075013041,0.037359289729240935,0.98843608496890034,0.14696390510012877,-0.12053703489919139,-0.14153545631375836,0.98256731974138423,-12.492401907517813,16.522221289164214,-0.2349985147350187,,0.1231236150373014,0.2105263157894737,0,2
-0.88037255188528252,0.44467955102757867,0.16493716010925799,-0.4510882852962585,-0.89247795047258227,-0.0015706013944364351,0.14650436428815741,-0.075783935092934268,0.98630282693823446,-13.207861990047007,10.553652482625063,0.28224132205655234,0.418891211385827,0.2959367433872336,0.3166666666666667,1,5
-0.78112758736366872,0.60467982462268122,0.15556992625085819,-0.6067574583962595,-0.7939161328226364,0.039275446839736355,0.14725854453961335,-0.063714078022311008,0.98704378693239392,-7.0558605118433242,7.1109697012284485,-0.50328339956823998,,0.07955464819298783,0.3410852713178295,0,5
0.77015497629700602,-0.6307531677757261,0.094930257693981959,0.61051212047905656,0.77203822142821799,0.17672559351186423,-0.18476001524443778,-0.078150022359827861,0.97967153208207192,-9.7335961315302963,18.653461501872982,-0.78353812501276476,,0.3116971153876797,0.7826086956521739,0,2
0.93320685950743598,0.3055544480807576,0.1891069449447407,-0.34938324873112608,0.89456283444264573,0.27872689274633022,-0.084001802804187176,-0.32618064702248029,0.94156777909699285,9.2209386131798166,-28.966595864795,-0.79913707923194499,,0.2569359688017689,0.2941176470588235,0,6
-0.80239571386456843,-0.59647080814233855,0.019588093470122716,0.59672451049098596,-0.80137730305930865,0.041403824952299148,-0.0089987194123211239,0.04491094716673439,0.99895046417403677,5.5217485977332403,8.311154188524478,-2.8025360500062551,,0.1378256445763091,0.1666666666666667,0,5
-0.96780674676227096,0.21772458103579651,0.12627789883513654,-0.21511305031533959,-0.97599262050598368,0.034128877829392945,0.13067699302272082,0.0058661342168736669,0.99140764167111894,-7.7495146069579155,5.682766377291812,-0.28609956536317455,,0.06688558854774426,0.2454545454545455,0,2
-0.35432729480525615,-0.92414489210940265,-0.14285792433074901,0.93439361355570438,-0.35592197554112148,-0.01510371719870237,-0.036888251548458449,-0.13883719139699585,0.9896279559423794,-8.8506705892248121,-27.308579637552864,2.2638649405490101,,0.313153167636201,0.2727272727272727,0,2
-0.72751944059203066,0.64765869645549845,0.22639274826333131,-0.67174016081185017,-0.73953747536473091,-0.043005568053801492,0.13957299134549375,-0.18336448793789106,0.97308624728240112,14.933296892674511,7.1604978986498509,-4.2694097924307091,1.013233941187953,0.3839750285810687,0.4,1,5
-0.1830617966677543,-0.98170805113414905,0.052322852934134502,0.9814912610652099,-0.17945810845486654,0.066855753398098267,-0.056243071159030274,0.063593157243485313,0.99638979686586904,10.26657150918086,7.5543772933913518,-3.5827435710386624,,0.1103360543086863,0.2608695652173913,0,4
0.66409374709538072,0.71685828979436872,0.21235274291119544,-0.74760199306885089,0.63350804392030535,0.19939613398395936,0.0084116008165669755,-0.29117305960778728,0.95663341690029913,-5.7762437542294416,-39.56553486179714,2.5154554121854469,,0.3110291659026733,0.4545454545454545,0,3
-0.77822375221491069,-0.62717035934775522,0.032017680180669965,0.62720383589868678,-0.77878787915830416,-0.010236577068645742,0.031355058962106393,0.012115264409694973,0.99943488064293839,1.6240991980565211,13.565945110526792,-2.4223817469622939,0.8671354493266137,0.6427201230329707,0.5625,1,4
-0.78243719413690083,-0.62268531160919816,-0.0074188905726449367,0.62188571571163187,-0.78070157354140524,-0.061345005206654458,0.032406694138778135,-0.052612315821763907,0.99808904933320741,-13.197315036006511,-25.298317600548717,2.7887880614283973,,0.7052987138840516,0.28,0,2
0.047862083049119063,-0.99671178230254143,0.065382291375350232,0.9940440062097462,0.053945519120671546,0.094691048601648606,-0.097906765469387994,0.060460764021745814,0.99335731803275573,2.3556110775504728,-20.865393276359882,-0.19128094755404756,,0.1095363199444647,0.391304347826087,0,1
0.64098664011724416,-0.76227433993021176,-0.089855205053275169,0.7474539990956578,0.59329655556621463,0.29885065900742736,-0.17449540517479145,-0.2587219121706259,0.95006016953436168,-8.6111783706682363,-29.209948846907405,2.3413935925311793,,0.3201013161495206,0.2777777777777778,0,2
0.97118189332403415,0.20673187196491138,0.11860718019339449,-0.22035140683974599,0.9684685940587614,0.11624904225666113,-0.090834946927323287,-0.13903422397283946,0.98611282162893577,-15.338185900852416,-30.671948147587926,3.6448267193119821,,0.1839583872307031,0.4210526315789473,0,1
-0.26380263864204651,-0.96432234388859384,-0.022149151737773036,0.96309767445505012,-0.26459980929693305,0.049293106813235815,-0.053395105625593894,-0.0083281448856053746,0.99853873470086096,3.1573690752907475,17.681012445767831,-2.9811086111696516,,0.1977461675841144,0.2,1,3
0.77818551628989185,0.61386729020433284,0.13264332721182928,-0.62750146378790828,0.76868532272400658,0.12395478035446085,-0.025869193660944843,-0.17969369673385757,0.98338240790317843,-9.1099966868321207,16.361773803229916,-0.73677731811315283,,0.1001531590977799,0.3684210526315789,0,4
0.15575154044668327,-0.97683959211997418,-0.14671696873698245,0.97947738242233851,0.13349099449469093,0.15101063443315305,-0.1279277724795134,-0.16722609143223424,0.97758371476448458,17.943648729898744,-28.978578829117193,-1.923283989258916,,0.4858041168251567,0.3333333333333333,0,4
0.28345739239363116,-0.95576274455173871,-0.078546055434578585,0.95132818271934028,0.26992011336157812,0.14872061446481233,-0.12094046246530368,-0.11687903374772436,0.98575488637332043,-8.6325018301173504,12.927591591730399,-0.62810538904745228,,0.2677128595580398,0.25,0,1
0.27103909712051905,-0.96255648623531609,-0.0047768858490181802,0.95794516861790058,0.26924818428252845,0.09922937660885664,-0.094227712238568892,-0.031471035364002628,0.99505312028021986,-13.178724794418624,-30.969659386862663,3.2388009629578729,,0.2379636434148674,0.1818181818181818,0,2
0.63261643159792269,0.73391605516724256,0.24731290795279071,-0.7744558338843589,0.60106293613449036,0.19733602856009175,-0.0038225429748705211,-0.316370938572335,0.94862786032883661,-3.0763641705010851,17.555441812402591,-1.8178127575728966,,0.1107573461396508,0.2727272727272727,0,2
-0.070298618310920449,-0.99516450987230465,-0.06859812354716327,0.99477012276179777,-0.075046668244391615,0.069284922211795066,-0.074097956274473492,-0.063368729480971706,0.99523559874027534,10.767011401396216,21.960321028011744,-4.3915971720610285,,0.2895293162811202,0.4782608695652174,0,3
-0.41720428146413646,-0.90766339225511539,-0.04569194554765442,0.90807522971285526,-0.41836358154793557,0.019268908021179122,-0.036605528406765141,-0.03345265302363902,0.99876972085448279,-6.4108093683623597,10.029613385691386,-0.7889750436954619,,0.3000219741713291,0.2727272727272727,0,1
-0.90702300485147347,0.34375036931383501,0.24319735250780464,-0.39682135065201274,-0.8909967211201234,-0.22058481049224701,0.14086193359781657,-0.29658139953441165,0.94456200914142907,4.7003288748165284,14.254284051208266,-2.9752085427018287,,0.2236021124320946,0.1666666666666667,0,1
0.81468826237344849,0.52065455046986331,0.25534657668736355,-0.57854589730391515,0.75981428972798881,0.29659212706671634,-0.039593937209360774,-0.38935983896670195,0.92023433751196493,7.9379522393622954,-29.87422988906853,-0.49755194853952278,,0.5732079200914857,0.2666666666666667,0,1
0.50397140843147858,0.83893692162477385,0.20542069277057109,-0.86342699665356637,0.48314635702717068,0.14513241933206025,0.022508685732295343,-0.25050836158923534,0.96785273664978744,-12.742115008419306,-27.775183156085451,2.9614851256635384,,0.4351287193450305,0.2666666666666667,0,1
-0.67527968457225473,0.71756500266227563,0.17058081532893635,-0.72323900861447332,-0.68957052305353705,0.037654085489158717,0.14464675600354715,-0.09794366079517268,0.98462396643982342,4.8244426635450486,15.394503584763031,-3.053174526737751,,0.07666856753940041,0.2727272727272727,0,1
-0.23105852482600622,-0.95204152212016002,-0.20057142933219585,0.97042273686900982,-0.24032978006443437,0.02283218302838998,-0.069940473782290291,-0.18936350486118159,0.97941298396222987,-5.7595265573025554,-27.326899123771089,1.6644183149122047,,0.3429465196622041,0.2580645161290323,0,4
0.53899871206651973,-0.83613091866851286,-0.10181097797969195,0.8349797112251871,0.51448463893428187,0.19522919387981916,-0.11085698098421849,-0.19023838505204446,0.9754589107798719,15.212635960147832,-29.446322630696585,-1.522900813155482,,0.3914712038942865,0.2,0,4
-0.59078775758366087,0.76958781456923597,0.2422899526514008,-0.7951862077392472,-0.6062170187505237,-0.013409742671033092,0.13656031821340139,-0.20058794042458261,0.97011120890631919,-4.860194803012674,14.586027538106485,-1.3754544519499456,0.6797077417888662,0.8314224199958217,0.5079365079365079,1,3
0.032301174114263698,-0.99863185507402541,-0.041122404869506954,0.99554876366740463,0.028502167331605391,0.08983476842349862,-0.088539783776235101,-0.043841127823230075,0.99510736214744466,-17.859704370599122,7.0606121123940477,1.2407960793871744,,0.3171163369172126,0.4285714285714285,0,4
-0.34699606751775014,-0.93458208778383833,-0.078422256539959198,0.93177577573861003,-0.35304947899391032,0.084557490081245454,-0.10671285243085095,-0.043730842385329476,0.993327730686273,-4.2544540183776238,8.42642689577516,-1.1374752783848032,,0.374781616310258,0.291044776119403,0,2
-0.81274606173138264,-0.58260789831480786,-0.0034461516697445326,0.58130358881563449,-0.81050105225039815,-0.071931786652782867,0.039114917489264572,-0.060465536648576873,0.99740360040838461,-6.4654832063658834,14.300885876894425,-1.1206291130596169,,0.1595720670390832,0.3076923076923077,0,1
-0.84037855471015321,-0.53947874483480596,0.052216555370279798,0.54007642438086345,-0.8416102467327613,-0.0031061909797398478,0.045621712059683336,0.025590554231658565,0.99863095431839111,-1.0519197637420992,10.515486517755383,-1.8198293756697257,,0.07159016125027851,0.4444444444444444,0,4
-0.72868587492161541,-0.68059653645017504,0.076192192918597773,0.68466355690322611,-0.72654952075296808,0.057979373420675336,0.015896840514461965,0.094414768260355802,0.9954060186657504,14.678968371239238,4.6491063568560094,-4.1428064492119798,0.1305916031315921,0.109868935234374,0.3888888888888889,1,4
0.05583980301182126,-0.98850044838954376,-0.14053035235589195,0.99354513641981079,0.041093264100920859,0.10573270800499945,-0.098741978388826535,-0.14552734168946435,0.98441445261874205,4.4028036582787315,9.3299926420261237,-2.6825675285167057,,0.2810897706264875,0.15,0,2
-0.5646922615137262,0.80507260804271308,0.18160601742733407,-0.82007915521092922,-0.57208109957173003,-0.013906642345596527,0.092697513316385385,-0.15678428266922695,0.98327303417354717,19.483889863846109,12.934733115914478,-5.2579431372925791,,0.1120217894230185,0.6666666666666666,0,2
0.98843761945151154,0.080503734338567459,0.12849210563523297,-0.11365822737473394,0.95428627719833314,0.27644078660895965,-0.10036373749050906,-0.28784865799321074,0.95240236785113319,-1.2102949907123222,-29.717695874517549,0.96592536340971213,,0.1693997493355979,0.16,0,3
-0.87174572028190622,0.45636438962720688,0.17830014876709266,-0.46847915243318433,-0.88294567723382256,-0.030564927442925372,0.14348060114756142,-0.11017474726221543,0.9835013178232358,-2.2894009344899913,3.9955525839048498,-1.2030461636342562,0.6334589218939162,0.8173648283730033,0.3837798696596669,1,1
-0.98909878142396757,-0.10273794273545805,0.10549178028694248,0.10459472041879601,-0.99444000399169685,0.012207494481192837,0.10365107354068605,0.023108301181181394,0.99434524254424994,-3.1410142438539466,4.8873642075896386,-1.0947595796668308,,0.09396547452454128,0.2966101694915254,0,1
0.95436400886994144,0.24693488047388737,0.16796578038112883,-0.28678353063624756,0.91470920793099553,0.28471436823957413,-0.083333937441496281,-0.31989096537976536,0.94378240349081466,-25.436021955148806,6.2009684691895046,2.6167571696692007,,0.4945076981235467,0.2272727272727273,0,3
0.539428014001469,0.78145290056643135,0.31360609354210955,-0.84183178938887337,0.49238513398006467,0.22107943868610014,0.018348190231155179,-0.38326002143681104,0.92345822855367765,0.98036526166157478,10.690416228051809,-2.1541677416781417,,0.3572395357124074,0.1428571428571428,0,3
0.58797383197982589,0.74107538019397701,0.32418213056445772,-0.80884961779842468,0.53519582579422664,0.24357283066831839,0.0070049050172704573,-0.4054290430183653,0.91409967858155983,6.8177455086122993,-5.8866828391789774,-2.147546865169411,,0.3456459758841445,0.1730769230769231,0,2
-0.8849216187273391,-0.46517419884218797,0.022949802624760412,0.46157081402068506,-0.88251321856409826,-0.090126592656770102,0.062178069713277363,-0.069162011185083805,0.99566585954102393,21.812267818686308,1.8752161407112518,-5.110673735626869,,0.2173068781488124,0.2105263157894737,0,2
0.38318528658393169,-0.9092636841536017,-0.16250719622530202,0.91462480202305951,0.34895021927816883,0.20419406453174943,-0.12895932564133733,-0.22687727331122567,0.9653477068833769,-2.8734084184413482,9.5057533541733221,-1.4180747191162766,,0.4009583870607822,0.1090909090909091,0,1
0.39460513754512955,0.85735314781723204,0.33050320021275609,-0.91885076915714325,0.36828169287029205,0.14171047496892322,-0.00022235628012151685,-0.35960280119108584,0.93310544738159629,-1.9415389270486629,-33.766202800826598,1.46229128492287,,0.2801841733812238,0.1333333333333333,0,2
-0.85522665428592293,-0.51524948194313247,-0.055725587984705428,0.51582962140390487,-0.83590183639830684,-0.18758443855566417,0.05007166345560863,-0.18917212073472436,0.98066647605366619,-25.22018061829316,12.18939474358181,2.1465978032572526,,0.2012435402235684,0.25,0,1
0.76134925716134005,0.58398549287076462,0.28161720958841524,-0.6477777212755329,0.70329641444601754,0.29284497135251092,-0.027043158819804073,-0.40538265570182608,0.91374699453250241,1.6017580166784156,-32.9205832711867,0.78891931236111934,,0.4481169521691524,0.2,0,1
-0.96835137907055191,0.18301189094598633,0.16971226951677748,-0.20921490574446999,-0.96597204865743791,-0.15207604816960882,0.13610558352431176,-0.1827693874392731,0.9736891809754179,7.5396129915130903,-32.484530719034503,-0.17214462740906414,,0.7197392850707097,0.2857142857142857,0,2
0.17741512744448018,-0.97619108306807145,-0.12479920629653622,0.97851651263858663,0.16144552113492652,0.12822159802112718,-0.10502050774719347,-0.14486653527940319,0.98386197198014713,12.177435352640867,5.4534940054257177,-3.7908675346229321,,0.1254355578067816,0.3333333333333333,1,3
-0.56134194312896124,0.79260242906586309,0.23806850342516417,-0.8122073243746758,-0.5828207511867981,0.025283081659242337,0.15879069593755687,-0.17916852799794852,0.97091923117153067,-8.1916567067259951,8.1609262003055978,-0.35678658154124537,0.5079351182045306,0.5489836810212482,0.443359375,1,3
0.60005591097447974,0.77425419140414131,0.2011550416909974,-0.79973391271101957,0.58656476712794059,0.12793530718323262,-0.018936012370896888,-0.2376388458507242,0.97116898960903031,0.81368498575734738,7.7155096895067414,-1.9888173290090461,0.8121393575833611,0.8692166997057944,0.8,1,2
0.12854434187689068,-0.99005882233522002,0.057095363100992565,0.98530224259733745,0.13403378021166254,0.10589823650481334,-0.11249819067031559,0.042643570187882694,0.99273646201675114,15.184449128705396,11.885211510423206,-4.5342863795996591,,0.1418611870652463,0.5714285714285714,0,2
0.94191354730590626,-0.33300145022984207,0.04369100074874608,0.31190286486439373,0.91555180747644405,0.25393205925207679,-0.12456111869676087,-0.22555469840249087,0.96623475705315698,16.539095958426433,12.571113245045135,-4.7728749756819777,,0.3022308624907818,0.2352941176470588,0,2
-0.81825256025339499,0.49364835429764053,0.2945743538361677,-0.55614091967530543,-0.8094764230830962,-0.18829550694400998,0.14549922715076483,-0.31789813269635236,0.93689420540779456,16.657510318811127,5.1649334702104586,-4.504934897813877,,0.3856995031567828,0.125,0,1
0.55911134130632023,0.81281982299963729,0.16345777241075291,-0.82899086649124532,0.5449821885673547,0.12557291673935811,0.012986581410876503,-0.20571424229540825,0.97852593180767788,21.915948891730302,4.3723555934183915,-5.2463667470136963,,0.06439711950510262,0.2631578947368421,0,1
0.75303931031843607,0.63252805521684718,0.18121825647193415,-0.65648589360050225,0.7037539203607206,0.27158183127828434,0.044250069137624901,-0.32347902395751982,0.94520011237875212,-8.8988759090712097,6.129527825441639,-0.10061797262812272,,0.4461822508166901,0.3088235294117647,0,2
-0.80802112731629894,-0.58556962723238803,0.064885048149947069,0.58792950483349249,-0.80853284222899591,0.02476974734119728,0.037957280681616662,0.058162313399869749,0.99758527963439458,11.134947681301298,-11.427693730095543,-2.3128825951637415,,0.2334732444915446,0.3333333333333333,0,1
-0.93315343479921875,0.33665062619237057,0.12605960100962324,-0.3428531497168123,-0.93889074830396724,-0.03059216367760681,0.10805732206417888,-0.071767113871892635,0.99155085422524702,21.92893460257805,8.2885475053968669,-5.3626423444724676,,0.1707676637350229,0.1428571428571428,0,2
-0.9181358754991068,0.32632748738425366,0.22480410383035371,-0.3708171871096772,-0.90755900223857089,-0.1970565177805492,0.13971802985139478,-0.26428588390833357,0.95427032003580381,7.2528491378022748,-18.980755536907751,-1.2108093608845694,,0.3501849036214958,0.1428571428571428,0,1
-0.31010393151465165,-0.94343079726875534,-0.1173621848126485,0.9492562064338671,-0.31407088460274157,0.016496484220470332,-0.052423336463268681,-0.10629115772110787,0.99295215573781137,14.793857711326112,9.5900004074192342,-4.3834216520650449,,0.09800174997970314,0.1428571428571428,0,2
-0.17351810028456952,-0.98482835670370017,-0.0021393237074829896,0.98226609875083204,-0.17322250219331278,0.071744518806039465,-0.07102661556386114,0.01034758745694001,0.99742074738565889,11.283605394966873,9.1364306376116122,-3.7861576436866295,,0.1014255149500413,0.3043478260869565,0,2
-0.40014251152738295,-0.9133996678608769,-0.074746352554481435,0.91636802603634748,-0.39988261928200119,-0.019066506088281813,-0.012474426912957923,-0.076124487175984301,0.99702028621557515,-20.913532569764634,9.1895679518782103,1.6799353946554552,,0.8185761379041165,0.5263157894736842,0,2
0.22275753858815814,-0.97425861770923838,-0.034629825604959745,0.9644001515713061,0.21503216458247509,0.1539269821838179,-0.14251816253161279,-0.067685404735881541,0.98747519428811636,9.0275553680131022,8.5726403480025883,-3.3660074188357485,,0.1705152479292104,0.3636363636363636,0,2
-0.85827550157650057,-0.5130715624507477,-0.010987956950817194,0.50901693834255035,-0.84837780540369989,-0.14545396446565523,0.065306354009244727,-0.13043263051379564,0.98930400232854054,19.049799844714517,12.007020424533664,-5.1372330934322319,,0.507184405401405,0.3478260869565217,0,2
-0.53621290822094259,0.78630009518076249,0.30693301773507992,-0.83258047408276781,-0.55252489658839077,-0.039063958146882613,0.13887213987460661,-0.27649303602208847,0.95092908768106132,-3.6432201346088893,-28.419421110021464,1.3166489160397166,,0.3370116020247326,0.1666666666666667,0,1
-0.19073888640796208,-0.98135199013942553,-0.023810683762537695,0.97920029710910439,-0.19191803955952211,0.065834977277061446,-0.069176985719906062,-0.010758138362127669,0.99754639346031881,-4.2750916417197287,-26.927780508711137,1.3449281486909241,,0.7203350045266099,0.2380952380952381,0,1
0.96451471959011292,0.19343718867621604,0.17970367200212828,-0.24265143622423446,0.91771126324829799,0.31452554396349047,-0.10407514685227576,-0.34696987094595871,0.93208383338808243,-3.4859989813223948,18.748930926715126,-1.813076408309694,,0.4830330886857381,0.375,0,2
