axis_00,axis_01,axis_02,axis_10,axis_11,axis_12,axis_20,axis_21,axis_22,location_x,location_y,location_z,dbh,dbh_approximation,score,reconstructed,number_clusters
0.31330890650474669,0.91643428036303221,0.24896935329532535,-0.94932966982209666,0.29542521829257884,0.1072246165404778,0.024712488751041112,-0.26994842131835994,0.96255760488786168,0.23213493076572045,10.657949392462733,-1.7376724166646433,,0.3297254489347282,0.4857142857142857,0,2
0.76264767429966762,0.63704199644368831,0.11200901594223592,-0.64635643016263056,0.7571074932871843,0.094929493814184029,-0.024328791024813938,-0.14479550537028488,0.98916245963533966,-18.228218987929086,7.3240997979288744,-1.352531597380197,0.6437526211735805,0.3499892951008921,0.6,1,5
0.72905371348630443,-0.68434823830378821,0.012172575008208383,0.68171695679187394,0.72761042022183686,0.076453039226885802,-0.061177395124794046,-0.047440121364758545,0.99699887723639968,-17.502667401931998,16.168345058725908,-2.1285733918695531,,0.1206331176045769,0.4814814814814815,0,1
-0.99858290917188586,0.01893046034414295,0.049737422339462288,-0.022503834073003964,-0.99712929675019724,-0.072296217151892272,0.048226040287690106,-0.073313049545205095,0.99614228190783782,11.847421103929992,5.2603518583763424,-1.4544737690312792,,0.09550502077615558,0.3846153846153846,0,3
0.66966550225645072,-0.74172247541776115,-0.03736153834846237,0.73987265583592732,0.66194805634419907,0.12005508672450295,-0.064316158419998409,-0.1080395305537987,0.99206395539995695,-10.437530099767166,12.234109100320749,-1.7688022408684372,,0.1401300130455889,0.25,0,5
0.60515172309371523,0.7694966021993106,0.20412342158709687,-0.79604574502661429,0.58161277914130771,0.16744475794884506,0.010127381780618004,-0.26382106501043584,0.96451847146388514,13.476119229358812,-27.596624948796158,-0.29832934221506685,1.274068903392384,0.5416125512547383,0.5294117647058824,1,4
-0.51426869545271359,0.83834933919274546,0.18082614399597177,-0.85365146668161085,-0.52065941879166977,-0.013890394373661607,0.082503832090995585,-0.16150589803040813,0.9834169830706061,-5.407795794862035,10.56392001964373,-1.6858060916352431,0.4604607200206997,0.2874038040586985,0.2121212121212121,1,5
-0.85410084958904664,-0.52010549661453453,0.0014181405486133503,0.5196824326668299,-0.85350996708259919,-0.038090750427691562,0.02102160576058033,-0.031796359571608875,0.99927327774199903,10.016881252539644,16.560390626331543,-2.0762842183660952,0.5917349183259072,0.2623978694162007,0.5333333333333333,1,5
-0.93999592750692884,-0.33880520597301622,0.040232930243412006,0.33967214988760691,-0.94039164780708695,0.016922745799769653,0.032101197191389833,0.029573318046076307,0.99904701190615952,-9.7926775955370911,11.209103141855328,-1.7003033853160763,,0.07609667257406655,0.3636363636363636,0,4
-0.29714005921233727,0.94179326114384299,0.15726804658077465,-0.95360396593502605,-0.30106163665687946,0.0011692247301949565,0.048448543469098708,-0.14962400942871856,0.98755526146043926,-5.1218335420340946,-30.438718965038046,0.26816976170917511,0.6742541800632065,0.4916257912917631,0.7058823529411765,1,5
0.11063952535972961,0.97624282124843231,0.18630311159257365,-0.99385859923859377,0.10905432916369634,0.018768004959402743,-0.0019950307450654716,-0.18723543268184409,0.98231304205979508,-16.854970218111205,8.315176928061879,-1.4178012348010562,,0.3925632302755009,0.4736842105263158,0,5
0.39626494018496988,0.88670740245543245,0.23816817505901988,-0.91803032310005694,0.3787167021399806,0.11744779857036308,0.013943566581385935,-0.26518605157692399,0.9640964344919204,-16.596027886054888,10.94587469359389,-1.7241887341949274,,0.270470766986589,0.2592592592592592,0,5
0.81468429870111414,0.53836855805956285,0.2155198114854899,-0.57975077437549216,0.76469419423761142,0.28130380180564102,-0.013361626431362674,-0.35412156809795881,0.93510394178773071,-21.101784178787131,7.2612032564131557,-1.3241495113253907,,0.3108501329227062,0.1052631578947368,0,1
0.081855310020813865,-0.99499639265099604,-0.057287754650546481,0.99564798980010227,0.079068844992521939,0.049327458464468101,-0.044550966638353902,-0.061076152163125841,0.99713836302116821,4.976148987326579,7.0472484162125495,-1.5312366001232884,0.4562801523374602,0.5137758632321915,0.4747474747474748,1,1
0.93819313324631026,0.33278869225084118,0.095106945274501378,-0.34364037131420538,0.92841713541030779,0.14125479772225288,-0.041290918281231805,-0.16520686724980363,0.98539421100440794,-14.03516060228832,10.952860096890429,-1.6718995763068312,0.2793352603565883,0.2934277545152834,0.4351851851851852,1,6
0.99090742390281372,-0.12740324540993844,0.043253789583161756,0.11680632263834025,0.97414400589538575,0.19339012066235051,-0.066773948857300341,-0.18657939017240241,0.98016803198068903,-6.1695652486648012,18.728321343800591,-2.328463326826467,,0.1548835024805359,0.1428571428571428,0,2
-0.9842615253351491,-0.17461587102893475,0.027176227290248704,0.17397377991439644,-0.98444681646062238,-0.024445643023697686,0.031022147688741012,-0.019332954904805903,0.99933170829681262,3.2147958069109781,4.8310406378646089,-1.431701034490467,,0.1157071229898634,0.4375,0,5
0.58400213157171177,-0.80376719673139119,-0.11357730309466901,0.80954592492846034,0.56637733121025435,0.15444129668865647,-0.059807238286185671,-0.18214008935352838,0.98145202740575577,-18.813798986438343,14.055939896773825,-2.0026871357246758,,0.1247926265509888,0.3,0,1
-0.059553542561231888,-0.99788227335655277,-0.026159971123201304,0.99743670945996799,-0.060527422362634392,0.038163356296418767,-0.03966593236115476,-0.023820152453215469,0.99892903358898666,-15.206728492224034,-30.715595453251371,0.6729079692026233,,0.1297358199966454,0.2727272727272727,0,4
0.67744848570367622,0.73163784637070384,0.075957955316319575,-0.73556696873139216,0.67351680346266463,0.072913304442654508,0.0021871737719877139,-0.10526717062538707,0.99444157146582457,4.3777869166009973,-26.83944399286456,-0.12868973561798291,0.2126991081863075,0.1499971083473503,0.4117647058823529,1,5
-0.17279437685531995,-0.98160699811426377,-0.081177611324091806,0.98472062705574548,-0.17397403493574778,0.0076368723385213258,-0.021619203919695889,-0.078617659729088837,0.99667039366111398,-13.670880354022454,-34.53788275949713,0.80937327272212922,,0.2205097625789724,0.2380952380952381,0,2
-0.98654173453472815,0.15346459043885957,0.056427169897516075,-0.15357121811818378,-0.98813450088418098,0.0024676158670796501,0.056136325021390751,-0.0062311831784491022,0.99840366854759177,-13.766108480909782,7.9239006444625009,-1.465896067975234,0.2551322703645207,0.2394400903952073,0.7643979057591623,1,5
-0.5765219528765213,0.78097745858945133,0.24020126358244792,-0.81465333651704286,-0.57205723612611925,-0.095343903304806299,0.062947431663990527,-0.25064861414120787,0.96602944731307239,5.9517325022133365,-27.011817596859309,-0.15779107786553218,,0.3074050381874237,0.3673469387755102,0,4
-0.2826745548700052,0.94857541755478525,0.14247727271325972,-0.95725430431404968,-0.28846159857744119,0.021309693061412421,0.061313072841514549,-0.13036327457114338,0.98956865539578387,5.3099636513823079,11.892570638596714,-1.8236088239651467,0.1263812376785673,0.1569766552727829,0.46,1,5
0.50725003814528447,-0.84790500695997462,-0.15412494273742039,0.85981992722266543,0.48581306623375936,0.15714756576976838,-0.058370296833389693,-0.21223280577883993,0.97547431775461091,-20.058783995733474,18.809450809980145,-2.3339288083101377,,0.1923498215782526,0.2580645161290323,0,1
0.98535752004220545,0.15613138889775796,0.068509467208068123,-0.1657155210042256,0.97151744418005848,0.16938778513265579,-0.040111392329043295,-0.1782606099358624,0.98316541393130852,6.3323007886908611,-28.787308555354883,-0.12335228011305639,0.1871291867058539,0.3307776696658818,0.4444444444444444,1,5
-0.77589979740904513,0.61166372301097505,0.1544247206018422,-0.6278632746290459,-0.7725415483186242,-0.094695641365139027,0.061377624202105047,-0.17043193971147896,0.98345601893195467,5.8674278771740678,14.371864703280245,-1.9843851874535166,0.5605931759939992,0.6529748476938977,0.5151515151515151,1,5
-0.70864402865037635,0.67049115691017336,0.21969353464183139,-0.70326531373526646,-0.69634562277203382,-0.14325038269779714,0.056934516376284397,-0.2560163708661724,0.96499434127538419,-6.0785393212969367,14.048589995185257,-1.8580383863886445,,0.432400252826216,0.1538461538461539,0,2
-0.73892998394885268,-0.6737160245418593,0.0094444214678316533,0.67374910614642713,-0.73896004274729643,0.00044406058711177529,0.0066798793581877109,0.006691300204528512,0.99995530185770487,-12.158292483459137,11.365178472310582,-1.7086155651388644,,0.1084183592739289,0.2307692307692308,0,2
-0.9149244773136227,-0.40362320391132145,-0.0012288518042404073,0.40254845316940285,-0.91225757419078213,-0.075768470899663751,0.029460883614007668,-0.0698171010276986,0.99712468063967441,16.180555111270227,-27.024323129964245,-0.36719913459770948,,0.3877681097821057,0.7045454545454546,0,6
-0.03615876951264254,-0.9983340527073532,-0.044962902400115266,0.99873861415562815,-0.037668688855286903,0.033200157746885263,-0.034838541614511963,-0.043705709979752989,0.99843682170347603,-8.4038926550817479,-28.592066545189578,0.31634261140749959,,0.2549918887684138,0.2222222222222222,0,5
-0.85359245172501863,-0.52094053345335622,-0.00094178734459250929,0.52042600849935616,-0.85266618760331181,-0.046012413493105087,0.023166701005927881,-0.039765979471966431,0.99894042406999206,-6.763557252537014,3.3268985026207409,-1.2645400982516535,,0.1923155736165623,0.4557195571955719,0,5
-0.70371887161240243,-0.707860717651288,-0.060934014661515906,0.71047243302222118,-0.70076446293106187,-0.064483249052950622,0.0029447668925977684,-0.08867001691182283,0.99605670343048458,5.3874402452909065,5.5058523726936741,-1.4524867293160588,,0.06871911167945571,0.1363636363636364,0,1
-0.49611540454995179,0.84117875038859569,0.21514603241267805,-0.86624458315221664,-0.49638881970828808,-0.056731488858074067,0.059074762188931082,-0.21451445070971822,0.97493267609052259,-2.4346350680667754,-28.160682759429832,0.088257255817408065,,0.2997064182933684,0.3529411764705883,0,2
-0.22535453728947061,-0.97277020666896585,-0.054161402680018907,0.97418614243975521,-0.22574356924810765,0.0010958200011381692,-0.013292569405450629,-0.052516339936664796,0.9985315927091436,18.829882219922734,-27.66799578404828,-0.44327040152033875,,0.427455490054557,0.5714285714285714,0,3
0.012723034062631254,0.99583378916307641,0.09029500963703127,-0.99910330487690668,0.0090138268933422742,0.041368310441457438,0.040382057751990101,-0.090740372965110214,0.99505551308752049,-11.468156458224918,17.651826039227924,-2.3168462236785468,,0.0972096753597015,0.3333333333333333,0,1
-0.88672588855372092,0.45638418307168627,0.073693120510699511,-0.45849438664133307,-0.88858936020887647,-0.013850860694126062,0.059161609063669629,-0.046069798844471745,0.99718477608085654,3.9973937902614955,4.4334774204402185,-1.3958204697091738,,0.2451881958269341,0.3116883116883117,0,2
-0.99106727233216263,0.129482052386137,0.031938375380751435,-0.12975749095812572,-0.99152313032392225,-0.0066989232644360649,0.030800247601926723,-0.010783327061932203,0.99946739046611044,7.5230519298449083,8.7028350758101638,-1.5962211694379702,,0.1222096798141509,0.2727272727272727,0,4
-0.025173199003324299,-0.99590150990175819,-0.086870550978664543,0.99923186931687846,-0.027677292359372167,0.027742365240730951,-0.030033005068346233,-0.086105458961970388,0.99583325338307171,7.9517872260549991,6.3018155769095987,-1.5048524054579857,,0.1726061181120389,0.3555555555555556,0,3
-0.94028856936260663,0.31559823914496721,0.12749571669125967,-0.33573915640419971,-0.92158297837429159,-0.19484361120592542,0.056005581713059298,-0.22601452479733602,0.97251262685767514,-20.147638046224699,-36.247547347986064,1.108460984111203,,0.2123793669865351,0.1666666666666667,0,2
-0.082786643593323925,0.9574780989193884,0.27637304812927316,-0.99556922766648148,-0.091868343489216228,0.020052939637695364,0.044590184638747553,-0.27348838650710749,0.96084120325869748,-19.084170192442638,10.303415937205026,-1.6570683358323772,,0.3750281343408411,0.1428571428571428,0,1
-0.82989785223525303,0.54866704454786563,0.10116337816831165,-0.55640171470472155,-0.82727438879469717,-0.077680226042449091,0.041069291800076138,-0.12075412983194833,0.99183252285835488,3.9303154027563427,5.8855610617916865,-1.4965573406317119,,0.3558061031785192,0.2391304347826087,0,5
-0.91432627726004767,0.39925398750078267,0.067850660840617402,-0.40078847991706429,-0.91611431245833175,-0.010156814203693108,0.058103812934716559,-0.03648040533936401,0.99764378760593919,-15.962587605554878,16.399724352818772,-2.1803850730130714,,0.1245667965480373,0.3157894736842105,0,1
0.20741087663235636,0.95769545797550537,0.1994997193674341,-0.97756708612844989,0.19526885276111661,0.078947243521796134,0.036651335213466682,-0.21139887633202986,0.9767124421817438,3.9280915714506586,-30.456522130120021,-0.011607247679644701,,0.1354876071281622,0.1304347826086956,0,5
-0.928710190896333,0.33741935516074273,0.15377112891633965,-0.36679930652653003,-0.89675812159633839,-0.24755431743894837,0.054365890565257341,-0.28630936085625225,0.95659359177716186,-13.266904034547947,-29.838336111028383,0.55347177649346802,,0.2899041120935384,0.4117647058823529,0,2
-0.59966692429898616,-0.79848969126435221,-0.053045196260873659,0.80024555962946975,-0.59813178126956668,-0.042958311519575729,0.002573751175193774,-0.068209861309459621,0.99766767544359858,-22.042857363745323,6.4344265939142353,-1.2294946858846669,,0.3417566302982681,0.1875,0,3
0.6454700684590311,0.76089577425665267,0.066377793288597622,-0.76378353657538034,0.64282588019140829,0.058391754662340464,0.0017606759780999137,-0.088388395587378418,0.9960845303213931,3.2471285457561847,-31.98267355446648,0.056620044415953287,0.1438076675267119,0.184438457733629,0.375,1,5
-0.97544496651580614,0.20412101206616598,0.08271474918090721,-0.20995927007901499,-0.97524860415073511,-0.069334443171691129,0.066514826970108326,-0.084998661960794475,0.9941584407216032,-24.994644635988916,3.5308014044326841,-0.86703341072863327,,0.1996247486562138,0.1111111111111111,0,2
0.99775729041953143,0.045437766285511015,0.04915077628745318,-0.049181460484701386,0.99575115188766905,0.077851316359926051,-0.045404552186622898,-0.08009402542864727,0.99575266694665143,-19.827012667199604,9.2917463635698319,-1.5550392737779655,,0.1054067359654465,0.3333333333333333,0,4
-0.64396034265155944,0.75836826814325742,0.10095863987535866,-0.76358006353760999,-0.64529583644272714,-0.023211420412818526,0.047545385264875374,-0.092037238893165091,0.99461981832101909,2.9747419952546279,12.557263315546393,-1.8613147284394855,0.1645289633779918,0.287496068002946,0.2826086956521739,1,5
-0.39426239609568203,-0.91891160752527357,-0.012594466253452251,0.91888367476769084,-0.39439244503620813,0.010362989133760278,-0.014489833343295636,-0.0074871125061200449,0.99986698509151917,-22.26112325302773,8.5058793648883739,-1.4060913976018998,0.2860719300162097,0.2040731515849426,0.4193548387096774,1,4
-0.96922840458857884,-0.24408767288984287,0.031898396227700271,0.24384623089274404,-0.96974793730791542,-0.011311665060723144,0.033694441946424195,-0.0031852833883970434,0.99942710517158517,2.2349579871568008,8.544956316745921,-1.6354963742026747,,0.08719689533052491,0.3103448275862069,0,5
0.4846051490793129,0.86452656696575381,0.13323537254131679,-0.87458974861047079,0.47611567326824844,0.091687716155409368,0.015831017380111598,-0.1609586303331666,0.98683417969280962,13.115532668188687,10.60457301625261,-1.7412199041211227,0.3299029342376568,0.1833805762486724,0.4347826086956522,1,5
0.80333655164404838,-0.5944076805449019,0.036467713142989473,0.5920258845362858,0.80374599356705201,0.059141608567412914,-0.064465004705480708,-0.025920785754733694,0.99758326771963246,-14.171398897506904,13.715774224540198,-1.9613477153346097,,0.07997001825838657,0.36,0,2
-0.99492993527327855,0.083145983038989985,0.056578877698210836,-0.091342248001617277,-0.9824850358902375,-0.16241843485814469,0.042083460256021464,-0.16676300475896436,0.98509851416832472,9.3990638574618703,11.859213343399844,-1.7555181778491256,,0.2715239006747084,0.3809523809523809,0,5
0.9093191782300325,-0.41609919377783561,-0.0003050253988760973,0.41212065511083745,0.90052309468684122,0.13861717630455714,-0.05740381288793233,-0.12617296411303766,0.99034599276861712,-20.786088825606161,6.4489546338108141,-1.2488866226506499,0.5244186823797822,0.3359511900870628,0.5714285714285714,1,5
-0.28771056081430885,-0.95201900130055306,-0.10431900286435722,0.95736067262347169,-0.28886488238439734,-0.0041978850606607873,-0.02613763014984534,-0.10107868661466757,0.99453502874579747,-13.470186252271544,18.735455854303446,-2.4058853838445828,,0.1770256820912441,0.2105263157894737,0,1
0.94204118494572497,0.32982014136624604,0.061457954856987428,-0.33456883691207501,0.93715619700636055,0.099004827053415401,-0.024941917194864723,-0.11382854106824312,0.9931872753941825,-16.753674438527462,13.706419880278649,-2.0101902268650802,,0.08562932482478691,0.2432432432432433,0,3
-0.93726818970314674,-0.34855955767541363,-0.0058800785459112957,0.34759829770364842,-0.93313389502028776,-0.091850734334529241,0.026528550735234,-0.088132676785551381,0.99575542543262185,-2.7496332442087268,2.7667393523632953,-1.3126770743754983,,0.09650091438524584,0.3246753246753247,0,6
-0.033480888406192295,0.98912747729428652,0.14319868635211877,-0.99937957043264158,-0.034700638180621225,0.0060282594275560325,0.010931802843099116,-0.14290801017192148,0.98967560155603573,1.4232834200313793,-29.411838299030101,0.028378975791490457,0.3203568698187045,0.3240170103530912,0.4054054054054054,1,5
0.67181730923783967,-0.73786306370245025,-0.06495846543803438,0.73821035733615314,0.65975589256759837,0.14059740589343123,-0.060884902316252203,-0.14240878289616471,0.98793358441950685,-24.807780384694503,9.2009720588505139,-1.410601992039064,,0.8744296679268879,0.6956521739130435,0,1
-0.48464455401056561,-0.87457707979666299,0.015316258101843823,0.87468280989496805,-0.48441349612403406,0.016539251710224991,-0.0070454483280982813,0.021412525942367793,0.99974590041201183,11.221915227536607,6.2330614452681816,-1.5117181793203061,,0.1108472670170535,0.3793103448275862,0,5
0.96948669507472374,-0.24470746546041056,-0.014622052558798674,0.23935446495925264,0.93201894551789799,0.27212152671145989,-0.052962139091619939,-0.26731805315699869,0.96215179170398712,-11.063091913830091,14.284763553898628,-1.9478091320413313,0.4699737621876289,0.2401553781064696,0.3333333333333333,1,3
0.093854733807294324,0.98827427660970979,0.12043771474715688,-0.99517571708008923,0.089654876448418033,0.039840874276925169,0.028575882770140421,-0.12359594378689975,0.99192109646046622,-1.965654566238936,-27.154816459109892,0.02449768890488201,0.1632280602019558,0.1884851950915287,0.32,1,5
-0.3564743839646366,-0.93423379391162686,-0.011542611945350558,0.93404412440590612,-0.35663959533525363,0.019229474821502664,-0.02208137767072221,-0.0039264936768934611,0.99974846606912515,5.095792858735086,-33.105638950517331,0.034180888022309334,,0.08394910198213257,0.375,0,2
-0.10183732000910764,-0.99419286282393682,-0.034780910903951252,0.99423764841621343,-0.10289395289746917,0.030072128772880371,-0.033476241204202208,-0.031518026065719407,0.99894241841447495,11.169693325579866,7.8521605364259983,-1.5885986452587795,,0.07293529948379172,0.5,0,5
0.5180473159404686,0.84964981810376128,0.098601039766941248,-0.85495018838704551,0.51081927885111034,0.090132345642324918,0.026213619052548109,-0.13099179726332999,0.99103682839029306,-5.7513277091435544,11.677571791971578,-1.7455186512426961,0.4614593554218244,0.2797733316720787,0.5625,1,5
0.49822309421564703,-0.86386936625346789,-0.074185351916783146,0.86501168043784904,0.48936800259401581,0.11078696107047226,-0.059401524359846199,-0.11936781846868902,0.99107153264421388,-19.39718763829109,6.5082319832554241,-1.2711282430945388,,0.1808953711451881,0.3611111111111111,0,3
-0.36450122658501816,-0.92519782605490086,-0.10558332482595917,0.93037346435225732,-0.36661262248121917,0.00063392950989256153,-0.039294689809155951,-0.098000855612233012,0.99441025721382914,-9.5230899805426752,13.764461489420656,-1.8708432106441977,,0.08007205287189803,0.25,0,2
-0.94571810482952856,0.29944533917557453,0.1262923396080263,-0.32008735268371508,-0.92548049932396126,-0.20255846569077698,0.056225909059568785,-0.23198778893962457,0.97109232976752979,-22.374379497751153,-29.691766182019876,0.91296805916868606,,0.5838275261229434,0.6818181818181818,0,1
0.14680789901008603,0.98635657400490628,0.074485902730298204,-0.9885404241741711,0.14362306524692955,0.046478434812556813,0.035146416059013842,-0.080455727244113776,0.99613834651208299,-16.846913920228229,5.3883494886116097,-1.215605680822621,0.2203517702404015,0.1854819166895069,0.7423312883435583,1,4
0.97121120439187958,0.21549906311727063,0.10153300083841747,-0.23240177073871945,0.95074378974210139,0.20512353162018035,-0.052327941113550262,-0.22281472137721525,0.97345538496451467,-9.5637320598223585,14.996288644949427,-2.0055863934345188,0.4302366421009611,0.4550838282235383,0.4473684210526316,1,4
0.82197989720479558,0.55877685671449229,0.11007939403660544,-0.56949321325216185,0.80819448230733504,0.14999719606614917,-0.0051505971422892722,-0.18598414762621804,0.982539245109745,-10.082906096561327,-29.448575011080234,0.43115216399444406,0.2224855120651829,0.135320177383937,0.2777777777777778,1,5
0.12977268607862488,0.92369605184502424,0.36047836794162019,-0.99093596898128011,0.10809127417300489,0.07976328620856224,0.03471246645041854,-0.36756207673476282,0.92935093717032335,-13.264749227139598,21.558807998470051,-2.5740886124682132,,0.538194046301146,0.2272727272727273,0,1
-0.95549926911756111,-0.29452881999260938,0.016550556170916757,0.29341595737691939,-0.95468712485712737,-0.049795276770154176,0.030466746993917829,-0.042723153275378997,0.99862230573015742,-6.0004490307481069,6.013708611333537,-1.4107714472133026,,0.09596017133257136,0.4962962962962963,0,5
-0.26029643977964678,-0.96546515808143807,-0.011081153767746659,0.96503225524274139,-0.26051346036054407,0.029077195739680099,-0.030959809094198102,-0.0031249802813655215,0.99951574510814589,-15.088142359168817,10.626535854364874,-1.6400336264431219,,0.08085714206243955,0.1627906976744186,0,4
0.72298239660675656,0.68332248706877019,0.10181764514513456,-0.68481154119365195,0.68935139313372029,0.23627909309241446,0.091266682007868874,-0.24055152348457282,0.9663360478138675,12.906847602744056,6.4066653276348262,-1.5062231504939683,,0.251571895732105,0.16,0,2
-0.68975219080807904,0.71620615971641077,0.10625748001776897,-0.71777966606763544,-0.69564490747227514,0.029504468944951363,0.09504875725273372,-0.055918686430933541,0.99390081711031408,-12.009041997852009,9.8556467554609064,-1.6236061856846209,0.5705551311573092,0.7015064815955768,0.6954314720812182,1,5
-0.81196660861444681,0.56580572561306641,0.14343677129183646,-0.58187555863907958,-0.80403837838247061,-0.12224205637401336,0.046163413582773496,-0.18271881936888668,0.9820808379633662,6.0893218827036595,8.5518072011075148,-1.5977220792414746,,0.1441251354314416,0.4262295081967213,0,2
0.83106800106264578,0.54758703789103091,0.097336599198173612,-0.55591629841673429,0.82316114974959487,0.11559753759298889,-0.0168239937106422,-0.15018041642189114,0.98851545044019051,-11.808339814491013,-29.251129240013046,0.47256843143184962,,0.1665576376968883,0.5,0,6
0.1676895119811129,-0.95662400328871777,-0.23822414634835609,0.98466998864236621,0.15075808070904217,0.087732631146956869,-0.048012925744826192,-0.2492840095810254,0.9672394954346254,-20.984320791870314,8.3692354324631619,-1.429387977594857,,0.4734925940676251,0.3658536585365854,0,1
-0.99508826548984386,0.089290794891871528,0.042737545928518597,-0.093762013777572678,-0.98862308569396529,-0.11761411142085525,0.031749467031570298,-0.12104358050107743,0.99213931630728713,-0.053978951220678681,8.7150310327534726,-1.6288377242289642,0.8479984451045173,0.4739887383380678,0.8029556650246306,1,5
0.99890822309142668,-0.015831624004688943,0.043951354037199443,0.010426380940476503,0.99264729096620374,0.120592894972885,-0.045537373890170166,-0.12000298087477397,0.99172860811834829,-10.555297719589776,16.851377288057595,-2.2472298537947046,,0.08000966525460369,0.3125,0,2
0.70958487617833954,-0.70438949122430938,-0.018020770009308535,0.70196412126131547,0.70446064201648584,0.10479301652089575,-0.061120176380625481,-0.087009473636371071,0.99433076767075967,-13.468609435711205,15.765572379836694,-2.1398882603298932,,0.07928197584833072,0.35,0,1
0.49397963115916943,0.85174839371049416,0.17466767821049378,-0.86935738930270734,0.48056215532387714,0.11522909587101297,0.014207521410595492,-0.20876946300180774,0.97786167613487374,-25.203558949474342,7.7491600875111333,-1.3029747447401798,,0.09814469406981854,0.2307692307692308,0,2
-0.99837267365525562,0.041679026539778702,0.038921244136764746,-0.045202000822707887,-0.99449630550944923,-0.094519190906823494,0.034767565633519945,-0.096124695446867706,0.99476191086368337,11.278442050306898,12.97594679287289,-1.8508165981274216,,0.155898718224634,0.25,0,5
-0.94105826768564327,-0.33823138106818756,-0.0029782010010201343,0.33653477597203463,-0.93538105810924355,-0.10865827484312553,0.033965885561080843,-0.10325603610026017,0.9940747002247432,-0.94923040314300811,-30.748660420260403,0.13547132798374553,0.2044535620127315,0.1556257546830019,0.3529411764705883,1,7
-0.010613056336570273,0.99177975867815849,0.12751577671602438,-0.99875899998148332,-0.016719588744950154,0.046913913801638195,0.048660281454021445,-0.12685962962461284,0.9907264059165487,-21.163348615105591,4.2706605907358695,-1.0565718855709905,0.6358405902414486,0.4768847534750494,0.6423357664233577,1,5
0.90205941049722349,0.41709719757906694,0.11098985406374316,-0.43097127649007161,0.88443553228139027,0.17899035750188524,-0.023506994148988873,-0.20929337545613597,0.97757030653363075,-3.0176093705290312,-28.651953280726342,0.12145254329947068,0.2584412744595328,0.1702017830914685,0.2666666666666667,1,5
0.27913744878211422,-0.94389284007033547,-0.17648963468535245,0.95798831198675871,0.2611252442593287,0.11862546483477823,-0.065883827941110126,-0.20218781682995296,0.97712814305052342,7.8433924903411221,12.218722350211808,-1.8174067019882931,,0.4589464530891395,0.2727272727272727,0,4
-0.51190186091288148,0.85641184724241592,0.067195481222790898,-0.85705079852131161,-0.51447469590113803,0.027923395771542316,0.058484301722013583,-0.043295902580557349,0.99734901176660518,0.80745301727707597,6.0424119387107806,-1.5083188343532201,,0.07443383290272096,0.2277227722772277,0,5
-0.78851350960286559,0.60254663653228147,0.12322335808363082,-0.61202536712350586,-0.7885057544755889,-0.060692875662803888,0.060592038842654496,-0.12327297336609316,0.9905212662363051,-19.493003810413946,5.2287910672015805,-1.1629794333771251,,0.07704803233280644,0.2333333333333333,0,3
-0.99658602610454972,-0.08169224319160219,-0.011944453753345966,0.08240086556347595,-0.97518853056328425,-0.20546879863427508,0.0051371127622109811,-0.20575156684736681,0.97859077392560878,2.8029318591152506,3.2950665512081563,-1.3700693324413293,,0.6061874014614791,0.4666666666666667,0,4
0.79880175585224411,0.58900038530818066,0.12245121867171013,-0.6015407647624309,0.78472625448762645,0.14951058105315201,-0.0080288963377399703,-0.19308871438961914,0.98114845217172031,-12.938414045865485,12.181265848139384,-1.8037805783510046,,0.1206735979876794,0.6666666666666666,0,2
-0.58797527659591264,-0.80884819870997859,0.0070473793415529885,0.8088605636391093,-0.58788096900530207,0.011855583950603293,-0.0054463475268402622,0.012671137478949188,0.99990488526339694,9.5526569367543814,6.2692013341416954,-1.5176992096559665,,0.07521759281221772,0.1578947368421053,0,5
-0.53979194626480964,0.8340323767533433,0.11408176574202394,-0.83969342994275864,-0.54305272205788857,-0.0029469944830814868,0.059494524610373023,-0.097384473057500587,0.99346699288335638,-18.271831059380705,9.5817388430495054,-1.5786611909065476,,0.1565877515573266,0.1,0,2
0.08253786414485445,-0.99448160294555477,-0.06475988252958792,0.99594017534894008,0.079967369870516739,0.041332637006544479,-0.035925869625220312,-0.067908476340089383,0.99704451792928472,-15.83593141663793,-27.295587141938331,0.51709032279222766,0.3609134807063341,0.3589976134392076,0.5714285714285714,1,6
0.25115620833748792,0.96095341366225895,0.11614256663423678,-0.96707944436720839,0.24404053673762308,0.072121874013540199,0.040962266733526508,-0.13043294522345389,0.99061058923493617,1.1972912255830233,16.22556574547874,-2.0267742359866627,0.2711771158473089,0.2397150220116379,0.4090909090909091,1,4
-0.96381105195510652,-0.26658345594271399,0.0012317251440351555,0.26097825174347838,-0.94446846242473559,-0.19967392318971966,0.054393090058472225,-0.19212648048276804,0.97986162658367049,-18.037595872410492,5.3518736561928497,-1.1780488615177063,,0.2855503912251833,0.2580645161290323,0,2
0.12911092815322922,-0.988461085617243,-0.07921521603701917,0.99151321698082817,0.12745635284748943,0.025620668827020156,-0.01522855159689176,-0.081850842018859352,0.99652823887588027,20.437368162508839,4.1120188324931108,-1.4051939945183514,,0.6280940057552963,0.1739130434782609,0,3
-0.51266058749014731,0.84014985258526786,0.176995331111332,-0.85408582932528632,-0.52010792207204137,-0.0050145332426714522,0.087843714516153457,-0.15373995771710247,0.9841989164905377,22.691325029264551,3.2601968458285335,-1.4012582213063454,,0.5704947792841172,0.4791666666666667,0,3
-0.989925664571359,0.12447013280998864,0.067486033082546984,-0.12749677357832664,-0.99092577976483509,-0.042551988491399573,0.061577198296704667,-0.05072755696580649,0.99681240141473504,-4.0243315007711757,20.676596833171416,-2.4388572650104656,,0.1135315609541701,0.1764705882352941,0,2
0.31901288133441408,0.93248595979644766,0.16941285761480074,-0.94685519176907884,0.30581102333166826,0.099723938093010167,0.041182852774617702,-0.19222266461407569,0.98048682798190034,5.6367353342857127,21.921287800212241,-2.436504160590224,,0.2613477691013858,0.3571428571428572,0,4
0.75266258730463997,-0.65459094100827431,-0.070779443497305417,0.65555772071517826,0.73507392437850028,0.17294623589287025,-0.061180916000062216,-0.1765701720243085,0.9823847870710849,0.44849952105589769,-28.756138949197396,0.023231449278502719,,0.09270905429798107,0.2380952380952381,0,1
-0.039373272353333003,0.98326609549326782,0.17786942086152455,-0.99846622151179132,-0.045648889064881522,0.031327039871469307,0.038922357638723988,-0.17636316049721396,0.9835553292495941,0.14439320701110531,13.798621993848901,-1.8798076732695264,,0.4613180806026937,0.2727272727272727,0,4
-0.97824221567980596,-0.205446352589397,0.028878429139714425,0.20453297159295108,-0.97834676024659728,-0.03168406928322897,0.034762494059279676,-0.025088103210496124,0.9990806554448336,-9.791975851861034,7.7780808564294741,-1.4703326914252755,0.1940989238151758,0.1423072439310493,0.6525821596244131,1,3
-0.96852882113707806,0.23583710298069077,0.079578787905436502,-0.24322505508187195,-0.9646557455509025,-0.10139460121749394,0.052853525967939768,-0.11755914865849182,0.9916583844043515,-9.4227444440549935,9.8361208182769069,-1.6092426672073952,,0.2791528910313439,0.1714285714285714,0,3
0.33629554627302888,0.89441825866024927,0.29482415798589739,-0.94156609991975448,0.31303197417378281,0.12435538841066668,0.018936341748838754,-0.31941659587446664,0.94742517025944573,14.129223923047237,0.61123385440472211,-1.2223571512405464,,0.2101997777700324,0.2439024390243902,0,3
0.97146767441674553,-0.23486433158029479,0.033004595356719478,0.23100174706855101,0.96852332927831841,0.092740247438309747,-0.053747096801563456,-0.082470033315035565,0.9951431772315078,-18.595736773772938,-31.461880377265945,0.84553221466972928,,0.07622622834413298,0.25,0,1
-0.41261300584320265,-0.91090498621154081,-0.0016166335360531406,0.91071787442398566,-0.41256305830507251,0.019613162076082533,-0.018532690406271299,0.006620348700625469,0.99980633643190475,-24.362817420765779,4.2346919643283831,-0.96557986243942473,,0.7377480844670613,0.6071428571428571,0,1
-0.9931876851600383,0.10950037770293154,0.039848329066108149,-0.1136139359705565,-0.98595680851546252,-0.12239708041976773,0.025886204814993225,-0.12609059847950665,0.9916809292183435,15.522132873229914,2.7270575720009265,-1.3324451464220226,,0.3625164457377453,0.5490196078431373,0,4
0.90244283693789218,-0.42997420638689759,-0.026816187302573003,0.42897453893860921,0.89111709926974714,0.14795661638290974,-0.03972116566638919,-0.14502585021653702,0.98863023004916961,9.7689230182707032,-28.188450420998283,-0.20725932472717248,,0.1224347437876061,0.3,0,4
0.20621418580270662,0.968540277826336,0.1393034091535813,-0.97844551486354103,0.20250666331740513,0.040440397568161757,0.010958285319643837,-0.14464017954957861,0.98942363749948825,7.8858986080447551,-29.045690571040581,-0.14577467192534255,,0.1553555494120377,0.3157894736842105,0,3
-0.9986476258259408,0.0094955372680050106,0.05111510739697972,-0.023138279690676521,-0.9616162301965665,-0.27342063900792329,0.046556841013634789,-0.2742335876484443,0.96053547563861241,11.017069079266339,3.6325695850963142,-1.3857415093517744,,0.2183577320748959,0.2142857142857143,0,3
0.29624082146471203,-0.95388770604984052,-0.048369617994007956,0.95366374908064122,0.29262264463196463,0.069981722885702591,-0.052600659571613979,-0.066859794312940451,0.99637489857837291,-13.425254130320683,-32.259019639381115,0.68856484629392745,,0.08006717566310367,0.5555555555555556,0,1
0.85919756157204208,0.50779014529286637,0.062679490522073666,-0.51132030801674577,0.85654322814114492,0.069894498604732486,-0.018195955548350115,-0.092102479168566023,0.99558326649893369,1.3417962957938332,-36.863474557878384,0.25278804017970374,,0.1515551206907851,0.6666666666666666,0,1
-0.82238704464163837,0.5419493127294488,0.17311987533980971,-0.56568384491383661,-0.81137253344317273,-0.14722907178104266,0.060674017578296886,-0.21901039794057087,0.97383423085493492,-17.98742507356128,19.04312580212499,-2.3640212864316168,,0.3801855690164568,0.4,0,1
-0.34970897780993809,-0.93289113289204528,-0.086126447799292072,0.93507200405780699,-0.35323850107636701,0.029375305694365736,-0.057827139531920896,-0.070261622018833042,0.99585105633565396,1.5837441927865448,14.135285327531834,-1.9349991194503211,,0.3590097928215446,0.5666666666666667,0,3
0.94671273903454667,0.3039559500318984,0.10651652543109265,-0.32107887986842476,0.91671127037954536,0.23779991518408483,-0.025364200207068737,-0.25932841571899962,0.96545607365044295,10.915897226093776,-26.967166656763929,-0.24899639670241649,0.348874499541228,0.2993295063927078,0.1666666666666667,1,2
0.5760758370227711,-0.8161211251814332,-0.045639226889866921,0.81218949629697068,0.56522123861540297,0.1444755118452348,-0.092113256936156518,-0.12029655211460105,0.98845530371684098,-17.857405450955074,14.076730480292708,-2.0212259862798909,,0.2884995052616354,0.3333333333333333,0,2
-0.5777210656151055,0.78771845127542284,0.2138644707865153,-0.81399264117693437,-0.57541176437940089,-0.079481328144311622,0.060451223762184779,-0.22000214302145854,0.97362452034222124,7.4141724330853478,19.153199137945826,-2.2668885615133245,,0.4806723172587829,0.4,0,2
0.67171414060910517,-0.72745089745022429,-0.14005465042131021,0.73338554999070571,0.62629001965303899,0.26439827221036655,-0.10462193063885793,-0.28031411502430709,0.95418983884106545,7.2321492433072523,17.31467462997427,-2.1542139071070028,,0.3787017628486186,0.5,0,4
-0.93129691129702274,0.35067743320169775,0.098546440076215658,-0.35893042732584873,-0.92956145376236154,-0.084169186873163604,0.06208873769299738,-0.11375781960935645,0.99156651170227417,11.981069690284977,7.4700186241882349,-1.5645701239421623,,0.4909912141251437,0.7884615384615384,0,3
-0.99317821944427953,0.05378062097485431,0.10346337143671365,-0.068429084757600067,-0.98725335260697455,-0.14369508733957265,0.09441654929475804,-0.14979473480015684,0.98419868555359447,-17.950385239478276,12.45491517772178,-1.9198332235369924,,0.3603508121667812,0.5405405405405406,0,3
0.49011684511212072,-0.86540908508650383,-0.1041757821524857,0.87088203739588299,0.48113368239965043,0.10037358517931372,-0.036741734832992937,-0.13991960230894435,0.98948094969593514,11.935065683247187,16.613598779147701,-2.0644556000362559,,0.3103016674437216,0.3214285714285715,0,3
0.75779684405582826,-0.65221040473881764,0.019118867368522439,0.65041173704135813,0.75739527323904388,0.057593162736543163,-0.052043399753192485,-0.031208781225522102,0.99815705002597044,6.0462279059691619,10.393212517049607,-1.7222855161337651,,0.09045138575831298,0.25,0,3
-0.96868094508567737,-0.24552207988062594,0.037096292523775019,0.24596094434717022,-0.96924916142160167,0.0076991518603979721,0.034065238642437691,0.016582260841415036,0.99928203633489787,-7.5653004753187556,-31.816546412318363,0.43664661308662966,,0.6497488044129276,0.28,0,1
-0.41945910526245922,0.90326678026172791,0.090350333082006934,-0.90552333141472807,-0.4233460650228415,0.028383190328951816,0.063887050925758762,-0.069908746986973011,0.99550550566971852,15.123069073266707,14.6189210049272,-1.9602626042810811,,0.2126624558370861,0.4444444444444444,0,3
-0.95797070221463654,-0.28174428979998833,-0.053965626684916723,0.28685291866269025,-0.93902348500938282,-0.18960563719343571,0.0027453147527529494,-0.19711684292807885,0.98037615917614762,-13.628930466730589,5.5023700201785193,-1.311291318829819,,0.4436505755902035,0.3004291845493562,0,2
0.96684404618088715,0.24130494751979892,0.083573396885831999,-0.24762363949400965,0.96588006362091294,0.075883040683679293,-0.062410924751285263,-0.094061814792864434,0.99360819816946033,-10.923352211852855,9.4479022166980737,-1.5949629400746281,,0.1232781061460185,0.2666666666666667,0,3
-0.98262210165382069,0.17024333012921086,0.07396630238118658,-0.17815875764100159,-0.97684688084120119,-0.11844673261272588,0.052088985565504592,-0.12956612187347571,0.99020167523864766,-22.128434982856142,3.7213182704037502,-0.99650867061344028,,0.6299181372561151,0.1290322580645161,0,1
-0.98474001731353811,0.15527732930789895,0.078587844507528523,-0.16617701401290294,-0.97309762577914272,-0.15958136080617749,0.051694277392072975,-0.17020564534116456,0.98405169578580043,-23.353126212272844,6.0959797298925702,-1.1755733924289915,,0.3201800851548391,0.1538461538461539,0,1
-0.47872483683033834,0.87344359518204573,0.088987733071634531,-0.87606452938564083,-0.48189391415059696,0.017005759522374011,0.057736218737302156,-0.069817917041972086,0.99588753757933879,8.6573191736859254,3.7942462378488799,-1.4055082356097715,0.6112242308798568,0.2542713160621476,0.6666666666666666,1,1
-0.99144486131394116,-0.13029302851791413,0.0077983135234574678,0.12421572772562076,-0.96017880794177535,-0.25025409040634178,0.040094138720947754,-0.24714445876681318,0.96814878843134666,6.3609029592576727,7.6864003908920067,-1.5343295970020394,0.6693390436348057,0.263762191587309,0.2456140350877193,1,1
-0.48581608196751669,0.85659216468488086,0.17387523659855095,-0.87214132472503803,-0.48823808647652411,-0.031513181695901941,0.057898568277528775,-0.16695338964577314,0.98426333949670208,12.88955037255122,4.2457067351803808,-1.3916902651820031,,0.09902657991380553,0.1111111111111111,0,1
-0.97372243160182037,-0.22628675766164724,0.025669622171336785,0.22504602551781505,-0.97336002123356202,-0.043869755673313214,0.034912928752472573,-0.036940118721792932,0.9987074221386093,12.873318018258184,16.404203746416968,-2.0676628641951367,,0.7032239342208815,0.6341463414634146,0,3
0.225848747196116,0.94061009421504704,0.25346596231191698,-0.97356349495017969,0.2088139027618324,0.092579021996154212,0.034153545794504567,-0.26767406425377355,0.96290400904530982,-13.094506795286643,14.029897214322316,-1.9534610555398204,,0.3186059680989894,0.1578947368421053,0,2
