axis_00,axis_01,axis_02,axis_10,axis_11,axis_12,axis_20,axis_21,axis_22,location_x,location_y,location_z,dbh,dbh_approximation,score,reconstructed,number_clusters
-0.3259977577771323,-0.92599094975597518,-0.19043692628876027,0.9428712920994371,-0.33310877785834458,0.0056805500137945934,-0.068696349677558485,-0.17770566418589054,0.98168299794650171,-17.672014197423671,10.94035664021091,-3.7064933692571018,,0.4708692267117455,0.4090909090909091,0,1
-0.90463400896880652,0.42274243695891678,0.054093824148997549,-0.42235095306879022,-0.90623242403656645,0.019038541611549168,0.057069976860963788,-0.005623665961489486,0.99835434196593953,1.6674004842854759,13.258330820678747,-2.7076998727540356,,0.1200175881957298,0.1363636363636364,0,5
0.24844961342370028,0.95507306204368014,0.16158043120416538,-0.96441504027121627,0.22832697566134141,0.13330574737803083,0.090423557153454626,-0.18895035947003472,0.97781457443007169,-1.0415378264571038,5.0248332981773816,-1.9554690073664724,0.2935601427147398,0.234595205854513,0.1374045801526718,1,4
0.6482816290875818,0.74654415213241543,0.14967551003569093,-0.75979460294429724,0.62153030410689625,0.19081992142726356,0.049427631182052796,-0.23742769424328378,0.97014689572355417,-20.562114725668113,-13.482962257277746,-0.98841575686038774,,0.1706746180033506,0.2857142857142857,0,1
0.76719637558672238,0.63067549759676811,0.11686803676653951,-0.64027047842678253,0.74214422981605788,0.1981808684153662,0.038254878665802516,-0.22687079777220909,0.97317326585581132,-18.683893515374272,-8.313837080516759,-1.358268975401496,,0.198998928419061,0.2,0,1
0.75624495624611976,0.6539213320021412,0.021919345447569429,-0.65191601692279577,0.75022931667384518,0.11027909721525868,0.0556693185859276,-0.097687583426149166,0.99365892690225333,1.7671468883117039,7.5688480220755574,-2.1132570515536742,,0.0971685813119024,0.3166666666666667,0,5
-0.63059978135600692,-0.76977096939271161,-0.098977625926073731,0.77566745276415405,-0.6293928081439506,-0.046954188088404514,-0.026151835043174167,-0.10638302372501758,0.99398125424325656,-1.2901033135841558,-12.358882378950254,-0.35938076794630464,,0.187136103084892,0.3529411764705883,0,3
-0.66383004464247664,0.70565797586394508,0.24774279591860551,-0.74338941380739165,-0.65884669281480046,-0.11529620464743351,0.081864835363362157,-0.26070645651115026,0.96194089852980547,5.0304907136372394,-5.0315335966614274,-0.62134343493605293,,0.5829280178405455,0.4017094017094017,0,3
-0.63028106154520258,0.76542505204831801,0.12988561565579043,-0.7689106587683463,-0.63856094571788391,0.031879733943545326,0.1073414285813357,-0.079777241746709554,0.99101635173664337,0.84106727082724431,11.135395860224211,-2.466854699307738,,0.1460724882000511,0.1290322580645161,0,4
0.1166830316242963,-0.99246468110644259,-0.037402231046430541,0.99019689417622636,0.11333991970025195,0.081634388379504416,-0.076780081366971634,-0.046560920938352957,0.99596029024587818,7.9296898725878755,-8.33878967457707,-0.38368517129448343,,0.07405328434195489,0.375,0,3
0.61891607203011578,0.78068773124306445,0.086426628242520412,-0.77988159926059575,0.59770398076689879,0.18583498731439108,0.09342155488724023,-0.18241879744686701,0.97877259637797931,-8.1804054357241149,16.154220972868838,-3.4638328773379827,,0.16355432176058,0.125,0,2
0.65905144629957457,-0.74775156682912469,-0.080738995751917689,0.7489548788108954,0.64270062487611335,0.16125289544442478,-0.068686102202674307,-0.16674381874133309,0.98360496047740709,-17.428745546392175,-5.3697294691536577,-1.6419722478396468,,0.07065168854004061,0.2352941176470588,0,1
0.95784007771220914,0.28675990013663333,0.01763930843022907,-0.28686746945481628,0.95121231974417186,0.11358775345740794,0.015793685347589705,-0.11385904637111173,0.99337136915788038,-15.172876353280371,10.850540540155748,-3.3256273168683168,0.7055737748529585,0.3417655053184687,0.743455497382199,1,6
0.99812578830709842,-0.016530631530061068,-0.058920700416328492,0.033344880135626212,0.95424972503191929,0.29714572392219757,0.051313055698078473,-0.29855351362481652,0.95301247096625252,-5.1813368951162335,-13.356320114090833,-0.40584646436051974,,0.4974779069902275,0.1041666666666667,0,2
0.23752087800420227,0.94999150343611938,0.20273128991671333,-0.96711149489020021,0.21171964192146325,0.1409615184221904,0.090990048705091989,-0.2295450644728155,0.96903553826101541,-4.3600307043563786,16.706726760254526,-3.277988484589395,0.744040005485637,0.4496676989453753,0.1212121212121212,1,3
-0.55714030283959493,-0.82170599125721067,-0.1199747760315015,0.82851437359527491,-0.55980888065450063,-0.013339785844754945,-0.056201563126246044,-0.10683295873633501,0.99268731392609566,-15.144770448457233,-7.1424816818386283,-1.3752726454010791,,0.5218349811498911,0.2333333333333333,0,1
-0.52188056117794568,-0.85219721090655542,-0.037424505176155656,0.85175309297519919,-0.52299347869740576,0.03153553308836643,-0.046447265492963984,-0.015418656331654587,0.99880174036950509,4.2042571182564137,8.6658979126769609,-2.1117154477205107,0.07621828664410946,0.1325364032676711,0.3392857142857143,1,5
-0.99732460734192352,0.071413473164053373,0.015612284936097082,-0.070374032626295449,-0.99575989416590305,0.059242963317370535,0.019776832966679987,0.057985765678804597,0.9981214995462484,1.4415458627441913,-12.596335581057239,-0.23704902908129785,,0.1026663076339748,0.3448275862068966,1,5
-0.84502024578911916,0.50486561216637871,0.17621435202151881,-0.53151780515394176,-0.82911091207075727,-0.17338949878678683,0.058562846676306256,-0.2401787025051646,0.96896056878084713,-12.890699828104555,31.095064035268539,-5.3508426077488123,,0.4189245374210553,0.2380952380952381,0,3
0.9975884388381,-0.069368955662031065,0.0022923103895582859,0.066302422759551047,0.96221588707659433,0.26409198282722857,-0.020525482522383603,-0.26330312312572873,0.9644947744386495,11.214332713831908,-6.9152868248546513,-0.42799539935504965,,0.3129960953931489,0.2105263157894737,0,1
0.52980425843982093,-0.82843550060206705,-0.1816647161152512,0.84407189674685479,0.49413493993262436,0.20826256086956457,-0.08276521528515926,-0.26367647312565667,0.96105391974582599,-19.715346398505424,-8.3335454536219835,-1.4005478329630545,,0.1305625101327794,0.1111111111111111,0,2
0.93026167292133133,0.32956396522970954,0.16124767507061097,-0.36089559279506783,0.90110116383034367,0.24035611838415291,-0.066087752229161731,-0.2817876600663542,0.9571980587316431,-12.813473940995848,-1.5300766126790313,-1.7873350259772505,,0.5057562642795856,0.2612612612612613,0,2
-0.98327421988488362,-0.18185568782885023,0.010015853137346995,0.18212914968833951,-0.98204162987099786,0.049226111304021936,0.00088393640921634819,0.050226945005736927,0.99873743929614189,3.0697778462210041,18.820808762889946,-3.1555737982746224,,0.06056443200192424,0.1875,0,1
0.29326191431413101,0.95423572419937186,0.058580135494140151,-0.95346870668492612,0.28744190413475312,0.090964702604703768,0.069963383175672494,-0.082530808847896583,0.99412966488558552,-0.98829800604675788,-2.8257914817063501,-1.1395098811884816,0.2641356819827332,0.2223293417827691,0.9022757697456493,1,5
-0.77703961162161617,-0.61258915897929733,-0.14472029668282718,0.62835316162244026,-0.76848098531870368,-0.12086885240903925,-0.037171847546387984,-0.1848553421046622,0.98206250119091554,-12.142060569304379,19.7399364973544,-4.1735295563341088,,0.3359298636677029,0.375,0,1
-0.94163698764935633,0.3352185454668235,0.030794646706073372,-0.33417201846080757,-0.94187650579572169,0.034607945733175091,0.040605979466999849,0.022297412521363393,0.99892641361932988,-16.615771705164075,-2.718922332575318,-1.9056472295364757,,0.08175744168990556,0.3214285714285715,0,1
0.66314392788934562,-0.74753029490932987,-0.037928737077065969,0.74535382793827931,0.65487997687865018,0.12481941780497605,-0.068467525742099231,-0.11104356836930876,0.99145424697389162,-0.43164996573491249,-17.1978770625194,0.026831481574375801,,0.1550000466383545,0.2307692307692308,0,1
-0.61700712386680423,-0.76362718526435436,-0.19019918775550229,0.78575259633408256,-0.61116800396541882,-0.0952183190524475,-0.043532360972750518,-0.20819988677750192,0.97711705577887287,-10.751606839436427,20.078988848346711,-4.0725525326398602,,0.312124192773346,0.25,0,3
-0.89240871076110051,0.44919558271391979,0.042778749724756912,-0.44702876503179167,-0.89302552148541636,0.051678827481397169,0.061416416305923469,0.026995304147256764,0.99774710090389918,-15.183830751933764,14.309293421474358,-3.7934529353976076,,0.08126279939831937,0.25,0,4
0.62043494262805898,-0.78045621479464988,-0.077127029986423165,0.78107341722142465,0.60606684187765392,0.15035724154989891,-0.070603108119724298,-0.15352875940635941,0.98561864895048557,-14.789881573624916,-3.4814487862189885,-1.751619066284404,1.198230212314014,0.8343615717610096,0.7272727272727273,1,1
-0.87266946375217636,-0.48810851549273093,-0.014074236674582446,0.48801028672761038,-0.87278104418131452,0.0099603697627596941,-0.017145468279556333,0.0018237382646056656,0.99985134239856766,-5.6828228310637092,-10.891313611357544,-0.62200347367760123,,0.1547904577551499,0.247191011235955,1,5
0.44815378662867916,0.88559165018125008,0.12200660908175458,-0.89168926846231,0.43312051354508319,0.13151756253670085,0.063627290053308846,-0.16773207765867329,0.98377716891823541,-1.9682654095831582,14.127000279494618,-2.9434076179880377,,0.06970799010633517,0.3888888888888889,0,2
-0.90685894626281971,-0.4205351852682217,-0.027513806252701258,0.42106174301329286,-0.90686878659181946,-0.017205013109237808,-0.017716098715474089,-0.027187531276373796,0.99947335031475437,8.0572885697491472,15.561204036641586,-2.7341588268915769,,0.1189671044961126,0.1904761904761905,0,5
0.8405133687427857,0.52895830909148012,0.11721938494863439,-0.54099435998366951,0.80767226049496255,0.23450079337353544,0.029366297528183184,-0.26051607794921205,0.96502279439371086,12.843024337467385,-6.0573686392268877,-0.50179421711000505,,0.1671593447515061,0.3333333333333333,0,1
0.24100324087155101,0.96620651835825044,0.091446168708356007,-0.9678531404879992,0.23228476913844429,0.09645768229548618,0.071956489192612244,-0.11175307561014837,0.99112739532047334,-19.244250384888904,15.943240452532711,-4.3789720891595492,,0.08030547607927996,0.5,0,1
0.74140626673010723,-0.67073137499264446,-0.020884689459060482,0.66645073043127034,0.73232099741124446,0.13981909976189069,-0.078486760418243359,-0.11758137331684891,0.98995679152575777,-17.488561384048079,13.484092697567553,-3.9322011083593278,0.4293456004226883,0.1535151444306471,0.2727272727272727,1,5
-0.7237710211731283,-0.68974548613591702,-0.020166141552951808,0.68790534698793526,-0.72352068127747216,0.057480930309013509,-0.054237832694664936,0.027730635025345004,0.99814291030176405,-8.5504606038476876,10.056626639921634,-2.8270442143301273,,0.1161011219277834,0.3181818181818182,0,5
0.81042765336414924,-0.56469034902499249,-0.15598662885231637,0.58303338806830773,0.7514050345698442,0.30897013192326706,-0.05726331338883945,-0.34134335168730467,0.93819274629396299,-6.3805820128279018,21.118365912100497,-3.8839355538773606,,0.2959030075977249,0.2666666666666667,0,2
-0.4838279951281334,-0.83878038023681811,-0.24971572809911366,0.87304785278512109,-0.48241977910228995,-0.071123860118723028,-0.060810507953649104,-0.25242549487061988,0.96570360445725922,-10.647202790586668,-12.252874965323368,-0.68553087280551162,,0.3453535745447408,0.1428571428571428,0,1
-0.97025835403357152,-0.24205641252859786,-0.0027238909393629083,0.24203643013287851,-0.97024759643733371,0.0061618257122762763,-0.0041343580634143609,0.0053192820344002498,0.99997730590350964,0.62906782428639019,2.2905337664911682,-1.5380248025800223,,0.07976862378817848,0.2077922077922078,0,5
0.16761319884036435,-0.9833497604628586,-0.070207294294388711,0.9826493271690756,0.16090796218588063,0.092243848138236273,-0.079411053315412469,-0.084450436960536931,0.99325827875155948,-13.317351223752866,11.129413308737282,-3.1898943323062303,,0.07237246181952621,0.15625,0,2
0.97156116223682831,-0.23675040543715792,0.0042606992810713734,0.23474163392640437,0.96536673320408628,0.11385708464751576,-0.031068848298325052,-0.10961895797812965,0.99348800230158973,-8.7124266192439777,-8.7730783913081858,-0.92451848966473615,0.343627716344384,0.2918262159875365,0.8743961352657005,1,5
-0.94118659040431174,-0.32781362373288847,-0.0818903543661815,0.33767618202241328,-0.92112135414254503,-0.19367562323991622,-0.011941446221987374,-0.20993732168844143,0.97764191953107826,9.1923087276393112,-8.4969079193943866,-0.35952952680795847,0.4749043185157435,0.3382693621644903,0.1666666666666667,1,2
-0.46154887714283344,-0.88415836109027579,-0.072364539122050084,0.88499975730376901,-0.46454346720455619,0.03122173361360513,-0.061221430728619186,-0.049632243468601338,0.996889450655294,-12.076189241153948,-15.885742491980318,-0.45921262728752599,0.496532113242226,0.3180067011787744,0.2105263157894737,1,5
0.85953157493657995,-0.51016046502244683,-0.030688297690209473,0.50833170764464297,0.8471408589984798,0.15476188167116089,-0.052956082654623246,-0.14862255866253293,0.98747505708573624,-12.150685514658479,-13.289891682524901,-0.68229499768706359,,0.1020203518811783,0.1052631578947368,0,2
-0.62284769616901092,0.78133893904049567,0.039625871801478266,-0.7794555119670189,-0.62410004178240164,0.054297722893654775,0.06715543344500978,0.0029326074193755428,0.99773821595272949,-16.835312016993967,15.14079278008585,-4.0619317591843389,0.206292405045166,0.1924828879702255,0.6666666666666666,1,5
0.88441041704959922,-0.46568747188979953,-0.030877058458365976,0.46409482164268306,0.87053397753593831,0.16366609447257016,-0.049337721254637264,-0.15907788180745089,0.98603246233633424,-10.289969882435253,-0.66994090883279112,-1.7090140742444906,0.4867386096551566,0.3158576499047115,0.9307304785894207,1,4
0.92334164447002243,-0.38390512326232779,0.0075540664765123859,0.37987540455448193,0.91616467467729534,0.12781614095259644,-0.055990040203266242,-0.11514836171818599,0.9917691113316921,-12.375598909336958,-10.476749072060116,-0.95526033970806734,0.5869980096446065,0.2491719544334812,0.46875,1,4
0.99688692746481844,0.076760073749091662,0.018009578778759167,-0.078489775491524194,0.98780856759043656,0.13443804869984016,-0.0074705416834695074,-0.135433101097791,0.99075832882393255,6.0467467075965651,-13.174925514877017,-0.13482077248252089,0.153768046471219,0.1269715977288987,0.3333333333333333,1,5
-0.52211639807058052,-0.8181625866202642,-0.24084112755225648,0.85082805039075005,-0.51921405885390826,-0.080674591766713322,-0.059043166700970817,-0.24703591427824709,0.96720585271318116,-9.4887020900856296,17.98453604572882,-3.6981035381676848,,0.6395329803571939,0.2033898305084746,0,2
-0.87077434890589056,0.48884670873189767,0.052734510991487987,-0.48831868235662129,-0.8723528825338468,0.023351933461266686,0.057418618487503938,-0.0054169822666560027,0.99833549398691968,-12.055578589172619,20.755687653410813,-4.2596015935213165,,0.1101790485290318,0.3636363636363636,0,5
-0.32713300863029871,-0.93393671133561362,-0.14403546050923599,0.93768888931799643,-0.3397121778879636,0.073042337340738742,-0.11714752030696436,-0.11116589141564667,0.9868731443664347,2.8275574992605903,28.156920227107413,-4.0834880672676004,,0.5201058659863596,0.5576923076923077,0,2
0.64666827037207086,-0.76237416039767036,-0.024612753847199704,0.75984123978236418,0.64102311377410792,0.10830816189626831,-0.06679399988019484,-0.088741237118352356,0.9938126354674256,10.133951740727229,5.6665002649710043,-1.6649544470526203,,0.06797423852713175,0.3684210526315789,0,5
0.7629821314085351,0.64592274927379167,0.025339082893330912,-0.64531101761994114,0.75879356479246429,0.088351664205380973,0.037841216809252225,-0.083762330436364177,0.9957669980021755,-0.75191942094829511,-6.0709289802027415,-0.82676013962986428,,0.06761356650894279,0.2,0,5
-0.42385487843779301,-0.90563242881903139,-0.013302101180886306,0.90326442311341337,-0.42373837315061386,0.067521648804397191,-0.066786405518465458,0.016604065496557598,0.99762913001120301,8.0676002575394854,12.509414845297854,-2.4552352966669351,,0.1229688207862924,0.4642857142857143,1,5
0.91991016241201107,-0.39203875386091513,0.0084207221951434017,0.3882156089489795,0.91354552240415332,0.1213392742012866,-0.055262410909042811,-0.10835217564268335,0.99257537344728475,6.2124380401765933,-11.104226535951021,-0.24907050558878144,,0.09363478163354286,0.2333333333333333,0,5
-0.98119567318707679,0.19048178380798311,0.031172759843944013,-0.19206919618334015,-0.97954073802137576,-0.060078002913080492,0.019091223021195262,-0.064935603438077777,0.99770681696061791,0.72171611314600481,19.726724716823252,-3.3529959253043615,,0.141683244678622,0.25,0,2
-0.7216747953024637,0.67969394770865965,0.13115497426085626,-0.68762761599618816,-0.72570673013950882,-0.022759691334065621,0.079710423060895763,-0.10661087786169303,0.99110058479299323,-14.191850636959904,15.305046402274529,-3.8601758332014682,,0.1322026845599871,0.3125,0,3
0.64502540875992231,-0.75638457091444411,-0.10874099014018386,0.76052082598885551,0.62154640782446147,0.18785136719688067,-0.074500303967997825,-0.2038686925525369,0.97615944440731373,18.722591070773042,-5.6734641097871856,-0.62960905674094347,,0.3719893045407024,0.1333333333333333,0,5
-0.42950864347720957,0.8789405942415307,0.20733006770054394,-0.90113507160593387,-0.43213638289303669,-0.034838617967578797,0.058973789942104067,-0.20179588294726841,0.97765050694274003,-12.785179293909888,-8.7113946780907341,-1.1210000957736861,,0.3687864160977182,0.2244897959183673,0,3
-0.26258120913051569,-0.9553009343309854,-0.13583531749108266,0.9621817116244672,-0.2698098684394819,0.037536498346022691,-0.072508361083173198,-0.12084187916039857,0.99002008960122456,-15.798264671470207,-10.035822731114594,-1.1574137624992205,,0.06878208070859093,0.2,0,2
-0.99084701616732718,0.12992992810386111,0.036611532817251442,-0.13253992227373537,-0.98783594650924877,-0.081322271167543966,0.025599991327642325,-0.085430419448232112,0.99601520263343502,-11.75709317097601,-0.20287763230648809,-1.85692061975705,,0.591806551422541,0.185929648241206,0,1
0.39033502943415843,-0.91506909023053218,-0.10142546475762243,0.91899587772775881,0.3806063279909081,0.10288537219965727,-0.055544050230600127,-0.13336934879477477,0.98950870399710833,-0.76268803513541894,-14.031375434117136,-0.22205368863605185,,0.3185668088434195,0.25,0,5
-0.81180060073882443,0.54681189922376139,0.2048817500593603,-0.58105615985542536,-0.79123971547155703,-0.19056088726324502,0.057909616940102819,-0.27374524567157671,0.96005729867443756,18.692438328581897,-8.1712094370351238,-0.43122290939899072,,0.3227707077409911,0.1,0,1
0.65853305063847589,-0.75196637928028931,-0.02967803310322592,0.7494612104487105,0.65174796121530731,0.11632922712906349,-0.068133070160808343,-0.098849175432998843,0.99276720597866241,20.001609693639647,-1.1944345121259645,-1.0163212462546694,,0.4428988146223474,0.7619047619047619,1,5
-0.78392190450866517,-0.62085931241181425,-0.0004022723427600003,0.61962180180135629,-0.78239993630403781,0.062603214005988991,-0.039182526257880254,0.048826774038102573,0.9980384139766787,-10.28615928140999,7.9169537968810548,-2.6604406557241722,,0.09310254353423601,0.4736842105263158,0,5
0.61992551614240721,0.77311145240494838,0.13413066985548544,-0.78295727913429769,0.59821757557108368,0.17062717054581913,0.051674495509751076,-0.21079472108704714,0.9761635785439069,-14.248152150928831,13.138214385252544,-3.5671556193021132,,0.09937196862835537,0.25,0,1
0.090290098948772574,0.9838024939758605,0.1548559035965304,-0.99242374044440917,0.075870011802960491,0.096637780972798029,0.08332357069970478,-0.16240810988339119,0.98319926180299566,-1.139420902133204,-15.904955131435296,-0.10286899667205351,,0.4330113504902117,0.828125,0,3
0.52541681822561148,-0.85038942108086435,-0.027838815338088921,0.84764738772163462,0.52032802443381676,0.10369500025310419,-0.073695815446771659,-0.078080596197486002,0.99421946635694158,-1.1654582116163756,14.556586854664292,-2.9371627856319882,,0.08021798428814533,0.2666666666666667,0,4
-0.95135876942853392,-0.30803632703058037,-0.0054875368733356784,0.30791880293028606,-0.95127942250325193,0.015920776484204431,-0.010124358419501222,0.013456654539286125,0.99985819785367813,-4.6845732259412634,7.0658634470493,-2.3385569130663635,,0.1468822322966414,0.1589403973509934,1,4
0.0011349219138704304,-0.98102723455869412,-0.19386664748319127,0.99832587387585991,-0.010099548812715619,0.056951283249645997,-0.057828725580383065,-0.19360672552342317,0.9793734090375581,2.9061663461483134,15.274167565196272,-2.8453744835897261,0.6299120986969488,0.2790050092654193,0.3428571428571429,1,5
0.70386966141613683,0.70529914145171635,0.084383770983554457,-0.70748138956355533,0.6854567662915616,0.17210201906525133,0.063541979502953691,-0.18083733744054989,0.98145823865728421,10.301160421790666,9.2010896303368934,-2.0361149353199965,,0.222969609784497,0.3571428571428572,0,5
0.63641784467379847,0.76752334765291497,0.07668270853602982,-0.76914349986334463,0.62395331757845984,0.13820468190622479,0.058228889726013942,-0.14693593260499008,0.98743061939094201,4.9856687357295932,13.198367329177406,-2.6114300840971763,,0.138569206258038,0.2272727272727273,0,4
-0.99876274358361494,0.031673266031799541,0.03833779138408204,-0.032219860593555749,-0.99938657387218655,-0.013724304985845839,0.037879580418246135,-0.014942562795301643,0.99917058463730124,-7.1051258213319519,11.905329816545075,-3.0122820929489906,,0.1009271649249806,0.3214285714285715,0,5
0.99263540677706641,-0.12082116517678611,0.0087860831917470714,0.11894301323440455,0.98581554115835934,0.11840725659085127,-0.022967560063027838,-0.11649019210206155,0.99292624415350039,4.7938271229397014,-13.061735452979285,-0.15229326004128707,0.1744188586036489,0.1529332374638493,0.3809523809523809,1,5
-0.90023391641487793,-0.43394732091748678,-0.03561766984050533,0.43501172055723919,-0.89988619191565089,-0.031139116515719573,-0.018539113089947285,-0.043526592654203333,0.99888024157941668,10.102692433802385,11.448849793295668,-2.3054246661718611,,0.2232396339499884,0.6956521739130435,0,9
0.7185970468675108,0.69504344023037823,0.023084636146423896,-0.68346911205590677,0.69972259494638589,0.20798620864616535,0.12840660847013521,-0.16523591109143448,0.97785931328948372,-15.190151952763614,-1.3533789687704176,-1.9483265645681038,,0.2864689265798622,0.5714285714285714,0,2
0.37365201538094939,0.91414414435277669,0.15724075409156776,-0.9251763381060506,0.35512628878828678,0.13391811834153555,0.06658013825784681,-0.19551419988580979,0.97843818549389105,10.303419874044199,-8.151365935148295,-0.37177748222477974,,0.9049961845008047,0.5581395348837209,0,1
-0.97082232707465377,0.23663517117340077,0.038830465064038526,-0.23550412692793679,-0.97136080395208602,0.031559384427891003,0.045186452098658993,0.02149382025821658,0.99874731550950513,-13.269451643012944,9.6868665256484316,-3.015800959193935,,0.06691764103572782,0.14,0,3
0.82820356797070294,-0.54956649452173068,-0.10979762337908035,0.56020178296787559,0.80626789560640788,0.19001590163464879,-0.015900074220303911,-0.21888067208758227,0.97562207797193568,1.8323054344755512,-8.6722722162721979,-0.52153336785451176,,0.5470762326547268,0.3988095238095238,0,3
-0.99666445219007427,0.076353304927387844,0.028812194767567779,-0.07873028390049093,-0.99253212539406732,-0.093174687859326297,0.021482833556284567,-0.095132291507143474,0.99523280441060247,-17.776023977671873,-11.462650612117615,-1.1188783561299991,,0.1888041505142847,0.1333333333333333,0,1
-0.79813913957854754,-0.59546120628710719,-0.091650781120071897,0.60237100342877559,-0.79151749321426834,-0.10319511695817259,-0.011094507696436377,-0.13757183484603222,0.99042965532947858,-8.5839959419030958,-10.335577057628601,-0.77701025879580654,,0.4554514616637115,0.3611111111111111,0,5
0.97644313945561245,-0.21545619691940288,-0.011722739402340554,0.21343626087803083,0.95645674509113909,0.19908655733642386,-0.031682139329168212,-0.19689876073427059,0.97991179198376632,-4.8163691048192838,6.0803199140182898,-2.2299736148971281,,0.07666535418772773,0.3367875647668394,0,5
0.1936347437752956,0.9751175876577387,0.10794107764714726,-0.97721253297381894,0.18195003546508665,0.10931536942784521,0.086955456424356828,-0.12664862744935498,0.98812897627952689,17.13365330688924,5.7272108395991532,-1.6382967107439814,0.7804572185801525,0.5750962906597161,0.2857142857142857,1,3
-0.85994369817047178,0.48898166169516094,0.14626609485021796,-0.50728319313677595,-0.85042825668389399,-0.13941141343000113,0.056219195457158845,-0.19408429807543268,0.97937259881146232,13.714638238948709,-5.0425511359841551,-0.58107581434980471,,0.3180638220395687,0.4324324324324325,0,2
-0.97723071595838729,-0.21088405934228915,-0.023410281988383526,0.21210326072857427,-0.96795873146408917,-0.13441763638279527,0.0056863499509073011,-0.13632244018410472,0.99064820078900195,-14.956145118744397,9.0320476815538004,-3.0741155437004326,0.5346927831407102,0.2659430618177183,0.28125,1,3
0.90354899589288196,-0.42837997791411914,-0.0094766314302237795,0.42583075016369054,0.89527497412791579,0.13096141765912953,-0.04761705824590623,-0.12236549849757176,0.99134217127157842,-3.2000315309955081,10.535855083746593,-2.597985908431887,0.3977301168329092,0.3497019263628786,0.8705035971223022,1,5
0.42855950777612395,-0.90351280767343123,0.0011639006661251197,0.90061667773528742,0.42728816269752079,0.079463361391469825,-0.072293485735166432,-0.03300655069302505,0.9968371078223407,-10.547475605707303,-7.5414906276404352,-1.0853822279568073,,0.0864644006641944,0.35,0,3
-0.24887700835529858,0.95784931415932617,0.14347447883378156,-0.96726486683931823,-0.25339266347080713,0.0138143214631079,0.049587418670792215,-0.13533975566580161,0.98955759733624815,16.50189095187859,-6.2857186660097613,-0.54053299196664917,,0.532023449770893,0.3773584905660378,0,3
-0.97310804648440352,0.22859105585183809,0.028405264509399574,-0.22800337037258944,-0.97340062517772685,0.022487463226195974,0.032790135194093774,0.015406235365965427,0.99934351198464322,-4.0978436141171191,21.898247286571728,-3.7641171502270026,,0.06327254835460072,0.15,0,1
0.89911740909185689,0.43664575277598677,0.030469185263787946,-0.43723405897136924,0.892729213838799,0.1089078896783033,0.020353435664976716,-0.11124314514365442,0.9935847725862047,-16.715734308330148,-7.3962387539405432,-1.4070976575545435,,0.07680034693728684,0.5333333333333333,0,1
0.65090810869585525,-0.75174608555994837,-0.10581331144652346,0.75654981526113074,0.6308004306569287,0.17240415804551185,-0.062857068515269524,-0.19227230567174131,0.97932647743708978,3.7825504013618896,6.3534652105593388,-1.9463939442281162,,0.1086973389241541,0.2,0,5
-0.32047847364884807,-0.94313948206344944,-0.08821261418183407,0.94488173778106455,-0.32487510314386631,0.040677622412058731,-0.067022753864195095,-0.070314185840061216,0.99527074996410325,11.429797882966488,-5.7801178214697613,-0.49374332732561488,,0.1189405697864177,0.5294117647058824,0,5
-0.76346962703029486,-0.64463208932863159,-0.039542357163252724,0.64437363599209263,-0.76443141539215054,0.020669504103485139,-0.043551645669863567,-0.0096995138721941918,0.99900409087755515,10.48669296009861,6.8051096961488202,-1.7604219257007747,0.6103257398879717,0.2732842401392864,0.4,1,5
0.77531181228565615,-0.62870821094960649,-0.060146315056512273,0.62861947539732688,0.75896414757356512,0.16973796820134862,-0.061066757581534167,-0.16940899675777965,0.98365209446023227,-11.317279716010926,14.628685681030785,-3.5161691729261753,,0.1327517328795713,0.1935483870967742,0,1
-0.81225862181158937,-0.58128063090380044,-0.04846400137027123,0.58309735485993708,-0.81134861117006873,-0.04136309838183598,-0.015277632279984275,-0.061856764290420752,0.99796810302906835,7.6595217992334828,3.3733677202951817,-1.3955670400923217,,0.5748874536529341,0.7313432835820896,0,3
0.55098399947348509,-0.83223658269762024,-0.061635239465658902,0.83109904205287433,0.54055282679094108,0.13067908687742069,-0.075438813769811541,-0.12322707441187293,0.98950698507332091,-23.548313605618681,22.343519687246538,-5.3212254612596963,,0.5136980131342221,0.9354838709677419,0,2
0.71534828798105388,-0.69811664408910423,-0.030165843736628083,0.6931582104864652,0.70348451360387776,0.15697526669739176,-0.088365842483262846,-0.13320169054964398,0.98714172615533813,-4.4810248343640255,25.379319422191372,-4.2298721110409501,,0.3154891015634025,0.6666666666666666,0,4
0.26157562533193823,-0.96354278024794215,-0.056245025240210154,0.96189823999216961,0.25543883512824628,0.097482190210785427,-0.079561096851240812,-0.079600955649986427,0.99364667751038993,5.5667533407039178,15.750296603779883,-2.8138582736486146,,0.08753188777478346,0.35,0,5
0.75226235861287472,-0.65554200418313291,-0.06607590003743162,0.65549332749780431,0.73451024223340367,0.17556537716783308,-0.066557053871484917,-0.17538353630198139,0.98224781688439533,-19.978273827401519,14.928612966227766,-4.336537023299778,,0.114795738351918,0.5357142857142857,0,4
-0.76911388864496999,-0.63709800172205588,-0.050694797515885424,0.63755167458001261,-0.77035789309535452,0.0087509305738668365,-0.044628337787052108,-0.025590090805818547,0.99867585267639036,-4.3146085759610946,-20.209214735891418,0.14430437101696214,0.4877787785162296,0.4584331865662611,0.5600000000000001,1,5
0.30664740194810575,-0.95174983444346029,-0.011816239474638238,0.94853181431781619,0.30453197082468925,0.086877361680599466,-0.07908709190144711,-0.037848796314754164,0.99614893490486434,6.147694881353341,11.933879654693168,-2.4414001988607965,,0.1019123992650986,0.3658536585365854,0,5
-0.9354715790106668,0.35244542440910925,0.025983603991211704,-0.35116482688679213,-0.93529369585880417,0.043691725124417304,0.03970124961331338,0.031747839294369855,0.99870710695342491,3.0050207667759774,2.4606527356767236,-1.4884394043744062,,0.07203486534994949,0.40625,0,5
-0.7014513385569201,0.69896232324424223,0.13934737285545384,-0.70845507590920598,-0.70515030520507016,-0.029231019271957221,0.077829461357423538,-0.11922549120975651,0.98981203124159178,0.18956598746364214,19.096134253056803,-3.2561020640659759,,0.3550193011962752,0.2,0,3
-0.3979337960809976,-0.91471093006047233,-0.070374770795183811,0.91530466504000163,-0.40104797669855036,0.037119948033514524,-0.062177681627565116,-0.049643074178646787,0.99682972522568569,-11.109027301335002,-10.735933681808744,-0.83796528276816462,0.1860307314688555,0.1562451024223577,0.456140350877193,1,5
0.0048412990154172181,0.99437689458282219,0.10578824766327266,-0.99752344458158138,-0.0026208509334931436,0.07028590648544368,0.07016793665157503,-0.10586653229518289,0.99190157677354918,5.1572100850572511,6.3717495358735938,-1.9026309285900067,0.9320235399874288,0.678683251506277,0.6910569105691057,1,6
0.9492908524556477,0.30127127923316022,0.089902690467224822,-0.31332975031187071,0.88299240791138012,0.34949803309942085,0.025910326387969498,-0.35994447332898233,0.9326138703163227,-13.460164504394099,-12.560856513351856,-0.81811596409550791,,0.5796841825452506,0.1363636363636364,0,2
-0.018792840158468445,-0.99978623051534654,-0.0086210458005407803,0.99667863608222529,-0.019416382682009962,0.079086664241342489,-0.079237147450266998,-0.0071061491303313594,0.9968304655800222,-1.2774716275046329,-8.3377978368666863,-0.68907293693836535,0.61204970630873,0.4924575123034002,0.9485458612975392,1,3
0.22961241472110536,-0.96701413439544748,-0.11028056440446034,0.97107482049880245,0.21998949539839774,0.092834879800516759,-0.065512075216414403,-0.12840672020490823,0.98955539622956779,-7.4968691221380777,21.784933964447792,-4.0099456529560822,,0.1368323931795142,0.125,0,3
-0.97359991757023301,0.22770089476393174,0.015984462172405855,-0.22778422691726169,-0.97370506031168869,-0.0035779171478427848,0.014749456767677327,-0.0071244681988425458,0.99986583873934942,6.7041072486958431,10.385433329296703,-2.2697200662903203,,0.1369826967058369,0.3333333333333333,0,3
0.49075209406070286,-0.87082440500861935,-0.028761742235484972,0.86803008356225586,0.48578744844604471,0.10263687915747298,-0.075406605850808828,-0.075335320890449212,0.9943029886409851,-17.530121110062343,-7.4838447170331959,-1.4198374151729376,,0.08261710182063532,0.45,0,1
0.61086656703212139,-0.78493992736620954,-0.10349564101313725,0.78937510908996844,0.59373855409360587,0.15608160215744349,-0.0610653292105343,-0.17704191540187231,0.98230707304755016,12.617033306078527,1.845800167565484,-1.2570302277646852,0.5752881958977674,0.2442951775563202,0.2727272727272727,1,5
-0.20041799373542979,-0.97968420481146534,-0.0071754184541853588,0.97706539179007834,-0.2004093573878023,0.071967420667336746,-0.071943366290203856,0.0074127130212649668,0.99738117273813554,-6.7127645057839969,-5.9448811371492454,-1.0838328964203356,0.6250086529613817,0.5593373077494939,0.9991638795986622,1,5
-0.96978957100746122,-0.24393751862553975,0.0016355341568732636,0.24388829760217642,-0.96940832522013787,0.027676655986565872,-0.0051658743573607235,0.027239419977322824,0.99961558998518119,0.31460894397498596,12.420196873341666,-2.6577230327267158,,0.07712550371846205,0.2619047619047619,0,5
0.46331341851957564,-0.88581995806640135,-0.025761950837323588,0.88279741047900484,0.45879938053303648,0.10085564175625769,-0.077520373265801551,-0.069470355647154022,0.99456747454106387,10.403435357761754,4.0703003281236683,-1.4620764692101376,,0.07644732276662673,0.4074074074074074,0,5
0.92673866437514829,-0.36863435960672353,-0.072554509642805048,0.373084830141792,0.88017436205374211,0.2934293814555029,-0.044307532883668295,-0.29900133996460543,0.95322350014523549,-10.967591979799584,-9.0370602222388463,-0.9986167719652449,,0.08936534832565871,0.2307692307692308,0,2
0.98949375505492987,-0.14452245161929558,0.0039204190135531539,0.14266540869700134,0.98045445241449247,0.13548301702395704,-0.023424130050249656,-0.13350029108037423,0.99077191240610119,-15.533721369944436,-11.813040219091702,-0.97317588003953703,0.1805526132923715,0.1771769994863626,0.7083333333333334,1,4
0.99998598201963507,0.00082251521020602458,-0.0052306054099039477,0.00016811356373477648,0.9824307126498012,0.18662761473113368,0.0052922114522026675,-0.18662587792461083,0.98241680267939868,8.451004303070313,8.011961041802854,-1.9266141334355444,,0.1238008432761445,0.2333333333333333,0,5
-0.90968077347821263,-0.40767807533917477,-0.07924315271256277,0.41490083011373341,-0.90054103130726759,-0.12993518423805564,-0.01838998463879896,-0.15107758874098015,0.98835083378585553,-15.815330151858623,15.665863321428908,-4.0331113572758488,,0.531800855573024,0.4324324324324325,0,2
0.01628797384948083,0.96758890241930728,0.25200479722195357,-0.99685047936745574,-0.0038495180554012766,0.079210498013923075,0.077613295850332248,-0.2525012814338583,0.9644787603578977,-10.505282941810792,-14.382138261481227,-0.51503754058106277,0.7448985786324099,0.3620368891280155,0.3333333333333333,1,3
0.50674649056178689,0.85757809318405265,0.088135171152703418,-0.85684597267880314,0.48975747549007664,0.16109808908147069,0.094989333124448433,-0.15715415773179642,0.98299521733332018,-3.4295704540379153,-17.63916817702993,-0.0035387330064759357,,0.1811488130780007,0.3333333333333333,0,4
0.97715025035697811,0.20893436391048845,0.039036134601373132,-0.21253224728192746,0.95809479158376931,0.19205315463524328,0.002726186455578677,-0.19596122554570483,0.98060785535811235,-0.32250710343111749,9.8019157506385373,-2.3860465429162216,,0.1064708099878118,0.25,0,5
0.41630105583937765,0.90663837970260763,0.068558583395888398,-0.90693627209190875,0.40872121127554095,0.10204690008759379,0.06449828890018719,-0.10466049829656997,0.99241430402088759,-16.707885565902984,9.4719820310591238,-3.3375390234141076,,0.3518823643991786,0.4642857142857143,0,1
0.38152938786112317,-0.92430678189737336,-0.0096072439772591292,0.92117457447022,0.37933375367382022,0.086852211677877961,-0.076633736356294904,-0.041986620038428707,0.99617488132848597,9.7083666568547233,2.6595552794226691,-1.2924355250914272,,0.08866121739511276,0.4,1,5
-0.96561541361543057,0.25834822797728901,0.029035600377729114,-0.25734305822675996,-0.96571170318938393,0.03428493409001767,0.036897471062377341,0.02563395061345532,0.99899022878361898,-6.6990925951266744,-12.12542280563664,-0.54846052909455034,0.3416008675036028,0.3142395490517024,0.7679558011049724,1,5
0.82276005481104808,-0.55570835132592367,-0.11939062138184948,0.56553715137757143,0.77935407520660693,0.26976833741303879,-0.056864950708341841,-0.28947444399372652,0.95549511963979161,-13.34461640626068,13.158008368387673,-3.4669385320672488,,0.4274827061585389,0.1739130434782609,0,1
-0.99764117651874917,0.064831907944276762,0.022558958898643781,-0.064137396229289795,-0.99748227755019747,0.030257236790528094,0.024463796091632191,0.028738992424506248,0.9992875426999035,9.7791611434915495,12.929417640750749,-2.4642483811712079,,0.08621177743215039,0.3,0,5
0.5318719349544544,0.84174316890187084,0.092631972962055123,-0.8383626933756374,0.50797187755548034,0.19776897119798295,0.11941624329944925,-0.18284695573019052,0.97586205562899608,6.0936693546163516,13.403605422771589,-2.6191314061712117,,0.1777832245951617,0.2173913043478261,0,4
-0.96448976584538515,-0.26041831913088692,-0.044065753602513483,0.26212941994970396,-0.9642495430449084,-0.03887140252828792,-0.032367557466476307,-0.049042000354063621,0.99827211892595991,-15.621029328757281,18.375962571349856,-4.3681812519379939,,0.1639360932504264,0.2,0,2
-0.65496323759333297,-0.7553632999945985,-0.02120005713504361,0.75393923000228313,-0.65510655697750875,0.049102306143782116,-0.050978376443577202,0.016176650652831352,0.99856873629652165,6.9437131404950874,1.5026537894313392,-1.2069630796848634,,0.08477638349425035,0.32,0,2
-0.1139137514834232,-0.98824065348724255,-0.1020003334214212,0.99060322495182829,-0.12080432338959904,0.064121495346089796,-0.075689549727887218,-0.093737539147821583,0.99271565204569034,-21.560508587105264,-10.773214902352393,-1.2861274532166223,,0.5717440487167671,0.3720930232558139,0,1
-0.45844544907329715,0.84843888071610163,0.26453588776041742,-0.88573325601594799,-0.46058630565016601,-0.057765510773469718,0.072831101950820987,-0.26079056872659534,0.96264422807799988,14.851929257049704,5.9541360699596444,-1.66256377523639,,0.3452482594096991,0.3809523809523809,0,2
-0.068677394804110475,-0.99672504115538862,-0.042692010689473037,0.99461398312147897,-0.071736330571118598,0.074812588883277326,-0.077630148925191489,-0.037324137096267057,0.99628332755691151,1.1182529579043781,-4.4870267601762048,-0.87472701596093638,,0.06949488424793641,0.22,0,5
0.96959562210351102,-0.2442795338401712,-0.014554688060381418,0.24188832845800134,0.94769776262146821,0.20822820961161415,-0.037072444665821672,-0.20541776960402655,0.97797196983216628,-7.2490952982066705,6.0811318972893966,-2.3890634497628729,,0.07570372163737243,0.4527027027027027,0,5
-0.9975653146441763,-0.069311910600918708,0.0077007835780045011,0.069177922556543509,-0.99746816582706588,-0.016482511712403228,0.0088237208492720296,-0.01590965777252595,0.99983449867462315,-17.523209681079241,-8.9532380205700299,-1.2896978616879191,0.8891920393062035,0.603916105732739,0.8111111111111111,1,3
-0.25570040564235158,-0.964217806359013,-0.070009459750450559,0.96410943897793511,-0.25968570429444299,0.055284036201695239,-0.07148630797564004,-0.053360630480835308,0.99601322826893213,-0.99714517534584357,1.3505680271871945,-1.4871958728668802,0.440018823931657,0.3460038644487627,0.8910355486862442,1,5
0.73179827147998922,0.6753420938511171,0.091566075222702867,-0.68075652844822754,0.71798625253656623,0.14514230997064992,0.032277528313336808,-0.16854909504737078,0.98516463787769748,-13.864214620638503,16.263659506005794,-3.9516343803335223,,0.120812013574914,0.2380952380952381,0,5
