axis_00,axis_01,axis_02,axis_10,axis_11,axis_12,axis_20,axis_21,axis_22,location_x,location_y,location_z,dbh,dbh_approximation,score,reconstructed,number_clusters
0.80285920757977269,0.56304895601836891,0.19594123080914694,-0.59590657342764886,0.76766846149798174,0.23575514621538823,-0.01767621424674649,-0.30604085731801511,0.95185426673517448,-26.091874926359719,-5.7416439632723693,0.87596400742221436,,0.3467143952157856,0.2857142857142857,0,2
0.87429043901285675,-0.48490592992810738,0.021965139909958055,0.48318337371199166,0.87372342745154985,0.056046406580748553,-0.046368692228748051,-0.038387647008826263,0.99818652211804682,-10.900376348598952,2.2827054640044473,-0.14525204011343737,,0.07483708241761586,0.25,0,5
0.91397122857635194,0.39998761284935375,0.068311806459122923,-0.40497721352466692,0.90972431495809014,0.091624927284166408,-0.025496075392685912,-0.1114072723887805,0.99344771870414095,5.6310511241989962,-14.969263448143678,-1.9205231540966849,0.2206387310277206,0.1572057668332461,0.2222222222222222,1,5
-0.9822126803553759,0.18009906565966374,0.053127931426178644,-0.18252988170370157,-0.98216535113227432,-0.045100613304582107,0.044057835107291096,-0.053995829317947656,0.99756872323761558,-3.3445246014339265,9.7456662729118122,-0.63821719836977375,0.1318787079146949,0.1533921066349214,0.5,1,5
0.90883556990172121,0.41436971684959967,0.048121145449753641,-0.41674776548570458,0.9069811227961363,0.060881383477480226,-0.018417568897278368,-0.075385546687958396,0.99698435920854434,11.145251394618125,-8.1655561254560354,-2.0217422988846816,0.764540384428553,0.5149776824953811,0.8481012658227848,1,5
-0.99417732337544285,0.098789207200475515,0.043036522010294835,-0.10021444886622984,-0.99444080887028719,-0.032319373320775446,0.039604468491305889,-0.036444069395601297,0.99855060757149972,-15.497326292866308,-5.7805517340711603,0.088854970159949975,0.8917413989720731,0.4933572834044319,0.6678966789667896,1,4
0.63150070901122124,-0.77085865658761565,-0.083569049786755695,0.77533734683848765,0.62672505508517551,0.077895467942225849,-0.0076715784411876342,-0.11398524857375318,0.99345282222750797,-14.882918089667587,-6.3455542266212115,0.056161246737824425,0.6290888171673368,0.2954758425112167,0.1707317073170732,1,3
-0.28109951593286769,0.91077591584210793,0.30244056153941606,-0.95853436217460553,-0.2818424082247824,-0.042151316190334631,0.046850172601922285,-0.30174838532794995,0.95223577609704713,-21.836279371521147,-9.5477731390154759,0.57173499286697704,,0.3014409347547677,0.1666666666666667,0,3
-0.9943674997282026,0.097228208023157639,0.042189466089152243,-0.099502505083305048,-0.99347999684274158,-0.055648426352343155,0.036503793863500937,-0.059532944139786312,0.99755867075356508,1.7835109927185018,13.915386252331807,-0.95430181513061807,0.5509361351470043,0.4557520236123048,0.5742574257425742,1,5
0.93682461557040375,-0.34964076683058387,0.010534411776996206,0.34750490499931119,0.9337010768586459,0.086270737068981238,-0.039999758284092031,-0.077159790325835031,0.9962160338471211,-17.994688338019717,0.16713422908084935,0.37665607533837914,,0.09361620281477832,0.12,0,2
0.7776839223981159,-0.62576551628518051,-0.06020992834926861,0.62634604473501387,0.76306311658931769,0.1594531666220608,-0.053836317558748355,-0.16171641453278743,0.98536767360329769,12.461317837705455,-3.3935468516813598,-2.0153881287426807,0.4054497596758128,0.4140613745714601,0.1904761904761905,1,4
0.99822504851451044,0.028736821390367959,0.052162703290586254,-0.044067956970761102,0.94558042961024769,0.32239054934430594,-0.040059551752694482,-0.32411702552392757,0.94516844323056803,-26.467300658598433,-2.9698479805975513,0.88214623251112811,,0.2810289381121965,0.1666666666666667,0,1
-0.40959591376798526,-0.91226159475424085,-0.0031575561783476007,0.91226363804340549,-0.4096014034363995,0.0013209870337657706,-0.0024984251801532871,-0.0023394527954148665,0.99999414239896345,5.430780217652579,-17.48599158600916,-1.8345798011857735,0.2146754371900423,0.1466666075896109,0.2857142857142857,1,5
-0.97112540999194363,0.23357920822076228,0.04854061757889544,-0.23409953819778295,-0.97219847894357669,-0.0052463087385092649,0.045965685935961335,-0.016458159883683741,0.99880743123470972,-6.1341578168725635,-0.79646473411438501,-0.59626647721937431,0.2359263472058757,0.2145873930857328,0.7989949748743719,1,5
0.80247084049510875,0.59119092314671073,0.08083218754935656,-0.59634763564348592,0.79921283486134498,0.075022277060332695,-0.02024963252749877,-0.10840727365741167,0.99390030455809253,-1.8706480279527402,-7.8682454117246055,-1.1981766665809348,,0.07839294781155648,0.225,0,4
-0.69278573332146964,-0.7207503989774221,0.023807353488383566,0.7210252062632343,-0.6928924405734157,0.0047663119155544184,0.013060614047373412,0.020467734855199728,0.99970520264256058,-23.352930328122511,1.4627022411640971,0.68296121414917255,,0.08097781810349794,0.4210526315789473,0,1
0.38387141264892621,-0.91581868313164727,-0.11797829536797569,0.92219868838778585,0.37375682604029964,0.09927443842263059,-0.046822192246467775,-0.14690804816379799,0.98804134918430331,29.384262385458292,6.7990839077799858,-2.6453490740232648,,0.2348289684223286,0.5294117647058824,0,3
0.61749259210939378,0.77951820280577644,0.10513928944250979,-0.78645602112339863,0.61419883939915798,0.065166805349665083,-0.013777718562076852,-0.12292744679355053,0.99232001758305988,-21.004241387462642,0.97049199619349713,0.54050103806506467,,0.6414518768562222,0.6463414634146342,0,3
-0.6966695327620761,-0.71251752206343955,-0.083488579300688537,0.71731123972740851,-0.69360589755392565,-0.066147140823639303,-0.010777174110115251,-0.10596999401240896,0.99431092364874052,-0.13181677811935927,-29.721370573047739,-1.0973957038139415,,0.2541384135824103,0.1428571428571428,0,4
0.72050821144565635,-0.67524956712598505,-0.15781615676334562,0.68972196811276609,0.72138856849668032,0.062306821014752517,0.071774117493949685,-0.15374184641301145,0.98550084765031276,-23.23448011391589,-4.7007278501161531,0.68387092943665062,,0.4710998312160615,0.9399999999999999,0,2
0.8354955437026188,0.54537012203839019,0.067220729249971009,-0.54898542200811429,0.8337266688664251,0.059286153893367097,-0.023710817692337766,-0.086436517796164361,0.99597516310178913,-17.335035237353793,2.1865035050486474,0.33543941954562412,,0.08161747311068372,0.1764705882352941,0,3
-0.58355517988631878,0.79467158295831475,0.16721371733913409,-0.81012747514538452,-0.58392819716817834,-0.052166412244706646,0.056185639111872882,-0.16590640671911047,0.98453960721097622,4.4201941307154158,-8.0624327680388941,-1.7538247697168086,0.325470211842523,0.1760811179129689,0.4,1,4
0.99119478974726904,0.11914555655858687,0.057768721036669989,-0.12456800479155732,0.98698262089940403,0.10172570090588992,-0.044896558444034458,-0.10802611904020515,0.99313375566687589,-23.317773699529273,-0.18546998236658765,0.68295941028968377,0.2208751346428902,0.2084421354945906,0.7241379310344828,1,5
0.32882665574672038,-0.9416841533230037,-0.071442185372272343,0.94342947531494681,0.32413925671293137,0.069818101983320752,-0.042589383388266719,-0.090358716446874834,0.99499821446306191,-0.30236514819912952,-7.0966077522818969,-1.3255834509794362,0.7067687973990426,0.8788821480012248,0.7534246575342466,1,4
-0.9925333008425069,-0.12121026925346759,0.013627815165321825,0.11471978396824772,-0.96561537744315917,-0.23329447917082013,0.041436914520230426,-0.22998915946802259,0.97231063382143268,2.4868760438822846,2.222516903811969,-1.2559079038941332,,0.1410418916911902,0.1395348837209302,0,5
-0.89783999435553674,-0.44014259222572777,0.012563560182838605,0.43876931394555452,-0.89670393593689401,-0.058339869857854623,0.036943655414679123,-0.046867363741741129,0.99821772000926845,12.736816993758705,5.3100358048787655,-1.8085519939688133,0.3655182637909407,0.1103079097936996,0.3636363636363636,1,5
-0.95908557386793236,0.26413318984640172,0.10192408949794055,-0.27447251460994976,-0.95573865386033796,-0.10596444800460621,0.069424064430932422,-0.12960433456792575,0.98913245611449618,-33.911765684579372,-5.4781232565982938,1.335871805684091,,0.3196383828805258,0.3157894736842105,0,2
0.88154224983023055,-0.46652612706077956,-0.072364594477729957,0.4712224725519702,0.86012743191797425,0.19526951176310059,-0.028855556245973198,-0.20623814785791078,0.97807626657734403,-12.603923891212135,-11.856942176852614,-0.26945528508766514,0.3290503518801927,0.3209970125358858,0.7903225806451613,1,3
0.55538028237948667,0.82704018960407821,0.086932541224400417,-0.83154831847070232,0.55343066085364223,0.047348681878679161,-0.0089518709010604335,-0.098585132787612509,0.99508835567532372,-20.569907646227119,-2.2987960487229722,0.52880718199382892,,0.08238997383194765,0.2962962962962963,0,2
0.68689692498548649,-0.72640153559550047,-0.022658851029580852,0.72537078635237306,0.68333218449116406,0.083032210286568084,-0.044831202883948255,-0.073470638509760308,0.99628922935307584,-19.774508334505807,2.3926015101089457,0.45360417719799073,,0.1346099636256553,0.4814814814814815,0,2
0.55335028099798944,0.80376362784447952,0.2185577659881438,-0.83293398381314399,0.53550996333586653,0.13946346395090423,-0.004944201514143199,-0.25921633768399122,0.96580662927373184,-20.635726333755105,-8.3232368518189226,0.46397333505034816,,0.3312143465368199,0.2666666666666667,0,1
0.79077837256878047,-0.61073429007864388,-0.040904674544685646,0.61041291664534947,0.78187073351374758,0.12678417593371882,-0.045449275791691168,-0.12522692600559043,0.99108656550939167,-11.972903225417115,2.9002898749913593,-0.055004852569101224,,0.077639906941448,0.34,0,5
-0.098887814704598453,-0.99457789535917007,-0.032187111797638571,0.99502347461453811,-0.099226029488840475,0.0090818521179411964,-0.012226408669818278,-0.031128847309279374,0.99944059843306099,0.28252797274944569,8.8200674441587346,-0.98018292912427785,0.1886524376202384,0.1731538964888597,0.3454545454545455,1,5
-0.8822878088272248,-0.47049846949372792,0.014121352587949526,0.47024365084975689,-0.882351902187827,-0.018056288129468096,0.020955458247094771,-0.0092903664934074082,0.99973724440978573,-11.565413760320421,12.465029205483225,-0.05845286749482749,0.2701113702476428,0.1031573154349123,0.2777777777777778,1,5
-0.39888940750909974,0.90252430400085337,0.16228715680797456,-0.91631841710220718,-0.39911898378232946,-0.032628136077128028,0.035324199302267212,-0.16172172851023267,0.9862039766049,-18.8577440900143,3.4578101267197865,0.40989821828862899,0.1046909673685901,0.1053147913830449,0.3333333333333333,1,5
-0.75415014448803686,0.65012541231742704,0.092706568417617097,-0.65539484152535343,-0.75401427967677859,-0.043818577629435612,0.041414505558215527,-0.093805193366922585,0.99472881954167014,-14.037934981605027,-8.6066648155582275,-0.0074307066799620116,,0.109356590083184,0.4230769230769231,0,2
-0.94141732873004424,0.32565304874713891,0.087655604546897165,-0.33636517694574308,-0.9254433848931205,-0.17439325989218499,0.024328602611891098,-0.19366112980992825,0.98076678466172362,4.8540410985626385,-9.6048970640836924,-1.8249864654321455,0.7390973592072313,0.4198375983499686,0.1041666666666667,1,3
0.93998992734261011,-0.34120209594001993,-0.00025733357950189926,0.33853869228766892,0.93255783768362288,0.12540906346432773,-0.042549856857439922,-0.11797037382742454,0.99210508545235687,0.54324908713016606,13.716552705010084,-0.84045027085521307,0.4406190133412458,0.1877957465440352,0.2631578947368421,1,5
-0.89931477758846856,0.43369685394575797,0.056035432438371523,-0.4348521964918346,-0.90044890155282964,-0.0097643688239107372,0.046222267547473307,-0.033148372054362711,0.99838103317967519,-20.760044032350336,-13.953125765105906,0.43217266049471365,,0.08904016250086211,0.5,0,1
-0.15568567832472169,0.98183951830717053,0.1084118529263077,-0.98741824700847269,-0.15776174266562323,0.01079064529216048,0.02769792481914193,-0.1053678928395636,0.9940474999310972,5.6229419262724143,5.8979083540402408,-1.3401973854710096,,0.07480305671671475,0.1282051282051282,0,2
-0.65133437650293324,0.72747254222348878,0.21574807136201868,-0.75771013853817026,-0.63873153070837541,-0.13378108100700911,0.040483032766866489,-0.25061071802664681,0.96724112405757801,-18.869948005475024,1.4353406003253748,0.42057685891574093,,0.3780638717512929,0.2244897959183673,0,4
0.50919208666602711,-0.84166266274873647,-0.17979816743060692,0.85988698426715326,0.48870209709581119,0.14752841957432344,-0.036301420972716485,-0.22972640777425621,0.97257800941955219,24.710936808504229,3.9547234573812506,-2.463655445215124,,0.1598353373535305,0.2,0,5
0.9806256164639251,0.1828242323511248,0.07034699993581843,-0.19294105873119829,0.96351915302213442,0.1854847422706089,-0.03386957617733756,-0.19546391437994842,0.98012586435867377,-4.9714718826773803,-12.145544731860603,-0.88866669712736635,0.442023552237298,0.4146889534046203,0.5532646048109966,1,4
-0.76794401616657115,-0.64036437167859539,-0.013980683768583324,0.63722935877966036,-0.76161167405429564,-0.11784057982494225,0.064813056888425966,-0.099403870291319044,0.99293410568269158,18.698207367333534,-20.453520538038394,-2.2787603877011713,,0.2264840258431219,0.4615384615384616,0,3
-0.55485126728685707,-0.81707486488070202,-0.15661652649178526,0.83078230157628385,-0.55413503654749452,-0.052298457511861879,-0.044054949526493414,-0.15913210377133277,0.98627386408214668,20.17167041366994,1.9699594483972585,-2.2537444263552113,0.6460420028224624,0.4579594624274418,0.4,1,4
-0.5003788230925641,0.85365199622635035,0.14456591140122702,-0.86492690314904352,-0.50037792173291973,-0.039030598909690906,0.039019041627203765,-0.14456903119621134,0.98872509304127798,-18.939344646891289,-16.487225568268599,0.32502533704220221,,0.09911565920456228,0.375,0,1
-0.35219750084791374,0.91270753722430631,0.20717594428510983,-0.93441826298603292,-0.35546558461884803,-0.02251061859983346,0.053098306890618771,-0.20151716960478525,0.97804468208759665,-20.646036821513359,3.5171097900374022,0.50089884726489842,,0.2831984624411462,0.2857142857142857,0,2
-0.24198112097753763,-0.95737521956846183,-0.15772706187175187,0.97023573840948973,-0.24032079001073378,-0.029808217014957554,-0.0093674438054519409,-0.1602454581099195,0.98703274725395806,8.6206573990096604,-2.9416072835252365,-1.8228566409847979,,0.08104328408554129,0.375,0,4
-0.21535919852539032,0.9581729504855051,0.18848080159104635,-0.97596669453041485,-0.21777006830187667,-0.0080751792037046331,0.033308058752761771,-0.18569004903251529,0.98204367464610509,5.9029628577924234,-5.4591865627110758,-1.7091910463920179,0.4442068174045992,0.4248620266547348,0.2549019607843137,1,5
-0.7366893504993135,-0.6760648462428035,0.015004150612228566,0.6760461485745779,-0.73682552204940233,-0.0070537262568045296,0.015824217465008551,0.0049470932193047311,0.99986255075900332,-22.095305086080344,-13.371932678975845,0.5782147412077534,,0.07381481519146949,0.2857142857142857,0,1
-0.89389245379879678,-0.44751655439009519,0.026176603835920454,0.44625760424769012,-0.89388083253449269,-0.042792614766500835,0.042549167943425337,-0.026570486902935311,0.99874099622127421,-1.6635403278085275,15.166707652224714,-0.68686204752511193,0.2585433505400755,0.1209209223769722,0.25,1,4
0.9757289013782845,-0.21780303536062118,0.022692483399267865,0.21409763996963616,0.97059420899604842,0.11004127417822385,-0.045992516506035815,-0.10251204441935155,0.9936679370767717,16.975401118234299,-4.6940261384707211,-2.2341709438898505,,0.09718168817508893,0.2142857142857143,0,4
0.99907221536482493,-0.018474874263107503,0.038902281513865961,0.015042967070208911,0.99611794203827764,0.086733815153906407,-0.040353656931513902,-0.086068139113087416,0.99547167604199815,-1.5813446916455189,8.2970995738790929,-0.84345951988484913,,0.07549381575524813,0.2727272727272727,0,5
-0.64289201388197426,0.72506896086300765,0.24691063257749307,-0.76355758492008607,-0.63216166786713046,-0.13172486549795259,0.06057782595789632,-0.27321535036027217,0.96004359241116188,1.6250100184695679,1.5969008185774778,-1.2320530495370201,,0.199487538610788,0.148936170212766,0,4
-0.84475285175696646,0.52560969424296899,0.10063333824476973,-0.53316903476694377,-0.84279321835305654,-0.07369105416387875,0.046080362565402835,-0.1159053079712528,0.99219078798884808,-5.3642713197540042,-9.9917460918093308,-0.85293704517150903,,0.1230165093762965,0.3214285714285715,0,1
-0.99521406849170913,-0.091261808582567688,0.034931936253509786,0.089614784123408592,-0.99490791710126181,-0.046124038805641004,0.0389634231388288,-0.042772874388660495,0.99832476322779728,-24.649980758900433,-4.0553565636540672,0.78260738367325422,,0.1009027413155925,0.1578947368421053,0,1
0.3497835399703858,0.93216476259077741,0.093382710122730569,-0.9368145868654012,0.34745369349327754,0.040673833284904669,0.0054685466071252124,-0.10170932239455656,0.9947991298428277,-10.493829554831231,-3.6910784452693211,-0.18833105483907173,0.690821233217588,0.642191161733185,0.9936026936026936,1,3
-0.62158802717376083,-0.78333364081347767,0.0040904332452297741,0.78329481359305397,-0.62159897514534335,-0.0079968178972681103,0.0088067855915246688,-0.0017667111140936209,0.99995965881598681,-18.374005154048778,-18.936672708702808,0.21005076235092285,,0.112363954764026,0.4444444444444444,0,1
0.29946524035596306,0.94406945636523953,0.13803416742526678,-0.9526623147425114,0.28790693555088193,0.097693963637168313,0.052488892996381029,-0.16075589575484128,0.98559751323350719,-16.250398303872416,1.5039469827319625,0.23093263154948954,,0.2800158199073191,0.3333333333333333,0,4
-0.92892228094822249,-0.37020675084702492,-0.0070963078598241577,0.36999979421846441,-0.92732354198877331,-0.056313415379379485,0.014267033197084042,-0.054936418710043705,0.99838792143288146,2.3442015337772859,-15.778343202316217,-1.7916121135985874,0.2858707548406677,0.2314777432235637,0.4,1,5
0.95515652068776002,0.28097172307049784,0.093439348362711241,-0.29466060459702581,0.93303379311943235,0.20645355166642038,-0.029174459483730319,-0.22472835097503749,0.97398460931468156,2.3157308604331299,8.1714317332147353,-1.1535084162310185,0.3536054113016952,0.2452877143364865,0.3888888888888889,1,5
0.88997419099859565,0.44999630591124878,0.073819130465116942,-0.45551133435429708,0.88484895178885004,0.09773308954976323,-0.021339250951336364,-0.12060537792488313,0.99247114778437429,1.7389815250649459,-12.157721012364966,-1.6667327247129335,,0.1648276814574184,0.3518518518518519,0,5
-0.63155207962955218,-0.75090582423098062,-0.19308654497810154,0.7744778375503969,-0.62267589811025692,-0.11161901744705897,-0.036414967511309813,-0.22003447240961485,0.9748121773411399,4.894398466665006,-2.5736194831867421,-1.6043011569351064,0.8094309607147354,0.4852407910154843,0.3684210526315789,1,2
0.9666987203137275,-0.25526458271350783,-0.018264089243679893,0.25172550110913983,0.93557682139377651,0.24764951718521599,-0.046128692103231499,-0.24400000836642805,0.96867752099552162,2.7478303069428205,10.748874323657059,-1.1021468204161076,,0.1625023720506087,0.3,0,3
0.6422319395120355,0.74891212813298869,0.16330572618842301,-0.76645328515668298,0.63004021552477674,0.12489470963184252,-0.0093540121412493838,-0.20537758192366531,0.97863811048826976,6.1633422503228301,-4.643079455131252,-1.7082456163986441,,0.08410209345952127,0.2307692307692308,0,4
0.77533324863673236,0.62732714332436623,0.072931535064771777,-0.63123748194715601,0.77340819126702121,0.058129261702617258,-0.01993978293331506,-0.091106667865572158,0.99564149176649308,-8.6814672458906053,1.5582332056220134,-0.3808297406464049,,0.08638172663351416,0.3241379310344827,0,5
0.46351337280372262,0.8807989648477671,0.096687831474392,-0.88608984667590718,0.4607000782947529,0.050992366851099612,0.00036993240718387533,-0.10930974971296782,0.99400766685559516,-2.2003634247214667,-4.1374098074818608,-1.0077002910296,0.461746570491833,0.4291845182214459,0.8498151571164511,1,5
0.14899369253827965,-0.9718974099254799,-0.18225340645362995,0.98862404058194331,0.14257418255778587,0.047907294344507675,-0.0205763448464664,-0.18731798378191739,0.98208379835156467,-1.5787111145994144,-10.591339966696102,-1.299408614727013,,0.1842018188569018,0.1914893617021277,0,5
0.19158506106962928,-0.98051101885436087,-0.043512139457055711,0.98106010377392672,0.19002508351781058,0.037570472676587391,-0.028569864508594993,-0.049885965353323479,0.99834620913925876,-2.3110421201275395,8.6261565198644075,-0.77495191806244612,,0.07262158739221164,0.3333333333333333,0,4
-0.67188400529152714,-0.73998946900554385,-0.031424022567298558,0.74062564080913862,-0.67086456455139543,-0.03760845922556378,0.0067486005563775981,-0.048541959068021195,0.99879834531319234,3.3806507862281987,6.5210225270155275,-1.2581203245588222,,0.1257591706395887,0.1428571428571428,0,3
-0.52152555932203937,-0.85217713517156679,-0.042487895506995298,0.85318790274933376,-0.5203225477583997,-0.036535583975072942,0.0090273792446054074,-0.055304399327603497,0.99842873047553349,-19.629821716123367,-6.0526213831536229,0.38452641842182839,,0.1434914779913388,0.2105263157894737,0,2
-0.23093753932622388,-0.97098330217558104,-0.062123102193563186,0.9729108088483297,-0.23114840413675428,-0.0038695337082291876,-0.010602403314170544,-0.061333858196225451,0.99806099356839306,-4.5558855546672641,-16.609686554217344,-1.0270011131911174,,0.322599656065662,0.7692307692307693,1,3
-0.89521069516479557,-0.44383675957450458,0.040084187817235654,0.44352933694205687,-0.89610333080821913,-0.016749560774991921,0.043353644994435746,0.0027841272993538936,0.99905590939690558,-16.830897596539323,0.11310804375935307,0.27917451827913059,,0.1005039465766496,0.1081081081081081,0,3
-0.78497391832565089,0.59839636929282558,0.16042983751671572,-0.61828438980794675,-0.77307999181967635,-0.14167476687083355,0.039247431359140258,-0.21040226107448182,0.97682676440935856,-5.5235283340905257,8.0375880524467576,-0.51692071383526106,0.7041822705069298,0.5015451312106223,0.6470588235294118,1,5
0.98812583892959494,-0.14864045426031605,-0.038901694011592887,0.15358095805730529,0.94811102109075607,0.27838531033164149,-0.0044961941556027523,-0.28105427775348146,0.95968134148507056,6.0184240614278188,-11.099125543110656,-1.866097085199999,,0.2892658334836249,0.1764705882352941,0,5
-0.10324692156915795,0.97058362555981692,0.21750287120323678,-0.99434677656692927,-0.10616696615603356,0.0017502080388762627,0.02479034322973063,-0.21609257528287104,0.97605811189199576,-9.493680121770792,0.98440468306402418,-0.30944870127430002,,0.07936405480185509,0.2523364485981308,1,5
0.2414138577670879,-0.9699482127083402,-0.030328434544338496,0.96996411072689936,0.24022178790214987,0.038250706122516173,-0.029815653267852189,-0.03865174356989004,0.9988078241279551,-17.578113890106021,-3.8448065398300253,0.26382495845930981,,0.06762333491806265,0.2051282051282051,0,2
-0.51625044724043745,0.85339630892288398,0.072112520694024448,-0.85562228033131371,-0.51760072592242279,4.387737450957312e-05,0.037362937848774494,-0.061678427682445934,0.99739650211635011,0.69044862857928135,8.0017054748541288,-1.0173607758237213,,0.08397589131304126,0.3888888888888889,0,5
0.48535923823213573,0.86442116656414125,0.13115813607477972,-0.87426469894746273,0.48144574890861752,0.062219185402279359,-0.0093619462198717453,-0.14486558478020195,0.98940705289040021,7.0445743877771578,7.544761769954845,-1.3981044204116848,0.7457954613151752,0.4417987343975504,0.85,1,2
0.96789102725563814,0.24166964108299208,0.069157385266091886,-0.24850728699398664,0.96134572814595454,0.11856862690616028,-0.037829719387186461,-0.13194762428456844,0.99053457121735278,-16.848122863242931,5.0489554966985377,0.31137650300284619,,0.1504340297707983,0.1666666666666667,0,2
0.87977458255034025,-0.4737193816645931,-0.039832541140275741,0.47255268675317308,0.86230403114825505,0.18200471452088207,-0.051871400026734557,-0.17894609607584636,0.98249053560758648,9.7796331138413386,-4.6887582976634432,-1.9227310193377116,0.14212546269819,0.1125314930489865,0.1666666666666667,1,5
-0.99473924059522323,-0.097350260628852339,0.031886830753976393,0.095970564521489318,-0.99448630406414718,-0.042268685504270709,0.035825884015120719,-0.038986122971216286,0.99859731035598542,-2.0591106691546317,-18.865136497557771,-1.3649489268210888,,0.09201816405599755,0.2272727272727273,0,2
0.98382069303201003,-0.17890808079640494,0.009420328431839077,0.17363931455049364,0.96515554772470491,0.19576556678502116,-0.044116124086906808,-0.19096247621449863,0.98060547636324003,-17.404247763150689,-2.3265899586113288,0.27083058410522898,,0.2167572947064438,0.3,0,1
0.65037318707590086,-0.75958520338109714,0.0067109118033764955,0.75840216346303324,0.64980856721647584,0.050744304376562993,-0.042905430743972121,-0.027913164932844507,0.99868913042853646,-24.629774770473745,0.70659924831444054,0.77025302998885292,,0.1291367999250355,0.4285714285714285,0,1
-0.72283505090044553,0.6891439718726452,0.050892781623182524,-0.68975806076758184,-0.7240049250898728,0.007119413722498827,0.041752925596834974,-0.029957544578990643,0.99867874650805655,6.1901859752294985,-2.0585415105976299,-1.6560528818923825,0.2024102887208057,0.1205112643963756,0.4520547945205479,1,5
-0.98952847216860162,-0.1389533228382952,0.039056073021608927,0.13933592808586498,-0.99021871872672251,0.0072379712391075464,0.037668314431672907,0.012604092803689586,0.99921080605269297,-16.818088710441895,-12.33410442498651,0.17301056422845648,,0.1080212814679466,0.4615384615384616,0,1
-0.95131033057329195,0.30107327578791671,0.066057077977060966,-0.30484573315952795,-0.9506833501943095,-0.05718607031222174,0.045582166676940303,-0.074538917819200398,0.9961757956361813,-4.9022569893450996,12.085852126916745,-0.5008312624699558,,0.7626828888617976,0.2580645161290323,0,1
0.48438304105139385,0.82960888868225946,0.27770877076749012,-0.87461130646864704,0.46671016487257116,0.13128855472517148,-0.020691354209204794,-0.30648118021177734,0.95165180293896656,1.1648627944349446,11.028074365288663,-0.96480702066011181,0.6005698658057652,0.343069914034181,0.2580645161290323,1,5
0.23745969363515201,-0.95323199121017022,-0.18698038622324833,0.97114384815216293,0.23735589530589699,0.023276708524743603,0.022192793760801448,-0.18711213188094336,0.98208784230742852,-7.3572552961247206,12.724728501226714,-0.2846316619551047,0.7310795239016414,0.5323842324233806,0.1304347826086956,1,5
0.56115204173032351,0.79504890061231037,0.23022951960390928,-0.82769156734131899,0.53700397216807727,0.16295215011707767,0.0059207612653472998,-0.28199996367174279,0.95939614606020551,1.7022409206396636,-10.774318170378601,-1.6357593989869856,,0.4915215653326687,0.462962962962963,0,4
0.80776925311990222,0.5846927022233096,0.075121752381848594,-0.58890907059918229,0.80608080580067565,0.058479407364822225,-0.026361719976563714,-0.091477748586953331,0.9954581263083544,9.770601729641152,7.6275999322692716,-1.5939427368349188,,0.09567172600661522,0.2,0,4
-0.42192803699352815,0.89650235032825987,0.13513055707239149,-0.90610163283555922,-0.4220568306260265,-0.029118081919111447,0.030928345761168718,-0.13472775355441999,0.99039985351910187,-9.5440644118587201,13.292970414896198,-0.16515456682301141,0.8617076618881838,0.4237298323019714,0.5161290322580645,1,6
0.24739591500540303,0.93547717561360244,0.25234443751475266,-0.96865802481379248,0.2447867990984518,0.042202534888045276,-0.022291078988732439,-0.25487619914996312,0.96671672733246261,-19.236273692790906,4.6002908815018762,0.4042492917619982,,0.3960477800464796,0.2,0,3
-0.47512859101895261,0.87696750739847629,0.071977864400434063,-0.87907755381128538,-0.4766558109063242,0.0046789223545337091,0.038411930197660801,-0.061051035179897337,0.99739525501275161,-21.311852448150425,-3.1695004415477359,0.56330677997966638,0.8970455112998438,0.8166696012878635,0.9674267100977199,1,5
0.79528993777927603,0.59543107625800873,0.11391114209446236,-0.60570400640332822,0.78826757756954413,0.10842916019041814,-0.025230368487049296,-0.15522905520189151,0.9875562611452251,8.1198973504860525,-5.5518435760167089,-1.8568483138812863,0.1775785900429629,0.1472914083118812,0.1666666666666667,1,5
-0.24832683229343444,0.95738874243253846,0.14744687255602515,-0.96814782018112078,-0.25032664218554779,-0.0051352206043036239,0.03199347811124223,-0.14402558132343382,0.98905664614459488,4.8977080080748303,-4.4368720025260933,-1.6318910458002704,0.31761444645773,0.2495596237497237,0.7239263803680982,1,5
0.93060320001926045,0.35503864443850541,0.089023845508841848,-0.3647052125237279,0.92006451351064755,0.14307829652480233,-0.031109356662203273,-0.16561658109526728,0.98569942477125339,-17.574870945602715,-7.2415910610191929,0.21743357710550815,,0.08224996247469812,0.2162162162162162,0,3
0.92450201925294428,0.37665841028354347,0.058518871826974579,-0.38051754319896569,0.92098914382002228,0.083578683188269998,-0.022414631717953229,-0.099536118712433286,0.9947814560779733,-0.83503649533247393,14.322331657975946,-0.72714534679814158,0.1232278425812485,0.1024799019052258,0.3548387096774194,1,5
0.9562977119505407,-0.2915818342360908,-0.021788071545640157,0.28880673624886577,0.93029905887348308,0.2261290121952296,-0.045665689696303226,-0.2225391988001871,0.97385365932563628,-12.604680140071872,1.9436068622397149,-0.0080098168855692355,0.7429320722089435,0.5221673783514299,0.7898550724637681,1,5
0.93477805157270055,-0.35472642089712475,0.018951533327465832,0.35225243745818935,0.93251226578886925,0.079618430391926495,-0.045915298133743385,-0.0677498374228718,0.9966452452735951,-20.598327198106816,-11.147758911903157,0.46004079851813229,,0.06996008007813058,0.3333333333333333,0,1
-0.89735003582188944,-0.42770773041755766,-0.10876125482687068,0.44111199348875202,-0.8768206019759005,-0.19132653018073237,-0.013532272936683649,-0.21966276264237716,0.97548200818748365,0.89439293587411273,-13.524182780804553,-1.6176341395021294,,0.6341173274792709,0.1851851851851852,0,4
-0.9986123242013375,0.036723551737412784,0.037746611781617846,-0.039068525794179208,-0.99722391011386213,-0.063388669251604246,0.035313966719587891,-0.064775410805407399,0.99727482165625669,0.41373715524080101,-16.740153762982668,-1.6809544495576247,,0.1142649153807824,0.4814814814814815,0,4
0.84906291922803578,0.51396827267352219,0.12218336170266093,-0.52676430064768576,0.84122866811843888,0.1218757543518534,-0.040143875686358292,-0.16784201685118896,0.98499620640092067,-18.389502583168891,-6.3037448346506784,0.29320199048651041,,0.151925160699999,0.3333333333333333,0,2
0.66198309266555411,-0.73976813755386583,-0.12050513551310794,0.74826290467624312,0.64297318513676005,0.16336495548483057,-0.043370618054383463,-0.19831436119246121,0.97917843299084495,2.093483110501507,-9.2554449875406775,-1.6106362415238928,,0.1154936191031945,0.2058823529411765,0,5
0.82227436721795943,0.55043122014926937,0.14453489855841548,-0.56887176274983953,0.80205916266567046,0.18189562152491162,-0.015804510817963514,-0.23178992961090916,0.97263746893114045,-8.6144027754098573,15.738536387041417,-0.23789731926753727,,0.1334023972515689,0.12,1,5
0.67280210448325606,0.70683233191881167,0.21846139878046528,-0.73937238243665049,0.65270840656227813,0.1652277703441038,-0.02580326128329517,-0.27268991649334495,0.96175589478307821,9.2046585824976006,10.183238888917417,-1.5030442350847075,,0.3933587717250459,0.7027027027027027,0,4
-0.39410450528736596,0.89420777960639553,0.21230658445653749,-0.91820605146432333,-0.39307509374759397,-0.048883716405534849,0.039740231082582879,-0.21420648348432533,0.97597965986324897,20.832247201560651,6.2892513568219828,-2.2417511044355862,,0.4462581205720794,0.3333333333333333,0,4
0.0090117732960010143,0.99379924774145145,0.11082347734387031,-0.99977151359767535,0.0068062860675361155,0.020263145574682527,0.019383202539193522,-0.11098076256042179,0.99363351483373019,11.102681642717368,-11.323961933393056,-2.0719221149189333,0.2330143576057881,0.173600812622829,0.5454545454545454,1,5
-0.89911022370332427,-0.43401153696584155,-0.056875226704647647,0.43647585888607737,-0.87915090539913854,-0.19126554876802915,0.033009547737255257,-0.1967934737648134,0.97988912558603225,-1.5572099635118046,5.3742034415036652,-0.92386404168653369,,0.09493644451117901,0.3466666666666667,0,4
-0.43633001927352677,-0.89289741611855578,-0.11113198715748195,0.89977069550159983,-0.43224475292753728,-0.05980943974975661,0.0053674758808240648,-0.12608995937591252,0.99200429048832739,-5.0938606664759138,15.145077297193808,-0.43592735745966893,,0.2899551495844613,0.25,0,6
0.7307287883408965,-0.66866214423545633,-0.13757316146796067,0.68209482959227374,0.70688076177656267,0.18725979833823325,-0.027965717107460049,-0.23067406767261653,0.97262911388156426,17.834507674032444,1.2273577091725334,-2.1697770436347823,,0.2080485789393377,0.2,0,3
0.9814386581729897,-0.18791666775569879,0.038281669545568664,0.18659080919390214,0.98178854213296296,0.035708940908356357,-0.044294809718143174,-0.027903127352074623,0.99862875249814842,-17.673901765832383,-14.003835488576748,0.2153435983863187,,0.08840014533093407,0.3076923076923077,0,1
0.80163011727243683,-0.59771324631072242,-0.011315046021874166,0.59647426137542858,0.79841243913197291,0.082195088393227117,-0.040095019621097482,-0.072639192066207323,0.99655202432063361,-9.0335157744364345,0.057102440323683432,-0.38835067561949121,,0.07837493831907823,0.2521739130434782,0,5
-0.87695870646622565,0.46415891685039401,0.12449870305089032,-0.46939683668974869,-0.88286180978506079,-0.014887394960334239,0.10300503317188911,-0.071494928011130804,0.99210807798845269,11.813278175304767,13.78661601983597,-1.6416350208207029,0.7844210434416112,0.3168704733067318,0.1153846153846154,1,3
-0.99893535716178927,0.014734605039995482,0.043715484972302647,-0.016408825449724225,-0.99913577197654646,-0.038189784029120065,0.043114993440898912,-0.038866445311421201,0.99831382679468361,10.838222045397838,5.1292082637946752,-1.7405887753234186,,0.09655694168474196,0.2424242424242424,0,2
0.99565175982609799,-0.068306993165543423,0.063338202057503179,0.060486828492677017,0.99115952721659373,0.11808528776556726,-0.070844313350417742,-0.11374069760847155,0.99098140092205911,-13.920494155925089,0.13660771507713287,0.064763620835600458,0.316716879245023,0.2896699821616838,0.8019323671497585,1,5
-0.71477536887399662,0.66586679433158635,0.21381670715269196,-0.69279912926935661,-0.71593245606775824,-0.086429652506591528,0.095527684650390271,-0.20990981529067615,0.97304282069699843,-19.92213335096228,-12.554416028864619,0.37948417838454312,,0.5281090079753603,0.1304347826086956,0,2
-0.8070369063060705,-0.58389385695170382,-0.088087431986575274,0.5902313047872968,-0.7931344455460374,-0.15021570536220311,0.017844851050410809,-0.17322157805089533,0.98472120226414628,-3.3230380865907096,12.804059204430558,-0.59570523080177928,,0.3892490193264959,0.55,0,3
0.063144822324677732,-0.98573516421542717,-0.15600935049788045,0.99598742176231569,0.052309150651197553,0.072614106407818402,-0.063417561486078258,-0.15996855562058429,0.98508287677120054,-10.757265530294156,8.6220772140632764,-0.080828467809702667,,0.2225173949269144,0.2777777777777778,0,3
-0.97105495544867748,-0.23871028301194613,0.0083471122505923648,0.23690678526140871,-0.96699715942396414,-0.093763899039500748,0.030454040711738541,-0.089072411274992783,0.99555946932063644,8.5757385902561136,-6.9483453362825216,-1.8802434850860568,0.5324102493589207,0.3395998865266132,0.7446808510638298,1,5
-0.97544570990053303,-0.20955789283548729,0.067758073961677684,0.20515200427306007,-0.97646327293230806,-0.066574257465417383,0.080114431779749265,-0.051038869155534475,0.99547813218369219,-15.270712864621267,-2.4588238297317995,0.1526587033912245,,0.219440108419065,0.2839506172839506,0,4
0.6845438388840106,0.71105260313522922,0.16063601159315583,-0.72881797549566851,0.67210120028386933,0.13078354319782778,-0.014969677362509455,-0.20660148148451643,0.9783106544488136,-1.7664105213886019,-11.591729682439922,-1.2646272264649803,,0.09746613126546121,0.2325581395348837,0,3
-0.70553671965953102,-0.70863106974710766,0.0077423640535370618,0.70855298078465079,-0.70557613404830666,-0.010723454789915552,0.013061800536451866,-0.0020799159874406929,0.99991252783242524,-11.770663956038277,-6.8502476126224305,-0.085435612569384187,0.2161908027932631,0.2152383360619163,0.8477157360406091,1,3
-0.96808046828423844,-0.24067929284430187,-0.06995487776086122,0.24986153939622691,-0.94869851121828086,-0.19375331208205396,-0.019733678246035849,-0.2050478305376206,0.97855299761162562,-2.9805550833530297,-11.800517579428703,-1.1421167229651989,,0.7554932149443159,0.4814814814814815,0,2
-0.72354785130961219,0.66818052131620775,0.17324346394263829,-0.68901026229204587,-0.71428792556671505,-0.12270948555773939,0.041753626447165147,-0.20815270914210995,0.97720473001071317,15.494184482725766,3.8487216234680477,-2.0065918648730676,,0.5572151910053293,0.4655172413793103,0,3
0.91534399305823411,-0.40230092328348266,-0.017301488302029933,0.40017214432941234,0.90403851849025463,0.15025515628006136,-0.044806576247329054,-0.14445872840089391,0.98849585052937361,2.9343314423718541,11.95582755150506,-1.0950150987658207,0.4780124255825449,0.3851006859398236,0.5757575757575758,1,5
0.31500698570528413,0.94055226994917107,0.12701191459990802,-0.94903271100764064,0.3106928186072736,0.052980051938044011,0.01036881836860053,-0.13722754810653415,0.99048527886400717,16.958208852919888,-10.566663146676687,-2.2928424145678132,,0.1880356851730033,0.1875,0,5
-0.87793244266290971,-0.4757874817355443,-0.053487366206313183,0.47853030117842765,-0.86833351590595509,-0.13040573610270434,0.015600544029698319,-0.14008275189384975,0.99001689159722228,-3.4223230862355325,6.5339027498567894,-0.74466414038189233,,0.1799604344381344,0.296875,0,5
0.96149244715650539,-0.2744411866664625,-0.014639300601470574,0.27064298794007696,0.93623134863112523,0.2241054102854573,-0.047797982591984083,-0.21943768341251182,0.97445495327320719,10.114593429450546,-10.329152189667084,-2.0364561231700309,,0.6419480692996004,0.55,0,3
-0.91047209784075089,-0.41338709607953,-0.012315350112603261,0.41237023255470451,-0.9051600745384395,-0.10313113382653068,0.031485716702047944,-0.098976503557663395,0.99459152489213321,-9.9710849976782878,9.8966594786936763,-0.12142327233266485,,0.1074913020749095,0.4285714285714285,0,5
0.1296398043443435,-0.99081323885696215,-0.038505153360770095,0.98861378240061693,0.12616504825660207,0.082007132896806903,-0.076395748422969173,-0.048698113969489393,0.99588763589006801,3.8659707041510454,-13.896445071760862,-1.8625594484966643,0.1675279165243165,0.1688881433257954,0.52,1,5
-0.094527588773797064,0.98363706088327774,0.15337101231171221,-0.99552206855830161,-0.093490067143167849,-0.013979211671861695,0.00058819555646235483,-0.15400564860573607,0.98806979218247271,7.8186785190672499,5.800226307943193,-1.4883752114727435,,0.2254544989282822,0.328125,0,5
0.99146153819689087,-0.12547363422487665,0.035501906859434343,0.12272794953622888,0.98988877087529892,0.071120121608599263,-0.044066639069560959,-0.066155788933327256,0.99683576526513207,-20.972159365002671,-6.5834705377064999,0.4932544308823909,,0.1086337850036668,0.3055555555555556,0,2
-0.1453484864361316,-0.96814854250090476,-0.20386813665725001,0.98937292317631798,-0.14303583023821106,-0.026114558269537728,-0.0038776766591789307,-0.20549732582551811,0.97864999499427152,-19.889675913625936,-9.4806933854145132,0.39810239604281378,,0.3575837868268567,0.2708333333333333,0,3
-0.99886102385948716,0.0187543533966615,0.043874015579297328,-0.022976154088493496,-0.99494168620302037,-0.097791295107461346,0.04181807453340107,-0.098687969298014933,0.99423937427470432,16.60112740409555,5.2091413726622466,-2.0348451527438698,,0.08452274499634768,0.2068965517241379,0,4
0.18704144265428491,0.97786775152327776,0.093755849207472375,-0.98231159030339565,0.18531404387589007,0.026882051595437259,0.0089128157963081142,-0.097125515047154998,0.99523223221588208,2.4556262408414589,-7.2591746784230748,-1.542787442962728,0.2341338506703297,0.2029714910233957,0.7045454545454546,1,5
