axis_00,axis_01,axis_02,axis_10,axis_11,axis_12,axis_20,axis_21,axis_22,location_x,location_y,location_z,dbh,dbh_approximation,score,reconstructed,number_clusters
-0.44078369341012436,-0.89346516627894201,-0.086195894739099832,0.89629691757102725,-0.44330207546039341,0.011623486791175352,-0.048595999592627087,-0.072133671323813736,0.99621040061070598,1.0236914134017703,-11.623861115192796,-0.94735373646805987,0.8721260325498955,0.8372296566722639,0.487603305785124,1,1
-0.9951558686774622,0.06883095546381672,0.070193280353211221,-0.065219434206339202,-0.99648847076859304,0.052508599553563122,0.073561011674741245,0.04767627497203971,0.99615046572602661,14.167657158431055,-0.77317847394246519,-3.2965786060452831,0.4283604832010692,0.4123916796056453,0.847953216374269,1,5
0.48545687363980922,-0.87067921454434838,-0.07905269885524556,0.86220975756978779,0.46184246767868303,0.20807659407033594,-0.14465807197425701,-0.16917222115022371,0.97491271496672438,-2.5329892265188825,10.966683690623734,-2.5274631193803829,,0.5862896677649386,0.1714285714285714,0,2
0.86826685053557195,-0.496078255120672,0.004363606016523869,0.4852556737614408,0.85108762350574119,0.20044148322560115,-0.10314847232687438,-0.17191923077939372,0.9796959583181164,-10.500509380281112,-8.9241822127192236,-0.074469651515874619,0.3236389923081952,0.1565670309054392,0.4833333333333333,1,2
-0.36198601785323808,0.91896413574013747,0.15643222207121132,-0.92462143643356498,-0.37528958005723356,0.065060974385537207,0.11849608502514125,-0.12108942284050575,0.98554351984570787,-18.705828535549436,3.778198013895874,-0.42601724781244066,,0.1590941000031787,0.4333333333333333,1,5
0.18744603119973599,0.96455485742216485,0.18573613652376841,-0.98000091955694679,0.17077952364394178,0.10213986475166216,0.066799573763663342,-0.20116729686322438,0.97727659115407928,14.012754964143763,-3.0163338450620518,-3.0561631180121287,0.507272029420374,0.5279110637365313,0.5487804878048781,1,5
-0.58854554333873144,0.80090942436066459,0.11026439763761678,-0.80132298808943403,-0.59598349295698017,0.051818383631856355,0.10721759265875438,-0.057859917845310874,0.99255056180095724,-3.5539829949376975,-8.3194289470481131,-0.8020338027708287,0.4897569232557497,0.4696765537368631,0.9589552238805971,1,5
-0.85329409053002747,0.50702087485002501,0.1217334281651847,-0.51345626091269925,-0.85769823611296403,-0.026765722449800588,0.090839766600772268,-0.085343823648962244,0.99220187893840017,-13.655850861090304,-1.376332447473684,-0.44106772794201105,0.2997760297895973,0.09557303191445822,0.225,1,3
-0.8065384673073247,0.5569860092276937,0.19814713290421224,-0.58291825338454495,-0.80510859655293421,-0.109573982439611,0.09849878488927373,-0.2038792124792822,0.97402836513838986,-13.378190494958512,6.7633003434035901,-1.1361627029161461,,0.5184697831077273,0.361344537815126,0,1
0.65806341534628143,0.72712836210964604,0.19554254370476978,-0.75258242415474619,0.6269139338875821,0.20149097833640645,0.023921459741279613,-0.27975572293224027,0.95977314989038232,5.2042323115993456,-10.812293560299674,-1.4459430669438309,,0.7911261977052503,0.5294117647058824,0,3
-0.78488500194423605,0.6002569920634816,0.15377606186236539,-0.61230450858042551,-0.7894052410086615,-0.043846941057963149,0.095072196225185687,-0.12857258240759692,0.98713239667126784,-7.6371933733569088,-16.365791729665755,0.25228307570901992,,0.2057389629363064,0.36,0,4
-0.69631034670529279,0.71059153637234596,0.10105231074619568,-0.71012026337987721,-0.70251710373642628,0.04689275525151676,0.10431257167019832,-0.039107382855083583,0.99377537703335017,-11.911044410374487,9.4969813980483657,-1.5244136357907654,1.167818998373722,0.3893678894026996,0.900709219858156,1,5
0.91850425555392068,0.38830818574247228,0.074610223258800887,-0.39480399036350095,0.91107205127683832,0.11864875294444054,-0.021903007154156089,-0.13843579836012068,0.99012917743595541,8.8383218346069743,-5.4500923089599889,-2.2235753796388305,0.2557315262002346,0.2713749115478661,0.7894736842105263,1,5
-0.77959227446445056,-0.62516754382381656,0.037435648046228863,0.62625340977416122,-0.77753351772435708,0.056993820379258701,-0.0065232155859616401,0.06787614429594091,0.99767242955487934,-8.2498558086632077,-0.18004208182172377,-0.98502645760973795,0.4042480348724549,0.365849875766218,0.8983417447728911,1,5
-0.043292774600455115,-0.99796438386817565,-0.046827600814134659,0.99530471641306206,-0.047143985611373417,0.08453381634937375,-0.086569377688124921,-0.042948028491286587,0.99531965201909056,15.938374117226509,-15.649468116521147,-2.3102082730791045,,0.1757147175761093,0.3076923076923077,0,4
0.29923360076898292,-0.95366957113238104,-0.031202584300193025,0.94786058527073092,0.29333558692358619,0.1245573937364761,-0.10963376788680242,-0.066847457246905953,0.99172166175725274,-4.0911027427912607,11.988089796094267,-2.4679596898983722,0.4230897683990728,0.3599338046294056,0.6338028169014085,1,5
-0.058237784348141211,-0.99793957769952879,0.026925076324995249,0.99506488144241245,-0.05585730476063757,0.082011238405940851,-0.080338298427451243,0.031568350697568463,0.99626763323919076,-27.136199068114131,-0.579343907623454,0.60930414655999765,,0.7398668694825047,0.9743589743589743,1,2
-0.78544809212280398,-0.61831353774120046,0.027561996056317758,0.61892698459806117,-0.78460876842135507,0.036310718151473124,-0.00082602481717923375,0.04557904740432385,0.99896039366969691,12.25778016013545,-15.326521612457599,-1.8845816025509561,0.208500900047193,0.1331950897764993,0.6923076923076923,1,5
0.9925127254234436,0.10170781677934355,0.067631426707609299,-0.10943344932324409,0.98641013449400594,0.12255352600693817,-0.054247673145898255,-0.129037074414665,0.9901548481852519,20.086625200538027,4.2568139560574307,-4.459470920588199,0.2604871552580198,0.331131534425248,0.828125,1,5
0.98587821201139569,-0.15456335066082288,0.064454027909150446,0.14296741527955895,0.9772479799663778,0.15667387727351406,-0.087203608007330707,-0.14524653622077707,0.9855450139219265,6.4663356482292551,-14.648123751690793,-1.2624127466105006,,0.1355622187566707,0.3666666666666666,0,7
0.26043320187693625,0.94013497256647227,0.21981988244371176,-0.96415596193401332,0.24126968229705678,0.11041839281286478,0.050772319498185843,-0.24069726579609813,0.96927137469908708,-3.9029841630875364,-16.895167088115102,-0.028664048908248901,,0.171378798452214,0.125,0,2
-0.72463397492339499,-0.66997445655270726,-0.16136861514440956,0.68853826337815638,-0.71361259946553446,-0.12912055509574996,-0.028647203195296463,-0.20467360711861843,0.97841098332865217,-3.559017333143764,-33.061630252901949,1.2932864104829276,,0.3709450845183756,0.3571428571428572,0,2
-0.78972645263231878,-0.61325822873900571,-0.015699518994894027,0.6129398176700116,-0.78985228221462878,0.020932085299728887,-0.025237074462514476,0.0069077611597148205,0.99965762784482048,-4.7398590759991306,-14.600662458571497,-0.16711074695927725,,0.838205295822376,0.4358974358974359,0,4
0.16895163708197447,0.97894090136883971,0.1145864562436872,-0.98128052888519901,0.15616364831438057,0.11270065916368115,0.092433045812125983,-0.13148241925180756,0.98699974947797575,18.481017745731037,-17.791216215010735,-2.4603066283223085,,0.5351964263677218,0.9591836734693877,0,5
0.88399671996505202,0.46237213950560946,0.06900582366753405,-0.46670698731491217,0.86428660573660598,0.18759864374705584,0.027099577164005035,-0.19804208581334856,0.97981883282790105,-29.912447730619196,12.697778989925295,-0.21047088213618251,,0.3264812241862143,0.5555555555555556,0,3
0.47211352619123786,-0.88085180862902734,-0.034769377651144184,0.87504635415088328,0.46349465155377867,0.13952270807395012,-0.10678340917259986,-0.096295374842272227,0.98960825800387509,17.462492443814973,-15.588780088306443,-2.4940181627234681,,0.2988784628127644,0.6842105263157895,0,5
-0.63270812494719753,-0.77345345639362439,-0.038081221337527109,0.77438998003991366,-0.63199099923675151,-0.030125333151934976,-0.00076644607388610302,-0.048550259283433622,0.99882044676905157,11.245250231195687,6.6574395775930855,-3.4626856445121761,,0.4750646266865726,0.2307692307692308,0,3
0.17780446276470657,0.98029044955914291,0.086117405465362964,-0.98192323612816346,0.1709649630014016,0.081226472147462508,0.064902475858376815,-0.099003110703962463,0.99296830397469871,0.20529125288110817,12.511283695082673,-2.9530519375066171,0.6168040815352781,0.5300118698552471,0.7032967032967034,1,5
-0.090597298766009041,0.99009905384370289,0.10721936874514115,-0.99188744990385169,-0.099348871924890975,0.079303772738030187,0.08917071368748844,-0.099164838652899837,0.99106756510109228,-14.364295238540425,-10.969609279194307,0.44124865037654315,,0.1031557235654531,0.3636363636363636,0,1
0.99690941142382827,0.034230920761236502,0.070709755185785636,-0.056525499496061352,0.93762487539964301,0.34302253707085162,-0.054557248109820926,-0.34595929976753181,0.93666198256523769,1.0341405216860842,-17.973102847686206,-0.43134314688433162,,0.4029261932466112,0.4285714285714285,0,2
-0.81782066276931975,0.53939260476294104,0.2005616650175191,-0.56471078935674757,-0.81929696481832837,-0.099268362651716791,0.11077494270650198,-0.19444305430259901,0.97463881038149025,-3.1002492761569158,-20.937339427496092,0.24398191273630462,,0.5390299645257467,0.1666666666666667,0,4
-0.8966064872932521,-0.44264892541142054,-0.012599038684320569,0.44281292753956164,-0.89597640575329451,-0.03380815785057277,0.0036767033463714787,-0.035891630856246012,0.99934892439376777,-9.6598714567419943,-27.968920900417341,1.4088213712441884,,0.3891844033921831,0.5555555555555556,0,3
-0.85715768213942956,0.5064654720529691,0.093666608604802554,-0.50612283912713429,-0.86196867901751384,0.029149066995230885,0.095500678862775315,-0.022421463176313685,0.99517681761875043,-10.63545146758041,-25.958586152011765,1.3631534484664172,,0.5200488926927626,0.8641975308641975,0,3
-0.18727659078304271,0.97060489197708144,0.15117414532531315,-0.97804558112863371,-0.1985625910145308,0.063243487288012795,0.091401968137636957,-0.1360111801277907,0.98648195072226841,-15.973072525901292,2.6455335955816945,-0.55269882401685588,,0.2330524443184693,0.7272727272727273,1,5
0.997037576101933,-0.076785637086833711,0.0044763576657276295,0.074567806195742228,0.97923088678591574,0.18853782815027642,-0.01886038493606837,-0.18764550701159363,0.98205572631008331,-15.690074916440535,-1.242622732249979,-0.26524959019756156,0.5971752025896904,0.3190300460970041,0.4024390243902439,1,5
0.49698832221204142,-0.86770301368870129,0.0096998773397331955,0.86161612985063785,0.49476782444250411,0.11323623394320466,-0.10305460866001645,-0.047919515147556657,0.99352074346837571,-16.874937419641846,0.34491780504866459,-0.25920577100294862,,0.1264974810417027,0.5714285714285714,0,1
0.24804282122178326,-0.96850690893641644,0.021659320921165136,0.96393593995291205,0.24897470632230354,0.094016484080281362,-0.096448237451150734,-0.0024419160817407736,0.99533500618556359,-8.675448771115704,-24.261549722325398,1.0253057845466769,,0.09875066951443268,0.1666666666666667,0,1
0.71193233937713962,0.68784564648899793,0.1414945608676404,-0.70207561971822963,0.6926951113805907,0.16511604060991522,0.015561759099072819,-0.21689133056801504,0.9760717096495416,-3.0838627403032617,9.1451741994689026,-2.3263466496728378,,0.09008102743850319,0.2727272727272727,0,5
-0.98907801276163698,0.13324934039793679,0.063002364677902351,-0.13101399567986804,-0.99063693970005473,0.038389928857793229,0.067527902436608639,0.029716443010994558,0.99727474419403961,-12.752712596300727,-7.9451410358570609,0.066532264219649223,,0.3429090610767805,0.9331306990881459,0,2
0.3945496796685854,-0.90700126518759139,-0.14723876942410691,0.90909248277739829,0.36198641642434337,0.20619576155170408,-0.13372138210115186,-0.21520813012609508,0.96736965669623276,-4.1090520862393394,3.6295637399062608,-1.691198749273396,,0.6959166814089321,0.432183908045977,0,2
0.90250837813239393,0.41170502097734418,0.12640254389402442,-0.43025520623876984,0.87483936719356803,0.22256805501417176,-0.018949535753409252,-0.25525488694715015,0.96668808712238119,-12.817452183828227,-17.597194407485613,0.81538444429475221,,0.1578198214476853,0.1666666666666667,0,1
0.666067964270878,0.72700815634312377,0.16677112334760494,-0.74551532565207368,0.641782955380792,0.17978191622235062,0.023672055042444542,-0.24407740328279021,0.96946678902208872,-3.9423108477652873,-24.119609828298202,0.56178736893110914,,0.6092960311973752,0.625,0,4
0.11327506832999357,0.95945674371356915,0.25809206852863353,-0.99308446033425801,0.10126695292272735,0.059399148885824059,0.030854716615931824,-0.26303566524009575,0.96429260355674706,0.90732646421332519,-16.675815574329974,-0.53708389104810483,,0.2597772008474926,0.32,0,2
-0.99343523891140206,-0.1100040417373844,0.031393261864375861,0.10430142473432008,-0.98371286075683118,-0.1463906430753055,0.046985517847912002,-0.142155261538398,0.98872859912592426,-0.45444101767150263,-4.5010781306941778,-1.3644277532285201,,0.686659744322718,0.4559748427672956,0,2
-0.88294952004084948,0.45207199328958408,0.12661381418635331,-0.45771874332539031,-0.88891308823118631,-0.018085175695059685,0.10437287515566286,-0.073921813116819501,0.99178720927286756,5.0010612726647361,16.657493862006021,-3.7716945466985683,0.8789535306744687,0.7634945142196182,0.8677685950413223,1,3
0.78072621756661897,0.61274906044072608,0.12249555964658168,-0.624871648186069,0.76513284471916587,0.15526478424028783,0.0014129746449130663,-0.19776328997305143,0.98024878711564289,-4.7995874973183721,-16.947787825972895,0.053054509705057103,,0.0928342407122788,0.2631578947368421,0,4
0.50612646711046894,-0.84972003367062454,-0.14768840059080507,0.85722493395242583,0.47678665101723811,0.19452481081349771,-0.094875770882434818,-0.22505633470436015,0.96971554298614027,2.9275206480939278,8.999483080364838,-2.8920858338404254,,0.6925750688854484,0.1914893617021277,0,2
0.97617519765853955,-0.21670814919563908,0.01093442035556781,0.20292223719751137,0.92960020709139024,0.30767843705141462,-0.076841064067779144,-0.29812922206292519,0.95142756835456821,-23.637841000974195,0.50211960996511096,0.23836041378639883,,0.7043032892765289,0.2758620689655172,0,1
0.82829989025285089,-0.559862814836391,0.02174673241179241,0.55132635074941128,0.82135476131278295,0.14634073608589132,-0.099792518639697153,-0.10922446901814765,0.98899518127807451,10.067893099859601,-3.6272151533727994,-2.5103694785680912,,0.1278326978679883,0.2727272727272727,0,4
-0.98907696170827675,0.12978061003342301,0.069883882814837678,-0.12688951288054612,-0.99092489034161491,0.04434989540457699,0.075005435395463754,0.034997927950262915,0.9965687782086724,13.082374827507378,-6.3492301472938451,-2.6750176369182745,,0.1128565407918385,0.4,1,5
-0.8973999032425215,0.43362296610964618,0.081514028992474036,-0.4297568167944818,-0.90087757478590169,0.061062866511050112,0.099912422045446633,0.019766600874828625,0.99479987405048864,5.2098204700066253,-13.602668659365138,-1.2126922657978561,0.8817373324418902,0.5358301415457297,0.6538461538461539,1,4
-0.41454038239916152,0.89478725215311739,0.16586755181358495,-0.904878811155303,-0.42465624291900222,0.02934982916618881,0.096698544366107364,-0.13792334368841527,0.98571118629306653,10.948239747106101,-9.8658734661856311,-2.1373002752489296,1.015776710299609,0.8185502876416196,0.7925925925925926,1,5
-0.99818066712902909,-0.023299365837877284,0.055610208787581654,0.011028344543443695,-0.97731221360896303,-0.21151645975521249,0.059276735626017422,-0.21051835236458624,0.97579111080764735,-13.396060345169554,-22.929145902777908,1.3356229552507088,,0.3269716276488849,0.2608695652173913,0,2
-0.071906807918948296,0.96237415634984103,0.26204082537810675,-0.99388159818487942,-0.091218436663661084,0.062278131010070813,0.083837818222908103,-0.25595933271238536,0.9630451911686454,-5.3090542616722374,-6.0781389580318832,-0.84164369366332836,,0.3213397449783478,0.2329545454545454,0,3
0.99754449583242455,0.027711450734426796,0.06431993728717661,-0.046528799583373012,0.94864276314257279,0.31290889847774117,-0.052345483508734594,-0.31513327884470804,0.94760274742152295,-1.4502531565497805,-19.926386511808801,-0.023023321566158505,,0.4344978125815445,0.55,0,5
0.7830562895623514,0.61456593806171445,0.095559170942241672,-0.62193904905664343,0.77279771461100011,0.12639427024408154,0.0038297043438935618,-0.15840580818373057,0.98736666608626122,12.894614083477682,-2.1658559113717955,-2.9692540064667043,,0.07227806178253712,0.2903225806451613,0,4
0.76434160138754781,0.62835347270516473,0.14475437723150275,-0.64471188787892431,0.74077104811072025,0.18869243733795854,0.011335696534113046,-0.23755034754827467,0.9713090828175045,2.2955462998293772,-4.6287323317817251,-1.6184274598744797,,0.325364764883337,0.3157894736842105,0,2
0.99971213935722125,0.0061627840848298161,0.023187464590418125,-0.010928320779519973,0.97733637164188347,0.21141000087701209,-0.021359078321595198,-0.21160254430937761,0.97712238384710537,0.31135897757854897,-10.447915896224409,-0.96509869223481226,,0.1584792056837444,0.1645569620253164,0,5
-0.22550083579783295,0.96554380059301503,0.12990204844757142,-0.96939700179129051,-0.23565815606566576,0.068809057527240897,0.097050636126383039,-0.11041015630876869,0.98913637654842002,19.785045151998194,-3.3177071050402787,-3.7776914482185919,,0.124989104873893,0.3333333333333333,0,3
0.61890939096552744,0.77536364606537056,0.12554832589442438,-0.78495591612142179,0.6048189503894531,0.13430654115037491,0.02820240274616469,-0.18167348075603404,0.98295440935443579,-12.907024755288644,-11.88930407427574,0.38696769412747539,,0.3614506778887372,0.9467213114754098,1,2
-0.74333601488784951,0.65870376193739111,0.11645137603385942,-0.66064904332690744,-0.75022521096958628,0.026551353579083101,0.10485423463977267,-0.057196912811517307,0.9928414287503009,7.6680363658256763,-13.34083392492178,-1.4748531377710832,,0.1025589795381982,0.1904761904761905,0,6
0.31739843155080016,0.93945587153373111,0.12915456279160317,-0.94646476959804704,0.30538341570982808,0.10462031026103016,0.058844503216596157,-0.15544656590030023,0.98609010216663073,-9.6172217216105089,-14.672872740286763,0.30050130581446882,,0.09662851466355238,0.3684210526315789,1,4
-0.86743520460184598,-0.49729896647855509,0.015808344527957166,0.49742543321609328,-0.86749130279168019,0.0051747435274575879,0.011140206781541059,0.012352227335750532,0.99986164956593382,-20.095602704362864,23.588637483028389,-1.9610041773280069,,0.7243672253210487,0.1428571428571428,0,1
0.70322715644054301,0.67968784849785813,0.20855693478976384,-0.71080031043995562,0.6658161493761332,0.22682983469641324,0.015312907072520079,-0.3077552336424067,0.95134233115251254,11.472782074830894,-5.0078804028547452,-2.5699088878213288,,0.4883745260954435,0.1578947368421053,0,2
0.195752462376625,0.96257957129716598,0.1874074235318661,-0.97777965644216858,0.17696222089216207,0.11238912680837229,0.075019443621788778,-0.20524361451279768,0.97583151300846971,10.749714050378996,-8.4209674242434609,-2.2529276991928837,0.1448185161142497,0.1395756803792932,0.1904761904761905,1,5
-0.4840543150311602,0.87167843128545308,0.076603737059279836,-0.86919571896261349,-0.48907571042462733,0.07282686049605866,0.10094663063609753,-0.03133148423517422,0.99439836879333299,-6.5673327483866109,-8.8695442392545996,-0.45238805671010607,,0.07689462511578922,0.288135593220339,0,2
-0.36875157094788413,0.91709015703256147,0.15155171657708008,-0.92408926377576528,-0.37930008454814013,0.046802547325307892,0.10040573438719272,-0.12278880134509741,0.98734067006601278,2.8409260884999936,-15.563041925759476,-0.81455214502293793,,0.09658667826868565,0.2380952380952381,0,3
0.82173555064265957,0.5495767344783965,0.15071860445899521,-0.56986859355576813,0.79215559805491609,0.21849323684963046,0.00068621336021706112,-0.26543345944006391,0.96412893729049742,-14.234032812485228,-18.625952406157985,1.0647776075129471,,0.1575059170601387,0.6875,0,2
-0.040698786996513074,0.98603883423349548,0.16146524740780274,-0.99527984756599652,-0.054256141482634426,0.080463011007693611,0.088100134880829406,-0.15742835988114354,0.98359273977552009,0.13927191832191904,-23.809876103905857,0.099437459118221216,,0.1597805743452793,0.4090909090909091,0,5
0.10842578876977339,0.98863580086951053,0.10413021448529826,-0.99129124834987326,0.099649282729914232,0.086091122633891889,0.074736264788940868,-0.11255786818572637,0.99083056928764679,-1.3934818457449616,-12.40707061899133,-0.65237601826453862,,0.07088781989249476,0.275,0,5
0.82261257120527254,-0.56316538132883021,-0.078443042826018522,0.56016939263098131,0.778991762757823,0.28174826550468396,-0.097564385174554236,-0.27571105677541058,0.9562764265197059,14.525526424118608,-5.9357072101477346,-2.8814883612307653,,0.5714065084665454,0.1111111111111111,0,1
0.24009259640138,0.95424544833070468,0.17824468994440867,-0.96647925888823616,0.21776771359333413,0.135996562659425,0.090958162317031035,-0.20492156366879971,0.97454284946914693,28.187876673896969,5.5156997021516512,-5.4697395463187091,,0.3783108525853429,0.3061224489795918,1,4
0.93306029908720756,0.34288973336347606,0.10874331713358178,-0.35926217475377004,0.90352004081969084,0.23362839217093281,-0.018142989237773657,-0.25705673807762353,0.96622599082740968,12.812224673951023,8.2436771544915821,-3.9177640420133732,0.8090131441218503,0.4461924413389073,0.4,1,4
-0.77059894000399165,0.62420397220494961,0.12863387869564771,-0.628750580881973,-0.77757874967250884,0.0066328800923009896,0.10416324066246037,-0.075767335582689041,0.99166997037996174,-21.82728749262083,-0.087177501777785146,0.15589602783608081,,0.08560123372157108,0.3529411764705883,0,2
0.94995031047215472,0.30389757325357836,0.072392489972671933,-0.31073317781515353,0.94307263491552118,0.11857022171857792,-0.032238173626208615,-0.13513056739347529,0.9903032010031898,-6.728692940441233,-7.4605405460130143,-0.60073039532165218,0.6702430428493579,0.2837002241954163,0.2137404580152672,1,4
0.73714711125150501,0.67179966060644336,0.072796650902564042,-0.67566278305050054,0.73123645377708524,0.093664573174524576,0.0096922636166536028,-0.11823055728778809,0.99293886788130381,7.9293750603214903,-6.2290257714588853,-2.0689241229393152,0.2978005179761936,0.2460269502775027,0.6136363636363636,1,5
0.019079353134652775,-0.99451689162433554,-0.10282086635422222,0.99618486897380054,0.010150144047170049,0.086675725572235185,-0.085156826570833108,-0.10408230805324842,0.99091633755766351,-15.541221271280351,-35.53756653587822,2.643247126696489,,0.5827272393665615,0.4285714285714285,0,1
0.44411119947057059,0.87677197706795862,0.18448886885975979,-0.89375992270329241,0.41906237624329884,0.15993725453040494,0.062916159086635212,-0.23591868312124495,0.96973394901907095,-6.8945636455686454,-19.877972112189255,0.51978214144430568,,0.1642232381936596,0.5,0,4
0.94053443842117046,-0.33915643391381606,0.019180288804858198,0.32942328169676549,0.92441248901199913,0.1922026317061625,-0.082917257672380562,-0.1744547605928384,0.98116780669087789,14.221306355464311,-4.635413147054809,-2.9359640645416518,,0.5509659861670905,0.1458333333333333,0,3
0.48459644246120681,-0.87473275044741372,-0.0029838312027059216,0.87052749295094056,0.48192686652317185,0.099641253202217256,-0.08572147904984849,-0.050883303920451164,0.99501895329267287,-21.7082995624537,0.8176250744753697,0.075049144372656834,,0.1623788662544897,0.2926829268292683,0,3
0.99669756042297042,-0.051897897310276171,0.062454633948728765,0.034766923056720751,0.96778557671071486,0.24936386781543843,-0.073384154339106028,-0.24636900325625261,0.9663938535226998,23.602577536794509,7.4216131820668556,-5.1032901592858906,,0.3885808451000261,0.25,0,6
-0.40126704285879344,0.89149523588068202,0.21028790910893658,-0.91033336977015045,-0.41355986467560374,0.01616769038608961,0.10138005818840015,-0.18494453960997453,0.97750580615675786,9.5693607786236843,-5.0825912342793647,-2.3327759757084463,,0.07950036429040142,0.2142857142857143,0,3
-0.98944100709488958,-0.1379505342954418,0.044453836354737992,0.13772763645496802,-0.9904374001188776,-0.0080532355166895216,0.045139690246831086,-0.0018456796475116363,0.99897897967427707,-16.486123311372232,9.5587170606840708,-1.1055714912563617,0.1775240686419767,0.1243037874132743,0.5769230769230769,1,2
0.74941460040954821,0.62835039009711147,0.20869485848435523,-0.66209177988391699,0.70953826657426755,0.24122587605174223,0.0034973851866782145,-0.31895334381628837,0.94776396469018842,-3.4065159338748074,-4.5664687893534932,-1.1031171741496086,0.4411155212023343,0.3203282995538085,0.3095975232198143,1,4
-0.046087611114395979,-0.99329563829807654,-0.10601748459468881,0.99428114757078223,-0.055848918009351572,0.091026907793864617,-0.09633759228409336,-0.10121597351802529,0.99018907033843895,-2.6460682080743827,-9.5837765799732111,-0.77012735304961943,,0.3901442401269964,0.1975308641975309,0,5
0.89984655233357991,-0.43617692048364609,0.0050868743618043234,0.42745122975156508,0.88404999517427896,0.18905304074844059,-0.086957624376729367,-0.16794433622411903,0.98195370129807802,-16.942378636924321,10.278529079326923,-1.1025242334877221,,0.1452475279902373,0.2857142857142857,0,4
-0.94534737036116645,0.31098328323059399,0.098019114984521372,-0.31632709427978212,-0.94761288576451641,-0.044350740214295442,0.079091837605017465,-0.072932957462084905,0.9941957880317619,8.823979832474647,6.6530665035312602,-3.1728539495080752,,0.6701587926534293,0.5189873417721519,0,4
0.13532104414161328,-0.98041677863051502,-0.14307744473601136,0.98578837383019446,0.118716611622464,0.11885978355230344,-0.099546456660410051,-0.15712831159483617,0.98254831772371987,21.970738427402381,9.2984219237710199,-5.1007857705477466,,0.331234904837161,0.7916666666666666,0,5
-0.99076964779379195,-0.13426280648861957,0.018681643513477994,0.12599700839008351,-0.96295014883970231,-0.23843608100776995,0.05000258880612498,-0.23388140080689215,0.97097849176451434,-13.088775908250163,12.586399715413163,-1.6848543182212745,,0.2942961508651373,0.2666666666666667,0,1
0.95211934645242147,0.29186182443676228,0.091024312946928795,-0.30382875966096101,0.93642093694302853,0.17551043746063669,-0.034012275929402799,-0.19476268711225631,0.98026050659756614,-7.4268218312478762,5.2121833276247846,-1.5528276668389918,,0.1279810839253315,0.3714285714285714,0,5
0.65042053531093202,-0.75207416538760397,-0.10647805878385762,0.75735791321466661,0.63141800154082861,0.16649413990080941,-0.057983778222578018,-0.18893320800410879,0.98027655504776301,-2.5282002048791714,-12.39411017189906,-0.53919560070751216,0.5901560834495945,0.256943484064617,0.2058823529411765,1,3
-0.99849334524512257,-0.010162098972313129,0.053923754002115194,0.0062698004743237303,-0.99739461086017311,-0.071865706905974033,0.054513568065353145,-0.071419338918531791,0.99595559586018867,-14.698340843251675,-23.01503069661694,1.4480839972404684,,0.2262671040306206,0.4838709677419355,0,2
-0.98985097625131158,-0.13115527008412409,0.054711424250202929,0.11752639138514499,-0.97195742709947575,-0.2036818775300164,0.079891126805865909,-0.19518466905811874,0.97750721369326032,-9.0655902023648398,-18.959312344666277,0.62872616697741035,,0.3421403586862734,0.35,0,3
0.080866499964444616,-0.99642112059858634,0.024608120784798154,0.99247352908083442,0.082774922766099684,0.090247472180117513,-0.091961422658282915,0.017124911273491396,0.99561530430007983,-3.2438149919453743,-11.237360478613592,-0.56908328724177426,,0.1224486207933772,0.5757575757575758,0,5
0.18313876323292469,-0.97293080775294738,-0.14094621927073506,0.98145463048455051,0.17268695281074289,0.083222741059021318,-0.056630395565909895,-0.15357362942295666,0.98651312137442515,16.022871238777949,8.1783830095415855,-4.3525888534262966,,0.3950002041073422,0.64,0,3
-0.97468256935661346,-0.22351878997494626,-0.0057653725402580461,0.22329491003265839,-0.97172760926588131,-0.07671268828507502,0.011544355586133126,-0.076057898462631571,0.99703657101209198,-23.435558801289261,-1.7170513258676847,0.44268877712294424,,0.4510244234733567,0.90625,0,2
0.98797653887111947,-0.14017685673153327,0.06521355286374482,0.10913945590455028,0.93112023881231742,0.34799954028554891,-0.10950314061753651,-0.33669800966290531,0.93522377668873236,-4.8157433384075672,-11.751899583337343,-0.38948751583340901,,0.2528311646860455,0.2916666666666667,0,3
-0.98467827494650928,-0.16317128444474635,0.061512818022098972,0.16271787812138552,-0.98659542383618093,-0.012343492422400218,0.062702368280967591,-0.0021451335994814827,0.99802996518832032,16.910135714710432,-19.520983262730763,-2.1156190283291876,,0.205625344440757,0.4615384615384616,0,2
0.11916425738858277,-0.98684082720833355,-0.10929346511022262,0.9900280262750274,0.10977112828100814,0.088288201849894374,-0.075129135167395958,-0.11872439155744827,0.99008087139299517,-9.2801878123477071,13.233235162952992,-2.1352078998988175,,0.3880987641187155,0.3333333333333333,0,2
0.98901012074909123,-0.14553092990064309,0.02607162246816563,0.12944689808681956,0.93754752119336282,0.32287481487394049,-0.071431657068620411,-0.31595156898872162,0.94608251459478754,-17.184285092048679,18.367169793748836,-1.7083339615191673,,0.5466566076783972,0.2272727272727273,0,1
-0.6999379850591072,0.70856358532659336,0.089579364925855762,-0.70725167328571603,-0.70510888425471918,0.051152047658121862,0.099407684340552152,-0.027551894566210045,0.99466527304408325,-1.4896690640625696,-13.352481213327822,-0.56109156601831978,,0.09071222443764838,0.3421052631578947,0,4
0.9764807138517676,-0.21554809641005404,-0.004943036470027206,0.21152010436377941,0.95328782047153016,0.21564224259308468,-0.041769138433510981,-0.21161604257390548,0.97645992728830422,10.075196076305414,-14.026638512803384,-1.705596621986289,,0.2534520077801879,0.3333333333333333,0,3
0.96990477328635138,-0.2430093308231499,0.015205127070660886,0.23612788346332883,0.95399876718145504,0.18474299680201967,-0.05939994450737001,-0.1755927599565181,0.98266923694769881,15.187386450567288,-7.7531151628835824,-2.8456647872965295,,0.1164937157102504,0.1666666666666667,0,3
0.67131231365783384,-0.73396437652144886,-0.10313133146065281,0.73398827356534468,0.63900650010694637,0.23006935278223326,-0.10296111790346399,-0.23014557744730124,0.96769417761063192,-11.6389809375422,-27.918467117221464,1.6054996378982516,,0.7739212324247171,0.46875,0,1
-0.22684609302974951,-0.96935437230250987,-0.094302444163153948,0.97178154669038408,-0.23171082277984811,0.044166957317999175,-0.064664330114695939,-0.081622273336953502,0.99456338606753703,1.7677210817757543,-6.0228167486158091,-1.4683788861865714,0.8106691568080364,0.3067391349226303,0.2295081967213115,1,2
0.083017848557691745,-0.98997149844231758,-0.11429990854206655,0.9925868492458555,0.071925828749424298,0.097969494552609379,-0.088765891676011621,-0.12158580275090139,0.9886038180405643,14.593665010912142,-15.439052024059867,-2.1535619044003975,,0.2386348539165924,0.4,0,1
0.021635868342547191,-0.99216038380671356,-0.1230839632347743,0.9961197087270377,0.010888034897499945,0.087332563123001763,-0.085307766859918616,-0.12449587744413924,0.98854608461760052,15.472519471136485,5.136416045819824,-3.963305216073568,,0.3082575739741674,0.25,0,1
-0.62799066841177142,0.74941376701835671,0.20977780195028559,-0.76119316597366271,-0.64759278755685756,0.034764142148645483,0.16190331825731386,-0.1378498723528441,0.97713086545742478,-1.0042629019275757,8.3305800764557407,-2.456424533508359,,0.6027732052418775,0.2564102564102564,0,3
0.21380431843142186,-0.97219912859707092,-0.095480719389683819,0.97108552951543137,0.20089242472423408,0.12897723851188903,-0.10621020565750731,-0.12029583552024666,0.98704017353432794,-7.761552294270647,12.412727630265538,-2.2103059573791373,,0.2511300303250308,0.1304347826086956,0,4
0.36507809517465584,0.92133178010624717,0.13366276740326527,-0.92930167745767611,0.35203658785996483,0.11166303364257288,0.05582451699740977,-0.16497876158514363,0.98471601567550326,8.7475173847742127,-8.133105103810383,-2.0377015733150681,,0.07620416807711401,0.3043478260869565,0,3
0.50384049545819232,-0.86189104463879607,-0.057346162102524356,0.85674759208348705,0.49016225250695367,0.16038868313087598,-0.11012864566310929,-0.12994149987111461,0.98538666929061647,-1.0086162070488913,-32.062740719466568,0.97573985804833263,,0.4347002801241004,0.5714285714285714,0,4
-0.36962731788725695,-0.92096087423082873,-0.12331550594901002,0.92751617983854451,-0.37364044708668148,0.010322424064969972,-0.055582209466564489,-0.11056167707145335,0.99231382815819047,15.514046373801122,6.9621329207162193,-4.1283935118176789,,0.7517218022794228,0.3728813559322034,0,1
0.61127714901459107,0.76492796331420021,0.20304053297945759,-0.79115285311920069,0.58399786819870225,0.18172411216104065,0.020430616582494565,-0.27171989415454983,0.96215949250979094,-11.932571852774513,-15.04485895714997,0.56034182948052591,0.6248959125486655,0.3786933379264418,0.3181818181818182,1,2
-0.47297149228406515,0.81064672047646913,0.34518091208427298,-0.87393595049665485,-0.48141688471536104,-0.066886004070100979,0.11195499951361453,-0.3333011816536251,0.93614977455116877,29.431341661892628,3.5565883730423535,-5.4533244029744816,,0.507916238862268,0.2857142857142857,0,2
0.43226221700069878,0.85009150014822665,0.30082190267561815,-0.90173983755324749,0.40608093805150958,0.14820100242795051,0.0038263720524925001,-0.33532478752240247,0.94209481781292714,0.56540077369742892,4.5156809528587329,-2.1997074403101906,1.07971634121608,0.6510260483982813,0.2564935064935065,1,2
-0.53664085443282994,-0.84285770966569162,-0.040093323767266986,0.84381055338848165,-0.5360676078083384,-0.024804633616919699,-0.00058595548155041075,-0.047142349493318261,0.99888800950878553,14.870653824725718,-22.327760565289321,-1.6587617146099607,,0.5657514171181183,0.5476190476190477,0,2
0.57190806800564109,-0.82030392101414473,0.0047580372923027572,0.81264961091893784,0.56734371370750192,0.13312295215280887,-0.11190072217530134,-0.072267473218592657,0.9910881094490267,-3.3572019800055628,-5.9840167094494374,-1.0328297274885019,0.1505122333895484,0.1227135764558836,0.2232142857142857,1,4
0.91032977511502244,0.36768883035553129,0.190012169533463,-0.41335803302273483,0.8308285813189149,0.37263790064776575,-0.020852747411498528,-0.41776643294474952,0.90831512727137365,-10.504502533119343,-12.464522279855723,0.20153048159937503,,0.6163940569920764,0.4117647058823529,0,1
-0.97937738309673683,0.17247981761725115,0.10521717537221445,-0.17632179952735538,-0.98392549789387607,-0.028306140777625572,0.098643623666320332,-0.046274475783172946,0.99404633111388196,7.8118058684569229,-8.8770469480873881,-1.8567014929873402,0.8612100103473607,0.7537801058157125,0.9927007299270073,1,3
-0.87464224030669313,-0.48309843658195872,-0.040210098773266492,0.48453567678655696,-0.86863570541353829,-0.10342721692919013,0.015037599285850493,-0.10994504014639217,0.99382390731704895,-17.128363111929978,9.1224143535554845,-0.98194746449674786,,0.1003611460216425,0.3333333333333333,0,2
0.44454435526002428,0.87590005802835813,0.18756173530965345,-0.89215884608533957,0.41419529961428042,0.18026327171421122,0.080205421002103011,-0.2474698812448809,0.9655701674754249,16.678104284803453,-9.2871300155531866,-2.8838599981481896,,0.2155240513131694,0.1111111111111111,0,5
-0.36048734940039234,-0.93235558548504271,0.027603136363879149,0.93091521840687408,-0.35775291576384133,0.073550713123335776,-0.058700315678545438,0.052210281337235286,0.99690940383864657,9.3514850953198927,-6.4111207785450448,-2.2486568187625262,,0.08339053935554694,0.25,0,4
0.98213019856232475,0.1574786809683153,0.10305696537550701,-0.18282150290033639,0.92830746628601635,0.32376155750011282,-0.04468300738749751,-0.33681703204873142,0.94050928531976385,-15.810288934429805,9.9238903437067609,-1.1867600660862141,0.5283883686772504,0.2223424337290615,0.2608695652173913,1,1
-0.94308383034938448,-0.33254733725014812,0.0022709956781693809,0.33107761290600873,-0.93951500057070858,-0.087744959599287534,0.031312987177736291,-0.081998976764699888,0.9961403840039561,-10.734116766200938,22.333091880377275,-2.7799708985596903,,0.2075683368572369,0.5,0,2
-0.48121363779276694,0.86148824627142229,0.16208465793665591,-0.87054973684217751,-0.49134276102913294,0.026934120893121475,0.1028425519241367,-0.12814169001718087,0.98640920352218608,-9.995599603436558,23.471064412960491,-2.9747876124400729,,0.2801132588381992,0.5555555555555556,0,1
-0.86327479406107355,-0.50349912942904695,-0.035288193535558496,0.50459638780008353,-0.85929342305460976,-0.083649856629879546,0.011794717373425287,-0.090019107745430635,0.9958701947958869,3.1349996166615246,-21.074294900609491,-0.39818324201549071,,0.5441277333707608,0.3928571428571428,0,2
-0.59154426232735491,-0.7793961776829007,-0.20643881398823505,0.80564800408471571,-0.58145841067043402,-0.11330229554129016,-0.031728208614708514,-0.23334034129120593,0.97187736155556381,-3.4159041310831681,-15.449811014258387,-0.2242792102520082,,0.5160761738218151,0.3548387096774194,0,1
0.98785879966180856,-0.15270249176718265,0.028582178692754007,0.14012145008458271,0.95523828549896739,0.26054903020964648,-0.067089277510827425,-0.25338067591094432,0.96503744068196062,21.455221228850309,7.1688690860349844,-4.8249323830707045,,0.3232110278426997,0.2727272727272727,0,3
-0.74534016405620818,-0.66628440707031011,0.023089580759090754,0.66660018330825732,-0.74424861433475931,0.04169167391924998,-0.010594123751532359,0.046465997845272451,0.99886369219537696,-7.103829542978179,-11.907509475100534,-0.14622761097095283,,0.07980430344603368,0.2666666666666667,0,1
-0.99749911270330138,-0.045703352776576812,0.053914039925659775,0.040202692572491094,-0.99427147454806863,-0.099035238223223646,0.058131434405557528,-0.096620072681553357,0.99362231148911073,15.719572842838179,-5.5157276483034323,-3.0471217908988542,,0.3741011952961493,0.1904761904761905,0,2
-0.83482924508462653,0.49544084997301846,0.23999686608255105,-0.54193615473631662,-0.81625722553991864,-0.2000733514076517,0.096774664768461208,-0.29709006367074542,0.94993271252603184,-8.3785851510012375,-10.332097043053873,-0.15406984363592921,0.7358468408548853,0.3845642575427607,0.1836734693877551,1,1
0.86559786913271475,-0.49995264503692666,-0.028065667166237141,0.49377015526602275,0.84288936093083899,0.21384236951121496,-0.083254805996248432,-0.19895948821351547,0.97646492990191125,17.408301103062566,6.6843793797436595,-4.3282753029903471,,0.4531235094149693,0.3424657534246575,0,3
-0.053759652880406676,0.94891590865797038,0.31091558021108623,-0.9940401245179713,-0.080428224228049766,0.073590295527456481,0.094837390150056364,-0.30510637332468293,0.94758428141574036,5.7906389193694077,13.111368042490374,-3.5501272067595382,,0.243595399396758,0.2857142857142857,0,2
0.64040312199356986,-0.76764935337012252,0.024460409058784428,0.76152700014861963,0.63878968756924648,0.10965565694404424,-0.099802151206948381,-0.051596563118277511,0.99366861945461904,14.955155402997619,-11.417625971091136,-2.5242628098122988,,0.1067182801537648,0.25,0,3
-0.95338867763275614,-0.29899032153771821,0.040679441840279031,0.29992944669804816,-0.95376765931583862,0.019224438784766089,0.033050814892638315,0.03052932475438035,0.99898728919089574,-4.9965756622339494,-34.051353768627827,1.53466619343794,,0.2930627831251723,0.25,0,1
0.50698661009224344,0.84253299764438427,0.18194154299539364,-0.86095117697253654,0.48480835698706665,0.1540257376710325,0.041564985947073987,-0.23473177219087732,0.97117112141339457,-7.979811537666432,-30.40611903976702,1.4662064245602295,,0.4938842120207917,0.2272727272727273,0,1
-0.83341945718802868,-0.55059843251649088,0.047469721831880737,0.55262468207505266,-0.83097365420583202,0.06394330908902067,0.0042390024604400658,0.079524537887312216,0.99682389554622464,5.3734663998140775,-9.3478856529864203,-1.5798584301174263,,0.07303503456152032,0.3333333333333333,0,3
