axis_00,axis_01,axis_02,axis_10,axis_11,axis_12,axis_20,axis_21,axis_22,location_x,location_y,location_z,dbh,dbh_approximation,score,reconstructed,number_clusters
-0.29983391175182239,0.9416946233365644,0.15267894990012837,-0.95340606398731154,-0.2901819254974296,-0.082530765577608162,-0.033414106539339197,-0.17031055896100422,0.98482374615489821,-3.7722069730721102,11.812915275802462,-0.74804929976037127,,0.264312860262879,0.1818181818181818,0,4
-0.93904219498294195,0.34356228363856695,0.012834068048447535,-0.34377901247298837,-0.93875603849896605,-0.023517881809920482,0.0039682016980285666,-0.026496366595843545,0.99964103353779088,4.8244509714887434,-5.8596974431753885,-1.1189263930143483,,0.06738043274015698,0.2222222222222222,0,5
0.66869940384429072,0.74087034149854891,0.062866878291462022,-0.74353284719538382,0.66629216992566276,0.056689059237895932,0.00011153392354065727,-0.084651529127211106,0.99641061123244201,-7.3935971281210833,-9.3115573224609705,-1.2416802812829479,0.6917843265487443,0.3421720667893354,0.839622641509434,1,6
0.20387439297653553,0.96262892966297775,0.17827163449174813,-0.97898986292261503,0.19976633880780506,0.040893253405482693,0.0037523570204569742,-0.18286321022894539,0.98313120495768802,-11.404445512969033,7.9026175303498771,-1.0016842979757008,,0.09454073586833454,0.225,0,3
0.37690009799591367,0.92033044561235744,0.10458578779944483,-0.92624887995327654,0.37411543281831711,0.045832906437014792,0.0030542619356533456,-0.11414689573581521,0.99345918772635322,-7.1139487512679969,8.1726903651798182,-0.92265936401064086,,0.0687885042376687,0.2465753424657534,0,6
-0.78437293365483729,-0.61277781747971827,-0.096241609268018613,0.62028092185018302,-0.77568082255065474,-0.11649394626257349,-0.0032678645002360597,-0.15107153250011543,0.98851743187951668,-10.201551569509235,-8.2961762647198807,-1.2147208796845563,0.2790103707582435,0.184594968735964,0.4354838709677419,1,4
0.69184998408303733,-0.68891366496881357,-0.21619796887005543,0.72203168946503082,0.65855611550813775,0.21207093656393633,-0.0037200715818172547,-0.30282305880838845,0.95303953544507092,-22.286446466944145,11.539379514901913,-0.98014484457372941,,0.6381024359486633,0.4333333333333333,0,1
0.99993640597281741,0.011269823227188766,-0.00041844305847658876,-0.011233678574043386,0.99862825071540662,0.051141190236268341,0.00099422123310126853,-0.051133237307205821,0.99869134549500538,-21.26928072837379,6.8813057842497303,-1.0778529752939932,,0.1965489995810597,0.3333333333333333,0,1
0.47981826418100565,0.87705411878015538,0.023462866173851314,-0.87735359405016411,0.47948612185813927,0.018539955574426205,0.0050104256891751247,-0.029481039266060605,0.99955278197712294,-2.5254081626398546,12.997479737166694,-0.68286585821878998,,0.1022148789779033,0.3692307692307693,0,5
0.93761690915157203,0.34655277947026475,0.027851440079231564,-0.34765747496502192,0.93388547701191138,0.083619351391766752,0.0029684632384556729,-0.088085679129292771,0.99610847871019181,-22.415626358234277,8.5364681632890083,-1.0423796139342421,,0.5724042365629969,0.6818181818181818,0,1
-0.55579560614539802,-0.83077168723205363,-0.030160369412139721,0.83130243479471611,-0.55518976552565735,-0.026468588174337223,0.0052446252341514562,-0.039783513534788491,0.99919455861057427,-6.933244790484907,-17.5248161837598,-1.3359321740979953,0.6048333391696178,0.4698498440743658,0.9357142857142857,1,6
0.99914315283466681,0.041384179748226224,-0.00055660593719466611,-0.040810587032524624,0.98735507970923819,0.15318107767745298,0.0068888409521161882,-0.15302710949021955,0.98819797997739578,-7.9698200725678756,-14.358825822326729,-1.336017862477247,0.2778048045394117,0.2275696503757074,0.16,1,4
-0.92417250736446033,0.37935291524189912,0.044682684892009675,-0.38187955270025953,-0.92021725059745429,-0.085838330204585298,0.0085547566380313536,-0.096392828573157369,0.99530660539279503,-2.1258391560682588,12.103937512620746,-0.70882460930367042,,0.1288077714962979,0.4230769230769231,0,2
-0.9562490004603541,0.27970535304097793,0.085748262949143256,-0.286874559968815,-0.95397622221097833,-0.087363346426110836,0.057365808294420721,-0.10814010789846586,0.99247915902674533,1.8154123683007544,-6.7136777085307751,-1.1713463836577578,,0.1883448922532993,0.1891891891891892,0,2
0.65743909590527683,0.72340615229461436,0.21084917357569852,-0.75349001888158851,0.62924430037163326,0.19053714046253212,0.0051600989406413496,-0.28413931314078394,0.95876911929140018,2.025667934050472,18.492055170693309,-0.42974233714351867,,0.4116676574107191,0.103448275862069,0,1
-0.41242882022066196,0.91039910377818833,0.032801525745984494,-0.91098793807379097,-0.41223388785409709,-0.012813991913483831,0.0018560537319568205,-0.035166653872203989,0.99937973839776084,3.0804138437956059,-10.36036331655583,-1.2200278824819357,0.1381897112943007,0.1230785889222066,0.4074074074074074,1,5
-0.5056908108119651,-0.84710507806704705,-0.16337010305854732,0.86247983384061588,-0.50082500325235801,-0.072820686178723809,-0.020133059345311219,-0.17772817117806264,0.98387364894639806,-4.4658162993211805,18.667177677878822,-0.54311785779187505,,0.6503794000467917,0.1538461538461539,0,2
0.31729748564070159,-0.93100243203669075,-0.18043496653324936,0.94830056860026968,0.31009794719994377,0.067566964818505243,-0.0069524958463147548,-0.19254540940813655,0.98126343461751331,-6.2259245982076905,-6.6236994455636715,-1.212072365659941,0.1473041092406984,0.2806769905931278,0.2531645569620253,1,5
-0.90073322082279661,0.43231389306860168,0.042241718313323996,-0.43435116127308615,-0.89545042757563409,-0.097506925166044922,-0.0043282336944862072,-0.1061754661609018,0.99433798920618643,7.0810758254442021,-2.9642327634855454,-1.012831669888681,0.1405687222697522,0.1267992753081623,0.3333333333333333,1,4
-0.8326770419278442,0.55029634138445738,0.061829446909823012,-0.55355158706144147,-0.8302157037479192,-0.065745917836054407,0.015152039732439438,-0.088970904846620569,0.99591896948633263,-1.6484383853039508,-10.808726680569482,-1.2668799679195302,0.3813381450134334,0.1583865308517252,0.3090909090909091,1,7
0.17055999431292965,-0.97896543816958181,-0.11196409785914808,0.98533327342046695,0.16884675801103921,0.024680206637498463,-0.0052562943678466307,-0.1145314069528575,0.99340572184325471,9.5252718691136558,6.4793191045987122,-0.66045841113803672,0.8694611998503959,0.6704718653498745,0.6842105263157895,1,3
0.87965470436799709,0.47064422730620947,0.068568304533456609,-0.47561232321114333,0.87024571898899672,0.12831721081376055,0.00072048105495586096,-0.14548676876151095,0.98935993501980035,10.693721555969883,1.6290622592519437,-0.76651297403834684,,0.1522056893388753,0.3333333333333333,0,4
0.99323491906238726,-0.11525333532921657,-0.014179712642533473,0.1159438798344665,0.99105424494482397,0.066094631444434393,0.006435237685154218,-0.067291546811884248,0.99771260162613951,-3.909801287552789,-1.770534032746472,-1.1225287697047823,0.8511773118586907,0.8835112674884922,0.7693010507080859,1,4
-0.67631888991142752,-0.73540918033153568,-0.042024952505303269,0.73658350006579065,-0.67566830992360483,-0.030283368303549951,-0.0061242615720863485,-0.051436100640290722,0.99865750934497954,-0.67426214477778446,-5.2725278318165509,-1.1530436613349537,0.6119563351428747,0.3279122175736063,0.4983606557377049,1,3
0.93351494649124211,-0.34520840770454664,-0.096855562192080635,0.35807990124122574,0.91131684812210068,0.20317575311998462,0.018128127441259065,-0.22434963244652392,0.97434009124975551,-2.5134243123715199,-26.598127931323795,-1.0734394558561948,,0.3650614232923414,0.3333333333333333,0,5
-0.37941863711121643,0.92493491251103777,0.02317121988300128,-0.92521028678085593,-0.37943530454613139,-0.0038438130639913272,0.0052367019729603684,-0.02289666530706376,0.99972412178073544,-25.373889527654562,7.9726584276481223,-0.99573073993089534,,0.08456774859929458,0.4285714285714285,0,1
-0.39792708356766909,-0.91463156838787019,-0.071436197208939206,0.91741607234070499,-0.39660502821206833,-0.032437660332693408,0.0013365531355101512,-0.078444539040328373,0.99691758331391989,6.9293513612114248,4.4019198616770749,-0.76823817849067833,0.1738045211197272,0.1380455827951883,0.2105263157894737,1,4
-0.96469250826226194,0.26226492724580402,0.024196537756856311,-0.26337760921003611,-0.96087877419978074,-0.08569840289720837,0.00077425413876886504,-0.089045433510538965,0.99602726433639788,-4.9487553065320204,13.086061794930835,-0.72363500448179396,,0.08320358867322482,0.2608695652173913,0,2
-0.50487831097863378,0.86097337883029446,0.061828246367730107,-0.8630795679437282,-0.50466522750432163,-0.020165999754023872,0.013840177073650938,-0.063544072056785972,0.99788305948393174,7.998944099480684,4.9443168526456613,-0.7395644097203774,,0.09681668225660971,0.2962962962962963,0,2
0.29987984124299516,0.9128060114632246,0.27723143085277308,-0.95397583603902747,0.28738782151897896,0.085664136581269881,-0.001478198131178037,-0.29016103370227941,0.95697669221936121,-2.19410663744579,21.35827854064382,-0.42935181485067864,,0.3659853740807961,0.2105263157894737,0,4
0.56600101897822497,0.82408834150591992,0.022830941934842176,-0.82438687045871484,0.56559048332789219,0.022219203050658935,0.005397622707842378,-0.03139762033884623,0.99949239872355211,10.924772882667718,-4.0623011106389875,-0.94357344619367389,0.3238749766523316,0.3081491506018403,0.7894736842105263,1,5
0.90461620876964977,-0.42572684667522831,-0.02064380902821834,0.42619545960395538,0.90289767792851816,0.055975114151419147,-0.0051908616047914935,-0.059434293225862918,0.99821872339910722,-4.6659421757522868,16.229743114234573,-0.63028066388611126,,0.3031234606878195,0.5263157894736842,0,5
-0.52796514512847414,-0.84848337910951266,-0.036452172834718403,0.84926531186806309,-0.52753431398651474,-0.02135363258133726,-0.0011115696608050346,-0.042231539655571491,0.99910723221844844,-7.9382288862025723,12.831800380447236,-0.77792385228369765,0.202506930845691,0.1990366491606603,0.7222222222222222,1,5
-0.25839185863189895,0.93560634799353959,0.2405710061228182,-0.96602398500251085,-0.25168973915254877,-0.058736152454779977,0.0055953366853099063,-0.2475743056125054,0.96885275218056954,-13.113895572322575,-8.1731636467468292,-1.1802859661216525,,0.7842116772261449,0.3571428571428572,0,1
0.99400808674933172,0.10922702002282693,0.0041691214740870583,-0.10903578598091997,0.98814124288612171,0.10811143086183407,0.0076890085482944105,-0.10791821998348138,0.99413004025788332,4.7496885138589349,3.0494973918604735,-0.88558648332296463,0.4934271723411827,0.6622341931793966,0.6276595744680851,1,3
-0.027925956431064533,0.9746951753698202,0.22178696099682546,-0.99958806550535406,-0.028698958854403343,0.0002627925778292954,0.0066211975258242744,-0.22168826056304908,0.97509511067990429,-8.9544242733375761,3.9324365832177524,-1.010343527149189,0.1938447155990633,0.09860619737099782,0.3271028037383177,1,5
0.85462036328143842,0.51886025911964273,0.020200647786659563,-0.51923524164253576,0.85361879034756205,0.041589957946403723,0.0043357238289605899,-0.046032513203857199,0.99893053273339116,-5.891223506525936,10.621621668318962,-0.82265373326163471,,0.1359894081208878,0.3698630136986301,0,5
-0.031391880379981058,-0.97456629236016357,-0.22188981869741839,0.99950675736082228,-0.030806185488488579,-0.0061008954837353567,-0.00088985182113893277,-0.22197189175887347,0.97505265879988412,-13.270750919101703,-12.943586471237598,-1.2545124134102579,,0.1318667016819717,0.25,0,2
0.89595703011696926,-0.44402493402603188,0.010141900569280079,0.44244863194834172,0.89430221223701978,0.066803901645130309,-0.038732522136055589,-0.05536615528596301,0.99771457871368674,2.39868779690002,6.5710131987667788,-0.81247071566803508,0.3026165157288278,0.1608088183077785,0.5166666666666667,1,5
0.87533705244667115,0.48118001535647165,0.047442991426745296,-0.48348361959401776,0.87214564363643976,0.074870327034452983,-0.0053510931817347387,-0.0884746806014272,0.99606405250577845,-11.252857654432361,5.9478989497441113,-1.0210009612092854,0.2410174662920924,0.3081844765873463,0.6583850931677019,1,6
-0.88605971478986334,-0.46345841634789925,-0.010221455023707998,0.46355525999344599,-0.88599637537489218,-0.011266931923115857,-0.0038344176758759048,-0.014721383727379128,0.99988428235583149,-2.3647282716607179,5.4626077415289833,-0.94408264869510439,0.3686521984258554,0.3481335366401567,0.9331683168316832,1,5
-0.3590970591966392,-0.92782471651163523,-0.10094848937169695,0.93326427378453591,-0.35792586538845855,-0.030114285037909954,-0.0081912974397728416,-0.10502556982004557,0.99443578592598236,20.871386004466252,-9.7281879056522396,-0.8197715311703091,0.3507077147784942,0.2646388059947361,0.6428571428571429,1,5
-0.85230190360653313,-0.51956509913682314,-0.060279124642136507,0.52304985049588359,-0.8467470116575152,-0.097151181903774475,-0.00056480519896586867,-0.11433112440630383,0.99344253733523802,14.034059244598113,1.0524303163665234,-0.67152616686815192,,0.1352521112713361,0.3888888888888889,0,9
0.99186458024374347,-0.12728673972339585,0.0016553997979447638,0.12316227354242566,0.96285056409742364,0.24031197555081152,-0.032182430513609125,-0.23815305395451392,0.97069429485207903,2.3757323051385417,15.261474985012068,-0.52351733277325629,,0.5925193179486595,0.1428571428571428,0,2
0.028588551972914558,-0.97527625489186143,-0.2191322006009109,0.99943399055619908,0.024000106934087811,0.023573149727272279,-0.017731136934895381,-0.21968209192207319,0.97541036762571798,-12.049039312334774,-10.389626757818998,-1.2340719082327272,,0.2436924983570105,0.1764705882352941,0,3
0.99170028683895295,0.12852178358205557,-0.0035626153910776484,-0.1280050215771755,0.98955193129555796,0.066345231330193002,0.012052200403424647,-0.065338552280543041,0.99779036778840324,5.8241242564836977,-8.6411235992326674,-1.1418197002832737,,0.2583925649855687,0.1923076923076923,0,5
0.82173468408000294,0.56729170989154709,0.054150021867600616,-0.56972064371320308,0.81562450803493003,0.10087145294775507,0.013057454076134279,-0.11373995683620788,0.99342474557056737,-2.3821687452813411,10.313751902692895,-0.77942185659582763,,0.0799526837859664,0.2727272727272727,0,5
0.4088077255713487,0.89398532727969893,0.18348427213739538,-0.91262011210368799,0.40065378845534483,0.081246986283991462,-0.00088005513023563199,-0.20066583267957849,0.97965935360102507,-14.492857089489503,6.017760619286542,-1.0674730800948542,0.5760199605637251,0.8417808989273901,0.7935779816513762,1,2
0.73499736574750041,-0.6573325180513494,-0.16641163738304909,0.67776999344128153,0.71950291782789533,0.15147074710236999,0.020167011053701476,-0.22411941448570982,0.97435300569954753,-13.170491500176359,-20.432819739784538,-1.2849635919496012,,0.4640777133855524,0.3125,0,4
0.81585630255208863,-0.57472627437519774,-0.063782467252678041,0.57824850630942182,0.81035903402957432,0.094588059064434363,-0.0026755442355804017,-0.11405238055147866,0.993471134937288,10.237489016046498,-11.714936938039051,-1.0982538608369268,,0.1393898557979526,0.5641025641025641,0,4
0.12199422243283235,0.98143356183177044,0.14800531545594342,-0.99250695735900696,0.11959351262931399,0.025046583219042656,0.0068810818171949261,-0.14995184376054463,0.98866935588488736,0.29032456596676359,-2.5552371005597472,-1.1142557100334993,,0.07962862269149759,0.2702702702702703,0,5
0.9412111761584856,0.33542614161713191,0.04013508931353299,-0.33780491547034125,0.93343063014330052,0.12081017256157489,0.003059568341640223,-0.12726571506154202,0.99186394067504946,8.7123211057773311,-4.6780792688220165,-1.0135790735292376,,0.08105462669522601,0.3055555555555556,0,5
0.99542592230264126,0.094063542293534391,0.016711768880904115,-0.095533636125624363,0.97868099139850218,0.18181540485850464,0.00074671048813816805,-0.18258030311738896,0.98319066072507499,-4.1545770728461333,-17.261154771210865,-1.2823831479558525,,0.4715886534619222,0.78125,0,3
-0.984932718771519,-0.17114893012845409,-0.024810949381817753,0.17293528254567059,-0.97392955702620243,-0.14681486982452358,0.00096309095658217176,-0.14889345743392571,0.98885277508291314,2.6401288756610075,-4.3431864131428881,-1.1215176598714494,,0.1520918641203672,0.3636363636363636,0,5
-0.66908972893883278,0.71510832718335371,0.20233391960218872,-0.74316855944328009,-0.64541854432822265,-0.17645224535901569,0.0044075938514358242,-0.26843059257518315,0.963288944235413,-2.0838870516903567,-6.0989149134806828,-1.1742010398830731,0.3706212316699345,0.5038807089994006,0.2,1,2
-0.86005351678754705,-0.50959199322398829,-0.024978965218283185,0.5102016123279618,-0.85887405038403086,-0.045051973928767516,0.0015043401616070793,-0.051491416944309511,0.99867230408264862,5.3529666368047071,7.5661225822065079,-0.71202143661074901,0.190759028325243,0.1322574997933411,0.3846153846153846,1,8
0.97155786629617047,-0.23577970226126296,-0.021982821466346836,0.23680167089967732,0.96715220453263995,0.092420679107946338,-0.00053018595983051809,-0.094997606650079669,0.99547735967906503,-11.588340268830063,-4.8520158265076478,-1.1520626117106427,,0.2461291955538231,0.7083333333333334,0,1
0.9971743519922549,-0.074994313416538658,-0.0043777487374092117,0.075120508152781595,0.99582488662690749,0.051862360430026094,0.00047008902750075572,-0.052044674364319428,0.99864464695236677,-9.7251907748378077,16.983431166912144,-0.69503253861138259,,0.09204278073291636,0.2352941176470588,0,1
-0.17386157797636725,-0.97978338798774267,-0.098978100238523076,0.98474851443142741,-0.17364286852194921,-0.010886575979830089,-0.0065203549491662698,-0.099361294449743412,0.99503005891108975,3.1636571785203005,-5.6860097846788049,-1.1375114399887869,,0.08094054626469421,0.1176470588235294,0,2
0.98282948160416794,-0.18372689684719304,-0.017048092696326934,0.18342536043934193,0.96280870015452258,0.19837979749575138,-0.02003365262200462,-0.19810056608111623,0.97997694793345058,-3.6372876493815034,12.489214628137082,-0.72892892128280562,,0.2659672404515117,0.125,0,3
-0.8806483961222118,-0.46739404616172936,-0.077467464266899849,0.47371326496679361,-0.86615157731336379,-0.15930218991612277,0.0073583287420788636,-0.17698658347496099,0.98418575699305055,-2.4164061994037689,15.534721504084635,-0.59688108597604184,,0.5428865869995786,0.1224489795918367,0,5
-0.53257187599869893,0.83845537614574506,0.11558451067302532,-0.84608689109464097,-0.53101962643941625,-0.04642336754208512,0.022453721585321437,-0.12251831923610067,0.99221222116970964,-5.8227106156095312,15.749548083366802,-0.66730746437007249,0.6761269365800719,0.2281851867142946,0.3125,1,4
-0.99995134607800074,-0.0094738120418782264,0.0027481561436203659,0.0093469130371473946,-0.99903126346991689,-0.043001974679975359,0.0031528865299213552,-0.042974195688766544,0.9990712075780348,-0.56189510532314013,-16.706456095049099,-1.2201427825822651,0.1130381894839386,0.08947686834551141,0.3684210526315789,1,5
0.62120884174533442,0.77740665409330523,0.098683682080038693,-0.78358907957715718,0.61471438554832636,0.090079845511461365,0.009366392306829634,-0.1332858521051557,0.99103337598880015,23.524286300453831,-6.9993176914608561,-0.77357708522935464,0.4766230018348175,0.3109149364704552,0.2857142857142857,1,5
0.9767144620986612,0.2104219314881203,0.041850570798143777,-0.21405885532959662,0.9688905603979775,0.12421710198951876,-0.014410620469097375,-0.13028312523308838,0.99137210032217138,10.095956117094916,-6.6001313359541678,-1.0244143341775198,0.2906912698729533,0.1525339729144952,0.4230769230769231,1,5
-0.4415202247808856,-0.89405976903423834,-0.075610981370972094,0.89717715312141366,-0.4409967054578981,-0.024393886370071942,-0.011534601267163226,-0.078606839204518511,0.99683896282392725,-11.765508164224721,2.0110522626289216,-1.0641629810601103,,0.1012169519914539,0.1725663716814159,0,3
-0.49861642674151729,-0.85773616675341158,-0.12518117760544289,0.86680401415902941,-0.4943281533583051,-0.065501739176618848,-0.0056973696838817567,-0.14116779037915272,0.98996928989648614,-18.811955957882873,15.73694216120594,-0.89990376878340461,,0.5495539229877938,0.5,0,1
-0.74161945987254285,-0.67064937951830927,-0.015165305472191049,0.67080582712050163,-0.74156450928538731,-0.010080717707703432,-0.0044854252348778137,-0.017649031702322775,0.99983418257250667,-3.1323805013073693,-9.1558536249655109,-1.2408330626595845,0.2714899993942369,0.2644865441749414,0.6602870813397129,1,5
0.91697020073657587,0.39877955981644636,0.011853844681193474,-0.39827577056377034,0.91326933517669517,0.085530883356555107,0.023282215164357484,-0.083150370405182528,0.9962650020745093,-6.2472130513691502,-1.1480469579750898,-1.0995882308493681,,0.145204918929661,0.1260869565217391,0,4
-0.99730330040896453,0.071393414436714389,-0.017003157602458675,-0.068617251032078039,-0.98925989512185963,-0.1290601904705235,-0.026034589572092093,-0.12754544397411674,0.99149097820769794,-1.2315294943639414,14.14673548296763,-0.60713175406688213,,0.5077004686582601,0.896551724137931,0,2
0.98170988531815584,0.18838724668112949,0.027494478655128413,-0.19024478577941106,0.96521047969956508,0.17937572679122929,0.0072541403598202457,-0.18132560537893996,0.98339636072216641,-9.6661148195654416,10.771316143406015,-0.91103548283755642,,0.262119335735023,0.2837837837837838,0,5
0.9992973323227401,0.037474939628217338,0.00068593914945302048,-0.037471632711368989,0.99846065824461894,0.040892428145890704,0.00084755802133984774,-0.040889397618258549,0.99916331938668379,-6.8794781240219729,10.352599506996073,-0.84443133430990436,,0.09147061986178692,0.4,0,5
-0.038852476078845198,-0.99872935072094626,-0.032096247616481256,0.99906424354562595,-0.039436259625864174,0.017760030836853846,-0.019003220020494618,-0.031376192172364543,0.99932697961858996,2.9250876064974851,-13.469313278950176,-1.2052113768866373,,0.09449274584638774,0.391304347826087,0,2
-0.98969292416443189,-0.14074843176552154,-0.026415806147122446,0.14258773755811474,-0.98563123727482138,-0.09055275371938136,-0.013291085618347685,-0.093385989653968091,0.99554126181662317,3.8033484878153714,10.252103380049743,-0.65252718236832485,0.7073802602946309,0.6453439732622892,0.9014084507042254,1,4
0.2842718277727101,-0.92680249878223109,-0.24541119816702528,0.95874334980559273,0.27502709854510088,0.071911642099270603,0.00084684019321628516,-0.25572880814815468,0.96674818828111109,-16.093782529340327,18.400485913133135,-0.80428635690850125,,0.5283291123953159,0.1176470588235294,0,2
0.99960595047622558,0.028054778628665893,0.00093443491943717206,-0.028048951853285511,0.99699170036460893,0.072255143097349733,0.0010954781851689919,-0.072252880912687278,0.99738574339488295,-29.865062508046847,8.4313804493843545,-1.0097519181152341,,0.2262129092719421,0.3333333333333333,0,1
-0.10002268091214987,0.9932168039762016,0.05929454951718547,-0.99493962742927455,-0.1004104414815902,0.0035890127289203203,0.0095184596465207553,-0.058635514330240744,0.99823407845313783,6.7393086764455727,-0.0043815431174977007,-0.94355478590920361,0.5096771614826883,0.5310349937482193,0.819047619047619,1,5
-0.42931181342939695,0.89077476112093446,0.14903587420451725,-0.90004567280800929,-0.40828389261112891,-0.15238782724969069,-0.074894283557158589,-0.19956098813206491,0.97701906752438217,-11.160938187679371,14.803118457535081,-0.79003998477581405,0.5805169738389625,0.7103460277641114,0.4423076923076923,1,2
-0.93657655671060414,0.34701696785585329,0.049026293356095985,-0.35037405414181577,-0.93028420889094243,-0.10867066242726652,0.0078978227592339714,-0.11895593599431098,0.99286812300898286,7.4629280681403474,2.6941765569705871,-0.79550129836816541,0.3981300899186796,0.2797562951105762,0.2857142857142857,1,5
-0.77846622508833796,-0.6213875829746105,-0.088700665846912288,0.62762663845321887,-0.7725322547675203,-0.096326102629164856,-0.0086682812959945049,-0.13065751822525756,0.99138966800677863,-1.5005835579547537,-8.400801735515131,-1.1953909906169438,,0.08104373856936564,0.1967213114754098,0,5
-0.96483559578354317,-0.25893756424549752,-0.045206315174139214,0.26279435533848722,-0.95390989299242446,-0.14489666267174606,-0.0056035623708215049,-0.15168142230935761,0.98841355019797539,8.3101151033593084,-0.35909937707358774,-0.89875421256082533,,0.1967536983891449,0.1111111111111111,0,4
0.52479433005234088,-0.84914225965440304,-0.059567894153901325,0.85121671521921061,0.52312333576286374,0.0420960724029305,-0.0045841985486417139,-0.07279696730874019,0.99733624554325584,0.69193919610395449,-6.7024650847433733,-1.1684853761406833,,0.08526367474360036,0.3947368421052632,0,3
-0.36692600999532315,-0.92868887262466726,-0.05387282294474819,0.93021076112579859,-0.36576190182172985,-0.030433058694676426,0.0085582167929029607,-0.061279760434220676,0.99808393829700004,16.894473098106157,-2.2186814280285532,-0.71056784845678356,,0.2107146894306021,0.3461538461538461,0,5
0.42596654863668715,0.87561615164608841,0.22770343523768469,-0.90471994047388848,0.41061654369668643,0.11347194962416979,0.0058590742845339838,-0.2543430931224217,0.96709630452682738,-19.905703048006053,10.293689772247555,-1.025929594123502,,0.2904130819406762,0.1666666666666667,0,1
-0.75598375851548982,-0.64936350022232592,-0.082556655938837348,0.65445198633644242,-0.75238192565301465,-0.07492686788427097,-0.013459362580709877,-0.11067286266141108,0.99376574856917355,-12.624032318601618,7.3854942355661004,-1.0295084277776423,,0.09378918274484584,0.2083333333333333,0,5
-0.12168613924985214,0.99073988497648546,0.060224279416569652,-0.99255119925875401,-0.12181938354915404,-0.0014678697872284343,0.0058822074490593587,-0.05995430016673986,0.9981837914567846,-4.5767690217956929,19.915138847453498,-0.5067999131487374,,0.1127433945165361,0.5263157894736842,0,1
0.93990774775668107,-0.3411090624593684,-0.014765947821035822,0.3414277090751035,0.93911968800752055,0.038488064024884354,0.00073836487542204229,-0.041216733310002786,0.99914995656936423,-10.643960505111663,-7.0746454222170518,-1.1933210003285246,,0.09553329396807587,0.2758620689655172,0,3
-0.66641681068492375,0.72944503953957496,0.15426784735531454,-0.74555993068607007,-0.65347360521252218,-0.13081527833525922,0.0053874105020088013,-0.20219342615836147,0.97933078897093095,-12.85335535851522,5.4238979827754976,-1.0539178149051158,0.5606010158881566,0.4842630262096113,0.8770949720670391,1,5
-0.99941272233844392,0.03414834411387524,0.0028462294953538578,-0.034266471284105308,-0.99561361403752202,-0.087059407813740192,-0.00013918978212434073,-0.087105810009573348,0.99619905565543465,0.61710026295073017,11.50777871245108,-0.67640184765721789,,0.08699312920843484,0.2413793103448276,0,4
-0.99623118351215501,0.077305682941101878,-0.039335230811327462,-0.074028965700223465,-0.99413283846766032,-0.078864514945490974,-0.045201119845925467,-0.075655342608716369,0.99610899398581432,9.2863885461994773,1.0179228854272919,-0.80495795093413458,0.1580024736365144,0.1646589238477703,0.1886792452830189,1,5
-0.98774413264737393,-0.15564723347444132,-0.011639034858601261,0.15607752055900956,-0.98441479721145342,-0.081038969683017353,0.0011558532947137747,-0.081862358522619166,0.99664297431942739,-4.4583180808976266,4.1692152784954812,-1.0063462452159537,,0.1705020479677823,0.3962264150943396,0,5
0.7554486600278737,0.65379417092689807,0.043017486259663028,-0.65509770549072843,0.75248820624073143,0.067885902287511873,0.012013256131169086,-0.079464970462568202,0.99676526832876233,9.0145464003377338,-5.8037357766769633,-1.0310346739660881,,0.120964307808946,0.4523809523809524,0,5
0.98481075021516085,0.17119478011140077,0.028985056895950195,-0.17362010452585575,0.96904454157880637,0.17552417423463901,0.0019610112399625502,-0.17789048231687418,0.98404833760135313,-19.212024580314694,-16.750411029574479,-1.1071113659948848,,0.7048759365905956,0.36,0,1
0.17665802189257318,0.97167619109696091,0.15696280755741668,-0.98410011812566933,0.1713841051949728,0.04663095529327143,0.018409258704460054,-0.16270484977966065,0.98650303144599183,-4.7744082718475438,9.0077728701216984,-0.86171252675070575,,0.4191351420368676,0.2782608695652174,0,5
0.33770443104858289,-0.90140261692849466,-0.27097793165609529,0.94124698702600329,0.32436411166268453,0.094032082183419199,0.0031347511264516754,-0.286812212535903,0.95798169506292563,-8.7705307081561887,-15.312820241347694,-1.3686410776411775,,0.5664101495386249,0.375,0,2
0.75218616753074652,0.64873257504293402,0.11559418434147788,-0.65894539884282854,0.7398155685828901,0.13588188189100364,0.0026326259273647627,-0.17837872788126605,0.98395838261594548,-16.890697577932198,7.3906449493185145,-1.051481604515051,0.2490946160444667,0.3641986178228748,0.2727272727272727,1,4
0.56092068081128854,0.82590824274682617,0.056952299348228,-0.82785949579350593,0.55924598438224982,0.043503840943650007,0.0040798361146750809,-0.071550705902723,0.99742861971275876,2.6607897579751638,7.6815203842101027,-0.76120257321451146,0.1439845170153441,0.1007713047505231,0.1935483870967742,1,6
-0.89040211924117918,-0.45451708892108222,-0.02445980231978848,0.45512369368488931,-0.8898207909171989,-0.032884395967001795,-0.0068183207200226865,-0.040412571437568802,0.99915981433020162,8.1749690547602345,-3.8398230991312046,-1.0148093682159174,,0.07746383958738735,0.35,0,4
0.51446284801284325,0.83818794185723189,0.1810219659037316,-0.85706848809085934,0.49581479407584222,0.14000463098475963,0.027596824747834085,-0.2271754038197529,0.97346276311072588,-7.3064689406049119,18.982427276408867,-0.60227258231229552,,0.2845649536574381,0.3333333333333333,0,5
-0.13152947897138473,-0.98168032503238112,-0.13785403732149148,0.99120986911176145,-0.12823938594637671,-0.032521612314602814,0.014247509851239397,-0.14091983301301253,0.98991848610207467,-20.825707480074318,7.931470080215715,-1.0659876684243421,,0.593032025664922,0.4126984126984127,0,2
-0.97948020976212291,0.19841042251481708,0.035381109675076391,-0.20154012668808818,-0.96453755685056652,-0.17043731621710465,0.00030986916173286711,-0.17407069156590288,0.98473311019731169,-9.8469095687806725,15.869335654629133,-0.727558723789822,,0.5617788925213005,0.3939393939393939,0,1
-0.077383222299947138,0.98780207076718318,0.13512551903523415,-0.99699087248806784,-0.077291897488517253,-0.0059298193990382636,0.0045866198837085769,-0.13517777765109548,0.99081074446503303,-12.812969388087932,9.0086407958739834,-1.0004424391918671,0.7386614542629389,0.3688260722945962,0.3854166666666667,1,4
0.96729372497289812,0.25339289412187593,0.011614251443565583,-0.25133608069138813,0.95124848190568623,0.17876381125613344,0.034249440444285774,-0.17583619331828759,0.98382346432100598,-18.703860128389131,5.0272227988630682,-1.049580442467174,0.405516042182186,0.4107264844817319,0.2272727272727273,1,2
0.35450395976671312,0.92914459135711613,0.10496318812582912,-0.93503541658103706,0.35153874032801213,0.046144163094812153,0.0059759726276792293,-0.11450258687214034,0.99340497550130114,-15.035253255150195,7.5759457876372265,-1.0433835114633154,,0.07111832130643175,0.1818181818181818,0,1
0.88001553222477091,0.46925177178021754,0.073317376687114813,-0.47493061862594294,0.86824334555708349,0.14350749244350428,0.0036838206705610871,-0.16110948940695538,0.98692966410393057,-16.857296631876636,8.9632313283083231,-1.0188190458240238,,0.1595290577834664,0.5384615384615384,0,1
0.97595375554525632,0.21792319235799626,-0.004873322235171622,-0.21649566839092335,0.97167867187856471,0.094711056293728668,0.025375039016235123,-0.091378557926934945,0.99549287619054105,-8.6860853778706542,9.9033173051651158,-0.90626292342649339,0.5246293054204073,0.618088282511182,0.5,1,5
0.99650745806958929,0.079014876749397236,0.027009910476750991,-0.083083460858470862,0.97060560058391876,0.22588029273690097,-0.0083680668892807727,-0.22733547318314995,0.97378054924563384,-13.584117882735555,9.8998883135701199,-0.97737524988497226,0.586069194751235,0.5667733048960502,0.7283950617283951,1,5
-0.48626423280309267,-0.86946368424778453,-0.087063182061580729,0.87261468626263949,-0.47796799348246916,-0.10045002003532401,0.045724230066503911,-0.12481786322722548,0.99112551970182572,-9.154497226185903,-28.189497965663442,-1.0931616889571745,,0.2474186526702751,0.6363636363636364,0,4
-0.54772088415190079,-0.83367619035009022,-0.070610499978551178,0.83646403799184799,-0.547469959235798,-0.024587738422362188,-0.018158915447597273,-0.072530361764674062,0.9972008826771328,-15.661889237074936,4.6009373232686865,-1.0776196909255467,,0.09457243822461274,0.2,0,3
-0.99576493538317434,0.090760766865457115,0.01465184832494386,-0.091935078221228775,-0.98239349668455755,-0.16263750817183817,-0.00036722445392968939,-0.16329574663745025,0.98657709494814327,-15.717095915148393,12.404073269218928,-0.93649906234102254,,0.06735173360958074,0.25,0,1
-0.21008614304299644,0.97104879281096035,0.1137016028105748,-0.97730161735492482,-0.21182676497977274,0.0033121524197704116,0.027301304305203038,-0.11042492299558188,0.99350942379257468,-2.5704651102651423,-1.8277757161353476,-1.1279831982619344,0.399401851043013,0.2885151324094181,0.9478260869565217,1,8
0.053784391451705119,0.97642094251273071,0.20906788911432372,-0.99853460493089274,0.051335400568960021,0.01712657011573163,0.0059901579006223279,-0.20968266421183659,0.97775114335773095,-5.4761381333850485,4.781917083173945,-0.99795412276070361,,0.07882680449425315,0.3809523809523809,0,4
0.13309444885378191,-0.98704778719164132,-0.089568596530206379,0.99110089245299704,0.13234788927325539,0.014249813464940322,-0.0022110321525223671,-0.090668087026235439,0.99587871215917745,-12.442809808313509,13.922617072112851,-0.86936183160369052,,0.2789847952203454,0.7325581395348837,0,4
-0.37263286673829266,0.9182001320032499,0.13436243602887998,-0.92796394489197287,-0.36952091545635196,-0.048344700028292144,0.0052596204167019009,-0.14269832034580027,0.98975225474032524,-6.0191363742478208,10.710443815066803,-0.82429400720040702,,0.09611521971345993,0.26,0,1
0.078339151035122956,0.99142521608005274,0.10458976209800505,-0.99690814151637996,0.077264092098890749,0.01429746307886514,0.0060938324110191133,-0.10538643647431685,0.99441267299536706,-19.575830212931084,8.1271650843309562,-1.0536713777197639,,0.07685188324365747,0.2777777777777778,0,1
-0.919525620177991,0.39210397074876568,0.026964976531286766,-0.39292108762019601,-0.91872012146125981,-0.039577232414240444,0.0092548765331533604,-0.046987387086959161,0.99885260810346621,-13.023950880077145,4.0729186744044537,-1.060258179117056,0.4433324185369998,0.3750507347706742,0.8468271334792122,1,5
-0.08720799758547769,0.96516616433654456,0.24667598257027951,-0.99612473028376958,-0.087323784630817788,-0.010491823237016678,0.011414327584994027,-0.24663501750082456,0.96904121752800032,-7.8451981097555725,-7.4295326062174114,-1.2070748147658654,,0.3199000040664904,0.2790697674418605,0,4
0.78909419263771141,-0.60793183564445874,-0.088029758351352363,0.61416209455637594,0.77809590292056552,0.13180169751697218,-0.011630853604273853,-0.15806849486279312,0.98735964783671792,0.96599952636375064,6.4549738958883047,-0.84815484776198891,,0.1945540667531378,0.4967320261437909,0,6
-0.92425402753720232,0.37767155976174599,0.055845192527102336,-0.38071275101401253,-0.90084125505443224,-0.20866919851117591,-0.028500768351077982,-0.21412432402481463,0.97639053665237507,-18.239611032607655,7.9640126206264004,-1.0398188475999297,,0.3392104045474089,0.4901960784313725,0,2
0.99339641802782519,-0.11463275696557211,-0.0047841070178867321,0.11473082811445726,0.99274562993715543,0.035957632303191642,0.00062747881028956797,-0.036269067690702525,0.99934186392805036,-11.513605546208449,11.671686187965191,-0.92644356334648104,0.5101707632511395,0.2703215981443748,0.875,1,5
0.57899919292485991,0.81383070733985763,0.04939144038259663,-0.81532435923995095,0.57774929363166139,0.038104369015633952,0.0024746357962368184,-0.062332443388841918,0.99805237471730524,10.411290069054175,-8.8964472478465151,-1.0718175482767562,,0.09761750875479078,0.1764705882352941,0,5
-0.99981996783002935,-0.017975185891062229,-0.0060765632180543446,0.018836924635249878,-0.97879065992455672,-0.20399513306630362,-0.0022808328845339166,-0.20407287114321385,0.97895304334003685,-10.338307532745771,3.130682662042334,-1.0388145072699873,0.624773697953221,0.4334969310644149,0.213953488372093,1,5
-0.50555414314847635,0.85476583641224924,0.11743241991834266,-0.86275853330705055,-0.5020777702953777,-0.059712861102857548,0.0079196938878394376,-0.13150390670124606,0.9912840162995834,-6.4330485309821963,-21.250272806202833,-1.2644761912897033,,0.2048524596255254,0.4666666666666667,0,5
-0.39181810196157252,0.90921507243935318,0.14073566365470982,-0.91996938238224879,-0.38910721498061818,-0.047454301483102819,0.011615095972614968,-0.14806595590860094,0.98890927907792292,-6.1381744651434555,6.6062601438456161,-0.9435153343077296,0.5289090682367209,0.4963833352736399,0.8050089445438283,1,5
0.83870113435370441,0.54451160342781313,-0.0093552640946447489,-0.53771209080208238,0.83070550012512645,0.14420152380303011,0.086290872281266418,-0.11591154297279697,0.98950411801396876,-12.972291956217274,18.616918647682496,-0.72610801327546715,,0.246566304473221,0.3571428571428572,0,2
0.025133558341849896,0.99633203096686784,0.081797239039672204,-0.99963743900852098,0.024257540423885771,0.011685985840714274,0.0096589221739618227,-0.082061292958495319,0.99658047814535133,-10.747433869037311,6.9198607984225609,-1.0003032444168496,,0.09799568730647512,0.4343434343434344,0,5
0.71696751900519406,0.68007349651327531,0.15315879351752396,-0.69710654335240307,0.69938308707620067,0.15781560356006136,0.00020953949429158232,-0.21991665887779016,0.97551864115516951,-8.9396471114660105,-5.6410480955608175,-1.178490278977852,,0.128229933653024,0.2098765432098765,0,3
-0.20259692513608077,-0.94538677968239315,-0.2553396223212534,0.97918686555424084,-0.19880804878970201,-0.040846567328150528,-0.012147767344947553,-0.25830059337559891,0.96598821691071746,16.710691710353284,-8.686131649083908,-0.86228476694214473,,0.4684011229699932,0.4444444444444444,0,4
0.56322392587630499,-0.81979860188492326,-0.10348459628373319,0.82581230095851532,0.56277797182117817,0.03626290140685226,0.028510575337664525,-0.10588298626486542,0.99396978843099082,-21.234535201088068,11.342450830353162,-0.9921776664553742,0.2865378400100137,0.3113239088863847,0.4375,1,3
0.49525266384568822,-0.86627385789427958,-0.065531687622941218,0.86873083714284094,0.49334376967588556,0.043802483024193629,-0.0056152961495925151,-0.078622694248848338,0.99688862988711202,-10.832715340967322,10.270692801584488,-0.94865849173116246,0.3919733677370634,0.1577915464064276,0.2083333333333333,1,5
0.41918443362234981,-0.88519196307857995,-0.20179097876217966,0.90674656793507724,0.41938505564903672,0.043895747359071174,0.04577195808207276,-0.20137369142800857,0.9784444615071356,11.247184587524982,-21.181868053860491,-1.0428162455461305,0.4317731864956612,0.2604631621311134,0.3,1,4
-0.42873018067930874,-0.89174691408283102,-0.14483740331294112,0.90289371893259385,-0.42846864548987124,-0.034605666358926188,-0.031198789828413603,-0.14560927530835163,0.98885012739920253,-18.135348346618091,4.0983043679161453,-1.0577119197236564,0.8039374604652406,0.3541510290323548,0.8160919540229885,1,5
-0.69388077189124264,-0.71106039870165816,-0.11367754306745399,0.72001291170513004,-0.68741515151970201,-0.095088466382869552,-0.010530022673968869,-0.14782935723118285,0.9889568240136174,-10.424262373313104,-11.5143663560204,-1.308486185823166,,0.3989744130628354,0.125,0,3
0.79663245035583485,0.59801714907651937,0.08804674014664006,-0.60446314055832884,0.78838191380770861,0.11436026271068124,-0.0010250592274547335,-0.14432410537150814,0.98952993985138893,-10.234545940213362,8.1162583873899763,-0.97417787560463642,0.8219022027665434,0.5950030598029723,0.1511627906976744,1,5
0.99996996660663595,0.0076347086239387024,0.0013330824996081445,-0.0077175012914391366,0.99669604132160239,0.080854445688926371,-0.00071137791632951185,-0.080862305421466094,0.99672502803099383,0.27161326080191728,13.971616982873073,-0.600505767325902,,0.1874445927357352,0.425531914893617,0,5
