axis_00,axis_01,axis_02,axis_10,axis_11,axis_12,axis_20,axis_21,axis_22,location_x,location_y,location_z,dbh,dbh_approximation,score,reconstructed,number_clusters
-0.68370343212058882,0.7250871562874579,0.082451395946313552,-0.72855141286878522,-0.68470024791827189,-0.01996019307407618,0.041981611610618003,-0.073716933520225819,0.99639518164177765,-13.99388417832338,-8.5386851473344301,0.89566701106102709,,0.467910685669356,0.5151515151515151,0,1
0.23587343274931766,-0.96411879885576979,-0.12181406083027312,0.96822179153614862,0.2224324669501441,0.1143256753358806,-0.083128130723511343,-0.1449094177042386,0.98594674021624251,11.443617548333854,-12.950820088552886,1.0679601293117422,,0.1710232446842058,0.3157894736842105,0,6
-0.89830621471556826,0.43924146229241767,-0.010624613245006546,-0.43920080434243763,-0.89702693167200298,0.049450352072228677,0.012190080735710667,0.049087897269390078,0.99872007102757621,-2.846775987504909,12.077966354200203,-1.3922354873967537,,0.1612562497848027,0.3473684210526316,0,5
0.49264811773230438,-0.86350963245948986,-0.10793028650242194,0.86954875483621885,0.48356098502172745,0.10026832365008627,-0.034391787647626744,-0.14324764715168584,0.98908913477396321,-11.677808209535918,-15.31660502375922,1.5216141486529109,0.4404099357953487,0.42221506758191,0.7341772151898734,1,5
0.83955284044003198,-0.53806925364879676,-0.07505002589539965,0.54272041531996451,0.82439262968969196,0.16072132063991748,-0.024608512835981387,-0.17566522248624131,0.98414234270498724,-2.735493886631235,-11.196987447102204,0.86823546259120321,,0.1079051978618255,0.3870967741935484,0,5
-0.51866964108174085,0.85477900900633552,0.018293419097669836,-0.85308763585828007,-0.51882717132166278,0.055315927580498594,0.056774016643770617,0.013084802654484917,0.99830130670736084,-5.9819149046103881,9.7164792140828133,-1.0035328148314944,,0.08402935070377661,0.3272727272727273,0,5
-0.22911192206689107,-0.970938148753829,-0.069186981877397802,0.96988105146794579,-0.23374464940742629,0.068514121732914227,-0.082695061341340484,-0.051405740612191324,0.99524819852229096,-1.8825456070848994,12.497606611598036,-1.447425505924526,,0.07249210245681097,0.3823529411764706,0,5
0.4351339339462838,-0.89860158304025683,-0.056335197576435098,0.8981599868012351,0.42884040682799562,0.09697702604640282,-0.062984900076419825,-0.092796015157678408,0.99369099922119641,-5.1828560328860638,-23.046057367788361,2.3087985793783528,0.4540789975110295,0.4201343115129846,0.8135593220338984,1,5
-0.56870888839270484,0.81301898494117175,0.12478112993702391,-0.82088904451301081,-0.57060280364334726,-0.023529068678290171,0.052070883050416093,-0.1158126530202034,0.99190526389306533,20.698511289017631,-9.9504398616505814,1.207420758302586,,0.3070257140894824,0.125,0,1
0.62647864367006012,0.77683340744320772,0.063673904431063841,-0.7756532797921708,0.61331112212668459,0.14903508655130446,0.076723520337440218,-0.14275617169103919,0.98677970027314021,3.2954832147625375,8.6744488866641998,-1.2497386510646113,,0.1097851921475776,0.44,0,1
0.98425442456338408,0.17665897192707503,0.0059021491908480619,-0.17036680365806442,0.93924172875605649,0.29799350190007406,0.047099680877227677,-0.2943069530286429,0.95454965164744587,17.798233506652544,-2.0026762187211116,0.18614798652760461,,0.537246242795502,0.3818181818181818,0,4
0.94583060600081403,0.32455896923616046,-0.0081203596284054741,-0.32082239897764414,0.9381911810578758,0.1298857039841497,0.049774019993997082,-0.12024468085362434,0.99149572044464618,6.8743581532252698,-8.8884258016685713,0.42911919238567214,,0.07886060672537056,0.4807692307692308,0,3
-0.076540785154607327,0.9634832564748691,0.25659603017291382,-0.99459474771584766,-0.091888935885830747,0.048349883948363426,0.070162639801868709,-0.2515083258151754,0.96530863770178832,-9.0732686722442271,10.416295242487399,-0.92889153254833767,,0.2682335235845086,0.1851851851851852,0,4
-0.28072747909642232,0.95804665159961366,0.05778144891690272,-0.95642592470566778,-0.28427107495751275,0.06662887132023726,0.080259161664425357,-0.036559120630411904,0.99610335692018193,17.583673779727615,-13.499678851012584,1.4320906547217893,0.9670811957530326,0.9328782388788757,0.9784172661870504,1,4
0.23089494512449971,-0.97097584508620849,-0.062397376347713224,0.97032756176080726,0.22506090251658031,0.08838559297617174,-0.071777065998000933,-0.08095368069177758,0.99413004902737601,-11.289789980394929,14.864401626627918,-1.2900307912057196,,0.08972982893163187,0.375,0,2
-0.52578189711632983,0.84724905980999377,0.075646727066240857,-0.84861722565823272,-0.52856410704811996,0.021651537048154656,0.058328389150370731,-0.052811129428415628,0.9968995855288626,-6.1471582878525703,-2.3538472008517206,0.021351256263502861,0.3166909039136305,0.3017146479150981,0.3408710217755444,1,5
-0.63954328002607475,0.76560282850894845,0.069546401435207392,-0.76725175069693763,-0.64133020269513874,0.0045080110354745575,0.048053553728867909,-0.050476530091813833,0.99756853192345485,-18.755591002056679,4.9172829050846349,-0.17115493465625675,,0.1931284885492791,0.4716981132075472,0,2
-0.99964322868665723,-0.011936548780430586,-0.023894228259752296,0.011247364214147904,-0.99952270210333571,0.028772639404165964,-0.024226269608651044,0.028493627063963977,0.99930035578778331,-6.0218638088821743,-4.421508700350957,0.22004625359647875,0.151596562655793,0.1127393874824849,0.5183946488294314,1,5
0.96157971828681132,0.27394791216417302,0.017804123127714587,-0.27091776546891044,0.93646378031469335,0.22279845715813704,0.044362255722502734,-0.21906193092275139,0.9747019342791966,-13.585854530837395,-1.5123236022228934,0.32964582436000683,,0.1352053016295317,0.1724137931034483,0,1
-0.40555085443922656,-0.889266462371193,-0.21150334126305595,0.91046113499637826,-0.41353412727516692,-0.0070744073866992564,-0.081172816414856935,-0.19543460410221536,0.97735167130091449,-3.5197968200041418,-13.257644013161325,1.1317803193768852,,0.1092358941459875,0.3333333333333333,0,5
-0.014115723777371855,-0.98691839321266139,-0.16060146786620733,0.99658671725684,-0.026951682920093152,0.078028980353527747,-0.081336715752957423,-0.158951854114113,0.98393020420363642,10.922612413642119,19.168401035799313,-1.6751650372588054,,0.3253040369501312,0.6190476190476191,0,5
0.64761596577939817,0.74139574771915118,0.17585763029103438,-0.75809678570128081,0.60369972980143694,0.24664934572598896,0.076699572208740519,-0.29305115850587055,0.9530153168346055,-3.1030030524575163,-6.2028512670601685,0.23430559156929229,0.3820021303068791,0.2855019258506822,0.2626262626262627,1,5
0.069615268477361505,-0.97093571266540146,-0.22899248080614626,0.99695968141358415,0.059660490803369305,0.050120050606772382,-0.035001543259536694,-0.23178539148969141,0.97213703985673805,-0.80345644875770905,-13.935683764193946,1.0871311681822051,,0.1906060611625272,0.3333333333333333,0,3
0.96991381140926036,-0.24009257186795185,-0.040283437929145759,0.24258355347104643,0.93920819692192881,0.24298391391204713,-0.020504097710435033,-0.24544555357245607,0.96919351122909891,6.6948350985846465,-19.098917863072437,1.4687532971839503,,0.1658541711923067,0.391304347826087,0,3
-0.94368660891592249,-0.31953642878025401,-0.085744124201773714,0.32868141386428723,-0.93505593999707637,-0.13281158555020012,-0.037737412907361406,-0.15351501476580923,0.98742545435516993,-10.176526463016021,-12.465811380562371,1.2029191390874856,,0.3510165016230599,0.1764705882352941,0,4
0.9875110686246632,0.15746691970935164,-0.0051047567056156417,-0.15347445298744772,0.9687846570204085,0.19468405328134289,0.03560170816096684,-0.19146920775701151,0.98085272128741308,-20.714416264567181,7.4906891292472597,-0.51222188736971164,,0.7326265672094552,0.6,0,1
0.89793985147420163,0.43657353007364674,0.055745636363080511,-0.43678316097663561,0.86839538174973141,0.23475504519178694,0.054078585611577891,-0.23514466567365283,0.97045478657353168,-5.971230637011181,-12.293773430251564,1.1158208552462987,0.1272258612592019,0.09990359674547997,0.3157894736842105,1,4
-0.20892167480328971,-0.9730291204000362,-0.097806260796130265,0.97548569520884387,-0.21442434264330329,0.04949605767034624,-0.069133148635856165,-0.085067809043841661,0.99397388075551241,12.085415008348994,10.229794315640406,-1.0236524850230169,0.4409346943568691,0.3992829449703879,0.1666666666666667,1,5
0.98564692238954876,0.16799784958753206,-0.016639318434832413,-0.16544920899009519,0.98086127852153016,0.10265335621235708,0.033566406250335488,-0.0984270025504905,0.99457801179211847,-5.5394727568200874,7.7031334410190757,-0.81784006936558429,0.2270305748579461,0.24066794400021,0.8045602605863192,1,5
0.93365155027589486,-0.35350761895763089,-0.057681418206603094,0.35810279323890937,0.91786067810534988,0.1711553828031083,-0.0075612262173176629,-0.18045536546995253,0.98355411083030764,5.2997132793201249,10.301736915857314,-1.3328429914782105,0.2776972122212948,0.2023308854033322,0.4324324324324325,1,5
-0.87288643625036222,0.48786974653814208,0.0072373906176891271,-0.4876736079729459,-0.8728181322438866,0.019051512090766685,0.015611582136141534,0.013100322099252002,0.99979230846416511,-10.234389927169357,-4.3429379536122212,0.42110768552481825,,0.06773494300032225,0.2845528455284553,0,3
0.50607778778827961,-0.85434047014269032,-0.11826932731561055,0.86174759520485655,0.49518690301175705,0.1103676277006561,-0.035726109023610952,-0.15777291327091203,0.98682893804957006,2.2354058978167748,1.7583179977573262,-0.7718900067331782,,0.1170907855355031,0.2363636363636364,0,5
0.54616995580517436,-0.83240529581086686,-0.093807264547024691,0.83278767603662118,0.52748984762405926,0.16798555680494873,-0.090349687422236744,-0.16987019797353578,0.98131597858341957,1.7012664224356775,7.0366864135022764,-1.0888447744295182,0.3900154589424056,0.2934022436820176,0.4210526315789473,1,5
0.67480659492915585,-0.73514720093476926,-0.064766136197036125,0.73589212777806068,0.66366817931596045,0.13419137095103129,-0.055667187053033446,-0.13821411187434121,0.98883670217300823,7.7845280610680705,8.6370258050606896,-1.1997725207454504,0.3383731227981025,0.3493032201690802,0.7764705882352941,1,5
-0.86697903586272596,0.49453687935640134,0.061486798021770248,-0.49763040042711848,-0.86572490584511375,-0.053706349440400113,0.026670881974234728,-0.077159978978099689,0.9966619294920499,-10.834534269903111,-11.327095500377117,1.0887595754066972,,0.1246544401414054,0.5555555555555556,0,2
0.59897111790378244,0.79310708615700265,0.11052035923141294,-0.79612879995899921,0.57496084855609786,0.18867685736065956,0.086096073040155222,-0.20100042914182925,0.97580033495170704,3.3275038923864728,-16.620089843636627,1.1799916009068812,0.3055147519286486,0.2189632181519343,0.6190476190476191,1,5
-0.94222183990181674,0.33441843616016309,-0.019552850641970664,-0.33495609838382384,-0.93969653782212037,0.069100137196735523,0.0047346137669721511,0.071657004970292218,0.99741809541995297,-14.992956022533347,-9.338217094882598,0.96871189056407792,,0.08729363596253747,0.4375,0,2
-0.47772565867669325,0.87245779331660833,0.10293490138448086,-0.87608312259962173,-0.48182650422394618,0.017932710989310131,0.065242297154639112,-0.081612613660173292,0.9945264320034638,-9.9285334666744376,-9.0070575923479232,0.84622695149398797,,0.6517398616181365,0.4137931034482759,0,4
0.35961978564192004,-0.90361369282719128,-0.23271421080386634,0.93120421436906564,0.33166353194156312,0.15118866598174469,-0.059433331693177306,-0.27107488949597436,0.96072164718434183,2.470471252389713,12.748913024236131,-1.5843747476006331,,0.1339150595727441,0.3333333333333333,0,6
-0.74466524602207784,-0.6356299820398752,-0.20358830344316553,0.66364875361742937,-0.73760806435383752,-0.12451777070851451,-0.071021146068696694,-0.22783518018992041,0.97110613605255125,-8.9969419017427636,-19.751083357809364,2.0238744871444445,,0.3352653982652591,0.2307692307692308,0,4
0.57142712502741888,-0.79592480561406187,-0.1999368515084621,0.81901276430340897,0.53770623335562795,0.2002251195993954,-0.051856848062602406,-0.27816489789101934,0.95913250225935509,11.792423522893522,6.9614449794320681,-0.80791517847650196,,0.4470913727535676,0.1818181818181818,0,1
-0.71686524246267758,-0.68689553831321926,-0.11949369688113355,0.69340557831593785,-0.72028662914041253,-0.019387517682332715,-0.072752512735074881,-0.096755833555066686,0.99264564702808145,7.8247708344874427,7.0002466546558697,-1.1007587056862542,0.3297035508450391,0.2596956615523048,0.5625,1,5
-0.65202438546051567,0.7529259262592497,0.089256654270071345,-0.7560907549907967,-0.65446178200531269,-0.0025585370579914147,0.056488680125166175,-0.069154359667925588,0.99600537325690952,-11.74022369503432,-5.555710713600253,0.58143742013522426,0.3475267140587877,0.3217396723814606,0.4765625,1,3
0.29074792353580237,-0.95395074753738929,-0.073780866303364834,0.95468987329954091,0.28412487429607164,0.088545477724995478,-0.063505045302915897,-0.096182259690117844,0.99333583552692672,1.6317643315106527,17.295576210834874,-1.8309310782083836,,0.3803090648546874,0.8478260869565217,0,5
0.51851054995041734,0.83468817149823271,0.18558681513257758,-0.85127167543010096,0.48346309407099347,0.20396071014225206,0.08051921634334,-0.26374057903978243,0.96122711300046881,-1.862038510369896,5.1713233473894409,-0.76680312330675149,,0.08772906141765459,0.4285714285714285,0,5
-0.9897460960949882,-0.13840016607595862,-0.03532788268319359,0.13861664827946713,-0.99033904394383987,-0.0037420395732967468,-0.034468682662626988,-0.0086007017474579173,0.99936876969662947,-15.83759026211173,-8.3135578516522166,0.87666702106882399,,0.1088739613760343,0.4285714285714285,0,1
0.82366540662931553,-0.56511975440260898,-0.047063373297070735,0.56649102630883963,0.81620798459440091,0.11354489418685407,-0.025752961649529137,-0.12018398008171138,0.99241755118397479,-17.26920207487278,9.2754331864093285,-0.65375227213896159,,0.06543475132803594,0.3636363636363636,0,2
-0.054077218952371019,0.98575702735809745,0.15924426961277252,-0.99842321287090718,-0.055783971491553112,0.0062639065419307803,0.015057967688694692,-0.15865444065250009,0.98721934040532755,10.973693454273379,31.726260168677541,-2.5128803379817528,,0.6266300331827555,0.1904761904761905,0,2
-0.98556355381841798,0.1685531225098077,0.015947610385411759,-0.16906116566685181,-0.98482602134828046,-0.039192217833165677,0.0090996509920129361,-0.041322543091038826,0.99910442086115991,5.9912936875610763,-0.10373834662382764,-0.69568232550198061,0.2049866858771622,0.1521335151904736,0.1842105263157895,1,3
0.076756484374460518,0.94867529726783095,0.30679573409724387,-0.99374353761067169,0.047752123116264061,0.10096294466247301,0.081130903874550866,-0.31262583881004258,0.94640523104261043,-15.967795096279945,-18.734998105044784,1.9175878662175232,,0.5196345538567158,0.2173913043478261,0,1
-0.94310192318186548,0.3324667459885125,-0.0049623887872537308,-0.33210395798469944,-0.94259464263193737,-0.034961418341749859,-0.016301030076746856,-0.031324151917964269,0.99937634248818241,-2.6104225724593708,-14.185798171948321,1.1934785393878644,0.3797751507503218,0.2897865106475365,0.5116279069767442,1,5
-0.93549312689107567,-0.35202100557600802,-0.030558487737702814,0.35001185827982856,-0.93504748652583669,0.056372839250992991,-0.048418060711478784,0.042040570583344657,0.99794202327688764,5.5757528197523296,-3.7512809529452849,-0.44314772303879396,0.1793285119220665,0.1520903100732757,0.6991150442477876,1,5
0.50705982129667004,0.84017103464953313,0.19236156103161955,-0.85814492888017824,0.4712705594210736,0.2036942337430831,0.080483654637587582,-0.26835925987168924,0.95995087841894111,14.977873271319716,-2.4057607851074319,-0.041583155163733412,,0.7502989081243607,0.2098765432098765,0,1
-0.016395688251803611,0.99915633812981108,0.037653597195695325,-0.99745542508026763,-0.01895774754786176,0.068726114293285762,0.069381960081075181,-0.036430972851922948,0.99692473528966585,-8.1964991327704784,-11.955608747037523,1.106441763919737,,0.151457219222623,0.1724137931034483,1,4
0.75563559171639261,0.64002673164462331,0.13921435023631412,-0.65125721597514297,0.71149417327338127,0.26389406972937918,0.069849059920115558,-0.29007210168909675,0.95445234802474421,-16.435915083809558,-10.448395236195784,1.087695645803235,,0.3114768551657497,0.2666666666666667,0,1
-0.3294964009016193,-0.94251013202027367,-0.055738432270793059,0.9404215514213996,-0.33286652827427649,0.069333829959103144,-0.083901295669655276,-0.029572375517646483,0.99603516363188538,10.881403141962775,7.1434795421860047,-0.88254740782418728,0.228131362029639,0.1759125988604276,0.3571428571428572,1,4
-0.69696725703588036,-0.68586438936497618,-0.20934823147303785,0.71333489219476598,-0.69299132101367666,-0.10448138866420338,-0.073416443644198873,-0.22215550499757411,0.97224326040446829,1.0736074422487007,16.934046224881037,-1.8137810584816842,,0.2682339214639831,0.32,0,1
-0.30669349664786266,-0.94025162803303164,-0.14787148168305309,0.94986120411014907,-0.31228219043112271,0.015605334535293586,-0.060850571405089322,-0.13567132903002777,0.98888346049415787,0.23849125141066957,-14.745027867853132,1.1387729162105646,0.7025060903231394,0.6900400091342905,0.5853658536585366,1,5
0.92773591077500062,0.37115418508487008,0.039378303067375969,-0.36963894455840396,0.89904878043016601,0.23468775228541588,0.05170232610075956,-0.23228400999857382,0.97127288038673953,3.2198875176569519,7.6381834002336735,-1.161309760583443,,0.08222643244991441,0.2068965517241379,0,5
0.17528756885329036,0.97821170419392389,0.11124805608873434,-0.98105887471081332,0.1640901028118224,0.10294621173388775,0.082448484259299057,-0.12718608389766844,0.98844622894020895,-19.481819789547906,-17.159748947335114,1.7109118495856142,,0.2022120296237518,0.4814814814814815,0,1
0.45549203939401306,-0.88314902914569726,-0.11213739058715051,0.88942282811845985,0.44605390569187026,0.099814558250732224,-0.038131809168247564,-0.14520229177268631,0.988666910336093,12.269077126184463,-4.1434772775621465,-0.034890389548456302,0.2753242779913122,0.2086631898300945,0.4545454545454545,1,5
-0.99976980692280792,0.0075960384349953959,-0.020065726142493634,-0.0058039815240345507,-0.99611203248234348,-0.087904109928736027,-0.020655434248646153,-0.087767413907376329,0.99592682165509094,10.688358551327839,18.1469407224109,-1.6068309795712428,,0.2834885878804094,0.3888888888888889,0,3
0.94893031746189183,0.31514027290375818,-0.014760115034084571,-0.31197730021857267,0.94430788899800411,0.10465550594433555,0.046919257773382857,-0.09470596164064389,0.99439899641930329,-14.28756114606456,-12.934736934697963,1.3222549180497996,,0.09340333502519739,0.3846153846153846,0,2
-0.66390156670426481,-0.71630236208033515,-0.21481535281668213,0.74469009883187942,-0.65951310351087356,-0.10236758763994572,-0.06834739519095441,-0.22793286813355618,0.97127505949397419,-13.183500183645702,12.146874910421891,-0.99702891417098694,,0.5175641382115851,0.3478260869565217,0,3
0.14214899256156838,-0.9859379187880597,-0.087864009751436489,0.98772776510947857,0.13548194449321674,0.0777078165191364,-0.064711096000346163,-0.097831809817698234,0.99309687898121413,0.54332142979461007,4.7799722540349565,-0.84672584128252293,0.1179980933203884,0.1461300827159699,0.4607843137254902,1,5
-0.50512919123999878,0.86262389976944931,0.026916680771809576,-0.86128080780111438,-0.50584457209121869,0.048131476180474544,0.055135018551593293,0.0011297930777615,0.99847826881555968,-6.9729549274269802,4.8368838388011612,-0.46186961924898035,,0.07071650471313472,0.2391304347826087,0,5
-0.99950701890173765,-0.023940790377191802,-0.020311516986087037,0.024107340024842317,-0.99967740692253493,-0.0079948887148584453,-0.020113560676503092,-0.0084806040322432785,0.99976173363064902,19.981771322437748,-10.199338672407082,1.1993991456060422,0.5770983866352626,0.3387344760549716,0.2222222222222222,1,5
-0.80003956600474213,-0.55625656308209492,-0.22475615420948553,0.59624935536114032,-0.77873539427554517,-0.19508432006169638,-0.06650863897545238,-0.29008588681734476,0.95468674402184228,-15.483569019818338,8.5889467042023782,-0.61885910219741336,,0.3951145597817982,0.3529411764705883,0,1
0.58365677262484628,-0.80683570606702437,-0.091438040139071905,0.81078778356830727,0.57292621146527778,0.11991132653938616,-0.044361489893150696,-0.14412390374733022,0.98856479736185754,-6.1418606429785205,-13.273364719863507,1.2487480649712315,0.1672583755246315,0.1157018950129953,0.375,1,4
0.9554337258826967,-0.28990312762231896,-0.055700736446711537,0.29516182614467762,0.9348802835404354,0.19717594131712651,-0.0050884017969970363,-0.20482927535426482,0.97878448911136706,3.7505320128411732,6.6442305222398543,-1.0893881404095032,0.5974610293934141,0.5559113952393819,0.7043795620437956,1,4
0.54004743721264004,0.84037647628246159,0.046001561616252039,-0.83534009148828248,0.52853504383869987,0.15118742998931034,0.10274092228712353,-0.12007533279361626,0.98743415848455174,-9.0227172470783508,-5.3233818180846129,0.45703364338055441,0.1807378557694052,0.1620016560837041,0.1558441558441558,1,4
0.54266456229140636,0.83965783420672901,0.02213355570939823,-0.83667050160179568,0.53803227227413752,0.1024877833740577,0.074146102948675977,-0.074134981262513014,0.99448798885191725,8.3200041856583642,-6.3799772299985626,0.032142976236720126,0.3776371007165887,0.2345855319706565,0.5851063829787234,1,5
-0.28077685674436914,-0.9585371366692752,-0.04869203572063853,0.95561331926528759,-0.28391821167059184,0.07869963865579982,-0.089261081998441211,-0.024433720708090197,0.99570851785692149,-11.124887174924439,-6.7755965902556934,0.65419443443501113,,0.08149791691559144,0.2898550724637681,0,4
0.97824314229252973,0.20665992957257071,0.018221637322106663,-0.20368788805081839,0.94006038430308936,0.27349171491166996,0.039390339158676194,-0.27125292140913249,0.96170174888474469,-13.058899665942064,-16.937942403398377,1.7085322173058448,,0.09843060021789532,0.3333333333333333,0,1
-0.95318907363298844,0.29921150674866953,0.043624123324993512,-0.30222984101109374,-0.94723294272269198,-0.10680297478682999,0.0093655276996236821,-0.11498794045506715,0.99332273730183362,-17.412326258136424,10.876370534200559,-0.81754980527686505,,0.3053453181737917,0.2285714285714286,0,3
0.95777713586307089,-0.28460566830597694,-0.04077464391064322,0.28751106117988867,0.94780363242136434,0.1378610317242715,-0.00058967545804246865,-0.14376330525198192,0.98961192613361271,13.37438446919924,-9.4678378895388988,0.71793778796649876,0.3123136504580859,0.314229563086695,0.6395348837209303,1,5
-0.94088363836975664,0.33842264457525223,0.01442541807999074,-0.33837352977320939,-0.93708779396265574,-0.085847660160447023,-0.01553490897652848,-0.085653838471472551,0.99620383785558431,15.584056678111859,-11.700202264158223,1.126606061222472,,0.1828671520795102,0.2857142857142857,0,5
-0.14377048037440524,0.97834792713372309,0.14888043003047657,-0.98558719398950922,-0.15510924728192799,0.067520400261838961,0.089151175072446409,-0.13702720489297213,0.98654731924141448,38.351913118974828,-12.800917335587208,2.6111467802562527,,0.2496489779220915,0.4545454545454545,0,4
0.59649576300191065,0.76538066932763715,0.24163037007037436,-0.79883035896227228,0.53693345106607193,0.27124256068413144,0.077864384162304609,-0.3548167134533769,0.93168784339668653,-12.602714449339482,13.152995077448617,-1.1156362008124538,,0.5989576804034936,0.225,0,1
-0.9769392156598643,-0.20716778652590356,-0.051684399308173611,0.20976142502864559,-0.97641500154455751,-0.051126209801762239,-0.039873719112229818,-0.060788592554027313,0.99735391588916911,-5.722945735793119,14.503689544700357,-1.4357898892066889,,0.09220814911791338,0.3125,0,3
0.60101949316111625,-0.78772015676324558,-0.13517589825572782,0.79726325456249025,0.5790288821546814,0.17057800724338973,-0.056096985344855937,-0.21029148403962497,0.97602798114379474,2.1884625692459854,-6.3476182659466591,-0.030607512973737167,0.2381047448044727,0.1640133925360545,0.30625,1,5
-0.61278810376472936,0.7894685732605855,0.035072948526236915,-0.78843016417868317,-0.61378464710823399,0.040574415428896927,0.053559463193755069,-0.0027890514727353642,0.99856076685111206,13.756553089241175,10.231062177427379,-0.92112047219126059,,0.1840971864818928,0.25,0,5
-0.16638233114076345,0.98606123485110908,0.00040125811026353651,-0.98323968206453782,-0.1659369735489877,0.075529123012443161,0.074542923861300153,0.012172178659066423,0.99714351553269409,-12.69456509126487,-2.0539938640688185,0.33111791051639544,,0.08482763618388894,0.3055555555555556,0,1
-0.65979360272739196,0.75015293993949173,0.044079116372101053,-0.75014924809542816,-0.66096587627470138,0.020005398828301345,0.044141900524012637,-0.019866481836319217,0.99882772063933789,-9.5552617887499522,14.352391499010663,-1.2757821563795451,0.6379267550792633,0.5475606446714226,0.6464646464646465,1,5
-0.97647630701349497,-0.20473223691713147,-0.067666335856127927,0.2095302330125817,-0.97502631819544483,-0.073625812592652065,-0.050902881008641633,-0.086072004700382704,0.99498769173888657,-8.96983376251724,-10.680765867958373,0.99025841365582912,0.2776055114777437,0.175046466065687,0.3421052631578947,1,5
0.95127521672590043,-0.30303113301202117,-0.056987669442987297,0.30828836749381122,0.93820315170222679,0.15726769726810111,0.0058090025902311137,-0.16717349838255158,0.98591037976453388,5.3793420170790078,3.5000030762384595,-0.86914063509026807,0.3128662634604615,0.3029891219493607,0.5,1,5
-0.79684004162254751,0.59300061137489946,0.11574205361912131,-0.60347831862855139,-0.79045813183334834,-0.10483253676120244,0.029323489086951194,-0.15338258286887679,0.9877317025691944,-12.270564897872985,-11.40940257971671,1.1442907110980938,,0.1811576725450549,0.1153846153846154,0,1
0.19310867866508377,-0.97925694291136389,-0.061358601549549203,0.9785554327053928,0.18764701485767588,0.08495800690791773,-0.071681959703875545,-0.076448921345523932,0.99449346859500254,3.3432856660941868,8.811135433849552,-1.2554267514406814,,0.09348972617643266,0.4444444444444444,1,6
0.76301735631385448,-0.64041783347372871,-0.087575753109138885,0.64550997052036307,0.7479472349636942,0.15456976311350595,-0.033487190425855365,-0.17447043382470484,0.98409281869059628,-0.20971454604591908,7.548672635746823,-1.0594423095824326,0.1882469813783064,0.1237948301674421,0.3448275862068966,1,5
0.71518874923506326,-0.67215519466485774,-0.19160492491748463,0.6985609891981015,0.67850181725011616,0.22726158575276639,-0.022750765660909587,-0.2963826551492838,0.95479826371255283,8.8083259529876727,-11.003397856910052,0.74077351863317831,0.5822479937013023,0.4724680147883749,0.2413793103448276,1,5
0.82207920436555759,0.56791932729234584,0.040662260604899997,-0.56487217375505117,0.80453608650586361,0.18341513794415168,0.071450745740927704,-0.17375075020741157,0.98219421080325386,-9.4286232660218712,-6.7249116073567876,0.60220966308988555,0.4650049512729563,0.2921438136748493,0.3181818181818182,1,4
-0.090472581700131838,0.97618068517590884,0.19719528861006505,-0.9930266424633547,-0.1034531341857865,0.056529075572620116,0.075583062378223015,-0.19070584394986831,0.97873310037256778,-14.834480400827289,-7.8914529365770845,0.83596235088767012,,0.3592820294682976,0.5769230769230769,0,2
-0.70810817214023103,-0.69703608581861631,-0.11279854438281998,0.70234081933686476,-0.71175987608811375,-0.010735561664587882,-0.072802404091086834,-0.086824961029045591,0.99355988048072008,-14.26167086388036,-4.2922574419474859,0.53032826146748802,,0.2907055251364044,0.4523809523809524,0,1
-0.9916177703386726,-0.12232448155875804,-0.041604311795080812,0.12715807845275184,-0.98102693886000736,-0.14634537339857639,-0.02291332871420167,-0.15040899721208828,0.98835829177727375,10.348262011678793,16.234727514166686,-1.4926091811825755,,0.3177902251159799,0.3333333333333333,0,3
-0.99890934467393666,0.040882517944400475,-0.022555284294629212,-0.034799475638911913,-0.97393637965881052,-0.22413595176219697,-0.031130653997989657,-0.22310658462630564,0.9742968409463526,22.983490278204371,-0.85584630047407328,0.34010452482202774,,0.4599704207085968,0.1052631578947368,0,3
-0.38100653724270583,-0.92067918938427784,-0.084757588527697852,0.92197326669784208,-0.3852045541675907,0.039783752249593941,-0.069277081872953047,-0.062986361089173645,0.99560705313085851,-6.7330079832180703,17.772799827757805,-1.6941796610382882,,0.1434138058370758,0.1481481481481481,0,5
-0.8407772503870663,0.54128650503013298,-0.0101259421205303,-0.54087972080654012,-0.83904661090552646,0.058735954475850408,0.023296842099385595,0.054860771050121014,0.99822219618078145,-4.3212072700500155,-3.711792401768752,-0.013273503083416694,,0.0673316184384683,0.2560975609756098,0,5
0.99755972216430799,0.066260608207825714,-0.022003011507409593,-0.063736610848828992,0.99290280232486694,0.10040751751203048,0.028499914964278346,-0.098760097890559034,0.99470307022330751,-4.2531248158108479,1.9845688885227355,-0.47943265947413433,0.4203500131931682,0.3944362602120558,0.954360228198859,1,5
-0.42540370694338686,0.9012994668165063,0.081798271589967594,-0.90491766587235989,-0.42237601841952876,-0.052177744836142965,-0.012478145332733606,-0.096217307072828259,0.99528213372325136,-9.4324239205021509,-17.57107732885683,1.7634657572996801,,0.5254823562218932,0.6571428571428571,0,4
0.8080718041546332,0.58908046944953529,-0.0020395694127403365,-0.57516992806611433,0.78972860286308977,0.2133267157866815,0.12727730818451177,-0.17121020510771487,0.97697878814653771,-2.1455386594937647,1.3673815789524058,-0.49429927724875572,0.3220298773860796,0.1639297685387831,0.1784511784511784,1,2
0.059498921054034135,0.98309288472363254,0.17317118235772486,-0.99621228708313325,0.047458458781003063,0.072861332369954457,0.063411020004404267,-0.17685043029605105,0.98219293819804221,-6.5691455154261842,-8.8445454227300306,0.74663525724219593,,0.3488158541899686,0.2307692307692308,0,2
0.85404656756854636,0.52015876851389709,0.0062702442129196007,-0.51597673844032987,0.84552483276460466,0.13731628660456149,0.066124623347607991,-0.12050980340409116,0.99050740606551957,0.75887002083208643,18.031630378174029,-1.8544663356868671,,0.104802710293305,0.2222222222222222,0,3
0.14955701714450367,0.96702593137644555,0.20613962905845393,-0.98606380755830769,0.13050649542385495,0.10318053147661366,0.072875688994696694,-0.21869820003306309,0.97306743407425123,-11.734289619176838,-13.988714084186324,1.3969187986517753,,0.2778109309897558,0.2272727272727273,0,4
0.98969714410455145,-0.13696623152035384,-0.041711082153391574,0.14265105283760088,0.96823230236695479,0.20537011899862584,0.012257245841467118,-0.20920435004152893,0.97779512161192705,-2.3496471255857894,-5.2397424646287218,0.058530439894561796,,0.07947672952612736,0.2946428571428572,0,5
-0.58052513755480961,-0.81107528852321398,-0.071745668956076744,0.81062032717519561,-0.58399661853199358,0.042925921231540896,-0.076715382012661412,-0.033238921314971005,0.99649883305123321,-9.4336886443622507,11.799100689278124,-1.0533160739453189,,0.09670079008169122,0.2195121951219512,0,5
-0.75199663445803633,0.63225818154573477,0.18641527199311331,-0.65825003951088912,-0.73520628075164662,-0.16179805384257007,0.034755535497221192,-0.24437945210637296,0.96905662174121165,-17.174419656413843,12.036056116934317,-0.95680415086287585,,0.4009270024027909,0.2105263157894737,0,1
-0.14828836351862287,0.98805076569868089,0.042026725392536927,-0.98752613270809853,-0.15021690668959234,0.0471912932986382,0.052940518164790312,-0.034504569941694825,0.99800137083552309,-7.2738252664023744,-16.789214804531742,1.6125851012572148,,0.1653695539315839,0.45,0,5
0.98162844156058116,0.19039795952234076,-0.012418523627023111,-0.18667762637334545,0.97183088546550189,0.143861717864599,0.039459682347422434,-0.13890049339390032,0.98951987670989872,-0.83877618531891363,12.039700229215354,-1.4496279645568608,,0.08112221679382732,0.2765957446808511,1,5
-0.94293011198884502,-0.32386289390296003,-0.077431452637188883,0.32841714325689275,-0.94289435938642929,-0.055609415140221205,-0.054999853815139714,-0.077865608519139956,0.99544561031241607,3.769374321924043,0.12909062032660601,-0.71803437308481666,0.5149137940590232,0.3444837647405005,0.3145539906103286,1,5
0.92118554323410684,-0.38491713259950838,-0.057061335139097315,0.38901773428159259,0.90755864009258691,0.15812184291776765,-0.0090772986565505146,-0.16785742707627613,0.98576948970052469,-8.7326717803553358,-15.53302776438394,1.4932293044069147,,0.08463541823755734,0.3928571428571428,0,5
-0.12651827597022766,0.95378976794628156,0.27254028033760286,-0.98905247121132489,-0.14232832347806312,0.038959691049786443,0.07594955586632697,-0.26462752482858182,0.9613552611115237,23.550449376552415,-18.476355765668892,2.2767791989563646,,0.3822657207798896,0.1666666666666667,0,1
-0.57641141437179477,-0.81308574727231719,-0.081495085523758212,0.81347288118351468,-0.58041290303514181,0.037185125646025663,-0.077535494845255432,-0.044860111156089962,0.99597982784098849,-3.0775178928739746,1.6825283919278367,-0.50604727937831473,,0.07144622600691991,0.2360655737704918,0,5
0.98967486071633715,0.14213926965759185,-0.018441748488310272,-0.13897687352523508,0.98310807220439445,0.11909637690421636,0.035058503836451586,-0.11530371367725659,0.99271141573016275,0.0071929094127291728,9.1691657803770017,-1.22215290347203,,0.06736972997032657,0.2758620689655172,0,5
0.4947217442127142,-0.86468830873994063,-0.08697427511391316,0.86710737295446461,0.48444646936920965,0.11591558171235802,-0.058096467802583707,-0.13276199397481328,0.98944381011995586,4.637608005779188,-6.2029967816006621,-0.079316646750463238,,0.09642402871629725,0.459016393442623,0,5
0.20746049342066589,0.96025151357916239,0.186754315448349,-0.97745347688562612,0.19581001275979093,0.079013539518310499,0.03930450602481738,-0.19893584285376575,0.97922402249649043,-7.290264613780276,-13.9098771499827,1.3076966099322873,,0.3284425717339509,0.2592592592592592,0,4
0.35054094628956117,-0.92245873528523425,-0.16183611052662203,0.93465215830330273,0.33358122926481842,0.12308089397282947,-0.05955155710304471,-0.19440536303851985,0.97911192765100374,1.5671469913173079,-11.106925735307486,0.70593708573962644,0.1658088864454445,0.164175043578047,0.3714285714285714,1,5
0.767180112633845,-0.62885739477037939,-0.12638453948854808,0.64102629707646386,0.74466071229014075,0.1859185575137072,-0.022802658519533187,-0.22364883325014595,0.97440301628755788,3.1310049265059083,-21.176607523640559,1.8177551917106745,,0.1185391103804226,0.1428571428571428,0,5
-0.9993717019826196,-0.02891241740083457,-0.020500570635992307,0.028370126986773669,-0.99925229926365078,0.02626743822798551,-0.021244697482330353,0.025669330656380777,0.99944471997831752,16.155094135468239,-12.754297454741295,1.2807866294734607,0.1984269346744001,0.1909528614612671,0.3870967741935484,1,5
-0.99741106656731504,0.071870968910206723,-0.0023933484826880866,-0.069613818751650777,-0.97336139134892841,-0.21845255336134486,-0.018029989680080578,-0.21772038411500888,0.97584463610400085,-8.5677647939207517,12.308164163632247,-1.1139369288739087,,0.3935860572743389,0.2727272727272727,0,1
0.66033197590498571,0.74824311927075504,0.063983717158268491,-0.74792490744037521,0.64758999622282365,0.14572415593315563,0.067601881835676933,-0.14408133555771593,0.98725404750559587,8.9651440444233792,4.2536385030304418,-0.79415528756006593,0.2901142434014686,0.2663204029723022,0.3116883116883117,1,6
0.20089443825221626,-0.97605318578804856,-0.083436222303798852,0.97690487712470109,0.19328241706868735,0.091097575719994078,-0.07278932428110961,-0.099810248797848736,0.99234048013049048,6.0919738854393373,-9.6529751324237818,0.54196708201172505,0.9273789785027469,0.8833692898089927,0.9404466501240695,1,5
0.35050092789375159,-0.88045416618920502,-0.31929541303578446,0.93419481907130897,0.30444407335583534,0.18599421017556633,-0.066551781087699907,-0.36347526386066487,0.92922365068667756,2.031992323233772,4.9460327376841109,-0.91726371689582076,,0.3191029469356926,0.7167630057803468,0,3
0.96416526036261341,0.26466586176519152,0.018366608995146787,-0.2616295618485206,0.93705675620776896,0.23124577404208499,0.043992307018878539,-0.22776438980108443,0.9727219847734988,4.2683009131175229,-12.043737749764952,0.77793192299109781,0.28365601058004,0.1961801727949297,0.5,1,5
0.39639508269191254,-0.9087589555018204,-0.13049175917624764,0.91555191786122436,0.38074923735776484,0.12959438240955382,-0.068085417809580204,-0.17084255631054104,0.98294313001056888,14.060820490078203,2.4898059032328024,-0.42545086366666535,,0.2562736521685296,0.3225806451612903,0,2
-0.83676450767672284,-0.54455957259205368,-0.057271551322567574,0.54391353309749157,-0.83868421296037265,0.02769222714854359,-0.063112813326120051,-0.007978899009408992,0.99797450366462892,-7.7847215925928781,-6.8329864613599032,0.54818651624382364,,0.07177701515780228,0.2692307692307692,0,4
-0.83256810736673215,0.5442152150523234,0.1032479844904028,-0.5499363716875002,-0.83441242583043329,-0.036412782301810408,0.06633501104970678,-0.087095943219674593,0.99398891491993513,8.828515776222897,6.3163244149417626,-0.99004384647938526,,0.09497151329176648,0.1904761904761905,0,5
0.77170336959565111,-0.6042254910290723,-0.19845771676957691,0.63515443573060593,0.71629448747754909,0.28896548233484665,-0.032446141934796752,-0.34904693552579891,0.93654337041783364,-4.7350012826648777,16.860479706913821,-1.6955728232579395,,0.08004698623583287,0.5,0,1
0.038859767571002297,-0.99689557128213058,-0.068477283988210805,0.99621235662456753,0.033316049331812161,0.080318001503059136,-0.077787267421171424,-0.071339055327321543,0.99441434030898423,2.861646019716201,-9.2205271167542957,0.40027423513968252,0.1881242408070677,0.1437611989410505,0.6370370370370371,1,5
0.44376984023797922,0.88609616706234851,0.13379802544347177,-0.89244186641272027,0.42343296892375215,0.15573065177477416,0.081337838482083757,-0.18851552600735658,0.9786960981250673,4.0585059140861919,8.3176996104307914,-1.1992397588629409,,0.07708763137693149,0.25,0,5
0.99520237698056191,0.096536697015966025,0.015902672149244998,-0.096901613816531409,0.9501405685212162,0.29638315959232775,0.013502077321309092,-0.29650221951855099,0.95493671399134195,2.6441438578949019,10.239331967410845,-1.3920138338030232,,0.1927928143429529,0.3684210526315789,0,4
0.99309555433253172,0.11576470718767544,0.018967143557014905,-0.11678419688518307,0.96038499935364807,0.25302589664770575,0.011075708683576387,-0.25349395571935129,0.9672735616623207,-13.332337870379481,-10.065190640443152,1.0104764419167811,,0.271004361594731,0.186046511627907,0,5
-0.44608762795362866,-0.89163782862007424,-0.077380945719108932,0.89176320718598168,-0.45014968054253657,0.046083049126807871,-0.075922397855155435,-0.048448402255708692,0.9959360129158864,15.049916948365272,3.9800091282756043,-0.45065537722011439,0.2281935158274657,0.1983584971471037,0.5952380952380952,1,3
0.87619927784285856,0.4760509624843508,0.075168521505860939,-0.47833649817017992,0.8399285934232531,0.25634771789178412,0.058898387294927294,-0.26056753264318944,0.96365737734233015,11.427368346107414,-11.188093653856143,0.81321511857392137,,0.5337356132868821,0.2105263157894737,0,1
0.8168881023532838,0.57434081138541015,0.053164467558686819,-0.57466754069278925,0.8024974588781254,0.16048378786734854,0.049508038819482306,-0.16164919075361758,0.98560564792463956,-4.8538540310713341,-14.426941516209647,1.3303388671145184,0.4923228111693688,0.183609574328182,0.1578947368421053,1,5
-0.35112264276222516,0.91635680031797317,0.19236190956287785,-0.93543697665824399,-0.35227328112365902,-0.029346177039863995,0.04087239215111306,-0.19024655034291035,0.98088516027232686,31.414246023871421,-10.417569110113311,1.9091317993653025,,0.2418311434678918,0.4285714285714285,0,4
-0.97255844230743238,0.22852737009743371,0.043649941728373956,-0.23261649098172096,-0.95154119210629862,-0.2011440475089292,-0.0044322026003814231,-0.20577803780110748,0.97858865451160559,-12.268246360538431,-4.1863317840380487,0.47854571925039541,,0.2739349739950736,0.3658536585365854,0,1
