axis_00,axis_01,axis_02,axis_10,axis_11,axis_12,axis_20,axis_21,axis_22,location_x,location_y,location_z,dbh,dbh_approximation,score,reconstructed,number_clusters
0.79052524281632053,-0.59393418123747566,-0.14937211529588096,0.61229598387528605,0.77157625368959271,0.17252163015844832,0.012785483971773095,-0.22784264987069897,0.97361401915723511,-31.488317286883785,-5.7983419099224625,-0.5212538768148377,,0.4380749319155812,0.1304347826086956,0,1
0.73771596102185255,0.65230046035459033,0.17400939708761506,-0.67348176639110313,0.72896664584525139,0.12259665404832708,-0.046877192666856964,-0.2076336645785429,0.97708279594994452,-23.418648188161765,11.350402413251812,-0.35518183809450687,,0.2773575756305525,0.3,0,5
0.3211746069230213,0.94022210952458096,0.11326630844602523,-0.94685999480900584,0.31661681703482825,0.056656344755245294,0.017407529926263068,-0.12544391548369976,0.99194798350013591,-9.2506871000719979,8.6363967132120454,-0.65453876971640301,,0.3318045743334724,0.3695652173913043,0,3
-0.95226630713661231,0.30222090868624035,0.043027928665718841,-0.30422751749095406,-0.92791385555798089,-0.2154564788183779,-0.025189241625946917,-0.21826222535378392,0.97556501735656942,-9.2439298170697572,6.8196710362554773,-0.69509649113358485,,0.4509098142899078,0.119047619047619,0,4
-0.73891412984012683,-0.67212152696131444,-0.047524327641741887,0.67368756574203559,-0.73566513901840913,-0.070298413905263341,0.012287086195645615,-0.083961039942440696,0.99639328143289141,-19.262835780697831,2.3231100383868197,-0.57094868317344538,0.468540904594392,0.4939726549302689,0.8689655172413793,1,5
0.50877639887215298,0.851338934842232,0.12793980605104358,-0.86062696588130072,0.49923429166857203,0.10043081011386511,0.021628720457573143,-0.16120527300269688,0.98668386953851406,-5.1435208927008222,11.58244582796514,-0.68717296486829305,,0.354438440657332,0.4489795918367347,0,5
-0.97044710322493088,-0.23297184417513622,-0.062901030706785002,0.24130317604397147,-0.93931990945400923,-0.24382552149929765,-0.0022797090674054462,-0.25179798951728805,0.96777713105942931,14.582839174040135,-14.447871554986861,-1.251420873479093,,0.3967105435153787,0.1388888888888889,0,2
0.61755420499054614,-0.76644406496242423,-0.17660775515919622,0.78650858938808266,0.60017905713964204,0.14556558037441411,-0.0055715991657853082,-0.22879815264736389,0.97345794086231097,-6.1864141915450075,14.966571786391162,-0.56335287928172362,,0.2954923354998193,0.1666666666666667,0,3
0.17043052559731919,-0.97998806648052483,-0.1028436945096021,0.98532550062274171,0.16850362038800332,0.027206391504210631,-0.0093324041471777794,-0.10597131438223499,0.99432539279701393,-12.291769934450313,11.739408138049852,-0.55821980044578112,,0.1624846746493299,0.2,0,3
0.93519265169508159,-0.34748901829775003,-0.068308757696133746,0.35413225362458217,0.91883635162519683,0.17415540725132342,0.0022474782085578765,-0.1870591914196291,0.9823460733097773,-0.86079764086042054,13.716221085146669,-0.78301197975219627,,0.5496301783029687,0.5517241379310345,0,2
0.13823861911128743,0.98677392635172245,0.084659922387216729,-0.9903671460192629,0.13704315927488733,0.019801226770529926,0.0079372710590257124,-0.086581699962307607,0.99621313430398639,-26.310166599223329,7.307012347103587,-0.36332027056329314,0.3779348223477222,0.3343003099585851,0.6136363636363636,1,3
0.62518880725460535,0.77106826074473989,0.12080021753145397,-0.78041697663032739,0.61574656351707269,0.10865317346537234,0.0093966946712335762,-0.16220328846542686,0.98671262044237495,-21.858634051042575,5.9287555879407607,-0.40443756940237841,,0.3026684904270246,0.2,0,1
-0.99737009794359333,0.072152331133704672,-0.0068504627552117836,-0.071797973790645106,-0.99651133494765876,-0.042546566023527625,-0.0098963977055368975,-0.041942823376696796,0.99907099891831819,-14.29761910838903,12.523496506567518,-0.47175838085166683,0.254607032866604,0.1727228653389465,0.46,1,5
0.9675104004218199,0.25274729825942543,0.006513700804601074,-0.24724100733645488,0.94041665633951788,0.23342749788844125,0.052872576699702238,-0.22745398589992696,0.97235239236162296,14.405108425768059,-11.523757885959716,-1.2648518069848471,0.888581370716278,0.4683661955136684,0.3333333333333333,1,3
0.61790030879022984,0.78547503802079055,0.035045299872827666,-0.78487352975746882,0.61355804129440439,0.086718350128597438,0.046612773817813112,-0.081089423534834809,0.99561626880430076,-3.6552309252982251,9.1433711335494117,-0.81761408841067551,,0.1625864653720981,0.2,0,4
0.95300146503524208,0.30280629761899924,0.0098261774335797903,-0.30260275023315319,0.94977198194894252,0.079779432538157002,0.014825086576950988,-0.07900334440422406,0.99676410869419541,-14.296118261140615,-40.46310012731584,-0.79206633134709481,,0.4917264584623485,0.7083333333333334,0,1
0.94284055387450627,-0.31656196039714152,-0.10411635413869356,0.33192788718640331,0.91984618720570888,0.2090618798133505,0.029589992862210767,-0.2316711400080726,0.97234403130259162,-6.0529374851233824,8.5757371256696935,-0.76796136235615797,,0.7784044992129943,0.6374269005847953,0,3
0.069654663415266424,0.99722745793328726,0.026184442106337188,-0.99757018894526572,0.069593891219091097,0.0032262102680376292,0.0013949882487724133,-0.026345539449772189,0.99965192270054026,7.7824035453886102,14.589188168026404,-0.75020799149460982,0.2996160762620858,0.3225755323682983,0.45,1,5
-0.86993860294809622,0.49315502938520972,-0.002223531602555492,-0.49261906591564891,-0.86918661184682078,-0.042907920977812909,-0.023092920930631117,-0.036231902769761043,0.99907655673855866,-1.7272182220174983,-28.726086282538947,-1.0331868276568517,,0.1905995651438356,0.3636363636363636,0,4
-0.98365195482595469,-0.17887167928844,-0.020826764405718758,0.17962641863975032,-0.98279400597755884,-0.043015015299771607,-0.012774251200559077,-0.046052840988541781,0.99885732431771712,-2.0495678499223917,9.4991639951323812,-0.89793150614528805,0.5136494501916276,0.2774853434388221,0.5833333333333334,1,5
-0.84932003996908312,0.51534076707090659,0.11436504492931926,-0.52787347290218356,-0.83006430170805057,-0.17984118448262995,0.0022508471968463234,-0.21311299543832835,0.97702496634538483,-24.931843665421098,-1.0809552492069487,-0.49260683141914774,0.8477197194916313,0.3280399011310466,0.3535353535353535,1,3
-0.92761645033924833,-0.37166636292748884,-0.037307314675087279,0.37323692641394707,-0.92622710165607591,-0.052891898423644092,-0.014896906426631286,-0.062987862529532285,0.99790310719672493,5.6247669458484086,5.466313484537987,-1.1127716256627396,0.1843050056766354,0.1475615759332073,0.6901408450704225,1,5
-0.91728319131830638,-0.39381910436191125,-0.059144399265577109,0.3981894482025079,-0.90926509253883236,-0.12116994194325593,-0.0060588996596907755,-0.13469782674539263,0.99086819769583023,-15.880159896280896,11.497397572489481,-0.48371568378666147,,0.2418039857654868,0.1923076923076923,0,5
-0.52522650991576436,-0.82943067057345887,-0.19021534111045954,0.85092686208245871,-0.51396001147297077,-0.10848309542599414,-0.0077838723143999859,-0.21883754092652147,0.97573026088823689,-16.383839455957702,5.5275945281010754,-0.58868652898203966,,0.2934648456773515,0.1111111111111111,0,1
0.99876796232617571,-0.046796060275698881,-0.016513212088835803,0.047770487833439949,0.99676669410672003,0.06460756930666163,0.01343644011533106,-0.065316814544442381,0.99777411061562082,-30.700187826337761,-2.3275432213847576,-0.47603984025448742,,0.4927597589016401,0.6739130434782609,0,2
-0.34343275682821345,0.92045695652464632,0.18658224117734312,-0.93906183988661185,-0.33966049200398712,-0.05285462175044868,0.014724211562823558,-0.19336427114903212,0.981016542285021,2.9416914756672785,-26.320541366849575,-1.1532068896790868,,0.3257950358072577,0.4761904761904762,0,4
-0.2458316261327515,0.93205701363877613,0.2661513383766721,-0.96930248597622459,-0.23512967263270967,-0.071879953588931997,-0.0044161378193293419,-0.27565151981152142,0.96124749016700162,4.2993939226498901,-29.908860146014753,-1.0999705007942602,,0.7846660385098121,0.4565217391304348,0,1
-0.99325210829566057,-0.11462658449855764,-0.017635064287408447,0.11492604110100924,-0.99322820796468048,-0.017021515212227847,-0.015564525147756688,-0.018933383994045608,0.99969959114098872,-0.77706088750106805,7.8214876591370279,-0.96522781400462798,,0.09413826496634391,0.3793103448275862,0,1
-0.95795890689398289,0.28670463638225979,-0.010732389268105482,-0.28479034321661106,-0.95476503763160869,-0.085546381144259276,-0.034773454143222846,-0.078893436946492604,0.99627638358726545,0.86051072083183033,9.7744083819390841,-0.90798807657378156,0.3626569033776514,0.3071893529014446,0.5142857142857142,1,5
-0.96435191281339649,-0.26013748489285121,-0.048516772427322052,0.26419156337167571,-0.95692567642253756,-0.12039961647156262,-0.015106491861877271,-0.12892532240367274,0.99153923530374544,-0.25308964320816263,4.2837157940641966,-1.0692341750287453,,0.06998467208266908,0.2972972972972973,0,5
-0.41099342157916446,0.91129303595381717,0.02508804577339023,-0.91150228887781581,-0.41030109048967539,-0.028576082892662384,-0.015747532795845325,-0.034612393229301722,0.9992767371683311,-15.336148747305375,3.2758869467059628,-0.62926566513775406,,0.0693918958527001,0.140625,0,3
0.97889258769997733,-0.19269231810133158,-0.068110001400510739,0.20379920235182117,0.94533930844856418,0.25455741400075604,0.015335803428703561,-0.26306512966702,0.96465618263009667,16.400567499641316,-19.88801547144228,-1.1140875005205939,,0.3455867084807412,0.15,0,3
-0.75759184098195897,-0.65167093664152487,-0.037142870302709498,0.65263799806535139,-0.75720730261547442,-0.026471576210121667,-0.010874095770083575,-0.044295498671481616,0.99895928988053762,-15.362050923633699,7.7873873058663134,-0.55130282743487913,,0.104598639585544,0.3333333333333333,0,4
-0.42137333275377897,0.90536241665308892,0.052568136318988684,-0.90659147546768271,-0.41904727521728002,-0.049912701212254371,-0.023160549503487424,-0.068689705524569447,0.99736919608620589,13.918009511017599,-32.100043517150077,-1.0015609532753758,,0.4054968580555738,0.82,0,3
0.99166448563091947,-0.11892890755770251,-0.049572803889783017,0.12788974433838438,0.95534150566526332,0.26639598504161088,0.015676773629357314,-0.27051529069603242,0.96258803039940954,-24.325218496068103,-2.5034063010436043,-0.5047642134266741,,0.4361618283088532,0.4444444444444444,0,1
-0.3973115302903123,-0.91413404335417403,-0.080638072145347892,0.91766588519863979,-0.39631592516550818,-0.028688161370222991,-0.0057333272160875783,-0.085396945151191186,0.99633051279074913,-22.154123908875935,1.5190368181683884,-0.46583282305452578,,0.09637216576408456,0.4444444444444444,0,1
-0.96411940137680208,0.26543155594146189,0.004457465572814393,-0.26528773699623975,-0.96270498594191711,-0.053118044410435203,-0.0098079808448166238,-0.052394648133845707,0.99857829155188427,-6.0591405165919721,5.71047124510602,-0.82249575203207614,,0.09023563984996087,0.4268292682926829,0,6
0.71091056702733046,-0.69714770177866059,-0.092688983129662977,0.7032371440124856,0.70615943816596827,0.082440082303979215,0.0079802863383549878,-0.12378986143402725,0.99227636535196295,24.556565520654225,-19.254207241390493,-0.87600015275056131,0.4380065508679293,0.3038666566131166,0.3181818181818182,1,5
-0.85439482473866768,0.50900887328118027,0.10449617400079274,-0.51944273005664254,-0.83133094317994316,-0.19765655340222923,-0.013738036653135659,-0.2231565142059925,0.97468581425829082,-17.846269113987219,7.3374960098515905,-0.52149319441411113,,0.216430335697834,0.2222222222222222,0,1
-0.78593172958992086,0.61786179322604629,0.023624582436307249,-0.61818722533045756,-0.78442624239949399,-0.050199847342804797,-0.012484825270129568,-0.054058067913171998,0.99845974101686696,-19.572592226198857,7.5562516122170491,-0.45338678213500005,,0.1121099452808513,0.25,0,3
0.99485922661680226,0.10114688186301506,-0.0049424189227494,-0.10005905684847144,0.98933286701658596,0.10587097516948651,0.015598216501030925,-0.10483218270232163,0.99436759254908069,-20.859270324917983,10.270657606308978,-0.35621153343427797,,0.1538935475559317,0.25,0,1
0.50899622836948322,0.85965450831545054,0.043783168439064525,-0.86063855676472478,0.50737581589540715,0.0432557054549291,0.014970441395438596,-0.059698473828003494,0.99810419200954903,-18.79723863479164,6.802522460026883,-0.5064672945541201,0.8486969290265781,0.491511197379766,0.6989247311827957,1,4
0.47988665694364885,0.83908806805377889,0.25620306504260465,-0.87721591252033593,0.45418915333694693,0.15557781272463544,0.014178833117115581,-0.29940512193488589,0.95402071971765534,19.879616038471589,4.0295880939364928,-0.99927804254357444,,0.2981266396978234,0.4,0,2
-0.47663656252889841,-0.87743980271970756,-0.054009072051228339,0.87904630456240784,-0.47638870359425545,-0.018204327039428033,-0.0097561106906926195,-0.056153323062701981,0.99837449016549196,-3.8373037668412109,5.5188457684685437,-0.90635595021353943,0.1625230761201733,0.1276380276810496,0.42,1,5
0.1103341334280675,0.98508157514897055,0.13206312620372038,-0.99389385732451807,0.10919869650142842,0.015831773589194832,0.0011744672272960162,-0.13300351493254342,0.99111487005408216,-10.074534683823375,-35.164945081865703,-0.86415685903491812,,0.7452765227388368,0.6842105263157895,0,1
-0.42083306324432712,-0.8980599164550257,-0.12801530899540439,0.90711752707205051,-0.41756254632354456,-0.052719180442097925,-0.0061094156091084997,-0.13831090472045404,0.99037001604265329,-21.925803749176644,3.3203260322687957,-0.44349045245717023,,0.1010924319602579,0.2941176470588235,0,1
-0.61535833733537015,-0.7466957629513804,-0.25254614283790516,0.78819336664201189,-0.58663496394037806,-0.18603933956075608,-0.0092376108047062637,-0.31353605322694023,0.94953136329112031,-27.148696910484709,-5.4742366969441481,-0.51877495252512984,,0.7570641168191921,0.3939393939393939,0,1
0.95634632583851065,0.28597807949835669,0.060151833734420325,-0.29185193722559283,0.94518433610324115,0.14645483099831577,-0.014971699731505864,-0.15761696872960151,0.98738682357809604,-5.4622682446369204,16.2999850076509,-0.55439927134436684,,0.2010956123215212,0.125,0,5
0.89425718869045656,-0.44252375440205455,-0.0669089475731795,0.44748000113881031,0.88135413006067465,0.1515801636290241,-0.0081073458203586128,-0.16549206692437343,0.986177796712564,2.8496972071406037,23.068301127874292,-0.44236233591889657,,0.320080365777536,0.2727272727272727,0,3
0.89968521617404895,0.43479787416241356,0.038952797353984298,-0.43644028988197475,0.8977930307976183,0.059055458841370125,-0.0092943620325653918,-0.070131893422842442,0.99749442723222004,-12.246786459330329,10.085292300265102,-0.5919529315043166,,0.1141404218566354,0.2439024390243902,1,4
-0.94406825675453088,0.32971070100357291,0.0050970807521342398,-0.32946925121931564,-0.94251368189835671,-0.055838803133548616,-0.013606582577735525,-0.054394972912358716,0.99842678641571858,-11.979282392550775,7.1591464127288722,-0.67187478814176238,0.6268947867523098,0.3386281135005781,0.6565656565656566,1,5
-0.99844757760354375,-0.052679107201592031,-0.018092717928992603,0.053405869343720394,-0.99767407859967416,-0.042358541168604623,-0.015819225558047531,-0.043259040150401835,0.9989386405320444,1.7427473165696716,7.788004472349404,-0.96526085239396964,0.136697082066931,0.09788827656645727,0.3148148148148148,1,2
-0.14245865163978735,0.97151846255280905,0.18936052780873008,-0.98972360213880695,-0.14220506676335926,-0.014997011576129189,0.012358152870057674,-0.18955103773352355,0.98179309436957529,-9.0495852728416644,22.238893032915076,-0.29253735316214968,0.4458530424956944,0.3858224881081524,0.4594594594594595,1,4
-0.55225487679684138,0.83163069310269822,0.058351875236622414,-0.83367500528961691,-0.55083872692568103,-0.039530778821718203,-0.00073253632132769058,-0.070477565284421451,0.99751309574467106,7.3632287839406478,18.851272054798009,-0.60807323403950397,,0.2909449083302989,0.7931034482758621,1,5
-0.30630690380547648,0.93905678088848665,0.15603987614855092,-0.95135355917190434,-0.29626232356125926,-0.084587475958524838,-0.033203706601113776,-0.17435881940824297,0.98412220580703824,9.7340161693955984,-28.466352177033773,-1.1350070935563719,,0.3636343515333276,0.1379310344827586,0,4
-0.91997573972613667,0.37554000532495746,0.11231359096689505,-0.39169964640795957,-0.87003781221754739,-0.29934193210371424,-0.014697799809078035,-0.31938050928670642,0.94751256718237631,-17.960530299444926,9.6800375205688187,-0.48226393201511047,,0.3143852433302177,0.1111111111111111,0,1
-0.92086156906901229,0.38988967420936782,-0.00011205654764505478,-0.38967191673244478,-0.92035678684113476,-0.033153917197304518,-0.013029501978956519,-0.030486502921390685,0.99945025149719435,-16.964183950371652,0.79228488010807174,-0.64845970863802549,,0.1130295697041042,0.4155844155844156,1,5
-0.087908827564749492,-0.95789889796459615,-0.2733161892651132,0.9961281870818709,-0.084760970656041226,-0.023328368019029991,-0.00082032748137989822,-0.27430872959433455,0.96164133019081788,-19.477252107364986,0.36256724850571193,-0.60547010120545897,,0.07301718400274576,0.2142857142857143,0,1
0.98817451091097075,0.15332999728111299,-0.001023679460355855,-0.15285166473995118,0.98557666942031463,0.072629176510451865,0.012145146029968574,-0.071613829866406839,0.99735848860867271,0.16562898956031802,11.220248693050264,-0.8561009226473224,0.242391224797833,0.1818633357350445,0.625,1,5
0.64390178423549715,-0.73429409668750656,-0.21494806774712191,0.76509333676593905,0.61970584431403619,0.17491956025381783,0.0047621733173478049,-0.27708635132915843,0.96083321945714861,14.039710221638272,-5.9618979111294657,-1.346011867274145,,0.4484611080712339,0.3214285714285715,0,2
-0.24261055313080582,0.96623999973264529,0.086720138527469848,-0.97010969559606608,-0.24115436076037949,-0.027050929683890657,-0.0052247507188867507,-0.090690888202243622,0.99586538486736009,-19.713951989191521,-1.1238403471696705,-0.60893998417516793,,0.1687302805346374,0.2545454545454545,0,2
0.93513045296560837,-0.35352611891494062,-0.023458882779760135,0.35392871842812873,0.93513617364676027,0.015962424913487511,0.016294115752556373,-0.023229721957775291,0.99959735984525599,-10.241328898309918,3.6898217511418623,-0.7322522593308306,,0.07653099935939801,0.3385826771653543,0,5
0.87281177222062867,-0.48076231631511906,-0.084066672852016966,0.48798714392214565,0.85672976163429859,0.16698102555903407,-0.0082557640345382721,-0.18676646042949163,0.98236965121019815,-16.002047615254668,13.938989379134251,-0.44026810276172945,,0.2508564313714874,0.5217391304347826,0,5
0.32210016562292848,0.93367936919344718,0.15650660959911444,-0.94648700526572882,0.31404252696413198,0.074428758696462635,0.02034286530446977,-0.17210498772699773,0.98486853997408974,-7.1794661212394866,6.2270789467260119,-0.7778187628352089,,0.2255419830528233,0.330188679245283,0,5
0.99598654641230888,-0.089350625121484922,-0.0052216047418739654,0.089037372312630467,0.98317315013078832,0.15950831700436213,-0.0091184262536096652,-0.15933305574268614,0.98718277519938258,-8.0515949445619537,-32.776054271814445,-0.90757035587980872,,0.1384541177424862,0.2592592592592592,0,2
-0.61295815964020717,0.78706250497062213,0.069389536674195063,-0.79005091602499133,-0.60941827904054158,-0.06655006581016143,-0.010091809479096903,-0.095613672874928821,0.99536735979275692,-33.083334687136649,7.7032365971721664,-0.36288892636044551,,0.283701174119398,0.4705882352941176,0,1
-0.96602055292275246,-0.2567056677660165,-0.030107996738774959,0.25802642110126139,-0.96460021199813362,-0.05448666834033461,-0.015055143456410366,-0.060403900122083257,0.99806047487391647,-22.535840567160445,4.8829306349628574,-0.41699312847057224,,0.07526578979803511,0.2727272727272727,0,1
-0.88398355175997156,-0.45798454220615753,-0.093932099508326206,0.46609893975813621,-0.87897158725744895,-0.10080043229303691,-0.036398606761348783,-0.13288757614742591,0.99046253514784455,-15.946088817816106,9.3128130855005438,-0.52035379689371097,0.581888492273124,0.3294705797774504,0.6071428571428571,1,7
-0.81313540756791292,-0.57920611388656684,-0.057715566321263102,0.58207136925271041,-0.80879482985223072,-0.083927613456925662,0.0019313351955287167,-0.1018390928903128,0.99479900940021027,13.950609687722247,8.9706779899952203,-1.0471313713877852,0.3926916110162195,0.3203771767749891,0.3214285714285715,1,5
-0.7817495259276912,-0.60594748132880838,-0.14729334195103308,0.62259139829894938,-0.77178871452439868,-0.12931407849471027,-0.035321798878165028,-0.19279478728443494,0.98060315139201981,-1.8050265482226184,3.9908409346648761,-1.0699130408356055,0.7707831920630306,0.6816390646750529,0.2634730538922156,1,3
0.6436680760863136,-0.75206557293850995,-0.14173489982363166,0.76520386984495803,0.63545711844192276,0.10323414258756472,0.012427606432646877,-0.17490461578288832,0.98450694765257818,15.728073039351395,-11.346700469948487,-1.241570059918639,,0.13867064422851,0.4,0,2
-0.11242951196285091,0.99344713187446121,0.02055239670216058,-0.99365806997625983,-0.11236777979763471,-0.0041378780076289741,-0.0018013358517834004,-0.020887274445414859,0.99978021432482445,-14.394394364163478,3.33962033982856,-0.64788903188368385,0.2277817894815717,0.1783372864531869,0.7366071428571429,1,5
0.63226513120869954,0.77078150563141867,0.078336928930169386,-0.7747182648339882,0.62805246911022383,0.073223672245850482,0.0072397507044131403,-0.1069858243933096,0.99423418739682412,-12.984443239161552,5.8472100882590912,-0.66615929302337407,,0.09817657732631499,0.1904761904761905,0,5
-0.91678620716964843,-0.39814451155511399,-0.031368746580491741,0.39917041640285716,-0.91094405955175906,-0.10413404359829892,0.012885224571620144,-0.10799013050229379,0.99406845976614577,-27.163495099303663,-2.9493616403376004,-0.48916698684972337,,0.3868995030291048,0.4324324324324325,0,2
-0.6674397703063486,0.73845026647320844,0.095996650769990727,-0.74463145716995727,-0.66304308074226159,-0.076797565539261217,0.0069387323305125214,-0.12273987544990499,0.99241461948531728,-22.070716124106362,-2.2673351230106293,-0.52923214275746144,,0.1492987341931925,0.3666666666666666,0,4
-0.83867802345981579,0.54225946501173528,0.050733081620607114,-0.54446009191304223,-0.83246477899907279,-0.10278910467586977,-0.013504861331331781,-0.11382910142495015,0.9934085536118612,-13.257778300403718,11.310168985732577,-0.52556069251718873,,0.1847676477632077,0.1578947368421053,0,1
0.41618628488381487,0.90699895637640116,0.064357357052053824,-0.90898600670219143,0.41321079653073484,0.054783914154053391,0.023095798193848733,-0.08130025069182284,0.99642202572164895,-13.061961446957742,13.093914087381078,-0.48954414933659546,,0.1481042770729062,0.3,0,2
0.33905748840801481,-0.91906486256839492,-0.20089748118527059,0.94056361565298907,0.32673975028164598,0.092634877317693515,-0.019496267956339124,-0.22036541012151817,0.97522252925050379,-9.7490407489424342,14.652573410543408,-0.49307864445441574,,0.4055274374591704,0.7931034482758621,0,2
-0.9119221295487322,0.40962209147035095,0.024653028592033232,-0.41030349328262639,-0.9091168285721507,-0.071816679169870404,-0.0070052151557296934,-0.075606442757014017,0.99711312937612628,-9.9143871608248713,11.328476034798403,-0.57428482839331285,0.5008990125355733,0.1989766247592535,0.32,1,5
0.6245065278087979,-0.77846960376360197,-0.063060865363073648,0.78097294134975737,0.62331281330242216,0.039527226724485727,0.0085359008726582381,-0.073933840622280353,0.99722661697686932,-5.5675873560223605,10.688224075363932,-0.71447437368052091,,0.07346004210179352,0.2727272727272727,0,5
0.48915502256452364,-0.86208680819952965,-0.13241487464876645,0.87197817019333379,0.47996424367871893,0.096376322279916188,-0.019530350897694622,-0.16260584220212909,0.98649779800846493,12.996167027023393,-21.305481112992677,-1.1957788230564101,,0.2314346301719166,0.3,0,3
-0.23467357124313531,-0.97058682040798205,-0.053754432471352732,0.97206932838963023,-0.23448897296600549,-0.0098052211337731291,-0.0030880032589519876,-0.054554061330684758,0.99850604336088078,-20.237890324715401,6.6030896577892779,-0.45943267145963546,,0.0816052920285719,0.375,0,2
0.69802205628662439,0.70470992404548938,0.1270792346892074,-0.71599810744442582,0.68424547336826547,0.13840101990607223,0.010579181130632822,-0.187595456039961,0.98218940423920587,4.6736943523103953,-24.930992496642109,-1.1815967916413421,,0.1866354221368745,0.3157894736842105,0,1
0.086255364507392518,0.98783289241486971,0.12940706610138597,-0.99627298835576406,0.08557423115112564,0.010825139055413572,-0.00038048176324664401,-0.12985849077424769,0.99153246422266073,-2.5565245027530574,16.658872964686381,-0.61749798599700889,,0.4175130415575117,0.71875,1,4
-0.76356147231157989,0.64343753489553812,0.054424412619026599,-0.64548956808894986,-0.76287950050993658,-0.036852207397271283,0.01780717523119036,-0.063269316333142409,0.99783761109762892,-12.832549297188955,3.2923558986721289,-0.72270650712551354,,0.1135930706751979,0.1538461538461539,0,2
0.23575722791623877,-0.96303038518548145,-0.13034955579039875,0.9716810878321801,0.23579677766326898,0.015353930861222279,0.015949703273820389,-0.1302779983463154,0.99134920694594575,-17.481492302299316,3.7701028555125657,-0.61750399334071082,0.9277577477923047,0.6183211256329237,0.4313725490196079,1,2
-0.23867322027664348,-0.96141559304684865,-0.136803330987052,0.97077040136243908,-0.23988256777969208,-0.0078218612894072718,-0.02529667490770348,-0.1346714933525191,0.9905673460784058,-25.867259727670266,-3.3717550106391712,-0.50264925823246243,,0.1468169126980537,0.24,0,3
-0.99194701674453511,-0.12276738619200517,-0.031133339994274166,0.12579506070580079,-0.9835655876159598,-0.12951578112220685,-0.014721367926926548,-0.13238921310006538,0.99108848120695314,-20.420789332599437,1.6238107151686283,-0.5393744831161098,0.2480018362470693,0.167900073564935,0.6868686868686869,1,3
0.6985595198640514,-0.68730609993854952,-0.19906009694201982,0.71546118945998194,0.67533008758660817,0.17900994155848471,0.011396647920063157,-0.26746887255814378,0.96349910151938456,-1.1585466213916951,-35.467691164861776,-0.97667852042764658,,0.6514847452061084,0.3823529411764706,0,1
-0.99307150243341569,-0.11565866678813713,-0.02078614566068844,0.11647683180834745,-0.99222793203697413,-0.043782171457326109,-0.01556080674408025,-0.045899931180988091,0.99882483830301916,-5.0316591704964608,5.491028942378561,-0.85261748982696528,,0.06849485648277151,0.1686746987951807,0,1
0.14744524707642528,0.98185236235167606,0.11927211601630022,-0.98905631184926956,0.14700668703288808,0.012515828328012971,-0.0052451030203109952,-0.11981223857372993,0.99278271357949166,-17.577632914674055,5.3747299021689763,-0.57824744421715935,,0.1685149430069761,0.25,0,5
-0.50029383676897576,-0.8563899649922887,-0.12768047913241667,0.8657382137143701,-0.49718640642841255,-0.057471928603913598,-0.014262615665759256,-0.13929072159805789,0.99014881339678584,2.9031195524392213,-28.512442084685503,-1.1053471814813327,,0.1086191913199289,0.1875,0,4
-0.24938910094145625,-0.95346096825806426,-0.16946167218579994,0.96831256836083923,-0.24312180948116802,-0.057118785955578531,0.013260704583414844,-0.17833666970928358,0.9838801684915468,-7.660563407493111,-36.260889618315538,-0.89852085408209081,,0.3870338221483437,0.4285714285714285,0,2
-0.14253864748903894,-0.98797131556533857,-0.059961767753212193,0.98973679751700028,-0.14164572198389877,-0.018909285667460765,0.010188503952447416,-0.062041671993546071,0.99802155554048877,-17.817871639434383,3.1458723702956273,-0.62207131560477269,,0.1119051605942639,0.3235294117647059,0,2
0.057162015605762784,-0.97796449494220428,-0.2007933031859557,0.99737761510635248,0.046996339860075738,0.055038504017845005,-0.044389152466031825,-0.20341285768652098,0.97808630113663897,-0.92200079115902966,-26.70462019127276,-1.1098572848700934,,0.7324908790969906,0.2828282828282828,0,2
-0.9960168241409435,0.089013878862850906,0.0051976338827237024,-0.088602321033484976,-0.98150168932496507,-0.16971759649405777,-0.010005735138830274,-0.16950210388673709,0.98547903176186458,22.649018491781522,-2.5721317779328619,-0.96845401866877556,,0.4349439987535038,0.15,0,2
-0.99232171465641961,-0.12258471817081057,-0.016449969371624094,0.12291483062727654,-0.99219857069135475,-0.020831244079565058,-0.013768043913801129,-0.022693241042597442,0.99964766681955075,-11.35652899250678,5.309500940420163,-0.71537429090697457,,0.07104751404686667,0.2580645161290323,0,5
-0.3756342721324365,-0.90784997548043922,-0.18629899521924181,0.92656853852627952,-0.37205749894659823,-0.055172102469235706,-0.019225946343635475,-0.1933433202822549,0.98094277279024988,3.8857004933666404,-27.761901259105564,-1.1240005675218017,1.242903491698037,0.3842678488499311,0.3478260869565217,1,3
-0.76258511578789501,-0.60728881772818111,-0.22285473528976976,0.64678925256961239,-0.72181034338271421,-0.24627929459492426,-0.011296191358490582,-0.33194897205449997,0.94322970479769974,13.944710576158275,-16.715715464340594,-1.2426121838369049,,0.2241454903043162,0.1935483870967742,0,2
-0.99816394886511117,0.057568185647617266,0.018831760067762968,-0.060347157390688723,-0.97185181381716979,-0.22773289743719788,0.0051915104614908211,-0.22845121138115962,0.97354152055143983,-1.5232518659342595,12.222404529578306,-0.80812644056688909,,0.3776866021329337,0.1111111111111111,0,4
0.67971284658113984,-0.70790612147798426,-0.1919879406800363,0.73331567114637453,0.65035766487029634,0.19819948081566219,-0.015445796959240237,-0.2755064988679089,0.96117511226510688,21.127138804633791,10.962629613586085,-0.77189622734939378,,0.3690826968077465,0.2380952380952381,0,3
-0.97037662061138952,0.2415312820002383,0.0056439335698760633,-0.24110552896422538,-0.96664784006116,-0.086371738479528587,-0.015405780528780473,-0.085173899290899566,0.99624699186792198,-19.547962795417153,17.832181594329736,-0.297995782860909,,0.3233172120352165,0.78125,0,1
0.40629218878017692,-0.87168143019024935,-0.27404040139675578,0.91365688045738824,0.39167553564300511,0.10872616783295506,0.012560339529163108,-0.29455349096598243,0.9555524469283021,-14.441374518748166,6.4123675384044674,-0.60743315333742542,,0.4864947136770313,0.3529411764705883,0,4
0.6696144775784979,-0.7160416716799809,-0.19723279604319066,0.74269828431705831,0.64697976338394181,0.17267438792177101,0.0039635703317543302,-0.2621097292917573,0.96502993731843778,9.5126027448223276,8.075247850373243,-1.0616231779067387,,0.4950261728021879,0.2272727272727273,0,6
-0.66010914775240703,-0.74686005787931431,-0.08034903234077817,0.7511129421807794,-0.65758721860826785,-0.05838148689077037,-0.0092336960165168864,-0.098889351638845172,0.99505559391941756,-12.352385483962445,4.0938276690652398,-0.72417610939281318,0.2320465704727004,0.1111966710434056,0.2083333333333333,1,6
0.8152613525601059,0.57067040557676318,0.098408410314976352,-0.57896999164416085,0.80673780532692518,0.11818571077697261,-0.011944697460742587,-0.15332775891908906,0.98810319428054794,14.201758562634373,-18.066065794530314,-1.2084684957274505,,0.2630046113504135,0.4736842105263158,0,4
-0.64459541566767808,0.76417732673741867,0.023016589683662814,-0.76445952919045124,-0.64385842900289025,-0.032372081055198038,-0.0099185850869609998,-0.038462146356945802,0.99921083108996078,-16.266830311783355,-1.2517918710938076,-0.65469607488230064,,0.104786921417086,0.6810344827586207,0,5
-0.87538531692668009,-0.47863595836017186,-0.067883475705179955,0.48323726280560997,-0.87029556831186405,-0.095222747349951065,-0.013501657132291851,-0.11616041985706838,0.99313869228487539,23.696562134079951,-23.550823075726999,-0.85217320438245325,,0.1317645689614766,0.3076923076923077,0,1
-0.70556481866777299,0.68925643305249873,0.16463248814878426,-0.70839901055127841,-0.67989593119182701,-0.18950557933414319,-0.018684980821053711,-0.25033396142861986,0.96797922459481123,-1.0893181944760981,-31.065713734481275,-1.0231171433533344,,0.6435496400886205,0.6,0,2
-0.36122368541796418,0.92859746059375281,0.084995325000251712,-0.93216088566798172,-0.35721575019911611,-0.058932088376099555,-0.024362518830150046,-0.10051698358246437,0.99463702107237817,10.276414740517509,9.2372803424882015,-1.0182238248023687,,0.226388925400379,0.3333333333333333,0,4
0.98001901275329995,0.17821535165439542,0.088329061337414125,-0.19236473393632891,0.96214831637189702,0.19304514093944711,-0.050582049974807114,-0.20617930482331576,0.97720599183740264,-2.4621108203206736,-29.888587150730604,-1.0127877087517592,,0.2298876542815065,0.7714285714285715,0,2
-0.8690655353374811,-0.49290041130828627,-0.042122201042918236,0.49451556784069561,-0.86789757016255231,-0.0469910722279578,-0.013395837106069466,-0.061668405509311019,0.99800679321844654,-4.1883169271782776,17.995840809720217,-0.53961429776950698,,0.1697884843269663,0.3529411764705883,0,1
-0.62928626949276023,-0.76575014919528839,-0.13276106370198146,0.77536358769023106,-0.63024440383654157,-0.040041207734776742,-0.053010356648695495,-0.12813547689894175,0.9903389327133727,2.0954880211629248,14.772147315823222,-0.75735614182503475,,0.1913303433739058,0.1764705882352941,0,3
0.53818489263943625,-0.83437379824615943,-0.11906882940113613,0.84281567332697838,0.53205416827800456,0.08111783288768841,-0.0043315273371407267,-0.14400946780777779,0.98956683000828671,11.796319507158721,8.0779273988865956,-1.092687283764779,,0.1516940705966756,0.2727272727272727,0,3
-0.32554702260952822,-0.89781005652328927,-0.29657417027738381,0.94551471872887516,-0.31063680158407986,-0.097502277761441006,-0.0045883261792699758,-0.31215681941495449,0.95001950893421749,4.2769501669368575,-23.835233271040202,-1.2100679615249905,,0.7231552592334258,0.3717948717948718,0,1
-0.9659157211388707,0.25882044517131136,0.004335529737081607,-0.25839460697851258,-0.96305560375969912,-0.075869171284937129,-0.015461136478182638,-0.074403502796355325,0.99710835521042385,2.9788878942318462,10.861693391879447,-0.88062934522870895,,0.08270894611040733,0.3181818181818182,0,4
-0.75627044819831002,-0.61100267989697443,-0.23394600731930362,0.65415751310583925,-0.71246171568105499,-0.25392174333048551,-0.011530708092405507,-0.34507104898487834,0.9385057346246557,18.13680978544464,1.9481757095856351,-1.1597810700862583,,0.4825566794226871,0.3333333333333333,0,1
0.99828568747390878,-0.056816406331391074,0.01405639200973305,0.055482583919714661,0.99509924878682243,0.081848444979081864,-0.018637839637062486,-0.080928246215324726,0.99654565871222123,19.811696697767349,-9.3472043491964065,-1.1399451159279708,,0.2794289089991696,0.1363636363636364,0,2
0.6532969906976579,0.75262233995051409,0.082235365584389111,-0.75703763177937122,0.64796330373603284,0.083890291937555372,0.0098522086491733968,-0.11706054168206963,0.99307591027364817,15.213616819139196,8.0423122072188793,-1.0868639629081733,,0.6884573818772923,0.5652173913043478,0,1
-0.75953448408110857,0.62440708380396415,0.18227221726602663,-0.65035036832278148,-0.72366704047125108,-0.23097708318792931,-0.012319330909882303,-0.29397586334767351,0.95573344916609626,0.24052679382941264,-28.726674074659833,-1.075917892018778,,0.4976893049299878,0.125,0,1
-0.9919873906151625,-0.12443052170712184,-0.0218646319021055,0.12620698002020242,-0.98386091390514474,-0.12684439397905611,-0.0057284426069674575,-0.12858750855906356,0.99168162108000746,22.867827441757459,8.3280131881987227,-0.7392252002518287,,0.2364114135833053,0.1538461538461539,0,2
-0.72999130306799487,0.68297989611433063,0.025517816300569263,-0.68335329581776527,-0.72872362112227052,-0.044611177001336856,-0.011873101536227318,-0.050003455101669127,0.99867846874647648,-14.186133785182177,-2.2580428779009662,-0.72526500954951634,,0.5024639687138902,0.1147540983606557,0,1
0.92486727209050035,0.37171186455249716,0.080316989278627779,-0.38027458353199356,0.90587359500740328,0.18650541811950927,-0.0034307630996557536,-0.2030352669347624,0.97916541515991296,-18.836056326451349,8.6385069780534138,-0.44984478743351974,,0.3684046758874615,0.4615384615384616,0,2
0.67364586482425659,0.73863568201935514,0.024871229422423629,-0.73734796251929091,0.66942438078764421,0.090492986334477041,0.050191941323601205,-0.079298976379792233,0.99558648111115233,0.50352625569011134,12.031462131500406,-0.83729066138833319,,0.3185111049660924,0.25,0,4
0.65586848449218882,0.73588427130658607,0.16825834390452971,-0.75481033456599622,0.63639201032477011,0.15895460995884214,0.0098939315890648871,-0.23125645599285116,0.9728425163814225,-11.573259587384621,-35.133242797261552,-0.83768767176709735,,0.3561842121436146,0.1666666666666667,0,1
0.7655614807089578,-0.61535645589340948,-0.18775529671626195,0.64324303910764336,0.73772884883598688,0.20492568954304904,0.012410152870623258,-0.27765550199020628,0.96060054669997741,9.1190824305149114,-20.138697643402466,-1.4133970194125822,,0.4675182677434018,0.1428571428571428,0,1
-0.99711143625348875,-0.073473655370550256,-0.019245925776499154,0.07562964233433718,-0.9838079651857885,-0.16248706052292122,-0.0069957767892594828,-0.16347326877348733,0.98652295944069468,-30.076294681067107,-4.4135551601983067,-0.49581501894726954,,0.09659364491998412,0.4,0,3
-0.82212903780340407,0.55974856652067717,0.10385272013046183,-0.56914678240300443,-0.80386643924060663,-0.17283138587344507,-0.013258404155717326,-0.20119714247641626,0.97946103780526583,16.172259539958876,10.592692232748059,-0.90677008546831639,,0.1023295270067135,0.1,0,1
-0.051213545515792311,0.96302898621770527,0.2644850552681578,-0.99868536526449136,-0.048809067630702113,-0.01565937813425031,-0.0021711660995332813,-0.26493932630230677,0.96426264026781017,-8.4131097930076812,17.075536153083544,-0.43018734855711616,,0.3373492865002489,0.12,0,2
-0.92429667406063176,-0.37922825110015151,-0.043146168867885165,0.38135101710855884,-0.92224818648269946,-0.063479794262752326,-0.015718144633622384,-0.075127998089220716,0.99705001069775023,11.856129343453953,-26.945734996997956,-1.1062093277431169,,0.1804027206800231,0.5384615384615384,0,2
-0.86169113740519254,-0.50629032656387218,-0.034036582454663233,0.50714818800032313,-0.86151527374023651,-0.024334102002634604,-0.017002915201058875,-0.038230071149990233,0.99912429784012968,3.2362617810640897,9.0021079791588843,-0.96508085786711928,,0.08402429753358867,0.2631578947368421,0,4
-0.96249677772623998,-0.25909998276438262,-0.080418603557268029,0.27065500877177817,-0.93739478469385751,-0.21917318233649288,-0.018596211801145766,-0.23271917961408659,0.97236616783308194,16.883279832251212,15.465293288091432,-0.67949314020505081,0.2506661304631587,0.3879126034581317,0.1875,1,3
-0.70915978685707737,-0.67018778662962952,-0.21895371053559132,0.70496567615811834,-0.6787576911566211,-0.20569733137467078,-0.0107606758037011,-0.30022712626978304,0.95380704574250041,16.680041002107558,-5.4107071324367988,-1.2201814703665452,,0.1775277082833729,0.25,0,1
-0.4179328820591382,-0.90531929436493574,-0.075690695229444049,0.90847040494796616,-0.41681494003760428,-0.030770588150483818,-0.0036918054418752302,-0.081622797134272604,0.99665645513414325,6.458765219845457,12.078609968693391,-0.85023403361847771,,0.2009583196612589,0.1176470588235294,0,4
0.94576002098393441,-0.31739617846559598,-0.069265060484368174,0.32451658126994587,0.93290682659559043,0.15612123933729044,0.015065563027454926,-0.17013088722151676,0.98530630264090202,-10.921521641226802,-35.601149434362348,-0.84317414821533121,,0.2268048664191471,0.25,0,1
0.99049216155529829,-0.12936207638501604,-0.04680524640326679,0.13446581987446379,0.98224925101957361,0.13078743118884104,0.029055484559744507,-0.13583763125454146,0.99030496149022396,6.6450783754311429,8.2392202014148683,-0.99660019220470697,0.8667289612292151,0.7053275837924253,0.6363636363636364,1,4
0.97994054533758312,-0.18366103803879719,-0.077363755790364142,0.19297013480318378,0.97143728747853841,0.13810185940232875,0.049790106221223707,-0.15026050579859934,0.98739188052142102,-7.4790452108735446,10.698031642421004,-0.65193791528092693,,0.1626858472776456,0.4761904761904762,0,3
