axis_00,axis_01,axis_02,axis_10,axis_11,axis_12,axis_20,axis_21,axis_22,location_x,location_y,location_z,dbh,dbh_approximation,score,reconstructed,number_clusters
0.95291822764786838,0.29134646452545948,0.084048135166461951,-0.30121767628607288,0.94137249647639443,0.15193990381272046,-0.034853449029663232,-0.17010308782122466,0.98480971593725697,-1.043288604511885,23.493204859197743,-3.9076829526285648,0.2118824964146678,0.1632456596106939,0.5,1,5
-0.10731116130562912,0.98715247694349717,0.11838201689258047,-0.98820105470689978,-0.11899009866956678,0.096436672976506169,0.10928398846769857,-0.10663650258201797,0.98827408454419507,10.303472094431159,5.3555304693609997,-2.4781923831740085,,0.09011586258218773,0.3888888888888889,0,5
-0.89782670171258772,0.39727621082570497,0.18994427078452758,-0.42724102685820853,-0.89035577688135759,-0.15726314108251091,0.10664107398671284,-0.22234703255488728,0.96911788676765043,-14.379690196480825,-10.172181310486028,1.1738660958457927,,0.09200517129128481,0.2666666666666667,0,1
0.074534767338555838,-0.99685156699124289,-0.027046660512722056,0.99180907925833506,0.071282043265857409,0.10598877586130502,-0.10372713607596076,-0.034724972209456348,0.99399942532505081,3.3125616602732664,12.885450801197017,-3.1277346047167467,0.2181868960889093,0.1614411121945461,0.4098360655737705,1,5
-0.17072054347037194,-0.98149778006811506,-0.086698349226175989,0.98120527717492134,-0.17738077916443226,0.07597541199036506,-0.089948318946312875,-0.072098314157697532,0.99333334435845422,-2.8045088999712218,24.105338022179716,-3.8504030219287442,,0.1838850341478851,0.1538461538461539,0,2
-0.47018119922437718,0.87549501519245021,0.11152631200348267,-0.87328522768524852,-0.47978672834920894,0.084720755465744757,0.12768144345460214,-0.057560174366778322,0.99014356298681028,1.082269899624261,13.943370310008603,-3.0988675372813628,0.1592723188887437,0.2084861050363944,0.4347826086956522,1,6
-0.050249919103444465,-0.98598509030363712,-0.1590859746458734,0.99724995191273402,-0.058222573657737565,0.045854828826639542,-0.054474572418224294,-0.15634427912654664,0.98619926350826959,-3.1314177889237205,6.4299562857765382,-1.8591812246121144,,0.4760888305267068,0.4974874371859296,0,3
-0.4552198918333541,-0.88983613826891073,0.03108853663173157,0.88848607380447431,-0.45169950686703547,0.080994148872547647,-0.058028843989354116,0.064491879541149433,0.99622961747707051,14.880415071012472,-0.45546919593522445,-1.9668877591633256,0.407355206665056,0.3555910101596755,0.4242424242424243,1,5
0.15615714555188712,0.98363757889990644,0.08984463962317181,-0.98374483478175645,0.14671705961222561,0.10353842020698358,0.088662539628086623,-0.10455246431659794,0.99055930477282617,-4.7343379630704137,1.331055142800208,-1.0824502832550253,0.2590060640992201,0.2271270190886117,0.8066298342541437,1,5
-0.21654286240450976,0.97134690312791161,0.097950918961879102,-0.96954806060985521,-0.22572222423781343,0.09500545064785644,0.11439294956128021,-0.074395371287125783,0.99064604265182454,-13.736326016395877,0.61141742642698504,-0.34000921331722184,,0.09159840541648061,0.4521739130434783,0,2
-0.29353481305907253,-0.95344931218205231,-0.069077656459563125,0.95377166530654311,-0.29697446018960355,0.046106186715841019,-0.064474211749797602,-0.052350540538409727,0.9965452809203289,14.869175477646795,9.6765462423567552,-3.2189444670889609,0.5149665340368235,0.3113186893182359,0.84,1,5
-0.81353414613805719,-0.57857556002636801,0.058416730545239645,0.58151677546854696,-0.8095320507559256,0.08059837869068559,0.00065796358856346859,0.099539841968321496,0.99503335971455553,8.4417793207044429,-6.205704918953777,-0.88761066394931176,0.1777997535013209,0.1387955216493265,0.625,1,3
-0.98466012731140917,0.15462931171644306,0.080834458253745259,-0.16135787605309013,-0.98325965560085704,-0.08464092097394306,0.06639329423001282,-0.096385816517684186,0.99312723497822997,5.7518577051024176,-12.467478960904806,0.11467243014931436,,0.3843203633559377,0.3846153846153846,0,3
-0.016008216890317967,-0.99682327395155068,-0.078019853245858931,0.99723939031463027,-0.021575863562574273,0.071049845294939989,-0.072507485109457967,-0.076667089549832285,0.99441682507038298,-13.935021024349686,18.42732205770853,-2.7547775814815676,,0.1991838657056437,0.4,0,4
0.98735707182908095,-0.13659811073822462,0.080417466086980194,0.12068582850767888,0.9767267740731389,0.17731254779652364,-0.10276645126945849,-0.1653655494697342,0.98086354379294494,21.88349089808322,1.4229911157094952,-2.5351393925362364,0.3358202089192458,0.2763558626302243,0.6666666666666666,1,5
-0.86673943110866236,-0.49523265850481679,0.059223074149211533,0.49864224011187103,-0.86299573289251097,0.081205180780121261,0.010893802717442629,0.099914858552512739,0.99493635278985748,-10.148763282325222,-6.7931910067220658,0.40590509014401766,,0.07555390330419121,0.3636363636363636,0,2
0.24042239703286664,0.94987470946331665,0.19983770246615581,-0.96740610730372389,0.21761660886903533,0.12949299245827484,0.079514115453975159,-0.22445722948108077,0.9712345018466193,2.8114951266128032,-11.766042324486021,0.20354871056837487,,0.1083323137765292,0.3181818181818182,0,3
-0.065226246885847064,0.9889853478671744,0.13286654364899567,-0.99234277389788317,-0.078282922884922987,0.095538490030187787,0.10488734818767044,-0.12561753734505843,0.98651856470191235,-13.029645698259834,-5.3060094611785242,0.36092540565978493,,0.1078497310315081,0.3181818181818182,0,1
0.75316511724009383,-0.65776029120492741,-0.0096801594370171783,0.64695978322240377,0.73797339978428078,0.1919330615179467,-0.11910224626570834,-0.15081996063134534,0.98136027757884281,-6.9173660607623226,17.402908611652439,-3.0385301506350038,,0.2090014242215252,0.6785714285714286,0,5
-0.60183634388123852,0.79247629369577155,0.098865257365153697,-0.78909041530073654,-0.60914771759361386,0.079217262203404484,0.12300134822096864,-0.030337799536304933,0.99194268294852606,-5.1837072995635571,-6.8597098568493076,0.06734321938001471,,0.08164715431185765,0.3396226415094339,0,5
0.68919119938766371,0.70516781926185557,0.16659482994400326,-0.72457362409213111,0.66979403863096398,0.16238537213806103,0.0029247147873887941,-0.23262478907438128,0.97256215922248956,-4.1590388773554485,-28.360019958962067,3.0301144428173044,,0.5916136516947378,0.7096774193548387,1,5
0.059829753004464373,-0.97675837217911154,-0.20582391268615166,0.99271898224471289,0.036627195367355342,0.11474960065526488,-0.10454388048301053,-0.21119074538798674,0.97183797318072529,-19.638661833174329,-10.636756422454098,1.6637370242385876,,0.5365928736352952,0.2222222222222222,0,1
0.98663429179929729,-0.16241910860017963,-0.013145623120347708,0.1567417670171912,0.92389385490988729,0.34907329220677563,-0.04455101253650396,-0.34646814863890663,0.93700321731608849,-8.2616212108607279,18.164335066152788,-3.036001397162996,,0.5918948059549957,0.3620689655172414,0,3
-0.99348276930399992,0.087701001392970199,0.072804680142994252,-0.082435900703452525,-0.99396135711215394,0.072423358407177688,0.078716639735598365,0.065949639289644604,0.99471319268736968,3.5362656175692382,-2.671071147463306,-1.0366204762498075,0.2434540520301433,0.2097481377408995,0.8313253012048193,1,5
-0.9815728938002436,-0.19044894218610606,-0.015615843775096117,0.19084581344724272,-0.98116325886935363,-0.029942193215083013,-0.0096192331438234597,-0.032370663648778254,0.99942964259054357,15.703345234314671,4.9292031243722034,-2.6681545318664188,,0.6547371904501536,0.2424242424242424,0,4
-0.82156752538803757,-0.57011055440989622,-0.00087004495137624378,0.56994668697593731,-0.82136613007649562,0.022769593064315623,-0.013695810780289207,0.018210878990385346,0.99974036062043059,-11.119568674097298,-4.8046633189159298,0.21132418143031509,0.3385012507527457,0.3165648703891468,0.7614678899082569,1,3
-0.3667738179054234,-0.90720273961740938,-0.20605862207087158,0.92755317301363938,-0.37364337050279756,-0.005978537583629792,-0.071568692396948047,-0.19332309978369433,0.97852138523315613,-13.479991712132303,-18.04423248382848,2.1213879971052747,,0.2902606160372398,0.15,0,2
0.60335853993706701,0.78689538055536012,0.12943775471494576,-0.79721123435467411,0.59102977617077046,0.12303678920642355,0.020315513867676757,-0.17742452970253181,0.98392470045025715,-24.425519111073164,16.187281993764227,-1.4670047980731549,0.8680495781392594,0.6837456606601633,0.9733333333333334,1,4
-0.89927419283552246,-0.4321338216874917,-0.067574301726196648,0.43695415478576655,-0.88074276414864161,-0.18265609766790372,0.019416300252010191,-0.19378478669279914,0.98085190713529746,12.875061927950727,-3.8350162860954615,-1.4268585778057967,,0.5919823810951039,0.3018867924528302,0,1
-0.99698036559010506,-0.020515268725257333,0.074895089137740734,0.024422954987702968,-0.99836718304508765,0.051638039159951139,0.073713430916545211,0.053311270550855341,0.99585352263009252,-11.075556069838377,-9.0195668829275562,0.78829279924498252,0.3663390905469688,0.3750755250571146,0.93717277486911,1,4
-0.66275130452199893,-0.74629631729842472,-0.061664537144093999,0.74883133640132571,-0.66010689942329215,-0.059249565037816428,0.0035125457706955917,-0.085444064279355011,0.99633677735072701,-19.312504522022635,-7.1258398331878814,1.1681611779972167,,0.2604963411046092,0.2380952380952381,0,2
0.3448558327786222,-0.93726976809021656,0.050988591103047709,0.93142187578441604,0.34842384183411723,0.10513855502047335,-0.11630882988321237,0.01123424522007895,0.99314955964624596,5.8914229348346137,4.826047133132878,-2.1246253613551889,0.2647751910749766,0.2436777900344467,0.8102189781021898,1,5
0.11109339390528722,-0.9688400234276825,-0.22137584971096377,0.98796748069998586,0.083546942360149062,0.13015439101925078,-0.10760350788857583,-0.23317143355676409,0.96646395052436174,3.5808568347120548,-7.3161067213124564,-0.44877384553919808,0.2599926570945733,0.09826001883482291,0.5333333333333333,1,5
0.97461505570858753,0.20561284808172212,0.088593735048649522,-0.21873947736592542,0.95885092476865463,0.18099156088607676,-0.047733994467564059,-0.19577604749820471,0.97948619438874784,-8.5471929004145242,-3.9527834826084098,-0.14838015942842686,,0.1294419231473823,0.2884615384615384,0,2
0.9956964588916688,0.049414635532544299,0.078401247093242976,-0.067431911228293478,0.96663088868647362,0.24713895359755975,-0.063572785833951512,-0.25136212688546189,0.96580307623703832,-16.634524079993973,-8.9552820625557246,1.2104634567094312,,0.2720677413624187,0.1739130434782609,0,1
-0.3117848294799242,-0.94016061270576357,-0.13743450230163456,0.94729137403740604,-0.31879401687238762,0.031771488487195014,-0.073683599128290853,-0.12028465040515891,0.99000117681566957,-14.459455642040556,-7.7171141308941333,0.83399362939739097,,0.3262281651024717,0.1142857142857143,0,1
-0.21342326203162015,-0.97684479384196876,-0.014991996785740794,0.97481852841389283,-0.21394585915042844,0.062896788577454871,-0.064647876103971588,-0.0011908384551480987,0.99790742757984263,-18.027183448641146,13.391129555993725,-1.6608454099621726,0.5929236247505992,0.4751036439378017,0.8253968253968254,1,5
0.99397973248159543,-0.10464357013136619,0.032465591723810312,0.093699574294100488,0.96545714920920545,0.24313141059504823,-0.056786276448800806,-0.23862568233741191,0.96944989686733385,-0.23652684627088186,-19.539086689612095,1.5862138662678906,,0.4303676399575767,0.6666666666666666,0,4
0.96996480755890579,0.23172825647698492,0.073961390247559003,-0.23963856559741903,0.96250505197626923,0.12711169418496054,-0.041732840493147308,-0.14101787145711772,0.98912705450517202,-5.936270068197361,3.3964260079593402,-1.295217939022417,0.4348559482276102,0.411777581922696,0.9396671289875174,1,5
0.91599143197616373,0.39307271794112669,0.080333896685223477,-0.40045500759416408,0.90795817939788348,0.12348170454459605,-0.024402529356905633,-0.14527829457581209,0.98908985116931047,5.3952966762425509,3.9628412491858152,-2.0026216307598936,,0.06885698454701625,0.1875,0,5
-0.99565024047323902,-0.062946489072034276,0.068690160569666703,0.068458152443219372,-0.99435395122224812,0.081078363653718524,0.063198734240831528,0.085428093752628984,0.99433795099460509,-2.1354471911510893,-6.4435636197929442,-0.21269171559292649,,0.07352275547672371,0.2873563218390804,0,5
-0.44590580776608862,-0.89487618689084036,-0.019095044807009326,0.89318984493381581,-0.44624860775065212,0.055444395458068049,-0.058137006352048014,0.0076674778326553629,0.99827916850754106,7.0566676816891238,3.856512977302335,-2.0881467451445386,,0.08866220843471703,0.4615384615384616,0,5
-0.54202923818270843,-0.8328612976870331,-0.11201055204820289,0.8390736922491614,-0.54374170064646798,-0.01732922252859239,-0.046471969297968735,-0.10337805276342404,0.99355590395126236,-3.4252900818108398,-11.033181102856851,0.51847308599649156,,0.4342264268194096,0.3414634146341464,0,1
-0.71522626365293596,0.66371850712041813,0.21892723696905558,-0.69098714504908099,-0.71852937187616317,-0.079071531717598106,0.10482441107863047,-0.20782994263842366,0.97253203432325452,10.327558846847705,8.1513721736640559,-2.8427456750461975,,0.3203873602426948,0.1,0,5
0.81658222687682369,0.57166308836306312,0.079967369295798077,-0.5772271172387865,0.80833965294561894,0.11574048816190015,0.0015237693677408466,-0.14067095961483819,0.99005523040280574,-2.6689552008883286,5.6968680622972849,-1.7982156019012459,0.1913677010362096,0.1539523158580575,0.6246153846153846,1,5
-0.98788140778178746,-0.14300113268663914,0.060340701101438375,0.14301214822743447,-0.98971219699353663,-0.0041584349943244942,0.060314588769627031,0.0045214126737038876,0.99816917764925273,-6.1910809933774358,-9.1019212804162279,0.43669446330475437,,0.1715754324121124,0.6642335766423357,0,7
0.70126851085573982,-0.71047876511745811,-0.05867196945172657,0.70390121143228968,0.67703686344406988,0.21481194119966951,-0.11289623654634201,-0.19194012049331158,0.97489149648495999,0.40283359198176055,-13.253880349982655,0.59329497988470681,,0.2308294200307338,0.169811320754717,0,6
0.84248387765967236,-0.53652577396381251,0.048590222844267193,0.52686031482144868,0.83939885508137413,0.13352067538146989,-0.11242386112284072,-0.086888756238144099,0.98985414051244036,0.64740401372331347,-3.4258414015740235,-0.76966144805178638,0.214045607391295,0.1918025699693066,0.8212290502793296,1,5
0.87459042853707392,-0.48112910479283888,0.060053033500224576,0.47222415208293855,0.87332924440108006,0.11958420072646998,-0.1099815098136375,-0.076228704534975003,0.99100618166792098,-0.30775003016271257,-5.1679572490210965,-0.50738929663768428,0.3968171285572422,0.3707772588174893,0.8897959183673469,1,3
0.99462403936270327,-0.031944596972083975,0.09850158905373943,0.0010064868315803855,0.95416544189070074,0.29927795856992651,-0.10354712601554177,-0.29756991149277157,0.94906803784981952,2.2400054292634226,18.585505145679981,-3.6419011498564129,,0.2730975531690696,0.391304347826087,0,5
-0.64168868620785224,0.76106984211665774,0.094912198443428852,-0.75573279709138985,-0.64853234348394295,0.09096009485289587,0.13078061551033973,-0.01336019744424918,0.99132130801823581,-14.440398664119286,-1.0525151555540275,-0.096427158933253834,0.1953004760623445,0.158432594451027,0.5360824742268041,1,2
0.75671590765814489,-0.65248109327904635,0.040613520045541342,0.64384915284412914,0.75459090605944645,0.12669188164314221,-0.11331065033352558,-0.06972078173516881,0.99111034154388156,6.3463467899868107,-5.4730677273312196,-0.85103285710428533,,0.08352655339168058,0.15,0,5
0.84205552637942638,0.51651460130711269,0.15541929458861395,-0.53930359435401587,0.81139503461829288,0.22536577138869018,-0.0097017323559798387,-0.27358867745821391,0.96179785399841644,-5.9157557584451244,9.6409900244660633,-2.1314580971496047,,0.09008913910830171,0.3181818181818182,0,5
-0.62757696373376159,0.76005065788295945,0.16873100498247368,-0.7710661636436017,-0.63675492418645974,0.0003712253171724498,0.10772244833205979,-0.12986979624215303,0.98566206691206804,-1.8784695118375807,-9.3203967213204084,0.15846181651983277,,0.09536913244195529,0.2727272727272727,0,6
0.9973735452399688,-0.0094210481833630587,0.071814031404622017,-0.015699098504730759,0.93981434173841738,0.34132468614052097,-0.070707492966417929,-0.34155562784693372,0.93719805992356386,-19.077148577086863,-5.1722589554757032,0.91925706680870733,,0.2699488959651146,0.2258064516129032,0,2
0.52872791410491726,0.82910877891925927,0.18172898933653425,-0.847422067714097,0.50347746527983439,0.16848228721903583,0.048193692506674428,-0.24308244419210523,0.96880766580790645,-2.6000884432414701,1.9636363342858714,-1.2770283982399995,,0.3476680203569645,0.4584717607973422,0,5
-0.88437106341819138,0.45218282987664477,0.1158382948481477,-0.45254813062498422,-0.89139931865275623,0.024646382558782997,0.11440284811318885,-0.030625856235392487,0.99296225772858016,8.339844608059142,5.2902900140556337,-2.3194156407364814,0.4288429421508853,0.4007929165911743,0.4492753623188406,1,5
0.7674296193897715,-0.64094112790733615,-0.01569234973297514,0.63039114717006928,0.74988377214032709,0.20070209229153066,-0.1168707869951873,-0.16391704864798437,0.97952663073020119,14.776308545562877,22.68879217750986,-4.6848495651244928,0.2845967884360174,0.3358382432131977,0.2916666666666667,1,5
0.92776060446558239,0.35953265040460958,0.099982668971647315,-0.37167545158550835,0.91424969544748913,0.16126020297296534,-0.033430816477700111,-0.18677196702720225,0.98183431027970502,-0.33590817051154276,9.7538251659623452,-2.4592107277233644,0.3424918850364578,0.3889130748262827,0.2972972972972973,1,5
-0.79907368097098563,0.5920845791711683,0.10448494383010128,-0.58986819976331761,-0.8056698421189179,0.054328743847617759,0.11634757963731672,-0.018219676390587497,0.99304143121259547,0.94217122958329924,-4.6518660323703163,-0.63767423578453786,0.1455074917229919,0.1048811135794845,0.4181818181818182,1,3
-0.64043296605511513,-0.75748977625930392,-0.12670775371884765,0.76733596465323739,-0.63803058617975739,-0.064128686629304932,-0.03226659789212144,-0.13829754141612163,0.98986496892188425,-6.1944808533571729,26.972627749428526,-3.9469290161819073,,0.3564147227884989,0.1666666666666667,0,1
-0.3687343832687201,0.92359526148783488,0.1049130475806215,-0.92410917494356926,-0.37641661099267398,0.065823762836111771,0.10028552926794262,-0.072679625246743429,0.99230060198179892,2.0355487098047051,15.808858914791095,-3.3751449183329272,,0.08653661344154216,0.12,0,3
-0.98305145582316511,0.15921893502644566,0.090879953416582879,-0.16441897192329238,-0.98497189832194698,-0.052884413466993727,0.081094000244428796,-0.066930488158273654,0.99445667219806622,7.2011213756919954,14.140168173046719,-3.4615561892910676,,0.4282559929603271,0.3584905660377358,0,4
0.18543386948631999,-0.98066776162806413,-0.062490170032831721,0.97709162075388567,0.17725205715840461,0.11778655647253566,-0.10443296749530123,-0.082900238458736675,0.99107078746354393,19.020033517458508,-0.21119342195042284,-2.2114348167919848,0.4674835239590084,0.4482161897300248,0.3076923076923077,1,5
0.73558097466252559,0.63450803875776729,0.23731872759287456,-0.67724135542690245,0.68035425478020761,0.28011111099347863,0.016271945613894098,-0.36676646078157199,0.93017073004459683,0.43792450571879854,-5.4837808170376228,-0.47878781714429636,,0.223416646763369,0.1025641025641026,0,2
0.77156866081489772,-0.63366784631163153,0.056096900084446177,0.61228373132091551,0.76365915667217266,0.20477627985312102,-0.17259905564064643,-0.12365174071368804,0.97719998619035631,-11.981142169225002,-13.316965477300759,1.4041974994504665,,0.210504982605775,0.4285714285714285,0,4
0.30216280893854525,-0.91905062712616115,-0.25306833399968742,0.94605401279196799,0.25654661716328359,0.19790310281117315,-0.11695914575005405,-0.29921527033406015,0.94699038021741921,-16.032274776109755,-1.9293437163866809,0.19623793701488015,,0.3721639953019263,0.2424242424242424,0,1
0.043155911433168256,0.98284447277915432,0.179316228032603,-0.99446081817301324,0.025041626115276709,0.10208133071313985,0.095839701726556245,-0.18272837570823708,0.97848101273555399,-3.1907780384036748,-21.61782815231955,2.0177363960316148,,0.1496991403700227,0.4,0,4
-0.88372379530614997,0.46064703384388439,0.082683516014535455,-0.45786868700069216,-0.88755387281889186,0.051033207898871481,0.096894370703137223,0.0072410672568624778,0.99526832958304523,-4.7956888584891351,-13.425683625733605,0.90660792447484151,0.8089282824661777,0.6912049474585056,0.993006993006993,1,5
-0.98783145547052997,-0.14787585184510102,0.048184520585572904,0.14760105933285952,-0.98900389450961401,-0.0092316807048207356,0.049019821162397559,-0.0020072583052056906,0.99879578896153953,-11.659876203068999,9.4532080986358515,-1.7352048423595698,,0.1982557869253547,0.3148148148148148,0,6
-0.16440506473522201,0.98135781272409228,0.099538023361891603,-0.98002588767756305,-0.17395715272077478,0.09637514461252529,0.11189385224940454,-0.081705277814019234,0.99035549849845428,3.151662654601779,10.344271376196788,-2.7385654066501735,,0.0886612993473016,0.3777777777777778,1,5
0.61613704611679954,-0.78743219144827303,-0.018046724728720931,0.77786946251653188,0.60473746813949825,0.17091428820455754,-0.12366988189007938,-0.11934462073842536,0.98512061282570595,0.40142140508143903,-2.0961566793229176,-0.94915428978434835,,0.09224935365607731,0.3672316384180791,0,5
-0.91853692534577491,0.38529249848361924,0.088541557409964139,-0.38107168099402672,-0.92252236294247425,0.06112989297734861,0.10523445595772565,0.022409383822085901,0.99419491489143985,5.0475165669534663,5.0870799381088512,-2.124398359298949,,0.07521657912728831,0.2,0,5
0.8704388966783615,0.4801006583092477,0.10880939775765232,-0.49218177221187392,0.85308179213990942,0.17322978676237685,-0.0096555813773745447,-0.2043399466829392,0.97885236677339527,-8.5946967589112209,-4.586447532462139,-0.034661482871445645,1.994004202092588,0.4518701442793777,0.3655913978494624,1,4
-0.99292342619822271,-0.10185736190329378,0.061058558228018721,0.10494156768926483,-0.99323931920244868,0.049627836555466549,0.055590800297372699,0.055684222328753759,0.99689965909610978,-0.22763960487220747,-8.7776686701143785,-0.0087947350653609455,0.217117329241786,0.1906990399031825,0.7070707070707071,1,5
-0.010438413449323608,-0.98096257552599353,-0.19391612862799376,0.99495253641440717,-0.029544494277031329,0.095898765062176927,-0.099802253517629169,-0.19193631307108647,0.97631960029361242,-13.080096509086776,32.556498782502729,-4.1570982960910143,,0.2442554831625485,0.4166666666666667,0,1
-0.49383829797663054,0.82280898195811969,0.28126342574282021,-0.86096546104951943,-0.50802406879250539,-0.025495497784818334,0.12191066537154438,-0.25474874825315613,0.95929185597091204,-17.501004065697558,-18.218564494958162,2.4766014172494328,,0.197154433515494,0.2857142857142857,0,1
0.26125675235050988,0.95613067657459538,0.13251052284355205,-0.95951164010964785,0.24226808316437023,0.14367876799985557,0.10527260728869034,-0.16468243741476815,0.98071268624494357,10.533025024379047,21.952647363745566,-4.4127201937522607,,0.2606399492849929,0.4375,0,4
0.98606352299413735,0.15889759205676346,0.049297909275665297,-0.16490169073136038,0.97274279442466616,0.16303032935263828,-0.022049059261749028,-0.16888756950543551,0.98538866842085093,-9.4628144638541887,11.216651384814096,-2.1132505489392956,0.2103301337382154,0.2586751652788918,0.4723247232472325,1,5
-0.50940761290878278,-0.85503530740175715,-0.09704899281784829,0.85988298253693896,-0.51013666268461433,-0.019022137849960603,-0.033243649829020554,-0.093140799230987628,0.99509780989843355,13.546353468832651,11.063307903864565,-3.3319778450434892,,0.3049141739012082,0.4545454545454545,0,5
0.98154362698454367,-0.19091498473498678,0.011116516075970466,0.17049898195625099,0.89994540142709323,0.40128340559025172,-0.086615272775126345,-0.39198181469791199,0.91588648394231842,-18.405330113676772,-3.5004274965521316,0.62138033115011215,,0.5178073136243813,0.2916666666666667,0,1
-0.49858257955067226,-0.85875290581212227,-0.11814761160443557,0.86489025517675822,-0.50195916683076713,-0.0013569579370842062,-0.058139985112471718,-0.10286127353769813,0.99299511606921964,3.5257867415714617,-4.9449173441065817,-0.75127571998383424,,0.3470610017283748,0.125,0,4
-0.89887883854939032,0.43054617478424789,0.081528062572037291,-0.4252523417045459,-0.90198227772984185,0.074755712397688412,0.10572265359372342,0.032526328411572859,0.99386355123687053,1.6701870861800374,7.8014530529566786,-2.297292600289218,0.1701532102692457,0.1524003036695021,0.6893203883495146,1,5
-0.59920525424529048,-0.8005714931217115,-0.0061925508242423139,0.80008609031372802,-0.59908198607646568,0.031032596494186007,-0.028553657757460615,0.013640321094153142,0.99949918972909579,-3.0521034663454483,16.402557215634921,-3.1428821251204622,0.7726774905849324,0.3063083779772442,0.898989898989899,1,8
0.68344132859087781,0.71956387852348103,0.12302753796683646,-0.72966124504791574,0.66817348123211928,0.1453914249647367,0.022414679320963738,-0.18913493517168214,0.98169524723742174,8.8619256556693955,6.3456601023745298,-2.5084507123275972,,0.08240059755299529,0.3333333333333333,0,5
-0.37437121007728708,-0.92131564105693053,-0.1049937455714606,0.92485579646879212,-0.37917190449704719,0.029502924908522365,-0.066992184643758904,-0.086059028485912042,0.99403515572273271,-4.9062073356773563,-16.777418521029578,1.4222814839823372,,0.2417997299870047,0.1111111111111111,0,1
0.56452595749115653,0.81822862668576735,0.10868467136913093,-0.82431349055002445,0.55206255368835111,0.1254360638426246,0.042634641031997336,-0.16040215487025017,0.98613053704722708,-12.09753917160702,-10.134110439973272,0.9678174949613626,,0.07085845350451703,0.3478260869565217,0,2
0.98298994442068521,-0.17360817489578673,0.05992470923728823,0.16238325530061531,0.9739876067358807,0.15805005638369171,-0.085804705965318737,-0.14563084678139748,0.98561108399811503,-8.313845884761264,7.6279385334316254,-1.7141577159445163,,0.06949658648917599,0.3189655172413793,0,5
-0.19912073076348974,0.93517440932846974,0.2929159584545748,-0.97042261510414018,-0.22979775722261131,0.073979313797169099,0.13649499139036594,-0.26952145538455019,0.9532718932249804,-17.426045012210665,-6.5827867203428365,0.93603391192792829,,0.2231097120549515,0.1470588235294118,0,2
0.56453673587591735,-0.82435651755499972,0.041648599149996419,0.81606388545820097,0.56500579940924667,0.12168887165546997,-0.12384671452011961,-0.034709920750565289,0.99169411246818462,-5.7284234614754439,16.662473466724563,-3.0348552090777012,0.3422736112656488,0.2972311266097512,0.86,1,5
0.95068720303219612,0.29516697242887496,0.095238124603490931,-0.30898879179468924,0.9279273127287534,0.20851098013594066,-0.026828502307740667,-0.22765623356096415,0.97337190774377569,-1.424741724005719,6.3885143583131052,-1.9455458930236365,,0.4537247638305574,0.1951219512195122,0,5
0.61414896094770632,-0.78417030080407468,-0.088870653782331915,0.77976350681782924,0.58560023664161598,0.22145255988686144,-0.12161384461488378,-0.20530295220023009,0.97111316056155694,-6.0796636996176456,-12.930062833806357,0.91614108729837074,0.6537479085768942,0.4011971600547561,0.45,1,5
-0.88176940547327642,-0.46935815762847349,0.04675078008877951,0.47159959687196201,-0.87911493532784812,0.068925689794994333,0.0087484742388236354,0.082824213555685797,0.9965257717928695,10.139334930190712,1.9431916950420827,-1.9971936623967546,,0.1108504495652593,0.4838709677419355,1,5
0.99590679264067428,-0.05964790370050152,0.067910146195561238,0.050271089772411771,0.98993822010868349,0.13226918727030668,-0.075116428996997137,-0.12831386500370504,0.98888476282252002,5.3796542577768101,10.084854415439626,-2.8533786004570674,0.2364705528281333,0.1993432794727781,0.7831325301204819,1,5
-0.87027277111293933,0.48382953024826492,0.092381218432907239,-0.48576311530539817,-0.87408870425740737,0.0017699995482482725,0.081605757567709006,-0.043335006049954855,0.99572213874275717,0.21044191386849681,12.563493016577752,-2.8779197168552875,,0.1873453553089383,0.28,0,6
-0.90699257976699321,0.38420245352295179,0.17249039090499579,-0.4077645934910531,-0.90356362765228404,-0.13153253239758189,0.10532092167604046,-0.18963450501105686,0.9761896629070197,8.0600788752565187,-3.3630198094031036,-1.2480924311258992,,0.6421560549525791,0.3475609756097561,0,1
0.17594842636362712,-0.98431021009831532,-0.013249964391394444,0.97809008246827234,0.17328340395577138,0.11538046841085776,-0.11127417417069987,-0.03326067061426928,0.99323299681037447,-8.1146308577992343,-14.005628233436788,1.2046025813252781,,0.4105113408067408,0.3611111111111111,0,1
-0.80865602935702097,0.57627576624317822,0.11824410101723214,-0.57884945531162568,-0.8153004502900173,0.014781198947588985,0.10492251555300243,-0.05649262781754421,0.99287453826367056,-4.7854929467164027,14.095373441705725,-2.7637519479799528,0.3266819057149514,0.3851373783971072,0.8055555555555556,1,5
0.34692871957770355,-0.93554000786181524,-0.066372865103812739,0.93037035793632095,0.33433948568899274,0.15042641185197803,-0.11853885694411061,-0.1139385887183684,0.986390661652496,-12.295104205926451,-2.9938208754320876,-0.012711650693140345,,0.08027053944302381,0.4482758620689655,0,1
-0.90088141354511853,-0.43202623302429988,-0.042023953976049723,0.43361036539435582,-0.89127834147008722,-0.13268371810023505,0.019867806912713788,-0.1377543175554323,0.99026714488733547,14.430989435148431,-10.246746192000749,-0.61282625804903323,,0.4411791449732649,0.2758620689655172,0,1
0.92136612276990382,0.34993055888759106,0.16921309573603546,-0.38782918379651615,0.85668212325638016,0.34012389490988204,-0.025942089501092686,-0.37900441112150457,0.92503116938985286,-16.353215339234005,21.205249470846837,-2.7844285810859382,,0.2738270209829865,0.1818181818181818,0,1
-0.41521996303079051,-0.90888051391549907,-0.039097234242409643,0.90326120401413579,-0.41700315603498256,0.10113142528312548,-0.10822005185565788,0.0066767717918889066,0.99410454233686929,-15.922831634689929,-6.5911930462521617,0.7848954831173286,,0.2863662429931212,0.4038461538461539,0,3
0.50477939088276069,-0.8623869519983749,0.038555305250790685,0.85493540924998102,0.50560293997157324,0.11597893387451511,-0.11951239496636536,-0.025581479923067051,0.99250308580595814,14.770547649954963,3.0168636211047661,-2.3860752331353612,0.4827486855767691,0.4461831644689028,0.8983050847457628,1,5
-0.26142262887919132,-0.94545087943186346,-0.19437294999924207,0.96116182687705287,-0.27344602272685725,0.037352579686399136,-0.088465539416533887,-0.1770590501397156,0.98021627261506061,-4.7014040879169094,-5.500883274084571,-0.14550634395000581,,0.2241544654553229,0.2156862745098039,0,3
-0.89038671139082992,-0.45451257575562876,-0.02509626782226752,0.45461229378793222,-0.88506285176792598,-0.099957044560656946,0.023219959420676589,-0.10040949606690729,0.99467520657956088,0.82392975111589117,17.0024309575209,-3.3868713371344348,,0.6172531497433209,0.2380952380952381,0,3
0.26566930658869986,0.95826869141588722,0.10555062571469234,-0.9609174356114818,0.25437141925869455,0.10923764462021271,0.077829952296875407,-0.13044652588858416,0.98839577215256524,16.023352303121435,-4.5943849267798473,-1.4998657397594963,,0.07490626965279293,0.25,0,5
0.28974716225306951,-0.95710219995094314,0.0014002911687613507,0.94998905228227404,0.28777120941321177,0.12127873505558701,-0.11647910761213508,-0.033809908043667375,0.99261750317428832,-9.1164868735895919,15.706193019383587,-2.7994053682397007,,0.09844990161950479,0.2222222222222222,0,1
-0.23570125794020752,0.95094581667943867,0.20036708997556912,-0.96490862864276317,-0.25355073456367011,0.068288823192119291,0.11574219358619829,-0.17724017248382867,0.97733805097405102,-10.330735326834471,-18.497328621767025,1.9783531494739908,,0.3628760666747622,0.5,0,2
0.99689451549809638,-0.054614554352762072,0.05673249000938848,0.036130404298367023,0.95733383090191304,0.28671681167295432,-0.06997084289225558,-0.28377664925697643,0.95633409145623915,-18.27110336990129,16.467640023324904,-2.0502399884543014,,0.3275488572654894,0.2173913043478261,0,2
0.96504064164381753,-0.25750666155705715,0.048855698024174624,0.24048802992402077,0.9440666854609796,0.2256182635913683,-0.10422124274327838,-0.20598158329438129,0.97298998962198346,2.3378332849432959,-8.6550772959307078,-0.18220683552827857,0.5732709829075693,0.4028523127717653,0.5769230769230769,1,5
-0.837374261923026,0.52042513927910439,0.16721847946681326,-0.53374839077667324,-0.84446349246931796,-0.044654957505687071,0.11797033869655431,-0.12664550640606256,0.98490807433738359,-14.430319932474644,21.62619722952633,-2.9977478214358761,,0.4007557371226678,0.5517241379310345,0,5
-0.006317846958118393,0.98693186098169305,0.16101424343524681,-0.99486856952247316,-0.022463127425017028,0.098650581765108464,0.10097828571589389,-0.15956475076124599,0.9820094073522817,-1.0767290828302667,-24.17111706940176,2.2287050039262879,,0.6045770252032353,0.3478260869565217,0,1
0.022759544512869542,0.97716500439363918,0.2112594549882833,-0.99483741884414378,0.0012328382188940431,0.10147408623608491,0.0988964771925121,-0.21247831488955712,0.97214836959211426,-9.7662999014634302,-11.152213849118484,0.96258925091854153,,0.09141196685444918,0.1875,0,2
-0.86180127779484927,0.49751011936690981,0.098905200665530477,-0.49499478966747101,-0.8674399297586799,0.05028047794435811,0.11080936690199873,-0.0056257788598696951,0.99382575676976614,-10.322832765127632,9.7245145316519128,-1.8515993621448972,0.3464789126185199,0.2092097052036817,0.3108108108108108,1,5
0.085144104558826553,-0.99636454444297051,0.0028593768248510202,0.99207226873385501,0.085042829827785313,0.092522055230865874,-0.09242886490775841,-0.0050409990907794152,0.99570652968634765,1.9539437307196956,19.926974454128576,-3.7424583284994446,0.3626244669411807,0.2057101386392359,0.2352941176470588,1,4
-0.92867840530823487,0.35780909587634718,0.09761695765749448,-0.3566141339858403,-0.93376907729256775,0.03002781599977733,0.10189592217396787,-0.006925402539797512,0.99477095848440356,-1.4749116931561141,-5.1085739667829548,-0.42966747938707411,,0.06798204903981991,0.2285714285714286,0,2
-0.46836772889296729,0.8724545281858147,0.13948034549609667,-0.87530975081385165,-0.47967886938268595,0.061163897831484508,0.12026849405324729,-0.093441310542044465,0.98833405831345744,-2.7274829325609486,21.532609158692164,-3.6344415793001219,0.2104443143497868,0.1740164841476782,0.2307692307692308,1,5
-0.81091973764832603,0.55550738963829438,0.18390410313426553,-0.57368636291416719,-0.81666318879382693,-0.062810771969569093,0.11529586331991661,-0.15643777077914045,0.98093531273727153,-0.46317128373869298,18.375799428345701,-3.4615703639023794,,0.3789957801446971,0.2222222222222222,0,1
0.92383629831026715,-0.38210434067753546,-0.022864093241762421,0.37621616832315574,0.89533453833792387,0.23840608035756614,-0.070624985781414795,-0.22885003232379331,0.97089637659678818,-17.089306241890753,16.549444989461545,-2.1682918792665893,,0.3082225300223143,0.3888888888888889,0,4
-0.15720993908150568,0.94200185549277715,0.29650891943102531,-0.98136830924368734,-0.18259794490238695,0.05978488211589806,0.11045938921692557,-0.28158567926226258,0.95315698002387528,1.6225986676624402,-2.4167244821923664,-0.9784903667821292,,0.1383766419145928,0.1142857142857143,0,5
0.83471895552503117,0.51207625620262665,0.2025393125314241,-0.55066592477946341,0.77844008857158786,0.30132717731966402,-0.0033622275322316413,-0.36305500456288947,0.93176164285071372,-1.1269077032231378,-14.583332642340679,0.87683873767833997,,0.2956455587179968,0.1470588235294118,0,1
0.8029602932519041,-0.59406994905201416,0.048328698452935685,0.5821927466293515,0.79910491320587573,0.14994313409557344,-0.12769641041544266,-0.092261765231154869,0.98751273077537749,2.3508543817245124,17.644616569671776,-3.5529319079917352,0.2476439588212208,0.2828985596515705,0.6571428571428571,1,5
-0.43957018505024431,0.89130208990293935,0.11116940653590945,-0.89064662660017757,-0.44854435496745498,0.074542257495687075,0.11630407963875322,-0.066246102990909342,0.99100192477002791,7.9677267786653001,-4.827203779830131,-1.0669936047726112,0.2340557587141713,0.1692928004582942,0.4666666666666667,1,4
0.68133543279190767,-0.72241121610981474,-0.11791549033524815,0.71436117703006941,0.62113528018151309,0.32230276521625872,-0.15959366144830872,-0.30383054249461394,0.93926400158472523,-1.226576274314666,-22.280529801082189,1.9874825670792635,,0.3790272978784928,0.3103448275862069,0,3
0.62864834477213904,0.77304187472218322,0.084897105611802151,-0.77694331787002047,0.61950994004289073,0.1121004683539612,0.034063755406198437,-0.13643201279049441,0.99006361737696458,-15.460882702696836,-0.34744883838192153,-0.057101986134525301,0.4542567084376722,0.3901232811192289,0.9836601307189542,1,2
-0.63703872141095363,0.74225308219121522,0.20794717935268384,-0.76368206963798579,-0.64438832104996613,-0.039413046163001807,0.10474427877711949,-0.18391316883802866,0.97734568213678341,-11.641320896957085,26.002993009507275,-3.5689973830267068,0.3458501906889191,0.2397933504040971,0.3333333333333333,1,5
0.99790860037409401,0.022044624577119764,0.060765613850840339,-0.031090997043390269,0.98785941331433169,0.15220752093477863,-0.056672525991555096,-0.15377845770301193,0.98647879386442883,7.0268667714083728,14.919118756588709,-3.535670709209743,0.4419298317764309,0.4060239167963517,0.55,1,6
0.77948834735945927,0.59743310293088125,0.18833906618967297,-0.62640975767367546,0.74199569944085353,0.23885811165310189,0.0029549656556799525,-0.30416454351823685,0.95261492673814219,-21.364418170032412,19.50600609789138,-2.2258609639980746,,0.1760971236378615,0.3809523809523809,0,2
-0.47419969112311255,0.875364329947669,0.094190991044858008,-0.87337315933912518,-0.48121212435922223,0.075194520516319002,0.11114844796370049,-0.046606665027141843,0.99271035115501238,-6.2228865923960877,1.9051415993164582,-1.0870096479195337,,0.08997907503802166,0.4323943661971831,0,5
-0.88698151315718554,0.44907920749881436,0.10766457499859142,-0.44828600957736708,-0.89328691379500325,0.032835091895719114,0.11092091297222263,-0.019140403204641492,0.9936449043952138,-0.62489021047756788,19.86409344170605,-3.5724997359967254,0.2134315943382988,0.2059573067223351,0.5142857142857142,1,5
-0.93210185716329885,-0.35842294440056233,0.052145189614787105,0.36094206320382222,-0.93116803107565671,0.051448274148450886,0.030115691639052988,0.066776424207333346,0.99731336814823912,-7.641248623968699,5.8528002603707474,-1.4592727819586992,0.3168909313611636,0.2433160869635019,0.7859424920127795,1,5
0.99692107593254231,0.03532792333860145,0.07000218706643109,-0.051779463614017182,0.96702012992825459,0.2493811449596503,-0.058883406061015005,-0.25223799504857181,0.96587200929757233,-19.911508359572171,16.969198754766975,-1.982387343916383,0.2307966213649254,0.259896806274868,0.703125,1,5
-0.28201676150358734,0.92495677825525024,0.25479698701259484,-0.95275234815920029,-0.30123431655664973,0.038998071821287408,0.1128251271134174,-0.23176031776021516,0.9662078688375112,-0.3469787920190931,5.4928421991301102,-1.8715753110052502,,0.200934796560284,0.2857142857142857,0,5
0.56935016212370992,-0.81962159174257587,0.063724714507568475,0.81249734535334039,0.57282016320056384,0.10828261367668419,-0.12525356954386505,-0.0098745622812003251,0.99207562027109342,-8.8071584221586772,-10.65540823385623,0.79807429969731225,,0.0799323476426157,0.3142857142857143,0,4
0.98706246418985588,0.13865970843425007,0.080505757833697678,-0.15369602422469697,0.96126730248549452,0.2287852821091905,-0.045664252156041064,-0.23819877923530458,0.97014231824296782,15.182868538307781,18.050235894028596,-4.2273244946665045,,0.2547549793889798,0.6551724137931034,0,5
-0.036148654851226487,0.99204871133412909,0.12055135458691892,-0.99367938774615272,-0.048509643940187593,0.10123284453786767,0.10627581625599856,-0.11612996506109165,0.98753191446860678,5.820721400588873,4.8316753600372708,-2.1239474775248617,,0.1704283349595874,0.3508771929824561,0,2
