axis_00,axis_01,axis_02,axis_10,axis_11,axis_12,axis_20,axis_21,axis_22,location_x,location_y,location_z,dbh,dbh_approximation,score,reconstructed,number_clusters
0.6849106581961788,0.72315208800295228,0.089154068366215825,-0.72535517396465643,0.66512902878839675,0.17737882248371151,0.068972906941645498,-0.18615701082681521,0.98009606948913164,-13.073403670382627,6.2279136431224451,-1.9658206441087733,,0.2642349919873935,0.1136363636363636,1,4
0.75434217280406612,-0.63160946682093111,-0.17898985376668824,0.65389112904220836,0.69870212664411535,0.29024425848394991,-0.058260429874379766,-0.33598336215528718,0.94006430772882899,-14.624053708956657,14.311464099061173,-2.7410907492694161,,0.3502159376915777,0.2941176470588235,0,2
0.9969712817281976,0.077665837500536711,-0.0040349838383459723,-0.074684047355398797,0.97058594338002546,0.2288781762941231,0.021692313842742728,-0.22788361985550282,0.97344671108474223,-19.474417396039463,8.4973954251013275,-2.1286049707419887,,0.8486809005789291,0.3442622950819672,0,1
0.96989212125199897,-0.23106550364790479,-0.076928578286851651,0.24336167493291114,0.93149098319022683,0.27036945724166356,0.009185222215290138,-0.28095067406796465,0.95967825360045056,-11.393596403081755,11.633956125852166,-2.5102890127416724,,0.211828252529078,0.2608695652173913,0,4
0.48037434010627467,0.87564217632405283,0.049912647795311786,-0.8736005643419027,0.47265005155806733,0.11586191239431323,0.077862361568169378,-0.099260806991652115,0.99201045601666671,-8.873458065214189,-4.3006816521617184,-0.91500357829491308,,0.07096256122629356,0.275,0,3
0.52577510655175996,0.85051961711094159,0.013301061609629905,-0.84580915304393334,0.52107401972419709,0.11440604265322758,0.090373745953072085,-0.071402008920792126,0.9933450252376993,-1.2767731126500277,-8.8074345607646674,-0.5674231260147431,,0.08526546262332994,0.1525423728813559,0,6
-0.75450116152464408,-0.64800685739001451,-0.10399572122678494,0.65354545925486318,-0.75634259604547283,-0.028709059450708091,-0.060052726377011367,-0.089626950091539204,0.99416330644013184,-5.3631658808748313,2.3860206186392756,-1.5811656386743522,0.9913632577148935,0.7032873161155977,0.8209121245828699,1,4
-0.86992977408114214,0.49238911459468265,0.027841479770255247,-0.49258621190828467,-0.87026361474381986,-0.00025434399467622417,0.024104190610338153,-0.013935590467778751,0.99961231850819809,-5.8173721969064811,11.908929563603367,-2.5927096991844039,,0.08929259750696565,0.3125,0,5
0.27287524036175015,0.96102670529682432,0.044348335976089719,-0.95861216767051105,0.26771798151139115,0.096900951334396898,0.081251555010115592,-0.068954724869275244,0.99430550170792131,-13.792644242850049,-6.4405723938006005,-0.71723488881718378,,0.0741480111754492,0.3773584905660378,0,1
0.12001656356900284,0.98789985957629234,0.098233863398673557,-0.99087119763413856,0.11307895579946745,0.07339904259859531,0.061402721178917076,-0.10614620673601023,0.99245286468798122,1.0364435796045293,-13.82161778978117,-0.16747690783510735,,0.258844810447768,0.5,0,6
0.75944176446741352,0.65051401708694556,-0.0089286032517156503,-0.64637277641702851,0.75602236041495718,0.10311364826995116,0.073827097258147026,-0.072537604909466397,0.99462950669303718,3.0725673244057785,-3.5377255097625189,-1.1037853344224429,0.2686663819217002,0.2282209445255944,0.8551401869158879,1,5
-0.16603273628269499,0.98361870157683584,0.070195301771416155,-0.98323346079208085,-0.17056947279464019,0.064482683949929204,0.075399549476829961,-0.058312133032994998,0.99544693634559611,-8.6828062887995472,-5.3562299159784965,-0.81559216455209227,,0.08062752612922,0.1438356164383562,0,5
-0.76740913258351207,-0.63403530138814868,-0.095301940279629349,0.63752387231568453,-0.77038603963028685,-0.0082862639578254304,-0.068165500475224114,-0.067116216642500184,0.99541392295293951,16.588431683359044,5.4129937108719526,-2.8172440031431183,,0.1018086670877386,0.2142857142857143,0,4
-0.78303896362548531,0.61592692216033262,0.086510161266888735,-0.61816710126429142,-0.78604589824371784,0.0011317105321746953,0.068698008405099292,-0.052591562178020933,0.99625032558531523,-11.924059772380089,10.650447306979428,-2.3938166361474194,,0.1703992757240891,0.2857142857142857,0,3
-0.98119642612414781,-0.19132296682893299,-0.025477357103409218,0.19058495337622833,-0.98124788318200451,0.028809153014567799,-0.030511455353368116,0.02341183706185488,0.99926019483296191,-12.612519245894019,-10.368076173640594,-0.3425179432503257,,0.08206518469988684,0.2058823529411765,0,3
0.88691686998754604,-0.44881479857465745,-0.10928742979814422,0.4619144069370541,0.86359483134544535,0.20208673369972133,0.0036805428246547323,-0.22971557163984826,0.97325084626251113,-10.761874730972375,-8.2715437232593718,-0.56831361407968162,0.9835599191033553,0.4171362002800705,0.1,1,2
0.73258094856179945,0.67733394367533284,0.067408327004273905,-0.67748465153848281,0.7159736082526289,0.16851213373372317,0.065876404987484719,-0.16911688570610633,0.98339197588499405,-10.200848494338713,-2.7790613048986552,-1.0424503021279419,,0.07661433574281912,0.2122641509433962,0,2
0.40307201227758405,0.91515234079627283,0.0053987085124569539,-0.91162277294668881,0.40098470273214259,0.090306079639228654,0.080479020641969656,-0.041321438865540523,0.99589942560812428,0.36264781682422148,5.5597688489893855,-1.9999324021753428,,0.07943284195941178,0.2916666666666667,0,4
-0.67640874593165845,0.73640302651825362,0.013482987870559978,-0.73473624165137885,-0.67592716567552658,0.057315982987792689,0.05132118111626436,0.028862592340366727,0.99826503852044535,-14.027056710473333,4.1605007082935854,-1.7210906004386941,,0.1371417564755705,0.6821705426356589,1,4
-0.15239633441070088,0.98789607265731672,0.028925886095898492,-0.98522103549831341,-0.15416920163445297,0.074641600190701943,0.078197624451225772,-0.017123285188495294,0.99679081287627269,1.4892636538063628,12.223328001691996,-2.8174990626516414,0.4124153735909174,0.3553367952842786,0.6363636363636364,1,5
-0.91985904087800696,0.39087560230027357,0.032796469953208826,-0.39180748881828675,-0.91957248202290798,-0.029552360517182484,0.018607434559913451,-0.040033908535487682,0.9990250495090055,-12.896295715508277,13.36938568736079,-2.6704050151623773,,0.1336950923089203,0.36,0,3
0.020055338360848243,0.98059441203698261,0.19501892853022251,-0.99459928648485441,-0.00029962091102004533,0.10378906277218548,0.10183340673399308,-0.19604721193925159,0.97529249354426772,12.828853429244743,7.4757173741618743,-2.8938836176777065,,0.5874682884230379,0.35,0,3
0.95504750415949369,0.29645185527887358,0.00074986694653700748,-0.29431063951173569,0.94783977670473774,0.12239691649101467,0.035574039255010743,-0.11711556343214542,0.99248094819651633,1.3289209029971911,-6.4958670932968978,-0.80287067144902069,,0.07393308698192166,0.3220338983050847,0,5
0.35027646560509085,0.93586996585820603,0.038128790274115573,-0.93340766439239631,0.34539364196531758,0.097228412223319682,0.077823709091377147,-0.069646529665848902,0.99453146315678043,-5.4837648570143784,-11.094313107353559,-0.31887297296047146,,0.07806031797854134,0.3134328358208955,0,6
-0.75039683146380975,-0.634924334699693,-0.18378162186471747,0.65752731886273574,-0.74544740622939099,-0.10938916534582199,-0.067545690301133693,-0.20292672015292845,0.97686146713324606,-2.0506435876642111,2.827570324829741,-1.6258402515931061,0.5242462952332386,0.1898648371435404,0.3300970873786408,1,5
-0.98226784144354518,-0.18474967139846296,-0.031897438517817081,0.18442944258715652,-0.98276329930709161,0.01273099532757963,-0.033699679120560731,0.0066224204940503973,0.99941006357449236,-6.6778162364133378,13.756058446777262,-2.7537815371917609,,0.1772674212194984,0.4262295081967213,1,5
0.72296770482403738,0.69055729545435318,0.021173556060144511,-0.68799528987844205,0.71681034955949585,0.11333756601176855,0.063088658937576356,-0.09650670680922771,0.99333089987893541,-1.0236535486726028,-17.085903955355853,0.17367591863643433,,0.126627370656523,0.5769230769230769,1,4
0.4907931613561835,0.87094942203956249,0.023857431021726452,-0.86777212351689481,0.48618276589182119,0.10294590713942528,0.078061606523204555,-0.07122796079301999,0.99440080610802262,-9.505348134026173,-7.8911405537823756,-0.60199917080750798,,0.4557308354192209,0.9459459459459459,1,5
0.99983083302648068,0.010767672731813616,0.014911825961793084,-0.014720062927500143,0.95454372801868748,0.29770722370744956,-0.011028375990357161,-0.29787636449394161,0.95454075156532125,3.122704715075554,11.4294777820233,-2.8033326292802969,,0.3154826915571768,0.25,0,7
0.6049788906474125,-0.77645425511649668,-0.17640672204458074,0.79515488126761602,0.5775689904896717,0.18477763939672862,-0.041584331993090917,-0.25205723742084823,0.9668184381756797,-1.6102440429570746,12.906982119533984,-2.7591758492431246,,0.3862502718128819,0.2777777777777778,0,5
0.60099433732203766,0.76711824539568496,0.22435553054892837,-0.79610734666380456,0.54967885955826401,0.25311310503931644,0.070844188856689888,-0.3307306289652846,0.94106235285950401,-10.053759248798178,-4.988861108941812,-0.8651676624343182,,0.174122328857346,0.1041666666666667,0,3
-0.65138364632050882,0.75797711431566195,0.034205839850834925,-0.75706479214892253,-0.65227904726647112,0.03721484899411464,0.050519756479104193,-0.0016548930018981396,0.99872169072992756,-13.735116527373645,-8.1645354225791085,-0.54119479727567765,,0.06860326351259144,0.1470588235294118,0,1
0.055425518267941891,0.99387674361405487,0.095587815268746185,-0.9952064676466903,0.047265424633634562,0.085615806884007814,0.08057356066928878,-0.099874912452147399,0.99173227394481234,-2.0678458163417761,-3.8311765247921064,-0.97097302232768801,,0.8101612319243382,0.6491862567811935,0,3
-0.99661622864058153,-0.079104341210431764,-0.022329263576909852,0.079183221627572783,-0.99685650497407186,-0.0026694388093077745,-0.022047907449511364,-0.0044285090653100765,0.99974710706485947,2.1049398160391095,-8.634769173775835,-0.64916260424917616,,0.405635680410528,0.5675675675675675,1,1
0.99384695899440001,-0.093165725541976649,-0.059903002277185743,0.10360593567565887,0.97319187775607408,0.20533723277179475,0.039166722997394793,-0.21028009095928235,0.9768563103936021,10.799483858676334,7.1172689070535045,-2.7057623722025022,0.6493121896666646,0.4708940296340917,0.3636363636363636,1,5
-0.76291041965686834,0.64348759656383703,0.062381124128045078,-0.64626662164015192,-0.75645592792364014,-0.10056780231769361,-0.01752556226791966,-0.11703906261450724,0.99297266452280131,5.5543946097857155,-13.352948699796741,-0.32045980427356796,,0.3102330759930081,0.25,0,4
-0.55005663435371732,-0.82684102240218771,-0.11735255717863775,0.83173940072196206,-0.55503414306422394,0.012110710946686965,-0.075148308631216576,-0.090945168677984606,0.99301646915043673,0.038728884540803005,-7.0765124955381209,-0.75096561955661156,,0.08322179216283807,0.1891891891891892,0,5
0.98690838826548166,-0.15957911815835674,-0.02337387898978768,0.16126399067855238,0.97853737761180171,0.12829078660233459,0.0023996836574399446,-0.13038061843855167,0.99146111161957551,4.4660020003898451,-8.2586086339263467,-0.75330958156629024,,0.07676549240605424,0.2826086956521739,0,5
-0.14328311801538812,-0.9744156949714079,-0.17315889086378525,0.9863255713616812,-0.15499147527109045,0.056031329373349203,-0.081435958702787747,-0.16276269838841725,0.98329877892911022,-18.109471328065517,11.327124146194633,-2.4360480094566301,,0.40266882205124,0.6470588235294118,1,1
0.090419487016638572,-0.99472749993950793,-0.048389226401589401,0.99292004822924229,0.086283818368773815,0.08163871944209064,-0.077033072067053496,-0.055428364145090989,0.99548661580963094,7.5947007954005796,-14.492392249637906,-0.23625475677346636,,0.09434490771861534,0.4444444444444444,0,5
0.95821186161219329,0.28605833480346643,0.00081077442201374936,-0.28267071928119858,0.9464217609555754,0.1561509361188673,0.043900942207945617,-0.14985486137999185,0.98773287269080945,-3.4062976594097734,-7.881070937289774,-0.61995279464855613,,0.1107637012225306,0.3392857142857143,0,3
-0.35467972556881544,0.91879007348478081,0.17328327425421691,-0.93462571661075555,-0.35355797301852293,-0.038360520914958667,0.026020417372964313,-0.17556070340729971,0.98412467568843764,2.1281844260455682,10.386063500088799,-2.5945591658605296,0.6678444619655385,0.5200463632420318,0.2222222222222222,1,4
0.55042981280083136,-0.83044301482080918,-0.085973369803491323,0.83285087297956117,0.53899426290475472,0.12587536666458807,-0.05819316589794455,-0.14088855060325756,0.98831370108467531,-10.34110818339787,18.574920796880644,-3.206721595239856,,0.4739702087337292,0.6764705882352942,0,1
0.86182129304053878,0.50497783964879639,0.047554603621189163,-0.50542619043757742,0.84714329275771505,0.16398965685485875,0.042525579145871857,-0.16536512026195524,0.98531515370416245,10.432336768911835,-12.169730096250378,-0.56506137740018259,0.2358666701676007,0.207304123650836,0.2058823529411765,1,5
0.95824575083317742,0.28592082169878269,0.003790083014031781,-0.28301584995636664,0.94645066484926688,0.15534853613683272,0.040830254513481934,-0.14993472821689563,0.98785245233834906,-0.44764212690500116,9.4937441849807431,-2.4305673438244417,0.1713896077246312,0.115984642359002,0.4047619047619048,1,5
-0.97546326689870499,0.2201467238270936,-0.0026143678975181855,-0.22015378595713542,-0.97525290033827716,0.020349223830882567,0.0019301450841871131,0.020425483347449112,0.99978951493300716,-19.563626344349533,13.173638115234695,-2.5909051819497813,,0.1543500877720752,0.5263157894736842,0,2
0.97993074831418703,0.19905881230332551,-0.010550722856112242,-0.19687612280789127,0.97476377824894078,0.10523957849584108,0.031233327977166155,-0.10105031349896722,0.99439092582607125,-13.585168820113282,-2.884834674056957,-1.0670845623819796,,0.06999641668224105,0.1914893617021277,0,1
0.98239551451469453,-0.18276689637114885,-0.038669298574777737,0.18594920377993168,0.93679406566494783,0.29637775245207948,-0.017942872540845443,-0.29835069989157786,0.95428764699077395,-10.349757624287856,15.718794540487682,-2.9011877997686022,,0.2386991552284241,0.2307692307692308,0,4
-0.69221734476069596,0.72147447119725316,0.017599290414525442,-0.72166737094538247,-0.6921798646155074,-0.009123635987779613,0.0055994040067756908,-0.019016372721978807,0.99980349281409642,-5.1628053012935,-9.1265066516540507,-0.47077117602529833,,0.1605898466178774,0.4691358024691358,1,5
0.041664054977463658,-0.9800250576440187,-0.19446077474049556,0.99842140002700686,0.033500730523594244,0.04508224730976397,-0.037667154006482614,-0.19603210819716332,0.97987376639280865,-0.15404690115254216,14.301696491229873,-2.9593551539106806,,0.6793041387165427,0.3333333333333333,0,3
-0.88534585150520062,0.46455100914062619,0.018843649565769654,-0.46432913273788001,-0.88553443647650765,0.015073762142317279,0.023689232014143843,0.0045958373187863655,0.99970880688624519,4.0443198203078863,7.2831187729599147,-2.3248920800672939,,0.08636175402452226,0.2608695652173913,0,2
-0.98981190232775973,0.13848250014895838,0.033090711125557642,-0.14186239872960171,-0.97902269025328537,-0.1462519462978307,0.012143221853562987,-0.14945624484013306,0.98869377111484902,5.3022330902925718,12.496528823682631,-3.0248293492370277,,0.768566082069926,0.5434782608695652,0,2
0.78639629093397723,-0.61156518811324068,-0.086999392488115682,0.6160354784179205,0.76603066352568727,0.1835682757689924,-0.045619764748284122,-0.19795212357136585,0.97914952578137915,-7.9036216824794447,-11.583623213291993,-0.26726100176666201,,0.5705082910956162,0.4713375796178344,1,4
0.2922853932318365,0.95623380734583041,0.013643848145123908,-0.95250920332038991,0.28981343111665075,0.093457973091386023,0.085413502991427331,-0.040312291342602509,0.9955297347007982,7.9643484110513327,3.2218943511469926,-1.9692720162803459,0.7466803489976218,0.8626670034912511,0.746268656716418,1,2
-0.91455949387499846,-0.38959430450795041,-0.10861496240423604,0.40175192639594004,-0.90605973171888488,-0.13285763882688326,-0.046651064299310832,-0.16514248530426609,0.98516579201029542,6.9043083262396614,-8.1566561353469975,-0.81424030476269649,,0.2108081662879055,0.1538461538461539,0,1
-0.98004301050535725,0.19731564152385192,0.024129549718716201,-0.1987848563163804,-0.97311490325748784,-0.11632697863113009,0.0005276920250423939,-0.11880203141445897,0.99291782080539059,-1.3033749230639606,-4.138202328028231,-0.93907094666411783,0.9366160332734562,0.5308393432176058,0.4305949008498584,1,1
0.35621075723963086,-0.92944441870511574,-0.096161161414990121,0.93133075076392025,0.3448115169221696,0.11716676354387881,-0.075742518497099759,-0.13129390822023498,0.98844573981376183,3.8978682188572202,-5.8556698849106246,-0.93859339931469965,,0.1107196717984831,0.3214285714285715,1,4
-0.98925521091381541,-0.1461751435165049,-0.0026372519394209305,0.14596688968560267,-0.98650846440029394,-0.07412635686505914,0.0082337594921108263,-0.073714836257731398,0.9972453700670274,0.044601531226287967,-16.878055040275257,0.14747350526036943,,0.237709176243222,0.35,0,3
-0.50998217781992239,-0.84131712191475849,-0.17917499456988037,0.85837438044652736,-0.51125383024009985,-0.042578680790603771,-0.055781729079422478,-0.17551359331372235,0.98289540504725914,-1.8340846853293375,-10.598824211134657,-0.39272876541571217,,0.3481307424073906,0.2,0,4
-0.8791147534118583,0.47271595385668103,0.060801951473419782,-0.47645465000716164,-0.87490597617299115,-0.086778449763402321,0.012174433052964305,-0.10525758797423741,0.99437046584946653,4.5946640335238769,-8.9322895264314699,-0.69460882709065785,0.3152998256144664,0.1083901678970872,0.1714285714285714,1,4
-0.923573061340761,0.38338352076240328,-0.0054659284187235195,-0.38341705911903889,-0.92339032308396285,0.018484317985860543,0.0020393974997920928,0.01916734834865947,0.99981420954851341,9.0257819328672237,1.5697334405840573,-1.8469971761075585,,0.1047630904818929,0.1875,0,5
0.57865620298429499,0.81255605583647439,0.070068929428601698,-0.81317803677404898,0.56824737817072402,0.12584274993181591,0.062437803101179676,-0.12979820232025646,0.98957260846202078,0.04175465170012669,7.1206562172302368,-2.1532919586481287,0.4919222182258194,0.1951658728437076,0.6331360946745562,1,6
0.77466506801177548,0.63186154096007852,0.025397351394732363,-0.6289445418873344,0.76566938785878014,0.1348300846476537,0.065747970557605159,-0.12042168223171959,0.99054319583551753,-3.2189438136029249,-11.467739943978035,-0.29938136929839904,,0.1173244793409275,0.5,0,5
-0.94975399468392452,0.31299129742026144,-0.0019486716269810659,-0.31284820333290247,-0.94909080321449624,0.036778375780310166,0.0096618452328364295,0.035540047732722888,0.99932154672750506,2.8897773648218679,7.9895071033338496,-2.3213916031340514,,0.07333809102334264,0.3103448275862069,0,3
-0.53666796258691207,-0.82966397951310933,-0.1537698898721202,0.84037179213729696,-0.54193657437747067,-0.0089442904671669689,-0.07591277173678683,-0.13402399207038843,0.98806620255768052,1.6263172171267632,6.79271683881929,-2.1571786074500521,1.19440274433696,0.8276306646832379,0.6218487394957983,1,1
0.78782576063175924,0.61435886788054972,0.043517264867148811,-0.61367177442747511,0.77701358783381458,0.14020284445279937,0.052321354684516999,-0.13716072972301657,0.98916601744389965,-0.5782776641195333,-12.009415383340734,-0.28160723314719033,,0.2066752462721151,0.3157894736842105,0,6
-0.926216219718066,-0.36137935542710886,-0.10737073997259829,0.37434116759807801,-0.91533171200094565,-0.1484471193614984,-0.044634118928057361,-0.17768741789025552,0.98307424793400566,5.7968950729562048,-8.6805370009857796,-0.73941593216241586,,0.6231668989174235,0.2439024390243902,0,1
0.98771337442374663,0.15430689204586678,0.024732024818068504,-0.15376655104842493,0.9313544344726713,0.330052670291824,0.027895120776374276,-0.3298003948682241,0.94363846985041666,-6.4269906764398694,5.1546221163904322,-1.868575372832572,,0.2767277073277747,0.2254901960784314,0,1
0.99163208589446061,-0.1244051349114547,-0.034484324442596824,0.1289935912181098,0.96548374641288115,0.22627812275428141,0.0051438943665985904,-0.22883290370969206,0.97345212647080637,-9.7352020873027598,-6.9682864802574889,-0.6756732882904064,,0.1320859597735008,0.2631578947368421,1,3
0.92110998556043877,0.37417944773172207,0.10745294503191566,-0.3870110695294216,0.85021453716024942,0.35687206792221343,0.042176137359195509,-0.37030390451164175,0.92795268830953437,23.372780122419908,-4.4604350879178458,-2.4529330958848434,,0.5038332072608436,0.2727272727272727,0,4
-0.37835189527044727,-0.92264678036380465,-0.074650934552536158,0.92179345435803284,-0.38290869255525523,0.060644543598845767,-0.084537984645646894,-0.045867764823803128,0.99536399236767781,0.20948315474007817,-5.1029482725426494,-0.88136292447905584,,0.09033703168731397,0.34375,0,8
-0.99987575613759272,0.0047917703491229952,-0.015017031171271279,-0.0027444100221899305,-0.99104486354943655,-0.13350111102874609,-0.015522258273452725,-0.13344331144422622,0.99093488289034026,12.563731400223528,0.78073669650821287,-2.1602435166741021,,0.5256184026861709,0.1818181818181818,1,1
0.46416242800029767,0.88464646636440747,0.044202601527937938,-0.88223147832587512,0.45729874994415781,0.11200657101462345,0.078872422834674868,-0.090986168445977567,0.9927238579120129,-8.8732313320037068,-6.8674696968304278,-0.68843775263075002,,0.07676407979225604,0.3693693693693694,0,5
0.27608424779854879,-0.9527091581881193,-0.12697538352765378,0.95888173926405273,0.26398551798660608,0.10419911899478417,-0.065751792549368845,-0.15052211198966325,0.9864176577792575,-4.0201053302809662,19.859119649805969,-3.4348450273316553,0.6688209036345172,0.5170776899132178,0.7910447761194029,1,5
0.9826363741426406,0.18393118102521924,0.024394197229486537,-0.18537708010966925,0.96770313256672014,0.17083906283566744,0.0078162895171814389,-0.17239480232078866,0.9849969227114157,18.864486665483469,-5.0778060654538777,-2.0190035745823085,,0.2173873233670489,0.4482758620689655,0,5
-0.78759110786530551,0.61589166184252797,0.019434703093964886,-0.61530229785087953,-0.78775489061722404,0.029074293939384401,0.033216397621190108,0.01094043790235508,0.99938830178643612,-8.4792023203334779,-13.891959250823964,-0.042183876318409454,,0.09183369508383479,0.3953488372093023,0,5
0.60096393942760473,0.79763542172843849,0.051186692721347821,-0.79585587353362297,0.59124571762633138,0.13054474309813499,0.073863198344559747,-0.11918991313286524,0.99012019095546788,-2.9710801830144722,-9.4729211097565837,-0.48323640788058247,,0.07289660718777378,0.2745098039215687,0,5
-0.98076913038148417,0.19501812673299629,-0.0077358345574961435,-0.19517146098404542,-0.98002202486253698,0.038274424903420458,-0.00011708160059116939,0.03904818856089648,0.99923732179198177,-10.020399326654372,9.540318166279107,-2.3126597454528097,,0.06402800154616639,0.1111111111111111,0,2
0.14909440938471144,0.98332088824770525,0.10416759489385395,-0.98526102839351648,0.13879723182676468,0.099980169864730545,0.083854415621224435,-0.11753875604656266,0.98952164089920336,11.77478899444646,5.5553783406113588,-2.5850033701915924,,0.1384435192935501,0.2258064516129032,0,5
-0.95799527729940281,-0.28190988700920028,-0.052648497400219568,0.28352383552272681,-0.95861070107399382,-0.02607217821565613,-0.043119408188457456,-0.039904127516925479,0.99827269683418229,-10.702982416404645,-13.122220578819025,-0.10772739907841547,,0.137250279512294,0.3421052631578947,1,5
0.26119667149591447,0.95258206723581984,0.15608876955177917,-0.96185345761085117,0.24321889985798179,0.12522976017674647,0.081327885018041252,-0.18284411921799973,0.97977232211666787,-13.884820180305342,-5.3010952572964714,-0.8285639724111753,,0.08047461400278952,0.1724137931034483,0,1
0.41898452394331537,0.90769392272546445,0.023317618730304464,-0.90513438219045883,0.41549123642397634,0.089993236587938535,0.071998047700549642,-0.058811351813522351,0.99566937585986637,6.6335074687114366,10.326675550792563,-2.823479360874114,0.173454984068755,0.1117523722716905,0.40625,1,6
0.91824374172486933,-0.39469589661630466,-0.032304488501784294,0.39532421684157532,0.90876705985615669,0.13364577995204904,-0.023392185911235829,-0.13549014766634365,0.99050251161904979,0.92967690931585045,-10.893601983151187,-0.42194199119537934,,0.08733339307486125,0.2962962962962963,0,5
-0.66818698104968777,-0.74082667215643905,-0.068571132244698837,0.7379808534856368,-0.67165971075317732,0.065249466201414932,-0.094395011755470548,-0.0070053388621922402,0.99551017422380494,-4.7708402768412297,10.67605612213841,-2.4782468888793052,,0.09478032351110031,0.2972972972972973,0,6
-0.36505619775554721,-0.91208021786443538,-0.18666453509069686,0.93084651338367086,-0.3610539603913428,-0.05625661034216016,-0.016085428241912749,-0.19429285593168347,0.98081167669037439,-9.7224961525196711,-9.2581071706261167,-0.47392353566836054,,0.2410847236407869,0.3235294117647059,0,2
0.9998463217426955,-0.012651690297535436,-0.012135387518265149,0.015928651812918439,0.94473484707696564,0.32744823525236277,0.0073219498104005612,-0.32759121394060475,0.94479118624164549,-4.5717044412318968,-12.416747486391358,-0.21372026219125936,,0.3780457323603883,0.3421052631578947,0,4
-0.99667747518644367,-0.079298495369645727,-0.018594598357754205,0.078629118804541362,-0.99631286728857038,0.034323929717463619,-0.021247873587661774,0.032747810725884001,0.9992377638783797,1.258164766056076,-12.375306456015965,-0.30641117108568866,0.2263440209469888,0.1263781731531833,0.4583333333333333,1,5
0.58463177496628838,0.81126106993499925,0.0078207485374608976,-0.80635248613952248,0.57997758537042743,0.11585192516526938,0.089450297911060045,-0.074036996669286703,0.99323570582607101,7.9503291831445155,-2.6908115087665716,-1.3844788548231082,0.2713862404208234,0.2533527688731926,0.4594594594594595,1,5
0.99343659184174893,0.10733351164725652,-0.039538023057785893,-0.094313557159880088,0.96420981210027645,0.24779909439987802,0.064720096768313071,-0.24244371620443747,0.96800431483918603,-0.45298821454960647,4.7756072704498518,-1.8950638802530195,,0.5132892042487267,0.5868544600938967,0,5
-0.34262836673840624,0.93946708725267059,0.0027192416506622457,-0.93681778853722997,-0.34187667135019223,0.074113242181994887,0.070556597043695699,0.022845865172833137,0.997246124614239,-11.864747596228174,-4.07697722798226,-0.93690943744859301,,0.08260778412147542,0.3931034482758621,0,2
0.50691687971028454,0.85621773778045052,0.099631634408548914,-0.85958443242845828,0.49347355087202799,0.13265918029446627,0.064419566836766376,-0.15288897965478687,0.98614151079278878,-2.0876486921092043,-7.8160359901729874,-0.65359068057893521,0.7206151230511626,0.3273334296044126,0.6255506607929515,1,5
0.37923907527190276,0.91184419012899931,0.15721926318012666,-0.92236730654641597,0.35902641169734717,0.14261341983852077,0.073595350404921184,-0.19909848977758976,0.97721211400957397,4.0118633428110124,9.5445203984782285,-2.5949597825344184,0.8115207859052126,0.6428377326549874,0.15625,1,2
0.95709893444147942,0.2893168826494053,0.016042789813965154,-0.28724183057750691,0.94003632462348485,0.18391258563473423,0.038128210782406205,-0.18063070005511495,0.98281167562261473,-13.750748273779472,-3.8323152350451402,-0.96271054512997012,,0.07339118837343006,0.2244897959183673,0,1
0.34742348889197627,0.93614877123587747,0.054059203468824597,-0.93424122118995012,0.34061026486705104,0.10572600482714072,0.08056214989458807,-0.087236033728925827,0.99292477782740807,-6.4057714027399735,-9.1952016645604449,-0.47469726453992839,,0.07293725005118958,0.1641791044776119,0,5
-0.86691766568369444,-0.48494927566677448,-0.11523003495532606,0.49557910929062177,-0.86335608187201107,-0.094961162215531469,-0.053433204660108063,-0.13942910716518678,0.98878936923637606,4.089210644491633,8.2900926721656827,-2.4566391821487987,,0.1161098588904203,0.4,0,1
0.88378811268612134,-0.45349169683054058,-0.1151688012460878,0.46780071954479097,0.85170125732787083,0.23615133931337548,-0.0090032587477907027,-0.26258379457209868,0.96486718887111023,13.194124986476275,3.6528804430826529,-2.4548188923809047,,0.4732052943909268,0.5238095238095238,0,3
-0.2030885274397318,0.97353530557578638,0.1048048606688745,-0.97626482806405801,-0.20955016416740127,0.054733117785045533,0.075246498306684048,-0.091201630988025986,0.9929855119777462,5.8347122959638167,-12.37976138801716,-0.40537563574127627,,0.1002987862408025,0.4444444444444444,0,2
-0.89925450315978805,-0.4359751139474064,-0.035595485182670195,0.43398110217828689,-0.89940639515062948,0.052235422026344555,-0.054788151081809441,0.031525170589496207,0.99800021148311424,-7.0791693527483783,-7.8715361240380641,-0.59784861786720656,,0.1703016052713409,0.247191011235955,0,5
-0.50447428711212061,0.85246557613449869,0.13714275463324119,-0.85851389380829268,-0.51215589775462966,0.025499618296603271,0.091976017422154263,-0.10487505852596905,0.99022302251479355,-11.432243263750117,9.0284263156332134,-2.257095560783426,0.5487886104731221,0.5756875344452969,0.8027210884353742,1,3
0.59945240296629942,0.79233968605710225,0.1133782980859315,-0.79258110793466208,0.5678396093828183,0.22220118217739712,0.1116781264303517,-0.22306052971088708,0.96838628457971521,-9.5299939076226057,-13.798697962544951,-0.037400663733326026,,0.4416611685838187,0.2380952380952381,0,3
0.11723153666091755,0.99259087390943357,0.031939377636841085,-0.98970025112914051,0.11410854195143308,0.086444511500942692,0.082159477402418579,-0.041744432987247893,0.99574455689576147,-3.6644410258576756,4.1995287365717671,-1.7704106359930776,0.8807847945355688,0.9384998079002658,0.7370151216305062,1,4
-0.28722914317488829,0.95746788638709801,0.027471182144988091,-0.95538317110271542,-0.28842993224191232,0.063648806435365107,0.068865199373414676,-0.0079637129750847729,0.99759418782935516,-4.2231514484599488,-7.4561428825555316,-0.63875516210741223,,0.08526602927620459,0.4245283018867925,0,5
-0.39942620012815511,0.91448385739352989,0.064637336097914153,-0.91440330773784118,-0.40246357265697436,0.043470259744813118,0.065767024026331444,-0.041741433262840598,0.99696155958987998,8.2155879170211321,-10.032620796452139,-0.71284353568744674,,0.08494700152962062,0.1,0,5
-0.86585450500029704,0.49951056163875035,0.028020973966498428,-0.50028831566697463,-0.86417409676862267,-0.053988255030496167,-0.0027527037241033736,-0.060764539704307667,0.9981483323317889,-8.6314093200253197,-10.064420302615071,-0.40356871937078731,0.7251101288700685,0.1481703125033454,0.5555555555555556,1,4
0.18119899941677545,0.98280076685296502,0.035631099949126555,-0.9800611087804052,0.17745307355003559,0.089390322427934252,0.081530029231466489,-0.051118092304690999,0.99535912864284648,-7.4511375617391522,-10.67596610122742,-0.35621253359149258,,0.07440255174720925,0.1219512195121951,0,1
-0.018169440052993091,0.99970605432890702,0.016052301588502377,-0.99667325356143299,-0.019385426369088347,0.079162054544811081,0.079449965912061132,-0.014560569446838315,0.99673250811536973,-12.123003828634193,-7.928647149786535,-0.59477028269785359,,0.07509176841925708,0.2380952380952381,0,3
-0.64213360916936302,-0.74736315134921294,-0.1706245819936297,0.76396914425800899,-0.64228215074313688,-0.06184484989436078,-0.063368561580748745,-0.17006457256625718,0.98339334274797841,10.870929055751374,2.5193391539455452,-2.210335325077613,0.353272126588584,0.298086447629071,0.3793103448275862,1,3
-0.99777073307677289,-0.063175134924616641,-0.021505035286988293,0.063410787893128429,-0.99793271689063234,-0.010457750142989466,-0.020799908514481866,-0.0117980882577218,0.99971404357408689,1.7264263870455443,-16.174562820676289,0.045127675415825817,,0.1807828472571641,0.52,0,1
0.98892069288928264,0.14727425209907727,0.018605317627978877,-0.14591590773627011,0.94137179662866666,0.30418364252802399,0.027283897171790292,-0.30352831034480754,0.95243170556966716,13.150020068848956,4.6246215920647256,-2.5325946250989206,,0.3786065637942508,0.6774193548387096,0,1
-0.89517840791256531,-0.44522736378093314,-0.020693297170953927,0.44298218453030075,-0.8938712217964434,0.069000166904849447,-0.049217905236687974,0.052600697569660522,0.99740200742694418,-4.4373965338686991,-4.510511960408464,-0.91324480065887748,,0.07247092046393253,0.2967741935483871,0,5
0.77314238484935993,0.61907231655854722,0.13784164690062556,-0.63401932295200158,0.74877378094293801,0.19328042605474061,0.016442349981948389,-0.23682755718718601,0.97141255771367296,6.4740799578487378,-3.0708298481900242,-1.2698294477406831,,0.4910444747519848,0.6125,0,2
-0.99711951491091622,0.074593748409892746,-0.013727551929637169,-0.075218277495375657,-0.9957752040893606,0.052668336326694425,-0.0097408271952606901,0.053549188779614135,0.99851770172921706,-4.7051875206614797,-5.5741982350962482,-0.81864616173432647,,0.06613729613110321,0.2428571428571429,0,5
-0.85191256528887127,-0.52329261886240908,-0.020243916297402749,0.5210911102086575,-0.85090289995221846,0.066545546165125299,-0.05204840021022774,0.046142062123696155,0.99757800403704255,-7.3250965548376596,6.4486945029083635,-2.0037328006727493,,0.09151832528786369,0.3265306122448979,0,2
-0.84279463138589961,0.53147048687344456,0.085066626179790342,-0.5348077323979169,-0.84471043610223362,-0.021094276649750332,0.060645681416790331,-0.063272432563333356,0.99615194654380657,-11.998122872712029,8.2660827359550968,-2.1843411872447747,0.3343939165113493,0.2677227430407801,0.5844155844155844,1,5
-0.87670142376552762,-0.46872873106789931,-0.10811100887038973,0.47819518998981991,-0.87361457851383784,-0.090149478526998506,-0.052191702770618388,-0.13073234060310662,0.99004296941210423,-14.88275016670123,-8.5780744251231251,-0.51718242392491687,,0.7730591763208221,0.5508474576271186,1,1
0.38880008033488378,0.91918654975193947,0.062694372049752381,-0.91785347999402023,0.38053918950378712,0.11284907848390999,0.079871689568049381,-0.10141997834216683,0.99163224090315838,-3.5630439455049543,-4.4059711650639182,-0.90792900873926696,,0.07384895829365379,0.1692307692307692,0,5
-0.96614524158547732,-0.24791392469547102,-0.071428692440969027,0.25542099814700098,-0.95814277978925488,-0.12931561098068647,-0.036379745289487078,-0.14318205013131657,0.98902750955312868,-3.3439440689781943,2.1024642727914942,-1.5448478176064946,,0.08627681298840999,0.3025641025641025,0,5
-0.073607509234366139,0.9972675207945173,0.0062790566705155206,-0.99433955366065463,-0.073872217858411596,0.076365878863612083,0.07662105852991842,-0.00062241227352653229,0.99706009146526287,1.8933392777097813,-8.6166836257648942,-0.64424369305084916,,0.07823954396247138,0.2368421052631579,0,5
0.9469600501850004,0.30835407820824334,0.090467816409855545,-0.31878883923773216,0.86593263417839539,0.38540154260501591,0.040501102837850932,-0.39379999430829221,0.91830344938462893,-4.9275299956836101,-20.701835784118273,0.58129831608255766,,0.3083780922172414,0.1363636363636364,0,1
0.99837688960550452,0.048088907058147355,-0.030513002467675781,-0.041699018264816354,0.9821381000756938,0.18348281733028479,0.038791470420571121,-0.18191264221505055,0.98254924173038283,5.9623355800983946,7.4722491617976123,-2.4225280897068409,,0.5023103019144347,0.7426470588235294,0,2
0.38435371377585942,-0.90727068547805456,-0.17068135802976872,0.92245432048505882,0.3700693990350703,0.11012114472830159,-0.03674573887070804,-0.19977122708238887,0.97915331154260166,15.670389879053202,1.2827204229381093,-2.3547501363907481,,0.6334854338452448,0.4720496894409938,0,3
-0.99973575294906747,-0.014054323838249613,-0.018190664001387885,0.015891957584228115,-0.99432696060926862,-0.10517291043646493,-0.016609333505679124,-0.10543420406578299,0.99428756336057678,0.95855443262188367,4.569760129190839,-1.9165806728182941,,0.08479343090907279,0.1730769230769231,0,4
0.38660291700622673,-0.86244508888825466,-0.3266904547347641,0.91975445719810811,0.33453533006578523,0.20527506278647181,-0.067748970667384917,-0.37983493992826262,0.92257004903866413,-17.699779239695797,7.9652300714187483,-2.0806801369605634,,0.1202176941397457,0.2,0,1
-0.65200120240190795,0.75749212780058872,0.033167881852843771,-0.75678877258005206,-0.65283388404759857,0.032843165744294099,0.046531556638976547,-0.0036872970405289239,0.99891001500500054,-13.286019236522206,14.572781712701769,-2.7756687256349957,,0.4341852013479156,0.4324324324324325,1,4
0.15529278295340729,-0.98660621717342978,-0.049923178958485102,0.98486859276631122,0.15068794789952095,0.085597881634638412,-0.076928580807734931,-0.062460504261223279,0.99507822750894392,-0.48495467436150203,-13.564732859112071,-0.14676132368208492,,0.07318026595010849,0.25,0,4
-0.75392001045633117,-0.64772045539733414,-0.10983091319566832,0.65302136015405254,-0.75713957502479146,-0.017400204419170322,-0.071886862611161437,-0.084840294619640155,0.99379796910276286,-5.8057353126890519,18.669097080305061,-3.2679182912272191,0.2703001587003372,0.1528000852235049,0.5833333333333334,1,4
-0.89486841718815613,0.44625326223257766,0.0082790015066159274,-0.44581558187236264,-0.89457350330404783,0.031412006400898008,0.021423885711304224,0.024418704574681691,0.99947223272481356,1.1307928003057739,-16.666693633306735,0.11828665135871233,,0.1573189471046109,0.5,1,5
-0.72549380827808518,0.68811817875314385,0.012333135027963009,-0.68687975714469929,-0.72507699189860531,0.049593901279392498,0.04306893747239348,0.027508687513713825,0.99869331565614916,-3.4640933216156609,-5.4110143062786689,-0.83082889498938051,,0.09071508696974694,0.4895104895104895,1,5
-0.92075197585832291,0.38972298716923093,0.018215164695605555,-0.38980141907614085,-0.92089856534701253,-0.00082826809914531929,0.016451523917966782,-0.0078629265358811009,0.99983374705351402,-8.3926344789609004,8.128471620373876,-2.1709135170513965,,0.07868569669568583,0.2857142857142857,0,4
0.60665372487481273,-0.76297690232803639,-0.22324315131584585,0.793807960775754,0.56624035241233617,0.221902646917502,-0.042897313488782528,-0.31183025801526748,0.94916895792139022,0.30371118555955123,-8.5852894962477269,-0.61712354319973262,,0.3204759595169171,0.1818181818181818,0,5
-0.49717120552011523,-0.85775233186356237,-0.13069709095575591,0.86422006940536644,-0.50293939443953761,0.01325281697512474,-0.077100350444471263,-0.10636213002480253,0.99133376481280411,-5.3614259090097089,4.7291858798456357,-1.8416909302524327,,0.07521694206544161,0.2337662337662338,0,5
0.4749181916336947,-0.87887187959967616,-0.045132366482534401,0.8779725899985259,0.46967965234334003,0.092548124702342124,-0.060140190111623658,-0.083577768716159351,0.99468483154704146,-2.369552073116326,-13.574644572726037,-0.11522684860852678,,0.1044330250086973,0.5263157894736842,1,5
-0.71533246534734141,0.69862902368036828,0.014729266496005264,-0.69737869245652073,-0.71507124769922725,0.048332908266570308,0.044299247484899697,0.02430222181790485,0.99872267356207811,-11.680837088171941,-8.9567019524344271,-0.46866478499758585,,0.07121521404460067,0.1621621621621622,0,3
0.22936461560992041,-0.96799160269339157,-0.10190255257446737,0.97050070548312162,0.21944699717283728,0.099856878023440995,-0.074298410231155146,-0.12180013360790472,0.98976990946897314,-20.776233391970123,6.246985560003397,-1.9254344753810988,,0.2282844326498299,0.1578947368421053,0,1
0.57853321611437436,-0.81502514664367864,-0.032145422548310897,0.81283381022131207,0.57280436260800371,0.10581284958994348,-0.067827094980279001,-0.08734513447061415,0.99386634547651698,-2.7720050152814935,11.360717526680705,-2.5922777859344377,0.3176806422872898,0.1356597687088522,0.4473684210526316,1,4
-0.9100833187394427,-0.41139528288375343,-0.050022736562489123,0.41177484747961957,-0.91128086357871785,0.0029432394338086386,-0.046795597392702053,-0.017919511606766775,0.99874374249275621,-12.463801659978019,-5.2470509377908678,-0.835138096280576,,0.06351653650340013,0.125,0,2
-0.22233887961498322,0.9520037239624789,0.21036713662815132,-0.97205587689740969,-0.23312125418332008,0.02760168540515831,0.075317958023060003,-0.19835168365700651,0.9772327331755053,2.3409825931051156,-4.6946685944359494,-0.9880964554448024,,0.09592120551083393,0.186046511627907,1,5
