axis_00,axis_01,axis_02,axis_10,axis_11,axis_12,axis_20,axis_21,axis_22,location_x,location_y,location_z,dbh,dbh_approximation,score,reconstructed,number_clusters
-0.47134730730836139,-0.85659992558944464,-0.20992447063959435,0.88183285338830109,-0.46158171636613016,-0.096504599898362339,-0.014231464373098964,-0.23060547824510619,0.97294325570669404,2.9885719037958087,23.61447636370572,-1.4740330724786936,,0.4846317553660986,0.391304347826087,0,3
-0.42167748965995788,-0.90130456974993389,-0.099187535819587933,0.90674587342802315,-0.41913189848245713,-0.046264162110018464,0.0001254405315507616,-0.10944644453967957,0.9939926861110675,-10.998241588876883,8.0759878635783302,-3.3967904778556943,,0.0729531452238186,0.25,0,5
-0.51125171838604577,-0.8539282509518743,-0.097099035389575913,0.85941357671452023,-0.50868781180829536,-0.051429702278365672,-0.0054758201274792114,-0.10974175296558253,0.99394505031715419,-10.158862751024696,7.9737639151727828,-3.322277601206594,,0.08168654826510524,0.2991452991452991,0,6
-0.7916027765725171,0.61079555011296394,-0.017141764345704885,-0.60799969316978142,-0.79015237350731937,-0.077431258198492156,-0.060839273731148821,-0.050872611520852595,0.99685031984190831,0.38160838229743294,11.280387748838306,-2.0736742147321139,,0.09412580707500064,0.175,0,5
0.95841097305505196,0.28365624722301563,-0.031425151376294203,-0.28139230579723323,0.95760346945372188,0.061757311537260107,0.047610681215289601,-0.050346089237886957,0.99759635841991023,7.9387390204973718,9.5820543503477076,-1.3053122309919818,0.1830127796693537,0.1137361112657594,0.1875,1,5
0.97933187551097878,0.19699959490940094,-0.045828345089917281,-0.19483181486119044,0.97967190626772738,0.047786190344617847,0.054310602335487748,-0.037869719767765736,0.99780571395370732,-2.415785274552575,11.990970052756856,-2.3467214519996538,,0.8856188848249069,0.3905723905723906,0,1
-0.69290586819058131,0.71905106496538762,0.053357509304674998,-0.71875419857208644,-0.68295433013716111,-0.13025277341346345,-0.057217653412684581,-0.12860384488437132,0.99004403498980897,-11.114674881213451,14.58769395121578,-3.3737130152807393,,0.1518630430157331,0.3870967741935484,0,4
0.78242791205274032,0.61996333889874056,-0.058753900826373655,-0.62202080624094269,0.7825734327058913,-0.025863855595910774,0.029944599582520999,0.056782751293363375,0.99793739288163708,4.5146128570849475,3.8749043977344684,-1.7018085420946416,,0.07264419717895511,0.2558139534883721,0,1
-0.40279773096526278,-0.90471329534709077,-0.13873658908681644,0.91528064955445676,-0.39878815927347661,-0.056827252040238529,-0.0039141385269683389,-0.14987280355515023,0.98869753831700802,-1.3208473840424595,15.556874106539672,-2.168089103160836,,0.125967731546771,0.4285714285714285,0,3
0.78606598072989864,-0.58153013191603975,-0.20957809907730496,0.6146280434633371,0.77140598402584259,0.16481861544604787,0.065822808566434715,-0.25837088358179089,0.96380072856871812,3.9447434746742305,-7.053472202757284,-1.96979365619896,,0.2427825755524317,0.2971014492753623,0,1
-0.83282171679829342,0.55224931303161195,-0.037797940225043611,-0.54864368454625745,-0.83258974296966559,-0.076055422615439947,-0.073471732228457473,-0.042603006441083315,0.99638691701844984,-5.3787049588726363,17.289183993213072,-2.5821804790047866,0.5414876694051065,0.5049327315572062,0.9230769230769231,1,5
0.57191352543910901,-0.79388628140880091,-0.20654174302236475,0.81785125659361346,0.57132209797752553,0.068632226037094415,0.063515679230075242,-0.2081721224214847,0.97602772805821314,14.977302864105139,-5.8093427942900675,-1.0109451786567225,,0.2411471675635077,0.375,0,2
-0.23576454638383765,-0.95566216462707554,-0.17642252058259456,0.97171885437648886,-0.22933605154077644,-0.056280045424029888,0.013324665761954948,-0.18470192896658941,0.98270425394334882,10.252320041769307,-7.6756803121211403,-1.4435291248280897,,0.08696019145890799,0.2631578947368421,0,4
-0.87651734224854272,-0.46570293260769624,-0.12181185204298767,0.47953801660088313,-0.8668192412981427,-0.13662976816859404,-0.041959973451400276,-0.17817177519434513,0.98310435822045539,-9.833097059399476,9.6495289993733717,-3.2669847926742044,,0.08927524607742728,0.2894736842105263,0,5
0.26949962100788072,-0.9582479359213889,-0.095555468598120585,0.96198184161959888,0.2724487069636462,-0.019043068765361503,0.044281945200879989,-0.086790525843751867,0.99524193739662681,-3.0798113744622762,-4.2085496760123782,-2.5274909858067183,,0.08502233601752851,0.51,0,3
0.98588008685681772,0.16139792354751858,-0.044622467589112993,-0.15897188215364422,0.98583573654888912,0.053440071366302182,0.052615539755094594,-0.045591784541263294,0.99757355325741337,-1.5647254649830256,24.102971241382445,-1.9147482036028318,,0.4189236641790534,0.7333333333333333,1,5
-0.27190903847918718,0.95978451227321804,0.069851018559402775,-0.96132232101203507,-0.26760053293618469,-0.065187037793606503,-0.043873339482640925,-0.084874288054345798,0.9954252786170894,-9.3981937979285188,17.417022953871523,-3.1067821972024139,0.4486735306442582,0.1276993289040079,0.3448275862068966,1,5
0.96682290343705501,0.25527503357257475,0.0093877912239800892,-0.25010903397330586,0.93850389455551242,0.23802502185500707,0.051951366820170326,-0.23247601411469887,0.97121365226548351,-13.865973148780073,-7.4796029192189195,-3.8364591427155479,,0.2385719966887352,0.2,0,1
0.708078607011702,-0.68205158237285035,-0.18283961626261383,0.69691949307041912,0.71669859792514568,0.025423215976774719,0.113700951934621,-0.14542612803352301,0.98281398790124042,-13.164748229247904,-13.616430881516845,-3.8001734247996164,,0.5152578974073542,0.2,0,3
-0.82071027896683013,-0.53941179548616047,-0.18833362123790995,0.56848564104040733,-0.80389784900908723,-0.17484943319736532,-0.057085146308519595,-0.25056568649549626,0.96641508826278966,12.895717198402222,-8.6397351259562782,-1.2183744307542768,,0.57016438818066,0.2,1,4
-0.80734063314738946,-0.5685277594060405,-0.15804204774021302,0.58879850130560041,-0.79382946476199034,-0.1521548741774999,-0.038954164468660277,-0.21589573330762965,0.97563907538090611,-1.2527206383673199,6.1950528817837416,-2.2402217965837168,,0.08100285467868659,0.34375,0,5
-0.84381248965568534,-0.5303100830475358,-0.082168717400168095,0.53590799383671428,-0.84071230837056032,-0.077494752700754177,-0.027984003340858377,-0.10942591270973509,0.99360095872772736,1.433882783557862,15.753118984815004,-1.8675783540171949,,0.09628303948736529,0.4347826086956522,0,7
-0.8606980563081128,0.50366269992194956,0.074315143643599688,-0.50465874802191124,-0.82475260880092327,-0.25515227281180181,-0.067219074022139808,-0.2571128526219626,0.96404075489794661,-10.330589982188725,-2.3910634296209166,-3.3036764582675877,,0.273426812737272,0.1230769230769231,0,1
0.90142661713107841,-0.42502638201307852,-0.082356715090464494,0.42763893549468907,0.90380200163111379,0.016336544817072793,0.067490701408330245,-0.049945134302189845,0.99646901044786473,-21.851003396087542,13.812189860603192,-4.9814429124683031,,0.4737618649178609,0.5789473684210527,0,1
0.73843679314965416,-0.65683221774802869,-0.15258617319751533,0.67122699158078458,0.73763877184827131,0.073098344985258079,0.064540129348065259,-0.15639846544765382,0.98558312267883053,-4.5030236866131688,16.430951797217563,-2.5057115567366157,,0.1853801608014528,0.2352941176470588,0,1
0.98874050851139006,-0.13467245770132005,-0.065234469150317498,0.13503444213173124,0.9908402358252123,0.0011517412944615324,0.064481828966071908,-0.0099476734226322059,0.99786929881957309,3.2547278533727964,7.2212544000679637,-1.7772828854918203,,0.06601441220256812,0.2631578947368421,0,4
-0.95577367436155847,-0.27154064368606756,-0.11297062549159494,0.28538769530788421,-0.94911816778921354,-0.13314866480480197,-0.071067198933547557,-0.15950041504335741,0.98463651711519273,1.1968179028546773,7.1726075730637415,-1.9741341729242396,,0.4231520978159583,0.66015625,1,5
-0.99204124892244794,-0.11153566232055631,-0.058429072105455178,0.11651322630914505,-0.98908964973095637,-0.090146175127553935,-0.047737077114372875,-0.096236483860376573,0.99421311128085987,8.4888742530826491,-4.2290500371801194,-1.5169977785042612,,0.7739763020008342,0.7715877437325905,1,5
-0.71727938183216888,-0.68576201822673022,-0.12345340317732931,0.69628243568046122,-0.71215422029172759,-0.089594287114561966,-0.026477502928844081,-0.1502225711345796,0.98829758724807681,-10.367864763702647,13.984090173368752,-3.3273594777135136,,0.08231589122045266,0.1162790697674419,0,5
0.95966541665495053,-0.26980354316189165,-0.079046417842740677,0.27203713774083721,0.96210315935770319,0.01879644763508739,0.070979460171606376,-0.039541862009964526,0.99669371292415199,-17.824328080627115,10.028093888055466,-4.491522734543608,,0.1835887191502402,0.34,0,4
-0.96509316084249297,0.25708040983242697,-0.050048514218089951,-0.25444948703808479,-0.96561104170474643,-0.053392646346953274,-0.062053601354817224,-0.038794059058915226,0.99731859079264706,5.7913411320724313,5.6735659976817745,-1.5840071798915469,,0.0962153792508719,0.3658536585365854,1,5
0.9070237872724608,-0.40288618081587235,-0.12243600217878504,0.41421024883944962,0.90598359650425964,0.087313186985525273,0.075747733156078606,-0.12990938446782149,0.9886282581177358,-10.554452488673553,11.064231759069955,-3.3701444383505232,,0.1528883455004028,0.2884615384615384,0,5
-0.07367690659771689,0.97957920083431904,0.18707298769995712,-0.99668665255360323,-0.06584428671857262,-0.047751926956046249,-0.034459107006486585,-0.18997136415607327,0.98118471795324858,-12.351517131290146,-9.4518323639367683,-3.7393655871795413,,0.2616683337363943,0.2142857142857143,0,2
0.95048481902757698,-0.28210287691103664,-0.13037091560862207,0.3036583309497598,0.93229542936543575,0.19651170557786976,0.06610769125389368,-0.22636960755108815,0.97179554121957445,8.9594125077249149,6.6325305661717788,-1.2565687098090312,,0.1678424245972843,0.1363636363636364,0,4
0.058786634758490365,-0.96853687019704604,-0.24182734056074395,0.99774578651301471,0.064859502459696503,-0.01722180118936047,0.032364750413020414,-0.24026979837172791,0.97016645320332107,-17.271951118398309,-7.5354997684179201,-4.2341156759256098,,0.3795385449850982,0.3529411764705883,0,1
0.12141522680564375,-0.98912302989725676,-0.083029961017727513,0.99185689825797718,0.12413899126615124,-0.028450030324903921,0.03844783580124634,-0.078899572712998287,0.9961408642094286,-1.6524418249693402,7.1566057294289376,-2.2789819026485993,0.251870335940967,0.2119431237903451,0.8197064989517819,1,5
-0.59495091311726822,-0.798006332130895,-0.096017211269260619,0.80365266695201576,-0.59258075333709948,-0.054684930971426363,-0.013259030199926747,-0.10969933752504128,0.99387637735521506,-7.6272614199497379,8.2463888649916637,-2.9937393453895864,,0.08312295788532964,0.3497267759562842,1,5
0.89438566442059619,-0.42986128702297366,-0.12366712254225673,0.43931012138701425,0.89618864010005228,0.06206882150118511,0.084148086881732934,-0.1098416827737624,0.99038068650371636,-2.6783083430120334,19.093465888644097,-2.1850396773839682,0.6847210628749902,0.4556979900331175,0.2,1,4
0.54681816985257004,0.82708908898375733,0.13005202037301322,-0.83719952229024885,0.5384186236838564,0.095928856697864176,0.0093192808769472987,-0.1613351311847441,0.98685567660602536,-8.4282905222858169,16.608707641214295,-2.9965127234900777,,0.08917567241111024,0.2666666666666667,1,3
-0.61006860142163455,0.79225417523093122,-0.012232063955383758,-0.79049249679622569,-0.6096230209013106,-0.059003261740601658,-0.054202528246574171,-0.026326682592341069,0.99818284483122743,-12.870525504005908,20.84090350024001,-3.3703594492274136,,0.117513540425199,0.5172413793103449,1,5
-0.8209438411443265,0.57015070793470524,-0.031295046393224807,-0.56643036400354618,-0.82006377904686945,-0.081560045550367069,-0.072165451720403631,-0.049229752558002347,0.99617698178640324,1.671857743805919,14.431038996603579,-1.8450791166702785,,0.2625745743764035,0.5859375,1,5
-0.034173775944885333,-0.98706184444643663,-0.15665589128936974,0.99886168564426969,-0.038952060796509307,0.027533069418290337,-0.033278912084924325,-0.1555366586940298,0.9872693967771613,11.065951320565246,12.938534151934423,-0.92875213906340426,,0.1472569189516358,0.3333333333333333,0,2
0.72518890587258822,0.68786273431387412,-0.030755642434510195,-0.68704375272580853,0.72583318680242115,0.033720420766650445,0.045518486791158837,-0.003323203045631527,0.99895796892650135,-10.005630166446885,12.967326874034521,-3.2895115281734864,,0.08374420646629778,0.2962962962962963,0,5
0.99012767927603007,-0.12179478281634444,-0.06937729895422709,0.12291859487059284,0.99234237067636599,0.01215065411616046,0.067366147036206345,-0.020558459065090337,0.99751649209141746,-10.917044219654223,19.882119663783975,-3.1858747041588322,,0.470475998633021,0.8721804511278195,1,5
-0.64710410506772731,-0.75556130068143179,-0.10189896033364777,0.76216421725594852,-0.64443388572391369,-0.061730647699542347,-0.01902585449126613,-0.11760989687675309,0.99287760021944149,-1.7844938941605908,3.7512796707464231,-2.3271859880659989,,0.06772775286480644,0.254416961130742,0,5
-0.99607232401597279,0.062694569802184894,-0.062524525162037978,-0.05957069725588876,-0.99693902082687902,-0.050635173359939223,-0.065507689303368158,-0.04671166524609037,0.99675812661451157,-7.0279217753708929,5.8313486985754803,-2.8873422972652532,,0.0679114687959442,0.3230088495575221,0,5
0.44750944199488385,-0.87646863942648423,-0.17758948005812633,0.89311750873995599,0.44814581846715712,0.038812896987170047,0.045567695877260672,-0.17597741188087121,0.98333897288785821,-5.4059263471915431,18.73540652344137,-2.5149790809636339,,0.4487674672551529,0.6363636363636364,1,5
-0.47685563704637984,-0.86139974003283226,-0.17492623956531012,0.87862964334662519,-0.47276159106769,-0.067129932546728402,-0.024872700892210525,-0.18570666623068541,0.9822903760435665,-18.842301632055371,15.089865944001563,-4.4849468876189267,,0.134813756001782,0.3333333333333333,0,2
0.41807767278529923,-0.89563804995645446,-0.15180099798297714,0.90746523742951646,0.41939423333728088,0.024805642511843664,0.041447585881680231,-0.14812481396995561,0.98809976070786831,-10.825951420321234,23.41849919020969,-3.0813857896796355,,0.1686545057773362,0.24,0,3
-0.99032414826638104,-0.13072324058073773,-0.046578060635218084,0.13749626572250873,-0.96972228637889535,-0.20182533094845484,-0.018784522161416625,-0.20627680837204809,0.97831335473610359,-15.793251309469841,13.758321549481227,-4.0791200194097179,,0.4460520993673797,0.6022727272727273,0,3
0.055058580862092768,0.97516813829128313,0.21451259807984718,-0.99815974453419576,0.059222902018233756,-0.013029668758968268,-0.025410176403994712,-0.21340044502777483,0.97663430873437274,-20.410078110329813,14.63280818843268,-4.6964856624657081,,0.6973155576059227,0.3333333333333333,0,1
-0.70357247039463322,-0.69833283173616734,-0.13159420588361315,0.71011632276089331,-0.69790547791440749,-0.093073906362681313,-0.026843752556971835,-0.15893143180758174,0.98692462373387546,-11.564881406094166,12.215713048446169,-3.5177207065666312,,0.1442629338466053,0.2894736842105263,1,5
-0.68947350040942201,0.72241684925385119,0.052346806467226482,-0.7219317143736963,-0.67955873984738069,-0.13043971357871073,-0.058659117063203779,-0.12772554564838903,0.99007337757066605,-9.8852248258886029,-10.089162803128533,-3.4362107034411187,,0.3723809145421043,0.1764705882352941,0,3
0.36731794999653539,-0.90166510509028319,-0.22820508730716513,0.92663914195760733,0.37589933601397563,0.006292040711936002,0.080108827244014663,-0.21377494578827555,0.97359275282368851,1.6973569346281894,-8.7099452759310729,-2.2128183197795259,,0.1794304004657143,0.24,0,4
0.28374443867103,-0.94145032444492549,-0.18209991797309052,0.95820697706857005,0.28559807175279117,0.016526660527766968,0.036448355523598742,-0.17917875993998761,0.98314113400162095,5.6622540384413087,-8.2337286241071865,-1.8626332934641607,,0.1329312248445741,0.3428571428571429,0,5
-0.53863649176080508,0.83045847406035744,0.14215995429428899,-0.83824510849728795,-0.51119709378876299,-0.18979638927622447,-0.084946264332115093,-0.22139614757999948,0.97147716288791541,-4.3088304336559418,-10.47933676550808,-2.8014740709935375,,0.4394867303337175,0.1379310344827586,0,3
0.64300064080722641,0.76195943177227266,0.077252833312261335,-0.76567087765902697,0.63728371386132876,0.087278721072021351,0.017270872194299958,-0.11527051826199054,0.99318398325449253,-6.2743562449671613,20.069552746378434,-2.5488259738086709,,0.245673588108292,0.3636363636363636,0,1
0.64113748301891182,-0.75829364106286323,-0.11804017024641034,0.76527144933390789,0.64324705788336856,0.024348128444942611,0.057465961251473567,-0.10594326995150327,0.99271027336752593,2.8159194487142272,6.0344018177427827,-1.8624809314254487,,0.2170144333883276,0.7336956521739131,1,5
-0.92209555452802539,0.38040552077874024,0.070932560088489444,-0.38691644503767186,-0.90918469026062843,-0.15387937988922901,0.0059542320295748741,-0.16933646611624686,0.98554031290668009,11.13268407971764,5.6640735553914219,-1.0914773590681344,,0.639947492378576,0.5752212389380531,0,2
0.71280835087598393,-0.68397726014460447,-0.15517526390034261,0.70135431780554791,0.69593503710439486,0.15419644945983538,0.0025250380146050427,-0.21874535820351787,0.97577871079842671,4.0520716961929955,-9.7710028186804028,-2.0289195472344428,0.8750054607285528,0.3096628987096965,0.3888888888888889,1,5
0.8393822618284098,-0.53221851928663211,-0.110366961796402,0.53940670315718675,0.84064204484921434,0.0485938372720933,0.066916568328913434,-0.10032148404044371,0.99270225784119448,-6.3852990446038387,21.022999251694973,-2.5447916169735429,,0.09496251369477637,0.25,0,1
-0.59774166669418238,-0.79165552669512163,-0.12643744283530345,0.80157567537724783,-0.59282671718062396,-0.07767187419106962,-0.013466125692637302,-0.14777689416791134,0.98892904346515975,1.6973418485105394,17.976652311376561,-1.8077556056903687,,0.1004062627994609,0.2,0,1
0.21330370420181399,0.96837773914353298,0.1294066617490939,-0.97686904524954643,0.21344791929707446,0.012917204844263947,-0.015112849070382193,-0.12916864975298348,0.99150746931829326,-2.9254364608057792,20.707793123316844,-2.1436228713782381,,0.2408747336594693,0.125,0,1
-0.94583559026260067,-0.29432320394085398,-0.1369995905635823,0.31848214461736585,-0.92305298521122014,-0.21573666830786825,-0.06296157361853244,-0.24768334242464998,0.96679305031264706,-20.153198318581079,12.772013092725581,-4.756179615730872,,0.381213400687033,0.84,0,2
-0.28832445671736234,-0.94697411665284126,-0.14180631173614389,0.95730427143910257,-0.28184190695728972,-0.064293633954900231,0.020917445902548078,-0.15428921502246712,0.98780428151768218,-6.8651590892890795,-4.2953689034891864,-2.9229428635140566,0.5264147664751093,0.2969435618715595,0.6839622641509434,1,4
0.31715385491372389,0.91462745952239088,0.25073899298071328,-0.94834089928729093,0.30806988999096996,0.075779163494487281,-0.0079354301923201184,-0.2618196959141334,0.96508418066979729,-14.182496585915077,-4.1825316815235123,-3.8838755019326827,0.76961329569002,0.7405839750217247,0.3543307086614173,1,1
-0.95896225720375006,0.2819099420356776,-0.030301383468899084,-0.26876253351947887,-0.93784194045160008,-0.2195886957613446,-0.090322144764611062,-0.20243339475347996,0.97512185436164955,12.119132121983096,-6.5165371608571174,-1.2614522745327119,,0.233406277967318,0.1666666666666667,0,3
0.57953073610687356,-0.77060825632059515,-0.26515474952932022,0.81249377530069067,0.57159007799518791,0.11462394093331749,0.063229668709039982,-0.28186468034854284,0.95736843010773953,-13.567092555581089,14.945828978232029,-3.7400855095076202,,0.4466531260184457,0.358974358974359,0,3
0.83263608761368846,-0.53457463631297375,-0.14473114320775118,0.54977680808086538,0.82935522492125247,0.0995759619197044,0.066802746199433979,-0.16248036529584434,0.98444782695353827,-19.367464955803179,-5.228494528791833,-4.5660388180205267,,0.4073008202212116,0.1304347826086956,0,1
-0.99450320244915402,-0.082243702555849785,-0.0648024205433895,0.085470365710386811,-0.99514990551248061,-0.048697865906360098,-0.060483029882026758,-0.053968870179076353,0.99670916728395953,-0.99295356164094661,2.5242349949493441,-2.2842558692172727,,0.2903915498394952,0.9040801717967072,1,5
0.76708781565381734,0.64059386115632477,-0.034868153439611423,-0.64091391242609008,0.76760860583205648,0.0025268777671788893,0.028383797035265529,0.020409147493205125,0.99938872655461908,0.86252837485730505,-4.7318361873354249,-2.2039927679658415,,0.07366253540374329,0.1090909090909091,0,4
0.95231725300128367,-0.29468351762476702,-0.079078910440025157,0.29681978218512067,0.9547908049111018,0.016508657146677406,0.070638987391280467,-0.039193663996908795,0.99673165403875408,2.1032035778939102,2.8078299870533119,-1.9403414637966971,,0.2562932962435068,0.5634920634920635,1,5
0.69857103915045426,-0.70890760042526435,-0.097203484091611989,0.71322435068586143,0.70077663466189433,0.014937667176682802,0.057528504664957389,-0.079762913507742353,0.99515242489769895,-16.694414693978516,10.207418595147853,-4.3081714156014463,0.2564458446318282,0.3178980031316112,0.8587570621468926,1,5
-0.78869991398673001,0.61449543973133014,-0.018649402851664377,-0.61123763792130525,-0.78704766140208338,-0.083333838684501935,-0.065886232747880552,-0.054326174454956522,0.99634716394607237,-0.0073067963776552915,15.55727729556704,-2.0416309839490623,,0.07619194730680973,0.25,0,1
-0.20547586938072437,-0.96324154163902964,-0.17304739109012912,0.97787178963705035,-0.19496987420034942,-0.075851902984246822,0.039324675895258919,-0.18480389772719766,0.98198833457967682,-3.7975361045350073,23.751374579474291,-2.1339596583855842,,0.2891346258992895,0.36,0,5
-0.57376970190073562,-0.80864184800743244,-0.12994880080964957,0.81893768427165736,-0.56865056559857841,-0.077314963132582154,-0.011375344413106486,-0.15078095335798125,0.98850174792154122,-9.3069608501297854,11.01802870677064,-3.2116029781410811,,0.06727044397292427,0.2040816326530612,0,5
-0.50629888100516629,-0.85562433004129612,-0.10755672426352381,0.86233636462406349,-0.50321773278347226,-0.056106217652023026,-0.0061186060398441926,-0.12115658980693146,0.99261454926193993,6.6517488509347729,2.9767943150594798,-1.5236310121488623,,0.1540687045688925,0.4423076923076923,0,1
-0.2460251637466046,-0.95420793555970174,-0.17017295472062452,0.96917774343108387,-0.23984762446673685,-0.056281601571867255,0.01288877190765775,-0.17877453049177472,0.98380564483344823,-18.237154643627331,-7.0324201052317861,-4.3941239305025217,,0.3929644229234847,0.1111111111111111,0,1
-0.90237146216525388,0.43094915412693752,0.0029275974821527206,-0.42136308097358138,-0.88083274732038663,-0.21583981384459502,-0.090437261469991148,-0.196001269907354,0.9764243974484208,-8.2072303484443001,18.73599890335365,-2.9001382874137049,,0.1027002738692418,0.3888888888888889,0,5
0.71896705618487255,0.6944305410597752,0.029199242529325837,-0.69462269184843939,0.71643396194189313,0.064974565373459428,0.0242009935764281,-0.066997028439103337,0.99745962830093726,-15.356736882563148,11.549471780596951,-4.0455400722914874,,0.1132872474243815,0.3333333333333333,0,4
0.34601906472359961,0.93807827841814939,-0.016731718616041159,-0.93820167009085143,0.34582224047857729,-0.013586913892202335,-0.0069593883741563365,0.020399057586519956,0.99976769569887569,5.6914614037084155,7.4370043070887686,-1.5695617217754465,,0.2061319067123385,0.4285714285714285,1,5
0.68544049351135716,-0.71753980530983319,-0.12372533148403014,0.72664852183392803,0.68492840070129246,0.053432308852761075,0.04640318492812897,-0.12652949738577107,0.99087689988203342,7.8946032987231609,-12.937452696707219,-1.7466158265937621,,0.264996877759371,0.2857142857142857,0,3
0.63910901065562276,0.76461622879497437,0.083076441679591884,-0.76907572818132797,0.636443904460402,0.05883605015259559,-0.0078864961263667068,-0.10149472468335569,0.99480481705724499,-12.271352225081802,14.302770005215047,-3.5613258996995607,0.8967555736594688,0.3213930106547326,0.375,1,4
0.95586994546967963,0.29192523527440117,0.033050028105554893,-0.29046969810771461,0.92220209686118193,0.25528542266657728,0.04404545185380182,-0.25361969472977725,0.96630070299890058,-22.514867844799131,12.14292955532733,-5.2026912620088428,,0.5038792560370359,0.2142857142857143,0,2
0.95820685164603792,0.2824908048314218,-0.045150577452382677,-0.28154784701428948,0.95919037671160512,0.026165455575383925,0.050699499999568451,-0.012359870935602608,0.99863746889962479,7.5309147266233092,7.2625798532278774,-1.3787542154781915,,0.08551791323610014,0.3529411764705883,0,2
-0.84581446467287591,0.53345873496254137,-0.004435024498327827,-0.53056159540059278,-0.84203079649886226,-0.097409092149905063,-0.055698158282956912,-0.080036965457569317,0.99523454488086871,5.7175840699451141,2.2017252886572907,-1.6311934677373865,0.1411605694609372,0.1119451596335924,0.4444444444444444,1,5
-0.22163388006425769,-0.95272612348824104,-0.20782530363440549,0.97505985683104857,-0.21397084476835895,-0.058947037124280788,0.011691826387639019,-0.21570677136377867,0.9763881861142818,-5.9253603489360032,12.155570292700896,-2.7546446025564677,0.2684066069481351,0.1430615482032677,0.2428571428571429,1,4
-0.54821489134635737,-0.82992372345870757,-0.10337817055130812,0.83625073632254077,-0.54573480644306216,-0.053462388990398436,-0.012047360960346733,-0.11575894901469666,0.99320427245199805,-8.3667643849029396,6.8313880757858714,-3.1014503276592684,0.3279079487717803,0.2307039311704306,0.8065395095367848,1,5
-0.59203519200465671,-0.7641544289844372,-0.25605144032298993,0.8058078013640767,-0.56639834650636001,-0.17281984936821876,-0.012966059108365745,-0.30864368086570299,0.95108935414758378,12.02673471022114,-8.0465674551457553,-1.2985716226362289,0.4251060260253103,0.3069067183798772,0.1714285714285714,1,2
-0.52546999290672602,0.85058951255581139,-0.019461954800868184,-0.8489637898535749,-0.52569821925404392,-0.053868968716514372,-0.056051494824483364,-0.011784031703655421,0.99835833573158828,-7.2471189018508957,17.466321062155227,-2.7940943044393167,,0.07722579861706277,0.3939393939393939,0,4
-0.99787626708401989,-0.017805293808791322,-0.062657219080047663,0.023567141439913408,-0.99543784413244674,-0.092455872248863424,-0.06072516311063799,-0.093736172213983962,0.99374341989462101,6.4772371282339325,-12.140186074021429,-1.8488116995073458,,0.1455365791909999,0.25,0,2
0.24523297285589632,-0.94734280675451232,-0.20591841956159018,0.96674669362294008,0.25485796022271018,-0.021171926701030398,0.072537020847105976,-0.19387889674124772,0.97834010139880512,9.9052098019757011,-6.5638298752352204,-1.4575206577084727,,0.3079264856067874,0.48,1,3
-0.78816607915476733,-0.60667905297820313,-0.10360867891865992,0.61490407830101856,-0.78338300538175054,-0.090576163353441638,-0.026214617269267652,-0.1350984587496287,0.99048533572430975,-2.0789318602533187,13.460731586147823,-2.2805976902135847,,0.08674043827174838,0.45,0,2
0.27300666279648328,-0.92681356118882563,-0.2578448852803063,0.96066521772957181,0.27682774246566194,0.022107474888816165,0.050889109967868523,-0.25373810080051462,0.96593336969421761,-6.2418826355252186,10.392753896180402,-2.7821369157710993,,0.08624905142841807,0.2156862745098039,0,5
-0.97417379764079848,0.22305694583520269,-0.035085764987763085,-0.21512911021775294,-0.96406697278996289,-0.15586641046907837,-0.068592112717301507,-0.14429300360817487,0.98715482634828267,-11.117697069612049,6.0761871553510662,-3.4031027281849386,,0.1039187239831794,0.4056603773584906,1,5
-0.71194023820861774,-0.68072903982991262,-0.17247919164844511,0.70164030013805478,-0.69969154846249793,-0.13465744031553298,-0.029017002630114037,-0.21688640193058742,0.97576549550389735,-5.2849945578226869,-11.491331079771724,-2.8979918963896125,0.7049578152226494,0.6902338792471272,0.8941176470588236,1,5
-0.73458540771255354,0.67834637032756362,0.0151815888233681,-0.67545061973964293,-0.72895888533488173,-0.11128972901692004,-0.064426229667070942,-0.092006224543490236,0.99367203622530254,-24.022340693490467,22.086888833290569,-4.9721039252241672,,0.1906690878101236,0.25,0,1
0.79796481490352766,0.60267736109514569,0.0056703262135853099,-0.60264915216644466,0.79772987545928198,0.021001075991062455,0.008133484434275251,-0.020175337001107428,0.99976337310778063,7.9588119109832522,-7.0355277621799894,-1.6382990980772225,,0.4625182084716941,0.8333333333333334,0,6
0.94909592463551962,0.31343692963916731,-0.03121244909679077,-0.31160118027873351,0.94876285975140151,0.052476093654560692,0.046061158139459192,-0.040079010650385521,0.99813428085410327,6.7808549376153904,-4.1414908325017477,-1.6876148775545869,,0.5310676134252165,0.8536585365853658,0,2
-0.48677539084289217,-0.86280547897643822,-0.13644201815419157,0.87351454773351167,-0.47995402630551126,-0.081341671553066416,0.0046961439147336706,-0.15877921174186432,0.98730294649158434,2.3072595006525982,11.410580355044159,-1.8397420880682898,,0.1358294171373499,0.2413793103448276,0,5
-0.25078557520041506,-0.96291870984145056,-0.099469359647448782,0.96794084033440553,-0.24794161100717965,-0.040193123092005671,0.014040116955411712,-0.10636031105840653,0.99422852471020828,-12.617880898494397,12.732980063757138,-3.6449727799253093,,0.2408986322328792,0.12,0,4
0.66624654501928338,-0.74022981046348701,-0.090417746881121128,0.74296576229330014,0.66931126472967062,-0.0049302095193497261,0.064167104577063941,-0.063892555177886876,0.99589172307185947,-2.7418319779946172,-2.6199357613673597,-2.4871770924920291,,0.1464616465399006,0.185,0,5
0.35291944557344757,-0.90267407937307254,-0.24622626050871832,0.93439393549564231,0.35367281321066835,0.042702628778772782,0.048536978120772505,-0.2451429126522498,0.96827119864802114,-21.755066142347495,-5.2105633667186444,-4.8203112117405995,,0.3902310940431293,0.1578947368421053,0,1
0.97649514817770877,-0.19103393379823069,-0.099816139591599726,0.2093069671375708,0.95100671569568795,0.22754520476022908,0.051456963504159133,-0.24308900188876484,0.96863817706492317,9.8983806798942577,-3.6086362545457047,-1.3966917587205379,,0.3941617698919049,0.3287671232876712,0,3
-0.86540957006293606,-0.49320727330780456,-0.088390393141826937,0.49978553204240384,-0.86226164256463433,-0.081971224968471798,-0.035786841221004881,-0.11511492222132248,0.99270733687094459,-13.851157276272138,12.157245848523658,-3.839182693065168,,0.06639338626769781,0.2222222222222222,0,3
-0.97614034643793335,0.21561760460273219,-0.02567241012080863,-0.2040409771866325,-0.95126218562949572,-0.23123047770594338,-0.074278554675998198,-0.22047517496710264,0.97256022617546389,-18.171816052598619,13.027718367729944,-4.4174062113549946,,0.407026815287338,0.4166666666666667,0,3
0.060533670202581706,-0.9853305704046269,-0.15955983767194715,0.99705415927108942,0.067232051949390859,-0.036916861606797309,0.047102847599970986,-0.15685508667801457,0.98649774633863541,-3.2443927603707441,7.1541498940398371,-2.4608400442990024,,0.1985044139445181,0.2602739726027397,0,2
-0.79332583060228568,-0.60364003150504297,-0.079074894016904901,0.60794759874856141,-0.79236750803398848,-0.050531667178764686,-0.03215343955243484,-0.088161468775186075,0.99558711911532372,-3.5237214464245539,11.606266108219423,-2.4609178550500896,,0.1291070323307688,0.4545454545454545,1,5
-0.56636390442203755,0.82266177208975655,0.049593714419944965,-0.82358695035607876,-0.56271334096304981,-0.071121242293539,-0.030601682486413123,-0.081125240488667219,0.99623402490813207,7.9084397111476283,-12.099685859276144,-1.707332300937894,,0.4369880385193157,0.8823529411764706,0,5
-0.9777266703121732,-0.18007241163631454,-0.10781690371993279,0.20282134979270708,-0.94276274760013812,-0.26469208867229732,-0.053982017640469553,-0.28066408445848673,0.95828681169394381,-20.865637797731797,-10.47575419479932,-4.696388864242631,,0.2739401809111075,0.4285714285714285,0,1
-0.044740547592018232,-0.98784059505695454,-0.14889339192418719,0.99865878589058821,-0.040338438825801251,-0.032456736074879977,0.026055954496116068,-0.15014582615117997,0.98832045315508721,-3.4962488333787221,-9.6777221300513148,-2.7116344242757715,,0.6264357004948683,0.1538461538461539,0,1
-0.82485879821024577,-0.5535677269404915,-0.11476382141200227,0.56426076649604118,-0.81867446741086625,-0.10668600565600898,-0.034896280725149435,-0.15275761224721829,0.98764738722485335,4.3437904577183337,10.045761013250416,-1.6197205512872832,,0.09042316296119958,0.125,0,4
-0.9540832676367148,0.29715514001633597,-0.037735145123867733,-0.29199761234512711,-0.95073985350363077,-0.10407269259819404,-0.066802041887897748,-0.088275442348170127,0.99385357748404823,14.365847356756754,-10.672442328361187,-1.1429238694042863,,0.5263242398254352,0.7058823529411765,0,1
-0.77449643331047713,0.63197717932810382,0.027570266553721377,-0.6298184958345846,-0.76631800868823174,-0.12682811937722749,-0.059024885379056695,-0.11559218991176139,0.9915414809968327,-2.6526785491525522,14.443433760518358,-2.3316822352385111,0.6843031078728702,0.3228546039079261,0.45,1,3
0.81577757613692881,0.57827248513895868,-0.01038649138884557,-0.57751787869516469,0.81542234127296553,0.039490570271304815,0.031305687336246092,-0.026217137222218381,0.9991659600167917,4.0057991659459731,6.763897973826424,-1.7260143796147398,,0.07028124326180991,0.3181818181818182,0,2
0.81190937402978614,0.58241706541561278,0.039919046522043554,-0.58376675937037958,0.81050352279599347,0.04796259156354838,-0.0044202960046040088,-0.062244690118535527,0.9980511307219091,8.8498904925221229,4.1460445729296493,-1.3091834664451902,,0.5820907769915578,0.15,1,2
-0.95948145832181031,0.27697682888056202,-0.051760674260675883,-0.27378604824239056,-0.95984752012785668,-0.061105956274485888,-0.066607288823876898,-0.044458681578200425,0.9967882898127669,-4.5328102241425023,12.123701714383341,-2.6029627717217889,,0.07398970780957323,0.1666666666666667,0,1
0.078405899932690329,-0.93776250266724215,-0.33831051335572676,0.99513066615664836,0.093952378984191398,-0.029797781089135444,0.059728319333211835,-0.33432684468119106,0.94056264480105123,11.063098962712035,7.554117719825709,-1.0519416176904768,,0.3001679352930745,0.1153846153846154,0,3
-0.79028795120379025,0.61265842996434361,0.0097263752622342489,-0.60922264153607608,-0.78396065116678104,-0.11938789914377054,-0.06551890736209022,-0.10027634624268462,0.99280004389720666,11.457381188161611,-18.43310167373815,-1.5690198901805152,,0.4052861163468927,0.3333333333333333,1,4
0.88162858342416117,0.46796330626240751,0.061166860974410563,-0.47021221699717042,0.85989236912646927,0.19870979971977626,0.040391977868292017,-0.20394964454498049,0.97814775500118756,-20.233027878402883,15.529761480989404,-4.6498870986176453,,0.7913351340969519,0.4594594594594595,0,1
0.19067488864380258,-0.97098930199121036,-0.14430128987398272,0.98165059630777107,0.18894429492616829,0.025732473325551616,0.0022789491592915163,-0.14655998373865489,0.98919915970306704,-18.081635139901397,26.690684825086556,-3.810127577541075,,0.2021413576142455,0.375,0,3
-0.1757828061581185,-0.93215569576138557,-0.31652198015111876,0.984271233071776,-0.16066636236693727,-0.073460599991708952,0.017622281536260075,-0.32445659010626343,0.94573642011401515,0.15130023290680511,-5.9048260351661197,-2.2854431459631477,0.7358617131241554,0.3074316033759571,0.2727272727272727,1,1
-0.87270330767928606,-0.48127008608355037,-0.082268104431585234,0.48672129891458538,-0.87085775910998642,-0.068623178160389139,-0.038617534210939351,-0.099929313212218415,0.99424484832077553,-4.6590709953402962,-8.034883647941987,-2.8115114792068079,,0.06357391104250379,0.1764705882352941,0,2
-0.95973842066223147,-0.27097936720780458,-0.073975309748754214,0.2767173590052206,-0.95734042548967968,-0.083227477123935856,-0.048266625425257045,-0.10034685979589661,0.99378108283422295,7.7459745919307581,-9.9368761176006668,-1.6931645154349835,,0.1345200352479249,0.2307692307692308,0,4
0.98456086290177258,0.16634774037304545,-0.054482442262628064,-0.16077139112830599,0.98246855046646042,0.094382769290814558,0.069227646477314234,-0.084166362741392928,0.99404404145193581,-15.368337352560943,9.432117232239051,-4.1094307944837372,0.3096001603437465,0.2062377899197779,0.3333333333333333,1,3
-0.9951492406381397,0.08194376635120712,-0.05443535628167924,-0.075817332162247758,-0.99142879569069065,-0.10639866173550667,-0.062687486798674391,-0.10175540394242537,0.99283237093045074,9.872857498092559,2.6649548957656308,-1.2529718115666608,,0.07595730205518585,0.2,0,4
-0.78648276282310647,0.61608553041456549,-0.043399112847349493,-0.61409355378150421,-0.7875591149225728,-0.051378475127009229,-0.065832902002998475,-0.013757169628135084,0.99773582139646888,11.155990843415726,-9.9928529632908454,-1.3904697225759122,,0.0735574431188831,0.3448275862068966,0,1
-0.91395286820625854,-0.39801430653701925,-0.079213423669284924,0.40339555862262083,-0.91232285648112155,-0.070278224406081252,-0.044296478201971828,-0.096185328059862518,0.9943772949363433,-3.3021266164105483,17.768647116458457,-2.3304647998892034,,0.2029451322117764,0.3571428571428572,0,1
0.85501877086686806,-0.51386005603743745,-0.069933856425278232,0.51491718377810691,0.85723338980293851,-0.0033480228473400627,0.061670052013382062,-0.033147522021479837,0.99754601220620476,11.948101878283806,6.8890742762101986,-0.98122960287579086,,0.08818250359424185,0.2380952380952381,0,3
-0.29276615229974395,-0.91654126275860381,-0.27247035385242874,0.95613535078200951,-0.27773736478385586,-0.093097514402286752,0.0096525153492609261,-0.28777433843861761,0.957649601411523,-11.233493996956721,-4.7700154040178324,-3.4323508593932894,,0.3783141257072258,0.2295081967213115,0,1
0.58660084963149117,-0.78132304852489398,-0.21315191074766071,0.80771077443603478,0.58363982588011598,0.083473699490129824,0.059184018717499585,-0.22113083794530744,0.97344666234881738,4.1353167141643628,8.8831916628587564,-1.6545762245458022,,0.2150783788709973,0.3513513513513514,0,1
-0.019733647556195399,0.99975306485521465,0.010217263172377825,-0.99935444188937606,-0.019416863574813745,-0.030227220925710681,-0.030021369557408896,-0.01080716065961972,0.99949083169800779,-14.597287006178206,23.342204609859181,-3.5257518218128867,,0.1000651550548396,0.4,0,1
0.81796685605609731,-0.54736076382260734,-0.17699270216942878,0.57186618773964559,0.80708797344202443,0.14689474614624962,0.062444260855812853,-0.221371175523776,0.97318832552255452,-13.708414108042801,8.254902690433001,-3.8595271025019824,0.6312746581814364,0.4848392100783724,0.5016501650165016,1,4
0.9449363570684397,-0.31252504508801698,-0.097074081417020383,0.32410661988609424,0.93476919315847229,0.14546977166363034,0.045278913814668399,-0.16892202850602672,0.98458883207619829,3.105216113539075,-11.847844596949919,-2.1582534904626636,,0.3364727093913437,0.2666666666666667,0,3
-0.26800558059614377,0.96277776712387853,-0.035099571240729148,-0.9624563801007463,-0.2691873436604979,-0.034869620249911498,-0.043020055470581638,0.024436553459195844,0.99877531491439275,1.7269340843744831,5.5919627749767988,-1.9633448310773636,,0.06681178477402379,0.175,0,2
-0.68959247158894532,-0.70092762635628347,-0.18210624848806059,0.7235325213634356,-0.67759608622042866,-0.13177342094757283,-0.031030850090165114,-0.22262975216557024,0.9744090926265917,-0.40442236415204069,17.648886114246142,-2.028234775498976,,0.6953994295538358,0.4594594594594595,1,3
0.49894588067699519,-0.85504147007290676,-0.14126957425794376,0.86485624849308795,0.50169612514630679,0.01801853089582554,0.055467806860558064,-0.13116814578526426,0.9898071731066288,-16.845555583993548,16.499494788546354,-4.0783216998297567,,0.09215268970793128,0.125,0,1
0.96748707791147781,0.25229553636140201,0.017768410351578789,-0.24750306338289865,0.92996235939830885,0.27186806307179767,0.052067145978923125,-0.26742657391224722,0.96217048378921188,-23.734406912148419,13.841206762199803,-5.3235259820179142,,0.5910924932343182,0.2727272727272727,0,1
