axis_00,axis_01,axis_02,axis_10,axis_11,axis_12,axis_20,axis_21,axis_22,location_x,location_y,location_z,dbh,dbh_approximation,score,reconstructed,number_clusters
-0.36758184536645561,0.92990781697007741,0.012451461558287625,-0.92994714920558941,-0.36766177493247754,0.004808215666788772,0.0090491237912484063,-0.0098117883918544396,0.99991091711570224,1.2842774350393062,-6.2533591080330231,-0.8075204312569132,,0.07455476020300644,0.3538461538461539,0,5
-0.78427620121404185,-0.60564130285784656,-0.13457136575781312,0.62022317795338477,-0.77072032932480372,-0.14599103909100355,-0.01529868421390416,-0.197961577681421,0.9800903856396137,-3.5103508685401703,-9.3889608325334866,-0.75147180434082672,,0.5441841288041788,0.3085106382978723,0,3
0.73718890363245571,-0.6528341413442772,-0.17424151128952914,0.6756855609426895,0.71178097180091315,0.19187722875763841,-0.001242213645791516,-0.25918223719504457,0.96582763722510556,-22.991491555145267,12.378910679735247,-3.5291981187887198,,0.4527850797020425,0.35,0,3
-0.78158077948027738,0.62380360915244948,0.00073644781251899056,-0.62380301249830539,-0.78158108938320336,0.00089572127634133614,0.0011343478485588334,0.00024068016936281097,0.99999932766378119,1.5986545849006724,-4.6312358853914528,-0.89681577846956007,,0.08523192041446533,0.4690265486725664,0,5
0.7865661101444803,0.61555002846001583,0.049111269939356487,-0.6175056161904271,0.78417105035451118,0.061339854574208826,-0.00075388690370161251,-0.078574335815060209,0.99690797238549533,20.607802510806074,0.4280113410288644,-0.3375436054017224,,0.2959589219158333,0.4545454545454545,0,5
0.59709756801215441,-0.80043892387753779,-0.052650008696473925,0.80206879110675267,0.59470046528306542,0.054927324025995226,-0.012654983465889977,-0.075025900420278208,0.99710128154546207,-1.3591829779271762,-5.2560068561466657,-1.076275995337332,,0.06913416253241889,0.212962962962963,0,5
0.7912514408575454,0.61142239297480705,0.0091550374013133189,-0.61129021218095891,0.79051948997063948,0.037459477683473213,0.015666327987667251,-0.035236250446392656,0.99925620979899943,-5.538210823276577,-9.4457440691214511,-0.86402217516278257,,0.07050578671444985,0.196078431372549,0,5
-0.39173960448717932,0.89770750207825967,0.20164652982047773,-0.92000879649680434,-0.38483915913656053,-0.074044824016049837,0.011130886969645587,-0.21452287129226474,0.97665553858450638,-4.9907422687278062,0.67359899165939996,-1.6839207413389781,,0.3285174743600156,0.2834482758620689,0,2
-0.88365247403407954,0.46526585692897632,0.051826513577472345,-0.46814184347347138,-0.87792624075466574,-0.10044267112955677,-0.0012326892188376309,-0.11301857444918498,0.9935921106302944,-19.926394101664325,3.417595761117699,-2.8435076459125606,,0.08718411487003958,0.45,0,2
0.75748313094313036,-0.64887638761415711,-0.071963462488925392,0.65136921618567278,0.74372230655094751,0.15031724766040985,-0.044016480348333165,-0.16073756354797947,0.98601520532008213,-5.6264568904055032,5.4647068227600242,-2.0477101724674633,,0.2012583412138149,0.2708333333333333,0,2
-0.051845305879497816,-0.98563448438826262,-0.1607380709195724,0.9986550691557794,-0.051114180107496229,-0.0086829396752550747,0.00034221006267989162,-0.16097205899354897,0.98695890447153389,-12.747758639946293,4.296178981699363,-2.512564116321681,,0.2005719027036071,0.7251184834123223,0,5
0.55625824902490617,-0.81957625979850968,-0.13737363199111335,0.830000823645622,0.55608158471528668,0.043265504598040745,0.040931566538955501,-0.13808702153069996,0.98957393930188209,4.5148723313878838,-15.807211022047213,-0.19007095590093989,,0.1683815363960299,0.25,0,5
-0.40653954924955371,0.91131056128296239,0.065104959796496858,-0.91334729947452209,-0.40359665198936584,-0.053911529801831275,-0.022854002681561594,-0.081380608237518026,0.9964210411087896,0.31642126851768509,12.06206444874632,-1.9522768808026743,0.4916731167210924,0.3799781482185393,0.8640776699029126,1,5
0.1125332171443051,0.99336808132245624,0.023582409734697017,-0.99354012048297846,0.1121396559318479,0.017399039000929997,0.014639126675515635,-0.025388040043083711,0.9995704794525242,0.043017003851929164,-7.8750472820749371,-0.73743752065351653,,0.07042361941502147,0.2872340425531915,0,5
0.29983157217482215,-0.94049248488100834,-0.15992158769072354,0.95392402901297579,0.2935643260218509,0.062039772396329802,-0.011400666595704807,-0.1711545277510465,0.98517823383968961,11.869606235683683,24.696595543056123,-1.7894363267308495,,0.4418126222070043,0.5,0,5
-0.72010525282860016,-0.68976355799884614,-0.07533033190841322,0.69346020376864248,-0.7117242092043643,-0.11207852524715298,0.023693261443122032,-0.13294692207492531,0.99083991909540714,9.9986635404393187,-18.428456090088488,0.060382931731704101,,0.1744064833464435,0.1538461538461539,0,4
-0.46330238575824612,-0.87313839435853846,-0.15159236012316604,0.8860392620273817,-0.45965125792179906,-0.060457813695844027,-0.016891580645130726,-0.16232703221553116,0.98659242299716032,-17.702535238635708,-17.59673088278705,-1.1642567257150209,,0.1878534806076904,0.375,0,1
0.64495199353437704,-0.76382004720148611,-0.024816557560503497,0.76420848014220355,0.64439876681222474,0.027122466879482405,-0.0047249248435939492,-0.036457712819166155,0.99932402666063136,-11.431290521957562,-11.254198886086852,-1.1499909420763439,0.3796324124387482,0.3115051526936968,0.9224137931034483,1,3
-0.92207455919721037,-0.38290363645471542,-0.056243332680637463,0.38659016605379787,-0.91807621866117028,-0.087658999762167344,-0.018070716415424942,-0.10257125288579551,0.99456150503107177,-11.732655492929645,-21.021957134158502,-0.71980367711276294,0.1788838958245769,0.2038610307082388,0.76,1,3
-0.99861793387672637,0.051392305397479708,-0.011002412722248426,-0.051315753360190765,-0.99865702140652268,-0.0071307119229783895,-0.011354100442333001,-0.00655625970997288,0.99991404623685565,-5.9208550451084392,-8.3623431082181714,-0.9625145692935948,0.7433626666009643,0.3830976303538338,0.7250608272506083,1,5
0.05474201629896918,0.99842692615316286,0.012123728134163471,-0.99839853572668846,0.054558845745774957,0.014956477181939657,0.014271492925708394,-0.012923060134366154,0.99981464232448358,6.5326097411562243,-8.4569881431413769,-0.33723325451095604,0.1160772939716514,0.0968465876207973,0.6724137931034483,1,5
-0.99046495147600644,0.13517640653862073,0.026580425371643644,-0.13760337132262671,-0.96137307805194594,-0.23838438916500737,-0.0066702397467627138,-0.23976893858928394,0.9708070683660518,-12.411798970266691,-7.8571278648399492,-1.4796007535351103,,0.5597358199650799,0.1136363636363636,0,1
-0.39831111628141674,-0.91007200059968096,-0.11453038186939134,0.91715217259121973,-0.39697871652342159,-0.035210665126133578,-0.013421883543662513,-0.11906658789061553,0.99279554828284178,12.787225195349709,-11.182153881649098,-0.10101323527650434,0.3460634900146433,0.2817668953551368,0.3333333333333333,1,5
0.82877320802361454,-0.55732132202975226,-0.050278361879203072,0.55958422032472888,0.82553057998342372,0.073244534784496357,0.00068558428520528933,-0.088838085994922669,0.99604584455282286,-16.577910387145572,15.188259130477238,-3.3841008075711692,0.5481981578273739,0.5222796133534375,0.9124087591240876,1,5
-0.45313853476467869,-0.88541204471373636,-0.10349386159170225,0.89128030420015913,-0.4521918537588826,-0.033792702451548265,-0.016878615351788823,-0.10755481611693478,0.99405587059976674,-8.8573882369366839,4.7663402323044011,-2.2428768277055307,,0.7325595754246682,0.8411214953271028,0,1
-0.19978096398882927,-0.95268433023551957,-0.22908542806428001,0.97954536377072055,-0.19992427969089679,-0.022828988268494162,-0.02405091979490704,-0.22896036625096583,0.97313858414063659,-15.556998043696753,6.9400511479295295,-2.8901617718759969,0.5499611473104289,0.4718460358227702,0.5600000000000001,1,5
0.80505376264508899,-0.5924079448353532,-0.030680061064798741,0.59319744165158828,0.80416981759729678,0.037784913438338945,0.0022878961945650327,-0.048618220468106814,0.99881481475272438,-9.5287110715396857,29.224661310474108,-3.5863597117181776,,0.2213742384713128,0.8421052631578947,0,3
-0.66410035604690876,-0.74267750000686783,-0.086028181905220616,0.74762543652296487,-0.66047201169821612,-0.069519266589611245,-0.0051888112525976752,-0.11048462674444839,0.99386428826622208,12.415610627429402,6.9973714929433255,-0.71364184342249459,0.7907941932481989,0.6234644111019501,0.5789473684210527,1,5
-0.89230712581945881,-0.45021709400498366,-0.033053917733380775,0.45119080074140794,-0.88706524238921314,-0.09768376053006049,0.014657917251248037,-0.10207753920757921,0.99466844800223819,-10.962823918759016,16.063585253859987,-3.1139805364175137,,0.1628228470381204,0.5111111111111111,0,5
0.8935010948546187,-0.44897612859809205,-0.0087309474094701672,0.44898188310745463,0.89280980272751542,0.036137581476052123,-0.0084298359937426404,-0.036209005823466631,0.99930868392223715,-11.695148978598173,4.2635637428763662,-2.3922529149206455,0.239889487644271,0.2512063365985661,0.8434343434343434,1,5
0.841720866983654,-0.53730781538295824,-0.052974461891362824,0.5396566460265706,0.84028468870622042,0.05188782444122516,0.016633895624274166,-0.072263085003918884,0.99724689022432034,8.5107126615047406,5.8418997035719071,-0.83911814107456573,0.3140897426183993,0.0968004508398739,0.1578947368421053,1,5
0.74407681484305133,-0.66754567164701706,-0.027064180725714249,0.66808217319153318,0.74369460100834783,0.024177474944956732,0.0039879163355678003,-0.036070995222874637,0.99934127295280506,-13.718863573992566,2.1045173442119984,-2.4082164495234704,,0.07358144426116012,0.2781456953642384,0,3
0.31180508805264212,0.94934330355779939,0.03904969979971664,-0.95000292716119072,0.31078128760995166,0.030156751427656926,0.016493194040365197,-0.046500357648778787,0.9987821040091186,-8.3166353577608128,24.185466502910142,-3.250228284056806,,0.1574431639527956,0.2352941176470588,0,1
0.47285216798061391,0.88051525989243185,0.033222045882166318,-0.88104608048624722,0.47190898797573633,0.032553204566335807,0.012985811328322088,-0.044663006664125197,0.99891770659042056,-15.887784113500032,5.5960581271938699,-2.8218204126950166,0.4407965390975452,0.4055994591310756,0.8290598290598291,1,4
0.69324479549384199,-0.71005508965021302,-0.12342375453100282,0.72070103752310921,0.68330912316322334,0.1169557895746119,0.0012915238345799238,-0.17003062037096384,0.98543793315583783,-14.515433180474682,12.112375360618881,-2.9458166527765903,0.4032136444441509,0.2474202780224802,0.5161290322580645,1,3
0.92156197996504652,-0.38650751215438367,-0.036543947941224543,0.38823080711658065,0.9173241706859071,0.088279138424768241,-0.00059790342891685613,-0.095542184000785804,0.99542520240741728,-10.870485845649691,-25.067740022338608,-0.37272015606717962,,0.1427168175825129,0.2608695652173913,0,2
-0.94767450970475575,-0.31361432419905599,-0.05965801968739378,0.31917979672397762,-0.93438371246128815,-0.15827613607332716,-0.0061058184621212829,-0.16903589424803078,0.98559098283044211,-12.612629485733459,-17.094294925540733,-0.97196784216209819,,0.1764766486304442,0.3478260869565217,0,2
-0.30005135274011724,-0.94981502999759804,-0.088434125254275686,0.95380436329757456,-0.30018438042723938,-0.012106787436143364,-0.015047334426244558,-0.087981512479484186,0.9960084493559721,-0.90862758380892428,-3.3988838154869376,-1.0715718996942185,,0.06895198790524666,0.2378378378378379,0,5
0.94450147366962489,0.32829976244358883,0.01167185569613045,-0.32804655932352744,0.94070076211007114,0.086414877663096093,0.017390260259797542,-0.085447891401810847,0.99619086359145137,-4.1385713482222135,13.353979510798656,-2.3076062365148329,0.7115446914142978,0.6801876029978008,0.9138888888888889,1,5
0.17785915607844027,-0.97714944587264418,-0.11638333656434398,0.98384765589977252,0.17414018314894089,0.04146066320472884,-0.020246248531213436,-0.12187763143266957,0.99233861779977817,9.3877080313955954,3.2263617576327355,-0.72773169817526862,0.36194743601406,0.4598924258623158,0.4905660377358491,1,6
0.74807422132305701,-0.63888434137510575,-0.17947634311407062,0.66360477476132851,0.71867842296848405,0.20767770047238959,-0.0036962556552283124,-0.27445969231424555,0.96159150110059777,-0.25722335123727952,-15.328015140036245,-0.49415946451640297,0.6321347560922267,0.4674715323212214,0.5517241379310345,1,2
0.86610750549206172,-0.49304736021932244,-0.082231925132974962,0.49980768266993753,0.85189264937545406,0.15643271487823648,-0.0070759645578824188,-0.17658769640274039,0.98425947605534769,-1.6642075053925531,18.927825427030108,-2.456111997880992,0.2170187951324024,0.2041792165539987,0.3181818181818182,1,5
-0.65367834728198915,-0.74467348486667351,-0.13478137568377607,0.75658863174826152,-0.64699705476428004,-0.094701918859336265,-0.01668114516393817,-0.16387865041814045,0.98633945846911519,-17.708694622093617,4.0739781140595621,-2.8062253025599198,,0.2085071573015584,0.2093023255813954,0,1
0.90939406815630497,-0.41428298183170303,-0.037041055151810005,0.41558927432033832,0.9013931766129043,0.12155614433500596,-0.01697008756668731,-0.12593630183680637,0.9918931716710464,4.1371930409980102,7.0739575365073515,-1.2089150842683312,0.6383682432223415,0.3531086878976653,0.148936170212766,1,7
-0.87022892501642068,0.47973019488939628,0.11207389605143883,-0.49245564200536279,-0.85343050728958247,-0.17071558184458005,0.01374986261214233,-0.20375305970421503,0.97892575404844639,19.703284663350288,-2.067446708367235,-0.19106618254960994,0.7676827978379149,0.7054385672082286,0.8043478260869565,1,5
0.9885816021874172,0.15064798197434698,-0.0034060745173237913,-0.14587609875307031,0.96244417374776692,0.22895714933490202,0.037770089080451194,-0.22584596065911156,0.97343054319495204,-7.4151631562281164,18.013888246765045,-2.8623582214054144,,0.2930583063872395,0.3571428571428572,0,5
0.8349694689160192,0.54909715038215001,0.036308475874169265,-0.55006862837960246,0.83090775682396101,0.083766363907941108,0.015826877477421748,-0.089914509907897677,0.99582372479136005,6.3124769003125758,9.6215704618214239,-1.3798754391664454,,0.07302104148354434,0.391304347826087,0,5
0.18412299628332826,-0.96254078570133839,-0.19903255538001682,0.98287730147738206,0.17883355856039126,0.044393339288300068,-0.0071366995304898958,-0.20379841558284273,0.97898686065019969,-20.151905864413717,8.7379363882251386,-3.1644604671991567,,0.2873511133333256,0.2380952380952381,0,4
-0.071891165885330705,-0.99590867236404323,-0.05475012856365747,0.99726084393858305,-0.072729003270007433,0.013464814527374957,-0.01739164783892564,-0.053632158202336237,0.99840929592627803,-6.2769176359785295,6.3838128101761313,-2.2111738201278719,,0.1863969969393899,0.5427350427350427,0,5
0.87868299251181337,-0.4740326604960049,-0.056650114329669814,0.47740515363284519,0.87265268737020163,0.10276967699844737,0.00071969110372646227,-0.11734702385934241,0.99309070987300563,4.9341703549043991,2.9387840087086765,-0.98630489344094374,0.5573335183011316,0.418763536605378,0.7573770491803279,1,5
-0.72564699925180465,0.67080970391614014,0.15313645421255065,-0.68802812116022549,-0.70977795862706605,-0.15110444712160423,0.007330550428316005,-0.2150106755003951,0.97658418605427044,3.453638636683396,-10.327943437836931,-0.44920560668058829,,0.5129256957502073,0.3529411764705883,0,3
-0.87526402256525371,-0.47946271338671198,-0.063469656330749899,0.48362506091702823,-0.86886202552171909,-0.10576190741139771,-0.0044374830582798314,-0.12326510892441547,0.99236385548142558,12.335645637780159,-5.740203508551077,-0.17311698348263846,,0.3935667881499976,0.3666666666666666,0,4
0.94525733375645971,-0.31944706200675133,-0.066649437768703593,0.32630666282043097,0.9274931669853943,0.18242912868946506,0.0035404489295897132,-0.19419062740168133,0.98095742285316256,-26.785079600563833,21.804600253847614,-4.4108537402802188,,0.1772423215101314,0.7142857142857143,0,1
0.15527828743046398,0.98392834395374762,0.088168403734559281,-0.98778045857523333,0.1534376650340693,0.027324871560475684,0.013357361624435807,-0.091333985532937145,0.99573072864962076,0.67442412369867411,-14.091701933185721,-0.42874043755802027,,0.1160965309448788,0.375,0,5
-0.87354662007809558,-0.48059035052393317,-0.077131170958441922,0.48546867338861921,-0.87170330650057348,-0.066734643134310365,-0.035163471222726957,-0.095740589194200199,0.99478503701670018,-9.5506873260424499,13.589973540739178,-2.6928934307730414,0.3926725723487925,0.3666956347786615,0.8653846153846154,1,5
0.29550908137527299,0.92000010360500917,0.25743774430241473,-0.95514882412331814,0.2791309958293875,0.098876746220422904,0.01910776283571099,-0.27511033520038397,0.96122276131256212,-8.6862046172963758,20.187523030648546,-3.0839904838999797,,0.2988770239891255,0.3,0,4
-0.86721905457602644,-0.49205880310666417,-0.076218407655235063,0.49760784695209043,-0.86192808760428197,-0.097295439001681153,-0.017819709087615633,-0.12230333635703564,0.99233278283243753,-11.087654524178959,-15.158779605143163,-1.0664333601640583,,0.1075700189218231,0.3,0,5
-0.4807404665075159,-0.87058975230223457,-0.10469998590481598,0.87683380380460296,-0.47825859265002724,-0.049307190773409143,-0.0071473329071736914,-0.11550844879379192,0.99328078300627765,8.0394223421910791,-24.198938562387209,0.18487644188370711,,0.2516862088639641,0.1666666666666667,0,4
0.91264688474257316,0.4043435019834703,0.059849780061579386,-0.40853037680436993,0.89754070906583605,0.16590240142226734,0.013363943944642753,-0.17586076302955986,0.98432433528228114,0.96038155044676776,12.774140007577955,-1.9283014149569466,,0.1003909650292016,0.375,0,5
-0.68229406247580959,0.71247616586097962,0.16386740185373536,-0.73106321440858357,-0.6663382877266194,-0.14676465122142293,0.0046248079792644897,-0.21993407964568479,0.97550377332000082,-22.540986226127139,21.330395748147808,-4.1068480295112408,,0.4611013307294773,0.2631578947368421,0,1
-0.99989074585272997,0.014150655105728332,-0.0042726242698296803,-0.013409495938442307,-0.98997471081411859,-0.14060674723205915,-0.0062194675615612162,-0.14053409162399702,0.99005630512343556,5.3437996487603652,18.64522217026472,-1.9568783597231305,,0.4561733377284616,0.2727272727272727,1,5
0.99327807786685729,-0.11413785557856951,-0.019266809622966185,0.11552491581150882,0.98792999749539578,0.10319066757944456,0.0072562976693224274,-0.104722824506758,0.99447497513585581,-2.7376735555006215,-5.8202516607410359,-1.1228202828429055,,0.0683263644409659,0.2307692307692308,0,2
-0.91549476118104567,0.40232184644391428,0.0025444299992461762,-0.40232018019075855,-0.91541041093002595,-0.012737824468791768,-0.0027955073487701491,-0.012685087105802073,0.99991563329302047,9.4313247802690192,-16.596772778994819,0.011063444670789423,0.2079255199440643,0.2896082008357161,0.74,1,5
-0.83446863342609812,-0.54992059046152542,-0.035347475361447354,0.55085018767181104,-0.83419053473656368,-0.026272085906092202,-0.015038968379219135,-0.041394395059887797,0.99902969599893021,-20.435606832268363,4.3903649391481219,-2.9927904990755994,,0.07406399282882266,0.3513513513513514,0,2
0.29893961136887404,-0.93719922143193024,-0.17970177545592544,0.95417724124625336,0.2909079736106735,0.070130900303801438,-0.013449945810919487,-0.19243224843335607,0.98121808417933631,-3.003635750076064,11.737111389544946,-2.161723991385156,0.6121481157103014,0.3094893660963167,0.2586206896551724,1,5
-0.25138688809506621,0.96539672315445735,0.069381549539588958,-0.96788512736381116,-0.25061122271477415,-0.019808969618447369,-0.0017357193947532146,-0.072133085141574835,0.99739350574692431,-0.53287289348742584,-13.007754636223417,-0.49152945283099669,,0.07554673165399606,0.3928571428571428,0,5
0.96694248069775168,0.25483094118131411,0.0091340264245702001,-0.25480950745165493,0.96425604460215708,0.072680089160983549,0.0097135953345876113,-0.072604902484950301,0.99731347840126328,-6.730962005145062,15.101523493533961,-2.7122253096030375,,0.09205149746316514,0.3235294117647059,0,5
-0.9153180905695073,0.40258955820921211,0.010697695878261309,-0.4027214818211704,-0.91478309875536767,-0.031421176160174154,-0.0028637660436799314,-0.033068562902544306,0.99944898268576376,2.6023643729401189,-8.0921299377059288,-0.56537284590375059,,0.1183680788897402,0.4757281553398058,0,5
-0.32223056294230112,0.9338832538351759,0.15501462031728838,-0.94662566291080896,-0.31928840274758624,-0.044212783101353785,0.0082047927798293875,-0.16098752770671546,0.98692233600132884,-7.2063526946433267,4.0654089731096237,-2.0525773913336343,0.2322802631585578,0.1721981580246874,0.3556701030927835,1,5
-0.99838830483079732,-0.056690100686606897,-0.0026505209358009358,0.056748368322336928,-0.99670408929906007,-0.05797051894959631,0.00064456950062189431,-0.05802750088255991,0.99831477684720493,-1.4867177477369073,-23.800448966134866,-0.095592955288541434,0.3231032840208664,0.2472222102116105,0.3333333333333333,1,5
0.0069976182163648051,-0.98350530583996543,-0.18074387050169877,0.99993209365708424,0.0085664761385105658,-0.0079008582526762326,0.0093188740660314195,-0.18067630965681464,0.98349846452088385,-11.569084501024445,21.798349845141523,-3.445003343552731,,0.3621263758203982,0.125,0,4
-0.076846470149995433,-0.99587122537399075,-0.048323105214728317,0.99696993590396787,-0.077337028265612423,0.0083624734787988222,-0.012065112064362483,-0.047534056540039699,0.99879674936381502,-15.355971133061566,-13.894591219410795,-1.3206004546957149,0.3302542635182086,0.3443758441209547,0.9090909090909091,1,2
0.13253219141901804,0.97988083169272677,0.14922725595159519,-0.9909341605454024,0.12764507074315318,0.041907342783263989,0.022016078257748938,-0.15342845758250173,0.98791447033738844,-4.0028349791736799,-14.208581693050409,-0.68640023388207017,0.2511228309916578,0.210659566009001,0.1666666666666667,1,4
0.73750764104367561,0.65735908540652654,0.1547950652820935,-0.67468211938195788,0.70706928619230525,0.21179485902583448,0.029774438507925681,-0.26063778957971234,0.96497742225118344,-9.3966537058370552,-18.883608462831251,-0.63965557758574265,,0.4721219420777208,0.3720930232558139,0,2
-0.48130313409859221,-0.87479881729343134,-0.055446572201422697,0.87655363707075817,-0.48041163608234827,-0.029298144219517486,-0.0010071965543172676,-0.06270318316238975,0.99803171110762068,11.463218963601875,-15.357256886504572,0.040089132996354936,,0.2177209198365577,0.2857142857142857,0,5
-0.3683675213135274,-0.91428354972100112,-0.16849617191762506,0.92953040233183803,-0.36546246083822431,-0.049096037099556393,-0.016691326554219375,-0.17470769996664515,0.98447885664966162,-16.630759916604326,-21.3069024479225,-0.90909286460350425,,0.3605881840341734,0.3571428571428572,0,1
-0.6576711547802967,-0.74603868147703434,-0.10437881925926999,0.75303883571102426,-0.65478101793431209,-0.064763650791867772,-0.020029080880962277,-0.12119448953196763,0.99242668828793057,-4.569269713882389,23.52792715859518,-2.9916619627481524,,0.1349481002992027,0.2222222222222222,0,2
0.90559366399328711,-0.41368013445483698,-0.093642202519180109,0.42391946215632748,0.88999504641538063,0.16793185213406159,0.013871025207427759,-0.19177477340232821,0.9813409351220308,-8.9360289086847651,17.732568042613327,-2.9776163207063941,0.4251921203718604,0.311642694858104,0.3793103448275862,1,5
0.86584986526644303,0.49379784719664427,0.080421992775873558,-0.50006656068530153,0.84923374945055019,0.16951540838087314,0.015409273261794972,-0.18699124283805421,0.98224071866290652,-2.6244692099191469,-14.910546904245157,-0.60460844188220819,,0.08430268702220747,0.28,0,2
-0.92695831239936777,0.37392213523762396,0.030504489063954466,-0.37515886345294319,-0.92343593724843243,-0.080758262554400079,-0.0020283605233645725,-0.086303572217177604,0.99626682127637967,-17.599667115953405,10.247325116950677,-3.0868988041068945,,0.1260195274533122,0.2727272727272727,0,5
-0.34205655565938398,0.93903367858128661,0.034829057129588871,-0.93967429391241175,-0.34194146346711407,-0.0093945155372142531,0.0030877322826719906,-0.03594142529262951,0.99934912811153487,-22.763411654562606,10.73991264029701,-3.4498136938822981,0.2202366009266136,0.3021433296346613,0.3636363636363636,1,4
0.25149632827833984,0.9650627101187651,0.073508927354020218,-0.96784808741113681,0.25111536725303035,0.014531070985324367,-0.0044358265428558049,-0.074799985745993641,0.99718869105865859,-15.690643246079574,16.858805689823573,-3.5071685371301209,,0.1373243854650744,0.5454545454545454,0,4
0.20545495653903376,-0.97627824490364223,-0.06833044242069293,0.97849535990303649,0.20361176112150095,0.033001233025867771,-0.018305504138661707,-0.073641287745833811,0.99711677814454824,12.200134109977016,-13.087514354348333,-0.035239740199084719,0.2970528070022129,0.1934741269921403,0.1724137931034483,1,5
0.99905872755786995,0.043323374809714287,0.0021780921809399297,-0.043153492484795879,0.98752916001476232,0.15140651969748295,0.0044085118596101187,-0.1513579971974941,0.98846918095990643,-12.341034761014573,10.596727923975937,-2.7282751544110107,0.6357343131350602,0.5864128394681559,0.7435897435897436,1,5
0.88785628977690789,0.45421582462188442,0.073479203633721749,-0.45991336511887732,0.87127113155103064,0.17136601737455806,0.013816847998531712,-0.18594246418946028,0.98246348264072225,5.2777004200695234,-12.803547911009444,-0.25681454044371793,0.4120732322944234,0.2035188311353048,0.2,1,3
-0.0060939177069310214,-0.97151206742698848,-0.23691172830976848,0.99970989014476475,-0.011439622888233797,0.021196003748788533,-0.023302354252839177,-0.2367138311800038,0.97129993432222628,9.0844699729779652,-5.1233489120996536,-0.2685692446179872,,0.2508785518952557,0.5161290322580645,0,2
0.29542621780975659,-0.94980659055320371,-0.10291156578500997,0.95529762313974032,0.29240175277939934,0.043676838199426658,-0.011393026559531977,-0.11121445730315427,0.99373112230249661,-4.3005746263533835,-2.73239550875173,-1.3326058404519978,0.6289092605896593,0.5873276238247339,0.9927316777710479,1,5
0.1097725738633797,-0.98989784946535198,-0.089734216725168556,0.99385190909063159,0.10800168337806224,0.02437250878367812,-0.014434847568108311,-0.091857955623753484,0.99566749026183854,10.497097716591711,7.7303106100542998,-0.84799373482950258,0.8183762352572395,0.2408997000953958,0.3,1,5
0.99833102857955391,0.056135692992989962,0.013562497833604052,-0.057717473923324852,0.96187046268328091,0.26734604209032325,0.0019622892753236349,-0.26768264230175126,0.96350513876738186,-21.802801472381923,17.065760809947179,-3.8381693065758324,,0.3523191565524305,0.3076923076923077,0,5
-0.5919320615710274,0.77657815534449759,0.21573781107170725,-0.80596164762866485,-0.57247332231027859,-0.15066558264819649,0.0065005412053270603,-0.26306019061190161,0.96475752346341836,11.130925798324848,8.2760035697384051,-0.91950505502652802,,0.2584803628666246,0.3076923076923077,0,1
0.63543596020151938,-0.76920721256089042,-0.067389944554649514,0.77210666934929617,0.63201088235737635,0.066434446849414019,-0.0085106773590636689,-0.094247062161938358,0.99551246081841371,-8.0094180540939313,1.1241329667381199,-1.9735995937307669,0.4520687885563723,0.3585537157936647,0.8527815468113975,1,5
-0.62277162294971466,0.78118511045156502,0.043650072821894238,-0.78221704887760357,-0.62287182370466787,-0.01292979814365108,0.017087834672450293,-0.042196142520368338,0.99896320826275142,-9.8408923512264295,-15.779469228946541,-0.95782993096734259,0.256599003479668,0.2038622276241913,0.6666666666666666,1,5
0.079696177680234695,0.99374405689755541,0.078238536821369525,-0.99681131947658796,0.079761803585119334,0.0022908627616864347,-0.0039639155521393804,-0.078171632128523322,0.99693203544868514,13.637691911208382,-7.0774825531499488,-0.14938715336263195,,0.1414130132043779,0.25,0,3
0.65483894491025441,-0.74672876162949287,-0.1165423218582373,0.75571214529031061,0.64507592811145453,0.11303185582773496,-0.0092254912899616143,-0.16209010928008427,0.98673283455250882,2.0930539470100404,-17.348073451147016,-0.25080821414139748,,0.1069272472810941,0.1904761904761905,0,5
0.88176208545732981,0.46731597183058327,0.064120255161513248,-0.47146704743419393,0.86893592818858689,0.15056286357107351,0.014644037476853227,-0.16299121195658303,0.98651883762617487,7.3261393790333766,-14.18167537947344,-0.11116375420922164,0.1192785382099879,0.1793067588550133,0.32,1,5
0.87876081792455685,-0.476338348069476,-0.029685064241232611,0.47726238107339103,0.87703177844127067,0.055098813202269156,-0.00021093297672592455,-0.062586242598385688,0.99803953716508365,0.95134025712640635,2.5750284107675676,-1.2659184869577116,0.1854314293464982,0.1461166421973202,0.7,1,5
0.1728164728565548,-0.98479415318676644,-0.017746621046805331,0.98487139749611385,0.17254051751506505,0.016065497492590532,-0.012759196819180276,-0.020254522082556438,0.99971343755685094,-14.41438822133412,-15.21635258426609,-1.2483006035973516,,0.07662827411940634,0.1851851851851852,0,1
-0.61475272141417436,-0.7760208943230601,-0.1409633395174256,0.78585334898968029,-0.6178801829253231,-0.025663075222451821,-0.067183371421584329,-0.12655295777739714,0.98968214265097332,-7.9054743253373303,-14.857514927786054,-0.88919011283092364,0.4136156101513227,0.2956147765671686,0.24,1,5
-0.46256627007512191,0.88628003056129179,0.023241196549778367,-0.88654103665387407,-0.46264471931662376,-0.0022031834052531436,0.0087997793986148102,-0.021623392812376283,0.99972745924367667,-8.3849987662572598,34.6443859697834,-3.5498851138793563,,0.1872507509371587,0.6470588235294118,0,1
-0.26095154098185219,-0.96445659509575732,-0.041566446029172498,0.96518485072913784,-0.26146541296541997,0.0073513091211364588,-0.017958206540990077,-0.038200968562613111,0.99910869719901318,-14.177928043988196,14.786498150401034,-3.1475370185585132,,0.07957376341394497,0.3478260869565217,0,4
0.93470460083262852,-0.34859615502604091,-0.069339958778300195,0.35530348224472214,0.91131757618992804,0.20798968924465552,-0.0093136827887979647,-0.2190456482753638,0.97567015906223864,2.3788006481561799,-18.759809577459542,-0.1589397957664061,,0.6304237745438456,0.375,0,2
-0.90823877946256171,-0.41775796056742626,-0.024095764418281488,0.41830320919762382,-0.90794566616859507,-0.025633814788968444,-0.011168914688795531,-0.03336096024113909,0.99938095923249559,7.0693769633257828,2.7717143697424365,-0.84391328595519666,0.2260487566030116,0.1400844433213274,0.5454545454545454,1,5
-0.18987548291511391,0.95771831390693429,0.21615488010917391,-0.98176194765284308,-0.18734444315284282,-0.032334776335200419,0.0095278081765167097,-0.21835221736224761,0.97582351377917764,3.9683467378747594,-8.9393341754195426,-0.45454196873816738,,0.1002400851811089,0.3333333333333333,0,5
-0.84996773325159913,0.51713620282731732,0.10062305976505641,-0.52683157849620199,-0.83365299645739988,-0.16574428918306186,-0.0018276570625901046,-0.19388870318546683,0.98102182975034691,0.53074876946314975,14.418867466980791,-2.0817937820757133,,0.1370045424831735,0.45,0,4
-0.93392174259074168,-0.34586881357657351,-0.090360071444230111,0.3572283139541067,-0.9124004683809841,-0.19978317498645243,-0.01334580180352947,-0.21886102689445361,0.97566476849424377,-10.969656141000813,6.9746799136748274,-2.5721673726120162,,0.1580821820384563,0.1777777777777778,0,1
0.72651991847243858,-0.67333445767606015,-0.13707485607830666,0.68714535254317122,0.71183933684013401,0.14531353345549211,-0.0002693345940071599,-0.19976352678375844,0.97984410026584945,-2.0296208392368222,-14.233007037927289,-0.5727987581113031,,0.08020522230286689,0.2,0,5
0.86874555321918712,0.49509634526881213,0.012679616057024582,-0.49508946314455871,0.8674948447870835,0.048364426504060656,0.01294554923983416,-0.048293924765950312,0.9987492726333167,10.255647525511758,-7.7632797470074744,-0.19841079010813734,0.1874750131448918,0.1186877172760145,0.7647058823529411,1,5
0.25983288941616212,0.96365186312115936,0.062144640000294307,-0.96512079490502733,0.25701368952461495,0.049857944590929681,0.032073677985786322,-0.072931818159582967,0.99682106171589313,-2.0222187849529032,-13.030531697717093,-0.58393473781531358,0.3960079376415248,0.3649722403486803,0.65,1,5
0.92300333873832074,0.38271611019322815,0.039915105868311214,-0.38408887945092091,0.91007895238724101,0.15566641610790205,0.023250147527478275,-0.15901157008314684,0.98700291348082825,1.2960203630636484,-29.978539167817676,0.23421023234271002,,0.2630116437643309,0.4,0,5
-0.98524239632757005,-0.17048636567465114,-0.015225623066288258,0.17080502397788397,-0.98503866164376574,-0.02290150324702327,-0.011093433310837814,-0.025164144851516416,0.99962177925016726,-5.6321431217178199,-10.654569779135553,-0.82071879188486607,0.955142018048928,0.9287827033571527,0.4245614035087719,1,1
-0.1937273959763596,0.93566364365335064,0.29496311971762673,-0.98101581987341302,-0.18745717676588405,-0.04967663471955313,0.0088123326261901579,-0.29898721180729504,0.9542164272162712,-10.524574111069928,-6.9905868584877613,-1.4486695292815539,,0.5568907096290237,0.2546125461254612,0,2
0.87650401309323223,-0.47505228115642006,-0.077884820084149833,0.48138380814785442,0.86601789142819718,0.13521331657543476,0.0032162531816544472,-0.15600750589103277,0.98775063341975644,-12.454090511262896,19.544334503612998,-3.310162046591989,,0.2927674104218211,0.4074074074074074,0,2
0.89283918855167577,-0.44687314216067614,-0.056058703176510863,0.45037559719117348,0.88587655763149742,0.11128587553532858,-6.9577883280879551e-05,-0.12460786273110917,0.99220606514196708,-12.681628945366734,15.332401537318491,-3.1406978365734597,,0.1005105446930896,0.44,0,5
0.80857558863234125,0.58276695056365768,0.081167720176184455,-0.58491578834642588,0.78113966716123784,0.2183903407440691,0.063867346985318096,-0.22406137935388815,0.97248005649015268,2.4968615161383236,29.556949632813154,-2.5442513653807759,,0.2254258406895813,0.2941176470588235,0,4
-0.50300242671432027,-0.86284639857171619,-0.049846275601325221,0.86415132325871713,-0.50310182356246991,-0.011447516688096418,-0.01520030360591057,-0.048832853694369099,0.99869129523108924,3.9827867165812281,-17.072777203080239,-0.17438210774293492,0.5017008756838346,0.08115891353284108,0.5789473684210527,1,5
0.92196857263998289,0.38690949839704075,0.016582856036970132,-0.38703036549399311,0.91907611948872681,0.07420635263324471,0.013470235698703927,-0.074833993851014677,0.99710502261021983,-7.4241629080822031,2.7339467925482248,-1.9539612443337706,0.4455939004961414,0.3451419790983793,0.8927038626609443,1,5
-0.99120836249396371,-0.13231007878190404,-0.00015866556690540817,0.13166962979071323,-0.98629112730715107,-0.099463162959793974,0.013003488486259724,-0.098609610322302574,0.99504123233123953,0.0046978257718235435,3.8421871508349605,-1.42270558642996,0.7281679183772199,0.5101425556856063,0.5135135135135135,1,5
-0.71685911783976797,0.69681219354258961,0.023785964356230475,-0.69720259630836035,-0.71665307442480974,-0.017801983551019362,0.0046416452764566083,-0.029345150329043779,0.99955856120654307,11.416284444422347,6.2202355573028463,-0.72429246387946022,,0.08555551669361833,0.3571428571428572,0,3
0.66048295148553304,-0.73633569774390828,-0.14687413327386969,0.75083571758408052,0.64698193154364736,0.13289132949914073,-0.0028277193915380939,-0.19805080278565476,0.98018767770208126,12.504727400249772,-15.66838778323365,0.075361745120514523,,0.3910396761748904,0.1875,0,5
0.24469211460566301,-0.96716145011058141,-0.068734987232174721,0.96957513007402019,0.24355389802548322,0.024608248587410252,-0.0070594753173533909,-0.072665178569867137,0.99733140712185198,-2.4397911055016115,16.84044013545482,-2.4956430941762764,,0.08902575545504607,0.5172413793103449,0,5
-0.061568913596829748,-0.97295507373200818,-0.22263803219047673,0.99806646779994079,-0.061919614207749128,-0.0054117677067806354,-0.008520254213035509,-0.22254075104462348,0.97488615714484239,18.144237439660003,3.5371837145427798,-0.46992925223234977,0.7248552387219546,0.5851283700186943,0.6129032258064516,1,5
0.90684837245368055,0.41559799390252888,0.070030970593767006,-0.42071740824085269,0.88283228856143359,0.20881573857466323,0.024957800007431148,-0.21882746111394755,0.97544433489626325,-11.607798360856352,18.61454959283871,-3.2223692602466851,0.3657331340938357,0.4670979008843684,0.15625,1,5
-0.99516557771826153,-0.09710349034687045,-0.014710033553087714,0.097409590414711145,-0.99500650430252602,-0.02175840276546671,-0.012523762210930867,-0.023086111801715232,0.99965503391017896,-4.7353642705709005,20.086098376120002,-2.7779703948816477,0.2034642011169522,0.1784001092069834,0.3684210526315789,1,5
-0.19293803757799607,-0.97261658200248768,-0.12958355632312998,0.98021960887440041,-0.19698989598473302,0.019091863660771011,-0.044095714459221787,-0.12333679618719647,0.99138468954922232,-5.7736119609311407,-14.560081739799195,-0.7885854974140607,0.4446593015412853,0.4007064224023303,0.2878787878787879,1,3
-0.643304209291503,0.76514857245675494,0.026596172191226619,-0.76560432405061674,-0.6430520191549367,-0.018278940225248289,0.0031166172099895738,-0.032121063621087818,0.99947912632981839,6.3606675874997665,-11.078151037456733,-0.31327369276566902,,0.08706254654688457,0.3469387755102041,0,5
-0.99937270393714472,-0.029762072753086559,-0.019194208782922603,0.032070976172836073,-0.99045666685305145,-0.13404120103037953,-0.015021688077037817,-0.13457269452524617,0.99078985601162295,-7.1002520418405011,-10.949836394678039,-0.95648053291325419,0.4434457493791465,0.1943020331223845,0.1666666666666667,1,3
0.99446638632112405,-0.10066463591914762,-0.030053910771651367,0.10488874425869205,0.96749433423482656,0.23011532880567628,0.005912512599533357,-0.2319942764353794,0.9726991816054873,0.69809545840376941,10.414214437615325,-1.8605092412657986,,0.09707037416650713,0.3448275862068966,0,4
-0.083120923818289602,-0.98822637726811435,-0.12845053248286573,0.99640460208926274,-0.084536915651729869,0.0056016807681997021,-0.016394540522094266,-0.1275230848263558,0.99170009674167015,5.3509467346890487,-19.586298118406354,-0.03618435379960664,0.1113095167242815,0.09315175271372583,0.1578947368421053,1,4
-0.74369381451881522,0.66592874183998496,0.058808341567060982,-0.66850471663522126,-0.74019103342680248,-0.072240417157044809,-0.0045775629887472745,-0.093038405113028494,0.9956519979847912,21.530751821156532,-0.51243797281409276,-0.27490265450050205,,0.1684083103988089,0.5,0,5
-0.94719997145218815,-0.31605909480656064,-0.054026499711090449,0.32064094200114135,-0.9329855044369092,-0.16348527402560595,0.0012650666368232623,-0.17217635465029549,0.98506532905474886,-10.040612515956933,2.4077175388368603,-2.1734554099629979,,0.5166864735901916,0.3791946308724832,0,3
0.95600936865663011,0.27516008262437103,0.10165144352591102,-0.292732164274558,0.91715165933086973,0.27044539889923458,-0.018814011796673032,-0.28830498212272054,0.9573537853078834,6.1570292626222951,13.62575287607755,-1.5715380546900424,,0.5322315928332549,0.2941176470588235,0,3
0.88441920128420715,-0.44694259619948784,-0.13433164966703739,0.46669306735660759,0.84667670354694069,0.25560935145680286,-0.00050722883086101419,-0.2887574680823824,0.95740214504959475,-9.1945616923054097,6.1033302818998152,-2.3983001947025913,0.9759408718776565,0.3518586388847038,0.4272727272727272,1,3
-0.80499714220684548,-0.59011429927844083,-0.061194075088416719,0.59320372786190789,-0.80224193138562527,-0.067210272856144115,-0.0094307099174721198,-0.090404631041648628,0.995860464320517,21.616858046919457,0.85678488096492744,-0.31357009005367054,,0.1454502471724177,0.2307692307692308,0,4
0.96776651569316197,-0.24552532003219876,-0.05608287016731954,0.25180303497256307,0.94755298939964772,0.19682114687806757,0.0048169162048140191,-0.20459875244702264,0.97883407573265357,6.8413518407758476,13.765559739665369,-1.5635692683659999,,0.4071993268786324,0.2173913043478261,0,1
-0.98133788605871553,0.18931603634172794,0.033695574927114939,-0.19228883083476486,-0.96703366966883519,-0.16694576144072806,0.00097924563335883923,-0.17030948332574686,0.9853901364268397,29.956220019457998,1.4488554689666895,-0.085299633838032463,,0.4774416721792644,0.1612903225806452,0,4
