axis_00,axis_01,axis_02,axis_10,axis_11,axis_12,axis_20,axis_21,axis_22,location_x,location_y,location_z,dbh,dbh_approximation,score,reconstructed,number_clusters
0.68468678897371271,-0.72850068075122099,-0.022153084432475059,0.72626660860700609,0.67940578366342075,0.10461641528540616,-0.06116219606376324,-0.087718522956663589,0.9942658832037623,9.1266599299098257,-14.934149998915947,-0.051474705380787536,,0.0941161882944041,0.4285714285714285,0,5
-0.02925245248896241,0.99404035934575075,0.10501456096728386,-0.99868241348211817,-0.033496212802498725,0.038877252081656377,0.042163147711146161,-0.10373894022815207,0.99371047154361203,-26.918346723903465,13.099893190378506,-0.34811346518310488,0.3758915450148796,0.3617871033665609,0.8552631578947368,1,5
-0.99578922073958964,-0.085896875115973367,0.03202428303885578,0.084714181107113956,-0.99573204939550852,-0.036622306398859189,0.03503334665990343,-0.033755187037427387,0.99881592496809746,4.7522896116856677,-3.2592135810146901,-0.9849111412571786,0.2896184115658724,0.2818852509073304,0.4051282051282051,1,5
0.099646440800536848,-0.99337085294443972,-0.057314355585851434,0.99372703497954096,0.096412646691832624,0.056667287817976281,-0.050765803318322394,-0.062601518178972221,0.99674664942257685,-20.945857893559893,3.9937842421991996,-0.098209054620929118,,0.08428557403763741,0.3684210526315789,0,2
0.44722398713476413,0.89101723811027389,0.077967856977237959,-0.89416508788171789,0.4433044204554335,0.062848917398399248,0.02143597314709584,-0.097823679112016809,0.9949728774495441,-10.107123121345101,9.1220836357542971,-0.984196258753399,0.2324941519692397,0.182961115479936,0.8186274509803921,1,5
0.98155418805028083,-0.18961044335208727,0.024479699605586429,0.18169107739309287,0.96498399132118473,0.18919368089228888,-0.059495615945142619,-0.18125610683687621,0.98163460382040735,-1.7283272196117423,10.376284070863276,-1.6347584466005616,0.7665660741872776,0.713540367316525,0.4316770186335404,1,5
-0.17568718767522576,0.95906951371671068,0.22208034569939247,-0.979906426527825,-0.19200856515752682,0.054000982913417747,0.094432024950423868,-0.20813067713659952,0.97353182480000244,-12.527924756351396,-12.982109435166912,0.74481737423581595,,0.2294417808248614,0.2222222222222222,0,2
-0.26757586848888321,-0.96344437010548267,-0.013345422978298487,0.96293761284254475,-0.26787220279493601,0.031553712030278153,-0.033975114061928088,-0.0044077978445469998,0.99941295916284811,-28.978702527361715,9.6505225268761503,-0.026878266129737979,,0.09284757221043106,0.3571428571428572,0,1
-0.12284882417829056,-0.96504675732986345,-0.2315014526199041,0.99019126703435756,-0.13483420547624744,0.036619553826893886,-0.066553896106112287,-0.2247320475604298,0.97214509498962764,13.843965114881973,9.9324181585948903,-1.6576230182698415,,0.3261381752223311,0.2352941176470588,0,4
0.64748481504646371,-0.76039449724595243,-0.05063223125956328,0.76017101115760921,0.63973951231163717,0.11346096325558822,-0.05388365317853145,-0.11195340524228631,0.99225147365715305,-0.39005813691573632,-15.1061039483745,0.2686008333129361,,0.1710860905281122,0.1176470588235294,0,5
0.56218985674734767,0.79722669333651441,0.21993672817909538,-0.82669603601015651,0.54904652579133995,0.12296981971831203,-0.022720673746429436,-0.25095320669038634,0.96773253486504318,16.028140210865278,0.56491172217219621,-1.2952698137565699,,0.4469536591609417,0.2448979591836735,0,4
-0.9773567117023384,0.18133719660094397,0.10904439104925115,-0.20552771020061644,-0.9361075592620286,-0.28541373098044509,0.050321152908918837,-0.30136266958831709,0.95218082471162957,-4.0864492313058829,-13.436703787503703,0.32414975011858438,,0.4545221218780162,0.1176470588235294,0,1
0.27127220756108367,-0.96181117415284167,-0.036478139750653976,0.96089441424644406,0.26843438691725785,0.068006651074276073,-0.055617569840103236,-0.053499955094259789,0.99701777352763021,-1.7148832152705897,-11.008343238968092,-0.0087251213772742541,,0.07081722815346336,0.1071428571428571,0,5
-0.99583452300149178,0.081315377323488244,0.04124817825225309,-0.082797547220911122,-0.99593053553505528,-0.035594024260516187,0.038185978743406589,-0.038861006157792186,0.99851472359090021,4.0545823155212624,13.488137905449705,-1.6741317283733095,0.4236632647129299,0.3859941905606213,0.8153846153846154,1,5
-0.52452046114634432,0.78928470739333945,0.31923022493779835,-0.84915855694378239,-0.51215175222897624,-0.12895862847418282,0.061709245725251959,-0.33871851641709838,0.93886193640397453,5.4181185402924958,8.6761802273302298,-1.6046359747585839,,0.1391750262556281,0.3488372093023256,0,2
0.19023951989087814,-0.98089484324088838,-0.040672245759497301,0.98031724559666467,0.18757336621050386,0.061598135314537533,-0.052792263234834512,-0.051590103623591989,0.99727199807808242,2.5726406890408682,2.8931854962985932,-1.3288596204264898,0.1363024351098482,0.1280650179837459,0.3125,1,5
0.97974506403329187,0.19015245392832328,0.062782591276856453,-0.19784951055315692,0.96758812705004515,0.15693561598840658,-0.030905997415973548,-0.16617840009105059,0.98561126143470068,-23.619170046253174,31.186902020865887,-1.1501776388573937,0.855572968787768,0.5240758916032391,0.9393939393939394,1,4
0.83819985599946112,-0.54502729573202624,0.019137615042598248,0.54182418079246886,0.83623891556772612,0.084445445103240799,-0.06202869103128153,-0.060412937332569333,0.99624430662955277,8.8597004939183233,10.97350126324176,-1.632060431256467,0.1408404561021273,0.1420424993807752,0.5454545454545454,1,5
0.63411994948159889,-0.76580090861347339,-0.10696194667373003,0.77200148837621385,0.61921251572357405,0.14349063494247064,-0.043653082529937,-0.17356505621253873,0.98385445043846498,-6.9831893794922912,-26.894272585146176,1.6033837561913409,,0.2727932940922028,0.3157894736842105,0,3
-0.98459662974132534,0.14825050384563174,0.092689076009740343,-0.1678759107822623,-0.94973773101074954,-0.26422702525210767,0.048858523115716285,-0.27571730160450286,0.95999625744837247,9.4567744470042072,-2.5210227025030179,-1.0860569659790895,,0.276339499965746,0.6363636363636364,0,1
0.66579929225812917,0.72740446835561479,0.16611454435075684,-0.74607038583424512,0.64620124300580017,0.16063291356038625,0.0095016740480049541,-0.23088242235831552,0.97293526261321295,21.391137355039628,25.159353884976284,-2.2675941574389649,0.6782939257490076,0.7152080819929226,0.7037037037037037,1,5
0.21945173261307771,-0.97561821256100711,-0.0031686546648033325,0.97410689965254493,0.21892845816882828,0.056445356346885855,-0.054375408986282979,-0.015473639619887819,0.99840066174581898,1.4565239201574096,0.89373962707643073,-1.2070986525848593,0.1534683929136101,0.131302766426059,0.451063829787234,1,5
-0.88794986620407135,0.4565225968695476,0.05596564710299342,-0.45615538736908862,-0.88967723896934015,0.019916652179725051,0.058883764165759238,-0.0078440427954078237,0.99823402732540412,11.971821081020238,9.5271724395649198,-1.6429630006511804,0.1216802700426622,0.129364828403051,0.5777777777777777,1,5
-0.4808570265740667,0.8195110509747231,0.31173411318726718,-0.87429329485612917,-0.47501451951006035,-0.099862109051628248,0.066240128049092156,-0.32056644176353072,0.94490708635881704,-9.3555455520008479,-4.5927026246063871,-0.12721066743137424,,0.4297496051919809,0.2068965517241379,0,3
0.85493519733637824,0.5071746699145977,0.108902077815013,-0.51861179094470122,0.8402564567836549,0.15814833899382952,-0.011296842414483303,-0.19168448301935317,0.98139158357969736,-10.861270415086487,-20.837618776220896,1.3303148818312567,,0.173977057098929,0.2307692307692308,0,1
-0.61230494122413737,0.77623877029152877,0.15012005345322993,-0.78686147327378231,-0.61680330656179783,-0.020067458529790444,0.077017406019145307,-0.13041109044374866,0.98846409477499686,4.3018039585583239,7.8218969312680953,-1.6245657161460447,,0.2575920076343763,0.1272727272727273,0,5
-0.95048738140494926,0.30432510503022669,0.062928278526459464,-0.30752889306068237,-0.95024775506533776,-0.049549812574381215,0.044718203483967836,-0.066448735440386056,0.99678726307850651,-13.559976793397917,-9.3510661123656984,0.51491444073602421,,0.09322195571281666,0.3043478260869565,0,2
-0.35791086760076068,0.92917212976987307,0.092406515528880059,-0.93191714705407347,-0.36165990678708287,0.027065528802419955,0.05856826683338625,-0.076428169425134362,0.99535345131187258,-3.361068296730747,-4.5059813744896857,-0.51649597245161327,,0.07973755663540819,0.3578947368421053,0,3
-0.86692479346317253,-0.49749400676991506,0.030677609210161185,0.49826538299573053,-0.86660408815738232,0.026999305491610615,0.013153348887393942,0.038691958039457928,0.99916461196147233,-0.37369050661867176,-4.6878497722646237,-0.67196177533999912,0.6078098771785262,0.50422486269759,0.9799465240641712,1,5
0.012054098623427659,-0.98897390750971603,-0.14759847211722882,0.9987805516892907,0.0048409354686389039,0.049132218665802897,-0.047875967599751691,-0.14801072801912765,0.98782625806243651,-10.783264286604886,13.070103315944314,-1.0770307797836343,,0.1029989097679716,0.3269230769230769,0,3
-0.96609266822635798,-0.25643072787639604,0.030136990560744013,0.2492174313539556,-0.95663753101884774,-0.15078231380204832,0.06749539472151489,-0.13815902448607778,0.98810751218905457,-4.337726577721118,-20.309283002345747,0.87511141824313832,,0.3416906178303216,0.32,0,3
-0.97738470647862818,-0.20638319449884146,0.046098943264893999,0.20228490229054064,-0.97599759849030143,-0.08068150994169139,0.061643765678233507,-0.069531753678576322,0.99567333065789676,-9.4576392423603686,-12.046687553918904,0.47767601258427733,,0.07535157632831466,0.2307692307692308,0,3
-0.83012640210945543,0.54247041509862604,0.12890308477121823,-0.55640868581716951,-0.82089520535780602,-0.12860962704158727,0.036049006477594472,-0.17848504296800446,0.98328203409229886,0.64938898589429317,23.710172443268341,-1.7838478480411797,,0.3636535413737432,0.2142857142857143,0,5
-0.95444482977840495,-0.29717674980304365,0.026852305036464713,0.29718466403277122,-0.95481250922551841,-0.0037878344998436351,0.026764573095811275,0.0043648141963351945,0.99963223538661017,-10.320350069182645,-4.2599711733251171,-0.078847898161896218,,0.08974324463088613,0.4201680672268908,0,3
0.62190030167178467,-0.77496581100878359,-0.11255223919603245,0.78309623846558651,0.61554304832186069,0.088696318771862348,0.00054413379964708881,-0.14329950254668994,0.98967921898374667,-9.5217975037820111,-19.687561328055533,1.1472444203871253,,0.1692374224629737,0.1875,0,2
-0.20678166710445756,-0.97828743472581325,-0.013965572207721181,0.97687704921314766,-0.20723423399576715,0.052585197354395173,-0.054337582483161541,-0.0027689921948930714,0.99851878290401253,-7.3516609950089693,-5.3377681760587992,-0.21059861768715199,0.312694118937239,0.189283134118224,0.1966292134831461,1,5
-0.44172726173603966,0.86595125511105198,0.23453240716535426,-0.89511866180876798,-0.44298047893269776,-0.050307818142301321,0.060329159789122698,-0.23215666920455447,0.97080568262808764,-5.0984268827288588,-5.9910544991659256,-0.27673042929504837,,0.08071785034771389,0.2804878048780488,0,1
0.99458059121159148,-0.10395903350892347,0.0014024753437278836,0.10117362406408213,0.97086303266080975,0.21722999241907848,-0.023944631526481838,-0.21591084077587144,0.9761194411835652,21.433866669599094,5.1270756173519523,-1.5529433991568675,0.3882373522309839,0.2474681135727616,0.4482758620689655,1,5
-0.98687473290860328,-0.15834596317522306,0.031698856330861676,0.15732904206221665,-0.98701577190045653,-0.032364155226602159,0.036412004481475864,-0.026952216344063293,0.99897334497161872,-18.899118422352821,3.3086240585191264,-0.17253507754517283,,0.1397439324049612,0.4827586206896552,1,2
-0.24556943654030558,-0.95508560949849464,-0.16585273698726694,0.96877871666563209,-0.24781889148565667,-0.0073208714312201608,-0.034109382477099597,-0.16247238396635572,0.98612335662194006,-1.7100654448868302,20.444877888843148,-1.6532484956103219,0.4323185965551934,0.2709866933234908,0.3260869565217391,1,5
0.99107475545307211,-0.1316934814580501,0.020679846350764579,0.12539478259608056,0.97361333950589923,0.19066518726251802,-0.045243536569488881,-0.18637030900233975,0.98143727783341173,7.5455129768741465,-3.8299470514332081,-0.98131920295602837,0.6051688378680775,0.3151767179783578,0.2692307692307692,1,3
0.80518877922108478,-0.59222076761093501,-0.03075048335838463,0.58811784543194134,0.79080770638463926,0.16953044389476896,-0.076081730401919442,-0.15458891917916154,0.98504509356986747,-7.2535809381458822,-15.890660054137429,0.70640982660837548,0.3690331775392099,0.2135366524903236,0.4545454545454545,1,5
0.83335396033747267,-0.55260193767907551,-0.012339986352561731,0.54988100928670747,0.82656972444022392,0.12005567985165767,-0.056143142196371697,-0.10683440041551745,0.99269046458207455,-21.303105131814171,7.8135583812464615,-0.29020185618326333,0.672919121969637,0.6766298098170365,0.9802816901408451,1,5
0.19815949597983962,-0.9794475320726016,-0.037621085442927284,0.9786343548465648,0.19555575844783538,0.063503896352407371,-0.054841714661937276,-0.049401186775015704,0.99727223418591016,-12.102670768930828,-8.1847691597838352,0.32347647580860517,,0.09864810812577934,0.1612903225806452,0,2
0.86025955700306977,-0.50680550248131673,-0.055692703647268915,0.50751409358842903,0.84072540030666476,0.18870677276747005,-0.048815360226034672,-0.19060163675545538,0.98045299564647392,-11.580116832942227,-21.357440166319869,1.390632518366149,,0.4460484451832982,0.7096774193548387,0,3
0.16101830447274831,0.98332076788294287,0.084577615684181179,-0.9865358663368976,0.15787189146208011,0.04270187720805322,0.028637214522851444,-0.09031463522754711,0.99550146991759247,7.3321646590692406,-2.7544625129858002,-1.060713578520071,0.4848599813798159,0.3353257890700977,0.3,1,4
-0.21773045783173123,-0.95676876368661157,-0.19283926095579437,0.97532130428124997,-0.22070329257569707,-0.0061975851237963276,-0.036630603974070718,-0.18942964255849315,0.98121078743186263,-21.675581638120715,30.106281545480176,-1.1765296361961899,,0.2765018164572118,0.25,0,1
0.91641799702814286,-0.39866308173083576,-0.035295920271329217,0.39960130165832902,0.90651864817482208,0.1361717306354808,-0.022290231849310355,-0.13889452032447483,0.9900562902117932,-12.851055361254414,-23.360131055197119,1.6275172530294224,,0.1833994426928709,0.2142857142857143,0,2
0.5595078682680763,-0.82664829334098933,-0.060029529921049624,0.82714228583771654,0.55229253904216957,0.10396437032709605,-0.052788107801560152,-0.10782184581420695,0.99276778011776146,3.3673720647783596,-9.7619327105562927,-0.3797928409403189,,0.1097956102798417,0.1176470588235294,0,5
-0.84767505414628497,-0.53027079929459797,0.016120855856967046,0.53046590814589545,-0.84762062685396089,0.012049615207498003,0.0072748108596324664,0.018765722665712851,0.9997974418749983,21.815431415423106,-4.179334602204511,-1.1075988331453692,0.6077890858629219,0.463819077284023,0.5344827586206896,1,5
-0.34487666144253343,0.93638290231654631,0.065170151461336659,-0.93660211407542537,-0.34787610580251765,0.04193679674366188,0.061940037953619242,-0.0465754791807554,0.99699255585856184,11.264094754267862,-1.2646953054861958,-1.2029329257961234,,0.07187428268876238,0.1481481481481481,0,4
0.69520009932837012,-0.71802082945220636,0.033806957369625197,0.71567214131774615,0.69578742384994341,0.060772090254758056,-0.067158082428682042,-0.018054065609343018,0.99757899069671563,-8.6729698065074761,-10.423587379058658,0.28943479014030288,,0.1103571282710677,0.293103448275862,1,5
0.62059385322675797,0.75838706503477105,0.19927952460077605,-0.78389060954316148,0.6063410345707797,0.13366398941258051,-0.019462312483762106,-0.23916439823598776,0.97078401769353528,1.6594937462901014,12.329037951651337,-1.6646867676189858,0.5456030508670118,0.4087169990187987,0.2857142857142857,1,3
-0.79537571127132878,-0.58976677726313931,-0.13983070605657455,0.60572034627144011,-0.78175630447264854,-0.14818887451517951,-0.021916661069519651,-0.20256413516197672,0.97902371325399762,-0.0021271675222920236,-9.072222610742271,-0.27569662108354021,0.5641584845454363,0.4147973922969832,0.2272727272727273,1,2
0.37242874888196448,0.90419908359369305,0.20909529940804955,-0.92787519166818844,0.35827487795261465,0.1033766923187355,0.018559517583663403,-0.23251479319898363,0.97241576254742845,-11.836672740601481,-16.219073155848037,0.97300490074209367,,0.1833341239235261,0.3157894736842105,0,3
-0.93667533317652019,0.34601936105687203,0.053943692795826031,-0.34584902080926105,-0.93820341487748882,0.012759589236899356,0.055025221707246212,-0.0067047808326038006,0.99846245342028583,5.5175091476516487,-7.8606965635903494,-0.62754158218890044,,0.0750375935204969,0.4545454545454545,0,5
0.98864009424921828,-0.14914991582267972,0.018575969772441844,0.14334432984667098,0.97281270323832669,0.1819006528821433,-0.045201406435064692,-0.17717151867111358,0.98314143734666481,14.186054056128329,13.19031371099687,-1.7713401212567379,,0.2045182101593854,0.2307692307692308,0,5
-0.89241309028819327,0.42417064595063092,0.15387702686269752,-0.44748108936495162,-0.87577307284923522,-0.18105855277496699,0.057961633371004746,-0.23043608221377587,0.971359697059196,-0.75264903969395314,-13.644649652364031,0.16274058668712402,,0.3203139316494278,0.1875,0,2
0.0320172105280776,0.98361517373619989,0.17741501691206252,-0.99845356222178649,0.023405017679781776,0.050425085364678275,0.045446477494155091,-0.17875512620150452,0.98284343745077651,-18.174773324769575,-21.203928280497141,1.6836454024360432,,0.222683468245715,0.125,0,1
0.89627890462490833,-0.44335173346221224,0.011107005016063593,0.4398287096124589,0.89181090112898997,0.10594348884258446,-0.056875577579614249,-0.090069734448098404,0.99431011842957506,-4.896244201094504,15.763965038297956,-1.454221991520267,0.1199187330519066,0.0953400609824727,0.25,1,5
0.92958901211697531,0.36520803539671709,0.049873434141396972,-0.36840101857384566,0.92496854392415029,0.09334817761793722,-0.012039853202554305,-0.10514886415224448,0.99438360721723174,-9.2019349768156751,16.413179759759746,-1.2747186865532798,,0.1053979630415729,0.4444444444444444,0,3
0.78699751476596147,0.60159514773271094,0.13681443628747308,-0.61509423515320794,0.78230231553172314,0.098296332561266575,-0.047895653597078744,-0.16151274048248571,0.9857076853856559,0.62908218672363592,11.535878774541699,-1.7233131543604587,0.3214589846465118,0.3417452800367764,0.4150943396226415,1,2
0.047641816676128247,-0.9953899434128991,-0.083241323008862014,0.99650570236545355,0.041640221764588932,0.072404952071881523,-0.068604973995576954,-0.086399956503828021,0.99389557049984123,-12.927587014887573,5.0595655898844312,-0.63626110990086282,0.3433480033341371,0.189935964857776,0.2434782608695652,1,5
-0.98331044517462907,-0.1805131266720322,0.022706375967109161,0.17898605414504873,-0.9821873217716659,-0.057201900078467871,0.032627608433020878,-0.052183101192706069,0.99810438488058617,19.668330493076361,14.006518307038549,-1.8571999244241602,,0.0940947234181365,0.3125,0,2
0.15203137604859834,0.93710178601943495,0.31420805740138757,-0.98756836566728889,0.13118040446783988,0.086604991870518483,0.039939752503093229,-0.32346861381413494,0.94539561668496896,5.6022332613883403,-1.897317284676006,-1.1415514262980053,,0.3326354410185508,0.3902439024390244,0,1
0.98303739714844285,-0.18025618121981052,0.033840581254844584,0.17640759002364445,0.97977705573088725,0.094431367910049829,-0.050178062832922039,-0.08685983073529592,0.99495604516730851,-10.903010413278432,14.389615154250558,-1.124156426792406,0.4357992790630129,0.4368545205832519,0.9349112426035503,1,5
0.86113384658646519,0.49350822438768566,0.12205789906807511,-0.50820563080406567,0.84191884070294243,0.18138275135319493,-0.013248965327162302,-0.21822533796772317,0.97580846829008061,-22.215844717802167,15.662059634136318,-0.65881092637606209,,0.1051976696580691,0.2142857142857143,0,3
0.45874889307525152,0.88506142262435428,0.078839909210911621,-0.88828058504344032,0.45454431690597763,0.065932284985128001,0.02251788926860861,-0.10027832343348987,0.9947045805224054,-20.634928071076789,30.065297169381839,-1.2108234149891643,,0.08158954988825273,0.4166666666666667,0,1
0.57302875495161087,-0.79703845360252201,-0.19070330221972423,0.81716095940139533,0.53798408016907362,0.20693258785127736,-0.062337889191066941,-0.27441361657821639,0.95958905506871339,-5.0703010728953313,5.2805531038439639,-1.1119854388397421,,0.2144492321902921,0.3071672354948806,0,2
-0.94671717445827386,-0.32078443348790009,0.028704334473873112,0.32064085181719415,-0.94715222291491896,-0.0095974357653316727,0.030266082199140738,0.0001177249867487145,0.99954187026314256,-24.130981318218129,18.533065449585791,-0.72419467596707543,0.3983156724945113,0.3041026574706422,0.6891891891891891,1,4
0.59362974018195724,-0.80454200891277794,-0.017773223289333749,0.80194934204192392,0.58959097348878442,0.096227526098674659,-0.066940155138942692,-0.071376746039154185,0.99520067109846522,1.2060501298254527,-10.691575783374562,-0.18767629294679763,0.4229543305150968,0.3697542619426969,0.8351648351648352,1,5
-0.25021278178537754,0.94953006687284602,0.18917245025550333,-0.96588253897201282,-0.25828924430383066,0.018909975831105222,0.066816799835071231,-0.17798684890014749,0.98176178214391474,10.649527933299456,0.81349223546742055,-1.3169459101649714,,0.1730543971928636,0.2692307692307692,0,4
-0.92546365506301964,0.3660548252494118,0.097575038145105875,-0.37475372120906908,-0.92231393116316684,-0.094322112053856849,0.055467752769978541,-0.12385829521662138,0.99074842977855937,-24.299540182852436,11.62368301330296,-0.41094978793030884,0.7076042489180947,0.4692828151511258,0.1333333333333333,1,2
-0.57650351075135464,0.80522369060938781,0.13877503440014732,-0.81242970143995141,-0.58300698013871455,0.0078000851104221072,0.08718762704395748,-0.10824818331471289,0.99029321339667398,2.8540916670587428,-2.3113782240448093,-1.004845578833532,0.1975986356872265,0.1687820736536043,0.2391304347826087,1,5
-0.96800145210109334,-0.25090219789532403,-0.0046125721101248768,0.24815273489788875,-0.95433615779248149,-0.16632112942312038,0.037328392583576203,-0.16214371718071566,0.98606085313531611,1.2532877204370012,3.5534609406827031,-1.2930778903759552,0.5341309714361592,0.4421806200716425,0.5606557377049181,1,4
0.63329968778943779,-0.75931128201500842,-0.14959238767572244,0.77161286271685037,0.6046432199800772,0.19753522881255686,-0.059540704864033733,-0.24052640922952062,0.9688147144461865,-21.191173359528985,11.802705060887268,-0.53000811795447245,0.3198687293046652,0.3295520496897312,0.460431654676259,1,6
0.26651360220230486,-0.94874554354362417,-0.16985992301677455,0.96218752974821442,0.25160706930297316,0.10435056431949548,-0.056264175442104374,-0.19124794451936425,0.97992783728136734,-5.7693681330138471,19.249477868441243,-1.4860312047971391,,0.3927034709666086,0.5454545454545454,0,2
-0.9713830379474595,0.22192386093692823,0.084645103430807098,-0.23045886578674757,-0.96686966345587011,-0.10978053137518715,0.057477863288842662,-0.12614616060578143,0.99034511226954114,-4.609663334815516,8.5340891556767353,-1.3034427403151971,0.2461538090726979,0.1358521220025255,0.1923076923076923,1,5
-0.91969840512347156,-0.3901068517773032,-0.044401439275607753,0.39235325214946437,-0.90895339197925729,-0.14093493795770598,0.01462084611378555,-0.14703868676577922,0.98902267691550605,-6.6869322709702184,-4.3271799968636078,-0.35902447736533283,0.6327850685686985,0.3436619345052208,0.2290502793296089,1,5
-0.76798253888962009,-0.63993436087909317,-0.026207512795386564,0.64042702662499895,-0.76680861507921461,-0.043101872448418461,0.0074862226066697212,-0.049885484928618988,0.99872688702393531,20.193469579784477,26.385551011486942,-2.294063320629073,,0.263407647268097,0.3333333333333333,0,5
-0.79572415673189245,-0.60175258464710013,-0.068679642281046879,0.6054600474739259,-0.7874238715398415,-0.11567963278847956,0.015530528200581721,-0.13363185772764294,0.9909093446395939,-2.6445747544600038,-12.04971514733346,0.13702356375168809,,0.3202930606889844,0.1666666666666667,0,3
-0.96586530403193294,-0.2489856761484488,0.071486694847373897,0.23605940722937072,-0.9596294377766279,-0.15292906333012923,0.10667788302089599,-0.13083376943821606,0.98564818979632274,-14.143757095803057,4.3079359482589528,-0.51462263717079648,,0.2324904634326007,0.2913385826771653,0,2
-0.69737745793589123,0.71246138275280302,0.077868217193141354,-0.71396192266333891,-0.70009177855585525,0.01139625312843553,0.06263428892980609,-0.047647452024879369,0.99689852350467179,6.3734718736468805,7.6696391228358243,-1.5368435110553926,,0.08212304431832038,0.3235294117647059,0,5
0.72015612072267521,-0.69353013484791748,-0.019776598380316621,0.69139749205056555,0.71498228958592458,0.10377780863294117,-0.057833120025245023,-0.088409714603641318,0.99440386794895741,10.130307715674517,27.548129532084019,-2.1515666850274218,,0.1645166513432863,0.2142857142857143,0,3
0.56801887954756503,-0.81419939117318463,-0.12014118315858784,0.8196019356252906,0.54632197926179926,0.1725832033969347,-0.074881370158448007,-0.19649846408734747,0.97764059552297033,-11.464319924504551,11.150269988763046,-0.96467865701721267,,0.2222823108428232,0.3191489361702128,0,5
0.98072681431542974,0.16980780555472716,0.09664483874163006,-0.1890116647749199,0.94984529109150717,0.2491355325326001,-0.049492486921966262,-0.26260089901593442,0.96363440244436127,6.3796798318472092,1.8628409108605331,-1.3504553551718244,,0.3357130502994775,0.2,0,4
0.94326829032760939,-0.33076490137862991,-0.028974341725301233,0.32865036005210263,0.91767925045242282,0.2232794977751035,-0.04726386886462533,-0.22013489797182198,0.97432374157406387,4.0974307774814065,-1.8717330967921533,-1.0980919198971397,0.6244467010811464,0.6498992306207765,0.9434889434889435,1,5
0.097738396086853876,-0.9487863905183902,-0.30041902585797398,0.99392310960900787,0.077699402147722807,0.077972143045101694,-0.050636529457779772,-0.30621428456714939,0.9506149345615712,7.5946369136636251,16.380047661660843,-1.7506843845087592,,0.5934115893796268,0.22,0,1
-0.92113223668780053,0.38605728267509803,0.04975115102234532,-0.38515964302829764,-0.9224576856905059,0.026904785686355147,0.056280120085541681,0.0056207298488647637,0.99839919645356412,-2.3107876273047934,2.745984853198054,-1.1177243761932938,,0.08596551200082261,0.3549382716049383,0,5
-0.80837359973935907,0.58313074823023259,0.080564593419682778,-0.58568213145744918,-0.81047415651275467,-0.010396274159374238,0.059233133767247911,-0.055589316360133277,0.99669517093779658,-4.0813095155837305,16.450977413684413,-1.4916727737748647,0.3477331216447992,0.2472800796845128,0.6530612244897959,1,5
0.67992473607574377,0.72780573716073449,0.089449215917461702,-0.73322946934304489,0.6733399893878681,0.094804029334521353,0.0087691823590024184,-0.13004640574450352,0.99146912901698026,2.9428758874456404,-18.287484335427333,0.4117810571900738,,0.1692800642182486,0.1111111111111111,0,5
0.97379164618406433,0.22097938829935176,0.053832515907916288,-0.22558963567243659,0.96856257719193917,0.10486110022542784,-0.02896801856028541,-0.11425692106018892,0.99302880617358658,-2.6160938657024206,-1.9735798250573906,-0.81096963786013609,0.4163976102394983,0.3630677677010833,0.9331026528258363,1,5
0.90427237745750511,0.4215048597947903,0.068008238741539481,-0.42659056352180585,0.89855219068090919,0.10307498113842686,-0.017662346432457322,-0.12221953113931157,0.99234592140371458,-15.536912359893799,28.534253330819695,-1.3627927561211017,,0.1455153229791772,0.5263157894736842,0,1
0.26109199825553014,-0.93923617340164078,-0.22285954998782767,0.96365568680507852,0.24007593377187508,0.11718047325298808,-0.056556924732222222,-0.24535475662274228,0.96778218503309354,24.250286435286231,17.270632330099161,-2.0709227299260786,,0.2106294489764096,0.5,0,3
-0.54220286059368705,0.83441190155138167,0.098857657839083568,-0.83818276808184777,-0.54535708291169582,0.0059413305492811673,0.058870240823976211,-0.079639378874098429,0.9950838477625259,14.952329009299124,3.4302219503591189,-1.4431297878488056,,0.0811168818003508,0.2631578947368421,0,5
-0.99406279496700023,-0.10577875994296726,0.025495364428125038,0.10247244878632712,-0.98890749006391776,-0.10752382682556635,0.036586293910812855,-0.10427286339412058,0.99387555209767664,-14.688397747502172,22.816360159891929,-1.2378911262391197,,0.1940102955119229,0.1333333333333333,0,1
-0.72037962865503791,0.68217214942848337,0.12527708953736141,-0.69140426598768401,-0.72060397472133486,-0.051865716902830913,0.054893821080889839,-0.12398012001904155,0.99076515796994147,-18.465684203989309,15.088836214989986,-0.7925574994798017,0.5526209828468005,0.4924573551931481,0.8417721518987342,1,5
0.3491261632509739,-0.92908300204934147,-0.12212983843696634,0.93492810199006116,0.33653628468467828,0.11248454649371395,-0.063406358063821763,-0.15345391618860182,0.9861194295639174,0.94080359382943646,-12.460469265588987,-0.035058845831015185,0.1913938204379111,0.1628286124774723,0.3636363636363636,1,5
-0.17388037468004017,0.97741374307643059,0.12011656899216767,-0.98333740721038942,-0.17890106178052567,0.032279307219158906,0.05303922022312469,-0.11250237748208659,0.99223487954163403,13.333179108142888,-9.9495498742349753,-0.56871841784079724,0.3853228749078544,0.4089472016033879,0.8085106382978723,1,5
0.14012083902853295,0.94738829079539377,0.28778738147063126,-0.9897546246953387,0.12597053309537637,0.067210175463659511,0.027421403394596974,-0.29425643791674178,0.95533303898714916,-3.7712740389928014,-9.7857486607068633,0.00011007907827191445,0.9299823360221294,0.5186844943797478,0.5555555555555556,1,5
-0.9990524614308891,0.010337098732154007,0.042276751278741906,-0.015954325312502422,-0.99074810639203859,-0.13477258320746566,0.040492453774817694,-0.13531937802987473,0.98997425578491849,18.493668628655456,8.0541207770694427,-1.6235307580149885,,0.1662109773673783,0.4,0,5
0.31479952388835369,-0.9488940467169632,-0.022390798663094971,0.94595994940507888,0.31171654984194752,0.089401155899533027,-0.077852642095216362,-0.049324240082722133,0.9957439859015248,-2.6429069398447296,-15.035259623046873,0.38121459347069364,,0.5073823351974007,0.44,0,3
-0.91026200367559318,0.4017588507594016,0.10006453168320072,-0.40998271057809338,-0.90835895237508257,-0.082451141090227414,0.057769037481444456,-0.11607686882633568,0.99155882267868511,5.9345056467296313,4.6054905156419279,-1.428933684899899,,0.1136086442771719,0.2769230769230769,0,5
-0.85489586494052672,-0.51727198640386907,-0.039783818185119585,0.51878431749967913,-0.85294263655208458,-0.057893787818492373,-0.0039864801496089812,-0.070132380776471909,0.99752972744808133,-27.737952488008048,21.054642362693279,-0.68186748436011468,,0.3120560405264005,0.6585365853658537,0,4
-0.39868934705388964,-0.90963684688345847,-0.11665166667332121,0.91679989149995278,-0.39850479309994674,-0.025920818313553924,-0.022907716853035633,-0.11728058947792279,0.99283457828597677,16.952553933707776,10.020426700090031,-1.6716672201913236,,0.1669144608871636,0.1578947368421053,0,4
0.96011486379185085,0.26297361952923365,0.094996440763067347,-0.27950687276621755,0.91172363602084927,0.30105800038758701,-0.0074401883313858063,-0.31560241911718107,0.94886234862859742,-11.457022613918637,-18.276930680270755,1.1503863781472863,,0.4622582336444006,0.2727272727272727,0,2
0.77374394542191727,-0.62130258223815482,-0.1237069449429823,0.63048138926954678,0.73619845801029338,0.24597773925298227,-0.061753742458793601,-0.26831871296550902,0.96134881472068501,-18.945333628967749,1.9922831077397047,-0.045216026803391249,,0.3041749543307642,0.3571428571428572,0,1
-0.93190541092316381,0.33996679253952028,0.12639179191118746,-0.35699505871821846,-0.9213204593138169,-0.15402317780306271,0.064084578042660129,-0.18865627797708984,0.9799499862936506,4.8207158308125093,-6.0382125164827398,-0.77970463173498794,0.2470042921987342,0.4487803897147833,0.5454545454545454,1,5
0.68533227940071062,0.72471004614561607,0.071519338832551738,-0.72818534258332179,0.680883173316851,0.078385018599124626,0.0081100960682656559,-0.10579911771651955,0.99435445040094705,10.39976986238797,-5.0545963862345538,-0.93611416701281591,0.2247539579336597,0.2044147784222238,0.5370370370370371,1,5
-0.021864798121099337,0.99077534982383508,0.1337390622988687,-0.99885539847890925,-0.027340908206487314,0.039247517985001985,0.042542020787242646,-0.13272784530723597,0.99023911028975009,-13.227424019729233,9.9471682965063408,-0.82696694125310743,0.3772844932380341,0.2901758990245322,0.6490066225165563,1,5
0.23824022822233867,0.96139278647722148,0.13771529968065196,-0.97079075158552874,0.23158469385684935,0.062720381115177595,0.028406166453285826,-0.14863525719287843,0.98848401607038394,-4.356538399518703,-8.6252127210058163,-0.065018145383619275,0.6546321429196713,0.5011309256651725,0.759493670886076,1,3
-0.97163720976140955,-0.23578277118426727,0.018100204963772362,0.23393966036146929,-0.96957539719166963,-0.072081790145476735,0.034545157649423522,-0.065802993649860614,0.99723447499055773,14.378994702720849,18.90304524587102,-1.9551207187317561,,0.2150738159479754,0.2,0,5
0.60630913428304001,-0.79280715509780231,-0.062016518047048629,0.79292034106777765,0.59676956213396215,0.12305861380414475,-0.060552179200332928,-0.12378572024336372,0.9904597564050357,20.449753119302205,-3.2201937832853642,-1.1517412078614708,,0.3718633335322438,0.2173913043478261,0,4
0.76841735302010539,0.63257826839159326,0.096847849414790604,-0.63994885962217452,0.75967978452778762,0.11555120963492231,-0.00047816927399462427,-0.15076922543579355,0.98856887064869592,-16.108842743889472,9.5185771006353637,-0.67552838957803885,0.6679796293254384,0.6877329215033265,0.9295302013422819,1,5
0.58394013952815282,-0.7911923185546359,-0.18173780153831803,0.80989980212899626,0.55249380629721034,0.197009909686372,-0.055463717503007749,-0.26223140365593151,0.96340981258101499,-0.83649595907957197,8.7411642300766115,-1.6298768448250431,,0.6458247567662134,0.4039735099337748,0,2
-0.99262231229412168,-0.12064421505331124,0.012079673424440694,0.11581033460129127,-0.97289284570646972,-0.20016862184843873,0.035901414114316937,-0.19729288924676616,0.97968699303259876,-4.3485723485325467,-24.069541619763665,1.1915830353033812,,0.4864228351007022,0.3684210526315789,0,1
-0.41375511861515452,0.90740065696635286,0.073693619512079353,-0.90863714019485142,-0.4166223110811651,0.028361899934788437,0.056438012706699507,-0.055225878412393764,0.99687755169594361,-8.3536250673734216,-13.321161803515576,0.56251718744804813,0.1297760385082874,0.1319746378875354,0.42,1,5
0.57346996744351431,-0.78625420178681571,-0.23007939197788174,0.81686586047437548,0.5274970975629395,0.23340303779970797,-0.062147907702448921,-0.32179363299364949,0.94476795846014827,-14.704919277715499,-11.884101310161233,0.76853674973652308,,0.3503401091298687,0.2592592592592592,0,1
0.5792132714406425,-0.81516907612200362,0.0033709822645879976,0.81268058765106188,0.57775854016791284,0.075797966451396609,-0.063735772076231878,-0.041163656269114814,0.99711749797122984,-1.8136891704375353,5.8480004883141783,-1.3467025255239931,0.5631977765109025,0.3683678670972146,0.8730366492146597,1,5
0.96806314905109958,0.23463476852871223,0.0883191080500009,-0.24655056762911318,0.95486352847339961,0.16567576646297025,-0.045459400029391236,-0.18215973042582223,0.98221752965428255,23.487971166378632,6.0954879665914854,-1.6508800095054497,0.2381169785390934,0.3066629754647655,0.8536585365853658,1,5
-0.69462144415288052,0.71536463780659254,0.075858317268510361,-0.71725540615857064,-0.69680275186523877,0.0032568895182794738,0.055188147815184441,-0.052147482862297485,0.99711328763177987,3.9577637378374746,-12.214094365768201,-0.16003141710923183,0.5921878324866272,0.529973403981942,0.8785046728971962,1,5
-0.2757044020824444,0.94947956422714275,0.14991877730089914,-0.95946452412030547,-0.28130840334325374,0.017129190379706481,0.058437228090976262,-0.13911915512791204,0.98854992339766967,-11.766614375433438,26.867581457787601,-1.5413911557593152,,0.2704017631102941,0.6363636363636364,0,3
-0.82211190300433168,0.54476546679844318,0.16541645964797591,-0.56845288812939287,-0.80152443669536932,-0.18552598566648854,0.031517184454640301,-0.24655458536406241,0.96861628291083746,2.9525079667697631,5.3717184893773462,-1.4508646150389046,,0.1172413070648787,0.2575757575757576,0,5
-0.44362867699287395,0.88140846965697406,0.16221191869435425,-0.89504747597418677,-0.44495394953694684,-0.030099809695568157,0.045646606684282089,-0.15854050715329393,0.98629675802457506,-3.3976314728782531,35.746390061439058,-2.0327523380796038,,0.6738588529811798,0.7692307692307693,0,2
-0.2507540127642337,-0.96031793299676405,-0.12211426062281146,0.96742383497228857,-0.25312924678865872,0.0040875356530980945,-0.034836024603039972,-0.11711128034919463,0.99250763191263569,-17.044347680007856,3.3353932828907875,-0.27624311426295067,,0.08244693227540786,0.4054054054054054,0,2
-0.32807381089454457,0.92883466735718645,0.17214451870621514,-0.94163020644775941,-0.33611294016924143,0.018990675499748633,0.075499198077062277,-0.15586613540551947,0.98488863275167715,-29.529284554248825,12.694795584657774,-0.20683296762064654,0.2696126301945957,0.2244549227207941,0.7272727272727273,1,5
-0.47761646716871775,0.86824510575405411,0.13428680733193601,-0.87509275133306474,-0.48371947061928555,0.015104645249857175,0.078071677666097808,-0.11029918439376356,0.9908273830836889,1.9954657840909105,-4.9123898494683402,-0.73817950749505068,0.7567850319856656,0.2073342448200023,0.3157894736842105,1,2
-0.99261463764184577,0.11301318741082154,0.044093090279479691,-0.11238682368182165,-0.99352847782096088,0.016442798468504417,0.045665993932673121,0.01136588008080586,0.99889210316636823,-7.8701336516498888,-0.22880204962918196,-0.61041468394154397,0.2880513928631859,0.2684935418078391,0.8467884502062463,1,3
0.97791717547809476,-0.20820399431066786,-0.018140966292626341,0.20286930747120788,0.9248231408179387,0.32178595726631171,-0.050219936191708905,-0.31836025970702997,0.94663863382400293,-10.328716587231607,-23.406356568834806,1.4848827556088204,,0.3185796031075054,0.1714285714285714,0,1
-0.83578146323266667,0.54258941618103151,0.084059926034885005,-0.5454308336557554,-0.83804481069020942,-0.013641883037118779,0.063044043447818013,-0.057250508500260519,0.99636731573361625,-19.450328532114501,18.84927942711391,-0.90537543624359096,,0.08195483480730166,0.3529411764705883,0,3
-0.62629097297770531,0.76518330143124869,0.14917819001923185,-0.77707631553328704,-0.62808841515109171,-0.040710472733692764,0.062546119015093882,-0.14141943983683614,0.98797192522479382,-13.22468531548888,7.1246222689746839,-0.73360316791338509,,0.08799858711953627,0.4150943396226415,0,5
0.98287788392535902,0.16512973064154332,0.081751069403764767,-0.18064308504973223,0.95101570980175409,0.2508728672734063,-0.036319982297944593,-0.26134515830318406,0.96456185240624159,-14.693106861399333,-14.42889120601266,0.97783223046783296,,0.5069277043249812,0.4814814814814815,0,4
-0.34468461287348168,0.93284151678286131,0.1048771768046389,-0.93787369631989648,-0.34695736295432705,0.0036766891405699826,0.039817676972860559,-0.097094247296288391,0.99447838575931591,-8.4905671467189681,-6.2793087098958846,-0.031756407665302931,,0.1099238543498141,0.1186440677966102,0,3
-0.19114301863963362,0.95504756301602389,0.22660207148762554,-0.98008245746054889,-0.19837094828513571,0.0093457720145005366,0.053876924591328479,-0.22030233601487359,0.97394258441808068,-10.045491563397327,-18.65312735972147,1.0863848407823249,,0.1095740967202291,0.2222222222222222,0,1
0.50548158312940938,0.8436064685035215,0.18115323738757855,-0.86279337826103752,0.49206954978879847,0.11599631287050549,0.0087152478960275566,-0.21493181353551041,0.976590169920036,7.1756512413453972,-7.3683930085914282,-0.67767229051507771,0.6188514619000295,0.2630728057979545,0.2380952380952381,1,5
