axis_00,axis_01,axis_02,axis_10,axis_11,axis_12,axis_20,axis_21,axis_22,location_x,location_y,location_z,dbh,dbh_approximation,score,reconstructed,number_clusters
-0.066642230673464101,0.89404804229571821,-0.44298635549874338,-0.99331001133654362,-0.10141038056494528,-0.055237270861881516,-0.094308188772029122,0.43634164685584065,0.89482508500246705,-5.9050305006797883,-4.2113926233413457,-4.8317794241718417,,0.08369226808174983,0.4527027027027027,0,4
-0.68255676064887483,-0.37965921098416794,-0.62447990520704211,0.65090327875707688,-0.70435205426127234,-0.28321918254457062,-0.33232693269701163,-0.59978918560841599,0.72788168175287349,-12.548583034576,-12.512767100704355,-9.2576765350033252,,0.496582407060265,0.1304347826086956,0,2
0.30369396565839596,0.88111903006721803,-0.36249031721700087,-0.95179867474750957,0.29774115965432557,-0.07368503644961942,0.043002999564697927,0.36739550446501401,0.92907011862794087,-13.866396396257867,0.35915635747958391,-8.7258748352177662,,0.3953334764370137,0.5789473684210527,0,2
0.090147381691501258,0.8815630678434192,-0.46337890218337158,-0.99590300839421253,0.076468709293029916,-0.048267321972692262,-0.0071167018712490889,0.46583161540792589,0.88484476527858735,7.3978324516251375,3.9044884491655987,3.1722423381146441,0.4841886926242398,0.4621895936515424,0.9605633802816902,1,5
-0.51491234324991553,-0.63807904390918158,-0.57246870001147332,0.81849769001858852,-0.56444439130605906,-0.10707035330737882,-0.25480739825035637,-0.52369615508143386,0.81290560765060971,-5.8734622064423654,19.149777052196072,-2.5297882182830413,0.3893835690243047,0.4132975857653743,0.8536585365853658,1,5
-0.6746391545132302,-0.53752835852615477,-0.50589057609116783,0.6600449915609482,-0.74612078330775677,-0.087432178467250182,-0.33045819752728722,-0.39289571198525308,0.85815519528265949,-5.5726635197124441,12.803685975231565,-2.9652310153609038,0.7065329414834609,0.3259228208771773,0.175,1,3
-0.52236904271052975,-0.69268964608466144,-0.49730437100913594,0.81952378685476557,-0.56895598633705935,-0.068336288971891188,-0.23560845909455519,-0.44324952320147087,0.86488063580170349,-5.6357897351894852,-1.5465359383146828,-4.6174852057677196,,0.1658471540921491,0.358695652173913,0,4
0.760387331145291,-0.3869750352535149,-0.52159508119256837,0.48164950919626898,0.87474941593137134,0.053171511345056301,0.43568894514863954,-0.29165695846021755,0.85153470960202204,-0.40542355098376348,-0.9514272665261394,-1.5160028865230182,,0.2482911225255153,0.3006912442396313,0,5
-0.83459887076327954,-0.2245689626432337,-0.50300447904367751,0.37359703396829125,-0.90178516282184062,-0.21727580703907837,-0.4048085734402801,-0.36925912464247818,0.83652717692703615,7.9443407434003488,5.6076267442377112,3.6538059465087067,0.3244939924768853,0.3210866582360485,0.2941176470588235,1,2
-0.25905344985601447,-0.71681132980742079,-0.64735834556867666,0.96342094674564582,-0.23940022262124808,-0.12044755199097984,-0.068639562130161286,-0.65488094404144459,0.75260850356740294,-1.9333037821030696,10.546488361564352,-1.096452988650394,,0.2433892761853138,0.2258064516129032,0,2
-0.91184322516715888,0.14606435744167803,-0.38367582175829512,-0.045733980156671121,-0.96489055093105425,-0.25863995782360227,-0.4079832542835336,-0.21829207088008309,0.88650901631912427,12.104083603591599,0.91893425587514377,5.5967420222905222,,0.7933039238239177,0.7910447761194029,0,2
-0.87505684265140882,-0.034699404350521802,-0.48277476473679448,0.13622425688471859,-0.97476455061136569,-0.17685311053987363,-0.4644550290018985,-0.22052215809106698,0.85770129055849298,-3.9721359536693956,-2.4613897633985777,-3.6728695491914425,0.7209281697431403,0.5978060912592214,0.1475409836065574,1,3
-0.055909628642474972,-0.80584461231452398,-0.58948161483520134,0.9979522996013277,-0.026730803989052931,-0.05810913730664282,0.031069617723492822,-0.59152339338504178,0.80568899330496169,9.317885280626431,-2.5970036503235221,3.6974422086122862,,0.211986128392467,0.2121212121212121,0,5
-0.64147104374926867,0.67710493062916266,-0.36061588005646761,-0.65858849055260482,-0.72712767583339,-0.19376930393840491,-0.39341593783534656,0.11320007047175014,0.91236486336461098,-18.453606853174652,9.7153428797197954,-10.337012060183463,,0.1946736182761373,0.2,0,3
-0.4102248923944079,0.8245330390109511,-0.38969321939105112,-0.87154974885029612,-0.48026844999542917,-0.098707908588793081,-0.26854529029380153,0.29914458630961921,0.91563963628856992,3.3747811965831995,10.617881389157972,1.6995574860068063,,0.4849690458127227,0.1428571428571428,0,4
0.8710574578997633,0.11467086969097832,-0.47760809947227634,-0.1418648030100545,0.9896607086195085,-0.021120120303959544,0.47024810760291574,0.086152617250145086,0.87831910137308822,8.724819789386645,-5.2398710315162615,3.2117111594846115,,0.2355990190133486,0.8468468468468469,0,5
-0.85980905090678617,0.20902511481679234,-0.46587218993474983,-0.14948086147671211,-0.97544054243484013,-0.16177521511840406,-0.48824570456989458,-0.069456817881707308,0.86993786123998273,3.7725882905764827,12.36542503542498,2.1911187331849016,,0.2456779833951436,0.1724137931034483,0,4
-0.85615839061556898,0.22120432979252042,-0.46697050726957018,-0.19056082565535579,-0.97519945529284846,-0.11257261710593625,-0.48029093464701872,-0.0073937052668114804,0.87707807589650733,-6.7173119562306169,3.6915161675565464,-4.6244187819315536,0.2735640334736694,0.1345781848940747,0.3547400611620795,1,2
-0.75679572689540531,-0.4258265187409917,-0.49591531907149544,0.53202687147641303,-0.84205169866108043,-0.088861379738384094,-0.37974680483168682,-0.3310901881948739,0.86381227792918513,4.2409978744391719,-7.3888611504167896,0.50113968259169128,,0.07556925600238265,0.1951219512195122,0,5
-0.82648377818772112,-0.26005776028046429,-0.49929402731302475,0.36737072235694873,-0.92118112569145527,-0.12831245467513194,-0.42657158455232863,-0.28947416981093965,0.8568788644054558,-14.693021048759947,13.585087384149986,-7.8673501318378909,,0.1004848914933237,0.3125,0,1
0.46315453548685603,-0.71584587494629826,-0.52254431350874497,0.8353963219508036,0.54950958702224706,-0.012336897572341675,0.29597442715380951,-0.4308177074970459,0.85252286853665471,0.18646786003231786,-21.488117005144307,-2.7435288114423617,,0.1030546385308259,0.4736842105263158,0,5
-0.58487470154679722,-0.569112986208135,-0.57795500899274577,0.76400528733172346,-0.62584705292387421,-0.15688016852257833,-0.27242889791598096,-0.53331592445356568,0.80084743884495457,9.3871549598048745,-2.0402808623868682,3.7578966879804443,,0.3085300451461499,0.2647058823529412,0,1
-0.033052290637607604,0.95231020501770625,-0.30333614935042025,-0.9980918245984064,-0.047288454112272782,-0.039705311703778161,-0.052156071108067796,0.30144497926952568,0.95205602183892724,-14.397216542766987,3.7764419050309592,-8.7620377069031736,,0.334678951722418,0.7,0,2
-0.875877661236656,0.21032010137410678,-0.4342853641381329,-0.082408410524954442,-0.95198801029021862,-0.29483500833249193,-0.47544418854514953,-0.22245063097607845,0.85115717723402196,5.0908454565925281,-14.90802103033111,0.23617937062884503,,0.4437342573086365,0.25,0,4
-0.83380185438529364,0.30713065699318493,-0.45874309494376164,-0.28609885723802597,-0.95106291393752296,-0.11673378953740959,-0.47214607009986015,0.033913025043530672,0.88086775126670147,10.655000060030739,-5.4970837211765238,4.2190545731582239,,0.08302777513403181,0.3333333333333333,0,5
0.29646373073097854,-0.74813567169608897,-0.5936347977476657,0.93051422604236422,0.36624227930695596,0.0031413342429177896,0.21506401719918153,-0.55331691604711286,0.80472843799772764,-16.18261069329818,4.7530914848205619,-9.6793635559990339,,0.3701401902291412,0.2307692307692308,0,1
0.19885384928809888,-0.84292877821877465,-0.49992821632101248,0.96547395695363591,0.25608520368451404,-0.047753606127167045,0.16827710797251588,-0.47317168480844635,0.86474931143536704,2.5672583946690803,2.139348425923131,0.37591548928054835,,0.172065483905219,0.6857142857142857,0,5
0.82793240034328841,-0.18944856320389425,-0.52786094983601684,0.30123085481501355,0.94414296189562363,0.13361900916552191,0.47306227134407758,-0.2696355121324705,0.83875430134685036,8.1793633633059901,8.4457317264584155,4.0819914151309566,,0.1219523458620242,0.2666666666666667,0,4
0.51509980998790306,0.731670807632956,-0.44646390112545903,-0.82632616047106022,0.56228928350480678,-0.031872216377376916,0.22772189677670748,0.38534217380581171,0.89423383229166042,-3.9622413725260754,11.439924328222492,-2.1748932994051215,,0.07287496001153271,0.1666666666666667,0,5
0.75176787983265358,0.49139748039745135,-0.43974261916597801,-0.54200937891828493,0.84028115051890839,0.01238633308270474,0.37559404683319053,0.22903297653756541,0.8980384221411748,3.2069663256820968,9.962487733963572,1.631806464304475,,0.07183889314230987,0.3043478260869565,0,2
0.83024528473349424,0.32210866560644963,-0.45490523707584773,-0.35587833758366727,0.9344532493756873,0.012154569918607428,0.42900276924104574,0.15179964516576921,0.89045690053537241,0.89974199147842715,6.513519258767074,-0.016002119469940897,,0.0658611600907016,0.1805555555555556,0,2
0.69871819466442453,-0.3532263996126912,-0.62211252604456058,0.56421739346131605,0.80672608204260643,0.17564669500991337,0.43983135104333676,-0.47373424952059612,0.76297067012471165,-8.0050533960992336,-5.5075780845353952,-6.0860105640932805,,0.3030623237018281,0.1,0,3
-0.59774391180710706,-0.59449320477938006,-0.53784760422323996,0.75114214170774585,-0.64976191263065397,-0.11659734064400551,-0.28015656131569944,-0.47369535185147815,0.83494012646780025,7.2458271597891279,17.641319343089712,4.4810656714948909,,0.1798317490924706,0.1333333333333333,0,1
-0.39957126905709411,0.79488346209914784,-0.45662137775773737,-0.87775608654857162,-0.47540068536043234,-0.059484795416691272,-0.26436159605933246,0.37703377838079982,0.88767025211440886,7.8580099947372863,1.6924745555952263,3.2310847714838773,0.4160989889807682,0.3824661720521166,0.949748743718593,1,5
-0.86653748735819791,0.17410943558381517,-0.46775921951750621,-0.053630241578987561,-0.96423747474392296,-0.25955710255672432,-0.49622230924367006,-0.19982991953195545,0.84488544967275392,-13.309737377621822,5.8548459481171795,-7.9577782348951249,,0.3743791871428771,0.3653846153846154,0,2
0.86423099484603705,-0.099284048243441558,-0.49320124220425998,0.19390322985502523,0.97032882383954677,0.14444206824174419,0.46422658799256666,-0.22046462616609808,0.85783974238212113,4.8077612759690531,11.790139056849664,2.6699958464550715,0.6187082022511943,0.4345788869957475,0.1304347826086956,1,6
-0.27240446937844831,-0.81505599330287071,-0.51135069457635118,0.95784927563746536,-0.28009453245959348,-0.063810798827663828,-0.091217159698320213,-0.5071792391919373,0.8569997952795898,-1.2315419985070579,-7.5309692756149813,-2.5313553832175084,0.1302749536880713,0.1005268144223869,0.631578947368421,1,5
0.72985607470779434,-0.38540924803240445,-0.56459704368976948,0.54574735371707694,0.82587809551063973,0.14172225395655566,0.41166726384659058,-0.41156419048164927,0.81310822218831758,-11.153077243073964,20.706876746001917,-5.492684104683315,,0.427630438591654,0.4444444444444444,0,2
-0.8914094903500126,0.20429278940441284,-0.40454119284850942,-0.06851398755926727,-0.94312372184997284,-0.32530520867730206,-0.44798990392938454,-0.26226342002120434,0.85470634986299332,-7.2371012138180264,-17.350954933054762,-6.6446212652201622,,0.2579452322417632,0.2222222222222222,0,5
0.69320339859123559,0.6377568038900886,-0.33576078876703319,-0.64938240749743947,0.7547629616289695,0.092926640883531864,0.31268440481480775,0.15362008607264352,0.93735229884000593,-15.981729951612909,7.4476867214174467,-9.2915063902167905,,0.3173645870431873,0.313953488372093,0,4
0.50005561707676804,0.77913244120791691,-0.37801722035823027,-0.84320084923439453,0.53754663818692217,-0.0074792796666648701,0.19737453655516646,0.32248449704028898,0.92576835195868679,-6.6445077040857088,-21.920649257942888,-6.5279614758764959,,0.2090394712372525,0.3333333333333333,0,5
0.8622193437226916,0.22785700484762411,-0.45239251613204351,-0.22543820687397603,0.97240162866012947,0.060105635847017697,0.45360270963901628,0.050162315745963457,0.88979116869473629,-7.9897491256261128,0.44773913395591858,-5.6826416163211748,,0.0733153849103402,0.1791044776119403,0,5
-0.6588698867200492,0.59731897511195076,-0.4572750970091396,-0.63694480709260592,-0.76638991660066835,-0.083353514926385833,-0.40023965956820451,0.23633987751547331,0.88541045690950493,-13.282215129679207,-11.875345225445413,-9.5376374838256428,,0.09653344482716525,0.5384615384615384,0,2
0.77360808207952569,-0.34996561927663711,-0.52825618847823963,0.43805802755973772,0.89772876601676033,0.046778490318698407,0.45785991289007766,-0.26759508214902661,0.84779547779989117,-5.8474083326331066,-9.2294094195401257,-5.1652013176040343,,0.6485322345538284,0.5772058823529411,0,5
0.84511008551451272,0.29509424693747904,-0.44576712394035611,-0.32624995922545719,0.94525589436512591,0.0072289884060379303,0.42349723430861042,0.1393222149995802,0.89511977575102764,-6.8767375914733062,-5.5145786517481197,-5.4758116456830406,0.3595455695848372,0.3647371963861598,0.8816901408450705,1,5
0.48389591727014142,0.75701975739310601,-0.43905105416770368,-0.84869386607470232,0.52831932118337765,-0.024442106118553141,0.21345599765868387,0.38444737192601325,0.89812958713245705,2.8374996694029386,-7.1107683263230115,-0.14451115413040747,,0.08459476494742155,0.3902439024390244,0,5
-0.71353918751961531,0.58708140633807593,-0.38235749006127079,-0.57563096761285582,-0.80235215111020641,-0.15773399992998396,-0.39938805314998482,0.10754742182373235,0.91045194000569485,-0.10196573405260861,-16.934028133546189,-2.6785408080484538,,0.1472233923700859,0.1,0,5
0.84123519790587453,0.29068790907450054,-0.45587704627690845,-0.3223135873692079,0.94659185611930718,0.0088209594600672549,0.434093645658924,0.13951486460767945,0.88999905019727099,1.973380540268989,11.433950388618248,1.1592455165352793,,0.08676815549107637,0.35,0,5
0.30796959760340725,-0.74257453611627344,-0.59475859410663279,0.92678845221048489,0.37541743944864675,0.01117635929615113,0.21498346866978074,-0.55465737574607654,0.80382666273842052,6.2882309699670325,8.7157178161047799,3.094806233440782,,0.1873034023827225,0.3333333333333333,0,5
-0.85998516125102809,0.24095736325155409,-0.44985005448805104,-0.18025938731855037,-0.96811465578922762,-0.17395564529398486,-0.47742232427022568,-0.068509578461441623,0.87599906503800085,-0.30426405061715572,7.0668678652988826,-0.79536162979220837,,0.07461191445312748,0.2,0,4
-0.77998964715935271,0.42079776289223958,-0.46319045010569448,-0.42957566193981594,-0.8982635860975996,-0.092667580954990766,-0.45506142551659773,0.12669559043616091,0.88140077511358883,-6.2442463839865336,18.454141211495937,-2.9104237743898413,,0.1986943287569957,0.723404255319149,1,5
0.6383058968708275,-0.51751024948415503,-0.56986728604015924,0.66661246725261303,0.74182086019971027,0.073004314091333622,0.38495895953115949,-0.42647972173528909,0.81848741372441236,-3.2705192099914622,-27.453572459534627,-5.0599425735649604,,0.2022857271759293,0.4545454545454545,0,1
0.65298003631032275,0.61909554335284678,-0.43627718297065954,-0.69798161688370985,0.71551478577307592,-0.029330084086348032,0.29400465076691001,0.32366541295101919,0.89933417914959413,-13.131183435992225,14.642830294306316,-6.9083831938667934,,0.1660607016732378,0.3333333333333333,0,4
-0.87908678311638433,-0.00181713764637829,-0.4766582903515475,0.17683461094679753,-0.92987517326285063,-0.32258593044439637,-0.44264652728941706,-0.36787071120185189,0.81776230759216439,9.6966040622092837,-17.125939140786983,2.6809298116121778,0.5142752466520482,0.4886789069703069,0.3055555555555556,1,5
0.11878296736215829,-0.74376496463383435,-0.65780261784814553,0.9732804506178786,0.21833064882406272,-0.071111829037961538,0.19650895936241913,-0.63177955424918308,0.74982586226603565,-13.469862230224908,13.046496072079536,-7.346145047447977,,0.5275115681157733,0.282051282051282,0,2
-0.79615172800399248,-0.33267689049586163,-0.50543893056061873,0.42452156570572835,-0.90232368091994253,-0.074789137592589941,-0.43118889856652654,-0.27411322730049154,0.85961507221075117,-8.8339229141209881,1.9218437160352457,-5.8515736082131005,0.6222223299091201,0.2751205987485943,0.7626262626262627,1,5
0.3220267318668335,0.87512990114629308,-0.36117369793888043,-0.93913022042359728,0.34352541473039661,-0.0049717724640140123,0.11972139762921055,0.34079017819471852,0.9324853035816274,4.4544857130243027,3.5411380567426294,1.5851831484677159,,0.07422601909519115,0.1147540983606557,0,5
-0.39264038948629815,-0.59307029661412813,-0.7029232872924891,0.90567719698570137,-0.38225956308800563,-0.18337513814007264,-0.15994480111642184,-0.70862207819245782,0.68722078758869842,-15.718239187266899,4.0167968955499784,-9.5639595785848037,,0.3912132785863603,0.3636363636363636,0,1
-0.23090283588093891,-0.82284590367151456,-0.5192383837825828,0.97051764588511991,-0.2326990257344948,-0.062822467699237841,-0.069133055825306725,-0.5184358998306593,0.85231733430631895,-4.4781532964313273,-5.2129199162289446,-4.0787088196866508,,0.07212603824628623,0.3,0,5
-0.86773058925719582,0.15324136525405013,-0.47282206848077052,-0.13565218202401064,-0.98818622086846797,-0.071319551301308806,-0.47816535840594321,0.0022531890222791647,0.87826693730308747,-1.4671259930473164,-0.62782266906857931,-2.1957064375695245,0.1773258531304237,0.1631607078945811,0.7232610321615557,1,5
0.23964545294499365,-0.80541368409561165,-0.54210594384707111,0.95200420246602291,0.30446038601606162,-0.031493996792769298,0.19041548090904029,-0.50853974359776977,0.83971975909329066,4.249734647725453,-13.646490792575902,0.054078416412034848,0.5337216219618649,0.6094787489961755,0.8461538461538461,1,5
0.39242778177147836,0.82873872215433186,-0.39898943155918809,-0.90579085545577043,0.42358021048108668,-0.011078423240850527,0.15982290907946251,0.3657484595877406,0.91688859849088233,-14.143075631792582,6.7731281271530879,-8.3758020076280459,,0.07194875499709036,0.1794871794871795,0,1
-0.36560479423222786,-0.6592524571156414,-0.65705352310249576,0.9192785035493608,-0.36634174152281929,-0.14394707822695685,-0.1458086669113334,-0.65664292138499369,0.73997290926663162,9.4130449207721281,1.1875145283142261,4.1249620838237195,,0.1053061109383626,0.1818181818181818,0,4
-0.3355453415733835,-0.77083097886922969,-0.54150616410518004,0.93140769263463663,-0.35752973955848183,-0.068207004275701574,-0.14102848595026082,-0.52724954940402624,0.83792534202268143,11.901504834281861,-10.364284232671352,4.513629546061968,0.7693227152238176,0.6500239406744072,0.6666666666666666,1,5
-0.76622019307366396,0.50587701517624273,-0.39622602292445896,-0.46340654783938279,-0.86218913680040887,-0.20465645311827499,-0.44515276832312756,0.02680182642549566,0.89505344809933796,-6.0633699161539791,9.4078764172132097,-3.4301326037723121,0.6045748262708751,0.6836614934260351,0.4381625441696113,1,4
-0.58715105451329541,0.69889617653525427,-0.40840883145241652,-0.72385009973866343,-0.67916104004951883,-0.12157843060009912,-0.36234606703019767,0.22424186964806275,0.90466618794143561,-3.4584647544024545,13.371385119852066,-1.8274179377386377,,0.08169533342571927,0.25,0,5
0.78068680791501466,0.50030303385666808,-0.374466263181716,-0.48432548979398982,0.86306141924534674,0.14336598810742784,0.39491382336311842,0.069439620707639774,0.91609017634330192,5.9076483320021387,17.155303571353858,3.8735293771645929,,0.2547677521503756,0.2631578947368421,0,1
-0.68336658710055309,0.58321266954889239,-0.43917318874471029,-0.59855065820399034,-0.7919883349993907,-0.12038100675963315,-0.41802777084556492,0.18060304344763245,0.89030069274337886,14.086800664044544,3.957953185237657,6.9827863959521812,0.7320004634824986,0.7487252349551848,0.5238095238095238,1,5
-0.60588261872886406,-0.61775658580144632,-0.50128141100702561,0.74608381824469594,-0.65994741183686623,-0.088477962020142034,-0.27616152605978572,-0.42760520846776678,0.86074885838760662,1.4974398481150912,-8.6562506533339221,-1.0796255045936221,0.1942758820317755,0.1338385369547391,0.4117647058823529,1,3
0.87919767392864501,0.0023571689544114715,-0.47645135524309329,0.018639967144977471,0.99905204553655325,0.039339063716142729,0.4760924298739625,-0.043467850921674697,0.8783202970175269,2.2046973608688396,-14.183354786832693,-1.2830890630131624,,0.072658942209893,0.4583333333333333,1,5
0.88106867306180636,0.040867085441612987,-0.47121956100804591,-0.033064503935031644,0.99914475735867203,0.024829265438391906,0.47183125365816719,-0.0062956469236889199,0.88166639547006342,-7.9560795639242787,1.8439799268814074,-5.3766818681928514,,0.0690082243853252,0.2083333333333333,0,5
0.13346024440837267,0.89696684770843027,-0.4214722259822824,-0.9909789660229833,0.12601975300280654,-0.045603845815143859,0.012208687991639376,0.42375641111977785,0.90569390633503177,4.3521844024267509,9.5757530395805812,2.1721623543059585,0.687922300967996,0.6988601264744693,0.7317073170731707,1,5
0.69345932455141102,-0.52678725704787788,-0.49153774118034405,0.59305588092937744,0.80474852452238643,-0.025778564237039236,0.4091440911070105,-0.27363296236202261,0.87047464903993788,-9.9971579994011783,11.298989713640381,-5.6587697261094894,,0.08490209807377443,0.24,1,5
-0.50388218846681077,0.81786798358444834,-0.27783934489810203,-0.80230489772823999,-0.56232190070238841,-0.20025216870668849,-0.32001498594155908,0.12200836618020147,0.9395234788736585,5.0160462081329191,1.2217542949142466,1.6603645732653258,,0.1862714903072618,0.131578947368421,0,1
-0.744314444713157,0.51258766769610253,-0.42807696774904319,-0.48635705527698159,-0.85532566716839797,-0.17853520063348449,-0.45766016013374833,0.075311924745059863,0.88593187763932879,7.178502973797162,12.027764474563748,4.1018727621037696,0.5214672512547087,0.2130734418696737,0.3142857142857143,1,5
0.39794615653600546,-0.68737524048953658,-0.60758055865882699,0.87103511718761983,0.49099084851976954,0.015027018858894856,0.28798729333803946,-0.53520394751140221,0.79411589421446638,1.0910462293064367,-6.3850218386060851,-1.1166854281120875,,0.1926615217214057,0.1886792452830189,0,3
0.24361482489833167,0.92498980357581806,-0.29162592540877585,-0.96874761494641615,0.24654663616436842,-0.027254627710992376,0.046689138194931777,0.28915155105377555,0.95614408166228282,-12.043190156573942,1.29407425927071,-7.7037017766033467,,0.2322854680853736,0.2941176470588235,0,3
0.1325002108685141,-0.75264114920607206,-0.64496123499134705,0.98299343682179596,0.18325442550653784,-0.011904566247596138,0.12715186701371697,-0.63241530346286901,0.7641225599737872,7.6271035703284999,-5.1254705542677952,2.5628881202882035,0.1614200167267438,0.1188149659494986,0.3478260869565217,1,5
-0.58420606344860238,0.68756645001289807,-0.43122575554638171,-0.72893581796884743,-0.67813632871729312,-0.093721358056301995,-0.35686951216372359,0.25958331319730682,0.89736316772950608,4.110717574406376,6.8271024945496501,1.6590998856307138,,0.06455794468000944,0.2352941176470588,0,5
-0.77899737398386482,-0.39970073663813327,-0.48311738993455405,0.48647433037384075,-0.87138561751163379,-0.063480953688421132,-0.395608161206977,-0.28447570498164126,0.8732512559748381,-4.0277408371465624,9.5390446987167081,-2.3810748221719469,,0.06827668287556597,0.4615384615384616,0,5
0.33920780044910048,-0.78223003876391417,-0.52254591623118496,0.91027481496969476,0.41309144472199533,-0.027481257783847045,0.23735591281105881,-0.46633853020407789,0.85216814414804842,1.3716266199529596,-1.7207725150305773,-0.65004086331297606,0.164871402842903,0.1246692643261425,0.5714285714285714,1,4
-0.68492216666615624,-0.49617639401167357,-0.53356406516454036,0.63965016700568211,-0.76013020843472123,-0.11423541515042301,-0.34889724770903585,-0.41953671144556459,0.83800934260335047,3.3016844277187878,5.2814392031977055,1.1178421334655304,0.5376993161704197,0.2900400799318653,0.1296296296296296,1,5
-0.63824274118162205,0.64758838991557777,-0.41626371518007604,-0.63359797693206055,-0.74900498335564736,-0.19376567945848161,-0.43726400144142863,0.14007430940381868,0.88835768747080357,-2.7254851944964318,16.832742234270686,-1.017342455046099,,0.7339510442755337,0.2903225806451613,0,3
-0.85894559777660551,-0.033890391564289989,-0.51094412749322338,0.24075532825722876,-0.90737195775544166,-0.34454753256236359,-0.45193952247612301,-0.41896010745496765,0.7875424410058024,1.2195739470776372,14.427856849637539,1.0093826648840458,,0.4837145656153232,0.1594202898550725,0,2
-0.88324822485157983,0.085096610322497643,-0.46111944245298769,-0.021021437087220842,-0.98959206665399002,-0.1423574402631381,-0.46843427765196816,-0.11604356305761171,0.87584428923957292,-6.9595418345180091,15.524445575006856,-3.4399527822396792,0.3797949938428357,0.2340845036961096,0.3809523809523809,1,4
0.84682293481116577,-0.07008362907785394,-0.52723732987439609,0.2427708879615193,0.93292587675595995,0.26591653660030157,0.47323695231477875,-0.35318209667875555,0.80703729377855793,1.8834415386512173,8.5367066735121213,0.68042235622136626,,0.2602382968783519,0.4047619047619048,0,1
-0.64173459554415269,-0.56974746552482036,-0.513385366376787,0.69920445265857445,-0.70967959713047279,-0.086417606997386751,-0.31510290741947689,-0.41441850217476406,0.85379591401635258,3.9755046358322295,1.6461205460639141,1.1304998170772278,0.3093771145791169,0.2773478758391432,0.34,1,5
-0.87114422942049818,-0.001873663853763902,-0.49102364599999682,0.18122163190323826,-0.93062309685493294,-0.31796127394772694,-0.4563621935236245,-0.36597423540994978,0.8110464890118253,5.1537268897006197,-9.1064201712789412,0.92265726801962133,0.5288643951477698,0.4076459945470068,0.2105263157894737,1,5
0.71686951432930945,0.53892487488872909,-0.44233254306169795,-0.59404590203579122,0.8042487784513993,0.017128007295549075,0.36497611661551826,0.25048728827148237,0.89668754464119538,4.9820781725614074,-5.5504681915537883,0.93920754777727722,,0.1706060643097428,0.34375,0,5
0.88396309075571222,0.069369951426126439,-0.4623819460367648,0.017392469148794401,0.98336929805949558,0.18078253690797549,0.4672330855135548,-0.16784705381123655,0.86805564932691459,-6.7313555028444521,-6.7319864567169967,-5.4612073959760519,0.5228100164178431,0.2615629160648202,0.4358974358974359,1,4
0.37994663448120108,-0.76331405347102088,-0.52248656510962033,0.89283656038677817,0.45029885000233061,-0.0085919801726352212,0.24183347862344642,-0.46323061369065344,0.8526042265650956,-12.974418150087539,24.840754969005889,-5.8459354645003074,0.7672840045503679,0.429512469287589,0.6666666666666666,1,5
-0.6144522126649179,-0.5378088054381428,-0.57724359428614236,0.73362862522412609,-0.65864208036483707,-0.16727118766971782,-0.29023700419303045,-0.52626257587432268,0.7992560182014129,-8.3242192498042407,9.8081972285151604,-4.8682818164336314,,0.08378343839331195,0.2545454545454545,0,1
0.16811002531324931,-0.81613700139973555,-0.55286473421211113,0.97368553926657664,0.22501810070598205,-0.036101592455592225,0.15386841785218899,-0.53224735725123318,0.83248859492892968,1.3350769729772209,-30.9802718630377,-2.5335792596488709,0.3803293414761003,0.426038067849329,0.6666666666666666,1,3
-0.70834778092652806,-0.50499360621111289,-0.49317834395111088,0.63802982133797115,-0.75693000556505829,-0.14133263515097502,-0.3019294095312699,-0.41477514916057523,0.85837067010640711,3.5779346253702107,-10.048970162819066,0.0073187232857767964,,0.1313803767215452,0.3181818181818182,0,5
-0.037491360676433244,0.91366281868645582,-0.40474022733668258,-0.99624121926579368,-0.06582383087703865,-0.056308581268533095,-0.078088609351387256,0.40110781223829439,0.91269638547053233,0.94908561923785928,-16.905473638259799,-2.1139539663002225,0.181605024161559,0.1535212515838119,0.5384615384615384,1,5
0.4842351801392395,0.79392020791383178,-0.36770503638320906,-0.83822991073399344,0.54141616585058439,0.065108771348677652,0.25077262024870278,0.27669340220126548,0.92766041961047851,-9.8575732935832114,16.88548280925777,-4.9668960540169573,,0.7023230622662187,0.62,0,4
0.83358141241352912,0.31833234690460438,-0.45144938342285301,-0.35426088464080252,0.93513180512917404,0.0052661797700051752,0.423841072210072,0.15554106837122006,0.89228118973659698,12.116014856824888,10.895657043948285,6.6426234147919221,0.521585501654403,0.2040439117798424,0.1666666666666667,1,5
-0.28815405505200031,0.85132031710682887,-0.43843010644596131,-0.92669708597033185,-0.36326159072043052,-0.096299156597332403,-0.24124624641884873,0.37854290957352565,0.89359135750096941,-7.4203335060116018,-11.249826449003173,-6.359379329845595,0.442003283058756,0.3001035260859732,0.2285714285714286,1,5
0.87986529866005314,-0.04277298214128359,-0.47329433570728163,0.035510504128497378,0.99907445061870881,-0.024274394275960592,0.47389456666055513,0.0045512767072821122,0.88056983003617495,7.150349746038585,9.5648802130392916,3.6741584701214514,0.3335039393479323,0.3027908632486529,0.6417910447761194,1,5
-0.86921318899883415,0.014620260733490415,-0.49422128651704372,0.17948553714294146,-0.92204783086520847,-0.34294713813250222,-0.46070964177775425,-0.3867997486721631,0.79883201012488514,-1.0997993345402985,11.822915565305589,-0.44033240061692741,,0.2522373553803083,0.2105263157894737,0,1
0.87238526083456946,-0.063443477694597919,-0.48468431150246305,0.16906151604893901,0.96951089256631184,0.17738893140923112,0.45865254874451078,-0.23669295370435006,0.85651286341588329,-8.5628792157788958,4.9705711929545959,-5.4596261741177088,,0.2780756026821639,0.3157894736842105,0,5
0.88238738198678524,-0.012934217599503828,-0.4703458452305026,0.012825765807031389,0.99991184530497634,-0.0034353093397946639,0.47034881507448312,-0.0030012720445804892,0.88247548664206166,-4.2457258513451643,-7.1135085827888824,-4.0864395463929011,,0.1017779974275802,0.4883720930232558,0,5
-0.23042284648724418,0.91780633143578028,-0.32332158881384598,-0.96035612781172675,-0.26806545474011623,-0.076531168483435413,-0.15691213971895596,0.2928693393842523,0.94318933966486795,8.3384754943601429,-7.9860924753107643,2.8019799897780433,,0.6169874124529875,0.6904761904761905,0,3
0.54840870667067432,-0.59231414656145276,-0.59026421391693518,0.76779324911798497,0.6363132774019975,0.074826062376533331,0.33127242121348832,-0.49423614273453059,0.80373454458437121,2.4370379032596476,5.9115701893540731,0.68434239430443422,0.4096202337070719,0.1393705312596544,0.1836734693877551,1,5
-0.87897138212454906,-0.01484763053504414,-0.47664332290881306,0.068991016921041773,-0.99295903498453764,-0.096294311497493887,-0.47185755158761694,-0.11752405162378748,0.87380692850289809,-8.5189877338784203,15.180180066882217,-4.3742934144335068,,0.07605968979649577,0.5454545454545454,0,2
0.14105912739510928,0.92122974152271475,-0.36254390894417615,-0.98982971996068536,0.13805273727992751,-0.034330266705501794,0.01842411629039304,0.36369933332838517,0.931334175726096,11.11121796357703,7.1002981828734812,5.6360333889889187,,0.3546147346592698,0.2222222222222222,0,2
-0.21721384639897673,0.89732247459502035,-0.3842271743633332,-0.96056343186253368,-0.26649898444022396,-0.079348501314145184,-0.17359734531678006,0.35183898004484759,0.91982242515605583,-7.1364590894510522,-0.29451530177460511,-5.2148162644849414,,0.06802631281582924,0.1851851851851852,0,5
-0.2616362646377946,-0.81056912308069773,-0.52395053367142586,0.96154885900557796,-0.2658626321343267,-0.068853849418023763,-0.083488063646572436,-0.52181870179478773,0.84896112142179359,-0.67074750414310857,-21.210167622274152,-3.1189251397329101,,0.1296284489632624,0.4782608695652174,0,5
0.065001987197516944,-0.82157160153147613,-0.56638753977941658,0.99498543950254414,0.096599724404234921,-0.025931996123619724,0.076017871834874531,-0.56186172391615363,0.8237309550816122,-2.6497152218002786,-18.28418684768538,-4.1122333043397745,,0.2328603945828477,0.4838709677419355,0,5
-0.46201560084074123,0.81186247475999218,-0.35696065141181954,-0.84442537035249976,-0.5257255802855163,-0.10275411494680521,-0.27108555565506048,0.25395262611368841,0.92845069077746312,-12.181626588194089,16.64060123220996,-6.3335449276755016,,0.4504434002079805,0.5652173913043478,0,3
0.71640531885130609,0.58810295543248692,-0.37536426699025799,-0.60513451165073007,0.79154844048228901,0.08522493285001409,0.34724003503454454,0.16609027720378833,0.92295090762595688,1.2929997999346148,7.774017779059994,0.19857838553129317,0.4332394581903747,0.2094490112855711,0.2916666666666667,1,5
0.81662600650798889,-0.25451645567001518,-0.51801866693005238,0.34499074588278422,0.93478827085357696,0.0845711175864471,0.46271303282926368,-0.24777462030594202,0.85117823443870544,-0.63755185273708359,-5.0754451724481173,-2.060715915787855,,0.07418688193207798,0.3495145631067961,0,5
-0.33386724899631581,0.8969533636188175,-0.2898401689561379,-0.92417273483694073,-0.37200932544694171,-0.086682281721940105,-0.18557320989744847,0.23892200667456701,0.95314157316474046,2.6741910623063125,15.245196553359509,1.8884159095920536,,0.5727848873321139,0.6976744186046512,0,3
-0.052004267672326396,0.93634251998109352,-0.34721497867937812,-0.99487351709132199,-0.078771463893982915,-0.063417201659663192,-0.086730854568650845,0.34213702189540202,0.93563882834902534,-1.6858119890205452,12.862489234997131,-0.8429407459346262,,0.07940284352679602,0.4444444444444444,0,5
0.87995408261948327,0.039804956758163194,-0.4733881894373631,-0.028268957793190129,0.99910508984438406,0.031462445428355225,0.47421691081886846,-0.014303316556874392,0.8802918474170276,5.2060363797886868,8.3213166297526548,2.4978342632462391,,0.07427366751425379,0.2903225806451613,0,5
-0.46365938705078541,0.77156341788237515,-0.43555695951891188,-0.83198653118734978,-0.54818261846037475,-0.085406257035242572,-0.30466109814436859,0.32277811109738563,0.89610038850224394,1.0970654360663519,17.005781821045883,1.0531319635704661,0.5080533321033683,0.260935537190721,0.8695652173913043,1,2
-0.40229576911680998,-0.68435285729038609,-0.60812768467584,0.90344539300247184,-0.40423844363046318,-0.14275049055547584,-0.14813688269071459,-0.60683807346746488,0.78089885169397699,-0.4825957340713532,11.161181879576521,-0.27448424929342813,,0.4751239742456997,0.1882352941176471,0,4
0.73711065592237035,0.50795232818180514,-0.44570428898584419,-0.56780974224555036,0.82315930310203611,-0.00092645971946520511,0.36641503453970692,0.25375814077828907,0.89517977437608087,-12.353536736657082,-1.307801622462587,-8.1320537149644778,,0.1860050715913665,0.5,0,1
0.78986872167122846,0.41913741540321664,-0.44769546517088249,-0.46354664239967724,0.88599600538354195,0.011644258859801884,0.40153693833251147,0.19833029383712336,0.89411027379235208,6.6095676581529252,10.992300122156156,3.6340220002284291,,0.07273468915769027,0.2727272727272727,0,5
-0.79609421594728391,-0.24093760934416092,-0.55514238510385794,0.44175171011038139,-0.85834542945454551,-0.26095698946195256,-0.41362957576777931,-0.45298144789606176,0.78975843263124101,-8.7513349025153744,8.4401329230550424,-5.3262301325795924,1.080665376302134,0.5037557997372447,0.4069767441860465,1,5
0.85913424164243057,-0.075285232428640964,-0.50618226817585366,0.21458609540945281,0.95095943017636964,0.22277560417505321,0.46458708817014199,-0.30001382624272549,0.83315697294614843,-3.3531031585764932,15.34723852960841,-1.4801805305943536,0.6916582636599007,0.3278706298423302,0.3478260869565217,1,4
-0.8382755260193574,0.2965579671075787,-0.45754509572498897,-0.28121112742248883,-0.95408313063361927,-0.10317791262728838,-0.46713428935450846,0.042175253234235217,0.88317993847453624,-10.970835916549873,15.002983343180169,-5.7616088958421061,,0.1008375442547607,0.3125,0,2
-0.61826961914315004,0.69586489912580485,-0.36539666146424743,-0.69126799568347985,-0.70267363578847442,-0.16851801005100484,-0.37402036868107691,0.14839745190682899,0.91547089526605463,5.3198019213121395,-10.804737175228972,0.94772177194012963,,0.07335679629045824,0.5,0,5
-0.85199820431926299,-0.19669025236336768,-0.48519274980360894,0.27576849848577878,-0.95636245376068629,-0.096553572071359894,-0.4450289822917734,-0.21606434611493638,0.86906006884350318,1.2899176631154698,-11.657502629281201,-1.430025383920297,,0.09567404573861948,0.3636363636363636,0,5
-0.71149750798729161,0.62211548843609354,-0.32671641399812695,-0.56475708106472033,-0.7829246758899423,-0.26091836131228174,-0.41811569632714285,-0.0011273555563013613,0.90839308317177248,11.76407445269958,4.6375660490097719,5.6656375839410815,,0.3889263114933379,0.2,0,4
0.85446602235499802,-0.049978999208112003,-0.51709758873832035,0.17393327968764755,0.96543906400050583,0.19409953096009055,0.48952531176429276,-0.25579193368826958,0.83362788809041721,2.2813474196315204,-10.994627935300656,-0.8740861429161596,,0.3159487049535162,0.32,0,5
-0.53532807787465864,-0.63647408880535816,-0.5552698292888002,0.80428365203755736,-0.584903111193251,-0.1049578847995014,-0.25797607661206406,-0.50278134889417392,0.82502076282964054,5.821022193656864,-13.28916571013581,0.98529821674468154,0.3779338609109024,0.4192650377406067,0.7254901960784313,1,5
-0.84308918306075986,-0.16734302310384694,-0.51107430186265923,0.28329482643373877,-0.94599767184663963,-0.15758314052148431,-0.45710466057765908,-0.27764134684733355,0.84496781701966628,-11.369843152128087,12.421218698675476,-6.3439797822402362,,0.1410083212380828,0.2,0,5
0.63054007653045996,0.69132476358188688,-0.35283038863937277,-0.71680190706104174,0.69302358321998181,0.076898238826328805,0.29768143698023186,0.20442207405117993,0.93252205213496075,3.5995098291007102,-4.5676921622044135,0.32724632798491249,,0.1240613882580583,0.3636363636363636,0,3
0.42259425552681523,-0.75358668808359974,-0.50350888645477754,0.86033843116021613,0.50825849896653241,-0.038614532200549993,0.28501206827872505,-0.41686976595992259,0.86312671095500471,2.0533567856012427,-15.567608527616523,-1.3879974409176263,1.053843579482885,0.8123693111673521,0.9823008849557522,1,5
0.50303099438632748,-0.62777635624938954,-0.59401739471242987,0.80317192128431547,0.59338105016241371,0.053045208724374369,0.31917813763972647,-0.50378147627953795,0.80270140189889128,-1.3993349797876822,0.96695537356214545,-1.9049295652310001,,0.09464816888383169,0.3384030418250951,0,4
-0.59805790070864173,-0.59773466521176977,-0.53389139101894656,0.75372069390492691,-0.64593533049675633,-0.12113077394090017,-0.27245524949878963,-0.47484820608297473,0.83683171438487713,-4.5919076845490521,-25.157910627191047,-5.6585459186731839,0.8444610227273875,0.8421899288848511,0.7386363636363636,1,5
-0.68305646599485903,-0.51674193001793833,-0.51615079388096496,0.66106811765441165,-0.73787675891732774,-0.13611330747033135,-0.3105202216981478,-0.43418390851227584,0.84561310627587649,0.95708573685264953,12.124635560660593,0.64147552043468092,,0.2896346108032712,0.3611111111111111,0,4
-0.86087564299255548,0.23531570214551922,-0.45113151921132327,-0.13429960766223542,-0.96027506377963634,-0.24461279047667514,-0.49077157892845091,-0.14999440725166199,0.85828021945591781,6.0684682197388247,-5.8010426694740076,1.6272423533530291,0.5428123983274256,0.5968326972703007,0.6862745098039216,1,4
-0.19773526091935989,-0.77478514519082375,-0.6005070735476713,0.97958068692081957,-0.17890687504068845,-0.091727901289150912,-0.036365428649878337,-0.60638297210163361,0.79434076235851148,5.9210860258422011,-4.162857141011699,1.7385519655823669,,0.1094006091261119,0.4,0,4
0.61817082774154786,-0.55518161091134144,-0.55645144139917246,0.68674775029415791,0.72586429049724754,0.03871122895026001,0.38241646825841796,-0.40607192797189795,0.82997785158276549,6.5014009969387221,1.8015125571244961,2.5540072209512754,0.8883940938655066,0.5428047766707149,0.1395348837209302,1,2
0.37227227864789675,-0.73063778216716935,-0.57234760576082011,0.8929554641464672,0.45010202003930849,0.0062217849128220291,0.25306894238778133,-0.51339712000202553,0.81998750452208469,4.0593493387830666,-6.0887915316989023,0.46168412587926017,0.5616814727911718,0.4558595136076007,0.3870967741935484,1,5
