axis_00,axis_01,axis_02,axis_10,axis_11,axis_12,axis_20,axis_21,axis_22,location_x,location_y,location_z,dbh,dbh_approximation,score,reconstructed,number_clusters
0.19763662585765573,-0.97465142485549527,-0.10485401349855485,0.97112273257017445,0.18008547840831393,0.15649236004318803,-0.1336428165111733,-0.13275473812110355,0.98209764132766264,14.60172918679965,-5.6532219410451923,-1.5471881586209542,,0.2631413858419574,0.1578947368421053,0,5
-0.61582138630266792,-0.78785878028935363,-0.006523993656714148,0.78604801262379453,-0.61492912468937677,0.06317193569094097,-0.053782357910784562,0.033774456764387874,0.99798133451875082,-6.6398608027528576,1.7714307317272342,-0.76036554421974123,,0.09062171203853704,0.3050847457627119,0,5
0.64946311316957051,-0.75780107643449846,-0.062731118169592828,0.7393998933842133,0.61012836527390824,0.28465975400748933,-0.17744143342383667,-0.23125939211825719,0.95657390266596243,15.521620192376453,-18.739482880880637,0.19604328789829836,0.5459489648918812,0.416067155929793,0.5,1,5
-0.79015350725137457,0.58668207040124898,0.17737413353715417,-0.58778966091854579,-0.80734540628851237,0.051929851358328095,0.17366850461615957,-0.063226127625699194,0.98277245957029424,-7.3447118677479741,5.1507552989190177,-1.1486754404404502,0.5935114572501973,0.3919280086434527,0.3006535947712418,1,4
0.59276627515899105,-0.80359406946421175,-0.053523028278343737,0.7949218429826036,0.57310718773528069,0.19911658623856493,-0.12933447561759251,-0.16057622142803901,0.97851309164906752,-15.455739944455221,4.5450546295940555,-0.30665766818973184,0.6767549814546767,0.4276709416459794,0.6716417910447762,1,2
0.42389159708120566,-0.89453587352048047,-0.1418502199818385,0.88817649229272089,0.37988413901605605,0.25851607196193432,-0.17736525156451338,-0.23557082142952429,0.9555354287667599,-5.2274097621325595,-15.564979519519779,1.3615481152756277,,0.4613995613602428,0.3714285714285714,0,4
-0.019098137103990127,-0.98885978250201778,-0.14761975379067643,0.98320415018165785,-0.045378781887496382,0.17677772829169189,-0.18150719055927617,-0.14176422928394095,0.97311769230181455,10.4146303381845,-1.2557854404706588,-1.785932120557234,,0.6622344812648168,0.7111111111111111,0,3
-0.23798818571908978,0.95870346755340763,0.1557218185072626,-0.95598317796448573,-0.25954434433087936,0.13686817297961296,0.17163270931573416,-0.11629443076487701,0.97827287525823492,-14.814723130477425,-4.3631066994542076,0.87293814714664353,,0.08442070747528302,0.35,0,1
0.96523859467583828,-0.24006273014821719,0.10336508570110493,0.21867894568016472,0.95835148275896198,0.18368983153650636,-0.14315716560628092,-0.15470074688728144,0.97753450314968016,-2.8700013504297912,9.2970450540037923,-1.9119739416958568,0.6109980947881927,0.5717405816020081,0.7760416666666666,1,5
0.30940620980494665,-0.94886781690055921,0.06259124047744459,0.93539516780008658,0.31554050082059443,0.15959345975990777,-0.17118316912122594,0.0091683363952434881,0.98519656120865451,4.5873806384071623,9.200856909674112,-2.567605281671455,0.738977355409565,0.5969651424613514,0.5084745762711864,1,4
-0.12327932238527095,0.95556718363279669,0.26775654284501155,-0.97936946310464101,-0.16068598488342403,0.12253762279467749,0.1601176548989994,-0.24712622650404395,0.95566257892810469,-7.015429428854004,8.7898221846083793,-1.5911139100126304,0.4528107732691854,0.3777398858690856,0.576,1,5
-0.5120691298509199,0.80643214291010434,0.29572352820690129,-0.84566447528386335,-0.53363699511704066,-0.0091188094246326887,0.15045531395264491,-0.25475234311752998,0.95523004673195766,-1.9775863104279197,13.238717942500756,-2.4427187074712942,,0.2871230742787916,0.1,0,3
0.63984929934632084,0.717467059705446,0.27537954238404,-0.76623569011808479,0.56810931257450259,0.30022437635106752,0.058955418031623623,-0.40310399055795409,0.91325321323331121,-4.4648641431164631,-6.02021033976387,0.056189491887779115,0.3020966329070279,0.2236858853268465,0.325,1,5
0.24192694587037331,-0.96911884667910231,-0.047749490816127213,0.95409169624737555,0.22864306611058463,0.193471919077047,-0.17657969309532193,-0.092363463181697331,0.97994316297193662,-1.8684633125475003,-7.2727109930765641,-0.0030763913187661319,,0.2543508500911159,0.4615384615384616,0,5
0.84702102144106961,-0.53042494011996366,0.034709827652428478,0.50858266674273811,0.82766947501733668,0.23729077355298103,-0.15459320918388739,-0.1833374566837345,0.97081837469784604,9.858315813779523,1.1123223544792933,-2.0159049070373105,0.5093323739712707,0.4621811462313355,0.21875,1,5
0.70952088548658032,0.63523676954074426,0.30504812682883325,-0.70460876740376077,0.6331855558203433,0.32031630741852252,0.010324628617692897,-0.44221069471907182,0.89685177343861222,4.7054169281885807,19.767182939768468,-3.8234891617779452,,0.5276340673780961,0.6666666666666666,0,4
0.40327064603299279,-0.91290047550263931,-0.063130878935659981,0.89876255880378075,0.38216504667842005,0.21488541130044803,-0.17204257885946289,-0.14339664892994239,0.97459671256117475,14.101234387052182,-23.470288931179205,1.0051826249175817,,0.3137203577835644,0.2777777777777778,0,4
0.99495750513006187,0.029130358598771895,0.095973877660896365,-0.064955959848464029,0.91625672446570583,0.39529019485883954,-0.07642176565302887,-0.3995310214229697,0.91352869503655454,1.8199154818965559,-17.004759494159362,1.0207413503540874,,0.4962570099204909,0.4166666666666667,0,2
0.41730328192694244,-0.90843903533199144,0.024423144312037164,0.89147115599723092,0.4144314703766015,0.18310033966776715,-0.17645721554520358,-0.054635843972358135,0.98279080970238231,21.471483703686516,-5.2531169740883366,-2.1702159986760376,,0.1274330133634877,0.375,0,5
0.37487450516861848,0.88144564936240044,0.28726759753699743,-0.92186973987699661,0.32163040248771158,0.21612511861121064,0.098108552500282067,-0.34584310231040827,0.93314910947319119,8.5136291100562236,13.77982270550487,-3.4080080184235588,,0.2169314776149208,0.2857142857142857,0,3
-0.36593707043552881,-0.92890976027039895,-0.056716115482744404,0.92482217798494748,-0.36977719820967925,0.08926792700279948,-0.10389417494855183,-0.019785877756340293,0.99439153227145383,-12.41824442972236,15.996394729857288,-2.0027228094403942,0.6052984878649457,0.6145741093261826,0.5,1,3
0.25084750094966718,0.92581301491464685,0.28274687033097134,-0.95944201742248325,0.19896805469913309,0.19970660583345465,0.12863338008302022,-0.32137513068670259,0.93817454607579398,-0.6307645183057029,18.084326854714746,-3.137004041844615,,0.245844924362088,0.3333333333333333,0,4
0.48938456945293013,-0.87203727912290296,0.0073298704826640073,0.85404144730618503,0.48095165473224011,0.19823902767486293,-0.17639713564716775,-0.090755108011849106,0.98012629844588395,-15.520333394944288,7.5242476637479987,-0.73605835624089277,0.1668602294008192,0.1673500714979816,0.375,1,4
0.27830478912308593,0.93410252168030483,0.22360439025576045,-0.95310314568223842,0.23975343795671836,0.18469619021126543,0.11891525571505394,-0.26451988200970761,0.95702058179528904,6.6590672540077716,-3.840039857557108,-1.1352430310247494,0.344962611189953,0.2661071775866596,0.25,1,4
0.21275987612011282,0.96595212463979685,0.14720641296226455,-0.96736351818865263,0.18701457867423871,0.17097769164709523,0.13762651921423577,-0.17877930603724673,0.97421604428474351,11.498604821274959,-2.0360801980219341,-1.7589439340583257,,0.5895922520406337,0.8372093023255814,0,5
-0.83292239623577347,0.5392979334837037,0.12408876173555998,-0.54001367925088251,-0.84109554121357899,0.030716718128124099,0.12093596682039234,-0.041424986310729835,0.99179557492377091,-2.5112610412642211,-12.626101295778087,0.71708756283656006,0.1659078733120521,0.1617576835377747,0.175,1,5
-0.89153780416871209,0.39391898086847293,0.22358036642240214,-0.41601200597946963,-0.90736333356747301,-0.060214547895513115,0.17914897325681151,-0.14669566254278571,0.97282373941642863,-9.6401470210626758,-10.719140733991015,1.1613134641108489,,0.2237877580996605,0.25,0,2
-0.8673447723986355,-0.48791543090592393,0.098242445392231231,0.49750178379082233,-0.85560659778872583,0.14293118954710612,0.014318551522719061,0.17284641189300848,0.98484470703659821,-9.6597360877025036,2.0766488505913188,-0.54178433935829551,,0.1061756995627302,0.5207373271889401,0,1
0.99030619692734601,0.079070886591415368,0.11419908590240373,-0.11322389298019095,0.93577539984311875,0.33392327128677568,-0.080461086157889397,-0.3436163499341946,0.93565689099808025,-7.6480378132610962,9.7386418460387123,-1.6451577097547037,0.5937293928464936,0.6351695122363157,0.6237623762376238,1,4
0.75520049535433875,-0.65171827967449558,0.070253083595515867,0.63228797925879887,0.75253384273040735,0.18413236225669966,-0.17287024932413131,-0.094636670923715902,0.98038756490231438,-15.210071164120833,12.01935704237073,-1.2716196759575613,0.2306928133617203,0.1560505027217446,0.2758620689655172,1,5
-0.70618952995991102,0.69042784478664376,0.15686216534993322,-0.68205318055981801,-0.7228346880449189,0.11096608782524753,0.18999949121836057,-0.028625249383620256,0.98136679607295085,3.4790552792825866,9.2839220099634883,-2.5235076769830238,,0.09296658192243952,0.4,0,5
0.62635407505989249,0.75351422635488574,0.19974204198581902,-0.77719798841896348,0.58378412011585878,0.23486035829417651,0.060364388950631412,-0.30234485572165853,0.9512853035579103,-1.4887902601833356,21.16271290556514,-3.4782459969108106,0.4230267785259642,0.3593134972604656,0.8888888888888888,1,5
-0.99467550710776376,-0.071876547966724963,0.073853892330051921,0.062938597092256438,-0.99114271908799612,-0.1169394860383382,0.081604954236678545,-0.11166858220304926,0.99038919581788087,2.9281414569026682,7.7256368596293834,-2.2679419569425878,0.4300320426552532,0.4770267012333139,0.7984496124031008,1,5
-0.49672075470605853,-0.86683540640705081,0.043184141109506406,0.86265056513233096,-0.48762933858262758,0.13435635686612729,-0.09540699304093278,0.10399041471496934,0.98999166629133528,1.055523741709673,5.1489988185700017,-1.779518325534778,0.9569136499147464,0.522328094456519,0.2386363636363636,1,5
-0.90533554130732796,-0.41719522851401158,0.079471371895230444,0.42171202229135035,-0.90524000785890113,0.051956697610194044,0.050264578986677667,0.080552277911671785,0.99548219603493326,-2.700349381492404,-1.3424604524676624,-0.68789262199976464,0.9049620520502639,0.8521852155590128,0.6799297834991223,1,5
0.14685141484223102,0.96189256419913183,0.23064552217040049,-0.97728311012396207,0.10506612414590452,0.18406203362832751,0.15281487043240635,-0.25243574329991209,0.9554704657284544,-7.3841152778074468,-24.23625207667542,3.0806124841356635,,0.1671868161092919,0.16,0,3
0.98838790013776801,-0.13380106769978767,0.0720182833983804,0.1071920315301608,0.94988392964804857,0.29365011250264689,-0.10769970862397735,-0.28252043196692328,0.95319619086709106,0.9763482232569245,8.0051154656208485,-2.1245242978870347,,0.4513403690251819,0.6666666666666666,0,5
0.87123614884660727,-0.49044971303743384,0.020165612423935084,0.46328692774807867,0.83517115633937211,0.296402365369279,-0.16221219288536889,-0.24889399068731208,0.95485024264492091,-27.285348116838612,16.582907222881467,-0.79467445149936133,,0.3366757783143915,0.4,0,1
0.66744657933672935,0.73123519845638985,0.14074852848304087,-0.74331009912594792,0.64286381151673577,0.18497625896191766,0.04477901594575899,-0.22808157396119755,0.97261175982521919,3.554900890112501,11.693391052867758,-2.765139312605629,,0.1044143796067963,0.574468085106383,0,5
-0.18571190875198171,0.96196046984008476,0.20035753395552464,-0.96846679438580785,-0.213658779598249,0.12814832840370716,0.16608177238870375,-0.1702409479697243,0.97130575233270178,8.1901919267489465,5.9392620194397843,-2.4652649191283782,0.2153824469315511,0.1171013878612341,0.1052631578947368,1,5
-0.46604283071302294,0.87345071487676385,0.14102456744221201,-0.86550681032400878,-0.48314434822336522,0.13217223635310235,0.1835811570498273,-0.060459800372561344,0.98114350189722832,-9.4803514149876893,19.836221209462199,-2.5947070336938509,,0.1112450210921677,0.4210526315789473,0,2
0.075838830283734129,0.97402658666904385,0.21335575990126593,-0.98797156410025355,0.044484219236793549,0.14809909779668251,0.13476149431678697,-0.22202108616242858,0.96568420145964995,-10.741239047048172,2.8022311422128925,-0.51888900215895573,0.541146822515708,0.2735391755372347,0.3157894736842105,1,7
0.64897335441379822,-0.7585443419938025,0.058686169495827785,0.73668645263086818,0.64579331567546217,0.20060923193871602,-0.19007013382183816,-0.08695674015326893,0.97791199479854307,-6.3936041708913205,13.66884184633137,-2.1930344738664758,0.669277654187749,0.6256391015972544,0.7076923076923077,1,5
-0.11702362153142069,0.9665749057396652,0.22811931877424982,-0.98096307798496774,-0.14834281658928186,0.12532297633162287,0.15497390630015317,-0.20911088054119906,0.9655339082628609,-8.9624035956133739,7.6010918460134613,-1.3176363098713733,,0.1579240777760991,0.2444444444444444,0,6
-0.96298271045929196,-0.26950786385512643,0.0054599154500656229,0.26952750008870036,-0.96232831312980904,0.035765128892142679,-0.0043847522633315645,0.035912798122433413,0.99934530812857958,14.15321666627581,-1.2250634171743626,-2.0297482798205086,0.2204257168989864,0.1995023256612305,0.5172413793103449,1,5
0.68491075158446213,-0.72417045112388578,-0.080463781187779373,0.70604463756116376,0.63234362002156597,0.31881423429506112,-0.17999508919726703,-0.27517031805238157,0.94439560774487852,-11.956475575913238,13.185380300537981,-1.7326517991283867,,0.2927669591408888,0.1428571428571428,0,1
-0.047856356776530336,0.95154193265047948,0.30377247986588152,-0.98655358807607385,-0.092609070796814755,0.13466839963545449,0.15627471635009096,-0.29324309099097362,0.94317904059396762,-0.10138139960830166,3.8818494464523341,-1.5354981335978011,,0.07597623125431294,0.253968253968254,0,5
-0.86796338331864575,-0.49662073002234797,0.0027231838205733772,0.4964434474453982,-0.86777700488223741,-0.022516067288545195,0.013545062073630501,-0.018191215178882926,0.9997427724088519,5.0190321193761527,12.858119115329302,-3.0355938456512792,,0.4065979356463377,0.4651162790697674,0,5
-0.27459227964386046,-0.96151390568840855,0.0094915292660780262,0.95381974904180233,-0.27111841947951631,0.12931623624572797,-0.12176603096849231,0.044562448168271852,0.99155797708224214,3.5254869022661643,-6.5921553512742905,-0.49222782471007082,0.4673476710519496,0.3475941484116296,0.73224043715847,1,4
0.9930916749006371,0.045407630822780799,0.1081992250716728,-0.066047980019275587,0.97846010536999484,0.19558498545316039,-0.096987574350644604,-0.20138016104473061,0.97469966715864698,7.0122098505198389,-11.921751354539611,-0.1201622743927612,0.1392684528324529,0.1046877109144929,0.24,1,5
-0.88561719479054468,0.43730579428548533,0.15635161200213724,-0.44835241137268256,-0.89285400885602528,-0.042330061257040551,0.12108798250704676,-0.10758885236893638,0.98679397005570879,-4.8118267655421674,14.438553341992355,-2.3590040317698557,0.5132132095456118,0.5685765117196605,0.4722222222222222,1,5
0.85281781925814615,0.49023354164558181,0.17992454474420372,-0.52215379815198837,0.80550460891591835,0.2802101641458864,-0.0075616288742268133,-0.33291650553981544,0.94292598972980113,1.9840163938966102,2.3019162969227689,-1.5274786744836044,,0.07989215254726374,0.2432432432432433,0,5
-0.40421567108341683,0.88075867159325072,0.2467262727474985,-0.89607747562661444,-0.43542514925938014,0.086313944800816139,0.18345257950003022,-0.18619640653282327,0.9652336759920086,15.684983757353006,-0.79319917039734222,-2.2057459558733981,,0.1430693600038223,0.25,0,4
-0.98902197462784802,-0.11075135797994058,0.097824692224571144,0.1183480823457413,-0.99009052143975673,0.075594250841164182,0.08848313459817414,0.086341739968281414,0.99232849340877594,15.676492604452463,-3.393046743688823,-1.9303560582673198,,0.09364082246435387,0.3478260869565217,0,5
0.98499907902054051,-0.14661542624426388,0.090998522602847284,0.12234389894213445,0.96525291776911915,0.23090858608947373,-0.12169135022804588,-0.2163116305828604,0.96871073791625739,-3.1604284031784315,13.201202332223263,-2.3565936578564957,,0.06560338899724567,0.2142857142857143,0,3
0.31862575774057372,0.9159461465908868,0.24396779100846594,-0.94250642588549227,0.27877665871948726,0.18429653202855717,0.10079317272910661,-0.28866283290112693,0.952110553051848,-13.888380952427957,8.5865811388488549,-1.0053103994927799,0.1905718866786092,0.1641458750367824,0.1851851851851852,1,3
-0.84291758612002765,-0.53475999274949526,0.059343855319205989,0.53802029162611742,-0.83874643352332701,0.083896281505487155,0.0049100721109243935,0.10264584943610883,0.99470584636132797,-6.9629159489420909,7.1983855480833405,-1.4234567204535544,,0.06367859637918474,0.2352941176470588,0,5
-0.83299017248671892,0.53495654729399611,0.14124045117399589,-0.52715964357556944,-0.8448784858351569,0.091011286982286804,0.16801810237538714,0.0013552417422771322,0.98578297844606455,5.918993106367691,-0.41059746086591475,-1.5272230804686002,,0.1775665009843259,0.1311475409836066,0,1
0.82663596595274769,0.53232475770200183,0.18249200566291293,-0.56225283326573161,0.79473886617709866,0.22860858704824899,-0.023339478957871904,-0.29158272741204083,0.956260833557942,6.2203886121711651,6.9035460856494417,-2.4328567661946012,0.4983057029974035,0.3814416672114815,0.3690476190476191,1,4
0.64226610234635939,0.7379525978748096,0.20717195048228723,-0.76532004444683566,0.60254758950747267,0.22632196523233766,0.04218392282267229,-0.30391177283638338,0.95176580679636558,-22.46814179285483,2.8667391069618886,0.66990228095992699,,0.297924427091284,0.5897435897435898,0,2
0.29545440147946789,-0.94477659581602469,-0.14178815410567036,0.93958933410965206,0.26050733221691463,0.22205362660539157,-0.17285421566681558,-0.19882935864582471,0.96467005046632359,-1.82483977361184,-18.890357904750569,1.6438406080184162,,0.3494257332297237,0.25,0,3
-0.42530394272883804,-0.90388700469723393,-0.045878524810284954,0.89782404153536477,-0.42775870392323995,0.10456807189105848,-0.11414265959933158,0.0032823706939691562,0.99345894696369708,-13.25799583907188,11.906873537383287,-1.4931328523960332,,0.3588053829641556,0.2058823529411765,0,4
0.25126609913395953,0.93852704515909757,0.23671149725126706,-0.96030735722123639,0.21111278891700916,0.18232161150682824,0.1211409389627125,-0.27312703246038422,0.95431991336585664,-14.031921301683386,-10.174161889569271,1.5905593497149135,,0.2604984639427317,0.25,0,1
0.65231490278414939,0.73445135040528142,0.1872604643099135,-0.75450743673125265,0.60570949869855284,0.25265496453381348,0.072137337925241823,-0.30610001155538424,0.9492623385570782,2.2146106619528352,10.476253481982411,-2.5187371897916715,0.3071331269063429,0.2059777614700496,0.25,1,5
-0.049425225947470612,0.95057856653724848,0.30652493516846424,-0.98913702302502549,-0.089124625975455493,0.1168963246895522,0.13843806095590744,-0.2974175345952636,0.94465745823237068,-10.949512511645818,9.5145385018247755,-1.3972043386091764,0.6365169790944946,0.4616155701137413,0.7828947368421053,1,7
-0.47850318206887105,-0.87771015256007556,0.025682539651151526,0.87404531678698782,-0.47329495712417979,0.10971174852108603,-0.084139699029043308,0.074945124282964515,0.99363159138259671,-6.9244665929059845,-8.6394163592820856,0.61513970704942111,,0.08417521046753551,0.1818181818181818,0,1
-0.14811553824982795,0.97960334243190861,0.13579056972115927,-0.97456200876811028,-0.1679273370825318,0.14842270893039283,0.16819833053520528,-0.11035262097749635,0.97955684911523466,8.8560861839349201,4.660048170971578,-2.3759963362645085,,0.08342143695080653,0.2857142857142857,0,5
-0.99497946732341558,-0.056866827570868035,0.082353042001121812,0.06074808526321912,-0.99711941613565058,0.045415196819488877,0.079533198990522316,0.050189977957012744,0.99556789641440779,6.5711308270838549,9.9001897118281441,-2.8288542195288806,,0.1413285060470181,0.2857142857142857,0,5
-0.99324302539505793,-0.057569684188245422,0.10076717702971381,0.065787896199489895,-0.9946031214329798,0.080228321367321581,0.09560462968767322,0.086315481219991913,0.99167000180707465,1.18765779548668,12.038143475102252,-2.6057598648934728,,0.0803498060602047,0.2068965517241379,0,5
0.34237935552499499,-0.93785926702741718,0.056536467532776934,0.92279885857850985,0.34697733816695892,0.16747833712086715,-0.17668798350903281,-0.005169337420532793,0.9842533385435599,-9.5835064657091777,-15.232717552888003,1.6612409441545237,,0.09683858593568159,0.4444444444444444,0,4
0.87986207346463829,-0.47317757564703822,0.044110243518907508,0.44827447342934978,0.85718952386446734,0.253527348916533,-0.15777429496006401,-0.20329560271141497,0.96632198038130923,1.7840355305095954,15.06190955089313,-2.9787814149463343,,0.3003726779818169,0.6666666666666666,0,5
-0.21189744255493453,0.96923734479720502,0.12521359067266685,-0.96241173219582055,-0.22922408743341346,0.14567077768776676,0.169891528836838,-0.089639763446713525,0.9813773898142848,-11.078766771884146,-0.59699130600362316,-0.020068122522743179,,0.1605743663478681,0.7467889908256881,0,1
0.98624998212565718,0.11577468292924846,0.11792877320557764,-0.1440434349745871,0.95201933952969509,0.27001975113343901,-0.081009021706612755,-0.28329384030379906,0.95560563960666445,-13.724582907235297,15.409708775598954,-1.8496031980508532,,0.3933908075422203,0.2352941176470588,0,1
-0.55531710738306472,0.74312288688715511,0.37335142323581144,-0.80984557841969307,-0.58530862507944392,-0.039546839591595877,0.18913764660103638,-0.32431803587236835,0.92684667677351562,-1.7227059892090735,-10.211909907347895,0.37259063350590299,,0.5840347458011422,0.3924050632911392,0,2
-0.44244402082477746,-0.89545709184798217,-0.048988622103080498,0.8920658135567342,-0.44505639289182763,0.078379789674870526,-0.091988437967853887,-0.0090224057362578332,0.99571919910934947,-13.395837535221164,3.1979047339249966,-0.32876837430059269,0.332553897579724,0.1349364602311586,0.14,1,2
-0.80013802127217959,0.58308376475467238,0.14068571425044551,-0.57447065202416803,-0.81241151700307723,0.099854879718945036,0.17251845373051336,-0.00092212812325101728,0.98500585419689546,6.5960099980356297,-14.954907605987515,0.33153797170080102,0.1209973837133925,0.1114749154106007,0.1,1,5
-0.52775690438185829,0.77253434102140528,0.3530769630263374,-0.82955297671431494,-0.55811104424358859,-0.018812791333310614,0.18252262517753171,-0.30282462620459805,0.93540511921966074,-5.4164189095039657,-27.041907215013463,3.4170904810367957,,0.4442781166426041,0.1578947368421053,0,1
-0.92960887605379394,-0.35924128099304992,0.082298478676549602,0.36626275799174962,-0.9253441300738332,0.097927692948304196,0.040974744297908816,0.12117732035481235,0.99178481908191518,-14.799812922907101,-5.3413050435105101,1.0565943922579346,,0.1975964995202444,0.4090909090909091,0,1
0.99078683837088988,0.084016400379541639,0.10621998577612539,-0.11096060441026555,0.95327144859336965,0.28100051524082087,-0.077647827915043835,-0.29019784589821268,0.95381131522755169,-16.691778056411191,9.3344260525574647,-0.84414520000579019,,0.3504598197272438,0.375,0,2
-0.25657735308250645,0.89998212621947582,0.35242053624986963,-0.95095052579019246,-0.30025473615290976,0.074432458760291198,0.17280381762140196,-0.31603681099393682,0.93287704158278595,-4.5982667444315757,-9.0895614701545799,0.46013449239162063,,0.5089362683574737,0.1666666666666667,0,1
-0.77886057513979923,-0.62079177942050834,0.089407891692067365,0.62703446097777682,-0.7674602945221326,0.13353831314761427,-0.014282480149123561,0.16006955655564437,0.98700240517684079,-4.9680042563517057,-10.226575365393304,0.62379702816139315,,0.07969184412382314,0.3414634146341464,0,5
-0.99105866799390174,0.054426978033187391,0.12182126520575,-0.068848720975129923,-0.99068420494371268,-0.11749323255036452,0.11429160167852861,-0.12482992484664983,0.98557339637823893,-4.5252697855675885,1.7004357050682781,-0.90396810142008566,,0.1442331384782308,0.162962962962963,0,3
-0.35649227762313257,-0.93377366823132046,0.031304832101361979,0.93226332747043494,-0.35330586059063118,0.077846368740391497,-0.061630708650986514,0.056935976237671417,0.99647375798916016,-8.616700524259489,13.965201096600888,-2.0144118370823612,,0.1091995485009204,0.2727272727272727,0,5
-0.71275387203895324,-0.70066223473113365,0.032470767084434006,0.70062812602413005,-0.70900066422084518,0.080238937918658992,-0.033198598123916283,0.079940546382750499,0.99624663719715101,-1.9927634907167908,15.522865919944255,-2.7112653979259824,0.8188018247049317,0.7163362348976274,0.7763157894736842,1,5
-0.45867327771250871,0.86616320701335403,0.19844425698115964,-0.87011054058051152,-0.48310940187076312,0.09753436827478959,0.18035096751376939,-0.12793203133075809,0.97524710913513168,-10.294254083518126,6.3331726105648922,-1.0428260283137571,0.5261133678255655,0.6035895486176135,0.7903225806451613,1,4
-0.74526451001834415,-0.66472880970902803,0.052119282899289701,0.66655878176929728,-0.74078766383206063,0.083264803851737998,-0.016739192135454457,0.096794868960378977,0.99516358092003898,2.2056107579354509,8.5231396153528838,-2.3087252554019462,0.42278492174441,0.3577926118495062,0.5657894736842105,1,5
0.74803154442885167,-0.66140019959454222,-0.054759332681172591,0.64452516859336972,0.7043116177236971,0.29754403403381779,-0.1582280493119855,-0.2578660914423006,0.95313638231640008,-21.910368551978159,10.755063968157231,-0.45154928071792122,,0.4992344968545134,0.36,0,2
0.98863777402492115,0.10563147462012366,0.10694551575744489,-0.12438513396148723,0.97436446085620043,0.18746262526110996,-0.084401956259500394,-0.19863506485508192,0.97643249679104027,-12.114914119727285,-11.410006153736463,1.5206445286483847,0.2068303017016018,0.1425163518019157,0.6956521739130435,1,3
0.74554547744351396,-0.65632071158061989,-0.11578024276115131,0.64258960170570534,0.66184379427652984,0.38605879831620027,-0.1767499500515495,-0.36222357119319887,0.91517951224271799,9.1600342572255702,12.804845959218323,-3.3337211390779653,,0.1248498495721334,0.3333333333333333,0,2
-0.22755600819526448,0.94910292208414837,0.21776571453185445,-0.9598664435687746,-0.25627610174725191,0.11392528333897552,0.16393496773071467,-0.18310161922977231,0.96932921311109055,-8.8511771324075887,-8.1448936379511157,0.74037647403078222,0.7037485342817724,0.7479702854085691,0.4271356783919598,1,4
-0.99336077781915999,0.038347763599008239,0.10846111799843977,-0.031503485859137446,-0.99744427809876568,0.064128328114480423,0.11064309951027232,0.060285662598912396,0.99203011215172954,1.0345952703541068,2.9133415105641252,-1.4817677758614436,,0.3983658804735056,0.8666666666666667,0,5
0.36390062819469221,-0.92534830724395389,-0.10633364039784199,0.91445589370938818,0.33323034940582563,0.2296256795200296,-0.17705013770023573,-0.18079835318835302,0.96745294677555582,-8.7066106458149832,-4.5723711263713058,0.2654770630906606,,0.2556421783985682,0.3716216216216216,0,2
0.81291604529826134,0.5619228544315864,0.15300395081204196,-0.58204873511211885,0.77504045120375353,0.24603164217690546,0.019666551579215492,-0.28905882561399271,0.95710930519123105,3.5054491460082926,-11.046761026963711,0.056392251183026695,0.2557447484835126,0.2193442614881764,0.1666666666666667,1,5
-0.79470288338673634,-0.60421202769916016,0.058096064586828693,0.60659616583028919,-0.79401480737092833,0.039769049217952601,0.022100197664272944,0.066845428111255017,0.9975185562202955,-18.809852596663681,13.716893694899154,-1.1776787156526021,0.4775548792451035,0.1589037745914795,0.4117647058823529,1,4
0.98001421093106333,-0.17985471302606862,0.084996638612805847,0.15591938690671367,0.95983102931074749,0.23326710003535725,-0.12353659846296547,-0.21535244919568786,0.96869088540442994,-10.992043701245477,15.679007278936172,-2.0415733654824622,0.2195064223158247,0.1220829223787789,0.52,1,4
-0.8053456965214062,0.57905917095258452,0.12692039091555116,-0.56555985398887154,-0.81467718596297123,0.1282307850227094,0.17765235897825071,0.031489033125191045,0.98358938594430878,-10.847924478335345,-5.9173875583185662,0.69127770325669546,,0.07879149698847561,0.1851851851851852,0,3
0.82484186556155847,-0.56217634321834176,0.059947109543174802,0.53949488177175042,0.81437025451504064,0.21388398982437443,-0.1690596621285321,-0.14407931040493313,0.97501793981148122,-12.42056738976509,-1.9030971436666602,0.31843222283589456,,0.09070813333428993,0.1228070175438596,0,1
0.70820162833273936,0.68449903850537985,0.17294947213584189,-0.70583948629766047,0.68107029363963023,0.19476620524280383,0.015526532449663863,-0.26000831026495647,0.96548154067452285,7.8831681444517594,4.8436214487435416,-2.302069746872013,,0.157214626952539,0.2926829268292683,0,5
-0.44200491864359254,0.86474278267085147,0.23843567625995585,-0.88161164015561144,-0.46783254283599418,0.062398940742121732,0.16550700238057109,-0.18262702889298427,0.96915158797822587,-15.413328512865984,3.65284961476448,-0.18490079863021336,0.4840174630733552,0.1948218726700302,0.3571428571428572,1,2
0.97356695749128319,0.18382027254125446,0.13556358907916136,-0.21603599154279005,0.93376252537577265,0.28533488493694864,-0.074133862972923889,-0.30707923017800659,0.94879213569358423,-2.3396110231726164,-3.4436086778746287,-0.45247816363872267,0.5764448544209528,0.4636910458047063,0.5033259423503326,1,5
0.63435514945775517,0.7427421173947597,0.21430746931541764,-0.77177142682765787,0.59260339838783704,0.23062973995473354,0.044299086771967998,-0.31169754453177245,0.94914816106023914,-2.5480527767160206,10.392824826131514,-2.0898691711243904,0.2320387852964712,0.2390646838806108,0.3571428571428572,1,5
0.48268384847392526,0.84250003963071107,0.23918608998989094,-0.87181838211773999,0.43623055747591005,0.22279050546615348,0.083360728307807122,-0.31606420858190865,0.94506846578937576,-5.6750239469855419,17.774254241279923,-2.692166397584371,,0.2875916332958877,0.5217391304347826,0,1
0.023010387882509677,0.98226909712024457,0.18605897691881335,-0.98843066385897105,-0.0055555945876590452,0.15157162700219015,0.14991779344964337,-0.18739412000208708,0.97077705936833536,-5.1464685612618348,6.5020698376177535,-1.4550874888731955,,0.0859144038431548,0.3515625,0,5
0.30431787670196953,0.92302805653688047,0.23539294119695583,-0.94411367536317736,0.25940702209707422,0.20336510241179581,0.1266491133480096,-0.28412533102924264,0.95038560508652747,-13.288913436917291,5.6145932302362462,-0.66469529082831691,0.6477130002530695,0.3430907874029785,0.5454545454545454,1,4
-0.13906079407185129,-0.98864066127104422,0.057024016288385881,0.98079710744727766,-0.12954858219588236,0.14578819867907603,-0.13674476068632085,0.076202412905292449,0.98767102959044584,-1.8241177448194235,12.082685291199425,-2.3266019524221746,0.2365230449038527,0.2033424244535277,0.7066666666666667,1,5
0.17355199264816479,-0.98135452719977045,0.082601439408564528,0.97062018547805007,0.18464010035950379,0.15428703406893399,-0.16666181743401037,0.05339780223705598,0.9845671705505139,-3.6924264066243602,-11.957896193727386,0.71757489673637609,0.2778637360169857,0.2587476587370277,0.8770491803278688,1,5
0.56234875178046295,0.8006135445635606,0.20683769876965491,-0.82432765794270335,0.5230627999483245,0.21653918735627498,0.065175100472896458,-0.29227257752240499,0.9541116007610202,0.28661658446580202,5.2852897612866645,-1.7406785991306419,0.3675121604772662,0.4023339646598303,0.4330708661417323,1,2
-0.72055573788433092,0.67040761699401652,0.17706794085426958,-0.66831355383412239,-0.73952734726833358,0.080351082157409368,0.18481456209826344,-0.060439471528670456,0.98091317042731241,7.64879736998145,1.0721348331886564,-1.8603232455753971,,0.08341869140415285,0.125,0,5
-0.24811435234612708,0.93469960511521111,0.25451113208920828,-0.94567145590444091,-0.29068197800300771,0.14563476628825281,0.21010655784015178,-0.20454983710999952,0.95604110711351487,-1.8769006054855186,5.1368035319162972,-1.5346908229327791,0.3910454176115207,0.1890913087481748,0.2753623188405797,1,4
-0.99485316981064165,0.0038886162087984418,0.10125240333788058,0.0027591855369605207,-0.99785314769918887,0.065433038459106294,0.10128947335675506,0.065375639888256024,0.99270663758046329,16.510535334219327,-9.7528233261964701,-1.1827367929444617,0.3400502375239728,0.4049543174845773,0.8392857142857143,1,6
-0.32586964412148445,-0.94524449842153846,0.017939153936358421,0.94180233769776422,-0.32290891038287811,0.093478298563728829,-0.082567134788390437,0.047356876999626596,0.99545969001947954,3.8314679690793096,0.18516839653253811,-1.3917628111376861,0.2055302840291564,0.2357503227203094,0.1550802139037433,1,3
-0.96719168209046791,0.22498389042528916,0.11799364026977902,-0.21473499654738429,-0.97218376686879315,0.093528630347076855,0.1357539367856691,0.065122749373062547,0.98859996771256609,-7.6763190047405541,3.9211500361697382,-0.95258913159376579,0.4423868422075933,0.3982815050087334,0.5866780529461998,1,5
-0.80718997969961892,-0.59024483504421099,-0.0074411945387255389,0.58805585815462691,-0.80516479752375925,0.076811174438042265,-0.05132878687984218,0.057625372295181373,0.99701788956130932,4.5727551906477171,-12.518077012837916,0.16156527935451781,0.2375843415129388,0.1796404741148193,0.2142857142857143,1,5
-0.22520394499382737,-0.97082113883470833,-0.082398419589799557,0.96848785222052991,-0.23228878652786733,0.089850986386769929,-0.1063694658277545,-0.059567071819003732,0.99254083074422028,2.3941690582968178,13.610210424613083,-2.8861916097761209,,0.3461246057968036,0.2142857142857143,1,5
0.41892810676273889,0.90140668835579696,0.10938566428752003,-0.90305484283750925,0.40102349235871965,0.15385743207312708,0.094821897217404763,-0.16323645660161484,0.98201968770704384,-14.737465029912954,-3.1320596843661508,0.73186856380977039,,0.2066368965944705,0.6346153846153846,0,1
0.50456837214161854,0.79247365813402149,0.34263137480102401,-0.85972838983634048,0.42476024810356439,0.28362973634725258,0.079232906950146884,-0.43768051452478562,0.89563268903136195,0.19303331184677375,10.731363444970107,-2.390177830012405,,0.07319075503236749,0.5294117647058824,0,5
-0.98303837576956132,0.13251986440662256,0.12678342676388304,-0.13736460486526533,-0.9900592674938602,-0.030226018257958339,0.12151755879111474,-0.047128891215169492,0.99146979304378002,-9.5744911535087063,12.412602385366835,-1.794480096018445,,0.09386512888035632,0.2608695652173913,0,4
-0.50604785183126888,0.85224050886104274,0.13267134850158063,-0.84299743093919211,-0.52124590756747269,0.13288354026771931,0.1824031334349249,-0.044596175849857395,0.98221193131252893,2.4429035514960873,-3.2392670938889983,-0.8096241020257412,0.2393055169440688,0.1881836691269859,0.6395348837209303,1,2
0.6169767830453371,0.76624354713549692,0.17947277135052539,-0.7839669562296957,0.57847665361386313,0.22530107137706246,0.06881468391973021,-0.27970625251666748,0.95761628619197403,-0.50955114877088092,-18.055848487133144,1.3765404546786648,0.8736011024339353,0.5964215988285327,0.6666666666666666,1,4
0.35928084385117742,-0.93292203022378262,-0.023953303837317936,0.91581364013777411,0.3475242823854362,0.20127655027371741,-0.17945097319097134,-0.094251571210375321,0.97924153789817836,-8.3565648081269011,11.514116316013396,-1.7776007105122009,,0.1895993061797025,0.4666666666666667,0,5
0.36086782334543155,-0.93221333491559111,0.027435602407880261,0.91466054387744056,0.35951148682461143,0.18479063914328159,-0.18212771219052792,-0.041590732702250152,0.98239488364177385,-4.9178391412743965,9.852020141202221,-1.8599404676247855,0.2717457371094265,0.1478323697264495,0.3170731707317073,1,5
0.61710684597778165,-0.78019016176218048,-0.10238384705049239,0.7638277730376829,0.56267343699228867,0.31617358592959721,-0.1890668500389476,-0.27331651028210702,0.94316054382250414,-7.8538210408127371,-10.615462689675768,0.96746422650015562,0.6266040327426901,0.2851710879336478,0.1470588235294118,1,3
-0.009188649574790134,0.97267221704623918,0.23200070453631494,-0.98825228072699733,-0.044229127637142741,0.14629153737091657,0.15255490276251582,-0.22793100371562464,0.96165194285058642,4.9481578973298248,-3.9488293731368906,-0.95557401967268685,,0.07406419828133001,0.25,0,4
-0.031997291204292129,-0.99919256184032845,-0.024298101130539224,0.98805068594199541,-0.035289006984406665,0.15003508921451505,-0.1507714010186969,-0.01920703904865852,0.98838204874726598,2.6424719643988661,-9.5847667496553779,-0.06620008923003716,,0.08013021601936876,0.4666666666666667,0,5
-0.65534569566396239,-0.75091833917678363,0.081508693172552646,0.75385294480530129,-0.64350235773444509,0.13270438274067992,-0.047199118456720549,0.1484128144002082,0.98779850158760452,-14.003614087837763,-1.3976434958162445,0.41491072809322449,0.6452867707967641,0.7658859742449297,0.6077586206896551,1,1
0.9402140148768301,-0.34012496393348884,0.017680925836458913,0.31685589979281487,0.89256818578800579,0.32081828577185761,-0.12489973977425721,-0.29603554284637934,0.94697571900021349,-10.021499600200858,-20.193588216570621,2.651579121292472,0.5596032033003949,0.4195676952365396,0.75,1,5
-0.7214599329894682,-0.69241251112335456,0.0077768586642539186,0.69086690408514517,-0.718998221488099,0.075792336926358936,-0.046888014786724608,0.060053908588886949,0.99709329660396295,-17.628543558357176,5.0630720793699391,-0.15623380601212411,0.2117407639036885,0.2351184914891964,0.7162162162162162,1,3
-0.76603269456807299,-0.63813716770634321,0.077297257677760287,0.6425669173896853,-0.75694719213818118,0.11890628658922509,-0.017368578787364787,0.14075476370570233,0.98989212996419806,0.97093137761325765,-10.126469213286287,0.14096968734401874,0.2848235446103449,0.2852609264726187,0.6811594202898551,1,5
-0.15488344952775659,0.94883223937627692,0.27518811490066608,-0.96828268993991895,-0.20107437472086137,0.14831631128547357,0.19606057590728884,-0.24348814622238565,0.94988092581338202,2.0291091486519837,-2.7170489825415491,-0.84794630678179861,,0.5518937552555123,0.1927710843373494,0,4
-0.97437256849147236,-0.2146000018607663,0.067416147714691343,0.21394551072935863,-0.97669994870666088,-0.016867976617221607,0.069465215828382831,-0.0020123115475507883,0.99758234466742157,-14.069025198940587,3.9023208305568993,-0.36623180284514689,,0.0712444199019369,0.1785714285714286,0,3
0.05899057301079931,0.96565293569651467,0.25305042990787513,-0.98180664900998593,0.010291364544467363,0.18960430315685006,0.1804877177417881,-0.25963146110692309,0.94869156639439156,2.0692469504765891,17.970640266432845,-3.3857405594174166,,0.4437337406755379,0.3636363636363636,0,6
-0.90917282619839357,-0.41129723760074838,0.065110325175190623,0.41473647113015871,-0.90840354149019786,0.052883507094077922,0.037395609594287692,0.075083874101301323,0.99647578005338944,-12.440523491988731,-14.334617346295767,1.9080960421271198,0.3573622541197278,0.3813724683905819,0.2222222222222222,1,3
-0.09401491596323712,0.96847417719563578,0.23069235722420722,-0.98252315811256719,-0.12764946001664024,0.13547641540122959,0.16065316476475594,-0.21392377956341338,0.96354926038494326,-11.11636165224383,13.426217078526969,-1.788256497285033,,0.768424665591517,0.495049504950495,0,1
0.9545883469013875,0.26615638009289305,0.1338725860507792,-0.29500486603969511,0.90721278960532625,0.29989512064957496,-0.041631922523194226,-0.32576945177896771,0.94453218437205855,-3.6975619805324014,10.18207860017595,-1.9718277080989359,,0.2517299821755011,0.3333333333333333,0,5
-0.89137055049407676,-0.45211546099352501,0.032406043302110242,0.45294000825322983,-0.89118139949822872,0.025319204409734543,0.017432459248478357,0.037246786693489499,0.99915403529463809,17.101751676113754,-1.0948171412725911,-2.2908271066118133,,0.2535790982729328,0.4545454545454545,0,5
-0.028181732865970067,0.99205130428743538,0.12263767607986405,-0.98764733635060131,-0.046552473376387703,0.14961820150671204,0.15413801910052388,-0.11690627392975647,0.98110875757156868,-5.4723755887036205,11.31456458048277,-1.9628735180038226,0.4137620353036583,0.3367087957326023,0.9014084507042254,1,5
