axis_00,axis_01,axis_02,axis_10,axis_11,axis_12,axis_20,axis_21,axis_22,location_x,location_y,location_z,dbh,dbh_approximation,score,reconstructed,number_clusters
-0.92538002302126787,0.37377293358384578,0.062973066570426936,-0.37383374113021517,-0.92742739863068291,0.01125851951686564,0.062611077180837735,-0.013123048016762274,0.99795172159028045,-19.649874845211013,13.66469966447907,-2.2187704118391518,,0.0816715411241945,0.3076923076923077,0,1
0.99562366116651935,0.067228778806260964,0.064913917040909735,-0.073878184024889854,0.99160169087642058,0.10615130981861533,-0.057232326971387228,-0.11048247802815608,0.99222884598171091,-4.3357878495324504,16.040804217022373,-2.3438833303220168,0.5948789923326331,0.3784859142304359,0.7045454545454546,1,2
0.86889701270180431,-0.49474590577026195,-0.015635537772777111,0.48822287371895917,0.85137905340379139,0.19181275505780693,-0.081586805890917866,-0.1742991570513979,0.9813069840552906,9.1880601190801894,20.587309501853536,-2.8208634451882548,,0.4904943056624182,0.8245614035087719,0,5
-0.99430721640819908,-0.10081006644038816,0.034503476677913043,0.094336802524546529,-0.98343496302791089,-0.15477803844129942,0.049535109649858133,-0.15064197289791509,0.98734657993705566,4.2627213719667747,4.3504320894875086,-1.8555200726069907,0.3901883474760737,0.1844886057424608,0.3134328358208955,1,5
0.1268036979221939,0.9868570165020174,0.10017011118089778,-0.99155151124591201,0.12332616135761958,0.040202717205953996,0.027320738262435976,-0.10442167833132543,0.99415777940690286,-21.810649845001674,3.3408808533093493,-1.5307331381606009,,0.207158513895192,0.391304347826087,0,1
0.19731740592835639,-0.97837523980590857,-0.062030085059060221,0.97931747821346193,0.19382799230887232,0.058034354163170467,-0.044756208321626745,-0.072198334691609703,0.99638560923190189,-3.946203451511423,1.962727196990556,-1.48962214882008,,0.5041407508026712,0.4597101449275363,0,2
0.57518437652308574,-0.81720260875838091,-0.036644634562882736,0.81591509862439704,0.56991131924801786,0.097383982408432851,-0.058698252448357538,-0.085912655828358928,0.99457203395632854,-18.07895640992291,12.016376490749012,-2.1177334478565149,,0.09512640764148322,0.2083333333333333,0,2
-0.078123278877656424,0.99183135675725942,0.10083309501576246,-0.99577191326773107,-0.082533720208364622,0.040329663719021726,0.04832235553577572,-0.097256078378789482,0.99408561259775441,-15.971678917294083,16.741257453503884,-2.4565097436942578,0.2039379435459152,0.1425494016520981,0.53125,1,5
0.4340580756109268,0.84508688723477021,0.31212455850314819,-0.9007984511285585,0.40233541426237179,0.16336573959896164,0.012479480811668503,-0.35207153740990221,0.93588989475498618,24.982667618611554,-5.5889161619800447,-1.9746957198703237,,0.2882689807687745,0.2666666666666667,0,2
-0.68778569716929638,0.67785970960291475,0.25972494848665795,-0.72338864472745323,-0.66983865980244361,-0.16740680545737938,0.060495482878670841,-0.30302208489005955,0.95106146626816823,4.9085661347152394,-12.287420679256615,-0.90046564264295659,,0.5329055810458033,0.1578947368421053,0,2
0.8748974827022008,-0.48427302068993633,0.0058340546103157476,0.48214277405532918,0.87206038674636754,0.083958485539028571,-0.045746477324309087,-0.070642220375777331,0.99645217472430458,0.29562990096071373,-13.205713077802653,-0.7720872736154214,,0.1165926248209883,0.5217391304347826,1,3
-0.27185826061000445,0.95680913432256465,0.10300177966912169,-0.96072236285700174,-0.27604115624231945,0.028527558024868532,0.055728158452992192,-0.091200660838103159,0.99427200092234858,-12.129268123915368,-13.340225493911603,-0.61729375606438852,0.7966443847685287,0.5464358817017353,0.8876404494382022,1,5
0.99764392096927845,-0.051326469688860461,0.045521428605900652,0.04119059540509111,0.97875730727070553,0.20084189880194653,-0.054862936516538299,-0.19849364466772165,0.97856544554940528,-10.589902400962862,22.876232631594466,-2.7883974340084601,,0.1896986444044271,0.1111111111111111,0,2
0.95736947322769561,0.26822178069581465,0.10724163413568383,-0.28307791340667304,0.94508357535455412,0.16335216722277765,-0.057537697842803104,-0.18674611630612412,0.9807218267029294,0.43735408227927519,5.3459880283765298,-1.8476198029576449,,0.1814029121730348,0.154639175257732,0,2
0.092379676936696076,0.99115085500074462,0.095320396140411892,-0.99529267633969565,0.089098674012346848,0.038130233592363838,0.029299892724007192,-0.09839415084513381,0.99471609385081705,-3.4591555929001512,3.4209899449453705,-1.5660704428119565,,0.07464906902915702,0.2146341463414634,0,1
-0.6884076527751477,0.67050872331006672,0.27660975320063524,-0.72130987624564358,-0.67292656657462835,-0.16395700176746664,0.076203451569508432,-0.31239060159228066,0.94689236241808761,-22.110047425742156,8.4663415650544174,-1.9232176375268002,,0.5230484275106085,0.3026315789473684,0,4
0.55187852953659522,0.80766346835970038,0.2076290213667259,-0.83340047640761383,0.52533830024561678,0.17164881653716055,0.029559001337784292,-0.26776742179030105,0.96303004795680558,0.28319902972153183,10.645932626414481,-2.0496153108368937,,0.7033803416724292,0.4615384615384616,0,2
-0.39059413876760057,-0.92003148400359591,-0.03127758306739601,0.92049853625854305,-0.39074334356360774,-0.0014436781541705991,-0.010893278031737634,-0.029354861656528883,0.99950969409548496,-11.714351434212682,17.547964981826713,-2.414152978195661,,0.08193240180119207,0.2272727272727273,0,2
-0.46686576377876876,-0.88432735191653467,-0.001221991634981082,0.88431057535151569,-0.4668647386017426,0.0056676425255832883,-0.0055825561114975653,0.0015654081307266141,0.99998319214107101,-7.9752604305986141,-10.957335676000273,-0.72728120456837297,,0.08348281226635197,0.2068965517241379,0,2
-0.9362395657986875,0.34190228849344884,0.08098333505128566,-0.34695735216317386,-0.93599270031357107,-0.059483281177403285,0.055462340493398009,-0.083788364840550453,0.99493891204653462,13.479298366363466,9.4031715549487611,-2.3048407406031037,0.2548832348173405,0.1553605160275002,0.6052631578947368,1,5
-0.72945847028768207,-0.68350254854199133,0.026732120420120919,0.68097081994289621,-0.72933555529570027,-0.065942324555711015,0.064568432781452093,-0.029898393236320864,0.99746528940611856,7.101991375820722,-4.2703555744087494,-1.4103711139080926,0.2038084859407605,0.1660622990674956,0.1666666666666667,1,4
-0.66410568564908834,-0.741102757058129,-0.098642494744384773,0.74755485613040584,-0.65625015966748312,-0.10245713743928835,0.011197114110538878,-0.1417830434757443,0.98983442717373316,7.6191666277021817,13.338547742070693,-2.3845348305647591,0.4804091113325581,0.1974021893678091,0.4545454545454545,1,5
-0.99271581430716305,0.11877398048436986,-0.020200336243846512,-0.11264795181871258,-0.97451036940056246,-0.19401025457905097,-0.04272880732614627,-0.19032152135446398,0.98079150054117359,-16.418073371277924,11.634448042652817,-2.0844529534712199,,0.3093931697957835,0.5625,0,2
-0.55816434395691128,0.82568138718654993,0.081870702872545456,-0.82759008580340909,-0.56109044212402592,0.016497443346483062,0.059558500779116959,-0.058547097372619296,0.99650640859664519,17.969190715598948,-8.2631100021052628,-1.5684031909056355,,0.7300229544903354,0.8823529411764706,1,5
0.5182688997098498,-0.85520801324323636,-0.0040745156887318076,0.85345558913523678,0.51688948162726644,0.066624478661534009,-0.054871713727266146,-0.03800681343722298,0.99776980169023988,-9.0463614133797527,14.589102742427963,-2.1872645238554944,,0.08077921091030339,0.25,0,2
-0.97887768211831494,-0.19932125715844762,0.045491976165597289,0.19352032200074817,-0.97510255240853794,-0.10828156472401522,0.065942159681056822,-0.097190785217171533,0.99307884019621906,-21.056227122964664,5.3818937025689504,-1.7170961147914561,,0.4669903735675352,0.7090909090909091,0,3
0.99558204015897589,0.074093699459319332,0.057676035000010797,-0.077707665165607148,0.99497321338565059,0.063165049034585058,-0.052705977719802302,-0.067367858400454644,0.9963351100744845,3.5653511513296028,12.2954581423304,-2.2362851382278399,,0.09786980329725219,0.1935483870967742,0,5
0.65909271689492399,-0.74993558604168253,-0.056510240880620705,0.75069985428755537,0.65151942753610104,0.10941738580168206,-0.0452384715558641,-0.11453843167840728,0.99238824477113796,-16.892210187916167,14.052567727393214,-2.2262190280546954,,0.1264377322396076,0.125,0,2
-0.078064151908340651,-0.99670991263528463,-0.021802253126542021,0.99648385091225899,-0.07867660850209679,0.028808438792859787,-0.030428983846090798,-0.019476686811932511,0.99934715470297075,7.475242117056113,6.5224355464422992,-1.9912899700116264,0.4358349260836891,0.3813023357549187,0.8506787330316742,1,5
0.98827976721172084,-0.14826888462359586,0.036324090799629949,0.14352050925807852,0.98353488399241285,0.10982256322054783,-0.052009279385958916,-0.10332216520429804,0.99328725202493517,6.210468436500908,2.7378402968170494,-1.7435023972133696,0.617601312272448,0.4213131509699107,0.5881006864988558,1,5
-0.74204216079221152,-0.67022117948622362,0.013304216433924203,0.67014229382094159,-0.74216039724951965,-0.01035619557761534,0.016814804168714146,0.0012309843745197844,0.99985786341771454,-20.173201989148456,4.3227121515015599,-1.6150277091662311,,0.06851193692089672,0.3076923076923077,0,1
0.98200958831166218,-0.18874682606599186,-0.0056395136291201081,0.18610682759396546,0.96235588211677559,0.19807928937208991,-0.031959618065127662,-0.19556531340004116,0.98016977662437343,-16.528921203143089,9.5188140566571899,-1.9077817085413853,,0.3016986782536784,0.625,0,3
0.69961572190506394,-0.71306610139622317,-0.045547521368885825,0.71395009614497074,0.69509266654307922,0.084388655236475527,-0.028514941308816821,-0.091558287214345405,0.99539136934400407,-16.167082548951804,10.848168895584934,-2.0437779014182635,0.6970380998134266,0.5520771441426561,0.1666666666666667,1,5
0.73963620521910867,-0.6729483457165315,-0.0088773828609119837,0.6672295586778727,0.73149845167878258,0.14040915646094429,-0.087994317746129244,-0.10977494791128982,0.99005376664879463,-21.219851361690285,6.9549191793451621,-1.8394475764864637,,0.1767068237357756,0.1666666666666667,0,2
0.43096731160056151,0.88709143795864509,0.16533589154278738,-0.90204543730668685,0.41862513405243135,0.10519993428597105,0.024108201218119404,-0.19447821944898519,0.98061053267542442,14.218553277172642,10.368196759632953,-2.3800036019350324,,0.3331403385675623,0.5652173913043478,1,5
-0.92831585882295486,-0.36881595666462397,0.046951638601417142,0.36995815624375294,-0.92886945219597095,0.018234675919243208,0.036886703383776462,0.034297680485933804,0.99873071457063067,-14.316801172158481,6.8117933586658364,-1.7120036468683077,0.2443425391864298,0.2311348379044769,0.7183098591549296,1,5
-0.17386878939292988,-0.98369825821527845,-0.045906218089323679,0.98471584449683358,-0.17415398525434106,0.0022572144157482019,-0.010215168717400558,-0.04481212117561776,0.99894320365264866,-21.431813554368219,12.334584638526721,-2.1648020161827648,,0.1468114729778962,0.1153846153846154,0,2
0.9970534681175286,-0.056868505384079823,0.051481596810807287,0.05303833291876249,0.99592550745962871,0.072933660490070509,-0.055419463692895424,-0.069988261063290022,0.99600719192048492,-15.61615321697421,7.3586662981561828,-1.7626477502314135,,0.06719009385812416,0.1111111111111111,0,1
0.2290267186761766,-0.97245620143535583,-0.043309334124898888,0.97260246646879123,0.22678449238234105,0.05111982231686471,-0.039889902873376189,-0.053830570355538329,0.99775300818586865,8.8351321805898309,11.947235667322079,-2.3334145131105171,,0.1067898336355867,0.3333333333333333,0,5
-0.18755919689670894,0.96085170886418458,0.20392533249265113,-0.98129051841508019,-0.19248262670952276,0.0043996458569293571,0.043479490890826061,-0.1992848011961256,0.97897655839355824,-27.071254802733801,14.192125032656715,-2.3661987769607822,,0.22557763692254,0.2380952380952381,0,2
-0.82375690485236364,-0.56691903769218166,0.0052312914490737052,0.56631022054563163,-0.82323810018953236,-0.039645485264885566,0.026782378789281674,-0.029695708418908735,0.9992001146356454,10.381113133231802,12.372603622207935,-2.3992186345038506,,0.1072603882988327,0.5,0,7
-0.83031689711262824,0.54998612874889485,0.08993947160762461,-0.55354696135451842,-0.83260371949984457,-0.01888935812041628,0.06449505364315973,-0.06546987443722492,0.99576808725563071,-10.284430365609714,14.30676816737588,-2.1813291688533925,,0.09186208225750704,0.3888888888888889,0,5
0.1123400207763573,-0.99270383646230309,-0.04380425555802113,0.99249158089052036,0.10995159851656809,0.053582719649965138,-0.048375423444171728,-0.049494838687243574,0.99760216486830078,-6.7946954633708119,14.463954143057151,-2.1973318187394231,,0.1103981353994461,0.2380952380952381,0,4
-0.93425711429679204,-0.35659202962004483,0.0024018320692536909,0.3545684661806367,-0.92963125944932823,-0.10033406323361779,0.038011145420027773,-0.092886198469492878,0.99495090680784071,-8.7178343082145844,-12.759808254911713,-0.66072543050855082,,0.7692137364755305,0.5609756097560976,0,1
-0.4452855124896607,-0.8913012522004391,-0.085456949353169748,0.89536212659725367,-0.44397412955038773,-0.034837258003750121,-0.0068901830211328457,-0.092027442189302283,0.99573263241797527,-9.5725752615114175,35.613390591567743,-3.7374018320035267,,0.1503607676197414,0.4,0,1
-0.51713228966837754,0.82114250992954985,0.24145221756889859,-0.85399874042987622,-0.51384313329217768,-0.081556028058389712,0.057099442436196517,-0.2483751452039335,0.96697954524302054,-13.312356702638189,14.14303327036421,-2.1895689942350778,,0.07993512680518564,0.1428571428571428,0,4
-0.19881707254715283,0.96447669527237678,0.17394388733225344,-0.97919168418471947,-0.20286027720946123,0.0055994244341390264,0.04068681957677802,-0.16921114681656174,0.98473964605155972,-20.98328413437018,18.358136648210301,-2.6996551343040029,,0.2141180768536003,0.7142857142857143,0,5
0.56915901011880199,0.75998431711821279,0.3138181940789081,-0.82222125209163432,0.52458436532706276,0.22082449199141388,0.0031990325801018902,-0.38371223773651619,0.92344717488429473,-5.660135743630569,-7.1234268004108694,-0.93678984699724577,,0.5961718078640019,0.249266862170088,0,2
-0.48602412268526485,-0.87369490040304354,-0.020923029841163409,0.8739424994495929,-0.4859448272831064,-0.0090626978648692177,-0.0022494052139736473,-0.022690214774379436,0.99974001336831331,8.0751429358936075,7.6491356073246015,-2.0908724626200619,,0.1377427916174763,0.3137254901960784,1,5
0.79365107264844237,-0.60802896876116608,0.020463333824414467,0.60517073391510867,0.7924732858806216,0.075858249243040105,-0.062340658455178978,-0.04782117013210091,0.99690861065123271,-19.269206664290177,8.3133116028222815,-1.8466027851077282,,0.1192084903644069,0.4696969696969697,0,2
0.86783691378333683,0.48416321706986531,0.11155747537289221,-0.49540325779302241,0.86033467900041571,0.11999938448722966,-0.037877476725293131,-0.15940583222019294,0.98648622768445915,-16.461426118705358,24.178012081175517,-2.9466333236344115,,0.439209364827897,0.4107142857142857,0,3
0.21923531481226516,-0.97531051178801298,-0.026557152237594153,0.97471703165526435,0.21773556341765063,0.050179005812675134,-0.043157675334952982,-0.036886718734553049,0.99838709178388341,0.41319087007384836,-13.413511870947172,-0.76747151477553466,,0.2909833398885566,0.4242424242424243,0,3
-0.99837423118142843,-0.028470040010466196,0.049379665194242903,0.023546496427093888,-0.99494992883689759,-0.097571520504002598,0.051908159463632739,-0.096250173658319144,0.99400273996193933,5.6989083204177264,14.383868176425501,-2.4112642540626061,,0.1270974708878039,0.4583333333333333,0,5
0.95872957203717712,-0.28430885884146095,-0.0024658640832952261,0.27458738886279377,0.92362802713396286,0.26741920905226002,-0.073752108979499673,-0.25705979902911619,0.96357713035552395,-5.9251590460163239,-14.203251438639116,-0.67402695572605353,,0.5935302274798817,0.2439024390243902,0,2
-0.51567671073611276,-0.85674400853189492,0.0081996249354541386,0.85678150997491809,-0.51563278679812319,0.006947902122140851,-0.0017245780588426101,0.01060815834628844,0.99994224473567339,0.19905737566351464,4.0823439708203759,-1.7324012475706414,,0.07149772485708081,0.2654867256637168,0,4
-0.9520877976365707,0.2864204969640185,0.10720132699938772,-0.29957932482602084,-0.94394812879026757,-0.13861514451941595,0.061490273444915249,-0.16408908882749576,0.98452715411990144,14.370969666092844,8.2632339383626103,-2.2661608300506386,,0.1776481139547824,0.2592592592592592,0,1
0.86744606780274292,0.49375240460820036,0.061203614249334758,-0.49684331591328379,0.86613404399462113,0.054392437579306695,-0.026154137069578982,-0.077591112745892629,0.99664215259891653,-0.35210970757086563,-3.4141133134207169,-1.2328409361952786,0.4189025657852449,0.3714995368164797,0.9252934898612594,1,5
0.75528887948370915,-0.65510093490997301,0.019531349372788064,0.65245260057255872,0.75438674791738691,0.07215426926200412,-0.062002520387060715,-0.041754037489898151,0.99720223015140907,-2.6455474656004361,5.7029517505644227,-1.7697734662449891,0.4884834651284859,0.472326093830944,0.9354536950420954,1,5
0.93235943556963885,-0.35877298283342196,-0.04458508375088005,0.35554120354439667,0.88755033748267931,0.29299291973797453,-0.065546437633679469,-0.28902654760971414,0.95507450981080166,-3.0986098952224412,-16.550610844631215,-0.64348476016434009,,0.3422607928786003,0.4117647058823529,0,2
-0.27255532258538873,0.9482747992385564,0.1627528840280579,-0.96022843855024886,-0.27875185591874369,0.016085665084392731,0.060621299307470337,-0.15189571406373453,0.98653573180059839,-7.733537050326504,-14.017665727313917,-0.65233323464644755,0.3716061445361658,0.3327948642399814,0.6019417475728155,1,5
-0.42893400766585527,0.84767021799319953,0.31220316877807186,-0.89853145432976578,-0.43595884490590919,-0.050804636878350087,0.093042155218716435,-0.30231620379276147,0.94865592828832801,-11.156979959617621,-6.0789550567047641,-0.92976515830035722,,0.6169421458211161,0.2543859649122807,0,3
0.048108461360075593,0.9835351027919963,0.17419608928303534,-0.99836236615600571,0.041943850880261854,0.038901146727518959,0.03095418855256447,-0.17578229418593738,0.9839422865502736,-19.431623659535198,17.986492075085032,-2.6625865697542639,,0.1674360317491414,0.4444444444444444,0,5
0.064425303488439958,-0.99351062298462423,-0.093733784128920236,0.99378948077576323,0.055334957212206562,0.096542790563372338,-0.090729533063178075,-0.09937144724229327,0.99090537757301056,-1.6083420252120149,2.9172107904254387,-1.5886708436274264,,0.1913039042449159,0.1746031746031746,0,2
0.69816565872771563,0.70579022286610449,0.12010359811391247,-0.71553154450157797,0.69352225130980161,0.083913620833386812,-0.024069104604870373,-0.14452352142401395,0.98920858768953324,-20.967699057575583,10.218485508022081,-1.9889498717004155,,0.1469853889791486,0.32,0,2
0.10862550802856644,-0.99405713022167907,-0.007135885437477737,0.99335880648088237,0.10826970026401375,0.038935248703696163,-0.037931261413429472,-0.01131785581201477,0.99921625564609662,4.9934214496414686,10.114810674180713,-2.1550093416920952,,0.08822573352838733,0.36,0,5
0.98104491153385076,-0.19035302260300191,0.036285098035395896,0.18642740343654288,0.97821708334246038,0.091302579946446305,-0.052874424833238537,-0.082807394856194552,0.99516191172878143,-9.5418472331085393,13.191525954777457,-2.1181346395267595,0.9373330445812318,0.6696034050954652,0.7947368421052632,1,6
0.26961433601942725,-0.96286760008979799,0.013931780579536425,0.96179100333870005,0.26997170944755594,0.045533965286377938,-0.047604366496572591,0.0011228514048685233,0.99886563835942555,-8.2372403242799663,14.623663101089749,-2.2004077810848446,,0.06909406479220648,0.3157894736842105,0,1
-0.4410148086638031,-0.89740244825038484,-0.013220605638384583,0.89739564385879689,-0.44114021072109233,0.0087391571794257598,-0.01367468180563903,-0.0080100161776940348,0.99987441347318651,0.11739102409962571,13.844316804988596,-2.2339479068023103,,0.08006018149763983,0.35,0,4
-0.27644662751272414,0.94871627596942298,0.15334500268202403,-0.96039805367015862,-0.27850773082512886,-0.0083079707033601666,0.034825861703788874,-0.1495689525982796,0.9881377878490637,-11.876377558011717,13.555254838543471,-2.1367489374619297,,0.112922338107034,0.1304347826086956,0,5
0.37719022137007624,0.91483529614107306,0.14423563303589834,-0.92606306772649316,0.37060666110670348,0.071118895775564711,0.011607389706018835,-0.16039664484587754,0.98698438935294019,-13.430176692019872,-13.714534556426036,-0.5766620008611002,,0.6887292835364324,0.1923076923076923,0,1
-0.016523279152477345,-0.96440368690784073,-0.26391761957969773,0.99930160796409273,-0.024776033686275508,0.027972208978860897,-0.033515333303278279,-0.26327110899857831,0.96413953637439354,-17.494956921447546,2.12055588690477,-1.4137677904451313,1.346623758414858,0.5175697657280076,0.52,1,1
0.67638920429960314,-0.73254410308590812,-0.07666016789058587,0.7349854476976232,0.66452359564590679,0.13492509960181784,-0.047896095662119387,-0.14760598857735538,0.9878858416620957,-1.1193308127023476,17.454050631889658,-2.5135019093489808,,0.413127652862498,0.4827586206896552,0,6
-0.75664523984517373,-0.65325359406520389,0.027344521581731004,0.65355440317869173,-0.75687415868111274,0.00285482162351914,0.018831439280731253,0.02003121967459788,0.99962199212150404,-15.377130605821389,6.3277619191318992,-1.7017831730121218,0.2251107230395421,0.2583046443904995,0.7949526813880127,1,6
-0.8227256250380699,-0.5681608196025062,-0.017771577710634815,0.56819493563112777,-0.82105534864574115,-0.054978446534608955,0.016645150310385857,-0.055329897242166005,0.99832937522759269,8.5356071064021481,-10.070755314704121,-1.1432476604654467,,0.1800607205526015,0.2857142857142857,0,5
0.79000634539696635,0.60181862860042423,0.11706541975337834,-0.61272683280941775,0.78165017874797527,0.11657112171802959,-0.02134953366867717,-0.16382104972427797,0.98625902331961801,14.735413327169315,-6.198495182675547,-1.5533997233005044,,0.5376508747687467,0.8823529411764706,0,5
-0.55722564993908308,-0.82293427114976458,-0.11080956825642058,0.83029279186983185,-0.55048451975471946,-0.087067061966155518,0.010651517214406041,-0.14052038598589153,0.9900204878200296,-11.122089054687411,14.945159374084088,-2.2145328740478014,,0.1467983542304012,0.2777777777777778,0,3
0.61342739146728997,-0.7896728624827023,-0.01111780805783053,0.78751864230253976,0.61057497452840004,0.083741199571105457,-0.059339897401328577,-0.060124626718327905,0.9964255144457016,-1.8404377388928157,21.565051630482944,-2.6866455314342681,,0.1292260238761714,0.303030303030303,0,5
-0.5937002910708985,0.78196283955996782,0.18987912452305766,-0.80086767552817306,-0.59715789184118551,-0.044871132210945602,0.078300259746897333,-0.17870805734242493,0.9807815758691969,-8.1779312020983355,12.829240934531422,-2.0934394264504768,,0.3013699866823961,0.2352941176470588,0,2
0.87888114821309216,-0.47704076677629753,-0.00018479480388772506,0.47279032412218519,0.87099857254534141,0.13353200380589469,-0.063539253474339405,-0.11744613002334585,0.99104448427427494,5.1646066785733113,-3.7644752079748214,-1.3842003692138676,,0.07158702944732118,0.2653061224489796,0,5
0.74213210189396261,-0.6701402831266875,-0.01232656762169833,0.66740796490637055,0.73716337826673384,0.10562557513175232,-0.061697258593767207,-0.086614979496964437,0.99432956991570676,12.736099018172327,-7.3043583161321299,-1.4335740395461709,,0.08153991327451636,0.1764705882352941,0,4
0.93843760817098409,-0.34091504756658086,-0.055783383843209432,0.33981357048110755,0.88196554965475993,0.32659379439765701,-0.062141716159148715,-0.32544385009530247,0.94351720045155629,7.4389463098084025,-11.532899371859743,-1.0174607743461022,,0.5304124799239189,0.3461538461538461,0,1
-0.31753226947835506,-0.94290929576787486,-0.10047545866755683,0.94800897777606907,-0.31804159465169501,-0.01133676000363207,-0.021265838706676123,-0.098851423995496915,0.99487494695472378,2.1627172952783686,20.762805629010046,-2.6965541353896869,,0.6653334023742378,0.4878048780487805,0,3
0.66899450604375821,0.70307971361959398,0.24109182312939842,-0.74319495749042308,0.63728808928854763,0.20377719796817292,-0.010373333315560437,-0.31550405313964092,0.94886752837705579,-18.20524652757652,17.139810994190558,-2.5427484721048619,,0.3909675664357359,0.3,0,1
-0.36512977678530173,-0.92928746848170696,-0.055722948841352336,0.93085343520390296,-0.36532590629659029,-0.00699030454755318,-0.013861034370073726,-0.054422266687773543,0.9984217989480979,0.99739198773560422,13.579472776842048,-2.2408922548398293,,0.1402926235989411,0.2222222222222222,0,5
-0.96678190759477367,0.24298103534576707,0.079328176644300696,-0.24812992860295283,-0.9666699547143569,-0.063093083488099708,0.061353742175223283,-0.080680946417614113,0.99484988978551636,-2.6861337713514875,-8.4067999175750785,-0.93491169267834962,,0.2085330651891639,0.3608247422680412,0,5
-0.54178532036241989,0.83572982072283841,0.089578643628732621,-0.83852443800104481,-0.5447565800325096,0.010818289435797266,0.057839722637845946,-0.069252691397932095,0.99592099647478105,14.543427218569537,9.0609668254335318,-2.3165513674069231,,0.1077515769161269,0.2608695652173913,0,2
-0.35376153640942204,-0.92648458715880189,-0.12837088889007656,0.93528459242729556,-0.34896077436362377,-0.058899143658005797,0.0097727440031666404,-0.14089956604874046,0.98997565917648889,3.8782424424363304,15.985628341032637,-2.4699362901064794,0.7560723182710668,0.3496613892839727,0.3333333333333333,1,5
-0.071686471081043077,0.99335178092058773,0.090073798664443899,-0.99665331381145295,-0.074894894523277356,0.032755562016186304,0.039283863514117869,-0.087424219277286982,0.99539629492537307,8.5850196709216036,5.2569483379849995,-1.9427834425470365,0.2435718626156316,0.2315425715591107,0.7945205479452054,1,5
-0.77882615453046933,0.61981632403392173,0.096216139396443384,-0.62247611345080689,-0.78263307103582935,0.0029940447896758173,0.077157690494579795,-0.057560408112704006,0.99535596156120909,-2.3037887843843063,8.2909128693076433,-1.9214365583853754,0.3186050910753617,0.173727865349607,0.2947976878612717,1,5
-0.69219262951373206,-0.69814945090139047,-0.1829117488106014,0.72160689265332667,-0.6651531900913692,-0.19197584792490288,0.012363499588536943,-0.26487464566727076,0.96420359155137059,7.8464063134283695,-6.292917783946379,-1.3062202244110963,,0.3447493666431973,0.1578947368421053,0,1
0.99321227962560998,0.10412580174488517,0.051838065279147437,-0.10839566579096305,0.99022138653170444,0.087817909864467775,-0.042187050603640572,-0.092840848047692909,0.9947868262573405,-4.3184942293880191,-15.491838759680673,-0.67743880575182314,,0.1162759555295164,0.2222222222222222,0,3
-0.91115837414860978,-0.41029617814290487,0.038045544025388518,0.41067670941952178,-0.91177777900788493,0.0024335257965992429,0.033690615298858605,0.017841746236700155,0.99927304303278885,-3.6105631578966264,10.195264717864271,-1.9840906223237182,,0.07092032365506022,0.2631578947368421,0,5
-0.3517583014313504,-0.9359886296114448,-0.013834110459995571,0.93580971254090428,-0.35197642907508042,0.0193073895092854,-0.022940777847309891,-0.0061545603939678704,0.99971788125356431,-21.289913526201882,20.789727192923674,-2.7558028590947821,0.6584372566901513,0.6120410259986595,0.8163265306122449,1,5
0.20658034971398573,-0.95845205332877148,-0.19670846596399871,0.97732587828856021,0.19258728778095099,0.088001501195559384,-0.046461669573340185,-0.21042765515739473,0.97650474407727217,-5.5469275314178574,19.763440113879561,-2.6076942054054846,,0.3077242712128166,0.5,0,2
0.66609524697122335,-0.74582433059963538,-0.0079492042338253441,0.74342831921205432,0.66301887834874618,0.087865244247718396,-0.060261564499152022,-0.064436285109996952,0.99610065204543385,9.5454952357653902,9.1987409284644137,-2.2022817125558687,,0.0922969772254367,0.4705882352941176,0,5
0.99868867581569376,0.0087933332036397895,0.050434175800401986,-0.013509843427947104,0.99548486246762125,0.093954099050405915,-0.049380288861533013,-0.094512252586587395,0.99429825564714758,6.1818664938607553,-8.178952756123925,-1.180479961252102,0.2896991114955189,0.1921609868700592,0.5280898876404494,1,5
-0.80014939246670169,-0.59921648923428616,0.026467881760815711,0.59949803507288058,-0.80036833399188545,0.0035546992571884079,0.019054020020022117,0.018711733559191472,0.99964334407241784,-15.447458266760949,6.2640028149325069,-1.7011655093089053,0.2282575491624069,0.208689183416558,0.6473988439306358,1,3
0.38274882243064273,0.91592627606380006,0.12075759083327507,-0.92384803161014317,0.37905922839101375,0.053093463455251823,0.0028554190622792522,-0.13188312320956616,0.99126116053967839,12.262889187565989,16.917815858342045,-2.6633839455850374,,0.1800809348692996,0.2692307692307692,0,5
-0.42793996452597227,-0.89990380723280972,-0.083907833301800294,0.90350439210158695,-0.42835187821755599,-0.013945676055071434,-0.023392311015597526,-0.081779008036202416,0.9963759298728383,-4.6057114717516514,14.929181104930048,-2.2514569088674796,,0.1711742248873794,0.1111111111111111,0,3
0.98158789708534677,0.18225497509479607,0.057169260523132703,-0.18529387572326281,0.98123678497598865,0.053296823821285103,-0.046382970096993395,-0.062908631070627635,0.99694088301252881,-8.8058188360047431,16.963863844512645,-2.3643539580988922,,0.06488194066931735,0.1764705882352941,0,1
-0.57656464239073235,0.7521943012981952,0.31902499312650628,-0.81491513148684291,-0.55762705478569841,-0.15800441843445362,0.059046944193829852,-0.35107805523209235,0.93448256137598584,-20.843733009180625,8.5314354422115581,-1.8857976951543132,,0.7403549715193776,0.2678571428571428,0,1
-0.77504110802418125,-0.62936965700899994,-0.056613741344511949,0.63159690505240773,-0.76871729821297519,-0.10079218698075641,0.019915581861184219,-0.11387515209437719,0.99329543406511889,7.3172774824297386,-16.0816261543759,-0.76310105680513229,,0.3673701993143283,0.2857142857142857,0,1
-0.028113422351780937,0.97654582749429164,0.21346634930864172,-0.99748240336371463,-0.041315028064474298,0.0576361296044344,0.065103690090638044,-0.21130857829137073,0.97524878583726593,10.491282285446191,2.6863094477767508,-1.8534618664748803,,0.3917704637766155,0.2463768115942029,0,2
0.50079377658729141,-0.854221992951815,-0.13967956217309488,0.86371055036739597,0.48260786690182528,0.14523681347551093,-0.056654024706883736,-0.19337640383950572,0.97948756394484771,-7.4923984714071361,-21.04675417785343,-0.34158974878826714,,0.440714294946574,0.1538461538461539,0,1
-0.84505802311772171,-0.53312932928233603,-0.040620879155119756,0.53411083587493147,-0.83823929198375746,-0.10991134780154005,0.024546946151207248,-0.11457751801088935,0.99311099067582276,4.1093123311603312,-15.314374840620289,-0.7150814570533387,,0.1958940632742406,0.2916666666666667,0,3
-0.22148384408153038,-0.95472234965628089,-0.19862059781820182,0.97493018592556979,-0.22124939208079861,-0.023660918727140805,-0.021355078599799762,-0.19888172759373504,0.979790803716451,10.336482349204397,-8.4468267367898431,-1.2933438565093205,,0.08694756884246503,0.2222222222222222,0,3
-0.81949375953601489,-0.57290898006471114,0.014327548385530367,0.57264127192658687,-0.81958591876316755,-0.018997248522735335,0.022626351182374795,-0.0073635810816565653,0.99971687287242716,17.453811681969061,1.9694070094404461,-2.0334900856875104,,0.147455184949743,0.6086956521739131,0,4
0.18936712748725204,-0.96739344002109706,-0.1681963829318992,0.98112374695961202,0.17958178006710981,0.071739650263009463,-0.039195461206083408,-0.17860659694444492,0.98313956249800394,-3.0533116200277717,7.2446243770430119,-1.8764499894064506,,0.6301658403406071,0.1227272727272727,0,2
0.86550193027438571,0.49237141008555951,0.092069556432459648,-0.49973908448300797,0.86131152931582788,0.091669498240771155,-0.034165130343627531,-0.12535088351498588,0.99152402889219748,0.53393329906060871,-14.075990815172132,-0.74487716808716431,0.133617704757849,0.104722031201737,0.3235294117647059,1,3
0.74561450408197349,0.65975203421658679,0.093735076943845211,-0.66615695864664759,0.74157572867921528,0.079374713105246256,-0.017144029550890113,-0.1216252111240385,0.9924280277530414,-19.353768602610753,22.051841224586095,-2.8087945172428457,,0.2172820719905945,0.6333333333333333,0,1
0.86085498287161144,-0.50011386152555071,-0.0938872940025446,0.50602132051084547,0.82194186871324715,0.2614459554948888,-0.053582848501904534,-0.27257602602976222,0.96064102992753964,-6.6557121585087193,2.8754583007815011,-1.5079933877128997,,0.6114685506462467,0.2155963302752294,0,3
-0.091088112998996218,0.99282411874377041,0.077480480838322707,-0.99520935678070543,-0.093528943777150861,0.028472317293559292,0.035514670861725113,-0.074515809843187911,0.9965872276108082,-14.545874058616189,8.8890480121716635,-1.8509214290144744,,0.07573529324850677,0.3170731707317073,0,3
-0.81940270141413718,0.53389141841911791,0.20866040892713056,-0.56925823298399503,-0.800627793040391,-0.18692298197710475,0.067262746711346424,-0.27194685206800179,0.9599586618991206,-5.8473005068667767,8.7429154572189773,-1.9204783983850402,,0.3502022929490009,0.2556818181818182,0,3
0.91665700796478711,0.39149047207144394,0.080468254773682427,-0.39839905274560766,0.91109380364375514,0.10576519150153768,-0.03190806356466544,-0.12900888046654954,0.99112995325553577,4.84689512744671,-15.06997663451442,-0.76159117986605862,0.1874301356815912,0.1365867638146632,0.3333333333333333,1,2
-0.08399185614752111,-0.99632679677422953,0.0166817903864524,0.99576210877378979,-0.083291399941033545,0.03899186359021705,-0.037459188876288151,0.019886093770929456,0.99910027146591474,-17.097083306742704,4.8904612795703857,-1.6611601888860048,0.3543949907891524,0.1346427116199102,0.4578313253012048,1,4
-0.74020498936684231,-0.66029508525440428,-0.12691325425388494,0.67217518715542279,-0.72200395571259701,-0.16398416297903368,0.016646065270949671,-0.20668983604483504,0.97826490286974621,15.009866701524732,13.476948304804518,-2.562385030086316,,0.3360464860366633,0.3055555555555556,0,1
0.82676719097886975,-0.56072509709166685,0.045203732284502716,0.55892800418171729,0.8278927495975148,0.046830345987491438,-0.063682792513759412,-0.013452161737305124,0.9978795224285556,1.8457333161369516,8.1550204147556347,-1.9663793593473728,,0.08279351374686378,0.3333333333333333,0,1
-0.96703728367692654,-0.24984193611105504,0.049172135798943653,0.2455743809755456,-0.96612809799656074,-0.079307765508963651,0.067320987717263081,-0.064618149322203805,0.99563667037275416,8.5698040549274026,1.5300568811100546,-1.7370232144348008,,0.1735791862246444,0.2380952380952381,0,4
-0.48574858653955127,0.84806461124892274,0.2117421210388736,-0.87241106345023089,-0.48541640454578877,-0.057182607211247363,0.054288553530782935,-0.21250253962024107,0.97565128176540761,5.09385229744304,-15.870798910638728,-0.69242572868873598,,0.1934431511638653,0.2666666666666667,0,3
0.48241738748190738,-0.87385440163404449,-0.060431357753552836,0.87375254501499189,0.47519102601212271,0.10368210490422776,-0.061886624847025687,-0.10282010281240085,0.99277292072391432,15.394092533013009,-7.6521354925349234,-1.505262696482315,,0.07649755427022849,0.25,0,4
0.96764897129555205,-0.25197085671845343,0.012890140233041287,0.24453440314505931,0.9492177501200425,0.19796107833494278,-0.062115972415703706,-0.18840475105902274,0.98012512249673422,-13.508882506334951,9.0871099415734609,-1.8901796217383813,,0.7109973474584073,0.2289156626506024,0,4
0.90063027207963176,-0.43422273954442209,0.017768665574679501,0.42996419477072317,0.89625389429338442,0.10890247095041562,-0.063213164996949636,-0.090440972056249694,0.99389361922923536,9.9212778982612289,5.5545814210077822,-1.9918901116902927,,0.1329549106276946,0.2083333333333333,0,1
0.95965789478387853,-0.28077365459889719,0.014929161468516503,0.2770524400475689,0.9533233701729632,0.12006871926422533,-0.047944451635848061,-0.11108873374578639,0.99265332457615596,-14.232243261790712,14.723114250688848,-2.2270080214184982,,0.4814233561887639,0.2542372881355932,0,4
0.99859209831713491,-0.0058521004538153263,0.052721666313392056,-0.0022718789369225692,0.98826554832107438,0.15272866321598808,-0.052996789946921988,-0.15263341351724136,0.98686087232871744,8.7858404491237838,22.765531776606231,-2.9068009977717821,,0.3013255440780222,0.3846153846153846,0,4
0.71915133206277249,-0.69129741669737566,-0.070208569703951854,0.69362603815995882,0.70820397160271042,0.131643662181917,-0.041282935686056815,-0.14337020706437667,0.98880771788425004,1.684302885703828,29.351887706612136,-3.261023937968591,,0.3732469236277573,0.1428571428571428,0,3
-0.50663637193956645,-0.85149973842130522,-0.13515835932846534,0.86215277326447637,-0.50100265412758882,-0.075425036357195857,-0.0034902980225218348,-0.15474022109833266,0.98794902793319939,6.4510707388429536,17.35493815728195,-2.5630765886317421,,0.1311352613903344,0.2941176470588235,0,4
-0.90002648537214169,-0.43115717711166973,-0.063685275015235771,0.43455217572417076,-0.87654108351896409,-0.2069785870006601,0.033417543327708792,-0.21396078502495916,0.97627048007682993,-9.1531862866673386,3.7842359692331979,-1.540004532027003,,0.3857351563821463,0.4440559440559441,0,1
0.83676881587021956,-0.54753770287875048,0.0045180430955539825,0.54447449975333861,0.83290506526186525,0.099079116767769093,-0.058012652977638045,-0.080446355960917523,0.99506930206247801,5.6902609275614475,-14.641029692087574,-0.81258063013425774,,0.1037383713673954,0.2307692307692308,0,3
-0.85579966114524753,0.48210636364070036,0.18756437327173581,-0.51337357975474285,-0.83612986144765034,-0.19322117483685011,0.063675015457234085,-0.261649209692429,0.96306032182509049,-16.143821320119674,15.803559739190154,-2.387414174166905,,0.528232596735824,0.3076923076923077,0,1
0.85193497023967435,0.51434009228731348,0.098290772448903899,-0.52258367620331536,0.84705143851940568,0.09700598882560417,-0.033363270951044278,-0.13400794740642305,0.99041847831276042,16.902308070621526,-21.782532458507596,-0.84621802644913247,0.4048837684586071,0.2216922500676468,0.3888888888888889,1,3
0.31457531050720006,-0.94921842850978677,-0.0051719432236598086,0.9476533971712886,0.3137331788151998,0.059367763476699253,-0.054730364963282666,-0.023576842195678949,0.99822278057709402,-5.7283892576095177,11.136000518689226,-2.018067255115608,,0.09183206164356539,0.2857142857142857,0,3
0.2589116681583114,0.91149639249547953,0.31959204395479918,-0.96570536917301741,0.23761986822443665,0.10464195227253102,0.019439342629978425,-0.33572477521435196,0.94175951668426805,-8.4287614802876689,4.9540975011741724,-1.597782592737385,,0.3093099398002968,0.1833333333333333,0,3
0.75868244740852164,0.64306084538488917,0.10427700190879971,-0.65141723175471788,0.75069772344110275,0.11003871224876276,-0.0075189206164455328,-0.15141227543768507,0.98844210183477432,24.973648676229793,-8.2816501438589309,-1.8459020659538345,,0.1482682625679258,0.2222222222222222,0,3
0.70401915565667927,0.66024325418715091,0.26160251101397675,-0.70908247041623862,0.67398267193092176,0.20724238969202124,-0.039485169581256724,-0.33140036698413117,0.94266362937472181,10.180909199594931,7.4358307940704069,-2.1362455386351002,,0.3909106126852311,0.2727272727272727,0,3
0.69742193148552745,0.70951850190154486,0.10092643331845344,-0.7165158865439184,0.69316338875796979,0.078291128589074138,-0.014409504265573372,-0.12691734296366114,0.99180862783193491,18.332425730016229,15.454370343538423,-2.7363359688058981,,0.6453684331466445,0.4545454545454545,0,2
-0.46574553297006038,-0.87081640392069615,-0.15735275396719606,0.88465524229351622,-0.46252548749289141,-0.058781593224947894,-0.021591683608148039,-0.16658020315178454,0.98579147648824572,-3.1202766644060058,-12.607039596166114,-0.74684895480905789,,0.306461497102983,0.2,0,2
0.73074638869139552,-0.68264893845818264,0.00037714241410872671,0.67976520187694323,0.72770997869390952,0.091419129434210294,-0.062681621961170469,-0.066547830402097441,0.99581243240737405,-1.8747642467408034,-13.528603689795061,-0.72937535217577787,0.6058741256045176,0.6207859579435893,0.405940594059406,1,1
