axis_00,axis_01,axis_02,axis_10,axis_11,axis_12,axis_20,axis_21,axis_22,location_x,location_y,location_z,dbh,dbh_approximation,score,reconstructed,number_clusters
0.10912957034370527,0.94664311049625982,0.30324504649963213,-0.99396114416777981,0.1003947625247765,0.044295999167775491,0.011488288004577341,-0.3062477967391104,0.95188250652649586,-2.9340582007557292,6.2320162535572381,-3.01380434614514,,0.6993026051534048,0.4197530864197531,0,1
0.90143352475089356,-0.43215203789654411,-0.025733569457889929,0.42731709056602207,0.87866838648466361,0.21293654149212674,-0.069409686394409406,-0.20294453117613692,0.97672709223217935,7.5920610156612724,11.894621959707136,-4.070257766899374,,0.4865085161702359,0.3333333333333333,0,4
0.9851858554347197,0.16360267094777942,0.051410079849313013,-0.1657781938493324,0.98529624397704363,0.041338868499083324,-0.043891009277678923,-0.049249138708041852,0.99782167827778923,8.9025958636381297,-7.9008874953026043,-3.6931400362578679,,0.2292900167228456,0.7023809523809523,1,5
-0.9797132735286993,0.18946955453172495,0.065293105127803161,-0.19521437063761754,-0.97593599354750837,-0.097161134179247918,0.04531281461396517,-0.10793620525101205,0.99312462683581315,-6.7226179696542694,-23.432222938933563,-1.9192222374739476,,0.2151873448679774,0.4418604651162791,0,2
0.87825185655619276,-0.47816963092562692,0.0052421861899615623,0.47603142771566054,0.87526198607298988,0.085501669940153763,-0.045472588254798253,-0.072596554987236175,0.99632423634146072,5.4605383043390843,-24.035426873952208,-2.8788446775520362,,0.1709900725607801,0.2727272727272727,0,4
-0.31248202505390094,0.94695447571887426,0.075048017523493243,-0.94937376543062013,-0.31401280162999873,0.0092419654060274699,0.032317758745006052,-0.068360670918828331,0.99713709245079685,-4.7837124012154133,4.251021252815022,-2.8131806810437818,,0.4597451721084425,0.9142550911039657,1,3
-0.53686701806064718,-0.84359645163898844,0.010900995403022532,0.84358830051835998,-0.53694854854388674,-0.0067108453386373118,0.011514518974509004,0.0055931206603738164,0.99991806307020215,-3.8299787098779294,-13.586248998896661,-2.4482499865797078,,0.06978486631579042,0.225,0,5
-0.77016440957494514,-0.63717450951038246,0.029247677758732618,0.63647992656918018,-0.77070607792476065,-0.030090605250192925,0.041714329655002297,-0.004559153434070407,0.99911917648566706,2.9929153034692679,10.012618328877437,-3.6111139494702931,0.5679872752337052,0.4165202638633904,0.2682926829268293,1,5
0.67471592281714698,0.73496948421033259,0.067662994144539398,-0.73771917942321596,0.67440483113797467,0.030798312435868617,-0.022996430334798826,-0.070696400314005356,0.99723276278635153,3.9313991688148868,9.5786727484381338,-3.6781032828979341,,0.06418297941580403,0.3043478260869565,0,1
0.98040582563265821,0.17557188438349308,0.089324859247442309,-0.18966508589720976,0.96382260066635772,0.18727826792327826,-0.053212519740659513,-0.20055051198829799,0.97823714910244641,-1.1259561006793739,-12.350211113423503,-2.6891381331672335,,0.1280240938754028,0.25,0,4
-0.99823050180568873,-0.02033077599689672,0.055879556298592307,0.017233795304232431,-0.99831793081899745,-0.055356167720391813,0.056910996865064234,-0.054295198246625286,0.9969017854749711,16.381734717648762,-7.6032033626266111,-4.4536484784064738,0.5219419740505871,0.4856771357425703,0.4193548387096774,1,5
-0.89945328602104757,-0.43683761065662269,0.012517514999090115,0.43575804163394638,-0.89866685242470312,-0.050128011175634382,0.033146876433343922,-0.039633196551497059,0.99866435518337338,7.5233741134345102,-8.9567960937363313,-3.5435347408672597,,0.1253931074273295,0.2333333333333333,1,4
0.85709558796292229,-0.51420056010209003,0.031383707320678689,0.51239778032814387,0.85721808395061272,0.051241304265524305,-0.053250988810393203,-0.027837753837862671,0.99819306331589919,6.9383432422394273,-4.8159936811705197,-3.6365905387815105,,0.07403820970046308,0.3214285714285715,0,5
-0.66386770706082976,0.73636397102604667,0.13056710801939941,-0.7455854554437561,-0.66526873094467154,-0.038985179979000181,0.058154932314679927,-0.1232299387406305,0.99067269370133415,19.647398675791788,15.603475573319628,-5.4141677514152278,,0.1873952540168038,0.3157894736842105,0,3
-0.21124300969423168,-0.96956634938044439,-0.12376382752808808,0.97705889227359999,-0.20595678064970505,-0.054200789048654184,0.027061261692872797,-0.1323740860345744,0.99083035352279292,-1.8932267473400846,-17.562970966439803,-2.4898415173496251,,0.3952458845194008,0.1304347826086956,0,5
-0.1080750186892887,0.98350930094719491,0.14501463817722521,-0.99334882202988195,-0.11266213190030158,0.023777338108515726,0.039722891475288423,-0.14148038374997673,0.98914376756202815,-9.9071974773204836,-9.1885032901046859,-2.0704967563758663,,0.161595138601383,0.2083333333333333,0,3
-0.42105331923507994,0.89927498162899988,0.11840021020793147,-0.90624840843580934,-0.42252643013273739,-0.01361021847166892,0.037787889180046247,-0.113030629722414,0.99287267671936186,0.51074000565913824,-21.290490474380995,-2.5650370178373643,,0.1911517510962727,0.3555555555555556,0,5
-0.98323136845228487,0.17268231688374086,0.058625024751464742,-0.17914753017005819,-0.97472367668277515,-0.13349126019324514,0.034091619577466536,-0.14175532282660785,0.9893145050614135,8.7709967033482918,-11.239338126670603,-3.6112072424086641,,0.3361635515276715,0.3333333333333333,0,5
-0.76484760752700454,0.63707453306392325,0.09562518800819117,-0.64405323777286316,-0.75947643005218479,-0.091602287686941605,0.014267591755784537,-0.13164950253067192,0.99119364622101847,5.4475850341919436,8.6856775047203794,-3.8203574219317074,,0.2633409655356283,0.8214285714285714,0,7
-0.74230373838191166,-0.66447578981258881,-0.086354413536163077,0.66977905258554415,-0.73204594735683248,-0.12451807770781101,0.019523849565318802,-0.15026861186346904,0.98845240835701187,17.014912647465327,8.2264319764360643,-4.9283963454096416,,0.233665392426163,0.3448275862068966,0,4
0.67966595914583416,0.71438547991790902,0.16645591026104065,-0.73315038677333477,0.66881974438114611,0.12316923276552404,-0.023338687891200652,-0.20575114971342592,0.97832600396755287,4.0983958496174981,-4.0709117974524496,-3.3926186836347032,,0.6254477050927079,0.6642857142857143,0,1
-0.94049831300051379,0.32457739835915228,0.10056060718587316,-0.33519158973597318,-0.93475600661093938,-0.11780410126579036,0.055763082890549751,-0.14450162829246507,0.98793206143305623,14.135741584794781,-27.036804237863834,-3.4862815596935461,,0.2923299482832054,0.3928571428571428,0,1
-0.11725920948277802,0.97366728119014745,0.19550525141606978,-0.99186455509554006,-0.1246432810571383,0.025860333184980246,0.049547776303290707,-0.19088236698840957,0.98036163727284931,10.884564236321832,14.419607278760594,-4.5754741525699298,0.8141316379712116,0.4646650319460794,0.3157894736842105,1,5
0.78158686499305119,0.6027228659768008,0.16077039310471883,-0.62371016242752542,0.75936415455799733,0.1853421540207415,-0.010373319380226734,-0.24513512110901184,0.96943342558625778,-10.721894566361431,-14.406251879896214,-1.8483618776511106,,0.2182804539787048,0.4545454545454545,0,3
0.98026432340904146,0.17955896292816029,0.082706922827397139,-0.18413835464428283,0.98155113048130493,0.051482468858519724,-0.071936934882644576,-0.065695944190152483,0.99524324680786169,-11.939880135976784,0.067339739671977303,-2.1265860657428974,,0.2610859195842415,0.9184339314845025,1,3
0.95600971554557634,-0.2910239734789139,0.036748750223787992,0.28751920806183534,0.9544957919720235,0.079186413627554561,-0.058121672188272355,-0.065137009205547089,0.99618223295428998,1.1339353405039332,-11.223730322463343,-2.8947848127916487,,0.08069278027604283,0.1842105263157895,0,5
-0.064271469232647135,0.99094878058024349,0.11785453962068809,-0.99784508670772631,-0.065378777063423571,0.0055496344871274784,0.013204589199458449,-0.11724389014451285,0.99301536193950912,-9.6203353874943609,-7.1422606933221253,-2.1491028993304049,,0.09699773916597139,0.2966101694915254,1,3
-0.99805855712312863,-0.033836618562336739,0.052289576375856302,0.030076030251456401,-0.99701538390902644,-0.071103844151010356,0.054539425717668268,-0.069393137218349069,0.99609740665729241,-10.11700060357067,-12.836036385946235,-1.9394833407344729,,0.1133268857793345,0.5789473684210527,0,3
0.93897192388149275,-0.34355022347131042,-0.017463393573474463,0.34060827024221363,0.92142698667493139,0.18697142688059129,-0.048142833370051957,-0.18150909668655674,0.98221011775237532,10.065052129859851,-0.87628718801656535,-4.0157805891349305,,0.2438198122449218,0.1111111111111111,0,6
0.92712582475009753,-0.37217865403089651,0.043826414012571771,0.37048442813108001,0.92787819320930276,0.042229694280524886,-0.056382564626289947,-0.022915236206292523,0.99814623094803723,5.2057133235156101,-2.7163476113954141,-3.5012876981219381,,0.07973556252895983,0.3663366336633663,1,5
0.99543051285999562,0.071866504180944105,0.062875270529014968,-0.080440628171919951,0.98591708017182189,0.14661792647823288,-0.051452885308730552,-0.15100568400652983,0.98719293149370102,6.2016313796927935,-17.086096197738829,-3.1854535600562501,,0.3230387895007796,0.3125,0,1
0.97413327344151968,0.20460529808972999,0.095922039009398039,-0.21555128085420289,0.96876375601368636,0.1226149679132448,-0.067838122735083675,-0.14011943843687868,0.98780794290991225,6.0595786737813162,-13.886329425196301,-3.2750572509696525,,0.167712650073296,0.3870967741935484,0,5
-0.85324631751428448,-0.5204383090974144,-0.033386944636138081,0.52025722525505835,-0.84502207617004022,-0.12357228797421352,0.036099047331194838,-0.12280739883695391,0.99177376531781758,-11.140567137498246,7.4570770243823326,-2.3714281671185322,,0.5977163425697477,0.5769230769230769,0,2
-0.9534751884064,-0.30067881109556416,0.021847600589967171,0.29886688069745276,-0.95225769752891976,-0.062320663660585258,0.039543048890484898,-0.052891682286341078,0.99781702592678101,8.3104152909363123,-25.467174310977043,-3.1057187549860514,,0.5784944667376806,0.3333333333333333,0,2
-0.45173334559970046,0.86200669634195126,0.2299596484928052,-0.89139499759831731,-0.44672132298484452,-0.076518088367157969,0.036768773844060465,-0.23955065237294401,0.97018737479813633,4.6489487372637486,-15.492617691155603,-3.1229733734565279,,0.09950664201734938,0.1818181818181818,0,4
0.27612326158959982,-0.95212162252411714,-0.13122637056310005,0.96061037981042985,0.26893642209698548,0.070006421634971311,-0.031363077170183017,-0.14538781514182877,0.98887751546827185,-12.741540660804638,-10.74258998530892,-1.791104705026521,,0.5472275441950182,0.2,1,1
0.8399637278660852,0.53898651091902094,0.062884631800213558,-0.54163636553590455,0.83981135091403381,0.03670071395764566,-0.033030037819600504,-0.064887871927542168,0.99734576786506202,-0.16785273564143074,-7.9925282078255488,-2.9024772337680371,,0.07494071678997177,0.3142857142857143,0,5
0.75987083354697338,-0.64866601284877146,0.042763537032202217,0.64807543183613592,0.76104818668517416,0.028352992674739601,-0.050936735025255551,0.0061693855516794151,0.99868282638026828,3.165578734165043,-3.1745143514137504,-3.3056773046483543,0.3140097271042341,0.216968009859195,0.8337662337662337,1,5
0.95624945807352402,0.28483292934255794,0.066762087266857395,-0.28873663782421055,0.95561127977643512,0.058636472796489682,-0.047097005340688267,-0.075347755946545178,0.99604447077515468,-0.39211141658002696,10.071487616378905,-3.296131420685152,,0.08219411571762991,0.4782608695652174,0,5
0.99324974261240473,0.073005584854980043,0.090139521744757187,-0.08557516976608813,0.98579075728817944,0.14454574765347603,-0.078306060556616153,-0.15128373152847438,0.98538388126400955,28.658260364519226,5.0343506474555371,-6.0661656665874464,0.2936454044078795,0.3840158275115422,0.8157894736842105,1,4
0.5680810227931089,-0.82228834550653107,0.033553366246427789,0.82173663793054041,0.5689898677710471,0.031613735250644419,-0.045087131478362373,0.0096128673150950028,0.99893680648829597,0.52559926271950264,13.526147048951144,-3.4610066862012134,,0.1333845160805153,0.7619047619047619,1,5
0.89161158679374775,0.435578179134188,0.12369489947964579,-0.45263972693672433,0.86468362396232845,0.21780612491392981,-0.012085358653432977,-0.25018769017183873,0.96812192609851444,14.736110362474925,-1.9523182201029421,-4.4807547015253641,,0.2821512972212544,0.15,0,2
-0.088196833949348449,0.99170518485988401,0.093499437449289111,-0.99586012990632555,-0.089858964906045904,0.013710145475886741,0.021998185022110879,-0.091903170500459236,0.99552493043001988,4.9560306867418937,-5.3353620351921798,-3.4471803772284564,0.8431911396818201,0.8576461055017484,0.7427385892116183,1,1
-0.15106877939498226,0.98423244137254207,0.092003941447935736,-0.988214661812021,-0.15269150171695309,0.010820696981909017,0.024698300991420761,-0.089284974398084846,0.99569984798375377,-6.5336152320093177,15.998274010049611,-2.9627749043286835,,0.09172450113108416,0.4117647058823529,0,3
-0.32428225794671084,0.91737339678607033,0.23079659453763499,-0.94483150486335044,-0.32602301902645275,-0.031660993075604923,0.046200049768795978,-0.22833099205772261,0.97248676775948817,-6.5961386608958907,-12.279349962569842,-2.2599344673317221,,0.295013773788238,0.1,0,3
-0.78262769590261982,0.58396874130462917,0.21557921696036283,-0.62028590937729655,-0.76071483827848063,-0.191202315495721,0.052338133651637156,-0.28336097826276618,0.95758408286887864,-7.9478462557563896,-25.372272957363535,-1.7715573850907729,,0.3599390506538511,0.4,0,1
-0.37581944094658282,0.91512127245020858,0.1459890561504828,-0.92599089373136911,-0.37697630472467053,-0.02072993976625356,0.036064006061141296,-0.14297525095359437,0.98906898904049101,21.616168951660921,13.067073835681098,-5.5163135850735063,,0.1166919940972427,0.3846153846153846,0,4
0.91582615007754942,0.35151986939051838,0.19415520662039315,-0.3910342436656058,0.89067617562249246,0.2319227683073814,-0.091403955685748342,-0.2883222703888213,0.95316083914669614,-20.047526444191377,1.3539627445239648,-1.539321979899966,,0.4884314884404048,0.1538461538461539,0,2
-0.82558326559629236,-0.56426885285401185,0.0035962850525146969,0.56152076108216176,-0.8221586820524972,-0.093538956587138553,0.055737836709646438,-0.075204808519923255,0.9956091252767878,5.4113050726656855,-7.7940524414857206,-3.3922981141306741,0.4184317708360104,0.2107655117586643,0.303030303030303,1,3
0.72926261604486042,0.67474453362852771,0.11355990127605337,-0.68370761198544017,0.72510384841558595,0.082269741254446069,-0.026831663246489456,-0.13763801564730394,0.99011910318713647,-4.0286180008523331,-21.097764151379621,-2.1926725758171943,,0.09258826842737933,0.5,0,1
0.56246376423827293,0.80857156311121636,0.17276151552587038,-0.82655808486400206,0.55515125591408443,0.092783702248653038,-0.020886509159368492,-0.19498489783800668,0.98058382780374087,11.78851806801068,-0.29572751746746379,-4.1889607000444533,,0.1814411334876339,0.4444444444444444,0,5
-0.84670551521664505,0.5213209889238587,0.10636821428023255,-0.53057667548409437,-0.84222393144920982,-0.095641208307311446,0.039726086315689087,-0.13741643206577012,0.98971640496879321,2.1399644856409652,2.8621613241144468,-3.3722107922622651,,0.1569491644802014,0.2574257425742574,0,4
0.33077100459946079,0.93013489689000173,0.15949801285185491,-0.94370312659908284,0.32670231943835826,0.051865241932467783,-0.0038666992874791168,-0.16767429159243258,0.98583486475960946,6.8942772615592487,-11.053184904188827,-3.4259214423906288,0.1827016260580799,0.1613108812485852,0.3846153846153846,1,5
-0.078348879470243701,-0.99641013039277315,0.032067197202331671,0.99683353457528623,-0.077862981452782865,0.016132590164789809,-0.013577828688663519,0.033229627893486949,0.99935550951508811,14.278550580033235,0.037372605709585116,-4.4696208407018396,0.2949376609393864,0.2623440119983996,0.810126582278481,1,5
-0.56719006384939219,0.76869466418124577,0.2956415815304137,-0.82238850597228463,-0.5479745228811006,-0.15297407465941318,0.04441369963418805,-0.3298976137114546,0.94297136104565349,-9.1225990016369174,6.6473206941991858,-2.5141320454949363,,0.5495533849065317,0.4891304347826087,0,1
-0.90078178647678175,0.42256349209360294,0.10016121156095055,-0.43024380887188529,-0.89970678972245377,-0.073606775875112926,0.059012185852675467,-0.10939738423278633,0.99224481568003864,14.369947074399079,-4.6082202926295706,-4.3302516153647277,,0.1689354753038669,0.3823529411764706,0,2
-0.85436241062728213,0.4746042345843291,0.21169717008444452,-0.51682798929796014,-0.81858406097040637,-0.25061716741561363,0.054347960268687413,-0.32352891005259654,0.94465620390426286,10.841332529434046,0.76841658550789305,-4.1393913844943198,,0.4736172906820942,0.4117647058823529,0,1
0.54655459594778855,-0.83710365761015038,-0.023141738570291819,0.8372320187575637,0.54563007418701004,0.036474222538815451,-0.017905876562804297,-0.039310158462977272,0.99906660990453078,9.3625903604430079,-5.0478949998916622,-3.851554373095559,0.3071989771159559,0.3487058927459049,0.4791666666666667,1,3
-0.93130727118949974,0.35576606833769958,0.07808502576745481,-0.35897585084093214,-0.93281862754582134,-0.031396601990664776,0.061669320918894856,-0.057270522287356997,0.99645219761629145,10.64950236987273,-9.8151796457247862,-3.8076949717838571,,0.07977058863778742,0.3888888888888889,0,4
-0.023296043505930765,-0.99271147265631676,-0.11824223616583827,0.99961486602709271,-0.02134580482278587,-0.017733477778104436,0.015080251145414354,-0.1186098169334884,0.99282641854072207,-8.8616185718631204,-20.059995132758299,-1.8631080884524003,,0.2780991881599854,0.7222222222222222,1,4
0.92768281827239463,-0.372418984223229,-0.026621210947767791,0.37147792708146232,0.91346707762991031,0.16607843862925661,-0.037533163648260766,-0.1639573062611428,0.98575314523979241,-16.089933340156598,5.5257793662699966,-1.9496264555872653,,0.5224740787088922,0.3333333333333333,0,2
0.94482001595711929,0.32116786282266363,0.0645472023926109,-0.32441237153891173,0.94469004241216514,0.048138726196298574,-0.045516487554391555,-0.06642234305733119,0.99675288898677727,7.670976042021949,-2.2571853689659815,-3.7649915844133361,0.3399356096126771,0.280515634638097,0.8928571428571429,1,5
-0.23995440155002018,0.9606651860444595,0.1398008780334889,-0.97034976363080061,-0.24165458225656158,-0.0049395441141002645,0.029038274714936332,-0.13684101430700324,0.99016731687377446,14.267100453068938,-7.302594658637596,-4.2345966871402521,0.3689213305863352,0.2108962997759973,0.391304347826087,1,5
0.41515416943821681,-0.90975078108641028,-0.00072932210302802201,0.90727723156665396,0.4139660477744494,0.074027943175196037,-0.067045064537309948,-0.03139470660267369,0.99725590081910254,-2.5850910780433622,-9.1985121361518232,-2.6840347878170161,,0.1425278106713505,0.1875,0,3
-0.18991220255952285,0.96433177201859266,0.18438435073094228,-0.97965814511142257,-0.19852733993925428,0.029271385575164892,0.064832661798178759,-0.17507463771810042,0.98241823944389317,10.482191436811087,-9.6501167262677914,-3.7928820763931421,,0.3922978616039427,0.1904761904761905,0,2
-0.76296423466313279,-0.63197892033562819,-0.13597139727278876,0.64632319875940247,-0.74174986612428706,-0.17909064422804785,0.012324746257630413,-0.22452122473391412,0.97439125625883427,-13.427432172910473,-0.98229001775418234,-1.9630587208490562,,0.7564876556982657,0.2862796833773087,0,4
-0.96323941685298764,-0.26563556399411464,-0.040094550281098693,0.26458206653651545,-0.91219153878622639,-0.31289443368983499,0.046541979845961319,-0.31200055081416794,0.94894125234583049,15.875518648141208,-0.71503563665309278,-4.6412051395802356,,0.5401637242955284,0.2307692307692308,0,1
0.99228937997160604,0.087323813166621911,0.087956455417476043,-0.10721816381683572,0.96078841736625353,0.25571445481747068,-0.062177582321216854,-0.26317326746630437,0.96274284185747006,16.13016233420732,0.98418563909864842,-4.6843401839301917,,0.3088501106074573,0.1578947368421053,0,2
-0.96021834123764316,-0.27701030874138532,0.035299093498719951,0.27540316706404655,-0.96030355283393187,-0.044386732089902139,0.046193427258882848,-0.032899472116288124,0.99839060092358045,-11.333723963156929,-16.481101282342124,-1.755102723461863,,0.1359921800889528,0.5416666666666666,0,1
-0.30800906639677672,0.94136646082610176,0.13769386859670238,-0.95110233604781846,-0.30819394601105549,-0.020514336609260154,0.023124908254290904,-0.13727956174855238,0.990262369548776,9.0059123382116013,-16.595572188840428,-3.4627289976957929,0.3619066404242973,0.3689710408613541,0.8552631578947368,1,5
-0.16411806285905442,-0.98382860257581473,-0.071739404772488746,0.98623336075066748,-0.16215803711147808,-0.032380999715832505,0.020224232638982757,-0.076066101213826051,0.99689765204874115,-5.2231979270495952,-10.633753455860653,-2.4240254165942137,,0.2685166584286171,0.379746835443038,0,6
0.35523665120688735,-0.91545336831578883,-0.18908213051104164,0.93354090589939931,0.33703728727543825,0.12209522512590018,-0.04804475675707795,-0.21988860230874185,0.97434116402975757,-11.701495324919001,5.3786013883153245,-2.2867153962188027,,0.4265385452540399,0.3590909090909091,0,4
0.11308525372675066,0.98268135739521467,0.14679603270338867,-0.993580746447421,0.11139697897230913,0.019698054848857453,0.0030042767086428477,-0.14808127127945941,0.98897063223217974,4.7097931984948627,-9.8243515547235223,-3.2566822174470165,1.048965868822349,0.5239346569181241,0.8997134670487106,1,5
-0.46434193917538408,0.82291152221003461,0.32741898255417023,-0.88475057027704418,-0.4477168767116177,-0.12948369280353375,0.040037381498916211,-0.34980884054231431,0.93596516129669727,-12.756248888916977,-20.660091734889129,-1.5385634831671273,,0.462127641063689,0.4705882352941176,0,1
0.66797954260966141,-0.73580523919159668,-0.1113282562208953,0.74401955948187415,0.65721783992317873,0.12041430976055227,-0.015434563919543225,-0.16326469570886742,0.98646156203458113,3.8437292044935027,-10.48235073949037,-3.1453798341610484,,0.6080522235809716,0.3103448275862069,1,5
-0.79982698621457349,-0.59350895839598961,-0.08957627156015413,0.59954873868163983,-0.7828602214998911,-0.16634657657551966,0.028602483601358742,-0.1867538216392042,0.98199027899210145,6.179635562291212,-15.154906397310665,-3.2690251932230381,,0.1845327418786184,0.6,0,4
-0.27244915958558397,0.95611408137682041,0.10778366682418403,-0.96161247223758528,-0.27439094056545699,0.0033264053755260883,0.032755284737389763,-0.10273984197263281,0.99416880668888929,16.020920020705926,6.774169959220659,-4.8023250402522759,0.4529470652081544,0.4850677563876021,0.9136690647482014,1,5
0.42904049044000792,0.8949916219880284,0.12212392940875731,-0.90328115815910526,0.42469191670894663,0.06099118950165406,0.0027215579624313658,-0.13647993425159224,0.9906390970827561,1.7174816568008491,-23.630316468687379,-2.5881096998477777,,0.3045954260799889,0.4418604651162791,1,5
0.15109973378029215,0.97926916399051989,0.13491024760496756,-0.9885053388728311,0.14897906055908777,0.025737803613397774,0.0051054354794622427,-0.13724847530023981,0.9905234931874789,14.414302768675434,-3.6284089864934956,-4.3963903918947729,0.9644449256664012,0.6446322908971149,0.2162162162162162,1,4
-0.067374605955711514,0.98499599543588545,0.15888219361395772,-0.99760985919312029,-0.06895492442308325,0.0044482848932024307,0.015337252459186454,-0.15820274135765605,0.98728752717429158,11.502279414434026,-11.538132522525114,-3.858840549429785,,0.2447060349879703,0.4166666666666667,1,5
0.080388060433266378,0.99245919601198118,0.092533799181858792,-0.99665431585459374,0.078657206977886904,0.022208522662453007,0.014762602351494299,-0.094009510378944727,0.99546184132297211,-3.1441988164900132,-10.663201238462342,-2.580021779028344,,0.07928663675480721,0.2432432432432433,0,5
-0.56715938916508057,0.81422610844734311,0.12395995968290867,-0.82242715920022025,-0.56795164067198756,-0.032318751025582203,0.044088491602103035,-0.12027792058683591,0.9917607709158287,-8.3926442763365348,-11.782143608479581,-2.0970139225860356,,0.1090295604602001,0.1578947368421053,0,2
0.55912843836432047,-0.82871399673622959,0.024667813558181647,0.82756691234637358,0.55965758059982973,0.043776684052532898,-0.050083879659693305,-0.0040625226903805919,0.99873675255676064,6.9752772731857151,14.284995767673054,-4.1253657886453441,0.2481505929984093,0.1827277399516748,0.6111111111111112,1,5
0.5733875169260747,0.81415192580048779,0.091560893118778783,-0.81900202023252933,0.57253264188635378,0.037974528695807717,-0.021504564361710728,-0.096762677153901633,0.99507514189714541,-2.5708878362000127,-19.822240720460872,-2.3611746851172599,,0.2507956803119792,0.8,1,5
-0.50486488601964163,0.8167187825936062,0.27943134581358603,-0.86122852505865255,-0.49844710518649687,-0.099176161230908014,0.058282711756334538,-0.29072480714589699,0.9550299534675909,9.0560016643037589,6.123052547608844,-4.1035637407083136,,0.2044274280523851,0.2121212121212121,0,5
0.6551700408261234,0.75231311637312082,0.069117237624618605,-0.75516165990815365,0.65480787844779398,0.03094365407414456,-0.021979194904657037,-0.072468042995940035,0.99712852618691084,3.5047066007686332,6.0318373919607566,-3.5941689091456959,,0.2781328737502905,0.8879668049792531,1,5
0.99666216138230412,-0.028333760635232831,0.076561962337819339,0.017233275075248168,0.98972580929741416,0.14193603010073991,-0.079796931638585991,-0.14014285718095887,0.98691054776115505,6.3331316569521947,-19.913149634831068,-3.0768804225503144,,0.4720575486841209,0.9333333333333333,1,5
0.99246521485126782,0.10818802892011456,0.057516499446748297,-0.1107135360391225,0.99293486666619124,0.042695005519467324,-0.052491049217378502,-0.048741162860295929,0.99743119501802491,4.2904709056906709,14.205102780394215,-3.8347364598280804,,0.4353909628500027,0.9101123595505618,1,5
0.7893753212390815,0.60268686128492066,0.11685525000284228,-0.61322653076968903,0.78306467365291599,0.10374458461540684,-0.028979720130938164,-0.1535521543690696,0.98771550140197217,-6.863767919462993,-17.781780339145513,-2.0699523281163361,,0.09974018134204866,0.2368421052631579,0,4
0.34384171829596261,0.93464243356366461,0.090644327685028933,-0.93902269682123596,0.3419216020793171,0.036414185231670122,0.0030409889596985412,-0.097637797054748635,0.99521736970997599,-5.486556161863021,-18.409838981614062,-2.1739660647922769,,0.2096983876706686,0.8172043010752689,1,5
-0.922437439477512,0.37344243432526197,0.098233998673540809,-0.38493066475349119,-0.90945275117100677,-0.1572389160479101,0.030619496772583684,-0.18285634151625338,0.98266271160794783,14.030446034510863,-8.8220436039303376,-4.1730361057166556,,0.189896600881789,0.25,0,4
-0.98895470604014279,0.13790676519190792,0.054316788522141404,-0.13959537800787883,-0.98979520508973617,-0.028610879402863075,0.049816863007344114,-0.035877236455330766,0.99811377310627103,-0.038149873378650237,-16.988986233843267,-2.6621984794313769,,0.09509819570654807,0.2916666666666667,0,5
-0.93443395550958019,0.35055690716093552,0.062793611398610574,-0.35309080948571248,-0.93493819129393674,-0.034892101065249592,0.046476478432050598,-0.054776211093707845,0.99741641436802797,-5.8214081346973261,-21.230752330753418,-2.0557808411795135,,0.6732468855422089,0.9943502824858758,1,5
-0.91494907842937812,0.39805320320143422,0.066496851822533884,-0.40028864629116817,-0.91607416890986382,-0.02402325345338012,0.051353515280012238,-0.048597988406712013,0.99749739447840446,13.655851509893662,13.125715262868299,-4.7424170548390734,,0.1536908638520607,0.3939393939393939,1,5
-0.69699944718595841,0.7136948494200237,0.069508506916756696,-0.71535872870188433,-0.69875608138675627,0.0013520336711601406,0.049534431383546615,-0.048781150420561796,0.99758044260658718,4.5601581515393912,-14.376621228809075,-3.1403890876379514,,0.09615246405902982,0.5151515151515151,0,5
0.69961483989471684,0.71029114003882587,0.077624559138427307,-0.71412720811812014,0.69869407989742138,0.042998992333723188,-0.023694016639425445,-0.085516542836116885,0.99605497562978407,11.638131966123812,-13.243214363954802,-3.8758811964004085,,0.1031939418385228,0.48,0,5
-0.97763826637400975,0.19775326427545589,0.071533674515033674,-0.20285583478530131,-0.97649056680064616,-0.072908732281611724,0.055434018569644132,-0.085789389890328874,0.99476994836367361,-8.0159805722057182,-26.923058607033163,-1.7381101506408989,,0.1107007468138156,0.375,0,1
-0.44409031533326915,-0.8931414108561494,-0.071289634878325542,0.89595444689178305,-0.44329303330860187,-0.027512101244699862,-0.0070300015673671907,-0.076090123103766963,0.99707616170682645,-2.7093277411721317,15.892614006413412,-3.2941627348938471,,0.215902138738674,0.3125,0,4
0.98141639877729547,-0.18625133090058157,0.046176768496357982,0.18374846441924733,0.98151194106667339,0.053579953033755977,-0.055302387241174443,-0.04409933424999659,0.99749531060759089,-10.918263188721648,-9.5846111425841336,-1.9773402082266511,,0.06686800526857375,0.1538461538461539,0,1
0.37121753567560628,-0.92853065507399046,-0.0053257670616383363,0.92769744160224288,0.37062708331715516,0.044866713234548057,-0.039686245118210228,-0.021596011198444443,0.99897878568502807,9.6023670263395857,-6.1262893614490466,-3.8125863701774838,,0.1118078869848585,0.4666666666666667,0,4
-0.58514080439547844,-0.80473557078855451,-0.1000544858516334,0.810902066213118,-0.57959368031650016,-0.080678403234529558,0.0069338331903248864,-0.12834261507697592,0.99170564943056316,-7.3178938497471027,-19.484504203297622,-2.0030582759912017,,0.3960201332843798,0.835820895522388,1,5
0.56691030518602192,0.81864705410588345,0.091813434080472933,-0.8237262360524451,0.56460948650752152,0.051876929213127615,-0.0093698405942816126,-0.10503870024648512,0.99442399284096439,5.5496968385989689,5.9582577080075225,-3.7560950175512287,,0.1085415529055999,0.4583333333333333,1,5
-0.82173551238812303,0.54341904643513061,0.17159978919498145,-0.56004410623973,-0.8257598227687033,-0.066867885917993503,0.10536292871010558,-0.15105116706776237,0.9828948052467753,-10.647536442954712,-20.45623621609213,-1.7161446081278013,,0.2055097917964765,0.1176470588235294,0,2
0.032661588807298095,-0.99869684774711409,0.03921513631954978,0.99927892128781182,0.033390379211337251,0.018075398916493502,-0.019361252192207721,0.038596487872615798,0.99906729154619467,-5.1040799814617426,-12.585499170006392,-2.3766919595327742,,0.4753355118695684,0.9515011547344111,1,5
0.87484050346444542,0.47841853173665883,0.07595921266715655,-0.48302535575590366,0.87339867296306561,0.062139067930232696,-0.036614193900147377,-0.09105199919438782,0.99517281627250409,-0.81279841281494203,-13.546422784236317,-2.6937005345092695,,0.07937413149034941,0.4,0,4
-0.9979668024314432,0.032964046910178076,0.054549361646722305,-0.034507681350215071,-0.99902319697806174,-0.027602025787350912,0.05358620319255078,-0.029428277405195557,0.99812949826982389,9.316173809660393,-15.785827590712477,-3.5451313449403239,,0.06097856321600349,0.2352941176470588,0,1
0.48278055289498423,-0.8431194589819927,-0.23679635899296556,0.87478841728703893,0.4516801102289742,0.17530060754024679,-0.040843147856785077,-0.29177843633389683,0.95561351045477361,-12.667268184913809,10.188646625032359,-2.3401722623214321,,0.3139474194949266,0.2380952380952381,0,1
0.99790732076296518,-0.039175539251994976,0.051441775746915712,0.036721711681820882,0.99818121415843908,0.047809827361558005,-0.053221189941956258,-0.045820746671133138,0.99753093391416314,-4.329032964931284,-9.0874235270194639,-2.5528219472272924,0.1595788596608658,0.0868715452823032,0.4301075268817204,1,4
0.52435239536404643,-0.84342287176090924,-0.11701463526656808,0.8508786927027977,0.51374345334639637,0.10987772498599142,-0.032557883536324626,-0.15717990817626867,0.98703316088434201,-1.3965891731806923,-14.908913277176278,-2.6116679125926554,,0.1962161153132806,0.2162162162162162,0,3
0.61139839376618377,0.78409436642334385,0.10671470678076933,-0.79110180932623264,0.60883202045709672,0.05900422143280043,-0.018706452921168071,-0.12049728382542341,0.99253739134090246,10.801251988009707,-24.231496531295903,-3.3394847239194356,,0.111648137670248,0.2307692307692308,0,1
0.97845641427669838,0.19206061238501179,0.075734843573360175,-0.19995458940491093,0.97290726519823734,0.11605867266344705,-0.051392679796840833,-0.12870188225034576,0.99035075501991654,11.183588427540725,17.421564330860072,-4.6347406987018047,,0.1398113424059204,0.25,1,4
-0.98055690747266488,0.18128575294468499,0.075124077278341139,-0.18827146646279264,-0.97704883439305856,-0.099646525915936507,0.055335396660664615,-0.11185280948838301,0.99218291805793679,-18.19621463938978,2.1679227572898254,-1.6934828866153859,,0.5005640533676756,0.6666666666666666,0,1
0.96942014885201844,-0.24335752474225955,0.031649488954038137,0.24125805727790042,0.96868628724425665,0.058663674479457001,-0.0449346725616716,-0.049234053827191954,0.99777596841451199,15.49379145284365,-15.051349470956133,-4.1849945904521544,0.2069145503961616,0.2539024179163656,0.2631578947368421,1,4
-0.56475113389199461,0.81859190485913857,0.10470649486441803,-0.82481048578232863,-0.56407409584921042,-0.038833966259119022,0.027273051006898866,-0.10829454137204649,0.9937446719342915,29.094467936622223,-2.272120162669609,-6.1443451174329127,,0.4654277929894962,0.7894736842105263,0,2
0.93761599509456073,-0.34758327623599866,0.0078811054989107836,0.33865162123084253,0.91818342927364038,0.20555843365091833,-0.078684974299783633,-0.19006592616338777,0.97861310972778992,-1.1220153971606668,10.864668593328892,-3.277408519830376,,0.5521161261422325,0.5294117647058824,0,2
-0.95349073436931064,0.29100395962501502,0.078562808977506685,-0.29621705278000132,-0.95286644216541949,-0.06558201763704577,0.05577523746434037,-0.085803489891603038,0.99474965896361034,8.8911900920425921,-21.545334301632778,-3.2214411422040565,,0.1528148223685716,0.2,0,1
0.56516332670825842,0.81295615732484416,0.14033068236019924,-0.82494959391182632,0.55834416045183444,0.087806412032667772,-0.0069700537134789655,-0.16539070335711431,0.98620349502233673,16.764892896596763,0.68074814607369594,-4.7439067966208741,,0.2780427319903357,0.5,0,4
-0.89490974559313685,0.41445158653709752,0.16542801957138567,-0.44303675256262537,-0.86955436910842543,-0.21815965493924827,0.053432042083295356,-0.26852389387414216,0.96178996423204488,1.8418555853976282,-8.3920017465154473,-3.0526635090048613,0.4758512314470886,0.4353452608406136,0.2146892655367232,1,4
0.41468415145003845,-0.89430439660484706,-0.16809729548509036,0.90917890392204881,0.39951609019105866,0.117390861405613,-0.037825589212375561,-0.201510644611371,0.97875568192938045,5.872758001135109,-4.4140917554082328,-3.5441118836743919,,0.09946569395681315,0.4166666666666667,0,1
-0.98803904224994366,0.11183965562437584,0.10616375285207033,-0.1295288607631869,-0.97549717230875177,-0.17784133672186778,0.083672726854127424,-0.18946545396839709,0.97831575502663981,-3.510446334290366,-22.483552804659006,-2.2027677560526864,,0.2298233266876756,0.3846153846153846,0,4
-0.99643752905492466,0.05047534895915317,0.06756100826932912,-0.064752710389637452,-0.97116282800636122,-0.2294555468841035,0.054030891054214367,-0.23301287656723824,0.97097150430161916,3.626196881939284,-11.783522382778305,-3.1208425214251205,,0.3074123042629098,0.1724137931034483,0,1
-0.78158468975219175,0.61992166062494225,0.069444275739498351,-0.62160235855680213,-0.78332568037333061,-0.003374359832475627,0.052305645790781334,-0.045804073570718806,0.99758012523442796,5.9941763536576014,-10.573590598818281,-3.3587292497135284,,0.1007522552479947,0.375,0,1
-0.05238479904115538,0.9937291556969855,0.098783591487531935,-0.99851696126261535,-0.053590396042083599,0.0095889270998936599,0.014822648221293498,-0.098134777575589652,0.99506273899181807,12.390181256083663,-6.177003919924771,-4.083379491810363,,0.0998034697273027,0.2777777777777778,0,4
0.31761049278281811,0.93689376883579589,0.14612884996096726,-0.94822119434241448,0.31387740688476917,0.048554505940638544,-0.00037613043211702377,-0.15398389319650424,0.98807328633150837,-11.002844416202255,11.252009259143721,-2.4925630857468586,,0.1850805618078498,0.6666666666666666,0,1
0.15576365742688972,0.94423936579173628,0.29008568236680837,-0.98773346123936145,0.14562565176035261,0.056354051296090245,0.010967797094602168,-0.29530524824085141,0.95534000114529904,16.981955753702916,-3.4051555907906832,-4.6393408899846866,,0.2255145784654848,0.2666666666666667,0,4
0.15352258236888724,0.97640410310080439,0.15187443547451232,-0.98807042042168669,0.15357703463797748,0.011442845778778988,-0.012151583867942909,-0.15181937254421479,0.98833355560245006,7.7506933356875543,-12.579242824639085,-3.4639116132665575,,0.44642939645304,0.2,0,4
-0.055177399564076933,0.93169745873478771,0.35901991583265208,-0.99827045134013825,-0.058782115035441423,-0.00087688831495411881,0.02028695537785247,-0.35844735783528731,0.93332948689216855,2.7896509462982952,-26.142907146685136,-2.6275044642927754,,0.683228921716441,0.2857142857142857,0,1
0.97158571564451313,0.22994702007643794,0.056085337776527619,-0.23370219649728743,0.96952661140075258,0.073494442906378327,-0.037476399345243813,-0.08451341753675512,0.99571733024406872,-10.988912061036398,13.120960326018361,-2.5803189906740376,,0.1453275242485383,0.3529411764705883,0,2
0.95375796568726723,-0.29942817458931531,0.026239495997385943,0.29484658955423759,0.94897020468117055,0.1118974497279232,-0.058405749000601775,-0.098986458111645984,0.99337326800865289,-2.776948822085322,-6.8335141044036902,-2.7634237203148775,,0.09816979643677301,0.1870229007633588,0,4
0.95428136867697455,-0.29775206389263242,0.026282652904091375,0.29249861194159271,0.94831002816002907,0.12309611083769456,-0.061576224374678933,-0.10978068563641838,0.99204665699399275,21.220723855102641,17.481924972168812,-5.6394158512860706,,0.1228214780590759,0.4166666666666667,0,3
-0.057945273140125222,0.97449247328525779,0.21681043524493251,-0.99811067223918581,-0.060995030980127832,0.0073954146586663752,0.020431135136273551,-0.21597227994840917,0.97618571133310972,-11.314322555438917,16.317831598106864,-2.5824709772979433,,0.1859789480394387,0.2,0,1
0.95860646458656318,-0.28455873731195269,-0.0099985535092382803,0.27649338144453278,0.92190059454427675,0.27138663157251686,-0.068007764778869953,-0.26291751329710977,0.96241847713530815,-2.5447110842766043,9.5607926696014829,-3.1189726943367195,,0.5367690645451831,0.1666666666666667,0,3
0.86051123756103753,0.48071944152156482,0.1686096930024088,-0.50688232171395331,0.84101786195081307,0.18910121050261922,-0.050899135209197782,-0.24818898932643704,0.96737350780971776,24.573351184574356,17.10355928119958,-5.9398207143580732,,0.3618614234297811,0.3478260869565217,1,4
0.99484648368158168,0.082366645248490647,0.05912875490742088,-0.087457400619745357,0.99214750990939926,0.089412088989222455,-0.051299873130739013,-0.094122549535637659,0.9942380342180045,-14.802466439964974,12.986197972444804,-2.2622269408037115,,0.1177469068755241,0.2222222222222222,0,1
0.88642944466719231,0.45417462853268914,0.08926503472361165,-0.46163002062051806,0.88154193297369299,0.098901690940579365,-0.033772232513023977,-0.12887679079725611,0.99108536923157509,7.1537799378817812,17.740580878674713,-4.2204219172611293,0.2561523971574044,0.1193047085913548,0.3333333333333333,1,3
0.54216935421958945,0.83125596733980955,0.12274326094361418,-0.84021309376239139,0.53800646356445381,0.067756934944718697,-0.0097133112451901031,-0.13986622867879533,0.99012276494373497,12.211797696376049,14.659835876641489,-4.7333143825973201,,0.1994885286510591,0.5476190476190477,1,3
-0.43278627952404713,0.85634774496240063,0.28171719144124868,-0.90040095453558433,-0.42601378407178037,-0.088263111503344593,0.044431490264706434,-0.29185749172953279,0.95542924761292691,-16.128274473261126,0.4261565803390221,-1.8128651491341952,,0.3410629812619843,0.6,0,2
0.98954791498689865,0.13427754472259132,0.052578179203484544,-0.14329749635360092,0.95646143253347593,0.25425844256346919,-0.016147801208553941,-0.25913523314918746,0.96570605230413942,18.759700836651771,1.3475086765138133,-4.9692125421834321,,0.4592656844248054,0.6470588235294118,0,2
