axis_00,axis_01,axis_02,axis_10,axis_11,axis_12,axis_20,axis_21,axis_22,location_x,location_y,location_z,dbh,dbh_approximation,score,reconstructed,number_clusters
-0.86764465507711341,-0.4931200393993293,-0.063445876610862192,0.4962525842529405,-0.85112663678770994,-0.17122155463819375,0.030432304191349388,-0.18004464694415628,0.98318757110144517,22.189024305059363,-7.2136463892471561,-1.8197169358179073,,0.2278298249540863,0.1111111111111111,0,2
-0.68297176878655774,-0.7300721519079586,0.023328438632756552,0.73042898794208688,-0.68239867121045894,0.028382161723480574,-0.0048017303608533686,0.03642398301506513,0.99932489053703599,18.781455299585922,-5.6784422514644568,-1.7076731028498211,0.3848189370301471,0.2607173930567318,0.543859649122807,1,5
-0.92798252150423322,0.35731568437280531,0.10570686583113423,-0.36725569473774244,-0.92501890049102697,-0.097279434707817539,0.063021381017444797,-0.12909506356002928,0.98962759162176162,12.141988773686185,2.5838266889633088,-1.7278526619445607,0.4458240319621151,0.159284196913772,0.2941176470588235,1,4
0.37767654369638737,0.9144580392887306,0.14535103275092665,-0.9254851795441561,0.36790540845136255,0.090126538135872944,0.028941506278554352,-0.16855890606089702,0.98526660574784608,-10.81588701774966,9.2724861014561846,-0.71444347978383782,,0.08239141116235116,0.2328767123287671,1,4
-0.08941066451256495,0.97795668771465782,0.18869671440063435,-0.99376822989076996,-0.10025627175702956,0.048717401748705001,0.0665615379268365,-0.18316494459244539,0.98082626633938541,3.2856529311133724,7.9161152445976617,-1.5752612010321034,,0.1518471405519045,0.1875,0,5
0.96192019646778293,-0.26955937863617824,0.045246845378002727,0.26178096865529765,0.9561759112629663,0.13114248423120448,-0.078614630173254513,-0.11430384118530323,0.99033043566933188,-5.114380346951596,16.948858477899915,-1.5030615699036771,,0.08406093095143155,0.3809523809523809,0,1
-0.96621282290021815,-0.25555400946931195,0.033539962840637011,0.25193175089304487,-0.96387093459453377,-0.086505574015931466,0.054435041610686317,-0.075133013303207499,0.99568662567939703,-15.027541419441016,24.010709097597246,-1.0305789503358846,,0.2023808776496062,0.5,0,2
-0.97424475460966942,0.21342063598958358,0.072792789817033146,-0.21527516394963372,-0.97637686168749049,-0.018569538167266083,0.067110073029341161,-0.03376175491719606,0.99717419842418098,2.7538536105512441,-4.8999235510496382,-0.95723874493774519,,0.1053642303884473,0.2040816326530612,0,5
-0.98391470068483611,-0.1444102146379026,0.10515489377344935,0.12657930141721851,-0.97896142552408416,-0.16003814479237052,0.12605372754900748,-0.14415345033709653,0.98149388206290522,-11.636165639485814,-24.513259068185047,1.3323084483363956,,0.4225221635529372,0.2,0,2
-0.68498048715943016,-0.71983358332480563,-0.11243373394404112,0.72855967447951075,-0.67711023582959728,-0.10354964633979299,-0.0015915191292623719,-0.15284417179780471,0.98824902034573447,-3.1814993254466075,-13.188318645080432,-0.027370993548492227,0.3582224865659006,0.2291267640686876,0.3225806451612903,1,5
0.86246061840094668,0.4943921552296433,0.10834241346233965,-0.50593722727330104,0.84797516097854531,0.15800521644051552,-0.01375513600297883,-0.19108773694509612,0.98147657792875564,8.5693394753636714,15.15894820790159,-2.1022186891911012,,0.1555159665512998,0.4545454545454545,0,4
0.25830997780757714,0.96074711567057447,0.10119750538289303,-0.96536342425195443,0.25271985076526865,0.064854731097441706,0.036734377381275662,-0.11444499447268176,0.99275018446664509,-0.99152733880761801,1.8501731025769894,-1.0477470138662897,,0.06614166997627345,0.1944444444444444,0,5
0.9356995410443657,-0.35273795441793576,0.0065041834548279845,0.33407302339345996,0.89181268116840895,0.30506615142943488,-0.1134089235030324,-0.28327738564923299,0.95230895136484961,10.959447097562631,3.0845615022324306,-1.6811923951029584,,0.2669978540360377,0.2857142857142857,0,2
0.75361834883782008,-0.65633632285334065,0.035805245402205262,0.65153286752483064,0.75309069177570009,0.091429385296349613,-0.086973023575292907,-0.045574568172962855,0.99516765015047526,0.71733188443167306,2.4171358117023289,-1.1998858238391068,,0.09473010841969291,0.3076923076923077,0,5
-0.98961998210448054,0.10137422232795316,0.10186048334329899,-0.10565153013929887,-0.99369590035617761,-0.03749949059055286,0.097416863010223204,-0.047871961133098141,0.99409166083340561,-3.212880667157151,11.501880184034764,-1.3959293248967366,0.5656185389878503,0.3194765175752348,0.25,1,5
-0.84115289490899958,0.50848729030760953,0.18412626912484828,-0.51928498391722022,-0.85451061168947073,-0.012438648969273854,0.15101295594850053,-0.10607681229049606,0.98282388912255525,18.924309005981762,5.2540482470822143,-2.1681826578965797,,0.3538019415657637,0.3448275862068966,0,5
-0.68924390084632825,0.70294132112741226,0.17554584642703852,-0.72209497799783784,-0.68630546862997321,-0.086969227195000096,0.059343810936270516,-0.18670378351881647,0.98062225618395971,-18.255510518504888,-18.768509286406193,1.621161225572012,,0.3339034724540604,0.4042553191489361,0,3
-0.93248881579503584,-0.35733378303967983,0.052698917595353854,0.3587966370899156,-0.93317411233669945,0.021237920745216462,0.041588239084364112,0.038712317977147297,0.99838458261668761,-16.242492949517654,-7.42285133301103,0.74748678366081556,,0.06707126709953992,0.2608695652173913,0,1
0.96659693901518529,0.24442102386339801,0.077127949409037722,-0.25137979035039354,0.9627809299987895,0.099302979985794362,-0.049985582820118522,-0.11537436424195466,0.99206360561503248,-2.9426487311349705,-3.7995229600815685,-0.63249084349728468,,0.06715348560873173,0.2,0,5
0.50911954066587262,0.81892954205552426,0.26486165909942572,-0.86067314525156691,0.48663483468933055,0.14976072485689823,-0.0062474278664278156,-0.30420542864258321,0.95258596820939812,2.5564792200449178,-2.8597438780343833,-1.0530056223294311,0.8351519375432181,0.6963676294586614,0.4017094017094017,1,4
-0.96868110951838482,0.22589790692487632,0.10308755360949957,-0.23801415111456004,-0.96302051481105588,-0.12625669060396252,0.070754306804935788,-0.14683876770120752,0.9866266793314199,3.8590583039394319,-28.256334311302187,0.45277998737089548,,0.476740920774104,0.5454545454545454,0,4
0.44878756365389844,0.88174051559656252,0.14533886563856763,-0.89362747890942884,0.44200014503112733,0.077883250641202648,0.0044330178858039415,-0.1648318383928607,0.98631172222804564,-0.49183902902881654,14.477038218947667,-1.6596618801823575,,0.1086767674548738,0.3333333333333333,0,5
0.59344214902099379,-0.80481891622039214,-0.0096399097080447204,0.80075237599353088,0.58914803782340186,0.10816756385142418,-0.081375967619813916,-0.071910372149434618,0.99408593706543824,-15.443150350281639,8.1014765738486947,-0.30296206146790133,,0.1158537912982835,0.1666666666666667,0,5
-0.94838760554025392,-0.31309297158719984,0.050336277179809222,0.3129118417227138,-0.94971080817883424,-0.011643029588840791,0.051450257213398243,0.0047087122448040931,0.99866445769421097,-12.174756669091,5.2781563073463085,-0.41148356998326818,0.5254668747893496,0.2944239567186192,0.5405405405405406,1,5
-0.99756253970661857,-0.020722548084334082,0.066629988555999345,0.022212508424781639,-0.99951776026380434,0.021699110274531828,0.066148196071844148,0.023126238736979228,0.99754177518453846,-4.2995202125162493,7.8581031206571703,-1.1514195954552124,,0.08257899322411037,0.326797385620915,0,5
-0.95874622962707079,0.26619152179047278,0.099738362242165826,-0.27323511885741059,-0.95974606540694218,-0.065038909576276491,0.078410694416348972,-0.089607832597192655,0.99288579370357621,4.1264779799005513,0.99820605940380747,-1.3094131066726109,,0.07673943738018313,0.25,0,4
0.99621928482820121,-0.063750949272529528,0.059016548554112605,0.05282484753965834,0.98384236405963676,0.17106647293949465,-0.068968630686714702,-0.16730217915017831,0.98349037048300703,-11.998880205096658,-5.9750113158035578,0.20557136638004672,,0.1032194539097059,0.1372549019607843,0,3
0.90816589866400832,0.40508830322866829,0.10553751508877722,-0.4177112306861705,0.89345809031697687,0.16507564510183542,-0.027423133709337653,-0.1940002768927426,0.98061810318956477,-6.1217283997171048,16.502525865262896,-1.4373568201708118,,0.1146233750276376,0.2727272727272727,0,5
-0.45664643697349505,0.88405740644444919,0.099581794069629304,-0.88611143842668216,-0.46194378809988007,0.037609245210854882,0.079249922957748409,-0.071066438961349454,0.99431836499410198,-5.7952571558731085,3.1665603111177152,-0.79397275155826774,0.19420818226441,0.1417991465680031,0.7503168567807351,1,5
-0.97856826937824115,0.19285196983062913,0.0721959825649615,-0.19186383712550906,-0.98120854971498184,0.020446270312656348,0.074782418853299268,0.0061562731151359766,0.9971808713226411,-3.1100758743864296,-20.36960912574898,0.4103738268892908,,0.1038142593811427,0.6,0,4
-0.86541582951424612,0.46431397546442438,0.18832943002778785,-0.49361607740590768,-0.85457738545071316,-0.16137118826676808,0.086015173967008821,-0.23261561526399158,0.96875764016743637,-9.6743706168126575,14.708691318595276,-1.0899889288071938,0.8677437431022318,0.5082768176667938,0.4565217391304348,1,2
-0.98634254765837459,0.13985564639539985,0.086998717519927271,-0.14379895837066994,-0.9887649720041245,-0.040812862055896369,0.080313375288911915,-0.052765787296392301,0.99537205779582461,-23.640167207490308,-16.944193351578463,2.0256060252078103,,0.2642698636422274,0.7115384615384616,0,3
0.9142012192349882,-0.40525652084364028,0.001811922451134636,0.39954907268454959,0.90205599284592097,0.16326519619219598,-0.067798740889321751,-0.14853328948241787,0.98658055558041202,-17.070064104344453,23.395094365756044,-0.85715697848916339,,0.1732124775943254,0.5909090909090909,0,3
-0.93530595273198336,0.32667663584168288,0.13596010583725412,-0.34381012239380504,-0.92986553024854313,-0.13093775389532541,0.083650310959815233,-0.1692113212842343,0.98202349983366988,0.37147401062880042,13.354167909991261,-1.6422162209765294,,0.2236771313557911,0.2777777777777778,0,2
-0.43043413876475906,-0.89298741110366053,-0.13152922031328704,0.9000081295264506,-0.43568817962140699,0.01269554742748271,-0.06864269059513059,-0.11291277052913834,0.99123099592339936,5.2778418116355947,-9.4854285871271973,-0.82975261679244017,,0.3113535907495263,0.1842105263157895,0,5
-0.94606805759927348,-0.32005638495235955,0.050191043439677174,0.32081421786909647,-0.94711139652677889,0.0076315255442939937,0.045093990767910576,0.023321942893343352,0.99871047805472724,-4.5749925012023969,6.8642123383924023,-1.078344316426463,,0.07032771867104984,0.2027972027972028,0,5
0.38077938277395584,-0.92441069387650965,-0.021723966052146448,0.92207254206489342,0.37784826884997741,0.083743136417622835,-0.069204687877850724,-0.051918732398091708,0.99625054900958754,-5.5503140662519295,-1.3688288292159927,-0.58552222119593855,,0.09877582937406124,0.3872679045092838,0,5
-0.98928419334034867,-0.14502548377958088,0.016863981185780443,0.14111611429523607,-0.97940676849662167,-0.14439052638320649,0.037457003259065903,-0.14046348592251331,0.98937706766901901,-0.0029243691190554786,-26.159302448375012,0.58193568318222166,0.1934644226038336,0.1758962952755933,0.25,1,4
0.96542897393605331,0.2371170431928516,0.10827005177915139,-0.25793548007514427,0.92897468204313716,0.26547189727212017,-0.037632225594369531,-0.28422094917569624,0.95801997246742332,8.0725586219445482,-6.2415219930028529,-1.1569664873945129,,0.3945340164526687,0.2592592592592592,0,4
0.011827724780620953,0.9934404245883407,0.11373753874711577,-0.99843283112462844,0.0055111605284018702,0.055691191781913875,0.05469905537551456,-0.11421799290553117,0.99194872016534141,7.9721951241119182,1.7758027211829823,-1.5091696335445035,,0.1015704516011657,0.3181818181818182,0,5
-0.84068302928101779,-0.53982711308718767,0.042880441402157861,0.54105888737053731,-0.84061159091021109,0.025048625206990173,0.022523869033707525,0.044258798033346404,0.99876615587453488,-12.340519536349227,14.83571995522637,-0.91011556019158624,0.1053353622426828,0.2076743913228085,0.5263157894736842,1,5
0.81503490881583662,-0.57916846441150549,0.016792475778747592,0.57292555377449783,0.8098967854313226,0.12579152109818767,-0.086454654263065839,-0.092903642443282988,0.99191456586594429,-12.084013147587688,19.516034374395883,-1.1535946188628412,,0.07426179224039454,0.4,0,1
-0.61508037549525041,-0.78807945638009358,-0.024635383339358781,0.78845369018312872,-0.61493466458888491,-0.014004882133089761,-0.0041121912926945512,-0.028037987064180984,0.99959839994077637,2.2755235058024956,7.9057645185404075,-1.515897466596476,,0.07257396790234502,0.2857142857142857,0,5
-0.78652360824034739,-0.6169732154547336,0.026919604232446822,0.61724564029481233,-0.78676688860733446,0.0023838053992923667,0.019708709182283252,0.018490927574933858,0.99963475948957814,-2.7521060836922686,-16.546213154699618,0.15225041369819578,0.2866540129763935,0.3023772658511915,0.8083333333333333,1,5
0.71200689236251469,0.69234314774601047,0.11707754266903857,-0.70214352636624644,0.70352498824632093,0.10975909663889716,-0.0063760183694108689,-0.16035447197431146,0.98703889979452841,-4.6307478942395441,8.7410098058289361,-1.1671578315150581,,0.09525856381661996,0.3696969696969697,0,5
0.29816970185349312,0.95033423117079141,0.089217027307689684,-0.9538425444280596,0.29315356049459845,0.065156660506400829,0.035766315656013625,-0.10452673837043712,0.99387873084699518,-2.2707873388772772,4.845425288927804,-1.1318512207223124,0.440129970947454,0.4128982737541367,0.9514263685427911,1,5
0.73294649686267344,0.67112094039499437,0.1112929292456355,-0.6796156500946704,0.71509642796755912,0.16358382210486702,0.030199352362825609,-0.19553460581538179,0.98023171599652381,-10.406324331207024,11.38061693342139,-0.85886294334961921,0.1700153810691627,0.1775784440593009,0.2641509433962264,1,3
0.67826999438140756,0.72247129240969732,0.13410833816622694,-0.73477262556764211,0.66874956898311688,0.1135041968445609,-0.0076813695574917736,-0.17552562670093827,0.98444489481786857,8.9545560211816291,-6.6404834797726648,-1.1762886255761398,0.1816710986439814,0.1876363880926477,0.4411764705882353,1,5
0.57815424912543745,0.80368859775739077,0.14079169738645844,-0.81588667399260306,0.56772759166421727,0.1096098392683586,0.0081608467384687942,-0.17824146402536847,0.98395293641647519,-0.063867297639211937,7.9090413982436427,-1.3998181399163556,,0.08714976560778742,0.1836734693877551,0,4
0.83778174597410882,0.53850881421028496,0.090166529989833849,-0.54536867243422738,0.83328797169446689,0.090576858836298096,-0.026358248043129702,-0.1250576396992808,0.9917992889254067,6.8482391233687041,-11.864718849071091,-0.78910103045118773,0.2310938133942287,0.1800683619751102,0.4761904761904762,1,5
0.98905106021832578,0.11600173138011176,0.091222796481034679,-0.13572010156214911,0.95773869778567433,0.25360725698559777,-0.05794872140922349,-0.26321129360385631,0.96299624122133476,-7.1763173106814619,29.739789253058674,-1.7742751256681701,,0.3026999637435989,0.2307692307692308,0,1
-0.47175521024749351,-0.88144070584494516,0.022567757618044252,0.88143992567960128,-0.47078976572618486,0.037691562788264521,-0.022598208386522604,0.037673313725338546,0.99903455516346895,21.006250621866926,-12.743115612365951,-1.5401464442508015,0.2294334908832958,0.1414235683398784,0.1818181818181818,1,5
0.99466191385880831,-0.050414937260119003,0.090033389471857628,0.037287149684825008,0.98917032614942701,0.14195680446466119,-0.096215100618948654,-0.1378419383442312,0.98576987905209956,-22.070062219158633,19.377355055663191,-0.31370619639736119,0.6175036731337866,0.5434717110916042,0.9090909090909091,1,5
0.99510739720923047,0.070184345213095412,0.069537225329173571,-0.084220359256401978,0.97056543474825063,0.22563170867292198,-0.051654613600275477,-0.23038423244429912,0.97172779436159884,5.30512067544666,-16.539345366646945,-0.42075019404535113,0.2191769503814723,0.1933828500984659,0.282051282051282,1,5
0.90687380819838737,-0.41921365612721179,0.04289296585933508,0.41219518439116903,0.90361342631423358,0.1165242710742319,-0.087607225549520301,-0.087992535485157133,0.99226119934743406,-15.044768327669217,14.205083882906404,-0.68085070276415061,0.7426824130582648,0.6682170289608405,1,1,5
0.15071206071179963,0.98429714412300939,0.091896718261807286,-0.98758853206917785,0.14575188735758812,0.058525880233851593,0.044212736642838479,-0.099576701105168836,0.99404713898062325,-5.1169967981166078,11.438296051118179,-1.252158350062377,0.350412804055351,0.3121832003063695,0.9184782608695652,1,5
0.94333412542798101,0.32303362223813603,0.075960560205515656,-0.32897105452273606,0.94039404564607432,0.086238530829370441,-0.043574913530900365,-0.1063405746510644,0.99337450596119892,-2.0368730768756307,7.8808581878198156,-1.2744971622124599,0.3096182247650076,0.2613276955401534,0.8766816143497758,1,5
0.619350148959665,-0.78500909744212466,0.012888363617707763,0.78056928038099915,0.6174452211811633,0.097329324286332411,-0.084362263537264476,-0.050220670780520692,0.99516877599592324,-2.5630015045860888,1.5411372560012913,-0.94481030944655386,,0.07242434844652999,0.1921182266009852,0,2
0.40505320479431856,0.90576983010652923,0.1245508577033544,-0.91383125804879939,0.39674503398300448,0.086636076912414442,0.029057410393924142,-0.14891068759029386,0.98842363084994334,-5.7081966808025708,-11.892680408171657,0.072963408614398706,,0.08562527886009777,0.1923076923076923,0,2
-0.93292355715041053,0.32589621021610776,0.15311857065882761,-0.35123379255312143,-0.91729073048310783,-0.18765004326809165,0.079299807582205686,-0.22884356214790971,0.97022789311629265,23.508374153711387,-4.5838584556656539,-1.9731605554645002,,0.2269336392213678,0.75,0,3
0.24282559914842247,-0.96463730171637474,-0.10252123943632531,0.96690663205687677,0.2321504071761267,0.1058194374034622,-0.078277029086676553,-0.12482413462671869,0.98908626627410678,-10.379526443214438,-5.8724033872336996,0.056353565794396564,0.3701473551865677,0.3549732964318709,0.303030303030303,1,4
-0.6953102579366387,-0.71824448936257446,-0.025855341969886571,0.71868857081875559,-0.69456384268718663,-0.032677310264215241,0.005512112351867964,-0.041302807796855003,0.99913147017072612,-17.98643566996703,-12.711755501024637,1.2295271864203812,,0.536104363131429,0.4358974358974359,0,1
0.89287356932200723,0.43264864344741921,0.12486769209562157,-0.44641808368067681,0.88681653385498971,0.11944592853795526,-0.059056614947447475,-0.16239330837362168,0.98495722223171656,10.337596689370891,-6.564341285512616,-1.2539829190407721,0.1369051452408873,0.2612866469014858,0.4583333333333333,1,5
0.37881124269909244,-0.92071534294526469,-0.09372992942467058,0.9231850904530492,0.36881291647152015,0.10819575504134896,-0.065048683076334907,-0.12751584179605244,0.98970115637048717,6.8202813539881619,-5.9131922111150912,-1.1064309114034714,0.5034459565997818,0.2297660308619024,0.5,1,2
-0.80003308044833488,0.5771546133272496,0.16382802722191026,-0.59441865046007702,-0.79953871323806625,-0.08604832374218549,0.081323663060457921,-0.1662239403596607,0.98272888605033837,6.6455052343492538,10.78662637599313,-1.8301467955771005,,0.1624300351580212,0.3,0,4
-0.95648299726987362,0.27486548999058807,0.097924656475646535,-0.28033028840726282,-0.95875182390898628,-0.047009249650398773,0.080964222562440291,-0.072414795197021251,0.99408294025269017,1.1778550263031078,11.035005898489313,-1.5958005611926402,0.3490431270556892,0.1489970166694435,0.36,1,2
0.97920433040278698,-0.19785485735968378,0.044859054154180088,0.19080681134588082,0.97328222972345868,0.1277280785440279,-0.068932141011620957,-0.11651247454118822,0.99079422849138643,12.574732044202207,-5.9682205323558106,-1.3809754253236692,,0.08667105430519115,0.1923076923076923,0,5
0.77518406223955938,0.62282999391924776,0.1056998974660078,-0.63173438948209881,0.76456070663690301,0.12790069199406012,-0.0011536010811310595,-0.16592083817721515,0.98613840035925771,-16.342849368353114,19.45563177836884,-0.77926179019339858,0.5166493899943851,0.2803833297849166,0.4827586206896552,1,5
-0.99740040712030276,-0.033333233062145293,0.063885236556504452,0.022957841985094308,-0.98737119304796306,-0.15675160168378097,0.068303479908737155,-0.15487744417011795,0.98556968902238962,-7.3230444321623755,17.328018330230272,-1.4118326252868127,0.3861967647664481,0.3382670676844179,0.2162162162162162,1,5
-0.68598497546253046,-0.72620363577906333,0.045308860291803352,0.72760246332202783,-0.68501690919954694,0.036694542896974616,0.0043896249714114313,0.058138743467419617,0.99829886191492823,0.93353647152593333,22.611765258527555,-2.02283508910664,,0.153070744820446,0.3529411764705883,0,1
-0.79014712445815161,0.60163093956463409,0.11708003360560962,-0.60555978534842547,-0.79579585144831722,0.0025118093912246862,0.094682987274823452,-0.068914261051136197,0.99311930629934508,8.5829303860094441,-11.66932253241572,-0.92709623496030502,,0.2242902525549068,0.2777777777777778,0,6
-0.063372051579880462,0.99429696852862059,0.085775995787593581,-0.99609413064502805,-0.068312852498673984,0.055944946849753478,0.061485494005369422,-0.081895619896858299,0.99474250008161724,-1.8706394512105124,-3.2800055484068826,-0.72622899689931308,0.2080616117601379,0.1666123296717646,0.7232323232323232,1,5
-0.97041629501708071,0.20259236949101062,0.13133372068642882,-0.22806127015568009,-0.94771763203059134,-0.22320247980994193,0.079248163513743794,-0.24655145864980668,0.9658841063074558,-9.2399527222096776,-17.631696267198887,0.71767077482746855,,0.2341807998107893,0.1176470588235294,0,2
0.69935662101051388,0.67250011941784305,0.24216503883042689,-0.71476871768436889,0.65683096284270648,0.24016404075332595,0.0024488504646527787,-0.34105230630228722,0.94004113074763462,-5.9784126791242604,-15.488754700968343,0.31407513692468203,,0.2169322384393044,0.3571428571428572,0,5
0.9678910588555989,-0.24669023571376461,0.048278626646545676,0.23629355828224965,0.95841554464398049,0.16001561829739219,-0.085745276847779855,-0.14346975774800369,0.98593314991941927,0.40966768771186496,-13.755609019057241,-0.26592888223600458,,0.1361921808726778,0.3170731707317073,0,5
-0.90878398001957417,-0.41423076847487367,0.050244881415891049,0.41537195935525129,-0.90953717498034559,0.014431310063571751,0.039721694842499516,0.033985258237760219,0.99863265978103843,-3.6534361987089912,15.347254856406719,-1.535975720399094,0.2995102204375508,0.2588606909100709,0.7446808510638298,1,5
-0.58490005499064524,-0.7973611865721153,-0.1486844437735495,0.81109161685141906,-0.57604676404093569,-0.1014914514199048,-0.0047238485678781457,-0.17995906141752468,0.98366275799606884,3.8565989860004235,-16.404935791710294,-0.33943691035664769,,0.2929058534173051,0.2333333333333333,0,5
-0.81998771491105404,0.56734250313845569,0.075780152596439956,-0.56582532994602042,-0.8234409242070122,0.042269851343238823,0.086381962158924436,-0.0082175710336680544,0.9962282008354717,5.097652886284779,3.7103126509011672,-1.4655183301474242,0.1453245791592302,0.1779388775932815,0.7964601769911505,1,1
-0.84571635741568829,0.5214454241076637,0.11339538119657749,-0.52668424341865938,-0.84982104661570923,-0.020196446803673888,0.085834436760853255,-0.076804025976232732,0.99334464867929295,-1.260621477930653,-7.3157829110320165,-0.56629289031446883,,0.07995697291377502,0.3614457831325301,0,5
-0.55719574560769625,0.79100372977272337,0.2526776613836752,-0.82616083133842888,-0.55871527942384369,-0.07277030507378339,0.083613287454081905,-0.24929969118307355,0.96481007568181243,-1.9218763750326322,-1.9556184842206374,-0.82311814046650755,,0.1017303310974686,0.2903225806451613,0,5
0.7705916555389748,-0.6320772108792071,-0.081651086342219806,0.63034699829436436,0.73695706859034871,0.24404290769453788,-0.094080615192435504,-0.23952594544617131,0.96632094011416858,4.311745639086161,-14.227759067411879,-0.49127591981020713,,0.09917859297263755,0.2857142857142857,0,6
0.82949458314434099,-0.55826510391294493,-0.016697613220602866,0.55467618479866632,0.81992628800535083,0.1416164265011752,-0.065368697029940512,-0.12673182706343133,0.98978077242274842,-15.982220512437083,9.3316752502943192,-0.35287014037879572,,0.2614315437721945,0.3809523809523809,0,5
-0.99479477914061243,0.07285891863203979,0.071238510444489922,-0.073882755024419738,-0.99719663936151515,-0.011840648466259429,0.070176106365211807,-0.017042312691348951,0.99738902825003439,-12.944921736756779,-8.6107032438919067,0.49740729279340318,,0.1318721653913436,0.32,0,1
0.091070569243879171,-0.9957320764372789,0.014959390746275256,0.99413822132648466,0.091783244169461667,0.057140467162436072,-0.058269617429740433,0.0096678872372857241,0.99825406768064695,2.5798513034693027,1.9011636021158607,-1.2641431554907911,,0.1249695528452074,0.2317073170731707,0,5
0.90206053435099165,-0.43059899870800444,-0.029517701097290204,0.42340064474787492,0.86955735421692537,0.25416904169144255,-0.083777600786182349,-0.24177367523972962,0.96670926527451173,-14.279502049760783,-22.603053688774263,1.5032395932822342,,0.5225891526718837,0.6216216216216216,0,1
-0.44477101920496898,-0.89515246392483994,0.029678389522701697,0.89540027739285055,-0.4436321632102026,0.038063723021309066,-0.020906547304126326,0.043503679094123421,0.99883449389030199,-2.645681425482918,-2.4584189219902823,-0.7229983464914822,,0.06796195777754624,0.2543859649122807,0,5
0.88681655370312729,-0.45977616543369387,0.046500298678553577,0.45432780662486749,0.88583738436945603,0.094225116507838033,-0.084514165709325295,-0.062434014387728193,0.9944643531277968,-13.867227121262731,1.4955048868567666,-0.049136352050578196,,0.07186816946087134,0.1777777777777778,0,1
-0.53727200236612604,-0.84150348428715815,-0.056662875024705697,0.84339925418637052,-0.53637541074757011,-0.03129084184308846,-0.0040612204282774291,-0.064601119788650227,0.99790290199532194,-10.771011245249104,15.11348026095766,-1.0398816818141059,0.4955942806684862,0.520725547664586,0.6442307692307693,1,5
-0.86932933972508564,-0.49180474465639806,0.048934570873787726,0.49333438110742261,-0.86945319097205409,0.025929464434677803,0.029794085159688996,0.046682350433200945,0.99846535776036272,-4.1136264858397995,18.358602325535763,-1.6092905308841414,,0.07939759704697291,0.3043478260869565,0,1
-0.13148610963811505,0.95908390208660887,0.25073785460228554,-0.98660375878706807,-0.15124366925769839,0.061142257536797986,0.096563068092629559,-0.23933955224281503,0.9661222244689055,-5.3659037510605527,4.4963368439797673,-0.88123834784657384,0.4405036174886064,0.210047425696705,0.2888888888888889,1,5
-0.18833521653163907,0.9790022003939024,0.078003447602518844,-0.97975692834729977,-0.19278012211963116,0.053964672434889983,0.067869047211859296,-0.066260969955459409,0.99549147474557342,-14.497185570912519,-8.1716476975868186,0.6020838475039747,,0.07297209828953438,0.2727272727272727,0,1
0.56359662757109152,0.75868386666476839,0.3267378641251879,-0.82570602846635788,0.5288343497665724,0.19632571166630874,-0.023841055866054731,-0.38043793313701513,0.92449909847745615,-7.1613753514860452,13.444171460736207,-1.2200063035880202,,0.3580915244064551,0.18,0,5
0.78876739678486174,-0.61321275010367249,0.042615922840208362,0.60653990801158697,0.78768768512879805,0.10796967484312596,-0.099776418849983811,-0.059314701438391598,0.99324036991794995,-4.7156865285341345,-5.3237926998380356,-0.42971398252311188,,0.1033317092431405,0.4594594594594595,0,5
-0.59292467680828409,0.79288754178797261,0.1406046717190377,-0.80099529341080566,-0.59866792843077488,-0.0018031644801246693,0.082745800893640017,-0.1136928209951307,0.99006417715653139,-13.125519455027524,17.414548798668989,-0.98590902690682614,,0.1953942936960064,0.36,0,5
-0.036082752710879087,0.94972208183467999,0.31100804207031124,-0.99589961949190031,-0.06000671664316156,0.067698905852287966,0.082957717258222485,-0.30729002787807846,0.94799306743983947,19.308824923562881,-9.813171664405532,-1.5549267939647846,,0.4085485745572606,0.2272727272727273,0,5
-0.21846749224829295,-0.97584422670927196,5.3782472047267468e-06,0.97498915549157694,-0.21827583218216395,0.041854602602415913,-0.040842398369394156,0.0091491138022988441,0.99912371216585016,5.6351831643822212,-2.7382268232194789,-1.2286960144305978,,0.07165362080904221,0.2608695652173913,0,5
-0.35022933263430239,-0.93625001219223547,-0.027844734377794531,0.93617341060578085,-0.35085319871883197,0.021940333258730904,-0.030311051404913986,-0.01838335167489245,0.99937144873361572,11.9001798000685,-7.0492880109361602,-1.2980934748215363,0.2782725888581824,0.2355076292757634,0.2923076923076923,1,5
0.68867117685971979,-0.72303582164829994,-0.054325047409234425,0.72023139175927109,0.67350453497171225,0.16630809871152005,-0.083658547005977912,-0.15365819856390636,0.98457625683689065,2.556942505799142,16.874438851203948,-1.8633600773837953,0.7330240447632977,0.7120176441545456,0.4461538461538462,1,3
0.58393189728212724,0.78580168439332776,0.2038118056960985,-0.8117806956412299,0.56706036541398608,0.13947990593916212,-0.0059700519876974556,-0.24689725551566161,0.96902327304255087,-12.952786948062643,-11.368225629869736,0.66251635568094125,,0.2457277223403425,0.4166666666666667,0,3
0.55894103729110789,-0.82899725051945716,-0.018667497505584878,0.82501013590924721,0.55370861659814219,0.11298249223653058,-0.083325821201753109,-0.078551426060589069,0.9934216028378392,11.446147565173749,-1.7426697764909014,-1.5042853364829529,,0.07763643524042926,0.3125,0,5
-0.95646795793872041,0.26369475735015363,0.12503647620825534,-0.28092840065524594,-0.94797542042931071,-0.14973922654788127,0.079046057092177102,-0.17834706952432819,0.98078746099767444,-2.5639349260043338,-11.847795639790318,-0.17630238678146629,,0.09619596079346118,0.2777777777777778,0,4
-0.035062275362590954,0.92120236032972702,0.38750077183063369,-0.99765903898075503,-0.055042384942417269,0.040580510098401426,0.058711828334617286,-0.38517080260942643,0.92097577277082365,1.6120101985515813,23.248746109554688,-2.0835398313329931,,0.3321230474403479,0.3333333333333333,0,1
-0.66301180943863003,0.74167202292617074,0.10167571466931602,-0.74382443149495792,-0.66800099800921864,0.022358035913092732,0.084501808596723099,-0.060805238814514037,0.99456632120567678,-16.610646790524331,-11.274456042667991,1.0133232626380895,,0.1058946593544546,0.3939393939393939,0,2
0.38360744753467779,0.90113963052963342,0.20197200916177691,-0.92326847290100056,0.36937132760231034,0.10554690565033427,0.020509830398696752,-0.22696296753924894,0.97368740272368437,9.0343222063653492,17.240625137945106,-2.2165067630864339,,0.2424433298218817,0.2857142857142857,0,6
-0.26361259460812042,0.95797920135714876,0.11306745655179457,-0.96174582617653592,-0.27006821217967208,0.045914339830669615,0.074520908448471618,-0.096638556162603528,0.99252588060302982,3.2489498573773603,-5.904711645909229,-0.92858330094134778,,0.09630509871162371,0.1702127659574468,1,5
0.91154121175301239,0.40324045914333806,0.080558993201998899,-0.40945679883385744,0.90813405378876,0.087393765440813537,-0.037917662963053558,-0.11264844632334667,0.99291116338590757,5.9127411643592032,11.586305808204068,-1.8207308625890366,,0.07834462324509517,0.25,0,5
0.11061481372767568,0.96372344247512887,0.24290222190807259,-0.99282128268078818,0.095958852999478081,0.071398873850356273,0.045500149890589481,-0.249056268652109,0.96741961495776074,-13.681435910093718,-3.5229326669882104,0.24897103488531752,,0.08108143881239316,0.2941176470588235,0,3
0.9919541102117917,0.080742373074857515,0.097507499322733865,-0.10714179233628507,0.94570416753946795,0.30686196218079947,-0.067436485442976313,-0.31484011289656622,0.94674601860392127,-0.22127230680079124,6.2479084984780382,-1.3221367252760956,0.466902792387925,0.212060552660186,0.2195121951219512,1,4
-0.94874521349651808,0.28057677109755186,0.14546200668187087,-0.30136529047682081,-0.94179629986319269,-0.14899225234829822,0.095191814581223944,-0.18519288616053664,0.97808083170679838,-0.25446477672174467,-3.0390166168279311,-0.87754549936427906,0.6935494174584711,0.7386145932763482,0.3991416309012876,1,4
0.21589660834003879,-0.9763395710665006,0.012235051162452082,0.97402369518003007,0.21622734341308078,0.067257543728270933,-0.068311754004026642,-0.0026034458322472531,0.99766062683394019,-1.5708387555511258,-14.375474012441375,-0.068610215628656102,,0.09907989746221073,0.34375,0,5
-0.99419194527804755,-0.097509436588706047,0.045544326983786833,0.088700678212302514,-0.9820713230456255,-0.16633732634647572,0.060947236433906656,-0.16133141736056728,0.98501655221803319,-20.134033640810763,19.733217002702379,-0.48513436390397191,,0.2967096596090951,0.1818181818181818,0,1
0.99649373437065947,-0.044875679854180249,0.070614522002500152,0.032538341025775949,0.98541007112387846,0.16705761907474326,-0.077081085379662156,-0.16417419128857261,0.98341514183555012,-0.33934600221132066,8.9397864000889253,-1.4188762259901104,,0.07550371590088659,0.3023255813953488,0,5
0.31920459584742922,0.94459496557145906,0.076477297330206973,-0.94713344674753119,0.31522316209640433,0.059771164704108044,0.032352125772828227,-0.091513436690999608,0.99527816758079313,-20.602300917745893,-14.564957551489268,1.6167120392584491,,0.1973260558148494,0.6956521739130435,0,1
0.85271321277774026,0.50192776778230774,0.14473663214035798,-0.52221572548520168,0.82600633417891822,0.21214210320506752,-0.013073362621296224,-0.25648011974688184,0.96646108838607503,-10.662929277560933,-21.61169704368772,1.057026481528974,,0.2095772314889037,0.1875,0,5
-0.70170336991002558,-0.71064304930017574,0.050978791063162561,0.71245668086279856,-0.70031689283246645,0.044291393153115075,0.0042259378696268965,0.06739960010880959,0.99771711188808132,-9.9955403297229797,8.8080617857268155,-0.75384640721269991,0.469577941875615,0.4511220955077738,0.9859611231101512,1,5
0.8177916051394275,-0.57545810781087769,-0.0080533668861853223,0.56629690237356389,0.80212047933013664,0.18950080475105854,-0.10259000402371428,-0.1595327640139059,0.98184753820565152,0.0068393070989685566,-23.01990859918601,0.34783226182987975,0.5185234157684151,0.4159192517466147,0.5897435897435898,1,5
-0.53328653899586653,0.84088512451878072,0.092291249253893898,-0.84195235280296243,-0.53818142680283187,0.038431594476725575,0.081985992311893102,-0.057209782445854999,0.99499011947713911,-15.208831232768036,-5.3874129564246322,0.51333343297529943,,0.07627126293454141,0.3137254901960784,0,2
0.039504622780392795,-0.99918501596708253,-0.00828786135498202,0.99736920748331126,0.038925605943016695,0.06115113380862551,-0.060778686585762326,-0.010681810185053054,0.99809410888356609,3.8060771553476025,-9.1512875158116724,-0.74312778680581593,,0.08963486698570829,0.1702127659574468,0,5
0.97622348815644167,0.19904302910600102,0.085846221442631848,-0.21135340306034081,0.96197089657528656,0.17303679711827993,-0.048139798363546135,-0.18706647670399751,0.98116700571669757,-4.5734051533892792,-14.441389612275048,0.1337953518756595,,0.1213948425682071,0.4827586206896552,0,5
-0.32517070345446591,-0.944349813006781,0.049673376057844845,0.94508598091971807,-0.32270379208589578,0.0517179972775028,-0.03281009423851973,0.063762788893204136,0.99742558843686113,-8.0524120878616152,-11.438655254786433,0.20262937726671276,0.9454138951243993,0.9200529092208123,0.9953488372093023,1,5
0.7558149687008251,0.64322522260264359,0.12249508600572576,-0.65466023347653779,0.74598513730866234,0.12217263858581943,-0.012794990903301696,-0.17253257061307531,0.98492070761327211,12.520945249512636,5.7188548335345963,-1.8607918718984517,0.837546161065078,0.8031600287732689,0.6,1,3
0.066714591356308098,-0.99766394116784041,-0.014690942570591789,0.99694055193747821,0.066050770380922913,0.041795114961949792,-0.040727131040092346,-0.017434340410183963,0.99901819031071926,-10.89519728186157,3.1761179455920012,-0.38008427510269416,,0.2624270573551312,0.4371584699453552,0,5
-0.96244570083703407,-0.26752070847471843,0.046162143337321493,0.26565551491132167,-0.96311816274848194,-0.04278495040536489,0.055905458924072046,-0.028914963620482771,0.99801728669463197,6.9690591685976049,-8.328366947203552,-0.99878599924885825,,0.2943492653630195,0.2173913043478261,0,5
-0.69884589338796177,-0.71266529775723475,-0.061013036864051323,0.71361219043361901,-0.68887453690825751,-0.12731658990079336,0.048703787935994766,-0.1325143228938914,0.98998378535643683,9.0696129312237357,-9.4801943040569832,-1.0421411977242576,,0.2826614307811301,0.1818181818181818,0,5
-0.65907001226509021,-0.7519164307062407,0.015760715938038936,0.75205764255027652,-0.65873706206803317,0.021789569516070473,-0.0060017676240366391,0.026213818721473759,0.99963834184840239,17.757427277042279,0.26046381972563853,-1.8836616466372735,,0.09058186486380242,0.28,0,5
-0.70268996653821592,0.69042332132918005,0.17187916770599457,-0.70619117718765745,-0.70623873163305539,-0.050208318072253198,0.086722731673029865,-0.15666043312246275,0.98383772874648912,6.6737173724571184,1.2567648580741919,-1.4485930189060023,,0.07349246186163277,0.2083333333333333,0,2
-0.76393629523241469,-0.64356744143655487,0.047141119517671352,0.64513491941446621,-0.76332008870042711,0.033813871982701839,0.014222256454695686,0.056244026431069023,0.99831575010722828,-17.497118992450549,-5.4078014032470509,0.73196674155102004,,0.06690537392123586,0.1851851851851852,0,1
-0.98217515737165439,-0.18585713599308776,0.028090661124526899,0.17973995522045463,-0.97236647720787228,-0.14898651784541356,0.055004624708427957,-0.14128184243843828,0.98844015107536243,-29.544703575782123,-20.892555197759151,2.806118723427057,,0.388422890531934,0.1428571428571428,0,1
-0.92844438132221907,0.36388126739210724,0.074709129511158337,-0.36229110441921869,-0.93143299350264286,0.034318133303086015,0.08207427398341309,0.0047960250019211644,0.99661467563661554,-24.558025716323403,-16.823158631122197,2.1230403445562254,,0.1239380339961586,0.25,0,1
-0.62961854966059461,0.76869982060801356,0.11261024696046253,-0.77308003130131153,-0.63426715144711887,0.0072419471359813732,0.076991864027650764,-0.082497068992567521,0.99361284536844774,-0.96312213241329436,19.051333467910517,-1.7881599753820043,0.2796839378867502,0.285144400030745,0.8172043010752689,1,5
0.92867248925084689,-0.36975142557066198,0.029176891491354245,0.36360114617286343,0.92310416299225617,0.1251914963891145,-0.073223044258041936,-0.10565314739669973,0.99170348302038114,17.42223354379199,-2.5233779663600324,-1.7578081664774901,0.4591544962056808,0.2610007074432729,0.7254901960784313,1,5
0.29974548014457214,0.94853808292476116,0.10211832535994318,-0.95335366646078257,0.29381789172549844,0.069194169897228569,0.035629114200090392,-0.11809551957378682,0.99236284416432796,-2.1389441645214702,-16.093410902548325,0.089795578175677959,0.3371458438854405,0.2577681818512763,0.6567164179104478,1,5
0.15876697574399593,0.98367910914222112,0.084666744653800155,-0.9863003451422846,0.15413052798619092,0.058782731434568608,0.044773614834140676,-0.092839595969954752,0.99467388265442025,-4.9862792352041128,-3.4283452322787187,-0.51390798422229045,,0.09612126878131186,0.5284552845528455,0,5
0.60376599619841897,0.78895972967090022,0.11405773446878137,-0.79714205904050373,0.59653738258211586,0.093314998208993694,0.0055820733779553726,-0.14726064015784615,0.989081970474189,-3.2012508497623342,5.7558409812202669,-1.1171233318868516,,0.0669933469137701,0.2388059701492537,0,5
0.98134011462567017,0.17862440252892656,0.071168126627443262,-0.18551256222305101,0.97689218560197599,0.10614493378033615,-0.050563511388296255,-0.11736686300220082,0.99180055998426786,-2.1553780131531521,-4.5866007711268448,-0.64046747687183847,0.126609948941723,0.1654997085209577,0.4212962962962963,1,5
0.95505036217731654,-0.2954716931428697,-0.023985084036980322,0.28638079648800763,0.89870434077823091,0.33213934917329357,-0.076582276721639031,-0.32407867319163464,0.94292532497249149,16.573129873966543,-10.547359003431223,-1.3627422669944018,,0.3489777099328437,0.4583333333333333,0,2
