axis_00,axis_01,axis_02,axis_10,axis_11,axis_12,axis_20,axis_21,axis_22,location_x,location_y,location_z,dbh,dbh_approximation,score,reconstructed,number_clusters
0.83768496917336432,0.54590048966937132,0.016629726388631191,-0.53826489008041489,0.82004579080890272,0.19441144277876618,0.09249216468295661,-0.17180674129772389,0.98077910006123126,-3.199396669381787,5.5183282866450547,-1.6755923278456226,0.2507181553142609,0.25840705711895,0.7833622183708839,1,5
0.96203700734853348,-0.27203762448457042,-0.021916371886537615,0.26439974495101437,0.90908906655815591,0.32194695826216341,-0.067657751674998171,-0.31551957138854703,0.94650400353568043,-12.678926178458662,-4.4380108678905366,0.42186041284560755,,0.3761192220194641,0.2105263157894737,0,2
-0.084429990208595387,-0.98432737241667223,-0.1548263564922551,0.98306781566678514,-0.10764668037144617,0.14828979063018671,-0.1626322432776274,-0.13968470251354684,0.97674916807243273,-28.895592665013076,27.164855681307966,-3.9418385356519607,,0.5170490876966545,0.2272727272727273,0,1
0.79846074173905424,0.59467938022523203,0.093898235534287278,-0.59161890644711401,0.74612617921338209,0.30542232110106304,0.11156842490525601,-0.29941970447412702,0.94757602710114297,-13.519537687096099,-9.1078902681731257,1.3144904070136447,0.5241134818082652,0.5392569036156299,0.5606060606060606,1,3
0.85403360866512301,0.52005888845747927,0.012858763813013339,-0.51183100943313875,0.83558779101869796,0.19955465738275296,0.093035547255240561,-0.17700789823300159,0.97980232236408471,2.8949713427645296,1.2611092315143988,-1.3218527085538012,0.4858080047917599,0.4196892806114851,0.8933933933933934,1,5
0.1874692569873237,0.98183799431935304,0.029144992632864051,-0.96947775693290972,0.18017322552316906,0.16628435770363637,0.15801315292390808,-0.059428627070850296,0.98564703712207169,-7.127596818138116,22.941219263842406,-3.8501652658185286,,0.1138220101966174,0.1578947368421053,0,2
0.95813392117981433,-0.28520086483563234,-0.025295370754339234,0.28234737020006412,0.92647753818344392,0.2488359575757739,-0.047532637478895752,-0.24556025317333352,0.96821527070984958,-11.508119206379218,-19.469248647717347,3.2422277937431012,0.1701181133910233,0.1592488847227792,0.6904761904761905,1,5
-0.94770988057842342,0.31902781608862624,0.0081996838810167987,-0.31535949020731102,-0.94013381021418263,0.12921613996844658,0.048932342987147971,0.11987356444972289,0.99158255044948385,-8.5879952523675289,7.6874019142533179,-1.6497192684839674,,0.08180015536229486,0.288659793814433,0,5
0.067720059010840328,-0.98164399794197743,-0.17829485385747412,0.98932623047358648,0.04295984451566328,0.13924101930147431,-0.12902559166495528,-0.18582118572347933,0.97407539935665532,1.8564609344447387,-25.159318502495843,4.4938352865400892,,0.2354247021388649,0.3125,0,2
0.96439800464686753,-0.25773626658685278,-0.059232638967136556,0.25988712325643099,0.88221125656957367,0.39263466727663138,-0.048940492423320665,-0.39404988982082584,0.91778511239481231,8.4288914080271269,7.4035694222049671,-2.0168013456354772,0.5358231059264763,0.397670550076367,0.4482758620689655,1,5
0.51617815367016051,-0.85522446117596984,-0.046381404462733831,0.84503928049004251,0.49971288407161507,0.19025153855278162,-0.13953038415533711,-0.13739779655838835,0.98063913719490314,-5.9161987483796903,-11.20691486571628,1.3129708460843026,0.2508745007267006,0.1328919143324999,0.3012048192771085,1,5
0.60514034304001296,-0.77455998076408572,-0.18401630749516337,0.78376877701045078,0.53906466536106767,0.30840848033525725,-0.13968417737509817,-0.33085664986198987,0.93328570536205191,-19.438744953120505,16.247271088706469,-2.3874862340426488,,0.4466558314172609,0.2222222222222222,0,3
0.98236225521954146,-0.18549517429850032,-0.023578376363625843,0.18574121122522561,0.95348935180319461,0.2373989436592136,-0.02155462763682035,-0.23759123786430603,0.97112604831584282,10.47101924219618,-16.190759754137964,2.8867024403850392,0.2909927232692425,0.2502883996515874,0.2307692307692308,1,5
-0.99698790969725282,-0.071552675243329519,-0.029921941498243433,0.074285358849439584,-0.99187446965783177,-0.10327982330351018,-0.022288862198678334,-0.10519149731093735,0.99420217034332137,0.65970875794858708,1.2605481415643081,-1.4277584908834429,,0.1193809529278328,0.3275862068965517,0,4
-0.0045271853614071737,-0.99192400729221752,-0.12675278438776216,0.98733404424334625,-0.02453605330734504,0.15674650607326615,-0.15859063550784067,-0.12443771874092753,0.97947142096325202,-5.8001676408415248,19.024727889354867,-3.3845289912356127,,0.1242360912944999,0.3043478260869565,0,5
-0.97128685951950833,0.23638796640950532,0.026880585215148141,-0.23579998950957165,-0.97152193731122893,0.023312877778654074,0.031625961993529697,0.016305050132247995,0.99936677144488251,-9.836394725440913,16.341112125847598,-2.8506082614826487,,0.1443557079594706,0.2941176470588235,0,4
0.8671159484474904,-0.48329640664805945,-0.12055917745689247,0.49320871481585582,0.79920450462892056,0.34353649501986522,-0.069678515897663981,-0.35734681067824753,0.93136897163282373,27.961289945152807,9.6497121569929671,-1.7863122229228412,,0.2790265960435264,0.2368421052631579,0,5
-0.032708243669437045,0.98388265633079286,0.17579843391658406,-0.98513908839481723,-0.06141085292654639,0.16040474949160069,0.16861538278783997,-0.16793935129771384,0.9712699042866576,-1.59261205601204,29.079003526955532,-4.9947936694877368,,0.3038474118859592,0.4285714285714285,0,4
-0.52354406721887226,-0.84466082728179737,-0.11157820815710696,0.84368868718108692,-0.5322189223907311,0.070231173789874229,-0.11870555506199094,-0.057368157586581432,0.99127084376195906,-7.0202743426392162,18.625009228813468,-3.2704505674621376,0.3688099497015989,0.2638802849524547,0.3181818181818182,1,5
0.9028015026999261,-0.42703125372266582,-0.050928921712551374,0.42422124082713736,0.86483939571505408,0.26849424286249446,-0.070610095268586665,-0.26400213628542557,0.96193403437184433,4.9710523850191084,10.401035572172072,-2.5810959742740334,,0.1881681334378573,0.2680412371134021,0,5
0.079410448307861425,-0.98519897229192765,-0.15191104533402389,0.98380377093821059,0.05288957067473473,0.17126830880697511,-0.16069885185434149,-0.16305115243006912,0.97344244858333806,1.2306623299557153,1.9569526836673239,-1.5171754833241451,,0.07571903911126802,0.4,0,4
0.0961573241744582,-0.99437081041125019,-0.044502364090919809,0.9820012038483068,0.087469293816068133,0.16739999486199075,-0.1625650781935786,-0.059798110684125994,0.98488414613624686,-1.979454047739114,7.902665018374794,-2.0929113908630606,,0.07754210216294451,0.2439024390243902,0,5
-0.962889243735633,-0.26179907792042179,-0.065616667838577142,0.26589229627136352,-0.96186605351528254,-0.064148124512556526,-0.046320525491003621,-0.07921450558422935,0.99578083483429425,-4.9973334536223115,22.651490612684533,-3.8988728220248037,,0.2777540463544846,0.1052631578947368,0,5
0.98875197347636123,-0.14774615474741645,-0.023250993612177716,0.1488668108876039,0.95717708717189565,0.24829558274218286,-0.01442939925136987,-0.24896404871080932,0.96840523278572099,0.95648560130421934,-9.2582300113168916,0.76929989058848192,0.2515290363938001,0.2057901888168239,0.6153846153846154,1,5
0.9195250826820518,0.39199806310485225,0.028480534415794703,-0.38785644297870397,0.8933122230973739,0.22706970670861096,0.063568875705587516,-0.21984264960846747,0.97346197021489,24.347341454828328,-5.2043963791936827,0.9318025633298177,0.5219843855980354,0.5124084890609741,0.6808510638297872,1,6
-0.52910644051599587,0.8327384786822094,0.16307360524171854,-0.8377800205991337,-0.54317930775875889,0.055505645727537113,0.1347998949903447,-0.10725141371914292,0.98505132991425226,-16.765940754136984,-1.2087112642420186,0.070743228205704944,0.5869764136689209,0.5561553191330522,0.3661971830985916,1,1
0.46006127636304206,0.8781961334774796,0.13082497137936849,-0.87604502536304596,0.4249862453471,0.22788550810096406,0.14452935870565792,-0.21944986309172851,0.96485906849713143,17.887496396781103,-1.1507604543106067,-0.18488556514578852,0.6143205793859625,0.6189190060694534,0.5294117647058824,1,5
-0.84570045083110335,0.53155334856905867,0.04734749295462836,-0.52795816927189732,-0.84630093769831771,0.070956989437369236,0.077787653024979433,0.035010862256861328,0.99635501733112009,-4.8871961340524006,-19.445854720259995,3.0559096459915014,0.2873276427471967,0.2581111872745027,0.375,1,5
0.73904196040223669,0.67234886260576454,0.041999853780125454,-0.66519709830113261,0.71848772967263375,0.20319498695001434,0.10644153877397043,-0.1781078023630569,0.97823709271363768,6.481725661759822,12.632890362475747,-2.9163257965370524,0.2994596361889648,0.2845023925272301,0.6730769230769231,1,5
-0.97125455882842215,0.23480519221454182,0.039129319750022221,-0.23578062151619489,-0.97154676857063804,-0.02245829462335484,0.032742639973653682,-0.031038656366611413,0.99898174224482805,13.118473250561042,-9.8389543790079941,1.5004690093572837,,0.1361581664779014,0.2666666666666667,0,1
0.80389063270793681,0.59465260601756897,0.012170817595745499,-0.58460362934615262,0.78620629532274444,0.20029542618391086,0.10953742374066208,-0.16813072102207255,0.97965994786398158,-11.134342686916652,6.7921881464500471,-1.4196335634620985,0.3349198800179853,0.2919308302903796,0.8571428571428571,1,5
0.72006418339990041,-0.69026908184442082,-0.070965952641350749,0.68390934981367413,0.68866982309833347,0.24083578635897893,-0.11736938707376772,-0.2219515023679052,0.96796795276215508,-0.56949432578941217,-13.784491065028233,1.7393101380614695,,0.2536182555249025,0.4666666666666667,0,2
0.39327042034271131,-0.90670960928148692,-0.15236817554883492,0.90708848074903869,0.35557548784294013,0.2252921670579261,-0.15009618441475589,-0.22681216211188632,0.962303163531256,19.994169268157069,6.5619312503129175,-1.5192194287279732,0.2478645656862171,0.2250741980520701,0.32,1,5
0.26575824545545212,-0.96288502857667424,-0.047169658842712237,0.95201305520371793,0.25442392011847925,0.17011646479171139,-0.15180150754891553,-0.090115984233896898,0.98429437247778351,-4.3269608264665127,12.897152802142964,-2.6777557409474069,,0.08066596915682217,0.5294117647058824,0,5
-0.41098283297505261,-0.88827877635149421,-0.20507054026186042,0.89014565842860338,-0.43956909105168041,0.1200821426054153,-0.19680908967958699,-0.13319095192801542,0.97135284657224386,2.2508777549367824,11.839791992561903,-2.741366537735324,,0.5150294311901197,0.7333333333333333,0,2
-0.97753138578508547,-0.20845037079239376,-0.031318249018783328,0.20690331353362404,-0.97725741933272559,0.046464558622107542,-0.040291545687599108,0.038940714883703646,0.99842887181333517,-16.767444405020445,-10.266728618465555,1.6059260122964183,,0.1405274031294486,0.45,0,1
-0.83001499085008368,0.54527509102508609,0.11726120446132308,-0.54917181647759072,-0.83570873688511627,-0.0011059297392996359,0.097393177126735578,-0.065314486918820525,0.99310049181726445,-3.9822478403112154,15.203655396125251,-2.9560753876669472,,0.2446113892979948,0.3333333333333333,0,4
-0.29861903084498492,-0.95177215620451183,-0.070401967948458183,0.94137584869147284,-0.30588252848853759,0.14229332474107131,-0.15696555646896163,-0.023783217597140246,0.98731766551759592,-10.843910052756998,-10.402865067913368,1.4049376230976434,0.1272773134342706,0.117241355307272,0.3928571428571428,1,5
-0.92078097555796834,0.38654752440868034,0.052377537399511065,-0.38467130237698971,-0.92207362398328785,0.042523182876142665,0.064733176796037864,0.019006402285755036,0.997721590672491,-24.32807959564915,10.63054741315505,-1.368737633440017,,0.1494058844953375,0.2,0,3
0.63982788497950116,0.75256096606417322,0.15579560314468721,-0.75761992091127728,0.58363858681441849,0.29219523510772594,0.12896640276075311,-0.30498851181286696,0.94358342218434754,-19.952837706175316,14.403556557200409,-2.0713284070571194,,0.5555990419030701,0.5666666666666667,0,1
0.4977491303984839,-0.86505270848138838,-0.062686639218944906,0.85023538460429693,0.4723923070591457,0.23226127313463388,-0.17130555727802887,-0.16890624553387917,0.97063128234428564,18.365740503378102,-10.389589833288024,1.7864745971943348,0.1585499658618356,0.2136500225999507,0.1428571428571428,1,5
0.9998512078451991,0.016997694182000818,0.0029394834566952213,-0.016971029750107895,0.93877287656647102,0.34411839586446885,0.0030897119150435854,-0.34411707980803491,0.93892166290094359,14.721269649507837,-1.799037808511486,-0.1603083758912153,,0.2542444792574627,0.5862068965517241,0,5
-0.10799437509949626,-0.98123435723737618,-0.1597383833767653,0.98083050839240693,-0.13137818913639626,0.14391415922672143,-0.16219965706980422,-0.14113436008355468,0.9766126988987206,-18.222491137118475,14.170344704223846,-2.1246026868957371,,0.3259977897152573,0.2115384615384615,0,5
0.78187260445809648,-0.62313123408849835,-0.019562604664455172,0.61585921340618344,0.76710927877482515,0.1796128716998992,-0.096915734845430049,-0.15248219411102557,0.98354284137421155,-4.1334899417211428,-6.1340453997660047,0.20842453589202214,0.1769742612268201,0.1478247978615612,0.6352941176470588,1,5
0.99277004650869327,0.11773107195927819,0.023388660723639335,-0.11833072288613919,0.92725264084820724,0.35524692829251819,0.020136404256221652,-0.35544610665380061,0.93447985023128488,9.3121924981102335,2.600899780294982,-1.1774654738220363,0.2342064924871954,0.1574953618531135,0.4318181818181818,1,5
0.56986464021332839,-0.8043296353869076,-0.16825019902780761,0.81430854739074199,0.52527686429143605,0.24695304308012786,-0.11025371413658976,-0.27773738221298094,0.95430920829706278,-10.525076772732859,14.310117693079402,-2.5548178586593036,,0.3240447291842367,0.3,0,2
0.37204939227689071,-0.92123905517990667,-0.11356871451957712,0.91573181093655909,0.34429198824634405,0.20711899301664735,-0.15170530691194314,-0.18105698009359458,0.97170153329823516,-13.01757833257742,-13.20054856858447,2.0504695787805418,,0.09919709739490118,0.3333333333333333,0,2
-0.48693667752646086,-0.87089773530924885,-0.06655679313723474,0.8594792481933119,-0.49133043225547451,0.14103130242860357,-0.15552521983444034,0.011469131304065409,0.98776533904697161,-5.171257370150486,24.163148311139569,-4.1615650149140659,,0.2574183961462226,0.5294117647058824,0,2
0.85919223082202589,0.51067332095191142,0.031646007062753383,-0.50248369822810524,0.83052243763485423,0.24029692798715863,0.096430511302576849,-0.22236285628001165,0.97018344483758212,12.951169388248585,-9.0239263442893947,1.3033213333079254,0.7881799860561356,0.5183907276648594,0.5,1,6
-0.98402849360467581,0.177498368751147,0.013500106103032204,-0.17653754206455921,-0.98281042648652783,0.054020013246691027,0.022856509267937499,0.050773956710605993,0.99844858921430357,-12.874277902403355,16.125509364612569,-2.7102455668746748,,0.08694503771300532,0.2352941176470588,0,3
-0.58538454168305254,0.80993929097329842,0.036376961063208799,-0.80054138856584156,-0.58452712028114229,0.13214208583532688,0.12829038760405398,0.048232671432408593,0.99056306505688785,-15.097742882034447,-3.0791153533603297,0.33631487263582543,0.3922375645345175,0.3431098308770529,0.8177083333333334,1,2
-0.50010506421786427,-0.86584374595629332,-0.014475231674087206,0.85390633097824264,-0.49585211781719007,0.15803371529987692,-0.14401007832412646,0.066672969369752769,0.98732761153352622,-3.4494546325064812,-2.2926522318996025,-0.68243438992561123,0.3066918555696349,0.2771775048396235,0.8424190800681431,1,5
0.41685575419775706,-0.89866132085126893,-0.13652512808298167,0.89470425893074035,0.37914964427518677,0.23611403240213666,-0.16042309448273634,-0.22057510660057444,0.96208682202009765,-4.1666081915355004,11.007736064101655,-2.3926727353174475,,0.1117367501750382,0.2753623188405797,0,5
-0.19097351746157346,-0.92731935071502936,-0.32188186873107821,0.96833313177789448,-0.23169769229726025,0.092989920342693294,-0.16081063873254894,-0.29393026583457021,0.94220217432186482,-13.286668580514302,-16.072222384298826,2.5806366625007446,0.607928375905608,0.4070340231066649,0.4137931034482759,1,2
0.53173692755949709,-0.84549884012048149,-0.04886257488615469,0.83448916928862094,0.5132211784950087,0.20057878323536829,-0.14451182031090848,-0.14743043545724746,0.97845827733803381,-12.269155135395934,-20.550258378122511,3.4550746602082381,0.2737144347731199,0.2483518043649791,0.6170212765957447,1,5
0.035117360178489092,0.99923686891335639,0.017101193476680775,-0.98600934547606989,0.031852281728237022,0.16361846711957348,0.16294889274845711,-0.022607785228491981,0.98637545914277258,-8.2637588229810817,10.028874900876836,-2.0131793152362363,,0.07223866625277935,0.2745098039215687,0,5
-0.7700667074310471,0.637913187090835,0.0080019898725466228,-0.63050300476205534,-0.76291425540549007,0.14292585450193215,0.097279119508384596,0.10501716352435551,0.98970104995042485,0.36416113804960737,-4.3486734885671749,-0.34941672368721083,0.2714438607510158,0.2287353976799945,0.8233695652173914,1,4
0.99966612924213316,0.017991829819786132,0.018545190907260846,-0.023212010114777817,0.94061569089503128,0.33867879270555951,-0.011350446356084372,-0.33899618891928518,0.94071927335721073,8.6995028291910277,12.785360558819125,-2.982048181511832,,0.2906133991982162,0.3333333333333333,0,5
0.42701565576885386,-0.88306790220062081,-0.19454744879152133,0.89388575056923991,0.37976610773957553,0.23821412288443192,-0.13647671837189573,-0.27562435218123782,0.9515278880974064,22.28471693926247,7.2974878815629793,-1.6072730929499388,,0.2848447823535884,0.2692307692307692,0,3
0.81739246598839965,0.5739926395708046,0.049010266923801102,-0.56492487712352635,0.78199499125364125,0.26333195184250974,0.1128248188669977,-0.24293267250980713,0.96345953567073661,0.39903719473656657,15.610133443549733,-3.1810933776749617,,0.2548854304652021,0.2,0,5
0.050846550463718582,0.95595531497942077,0.28907449570748717,-0.98478680976664668,-0.00016585192442225663,0.17376683171068891,0.16616126990238195,-0.29351219439017645,0.94140375191980841,15.425072203083538,2.1149155099905319,-0.83254168352095048,,0.5158871481507048,0.2580645161290323,0,2
0.55133749642474961,-0.81653560570479167,-0.17116240724060369,0.82407045847669813,0.50100288511911051,0.26439362429592056,-0.13013394830747999,-0.28682000229871824,0.94910454733884275,-6.5867344799903433,15.485909281733125,-2.9012778545972662,,0.2005463000437425,0.3793103448275862,0,4
0.63419510565451664,0.76182025003585951,0.13200937314886718,-0.76321533633587035,0.58952131346714109,0.2645127054598736,0.12368879636240848,-0.26850424131338657,0.95530443003847809,-14.996318735527474,-0.83705532276964856,-0.13716455237444897,0.3582365556736324,0.2990451153621343,0.3808049535603715,1,2
-0.72046499342739079,0.6840241562374455,0.11419784117626192,-0.68551106806364737,-0.72736173209991717,0.031929394589387247,0.1049036167532152,-0.055279873012318695,0.99294479546036962,-2.925734696271876,-3.5907262265745086,-0.46279756962606688,0.3059028912663568,0.2466866765508428,0.2670623145400594,1,5
-0.35920634073154739,-0.93108128882001584,-0.063705874042428057,0.92316365498595077,-0.36450503858288547,0.12208580163422206,-0.1368929176080079,-0.014956953464776017,0.99047292676368492,-10.314322850873832,-18.148524982273141,2.881217665810333,0.3744496361286689,0.27447398975552,0.6702127659574468,1,5
0.86980283899913302,0.49290662632859983,0.022047199151055394,-0.48544936420253654,0.84694386956258738,0.21685247659573639,0.088215282487794158,-0.19932169859729101,0.97595539058088587,-7.6063766385392029,2.9543592937896883,-1.13938107856976,0.3638479128506523,0.3758304508497983,0.8704839809134287,1,5
-0.24561233283478026,-0.95828097163784354,-0.14619220689314397,0.95402739160879679,-0.26568482626558931,0.13872025501829061,-0.17177403185456494,-0.10539996436932178,0.9794817657778897,3.0125609205106336,18.628333738490667,-3.6946108785558893,,0.1186569098208147,0.25,0,3
-0.91970561307446452,0.37924635995014544,0.10155680057923021,-0.37828384069811433,-0.92522495793625403,0.029327684507005847,0.10508530413910697,-0.011444460512553387,0.99439735678327767,4.2547381474767132,-15.77069111251433,2.3399283020396577,,0.2590719093905968,0.2307692307692308,0,4
0.4704208402452934,-0.88162019152126414,-0.038079797333015995,0.87088559681485045,0.45686671746086371,0.18119348701589605,-0.14234644471624983,-0.11840033943594452,0.98270995176506615,-11.20592178735739,5.2641403653760275,-1.2235285274983805,,0.08482686783242316,0.4652173913043478,0,4
-0.86610533046234961,0.49914177127056192,0.026815083769943095,-0.49366516113847808,-0.86255776575638821,0.11085490251435744,0.078461871140214343,0.082774349325338337,0.99347478169853043,-11.711161307751576,24.398560505724742,-3.9109928444352349,,0.111413098319783,0.3684210526315789,0,2
-0.7594517274254724,0.63338925953151792,0.14849619395991506,-0.64281981742791283,-0.76571522708207373,-0.021514491316153621,0.10007874915490424,-0.11179551388478583,0.98867892009632019,-8.7943871993923377,19.756815884687359,-3.3745296662831286,,0.47591504823863,0.4545454545454545,0,4
-0.94905616818922989,0.3074497078701936,0.069043947978863943,-0.30955266051578439,-0.95063012736422847,-0.021897746803495911,0.058902801203126326,-0.042154929462674628,0.99737326108755364,2.8679121135486327,7.698951375455092,-2.2543252007134749,0.323902162429193,0.1362364445608033,0.28125,1,4
-0.9952213930309467,-0.094716779204103693,-0.023729951343014467,0.094480326344239168,-0.99546708399364403,0.01089736752969991,-0.024654549020958209,0.008603279746257176,0.99965901025808801,-5.5875475263582777,-20.591983723391259,3.325269187813285,,0.1867760332457468,0.4347826086956522,0,5
0.88269863228621392,0.46063790870568133,0.093036775649755613,-0.45883505656116402,0.80199907836247997,0.38244982569775876,0.10155547956934712,-0.38027647227903649,0.91928031046055292,-4.9961734270149298,-8.893864813002466,0.88464144513809428,,0.172707236654374,0.4098360655737705,0,5
-0.99645518049805248,0.08404835964486157,-0.0035981244560417515,-0.083813388661849383,-0.98817168931959409,0.12842129226992527,0.0072380342366516514,0.12826763297210947,0.99171317687732718,-8.1568542045151631,-1.2036042040529038,-0.5385887560249667,,0.08948240784938925,0.3737024221453287,0,3
-0.97795862141514311,0.19923088023691773,0.062481926665357047,-0.20608130431281338,-0.96912227105446558,-0.13539763572147115,0.033577236523003172,-0.14528964211621412,0.98881923984175202,-8.541709383467083,5.7200473998916257,-1.421872845795892,,0.5060880019878767,0.6052060737527115,0,4
0.83554454220299201,-0.53301811694064971,-0.13325541267744398,0.54261405032697385,0.76248712465348945,0.35239661906069786,-0.086228245851046201,-0.36674933094785322,0.92631507483509812,-10.763562849450375,-25.837330352870698,4.5264491526300139,0.2728708782051331,0.2588743585196505,0.4,1,5
-0.95314862633658404,0.30248700143415536,0.0030512417236582532,-0.29938099800921747,-0.94471077819151983,0.13376308758315431,0.043344136208810259,0.12658261939202747,0.99100864089278529,-7.5834527169844144,24.001085584977474,-4.0001225847249868,,0.1062822603150888,0.2352941176470588,0,1
-0.71414724150602216,-0.69946537801886843,-0.027237885421977224,0.68963959446295031,-0.70971759948443802,0.14386854670505558,-0.11996227406279471,0.083959001512455028,0.98922188555789381,8.7797275863096687,-7.0075034015748363,0.61667485890107399,0.3923742003090222,0.3645590940388714,0.7959183673469388,1,5
0.095454540718651726,-0.983409875591851,-0.15425124714118299,0.98580363633014001,0.071886742216453928,0.15173492311191164,-0.13812900222061938,-0.16654522773686475,0.97631094732344936,4.5056058246290176,-10.722505415107142,1.2300227688928669,0.1189484926883253,0.2410231686166518,0.4230769230769231,1,4
-0.78305850879414107,-0.62003275247693179,-0.048772509274949909,0.61340273534383827,-0.7828759627029237,0.1041264197726377,-0.10274461580926063,0.051619888394397434,0.99336747029704831,3.5971704834294052,6.6846870870365231,-2.1202000258547224,0.392468013795599,0.3085074373628171,0.7751937984496124,1,5
-0.98062200014445244,0.19471799558518088,0.021573016200421572,-0.19445959666555873,-0.98081748521611389,0.013510216837925797,0.023789873840826019,0.0090533358287984769,0.99967598701429738,4.7057420683985081,4.2839676404897231,-1.665505588777084,,0.104366546304043,0.1612903225806452,0,5
0.2303713079149094,-0.97097815007310329,-0.06426890826977176,0.95713566627618285,0.21418130099473895,0.19498124690915686,-0.1755573320360688,-0.10643214920697315,0.97869904505090977,4.4828861857832409,-19.357031701515709,3.1853106411543735,,0.1368399779255556,0.3076923076923077,0,4
0.32840270926421622,0.9434868179972038,0.044545311913082024,-0.93165581394400265,0.31580103435665496,0.17968625724747472,0.15546415951035575,-0.10051035252538951,0.98271489463778905,1.399568712188215,-4.9728817013444022,-0.20200239370611747,0.2885969557251294,0.247812759633884,0.8198757763975155,1,2
0.7729489760932563,-0.62813464355737503,-0.089424548751652469,0.62660654139925753,0.73363217863598829,0.26296020372952866,-0.099569687315207225,-0.25928882743547538,0.96065351783829378,29.663368451350433,-9.2845000985434947,1.8982950319615564,0.3690270741410727,0.2462778515432355,0.35,1,5
-0.93470790194217301,0.35378152655044443,0.034055388978797882,-0.35137671505134321,-0.93423729646879494,0.061115284556351367,0.05343727319565611,0.045158668695100324,0.99754957394362043,0.69178446264581628,4.0952369333755225,-1.7226199207635129,,0.1838856217996842,0.234375,0,5
-0.18647549062244068,-0.98040227301041727,-0.063547419090987031,0.96993015868727006,-0.19400899703986252,0.14695576319584325,-0.15640453531149959,-0.03423291024134744,0.98709965514653097,-0.070531456706519155,17.798941195785172,-3.4485215323957825,,0.1438153332203957,0.34375,1,5
0.4156242750532656,0.90814495994718214,0.050291089757302905,-0.8960812968270303,0.39937375172845785,0.19374962169543228,0.15586780123949334,-0.12559195098757714,0.97976113945384613,-2.3048786388409712,-12.774537521148787,1.5719084849872687,0.613265184390383,0.4999803753077508,0.8286852589641435,1,5
0.87462324758883181,-0.48341507057736416,-0.036661209961576714,0.47674173617791971,0.84388386562472339,0.24612463981555599,-0.088042556546410369,-0.23274426067457835,0.96854458718213698,6.2108884692439101,14.103942099577999,-3.129539336836948,0.2528630850442688,0.2365457403809827,0.4583333333333333,1,5
0.99966380957726897,-0.013254338162061327,-0.022284307064525655,0.01839785683294165,0.96821521818046452,0.24944099532296032,0.018269829922988496,-0.24976711914029082,0.96813356491289138,8.8238475913957419,-8.8521114664765719,1.0269934601375921,,0.08014710256854282,0.4,0,5
-0.013299572690691002,-0.99420503672376193,-0.10667458141163325,0.98660213872590896,-0.03039620293985628,0.16028814899518057,-0.16260178728324959,-0.10311360627939076,0.9812890720742542,3.966528272569136,-31.505499339407297,5.8972215910110615,,0.2707825667913736,0.3333333333333333,0,5
-0.3485971520668158,0.93615242727003811,0.045811117507911212,-0.92718941866729054,-0.351584922425905,0.12925874915913896,0.13711238996647968,0.0025836484259355729,0.99055212749178123,-5.9654939301407826,-24.084809352699072,4.123664166465522,0.2386651746636831,0.2099678280010495,0.5,1,4
-0.84952319711388902,-0.51275452720464809,-0.1240690630114305,0.51973608573708052,-0.85379466534052095,-0.030150797978935096,-0.0904695459704246,-0.090096971465228062,0.99181540469217322,-12.364311856116071,-0.82820004290404314,-0.30952029283192639,0.5583246424133156,0.278759636037087,0.3636363636363636,1,2
-0.67875382310633303,0.73384847892941618,0.027561886574022025,-0.72682228626198664,-0.67667387916933397,0.11765128746777495,0.10498862705758277,0.059823667748710146,0.99267241170773757,4.4988613336694279,17.356064657158043,-3.5562694308876273,0.3811513077111256,0.3377110377221493,0.7432432432432432,1,5
-0.73141167862092948,-0.67382499754200476,-0.10486576688524445,0.66750645213772186,-0.73888627163106568,0.092098935659724213,-0.13954244061010568,-0.0026363388741910089,0.99021258171461091,-12.861207042245836,14.970567413562689,-2.5467322619994834,,0.2296213992613917,0.25,0,5
-0.99845358701528397,0.055567469464644935,-0.0016404004412532327,-0.055442654609365635,-0.99318428963786942,0.10252355273978238,0.0040677544393070454,0.10245595714167179,0.99472922457320256,-0.73832394583636141,-22.311749065123148,3.6579945562160039,0.3225710845901839,0.1975643934537254,0.5142857142857142,1,5
0.20218979962736797,-0.97784822692378615,-0.054149146148879439,0.96528166886287037,0.18964434743278283,0.17962828631400704,-0.16538012179206324,-0.08858818537932632,0.98224312098748812,-10.224431710045504,-5.5404849640296892,0.47269508721788889,0.1310773148452508,0.1309636510106321,0.5743243243243243,1,4
0.21353352443763285,0.97593501986814246,0.04420713671128268,-0.96360000372189558,0.20295166457617161,0.17402774110159455,0.16086785498789147,-0.079758754006869756,0.98374797300470496,4.1784340818498782,8.407550998765819,-2.3158306567463978,0.3798026121752359,0.3577245826346857,0.7916666666666666,1,5
-0.98661632529750143,0.1574260441747809,0.042488436920336638,-0.16088152517087587,-0.98225466847778575,-0.096399694565321728,0.026558642946248889,-0.10194511694570962,0.99443543360832554,-11.534772190246935,-1.8637502144660327,-0.14745092646625624,,0.4131289077654052,0.2396313364055299,0,2
0.15867921634550702,0.96666641486000349,0.20094016194301195,-0.97573643636748708,0.12243671511595654,0.18151489618345867,0.15086190057417886,-0.2248672790188074,0.96263980479815248,6.1430965280136949,-17.783913576288573,2.9645980574894635,,0.395565184699513,0.2727272727272727,0,3
-0.98929740838742886,0.14354210496481007,0.026197363611407322,-0.14484348902914038,-0.98778707728477955,-0.057419975923527898,0.017635233023186776,-0.060599950919656101,0.99800633490211543,-14.574838123010798,-16.247574512714696,2.6340201890317281,,0.1112963617721674,0.2727272727272727,0,2
-0.2826408183795856,-0.9561715536501858,-0.076486127996565539,0.9469593666027033,-0.29084909456828884,0.13665563359120428,-0.15291215056078772,-0.033804795207122249,0.98766143492184544,-17.178011441365733,-11.750501113938878,1.8951957799495991,,0.1208921125797493,0.2,0,2
-0.029344210375318168,-0.99432311960588049,-0.10227634689741313,0.98188355212594258,-0.047836291443754259,0.18334770051858124,-0.18719937869018741,-0.095043269294248958,0.97771323483927008,-6.799166854841201,-14.999398869946896,2.1576582593679405,0.5435059623181561,0.4411435318743727,0.2142857142857143,1,5
0.2810903156716032,-0.95306451174712381,-0.1125000928170906,0.94884855711222138,0.25843744384475814,0.18137393220924125,-0.14378682172470952,-0.157728006603783,0.97695814947780779,0.90150284171644346,21.958521231692949,-4.0373222920733411,,0.1293695974515701,0.4,0,5
0.9836698312303177,0.17949135352683748,0.013285975177711585,-0.16840936354110994,0.89186480008363145,0.41978025756753212,0.063497633018854888,-0.41516265773897476,0.90752852198711331,-18.088150054069526,5.476802338971547,-0.93340372529428417,,0.5651439720205602,0.75,0,4
-0.96205458211385741,0.26809828961284587,0.050737443179549577,-0.26220454656957493,-0.95982171362351176,0.099955259066594485,0.075496733651033709,0.082858826708401501,0.9936974680678885,-12.718357799499767,13.060642339502893,-2.2746662341209238,,0.2869121173224036,0.3333333333333333,0,3
-0.47478155524562554,-0.87551749776329701,-0.089730629713823812,0.86789776274085129,-0.48267831014559254,0.11736746714664993,-0.14606829987361925,-0.022153104190829144,0.98902643632348897,-11.612197427123549,-11.759383584757126,1.6704477441628838,,0.0818208819095475,0.4,0,4
0.48084200529503429,-0.85125082196462398,-0.21014995609897946,0.86582334603705813,0.42316049482398654,0.26699275098307962,-0.13835063932285943,-0.31033406794110086,0.940506175883011,4.803794605177873,-9.7035860519835566,1.0041512256203455,0.6184710038684048,0.3814363307998263,0.5454545454545454,1,4
0.85553983064894701,-0.50899318179468878,-0.094749876304354219,0.51293586406909231,0.80842609604602456,0.28869368989203464,-0.070344847180623032,-0.29558956023226429,0.95272158281254016,-9.8465001985600864,-26.992381315059063,4.7321983859599843,0.3361193345234796,0.3701086878717276,0.3,1,5
0.6006377636809811,0.78712228507999848,0.14025970615523287,-0.78829644260109533,0.55372825276698312,0.26827922146540351,0.13350279181638366,-0.27170485902549946,0.95307579664954523,-14.73315792626823,-4.9301384455016626,0.60581957819792065,,0.0631909631163913,0.3125,0,2
-0.98537938548268789,-0.16738341641708229,-0.031784565032520744,0.16597866607916331,-0.98520696240620154,0.042641806163999867,-0.038451905965017394,0.03674279704774977,0.99858470736976834,-7.0398588557396051,-1.1011774945229329,-0.63961031116462375,,0.2892312478928071,0.1753246753246753,0,3
-0.9741646608230643,0.22583197850144121,0.0017694885158200545,-0.22344382270052751,-0.96494184769500913,0.13769563778100091,0.032803531829031757,0.13374284299754474,0.9904730083381752,-3.2274631159105933,2.1989093218852509,-1.3891031106485532,0.537687077876131,0.4601432419988534,0.9761740331491713,1,5
0.98126383175142851,0.19265395961415874,-0.0023967355904175565,-0.18889919249871034,0.96443910820095435,0.18486292663993953,0.037926080338461871,-0.18094656232582745,0.98276139220699255,-0.12999131662271635,8.6822442936250681,-2.2962093886260684,,0.07350084226517159,0.26,0,5
-0.93087363983047555,-0.35273663956587753,-0.095137425740530551,0.35662834202329829,-0.93385544209795568,-0.027022933403804416,-0.079312624054914044,-0.059083638782706047,0.99509729740047004,7.138949636817288,0.24094978885249541,-0.89174919908750228,,0.267434774532147,0.2083333333333333,0,4
-0.85512635457652597,0.51023184122188525,0.091773557803901312,-0.51064338238236662,-0.85954291193424004,0.020720004167554353,0.089455316989867042,-0.029145338339636607,0.99556431008514479,2.1607695018236743,-17.069294205059947,2.4603672585244079,,0.2011042026734923,0.3529411764705883,0,2
-0.91629755950450165,0.39786365890288833,0.045861654685583023,-0.39555110829357654,-0.91696906545012491,0.052029354553442993,0.062754308010023907,0.029533742260854624,0.99759192804184815,-10.52772720970953,21.928767573906278,-3.6453272384836497,,0.1402309821250089,0.1818181818181818,0,5
0.089005919268225792,-0.98099327450608975,-0.17242430718735036,0.98285066270112564,0.058433066914883661,0.17490040457037062,-0.1615008395122968,-0.18503451587404018,0.96937077879007838,-20.016419781073758,17.784915666782279,-2.5873007973729192,,0.1822693665445758,0.4117647058823529,0,1
-0.9366074838433146,0.35037771995006145,-0.0013691498428400329,-0.34890197954988211,-0.93228979891139441,0.095410374236381656,0.03215322495286458,0.089839769636553615,0.99543708285194099,-2.0730055782983858,-7.3945879327965418,0.42669055868259692,,0.1194778968897111,0.2807017543859649,0,5
-0.91476022177771599,-0.40081032830471808,-0.050644026078571783,0.40049620351117954,-0.91614712815667121,0.016650241542247899,-0.053070967829076304,-0.0050517615291500433,0.99857796494772355,-19.413838475236936,21.164367266668538,-3.1460225463403351,,0.1963266320827542,0.2173913043478261,0,4
-0.34322995352400776,0.93669320267868239,0.069275125835028789,-0.92560820413148481,-0.34984855906856044,0.14441412036964713,0.15950752787374756,-0.014554372992459206,0.98708941782312776,25.435068411702957,6.6058960914106848,-1.349149772588818,0.4062781799304626,0.340906426544508,0.8181818181818182,1,5
-0.9546756588812304,0.29606552285564175,0.03065277338028307,-0.29367772334203307,-0.95369746204752615,0.064919532474806654,0.048453907503191389,0.0529750607392067,0.99741960166589305,-15.03177351665253,15.645832803843369,-2.5269833610391919,,0.1850827989880276,0.2631578947368421,0,3
-0.88411067761753614,-0.45951145951536537,-0.084838247840939698,0.46121301391356712,-0.88728929320579486,-0.00051571225139148747,-0.075039093274278518,-0.039584450689899325,0.99639460342986308,-5.4512836875313839,1.6391141514238969,-1.0776114234432559,,0.125182374054876,0.2035398230088496,0,5
-0.99395456278638905,-0.10283948085974837,-0.038449555167982416,0.099370672868064225,-0.99156034186783426,0.083267987898665033,-0.046688290714765289,0.078943838337399708,0.9957851544880012,-17.52418688289162,11.906856576763412,-1.8167543671871762,,0.133452200536003,0.2272727272727273,0,2
-0.8393745513015306,0.51932710634774948,0.1604671905400846,-0.53655600894239064,-0.83885703473541751,-0.09179610309112872,0.08693682703646291,-0.16315094816573109,0.98276332665472199,-13.825103370713082,19.894372806982823,-3.1704185872622297,,0.1269060808065219,0.5454545454545454,0,2
-0.84275102080711728,-0.5363367558823906,-0.045973918890091718,0.53225807978461714,-0.84300558323415564,0.077736240840623819,-0.080449073534453935,0.041042306533529679,0.99591338762055703,-17.993434957159398,-23.682209878956886,4.2822126492734895,0.4272578830137531,0.4535988006191955,0.5909090909090909,1,5
0.10080015477507653,-0.97958916287513798,-0.17390917392393732,0.98309743230529589,0.071217814649414429,0.16866375268947284,-0.15283575299011226,-0.18797099471500198,0.97021035747604623,7.1738429408390489,7.8198095575183286,-2.1111361679334317,,0.1677580328314072,0.4418604651162791,0,5
0.46728308518970568,-0.87722899604471338,-0.11007182561388153,0.87592720815349123,0.44246002942171359,0.19230353189831356,-0.11999185102339043,-0.18627509458464622,0.97514283303804283,4.0388952429786853,19.207371737804447,-3.8131018769039069,0.4119777035118097,0.397263364480582,0.28,1,5
0.92335715368122306,-0.37263747618266946,-0.092481771662957804,0.37972048462609348,0.85069438007704079,0.36349886555622646,-0.056779576442889418,-0.37075650102128904,0.92699282448647691,-21.568569023874748,27.188390269620228,-4.0354504562885847,,0.3177893404352439,0.3809523809523809,0,1
0.35922458338748042,-0.92489513555543368,-0.12460612712056368,0.92181364254917031,0.3308056272377069,0.20205752992179596,-0.14566161848723613,-0.18744765993141232,0.97141446750906257,-4.1973213885043785,29.523102935216759,-4.9666741244455732,,0.2533396873923332,0.4375,0,4
0.7579253165485007,-0.65175958988194471,-0.027543629604182333,0.64308826237816541,0.73942196005559035,0.1992301477662948,-0.10948379481130989,-0.16871455771351507,0.97956556528353245,-15.311356043021641,-15.840871733638728,2.5704530931898724,0.2135362530787672,0.2141000727807741,0.7358490566037735,1,5
-0.17547119822084548,-0.97290205792093243,-0.15057039645346701,0.97120812764321862,-0.19610126152414353,0.13527404787464697,-0.16113544425325413,-0.12249849354932064,0.97930050938588442,-18.993510218183228,6.8821061542544522,-1.0412475596222979,,0.1106324470691753,0.24,0,3
-0.81363156877575515,-0.5726406728042055,-0.10043072309731502,0.57278796708264046,-0.81914537686211086,0.030245600188558687,-0.099587223361427613,-0.03291673458556945,0.99448422487608312,-19.381644239576307,20.288161400469331,-2.9945562337293632,,0.4442734442474702,0.1521739130434783,0,1
-0.95042816236913508,0.31084857610827216,0.0077117382663045349,-0.30761445610023336,-0.94358103208489708,0.12258948685657221,0.04538341738769746,0.11414025854649054,0.99242750203989893,8.8782951804456562,0.50821640356615772,-0.84992312273613779,,0.07347136306621802,0.3043478260869565,0,5
-0.89770585922834345,-0.43124519582691812,-0.090287160678051676,0.43696637043158171,-0.89766488926354349,-0.057080098942804233,-0.056432095645573527,-0.090693592164350231,0.99427867870199005,5.0739801932843243,-12.695907007681699,1.6985730759307545,,0.2529959958596892,0.3962264150943396,0,4
-0.079408247907318152,-0.99599825794141705,-0.041009759106251362,0.98348018971233253,-0.084990837794994931,0.15982263273485411,-0.16266851756773673,-0.027641050424463558,0.98629352919085278,1.8876153458156659,25.297254742557776,-4.6107243569770109,,0.08648324526279974,0.2727272727272727,0,1
0.70309691495541604,-0.71005097780050286,-0.038501131213582583,0.70231948305061176,0.68492301304942937,0.1939788904051489,-0.11136459000821418,-0.16342605398112206,0.98024989312545263,-13.108353555587291,-5.6945859443220064,0.64208730469544362,,0.06632870117065133,0.2162162162162162,0,1
