axis_00,axis_01,axis_02,axis_10,axis_11,axis_12,axis_20,axis_21,axis_22,location_x,location_y,location_z,dbh,dbh_approximation,score,reconstructed,number_clusters
0.45628769270616454,-0.88615785405523295,-0.080782418762441105,0.88339194367440399,0.44021186615438562,0.16072394578292659,-0.10686540757440854,-0.14469889630919469,0.9836879658056501,-0.9518319727977308,-6.2040904793354539,-1.2078399283241616,,0.08201745806054234,0.3522267206477733,0,2
0.39321730936157989,0.91842445189129085,0.043320593100989326,-0.90596324881545454,0.37898201307716889,0.18868817016369446,0.15687810367985186,-0.11344231984651257,0.98108108770562652,9.0969789104239815,23.996972364745865,-4.9954463548640753,0.3799101857609862,0.2984618783089471,0.6779661016949152,1,5
-0.095553415866253544,-0.99106213293868317,-0.093088094680891326,0.98457044080029299,-0.1078695075735422,0.13778685147051617,-0.14659669784346235,-0.07848578209376067,0.98607778100438059,3.480292498912319,-25.805625136923219,1.9849787320749521,,0.1096164570482323,0.2580645161290323,0,2
-0.81592227957988617,-0.57276957829838149,-0.078777178554813185,0.56599724772449522,-0.81910906855428744,0.093313714857060012,-0.11797435845750148,0.031549072696714524,0.99251534333657476,3.1947338757956496,9.741884700868555,-3.1663109342838109,,0.09282360769004418,0.2479338842975207,0,5
-0.85415974871950817,-0.49657729247945348,-0.15434414877539934,0.50570934148865576,-0.86236626516623838,-0.024134759877483928,-0.12111641341510071,-0.098668218272191549,0.98772232793657866,-2.8355325252628312,-12.552866209877934,-0.36778672514342126,,0.09356346884728972,0.2328767123287671,0,4
0.16903259249213051,0.98437034793818001,0.049426721269538787,-0.97519170063084715,0.15976296621553915,0.1532218706540607,0.14293050652714634,-0.074100018394598136,0.98695494202005718,5.2808245120319937,5.797471797042542,-2.4676291321442205,,0.1186096266466691,0.2626262626262627,0,3
0.84438781013149478,0.53558843186284988,0.012420054590636734,-0.52929626715606537,0.83043653961112618,0.17384077557741101,0.082793041229297454,-0.15336292033406915,0.98469544885239124,3.4181476958049477,-12.136424705838941,-0.0032710816504499022,,0.1054156948814584,0.2916666666666667,0,7
-0.90295010417744326,-0.40292725473465907,-0.14943472407019431,0.40620393875873806,-0.91373530896035859,0.0092814490250677454,-0.14028353254331521,-0.052320288140535576,0.98872803032282819,7.26861786911559,-15.447002270955634,0.73878172736692482,,0.2587363939708902,0.2444444444444444,0,2
0.892012480368785,0.45180157119541398,-0.01375045932625631,-0.44040203873983874,0.87555127649620612,0.19863536064773959,0.10178300025112934,-0.17112949041944586,0.97997699889775947,8.1159998850944923,12.453953537586221,-3.2535021235660153,,0.1089022926025848,0.3770491803278688,0,5
0.38511717411443769,-0.91524765749800807,-0.11834900779692741,0.91590636303403461,0.36333472880017847,0.17059721275995932,-0.11313839470257538,-0.17409652578988558,0.97820759726758133,-22.393719515385744,15.854592147519476,-6.5139961583771591,0.5232098811280861,0.5150086984017674,0.7410071942446043,1,5
0.89235385504165554,0.45020505918053272,-0.031937471417585475,-0.43945806642677432,0.88281810569000596,0.16585777075057556,0.10286498551371565,-0.13396864168215877,0.98563238471607684,-10.993783143853358,17.075996675159438,-5.5396581885751219,,0.06984610712905409,0.1428571428571428,0,1
-0.7811246777391031,-0.60082105349623727,-0.169877307203328,0.61229153486486776,-0.79037872835345624,-0.020013547891310438,-0.12224284911522126,-0.11964751331325231,0.98526197450127373,-7.127562088231814,3.6909503460837847,-3.0777100806589619,,0.07904545185811965,0.2877697841726619,0,5
-0.89608167745194711,0.44349230993142091,-0.018766948782325168,-0.44344151319127401,-0.89247915372295084,0.08270782640476107,0.019931174414442893,0.082435011989200127,0.99639711816363807,-12.7814904047752,24.68146979287669,-6.843216761274916,,0.09373168392107603,0.2105263157894737,0,2
0.16561481220525173,-0.98375463455287326,-0.069271588504692949,0.9772693508438417,0.15428467460150264,0.14539895145552564,-0.13234934786192579,-0.091777220370050344,0.98694508050938257,6.8679489479516276,14.174620267030461,-3.610598654363856,0.5088742291799478,0.2109242804912109,0.7272727272727273,1,5
0.99167220731854977,0.12514745227506729,-0.030403098871936714,-0.11564823989081706,0.9692109444856426,0.21738360034603907,0.056672019922648337,-0.21205720991824389,0.97561263925780428,12.455868427880942,-4.8832293145895793,-0.45345444691417475,,0.2660099182518935,0.6906474820143885,1,5
-0.22578475003196291,-0.96762442759369061,-0.1128016568007186,0.96269195586590761,-0.23934999710669075,0.12623698743276945,-0.14914906893466737,-0.080090860958102736,0.98556583201068415,2.9946366580519133,-20.429690647018628,1.1727689421832153,,0.08144730077636332,0.28125,0,2
-0.58432259163159994,-0.80782731677786856,-0.077344264017458336,0.79925676202942386,-0.58937911560589185,0.11756226621607885,-0.14055510399545851,0.0068763620533206253,0.99004897777117051,1.7101240294850426,-6.0109247163446033,-1.04641194595482,0.1335178924839704,0.09543569752404427,0.4393063583815029,1,5
-0.86323216970668881,0.50465629991743155,0.01233856300916269,-0.50364714855270221,-0.86264731630199787,0.046681446332507218,0.034201914247834558,0.034082644125853975,0.9988336209955968,4.3245417132588528,4.9255796237344196,-2.3831854391195706,,0.1013682142902278,0.2196969696969697,0,1
-0.32293160289568623,0.94634515111099016,-0.012084486747014071,-0.93810096412608235,-0.31837666827929306,0.1363923685588419,0.1252268380058236,0.055381874869788815,0.99058118646528381,10.900500948767464,5.7279458975468867,-2.0541529184231444,,0.1028840695070906,0.3,0,5
0.24464300692278054,-0.96674955970363108,-0.074465347488721273,0.96114784292076483,0.23166473004977295,0.15008756410751334,-0.1278460918938919,-0.10829008109610729,0.98586441011107462,-10.300314728378337,9.6579467212003269,-4.3181931539602685,0.6465953959398147,0.5504194364356069,0.96875,1,5
-0.36996775588416309,0.916778085550224,0.1504719291459454,-0.92028368690354312,-0.38383053863372985,0.075842291838803186,0.12728627272906404,-0.1104176592172056,0.9857008396606628,15.22339566433349,5.4056659182960667,-1.7332540066134636,,0.3621591056884435,0.2368421052631579,0,5
0.21398275213842985,-0.96570829217729404,-0.14703358870434274,0.96814803578784192,0.18963101599877935,0.16349146329828526,-0.13000293299540264,-0.17733463336665306,0.9755263529097038,17.414877063099926,4.8370228373438815,-1.5363498189464098,,0.2551073049147063,0.3333333333333333,0,4
0.76925055978425594,-0.62784942758889417,-0.11856927320308647,0.63635670972901037,0.73613151627490603,0.23056567118649091,-0.057477945809485835,-0.2528151241977169,0.96580577691501535,-7.2631989704208877,-12.718454979341107,-0.73874554732723841,,0.3908574434840451,0.8478260869565217,0,1
-0.98490961885999218,0.17106222074944286,0.026282300305199194,-0.17046421368261361,-0.98508272820296117,0.023536576849192404,0.029916459192757927,0.018701209278510909,0.99937744133079576,-8.3267248128498039,26.571864238727088,-6.7870188441261936,,0.1801764314377869,0.12,0,3
-0.008026483304834818,-0.98202388829094844,-0.18858594431103159,0.98641744409733334,-0.038717339997611962,0.15962955103611909,-0.16406157851928907,-0.18474320125362018,0.96899625801358136,4.4586748366865789,28.29011322717345,-6.0910594464123688,,0.1908570832643825,0.2352941176470588,0,2
-0.16561315176663752,-0.94223819149948052,-0.29113480458665275,0.97688664145993653,-0.19719493448287356,0.082502409367365928,-0.13514722971280591,-0.27074221742107929,0.95311797696133649,11.562900675648565,22.949214877590475,-4.6080792373519257,,0.403919526297675,0.3734939759036144,0,3
0.97993628980550551,0.18811396280347681,-0.06586353255477008,-0.1637299329164302,0.94821265635755136,0.27218608963453372,0.1136546391019851,-0.25594119504630208,0.95998787892809834,-12.914783273885579,8.7721836654661089,-4.4598110755527491,0.7797172670930972,0.7692761475847831,0.8134715025906736,1,4
-0.5832857780170384,0.81222831121332173,-0.0079291630462999738,-0.80687095640365758,-0.57825994655110891,0.12072569704481667,0.093471711631414045,0.076815393498083737,0.99265423710697465,-3.1896414244192699,-16.683015837482312,0.13664130991920334,,0.07490704109024289,0.3396226415094339,0,4
-0.030478099250343785,-0.99524425805973882,-0.092520010080027831,0.98806447470766967,-0.043982083659723829,0.14762848687705218,-0.15099562671397182,-0.086916299484454049,0.98470598535663723,-6.8718060606817781,11.169914219474819,-4.2402034428647619,0.3015812456075461,0.2489114424168105,0.8333333333333334,1,5
0.66568317339467931,0.74526579057862341,0.038010709706706503,-0.71959312677146803,0.62759544279832813,0.29716946694105523,0.1976148895261946,-0.22517295923797853,0.95406786648831232,-5.9095739199710646,20.780217452932657,-5.6230141704918033,0.4634043133921762,0.2517658502719329,0.1944444444444444,1,5
-0.24908679838549486,-0.96639163124138261,-0.0635844472861406,0.9574681802204833,-0.25559590215766437,0.13388584191573979,-0.14563808133637518,-0.027530889321448149,0.98895480149389547,-12.747189466839588,-11.510470458114895,-1.3667345218968041,0.3216032007690852,0.2523238405151506,0.8507462686567164,1,3
-0.14179158194953373,-0.96382928386629363,-0.22567290233884338,0.97888812932339253,-0.17042722664096524,0.11283878184923507,-0.14721812917571961,-0.20490893582578962,0.96764619074367497,19.25695799376826,15.977918365332274,-3.0438613397502996,,0.2976876725337854,0.3809523809523809,0,1
-0.6709502159018973,-0.73419761175326892,-0.10382521214519187,0.72939938818353078,-0.67869201949826408,0.085753572443716786,-0.13342541099314376,-0.018193668271257447,0.9908918458318986,-24.218727455911562,25.643719573505663,-7.9539369290182735,,0.2811846168184783,0.4,0,2
0.7696921244430085,0.63808468202118784,0.020541960479164501,-0.62619654102021494,0.74830489143490786,0.21890107690212135,0.12430577454296436,-0.18134973952148303,0.97553080237928091,-21.575447638430081,13.044558098717495,-6.0640481068249752,,0.06787460728600014,0.1304347826086956,0,1
-0.74522263675505795,0.66273973201732028,0.07361568632737947,-0.66375245740330757,-0.74783470722437673,0.013263708444558207,0.06384275181185968,-0.038978176923025153,0.99719847812000195,-9.7503899290486231,21.619208196499727,-6.1033793558910849,,0.07378343841457896,0.1818181818181818,0,2
-0.069490739888167327,0.99720056830365289,0.027605500261143046,-0.98848415377494336,-0.072559460692196903,0.13279383419381002,0.13442512713637519,-0.018059657774455493,0.9907591705129154,-14.994125876217675,10.93289166060177,-4.9668656688954522,,0.08091108945140071,0.1666666666666667,0,5
-0.88931449341000235,0.45690558250254987,0.018894985814164454,-0.45674493354660772,-0.88951211092384641,0.012339781169413993,0.022445433620598584,0.0023437571994130114,0.99974532222550294,6.5037881643536997,-7.4909275232744026,-0.4731134135683408,,0.727259167789544,0.3846153846153846,1,4
-0.2200342512464078,0.96787099064186,0.12169911155131365,-0.96686731570656126,-0.23293809142726848,0.10443868718349546,0.12943153439878222,-0.094686804973913657,0.98705718520611085,-24.267976993917948,11.383631826229028,-6.0796011831654484,,0.4447687554578134,0.631578947368421,0,1
-0.23194172590247622,-0.94503281817417917,-0.23046910499923715,0.95389061106902162,-0.26737748997019556,0.13638907570478784,-0.19051440339184059,-0.18820799778704086,0.96347392889960659,8.2885562468348102,20.083597923805847,-4.3868161236999068,0.4497743865526594,0.2216304400447444,0.2777777777777778,1,2
0.26243919434046931,0.96493657807391853,-0.0048030791084609555,-0.95331946652152266,0.26004363907568845,0.1534903922966942,0.14935750408012807,-0.035703026080008318,0.98813846696891894,-2.6413400106792975,-9.1490083572497003,-0.8893388224903177,,0.3020584437398044,0.8719068413391557,1,5
0.88769513081816753,0.46042514439764926,0.0024578706481490574,-0.44663517986860457,0.85978669762049942,0.24755575270750174,0.11186764869906966,-0.22085180778350524,0.96887053220402042,4.2518094850427612,13.540943892017079,-3.6888627788291375,,0.07986578415625592,0.2641509433962264,0,5
-0.65474155416091528,0.75335397322045849,0.061410815724096297,-0.75180934430589608,-0.65747864327184058,0.050045413933338001,0.078078211232638486,-0.01340241300548292,0.99685714536052894,1.2427331620500193,17.924081871799704,-4.5834391077958614,,0.0879532077844776,0.3421052631578947,0,5
0.045291635729957432,-0.98781818570627422,-0.1488754503632797,0.97600674915866192,0.011983880247165089,0.21741023943449,-0.21297768270324829,-0.15515030970702609,0.96465998572977429,-18.39913928079935,6.0380641357728235,-4.6417504478993701,0.3099441727664228,0.2871929193620265,0.6133333333333333,1,4
-0.05808445311883751,0.99830951040359495,-0.0020779180974508375,-0.98828381572421797,-0.057206604857580098,0.14150089730545315,0.14114282087114907,0.010272575061923176,0.98993594657337891,5.793437320947306,3.7074456531373299,-2.115627306061282,,0.1774525767992417,0.57,1,4
0.86102095658815392,0.50856881355959271,0.0008210911096118203,-0.49730609229096545,0.84161275863377449,0.21065283068389873,0.10644041942003001,-0.18178483539458865,0.97756059184802047,-10.835504337413147,8.7124193254234488,-4.2289521808218913,,0.1102497962857907,0.3537414965986395,0,5
-0.97625015586014185,-0.21085787914726678,-0.049745230772079541,0.20715671833216079,-0.97576005383790276,0.070557858414956584,-0.06341708943889407,0.058577061515339125,0.99626653091997919,-13.371842126597853,-13.772001112733509,-1.0737327207040122,,0.304995809498018,0.7115384615384616,0,4
-0.34468531196694518,-0.92650210991637671,-0.15094991233767641,0.9291314439641285,-0.3596483165415823,0.085836170965043201,-0.13381627536060009,-0.11066584264942993,0.98480773540793654,0.2055383681058584,-17.475023068930817,0.55525358001358016,,0.09433207296640692,0.1875,0,4
0.99395369800660194,0.10933786491245079,-0.010063673056478479,-0.093498945968221739,0.89088098683962258,0.4445098585976382,0.05756729385538803,-0.44088127493016471,0.89571742647674357,3.4091244179938314,25.510118463708089,-5.7198348153054397,,0.09394684407955106,0.6,0,1
0.82759448628476484,-0.55462886233170661,-0.086453405599167824,0.55990594442699415,0.80470046861505296,0.19738918208967554,-0.039908641499965133,-0.21176397446060694,0.9765056679068872,-16.042305263658598,3.3587076400316405,-3.9174160232460165,,0.1222322923744343,0.1904761904761905,0,2
0.84295864540093957,0.53795991825638234,-0.0044551648006103204,-0.52582387594366242,0.82563589738053833,0.20453512276432664,0.11371004191098635,-0.17007201799890687,0.97884908697019402,3.2788896544049217,-5.1449010270227928,-1.0549985743012369,,0.0698819024892814,0.3043478260869565,0,3
-0.20463487159122709,-0.96738617544757555,-0.1492935259204301,0.96752804371997514,-0.22302282360043366,0.11895505356514841,-0.14837133801458938,-0.12010332096241948,0.98161150072192904,-14.600957850781102,-37.286244633297173,2.4417779170510934,,0.1295117905972147,0.25,0,1
0.82181928109109115,0.56974204166493003,-0.0026599222543256368,-0.55787595203270524,0.80563370427002945,0.19932073822799529,0.1157043273630018,-0.1623217191371118,0.97993069557282853,-11.648329664198711,-16.63861032374847,-0.53563074576951286,0.5854601235135591,0.214096774377103,0.6341463414634146,1,5
0.48372873776895764,-0.87135936133901093,-0.08209367614695938,0.87028645655365111,0.4689392424989694,0.15065679667304299,-0.092779263824093142,-0.14432203661036591,0.98517163882893799,-6.5839649161124294,-11.945829157348701,-0.789234536303001,,0.08000945843526119,0.2359550561797753,0,5
0.21004467319407596,-0.95563654693956068,-0.20649461352836149,0.96898629185564022,0.17535614972185157,0.17411429278087501,-0.13017988115930385,-0.23666222957658697,0.96283133914159058,-21.986156218542778,4.4060717035775401,-4.6435418491946887,,0.3436913605144937,0.3703703703703703,0,1
-0.61651029752904762,-0.77880487570434331,-0.11566338495733189,0.77058058585525913,-0.62699054390058573,0.11440462648955227,-0.1616187295569779,-0.018596328626649752,0.98667804415523463,-5.8976630396313112,-18.505263540376184,0.23234292893204317,0.5421582675412269,0.6713460485776948,0.8530805687203792,1,5
0.89031966979864474,-0.44383372528779613,-0.10169813108798921,0.45496132896925834,0.85805623611302761,0.23822192344549453,-0.018468208146948741,-0.25836238109427212,0.965871526303131,-13.419764426862393,-28.983378751992117,1.1638935327987872,0.3206160658979268,0.2007710043210437,0.3170731707317073,1,3
0.70260720006230193,0.70132007203770241,0.1203880350269235,-0.69925638789654654,0.64913996505920291,0.29942913977903157,0.13184698102909451,-0.29456317203609866,0.94649295363121699,6.1606441106339052,16.690182858743711,-4.0395384447259497,,0.3170473604234568,0.103448275862069,0,1
-0.83441298521216356,0.55112326105972242,-0.0042569035957406515,-0.54961921784725576,-0.83151285344779524,0.080654137674871298,0.040910701317588387,0.069638535811744354,0.99673305796873224,19.237745689291419,14.12393951900774,-2.7629032238143556,,0.1355616647164987,0.1785714285714286,0,2
0.86921722625214404,-0.48716098085553672,-0.084472435257902628,0.49023556360371784,0.8269634760318848,0.27531890869936204,-0.064269010920303654,-0.28072333006206324,0.95763453686372046,-0.43656653826290415,39.620491020278251,-8.2750095836324444,,0.2606880139892825,0.48,0,2
0.78495484516890934,-0.60630845977653069,-0.1274203384443218,0.61710293257170257,0.74686436871363571,0.2477450006708268,-0.055044179140568333,-0.27310010316620986,0.96040953347691593,-7.3917800723321019,-12.537250920461934,-0.76210399671220175,0.3568435574593699,0.2714971974846708,0.66,1,7
0.99550309207669407,-0.086001832408858336,-0.039714965542718722,0.093754514523805094,0.95447372800058794,0.28317837764042814,0.013553031843329143,-0.28562840786409527,0.95824460757620511,18.202391110400033,23.128201762520547,-4.0925706098586732,0.5921003744130141,0.4601991886381843,0.6494845360824743,1,5
0.80320519558013492,0.59536720746822402,-0.019982543996356853,-0.57976760939666427,0.78898654596976892,0.20339554904955764,0.13686099841647584,-0.15178312999204738,0.97889271555276325,12.425316930213864,15.617143197467884,-3.4574112602009457,0.2916503553884735,0.1864034408306214,0.303030303030303,1,5
0.94675448413894292,-0.31330342514420528,-0.074141152915998668,0.32101332333413057,0.90099702044148544,0.29181298017316221,-0.024625048320378439,-0.30007554540227849,0.95359754301631061,-2.5723837067516593,-15.064405055735071,-0.013687267261433999,0.5562568117001468,0.2860420303541236,0.6394052044609665,1,5
-0.88302237049320453,0.46400136992599084,0.070528163986919315,-0.46847926583920935,-0.88045976036293516,-0.072923164086581949,0.0282607623272489,-0.097433767701177731,0.99484068585087337,-1.355980195591787,20.83516940798226,-5.2789087015250331,,0.1448373366735764,0.5,0,1
0.63565531544976761,0.77155225444740738,-0.025484085182350846,-0.75940787701549772,0.63090001454743361,0.15894919934011761,0.1387155228057512,-0.081684088421019235,0.98695780732083771,24.690140168682543,12.367720506024677,-2.2000755590942735,,0.2134848636635255,0.55,0,4
-0.10155625002291567,0.99443532049236527,0.02801287986853207,-0.9843857354302612,-0.10451973464249251,0.14163456128955806,0.1437743091192083,-0.013191604432696175,0.98952257660438681,4.431212433492183,-20.88239459185321,1.3106082895441149,,0.1398901881491957,0.2307692307692308,0,6
0.31593092519345872,0.94572571958910989,0.076095425710528825,-0.93727892503273358,0.29864379828663812,0.17977791420086703,0.1472951703074131,-0.12812004157270274,0.98075959732827511,2.8427651035286829,-5.8111416129836391,-0.99437259951647172,,0.08630025848800339,0.5238095238095238,0,6
0.7870111966938993,-0.6122719543631725,-0.075739224835877056,0.61479561854517673,0.76812085215324055,0.17893212094264932,-0.051378241465543616,-0.18738572621115704,0.98094182595922974,6.8811380848486881,-5.7044124181632858,-0.68055065694686456,,0.1952710248606076,0.4161073825503356,1,5
-0.77445145910953761,0.6322618566544792,-0.021676764125193485,-0.62993463377921843,-0.76753345774142223,0.11863704485926237,0.058372036529062983,0.10553357696642167,0.99270104738744092,9.8731992943153539,10.662656581508386,-2.8675301460641265,,0.0752905416937672,0.169811320754717,0,5
0.9962419545589235,0.077157556699978508,-0.039353264422488717,-0.067750142518443787,0.97725920555377588,0.20093372874939189,0.05396189549438829,-0.19751242139291708,0.97881405651439246,3.2639866045401909,-24.558030044281441,1.7845302283031876,,0.1092085656787338,0.2380952380952381,0,1
0.13710858949336358,-0.98642508228705172,-0.090370303319868006,0.9808073831610068,0.12242505969558984,0.15175302927912498,-0.13862940461532677,-0.10944250451043205,0.98427853089584638,-2.505158483003775,-3.3722610747870649,-1.7110967191327087,,0.07532520575109425,0.2857142857142857,0,5
0.65672434192036433,0.75392695497717954,-0.017529554703483954,-0.7420568596939735,0.65017818394013649,0.1631562015659386,0.13440519227464151,-0.094140722788516346,0.98644450862806921,-2.7598427321031966,-11.706148830737844,-0.53450730287752224,,0.07174301513431573,0.2427184466019418,0,5
-0.0081327336732304207,-0.96661473992535374,-0.25610506282001105,0.99346099409449273,-0.036978020391503545,0.10801795786214667,-0.11388200848151235,-0.25355190901858143,0.96059477282423855,-15.704710283100658,5.9845737631384397,-4.2795793010249348,0.6028798759522049,0.5783894792810732,0.6174496644295302,1,3
-0.18974128925269257,0.96623127759228788,0.17434265500760543,-0.97077566067051557,-0.2111984674213786,0.11397290909942176,0.14694509111382439,-0.14762223938565572,0.97806687636189493,-5.0777583703844895,-27.644184146066166,1.6685112841606693,,0.4836893893338688,0.3636363636363636,0,3
-0.22090654316340119,-0.9696498541195796,-0.10478291651540646,0.96392566478026709,-0.23342447388023835,0.12790749693295506,-0.14848438290108612,-0.072747339467585992,0.98623537385092375,-8.1617050325003291,-12.246519533929892,-0.8762357941442348,,0.07547614828583751,0.2333333333333333,0,2
-0.84813422214134915,-0.52252244810130855,-0.087399270379699953,0.51776896839030717,-0.85247739117756904,0.072094333363470861,-0.11217680956742224,0.015893041285463719,0.99356115797366651,-20.838090655600787,21.671951815436294,-7.1938667075000629,,0.6556889660733077,0.527027027027027,0,1
0.94311256477760663,-0.3234957657182852,-0.076740991138666101,0.33023497332393537,0.8847266648652683,0.32894314230595972,-0.038516912549478158,-0.33557296976770873,0.94122644959060542,-0.46042170981929753,-16.48318894092435,0.36075315033164673,,0.2950693922039326,0.52,1,5
0.99470569507944984,-0.09497443514620528,-0.039248399268864365,0.10037282977751916,0.97982484757724875,0.17282523864492352,0.022042577411956296,-0.17584972203242427,0.98417020887758921,-9.2223441577358258,-9.4730667935265949,-1.3677714714259472,,0.07114226286356337,0.3396226415094339,0,2
-0.34566731341473472,0.93828149359563318,-0.011914160171323724,-0.93082953330856744,-0.34126166931229007,0.1307549348160314,0.11861908934566566,0.056287759185613094,0.99134312919829537,-0.60381108901484126,-2.8043195403815853,-1.6303760991209035,0.5210906415582388,0.4047946371500243,0.9371095376926281,1,5
0.44246774260037303,-0.88165545586842553,-0.16403034443531936,0.88979702901883229,0.40882526569846933,0.20278843476844491,-0.11172978075423685,-0.23568105410493972,0.96538639768156853,-6.7790411426953634,27.298476986803607,-6.7954105936155047,0.6055863416325681,0.2250285365605588,0.3888888888888889,1,5
-0.46151966936372996,0.88043809298965747,0.10875826039032634,-0.87951978310171008,-0.47013266178914742,0.073622221182015293,0.11595061846801757,-0.061676938411272038,0.9913381912067637,-1.6432923020723682,18.74209949068031,-4.9389433440470363,,0.3036935370360968,0.5263157894736842,0,4
0.3353949050431605,-0.93033058766001941,-0.14830797461786735,0.93479586066890574,0.30911705425559388,0.17493811947264495,-0.11690575925663581,-0.19731103474592829,0.97334546745753248,-16.812463219917934,16.901662700921946,-6.1729813567854936,0.3704868962173822,0.3092379287969996,0.5480769230769231,1,5
-0.36154766941740563,-0.89654545986025369,-0.25590920488096919,0.91379318563764389,-0.39523545340337413,0.093653351543001126,-0.18510887774780069,-0.1999879365786762,0.96215358888378855,-12.667371790750995,-15.461670154989456,-0.77808771519497322,,0.1911598989218245,0.2857142857142857,0,2
-0.98673897621747675,0.15875798106689878,-0.033794914718755377,-0.16100158283351707,-0.98373875538855293,0.079602458955003647,-0.020607841672233652,0.083987883615097361,0.99625365859677972,-9.8008841111240947,33.402515750075786,-7.9902798245073461,,0.1088892909700069,0.3529411764705883,0,1
0.81153665512057671,0.58425121795553192,-0.007666271139603777,-0.57268592575135979,0.79793842100617185,0.18794974522059799,0.11592707984770678,-0.14813774198244359,0.98214872680176546,-6.5118821197760335,-9.4854121153047419,-1.1387368212740396,,0.06662561204167912,0.1666666666666667,0,3
-0.79170492640562917,-0.57980623584276447,-0.19242670912038429,0.59919457427956402,-0.79837699656803851,-0.059666016331992582,-0.11903432974981852,-0.16253891912044349,0.97949575196228844,4.7303609830746884,12.134508369286216,-3.4343782425322567,,0.31584665862504,0.328125,0,3
-0.21970004011643585,-0.97298497486484214,-0.070937515181315872,0.96418844605807585,-0.22763622098607822,0.13609699255784732,-0.14856827676509499,-0.038496617805208785,0.98815255783538303,10.79701027420745,15.566651016868676,-3.5191445384271094,,0.07456247403117963,0.1923076923076923,0,2
-0.98250089436764987,0.18554616558616305,0.016266929736140183,-0.18622868202350457,-0.98013933120419616,-0.068159881296695368,0.0032970530109162318,-0.069996513219326331,0.99754178738465893,-23.762853709591258,11.038371483744267,-6.0414582899545737,0.4847685921887082,0.3467720115301747,0.3076923076923077,1,5
-0.97701487967531186,0.21239942549758989,-0.018122056763244458,-0.21278367025916831,-0.97683186509995501,0.022860817928967297,-0.012846577912969679,0.026191437028877357,0.99957439646195878,-11.156438970308319,-17.354353210404156,-0.39074366341638328,0.1640410491514454,0.1485830823966781,0.5283018867924528,1,4
0.35422537862661452,0.93167172709391533,0.080698042545475066,-0.92378493727409239,0.33519290239882771,0.1851137700090133,0.14541585471444149,-0.14011963144145653,0.97939814073867715,12.187490094072526,10.466031590050937,-2.6603520094416124,,0.1068406429890321,0.5,0,4
0.99059487606207941,-0.11458796284983669,-0.07477559955947323,0.13313912101701775,0.9332576744626222,0.33362267235821275,0.031555759765376112,-0.34044046737505218,0.93973641102124328,-6.7312777658753475,-15.59055867895589,-0.29024385526258428,,0.1253970396119298,0.4117647058823529,0,4
-0.18668121989511441,-0.97653481318601831,-0.10737728239353896,0.97121208998556441,-0.19990882203471244,0.12955129925464806,-0.14797701985222461,-0.080101320266544318,0.98574163962329031,0.23330761757994431,-5.6147503610132423,-1.1929886618784191,,0.08268754677292216,0.3429752066115703,0,2
0.81159440160760599,0.5841731074051465,-0.0075038565955451225,-0.57210251844759286,0.79729610077223478,0.19239967796052015,0.11837751334232875,-0.15185752624748358,0.98128795776616007,-10.510420934866248,16.255407303454376,-5.3590715568632161,,0.0737963706080368,0.2142857142857143,0,1
-0.97840465585804015,0.17978434408553137,-0.10198979859302303,-0.17411617529060275,-0.98276721045184023,-0.062065832491641902,-0.11139069484244259,-0.042967425829851622,0.99284737670000134,-3.1021073639279382,-18.271313431587348,0.41898496347193387,,0.1184911490875922,0.1818181818181818,0,2
0.96671401120896994,0.25309502830990055,-0.03750902794094662,-0.24166051426092269,0.95135912889485263,0.19109161079329018,0.084048892791103932,-0.17566648659672834,0.98085527429246755,1.2393463513189358,-11.631843173507381,-0.21851224102471281,,0.105458669471954,0.3796296296296297,1,5
0.5549287102622914,0.83121100534404158,0.033799276938691232,-0.81958785969795278,0.53930208877075081,0.19346575222306178,0.14258284175299513,-0.13506117740658799,0.98052466139061878,-7.0200628436022825,14.369153696878255,-4.7294013136098112,,0.07526080844271371,0.288135593220339,0,2
0.94429759713342176,0.32897278355874465,-0.0088857034418566589,-0.31722709173836056,0.91710338720374396,0.24142980231661748,0.08757294282634985,-0.22516279634306929,0.97037760424883157,-6.0055366003361499,-34.512944134672857,2.6208592175620642,,0.2139439889761313,0.3333333333333333,0,1
-0.54668112721446604,0.81470803904174649,0.19336637832951256,-0.83187679201122411,-0.55477223277331289,-0.014448967327359698,0.095502607611701457,-0.16875598023318969,0.98102021950360419,23.313646806967299,6.7756677103503433,-1.4537307009964779,,0.4663394310352572,0.15625,0,1
-0.98856770011718231,-0.11509139745748413,-0.097405710901919768,0.1224194493434573,-0.98979594705963603,-0.072920927083813689,-0.088019206469211408,-0.084011626669179482,0.99256972847096669,-3.8908318226722094,21.321649392050713,-5.5623499341654279,,0.182502233615935,0.2558139534883721,0,4
-0.99636831196704767,-0.053997976367023998,-0.065836201714581627,0.058822378950381254,-0.99554508400786657,-0.073687946384657171,-0.06156390697928877,-0.077292976757508056,0.9951058642684254,-8.9358708293358102,35.803832711433934,-8.2938994590597943,,0.3482792593579652,0.2,0,2
0.96775127635370051,-0.24341857643557979,-0.064844920864006853,0.25186141996297567,0.93003549474189195,0.26758139631603323,-0.0048262045146380732,-0.27528417165954211,0.96135078539714269,4.4356249931760798,15.409431595845302,-3.9277506266976285,,0.08494991680242825,0.2142857142857143,0,3
-0.99759213654111911,0.060929576952120083,-0.033128775464252726,-0.064003992949176372,-0.99278219681939661,0.10142484195213231,-0.0267098857707583,0.10330099869260188,0.99429144905868749,-2.3805214247325854,26.148949811384025,-6.2462656915877837,,0.1237260552875244,0.2682926829268293,1,4
0.45882379311345739,-0.88433446875780475,-0.086216438338823365,0.88390954409173739,0.44440558797734225,0.14562826387089586,-0.090469026393112981,-0.14302524511905459,0.98557553466089964,12.148110344270044,11.71709029749273,-2.860542608460118,,0.08458132906805786,0.5263157894736842,0,2
0.45830829160955749,0.88849654308079984,0.022965251476931296,-0.87662934428023087,0.44762479042258257,0.17650223722648048,0.14654181174239175,-0.10102445215198595,0.98403229493683286,24.903583087649061,16.5829080808352,-2.7641861856211327,,0.1560722482258259,0.3333333333333333,0,1
-0.12403325719685426,-0.97717372200389763,-0.17247396364143608,0.98149389988725078,-0.14637408034842436,0.12346802454995341,-0.14589542691000945,-0.15396800195885313,0.97724530123175535,-19.014728652143187,19.425393759417211,-6.7583600435074267,,0.112916527445147,0.1875,0,2
0.99660467795832175,-0.063370478193353647,-0.052567084426809421,0.075097587217536468,0.96137416307477797,0.26480194668161872,0.033756010808359972,-0.26785052000288523,0.96286895820173268,19.045682980441981,3.3798872403942584,-1.191232851370962,,0.1032759562949023,0.2857142857142857,0,3
0.27074914478451423,-0.95728150832993619,-0.10152346727735974,0.95377730990667231,0.25247199381719826,0.16299305336474004,-0.13039840376955,-0.1409610093165182,0.98138995824637565,20.74624508407199,19.237439092719345,-3.4191636264534937,0.5619539713395716,0.3550863517898231,0.5526315789473685,1,4
-0.87216360971021467,0.48848671066756066,-0.026671546607472084,-0.48824216762471995,-0.86570064074966357,0.11037203612662116,0.030825697889301257,0.10928464716879611,0.99353240623687189,-6.0415982357338045,25.995937615357782,-6.5227453791451744,0.2437231263480123,0.1474036793811014,0.4736842105263158,1,5
0.0021584087089803411,0.99841047641541447,0.056319284936778409,-0.99272098270586617,-0.0046425614593167608,0.12034740179412197,0.12041757250229042,-0.05616909476786603,0.99113300874585653,-2.128661685393495,-13.120519962164069,-0.24983707849684617,,0.15341096947396,0.3058823529411765,1,6
-0.058864242197640033,-0.98582846292739579,-0.15708991906772429,0.9856016902436221,-0.082379729099248483,0.14765801171100951,-0.15850649570100209,-0.14613631278960404,0.97648341967738816,-4.3798264396725131,19.633418885407384,-5.284724815510832,,0.2981676544583057,0.4166666666666667,0,5
0.67714851773596907,-0.73325942125147014,-0.061648244694709607,0.73194414585097545,0.66257302316825051,0.1589174512889352,-0.075681254498493528,-0.15273378838896173,0.98536528130530876,-12.598840299180488,17.730178137243161,-5.8043727535132419,0.3689482392131501,0.3447741432835832,0.8291139240506329,1,5
0.60788635402015545,-0.7885181557054487,-0.093345051925415368,0.78870872490823352,0.58605033793120531,0.18569746542251772,-0.091720923729044529,-0.18650501208706557,0.97816315235071749,-15.233252760100205,16.90098186081698,-5.9668489443573218,0.5510824081565553,0.5819018182164367,0.8617511520737328,1,5
-0.8252646257016687,0.5639880612939876,-0.029253449084427723,-0.56310236566922323,-0.81780840134749921,0.11876508099257568,0.043058371348789863,0.11448530649519172,0.99249135575756675,-16.16079767019497,32.435549474568703,-8.3140892719005652,,0.1418278539036145,0.5806451612903226,0,2
-0.74074614382722548,-0.6430915579312948,-0.19423799453916407,0.66034499714331052,-0.7501641126758386,-0.034616308310881957,-0.12344891717993123,-0.15390598484390672,0.98034346668722738,8.8862152584799077,8.9761747889429877,-2.6831463844565611,,0.1108877347228598,0.5416666666666666,0,2
-0.9149923692842119,-0.36580170586841959,-0.17022948080581995,0.39164111380476085,-0.90666062993135721,-0.1567920282101142,-0.096985576914463467,-0.21013237284204689,0.97285054543559779,-9.031241099735233,20.39331067726787,-5.8787662568382411,,0.468149552467977,0.3409090909090909,0,1
-0.069953871107088922,0.99406616935521996,0.083300101203864885,-0.99075282885804428,-0.078966240328896195,0.11033206695292187,0.11625527096402036,-0.074811655721287063,0.99039786355854187,1.6272960420410199,-23.710426438498871,1.568907170884724,,0.1676607967253844,0.2,0,4
-0.075625170396757146,-0.99306294910900006,-0.090037840430543664,0.98777937979040642,-0.08695058368216492,0.12935027196805571,-0.13628180532756612,-0.07915538581969897,0.98750275667078169,7.332733062688539,16.897495473652263,-4.0001172068428206,,0.08989570059001632,0.3870967741935484,0,2
0.9692351985756178,0.24362929418186624,-0.035041359256306061,-0.23407777424035295,0.95637643040402487,0.17479050024054088,0.076096816285349297,-0.16121070182869945,0.98398190235752447,19.913385002267123,2.9914889917511571,-1.1068561677984854,,0.09092410475849637,0.25,0,4
0.78618185117625816,0.61798646323754658,-0.0032906133502173629,-0.60548970250396583,0.77132780185253802,0.19605010137970183,0.12369445033117416,-0.15213859912750838,0.98058835890132234,-7.838150840017299,15.435838888725371,-4.9495179293483922,,0.1208247036310692,0.484375,0,4
0.61553790497783456,-0.73401024843238027,-0.2869530322748563,0.78335137474630046,0.52988675778148375,0.32493175839075744,-0.086450628792280979,-0.42479286614073869,0.90115332194768971,-8.7250971675317128,-5.9866343787883736,-1.8327136542333287,,0.1100065169723444,0.2702702702702703,0,2
-0.0056976638337241621,0.9994500428066867,0.032667239867328036,-0.99115455031272359,-0.0099758434487670598,0.13233722054610364,0.13259032401054105,-0.031624270445298294,0.9906662967405232,-1.7104819733305701,16.161229590657427,-4.5072343988530461,,0.0933843775896295,0.3636363636363636,0,5
-0.94563202366481347,0.32453485776559676,-0.021382280389502122,-0.32502055104289013,-0.94054755445418203,0.098650591534136453,0.011904504163023112,0.10023683906290583,0.99489238557509896,-1.020976766185036,-17.936634948196229,0.50363308592860812,,0.1098565134606219,0.3076923076923077,0,5
0.86785969066784074,-0.48906560317858638,-0.087375014171591367,0.49572176447403954,0.84083105419353732,0.21740071419047871,-0.032855586140947517,-0.23198701276440195,0.97216384234756659,-23.57845953942677,12.229199805775867,-6.1396797370158138,,0.09680393165696166,0.25,0,1
0.66602326237969667,-0.72641460036617955,-0.16951354619601677,0.74144235710384465,0.61980189278583731,0.25711640319393836,-0.081708292488583592,-0.29693002891916648,0.95139703219248206,9.2234318885996061,7.1651252743609328,-2.3725857652128606,,0.2904735604313725,0.1224489795918367,0,5
0.098992569975419345,-0.99061299436927186,-0.09426752609678378,0.98582642514589469,0.084735237500572824,0.14479709599915441,-0.13545010363129475,-0.10726525491727347,0.9849606258697885,3.1852565867519105,13.912860143411812,-3.8085450666139349,0.1543706128339032,0.1597777632811898,0.5350877192982456,1,5
0.99636310812054496,0.077242662400041254,-0.03597398896038468,-0.066462331550887876,0.9686982315630136,0.23917879222772057,0.053322746189487444,-0.23591800963903647,0.97030890826930383,4.0914300680897044,-5.2623295347355743,-0.96757276132522785,,0.07367044630697403,0.1794871794871795,0,5
-0.98125477134198569,0.18989089537941667,-0.032871287936301619,-0.18955550268046301,-0.98178309426621568,-0.013063966343059223,-0.034753203048707992,-0.0065881457982579356,0.99937420979971081,-9.2747079428697798,5.5839091520721942,-3.5982122279892428,0.5176518908449941,0.2052499778302894,0.2834008097165992,1,2
-0.34168673012130973,0.93977832038431386,0.0081784469579630585,-0.93188289946190184,-0.33991859278962416,0.12668706313747907,0.12183776159091708,0.03566593348783522,0.99190901852889468,-5.3131191598498742,-19.592281189469535,0.42029617075411529,,0.07891069970815502,0.2666666666666667,0,3
0.11860291597380666,-0.97956214707100264,-0.16245414229301339,0.98332179013093668,0.093152011408876662,0.15620806581022667,-0.13788257821857602,-0.17827143011747282,0.9742729041842797,7.3674956395795688,11.795183662446886,-3.1780661955026712,,0.09169428677882112,0.2857142857142857,0,5
0.64174615029251969,-0.76391128677100562,-0.067833800782480594,0.76266438125976355,0.62638434006324184,0.16120080670145298,-0.080653085138715594,-0.1551844208269747,0.98458766770166473,-10.751149398580663,11.900876311652587,-4.6871822930670284,0.1593412566972923,0.1120006786445289,0.3333333333333333,1,5
-0.19148545598688982,0.95453176394812589,0.22847851487519005,-0.97264239683740972,-0.21574078761494092,0.086154979157701178,0.13152979898058004,-0.20573046486450319,0.96972928583536333,-21.220699546180708,5.5786669199744043,-4.8139095591316039,,0.2652932433032884,0.2307692307692308,0,1
-0.91281813843851467,0.40635696920866698,0.040460594572877394,-0.40576844867893308,-0.91370631570421179,0.022197628227517929,0.045989261728540572,0.0038447649839294276,0.99893453518630648,16.83995166935123,11.400499605951403,-2.4997828339415102,,0.2336138385122576,0.1111111111111111,0,5
-0.82632001264225052,0.56298748896541251,-0.015502386117339674,-0.56152264944748886,-0.82142222387709207,0.099788998783862715,0.043445953371792946,0.091162587662005495,0.99488784882839132,2.0465359374198511,-16.435940085754424,0.5372496050322918,,0.1292407739222302,0.6559139784946236,1,5
0.82492628133900459,0.56514965552186236,-0.010124091056610354,-0.55334315585487204,0.81108918495122084,0.18959347542501587,0.11536022808911844,-0.15079854415306937,0.98181047909285546,19.767148082241906,6.6115026873247222,-1.6607105956395147,,0.1046404146518671,0.225,0,5
-0.75284487113522169,0.65815760428485592,-0.0072916340699138273,-0.65647436802942427,-0.75002611295756849,0.080636430985799853,0.047602564277128723,0.065493494362257265,0.99671690969425308,-1.5202382414570044,27.781300116194231,-6.4918160647855743,,0.1769573592604291,0.4285714285714285,0,2
-0.039384225647031069,-0.99644573561869865,-0.074463271063619843,0.98852780057479805,-0.049728935358916024,0.14261774251060494,-0.14581382054159411,-0.067992124215817296,0.98697284703465105,5.3966892425333759,-10.489136607490373,-0.10772719138779682,0.1093548057525696,0.1162021862612391,0.4520547945205479,1,5
0.76034502750708255,0.64902493355099278,-0.025339194430412496,-0.63777209106051169,0.75341107752914882,0.16005782742705341,0.12297235058969738,-0.10553854218007379,0.98678235548926818,0.71718577717248577,-9.8521334864669381,-0.56774164147067974,,0.07365209897204293,0.2201834862385321,0,5
