axis_00,axis_01,axis_02,axis_10,axis_11,axis_12,axis_20,axis_21,axis_22,location_x,location_y,location_z,dbh,dbh_approximation,score,reconstructed,number_clusters
-0.93796329078339635,0.3396646983843426,0.069661738524493089,-0.3466614147528369,-0.9227713874230079,-0.16828199569466254,0.0071224057974024965,-0.181991371292406,0.98327433207155679,-7.3742553208565296,-22.113593353422893,-0.81259978802111199,,0.2419789802212449,0.3125,0,1
0.74440594922550529,0.65695261987015496,0.11946982047117384,-0.66708197756970322,0.72382165491379291,0.17630611753297779,0.029349922646726392,-0.21093948687620781,0.97705839892865831,-4.138703747869374,-14.041922791161292,-1.1488964667752126,,0.5495098023343172,0.4636363636363636,0,3
0.99989698215982115,-0.013895141667207771,0.0035986255337013828,0.013544637286448866,0.9963873452354769,0.083837945200123498,-0.0047505650676646378,-0.083780566318500158,0.99647290421711443,-2.4932287467219005,11.104424487076134,-0.78975587701449557,0.1949925831375238,0.2400165694422594,0.28,1,6
-0.58451626128898004,-0.80916622311155206,-0.0599229811019008,0.81133800749667895,-0.58365742452123348,-0.03278183021979976,-0.00844854307393046,-0.067779304928764772,0.99766456684764615,10.381830182350265,-15.318593073962484,-1.1967157386841203,0.4312923478836238,0.3802239949335593,0.6470588235294118,1,5
-0.65272400631989624,-0.75734953905587277,-0.019314431536056411,0.75758230403109117,-0.65265232106873483,-0.010677098039091868,-0.0045193132937698111,-0.021601469752082717,0.99975644649679662,-5.1893546954921135,11.553916554935855,-0.69063932464441236,0.3365710617122412,0.1316694345091739,0.2941176470588235,1,5
0.080171101083425012,-0.99487864820936001,-0.061555421273748273,0.99631591460762725,0.078094262782565121,0.035438459616855468,-0.03044984155359556,-0.064169786173596061,0.99747433334988445,-23.453826634330525,5.6430603867647422,0.0064798468582294155,,0.1268546076146475,0.4705882352941176,0,2
0.96816276493711428,-0.24994864967196775,-0.013657712710478441,0.2502844505062129,0.96563863691181673,0.069997976669983308,-0.0043074846633526292,-0.07118774775372845,0.99745363308056911,5.6409414950250314,-22.244354953605026,-1.066459540891366,0.2299990326853235,0.1736440155153255,0.5185185185185185,1,5
-0.61565339196808577,0.78723302550976892,0.0351434845302512,-0.78777619379986175,-0.61595544502672539,-0.0027492224598528116,0.01948254193875136,-0.029377768612788801,0.99937849550154911,-4.9513665164041782,8.2627622165666548,-0.74926431039023134,,0.0747342786947847,0.2916666666666667,0,5
0.79516843673621429,-0.59983941728786561,-0.088880991703730511,0.60618948274957374,0.78256594166006788,0.14186210895617987,-0.015539247803192109,-0.1666829937979416,0.98588808257137661,-20.863624135098188,-4.2482673916538829,-0.11522305600957752,,0.07249242230823742,0.2142857142857143,0,2
0.04786576861928056,0.99110437717227873,0.12418124554228957,-0.99823485466050066,0.043089066720661123,0.040871839572881291,0.03515740512913932,-0.12591840961150721,0.99141742519762754,-1.3796566848251581,-7.9651045681247448,-1.2007878249298993,,0.461103963394822,0.5726495726495726,0,5
0.7398928058861991,-0.66977321033164317,-0.062948252715165812,0.67250870993129153,0.73403850063659282,0.094443182124139421,-0.017049072244487269,-0.11221107924455589,0.99353812349117965,14.712293610666231,-19.393475414377601,-1.1576921053000757,,0.2046014415717136,0.25,0,1
0.17799445026079164,-0.96707961064594627,-0.18186534125347426,0.98402494125021067,0.17560130669060131,0.029310340940903169,0.0035903584608136061,-0.18417710976513196,0.98288651509962432,5.8763258155321063,-19.676159348603633,-1.1302774636499129,,0.1784303111469395,0.16,0,5
0.054426698393855708,0.98718097947479755,0.15003815603080645,-0.99814067858577926,0.049659249994495454,0.035343240404713448,0.027439392381491328,-0.15168280276011692,0.98804828176186343,-17.912415770917715,-5.4903808081229295,-0.24688860392085205,,0.07872945922051884,0.3870967741935484,0,2
0.22359501897042774,0.97186433828271124,0.07406062021021384,-0.97444523011090545,0.22121920487224792,0.038968665743062181,0.021488625030892258,-0.080881217658970425,0.9964920810645127,-8.3454748020876881,15.66197115985525,-0.50068008934600705,0.1240792068864913,0.1256615762374454,0.1153846153846154,1,4
0.73698601965603561,0.67560655254117885,0.020183978670604456,-0.67555694111141562,0.73531243703488269,0.054207372727403599,0.021781325665333633,-0.053585502752551972,0.99832568220346574,-0.8383392018399981,5.700188616163417,-0.92820392449051092,,0.06751127891759505,0.2280701754385965,0,5
0.21866097927773231,0.96904128234287035,0.11465761752534981,-0.97537548647550298,0.21358239854439853,0.05500199464290921,0.028810354457729961,-0.12386101948275717,0.99188124860222693,-15.639968820927255,-7.3032255073386452,-0.36062582302154861,,0.2530925131795782,0.3928571428571428,0,2
0.95302580763144418,0.2913913720540352,0.082661225982321271,-0.30285459227753536,0.920864014767237,0.24553729297842666,-0.0045722997322448188,-0.25903770883644062,0.96585638656889627,5.7718354495458373,-10.383313529489914,-1.276525855201754,,0.1962407698037868,0.3809523809523809,0,5
-0.31934383015631451,-0.94130131854528687,-0.10941364561150729,0.94689553781611746,-0.32153167423134349,0.0024945801082637054,-0.037528104202348291,-0.10280666403932551,0.99399317463656855,0.20876757967136467,-13.691765212024507,-1.2664311184594641,0.7731358924313046,0.7338782513092379,0.8017241379310345,1,5
-0.1151077605071768,-0.97287574439104207,-0.20065639647566441,0.99334031203862405,-0.11171207609304713,-0.028203484429964735,0.0050227432775770391,-0.20256652741891448,0.97925562240888353,4.4096472331541188,-4.2456917079816163,-1.2584726918404179,0.3900252261417038,0.3726431190573587,0.8928571428571429,1,5
0.96373128740316216,0.25957925697838047,0.061972695816758308,-0.26666695647951338,0.92750109839329098,0.26197413383995177,0.010523307569292881,-0.26899873945019037,0.963083038046051,-21.333168053826778,-5.3031648420856756,-0.1047048097805133,,0.680512526590046,0.6911764705882353,0,1
-0.85448632565887583,0.51418894539294813,0.07391107966795174,-0.51917108698929859,-0.85015736182111212,-0.08771455167597679,0.017734195677970157,-0.11332338054018407,0.993399874031903,-3.0225852532705191,-31.843729320501083,-0.62283058890637399,0.6438252713819662,0.5430322941617779,0.5789473684210527,1,3
-0.097365119547165979,-0.97187000120238354,-0.21444984089163155,0.99504391115266644,-0.099429660121350835,-0.0011651464106022084,-0.02019030394945975,-0.21350045304643409,0.97673430787261517,-18.281529985106118,4.0151026917325359,-0.17308022075371909,0.6765399637120141,0.4444031661181514,0.4444444444444444,1,3
0.81867740375916032,-0.56921394128168956,-0.075913092577804597,0.5742536727393277,0.8114540415745839,0.10851293820400791,-0.00016709145447466939,-0.13243046274494025,0.9911922843815959,-13.166112305365022,9.6160036341956463,-0.35080733125850183,,0.1235427913824704,0.2692307692307692,1,7
0.5793642779280348,0.80415812354483407,0.13291631125553155,-0.81461974029168793,0.56588193595673708,0.12717041041436378,0.027050179075732837,-0.18195424395904,0.98293486097363747,6.9560011816041358,-7.8295976934073561,-1.2820039913717955,0.2728350980652774,0.1635066000837582,0.175,1,3
0.99899974307068795,-0.044686227567340496,0.0016292361704300653,0.04421453458994206,0.99258332370981073,0.11324054231669672,-0.0066774452969666758,-0.11305523676055274,0.99356626611682064,-19.676264506364227,-4.5936183435187878,-0.17505942954077186,,0.08694544367738041,0.2894736842105263,0,2
0.45498502852082784,0.88925355786514426,0.047082200947747142,-0.89045567464458264,0.45380443478932952,0.033914988704084464,0.0087929127803332736,-0.05735542511148941,0.99831510050440342,-4.2559940102574503,-10.50766584412705,-1.1388741263422215,0.2578091696905123,0.1615120591614585,0.7009803921568627,1,5
-0.0020626825828523195,0.9893571107800524,0.14549313622817117,-0.99999683743563306,-0.0022500841924837302,0.001123494485301773,0.0014389090638973832,-0.14549035868425608,0.98935862308398137,-12.05109208096753,13.949241638072134,-0.33469781639389912,,0.1985088078203371,0.125,0,5
-0.76849967964414734,0.61887123948500167,0.16250117330388875,-0.63964953792621071,-0.74942909820245351,-0.17089322806431659,0.016022203894217244,-0.23527519143708095,0.97179672425699004,-16.604034928042026,9.3246275680842636,-0.16791403926768483,,0.4104179381996074,0.1538461538461539,0,1
-0.8971551055652639,0.43758700434669973,0.060252221411861401,-0.44160138371434138,-0.89164208885382323,-0.099812841287943335,0.010046614343231409,-0.11615506450979442,0.99318027896699901,-13.47921832834464,1.3283627810027359,-0.41922360389177882,,0.08497037314092939,0.2333333333333333,0,5
0.6040967106367312,-0.78607810440398573,-0.13095181546858856,0.79653949404492064,0.59058995116684732,0.12933809959715806,-0.024331021855744182,-0.18244101336426224,0.98291570239674042,-18.642228302152354,6.768972740044001,-0.15402836956860383,,0.4485453404528397,0.1071428571428571,0,4
-0.37749034758332245,-0.90350672636254492,-0.20292026241620348,0.92597196853444019,-0.37037476314860723,-0.073474133619035195,-0.0087721701919958959,-0.21563425108329001,0.9764348000710914,-6.973478820391966,16.488107074364692,-0.54291283699194803,,0.3858846843965809,0.1,0,4
-0.63291806456241029,-0.77189720746855017,-0.059911807290601339,0.77384481039925668,-0.63312030308924416,-0.0179691745587202,-0.024061025928058876,-0.057735456336961498,0.9980419250276269,-7.2785576573488786,-14.553456287745545,-0.98603412043447058,,0.6466872910004957,0.4074074074074074,0,1
0.26698038786438349,0.9517534744684496,0.15128382707023544,-0.96210896431581061,0.25421198933570877,0.098603272061015865,0.055387844144185766,-0.17187666599982374,0.9835601651174386,12.218043411963523,4.248462651811491,-1.3190330971470556,,0.4471078687060261,0.3181818181818182,0,5
-0.78874699491479883,0.58823409769035051,0.17849040402019964,-0.61452897295381637,-0.76173294810019798,-0.20522440687917556,0.015242027857292914,-0.27155765887376659,0.96230146965168706,-6.591375399040575,-15.068383382201837,-1.0113117651574499,,0.4901038981265118,0.1666666666666667,0,1
0.90593774099572533,0.42271347086773015,0.02429261176817105,-0.42295818045447686,0.90082585989936792,0.098077253852273019,0.019575163503805587,-0.099126644669945141,0.99488226503957633,0.68424254558625963,-17.263022777194564,-1.2243831062610291,0.1981429624425945,0.152517965934424,0.4375,1,5
-0.88048333357468633,0.45212468477566636,0.14259161515920682,-0.47400461264317112,-0.84484330397406104,-0.24811170654201106,0.008290144160642823,-0.28604730578471815,0.95817963470483913,2.9172468969580296,-8.7615688569483385,-1.2716272615306869,,0.2397631379776739,0.2608695652173913,0,2
-0.60766365140375422,0.77728772441108118,0.16299901914582365,-0.79418894087393299,-0.59395641823256062,-0.128373281620003,-0.0029686623583209128,-0.20745979543080495,0.97823904048223886,5.550474587713782,3.363127418061242,-1.1980309600094456,0.8206290095956782,0.6091863960525702,0.625,1,2
0.72509236496328333,0.68841639468564464,0.017998049893547204,-0.68834082879950154,0.72373244364991018,0.048971965614465256,0.020687331378589639,-0.047897990944792274,0.99863798084385103,4.145970551885382,-9.2255544128333291,-1.2768350135246964,0.1695115881215213,0.1073780099814287,0.3584905660377358,1,5
0.36386600140981901,0.89282171993444071,0.26546357458479303,-0.93103759521027651,0.34012731574226979,0.1322210474584998,0.027758409952557642,-0.29526731193829181,0.95501135342865962,10.540726254440298,-9.0273088387647906,-1.2885182723267852,,0.3708289912055828,0.3333333333333333,0,1
0.52905702189818327,0.83956384330423195,0.12341483134718195,-0.84858611358964042,0.52334188199198495,0.077555672751374177,0.00052478858223140273,-0.1457594853493781,0.98931991642118922,-8.5805465846823008,8.1664715139919171,-0.58932706132079993,,0.380110862557363,0.2307692307692308,0,2
-0.57563822905090811,-0.81691951323814671,-0.03582091771416536,0.81665420668809763,-0.57656655460314166,0.025434520079955704,-0.041431098872342219,-0.014612221043115853,0.99903450743326105,9.1702153283692276,-6.0395790444730029,-1.3175171160742865,,0.07896870608154731,0.4166666666666667,0,5
0.35888129434910171,-0.9211848750834416,-0.15040825271180372,0.93302324609847875,0.34957958919757476,0.085215802855531167,-0.025919853513690343,-0.17091675381295823,0.98494447785642691,14.724218781632187,-2.5763970903305959,-1.342497629770143,,0.4657587918730576,0.1666666666666667,0,5
0.89004638494849175,-0.44728091801692227,-0.088075041970257201,0.45548879308919249,0.8804459615331377,0.1316999171986889,0.018638455147192302,-0.15733622976902098,0.98736919072442109,-11.366485554417245,9.3736347820378363,-0.43557178066619173,0.2151973066485488,0.2144743337669048,0.2571428571428571,1,5
-0.57138498600986065,-0.81419663501754802,-0.10297105073084642,0.82062459801822196,-0.56831575881437368,-0.059937195552308573,-0.0097194079009359675,-0.11874779075564076,0.99287687821839765,9.2491774285180632,-12.117414136512069,-1.2467975601716548,0.2180326090838815,0.1671479896525725,0.4827586206896552,1,6
0.89077921406725469,0.45319811431003199,0.033524035728927731,-0.45395486423128445,0.88401586102734953,0.11153895594288624,0.020913465195406114,-0.11457498260049651,0.99319444236041476,4.9245833662464715,-12.205595183491253,-1.2587639595930882,0.4606972665885017,0.3046868196255878,0.3768115942028986,1,6
-0.39056691211592715,0.91985362823158368,0.036425125798268509,-0.92007206395582786,-0.39135519194716745,0.017564477335163,0.030411910303222215,-0.026653636997338775,0.99918201512363147,10.499766304150473,-0.76273383779295212,-1.3012108765100336,0.6446242782290603,0.400188888786151,0.5277777777777778,1,5
-0.57059974820004766,-0.81942230320675302,-0.054433595888782334,0.82122206270748843,-0.56959900780657879,-0.033930723956621459,-0.003201730235587349,-0.064062932442265158,0.99794072449740101,-19.834545038222654,-8.5239154829322263,-0.20553201701264109,,0.802323531573931,0.5675675675675675,0,3
-0.23413312483382909,0.96127752916589804,0.14535195828145139,-0.97140468204535546,-0.23737456780418434,0.0051242814265740986,0.03942871486503919,-0.13999580879613127,0.98936674189281715,-15.9859622805391,4.6326783914778371,-0.31385585653291848,0.5967563514591637,0.5182233808006848,0.2260869565217391,1,4
-0.87368551563655594,-0.48308751012548468,-0.057446299512202474,0.48647037871702475,-0.868626623053119,-0.093991278075414991,-0.0044933726532182059,-0.1100647413302506,0.99391426306201303,10.554870989795139,-5.7431840218859547,-1.3161047158530759,0.7776628890127605,0.6109430199009325,0.391304347826087,1,5
0.01288185858063119,0.99892453995679076,0.044540107674125549,-0.99950594912354873,0.01158664660375403,0.029216558440610163,0.02866906671209396,-0.044894466168936588,0.99858027795528959,-8.3250730232893027,-12.11509918727368,-0.87329232556347158,,0.05839679510946089,0.2272727272727273,0,1
0.72259933742308469,-0.68676151636449778,-0.078796048101761551,0.69124770541534886,0.71872316896303068,0.07492406925517954,0.0051775779795756914,-0.10860767024697414,0.99407120803782967,-7.0918957449499782,-11.062656408884282,-0.95608642631330754,0.9181168264403903,0.9032274392015203,0.6389891696750902,1,2
0.99851703351679988,-0.054297464680014333,-0.0039394296710243597,0.054440134819468966,0.99579983723188259,0.073613557785201594,-7.4146128619673605e-05,-0.073718854428699396,0.99727906074682648,1.1364691063147734,-19.738492950848645,-1.1414298148115771,0.2218523991650957,0.1933256597258769,0.5357142857142857,1,5
0.89233581435075526,-0.44908519286515175,-0.045379334241967023,0.45126484188236071,0.88541183012575053,0.11138192651528932,-0.0098405745697427108,-0.11986818019240469,0.99274104502105609,0.82250656932905142,-7.6099148420473064,-1.2523259131468887,,0.07232980693879662,0.3015873015873016,0,5
0.77471070777188389,0.63102010574354206,0.040459182035673148,-0.63204401298720836,0.77091484076541894,0.078807829145677397,0.018538740804394278,-0.086625252871420227,0.99606846183098774,2.3864584410459537,11.32305693876855,-0.95415591341682371,0.8737243011960202,0.4860716223864013,0.4375,1,5
0.73557308120030984,0.67715063294395794,0.019981554420991348,-0.67672814959129768,0.73311771411255322,0.067656698154154843,0.031164944476451514,-0.063288526274366291,0.99750855067903943,10.632332422971496,-10.160314138141853,-1.2740117021246835,0.2569933526995801,0.2115514794988365,0.7627118644067796,1,5
-0.09633623883630836,0.99429824150280433,0.045720192817891754,-0.99497653531633412,-0.097454799727478905,0.022896641237994866,0.027221742353828238,-0.043284742745087916,0.99869184826387447,0.64385720479461883,8.0015266346064653,-0.94024414809823487,,0.08816118930666243,0.5116279069767442,0,5
-0.60412455229613404,-0.78432988830860795,-0.14092605017810561,0.79436341889049966,-0.60678855080296745,-0.028185339150538682,-0.063405709850076722,-0.128973954425848,0.98961883320709221,-20.559497069119352,2.9038494280556315,-0.11041031826061838,,0.09104159355668702,0.2941176470588235,0,3
0.40308909072849308,0.86554360178332423,0.29724309638345892,-0.91475019372457056,0.37133604494597316,0.15919052988398055,0.027409268807048141,-0.33607114594358078,0.94143768612034573,-24.591199924462284,-1.2801674724124876,0.013152798532956559,,0.6799770792519687,0.5357142857142857,0,1
-0.72766296028617361,-0.68521925142399731,-0.031324011644437967,0.68560214349622339,-0.72797340298143642,-0.0021036599090832981,-0.021361579083678903,-0.023006564923206189,0.99950706896424057,15.705352561826057,1.6172730982188943,-1.3466756888814002,,0.1227905224472194,0.6060606060606061,0,4
0.60788163085236147,0.78262672903167285,0.13407209209025803,-0.79364019881675396,0.59358683830533865,0.13337878471772002,0.02480237275701044,-0.18748351499760402,0.98195456814954829,-4.189317824243334,7.5584408851153846,-0.79574474210753021,,0.07898214837459906,0.4,0,5
-0.93505318952710925,-0.35422710699418269,-0.014095723667551904,0.35427309161375453,-0.93514164255394694,-0.00082759889973023013,-0.01288834021945803,-0.005767584593078647,0.99990030785791295,-14.127402598157333,4.4563445930064232,-0.39917443902879535,0.167345326604656,0.1354349720181403,0.6666666666666666,1,5
0.25876003965745509,-0.95298871758452075,-0.15765705196115881,0.96590029570238789,0.25376923468446572,0.051359461540217484,-0.0089364779702510409,-0.16557076941378213,0.98615742134672202,-12.405307633648617,7.409499770512344,-0.4248685134650656,0.5866400537389602,0.1825875678310383,0.2894736842105263,1,3
0.31184035626422013,-0.93991870173276904,-0.13895476363906942,0.9489371678922176,0.31543849775029165,-0.0040994548096198232,0.047684836140024923,-0.13058096442447018,0.99029024438912527,-22.510596484210186,-1.1485592525612585,0.011658104529577121,,0.264047199324584,0.3809523809523809,0,2
-0.87984650705377843,-0.46885212331051795,-0.077767669969501574,0.47415174524781567,-0.87712503288806787,-0.076366217397203881,-0.032407506903755795,-0.10406422607373454,0.9940424489668227,7.6592871839266587,-23.572439988764394,-1.0530526023866245,,0.2533610766752412,0.4375,0,3
-0.99743714339620193,-0.065734137412043953,-0.028251869890677423,0.06716506575827777,-0.9963278726723469,-0.053100132559935495,-0.024657634016902005,-0.054861583233543329,0.99818946486616345,-2.2840981315514273,-18.810923063159958,-1.1190565100087408,0.2021977544036877,0.1507721144238394,0.4,1,5
-0.27086103516248367,-0.96222514248187363,-0.027514992394064828,0.96218693098861086,-0.27148476463902693,0.022188564703693191,-0.028820296067626771,-0.020464548483408129,0.99937510114568273,2.5742367523537921,4.152949402304059,-1.1126259235372267,,0.08398286313952551,0.2285714285714286,0,5
0.95885237064943796,0.28356570847852108,0.013878770659842225,-0.28369448651943591,0.95511250187243024,0.085308540518881745,0.010934789363669744,-0.085735627029038294,0.99625791471862868,-5.655138298241762,5.0379215890138918,-0.78167765396380329,,0.07179134592262318,0.2631578947368421,0,5
0.73948894884263205,-0.67041383194537429,-0.06083903743436031,0.67300914351329166,0.7343205116449506,0.088499033469325222,-0.014655623054846491,-0.10638928570969208,0.99421654210692778,2.878485112331302,-7.1146567208359492,-1.2581240877772006,0.5792836479075686,0.5323467115405871,0.695906432748538,1,5
-0.59506098291981036,0.8026757668477883,0.040175115703916388,-0.80312955770575145,-0.59576030541733394,0.0072506571017900544,0.029754665951271665,-0.027951239764258052,0.99916634653583458,12.833733673757115,-6.8180511178991718,-1.3169625131891669,,0.1173872628096368,0.4,0,3
0.27261645316361782,-0.94341666773981847,-0.18879952461589508,0.96123293508456209,0.25863103734912701,0.095609785212784071,-0.041370448066333471,-0.20754512172155115,0.97735024861938768,-5.76043300456959,-14.417921429674021,-1.0788792634929913,,0.2669179468018096,0.4,0,3
-0.86950640788309064,-0.48971906516462083,-0.064294975422151401,0.49363780888246694,-0.86602519255603316,-0.079511505456781026,-0.016742768348227625,-0.1008741942846452,0.99475830061149118,-0.69086997548870432,12.969498682314446,-0.83941488048719792,0.3339383302196604,0.3169517494819099,0.6470588235294118,1,1
0.64764141375387507,0.75882126942395867,0.06892662954688536,-0.76117031944271485,0.64025115568628499,0.10343211513766738,0.034356134683016036,-0.11945182590562482,0.99224539167357895,8.4966711130878139,-19.650797374829789,-1.1201493542839949,,0.2055570958020052,0.3333333333333333,0,6
-0.99329272264930202,-0.10987992117388312,-0.035999584091454283,0.11522801494497506,-0.96650497376646516,-0.22932649270532487,-0.009595400136370549,-0.23193649692859031,0.9726836020457611,-6.6379403364475253,-1.3566575456584999,-0.83112641505421103,,0.1767436586520648,0.1518324607329843,0,3
0.98341694669120383,-0.1775654811049934,-0.036899984830661273,0.18133926026106376,0.96574768118223731,0.18560034746492948,0.0026798597950067208,-0.18921394296162403,0.98193222889382492,-8.5068900389084199,6.840938630475045,-0.60724165776282035,,0.1121435648965419,0.375,0,5
-0.070856802739923216,-0.995849691736719,-0.057120092553819148,0.99690823998451206,-0.072649102943301194,0.029934409840777033,-0.033959896296331726,-0.054822434362356336,0.99791844663485763,-15.360889524204962,3.5085221480381805,-0.35854340807115676,,0.07611910145138653,0.3098591549295774,0,5
-0.99882951545242582,-0.048246094904715903,0.0034515775405464279,0.047495862842121477,-0.99179103696993176,-0.11872102593471301,0.0091510695525520713,-0.11841812915492941,0.99292165079299743,-14.791445483179551,7.7301713799915532,-0.3030776079277413,0.6575012827910159,0.3301023916196326,0.55,1,4
0.70485603304092459,0.70493498570807578,0.079023025825180476,-0.70922975942858324,0.70240388230601092,0.060182509604688926,-0.0130813235831174,-0.098465486573719771,0.99505448440128896,-1.4633880946834368,-16.608294293869786,-1.2038708343753102,0.5326457979081058,0.1867595468651116,0.7058823529411765,1,6
0.72846362062561565,-0.6800917879273416,-0.082558545401496569,0.68486254027645355,0.71985325648723275,0.11302473203157488,-0.017437154329246075,-0.13887566064115894,0.99015629904090374,0.75180351398574607,-17.37856613361614,-1.2241684257915146,,0.2595281757406858,0.293103448275862,0,1
0.68829599313208545,0.71063861523343852,0.14574424303353525,-0.72507063937233163,0.66760516344467347,0.16904411750253345,0.022829668383835537,-0.2220272602207049,0.97477315410323673,-7.3319677165447548,-15.791280227547727,-0.95104186475154062,,0.07753087662580893,0.4,0,1
0.67441597082276628,0.73761793900066897,0.032907056440702673,-0.73798834586195983,0.67201648512374068,0.061376258389233766,0.023158144811589568,-0.065678153036904344,0.99757209290484183,-9.6267502329724781,-8.7111269484316391,-0.72134940845049478,0.4496016530284354,0.4600329025946699,0.9169435215946844,1,1
0.89983193173908382,0.43441796198769889,0.03979357894389899,-0.43605006867608953,0.89302853632275392,0.11117720504140453,0.012760573274261411,-0.11739279200911371,0.99300357509629245,-3.7527028490675973,-15.448226900394587,-1.1570354394166105,0.1910423371856969,0.1837498985267561,0.7763157894736842,1,5
0.63180637535000983,0.77022736671238823,0.087008664133997715,-0.77342889709324236,0.61901402062406652,0.13648949927360166,0.051268364594683695,-0.15352995094810623,0.9868131074087223,-2.2839218099605039,3.5524517824612794,-0.9257405121594422,0.7932066466603648,0.5802982713206331,0.5877192982456141,1,4
-0.4900424760514222,-0.87015256892922244,-0.051892951845761377,0.8716978346560833,-0.48924952360978807,-0.027888863431329198,-0.0011210358099570897,-0.058901701448011101,0.99826315811275046,17.816428285924179,-3.5983735224423055,-1.3837894047818717,0.6598725761891486,0.4169365860479423,0.7857142857142857,1,5
0.7056554166950344,0.70306809253924551,0.088009602556673353,-0.70696804767484223,0.69031344048854271,0.15382955973314211,0.047398443600805751,-0.17077063896963429,0.9841700952630712,-2.2360456858317388,16.122639559021525,-0.74255092028054615,,0.5378209262996902,0.8,0,3
-0.58609725013273406,0.80954795317335149,0.033498132779090785,-0.80995682450348438,-0.58648529082341294,0.0022239802179190803,0.021446580778300764,-0.025828572562476448,0.9994363056304818,4.3737970586158825,10.264147197724888,-1.0495869839757244,,0.2387876207368711,0.2,0,1
0.93644420322404731,-0.34626935375097562,-0.056300878332058206,0.35077477044123795,0.92171931398221785,0.16550095665598771,-0.0054143023536160993,-0.17473133916110167,0.98460126165112749,-7.7716354716584473,4.8885030325326699,-0.69191130666091649,,0.3242698521642515,0.3846153846153846,0,4
-0.91425893880150033,0.40503054101963404,0.0089918664857093038,-0.40503478112016894,-0.91430016562903693,0.001425908009920979,0.008798801309900732,-0.0023383695299221269,0.99995855570291026,-14.251472627615154,-6.4097708169362635,-0.44249785572369055,0.2232401815815638,0.215574231001776,0.7610619469026548,1,4
0.94307459724668108,0.33026173551997051,0.039210841349654552,-0.33241848443932082,0.93235049763167022,0.14219880719978889,0.010404577409765085,-0.1471384912839421,0.98906117563657803,10.27826382713379,-4.3838685578780359,-1.3194988967289152,0.5194390828889884,0.2207943656197099,0.1578947368421053,1,5
0.53504388070544362,0.8272196433701865,0.17156837512245621,-0.84442772878117545,0.51742711613092796,0.13860371696998725,0.025881587762813359,-0.21903616394315345,0.97537341685117862,-10.535679041916129,7.0015833864186066,-0.49858137950835779,,0.2007687602986311,0.1578947368421053,0,5
-0.9674986316884876,-0.2447688878156358,-0.063518416529398089,0.25276544575120002,-0.9435047419466398,-0.21426252905816981,-0.0074851262582953521,-0.22335396455335754,0.97470866385971744,-11.32090125393017,0.67557275134191874,-0.56593230716790099,,0.1020567361655209,0.4603174603174603,0,5
-0.098960919847106532,-0.9923561765500718,-0.073728930589951808,0.99423449445692447,-0.10167798907227787,0.034049325546948651,-0.041285667912714492,-0.069934293455650776,0.99669688884026331,1.4715754689166116,9.6437086564825467,-0.94042647948012792,0.3417875301211897,0.1497491120275641,0.4102564102564102,1,5
0.14723200877510406,-0.9725993843709535,-0.17992546543858157,0.98868593808258809,0.13943903804031987,0.05528897275355607,-0.028685387042898445,-0.1860300841037083,0.98212522438768779,-4.0474858137229468,-12.629801982336996,-1.1848696712865907,,0.1443885033958957,0.3076923076923077,0,2
0.11302029072991794,0.99222949902999913,0.052029175834344972,-0.99354140382440914,0.11232741743000348,0.016063317843060431,0.010094194863695985,-0.0535086212509919,0.99851636675713562,10.293395335338321,7.2011034895822785,-1.2445997092844934,0.521713607260925,0.4413092453818896,0.4047619047619048,1,5
0.54231836520680132,0.83980609733832756,0.024829612014491423,-0.83991136536886724,0.54117506190501985,0.040968899134627333,0.020968764475478949,-0.043072859731684135,0.99885186072355414,-13.552774782394787,5.115474540036316,-0.41087561732165179,,0.07552985851449309,0.21875,0,2
-0.15383061342747273,0.9878812262488601,0.020659748245713337,-0.98790201580424208,-0.1541822018414013,0.016657004690298738,0.019640507693098438,-0.01784744968857541,0.99964779747527632,-17.712940947134854,-10.255340971561468,-0.24184387602507565,0.4877642322015752,0.6172036284848823,0.9613733905579399,1,3
0.091227898572948024,-0.97072952490726327,-0.22217484104929919,0.99580636724546168,0.087387951214451268,0.02707443325235348,-0.0068665475574958878,-0.22371306500930635,0.97463086092570483,12.24529531826744,-1.1830915338906496,-1.3198248807414052,,0.3532511584674399,0.4117647058823529,0,7
0.39179300296158992,-0.91354280047093195,-0.10926021479965226,0.91983704268286604,0.38635388502754792,0.068047707033808788,-0.019951384382501165,-0.12716220834763334,0.99168125677022567,2.9637768925855332,-14.283821228797164,-1.2439487677903824,,0.08856437315693315,0.4,0,5
-0.95706115798706304,0.28802601411333567,0.032786507384069324,-0.28985016393097512,-0.95258266328769758,-0.092591317481191093,0.0045631504082086233,-0.098118728068093089,0.99516425421166044,6.3174303970229975,5.1358288298274157,-1.2012299035302196,,0.08995400657242796,0.2708333333333333,0,5
-0.49662764066186527,-0.86268663901423726,-0.095565419462008069,0.86749928690355982,-0.49694541358534472,-0.022141434874625533,-0.028389676864061224,-0.093898981798585135,0.99517687245270325,-10.380085135017785,4.5038185537574158,-0.53764425327944132,,0.1810787366887609,0.7086614173228346,0,5
-0.90699844129871821,0.41650533149209834,0.062266654963576779,-0.42071837985774774,-0.90271150438392511,-0.090044348533281526,0.018704874540280716,-0.10786680996288221,0.99398937568611057,1.542426940806594,-8.7540992651887457,-1.2729558942721511,0.5536030480449341,0.4131837339280308,0.2075471698113208,1,5
-0.25475433627128785,0.94781410658652432,0.19169936751738029,-0.96690068353566316,-0.2525941947837444,-0.036044984946852779,0.014258202174279812,-0.19453686570195333,0.98079157396136751,-2.0592622131701064,13.950867821406813,-0.76969080107070176,,0.32952079455877,0.3076923076923077,0,4
-0.97545400913901803,-0.21939092362334262,-0.018897054964021481,0.220136148623193,-0.97367789198690036,-0.059088397552255326,-0.0054361865277164738,-0.061797939186048055,0.99807387631797717,7.129712707276064,-21.651300025216152,-1.0814231721921728,,0.2522071814573927,0.5882352941176471,0,4
0.56631091967695957,-0.79290621157102648,-0.22492594760658305,0.8238579822712655,0.53682856230049569,0.18186016536422323,-0.023451381676908037,-0.288296434855629,0.95725398842051235,8.0671713195357437,1.2860719782701737,-1.2642376858747171,,0.2891704671493748,0.4166666666666667,0,5
-0.78436345484797398,-0.60808261683978815,-0.12251327191871046,0.61994457108329137,-0.77516968848437862,-0.12157583164176777,-0.021040424979229064,-0.17131107714420796,0.98499229203298144,1.0730402973392947,-4.6641170450387195,-1.1940338686357517,,0.07786934553555352,0.2727272727272727,0,5
0.4734872314245217,-0.87652593883538388,-0.086672488291783506,0.88025433572596434,0.46743166468301983,0.081608475584963022,-0.031018480194586317,-0.11493440477250014,0.99288868282703679,11.289241584866021,-0.0012433179344362732,-1.3148839458669237,,0.08166813754808837,0.625,0,5
-0.74764503772301039,0.64236186568666931,0.16851745037146562,-0.66409845394208966,-0.72331715688597031,-0.18917064789792998,0.00037555277149082893,-0.25334467443768727,0.9673760049195852,-7.2366555868633267,-2.0350284611938676,-0.81329891065740201,,0.3550466298993849,0.2848200312989045,0,4
-0.62882295784537334,0.7680268724483561,0.12131121499594356,-0.7772813086386543,-0.6249989775591559,-0.072180643464789043,0.020382711487351834,-0.1396817856673031,0.98998663820539345,5.2402195652370755,-4.7339756876209167,-1.279752314432806,,0.09541671411455545,0.2272727272727273,0,1
0.73347004531559312,0.67617452531253019,0.069352029120386127,-0.67961514971184822,0.72772070056450211,0.09244365988022693,0.01203914062060831,-0.11493734505496106,0.9932997864717541,3.5464109689289716,-2.8431120604919182,-1.2459442447861484,0.5750237492795386,0.3267215128645074,0.2318840579710145,1,3
-0.41756952020629817,-0.8875830098399734,-0.19450474656957803,0.90610856365684067,-0.42273494414357154,-0.016199934187176704,-0.067845166831686315,-0.18300701528451108,0.98076779397278091,5.6545799548213012,-13.27898748598408,-1.2469262264729284,0.6749520146009538,0.3024196630434776,0.2666666666666667,1,5
0.53738987321259502,0.83639677669149703,0.10794700601973529,-0.84276543232833379,0.52791094613188461,0.10514969817633556,0.030960462544788098,-0.14748038816809508,0.98858028751578919,-28.152887801284098,-12.345373557131058,0.18807701048223224,,0.3092810875978425,0.8541666666666666,0,3
0.97460848750553941,0.22356452800760657,0.01253785862506482,-0.22372153948240617,0.96990310357355702,0.096107452624679596,0.0093257092914330597,-0.096472128073961466,0.99529199718027161,-16.860154437091115,11.131973501885813,-0.13130489097248604,,0.6110215483377741,0.6170212765957447,0,1
-0.16318004426004251,0.98578202970762063,0.040075716597630838,-0.98626351799277601,-0.16404532590905224,0.019323667454841292,0.025623158115325725,-0.036371980327113522,0.99900977613598951,-7.6948092296171406,12.474937830581156,-0.55214859117441628,,0.1004414809000183,0.5106382978723404,0,5
0.86732946830041868,0.4902644374163258,0.085909107913930416,-0.49743300948666064,0.84778892440890219,0.18388676059640988,0.017320349036830142,-0.2022244323875112,0.97918603158684392,-1.3534249555187383,-7.1416712082898242,-1.1866049592783185,,0.07594082740816957,0.2777777777777778,0,5
0.801277911851492,-0.59518443369474694,-0.060903184369743499,0.59810994619536761,0.79435932106199636,0.1061025980082381,-0.014771602522611555,-0.12144446850057318,0.99248830765381124,9.1369644199911129,-4.4511434127291247,-1.3112171203449621,,0.08039814662048783,0.32,0,4
0.93090106326590716,0.36447808681056465,0.02406106076867736,-0.365243558567727,0.92799480489619468,0.07363956144938108,0.0045114670770151927,-0.077339293509729998,0.99699462402975314,-17.295995048524514,-4.7215544600129098,-0.28361277755666131,,0.09710001726167457,0.3174603174603174,0,2
0.63285154805117205,-0.77123512926923743,-0.068522211802445734,0.7739958077732173,0.6277740960586109,0.082644865946292542,-0.020722154297310672,-0.1053378360270342,0.99422056537894099,13.343986416226167,0.77059323639085997,-1.3346972713299472,0.42943051765753,0.5034109181775579,0.7037037037037037,1,5
0.031269307463704508,0.97785964304452677,0.20691241846629579,-0.99909850691122815,0.024632554573513522,0.034574712478022289,0.02871243456231734,-0.2078070156660117,0.97774835225710843,-9.5594136159070242,16.427740598629747,-0.43950988440389116,,0.7320223838763077,0.7380952380952381,0,1
0.84870432691672881,-0.5187454796471993,-0.1029761759749209,0.52850654182100121,0.82469852818049749,0.20137818369755464,-0.019539721728496644,-0.22533411850520296,0.97408558880226448,-6.1448163814732872,10.51693655268563,-0.67185280308667705,,0.578811303973668,0.2068965517241379,0,5
-0.72963526635282805,0.68268370047006688,0.039690593428844366,-0.68382415538662189,-0.72804313345401284,-0.048349977665306458,-0.004111277661611369,-0.062419235360252436,0.99804155046422305,-0.4534728944631729,12.289621546968725,-0.85218955316824729,0.7785087273814058,0.3813042555482495,0.7142857142857143,1,5
0.61702146376934819,-0.78366624200190904,-0.071775583554129482,0.78687110410064809,0.61312989539910945,0.070039966442766818,-0.010880201255389474,-0.099694295295578189,0.99495862663035373,-9.9873385534385299,10.880536949703398,-0.48312916455759991,0.1902585205462324,0.1535404906409498,0.2608695652173913,1,5
-0.61659834817716663,0.78663692546067898,0.031761998157529267,-0.78679096616871458,-0.61713400460912171,0.010275987077090609,0.027684879997739813,-0.018653896560187396,0.9994426344531393,-10.152224837764631,9.6978465574403447,-0.48880617477076904,0.4212194904588178,0.4668099108684515,0.7540983606557377,1,5
0.79093659352244872,0.59633981540391778,0.13710627115900412,-0.61157489960636857,0.76313696466431769,0.20880161717379689,0.019885854232736255,-0.2489995938288927,0.96829941395958774,3.8974899010795814,8.1255547149559657,-1.0596899412548457,,0.1504178483722082,0.1666666666666667,0,1
0.1683172892072686,-0.98152299921023722,-0.091004901929828089,0.98538569820642175,0.16508936356114168,0.041958644034581834,-0.026159432795078069,-0.096737294051044115,0.99496612003400486,-12.93031760954452,3.6634075249646059,-0.445405156385979,,0.07401493768367247,0.1964285714285714,0,4
0.7729065741223976,-0.62375114919820263,-0.11640417325980773,0.63431425517451001,0.75487352945644715,0.16676744349054518,-0.016150955413983054,-0.2027324798839274,0.97910095916576811,2.1570423896593103,-6.1863961931204701,-1.2538292508026072,,0.08565448050956677,0.3432835820895522,0,3
-0.70798709348945921,0.69980578133415561,0.095006020144190684,-0.70575594083765614,-0.70598932631347011,-0.059056101325825734,0.025745435026452632,-0.108862020662595,0.99372341878037362,17.568181054381053,0.94673615344518613,-1.3686297803959864,0.8904286894629238,0.7125407403378402,0.660377358490566,1,6
-0.34956120917354111,-0.92524260148477599,-0.14742146871746906,0.93657877683421842,-0.34087765353326993,-0.081379482090826544,0.025043079380360905,-0.166518929012097,0.98572018872285061,-21.271188229537689,6.2100836713417351,-0.074424393505872405,,0.6809085134828489,0.5084745762711864,0,2
0.92204374240350806,-0.38653710006727315,-0.02060114963095323,0.38659497401052917,0.91689069926398425,0.099276239216648826,-0.019484947121621663,-0.099501336045230121,0.99484663187894573,-3.879813564631108,-20.275674075254809,-1.0500767485962361,,0.1062577672243384,0.3636363636363636,0,3
-0.46831605536005672,-0.87398707171915724,-0.12971765785646794,0.88278925182940071,-0.46897182074846849,-0.027359974385076695,-0.036921662293050356,-0.12732646940694489,0.99117342631947047,-21.946171005208715,-7.3147025060915798,-0.082553153961450548,,0.235504089340914,0.4492753623188406,0,3
-0.99327650427546021,0.10494683082711574,0.048866642545477276,-0.10886700532564203,-0.99032792897459898,-0.086014930356938288,0.039367006563228772,-0.090756574374681459,0.99509471056881016,7.748884605050411,-5.9444939617977317,-1.2952902944508988,0.6909195212526735,0.4669095428856451,0.4285714285714285,1,2
-0.7620255716324067,0.64511767462857161,0.056037612905335391,-0.64743808670269476,-0.76062586441711166,-0.047667790660731763,0.011872323490259417,-0.072604960309514646,0.99729011209045693,-15.884393656284777,9.9731248034293909,-0.1869836264029848,,0.2220156936077736,0.2857142857142857,0,2
-0.84051425554639081,-0.53752505075752555,-0.067842509029482551,0.5414894505089406,-0.83760328176937326,-0.072179757250221369,-0.018026680526971796,-0.097404117866211393,0.99508164318908154,-1.3087667242811909,-32.866589755474607,-0.6293970477455656,,0.2569785001422015,0.2777777777777778,0,1
-0.28599699020997954,-0.95678761442852256,-0.052565982032178819,0.95790476150662363,-0.28689954350298952,0.01034987056499388,-0.024983784216342956,-0.047393172651244646,0.99856381754611845,-22.782019347098846,5.0980776473434659,-0.02308644907605422,,0.09211308605520718,0.3225806451612903,0,3
-0.74224701479462429,-0.66594373111423177,-0.074755040085098326,0.66978435922543089,-0.7408013809632481,-0.051012019171208227,-0.021407502550458687,-0.087933275570744401,0.99589630880024438,-20.562422431134401,-9.4193391708853724,-0.14829821753979897,,0.08704159398541383,0.2592592592592592,0,1
-0.60297675366222236,0.79240411718796755,0.09227540087437297,-0.79768288074725036,-0.60046782393094666,-0.056039398519276494,0.01100255905397856,-0.10739696218791396,0.99415533806698042,11.559994022832612,-14.618030162632266,-1.2037431864324029,,0.1396721536676652,0.35,0,6
0.55928316103664277,0.82555829584737983,0.075205358442269873,-0.82731148017534217,0.55011073086871276,0.11372729906743892,0.05251724051151959,-0.12582401972858831,0.99066152418896036,3.8608868524593092,12.826803469352862,-0.98781453680871978,0.2008319959719409,0.1579787936255892,0.4782608695652174,1,5
-0.019870016975244272,0.97901404712118911,0.20282178868354944,-0.99939434723011999,-0.025245390507968465,0.023950135335382008,0.028567834182633395,-0.20222305950976766,0.97892273088973825,-28.55503656272132,-4.384607942172507,0.13111265686714624,,0.2015163404587276,0.25,0,1
