axis_00,axis_01,axis_02,axis_10,axis_11,axis_12,axis_20,axis_21,axis_22,location_x,location_y,location_z,dbh,dbh_approximation,score,reconstructed,number_clusters
-0.31900076005451866,0.92286115730078666,0.21579110136910828,-0.94683297219989027,-0.32035793515161048,-0.029633024491590523,0.041783224382067614,-0.21377108721913204,0.97598979729779389,7.3283962500329416,11.08200256629244,-2.2068289153946963,0.2783557621399287,0.2607252475841241,0.5,1,4
0.014640261815395683,0.99953370000291897,0.026796367150252534,-0.99937058123832989,0.013761313784172093,0.032696599185476911,0.032312599544741645,-0.027258187786572009,0.99910604397594005,-14.97070541570073,-28.964701690514509,-1.4346856070403016,0.4270190290335609,0.4207559392548489,0.8157894736842105,1,5
-0.46449292565441508,0.88121774210026749,0.087758834453908224,-0.88548299559332533,-0.46360013835854075,-0.03154007338313166,0.012891335542656064,-0.092359096583111089,0.99564231064488129,11.227600681974479,4.6125379599920864,-2.3049394853141569,0.822495366409307,0.6469597628660895,0.7129629629629629,1,2
-0.580487553149313,0.81125799227586504,0.069961922552612563,-0.81413701365077662,-0.5797947477750417,-0.031921363634292474,0.014667093867585078,-0.075488544965510718,0.99703879359655367,-14.954941847423042,11.043520204206096,-1.9673680289176407,,0.1313640831533487,0.3255813953488372,1,5
-0.67624981878115686,0.73579301635767158,0.03598360290092955,-0.73648362093660291,-0.67416386092638136,-0.055632407038931499,-0.016675091920680771,-0.064122739337258428,0.9978026937272334,10.757303997882328,6.3180035982587901,-2.3010409969747991,,0.0852213143542144,0.4,0,5
-0.99922587700987786,0.027263222167830638,-0.028361301642700527,-0.025785454718103808,-0.99835411243716876,-0.051226716708899514,-0.029711227487624333,-0.050455751870532348,0.99828425814712618,4.8628365106460993,3.4475823207574696,-2.1124090316690922,0.1717015158631141,0.1718214679358062,0.6301369863013698,1,5
-0.99533170588311581,-0.089762650440305278,-0.035460708534058055,0.095381369861165882,-0.97096208679706963,-0.21939694684768699,-0.014737352109972509,-0.22175502832768162,0.97499103476092297,-13.282818789634842,5.4340555384251292,-1.9204572544144738,,0.1128283728593078,0.3333333333333333,0,5
-0.52905004084704299,0.83390186974910496,0.15720599832286816,-0.848261671835151,-0.51453307152684646,-0.1253309794128519,-0.023626052890354035,-0.19965818273763927,0.97958073668826628,3.9723838891976126,-26.485113102481606,-1.7661838298457844,,0.3414936728282834,0.3636363636363636,0,3
0.38177387211190839,0.92066131760786662,0.081433708212429776,-0.92357864361074959,0.37663857983386229,0.071734714377765615,0.035372300445522968,-0.10259687344787076,0.99409389995106268,-0.5314332395597261,12.992913256795614,-2.0782237143019691,,0.2968411163091664,0.4166666666666667,0,3
0.044101988887950146,-0.98492289257586763,-0.16727794312494809,0.99865944038760568,0.038921524265787835,0.034123849043477032,-0.027098647583254899,-0.16855862668167984,0.98531906135542946,2.3040130247941311,10.116305427382727,-2.1324505474094804,0.377355444329708,0.3212346330934291,0.8010204081632653,1,5
-0.98271778212428229,0.18496330444241385,-0.0073713436003828075,-0.18419423809646338,-0.98103624812345591,-0.060335416795755735,-0.018391393334801689,-0.057934927958849476,0.99815094087698386,-12.225891781995086,9.3550930724052996,-1.9773665903112527,,0.1024869947369804,0.15,0,5
-0.71942408043736961,-0.68731355756727852,-0.10014522490392118,0.6940347427449628,-0.70569203801097002,-0.14252902634501394,0.02729044429427684,-0.17204307911722461,0.98471133362934637,-15.166323526290919,18.762150363509456,-2.1348978749721739,,0.5421272079445335,0.2678571428571428,0,2
0.28511729392590796,0.95585489463583273,0.071060179461409786,-0.95689584235908964,0.27958136908431297,0.078642259230191691,0.05530348614920079,-0.090419458423845828,0.99436705796103431,-10.843450746931385,10.044383997507493,-1.9923682030410796,,0.3945746376208442,0.5795148247978437,1,5
-0.92641849117231923,-0.37128470337209435,-0.062421536795415906,0.3741404563958024,-0.92639724677638624,-0.042509528967919263,-0.042044001973482785,-0.062736035952469973,0.99714416795718464,-5.4837241202250731,13.597991041315806,-2.0598856892523498,,0.079201141697336,0.3478260869565217,0,5
-0.46554722287435746,0.88271465091325496,0.063879796000490846,-0.88497059254072863,-0.4650912175841363,-0.022742244045332299,0.0096350200874349718,-0.067119329475170589,0.99769843239263367,-5.2212138661347698,15.188963550605699,-2.077041414139368,,0.09283146876118632,0.3571428571428572,0,5
0.80801647530643639,-0.57858918014614313,-0.11110326840906114,0.58880461995432332,0.7864925840147593,0.18638276425203815,-0.020457154098430758,-0.21601846196008279,0.97617494791589088,-13.562847438120221,13.144905455994262,-1.9917653641942377,0.6150979608182471,0.463615043916459,0.6351351351351351,1,4
0.25618584451094117,-0.95647339846885204,-0.13974065655227044,0.96597080925944123,0.24799437517825867,0.073479150366648996,-0.035625955859112615,-0.15380971328686882,0.98745803119309072,12.538207416794783,4.2619484285303351,-2.3514268031415209,0.9996078343623511,0.8924280617417149,0.8275862068965517,1,2
0.34688771397613832,-0.91981183731794092,-0.18334420585936867,0.93770444606913128,0.33606282291808065,0.088159803053968908,-0.019475259037885828,-0.20250422954132191,0.97908771379447057,8.3038867968904686,19.367444919355847,-2.3218151954453838,,0.4202096483827338,0.65,0,5
0.98546179230844777,-0.16559705458569474,-0.037982514566106351,0.16844990605040236,0.98145579279145145,0.091483091048097945,0.022128828523730798,-0.096551241880394129,0.99508199292295552,-1.4071290850942997,14.2539328950519,-2.0990689150948239,,0.1335762054500894,0.3636363636363636,0,5
0.28740764754984816,-0.95209206974611071,-0.10448700807482356,0.95779234486469933,0.28505685920396207,0.03710001535515578,-0.0055378920576745205,-0.11073968460917064,0.99383401733097176,-3.7798859630288524,11.832828242722821,-2.0520421845687906,,0.09047501521376949,0.2597402597402597,0,5
-0.57843242201781042,0.81570520526221768,0.0063993176771715938,-0.81565046776316319,-0.57846776614300344,0.0094529345315373329,0.011412606903930849,0.00024827735950283986,0.9999348432583044,-16.188190298727907,11.267554768310157,-1.9798905601648433,,0.1007260615257262,0.3461538461538461,0,2
0.9318386794773541,0.36282288394922213,0.0060191621235812474,-0.3613406314305227,0.92625376102499191,0.10717704168546582,0.033311011802280396,-0.10204668083689135,0.99422173151811644,-5.3658181849855611,-26.025197948732668,-1.4696103742232971,,0.4265661835689389,0.673469387755102,0,4
-0.18370169647862541,-0.93213588490676458,-0.31205188475629664,0.98139110669880458,-0.19197152148632207,-0.004293091045105152,-0.055903330879026297,-0.30703359263655294,0.95005536185493977,-20.902903931364094,12.333549234500996,-2.0254226583212174,,0.39349617411372,0.2592592592592592,0,3
0.56502429953850597,0.81456263253851247,0.13128312383147273,-0.82331887977452378,0.54626512849977482,0.15407930293179825,0.053791850106173204,-0.1951464246586487,0.97929786572069177,-4.8674666993246491,20.597666174647205,-2.0552063351900545,,0.1764575114138502,0.1666666666666667,0,3
0.55020125327253444,-0.81434379171813132,-0.18472349549385736,0.83482216015731214,0.54139492682546064,0.099817303699976462,0.018722761751721138,-0.20913087313400369,0.97770841056758706,4.537888873418539,26.604486027507942,-2.1231599616867003,,0.2079952675862408,0.3529411764705883,0,2
-0.97086649925551982,-0.23522711886561715,-0.045677600347585154,0.23698604704236537,-0.97077524229814705,-0.037855547126001879,-0.035438032261493863,-0.047577636460378971,0.99823870611105781,-17.834992082876425,10.542777868339007,-1.9769685288557262,,0.08234890428002255,0.2608695652173913,0,4
-0.98802207897851291,-0.14808007586722496,-0.043412700700778406,0.15074130446559952,-0.98634936897430658,-0.06627202616487525,-0.033006523279313742,-0.072022312203548391,0.99685673793472851,9.3307273131875519,5.0983976522828431,-2.2349290763464009,0.1327006366326596,0.3288685896574358,0.3506493506493507,1,5
0.72235129303444467,0.68324134101957501,0.10672337781966293,-0.69019506466932112,0.70275167579142928,0.17254232778784914,0.042888018811519144,-0.19829612223669654,0.97920338323982115,-20.293047832112467,9.1181185077833415,-1.9784912307205014,,0.3826022216805892,0.1842105263157895,0,1
-0.98230229433237115,-0.18309245755801923,-0.03948866336968257,0.18522923481862918,-0.98087624958068065,-0.059765488177068636,-0.027790881919513996,-0.066022231058205483,0.99743106623376843,-15.533520909808928,13.259169444850231,-2.0040347785056833,,0.1083969230367316,0.2692307692307692,0,3
-0.28668252999205485,-0.94499591982800668,-0.15746694416852447,0.95566661687494381,-0.29361471345099666,0.0221747026110291,-0.067189615180867399,-0.14412880195681835,0.98727526255768105,-14.229217773501926,8.6643274665094125,-1.933102277217122,,0.4178854813613805,0.8449197860962567,1,4
-0.2158545133170145,-0.96799453802442326,-0.12803672690114681,0.97531797017011679,-0.21999182700752137,0.018932858028750301,-0.046493936636068448,-0.120789777732956,0.99158869671416938,-21.547678741764237,10.364556152520143,-1.9998717975727389,,0.298983001398901,0.7763157894736842,1,3
-0.9545960827561617,-0.29065256561609881,-0.065325377054941708,0.29687559590354817,-0.94634752628308128,-0.12763714214446306,-0.024722446147258742,-0.14123542614610571,0.98966729513398766,-5.1425714477966613,3.699175833309162,-1.9728090279873038,,0.2142455872805772,0.4978229317851959,0,5
-0.81872390327351996,0.56938637612507448,0.074096726592521339,-0.57415813085937173,-0.81053385749549522,-0.11566030702684857,-0.005797497446705469,-0.13723709606599516,0.99052126099681892,-6.2752466815259362,12.422967552133024,-2.043521480685603,,0.09084931855909439,0.2631578947368421,0,5
0.6081022049278606,0.79323817509118599,0.031383211114865972,-0.79292959738047419,0.60500355344304035,0.07234192366349218,0.038397421266467363,-0.068875960242309617,0.99688602163977924,-3.6358814934100065,21.022623397054996,-2.071342572882287,,0.09224251982902805,0.2777777777777778,0,5
-0.99646866894427988,-0.068751368568337703,-0.048202086390471091,0.077728724011355235,-0.97242539796682381,-0.21987971905710205,-0.031755901435487718,-0.22284993764648911,0.97433539811246428,-12.276405253026027,6.3656372653366518,-1.9256508645803354,,0.1138767266606635,0.3809523809523809,0,5
0.78385580301376256,-0.60864543109030955,-0.12296674060306004,0.62094170220327449,0.76871877083026263,0.15330640507855417,0.001217598681445854,-0.19652529248445594,0.98049799942037097,-0.63958934671584822,-27.971069543093087,-1.7169573056423693,,0.6455700471917484,0.1333333333333333,0,3
-0.80566051371348502,0.58695875188487012,0.079940979657984274,-0.59234509034353555,-0.79683476762931815,-0.11908672068303364,-0.0061992409883456466,-0.1432961153796066,0.98966044314617452,-9.5804530515006228,-29.335743950363046,-1.4706755860833303,0.5965176977527484,0.6110352534819277,0.4810126582278481,1,5
0.65828877250300977,0.75085406379424069,0.053610324380229016,-0.74747172459882338,0.64356837880335727,0.16463827844604731,0.089117410878796335,-0.14845173184604943,0.98489602009053079,4.6940498908135044,5.3391350635826091,-2.060187900735003,,0.1642787774345656,0.16,0,7
-0.9402390315195428,-0.33761142290540713,-0.044374437810289789,0.33836254997433235,-0.94095783832941193,-0.010446590894114746,-0.038227586662780415,-0.024836940436130387,0.99896034856630456,6.2742276292285393,3.4744179280396987,-2.1111461786708317,,0.08614232079264432,0.2666666666666667,0,1
-0.85804485948386844,-0.48526854630721955,-0.1681471292594299,0.5086606608766262,-0.84817863563920115,-0.14784226094651801,-0.070875603629622183,-0.21238512191324141,0.97461233770152711,-23.253366830274555,9.7257403501206401,-2.0303603492764317,,0.5226642827387501,0.7676767676767676,0,3
-0.7880985239939563,0.61046231385255356,0.078971386237871741,-0.61548556925509923,-0.77966165345493776,-0.11534825603638958,-0.0088448017089835934,-0.13951153894103652,0.99018094305284921,-0.63744337450623101,9.7951984789859683,-2.0870266746487456,,0.279212460994986,0.1666666666666667,0,6
-0.58722544395275944,-0.78811292624398244,-0.18451095756521174,0.80937258006124191,-0.57428401170258303,-0.1229386047903423,-0.0090721893439656871,-0.22153078655106745,0.9751111762207284,-12.824426698858547,37.450331285240004,-2.4895354383850559,,0.497633479227085,0.25,0,2
-0.99982255823991617,-0.011495480116117889,-0.014923336473149728,0.012187800914590147,-0.99881292953994005,-0.047161311397272858,-0.014363479503839512,-0.047334825665086837,0.99877580303880009,12.168641395402375,-35.100325153161364,-2.142890778757049,0.6409427381451056,0.6093044416769567,0.7241379310344828,1,5
-0.96696820203656475,-0.23791502606392545,-0.091481892323969444,0.25251391607284379,-0.94306955447853003,-0.21646370967259898,-0.03477381830816835,-0.23241397502875785,0.97199512641350316,-7.848020021770826,4.1928288551360282,-1.8864082305418297,,0.2138185089519284,0.2671232876712329,0,5
-0.9884209246484833,0.1001440240197516,-0.11399671122522771,-0.082412539025986747,-0.98511693829386204,-0.15084028406833885,-0.12740584416865178,-0.13969893464038424,0.98196331832304928,-16.359347909614865,14.831307562333578,-2.0280573023737776,,0.4664286222179118,0.2816901408450704,0,2
-0.83392293834353315,0.55188023634558481,-0.00085885716373602862,-0.55186107565552345,-0.8339051579572101,-0.0071791857956026075,-0.0046782561724340163,-0.0055129178753692666,0.9999738604862044,-1.6093155257873504,26.445199689819606,-2.1986764737827125,,0.1738768393225981,0.1666666666666667,0,5
0.57760294026857506,-0.76908911702738647,-0.27363620641854608,0.81627153073316405,0.54058322974308737,0.20364321701218219,-0.0086966377201318067,-0.34098636598927046,0.94002801378565171,6.9928400337986494,7.5937543239443901,-2.1808842787328384,,0.6011455582701519,0.3037974683544304,0,1
-0.18618908659485464,0.97339676260720809,0.13353788443276887,-0.98015297065367568,-0.19343471351371391,0.043395457442477574,0.068071860204846651,-0.12280779353800486,0.99009316111898171,8.5188130237182307,10.16715093924355,-2.2176087163791278,,0.3822905206648575,0.4444444444444444,0,3
-0.30692494828435352,0.94895029852617052,0.072735184386501076,-0.95146872244974701,-0.30774545352041677,7.7700445122237224e-05,0.022457656166509282,-0.06918140476027014,0.99735128561350039,-8.43647216914413,15.344045322521339,-2.0256146170014202,,0.105883459889867,0.2432432432432433,0,4
-0.19881910872550679,0.97845080510186311,0.055722383304306004,-0.97872129589500734,-0.20117546740015513,0.040411091026198019,0.050750241055522456,-0.046502186097494652,0.99762816706474422,-3.8400514625030153,31.484661730837363,-2.3001388430218239,,0.2228859555499184,0.5483870967741935,0,3
0.23811698984033378,0.97071548091608006,0.031808084809395502,-0.97036189788680827,0.236385423583549,0.050196799168251101,0.041207842444006326,-0.042818064261353275,0.99823270187568014,-8.1163222102787298,16.470481371326514,-2.0363414462342275,,0.08539366488659929,0.3829787234042553,1,5
0.52184833539975262,-0.84591412239338892,-0.11001641866526227,0.85299029430852114,0.51609298623217548,0.077817654664085162,-0.009048351008356945,-0.13445195088721712,0.9908788019968191,2.1826178044786491,14.615430403117001,-2.1773173757313806,,0.08047913932807751,0.2777777777777778,0,2
-0.50610507036830998,0.8449173825262325,0.17312502549460754,-0.86238491473865586,-0.49860369344816224,-0.087673346639973351,0.012244042579557232,-0.1936723356209436,0.98098986224957441,-15.880908166265851,9.8280185497235557,-1.9502880755168781,0.3264517225892489,0.3348716634546852,0.5555555555555556,1,1
0.77096384153808573,-0.63239317544208895,-0.075456124304847674,0.63677429877195857,0.76755533138309306,0.073330114474686472,0.011543286547512346,-0.10458338739810098,0.99444912771645633,-11.643864506952708,19.262323523149661,-2.0898034836015387,,0.4912005885960413,0.6363636363636364,0,2
-0.99507978853205714,-0.08724921678634423,-0.04694452710557466,0.090889753932578476,-0.99247910184693222,-0.082001737952210996,-0.039436874686920226,-0.085865048577854139,0.99552595463285198,-4.9811743230436409,11.030683896309498,-2.0313601621193245,,0.09724582358187335,0.4444444444444444,0,5
0.82111827805704207,0.567324910129969,0.062507757811812253,-0.5692117481687321,0.80591182827356711,0.16280083167924053,0.041985225822110395,-0.16925888867288172,0.98467693657254263,-23.661138240110162,17.006367505082725,-2.1740487001250535,,0.1891849341944555,0.4615384615384616,0,1
0.035926743410054765,0.9962403234837971,0.078832017434837448,-0.9990016020419572,0.03370620570295689,0.029320484557944514,0.026553120825070612,-0.079806701234973895,0.99645663338272783,4.4768469507274515,8.218149315478998,-2.1151183939563731,0.5024485467022249,0.3536375726240945,0.2307692307692308,1,6
0.99770855520777413,0.063933401045457056,-0.022139536941347737,-0.060051003443976451,0.98752612036065757,0.14555424621356883,0.031169149019311847,-0.14389121528498341,0.98910252366133566,-15.425293356644094,-27.221799560471702,-1.4012634446919368,,0.09122393322696001,0.1666666666666667,0,1
0.81953740774038286,0.57293968453551325,0.0099274970924906024,-0.56978673226214804,0.81294335122423955,0.12027546482274457,0.060840094117267256,-0.10422679878347384,0.99269091733688819,-3.9126630853965301,-26.671215297273552,-1.4911886848353333,,0.1639158651560089,0.1851851851851852,0,5
0.99894020531621497,0.043290246471137182,-0.015633961854461732,-0.041495990383048971,0.99401885788789746,0.10101778529234309,0.019913537730108965,-0.10026198044976081,0.9947617736379718,2.000096899276206,11.272102278507681,-2.1471729557494501,0.350814021898477,0.2727077893247238,0.6194690265486725,1,5
-0.11142719444678741,0.97615928953205444,0.18627136601741237,-0.99235163055003672,-0.11931578899988513,0.031654128325057179,0.05312458642099821,-0.18131956308024214,0.98198828626516133,18.423597825440513,1.100411851302602,-2.4443088635437178,,0.6389910301556826,0.5,0,4
0.95080404418989539,0.30738950718404146,0.03851441840780194,-0.30750659675844466,0.92138830751357792,0.23766211251965136,0.03756810485209941,-0.23781353546511244,0.97058403028661322,-9.1959090252430808,20.701822847476826,-2.090740720058951,,0.3365634540908106,0.4285714285714285,0,1
0.36720623984341322,-0.9283625883735992,-0.057467224818439418,0.93007069485554339,0.36572585617431358,0.034829595123860677,-0.01131724308250626,-0.066238226379007031,0.99773965410580689,-6.1001486609118132,9.432937421191637,-2.0539494488505321,,0.1115726301294431,0.1111111111111111,0,4
0.59812022287742517,0.80119584480985662,0.018368920612798895,-0.80064135087980126,0.5963909762541334,0.057369248766293394,0.035008945234415459,-0.049020625272040978,0.99818402714705456,-8.1764497046593032,18.069731284933976,-2.0282121156897626,,0.199994187974315,0.4642857142857143,1,5
0.81420408244486819,0.57470546832405855,0.082373155873346163,-0.57927789431053289,0.79466888239486266,0.18148963749056055,0.038843703392766354,-0.19548655204827883,0.97993682177730745,8.9081899597344556,-29.094371012796874,-1.9152338464581846,,0.1893778962353008,0.1764705882352941,0,3
-0.71669834895373341,0.69691529416890929,0.025545045712540928,-0.69738166532666412,-0.71613621307159547,-0.028420717684177622,-0.0015131005260403182,-0.038183727960187826,0.99926958997352722,-8.8576051193321774,7.4564959441671128,-1.9646324907458173,,0.07478586145967692,0.2987012987012987,0,5
-0.86312482273566848,-0.50310539990922609,-0.043594689581398595,0.50331146853916553,-0.86407740981270653,0.0069134281158448494,-0.041147369472049694,-0.015974555816738414,0.99902537883278442,1.5759937554710706,6.5305682076381864,-2.0456568157255934,,0.07223908104961288,0.203125,0,1
0.96409631167755871,0.2634952205022621,0.032993493028045537,-0.26477616238862978,0.94433286183064336,0.19526656113502219,0.020294965890027498,-0.19699166185199732,0.98019508237917152,8.5275659874337411,3.7375399400012443,-2.1984683327778969,,0.286531173560364,0.3947368421052632,0,3
-0.5193087367480208,-0.8482476754940923,-0.1038957022982272,0.85349898503254462,-0.52093256001801269,-0.012990398819663516,-0.043103578570564072,-0.09542090406167289,0.99450335976429072,-24.273152501373719,10.64920831112884,-2.0365652436134631,,0.1408107478587595,0.2272727272727273,1,3
0.74088125371289282,-0.66577088903233583,-0.088566874247115498,0.67162152057560864,0.73526256224067177,0.091178383770432747,0.0044159932652090249,-0.12703577403382996,0.99188830576789544,10.4955629885098,12.499194116366397,-2.3057326662060889,,0.1543208333749792,0.4444444444444444,1,4
-0.18511355735223539,0.98146193304287177,0.049653246340505768,-0.98247971004898849,-0.18594305089316632,0.012601633489263785,0.021600699675174188,-0.046450573863964409,0.99868701501584178,-13.989487909846748,-25.588839468200138,-1.4277117219789917,,0.3259254397155005,0.5600000000000001,0,4
-0.55229490469796472,0.82991661902876623,0.078795581757661146,-0.8314330266985227,-0.54147413265217959,-0.1245988996079186,-0.060740928208254982,-0.13432858641566972,0.98907349095604002,2.7832091399240717,8.2795139614551285,-2.0947915984955077,0.7175278135896348,0.2154708837906238,0.4583333333333333,1,4
0.0027779199190297314,0.99803273161593964,0.062633455789605996,-0.99998405893696896,0.0024645366472578751,0.0050801506924942532,0.0049157942255127433,-0.062646569597539781,0.99802366819870192,-1.9108069999335431,11.9133081054998,-2.0545571910086071,,0.1154221245174226,0.2173913043478261,1,5
0.92263589175506522,0.38294791130656686,0.045759244653649431,-0.3834149695867492,0.89793925326877644,0.21609733579084964,0.04166500140557846,-0.21692393751047595,0.97529894544843188,-6.5158163000348965,-28.558285422818727,-1.4758285790016035,,0.3028656251184916,0.375,0,3
-0.96935985644051348,0.24394543876163868,0.0288459984923141,-0.24476627099827034,-0.94928558565703047,-0.19734829476179994,-0.020759125781890264,-0.19836204216326389,0.9799089544062709,5.5442312911687068,26.99882889554252,-2.1352309882249108,,0.3590566105907959,0.1818181818181818,0,1
-0.34566578980239676,-0.93335559194502327,-0.096760016252789238,0.93823249765220251,-0.34546165444649674,-0.019391380982253546,-0.015327821423635755,-0.097486328744312026,0.99511882385892014,-18.988449677293936,6.4738453360253772,-1.9024139267568423,,0.4674322859471896,0.768361581920904,0,4
0.024389381023317759,0.99031837787472132,0.13665529092164588,-0.9994678675045694,0.0211931019322362,0.024795851595741852,0.021659638020235558,-0.13718732767304012,0.99030828392312353,6.7076760119937715,-28.215029894638576,-1.924999359418295,,0.3179884280551121,0.1333333333333333,0,5
0.64470142666275876,0.76143926797255901,0.067604080116636323,-0.7631777699738902,0.63605071107040412,0.11401396565558643,0.043815087317991108,-0.12509889742218605,0.9911763233588009,-16.494821620887599,-25.935189269335929,-1.4307794706741053,,0.2069091299981059,0.3076923076923077,0,3
0.74077304026391655,-0.66583713448947224,-0.088973103536978126,0.67118048277435993,0.72813983085847089,0.13902930000605704,-0.027786010165741715,-0.16270616783713315,0.98628324561802405,-5.4097632675105434,-32.767991261280706,-1.6355465394500945,,0.271402639388185,0.6578947368421053,0,3
0.30578661298557386,-0.94657529212478864,-0.10241954724407205,0.95200773595190491,0.30248460272642219,0.046736878384909503,-0.013259638250653275,-0.11179571303188839,0.99364274291173305,-2.6521365270725972,9.8426144217842033,-2.0233648083344007,,0.4412176527243596,0.3382352941176471,1,4
-0.6722966461481209,0.72040039336779227,0.17041271318043549,-0.74008058240644248,-0.65943076574541415,-0.13202952977783719,0.017261260757209688,-0.21488215008219225,0.97648743486699552,-17.290820230792978,38.65682589394676,-2.5342565812217868,,0.4056195672393189,0.3478260869565217,0,2
-0.016039201967589598,-0.9881817199179187,-0.15244550639591178,0.99810572500638395,-0.024880446690494457,0.056266553848281047,-0.059394492250737473,-0.15125426206406412,0.98670889450624266,-7.3689302784115567,12.384353450117302,-2.0317295489561711,,0.0836132648470392,0.2258064516129032,0,5
-0.43497550227100995,0.90044228491788869,-6.2896236764754966e-05,-0.90031194746678223,-0.4349113497602351,0.017044503463080486,0.015320237356360834,0.007470567688223408,0.99985472992118352,-8.8526211917795354,13.87991998691029,-2.023567080593383,0.4599940589337114,0.3643832120383015,0.9678714859437751,1,5
-0.36685130764713847,0.90871835903245357,0.19912574427971075,-0.92989858975199946,-0.3643274685946305,-0.050538187587911891,0.026621999452087142,-0.20370674899176217,0.97866992881174186,1.2091881005605023,22.916847833585312,-2.1357141874744725,,0.2754957583074069,0.2222222222222222,0,2
-0.93723772007680939,0.34867244440009604,-0.003603134924644388,-0.34829745452846067,-0.93662061573870481,-0.037824665791563537,-0.016563189131871225,-0.034195740806576072,0.99927789532065114,1.7461889419654202,30.528895220543877,-2.2254648197111058,,0.1259970938374012,0.4615384615384616,0,1
-0.78943863168877171,-0.59519037409309272,-0.1501168391096856,0.61236257677666628,-0.78053503408350677,-0.12560706640830119,-0.042411335286694093,-0.19108500505058532,0.9806568204443471,6.356412680071811,19.959903881184552,-2.2724182934966812,,0.2039742448201561,0.2916666666666667,0,1
0.95809591042776177,-0.26927330814178502,-0.0976939708681029,0.28580750109204128,0.92142700223112683,0.26322300788282549,0.019138932601411484,-0.28011455706860078,0.95977577390614532,-24.836583399198656,14.233968847159723,-2.1099926601219248,,0.4397882768671916,0.1739130434782609,0,1
0.077462681564224395,0.99660708081190941,0.027818329217326347,-0.99622332668257452,0.076274803212542749,0.041487802645987233,0.039225200297564648,-0.030927024920801408,0.99875167223447681,-14.061852148036385,11.989194870019809,-1.9776455750181368,,0.10797041188916,0.3939393939393939,0,4
-0.99390174530358821,-0.10209583537711094,-0.041662466095192481,0.10544372333920339,-0.99050743314759004,-0.088185294055981522,-0.032263631085925976,-0.092040563220920496,0.99523243156115493,-11.268052696597664,5.5648448148039673,-1.912518630291701,,0.07249274453462691,0.25,0,5
0.98984388672694223,0.14196458720245689,-0.0074253545191936303,-0.13815534636258964,0.9729643754234365,0.18507680683520197,0.033498957905173134,-0.18217129339530366,0.98269600573216398,-7.5088577717650482,5.6127471527202664,-1.9264819471103136,,0.07277018041421424,0.358974358974359,0,2
0.52698806826069344,-0.84320637279344801,-0.10623835838047282,0.84985136546358053,0.52372668271274359,0.058847416548149838,0.0060193463556220891,-0.12129870030309595,0.99259780010547527,0.96929231531178994,12.682036537874849,-2.1522942812603039,0.06440347838550128,0.196891318474745,0.2962962962962963,1,5
-0.99200796166405814,0.12570847116604697,-0.010843628185074346,-0.12360597965461248,-0.98546718224668362,-0.11651606974321602,-0.025333096706572099,-0.11424453156224833,0.99312960947671791,-1.0852926108374348,3.4841104284289566,-1.965842653879031,,0.1071393748135901,0.2451923076923077,0,5
0.024609939879113182,-0.99694757265173406,-0.074093780055834446,0.99915336756627804,0.022084688540191289,0.034710439539840897,-0.032968150389620594,-0.074885271688755195,0.9966470273592295,-11.072684179286847,13.796114490367971,-1.9935612168390744,,0.163044909752866,0.660377358490566,0,5
-0.90411594105186643,-0.42504580353620608,-0.043708466367048164,0.42699628731910066,-0.90253503569525129,-0.055719655044482404,-0.015765016701626278,-0.069040381218768918,0.99748929318041557,-0.13067011125793129,4.7185858337884481,-2.0010060820599942,,0.1946465914939924,0.28125,0,3
-0.6635714692002791,0.74285030739029523,0.088579490140365369,-0.74809451104565305,-0.65805729996751849,-0.085528898641482165,-0.0052447885323102222,-0.12302036729584001,0.9923902868446709,0.68518592898655672,34.876220310004562,-2.314397142661011,,0.4699894198634976,0.2777777777777778,0,5
-0.35234602389195441,0.93585430651516255,-0.0053848328251589203,-0.93565492594455102,-0.35213600484940338,0.023454075219419772,0.020053403781591147,0.013302295505873226,0.99971041303521857,0.10205632127792338,11.350608411521817,-2.1167715582267208,,0.07033831333410767,0.1636363636363636,0,5
0.87686119587675826,-0.45973833863627295,-0.14055284825837022,0.48074020108615878,0.8396473439053761,0.25274729856575379,0.0018172025810502188,-0.28919370300994823,0.95726887545463057,-6.5623451533904156,-25.46209847854335,-1.4728294938189481,,0.6123707805950369,0.1428571428571428,0,2
0.99637970571623402,-0.078116866530493032,-0.033544555449248503,0.080229648608754589,0.99451552152965261,0.067097547799593482,0.02811913087110551,-0.069545902827269995,0.99718237142410071,-5.9147724033893532,7.2408797988769509,-1.9493552413402588,,0.2184265434775145,0.6882217090069284,1,4
0.85223557689902041,-0.52151974197608952,-0.041372456982728137,0.5230879193597695,0.85074869834421585,0.051045870405849868,0.0085761347623542986,-0.065144539255538869,0.99783898446478958,-14.928458176588757,14.839413372295008,-2.0129395287299254,,0.1529770212707331,0.4285714285714285,0,1
0.90137647490372097,-0.41316398764930801,-0.12967640417540774,0.43284549797985633,0.86852169256919209,0.24148466703978508,0.012854002050388828,-0.27379844566116185,0.96170119360683959,-19.827418305366567,14.001629587186725,-2.0431393627993164,,0.6128774094556591,0.4285714285714285,0,1
0.99280919399669165,0.077893234672943207,-0.090898560537693338,-0.061861450195165757,0.98393044626856674,0.16749339654293768,0.10248446367811032,-0.16066586724604742,0.98167378176596176,0.58424871252447397,-31.407834524972682,-1.7352958801102529,,0.2903123058585062,0.7222222222222222,0,3
-0.97875872142387643,0.20495366770882048,0.0050358047420994414,-0.20364445861009273,-0.96908382668215221,-0.13930352235488744,-0.023670650901493999,-0.13737005116028295,0.99023692585669632,19.433072062817107,3.5594559374585852,-2.4883145247078025,,0.1304821785157608,0.3333333333333333,0,4
-0.82245016862995324,0.5612720529984927,0.092462979853663127,-0.56827925469998097,-0.81791368383670549,-0.089865980606145618,0.02518747304109465,-0.12645508418219961,0.99165251115815611,14.54045594328681,6.6335770017261479,-2.4281506097140659,,0.5491230593869239,0.1428571428571428,0,3
-0.81218830633896877,0.58291101603884365,-0.023767676091711893,-0.58336749095523244,-0.81187349294680489,0.023319561465676316,-0.0057031169402687598,0.032805164698833759,0.9994454940747135,-4.6536437557725687,6.411316957749678,-1.9670975559854325,,0.1119751967543259,0.4,1,4
-0.96614151653103308,-0.24446826087319984,-0.082497511845796082,0.25545540293502056,-0.95125666315792812,-0.17278106930144183,-0.036236820313328338,-0.18800539945245309,0.9814992932398382,17.736934578238948,-5.1859560416696011,-2.4752003230196529,,0.428301513704612,0.5813953488372093,0,2
0.4002221841000671,0.9104542876808942,0.10438004310043562,-0.91605885619531835,0.3942726482280115,0.073384268378153997,0.025658825777853014,-0.1249882750610932,0.99182637379581484,1.9945478098803728,-28.144129594577265,-1.7368124320045131,0.5564292494243699,0.2306839258677345,0.4666666666666667,1,3
-0.99672755569909777,-0.0728112062876803,-0.035109940886205858,0.074328317588213594,-0.99626106201648024,-0.044036320399175384,-0.031772329385892584,-0.046501876830145776,0.99841278764680608,9.8858621399203024,8.0377187560151775,-2.2684986617182372,,0.08028130558701289,0.4090909090909091,0,4
-0.8998276155502658,-0.43273354202525505,-0.055244401520874675,0.43439793208617999,-0.90044576975137069,-0.022267742052396039,-0.040108588760679728,-0.044035183014702495,0.99822452572779841,6.5822561099535184,5.5067989069013485,-2.128887006415805,,0.0966637285025759,0.4875,0,4
0.99797143722466841,0.059326506781546252,-0.023094936172892277,-0.05457999088276818,0.98404626688512153,0.1693338986284032,0.032772474410208419,-0.16772987277928914,0.98528810745815709,3.3764849863157829,-31.012464911325022,-1.8536556136138527,0.6104757555809549,0.2978895370501304,0.4,1,3
0.99763743180926512,0.052164216357664377,-0.044704017546583943,-0.036062920422587477,0.95150933192250364,0.30549870218216257,0.058472390267617975,-0.30316478323872365,0.95114252022512891,-3.0906801393659542,19.584943625675802,-2.0654792802533635,,0.491984749418973,0.3508771929824561,0,3
-0.68151433058410538,-0.71798608305018308,-0.14154222604846844,0.73024346689303676,-0.6798462970187229,-0.067479563498666545,-0.047777570768494544,-0.14934857540729274,0.98762964048031432,11.8975457721666,8.3048698983022859,-2.3371424689517277,,0.2639573188597463,0.1428571428571428,0,4
-0.92640096231550639,0.37644966081006015,0.0081798469970101578,-0.37623321909438878,-0.92455675894898637,-0.060360287703256035,-0.015159877004034056,-0.058995358781321915,0.99814313891920614,1.2372901209267968,4.3031420199677175,-1.9911443656624941,,0.07432954714391909,0.247787610619469,0,2
0.99823150636893776,0.052903100133588635,-0.0271131276074516,-0.05078833301073938,0.99600062963279956,0.073507081298729654,0.030893444650810755,-0.072000053939724917,0.99692606912964454,14.57548461158812,3.5669086837662967,-2.421111647521025,,0.8408253514951971,0.4833333333333333,0,1
0.98415339973894145,-0.16273862028169844,-0.070414680650363048,0.17530303567705072,0.95267155854868391,0.24836615553418878,0.026663298083585637,-0.25677430362330123,0.96610352733755966,1.1510898220326897,10.262814275814572,-2.1137857952596715,,0.1821848207100241,0.1428571428571428,0,3
-0.46408581363527929,0.88227498840969065,0.078836555031032429,-0.88567627136475713,-0.46361230406992687,-0.025321411026941854,0.01420914930256038,-0.081574973745958901,0.99656591539869743,11.720748312220675,2.7389879755005793,-2.3007044127195924,,0.2524874909253334,0.2678571428571428,0,1
0.92353551311339577,-0.35192077618268386,-0.15242678015805866,0.38321695968990777,0.8624158377389658,0.3307320435383011,0.015063791833381201,-0.36385531479968009,0.93133366312381594,4.7783839701119009,-29.798800287128156,-1.8756344640923019,,0.3805048623966237,0.2222222222222222,0,1
0.79083995929947559,0.61179427696750066,0.016730853086922549,-0.61055284133549725,0.78675174014573712,0.090812594472382199,0.042395597794514912,-0.082033298406605892,0.99572744827095039,-10.961326863994055,-42.639137105100659,-1.6285926407102937,,0.2731211185672736,0.7142857142857143,0,1
-0.99744323108941879,-0.062218794487669739,-0.03515426526613772,0.064275919318340216,-0.99607944015542649,-0.060781206761917013,-0.031234707453137535,-0.062885375980062302,0.99753186542494143,-2.4371866542754885,4.0899117454127465,-1.98009220038851,,0.1030099902662458,0.3695652173913043,0,3
-0.68886849296993491,-0.68080924298811185,-0.24891559624757428,0.72361535260997989,-0.66617261484865686,-0.1805404904525256,-0.042907118995172702,-0.304487802526896,0.95154934567361071,7.615555909898319,12.752534277284111,-2.2362554771472238,,0.5246541412803004,0.2941176470588235,0,2
0.15331509444967448,-0.96257244232877404,-0.22349222600150509,0.98812441157446806,0.14699341383296205,0.04475582130119652,-0.010228834953233741,-0.22769986727917083,0.97367763729919821,16.386612402936933,3.5826348280356188,-2.457995562932064,,0.4279715304045539,0.3055555555555556,0,4
-0.74871115744821704,0.6540347698255683,0.10802834152094574,-0.66127414550615204,-0.74828859312119778,-0.052732209225541747,0.046347677370703895,-0.11091754263376712,0.99274830220878574,4.0853104050067071,9.2578309839396251,-2.1268871110155163,,0.4288562849635801,0.391304347826087,0,3
0.99309838086354352,0.11721112225883509,-0.0041423115567377706,-0.11263754584025173,0.96300024853548349,0.2448332179008455,0.032686223295049922,-0.24267689247108407,0.96955636074819529,6.6463292660951208,18.479508857832172,-2.2935261208836155,,0.4555875662156612,0.3076923076923077,0,1
-0.38816837384492714,0.91836127613956331,0.077057640983206041,-0.9202529141881195,-0.39074839693816038,0.021219430212199651,0.049597252694654155,-0.062675806955871827,0.9968008104669519,16.613829534770435,6.729190273721116,-2.4932663772898014,,0.2286595474632727,0.1363636363636364,0,4
-0.99668386622469052,0.052410754128836452,-0.062244547223417594,-0.042198892534359621,-0.98696099179210639,-0.1553295018649512,-0.069573876392473463,-0.15218775749838406,0.98589977289343989,20.798015128126337,1.5024249436172084,-2.5651060491501774,,0.4406958615507034,0.425,0,3
-0.0092959765586664786,-0.9561725666118075,-0.29265612530546548,0.99964967382937542,-0.016139247249927931,0.020977471511801696,-0.024781332341976325,-0.29235859412234372,0.95598762440220042,-20.720864132536409,18.002103901093868,-2.1612903094093547,,0.2031940365506385,0.1428571428571428,0,2
0.52927266379736215,0.84716053425232263,0.046791842901974572,-0.84738901289893531,0.52504569866717909,0.079113052837449988,0.042453600259714237,-0.081523269784844934,0.99576686443593565,-3.1683930377222689,-28.215764816983707,-1.5997047273645215,,0.1553957756095529,0.4571428571428571,0,2
0.10022487696425926,0.96743792128526751,0.23241953983419625,-0.99410200161453111,0.087641418207116531,0.063876382181745961,0.041426856307017236,-0.23745073230859015,0.97051582434426709,-18.210202055218396,18.744922185827139,-2.1500564642090918,,0.1159673683628888,0.375,0,3
-0.82128066832780533,0.5598877420625894,0.10965299867804794,-0.57027751815392558,-0.79996701519832936,-0.18664492193165749,-0.016781421847739633,-0.21582050616827561,0.97628883687054258,12.82046735052541,1.6470225394183315,-2.3187542110188115,,0.5726461063493739,0.168141592920354,0,2
-0.56143160514302426,0.82701400035540074,0.029024058342763222,-0.8273489028192017,-0.56168774272884947,0.00082016585672735917,0.016980746461504107,-0.023552555791819717,0.99957837679957995,5.6194399386956526,-30.571081393416559,-1.8978446483155609,,0.06353602123797469,0.2777777777777778,0,2
0.88517146806672076,0.45625726268037103,0.091108629514556269,-0.46349510454412618,0.84766840277241773,0.25812897358663045,0.040543312447741973,-0.27071680626195482,0.96180489218088894,0.75743928271616001,-1.0330066291704283,-1.8765055907914745,,0.1008952357028034,0.2166666666666667,0,1
-0.99601255641983821,-0.075402452341304521,-0.047680788950435551,0.081201392184513763,-0.98758632484457709,-0.13446034689557462,-0.036950255226661725,-0.13779594029179087,0.9897711641979603,20.276559964562125,10.056762832446729,-2.6045732438687024,,0.2881297219834846,0.7142857142857143,0,3
-0.21373068799085354,0.96716981558166304,0.13748360207199209,-0.97657050744061891,-0.20791989693189528,-0.055491985520468967,-0.025084597029457964,-0.14612277128347767,0.98894838020207487,-16.345062115140099,16.64777471109571,-2.0650376204855485,,0.3391134552712639,0.1764705882352941,0,3
0.65362411532123876,0.73970341344158286,0.16004491873657842,-0.75470995873988356,0.62128375874300557,0.21075903136284774,0.056465866232359836,-0.25854467943671378,0.96434757981009922,15.509683724355188,6.1697478979508942,-2.4555300686033377,,0.2023300001669981,0.125,0,2
0.23953018137015986,0.96600778674001486,0.097232958252000304,-0.97016387301550144,0.23427828202362347,0.062415911974596686,0.037514686568586413,-0.10928239807817428,0.99330257513103382,-0.70297811867983251,-25.153244928708759,-1.6297513707046478,,0.4084628437561846,0.2727272727272727,0,1
-0.18592657776880744,-0.97680375789371476,-0.10623429881115108,0.9819299436717579,-0.18859993137374306,0.015609343567174604,-0.03528304691999104,-0.10141244721697994,0.99421859877468866,2.9801046131918838,4.1675870214152493,-2.007804079226275,,0.07776593655650452,0.3129770992366412,0,2
-0.59618148854693587,-0.79318797900498417,-0.12417915556142546,0.80171395661073275,-0.59639792497231447,-0.03955056085926198,-0.042689161265176717,-0.12313547437967109,0.99147127566045479,14.213402339944077,4.4551799965411947,-2.401935069131897,,0.1437528830672801,0.1153846153846154,0,1
-0.021905732065732951,0.95745860599083199,0.28773800012643069,-0.99928682522061285,-0.029823080513293829,0.023160846469992436,0.030756785319231282,-0.28702543734448205,0.95742906707183073,-3.2795947093349365,-22.228033846071671,-1.497965597304701,,0.52518583447057,0.3157894736842105,0,1
