axis_00,axis_01,axis_02,axis_10,axis_11,axis_12,axis_20,axis_21,axis_22,location_x,location_y,location_z,dbh,dbh_approximation,score,reconstructed,number_clusters
0.086662583070705984,0.99199428428036951,0.091852798817404421,-0.99487427217765556,0.081353274054760283,0.060056867713456405,0.05210354358864195,-0.096586669658129662,0.99395987644867168,2.7187080585511199,14.908219892006528,-1.2100234462245776,,0.0934331629160762,0.2777777777777778,0,5
-0.81432658594926843,0.56947234497091925,0.11213143952313741,-0.58006332713980358,-0.80515883144453104,-0.12347385413268198,0.019968673559106743,-0.16559137797663168,0.98599226549506502,-18.540479444285513,-7.6168291367908498,-1.9797323398221272,,0.1060399740002519,0.2777777777777778,0,1
-0.92440463583343235,0.38132204892607302,-0.0083405187176991153,-0.38132130289518229,-0.92348065815171854,0.04216085836399152,0.0083745571810917019,0.04215411038664519,0.99907602201710899,-18.322917253648388,-1.0990735390357158,-1.7839207836924207,,0.0686364333383688,0.15,0,1
-0.65087121876863174,0.75882038578179645,0.023627922054245531,-0.75854801092898416,-0.65128517652941975,0.020797450534250687,0.031170044823800612,-0.0043864513001249496,0.99950447090079308,-14.428428802456205,7.0437621849782053,-1.5485080026841611,,0.08833807624815707,0.3333333333333333,0,1
-0.82607147922452107,0.56350352068063159,0.0083482568446348274,-0.5633419900460841,-0.82607048997586996,0.015916904282660557,0.015865480223707758,0.0084455770411800985,0.99983846633629414,-0.67088512513508958,12.945737969043588,-1.2765041688860264,0.7273527306273878,0.6299619420648845,0.9795698924731183,1,5
0.87163970745814079,-0.48781492659683334,-0.047757907948468639,0.48945585349421383,0.86109574027629487,0.13764844190281342,-0.026022833484055641,-0.14335523522825294,0.98932911039255056,4.4590385970963275,-30.286271709840019,-0.88467463300557048,0.4127849392641834,0.3629627728587991,0.6304347826086957,1,5
-0.66757534480838299,0.74146553015702654,0.067616762662276814,-0.74453754505594194,-0.66448969434663663,-0.064166113402505623,-0.002646319337939327,-0.093178933756893456,0.99564586239178887,10.27997932580471,9.6391568642923424,-1.0213735911167467,0.5085125869593646,0.2998563576812427,0.2181818181818182,1,5
-0.050786601365627786,-0.9813829384578675,-0.18522486125120902,0.99799415774607125,-0.056888239415068993,0.027773896395056993,-0.037793944309087134,-0.18344278759344729,0.98230359943018974,9.7095176324190859,18.242649852500559,-1.1932387913036286,,0.4162954204283471,0.1428571428571428,0,4
-0.50306375375342471,0.83966869157557844,0.20465421580624951,-0.86357449512820561,-0.49773004499578682,-0.080646721399930149,0.034146025004082432,-0.21730460348609612,0.97550641119378223,-14.763843248473984,-5.7160603818937128,-1.8083658754346383,,0.5296261426906729,0.3866666666666667,0,3
-0.035206696907638141,0.98464436408573552,0.17098527646277656,-0.99846971064898493,-0.041956959189150947,0.036025692111786869,0.042646516966653274,-0.16945527389195769,0.98461473924617626,-9.5400655328491215,-0.018489065246316775,-1.5235611159914375,0.3078027277955901,0.2409085529165151,0.2451612903225806,1,5
-0.11165797034584878,0.9706515578718512,0.21299777195828631,-0.99328979702758891,-0.11551170139646466,0.005694379806955926,0.030130993663293602,-0.21093269078415164,0.97703609103216904,-12.964098994649325,-3.8028524584463868,-1.6186527499412655,,0.5777699093282956,0.6198630136986302,0,3
0.11531770898484885,0.99214225327925054,0.048534268846435503,-0.99207030987875477,0.11257547055735899,0.055886167213916524,0.049983259713211256,-0.054594071901275076,0.99725681800711774,0.47483323620328227,12.643236992339434,-1.2624820939459207,,0.07883374580516696,0.2622950819672131,0,5
-0.81773295713318306,-0.5716582896405985,-0.067228049974732376,0.57406640569467215,-0.81848966276690482,-0.0228568107249927,-0.041959178626607127,-0.05728413243563818,0.99747579193686531,-15.051581945168275,-4.3946536092422752,-1.7607504649859806,0.3648863556990158,0.3447779464842943,0.5977011494252874,1,4
-0.93599931618414656,0.35190299389915114,0.0083404428914587107,-0.35187210968795896,-0.93474854841515298,-0.049306892616661518,-0.0095550262457366145,-0.04908598700830983,0.99874885098950961,5.856383964799182,11.045125523631702,-1.1472241948229209,,0.128091725339848,0.2307692307692308,0,3
-0.8132402287985474,0.581746581748527,0.014534265980448286,-0.58155840267608605,-0.81336018734125837,0.015330685732627974,0.020740167321542345,0.0040150058651821268,0.99977683769298098,5.8545810442612263,-34.035401927215496,-0.7150670753480689,0.2060555766477868,0.1991033353216538,0.4117647058823529,1,5
-0.74356362108003171,0.66519690587365643,0.068016305563181487,-0.66829151614743321,-0.74269365244609797,-0.042338966232528162,0.022351529068842167,-0.076936435012209523,0.99678543032886291,1.7756601425651912,12.792801880272609,-1.2187381793250047,0.1166155460621544,0.1314824915108184,0.1951219512195122,1,5
-0.33848190346776325,-0.93867883795196994,-0.065666126777643122,0.93944984284474897,-0.34107909168429118,0.033151862614248857,-0.05351629475043055,-0.050468726920307495,0.99729078698202522,-16.982936667228536,10.243095375717406,-1.6583189330660384,,0.09694859031670792,0.3888888888888889,0,3
-0.45801681010414641,-0.85683655720697627,-0.23675243588127665,0.88642261783296705,-0.46026543694060185,-0.049098575865558464,-0.066899508639236965,-0.23235068709081255,0.97032861132312054,-11.082426024195996,-32.526763049441115,-2.0837089390106294,,0.3035215377800598,0.3529411764705883,0,4
-0.36167681747559227,0.92278990948410899,0.1328482692963518,-0.93129106127260897,-0.36423643420361984,-0.0053646241591681406,0.043437758856370391,-0.12566066589406946,0.99112186846653449,8.4011435130098651,8.8758737223064266,-1.0532634910863166,,0.07129222979168062,0.1944444444444444,0,4
-0.52787737655173461,0.83786897569458685,0.13900019745798947,-0.84785182487949595,-0.52948010931448297,-0.028250608645301385,0.049927531216403712,-0.13276442825103818,0.98988931109382561,13.107451389225902,12.266764690492112,-1.0323835016468144,,0.2660154011230742,0.3055555555555556,0,4
0.94716182217680522,0.31726654412135874,0.047184982695828818,-0.31922357154372311,0.9180183389282881,0.23524166459668275,0.031317630523160486,-0.23787448239069003,0.97079088203679509,10.775777596341376,-23.661927010304865,-0.56036626532306144,0.8180877086786104,0.4738366549338202,0.2903225806451613,1,6
-0.82772030160549204,0.55153672124598419,0.10337479106312228,-0.56039077965674777,-0.82198823839555035,-0.10147664763423915,0.029004764881261563,-0.14192456114644308,0.98945244582929504,8.4787094262027463,12.182078252723235,-1.1092403724692992,,0.2740659406685559,0.4615384615384616,0,5
-0.99205787318286276,0.12429416587508528,0.019290842006336378,-0.12565587966825556,-0.97246291258702711,-0.19628164342992996,-0.0056370347429759993,-0.19714675744778076,0.98035778156096365,-20.320885947210073,-7.7751154041361659,-2.1059782253037662,,0.1868234252507892,0.5,0,1
0.50531617666042583,-0.83917127058179941,-0.20111474395334097,0.86126153644497183,0.47594425048417527,0.17806076567144946,-0.05370407289708861,-0.26318937870131653,0.96324826679993536,0.62415295611242716,-29.512054724919611,-1.2365748854953067,,0.4965887330389296,0.1666666666666667,0,4
0.83588201495420145,-0.54319673497122034,-0.07898458199362883,0.54887957914384267,0.82564490522816669,0.13054385496701293,-0.0056977780740219324,-0.15247228465323123,0.98829132230210437,-13.404711748431025,1.9115832647847693,-1.568779711381115,0.1177466591390035,0.1310847366865579,0.4461538461538462,1,5
0.93877230603007278,0.34453548929523314,0.0013616339716625424,-0.34277093446952711,0.93354998189609228,0.10484520868734096,0.034851741905759202,-0.098892506884491582,0.99448762092257059,19.330588132184701,-18.451227116280698,-0.366835696374047,0.8268791499494237,0.6473648920381928,0.1578947368421053,1,7
-0.81410527793535747,-0.56750815612879768,-0.12315473667335669,0.58000964199575356,-0.8050844140668274,-0.12420910360608969,-0.0286602796523211,-0.17255022154133245,0.98458367314123463,-6.2544485635500875,19.677655762841134,-1.3456022892082686,,0.4527258021696382,0.3,0,4
0.98466952068457125,0.16783556095024904,0.047509572880964919,-0.17423465907385224,0.95927600007371983,0.22233272197313467,-0.008259455928506099,-0.2272020690114418,0.97381261093943805,10.150663970176687,-27.420061088285273,-0.52920289870917347,,0.3054335020321491,0.2363636363636364,0,5
-0.95961677846879756,-0.27876336530776663,-0.037770684974671807,0.28002960729194931,-0.95939620362363576,-0.033798572639573803,-0.026815247921357831,-0.04301058747383673,0.99871468991102363,1.232928353706658,9.3128496780842216,-1.2425500652599364,0.8367784965496798,0.6314348761636186,0.7367458866544789,1,6
-0.98696606954794386,-0.15919106575283626,-0.023583514275029999,0.1602498560843828,-0.98563761069150568,-0.053277425006050677,-0.014763508594469567,-0.056362265522394719,0.99830122399963306,8.5999795707651181,10.794025866508248,-1.0818012281993505,,0.07889642550681863,0.36,0,4
0.54507453436718745,-0.79841636394290294,-0.25578323200043279,0.83759099464167752,0.5052977313614081,0.20764279033036251,-0.036538714804419212,-0.32742252895793161,0.94417128205174383,-21.629977979084089,-12.608183938515893,-2.3760932578852816,,0.2679392944872571,0.4285714285714285,0,1
-0.88954026903773742,-0.45315736286632757,-0.058021670437048242,0.455742490000209,-0.88904993274285882,-0.043462626454550117,-0.031888753012297849,-0.0651046969884191,0.99736878127469353,6.1980660657589128,17.152835581234758,-1.2041720109354013,,0.0842428696661579,0.4545454545454545,0,3
-0.68524615271032363,-0.72274552230099587,-0.089870018301767093,0.72696274691825535,-0.68625621644731449,-0.024032685669331859,-0.044304342775444705,-0.081800460764452715,0.99566350230886702,-20.288483690195431,-3.1695046406842717,-1.9310596306202625,0.2695733401912023,0.1879948407542036,0.25,1,4
0.16051955285125785,0.98424412110324144,0.0741416429959533,-0.98546258482425853,0.15557630265700056,0.068260588651637685,0.055650400393195354,-0.084020974317634098,0.99490879421723488,-19.699224295452019,4.8979533765469183,-1.7077807783104026,0.2961583954465941,0.4418525019481065,0.5862068965517241,1,4
-0.99178950556402168,-0.12411368785158489,-0.030811834430184822,0.126493814994867,-0.98752250910928507,-0.093800899625466616,-0.018785404470442964,-0.096928254345066175,0.995114074912269,-0.62253399126947162,6.5689522113958416,-1.3038322078033007,,0.06812056034832167,0.1985294117647059,0,2
0.20126411073710684,-0.97250239263153693,-0.11718299388194862,0.97836033984024362,0.19371668762900657,0.072697251404221466,-0.047997949507080528,-0.12927854137474296,0.99044598822103092,-12.157018728773917,-4.2025307460928625,-1.5994566124081331,,0.07177499179741521,0.3333333333333333,0,1
-0.93214761111754418,-0.35419467650573833,-0.075146272181989937,0.36080050960051885,-0.92605475457925135,-0.11065976591863749,-0.030394462651285814,-0.13026404974572586,0.99101334702615484,-15.652327943395813,1.8205812817864848,-1.6766804627462499,,0.1072661675405915,0.1538461538461539,0,2
-0.71694552659551325,0.6895913364654972,0.1022394276510324,-0.69683204638064367,-0.71317267919781457,-0.076222232864003966,0.020352175108465122,-0.12589089846982393,0.99183530419662647,-8.72104116993291,5.5901040264346067,-1.4512455985661312,0.2112142290530381,0.2077162831338216,0.3309002433090024,1,5
0.03345923150127289,0.99513802978365362,0.092632507823397089,-0.99796597435430323,0.028233986111181851,0.057155542682568075,0.054262269197016592,-0.09435647146105608,0.99405858098756383,-12.986378491203233,5.6718140685567633,-1.5109011540895556,,0.11147724557166,0.2783505154639175,0,3
0.53297163934794101,0.84359555174877265,0.065481117281637663,-0.84470475892168984,0.5259814937326287,0.099082483345150768,0.049143686327113842,-0.10812036496643875,0.99292239614871525,0.95043393376065521,15.094291974667152,-1.2520991145362685,,0.08456648802632352,0.1944444444444444,1,5
-0.94184039723888258,0.33526092677825936,0.02316845063201662,-0.33596239428193048,-0.94099096872341159,-0.040807675862879665,0.0081200835745860057,-0.046218045791225147,0.99889837145026139,1.4832379866501071,7.015012077964343,-1.2339128873419973,,0.1484840698303931,0.4,1,5
-0.88774010243683876,-0.44721252963217539,-0.10917171733292215,0.45737237200840564,-0.88375335052786097,-0.098947100787147579,-0.052230487733060521,-0.13777143670140057,0.9890859453962515,5.8285700871127251,14.534701254665539,-1.1792506912742484,,0.2632508024660917,0.15625,0,5
-0.97761230154739132,-0.20130864108957719,-0.061229232282302259,0.20720152009556764,-0.97168190361575835,-0.11358612703909809,-0.036629468100130014,-0.12372998508172463,0.99163963860788562,-19.2259396536578,3.6020318750530493,-1.7052199437847817,,0.3727193137480493,0.2222222222222222,0,3
-0.94159214947105374,0.33665602838511527,0.0081818461511526594,-0.33665664987792371,-0.94162651701738409,0.0013425880541600051,0.0081562336561527716,-0.0014903025432929711,0.99996562683468071,-14.682109431912792,1.496433927832614,-1.6381532185290852,0.1816970311981302,0.1264515816600823,0.6585365853658537,1,5
-0.95941799264306948,-0.26790571180055184,-0.087997982802925159,0.28073713883039847,-0.93682148679483568,-0.20869154453603606,-0.02652874429869943,-0.22492672465528515,0.974014473332805,2.391921955892252,17.844068864204992,-1.2424400279670038,,0.306368943174104,0.3333333333333333,0,4
-0.33359951584461012,0.92741441567510763,0.1691563319129373,-0.94271302366865206,-0.32854147902928615,-0.057902085996585174,0.0018756422229523819,-0.1787819849851971,0.98388692633401931,6.2657659773051195,22.683248104814485,-1.313584802284983,,0.4852279757684981,0.6333333333333333,0,2
0.4384593053606447,0.89171764120549024,0.11221891955270215,-0.89693123681187104,0.42620545929974074,0.11774235811390389,0.057164621697222487,-0.15227788685824373,0.98668315643888438,9.4376878580258623,-29.71754017178116,-0.542604298490446,,0.2988314892054083,0.48,0,4
-0.8135295581024683,0.55871828363632292,0.16125612429946357,-0.5811783034304101,-0.7907158786870937,-0.19235430542061535,0.020035910644462297,-0.25020447382606598,0.96798568355222525,-24.207567114668628,-7.5566185047661287,-2.1863739856727795,,0.3101870514018517,0.125,0,1
-0.38682333356013343,0.89939642357399252,0.20360201834888086,-0.9220487682841203,-0.38056704290463161,-0.07067386193326311,0.013920399389509164,-0.2150692891073398,0.97649957673503429,-20.835832214147253,5.5848940813553396,-1.7311615789753556,,0.4316094625094568,0.1818181818181818,0,5
0.47139452662982145,-0.86978390305233833,-0.14581893654284556,0.87937628295207471,0.45100928237545296,0.15260399795736432,-0.066966807037807011,-0.200166403780002,0.97747064280874563,12.74276722649201,-23.387091929418286,-0.51339200537757246,,0.2385760498513828,0.1176470588235294,0,4
-0.65458780855156418,-0.74580835515858046,-0.12363129972346237,0.75591018489694362,-0.64802622476839689,-0.09306881530075814,-0.01070482436698929,-0.15437587048522561,0.98795419800069684,14.266894625753251,-20.854853273410452,-0.49609318383430279,,0.2596554685184236,0.25,0,3
0.7406262504935055,-0.64807122377895954,-0.17741602517690683,0.67185813749670242,0.71077733890694028,0.20833198884432291,-0.008910676707956389,-0.27349453999305046,0.96183228082373928,-7.235650397785923,15.602229505692366,-1.3523952418724929,,0.4626325793687642,0.2,0,4
0.24633095365029573,0.94501838687738671,0.21508442467412561,-0.96783947749679311,0.22816167822313391,0.10596694951323198,0.05106669239800618,-0.23427013692331103,0.9708293855634279,1.3461681036757582,19.067084707315779,-1.2921583008846327,,0.1965313736942278,0.2666666666666667,0,4
-0.73652151860527337,-0.6689447217118607,-0.10024476008861088,0.67611842288500978,-0.7324515331071868,-0.079866325096493246,-0.019998271597042493,-0.12660059613908947,0.99175216570994107,-5.907954395156068,-30.449697021998514,-1.6819907651114043,,0.2929957328496866,0.2962962962962963,0,3
-0.81953280558681352,0.56472815206143523,0.097201310877385566,-0.57301694384240931,-0.80639438507087868,-0.14621791202059931,-0.0041907799406218438,-0.17552837376172306,0.98446545260260598,3.7898865588078881,9.0649090583623391,-1.1859465892901122,0.4092534810715262,0.2603722595065143,0.6305732484076433,1,5
0.86841496171885024,0.49299401810697024,0.0530316167355947,-0.49452145224409066,0.85335175717354095,0.16504336339042713,0.036110767552662043,-0.1695513982235865,0.98485955132048331,-25.321506035661162,-3.7270726242568935,-2.0797396198067228,,0.2487205095336909,0.4736842105263158,0,1
-0.33454961573160102,0.93022907367792795,0.1508324404700141,-0.94168268979271752,-0.33614078603645597,-0.015591141957678533,0.03619760155851514,-0.14725230880056117,0.98843638702463488,8.0451435506290281,-30.244910063372739,-0.67542571186501255,,0.2672617113462531,0.4117647058823529,0,4
-0.75007677878001788,-0.65966038015396333,-0.047254722410798283,0.65993856366579251,-0.75122895406344437,0.011668365929935288,-0.043196274396339052,-0.02243304330385559,0.99881471777622755,2.3935775529982659,21.317774421724966,-1.3003689367458477,,0.1296517003254979,0.5555555555555556,0,1
-0.74307859173190671,0.66866075765887334,0.026962894443773342,-0.66870698115950922,-0.74347640131548265,0.0085915095014510202,0.02579108098277948,-0.011646108965628659,0.99959951394931101,-8.4044839149382877,3.9722948757118428,-1.4595655421194691,,0.09706491026062261,0.36,0,5
0.45884050522320036,-0.88199632730205879,-0.10746101335926407,0.88823140571501347,0.45224998136019323,0.08071508075470267,-0.022591163494862166,-0.13248559538827795,0.99092744756947992,19.844301073264912,-20.501261910963088,-0.31001466616886358,,0.3529169588716939,0.1379310344827586,0,5
-0.53033922463701033,-0.79878688997695424,-0.28404191805499235,0.84630251039881077,-0.51862214376232174,-0.12166812603160933,-0.050123524457928628,-0.30491076793107519,0.95106101586364955,20.715318548149288,-13.036097876092832,-0.44371423703332763,,0.225356194540006,0.3684210526315789,0,1
-0.56335671536004472,0.82268014127279188,0.076332145352551756,-0.82559865610895278,-0.56409404420358589,-0.01359295130338609,0.031875857476072987,-0.070677397019304547,0.99698978693903539,-7.9982336287036508,7.4334982803104257,-1.4242628436819951,0.280834558813425,0.3911590048954449,0.4782608695652174,1,5
0.98716416063765933,0.15968589410380918,0.0027083531549906064,-0.15863429710983815,0.97841740337288097,0.13241806733802056,0.01849539761704757,-0.1311480079960653,0.99119025432338237,-1.5079794690987143,14.089773169749156,-1.2667225258817922,0.2373322348918763,0.153191090732014,0.6680161943319838,1,5
0.6247888582208303,-0.7670683365431572,-0.14575681704820226,0.7800510310734563,0.60508148873195389,0.15936367501773591,-0.034048077248901749,-0.2132664039806422,0.97640061929968947,15.162103015045416,10.996282721145048,-0.94956822506380978,,0.3874656378856408,0.5,0,2
-0.54571710968995624,0.82843129284788686,0.12607311062244275,-0.83597273266822336,-0.54859993138148533,-0.013700566537650921,0.057813721786987876,-0.11287031637506852,0.99192634063952989,7.3097482424660551,7.5957650523962954,-1.0889012201616353,0.2470377931989549,0.3407251683214277,0.5346534653465347,1,5
-0.91014487325862248,-0.41169118753322487,-0.04633223271685015,0.41301989228449798,-0.91041312398105534,-0.023717340920870276,-0.032417252479921388,-0.040722350012470779,0.99864448726817423,5.203931978083026,17.581735907027021,-1.2215489203353109,,0.1615306209313336,0.2380952380952381,0,1
0.92313552315026903,-0.37468177907974404,-0.086222794687466589,0.38446455225282605,0.8979681042716442,0.21410346043869444,-0.0027953459737920252,-0.2307961181138613,0.97299811814024595,-21.446078904190088,-3.4362230263510765,-2.0001931535855313,,0.3264294869037051,0.4090909090909091,0,2
0.78949101955700818,0.60644293725885867,0.094503406751733951,-0.61237606645492093,0.76797260178036963,0.18765296733035719,0.041224789532924751,-0.20602195699375789,0.97767861281938073,7.7620332306166038,17.536031227080855,-1.1980610797737321,,0.07541675279425689,0.25,0,1
-0.98787666986593492,0.15521291040747448,-0.0029389755754366522,-0.15519486450750508,-0.98786796892059303,-0.0056062475151020053,-0.0037734818256974956,-0.0050821672094423917,0.99997996600500327,-12.472224476161571,11.409569804480926,-1.468000010955099,,0.09426777836369851,0.3428571428571429,0,5
0.99463969683303222,-0.098588678912409994,-0.031179253907053901,0.10339853662002334,0.94602776657746956,0.30714851047869945,-0.00078492594076742296,-0.30872599057214439,0.95115069607108904,10.573179199028958,11.950334010435997,-1.0555589707097899,,0.4074734746977534,0.2380952380952381,0,4
0.97758168322782957,-0.19563557789358363,-0.077850968392743178,0.20812806253002872,0.95382330660326897,0.21657287311180914,0.031886708907330322,-0.22792064505579762,0.97315744736009158,-18.688721728822216,-5.8561712850844705,-1.920744875278698,,0.3079373384441202,0.1041666666666667,0,4
0.20439024071131501,0.97598879184429532,0.075302773496620984,-0.9774488256019882,0.19931264159749004,0.069772947685506223,0.053088820209763452,-0.087865517091423345,0.994716657181829,-10.78256737794271,10.544860113933254,-1.4560378866151462,,0.08138316472718987,0.25,0,2
0.99972572980829055,0.021422212733900485,-0.0094632954547765932,-0.019404183641141198,0.98393827882543383,0.17745123589105805,0.013112696766941235,-0.17721893878371625,0.98408409443495848,-20.501869351194152,12.966262619740338,-1.6636619779052777,,0.2264947105677049,0.3333333333333333,0,5
-0.55324702232939027,-0.80843376188477034,-0.20087952839575679,0.83264326193143445,-0.54390405239658213,-0.10427646017561573,-0.024958578562165983,-0.22495162686989983,0.97405022197253355,-18.892954389468819,7.4918594629434452,-1.6816909151249244,,0.6101155331010664,0.4545454545454545,0,3
0.98838457223019671,-0.1495778797625979,-0.026877411762625258,0.15166185972526675,0.98212949732616128,0.11144653779519761,0.0097271620735674968,-0.11422831683776431,0.99340690250793373,10.159085431723511,-25.814500738036333,-0.55157624727670485,0.4642931883136272,0.4079244740880194,0.9285714285714286,1,5
-0.58777453076852992,0.80171031222549161,0.10854343025323472,-0.80780771563299003,-0.58894064820048497,-0.024405070395365575,0.044359841564690562,-0.10202689923984333,0.99379208906483985,-18.385886902672997,13.464821137821088,-1.6057193759208392,0.6265217448384182,0.2131423281395216,0.3846153846153846,1,5
-0.22114586305151307,-0.96980920821540528,-0.1027842736794381,0.97370552836346769,-0.22547938121165256,0.032505271616001585,-0.054699646156270043,-0.092893209165248097,0.99417241985550997,-2.7624584941184214,10.037807350414662,-1.2941835682083973,,0.1352993736742706,0.3009259259259259,0,5
0.8865699868777841,0.45633895273182645,0.07581832619588541,-0.46129727734220755,0.85986305330382706,0.21872437330962063,0.034619073993857746,-0.22888925222176729,0.97283669232465131,4.2168858343017455,20.841340537450925,-1.2739169956652383,,0.2200751731104267,0.1818181818181818,0,1
0.2165861912593228,0.96912513893160934,0.11784263594543817,-0.97496098296923495,0.20848243904537278,0.077370241678282256,0.050413326050196598,-0.13164929813896259,0.99001361549024958,17.230685575840731,-21.880239435812278,-0.34796811653796111,,0.3538681399594595,0.125,0,4
-0.94763014579273208,0.31855572803979859,0.022789359751405603,-0.3191551643652813,-0.94719508827973542,-0.031007189452032579,0.01170845181121109,-0.036656689318291906,0.99925932534272954,-18.56689512371296,1.9072952664591822,-1.7165989685660537,,0.7003010586207932,0.7368421052631579,0,2
-0.84556059522968696,0.53259736525815915,0.03697737571657022,-0.53387232772555093,-0.84316067347952095,-0.063721396614190434,-0.002759978934599385,-0.073621499696949477,0.99728243607247657,-26.437008640827912,-8.3076295166893424,-2.4073379172953624,,0.3281873691521203,0.2631578947368421,1,2
0.8877820244191803,-0.4451269404915541,-0.11706871472263601,0.46008377907255998,0.85112827641654343,0.2527915610112712,-0.012883840750853985,-0.27828522047142906,0.96041206922584788,-20.895567154633699,-1.3989105653077683,-1.9248131496747456,,0.1543779098425673,0.2857142857142857,0,1
-0.92230429145810178,0.3764175508200403,0.087547823460165666,-0.38645821405664982,-0.89702260746317131,-0.21447724934854784,-0.0022006240284362191,-0.23164686299325751,0.97279745482770974,-16.712209000814866,4.1420993508898469,-1.6581900398209029,,0.2692268226181926,0.2272727272727273,0,3
0.98663545713526257,-0.16110649495449425,-0.02439614737962336,0.16280343061289174,0.9808769490728102,0.10665577226896181,0.0067466809739384235,-0.10920214311584203,0.99399666711450452,-13.904729623377454,2.8990677426400833,-1.58546595733732,,0.08076763352070886,0.3125,0,3
-0.64608326482349709,0.75871433393467558,0.083240461297811708,-0.76261919491118901,-0.64617663257764391,-0.029457139433869007,0.031438487050440875,-0.08251253839676824,0.99609402294125904,12.208879367045821,-31.173627919497878,-0.29275422178584154,,0.1710725590046428,0.3043478260869565,0,1
-0.57850341564917018,0.80236857699890574,0.14675988800415832,-0.81470333522825344,-0.57718316142839299,-0.055839714643648335,0.039903303750468001,-0.15186923588493847,0.98759478610486884,4.616245264784788,13.323633553057814,-1.1805270049022087,0.3458934619187505,0.1534693674093385,0.2380952380952381,1,4
-0.99851483650378237,0.05446175167084838,-0.0014278959233551879,-0.053658322801879627,-0.98764485811458558,-0.14723592847504838,-0.0094289806402594063,-0.14694064054836259,0.98910037027559694,3.0955165226103141,7.5916786423729929,-1.1906778693691369,0.5924930050135292,0.643515068939376,0.6023622047244095,1,1
0.94110762350031807,0.33094095606727347,0.069242505636806728,-0.33809842598453788,0.9196663939986276,0.19975779858703724,0.0024280313758562352,-0.21140436927093154,0.97739567080931888,15.174991425216076,-22.047626583227615,-0.42794798589608385,,0.1992429359858545,0.1,0,3
-0.7492393142356959,0.65305842073505338,0.11025039279140753,-0.66217974024524484,-0.74181564955209212,-0.1059600570420083,0.012587359229081149,-0.15239501693508017,0.98823950396702542,-22.044516621789853,0.34931534788871543,-1.9166205319592222,,0.3390180497590647,0.1739130434782609,0,3
-0.98467413196441367,0.17367644930045065,-0.015916808678741567,-0.17083964946650412,-0.97888060258319554,-0.11227902767890978,-0.035080878128828083,-0.10783903210223729,0.99354923136448681,12.724548643068411,-27.660054833356845,-0.38163168039618534,,0.2152227011227003,0.1818181818181818,0,3
0.53208818649970602,-0.83982500466064347,-0.1075923944068725,0.84514987507619743,0.51915682865550783,0.12727087616200175,-0.051027937898192766,-0.15865102838338541,0.98601521324305774,29.888324993964289,-11.112950787318319,-0.28266278139903922,,0.4619934015436419,0.2307692307692308,0,3
0.8495026352492836,0.52743926805466568,0.012373003615989234,-0.52210266513079895,0.83707297369280664,0.163455326546427,0.075855650862935872,-0.1453157088103029,0.9864731445939724,6.5829830687452189,8.7266825339792113,-1.1125074072585386,,0.1524847169076942,0.1875,0,2
-0.90812005689169328,-0.4128773131818107,-0.069643998526769071,0.41583229638345898,-0.90878279942317552,-0.034602380800106095,-0.049004729929739067,-0.060383339857493022,0.99697160877939139,-11.529556913393494,8.4785011254018823,-1.4756176772183505,0.3838396490810393,0.2929698929242512,0.4857142857142857,1,4
-0.99400464616792539,-0.10413616707469471,-0.033322996617484835,0.10806537923932105,-0.98205937531676779,-0.154535617778886,-0.016632414329836698,-0.15721018433750245,0.98742509626509389,-1.3270379416722458,-30.529975813106649,-1.3532362134471114,,0.5729286044555948,0.3529411764705883,0,4
-0.93490273785431721,0.34066355105489021,0.099524950314849772,-0.35474234101294916,-0.90544496999565072,-0.23308212673267589,0.010711780671468468,-0.25321483229117298,0.96735076702435063,-16.918490451180816,-0.15277483413210333,-1.747486571493621,,0.2215453920940058,0.3666666666666666,0,2
-0.87925241329337389,-0.46705538559283344,-0.093672090328482449,0.47576272870217046,-0.8708236573900785,-0.12375776221163796,-0.023770142945360107,-0.15338000038628516,0.98788134701787977,-2.7884683385196793,5.474805667834671,-1.3464743545588433,,0.4418516217689252,0.6864406779661016,1,2
0.47876947296491368,-0.82807070299629537,-0.29168253735203103,0.87705683819485269,0.43621530240562711,0.20121509019657233,-0.039383934955081808,-0.35215780665262503,0.93511164300369287,-17.833959948359642,-37.977521196320502,-2.3518451240745235,,0.4175614041594828,0.1304347826086956,0,1
0.93750323305346728,-0.33600205338472233,-0.090500321190283728,0.34795610663048271,0.90236886479655676,0.25427736766045062,-0.003773045566973247,-0.26987599368417708,0.96288769446915556,-2.6165157667024999,-31.787990665293425,-1.4038517757154818,,0.5144775013899406,0.1818181818181818,0,3
0.20701526804691298,-0.96855862972856521,-0.13798137401036167,0.97718366500498532,0.1978559203691615,0.077234186875340866,-0.047505406459558523,-0.150821800656253,0.98741886796025746,8.6764953830716145,-31.185548066478788,-0.58594941594893191,,0.2433888739326148,0.1764705882352941,0,2
-0.96863396189459106,-0.24271638150331951,-0.053263552400524293,0.24727290381305117,-0.96268478961185144,-0.10997320987334787,-0.024583712173914425,-0.1196944192513625,0.99250636627471034,-3.4069453863710826,-34.033626193789537,-1.3896617750911284,,0.1540706306592967,0.5,0,1
0.66095203057871521,0.74536842222549871,0.08699614027612966,-0.74897368320331237,0.6480088945144824,0.13828555419487343,0.046699412659449865,-0.15655793745188942,0.98656412720008912,4.133621996362983,-36.155954155548386,-0.74230454084395847,,0.2111531780852455,0.3333333333333333,0,1
-0.57357444476393915,-0.78722705272650273,-0.22646395688780829,0.81596879165394864,-0.5734306987495984,-0.073295052891325749,-0.072161536572703355,-0.22682769052100263,0.97125790161644254,-14.180210951880357,18.087848702514083,-1.5362002569535083,,0.5554936304688379,0.4705882352941176,0,4
-0.78820847460023225,-0.60788119848165101,-0.095957538009720525,0.61402134183536894,-0.78727570342896158,-0.056344995883640024,-0.041293974609723255,-0.10333157950474731,0.99378941045776226,13.884306698688613,8.3417522815407477,-0.903810531014134,,0.5737241277465677,0.3269230769230769,0,1
-0.60491352676529586,0.79209314929275387,0.081658238897621097,-0.79533950573266221,-0.60601740196561704,-0.013340882121145431,0.038919092452142513,-0.073016103417895731,0.99657109775688912,4.3113926842873216,-34.421217206041774,-0.77771058985284891,,0.4085436001137767,0.95,0,2
0.15642652550924729,0.96735682437988024,0.19937782334747886,-0.98627861723439203,0.142201280899207,0.083864682058903753,0.052775290651222148,-0.20976074474576634,0.97632740341566848,-9.4089915745472243,6.7522148113663967,-1.4544803948866554,1.292307551268151,0.5954127793031462,0.2578125,1,1
-0.56503324803938648,0.80440282328678847,0.18350347816405471,-0.82134309944208217,-0.5695043737139035,-0.032561961237139614,0.078313099855232896,-0.16911790623402079,0.98247961413053564,-16.778945262682608,25.002761725803236,-1.6639898026511304,,0.4694831877899664,0.2352941176470588,0,2
-0.68629140570873803,0.72668509358115363,0.03054310425076983,-0.72706859888414532,-0.68656130952103722,-0.0021956287035482603,0.019374183001338662,-0.023713773122552226,0.99953103903646856,30.497505457168224,-14.226899544677689,-0.2208397052752111,,0.4593480731469819,0.2857142857142857,0,2
0.99725943502911674,0.067906114654665298,0.02936628743837642,-0.07213618951742877,0.98062933610954617,0.18210567076084086,-0.016431354396746794,-0.18372497041463265,0.98284034605770554,-10.038448286541096,-6.602425987423258,-1.5722468281895952,,0.3374756978437599,0.198019801980198,0,2
-0.070399305991384026,-0.96214650448404049,-0.26328319662499217,0.99616526143068174,-0.081556226765360146,0.031675760362451101,-0.051949106197063215,-0.26004362284997495,0.96419842593751781,15.566605137305674,15.03230354314937,-1.0597967155683674,,0.2357276010936406,0.2631578947368421,0,2
-0.67083122865194311,-0.73021987972976665,-0.12947737220367181,0.74110074417749661,-0.66654383960999231,-0.080554309987286687,-0.027479986260616731,-0.1499941236362691,0.9883049191568879,32.715869874578111,-10.580076314012139,-0.25915101200779772,,0.4203077507708553,0.15,0,2
0.53504502955126376,-0.82859470111257016,-0.16479574521406204,0.84434427986676541,0.51789969081301701,0.1373413532482286,-0.028452652051448424,-0.21262815322518319,0.97671885158795202,12.1600526055401,-25.49704304619809,-0.46602107058420489,,0.1345481093222941,0.3125,0,2
0.56950291987053792,0.79886811110975142,0.19358761662582619,-0.82190988461028092,0.55015640633012264,0.14762137431225222,0.011426540983376459,-0.24318237934904152,0.96991327681153683,-13.218686475766182,-31.871876619604976,-2.2576920162839453,,0.4655572107883675,0.7142857142857143,0,3
-0.1044745172780233,0.9860786927996672,0.12935952553261101,-0.99217235412170646,-0.11228800310049927,0.054639034364564229,0.06840391038613057,-0.12263855823598263,0.99009125290433952,36.605572978109599,8.1410310938273565,-0.61530682264246328,,0.2687629814625964,0.5384615384615384,0,3
-0.92855595689887205,0.36993313946987888,0.030550077407116842,-0.3711105464074792,-0.92693038473625111,-0.055470931106748188,0.0077972593110643531,-0.062845319433243826,0.99799281990030964,12.052143737531939,10.140498862441921,-0.9984611759859443,,0.1208618528468495,0.375,0,1
0.99968469392185355,0.0036141612907529021,-0.024848552805663834,0.0024463155614441279,0.97086183269704329,0.23962745533914523,0.024990563790064379,-0.23961268674739372,0.97054687268114581,-12.402813162996281,20.088443408285041,-1.5142732870144529,,0.4143345590229932,0.2432432432432433,0,3
-0.011268101029095531,-0.979109958218917,-0.20301901294151772,0.99988492535939788,-0.013095180038020389,0.0076584788830780202,-0.010157063464841333,-0.2029093540877844,0.97914484530402801,9.336461031036059,14.446514072537534,-1.1256845886362064,,0.4096667052554929,0.4285714285714285,0,3
0.68019079154968765,-0.72154164443397295,-0.1292986559811348,0.73176556028958772,0.65798958721704215,0.17767630086202399,-0.043123681024184818,-0.21547008716168622,0.9755577838721089,35.022173894821307,-12.823538130541234,-0.16510266559647727,,0.2671200830551084,0.2105263157894737,0,3
0.96178664268046554,-0.27287697739747169,-0.022463507470073731,0.27379087181555994,0.95784130702790415,0.087055092105815829,-0.0022388550453270157,-0.089878728058958163,0.99595020044708582,1.5688772123704819,16.31950480957417,-1.2472687332021137,,0.06680931138830891,0.6,0,2
0.29394089924234651,0.94760776940492741,0.12505304121059058,-0.95436363893218368,0.28374072216953306,0.093173211100786829,0.052809018516921685,-0.14673349292553794,0.98776540211588193,17.212836505308807,-27.307416724874297,-0.2749673334330448,,0.1207079873013712,0.25,0,1
0.86547841707977091,-0.49466696915060221,-0.079067687461129479,0.50076553871809537,0.85008285606082834,0.16307364306913802,-0.013453059186275713,-0.18073109157757566,0.98344053594292558,14.665397004320782,13.739562121834664,-1.0280298778610186,,0.264140368379257,0.1176470588235294,0,2
-0.67551600300871006,0.71796430421764013,0.16794459666335682,-0.73698407675319866,-0.66456683736416988,-0.12331013457142043,0.023078134486414725,-0.20707046275378441,0.97805379359397315,-1.7929385005946594,10.696203560479768,-1.2903773176843869,0.6673360586985763,0.2666405124095252,0.1219512195121951,1,2
-0.43025339271529944,0.89775972329071729,0.094390133456569686,-0.90176749962063663,-0.43222121198267455,0.00044781712055206848,0.041199450056036611,-0.084925279800555517,0.99553518379104922,-0.2182359552943503,3.3408063530627183,-1.35249413354332,,0.4500346511994611,0.4898395721925134,1,2
0.99817988961595872,-0.058046328009729774,-0.016356398468472335,0.059609636625675026,0.99077940436517953,0.12166701733475389,0.009143259135973943,-0.12242056890231795,0.99243619700311514,27.034152449979391,-14.704844671718021,-0.29026066584662313,,0.1937498228908593,0.5833333333333334,0,2
-0.22564463788952058,0.96946928031350232,0.095988603074153661,-0.9726755253377698,-0.22972044679801587,0.033627945697207978,0.054651805099205732,-0.085777799291776105,0.9948142285613224,12.223288382680769,13.035751633416398,-1.0476790863895786,,0.1293889107304162,0.2173913043478261,0,2
-0.45192614082132365,-0.89063739718413171,-0.050277131774012725,0.89061254866244266,-0.45368225302236476,0.031332115433536062,-0.050715396156733719,-0.030617642457044753,0.99824371200776385,34.216816170737943,12.3026440283145,-0.77861245416735447,0.3985955333739691,0.3801107907112891,0.9696969696969697,1,2
0.41749633605573666,0.89478750813333718,0.15827862985434837,-0.90564784653262032,0.39552818589090644,0.15283792800439774,0.074153809415728716,-0.20715397523191068,0.97549394826147151,-8.1130540504784907,21.497860051500645,-1.396852882354044,,0.3161703689828821,0.4,0,2
0.9057568498118207,0.41416295773908596,0.089853065923088102,-0.42252238056468244,0.86606506758742752,0.26721926694521508,0.032853720351283797,-0.28000061275218063,0.9594374861956787,25.322704609090813,-15.133658293487981,-0.32059589013285916,,0.2148182946940715,0.2666666666666667,0,1
0.99455877192491449,-0.10192101954630019,-0.021562814330429777,0.10395645233359849,0.98442271509052004,0.14179200976084999,0.0067753380298096778,-0.14326208077663607,0.98966159418567456,24.091242429185744,-15.673766216489435,-0.32091658712963922,,0.1238913034299136,0.2592592592592592,0,2
0.97133954875331752,-0.22314002031949104,-0.08190245637048979,0.23768430864169066,0.90836467603870674,0.34406363474017165,-0.0023770681993655774,-0.35366954442942056,0.93536741598682138,18.522500324308641,15.837099753094153,-1.0406731107855807,,0.2377154080951492,0.4285714285714285,0,2
-0.029952350870383997,0.99865852530952048,0.042237501156566687,-0.99815639856957927,-0.032115504948031566,0.051501440140446372,0.052788830939360931,-0.040617042833600327,0.99777933189634127,15.263413083007597,-27.616071070241791,-0.30799006700443426,,0.1179820675016042,0.5294117647058824,0,2
0.41584860511780958,0.89916739646260979,0.13626419471095447,-0.90795146562892148,0.40193242860418132,0.11863582468478505,0.051904466897045802,-0.17305581751272467,0.98354339525063017,19.762730576644067,-16.632167381502338,-0.39767324687116035,,0.5600308123498596,0.2962962962962963,0,1
0.72193655397567258,-0.65218781754896293,-0.23121129443530897,0.69143847954070337,0.6669687548969303,0.27760675244251282,-0.026841032844712169,-0.36028284809571337,0.93245687746075978,24.460543368019113,17.54306688348645,-1.1004988502632993,,0.2775436822239095,0.3,0,1
0.59186995061710523,-0.77494024112842141,-0.22171509699686573,0.8053032567987245,0.55681669643444898,0.20357266801119145,-0.034301984576310611,-0.29903643465579727,0.95362497062654383,-9.2627960228074517,-33.749192239272212,-1.875225568739066,,0.3679226474021933,0.25,0,1
0.43739124690549236,0.89552367573766167,0.082013677662725867,-0.89685318086217503,0.42771357289834883,0.11276289964313282,0.065903483275597433,-0.12287573296560957,0.99023143009112125,16.917839890383551,17.361306838244868,-1.1115003537491204,,0.2645927943132561,0.375,0,2
0.85506214226380006,-0.51576970399224575,-0.053388625295954624,0.51826977061773205,0.84686464625011426,0.11923387016914272,-0.016284278647950075,-0.12962207904296147,0.991429744809735,23.99831563042116,-27.054146275895658,-0.034211120360007743,,0.1751977952443414,0.4,0,1
0.51229249012742117,0.85113857751131472,0.11454050126947068,-0.85732666970196658,0.49900011599080385,0.12645104056076079,0.050471635368600755,-0.16297854494742497,0.98533781410744581,12.990666192262623,28.921847935278073,-1.4966069753212135,,0.2423009013374799,0.3333333333333333,0,1
-0.8856483325334793,0.45354660580686423,0.099611783649032309,-0.46417117353907622,-0.87074681539202947,-0.16231175293242553,0.0131206987628508,-0.18998805184988063,0.98169872538282499,-12.060486534535441,6.5373619995883718,-1.4877113493595993,0.5253270780634527,0.3492532097955487,0.2631578947368421,1,1
-0.54404751423640851,0.81526979524172238,0.19836195003000298,-0.83825640342922503,-0.53843099785122761,-0.086129336830329431,0.036585575888401854,-0.21313662641472894,0.97633717235259621,12.872792048834725,-21.955088017333832,-0.54282811456292479,,0.6645702534245141,0.4464285714285715,0,1
