axis_00,axis_01,axis_02,axis_10,axis_11,axis_12,axis_20,axis_21,axis_22,location_x,location_y,location_z,dbh,dbh_approximation,score,reconstructed,number_clusters
0.87457938590733786,0.48321929073670011,0.040124989792708045,-0.48458037916979013,0.86811685311582354,0.10749411825743067,0.017110051712572391,-0.11345592270216882,0.99339569142119466,-14.70476840500268,-18.635507086278068,-1.7925250737539844,,0.1993850861157251,0.3,0,1
-0.89670395348725584,0.44106853134558199,0.037156028541474068,-0.44098654463470022,-0.88299106539729844,-0.16080312770493474,-0.038116758144823022,-0.1605781089849842,0.98628686682087274,25.486354905377919,-2.977261437257722,0.5732580494486873,,0.189811863716501,0.2666666666666667,0,5
-0.89769298260635944,-0.41880034003810424,-0.1369437262647169,0.43801128605671658,-0.8819609382328949,-0.17404314613994912,-0.047889688516826324,-0.21622020861917313,0.97516942072567159,0.086078985336189823,-22.573534050310879,-0.70104785516818124,,0.4623880177078807,0.7023809523809523,0,3
-0.57870934148090414,-0.79326124375288409,-0.18929367987960902,0.81516819896607584,-0.56960213471498133,-0.10513902949209067,-0.02441936684561263,-0.2151511266244312,0.97627541566665299,18.873605416359361,-1.0517876733855229,0.13578535261973532,0.5327406862493773,0.6052942864246325,0.3333333333333333,1,5
0.92919622346303976,-0.36948385922022453,-0.0087210135737830485,0.36807946447873802,0.92302002591367305,0.11203365383387109,-0.033344956606214664,-0.10731127404914836,0.99366614329505998,-10.0729054102036,-23.926366671872916,-1.278265971071042,,0.4029961831587467,0.7419354838709677,0,2
-0.99493942890127773,-0.099206297109051739,-0.015926186973335994,0.10010470083531975,-0.96510214993024246,-0.2419853075512943,0.0086360690288013759,-0.242355009879998,0.97014919857607251,28.164719701471103,-8.9589474860227121,0.71388742824027929,0.6620147944277381,0.5278820935307194,0.25,1,4
0.98697000553867031,0.14197312825919634,-0.075722117107852094,-0.12130237892232967,0.96570655165499042,0.22955737617948818,0.10571632340741426,-0.21738097189709432,0.97034507883654175,-15.100427947235241,29.191815512918318,-3.7200095656507011,,0.3278645043777997,0.3,0,2
0.5016225068503255,-0.80849296889315536,-0.30775636446957094,0.86508599463867475,0.46923406657463096,0.17732910828696508,0.0010404331841768063,-0.35518799249998145,0.93479431292804926,-21.438876263866188,32.900953140138164,-4.5758494748826823,,0.3511663762028964,0.6,0,1
-0.90490323755708457,0.42454374747816626,0.030211539780369071,-0.42548560461280172,-0.90057522362579023,-0.089029584176471818,-0.010589189108916867,-0.09341773422938443,0.99557068860300557,-3.9901973912457525,25.699696887810084,-2.3049705393568205,,0.4446513354023824,0.2608695652173913,0,1
0.9990632394508645,0.039506662955191743,-0.017659761042860392,-0.037390203023961614,0.99351980578099375,0.10733297833715699,0.021785690160584372,-0.10657213098668229,0.99406627777084666,4.370396975057588,20.604730420933667,-1.375397281439743,,0.1624766357503307,0.2631578947368421,0,5
-0.019812196637612505,0.98205183706232357,0.18756776425310656,-0.99977655226052942,-0.020842882476097821,0.0035241736814339126,0.007370374104610806,-0.18745603103822503,0.9822453430853999,-36.872810916880894,7.6060943371516148,-5.037015938887059,,0.4239586593399504,0.5625,0,1
0.42308881120241515,-0.89706418478564431,-0.12756059818845147,0.90607014539845698,0.4197559303302103,0.053309010216278735,0.0057227137746758919,-0.13813329550650705,0.99039711389904916,18.166390553576555,7.8227270378567324,-0.00026759505300492329,0.1864184867496371,0.2963444149728739,0.4130434782608696,1,5
-0.1626273094517792,0.98380753891625605,0.07533315732142952,-0.98656416642559464,-0.16333981795055802,0.0033540120528599664,0.015604606545742661,-0.073775539600998807,0.99715277967377447,28.589531077975529,3.6115339458936413,0.66022532525366939,0.1882239937806069,0.1591401444303595,0.3809523809523809,1,5
-0.28831260376865214,-0.94514442346881045,-0.15355084270022418,0.95753530834518852,-0.28434570914938911,-0.047682816198443743,0.0014056245671658348,-0.16077791040481806,0.98698960873224795,18.92562135402143,0.87363182890153068,0.12059990846961134,0.8255755095932943,0.4751676187137606,0.2280701754385965,1,4
-0.88391614291529308,-0.46253347380404392,-0.068956782875320352,0.46745252882523403,-0.87812809311244999,-0.10187828709585262,-0.013430770217823913,-0.12228588511130405,0.9924040390455392,25.20909610631476,-6.7967339210860747,0.54104556161433248,,0.3586227203655891,0.3571428571428572,0,5
0.019876283962224257,-0.98331472486539984,-0.18082335357673188,0.9997752875160264,0.018214890290344038,0.01084399575604411,-0.0073693831559638098,-0.18099825865072158,0.98345580610279926,-4.2538152761538681,14.685422510191119,-2.1681990643358922,,0.3836527300589314,0.2272727272727273,0,1
-0.95446613888820464,0.29826128388376028,0.0058818578573126296,-0.29748437017697987,-0.95013577510245995,-0.093515016820046329,-0.022303345404858236,-0.091006677812448283,0.99560049486593427,-6.467709426695329,-23.563166327472384,-1.059460867669646,0.3290212938388791,0.3203173914479842,0.7272727272727273,1,4
-0.94866206749629711,-0.30945459246910212,-0.065407468177826514,0.31583699577543073,-0.93790403418810586,-0.14346781783113341,-0.016949153170648858,-0.15676057493342699,0.98749118900035748,5.6926167744118654,10.190366218002115,-1.0290397761449497,0.2916230799788433,0.2704757369822489,0.7394957983193278,1,1
-0.024933350567289569,-0.99083437524320628,-0.13276132292913967,0.99966863408628315,-0.025562095030689944,0.0030333680469505193,-0.006399222886797693,-0.13264169832314665,0.99114339518174566,20.129445534440496,11.367176064874325,0.019363142753050806,,0.235757388858859,0.2083333333333333,0,5
-0.1023625646366413,-0.98423278200737796,-0.14424886891420219,0.99471538576297258,-0.10243632836305838,-0.0069354133197735094,-0.0079502633560032589,-0.14419649598209022,0.98951713671823671,16.564526473771078,6.6915448222292673,-0.10159487101080339,0.1909399129805543,0.1523092427724464,0.3076923076923077,1,6
-0.88773182156121266,-0.45397312107832888,-0.076423938173927494,0.46028651568513745,-0.87825768169447116,-0.12961391909470488,-0.0082786753799779789,-0.15023930871464355,0.98861499768661176,25.004429772917003,-4.9518698781057262,0.51339791173782612,,0.2489186327714938,0.3333333333333333,0,5
-0.93349079244125854,0.35853435539008588,0.0069322746921167844,-0.35841558272586371,-0.93221063155149786,-0.050215619896971438,-0.011541684741447563,-0.04936045408394367,0.9987143410835535,-15.839461135615545,28.527286446109198,-3.8589160541712673,,0.1100069032824905,0.1666666666666667,0,1
0.61183208067692996,-0.78038026436524954,-0.12910518209491648,0.7905796952892159,0.6085575164654583,0.06812851495375026,0.025401780468083699,-0.14375114657844021,0.9892878031222434,24.080905894139555,-2.9966927760841524,0.51731781555612366,,0.1686661445579074,0.25,0,3
-0.87195831306617011,-0.48757425385967662,-0.044272420850653131,0.48957648901362738,-0.86872792449557501,-0.075011029900269616,-0.0018872413431126835,-0.087081227453391682,0.99619942689469687,22.873126452969604,-1.3997742335276675,0.41639394955304698,,0.1811590832313488,0.1304347826086956,0,3
0.9930372425908689,0.11744915644833356,-0.0090956295603155241,-0.11669542464916688,0.99133494572732306,0.060309230187062204,0.016100083648050056,-0.058827893293745707,0.99813830017545446,-32.958056820721083,4.2403393084844723,-4.6512411967627108,,0.8674511003588499,0.8513513513513513,0,1
-0.69763019593349918,-0.67443733718560905,-0.24175687773416668,0.71627532772206948,-0.66416626050547478,-0.21408604182154389,-0.016179141461451736,-0.32251737413069542,0.94642526316947595,-41.04362623487733,14.321330889146122,-5.8539400126688701,,0.4079820512089215,0.1818181818181818,0,1
0.28416210640926642,0.95711493939582271,0.056417107922858187,-0.95869301328973622,0.28286975072230852,0.029873238789003762,0.01263342987848181,-0.062575529655207476,0.99796026951871997,-3.3118759145260164,-19.935057871823656,-0.98470145295359335,0.1607812129721336,0.1309036540605418,0.3333333333333333,1,5
0.44677813217823076,-0.89140230889089822,-0.076100094029549828,0.89453589194263228,0.44377752392660791,0.053544815659106258,-0.013958461008649201,-0.09199691821764476,0.995661452706052,-3.198917188386007,-22.663649950515651,-0.87257514531681868,0.1526749399563259,0.1364056562433835,0.2857142857142857,1,5
-0.92903450866675197,-0.34713041776107084,-0.12804434689337599,0.36959950516914436,-0.88665852530939715,-0.27790801585216801,-0.017061286148772295,-0.30551126421326891,0.95203559804965288,7.9567656293263553,9.1561719509192034,-0.83569719776816964,,0.6931775827327682,0.5302013422818792,0,1
-0.89993900740947896,-0.41629873626770991,-0.12963466019838429,0.43588090927357648,-0.86637222662186641,-0.24373550801865221,-0.010845085231709965,-0.27585236471739372,0.96113883336703254,-23.251465162281548,-3.2876726191860177,-3.2227610681060641,,0.6251858988403762,0.2888888888888889,0,2
-0.9096169821955008,-0.41349787673542865,-0.040205119535241356,0.41503642294326287,-0.90875685505564519,-0.043654851045846689,-0.018485489769323186,-0.056395782862430036,0.99823734770009631,6.3357243602260178,16.095708257326354,-1.1784699409628534,0.3819785427541496,0.2680496912792313,0.8208955223880597,1,5
-0.14766395896091858,-0.97735323082345771,-0.15157842004367592,0.98898852231865175,-0.1474388443615047,-0.012786316721925671,-0.0098517991228762487,-0.15179739580207879,0.98836253099849436,-22.557960620740062,-2.4938910188792125,-3.19565289908072,,0.2059807249543639,0.3333333333333333,0,1
-0.80961207139585456,-0.56605535236588622,-0.15527276615055918,0.58559620489936715,-0.79700694341451805,-0.14784118829509457,-0.040067176810603358,-0.2106211532752105,0.97674630848314359,5.5207042943695948,9.5966717091617824,-1.0236042092815059,0.5958814036887204,0.6428099279999433,0.5277777777777778,1,5
-0.072614646039733083,-0.98962930933677429,-0.12393927255774581,0.9961410335056996,-0.065821555723520858,-0.058056560080081782,0.04929659771952799,-0.12767675161811712,0.99058997196091436,-2.5096437230820081,-21.679429700658702,-0.87244473627549368,,0.212684676384704,0.275,0,5
0.75618424675531937,0.62560523335259111,0.19184232317436956,-0.65434324678955746,0.72495788072858014,0.21510691888087821,-0.004505589860309623,-0.28819119204336313,0.95756228856854786,-10.616508563684715,-19.410765434464043,-1.427313413527852,,0.4806433227034487,0.2631578947368421,0,2
0.73230960741686857,0.66479485461165455,0.14754809441948488,-0.68060674935998322,0.70743574221691263,0.19054952993813273,0.022295551363200692,-0.23996348037956827,0.97052585564400917,14.250678905798292,19.352591157610171,-0.48092206934921822,,0.4562028985868566,0.2962962962962963,0,4
-0.076992681704433255,-0.99637432027031958,-0.036198630772684266,0.9970316171405581,-0.076931529274925123,-0.0030812701121263573,0.00028528239053818982,-0.03632841462655171,0.99933986456294144,-5.5050628513269739,-20.005051542063295,-1.0866030997234892,0.4010679920786531,0.3684668972924356,0.7342657342657343,1,5
-0.84782173141996042,-0.51562344401489513,-0.12381750972409943,0.53000933377144188,-0.8314414792237963,-0.16671884338999091,-0.016982869227885004,-0.20697229430134451,0.97819939252916377,2.7257798290401829,13.097971464961558,-1.585857360981203,,0.1137852652882067,0.3243243243243243,0,3
-0.49267398222742853,0.82621169286412677,0.27321527375086707,-0.87021353737217344,-0.46745000063991266,-0.15562421494084386,-0.00086406618724856141,-0.31442763154077169,0.94928105317302347,-18.495717256541631,-0.87669071835559542,-3.0084395802666051,0.8785626726073292,0.4901520310335019,0.4093264248704663,1,1
0.97647192317997678,0.21503771426506366,0.01616677719446518,-0.2138999586747812,0.95632928167974474,0.19920118644433707,0.027375005390419625,-0.1979724386008353,0.9798252510699621,36.722847997630467,-14.808233737501146,1.1808593211329301,,0.4055183973809013,0.3,0,3
0.55816853981420522,0.81933572458733261,0.13090779799778759,-0.82965432814332507,0.54903250209793852,0.10117809759590206,0.011026194027249475,-0.16508265219286028,0.98621810011287359,-0.45076373236657874,-23.693974705143642,-0.72703566030272637,,0.130251453432235,0.24,0,5
-0.012151806284093169,-0.99215124615171379,-0.1244517511473298,0.99983665256898291,-0.013721545818315039,0.011763815707835959,-0.013379154819566188,-0.12428847066385088,0.99215592236117656,4.1626879351408625,13.644003182397311,-1.3973616201818275,,0.4024748618745425,0.4508196721311475,0,4
0.47490400155242585,-0.86019249358723093,-0.18583611943235501,0.88003745513882636,0.46431865031927583,0.099710924769884524,0.00051658713970702957,-0.21089586278983574,0.97750839801807299,-8.5176686672926998,-27.036545997613516,-1.0921754727213786,,0.3442008528188883,0.1666666666666667,0,1
-0.74996835760085367,0.66014378760877179,0.041924244525355862,-0.66066417232213492,-0.74440983037438735,-0.096834166758859627,-0.032715653858438533,-0.10032040731336428,0.9944171669219587,18.15019087353302,11.384074399546519,-0.17326976818321851,,0.2430521428409594,0.4285714285714285,0,2
0.58930586238449068,-0.79888286785736928,-0.12043572561020276,0.80756242670864431,0.58684291631310626,0.058807470117098186,0.023696572066792515,-0.13191495372819856,0.99097775830498336,31.545654208400389,-7.8233961905780243,0.868542284896896,,0.2056454263647313,0.3333333333333333,0,2
-0.85889650599708389,0.50171626751786225,0.10284735725310155,-0.51212399119363949,-0.83936663661294753,-0.18218854789740777,-0.005080317893520642,-0.20915170630194235,0.97787000880540764,30.403499111710943,-8.4703997171358463,0.81731660961684505,,0.3571940007175426,0.16,0,3
-0.58814246063359554,-0.78996978329577072,-0.17330951352852153,0.80839954573466655,-0.58059923261798596,-0.096926289206750171,-0.024054530879736403,-0.19710979824209443,0.98008627527433356,7.6176490638041061,-24.465310193579146,-0.21562755594919025,,0.59882835113813,0.2608695652173913,0,2
-0.71543082722408657,0.68629765142004895,0.13097429180104334,-0.69828328544365348,-0.70868998433972774,-0.10079166317991933,0.023647087082289051,-0.16356662175358941,0.9862488405674511,6.9938292295659785,-27.206031917164033,-0.23916465042824211,,0.3458193066773191,0.6666666666666666,0,2
-0.94909320047405688,0.30496020276033825,0.078875671447446283,-0.31476230444113312,-0.90854565733550641,-0.2747170912770085,-0.01211563109456738,-0.28555921149415953,0.95828448188104087,-40.26863061460341,12.704693319140699,-5.7818281459936705,,0.3689083359909837,0.4375,0,1
0.98399657374335558,0.17550065036080353,-0.030826361839708136,-0.16730537646887658,0.96950349731602936,0.17908623536329038,0.061316016390051853,-0.17106282592931571,0.98335032197032013,-34.714519506727491,6.6453091913869597,-4.7885472337145361,,0.2432233183097592,0.4418604651162791,0,5
-0.25990746012083321,0.93144024910873069,0.25469035025654357,-0.96555716692517446,-0.24736730766823226,-0.080676963852136421,-0.01214370507572978,-0.26688663780195798,0.963651416742485,29.955170533545061,-6.7905415290512945,0.75193325623885288,,0.6044344724857366,0.16,0,3
0.11385717176231916,-0.97431220237026162,-0.19429945123621875,0.99349490780865257,0.11207179273602924,0.020193598768144638,0.0021006181380973203,-0.19533470143664297,0.98073438902594579,24.449799277660844,3.6156923751081398,0.45594651267448627,0.1882520611121923,0.1944216130798541,0.3125,1,3
-0.53507614602365361,0.83249757408105107,0.14367082900031919,-0.8445715409818193,-0.52314886263010418,-0.11407970762771075,-0.019809849067303632,-0.18238162373987574,0.98302823621803359,25.805740298288558,1.9432596970280942,0.50144016767943389,,0.4680480118833445,0.2916666666666667,0,2
-0.97096075779517921,-0.23712867257101475,-0.031704880799651024,0.23861909069761253,-0.96943626954432194,-0.057046023933606298,-0.017208613437930686,-0.062954840454865241,0.99786800313811397,-11.552043807093426,-16.028731069559441,-1.6571013800885246,0.3536938598496636,0.4324389526385375,0.6216216216216216,1,2
-0.83004503980195765,-0.55126643949832899,-0.08444255196879108,0.55679842160068072,-0.8277427749469799,-0.069407609280713281,-0.031634626647981723,-0.10462892146012474,0.99400806797074559,20.047658455654521,-1.6734304805410292,0.24433849721620518,,0.1902223937790004,0.2857142857142857,0,5
-0.59942807645335361,-0.7807351232199079,-0.17646146471745267,0.80028199270413225,-0.58879244612203285,-0.11345566333655298,-0.015320356162205664,-0.20922744265614207,0.97774698359372869,6.4217953969479522,5.3893296460708688,-0.88435322027533936,,0.4100480775606459,0.2079207920792079,0,1
-0.1365100233506564,0.98949001226849365,0.047692023921191679,-0.99062816430277723,-0.13657221167958977,-0.0019675078284046277,0.0045665758411266161,-0.047513646648532401,0.99886015025490205,4.1536195449505957,-26.560736836019618,-0.41340626900413135,0.6325365278570173,0.6257921125656546,0.7380952380952381,1,5
-0.76371844292441871,-0.64385657375695093,-0.046721005629828505,0.64531203099143486,-0.76339829085331035,-0.028203407240170213,-0.017507786690830987,-0.051689089295572963,0.99850974729993702,17.035023401073307,11.919999352131862,-0.29338756986216263,,0.1111387786759292,0.5238095238095238,0,5
0.97176764012461236,-0.23298470653447365,-0.037226067851529883,0.23592648130421096,0.96122618007843497,0.14276878563339035,0.0025197273771880671,-0.1475207010994197,0.98905575865118944,-39.304810078819088,7.0251885610307001,-5.2732015955513454,,0.4265685405859674,0.5517241379310345,0,4
0.7607934941941249,0.64889279810756861,-0.011462798786698291,-0.64823966172693548,0.76064198387907567,0.034772306864115012,0.031282585507631459,-0.019023904032407196,0.99932952068840819,-9.4643188657787771,-20.562405532584638,-1.2937512823766482,0.252138883976493,0.1983908756649395,0.6,1,2
-0.7327070222582418,-0.67508563118757159,-0.086022148877710064,0.68034559740447542,-0.72967152299596083,-0.0686246065278521,-0.016440426570130194,-0.10880652137088841,0.99392698589049233,-41.340584989195904,13.456663970274958,-5.8326586728782699,,0.08323902465079369,0.25,0,1
0.16921117053165735,0.96116232931302181,0.21802421075851094,-0.98419365648960766,0.15305858220219679,0.089083763615312367,0.052253481156013692,-0.22965201310639238,0.97186908922100157,6.5439354224258581,26.680129731920438,-1.201329098679256,,0.5249749236426919,0.1052631578947368,0,2
-0.73095325059366767,-0.6643335085948413,-0.15610360279192492,0.6822905912003322,-0.7160122584536559,-0.14766853051207751,-0.013670940203665801,-0.21444681182559752,0.97663999011497848,1.6747585453126359,14.457188521442824,-1.6708913735229671,0.4520422378921344,0.1814844603830551,0.282051282051282,1,5
0.9705492624968548,-0.23542665428556842,-0.05107268857925451,0.24055097464416703,0.95855493574945361,0.15266847660241051,0.013013749058259073,-0.16045786238842569,0.98695689709996193,-33.852473085637683,3.3730554466767213,-4.5287726577838452,,0.1223006020534712,0.5714285714285714,0,1
0.99980622808192299,0.015744568643711421,-0.011815872664358651,-0.012462254338603642,0.97088950235916849,0.23920339969483226,0.015238061077342891,-0.23900979638288725,0.97089758405694548,-41.115938029830659,11.995418197155344,-5.7599692379480212,,0.3035254449081435,0.1153846153846154,0,4
-0.34973449430564363,-0.9285293559918042,-0.12457535291630487,0.93682327982788305,-0.34760188474863074,-0.039179996065954993,-0.0069228509520507988,-0.13040768681579265,0.99143628607896472,-12.080422825757775,23.281626078383422,-3.2362817722137476,,0.1934309970516242,0.2380952380952381,0,2
0.81250258045943102,0.58242679626473048,0.024871343742727328,-0.58276096167817237,0.81038094073903544,0.060600267580665959,0.015139956760117385,-0.063731921983563242,0.99785220540397868,-4.6011808502378457,21.008995755769021,-2.319759859784762,,0.21715075737749,0.5384615384615384,0,3
0.24267691444077519,-0.95537731417584293,-0.168410518542214,0.97007274651739084,0.24044606597074961,0.033831284684382887,0.0081720047546852779,-0.17158052604343701,0.98513620450217299,6.8996718798115397,10.687715875345651,-0.94196336190795171,0.3010871214607496,0.2742264337600123,0.1785714285714286,1,5
0.20435803862170879,0.97809492138139409,0.039599454776712797,-0.97878171568997008,0.20354817489348018,0.023547686267060216,0.014971475601517211,-0.043571381266354112,0.99893813104358764,13.288773828072832,11.07318949281149,-0.49377473082101225,0.2407714764381846,0.1095428569948329,0.15,1,5
0.90646472824295476,0.41079447228516652,0.097824322084935883,-0.42190553159866173,0.87124785293992824,0.2508443763651394,0.017816252632814753,-0.26865420206562329,0.96307190845471502,-20.642686099954329,0.36762233572112701,-3.1800518792685448,,0.3780826188033274,0.1388888888888889,0,3
-0.33868217277447216,0.93400747836945863,0.11368560240719246,-0.94035016552537787,-0.33187089609438369,-0.074855023357848688,-0.03218620886584643,-0.13225633699537592,0.99069284305651917,-2.3882501287723903,-33.543285817459648,-0.65200042180115769,,0.2384848225162786,0.1081081081081081,0,4
-0.28296899658592861,-0.95256541700809949,-0.11201639742171364,0.95912743110157506,-0.28124707855086933,-0.031219412471978743,-0.0017657518645318086,-0.11627212532153929,0.99321582498144212,-7.0500265742918167,-20.554137015820732,-1.1751198889524932,0.3350994917730049,0.2984823745494699,0.4868421052631579,1,5
0.31246502153977934,0.93806951378879955,0.14963688587440688,-0.94821309070961646,0.29854189145832727,0.10846508033187686,0.057074906229107533,-0.17577919770134731,0.98277369151519789,6.6858519988110983,21.120166384236143,-1.1308000921966501,,0.6352361680352674,0.125,0,5
0.77351980917257857,0.6165951290031757,0.14655221495144519,-0.63310015146099174,0.76240289952208073,0.13388807646834394,-0.02917709782837943,-0.19634730884298088,0.98010021491296107,1.449343489204763,18.158783167725399,-1.6074623011701314,,0.406341848771844,0.4285714285714285,0,2
0.93714242553999472,-0.34796124713481508,-0.026211538401995832,0.34875183738123455,0.93648442524484132,0.037001043188692427,0.011671768341949591,-0.043816569539646168,0.99897141003011147,-23.731570843530928,33.958911075144222,-5.0093644148585961,,0.0923044681141586,0.25,0,1
-0.89553516811979195,-0.43490729052429961,-0.094193478062277694,0.44460232059976468,-0.88332077845609513,-0.14857045084747622,-0.018588684137408711,-0.17492870260917959,0.98440561245124436,20.187444747411735,7.7272789362409045,0.10886089626498292,0.4986973471911995,0.3852644404584867,0.6,1,5
-0.53876780234848065,-0.83500935650707842,-0.11175253777084737,0.84183685712028122,-0.53869298774561158,-0.033474930135173539,-0.032248428588641402,-0.11211261971492201,0.99317208949618696,27.687018822712201,2.4291123088433326,0.61220829397239906,0.8265611258960643,0.4900827070235197,0.62,1,5
0.37831858744694857,0.92326902350783779,0.066703497832037648,-0.92493387724107756,0.37414899198159995,0.067155450493162433,0.037045500724547327,-0.087102480045265107,0.99551031579086702,2.2773239674214558,-27.624093828115424,-0.528522128749769,,0.4541676666916316,0.2,0,5
-0.54076361227795344,-0.83964414057182646,-0.05071915653377683,0.84097505402918749,-0.54096495979138404,-0.010856830960790377,-0.01832141197354106,-0.048524524534555906,0.99865394225526938,-2.9463568834893668,-27.684508606909159,-0.81403013813581315,,0.3858727926171394,0.2173913043478261,0,2
-0.26019040382416131,0.93029572431194374,0.25855525344640989,-0.96555124551940952,-0.25163729897106063,-0.066253015346229197,0.003427248712661965,-0.26688674581827126,0.96372180574727928,-4.2809028040664057,-35.61785302489475,-0.71099472432525612,,0.5141785447241888,0.4210526315789473,0,1
0.24173215333039832,-0.96140470544625944,-0.1314022769667294,0.97006890019953196,0.24265636743942254,0.0091769388564855482,0.023062847003797637,-0.1296876234915891,0.99128665147937134,13.879101136684977,17.880006495733731,-0.45561834334739137,,0.3748216628504626,0.2666666666666667,0,5
-0.91397721618455197,0.40128724602130095,0.060118170931729317,-0.40560615471252132,-0.8993831504480666,-0.16307543024451099,-0.011370820324804472,-0.17343152790294503,0.98478028492369363,14.16305847344079,12.180725252008379,-0.45215359401152028,,0.2133612993163654,0.375,0,6
0.60533560565818523,0.78920015711472769,0.1035949638376619,-0.79596798534244317,0.59986756909347394,0.08120262224693002,0.0019418631077804602,-0.13161311317636526,0.99129925734245128,1.8928620660389592,20.524829492789014,-1.6286823462460933,0.9346189244629056,0.4213211479626136,0.2222222222222222,1,3
-0.98861881709942234,-0.14767760621923429,-0.028708171280941157,0.14992848657717936,-0.98289390230011831,-0.1069627305837054,-0.012421086490949947,-0.11004954085593698,0.99384848702796857,19.968065940333076,2.0661556959073604,0.19056788057741628,,0.3132173324490713,0.6764705882352942,0,5
-0.58846973475652098,-0.7655831981455774,-0.25997257161627624,0.80758747426682376,-0.57200966462804137,-0.14355282992490442,-0.038805188865959198,-0.29442708823969593,0.95488577695333399,22.444631283029576,-0.51233077130530857,0.35244905186618586,,0.4147330128911143,0.2105263157894737,0,2
0.99581444216450754,-0.089531979531079608,-0.01837447734869263,0.090576005565987702,0.99361208358666209,0.067312811308715151,0.012230453478979103,-0.068695356406520219,0.99756271182110678,-0.34725641400885482,20.169162640402771,-1.8515998112076062,,0.1806182908467547,0.25,0,5
0.51627247545370425,0.854120985074033,0.062770008324564266,-0.85641808797721153,0.51459903277805552,0.041664061844051345,0.0032847639731353102,-0.075267378857321696,0.99715797745672563,-1.4656612555770463,-22.725688946163306,-0.77931117229360547,,0.1127993995566719,0.2727272727272727,0,3
0.7484851821748415,-0.64665212822497864,-0.1470066567431578,0.66109387461326707,0.74504743585225841,0.088652170186595908,0.052199818136777633,-0.1635400360525861,0.98515472672794258,7.8526908049241166,8.0903158570042137,-0.8233170849993664,,0.3385669779161596,0.4193548387096774,0,5
-0.85226400076105291,0.52056963253354582,0.051510491073689636,-0.52289853062850056,-0.84496386732971551,-0.11230845726732121,-0.014939868584381235,-0.12265121520433372,0.99233738201056487,-12.748423103951946,25.272205470102726,-3.2490229066998841,,0.169831055731979,0.5384615384615384,0,5
0.86283298326762592,-0.50204092034431425,-0.058941982366746734,0.50172117392774396,0.83634882505643438,0.22089931294435294,-0.061604436675083987,-0.22017165377621764,0.97351391169073187,-4.5420583332162838,22.33294571255572,-2.2703103914590774,,0.3560729628786183,0.15625,0,2
0.048166337433999895,-0.98116481817262602,-0.18707111887854749,0.99881916024182416,0.046122906120058281,0.015263114520236012,-0.0063473673291858466,-0.18758538618804474,0.98222779120561998,5.8472567419398427,17.158716266416057,-1.2217853226884401,,0.2616274330645357,0.75,0,5
0.61916336315908038,0.75772611713839044,0.20612583808905796,-0.78510909540116147,0.59215194569538798,0.18154828979513371,0.015506064617053656,-0.27423931996624068,0.96153645658630527,4.344843760698506,21.970390942810297,-1.4035629311499858,,0.3703812220325705,0.2352941176470588,0,1
-0.27226425277607214,-0.95765929539340677,-0.093599415633282834,0.96219435429927858,-0.27170940421226014,-0.018868604008090498,-0.0073621474368898328,-0.095198075659246692,0.99543112527984323,12.678841089073346,6.7165188422168134,-0.38096858388798915,,0.1935804696145887,0.2666666666666667,0,4
-0.88138027958462328,-0.4574310836401963,-0.11800680691844023,0.47203978951334064,-0.86262779599104966,-0.18180132755242423,-0.018634373494463764,-0.21594001320593356,0.9762288004464369,12.316117985797161,20.012313304915757,-0.67634451644388871,,0.3019486706654027,0.25,0,2
0.99974747413246545,-0.014885766202446447,-0.016834545741457114,0.018074751623718053,0.9777919262372381,0.20879715596485571,0.013352577260439652,-0.20904870951488189,0.97781406500963486,-30.844888555844911,2.7283748222816113,-4.145371737111609,,0.4184541599514524,0.2380952380952381,0,3
0.999860971099094,-0.0013367279041876289,-0.016620819212255462,0.0067271919024122313,0.94439806939151927,0.32873550373922017,0.015257239654814132,-0.32880161144386272,0.94427576319104711,-39.133020965831143,10.526747387179523,-5.4298381540740754,,0.3416080305060776,0.28,0,1
0.36166760934748304,0.92546300366820911,0.11275978534163572,-0.93219200420070947,0.35706780942570321,0.059335038351658126,0.014649493272443505,-0.1265733317620468,0.99184907321301397,7.8577867213258754,17.298106112087144,-1.0299234996354631,,0.09189051397557273,0.3333333333333333,0,4
-0.95759349368802837,-0.26943282160126325,-0.10208161191094908,0.28779902169688004,-0.91126015514524694,-0.2945787717317373,-0.013653715855931911,-0.31146570323013423,0.95015929809410571,17.104947763086074,5.6752178610841861,-0.076608961529408187,,0.3393737178660088,0.2,0,2
0.89316699584192538,0.43414213401318996,0.11735981004237785,-0.44972309705085778,0.86142472185878394,0.23600123844908372,0.0013614395668858621,-0.26356793440210069,0.96463987603525669,7.9058111676818443,6.3702443844354368,-0.79446254213822887,,0.3705169407894349,0.2692307692307692,0,4
-0.95796100888938829,0.28648294476570874,-0.015434630089296479,-0.28041692800899237,-0.94633394785311853,-0.16068106804079713,-0.060638699966483217,-0.14959806649519078,0.98688569072982102,12.441681476224412,12.594386879651042,-0.58282162416744832,0.1156054041048113,0.1735006286164771,0.3888888888888889,1,5
0.90628459935836625,0.42259044473865814,0.0080957384733250648,-0.42232121886756924,0.90459922768939127,0.057836194186400763,0.017117624252677342,-0.055835054216322628,0.99829326035018628,-5.6729795731499717,-25.528227550093703,-0.96997351258011388,,0.1258068431340673,0.2142857142857143,0,1
-0.95395331980075782,0.29568469953122678,0.050434334577150623,-0.2989544492688031,-0.92351238311484507,-0.24031461773251594,-0.024480623021044791,-0.24432649610033438,0.969383960255086,9.8796538814288279,-25.845241996287438,-0.066126113132094572,,0.4660924933042793,0.2916666666666667,0,2
-0.41292137351687902,-0.90791286468100696,-0.072042830591674267,0.91066938531205766,-0.41273971402525295,-0.018088646210001742,-0.013312022697253467,-0.073076388889155561,0.99723750001623379,-10.225452946957942,-37.475877149057489,-0.99975726187574387,,0.3152153944307214,0.7407407407407407,0,1
-0.075279736753213491,-0.98895473232804709,-0.12767732234163026,0.99712357119355155,-0.075787921828209939,-0.00088015633863101558,-0.0088059641485849771,-0.12737632555119036,0.99181536925200564,5.854118341570774,22.84113630686387,-1.2609537221702369,,0.1426754379001222,0.3333333333333333,0,1
-0.99021514132704203,-0.13472344795158059,-0.03638085291336516,0.13860275078700784,-0.9798004092100171,-0.14415420766026099,-0.016225022679206103,-0.14778616540096315,0.98888624115979018,27.918263142409494,9.5245325687118036,0.57430751867122298,,0.8253310545737917,0.5,0,1
0.31094171876641968,-0.92563550268156525,-0.21567142533500211,0.95042845007042109,0.30259032480607873,0.071588103973283052,-0.0010044039638217779,-0.2272399865983063,0.9738382718210864,22.213055713661515,2.0058472717516485,0.29880584279772993,,0.1329004856784208,0.5,0,4
0.91638758215916571,-0.39124321343150253,-0.08463183330325437,0.40009769284525171,0.90182602487930907,0.16319208629798898,0.012475393556305909,-0.18340820263602012,0.98295767750266849,9.2010235205274213,18.795505740805194,-0.94863343466229166,0.7098326208456776,0.4690111563449614,0.3015873015873016,1,4
0.084890423825666569,-0.94398917971828178,-0.31886994922304035,0.99637610282467381,0.078716855507062672,0.03222294801838109,-0.0053176745494419178,-0.32044981702894731,0.94725056722258061,1.0888856587114191,16.904162836995145,-1.6713578688382529,,0.6528997670773554,0.3235294117647059,0,2
0.17074720504786026,0.9677479846847461,0.18522750904483823,-0.98526231443278955,0.16575246139344577,0.042240896067158008,0.010176626498311319,-0.18971019920032225,0.98178738869089532,-20.628105919492043,-2.1284829508209295,-3.0832232651931424,,0.252331528553757,0.103448275862069,0,1
-0.99105647948510123,-0.13118241448586265,-0.024458712154502245,0.13245721791545328,-0.98930786586211872,-0.061033039949183091,-0.016190734779360526,-0.063726922670091182,0.99783602833045937,-41.013246463534735,15.250823414693935,-5.9642882642579904,,0.3175981011976115,0.1333333333333333,0,1
-0.62557138544849689,-0.76731786539679514,-0.14100969878328753,0.77987523668503911,-0.61998045565370374,-0.08613274529979735,-0.021332063039047753,-0.16385215302317915,0.98625423448326277,5.6180901546132986,21.691617214198036,-1.2638261516395506,,0.3514472146251987,0.1428571428571428,0,4
-0.76849169930281214,0.6326971126698554,0.095471837323391831,-0.63982303083322078,-0.75824691467360406,-0.12525216805848499,-0.0068554589975608898,-0.15734033178809534,0.98752064417648744,-12.279317743479654,-11.890666322592921,-2.0125882963436723,,0.6568897622319899,0.282051282051282,0,1
0.62598596489732772,0.77622805728950217,0.074910445387326552,-0.77967889722276162,0.62104920977593758,0.079991851223623164,0.015568846362541218,-0.10847986962219988,0.99397672453115871,-6.007527744670992,22.037205765331201,-2.4214327001197535,,0.4737693165482184,0.2222222222222222,0,1
0.84382526846579431,0.52614790368776454,0.10548601681550866,-0.53637254857296524,0.82103728025261302,0.19545401907542054,0.016229770052994232,-0.22150884379718014,0.97502329545691591,-40.657233122900941,9.7287611994173169,-5.4902186289039863,,0.2689253779686952,0.1428571428571428,0,2
-0.99519196961623346,-0.092170148161612342,-0.033130158454624366,0.096762100907154466,-0.97761266755227749,-0.18684369957093555,-0.015167051110738067,-0.18915109312183953,0.98183085332017239,-8.1900113465858855,22.367016586134799,-2.685043817391688,,0.1379363036845223,0.5,0,4
0.81394504881401619,-0.5689407579304161,-0.11747285421199689,0.58088673369705834,0.79984079725863855,0.15108044762784092,0.0080037569873210763,-0.19120960490056407,0.98151659530945212,-25.44492409597483,1.5404705823317528,-3.7658953482128523,,0.3165868921529735,0.16,0,1
-0.89656116871442459,0.43764533370671688,0.068151541715218394,-0.44263767677035781,-0.87982738062129651,-0.17313482437802072,-0.015810055558569097,-0.18539240058266737,0.98253737839811006,9.4609845817756,5.6674733351579851,-0.63581341716081563,,0.5581659245856914,0.2053571428571428,0,3
0.80429945258876068,0.59197428202346836,0.05166081675911912,-0.59398456893731544,0.79846230811225694,0.098184898983496208,0.016873720092851343,-0.10965578847852379,0.99382638605713325,-0.28229101879806029,17.574434345627353,-1.770346314681734,,0.6574188259927864,0.5,0,1
0.74678972513922481,0.65097496156480972,0.13614957158278621,-0.66446139984275354,0.73900080238308952,0.11121538650815584,-0.028216210686230696,-0.17352064284356761,0.98442594031327013,14.328163867040747,-34.148678755876624,0.11442632199420023,,0.6787015912070646,0.1290322580645161,0,2
0.99147869136263134,-0.12770139312985115,-0.025736331644970651,0.12949418793969411,0.98767127735615934,0.087958530998947293,0.014186608604029137,-0.090541714575927745,0.99579161377166081,-6.9948524663541125,-21.965972626430297,-1.1623737130059579,,0.1622711180581133,0.5294117647058824,0,1
-0.98407942363677592,0.17662997034162806,0.019736807032212995,-0.17703298339718543,-0.96434122801072653,-0.19673667362303357,-0.015716576096691966,-0.19709857821881854,0.98025769045691125,-2.9175857382924724,-23.810854372311589,-0.83534408506730262,,0.4911786778683634,0.5227272727272727,0,2
0.91460717218289811,0.4009688931437243,0.052131250922058683,-0.40398163814656385,0.90070813769680125,0.15976134303134312,0.017104286948620397,-0.16717893832016165,0.98577819307901238,17.913526804074191,1.4233818152825144,0.059759556000938921,,0.4491482652671487,0.1,0,1
-0.1820293552553808,-0.98145251637687858,-0.060135446475457266,0.98323879381163759,-0.1823213155965826,-0.00064204592240716069,-0.010333836129217226,-0.059244375063153054,0.99819001991315781,2.1197784050233741,-31.445626540950361,-0.45400647467095162,,0.4983140559416337,0.7391304347826086,0,1
0.33707423398650482,0.94101643535682267,0.029479300716773803,-0.94137901959599946,0.33641931820139165,0.025051622809425321,0.01365658254783824,-0.036195451775738068,0.99925141332092426,11.698407848978999,20.922963606438955,-0.74807605755891626,,0.08883169174058719,0.3125,0,3
-0.62961509582051534,-0.7511291538025251,-0.19846870136831629,0.77675054600530924,-0.61373165118157957,-0.14139324459954314,-0.015601935629192206,-0.24318399339971922,0.96985469270339064,-5.2126962217585922,18.500056503819902,-2.3818016562667035,,0.144710072639633,0.375,0,1
-0.92196612955611168,-0.38654317969586982,-0.02372395797352387,0.38689343670966414,-0.92204121124108285,-0.012388438322149279,-0.017085800604830753,-0.020600364163848875,0.99964178604838683,4.125214250051358,-30.10832008100925,-0.37301946197249153,,0.1365667681392584,0.2916666666666667,0,1
0.96254605804304749,0.26493106104304259,0.057590094985150823,-0.27059630282774316,0.92559538162458266,0.26467117412215468,0.016814489042113689,-0.27034186211138533,0.96261755154807049,-25.174542669634128,0.43726351662977758,-3.6458324850914798,,0.5758966183048675,0.2857142857142857,0,1
-0.0069648861316665795,-0.99613757580562412,-0.087529540323631319,0.99994546661967665,-0.0076191006829502807,0.0071423449607886649,-0.0077816545752656422,-0.087475021422554408,0.99613631922503154,20.224116437872386,-0.72333185130056732,0.21812791040419457,,0.08102517533497242,0.1538461538461539,0,1
-0.032122162407455294,0.96587366302744704,0.25701407306256696,-0.99945816427961498,-0.032888295248860319,-0.0013182907288487318,0.0071794524227856036,-0.25691716000603243,0.9664067613367282,15.773247550415466,5.4202984900009312,-0.17792286797667189,,0.2563541920536273,0.103448275862069,0,1
0.98529196176527201,0.15529917658157433,0.071287557356291054,-0.16799592805036143,0.95666133808496057,0.23785805088747841,-0.03125889056315416,-0.24633564493710097,0.96868035584199963,25.006088111170339,-0.25593123313092625,0.52298322465696112,,0.3180516432239579,0.1176470588235294,0,2
-0.39558386182930499,0.91055456961006054,0.12001576572455887,-0.91842932394872545,-0.39233282881926418,-0.050621421767495782,0.00099255795907479726,-0.13025101609167114,0.99148055333213014,17.726775009114156,13.719464170366599,-0.28504439122573955,,0.1263121670848532,0.2941176470588235,0,1
-0.092249537539170534,-0.98353454880526059,-0.15540210465190268,0.99569474891792731,-0.092534594919488317,-0.0054143993527481695,-0.0090548219791430663,-0.15523253540903714,0.98783645921245866,22.907647944171519,-3.6708552794043041,0.42779888508873282,,0.6220709995035248,0.3888888888888889,0,1
-0.97811113485471857,-0.1898476257208194,-0.085185015591842467,0.20742254434121946,-0.92215578014622113,-0.3265036067824203,-0.016567919972936967,-0.33702610603791822,0.94134951419581059,15.762888225173228,18.675735651913307,-0.34226204637086982,,0.3709636860485402,0.1818181818181818,0,1
0.51502944019902064,0.82763296618163584,0.22308820905119939,-0.85705044935730257,0.49281829571299868,0.15031518441921332,0.014463850964735854,-0.26861459509848612,0.96313913652978911,18.678643335066454,8.7009635604373852,0.016365978420603788,,0.2662248596655714,0.2272727272727273,0,1
-0.20415175026384336,0.95180695332623855,0.22887897776780045,-0.9789294197474504,-0.19953946718933616,-0.043372712466667469,0.004387939964233081,-0.23291098006238309,0.9724881600046611,1.0572007233560654,24.41868733766557,-1.6934560251316888,,0.3258179629602889,0.1818181818181818,0,1
-0.084864119412676492,-0.94113870009810763,-0.3271941753973559,0.99635236546186445,-0.083103416507101999,-0.019385200628189655,-0.0089467913163888049,-0.32764579860344895,0.94475826833251375,3.981121436115993,-34.901122081109143,-0.34446793696146188,,0.4458487378366192,0.1612903225806452,0,1
0.83383902765656914,0.54772814208874354,0.068602903151109493,-0.55174578817233411,0.82315423250432329,0.13414057829123907,0.017001799635250097,-0.14970301224167587,0.98858482030371664,-8.3426113457135447,25.715928984962311,-2.7768938600329953,,0.8889377332280828,0.5681818181818182,0,1
-0.64342335215526303,-0.73126853970437822,-0.22639061981431621,0.76483857009167544,-0.62649161842475398,-0.15010067869151419,-0.032067921688274451,-0.26973055978542398,0.96240172148455561,16.4974348443371,18.024036566262744,-0.2939139297094171,,0.7081256858010001,0.4193548387096774,0,2
