axis_00,axis_01,axis_02,axis_10,axis_11,axis_12,axis_20,axis_21,axis_22,location_x,location_y,location_z,dbh,dbh_approximation,score,reconstructed,number_clusters
0.99477442104843017,0.082295089433949919,-0.060426562725504354,-0.054998785711913925,0.93057844235584064,0.36193769656225777,0.086017351726126137,-0.35672297497867472,0.93024176122360158,-31.406366036118602,9.1214425437080227,-5.0481688641184972,,0.2656411187732714,0.1176470588235294,0,1
0.36689652060059724,0.92539802584576536,0.095002299613932348,-0.8980152223369452,0.32567120359661694,0.29581569870285357,0.24280775033409072,-0.19384726180343811,0.95050914538946274,0.8760732403247693,12.306164636801698,-4.4077847033205169,,0.1163238845976108,0.3142857142857143,0,4
0.73653864976083228,0.67613561208804884,0.018747039094481735,-0.65362331698436638,0.70433705393782586,0.27692214419316319,0.17403268917891473,-0.21621736404947764,0.96070946418813385,-20.990288983900999,20.53236341881161,-7.5957194304734887,,0.3565026512233542,0.8222222222222222,0,3
0.45780733796266426,-0.88310062211878715,-0.10269241705671825,0.86964897484858394,0.42081896014907705,0.25811250129324936,-0.18472439430770116,-0.20747215233004537,0.96064155862381495,-0.50923367829754151,4.0024289010874767,-2.446965907296756,0.4254617716358879,0.2686033384045617,0.8354341736694678,1,5
-0.91132356346384502,-0.39545910203799661,-0.11446161492334672,0.37915609899085145,-0.9145401416919432,0.14091480345272525,-0.16040578316756163,0.085020161428815744,0.9833827112965835,-14.213980998748365,-21.952795356073469,2.5713875544493572,0.3231135182646807,0.2497931516185136,0.35,1,6
-0.017856748394111156,0.98996478745724503,0.14018151137550414,-0.9717535264308127,-0.05018195192708047,0.2306010745206265,0.23532152559013539,-0.13210409265242073,0.96289785974339537,-11.937475306096834,16.478437091149104,-6.42029159066466,,0.1100448580160778,0.2666666666666667,0,3
-0.96274268289852682,0.26802319485439641,-0.03591787222802053,-0.27041906299724938,-0.95432935586206147,0.1270000429432698,-0.00023852261100188981,0.13198123942418796,0.99125218564551931,12.469297843193026,8.4023609209864176,-1.9847159793330558,,0.1359247022152209,0.4,0,7
-0.51266747101448329,0.85789759379371677,-0.034406143732843356,-0.8417229898919284,-0.49429059837684314,0.21720776377389214,0.1693353845213893,0.14031579711213288,0.97551883868523015,-0.85570553222264212,-5.0611180432273803,-0.14527975242271265,,0.08713498867999528,0.5602409638554217,0,5
-0.98956128881981675,-0.11686620239712532,-0.08432524181132392,0.1027450622639533,-0.98242667771159298,0.15582450096483411,-0.10105398482811295,0.14553389178413856,0.98417883460909861,-4.1497008819014969,10.37561526433884,-4.3753233457155876,,0.08553975081695417,0.25,1,5
0.63765045122164876,-0.7217474447172183,-0.26922579389983248,0.76900720876728945,0.57597545250882687,0.27727277358441849,-0.045053467355705652,-0.38383968548264996,0.92229999508175775,5.4848210074809556,23.985685205636063,-6.9738338003869869,,0.3777906617117288,0.3235294117647059,0,4
-0.0091271822946573638,0.99992825952521247,-0.0077569547013432378,-0.96863601012759792,-0.0069146810926736611,0.24838773534430864,0.2483162790222336,0.0097807457928941986,0.96862963127517765,-9.3573008126970123,23.646050258640894,-8.0401627514439884,0.2724304292657609,0.2842693521664413,0.5294117647058824,1,5
0.86474244733887906,-0.48036645924838289,-0.14652154994928313,0.49903060190078335,0.78907049370754234,0.35824044205907263,-0.056470860954216884,-0.38290445386455024,0.92206031314322523,9.2940082077744535,0.80786187047724567,-0.4541030493100302,,0.3264305240407921,0.2162162162162162,0,3
-0.86393268972025505,0.50116268652432094,0.049560763396564893,-0.50069508069915336,-0.86533549424791356,0.022336484915654316,0.054080900476909659,-0.0055176109362775599,0.99852131282870582,-12.668959185747246,-12.504383238914917,0.68333707852316861,,0.4347228526219956,0.8333333333333334,0,5
-0.8811346176394973,0.4718724684858871,0.03062938266329834,-0.46910510350743839,-0.88044445617079103,0.068977978090094968,0.05951627895437326,0.046410484625325842,0.99714787241224656,-12.532083627231206,-14.113037610062269,1.0559711819449058,,0.5990363012775977,0.5294117647058824,0,3
-0.023772127151856007,0.99166178606668287,0.12665618036919046,-0.97144905686973326,-0.052828438321180282,0.23129177679167864,0.23605426468840263,-0.11754172943930247,0.96460475116123912,-13.848904792713109,9.4358745605538683,-4.5428846258799815,0.7953435921040436,0.5005506205174597,0.3223684210526316,1,3
-0.63228975135869503,-0.7683815313857919,-0.098992386333420154,0.74191641088002114,-0.63733866924953431,0.20822934458462075,-0.2230912584429684,0.058217204540054385,0.9730575766633105,-11.782681970615348,-18.658655989983135,1.982439321109561,0.2302486679545654,0.1961853790746328,0.3793103448275862,1,5
0.9556911088228186,-0.27761317342618225,-0.097905211593946787,0.29410432666239067,0.8863036545554609,0.35772681889969615,-0.012535930578657161,-0.37067068654248686,0.92867975781894163,-1.7939222525190197,-19.801587727047565,3.1913569029434421,,0.1172069517184622,0.1666666666666667,0,4
0.53742828434274137,0.82573969745059528,0.17124482836750937,-0.81233612891513096,0.45237556095602038,0.36805755733160361,0.22645276074183396,-0.33691290254890233,0.91389761092174682,-13.350797395394803,-25.309230818928189,3.2646041174207125,,0.2723420171072418,0.3571428571428572,0,4
-0.55382853578776481,0.83255264188598654,-0.011404009638950842,-0.81590794941870359,-0.53992316042211541,0.20682649471274656,0.16603665565936854,0.12385103684854373,0.97831117219880193,-5.4580433991747315,7.9290240962777609,-3.8195643726639172,0.3217665063388716,0.291271836929449,0.6632443531827515,1,5
-0.99398683192021553,-0.086377117758188293,-0.067299119585631006,0.073876559211236481,-0.9826560212701464,0.17008644231870373,-0.08082346174423391,0.16409185656001685,0.98312838970419569,-4.3728359302164508,5.024856223307351,-2.9439797205913445,0.5082658958481809,0.3851772780996249,0.8250484183344093,1,5
0.98937128114860229,0.1348780520499504,-0.054335799557788791,-0.10077504204821426,0.90537970628923958,0.41247057875658394,0.10482775843522547,-0.40261085245534739,0.90934902130404516,2.4529361428311272,19.684137903757932,-6.1658154026420586,,0.2458449349981464,0.5454545454545454,0,5
-0.99756926925786626,0.0017721475256045672,-0.069659260155954139,-0.01646144274782874,-0.97737447752134821,0.21087472962053128,-0.06770948186913972,0.2115088418554168,0.97502791543729328,8.2809833415671861,1.6312863959506143,-0.70396123324013671,,0.07951896120265911,0.24,0,5
0.99499617486073877,0.072167411589287897,-0.069097588358800283,-0.049376118581292865,0.95639432459798568,0.28787479012690742,0.086859719815032696,-0.28302254429862511,0.95517204130585232,-1.46012086830027,12.418680372559512,-4.7032480129917626,,0.07386422300015616,0.3584905660377358,0,5
-0.9300552418966086,0.36732163173806431,-0.0084891623808138247,-0.36560603493859695,-0.92292431845206402,0.12059406961485081,0.036461956024319224,0.11526283558493575,0.9926656055771258,7.6629343002806323,21.336316213550628,-6.1052867402403237,0.5044644109817258,0.4273674370992163,0.3333333333333333,1,5
0.96238842443542383,-0.25524266433403853,-0.09305752423293602,0.27166934764193917,0.90675460991045276,0.32247766272711903,0.0020702812623850557,-0.33562964664910583,0.94199174849129685,0.21542354800664915,-8.4129279523949805,0.82074225482847329,0.4464665690372449,0.4226210535570816,0.8933333333333333,1,5
-0.50539032695612163,0.85773457859365276,0.094191348349802653,-0.84278589635939527,-0.51409139099893852,0.15944270004759692,0.18518247842837529,0.0011976583595333468,0.9827034218407803,-9.3577814454263759,-11.172512187419214,0.47867944107015864,,0.2845169278660079,0.4166666666666667,0,4
0.88814005947123575,0.45567120512726206,0.059757740756301837,-0.43049805801969548,0.77937370538494155,0.45524504324134757,0.16086844564332575,-0.43004695112558833,0.88835857795368045,15.21218371400286,16.966856219466223,-4.0210268622890428,0.559578465775862,0.4298226130999968,0.3043478260869565,1,5
0.96286032334648075,-0.25232484880769873,-0.096084173510952747,0.26964658032696615,0.91685239592681689,0.29440177615162044,0.013810121037989394,-0.30937655818989873,0.95083932701560492,-12.203045005812392,10.413560517724401,-4.7587875704646354,,0.1416689291853935,0.4380952380952381,0,2
-0.16684762130548134,-0.95974355240652121,-0.22595173130297919,0.95533964641047464,-0.21404813201304343,0.20373894369520146,-0.24390168359610068,-0.18186728896598695,0.95259448767203669,-8.0615454851199502,-6.804008151123627,-0.33640826788810396,,0.09299975081763455,0.3023255813953488,0,3
0.42728277972373591,0.89713545054815236,0.11214905046998981,-0.87791580615386589,0.38204896198054533,0.28862159994497139,0.21608624078539718,-0.22178046356555114,0.9508523347628085,-30.619493114567312,12.803289293969353,-5.979058573572317,,0.2250405613406901,0.36,0,2
-0.52761722446098858,0.84400224821492698,0.096334155211082406,-0.81688879397406489,-0.53521186406121646,0.21503711039659393,0.23305098740765257,0.034762991474670477,0.97184297687026133,-25.127816385227323,29.756959862355092,-10.011794453566655,,0.1470141156511565,0.6666666666666666,0,2
0.1215365267040119,0.96008280799103651,0.25193228152972769,-0.96157201179950835,0.050930959046285258,0.26978751552745028,0.24618720275549172,-0.27504006837309097,0.92937872903825081,3.5024360049559773,-10.595997075102499,1.7099980011881271,,0.1201745990365554,0.3,0,2
-0.11403350853459698,-0.97045270348537349,-0.21264503104756596,0.96182677486743695,-0.16143832629751972,0.22096814691344302,-0.24876819346410708,-0.1793299113371381,0.95181677271438092,-16.877659259410351,9.1871936735176529,-4.5563027104510683,0.6270790001632469,0.4995387124876817,0.512,1,5
-0.37288037735208224,0.9278486685506121,-0.0075546313362713172,-0.90685943678705083,-0.36269795254629078,0.21460698294557784,0.19638275406981048,0.086873721501883661,0.97667127039571067,11.386186820757979,-1.2389423917455056,0.25153618773618858,,0.09256194518732729,0.25,0,5
0.45729236599268586,-0.88231006685732083,-0.11141201877285389,0.87155248185022072,0.41971276312748873,0.25345111530354503,-0.17686142424376711,-0.21300268165006717,0.9609109710188285,12.088959375692385,3.1996746186472858,-0.79380910313676645,0.2293959983530656,0.3106164943149679,0.8518518518518519,1,5
0.82427377145648384,-0.54361158441883051,-0.15830096327740234,0.56207733696843643,0.75200749562511138,0.34431641522024392,-0.06813088107000663,-0.37278837402646758,0.9254118062977843,-7.1148859995272797,-9.9684029469088404,0.39376216609551945,,0.111141453168467,0.34375,0,5
0.80522643731693022,0.59061924677319977,-0.052718971793302746,-0.56010387983209253,0.78677406938697236,0.25936500831319126,0.19466388582097541,-0.17931946096651941,0.96433941248699173,10.962272077916621,9.7508071090661215,-2.5242054009390813,,0.08780301412215399,0.5625,0,5
-0.97777036521635052,-0.19640761547900321,-0.073410908498238683,0.17642260290559678,-0.9598290031704152,0.21818191917961896,-0.11331450961240047,0.20038047124093647,0.97314309772846963,-7.883998344494735,2.857609842541375,-2.6600520689146014,0.1666093790087672,0.1366962226554716,0.7214554579673776,1,5
0.43102988085035115,0.90063340940159542,0.055431973479138315,-0.87727084561717839,0.40388528907086174,0.25936949840385815,0.21120867700985815,-0.16042485824150288,0.96418606068224233,-23.489794119782555,25.897728483156847,-8.9990286050616817,,0.2751767841614102,0.3529411764705883,0,3
-0.99228959253074445,-0.10551541095358526,-0.065022016321126128,0.094874872753819867,-0.98422927086656131,0.1493033853917026,-0.079750379780382658,0.14198323992912967,0.98665122333280031,-6.4528949648433418,27.732772962907973,-8.9443078247111387,,0.3110578824268114,0.2333333333333333,1,5
0.26557930680584879,-0.95728845326405942,-0.11430856942429804,0.94049892781254141,0.23118525244477198,0.24902840367216547,-0.21196555989118801,-0.17364387780555854,0.96172678299019188,-11.278388505120351,-15.857027730295499,1.4252232745999225,0.3641270143656784,0.2227941817387945,0.3783783783783784,1,5
0.78026528605297152,-0.60708984008107347,-0.15042609298592832,0.61812365265356328,0.71179085612051918,0.33358196470048518,-0.09544230409462913,-0.35326435316000288,0.93064228540054705,-31.856167143734552,4.7593418517974984,-4.0730825285556334,,0.1603419028502842,0.4545454545454545,0,1
-0.99849009307268,0.018573934681047885,-0.051696643857946471,-0.02634927536364191,-0.98771187648645054,0.15404857914121162,-0.048200100866306911,0.15517814922881162,0.98670993320144451,14.483104929330835,-0.2249070746007695,0.31780856047229716,,0.4382783980862379,0.5740740740740741,1,5
-0.97919134207119718,0.1409182002024188,-0.1460355315137995,-0.15560788025934558,-0.98328375059704309,0.094547625105048924,-0.13027088398410488,0.11530449541766656,0.98475091780737978,-15.966060440081574,22.811198271781706,-8.0477348659293,,0.1617115062194525,0.4,0,2
0.30792991452686802,-0.94711194469661097,-0.090322377916435173,0.92895617732579139,0.27880191231998191,0.24353626895182143,-0.20547405760272622,-0.15889763339875382,0.96567694067557952,8.3960379001983263,3.6224468945384571,-1.2230337857525173,0.7576383878259768,0.676018006461691,0.9593639575971732,1,5
0.32218332000601796,-0.93223744430267397,-0.16471568155436314,0.9293589909517207,0.2783362467787488,0.24252999745664236,-0.18024920040626932,-0.23121911938492001,0.95605854662973566,1.3600880762543599,14.822319589516484,-5.0015035028498964,0.5222246258962905,0.4762651765225334,0.6324786324786325,1,5
-0.35639058159874165,0.9291540386545506,0.098277799118868928,-0.92057935628394405,-0.36717888175765245,0.13309138805737802,0.15974793310572233,-0.043039995854298414,0.98621912201361828,-6.2606376360671296,-15.187732847954704,1.7348010692514644,0.6225193197865873,0.2520837948507153,0.1666666666666667,1,2
-0.47722217974628173,-0.87005399694074548,-0.12355174448643678,0.84083845472204799,-0.49294839220640957,0.22359019585338558,-0.25544017737788827,0.0028151427228619045,0.96682076454356503,-6.7753593375058152,5.7336827483363244,-3.3319682682280845,0.1757713469143802,0.1050775165269826,0.3188405797101449,1,5
0.43692022108666317,0.89944130236530129,-0.010298738029082126,-0.86681589437259488,0.42407496836358183,0.26227967224027332,0.24027260698760367,-0.10566818256616994,0.96493694588016621,12.426940948186099,7.3190994037428379,-1.752493714940826,0.1228685772169328,0.1033828712702909,0.2692307692307692,1,5
0.53743427426357593,-0.83057257343353985,-0.14599178438108254,0.8266556415569889,0.48463788680326825,0.2859485424982397,-0.16674786693924648,-0.27436347959386176,0.9470585145260888,6.7404800904780027,12.990660768342337,-3.8809177210434429,0.4336505019170622,0.4202181777804412,0.8913043478260869,1,5
-0.039845294899998142,0.99892862876349842,0.023536081046104714,-0.97315835371060055,-0.044139025246341855,0.2258640410813024,0.22666091651982187,-0.013904714559436778,0.97387447231941271,-8.2962598130796508,24.655716124434253,-8.2976296114592856,0.3530791024031995,0.2149028168905298,0.2380952380952381,1,4
-0.86092170121566947,0.50596962283657365,0.052995897412288336,-0.50268582255338445,-0.86207225764437601,0.064330291494415479,0.078235466252497401,0.028743057710421002,0.99652047066465754,5.0798505041290252,-2.0970456122915184,-0.20765099742335394,,0.2200469818999073,0.265625,0,4
-0.066418942439381498,-0.99018443604477735,-0.12297685432600748,0.96768890864209434,-0.093969687918299655,0.23398263577370423,-0.24324206087004505,-0.10346245873370354,0.96443186356345045,-22.621973693855473,1.5961356053985849,-2.9778299145288161,,0.1151480996586228,0.2777777777777778,0,1
-0.97158596176300105,0.23422747234813587,-0.034032485987188187,-0.23630853884584857,-0.96808024540195003,0.083539888263277212,-0.013378840517962415,0.08920834972077403,0.99592312804075978,5.8931573045513028,0.77891297911069168,-0.81599485071890832,,0.07818274791962684,0.1724137931034483,0,5
0.93734170386621507,-0.31210395295367938,-0.15486010701232419,0.34673738057053005,0.87914714827174556,0.32691509692999038,0.034113327428856942,-0.36012694183627114,0.93227939302302876,7.3786781298080513,7.3552460036074372,-2.367046359287778,,0.6853885798493078,0.5540540540540541,0,4
0.63338197572191479,0.77346243828851968,-0.024148072125582853,-0.7399140388528892,0.61445784228136568,0.27380426433372818,0.22661528619890006,-0.15555518832783125,0.96148223875705807,-5.2107799260678895,-10.170734245066482,0.62394687529045467,,0.08597504630504021,0.2857142857142857,0,5
0.91532525885762939,0.39811033745287483,-0.060727503738997449,-0.36945879703983669,0.89013928921882235,0.26674377795720855,0.16024939247026371,-0.22172100712870194,0.96185234168802836,-15.02690069137158,6.8756794348311336,-3.8552544324658862,0.9289200893721197,0.6949324994724776,0.9959514170040485,1,5
-0.35918929503817293,-0.92419453159247189,-0.12979798960135647,0.89537967822089304,-0.38048359936040427,0.2313600277636649,-0.26320767876152973,-0.03311643689053835,0.96417063813862558,-7.384405795264497,-7.3847868164571837,-0.23864791741599503,0.1246536137138182,0.1953717997745139,0.2711864406779661,1,6
0.74444419121093763,0.66743828463504451,-0.018137871311797782,-0.63470209782959841,0.71584112580157055,0.29107512710956251,0.20725851775741513,-0.20517704261093769,0.95652824736252817,12.09024849624282,1.6009880256944438,-0.36347885257892404,,0.08255415561411043,0.1470588235294118,0,3
0.99763016211034772,0.0018223363721081162,-0.068780365932637616,0.024958942883558689,0.92197399600922703,0.3864466351941917,0.064117944585083977,-0.38724750454060303,0.91974358351078433,25.769726986166845,9.8398478114572416,-1.1343677964143684,,0.1986175939181342,0.3333333333333333,0,3
0.098062861698769252,-0.98162652256054361,-0.16368581295012591,0.9594139670938745,0.049551869954518955,0.27761385399364619,-0.26440218399370885,-0.18426606412930738,0.9466453943846409,-9.3625077372475722,16.106373910677668,-6.1670001250784408,,0.1618814294615558,0.32,0,2
0.99089420610330192,-0.096521890350293738,-0.093873302882725579,0.12622779626658162,0.90856410142165878,0.39821830326786278,0.046853129677626087,-0.40644162962356473,0.91247464948257717,-7.2518463891082892,9.1237718329251578,-4.3120730896234072,0.2901067449868611,0.2406853114755047,0.4723247232472325,1,5
-0.37014833957328774,-0.91836638801950965,-0.13997636967409238,0.88497552432131343,-0.39441375287611113,0.24749972301883294,-0.28250403194176726,-0.032264049624654199,0.95872337148859743,11.033863008588751,-2.213707833713896,0.43676787371962333,,0.1340843697122275,0.3421052631578947,0,6
0.84744867986158046,0.53044884839985773,-0.021324967341812485,-0.4966560649922046,0.80636960376460487,0.32109315662432514,0.1875193006261589,-0.26151879732780015,0.9468074939167398,1.2957448770640805,16.99172380486181,-5.5841395275031367,,0.1633025409933442,0.25,0,4
-0.44879418694234058,-0.88037928798761966,-0.15334955835989897,0.85710728461820396,-0.47262507019669403,0.20492107182029895,-0.25288511308729378,-0.039469637748309694,0.96669088506866807,19.905862071258795,-2.9727507181147805,1.5513300553676588,,0.1283450087839582,0.4,1,5
0.95763898145298643,-0.27516637707288133,-0.084917878743356739,0.28797057023014827,0.91430627930174502,0.2848104252142511,-0.00072930309875709576,-0.29719941547382644,0.95481515256043448,-5.3109577277113509,-2.6858916001219093,-1.0910272551366758,0.458650775409334,0.2837992954924081,0.7461089494163424,1,8
0.9951696181848203,0.075387247562528806,-0.062882381847588542,-0.052219209686191606,0.94891001931911412,0.3111959661942113,0.083129929517770457,-0.30640910257488291,0.94826308410568549,7.9796922622202899,12.132521253417886,-3.5472996112840929,0.6424005151285213,0.5845614732654854,0.7402597402597403,1,5
-0.20756326011376131,-0.9410398574662967,-0.26713569531374814,0.94620241832815277,-0.26243490405923137,0.1892852468666763,-0.24823069230234932,-0.21347577799655545,0.94488603313196595,-34.693165424597922,10.150754096345748,-5.4315401383688808,,0.2305887045080294,0.4117647058823529,0,1
0.68485393074045853,0.728103474878807,0.028990057239493144,-0.70128257334579491,0.64777539425894204,0.29764037178140251,0.19793394320035726,-0.22417040050389872,0.95423780352021192,8.8269380799865278,5.4425401482422808,-1.6993728614239618,,0.08740928838175814,0.1777777777777778,0,8
0.15639654452926585,-0.97437099111553671,-0.16168269088505602,0.96729704546527795,0.11800448640676096,0.22452475814934278,-0.1996911282291971,-0.19151008553181684,0.96096167480610106,-7.6205591152344132,-2.9369800673159134,-1.2030467199104793,,0.1367788541360541,0.1951219512195122,0,3
-0.9869172195435244,-0.13275073108511187,-0.091496694830186687,0.11970314531347556,-0.98348441757088023,0.13575550595584854,-0.1080072162891948,0.1230270043187098,0.98650838690698617,13.489859198605009,7.3656197536743981,-1.6132477891798003,0.2376116988832853,0.2208159106645664,0.3939393939393939,1,5
-0.22820598285781846,0.9669340721886257,0.11384432102050031,-0.94907785652490906,-0.24701394618788172,0.19553857072908781,0.21719404145137425,-0.063424052451825572,0.97406577700307639,-35.560362076346301,7.4968486205366087,-4.7982012526742954,,0.2193660030082933,0.4117647058823529,0,1
-0.99158530883353957,0.11574177118806379,-0.057986357945151668,-0.12292300469004647,-0.98230075248468318,0.14133352958868423,-0.040601850000513695,0.14727210893538026,0.98826232130252778,6.9851106876609501,-0.42512422815367962,-0.4134126386978772,,0.1095992806433887,0.1944444444444444,0,5
-0.13170095978061869,0.98626055302350979,0.099724514251140567,-0.96940298469199226,-0.14916273468380281,0.19495725647409987,0.20715383284680577,-0.070997183968179542,0.97572879910632326,-4.3834228147823833,-4.4919791699121596,-0.59540214702694483,0.3829347083428752,0.2543870964339096,0.1692307692307692,1,5
0.31874918442679168,0.94782974154934319,-0.0042117053268581279,-0.91436269389326286,0.30865885559143236,0.26205071051466866,0.24967943736621653,-0.079677424026461358,0.96504491432108841,7.3620231592511987,3.0080918309838229,-1.1819011703871096,,0.09936512492718866,0.2653061224489796,0,4
0.69702415376893034,-0.70625565957628988,-0.1239365659487453,0.70666977521021712,0.64729716479115984,0.28569950867593186,-0.12155310718796672,-0.28672168346636639,0.95027128671930594,-11.232627249564057,7.4432850208957779,-3.9540953056906201,,0.1236874612371584,0.3676470588235294,0,5
-0.84451556252516269,0.53539800772292989,-0.011934738335071537,-0.52885414096457628,-0.83027105761436493,0.17596382717065812,0.08430161467866179,0.15491592627694004,0.9843242827180122,-6.7528077507332718,-4.5767750489329231,-0.79392885919996348,0.3872537447277205,0.2873414164014108,0.456140350877193,1,3
-0.70550206096326495,0.70620737640907971,0.059480950580753027,-0.69765282717702393,-0.70681298310257468,0.11702965286432834,0.12468911222914159,0.041067607953759834,0.99134558901952285,-27.16777803483587,18.409924333648419,-7.3417040651702656,,0.3130707470338432,0.1176470588235294,0,3
-0.98291669438806761,0.18105567278936385,-0.033069854006709372,-0.18152868479473652,-0.9833138302582225,0.01188477259341035,-0.030366239311569072,0.017684868495260665,0.99938237773956085,-2.4395113563507267,11.881189826455859,-4.6566537174682514,0.4853775818806993,0.4063361677036208,0.7567567567567568,1,6
-0.98098000190258228,0.18540866445342893,-0.057461839622534039,-0.19300374408567567,-0.96322007106998053,0.18696697424104775,-0.020683100254097746,0.1945012129359027,0.98068419357627146,10.138669347313684,0.38207163809126043,-0.23663388641273025,,0.5268192280853584,0.8975265017667845,1,5
-0.0044809039532557457,0.98098166466110892,0.19404869259668173,-0.97103355904504451,-0.050627825257165041,0.23351798756850509,0.23890112747343045,-0.18738142092654164,0.95279297561614829,-3.2194867395119253,5.4065147126457331,-2.9667496738615386,,0.08698609949738698,0.2796208530805687,1,1
-0.71177301509625057,-0.69444614097392587,-0.10546910574767084,0.66824331397311287,-0.71573439767295466,0.20291659695047851,-0.21640251456723578,0.073951533277908543,0.97349942086003438,-0.89006583065130829,-8.6088774822632814,0.65422327414024295,0.3300640984300353,0.2069608197826609,0.5357142857142857,1,5
0.51320731684587939,0.85504964214524937,0.07421832255672034,-0.8245359065893455,0.46718789191164711,0.31918021930570295,0.23824103064069074,-0.22500129581500514,0.94478337633598819,-16.362540061864703,15.921251025184949,-6.2505973607682561,0.2983379293538828,0.1413273840937404,0.3170731707317073,1,5
-0.95319010724370534,0.29657157408307877,-0.058939977083628678,-0.30233991684821476,-0.93198359605376069,0.19999287829049212,0.0043811109262904026,0.20845114087619146,0.97802296891968021,-6.4439086272671968,-12.051639812136971,0.898496529938556,0.1528310856569828,0.1152429802132503,0.6612903225806451,1,5
-0.95747657807283804,0.2844188644174388,-0.048420161146203122,-0.28850571985769191,-0.94286249945223455,0.16665760329514365,0.001747012113547776,0.1735402451599653,0.98482522878858858,8.9207472509982821,9.7324229391982797,-2.8405271780293746,0.244518521093833,0.16423590894295,0.4090909090909091,1,5
0.99501536312411409,0.097781949744288582,-0.019573386298593964,-0.083495053800836383,0.92422185094335507,0.37261581586083486,0.054525252294547036,-0.36912418038249079,0.92777924977829274,-0.92622998275080215,-16.709143854948195,2.6338681196936635,,0.4707863849226981,0.5739130434782609,1,7
-0.8109568976584145,0.58475517362583773,-0.020255790728962653,-0.57785374508900411,-0.79499163289972208,0.1845896879732048,0.091836590893017558,0.16139916523095513,0.98260691532061728,-4.7292194094825479,-20.724698493142277,3.1259339352269904,,0.1116207453056952,0.12,0,5
-0.41154080359763717,-0.89887672941265906,-0.15051508992327933,0.87751654523538902,-0.43541055684861318,0.20095362605071032,-0.24616839726569106,-0.04937886496450155,0.9679684126470548,-37.247796539128444,11.337763876185187,-5.7783676750322766,,0.08823655766393559,0.5454545454545454,0,1
0.071714446227728643,-0.99266797895777847,-0.097300163176273824,0.96971981031973331,0.04655741025729157,0.23974131271767671,-0.23345348075304173,-0.11154681125883226,0.96594864315980888,10.617634737381078,11.603397605144497,-3.0666260301364106,0.3464293535284446,0.3137728157543961,0.8636363636363636,1,5
-0.87478152347312477,-0.45139318228610931,-0.17607237482256835,0.43407419798910224,-0.89157787421407253,0.1291064864831899,-0.21526002143955439,0.036511494046884287,0.9758739846785075,-13.376687009556152,15.74140594547872,-6.1903597227439633,,0.159667477160029,0.1153846153846154,0,3
-0.6376249372234174,0.76929994771828392,-0.040150091799138338,-0.75758730642286676,-0.61676453787691266,0.21368897483123561,0.13962776435143204,0.16667061906084299,0.97607632496854302,-6.614251214387056,-18.177931550708887,2.3282535449535025,0.7214831735007702,0.289449576194345,0.5434782608695652,1,5
0.95950291958473988,-0.26893105911140019,-0.083846483251121248,0.28169826411802945,0.91652589176492849,0.28394784330470146,0.00048507860075576789,-0.2960681934448936,0.95516668154256112,-5.0725508782988316,-8.7279332157468428,0.31581168960320999,,0.08755032162475228,0.3714285714285714,0,5
0.057835987435497199,-0.98986182157257663,-0.12972498892033921,0.96754233106767451,0.023557678877369648,0.25160857171019008,-0.24600169948496725,-0.14006644836980717,0.95909569589878596,-27.576605669797761,23.671304856933187,-8.6552259152821467,,0.4300287451926709,0.75,0,2
0.14643484771032947,0.98918309329001608,-0.0085815689270087522,-0.95818197983616882,0.1439909320384874,0.24729315600705259,0.24585387711665915,-0.0279896309351177,0.96890270495381714,-24.509702870325796,6.7031771823202666,-4.3314388551886287,0.8771573047909084,0.6672139317147379,0.8516746411483254,1,5
0.9162016261603334,-0.36387794238788634,-0.16783153239102086,0.39946414794899421,0.7962679549416074,0.45429697163473798,-0.03166977619978209,-0.48327030425701512,0.87489818739027414,-23.290345489346514,0.72809393143743883,-2.8142406657423908,,0.5762682328073658,0.3448275862068966,0,1
0.87282004175788308,-0.47931473686125203,-0.091883392043370898,0.48338299207587959,0.82307554357326973,0.2981401223306524,-0.067275981431244802,-0.30463754299034612,0.95008942196156865,2.4656036330685898,8.8336694668945057,-3.3135365332079285,0.1740896698624904,0.1222493064727845,0.35,1,5
0.49843013726658575,0.86622106474475313,-0.035049468710353117,-0.82991149994489422,0.48844485598839343,0.2695710016260886,0.25062781274955825,-0.10527435419390156,0.96234245974363442,-0.61205135990411996,-6.4783195204239474,0.26726742377571788,,0.07585868883471228,0.3768115942028986,0,5
-0.97228024548842296,0.23369911661047285,0.0074730936335062363,-0.23348542496092306,-0.97210444884033853,0.022304637984903425,0.012477201761120193,0.019941500452700378,0.99972328971366164,-4.9972938745087854,29.191860815935325,-9.2763133329000027,,0.3505212700070724,0.25,0,3
-0.38393884186164001,-0.8960961989355275,-0.22271633968625371,0.8895427530606187,-0.4236355198607451,0.17101648104686368,-0.24759777096589247,-0.13245583628370802,0.95976601067505307,8.3045574149155161,-2.8791581335366212,0.31041387445113233,0.2016928175256113,0.1035300465784459,0.2727272727272727,1,5
-0.22994228107270895,0.97243675127564511,-0.038643397153310229,-0.94826027263571133,-0.21493961716751622,0.23367373903100086,0.21892693465155463,0.090375470899745222,0.97154684475002207,4.9832488401157367,7.010441595942976,-2.5331303683245645,,0.0851009870245492,0.2571428571428571,0,5
0.963753670211564,0.26007881819535589,-0.059480009077410786,-0.23386787918455904,0.93084135197442708,0.28078495782384599,0.12839267206292682,-0.25669707006611814,0.95792585098222194,-4.753075566124715,-13.344734359721638,1.37706025913375,0.4094452876104625,0.3039305010199073,0.8918918918918919,1,5
-0.25875218661757754,-0.94373787248261887,-0.20592749685897424,0.93435704745251136,-0.29860920434169774,0.1944465246751505,-0.24499839549770125,-0.14209634451455347,0.95905391666952367,-6.3281247048277578,6.5661300207852138,-3.521374400570275,,0.2089557142956973,0.1949152542372881,0,5
-0.70187787549271141,0.70989550159140868,-0.05844505722576749,-0.70174477327825791,-0.67507678714049912,0.22765237675172853,0.12215449672643078,0.2007976799775002,0.9719869189681356,0.17635413562565466,1.1481447769792432,-1.6326076091685535,0.2070550131261551,0.2115418943662154,0.8157205240174672,1,5
-0.7596043016683639,-0.62594749312560527,-0.1766098545854391,0.60001476788167019,-0.77922552149192381,0.18107971995656302,-0.2509653028026485,0.03158041331921016,0.96748079788891161,-17.399241857554827,20.4808465119619,-7.4677525708680381,,0.1781610302180076,0.3783783783783784,0,2
0.21860456041343082,-0.94018294844788897,-0.26128159065323875,0.95184508776456367,0.14646834922244639,0.26932870544099646,-0.21494877311797392,-0.30757608184624408,0.92692717017638004,6.4340266212390969,16.099599118465409,-4.7448870634727669,0.1378470828741861,0.1276851815492276,0.2758620689655172,1,5
0.45126761669743726,-0.88298824830008515,-0.12918704069744194,0.8737941022226845,0.40781175380723311,0.26490269983056436,-0.181221977257363,-0.23242488425428201,0.95558216189834555,-6.7043253941535204,-14.760452082881452,1.5302961140342839,,0.09199303921369577,0.2307692307692308,1,3
-0.013835701783000746,-0.95520173169338729,-0.29563190816642987,0.97064003074370564,-0.083836522821311057,0.22545369404622484,-0.24013851018532789,-0.28383285435478456,0.92831697534559043,-0.2319987333879043,20.575273310617579,-6.6814722949849665,,0.1001985480258518,0.2857142857142857,0,1
0.9802113480769713,-0.17050862765212965,-0.10056103120649419,0.19661691034513842,0.8975490007739938,0.39464868145723858,0.022967447996195007,-0.4066111153249411,0.91331259556996647,18.192056838063998,-5.775632237035329,1.9510549006100488,,0.07742833008262914,0.2941176470588235,0,1
0.34019284978334857,-0.90709543293938999,-0.24788444988902869,0.91942531005231165,0.26554854956995649,0.2900707966281767,-0.19729653872153144,-0.32659124814023216,0.92434421751137186,6.0090917092857605,18.843932400755023,-5.5096079131793481,,0.3715995117980551,0.25,0,3
0.99160557500350366,0.11380216249655351,-0.061379568531231894,-0.08449957698909262,0.92967277893276423,0.35856428377642019,0.097868304933908815,-0.35036779521317424,0.93148494511013102,2.494720175459761,-18.267033593606666,3.2976159670405991,,0.09420073332082254,0.4666666666666667,0,4
0.99112201124585841,0.10779527714181206,-0.077828895982679336,-0.065555366985366445,0.90548065978996684,0.41929377363101733,0.11567044861751299,-0.41046918638582941,0.90450837162758035,-12.829356398932557,18.870102121640087,-7.0126465232188071,,0.2407918016311263,0.45,0,3
-0.85743486317399231,0.51251724414973587,-0.04616849426780003,-0.51124334010896932,-0.8381995136782977,0.1898731746816521,0.058614866783272573,0.1864072147708459,0.9807225130858136,-10.491068175643147,-1.0542264398262813,-1.7647099927828456,,0.1046750187839978,0.2580645161290323,0,4
0.75391215751955021,-0.64826155609407476,-0.10664620778398616,0.64877404622535684,0.70905720555727503,0.27627905492759736,-0.10348282798897092,-0.27747943011653414,0.95514212040596769,8.0473692821788756,-14.575379335376159,3.0174577242023193,,0.1003966231433077,0.3181818181818182,0,2
0.42389520449803775,0.90571091368094259,-0.00077229709277438976,-0.87264014474352081,0.40864528309406895,0.26741019125488763,0.24251192421316928,-0.11267996026002636,0.96358247865464297,18.797382576077609,-9.4628715992759673,2.9074525856949851,,0.09414993296194396,0.1739130434782609,0,2
0.92420975506198677,0.37871868858382229,-0.049076303503963636,-0.34616680282620449,0.88508678002299479,0.31111081056371409,0.16126026562469406,-0.27054305894973069,0.9491056737712491,1.5793521628025942,-14.653349539776364,2.3701325429494786,,0.08244406192535146,0.1,0,3
-0.88363524018919126,-0.45875088667045399,-0.093468637921290496,0.44219099366830683,-0.88337646497632638,0.15528408239276756,-0.15380470543655181,0.095883497563452783,0.98343808522986031,-2.4900342172983811,15.639779504501018,-5.6325171385659329,,0.1188609057194965,0.4,0,3
-0.43458557413322285,0.89441295957727707,0.10564486024181828,-0.87807050586384461,-0.44686466296457267,0.17118457794314015,0.20031865985801056,-0.018369287786275619,0.97955857598150597,-8.0538842354346283,21.904614867510183,-7.5646075999856404,,0.2586780606733265,0.2,0,3
-0.044060069055085825,0.99812916644581695,0.042389590762840143,-0.97486154376885681,-0.052231890812879225,0.21660286254505984,0.21841172311820553,-0.031780444809527846,0.97533908079818388,10.132891643300164,-13.135041938265626,2.9281574231718168,0.1174703962778327,0.15228876973298,0.1351351351351351,1,3
-0.89014364355990727,0.45567334529836806,-0.0024690513334051285,-0.45326798398609669,-0.88486208350090545,0.10755104776624098,0.046823375818840059,0.096855023447578112,0.99419649763509876,-6.8290842961551546,-16.331724768139033,1.9735090170892338,,0.1979613790996515,0.4,0,1
-0.85983447682853087,-0.46787656062257815,-0.20439226129429067,0.4776713637565983,-0.8785371268319323,0.0016078012330785802,-0.18031844249526513,-0.096249887261650388,0.97888774560630876,-10.3315082485777,20.909046287839615,-7.4567321030458773,,0.3757999880830939,0.3157894736842105,0,1
-0.99530612464098001,-0.063241989284636813,-0.073254140111508784,0.054635581527350083,-0.99197084717716755,0.11405608963041812,-0.079879105423902738,0.10951844201747739,0.99076992252224849,10.369939400398465,2.1518038194692206,-0.72701937084703427,,0.1117039486541294,0.1219512195121951,0,4
-0.85204752835871156,0.52121551301534796,-0.048470593249512126,-0.51942981303606106,-0.8303737052191863,0.20167344646701499,0.064866622751109021,0.19701243278714392,0.97825273962312931,10.059907137824206,-11.801231286537424,2.6342905050981842,,0.473700112231443,0.9154929577464789,1,3
-0.69568281795307785,-0.70981003974553736,-0.11043153662475097,0.68558539522269912,-0.70195828456848308,0.19294359948702139,-0.21447163603190147,0.058517298315211221,0.97497571412609463,0.25016435010905186,-16.617663880898448,2.664478871787554,,0.08251955282461669,0.3846153846153846,0,3
-0.51386318849336021,0.85599501018279289,0.056720067468206271,-0.84091884079658563,-0.51568544996649401,0.16408540424480703,0.16970600079185311,0.036620475625190288,0.98481410126999136,20.689161590433752,6.8915024539312064,-0.7516633891031459,,0.5439043251379891,0.16,0,2
0.25504435054350788,-0.94744861504302424,-0.19311525343404939,0.94775041009791727,0.20536803880565294,0.24411703913563926,-0.19162864977625765,-0.24528573234123646,0.95032277153331091,20.074474135223575,9.0842616628722617,-1.3362181175860368,,0.3807102203498147,0.6111111111111112,0,4
0.8232537520360339,-0.55778964376700924,-0.10547024729688112,0.56202566084196481,0.77472867633323417,0.28969403622116152,-0.079877508184377222,-0.29776868769772896,0.95129038275020283,4.5506934644828485,-14.67089167074802,2.7771051331727934,,0.08077416208036119,0.2083333333333333,0,3
0.15356185174472614,0.98803871874263782,-0.014080055189465023,-0.95666513248820895,0.15222319657244901,0.24823360511136369,0.24740772415195439,-0.024649314202899338,0.96859786771357204,10.800318923730371,-14.542897661065272,3.3504015622363741,,0.08876236875414033,0.2142857142857143,0,2
-0.99225077154598085,0.10946014802881748,-0.058795257971331352,-0.11739905874591992,-0.98089489417392528,0.15512146076251415,-0.040692350288206482,0.16082189706950209,0.9861442338983627,18.840519752933307,-4.9230587466977083,1.8918899594654957,,0.09132454632753981,0.1904761904761905,0,2
-0.92374949961669928,0.38199746865017781,-0.027654943550005581,-0.37945669177761276,-0.90302577180763188,0.20138787082746762,0.051956530129401358,0.19652579829652742,0.97912110056970236,8.6641231715793214,8.5464741417070123,-2.5662284007112208,0.3677504407693903,0.3033452670881968,0.7638888888888888,1,2
-0.65596483537062955,-0.73171932155019692,-0.1851944092765824,0.72540887992645053,-0.67895080555032805,0.11317137697497918,-0.20854757654078604,-0.060105225335906592,0.9761635468538481,-14.297391679279235,-31.172293858305917,4.5052682960045498,,0.5514490466229101,0.6756756756756757,0,3
-0.24981383006710348,0.96826381538378725,0.0076311287260836837,-0.94439004785791181,-0.24537954395160091,0.21889796005681225,0.21382349687097943,0.047476975772832088,0.97571791464404833,10.899975477062489,-12.117229753182418,2.7567909593291993,0.5809617536479088,0.3052188940761253,0.28125,1,2
0.44845027889889594,0.89350753116850334,-0.023165472165890762,-0.85952894887644693,0.43821552782230205,0.26301546954270966,0.24515777246265988,-0.098037966730177534,0.96451346474819089,-0.69222530500556489,-13.277538554289913,1.8459009413384442,,0.07122841068674045,0.1818181818181818,0,4
0.12994960103998673,-0.97181662604067298,-0.19668641676656101,0.96404196528271147,0.077460194811040259,0.25421055720343599,-0.23181067784593962,-0.22264852025278931,0.9469379314748394,-5.3181509348528078,-26.578052260094054,4.4054859493544898,,0.08788549645715749,0.1111111111111111,0,2
-0.7677610474484261,0.64055530819738404,0.015227316278624928,-0.63318531603829553,-0.76213662340914845,0.13499675111640616,0.09807818092918949,0.094003533968970238,0.99072902754838321,19.516632214612375,-7.3416906833793902,2.4972905688636016,,0.09387514306653376,0.2727272727272727,0,2
0.52660282689648186,-0.79812290369914785,-0.29272733609192375,0.83123701779866466,0.41126486765919662,0.37404041074520961,-0.17814174958671447,-0.44029653555314685,0.88000254422023128,-7.8362080164718009,14.906960767665511,-5.7903941566273724,,0.3861168152770416,0.1639344262295082,0,2
-0.46602172750717313,-0.81051329185907606,-0.35481256067252659,0.85060451819412231,-0.52079027372117315,0.072453049798967079,-0.24350709049014566,-0.26804047178959917,0.93212585114019564,-10.020624707256509,-7.5786191802031944,-0.25833120221593181,,0.481249752039538,0.169811320754717,0,1
0.85901096885280182,-0.50221345394901384,-0.09940725357424629,0.50811508014397311,0.81259423111052675,0.28549900331906192,-0.06260367977089315,-0.29575710006438677,0.95320958715313486,-20.645922414134009,27.672638543891594,-9.3489892805605539,,0.182755135430859,0.6666666666666666,0,1
