axis_00,axis_01,axis_02,axis_10,axis_11,axis_12,axis_20,axis_21,axis_22,location_x,location_y,location_z,dbh,dbh_approximation,score,reconstructed,number_clusters
-0.76239473951008907,0.63586927072933785,-0.12010217195988898,-0.6396532386487549,-0.76861211047041145,-0.0088970739222951796,-0.097969359768765404,0.070040660907502425,0.9927216681256319,-0.55767686589738708,15.802283757621495,-1.3778808440361525,,0.08023417597900434,0.3333333333333333,0,4
-0.90099138515393418,0.4164058977190484,-0.12174010113018498,-0.40893911496007085,-0.90885558796280985,-0.082160334008867034,-0.14485621883118535,-0.024241463932031686,0.9891557143808869,-3.8227546849348926,-29.940292642502609,-1.0534009364379557,0.6552812952480149,0.5848474915591128,0.7101449275362319,1,5
0.74475566856471986,0.66732984677452856,0.0031416149673055465,-0.65608822038211323,0.73133278916534961,0.18628096673429417,0.12201328295128425,-0.14079498249410674,0.98249149191630913,-9.5219361693915019,-27.084280715933112,-1.7205179958355172,,0.2878740009191921,0.72,0,3
0.97749849907454289,0.15063163021368883,-0.1476712439379517,-0.14690169159054609,0.98849900724606121,0.035911080203572039,0.1513822225852548,-0.013409871465371904,0.98838433720513297,-23.394364314466653,-26.718672954088319,-2.5892196865123345,,0.1190482715006155,0.2727272727272727,0,1
0.36128710633441846,-0.88839547654466677,-0.2832403644459538,0.929182853611212,0.36843195502446136,0.029616196105810903,0.07804390656180156,-0.27388203988547216,0.9585915589429862,-24.20124023064292,8.5352891242769768,-3.0546975548421189,,0.3390911802948386,0.4117647058823529,0,2
0.3893137181422045,-0.85495677640184498,-0.34275901060491365,0.92045213720829577,0.37510955672582996,0.10982114350904285,0.034679849696537521,-0.35824814156882751,0.93298208829939921,7.8922885944944312,-21.142430429735807,-0.18656275359244126,0.5612207519833113,0.5196915617177691,0.25,1,4
0.30043909971784533,-0.86788740934507325,-0.39561065716311106,0.95328176288459665,0.28691245478782346,0.09452578399178671,0.03146788700194849,-0.40552766611899982,0.9135409591801068,-16.960212503800221,-24.099107735822315,-2.2540602179933691,,0.3359817222967647,0.375,0,2
-0.97089574140206902,0.19657289210101345,-0.13682308803111654,-0.19232055076701046,-0.98035573595884307,-0.043765702613690248,-0.14273844990051274,-0.0161780426393138,0.98962821597626238,-21.769147370072972,6.786754649185764,-2.8107726728778393,,0.09168599505793909,0.24,0,2
0.044940988004060094,-0.93999115753157847,-0.33822615416265717,0.99745134020719639,0.023440060938344651,0.06738981719869766,-0.055417790609930656,-0.34039269572899078,0.93864885936023146,-17.871041280260926,9.2811551198931284,-2.5668213359958205,,0.5539994590670753,0.7419354838709677,0,3
-0.98304688614120783,-0.038290377087187487,-0.17931164677899444,0.057763219317366242,-0.99282829844022358,-0.10466795264255102,-0.17401790178647639,-0.11325112290308836,0.97820854270396784,-6.6983786485551269,-28.350761875257202,-1.3707879868116382,,0.3736637175594002,0.5,0,3
-0.3013033576809212,-0.85811119769970579,-0.41576611097175764,0.95160574378802321,-0.29828101513644761,-0.073992867215795038,-0.060521029732207562,-0.41793971860969054,0.90645661593294469,-19.950320346231877,-29.17010630859102,-2.4521302675560492,,0.1899688993259645,0.4705882352941176,0,1
-0.67501328822130513,0.73260568215565935,-0.087441267133454945,-0.72735660844373329,-0.68063885855635642,-0.087653342071662838,-0.12373126071406999,0.0044338128448323799,0.99230585830466866,25.878760240445441,13.877384741718265,1.7390137631136215,,0.2399084663723563,0.1764705882352941,0,4
-0.67514340696587949,0.73757258805403492,-0.012963694758013485,-0.73148454284374775,-0.67163785754158456,-0.11761357021034957,-0.095455453543417709,-0.06992328416360459,0.99297481877467408,16.325796421505775,17.275818896786181,0.55783119076308763,0.1860965243853067,0.2008009639109425,0.3,1,5
0.77641158520094411,0.63022584767316903,0.0006567270305783367,-0.61740831163966925,0.76041100201521883,0.20144995590087425,0.12645958676197844,-0.15681354832681557,0.9794985880424445,-23.088032227340619,12.062497564267559,-3.1354089108754293,,0.1415453038700844,0.3076923076923077,0,2
-0.70389153698479712,0.70200174821965877,-0.10830627709289047,-0.70257476471098801,-0.71052534480261864,-0.03927383842227742,-0.10452465810744915,0.048448734654911195,0.99334149010189721,4.7227134105814796,-28.354033688413853,-0.48275242452360595,,0.4779948540188131,0.5217391304347826,0,4
-0.87178404270996945,0.47746057279592324,-0.10965392971367129,-0.47347147454644778,-0.87865133447962995,-0.061616517330810361,-0.12576702933231149,-0.0017982887850182656,0.99205817394463836,-9.1387750089620123,-28.845256944015436,-1.5953353816254465,,0.3998839158921893,0.25,0,1
0.11459442431497194,-0.93463906177138067,-0.33662730448826389,0.99328162165277278,0.11329788835941941,0.023562864429766971,0.01611638925935998,-0.33706588777924507,0.94134310922895204,20.391866358034051,-21.888085162104037,1.281046127156064,,0.7132591187830921,0.1388888888888889,0,2
0.45072794485364359,-0.8047293027114012,-0.38633543596935649,0.890956548718841,0.43228781076309281,0.13900962902138839,0.055142978002845733,-0.40686361108272434,0.91182303872719872,5.2441648348070791,18.781976956251764,-0.73206069801869889,,0.1122849722807941,0.4,0,1
0.29160167084041833,-0.8857921116086338,-0.36102742357748052,0.9560733639421588,0.28168838978623301,0.081088678741012513,0.029869521646657179,-0.36881429754221356,0.92902304901710731,7.955717197670368,9.3061898509840137,-0.41234387235594222,,0.7974622712216801,0.2307692307692308,0,1
0.43335524525537,-0.80399948349177985,-0.40717080194263228,0.89777782628526237,0.42459500163131464,0.11710704171914753,0.078728686259610825,-0.41629786828021609,0.90581337968986764,18.678142036785196,-17.132751169153007,0.95502073817814637,,0.6167572373683452,0.4117647058823529,0,2
-0.97659258636673696,0.17249453873979556,-0.12850118426875481,-0.15741065454706302,-0.98026787443802388,-0.11956914392862486,-0.14659060709538146,-0.096542883993094991,0.98447481707847806,-7.1899446509896343,13.266183719196288,-1.8545868431916681,,0.1367346441257268,0.2222222222222222,0,1
-0.71426699183354625,0.69945040200817687,-0.024326929679998461,-0.69342975778085048,-0.71196907656327624,-0.11070322958986355,-0.094751440100121861,-0.062202645829857114,0.99355573343960768,-15.275521040157965,10.630401679738679,-2.3785891943443702,,0.09505964065527854,0.3870967741935484,0,3
-0.96231523309281064,-0.18674169016364392,-0.19767886410123214,0.22759528327528494,-0.9509208846459255,-0.20964221467789332,-0.1488280188283462,-0.24673267375650654,0.95758718063296588,-7.0969379254390779,11.55718922745274,-1.8043089311116869,0.6506755927688244,0.3658530574216459,0.6071428571428571,1,3
-0.37332824247123553,0.92730803951729968,-0.026941106508852609,-0.92671206902239855,-0.37411307966678603,-0.035272436128784168,-0.042787433921239744,0.011798451966933778,0.99901453043968258,-18.386387763630651,-27.237551730100964,-2.3587952012048032,,0.6418315114918347,0.2711864406779661,0,1
0.16785003915393479,0.98304122492216739,-0.073866869837203392,-0.98321581127741087,0.17237229793004513,0.05978678248925727,0.071505473987132945,0.062591860571799274,0.99547437243760051,4.4977412196681481,-24.99382605434776,-0.42189823814082356,0.1479751720256122,0.1801257644803315,0.28,1,5
0.060275008203108917,-0.9248319466472763,-0.37556995865847043,0.9981801668570115,0.055163254046539163,0.02435918505012093,-0.0018104914869191433,-0.37635473407890985,0.92647387240923784,3.5384773040640782,9.9633933653895532,-0.91820375451938352,0.2430243162089094,0.2366752529842287,0.1379310344827586,1,2
0.99025704056401609,-0.067525491207702751,-0.12178383164671563,0.086101973860942468,0.98425270714608404,0.15437959247535038,0.1094415081705598,-0.16336130665725013,0.98047725102451455,-9.6676170697496158,9.7106523273198739,-1.9690966583800693,,0.3014349859164195,0.3684210526315789,0,2
-0.98787892490690876,0.034756552156718218,-0.15128520022443842,-0.024930986396899245,-0.99748378709920815,-0.066366711471192261,-0.15321121252065306,-0.061790586308920724,0.98625972634065917,11.996172194145828,11.163219301831997,0.10128109379760951,,0.176396375503452,0.1904761904761905,0,5
-0.83677609363469707,-0.51140215950519097,-0.19563639838967617,0.53044348774820849,-0.84573151434441529,-0.058033713910263907,-0.13577730085317277,-0.15233527791726206,0.97895785796677526,8.0838222930271382,8.4734311068652008,-0.38440735295371864,,0.2360441112678798,0.18,0,1
-0.70679614859412809,-0.64978564589407128,-0.27967448707833942,0.69828085638485415,-0.70416419877311609,-0.12867255640831446,-0.11332718093618309,-0.28623660764521491,0.95143342095220562,-8.6241012305605498,16.932061268958968,-1.8852821496951366,,0.3037269443708336,0.3529411764705883,0,6
-0.98080633238397352,-0.031127953484498053,-0.1924837366308246,0.053737194097443701,-0.99209741221302239,-0.11338006284509479,-0.18743332768222251,-0.12154741952049376,0.97472815311853833,-4.6718429298093813,18.714914958669734,-1.6175816678882651,,0.2985522229002937,0.3333333333333333,0,5
-0.91343828845709696,-0.34096202506504208,-0.22220573944908609,0.38161218264474961,-0.90731463225303721,-0.17650014208676218,-0.14143067290259154,-0.24601840492752272,0.95889118736133838,16.912095431142262,11.884278628682992,0.67813398149079696,0.2832775774826949,0.2894513555573139,0.1818181818181818,1,4
0.84361233518350454,0.53413252720663185,-0.054960634149293704,-0.5211634520099041,0.83914432731126087,0.15564528335434269,0.12925511291765662,-0.10266080713295582,0.98628285722882503,11.542838425755635,-27.859108077859499,0.22960926041906965,,0.4324446212008172,0.5,0,4
0.27356673127394576,0.96081240056455786,0.044730017454270674,-0.96180582982315999,0.27279667208179587,0.022616839285795831,0.0095283397436826123,-0.049208806350772495,0.99874306211320429,-1.4016808727259271,-26.279398964814288,-0.92295856236514362,,0.3368927150896645,0.7446808510638298,0,6
0.76136732128644014,-0.58524320065682711,-0.27894479411177919,0.63505241416803215,0.75982620640875653,0.13918537032975786,0.13049227309103156,-0.28311575749051898,0.95016695086921665,3.5947679223588156,-26.296926262578829,-0.45234764489430246,0.2159754182803244,0.3269910160826742,0.24,1,5
-0.98329531379121859,0.10655470970434461,-0.14756835607964983,-0.094522910403668364,-0.99177547385581055,-0.086295010672118602,-0.15554981608811871,-0.070904889097324036,0.98528003705395695,6.8301533374941616,17.523278409074937,-0.55295506327949029,0.5060741578737397,0.4731547606119686,0.7959183673469388,1,5
0.73888730914210943,0.67001326236972347,-0.071608467637653758,-0.66244107540091035,0.74174156269279989,0.10483928555522007,0.12335868842695411,-0.030028027286579089,0.99190773339401761,-1.6748253363668932,17.273970177137322,-1.4451251326386558,,0.330683115653905,0.6097560975609756,0,5
0.82654662398532208,-0.50803752850752848,-0.24231910367618284,0.55042720735491257,0.81955425444893981,0.15925047383952959,0.11768843520898198,-0.26500696904535287,0.9570374802354692,-21.671013423387919,-26.992722895688424,-2.4876018115531768,,0.07408696006995374,0.1818181818181818,0,1
-0.062298252443037612,0.99648281828707019,0.056043916718957747,-0.99800897945655209,-0.062751060573468048,0.0063546298866906476,0.0098490947114664353,-0.055536449792571836,0.99840808193734154,7.7764128786913735,23.186969996557611,-0.54953937016900067,,0.2624114117205637,0.45,0,5
0.42369002099273922,0.90578840859559595,0.0058416577295563208,-0.90240443561724948,0.42153110323617415,0.089318327250385521,0.078441065071079341,-0.043114821794261619,0.99598599962658252,-23.416605372304421,5.8825292062884076,-2.9816878264483213,,0.1367232037780536,0.2380952380952381,0,1
-0.99137141803887396,-0.038222916402431931,-0.12538628376854097,0.056966114666409842,-0.98712093565857006,-0.14948953195579653,-0.11805749986936803,-0.15534241869573914,0.98078089279836189,-9.4710377879911736,10.871902135545968,-1.9727618807445586,0.4747087680860936,0.4820414597401578,0.12,1,5
0.18262387319058215,-0.94887262067588762,-0.25746702832118928,0.98297336894595211,0.18161878704498521,0.027892151859519185,0.020294750156539483,-0.25817700502558744,0.96588444298068155,1.788308366997289,-28.890921468016476,-0.64285894465190341,0.6635961991767577,0.6002921429429867,0.6363636363636364,1,6
0.54570382819501251,0.83767657895609293,0.022478455501319914,-0.83337723783482376,0.5397052849467292,0.11916620686826307,0.087690999265078395,-0.083762488435972851,0.99261983366186335,2.7143960765896722,25.190066050065781,-1.1183423708437537,,0.2719133421425542,0.2307692307692308,0,4
-0.96834200762558098,0.23194040845752956,-0.092289778373409029,-0.20552135800292465,-0.95060419623621428,-0.23262122324227963,-0.14168531212617738,-0.20628938174965553,0.96817868356262182,1.0174036373456119,15.494692281874569,-1.1608560070741873,,0.6695327822938713,0.2461538461538462,0,4
-0.55691360613401242,-0.7922376667520411,-0.24941273961466265,0.82052294743793019,-0.5713518418046869,-0.017296404081864513,-0.12879956533537348,-0.2142814790075743,0.96824279998549134,-8.6724006990119538,13.419612968587773,-1.9003545331177489,,0.2386309711156508,0.7339449541284404,0,6
-0.24252902282959241,-0.86997235860151223,-0.42933409875602158,0.96875938939721862,-0.24081314826830552,-0.059281304606392173,-0.051816199590975429,-0.43029887623654023,0.90119806844528838,1.1063602575809159,13.885332353019798,-1.1667181067177188,,0.5591771042881296,0.3333333333333333,0,1
-0.023086836428131616,0.99611091067136748,-0.085029710250014587,-0.99972930919419201,-0.022757893078096766,0.0048359736094791585,0.0028820690217895828,0.085118340820922123,0.99636668036122544,-5.1614177138935977,14.260379137553368,-1.6775671046232559,0.1935994146783576,0.1349933290155083,0.5,1,5
0.72587071139093218,-0.63718224631264064,-0.25905693453138973,0.68006366612299607,0.72126874143438302,0.13147171805758479,0.10307822449079067,-0.27160667814624878,0.95687234886487704,-12.357116392663301,-27.546632514365868,-1.9282471647704724,,0.7023551156944573,0.8387096774193549,0,3
0.66811927036394914,-0.70657030065427529,-0.23318458525741217,0.73852440515414941,0.66788316402425429,0.092270158798286428,0.090544704759880967,-0.23385997829102417,0.9680450232265374,19.379428014127793,-29.032988665880463,1.1698288191176107,,0.2420701226637552,0.3333333333333333,0,2
0.90358702226485366,0.42604054505183653,-0.044943822339340987,-0.39904175126645108,0.8751814764481366,0.2735380485933635,0.15587230010729938,-0.22923096922971706,0.96081058945312703,-1.2287203838885872,-39.605992680420734,-0.91622230883205436,,0.3601594552750471,0.3333333333333333,0,4
-0.86925169626257714,0.48898730731389245,-0.072752332131291855,-0.47913865984228526,-0.86954588615079964,-0.11964989144483242,-0.12176876935064958,-0.069147416178265711,0.99014695962099375,-19.026423181811044,7.3366893913219631,-2.610943077303983,0.2487583397097831,0.2148053072099136,0.3220338983050847,1,5
-0.0097269366486708551,0.99982017322017114,-0.016279064021699409,-0.99981164788990895,-0.0094508510557557782,0.016951405782096519,0.016794506455984917,0.016440883075789,0.99972378281032714,11.573883519956768,19.597255065548676,-0.067843547807111659,,0.2551982258676521,0.8275862068965517,0,5
0.55767188534857315,0.82856433144887021,-0.049831886804052872,-0.81942235630504123,0.55911215555450189,0.12625608697678872,0.13247290394363537,-0.029576107956976103,0.99074526673552921,-4.6586767857368718,12.300712238972306,-1.6889209546392636,,0.412848638820026,0.15625,0,4
-0.73838927857900238,0.66638025488564834,-0.10353081269901454,-0.66501669652606321,-0.74499773431693295,-0.052260589397736673,-0.11195564577609456,0.030261060146248988,0.99325233531952095,-10.266661345399173,15.519021707707573,-2.0428226889276799,0.7750457961446814,0.3158237021460132,0.676056338028169,1,5
-0.012566728059323715,0.99809698981305728,0.060369497861053133,-0.999387659609006,-0.014508821759928995,0.031840224753782835,0.032655522765924282,-0.0599324037333002,0.99766814312958363,-22.246646609559779,9.1291146545666617,-2.9124846462504097,,0.5484670704310596,0.651685393258427,0,4
0.88713859171519294,-0.38654894982946708,-0.25212105916666294,0.43766054864072901,0.87799007595817891,0.19387282089670863,0.14641845257029587,-0.28233550238092131,0.94807610498431594,5.486764096376394,10.302574880761147,-0.64300889954753082,,0.2535106588683597,0.5263157894736842,0,2
-0.99175399777758821,0.010038802073884488,-0.12776239800932671,0.0012725374077105166,-0.99610674041738156,-0.088146141966658209,-0.12814986750175833,-0.087581871114869772,0.98788006727097222,-13.989598629054987,-28.428020804872325,-2.0455243312335112,,0.3510557969135654,0.92,0,4
0.80460707820942534,0.58235634818037429,-0.11605401082819201,-0.57748873069863338,0.81290884174258049,0.075405443655067531,0.13825417032181259,0.0063481297052687732,0.99037643633008121,9.0295589611428682,21.682736664963979,-0.44317439253172347,,0.268174026592554,0.15625,0,3
-0.96857343305399413,-0.014890535436833323,-0.24828164800565497,0.067299284668860565,-0.97666178244919188,-0.20396707819211182,-0.23945001788485887,-0.21426627046171262,0.94697077794268192,-12.473123779660339,12.20992869478733,-2.2127138370182355,,0.2894315678681828,0.1904761904761905,0,2
-0.17865620038733251,-0.90754260255849772,-0.38006366125230884,0.98329370784032233,-0.17837295548805582,-0.036284609300460451,-0.034863249773827439,-0.38019667711831001,0.92424836517215569,-8.785798555443769,-25.298670172432505,-1.7225863706340645,,0.3265410895594922,0.1,0,3
-0.32338780000477191,0.93111269226100135,0.16866975164072467,-0.94562349472576823,-0.31142260876221017,-0.093873132334898302,-0.034878890904091908,-0.18985550574636889,0.98119231035872423,-22.127837735877854,-23.147893234214763,-2.4565622590429714,,0.4241173288218356,0.2631578947368421,0,1
-0.95859227318611873,0.2440447989247489,-0.1467753041408866,-0.24088444803927558,-0.9697613909030024,-0.039211317329181532,-0.15190634114705187,-0.0022317776894281295,0.9883923728396844,18.122712696392131,13.108142363351138,0.83218165125884214,,0.1433697035377055,0.3333333333333333,0,5
0.95065768522755734,0.27733626020407043,-0.13904878386308681,-0.24873937368439863,0.94921917975421388,0.19264390144988069,0.18541491174357158,-0.14855149801586767,0.97136695586187483,-3.3795057384339615,-24.633570814541535,-1.1990962823479252,,0.4579827685575102,0.5238095238095238,0,2
0.79383084102960277,-0.5861004552432475,-0.16223086079378282,0.59774118681489663,0.80110133228315816,0.030694119946147184,0.11197352104561527,-0.1213380063203915,0.98627532606612422,-8.4688590860079369,-29.136737511523616,-1.5035579821461298,,0.1734468702436892,0.2222222222222222,0,1
0.018087156895199481,0.99677062569433628,0.078237935225626665,-0.99967354366740935,0.016616409377318345,0.019408787464680499,0.018046075664592834,-0.078563443740242545,0.99674576721488028,-17.207076127186927,11.911717359365001,-2.4329756664249333,,0.4561915123940086,0.1666666666666667,0,1
-0.50667731217187284,0.86183265794509878,0.022859812544583202,-0.85745042368773428,-0.50098594527791829,-0.11743872253952825,-0.089760081595394475,-0.079104692233001483,0.99281698989225109,7.4918184311279434,-25.677521353593274,-0.32337061617581064,,0.3908327234957291,0.6851851851851852,0,5
-0.92505557342652944,-0.30058724611458504,-0.2322057138525315,0.34615279078572003,-0.91882138584693562,-0.18959300182647434,-0.15636633750194262,-0.25576271890869046,0.9540099580783532,-12.760577468240161,-36.793505736839336,-1.7041605138326559,,0.5374377910706225,0.2857142857142857,0,2
-0.46367926006365673,0.88600202577100962,-0.0013978971663100481,-0.88249977718923911,-0.46198541590598058,-0.088111399666119694,-0.078712686701472578,-0.039621784662557322,0.99610964613961561,-1.8054794414504685,19.723703882741152,-1.3877090205812295,,0.3243511718195239,0.25,0,3
-0.20154544874423833,0.97781357617509468,0.057096780453502395,-0.97946712697188687,-0.20091125921570391,-0.016697697499885315,-0.0048558492481770655,-0.059289764445746428,0.9982290040667251,3.1824288437446189,15.636957328563149,-0.92316547846154617,,0.3505264314657713,0.3846153846153846,0,3
0.14417870729352258,0.98132003422079828,-0.12737146776283914,-0.98897425207240541,0.14729244780397391,0.015325258814772836,0.033799838771728978,0.12375752606126578,0.99173668160565664,17.172816838876354,15.862718234353807,0.65208766236382931,,0.1520149528422938,0.55,0,2
0.94710456327071801,0.31132482920180626,-0.077908901636777203,-0.28724054105774105,0.93060673990706544,0.22685671075020078,0.14312867568953125,-0.19247843090073818,0.97080700236110273,-20.327161173692474,6.7663794731159266,-2.6761327111588402,,0.4784582173089669,0.4230769230769231,0,4
0.97248993649312254,-0.16265774731752497,-0.16675065414321891,0.18184213517877462,0.97748796581600483,0.1070080116557363,0.14559107559609363,-0.13438650945120253,0.98017524187478577,-15.330851640959066,18.311145124701561,-2.557010004320289,,0.2306414036101923,0.2352941176470588,0,1
0.31736656078332748,-0.90555782097162396,-0.28150221841698997,0.94819109881888997,0.30758434343680785,0.079533086153969187,0.014563866835057941,-0.29215903982193009,0.95625885053846094,-3.4775622070047771,10.882190150738879,-1.6025473700802975,,0.245241098202132,0.1612903225806452,0,5
0.11448747252652051,0.99324161282910517,-0.019071370667225716,-0.99326958759905926,0.11478772811038969,0.015469448149498324,0.017554058940425901,0.017171954457568087,0.99969844402940955,-10.742782867317676,-25.283273980849881,-1.876042997135505,,0.3727428125611488,0.28125,0,4
-0.86533982065106907,-0.4706174010141424,-0.17235503084699591,0.4811041521578866,-0.87637411068356619,-0.022521387613314542,-0.14044852997456456,-0.10240937450390919,0.98477740146781434,-2.4582439441375916,11.619251319400741,-1.5317786289967708,,0.07149370389251605,0.2258064516129032,0,5
-0.74096873487262627,0.65958026529130809,-0.12617134214831183,-0.66227153335204236,-0.74883591082670364,-0.025321823944480838,-0.11118340727281925,0.064797008376838314,0.99168523113567497,-8.4081922123320041,14.579120142159642,-1.9033563390936046,,0.1180116629302661,0.1481481481481481,0,4
-0.37330587838842755,-0.88369154666183536,-0.2823685030577216,0.92728077124955965,-0.36466948206490196,-0.084655419917090621,-0.028161896801660039,-0.2934372491844382,0.95556344025899342,3.5074732387461327,22.675049892600633,-1.0066205814005023,,0.2694794882000148,0.3846153846153846,0,3
-0.98374461166844562,0.12121892505564066,-0.13248589065124181,-0.11587974832207,-0.99213532862476794,-0.047322020491910817,-0.13718025711490534,-0.03120035100728985,0.99005460210783769,-0.73233434568107736,13.665078063896912,-1.3564598713110831,0.1456911157132571,0.1227402785238942,0.2777777777777778,1,5
-0.18173725546804584,0.98232046686565011,0.044922937924771145,-0.98325579038908539,-0.18090801736786699,-0.02191665846706491,-0.013402262543192114,-0.048153812194655525,0.99875001363196181,14.062151483713976,18.240654466974537,0.20783560797869538,0.3393905461157626,0.3112084687728334,0.4857142857142857,1,5
-0.8027698464496742,0.59164943163579597,-0.074239636827004435,-0.58626634743363459,-0.80586673065009751,-0.082888975733495171,-0.10886846879602435,-0.023016569604581236,0.99378966286918369,-22.688819212546793,4.2588166419442182,-2.8340484705183617,0.1706389757014124,0.2685939023735546,0.4047619047619048,1,5
-0.74447293297052786,-0.57292206398946932,-0.34281242782067806,0.64981094382307836,-0.73967869996723468,-0.174989022805842,-0.15331597882158721,-0.35303785832234724,0.92296179835849634,19.51526958050237,16.982680833762352,0.96270656405704458,,0.4917111769127482,0.7021276595744681,0,3
0.14903927616501361,-0.92206587218957126,-0.35718597607338082,0.98880192817652668,0.14175511929415399,0.046650112414478605,0.0076184640572831714,-0.36013888084624401,0.93286759269910446,-21.59479909923979,14.020469504801536,-3.1136670959170001,,0.7756671687118999,0.5,0,1
0.88213526466855574,-0.43696045907478698,-0.17579229799194626,0.4533707526218943,0.88891183899442139,0.065503459165253394,0.12764143330124053,-0.13748199773318764,0.98224557255510037,-20.195185337008883,14.72317866614746,-2.9783805989142658,,0.2676566321939061,0.7567567567567568,0,2
0.98457763983874169,0.096814368408332893,-0.14571839005173184,-0.087399882633972775,0.99373240624972381,0.069693366145581762,0.15155240560657851,-0.055882759763901314,0.98686827161279667,-17.578507409735334,11.168549264778253,-2.4754407132861345,,0.1154114187504641,0.4,0,1
0.50093123627903602,-0.82762875885356535,-0.25317688290691903,0.86277164613316004,0.50067055327980314,0.070385252057325626,0.068505351240863363,-0.25369200735735253,0.96485614588619506,7.5735495345409722,-23.711856692988654,-0.31299155318987887,,0.5253895983687891,0.6266666666666667,0,5
-0.98802224419213258,0.042482550525633704,-0.14834850144972433,-0.016513907394654487,-0.98494562721290124,-0.1720738280411791,-0.15342534290039131,-0.16756295633290036,0.97384974191138718,10.654470879667869,11.833477988263134,-0.10137255596807092,,0.3126261809366241,0.25,0,3
0.24794331516640669,0.95753169398709925,0.1471637437499097,-0.96734439749218926,0.23645301103900249,0.091295072216763293,0.052620614826953578,-0.16499402589423187,0.9848898630377142,-19.66463408030582,-24.973677290507524,-2.3296875689895216,,0.7034893025949593,0.4067796610169492,0,1
-0.98485563403246712,-0.076725964810205119,-0.15547509909451604,0.082935579154037639,-0.99598002507110561,-0.033844931226754534,-0.15225330809178092,-0.046226788589545688,0.98725985140276307,-0.95137991967458679,10.747939065184058,-1.3343859276192236,,0.0656420231294948,0.28125,0,2
-0.85858318034715342,0.50398204480164088,-0.094005430388468661,-0.48766536631863022,-0.85942410101915856,-0.15353405186057101,-0.1581689379059007,-0.085978561891700889,0.98366166641622799,34.446361332994556,17.641713551141496,2.7372798400340859,,0.6498173200750148,0.45,0,4
0.98440603617359712,0.10997932139042781,-0.13729277042687696,-0.10041889551520815,0.99213405169734958,0.074740008603866745,0.14443268801933956,-0.059787727244822945,0.98770675116777729,1.812074149308164,17.65899205166491,-1.0965811279749034,,0.150989659068431,0.4782608695652174,0,5
0.59097443018474882,-0.75798570816446065,-0.27605595281796119,0.80551584182638358,0.57294452660426631,0.15125738990524012,0.043513807401145084,-0.31175669303582598,0.94916506094188979,-12.784624384579192,14.614491040365847,-2.2695471230575666,,0.2649453201569087,0.1176470588235294,0,2
0.51872308296761849,-0.78831266639877573,-0.33089198115370055,0.85277115403417447,0.50464743603842332,0.13458203500864094,0.06089106702785408,-0.35198594474083383,0.93402257609819639,-6.9241378100107926,16.332708840391604,-1.8239939298629659,,0.7278626489879293,0.5614035087719298,0,4
0.76427742484862915,-0.60833685415627214,-0.21402404010297579,0.63321577714320088,0.77076729678259914,0.070395694380967655,0.12213843557079695,-0.18932523890305031,0.97428853861195674,-2.6189746376075465,12.656637874636839,-1.5230005621799496,0.7651941054156031,0.5932662069798269,0.8021978021978022,1,5
-0.94883496320991467,-0.27379686386731428,-0.15731334948714268,0.28462285739365045,-0.95730565299874903,-0.050554087725060766,-0.13675540808141479,-0.092742461003915297,0.98625391978304611,-2.8909160244681944,23.623352761356418,-1.4925251214976307,0.192940980489376,0.1517284130518876,0.3333333333333333,1,4
0.83724201295453138,0.54488245197331842,-0.046140278232678932,-0.5323803512600831,0.83147827904343252,0.15879242132785476,0.12488784302739475,-0.10838350894170552,0.98623325925130312,-5.551656388774326,-25.135445271855879,-1.3731798561951476,0.8611266799542797,0.7647887887264498,0.7090909090909091,1,3
-0.89856690638674741,0.43802134374978885,-0.02673606489705941,-0.42158858704612046,-0.8785590377220881,-0.2244929408896747,-0.12182191107927302,-0.19045030757777318,0.97410887601157037,25.922366111537563,-16.725632073808068,1.9104230029944871,,0.4131055241067054,0.3125,0,3
0.73819231516994033,-0.56925942247257522,-0.36196106938486261,0.66676858720073517,0.69717931922876963,0.26336409770894237,0.10242927777925251,-0.43575762387581862,0.89421671662283342,-14.732219521706053,12.255214660737774,-2.3676751222139543,,0.4847648254592196,0.1,0,1
-0.70909253050947596,-0.63677426318010777,-0.30283051518481202,0.69503317506019768,-0.70357724735284255,-0.14801331890454325,-0.11881358820189035,-0.31543239332514383,0.94148060866900651,19.67319139786283,-18.987668871770911,1.0920445767912794,,0.7591968853161686,0.2391304347826087,0,1
-0.3574893384706897,0.92734903837529259,-0.11056732747159131,-0.93296270820141103,-0.35996362918183167,-0.0026020706630569281,-0.042213244192780427,0.10222498075649783,0.99386522996030757,-4.3146814322075411,13.512649508142156,-1.6403372322462899,,0.0810740560432425,0.25,0,4
-0.85523249482580765,0.49854365600239314,-0.14153304509474596,-0.50348959761539513,-0.86400070998726219,-0.00099911690702271538,-0.12278275484412064,0.070405938679019564,0.98993302748802836,-0.94884858708178088,12.331831163186052,-1.3908486631663564,,0.08779156319989417,0.296875,0,1
0.2997344532428427,0.95142433449432051,0.070363294914696825,-0.95211576933537234,0.29365972645800587,0.085085409087109043,0.060289462778545889,-0.092497031242346386,0.99388604975078776,9.0763889326432245,-24.460403131119364,-0.15051484698797982,,0.2544988552876744,0.3636363636363636,0,1
0.26106083636312144,0.96193371876635603,0.080813120331515026,-0.96408570873248245,0.25557500839312969,0.072250683752048836,0.048846554998018342,-0.096772598317809141,0.99410717645515689,-3.4930874734133441,15.38089998027117,-1.6015239939954085,,0.360513653117091,0.1111111111111111,0,4
-0.91853311282093097,-0.32076165099758747,-0.2311036215657204,0.34656792765725436,-0.93458209530637237,-0.080293079727370709,-0.19023036605874966,-0.15384495566007911,0.96961030184662367,-14.350480952341345,5.1575526750944469,-2.2729914337307084,,0.2627656409566609,0.5443037974683544,0,3
0.87855675471881567,0.47760395325860511,-0.0057002254074059438,-0.45634610114176466,0.84285665907347507,0.28520324021337962,0.14101866795092552,-0.24796595751685852,0.95845011304819294,-21.25237690183582,9.4179762311597504,-2.8257490837143253,,0.1257010191703327,0.2857142857142857,0,1
0.92357556582012135,-0.30874160045697907,-0.22734730780747359,0.35790142279821813,0.90689860234248676,0.22235443919170059,0.1375308902721652,-0.28672905192272963,0.94808844788049074,14.825727085598125,-22.469224288443208,0.5280448285016871,,0.2857307208938834,0.25,0,4
-0.97605093623592276,-0.12558352509571905,-0.17763262115251519,0.15460354623136749,-0.97488872994807452,-0.16028009144281721,-0.15304350154666965,-0.18390416646929275,0.9709567159197009,-19.406766556193851,10.57261062733784,-2.6780654243389983,,0.1714017818339911,0.2777777777777778,0,2
-0.94639986420706645,0.3079497506135162,-0.097438432489027643,-0.29091150158167678,-0.94375747428582135,-0.15713792660316214,-0.1403488342535831,-0.12036935169186468,0.98275806987118619,-8.9082259007541733,8.9188182210305484,-1.9220915361874564,,0.122103962854882,0.3058823529411765,0,4
-0.46943872871098907,0.87803698668885621,0.093157554672514714,-0.88104821286593937,-0.45885700788902367,-0.1149099339346517,-0.058149175333308906,-0.13601947036172685,0.98899816839596311,19.833041432539382,-17.181544856942022,1.1029114896097163,,0.2060385558524116,0.5333333333333333,0,1
0.42798165076988309,0.90184955450618598,0.059153086489886139,-0.89968775705525594,0.41889985204604774,0.1228204126384657,0.085986315243585798,-0.1057841906562299,0.99066445308087903,-11.314825898141669,14.357828475032528,-2.1279158954767321,,0.2603717698272823,0.3076923076923077,0,3
-0.66775059320919927,-0.69732346010981672,-0.26047866947071602,0.7340525815803175,-0.67495184747324111,-0.07487864226686794,-0.12359592527277401,-0.24120529756398584,0.96257158262803233,-27.179542371607361,10.038568020627732,-3.5695292092406894,,0.5981666144383918,0.2916666666666667,0,3
-0.85854175293690227,0.50735529779692934,-0.074139464938856037,-0.49818778507352951,-0.85961120073219344,-0.11347913631715541,-0.12130535547766114,-0.060491200791071009,0.99077031917558567,-13.696724450301451,9.6439995902518252,-2.3041827101112178,,0.1039750401005622,0.1666666666666667,0,2
0.98551200999475963,-0.06233317367921791,-0.15773602510259196,0.080586489872244246,0.99042348957676141,0.11210320666538577,0.14923771576300596,-0.12319044911708027,0.98109745562822248,-4.7084116495853188,-25.886741953242126,-1.3031642834133665,,0.1049785450830355,0.2083333333333333,0,2
0.96588991143181702,-0.19552665133610106,-0.16978223585383559,0.21121807632566175,0.9741827032738084,0.079718159006727365,0.1498118928106966,-0.11286004279383229,0.98225200814915636,6.2718806480226794,-25.716533496708664,-0.36165744687526663,,0.2437110988251769,0.4761904761904762,0,3
0.96932432511097066,-0.17097336936410018,-0.17657423287798413,0.19856520499198077,0.96813108736849474,0.15262390716132543,0.14485238042453516,-0.18300356455266975,0.97238237501836811,-5.6058423607827281,-28.819431743849012,-1.2278942046808849,,0.3806080802092709,0.35,0,1
-0.97839277588864504,0.16151091488941155,-0.12908059676224837,-0.14950967003896737,-0.98390528968038671,-0.097863371614691635,-0.14280908463312836,-0.076450018381563373,0.98679327117472149,6.6832765878337916,29.566077305752877,-0.68331774637488596,,0.1518556419206932,0.2857142857142857,0,3
0.21608510481188356,0.9763448825806148,-0.0076090562543126685,-0.963076913453914,0.21441749834379564,0.16281276109712603,0.16059292092280622,-0.027853306134683984,0.9866276435853838,-17.009049303089107,7.9313938252749701,-2.4915785384671274,0.6301282446054692,0.2368350388830094,0.2727272727272727,1,2
-0.89687756992616485,0.43223255829396318,-0.093731745497421012,-0.4227466733288967,-0.90008138821715922,-0.10554025191567094,-0.12998413269583595,-0.055031901073176674,0.98998768432318562,-13.203824542381572,11.447897815172114,-2.2855973700379204,,0.1502794783605232,0.2608695652173913,0,2
-0.98626000432319916,0.11991894268523696,-0.1136250459082789,-0.10344663810310051,-0.98456321716213968,-0.14118804650714761,-0.12880216200658204,-0.1274939943550015,0.9834405342804603,-3.1442008429738011,17.971919414776814,-1.5331153889582525,,0.4146877742859021,0.1176470588235294,0,3
0.68148179957919408,-0.69442613830925781,-0.23098678593199945,0.7259182118448495,0.68147285063211849,0.092938170647540522,0.092872528523132186,-0.23101318638603013,0.96850792519291928,-17.218003680435757,-35.904294522126825,-2.2625796767014554,,0.5167626483518607,0.6111111111111112,0,1
0.95195529944328505,0.27301363598900469,-0.13872513263972325,-0.26736213340903991,0.96183535850532553,0.058225705215983609,0.14932714917526668,-0.018338421224169642,0.9886177748888556,-3.0806136194948559,-26.859360494025246,-1.0750273947789672,,0.1208071006331216,0.3076923076923077,0,1
0.915121457926517,0.40078271364643842,-0.043885460971077039,-0.38181200725724873,0.8964399136740232,0.224977937332312,0.12950794707907931,-0.18912614207006914,0.97337505311624617,21.242415762604843,-24.599578045085586,1.3619664367810569,,0.3275840000799073,0.3076923076923077,0,2
-0.76030628662545219,-0.56792920753731524,-0.3152630104275661,0.63727763642923152,-0.74613271588699137,-0.19277755157246351,-0.12574404409349563,-0.34748005051964992,0.9292179775843088,-9.9158029140728932,-27.914173906676009,-1.7288650304994557,,0.3803091981271482,0.2631578947368421,0,1
0.31975680278310781,0.94734423323539674,0.017160735111363373,-0.94538675591211596,0.31778255482743983,0.072512961553850827,0.06324135371645466,-0.039410044442792579,0.99721982510233231,-15.295075576753451,-24.552439517454903,-2.2037158327029185,,0.4156317794056936,0.2285714285714286,0,1
0.83627146699671095,0.53019332359446947,-0.13980369488328362,-0.5315589220115623,0.84647150219704859,0.03051406885646649,0.13451819920395142,0.048795856218755762,0.98970895646083901,13.013332516698645,-22.522380490939536,0.35757494271795037,,0.08646120088067953,0.5,0,2
-0.59989099304224225,0.80005065181156809,0.0070534390674242605,-0.79613710248120295,-0.59603581093766189,-0.10443670874131837,-0.079350554627095074,-0.068266145458559663,0.99450652228359115,20.422441670092145,-22.926167288781826,1.2725714025891042,,0.2616838582526871,0.3846153846153846,0,1
0.84346802839907797,-0.47790413603058857,-0.24529435752464737,0.52015478361673684,0.84066281470708337,0.15074824393468159,0.13416663575270324,-0.25474235755684854,0.95765632933593681,-33.922836571812375,4.5321391567885385,-4.0071363667657369,,0.2581764148507416,0.1875,0,3
0.96793066360494817,0.23059024094944239,-0.099691379929070872,-0.20096004154461222,0.94884356332950359,0.24353840360517745,0.15074910333289529,-0.21569430476266321,0.96475420431179215,-29.802475518151361,4.0561139085146305,-3.594038846687031,,0.2078521554665968,0.125,0,1
0.97846798167955118,0.17194183151872203,-0.11417712293595793,-0.14024922723101665,0.95973564227059283,0.24338786168697055,0.15142840912143307,-0.22213397653092284,0.96318530583762074,-25.370785459566083,5.442547342150478,-3.083311807436723,,0.7920178658321286,0.7407407407407407,0,1
-0.9196625627320365,0.39195167806532516,-0.024385503294348781,-0.38557707447593631,-0.91299787734200877,-0.13328614184364679,-0.074505639704127366,-0.11317578376473567,0.99077754900962323,6.1731883459754524,15.553435836505681,-0.60792896571921118,,0.2133150515444594,0.1333333333333333,0,2
0.92027277575460564,0.38976111217353138,-0.034413567704678349,-0.3630354739473623,0.88334793208394691,0.2964821673201084,0.14595637314186297,-0.2603511212195298,0.95441816350015363,19.152766666936142,12.851422075047664,0.97845052082011508,,0.2963431210728161,0.2083333333333333,0,1
0.16792397153531025,0.9844462080950187,0.051644972176855,-0.9849601785876867,0.16538855883968204,0.050000712009390526,0.040681523820050004,-0.059264559158681326,0.9974130165821008,-27.908436038145584,10.902341396780152,-3.6467247325606551,,0.2234691315226551,0.2727272727272727,0,1
-0.95072584011810446,-0.1799027767001905,-0.25249825319650593,0.23799462880494618,-0.94543770794045989,-0.22249965632397437,-0.19869306377355325,-0.27162940072799963,0.94166795372276901,-23.793085570135187,2.1948109525194779,-2.9291852128318832,,0.5386679805383301,0.1818181818181818,0,2
-0.71225315782464726,-0.65782702299821771,-0.24486536501130596,0.68842875567385464,-0.72275002388342113,-0.060813249690033856,-0.13697184940770174,-0.21188678767166294,0.96764802572010489,-0.24441624085642946,27.807304601636449,-1.2857460038645212,,0.442302763499671,0.4736842105263158,0,2
0.9815036487871891,-0.10780700876275874,-0.1582031487646858,0.1215720092430683,0.98934918321887466,0.080052734074171183,0.14788791020917899,-0.097805125253092373,0.98415614791972361,1.843533677916543,-26.649009581940579,-0.60918082659456319,,0.1059016024999508,0.3157894736842105,0,1
-0.93647620593431247,0.33642051961203262,-0.099164256175525115,-0.31829144255195102,-0.93394252923285448,-0.1626096851000482,-0.14731895097737185,-0.12071696680296727,0.98169472882806974,23.185888830669303,13.123555141983019,1.3830755488600797,,0.1441606746625553,0.1666666666666667,0,3
0.2831396295512586,0.95907842705796842,0.00072175452190755972,-0.9589128499184153,0.28307659286133435,0.018809275248188064,0.017835258308188721,-0.0060177509114435592,0.99982282942281742,10.392504593002263,17.089772661106032,-0.17546159173120113,,0.4157932409964879,0.4,0,3
0.74738518115133434,0.65221233148297009,-0.12662727058945975,-0.65268880884281621,0.75637637845833017,0.043498194463763885,0.1241479351690296,0.050138296458995327,0.99099618638088427,5.4057558205837672,13.884520213175881,-0.72496153520236861,,0.09101071219986007,0.2857142857142857,0,2
0.28467919941378245,-0.89041560773217421,-0.35513067866360198,0.9581906950097947,0.27542710677417503,0.07752741999224122,0.028780990562766194,-0.36235335566398424,0.93159631827378697,-0.31254003838233307,-24.182222892780423,-0.84434696718651681,,0.7838027746946428,0.5666666666666667,0,1
