axis_00,axis_01,axis_02,axis_10,axis_11,axis_12,axis_20,axis_21,axis_22,location_x,location_y,location_z,dbh,dbh_approximation,score,reconstructed,number_clusters
0.94725584320159439,-0.31315572162711991,-0.068116529070663109,0.31210408259954869,0.94969632759745082,-0.025844283170736383,0.072783302653361345,0.0032217014313718627,0.99734257479301269,-13.895290028376957,11.352935576882738,-2.0699288927922654,0.5707379701347542,0.5109887458269323,0.9682080924855492,1,5
-0.47687266227275743,-0.87684788273243752,-0.061075809651059729,0.87820262741851207,-0.47239602910156431,-0.074847424032456242,0.036777835337512624,-0.089329626869888989,0.99532286650672874,2.6920487852185926,3.2350505347289724,-1.4289456363508333,0.2622945824296576,0.2247401019069157,0.8137254901960784,1,5
0.02263454971705078,-0.97481955331903758,-0.22184344846305279,0.9971980593869596,0.03783962916958971,-0.064530557251506832,0.071300122818887354,-0.21976123618868895,0.97294464978992057,2.4834425033190763,15.555264683268929,-1.1443743040960674,,0.07732905029533715,0.3636363636363636,0,2
-0.99809580651237173,0.027861229676542931,-0.055031926218591376,-0.022998024944011455,-0.99593341259171408,-0.087107568741736405,-0.057235058059655917,-0.085676073464723126,0.9946777159284178,1.9820935743100361,8.2088224328377617,-1.2871875921595803,0.2229376166038523,0.2333421462387847,0.797752808988764,1,5
-0.10026936272667167,-0.97396806937517177,-0.20330335643070321,0.99102168010049596,-0.079601989448039798,-0.10742231074923743,0.088442548974906499,-0.21224920050147783,0.97320511323014847,-25.348398388873399,3.0642899400118067,-2.8476461876335297,0.3528083416332692,0.4964771699869683,0.6666666666666666,1,3
-0.40156624244173178,0.91534005228781956,0.029952322263226392,-0.91053964203458815,-0.39552275531671349,-0.12033000585971423,-0.098296048825739002,-0.075593245097739806,0.99228199020280561,-12.085964334470258,-8.1722249081059957,-2.5188451287135702,0.7206034528500327,0.2412067931595698,0.7976190476190477,1,5
0.31648460155306735,0.94816761617541179,0.028559912745570376,-0.94737221751287304,0.31746233216901787,-0.041274073442664018,-0.048201436332731974,-0.013994259181771603,0.99873959681461311,-5.0046324923923358,16.925090076727397,-1.5923452022591857,,0.5724932904540893,0.6932515337423313,0,5
0.0030436167582886683,-0.96027358953242958,-0.27904366977864359,0.99659238972919206,0.025913946150319445,-0.078307573891529231,0.08242781770062596,-0.27785445945930459,0.95708022350672917,-2.9755332912387611,-8.4767859595582244,-2.1539221440863905,,0.1509566639944097,0.1639344262295082,0,3
-0.91007709465269726,-0.40720550975875947,-0.077093155407042965,0.41398801705453364,-0.90189547658638247,-0.12328207918540585,-0.019328826238570133,-0.14411183898323662,0.98937261653085395,-4.5838392854007335,-16.440942507061084,-2.6335733508857335,0.1707463330372813,0.1292550058914903,0.6410256410256411,1,5
-0.99962137594202782,-0.0010172982299294867,-0.027496724606345162,0.0067565153797439458,-0.97779555897993453,-0.20945212899142193,-0.02667309992650068,-0.2095586074190878,0.97743221544866321,23.806160133388591,9.0537123225110534,0.16131048003191162,,0.2166702157770722,0.6470588235294118,0,4
-0.0026726077086871936,0.99996973532696765,0.0073065448845620806,-0.9964841332186829,-0.002051302059513782,-0.083756578268639387,-0.083739055472614121,-0.0075047045228502727,0.99645945727790608,-16.490483057769161,-26.424327101578456,-3.9077943181462405,0.4641115163215142,0.4653198027012933,0.8113207547169812,1,4
-0.97052045445484125,0.24099210537403665,0.0035850567858730789,-0.22961967219596227,-0.91999657059090123,-0.31761787771093691,-0.073245161105615117,-0.30907784658297666,0.94821201802457777,7.9108666279435749,7.5763878331260965,-0.96569382086737088,,0.3843609597583453,0.1388888888888889,0,2
-0.81890478025486158,-0.56746940144626412,-0.085868732947185722,0.57342792233725604,-0.80272682277055363,-0.16373779615186307,0.023987054002400584,-0.18332519310479417,0.98275963226690122,10.33078355460221,-10.672762518204701,-1.7920521176654851,0.8568278626843386,0.4919525131337539,0.5,1,5
0.99740931342193395,-0.030527937746760617,-0.065136061564352976,0.03052616163176378,0.99953344489872964,-0.0010227340359418658,0.065136893963534226,-0.0009682694907679507,0.99787586778064497,9.2267285606758165,-27.814610447545181,-3.1966611078138261,0.2890811332480932,0.4096567100903049,0.4583333333333333,1,5
0.4266337660129258,0.90439645353836573,-0.0071193064869631735,-0.90363371350015298,0.42591844773547521,-0.045161794744303894,-0.037811923034295564,0.025700791930025394,0.99895431715900707,-10.215840022407072,-21.426943049325892,-3.2134305911873908,0.458034917842487,0.3331418933156465,0.8860759493670886,1,4
-0.31801210510819994,0.94761979311641475,-0.029749431904768489,-0.94440158284896369,-0.31938395059630098,-0.078099567309128856,-0.083510186905698683,0.0032588027717052126,0.99650159502505165,1.9787862676912749,-15.830146392576555,-2.4313256110697923,0.1550742236375895,0.1048178929968622,0.55,1,5
0.16593492408635407,0.9766297660981732,0.13660124794263048,-0.98354225267039408,0.17394441535055702,-0.048866937497656866,-0.071485929947807947,-0.12624436755507543,0.98942009352959703,-0.089092024384193988,6.0009537731463451,-1.4583807761698266,0.300835013620153,0.5550923700357973,0.3625730994152047,1,5
0.99341573813720829,-0.082364001484723018,-0.07963254661714142,0.091999351015882455,0.98774689395908211,0.12606424111080367,0.068273645237112476,-0.132560343744315,0.98882074443876156,-13.882413700224518,12.747289852879209,-2.0730221059469942,,0.5685289011638102,0.2023809523809524,0,3
-0.61531565290389256,-0.76689020259821594,-0.18238986937416177,0.78783500979124321,-0.59049955240409457,-0.17500364555572895,0.026507444967175518,-0.25137560694990102,0.96752656789975588,-5.0976863823399672,2.805385942543237,-1.7884564734276127,0.3508208965385473,0.2212341636650453,0.2768878718535469,1,6
-0.43212828967055489,0.90169268515870182,-0.014677969808282109,-0.89772471105134455,-0.43166058902512905,-0.088087905243909165,-0.085764120902521793,-0.02488849962875192,0.99600455729481918,3.8565030652803043,-12.15868822606309,-2.1085320504810374,0.4914840348049707,0.5797336930887195,0.9781021897810219,1,5
-0.36788283846028635,-0.91824261670813201,-0.14660393592057822,0.92753473659631291,-0.35119696469655587,-0.12782802664178805,0.065890284364316806,-0.18300598036383436,0.98090125985109244,12.466938830611262,19.220639887758217,-0.39701396104734621,0.1865678778396999,0.198822882877393,0.2727272727272727,1,5
-0.99663109002322003,-0.065454469739333707,-0.049418445850427484,0.070749216885473074,-0.99091847769164554,-0.11434648608227778,-0.041485162518920995,-0.11745757940812032,0.99221101502168585,1.6898771591972563,-11.577582761949181,-2.1158442088537641,0.28221262502039,0.1209168059154799,0.4761904761904762,1,5
0.67850710794157254,-0.72534480760998743,-0.11620247220259877,0.73078387883970741,0.68257947734084168,0.00633873339847278,0.07471965538435725,-0.089219769033188775,0.99320531911227139,-14.489341491107645,20.840226401473792,-2.1545985246393933,,0.2171072500221514,0.1212121212121212,0,2
-0.48927290029922338,-0.84208132039582095,-0.22696052271973752,0.87111683771485426,-0.45932087200153993,-0.17372331908358327,0.042041456711893153,-0.28270724501536043,0.95828447213411849,15.127314152843493,17.566673363092946,-0.21905974732576414,,0.3051880546075237,0.1538461538461539,0,5
0.11028307046981513,-0.98998798179425074,-0.088099036718318244,0.99117670123711021,0.11610547288704072,-0.063939550283030111,0.073528166660602107,-0.080270262666958053,0.99405749010754274,-4.5852833097978287,6.0196587779211965,-1.6867963838252096,0.4575223959795814,0.3662794826817754,0.958968347010551,1,4
-0.61765053965687211,0.7726614591367561,0.1466358770091214,-0.77976931230645063,-0.57740661063813714,-0.24199468088473369,-0.10231143849394447,-0.26381030221740409,0.95913319929885743,-8.4297259357097616,14.605944221273985,-1.7883534422173484,,0.3976508039527489,0.3333333333333333,0,5
-0.39107282010448136,-0.91766988574477026,-0.070313797882838466,0.91929451996733291,-0.38580393972661581,-0.077800421910502932,0.04426776404516606,-0.095064719473642936,0.9944863318205226,-15.062474132852046,-3.1562691211930103,-2.4352906646969146,,0.08420192302472082,0.4318181818181818,0,5
0.67339468363181487,0.73810947021190121,0.041641446179438137,-0.73927732306836347,0.67209632824710241,0.041899464837130015,0.0029393287129965066,-0.058999453728571877,0.99825368759972399,-6.7644508737991469,-34.557084192748427,-4.0408476500996233,,0.3991404430995804,0.2380952380952381,0,2
0.7302979991825399,0.68222758286975504,-0.035076453094217301,-0.68312222284726076,0.72910398263278708,-0.0418498645305561,-0.0029767502744819834,0.05452437694004484,0.99850800261044659,-2.9471181664580426,-15.907243654862373,-2.5736343093302767,0.279048088986163,0.2188328352998063,0.8082191780821918,1,5
-0.95846399268513727,0.28458687700951257,0.018896670607217479,-0.27963170939329851,-0.92459770890961368,-0.25869902160788055,-0.056150528295350256,-0.25323780545776614,0.96577312659810899,17.523830359031095,16.727713108927677,-0.033801506862761038,,0.4712773291024265,0.3611111111111111,0,3
0.76218177968347911,-0.64270199682841789,-0.077544039044211935,0.64195866640793264,0.76582255644767883,-0.03748176436203892,0.083474579018251574,-0.021212150025571318,0.99628411577672926,4.1310096825128166,16.377787865398499,-1.0283345566715518,0.6483738692315109,0.6251047591924894,0.9863013698630136,1,5
-0.24638081319554805,0.9690797639011447,-0.013450133322842809,-0.9657889622192658,-0.24665559666743669,-0.080079317480007142,-0.080920796736892481,-0.0067400170572894744,0.99669774597193384,23.25604277763907,-1.8314883946268061,-0.43547321364224789,0.2666140184795109,0.2574640275142372,0.8979591836734694,1,5
0.05806980280461442,-0.98993615273749835,-0.12905158466874453,0.99639183169393453,0.065486690080523588,-0.053988991062103142,0.061896815231800059,-0.12545081476649875,0.99016709566546524,-17.623613107419857,18.194954787385214,-2.2809172809025742,,0.1204617176328077,0.2380952380952381,0,3
-0.49225523517663289,0.83792132479411408,0.23573849260668964,-0.86606215899776151,-0.44430867364879501,-0.22918581821871928,-0.087299027447807764,-0.31698210671223226,0.94440522225946055,22.481004518907181,8.2102215739003022,0.0077452863683707598,,0.3005511688728376,0.1764705882352941,0,2
0.84986204842328628,-0.51949513793538182,-0.088652694890096528,0.52279222738042219,0.8522819945855532,0.01742666622993453,0.066504027249442182,-0.061157202084231567,0.99591014202729933,-5.7365694374259286,18.479792872428938,-1.6392418768332453,0.5738786285308309,0.321209487462272,0.5641025641025641,1,5
0.33190904256027365,-0.89747810231869007,-0.29046418595958751,0.94055109575627927,0.33839716512197254,0.029171817034164601,0.072111190105175721,-0.28287879824379863,0.9564410916338546,-17.854824254075094,-27.705228912777027,-4.0483716853878953,,0.425229465982093,0.2777777777777778,0,2
0.057532383612698301,0.9978803960516377,0.030409538169262628,-0.99611155513451033,0.059412833632134635,-0.065052939420962019,-0.066721769785793222,-0.026548641690806032,0.99741835508527932,-14.232759909201512,6.7582578079403657,-2.131409658667033,,0.4850307728612824,0.3506493506493507,0,1
-0.49620919913369138,-0.86176017924472248,-0.10557378539772563,0.86753093201317177,-0.48736200954193765,-0.099339587555023048,0.034154248571128601,-0.14088174162519668,0.98943712391500305,-34.893259856817828,-3.7131103017478622,-3.6619107839621083,,0.2151860774981014,0.44,0,1
-0.14909054125005736,-0.95955791784354172,-0.23878989261175385,0.98693935585021986,-0.12950155311551101,-0.095812606762492564,0.061014083486671158,-0.24995589619858638,0.96633292998419751,3.2543572052977083,-2.6993902629180657,-1.6122121054618073,,0.0941194053446885,0.2127659574468085,0,5
-0.9950522216256088,0.0019042175947678506,-0.099335040108176578,0.018642517470298985,-0.97847918933768996,-0.20550166076075219,-0.09758858939605014,-0.20633673930836813,0.97360239175511487,32.752223342146792,-0.61828625714292218,0.21045724567001198,,0.528232785894836,0.71875,0,5
0.50132489470662744,-0.83289822521039714,-0.2344224741545915,0.84058729640839913,0.53305102173577001,-0.096278789685320137,0.20514957242024026,-0.14878559966550126,0.96735541465790642,0.78619146115049454,-2.3788764524668942,-1.72344831756803,0.2890474200754358,0.1917068770653015,0.1583333333333333,1,2
0.88761170655875832,0.46005342796992604,-0.02227783187317706,-0.46032354661904734,0.88770783035908474,-0.0087772630830172324,0.015738195827706514,0.018045812042875805,0.99971328782796631,13.500568751216138,10.154639244338695,-0.52529865522951846,0.410093864814888,0.3546365535116592,0.7948717948717948,1,5
0.29602549817313983,-0.94007112365896495,-0.16921934550728995,0.95148795633136285,0.30577841453778115,-0.034208626969337325,0.083902165572235426,-0.15088354338804494,0.98498455975053589,-22.302603225276169,27.725474672092972,-2.5508392220267067,0.4746428373467022,0.3706893445275961,0.9534883720930233,1,4
-0.95402194620728187,-0.28688806889894619,-0.086817982459300377,0.29785214722298892,-0.93981458191238809,-0.1674295374762089,-0.033559269204271151,-0.18559037568870831,0.98205396384424748,-19.640911150347993,-17.312234310703822,-3.4402518956919916,,0.2428718904950716,0.5681818181818182,0,2
-0.99862466239021674,-0.00047830426520532437,-0.052426662024744365,0.007305449285255651,-0.99147279358289986,-0.13010891589611395,-0.051917377406485429,-0.13031297253133084,0.99011267798836,-13.578041660678291,-6.7947188904612492,-2.5346838812532693,,0.1507723520993984,0.2790697674418605,0,2
-0.70348605296604139,0.70832361478232642,0.058181010853703183,-0.70506770535724239,-0.68526550307010137,-0.18245745028458976,-0.08936948105775723,-0.16937782335293905,0.98149082971349633,1.1285760516209493,20.870537073666632,-1.2242131109438592,,0.6826055525032287,0.3,0,2
0.22662095665591833,-0.94312901590804821,-0.24320896643971249,0.96640701704558052,0.2488194533558595,-0.064392212547436808,0.12124528613277877,-0.2204462269670498,0.96783420150693811,-49.47588966959286,-3.5622750580340061,-4.657724148463573,,0.3993218528079523,0.375,0,2
-0.83472026897120066,-0.54449820648257707,-0.082242177171472544,0.55066927810986088,-0.82598255853128899,-0.12048302431492364,-0.0023278132682038434,-0.14585786279581478,0.98930281771863249,12.563308828863672,16.737759713410249,-0.42674470206601811,0.2343598338905859,0.2017695281648709,0.1666666666666667,1,5
-0.75395062170854854,-0.64437028157727427,-0.12784913079609722,0.6569099364564881,-0.73794906971105156,-0.15459788451762932,0.0052721352435292444,-0.20054453553417445,0.97967040062326893,14.211571319682845,3.5374403683643472,-0.73911920771719675,0.1722376406572849,0.1723072955024104,0.8108108108108109,1,5
-0.93509411044902768,0.35439773477852227,0.0011181177911585602,-0.34578950663306918,-0.91168062721143617,-0.22196407607948912,-0.077644199435638786,-0.20794393367255234,0.97505420297683154,19.881893697757608,-4.8201220849232627,-0.82556238203436461,,0.4509282415349021,0.125,0,5
-0.013874151984660103,0.99463104261760182,0.10255046059442204,-0.99740490088601719,-0.0065202430747339614,-0.071700419237264446,-0.070646808811577935,-0.10327911449885671,0.99214033932356138,-19.587825471985543,15.104133703622969,-2.3895055043346209,,0.6536251100550117,0.6086956521739131,0,1
-0.27665006549143295,-0.90522623983934991,-0.32253712339806551,0.95925070205463048,-0.24006300396756053,-0.14902296713517124,0.05747026945547868,-0.3506211756759478,0.93475235185386474,9.6263049588170801,-4.5897625926140826,-1.3950681067420676,,0.5661432894742506,0.2950819672131147,0,2
-0.73029311715428846,-0.67407361568218793,-0.11089059328101754,0.68312985904075119,-0.72004281220309074,-0.12195058130910655,0.0023576946446410489,-0.16481234552001159,0.98632212387239682,12.970327980031806,6.9357229540618421,-0.67167649657034945,0.2085347409288174,0.1792433955181411,0.660377358490566,1,5
0.74734855617041207,0.66303826775704644,-0.043016172304571346,-0.66442529066753953,0.74606798009083442,-0.043836083362209184,0.0030279880047781823,0.061341866395782596,0.99811222150403789,-22.084159316918733,3.4633899540069035,-2.6740667603604145,0.4215950888226775,0.3544785762202405,0.8739495798319328,1,5
-0.93134042861386401,0.36205456341035774,-0.03900639874531836,-0.3544405628708398,-0.92586306448339484,-0.13095599725563636,-0.083527800289159154,-0.10813916468676535,0.99062052655883415,-2.5931284931303269,-9.5049243041225058,-2.1684787128502485,0.2644401657861909,0.1881273562819869,0.4102564102564102,1,5
-0.034290462486441166,0.99454604142746883,0.098500434838727266,-0.99683639747063879,-0.026964455154897999,-0.074767070532142085,-0.071703283468923421,-0.10075261604123174,0.99232431669319854,-11.303210887887493,-0.2660949625862602,-2.1647617113682935,,0.2224008896018259,0.2342007434944238,0,1
-0.51731638377899081,-0.80242722759926211,-0.29747992113954463,0.85518989435894277,-0.47165309505614117,-0.21492697017894841,0.032155927294479768,-0.36558706532278246,0.93022152953396386,8.9202135972460947,-5.7945458357221913,-1.4929282513412327,,0.5907938305378896,0.2093023255813954,0,1
-0.68073607192357821,-0.71784338222532884,-0.14594272498948518,0.73241521408695209,-0.66347766008146025,-0.15285728228250473,0.012897850829509335,-0.21094613807351284,0.97741259060636676,12.614584414616905,3.5188534578888668,-0.84622250624996664,,0.187219707753048,0.4054054054054054,0,5
0.99775108829085057,-0.034693413281666065,-0.057350962409467,0.034965686723234503,0.9993814757927264,0.0037505458703567958,0.057185370212994129,-0.0057474270087187118,0.99834703411007497,-15.737691100842834,17.397453661562871,-2.1945341124630637,0.1083426658779578,0.1700027144682246,0.7575757575757576,1,4
-0.55856779708236892,0.82944847915167352,-0.0041516858653847253,-0.82564083723917769,-0.55646941916520187,-0.093053712537069261,-0.079493546565356149,-0.048549005828316463,0.99565243438036277,-9.0043613924985895,-6.9764522190804055,-2.3543145813647239,0.1210912046714583,0.1061105874162696,0.4740740740740741,1,5
-0.083332119157891557,-0.98882389131078352,-0.12362471391131019,0.99453822184040164,-0.074700287868985943,-0.072894391353661658,0.062844913996162988,-0.12902394725510824,0.98964808786736103,13.94205599092628,-2.4713846093581813,-1.0648936029878115,0.2434995763887015,0.2204059737396609,0.5,1,5
0.23111763194026147,-0.96371701909124463,-0.13354455181778338,0.96960110488451356,0.23948554043519543,-0.050203319902112083,0.080363782968805364,-0.11788207258251433,0.98977041749619621,-21.681365753655264,28.871095236726052,-2.5197790836262128,,0.2525246045016573,0.8333333333333334,0,1
-0.57456212501742709,-0.79992431881169124,-0.1732034891943868,0.81820256754780063,-0.55605474166918301,-0.14610846219642565,0.020565090654913642,-0.22566392808969182,0.97398812549511349,-11.362821213172479,-5.7546286780975118,-2.3955613376582403,,0.0830348670850105,0.2857142857142857,0,3
-0.33769741005201065,-0.93853465803338942,-0.07150632779211219,0.94005511390307728,-0.33245812320762408,-0.075947212838500422,0.047506231894736239,-0.092867066193635203,0.99454455201753045,14.551541491032234,5.0463587397662497,-0.66774039212908587,,0.245194024928104,0.7948717948717948,1,5
-0.10860805852515482,-0.98338878772808269,-0.14543308356109094,0.99165313436907765,-0.096950456389907,-0.084998059400029094,0.069486334767194971,-0.15345064736415889,0.98571017449559684,-3.0846826102130622,15.373820662282368,-1.4955683327910825,,0.529930016371476,0.2888888888888889,0,2
0.078880338073042192,0.95440289244379706,0.2879114641003328,-0.99473133704071537,0.094325951684143663,-0.040151985605585833,-0.065478694051371855,-0.28322735343500149,0.95681492823405057,-15.583545416872081,-22.28516072768474,-3.555633070902835,,0.5305112238995906,0.3333333333333333,0,1
0.48553307891158298,-0.8639129472289977,-0.13383590285400099,0.87139016431267657,0.49056165290817405,-0.0053335012071006752,0.070262442469392269,-0.11403369811642111,0.99098915477018612,-15.208693002307657,-4.5876333724611911,-2.5215790584600546,,0.3842362670191324,0.4666666666666667,1,4
-0.38886305031243068,0.91785631093014419,0.07953188409321886,-0.91738550220408188,-0.3778222817558084,-0.1251166006355563,-0.084790143575033464,-0.12161462039795909,0.98894919771340328,15.724844095163052,5.0910947196608634,-0.57767032045215372,0.2081018068294546,0.1669311318534817,0.5609756097560976,1,5
0.40108397711430765,-0.91017512518793198,-0.10350306657921647,0.91260703683499678,0.40679618652979999,-0.040807584393815988,0.079246701012823828,-0.078090358649094693,0.99379165636698685,-15.631121610442239,19.897682491482509,-2.1978323384917546,0.3130881860159898,0.222495317686729,0.723404255319149,1,4
-0.47165199280111492,-0.8620438484930435,-0.18553921677650465,0.87985535665473946,-0.44617220070900532,-0.16366098704469301,0.058300506453179045,-0.24043870443375953,0.96891190536473282,25.610328666500681,8.6313876111657244,0.26078701553310973,0.4362319032035997,0.3750797590578276,0.3,1,5
0.5414923385005016,0.83732344806572179,0.075335852451464624,-0.84017716876619186,0.54215177836149475,0.013182348178322874,-0.029805577150664519,-0.070433603761267047,0.99707107822457508,6.8512458257131126,8.1294456689609902,-1.0226027672503202,0.8030674585973148,0.7508653195761803,0.446969696969697,1,1
0.94022250395826124,0.34044555770983465,-0.0088580633378201896,-0.33456368662280866,0.92821292343008188,0.16275106257943581,0.063630045134451141,-0.15005862525366528,0.98662739995560989,15.952027101579228,-4.131477305091245,-1.031726313181262,,0.4675947753873876,0.1875,0,3
0.12188206048464684,0.98623209094297648,0.11176325928613821,-0.99019758851105266,0.12855959862646274,-0.054600048607096378,-0.068216559858376047,-0.10401294340247479,0.99223374693962141,14.563998253935219,-4.405721011821222,-1.1333953344369636,,0.3143342833151014,0.5789473684210527,0,4
0.82947767703826092,-0.51557849605252037,-0.21481526413044125,0.55230104267527635,0.81444767339505764,0.1778722731658294,0.083248672992501216,-0.26618377431691492,0.96032070514770662,-9.3771862051058896,4.1139636151028158,-1.955534473856571,,0.4940923693432702,0.3116883116883117,0,1
0.91217060511937176,-0.37642983116947409,-0.16200422637042741,0.40247568088610775,0.89733226034808156,0.18113017648604826,0.077188816880577674,-0.23042438400552218,0.97002396352061959,-12.73464918504351,17.886395707639352,-2.0207189129847603,,0.4747231239385603,0.3333333333333333,0,1
0.011117258013668812,0.99981026101479664,0.015995266292944607,-0.99677099007647263,0.012352785286986651,-0.079341048881534718,-0.079523580881559849,-0.015061562507864079,0.99671919286155819,15.920671891485666,29.455238349328962,0.18567235551699257,,0.3064022997154704,0.6206896551724138,0,3
0.97196359034058455,0.23489421724910359,0.010558681507211502,-0.23425419106236209,0.96348530343715943,0.12969596767179165,0.020291698350758534,-0.12853317378612794,0.99149758961608481,-18.96533031511467,-34.611730403026861,-4.5624666625956962,,0.5793249901877594,0.2857142857142857,0,2
0.059665850628483799,-0.92082130592272782,-0.38539344678852883,0.9955473644186289,0.083117150078540744,-0.044463294546669703,0.072975553906099527,-0.38102448992365889,0.92168047967314237,8.1479116854277649,-9.2896313732513693,-1.7508940955749162,,0.6485038200561155,0.4761904761904762,0,1
0.99449970098281171,-0.085769173197201468,-0.060116500847649849,0.086823905060820522,0.99610842427696433,0.0151531051092323,0.058582883635808158,-0.020289307862277759,0.99807634464072015,14.919628619901049,29.949192759923843,0.11116555781377073,,0.443390707930158,0.3333333333333333,1,4
0.62110126046669478,-0.76190977487593448,-0.1836483574530004,0.77552935095143694,0.63130038648952302,0.0037480436257576327,0.11308160796311907,-0.14475260607906526,0.98298485897484367,7.841323307090553,21.907252316553233,-0.62308728373973254,,0.2596863348096676,0.4230769230769231,0,4
-0.66487828906967994,-0.72206263235108148,-0.19121301128846391,0.74666457639387229,-0.63537955436586213,-0.19693865098653809,0.020709202841591817,-0.27371221539431795,0.96158866053089476,14.11151329438327,29.229361174867218,0.013654286460353979,0.4778515568719173,0.3778533844176811,0.5333333333333333,1,4
0.80719002334583012,-0.56804607540912821,-0.16052389985060156,0.58160075752746299,0.81182649851034971,0.051752247872985602,0.10091989424508999,-0.13513471992316686,0.9856742780537836,-0.61255716600279408,25.829723554421843,-1.2946777165701107,,0.5692965777340496,0.75,0,3
-0.98975709424268454,-0.11554657222854825,-0.083844403763824848,0.13735671779595787,-0.93082072249693748,-0.33868261639269465,-0.038910493091196166,-0.34673011437790119,0.93715751147333171,-12.601648389877901,5.7013290001511798,-2.0790672741782061,,0.7381188576913931,0.327683615819209,0,2
-0.36010331114774291,0.92270158872009889,0.13764949500030443,-0.92580278833515295,-0.33526642934741446,-0.17460131289166225,-0.1149556541075249,-0.19031079718723815,0.97497025496302714,8.9949070245231102,9.7562242183713099,-0.83567114719451374,,0.2365319667621859,0.2727272727272727,0,2
0.97537751627882163,-0.20315340331838683,-0.085833533411569671,0.2095409102151797,0.97504275199424395,0.073377372054919274,0.068784501771490397,-0.089556275624039575,0.99360372675045849,-8.4456253561159773,-16.438022546793167,-2.7502700389263421,,0.4663544486595901,0.2051282051282051,0,2
0.97639961429041722,0.21497165760361725,-0.020760049149242933,-0.21320530220487802,0.97476527069045993,0.066152597586805195,0.034457108486529567,-0.060165218215413249,0.9975935315507215,17.756800355446362,7.618867194760881,-0.34099315590981805,,0.481184945582728,0.3255813953488372,0,2
0.44299539673667865,-0.87012396025064087,-0.21596150644930537,0.89132365172019667,0.45336434232774014,0.0017090903744923277,0.096422125854417826,-0.19324871772789681,0.97640038239558125,19.772277318033556,12.332148789257712,-0.022919196798373148,,0.346779932262726,0.1111111111111111,0,2
-0.45285070166957253,0.89116909316868143,0.027274335524187527,-0.88737962534855563,-0.44753495964914453,-0.110769401948802,-0.086508048837276544,-0.074364691035118238,0.99347181651701544,11.364350861353799,15.08029563466271,-0.55671957009677719,,0.8085567309046016,0.6962025316455697,0,1
0.77542562795581282,-0.61887306447808155,-0.12534442776941571,0.62750490818706273,0.77738342459931342,0.043733298062114297,0.070375320322395671,-0.11256616375160078,0.99114891568712737,31.197994568360066,-1.1357134177564949,0.073414844899774942,,0.2174716940912964,0.2666666666666667,0,4
0.54179955198821295,-0.83781484561557873,-0.067227449241496817,0.83632549639567066,0.54534557566789921,-0.056194903487633709,0.083743116397162642,-0.025777656324688765,0.99615390522273184,-14.113185603396303,-3.1370092446269457,-2.4161065114704994,,0.08663571058871325,0.4705882352941176,0,4
-0.98258029196884578,-0.15977023889091851,-0.094918073090204766,0.1814115417428524,-0.93544521029470873,-0.30336794665747036,-0.040321487533323687,-0.31530259957924106,0.94813419321405823,-6.2662023677780594,23.370670318037366,-1.6817116724793129,,0.280588680207196,0.3103448275862069,0,2
0.77858959046123311,0.60820402175065302,0.15455134276912824,-0.62752971029952487,0.75545471783465024,0.18840019106349934,-0.0021707871392064215,-0.24367198695726161,0.96985527294307994,-25.375725883166098,0.99912381483178603,-2.893679934147396,,0.6598355546120183,0.1290322580645161,0,1
-0.24078456298178694,0.94649730970850354,0.2148619020306663,-0.96721650149529736,-0.2155869032672191,-0.13421820433476331,-0.080715757227863658,-0.24013564886167241,0.96737781485876362,-16.728299743365469,-9.6119301124842877,-2.848371987474164,,0.3251007789843702,0.3333333333333333,0,1
-0.9859269449982242,0.16548368576511718,-0.023732022081177511,-0.1545350713739124,-0.95629539132117192,-0.24822980532834255,-0.063772806445453967,-0.24106902389871449,0.96841042687209455,12.532397822735549,21.38405683850106,-0.34084309396459017,,0.4593590336194197,0.3333333333333333,0,1
-0.15317420562880452,-0.96982216160568746,-0.18969090012031584,0.98789721692562038,-0.14553456702856976,-0.053654250441311981,0.024428498124056279,-0.19561355949493286,0.9803767560591814,32.977199966466749,-1.6968595342824231,0.14858212396498008,,0.2287564065926793,0.3529411764705883,0,3
0.47068043501472917,-0.82707642517265156,-0.30725317739280317,0.87802278008814783,0.47334086849957124,0.070883142243780992,0.086809709944371372,-0.3031385972318596,0.94898422807108596,0.8173808052410958,15.504164486603386,-1.2648313927145407,,0.5407945360164512,0.2916666666666667,0,1
0.40843711174554426,-0.90110771680532153,-0.14554727226182948,0.90519855973198859,0.42037683448515045,-0.06244104809641228,0.1174508118664655,-0.10624593988546438,0.98737890753740676,-4.4018360023997944,-13.054952007374686,-2.4077651031533209,,0.3614060311380495,0.15,0,2
0.96232860948793941,0.27183432005637348,0.0054543377689601751,-0.26961520995696103,0.95149951943824462,0.14817659419980214,0.035089683966552904,-0.14406514827770867,0.9889458767449556,-8.2483853282819073,21.466716690101034,-1.7615501488548673,,0.3437570495507454,0.1764705882352941,0,3
0.99511610917274129,-0.060651624695471043,-0.077880098142632914,0.079308857797521157,0.96098936157869774,0.2649708512410765,0.058771033169061848,-0.26985334416006007,0.96110620552875137,20.530333230629022,-3.1374381607569171,-0.67912138663779897,,0.4148331651269234,0.2352941176470588,0,2
-0.35230720947473515,0.93512549841881365,0.03768198985047029,-0.93208523447934422,-0.34696825101164486,-0.10406799919046113,-0.084242185499372388,-0.071786732735834219,0.99385608575155537,15.463831429884809,21.297517084216661,-0.08105704652683729,,0.08353740258223613,0.2941176470588235,0,1
0.99588164198095874,-0.0066149651786195042,-0.09042122207202033,0.019164331548276192,0.99015810346459932,0.13863498310202052,0.088614240174024569,-0.13979689688643104,0.9862070492849393,-9.1690004950299961,12.412487330968993,-1.8456847683532829,,0.498094845791794,0.5,0,3
-0.98822172460405211,-0.13496517230554936,-0.072126453435104376,0.14684676837339788,-0.96897416618671262,-0.19880918459933877,-0.043056354221909517,-0.20705909187306329,0.97738052100183548,-2.3872345117161338,-3.2108636391623842,-1.899857956273173,,0.5559607910768355,0.5695110258868649,0,2
0.95823360915545996,0.28598587277444526,-0.00065639800513388701,-0.28424271524888123,0.95264099427421112,0.10807966902330202,0.031534570123052545,-0.10337899497326307,0.99414201917305189,-4.3802383152750037,-37.155031268455808,-4.2225081293349263,,0.717269324355319,0.5,0,1
-0.92691183201524519,-0.36555670851331912,-0.08486900807156339,0.37447264830776406,-0.91577622508031353,-0.14534146430740802,-0.024590472535364838,-0.16649984516076918,0.98573480724885043,8.1799408306656112,-11.742861783034405,-1.9324070817431136,,0.0772177223467429,0.125,0,3
-0.99465220817080058,0.099942950020667887,-0.026045950205671044,-0.084535676294471007,-0.93269213440721144,-0.35062672723047789,-0.059335522365497315,-0.34654983646812737,0.93615303590253174,-5.041451660715019,15.390117923857288,-1.5929276058489845,,0.7532271114527761,0.4215686274509804,0,1
0.81999318305747537,0.56703347861280973,0.07800137095927194,-0.57236309898603099,0.81151571252056875,0.11765513695262245,0.0034150634513173466,-0.14112151666025199,0.98998639125855337,-11.130830664072642,15.179056771386302,-1.9205103539640271,,0.5831679695739251,0.38,0,3
0.80924232493080028,0.58086657000711428,0.087868580213652264,-0.58747055145114258,0.79955207086113866,0.12487929035414383,0.0022826997794803084,-0.15267781053523916,0.98827338092851713,-9.0127976134490542,16.62154883182081,-1.8219732292872142,,0.5473692137133256,0.3076923076923077,0,1
-0.80450717391174231,-0.55449170165711548,-0.21285478598786123,0.59394084435782091,-0.75201739071626494,-0.28583932105961013,-0.0015749692252027482,-0.35638293569375162,0.93433865520925685,-5.5589268366789373,-37.647085828894113,-4.2645879233498665,,0.4560618988749154,0.1333333333333333,0,1
0.60215279546609446,0.79095372157239441,0.10864723302113423,-0.79803214738483352,0.6003122506878521,0.052629776879992721,-0.023594547097169603,-0.11839515194832051,0.99268619681267589,16.84657869034405,-6.19837208445903,-1.1169902510956509,,0.3419182229626969,0.1923076923076923,0,1
0.92562244852732356,0.37048612731834096,0.077221190400956222,-0.37773455751402552,0.8919140392195033,0.24860802622367931,0.023231161012012291,-0.25928628214351856,0.96552107022593037,0.91790317949925859,21.582743047341417,-1.2132815283275025,,0.5267552724455462,0.2093023255813954,0,1
-0.27280475072387855,-0.94166052500236519,-0.19711170344439999,0.96062630638675728,-0.25539933633346773,-0.1093996274132607,0.052675112341775104,-0.21919542571115563,0.97425802428673214,-3.830483396530096,-14.712765016529486,-2.4992217479533401,,0.4074242340733271,0.1458333333333333,0,1
0.9875809270805368,-0.13695202757761288,-0.076993860853502974,0.14387652914171542,0.98521310064150158,0.093030590057739837,0.063114632446690855,-0.10295284584089424,0.99268184969021156,19.381412080347634,16.13542078873159,0.10262333767238549,,0.3488438970733161,0.5454545454545454,0,1
-0.97057035773683975,0.23854970132314363,-0.032973029603314705,-0.23092856197619005,-0.96078277458880945,-0.15352022445605296,-0.068302122559925099,-0.14138776485985949,0.98759522072645767,12.042652105434058,32.859632998329097,0.013239060232141874,,0.1674942848268798,0.3846153846153846,0,1
0.79727790881983185,0.60343401446617329,0.014674000583168197,-0.60361219094680052,0.7970215001620834,0.020225014704216362,0.00050896785742665543,-0.02498236307118875,0.99968776249742097,14.530875058475273,23.15059900824701,-0.13381080937553058,,0.1546883420991433,0.1538461538461539,0,1
-0.87780424357207032,-0.44775250980483489,-0.17022749463684406,0.47811000992954156,-0.84083789626831673,-0.25377637912982559,-0.029504717792907427,-0.30415345166961794,0.95216603040930725,21.583610526613725,13.878170680036867,0.1858882099294385,,0.4556393261786328,0.2666666666666667,0,2
0.82809709327568581,-0.51477447458482195,-0.22195144609639691,0.5543583629216402,0.81082632881042649,0.18774309565639388,0.083318722789058663,-0.27851015210172786,0.95681246104399842,-5.8815496462711678,-6.0642680192892966,-2.1929516670096891,,0.7138272914294403,0.3904109589041096,0,1
0.86909706185173075,0.49312048563004174,-0.038761885050659403,-0.49449569217731798,0.86807203536465083,-0.043874273053200692,0.01201280561583719,0.057298586979640714,0.99828481127951263,2.7842872363807811,24.120905848765926,-1.0394147977426818,,0.1231401613773697,0.6956521739130435,0,1
0.74345438578502387,-0.66530195290590022,-0.068182752339643896,0.66318214525570807,0.74655375945379499,-0.053356597150142925,0.086400338373471594,-0.0055493878042052374,0.99624504306116812,24.487050455405214,-8.2567614342250408,-0.82843833619341067,,0.1813465769465831,0.4090909090909091,0,1
0.99730231810083358,0.055766426184801036,-0.047730409816791178,-0.053952056089847926,0.99780130272221579,0.038493323181125992,0.049772100160447426,-0.035814326692314581,0.99811826556235039,-13.211585558054253,-4.3346142597759112,-2.4123001310255452,,0.7072327459633927,0.2368421052631579,0,1
-0.88373297633332137,0.46755605470713135,0.020183216982241754,-0.46114232107714676,-0.86263770315459509,-0.20785560566832606,-0.079773342995211896,-0.19299618857082951,0.97795126920746989,9.4009113512797384,37.801313015577335,-0.084931605530180379,,0.4993635546689604,0.5294117647058824,0,1
-0.99549392579075902,-0.071146123016129881,-0.062690293455029536,0.081947013356545986,-0.97811788140473876,-0.19123309618956769,-0.047713003632616463,-0.19550866798195951,0.97954062193881197,26.478351882461642,-12.02480396725495,-1.0289583941485207,,0.1416310761072228,0.4375,0,1
-0.36333058505410465,0.90548101293270045,0.21930577097425555,-0.92781718020618376,-0.33030598344346701,-0.17335869581791855,-0.084534999133421621,-0.26646217840401776,0.96013110636084364,-23.792790709664111,2.5681701266397199,-2.7873997784927158,,0.3183205361954518,0.2222222222222222,0,1
0.6591284716810778,0.72326110068314786,0.20601708195673163,-0.75183140839811169,0.64004647967443873,0.15839834974666972,-0.017297143275035953,-0.25929497506692617,0.96564326991884708,23.523312534311394,-4.5258151718859354,-0.58741429746316487,,0.463437532622515,0.1,0,1
0.92039003920024465,0.39072259214709526,-0.014765897427046695,-0.39037847413299892,0.92039900455920265,0.021686847166409801,0.022064058433634608,-0.014196069606846785,0.9996557652177841,27.366685377373891,15.74363873117716,0.67482473716483282,,0.4669605412359186,0.8507462686567164,0,1
-0.7377786551095743,0.67328808026288978,0.04863966530126998,-0.66947300105062879,-0.72055253009015996,-0.18058225894293428,-0.086536448557655674,-0.16579267883890644,0.98235646825093303,25.768485516785987,12.970454420217379,0.47707716590202431,,0.2786258177529914,0.1818181818181818,0,1
-0.60593056643547383,0.7929294896638247,0.06411687048391998,-0.7906410283423656,-0.59134657483508546,-0.15873245645594494,-0.087948353940886834,-0.14687427566554567,0.98523755216029463,-1.7293656533463593,0.42339615847471768,-1.7511037578722266,,0.3192259319286126,0.2922490470139771,0,1
0.14862579012343799,-0.92812806506111156,-0.34130436468949793,0.98588526730794324,0.16596908619792183,-0.022011409127371366,0.077075380085533871,-0.3332154817419874,0.93969507209100878,-14.856710464260285,-6.5233018691303091,-2.5753083495781182,,0.3287437070968228,0.25,0,1
0.5266997837964339,0.84695648592383554,0.07247101972745211,-0.84947670468542746,0.52756173540211582,0.0082427869252002794,-0.031251655085389039,-0.065903917114651753,0.99733645665009563,-3.4474080203900641,22.352918893922215,-1.4947161285315702,,0.7424032568030419,0.4516129032258064,0,1
-0.80059085072150482,0.59802868426619404,0.037629543391625254,-0.59321419081693572,-0.78215123085228422,-0.19062102688230623,-0.084564848219727262,-0.17493182921098607,0.98094222132318931,16.032666022104774,-14.045582952978576,-1.7483805581857197,,0.3296757040082237,0.2857142857142857,0,1
-0.072808448615067412,-0.98848427034764486,-0.13265661342561255,0.99517064497264873,-0.063224074108787498,-0.075087308100700037,0.065835531402047537,-0.13748295795614771,0.98831377561816802,33.3359869644772,-4.2680330235536612,-0.0265961484183979,,0.07695605081275721,0.3333333333333333,0,1
0.62815561485942661,-0.75263632540764569,-0.19738055931994358,0.77310533408057536,0.63237929875872823,0.049036363217334095,0.087912831468102415,-0.18339843014131033,0.979099765031616,11.134654406349449,20.773376397620787,-0.45261439920504198,,0.4695467352102123,0.4516129032258064,0,1
