axis_00,axis_01,axis_02,axis_10,axis_11,axis_12,axis_20,axis_21,axis_22,location_x,location_y,location_z,dbh,dbh_approximation,score,reconstructed,number_clusters
0.78334564921035965,0.62089181021907547,-0.029376076424196689,-0.61739794395074798,0.78267494484502032,0.078991831965301518,0.07203730053652832,-0.043741178707535668,0.99644233983541985,9.44312462582878,-11.410888571167087,0.0070257073682640477,0.3414488110661532,0.2254343533975668,0.625,1,5
-0.81470896955362415,0.5796173764997179,0.017117002905180163,-0.57774750340819447,-0.80884971063611133,-0.10940734851680492,-0.049569317470288317,-0.099024453866018949,0.99384960648081289,-1.9708874774797314,-10.16574327962428,-0.77009574313669571,,0.0834193270825747,0.4166666666666667,0,3
0.53199377482227683,0.84066839373386149,0.1012880808746678,-0.84436588863356099,0.51772099480142408,0.13788117222405771,0.063473377587780377,-0.15887612570412393,0.98525606165039459,4.9648696205405365,16.589945251758451,-1.8363890505565295,,0.4045226253025535,0.1176470588235294,0,1
-0.9184068759042624,-0.37871023629082751,-0.11448741075035043,0.38686052502559376,-0.92022533105667348,-0.059365598275090088,-0.082871855709256814,-0.098812433479714287,0.99164931226776054,9.4214943512855065,2.953629635200921,-0.87197527027254718,,0.075256883048193,0.325,0,5
0.30941944354824386,0.94790392422272551,0.075747992695879021,-0.94893893410841579,0.30264535288634714,0.088998256777784709,0.061437018868767068,-0.099418010538625229,0.99314729617165198,-11.540155095202817,11.968204429157208,-2.9340471164143689,,0.2591347037327964,0.2857142857142857,0,5
0.39391014979687083,0.91352859501273365,0.10149039354080712,-0.91593734899524193,0.38091118156455667,0.12635443986921305,0.076769568206262434,-0.14273113834463211,0.98677974013670877,12.424008870647139,3.6708450644629118,-0.71976353389799097,,0.3796059646084013,0.2571428571428571,0,5
-0.010492737470213167,-0.99285151479790135,-0.1188939528483033,0.99993077656510609,-0.011051212369392906,0.0040389086485644208,-0.0053239588922206977,-0.11884334339238341,0.99289874367582687,-15.384401578956039,21.015273073761367,-3.9647883599213563,0.2847269206041437,0.2176728455258884,0.6590909090909091,1,5
-0.97582000078331577,0.21487937997765549,-0.040027217386034909,-0.2064121719670812,-0.96617087877197216,-0.15462162939520607,-0.071898131652238767,-0.14262077363909745,0.98716258721220995,-0.10866331202176942,22.66123582436958,-2.6172802447307815,,0.3102735481650536,0.5185185185185185,0,5
0.58469631699385849,0.79083877053303087,0.18084318045096842,-0.80850267279342258,0.54971396190841038,0.21009042855125673,0.06673563500641394,-0.26905129456065247,0.96081098865256953,-21.422972352302637,-10.707736636354948,-2.4694441262253624,,0.4108483075742133,0.2173913043478261,0,1
-0.046879047086053061,-0.99417528043063463,-0.097045694005308852,0.99834589785735495,-0.049868558828501441,0.028611100498929204,-0.033283977762508514,-0.09554390938744714,0.99486860348654482,-11.269466908083768,-7.4428273169520125,-1.8364012399283125,,0.07561624277234615,0.3243243243243243,0,4
0.012696160166671753,0.98143424099207743,0.1913782592807419,-0.99960450084947139,0.0076545326895468488,0.027060118454727073,0.025092815675037756,-0.19164612893979702,0.98114326775649285,26.487326989060726,4.8732324454067921,-0.089894225195780941,,0.5489157429378386,0.4375,0,2
0.92477121951796704,-0.34742643739744894,-0.1552194000393266,0.37515787395558203,0.90069059217996428,0.21911875037895132,0.063677006528099864,-0.26086649412261048,0.96327250094861439,9.0223093265760088,9.6611776763841686,-1.1356067979638924,,0.2799150917747994,0.2272727272727273,0,1
0.71544802919282413,0.69220460793529492,0.094799252514183432,-0.69472842112066868,0.69045148484604579,0.20156678288119034,0.074071171256339899,-0.2100702925856838,0.97487636844970171,3.2199154797090608,-14.188451906073013,-0.19636770174915222,0.2474323820099862,0.09510994629218993,0.1785714285714286,1,4
-0.87240495812034424,0.48854191969968486,0.015374711157842436,-0.48489508593131359,-0.86107606627547562,-0.1530515067786562,-0.061533281130657397,-0.14097801524954032,0.98809860567131469,-20.552554185737947,0.67402421217509234,-3.1940927235606997,,0.3723543680746204,0.5135135135135135,1,4
0.72685331868679393,-0.66641147868772233,-0.16607225592264846,0.68561779260030997,0.71821488878323736,0.11872495946497859,0.040155891023270045,-0.20015772431591478,0.97894044242374734,-29.292387841883631,-26.49767218589357,-2.0271626039970352,,0.6561595571510169,0.3076923076923077,0,1
-0.53834396606497992,-0.83369505987031756,-0.12303788582893646,0.83986152329069019,-0.54279154782158079,0.003155520447331145,-0.069414666298043132,-0.10163603082214125,0.9923969575434276,-27.082998340033217,-8.0252070353117695,-3.1333280899970655,0.1801389229082768,0.1875827148738221,0.6829268292682927,1,5
-0.74511205147014692,0.66569000721491922,0.040802512767611328,-0.66585237712438661,-0.73901291604689789,-0.10247205372034705,-0.038061038237992173,-0.10352161228488908,0.99389870367064304,1.2314601448771769,3.3584385644845902,-1.4357799638218982,0.2841117972205692,0.2055008427710659,0.3296703296703297,1,5
-0.083375930850403318,0.97886392982276904,0.18674544451406225,-0.99642475531328867,-0.084456980369880558,-0.0021738136202538545,0.013644088598464808,-0.18625902758987964,0.98240593111380936,-4.9071207786417492,-0.21603585746717821,-1.7145315509091881,,0.2904095896533205,0.3458781362007168,0,2
0.026888228466168469,0.99765828071899532,-0.062888616480008458,-0.99917842746816132,0.02873097748495422,0.028583229611296126,0.030323147135549011,0.062068396512053634,0.99761115716606696,-0.004948184167703081,5.4977713662241587,-1.6397988009233808,0.174738366912236,0.1373456632743252,0.532051282051282,1,5
0.29714339837098297,0.95395029435743339,0.04104432603792197,-0.95415468355635735,0.29503804472792011,0.050412220845658516,0.035981115213524137,-0.054142294544004932,0.99788474850029618,14.981879090785457,-3.2185878575395273,-0.27781508682622602,,0.1718773817522433,0.4583333333333333,0,3
0.99684388748900432,0.0088663285332788704,-0.078890127355384462,0.010259561849696902,0.97102199474424045,0.23876982035753247,0.078721060501374437,-0.23882561408118691,0.96786637543220966,-34.010749243041914,-9.5282453740823616,-3.7191364468532444,,0.6312732561049061,0.3939393939393939,0,2
0.43565019258905746,0.89951485599780534,-0.032892758114278269,-0.89808076846203033,0.43683084525985882,0.051281048626237065,0.060496636400434359,0.0071997547739176991,0.99814243498381983,8.6494459861308766,-7.9784011627311582,-0.30031064925582868,,0.07786186906068518,0.1904761904761905,0,5
-0.90469347969189351,-0.41426432585630124,-0.099572968850965587,0.41784426831411919,-0.90835399226155333,-0.017297172587865856,-0.083281902235777625,-0.057254633570743958,0.99487990817719718,2.7964663425996128,3.9703468224729366,-1.3121144443358708,0.142793629577657,0.137986783985741,0.5555555555555556,1,5
-0.65734331751040276,-0.71282264401412632,-0.24450693467697074,0.75010889854801743,-0.6500639835460611,-0.12146381195774769,-0.072362996368991822,-0.26325025256765999,0.96200982389971734,-0.052143353620360697,-20.072288089051167,-0.07418918903328317,,0.3575896759685903,0.5263157894736842,0,4
-0.96501052701359891,-0.24109404739462953,-0.10309385560649477,0.24374914313345064,-0.96974023879247584,-0.013792189399134612,-0.096649045389208529,-0.038438646927137041,0.99457600637043642,0.039542307042969793,-13.622674955042797,-0.47684768778546638,0.4424421706738851,0.4670904728847109,0.8076923076923077,1,5
0.67785747376528527,0.73437721936193434,-0.03463155992414628,-0.7318988650247874,0.67852524215067422,0.062670145522391155,0.069521914789328329,-0.017134627121790296,0.99743325988129317,10.360225713472818,-18.883609251954052,0.48802533821162974,0.145605886359608,0.1457670214668918,0.2666666666666667,1,4
0.81619998821444151,0.57652618800801081,0.03788315957913798,-0.57393543646620304,0.80149787456590305,0.16792638814281247,0.06645068853740918,-0.15880400375082854,0.9850713651231634,-11.52065851232963,15.181236853163004,-3.2601203196653059,,0.1107951096299303,0.3636363636363636,0,4
0.23231263219721612,0.97234644342978926,0.023942323843795157,-0.9712878751046542,0.23062103913382578,0.058427733000018425,0.051290394776098619,-0.036828389297857735,0.99800449154572379,-20.348061109679051,-19.683570195394672,-1.7023632929174835,,0.1757322397913271,0.4444444444444444,0,2
-0.31599798326784206,-0.93274866352382713,-0.17356614089496419,0.94747363933981987,-0.3197666770341675,-0.0065555331349987592,-0.049386003349270555,-0.16652087842982474,0.98480039587733004,-19.150777481122699,-16.624059505678733,-1.8127079290566073,,0.08396862152790274,0.45,0,2
0.63325053819324251,-0.74905768970171038,-0.19469548884528792,0.77341957844463982,0.62175284797462715,0.12347287845497505,0.02856416560106631,-0.22877056964167733,0.97306120820292619,1.1481034552292395,16.533622794394276,-2.1649415703403156,,0.2129947986817149,0.1363636363636364,0,5
-0.96285057457804768,0.2677584144464708,-0.034988605685790361,-0.26612430716698338,-0.96287902507131895,-0.045186681805591954,-0.04578890880570112,-0.034196704092919882,0.99836564507176673,-23.069129978512915,9.2342095421094346,-3.8889825317843743,0.4544850012924376,0.4548644821555929,0.8611111111111112,1,4
0.90385798899382519,-0.40725467727328091,-0.13108914360492743,0.42523595431518518,0.88886901896039505,0.1705469152170109,0.047065049555812796,-0.20989400889834964,0.97659069529608356,-8.1136925325501288,-9.1689073034928601,-1.3304859801596474,0.2677340416130481,0.2044905948547913,0.5473251028806584,1,5
0.92448023001350399,0.37965002021371036,-0.034672272292256008,-0.37273975588808678,0.91923270541095214,0.1267923802259093,0.080008616377666583,-0.1042933145249075,0.99132311879161816,-4.0479572734034832,-15.15375555894493,-0.64948471884380754,,0.2390842779580668,0.4090909090909091,0,5
-0.27869602634660995,-0.95214578994186883,-0.1254867307510405,0.95929082298804824,-0.28221290928125503,0.010816226972619195,-0.045712600336479704,-0.11736382973891327,0.99203633483834286,-9.528073967181804,-10.622606702508723,-1.2682239455907769,,0.07657822685919555,0.2222222222222222,0,4
0.99482601583486552,-0.0014542880579731443,-0.10158288863963343,0.027045920304216872,0.96760533766216561,0.25101479781595476,0.097927097440012364,-0.25246345393726022,0.9626382955259174,-13.860381833302748,-6.0035902464332009,-2.0812151273167427,0.6377470360036001,0.6427178546057901,0.3333333333333333,1,4
-0.99658157018172933,-0.014584417429419745,-0.08131708764068854,0.021883341375322163,-0.995737086781467,-0.089603422804092267,-0.079663626231612744,-0.091076609380247808,0.99265238521822341,-15.378714232251831,-0.83811774978949793,-2.5640870333701233,0.1363436575105256,0.1291160753770001,0.4691358024691358,1,5
0.84016671725501435,0.53309258419396688,0.099660342636033114,-0.53638616768273684,0.78968238335409557,0.29781137073460262,0.080061016328548465,-0.30366763096779747,0.94940834395261475,-8.1423514995183393,24.588592969138329,-3.4669233830963977,,0.3349971582703879,0.1875,0,1
0.22198747094768687,0.95989430228638373,0.17124395224470443,-0.97226481226708572,0.20464913119085887,0.11322485561958506,0.073638967737870459,-0.19162896842848001,0.97870099667341626,-8.5159377283237525,25.645388891219483,-3.6311795722530458,,0.2720996120881243,0.5,0,2
-0.72113081112714006,0.69247929833540567,-0.021042210435603299,-0.69191376432395435,-0.72141203360356887,-0.028636000262213912,-0.035009941190573234,-0.0060909070643322578,0.99936840297708296,-8.8491775034836344,10.9070178966063,-2.5756056863024948,,0.08010497899803291,0.3783783783783784,0,5
0.010126933606938976,0.98309473102848755,0.1828173816674665,-0.99881054937642599,0.0012243163726581568,0.048744102246154254,0.04769624377332609,-0.18309355770601854,0.98193778695825251,-0.5227690426613617,24.647304412395759,-2.7396434257995099,,0.3749155702713715,0.3103448275862069,0,4
-0.41058253062186939,-0.90583524760102541,-0.10432875802831909,0.91013089701877603,-0.41409720628258656,0.013610806028891607,-0.055531395083689414,-0.089364466946023124,0.99444972532929676,-5.3239779957480353,22.362783484593965,-3.1135362701949361,,0.06403779905505005,0.3529411764705883,0,1
-0.96127417419357986,-0.25795701388475656,-0.097005881348042708,0.26440274845277095,-0.9625067935698165,-0.060595865721776027,-0.077737691238367629,-0.083897862425751202,0.99343746659833521,0.41141057977231243,-18.829460953066707,-0.11828415973921301,,0.1203776552243729,0.2272727272727273,0,5
0.97829197505697318,-0.16377687294942228,-0.12697223092486351,0.18234654821197491,0.9714248086206122,0.15193280604130974,0.098460895254440864,-0.17178759292602341,0.98020124210407866,18.52574514737389,9.1397447681620942,-0.5609440709866762,0.5206654271379147,0.3806056433646793,0.3333333333333333,1,5
0.97554182003265599,0.21026914871093894,-0.064070605333102562,-0.20222607789939429,0.97275919984225168,0.11333204551092524,0.08615550350848919,-0.097603402720598462,0.99148918551467802,1.6818724150998743,-12.4689510788244,-0.43970655557343263,,0.1170996709061766,0.3548387096774194,0,6
-0.25131180802280706,0.96680417728916679,-0.046174212765624098,-0.96789770678844389,-0.25082385689860109,0.016168549847824235,0.0040502273984541291,0.048755262143972869,0.99880254308411398,-1.2674250019842794,6.2006164933697363,-1.7770084706482772,0.229705624106999,0.2175073880500101,0.865814696485623,1,5
0.83685253192527576,-0.53969152761821371,-0.091710930795488213,0.54497525521975554,0.8371704253038651,0.046342746948243196,0.051766891044550498,-0.088762233036722163,0.99470671807217481,-6.5088606067356318,11.136678898972276,-2.3955497114672837,,0.08393657822307671,0.3968253968253968,0,5
-0.37998497607081844,0.92477295810046634,-0.020159214433458809,-0.92497304808262581,-0.38002858217444457,0.0017711722725736014,-0.0060231454570845349,0.019319748875078827,0.99979521354235756,5.2241457935156816,4.6829328810691431,-1.1848881412483068,,0.07511056172984271,0.3255813953488372,0,5
0.99013675793936995,0.076446069853939216,-0.11741038702431907,-0.063552700294020437,0.99191031762503079,0.10988619601364556,0.12486094210221289,-0.10134061472527964,0.98698522022594182,1.0080300132714304,5.3651048664277301,-1.5233357146206292,,0.1531961705276283,0.1607142857142857,0,5
-0.79703315174727252,0.60175377366827709,-0.051288896379205771,-0.60045523448160198,-0.79868135458746436,-0.03951715093446543,-0.06474307993487366,-0.00069979305569106264,0.99790172055680193,-4.4791347432715503,-7.7748027259690646,-1.1903885473190352,,0.1133394156535433,0.3129770992366412,0,4
0.90800627817857849,0.41887870068247268,-0.0080766888542891917,-0.41151067431185001,0.89532142064715181,0.17046559376534778,0.078635638966642302,-0.15146018567573943,0.98533052750809391,-16.674923664931644,-16.610345057080728,-1.570142847138319,,0.2013006024001825,0.5138888888888888,0,3
0.9955855878364186,0.0083895427020900543,-0.093482366602814587,0.0056676754300364011,0.98880577728539598,0.14910067827560053,0.093686790678478141,-0.14897231414015888,0.98439323182968586,4.359291287599147,4.9776516753984454,-1.2447558554983884,0.1584904999999582,0.1418949879096086,0.1923076923076923,1,4
-0.97623631240332587,0.20388630917794931,-0.073437288041910964,-0.20318227924820587,-0.97899311832313518,-0.017012809158081812,-0.075363278489334773,-0.0016873665099448496,0.99715471670628997,3.0646116670042853,-15.744236377945146,-0.14210119876429117,0.250516174229165,0.185172042115673,0.2727272727272727,1,5
0.48121684088137279,0.8686889367862094,0.11751545922727273,-0.87511931331548387,0.46827406767011498,0.12200649576936877,0.050956250984427548,-0.16155162844406684,0.98554783335598828,6.1598430733436835,13.250118743536806,-1.5619356955719264,,0.2438957173759664,0.375,0,6
0.042170798236589931,0.99528231269024692,0.087377009688149987,-0.99794588137311435,0.037739000439729935,0.051766646561746718,0.048224906703150501,-0.089380567752528159,0.99482936852593418,-19.042502362084932,7.9158791422321988,-3.3870124526413541,0.2032405314592429,0.2139255215620321,0.6779661016949152,1,4
0.15944742623658725,0.98720486594595758,-0.0017524038209835991,-0.98662848947749326,0.15941456244078489,0.033929648291327191,0.0337748725813748,-0.0036810235583131273,0.99942268737890638,10.743748319338774,-10.141521779059742,-0.073818448534903228,,0.1592460128951296,0.24,0,5
-0.99640852879437058,0.024166221436111305,-0.08115440522448332,-0.014958876896606363,-0.99357273430557813,-0.11220273457688247,-0.083344320429354884,-0.11058578292908636,0.99036584597113986,6.0728636187771388,20.069693027599257,-1.8938010556039357,,0.5220537713773348,0.7241379310344828,0,4
-0.76872693552831606,0.63956970732863272,0.0030802696005105277,-0.63566611960585395,-0.76348552602840891,-0.1140983607698217,-0.070622113947976489,-0.089668506247685631,0.99346468281908673,8.73711563816412,14.847322487408377,-1.4094761083591059,,0.2386452872108711,0.2727272727272727,0,5
0.98417531540212766,0.17088534736987623,-0.046873730461723467,-0.15699559168224195,0.96357200399857745,0.21652107819449626,0.082166494056058734,-0.20573573137508505,0.97515202716811988,-11.757056221268893,-5.5242113722827506,-1.9395683548958904,,0.09071790390234062,0.4466019417475728,0,5
0.16665042511019454,-0.93517142207765924,-0.31254127269824633,0.98595921062673109,0.16145105264727841,0.042637924191959005,0.010586349271818238,-0.3152585747102431,0.948946763670524,26.160824692187973,13.670407440632935,-0.28552901539297848,,0.3241482532045926,0.2173913043478261,0,2
0.96474855045425356,-0.23824059169769882,-0.11181079940661093,0.25077641595764966,0.96106939396946311,0.1160034877691343,0.079821197659837514,-0.13995370821345976,0.986935426439567,-10.812355359355614,31.614445549982232,-4.1410631769325885,0.6066157484240693,0.5160083541217981,0.6,1,5
0.72931686867950396,0.66741323354971771,0.15052069871692997,-0.68006088703399559,0.68307528967549391,0.26631811534568084,0.074927264637502919,-0.29659353384295106,0.95205996696452466,-2.0395319892429984,6.5406412217013594,-1.8471016450120339,,0.3962424287868305,0.2352941176470588,0,1
-0.91581204588978926,0.40132605950197792,-0.015023001290473967,-0.39673641058214903,-0.9098800453237289,-0.12131992268412474,-0.062357975604979264,-0.10514607499238568,0.99249976614211088,-1.5442393491330388,-9.2325298425138538,-0.79339455927808655,,0.07971953810577795,0.2173913043478261,0,5
-0.50323984149638668,-0.85793977675258004,-0.10338762690198683,0.86194534394944688,-0.5068868681281542,0.010766938427460125,-0.061643215154314104,-0.083696131242513752,0.99458286313432676,-14.503608977409653,-7.6243623892932293,-2.1059929209591397,,0.06640062427815585,0.15625,0,1
-0.33973323697138902,0.94034235014202461,0.018373682981800525,-0.940423144728192,-0.33934975736401668,-0.02111992037203474,-0.013624850695694187,-0.024454175642553068,0.99960810157639435,-9.2806528929599885,8.7035771580794918,-2.520199626837222,,0.07543408826410813,0.2826086956521739,1,5
0.36496294062904111,0.92276566652743464,0.12371570896851643,-0.92892428017570206,0.3519961276857782,0.11488432353577216,0.06246385889022172,-0.15685104644979933,0.98564497440008592,1.6796134236392739,25.125065092202068,-2.5752195299012319,,0.5067821827747828,0.5142857142857142,0,3
0.19618143841370789,0.97974777640473354,-0.040089123860571452,-0.98000064623814342,0.19729416102762368,0.025956644567954129,0.033340314856785,0.034195155422746405,0.99885890632804819,-7.6191079717396724,4.5043069339629831,-2.2171816863530309,,0.08292470278172466,0.2712765957446808,0,5
0.079809159590657666,0.99648308404635577,0.025533531970683188,-0.99662916602997054,0.079280371642765982,0.021093318624450144,0.018994827291676286,-0.027130902706136894,0.99945140484893591,-13.864469676412863,0.65675417435605365,-2.4887119892674416,0.3218533522690322,0.2567402148155207,0.4594594594594595,1,7
0.13560798280962294,-0.96620326454496686,-0.21922984874545237,0.99054448314377241,0.12757486465720191,0.050460685896387407,-0.020787061161747757,-0.22399978904085061,0.97436748334389345,-23.188505508282294,-13.266143849305104,-2.4653988586080398,,0.152758992163847,0.35,0,3
0.84305858046566784,-0.51295266301281184,-0.16165331859036206,0.53359370096383629,0.83536867081254162,0.13204902921492051,0.067305216699217019,-0.19758225966151791,0.97797303565697535,11.52586039757424,-5.873077592598567,-0.28863574780786205,,0.198807092662954,0.375,0,5
0.8145510819781745,0.57858897321011427,-0.041729305384237005,-0.57606028480104488,0.8152607141761945,0.059198954347696252,0.068272125520775578,-0.024181976771699192,0.99737362551668107,-19.457426541891575,4.6286126110051882,-3.3293006437241806,0.3708557494643486,0.4897038030790539,0.5656565656565656,1,5
0.6821481260700818,0.73045390874758231,-0.033331986056261254,-0.72801514295806613,0.68271714887257207,0.062379854593078155,0.068321927101210767,-0.018286110321367142,0.99749573054048324,-7.454718141215527,11.360606546777337,-2.4671733631371171,0.2062804729758759,0.1965461672602633,0.6463414634146342,1,5
0.53318037766904169,-0.84119097447739111,-0.090091227799800541,0.84572343811256745,0.53270476433839897,0.031265000851263929,0.02169218974093861,-0.092862147880329621,0.99544265048032554,11.286885240089777,4.6481515766815704,-0.81695133817649113,,0.1652045466486429,0.5294117647058824,0,4
-0.93896183354797813,-0.31480128881005259,-0.1387473376456243,0.33067361472360118,-0.93712579480190306,-0.11158048773208026,-0.094898027723690562,-0.15064990302164638,0.9840218346427696,-9.3848403991456379,14.626244486491414,-3.0298823458938773,0.4325226564764034,0.3360470953194675,0.3623188405797101,1,3
0.73526836750993563,0.67565838616115892,0.053536650524409979,-0.6735875796211892,0.71967354691037089,0.168373865126138,0.075234302810239961,-0.15986159979039635,0.98426829096192703,-24.654241593790225,-9.3229173956904745,-2.8188338628803868,,0.1588267044067462,0.2692307692307692,0,1
-0.7605720313063945,0.64189905337016817,0.097446346657772118,-0.64777566708831857,-0.74012364553747412,-0.18056487599919108,-0.043782077643123807,-0.20045596673284996,0.97872393200455154,-4.1410745252243801,14.562437518385822,-2.5172871493454165,,0.2071957775705681,0.25,0,1
0.56521871120955869,0.82250764372157448,0.063316542216005869,-0.82256761099034414,0.55611191741131005,0.1188362767119396,0.062532662251385193,-0.11925062403485411,0.99089300876484887,-14.942976725453519,25.126884620421119,-4.1845296509011343,0.4264060952419533,0.1605535718324304,0.3235294117647059,1,5
-0.5223338871919071,-0.83157743643979298,-0.18880221792980506,0.85143825050548261,-0.52082626858237235,-0.061586553164837195,-0.047119166664477949,-0.19292217383904858,0.98008204706241853,-24.539146931823989,-6.0642015904677669,-3.1801822536761843,,0.141233360835236,0.2083333333333333,0,5
0.33783779976567324,0.92604794342976393,0.16822849793953878,-0.94002143245591352,0.3230214060065672,0.10962152062926761,0.047173377799573986,-0.19517268694939113,0.97963375538817266,-1.7442556643252232,-13.694759656501672,-0.60056864750629269,0.5763172463665284,0.4650463265363077,0.3454545454545455,1,5
0.17109017326464787,0.98448004400120381,-0.039079349734349803,-0.9841955644543825,0.17261087586398846,0.039554727173693814,0.045686360334254959,0.031694297544725483,0.99845291725877328,4.2616721744085879,-12.767128296920866,-0.23439261614109913,0.3120781819850195,0.1002596142247076,0.3333333333333333,1,5
0.75030707929248464,0.66021102924291675,-0.034068807281573764,-0.65622717605927339,0.75003775040482257,0.082518278998922306,0.080032369481679716,-0.039557171709829017,0.99600705318861404,-10.790501180222794,6.7406988260300915,-2.566401241389431,,0.09262163197648184,0.2954545454545455,0,5
-0.99791393559557295,-0.0082435600022001902,-0.064029843531308916,0.012926106857987408,-0.99724345094133515,-0.073064460006986992,-0.063251030866300281,-0.073739699437323655,0.99526969401325749,-16.268927762416226,1.1733498754418192,-2.7876415313575618,0.6753576856522159,0.7813623197945738,0.7096774193548387,1,5
-0.87824022187236384,0.47821970680982623,-0.00015717603440369013,-0.47441453821405932,-0.8712933966202091,-0.1256131479470253,-0.060207629223568579,-0.11024395232730158,0.99207928733470407,8.760469251087132,-3.6399393223224852,-0.604909653762709,,0.508614685072814,0.2205882352941176,0,3
-0.78278674147872573,0.62077221602715271,0.043437002358094307,-0.62191166871010772,-0.77796878086811128,-0.089389329994102512,-0.021697780700529572,-0.096986760969337282,0.99504913170624365,0.61943379645338459,19.164786443759645,-2.2820628185672516,,0.1756841580755301,0.3888888888888889,0,4
0.14640300456186872,0.98735961158341301,0.060721970234086743,-0.98850320218304355,0.1436757694209139,0.047102999428675366,0.037783323426174381,-0.066919882659492322,0.99704270208236989,-15.459569955370108,17.521729380815916,-3.7627592597595614,,0.09411574239462306,0.3333333333333333,0,2
-0.23167248791444189,0.95193615654732688,0.20036320071668634,-0.97261247761391312,-0.23063994270845542,-0.028812934893294329,0.018783682633008333,-0.20155091338255651,0.97929791308947411,-6.1589938505161186,-12.496836541575618,-0.94656111069640247,,0.6318627552991788,0.2255639097744361,0,3
0.37996708761852266,-0.91553573323596138,-0.13198232266021961,0.9249949890932736,0.37654732221582182,0.050954727792687386,0.0030467161060134247,-0.14144410662937693,0.98994155495200076,4.2719100321335004,-7.7423476006419705,-0.55222496168895818,,0.1301620560262836,0.375,0,5
-0.73461127330697318,-0.67103302997557734,-0.10030428611034112,0.67446404258680259,-0.73830758857242262,-0.00039989229075013832,-0.073787074666078298,-0.067945399683657468,0.99495672783998634,1.7963326975860305,-17.219070446988468,-0.14741477219936305,,0.1097955128449326,0.2380952380952381,1,5
0.74826820284596296,0.66336937985713285,0.005980173712797604,-0.65903148064061634,0.74228234924363001,0.12122054910779098,0.075975023095156038,-0.094646605165320682,0.99260758409170446,-6.6059246914782985,4.6007292707314535,-2.1455806863981777,,0.07705529908942955,0.3125,0,5
0.30861064714757824,-0.93354450060850136,-0.18235716013026881,0.95083627355966294,0.29755748104479435,0.085848275215351419,-0.025881447995171464,-0.1998854943659005,0.97947738094954118,-6.2055634650134737,-7.6908951105166175,-1.3265435341730165,,0.07266704998047908,0.391304347826087,0,5
0.45587782134823401,-0.86357332537610931,-0.21544494355086691,0.88993979761302466,0.4459442142507265,0.095608129365610264,0.013511795856834185,-0.23531865517878253,0.97182434724469269,0.084676093851637962,-3.7366044822211122,-1.1053843130973462,,0.08755201571637845,0.2564102564102564,0,5
-0.78582241609994941,0.61652822207969527,0.048745068818168952,-0.61504519063918983,-0.77080037339058582,-0.16609093248138679,-0.064827030060313651,-0.16049839799880808,0.98490492963198006,-21.053776197376095,-9.0779081823182661,-2.5669542317964749,,0.4918929413135977,0.1428571428571428,0,3
-0.29417777557581415,-0.92610818166256503,-0.23618440298826127,0.95488595414663846,-0.29530588979713973,-0.031420471425205605,-0.040647889622077001,-0.23477237339341062,0.97120012446482673,-2.7405136370243688,-22.131782403841935,-0.13348144803512449,,0.1482024041477384,0.3333333333333333,0,4
0.90485756713046095,-0.41153140566817276,-0.1089710298910784,0.42135145532398949,0.90230003687136284,0.091200847355137227,0.060792551378442285,-0.12843887889076575,0.98985237287495786,2.9278796753627403,-7.0515957545993029,-0.73149197188041759,0.5227217848478084,0.3189268876781575,0.8467432950191571,1,5
0.94190474803373814,0.33538155176937745,-0.018293724723642775,-0.32679095489593102,0.92764062830755145,0.18080524470096662,0.077608745832577583,-0.16432309468219988,0.98334876982907693,-7.4693587788582141,-17.161052371461331,-0.79697716052091516,,0.1741245768691826,0.25,0,2
0.56155087897724765,0.82660928763722097,0.037117326301429505,-0.82547359782773388,0.55655845947925919,0.09400010889042007,0.057043401101418714,-0.083425216655159409,0.99488003478651765,6.1922422710449991,4.7850531214718846,-1.1271292439216796,,0.2477251925586286,0.6741573033707865,0,5
-0.43803134329632276,0.88984328627822684,0.12770069755324973,-0.89888089943758898,-0.43167038343597558,-0.075324688452794816,-0.011902559232865725,-0.14778229234182721,0.98894829144597074,12.964459174728391,-2.6980891588753457,-0.41027580566401706,,0.3124515448873048,0.2608695652173913,0,1
-0.017798736195388059,0.99851805463894439,0.051428586893937048,-0.99950575514287543,-0.019102263128283094,0.024966957757218425,0.025912360489154164,-0.050958788284633343,0.99836453836784711,-5.8337152892806783,19.400299885893013,-2.9399974527143282,0.1855984576808942,0.1423894491405501,0.4,1,5
-0.96910701687224787,-0.2114155315504305,-0.12702386731721507,0.22977714523280654,-0.96106708996912538,-0.15346827720065986,-0.089632881118673888,-0.17791436591103521,0.97995531787160584,-7.1985707319378891,21.699955265357378,-3.2582382754964621,,0.5748363915834921,0.7346938775510204,0,3
-0.97443171840385212,-0.19101672177760232,-0.11830231684059747,0.20903001119754194,-0.96379505217938555,-0.16554622258840701,-0.082397090890823088,-0.18604222476597343,0.97908069637637951,-12.985297682180406,-13.040732922618599,-1.4370795209149818,,0.4134758658677674,0.46,0,1
-0.054095281605427009,-0.98997817411869404,-0.13044889910093804,0.9981084300643922,-0.05743040488707301,0.021938788227744657,-0.029210654604519146,-0.12901536095800387,0.99121227509270293,-2.4764236347630937,4.9316911897305866,-1.8153408345983257,,0.08747402911740232,0.4573170731707317,1,5
0.8283817285284506,-0.54919974859523046,-0.11028756948610337,0.55970020261372733,0.81950534485166848,0.12307182030709141,0.022790239892749524,-0.16367842222627885,0.98625046467068767,4.1604065450775733,15.982154308513435,-1.8739886329426576,0.2722882557829057,0.2396250110517105,0.3064516129032258,1,5
-0.72762715109623366,-0.67978184901101979,-0.09195306815294059,0.68190579658997463,-0.73136038995451291,0.010791875767296226,-0.074586953045238311,-0.054850868368180893,0.99570486022449722,-5.5617144818529818,-4.0654872089937886,-1.5128092028015141,,0.1011749853668147,0.6033519553072626,0,5
0.6114797685840837,-0.72496582383843655,-0.317044234892566,0.79075149665264355,0.57425152930723655,0.21200766879975072,0.028364822473620953,-0.38034160350211133,0.92441100247210561,-34.083080477004238,-8.5306469667617897,-3.8922022393221023,,0.5599921990040666,0.5384615384615384,0,1
0.41807144233030324,0.90808227504288974,0.024553021418745907,-0.9066841544566796,0.41545553122675544,0.072942070372801579,0.056036712653725236,-0.052756832031728026,0.99703390288843252,-19.352255372299894,6.307109537629989,-3.3852259987326216,,0.8760194249191535,0.6,0,1
0.99277963240171463,-0.051739398510147409,-0.10822031292749562,0.074961484871931841,0.97193214888438195,0.22299926849831517,0.093644953276255341,-0.22950148715595872,0.96879290362754633,-4.3027885323475106,15.871013856422799,-2.6160266786811954,,0.3828057717781445,0.3703703703703703,0,5
-0.45102094195259412,-0.8806096596855606,-0.14528157897227198,0.89042678985652945,-0.45508932859048351,-0.005816778219912523,-0.060993785142353013,-0.13198609878144224,0.98937325004391785,3.8734137021635218,9.7775045252585002,-1.5395269346852452,0.2353506844873024,0.1814636192389918,0.5595238095238095,1,5
-0.60084927790464748,-0.77050769586135226,-0.21283335232029588,0.79761491448230315,-0.59548978052381485,-0.095928981476345015,-0.052826067777695773,-0.22739791536012471,0.9723680345697393,-37.029655826991132,-9.4198422289121044,-4.1916573181571861,,0.4392301374480129,0.7358490566037735,0,3
-0.0048058728549871367,-0.99088090202264245,-0.13465489813927223,0.99957469690605993,-0.0086333443746245582,0.027854814127354462,-0.028763325455552338,-0.13446376229938392,0.99050096806466303,0.62265575223423064,11.363067044355999,-1.9163333051140117,0.1649615748471145,0.1539659939578228,0.5918367346938775,1,5
0.94377961575687841,0.32805614038129666,-0.040733348007830947,-0.32239112767422923,0.9406484987653142,0.10603943873626044,0.073102651653267806,-0.086945790747391449,0.99352726776499367,-12.061642378877089,16.975978917256089,-3.3665880864544788,,0.3322236985639653,0.4333333333333333,0,5
0.90543835132140116,0.42402790947445435,-0.019537756859646913,-0.41406259868396478,0.89241953294183718,0.17927504454038029,0.093453498208814448,-0.15423264638395187,0.9836049687053936,-15.105785279609064,14.841368909393667,-3.5580757145227371,,0.134789648375926,0.1666666666666667,0,3
0.95793864526210937,-0.2697215438130755,-0.097999187325642154,0.27825393300047158,0.95653500474517317,0.08726702393757528,0.070201856693140774,-0.11086511399102678,0.99135292697232358,11.431456193889188,5.6306543313029032,-0.83886674465395172,0.235394846770271,0.1910069466765062,0.6746987951807228,1,5
-0.72536996055564362,0.68804454136549498,0.020811761594098366,-0.6879025573032812,-0.72345625556866355,-0.058319104367048354,-0.025069742302418069,-0.056619390456932817,0.99808103510946244,-0.95145608422630035,-8.321881344491425,-0.83624782194921732,,0.1081411993111706,0.1666666666666667,0,4
-0.96384594528552037,0.25339520693193324,-0.082412759088531781,-0.24333164157775677,-0.96306591593112023,-0.11529854196314392,-0.10858501721570864,-0.091076400212544081,0.98990624978357877,5.8742206256779959,-7.527224934407764,-0.46219381468166837,0.5331476925537836,0.2963014293544223,0.2666666666666667,1,2
-0.6825303846083447,0.72236662986877431,0.11107981877197433,-0.72999331109286625,-0.66641615772222895,-0.15165510372689733,-0.035525200155097622,-0.18459674097548667,0.9821720844002696,-22.382805861929704,31.429817549906822,-5.1652927069371763,,0.4077683745248508,0.3076923076923077,0,1
-0.98958282741514314,0.12901262093087851,-0.063887176534855455,-0.12434168367631222,-0.98959619144107391,-0.072377645622530601,-0.072560136339385545,-0.063679836101125445,0.9953290436275547,-11.075202739468994,2.1804293081263286,-2.3619276876515536,0.6746067518285865,0.3376789175898687,0.2795031055900621,1,5
0.052995713080260541,-0.99126356963216034,-0.1207807514267962,0.99834046824540079,0.049863958111020124,0.028807900740184227,-0.022533616191560683,-0.12210700717653052,0.99226111227827629,3.8786100939711923,11.809612309329895,-1.6758891497455846,,0.07331096717090443,0.1111111111111111,0,5
-0.37556079279184623,0.91673953147862874,0.1361716649744108,-0.9267766664117123,-0.37048518066280961,-0.061852578798611758,-0.0062531202093841195,-0.14943012525454386,0.98875251511895423,3.0873193542036499,11.209232513162261,-1.7137310239247741,,0.2504447629623777,0.2105263157894737,0,1
0.29383048559810476,-0.92978976033924488,-0.22170847367990251,0.95565549799892124,0.29052565144675674,0.048139536722660345,0.019652350434915179,-0.22602178527683495,0.97392398969460481,10.213324964732243,7.5509452119569183,-0.98179963791808489,0.4163460895174448,0.2395582244405648,0.1851851851851852,1,4
0.96633336184160379,-0.22240267224653579,-0.12937111412330249,0.24681735697902321,0.94329946420442945,0.22196241376757206,0.072670668675842015,-0.24642072195583994,0.9664345822170114,0.89554529265727278,-14.117206588219551,-0.36854067016487113,,0.4155898031347495,0.1785714285714286,0,2
-0.64066625669751542,0.76660960459769112,-0.043086676220910169,-0.76734742803868883,-0.64123090215830225,0.00092455376255583602,-0.02691973646979464,0.033654780579023387,0.99907091016232441,0.106591292146498,-10.447296105042017,-0.61660350449251078,,0.07715222861186009,0.3571428571428572,0,5
0.42053628965933854,-0.90046473584512543,-0.11096165364180331,0.9072754730289494,0.41746911719676222,0.050702585999636576,0.0006671728797090227,-0.12199506418836235,0.99253048275306099,-4.1548031931641942,2.5328281040655809,-1.8092075508969419,,0.09249442528405465,0.2552447552447553,0,5
-0.16216035807652976,0.98049946483049433,0.1110171956752912,-0.98586327646569916,-0.16579074811024577,0.024228659834210325,0.042161811925111412,-0.10551884811804632,0.99352310204998895,26.439937679177103,6.3252815292755269,-0.1341422035104517,,0.2621455348909082,0.4375,0,2
-0.96992671633403305,0.23796749638725065,-0.051123728391675873,-0.22896660057389881,-0.96331536211417357,-0.13999217455441301,-0.082561860220774469,-0.12407652387951719,0.98883191466439968,-1.9113334962075841,-4.5269561014553323,-1.1954943314786999,,0.6003078342408024,0.4228187919463087,0,3
-0.60292840619042343,0.79624663936547369,0.049685272544944439,-0.79740902789529977,-0.59952891170371547,-0.068585175238034202,-0.024822957917003795,-0.080971435275336026,0.99640726985992178,-15.98499145465782,4.5880936753847674,-2.9746338166875792,0.1402420158040621,0.1356844424085763,0.4107142857142857,1,4
0.90832479667019372,-0.36957711829463502,-0.19585407166327937,0.41202997502550232,0.87117880894549493,0.26698086546566119,0.071953897980134615,-0.32320308859499292,0.94359016531973372,-15.077698429864782,-9.325494098593806,-2.0201483369953275,,0.4129103687044811,0.3359375,0,4
-0.99202224703210484,0.098067775071376845,-0.079212201622749737,-0.088677689869725462,-0.98946529105902548,-0.1144320982454097,-0.089599825405756783,-0.10649483218460952,0.99026800514064384,-2.2889620625220863,2.1700639135171014,-1.6362436161105949,0.304286450635469,0.1310641768362376,0.2455357142857143,1,5
0.6240251579809416,0.78132940693008246,0.010814808049454719,-0.77850070169303009,0.62045484000924322,0.094723011842764659,0.067299774667683387,-0.067528878084787747,0.99544492110527583,-15.4598491590409,-12.066217153212667,-1.6882025937433165,,0.2476480491292436,0.2272727272727273,0,2
0.75548838053620826,0.65353449894250826,-0.046151549992849622,-0.65111587772759283,0.75677422028597152,0.057800460911542721,0.072700898521298907,-0.013617569626224652,0.99726081901961405,-31.06867148388768,-6.0066437172506042,-4.0024923533143424,0.3238181946072862,0.3172911819115246,0.7192982456140351,1,5
0.98925198682981008,-0.1133170163486031,-0.092410823820179164,0.12510695308474479,0.98308317171877202,0.13377491458869029,0.075688551598806761,-0.14389833664504373,0.98669372748977446,-9.0709060114165769,12.6665644900371,-2.7661010637522918,,0.1386136613869138,0.3333333333333333,0,4
-0.93972979341548546,0.34042805108951857,-0.031885065448905126,-0.335691710592111,-0.93631229266030036,-0.10310366653496994,-0.064953758990771521,-0.086186035090402041,0.99415943215782276,-9.9115960604710409,3.0240413968396522,-2.3432685427209958,0.2499496174729294,0.1513419909059757,0.4673202614379085,1,5
0.99366940743350696,-0.088104170996335662,-0.069704833288594115,0.096835008860138211,0.98626282340343296,0.1338231079871687,0.05695691169471185,-0.13972579656361567,0.98855076348403248,-4.7620477343441516,-10.018628988989809,-0.93805098610546356,0.5785797401320985,0.562875787803838,0.4197530864197531,1,3
0.98490381942238092,-0.14470692105469513,-0.09499670250107313,0.16080313162263971,0.96800860804516631,0.19261798361215574,0.064084470408665745,-0.20498595500504646,0.97666470137049144,6.6456018682917888,16.578103294037835,-1.6922289710295328,,0.3381579423715551,0.6212121212121212,0,5
0.77275111290671872,0.62687461102904252,0.099418004147211414,-0.63011511699356926,0.73887678180222383,0.23878031880741502,0.076227664516297353,-0.24716254441313831,0.96597102430746618,-2.3360361458460757,11.586024891920973,-2.101519107457174,,0.128400072994127,0.3111111111111111,0,4
-0.9826810855391197,0.17249333523892799,-0.067704751840685418,-0.16863316729920597,-0.98390306810332506,-0.059140573750198634,-0.076816267875340141,-0.046699056468150014,0.9959510324883899,17.603135820109301,7.4591565413411658,-0.55456423228751339,0.4043800981369277,0.4215111637750969,0.8793103448275862,1,5
0.32143690451142126,0.94135633646242922,0.1025990459027302,-0.94511707542044021,0.31222926444517812,0.096263181812874507,0.058583531532597731,-0.12791064938486627,0.99005395590700629,6.9836913727786811,-3.2724113411476492,-0.72900098796975554,,0.6658458080713611,0.4518518518518518,0,2
0.97035575716679101,-0.19657004634962819,-0.14060555256236709,0.23109439210559141,0.92496579565062542,0.30171784636271076,0.070746635754717693,-0.32526680395409285,0.94297212035928135,-3.4050091085883127,9.605486617326882,-2.0934620658668615,0.3036795255704983,0.1002826463310592,0.1818181818181818,1,5
