axis_00,axis_01,axis_02,axis_10,axis_11,axis_12,axis_20,axis_21,axis_22,location_x,location_y,location_z,dbh,dbh_approximation,score,reconstructed,number_clusters
0.47197002246788716,-0.8806471558845842,-0.04129024974559975,0.88000715696684695,0.4677655896527399,0.082357494036369036,-0.05321373486975068,-0.075205983599820336,0.99574713579904117,-11.030640321132797,-7.9578682138731462,-0.96891435704251305,0.1781044105061695,0.08147620762185449,0.303030303030303,1,4
0.72433346006034804,-0.68891392645257243,-0.027177942834327035,0.68866413942761862,0.7210643167502242,0.076209934890088996,-0.032905040699315408,-0.073917880443326769,0.9967213277779019,-16.659678864242021,1.8392230488917674,-1.5957773679100959,,0.2634980560683002,0.6438356164383562,1,5
0.99887983162673677,0.036015208242683942,-0.030691802563223191,-0.031590187334564604,0.99045958592946681,0.13413377167811966,0.035229845777563051,-0.13301395947669151,0.99048783160159193,-16.593433972335532,-1.1580685281086629,-1.4178857857684801,0.3823445742771019,0.1583970042167648,0.4166666666666667,1,2
-0.15181712228822472,0.97818807883786507,0.14177321256009898,-0.98721521871530171,-0.15711220005621371,0.026867611177716313,0.048555878295247407,-0.13588170963372909,0.98953448028352897,20.93151923036363,-14.128909385725112,-0.40365379435408849,,0.3382649079109535,0.2222222222222222,0,2
0.96765789929743551,0.24504766636185532,0.059915199556402711,-0.25210016576927474,0.93073727113232418,0.26490307386713902,0.0091485707287497116,-0.27144018371597733,0.9624118298929295,-16.823815572227112,0.42099020465226028,-1.5137775841429717,0.9459055148550018,0.418438136655344,0.4074074074074074,1,2
0.98252497015920104,-0.18585586977923801,-0.010113292355306894,0.18600966875728228,0.97847490103140611,0.089371534508397979,-0.0067146215431029069,-0.089690934437001935,0.99594701171164213,-2.483380050019564,10.240795820753915,-1.7789008356093989,,0.08185409343397436,0.3877551020408163,0,5
0.86241393907781683,0.50059102344786632,0.075171969029043037,-0.50542833713905566,0.84332908578873578,0.18258764766430904,0.028007029495012839,-0.19546017575494692,0.98031164738194965,-34.375146028770644,21.001738492668551,-2.6869661412436256,,0.2632143936558072,0.25,0,2
-0.9195847901124331,0.39234639759992668,0.020691014577181734,-0.39270831666901956,-0.9194887385244993,-0.01790636047918389,0.011999658864231382,-0.024591950247707033,0.99962555197941805,-6.9012685882445668,15.870873057305554,-2.1430150450084446,0.2584449169019329,0.2397144162792515,0.7171717171717171,1,5
0.9374495039102686,0.3462775512696164,0.035781071883200559,-0.34690206957227321,0.92062402305819035,0.17919364468258125,0.02910982213731551,-0.1803975211993552,0.98316293288562429,1.7670524709883064,8.1451490660352412,-1.5659188859885207,0.6324205755894807,0.5146121386985897,0.8909090909090909,1,4
0.64231536151339197,0.75632352984170292,0.12411967842251966,-0.76555169929451405,0.62530529783665845,0.15140634136221515,0.036899486056104457,-0.19227064961973958,0.98064796192293191,-17.874901186639626,5.4187717440677616,-1.8322691867456329,,0.3141775056871925,0.5116279069767442,0,6
-0.53403999485267428,-0.82189416930577985,-0.19822022691672664,0.84427784107962034,-0.53081939662445454,-0.073659318685322009,-0.044678976708196844,-0.20668996741112716,0.97738582269843466,-14.161119773875946,-7.2309874695355196,-1.0561557440032825,,0.3182083728348772,0.1428571428571428,0,3
-0.96377761392650907,0.26062186210589178,0.056647646787695641,-0.26649886104463838,-0.9494449156025192,-0.16592983245467474,0.010538878310169046,-0.1750159913521715,0.98450918472860394,7.6918715420064387,8.3093648974497665,-1.4462052451110052,,0.3372595315771754,0.5945945945945946,0,5
-0.81842857669827651,-0.57452337188119729,-0.0098772468781917113,0.57392672003513034,-0.81817402393076655,0.034632161276100235,-0.027978292895566248,0.022675134557406093,0.99935131630445795,-2.6205682621319459,8.2490743727961444,-1.696601137306752,0.2085208942013944,0.1026370611846518,0.3125,1,4
-0.47842244359260522,0.87762450894368915,0.029785680590315288,-0.87730645726877321,-0.47916733019544361,0.027056417129471839,0.038017699843543994,-0.013186772718086017,0.99919005375548375,-21.629208230442064,8.1294563522210677,-1.9823626110745471,,0.07712862333209332,0.25,0,3
-0.99940349988191035,0.034457049625611483,0.0023143368135278373,-0.034522969864017004,-0.99856392662003746,-0.040966437542702676,0.00089943068464424657,-0.041021898837939344,0.9991578428057164,-18.099048504208334,9.3087767849254881,-2.0413113635410278,,0.0707461189042263,0.1153846153846154,0,1
0.94569524095197577,0.31127856777936125,0.093627797592470252,-0.32498595842053329,0.89950433188193923,0.2920206906284476,0.0066811728217707088,-0.30659029692222439,0.95181812956198186,-4.1121681200105114,-8.4037376554800574,-0.86116215644917493,,0.4130113326774372,0.3043478260869565,0,4
-0.96626475828162683,-0.25573668670139399,-0.030514979566471579,0.2566800017760546,-0.96594941635229159,-0.032513101004224977,-0.021161133977027059,-0.039248848692151748,0.99900537250064148,14.912539027774031,1.0252456206657872,-0.97985730783485103,0.7163420009836464,0.4764947356953557,0.5471698113207547,1,5
-0.9155979241942227,0.40199018171553391,0.0091834097993260637,-0.40173440858147041,-0.91550518171957296,0.021441250110649721,0.017026631285325614,0.015942272388946514,0.99972793187854359,-1.5996460774986629,-6.5138686371337418,-0.93028407280918501,0.3178728528886566,0.2815868083695562,0.8621794871794872,1,5
-0.39564658470149089,-0.91595944123653483,-0.066948353405457239,0.91758371927436544,-0.3911639336908726,-0.070928803050002209,0.038780125537050902,-0.089493457800772086,0.99523214521748271,1.3882840926773377,5.5397359883370578,-1.4417817302121696,0.7407563872155596,0.6456191406313578,0.2416107382550336,1,5
-0.35527750971799504,0.93471881236490184,0.0088675193671930875,-0.93363353584766884,-0.35529883198591938,0.045729210905294519,0.045894572981557261,0.0079675467108118563,0.99891451404524656,-1.6283129581811888,-1.8896264054045409,-1.1659780939983535,0.6557254369002412,0.5993223433548971,0.9991568296795953,1,5
0.42899438963758346,-0.90270675669819944,-0.032929091558925809,0.90164154964245169,0.42570603346392971,0.076268532375852918,-0.054830006546016906,-0.062409009636641304,0.99654341897297061,3.0901930227656309,13.186983134773875,-1.7745573052116961,0.2657471681763248,0.1045892482206923,0.3928571428571428,1,6
-0.053449487357790093,0.99845392950832823,0.015261158231520135,-0.997446481272388,-0.054108037030550497,0.046613703200147134,0.047367386443842051,-0.01273071003827486,0.9987964055418902,7.1641908171763573,-2.6497702947537434,-0.91640046500040184,,0.07900999992114013,0.3396226415094339,0,5
0.80452911310567921,0.58963100198489915,0.071191204960115662,-0.59331487560277341,0.79254440424175565,0.14089295828232809,0.026652665042258116,-0.15559128768463948,0.98746189123569739,4.5901494550654904,-5.0704323593554816,-0.86817812211233214,0.4177505026069862,0.1894831098053889,0.2903225806451613,1,4
0.44090430388622182,0.88292747742646283,0.16137677782119164,-0.89615250536861291,0.42299792274911052,0.13410236564466926,0.050140621617260198,-0.20374451392683324,0.97773927562952767,-1.483838450774867,18.582248403861371,-2.1093107006534422,,0.1072202116153852,0.25,0,3
0.505563910662718,0.85449207197280252,0.11936679258087707,-0.86234711640563166,0.49601747805091723,0.10160763895937923,0.027614906523670872,-0.15430476468221782,0.98763731021770018,-8.9612708939983712,13.5491502499364,-2.1756071472591438,,0.1454643736057459,0.4444444444444444,0,5
0.76466660682994603,-0.6438913687509269,-0.026246631159715518,0.64369133358153285,0.76121664070389683,0.078807950027274476,-0.030764386410323561,-0.077156536751799856,0.99654423954246174,-8.0478999516203533,0.43972898456536169,-1.4318404577628299,,0.0795672463846985,0.4506437768240343,0,5
-0.3242070339065854,0.9436345742414205,0.066660253987729012,-0.94499079840656608,-0.32629251247720942,0.02292568926405977,0.043384214783907152,-0.055560656921283605,0.99751231737260271,-17.180537407797647,9.7800263452072258,-2.0544899577183746,,0.170694323066879,0.3375,0,4
0.68622089572017397,-0.7239022647950113,-0.071178601430893843,0.72697587129916974,0.67922141285397619,0.10081842524788351,-0.024636656141147635,-0.12092883587178029,0.99235540600577188,4.3747929859631469,13.79729787766634,-1.7651627471036504,0.7714912096415912,0.4221819182295068,0.6875,1,6
0.83966525088981947,-0.53822585160896641,-0.072630565934328539,0.54281630457594909,0.82732725490325465,0.14449938678332355,-0.017684058771909868,-0.16075616925657638,0.98683571485394839,5.2730845131661095,6.2724155037761635,-1.4070967242030259,,0.4213834141661097,0.1515151515151515,0,5
0.92333828456495148,0.38384870976986496,0.010323771823487583,-0.38335642612638521,0.91994674372383334,0.082072158857444177,0.022005972013492053,-0.07973805064037115,0.99657291779167634,0.34355647923099608,-10.192150211959078,-0.67994483330462774,,0.0776905492147752,0.1764705882352941,0,3
0.8645855453592155,0.49642926235151091,0.077780603218568625,-0.5019468639563156,0.84608262607116336,0.17942557126827086,0.023263286963140402,-0.19417048524855768,0.98069192009418105,-11.065952830506694,7.6727316337848341,-1.9575941178182656,0.1763476834338808,0.1447035015401565,0.3516483516483517,1,5
0.32147551158747151,-0.94636541685847886,-0.032341818499469502,0.94579617393669713,0.31924537602505021,0.059598550765353725,-0.046077031331018106,-0.04974824279211728,0.99769836099034359,-22.251030834808056,12.68403416965222,-2.2037998530178933,,0.09473759680153029,0.1111111111111111,0,1
-0.10768643850048387,-0.94723019688658794,-0.30192480035478686,0.9929899923093638,-0.11736223920351857,0.014034955738654395,-0.048728904528333228,-0.29829693078429825,0.95322842747587855,-3.6710667303651681,19.248616932455004,-2.1828833314226905,,0.3210716912875118,0.3448275862068966,0,1
-0.22653318716831702,-0.96822662527969594,-0.10592411062104011,0.97268956913940108,-0.23053261849227369,0.027013217107642911,-0.050573878621014444,-0.096911887354389506,0.99400722778591455,6.6876084032071601,-10.734635710717845,-0.56706705024061821,,0.1278213830611165,0.1739130434782609,0,5
0.46360884552648546,-0.8668439166636327,-0.18343517245298041,0.88578230785381507,0.44844038089987093,0.11954466893822506,-0.021366830433420303,-0.21790559635225978,0.97573593232779787,-14.228604233675002,3.6701833514698827,-1.6736909199892882,,0.2433066163581636,0.1666666666666667,0,4
0.98520253895116194,0.17096140846575478,0.012171855223842095,-0.17135976514024151,0.98109521515900744,0.089933362459001492,0.0034333853943324653,-0.09068834328350199,0.99587340373022704,-8.8794615843555054,-4.6070772079547933,-1.1159783873375484,0.4834152448494346,0.2375872807263489,0.1428571428571428,1,4
0.61565931160440357,-0.76085390320784152,-0.20509741589836264,0.78705930867638318,0.58092445883517274,0.20751968039903163,-0.038746053484798315,-0.28918525394711136,0.95648869948311388,-5.6792227688413739,-8.2218184849132072,-0.90149877906359621,,0.08080801269853259,0.1666666666666667,0,3
-0.98629884564686154,0.16363124737363413,0.02096191686411206,-0.16480719994828177,-0.98296459599197628,-0.081358403816313402,0.0072920450407581057,-0.083698374591624047,0.99646445404231265,-18.618478330055275,-12.777455801912557,-0.75016500294981803,,0.5130659055041066,0.6,0,1
-0.44349980384263166,0.89321476089164475,0.073995370914878969,-0.89531782885747491,-0.44532746229824199,0.0094570953757544124,0.041399387936124139,-0.062055154888944732,0.99721374259996254,9.3780008959380936,-9.0537208023231894,-0.60695080996415363,0.3173376273859314,0.2221994284965025,0.4333333333333333,1,5
0.50552038085414785,-0.86205207631931846,-0.036267923219153349,0.8618836079800879,0.50257632721518486,0.067628999830861097,-0.040072320076388231,-0.065446566269350651,0.9970511301469186,9.6099770858662659,8.5728488810861236,-1.4174614050626837,,0.07589192909927711,0.1428571428571428,0,4
0.99930893401406806,0.037074477381576793,0.0026716149703880578,-0.037066130092991492,0.98853751173608329,0.14635467157068138,0.0027850313456910451,-0.14635255726332747,0.98922857448765955,3.6962779396820316,1.5757880799008848,-1.22477248786457,0.3943419171105779,0.1594586923571329,0.3008849557522124,1,5
-0.30515983362732207,-0.93324713963561068,-0.18954485564767184,0.95183981028417664,-0.30510393149091142,-0.030208716407224393,-0.029638682472876498,-0.18963482631294512,0.98140724531181811,-27.045566401758197,9.7525548213573892,-2.0590273218613961,,0.4194789796210705,0.5769230769230769,0,3
0.88955584581175673,0.45119547339849853,0.071505538015152359,-0.45608997671620288,0.86829012384344451,0.19507484198366065,0.02592933321828627,-0.20614292522578023,0.97817828848232669,0.32535201754224224,12.723170442835412,-1.802643259898097,0.3389484375979301,0.398447863665804,0.3333333333333333,1,5
-0.93051282778806055,0.36620094823835203,0.0065378001804730114,-0.36581554648879194,-0.93011577399719303,0.032613385422386905,0.018023963742040582,0.027955544547272903,0.99944665903693486,6.3932077712997675,2.987376329014455,-1.2266880530807054,,0.07621071463447618,0.5333333333333333,0,5
-0.51867694330299685,0.80836808621324929,0.27841563475816211,-0.85396628661269824,-0.50560636500227818,-0.12289745724832372,0.041422334733574116,-0.30150164321461587,0.95256545671366188,-18.974254606496686,-3.1610531471367702,-1.3126014498331195,,0.3659951088139691,0.1764705882352941,0,1
0.4517590694993609,-0.89009170604622057,-0.060419350814128636,0.89040875641471606,0.44563019670651044,0.092660532500712711,-0.055551684268530827,-0.095658154963630004,0.99386293208061816,-9.6688948631608014,-17.343137644428936,-0.42972148682103439,0.2440979334965243,0.1423253628378341,0.3461538461538461,1,5
0.59136021329212718,-0.80534766410194014,-0.041330836679631396,0.80563198987693474,0.58776775098432876,0.074068669420709332,-0.035358096979619544,-0.077098708344384786,0.99639630376151378,-1.2008307348186971,7.9136135275959711,-1.6197447689447093,0.2952956740791007,0.2819089709151604,0.7070063694267515,1,5
0.3349938692340006,-0.93847929351372317,-0.083879218055585444,0.94110496617612416,0.32893855132892524,0.0782360025069265,-0.04583175988623097,-0.10514772986427776,0.99339992182912873,1.424085576488896,3.3714749733059444,-1.3536680155575425,,0.1210978925875201,0.3529411764705883,0,5
0.99443219455290655,0.10508091591791671,0.0079127458282566704,-0.10489774459798661,0.97993779450613228,0.16946498776063593,0.01005353743447672,-0.16935146886965183,0.98550444259614811,-12.092230265193615,8.7113234309167211,-2.0274330846531163,0.3183993296736745,0.1072153300202214,0.4090909090909091,1,5
0.98787767633026069,0.15502976066175478,0.007966800956778361,-0.1550652893493584,0.98310717063195774,0.097237066446015027,0.0072424199909705044,-0.097293701549412012,0.99522936200229162,6.2278271506074478,7.3046086381406861,-1.4273786920560494,0.9494522797286431,0.8367841918424119,0.8309859154929577,1,2
-0.91992867824469682,-0.39152987868475486,-0.020870578335728474,0.39148838888862425,-0.92016210722596281,0.0062078813508419503,-0.021634886372612919,-0.0024597810020482069,0.99976291247928717,-11.06163771010211,-9.9449569485174152,-0.87450473866421918,0.5045722996844231,0.4786201127722528,0.9558823529411765,1,5
0.87092547463911929,-0.49127916453429243,0.011558551774035707,0.48402792107042414,0.86165896861711211,0.15251489575100036,-0.084886920363909227,-0.12723444618570437,0.98823357889466024,7.3252480905158359,5.8579411325602635,-1.3303903767470915,,0.4149780034215429,0.8840579710144928,0,3
-0.92326001513727585,0.38394832116545113,0.013214806958472994,-0.38416667046612096,-0.92292746398341019,-0.024917173357475935,0.0026294013944224322,-0.028081718241290424,0.99960217254111861,7.2385715382703086,0.71295680065481803,-1.0736788461161944,0.3557857757616258,0.1737107693909635,0.3207547169811321,1,5
0.051523677465348652,-0.99524874168151112,-0.082615088463404526,0.99866516169644792,0.051045718927886626,0.0078885608917487506,-0.003633933716285506,-0.08291125834592443,0.99655030869757943,-6.6199423411192582,0.36260956048141951,-1.4038408918505481,0.4405385036953535,0.3207068102434992,0.7698154180238871,1,3
0.56432430933511324,-0.82502199722314618,-0.029610437203456057,0.8245975146410176,0.56158301546543488,0.068289498377181054,-0.039711619726541948,-0.062954116931947787,0.99722603577123581,-6.3649923325683888,-0.046973086301641154,-1.3627449501752702,0.195160924546337,0.1637235730929317,0.6590909090909091,1,6
-0.99937006678011453,-0.033723745358769763,-0.01105344393789366,0.035399009958882198,-0.9694192470661529,-0.2428440518349706,-0.0025258103337863678,-0.24308235727150532,0.97000236487623437,-16.545323640932661,14.582335003668698,-2.320218156009703,,0.5157148318983241,0.4482758620689655,0,1
0.3273553733928482,-0.94385680216993184,-0.044416173950268478,0.94368552601911349,0.3241890243595657,0.066023514499174402,-0.04791750716448856,-0.063528052719600867,0.99682902196153844,11.19868221137185,2.9577666504150781,-1.1224158573079981,0.1771360892119829,0.1814475176480752,0.475,1,6
-0.46773731713597588,-0.88338284547700507,-0.029266883595433675,0.88298528880585991,-0.46849330011746898,0.029172032796399974,-0.039481412219810906,-0.012197379308370639,0.9991458562327804,9.1704909545939568,10.440622952369651,-1.5107291613456133,,0.08681678978912305,0.15,0,5
-0.3673937196429633,-0.90478570416896931,-0.21537103867133589,0.92932853661879289,-0.36634113444261074,-0.046288705331578854,-0.037017911784438175,-0.21715663182772782,0.97543460645004587,25.625688963962933,-16.934687993928183,-0.17986440055046704,,0.2683864468171029,0.2,0,4
-0.82763651849562669,-0.55502936134786474,-0.083427820864628494,0.55948110943727314,-0.82768167513868374,-0.043862658634209274,-0.044706615117641152,-0.082978627859255374,0.99554802289157218,10.070281138847196,5.4221356261308493,-1.2653628467294518,0.7197513280717563,0.6045105435214768,0.3571428571428572,1,5
-0.99817484900678954,-0.057995772543196641,-0.016836305336713132,0.058482476797268292,-0.99783698795174924,-0.030019083647536363,-0.015058908258244066,-0.03094892312340777,0.99940752120422383,-5.0911761354972223,-11.071623504996959,-0.71924565471194712,0.2580578148682714,0.179513997455687,0.3076923076923077,1,5
-0.41743196452088382,0.89215869666569203,0.17263665589905589,-0.9076359137297233,-0.41857250260874385,-0.031529480932338157,0.044131656486531869,-0.16985264208609308,0.98448081589847514,-2.3699332662439132,20.390218403765012,-2.2079406610470502,,0.227612573254285,0.1428571428571428,0,1
-0.075846088221826383,-0.99691854545798297,-0.020019605974830625,0.9960109978213123,-0.076692960295900933,0.04561010918695306,-0.047004926555004295,-0.016480399357779771,0.99875869624077207,5.1066056435412657,2.9934123254918696,-1.2551261203403816,0.5943992704797331,0.5560705575303891,0.9865269461077845,1,5
-0.93194063369916724,0.36258309799104743,0.0044891326121710585,-0.36221191667792185,-0.93142449195256583,0.035368675511125304,0.017005372001263036,0.031335488541262495,0.99936425015155472,-7.9000758025688445,-1.159011104913837,-1.3258377116653917,,0.06981258058635573,0.2913907284768212,0,1
-0.80684862017692627,0.59021410888696824,0.025349749295642793,-0.59008158244708786,-0.80723534388342444,0.013222164805722048,0.028267121808392689,-0.0042901347497610633,0.99959119872500746,-7.201163988555713,-11.966739178046172,-0.70827319158332347,,0.06804488444198334,0.5625,0,1
-0.46320834640865288,-0.87804697123977371,-0.12029773112583032,0.8851699396277094,-0.4650597678242866,-0.013913674234308367,-0.043728775386915733,-0.11292886543254416,0.99264035055768274,-18.454285505460597,-7.5236409200649756,-1.053823017773114,,0.4150247388296295,0.2105263157894737,0,1
0.84067789424866279,-0.51792667564815531,-0.15815383894703972,0.54152984922176461,0.8026872824790463,0.24987706767180093,-0.0024699237819369745,-0.29571115163019362,0.95527420894634052,-28.936850443101658,-15.921571278094994,-0.56372301327379537,,0.3514431182402638,0.1,0,3
0.73472266538539044,-0.67236843361470011,-0.090018300625490877,0.67650069308010019,0.71638290542239913,0.17071129160282511,-0.050293311992057756,-0.18632289794084772,0.98120046905400149,8.186970948411231,18.754012376542676,-1.9161125158438306,,0.2912993657200932,0.7419354838709677,0,4
0.70480492756658863,-0.69739128818108509,-0.1299823266716823,0.70737003558303735,0.67703364931189047,0.20310851892197329,-0.053643702678967918,-0.23509748800987215,0.97049035249936377,-19.976879621992545,12.648214867418801,-2.210500193520363,,0.3845151054904565,0.1935483870967742,0,2
0.6083837079941099,0.79321158852516171,0.02616562012887981,-0.79217023659235408,0.60491698220020718,0.080881152953017302,0.048327839849850424,-0.069934401228475759,0.99638024840934247,-1.8951967774878578,-8.8912479041161845,-0.79077615200572737,0.1903121537811175,0.08026962129416296,0.2903225806451613,1,5
0.050943442648662962,0.98467080416157438,0.16681778407262524,-0.99762125984317329,0.04240638819458311,0.054346298394736155,0.046439073634405852,-0.16918955544621817,0.98448885558338783,-1.6436036680573058,4.9334788450520168,-1.5064901036347171,,0.09526914987613075,0.3043478260869565,0,5
-0.5654652199727801,-0.78535795732725544,-0.25191658116110022,0.82376229198080819,-0.55289357461674327,-0.12539689572731172,-0.040801609179809226,-0.27842696351158508,0.95959035774545853,-28.535006324590778,-10.607500961593963,-0.90608295884873735,,0.2579235395899383,0.6086956521739131,0,1
0.98094633319978153,-0.19358393670710958,-0.016418003255039251,0.19425476543310277,0.97598388982183504,0.098592762993898131,-0.0030622685112290772,-0.099903484710087004,0.99499242019944423,0.1986138484058742,-3.1369149111518655,-1.0608812809528658,,0.07725359984245941,0.2156862745098039,0,5
0.86073433622422579,0.50292529418303478,0.078756275404236784,-0.50879091106890917,0.85490803508123148,0.1013116990639063,-0.016377156600254232,-0.12727293516083557,0.99173251873538704,5.8423561543351967,14.090410761516832,-1.7508313265498974,,0.1598104214278321,0.25,0,7
-0.48687821468637049,-0.87139543246279361,-0.060163147746737276,0.8713510855045854,-0.48933830076994278,0.035990459702084157,-0.060802054683991746,-0.034900253330999713,0.9975395142367236,2.415020273841296,-10.889785939046783,-0.61281572078541968,0.3995859086238611,0.2878779846841678,0.6842105263157895,1,6
0.43051056798290116,-0.89545461167654727,-0.11323289840962351,0.90180661410455432,0.42152985650327279,0.095170430458255198,-0.037489753431028471,-0.14308605279178818,0.98899994938531022,9.6271957570266462,1.2496290490505026,-1.0725207950403146,0.3364673708988958,0.2455962807161847,0.2195121951219512,1,6
-0.92550226605166197,0.37858049546229644,0.011061825742688432,-0.37853613722637586,-0.92556744077741504,0.0059418335958873842,0.012487928049671441,0.0013118796701871425,0.99992116220467953,10.460340432662546,-4.6807545420981791,-0.78017796223868097,0.4323584555255325,0.2893353996002906,0.9488636363636364,1,8
0.95623559520880042,-0.29221858028231507,-0.014892541537993629,0.29237507852653605,0.95228355476097215,0.087594776033787861,-0.011414898697514837,-0.088115450799481257,0.99604486215136423,-7.0520822229783322,-9.7979634489520393,-0.82711360249075594,,0.09937567931596605,0.4489795918367347,1,5
0.68435918371605975,-0.72115133771544182,-0.10767198231070588,0.72844722183881339,0.66974963554169265,0.14422229608172049,-0.031892830837078431,-0.17713320920425366,0.98367000235759883,1.3101728359273941,-16.480244640873501,-0.34718472913736187,0.2242414580825664,0.1930334245603455,0.1923076923076923,1,5
-0.25011445068141469,0.96167578828559175,0.11234963188911984,-0.96734876194706443,-0.25311328780087905,0.013039796705141216,0.040977241486174154,-0.10541983572324472,0.9935831741310176,-4.4407469046003323,-10.489914855250316,-0.74509453604066223,,0.1478288236468218,0.2272727272727273,0,5
-0.99222897890370854,0.12378243803400063,0.012631763853980519,-0.12428136097179256,-0.98107901707234224,-0.1484523680355587,-0.0059830375816090423,-0.14886863435500688,0.98883888119681629,-3.3660631536304515,-3.1898136319831529,-1.1288550021689043,0.3866878997188822,0.2026015062297484,0.192,1,5
0.99569975176420156,-0.092569580249242223,-0.0035884744929541171,0.09226166140013585,0.98740548669639461,0.12852311339810513,-0.0083540512563753822,-0.12830151072506757,0.99170002126311907,-1.921168126526702,-20.431767530427031,-0.20249289593032188,0.1447560629705196,0.1562703059950264,0.1764705882352941,1,5
0.99524153700371121,-0.097191598407628588,-0.0069337018583769533,0.097031680645087104,0.9820760078049976,0.16159074182943664,-0.0088958402458924751,-0.16149460700830867,0.98683349960038902,-12.962398278540579,18.841915377954781,-2.3761840394466884,0.8515238513943187,0.6463296402977294,0.4375,1,4
0.47123262367166302,-0.82892485228759971,-0.30136921483041873,0.88097074153246613,0.42577616834492132,0.20641028809934592,-0.042782788025778055,-0.36276472227808948,0.93089816270054082,7.1252841979277832,4.3477775313182931,-1.2627387761203146,,0.2108740268090252,0.2272727272727273,0,1
0.38523228135399856,0.90845983050876189,0.16216296048970757,-0.92272854979090768,0.37673134048582108,0.081520061926653037,0.012965832158514231,-0.18103655279459183,0.98339089570154592,-13.553019890474369,10.630015598490395,-2.1350259803789347,,0.4050351696375327,0.2307692307692308,0,2
0.26672226815740491,-0.95666436633355267,-0.11684400650693587,0.96323552683331981,0.26055711050689129,0.065477568757838736,-0.032195520109283803,-0.1300126238175473,0.99098948840690049,6.2967975902021447,11.150786869435107,-1.6058881301902372,0.4707310255507726,0.1531728728416055,0.1739130434782609,1,5
0.51608259580689742,0.85594165181470883,0.03197878975076443,-0.85559499082948931,0.51340230475297999,0.066145938211017857,0.040199079251918866,-0.061497659817568162,0.99729738386514444,-8.7055702295044952,-6.7910573598366524,-0.99504464981435725,,0.07817107470395268,0.25,0,4
0.56291255771651472,-0.82180071816129541,-0.088164800201844029,0.82536645759704741,0.55329696720574695,0.11239518118951591,-0.043585124053432178,-0.13603692774574894,0.98974455858607513,4.0976743405177691,3.5240250966124314,-1.3021765020040357,,0.08118412131049051,0.328125,0,5
0.30427040554162899,-0.94891448150844759,-0.083551344065125294,0.95192958143357376,0.29963415539321792,0.063635248985885615,-0.035349572886180604,-0.098897318999805084,0.99446957117420987,-3.1479396313902743,17.88928150701912,-2.1278650808761368,,0.1102883189731478,0.28,0,4
0.78509970469095036,0.60427468407837637,0.13590643794964649,-0.61925114936452774,0.76153214673101366,0.19130291034368921,0.012102384264847256,-0.23435207632370719,0.97207645615860527,-6.9209998605501584,-5.6914915833256634,-1.0288016874183497,,0.4246641028060312,0.4656488549618321,0,4
0.53471621064722474,-0.84434675190380648,-0.034016710901624281,0.84406872873128491,0.53175270379499995,0.069188461354906056,-0.040330574618085403,-0.065708633802560978,0.99702348026251397,-11.139740291178541,-6.7949229532479256,-1.0277250151103594,,0.069589476826936,0.2702702702702703,0,5
-0.034053638987960509,-0.98707630759904919,-0.15659090857487792,0.9993047351929486,-0.031249546781297204,-0.020334995621223574,0.015178797469803674,-0.15717451702674842,0.98745418896512838,5.0056445602391291,9.8704020842354314,-1.5676885767123896,0.7959199545635659,0.8193679247440138,0.638095238095238,1,2
0.86312814038770447,-0.49449048389615019,-0.10241569512049682,0.50305798369524202,0.82426504792841038,0.25984571538521234,-0.044073555692057211,-0.27580118219421484,0.96020374379031259,-19.844175420995274,10.261083389444808,-2.1028776034751981,,0.2521880341949284,0.125,0,2
-0.66244928053818941,-0.74829364323805525,-0.034893755945074149,0.74820343410047552,-0.66321911442703385,0.018221620643534352,-0.036777328813977203,-0.014036728541219177,0.99922489877763188,1.0013971111976503,-14.411173461073879,-0.46847955871542252,0.2146793149227746,0.200673858837882,0.7058823529411765,1,5
0.45278233425573944,0.88875500297150589,0.071433202917433394,-0.89054683205756757,0.44685153283521101,0.085147210847174359,0.043754973410512099,-0.1021677654445949,0.99380443247447015,0.047040022765111329,16.721507883000598,-1.9892499594306534,,0.06277969988800911,0.2,0,2
0.99990476116192739,0.010509910377546882,-0.0089448526854511191,-0.0096446532540003828,0.9957291869204199,0.091817029893199856,0.0098716396469172452,-0.0917220153433983,0.99573571927094495,-3.9192224922667216,-12.262676196188673,-0.6603178539557909,,0.1080753451756994,0.5277777777777778,0,5
0.73441272581732908,-0.66317084302962148,-0.14436890632315413,0.67790702499185373,0.70646396490892949,0.20334879333758171,-0.032863560736119013,-0.24721063739357488,0.96840429942003403,-24.940781152049912,-6.2096689294655318,-1.1469837784800794,,0.4010739867444011,0.2,0,2
-0.07063492796827496,0.98920731689520902,0.12837285987270763,-0.9961763523042052,-0.076587678363207332,0.042035730430450981,0.051413831415332754,-0.12491281649180393,0.99083470176174182,-5.726212025287194,-13.593301275625553,-0.60230560902250863,,0.147286584830597,0.2666666666666667,0,4
-0.9721617052263738,0.23428493778163351,0.0034909626188371246,-0.23422241450709605,-0.97127700601430222,-0.041962341812147502,-0.0064404529200986398,-0.04161184346492728,0.9991130942238895,-9.2428888851763507,-11.180755481451248,-0.77676698232457886,0.2312009230176981,0.2250434515952896,0.6428571428571429,1,5
0.99990455103789344,0.012935410984750761,-0.0048542719706175077,-0.010536975521541869,0.94121430014148788,0.33764569204423162,0.0089364959893439479,-0.33756231476843673,0.94126076232232636,0.20403632504501656,-25.287567126161164,0.19377088733961237,0.4450593961227293,0.4237592186116468,0.6285714285714286,1,5
-0.63806608066067616,0.76941488380009904,0.029536643296164448,-0.76918594618221647,-0.63868103048258729,0.020964768004191479,0.034995098315231919,-0.0093422635684120483,0.99934381731480493,-8.1854214778215848,-11.624208068517957,-0.7412230392170186,0.3807593587474478,0.3818544250363844,0.8896103896103896,1,5
0.39627919800835432,0.88650908182611887,0.23888165493747707,-0.91735629398117802,0.37162907139839663,0.14265084361714861,0.037685900798232877,-0.27566915157735333,0.960513556255011,-9.7347725236130245,-20.316717922329829,-0.25578483367638671,,0.350703245477696,0.1904761904761905,0,3
0.2416443196863047,0.95686233475152738,0.16131489421996525,-0.96919330403133575,0.22982752865221492,0.088564363569312146,0.04766930022734707,-0.17774639070167059,0.98292108452732008,17.61725919834835,-9.9892817425805305,-0.55533817946512554,,0.7338941906300618,0.6097560975609756,0,1
0.99693485944086646,0.074829215286430203,-0.022835817726513337,-0.063185725642276841,0.94221314044145543,0.32900146208567266,0.046135128770605861,-0.32655012864653471,0.94405326299645409,13.500951217403653,-10.161511722283526,-0.55763350808612344,,0.4692219863127109,0.5,0,2
0.64241529105982986,-0.76167848524001291,-0.084548677902103991,0.76634182449675803,0.63779384693955588,0.077066314515630854,-0.0047751271704598083,-0.11430176695275447,0.99343459987660165,-13.51033841033761,-9.7641001810881765,-0.90292336922441185,,0.1262132329252849,0.4285714285714285,0,2
0.99980266629924119,-0.019843055089961741,-0.00093894921385749921,0.019855828359842939,0.99675505122971353,0.078007140238547823,-0.00061199760940324128,-0.07801039041530787,0.99695235816270478,2.2428293149735112,-5.4314884502146592,-0.90260281932693887,,0.0763057650269057,0.4117647058823529,0,5
-0.61719069892945266,0.78635105150699958,0.026975265500291407,-0.78587937158682308,-0.61776568072954474,0.027553167278243054,0.038330855316242397,-0.0041937461295777495,0.99925630246905428,3.9277931333664209,-3.9943607557907175,-0.9393590415272558,0.4197523748297065,0.4266060806977601,0.9451073985680191,1,5
-0.17692727896697183,-0.98228053057453601,-0.061819877155754564,0.98333726713864333,-0.17908437946442293,0.031250665403281502,-0.041767894532147805,-0.055260693861476404,0.99759796446278903,-4.0474879298051238,-6.1294756273534707,-0.97546000581352754,0.5188607202253142,0.3284399620438612,0.6863905325443787,1,5
0.59926265174533622,-0.80025930658878519,-0.021663712543900437,0.79889383240751455,0.5960609816904805,0.080498140645693328,-0.051506492448831376,-0.065546535562278574,0.99651930885026052,1.0595125757538975,2.0656001945570739,-1.3026529969526179,0.14005365413277,0.200563467500543,0.2429378531073446,1,6
0.99994105704603087,0.0020956824302070568,0.010653194301236154,-0.0037004212243435118,0.98823019069142826,0.15292938595556768,-0.010207316808573993,-0.15295979315210997,0.98817969639253067,-5.1217980167587314,13.464295725791901,-1.9837104357289201,,0.1198321422182191,0.2391304347826087,0,4
0.24854895575433922,-0.95249121059491293,-0.17602247110203278,0.96717307164584232,0.23411859452487221,0.098816664489576267,-0.05291187084742497,-0.19480497282445552,0.97941378205857865,-28.77192277777662,12.75625206899065,-2.1991929037641444,,0.3239652391227722,0.6923076923076923,0,5
-0.28836576124751001,-0.95342335800571254,-0.088482134633239271,0.95722405862441984,-0.28934166902173336,-0.0018708710031656007,-0.023817836399153521,-0.085236723170405343,0.99607600698562859,-9.6190389902415117,-10.069932554394866,-0.84657916733058669,,0.07931098608054037,0.2857142857142857,0,4
0.27916003061590877,-0.95798623482844647,-0.065818319529920538,0.95951072970312046,0.27561139014012997,0.058116445259592274,-0.037534476033521655,-0.079377172437942733,0.99613775533539872,-6.2363714016402998,-19.820204598200469,-0.24671835748095544,0.1486171203381265,0.1074259196722139,0.45,1,5
0.81059942712950472,-0.57641576573286235,-0.10331231171510386,0.58555376396907421,0.80006211822621109,0.13048906651915049,0.007440311752230035,-0.1662692755562124,0.98605231593817733,-12.257678057299792,-17.144313756274091,-0.45502670410848278,,0.480124843848203,0.2894736842105263,0,3
0.99892563812016877,0.041147368735575549,-0.021318150772382319,-0.03556948551537803,0.97564799875788089,0.21643889257689963,0.029704902059874888,-0.21544808322628906,0.9760633904761169,-12.877796009085221,-6.9586525736320679,-1.0468432594293362,,0.1953434377852949,0.125,0,3
-0.63157135673335485,0.76538756572144218,0.12369112980725361,-0.77468820063962296,-0.62940379269233715,-0.060902032266950838,0.031238007998795385,-0.13428603793212002,0.99045012336450344,2.9375997964841543,5.4758266351282749,-1.4185062387899139,0.3794269759464033,0.4253227811621386,0.4173913043478261,1,5
-0.0046008316226721314,-0.99959706547316929,-0.028009624163992559,0.99896223925529148,-0.0058635321244218516,0.045167062480080358,-0.045313098442210195,-0.027772750826199545,0.99858670000211391,17.090344732068427,-4.9832065652149158,-0.75244003929205261,0.1514984229406595,0.1018056214118244,0.1111111111111111,1,5
0.75456256001893451,-0.64485576019416924,-0.12164041911335416,0.6559827718271326,0.7361405847205138,0.16668426018473473,-0.017942856062076934,-0.20556772137604773,0.97847839314140961,-14.672566242860693,-5.4880494646431206,-1.1438609410824532,,0.1964581655496894,0.1363636363636364,0,3
-0.21312225233281107,0.95496400453212871,0.20645255050144115,-0.97696435451686547,-0.21066163551401912,-0.034092892602461386,0.010934146698943945,-0.20896273679897814,0.97786247451543329,27.773492160341998,-11.349190490081897,-0.48775847914537268,,0.4909066621865721,0.25,0,5
-0.40948481547537191,-0.87847563554134844,-0.24617624510769859,0.91135275003812299,-0.40628120711119203,-0.066119178354117625,-0.04193269479835128,-0.25142819752067902,0.96696717141713306,-22.903427975978495,-4.3731772740522903,-1.2766426321036861,,0.6391193468378544,0.4230769230769231,0,2
-0.81306073379213917,-0.57387613369279311,-0.097971558848475193,0.58144976246408897,-0.80888113299999431,-0.087335481948060678,-0.029127596808580448,-0.12797459065946271,0.99134962916707636,-15.905420368602401,15.836967738186553,-2.385010548712108,,0.09530952884922256,0.3,0,1
-0.93951682522270008,-0.3388637417851828,-0.049794574270749209,0.34145704225467011,-0.93804874271110306,-0.058920663546949109,-0.026743661270525923,-0.072359662806464956,0.99701998765339872,-12.13196128546244,-5.8216892050255833,-1.0979756550294797,,0.2799082842751306,0.296875,0,5
-0.54167764485907388,-0.82601173140775963,-0.15585232958375511,0.83956390960121341,-0.5407801065260931,-0.051858635546588469,-0.041445998058361258,-0.15893865471427523,0.98641813308685844,-3.6615565169954816,1.4301617076597155,-1.4014206185227811,,0.08781580449121695,0.380184331797235,0,5
-0.99998089983726524,-0.0030102824617098448,0.0053979774131641452,0.0029241492702340153,-0.99986940516714251,-0.015894085747496855,0.0054451181527767111,-0.015877997676159092,0.99985911001405425,17.391578556948531,-6.810603834708818,-0.69816629825374077,0.2297184463059082,0.2073643699499728,0.4705882352941176,1,5
0.98687381036669686,0.16104114171135328,0.012076137156485924,-0.16117580732454578,0.97748950264239454,0.1361492980415463,0.010121341096875168,-0.13630855769257033,0.9906147260939403,-1.493182746854576,8.9498128940027275,-1.6830570076126983,,0.1488120753219985,0.4207317073170732,0,5
0.666274807669612,0.73471169123366942,0.12757982375510796,-0.74500125856285182,0.64839280558648005,0.15671596728942791,0.03241921350973289,-0.19946303022930284,0.97936892648641638,5.5749624395207373,-11.287785735605189,-0.54988628636017423,,0.4699396395873691,0.4878048780487805,0,5
-0.43926759371569152,-0.88242513525203248,-0.16843355303103544,0.8972632245730624,-0.44019885821413041,-0.033818205980297555,-0.044302222743065847,-0.16598447488367157,0.98513271550467518,22.108477212085901,-13.21531000094358,-0.42250491788666616,,0.293615855953283,0.2142857142857143,0,1
0.88300460934511737,0.46704507214717123,0.046602150790721379,-0.46755312566802681,0.86653694089781497,0.17466483543494263,0.041193865481836109,-0.17601883604461507,0.98352449629084659,2.6676935916727564,10.829243808523675,-1.6685523546019385,0.8303701970546451,0.3587562441068047,0.5,1,3
0.98915573770601239,0.14489600452300799,0.024001550711272496,-0.14686774373630501,0.97484972375757106,0.16762422837882579,0.00089017587270673435,-0.16933152087859535,0.98555874691662082,-7.1886231388970234,14.101189765176466,-2.1019863281350393,,0.177672483686191,0.4705882352941176,0,4
0.97446114926034766,-0.22255219052257039,-0.029933110025671044,0.22431754679245025,0.95859529069278315,0.17543291271205655,-0.010349240707425872,-0.17766707954830785,0.9840362300553549,-9.7453988286848787,-2.2778769277581934,-1.2727715626910692,,0.0753395451560115,0.25,0,4
0.70388562851744996,-0.70973159301048072,-0.028741744021534305,0.70911270498003864,0.69976872653753608,0.086503762900390829,-0.041281879832278427,-0.081269891367220126,0.99583683962518321,-4.6431849759723196,-13.273502268907951,-0.60975240328389191,,0.07325881922529311,0.4210526315789473,0,4
0.99259094617202348,0.12126371987151727,0.0076370033553869454,-0.12131566086833862,0.98559512108760317,0.11783364424641991,0.0067619527805388496,-0.11788709654256399,0.99300398209843965,7.1574015820431676,-8.1931400348542915,-0.66777208734102511,,0.08168564462305758,0.2105263157894737,0,5
-0.88986526468662086,-0.45331682348947344,-0.05141661449011458,0.45429814759093001,-0.89080744459896666,-0.0086769662042152241,-0.041868888206648788,-0.031079803546246836,0.99863959565594351,-26.502607289500006,-10.069737584377123,-0.91858940830665015,,0.246401825262909,0.78125,0,2
0.97935953594150971,0.19851941177303148,0.03801239942070804,-0.20207815230117057,0.95756773848267163,0.20549561206927489,0.0043954206823440959,-0.20893556271365232,0.97791953191995984,-9.7342231160533039,-4.8875983348357446,-1.1170504700779509,0.6773425802806059,0.3527627334469688,0.2051282051282051,1,4
0.97756384917301931,-0.2004330080915401,-0.06477291144767347,0.20835718213298304,0.96526194871029125,0.15765993475076334,0.030922571750008954,-0.16761855398310965,0.98536684281387177,11.716490748242514,3.6372436998243991,-1.1389014214161546,,0.2689167953541994,0.1904761904761905,0,2
