axis_00,axis_01,axis_02,axis_10,axis_11,axis_12,axis_20,axis_21,axis_22,location_x,location_y,location_z,dbh,dbh_approximation,score,reconstructed,number_clusters
-0.90555996950965389,0.42394538383459768,0.015213584291995845,-0.42216467994694401,-0.89707209298180612,-0.13053215312150224,-0.041690821855275957,-0.12462733054421342,0.9913273444500833,-1.78361434650152,-6.0319230308047,-0.77750272711030599,,0.2666629277330353,0.2387096774193548,0,5
-0.37240568181664513,0.92803531711599918,0.0080285949011345038,-0.92793272123452286,-0.37248545770293806,0.013980295494944821,0.015964742809487037,-0.0022436544385062772,0.99987003805584029,-17.627060101597394,4.5133792449154413,-1.0002995463747817,,0.07116909134681199,0.4090909090909091,0,2
0.28855415707274684,0.9558971287905349,0.054746484873898688,-0.95602840716427062,0.28452074655704868,0.071117012546699554,0.052404037353854745,-0.072860304340781015,0.99596445364299246,-1.1315054210414046,-2.4091163366359427,-1.0443895297959407,,0.08411734764996973,0.1796407185628743,0,4
-0.18141113795492622,-0.95860887675302409,-0.21945163575650378,0.98246586300329897,-0.18642957899126461,0.0022000250733782228,-0.043021239627448922,-0.2152046316589081,0.97562089945504538,6.0718889741510669,3.1306478602741623,-1.2941024606827081,,0.07649860666226151,0.4074074074074074,0,5
0.97951382475920268,-0.18942899030981764,-0.068332457410812425,0.19691833117624785,0.97200614375827643,0.12816874557756125,0.042140692357377135,-0.13899897167377542,0.98939549621032397,7.0502825577378383,10.255463094459259,-1.376893043312049,0.3474326712334436,0.2673330596133625,0.4,1,5
0.99955454614214367,0.0089873049526682531,-0.028459403301209142,-0.0020823553475053064,0.9722592087797618,0.2338967608564903,0.029772018453236345,-0.23373330805137557,0.97184482692690233,-6.7472836172852384,-18.472379442783186,0.070786330188239641,,0.3456826280403916,0.3478260869565217,0,5
-0.95907343682935375,0.28308369040412384,0.0064627390102055407,-0.28056542464636658,-0.94696536165697198,-0.15665135273876307,-0.038225453055993328,-0.15205337236990987,0.98763281977139739,-5.6783134550488308,-17.762059705197657,0.040749283213663424,,0.6239237975231118,0.6153846153846154,0,2
-0.97042780170857212,0.23869148374530455,-0.036003572857900186,-0.23812309909752119,-0.97104144318135044,-0.019388277398287149,-0.039588778047083002,-0.010241641067029197,0.99916356891201441,-14.550638767318832,-10.657903827473588,-0.4028373015128357,0.4734829172883093,0.3598345655086766,0.6636363636363637,1,4
0.6158755985724913,0.78762086475894322,0.018724862598980027,-0.78693622763973647,0.61385241343431618,0.062582650543158203,0.037797099242099126,-0.053278400100234304,0.99786411468277714,8.4186536406522432,-6.0842760430283569,-0.56213993051142186,0.7150196435780797,0.5149451991839417,0.4285714285714285,1,2
-0.77197592554976169,-0.63059728190454045,-0.080001490149843271,0.63262404640053327,-0.77445904712708991,1.5453707599583598e-05,-0.061967622896202487,-0.050598936526438876,0.99679474383394939,14.054401810964668,-13.422363993407922,0.54685339678853828,,0.1196006958139022,0.4583333333333333,0,4
-0.45053326850757885,-0.88842193413586135,-0.087899038186852935,0.8912321128857027,-0.45333423818797625,0.013906453459245493,-0.052202441793125998,-0.072073125593547588,0.99603231355112798,-4.9677216423099262,-14.614586479092885,-0.16981201792565256,,0.09510714803966833,0.35,0,5
-0.18893930621530144,-0.97747789795670792,-0.094015411359074638,0.98074790588203764,-0.19264522200129874,0.031958778888869221,-0.049350619802367449,-0.086167148300299631,0.99505765605763574,-2.7881274072051649,-7.4798413628829099,-0.69982030686109076,,0.1049364829628877,0.3551401869158878,0,5
0.99845719050004567,0.027683221090616158,-0.048133958997820477,-0.022635228688519828,0.99448302428694368,0.10242636783227685,0.050703896901265949,-0.10117882028933989,0.99357534246975121,7.3350868548591599,16.229591882654947,-1.5721885698183737,0.2372204790686522,0.1840791864526918,0.6206896551724138,1,5
-0.99588903988706912,-0.074953135718467831,-0.050863028604099705,0.083546649155145675,-0.97702744055249535,-0.19605442566386455,-0.034999680680822008,-0.19949788934575155,0.9792730030480935,11.57573832127129,-14.192933917278015,0.35627215396032913,,0.5772517074955721,0.2777777777777778,0,5
-0.89951051812392357,-0.40890727927725806,-0.15386898562901263,0.43231191924255302,-0.88394104684176888,-0.17819828896231951,-0.063144534721945825,-0.22681063172247592,0.97188975973224467,3.5795641695620861,14.939999236399869,-1.4600866269839095,,0.392097130178393,0.5652173913043478,0,1
0.3131236596666378,0.9419109066036121,0.12148011268571358,-0.94820655120763131,0.30285888505967612,0.095816658193345214,0.053459423901703149,-0.14519070136056239,0.98795837474790738,-30.520952079687664,-11.475405794818037,-0.405544524293313,,0.1666430765367205,0.1333333333333333,0,1
-0.89941198042285087,0.43458544764174117,-0.046835650629336423,-0.43613634973880799,-0.8993767079760191,0.03011015753408345,-0.029037456988414551,0.047508166121694888,0.99844869685096993,-8.1432174859653514,-6.5343551032773384,-0.72467739910389684,0.3960809411148731,0.3656579330070572,0.9572815533980582,1,5
0.32951964797419758,-0.93769717879988945,-0.11018530968187482,0.94392805363741417,0.32466848349346772,0.059918322592808625,-0.020411544656025873,-0.12375126947543447,0.99210331727495737,-5.5242714579805678,-8.4596091966070084,-0.57529591901310539,,0.07302655322669763,0.2162162162162162,0,5
-0.63833703598698621,-0.75365239226287106,-0.15663301096448454,0.76874149006148862,-0.63460622150944923,-0.079444729715331217,-0.039526572649183078,-0.17112280753292711,0.98445651747380758,18.252684367858759,-28.827485597581994,2.1366025284820442,,0.3736596330810653,0.6052631578947368,0,4
0.97277711602615391,0.23098196171145713,-0.018762086764659649,-0.22766208883101094,0.96763713977747912,0.10885007594098983,0.043297296046503085,-0.10161544708943289,0.99388110207804792,-4.8048227473637084,-12.044000591887995,-0.37890848318053938,0.5556861240138791,0.2243545194979045,0.2022471910112359,1,5
0.93634101721605056,-0.33016520852820536,-0.1194003122120658,0.35052526743483747,0.89842296414578549,0.26451505512018858,0.019938314084889639,-0.28952912215013443,0.95696152015555191,11.232507234263117,10.552336563788058,-1.2807704242629441,0.5213000040391289,0.2787842476796683,0.2631578947368421,1,4
0.95416438180253071,0.29821904424509266,-0.025213769034753787,-0.29378570806433901,0.94938131507056245,0.11119836479024407,0.057098951273463747,-0.098694074008689667,0.99347832866099184,-21.37910236511884,-7.2215308235253381,-0.4932577406024814,,0.1307258332230603,0.3076923076923077,0,2
-0.90944061192045766,0.41308044814861705,0.047773598850013886,-0.41500815816785319,-0.8943888709360468,-0.16684356805064585,-0.026191640725059542,-0.17156074989076595,0.9848253180402341,4.8674488927136181,5.0514396188215054,-1.3674399963554,,0.1720729244754324,0.4545454545454545,0,5
-0.98657526880812818,-0.14116854829998415,-0.082101643997219836,0.14810694259480586,-0.98525606380782438,-0.085643577022057882,-0.068800963157430256,-0.096653658496661785,0.99293730807529934,-20.591079743245718,-2.536102346593696,-0.69080068352669022,,0.1539991081869801,0.3333333333333333,0,5
-0.80071209853244285,0.58853453606220618,0.11174629804076502,-0.59879676910519664,-0.78090941276081827,-0.17782833961641797,-0.017394383373651852,-0.20930262521907844,0.97769619335632718,-19.877220744828872,13.56193373988051,-1.3188466130422081,,0.2149207265216461,0.3333333333333333,0,1
0.75192663731032583,-0.63293571362124346,-0.18438740338199233,0.65909602031918413,0.72773300566437382,0.18972903959623647,0.014098514198309542,-0.2641913225097749,0.96436724177459299,-7.9366392461726978,-11.19932549629279,-0.41702648269521181,0.5665965210710928,0.3512791085430982,0.2083333333333333,1,5
-0.44201137265682655,-0.87515925364352409,-0.19677964123388483,0.89406249944150673,-0.4475952801138709,-0.017627033561828123,-0.072651177102868905,-0.18372464718130177,0.98028927387974218,-15.203072284073126,-13.814436369036668,-0.22083278199708478,,0.5689749038130341,0.1666666666666667,0,3
0.64409261012235808,0.76491000143415566,0.0075762320297205234,-0.76324914477122674,0.6419714167772983,0.07296192875013445,0.050945584614950856,-0.052776791745508159,0.99730594987761512,4.7943778902636831,18.899865103442803,-1.6254623401625317,0.419320367327652,0.3110060366132671,0.7051282051282052,1,5
0.32192163828384462,-0.93502997647147634,-0.14861158065371932,0.94667271270636133,0.31569239488890288,0.064413405642682373,-0.013312919357726943,-0.16142259726897071,0.98679557724440337,-0.0068546042607130313,22.346474044273624,-1.7151073619850943,0.1773337496595742,0.1535614548159032,0.2222222222222222,1,5
-0.3621184365955083,-0.91076086760770802,-0.19845624180680033,0.92913882300626793,-0.36972843407111866,0.0013901877014248162,-0.074641044071954751,-0.18388998633360348,0.98010876307993244,-1.7006698776659386,10.351615591453807,-1.3768650715377029,,0.09775580134698343,0.4918032786885246,0,5
0.31556504245227246,-0.94129881602786181,-0.11989680115266013,0.9484953440742272,0.30919349300628091,0.06896351319421036,-0.027843962570161595,-0.13548403163148043,0.99038820213150325,26.019122412352182,-4.1227890648287806,0.71618445434644074,0.1728758241344452,0.186065675469343,0.5,1,4
-0.84714416942936066,0.53132177221721988,0.0066280140155625372,-0.5308204581916135,-0.84564959853276855,-0.055735066758833926,-0.024008277053618712,-0.050733922274143695,0.9984235933528397,-8.7313210287043876,13.818431945029356,-1.3600837886762005,,0.1005510708781087,0.3636363636363636,0,5
-0.083899050936508512,0.99643528466419484,0.008813213269732726,-0.99578141912928875,-0.084167192241134767,0.036541060016133296,0.037152584954642937,-0.0057102737612559342,0.99929328938243067,-8.8142668089865399,-4.2562896221169799,-0.85009052233088267,0.5336134355022258,0.3641355873833055,0.863689776733255,1,5
-0.27123528160594368,0.96249341360962193,-0.0061522979641959403,-0.96214194693558941,-0.27094767329522307,0.029499699708591738,0.026726315854163414,0.013920743299150013,0.99954585534974894,7.0045531497488476,-3.2490730112240827,-0.8274531140861584,0.2395678650313484,0.2159345312250349,0.6071428571428571,1,5
-0.90779166441394232,-0.40992283674248209,-0.088755630455542328,0.41423369616285804,-0.90943908951135566,-0.036482700448477554,-0.065762747690628606,-0.069884264221302769,0.99538507655601594,0.26985830304083319,18.063048951766437,-1.548644883444882,0.2140064085673783,0.142057907684643,0.5,1,5
-0.16332329384671151,-0.98350189994101322,-0.077778624952336534,0.98551398068362372,-0.16629144629977016,0.033306887645758419,-0.045691307315256731,-0.071212131690788258,0.9964141391689878,-2.4305341577759325,12.07748211293616,-1.4019002749226841,,0.07714726549687674,0.2777777777777778,0,5
-0.9456600739355745,0.3237960957272038,-0.029717216491174349,-0.32284296225342934,-0.94588475888906665,-0.032778722134992298,-0.038722684405846038,-0.021403534595753278,0.99902074173623323,6.6317962023032155,-24.408822288317264,1.0236670996836623,,0.2350497802156244,0.45,0,5
-0.99633072821999069,0.085455155252553525,-0.0047430417860456087,-0.082982346073248919,-0.9780955825010299,-0.19090039741223605,-0.020952571317185829,-0.18980634323628934,0.98159795324891808,9.9879280345954253,10.401633895875527,-1.2989056495353024,0.7838329339528001,0.3469896631713342,0.2083333333333333,1,4
0.99791393719100763,0.033820299415301479,-0.054990556529279686,-0.029741937525257854,0.99686172486102453,0.073362924282947148,0.057299137098076831,-0.071574358918268619,0.99578808992337986,-18.225890408689487,-5.3029876749363849,-0.59219542749888399,0.1965038170012017,0.1714885268466881,0.6825396825396826,1,5
0.96779893863016275,-0.24277245332365271,-0.066533828189471206,0.24864638905390027,0.9631755953502269,0.10231200189710497,0.039245223872309241,-0.11556084297438998,0.99252481277510707,-2.688603112481375,1.546714669388547,-1.1652823588854648,0.3614360759547319,0.3701966870242801,0.8937655860349127,1,5
-0.82033833141457957,0.5585641502004246,0.12268297405435767,-0.57154679437088507,-0.79346899379099078,-0.20914401195510857,-0.019475211329015238,-0.24168791033725909,0.97015857989325649,9.0754478031400954,0.66829465346887762,-0.90314211537439049,,0.2615582575055914,0.2083333333333333,0,1
-0.74945814075253525,0.64610143177680224,0.14444872832849359,-0.66194151239015286,-0.72729917752489748,-0.1812990362529385,-0.012080125594947227,-0.23149264832295111,0.97276164826643752,-13.422341488453583,16.068999448912773,-1.3979985261551913,,0.1324891341201475,0.3529411764705883,0,2
0.97945057288448423,0.20045154182567002,0.022265548633907863,-0.20022172504304026,0.9531326428139868,0.22682465920445113,0.024245331448474416,-0.22662158895863804,0.973681066530934,-26.840899864366737,-16.057203780252422,-0.10214319603937216,,0.2460119249451616,0.25,0,3
-0.33614869469104208,0.93502987510527835,0.11279710864253835,-0.94159794371711758,-0.33618931108979527,-0.019236930541666801,0.019934077485672136,-0.11267599464649397,0.99343180580511847,-22.247726169347569,1.5231526250600194,-0.89511671783935132,,0.168681141269327,0.1818181818181818,0,1
0.64890954320552352,-0.74578177936142198,-0.15075125972711595,0.7608607800564221,0.63533872125974677,0.13204386634738149,-0.0026977970149901246,-0.20038524606503202,0.97971346579024043,7.1922386035469676,12.348941536583336,-1.3864680575304789,,0.1926307437632709,0.5416666666666666,0,5
0.68357605698160506,-0.71497778441648951,-0.14673289376404597,0.72980223327304528,0.67247034848054388,0.12317601521454187,0.01060540575172164,-0.19128616835867981,0.98147701305914337,3.6900252194225787,-11.446370827007186,-0.28594014124281747,,0.08047637921794763,0.125,0,3
0.88607527294362087,0.45353856501232231,0.095777767380803902,-0.45916917097191068,0.83046525076967503,0.3154221610683518,0.063516006697967003,-0.32346597550689066,0.94410565064643026,-19.020374052309062,14.432676004808378,-1.3446709460264537,,0.6023432098843953,0.3488372093023256,0,1
-0.52674126611612515,0.84998738389560591,-0.0080675763824771089,-0.84997950778168918,-0.52659002655645826,0.01542012589013116,0.0088586072031985891,0.014979691237606781,0.99984855549670471,20.133840867935607,3.233203327477375,-0.29986910742098061,0.2669628359500961,0.1335712312836959,0.5,1,4
-0.88057183927947014,-0.45683228402821119,-0.12608528914008393,0.47218280616791047,-0.86844788139537898,-0.15113462495164703,-0.040455326316421715,-0.19262020031514204,0.98043909805922469,11.875858227614865,-15.763291462261227,0.48064264972462117,,0.6009561071616524,0.2333333333333333,0,3
0.2123300505934981,0.97702542268772863,-0.018364994876855771,-0.97594905770780793,0.2129710940651392,0.046548360357144061,0.049390144504784038,0.0080396837351993516,0.99874720380646553,-21.354801881823089,-9.7349416012224257,-0.3737650910763623,,0.09126869966848826,0.3157894736842105,0,1
0.27170798190762702,-0.91697658423006245,-0.29211079497589976,0.9620393821344384,0.25072588948616981,0.10778105382560138,-0.02559296368287178,-0.31030706133624569,0.95029181196871892,-5.5810837121083683,-6.9725335944601392,-0.71337133139153464,0.3926430818524504,0.3763976003039545,0.1428571428571428,1,5
0.98269613230230501,-0.17304802822540599,-0.066050673617982406,0.17934634258194512,0.97808058891097871,0.10579816160043613,0.046294718495414756,-0.11581339094790179,0.99219154275602373,9.006607057962027,-7.9125605576788809,-0.40589722519829657,0.2787585006153761,0.256375719661841,0.6698113207547169,1,6
0.96948709698501501,0.23973606032599726,-0.051199513268563424,-0.23721867154696227,0.97013281479331737,0.050691454217545964,0.061822897449589367,-0.036999230269897751,0.99740111605630977,-5.3479746936843151,8.1323110368757749,-1.2464779556569654,,0.07526246863850311,0.4181818181818182,0,5
-0.84438971505842675,-0.52508273238058134,-0.10627385971767141,0.53316533552661871,-0.84303302276709802,-0.070922827897348537,-0.052352020938417614,-0.11654804451346107,0.99180432506808081,-2.081534052050503,-14.089186825790875,-0.15361780627639177,,0.114694436016297,0.2727272727272727,0,6
0.61858518893252701,-0.77311100497273333,-0.14018465687570519,0.78571743751270595,0.60881591630163701,0.10950474166109958,0.00068732945232081837,-0.17788354068841589,0.98405130635062688,-22.452668044789682,-8.7786420645718639,-0.42462015868542469,,0.6177707484558105,0.4186046511627907,0,1
0.40627819484097349,0.90660788600541098,0.1140182855052628,-0.91187908145735364,0.39429802432702854,0.11404213612649974,0.05843431523730705,-0.15030372265716413,0.98691145588555484,-13.851217237985949,-21.010232792328253,0.17204935248245268,0.6084245168881326,0.3417678879188855,0.2857142857142857,1,5
-0.99490778190205953,-0.086977805728107996,-0.050925109930628182,0.08752046405060647,-0.99612628100482392,-0.0085206023181624742,-0.049986737071842903,-0.012934202805789321,0.99866612664828491,-16.253249791059517,9.2159276987676435,-1.1916469716463038,,0.372682482727217,0.3773584905660378,0,2
-0.29329347698595082,0.95246416981532911,0.082407169442277259,-0.95570742181694457,-0.29431825130623651,0.00030138355790721648,0.024540991045625855,-0.07866874961530583,0.99659869937325518,-17.823868598539661,-3.8945769448541432,-0.67011134719824805,,0.0753656198649645,0.2857142857142857,0,5
0.92665479621055102,-0.35472622951504085,-0.12441941469893061,0.37403117180553275,0.90312835598536434,0.21085505716712796,0.037570882046632809,-0.2419265895043686,0.96956688996325691,13.649889133262997,5.9662902570291658,-0.90517656753147191,0.2373530851069089,0.1597972935420087,0.5294117647058824,1,5
-0.74223648295579725,-0.64292285321676457,-0.18903758404355722,0.6633385031032033,-0.74495029396116286,-0.070930175722184227,-0.095220972848482729,-0.1780428721931698,0.97940476923026909,-12.479350139771203,11.221178038791752,-1.2901240809271131,,0.1955079259527912,0.2,0,3
0.76751919167992266,0.63559559838366131,0.083261790266093441,-0.6351980903093194,0.73662363926407615,0.23218311769968059,0.086241964671460572,-0.23109272899134059,0.96910189048259676,-22.642501786476412,-11.515677153903463,-0.28055515136121167,,0.4068034947256649,0.2714285714285714,0,3
-0.97147852344359098,-0.21744937971470954,-0.094579309309958393,0.22936424893334223,-0.96291656230460654,-0.14206947367651923,-0.060179064458534826,-0.15971055475818585,0.98532787380634301,-22.083949818068167,4.6244454695060861,-1.013533892346312,,0.156924022253016,0.1428571428571428,0,2
0.95349203948248695,0.29867897645154745,-0.040543799395023478,-0.29404519163589116,0.95128436302204822,0.092711843609911415,0.066259760936332873,-0.076478295585038977,0.99486718429399812,6.9139742192624425,-12.288205092870532,-0.060759132752644239,0.5517114987238293,0.5475128210643563,0.9234234234234234,1,5
-0.8982292581278406,0.43868300008206318,-0.027229125621489526,-0.43285625387353011,-0.89364964897535315,-0.1184304368344684,-0.076286717885123784,-0.094591386104810812,0.99258894127885933,-2.6841193273685393,14.370895561214121,-1.4153253231410488,,0.1494470963457813,0.4230769230769231,0,5
-0.18185827243383881,-0.97754579425323762,-0.10645087545523975,0.98231143066868143,-0.18551657661972526,0.025452956153387669,-0.044629832231684985,-0.099939081129980845,0.99399213182895318,0.00059426858685610799,-21.427561132383797,0.46390367521604542,,0.1304792553396978,0.2142857142857143,1,4
0.79458064098864256,0.60495457529056573,0.051687201521166189,-0.60371944222354468,0.7781636433278728,0.17315940426088114,0.064532472813076044,-0.16879367890327679,0.98353660527452014,4.3768311101702331,-2.4004909510464301,-1.0040310583238568,,0.2819747626239889,0.25,0,1
0.9890614755575593,0.14673561415856615,-0.015035195556149275,-0.13992429074773186,0.96560544960645334,0.21915133709166223,0.046675372806732472,-0.21465035575984395,0.97557502753274949,-5.0367006658746556,-27.45737090181294,0.85197292393845325,0.433315279495752,0.4200071783075477,0.4,1,5
-0.27562868731811702,0.95650898329362999,0.09549550568418616,-0.96098460938851826,-0.27658122816001024,-0.0033770916330054875,0.023182045761517937,-0.092700534562034934,0.99542413254161377,-5.0790229252854191,-13.407782535416649,-0.27504096792099414,0.2729618371532428,0.2397091898034046,0.4117647058823529,1,5
-0.91990185926121981,0.3904219665245125,-0.03675945297312791,-0.3849040216364516,-0.9168667494782643,-0.10585016688342015,-0.075029750471643633,-0.083222904036655637,0.99370241259034309,-22.55324843953413,-6.8212933313348536,-0.51617998154585398,,0.5378981192798669,0.4482758620689655,0,2
0.99017316415333145,0.13384763476718581,0.040520558458753686,-0.13953872135073944,0.96482964370805513,0.2227839847609954,-0.0092763265563427372,-0.2262489100292347,0.97402534899057036,-18.015095375869702,10.925198207688865,-1.2304661949223041,,0.4145516043707063,0.4772727272727273,0,2
-0.9039141018105511,-0.40959211020902991,-0.1231811665902616,0.42275727341538422,-0.89930293665592898,-0.11193978692320006,-0.064927531313102818,-0.15325968607737417,0.98605064996735847,-20.244941550858687,10.361506989697647,-1.2184386043771183,,0.3028805578715746,0.25,0,2
0.98269622869031059,-0.16324629831404219,-0.087514388557558775,0.18010672178338988,0.95245987617765626,0.24572698883127153,0.04323992236673467,-0.25723691484389638,0.96538048393123865,-18.440046804927452,12.35660479623675,-1.2687355197333356,1.02353774615099,0.5103243625830098,0.1666666666666667,1,1
0.18214934281099127,0.9832689493381952,0.0019468386902983083,-0.98205214682935238,0.18182466900746955,0.050133528184087575,0.048940758283710147,-0.011043686326865736,0.99874062657475271,9.603655426396978,-7.3063572363624747,-0.3777251357046581,0.1382032171827472,0.1215594068945408,0.6956521739130435,1,5
-0.94077263188716043,-0.33404828098501937,-0.057953438750948771,0.3339680645706391,-0.94251603691350161,0.011351299829058805,-0.058413927611896205,-0.0086756055593435206,0.99825475051668622,6.355987357461645,-19.574000066861856,0.47063752891615462,0.3148404181677807,0.3315436309865162,0.7254901960784313,1,5
0.67995930605813304,0.7302394780079855,0.066375046994837358,-0.7332313650343697,0.67650789439630432,0.068620945412558851,0.0052064800755483023,-0.095327716736021514,0.99543232767834078,14.714987725943157,8.7783599719275482,-1.0259874544593182,0.3242217306081059,0.1697543364951405,0.3,1,5
-0.8187712199890288,-0.56799596909310568,-0.083631742847206356,0.57072347659629064,-0.82106716506528599,-0.011109622563247488,-0.062357057174954329,-0.056826838251292373,0.99643479860693396,-7.6804523394215707,-14.062345762133745,-0.25634546794556118,0.2045618384502294,0.1703776642644461,0.6037735849056604,1,5
-0.72684915478146783,0.68678378782885363,-0.0042819351837591621,-0.68667993176907782,-0.72682616807209344,-0.013942478662391121,-0.012687690849024704,-0.0071937598714942857,0.99989363050268032,3.2527196544963921,-9.2797745398058034,-0.47031737468338364,,0.1808563266815921,0.2333333333333333,0,5
0.43095745185576717,0.8994753469400989,0.072248009917039321,-0.90053104767276171,0.42358543439046598,0.098077581279506304,0.057615161783873874,-0.10732884057525643,0.99255277598392178,-22.477718301886178,-5.6618997216457645,-0.57714533620120911,,0.123886225572976,0.1176470588235294,0,1
0.75824626406758333,0.65142714501435417,0.02655706621593994,-0.64880882932275696,0.74994027722122203,0.12898326865988458,0.064106988857563801,-0.11503154063039402,0.99129109682262939,-7.3099617655577331,-8.2402730492278486,-0.59971118063612627,,0.07427411972473638,0.2,0,5
-0.75072648296713895,-0.65717206450855514,-0.067339627273653169,0.65754891542904903,-0.75315858555594128,0.019533786664558982,-0.063554477339306761,-0.02961456791747227,0.99753887431878552,-4.7145202012596013,-18.973701933289263,0.15617100580555035,0.1802868909409912,0.2219227564184055,0.8,1,5
0.53947832429368148,-0.83820729202953104,-0.079822761201312736,0.84197903149219511,0.53637475080879204,0.05808129838657964,-0.0058692541899502283,-0.09854269269370737,0.99511551569248835,-6.8277260707107876,2.7136722680882053,-1.1219080943885307,,0.08338243000139485,0.51338199513382,0,3
0.46567716963889061,-0.87854514427767705,-0.10631652337819895,0.88489168256579231,0.4608380765833312,0.067786261859289501,-0.010558589062577901,-0.12564512181971452,0.99201906209503654,2.7773289559093444,-2.3677456749993007,-1.0428970449714934,0.5300257077932642,0.2725299955049406,0.7244582043343654,1,5
0.50343864192791832,-0.84682940667334927,-0.17155025446508848,0.86351904930170909,0.48628992018306832,0.13362995555420015,-0.029738616424536443,-0.21541139598825407,0.97607046117150065,-10.943780461994859,-12.083100945375335,-0.37014866960313708,,0.2195062382448289,0.2272727272727273,0,4
-0.84469240735074369,0.53419672805483331,0.033594533774368759,-0.53485601150969275,-0.83998934908243994,-0.09136159138283223,-0.020586012628731571,-0.095140680907645936,0.99525095675436581,20.718692285565474,-4.8914662381901124,0.34563934087409187,,0.1923448228279251,0.7142857142857143,1,3
0.67058652764926563,0.74166170922651531,-0.01586247151312337,-0.73895802719578041,0.6697166239195641,0.073625251705523198,0.06522839089094,-0.037650401232723049,0.9971598188398858,8.0416911910700826,14.918810037738632,-1.4795174967046349,0.3136782217797618,0.2709797379970752,0.7857142857142857,1,5
-0.99161189547088036,0.10985402068330267,-0.068102444158490968,-0.10425400386264487,-0.99125031161586685,-0.080956299322871073,-0.076399943974164677,-0.073177276945505215,0.9943883218841546,-15.907476247284858,1.4181967748975028,-0.90316087982470172,,0.09838782706563942,0.4366197183098591,0,2
-0.78938734057929272,0.61107438064390618,0.058785439130939643,-0.61348050204008109,-0.78170849729804825,-0.11213161404651625,-0.022567679318023788,-0.12457899731773865,0.99195300961159694,12.030707197202235,29.063665655788764,-2.0112878793382798,,0.5144884249456687,0.35,0,2
-0.92150158369809998,0.38712034035029075,-0.031187711185173619,-0.38689309401715366,-0.92202918489102692,-0.013263333330055419,-0.033890486035592783,-0.00015587259301666332,0.99942554032804631,0.71311370469556368,-19.822319412857158,0.37799161412476157,0.230992645473601,0.295219444271269,0.6111111111111112,1,5
-0.97940672780464677,0.19791884959754424,-0.039882207874938728,-0.19869149188622157,-0.97992480738630239,0.01640313753358448,-0.035835074759552478,0.023989598639885527,0.99906974059575782,3.2055420282555445,-6.2830891140410623,-0.72337090957504968,0.1861682487435998,0.1294932543102006,0.4657534246575342,1,5
0.77260642270709001,0.63373329449189042,-0.038228615515181801,-0.63157570267703078,0.77332452401658325,0.055509569828445474,0.064741388460299351,-0.018742785464793688,0.99772604487066119,4.7198088843932409,-5.2828098370132581,-0.8122427832470992,,0.0784983586299441,0.2978723404255319,0,5
-0.8939742257024097,0.44706853551046571,0.030656293583941015,-0.44592933872107227,-0.88076933512846556,-0.15934993933211278,-0.044239220693458474,-0.15612527935567735,0.98674606079707605,5.714757046720532,2.2235521880326892,-1.300260110262587,0.2285003674076206,0.1459731543704418,0.3,1,5
0.99563903414428967,-0.071480262500696543,-0.0599456900957566,0.080012925216562447,0.98470765087302203,0.1547539146852909,0.047967129229439708,-0.15887546816599796,0.98613271932763713,-24.21828669400421,-9.7125308789037827,-0.39844021647553846,,0.1150532332930945,0.2727272727272727,0,2
0.75656850685854182,0.65334391216546495,-0.027309830943501891,-0.65073837066678319,0.75634817030779333,0.066910523940512431,0.064371324141868178,-0.032850840299436461,0.9973851587625735,2.8221443907381842,9.2244159620405011,-1.4084618712330039,,0.07179680602321196,0.3870967741935484,0,5
-0.67147754951677707,0.74101013781711011,-0.0046771943739941351,-0.74102403314900467,-0.67145374256278612,0.0057666189410326679,0.001132603429121391,0.0073380685943606264,0.99997243459946272,15.824251089575259,-3.5270932581111092,-0.18725503228288673,0.3215276425965551,0.3252328474565152,0.8780487804878049,1,5
0.99551560829003272,0.072262488447728257,-0.061047575007267797,-0.057237934790906844,0.9739391519112347,0.21946832845605938,0.07531595097851411,-0.21498990938592163,0.97370778285399107,15.232528741726327,25.041294116753328,-1.7443535750761576,,0.3021410857391018,0.4210526315789473,0,2
-0.93377999526200306,0.35529020852633869,0.042705833018496668,-0.35647006739138054,-0.91307621454550025,-0.19804271631454565,-0.031368957624976358,-0.20015167787597937,0.97926262786902685,-14.851454836105175,7.2179323593681008,-1.1273669336950782,,0.5028316557366356,0.2083333333333333,0,2
0.69860925185291922,0.71544516590400686,-0.0091284067664135007,-0.71231242522434712,0.69664058259914341,0.085457050890698771,0.067499052560119385,-0.053198808826089551,0.99630003746008766,7.8149772389023529,2.8649044968166497,-1.1577572513416088,0.4483750492837525,0.4122173169915572,0.8426966292134831,1,5
0.65302407265919671,0.75422603782121089,0.068575829561979065,-0.75513731470363943,0.64155587930761748,0.13480982778716991,0.057681855637392164,-0.13981823056506995,0.98849565802378714,30.176560808395411,2.0818029401372904,0.50660261247633653,,0.3056282152030035,0.3043478260869565,0,7
-0.7593014123415851,-0.64548305885481028,-0.082540813828744453,0.64753920916741425,-0.76202832213690475,0.0024101560225693076,-0.064454152751498142,-0.051618378438799531,0.99658477070464768,-12.745375638729975,3.9820781278577488,-1.0051775456013046,,0.1133520370512407,0.1666666666666667,0,1
-0.90862771120484231,-0.40876011559073339,-0.085503510646642189,0.41328993547571979,-0.90954861569917522,-0.043734939284166052,-0.059892500908923674,-0.075076518179552798,0.99537751870981606,3.0119674639406813,-15.602620828474468,0.055806554747009261,0.5225276127082322,0.5777092670020366,0.8980891719745223,1,5
-0.52463422040631269,-0.84110575296185408,-0.13152964347680085,0.8504019998204001,-0.52497436727393176,-0.034904905196837574,-0.039690974794351137,-0.13016537957463473,0.99069753228725999,6.7541146741632945,8.5174562079061751,-1.4053768726957316,0.3002010146786909,0.3091555227969197,0.8051948051948052,1,7
0.97328404286291992,-0.20933840733879489,-0.094316505031026357,0.22166449097026902,0.96378203116198313,0.14828705220677343,0.059858377452971297,-0.16523204175383049,0.98443656323125195,20.461580311696313,-4.3531958641643254,0.27316179425057202,0.6384349653182555,0.54118258550474,0.5909090909090909,1,4
-0.19010019429405495,-0.97854771983673772,-0.079412065403721019,0.98132728444770412,-0.19180714313363101,0.014379869311320412,-0.029303189721571636,-0.075195610545011837,0.9967381517865691,11.116847577417241,-21.148964776936619,0.92615283345153299,0.2905459822086099,0.2195650728175438,0.4090909090909091,1,5
-0.98048012578353338,0.19658427025241382,-0.003653441231488452,-0.19607073756912974,-0.97896687385524128,-0.056392603798660408,-0.014662496806597276,-0.054575494348848126,0.99840198647837952,-5.0160474480798385,5.8266315246764995,-1.1428949255439051,,0.08167630253204419,0.2344827586206897,0,5
-0.050637252677552633,-0.9649482793130798,-0.25750861518014445,0.99783486381543118,-0.059717210602692097,0.027557926487184928,-0.041969669949965725,-0.25555561627277873,0.96588295035978899,12.378496451552671,1.7459178922899306,-0.73259188748603565,,0.3697660982487466,0.453125,0,1
0.9924724228468238,0.11710885949160263,-0.03583301434614266,-0.1093415400814947,0.97910639337366467,0.17144998707325973,0.055162645886158004,-0.16624134709328517,0.98454095751037585,-24.560626790369369,27.404006163572493,-1.8889578931231426,,0.275852108545813,0.5625,0,1
-0.06563979240922875,0.99752512991180264,0.025199858073308247,-0.99719423707251764,-0.066486962859727897,0.034396763205987266,0.035987097713388407,-0.02287135684935793,0.99909050132309651,6.8443028623766669,17.417548208800696,-1.6346290247294093,,0.2990749299817407,0.25,0,1
-0.38083349946013839,-0.91189777370894953,-0.15299769930821105,0.92373001594785087,-0.38256656816354567,-0.019122723669754815,-0.041093835619559559,-0.14861114099632025,0.98804150998115647,3.7276792695003156,-28.266429098846693,1.1878754601559656,,0.3108114979208917,0.375,0,5
-0.9943104605609242,0.093098988601546626,-0.05176182319521528,-0.093271485120923509,-0.99564028670281013,0.00092171453508060061,-0.051450345795348948,0.0057443725258660722,0.99865903295460345,-16.188018477372832,-2.2825068795623777,-0.72632423295977877,0.2819576577501491,0.2245595122443083,0.7889447236180904,1,5
0.384917767031276,-0.89777723938697318,-0.21408956317943326,0.92278800590604249,0.37871051996548416,0.070997452231900321,0.017338073122602587,-0.2248874618696578,0.97423047617810499,2.9495589913847819,-11.793018912338409,-0.2919716906871922,0.4375719336389204,0.1753346757426556,0.2391304347826087,1,5
-0.75493449767154452,0.65509274948843554,-0.030453140939703225,-0.65506845705744554,-0.75547170211840542,-0.012158283871318161,-0.030971289830892035,0.010770184120982689,0.99946224658073501,-1.9977889792342416,-2.67577585559633,-1.0248194755153477,,0.1301786430352384,0.531578947368421,0,6
-0.9843625390596531,0.17282334853193124,-0.034095188784404713,-0.17016856731384392,-0.98295884256350774,-0.069531090344990901,-0.045530763165000321,-0.062641871207844174,0.99699696367501167,21.4553011523275,-15.38767919280615,1.2519515510796952,,0.254668334067932,0.1666666666666667,0,3
-0.93793761743080073,-0.321430121909414,-0.13021406428466914,0.34130348028708807,-0.92213266264584981,-0.18216280307899479,-0.06152202981171797,-0.21529985882711275,0.97460813183395456,-17.33053289489067,7.5370761883513628,-1.1261117635111382,,0.2410863745537289,0.3333333333333333,0,1
0.99763385802388282,0.053229528362568126,-0.043512097567021471,-0.050071738298705308,0.99624036156854445,0.070696272925252809,0.047111637077577859,-0.068350269144125689,0.99654841044466902,-7.1992153707198359,4.1949526172413947,-1.1021689215504724,0.3198445354600705,0.2917051103081625,0.9424390243902439,1,4
-0.43873169599543754,0.89441311182946626,0.086831355606702132,-0.8985061921613815,-0.43814926141026667,-0.026680468011116579,0.014181733907439443,-0.089724077666857985,0.9958656878867802,-14.890833673142978,-2.2375057371873339,-0.73412613635471802,,0.08857172476238148,0.3666666666666666,0,2
0.98675060926860669,-0.14748192320088899,-0.067618913308336095,0.15605176390220227,0.9767777406481859,0.14680971479175486,0.044396870284340077,-0.15541662621223051,0.98685084496379849,-18.905348462918276,-31.739254180596056,0.81566985958483895,,0.2920246941334073,0.1904761904761905,0,1
0.033790139670474395,-0.97483728714754181,-0.22034175738581713,0.99941562936626249,0.034096546641818055,0.0024135628309449242,0.005160061965367186,-0.22029455075857593,0.97541974793756858,-3.3194826100181154,-15.706252980893707,-0.079452768026008494,0.2304462485128443,0.1591494362785421,0.16,1,5
0.92309415433226316,0.38354590504594621,0.028101974309466135,-0.38057431227237576,0.90053999996412404,0.2102163202584986,0.055320656865335938,-0.20474434592218002,0.97725092874700625,11.649024244781828,9.5260337886409072,-1.2050776081176695,,0.3816472729248281,0.4745762711864407,0,2
0.25912422697162363,0.96036377119995653,0.10274269785709794,-0.96479789625814683,0.25242522113186577,0.073800590189929766,0.044940564885321069,-0.11824945963142969,0.99196643639019477,-21.037502046667271,6.9598076343489819,-1.0863731996053874,,0.3205396837567296,0.2666666666666667,0,3
-0.3604477782362091,0.93083857201803333,0.060141100821397522,-0.93259919674437064,-0.36089558915150116,-0.0036210444274703997,0.018334050189077664,-0.05739273973613386,0.99818331784760117,14.231487641143609,-7.1830199594696147,-0.027861795354235504,,0.6994911845728403,0.4090909090909091,0,1
-0.68223050349010039,0.73053888215256846,0.029571637947875672,-0.73093105742858588,-0.68051981368850722,-0.051308600289707761,-0.017358841953703737,-0.056619120804155668,0.9982449327521733,13.25436514975379,-6.6589840872711932,-0.14043912212548795,,0.5086640955789528,0.125,0,3
-0.87776554483033187,-0.4619606302434372,-0.12696465812893365,0.47731244705970316,-0.8660505040521056,-0.14875937722702473,-0.041236830510948716,-0.19117766746192014,0.98068885140661766,19.871727351982852,22.550157599794112,-1.452124213771145,,0.37590442428877,0.4666666666666667,0,4
-0.51740950572508082,-0.84409850587196023,-0.14065957404333096,0.85353647042461633,-0.52084173310760273,-0.014120294209262411,-0.06134245707839478,-0.12736405080788193,0.98995732308084472,-12.733442424622462,-8.1769913142852655,-0.5426534903412209,,0.0805852231100149,0.3023255813953488,0,4
0.26450407411989368,0.95242302768043163,0.15141985047548373,-0.95994990325976748,0.24498195568979678,0.13594125429010032,0.092378449897912218,-0.18131248641624911,0.97907711865001557,2.9874794480364963,19.698191225775702,-1.6305166592592686,,0.3491564881280156,0.4375,0,4
0.77582629065231279,-0.62425442020383204,-0.091651435278729168,0.63094453356566116,0.76722648100317825,0.11520643389624718,-0.0016007174278629276,-0.14720715235156742,0.98910438882873164,6.3058886053637409,6.0818822840951876,-1.3160687680144811,,0.3875866972751982,0.1463414634146341,0,3
-0.97483583515378192,-0.21202200512502425,-0.068860466472373344,0.21493868939190749,-0.97588572706136922,-0.038057949503252413,-0.059130823624550584,-0.051901031402730842,0.99690010965834253,-2.1077987822789344,-11.8366153418935,-0.35899114980077407,0.2369979816610578,0.3201948111477289,0.3414634146341464,1,7
0.90916597527576659,0.41263547311031146,0.056117695354451776,-0.41559783843249393,0.89052924964814772,0.18502997652095937,0.026375482765332574,-0.1915453519460534,0.98112930445316904,-6.1643198971499853,-3.5162927658609311,-0.93992164991716398,,0.4559274934690351,0.1694352159468439,0,4
0.027608357560867051,-0.9405493999978628,-0.3385330187093325,0.99889617576168388,0.013083149318456097,0.045113869847266092,-0.038002745183425869,-0.33940485760750827,0.93987240303721664,-9.3577324032602682,-26.70872989586017,0.67865835572496469,,0.2495719466822016,0.2222222222222222,0,1
0.79772950041857471,-0.57539524202719161,-0.18041053077467339,0.60277338923836032,0.76936152687412085,0.21153506137758848,0.017084653582379011,-0.2774944259230977,0.96057532666292189,13.027086143031141,-4.2613506800490084,-0.35888639000904216,,0.6737073994108902,0.2972972972972973,0,1
-0.8248606447991006,-0.55463424786349869,-0.10947953123074047,0.5606310755065167,-0.82744335640489053,-0.032098117044698768,-0.072785395774276937,-0.087854100862166537,0.99347065539133128,-22.501662261244224,-3.4987014132001981,-0.67417713064848461,,0.1420990062382011,0.5,0,3
0.10472908944133359,-0.95205917662963635,-0.28742849896989631,0.99385174778100538,0.089754167689338638,0.064829721694869669,-0.035923825762707098,-0.29245087378514117,0.95560554893997851,-0.97056463235429968,-18.333721290148254,0.18984648013691785,,0.150380353275768,0.4117647058823529,0,5
-0.98873213505816793,-0.13863145984989933,-0.056480823676749108,0.14136775565572135,-0.98880641496810007,-0.047718249955325462,-0.049233350121462481,-0.055165134440336799,0.9972626961728781,3.7091695832775384,20.797222300679366,-1.6775211351864572,0.3921809919135239,0.2651381411763774,0.6666666666666666,1,6
-0.76168888632216036,0.64793238549339405,0.0036965229808328987,-0.64784779678450788,-0.76146690069951828,-0.021480021893145039,-0.011102821928096434,-0.01875587822286116,0.99976244397222835,-20.945340268269558,4.1380426565925887,-0.98911106894612455,0.1299243675146295,0.1374364067152588,0.5,1,4
-0.95202484605092308,0.30325301266632221,-0.041064617501148107,-0.30392194589878857,-0.95263325234042839,0.011015322800140179,-0.035779090301599863,0.022967299451543046,0.99909577111160508,1.7195943983883371,2.0982435734073284,-1.3131529404840885,0.5484339624726954,0.4843759900793568,0.9466950959488273,1,5
-0.40111582983825039,0.90035724889869739,0.16870955932827669,-0.91523085676812621,-0.40158998469496893,-0.032832347040331653,0.038191227692417298,-0.16757776865761173,0.98511883627260033,-0.25425951723890744,0.86888749127576015,-1.1932211733908789,,0.2601361401270751,0.1290322580645161,0,5
