axis_00,axis_01,axis_02,axis_10,axis_11,axis_12,axis_20,axis_21,axis_22,location_x,location_y,location_z,dbh,dbh_approximation,score,reconstructed,number_clusters
0.77634455661044033,-0.58745962204453506,-0.22843012473977953,0.61340171004930244,0.78753500137394983,0.059388245634338768,0.14500852226655717,-0.18622517036701886,0.97174724820389613,-20.756980708936744,-12.204175452173027,-3.3611622057399204,,0.1647496138958664,0.2,0,3
-0.95230602698864253,0.28000929174933253,-0.12127665684352437,-0.2732313560458175,-0.95942315965240177,-0.069655055781784436,-0.13585969613711207,-0.033196344025164012,0.99017177585956884,-8.5243291936804972,-18.599372597408099,-2.2918634201742116,0.5585098753318843,0.1760695312364644,0.3214285714285715,1,3
0.90652489631722732,-0.38775103956308044,-0.16691837428752679,0.39780069147397029,0.9169709562830618,0.030312954263126173,0.14130542176389213,-0.093879692431738465,0.98550463272835565,11.749206043373936,-6.2187311933401608,0.19980773954846345,0.2763695714585229,0.2555102090616803,0.6086956521739131,1,6
-0.91162763307210204,-0.37303594649781369,-0.17256662840723055,0.39644412615539026,-0.90885870830361037,-0.12964529755291412,-0.10847632670886259,-0.1866012619495778,0.9764286228816621,6.8868021653961842,-14.601626813280692,-0.43722565043538464,0.5054157327373708,0.5905845233569134,0.6518518518518519,1,5
0.87964889400123869,-0.44756367790160534,-0.1609489903838654,0.4578879745940107,0.88843389462478439,0.031997149936078849,0.12867177625490395,-0.10184286477228262,0.98644391877611692,-8.4477359406671777,-15.97757783586597,-2.2292710251698273,,0.2177256495145847,0.391304347826087,0,4
0.4298264973393271,-0.86610555029085401,-0.25516731362065898,0.89630470035785459,0.44341322891754292,0.0047531607732565475,0.10902782351960934,-0.23075069702234277,0.96688523079126687,0.6490114375850623,-15.567153471380342,-1.2033712393254703,0.1772595129108829,0.1244314538713636,0.1428571428571428,1,5
0.19331677407199852,0.96840457585072537,0.15754746057544758,-0.98095996588049328,0.19381893887718152,0.012319264274466531,-0.018605649737020096,-0.15692927197912984,0.98743457170283599,10.855763393616726,1.0723692492041572,0.26192843344418543,,0.3621392189998228,0.16,0,2
0.31237838043488114,-0.92092308495870923,-0.23306741305256545,0.94647003816325459,0.32272345235523542,-0.0066362760013206146,0.081327819939601198,-0.21851829417706117,0.97243793674137347,11.523833552297472,-22.910343018026364,0.26646796065786943,0.299607209663661,0.2243135832769409,0.2608695652173913,1,5
0.96921460170539275,0.21477977247227603,-0.12038565187685325,-0.21328686160179466,0.97666182846453864,0.025305878533686179,0.12301126171661901,0.0011498508868684934,0.99240460868227742,6.7997505841182226,17.733162154989031,0.4831787259978631,0.2455744105579875,0.1904566022589696,0.5454545454545454,1,6
0.8305724289654941,-0.53599144295478385,-0.1512038799819842,0.54266080517183013,0.83994500721716159,0.0034110674607460718,0.12517464109242923,-0.084885557842365428,0.98849671284085217,1.9385008675986366,5.8225540784611063,-0.6833859127978722,0.3011800839064993,0.2389248074184243,0.6643356643356644,1,5
0.77542241084850694,-0.61494236341289044,-0.14340841828169892,0.61808918768286913,0.78564965661753394,-0.026839767627210256,0.12917368471720986,-0.067827035442515282,0.98929957669032664,-5.7882929976067965,3.7446025958559463,-1.404125024382515,0.3303273573849103,0.2759035095310327,0.9185878962536023,1,4
-0.41658593075081857,0.90247594753806881,0.10951404665949527,-0.90387328426869507,-0.39828159779388489,-0.15615650753033719,-0.097310062613258863,-0.164039425059996,0.9816424087926261,-13.426934511559466,14.635945722267023,-1.6302965058792269,,0.09765961996957573,0.2857142857142857,0,2
-0.67473803693764411,-0.67126456568319481,-0.30681014384743832,0.73463115762080455,-0.65083491104579583,-0.1916532828227242,-0.071032695023140996,-0.35470805096890934,0.93227493520719873,15.222043620690965,-12.384886118875524,0.8019665426501511,1.129167341556812,0.5359103021814419,0.28,1,6
-0.033018172055577777,-0.92922839518886702,-0.36802770261059109,0.99899134720816407,-0.019471994931762295,-0.040461458409127793,0.030431702504533382,-0.36899245383625223,0.9289340560527295,-2.7743576714856477,-7.1213926191298054,-1.5430025474407727,,0.3756413158120484,0.2580645161290323,0,5
0.8379045374171592,-0.51924348809380638,-0.16823253623456161,0.52858175371441429,0.84878389457240599,0.012931742136800439,0.13607834440472275,-0.099760214447822099,0.98566251009024053,-1.0000222309626132,1.7274777962043328,-1.1368255813251178,0.466698116474109,0.3805229894036349,0.9031446540880503,1,5
0.96174952487644982,-0.19346991099907243,-0.19392587485411591,0.21196456073910694,0.9740417794401891,0.079458397263396541,0.17351909517572017,-0.11752448869491554,0.97779298328756614,23.957242130588629,8.1126093719407049,2.5733157912885645,0.6590811451236325,0.7137582900071952,0.3939393939393939,1,4
-0.23924405943011748,-0.95643068269361264,-0.16733986144857504,0.97091852224055208,-0.23407156923505554,-0.050276472092433015,0.0089164565619473321,-0.17450171826680788,0.98461649748737734,-2.1607912642798444,12.163977950669144,-0.67417517457168441,,0.07712206469245889,0.3571428571428572,0,5
0.96300166843920409,0.23523096813524277,-0.13150733140576304,-0.23775032763198889,0.97131973979012853,-0.003569986683252209,0.12689589549780861,0.034703814260006322,0.99130876974917159,-15.433998463788736,-7.1132914420373181,-2.6653238812753783,0.1632091112299881,0.1731559104534647,0.6323529411764706,1,5
-0.027498322432167707,-0.98122558708584584,-0.19089313636549127,0.99874939878855873,-0.018991930260654859,-0.046248729760578165,0.041755007878206837,-0.19192616766093132,0.98052071139985564,4.6318561057850642,-20.779094058280702,-0.73328415260049806,,0.09974226455952986,0.1428571428571428,1,4
0.9358209977446651,0.34287292172199019,-0.081714256589690712,-0.33864587310870603,0.93891023787795191,0.061372125874943666,0.097765192203678186,-0.029761128301756368,0.99476441554550221,-3.6773527985432155,-3.7521325018604932,-1.6105541263740311,,0.3968753531529303,0.2094017094017094,0,4
-0.65525934581119083,-0.73576177564014755,-0.1711426283365628,0.75353664066869952,-0.65256364664534083,-0.07964432338004751,-0.053082208854013761,-0.1811499284675302,0.98202188494930553,-3.8853264871316169,-14.448158770918797,-1.7290832529671627,0.2071078967607899,0.1459536467138285,0.2777777777777778,1,5
0.99122988454361682,-0.011864333694557951,-0.13161517227748978,0.021325991109229381,0.99726863785920405,0.070713973482315493,0.13041670940051434,-0.072900627764325376,0.98877549543903565,22.486749734709129,-1.2340639464193708,2.2007197775745699,0.5520426115713126,0.5324641011928742,0.3255813953488372,1,3
-0.67320298467098694,-0.71458859266261188,-0.19016015530741948,0.73603579042672462,-0.6722629613105775,-0.079459587595451006,-0.071056714256860262,-0.1934571117493486,0.97853221166838367,1.4807751940281051,-11.988714484395931,-1.0694412663146979,0.2838660418978096,0.3167698516993257,0.2105263157894737,1,4
0.22250971821719501,0.97328871193010191,0.056555358086980916,-0.97467297401854169,0.22340952002755526,-0.010038928175246322,-0.022405780878043253,-0.052889219983844618,0.99834899278395883,-19.793623656597429,4.6690338027838507,-2.6694817161489675,,0.3892662877745694,0.5428571428571428,0,4
0.43915410999196414,-0.86294026607675345,-0.24995552576518007,0.89222168703741644,0.4515123130779064,0.0087802231830966387,0.10528118947500596,-0.226871611980037,0.96821750801165918,-12.610288140129356,-33.408974613939421,-3.0644128552409509,,0.2796802960441165,0.375,0,2
-0.79890310801765885,0.59735496729922033,-0.070148891956127737,-0.58074882491712987,-0.79647153312533614,-0.1684158522181029,-0.15647564141775583,-0.093809061203725314,0.98321677857885337,-10.733915395866674,10.752140593555826,-1.5356103524830047,,0.166631412101004,0.2666666666666667,0,3
-0.76263560068222769,0.64572114980087203,0.037830374990188154,-0.63343684147295531,-0.7337287010254705,-0.24576403552237308,-0.13093780369635186,-0.21139155610221555,0.96859119424649931,1.1908003796445099,17.282551518498661,-0.057200037459006231,,0.4109809567295313,0.2758620689655172,0,1
0.42435902692774163,0.90459277907161972,-0.040389606539602683,-0.90528168703991529,0.42480316381948585,0.0027090808625539853,0.01960824762963485,0.03541434822834786,0.99918033435634446,1.0738469762799407,-2.0180497545847667,-1.0697918493722323,,0.083771513923246,0.1523809523809524,0,4
-0.98143310971770703,0.014780772565988214,-0.19123435860792176,0.048607662016944178,-0.94531250950288781,-0.32252372714359906,-0.18554338129687412,-0.32583091955752863,0.92704253705923201,-6.5876022413120063,10.980586778535981,-1.1191773733956016,,0.3190893417719134,0.2619047619047619,0,3
-0.95181576112382071,0.28250827740883622,-0.11931399780316272,-0.27326871691934429,-0.95789475379511935,-0.088101356431341038,-0.13917961499277207,-0.051251476537550161,0.98893999864662363,-11.095393967061581,-11.962953129400171,-2.3840854209785989,0.4561982630859194,0.3768451535518903,0.8604651162790697,1,5
-0.15817013849189615,-0.96557803144710019,-0.2064976331007097,0.9873583470595021,-0.15248675841303158,-0.043258328684910398,0.010281137163776655,-0.21072933752903666,0.97749038078294725,-5.493085684711442,-15.461792948105552,-1.9051176640351233,,0.08584794007070889,0.2352941176470588,0,2
-0.84260238492018658,0.53041877600528953,-0.093151183502214102,-0.50668295643126027,-0.83942048424212878,-0.19658492387969762,-0.18246534626851829,-0.11844480864841403,0.97605185554628671,-2.7021962099798293,14.409985076331772,-0.56161789578200039,,0.1705298249223254,0.3783783783783784,0,5
-0.14890990008513813,0.98739523693963704,-0.0536328977918532,-0.98641601555512337,-0.15212833963370462,-0.061971062090675308,-0.069349015227242142,0.04367624467842262,0.99663589125507712,9.5857681493071656,7.9822029349148647,0.28053081970773142,0.1783011054459187,0.1298322459419597,0.36,1,5
-0.67407230521876083,0.73812271426974274,0.02830876217946832,-0.72907131814664583,-0.65867170684834297,-0.1860284807587346,-0.1186656664455996,-0.14603575341866901,0.98213645606425959,12.255846005404146,-19.184230565756366,0.30400327232648416,0.9668016878948107,0.3747689331478442,0.2173913043478261,1,2
-0.75379482760160543,0.65697117020894302,-0.013499607229744803,-0.64035317648957835,-0.73902744747331028,-0.2092516218355073,-0.14744886313828298,-0.14908827383592393,0.9777686430663709,7.1995135181692209,3.4451613288164036,-0.25484909319561633,,0.1461100229903773,0.2,0,5
0.25684070941129861,-0.87864191447873985,-0.40251861585550891,0.96349131481342187,0.26537367366316744,0.035514780100937844,0.075613069427210203,-0.3969448317432141,0.91472261603403393,-19.517876126937832,14.508234685946899,-2.2084059062692094,,0.3408030751005019,0.1578947368421053,0,1
-0.54931039208952048,-0.78739913341782852,-0.27975113553891046,0.83436877282182009,-0.53514054352757534,-0.13211112599936872,-0.045681988597992447,-0.30598562607721264,0.95093951045892977,-19.465607024040199,8.1357328596010401,-2.528797349090135,,0.2888504434219034,0.1111111111111111,0,3
0.62965588976515219,-0.75846622950359688,-0.16811436341565705,0.76780004664973844,0.64053395773510724,-0.014118688071453299,0.11839150665784151,-0.120188300973085,0.98566638547760643,-16.79421455406964,-3.513127560496065,-2.6620918417501409,,0.09205695295006053,0.375,0,1
0.95289495635248589,0.29284513952012309,-0.07894888483970422,-0.27959655186114335,0.94902223349963533,0.14554232549578786,0.11754560963877875,-0.11661271192628432,0.98619699100729585,-10.90128424777479,-17.114622377622467,-2.5073537691832075,0.8957870762380727,0.574440398678815,0.625,1,5
0.41216838758043151,-0.88697747788666426,-0.20829828132070471,0.90571165206967275,0.42372093887040452,-0.012123088220718338,0.099013249540510911,-0.18366142677382008,0.97799021300360345,4.3608014610890535,-22.107996005220794,-0.81336780917454976,0.2976226982302738,0.2805812537836111,0.2727272727272727,1,5
0.52099619541955133,0.84122262557417615,0.14459411668682529,-0.85282287182123384,0.50598955432297033,0.12910352518279963,0.035441693765066118,-0.19057561527680381,0.98103252810746899,3.5198687845233985,12.697312898862304,-0.057600369144879759,,0.4212756651705754,0.28,0,1
-0.52326617821652444,-0.7777120027511536,-0.34836266664420573,0.85141650045610917,-0.49430363535104543,-0.17536778161855457,-0.035811303882222263,-0.38836575139361901,0.92080920589377513,-24.504255170966598,-21.683751149298949,-4.0947238395371857,,0.3460020382693537,0.2380952380952381,0,1
0.78975772793673438,-0.57485314512367713,-0.21407146635089686,0.59748217279680826,0.7999086180408731,0.056225047567298896,0.13891646538193908,-0.17230805066901747,0.97519851892854681,7.0080932794400939,-10.438691039109827,-0.41208485480485024,,0.08143736349467003,0.2307692307692308,0,3
-0.61421800719619524,0.78682860277429834,-0.060307458014571991,-0.78092698560990115,-0.61704537003665694,-0.096995125973203852,-0.11353097719198479,-0.012480431585889851,0.99345606648973783,-19.354408465845552,1.9009764213348275,-2.7469285288806757,,0.1346249768087037,0.425531914893617,0,5
-0.95757096717727896,0.25686659149693125,-0.1306805149665369,-0.24817552862507986,-0.96547099739074693,-0.07921275269158673,-0.14651535691125603,-0.04342012632483936,0.98825499888394308,-13.813405521316605,-3.8474701574552843,-2.4044622997234351,0.2881574107157439,0.224414026946808,0.7135678391959799,1,5
-0.59269775512845435,0.80157030799536644,-0.078704589484370979,-0.7980250917837054,-0.59765749785004774,-0.07721054427491221,-0.10892806777547562,0.017045720983077384,0.99390347592050798,11.157332009200029,-4.7048868661607806,0.16939216375942184,,0.5047367211340892,0.7333333333333333,0,2
0.98948567015321143,0.069428601229224396,-0.12687701877330973,-0.050570551752356731,0.98795673212468804,0.14623308361984763,0.13550176329816399,-0.13827929990009516,0.98108007184033019,31.270048271329557,6.415467152792047,3.8021311966990043,,0.2857594356768431,0.1428571428571428,0,6
0.29335583595227926,-0.92837683900886314,-0.22816397240723921,0.95187829301932403,0.30579639001614972,-0.020403017710846828,0.088713408182515954,-0.21119898826699632,0.97340891641880911,-1.124936604825749,22.656203422160566,-0.1084646797876388,,0.156925804414745,0.55,0,5
-0.34865707700739623,-0.89086218477454027,-0.29120922099306923,0.93713067010522488,-0.3363237841886933,-0.093125825296360362,-0.014978311012582747,-0.30537007045178605,0.95211594371246633,18.48491355352154,25.404024406962012,2.1480329155807745,,0.4119901146979999,0.2666666666666667,0,4
0.86467375264318647,-0.44962821411129789,-0.22399502352738873,0.47759294027611937,0.87404822559224937,0.089132949785432805,0.15570576382511203,-0.18404936406879094,0.97050582002248342,19.029810845072475,-20.828129063598865,1.5200943415877859,,0.2355147905384386,0.7692307692307693,0,4
-0.60931709775785392,-0.76160422234221881,-0.22066191989205616,0.79127246332345791,-0.60199303811509441,-0.10720200952866245,-0.051191436451528412,-0.23992371823448541,0.96944109994499739,-9.6149244332216632,-9.2495741925854364,-2.2239604961634791,,0.08090308349464778,0.3934426229508197,0,5
-0.69140295294217835,-0.70313879995628648,-0.16600537539149177,0.72000103963269058,-0.68958204265433487,-0.077942987988147569,-0.059669586815071188,-0.17341405492263101,0.98303972756171465,-1.1024631804609184,-14.642072180726732,-1.4181819807724896,,0.09702297995173123,0.4545454545454545,0,5
-0.63543673580430338,-0.71360573513993686,-0.29493560240459671,0.77169772601320274,-0.6000234055137097,-0.21084243524912821,-0.026509893557394783,-0.36157816251969743,0.9319648372832825,-1.3634365869237541,-12.074126482269477,-1.4300088300853586,0.5428541060008766,0.2704728188128011,0.1935483870967742,1,5
0.988284085614763,-0.060325784508085824,-0.14019759571431986,0.065326787067697803,0.99737156176538688,0.031342920621495102,0.13793830871807708,-0.040134368129542922,0.98962733161672489,-20.894170513835807,-5.8763668273016414,-3.1796422559449153,,0.1076438294406238,0.25,0,1
0.70809370997099619,-0.69065663887204465,-0.14695817459903651,0.69477606211175325,0.71861655437388183,-0.029605257916376256,0.12605364499289931,-0.08113972493039498,0.98869956186003438,-22.629388096472734,0.44679988460089226,-3.118621471099607,,0.1906462865717408,0.1363636363636364,0,1
-0.9957291377364641,0.036033458344913442,-0.085000436130080348,-0.015789178145923941,-0.97358841604519908,-0.22776368893236076,-0.090962553372664068,-0.22544885455975677,0.9699992927119172,-13.724947170685814,5.7713908155185232,-2.0463505439098708,,0.3589311403779831,0.2058823529411765,0,3
0.25082310391431967,0.96170808948086495,0.11047769535001499,-0.96801206975403153,0.24992830743840369,0.022101446818940829,-0.0063563632135183413,-0.11248729602954752,0.99363283202532049,-24.600018491215124,15.280015668671314,-2.7459045755321689,,0.1900673203309715,0.3571428571428572,0,1
0.45273481522816206,0.89160183943359372,0.0087947142622185944,-0.89130891318069427,0.45227116629732766,0.031925122093805797,0.024486901906353917,-0.022292421463068542,0.99945156940211044,-17.76242886960328,-5.9550871317667173,-2.8703092343406467,,0.3397710473448288,0.4333333333333333,0,1
0.98867727843479214,0.0508770833478807,-0.14116926541136762,-0.049274389060629468,0.99867520967659673,0.014827682223028929,0.14173663495890562,-0.0077037631984772084,0.9898744255425066,10.260809968787015,-10.822524980449302,0.050444855598372813,0.6527513810619119,0.5596709933837841,0.7988826815642458,1,5
-0.50360724100364895,-0.8204276578782298,-0.2706994735811924,0.86232853197989001,-0.49644478193563701,-0.099659828528276054,-0.052623661428107253,-0.28362129094502064,0.95749136475509777,-1.2071417409632745,10.550693607597005,-0.66313406796482643,,0.09960585147874909,0.24,0,5
-0.52783943073611472,-0.81656029155290166,-0.23369815065424382,0.84900106159607247,-0.49944003369546291,-0.17250173955939072,0.024139858510675887,-0.28946319800851034,0.95688469745825144,-13.401176580564181,-18.325706855273978,-2.783481726889526,,0.2631465136389438,0.2380952380952381,0,2
-0.59183340937708562,0.80595916452588134,0.01276873767598276,-0.79652503442731681,-0.58232959903987003,-0.16260414389745811,-0.12361668607294123,-0.1064051840786305,0.98660876325194702,20.422011489301017,21.2079977228729,2.2020917474713833,,0.3981807618886815,0.6451612903225806,0,3
-0.96856673790092329,-0.20042843018056053,-0.14733268003847647,0.21597508417543212,-0.97143830016722177,-0.09829746682205967,-0.12342300128978755,-0.12702784475686857,0.98419037254438024,-7.4335333756156663,5.9558996459726004,-1.4051835332220264,,0.4002829879820474,0.344927536231884,0,1
-0.26442974515481349,0.96157617480122926,0.073811719475946128,-0.96136112437457844,-0.25674598079158872,-0.099329199577018717,-0.076561729464572167,-0.097225312557999197,0.99231322684895862,-15.822343468654219,16.576083619899695,-1.744698461931345,,0.7004953173686908,0.2608695652173913,0,1
-0.98318329037919328,0.13248354352963554,-0.12569299190079991,-0.12302022785039227,-0.98914919540267787,-0.080311224457563515,-0.13496903740777341,-0.06349787341373532,0.9888131163233792,2.8363903657816349,21.314604483660137,0.26730400495551165,0.3921597888171351,0.2670006258060199,0.16,1,5
-0.078845038102498682,0.99688652856244497,0.0008421029236167721,-0.9956805380118493,-0.07870805383769662,-0.049247421105244292,-0.049027810384010918,-0.0047213802855409666,0.99878625459962633,15.81751474099376,-4.4415983404169541,0.97008350885152861,,0.4989098779824061,0.1666666666666667,0,4
0.22897651391384269,0.96901648411580621,-0.092611066227025099,-0.97341036209972631,0.2272992565960972,-0.028413287520840224,-0.006482517469641365,0.096654547035843877,0.99529687807435263,12.257623465195303,-5.5245359580819295,0.34437772709240494,,0.1178166538562384,0.5,0,5
-0.34814380588234817,0.93489758603618034,0.069010101068439508,-0.93472433163136526,-0.34059247486188982,-0.1014257853001397,-0.07131840072555555,-0.099816179506006686,0.99244668170475192,1.4952101903430786,1.3503859378514105,-0.94140969669815722,,0.25669766948027,0.2073170731707317,0,5
-0.85092035473343397,0.5115282660311874,-0.11947126412427754,-0.50734138841592835,-0.85925258756138623,-0.065495850015552276,-0.13615897142870947,0.0048809650878155215,0.99067497731561127,3.2831134634674974,2.8209166851610377,-0.76499199719863742,0.5535258331375105,0.4852454787612537,0.9603448275862069,1,5
-0.30536259424641865,0.94406651341702574,0.12446728196485238,-0.94870640405712536,-0.29037652013748438,-0.12505053160160248,-0.081913643162145514,-0.15626866223739863,0.98431207463204418,16.356664231628304,-9.2736660215961795,1.0970674770589655,,0.7140362934437494,0.1944444444444444,0,2
0.69753182690927729,-0.66867728243502278,-0.25752677997427803,0.7013982478428914,0.71068485846273477,0.054475039006192424,0.14659416213318091,-0.21862690572552376,0.96473438195254291,-4.4890247717552709,-11.632083767509537,-1.7564939846119056,0.6648811902336419,0.3292223985000539,0.4912280701754386,1,5
-0.29555007570963404,0.9526994423827031,0.070809075913448219,-0.95044401261609812,-0.28574584534789343,-0.1224969009756095,-0.096469329997880951,-0.10350403059835254,0.98993968706161872,-7.2298063342285559,-5.7314216495854344,-1.948696866737047,0.298837516420406,0.1788512792734944,0.3333333333333333,1,4
-0.74633299341033588,0.65613552049313739,-0.11168366798402368,-0.64861212749586661,-0.7546415632129917,-0.099087936383478792,-0.1492962525063892,-0.0015132146742750543,0.98879135269726992,0.2413193435414541,-2.3969344880014969,-1.1626974128168812,,0.1284563932645765,0.391304347826087,0,6
0.0053013641829454212,-0.93156520060137427,-0.36353565515134723,0.99919456383074157,0.019395077604462987,-0.035129112937981287,0.039775861384668598,-0.36305661816476542,0.93091770466452595,3.3322074695966113,-17.840365614617429,-0.87615261070803374,0.1045375647278545,0.1548552274663539,0.5,1,5
0.89400605558145152,-0.42732961542681464,-0.13469436648526353,0.44013945809151833,0.89384690219830176,0.085527614613091496,0.083847659565430263,-0.13574651085634468,0.98718916868841777,-17.279961369810227,9.0081759406044046,-2.2320952180137854,,0.3041909595422437,0.3170731707317073,0,3
-0.30941353151491957,0.94899087198910204,-0.060659635647018019,-0.94650060748919884,-0.31349394718555268,-0.076538520371109586,-0.09165078580155607,0.033732328105024356,0.99521970614662358,-16.458935347242516,-1.7195297690669451,-2.5888691446854004,,0.4461347989798198,0.1612903225806452,0,2
-0.97898129693051927,-0.13206680299139179,-0.1554155069736359,0.1521854397576827,-0.98034226162429494,-0.12557325351811227,-0.1357763314646559,-0.14658584386289236,0.9798353832113863,-19.879579829108639,-5.8643895859215496,-3.0899158458854128,,0.1262190039381144,0.3333333333333333,0,4
-0.18277424398601733,0.98045380210830391,-0.072828000567845885,-0.9808222673610596,-0.18693935683135868,-0.055148496953115293,-0.067684973103707025,0.061351599806756314,0.99581862084272221,-16.097050473162518,2.6942260094914885,-2.3868351751839998,,0.07149568841105301,0.2857142857142857,0,3
-0.89211208926771912,0.44129895349263576,-0.096908481716975359,-0.42901076766188595,-0.89465218081903342,-0.12468855836004676,-0.14172431482474748,-0.069661388172013852,0.98745202900465201,1.1653823208419938,-11.125078224322529,-1.1239423466521039,,0.1429111689403121,0.2307692307692308,0,4
-0.85277899421775771,0.51773709980182614,-0.068675195738657241,-0.5086449723973715,-0.85315842774838524,-0.11576264171476035,-0.11852543640850334,-0.063788656128630619,0.99089995876146697,-3.8468613618179588,5.6176862925006619,-1.1105422506941902,,0.07284028454684571,0.2941176470588235,0,5
-0.80343245967190868,-0.57199428887926762,-0.16528404712811895,0.58950880544863893,-0.80316365498860232,-0.086066901907010301,-0.083520363050386223,-0.16658534387770385,0.98248342080723272,17.421720258536002,-11.062285048023805,1.2268867700927253,0.143125136560546,0.1166891650435009,0.3684210526315789,1,5
-0.98673302947983688,-0.085138699773746163,-0.13823650145449287,0.095299835922232123,-0.99308062292152166,-0.0686208251990367,-0.13143770314007219,-0.080884350641128436,0.9880191556921476,10.653516427018578,-18.127731191096441,0.023094459719361284,0.3202935534844274,0.3191067992733702,0.6458333333333334,1,5
-0.45334056595336947,-0.86632775908019977,-0.20966293212715831,0.89132737918601068,-0.44173001143937946,-0.10202989810424365,-0.0042230764231129796,-0.23313260355609694,0.9724357844015612,7.4880882418046975,9.7608356996077195,0.066852642562936215,0.3194443701446472,0.3341184059921161,0.65625,1,6
0.080686639070929878,0.99358413547069258,-0.07924791490250313,-0.99628013951486227,0.077980538736887164,-0.036673139851286368,-0.030258054856263969,0.081912156114106183,0.99618012869011507,9.1828828404060499,-1.8245039997242625,-0.087699246640431119,0.2323114202956408,0.234880767750233,0.5543478260869565,1,5
0.62861894274264851,-0.7288791706242661,-0.27124413257284752,0.77358406281441128,0.62191162933924249,0.12162903868795902,0.080037007594382814,-0.28628845579710371,0.95479474102691098,-13.046353409592857,0.47207660376084332,-2.2064534590960725,,0.2493471411155781,0.1319444444444444,0,2
0.9868751168456078,0.096780629759897568,-0.12927108514376187,-0.096644673047038054,0.99529188813690883,0.0073392493143475783,0.12937275958484928,0.0052504392334988669,0.9915821307210293,7.7911135581277371,16.334699164552156,0.54115630046005436,0.2898843929685562,0.2782829429900402,0.7826086956521739,1,5
-0.57462555956938965,0.81799477992769476,-0.026267971002902422,-0.80964166891257261,-0.57285913438294966,-0.12772149433232857,-0.11952336277912844,-0.052124391268015942,0.99146215943166949,0.8787355706302189,-5.7901010791388838,-1.1478166936146634,,0.291101236538263,0.3209876543209876,0,5
0.0079301649610157079,0.99840521677897587,-0.055893967404506341,-0.99913215570418268,0.005625458186098076,-0.041270929939945654,-0.0408906825768722,0.05617274542624201,0.99758336731807784,-20.187889890671094,-4.2800863311644664,-3.0404084962028715,,0.08949772189200871,0.5333333333333333,0,1
-0.2312911536836566,0.97284251276322653,-0.0090469656910350266,-0.97023848659672018,-0.2313374874977969,-0.071555894269535014,-0.071705518296637016,-0.0077725310381042117,0.99739556165398735,-15.257393075664478,-5.6379973576664479,-2.6191046118872854,,0.07598477248197939,0.3636363636363636,0,5
-0.9341242995118757,0.33981322325206903,-0.10926466201150647,-0.3242521348342487,-0.93580985587877707,-0.13827677569127855,-0.14923922445818774,-0.093738396312202668,0.98434788918346172,5.1285546007692746,-19.060736126241331,-0.62789447403716192,0.2772106820777253,0.2759173343811985,0.3333333333333333,1,5
-0.25879519061095568,0.9618965336252091,-0.088204920024025218,-0.96292331477401749,-0.26411315929520157,-0.054981169064728976,-0.076182276030950305,0.070705711840791802,0.99458381403068785,-15.055879847398469,-0.87724070849816271,-2.4097082524947471,,0.09494622784224531,0.2816901408450704,0,5
0.98405921732045387,0.011814444907780145,-0.17744823385476458,0.010359042471007662,0.99228882135742602,0.12351350229093402,0.17753914229188461,-0.12338279418383148,0.97634857456425406,-12.490710334042266,3.6915118965808396,-2.0014708926734728,0.6772396192886577,0.3712297926081012,0.5956464379947229,1,4
0.41117989458995369,0.91129384484059728,0.021785835780073624,-0.90869868786772001,0.40788450660496844,0.088864638293898054,0.072095693023083107,-0.056336112993913903,0.99580542949928641,2.1554057170648897,20.415076914866066,0.1702003828786923,,0.2955316978516447,0.32,0,4
0.72432271834792061,-0.63556095209502417,-0.26724310254363198,0.67686415195976224,0.72925376139522957,0.10021911635363043,0.1311926807290392,-0.25347825875797919,0.95840349167777583,14.542247978262179,8.1216029186488914,1.0575575215762321,,0.145049246840347,0.2380952380952381,0,5
-0.94676522497015536,-0.27586174312042644,-0.16593946929459377,0.30290467944506333,-0.93791592245433653,-0.16900437147279584,-0.10901542990556441,-0.21027130353234408,0.97154599219661963,23.504435675295774,-25.882805452591921,2.2494351595800182,0.2908731828593824,0.3833157085712627,0.8260869565217391,1,5
-0.83725640422119252,0.542205043449835,-0.070819520248041598,-0.52835432004119254,-0.83554803143918954,-0.15066917286527209,-0.14086669615068445,-0.088730930433861419,0.98604431741171406,-23.668821596388018,18.438090549383656,-2.4709291491290166,,0.2554185953684518,0.78125,0,3
0.98810456050240658,0.072943814659139017,-0.13538307655434698,-0.077551030624654502,0.99656454499088942,-0.029067943101576777,0.13279764743172562,0.039221264259018562,0.99036683974501305,-4.5061946879637622,7.8798796235307664,-1.0805937342645735,,0.07572546333677903,0.4393939393939394,0,5
-0.13051893802974374,-0.94439263648487359,-0.30180681729996955,0.99044310059510798,-0.11051152283122617,-0.082520711370367594,0.044578821195003442,-0.30969299552084262,0.94979101765924856,6.2075943553513078,-10.915976985485512,-0.52953208602423474,0.269525467100184,0.1680815882326985,0.3235294117647059,1,6
0.36147577846686274,-0.91755587138801042,-0.16560943349690224,0.9282101078012861,0.37091929900966952,-0.029066637192843626,0.088097998599858243,-0.14321346481237252,0.98576297665267121,-5.2303268018878892,2.3213990122934822,-1.4858409517056994,,0.08499555500398101,0.5292887029288703,0,4
-0.99050811393419114,0.015106528897951216,-0.13662162718686574,0.001145199937541442,-0.99300094806044059,-0.11810082839747367,-0.1374494988991761,-0.11713628786896842,0.98355819620226015,-0.30433510745824471,18.445901987938633,-0.16338582819543584,0.2142677812383336,0.1522414532954109,0.4615384615384616,1,5
0.97853892051150704,-0.13553145146442641,-0.15521857720041124,0.15816655404866498,0.9768275222434023,0.1441920003612733,0.13207922707430153,-0.16564787186004087,0.97730029178533151,0.44999777129614255,-27.407476357481933,-1.3100191249295172,,0.3665142853418775,0.1428571428571428,0,5
-0.70049739943424816,-0.64637002260829068,-0.30250485493494539,0.70898498215566508,-0.67871411899926293,-0.19153965581253588,-0.081508824452238199,-0.34864442996326683,0.933704114263187,-4.4234209417754613,-17.816246958731156,-1.8172801238906315,,0.2650081606088386,0.36,0,2
0.68977164120271661,0.72242626917505015,-0.048118277175395012,-0.72132937272028064,0.69141397922567915,0.040381250380316633,0.062442125552199794,0.0068552853426594408,0.99802504278168946,-19.576033850650759,-8.0438976567969469,-3.1154252024431259,,0.09428603817670142,0.2272727272727273,0,2
-0.84921439239032115,-0.47431442394722995,-0.23207917397462377,0.51882766219334198,-0.83125327017689221,-0.19958922256277406,-0.098248525180420293,-0.28990313564331893,0.95199968447686079,-20.48315001315585,2.3159158395181842,-2.85209337418366,,0.1684715744543304,0.2,0,3
0.98937419233704582,-0.035182219500655455,-0.1410706169562784,0.047868770189926448,0.99500757774661963,0.087569978116405475,0.13728542667712887,-0.0933923533155228,0.98611894818235102,-25.98275008270468,24.503716776958939,-2.5640271828147494,,0.2604912879604336,0.5517241379310345,0,2
0.98185460937174285,-0.10553981486332727,-0.15755276428573423,0.10855558640949912,0.99403348298930261,0.010635758338971197,0.15549022707151489,-0.027546001066758304,0.98745329363493362,-17.916884640684799,-11.91077133987906,-3.0584041223774867,,0.1117092019889332,0.24,0,2
0.44908427926338179,-0.83403919110241631,-0.32047143058892996,0.8880166822033797,0.45627329161131902,0.056930268668552192,0.098740479272636891,-0.31015046520583972,0.94554587762075859,4.5955601418036309,15.286403804952355,0.17012566523018377,,0.1797074623692921,0.3888888888888889,0,1
-0.95721471564582983,-0.21021547024614853,-0.1988704206770435,0.25025269968580366,-0.94641847575590443,-0.20412166726694589,-0.14530510813815403,-0.24515612335216391,0.95853268109746703,-18.058316650498494,-4.5940492830791326,-2.8276473086334937,,0.1754340926443646,0.4090909090909091,0,5
0.70008476683384246,0.71396814997422975,-0.011436785806407588,-0.70970125119658567,0.69748925914479465,0.099160815989219372,0.078774699600866818,-0.061304275544391384,0.99500569470871469,-9.0743154928426222,-22.146576934992854,-2.4404396608981571,0.5380163965167828,0.4005027272529661,0.4807692307692308,1,5
-0.98991190505829307,0.094152538424409654,-0.1058759639016448,-0.083674224902061251,-0.99152299155673129,-0.099402119199896152,-0.11433741430914729,-0.089540251968771925,0.98939855415624511,-14.855203514340225,3.6950957023633908,-2.2282877698674679,,0.1419423706236241,0.5168539325842697,0,5
0.45262492478078181,0.89016949454384231,-0.052239338153842012,-0.89168404922744671,0.45220019339577266,-0.020360290915648106,0.0054985289428864503,0.05579655971818976,0.99842701791521971,8.2193049606632957,-5.6395034727315219,-0.29524288552865996,,0.336948040316894,0.5535714285714286,0,5
-0.14532170526037425,0.98598736667193965,-0.081917731557643633,-0.98773302227550852,-0.14936284124154633,-0.045543587504075944,-0.057140867045448851,0.074294376769617795,0.99559794440010141,-8.2093865247883748,-14.184807848108921,-2.163311483087424,,0.1050696458539622,0.2777777777777778,0,3
0.86281971115830058,-0.4489915452349198,-0.23226867706229079,0.48896631884456115,0.8578579216722847,0.15808771381643777,0.12827347766512959,-0.24997275557881932,0.95971846725799026,11.552231252557634,12.404919944830528,0.71745051100731916,0.6100249122788106,0.3159176882588524,0.4594594594594595,1,4
0.031713896098009113,-0.98395018239896037,-0.17560258355541597,0.99844511601813901,0.039245992609254945,-0.039586643753148278,0.045842983037854855,-0.17407409520421602,0.98366489735327234,-19.262580310503811,13.656348775324648,-2.2337183898944417,0.3278243261741037,0.295974970856421,0.7358490566037735,1,2
0.091981599957275159,-0.97790902803484725,-0.18770540257871485,0.99387050274614319,0.10177044706244918,-0.04317638099511413,0.061325435509467202,-0.18258343022477927,0.9812759458821585,-3.5217691382235827,-15.925537424294722,-1.6828381640870831,0.1093864815047615,0.09301712585480289,0.5,1,5
0.93664294782712321,0.33277439285434718,-0.10936723342087831,-0.33177252779668648,0.94295052075572305,0.027772382071171164,0.11236982728968288,0.010272237678852143,0.99361335691905606,-18.273291633214193,-9.4389707019127904,-2.9826014983495042,,0.1094927186326695,0.5555555555555556,0,3
-0.95572402843677495,-0.17300168084061909,-0.23803781190160692,0.22732705429339423,-0.94772174909095053,-0.22393279502180802,-0.18685286151106287,-0.26813038754738611,0.9450884103716527,-19.580000202974549,-9.1945221017246208,-3.1380909048521772,,0.4832337447811851,0.1363636363636364,0,3
0.91528082200292815,0.39307927375737761,-0.088032388448879714,-0.38793277621494598,0.91901257820528637,0.070171520139119078,0.1084858424487104,-0.030075997786321449,0.9936429219520202,-4.2820751523081251,-8.644662004242651,-1.691662762647151,,0.07517385755669148,0.2708333333333333,0,5
-0.76028305695700038,-0.57591765784323612,-0.30048048969688418,0.64502344056754546,-0.72407764223977833,-0.24424645161575931,-0.076905360167704467,-0.37951339817303481,0.92198435246192267,-10.549765682556583,8.283745026996284,-1.6293277135764213,,0.5410468064479297,0.5600000000000001,0,1
0.79294988215052409,-0.57141364663349892,-0.21146377665803071,0.59454578184194817,0.80155031026727019,0.063501286635706561,0.13321335402810502,-0.17607823417859012,0.97532079735701982,7.2933265054513257,13.675094541792307,0.34791934706585409,0.2451366293288295,0.2132359056397022,0.4,1,5
0.12056022723100721,-0.97353570353511543,-0.19414805060158749,0.99104201332112651,0.12935298278255164,-0.033219477384000135,0.057453976732834519,-0.18840392720865873,0.98040960866871263,-2.4813304495267157,-8.5999637733888026,-1.4934362925047668,,0.07402488650117094,0.34375,0,5
0.65597572921888103,-0.73069196846727558,-0.18916947399931272,0.7435874542743115,0.66862583888347515,-0.0041455305111747463,0.12951270409348756,-0.13794468019749243,0.98193570292744004,4.9015267306979231,-1.4855883883811869,-0.65674530673372145,0.5704328765999436,0.2672324093964101,0.8256410256410256,1,5
-0.96719612148162937,0.21402218552946678,-0.13684358476773101,-0.16675304802390872,-0.94128267252374664,-0.29356490148055653,-0.19163789699751102,-0.26111574925259379,0.94609380186460768,-20.235702325974348,-0.68998135296099505,-2.9315366849978335,,0.3571671315468851,0.4117647058823529,0,2
0.2211695449145217,0.97257504897127234,-0.071984765894123517,-0.97521151849771637,0.22004456157269284,-0.023299895099783568,-0.0068210403666121673,0.075353600052085953,0.99713354590421255,-6.3136704714403704,-4.8830817471381849,-1.8669845141045527,0.5065272701849475,0.3734935588667472,0.8566810344827587,1,5
0.72497062924299027,0.67906315094751846,-0.11528583503731288,-0.68502855778280169,0.72829557584501803,-0.017928447411527829,0.071787615624404569,0.091971687109681635,0.9931705528322724,3.404824148334626,10.020973883782402,-0.28430571301424473,,0.0716444159367417,0.2777777777777778,0,5
0.58194075339451834,-0.78135842933896316,-0.22544170962705126,0.80478127972823466,0.5931819082821832,0.021501522869112891,0.11692754738556634,-0.19394387999536059,0.97401936329558669,-10.998134064217854,-9.5552373581052557,-2.3445102440470662,0.3287938910653055,0.2593726426063964,0.5396825396825397,1,5
0.48922804944450748,0.87210174913407856,-0.0097187856239105298,-0.87153332573840947,0.48926944009166845,0.032327652555253668,0.032948107139417149,-0.0073453488457811212,0.99943007163396069,5.8595387217078869,-2.4798505708478142,-0.52495647637817866,0.3164519659002175,0.1908464746182001,0.3414634146341464,1,5
-0.089567819421848938,0.99577831614553214,0.020078615947912905,-0.99488601950675115,-0.088506256150036461,-0.048666732089965421,-0.046684193406627279,-0.024334907369309398,0.9986132376297141,-26.713385962848179,-14.739138513654073,-4.1358791167511431,,0.2018297281379028,0.3157894736842105,0,2
-0.41682631478619686,0.90885338258859849,-0.015535516052597724,-0.90435181875232273,-0.4163642450144629,-0.093747551396832843,-0.091671212608559954,-0.025026874171548811,0.99547478338131568,-12.549694944929803,-3.6373305832640734,-2.2819429716934434,,0.08154453496854931,0.3076923076923077,0,3
0.98526057386104748,0.10450247235261147,-0.13542833849379995,-0.10847151541535002,0.9938505948884867,-0.022246918512424989,0.13227067679004692,0.036609128806797266,0.99053734899271229,7.1959358895588137,-4.1314224272666271,-0.38006495871215873,,0.07655853575036747,0.4594594594594595,0,5
0.76672064710315235,0.63406556276570458,-0.10050030557333614,-0.63742336901612795,0.77051188629807021,-0.0016975586939082744,0.076360316512262896,0.065362796665995176,0.9949355792583493,4.0669268934900478,19.847199806143184,0.3182406409745891,0.4156686885797677,0.3220235157822595,0.8467741935483871,1,5
0.4473608416171706,-0.83959027755456217,-0.30815003362555254,0.88890816047937327,0.45537436957784544,0.0497641011649552,0.098542171788289834,-0.29617958972122338,0.95003531040262623,-12.653599307431136,11.543815745154053,-1.67949626798348,,0.1218333073315772,0.1666666666666667,0,1
-0.74249126292990564,0.65729648550413433,-0.12910482026890813,-0.65727030044314794,-0.75206676584207133,-0.048901246111127041,-0.12923806183987616,0.048548016022907009,0.99042446128521677,-5.3088943023886541,-7.0169538459665839,-1.7945228814917793,0.47165443261643,0.3527472049130773,0.9382470119521913,1,5
-0.05514059379713189,-0.98100363954114345,-0.18598756443033893,0.9979611774398619,-0.048151532220926489,-0.04189174462374088,0.032140367741258842,-0.18791830446182414,0.98165865126817331,0.10715375241893924,-7.2852543124836329,-1.2271806708853144,0.1043931019354577,0.1135500905884108,0.4711538461538461,1,5
-0.74070555371161484,0.67152388118350503,-0.020272141007087779,-0.65932368907229433,-0.73238135214452749,-0.17002890359892825,-0.12902540729976378,-0.11257545039303619,0.98523053761032731,0.77561793761506825,9.2510163327979811,-0.57931796315963957,0.6472280622513399,0.6504313846201999,0.2535211267605634,1,1
0.24171266184774406,-0.93799024560318522,-0.24849404068458836,0.96725361601192794,0.25334217971691875,-0.015433155481937626,0.077430171214633164,-0.23662637031733408,0.96851046946128361,-23.034145870097177,-26.370210806712908,-4.0630984656968456,,0.3468509218124798,0.25,0,2
