axis_00,axis_01,axis_02,axis_10,axis_11,axis_12,axis_20,axis_21,axis_22,location_x,location_y,location_z,dbh,dbh_approximation,score,reconstructed,number_clusters
-0.13877389011082875,0.98965322535088429,-0.036445863634982804,-0.99017381444232822,-0.1392999408466887,-0.012302181629268273,-0.017251800376717318,0.03438051821455234,0.99925990380434104,7.8424508373799622,16.779075614511605,-0.59446689258592744,,0.09138443193419912,0.4,0,5
0.8796631222168606,-0.41549196155309576,-0.23142865271276256,0.46440919802964398,0.85533996458092088,0.22960322684180939,0.10255188051492083,-0.3094510864021473,0.94536931245274902,-0.52370262384485966,-24.174675932559779,-1.781433577932138,,0.463391143765872,0.7291666666666666,0,4
0.48389434103219714,-0.82835312063055455,-0.28227180918156886,0.87136255399070139,0.48594458809290086,0.067713785937738399,0.081077532151740447,-0.27872740239316507,0.95694172703218494,-10.754177349569236,-28.404866479803324,-2.7213887185535786,,0.6128686803655912,0.7027027027027027,0,4
-0.97885214304430712,-0.18148603141276848,-0.094399695230492131,0.19861693038732675,-0.95363852625517076,-0.22610810734111372,-0.04898772316695281,-0.24007578312672104,0.96951731358187121,-19.268282508371314,-23.346719879526841,-3.4458909289637827,,0.5478165751946193,0.4482758620689655,0,2
0.021061867959393969,0.99524963274359313,0.095050335306123154,-0.99977554721794459,0.020748467595538441,0.0042844226563923758,0.0022919212732486808,-0.095119238938199527,0.99546324767953998,22.107754420664058,4.922353399658939,0.15712098422996817,,0.2346248127819948,0.2631578947368421,0,3
0.83632350914716302,-0.522800424912373,-0.16505363903658038,0.54257139949843047,0.83244858389292453,0.11245279730171175,0.07860829787045534,-0.18360030197716834,0.97985287906899698,-8.4361431498375445,14.956330467161489,-1.8998928795703125,,0.0808388512672252,0.3846153846153846,0,1
-0.86268559688798863,-0.48934561574162266,-0.12772795025548014,0.49980499540981382,-0.8635027284932999,-0.067512994660451534,-0.07725624560778406,-0.12208155568749243,0.98950874997420357,-18.041889154407148,6.7725183892573346,-3.0272379549910409,,0.3313753093180921,0.5333333333333333,0,3
0.42450026791650308,-0.87201711652082847,-0.24369175413525479,0.90445034636981159,0.42089748925511433,0.069389296654955995,0.04206059308124023,-0.24986286645566461,0.96736728003184702,15.373853576112856,-24.203444383738614,-0.55196210187601291,,0.4157389995825667,0.2727272727272727,0,1
-0.58154882085478432,0.81350952945202926,-0.0017928896086134912,-0.81147379203043624,-0.58024661898964125,-0.069456072440325173,-0.0575434949421346,-0.038937214099482004,0.99758339979573474,9.0303825445347972,-25.87301389738359,-1.0561526965588872,0.3682079646635247,0.3467230301327565,0.8125,1,5
-0.52318546896670026,-0.80591353285478973,-0.27709266071768479,0.84950741022842835,-0.51910001847807496,-0.094193050609115328,-0.06792735111192702,-0.28467270395591904,0.95621510477159011,8.7023104681385206,11.221431344353446,-0.61706232922247062,,0.3997347594587261,0.4264705882352941,0,5
0.19624648455880919,0.97771371678513197,0.074586897700019639,-0.98051983203136495,0.19503045380462267,0.023323402023466347,0.0082568935741233768,-0.077711068059620844,0.99694173029798505,-9.3152778395185329,-20.285550334977771,-2.4972323072862408,,0.18838553260674,0.3636363636363636,0,4
-0.99118857293170415,0.093716153834462704,-0.093608201564212845,-0.0920226183143035,-0.99550814605233862,-0.022256883474887097,-0.095273556710091439,-0.013446696765748629,0.99536030448169788,2.4403848790011207,16.059951512080399,-0.99443334312878318,0.2372529031322053,0.1551599264653152,0.6086956521739131,1,5
0.49331548763191069,-0.8330073030918641,-0.25047687050526318,0.86816906475564681,0.48940295747560947,0.082263115765410261,0.054058344996832847,-0.25803793947740922,0.96462122987546628,25.022819833480735,3.0037995900925676,0.23713176435894884,,0.7165372158568852,0.5853658536585366,0,2
-0.94529527213037901,0.32601333579161862,-0.011495798100783697,-0.31300055163329832,-0.91636557905722282,-0.24960925502947942,-0.091910299559971001,-0.23235625751234248,0.9682784033683981,30.682159820414078,4.8680315486921231,0.55157406512557727,,0.2318424341077093,0.4210526315789473,0,3
-0.96819373186812185,-0.22655994729174578,-0.10616726357235737,0.23672694070295144,-0.96686627817429216,-0.095550801539366625,-0.081001562433711219,-0.11764433863367761,0.98974671329120567,9.221713099611021,-29.188339849770809,-1.0997674396264274,0.3465795539979835,0.2956640817323893,0.4375,1,5
0.84250678218072206,0.53784662178663323,-0.03005550552215434,-0.53381454357043012,0.84107404428045884,0.087386984788394614,0.072279700138969935,-0.057580061396458687,0.99572093554238428,16.981798921304094,-28.563212115933066,-0.48907928935121153,,0.1366872464338738,0.3157894736842105,0,5
-0.70256502295584211,0.71133296826264047,-0.020193978848144504,-0.70846754487310737,-0.70183938274845747,-0.074129742241134694,-0.066903859234947877,-0.037774185443589042,0.99704412366431638,-16.575555115237162,7.1405354201383444,-2.8724604199744408,,0.06470450125911779,0.4545454545454545,0,1
-0.99283983701641343,-0.045835203513992784,-0.11030952883613529,0.066626177569055686,-0.97895405578251393,-0.19289870173098914,-0.09914640939416805,-0.19886701784306834,0.97499840959790629,1.9360595717749458,-29.712972201874294,-1.6615311537712096,,0.3450753437725651,0.5777777777777777,0,5
-0.99122535704859716,-0.065845586208470558,-0.1146152272638499,0.09622235850197218,-0.95394725327062313,-0.2841230291647468,-0.090628633820658624,-0.29265849851712233,0.95191252433062601,-15.156737328419247,8.4965614651135155,-2.6993311812714853,,0.2630194409537768,0.2678571428571428,0,1
0.13691800240445465,0.97164689751877009,0.19275831281613351,-0.99058228041216445,0.1342114959010704,0.027092805344463431,0.00045425874760813341,-0.1946524618651036,0.98087216941803612,9.7683604187538045,24.118559719056478,-0.30964167004480386,,0.4483756291964065,0.2272727272727273,0,3
-0.15835433634990853,0.9872590160994229,-0.015605745402892529,-0.98734475832760948,-0.15846644300607593,-0.0062221092884445234,-0.0086158204586275974,0.014422952936272859,0.99985886307339567,5.5236517561829919,16.324981554359944,-0.7683450698434291,0.1401248939943457,0.1223952651402338,0.2222222222222222,1,5
-0.4889995293221519,0.87060344887928798,0.054121115308202072,-0.87096984253094045,-0.4839174969671598,-0.085061092931308438,-0.047864326218422529,-0.088732693684621236,0.99490477702498159,-17.508042078800958,15.214747037297183,-2.7366141791663514,,0.1315199815382694,0.1904761904761905,0,1
0.59119059274719332,-0.80080549718613558,-0.095938723796435074,0.80468245071770106,0.59369806228790911,0.0029604632301552455,0.05458787918739267,-0.078950405395085729,0.99538283938079541,6.2955161687629655,-5.3377358075172419,-1.0045505300245809,0.3832504123507997,0.3534555259206086,0.9365079365079365,1,5
0.40743736359003013,0.91134905912600295,0.058631793260612942,-0.91296660352630443,0.40492702158747329,0.050260203281946067,0.022062991557130717,-0.074006753870493311,0.99701365325912317,-10.700891292925212,-21.874073180757076,-2.6301552078675923,,0.3925046191072282,0.5862068965517241,0,3
-0.47501672758556779,-0.84503821217639741,-0.24549853049584158,0.8779464243954741,-0.47404469164642959,-0.067020192576902241,-0.05974265147364944,-0.24737026960320191,0.96707743501300802,3.2075335275041819,-26.802983297123099,-1.5212948240165622,,0.4556757338990408,0.4418604651162791,0,5
0.15458086954931227,-0.95305142519931618,-0.26037998328391454,0.98446734683705728,0.12638122971281812,0.12186807534330758,-0.083239400412212713,-0.27517406436986208,0.95778412834896531,-12.722997235813009,19.113097240014604,-2.1899530596980599,,0.2070134825522423,0.1818181818181818,0,2
-0.40694729428005938,0.90777368114067436,0.1016899380786849,-0.91300518544767573,-0.4007399030107866,-0.076348290619761089,-0.028555752901873493,-0.12391317106431177,0.99188209733465427,1.4476451267307786,8.7478071425948869,-1.2152144337330082,,0.1468063356587747,0.2916666666666667,0,6
-0.92086841108805684,0.38761168242858984,-0.041935105878429899,-0.38283413855177606,-0.91934288703802702,-0.090811224041441568,-0.07375223264062386,-0.067570997457957624,0.99498480816696888,-8.5689326030059849,13.827205600791766,-1.9368221664559244,,0.29333118448353,0.7864077669902912,0,3
-0.03564513470953392,0.99936449932764615,0.00014783484694411709,-0.99935959636829486,-0.035644495158240953,-0.0031411958730702947,-0.0031339301424948354,-0.00025970852301588119,0.99999505550444834,-19.142938089419768,-21.993306071156304,-3.4268832141037291,,0.1240318174103353,0.2333333333333333,0,4
-0.95948709057719361,0.28014402905995861,-0.030064031628604888,-0.26773553292613095,-0.93978452362531761,-0.21242112315656375,-0.087762220940866317,-0.19576611590463847,0.97671562925917133,15.152082574230919,5.6616975497266147,-0.25713437243461917,,0.1212530988298942,0.1935483870967742,0,4
-0.59353909322453113,0.80396848619662287,0.036688118198020869,-0.80276825107899619,-0.58818013601900809,-0.09801664477133952,-0.05722307116689257,-0.087628766939696567,0.99450828017209458,-16.012386469385333,11.052380139747827,-2.693007716378542,,0.8114570499547074,0.7301587301587301,0,1
-0.38134280640689655,0.90807681077659419,0.17313049913727352,-0.92381294629088329,-0.36748163693321362,-0.10736334002928126,-0.033871880182083154,-0.20088243389280003,0.97902959275306656,-5.3917180188267064,14.867363040363568,-1.6264932004817252,,0.5820449965127561,0.2045454545454546,0,2
0.27042356218590818,0.96202035089269222,0.037255086672667366,-0.96273946775322705,0.27029895784097208,0.0084374534262616225,-0.0019530091961241446,-0.038148628525651547,0.99927016762069643,-6.3922274850740228,-23.011780712710948,-2.2664713557938425,0.6398057544989232,0.2241699496893994,0.1212121212121212,1,3
0.83137818352142401,0.55467960072402489,-0.033776567398899005,-0.55070414811691326,0.83050773329780447,0.083557442393642975,0.074399309213466755,-0.050866938901198783,0.99593036770417831,-2.462152625111651,-22.367943263545151,-1.9096071998148199,,0.09927657614689549,0.2857142857142857,0,1
-0.1778898899409824,-0.94289862132121993,-0.28159789943699759,0.98197861021966104,-0.18865122600014458,0.011345659950261112,-0.063821596092935598,-0.27450483573005885,0.95946542357344233,-10.039839768212413,13.747564097179012,-2.0638690224984222,0.3520851412296432,0.218037417651479,0.48,1,5
-0.15661262341975338,0.9860692010416312,0.0560358540820141,-0.98764751033666254,-0.15664490308987997,-0.0038431317637431578,0.0049881370644638398,-0.05594555472135742,0.99842136064666842,-0.37785787985229569,8.5034661651863388,-1.3451148696488013,,0.4366949901157415,0.38,0,4
0.53081008478816016,0.84685499634983386,-0.032821776985841503,-0.84380031770938291,0.53171242757820847,0.072683685875389897,0.079004289255268173,-0.010886207613792147,0.99681483373947577,19.786106551796813,9.3735327266575226,0.086351772781567554,,0.1681544930768036,0.4166666666666667,0,5
-0.93504499106520489,-0.33747535227441922,-0.10863356429357646,0.34652572362518153,-0.93471404866094454,-0.078927625720715017,-0.074905190407036054,-0.1114452055636381,0.99094357993125093,11.523249019756021,9.8968405954012066,-0.43047285640130412,,0.1538130982345603,0.2666666666666667,1,5
0.88864405370590749,-0.43505445765578149,-0.14504952494567486,0.4510066240075542,0.88637894429497976,0.10452460098859941,0.08309495119705354,-0.15830346169414986,0.98388782038462508,-7.8306688145430092,24.852857492173651,-1.6231330781062281,,0.4889787937617316,0.6111111111111112,0,1
0.92979919417858503,-0.33847316462875765,-0.1446007445729415,0.35284433630245687,0.93149259453675382,0.088444449585413407,0.10475844998917214,-0.13325713170176642,0.98552940291321889,1.9405154746221507,-22.433220571752955,-1.5395073039819507,0.3780914185407609,0.1390205552245244,0.1538461538461539,1,3
-0.24913482167133952,-0.96178416070803996,-0.11359167593587699,0.96827175440361113,-0.24973084191276548,-0.0091823864923528727,-0.019535870979904134,-0.11227526356536768,0.99348508541214853,-21.467244957898259,15.674908967490552,-3.119759242024815,0.798195862203674,0.6584210750836903,0.984375,1,1
0.47637628436105045,-0.8423689571066465,-0.25195272533040652,0.87897196954169654,0.46335367373677228,0.11274595245341175,0.021769530503659814,-0.27516888112156962,0.96114940274858052,-7.5924400643780547,-26.203223600269158,-2.4062840489647588,,0.5444072869535512,0.4545454545454545,0,2
-0.64285725128211035,-0.75428247196458853,-0.13338855633449165,0.76390448800393707,-0.64414389706165642,-0.039096970287552886,-0.056431265105906264,-0.12702988768479873,0.99029234065165572,-3.1191035363444111,7.1739169958500248,-1.5836419380194355,0.3372516948904874,0.1931702774769782,0.8355437665782494,1,8
0.15247963716541474,0.98825264395619483,-0.010328212018256034,-0.98828434854854308,0.15253802161411725,0.005118434920298255,0.0066337518709783921,0.0094267531866315327,0.99993356262327371,13.691866170730382,12.844936949777784,-0.25394350092204448,0.5568154621590289,0.2957970873454383,0.2692307692307692,1,5
0.81708146854520403,-0.55572376661425615,-0.15345673325103304,0.57047400241693558,0.81779663505223565,0.075947852264860824,0.083290373551911739,-0.14959865947697146,0.98523243691845552,3.8969424611926229,-23.447220712907157,-1.3937081612918762,0.5097222753157385,0.4774374752376597,0.1578947368421053,1,4
0.65350185501529579,0.75551326596452373,-0.046206389635929115,-0.75474720790599326,0.65503371197758486,0.03588158763175095,0.057375758379961631,0.011425459486890737,0.99828727389756844,-21.334399156721492,17.058682844725372,-3.0768037778145683,,0.1354626415661233,0.3125,0,1
0.65645450456482501,0.75204951031511114,-0.05906790559476835,-0.75204616641666078,0.65856233764235217,0.026873984018853048,0.059110464509722953,0.026780244096027535,0.99789216427006922,-16.562825868469837,-24.614167665771898,-3.1979647742316075,,0.1121744689067444,0.5789473684210527,0,2
0.2762425257867489,0.96106842003127335,0.0061285369827908699,-0.96083588241929307,0.27601841907841773,0.024662509705819086,0.022010770147723926,-0.01270135221317481,0.99967704867595164,-12.028562802326515,14.382838283085061,-2.2114295903901238,,0.08481518820781564,0.2631578947368421,0,3
0.80502206476470861,0.59167552905753518,-0.04312242521530886,-0.58864665382994097,0.80570203649214589,0.065873707404558016,0.073719686494027811,-0.027645916640500173,0.99689573733481662,10.319379339451647,18.43492650568913,-0.38985918596973029,,0.4028591451603163,0.72,0,2
0.2691114982492262,-0.91766944453934451,-0.29233848885993069,0.96295800325997616,0.26174979942254956,0.064799123912404097,0.017055364775246076,-0.29894787682990204,0.95411701665533521,-11.46980970207319,-24.925206098963024,-2.7199743288671536,,0.3334558716876079,0.2666666666666667,0,5
-0.11069886387133271,0.99383536113629722,-0.006085761471003124,-0.9937654490637835,-0.11076866315690709,-0.012670260829535261,-0.013266264909647078,0.0046452360023434757,0.99990120911909575,-4.9211791947580599,13.877748332001515,-1.6256967568835086,,0.07973109005252954,0.3043478260869565,0,5
-0.85089418540375605,-0.51110797972084998,-0.12144018408974823,0.52043368150136071,-0.85163052934328987,-0.062243269912577517,-0.071609136323661754,-0.11616399853715929,0.99064527306137196,-0.93992616112626404,20.571073036958012,-1.1206634071410695,0.4675421938442853,0.3307926668560339,0.9512195121951219,1,5
-0.44456003608273165,0.88058300331803252,0.16413393489925993,-0.89460496811586432,-0.4272167598286119,-0.13102591783290632,-0.045258428392220197,-0.20508392035685366,0.97769742777125579,-3.0049307658937279,9.7488264772907609,-1.5452629570146781,,0.1127741617803405,0.2571428571428571,0,4
-0.20362004230837849,0.96080903502121762,0.18810868292540897,-0.97841287963513313,-0.19276599931066959,-0.07449500972445687,-0.035314520164121233,-0.19921663517727839,0.97931895566981775,-12.834566784452026,8.374921831724075,-2.4570072060019852,0.3184640413594741,0.3972386180032365,0.425,1,3
0.60326347404338643,-0.77046060108971004,-0.20606708386733566,0.7952489864168043,0.60068207403743357,0.082219800128273721,0.060433686699971359,-0.21347484183990051,0.97507756687008218,-5.3872138234222469,-25.292980204570792,-2.2130444477248208,0.7576697974246284,0.5412337474049375,0.8958333333333334,1,5
0.73971156641856528,0.6693968660259324,-0.068808678676841525,-0.66952180506065073,0.74238332011051045,0.024648703211819372,0.067582180010126072,0.027835979888555986,0.99732532664558549,1.6926636745094918,-24.803185116479149,-1.6012732289967968,0.4768132509867366,0.4780288259532832,0.9259259259259259,1,3
-0.86205438980886684,-0.45890792634484612,-0.21509473296465551,0.4992559432669656,-0.84195344614012657,-0.20459202732603815,-0.087210848659301718,-0.28375677907433183,0.9549221738997824,21.313008679454729,6.9655394794437022,0.13345608321393876,,0.7020567525491289,0.2,0,3
-0.29392522321123515,-0.94812367777767836,-0.12111752473344223,0.95553480178205785,-0.29460695780211382,-0.012648438556127583,-0.023689781416261022,-0.11944970511438655,0.99255758634173807,-20.143426344682211,-20.13591382630938,-3.5097033772036581,,0.8077093826587735,0.75,0,1
-0.97280268863065089,-0.1831748298643979,-0.1417812071366536,0.21404852147581022,-0.94482113046840521,-0.24798439844963074,-0.088533380410991958,-0.27158794731091151,0.95833283749877263,-6.6953685794233513,17.550915981064836,-1.6599449030263416,,0.3554479878218955,0.3333333333333333,0,1
-0.55801270461483532,0.82787942811352822,0.056898804863138669,-0.82893808306286576,-0.55291702320160785,-0.084524670374595184,-0.038515917962548524,-0.094331426154223574,0.99479550969192265,6.0824037784694349,22.195815212476184,-0.61429790899445158,,0.2704223685701929,0.2222222222222222,0,4
-0.97643406848631331,-0.1889642161895258,-0.10425466368054757,0.19410793168227039,-0.98010071936906418,-0.041529396218509887,-0.094332501065629529,-0.060787374446681496,0.99368318610640805,-0.066947061551111839,12.7700504421306,-1.2500110545089702,,0.06742970594972945,0.1904761904761905,0,5
0.58513002438277517,0.80495219561608444,0.098360649340369311,-0.80928877751055073,0.57189250805262626,0.1341291684487623,0.051715850194042082,-0.15808517326467691,0.98607025552573357,-6.6365680727393297,13.945721346811169,-1.7610834142811529,,0.1177579341613893,0.3125,0,4
-0.95301904560580775,0.29173472689082602,-0.081520229627558283,-0.2896800655461273,-0.95643677935815508,-0.036251161584015125,-0.088544668601706983,-0.01093326195305357,0.9960122014540177,-4.2235119462469637,10.426266212254346,-1.6350266506163036,,0.06919442104396963,0.2105263157894737,0,4
-0.88604096941396082,-0.45173025013158519,-0.10426495881179808,0.45679400800239955,-0.88906951305964765,-0.029910453038806718,-0.079187339727220279,-0.074129495235961337,0.9940996847213005,-0.59643610390159585,13.818593847230867,-1.2864264718215148,0.3219976053164696,0.2443156707838928,0.7341772151898734,1,5
0.18862347317039543,0.96097062769870423,0.20237746433211512,-0.98194745003889494,0.18158512250615927,0.052972149725459224,0.014155943318991246,-0.20871582590877608,0.97787387391420189,-3.6246569083222586,-22.2250042317287,-2.0133247350189336,0.5969261259984238,0.4802041424718151,0.323943661971831,1,4
0.39554847407008464,0.91694236209944124,-0.052517704141795421,-0.91782527058033614,0.39673519046673994,0.014069873114307333,0.033736884043443487,0.042636759173477416,0.99852087079951546,-5.3115158330461121,13.014399908853173,-1.6842896911192315,,0.07464134508699087,0.2142857142857143,0,5
0.97458541266116072,-0.17594175772710008,-0.13866423949949391,0.206563305025979,0.94533577066995833,0.2523328787704443,0.086688375488406563,-0.27456288638440146,0.95765356312992778,-17.365450099169433,-21.516622560510502,-3.2407013196851531,,0.2450964413533179,0.1052631578947368,0,2
0.98151300076764481,-0.16179554330840906,-0.10224691432816461,0.16856859325090634,0.98377316129072134,0.061441000101494343,0.09064689014800674,-0.077540758892327505,0.99285979474289221,-18.8967961326038,10.665417455843327,-3.0162761990366502,,0.1186343290862855,0.4375,0,1
0.8642454941495864,0.50303905835298057,-0.0056063904149072251,-0.49391390357148712,0.85057921540947401,0.18045513063412763,0.095544658149546588,-0.15318845937194714,0.98356723929497381,6.0063583388900437,-23.466610281458248,-1.2299178286519934,,0.2833595637163419,0.375,0,5
0.99194917565665419,-0.062891434921507186,-0.10991587841434901,0.075388316407755548,0.99067252961338093,0.11351009126341625,0.10175182879579245,-0.12088261447759466,0.98743807849088583,-15.167628262004824,-22.859081216430791,-3.0641491830826331,,0.2616000525050615,0.6071428571428571,0,5
-0.80048674812353182,-0.57638251187628231,-0.16432944374579114,0.59256343415254131,-0.80223854693777596,-0.072676614619236593,-0.089941884480816373,-0.15555228641956267,0.98372452628044493,5.8625408042635447,-25.256697179358476,-1.2776522142379905,,0.1628500788456236,0.631578947368421,0,5
-0.99307870691814348,-0.046620013632245591,-0.10780193038492346,0.070752955740142842,-0.97007652501744779,-0.23226182394897618,-0.093748072619227907,-0.23828157700292535,0.96666084483710091,-15.277330741777416,13.247149166013244,-2.5447422896228789,,0.3054634920693153,0.2727272727272727,0,3
-0.74941300715674852,0.66142419945601494,0.029969535836422423,-0.65939428073811102,-0.74149226917007838,-0.12404997900394363,-0.059827478921895987,-0.11272640832998972,0.99182328548530874,-0.48411475720113151,-27.058213225109679,-1.8177717083308789,0.5795840604496201,0.5495889880768872,0.35,1,6
-0.90276776448278484,0.42179642859220934,-0.084250437610804349,-0.42172167452154841,-0.90651437070584406,-0.019558244873411752,-0.084623830269587239,0.017873682626824847,0.99625264808674885,5.9042427439305287,-10.156349537954785,-1.0997870967218526,0.3966384793350692,0.3147357109110293,0.9281437125748503,1,5
0.11526412376542192,-0.97837471890038397,-0.17174717228876143,0.9931729790870053,0.11663120391564523,0.0021438014441112008,0.017933638337885433,-0.17082175414678069,0.98513872775674816,-10.699283301466092,7.022302230701948,-2.2823104424650835,,0.1533735069722134,0.1829268292682927,0,3
-0.50315440839132508,-0.84851673047926923,-0.16387495053591242,0.86384945656447576,-0.49920059948669682,-0.06754907745767659,-0.024489951197101657,-0.17555090307057528,0.98416569881370586,-9.0212887494975131,-28.840643018282169,-2.5548524159895827,,0.214987884979874,0.7567567567567568,0,3
-0.53053420186829803,0.84722240442997543,-0.027343337028587707,-0.84094710991856048,-0.53010927837268262,-0.10859148816926009,-0.1064960983679154,-0.034617198255849108,0.99371033536807218,6.4070362849214115,6.6422488515975679,-0.847389087454261,,0.1627930716012448,0.2727272727272727,0,2
-0.036107378622170935,0.99669028203386067,0.072833638576539211,-0.99930508236644766,-0.036684588468905981,0.0066025241729428781,0.0092525437379392186,-0.07254462535660211,0.99732224870713049,21.154753300286913,5.0673078965440483,0.11046860353920095,,0.5395491044385818,0.5434782608695652,0,4
0.063835111356659341,0.99748102361912061,0.030930342349114345,-0.99696867868940275,0.062359602260550935,0.046526698982537557,0.044480695480046829,-0.033806619553815434,0.99843807028976728,-8.4963196179817864,6.0872341806997321,-2.0759679468153891,0.3226062501246841,0.1824725909811767,0.4974874371859296,1,4
-0.25151577180242718,0.96695051937385046,0.041791262451269955,-0.96750193630287429,-0.25002677064510503,-0.037770586584931778,-0.026073353923481691,-0.04993302557848478,0.99841217599334198,-10.879290871632923,8.1269037136873692,-2.27539476687951,,0.08589593003316798,0.1929824561403509,0,5
-0.22552700959182478,0.96276669525732927,0.14905656123716862,-0.97017228348245843,-0.20798059286387263,-0.12453840112360881,-0.088900552906052005,-0.17269731756826145,0.98095480436038718,19.090422657725778,-23.808961505436368,-0.26035175357127205,,0.4558886212697932,0.4324324324324325,0,3
-0.99503480638028585,0.034958251847174923,-0.093186129437465015,-0.023468049377467218,-0.99229394947436744,-0.12166334080148494,-0.096721170124038747,-0.11887236207105077,0.98818741986805592,-6.142318288600995,-29.336118455880165,-2.3243231179785604,,0.2115893167634847,0.4193548387096774,0,5
-0.47268721124054708,0.88082264562819712,0.026800508916368839,-0.88047023021233572,-0.47079821823968665,-0.055867803001116149,-0.036591994199134781,-0.050005046254136938,0.99807841440923395,3.5036448095514192,22.739466538848053,-0.78030747010455037,,0.5110208475179292,0.25,0,2
-0.98405304924704806,0.16135846966670528,-0.074853460403695823,-0.157832300061926,-0.9861539703493335,-0.050885280989795639,-0.082027808240564881,-0.038259522096691603,0.99589539995131215,14.076270295914391,7.4615791282067541,-0.28389097592054741,,0.09061362774217593,0.5416666666666666,1,5
-0.88409551302598433,0.46700012160248172,-0.01691183817893939,-0.46055234213665841,-0.87687768908164598,-0.13775724497561789,-0.07916226373570745,-0.1140017754866183,0.99032163017180375,6.0003970901321431,20.945508806748862,-0.6407845983684225,,0.1871333721520969,0.4375,0,4
0.21779622900874107,-0.95780985582174283,-0.18752355244156274,0.97571521069563594,0.21827143319122141,0.018368698098140266,0.023337314471516213,-0.18697021565848851,0.98208834032885017,-16.8605597481343,12.828574082324909,-2.7322596997181465,,0.2507353755233752,0.2222222222222222,0,1
0.88243971264916721,0.46305419973305056,-0.082951562066299195,-0.46367915401879678,0.88591168384522545,0.012733049710503479,0.079383850171605208,0.027226761395755073,0.99647223132199247,-15.954874278480119,-32.884573601833658,-3.2116523970286814,,0.206358722821764,0.4615384615384616,0,1
0.55378907968792113,0.82881571204287052,0.079888489091206397,-0.83137841276307245,0.54507295124299238,0.10819155519175168,0.046125806333989716,-0.12633286703833221,0.99091493918293283,-5.2095942139208962,11.280106368169765,-1.6981239003121065,0.4031846817947102,0.2393780614395905,0.2432432432432433,1,5
0.64373388998603209,0.7624651422105222,0.065219520063693956,-0.76140394789995358,0.62963536149910371,0.15434811198151197,0.076620539059807119,-0.14901751059449525,0.985861589945771,-4.3303936155813751,-25.787904822645146,-2.1210119969960211,,0.1560861609188141,0.3333333333333333,0,2
0.67503235914767701,0.73654712327017235,0.042774400123864492,-0.73556523809247165,0.66736943172169927,0.11645523652212078,0.057228442347215483,-0.11007441485600093,0.992274422012692,0.87180679284693963,-23.562652060756708,-1.6579808090840142,0.129252812298165,0.1814123029685197,0.4285714285714285,1,5
-0.99463275339525825,0.05123941086060143,-0.089889980798895069,-0.044381610165856206,-0.99606606132790576,-0.076698592880172195,-0.093466349840213653,-0.07229747053231475,0.99299401670008858,2.1527289739828985,13.91856057684862,-1.052210642464078,,0.09079659812705965,0.1714285714285714,0,5
-0.22561631559035442,-0.95513668576145738,-0.1918624237625858,0.97406048198977335,-0.22468385725763923,-0.026895012803136192,-0.017419976041478047,-0.19295355866230929,0.98105324454601683,7.5997160298000521,17.859349993812245,-0.61818963659606085,,0.08122370899311185,0.4117647058823529,0,5
-0.67436864027206811,0.73838232824448824,0.0042981802955720577,-0.7355850887643719,-0.67128381672906068,-0.091063794041202323,-0.064354597389118168,-0.064572244299824805,0.99583578518798499,17.603317884970203,5.9584110053585899,-0.10549449620250538,,0.2261389990086457,0.2413793103448276,0,5
0.57208065418484322,-0.77416752226860108,-0.27090288402292212,0.81656112816551918,0.5686480471132791,0.099334397281650944,0.077146931737409219,-0.27803605158099404,0.95746765216625185,14.505652635706218,-30.17912795592305,-0.67398954583855153,,0.5146608187495151,0.3333333333333333,0,4
0.94963365957642998,-0.28844162552938352,-0.12246363240344445,0.30644232124754361,0.93648519836954547,0.17055373635066551,0.065490582131298852,-0.19949160858723336,0.97770858733846844,-4.7322500680630242,21.393469409115546,-1.4047698537846844,0.7485817567084792,0.6506319107723948,0.3235294117647059,1,5
-0.77395446622680786,-0.5999809824221658,-0.20252729430699265,0.62948534740677176,-0.76373620582221113,-0.14302169526498709,-0.068867130096690266,-0.23818024403385685,0.96877628467268928,-0.85579894555948388,9.6410545972611512,-1.3599558360866677,,0.1222139293173118,0.2692307692307692,0,3
-0.96570581289545543,-0.21057001301738187,-0.1518965192418423,0.24435076314633333,-0.93486802786045553,-0.25751597044476199,-0.087778058133751599,-0.28580069996793672,0.95426043217148282,-1.7213522830666297,16.630135138709868,-1.2880352015796768,,0.2777614520967646,0.2777777777777778,0,1
-0.24752988316961741,0.9688295874506696,-0.0099089564637653178,-0.96845805329124268,-0.24771097051917593,-0.026986554055393634,-0.028599929254673778,0.0029164301145636583,0.99958668382587745,-4.8560735096882635,2.5878243667739551,-1.7915917033358826,,0.6948994775571764,0.3175122749590835,0,2
-0.047214705745827402,-0.9219730358948256,-0.38436505127835535,0.99888435275750675,-0.043928396729670416,-0.017330486922668569,-0.00090629881994743551,-0.3847544893092717,0.9230185055451543,-10.2294543153355,22.835183735754015,-1.8913456139953067,,0.3744083755644896,0.1,0,2
-0.62311245674681337,-0.77336389102939496,-0.11678680704097315,0.78091905996104394,-0.62348467093769688,-0.037845566388574677,-0.043546389477326058,-0.11478308741964792,0.99243566784245663,4.3297075854949991,10.976811373011818,-0.94767798068693621,,0.08842483829354619,0.1875,0,4
0.76204037942493319,0.64735080368220532,-0.015211742106226403,-0.64348299395217456,0.75969148043965984,0.093800272077127642,0.072277912395483535,-0.061691097570073399,0.99547481729089971,-7.6690778566657061,9.933583795725184,-1.9476430585432341,1.089005993237809,0.7548402654739796,0.3821138211382114,1,2
0.9898180133620853,-0.082665204824040245,-0.11587391568137587,0.10927893345263735,0.96296234167048944,0.2464987692219624,0.091205345936459181,-0.25665149996812364,0.96219103739160017,24.71818736637773,6.010529310252843,0.32031727468747784,,0.2417216179613205,0.2380952380952381,0,1
0.74691900810345691,0.66344058924297045,-0.044255845700748815,-0.66155529933655643,0.74817951476183431,0.050714885491989797,0.066757630675956345,-0.0086022227178060851,0.99773213865788946,9.8104468184350075,-24.119906383896577,-0.97812346579193388,,0.157090592767585,0.3333333333333333,0,4
0.23915490133983885,-0.91526263544476627,-0.32419013144115483,0.97064622518454013,0.23412573775402507,0.055054922179012589,0.025511540528465108,-0.32784058180743092,0.9443885398605969,8.0417323823715794,21.547324327866267,-0.49470786303169384,,0.3069646043248849,0.3157894736842105,0,4
0.92551436449841928,0.37864801144543664,-0.00698888657109806,-0.37257993887358659,0.91367988057870764,0.16239847589997078,0.0678774650089526,-0.14769820328661928,0.98670050698773992,8.4464305223108109,-22.816740712234591,-1.0607147039068423,,0.2010245998485563,0.2380952380952381,0,4
-0.7708028702585128,-0.59781142320068503,-0.2201918197663387,0.63460121579867479,-0.7509131893152623,-0.18278588298669768,-0.05607345279260114,-0.2806258797815242,0.95817789762066807,17.919309292473425,10.05879143898138,-0.038557865994141585,,0.2389841338857145,0.25,0,4
0.91411384971613729,-0.38386314728545728,-0.13055632467730938,0.396880129336316,0.9130022306130865,0.094409161809210065,0.082958017666364445,-0.13811593337349534,0.98693563936724649,13.105027985373443,-25.922797402927166,-0.75058409472043774,,0.08433983102081526,0.375,0,3
-0.81742936771076025,-0.50864449657133992,-0.27035163197523998,0.57137831214341817,-0.77549664105736016,-0.26857361024659765,-0.073048293724946256,-0.37401301557090361,0.92454216289330671,14.646911457216516,-22.549635045906598,-0.59264713128600321,,0.7754557494818985,0.5135135135135135,0,1
-0.73019041869150325,0.68233007617549946,0.035321659041777934,-0.6795818277544915,-0.7199605984181684,-0.14080225889955345,-0.07064341325977376,-0.12681641798950685,0.98940745109955519,-19.460937087461087,-29.121338467701335,-3.5087554079571173,,0.294954958875509,0.3636363636363636,0,2
0.78649967407111121,-0.60033719793862095,-0.14496037892211,0.61216186318136934,0.78886039949163334,0.054379438947235063,0.08170750242389678,-0.13150862665660637,0.98794198471496442,-23.546803028749004,-21.675769350310148,-3.8215270902554623,,0.2993058765373168,0.9285714285714286,0,2
0.91832986045926468,-0.32021156158030206,-0.23266891330637784,0.35794082528875859,0.92275679420281442,0.14282249243080156,0.16896340722318801,-0.21443986239234603,0.96201190867716513,-2.5477235749190252,-25.897083611189455,-1.9677755761065476,,0.6206860481484788,0.5555555555555556,0,2
-0.34298736033586197,-0.90111691576682107,-0.26523192637525761,0.93768065948788326,-0.34522533422155854,-0.039679332579851623,-0.055809062635084242,-0.2623123571822451,0.9633678299576377,2.4880710889631912,-25.26622691866358,-1.539592232785902,,0.3025202607618488,0.1764705882352941,0,2
-0.5534773496554366,-0.78063160379728125,-0.29030522312090556,0.83118077340990915,-0.53986856333543765,-0.13296787670650709,-0.052927736888137143,-0.31489082786739886,0.94765100178962791,20.254611445583411,12.316896839309448,0.15710416320914375,,0.2741110347534185,0.1111111111111111,0,4
-0.85529871668979929,0.51773454804836028,-0.020372603808633774,-0.51188375959723531,-0.85041524696985427,-0.12152746348789875,-0.080244139283709118,-0.093513878533417805,0.99237897631512473,-19.185817322233966,7.9411170002872646,-3.0957004647482917,,0.09277507118259889,0.2,0,1
0.45944631481641984,0.88588749564892955,0.06412822198127098,-0.8866683784611844,0.45320832502726671,0.091768190365689284,0.052232848272186091,-0.099023023478620076,0.99371332404397572,9.8609224487516336,-26.794853850433693,-0.99234654259026422,,0.2355879169254525,0.1111111111111111,0,3
0.51421954906492828,0.85220784820119178,0.096540348164681045,-0.85651656767808826,0.50446422599283303,0.10906518228289161,0.04424505229299934,-0.13877185650465285,0.9893355078990359,-14.343355508954508,9.2905723145656811,-2.5930332101524187,,0.5652344597734091,0.34375,0,1
0.84407602339135712,0.53608110241193307,-0.012357927522078978,-0.5304495217538866,0.8381382602827312,0.12707305584313014,0.078479115737293659,-0.10070406291230112,0.99181637418730362,0.16166738619178719,-24.735415326298821,-1.7358859293470257,,0.1125404760680642,0.4444444444444444,0,4
0.28157650524347999,-0.88604050555316227,-0.36830272088862748,0.9590964189074348,0.27154230812771174,0.079992713015690373,0.029132987038822927,-0.37576188925404969,0.9262582100313197,5.097501928864566,14.178279139043463,-0.84364392508899966,,0.4991659703012756,0.2352941176470588,0,1
0.92638753190522449,0.37494928217519347,-0.034916708419555201,-0.36638497458286079,0.91886573741315147,0.14645069821651271,0.086995351200311821,-0.12287714353977598,0.98860154585406246,15.75433623619098,-32.340513887408569,-0.65170562511435437,,0.3506545065328333,0.72,0,3
-0.62957172251293747,0.77536415073657472,0.049496262127991957,-0.77458848697080851,-0.62143406586275218,-0.11761112888482286,-0.060432789645743883,-0.11238387579114076,0.99182545964388036,16.187381134682621,-23.837713719504002,-0.49935536379453993,,0.3384071735378925,0.2222222222222222,0,1
0.90629615951978715,-0.40759442486989733,-0.11177681358252364,0.41457597783880618,0.90876959306769267,0.047587659267693601,0.082182904783673127,-0.089468494625527611,0.99259324933769311,14.19657323557372,-27.401477923662387,-0.66818075831370127,,0.1551651758072276,0.4090909090909091,0,4
0.72116935807382909,-0.67422184722983103,-0.15918435128296216,0.68935932540434797,0.72116403350648339,0.068601437701580115,0.068545440792552356,-0.15920847180554176,0.9848625208890327,3.7106545609164092,9.9293195228841231,-1.008828549949659,,0.1505254521463728,0.125,0,1
-0.96085798215259688,-0.25183328102486163,-0.11546400608801245,0.26286865976780044,-0.96034332525931354,-0.092955717101017479,-0.087475744326755464,-0.11966911129500829,0.98895262675031237,12.177862943591455,12.549376461147711,-0.37519587485354444,,0.07455021247106006,0.3,0,4
0.4277688657657952,0.90206927381465762,0.057313372967757861,-0.90319869914135231,0.42410633367949929,0.066075166305522487,0.035297412806243891,-0.080030262853681644,0.99616727996695253,-5.0939468311324845,-22.990347671392072,-2.156160241557235,0.4520397710908132,0.1441166259441097,0.2592592592592592,1,3
0.33990923443605381,-0.88826181489093226,-0.30895413988448828,0.9399621114359995,0.33154399910850296,0.08093087000594773,0.03054408960624581,-0.31791433572868211,0.94762731795169219,8.3250367145217279,-24.3139871044412,-1.1030558164944599,,0.2334282296831448,0.2,0,2
0.78694546949741773,-0.6014438445453798,-0.13777565059168878,0.61306211797550803,0.7874115410106759,0.0643265465152459,0.069797331903693346,-0.13508651650578185,0.98837238200865352,1.8665473317238492,17.852053723373903,-1.0198644283931055,,0.1388781156283928,0.7894736842105263,0,4
0.68634521813657146,0.72497825180133346,-0.057764833213167124,-0.72425517817781881,0.6885667537496124,0.036472763993656107,0.066216904364961679,0.016803572411944724,0.99766375173728683,4.0853269344172256,13.687827402133419,-0.92739178714854664,0.2726562461816424,0.2787875033437551,0.3958333333333333,1,4
0.99535807987761016,0.062324529861722502,-0.073334478929583405,-0.057674944384432034,0.99628838565385491,0.063898774647793422,0.077044750714185137,-0.059372599646234724,0.99525825834234516,13.863211715200787,14.556772378674614,-0.22651841392687236,,0.09962899889359382,0.3846153846153846,0,3
-0.98550576812004365,-0.11655835073326892,-0.1232579890979211,0.14383718454308952,-0.95934080478031025,-0.24284992202219075,-0.089940232070192791,-0.25705908106465958,0.96220132170837969,23.60458170404419,-26.69656592130826,0.051636368661346257,,0.5633059823846692,0.1875,0,1
-0.71077520188379173,0.69750778203560315,0.091002782302678636,-0.70016067261758586,-0.6890987769391943,-0.1868633408151438,-0.067628728412894329,-0.19653439805967896,0.97816184012287799,-21.792528401139805,5.7642228355084502,-3.4692810730421555,,0.7011826746154162,0.4827586206896552,0,1
-0.91434985249996392,-0.37983947578179378,-0.14030794657148449,0.39636139241396506,-0.91045077719791745,-0.11822448521085396,-0.082837152515988707,-0.16371119368424625,0.98302423735405553,-1.8577157383698097,-28.952307692209686,-1.9534127148640967,,0.1623072413134391,0.5517241379310345,0,3
0.8697251572111413,0.49268953405930488,-0.02889937616076782,-0.48731193994356747,0.86655321738248947,0.10776174939417961,0.078135933490894052,-0.079640093373137849,0.99375662585213764,-8.2546282108726814,-22.543717188615609,-2.427601572604106,,0.1412157919876627,0.7058823529411765,0,1
0.91160047219183582,-0.38598311940892616,-0.14142705056309113,0.40218630575082581,0.90860552402801498,0.11261517292211708,0.085033843651359631,-0.15954006781097207,0.98352234961730545,-6.9991442704455116,19.927127504102955,-1.6364000327237704,,0.196267003117106,0.1111111111111111,0,1
-0.39764240485260222,0.91750327779643626,-0.008261543187351509,-0.91673062039204778,-0.39765354813699288,-0.038426882382957564,-0.038542022503398977,-0.0077065483102108619,0.99922726224542713,3.5166105607155176,19.133946791572349,-0.86533954627349352,,0.109449784181485,0.3333333333333333,0,3
0.59540857828943194,-0.75341584620637914,-0.27902184069438601,0.80137072139966137,0.58173002297699583,0.13926646132709308,0.057389822989309031,-0.30652037950568606,0.95013244611735392,4.0146287478365226,20.14967611592655,-0.80874722044478764,,0.4670659265394383,0.375,0,1
-0.96220380784012027,-0.23071186156401782,-0.14469232568328855,0.25754236994458324,-0.9435925855315318,-0.20809843875735196,-0.088519827503790255,-0.23749751464717561,0.96734645844966749,28.613564178637386,5.0718133471574198,0.46107794011855657,,0.2591652085902951,0.3076923076923077,0,2
-0.99454537556028455,-0.03716938666457717,-0.097457337572050259,0.051623948342408688,-0.98729584257692415,-0.15027270939150278,-0.090633679772994594,-0.15448416075864169,0.98382934504186526,-14.524270759397547,6.2960812534020381,-2.6766952831152002,0.3185290908798883,0.2821480076586256,0.6666666666666666,1,3
