axis_00,axis_01,axis_02,axis_10,axis_11,axis_12,axis_20,axis_21,axis_22,location_x,location_y,location_z,dbh,dbh_approximation,score,reconstructed,number_clusters
-0.8341255188541401,-0.52088782408549561,-0.18141249547864621,0.53435432355186563,-0.84466789743998416,-0.031648063696609802,-0.1367482200898425,-0.12333700885701142,0.98289770909717045,-7.144180380190531,4.335601031012863,-2.6047764625251117,,0.1385564817724041,0.396551724137931,0,5
0.90179595597696516,0.42660458609282892,-0.069083868653676481,-0.41536013737477934,0.89972989081194765,0.134022684122972,0.11933151328796976,-0.092166429376902115,0.98856731649003848,-16.092194090602611,0.076756687168219165,-4.139100699012034,0.6070342655905233,0.5828580727992326,0.7089337175792507,1,5
-0.33570259193414154,-0.92191983766807883,-0.19330696491011704,0.94045747595449769,-0.33964807162415317,-0.013376223805244274,-0.053324531784096442,-0.18628741330550513,0.98104714155536354,13.789524053307142,-2.354919727987447,1.4630529229332447,,0.08142681367269045,0.3103448275862069,0,5
-0.86466785413892333,-0.46424960973127216,-0.191890077604736,0.48944194868411767,-0.86459130811333373,-0.11370333681633349,-0.11311976346812157,-0.19223467376942288,0.97480754475623577,-4.4049875318087794,2.0077315331087031,-1.9721446892162249,,0.3547268411014647,0.2438356164383562,0,5
0.74706358256293026,-0.63673307260119982,-0.19096334167602955,0.65950721982544291,0.74594499485718602,0.09282398206082583,0.08334404961576862,-0.19528711914345204,0.97719839873502479,6.4397015217469624,11.330454598524085,-0.19202835560767678,0.5814689108899358,0.4396253110192198,0.9473684210526315,1,6
0.97203317449855564,-0.19848629844051371,-0.12551771590355523,0.20517782351512159,0.97779221876879585,0.04271343644328425,0.11425221403482697,-0.067272328981388643,0.99117146112141541,-35.495194513763749,-0.8515605642039269,-8.074986598392826,,0.07910241254811405,0.3571428571428572,0,1
-0.50818932414034923,-0.80575006263171667,-0.3041553014477299,0.8568617761532219,-0.50860990969452313,-0.084284377722532888,-0.086784257773634216,-0.30345147277532453,0.9488865560609262,3.2001662950449319,4.7297847279646001,-0.49229924902236716,,0.1953773236376619,0.4117647058823529,0,5
0.27031087831806777,0.9626892559369451,-0.012705336142277066,-0.96098804748038236,0.27058943651382045,0.057300344213431706,0.058600355483216793,-0.0032792302003114768,0.99827613664082748,5.2627260303799952,18.683073136425559,-0.87391973221834029,0.1537265502999252,0.2147443223025765,0.25,1,5
-0.492578064206456,0.86843522074489266,-0.056454566089827365,-0.86914110842184578,-0.49420445881168124,-0.018859653811743808,-0.044278485903045429,0.039777132380594271,0.99822702599444324,-31.141115712011917,23.467575337641549,-8.2486092747982198,,0.4386300786362396,0.4230769230769231,0,3
0.3756826490705929,-0.89590986072632695,-0.23708240896497282,0.92608379044168743,0.37260750788892483,0.059434486167214126,0.035090743344331855,-0.24188668115077699,0.9696697753428245,-14.814331174690919,10.753310256362749,-4.2836916376931446,,0.3048742875570784,0.4188034188034188,0,5
-0.088974483971171553,0.99498887943727843,0.045614372715326208,-0.99555679928817453,-0.090255856248653288,0.026842872497330656,0.030825323893663738,-0.043023368173253987,0.99859841237500424,-15.049995579553034,12.035524502964535,-4.4896233004940562,,0.2437424475517863,0.3333333333333333,0,2
0.98226170663681922,0.089851938274906923,-0.16458605306394147,-0.045423793609604961,0.96559524021337195,0.25605177416177688,0.18193025765121168,-0.24403372977013627,0.95254864447199783,5.6745238287575823,-12.513071633827266,0.62755586142125142,,0.4506984737471912,0.4666666666666667,0,2
0.66721302732297705,0.7422638539087747,0.062218545073014997,-0.73928902502760019,0.6496990999089568,0.17703902691563012,0.090986337679072146,-0.16412023262835645,0.98223522416871467,-19.323405450090927,14.501169906101806,-5.4261240967070421,,0.1799195574053716,0.3142857142857143,0,4
-0.93754929208577664,-0.26653702558206999,-0.22351585828151971,0.30976514006459183,-0.93207069375046148,-0.18785574213289094,-0.1582620703460727,-0.24536143919817224,0.95642609816147217,-35.836322852666669,-7.4057251401029074,-7.7113582471001463,0.6279587620880525,0.6598051265080691,0.8421052631578947,1,4
0.52914109634368511,-0.75313683175557689,-0.39088951484194995,0.84690290661341228,0.49729736912457484,0.18828381085884757,0.052584854568184417,-0.43067416838597156,0.90097424699882223,-22.893538135077829,24.019081338077793,-6.6502860798225827,,0.4779008000685824,0.4444444444444444,0,1
-0.83006411910623956,0.55275835014648655,-0.073836065142430615,-0.54833487476679044,-0.83310849053089031,-0.072519708492451596,-0.1015993271969426,-0.019709118414480795,0.99463014601632327,0.64823225586812705,8.5769390910880183,-1.1359836216005654,0.2511732174191051,0.209288315963515,0.5060975609756098,1,5
-0.96185557150003709,0.27120689042786672,-0.035786619828992575,-0.26570510694219668,-0.95733555980176632,-0.11361963775631088,-0.065074232374831342,-0.099776993958961419,0.99287959781503232,-16.729353111578963,15.199805708052114,-4.9234874726645419,,0.4067415981476888,0.2857142857142857,0,4
0.069748854354664422,-0.94739502198698111,-0.31237440617070522,0.99754742940124108,0.06440355465523849,0.027410002603921738,-0.0058500778788929519,-0.31352010216580783,0.94956354296421552,13.918088399311671,7.5902691154376667,1.2658210285414557,,0.09600186975066753,0.3333333333333333,0,5
-0.69552883545732314,-0.70122297980124104,-0.15660769983001988,0.71261927940130976,-0.70107755703569863,-0.025768617471956187,-0.091724596880766868,-0.12952448270318026,0.98732467137590318,-1.9769793792427854,9.6880330934863021,-1.7330060169817496,0.645660992332878,0.537262870616525,0.9824561403508771,1,5
0.24628895973375434,0.96322405842047354,0.10742979844185664,-0.9689855928404445,0.24240603012933548,0.048023300850614972,0.020215567786191605,-0.11592553574139097,0.99305216428048415,17.830325028559848,8.8469425785042581,1.8327483671828531,0.4621240128783843,0.635273924798456,0.5,1,5
-0.45094411378589494,0.89240565371830116,0.016172676138045756,-0.89153525827666757,-0.44949167746810559,-0.055875890475811645,-0.042594477240720283,-0.039615414910370059,0.99830673112529378,-19.132569004522423,8.9820462004422286,-5.011062142796801,,0.2018451879521513,0.2272727272727273,0,1
0.013504735861510212,0.99988677650417546,-0.006637490595307014,-0.99974644119408318,0.013621866576346488,0.017930367278589519,0.018018752151015834,0.006393662727120243,0.99981720611712566,17.847947059392247,12.064939769543592,1.7552042131187942,0.2094121332648737,0.1794028122977884,0.5217391304347826,1,5
-0.52198081993284828,-0.83194299856348819,-0.18816713518418937,0.851198473251779,-0.52223048471270894,-0.052311375154658293,-0.054746531909094988,-0.18747311267998631,0.98074290681401588,-43.491998417440065,-2.960500562396073,-9.277526323574568,,0.2704023631575188,0.6774193548387096,0,3
-0.55990762602179733,0.82749186901596961,0.04196018392586897,-0.82507089188756189,-0.55219834003377821,-0.11972892976972194,-0.075904371959052128,-0.1016572672089783,0.99191951606020135,-5.5633986075222586,9.0866723623792964,-2.374579138718544,0.6649202139379726,0.4286333912773828,0.2258064516129032,1,5
0.47709402639182591,-0.82152653071228199,-0.31221058488955528,0.8783189870811956,0.45807716878560395,0.13682494059939593,0.03061122202556912,-0.33949884649760997,0.94010823116963171,11.159417513523273,22.225278528103789,0.069743618616492573,,0.485884062993151,0.375,0,4
-0.20489934583073055,-0.92821884869955673,-0.31052540475299084,0.97738282136653554,-0.2110001384879085,-0.014204297084846109,-0.052336207120212579,-0.30641264738413376,0.95045894753393589,15.968441320850305,-9.3748704823200111,2.0202442101319251,0.2485627645221498,0.2468017618158613,0.46875,1,5
-0.91360971586457806,-0.36541280338663606,-0.1782996640461384,0.38961458164271645,-0.91219095062244648,-0.12691787649456329,-0.11626592299215263,-0.18542155409670655,0.97575667173078851,-4.3731132473362626,21.190386109633113,-2.6912296662838453,0.3328513600314398,0.1143735212517814,0.3043478260869565,1,5
-0.83978503913464486,-0.52379636918967309,-0.1428231482265381,0.53153890975148343,-0.84680269556049126,-0.01978843631243676,-0.11057791581427255,-0.092534093258661659,0.98955038584145361,7.2648098830719166,-2.882788051982716,0.36343527188162583,0.3119160927832012,0.2564686036696246,0.9378238341968912,1,5
0.56939018423829568,-0.76416760726031208,-0.30305558253747922,0.82015678746790233,0.55317625628832412,0.14607831272699628,0.056014837886147598,-0.33172865039499627,0.94171038034190968,12.202907293158919,15.41730179130904,0.51244048360521088,,0.2946738917989182,0.2058823529411765,0,6
0.99213691857196662,0.065722555336853131,-0.10651234917378653,-0.042328207076887579,0.97707993894118772,0.20862194468545844,0.1177822469312777,-0.20247305657464798,0.97217899775151495,11.042521853614209,10.788344647086129,0.75830739973288219,0.1788730697777991,0.09646425024770203,0.3636363636363636,1,5
-0.20873062656649599,-0.96586864789334359,-0.15339257006074958,0.97696424350813327,-0.21305720349153312,0.012144749768849876,-0.044411625051764415,-0.14732407494042324,0.98809069649663717,1.1217462741190585,-10.86369206974182,-0.23769622905019702,,0.08029316873772122,0.2857142857142857,0,5
-0.88157112210773514,0.47039265308245692,0.039536168147089941,-0.46555237781566194,-0.85252971018298052,-0.2376006665931413,-0.078059849960723959,-0.22786804335265906,0.97055799138574839,-5.2160390394550991,4.7334328356522457,-2.2833080314197645,,0.3147423830544304,0.2180851063829787,0,5
-0.62739045888458844,0.77805791893289833,-0.031734632287004669,-0.77827354818547534,-0.62787822003442606,-0.0076957781406400512,-0.025913245558487251,0.019869967091238394,0.99946670185275155,13.008528455266671,27.165518339109138,0.12900946586395373,0.2055536167521551,0.2687608572772653,0.36,1,5
-0.99174273384296718,0.055211492013259492,-0.11574990721096887,-0.052077641980390943,-0.99819448178670522,-0.029928176294813782,-0.11719329791178484,-0.023653069150556583,0.99282740858838037,-7.5419862648893501,6.1904713293266997,-2.7171547128957303,,0.1210088962736122,0.6219512195121951,0,5
-0.95918629928141497,0.26807606689263286,-0.089982585149574107,-0.25965135436570441,-0.96099822266941204,-0.095202889674034022,-0.11199472062056809,-0.067953207323919254,0.99138264265999387,-30.597755795653992,20.22047475365877,-8.0027455623452077,,0.1817675907568787,0.3846153846153846,0,1
-0.36008646178384895,0.9292073561377705,0.083135006702606873,-0.93268928904416326,-0.35658845275998663,-0.054179013100381881,-0.020698554110885819,-0.09704825942639346,0.99506442263806483,-15.132560629015945,1.7979477386629492,-4.0293967314417216,0.3330063836937138,0.2862526425892788,0.5,1,5
-0.40083480650704972,0.91601588729818761,-0.015695607977013793,-0.91568993004173116,-0.40111764560456764,-0.024831157943534448,-0.029041520494360241,0.0044191177807916338,0.99956843761966252,0.72878459636962967,6.6856921986936735,-1.0575642750474561,,0.1063698863864016,0.234375,0,5
-0.19890690285124532,-0.94241008534557336,-0.26888524510852962,0.97820659257449361,-0.20759593505359314,0.0039736624192860288,-0.059564303420113617,-0.26223493052637575,0.96316402287974956,13.612546889713139,12.904324200047139,0.93547183327447192,,0.495159193245949,0.3809523809523809,0,4
0.9906572366879538,0.066817150407206649,-0.11888527162458072,-0.059431955230898781,0.9961385520852879,0.064620644896663013,0.12274396968984697,-0.056951325365516316,0.99080293925880669,-5.1015948795852726,12.690441680632135,-2.4470274303947832,0.3768911170768697,0.3323214526794926,0.5363636363636364,1,5
-0.80475847677129531,0.58879917961049533,-0.075361264285784574,-0.58539912748116485,-0.80824863669487268,-0.063576747519594634,-0.098344575900428347,-0.0070475081331664129,0.99512746772465155,12.907354027311293,8.761283163865901,1.0559112185994242,,0.1232492783023159,0.4166666666666667,0,5
0.0078076925567579763,0.99520146723033454,-0.0975350170940118,-0.99991179084501924,0.0088180723003436264,0.0099323778629791908,0.01074478785487322,0.097448864659861203,0.99518253014733848,-7.7930312280477452,16.522225633288716,-3.2126400291839925,0.2126140505776734,0.171611273488355,0.7551020408163265,1,5
-0.94834040958289723,0.30437763956597896,-0.089469101282997801,-0.29750206797563927,-0.95115420096769265,-0.082451231232343714,-0.11019522268393681,-0.051574591745881172,0.99257094173861671,9.7818088065102575,-10.523780830793397,1.1038174856336311,0.3750852759984444,0.3759944461622142,0.8214285714285714,1,1
0.91784431000761268,-0.35558117309521448,-0.17641953385858505,0.38320466499907563,0.90966467271931351,0.16020102349676288,0.10351814966273065,-0.21464438624547189,0.97119090818628906,-8.9354847692403414,11.415717897334453,-3.0751619654255755,,0.1079385387481955,0.3564356435643564,0,5
-0.79883226952155006,-0.52276729479713147,-0.29762620963473513,0.59190859456462719,-0.77132054297292707,-0.23389919980298626,-0.10729035768221727,-0.36301374006838705,0.92558619461937952,7.4141732158770335,-10.261726144993824,0.67245532677855391,0.6197138721856076,0.7664054139547781,0.3285714285714286,1,2
-0.76353988316583365,0.64564429912619226,0.012259111752233149,-0.6434031459655235,-0.75899459039257267,-0.099797813184853049,-0.055129289645098112,-0.084087161687498094,0.99493221410434185,-0.10552325414325653,20.321504581642024,-1.7888108897943304,,0.2013530891981581,0.35,0,3
0.80794326504216041,-0.551677764614111,-0.20707323463787536,0.58051482404596999,0.80550580482885237,0.11900814026738046,0.10114454773190457,-0.21636090778465866,0.97106011041887008,-0.75663750781077543,-11.148590013879481,-0.50629657411441564,,0.1667545839941028,0.4166666666666667,0,5
0.7388984011275872,-0.65749782112898647,-0.14739663504209866,0.66949124729492349,0.74112122807424785,0.050207520285404407,0.076227439984469,-0.13577901350487528,0.98780232682711377,-7.4710221935776397,10.741002778822004,-2.7569933159283084,0.227139742444644,0.1766843990311872,0.725,1,5
-0.91475484110935779,0.3894098881916187,-0.10762676082456066,-0.39014081496340469,-0.92063215404644794,-0.015052622213098433,-0.10494629658395035,0.028220133139143472,0.99407741092880941,2.3932431706130894,-2.804056938404635,-0.5470518043680267,0.226293405504087,0.2088087115892447,0.7821782178217822,1,5
0.96556407152980628,0.22676572331184194,-0.12752776365027749,-0.22250176611489086,0.97380198308244448,0.046932524121909937,0.13482947692006483,-0.01694120643745306,0.99072398158008967,-7.8670104308962054,3.6572523460512247,-2.6680946156807095,,0.07277355956132601,0.4098360655737705,0,5
0.00076459774347347321,0.9984370795618589,0.055882139778984492,-0.99929385645630209,-0.0013364051935443157,0.037549999598551334,0.037565993118553576,-0.05587138961173202,0.99773101785194174,-13.185048617781286,14.408960311122938,-4.1943420894886732,,0.2980794771455146,0.125,0,5
0.46418887626402883,-0.84083983611296897,-0.27841885201662198,0.88449280372325068,0.45669142497912574,0.095422337596174703,0.046916599562639529,-0.29055345868884597,0.95570786348623693,-10.361625803117814,-10.851996774855737,-2.4227870422207416,,0.2119281431933609,0.2325581395348837,0,2
0.3804815229399392,0.92253433426350151,0.064530712116813688,-0.92300857323764129,0.37449630631081715,0.088361135627426021,0.057349668099461008,-0.093182179973174628,0.99399602459181335,2.5298604819490174,15.020653155841236,-1.1107122086121208,0.2833615980927079,0.1260673841380912,0.4545454545454545,1,5
0.99026021035787803,-0.064402959724903522,-0.12343814062373427,0.072273842160397242,0.99555549958437384,0.060379955172909297,0.11900087193523563,-0.068713215802937072,0.99051364778718376,15.608005945547106,4.8053479715431848,1.5612653626214652,0.363750795579989,0.3190959339579023,0.8314606741573034,1,5
0.24337813808094319,0.96885582333954889,-0.045667006528775048,-0.96903239842962474,0.24490965466338163,0.031551098972834757,0.041752756771066095,0.036573961143264139,0.99845833797325179,4.0316726882926979,3.1229694393911958,-0.32519142513100774,0.0698700650277245,0.09212762510958365,0.3037974683544304,1,5
-0.84681164091080141,-0.4852295192425784,-0.21785857447796872,0.51904256251555347,-0.84334577644576447,-0.13914998975342854,-0.11621042601782401,-0.23091170391885238,0.96600979388308938,-6.9826584938571852,2.9679462503290943,-2.5114904111557288,,0.2360567746367045,0.3790849673202614,0,4
-0.48534074512093317,-0.82174848319080462,-0.29861981096215001,0.86803310516662446,-0.49377375134617868,-0.052019331179002204,-0.10470381779212233,-0.28445898272885495,0.95295340792959005,-38.913524620622113,-7.3461117281669361,-8.3021700655381494,0.5944323472696778,0.5014741416529941,0.5416666666666666,1,5
-0.97717114285803142,-0.17432590479785204,-0.12143737679124716,0.17590640994970319,-0.98440412626848584,-0.0023347642678371605,-0.11913644490304415,-0.023643077252964221,0.99259634917416195,0.6387966387410382,4.1598171893774731,-0.99312555841570171,0.340782293636787,0.3108065168244529,0.9303571428571429,1,5
-0.24595984455299036,-0.9239057272898753,-0.29309036481678508,0.96838730087597757,-0.24720472754045605,-0.033404463530915078,-0.041590748606007984,-0.29204114395512193,0.9555010098727138,4.9493382001975643,10.381431210213451,-0.40979051040183656,,0.08150603811672417,0.25,0,5
0.9924126086980295,0.051619342658692301,-0.11159147620071921,-0.044599804767097212,0.99691981611422276,0.064511531167076641,0.11457779676668593,-0.059045098884398531,0.99165800797745929,3.2620469867724999,-12.775012070711265,0.20200145623421017,,0.1026782473542645,0.3571428571428572,0,5
-0.82955025749500533,-0.53000160099098903,-0.17591098100163946,0.55672380224695672,-0.80952892873000126,-0.18633711804401298,-0.043646057114727042,-0.25250983445451303,0.96660943777830577,-25.375367411413048,16.761637409541578,-6.7509783331017585,,0.3236884024063738,0.4,0,2
0.95814804967934575,0.26480007726010074,-0.10878066914075736,-0.26051865433395011,0.96406169519369245,0.052106416152829023,0.11866905931915886,-0.021586267470516698,0.9926991928157276,-21.807835582153697,20.772375039227292,-6.296075366193957,,0.135518452515135,0.5238095238095238,0,1
-0.91335238113834616,0.39009383041637558,-0.11668003830987768,-0.39352204844948002,-0.91928861101666326,0.0069890656871986019,-0.10453623894630755,0.052299647476202048,0.99314496505838767,1.5710524794633265,-6.8571926172204645,-0.46758182637035423,0.6343909449607126,0.652060886683637,0.6977272727272728,1,5
-0.39433645944781631,-0.87791191986486472,-0.27160526082782094,0.91596637134135062,-0.3993512389908378,-0.039040933496038634,-0.074191396549196181,-0.26417654868604573,0.96161654925568396,7.9102270437770574,23.891854586249067,-0.5275463417457833,,0.2010831205536771,0.25,0,7
0.54413247197461734,-0.82305231827437375,-0.16280274667821823,0.83750573504879422,0.54441305823276309,0.04688886633337884,0.050039951070837939,-0.16186198877077262,0.98554385995144778,-1.7574284218655845,18.966622041006133,-2.1093578414066427,0.2073652392777683,0.1655720288949809,0.3125,1,5
0.19625991297715631,-0.91593721402136563,-0.35005866155400267,0.98051371024049205,0.18647114440917381,0.061817281832504622,0.0086550903302806525,-0.35536957139506731,0.93468580664192313,-3.4314556135949017,4.5358087797863273,-1.8723514546351177,0.3704137362628738,0.1517683938871612,0.6709401709401709,1,5
0.61368384499759676,0.78505467984035271,-0.084150389480542112,-0.78520025395080251,0.61799977718197807,0.039202507555263048,0.082781033966487769,0.042016961620119475,0.99568161344460526,20.891485453121021,5.6693886198441055,2.3886960780802671,0.4032527555254571,0.4498569627608073,0.6,1,5
0.39825047302246941,-0.90423766063638933,-0.15411299044600374,0.91657251927448902,0.39887008087293024,0.028239608624042557,0.035935743323275184,-0.15250216939851324,0.98764958901452049,9.5359072351142089,-9.9399585434037121,1.0278387787530894,0.8534402790364796,0.5003303421581455,0.7389380530973452,1,5
0.22549909503417012,-0.94990418198691118,-0.21640749336043569,0.97416822371135903,0.22260757123653369,0.037975533429131653,0.012100828476836988,-0.2193807518264724,0.97556427552377367,12.901216762346291,12.355866413847304,0.92978200708171088,,0.1605133716584654,0.2222222222222222,0,4
0.99261390437658947,0.0096551601473580887,-0.12093144636856133,0.00049915441512263128,0.99649447087515164,0.083657159646510007,0.12131524093506649,-0.083099623331159972,0.9891294480092514,22.474135863255274,-12.109196916334643,3.0451273654456408,,0.1685851530620084,0.4117647058823529,0,5
-0.92416796720655159,-0.35303841276792985,-0.14586791113747627,0.3642142406496951,-0.92951595214861604,-0.057862609768458612,-0.11515882639761432,-0.10660194093707551,0.98761048540969398,6.7905336765672102,9.9525892059010079,-0.0055549465990662071,,0.1821755481057956,0.3,0,5
0.14810611837329266,0.98896663631700155,-0.0030935339390993108,-0.98884852888963881,0.14813630344753861,0.01530432990026207,0.015593736344875559,0.00079237158891649982,0.99987809633678437,1.1000135955536954,2.8794292723591579,-0.87816722449164508,,0.1550202118899014,0.25,0,5
-0.81461216398053593,-0.5113903550035731,-0.27365475896513974,0.56312099636493562,-0.81034789658713346,-0.1619599640336194,-0.13893079481494144,-0.28603529730809213,0.94809389985695025,-14.178492108403818,29.418289334789435,-5.0285874801138615,,0.2754169057610046,0.3333333333333333,0,3
0.6937509005846455,-0.66923253528972948,-0.2661531544950681,0.71606672869241361,0.6805348422426023,0.15530862356476824,0.077188911106064059,-0.29832891613706947,0.95133681196448105,0.36541034350689872,17.152535556633737,-1.7039138128382516,0.3914721289745949,0.3379910347728106,0.3396226415094339,1,5
-0.69352705799087266,-0.70281013332904718,-0.15836077899698917,0.71511240914626872,-0.69822980445810912,-0.033005794209677281,-0.087375409123767164,-0.13613616953770635,0.98682950970471917,-6.1073362509026303,20.74802261624453,-3.0705203763035001,0.2340893077388537,0.1988364308589157,0.5517241379310345,1,5
0.38140918235879573,-0.84947045019126466,-0.36459153838816294,0.92356304067110295,0.36701372156818085,0.1110506104756851,0.039475885281312913,-0.37907899233870274,0.92452191539667261,-35.487743432776391,-7.8110243435700681,-7.644574479653981,,0.4860228836705629,0.392156862745098,0,2
0.70511093631138555,0.70879425789305561,-0.020718771003962532,-0.70601311635417641,0.70446669837238385,0.072609575265094345,0.066060934219447517,-0.036570081516806477,0.99714521615856355,3.6475374829586364,19.223941768336999,-1.1460890791309761,0.8557119755220453,0.4939114042759876,0.1818181818181818,1,4
0.98833942769317229,0.099409621252841834,-0.11533821079546244,-0.0935768310328014,0.99409493355335432,0.054942149370133642,0.1201189092565801,-0.043508508201478065,0.99180565503181661,-14.621855488465531,-12.19576113518321,-3.115002298375606,,0.23605805315423,0.6190476190476191,0,1
-0.36493426311391197,0.92888278399000945,-0.063243633770329752,-0.93076301414887197,-0.36562228824804016,0.00074419673031503482,-0.022432010565537713,0.059136418079188895,0.99799784015735737,-3.4776987099442258,22.675199618924243,-2.6466085118713014,0.1646772860755206,0.1834768021719187,0.3684210526315789,1,4
-0.55083526104297253,0.83251246776574706,-0.059190423265135246,-0.83277466820852097,-0.55294314195216832,-0.027207237240329963,-0.05537930282973786,0.034305579468209751,0.99787587406222122,-20.229628669312117,19.404010901370036,-5.8839259727386679,,0.08490238464202171,0.6666666666666666,0,1
0.090882608735604414,0.99571577621621132,0.017042430095487053,-0.99551487948450357,0.090386109227486314,0.027937000262592996,0.026276912953507793,-0.019504980206743558,0.99946439636075524,13.776611301836585,-5.6529299096071677,1.5660251366000062,0.354008106467443,0.2728800076260907,0.6666666666666666,1,5
-0.63166083355153957,-0.72692012716101473,-0.2694285064450106,0.7704534447439958,-0.62720554731472455,-0.11408194817650971,-0.086058589571786887,-0.27964321938114584,0.95623929484991543,20.269671978814216,-2.3810399687198163,2.49725450725869,,0.6499481896134335,0.1372549019607843,0,1
0.95815131981224289,-0.24787626804730548,-0.14319009770580302,0.26373267212737911,0.95888164668340237,0.10483828168316552,0.11131543466478247,-0.13821484505170464,0.984126785842517,-22.449757899176952,17.020192771141943,-6.2572303597472407,,0.1522173939488987,0.6190476190476191,0,2
-0.99038837909223565,-0.06442272893651256,-0.12239514106134505,0.065842012175935091,-0.9978012488745559,-0.0075826892986809091,-0.12163752706988885,-0.015568549731717,0.99245248363212468,-0.3832014116275374,5.8935462808777705,-1.2640982795998186,,0.07928779392384966,0.3608247422680412,0,5
0.54601769699412861,-0.82187654064235338,-0.16243037434847601,0.83601431190365316,0.5470904010230947,0.042097071164751462,0.054265503420578266,-0.15877986349076958,0.98582159140909642,3.1857315983636374,-11.199269749049112,0.090686562129678239,,0.08326737839796393,0.3396226415094339,1,5
0.29003740131524985,0.95455340973905622,-0.068600975166809991,-0.95583424178233878,0.29249443599308034,0.028773375705161891,0.047531127429056637,0.057225805967504449,0.99722916075328005,-2.3545820018217007,1.6501332033014164,-1.6345960056289217,,0.08581865961363308,0.3359375,0,5
0.98416994511158984,-0.1181881368120942,-0.13206469420680786,0.13342512309698482,0.98457424839084406,0.11318695124509823,0.11665014215853496,-0.12901594367554542,0.98475765069985788,-32.069231460768158,0.62571049892078945,-7.4606273284948985,,0.4951568549340613,0.6129032258064516,0,1
-0.98387406344887018,0.14220307470933866,-0.10849015077793502,-0.1297663578451882,-0.98494709782787915,-0.11419241153436058,-0.12309557118029639,-0.098272580222809006,0.98751707850150516,22.190690841085786,3.7462015784700022,2.7014525214205354,0.1280068742293065,0.1223709713659837,0.3846153846153846,1,5
0.35382325136527942,0.93411126124169375,-0.047384157845815497,-0.93321706459994447,0.35596642243616028,0.048926643431429329,0.062570097752580295,0.0269083206361144,0.99767776618895276,-43.753839853978967,-4.6754424283841143,-9.3314737359924855,,0.3011343561641016,0.4782608695652174,0,3
0.32802703925047483,0.94127676016484119,-0.079977011035339163,-0.9433302414747492,0.33089091522498654,0.025283546839023469,0.050262481432554316,0.067151046121039684,0.99647600069700171,11.348542348555332,-4.5567909402515552,1.155731836524079,0.2034785203948007,0.1531991228350204,0.6410256410256411,1,5
-0.58166233602295259,-0.79796822074891738,-0.15784690534543422,0.8095402463741499,-0.58683226753540418,-0.016506946408631495,-0.079457638731614058,-0.13738489165139017,0.98732561761210946,-7.0011259869590123,-6.2370558176339372,-2.1366157237026346,0.4057619714981779,0.3538055406971242,0.8607407407407407,1,5
0.066979309888003491,-0.98565687871305052,-0.1549009021683683,0.99775418056838638,0.066261481754871024,0.0097985301937310622,0.00060597461611386382,-0.15520932150259689,0.98788141966203058,-16.099696688166624,22.599859272976673,-5.2301381634455701,,0.2204635536061453,0.5600000000000001,0,2
-0.91785215441302992,0.39285020289061612,-0.056711028276364282,-0.38326424586935171,-0.91433393371793859,-0.13077452156318076,-0.10322761489813619,-0.098296366874282365,0.9897888076664435,-4.9952837028741799,-5.008604197337533,-1.7932524876640887,,0.5951481968314003,0.3935897435897436,0,2
0.98222045201597974,-0.12618487885791524,-0.1389976977835862,0.14313064301321088,0.98245931212709992,0.11952957393620157,0.12147675774463489,-0.13729922200201397,0.98305255249426626,16.79771850781842,17.636775905881315,1.1775714907125638,,0.1696132325482315,0.2142857142857143,0,4
-0.76824245287468973,0.63393093530534084,0.089079194338387582,-0.63461981118467881,-0.73591960826068092,-0.23596615314355798,-0.084031118361015775,-0.23781063777792236,0.96766981543636821,3.637625298595601,-7.492868623422078,0.0035226922674707491,,0.08265900909063957,0.2307692307692308,0,5
-0.94186894261021259,-0.31194198628656344,-0.12480020888569691,0.31615816563699523,-0.94858748834384965,-0.015026352137407053,-0.11369656655928692,-0.053609459511364074,0.9920681007892197,14.50450429610628,8.6273355633484421,1.3556092755475864,0.24414196497497,0.2060815598559516,0.525,1,5
-0.88890492872025917,0.45752930118888363,-0.022692867832064288,-0.44726112521358147,-0.87753139999231988,-0.17290496782973172,-0.099022793181735666,-0.143546440503174,0.98467705662788563,-2.9822952307615194,-4.6312282878765272,-1.4538432504321916,,0.4118494034771112,0.23224043715847,0,4
-0.35592184626345358,0.93064354573480534,0.084983705112004856,-0.93300975570589695,-0.34871524747456195,-0.08882832845650826,-0.053032396797022791,-0.11090656861027046,0.9924148819566635,7.7779036647134552,7.8274696933539136,0.219829188195139,,0.7641101376541729,0.3700787401574803,0,3
-0.9894433366780514,0.10212007714909947,-0.10282690964172121,-0.077570606596130645,-0.97253818423607774,-0.21943628048957986,-0.12241194588647412,-0.20914341980051684,0.97019294238745724,20.45317604005826,7.4594519018125371,2.2794746629784237,,0.1628046343972141,0.4166666666666667,0,3
-0.15230145292419858,-0.91174114674195328,-0.38148702307529148,0.98753569741716385,-0.1558967272104462,-0.02166695114382633,-0.039717927488419791,-0.38003196152789781,0.92412022727201704,4.5697166991248723,-6.0468398685901183,0.009052862810328046,0.7634730256137339,0.5107772990798,0.4943181818181818,1,3
0.96645538861046121,0.24712560691152743,-0.069949383374069252,-0.22320275427363861,0.94288831411933949,0.24726940284202573,0.12706105741125009,-0.22336195178633159,0.96641860815266589,9.9240123082821796,13.851603433494978,0.19121858102591491,,0.1394040002955501,0.2222222222222222,0,3
0.13216096224770701,0.98525543331104437,0.10865178870514702,-0.99121482355367407,0.13193372936570633,0.0093093836056261283,-0.0051627149079048499,-0.10892760066541583,0.99403627911060499,21.899321029902193,-5.4375897790538739,2.8059198363494571,,0.3196294000866478,0.2380952380952381,0,3
-0.16489015931997239,0.96645301439976927,0.19692589041828518,-0.9862787328844852,-0.15992647455942763,-0.040960759206436166,-0.0080929858030907628,-0.20097784378531147,0.97956235630418065,0.92496533368757816,-14.255794007440555,-0.17629003322896483,,0.6362777923081729,0.4431818181818182,0,3
0.43191172488607288,0.90054292057114449,-0.049746458317460482,-0.89947877250179209,0.43414094940262071,0.049594091084128288,0.066258582271332439,0.023325613839398105,0.99752980708067485,3.3152176063378356,23.046084035586279,-1.3407658730626111,,0.1581249779203525,0.3076923076923077,0,4
0.095478173121067877,-0.91500720213248776,-0.39197670658234135,0.99541172118054932,0.090246218990753288,0.031798196399288894,0.006278836981331506,-0.39321424186256082,0.9194254380876199,14.649386596893065,18.440973938375006,0.83383616171790487,,0.5105103007874393,0.3636363636363636,0,3
-0.86408953286991219,-0.41335565801061819,-0.28720442053573375,0.45181883282113938,-0.88845660459643094,-0.080651125578786412,-0.22183106521134716,-0.19945415949433307,0.95446792338328934,-2.3962385510654864,-18.26853379672939,-0.5793945375636641,,0.2077833656329929,0.1538461538461539,0,2
0.95135762630348109,-0.24284023102625421,-0.18959770322797451,0.28136916895341335,0.93552194971052893,0.21361196682835282,0.1254992336099032,-0.25656832190457057,0.95834369542372455,-11.313561982595541,8.7458448079176794,-3.4179494491461035,,0.3836820651901012,0.4285714285714285,0,2
0.78740579247619913,-0.5669549118608691,-0.24197984604458875,0.61030089611691707,0.77223598428241835,0.17659105520453786,0.086746378447844455,-0.28672933665078354,0.95407617794911137,-14.787221154154103,28.865241103846991,-5.1255939714901206,,0.1666659449529443,0.4545454545454545,0,1
0.99035131610308602,0.061618306531761903,-0.12412676984858494,-0.044745581515046054,0.98991589627682541,0.13440368757340751,0.13115679024650659,-0.1275527443789729,0.98312165766685589,32.994340771710682,1.9065316053068757,4.2050856865361776,,0.226671579202159,0.25,0,6
0.60193624006335233,0.797040515989071,-0.048981412497696379,-0.79424049739272451,0.60392447166780172,0.066762750258835435,0.082793690579365697,-0.0012838974419233516,0.99656588161927673,-0.24642539409850414,-22.086772622429439,-0.03784901838119379,,0.5704201310878573,0.2222222222222222,0,1
-0.85931086465236362,-0.47056256362031329,-0.20038890091391537,0.49950593725922243,-0.85633140735396251,-0.13111193470454263,-0.10990294142193822,-0.21276135574455546,0.97090367646257547,6.4764485947603729,-9.4941300000081714,0.53867228871540296,,0.1520580113768336,0.1842105263157895,0,1
-0.26850850967914203,-0.95042307312108343,-0.15684120092935702,0.96224119504115357,-0.27219030535414374,0.0020785179796052309,-0.044666125818786123,-0.15036096484890904,0.98762164691446808,-23.887418642798874,-8.1159815798186283,-5.4907350172272968,,0.1189707456805706,0.3333333333333333,0,3
0.43489582004957,-0.86827970121018327,-0.23865453310123308,0.90017813519608458,0.42607374153522248,0.090224673394125238,0.023344177396346564,-0.25406992588760291,0.9669040914905449,10.144215976205077,26.906852427800096,-0.29266053025467975,,0.3601241379353238,0.3076923076923077,0,4
0.27362444046619605,-0.93371169285411637,-0.23089421865231469,0.96175265376483032,0.26877196363300493,0.052853235862778451,0.012708208208438243,-0.23652506461760112,0.97154227661577941,14.770058172539628,14.654141322470675,1.0196030856904807,,0.1595924654781836,0.1578947368421053,0,4
0.9572597925213806,0.28585534947322544,-0.044050071503526751,-0.26301182982373666,0.92369360385637622,0.2785945146042752,0.12032650163075227,-0.25510163733767383,0.95939808611073663,-21.404382460630515,-5.7183502584112649,-5.1018137302819406,,0.4908485946027918,0.3771929824561404,0,2
0.79115142185294796,0.61161031893165851,-0.0034993537081195194,-0.59918487199583093,0.77620092226538417,0.19618770972134647,0.12270662928871955,-0.15311742569244885,0.98056011395422293,-16.242422359690931,2.3744812723150721,-4.3043029171691307,,0.3379235073119363,0.3333333333333333,0,2
-0.034903333932041494,-0.96518183971728555,-0.25924076369349175,0.9985836435424903,-0.044104021476544457,0.029758060067839692,-0.040155499372228551,-0.25783493085606723,0.96535417557527248,-9.2579244357683734,13.661814602706173,-3.418065227400644,,0.1680750789528734,0.3333333333333333,0,4
0.067402157189789466,-0.97667689708396632,-0.20386070712277904,0.99772142468268243,0.066591103617184275,0.010843599411842608,0.0029846164447054771,-0.20412707713941824,0.97893984924672306,16.087496177824406,-7.7193947736078936,1.9837383579511616,,0.1685183182383019,0.3103448275862069,0,4
0.70431647247737184,0.70985580124747572,-0.0065610999334423442,-0.70105163537214432,0.69697518727467112,0.15083830039310178,0.11164636643919151,-0.10163822980917168,0.98853667564849834,-7.7648854328735304,32.612306919300686,-3.8942181847577593,,0.2484437763493485,0.1176470588235294,0,3
0.36516772655990498,0.91946803211012207,0.14570885150398408,-0.92944810840070813,0.35122573941498869,0.1129897949495436,0.052713805301987493,-0.17668904295381235,0.98285412795116733,23.331663403247525,-9.9041793687926081,3.1786896202432908,,0.3779073376322812,0.25,0,3
0.40070870358497612,-0.88655304569713345,-0.23120603806212592,0.91455237472339446,0.40219283916846416,0.04283542937114921,0.055013532508361628,-0.22861456053092366,0.97196136443492698,-1.5104413137204065,-20.987122366157308,-0.29837238883009953,,0.3524218636310786,0.4705882352941176,0,2
0.81072651114890715,-0.56241079309230613,-0.16253191666132646,0.57938448078141502,0.81059856276887121,0.085109303056073102,0.083881747418441704,-0.16316883847819599,0.98302583007757482,12.674806323551223,18.630999670385425,0.48154858702479691,0.259717568740468,0.2346905417047873,0.2666666666666667,1,4
0.77529745205009171,-0.57800427692260248,-0.25460737755182306,0.6278238404283627,0.74926782272943782,0.21079600378581873,0.068928123682710049,-0.32327818621346621,0.94379029878681941,23.160661150877822,-0.66426553795993004,2.9435035596714565,,0.514977091171678,0.6271186440677966,0,4
-0.33193716560776443,-0.90384253787722679,-0.26997478551142151,0.94185371461768297,-0.33341452529173971,-0.041789168277879256,-0.052242687039972945,-0.26814813265830961,0.96196012422693766,17.236220081332988,-4.9927084580013643,2.0560218913207295,,0.551708109208948,0.3333333333333333,0,1
-0.55264606233285496,-0.79922496147633193,-0.23626635549977285,0.83164516976432556,-0.54731844868066826,-0.093855353291390109,-0.054301394048912197,-0.2483585647545529,0.96714496427236918,14.196069966148412,21.023158234935835,0.58943318853056503,,0.3912037579379926,0.1538461538461539,0,4
0.89116971226772324,0.45347599822708307,-0.01326887216814311,-0.44103195717700239,0.87282872294127223,0.20895174839500902,0.10633605543411233,-0.18035947283317019,0.97783592891346272,-9.2610663456930418,-4.567923888069557,-2.6231892434391924,0.5340235232517178,0.5065379758770833,0.1748251748251748,1,3
0.020474874838838468,-0.97929911002380055,-0.2013803183206517,0.99970745101469516,0.017459503214500075,0.016738522431945048,-0.012876019805660735,-0.20166412386464772,0.97937009820591769,-14.407500460645005,18.757604044050897,-4.7558839245446176,,0.1960226034991437,0.48,0,2
0.99083982425835027,-0.055122988858385104,-0.12327975812354945,0.065042931554831346,0.99483372925790037,0.077944006732866111,0.11834635490134894,-0.08524850280291088,0.98930623825559028,-15.406284255596828,13.17701132620703,-4.6373660707597688,,0.7773992120547797,0.4081632653061225,0,1
-0.90276664252751315,-0.3998525330580574,-0.1585255214363229,0.41968541584309832,-0.89956608368400048,-0.12101658074014846,-0.094215396131463763,-0.17578058167069047,0.97991052971141535,15.634530919162849,12.032336485636804,1.4574076659583057,,0.2473032656576038,0.2272727272727273,0,3
0.99413133379960428,0.028781251327856368,-0.10428101807051429,-0.0021589985683240086,0.96904579301064953,0.24687160584713527,0.10815835558569735,-0.24519765622934511,0.96342092539898339,-8.2267595641747011,-9.0038844788762358,-2.1690719553695899,,0.5248345813954152,0.1764705882352941,0,2
-0.28735417090453097,-0.92769355387716657,-0.23835320547146524,0.95245881391140608,-0.30305870809411867,0.031267031371738446,-0.10124123797271116,-0.2180368994988616,0.97067508579888695,23.426940585522203,-4.6586558001013811,3.0190989616191408,,0.3234266169117013,0.4166666666666667,0,3
-0.23803181254403658,0.9699271413796382,0.050815318872597721,-0.97120336531044182,-0.23714093449839035,-0.02298261070683719,-0.010241065700042165,-0.054822601181932419,0.99844359028087981,23.988797037121596,-13.172813011589888,3.2589966601248519,,0.2362425717778721,0.4545454545454545,0,2
-0.98103601996324763,0.17104172169344992,-0.09117596709006974,-0.15909948163451829,-0.97928926205472555,-0.12521939214010416,-0.11070538594981112,-0.10833868498578904,0.98793068929821792,27.455805570360909,-4.278691868856316,3.5950357904291499,,0.1520791423158617,0.1052631578947368,0,2
-0.76869415189565227,-0.61989131112472962,-0.15761999629960588,0.63243538337892546,-0.77344728509383009,-0.042482738039531162,-0.095576078030936332,-0.13234069507542862,0.98658560385562932,33.743541325317459,-2.2567336396856925,4.3441888094603742,,0.1160099590594909,0.3571428571428572,0,3
0.73765541620178032,-0.61996503728457353,-0.26740949776123341,0.67042403746218338,0.71947902578151257,0.18133268170241645,0.07997560216142556,-0.3130387899370019,0.94636706359303002,6.3272422748905699,-16.348133685957176,0.83545178096548611,,0.2908078501720937,0.3333333333333333,0,1
-0.58548043632490621,-0.79002295210014495,-0.1818691668089189,0.80621517121273023,-0.59093983001691353,-0.028411529455662228,-0.085027974145137727,-0.16326007611952817,0.98291219910947281,20.030433607365623,-12.358259348212322,2.7219337962492007,0.1467459125645922,0.1139429174075057,0.5,1,3
-0.12306497590473826,-0.95192878925371749,-0.28051130439880712,0.9922559912240202,-0.12282144658084428,-0.018518643034213196,-0.016824374746360657,-0.28061801875457471,0.9596720627196843,-27.496237984171497,2.0119610464844806,-6.6057489629409565,,0.3980062444737795,0.6111111111111112,0,3
