axis_00,axis_01,axis_02,axis_10,axis_11,axis_12,axis_20,axis_21,axis_22,location_x,location_y,location_z,dbh,dbh_approximation,score,reconstructed,number_clusters
0.97790481535785356,-0.20682204543404506,0.030443613819677313,0.20395933628795893,0.97586129222176565,0.078072578311737723,-0.045855874660713961,-0.070138291009583048,0.9964827439014472,-21.134376680000102,21.964887642017146,-3.3647352080422119,,0.1982156118013734,0.4782608695652174,0,1
-0.89128973570113645,-0.45338273939783252,0.0068336410436795709,0.45104212835571689,-0.88803302482409385,-0.089209558176877798,0.046514572793284061,-0.076429303528724374,0.99598943572709187,10.954878012021142,-7.462420852665244,-5.6041948160808444,,0.08408880876136331,0.3333333333333333,0,5
0.4301858574139189,0.89938940071126128,0.077709934817185494,-0.90211215327664784,0.4315016091878347,-0.00015549559510662274,-0.033671813013593462,-0.0700361846230141,0.99697599863378361,-11.934880123271396,20.230659602025757,-4.112232084178074,,0.09993856615648543,0.3571428571428572,0,1
0.74708290594535032,0.65440113816867251,0.11673166668815868,-0.66290973859258095,0.74644846963107292,0.058011728680875688,-0.049171232680963337,-0.12072212949154547,0.99146777926852458,2.8798519134805889,18.28328596168652,-5.3991364371320447,,0.2714406836540512,0.5957446808510638,1,5
-0.2131493745005151,0.97188051903375405,0.10007797396390167,-0.97701480029826149,-0.21170531668813897,-0.024958743640706962,-0.0030698775524255679,-0.10309760234193144,0.99466650704804449,-15.239138564443167,8.9507377594710178,-3.6870287851812145,,0.08875578318949072,0.3384615384615385,0,4
0.35747426756279926,0.92854949938570319,0.10003986815764981,-0.93319146763192129,0.35937795309819881,-0.0010823889916158778,-0.036957174803015407,-0.092969425175745246,0.99498284066262688,-5.9858113541360822,5.7070696019818765,-4.3663280821319459,,0.07915781964983201,0.376,0,5
-0.48299940609322084,0.86381073040858469,0.14332688423524542,-0.87559902878747298,-0.47762422292428919,-0.072121026492988446,0.0061574751342934391,-0.1603312935984624,0.98704405261012218,-16.57000010629087,18.405863645099664,-3.7000972930960931,,0.1746591858341895,0.3,1,4
-0.072607181453286027,-0.98932226176089766,-0.12637111847931037,0.99721257648149064,-0.069828291159371683,-0.026288534780566031,0.017183553432180854,-0.12792760506655437,0.99163463702786181,-11.868222307914492,-1.0032249376350924,-3.7830859923737656,,0.185224955288375,0.2868525896414343,0,1
-0.081408759413693424,0.97896207527055512,0.18709855443773474,-0.99667218033503069,-0.079180157201934886,-0.01936666341142999,-0.0041447360516852138,-0.18805254023129669,0.98215022439320199,-15.886522515485721,17.083231407743938,-3.7418392220055603,,0.3731556180252384,0.2,0,3
-0.53491318469693305,0.8364988825178139,0.11890123794070581,-0.84483335337344245,-0.53140216815682062,-0.062195986253241194,0.011157502640291512,-0.13372118465178806,0.9909561821342826,-6.4065029632724348,19.6364197663124,-4.6080461160013293,,0.09963625151458178,0.2777777777777778,0,5
-0.69523011280009295,0.71200814115755962,0.098486025309822658,-0.71878461742690358,-0.68830085639594374,-0.097931633474942839,-0.0019401047472339533,-0.13887526061169905,0.99030798137932952,23.636124130753803,3.577381783448689,-7.0209752410382711,,0.4029964035863416,0.1176470588235294,1,3
0.97203045027348756,-0.23351911443126774,0.025012535584339586,0.22996953638670434,0.9680071101219031,0.10038051149265015,-0.047653080437739193,-0.091820792572697166,0.99463466960292302,-21.697646109188717,15.140470437943986,-3.2412999287516469,,0.1669777817564885,0.1538461538461539,0,2
0.86613048426230355,-0.49972918705928782,0.0094193329175069479,0.49847271548939887,0.86502766489237504,0.057027106567575259,-0.036646093163832695,-0.044697634969963561,0.99832819517627525,-4.4451629803453816,8.3628262383624836,-4.5711881251056043,,0.0910936756620718,0.2526315789473684,0,5
-0.69587291866417211,0.70932351047744369,0.11234339568378821,-0.71749820619154536,-0.69340694095011912,-0.066205274367790487,0.030938732710360909,-0.1266766423858616,0.99146145819800935,-14.51623530942287,5.5748387308103897,-3.679106809317275,,0.1217984820901249,0.5707547169811321,0,4
-0.86853252386010615,0.4902156954324734,0.073074119555775294,-0.4939555851126855,-0.86825165055698295,-0.046335205201444254,0.040732480076467861,-0.076339002198953593,0.99624957807272818,8.2272021585934709,4.0545311136244599,-5.576926960521515,,0.2585734151030904,0.7142857142857143,1,5
0.95515040977614429,0.28704272352845017,0.072761044342653292,-0.29161378306669899,0.95448303804926493,0.062638100240780384,-0.051469371766051319,-0.081046930513225549,0.99538047942703434,-10.725469298874193,9.9253292149957026,-4.051015310470115,,0.1452337773718952,0.2727272727272727,0,1
0.91673961397890424,-0.39921451394585961,-0.014705509742263347,0.39688838904835977,0.9059725263702838,0.14728675466871433,-0.045476222362972787,-0.14086004869094471,0.98898450942488325,6.4449593472271687,-13.421592059786574,-5.1018250627324049,,0.2573958288980181,0.2647058823529412,1,6
-0.18009159064893035,0.9737740785844321,0.13903619260673666,-0.98364981272256624,-0.17824686946339005,-0.025711854413107142,-0.00025477126556072461,-0.1413934135790654,0.98995345228352061,-8.568512680376438,-4.3430452964759638,-3.9923352944974053,,0.08457791545751583,0.3176895306859206,1,4
0.47527042923838686,-0.87980156620153016,0.0081989756003000864,0.87933332091157446,0.47529236864662466,0.02949703444251859,-0.029848447634370858,-0.0068094357780704188,0.99953124101160673,-9.4085985086854542,21.465192946680908,-4.3317915925044961,,0.406129029009857,0.2173913043478261,0,5
0.6027640863863758,0.79154567185828328,0.10065239950054222,-0.79672960639297963,0.60394382552386194,0.021766715611010561,-0.043559045670047994,-0.093312941085478787,0.99468351980230008,-10.839089349816138,18.558633589122003,-4.1872611065585623,,0.09754725075040561,0.2272727272727273,0,3
0.28393507228876003,0.91734547261218047,0.27903074848896253,-0.95845860966975527,0.27978223949145209,0.055488665645028995,-0.027165571488459689,-0.2831946015429706,0.95867765666183224,-24.69314953471353,-8.4432064208876376,-2.7490016446888634,,0.2548400588127468,0.2608695652173913,0,1
-0.86896636504937885,-0.4926275673430402,0.047069483814332784,0.49234733608118603,-0.87020896576923978,-0.018178463867706777,0.04991549926254428,0.007378061297400618,0.99872619227937653,5.7362641371441674,-18.070547631931877,-4.9562669748831691,,0.08715484343621145,0.25,0,1
-0.19885003500407597,0.96024287149452825,0.19593950934617985,-0.97997383104049496,-0.19696323650878009,-0.029270701047336731,0.010485897896413453,-0.19783607155402741,0.98017903198210499,9.2474887206060057,6.1169877758555744,-5.7496993939171084,,0.220051765125686,0.358974358974359,1,5
0.8272287054309464,0.55564969676251674,0.08334316647910707,-0.55932790400108623,0.82846427884113549,0.028270735575662162,-0.053338210663580174,-0.070002522611408172,0.99611981313055253,8.097932521201443,6.2786209641955288,-5.6409691406719187,,0.09596988792555623,0.3777777777777778,0,5
0.58623844778068723,0.78926795296571073,0.18270353243713403,-0.80737059513029674,0.58781105696620606,0.051292138064440961,-0.066911915699975372,-0.17757888311842696,0.98182917852739082,5.8893761950790662,-8.7511511225251546,-5.1299107026327055,,0.2077702773044046,0.1739130434782609,1,5
0.78673421290343115,0.61145289905009703,0.084703190556497623,-0.61559080019696621,0.78732483120141206,0.034169824209768829,-0.045795687134020199,-0.079025074608631576,0.99582016078357383,-12.136092114165947,12.415076071686009,-4.0200807246564834,,0.09602167557823053,0.1538461538461539,1,4
0.5320426323365236,0.83459414434431711,0.14276992541357958,-0.84671143178193642,0.52377911213549366,0.093462254308012624,0.0032231453899113712,-0.17061083176847297,0.9853332204980525,2.0188930628785826,19.922707213869497,-5.356025997365319,,0.5662076850960895,0.15625,0,3
0.99552237628232199,0.071978429030146063,0.061272376121309764,-0.077689710926828831,0.99228716166754527,0.096594500909071623,-0.053847071761654777,-0.10092222026946841,0.99343605648203448,-13.9241081634385,17.692835514551486,-3.9182962584807006,,0.1199772291901511,0.1578947368421053,0,4
-0.95534675361954524,-0.29204038267104043,0.044999947088298006,0.28996526466757022,-0.95586253994805281,-0.047402004285939429,0.056857063192388549,-0.032236929342146989,0.99786174130073124,-15.606344865825617,10.460979742352189,-3.6806771626558126,,0.09872832286590272,0.3272727272727273,0,4
-0.21032567405539496,0.97402486690207324,0.083896778779290485,-0.97762847668880259,-0.20934009101292897,-0.020476519768472579,-0.0023816801367559383,-0.086326617859707896,0.99626404263560031,-1.285798638120021,13.693154776105342,-4.9435094338118244,,0.08687773246615031,0.3225806451612903,0,5
0.99365961530851021,0.09788295571800891,0.055312709975652012,-0.10030898369517212,0.99402987254898545,0.042926917782318302,-0.050780672455039096,-0.048203106333041909,0.99754588057134508,-15.520340277375151,17.958519108709567,-3.7834575913530215,,0.08420883590863643,0.2105263157894737,0,1
-0.59456919935423214,0.76716984906760299,0.24070290787785997,-0.80370303444495061,-0.57578358229282867,-0.1501156180615946,0.02342860651521151,-0.28270778030260763,0.95891991915546648,15.090654900674698,0.21344129404493709,-6.1021576157540895,,0.4104886504488947,0.1666666666666667,0,2
0.047341281732945426,0.98582576946516032,0.16095451314674675,-0.99885522673202698,0.047827927572204595,0.00085168906216720529,-0.0068585037721460053,-0.16081057677457769,0.98696145787129641,-6.4714923464086036,11.147106578858224,-4.4411852578664348,,0.2554839137137209,0.2456140350877193,1,3
-0.92417645120749703,0.37819103339516241,0.053567054175254994,-0.3797815061199597,-0.92478702855962236,-0.023129189720306483,0.040790864697510941,-0.041719228988105608,0.99829635444083731,-19.105971997298507,3.5300206429981542,-3.2821351876484344,,0.06913740747142637,0.2413793103448276,0,1
0.95295064701967125,0.29725522051017844,0.059366642352716888,-0.29870131223021285,0.95419559834135415,0.016978992253201829,-0.051600294735001766,-0.033913035626888931,0.99809183725638717,0.81661955318601842,4.1866238632000998,-4.9218991499356148,,0.1277708242831829,0.5898876404494382,1,5
0.50644793284291267,0.85688762366650517,0.096198189828656092,-0.86132106315646695,0.50796620439894147,0.0098163817950362841,-0.040453893287959515,-0.087829013405038639,0.9953137931939573,12.256989646235457,12.454769428372201,-6.2235887125845188,,0.1301991794106984,0.2380952380952381,0,2
-0.29354815593181011,0.94995372403774392,0.10685224534774501,-0.9557050700356875,-0.29413604954099393,-0.01057371592672734,0.021384556509658925,-0.10522312743517477,0.99421868529798096,3.8973608366254191,-5.026367584917586,-5.0338082810204359,,0.1800270534499341,0.2972972972972973,1,6
0.67808445190135525,-0.7347997810545106,-0.016454721264175801,0.73415092272365823,0.67608047595545251,0.062750399965654,-0.034984264371847255,-0.054630319366556518,0.99789359625777152,14.164778722417079,-17.571778443755459,-5.6814302425163339,,0.2675734530106249,0.1666666666666667,1,5
-0.75397450585850512,0.64484997547601508,0.12526353676951263,-0.65680934239309552,-0.74326490096347597,-0.12711716933957026,0.011132486720124225,-0.17811736615035126,0.98394627476051222,1.6328577005497793,16.908634871148369,-5.2805572203156963,,0.2021225643882532,0.1,0,5
0.19849588160284917,0.96798362058211107,0.15364600636351078,-0.97982692293845852,0.19969867549828363,0.0077226996046245912,-0.023207457242441422,-0.15207941770331557,0.98809577705775109,-6.5423015755317255,-10.831570032797392,-4.1012134488145717,,0.07227645230752022,0.2608695652173913,0,1
-0.56533422382050136,0.80961885460618777,0.15784335793258361,-0.82483172912419145,-0.55650444831869217,-0.099776839153696423,0.0070593205952007767,-0.18660147177251973,0.98241033011927437,12.846017166791018,15.101324631898455,-6.3463238113320184,,0.2396209412690131,0.2,0,5
0.970215020663034,0.20832240628990556,0.12363085665565711,-0.23671399769853366,0.9237370911023669,0.30112500695776778,-0.051471321854083721,-0.32142115916554181,0.9455364305341557,29.659299491998663,5.370100249508023,-7.6574684102892663,,0.2585140154331762,0.3636363636363636,0,1
0.82090106124099438,-0.57039199865349322,0.027828322362033187,0.57048945936293249,0.82128920747372491,0.0050807915694486561,-0.025753143676077211,0.011704937387989015,0.9995998049377286,-13.428503127901257,13.034992961310472,-3.8958760311972949,,0.1057524759852658,0.3207547169811321,0,5
-0.87642587569630492,0.46953020922545396,0.10686003478694746,-0.48010929240525829,-0.86911448368332922,-0.11889104927614674,0.037050664718577514,-0.155503687662262,0.98714023895662883,8.8790962277059773,-5.6844162516471766,-5.4564730209580965,,0.07390101463657026,0.1666666666666667,0,1
0.25400881091465966,-0.96672220213864113,0.030458297226484049,0.96719906603962036,0.25395837791755999,-0.0055775386657157134,-0.0023432092963346948,0.030875980594921554,0.99952047662491406,4.7654742871828946,3.1919492827790039,-5.2492766865004432,,0.08607796254879592,0.3709677419354839,0,5
-0.82368561851493327,0.5522959084629584,0.12849603630754464,-0.56661435350794542,-0.81049465107405072,-0.14848095830485633,0.022139924355050675,-0.19510932851975826,0.98053157709179573,9.9829191368352852,-15.913067902957398,-5.3757793432434227,,0.1851640882782873,0.2916666666666667,0,5
-0.10333387801771572,0.98777227269119161,0.11673922629647918,-0.99462554627081179,-0.1018515793867186,-0.018608559372565944,-0.0064909444082684557,-0.11803471133065756,0.99298825499689536,-3.2227224685084828,15.229951013753247,-4.8112253903126092,,0.09940248474404559,0.1818181818181818,0,5
0.89185154234678443,0.44392383240975264,0.086789731145454449,-0.44972941666788757,0.8907901704132819,0.065087050007187938,-0.0484177467177462,-0.09707988109652084,0.99409819358505136,5.0379622938109199,9.5930889021570209,-5.433726465138113,,0.09700343618309677,0.3142857142857143,0,5
-0.9828388483782482,-0.18436925912517388,0.005981171135435932,0.18078724416726166,-0.96917396666796052,-0.16738516863657818,0.036657474884718613,-0.16343132693190537,0.98587343554451801,-4.0835932225247271,5.8217422931459391,-4.5252938315996474,,0.1267757423910664,0.235632183908046,0,5
-0.11333401312462398,0.97856241046416104,0.17196223508561112,-0.99355473634700608,-0.11125847519323989,-0.021691878206065791,-0.0020946005583761819,-0.17331232075143019,0.98486468721558629,-3.1467654078392724,21.96922191653606,-4.9263783976580617,,0.1528724956783573,0.1333333333333333,0,3
0.83315521941261983,-0.55151162620038363,-0.041076836919590964,0.55199799963490259,0.82473402605450652,0.12293085319394591,-0.033920329664915087,-0.1250948137763257,0.99156477287249911,-25.000821969486562,7.7078033043422796,-2.8941074222509822,,0.5040659549101536,0.2222222222222222,0,1
-0.18223313340737529,0.93408667620988017,0.30703935646055086,-0.98324586045897799,-0.17174671796853885,-0.061078987854417538,-0.0043200669919246223,-0.31302579157988658,0.94973480026108958,5.7689321763797139,18.503071489533106,-5.6964761214442508,,0.2204375727981383,0.3703703703703703,0,1
0.99683630136216261,-0.070190528244976763,0.037291795763873564,0.064263175380642704,0.98784694663600747,0.14152262826810877,-0.046772134616672179,-0.13867840411040089,0.98923236282321036,0.18002431549100067,16.45140140769481,-5.1320214094443113,,0.2525393751947973,0.1923076923076923,0,2
-0.79449518516621365,0.59994978802501597,0.09400878999563296,-0.60666909315284179,-0.79102786761416666,-0.078914663218525791,0.027018737217213488,-0.11972954734117862,0.99243882599012834,9.969671374517171,-8.6539751553289417,-5.5069085441845758,0.04233585394744476,0.1386866611895368,0.2307692307692308,1,6
0.49222062492861068,-0.86275210459203844,-0.11566184512143612,0.87031123707314384,0.49030837068893657,0.046433309774049809,0.016649535101631929,-0.12351723626428611,0.99220274406319342,-16.81309278678053,23.127273466624324,-3.7437150738937262,,0.4008905254462325,0.4545454545454545,0,3
0.88823524209394811,-0.45826250476423885,-0.032150138872351242,0.45554521185773111,0.86960954741533847,0.1904147972127819,-0.059301894200778402,-0.18377897532442602,0.98117713669495166,6.4782901096207262,13.36267894412739,-5.6572489802565435,,0.3074456334334909,0.4,0,3
0.8501727783649754,0.52144279178469377,0.072826244053649111,-0.52417982545465314,0.85126578986602641,0.024126035523851272,-0.049414142849051955,-0.058685346548804529,0.99705279327974361,-15.253723388595702,-5.6013031503194446,-3.4570168761265965,,0.0679104050296318,0.225,0,1
0.41878775848052296,0.89608568571444069,0.14713006900202694,-0.90803566141638437,0.41155804393966761,0.078046230303999889,0.0093835463962043172,-0.16628415536736052,0.98603322901958779,13.738254011485743,-10.109472659567146,-5.8281531392401549,,0.3441955783951486,0.717948717948718,0,5
0.30239930816525823,0.93154664610310589,0.2019294544023427,-0.95276980481087381,0.30163256624907347,0.035319881350980999,-0.028006382519387925,-0.20307299454150191,0.97876299553371171,21.127504813810866,-4.0248612233859982,-6.6132448547055729,,0.2720768552842874,0.2857142857142857,0,1
-0.88044412253984083,0.46615776624563332,0.086689584460487926,-0.47253607792958296,-0.87772929632110386,-0.079378444395109368,0.039087109639595573,-0.11085224106233384,0.9930679626850728,-26.931631809312069,14.80544428481339,-2.8288270840879193,,0.2324639731926586,0.68,0,2
0.24543369306480492,-0.96940698793576319,-0.0035205184110310727,0.96938071898573652,0.24545361623289438,-0.0073173722668274837,0.0079576357837919717,-0.0016167929695103636,0.99996703046311797,-15.892239207959742,-8.6288897793821011,-3.3877199127621873,,0.3642941678581582,0.8740157480314961,1,4
-0.55239278010153148,-0.83227227249968183,-0.046744849127110827,0.83275003345121457,-0.54846408895217758,-0.075594476761587426,0.037277315873082924,-0.080684617852927493,0.99604236564677573,11.737038434964836,14.654593094823618,-6.2191395409473733,,0.3454563830611203,0.8,1,5
-0.30016387927391397,0.94296785900971158,0.1439210285325831,-0.95385498988627715,-0.29796603990668252,-0.03710656722710394,0.0078932786778083321,-0.14841784238079545,0.98889324004906831,-14.59953770869382,-14.078505924626212,-3.4127109461265324,,0.5013118193073414,0.3846153846153846,0,2
-0.84869163579425178,-0.5274977310694855,0.038322983305333444,0.52664163176915413,-0.8495367728500044,-0.030591882307594839,0.048693932069598621,-0.0057805961754750258,0.99879701926240061,-8.9623147978097784,2.2234780633811866,-4.0574151343834295,,0.2130787968136066,0.7365648050579557,1,5
-0.66260206460008253,0.73937179848862311,0.11953178484155758,-0.74845524260482421,-0.65958362275419047,-0.06902314403019176,0.02780744154112684,-0.13519906876216944,0.9904281690262956,-12.434541801598771,4.6705836918139632,-3.8201684058512382,,0.1583679128975202,0.4285714285714285,0,4
-0.42682775052546656,-0.89997195342146585,-0.088704872674058355,0.90228666133385726,-0.4172134206597326,-0.1086818402512853,0.06080174471485901,-0.12642564880654533,0.99011095497599311,13.395097995440423,-15.504466336677099,-5.661344486832145,,0.2266297684295136,0.6363636363636364,0,4
-0.21558018308250784,0.94301813581553995,0.25346001693579928,-0.97647406227682509,-0.20689777567527523,-0.0607594940829621,-0.0048569911165757835,-0.26059567522045846,0.96543581023995906,-7.8239309095231988,13.901226594597635,-4.3936901468116485,,0.1176341968577547,0.2105263157894737,0,4
-0.28146948764253849,0.95697176544304907,0.070568885998444283,-0.95956972078123381,-0.28077899809351564,-0.019725749400891435,0.00093727587836048482,-0.073267962810603937,0.99731185049587778,-1.8371159743400194,21.856229367189933,-5.0621708382299282,,0.07723380733891685,0.3333333333333333,0,1
0.71384372057273615,-0.69961624426067548,-0.031052429300495153,0.69998810843994286,0.71148501742097747,0.061690501928124156,-0.021066339063683711,-0.065773708668890304,0.99761216342143477,-17.254018563779319,13.154703368176181,-3.5911056938611057,,0.3991501575689812,0.7862595419847328,1,4
0.28078662195095611,-0.95974632514649338,-0.006772318744262127,0.95975376099758325,0.28073349456967051,0.0078373004087026396,-0.0056206035589051002,-0.0087003674924544579,0.99994635477166061,-1.9269084557228866,18.899270006096668,-4.977722681602347,,0.2806565502351896,0.3658536585365854,1,5
0.049391995123638253,0.98502458511944813,0.16518776446204003,-0.99863328343308722,0.051534267574365175,-0.0087054284917947242,-0.017087891542215079,-0.16453202112608251,0.98622371599288183,-13.252989395118796,-10.640846413388442,-3.5577522196067948,,0.3027301111387645,0.3235294117647059,0,5
-0.90174337416564132,-0.43057182364903368,0.038298718358584602,0.42888504365715707,-0.9022288873618598,-0.045173600000212095,0.054004689384934329,-0.024309246992165554,0.99824473654265311,4.3500192678453082,5.2190599471415169,-5.2729863730045992,,0.1230780637148664,0.5847457627118644,1,4
0.71944633563913196,0.67073867015309385,0.18029588596716983,-0.6939271432741323,0.70513616223941655,0.14576732325755054,-0.029361368544899992,-0.22998397566684628,0.97275139731261451,-3.5934554661964571,-12.08945109321116,-4.3079962157506904,,0.3739714294640023,0.1515151515151515,1,4
0.28780474544430767,0.94516131425137151,0.15439727504835682,-0.95722326652879142,0.2889296018501798,0.015598179081150574,-0.029867147766205911,-0.15228189392477759,0.98788571113615919,-7.6762982246699218,6.9684793506934941,-4.2776314243472289,,0.4884615969622586,0.8778054862842892,1,5
-0.94090113970608047,-0.33758416617458703,0.027239237287567202,0.33576334356756493,-0.94030759870799119,-0.05553914770989709,0.044362398674202323,-0.043110909990642647,0.99808487966888393,6.4057826224969796,15.944129625179936,-5.7102537514442036,,0.09682835061079387,0.25,1,5
-0.78348946600558966,-0.62126659901165682,0.013117530665667867,0.61991262965614069,-0.78289573363300669,-0.052750373003840272,0.043041703626643675,-0.033197638646825248,0.99852157139302233,14.507822699711184,7.7690627436117543,-6.3040223866109892,,0.2167263335952441,0.4,1,5
-0.23923153357197138,-0.96952705124184779,-0.052778501826883054,0.97063785811371472,-0.23739234640455123,-0.038820384657567167,0.025108200676724712,-0.060515872123180145,0.99785139548930224,0.54062917467696092,-5.728123289676299,-4.7650564523351555,,0.611548576479475,0.6142857142857143,1,1
0.77970683689573228,-0.62587898348970861,-0.018241341067521288,0.62542182690014003,0.77707652775886571,0.07070790933917058,-0.030079676443467932,-0.066539973189912602,0.99733025875731951,-11.436320087181402,8.8213741302287936,-3.996942420262473,,0.873003013193617,0.6435045317220544,1,4
0.0037633652067058454,-0.99987463477413785,0.015380241142629163,0.99990283598452856,0.0035561413606110966,-0.013478592238052565,0.013422208179628857,0.015429471601704905,0.9997908659983219,-25.460433683480069,-8.991153586218088,-2.6970016444410474,,0.455708972509439,0.9629629629629629,1,1
-0.55209130763089653,0.80763619898949357,0.2071689120505551,-0.83371594180612829,-0.5315676668096504,-0.1495110162525336,-0.010626213659045397,-0.25526375709126492,0.96681306254049171,-7.9907623965264776,23.066726311328662,-4.4805466186715917,,0.5811591336023706,0.3448275862068966,1,6
0.79024223768107249,0.60683671816962503,0.085243200702060026,-0.61153935263416459,0.78985518713930192,0.046350874090209035,-0.039202371925682732,-0.088757990233322329,0.99528146431305697,-10.375137350886039,16.285736282255755,-4.1936030465704199,,0.1052450216080262,0.2173913043478261,0,3
-0.93928002259957333,0.32107001522250228,0.12110773910187685,-0.34052992590136882,-0.91566650299259489,-0.21352804233383837,0.042336848146198543,-0.24180343385141465,0.96940120211742631,-14.895572627972335,3.2339759811966209,-3.6117128665089973,,0.0967005033530195,0.3431372549019608,0,3
-0.28119182865439424,0.94994231453739197,0.13616443937144476,-0.95957213497612348,-0.28014954666311459,-0.027157858564597157,0.012348006938814826,-0.13829616970760075,0.99031393818770663,-3.5854679942595813,6.9129027236536675,-4.5910034518519369,,0.4830196993359217,0.3636363636363636,1,5
0.51195466310045723,-0.83737425470223714,-0.19159013672830455,0.85890210176803117,0.49541942293025304,0.12979512688045516,-0.013769622658438516,-0.23100639156812969,0.97285479108987072,7.9690154282956778,-9.2002880841264929,-5.3100322706481009,,0.205773370642502,0.2727272727272727,0,1
-0.43253968021796507,-0.89909092200102314,-0.06741616284163926,0.89978320688742475,-0.42568876399844779,-0.095808438087965145,0.05744219390241103,-0.10210088237044621,0.99311419493372155,6.0327020351925871,-15.182628764695545,-5.0343267324474619,,0.4859203888816452,0.7142857142857143,1,5
-0.65140764499605486,-0.75837897091738393,0.023009052805012586,0.75770528793231184,-0.6518044353652418,-0.032150811461153873,0.039379901981928998,-0.0035092033979505577,0.99921814876002202,-21.147937451048193,8.1335455520661899,-3.1979696706844569,,0.1880511724609342,0.717948717948718,1,3
0.13735695662897551,0.98532653792175873,0.10131475772436319,-0.99014278834873881,0.13941287897781024,-0.01346506056809293,-0.027392063569758613,-0.098466556973619876,0.99476329446313527,-8.5855189170600603,-14.188118517788904,-3.8766212117722181,,0.1093367524569674,0.2857142857142857,0,2
0.19626636589220012,0.94222371445415087,0.27146636170931393,-0.98040441413414836,0.19334742619050124,0.037735361821315497,-0.016932169552244233,-0.27355300163904567,0.96170788544574282,9.3260973640386613,15.968570562766715,-5.9912375423600492,,0.1907124274133933,0.2857142857142857,0,5
-0.99969476852729156,0.013285213541850719,0.020829615462456721,-0.017350387748150342,-0.97773878274543491,-0.20910723746552959,0.017587888564441864,-0.20940481326040228,0.9776708497031209,-17.050736613274253,9.261858618738259,-3.5291315822738261,,0.5930710317525753,0.6728624535315985,0,3
0.51450075822033237,-0.83796101902399367,-0.18196235980821082,0.85733240926152932,0.49862371974875497,0.12788872559274303,-0.016435018117543491,-0.22180107461458495,0.97495342118446393,4.688003110183951,-13.380306836988794,-4.9441128828792271,,0.1337550171778667,0.1875,0,4
0.29752055227494528,0.94742730215222959,0.11774136108675343,-0.95430004960457626,0.29875836311276199,0.0074064697993302918,-0.028159124608495595,-0.11456416371070342,0.99301667463066923,-15.350527455689813,-16.763530633134884,-3.3252234723508183,,0.1934581491098892,0.3125,0,4
0.82351640900715262,0.55123520757759858,0.13401667815180862,-0.56589985971487244,0.81478515998834866,0.12602575862675125,-0.0397249653322869,-0.17962429955226611,0.98293287570398513,7.6828903335985377,8.9940885074258805,-5.6434189595642357,,0.2622761260490179,0.375,1,5
-0.37750611850642279,0.88904931374512242,0.2589989347845717,-0.92558610803033137,-0.35384189792716975,-0.13448519581189325,-0.027919296400153951,-0.29049480029877722,0.95646917560781597,-20.764692866755592,2.4977950011027286,-3.138318657257785,,0.4039307679033938,0.2542372881355932,0,2
0.85111754408443141,0.51272041214630515,0.11276836932495655,-0.52258731835710659,0.84793314442063172,0.0889487340284765,-0.050014206421925,-0.134637147776769,0.98963196067756531,-17.74124536416485,14.880555612373142,-3.5529541971727752,,0.08985332067423413,0.4117647058823529,0,3
0.99773021868504896,-0.032493756282548927,0.058979373727902282,0.020932115456500866,0.9821381360289666,0.18699339105985391,-0.064002009852824004,-0.18533439389438236,0.98058906029722848,8.1348878477341735,-4.5301220998916962,-5.412552929331734,,0.2998624931386469,0.2413793103448276,1,4
-0.025691311583994729,0.97527679528021893,0.2194883347630098,-0.9996682237690474,-0.024659452555759517,-0.0074400125058426336,-0.0018436093759118591,-0.21960665743004065,0.97558675530004635,-4.9507507370398685,23.747407155214677,-4.7737378676566307,,0.4460533196252096,0.3157894736842105,0,3
0.98493736133866983,0.057017653472347003,0.16324025677425788,-0.084501970571347743,0.98237561931486761,0.16672600140736646,-0.15085692297265432,-0.17800879126671648,0.97239655440719497,-17.771057852742008,-8.6844919923206536,-3.2402956329185919,,0.2495708538087552,0.3888888888888889,0,2
0.57396906972428163,0.81437806183368167,0.085719772537372119,-0.81800790776901366,0.57503135509122427,0.014212793156548845,-0.037716970016203347,-0.078277155453979536,0.99621790643755759,-2.6793290176901676,-6.8661974098145064,-4.4855500354123619,,0.2121510039949746,0.382716049382716,1,5
0.97596278149911686,0.19137122857026825,0.10427704447294527,-0.21216365423910041,0.94369600822428146,0.25381967591474791,-0.049832047403431702,-0.26984235571359527,0.96161420024587774,-4.6952811646972981,16.85724180485056,-4.7128872355924587,,0.2841244461280918,0.2142857142857143,0,2
0.59077714331014064,0.78142952715630576,0.20087374400498967,-0.8046688867809545,0.58886912080980058,0.075770318749440013,-0.059079180673133759,-0.20640022443051045,0.97668244469020027,23.452897090755478,0.42584626023079436,-6.8879373291619173,,0.3043361897837926,0.1363636363636364,0,2
0.80344065646003571,0.58753634854787939,0.096354297683561796,-0.59267676894405685,0.80466119583255302,0.035420438666952193,-0.05672176919931541,-0.085565174319645734,0.99471666410216963,12.467761020728091,-4.717698025294836,-5.8104881192180482,,0.192586540071452,0.4666666666666667,1,6
0.99297931325844957,0.10715953915967182,0.050089086714221964,-0.10902984590287412,0.99337823278744608,0.036224015880159319,-0.045875659593880472,-0.041430903818011081,0.99808762344077229,1.3447010313826528,28.943506207632812,-5.4987536753721198,,0.5025590052420789,0.9,1,5
0.540440345678039,0.82771395796154612,0.15104249918163695,-0.84044294733674085,0.53954779746551451,0.050436361110268585,-0.039747767677380773,-0.1542004476184981,0.98723975655304774,-3.2477076139099279,16.378956610322572,-4.8125305911270706,,0.2119816398677759,0.84375,0,5
-0.39200462945646053,-0.91937560867573831,-0.032876445319086053,0.91934400986089959,-0.39017955254853059,-0.050660717581874383,0.033748511338798241,-0.050083998893302124,0.9981746495665329,-25.493003747125769,10.583616911381691,-2.9085660429152633,,0.3190792084858752,0.5476190476190477,0,2
0.0037252788734770553,0.99247021138204627,0.12242957901010514,-0.99982575039033483,0.0059361278611423608,-0.017698340103517778,-0.018291832978639455,-0.12234231445126793,0.99231938756681981,-20.117538020382312,-7.1054706507629417,-3.083260623868969,,0.2838426140848123,0.5,1,3
-0.37689916530127765,-0.92622611810420519,0.0072247724403915721,0.92591837646348063,-0.37696106589276868,-0.023989892209433115,0.024943522654844265,-0.002352220781077499,0.99968609459918201,-13.450243697018953,15.554066476333512,-3.9328427370579093,,0.1648209830960926,0.4067796610169492,1,5
0.25178656028887531,0.9613854346332551,0.11109263761799892,-0.96730736547985741,0.25359696270559223,-0.0022452605453445401,-0.030331316264128515,-0.1068954001888104,0.99380751892514863,-0.71019383326047181,12.774328527441487,-4.9767738534409167,,0.1251473075922385,0.3333333333333333,0,5
-0.35827652555514783,0.92811580588826503,0.10118785547935631,-0.93361389332039757,-0.35596332707031236,-0.040684247322104565,-0.0017405272947709424,-0.10904659848621337,0.99403511503534203,-9.0716973287066462,11.395584041084843,-4.2065741473030167,,0.07363242990361962,0.3333333333333333,0,5
-0.56014004902937053,0.79507928436395714,0.23257699165797169,-0.82823192265290257,-0.54312348244419928,-0.1380172638344995,0.016583358286267693,-0.2699366858968662,0.96273525843555041,-0.024215354903454184,15.749474353651749,-5.0943498885118066,,0.2827536346701317,0.1428571428571428,0,1
0.37173546479593583,0.92567476914960545,0.070277777232738772,-0.92773258109813961,0.37316188546358053,-0.0079034932940724584,-0.033541052188824284,-0.062260974912785226,0.99749614977751955,-4.9019679024550102,-14.495094826971384,-4.1653606424626357,,0.5429824460366552,0.7971014492753623,1,5
0.73596715465769158,0.67359203319060423,0.068015587090086316,-0.67541226632899132,0.73742134493230127,0.0052943867039636659,-0.04658988900391136,-0.04983505654038576,0.99767021073209339,-9.546140390036614,-3.8880445872382907,-3.9395098136653637,,0.3952708917031089,0.9513227513227513,1,4
0.6608401200629932,0.71600849201174899,0.22499372231728995,-0.74771350120424818,0.65401527169370877,0.11484138848119396,-0.064921921043766137,-0.24412264081495044,0.96756874712318064,-16.204338944314312,-11.985794328766017,-3.3175541359601906,,0.5307669634127151,0.1818181818181818,0,4
-0.46459005980029333,0.87957348130386448,0.10250154789934471,-0.88545455505193338,-0.4628990454092079,-0.04116679119178452,0.011238650832905709,-0.10988614446892597,0.99388064071155524,-15.570222550939905,-7.0196999072818898,-3.4266737022923981,,0.1587027878742771,0.319327731092437,1,3
-0.99789474360994268,0.03782684223983878,0.052680268429539621,-0.042430229271685466,-0.99510961327913494,-0.08919940136235005,0.049048509861138567,-0.091246849620202006,0.9946196539958323,-19.043644669720511,19.643426816820046,-3.4991129262674345,,0.1597494742392082,0.4615384615384616,0,1
-0.92351803312581959,0.36100458097449356,0.12957675334275467,-0.38223142831813489,-0.89426337279040125,-0.23279208597247281,0.03183673502885085,-0.26451599687158245,0.96385564775112298,8.1369385215559173,18.005701543869968,-5.9327406099077287,,0.3115442277464016,0.1176470588235294,0,4
-0.99803531103340193,0.019238494082476906,0.059627160555401966,-0.038915028884659912,-0.93620478553342135,-0.34929388782403092,0.049103344665789028,-0.35092802665184653,0.93511410087372426,16.216262563864806,-1.2684450214351448,-6.1757308815535543,,0.7979298153112229,0.6086956521739131,0,1
-0.94402380262407881,0.32431960929468795,0.060298019089491728,-0.32674787645280901,-0.94443256833718281,-0.035818278819809729,0.045330842841884253,-0.053515557466728612,0.99753756811273564,-5.4168959301582822,3.9652734095243711,-4.385170702796783,,0.2079305311833611,0.8186528497409327,1,5
0.43085492149372168,0.89844709897782227,0.084598149879145462,-0.90174300034420529,0.43226893552739853,0.0017688154907285025,-0.034979965049573472,-0.077047892354984118,0.99641358096364052,2.3117552414668374,-3.8074608344491181,-4.9020616318509083,,0.3270057602904244,0.9333333333333333,1,5
-0.87229693819529641,0.48240484424490854,0.079897546045912482,-0.48728381898358902,-0.87117859282884491,-0.060019489780606956,0.040651339115483263,-0.091287598532336645,0.9949944939457297,-7.8591410776859751,11.875356700396431,-4.326279135487785,,0.1133826040913899,0.5443037974683544,0,5
0.88667623092804648,0.45776411078572998,0.065247838154096516,-0.46047700728769869,0.88699620423915215,0.034621661206535932,-0.042026030821359459,-0.060743333312269547,0.99726829900058289,-12.72477955568618,18.541061925020479,-4.0148816935621578,,0.1177759413758262,0.3076923076923077,1,5
-0.97037097288030771,-0.24111004511454018,0.01568824834675955,0.23864788172864779,-0.9665651865393633,-0.09380260506273351,0.037780465028298599,-0.08727935789744487,0.99546720194452176,-16.155979460479067,5.5940141486467931,-3.5441299477488748,,0.1491860608868719,0.574468085106383,0,4
0.020080888489922084,0.97740952389283153,0.21039814761790321,-0.99967792191073657,0.0228951347008877,-0.010948299012183499,-0.015518065655463768,-0.21011053141291586,0.97755447634783788,19.682892422937513,-4.9631096311353033,-6.4827794770048621,,0.3495164044443596,0.1857142857142857,0,5
-0.58194530747353235,0.79995231533479227,0.14634190206513292,-0.81318638697178725,-0.57423485598733426,-0.094774628529875782,0.0082194375298151965,-0.17415689294343292,0.98468361288638451,-17.268031781660198,-10.764490823406232,-3.2602672646696789,,0.1906606988107037,0.2,0,4
0.92951992007268924,0.35206141447212425,0.10975189578293493,-0.36640289669743825,0.91537928092286369,0.16682232868793881,-0.041732906438294734,-0.1952780901612555,0.97985959811759993,-13.483540671355604,10.415468764046286,-3.8499875742365082,,0.5923191352685532,0.1818181818181818,1,3
-0.99870172079922837,-0.012619255081618434,0.049352074666060841,0.01063178523492051,-0.99912991183344635,-0.040328456732273629,0.049818049092451668,-0.039751398476951597,0.99796692745989712,-3.9881681653664041,14.122415023174897,-4.7270989893196695,,0.09689829896906865,0.3404255319148936,0,5
0.83828385653502568,0.53976609947425569,0.07702424119141478,-0.54332354774237568,0.83878486701614718,0.035206097956796321,-0.045603709732911966,-0.071361787555056982,0.99640744524293068,7.0203966688312791,7.8085127911664118,-5.5589438044772876,,0.08712040557138145,0.5,0,2
0.12262742293437379,0.95507270882019701,0.26981222361362145,-0.99225914509913293,0.12335578286214426,0.014322702315079285,-0.019603675971946115,-0.26948000241450226,0.96280643131787813,-13.860258668735499,-19.286916891173323,-3.4037611328518027,,0.1879873678758375,0.3333333333333333,0,1
-0.83154584648960617,0.55104659124332478,0.0698509804154296,-0.55462461958472586,-0.83058795360778759,-0.050151596905041715,0.030381516360816822,-0.080444425541736198,0.99629596900864636,8.8761050254987701,2.8425444994244686,-5.6234561077647935,,0.1276262052299625,0.3396226415094339,1,5
-0.30474233701411291,0.94970479701076382,0.072061824608595851,-0.95241913640904463,-0.30429818016322308,-0.017332228685308374,0.0054677813623121617,-0.073914924637002846,0.99724956118460117,6.9453367977060125,4.7542521322393512,-5.4874747612967294,,0.09543327877019139,0.4107142857142857,0,4
-0.55998752047854972,-0.82839524244274376,-0.01324006066881475,0.82788310911046092,-0.55888130021244808,-0.047552601636926678,0.031992726640326229,-0.037590086074276274,0.99878098243360935,25.010134053749503,-4.8990522171817812,-6.9722889794815694,0.5799681809486691,0.4017339982494577,0.7272727272727273,1,5
0.98704293868191328,0.13498063330990454,0.086755206353462788,-0.14783732384803677,0.97520184443389157,0.16469817330556069,-0.062372773512370708,-0.17538982651224366,0.98252126993789901,0.01240235518250276,-11.462474390788003,-4.6172267630332824,,0.2643781479746936,0.2083333333333333,0,3
0.75969524119842302,0.6325718011867264,0.15071846882134338,-0.6485406507991982,0.75396975526567833,0.10452096634439136,-0.04752015110899719,-0.17715113459414739,0.98303576270173609,-1.4193153537851968,-9.6406295083089759,-4.514592026184661,,0.294935469756539,0.25,0,2
0.483202033627603,-0.87068311863977155,-0.091797067566841861,0.87530628107522512,0.47817194563871818,0.072045157466289506,-0.018833719983276712,-0.11516291642627544,0.99316805912785322,9.3384910423989052,17.609506316761088,-6.0307991323959769,,0.3089730949916976,0.6296296296296297,0,5
-0.8153638462875189,0.56777807352908727,0.11318064051252333,-0.57741875111225183,-0.81172179748482465,-0.087722912354616753,0.042064046776243889,-0.13687871531982898,0.98969431303872923,12.145463456500185,-7.38054588135339,-5.7278447514183641,0.3326868953531384,0.1048700954034908,0.2222222222222222,1,5
0.87623655004555412,0.47689152913607535,0.069166305398817574,-0.48052462358318931,0.87548486285055926,0.051208798558185165,-0.036133011146329524,-0.078107133847008611,0.9962899583694026,11.055903090955148,3.4631087564105045,-5.8168468592996172,,0.170908895277297,0.2666666666666667,1,5
0.12374277822789299,0.97761046447301736,0.17019255150944326,-0.99231002845852823,0.12140379729358196,0.024123130462988425,0.0029210027521353529,-0.17186883881480922,0.98511551098709815,-12.279503224675958,-9.3915192279908659,-3.6619706123426075,,0.7446127183078197,0.6992481203007519,1,4
-0.71838758775911937,0.67946184118546593,0.14916728906328539,-0.6951796502042441,-0.70903554231077648,-0.11829561987650802,0.025387550010546784,-0.18868016883848446,0.98171037795856186,-14.21386053424032,7.1038395440705147,-3.7281071566114914,,0.2237108957585174,0.3020833333333333,1,4
-0.40589899918319877,0.90894369930338315,0.095222654650876065,-0.91390248833211452,-0.40428884670151594,-0.036507126059564868,0.0053145350171435977,-0.10184242696165742,0.99478634680423328,-3.717145378002745,9.7920859937132718,-4.6680585518800033,,0.1419909436049319,0.5256410256410257,0,5
-0.41691365946118158,-0.90891920484006383,0.006991396684044456,0.90834333620450725,-0.41690493578903354,-0.033206295903163568,0.033096587853624508,-0.0074935697534246276,0.99942406529200545,-25.774081377050617,9.6199806135160983,-2.8688341756243565,,0.0964665918674872,0.3461538461538461,0,1
