axis_00,axis_01,axis_02,axis_10,axis_11,axis_12,axis_20,axis_21,axis_22,location_x,location_y,location_z,dbh,dbh_approximation,score,reconstructed,number_clusters
0.76858177419987939,0.62096842812903319,0.15388394209508355,-0.63898561616881933,0.73335619335971691,0.23213374591019698,0.031295985319521845,-0.27674339184143704,0.96043409788229461,-41.979523979169684,2.95200958032658,-3.2953245171910832,,0.7613328615128213,0.1875,0,1
0.3172424765447035,-0.93758166520220743,-0.14247046063110333,0.94832451564718578,0.31460975020088949,0.04124703748228141,0.006150129942861818,-0.14819354289303374,0.9889392548314061,-19.149030526424262,-23.112284441474607,-3.0106356472722333,,0.2823124988035122,0.4347826086956522,0,1
0.7089728540772211,0.69241517106315764,0.13386083468728657,-0.70483152239169722,0.689259490494187,0.1677315706916736,0.023875033499481533,-0.21326646629339457,0.9767023073230281,2.8960500602029855,27.652538132425299,-0.030184230788587701,,0.554073637305542,0.8904109589041096,0,5
0.1435503258948525,-0.98794880264494844,-0.057883221125764731,0.98964295764356858,0.14328406596157647,0.0087460178372014766,-0.00034687457632196975,-0.058539215863650976,0.99828504941429308,-14.626015010872868,9.9433296930594626,-1.5255287840621636,,0.09138513501309103,0.25,0,1
0.97257050677411649,-0.23070470761034284,-0.029697596528416251,0.23246253138077758,0.96852583209620657,0.088988111938576572,0.0082329130433559782,-0.093450791589893861,0.9955898596781928,-16.910833658949286,-2.9645248760842478,-2.195613753893785,0.3093303436420766,0.1462935942461581,0.4782608695652174,1,5
-0.97055724642962937,0.23947157169401292,-0.025922919460095093,-0.23880840956093108,-0.97071169090020015,-0.026255602690712056,-0.031451151424296983,-0.019291954283406462,0.99931909096845184,-32.203791110709069,-3.8472921388927275,-2.915013051184423,,0.1105733942878227,0.4090909090909091,0,2
-0.44306604420393891,-0.89323134753824729,-0.076356009904120975,0.8962004784401284,-0.44347459013957241,-0.012449511806558749,-0.022741655989757411,-0.07394624855625466,0.99700289337960235,5.9191242230393737,5.6287084596456607,-0.76265723317178302,,0.08153477941222895,0.2702702702702703,0,5
-0.61197467770201941,-0.78747408935081742,-0.073290875643636955,0.79042799443571388,-0.61211851339154388,-0.023119497738115048,-0.02665669641657711,-0.072079707022352751,0.99704259506388571,-18.8965962219145,-18.702029569188248,-2.9345526106330833,,0.3152715374578045,0.6956521739130435,0,2
-0.28853021596597667,0.95728072755017724,-0.019076769528165193,-0.95745885348475634,-0.28856883408893308,0.00075622497360576426,-0.0047810415480009699,0.018483415635583315,0.99981773588397571,8.927081579822902,3.0547603318443288,-0.84698273665517265,0.1379845636228999,0.1398286878997528,0.4615384615384616,1,5
0.92118092827215825,-0.38620042632972246,-0.047696206247308158,0.38785302677669431,0.92116356077140338,0.032058133556198631,0.031555142335318531,-0.048030459186755817,0.99834730829632023,-11.332411726964624,-4.4118149220833498,-1.9902554818260201,0.2188311325450797,0.1752638676527598,0.877742946708464,1,5
-0.41288015594182431,0.89351558447568113,0.17652160527407054,-0.91078256714593508,-0.40553031775659698,-0.07759044247387753,0.0022565931209250429,-0.19280835479644928,0.98123383864814373,-10.469076843011258,-8.4477981779671047,-2.2441992321509039,,0.553378443794394,0.5342465753424658,0,2
-0.19036047603787928,0.95499484874350049,0.2274812696377661,-0.98171328181199091,-0.18485204730253293,-0.045483545618090475,-0.001386173352345829,-0.23197965316260019,0.97271965079461464,-12.545802649626602,-15.505331903477479,-2.6441905930007357,,0.6764534854546309,0.4333333333333333,0,1
0.99918790567737226,0.013966482944221792,-0.037795059230463633,-0.0087431473036126278,0.99080802081960173,0.13499267852283803,0.039333020775079344,-0.13455260396481275,0.99012550226877549,-6.8787953099756134,18.542828232427141,-0.65835055612455629,,0.1063669375982777,0.125,0,3
0.060838123174385507,0.99812738662487677,0.0063594683749095852,-0.99811693511510335,0.060785037859624649,0.0082318290091820262,0.0078298534501417411,-0.0068483021105372934,0.99994589561293357,0.21959410155854164,9.3748748945442593,-0.80815458597956169,,0.08734211014987456,0.3636363636363636,1,5
-0.93283227802989399,0.35433175302518155,0.065367804488598358,-0.35872073251215986,-0.89627827482860878,-0.26077708897867519,-0.033813860050242971,-0.26671007267884378,0.96318345085458579,18.741559304233352,0.36621862404750671,-0.51938841665473756,,0.3604032543781895,0.4375,0,4
0.34900192515073536,0.92188527407331566,0.16830091410282982,-0.934844422950601,0.32997950646389224,0.13107032536773622,0.065295950251440416,-0.20307896680999177,0.97698279008391342,7.7437134514315655,-5.9153401730710877,-1.4138793212785006,,0.244698603806726,0.1363636363636364,0,5
0.45220849203861896,-0.8878727153260082,-0.084791043794609708,0.89187467558799149,0.45101416636122477,0.033849442924584222,0.0081879651302006612,-0.09092999021835825,0.99582362600307683,13.639786130768742,2.8650390895344695,-0.58808048238789512,0.3898801643376956,0.4219706058302798,0.8,1,5
0.98894362061803864,0.14450209960556773,-0.033311536267014906,-0.14372580507063834,0.98931077428052727,0.024639091891994747,0.036515862247562113,-0.019578945376293365,0.9991412596336271,-5.2842038956260264,13.016929278595118,-0.91163891247940299,,0.07291983806496394,0.2352941176470588,0,5
-0.52998553707334917,0.84799125443504997,-0.0051149677167206314,-0.84789672741497812,-0.5300043078901886,-0.012906326232200078,-0.013655406696372517,-0.0025032018519757292,0.99990362728037152,-13.250408257435918,26.337773420001355,-0.61091149697297908,,0.4047336908328613,0.9215686274509803,0,2
-0.056047251491481681,0.98387978464564574,0.16982130303906814,-0.99393203451680301,-0.071105373348408732,0.083923397466209387,0.09464574138089131,-0.16408715747010752,0.98189489681525532,-37.452156984638926,-1.2958098638220126,-3.1118763687147051,,0.3878431139065951,0.4,0,2
-0.77704666840136516,0.62679311285941564,0.057696349956847318,-0.62939697437902831,-0.77261051901815114,-0.083261242754532352,-0.0076107666410441012,-0.10101177938491995,0.99485611857023259,-2.2326316398517325,-10.090494122701854,-2.0301829490193386,,0.602272703076117,0.375,0,6
-0.85812070759508285,0.5096373828727957,0.062438683322771291,-0.51342869135475666,-0.85277470681824452,-0.095740682600445146,0.0044530989497476459,-0.11421487376705479,0.99344608938790413,-14.231080011415832,-6.6198030447734881,-2.2893354914529915,,0.4516328372691221,0.472972972972973,0,2
-0.99931222673926889,0.018612669973055503,-0.032072449327682488,-0.0088816211702974993,-0.95986864498683633,-0.28030929555853362,-0.03600264288618224,-0.27983165097538243,0.95937378368266923,-7.6853879476392102,14.544147786776721,-0.94383451266903395,,0.2192319623870212,0.2,0,1
-0.94177937598342665,-0.32524427994874799,-0.085251189627410226,0.33411806366495306,-0.93366174318184769,-0.12899949167115785,-0.037639427533513813,-0.14997302317168626,0.9879733629079761,-8.6490993348894136,17.34540346224825,-0.81696819956898714,,0.241554819885773,0.1851851851851852,0,3
0.71103539464135501,-0.6921513458670423,-0.12391602794495435,0.70298444166177321,0.7036313412697246,0.10351719839936876,0.015541632755216129,-0.16071543173389105,0.98687841584153213,21.430962520762602,2.0446397669095453,-0.33338552694295881,0.7722490321141047,0.7082977732570129,0.8367346938775511,1,6
0.99066599699649349,0.13395963551925377,-0.025213061029805993,-0.13242320836145977,0.9896637202176195,0.055043753253932751,0.032326092900340241,-0.051191180261556064,0.99816556080703789,-14.667559391605037,-18.505879335360515,-2.7943079581427654,,0.1755212238291109,0.5,0,3
0.093250925781998562,0.99562369553541308,-0.0061418017884015009,-0.9955838950315985,0.093310658443364045,0.010287321059350424,0.010815396179174123,0.0051553767344077218,0.99992822207207199,-3.5714643622745723,14.587433701609774,-0.76784141169794706,,0.07931388042123888,0.5555555555555556,1,5
0.74703828265787753,0.66368680071912289,0.038126562850377216,-0.66399391247949147,0.74213556739535602,0.091361281716875201,0.032340198418472008,-0.093566180631614218,0.99508767523684349,-9.0666626189261574,-2.6256689425161039,-1.8624169434308386,,0.08721496646511867,0.2761904761904762,0,4
0.77200687707427573,0.61293397646808867,0.16827751555403805,-0.63483828497466133,0.73047378722942669,0.25177052667285821,0.031396395978743163,-0.3011975874101816,0.95304474168731002,-34.342086721601781,-4.0598032155629493,-3.0260290243678161,,0.5038325738143808,0.1785714285714286,0,1
-0.96081495004316242,-0.27256456042997484,-0.050430072091659506,0.27483470066611049,-0.96041957716650961,-0.045388579015794767,-0.036062710426766925,-0.057469959047472589,0.9976956874336772,-10.806448997345106,-12.550032749818678,-2.4686424945172898,0.6032393724036063,0.5347968064713878,0.9694656488549618,1,5
-0.6339912468742126,-0.74440993561519653,-0.2095446173115865,0.77286216029045407,-0.61942267801671524,-0.13783913504434345,-0.027187866375516616,-0.24933791070749567,0.96803482695922027,-35.205722326556504,-2.1523301689670209,-3.0085594518461032,,0.5813205667686814,0.1481481481481481,0,1
-0.19742921616892359,-0.97325568268991458,-0.11745246150980589,0.97977890091823494,-0.19986916329260698,0.0092532632173133594,-0.03248091621829783,-0.11325057914422001,0.99303539534354912,-5.7272646237512044,14.522916762476598,-0.88495797893851014,0.24978523388256,0.2914239551422244,0.5068493150684932,1,5
-0.81386283801989479,-0.57237781821514389,-0.10005455564577842,0.58101026200428951,-0.80382653640400981,-0.12763218566819556,-0.0073726749493963697,-0.16200781644107626,0.98676193232009413,-10.058779454741993,19.204027117763037,-0.71634468357647274,0.5060614609513429,0.3691111358040783,0.6551724137931034,1,5
0.62209827868429168,0.77727406894254714,0.094014644643998307,-0.78293107845664578,0.61704494037304825,0.0792115392271526,0.003557814603741865,-0.12288434932698883,0.99241462033049865,-0.5386993849054994,-12.268285100553085,-2.0709917060725829,0.4871962912804854,0.3815918716740127,0.3043478260869565,1,5
-0.99594165300470983,0.087872884660304879,-0.019457131127779654,-0.083095275627786208,-0.98082594205923435,-0.17628285949563777,-0.034574542348223436,-0.1739506468084937,0.98414723161543194,-6.4923403524328087,12.188218888137783,-0.99920673665320037,0.7909914791338259,0.6289176629870298,0.6455026455026455,1,6
0.57435447686642915,0.81858591210538056,-0.0058343299607578605,-0.81832220895783059,0.57432817100319156,0.022269133761868572,0.021580019227647108,-0.0080160148907903427,0.99973498802202765,-3.199473003766911,-9.1481816942048475,-2.0154809275952257,0.3410754445069773,0.2474284117524874,0.7315436241610739,1,5
-0.97200206818353929,0.23313522556940663,-0.029324836668300443,-0.23260768412393099,-0.9723583799175628,-0.020318619308245141,-0.033251236569822401,-0.012928557645522393,0.99936340120287737,-17.318856771119204,3.805406742001558,-1.9539272984757008,,0.08234154880223922,0.3333333333333333,0,5
0.32867954169182367,-0.91471517977237005,-0.23508700254853113,0.94441855260917085,0.32006202702823189,0.075059285516036287,0.0065845547192872186,-0.24669097824723882,0.96907182648685497,-13.550617787520391,-15.405125317936246,-2.6609743154059715,,0.1081620715499327,0.2,0,1
-0.08655275496809571,-0.94745755651862695,-0.30794934519038208,0.9962151122777565,-0.084794866991662859,-0.01911231543489449,-0.0080044160842297572,-0.30843801504940754,0.95121076539089466,-11.801279278825328,-9.3868745891255028,-2.306165919384366,,0.1333913182373981,0.2,0,2
-0.9992450378348996,0.035306990924788256,-0.016210205247505615,-0.03084229232187994,-0.97464263239963012,-0.22163143304470911,-0.023624296109324552,-0.22096414980932225,0.9749957626227832,-22.919471975520395,4.7913735136178444,-2.1538531860725194,,0.5220145277895412,0.4,0,4
0.3482535707514795,0.92669035671306266,0.14129555277453545,-0.9362610859084225,0.35128543228929088,0.0037046018556284271,-0.046202050521884766,-0.13357966849915254,0.9899605258247578,12.041874841400622,18.389831367690807,-0.063592511829403967,,0.2259195202152863,0.4761904761904762,0,2
0.63289160932064792,-0.76216108155812534,-0.13623030723619314,0.77421578113952794,0.62440113008814624,0.10350436212621998,0.0061753612064305826,-0.17097869604951782,0.98525537319579026,-14.698380258215765,-19.662237104060655,-2.831862803927029,0.3207032426579761,0.2164254262632608,0.6756756756756757,1,3
-0.77406617679481704,0.63310050975361287,0.0023018453401715548,-0.63187191688190514,-0.77232703176580564,-0.065183101029384738,-0.039489677109866082,-0.051910505232906044,0.99787066539117331,-5.5128237960666082,17.766524907115411,-0.65054337937575579,,0.1121596222387391,0.2380952380952381,0,5
-0.94715832459242133,0.31888342335788761,0.034705481740388004,-0.32024065732328344,-0.93386241815296844,-0.15920711466088058,-0.018358364644750866,-0.16190845027065609,0.98663500048322117,11.471245480617966,6.7027257288419468,-0.47688351365720244,,0.4131117167875352,0.6904761904761905,0,3
0.49718445319185711,-0.84983890770117165,-0.17487552848123927,0.86757715524121426,0.48442510063165123,0.11243754524880088,-0.010839705156304459,-0.20762021297381725,0.97814945072664172,-7.0980537004061324,10.497290560244656,-1.1206237832735126,0.5000327240221244,0.2234159584648459,0.2,1,5
-0.41161842544903426,0.89340213892243636,0.18000802759786369,-0.91130400096231723,-0.40137057997332604,-0.091796924577834879,-0.009761642327530207,-0.20182734131106064,0.97937246981849446,-9.2937726791177084,24.404119411034802,-0.56398906884090982,,0.3270970524704234,0.1875,0,1
0.93769113816973715,0.34737524960648675,-0.0081095843773650086,-0.34562498008832337,0.93486020315390583,0.081115804242972087,0.035758950444450537,-0.073258695865194762,0.9966716916533962,10.36945593355172,-3.3850247020078079,-1.154289766436108,,0.4607950937040374,0.1282051282051282,0,1
-0.7565832980082331,0.65377493005705356,-0.012651245151378668,-0.65348577636916416,-0.75665191223945472,-0.020838037037303164,-0.023195975042589946,-0.0074983020259152206,0.99970281694539243,2.7402833321704279,-2.2905389062902488,-1.4328387480528484,,0.07802176598072683,0.3953488372093023,0,5
-0.38152566494996665,0.92433430100916647,-0.0066533421962716392,-0.92431702565803608,-0.38156674301732485,-0.0066975146011273501,-0.0087294365893428455,0.0035945237578356732,0.99995543717497071,-12.437292059242447,4.695336162727779,-1.6929710365757533,0.2462768382085575,0.2221446191198784,0.8775100401606426,1,5
0.1755676754221053,-0.97850167473559757,-0.1082148967864841,0.98446680457259439,0.17462088372385326,0.018238905178944449,0.0010497816460005058,-0.10973613583105457,0.99396019963143623,-3.9247934503219395,13.107418894522223,-0.8695734437061583,0.4140881111571605,0.3873734450193297,0.9241706161137441,1,5
0.1798872874586159,0.97535049828299247,0.12779659349881051,-0.9835958788735284,0.17657569699489259,0.036880486626126252,0.013405628437086059,-0.13233453339883314,0.99111445373191931,-5.5850076818185119,-18.509408496672425,-2.5331001619448803,,0.3376412589983436,0.4666666666666667,0,5
0.60285713650178774,0.78515900957277829,0.14173426775328082,-0.79718853226997455,0.58554957849451972,0.147044670566922,0.032461007164116956,-0.20163586191842084,0.97892250061090491,-6.4112740482198465,-9.2921416596605155,-2.1342077960133752,0.3052701484450553,0.2565976158497644,0.1791044776119403,1,4
0.98401499235198719,-0.16455420676998958,-0.068091173149074591,0.17470697895570825,0.96612157351933836,0.18996467220166843,0.034524865397094998,-0.1988240886180975,0.97942688111695975,-18.567527397991377,7.5463924909556068,-1.7935547195955812,,0.3943796774632252,0.6521739130434783,0,1
-0.09355720323026584,0.99091995192917537,0.096564478937192832,-0.99558352062876931,-0.093871021158586199,-0.0012980135091075512,0.0077783787614327873,-0.096259442421640293,0.99532588460690563,9.8942899191760691,3.5257770428283965,-0.78956366189917904,0.5031818554944265,0.2941823876427,0.2258064516129032,1,5
-0.13299956070551303,-0.96373185469739375,-0.23136989668852992,0.99106224256752073,-0.13175133324206562,-0.020909747630580504,-0.010331902495519005,-0.23208295592408046,0.97264112259371605,-18.541981760505955,16.634243642425009,-1.2639549223697808,,0.1215786021207872,0.2857142857142857,0,1
0.67562277776107738,-0.73432142733910588,-0.065619383729681582,0.73700390682478045,0.67500674577911357,0.034512816136923197,0.01895002626424571,-0.07167938687899518,0.99724769340482078,-9.2701110473551029,11.639895163988593,-1.1547445163058934,,0.07749018734007282,0.1785714285714286,0,4
0.26183742319086745,-0.94686968894137713,-0.18675908540369576,0.96087663943563162,0.23765174068346054,0.14225938962686285,-0.090317482270338562,-0.21670127437137882,0.97205108409083452,6.3158577587167315,-4.1749226806818038,-1.379894618308493,0.8384574732386065,0.58239191625966,0.2272727272727273,1,2
0.99427607139754826,0.10225576369678378,-0.030965345744003427,-0.098049165903072569,0.98842664334343366,0.11575461889076231,0.042443549709819214,-0.11205592139472774,0.9927950521474258,0.88480769234829415,-6.7071176164927451,-1.809441982246379,0.5495449320577636,0.2466448011772819,0.5816993464052288,1,5
0.95901414202064084,0.28287990659842299,0.016457030329989467,-0.28104052989386913,0.94215139266400072,0.18266629097416429,0.036167609284938687,-0.17980464883910063,0.98303722833596718,22.482514255010976,-5.1226306938766939,-0.57455690129257886,,0.4664331556492884,0.2222222222222222,0,1
-0.26177391183760468,-0.96091225124610269,-0.090122497115781089,0.96505255752792141,-0.26178639722693647,-0.011892999443301636,-0.01216471495990369,-0.090086223320142822,0.99585967489293259,-33.461311748229178,-3.2135980357473768,-2.9551096768189873,0.4051000271324254,0.3140355723679498,0.963855421686747,1,5
-0.86837856435508176,-0.47232430789716723,-0.15109075795053936,0.49477975292530735,-0.8457050037060877,-0.19994009803353108,-0.033341641587937149,-0.24838034317543739,0.9680886013481792,3.8181091406983025,-7.8523618779304458,-1.7685154939016783,,0.08415045628630009,0.2285714285714286,0,5
0.96909444428832769,-0.23165180217984435,-0.084813917468341229,0.24445045156963444,0.94797887718418961,0.20391180725991434,0.033165264613722385,-0.21834259996490113,0.97530845083166839,-2.2714998040042187,-4.643294902592678,-1.7874837089708158,,0.183517700766089,0.4677419354838709,0,3
-0.077023223480986058,0.9968997750449754,0.016070518344947198,-0.99702540038127119,-0.077057991438481702,0.0015546543127907594,0.0027881963997307101,-0.015902970500635792,0.99986965224977831,-5.7849796078126214,-23.960873832908916,-2.6977273660149059,,0.142279646367175,0.2777777777777778,0,1
-0.99667899151786787,0.077841353158701818,-0.023910491532956466,-0.073675552786752627,-0.98706905965129732,-0.14236075442575516,-0.034682860154430076,-0.14012635447169097,0.98952599965538168,-2.4132113513011695,-14.459481493556636,-2.2475410144081032,0.7504251693045928,0.6744682081831279,0.8098591549295775,1,5
0.91902690594878822,0.39330846898209582,-0.026419583061734107,-0.39259267638543949,0.91927013386162404,0.028520368836125218,0.035504036259469705,-0.015838851504788799,0.99924401133671803,10.184387509443498,-10.102507156463174,-1.6345319439200083,0.2383755602057216,0.2180336126934181,0.7692307692307693,1,5
-0.90804345529617314,-0.4165572458495575,-0.044013000625019616,0.4173714022234904,-0.90867114651955749,-0.0108563386475638,-0.035471057212663283,-0.028227795044327011,0.99897196942013933,-15.618290202533659,4.253341628631933,-1.8704675768598915,,0.08004089603146777,0.36,0,5
-0.036508030478585037,0.97426282684742904,0.22243899823059804,-0.99932426823943532,-0.03654127670780865,-0.0039676194728958374,0.0042627008214336419,-0.22243353910734942,0.97493853655596541,-41.51777910333702,1.4696978460195504,-3.2908225617249678,,0.4965951649466178,0.4761904761904762,0,1
-0.45580859925542594,-0.86038793434160687,-0.22797175983921431,0.88966986400894366,-0.44815618404174767,-0.087427500132660207,-0.026945387715033953,-0.2426698109459049,0.96973465903635991,7.4209961803272959,-9.589757047976363,-1.7770459925629545,,0.1405065888366886,0.3333333333333333,0,6
-0.94228095583766625,-0.33437899919151237,-0.017241959440193747,0.33245094174262696,-0.92824418181381596,-0.166850562669836,0.039786575626650847,-0.16295221332796611,0.98583142807044999,-4.4641648925727013,11.394780689428943,-0.94296373571128389,0.3048660259138512,0.2039323318687694,0.2439024390243902,1,5
0.79896424686984335,-0.59879801548257228,-0.055651315149216257,0.6008411971458788,0.79873612472466815,0.031787715742514801,0.025416294694774227,-0.058834851184928677,0.99794412280950695,-11.048786461236309,9.5475461409122886,-1.3962990389452081,,0.0836028097068918,0.1063829787234043,0,4
-0.92141076447087422,0.38713739001949543,0.033568502589382279,-0.38734503053886421,-0.90811584461603712,-0.15902653889885615,-0.031081030131684385,-0.15953135743858041,0.9867034587756135,-6.8712991119123821,-3.4424576690438382,-1.830842035607638,,0.08098355843324793,0.3064516129032258,0,5
0.87477872124975253,-0.45840663833609885,-0.15692527768987283,0.48366243872971881,0.84544891851660775,0.22646582863893311,0.028858867106448999,-0.2740063504893539,0.9612947964494748,-16.198638222424428,14.559189356719779,-1.2732823076892619,,0.6305754641098941,0.391304347826087,0,1
-0.0367325267338829,0.99293919571137057,0.11279394974820843,-0.99864232248062357,-0.032301125878368163,-0.040867456704528189,-0.036935528021828243,-0.1141419768842586,0.99277760645710711,6.4295182516403537,4.4274585471559567,-0.90282882547489485,,0.1784193954188437,0.2631578947368421,0,3
0.50578830503155026,-0.82400413255122473,-0.25533385993991514,0.86255352897838844,0.4876650798293003,0.13484872844047088,0.013401497686496214,-0.28844403175241284,0.95740296657477153,-5.8885863879386688,15.858013886941112,-0.78201958610301048,,0.09730145449025411,0.4117647058823529,0,2
-0.98381540385734234,0.17917921495462558,-0.0014352913499935456,-0.17737514922364372,-0.97498295842193883,-0.13396375339880415,-0.025402904772986897,-0.13154101913490537,0.9909851929842578,13.892993989700845,0.26539128470084561,-0.78067545566304064,0.7384841580213577,0.5559291760014524,0.1724137931034483,1,4
0.88737575337385111,-0.4463246375080071,-0.11557936787132621,0.4595341028598468,0.87651261673682535,0.1433668058162634,0.037318636537059718,-0.1803328884438675,0.98289743550001485,-1.2366923315526988,10.50153372405765,-0.83677554450716229,,0.181976480689429,0.2446808510638298,0,5
-0.67920464625567711,-0.72488922063244066,-0.11496376087964798,0.7324866700346937,-0.6793668598380912,-0.043862831363437542,-0.046306875582209216,-0.11400126124137416,0.99240081907926203,1.3128369932797701,-8.4218419485068914,-1.8852421934558212,,0.6453026561123208,0.5,0,5
-0.98535704713207628,-0.14699547772127677,-0.086393397876499509,0.16655566807216896,-0.93823711686240208,-0.30326609104012864,-0.036478748610485369,-0.31321469006293406,0.94898148497670487,21.215111179608655,-1.2523844909750139,-0.49068997529749298,,0.6787214369246728,0.2650602409638554,0,1
0.96146059846839926,-0.26993315916879007,-0.052245642631154013,0.27293543685943328,0.95997076734649245,0.062947383953071381,0.033162703435276206,-0.074781116743076026,0.99664839320570853,-18.394364513263245,13.599755705076047,-1.4624173014970305,,0.2698914726811701,0.7407407407407407,0,1
0.94748752648394219,0.3197845345588971,-0.0022888019330106453,-0.31799853141649798,0.94290461131762571,0.099034478707703558,0.033827816575854472,-0.093106097613988206,0.99508137024707854,-13.01710838238213,-13.327932877521954,-2.5698295744333062,,0.1238173414081604,0.2424242424242424,0,3
0.68945321577975505,0.72416216965193558,-0.01560177220561074,-0.72392959746488506,0.68962831095615118,0.018404636429335725,0.024087365262400771,-0.0013945510989161417,0.99970888465690289,7.783125438717752,-3.3505907681906111,-1.2762963234143454,,0.08686643928573087,0.25,1,5
-0.36658877575998461,-0.9068664232858985,-0.20786043347264485,0.9303386905284825,-0.35948800896616379,-0.072376047939154795,-0.0090879256457748418,-0.21991285029798413,0.97547718983135245,-15.801972037967539,2.5361226567210449,-1.9446158012744508,,0.2164422915791474,0.1285714285714286,0,5
0.70816085649002491,0.70577243421181235,-0.019836139797037935,-0.70534039503923252,0.70842901479508202,0.024965138140407614,0.031672203289542733,-0.0036881029274066788,0.99949150543443022,6.2356356048934254,-3.4379367811170569,-1.3395408913472513,,0.08420233497887879,0.4444444444444444,0,4
0.61428284508567244,-0.751481808240271,-0.24069000419083339,0.78570577070050041,0.61070564626618351,0.098514240120580479,0.072959085255943343,-0.24962713294538882,0.96558959520910381,-5.753241026339488,-16.851503682226891,-2.4873499206749536,,0.2529703908309859,0.4545454545454545,0,2
0.92619681651439001,0.37647593685157948,-0.020623434494131884,-0.37518533889819011,0.92567936469085255,0.048514691191323879,0.037355301557590155,-0.037196542275657433,0.99860953264440466,-10.780156919932832,-15.421545972495501,-2.5727159565843865,,0.08083037693497308,0.3478260869565217,0,3
0.65894287156054543,-0.75054041161366669,-0.049833548482211693,0.75193825702261041,0.65899654481268188,0.017675167629899406,0.019574208677247511,-0.049118677300325944,0.99860112452116012,-25.426696406590629,-26.571378464193014,-3.3084150087133839,,0.2738450271681268,0.4666666666666667,0,1
-0.33311095912058347,-0.93313680695211532,-0.13525083520990094,0.94273133361886241,-0.33222317703663445,-0.029755558352803625,-0.017167455459879067,-0.13741710283256578,0.99036448761157536,-4.2527629670157099,2.0466568886520911,-1.4559228343084829,,0.07125090593066744,0.3035143769968051,0,5
-0.16784481469045537,0.98045035522332635,0.10268991734333076,-0.98581082482058757,-0.16717072165037267,-0.015197614597263686,0.0022662409580673231,-0.10378367292280147,0.9945973121754218,-10.994536001015915,-7.4051105367318639,-2.2036427655331376,,0.2422374657738646,0.5099337748344371,0,5
0.00046312337896656897,0.99911363060959535,0.042092025929476355,-0.99998197502531372,0.00071467791545395379,-0.00596144780644761,-0.0059862460029379968,-0.042088506335922884,0.99909595259574679,8.683959645744908,-16.577821519374357,-1.9160142192367586,,0.1365461722109572,0.1538461538461539,0,4
-0.95509805173598761,0.29583331023085307,-0.0164427530533733,-0.29340231495603109,-0.95206126304105809,-0.086570393294158526,-0.0412649142560646,-0.077858872163159037,0.99611003552665744,8.0658994381589562,-17.567615352322001,-1.9950873496343455,0.3597575412758294,0.2582877480395673,0.25,1,5
-0.39484955209442218,-0.90671077486113938,-0.14822078788599888,0.91853065824535696,-0.39307709810083014,-0.04232995171249402,-0.019881173863377059,-0.15285930033642878,0.9880479609950481,-10.852807716500836,8.581232599429315,-1.4311386814087288,,0.07686150443941488,0.203125,0,2
-0.99882244234009665,0.042458638339800951,-0.023473233865287737,-0.032685752529191842,-0.94646514151195738,-0.32114697178138157,-0.035852060740840748,-0.32000156239162508,0.94673841678023951,-16.542523917623448,9.0403111931633156,-1.611908660270672,0.5970644011797249,0.3415608898597766,0.1481481481481481,1,1
-0.98181767395124186,-0.1838611607517705,-0.04721364933981579,0.18622208900518902,-0.98114584945712546,-0.051712238972977914,-0.036815603804839767,-0.059564214592878938,0.9975453451630244,-3.1388432790099015,-17.592790826722368,-2.466005451963841,0.5337904006048284,0.287220824180314,0.6724137931034483,1,5
0.16492628897851672,-0.93948263951500444,-0.3002860124176529,0.98630579589072065,0.15723339576062706,0.049784899818659564,0.00044294034222104535,-0.30438467324670282,0.95254909295865231,-28.537051462070632,2.6682616835706487,-2.5207761593685518,,0.1067671368650348,0.3076923076923077,0,1
-0.37626698421801946,0.9264920516960885,-0.0059694833486444634,-0.9264756122356882,-0.37630122450318848,-0.0063504621807166468,-0.0081299766287768836,0.0031411114870372788,0.99996201772799509,-22.764907312342416,6.5364485872319875,-2.0757395901432205,,0.08413957989050413,0.2666666666666667,0,2
0.92312247346184029,0.38435838150642354,-0.010655212595584145,-0.38286918445061918,0.92139395618353304,0.066666071630000434,0.035441311880520132,-0.057461396382450958,0.99771844792905773,-10.289557177775395,9.873850155012514,-1.3454895178497797,,0.07083710043790868,0.1463414634146341,0,1
0.43986426811872248,-0.89598641495181641,-0.061055465391500155,0.89803028225971759,0.43942138575787454,0.021223993101255091,0.0078126677206693199,-0.064165333011067652,0.99790869936215421,12.235500969490603,8.8575751820203337,-0.39392392158362721,,0.1920394632117851,0.3636363636363636,1,5
-0.28260885481156295,0.95206475124636469,0.11706811955563524,-0.958587279990335,-0.27582179699645509,-0.070941968836336147,-0.035251408806262596,-0.13226883886933438,0.99058684245316431,10.129277208388949,19.307133291407826,-0.10629994089339112,,0.5258641876021847,0.68,0,2
-0.53335187803886763,0.84575812598632327,-0.015131639716659517,-0.84579563360646459,-0.53347692440496208,-0.0056672126889265482,-0.012865471800599921,0.0097756562707720963,0.99986944956820434,1.1295288697212007,14.417605741752221,-0.58279904731449128,0.1746652542320886,0.1229856772884002,0.5925925925925926,1,5
-0.81924233070752528,-0.56827754813368392,-0.076828587544411367,0.57264308989000379,-0.8178113947465443,-0.057135052497921557,-0.030362726790093882,-0.090802813336810492,0.99540592418971985,-13.930099908244152,21.958339038864786,-0.72741274358627472,0.2312332110498247,0.1576056406291589,0.4571428571428571,1,4
-0.89414217455284983,-0.421361611735181,-0.15153931450891261,0.44643270549389352,-0.86510909896981747,-0.22865713709620653,-0.034750700011699311,-0.27210409595513518,0.96164013529653392,-15.501870492865327,9.7100320788762424,-1.5527084729527316,,0.694020724214762,0.375,0,1
-0.14031362290019278,0.99004099502844722,-0.011441826414694488,-0.99010692729708061,-0.1403112282878351,0.0010157434187431534,-0.00059978909311591264,0.011471154233140608,0.99993402426040257,-21.434685807125042,2.5695965909442107,-2.2003026584152074,,0.07872104675085879,0.3333333333333333,0,3
0.45055669827791539,0.89273062528794145,-0.0055400640703879679,-0.89249515743362784,0.45056814171290749,0.020993895086456375,0.021238069460926795,-0.0045144596994534493,0.99976425424156612,3.2261987152171505,12.095203547726193,-0.61579194082082733,,0.7879220186722775,0.7022900763358778,0,1
-0.17305790096915977,0.9849022481548152,-0.0043040087986382109,-0.98491085985646154,-0.17306165285979053,-0.00051229507408329729,-0.0012494194467986858,0.0041504082964988311,0.9999906064868902,-8.7474609222336763,9.4485328810617784,-1.3059707425269067,0.4349542897600456,0.3730746545321398,0.94824016563147,1,5
-0.39331108211769888,0.91940162591507024,-0.0026538553331211605,-0.9193511380803332,-0.39331758305947023,-0.0097346682867280061,-0.0099938778159743055,-0.0013889279971043412,0.99994909534696708,-9.8939820403717391,14.854190121063821,-1.0295980988495435,,0.08022600053455048,0.15,0,5
0.058979154228763812,0.9827729457690656,0.17515363664752681,-0.99765104271401095,0.051905088246336759,0.044701887944337632,0.034840441129638668,-0.17737868777994203,0.98352577230256633,3.6790488716813252,-15.21300368354521,-2.0919455374194857,,0.1723984880990677,0.2941176470588235,0,3
0.3406840709979238,-0.93173090984132911,-0.12574527988966427,0.94015146731403842,0.33861545606405358,0.038141728091338187,0.0070414682802776192,-0.13121388859713531,0.99132907410389026,-21.473085725375935,-6.0626768031234501,-2.5050844849733349,,0.1327013123491903,0.3636363636363636,0,1
-0.74140950848904419,0.66684521859088164,0.075029295375288879,-0.67104772460634221,-0.73719249035446111,-0.079007489933790837,0.0026252662120340277,-0.10892514221916977,0.994046488535546,-2.0548680683593021,16.021650869379432,-0.62316337857578752,,0.3198354198343075,0.4117647058823529,0,5
0.78590237047236267,-0.61293805477190477,-0.081635807697075083,0.61760477774575651,0.78456590941926108,0.054960643034283017,0.030361202076585193,-0.093612364512175791,0.9951456790937212,3.5802268385439988,17.728659087890833,-0.37645887567350861,,0.2643084900795352,0.1363636363636364,1,5
0.99827648231547961,-0.052770157623939266,-0.02567830446457119,0.057326266911896309,0.97049055462356615,0.23422592193945505,0.012560413121256947,-0.23529427075640041,0.9718430131309459,5.2836632631041587,19.646585828809066,-0.250612252486767,,0.6491493038762615,0.36,0,3
0.97705989768981039,-0.20531288342465459,-0.056573635434091572,0.21242178573073758,0.95850909825821196,0.1900981154646007,0.015196752065489857,-0.19775471791105817,0.98013373080951383,-27.841362706508018,6.3089317364236024,-2.3343770954251695,,0.3045284512971785,0.2666666666666667,0,4
-0.87499385998074697,0.48324363972673462,0.029348418350048505,-0.48327252875525312,-0.86821573166950194,-0.11246824543884994,-0.028868805768419561,-0.11259230855279645,0.99322181012513822,3.0695641755446785,9.8876170809397532,-0.68023947247211136,,0.2139480766264781,0.1428571428571428,0,1
-0.024736785906543445,-0.99731643903615674,-0.068905818703882848,0.99967544634335559,-0.025097420115980939,0.0043728116508629815,-0.0060904352246614508,-0.06877528576284142,0.99761358584725213,-9.7860320990815968,-3.8818689118190441,-1.9210357902029054,,0.07709877571439382,0.3580246913580247,0,3
0.24577390860496987,-0.96553663121763378,-0.085639941767481784,0.96932102636039152,0.24512612000563766,0.018164061952600161,0.0034545194560296083,-0.08747684875373303,0.9961605629753888,-28.217703413146413,5.0934615003207053,-2.4344313727039948,,0.1589502801362416,0.3157894736842105,0,1
-0.86497812677259056,-0.49597032903035421,-0.076330026375616269,0.50018821202908081,-0.86436840414062466,-0.051759196965770866,-0.040306237136842928,-0.082949952651658138,0.99573827515213897,-17.60156915695924,-15.705583842858541,-2.7597852374096949,,0.1511480106504622,0.7222222222222222,0,3
0.99821356179870013,-0.038157279458679409,-0.045975070043069763,0.047874413752158701,0.97120223014679352,0.23339723362923978,0.035745287088510803,-0.23518131342053311,0.97129399476613321,-39.078918418016258,1.0431394620474648,-3.167602680225714,,0.149340056936376,0.5,0,1
-0.450268935093878,0.89286038835006354,-0.007629744740043359,-0.89282989502936994,-0.45032226062464409,-0.0080399084418969029,-0.010614359673056335,0.0031919431829685895,0.99993857154699639,6.6058032520968846,12.629242313934888,-0.46068314519283343,0.413931646057623,0.2886726204628395,0.7560975609756098,1,5
-0.11759218095408433,0.98965189080480975,0.08222660156497702,-0.99211290014079334,-0.12069554877009772,0.033831610681555685,0.0434059022793589,-0.077599739262117301,0.99603926032750589,-18.833893006759205,2.3183241094659963,-2.0906277360747008,,0.63192583932804,0.7298578199052133,0,4
0.18103146703719095,-0.97992639818762506,-0.083497677077806504,0.98347700521063541,0.1803115811629567,0.01614663805361,-0.00076691869338003189,-0.085041094969089417,0.99637714947813605,-20.044597913064067,6.1973949963168149,-1.9544870153404219,0.1424711014051325,0.1607382636168633,0.525,1,4
-0.60456962773658485,-0.79243668809991064,-0.080868167851694137,0.79602126586770605,-0.60475144890790533,-0.025016581104587467,-0.029081085000737639,-0.079497046467350299,0.99641081392071729,-5.9989463113402666,2.1464672603171908,-1.5168570666339649,,0.07645896434939228,0.3406940063091483,0,5
-0.84600294263809572,-0.5190170945780036,-0.12206668908219739,0.53214914817292669,-0.8361610782553649,-0.13286058599017997,-0.033110499037478314,-0.17735813132369491,0.9835892374903541,8.3707676973509564,1.4683209043035983,-0.95930426313906647,,0.1388053030845625,0.4117647058823529,0,5
-0.80139369410381656,-0.59468651525599558,-0.064156804965005018,0.5973006824915077,-0.80132689171895044,-0.033273222014463373,-0.031623436654106107,-0.064985853696979318,0.99738497937028203,11.069526632664219,1.3499195727998503,-0.85685242696502095,0.318547477562388,0.25784677721359,0.725,1,5
-0.82192999872526384,0.56930379368981809,-0.018007434183331245,-0.56899703666920043,-0.82210644209472761,-0.019579839836312351,-0.025950904746365092,-0.0058470810433699479,0.99964611847699192,0.75843065924831654,-2.5258176474624361,-1.5176017495450136,,0.08240572591610297,0.4513274336283186,1,5
0.25403796284394098,-0.95914346942078821,-0.12453320240624066,0.96682357016433651,0.24826244046358475,0.060149354358561745,-0.026774943674772466,-0.13568185480202691,0.99039059803124896,-9.7088782864725207,8.7706698129445009,-1.3752421734787859,0.5300838830620775,0.5540748673689458,0.267379679144385,1,3
-0.96659917884714885,0.25623963572585751,0.0052226942373373043,-0.25351970910427368,-0.95295221733406932,-0.16616205515629992,-0.037600326430781698,-0.16193616199342453,0.98608462866588587,-2.3525747003529425,-6.0465707450972062,-1.8867187021128411,,0.07992666497785794,0.25,0,5
-0.60407737815696383,-0.76811409430442323,-0.21234702571475508,0.79691225301189372,-0.58068202728568508,-0.16655102577556813,0.0046240889389436669,-0.26983165366257822,0.9628964100479358,-13.378204301221935,-3.1100619306961002,-1.9914828320385636,,0.2926156499420348,0.18,0,3
0.9893905569195075,0.14480424308032266,-0.011749768697360295,-0.14325669541319758,0.98586564176356839,0.086870337914605966,0.024162886785252954,-0.084265458973664539,0.99615033369776118,2.7774709992900899,14.45347112429895,-0.53983902787178484,0.1250716927745933,0.1340169350398259,0.35,1,5
0.90091567990095811,-0.43011942164927358,-0.057863812773522053,0.43295135248466948,0.89996395482089087,0.051166457810151805,0.030067658543530017,-0.071148880126372646,0.99701242357679465,6.38319405192712,15.333439204979578,-0.38711556295535138,,0.07877084575157176,0.2105263157894737,0,2
-0.97059241275663122,0.23990690299347542,-0.019875769050274179,-0.2390963516951638,-0.97031815872213822,-0.036271275965175778,-0.027987549112475498,-0.030452401385745381,0.99914430806791787,-10.601513959154216,-19.11619147228302,-2.7062763580079277,0.4797392007897679,0.4057919176293271,0.8775510204081632,1,3
-0.65546510024773219,-0.75340090183258457,-0.052465069094377106,0.75471911761966526,-0.65598659087902678,-0.0089803166038912776,-0.027650603187339209,-0.045482674775789038,0.99858238039663805,-6.2365859577602665,-2.5331348295819631,-1.7655214556221885,0.2452639128427797,0.2114069155427516,0.8555431131019037,1,5
0.22052444940828103,-0.9482012924020784,-0.22865536578047099,0.97531551095011471,0.21709055136365443,0.040389932021976563,0.011341133686270289,-0.23191809242844993,0.97266920229390319,3.732816300378492,-11.605593557666914,-1.9539578429704001,,0.2811347011856318,0.2,0,7
0.78160342550518069,0.61622032560737161,0.096791505551425752,-0.62297609846632673,0.76329254338284447,0.17112940704572685,0.031573184480511725,-0.19405412524471963,0.98048260081312322,0.96415571216860119,-11.643788158712333,-2.0451697983248218,,0.5487999699400387,0.4027777777777778,0,5
-0.91625202923574112,-0.39351808324403065,-0.075004913714577293,0.39899568347649672,-0.91319101336868536,-0.082973596220709503,-0.035842202618007905,-0.10595136272185551,0.99372513566321352,-1.9416007005441112,14.353127145290266,-0.69048596737896362,0.1098087576500104,0.1253715142855272,0.3272727272727273,1,5
0.60086565697977323,-0.79726729581245559,-0.057665598845057536,0.79917649140957436,0.60067310300806709,0.022555684448550488,0.016655264649584202,-0.059637927114831839,0.99808111885201922,-4.1751512268471851,4.8371920209141486,-1.2895084904840435,,0.0655858041268379,0.2758620689655172,0,5
0.58238791802467671,-0.78059093655702827,-0.2269407471211449,0.81274409207614839,0.5647753580677195,0.1430938004065743,0.016472818040628102,-0.26778085197508117,0.96333901695161306,14.306582140505371,0.89745443222185439,-0.74628711125280589,,0.5857603880753079,0.2857142857142857,0,1
-0.40744663808117898,0.91219549493012941,0.043435194779376657,-0.9131614131298742,-0.4063766791753618,-0.031531384255342243,-0.011111736452855903,-0.052510700353191893,0.99855853892569646,5.1515908737161338,-3.5963318624927259,-1.4022973611909089,0.289724612366053,0.1384397322025952,0.1739130434782609,1,5
