axis_00,axis_01,axis_02,axis_10,axis_11,axis_12,axis_20,axis_21,axis_22,location_x,location_y,location_z,dbh,dbh_approximation,score,reconstructed,number_clusters
0.26491593482377329,-0.90509664353368269,-0.33259526957025304,0.96296922082685987,0.26624295321586361,0.04248493383550634,0.050098175780743034,-0.33153394355172505,0.94211221043805871,-2.5153178424512532,1.1658668928280922,-1.7740214294348933,,0.07396437133272238,0.2037914691943128,0,5
-0.59781671117353485,0.79693557283339223,-0.086653751184647937,-0.79215739467151958,-0.60385996208279014,-0.088542691740208443,-0.1228895516668865,0.015711109002361199,0.99229598363846439,-34.699932404562759,-16.294276965757859,-7.2411238444179737,,0.2181807933190609,0.28,0,1
0.96023255620091008,-0.10347490693212433,-0.25931907304950458,0.18965829886203558,0.92335104910895027,0.33384512843856201,0.20489794455929722,-0.36975097531283058,0.90625661298033344,-17.238621739634564,0.53879742610774795,-4.3004441059927663,,0.2392680159939174,0.3018867924528302,0,1
0.97570156418763276,0.10940440227107921,-0.18983449213858444,-0.059804035421303858,0.96649364218556022,0.24962675530122533,0.210784095674066,-0.23220834691844797,0.94955218320651991,0.66981879670642641,-10.509656570932078,-0.966323447330379,,0.3617498011364213,0.4375,0,3
0.75770146411358152,-0.59452410488453156,-0.26912744191438498,0.63345772919140653,0.76917505741268144,0.084267647302296467,0.15690696800270199,-0.23433057795653547,0.95941095659094633,9.3655072378087159,-10.615492536366519,0.5118632067790263,,0.08455903102089715,0.3478260869565217,0,5
0.28503493500554938,-0.91145856582543516,-0.2966451897634993,0.95767949515324169,0.28373977830010422,0.04839135019029376,0.040063329734486099,-0.29788424092866678,0.95376092843906002,-10.598571274616187,6.2919515164072344,-3.4063344361614276,,0.1752804257625444,0.2235294117647059,0,5
0.49714117813389141,-0.82664144057362421,-0.26365617332050173,0.85846818984027906,0.51274706202896891,0.011082301792316432,0.12602783833741574,-0.23184990642013339,0.96455305963797278,27.078180435226393,8.2176216341490687,2.5920731609203154,,0.1086707153917165,0.3333333333333333,0,3
0.96195892738811706,0.22207324323119665,-0.15911787033228117,-0.18353754019332644,0.95675103957053764,0.2257020594068169,0.20235857619109204,-0.18791200845468306,0.96111398060814868,0.37947080955644868,-4.7703398750921471,-1.1423169299589151,,0.4633403623047914,0.4278959810874705,1,5
0.86300536745319156,-0.44403506274964799,-0.24094521949168698,0.46606234710953032,0.88382298709276896,0.040531667781751102,0.19495544197004797,-0.14727454136859741,0.96969200528360133,24.469500037249151,6.2831117184232488,2.1711869334133276,0.221416493675576,0.237748520375919,0.3888888888888889,1,5
-0.96746572111435769,0.20376159362598334,-0.14997096862951639,-0.1458160081615239,-0.93348349654075435,-0.3276373810325765,-0.20675533906652607,-0.29510976711902809,0.93282498632832467,-13.631962776398108,-11.943695491396916,-3.2271095779342347,,0.4194610264751917,0.1666666666666667,1,1
0.35712305361895275,0.93405732171370914,0.00021053951376148513,-0.92730232498324561,0.3545133029367894,0.12012791566290977,0.11213172010872553,-0.043095681847030248,0.99275839938607313,-21.196380268349863,-12.258226778614407,-4.6041585321840479,,0.5453130067226779,0.603448275862069,0,4
0.97334185779846494,0.043615145213297429,-0.22517403705901706,-0.0090379011035356029,0.98828396732502466,0.15235851230552278,0.22918102932196485,-0.1462618167408446,0.9623323421576313,-5.7002129907592147,-13.021834581693827,-1.9672292800784081,,0.2705157389852158,0.1818181818181818,0,4
0.66543000936670882,0.72110450075839605,-0.19290205188179543,-0.7302570828026308,0.6824246255006442,0.031956588161099204,0.15468515006559114,0.11960321691447326,0.98069749405863982,-12.708514360424219,12.189353686517524,-4.0223127846834599,,0.08277679638184082,0.3225806451612903,0,4
-0.84287875617216634,0.52239415163465719,-0.12907266454043745,-0.50942555066586859,-0.85192329944161393,-0.12129427108190569,-0.1733234280829864,-0.036483451130903115,0.98418897934855021,-5.1805621578832604,0.22106296733353289,-2.2166542516049392,0.5534039238403284,0.4238784030928681,0.2359550561797753,1,5
0.78109169642010956,0.62276709552168241,-0.045353131303598374,-0.60028692301524811,0.76892072101468989,0.22003757599813148,0.1719051245322247,-0.14464463187320586,0.97443653391579266,-21.927474183413683,-0.77346252178909836,-5.0865693929758127,,0.2358073548055327,0.2857142857142857,0,1
0.29516850253223997,0.94348636604591507,-0.15069516315511777,-0.9542395036043182,0.29902737988842054,0.0030977149723251246,0.047984631642417966,0.14288492979505851,0.98857542553090094,1.75526833965524,17.337861651460134,-2.0424762623051773,0.2280018940027088,0.1767160570414812,0.25,1,4
-0.66550191294201966,-0.63312495690444559,-0.39529734734153638,0.73157738850089205,-0.65830792076334055,-0.17727156030920904,-0.14799232583051899,-0.40716516354544657,0.9012850831397814,12.6113155580528,9.8124842020423202,0.025763008873840733,,0.3535221878200452,0.1153846153846154,0,1
-0.95847798258223293,0.25705884514885541,-0.12345325850632581,-0.21669990622069074,-0.93797246189227312,-0.27064517615448547,-0.18536749323718221,-0.23265513289520492,0.95473058062915217,10.766170771960926,6.3521707741718823,-0.081998861196040343,,0.3944561418529111,0.2156862745098039,0,2
0.85249176609133559,0.50730019592102449,-0.12611225144674051,-0.49485221722587114,0.86092091142543559,0.11805281604873864,0.16846089116799526,-0.03823212639767868,0.98496661499666949,4.5242167746709079,-8.1859579546796191,-0.36557126667096207,,0.2263293488663081,0.1818181818181818,0,4
-0.98199423489899118,-0.010788055900839345,-0.18860259933262863,0.025456988432342207,-0.9968186294070005,-0.075528549616045423,-0.18718777835398143,-0.078969854482759547,0.97914477873186434,-14.025124588973441,-10.646097017784989,-3.2866220085781657,,0.2646679808553438,0.2142857142857143,0,4
0.21517607493396571,-0.8652653028502012,-0.45278605594647348,0.97568568341673334,0.21026204070769433,0.061865349049847078,0.041673780145744403,-0.45508881542066776,0.88947032897527212,0.34129948498826451,24.412066905394223,-2.5427239971885798,,0.141515561426079,0.3,0,2
0.70671941564666618,-0.65635673712405129,-0.26408994903233801,0.69098819301424519,0.72050126824430205,0.058422937047532257,0.15193085487465047,-0.22377166060567333,0.96272699102436976,-0.097205561358011741,16.534670155320477,-2.2755598824813807,,0.122129873863725,0.3636363636363636,0,3
0.066259593531980521,-0.96436429545745606,-0.25614677806253777,0.99776530118521722,0.066250956459940127,0.0086726304495290344,0.0086063938875522005,-0.25614901212963009,0.96659899315552011,-1.0275867832284455,-8.8046662814675738,-1.3043533452934302,0.3999671917996013,0.2895697303609294,0.8708240534521158,1,5
-0.98076082903805262,0.092629289623577082,-0.17183716399086219,-0.062258860061380566,-0.98270676253447387,-0.17438822555686076,-0.18501900056061374,-0.16033475472537015,0.969567293104871,13.47658495129942,9.8373532778154846,0.14283886998729217,,0.1949215408981666,0.25,0,3
-0.94999965727044544,0.23677498061350055,-0.20356389596761479,-0.23626995681309645,-0.97130830355148734,-0.027141977810592858,-0.2041498437265504,0.022311163291268754,0.97868536992182376,-7.7127232084665742,9.2276103918039283,-2.9446845733925513,0.1037701890146278,0.0957139962977431,0.4509803921568628,1,5
0.16989810188471871,0.97200905733978915,-0.16227454336827912,-0.98423946180540267,0.17556954375177633,0.021166415185472517,0.049064414813390335,0.15612087546579684,0.98651860369828426,-1.3347013681207096,15.769802778974706,-2.405340187766206,,0.08233232279313642,0.4090909090909091,0,5
-0.076242218091431849,0.9899078841075919,-0.11945503405938253,-0.9970495121686217,-0.076760678604037874,0.00026173375928395228,-0.0089103571652143689,0.11912253859735066,0.99283957734032269,0.41236801979707793,2.3105747195634505,-1.3967703504790383,,0.1480433015750597,0.288135593220339,0,5
0.38214786381989946,-0.88295724911073581,-0.27267105900826744,0.92069321178793739,0.38910444087366242,0.030360234847702495,0.079290730514357977,-0.26264849197205986,0.96162817643791143,11.402006770809994,13.985100648260412,-0.32121082539351359,0.6086892157163883,0.3567908782474818,0.5217391304347826,1,6
0.25293723443756116,-0.87178208684778413,-0.41954588364850032,0.96611537830223104,0.25064206526777766,0.061641146373514456,0.051418199531062733,-0.42092107118749217,0.90563879145460568,-14.829172375559228,-9.860113271658312,-3.45385190080543,,0.1798442238927806,0.2456140350877193,0,3
0.78154222338204671,0.6181499838088157,-0.084156702574465975,-0.60145636590923579,0.78241857474726262,0.16146644790084849,0.16565624943931945,-0.075576262196687879,0.98328339537189124,16.787056321047238,-5.0005806823031369,1.4478275113645593,,0.3960613192943084,0.2941176470588235,0,4
-0.85245016182628641,0.485072825785339,-0.19502070476481498,-0.49025911223901392,-0.87124412825546083,-0.024076375287762405,-0.18158943931008992,0.075086767575981511,0.98050357106235919,10.35037871296281,8.63279073439627,-0.25921462200926165,0.6460897132214856,0.3818742877724075,0.9029850746268657,1,5
-0.26893401297865754,-0.92654919549377313,-0.26302297426847726,0.9610051071771073,-0.27638464569494414,-0.0089839636906785762,-0.064371427222880015,-0.2551825149847084,0.96474774081278236,-9.5044023032948459,18.31020343356397,-3.8132631968883981,,0.1141996921965203,0.2777777777777778,0,2
0.75199693554793723,-0.60117573210163655,-0.27034856770209237,0.64045341104354581,0.76340099896837144,0.083894833313973766,0.15594882881637279,-0.23623431991595531,0.95910026007954352,-13.038823671083517,0.28899163926402294,-3.626472635250046,,0.07399650765613654,0.2950819672131147,0,3
0.97396396682377995,-0.042586277891126373,-0.22266701656119967,0.090650856279774691,0.97341569543850015,0.2103433054074304,0.20778983032051745,-0.22505175584598242,0.95193229465440976,-6.0026155115763311,-18.020464728121212,-1.9238897167080671,,0.2224625343528369,0.5,1,3
-0.023304253125026018,0.99601254031400976,0.086115801822420388,-0.99972655902006424,-0.023383752152891121,-8.5587118562048545e-05,0.0019284647228858644,-0.086094248777057347,0.99628513054814138,-31.388440517155814,11.794967446145113,-7.3178657810845555,,0.4451774420205129,0.2352941176470588,0,1
0.82361235184924009,-0.52227674375091404,-0.22111014634861176,0.54014758574639798,0.84119805178937257,0.025028449374677356,0.17292564729877424,-0.14004585178685308,0.97492762803379107,-5.2667262471346037,10.539718695654084,-2.5732321013021524,0.3328344777954907,0.2403628449339076,0.8224852071005917,1,5
-0.20710887165834932,-0.94773446984162757,-0.24270412018425727,0.97690149631435208,-0.21368860607731535,0.00080382306124142952,-0.052624915954187293,-0.2369315392824326,0.9701000277878935,-19.742575319420485,-16.346507201630335,-4.3583255685886364,,0.1029660183584955,0.5555555555555556,0,2
0.46523479401052237,0.87208678173975396,-0.15172749110423159,-0.87899613834030133,0.47538094976363282,0.037131406984706343,0.10451016804514437,0.11609305628083125,0.98772467168667555,19.764457053697988,-2.6319625546641885,1.8442247933887077,0.1750080726065999,0.1338506728868397,0.375,1,5
-0.57292006027841635,-0.78800473925987558,-0.22541325478895577,0.80945151330467835,-0.58716789545824544,-0.0047021433305654871,-0.12865011519365957,-0.18515505244823854,0.9742518947446539,-14.855935085707177,19.827087555956634,-4.7138332875881499,,0.1347995146468802,0.625,0,1
-0.98263515482240205,0.016458367590575163,-0.1848168678541145,0.00074647215350540118,-0.99569955786949227,-0.092638184555936781,-0.18554674690351144,-0.091167497468940456,0.9783971034905885,-15.881406357755115,6.6796907409686694,-4.2279022323930615,,0.1123477602782193,0.2758620689655172,0,3
0.67063757105070199,0.74131544300521668,-0.026394360329310442,-0.72126304527013652,0.65998267542176114,0.21024387665466682,0.17327685310757282,-0.12196016605889343,0.97729261230811693,-14.659769799325908,13.730057159838122,-4.4082137290654266,,0.4610442725855058,0.15625,0,3
0.97275059137684339,0.11629115623647893,-0.20058079159576583,-0.097837884257447438,0.99020465879281883,0.09961165649171605,0.21019998901053141,-0.077272897487930065,0.97459984810884936,-14.108367188543854,8.9633448369966739,-4.0523537955915128,,0.07971443332915243,0.2758620689655172,0,4
-0.70614511254847301,-0.62761382020355005,-0.32781087949214027,0.68737143340014195,-0.71873010264228876,-0.10463055051580229,-0.16993996754542154,-0.29921218599066346,0.9389315604373677,-4.6756245107600574,17.860884458097924,-2.9731312273572601,,0.5266838724755822,0.2093023255813954,0,3
0.76077267151690176,0.63969947438686159,-0.10958797717911291,-0.63285627842244774,0.76862334975635527,0.0933331509733272,0.14393704573293969,-0.0016518712096509783,0.98958546785367729,-1.0260845331947621,-7.0130629314650239,-1.3499385525166314,,0.1419293597573041,0.15625,0,4
0.10499377356606518,-0.93156572487892275,-0.34808275990511894,0.99436923137239486,0.10339527617689583,0.023221726123960975,0.01435754896319838,-0.34856092307530728,0.9371761540354403,3.3537160813322315,-8.3284565290553019,-0.57318841358162465,,0.08532116871217668,0.3125,0,5
0.069392370702288583,0.9975737980654994,-0.0055871550443358014,-0.99735080799920972,0.069497178556074957,0.021482736233261822,0.021818906288790983,0.0040816156014872049,0.99975360751659303,0.68747927566537992,4.2531370302098663,-1.4625944197497291,,0.1655481909445143,0.1739130434782609,0,1
0.85271095672791586,-0.42512480709484779,-0.30356699864894682,0.49025558321260893,0.85192367932039248,0.18405300253478427,0.18037041721143171,-0.30576942784682226,0.93486446589289107,5.0120907625232372,-4.2483920010546301,-0.43054960830410532,,0.2331720531546645,0.2558139534883721,0,5
0.88825208910968934,0.43862506652296945,-0.1364414790670079,-0.41367255099757183,0.89294742376197422,0.17753849990358256,0.1997079035577552,-0.10125684872922669,0.97460956482172534,-11.278491078921057,0.22075733038362549,-3.3111758482384599,0.1279762866842081,0.129286719038939,0.3192771084337349,1,4
0.79760661420715762,0.57283734431532984,-0.1888943247711633,-0.5770076221825694,0.81586532805394318,0.037762023550764551,0.17574382753374618,0.078874225430054679,0.98127109589888428,-2.0143207068299489,-8.727545745614151,-1.4489854143467131,,0.06735227736322853,0.1529411764705882,0,5
0.69280145868327614,-0.6777688789508074,-0.24628334408174696,0.70794257158337914,0.70425050388189991,0.053371744603301886,0.13727146165986107,-0.21133048646102512,0.96772721947143236,2.0239355379773198,-2.5858560069300687,-0.97173608304518555,0.655067191356974,0.3386471924752509,0.8978328173374613,1,5
0.88781259970273574,0.42346847895320788,-0.18017556755044678,-0.41333012362838928,0.90587913949057142,0.092418577878918967,0.20235364269122841,-0.007578388277071405,0.97928319260605723,-16.267386568054889,15.541699904550994,-4.8589684693595192,0.3248590233188197,0.2363799894381182,0.3157894736842105,1,5
0.6383714575724504,-0.72536466893613227,-0.25754218919625665,0.75934833076175268,0.64822920956916541,0.056471270843457759,0.12598410505363444,-0.23161387894621169,0.96461547590390895,3.3055578387165037,13.340441228294413,-1.5276347473654639,0.7255289474751102,0.5977341726961062,0.6111111111111112,1,3
-0.43276118361350968,0.90109341927873632,-0.027357040958220582,-0.89684545913165392,-0.43340693309201994,-0.088468371651697644,-0.091574998729825413,-0.013750639269689807,0.99570323868475397,-9.8057126003019146,12.278214600197161,-3.5416456932639591,0.7293667952744685,0.6858643871107793,0.2978723404255319,1,2
0.47063793064411347,-0.77481851313471473,-0.4220855481330017,0.87748535877436984,0.46106827926870014,0.13204350415228922,0.092300505825494983,-0.43251857018619433,0.89688812182370226,-12.2529068162538,6.3151564471088131,-3.6129451704456144,,0.31467992163671,0.2105263157894737,0,4
0.7963679891670834,0.59572990337709908,-0.10442177958782803,-0.57526449878499586,0.79939191600393245,0.17333009278601982,0.18673184588501324,-0.077964394757317382,0.97931239698193451,-21.237159652850771,3.909828670007192,-5.12558046376863,,0.3097788928182313,0.3783783783783784,0,2
0.64832630035870631,-0.66878512904385823,-0.36386736516618434,0.75004956885973739,0.64311204088349183,0.15437793600120175,0.1307618159728354,-0.37300583646969759,0.91856844788128167,19.991582944824579,12.731328070002537,1.1264900888803522,,0.2413374585311824,0.4285714285714285,0,4
0.75373062928139467,0.63259884645267817,-0.17806975585374898,-0.63511097143307149,0.77080041650760178,0.050007718174778712,0.16889106681057228,0.075401706734321755,0.98274635088263673,-6.6620944697976219,12.157011893784393,-2.945997731418502,,0.0797376184314641,0.1515151515151515,0,4
0.96629488434950606,-0.10939770239688761,-0.23303720559227678,0.15812572826044383,0.96655040604045073,0.20193208423909514,0.20315129963177522,-0.2319751178323286,0.95127130418435246,-11.935944745748932,2.4738383951737979,-3.4371683726557327,,0.09341094824498815,0.1428571428571428,0,5
-0.87601548692593667,-0.35819130547609257,-0.32294868841233287,0.44276430072688755,-0.86277257312800604,-0.24409682722212858,-0.19119790968455666,-0.35682275115162138,0.91439645865064678,7.7903077503274245,-3.6550684245759215,-0.077217225291413921,,0.408933404957558,0.1643835616438356,0,1
0.64225680345453606,0.74583735677218732,-0.17672814054201327,-0.7550557064600758,0.65530577256609601,0.021569065432407369,0.13189798542220663,0.11958671199020568,0.98402334309554607,-14.39896178562798,-1.899785856315781,-3.7211464467061934,,0.2481493393199461,0.5600000000000001,0,2
0.30963645817218399,-0.87884104536485197,-0.36299267313900485,0.94983436050445658,0.30356198696624875,0.075264916622516762,0.044044879108435304,-0.36808767576641038,0.92874728078913193,-1.7634849297016837,18.002051543696791,-2.516705828934771,,0.2734809182841194,0.2,0,4
0.93930181023733905,0.31096636109585385,-0.14495527431473576,-0.2806529398159493,0.93943464669969723,0.19671418848898609,0.19734750228346534,-0.14409186946881586,0.96968628767012044,13.058022795442405,7.6153444244784723,0.17665487769895877,,0.3527889434173157,0.2222222222222222,0,2
-0.015990996727905729,-0.95457665930439461,-0.29753603064991863,0.99974586970482426,-0.01053567513938616,-0.019929765615823644,0.015889746121082543,-0.29777911454737477,0.95450254840287818,-10.509837978814955,-10.81802863554339,-2.7802312780718865,0.4487726654717882,0.3511726456060442,0.8888888888888888,1,4
0.97571853618733217,0.08925503478529459,-0.20001719152594302,-0.037422756949007742,0.96770990643034183,0.24927309172655454,0.21580749616912151,-0.23573518142622585,0.94755266282943851,9.6519868149229087,-7.2539506474279678,0.39602587757086771,,0.3652865439368793,0.3333333333333333,0,5
-0.41866308836857785,-0.85169012172143166,-0.31519066451882055,0.90276247759395567,-0.42803256122386013,-0.042521001641114817,-0.098697150344403045,-0.30234427908309042,0.94807531843183179,-14.89491696408944,-12.217383631853593,-3.4547368399568867,,0.2251541006227619,0.2142857142857143,0,4
0.15371598209957746,-0.92555716584409053,-0.34599903121514131,0.98680757504103467,0.16180122610061057,0.005583285231090437,0.050815417825646109,-0.34229270513260002,0.93821825676343118,8.3953539095184766,8.4153063362603007,-0.50081444018730681,0.7216283018384698,0.2823752939820101,0.7710843373493976,1,5
0.67299527147083371,0.73088425712915561,-0.11351461253363215,-0.72436985976724566,0.68231762700168042,0.098645639252714343,0.14955156581821388,0.015838515194225845,0.9886270634560651,-9.4637157919258179,-9.8222688435405381,-2.6110314809649813,,0.6872527120458649,0.3804347826086957,0,1
0.96427590624964699,-0.082692296473172652,-0.25166239435087445,0.16663276842581198,0.92787485986884355,0.33358921581808321,0.20592595055789317,-0.36360724487744595,0.9085066176751061,-1.6103514197832927,-18.17761694279314,-1.1615005604566786,,0.3988962435534802,0.3478260869565217,0,1
-0.037501985917221294,-0.96902669215214321,-0.24409193134747165,0.99918422185994926,-0.040024311816039,0.0053800789752090142,-0.014983051704894463,-0.2436910428397539,0.96973717253763192,-14.62105947813361,15.916135155381351,-4.5631194294232342,,0.11559756614117,0.1538461538461539,0,1
0.031899286798711027,0.99357676173401499,-0.10857096317101823,-0.99939224655670833,0.033235027238404685,0.010515250201447895,0.014056067162266175,0.10816954981237328,0.99403308570153703,-9.5968702089368705,2.4816434533615368,-3.0467403808505131,,0.07195904872812151,0.2121212121212121,0,5
-0.90126568821139719,-0.29927951277184606,-0.31329208813483017,0.38616456772386454,-0.88275075300785111,-0.26763414337246338,-0.19646141068280218,-0.36219177420134463,0.91116410860689911,-1.0603536166988468,-11.363379962300352,-1.2167157552171477,,0.2558205215417785,0.4186046511627907,0,2
0.73614498492265823,-0.63600568763596099,-0.23148936577719739,0.66063222396351251,0.74956491789617796,0.041442713718108787,0.14715850581683709,-0.18343718040246401,0.97195430705962282,-6.312087559303512,16.895344581581703,-3.1717054594711138,,0.1397382493060828,0.3928571428571428,0,5
-0.67559411278649473,0.72934321603714913,-0.10784742921747309,-0.72415929243770438,-0.68390634165175723,-0.08868728784123478,-0.13844101250840735,0.018182108488811133,0.99020376538697785,-33.738458669253717,17.579441500774767,-7.9142524232067037,,0.3847137036869265,0.4090909090909091,0,2
-0.901891460609061,0.38470542646321165,-0.19645235587850057,-0.3883260930369683,-0.92127499770763821,-0.021335980536074394,-0.18919471120276696,0.057044837176999569,0.98028120853373057,-4.6400367012972286,-10.199103372768624,-1.8638341534042326,,0.09051370225870875,0.3303571428571428,0,3
0.34296421906618219,0.93667658360742778,-0.070799167804718066,-0.93496042808986057,0.34766777137111821,0.070541609393776294,0.090689262574728174,0.042001172261696904,0.99499314529412464,-6.2963639627101964,7.5336852457495986,-2.6608764143914971,,0.1245381556759204,0.1578947368421053,0,5
0.51578811948677505,-0.76378830047242552,-0.38805933548587862,0.84911419782686648,0.51596849920315913,0.11305568043613963,0.11387578691335115,-0.38781946816977259,0.91467391198359971,-16.751359957039419,-10.910419094275307,-3.7907669879314159,,0.102278320263306,0.2244897959183673,0,4
-0.065215099891023226,-0.93168856586920923,-0.3573561346539062,0.99778554907066397,-0.06557739873413207,-0.01111768145878827,-0.013076269038158221,-0.35728982773630918,0.93390202386770804,30.784685412311809,7.7190874692412166,3.2835882692623866,,0.2645288511690614,0.3333333333333333,0,3
0.97572745881050427,0.097181316641880733,-0.19624402619938722,-0.061657144120735731,0.98179947536607137,0.1796334789224486,0.21012929996092902,-0.16317347170008206,0.96396062960645457,-9.6659818133814923,9.1034813813775166,-3.2302759649850699,,0.08178600864068006,0.4193548387096774,0,5
0.88151328890818281,-0.40830705809425266,-0.23710686997363398,0.43392419918922176,0.89853389311377729,0.065928994257384854,0.18612928527308598,-0.16100369323780817,0.96924388052105581,-12.789726250047678,-3.8591859171738894,-3.3436937089883783,0.322995962179155,0.2805556212891661,0.8769230769230769,1,5
-0.26682477092985152,0.9612139290372157,-0.069802036095445358,-0.96157443919494257,-0.27038294277918057,-0.047619976280986367,-0.064646264433171022,0.054413664450283755,0.99642361153072245,3.3807982609467349,12.67487494045808,-1.4545941901774078,0.6091859793263106,0.6248186178950311,0.3064516129032258,1,3
0.41943512735047128,-0.8372777637019051,-0.35077075185201811,0.9038381934203038,0.42116966507802844,0.075449541634013365,0.084561776585022244,-0.34868619076240687,0.93341697344348029,-22.359907658886421,9.1130814324806408,-5.5931096227978312,,0.1388466295594135,0.3478260869565217,0,2
0.44032235837341305,0.89698416371863043,0.039187124855805743,-0.89333304403164404,0.43332705083901896,0.119095505592424,0.089845941241841157,-0.087447567428415335,0.9921091823953756,12.136616221112574,8.7308551145337603,-0.027822383390851285,,0.2037945883194558,0.4705882352941176,0,2
-0.82473725018777211,0.55075920820389979,-0.12834626107263478,-0.53802204926657105,-0.83407031424361078,-0.12189743803937593,-0.1741859427614956,-0.031480239455527921,0.98420945528282322,-2.950905000174592,15.876865404254353,-2.6367415564310202,,0.1715801058826843,0.1851851851851852,0,5
-0.34194917866505653,0.9374981084891254,-0.064560481640126371,-0.93686489230370584,-0.34545525215165651,-0.054266401480118465,-0.073177406206144796,0.04192809726361766,0.99643720418338133,-9.0465318139174062,19.704468541136389,-3.7877345567445522,,0.2434568839399187,0.5357142857142857,0,3
0.84557948399648331,-0.47585279267292269,-0.24199061128403551,0.50326473477471745,0.86176171347201169,0.063963707881232526,0.17810093479927044,-0.17587173991054628,0.96816795450193616,-23.958343193912874,0.56145162895854961,-5.4620271196594592,,0.2521330900309385,0.391304347826087,0,1
0.96668115237580121,-0.096235738302410959,-0.23720504276844756,0.15121137950721991,0.9623685365064657,0.22579175948188562,0.20654943318468491,-0.25413673999599518,0.94485546462688785,12.478286457910889,-10.507182831353141,1.0756232424298775,,0.3473567248183607,0.2941176470588235,0,1
0.08111760652329586,-0.94357651003079301,-0.32106588674295372,0.99639485230310876,0.084799324618802935,0.0025244500510627332,0.024844158585010732,-0.32011317414674195,0.94705349559668461,9.6090295399478229,9.0758877280213106,-0.3861526137749266,0.1154642211781916,0.130252001367465,0.1333333333333333,1,4
-0.80448302699034813,-0.53639170376138323,-0.25512937780742861,0.56220507072165338,-0.82622787126644481,-0.035678609801651072,-0.19165729242401919,-0.1721378659054367,0.96624843460789867,-3.8019497281894403,20.777141007723909,-3.0478057292277922,0.1566087792222434,0.2226552326178886,0.5862068965517241,1,5
0.24948147240885979,0.96605829544196709,0.067010183796699346,-0.96707707166369228,0.24496087528519964,0.068964534667365934,0.050208887530842433,-0.082009385970564175,0.99536602726115075,2.3731816545448874,3.75815605553725,-1.1628647113992892,1.333959438598029,0.495581383110931,0.4163090128755365,1,5
0.65908860940543701,-0.69816288758555123,-0.2795903920920973,0.73981611019908888,0.66870853955937748,0.074168808877146983,0.13518257299629027,-0.25572929343070988,0.95725033321463682,7.082639892141005,-5.650782293669133,-0.10849888327275582,,0.06826623249278116,0.3225806451612903,0,5
0.54429611045976023,-0.79412250846987409,-0.27039080176642621,0.83150070905745932,0.55340281266632319,0.048496368626366679,0.1111229723113925,-0.25122652820615249,0.96152842732295996,-19.844890766029355,-13.806411564283311,-4.3439096029178694,,0.06846854338262631,0.3333333333333333,0,1
0.96001914644250874,0.19649356545395397,-0.19938284078372584,-0.19179851984713733,0.98050100309894683,0.042791479366871693,0.20390332574100678,-0.0028393057515603147,0.97898691109463021,-2.5408995171075248,18.313587397293631,-2.6810374723535255,,0.09867209240228082,0.2380952380952381,0,5
0.37276636570145866,0.92751938843981341,-0.027441222093037444,-0.9202369254445546,0.37331507606162673,0.11747278422448998,0.11920250689510739,-0.018537476994856847,0.99269689447312459,-23.305704693074617,10.747479678983451,-5.7818272819360867,,0.5789810885051582,0.75,0,2
0.13972344159877501,-0.92707213713304093,-0.34787154586049762,0.98981146047219715,0.14048750886216366,0.023163172744727834,0.027397674822734547,-0.34756368107913987,0.93725602425859511,6.1028413318942549,-10.815693731273473,-0.011686515254955279,0.690062640747929,0.2671804572115711,0.3877551020408163,1,5
0.9713534691104968,0.11239225325406793,-0.2093810389110583,-0.10213030769799024,0.99300616581122669,0.059229679303526094,0.21457361975908049,-0.036148804535671056,0.976038639416558,-12.746266551834079,3.3121862579570203,-3.6269463840596878,0.5138575666563527,0.2432916332023628,0.7659574468085106,1,5
0.1290251496809626,-0.93691420390910185,-0.32487579974996461,0.98998378584365898,0.14063503845370484,-0.012405229775429046,0.057311556569869977,-0.32002118753685505,0.94567532748350791,3.2960251441816872,-5.7620950179237083,-0.68549195597224499,,0.2704480248301258,0.2424242424242424,0,3
0.97769497545197437,0.042211210846512248,-0.20574437697014986,0.0034357025899372433,0.97625055701247232,0.21661727973675601,0.21000174028725893,-0.21249250248352239,0.95433023920685534,10.757623398849718,9.6481558994192156,-0.24173598828058424,,0.1055646555035366,0.25,0,5
-0.4947693365816147,-0.84128337973628686,-0.2178200600451663,0.86174695197629758,-0.50733421003621959,0.0020469700746392726,-0.11222964999566781,-0.18669299479738435,0.97598679876084116,-26.252367311909087,9.9491508910960462,-6.2807375815073279,,0.1154117287189383,0.1111111111111111,0,1
0.86085592320388293,0.49379988300036942,-0.12283629363348914,-0.47252861130126234,0.86533399856845472,0.16707418239581828,0.18879563285863327,-0.085783136281859365,0.97826247119224463,-2.5636236981920684,-15.54847373094568,-1.3929897172110237,,0.3650985167154301,0.3653846153846154,0,2
0.46788164970998863,-0.8268736887053193,-0.31203631966730871,0.8773764505436088,0.47703348105008403,0.051474479004050104,0.10628887945668962,-0.29785728274477119,0.94867471412478566,35.462990944894017,4.4265641588273397,4.19931446236893,0.5772596001479194,0.3990569604360198,0.5,1,5
0.24000491913053948,0.96253973405346793,0.1261542673135638,-0.96902175913784794,0.22974149902329322,0.090640354941501536,0.058262072659101473,-0.14400036109263439,0.98786103622658228,4.5284837214911295,10.010813245181366,-1.1412401939747558,,0.4354870756738403,0.3571428571428572,0,1
0.94711451512417899,-0.21366086664036735,-0.23942249123166975,0.25025627628096742,0.95881663502336667,0.13432221180598913,0.20086286720814236,-0.1871354976185868,0.96157912524553535,-9.6519808202037929,4.0709563764438057,-3.1093767453131478,0.3458592513196601,0.2799931288988468,0.6357142857142857,1,5
0.94013620800098208,-0.24171725818113615,-0.24024295515774913,0.27605418165222423,0.95350555296300321,0.12091835783303759,0.19984493788398816,-0.1799997987946422,0.96315215476893035,-0.46564707830633251,-7.5325566915301128,-1.2437408549913835,,0.07401390278941299,0.3692307692307693,0,5
-0.78442665118136934,-0.56610357116219789,-0.25338029843258753,0.59572403135095242,-0.80138443524268022,-0.053813245783345655,-0.17259115674723993,-0.19315727702619837,0.96586881042120465,-3.2000427444189685,0.35809790622908294,-1.8639513512608497,,0.08176296693133102,0.3762626262626262,0,5
-0.43005036709743527,0.8996987970999234,-0.07482483716195272,-0.90146819165525027,-0.43244467783772683,-0.018619883018916338,-0.049109888955021289,0.059444723119687758,0.99702284010951825,-28.170892507140259,-13.827448715664696,-5.9788640416568679,,0.2753736545573903,0.2380952380952381,0,3
0.66906935876304596,-0.70604657746390054,-0.23204401223887994,0.72996023767638363,0.68296956870094427,0.026657449988378448,0.13965759763021485,-0.18721858529525687,0.97233993888156145,11.51306941757753,-6.0601008933530514,0.63519217586644094,0.2293811189218595,0.191523892272978,0.6515151515151515,1,5
-0.23830268232960339,-0.92855046589964496,-0.28461529100184979,0.97045490602562767,-0.23907451112791822,-0.032567675688273852,-0.037803531122182168,-0.28396726995641314,0.9580884524031148,-3.5042774395462812,19.207195897394531,-2.8941095395369381,,0.1471633967142789,0.3333333333333333,0,5
0.89825395614329617,-0.34096890580963563,-0.27727249330558723,0.39620796831431965,0.90128544795017218,0.17522496157082343,0.19015539991584818,-0.26725408618810181,0.94467781666481754,0.34359510346168132,-14.613913376916269,-0.91379570402891197,,0.2520650675810414,0.4054054054054054,0,1
0.49260890278941244,-0.83415884399442441,-0.24802316802769883,0.86363334634189148,0.5036683791716251,0.021344950431761187,0.1071163478602465,-0.22471579118636306,0.96851892145304486,-14.618757996049061,-3.6596231518558655,-3.6464517998219552,0.1962297627157882,0.1282681501806337,0.5333333333333333,1,5
-0.32862640900888579,-0.88261213542744532,-0.33615547250956512,0.94358451568295332,-0.32214320238895078,-0.076629099681240931,-0.04065642710925952,-0.34237344457594254,0.93868390813090719,-25.473535948116215,-13.288791795933909,-5.4282395026783785,0.6101882034458291,0.3350396405960185,0.45,1,3
0.49735114734140196,-0.75855013020442819,-0.42100301210921964,0.86152990605610968,0.48891306812653712,0.13685844068250472,0.10201988634154319,-0.43077338796859421,0.89667509779680932,-11.235747897942078,-1.8459580625926126,-3.1361811387724257,,0.2668968184772693,0.2608695652173913,0,5
0.23471366033095029,0.96087069497370281,-0.1470952249218227,-0.9712424595393343,0.23803673004673753,0.0051575126409949155,0.039969769101568429,0.14165458936939154,0.98910888928800833,-3.509432875348899,11.644479533127315,-2.3650945349687214,,0.1015061714438868,0.2391304347826087,0,4
0.61385059634132377,-0.73347954621039957,-0.29188216914088494,0.78204264709473326,0.61545608044194522,0.098097457521085646,0.10768817714338204,-0.28848148699357634,0.95141036790940603,-10.983249341419612,13.365245665834879,-3.7899482354506002,,0.182568061273887,0.6818181818181818,0,5
-0.38648955419579573,-0.78992945811339188,-0.47606436088224241,0.91795399869914218,-0.37947924629194829,-0.11556797958755728,-0.089365993363192661,-0.48167100062010987,0.87178366949136632,-12.722378334221069,-12.89145451494187,-3.1630344731292599,,0.3396832326355312,0.1904761904761905,0,1
0.64862071691745971,-0.65424508015876048,-0.38891456731978657,0.74920555045271986,0.63885511835779851,0.17480040308557557,0.13409775820764824,-0.40475611525472921,0.90453871028695232,13.182241790851396,-0.73953797337382321,0.64751806174442039,,0.1881401613303032,0.2285714285714286,0,1
-0.10462317065176344,0.97719723965855554,-0.18476890151340547,-0.99439001558577589,-0.10569812796939854,0.0040500181585643351,-0.01557206043181306,0.18415607659662819,0.9827736516545631,-24.519160184168797,7.136610020737665,-5.8990718576872787,,0.09779884399749772,0.2941176470588235,0,1
0.9175311277350241,-0.31056619441093175,-0.24836519185748629,0.3356103063996157,0.9397760996070732,0.064703978592298012,0.21331280288733448,-0.14272183258502433,0.96650304015451582,-8.6666330167301648,10.487415792638329,-3.1585101245851597,0.2973702271646833,0.1059220448321906,0.358974358974359,1,5
-0.28854249517131259,0.95506112981517444,0.067834112336456198,-0.954097911023572,-0.28086641932975998,-0.10397706801662981,-0.0802521318144786,-0.094722187522467055,0.99226372629971216,15.904916275105851,-3.6908512225161982,1.2562356727366908,,0.2633102634905073,0.1379310344827586,0,5
0.36385946972408806,-0.81378426879711041,-0.45316823603432099,0.9276289788415748,0.36063292871637531,0.09720271775412069,0.0843253455696618,-0.4557401173737094,0.88610957646938637,-6.5371868849246262,-15.249725553662254,-2.1160942989542093,,0.4734009380935204,0.3888888888888889,0,2
-0.95310586320490087,0.18307407135890219,-0.24098360508656225,-0.137892543394527,-0.97152313982163097,-0.19268740298034184,-0.26939721602241745,-0.15042165132452096,0.9512089501325014,-8.2753245149552921,-13.250958231650527,-2.4400465073857913,,0.2098947241277844,0.3428571428571429,0,2
0.8850108325601076,-0.395558602199373,-0.24553862929760073,0.42523560819865419,0.90150504341629956,0.08039486435648642,0.18955343249645212,-0.17556209420331997,0.96604733181545466,-20.73728318682258,7.1601749245986488,-5.2230042091343156,,0.1248829783276183,0.2352941176470588,0,3
-0.14904345923071213,0.97732439891103362,-0.15040966243473269,-0.988608674811574,-0.150498880750463,0.0017248130803446809,-0.020950783943500466,0.14895336916647817,0.98862225266585424,-10.628302726175017,10.280319862721004,-3.4406450613023551,,0.1166583724067606,0.3111111111111111,0,5
-0.72079397248502741,-0.57695675667637858,-0.38415745489932485,0.67455543721277433,-0.71138099299466961,-0.19726136198607208,-0.15947103610353752,-0.40132030067190871,0.90194844914367067,-8.358494837437993,16.207732711027365,-3.463372959100826,,0.4595237265590373,0.1875,0,1
0.35170701152697825,-0.85066548783208917,-0.39073060521816605,0.93358292609090854,0.34939156656148973,0.079677181973536307,0.068739349388089677,-0.39280244529165093,0.91705023898290361,0.099409640526604184,7.150253685951526,-1.5823905375986602,,0.09278410714049677,0.2307692307692308,0,3
0.95048817187255985,0.27118544510333226,-0.15175865541861286,-0.24187138175987224,0.95218925398488663,0.18663831139740353,0.19511655443843773,-0.14069143172137949,0.97063662161710129,-18.021156602235557,14.880542419608405,-5.1450848444506443,,0.381149617129353,0.75,0,5
-0.95697715067260503,-0.16792051229978228,-0.23663777094859781,0.20341303249999154,-0.96982197352248301,-0.13441903839156796,-0.20692479624177418,-0.17677115494880688,0.96225468950707937,3.6733943724061584,10.045595457477326,-1.3064776585441391,,0.09335604918395837,0.5,0,1
0.97157656033201723,0.14313620262747764,-0.18854976772934767,-0.11038290578060936,0.97853011642609566,0.17405293837956454,0.20941490282411709,-0.14829308394027355,0.96651671466697786,-3.7225224371938221,-16.203337958012664,-1.5735643228773299,,0.2556909363506532,0.1904761904761905,0,1
-0.69260094545105333,-0.64571284937322049,-0.32149470682209552,0.70477157376416166,-0.70070360210559668,-0.11095715754393602,-0.15362603677207676,-0.30342936270334725,0.94038803835180007,6.0953002445636395,-16.194133660983486,0.20425866981411031,,0.446161905722816,0.3888888888888889,0,1
-0.81999756250440359,0.56487255397793501,-0.092320069590962658,-0.5504249519540021,-0.82246901402041594,-0.14344717927766396,-0.15695977113028012,-0.066811067486821002,0.98534253511558134,15.568901249432901,14.397635199515975,0.3606228831131747,,0.4150624545510167,0.25,0,3
0.78592587547651138,-0.53198821322397771,-0.31513339913001714,0.59599654107743227,0.78749081650341812,0.15699151870886721,0.16464702025914579,-0.31120211264311776,0.93597254436561583,-6.5058136552185237,-10.949943602392571,-2.1418425234642444,,0.0947264665959776,0.45,0,1
0.23387197798942835,0.97205766304742602,-0.020193999655548332,-0.97102439497824067,0.23457251609163754,0.045687624709316636,0.049147963014281801,0.0089238111373130379,0.99875164246489812,1.7499396416821464,-14.783545876083082,-0.66898578674918352,,0.3129589568172116,0.2142857142857143,0,3
0.22888333939036415,-0.92114371098419734,-0.31481213550906595,0.97226290867415943,0.23231111389858605,0.027136373664566647,0.048137857928870917,-0.31229122637925849,0.94876600727500793,1.7875066647246138,9.2915676920615198,-1.5299398760090477,,0.1372395204232245,0.2790697674418605,0,3
0.0026166605962819034,-0.950983229216948,-0.3092313872093656,0.99997626915755977,0.00051763552436395017,0.0068697289022808927,-0.0063729278240681605,-0.30924202463696404,0.95096201606025244,-0.5253237955862875,26.150768745679979,-2.758736205339837,,0.4502851959694539,0.3333333333333333,0,1
0.60759670503364938,0.78089218696451501,-0.14502977752871574,-0.76325868651016371,0.62458185716831982,0.16532900883677817,0.21968709907282091,0.010241876485723304,0.97551662336785394,-5.1636854250551263,12.107575099437113,-2.6820787513772051,,0.1076850262710002,0.3076923076923077,0,2
0.23109205984254436,0.97278201407436571,-0.017076679160493158,-0.97147030104804244,0.23167106646296221,0.050734319208397889,0.053309605694994371,0.0048651883143671628,0.99856618002178998,0.62021603531085212,10.429433957801765,-1.7486682292061668,,0.1176775662681292,0.2222222222222222,0,3
0.64667895981130696,0.7627303329311933,0.0069829910522761452,-0.74903260644224678,0.63328297289673097,0.19468649343344707,0.14407108462040299,-0.13113014705150183,0.98084066346708509,-11.627672748576597,19.159511999633335,-4.1774448294162889,,0.7335344227158799,0.4210526315789473,0,1
-0.86943386484963825,-0.36455711475338282,-0.33344094639877336,0.43761370112392578,-0.88151215257671134,-0.17728669845251224,-0.22930111914519766,-0.30005738608183191,0.92595170598498189,-1.8610057018035928,21.933327508894941,-2.8539241515362574,,0.5506756793758628,0.4166666666666667,0,4
0.94488699555864752,-0.17403962951344837,-0.27730628010013281,0.24733413424417888,0.93441332629288454,0.2563153559269315,0.21450965400614058,-0.31077635528638403,0.92596094158073261,16.501228146622818,-1.2850046597171465,1.0826079451811579,,0.4116580797657221,0.3076923076923077,0,2
