axis_00,axis_01,axis_02,axis_10,axis_11,axis_12,axis_20,axis_21,axis_22,location_x,location_y,location_z,dbh,dbh_approximation,score,reconstructed,number_clusters
0.87091350915282029,0.49046869616138805,-0.03082397866706104,-0.48326411101650901,0.86613552807840433,0.12753448946761539,0.089249417805062056,-0.096175387111725311,0.99135505059255447,-13.339207351346847,-23.866884514877444,-2.0315882896972228,,0.2080457488556056,0.7857142857142857,0,5
-0.047948896378205687,-0.98893749339226644,-0.14036928972939094,0.99858280828013268,-0.050709368850412481,0.016153480063341573,-0.023092820171561054,-0.13939581799255826,0.98996743763757722,-13.240229368952512,9.7094879658367503,-2.1703284088419075,,0.07155972749803662,0.2285714285714286,0,3
0.3639743612032742,-0.9251552696811024,-0.10775152605858584,0.93140490272819199,0.36118720346435906,0.045041216984902099,-0.0027516468803145061,-0.11675414782730929,0.99315703562153956,2.4211521592921552,5.6301838862524551,-1.1541474428637852,,0.07599341467235005,0.2985074626865671,0,1
0.80558342614693579,0.58123860934840299,0.11487829438191757,-0.58859632582765098,0.76294140084604878,0.26734768391975605,0.067747389171490466,-0.28298780517506933,0.95672785753454648,-26.178467422316142,-4.8915343708200547,-3.039556133524199,,0.262782941242969,0.3684210526315789,0,1
0.97478839249921867,0.21833845729806006,-0.045998999048802093,-0.21250014826979025,0.97127828610941891,0.10706156134517102,0.068053485098895583,-0.094587573163983404,0.99318775373483248,-15.052970680808816,-16.028991442115775,-2.3062157650756605,,0.09085384807659597,0.1428571428571428,0,1
0.80334947326542205,-0.5749016684228605,-0.15529872970755809,0.59316457781256926,0.79561161390791701,0.123117600054892,0.052776959296703799,-0.19102416459561242,0.98016547639056517,-5.8011350675318862,-8.748909449734148,-2.0187987778338479,0.4934405329838595,0.4994893588122303,0.8863636363636364,1,5
0.37526397429910813,-0.88521857848381313,-0.2748909200034354,0.92691790153935427,0.35850719360995109,0.11088641005910477,0.00039166199359527161,-0.29641298965634721,0.95505978146075698,-12.386731722936723,11.441498568867315,-2.097571905941388,,0.1031424041695737,0.5,0,2
0.97909256059100247,-0.1718678228103373,-0.10880813056839751,0.19527573324939906,0.94394460813043379,0.26615026730287472,0.056966181189056719,-0.28183333419579149,0.9577707585517633,-5.6286322452984727,-22.476747499785692,-1.7270221049711196,,0.3197300737173804,0.2222222222222222,0,1
0.94865124933891987,0.31554744499115184,-0.022149877815975549,-0.30869154146272837,0.93877863745026269,0.15298431977295088,0.069067643343835347,-0.13829128615565012,0.98798035446882515,-12.971605020157993,-27.33509638178171,-1.9282026920822608,,0.1557736864509107,0.4545454545454545,0,1
0.79859479323522331,0.60088394476732265,-0.034421521443004165,-0.59787044141326573,0.79857227800939234,0.069521594337266859,0.069262482643179496,-0.034939973035907623,0.99698641253647613,6.21703146232195,7.1949063643315609,-0.7537284105638703,0.1146552560420607,0.1021843450760617,0.25,1,5
-0.23792362387616636,0.97117696357781802,-0.01441022613981238,-0.97127633448861328,-0.23783716459480378,0.0074676100504694823,0.0038250835277352383,0.015773032469130758,0.99986828141647355,5.9174319025709217,-9.2615162658645502,-1.2691742202008154,0.215446880474311,0.1711750312699968,0.4222222222222222,1,5
-0.84127760800473772,-0.53173795327350593,-0.097502488780179877,0.53421797942623328,-0.84534639324500171,0.00079112920476973644,-0.082844050646855516,-0.051422023260165345,0.99523496662660116,-1.1816534320706436,-13.962170958321277,-1.7776365020003324,,0.1919160258553781,0.65,0,5
0.29256636162123062,-0.88980056569849253,-0.35022832171364721,0.95615649549087178,0.26722297182374943,0.11981919487418508,-0.013026134435422823,-0.36992815060809597,0.92896904319215323,16.57224258586411,-4.9851472500805185,-0.17920393234380827,,0.3511366478970124,0.4776119402985075,0,2
-0.19576293606221593,-0.97188272963046329,-0.1308465999189167,0.97957715264075451,-0.20004323182075709,0.02028071564168879,-0.045885453997241428,-0.1242041273418365,0.99119516739273927,-6.301100349687097,-12.565266732701774,-2.1100520501193425,,0.09204696480263941,0.3513513513513514,0,7
-0.30098328125660123,0.95232515753849345,0.049858386689632661,-0.95360744880219162,-0.30091958379029571,-0.0089575487969357423,0.0064728659018992796,-0.050241401361411572,0.99871612763400264,-16.471909268304984,13.520940676865614,-2.3725138083891477,,0.113708220471211,0.4444444444444444,0,3
0.54165716337087089,0.82876247700730055,0.14057124198692408,-0.83740665724156882,0.51743992175886822,0.17608525712755826,0.073195681406241622,-0.21309313474370928,0.97428625575267991,-3.3002414375823683,0.34892593315435361,-1.6406523853500201,,0.1430428834742626,0.3193473193473194,0,4
-0.79082120561079072,-0.60530687524756199,-0.090583704573887036,0.60983067760292475,-0.79186401909961557,-0.0325256807732262,-0.052041958174669146,-0.080962720022471152,0.99535756015409382,-13.316238825591707,22.013786778306294,-2.1493676634338552,,0.7274081421770235,0.9537037037037037,1,3
0.95988461958883642,-0.25823117628809372,-0.109261963508183,0.27524132459982448,0.9421298878165868,0.19139876623228386,0.053513832878331891,-0.21379413947901843,0.97541187998460299,-16.020551589916753,4.71526099171572,-2.4128229662491525,,0.2118535860155702,0.2325581395348837,0,1
0.99675371283708369,0.027447064150049241,-0.075688140517741698,-0.0072818712879651202,0.96697647001295717,0.25476161561708477,0.080181109346502827,-0.25338343495742749,0.96403725269988461,23.956677452149069,2.9391045512464582,0.51314947887543572,,0.4917486741640502,0.4375,0,2
0.98379232882676815,0.17554469328387048,-0.036561105036310222,-0.16514360204064385,0.96646250259922994,0.19666677852315234,0.069858746386159395,-0.1874414354658677,0.97978847912386136,3.9185428974096035,-10.148442101921082,-1.4296533865978283,,0.1160344083380805,0.6,0,5
-0.45627533305451062,0.88950269272820204,-0.024449541412298027,-0.88983151847865605,-0.45620940600109278,0.0085350218568653064,-0.003562185840527872,0.025650292501380713,0.99966463042693943,1.5517264843500165,3.4619126127815147,-1.2037039137999814,0.7197714908219063,0.6133608133193494,0.9186164801627671,1,5
-0.19325806510039412,-0.96122080629779216,-0.19673810463119676,0.98034715089776037,-0.19727831680480917,0.00085407570292375028,-0.039633117468814628,-0.19270658333042284,0.98045570462964815,-2.8972726681864827,-17.153934180576343,-1.7832404784818106,,0.3273326767254611,0.2,0,1
0.67755494009828587,-0.6741143932309045,-0.29409027183390157,0.73500825979754303,0.6348373845646349,0.23821073273159038,0.026118215440491397,-0.37755963767074391,0.92561685314396758,16.046140512276768,-2.9471751497917147,-0.23365716736919129,,0.4751527917992909,0.15,0,2
0.99203208644772189,-0.12269065724512981,-0.028624152091170599,0.12523335802448421,0.98510976500084591,0.11779370500111387,0.013745744653955951,-0.12043983362964328,0.99262545855885276,-11.024169790170841,3.614534911321476,-2.1082484607315144,0.192060686814924,0.1634246392361579,0.3307086614173229,1,3
-0.9846412842571558,0.17296390582375087,-0.023770330637419682,-0.16519713328435981,-0.96704918524951977,-0.19371572074271598,-0.056492906555151566,-0.18681370557438537,0.98076969310767281,4.2218399999285037,-6.6319458984854833,-1.4265180099063293,1.154435948660145,0.6763023936697692,0.2765957446808511,1,4
-0.25558109920839311,-0.95772478901110802,-0.13206638573481699,0.96582192329532068,-0.25903645152477528,0.0093877187633389942,-0.04320085889836367,-0.12515328719246929,0.99119641872605779,-17.584657213185245,-11.627178882794048,-2.4761370468466612,,0.1655326364930595,0.3333333333333333,0,1
-0.011943783485221135,-0.98679458676067233,-0.16153572229043933,0.99967256559371376,-0.015439924622406826,0.020405154420831989,-0.022629795300483001,-0.16123911519073217,0.98665588737774745,17.939391268010233,1.6220406191665975,0.14109843491139606,,0.1241258074336216,0.3478260869565217,0,5
0.207705756593766,-0.97356618460753708,-0.09501159332700497,0.97809064574827764,0.20530867970580505,0.034453370476309343,-0.014035931658778164,-0.10008611405277013,0.9948797728350337,-12.453976000784474,-10.315467474665281,-2.3362867643230172,0.1469635490384291,0.1538881306675917,0.5636363636363636,1,3
0.86279541076831556,-0.49830463895350585,-0.085302789840373108,0.50437868151290088,0.85994398624597135,0.078092804756246137,0.034441614254304934,-0.11040302222677469,0.99328996163796668,-6.1265538553404637,-10.36531533004298,-2.1206965164794056,0.3624889183924701,0.3571844816135625,0.7830188679245284,1,5
-0.43393093700730162,-0.87279999448427326,-0.22343704154910829,0.9005740368904056,-0.42732803787242807,-0.079731751059530148,-0.025891040668221333,-0.23581967194522463,0.97145187031410041,14.002936691830161,3.4718206381635546,-0.23292421365224705,,0.3588020553107564,0.32,0,5
0.87758326373663298,-0.47341803631583318,-0.075650367482383588,0.47770022250492733,0.8768425148874579,0.054311154513420799,0.040621578355624147,-0.083800757614106561,0.99565421728389203,-2.5816990284163537,9.2302061811988008,-1.3625006300230704,,0.06598821049324763,0.2340425531914894,0,5
0.14772018494447559,0.98895573542282644,0.012054058829525259,-0.98793625813873098,0.14697317391420439,0.048793811128323691,0.046483296083770012,-0.019116472579447104,0.99873613315094756,4.3006831767943643,6.9590584423164596,-0.90279189687630268,0.2697052559929783,0.217058781040574,0.543859649122807,1,5
0.66427619966640539,0.74724213546614149,-0.019139528227164176,-0.74478788052694489,0.66383443762172889,0.067932705287097994,0.063467657723747878,-0.030871190638576157,0.99750630374530369,-6.7451273439465167,10.570875189646669,-1.6820016807661358,,0.09299950478683223,0.4857142857142857,0,5
-0.16110117382157416,-0.96382766374574458,-0.21232674440995858,0.9858694515664983,-0.16716640343623959,0.010808238994632496,-0.045911177955740748,-0.20758523107536647,0.9771389540787454,5.1653369398680908,14.463965463518544,-0.89825699371414858,,0.5315290608312986,0.631578947368421,0,3
-0.68706103614173419,-0.70593100615448745,-0.17207134324331511,0.7232297408163475,-0.68720296978475048,-0.068489563568014847,-0.069899031571006826,-0.17150362348571907,0.98270068307532155,14.763842142893498,0.83441825143495252,-0.1686824257502666,0.16514766508997,0.154449876881835,0.35,1,7
-0.70873061022254136,0.70443992033585268,-0.03827950849738853,-0.7050400370205484,-0.70916026335792914,0.0032042272353787777,-0.024889120748791967,0.029259520011948897,0.99926193370758531,1.5033124407700873,-11.429554225788317,-1.5988306252769116,0.2068000465931299,0.1954208038545325,0.6231884057971014,1,5
0.10457250205308281,-0.96973632400138843,-0.22062650277478224,0.99434287201985916,0.097794604545080016,0.041454410925353985,-0.018623766473371939,-0.22371338188437556,0.97447702799409286,-17.317250860036683,-4.2006231754466485,-2.5079098401119384,,0.4097686074818566,0.1724137931034483,0,2
-0.26259443404129684,0.96432131980196822,0.03359397841759023,-0.96489699310816612,-0.26258560011984788,-0.0047534514322618805,0.0042374404244227967,-0.033662958650271038,0.99942425891788333,-14.544827138952511,-3.9464155884381533,-2.3711723700879701,0.5033975832297275,0.4943910972909474,0.7896995708154506,1,5
-0.11650068764184277,0.99057436796567577,0.072041733102271327,-0.99290172439092983,-0.1179093796479095,0.015605892879369792,0.023953193534370833,-0.069712263773644881,0.99727952189898017,-8.6383555672947132,8.0648808094756728,-1.9158482386402449,0.3836657664882026,0.2342709183823394,0.2424242424242424,1,5
-0.99316484916860903,-0.020689300921253529,-0.11487182075375646,0.046241465151087638,-0.9733801027476856,-0.22448363520663225,-0.10716953520741836,-0.22826109699704286,0.96768360651668162,13.894687215296694,5.9223081610486616,-0.17375890584888593,,0.2126086612990569,0.5,0,4
0.82563864946171495,-0.55501186329242302,-0.10140341276164608,0.56281153289651253,0.82279436089793678,0.079073498172484907,0.039547426638327415,-0.12235714641666361,0.99169790247184564,-9.2677238974794154,-7.6402188644979576,-2.1504664040013122,,0.1188574642682898,0.2588235294117647,0,4
-0.45581408376952504,0.88052209874986997,0.13005519847539065,-0.89006909941588053,-0.45038653662556871,-0.070206594358569532,-0.0032433473992062706,-0.1477592678634746,0.98901803798419097,0.88145705665072427,14.400022275756941,-1.1736891247688481,,0.2256764063115471,0.3636363636363636,0,2
0.54492890461018328,0.83722956711563112,-0.045816382088930872,-0.83664219081103097,0.54653875235534943,0.036403801020993692,0.055518766874490387,0.01849443487190126,0.99828634289140972,-4.1453435831595842,12.712073135656814,-1.5115311918620826,,0.727708414531026,0.9650537634408602,1,5
0.9947711106331667,0.087246595653065764,-0.053089255001421011,-0.073253656729424854,0.97174893312042232,0.22436112130912397,0.071164170938914528,-0.21929897976568502,0.97305889762557873,0.74109223444593786,-8.4522512604477189,-1.6392053495099566,0.4423829142202821,0.4852995179284776,0.45,1,5
-0.46240039778002595,-0.86150918471015425,-0.20973267936332324,0.88596198052850617,-0.45837808102244038,-0.070433684386032147,-0.035457597082712011,-0.21838374366749425,0.97521859052772897,-0.079060682884518105,8.8944563809004542,-1.1737368546373834,0.4348394631868485,0.3559595325535231,0.1219512195121951,1,3
0.99621061645466458,0.076231354524051165,-0.041871090867650562,-0.05766933277837958,0.93934229919629486,0.33809805234209195,0.065104959257457073,-0.33440219127279625,0.94017898229647667,-18.138675712812084,-13.567219264415991,-2.4663097291550216,,0.5146324725720309,0.3428571428571429,0,1
-0.88245114057882557,0.46733431219814775,-0.053652820367750119,-0.46805315555057569,-0.88369980598474429,0.00094682716134382439,-0.046970502129298,0.025947900585772506,0.99855920124192588,-0.83748916368583093,-17.523520514007156,-1.634052993429441,0.2223015967512639,0.211269535531691,0.4074074074074074,1,5
-0.89383342097602025,0.44365771152600192,0.065035763621379028,-0.44616634162842511,-0.86552175371408513,-0.22761302565012034,-0.044692405889730877,-0.23246489810551149,0.97157740813822058,-28.371920905148539,-0.61210729310082002,-3.1991100181184997,,0.4748720855551972,0.2238805970149254,0,4
0.47181001737205008,0.88154159982866487,0.01672469069683398,-0.87979674158279497,0.46946096906325596,0.074592841657131245,0.057905103468374845,-0.049907978297136286,0.9970738150681776,12.204765114798645,-9.3776837018412706,-0.7003993206602096,,0.1953144415339015,0.3846153846153846,0,5
-0.40048567126818513,0.91379233262895943,0.067784953620982136,-0.91626499662426386,-0.40004569465066059,-0.020540159507895037,0.0083476385888782614,-0.070335019869180004,0.99748849713166798,-11.208145985394001,6.346821321517341,-2.1455408738437902,0.3635953199659251,0.2322871621090086,0.1,1,4
0.04233005980626825,0.97118506154421569,0.23453729398574669,-0.99863733929326937,0.033956452889222603,0.039628573989510897,0.030522624494919881,-0.23589517913798239,0.97129904450349502,-12.544822056780362,20.240679348447237,-2.0750084536343518,,0.3231926178764672,0.3571428571428572,0,1
0.30841859706593355,0.95038455129988164,-0.04058538695641848,-0.95019944504772735,0.309802535937173,0.033814247853316708,0.04470999457470734,0.028135269279276464,0.99860373672829339,1.0716987698948586,10.849109198838766,-1.1351067115019347,,0.07222493744903649,0.3636363636363636,0,3
-0.67488065371881911,0.73768860764625566,-0.018751570200613858,-0.73754731620735359,-0.67513063179559607,-0.014919328624625307,-0.023665578196816677,0.0037614040209035171,0.99971285489804651,9.6018911386939756,-9.7490219495138568,-0.94396905397684794,0.3212279761715649,0.1934198139005843,0.3888888888888889,1,5
0.04028934081104197,-0.98212676612575223,-0.1838580546954191,0.9988220126975883,0.03460661992018866,0.034014244199125424,-0.027043593839389056,-0.18501188371851038,0.98236411117018052,-1.4875955294399916,16.74066781101989,-1.3581528467112853,0.5300744610288778,0.6063243672172081,0.7678571428571429,1,5
0.86604744659652033,-0.44783815872595961,-0.22226741513903697,0.4982514979995093,0.80984477225086882,0.3096722292992749,0.0413190632141123,-0.37893591601599325,0.92450003059395724,-12.901086470682268,15.075116661827725,-2.0216977903296707,,0.3189069481152464,0.1333333333333333,0,1
-0.83827373693753815,-0.53840108254759866,-0.086147642291295165,0.54342052982976941,-0.83789855005348701,-0.051187377133391922,-0.044623645305012283,-0.089723431331160675,0.99496655026681946,-4.6923075462382995,3.6426753891956585,-1.6530459596854139,0.6452565408923087,0.3705633877698998,0.705,1,5
0.66810724603835459,0.74283801478705003,0.042712897095376394,-0.7415116809686062,0.65996509164770256,0.1208573737657405,0.061588430554430224,-0.11241779927428858,0.99175052489432469,-11.427458835006407,9.2631454196711509,-2.0565131354502162,,0.1504609722517938,0.4,0,4
-0.35677509432646248,0.92514641584672652,0.12967513761048532,-0.93418210690410308,-0.35389970312860136,-0.045373905118438682,0.0039144870102183343,-0.13732847254463385,0.99051782791628917,-18.414134014029813,0.035265297304349824,-2.6774861297069901,0.7409059826660793,0.5365021975254096,0.8306122448979592,1,5
-0.94662175878222121,-0.30870428972859382,-0.092784197486529704,0.31486938614658594,-0.94716740431565705,-0.061083368191459361,-0.069025469703052997,-0.087037748736428458,0.99381080434213853,17.464210712519314,0.81133405735399089,0.098236474693635223,,0.1145617274402279,0.2857142857142857,0,3
0.98964282622927302,-0.11935635155605306,-0.079756741634578784,0.13066792728351359,0.97904037942734679,0.15622364811444928,0.059438785926089553,-0.16502726076010815,0.98449633515501112,6.8003765297293324,8.114776713140758,-0.65765013471329725,,0.8271154338446836,0.640625,0,1
0.65831387481622883,0.75102332646366432,-0.050860646200142579,-0.75009880139793439,0.66016072801849579,0.039237753802591799,0.063044669606762013,0.012319752008181938,0.99793466386564234,2.6888498222259472,8.5911140269362996,-0.95466885429017989,0.3436487875470477,0.2770127469632515,0.7238095238095238,1,3
0.95215963971651851,0.30346785347334182,-0.036045560103735025,-0.29635257245260116,0.94569657732298884,0.13354076696016648,0.074613492718377819,-0.11646993409402293,0.99038759137849586,-17.594346016271686,-6.2975172956643481,-2.4907565894397927,,0.2474568975713743,0.4090909090909091,0,7
-0.85693895427345557,0.51354187936265583,0.043935939609706945,-0.51386139785354734,-0.84462157519514292,-0.1502027247118817,-0.040026147013102011,-0.15129154918747684,0.98767847739015702,-11.509977567852255,19.597841862873054,-1.986211605981455,,0.2400411415486164,0.1333333333333333,0,2
-0.86841780534725077,-0.49007867650718512,-0.075322016627474994,0.49183054043777269,-0.87067343421932153,-0.0055218146854599569,-0.062874755256400364,-0.041840910335435307,0.99714397324245485,-14.549304170877392,6.4153412423245095,-2.3657644672575948,,0.3955853040237985,0.28,0,2
-0.75913794582242855,-0.6295201213823457,-0.16557172460073138,0.64779144002022548,-0.75557699391009514,-0.097312160135855238,-0.063842223089628919,-0.18112929925481636,0.98138491301957231,-13.598789740523872,-17.691403986212631,-2.2088039117991229,0.8345706072772786,0.4964107310111269,0.7165354330708661,1,5
-0.23978943658186844,0.97025361580786329,-0.03330085757931641,-0.97076798826523192,-0.23926279655947194,0.019048021997457899,0.010513755904765302,0.036894920982549449,0.99926384190686468,-5.0913358037236618,8.5468542605266968,-1.5941180915823219,0.4259927613113674,0.1157446526981619,0.1764705882352941,1,5
0.99407977112066914,0.10809465287799215,-0.010997939255368268,-0.10319344220588386,0.97096474096561258,0.215820724878964,0.034007677579912472,-0.21340810158184484,0.97637106677986618,-15.941844928311589,-3.7715640787382032,-2.4441778237201173,0.4753291108806919,0.2375914144807006,0.2972972972972973,1,3
-0.99790520579962971,0.012165303821024697,-0.063539008655641022,-0.01141148200023881,-0.99986029577728208,-0.012213394561897808,-0.063678711643356048,-0.011462735760215864,0.99790461837408828,-3.4375546614886705,6.7443015231299537,-1.5667533530302287,,0.07119915354296692,0.2027027027027027,0,4
0.27005644726252037,-0.92915686653334995,-0.25246194300502434,0.96279650671728845,0.25797710448558925,0.080440662691308951,-0.0096125930388807363,-0.26479299638615433,0.9642573656031419,-8.3906018659108703,-15.48491626659716,-2.1301204883321985,,0.2017962592444197,0.4545454545454545,0,1
-0.17944405601165048,-0.96613958186917825,-0.1854026405090779,0.98289761968939915,-0.18399931194868205,0.0075181388206038945,-0.041377529783711842,-0.18088272871687414,0.98263387814635084,2.5365235048261474,11.246786395834274,-1.0210909758717386,0.6311082268625888,0.2544454936038509,0.2068965517241379,1,5
0.10116822697695241,-0.96874492802475931,-0.22649117924688489,0.99459736422295808,0.093161821584250182,0.045792554851733815,-0.023260974422507956,-0.229900281481796,0.97293616832940666,-15.525410623610734,1.3589802177702182,-2.4992528073026974,,0.09103855066511606,0.2894736842105263,0,4
-0.2367951956572267,-0.89763064296648298,-0.37173547600576667,0.97064537157647102,-0.2351654841895999,-0.050445591314255404,-0.042137844639107989,-0.3727685929010775,0.92696708582113163,-12.959908469734604,-19.031576651005057,-2.1558048510506542,,0.7895009147927716,0.3255813953488372,0,1
0.67891563001563426,0.73304692197914367,0.041421944635387946,-0.73145180574558499,0.67039102259309868,0.124716208642268,0.063653933044210853,-0.11496993956457487,0.991327438238507,5.4326611389729029,4.2739748105566493,-0.94781420027203922,,0.1195307597031402,0.1935483870967742,0,1
-0.94163064191829582,0.33379310605413687,-0.043748103401981049,-0.3326980299657904,-0.94253982677368087,-0.030507307359408299,-0.051417458683025455,-0.014171707595459607,0.99857669091883405,-44.00188198216501,-1.939318382585552,-3.9961042916039826,,0.25778574138747,0.4117647058823529,0,2
0.42972335758877639,-0.89629008549819833,-0.10955326823176022,0.90295601784752222,0.42693297173590533,0.048976192968549201,0.0028750261864089301,-0.11996799690909254,0.99277359651737662,-4.3981964937457034,-16.988404873088236,-1.8920598747225728,,0.09606060375946514,0.3181818181818182,0,5
0.67998125869178472,0.72753833475283447,0.091178173336658327,-0.73132881038811137,0.66400657479184633,0.15573515893821241,0.052760391623323272,-0.17257821443703014,0.9835817713731182,6.7198003538715083,10.435905602565263,-0.70040091930429282,,0.6068960567205565,0.5,0,6
-0.56957686838722565,0.82185758806672171,0.01150199701576079,-0.82193429952908359,-0.56947609762456131,-0.010999158692108135,-0.002489629658034329,-0.015718752223080057,0.99987335326665971,-6.7529724001172617,8.6372985758467653,-1.7133795385301367,0.7629136195828379,0.6973216628649569,0.6396103896103896,1,5
0.52542575595362484,0.85082858511189197,-0.0043004345196867508,-0.84834799413042483,0.52426700687338457,0.073822668326923205,0.065065012375671707,-0.035140066313521838,0.9972621119364935,-5.5641576472791572,7.3060149565009391,-1.6973768661131161,,0.08651750114801997,0.2054794520547945,0,5
0.96350149516078487,-0.23797479129727192,-0.12260859484535064,0.25868114822882993,0.94554033015504024,0.19757921854615867,0.068912497951718291,-0.22208440457924217,0.97258911410149851,-3.3430048521906235,5.6253823892748853,-1.5972653548488216,0.3740732003387365,0.4222212865330485,0.5948275862068966,1,5
0.86046761180442533,0.50861288809474015,-0.030139991697359054,-0.5050459876847192,0.85925243011569363,0.081325344535650129,0.0672609794691994,-0.054755743116160979,0.99623178489578512,-7.802895157213368,12.29711193261933,-1.793893896191157,,0.08210144607397532,0.2857142857142857,1,5
-0.98684644864199755,0.15641472813617407,-0.040847516751515336,-0.15136069914619626,-0.98273853886035001,-0.10637153281117881,-0.05678050331454651,-0.098789660697422246,0.99348707962541527,2.6587182147926369,14.406137151753072,-1.0807037329170219,,0.1184334430570494,0.4166666666666667,1,5
-0.38304756965355879,-0.90760728018614611,-0.1718242833117824,0.92269137150061575,-0.38475239005041345,-0.024621764940920447,-0.04376291056149624,-0.16797209084725973,0.98481987406610849,-12.259699737476719,-11.874038325601887,-2.3173046311151211,0.3728514163131455,0.2901704444749305,0.6633165829145728,1,4
-0.96895375500767356,0.23881546992376643,-0.063998374835772628,-0.2406014653974784,-0.9703810708492141,0.021714331353240166,-0.056917093259542036,0.03643828567074691,0.99771373441095923,6.3517835352577796,1.5063177538113257,-0.8770179860850339,0.4637423193081172,0.2110292917764457,0.7619047619047619,1,2
0.62620924028325942,0.77964907164774411,-0.0030516327883490803,-0.77722015143970447,0.62455787965391651,0.076526408240863486,0.061569664445299134,-0.045549753468218629,0.99706288486688699,-7.0348409537810435,-18.483607888932273,-1.9650825217141448,,0.5012321688859753,0.3125,0,1
-0.99501455939977002,-0.07149247964036691,-0.069533099581083987,0.075190177254162618,-0.99580728841154409,-0.052098767652743072,-0.065516897262987234,-0.057067238423798211,0.99621828254239153,-34.726835117434312,-1.4641398930293514,-3.5112724623299214,,0.1028432407369106,0.5,0,1
0.99537647442123267,0.072204280168360807,-0.063342056282754203,-0.056925596966823734,0.97463306863726451,0.21644828003169975,0.077363754942023688,-0.21184174150549087,0.97423709946665082,-10.387545141481596,24.91642382802091,-1.9750621295945439,,0.3394880104724485,0.3703703703703703,0,4
-0.14538681505471171,0.98935437351871336,0.0063716251962753013,-0.98917570520016618,-0.14548375109676515,0.019128575706733174,0.019851907968777064,-0.0035216141482618821,0.99979672933241304,5.7972538795565001,-3.5944060530101796,-1.0172573763677697,0.44567896352809,0.3931768148645348,0.8757763975155279,1,5
-0.92449853742687826,0.38095234281058982,0.01333292176106363,-0.37866185127028279,-0.91379743918979162,-0.14693346291005863,-0.043791057170681963,-0.14088844039630194,0.98905651540979833,-4.9533528594200105,5.8200372064226444,-1.7026380132603862,,0.0747975039954096,0.247191011235955,0,5
0.66904425282126845,0.74314580128634267,-0.010682031516039536,-0.74057234931220406,0.66780235539559019,0.074783751994025705,0.062708717105620509,-0.042122822300753593,0.99714255983805333,-3.856198399399144,-8.9166228400368297,-1.9395031207130657,,0.06957826960733227,0.3709677419354839,0,5
-0.9188815624821991,0.38947184794618167,0.062994871121849857,-0.39148768019743463,-0.88028819528134294,-0.26801136077029714,-0.048929238537944487,-0.27093241390742062,0.96135402256941471,12.59770425662491,-3.2538720758711985,-0.52090513122610616,,0.1556593726673912,0.1935483870967742,0,5
0.96047584535238661,-0.26860709463840965,-0.073050525012013048,0.27217702659717585,0.96123376996390053,0.044150941934537599,0.058359375316554267,-0.062288587966811491,0.99635049812892773,-6.7443668386679523,15.033988173202959,-1.648094536292013,,0.08588577692893955,0.2258064516129032,0,3
0.61119050538774378,0.78761666859551382,0.078141854817873432,-0.78823551964682115,0.59677353224934515,0.15015364389099531,0.071630522062725049,-0.15336666703408178,0.98556975083039045,-1.398403448789973,5.8204585891128895,-1.439498062715824,0.6392444947592825,0.5776301304879368,0.2131147540983606,1,5
-0.059312337232318102,0.9976167020111758,-0.035255673591432571,-0.99795921713188274,-0.058421858597261365,0.025773773095178198,0.023652644536286155,0.036712427138333698,0.99904591991562297,-3.0175294725614608,12.5812147916185,-1.4337265719099699,,0.0714185093163206,0.2222222222222222,0,5
-0.84338820098239453,-0.52394844452903533,-0.11905616287821968,0.53388358207645925,-0.84215160651677712,-0.075822110432381212,-0.060536462011660908,-0.1275096040179568,0.98998820076316851,-17.134979726491427,17.010755668499751,-2.277560576152414,,0.8165634362894864,0.9896907216494846,1,5
-0.089723231567988615,0.99587234756457654,0.01371164006298093,-0.99582837479087716,-0.089931737702320713,0.015431478062759591,0.016600893902364283,-0.012269878159974499,0.99978690750158494,1.3892458830184422,-16.209980158229136,-1.5024548383243832,0.181479902145789,0.1469895474065987,0.4642857142857143,1,5
-0.55813830736128012,-0.82329310205453943,-0.10329616626622021,0.8273482749874842,-0.5616558749392061,0.0061245425550022379,-0.063059192280892476,-0.082043563158166646,0.99463178715200584,1.2387008853099051,-14.121979882286688,-1.53371772830152,,0.1140066752038461,0.6060606060606061,0,5
0.36834777167530985,-0.9009581094739918,-0.22933469880261387,0.92968772956251311,0.35675162995009685,0.091700599937237948,-0.00080287155513769604,-0.2469873670878755,0.96901836716146228,13.852218162013219,1.2048201987284606,-0.24009202947055011,,0.214343142536874,0.1923076923076923,0,5
-0.77391837219435622,-0.61179261756312564,-0.16358528746589218,0.62884545607680342,-0.77294508415301899,-0.084316601302713595,-0.074858169571506178,-0.16812403153310057,0.98291940893923868,-12.981049493033048,7.2668055924950048,-2.2560955570897141,,0.1525457760570552,0.4666666666666667,0,4
-0.0083651525566619221,0.99941285021801518,0.033226180066451727,-0.99990603656605648,-0.0087209060412680069,0.010576570170932099,0.010860122534531846,-0.03313458339746974,0.99939189366414849,-15.122402697452493,12.303511231310312,-2.3043310547395452,,0.1348878940576889,0.16,0,2
-0.64150802085055203,0.75191312948882238,0.15196744679941748,-0.76692138676198396,-0.62416864293274277,-0.14914788535736545,-0.017292938196950627,-0.21222664979173589,0.97706745079686974,9.7159498679180452,5.8984156479027074,-0.54484486147442435,,0.146230172401239,0.3684210526315789,0,4
-0.97802297985925801,-0.19048591518876626,-0.08477126271276697,0.19738603910332314,-0.97687447648604109,-0.082188860298861882,-0.067155062611244487,-0.097115257837389488,0.99300494674541218,-19.726068766016876,-24.231968665506791,-2.2742937850534606,,0.3063907473192381,0.7058823529411765,0,2
-0.31951759230111237,-0.91468994036509177,-0.24748903249438192,0.94679109153202912,-0.31882800287333557,-0.043992426386695052,-0.038667004095076063,-0.24837676537612252,0.96789144288789231,5.0519079996779022,9.828741244249855,-0.80964507777156924,,0.4008667096558888,0.2692307692307692,0,3
-0.84599520136715034,-0.52416589962811899,-0.097684333087758646,0.53077390188154616,-0.84532986216677042,-0.060798759942519286,-0.05070684712338324,-0.10328375378613092,0.99335858674430988,-8.5424898389544897,14.01170508980829,-1.8015189014164463,,0.1503050863861174,0.2352941176470588,0,5
-0.92066124161727414,-0.37561217860733426,-0.10629378846193929,0.38580617907749332,-0.91701474234627212,-0.10118080107028932,-0.059468229916187755,-0.13416204232737514,0.98917343071333241,0.95878402158883158,-21.892771599545647,-1.3517600586153642,,0.1456026834915168,0.3333333333333333,0,5
-0.9050297998386978,0.42322939014362004,-0.042402178276431259,-0.42013244733760363,-0.90504271895504573,-0.066229929492443898,-0.066406235385259915,-0.042125528900155154,0.99690303024759652,-8.9703086576831428,15.304373051498599,-1.7768819276854346,,0.09086070015825526,0.4285714285714285,0,2
-0.021967256936715543,0.9852481431356751,0.1697160454122725,-0.99940885411518943,-0.026131296478499457,0.022340493739305269,0.026445830273211249,-0.16912495910437639,0.98523975065417635,15.746732017576585,-1.7410526394020767,-0.25245743144567739,,0.4784819871840137,0.253968253968254,0,1
-0.51081811989681791,0.85948324158324285,0.018799091005741904,-0.85967889666965502,-0.5105850762304126,-0.015971053554130761,-0.0041283175659747075,-0.024319485363501085,0.99969571351773345,18.161978107386567,-0.12238696214483015,0.074870448478792401,0.2808299844619975,0.1513400265386733,0.2352941176470588,1,5
0.71378059363242508,-0.67267827936272584,-0.19499024751855193,0.70018062361107924,0.69183779683767332,0.17637334602029497,0.016259104321688821,-0.26242026472892171,0.9648166904579647,-1.5092289498045302,12.708485317854882,-1.3567803172663102,,0.3740844711891596,0.4912280701754386,0,4
-0.89454265506360198,-0.44055425849829333,-0.075533989638972676,0.44178032427898706,-0.89712310404206808,0.00053035259686152244,-0.067996936340649572,-0.03289500741667465,0.99714308659055684,-3.0492496901293911,-12.924314222304988,-1.9300375955269093,,0.102422629726936,0.4,0,5
-0.99466412691729267,0.08949876686531652,-0.051315157151165663,-0.084103018989757056,-0.99151702676252118,-0.099099282726059251,-0.059749115647594955,-0.094254741894498797,0.99375353423760626,0.13489244022427258,22.122689243042434,-1.2874530397762383,,0.1785255234012515,0.3846153846153846,0,4
-0.91536408565313976,0.40257282591322185,-0.0066113941520745756,-0.39985041607840377,-0.91085392676762378,-0.10229745282228316,-0.047204188991216652,-0.090995845664749067,0.9947318837824789,-18.75652008719803,12.35112860429326,-2.5283164805087255,,0.2744959067898416,0.2105263157894737,0,1
-0.86046708412729078,-0.47692384971269758,-0.17927643099051571,0.50659056372833833,-0.83842033014911488,-0.20104066935337223,-0.054427914482195361,-0.26380862678818523,0.96303821863789507,-0.58721100245229851,-23.484594035163148,-1.3984746679881597,,0.3903668144858614,0.2727272727272727,0,3
-0.99837069329899608,0.00025469051174911744,-0.057060440713555066,0.0091372724603711718,-0.98637225733124856,-0.16427501398338579,-0.056324674998324248,-0.16452873639580384,0.98476282722609587,5.6892124955782055,5.4562935533998447,-0.90659671535188391,,0.1603558370771508,0.15,0,3
0.92464748430826937,0.38064071400603972,-0.011818485662778761,-0.37445272572739369,0.91439271218492235,0.15385423003098422,0.069369921130950224,-0.13783546257793772,0.98802287387398691,-32.442427290474846,-4.9113858678061497,-3.3225617802758194,,0.4241518574376814,0.4,0,1
0.82289716404507729,0.56804909062916098,-0.012668387504017831,-0.56408631799976838,0.81942526735818955,0.10172933235022644,0.068168051549334793,-0.076566715029064814,0.9947314486320542,-14.870208470115367,-18.72558530550608,-2.2265798895562683,,0.9076072030638005,0.475,0,1
-0.27114866147431271,-0.93561073960909624,-0.22607730383390459,0.96186784875273978,-0.27213966779054261,-0.027390559516528128,-0.035897700712774532,-0.22488340344047669,0.97372419603323157,20.174834437065687,1.2955216714817781,0.30213337197910872,,0.2136035391194013,0.25,0,2
0.91311195926194721,0.40648673071859959,-0.031545009153788564,-0.40311637431824238,0.91170038606260584,0.079369986832615785,0.061022443488625781,-0.059757374465413751,0.99634598287325771,0.22769824117894572,16.820806418900453,-1.2386639124037055,,0.1133675448178598,0.2352941176470588,0,4
0.8545483207827218,0.51886369552903944,-0.022970261412948698,-0.51399301108164441,0.85121932377127107,0.10600399708314932,0.074554356054191875,-0.078778983874687777,0.99410035695246435,-13.166867121968568,-8.0520176573863562,-2.2980878806784406,,0.07923287607952521,0.2698412698412698,0,3
-0.50400434072887734,0.86369781030786386,-0.002391024017297383,-0.8636934566658957,-0.50400959927582778,-0.0028172238704048552,-0.0036383291448326711,0.00064521873898168425,0.99999317310360347,7.1256524068496061,4.5652729670602925,-0.81249898787804475,0.1423511384973179,0.1520937628156187,0.25,1,6
-0.92117585121143086,0.38411189411903268,0.062394742897009872,-0.38618042453915519,-0.88256862445616457,-0.26821130257375453,-0.047955509043827782,-0.27116540325388389,0.96133739822733699,15.644663578032569,0.47106606514054034,-0.1196277178734941,,0.1381131458718203,0.2222222222222222,0,1
-0.57498387381025651,-0.81152149171740184,-0.10405005208511141,0.81559547676716015,-0.57859492425808468,0.0056508317732728384,-0.064788603435325262,-0.081613614694757808,0.994556008860917,-15.20934733258396,-9.3278223839578001,-2.4327996665796445,,0.1041549397314076,0.35,0,2
-0.77424401319144909,-0.61966070693467956,-0.12871214518612289,0.62847743396375499,-0.77674736652816012,-0.040983455075223753,-0.074580983068972331,-0.11262387345843747,0.99083476931912562,16.679092430296382,-1.2526862004341441,-0.14547201353677841,,0.6268062202054956,0.28125,0,2
-0.36818959910569987,0.91430422985518078,0.16877261146083333,-0.92974753624945927,-0.36254716271717979,-0.064257868341424121,0.0024367906034526744,-0.1805749984761128,0.98355819958806101,-16.055535776205815,-8.2865271125499369,-2.4444015720349586,,0.4679856352962056,0.25,0,1
0.95423761747888824,-0.27669251190236449,-0.11345405786208927,0.29382389636585798,0.93808356588011366,0.18348498944064939,0.05566046453812537,-0.20842379250654086,0.97645349884394916,7.1839673862512416,-8.9964294770294853,-1.1729539587676356,0.2383009994633668,0.2451838691521853,0.2,1,5
-0.81134615292636358,0.58435069725823174,-0.015864512139044058,-0.5830814825141577,-0.81092052591678299,-0.049232970618695644,-0.041634179236335625,-0.030694678051217731,0.99866131989711626,2.4844761098875594,12.547165568684433,-1.0540350632811244,,0.1266825947405776,0.2105263157894737,0,5
0.68601150051721327,0.72745503248440735,-0.014049799686525449,-0.72465340678587142,0.68484803311763731,0.07655463126770394,0.065312029456693149,-0.042336122259999824,0.99696639439864521,-10.164713270335097,7.5470846165239367,-2.0681752122669561,0.9671270033088125,0.382614000018607,0.8951048951048951,1,4
0.6269556560464592,-0.7427283602906799,-0.2351195189074535,0.77808964812289894,0.61199991572885326,0.14153657701053754,0.038769895993377983,-0.27168122122773758,0.96160605717563385,1.8790041246998166,-9.1701467045989506,-1.5838874535954122,,0.3611233161227574,0.3684210526315789,0,3
-0.555244465239639,-0.82445446120140431,-0.10944599227861078,0.82990603363874416,-0.55784484919746158,-0.0080684294549081409,-0.054401830398940365,-0.095309840147612748,0.99395999679075708,-6.8331602628725667,13.928241280859112,-1.6743871490782396,,0.09320538188393866,0.5384615384615384,0,7
-0.4517427391516578,-0.85654356636183993,-0.24952277761338532,0.89128752528510191,-0.4455785127944169,-0.084061502526872098,-0.039179648989202419,-0.26037071236999226,0.96471345343839132,-1.1737054328810776,-7.3840432236574047,-1.7613314416335815,,0.5166713805457001,0.1904761904761905,0,3
0.085589428916718585,-0.98013741853557901,-0.17889966585804479,0.99615031280533384,0.080768443781116389,0.034073637713200454,-0.018947399704016828,-0.18112730129824922,0.98327712104414844,-2.4859003133172539,15.893891358032011,-1.4178553305399024,0.265914119527645,0.1747165632570465,0.4166666666666667,1,8
0.98284717784880726,0.18198542998644865,-0.029878558654705938,-0.16883624637992709,0.95308310002144592,0.25125072410213478,0.074200720366933315,-0.24189648142574943,0.96746077200621972,-8.0881768343890581,-9.2089991710531294,-2.1465551264615352,0.5889966031873151,0.3419764228460764,0.248,1,5
-0.20166566016670312,-0.94891370216442084,-0.24268033985912299,0.97863233542567041,-0.20536286669702522,-0.010239386762727211,-0.040121235883565011,-0.23955976044943678,0.97005227055276932,-17.274626693724432,1.1669695607101378,-2.610584469096104,,0.07913667707677091,0.2916666666666667,0,1
-0.056561327771528946,-0.9796893096237923,-0.19237898224488628,0.99818474644853428,-0.05948233353621802,0.0094373701082506693,-0.020688841393264823,-0.1914959754301451,0.98127532488892277,-17.424014701794967,-16.798142006610437,-2.3787985904661233,0.3519470144168993,0.3198892869898837,0.4339622641509434,1,2
0.46135808199246575,0.88500837938620036,0.062521105208119543,-0.88566050989811784,0.45523693279719718,0.091459259916127314,0.052480295228197908,-0.097567942653371917,0.99384421071873741,-7.4246882501342482,1.1566016465205091,-1.9603536303965048,0.3672281390071923,0.3063331388987194,0.6701902748414377,1,5
0.61989478988705271,-0.7788687496752551,-0.095362048269693536,0.78441796596366609,0.61826058379839433,0.049419684283620174,0.020467147928102312,-0.1054387087391212,0.99421515506208002,-10.494198257980415,17.569498288241192,-1.8990605421638125,,0.07304154570456661,0.2105263157894737,0,3
0.65413089308097461,0.75577905911170329,-0.030179273107819888,-0.7537098589801744,0.65465196141997772,0.057898686384603201,0.063515535053822444,-0.015126903754756638,0.9978662002441121,-10.177664465121902,-11.001021604868116,-2.2966484847456292,0.1101694613485571,0.1057911799370391,0.2407407407407407,1,3
