axis_00,axis_01,axis_02,axis_10,axis_11,axis_12,axis_20,axis_21,axis_22,location_x,location_y,location_z,dbh,dbh_approximation,score,reconstructed,number_clusters
-0.88069208519619047,-0.43811274897583397,-0.18010738535003562,0.45475714855179644,-0.88841208780378578,-0.062609089477164842,-0.13257973794599134,-0.13704445055878089,0.98165239858985531,10.897071156902449,13.3538789240082,-2.2599878626887939,,0.7068899799727473,0.6785714285714286,0,2
-0.065631459935942715,-0.98763928490243558,-0.14234168182258838,0.99408612301151955,-0.077083965442011931,0.076490798843137864,-0.086517579153622959,-0.13647968782621445,0.98685764085214245,-10.568505526873098,18.484596346133227,-3.7932404850210686,,0.1394666238493331,0.3809523809523809,0,2
-0.15836751833663867,0.9856134558127625,0.059041043831537625,-0.98437081008706773,-0.16226733319635497,0.068435523128513601,0.077031405182721238,-0.047280316180904447,0.99590699079653477,-2.7402734484380606,3.2695171264477452,-1.7325952936998208,,0.08858088775456743,0.1475409836065574,0,5
0.4963583214479621,0.86741577900714473,0.034903911797821603,-0.86120352850920301,0.48694248400858564,0.1456554144233819,0.10934760725621843,-0.10235664901205506,0.98871948356971462,15.632594595436192,8.0561917853982319,-1.6230100395188702,0.4899341216098585,0.2665374316782054,0.34375,1,4
-0.20893964847655933,-0.97009117237595277,-0.12356108033171778,0.97301662917606935,-0.21887191196007658,0.073032359278473458,-0.0978920969298918,-0.10496763040666354,0.98964586288504153,6.3009557439612864,-18.047652470481886,0.79131233991848193,,0.08371870369396546,0.2857142857142857,0,5
0.52999493657329722,0.84521862656764979,0.068635563010462711,-0.84199732512021774,0.51490232785324963,0.16098477338463915,0.10072671789086333,-0.14311207522218816,0.98456744930377094,25.564259791046677,0.51769253627065881,-0.62217938037881781,,0.3152392323944961,0.3,0,5
-0.41789514729620814,-0.90443213664891975,-0.085826313348243935,0.90236884709245824,-0.42417340590349606,0.076206203955164933,-0.10532857951813845,-0.045600788599522428,0.99339139236042984,13.953533644125089,3.8406012149302513,-1.2623949629393159,,0.07125324388229956,0.16,0,4
-0.32800871634488055,-0.93782901707865018,-0.11352099685554962,0.93842820480680667,-0.3372750174458668,0.07482023142149094,-0.1084563802865416,-0.081989617221842406,0.99071434644046519,16.15562741275302,0.80790722084271183,-0.86191596835598461,0.2546958720227808,0.2242772030523565,0.7580645161290323,1,5
-0.2329554615866494,-0.96400794040815763,-0.12814227931082922,0.96727236182046283,-0.243313741519641,0.07199028577508583,-0.10057798454540784,-0.10717795490555322,0.98913950229836034,-8.1737673238346833,-11.580329077509131,-0.43222560655129516,,0.07582800769422314,0.1875,0,5
0.23751845571166219,0.97062809570193653,0.038289463699320035,-0.96514711197221348,0.23135103318784372,0.12234276314770437,0.10989101622992312,-0.066013629478703956,0.99174904349588622,-9.2976585633137958,2.2252321535607362,-1.9522293894418896,,0.1929008488964452,0.1641221374045801,0,3
-0.73511073947526118,-0.67011435422409793,-0.10275676605925524,0.66992168574849498,-0.74126887646616013,0.041537786971541077,-0.1040054598183725,-0.03830411264366456,0.99383884975510584,-17.434842604750333,-10.748043322672991,-0.91991324705097366,,0.1534447043112881,0.46875,0,2
0.81255312693497483,0.58276347508639503,-0.012006165642048157,-0.57884161929268962,0.80916498495732414,0.1009673555840299,0.068555055851575994,-0.075091672136419541,0.99481729231700877,-16.007474814101645,-9.6972986974256212,-0.97037225404751304,,0.1105859420722291,0.2884615384615384,0,2
-0.8374226377679046,-0.53217304261781884,-0.12455993924508302,0.53681110808002319,-0.84369097782806379,-0.0044009287002188804,-0.10274804132314873,-0.070550596329299053,0.99220232481174819,-34.79955383560425,6.0766434958112931,-3.9227362923185241,,0.2143926929663378,0.4210526315789473,0,2
-0.82437023788742436,-0.55631530128707107,-0.10453227462993023,0.55722564064491309,-0.83004231727309341,0.023007323698776224,-0.099565537678948518,-0.039281510788019731,0.99425533270730471,-17.586519559724671,31.216712873511586,-5.6574997904914301,,0.1693812807469794,0.375,0,1
0.81874281089224288,0.56397938621055932,0.10764507207405416,-0.56540210887238085,0.7593352821263708,0.32207201772387473,0.099903277698641865,-0.32455689986137132,0.94057543762180096,0.97740339363156281,-10.149452497418297,-0.21385989639015296,0.1356475914623487,0.1222383226522361,0.3493975903614458,1,5
-0.94600544565864042,0.32384518403046958,0.01407101860104267,-0.32359669871187674,-0.94096146685169424,-0.09938156007572925,-0.018943953309025149,-0.098568832196501963,0.99494990424264362,-23.57246791800198,4.7589909993157722,-3.0984682827936219,,0.3398878714722393,0.5903614457831325,0,4
-0.15659579785216426,0.97311182432449472,0.16891161432802146,-0.98401953437060852,-0.16839547694137461,0.057866391996895909,0.084754422138880403,-0.15715069425726741,0.98393106832865262,5.0149303243601953,16.944105978570771,-2.8616837511516895,,0.3433397670226724,0.1818181818181818,0,5
0.92490826632725054,0.38008331702706982,-0.0090205874099369594,-0.36960081053631222,0.90445429866638505,0.21297338442819455,0.089106339451362829,-0.19364682734710198,0.97701635939629017,-31.255764034319302,7.1620256014579411,-3.8273447655778616,,0.1217035054864211,0.3636363636363636,0,1
0.84220404880212052,0.5391547940986734,-0.0021090712964353469,-0.53059896258332928,0.82952073716485142,0.17424146325997703,0.095692638623936704,-0.14562779478485563,0.98470069782614145,-14.736850597552909,-5.6480503356213356,-1.3909556702789234,0.2482633392742182,0.2008306378528842,0.6942675159235668,1,5
0.80259633328540625,-0.59030081826717729,-0.085930610086990003,0.59652085021113921,0.79388144323142018,0.11796240653774979,-0.0014145883503830661,-0.14593559554097357,0.98929308139393179,-5.7916088203889329,10.387126063706548,-2.6253297815362844,,0.128207131117337,0.5,0,4
-0.96807797083968927,-0.24314449121010073,-0.060875272230118051,0.24242521412783022,-0.96998309228946444,0.019047735499100792,-0.063679336758366317,0.0036819922255842711,0.99796361907800291,21.759722179796672,-9.1489873294372739,0.23566294413744598,0.4040288854613142,0.2090306543823879,0.625,1,5
0.83968398607781991,-0.53245279158622039,-0.1068869882469508,0.54306709982805013,0.82433026423310973,0.15986788468520421,0.0029880777790692713,-0.19228530937492802,0.98133451543791828,-41.528210097846504,5.1024821167868009,-4.3071194710584608,,0.3163224069792173,0.1666666666666667,0,2
-0.4877023532144506,0.87205786573695465,-0.040761421410397257,-0.87157608781330598,-0.48369536133817614,0.079961994547314896,0.050015375847241618,0.074524333115030053,0.99596414892937812,1.2901243134222538,15.26774131709954,-2.8457203729174769,0.3528877245291533,0.3282650437768259,0.905511811023622,1,5
-0.92488187658145837,-0.36976576911960901,-0.088694928595404232,0.37047146129474523,-0.92880046147165363,0.0089777021658941584,-0.085699537555905439,-0.024555625779590869,0.99601837859814457,-19.521885454265711,5.5765053746814433,-2.9221290823471748,,0.06899419669996679,0.2962962962962963,0,5
0.99784445477800243,-0.045445291157287231,-0.047340992600713581,0.052741125603948363,0.98463689181678571,0.16645889866092622,0.03904891469452091,-0.16859690621422849,0.98491129827826185,12.136684935087262,-12.422696240355155,0.3404019767699496,0.2316945922857977,0.2275637463839182,0.3225806451612903,1,5
-0.46566862795323183,0.88465241122811888,-0.023298932345327514,-0.883637888500859,-0.46337405000255633,0.066847376836896316,0.048340572461444992,0.051716545635859687,0.99749114680863005,5.8498410285722073,-18.866953319174318,0.88016037402794556,,0.08971832344843203,0.25,0,5
0.65609314852532374,-0.70212292147668476,-0.27670414452113329,0.75431145187710913,0.59864785257364428,0.26950877940432988,-0.023579949643179689,-0.38554396862875323,0.92238811474824178,-4.2185224672194437,19.79866245990474,-3.620128827375058,,0.2556801937327045,0.1739130434782609,0,3
-0.85501215806068454,0.51721179007559137,-0.038028591549164652,-0.51860692625792382,-0.85256270037346471,0.064681511803716951,0.0010322818022405898,0.075025369967154004,0.99718109100382191,-10.96044919611942,-2.5101694791108988,-1.55521121336614,0.22279335352989,0.1926400893731521,0.6753507014028056,1,4
-0.73677983421790827,0.67607870087679434,0.0085478716987701722,-0.67591534149922827,-0.73616351506976119,-0.034665980530137523,-0.017144299805303645,-0.031318833006361742,0.999362398573864,22.838328046951524,-5.6164899301210482,-0.14749537497858181,0.7440979604216535,0.5034059925096998,0.4523809523809524,1,5
0.99289070738282326,0.1046377583465545,-0.056736079535378139,-0.092979827087262337,0.97941567585571665,0.17916385138445881,0.074315509469151109,-0.17261481227373768,0.98218192390006986,-24.829900959690807,6.9979665230065304,-3.4126655043641363,,0.09623776518717271,0.3548387096774194,0,6
0.97938450730008542,-0.18861552564430781,-0.072319916665404868,0.19749928928999122,0.96926377422824206,0.14670298803627987,0.042426614176928737,-0.15796176580029106,0.98653335623015659,-5.3766556925172155,-5.6374921826566391,-0.93097709612237367,0.1702468241653633,0.155118934898704,0.5951219512195122,1,5
-0.13671659130963068,0.99044120541872605,-0.018297329569583451,-0.98793999199811577,-0.13496952989699465,0.075880156893278858,0.072685252090364028,0.028450740027050208,0.99694905061416006,17.19323193260999,-18.113418103973359,1.0692773739166062,0.1991281995269155,0.2666176546534919,0.7407407407407407,1,5
-0.83066318759353619,-0.54274515560439507,-0.12420291802090104,0.54790321102271522,-0.83649309015678874,-0.0090211679368614947,-0.098998687506168484,-0.075544729716292724,0.99221583019227655,14.074369450743461,-18.707250088616252,1.0630732916218801,,0.2058988021903345,0.1739130434782609,0,4
0.10944078183800909,-0.99087232474209064,-0.078706742601194257,0.99069290086865336,0.10228764992101172,0.089804303026579255,-0.080933870778175571,-0.087802464281145853,0.99284461816893599,-14.628887818888749,15.172460759409248,-3.6812084478460108,,0.07547315241159866,0.35,0,1
0.095006863541743397,-0.979282211897613,-0.17882965453436053,0.99215574639920778,0.078488244348060565,0.097296302017034375,-0.081244512226927468,-0.18667068586169966,0.97905739580115059,-7.9952531625376597,-7.590125501718199,-0.85381526968268273,,0.08341376821156923,0.2051282051282051,0,4
0.73272454522231167,0.6801890099131106,-0.021392793697410817,-0.67212273885592588,0.7282444504559672,0.13383214969840421,0.10661034068778957,-0.083683517932203924,0.99077308405352071,-7.4344527910762768,-9.7426612218104776,-0.57752183332076112,0.1332804645534504,0.1349772990000082,0.4444444444444444,1,5
-0.47626149072833496,0.87615148442100788,0.074387961365329075,-0.87895023909390124,-0.47676185624253925,-0.012025374378506629,0.024929292930185629,-0.071110539155837746,0.99715686909080081,-1.5768821683529477,0.99150054065685256,-1.4612519525893604,,0.4826431468009315,0.2345191040843215,0,3
0.99566272330250827,0.066040943483835102,-0.065531177386005224,-0.051476342658075498,0.97777082011329308,0.20325946344887644,0.077497919793885983,-0.19900456557260598,0.97692950375596554,15.325556469091826,4.9897054313594049,-1.3329344498070563,0.1695637497479419,0.1557551244837645,0.2857142857142857,1,4
0.036184230235199996,-0.98613130349893463,-0.16197454658612045,0.99565154148791457,0.021651499588464396,0.090604748762475845,-0.085841187171582636,-0.16454867007990073,0.98262659528424634,-13.798777167987271,12.370854968371717,-3.2780164554054259,,0.07047640552963913,0.2222222222222222,0,1
0.46882201259404094,-0.85996545580286221,-0.20165647852982374,0.88243220372949183,0.44592146409151029,0.14989147301830694,-0.038978536765593527,-0.24822059279652919,0.96791901054961937,-14.212311130937277,7.8369724948198183,-2.8672469382699672,,0.1449720817533339,0.2,0,4
0.99493082925218868,0.087826218053559432,-0.048981633557483889,-0.071670187829138657,0.96095786351023882,0.26725150838558914,0.07054097518525658,-0.26238624197972965,0.96238112556287536,0.45354111723701618,-18.852750440732081,0.70538997250391966,,0.3800898499459118,0.4193548387096774,0,5
0.88480887134201447,-0.44798911370921268,-0.12813670509461475,0.46558860781837386,0.86091799649586609,0.20505475263766088,0.018452898531629843,-0.24109325438007995,0.97032650856719516,16.811491698658504,-16.082100947845014,0.83282734504445532,0.6399889853816974,0.3418796407298198,0.3928571428571428,1,5
-0.5816090306812276,-0.80886868076046015,-0.086385141748318572,0.80649104548666839,-0.58723880436997145,0.068722486799801266,-0.10631617459194639,-0.029699224349479615,0.99388873979594705,-17.076615933921573,3.0253444068891624,-2.4947255010424878,,0.0811346452212178,0.404040404040404,0,5
0.94031782961316168,0.34024474641586383,-0.00599098055389965,-0.32566840148532572,0.90486134029518861,0.2741642703073966,0.098703959320714518,-0.25585047855260917,0.96166421428626281,6.2274906357643767,-16.869378349811821,0.68447743889953261,,0.2368328573456222,0.3,0,7
-0.18260250742666254,0.9822033512753986,0.043964770269761769,-0.98027981917419849,-0.1853165995868721,0.06862385909697119,0.075549986110506048,-0.030566888309676278,0.99667339933288457,-38.391140774964242,4.3390461656631354,-4.035523708466485,,0.3497446838080766,0.1379310344827586,0,1
-0.51066520789225556,0.84881568892795511,0.13686844661250067,-0.85568308917337443,-0.5172723995433921,0.015353031405268478,0.083830163730420418,-0.10927575623339804,0.99047024829045149,-11.547215490909014,26.007680402196826,-4.7443505992415256,,0.1904953818121903,0.3636363636363636,0,4
-0.78296510747635584,0.62158719378468064,-0.024392642280536503,-0.62184158291766423,-0.78313346774768711,0.0038752352106258517,-0.016693897956856867,0.018202533240456998,0.99969494424781291,-25.279101956744324,8.2538427111524921,-3.5927942696547972,0.2288728522478726,0.2362979780442134,0.6818181818181818,1,4
-0.94259943409066216,-0.32297750789729218,-0.084804694707423411,0.32206110919694264,-0.94639786613555177,0.024651996205389423,-0.088221022408492597,-0.0040753363701756772,0.99609258748304697,-15.672840644557352,3.249341594376308,-2.4337068462728566,,0.07762771247916819,0.2753623188405797,0,5
-0.81633025706317208,-0.54761181855763852,-0.18364696452479609,0.56884477798811972,-0.81736030418473793,-0.091311290094270331,-0.10010259716322359,-0.17900678567872533,0.97874207057944973,-12.368447810878571,8.7550184718893469,-2.8112856363986705,,0.3835873468517838,0.2972972972972973,0,1
-0.71262705740095345,-0.6946330956670429,-0.098221888925425382,0.69275987304891384,-0.71885918263310999,0.057664840564328058,-0.11066361350195711,-0.026950657655749981,0.99349243917536267,-7.9115607404009376,17.989075204534384,-3.5623251727176619,0.1213429630337951,0.09736098173394564,0.5652173913043478,1,4
0.71619908564734869,0.69772071498831034,-0.015642045713422488,-0.68487226297894332,0.70696698000006419,0.17648703236127161,0.13419706822431282,-0.11568704796038513,0.98417866966024459,9.6729152921937089,24.05181113848386,-3.4101135641054632,,0.2877513607254388,0.1818181818181818,0,3
-0.16411206726388416,0.98589338341396093,0.032885649133749771,-0.9835236561616687,-0.16609799859338215,0.071362964019565142,0.075818514551257793,-0.020632290319946352,0.99690815095844987,-4.2948007809315678,6.9430891046593342,-2.1526623046227815,,0.07701842651248743,0.2535211267605634,0,5
0.86085668676529592,-0.50130036343471429,-0.08731386185309882,0.50876676886096506,0.85101032250625441,0.13014532604198992,0.009063098490693252,-0.15645886554627025,0.98764289276930639,-11.645968405229505,-17.129370254156093,0.071291657283606466,0.4033748340763368,0.2621475773851975,0.7183098591549296,1,5
0.37025693563932494,0.92542915589121877,0.080564750588848003,-0.91254806650961373,0.3461413008985989,0.21781236448326766,0.17368312503102579,-0.15416574599661292,0.97265980426908027,4.0879822415368414,9.8686463679362806,-2.1630234198059788,,0.5608916134355785,0.3015873015873016,0,2
0.91062170612896187,0.41227974053846289,-0.028169555699663201,-0.40332690411248401,0.90154967833170285,0.15663839222566892,0.089975089584939105,-0.13127678028326684,0.9872542176221083,19.677348514532856,-8.3712918563617755,0.12342588351002191,,0.09580276505539168,0.25,1,5
-0.73345455299857554,-0.65685966532478179,-0.1748708058970275,0.66661674418633232,-0.7453903850527569,0.0039102738161712648,-0.13291551849228975,-0.11370379914637467,0.98458362316443548,-27.438496724508074,3.9944106709324667,-3.2660826663742553,,0.3436813365486559,0.375,0,5
0.52637778216333098,-0.81872326211634527,-0.22938755527356555,0.84906724855217108,0.49192390715563267,0.19260238057921927,-0.044846826876141138,-0.29614707433690274,0.95408892273248547,15.628376767862999,-17.466046553140895,0.95985577737273853,0.3946459954924887,0.3032633604105839,0.2222222222222222,1,5
0.61365045255708361,0.78877098314004312,0.035685546552871643,-0.78234612195378683,0.60130582710155156,0.16237563782042702,0.10661926439606431,-0.12756033258819049,0.98608351269536665,-17.25164606647926,13.975875940707072,-3.6946283492898386,,0.2090539046189459,0.2777777777777778,0,1
-0.26412789867259018,0.96428531918557159,-0.019755413080567674,-0.96195249096452951,-0.26189422892239006,0.077838409440876652,0.069884606816814313,0.03956306434452074,0.99677023715083535,18.846906020278027,-10.117947223763625,0.27699468780702496,,0.1130550274066229,0.2962962962962963,0,5
-0.11695223970485551,0.993124683920387,0.0050532975421467086,-0.98977285390173109,-0.11697298920863393,0.081651806316941841,0.081681523658907032,0.0045477448948082486,0.99664810575705765,6.5448170026291761,19.499865636443634,-3.0904307180012682,,0.2006725413356818,0.5714285714285714,0,5
-0.90788006122845122,0.41820145722684565,-0.029348519505545824,-0.41784390709615626,-0.90834631167272173,-0.017704445011987927,-0.034062644149323411,-0.0038104125638143264,0.99941243589903916,-6.9445501421556708,6.4815021017737839,-2.2641946964819519,0.4091933400342942,0.3122060927855889,0.4685314685314685,1,5
0.51988718357414943,0.85264527058620299,0.05208991171348365,-0.84261375912771974,0.50183613431474305,0.1953523668264297,0.14042567174128551,-0.14545286811546618,0.9793488111357429,-5.5974740948035935,-3.0207131196899479,-1.2268957023510141,,0.7917057188006901,0.5019193857965452,0,3
0.11334397215967469,0.99226315341426286,0.05066535652149582,-0.98729439857645107,0.10676719015477196,0.11768830717628373,0.11136837304473582,-0.063360882907659621,0.99175727070817632,-9.0872665116264315,-9.7595737526622788,-0.66918751043548552,0.1820106598096951,0.1347526123808735,0.24,1,5
-0.99422337662859517,0.10228938936430285,-0.032507817347739276,-0.095177766841189226,-0.98022938113667923,-0.1734691703315864,-0.049609173187628849,-0.16937308280799154,0.98430264083550989,21.857539493476462,-21.407073427639808,1.5448547060215232,,0.6158220760847719,0.2380952380952381,0,3
0.97463668106492363,-0.21225553380541179,-0.070929037013980123,0.21986782225309101,0.96727666075668117,0.12662544093936443,0.041731051513639289,-0.13900881239829729,0.98941147629041659,-11.889431386043503,5.0666630760333007,-2.4151944252059252,0.1723770348033141,0.1237061273506969,0.6576086956521739,1,5
0.99167916845587045,0.12631842623031006,-0.024821000088063136,-0.10800908755137877,0.92132722254747268,0.37348384971679721,0.070046155190649245,-0.36769525994722635,0.92730455188969596,16.493239398081737,16.842745287291859,-2.414845686952122,,0.1736265254770546,0.5,0,1
0.24813649323668621,-0.94272102405570124,-0.22294697021392321,0.96592371088103246,0.22328744208879592,0.13089729929703164,-0.073618377338909469,-0.24783016162043439,0.96600235274515434,-16.587752851803462,20.524370146354872,-4.4186424923947394,,0.3336804185730211,0.3846153846153846,0,2
0.19654250688868569,0.95547559853506669,0.22008503717874223,-0.97547098272690902,0.16785140236929039,0.14241582980996956,0.099133268097599481,-0.24267733171171968,0.96502865648102432,23.839700559432089,-9.4746009694410631,0.31260725923026644,,0.5901790087174169,0.2083333333333333,0,3
0.15901614968708955,0.98670457176052384,-0.033584999710786864,-0.98217645787742602,0.16155630605485,0.096067505251587818,0.10021611512149778,0.017710111258603271,0.99480806300972546,-22.074906908216683,5.2351028029369795,-3.0848762157275624,0.1563745506750811,0.1528465562865341,0.3333333333333333,1,5
0.9816899505026172,-0.17235681093504404,-0.081104690409805558,0.18454352968540014,0.96606931988396771,0.18070349977292011,0.04720727415793867,-0.19236215558999475,0.98018787707426158,-13.200225390750306,5.6969029640370383,-2.5433494619279524,0.1465780192802674,0.1080900755785075,0.574468085106383,1,4
-0.65780037635432742,0.75315742330610624,0.0072498680687347336,-0.75272224743921767,-0.65769940337257793,0.028995051533155451,0.026606072204675806,0.01361581882458693,0.99955326341299977,-7.7559213619451244,4.3140480329466016,-2.0875958546406137,,0.1266138187919739,0.4111842105263158,0,5
0.99870560446956036,-0.013408240680753879,-0.049064597042436431,0.021368622063397704,0.98597633243552341,0.16551149164969151,0.046157313528858664,-0.1663456971455565,0.98498660470534183,17.334486004677707,1.5917308582739407,-0.88289529128862543,0.73996785200616,0.6299208256226857,0.9716312056737588,1,5
-0.95251135993955771,-0.26572829603544557,-0.14869627390151005,0.29269094337268853,-0.93366728812838595,-0.20639139213298396,-0.083988813860537262,-0.24011219828464375,0.9671049639936794,-14.107491406407808,17.617769319434011,-3.9304502821196636,,0.3790808098015386,0.4,0,1
-0.90118714140262979,-0.42133626231887206,-0.10167344897129374,0.42355794556505644,-0.90586896535456929,-0.00029044130286355244,-0.09198044857068495,-0.043326339132267598,0.99481778503308349,4.8079382522602359,-11.740234891309923,0.070611421879029537,,0.06937684411318308,0.2692307692307692,0,5
-0.15539522430140884,0.98424464116264754,0.084349336730796254,-0.98479902272875453,-0.16105743288911464,0.065049121006038768,0.077609336402295823,-0.072958821630963899,0.99431071665220228,22.917978869295105,-1.6276209716467938,-0.51942490273859609,,0.8734115623786438,0.5606060606060606,0,1
-0.98610293230371016,0.15769451570841425,-0.052282373870296946,-0.16024623631435517,-0.98586823368685328,0.048836150076028005,-0.04384233854516268,0.056535524430690334,0.99743750873337345,14.85155737179384,-14.995729795053967,0.67595827152124255,,0.1401361299286081,0.3157894736842105,0,2
-0.10611691209452753,0.99433537931368066,0.006029462052270374,-0.99013453375088312,-0.10622270409645621,0.091380206874119421,0.091503038427379307,0.0037270067821472976,0.99579782254180604,-2.3760994497313535,-15.297602721223601,0.26806054308109145,0.7255343728139992,0.4509820131113744,0.7727272727272727,1,3
0.57418589856058289,-0.80432310503221927,-0.15288851037768136,0.81787965771515736,0.55501972543840683,0.15174310485163278,-0.037194346208987143,-0.21217315354588576,0.97652400560584318,-0.75176089354823872,14.669747727085474,-2.8625661169678556,,0.08840724316881934,0.40625,0,5
-0.82943579061993744,-0.55426751068015589,-0.069453551695388957,0.55015660219765106,-0.83209549569798535,0.070319265478682003,-0.096767671755686346,0.02011498554682975,0.99510371572989109,-8.9792760476777573,5.8127038725562468,-2.3074523061762178,0.3172570857566258,0.2720139384704378,0.9042735042735043,1,5
0.68437334297687724,0.72903105669464852,-0.012117994773825136,-0.72163682054540046,0.67962178311012078,0.1317365976308276,0.10427572419206609,-0.081412224493040253,0.99121068549895874,-17.609262645428768,-18.369828296561657,-0.11698010937325909,0.1276552151173004,0.2056440486784055,0.5405405405405406,1,5
-0.87738780511757242,0.47810707745344627,-0.040053238569356123,-0.47957765055470181,-0.87638841562093872,0.044143199406636226,-0.013997018232533937,0.05793934288845462,0.99822197733082052,-1.827291189515305,9.777010744128436,-2.3610319593657829,,0.0830317549971305,0.3506493506493507,0,5
0.10866374993571777,-0.98211684684245237,-0.15374878405420836,0.99057195502523565,0.093998065446110793,0.099657240629430072,-0.083422966666207923,-0.16312836307836992,0.98307158731802502,1.7330875361576592,4.42644009192892,-1.7147630788168478,,0.104132926083684,0.2903225806451613,0,3
-0.98947826746607204,0.13390300687900866,-0.054797289724048293,-0.13732858947753401,-0.9884284213696215,0.06442138108477409,-0.04553698194272509,0.071268791048529137,0.99641715295253197,-2.3944339126798191,-7.9458282515037899,-0.57589760320807626,,0.07173020181537071,0.3690476190476191,0,5
0.27508513436616183,0.96122600793502055,-0.019306230083969915,-0.95530416441152943,0.27554155334991065,0.10710184795561903,0.10826875037951102,-0.011018804237432057,0.9940605935477157,-3.7048783605970854,-13.015722070259605,-0.086598401895555635,0.3668004858503853,0.2930798207949638,0.89375,1,5
0.48438476103551797,-0.83837075640190328,-0.25001175589692803,0.87327088815548048,0.4461537089000252,0.19581834422466729,-0.052624701202980365,-0.31317940999505761,0.94823483271732056,20.878812455303258,3.5585593299156475,-0.99280487078685531,,0.7548985913344229,0.2941176470588235,0,5
0.96872566027254925,-0.21478625017371114,-0.12424758293758051,0.24559330511754837,0.90142215290340055,0.35654176576726421,0.035419254805173286,-0.37590553200414029,0.92598083532961517,8.3040654389696922,15.322750589557691,-2.5863608119919612,,0.4975552186015511,0.25,0,3
0.68619921930927896,0.71960619710189666,0.10628994548819029,-0.72422091151947432,0.66217919017821836,0.19241307495287668,0.068078651112064972,-0.20901110302437409,0.97554069934334198,7.0339668881753665,24.978164443261537,-3.6352286503469187,,0.6317329628525714,0.6756756756756757,0,2
-0.34852426876020265,0.92833469304070926,0.12932722753611198,-0.92970187542710314,-0.35992535943537685,0.078154708512289728,0.11910187619215852,-0.092996953349698597,0.98851722784945983,-12.438156667732759,3.7625478510373811,-2.3091795271856403,,0.2514466428428084,0.3808290155440415,0,5
0.6237514861062855,-0.75216417000488645,-0.21256327279438531,0.78094645881520797,0.58841335116632587,0.20950502770387361,-0.032507107594908609,-0.29667960753997591,0.95442364724777162,5.4482885745293652,12.909055829911667,-2.392959717945093,,0.1696038897804713,0.2631578947368421,0,4
-0.65717336867721587,-0.74580490625675733,-0.1090788948641802,0.74621641086275614,-0.66416068604093481,0.04529515732109634,-0.1062272642053262,-0.051629690304955102,0.99300057573924283,0.91972537501543294,-12.491363315685518,0.0076874736263865687,,0.07740956169642883,0.3181818181818182,0,5
0.88176486739883841,-0.44111434551180084,-0.16705942896109419,0.47151526694397761,0.83392261122834266,0.28678638656821731,0.012809046016817973,-0.33164923136621449,0.94331580908746615,-20.246595000832293,6.194700880458881,-3.0338944379820467,,0.2335558139479875,0.2608695652173913,0,5
-0.99789190593519128,0.025659116080277208,-0.059610014519464932,-0.027075726545483111,-0.99936691763653751,0.023079622303702068,-0.058980073762807228,0.024644952741406895,0.99795489737928977,-12.208252865254984,13.04463762689306,-3.2586250785068707,,0.07849844478889012,0.3428571428571429,0,2
0.73713239383057227,-0.66228349561009481,-0.13422520407167815,0.67574377538951158,0.72317048578060217,0.14281035858150221,0.0024867625418275863,-0.19597198763680856,0.98060634103280153,-29.133412692639208,4.7776142377640669,-3.4763366182712416,,0.1428670273183452,0.3214285714285715,0,5
0.92306247374229899,0.38327415518104513,-0.032505254021508723,-0.36946017345987969,0.906952630915694,0.2023267295789061,0.10702733200328934,-0.17475081472015022,0.978778474916005,-8.4538937213739782,-22.17307412834305,0.77302023062866365,0.2810767682757688,0.1445302169856535,0.5909090909090909,1,5
0.98634767283601754,-0.12264853001845002,-0.10988906394763258,0.14122708625398581,0.97321224979576115,0.1814189266743792,0.084694618478288131,-0.19446144844618399,0.97724693228939352,-9.1710515331939444,-15.63188104121719,0.0075270119076424596,,0.1681361386751316,0.5,0,5
0.95883631671914882,0.28370061106144767,0.012119448164705449,-0.27144138222872394,0.90319949247407838,0.33249098154435236,0.083381615205125423,-0.32209414784799822,0.94302856063210316,-3.5236661757985535,17.530178219186464,-3.2906400753223144,0.5413114800900058,0.6553468286831272,0.3676470588235294,1,5
0.33534988279294997,-0.93018797034065037,-0.14930102459225306,0.93956059049250606,0.31860800285847513,0.12535883418374624,-0.069038778263587175,-0.18231642917761354,0.98081311509777247,-2.1005766966183934,13.749217360062953,-2.7902774089970204,0.2075655815519029,0.0971866996188267,0.25,1,5
0.85861781286111993,0.51244617178077645,0.01320501665332497,-0.50350293527817414,0.83823758596355047,0.20938611139295515,0.096230169925291431,-0.1864314096530601,0.97774387438169286,18.015179848951263,12.550460950403785,-1.8916219135803545,,0.3672430507715089,0.1666666666666667,0,4
0.56411097254806186,0.82152277210130287,0.082940614718437528,-0.81891161893112363,0.54379115836948044,0.18350731990519203,0.10565306919577795,-0.17143952577562427,0.97951310250110635,-43.94938264581738,8.7765994225393431,-4.9250313184321666,,0.2603294433804176,0.5263157894736842,0,2
0.38555131409108845,0.91806858310482853,0.092196859591461858,-0.91411584906224019,0.3664707659487409,0.17346870668268444,0.12546871600464762,-0.15115969840151175,0.98051432772974267,22.985654651766687,2.9509015661193234,-0.87646250429206851,,0.7449304641012491,0.6140350877192983,0,4
-0.049609791793803683,-0.97379995353916182,-0.22192908562264049,0.99135055682678741,-0.075041862043847857,0.10766983059432392,-0.12150284785713358,-0.21466804472980608,0.96909993733076238,-27.903164439912729,-2.7499593879141986,-2.5335146142760947,,0.4245451449768036,0.125,0,2
0.95581412206022431,0.28832869095512864,-0.057323032389648344,-0.281730349291965,0.95411339639934423,0.10146741890447025,0.083948641192518603,-0.080834353980282964,0.99318600113902145,8.9644680796709295,4.6741650453410406,-1.5192967231563796,0.2817428964479302,0.2193835671230313,0.7826086956521739,1,5
-0.99072186495497094,-0.09809378857604148,-0.094062718134996781,0.11234586347895396,-0.98059280489339506,-0.160674073672367,-0.076476095999424828,-0.16975087520865345,0.98251516380490711,-10.338676497285176,-8.1960111072278679,-0.88080997632920843,,0.1217990099417368,0.3170731707317073,0,4
-0.98457078126766895,0.17213810636720422,-0.031445969698594922,-0.1690725370903553,-0.98213306745448992,-0.082638459655691845,-0.045109354637395377,-0.076046762907753279,0.99608334790591191,-19.360982098194778,-10.217457415744853,-1.0849980326713802,,0.3133379487388823,0.1666666666666667,0,1
0.87970917351075517,-0.46419745130129514,-0.1031139963652131,0.47533373486510128,0.85251551302913198,0.21742847224747097,-0.013023461145836725,-0.24028738262767213,0.97061442561386091,15.238301714254938,3.1497892856584202,-1.127670727939811,0.0905889912888275,0.1677187055298378,0.25,1,5
0.85675259073752785,0.51567548488560411,-0.0073343406337761236,-0.50776703865550377,0.84593180049465933,0.16300927386773109,0.090264238320363829,-0.13593448127631849,0.9865972755286645,-5.0193077646632895,-16.051830963899054,0.23565511059250088,,0.1217093646178291,0.4545454545454545,1,5
-0.30968835400656702,-0.94217983498729529,-0.12802453646084871,0.9450792456639463,-0.31980624150467779,0.067447663487457885,-0.10449087428081437,-0.10010557645787567,0.98947487626218522,-5.7601353711457897,8.1268520416441454,-2.3574256702586287,0.2971274346211132,0.1953498395176865,0.5221238938053098,1,5
0.32252662686535821,0.94646111024270196,0.01370918527877195,-0.9405775800648345,0.31882864753221246,0.11688502638131978,0.10625625083841196,-0.050593085604003198,0.99305082893416496,4.6174824251447122,8.5260109051778894,-2.031838719234115,,0.07364581173776434,0.3939393939393939,0,5
-0.26110061869530421,-0.95454464942426709,-0.1437740559782329,0.96006583789410249,-0.27229154872676259,0.064272073256398235,-0.10049902400334079,-0.12125108142810026,0.98752120049490155,9.013291099496259,-12.741968689541274,0.29133154821649687,,0.07019954277739454,0.3333333333333333,0,5
-0.74946247332932703,-0.65476580082887026,-0.09791704211227191,0.65394325958713861,-0.75521728834018087,0.0447779033972458,-0.10326768280365668,-0.030472831457428715,0.99418669888071387,2.3960758533234205,11.744230553702245,-2.3838467799559298,0.347040889555968,0.3074850575083417,0.8691099476439791,1,5
0.97284849013859043,0.22554746331603273,-0.051905269739861926,-0.20470313855480243,0.94317756749464454,0.2617493099144651,0.10799277892932602,-0.24401724932182192,0.96373914610361955,-3.3045712745596059,-14.492777990144912,0.12926515507240008,,0.3708035490279514,0.3478260869565217,0,3
0.98729021090178803,-0.14137285373706981,-0.072606857002219319,0.15187279190308883,0.97385652160828451,0.16893232491318838,0.046826216343676064,-0.17781223677590646,0.98294970060308018,-16.508642836632919,17.081823388501984,-4.0064918228768498,,0.1443663324901401,0.4285714285714285,0,2
-0.47923938833464835,-0.86793679900752507,-0.1304427905144746,0.8703766765992933,-0.48910971264667585,0.056710932161758584,-0.11302234071457484,-0.086356250053237299,0.98983258613572711,-30.243833067419214,-0.97071359829238468,-2.9280536895848868,0.2732564453657614,0.2041240834349312,0.5882352941176471,1,5
0.43828797578486928,-0.84590308563012551,-0.30389409340070161,0.89631910993373964,0.38604625032304979,0.2181291951553071,-0.067198983995226544,-0.3679894867152399,0.92739853041562637,8.322629889585853,10.236821146588545,-2.0475039465388964,,0.403852561864685,0.1818181818181818,0,3
0.54531925630765565,0.83816170903407095,-0.010576304134761221,-0.83186691238175769,0.54268914478144625,0.11612894652421479,0.10307448173290414,-0.054529273289382056,0.99317783380924551,-6.2655109250134515,15.563133491858069,-3.2305419443328702,,0.09254588731788588,0.44,0,5
-0.99559402477015302,-0.06009730762203306,-0.071978131807866885,0.060746085333772182,-0.99812970043048055,-0.0068566927291267062,-0.071431442366719736,-0.011198872047769674,0.99738264187134706,-0.37883246308408686,18.261890553799404,-3.217145674578219,,0.1044368754230863,0.2777777777777778,0,4
0.66238547328967268,-0.69943232945004841,-0.26840249867484084,0.74810628502262522,0.59851864413097577,0.2865526460133771,-0.039780285122979597,-0.39060190622640356,0.91969977697498484,6.4807036407640535,-22.505185607798353,1.220386404067179,0.790505360454545,0.5843166601313105,0.4285714285714285,1,3
0.30755216826011683,0.91772593010263703,0.25137776555564861,-0.94641825450383099,0.26768165330027993,0.18066272451269677,0.098509651001424919,-0.29347171874591022,0.95087864575659653,-15.152739540348971,10.118853079515983,-3.1416559121772329,,0.3709200769032299,0.2631578947368421,0,3
-0.4511769370216665,0.88518265240626093,0.11353873074314283,-0.8915975824193566,-0.45259959204360489,-0.014400010622254118,0.038640943618209946,-0.10772781052717648,0.99342921052046551,1.5918454015573944,3.0816418488024411,-1.5819683064877579,0.647018042561216,0.5464259421150269,0.2729166666666666,1,4
0.87227066522314556,0.48806755255159578,-0.030560607609585469,-0.47984266947634763,0.866274454850675,0.13899489711129379,0.094312772947169041,-0.10657688782968819,0.98982143229956099,0.65107913023737685,14.47145889856518,-2.7690484075708128,,0.07665073539852042,0.4242424242424243,0,5
0.92698056413614571,0.37139319719836261,-0.052669979956438545,-0.36197702831768191,0.92249354435311393,0.13408315180189623,0.098385286929162069,-0.10522715287229072,0.98956939201566796,10.199678492365496,-16.807488094514984,0.74226556198754823,0.2185983211787573,0.08036222261158074,0.3333333333333333,1,6
-0.48125364032418921,-0.85526102242800206,-0.19215493017387214,0.87030771118485684,-0.49236742319089188,0.011781699051432301,-0.10468725579980216,-0.16156393191480278,0.98129387768259146,-7.7615577165227192,15.240969226200589,-3.3034429203828233,,0.1240267279477687,0.4565217391304348,0,4
-0.69941409772692087,0.7121884720721956,0.060062468716403666,-0.71458249153394182,-0.69843750816511418,-0.039457698630945316,0.013848562885071976,-0.070516859229390577,0.99741445240704274,20.175528586254451,-0.43543943348790076,-0.67451368037653869,0.1131911676098577,0.1553990310563825,0.1904761904761905,1,5
-0.67456226215999704,-0.70171854437473713,-0.22925278395297202,0.72907574288853649,-0.68199180765829792,-0.057755825840314641,-0.11582018650095811,-0.20610254430153963,0.97165190558724068,-6.4912993356172661,-7.8850366037306978,-0.73518260981591055,,0.4475642903325083,0.1186440677966102,0,3
0.22653967884371903,-0.96763318152654243,-0.1112016183254802,0.97037984542973055,0.21438446723393231,0.11136541560374558,-0.083920971712418829,-0.13313649468738523,0.98753832547866149,-14.328564092780391,-3.3693468961344299,-1.6226679003942825,,0.5147225548670413,0.1276595744680851,0,2
0.79904197432083224,0.59797647601705795,0.062897197105181518,-0.59270480382700064,0.76573244373283611,0.24970951150353995,0.10115798927353124,-0.23680785194997384,0.96627589355265198,33.293785852983532,-17.879698063716301,1.5033393712958272,,0.3326032396105146,0.2,0,1
-0.15982931626383398,0.98194970096667644,0.10114036995231257,-0.98419799642388617,-0.16642421324330242,0.060475491577636563,0.076216097366923113,-0.089876392995063711,0.99303239649286035,7.197882623781287,-7.9455588464520162,-0.26165326968182601,0.5502977416855611,0.5790379191197225,0.5660377358490566,1,5
0.57186633603886472,-0.79376827001452965,-0.20712514869910092,0.81948538649007252,0.54118961192051374,0.1885669782293295,-0.037584505247517233,-0.27757113947142353,0.95996961800769254,-6.3856447141898558,-29.275350423128291,1.5974181679343518,,0.2431545550677506,0.4615384615384616,0,1
0.46059426140321325,0.86930034928172961,0.17935949682437222,-0.88282553939234831,0.42770654048788515,0.19412929253591599,0.092043431916886784,-0.24775798264142493,0.96443972786194032,11.208475692047672,3.8115765583727499,-1.3500004334761229,,0.3290425741118533,0.2093023255813954,0,4
-0.85759852337043108,-0.50587446086232679,-0.092821347545203561,0.50509326293315504,-0.86241552565263857,0.033470238314405307,-0.096982309997216326,-0.018179410346168851,0.99512006340293957,-40.670599043504552,3.1513230311044507,-4.0383040506873256,,0.1633120574142185,0.6666666666666666,0,1
-0.89561224731085376,-0.41365157343275361,-0.16361869778057345,0.42928425322590619,-0.90011810498899236,-0.074178345919162544,-0.11659216268291567,-0.13667396558099168,0.98373090565117849,1.2945853435583992,17.071526852747873,-3.0418716171360489,,0.2015274093065636,0.3888888888888889,0,2
-0.35244699992785256,0.93561341139089904,0.020215258280318227,-0.93353884186477254,-0.35301263060199672,0.062348322874293337,0.065470168562752756,0.0031027505445722892,0.99784970309532217,1.4960095606888779,7.3718174686141831,-1.9934829847929318,0.2303973975304108,0.2108517214943889,0.44,1,5
0.63304157703056696,0.773700818064461,-0.025404839638057508,-0.76697963791336166,0.63131286322997016,0.11483163216929616,0.10488372980086211,-0.053208202814600869,0.99306006383113543,0.70709949434554054,-14.255136374803238,0.24132692348283599,0.1584398426229723,0.1657049271084892,0.46,1,5
-0.59373849240673893,0.80421116798663517,-0.026814173866516453,-0.80372179519277509,-0.59111119155641656,0.067962012542710337,0.038805651220857953,0.061902798824644507,0.99732751136775522,5.8403093966899222,11.665497340126594,-2.2674001446706327,,0.07615961100497459,0.2083333333333333,0,2
0.69106129025796825,-0.71927518158451276,-0.071256622594386559,0.7224574635587182,0.68435497194808703,0.098557017600152355,-0.022124792774080727,-0.11958881856803989,0.99257695319718409,-3.1109800223278055,11.445238776883901,-2.5777307358798858,,0.07801912176886756,0.4878048780487805,0,5
-0.99670817957501967,0.023833784484944873,-0.077490357370298399,-0.020642959361076681,-0.99891604291977854,-0.041720587559494836,-0.078400720641256208,-0.039983620579153972,0.99611979053139743,-18.378360307389066,5.6571186477907913,-2.8784549389117973,,0.4773579427880257,0.6422018348623854,0,5
