axis_00,axis_01,axis_02,axis_10,axis_11,axis_12,axis_20,axis_21,axis_22,location_x,location_y,location_z,dbh,dbh_approximation,score,reconstructed,number_clusters
0.73187208699922113,-0.67124668856458813,-0.1174356477500737,0.67833473633380337,0.70119620886681089,0.21951278357708867,-0.065001798085545945,-0.24031595819230783,0.96851587828169283,-1.4726730631141003,19.385806134689297,-4.6398877729212114,,0.278231353092988,0.125,0,4
-0.57610407200246239,-0.812846787497706,-0.085931357936668187,0.81344448523443036,-0.5804549901239604,0.037149345645443879,-0.080076011788008231,-0.048498499923721496,0.99560822005509486,-21.07690267641512,2.4857235169845477,-4.4494732717786682,0.1325529166228107,0.1767538359580421,0.5769230769230769,1,5
-0.84329757581061571,0.52294889263344402,0.12399054127389901,-0.53675256304278096,-0.83121226063506215,-0.14485463001559937,0.027310889750157632,-0.18870779915892555,0.98165344283899414,-12.902894783813805,-9.8085414490712513,-2.7310435551772545,,0.1309666065279419,0.4210526315789473,0,1
-0.49750139349711558,0.86695408956579922,0.029714812023017279,-0.86506994920361135,-0.49838043365125301,0.057192012890344972,0.064392130367681336,0.0027477151825051936,0.9979208904557445,-24.367492592422824,0.59076539504356718,-4.6168754507804532,0.3689848660685456,0.2390484656617045,0.8405797101449275,1,5
-0.63851565194034354,0.7673561844092458,0.058840874195416851,-0.76712684339930803,-0.64072886478055491,0.031351682143617728,0.061758953710462902,-0.025119874321027445,0.99777493632115444,-17.133359002122869,4.6119761291884922,-4.3922904232304063,0.2546625051711211,0.389293018850223,0.6258503401360545,1,5
-0.082114229266335936,0.97004030555279519,0.22864614353851404,-0.99310439335396228,-0.098902887904964154,0.062943487869010592,0.083671484109305694,-0.22190093367784,0.97147262358743192,-7.932972347503811,-17.049568431338091,-1.6578186832724084,,0.7477732552650275,0.5277777777777778,0,1
-0.99671289599071988,-0.073276138384280834,-0.034554457155061502,0.07367408153166867,-0.99722829334196816,-0.010385599103154473,-0.033697665739013713,-0.012897228452428248,0.99934885241440496,1.983404054371201,10.921978304544217,-3.5707969345434054,,0.1014296687284407,0.2926829268292683,0,5
-0.69759994789538626,0.71112282919476466,0.087513624621477548,-0.71469385392262752,-0.69928062476169206,-0.014808882406211152,0.050665647746549518,-0.072876125246423631,0.99605324280757757,3.3133276516822954,-6.0801358616453127,-1.8896932817002454,,0.206214009545462,0.5488721804511278,0,5
0.99749098826285931,-0.065987748648125635,-0.025638747292649901,0.069461178506014423,0.98221047130373196,0.17446413597601371,0.013670150509053328,-0.17580730101350514,0.98432968049094538,14.003968988430309,6.7731418054592929,-2.4760553586609277,,0.2164488845386102,0.6808510638297872,1,5
-0.91752738956419055,-0.39585041168560497,-0.038025530474397155,0.39518137183703944,-0.91828794774141997,0.024060930693703984,-0.044442915661754505,0.0070495816321757181,0.99898705229161677,-18.770378095615371,13.087340616043095,-5.7033973189999632,,0.1882481152654049,0.5294117647058824,0,2
0.99116325815808171,0.1323469262886145,-0.008926745174617997,-0.12840535282196203,0.97417250713780879,0.18574173387665069,0.033278537289430477,-0.18295414026141371,0.98255804994772877,-33.788386603470585,-9.0499132985990194,-4.5795740305527852,,0.1128535645780528,0.2307692307692308,0,1
0.54814876900600773,-0.82064630523263216,-0.16147002429314064,0.83264853212941359,0.51721837502697232,0.19794336179117283,-0.078926224918788229,-0.24295018880932645,0.96682255702770037,-21.318535356675063,0.84234637072095853,-4.3487124779222031,0.3846695263770823,0.185697437909537,0.35,1,6
-0.99711084997637767,-0.067073004648345258,-0.035653399653162041,0.067869957568251246,-0.99745963476552757,-0.02163205660827806,-0.034111899962752101,-0.023989353073041238,0.99913006621764078,6.0183767440604923,12.776144263609833,-3.4886630995513568,,0.3373024149031824,0.3421052631578947,1,5
0.94521329369888296,0.32645007856067332,-0.0014749991997337606,-0.32294562378514158,0.93570787628270902,0.14197497786768035,0.047727911047255642,-0.13372029191649554,0.98986914793665137,-2.3374397826744548,-14.705151882095485,-1.5252796479739712,,0.09371258962032905,0.2105263157894737,0,5
-0.046039930654205669,0.9936710821735355,0.10246026174781447,-0.99625286325549822,-0.053191583273521012,0.068197418749376362,0.073215826435120188,-0.098936524706150927,0.99239659755487442,-7.1662845936729909,-11.496687771207244,-2.0492342794101615,,0.09210215870739311,0.4444444444444444,0,4
0.32319575399572475,0.94575962270718972,0.032912621528672276,-0.94204002685541044,0.31822657849556629,0.10626585783431901,0.090028286673652508,-0.065349680915517613,0.9937928993521975,-7.4715540493555554,-18.430120914544837,-1.528911855011498,,0.0795194998306599,0.28,0,2
-0.99887462771697977,-0.041538220617655969,-0.022892232988161468,0.039784111466604738,-0.99658328882047209,0.072380749640945319,-0.02582058438684335,0.071388547202554664,0.99711432280868928,-14.57038408955836,-4.3646506270475935,-3.2292483767074343,,0.0672231959150386,0.1964285714285714,0,1
-0.80158138326185702,0.59404971862721967,0.06761817660162571,-0.59689875218996158,-0.80161938713625336,-0.033440062819380348,0.034338981377936721,-0.067166137049993108,0.99715071297758529,-21.505085817945719,12.061009323434293,-5.8439171372861134,,0.1677002738133862,0.4,0,2
0.13613776397005639,-0.97199626160944308,-0.19154575599187984,0.9852854965723048,0.11267231267129565,0.12852019375012436,-0.10333924455646536,-0.20622370711091717,0.97303277599468874,-14.329603969871675,7.3354054563999336,-4.3897531800120451,0.2078395441055517,0.1724457353720868,0.3333333333333333,1,3
-0.73812212912687447,-0.66873334351993896,-0.089282908542751477,0.67092168254683648,-0.74149363606197949,0.0071612546462028514,-0.070991678256906846,-0.054615958695503092,0.99598056139366464,-0.80838340574146428,15.69475149106173,-4.1284569564133875,0.9966011103415078,0.5510873301284217,0.4,1,6
-0.35154749360494181,-0.90604407809249576,-0.2355811713478016,0.93201222517045801,-0.36241407299732714,0.0030416814920780802,-0.088133829332978947,-0.218495236211243,0.97184991633487205,-9.9408119928344298,10.435287527334097,-4.3337424820431227,,0.327756640253681,0.1923076923076923,0,1
-0.39329905346014798,-0.90233164868064397,-0.1763900516940265,0.91761950810579085,-0.39721058833753314,-0.014077885360943577,-0.057361074702594869,-0.16739577145740728,0.98421967202812055,-9.9530204183894568,-15.38632744377928,-1.9627623277455426,,0.1969003393253306,0.1764705882352941,0,4
0.52887116482641439,0.84753594316192227,0.044476016725686358,-0.84151986124321942,0.51687169052915527,0.15712408683180085,0.11017991717343753,-0.12052585024867182,0.98657686232421349,-1.7427979355881751,-4.1374366290837949,-2.3336821921851123,,0.1788252489431504,0.2276422764227642,1,4
0.01630027330640163,0.99951863669170138,0.02639689368276326,-0.99571939144906574,0.013824793351285745,0.091388011145314016,0.090979088709650213,-0.027773548472543791,0.99546543657869102,11.854193873238138,10.578688352219451,-2.9544741669838439,,0.2255272265496053,0.6666666666666666,1,5
0.84841968063797335,-0.51700391802615964,-0.11353851439825054,0.52896510058254964,0.82021127962795859,0.21782878399505098,-0.019492764602668917,-0.2448681390395028,0.96936042141789447,-1.3226585921118652,12.383086662711479,-3.8906743914123156,,0.09749129865533557,0.3333333333333333,0,5
-0.95168381983362405,0.30696372328489985,0.0084368035389391863,-0.30694878917868235,-0.95172116637631354,0.0030434015593824261,0.0089636983786860972,0.00030668939050487146,0.9999597782176014,-36.894077070942366,-5.1024139058682527,-5.3734224376751571,,0.1175913394789931,0.2380952380952381,0,3
-0.18340632388210021,0.9703018112910311,0.15772290691399171,-0.98004274628376875,-0.19299242510423106,0.047645978937975043,0.076670305964071594,-0.14583661699906958,0.986333283087235,6.5573708005131328,-12.073018585386972,-1.2896888890371463,,0.3705270850303702,0.6491228070175439,0,5
-0.47138850002932431,-0.85604403796386275,-0.21208839455903175,0.87770835635687516,-0.47885673504714144,-0.01800745626966118,-0.086144780581389455,-0.19464026399107548,0.97708456359317608,3.0379542167538718,-15.717147436589224,-1.1373582573963714,,0.5746015332038454,0.125,0,1
-0.44608208498326374,-0.88045777866374642,-0.16063895370515255,0.88885468259066813,-0.45681231468979749,0.035494540205401694,-0.10463329629533696,-0.12695120770694246,0.98637480917150422,4.5196839594011076,-8.2623263149369492,-1.6881863468526579,,0.4381804477617561,0.7638888888888888,1,5
0.72758727882107177,-0.68388878773993778,-0.053971082084261934,0.68467558203752232,0.71900169653042012,0.11939810613220636,-0.042849726479032131,-0.12382522517635848,0.9913784416410798,-19.208833891216631,-6.2169453807533346,-3.5116435664725145,,0.3867657870402736,0.8580246913580247,1,3
0.24297446386120441,-0.96388729358060732,-0.1090169490731233,0.96678198065891308,0.23143314951682445,0.10849561824309713,-0.079347411958985481,-0.13175728662421246,0.98810121224337932,7.7361463185110972,21.326701713215378,-4.1597472293563742,,0.3922441714160906,0.375,0,5
0.69057057787133713,-0.69567489198307031,-0.19786035894739126,0.72206157094239176,0.64734780113622536,0.24406538495308852,-0.04170569201742836,-0.31141173553422352,0.94935945048485715,-12.180463154566745,12.814587549234307,-4.9030947800138867,,0.2181791414266507,0.2045454545454546,0,2
0.73735199776616367,-0.63897421011171496,-0.21914376605862226,0.67423125881729151,0.6762118463703789,0.29690023317945141,-0.041523981310764596,-0.36667355732377543,0.9294225418697516,-17.361428354843646,17.202102529106689,-5.8485198588544192,,0.0674377668151554,0.6,0,1
-0.58736366002392559,-0.79270359357102849,-0.16317151596671428,0.80564651202819526,-0.59188441565846794,-0.024627954796069256,-0.077056009110916091,-0.1459241283688594,0.98629028192499535,10.67932196761824,-3.8373604720670591,-1.7174591799980865,,0.4475460742096262,0.425,0,3
0.96724544721858241,0.24807968933671345,0.053783943454560453,-0.25013581573500437,0.89540160679810177,0.36835857018666079,0.043224050267271136,-0.36974644052644623,0.92812674306719278,-22.95718961978757,15.810105895847233,-6.2565212274181574,,0.785637507036455,0.3846153846153846,0,1
-0.88364337931014469,0.46571537027439863,0.047786735518636048,-0.46816005717905274,-0.87918699653496679,-0.088636256610551883,0.00073420940772062245,-0.10069468215355408,0.99491710304052006,4.7677941232173291,-16.298455117437381,-1.0152219569421859,,0.5273451425127414,0.6551724137931034,1,5
-0.55517268655103624,-0.82799459547969023,-0.078792372499693439,0.82720648110938677,-0.55953891178310156,0.051435822256574115,-0.086675981207784511,-0.036621797566587566,0.99556321658881153,-1.7993842254746384,11.227410098664526,-3.8316254307351607,,0.09665001290244588,0.2777777777777778,0,5
0.95657020462127573,-0.28521634831330162,-0.060208623017261861,0.29147673206555774,0.93314023301236981,0.21045336822679253,-0.003841652664198681,-0.21886283418717831,0.97574807277102082,-7.3424548536756182,4.1570193588670339,-3.3097276815064043,,0.7603105494236825,0.2591283863368669,0,3
0.90503196868660452,0.42487874894117295,0.019879244287271652,-0.42238716892526196,0.89225851943062351,0.15957385133778917,0.05006211324496386,-0.15281617454201724,0.98698581631946092,-4.5698296725011156,-6.7164185567180112,-2.255439904027265,0.4043555980155498,0.1781625889195697,0.1354166666666667,1,5
0.66004260429987616,0.72385903977132715,0.20092747709153969,-0.74628615976344781,0.60118265143629723,0.28572082065812293,0.086027485459966607,-0.33853730983948815,0.93701214591491766,-3.8965730772332301,-12.658690210133685,-1.7852880582837169,,0.5129899369828962,0.4117647058823529,0,2
0.080073017882288378,-0.99587504660516579,-0.042675559239237638,0.99307535569502436,0.076009356570353959,0.089576311740114004,-0.085963071829850413,-0.049552691782785568,0.99506526470310286,-3.0060535609410866,4.5862082319953341,-3.1046339329233161,0.352163382019574,0.2823541386810438,0.8489361702127659,1,5
0.18686451331077919,-0.9787491418102725,-0.084449813917974986,0.97916717381685481,0.17860999197057401,0.09659252811571406,-0.079456273412733786,-0.1007402013792235,0.99173490028406008,3.0230758599466045,12.044173462931807,-3.6162564144149951,,0.07770561723111423,0.3846153846153846,0,2
0.29052582595735693,-0.95364820339306278,-0.078420970517957156,0.95300651213921628,0.2810256218341956,0.11315117185848868,-0.085868109750017421,-0.10760903325412094,0.99047814902201237,-6.8843035952404197,9.1486700216165229,-3.9908554195479744,0.1985937497838746,0.1780010145935519,0.5857142857142857,1,5
0.5982022687532017,-0.79501549277614325,-0.10052070385959838,0.8004729116200191,0.5869800851287732,0.12123323564430723,-0.037378649267893936,-0.15298609710730243,0.98752118492252283,-13.062609664433053,-16.558345606628951,-2.0496514260208958,,0.1857540246751426,0.7142857142857143,1,4
0.95039157529792762,-0.30251554539381198,-0.072389214651141606,0.31096347129477797,0.91834535353322022,0.24483368061655214,-0.0075876955016958474,-0.25519826887937624,0.96685897132826149,-33.406468071668428,-0.4230958142775042,-5.3808617203683218,,0.1892945456665752,0.2857142857142857,0,4
-0.98635818456993407,-0.16218488823855326,-0.028170796207291019,0.16064054244270801,-0.98572417691470438,0.050422843727245911,-0.035946458179037209,0.045209612615877547,0.99833057805093073,7.0186039514095295,-8.06056936879407,-1.5678693086166562,,0.07056509336460495,0.2692307692307692,0,1
0.16843823350955323,0.98398426108866721,0.058339827064970012,-0.98169382260811411,0.16211877692422655,0.099973700650029321,0.088914566552674892,-0.074111241376610529,0.99327827105820032,-6.0734905168847986,-5.0666372582140582,-2.4680224732919509,,0.07338676420876991,0.171875,0,4
-0.99930662993279007,0.033258308158856907,-0.016737512084566752,-0.030204233869112463,-0.98699613966456989,-0.15788072885446627,-0.021770705747643233,-0.1572657153534999,0.98731632780259537,-6.193838275931391,25.172333102592404,-5.6866697603858922,,0.3462190153146128,0.1071428571428571,0,3
0.97328349482962617,0.22536472655860199,0.043931523026147321,-0.22953959032254254,0.95964870011314019,0.16243752289948638,-0.0055511410349333669,-0.16818178377674659,0.98574036766223749,-0.29247702265417902,-13.04216537850427,-1.5595175376867405,,0.352030980000725,0.1666666666666667,0,4
-0.95113777197089022,-0.29853046412808021,-0.078844788779747002,0.30507668168445856,-0.94797551883477515,-0.090943026023644999,-0.047593665782848148,-0.11055305367745766,0.992730006245373,-21.147086154208999,4.0070214283877714,-4.7177839701964999,,0.1275347891016437,0.1363636363636364,0,1
-0.54074138154539997,-0.81742198156076573,-0.19854486229978682,0.83696508942435677,-0.54644806571776039,-0.029731306029080456,-0.084191432873237201,-0.18225206592680185,0.97964074389347533,-23.467355815738145,11.920947430490754,-5.9958752324988343,,0.1860902007083631,0.3809523809523809,0,1
0.57018600587057,-0.80719700800976291,-0.15271184947296582,0.81938573641084467,0.54541837091466361,0.17642509922132221,-0.05911796407036652,-0.22572503389939269,0.97239563727697453,-3.7027852219109993,-10.415569348680089,-1.9348745027430267,,0.1197942125528039,0.3529411764705883,0,2
0.72640612625071321,-0.65457899755554672,-0.20942892757355247,0.68699771980710311,0.70009699286993921,0.19467494331400023,0.019190433170559205,-0.28529026715547756,0.95824902334470563,-5.751097421715655,15.105898440759139,-4.4185449277014062,,0.1876773628753496,0.2068965517241379,0,3
0.82515471566301424,-0.53257013312192469,-0.18838457613505855,0.56397604091576459,0.7575037755768218,0.32881462142039897,-0.032414819019551039,-0.37756732286223554,0.92541460773783679,1.2977550672632612,9.9631237014112646,-3.5287133349006861,,0.1270142259897021,0.2631578947368421,0,4
0.99253614431591386,-0.11853953625349659,-0.028642286418954645,0.12090045873761691,0.98722213068599007,0.10380531663093276,0.015971264932160643,-0.10649339429570445,0.99418513148600551,-11.533497688205836,-5.2405704509657518,-2.8960270799599312,0.3877759236293365,0.3302167206085813,0.8978978978978979,1,3
-0.66909690313724668,0.74267739809213273,0.027195892617208547,-0.74123707224927204,-0.66954611156108546,0.047703325007369402,0.053637085449101243,0.011759543210995175,0.99849124994062677,-30.908496304475289,-0.69517894494257626,-5.0949974765952017,0.2961508899709303,0.2617737525296739,0.7352941176470589,1,5
-0.95330466812459469,-0.29851642028720737,-0.045805638853418755,0.2981172682470295,-0.95440387288287831,0.015470675456928148,-0.048335329778404594,0.0010928152068390186,0.99883056703834339,3.4061512257631916,16.003360034575717,-3.8936477976523545,,0.09671704194572035,0.3333333333333333,0,5
-0.18436586725745724,-0.97434480912643295,-0.12907912270689328,0.97886580412230761,-0.19385118126531259,0.065141822526176604,-0.08849273704883695,-0.11434121063911513,0.98949235623080367,-9.0811791699195439,12.655449037047173,-4.5558306135343525,,0.1544411496659675,0.1428571428571428,0,2
0.83649730569606218,-0.54382731117256211,-0.067261528276199412,0.54729758850444554,0.82306784287564172,0.15173884025277362,-0.027158924508298387,-0.16374120326557778,0.98612940893814394,2.0144408982882478,-16.646459355424476,-1.1201393330170142,,0.1472056848390511,0.5625,0,5
-0.60245326281396583,-0.7707887530668851,-0.20720705651691287,0.79387972096363069,-0.60551347930385346,-0.055753161561024389,-0.082492755848707564,-0.19808615430397533,0.9767071314910869,2.7175386868533429,-8.1070126545499459,-1.7804495415475439,,0.6870215930396002,0.4696969696969697,0,2
-0.85367976524991607,0.52074047402015911,-0.0077599690792682996,-0.52053345139514617,-0.8526758047919869,0.044597061573579649,0.016606757103906029,0.042110932542520609,0.99897491709196284,0.47831856510853682,-14.368680214753853,-1.3984543476413511,,0.0792772856688102,0.4666666666666667,0,2
0.7527404471263287,0.65404663498195004,0.074865335962946547,-0.65463634182105324,0.7316659376817457,0.19004266784973153,0.069520351172921033,-0.19206237243427446,0.97891724158261395,1.274281514561401,12.822646597368557,-3.7654447830111546,0.5225428441392749,0.2401624107196069,0.3888888888888889,1,5
-0.2432600130649149,0.95503263847467346,0.16952057542303944,-0.96584946581647213,-0.25457582664858164,0.048228185412936296,0.089215331786025906,-0.15199936820359569,0.98434588262460587,14.351794999945822,10.361557078619439,-2.8005725580098688,,0.4645232970344661,0.5,0,2
-0.9705804376090631,0.23741069087527134,0.040122038691046927,-0.24070502535005606,-0.96080088972435496,-0.13755995447846323,0.0058910866424100681,-0.14317057715541384,0.98968049436934791,-26.247667548835228,-2.2442533277712515,-4.5008679302505579,,0.2690285978590873,0.2,0,2
-0.74961510191114511,-0.65022583135937306,-0.12362672534591825,0.66019888020825557,-0.74783945022455878,-0.069811139939088718,-0.04705993581071459,-0.13394971041716203,0.98987011143919745,-4.3869671624677782,-3.0629194797801977,-2.5615193478811236,,0.1127158166954091,0.3939393939393939,0,5
0.98092101796226217,0.19134614052911589,0.034360020728872454,-0.19341155360286033,0.94267624237788994,0.27194387838160156,0.019645036340118854,-0.2734010910016843,0.96169949359780837,-15.078193351109757,11.790126583614187,-5.0577793552057955,,0.1648089424774961,0.4516129032258064,0,3
0.32522950521393051,-0.90623113761531737,-0.2701312535689796,0.94274431944604542,0.28840530040968354,0.16749785326329264,-0.07388448477531126,-0.30913994874821121,0.9481421702452848,-7.698845057018012,-13.130572941999798,-1.9699945778141223,,0.1564334353882792,0.25,0,1
-0.39571866586745696,0.9182970606321913,0.011715200312293029,-0.91627414888872849,-0.3956443824363079,0.06250765333004242,0.062035647512668775,0.014001109987062641,0.99797572483343189,-2.4065505395294062,14.243225010979963,-4.1200902257654848,,0.1582348702882322,0.6764705882352942,1,7
0.71185903998556377,-0.67790092455101403,-0.18359478119955194,0.7009179202576854,0.6692083159390162,0.24672717511394307,-0.044393425779857602,-0.30431984222351643,0.95153489551176285,-29.53687245276036,0.17932475584915689,-5.030254036559568,,0.71037216459261,0.3076923076923077,0,1
0.33410805957220246,0.94251517355595638,0.0060788276569926072,-0.93838053699260515,0.33202369325523934,0.095928280035770475,0.088395544697501785,-0.037754665061904343,0.99536968657062064,-15.77659056131473,0.3707767023494305,-3.8006843997731377,,0.08634629778072916,0.3536585365853658,0,5
-0.99761204319988028,0.065572248795802909,-0.021690814886047093,-0.066879936154998612,-0.99555083487308327,0.066374764206056744,-0.017241966316599376,0.067666944451243299,0.99755897030008644,11.384516595346033,6.652417100162535,-2.564837606479963,,0.2403113111021019,0.7857142857142857,1,5
-0.99643889217267279,-0.070863200479056809,-0.045693992860776904,0.079117917284605294,-0.97315714228668304,-0.21611462602277184,-0.029152861441753667,-0.21896023208400453,0.9752981736040911,-18.105130655063153,21.244814149853536,-6.3651514102020359,,0.2940447295450606,0.3333333333333333,0,1
-0.9476452086492102,-0.29978023032082146,-0.1100016910460518,0.31644147098085063,-0.92779959592285011,-0.19761757322888227,-0.042817682885360912,-0.22208044334022831,0.97408773871666043,5.0631752826351635,-3.7347428148765744,-1.988916122220284,,0.1443558808959846,0.2,0,3
-0.71634850605168898,-0.68602857630649372,-0.12731696810872947,0.69361474872957074,-0.7199741540085105,-0.023147308797034642,-0.07578521110565449,-0.10489046691961994,0.99159194819595842,-41.294415977303743,-6.6417079748795862,-5.8634268326849464,,0.2966497266795864,0.391304347826087,0,1
0.054331745293792151,-0.98615759044215068,-0.15665652960110024,0.9952132955451235,0.040717943808047087,0.088839998999651282,-0.081231507578917977,-0.16073349329052306,0.98364942246263731,3.2653362119550757,13.949580005754273,-3.7567768870981499,,0.07354892704407426,0.2352941176470588,0,4
-0.94185170641668381,0.33355632357769249,0.040688353632421272,-0.33598931088677769,-0.93666828200728613,-0.098811499590632526,0.0051522897639348858,-0.10673663140110334,0.99427397905574055,4.7287324308453256,-9.4624891242455558,-1.5836032871550294,,0.2600959260223036,0.4,0,4
-0.92325333607364324,0.38402743352026075,-0.011234221500913548,-0.38395258147639116,-0.92125255463630551,0.062242636140331216,0.013553324555440099,0.061779129808732,0.99799781889219163,15.270632414126549,5.8099338630837449,-2.3345359707433411,,0.4005936750721664,0.8521739130434782,1,5
0.58549711048966835,-0.77621389602192581,-0.23384850059539172,0.80873772131107136,0.53934132891978326,0.2346363762241897,-0.056003854660427385,-0.32650102379855739,0.94353624716895135,-11.989987860926362,10.042901213385093,-4.4427887081345059,0.6932669750074554,0.4134082429450454,0.6590909090909091,1,4
-0.49405881744947555,0.84635514953300317,0.19896945936348034,-0.86421975427994002,-0.50307884540254666,-0.0059909615891502732,0.095026844695316803,-0.17491322467844014,0.97998737880640241,-29.621159167611278,-2.1035601150001266,-4.8439557331070526,1.016485587208557,0.4370043121876164,0.2,1,4
0.58937429154620979,-0.7783936850727583,-0.2161971681203394,0.80590433908879588,0.5478918785061665,0.22434947226332963,-0.05617953989001552,-0.3064600471608574,0.95022423605794759,-23.12945362061852,1.4776391025930404,-4.5777872474530215,,0.08039029743843254,0.3333333333333333,0,1
-0.99594651235252185,0.087186354449930545,-0.022115246563832847,-0.088237293096617611,-0.99473599501132726,0.052100675003369332,-0.017456363877670696,0.05384087505377478,0.99839693285467079,-3.1133825259774901,-9.1775092210076341,-2.0085096070284876,0.1644096868255784,0.1686750048143728,0.4285714285714285,1,5
-0.7143021861815223,0.68036362985916643,0.16394425266277995,-0.69844492165405048,-0.70781465110302544,-0.10570293798930351,0.044125709421670885,-0.19000987039825656,0.98079007484745295,-24.58044628769979,4.380468173263937,-5.162054682262708,,0.4006328328712395,0.3333333333333333,0,1
0.14798064591880586,0.98898992687744558,0.00080806460074964029,-0.98504826243160115,0.14731788567088874,0.089316074935835474,0.088213656051304393,-0.014013033090838312,0.99600300490995419,-10.58083268155122,-8.1016514827774131,-2.654493199741637,,0.07651711546619869,0.2156862745098039,0,2
-0.43588672220432567,-0.89776669525296848,-0.063385536998065803,0.89480115175447927,-0.43985210320486606,0.076557338806375635,-0.096610890818930747,-0.02334712403744833,0.99504836443981626,1.1100746454245245,17.528567635361608,-4.2037077587426293,,0.9065358004355465,0.7222222222222222,0,2
-0.46738679239809117,-0.88267324787828905,-0.04937128489130356,0.87981097366068728,-0.46988249493459627,0.071715351078238482,-0.086499924381812851,-0.0099185903249360552,0.9962024817515307,6.3918805363988742,-9.2432464432240273,-1.5013028844221312,,0.07926859172794412,0.2105263157894737,0,2
0.96779457007289094,-0.23629610561702391,-0.086820623170167741,0.25174127526213391,0.90844672783334779,0.33369278238864841,2.1606076444379194e-05,-0.3448023972641599,0.93867529336510469,-21.271582695866282,13.857712291354552,-5.9604319735904836,,0.4034243274405234,0.2,0,1
0.92551810796944867,0.37253122397605126,0.068093457714799341,-0.37521402779806323,0.87769302877481381,0.2981096787822371,0.051290010374402305,-0.30145552640978307,0.95209973239823686,2.6129934473817436,9.6776550790753468,-3.425440031662919,,0.3589446275637858,0.4545454545454545,1,5
0.97339443849861762,-0.20984473084425431,-0.092024214405038537,0.22913471471844782,0.89273811701295214,0.38796383458135048,0.00074135744252201404,-0.39872778103497175,0.91706903067330259,-9.2771895341288211,14.736189990051287,-4.7176345107884021,,0.236998680032,0.1724137931034483,0,2
0.25458642677609833,-0.96316117041159743,-0.08663896994274238,0.96424738440889024,0.24601187721343035,0.098514658455164106,-0.07357127810492263,-0.10862189503633778,0.99135692409783582,-4.5974314889113659,20.22061629846046,-4.9410069275794903,,0.1251839056220069,0.1111111111111111,0,3
0.61785274817318558,-0.77191994712350154,-0.14965819993469009,0.78393202424006447,0.58999490985260872,0.1932785236876727,-0.060897971605925541,-0.23673952264221065,0.96966274316043555,1.4612786262095872,14.384108972509312,-3.8827826314898863,,0.1814555144663731,0.4285714285714285,0,7
-0.95002332542379664,0.31136348617439147,0.022549071556094761,-0.3113863343692202,-0.95027990247111105,0.0025802572734953295,0.022231327419042161,-0.0045701681398666082,0.99974240764527034,-4.3636707803869443,-14.340256485552175,-1.6842253441112709,,0.1077944609131043,0.2,0,5
-0.41685855976092534,-0.90722160728382484,-0.056372834161493475,0.90465808279609583,-0.42011641776977571,0.071385914240713694,-0.088445997002341903,-0.021240310676718104,0.99585448476000582,-4.7908362100092008,13.45926132061703,-4.2393189568149179,0.1845688023896083,0.1449603621530723,0.32,1,5
-0.10644459897108734,0.99354593811708414,0.039192042571543566,-0.99092388758010186,-0.1092530422558132,0.078317442380286525,0.082093826643812845,-0.030499862440587919,0.99615779975769048,-9.5647961459302095,-16.929917741473478,-1.7652775678165042,,0.1039171389335695,0.375,0,4
-0.53367896661199554,-0.83821093743148611,-0.11220153727191726,0.84225844520784021,-0.53875147638126497,0.018642912140513748,-0.076075436719245798,-0.084553362246786945,0.99351057209309013,-3.4688611601679917,16.366933685587824,-4.3820353403247845,0.6821906341217383,0.4823522848514438,0.1,1,4
-0.88348016470450863,-0.45977880828538437,-0.089812282152081424,0.46576439324896884,-0.88265636842206896,-0.063097268287811314,-0.050262595984621398,-0.097576548082189477,0.99395799142078933,3.6856004516592593,-14.997341053565387,-1.1566841599758333,,0.3732760997715055,0.1333333333333333,0,3
-0.31340381342505802,-0.94756863653723344,-0.062383722088365574,0.94491685733624886,-0.31770803046414448,0.078700318299106495,-0.094393762783447854,-0.034282450751970478,0.99494448645038458,-25.510885885349786,-2.343296863892685,-4.4006360407667735,0.8925593969609343,0.5027328589632474,0.2916666666666667,1,4
0.47521719108852928,0.86928973112754038,0.13602935216392567,-0.87646277083446456,0.45409664133190447,0.16002890886417231,0.077341015218976489,-0.19527315147580568,0.97769461677847325,-17.50444962136617,8.7486584390853501,-4.8576760257502674,,0.3231961278562998,0.1914893617021277,0,3
0.96368702889022761,0.26630676848186585,-0.019698106748421557,-0.26329582119448514,0.95990685981636914,0.096198394056243045,0.044526631247468154,-0.087518715359769877,0.99516724904486675,1.5985300310977195,-3.1894069084241314,-2.2157237734883801,,0.1138278446525037,0.5548780487804879,0,5
0.98423580853216408,-0.17295673237626311,-0.036957298721116506,0.17684419471900115,0.95952011753889788,0.21919688600052387,-0.0024503055368969894,-0.22227710805178366,0.97498045274708456,-14.914562482018734,10.493533294618034,-4.8254398267324294,,0.08179893942861423,0.4285714285714285,0,3
-0.9721975465271443,0.23333083246585914,-0.019714287899644859,-0.2341564839915628,-0.96930997407856478,0.074892690941914877,-0.0016344819698967999,0.077426718725523591,0.99699670596050027,-6.8152811642454765,14.488924274808053,-4.4620848338050116,,0.109352610887076,0.8235294117647058,0,1
-0.4365104639292896,-0.89194119029633701,-0.11789625919845005,0.89206533392170961,-0.44610872072201341,0.072155729577876568,-0.11695321669532339,-0.07367443483679055,0.99040094040549775,1.9043629645227587,-14.296676281159572,-1.3213171510689921,0.6171777976837561,0.3448039322406371,0.75,1,4
0.077468475000321085,-0.99504209755053852,-0.062368738029142987,0.99350480461486301,0.071816421513285322,0.088264402837204242,-0.083347696958624887,-0.068801349574331525,0.99414261336512599,-28.816022885074165,-3.3823855674299814,-4.6125518836282584,0.4062946802075055,0.2977487459621523,0.8488372093023255,1,5
-0.27517754761358504,-0.95224851652266385,-0.13228786818812993,0.95730219580794407,-0.28408096518588083,0.053577151103320668,-0.088599227934914218,-0.11189623764651427,0.98976229914555369,-25.914650164117027,16.672556760847815,-6.5358372014085973,,0.1461550243833753,0.5,0,1
-0.56921911799944003,-0.77853902972115063,-0.26432286110888747,0.81779815390187971,-0.56929399053851126,-0.084323969376534566,-0.084827915090591982,-0.26416156332363389,0.96074080442323062,-6.6095219692586147,-8.9313937320271641,-2.2425347692036097,,0.1387574896561263,0.3333333333333333,0,3
-0.99189530856100716,-0.11769849700059908,-0.047861891505296843,0.12332360796844651,-0.98248013724482242,-0.13972854982801713,-0.030577517432089897,-0.14449859419107061,0.98903244219009057,-18.435744502945113,20.053782524052473,-6.232787069187733,,0.3793909443350377,0.2307692307692308,0,2
-0.55580432304281424,-0.81310084070317235,-0.17305657264233992,0.82709092186890409,-0.56182113106283149,-0.016662042291611338,-0.083678918784635473,-0.15239435533862558,0.98477093733109278,-22.486751569595551,21.336100558812593,-6.85948611838025,,0.1821417011339014,0.1818181818181818,0,1
0.079063454742352227,-0.95320731483592014,-0.29179579343694967,0.99334442175833904,0.050738464558628106,0.10340439050554991,-0.083760550892382699,-0.29802923205203852,0.95087472726783351,-16.408117905515205,16.468883435021432,-5.6989873557007842,,0.1164667103259048,0.25,0,1
0.81133950843011904,-0.55497552223405244,-0.18365830169478789,0.58369491523061223,0.75186236941041729,0.30659945107335396,-0.03206942460197193,-0.35595666475793658,0.93395203561002227,-0.072645337477714636,10.696173102649032,-3.6931741611710334,,0.1097007421613546,0.2857142857142857,0,1
0.69568577228096262,-0.7174241913397621,-0.036384556151334076,0.71678162408382351,0.68993835475661225,0.10104043750645694,-0.047385753361084623,-0.096372176048008129,0.99421677418064858,-10.302019658034746,14.441949802280977,-4.7889789041105173,0.2708377140209869,0.2666918880726307,0.9098360655737705,1,5
-0.97356999713108683,-0.22171325605061579,-0.054815078013368393,0.22045147269138546,-0.97499137576635952,0.028159640790014002,-0.059687593973764053,0.015331316729406116,0.99809936471924854,7.8176519378718341,-5.0341810547347023,-1.741135972498898,,0.1139844055765519,0.15625,0,5
0.98590569797106309,0.1672046721946906,0.0057054626856958539,-0.16369021091333602,0.95701264879853598,0.23944165237226209,0.034575563037200129,-0.23700081779579929,0.97089399153809985,1.7930793599793657,-10.416517039479887,-1.6635004479586304,,0.1477759576909095,0.3870967741935484,0,4
0.60302866990020865,-0.79392124929968422,-0.077752641040770426,0.79608535979837458,0.59269235644926721,0.12232690023583634,-0.051034529419584765,-0.13566436716044741,0.9894395667699355,4.5894457975654559,-18.647947022238316,-0.85839426395175933,,0.1571701753696919,0.5,0,4
-0.20852832585770367,-0.96829376568706971,-0.13756133412604896,0.97552245435678164,-0.21596699749676684,0.041402862678241642,-0.069798842115791515,-0.1255605006512264,0.98962754726993563,-18.280190250248779,10.155511474827799,-5.2165890038049563,,0.4038044244102215,0.3953488372093023,0,2
0.74902219952874993,-0.66100537011016725,-0.045140284653897848,0.6616414611736845,0.74270595553414087,0.10304581733419033,-0.034587880378334837,-0.10705028864809402,0.99365180734062675,1.0472433970714761,-11.714497153011722,-1.5929857836036752,,0.1581878023134407,0.2926829268292683,1,5
0.67802886502471782,-0.71701249116309218,-0.1617712759095053,0.73350069031238019,0.64580877417960936,0.21191452169186523,-0.047472049719330424,-0.26234350517732802,0.96380614741073223,-23.893244863300382,1.3919150803445783,-4.6063474465771579,,0.1204096770911601,0.3333333333333333,0,5
0.61005117459945102,-0.76899188754868852,-0.19102104924362839,0.78977258310246856,0.57064920151921661,0.22498612353906763,-0.064006494588330437,-0.28811623642166939,0.95545392508520688,-2.836032907558605,-13.226830642063865,-1.6718067141388628,,0.3880028675551234,0.675,0,5
0.94100540033907731,0.33576731016511108,0.042061264331656981,-0.3365622452023822,0.91575347016001329,0.2193659886906445,0.035138179193335388,-0.22058081356813083,0.97473556057455757,1.8144894220518624,6.3499321439341907,-2.9796504866682869,0.6030318937902608,0.3442303036571404,0.4069767441860465,1,6
0.52876035873100802,-0.84316390715471645,-0.097401790056692888,0.84648814683477847,0.51544314036245464,0.13332736523877448,-0.062211737661622725,-0.15294768623579458,0.98627415304885602,-26.806396669757781,21.956825654787277,-7.2391607920850971,,0.2574740302533304,0.6944444444444444,0,2
0.89510355815853559,0.44580297670381797,-0.007023256648020725,-0.44144510519903946,0.88834453165151328,0.12637330485772105,0.062576667119125434,-0.11001681256457412,0.99195789310100924,-13.647091763122358,19.881368518893147,-5.6793461908234351,1.07584820722488,0.6577078831019836,0.98125,1,5
0.10488097684955409,0.99370317039525524,0.039420677841743079,-0.99208483110218981,0.10179343459133779,0.073524040769259696,0.069048306221253644,-0.046819929736365895,0.99651403682409734,-9.3477494081605901,-17.779187693324044,-1.6747440483236651,,0.1597720188849436,0.4375,0,2
-0.99744828401884733,0.051937817039887028,-0.048983506091222602,-0.047747231616012499,-0.99539230267675216,-0.08315266468899786,-0.053076572806318993,-0.080601655894933469,0.99533223121032843,0.41851396716936806,-9.5243212644999264,-1.7871660197607071,,0.6233629411490857,0.2875,1,4
0.7833336001763882,-0.60625100527168119,-0.1372887083549669,0.62094979950236051,0.75307681090219003,0.21747796067502201,-0.028457289622827876,-0.25560718982153852,0.96636180966491991,-6.5922441845610171,16.07759142008651,-4.630013343343605,,0.4345314737248296,0.3,0,4
0.53409955803920706,-0.83734886300128364,-0.11655275085891741,0.84006980486485416,0.51016308560449675,0.18443521637915208,-0.094975707718601254,-0.19641921422548339,0.9759093744945756,11.101597888115078,-6.6015234798898685,-1.4948189611547449,,0.2107465265851135,0.2857142857142857,0,5
0.060075871420350334,-0.99255236605826425,-0.10597495131033456,0.99502435238489151,0.051093031141100732,0.085533854875383356,-0.079482248547170342,-0.11058617816416641,0.99068323361452426,-4.6631513599069514,7.6466683996382994,-3.5981035311255378,0.5165373794138061,0.4704603193279235,0.8244047619047619,1,5
0.81996051670936754,0.57241534331398991,-0.0023293296100640073,-0.56918888151322944,0.81575700643458238,0.10278386845515297,0.060735230298601645,-0.08295288537244698,0.99470098552728892,-5.0169949892983308,-11.253866022665637,-1.9371812543287394,,0.1786722815413382,0.7450980392156863,1,5
0.99907014411450668,0.03908697169275252,-0.01819493838714931,-0.035695931276138883,0.9865753507517171,0.15935770385977291,0.024179487780996659,-0.15856003889069864,0.98705322371067294,-10.469241390068856,-3.1080892681340062,-2.9842200418596505,0.2019058678612872,0.09907519714465791,0.4160401002506265,1,5
0.38111288512480906,0.92299827378847665,0.053171001263254698,-0.92025597318437369,0.37320107444687134,0.11768560596004496,0.088780136350009725,-0.093782432337798136,0.99162641290683673,-7.1748192918640754,-6.4818538369623191,-2.4712459614741284,0.3226247846322366,0.2135690314137504,0.3907692307692308,1,5
-0.3660500108021042,-0.91059097217610618,-0.1919152703230117,0.9277479525124942,-0.37320535057920329,0.0012259314541084049,-0.072740127857019943,-0.17760024687603673,0.98141073262366363,-6.6624012897999965,18.045906964617274,-4.9318694833637222,,0.1940630734471943,0.3333333333333333,0,4
-0.63871339946412042,-0.76713351227937776,-0.059593352673718111,0.76572643960707576,-0.641322487932248,0.048667095239643431,-0.075552716904555367,-0.014547879924538196,0.99703567948095151,-11.061280392834963,10.892894579797087,-4.5113266188980363,0.1070057456562029,0.2320715109089453,0.3636363636363636,1,4
-0.64165416340845238,0.75278452447935029,0.14695371477100119,-0.76645652255589469,-0.63649742292070965,-0.086112888970351562,0.028711210565278106,-0.16788832693100836,0.98538783028215982,-0.33864942826222089,9.2741391602509502,-3.5719959478423133,0.5020043326956048,0.2583791990077433,0.3176470588235294,1,6
-0.99965200965745238,0.015063374317269338,-0.021655353656656842,-0.015908183983598025,-0.99909751928345292,0.039383710388873464,-0.021042558545981173,0.039714502588204428,0.99898947392553161,-27.526851316674101,-1.1788273666245828,-4.7306489841965247,,0.4588343057581807,0.2,0,1
-0.73912717644652737,0.67022707835740991,0.06698268787288171,-0.67016416384995725,-0.74173083161503683,0.026746344104481484,0.067609248845651462,-0.025120447212539775,0.99739558481194923,-14.337561199324389,9.048042932913761,-4.4852610050638138,,0.07747298290431129,0.3333333333333333,0,2
0.90026162388207043,-0.43399858154045057,-0.034267182348389887,0.43487714520883186,0.89283027184582675,0.11720057274061153,-0.02027010459365031,-0.12041319236938972,0.99251689454798597,-6.4802906327678631,-13.97610356776571,-1.8235083005251629,,0.111686133895681,0.3076923076923077,0,5
-0.67854851591247345,-0.73275685262491652,-0.051374181104976539,0.73037234563345954,-0.68048560349847698,0.059123431608735337,-0.078282490295461388,0.0025958356151201318,0.99692783758434622,-3.9202180052866442,10.885006523702302,-3.9696070573363404,0.2351646381118324,0.2561167755705263,0.7826086956521739,1,5
0.24313157904215699,0.95496040532950166,0.17011072724957832,-0.9659362231213392,0.22233927573952944,0.1324101934357895,0.088624196101003416,-0.19650921280320288,0.97648854634804372,-10.087396380428968,17.942879894124108,-5.2105664601453938,,0.2185854384666556,0.4117647058823529,0,1
0.99213626627423757,0.11386735603090149,-0.051960122920828619,-0.10242234608736105,0.97722445568201355,0.18585485261072393,0.071939503510773273,-0.17907146184561343,0.98120238451967634,1.833583692367557,8.6468562606670147,-3.318810847397839,,0.1438920839129392,0.1379310344827586,0,4
-0.66806343762840625,-0.74179881714998119,-0.058529976755555511,0.73988643111996344,-0.67058163618808997,0.053743262385795972,-0.079115816046355786,-0.0074016269963820946,0.99683795251240603,3.5419673918009815,-3.6554120232889478,-2.0698377260613703,,0.185777938987527,0.6524064171122995,1,2
