axis_00,axis_01,axis_02,axis_10,axis_11,axis_12,axis_20,axis_21,axis_22,location_x,location_y,location_z,dbh,dbh_approximation,score,reconstructed,number_clusters
-0.87147355341112998,0.48514098664427341,0.071917096596014349,-0.49020041259885139,-0.85702092940538188,-0.15880391068563948,-0.015407828948147413,-0.17364719876507556,0.98468738651825327,-23.605392540580603,-12.075989626729344,-4.5524633472125844,,0.4918049494415591,0.1764705882352941,0,4
0.27737823249319882,-0.95527378765518112,-0.10253441743079295,0.95986008416964508,0.2709154083299446,0.072618595051547941,-0.041592486782953762,-0.1185615120869442,0.99207521534149146,-11.46557902409587,2.2473791854711989,-4.230648184432197,0.4572512747712585,0.3216743619591477,0.9737354085603113,1,5
0.92621678075740232,0.37426464172017243,-0.045259838725591701,-0.36976214129452528,0.92528321147091452,0.084421190677225269,0.073474035609073174,-0.06145694857494672,0.9954017327507394,-0.94374039293951717,-15.52888025849278,-2.1787744350039246,,0.2992625436605636,0.6385542168674698,1,4
-0.97243880439246333,0.2288176815060893,0.0447799100259667,-0.23305800284241482,-0.95955659733760368,-0.15790852990571663,0.0068365943905395899,-0.1639926984230014,0.98643786212872075,-5.7351679577097245,-12.12398262252146,-2.7725081000187628,,0.553486292230653,0.5612903225806452,1,3
-0.85467298699930527,-0.51373807462515708,-0.074881746601696705,0.51375443406739096,-0.85769175484540283,0.020524013893660563,-0.074769424030007206,-0.020929509087622367,0.9969811878263154,-25.879480446036531,7.7615338700336833,-6.2310070589771716,,0.4222810299665783,0.5714285714285714,0,1
-0.72671160545690761,-0.67489893929677436,-0.12806898231161337,0.6796392708036687,-0.73349323483011453,0.0088394592544947387,-0.099903473791961572,-0.080616972124628039,0.99172586924500228,-7.6672943643246425,-14.394358415367458,-2.7963199492505271,,0.4239409697054601,0.2469135802469136,1,5
0.52628474521254165,-0.84001520025567489,-0.13190462575659895,0.85016927963006705,0.51702292292265251,0.099496196639920015,-0.015380602389465025,-0.16450459115761856,0.98625639493906514,8.4766585288109475,-2.4724188602956825,-2.2336846210990178,,0.1004544366861893,0.3653846153846154,0,5
-0.38541048125734761,-0.91319553670204101,-0.13241099910676743,0.91961294669500282,-0.39194052178457967,0.026356320952799193,-0.075965710737906617,-0.1116088667208122,0.99084442354053848,-4.048553770315948,5.9892339906504661,-3.8052165457657048,0.3452046986940545,0.2094909185176596,0.3113207547169811,1,5
0.2792263620684568,-0.95565001076242806,-0.093625293888916258,0.9596577924880344,0.27437990113552074,0.061421422727371951,-0.03300848440943175,-0.10699872327571372,0.9937110813382124,0.31671699952283044,-4.6873560805609982,-2.7183921703837277,,0.06744430241250736,0.390625,0,5
0.98327321107187859,-0.17242828589064205,-0.058670934995204253,0.17847942831862845,0.97639900573103067,0.12161445339477457,0.036316470856239021,-0.13005178903909478,0.99084188754426328,-23.432258707302214,-8.9074740244427151,-4.7721454353450925,,0.14545139526886,0.375,1,5
-0.99789289888954102,0.039507847228262748,-0.051467391163895579,-0.040997682986971373,-0.99876064051790348,0.02822008047415777,-0.050288689936495511,0.030270661698357258,0.99827588105934695,14.320745729452161,-2.7784297137380229,-1.7764299965545323,,0.108272485680796,0.3571428571428572,1,5
-0.13145299627437076,-0.98499408913279185,-0.11183360024586335,0.98957184412087318,-0.13708452963283049,0.044219871761007376,-0.058886968793652517,-0.10485454739212266,0.99274258939439508,-8.0421871292286689,3.9394909140027554,-4.0064102062542242,,0.1044587390886038,0.3949579831932773,0,5
0.9977746379436867,0.032000206631350968,-0.058495800292798834,-0.02150749303754634,0.98487607790393927,0.17192015273316025,0.063112594777778377,-0.1702794701310292,0.98337261627132522,-12.935673588633119,-0.76191219595760773,-4.1717482388463187,,0.9637816373932526,0.9354243542435424,0,4
0.34437180379290017,-0.91772689350656445,-0.19795304919908424,0.9383195691220011,0.32947087787376977,0.10490627643658933,-0.031055546286080225,-0.2218699834765358,0.97458158379737247,-14.390002356563986,16.447223062564188,-5.5705854636653926,,0.4603238206679444,0.32,0,4
-0.39706942512862908,0.91689635219948196,-0.040459250503490973,-0.91742061125391228,-0.39527619009743925,0.045783791766870856,0.025986413267686744,0.055297494204868083,0.99813170146035568,3.2346538856211171,15.452284640919459,-3.7082124297988917,0.2983283567297282,0.2518005881608915,0.74,1,5
-0.94038323081405739,0.33998397462515884,0.0095013789417253292,-0.3388835115849641,-0.93423114412404296,-0.1112211082687317,-0.028936910331934369,-0.10781032578914129,0.99375026484206808,-4.7747954946742324,0.90127075847308558,-3.551334672070992,,0.07490588953963655,0.1735537190082645,0,2
-0.13852949489744906,-0.96461262295187733,-0.22434809267153788,0.98862652092650449,-0.14808308441187409,0.026248852009599592,-0.058542131531177787,-0.21816023412383173,0.97415549635713772,-5.915537146725832,9.8114770620292848,-4.2277624746212989,,0.1105147338190916,0.4,0,1
-0.45434696002658298,0.8899477464086335,0.039520229968919102,-0.89060774722627933,-0.45476832277967938,0.0019008357867702859,0.019664193223561686,-0.034333384021254687,0.99921696254943271,2.4765881610487712,-15.999044599954773,-1.9031334061268199,,0.1258623473859508,0.2105263157894737,0,4
-0.98790080750516418,-0.12361903655581742,-0.093650031135370307,0.13065266201644732,-0.9887294071418381,-0.073102950425857849,-0.083557623462257105,-0.084454089622474249,0.99291773592145027,-9.7383686494115462,10.774176111358504,-4.630582373017754,,0.09704751537848724,0.25,0,4
0.17514440011882676,0.97316699408102925,0.14923284068297382,-0.98019977276052939,0.15813566016694208,0.11917012404026421,0.092373397616537165,-0.16714997641297749,0.981594641793606,-5.8904763991152658,-15.075862865823304,-2.6188524367174519,,0.1412213954867838,0.1666666666666667,0,2
0.99318202427720814,-0.092000363660650508,-0.071591897159765591,0.10338838824321996,0.97888054829019699,0.17636244882500379,0.053854506116903518,-0.18256178478912535,0.98171833379310625,-10.996337536952122,-4.9866577040474622,-3.7186672533341416,,0.1809370322744735,0.4531722054380665,1,5
0.5247148454982361,-0.84817752829211202,-0.072589334023993299,0.85116775195259309,0.52136331739239683,0.060776223258484606,-0.013703610828257128,-0.093675886853980248,0.99550843254710253,-14.538334822371946,3.9994274368088196,-4.6397337907952654,,0.06543210330679963,0.4878048780487805,0,2
0.6920328997967905,0.72150597587540877,-0.022794568978570021,-0.71734902770762909,0.69088667218544408,0.089922069835171814,0.080627774654668097,-0.045877368849971775,0.99568791746291641,6.3810185989152179,9.8966169630654761,-3.1554966241533444,,0.1926054419456237,0.6623376623376623,1,5
-0.99332991278488825,0.10086625383178986,-0.055872025242590377,-0.10234370088257162,-0.99445375925068513,0.024238143531228711,-0.053117334801610863,0.029794622839074161,0.99814369165639283,-9.5442845175802198,4.519846799927854,-4.2122912882471413,0.6144768775339413,0.4483864318511469,0.6758793969849246,1,5
0.64178681771785795,-0.74641527152885556,-0.17599409942407257,0.76687191513874464,0.62340950569659204,0.15253869665945724,-0.0041408181582486582,-0.23286225678635974,0.97250091156221774,-41.46758990158758,-10.919840158093406,-6.2981893916271385,,0.1657949177255722,0.4166666666666667,0,2
0.79869832799388685,-0.58835349705938789,-0.12617901314306701,0.6017134120973181,0.7792846966621011,0.17508949497459936,-0.0046851426843494666,-0.21576729141889373,0.97643357449023693,-14.336399735802761,6.0289490800499301,-4.7749578990796673,,0.3309508929237793,0.2368421052631579,0,3
0.68220352457099065,-0.72120816577023517,-0.12023781721759592,0.7309103406646652,0.66836692146808296,0.13804250141438801,-0.019194399505639208,-0.18205614494878011,0.98310077566544907,8.6889469685813481,14.120063710565054,-3.1967804380634375,,0.1720109351079969,0.2380952380952381,1,5
0.99435283841585931,-0.074845328048320933,-0.075237022825625277,0.090873031257073661,0.96666692211677241,0.23936823906992646,0.054813546906538946,-0.24485350427270958,0.96800941964471576,-13.244608561145366,6.8900976086315637,-4.7030244442621996,,0.08488973766210686,0.2631578947368421,0,2
0.9678713804420972,0.24736695191621189,-0.045106341248124376,-0.24256620090347611,0.96579720060527419,0.091637358551361667,0.066231632173488056,-0.077751902887960508,0.99477033153232797,0.14854065230936608,21.07539918054832,-4.3092973967639496,0.7291001853376886,0.6914248268923023,0.9401709401709402,1,5
-0.79878608934885975,-0.56378674265478723,-0.20996497867373018,0.59681301386231256,-0.78659297752120039,-0.15838470317210365,-0.075861781862399044,-0.25182532938732965,0.9647947934828548,-22.122118560888222,12.622031446582326,-6.1436273661993299,,0.4137400343754646,0.4516129032258064,1,1
0.34144672734333659,0.93990109760429608,0.00024312293923655352,-0.93789938905404968,0.34070265210468381,0.065317982676088127,0.061309610980368273,-0.022530636277594041,0.99786447077264029,-21.38973345771781,-7.0468148574690508,-4.6268316218642864,0.1833288809774304,0.1713187232411574,0.5370370370370371,1,5
-0.94452820193245135,0.3253961098724123,0.044540402267508515,-0.32636408854898746,-0.91472648540413548,-0.23824764134359577,-0.036782570054839259,-0.23956800408255469,0.97018256733465469,-22.492136341543645,7.2504698054244523,-5.7186502438305942,,0.6757618154856978,0.2105263157894737,0,1
-0.35719390356661507,-0.92088026786729016,-0.15617953613553767,0.93297716488068072,-0.35970594220617774,-0.012854763816307091,-0.04434100885242577,-0.15030358410308736,0.98764503114211788,-9.3668999913769913,-18.252297396703813,-2.6931110977600499,,0.2365577912733478,0.3114754098360656,0,4
-0.69460383018635263,-0.70174033499731514,-0.15838567273684703,0.71175254296113055,-0.702365795704325,-0.0095187506004650955,-0.10456498782485411,-0.11934316596473199,0.98733143982084426,-9.1104060761721986,17.810044755973749,-5.0484283066046647,,0.2688112270643565,0.4193548387096774,0,5
0.63177489869507752,0.77515168225152276,0.00058896643282953893,-0.77182815254179005,0.62899545936647772,0.092983950444586794,0.071706208397544616,-0.059199506746156878,0.99566743347277364,5.3113708399649644,-5.7296396495554083,-2.2951640456381859,,0.2052350700218309,0.2916666666666667,1,4
-0.83522184330179261,0.54990784645126067,-0.0024151362056581884,-0.54957983563745194,-0.83486043616444316,-0.031145728246850114,-0.01914358201243388,-0.024686282398363162,0.99951193626143398,-15.976575911207382,0.50065832139992938,-4.5942973444481119,,0.08869001968135715,0.1111111111111111,0,1
0.78666342567364744,-0.61071532799704231,-0.090484489592785433,0.61726613702167177,0.78086300925422925,0.096101388464333817,0.011965399857288592,-0.13145245881266307,0.99125026117442228,-8.2837234910233146,2.4398391601573479,-3.9566507187145539,,0.07893513923131587,0.2957746478873239,0,5
-0.95973234098868787,-0.25415109614320491,-0.1196706062054512,0.26728769700374772,-0.95724441166368213,-0.11063644683866163,-0.08643564479313802,-0.13816785685483673,0.98662988128342011,-10.395859600399874,-9.9807294682538732,-3.4027764108599636,,0.2572469500253311,0.3178294573643411,0,3
0.81903361875523129,-0.56614332217023644,-0.093089581107439187,0.57346300199194544,0.81287446150266862,0.10185919292402126,0.018003241238634161,-0.13680953402009316,0.99043376088767721,-23.925620472328578,13.031231540349733,-6.3682079508447469,0.3155744151849402,0.2694151938740678,0.6779661016949152,1,4
0.99839540627550316,0.022560164674226724,-0.051938922763605247,-0.00096272826406095392,0.92384175519114253,0.38277341145857841,0.056618776764087345,-0.38210921257569835,0.92238108381650885,-24.02655815317377,11.251156424387764,-6.2963645164755171,,0.3609679135503119,0.15,0,1
0.36239551300135403,0.93156655759039431,-0.029210288181874485,-0.92952611389360873,0.36353975684483775,0.061806543205738224,0.06819600975373781,0.0047533117275263236,0.99766061878841805,-22.142094466046217,8.3497082504761355,-5.8013650346924557,,0.07577464547525253,0.2941176470588235,0,1
-0.70183923134076653,0.71028577484875655,0.053998253661613045,-0.71210207282322502,-0.69765064353063777,-0.078703351022391829,-0.018229954247578301,-0.093689367746766838,0.9954345639665837,-6.8893001700574059,-22.260857361444504,-2.2517816507696948,,0.2985321799690189,0.6153846153846154,1,3
-0.83584706305210676,0.54637757926883956,0.053209285463075476,-0.54895134237801424,-0.83250920904693027,-0.074705023615762089,0.0034800701924157158,-0.091651283266403205,0.99578508293058798,-3.7918040895663889,19.810247878907745,-4.6199316059076114,0.6620664945502214,0.2364962047773048,0.3888888888888889,1,3
-0.56525160253531981,0.82491799631303331,0.00096186804819841515,-0.82485464941965891,-0.56522194125259839,0.011788318684841885,0.010268065154830839,0.00586996469611925,0.99993005272991053,-19.607682275468331,11.028743999259731,-5.8464821786229342,,0.07670786891560455,0.3461538461538461,0,1
-0.31812860720981623,-0.91840526625917762,-0.23521470230865893,0.94499941948447941,-0.32707030310415952,-0.001055462623722387,-0.075962401546681338,-0.22261352999034406,0.97194286345263048,0.20906383703658116,-15.451742921088844,-2.1186882219520058,,0.2275544563894328,0.1578947368421053,0,3
0.062718460070092477,0.99589716619381075,0.065232117347003141,-0.99737759469418852,0.060178165726903425,0.040205994226987223,0.03611548654623653,-0.067582710339866583,0.99705980206537559,6.1274743175255058,-2.5380123739476099,-2.4090918358535265,0.6885659050404656,0.6380248157237485,0.25,1,3
-0.75053480800057382,-0.64027721267107884,-0.1635316266466415,0.65696169764113121,-0.74967298075032229,-0.079948419405332635,-0.071406090860831745,-0.16743808666812385,0.98329327126798416,-9.3576628692429278,-7.2854490826224962,-3.4282320128596591,0.3828045776141114,0.1746629583234669,0.1454545454545454,1,2
-0.33087573489714478,0.94367369186076255,0.0011006117171314547,-0.94324224009577684,-0.33075929746182625,0.029872456237464373,0.028553888620893746,0.0088459274492110902,0.99955311265194291,-11.763733700096008,12.008913866861658,-4.9625052142106494,0.1212176825748542,0.1301282790492039,0.6417910447761194,1,5
0.89457779932511838,0.44522086409433703,-0.038845117192768765,-0.44095577481833848,0.89345793147814556,0.085386938890863254,0.072722524770437821,-0.05925628113445032,0.99559034122330037,-2.1272650043896113,-6.0019405472596841,-2.8318360946125285,0.4704511186852035,0.2040148073077959,0.6561181434599156,1,5
0.99472286478333316,0.0039592012475529225,-0.10252193425174726,0.015425735877737981,0.9821250302340353,0.18759656622770321,0.10143209033569442,-0.18818807006097946,0.97688115005708576,-4.8435616685602838,11.59178168181667,-4.2359828232274177,0.5162400964725467,0.4692328140535561,0.1458333333333333,1,4
0.97262503519136634,0.22956672741617815,-0.036050777833729009,-0.22248081853891613,0.96471548828352305,0.14080593754574147,0.06710310202400939,-0.12893077339916764,0.98938062916627045,2.2396948930892386,-2.1873044650982338,-2.7164092329373712,,0.09806561173970887,0.4732824427480916,0,5
-0.47728223638279449,-0.85934091778233634,-0.18367050350682559,0.87425456605243379,-0.48546755232901734,-0.00045757200970452766,-0.088772859421725817,-0.16079316733208973,0.98298776023377099,-11.352054030460636,5.7695618894889078,-4.4860727765035735,0.5130142566756697,0.2223217404519318,0.2727272727272727,1,4
0.94983503513629852,0.31273358108878874,-0.0033336597017980009,-0.30524151905895736,0.92929662354666642,0.20793123985429554,0.068125039964800196,-0.19648280516153652,0.97813776443078138,-1.572854919559509,13.14341361086726,-4.015818597384782,,0.1682945467936913,0.3207547169811321,0,5
-0.86826381717607382,0.49607445999435301,0.0052984831928134827,-0.49553215552675206,-0.86670361212957536,-0.057207792830677999,-0.023787110413928132,-0.052297025372939662,0.99834823309068743,-12.586455293570713,-12.582578585329344,-3.3238205785260724,,0.3203365631630122,0.1333333333333333,0,1
0.35934957999643041,-0.9290302869146182,-0.088151037156298434,0.93284713524373941,0.35499784191466649,0.061422752327439552,-0.025770169264821181,-0.1043036827311076,0.99421156709464542,-20.74951013266389,-8.0391835691202189,-4.5200587080554531,,0.1191012294872541,0.4,0,3
0.9870968417266891,0.15425768889273364,-0.042946367374517777,-0.14688815378907316,0.97910053858834445,0.14066273711417182,0.06374712016736156,-0.13253943093844042,0.98912567650267846,0.32255680085455979,-17.984739180777652,-1.9237520177498688,,0.09184100993323921,0.1111111111111111,0,5
0.0020228141697898128,0.98635383278588251,0.16462692602193923,-0.9954853877859835,-0.013635856046100382,0.093930325957486918,0.094893366087541689,-0.16407370288528444,0.98187324492221839,-19.109689878199482,13.280398566287575,-5.8737976347578744,,0.2886889759251292,0.2571428571428571,0,3
0.42561733519161538,-0.8970659338694823,-0.11883852184903193,0.90445692149208334,0.41759877202208506,0.086999671095421297,-0.028417620404476467,-0.14451289180042523,0.9890947694503428,-16.386006651958237,11.125633007508419,-5.456697674446696,,0.08891556635455661,0.2272727272727273,0,4
-0.43898599033402363,0.89757843010865801,0.04054950177417152,-0.89821869351022654,-0.43952131857924875,0.0049182459414809313,0.022236881958558205,-0.0342632794407597,0.99916542612458625,-16.216617700633318,9.0004520787135132,-5.1866511626885838,0.2114824664407391,0.1751025423412695,0.5370370370370371,1,5
0.52670695782260968,0.85001770584784209,-0.0070484272304908845,-0.84769878179965463,0.52584983294291876,0.069919443141996745,0.06313917893538265,-0.030852114013081397,0.99752773953624474,-9.0368358536019677,10.180237243316922,-4.5429168287461188,,0.09898193602345301,0.4,0,8
0.13841027977287201,0.98808727161993282,0.067276579252151011,-0.9866218786000942,0.1316589564485755,0.096141499127547089,0.086138627344620119,-0.079683516799572557,0.99309147314315183,2.7526955555490402,22.621811716254232,-4.1808818684380542,,0.3105421940295313,0.1,0,4
0.27252895921256121,0.96155982950473251,-0.033625298115347389,-0.96004543904606077,0.27407634683259868,0.056523544419576063,0.063566668603702289,0.016877511360531353,0.99783487023299622,1.1003161492069344,-4.2390002716632749,-2.7116222765835318,,0.3407591196641921,0.9615952732644018,1,4
-0.53643715974952055,0.84350063504535988,-0.02723696601937382,-0.84378215593474237,-0.53543257404153588,0.036655585950473038,0.016335451202348635,0.042645484325174766,0.99895671362711502,-6.6059606563418747,-5.9429916058561032,-3.247383769335741,,0.06960639697518828,0.3333333333333333,0,4
-0.83027777457819318,0.55676862346806755,-0.025446354610368541,-0.55702410851636242,-0.83048790919883397,0.0037383426944951918,-0.019051497921031054,0.017278095844827864,0.99966919920088682,-16.794367563530031,6.4967992389244182,-5.0887585572310483,0.3534879091207635,0.1373344390708983,0.5,1,4
0.53610462296528161,0.84295009628502249,0.045021865891210357,-0.84138844287409853,0.52927758574390926,0.10922786012277465,0.068244570722913928,-0.096438438405916496,0.99299662948303868,11.160744869646443,14.605975055240373,-3.0198064052930866,,0.201808453775667,0.1875,0,5
-0.54269192113620901,-0.81997010151283667,-0.18202887506799267,0.83953790282246898,-0.53618249919823324,-0.087660922183075085,-0.025721361899034376,-0.20039301429582052,0.97937788997071706,-23.960390843655471,19.811586314691535,-6.8117832645586782,,0.2207756284980573,0.3333333333333333,0,2
-0.95870039574166732,0.28173876291998806,-0.038946382028166429,-0.28191090593882029,-0.95943994267135924,-0.001112438551617257,-0.037680131601718021,0.0099129145609260384,0.99924068262225163,17.119702881099098,-2.7525217605248642,-1.5917129278568281,0.2380261520340073,0.1793524437091437,0.8125,1,5
0.65404005696844636,0.75347740977600697,0.067107353084071161,-0.75268198290283617,0.63935277970444782,0.15715551437238881,0.075507857168414863,-0.15329649715970214,0.98529119932352949,-7.9065244097266278,-6.6084295350361888,-3.3429170615068,,0.08745283823080202,0.3140096618357488,0,5
-0.97998012059577166,0.19627125499155562,-0.033414932307810681,-0.19646840210863589,-0.98050646588546753,0.0026902285533853152,-0.032235542650546518,0.0092013488592605289,0.99943794453142221,-17.959783787210323,1.2479746368618363,-4.8366292794797383,,0.2407971408544435,0.7551020408163265,1,4
0.50130776517362874,-0.82152179317519403,-0.27164769079606671,0.8651219185471779,0.47009186211060872,0.1748648255843091,-0.015955896272919233,-0.32266946635155014,0.94637721066102065,0.93518552192324145,-17.494600766957625,-1.929931367865229,,0.3190676675787907,0.125,0,1
-0.27082305293698888,0.95233052601140566,0.14043305602573802,-0.96101931034516241,-0.27591105611517641,0.017747514110888585,0.055648532250160497,-0.13015244269796511,0.98993109988430772,-4.3939465118186236,-16.118102339010854,-2.4274774637045389,,0.5956205043450934,0.7543859649122807,0,5
-0.7243733387386696,0.68847357123133912,-0.035880466002518895,-0.6893843934557542,-0.72379680964183357,0.029450575748944656,-0.0056942237603904424,0.046068645175095464,0.99892204688228636,0.47481602163950842,-3.6363612662882607,-2.790650127018846,,0.06929884061710513,0.2818791946308725,0,1
0.2042381011325928,0.96580546430391445,0.15970786820458033,-0.97697690542258275,0.19082390473227484,0.095406308248670621,0.061667854808364224,-0.17551650208292796,0.98254314570908607,-11.201247389160928,-2.1604452913194594,-3.9089702001449163,,0.257887584064068,0.3062462098241359,0,1
0.58411487084275004,0.80847607601412896,0.071946175528334183,-0.80850268169621542,0.57172030994364154,0.13949659812330528,0.071646572495730851,-0.13965071324824227,0.98760541054556372,-1.0878670649914941,10.188683919844793,-3.8296651408833378,,0.09846908674461943,0.4482758620689655,1,5
0.88790610361639954,-0.44259090409828955,-0.12544338472076871,0.45924570457663105,0.86867287586390052,0.1857439570114062,0.026760679899019726,-0.22253252874085647,0.97455792011739495,-25.853899455044651,16.813496268281419,-6.7943039938768646,,0.4702971637903246,0.4473684210526316,0,1
-0.40545440506302688,-0.88284276162464148,-0.2370556551992852,0.91106826110004857,-0.41143451212244875,-0.026005112010824897,-0.074574452938790586,-0.22651777078529189,0.97114795499313122,8.5468421730581774,8.5243251882316944,-2.8774326641391821,,0.3793586887999671,0.2156862745098039,0,5
0.98804711542851487,0.14783720982698464,-0.043669864711976925,-0.1319510104878974,0.95756493852711511,0.25623879357892787,0.07969835961055298,-0.24741371807992724,0.96562654457158148,-19.202688905746761,6.359759975262044,-5.3223262839513712,,0.2725048013023472,0.1730769230769231,0,2
-0.97304794520900029,-0.21528546158736805,-0.082643005473280823,0.22081960001374404,-0.97315409662732122,-0.064883036821906992,-0.066456004802522894,-0.081383501071020048,0.99446484361143239,-17.200789654089448,2.3943489441316088,-4.8199931459267429,,0.1439295949906808,0.3333333333333333,0,1
-0.17338087068083041,0.9835556339092254,0.050570630680066161,-0.983778518712913,-0.17536290098679971,0.037784640748872042,0.046031508784577645,-0.043199166229411376,0.99800547705716491,-11.200727928333437,-8.1049027520207595,-3.5711268845000435,0.1350786396139508,0.1504658482778591,0.5612903225806452,1,3
-0.96702698455342284,0.25187736563339819,-0.037637797851281247,-0.25200110446736884,-0.96772578839214518,-0.0014972735314556836,-0.036800196911710978,0.0080368627200671679,0.99929032535338735,8.017296522585065,-6.0858411500193093,-2.039216203907134,,0.1977329151439319,0.2272727272727273,0,5
-0.48213291163829436,-0.84058076652602243,-0.24692474655592203,0.87365341996719459,-0.48233682229076796,-0.063881856908437451,-0.065403037351536603,-0.24652619497523967,0.96692671795551532,-10.744831743941734,3.1349271078896512,-4.2114359317108807,,0.234473860549818,0.247787610619469,0,4
-0.50769110811775331,0.86135397847895934,-0.017862320583700034,-0.86145292949120411,-0.50723782370928372,0.024670639831414799,0.012189709151137098,0.027912612868324395,0.99953604088780756,-15.348282016069382,8.229321867281012,-4.9941983701471031,,0.09642154288062683,0.4130434782608696,0,5
0.98346315666288531,0.14394422203906085,-0.10991032903345253,-0.11815691530099003,0.96988924043297731,0.21296432719799849,0.13725582994258187,-0.19645590404442165,0.97085833926112053,-24.804094250405043,-10.237452781627987,-4.8375122504880439,,0.2063724643747243,0.1904761904761905,0,2
0.71601669234371923,-0.69186602864231628,-0.092959640144897202,0.69807903238638358,0.71009350112851577,0.091939568182237516,0.0024001724208028595,-0.13072344114869186,0.9914159677484492,-24.201404570012681,-2.8888753319020446,-5.230052243607628,,0.1233719311871185,0.4444444444444444,0,5
0.84057591664218689,-0.52652100754937614,-0.12730968922409955,0.54126029087594463,0.82577793535811284,0.15851845001948714,0.021666238299134079,-0.20215447085059129,0.97911395865500894,-18.429275849267331,15.386480110126472,-5.9547022996160752,0.2014033762745408,0.2585520949992275,0.6896551724137931,1,5
-0.61871520754925213,-0.78117198939968524,-0.083437491121337234,0.7824178331932915,-0.62228433890297052,0.024177176369609022,-0.070808376964878392,-0.050324194314763634,0.99621967919639542,-11.558267581414109,13.982457560358638,-5.0322796721412786,,0.08105833550508881,0.4375,1,5
-0.82982193567866569,-0.51049660980205713,-0.22536363159817471,0.55218991508179949,-0.80946376056825065,-0.19963646462673187,-0.08050995434396141,-0.29010624210332214,0.95360186427262239,-10.784548788706042,7.599164161511986,-4.5292619533724805,,0.484803880669627,0.1578947368421053,0,4
0.65995501987023397,-0.72130514988163086,-0.21018623290386285,0.75058033846286432,0.64527693586664503,0.14229136147892266,0.032992836511142029,-0.25166755212540093,0.96725121656483692,-2.4385277189605223,17.707372705310771,-4.3938737692135792,,0.3442086559534272,0.7727272727272727,0,6
-0.77464091275953251,0.63141354457590992,-0.035332591260224491,-0.63234940951292495,-0.77408342082096093,0.030480844784439829,-0.0081043548621720553,0.045954252645464613,0.99891066972781062,10.090803259372661,5.2339635626203913,-2.563340831742881,0.3695925673522205,0.2823117488101076,0.6929824561403509,1,5
-0.91893208192588371,0.39437053656377347,0.005975675506743737,-0.39312292630088636,-0.91458900159412548,-0.094769842142362004,-0.031909146400184156,-0.089436223385503638,0.99548127472220649,-8.3004572236739893,7.3641057826884886,-4.2713470868071335,,0.165331976700878,0.3684210526315789,0,1
-0.89805727635134058,-0.43270158282642834,-0.079135760639017116,0.43285839815950317,-0.90131895181620225,0.016054726398548665,-0.078273466354833995,-0.019836514725292215,0.99673455701523284,3.5241374508614736,-18.679838408502789,-1.6456976512961285,,0.1021696927690378,0.1538461538461539,0,2
0.3674153245228205,0.92321455478989312,0.11260934743567758,-0.92753994395986705,0.35482347293682659,0.11734545330764001,0.068378590689754229,-0.14756418561814966,0.98668595787014979,4.0073069612358472,6.6658905844288547,-3.1437464920891336,,0.1542400770483557,0.25,0,1
-0.259854139591709,0.96335339720571145,0.066528627141013152,-0.96478091073605032,-0.26192272056377341,0.024377914836779979,0.040909906090950549,-0.057850847398174296,0.99748667110841305,-12.142861210973797,10.66599140357622,-4.9019152673408639,,0.2394482865164028,0.1379310344827586,0,4
-0.93818549446685795,-0.33141048634524589,-0.099875259761292717,0.33880695628409729,-0.93831991199632714,-0.069033246517250221,-0.070836603147553343,-0.09860442328624601,0.99260230876363753,-12.236549364276174,18.489211634011415,-5.4028170938019757,,0.1398743224840221,0.2962962962962963,0,5
0.098319628380539412,-0.98928768334270811,-0.10790333758291315,0.99431301022566387,0.093198180569734765,0.051533841642864904,-0.040925400072490362,-0.11235648056481032,0.99282482488301937,15.287687324845521,-1.6666736584782016,-1.77326413345153,,0.08768564902869044,0.2105263157894737,0,5
-0.62347772079247699,-0.77740433307693046,-0.083174723255510633,0.77821329879280721,-0.62729943005128996,0.029656139993998194,-0.075230268226525857,-0.046237733189889114,0.99609360944241854,-0.7572614060816083,-23.254708542783675,-1.6804856035773883,,0.902463192863229,0.8222222222222222,0,1
-0.6025076817876226,-0.79190190704391095,-0.099377376736972764,0.79459246499070491,-0.60686418852882806,0.018403023154985088,-0.074881960223412536,-0.067876551926747089,0.99487962373929195,-12.613860172639006,-11.530642426060105,-3.4271822717891749,,0.08271513475746803,0.4583333333333333,0,1
-0.96286942538303877,0.26962318983133832,-0.013631036927234087,-0.26696632642567703,-0.95845861762868256,-0.10042937243702366,-0.040142872559352089,-0.093061344276179736,0.9948508109179961,-28.152263691287153,-5.0243361820526466,-5.4903018867003768,,0.08928423760926774,0.5652173913043478,0,3
-0.99559362502941429,-0.074012204393989464,-0.057580616543508073,0.075233261068519158,-0.99697854141559239,-0.019332469729251119,-0.055975800394315288,-0.023579261175420595,0.99815365961991809,-5.2372712189658337,14.458675162337252,-4.3416800741775354,,0.1157221375402303,0.3235294117647059,0,5
-0.16922755542742898,0.98535892776909262,-0.020732051268521859,-0.98511128916825463,-0.16846356976029481,0.034289555507148045,0.030294924283053557,0.02622611540740372,0.99919688171717269,-7.9528931009704271,17.638226258112638,-4.9549065917379522,,0.09175818003681149,0.3157894736842105,0,2
-0.63096855730372281,-0.75861208704342242,-0.16243885337467795,0.77307084635503764,-0.63237962657772262,-0.04957292008067659,-0.065116405075553468,-0.15685569572394137,0.98547254883583302,-29.720973472841496,10.356776759066015,-6.9344366724125095,,0.2169912940157448,0.5333333333333333,0,2
-0.99829250512865408,-0.010947221184397964,-0.05737797968120751,0.011954662121571915,-0.99977983720552277,-0.017244221375825965,-0.057176570879305506,-0.017900711316573621,0.9982035885914482,-19.231594373315701,-9.8239083198080603,-4.2426371676201713,,0.09334036107189939,0.3846153846153846,0,1
0.9823730251372822,0.185358668427062,-0.024195113588696283,-0.18081083816981808,0.97506526785558356,0.12866687305614324,0.047441335172518952,-0.12202412655153205,0.99139267308992318,-28.555303416230245,-9.9636029540709181,-5.1996235209537405,0.7286306761911339,0.5385456792707851,0.9333333333333333,1,5
0.99493407798484113,-0.090930156382863656,-0.042870585774409484,0.096574117601569517,0.98296602580524339,0.15636889691406922,0.027921681072801886,-0.15971693326893227,0.98676789619101157,1.7303109263675895,-13.114651446851724,-2.1402223292834046,,0.5384089061491774,0.3611111111111111,0,5
-0.56654895673228722,0.82386215948241093,-0.016535470919668262,-0.82396558062967118,-0.56614476949968628,0.023681678693792146,0.010148968576451867,0.02704148925494667,0.99958279111622805,2.7228408588423614,-16.850560359325215,-1.8242077652450752,,0.1023444355617098,0.48,0,1
-0.41512023730179143,0.90960937849800239,0.016910562704501326,-0.90942728764733372,-0.41540132460739859,0.019589486895614218,0.024843451147520752,-0.0072469347242171212,0.9996650863525165,-11.86557587426317,7.1599883886211035,-4.6090026234734935,,0.09058677303620576,0.2631578947368421,0,4
0.3498219807350435,0.93595048080787269,0.040265112319758524,-0.93439747104779958,0.34550979347124977,0.086743003838528981,0.067275165507693913,-0.067968228540739722,0.99541668260831662,-14.868830043840441,9.8008696593762998,-5.1116185112180803,,0.08195778300241829,0.2666666666666667,0,5
0.90639092866588467,0.42237981154365578,-0.0071259548511754143,-0.41811719467508163,0.89939540511005078,0.12753790332276654,0.060278486620311975,-0.11261971438106742,0.99180809836555128,-9.1380070648888303,11.563840139987679,-4.6334895367546123,,0.07629980088797167,0.1923076923076923,0,4
0.12061474489021398,0.99144589151534968,0.049871108995111588,-0.98953546546886773,0.11607072126464851,0.085715519274025362,0.079193723832006693,-0.059687786543295207,0.99507071218239662,9.3976241288101185,11.54290080153228,-2.9820547832180027,,0.2105107920058265,0.2903225806451613,1,5
0.74279370174352077,-0.6593947337528494,-0.11600043857316515,0.66943277631687925,0.73426663077850785,0.11274871581465629,0.010829341754366281,-0.16140353163480631,0.98682907604760983,-1.4710765600380737,11.638441547260483,-3.9434503880486735,,0.07878468479941432,0.15625,0,5
0.31875261380282666,0.94709556119692517,0.037506921427212854,-0.94539654080617275,0.31484422026775488,0.084252582130828563,0.067986409124092317,-0.062314644547415005,0.99573828551951371,-11.786657153512849,-10.786742331441705,-3.4234624510939486,,0.1050532989743261,0.5517241379310345,0,2
0.71891539205385824,0.68147181725833572,0.13695554516217021,-0.69091251862501757,0.67899059262407702,0.24821697511499527,0.076161346333167512,-0.27307130462687718,0.95897419773114501,-26.291455975961131,6.6929330159827725,-6.1243268997211109,,0.3767262015785255,0.3478260869565217,0,1
0.87842879849123701,-0.47178088206060276,-0.076063429474108726,0.47676852053473789,0.8760417504797896,0.072406002813476339,0.03247497203016983,-0.099868166792164259,0.99447057545872797,-16.004125317618726,-1.5571075578182241,-4.4189462976414386,0.3980252878653391,0.2977256457761135,0.9180327868852459,1,5
0.29857102453866907,-0.9521069065454959,-0.06593771162464987,0.95375706233209012,0.29515022792915968,0.056866589532223295,-0.034681542030174997,-0.079867274034682426,0.99620199215855709,-1.8625500657241147,-3.2419304570080314,-3.0074005312752079,,0.08386095958839876,0.3215339233038348,0,5
0.36741924239115858,-0.91053218697571003,-0.18956327914957233,0.92969952703597281,0.35393086428484627,0.10193984861511046,-0.025727218073411627,-0.21369155291637851,0.97656235359673305,-28.49835455903191,-4.2215873155915471,-5.6129981996135534,0.2113517474914463,0.1787409955187164,0.36,1,5
-0.85175588323763063,0.52393254388911181,0.0025699852075243773,-0.52393878786544956,-0.85174787035379296,-0.0037029606885449367,0.00024887781387894633,-0.0045005334863282677,0.99998984157748905,-8.0077448269075866,13.928559156430763,-4.5831305979710733,0.1648753359685898,0.1675480549992979,0.4117647058823529,1,6
-0.997592174973016,0.030173157085042146,-0.062445440379005554,-0.022134459677587225,-0.99182932411821367,-0.12563700694456112,-0.065726084071606086,-0.12395229893280635,0.99010903917795001,-6.1177310979989699,-9.2405757983657661,-3.0255450619676356,,0.172808385748378,0.3269230769230769,0,4
-0.63402770151942955,0.77198773522218522,0.045208521016635646,-0.77296952609154401,-0.63092892199860762,-0.066684384375129718,-0.022956163438264676,-0.077224556018130108,0.99674940808008494,-21.588498527616419,9.8817756723818277,-5.8888396784915109,,0.3883076377386335,0.3636363636363636,0,3
-0.37394970495170893,-0.9003740864066011,-0.22245926075128614,0.92171366739487426,-0.38742207241888599,0.018656182357253571,-0.10298317097478374,-0.19806726718500017,0.97476347088195947,-8.2857396740127243,-7.7534159849330857,-3.3315301452450816,0.3941244495288296,0.2563568448461273,0.3142857142857143,1,2
0.16910082084627254,0.95592927751631229,0.2400086014630671,-0.98376922185039961,0.14887527109876933,0.10017121240719098,0.060025249095488571,-0.25305210934194655,0.96558873203275064,0.32622537363968379,9.9052856101029345,-3.672535620296963,,0.08560487607862653,0.2,0,1
0.47835849635493954,-0.80634879813340665,-0.34781426755360756,0.87798187882999945,0.43106687245665015,0.20815660430691843,-0.017915619196280614,-0.40494810435320394,0.91416413371426952,14.428231343475732,3.1820143051178729,-2.1038039601561178,,0.13973351631315,0.4285714285714285,0,1
-0.92125541797391219,-0.35397450034160005,-0.16121571871757792,0.38193236163388705,-0.9016752829773953,-0.20275442092441343,-0.073594333956306601,-0.24836210897708821,0.965867556569729,3.5216551031392562,-14.939899405033643,-1.8907215484535125,,0.1871905134957848,0.2941176470588235,1,4
-0.20095743020758222,-0.96498078765645923,-0.16860661522693485,0.9761789789151516,-0.21163896731486614,0.0477864901208317,-0.081796774805221309,-0.15498718323724678,0.9845243829706033,-25.735518405027886,-2.8062150275732942,-5.4411803000659811,0.5575474182408172,0.3331950255504883,0.723404255319149,1,5
-0.99659469949384571,-0.055902969481617035,-0.060612399258814231,0.061382357980011126,-0.99380330558063557,-0.092667124406754411,-0.055056435314922811,-0.09607209699043999,0.9938505627659896,11.260699115557996,3.6335126820223573,-2.3798093659715347,,0.1562419966711119,0.1481481481481481,0,2
-0.59715434914715348,0.80208828359952566,-0.007814640555194298,-0.80212598020803905,-0.59713510309324003,0.0048559786983630856,-0.00077147257419664416,0.0091680950144021629,0.99995767453621487,-37.155067122518666,-6.4081965972770583,-6.5282862330982896,0.2613763775914067,0.1571770898896455,0.5357142857142857,1,4
-0.0038089502749581363,-0.99371544222977914,-0.11187096036003849,0.99866965769552984,-0.009532944985567832,0.050675810385185323,-0.05142379503786175,-0.11152911204692943,0.99242977105179964,-7.4509024880241235,-19.73392559530161,-2.454188630618348,,0.1488337361306331,0.4736842105263158,0,1
-0.98365347662417835,0.17679077439460703,-0.034217831815025412,-0.17442912839339877,-0.98266588365097507,-0.062787262055026716,-0.044724904617957709,-0.05579232202913359,0.99744017349889769,9.3229955196830439,-8.5008700410367215,-1.8240778416511789,,0.1613438812700032,0.35,0,5
-0.82612662931943759,-0.55674284713234767,-0.086903362974467241,0.55938009354466545,-0.82887784735474213,-0.0074448042640832667,-0.067887430907835444,-0.054762362362633557,0.99618892806194026,7.3382122653027171,-10.468486016671898,-1.8673800144917134,,0.1078084136011757,0.2121212121212121,1,5
-0.4896323758803906,0.85898787637184826,0.1496661776618432,-0.87159481240378789,-0.48693218257113074,-0.056740924977670096,0.024137511896016747,-0.15823045794883384,0.98710713840837594,5.7081917975379879,5.1707179237452419,-2.9129193691562452,,0.6356559608314198,0.375,0,4
0.9933974133380169,0.11339101490796154,-0.017437227746393322,-0.10678502922191638,0.96946909483542709,0.22074109652045346,0.04193491036608564,-0.21742159942636813,0.97517655396111136,-11.064456323586439,9.7459171193812821,-4.7014234623289983,,0.1599083937914107,0.1764705882352941,0,4
0.37240105672082841,-0.90806858604430907,-0.19164784369436988,0.92716906575330493,0.35491363271362725,0.11997431735234747,-0.040926476312475084,-0.22236851475311839,0.97410331442980858,1.617144549376923,10.99856936125547,-3.6149025404152084,0.5066261900422346,0.4284260176337837,0.8392857142857143,1,4
-0.99486757788747371,0.091674123076711161,-0.042829401425043788,-0.0900547198158511,-0.99519910421331803,-0.03832610614057505,-0.046137294103578329,-0.034272410640719182,0.99834700979252411,2.2758580513621767,11.857665024318752,-3.6038805683306996,,0.09195461409662377,0.4,0,5
0.94140342871746752,0.3345265653882068,-0.043029773977641093,-0.32960683986694572,0.93952425264286399,0.093024243124009809,0.071546596787847069,-0.073390433609830885,0.99473359687035778,2.5578436566019023,-5.0839181796830593,-2.5352647215538657,,0.1145874133617261,0.65,1,5
-0.010621022101078023,-0.972119092435344,-0.23424701494834915,0.98877295093482653,-0.045128072163846913,0.14244826640717845,-0.14904779565348922,-0.23010416603238254,0.96168436993921125,-12.170637895547443,-20.133872171167678,-2.8112935504827625,,0.2588787029455845,0.3928571428571428,0,2
0.18275823256136656,0.98220295180210981,0.043321933270190884,-0.98128404606075137,0.17951349562492636,0.069688778401977347,0.060671652175343531,-0.055247319932652902,0.99662765577851198,-11.231113976669247,-9.0743673889445979,-3.534335927663629,,0.07512805465510618,0.1290322580645161,0,1
0.99790598022639998,-0.020581576032475072,-0.061319273939011917,0.026281801816643763,0.99525785878405759,0.093653945041541675,0.059100943492120306,-0.09506941283395462,0.99371469005029234,-1.1791337425721999,8.5512313749561741,-3.7311189058077248,,0.07305269585247617,0.2758620689655172,0,5
0.50809466725586139,-0.85705796359808517,-0.085390023651823563,0.8611392028312459,0.50357345933578834,0.069663795473357354,-0.016705761081795577,-0.10892849987808843,0.99390920081312617,-6.5421051286081271,-4.8728744940825939,-3.3067649835577209,0.5244146289143227,0.4130094926541091,0.9917582417582418,1,4
