axis_00,axis_01,axis_02,axis_10,axis_11,axis_12,axis_20,axis_21,axis_22,location_x,location_y,location_z,dbh,dbh_approximation,score,reconstructed,number_clusters
0.86831627844570058,0.49569051259778896,-0.017825720371151065,-0.48770574234650249,0.85977469084595226,0.15142849752604218,0.090387772781809608,-0.12279412323596345,0.98830746927778268,-16.684631714630768,15.309701119299477,-1.2827012672332445,,0.3638707825750905,0.7121212121212122,0,2
-0.76510263500656039,-0.63837705628229502,-0.084218121080735384,0.64380962764619398,-0.75612380970005322,-0.11741357568333824,0.011274806254961923,-0.14405387331491468,0.98950561409568749,-11.697930115538311,11.810874904215947,-1.1799241695470859,,0.213193030612938,0.5245901639344263,0,3
0.75734074857757794,0.65149496904354487,0.044601523011053315,-0.65180372344774307,0.74999853968062424,0.11249042882214665,0.039835871317357718,-0.11426502434202192,0.99265130210386832,-7.9894499574534397,19.209852276411475,-0.71666786122217851,,0.6524548244283503,0.2916666666666667,0,4
-0.35139084512304292,0.93262434921653092,0.08207494874902832,-0.93608494342123361,-0.34844712396072219,-0.048265728043475217,-0.016415013365185548,-0.093789258723710578,0.99545674053887312,14.499507053132623,11.588974568791848,-0.54477547973098339,0.4883240780661305,0.2355837987745888,0.5217391304347826,1,6
-0.99416655229675788,0.097341087399370141,-0.046449747020696298,-0.09022076545574749,-0.98653614302491688,-0.13640620215408306,-0.059102282315977542,-0.13141975197598618,0.98956342344268844,-0.55754193011914599,6.3942338910185761,-1.0166078571722366,,0.1493928720328826,0.2847682119205298,0,4
-0.33043823473587319,0.93996780443320949,0.085270743245570491,-0.94372227047004509,-0.32770034240898194,-0.044729875965615992,-0.014101391544927998,-0.095252360674410758,0.99535327323641665,-1.7781123437296096,18.551813053576897,-0.65691887412983208,,0.3801086198063691,0.7528089887640449,0,5
-0.81502114020440886,0.57868795393209649,-0.029339273913825084,-0.57757285239990619,-0.81541715019555649,-0.038787515228420943,-0.046369614949262977,-0.014667076765413388,0.99881666769663779,1.2369839029050647,11.053723645010592,-0.81149181373195478,0.4830812082386242,0.3649022822342644,0.7549668874172185,1,5
0.72423928398602422,0.68672303801093082,0.062361274814167283,-0.68652820283140459,0.70965626077648891,0.15832567150596027,0.064470817029816704,-0.15747844489252874,0.98541567530953056,-12.642060650521371,-29.966902907178589,-2.4028498890833694,,0.3748825900804237,0.6666666666666666,0,5
-0.90003464744629369,0.43521524891923319,0.022919871386985952,-0.43326776121890065,-0.88784770091871212,-0.15493710679407702,-0.047081636383921974,-0.14937920565302035,0.98765842902993806,-14.406556430176803,26.959075902243701,-0.82535838510151782,,0.4369056984972981,0.6857142857142857,0,5
-0.025309172696878556,0.99916685682411954,0.032016214667116634,-0.99953983130798363,-0.02582831774617949,0.015906716544017145,0.016720388937129984,-0.03159889597143712,0.99936076487281555,-2.7313270120889199,6.6716924061969411,-1.0398440532199518,0.1794683921084392,0.1968273874922437,0.5661375661375662,1,5
-0.97987909880117785,-0.18405917317820633,-0.07719567670242132,0.19061737659081415,-0.97766462953618882,-0.088526198921564755,-0.059177423686955548,-0.10145980939672493,0.99307801284841302,0.052110734994062151,12.950057278548304,-0.72993307586677514,,0.08171278920003337,0.3428571428571429,0,5
0.98741787780493917,0.1565689078443866,-0.02218359050302092,-0.14694937811361689,0.96033114901525451,0.23700203480785129,0.058410742703812538,-0.23076018141667481,0.97125584879028226,-15.401936692699765,-22.241994666669434,-2.4229991938437938,,0.1152518153054725,0.4,0,5
0.5195326163879781,0.85257133354562809,0.056639047708198748,-0.85314844464181816,0.51394171318473281,0.089451924819918649,0.047154977619637772,-0.094794708000876624,0.99437939008243714,-14.0730880550996,-21.740958784831466,-2.3303080804276632,0.4026425091801137,0.2698924246548841,0.3103448275862069,1,5
-0.61718621503929239,0.78680964963838007,-0.0034280025380636382,-0.7867075449772678,-0.61716711651372824,-0.013999606064793347,-0.013130675584733863,-0.0059435284182750552,0.99989612451925658,-16.528550381633426,-26.178944726884037,-2.5125689114695535,,0.1079413423861562,0.3636363636363636,0,2
-0.16188889298864365,-0.95995335404855375,-0.22865157855970217,0.98668066620285477,-0.15372602072512978,-0.053193735472402033,0.015913807476601448,-0.2342175668111792,0.97205395021503249,-3.2295255758025903,-24.26536066232666,-1.9286002644202822,,0.2115500644026025,0.3478260869565217,0,5
-0.99539374255238156,0.092501896495566921,-0.02519318225802326,-0.089874140826999016,-0.99181579652983509,-0.090686628366573291,-0.033375681239059339,-0.088004686799122558,0.9955607661028113,-5.0934267551563286,11.885348634803371,-1.0168192570211672,0.2851542310868432,0.3307859536507191,0.8135593220338984,1,5
-0.38455715152717429,-0.91583030019164757,-0.11563156342531608,0.92289323694268666,-0.38410091214401421,-0.027102813425670641,-0.019592611228632175,-0.11713816859168186,0.9929223429071532,-3.6665985453813952,16.570108692850127,-0.81238469092930532,,0.1072902243385223,0.4827586206896552,0,5
0.99637309671801055,0.067446472653489298,-0.051880877625234668,-0.06130018106184567,0.99180434004095064,0.11210012880331545,0.059016437865626575,-0.10851324528617291,0.9923416426106062,-7.8003059460749,-28.435424476132486,-2.2118077031794137,,0.1036666689765253,0.2631578947368421,0,1
0.79715696079317866,0.6009388749009511,0.058423013374529056,-0.60218431329731592,0.78431670252621777,0.14906831640908699,0.043758801144700037,-0.15401226824892439,0.98709948260101876,-12.951418110191746,-24.070436937493053,-2.2996839714244852,,0.2500240774301143,0.2564102564102564,0,5
0.4074727333368196,-0.90130963295927591,-0.14699291520966909,0.91285384801150737,0.40654071473019227,0.037716036870916972,0.025764777460808706,-0.14955130491400043,0.98841822294052972,-7.2580917141193417,-22.521009845067589,-1.971566861688542,0.5179037377318897,0.2930403956741483,0.3658536585365854,1,5
0.46895302624179619,0.88270992976837315,-0.030103804858804154,-0.88277766218246978,0.46952654030563434,0.01576157036201304,0.028047430012682006,0.019183530356463349,0.99942250016334344,-25.57400386585239,-2.2873145605477001,-2.2047639907978702,0.4106935496483168,0.3556010242007275,0.5922330097087378,1,5
-0.94043860602943552,-0.2956425587148877,-0.16784131126134202,0.33527380469075729,-0.88827358554666991,-0.31394507976435471,-0.056273476679483569,-0.35151886819426548,0.93448797805312966,4.7839383691032058,8.6604900715552375,-0.88584428360242462,0.5555173986166089,0.6647329951001526,0.1571428571428571,1,1
0.44965018958103242,-0.86849984802893643,-0.20862099842407109,0.89286200526258608,0.44351537369437427,0.078048400721692668,0.024741595910853734,-0.22136424117380429,0.97487728774514493,-16.754063778928131,9.8774795575012249,-1.5121163900322003,,0.1838122053169704,0.1333333333333333,0,1
-0.95002591649332768,-0.28475639902907696,-0.12792400557755737,0.30814810724989311,-0.92100367118980908,-0.23832117332122049,-0.04995499964290067,-0.26583083129480656,0.96272450220392269,1.1645993459646278,18.476555180427301,-0.52986013067378313,,0.4476348457933794,0.55,0,4
0.34910512412163197,0.93475159862398627,0.066068609656352806,-0.93685271177003504,0.34658567404597718,0.046747908993112895,0.02079924905261327,-0.07821649069089745,0.99671940475885645,-5.4798324943748353,-25.935621311121093,-2.0477601081530996,,0.1025980422387385,0.3684210526315789,0,5
-0.98093915487725669,0.19291042452173202,-0.023322575748363886,-0.19110454416072245,-0.9794855155057195,-0.063931041878083253,-0.035177089558625051,-0.058255411983264498,0.99768175253677172,-8.6556064543521405,-22.275668804320382,-2.0422271370064062,,0.3947791649127554,0.1739130434782609,0,5
-0.66768411876723155,-0.70641276811414344,-0.23490193398807691,0.74136939307350946,-0.65960797251834946,-0.1236476672001882,-0.067596897560773209,-0.25670668794471568,0.9641225730189148,4.1339030696224448,12.128316902903812,-0.73873710495510758,,0.2592567921043919,0.2592592592592592,0,2
-0.96835926441572817,-0.23727210322882536,-0.077345226417675189,0.24051716907313456,-0.9699909967478697,-0.035622431263483953,-0.066571964078559226,-0.053098166234306972,0.99636778266927051,-26.319426650465076,-7.0687306148475049,-2.344403623413156,0.2810854362128742,0.352712944308998,0.7777777777777778,1,5
0.24991430630289349,-0.93406735026637955,-0.25507062683007725,0.96804594255591903,0.24667260840218511,0.045162787392772755,0.020733851696344407,-0.25820691205002105,0.96586712231208416,14.410681106116982,-27.393405510234505,-1.7420766812068413,,0.5024496882274688,0.6216216216216216,0,5
-0.88859747979002135,-0.41825740120033944,-0.18829568569662317,0.45556218995527709,-0.85259360078262469,-0.25602195801858668,-0.053456617868840817,-0.31328086160130675,0.94815478259636898,-19.71617219086642,26.961006585710084,-1.2404712156807849,,0.494281799856898,0.2,0,1
0.85140700455624252,-0.51352308613538566,-0.10677149712613185,0.52147023404771875,0.85062418071573243,0.067136414738249287,0.056346318378257106,-0.11283857136492768,0.992014389622216,13.122823125413849,-26.703317345295211,-1.7466565509334635,0.1738582289235116,0.1831196497177422,0.5,1,5
-0.98452405009651101,-0.15586354758996962,-0.080118345678331912,0.16496415440517101,-0.97854046490018098,-0.12347220867193176,-0.05915422675473201,-0.13477801410321896,0.98910852001761818,-13.175014326950114,21.112804633420666,-0.94695556390769109,,0.1840765871668974,0.1428571428571428,0,2
0.12039448335115133,0.990753923836446,0.062544630315451308,-0.99264794919001376,0.11935515734770484,0.020109584365804969,0.012458625424586577,-0.064505882035607795,0.99783955315237882,8.3921806420669132,9.2760761997275569,-0.76091550842478972,,0.09365069424739798,0.2666666666666667,0,3
-0.30157561051644083,0.92530279864972631,0.22992799297305888,-0.95327861929670776,-0.28815696791818585,-0.09069418852362636,-0.017664233167546766,-0.24653659495332675,0.96897248785268442,1.691507942461419,15.061159575796925,-0.61941409457016094,,0.3202107188228022,0.2,0,3
0.91202877922191838,-0.39352282661512189,-0.11551316290286075,0.40711815970245724,0.90273797581359327,0.13899262953286901,0.049581346406311254,-0.1737927845361297,0.98353330301099429,-14.951687346152504,-23.284121632836566,-2.3990582714958664,0.5655272418546482,0.1737620008494208,0.391304347826087,1,4
0.54280120022759692,0.83386599890739421,0.10017161722590252,-0.83985179512751684,0.53835562164758854,0.06944196758103019,0.0039773423999556069,-0.12182249589714986,0.99254393365776072,16.287355304847186,8.598880238446613,-0.53463008084311581,,0.5596431045568346,0.2068965517241379,0,5
0.4217999061402386,0.90655907077789954,-0.015345695500596548,-0.9062929873484078,0.42205545077576634,0.022410210921885412,0.026792914421253082,0.0044550713547404433,0.99963107798629358,1.2363856813975522,17.174683979435205,-0.55857824039391535,,0.4298524760792488,0.6666666666666666,0,1
-0.19215817540112229,-0.96728313927580067,-0.16564589973574409,0.9812355194651543,-0.18664539925276596,-0.048377166904703041,0.015877372782088919,-0.17183370859795899,0.98499801300460055,10.00484959355739,-34.43406412972486,-1.9988354046993229,,0.2387806875944868,0.5454545454545454,0,5
-0.011245027035750402,0.99956261279868963,0.027352010200769609,-0.99960187477261631,-0.010529165358893868,-0.026176872004063538,-0.025877428736976554,-0.027635480308886105,0.99928306245530896,1.7714531905963653,13.003905872871357,-0.70674018104190584,0.175713949449676,0.1465263339374765,0.1944444444444444,1,5
0.98854421653506963,0.14982539266411116,-0.018239618091112842,-0.13878312294762146,0.94981570449469277,0.28033796082613444,0.059326020766356326,-0.2745951186898537,0.95972805734319033,9.5433816850852136,4.712216799103877,-0.92174249253223539,,0.2422160719338154,0.1891891891891892,0,2
-0.98779679482886207,0.14808720724947649,-0.048245944646976666,-0.14389897298132062,-0.98626722512915199,-0.081055821573562656,-0.059586724198849035,-0.073124138867371666,0.99554120086220288,7.922906466586495,10.611922530916715,-0.7215091920955693,0.4653961185683408,0.4038435014053688,0.7123287671232876,1,5
0.76612315192875713,-0.634849007613984,-0.10011020732316515,0.6426930891338587,0.75700204560055262,0.11787067547171219,0.00095355037912497474,-0.15464359181071577,0.98796986302900747,-24.354674445474103,-26.32125337704484,-2.7651575971594951,,0.3177023542206385,0.4814814814814815,0,4
-0.59070497799828203,0.80265145779721991,0.082572793727997626,-0.80398004075804463,-0.57680664125219827,-0.14460357073755223,-0.068437731046122802,-0.15180492713794,0.98603830608445575,28.699868860476453,6.4692089692462407,-0.54630698768514896,,0.3088299458778516,0.3043478260869565,0,3
0.58889427406566697,-0.80250127816531869,-0.09589177501591363,0.80754503359172647,0.58906568845811358,0.029540369034724824,0.032780370559377783,-0.094833080854732341,0.99495333261494778,-7.0469429821004574,-26.246540846959476,-2.0946872142149306,,0.2006973940390466,0.8571428571428571,0,5
0.67236446399738747,0.74006952182368468,0.014937550708500972,-0.73907408981884837,0.67006410450440368,0.069163470222024584,0.041176659795899524,-0.057543016278039059,0.99749350071350262,-9.0358188489770157,11.722912373238326,-1.1742293691125634,,0.1168193474507367,0.25,0,5
0.99604299841864208,-0.063289508958163321,-0.062392173844444329,0.06669840030026418,0.99630232015710263,0.054157273260017125,0.058733880329725596,-0.058104431030765617,0.99658125930402897,-16.521336908233224,16.983429754506833,-1.2316512727249038,,0.07319134773027203,0.1428571428571428,0,1
-0.94236838395006206,0.33422620318926427,-0.015319074157292771,-0.3300221135928792,-0.93609345457218152,-0.12171462051375641,-0.055020300535682541,-0.10964437700496794,0.99244691400606166,-3.8150524014888489,13.356166807913883,-0.91257559578962766,,0.1021323093360988,0.1515151515151515,0,1
0.8241773776829221,-0.54858181115272797,-0.14067567873692549,0.56443486792613851,0.8159855158045366,0.12482354692287327,0.046313388829846071,-0.18227900172427136,0.9821555047677013,1.0024547723235655,13.706902484798585,-0.68454902228140024,,0.07853835916019966,0.1111111111111111,0,4
-0.47541563251573005,0.87868058922694237,0.043593560022806579,-0.87930230323097658,-0.47298340623661356,-0.055804632043502431,-0.028415416456010083,-0.064862312174360962,0.99748957115702597,2.2981036330195406,11.232769907534518,-0.78279798845299142,0.121590193165498,0.08578743803612152,0.3225806451612903,1,5
-0.98458216136559906,0.16941108423620677,-0.043564343889900714,-0.16086922745096816,-0.97475486923709953,-0.1548355145239407,-0.068695408725571921,-0.14544012320015956,0.98697928619781483,10.13987828957703,9.0850853013456447,-0.75127518240878421,0.4214674175189551,0.1280468658713541,0.1785714285714286,1,5
0.98464296122764638,0.1734722976305898,-0.019636722221792444,-0.16812970032013314,0.97253694830120552,0.16094809119477349,0.047017473083035485,-0.15517488889553938,0.98676750609307329,-6.9526226933848658,16.781806539695463,-0.81549720187125407,,0.2372881790162701,0.4166666666666667,0,5
-0.903505658357032,0.4283490248709082,-0.013951279832634183,-0.41966081296187763,-0.8908470301290502,-0.17400106601520429,-0.086961643159512714,-0.15135614226847055,0.984646632460907,-5.3458149533108399,15.151409269289813,-0.92199572376660655,,0.3415074156776165,0.1428571428571428,0,3
-0.73261213163912042,-0.66352642414960772,-0.15169755776023253,0.67806231491345603,-0.73087585213215944,-0.077794510502317574,-0.059253368422305518,-0.15985359935054577,0.98536077915923037,-5.6940718750477499,11.031379404315203,-1.0668636711581863,0.3059089847541391,0.2896408761085133,0.8555555555555555,1,4
0.97134262220691947,0.23626628988398579,-0.025918150949526236,-0.23066397744936784,0.96333971978473198,0.13700625457369545,0.057337943732082834,-0.12710163079021128,0.99023105165362579,-23.453225217755008,-24.04290813660824,-2.6532206343794518,,0.1633848622960637,0.5238095238095238,0,4
-0.4013633105699253,0.91589320744887814,0.0068647998773415193,-0.9156356155034745,-0.40104148185882438,-0.02787740034601292,-0.02277965210277292,-0.017474620953956736,0.99958777757263129,-17.94477680211401,-29.855128411354094,-2.6357388774792385,0.3782442704925763,0.3649645921069388,0.7575757575757576,1,5
-0.80727427709183286,-0.58209104649732335,-0.097356330731548701,0.58986844599979316,-0.79047033073497586,-0.16496021532941887,0.01906457341901422,-0.19059556609583003,0.98148350583438859,-8.5638286117265512,-20.168014225234089,-2.0160748714360128,0.7837462043872423,0.5166126676578295,0.6521739130434783,1,2
0.43309034163432375,0.90038498162756597,0.041709001937136482,-0.90028089331746586,0.42985934323493491,0.068667737410924204,0.043898395307459412,-0.067289151377898385,0.9967673254056193,13.061457810085228,9.8804105602901728,-0.61161753533965013,,0.1553265384361711,0.3333333333333333,0,5
-0.7703524368680077,-0.60904858876380641,-0.18872450698396237,0.63175930922816359,-0.76910642484500424,-0.096723743029780901,-0.086239771654830127,-0.19373983531260025,0.97725512431399963,-6.101099069724329,-21.93101266504285,-1.9086072356052122,,0.2217519241582335,0.125,0,4
-0.90854444310175375,0.41778325379394321,-0.0020366045934844868,-0.41501313537113521,-0.90305980100244487,-0.11066658611724102,-0.048073822173241347,-0.099700294196007705,0.99385550205192552,9.2681548882416607,-29.923876651790938,-1.8816635377272855,,0.1659251566477904,0.25,0,4
-0.98826255742431757,-0.14392320708137402,-0.051217458513276012,0.14772927061918339,-0.98574522732325665,-0.080513411378136598,-0.038899616906485295,-0.087134707624647978,0.99543676973060191,-8.1402122625569522,13.843246627813128,-1.0159917327890335,0.4383705474965354,0.7055593375095537,0.3382352941176471,1,4
-0.99300481624241421,-0.099011956257584799,-0.064327812316417127,0.10190770398617155,-0.99384647421609706,-0.043405132835876895,-0.059634342351005454,-0.049657005611286935,0.99698441663151605,6.1413794747908987,9.766936142664628,-0.78816534959887408,0.2310927584808921,0.1347082127247829,0.3714285714285714,1,5
-0.98864702511821267,0.14438514978980008,-0.041593127378033147,-0.13854870510983164,-0.98311600003093769,-0.11952902072533847,-0.058149084578325329,-0.11240933681570424,0.99195908431716884,-15.901627223786923,7.9764475316420116,-1.5556203996121012,,0.09507646760375252,0.2916666666666667,0,1
0.16511846042658596,-0.97348818320390529,-0.15829292842294837,0.98627314613130601,0.16280143576671807,0.027585752346999417,-0.0010840879156190195,-0.16067498148328455,0.98700677559920347,15.811171484436297,5.6165384450321101,-0.66339347349646305,0.1325609735000415,0.1362091541246649,0.1785714285714286,1,5
0.99711942063979186,-0.043004994016339414,-0.062477447712124427,0.046648519043502638,0.99722150163947976,0.058079190240137697,0.059806158997335788,-0.0608263689328628,0.99635504524663765,-23.371681422786541,-21.208571418574525,-2.6007418369973778,,0.09854335093671103,0.3684210526315789,0,3
0.70334875536743025,-0.65819523196572705,-0.26847637687638387,0.7097122601014284,0.67152927387744676,0.2129716933945737,0.040112793281070577,-0.34033435169434861,0.93944850464087604,-16.800742127310663,-21.911555462087744,-2.4828348926499451,,0.5148914570322769,0.5833333333333334,0,1
0.88775185302123805,-0.445869103038605,-0.11444383082066063,0.45742897651566378,0.88230458555821312,0.11089341615615628,0.051530368727485058,-0.15079576008130965,0.98722097822134502,-20.188076748750461,-23.345609588975485,-2.60741777910386,,0.110350274433675,0.25,0,1
0.10592584075390331,-0.94346133437510882,-0.31410257369165273,0.99436293989518421,0.099009215959277183,0.037940992582399281,-0.0046968099373049226,-0.31635089014300333,0.94863062056953651,22.435888814691918,7.6458593000625914,-0.60381511037018243,,0.3984421220973656,0.25,0,2
0.13476271390021657,0.97719774686608285,0.16408404694576612,-0.99056540228195655,0.12870172479014871,0.047074938534502189,0.024883624017307024,-0.16887992644447963,0.98532247294978159,6.4627003837179924,-26.466495150530204,-1.8169970972495479,,0.6838765163772563,0.7777777777777778,0,3
0.34760085096649052,-0.9004813138822616,-0.26135617795691762,0.93713025411432216,0.34285537985595727,0.065092820859554645,0.030992502819205646,-0.26755110138570459,0.96304510430005197,3.9589925010769766,-32.312153218017514,-2.0721857821969629,,0.4964213737917598,0.1052631578947368,0,4
0.93382366084527768,-0.3530113224528601,-0.05793424432584833,0.35747234432419484,0.91463451354418757,0.18883122008066389,-0.013670899344539857,-0.19704495135341749,0.98029913478348074,-2.1473519655023057,14.498032801445831,-0.78552821841988918,,0.4492516171116766,0.7307692307692307,0,4
-0.3606777291894806,-0.92903486903509602,-0.082497198641296829,0.93245660967746602,-0.36115472902538731,-0.0095881578733770512,-0.020886520426470424,-0.080383293161831959,0.99654517180353319,12.14385544523615,-28.488363309381295,-1.8135232511533124,0.4352307344521186,0.4618419457985636,0.9661016949152542,1,5
-0.49068040482524294,0.87133752624438732,-0.0019119829621874859,-0.87091222997110873,-0.49050726358361535,-0.030240900424169492,-0.027287872897799749,-0.013173447917145892,0.99954081070393908,9.8266887008332979,-27.668689694964236,-1.8198999719430657,0.1987879158408317,0.1617573752660316,0.48,1,5
0.97494770342995318,-0.18193715872087288,-0.1279681439000975,0.21495849188842073,0.91854218164756873,0.33177267412971301,0.057182360406999477,-0.35096884592610311,0.93463952775793913,-11.968371020156518,-30.690842849165627,-2.422705003884972,,0.4169988500217175,0.12,0,1
-0.65004570567483599,-0.73282272876078125,-0.20102594047860697,0.75963460910289793,-0.63359832810159744,-0.14665748968241984,-0.019895758010019558,-0.24804033308811743,0.96854537940911334,7.7990307895041511,5.5846787895262988,-0.93304472694788432,0.5804241638283727,0.5913116282644332,0.4583333333333333,1,2
-0.47787230123873203,-0.86822301674430002,-0.13351725320805635,0.87791522177328019,-0.47724293628655057,-0.03878199509260187,-0.030048745191266241,-0.13574967020224091,0.9902873825069225,6.5151245193739671,8.8109390985236669,-0.82589286528188999,,0.4439727640730635,0.3043478260869565,0,1
0.59046314500848252,0.80546123486290322,0.050847551758345676,-0.80637621365085044,0.58618581306992734,0.078381085815808479,0.033326812701015208,-0.087283398700292489,0.99562589955591041,-0.86135929943948841,-23.193649238230901,-1.8818965242725327,0.2740789947773887,0.1928152990073276,0.3478260869565217,1,9
0.85067320290713988,0.52554543994089953,0.01253365122520886,-0.52317740755683417,0.84402828727784074,0.11790526068392986,0.051385815920531472,-0.10685616890082621,0.9929457473044635,-10.564029312195364,14.381499744193668,-1.0166912950362703,,0.1396572586984378,0.2857142857142857,0,4
-0.60388487655222223,0.79507078971914347,0.056440191414331771,-0.79615561674972524,-0.59828321436095555,-0.090517563664680264,-0.038200651687816133,-0.09959736316440311,0.99429425999616716,26.000400632527786,6.1881428775832505,-0.60204407049221254,0.7357802548794097,0.5281561850641903,0.6111111111111112,1,4
-0.99306631553313585,0.10674374381699955,-0.049244960243394101,-0.10197423774635106,-0.99062605115529845,-0.090891592617311154,-0.058485449382674484,-0.085239661709742467,0.99464247460186184,-11.591022956429381,26.281735699095268,-0.73862760887043954,,0.1107836188044827,0.5625,0,1
-0.3546417099688749,0.93168150924100024,0.078732603721485925,-0.93364647834657177,-0.35740278993457936,0.023822242086411715,0.050333994689445216,-0.06506005752680398,0.99661109661352454,-28.97758397595954,-27.171733832903616,-2.9828894238955113,,0.2475554555557291,0.2857142857142857,0,2
0.64938172960669693,0.76036324883461193,-0.012292236358284409,-0.75745425426228941,0.64816466603087108,0.078393994725664815,0.067575305792669876,-0.041596821161750383,0.9968466695115471,-3.3373395156735257,-26.549222274184125,-2.0567370727978056,0.352477519163735,0.3731975797019673,0.9322033898305084,1,5
-0.96829456510807288,0.249786811000443,-0.003490591983837707,-0.24360948944531263,-0.94725803822774768,-0.20822253880191288,-0.055317735260609409,-0.20077041132385243,0.97807524766885345,11.418591291494963,6.2584329400924785,-0.77126590103181147,0.7011274063218692,0.2561024648730741,0.1612903225806452,1,3
0.96811461043152225,-0.24393847818040812,-0.056992279582850601,0.24934304836015747,0.96025671808646562,0.12543954561570766,0.024127687487356761,-0.13565048556064013,0.9904629223063709,-12.517280108284766,15.641555619691307,-1.0185930401495,,0.198180701043319,0.3076923076923077,0,4
-0.83197522142313485,0.54678758720427523,0.094024280998330281,-0.55272922467605246,-0.80218831406489521,-0.22579706146611156,-0.048037850981656013,-0.23982752814689173,0.96962627935510071,-26.310506356521643,8.3252231171611246,-2.074030282492386,,0.2672437367344691,0.2666666666666667,0,1
0.99341372950632378,-0.099140540401261676,-0.057448370536370745,0.10282542461010451,0.99256079593580493,0.065192011972594277,0.05055782908798661,-0.070669792841276655,0.99621769021518725,-24.200042360920698,-22.954184345146722,-2.6787000379595813,0.2643529658750042,0.2308442038512908,0.8333333333333334,1,4
-0.37589000212480689,0.92661609906559861,0.0094504632197023892,-0.92638645596104452,-0.37550804499808965,-0.028316821037148377,-0.022690097279424299,-0.019398791049111762,0.99955432388204113,-4.9781740663334206,-31.807087521225419,-2.3455946374411178,,0.1948514861707301,0.2631578947368421,0,5
0.49431523048427223,0.86771359610934251,0.052206973080950153,-0.86812707881901907,0.48967120590137986,0.081101696235321985,0.044808793025908969,-0.085412090701976959,0.99533760444860109,4.7559668548158749,12.258211846496351,-0.71070917205844364,,0.1355757364447221,0.25,0,5
-0.83104714529087798,-0.53005165470910676,-0.16854045699480749,0.55430788212952309,-0.81426400581609404,-0.17238590615653362,-0.045862992847867601,-0.23668411896970237,0.97050358768763478,-18.676574995919587,-27.931047002309985,-2.6484972566681448,,0.3008424942278667,0.375,0,4
0.97151127599455489,-0.20166625282081904,-0.12448519224647556,0.22977778932573684,0.93015156128399812,0.28639176065927352,0.058034542713885313,-0.30683675711060238,0.94999115592611694,10.433016077665535,-26.495812305708967,-1.7762153452759033,,0.265339303284543,0.4583333333333333,0,3
-0.97708578868147256,-0.1882360256467939,-0.099350693029316831,0.2047424412229143,-0.95878417028289875,-0.19701128794314288,-0.058171249933171146,-0.21283823308708891,0.97535429061320034,1.6724935907952094,16.327289130605589,-0.56330281765763679,,0.4431286537941782,0.25,0,1
-0.97378757683794182,-0.21912402733264169,-0.061011604155377069,0.22317304399002111,-0.9722521376943859,-0.070139669124714588,-0.043949375789842614,-0.081917283855240566,0.99566962943210369,19.190538262357414,6.0866234338693994,-0.6070798148865677,,0.07954829848332796,0.25,0,4
-0.65305031916549894,0.75719692128891081,0.013345524659420406,-0.75238566723693734,-0.64669205651532702,-0.12532035659223781,-0.086261743399194346,-0.091881480346000119,0.9920265647628389,-15.312142966405396,-28.050731004043001,-2.4482049211222332,,0.6141189403249654,0.28,0,2
0.98628428493726961,0.16275929570863323,-0.027435760354118696,-0.15526342794598005,0.97126622876092616,0.18037511139564691,0.056005153586455129,-0.17364136756245099,0.98321518409898423,13.877366086404209,-24.541386490441432,-1.6812279854883938,,0.09149934326320758,0.4,0,3
-0.14881270480008116,-0.95605780546635022,-0.25260295227282969,0.98854825705432392,-0.1502984472568388,-0.013517404597071367,-0.025042411324422826,-0.25172176973604965,0.96747559570048525,-9.9699716550094752,-22.395100188646293,-2.1270851267600248,,0.3642958324354187,0.5522388059701493,0,3
0.82631216976302457,0.56220530553692016,0.033665895616521523,-0.5599179129695131,0.81355394779566292,0.15691368570637268,0.060828684330577629,-0.14850982611339822,0.98703834915892741,13.766462846431994,6.2828429810004502,-0.67222431333860511,0.7001433894093684,0.3709482458703628,0.5892857142857143,1,4
0.091394749894726554,0.99454992643436624,0.050174131991268286,-0.99565794017674936,0.092158391578502613,-0.01311857555744364,-0.017671045658742043,-0.048757303976534841,0.99865432430559598,14.352980834504544,8.0359432455600306,-0.62487400271832261,,0.2772728910033038,0.2173913043478261,0,4
0.77210310470127763,0.63507558624299421,-0.023147256182193376,-0.63352935719997072,0.77206565543125116,0.050548761303357774,0.04997348573432734,-0.024364389211078356,0.99845331751761501,16.310208057162811,16.955062837775262,-0.37436072867583087,,0.1861862496451775,0.3225806451612903,0,4
-0.99551173840547225,-0.058005150284042441,-0.074778213655053827,0.074002473563802504,-0.96964942590634606,-0.23303138146166746,-0.058991631638342923,-0.23751924844108968,0.9695899102283535,-13.41925526255951,8.2796257775186479,-1.4188064498599322,,0.08288297708220328,0.4285714285714285,0,1
0.38864370605939158,0.92136048865531339,0.0071358030567338238,-0.92095842466577849,0.38821431285739283,0.033544408323760884,0.028136271564478045,-0.019608601110370775,0.99941175347548605,-2.3423962421114823,-22.818195361527511,-1.8413866157342995,0.4056676062666347,0.1703480537937121,0.1304347826086956,1,3
0.99818778391764063,0.003012274986823917,-0.060100534415208864,0.011971620819047939,0.96884171796372276,0.24739119998105763,0.058973115337032075,-0.24766237447885872,0.96704990560722304,16.93921939152299,4.6405579491469293,-0.73866268437044313,,0.2758536058556951,0.1785714285714286,0,1
-0.99171071249289167,0.10918842184692526,-0.067732940740973052,-0.099460569832706638,-0.98606782071065369,-0.13333359669451866,-0.081347758269023976,-0.12549159929461887,0.9887539636993038,12.881854578992062,-31.632610189736997,-1.8916739659841275,,0.2821263291389837,0.3125,0,2
-0.97536073533902068,-0.19809594768860903,-0.097105259735388111,0.21283200502565741,-0.96078500282613155,-0.17774902526075764,-0.058085915639540783,-0.19403652711214661,0.97927312459322291,-36.318061285980527,9.6506897842174943,-2.844036773665569,,0.2898704264826625,0.25,0,1
-0.65451292133054073,-0.70578047640957342,-0.27108440554638491,0.75521060952030361,-0.62721406978930505,-0.19041913224859622,-0.035633847383250622,-0.32935760166938982,0.94353261689421986,-3.0630997461404914,14.730188766071301,-0.84288116630147369,,0.3709452705388563,0.2666666666666667,0,3
-0.31846051518875634,-0.90986502277676606,-0.2659483795648081,0.94641570954900645,-0.32106387211793908,-0.034861077715513077,-0.05366754125692072,-0.26279960111855383,0.96335671724827154,-13.478195379262527,-27.836750681049722,-2.3375497641599079,,0.2766815419827524,0.4,0,2
0.89268968794973536,-0.43773003247917841,-0.10722658109807741,0.44768013336071077,0.88866814916295445,0.099254314049448358,0.051842253252936225,-0.13660651276226729,0.9892679320834129,0.83651823634666256,-31.392836357706955,-2.1206632218192407,,0.2691749774775493,0.5,0,1
-0.66327148236781941,0.74669372330656614,0.05019386667885388,-0.74724801103766936,-0.65709222939389533,-0.099248234595931878,-0.041126034064131817,-0.10333579072489624,0.99379593663760668,-6.7568778937605742,-23.680790806071712,-2.00591227220003,,0.09790565051762601,0.1904761904761905,0,3
-0.58779758871356369,0.80816131704363703,0.037003788141424868,-0.80833141458189184,-0.58482099785721708,-0.067710594926699896,-0.033080491268404816,-0.069711448841521612,0.99701855298577957,-39.463588637699885,11.363217807244522,-3.024593129189129,,0.1251853452415611,0.2857142857142857,0,1
0.86628044125763504,0.48838599920600778,0.10505861637213183,-0.49682091531259021,0.82028243470221396,0.28338261313455437,0.052222363049150587,-0.29768413309842023,0.95323500864110378,-34.708248901051611,7.4808982510143789,-2.7156711637154332,,0.4141792616933885,0.2777777777777778,0,1
0.92390323226203586,0.38136261632479168,0.031070440706137577,-0.37859648491918713,0.89939975939245409,0.21850577660929843,0.055385187754484838,-0.21364135291349068,0.9753408908185357,2.5958297486512696,-24.169287184154779,-1.9075420447358846,,0.3634471767503549,0.303030303030303,0,1
0.51936239720352539,0.83615471690658139,0.1763745723336638,-0.85393769403787756,0.4999756544110967,0.14427321198846454,0.032451734503416985,-0.22554297681610708,0.97369258523244884,6.6240096017626131,-37.588410317223385,-2.1739099381799685,,0.4628384302593319,0.35,0,1
-0.89951916738293558,-0.40722512911977488,-0.15821808279742527,0.43342651667945653,-0.87728244811154665,-0.20619641334059208,-0.054833585965383493,-0.25405353854806684,0.96563454650368774,-9.1213015784270013,-18.806779825380374,-2.0224471548964233,,0.4908565295528525,0.4390243902439024,0,2
0.42108575642966334,-0.87612644908594506,-0.23471095190491537,0.90697868536135606,0.40422957156212047,0.11827137343791475,-0.0087435709092165449,-0.26268022134671209,0.96484332991475752,20.776992566868543,-30.190582797135281,-1.5043703674407083,,0.5494521489959865,0.9166666666666666,0,2
0.78666166744814836,-0.57249577486696346,-0.23111038212762003,0.61572530845503171,0.75492947363291196,0.22575170955784832,0.045230139239843217,-0.31989072759273601,0.94637421610298278,0.03717978974208435,16.948862305644987,-0.61391587083495103,,0.7204613137946354,0.1525423728813559,0,1
-0.42577038891639674,-0.86506335648049359,-0.26530164944206969,0.90170973993681558,-0.42998707709036915,-0.04506282767827291,-0.075094079826980395,-0.25841149898946758,0.96311181924268552,10.274566339837675,19.199763432471823,-0.30862548963155551,,0.2363389261380917,0.2666666666666667,0,2
-0.94277388650883187,0.3323895570524602,-0.026354909969560428,-0.3289444944142636,-0.94009871609412277,-0.089498176477112418,-0.054524476261390203,-0.075707241137510026,0.99563823506722049,-11.529634180127541,9.3867686951930569,-1.3209104408554762,,0.0924644709555198,0.3043478260869565,0,3
0.24562443326297356,0.95624523461658506,0.15894555375132599,-0.96922447181011595,0.23947231585348788,0.057069546906993243,0.016509422420094857,-0.16807159549680015,0.98563653430588472,5.7464997528341639,-33.125812983427053,-2.0482389697363046,,0.529921770708378,0.1875,0,1
0.4880731061914243,-0.86680803448275268,-0.1021199019231933,0.87138095013296679,0.49060688755195592,0.00034875772644730899,0.049798421240276371,-0.089155556432172892,0.99477203619685972,-10.992588835259538,11.414588021312859,-1.1857094939701667,0.459641134465408,0.2973774399724474,0.5555555555555556,1,3
0.87252121224700974,-0.47211694419746825,-0.12574706827856344,0.48524086073142531,0.86739399184722277,0.11031305445850853,0.056991589341188476,-0.1572680956487516,0.98591008963058124,6.8655575514793608,21.811243967249528,-0.1561689459380152,,0.217554180413039,0.1538461538461539,0,2
-0.9894516153644406,0.1445097021625889,-0.010121602322791868,-0.13807083025460168,-0.96189452133443687,-0.23599867724121021,-0.043840012380311592,-0.23211177438397165,0.97170066250199694,7.8253594764237864,15.997467940340393,-0.48929180487882706,,0.5297498771166064,0.5,0,3
0.97978201181582103,-0.18174704561988994,-0.083637436178919652,0.1914219546995371,0.97316203896065601,0.12772345589180456,0.058179417160621416,-0.14115118608916816,0.98827703508908382,-6.4531459682614196,14.312625325153288,-0.98729979415128499,,0.07555103094504709,0.4166666666666667,0,2
-0.5781849167478168,0.78721207427661932,0.21447459560148918,-0.81525828759853936,-0.54693851525668569,-0.19029499476000311,-0.032498100670923881,-0.28487788724629787,0.95801276756151199,24.800390303971184,5.1620846894625689,-0.6418125199241772,,0.2960456353737556,0.125,0,1
0.97943538978480038,0.1962529399741241,-0.046809195556096701,-0.19353350753067292,0.97944086176591194,0.056924333690639269,0.057018406676888442,-0.046694559155870737,0.99728056205125548,-7.6925969953160562,-21.656112714354659,-1.9749387174186259,,0.3781526729990801,0.5135135135135135,0,3
0.13400056112720457,0.98955983637924216,0.05305826837243878,-0.99093123741935973,0.13326366781733193,0.017206904033210173,0.0099565216883492399,-0.054882830329341402,0.9984431594291735,-24.905811287705209,-21.508348847734773,-2.6825418017592435,,0.3303764210748706,0.25,0,1
-0.56659433596841768,-0.80735335938059116,-0.16477685379136991,0.82282769111242782,-0.56501130683484413,-0.060965677945656105,-0.043879940600455254,-0.17012576596640636,0.98444490682172991,-1.4999757138660652,11.662559086816064,-0.81816440109276223,,0.2839498331688952,0.4556962025316456,0,2
-0.54631430349759857,-0.82241228236762709,-0.15867803756287033,0.83691529825637256,-0.54354256812888502,-0.064298212854659378,-0.033368628056614273,-0.16792711050549908,0.98523450011603464,19.103716613076941,-32.691754465650803,-1.589354238469147,,0.1492125979196688,0.4285714285714285,0,3
-0.90480089332451352,-0.40881900042537317,-0.11917368975726773,0.42235275319451088,-0.8972592775552114,-0.12862325104784636,-0.054346069850352528,-0.16671176842772498,0.9845068262635468,11.314917541498746,17.999641516672117,-0.39935426882299052,,0.4210367490952818,0.125,0,1
-0.76220924690497549,-0.61988510797634522,-0.1864926723539202,0.64245380178489686,-0.75969130205005608,-0.10060933436627441,-0.079310632986277829,-0.19649829133772995,0.97729127950507688,0.92014572155232277,19.642381079937731,-0.50848503020824065,,0.6473978952778385,0.5555555555555556,0,2
0.65922135406463667,0.73400250783715582,0.16330194375436222,-0.75085714435264928,0.63085502584456232,0.19553896067342075,0.040506235566536403,-0.25151988958216154,0.96700413133802343,-16.953755136727075,-27.854599414999115,-2.5430123095216777,,0.5582297310790864,0.5,0,1
-0.29396605879323329,-0.89703183796347996,-0.33002702610155232,0.95559732590447855,-0.28320672377307016,-0.081410701593427642,-0.020437881538541286,-0.33930492670986279,0.94045439002039399,-9.5974683550226789,13.62864255902168,-1.0441626975701201,,0.266649235570949,0.25,0,2
-0.93281686736039482,-0.34694167090319078,-0.097386698059037158,0.35182667664991651,-0.93529506042118427,-0.037962343831867106,-0.07791457864491734,-0.069675152978920379,0.99452234338497869,7.4222696246853381,19.200854047447088,-0.31540287077440721,,0.1837190617702224,0.3888888888888889,0,3
0.37289313606343649,0.91121482389754049,0.17503786386422118,-0.92756525266604084,0.36120767123756559,0.095664624003432869,0.023946004329719148,-0.19803172207630998,0.97990306965951079,9.0055961160865756,16.594105975028121,-0.46571318102655657,,0.270028818198325,0.2,0,1
-0.68883134621599196,-0.70883009130828656,-0.15189232411860229,0.72369226471388037,-0.68459620079505112,-0.087163913692979614,-0.042200503119743236,-0.16996453604463568,0.98454617668424904,-9.2599606787023934,8.9870938894502039,-1.2958552614995917,,0.0888276096856573,0.2156862745098039,0,1
0.95189338156037395,0.30450952350405469,-0.034248215090578987,-0.30110400698623035,0.95023637987026954,0.079919955880126486,0.056880287608212454,-0.065763002260989814,0.9962127586089371,-3.1460933637945963,9.373023970065784,-0.95758175466693307,,0.08368734632980553,0.4090909090909091,0,1
-0.40262851237620179,0.89620568633016051,0.18629452168867508,-0.91528806393726903,-0.39155710102615804,-0.094502892283551063,-0.0117490865896928,-0.20856271101392154,0.97793842062720426,13.85707849519013,-29.330575082242948,-1.8019954067884334,,0.2194090888599976,0.2352941176470588,0,2
-0.7280942798425003,-0.63094392475154215,-0.26793372964177287,0.6801695977437946,-0.71352771521104708,-0.16806997926681347,-0.085135409587754951,-0.30461116762985391,0.94866432345139984,-9.4274351097884121,-24.831909224015124,-2.1510194103819646,,0.4880485163188162,0.3125,0,2
-0.042874196585233469,0.9791394557832932,0.19861452463394433,-0.99908036314315518,-0.041922763168522149,-0.0089949936107640866,-0.00048088347076030382,-0.19881752452113702,0.98003640784124701,-5.5406438200284809,-20.326602834478741,-1.850743224259128,,0.5263569381046478,0.3932584269662922,0,1
-0.87475010799440645,-0.43746437727310428,-0.20841585155844142,0.4817009585256673,-0.83179348881515025,-0.27583288150649199,-0.052691888552492926,-0.34167895835385642,0.938338454023385,-6.5474451676827305,13.045192770428264,-1.0505951398501605,,0.6186139279021597,0.1764705882352941,0,1
