axis_00,axis_01,axis_02,axis_10,axis_11,axis_12,axis_20,axis_21,axis_22,location_x,location_y,location_z,dbh,dbh_approximation,score,reconstructed,number_clusters
-0.78644914834485624,-0.58605161245882975,-0.19504164837812307,0.61384158434488634,-0.77663763286849752,-0.14153620222888763,-0.068529164569616705,-0.2310357001565394,0.97052885524159882,12.595477154226943,-13.599522527522476,-0.3740659674458624,0.1030589025665026,0.2003243152113246,0.4347826086956522,1,4
-0.35787345520260083,0.93372029156504954,-0.009644023072929395,-0.93374139645677423,-0.35792434224404912,-0.0041436423733634343,-0.0073208335799628873,0.0075221239582989709,0.99994491000597163,-5.1203058902469403,15.334691803188868,-2.0576068950426234,0.1847697962939069,0.1789160053032139,0.5714285714285714,1,5
-0.9968969792516188,0.047879060269472501,-0.062482064200124421,-0.044153342271812203,-0.99723904499186444,-0.059705690766805701,-0.065168206398706865,-0.056761630803082462,0.9962586120798903,2.4647287803474978,10.764421762377676,-1.6270263668084139,,0.08515433695658571,0.3513513513513514,0,5
0.60440153992529377,-0.78458096234327923,-0.13831663697627078,0.79624831091739445,0.60061394903624754,0.072467313902740596,0.026218426671486394,-0.15393374468119625,0.98773326174190113,17.802306824074634,6.5047939639257439,-0.73211036238317972,0.2828414116688103,0.1648977723938446,0.1538461538461539,1,5
0.88370507182872038,0.46801409958243695,0.0053055269518667396,-0.46352178994271093,0.87353825009855812,0.14858827633112512,0.06490682762623344,-0.13376744075742134,0.98888491520535837,-4.1928321536362105,7.0731347477285427,-1.752103977552834,,0.07588157333298762,0.3076923076923077,0,2
0.90184958025495132,-0.42646997984948887,-0.069214816919104263,0.43159257500551418,0.89662994779746374,0.098906955836421381,0.019879230218454513,-0.11907179766802306,0.99268661883095233,-11.186967971827078,-18.514700296140159,-1.4861300897662568,,0.3655686497003119,0.8173076923076923,0,5
-0.45286969336811445,0.89157628815242373,0.00087363208248052561,-0.89151999184834585,-0.45282961019489115,-0.011723833224169294,-0.010057085233559511,-0.00608822922437997,0.99993089186279094,-13.003918708102344,0.45930875676342342,-1.9652181179825186,0.5617260876961644,0.547671881085477,0.98007630351844,1,5
-0.90449751169123216,0.41848817956322554,0.082169914872947183,-0.42363414946333972,-0.85941353033699042,-0.28625598907653377,-0.049176811129259736,-0.29372781182511332,0.95462328371331329,13.248831306916474,-17.38480274495279,-0.23460170404558148,,0.7139352804729204,0.4912280701754386,0,1
0.98478507887336997,-0.15155444926924055,-0.085027038846864106,0.16357266924883729,0.97361744069396772,0.15910078897144903,0.058671375501000829,-0.1705881827185701,0.98359409392980579,-11.456381982595804,-9.3600372889301582,-1.7209263289183325,,0.1447752920918667,0.3809523809523809,0,2
0.3758888441244127,-0.92300910490838395,-0.082229977009820127,0.92664184453914056,0.37502077015169349,0.026349836886189658,0.0065168099489749647,-0.086102347302807553,0.99626498331369384,7.8810545072340057,-3.2855118044389622,-0.93540602684862373,0.4922088370742432,0.4742409584791956,0.9835390946502057,1,5
-0.86385015895162098,0.50371133033206639,0.0061480545180229041,-0.50176088251850637,-0.85929382741014471,-0.099247846067669329,-0.044709279277419765,-0.088820120861897348,0.9950437510363902,7.8096823905462971,-4.6785147069370483,-0.92081776088304268,,0.07676836514937366,0.3235294117647059,0,5
-0.75100415632204376,-0.650399742082864,-0.1138987826342282,0.65761501170822656,-0.75227433040534475,-0.040321559855479,-0.059457998309765628,-0.10518320831641356,0.99267378283364682,-1.3154037373596075,3.4820543121597507,-1.5336271805663011,,0.06256256677926599,0.2280701754385965,0,3
-0.9496994141662134,0.30949995890226856,-0.047757702748844777,-0.30803286839140442,-0.95070580459420917,-0.035696289743378941,-0.056451525425950728,-0.019189803291683679,0.99822090577522593,-6.5144821635674433,14.726191180955945,-2.0812996380839044,0.1855529159139507,0.1413184858633375,0.4848484848484849,1,5
0.34120461361129156,-0.93646620310897544,-0.081304748231735668,0.93996996843726655,0.3404700712587822,0.023164391057868095,0.005989164082843149,-0.084327818729625303,0.99642006648897363,-18.178538767496555,-3.0615516058496408,-2.0906778428156789,,0.07924774369154934,0.4285714285714285,0,5
-0.8383311016964039,0.54509954285297657,0.0082129355269820632,-0.54314074776888588,-0.83383311184038433,-0.098592442467145824,-0.046894477729791668,-0.087113890855924372,0.99509400459373354,6.5632480112759559,7.5418249810442655,-1.3332947713519276,,0.4694205101502476,0.5,0,3
-0.82990586024685031,0.55470427541455558,0.05966095846319841,-0.55773117347877976,-0.82223477970202419,-0.11342797352657909,-0.013863666828002871,-0.12740931632018102,0.99175332863414467,-7.8425118024595539,-18.493777921667519,-1.3640042432043107,,0.4112594791243672,0.2777777777777778,0,2
-0.99628762757579226,0.076197531581289765,-0.040061194694082057,-0.059975694438076897,-0.94820037337402896,-0.31195988205219971,-0.061756612731506226,-0.30839907281681361,0.94925030032634727,-25.093042884665458,10.981426388558697,-2.6745450267121003,,0.3015483943999795,0.3333333333333333,0,1
0.70273815551919372,0.71084792399955887,0.029228645589541268,-0.70899432514469385,0.69631316703846635,0.11169163048985072,0.059043472883137847,-0.099212914252019321,0.99331297482491399,2.2492543470606807,-1.6301105495199251,-1.2649612109719686,,0.08077664593964815,0.2465753424657534,0,5
-0.022764086355491084,0.9997343983315331,0.0035957148228797798,-0.99965055138729875,-0.022810225849617543,0.013359218081880989,0.013437688918469737,-0.0032903479112654879,0.99990429648399537,16.06889501410171,-6.5572619559934289,-0.40776494648845096,0.16997892408862,0.1345247319762957,0.6190476190476191,1,5
-0.55144705782806303,-0.82651030509135215,-0.11307899004932111,0.83310929169538039,-0.55259722587187188,-0.023774230787442893,-0.042837489464206166,-0.10731738692547957,0.99330152922458192,-10.52056527167557,-17.817661681153982,-1.4903036160804388,0.3936795965441026,0.3546554870807035,0.9014084507042254,1,4
-0.39544533990947656,0.90045240518355119,0.18113102755473828,-0.91839157447849007,-0.3847585512747797,-0.092291782666997488,-0.013412645928302181,-0.20284556495050537,0.97911887823139865,-8.5075300158248126,10.258466206614196,-2.0035012347679926,0.73884843663508,0.6029771187047075,0.5850622406639004,1,5
-0.63013892874458843,0.77607469043729072,0.025159597438868777,-0.77495945854738391,-0.62654439471164081,-0.082945518645490907,-0.048608312957435319,-0.071764868271929891,0.99623643558813169,0.15699574007003414,-8.7210308608458469,-1.2315904197878031,0.4532110112738225,0.4001856291728202,0.3289473684210527,1,4
0.99559790153520111,-0.020278138594958459,-0.09150746173852034,0.042392961968112076,0.9681675052247618,0.24668708641197767,0.083592196012985065,-0.24948041791287742,0.96476518689458446,-15.333013797207839,-7.3682187394566316,-1.9040078916604881,,0.2469957786512064,0.1951219512195122,0,2
0.65525124693127879,-0.75215163298938603,-0.070097962783556816,0.7549520128167585,0.6552619509805222,0.02606211697321403,0.026329864012750146,-0.069997832742167782,0.99719959971535821,-9.7867318669085055,2.7560251331830168,-1.8468422145516665,0.3705065562776235,0.263644318528422,0.9232907170650362,1,5
0.57457000130897506,0.80631746108318658,0.14043313550643455,-0.81573624321399518,0.55019331519245529,0.17849845216318752,0.066661046368343468,-0.21711625427383344,0.97386695037216386,9.2434498669439087,-8.3659179920725109,-0.7504162519070422,,0.5762643462094441,0.2727272727272727,0,2
-0.12865665758614883,-0.95706387089442724,-0.25976183608708736,0.99112983233258389,-0.13289108178452941,-0.0012711579451191377,-0.033303452060474699,-0.25762124797988228,0.96567187629657292,1.6579022941492605,-6.5688396683023926,-1.1987401194486242,,0.1146921911351943,0.4761904761904762,0,6
-0.49614833025013289,-0.82585800735526227,-0.26794661049768859,0.86693793604269542,-0.48810476794725532,-0.1008580713536962,-0.047491572305369517,-0.28233364516888737,0.95814000196506399,-15.804461353487357,-8.8683185533515889,-1.898254364942169,,0.128245504519041,0.1666666666666667,0,1
0.99728938322049288,0.055318970921616993,-0.048514921125998221,-0.036949560610107735,0.94671630531099249,0.31994213106282759,0.063628736325723981,-0.31728228553525778,0.94619413187734103,8.6767136344322342,-9.5897955983441019,-0.73710937072879468,,0.2421500755211428,0.1212121212121212,0,1
0.8688299308855153,-0.4894653002254718,-0.074553813267064409,0.49304142693644043,0.86908612518059636,0.039993228715076823,0.045218386989699696,-0.071505432617155126,0.9964147081332575,14.090013694790624,-8.7825020193898506,-0.43824195078549533,0.2087826671571291,0.2095370027705948,0.7843137254901961,1,5
-0.4715379936867341,0.88101491927545406,-0.038270517685998109,-0.88174540054665285,-0.4716948082310421,0.0053904083985654395,-0.013302974280675723,0.036286635307579813,0.99925287638982707,-18.827644915377856,-12.324720242901341,-1.9713722982631812,,0.1970526943645844,0.5416666666666666,0,1
-0.37688750439004598,0.92613435875663264,0.015197320983725622,-0.92623623821440115,-0.37671237242571048,-0.013199222697819748,-0.0064992348070369741,-0.019050931521372574,0.99979739045223071,-16.763174975027869,-9.5826757225528585,-1.9258783069085919,,0.4938383402394559,0.5357142857142857,0,1
-0.66996371243011743,-0.72891997269737097,-0.14079878348096617,0.74001165655694068,-0.67087468284418694,-0.048061503082673394,-0.059425349697823551,-0.13639220403519109,0.98887096958689036,0.63191043244821765,9.64929543411459,-1.6754835118744833,,0.1581456416241754,0.8181818181818182,0,5
-0.98153436476889722,0.18182698724666602,-0.059407385790988997,-0.18055681511616362,-0.98321722649916177,-0.0261366032683105,-0.063162704920120119,-0.014927565913379626,0.99789159756111678,-1.1055770922368782,2.1279616073552932,-1.4942487044229129,,0.2312292567730701,0.6342412451361867,0,4
0.39211871994878778,-0.87179950850981358,-0.29361288532312646,0.91927743190908284,0.38322955913145024,0.089800379679355044,0.034233209729238427,-0.3051241091260436,0.95169709749566478,-2.9514494194049896,-3.4150778444057219,-1.4401981791784437,0.6902353669736029,0.4571234885973617,0.2888888888888889,1,5
-0.60700756259295352,0.78536062694919528,0.12145165537335714,-0.79450257720267814,-0.60310303494608009,-0.070939298397504971,0.017534930090096532,-0.13955434381198747,0.99005914537967965,-33.225223971133474,10.780485998791169,-3.0872492412916648,,0.3437772373988303,0.2051282051282051,0,2
0.33691779700138452,-0.88987884376368775,-0.30757444868769007,0.94152677729359546,0.31971648952861642,0.10634234322524182,0.0037048215707284424,-0.32541820745818878,0.94556293526757362,0.75399861284009995,-6.5958783252249695,-1.233039807288892,,0.07786282648116162,0.5,0,2
-0.091243222409287075,0.9940535385442143,0.059432624644172663,-0.9957432461746164,-0.091854322977142772,0.0076269946930641675,0.013040784562543532,-0.058483723018772395,0.99820318176203859,-0.67952088858104531,-19.21660891798501,-0.98798170439338973,0.4911500073685771,0.4930956980003602,0.8043478260869565,1,5
-0.67900061807788392,0.71878648423115554,0.14934574227766004,-0.73411011087487021,-0.66654095151610004,-0.12963604847146784,0.0063644136522037391,-0.19765917645944411,0.98025014368794505,0.26586591777314683,-15.266049416782149,-1.0261307876202019,,0.5086578275674827,0.28,0,4
0.99450047437263922,0.090451971320929275,-0.05279438754973844,-0.086060455042860265,0.99305309804748432,0.080244267933030189,0.059685882337534767,-0.075259453508844165,0.99537611489684596,-16.643642755702658,-8.3054378953135544,-1.9475989398185378,,0.1194977530478099,0.4857142857142857,0,2
-0.68887518454283758,0.72126640420584009,0.072289378784492903,-0.72418954796655921,-0.68043666216225873,-0.11205109281695461,-0.031630345193516117,-0.12954042978723165,0.99106952244203217,3.3616353159927161,-7.1014145128433848,-1.0978434899999689,0.2035681935346386,0.1798896223982349,0.2307692307692308,1,5
-0.33500982950089803,-0.92838993704562867,-0.16081212308215823,0.94120930195232266,-0.33762437629688474,-0.011611651413982923,-0.043513952431368165,-0.15524788347205154,0.98691672932484442,-3.8671667286703268,-17.986392977750679,-1.1791471863768257,,0.08453268078292187,0.391304347826087,0,2
-0.98881778254011443,0.14909725808976557,0.0030660336862442885,-0.14547341577997602,-0.95985237828812608,-0.23983514587302349,-0.03281582291757363,-0.23759928351058246,0.97080878768246692,-14.659007339287978,-4.2509867669545081,-1.9268850747400892,,0.3332181584050565,0.2413793103448276,0,4
0.39203994874219017,0.91994484572975976,-0.0024818149546553298,-0.91899383754350616,0.39175467254257434,0.044481491635513223,0.041892781565334089,-0.0151577490515112,0.99900712584866525,-19.095108536842428,-16.055022408479484,-1.9448364841576502,,0.09252951099793164,0.5263157894736842,0,1
0.38275269287306535,0.92358164942732301,-0.022300514333162203,-0.92293357245874286,0.3833366453264096,0.035307749552158665,0.041158193922477396,0.007067757140796287,0.99912764443890756,-0.023958013980845204,-3.1391437655254006,-1.3215529888921571,,0.06458731816092583,0.3164556962025317,0,5
0.74306386409863401,0.66848127464252549,0.031446451677598214,-0.66658488992867937,0.73515358742113979,0.12334418275946223,0.059335304748334108,-0.11261433458549348,0.99186558225209609,-19.502204536330741,-10.680892621812298,-2.034798550117551,,0.149442780056094,0.5,0,1
0.22697942839295465,0.97240459137651958,-0.053941169400287071,-0.9733586345363362,0.22835087100898563,0.020708652370349964,0.032454701661947361,0.047803664914946198,0.99832935545376666,-1.4255918867863064,-6.5669922874703062,-1.3317611911168712,0.1981962970366235,0.1661742028546192,0.7142857142857143,1,5
0.99715149206564746,0.042847655627830002,-0.06207237935228186,-0.037822053871211007,0.99607771494843278,0.079991737223753356,0.06525637219626837,-0.077416175249812563,0.99486096601358065,-17.427054919611979,-15.745025798587429,-1.8564302720153318,,0.1421255903297067,0.3333333333333333,0,3
0.99587059004438305,-0.051521283811269643,-0.0747484126860994,0.066682657363578007,0.9738534777334712,0.21717004193340284,0.061605122283658401,-0.22125768059179973,0.97326761360252489,2.1057619879375067,6.8501916055422933,-1.5298034272400587,,0.7762341647779025,0.4680851063829787,0,1
0.4249619888442987,-0.86779743731695991,-0.25755565577873785,0.90477892517252989,0.41599510102454579,0.091231422696461714,0.027971496226349354,-0.27180081624177566,0.96194693808399068,5.7304907521794979,10.084971350405661,-1.4531557111404945,,0.390172897830121,0.3043478260869565,0,5
0.78934396744407498,0.61364356448257806,-0.019433909250690409,-0.61099576394211386,0.78825271170790345,0.073087884973710882,0.06016874192170258,-0.045817444868237835,0.99713614127726147,-14.850014354512771,-9.0896937593355904,-1.852120570385017,0.2174798746554439,0.1893861803418185,0.6639344262295082,1,3
-0.13279543296396715,0.98841610704762639,0.073477699424577367,-0.99113678363791646,-0.1321568676609218,-0.013506977824106214,-0.0036399318399988239,-0.074620115644976032,0.99720538969528849,-7.1399512079896734,18.936471108542079,-2.172439767338092,,0.1555094746621815,0.2857142857142857,1,5
0.99355990481649148,-0.0027722436033103359,-0.11327413741207207,0.013056243253529104,0.9958427918871966,0.090148035799008458,0.11255332093345698,-0.091046408560242209,0.98946566460647478,-11.932346026163309,13.896200124151566,-2.2123665725958461,,0.4268991359059304,0.4166666666666667,0,3
-0.8043598322651262,-0.58460866310370341,-0.106009298000316,0.59176592548110873,-0.80422970195536569,-0.055024321279517549,-0.053088131233884249,-0.10699204417565475,0.99284155473328684,8.3712040721559688,3.4171492231482694,-1.1235432848599693,,0.08681726555107895,0.2702702702702703,0,5
-0.99742071087564332,-0.056695685393083617,-0.044017323568506468,0.061064585218689744,-0.99256953273069692,-0.10524656349180793,-0.037723228234013625,-0.10766300178136534,0.99347150744197521,23.964609212851066,0.97474907990637005,-0.19309480932959819,,0.5549934887889971,0.7954545454545454,0,4
0.96202744858169531,-0.23297712283740976,-0.14221409356950207,0.26720346485150853,0.91021042085633819,0.31641633670826108,0.055726982214555451,-0.34240129964550275,0.93789970330218619,-0.47781889104020403,-7.0712866039918119,-1.2833304058688044,,0.1634455520800115,0.2333333333333333,0,1
-0.95623209807755261,0.29259848521755594,-0.0025101901510777799,-0.28739675269379616,-0.94077537278796319,-0.17984661380390529,-0.054984371845678288,-0.17125368435178792,0.98369146303537469,-23.419531551277057,-14.515940148912126,-2.1519370708536942,,0.5093468671542578,0.6153846153846154,0,1
0.35005519970125526,-0.92355783990961859,-0.15653202069734878,0.93670603322499768,0.3439525977520283,0.065409615650323202,-0.0065699681891035087,-0.16952146424896294,0.9855045959694374,-10.602635817438442,21.195802248493855,-2.3068691582760725,,0.1778187103280396,0.2,0,5
-0.88394545737200481,0.46754428696631872,0.0065397336761171404,-0.45919328401617288,-0.86534851770829646,-0.20078214764888147,-0.088215397215227392,-0.18048346911895136,0.97961408782691028,0.57134735965193506,-20.088589070996925,-0.89176285775326469,,0.4783919308645254,0.35,0,2
0.82840717047297496,0.55768574653444247,0.052231867870869968,-0.55487737421387096,0.80433208774106268,0.21251115786146904,0.076502676387680005,-0.20502804867242969,0.97576167159972882,-6.2950503349629479,-16.055970965655124,-1.3331003383063684,,0.2937327377544513,0.2,0,5
-0.77893097507898768,-0.62096457548782946,-0.087575864550215529,0.62423422320185329,-0.78111949513120804,-0.013563513908498654,-0.059984753446829277,-0.065232892892978789,0.99606550941127203,-8.51993667480758,3.0764871951089314,-1.8010556439701113,,0.08939058787811863,0.2323943661971831,1,4
-0.75530756740388139,-0.63401108885734403,-0.16595305911117819,0.65282504666102847,-0.75014922863088795,-0.10533562187841228,-0.057705606958588826,-0.18789910587975381,0.98049170773399841,-22.87600054806278,9.4223155982087547,-2.5498012378252435,,0.3439338475361812,0.5357142857142857,0,2
0.092759563521778693,0.99502840238657453,0.03625109404238476,-0.99558041147382503,0.093224540236816381,-0.011350303398743987,-0.014673365832638069,-0.035038029933986525,0.99927825393805447,-17.609845165447606,-1.9538568179383549,-2.0872159711346812,,0.1481546380893871,0.2954545454545455,0,4
-0.85374783171740543,0.5204657432995049,-0.015167395607747904,-0.51928863628190247,-0.8532273721392617,-0.048397971660097121,-0.038130723390856137,-0.033443407183232861,0.99871296499528162,4.9911763754559075,6.4093310472992275,-1.3932832790637031,,0.07879241744502696,0.2,0,2
0.97738723312801457,-0.19042191334238323,-0.091943958134243026,0.20226784530184161,0.96869695407537182,0.14392334738342016,0.061659673006883332,-0.15926614858193905,0.98530826579328057,-0.33154295614581025,-7.91839192981511,-1.2640407180193782,0.2988691947107576,0.1958524274777704,0.34,1,5
0.16929965419729945,0.98556462035633663,7.8680022584729292e-05,-0.98529217834248606,0.16925097621802804,0.023525100347594981,0.023172189922290833,-0.0040603141646491673,0.99972324343444741,1.2554898127942218,-18.930536581174309,-0.88616915017136466,0.2079245385520307,0.1779291342761584,0.4,1,5
-0.23403793725453284,0.97106738799966696,0.047480226296287335,-0.97218498505799467,-0.23329194161083835,-0.020765953077846414,-0.0090883856338451231,-0.051019583915869859,0.99865629888546803,-7.3859165486611769,8.1671926155689292,-1.900440387336862,,0.1377367532733883,0.2916666666666667,0,4
-0.98814993349495794,-0.14085196596236199,-0.060995349154246717,0.14953855791698206,-0.97303072906386157,-0.17564002958767727,-0.034611105587949692,-0.18267984010828464,0.98256305008278844,12.185300149875127,-11.306853922256318,-0.46893168951259084,,0.278244629783478,0.125,0,4
0.52459954951041654,-0.84492821881731794,-0.10436291343030867,0.85128505477244332,0.52210759727288703,0.052128805770039179,0.010443570967143647,-0.11618933649921068,0.99317217536000635,5.8950049238624178,-8.3742630427917568,-0.92571137262514691,,0.07283825774125445,0.2941176470588235,0,5
-0.8829396222492718,0.4693464331818436,0.011469486553189644,-0.46729380593331493,-0.87619518424326326,-0.11797668432902818,-0.04532242710480202,-0.10952590911923477,0.99295012605514832,-5.8829400437395565,-14.247454147504607,-1.369557479613619,,0.1079214703381084,0.3043478260869565,0,5
-0.99574736371463668,-0.041449449589036298,-0.082274727493426195,0.062363501226778507,-0.96060784265652988,-0.27081980418999135,-0.067808416661128287,-0.27479904613286721,0.95910765968913914,-1.4411692547131114,-5.0282671146550433,-1.358545491563609,,0.2660628356572797,0.2714285714285714,0,2
0.84803010345385066,-0.51595010731067248,-0.12099764626701105,0.52814630272775553,0.84163472322280974,0.11274961454775001,0.043662644801398739,-0.15951952680399292,0.98622872297311304,-12.326171927038308,9.3412710242063817,-2.1065047819374869,,0.5915334380832864,0.4333333333333333,0,1
-0.61906619153765163,-0.75094133320851031,-0.22987858659321278,0.78320272708874672,-0.61191584480081096,-0.11023831984596216,-0.057883838641009121,-0.24828635274766012,0.9669557116349472,-3.0803025049081518,-10.430742483948363,-1.3215794499461366,,0.1073197178763113,0.3846153846153846,0,4
-0.51645874741090658,-0.83769507480960792,-0.17758751043494841,0.85428229093074082,-0.51830361605046926,-0.039536426129999136,-0.058924779379160075,-0.1721287983712578,0.9833105039337191,-1.8236656696878959,11.730406072358258,-1.8381072103496583,0.7228206985462258,0.4564994693477896,0.1807228915662651,1,5
0.39699658843312918,-0.84739009990303604,-0.35259569957499248,0.91778788682691503,0.36973760962950347,0.1447739438547076,0.0076878843801031381,-0.3810828238215187,0.92450893874638951,-9.8993417652968905,-11.777169270933765,-1.6053010841971553,,0.4933636571145186,0.125,0,2
0.28825680332050718,0.95706213034950371,0.030660952208195931,-0.95673314176339141,0.28653741201126082,0.050576743365310879,0.039619575855807103,-0.043913439500450631,0.99824941725014182,-0.068786501979350781,21.135852013811483,-1.905908232715575,0.4815053995959743,0.4261736187118982,0.5172413793103449,1,5
-0.97477934983783021,0.21697472591491801,-0.052222480254046418,-0.21390436262370088,-0.97509420466551422,-0.058619243242113067,-0.06364073208477726,-0.045970211462161972,0.99691353530676841,-4.3791348550998439,-20.042182323147287,-1.1696094060492299,0.3410914961020275,0.3538019173724752,0.6666666666666666,1,5
-0.96579821649421327,0.25798074485682676,-0.026071829619592507,-0.25312497039061871,-0.95984310523443128,-0.1209502488574236,-0.0562277011920694,-0.11021410353054237,0.99231612755291565,-12.471938990488194,-14.206611961565285,-1.6818918635505196,,0.1892690747563111,0.5,0,1
-0.84404632540966051,-0.5287983724777644,-0.089208081625578195,0.53201958159535212,-0.84659224564616975,-0.015386175966801374,-0.067386685343284014,-0.060447091548249308,0.99589416293188626,19.387398489959956,0.021653588599824219,-0.39964606251572216,0.6150197123694932,0.563424446217929,0.8153846153846154,1,5
0.51761789203862474,-0.84874644125743148,-0.10817206799509559,0.85560741943930607,0.51387082285429653,0.062231191692426073,0.0027679671063350082,-0.12476480221558209,0.99218248446856017,6.5999534088671465,-7.1426228412833979,-0.91082696812955866,0.5872284911811564,0.2103762964222653,0.2666666666666667,1,5
0.80470863189294051,0.59344007222216266,0.016519637948423836,-0.59044406601383925,0.79712919539461269,0.12633626066408307,0.061804713946734001,-0.11141780167680805,0.99184991344631923,-20.899920279378374,0.27738108144200641,-2.2592694704102132,,0.1683922918795764,0.1111111111111111,0,1
0.65289238535596816,0.75552082848539381,0.054035274302424052,-0.75690976994419257,0.64806833344922143,0.084232032762949244,0.028620505013428714,-0.095894279835103083,0.99497997657625448,-13.064212244725937,-17.668857857597974,-1.5918681923865803,,0.3702798992820167,0.1875,0,2
-0.68906023211013845,-0.70087415856501978,-0.18431334835029942,0.72323114927025789,-0.68125485207080716,-0.11326310632860875,-0.0461811785205343,-0.21134625708954277,0.97631964968687246,7.8297349462156109,-11.506711339556063,-0.74829238894078021,0.5161314319317981,0.5131653170427963,0.6226415094339622,1,5
0.89165779780894383,-0.4387676672402519,-0.11148679648753212,0.45100947742816577,0.8822759577966115,0.13483169347021184,0.03920233253873575,-0.17050533269848178,0.98457661390310469,0.70208316738211729,-4.2958322628283163,-1.2691017228062158,,0.08499253935167395,0.3181818181818182,0,5
0.71209267039086177,0.70121007541359348,-0.035049378226646458,-0.69953698566857947,0.71287287970293778,0.049601038958463663,0.059766499456883782,-0.01080219989186736,0.998153935032151,-5.3467176558424176,-3.7852878634298763,-1.5420973729009113,0.3085354252674817,0.2053868915645504,0.8044776119402985,1,5
0.75708374351663588,0.63881823546063532,0.13687756333963688,-0.64969145427300545,0.71412788150100726,0.26061923011840515,0.06874023237859396,-0.2862387655539399,0.95568935828892299,-22.104961660796775,-20.808357998515664,-1.989524437535644,,0.5036999869408704,0.2580645161290323,0,2
-0.91574873683033386,0.39756539151735293,0.057844709881731404,-0.39858334836240256,-0.88101462784052798,-0.25484218634133504,-0.050354398038934219,-0.25642734838287046,0.96525097751800637,-18.321101762978042,-7.8414633979107071,-2.0185104107230005,,0.1117807984653846,0.2631578947368421,0,1
0.97806920775860162,-0.17977363920235451,-0.10517634469025988,0.19104735027678985,0.97548073273861191,0.10926229911529155,0.08295501664565133,-0.12695975229844894,0.98843294487265954,-20.354412574410915,-1.3070269888471342,-2.2109732742797483,,0.3828500047565527,0.1666666666666667,0,5
-0.50383988789604794,0.85742002167482978,0.10476771351915984,-0.86365475206710307,-0.49783631572785109,-0.079116824850538253,-0.015679177172582739,-0.13034534580741364,0.99134466974384727,14.535807472447978,-11.09402880188687,-0.3305097164970745,,0.2992655903944366,0.1818181818181818,0,1
0.9912013850006578,0.12056241446797757,-0.054630747664921257,-0.11509135314834561,0.98888317400067127,0.094149076516129263,0.065374267133632022,-0.087033168367058683,0.99405806309326383,4.949216680023202,-10.807614052638371,-0.92227849268945949,0.1626985358310049,0.1089134176287473,0.2954545454545455,1,5
-0.98689862165740438,-0.14252781139673013,-0.075610406355031315,0.14591110444650066,-0.98843691050596294,-0.041260435633053143,-0.068855356871612872,-0.05175226495415558,0.99628341494887773,11.081870806865254,15.862272017242892,-1.2927141386130019,0.3688163441954312,0.3186111315315463,0.7428571428571429,1,5
0.90801865198936782,-0.41117154564263353,-0.080250156967189928,0.41886560072474927,0.89441847602188307,0.15673926846896802,0.0073304958158296402,-0.17593620947530944,0.98437427537830069,-12.420008580525558,-12.086012258341279,-1.7103646999864779,,0.2424043759001037,0.5714285714285714,0,2
-0.61108859090936307,-0.78075592099666136,-0.1303492458323593,0.78973397580271176,-0.61253961073527952,-0.033398693733660612,-0.053767848415681004,-0.12335078884599021,0.99090544522059287,1.0855623358093638,15.354588131229347,-1.8411652679590889,0.1559375755225641,0.09490581463825473,0.3333333333333333,1,5
0.9778527416082804,-0.17358582573463652,-0.11692722879292802,0.20110878328744328,0.93401241104328137,0.29525594541306077,0.057959235793905162,-0.31223192841402475,0.94823623104427213,-10.795730967664628,3.6772752198227914,-1.9092176763664184,0.8512176497817393,0.3903897545283593,0.2487309644670051,1,1
0.37326832242748642,0.92729045075223604,-0.028340420178336836,-0.92615256167160309,0.37423933975345536,0.04675841197073264,0.053964729048675712,0.0087941187513276009,0.9985041169139417,-6.8333678526128709,21.726702433310958,-2.1648326476903681,,0.2367866576578985,0.3793103448275862,0,4
0.053479420072085143,0.99694680648236078,0.056894785994638673,-0.99824325663414248,0.051920037034874654,0.028543131201028686,0.025502004101939674,-0.058321306560463131,0.99797208026470652,-16.566361194811329,-19.294594869713816,-1.7573212840633623,,0.2458250264490978,0.6744186046511628,0,3
-0.94501834258576678,0.32202788097983509,-0.056906731131623922,-0.3177881947333045,-0.94538661325826556,-0.072490101118799569,-0.07714269547142566,-0.050420187858670334,0.99574434931447098,-29.858857424879957,10.670882479637728,-2.9052633853440062,,0.1431005645335253,0.1333333333333333,0,3
-0.019669913310602506,-0.99058679945231587,-0.13546544674259606,0.99958621117777879,-0.02232849716882165,0.018134073933778493,-0.020988114103158519,-0.13505269699269129,0.99061610531092914,5.8779682245427241,-3.1597718547953213,-1.0479420857461192,0.1186362869353452,0.09301017227281201,0.5600000000000001,1,5
0.99791739167658267,-0.025807718163585985,-0.059117180857982878,0.031160766280013026,0.99531777591662529,0.091496074173844102,0.056479076074675255,-0.093147660344058497,0.99404910710597194,9.525316022701638,6.9468275626066216,-1.1747350662303699,0.559381634789483,0.367622393825971,0.6041666666666666,1,5
-0.064076704815612673,-0.94686534484991358,-0.31518279556826717,0.99772731444331819,-0.067379758751846569,-0.00041728200091061375,-0.020841830862430515,-0.31449322223666171,0.94903089056863954,10.294133518377762,7.9961714969992617,-1.183612358030725,,0.3471638086076853,0.4117647058823529,0,5
-0.31558226265488992,-0.93379080529583069,-0.16864924382452637,0.94723248263609883,-0.3205391778203861,0.0022933210163429518,-0.056200172034196264,-0.15902631048727536,0.98567346176922721,-11.273797363555024,-11.147411393946303,-1.676495309917726,,0.2990510462796684,0.1081081081081081,0,3
-0.43053607977679992,0.88301441885175713,0.1868802293189919,-0.90239996736137018,-0.41706691854149247,-0.1083027440303469,-0.017691323201607975,-0.2152689516818394,0.97639453886488903,-12.266320216993625,-19.294461266071675,-1.5352723836559274,,0.662130171045524,0.3333333333333333,0,3
-0.1466973932467007,-0.94713927793461861,-0.28531923000056114,0.98773047301079253,-0.15587345200603941,0.0095906019414022017,-0.053557329101630607,-0.28041158170305869,0.95838455608711171,7.3367327298633738,-9.2928284418396032,-0.81378500122811703,,0.1389839538693849,0.2272727272727273,0,5
0.71232497948753282,0.6998010713780155,0.053587163540051046,-0.70063402153809407,0.70452330991443124,0.11295518425717659,0.041292753134710584,-0.11800578920288932,0.99215399119953174,-2.3131562446552492,-8.7490925683832081,-1.3239741450024016,0.5432808282639627,0.3819845290432343,0.6015037593984962,1,5
0.22638956549406186,-0.94026166421059898,-0.25427498392748904,0.97383179071828985,0.22384965274328233,0.039280737685555484,0.019985195065831709,-0.25651381206989005,0.96633392582251543,-23.075443418369229,2.4768940397549168,-2.4159764567413053,,0.3773047174696416,0.4444444444444444,0,3
0.97846606667238412,-0.17595301056489493,-0.10791058541136556,0.19878921856394177,0.94403831271735117,0.2632005142557941,0.05556080411055158,-0.27898423287871843,0.95868701610674933,1.917990915207161,-5.6637293872491767,-1.1883435486359801,,0.1223618104761331,0.2068965517241379,0,3
-0.61386052682616354,-0.77363422295458339,-0.15705203812164298,0.78787361193881511,-0.61283965488651404,-0.06068549257493789,-0.049299342948863172,-0.16098958498000795,0.98572406296730652,-8.7757520156611015,18.826101740298334,-2.2268295706873356,0.9457101089599953,0.4889946971220825,0.2,1,4
0.96447363093976302,0.25966867254365356,-0.048608597195212239,-0.25589353342135046,0.96399422279230684,0.072343886930358356,0.065643847960077245,-0.057335145613080396,0.99619454239747829,-3.3943315978679243,-17.116256944099842,-1.1762166844953106,,0.5450308546446857,0.6585365853658537,0,1
0.97527820804932663,0.20597927810768765,-0.080030955850403998,-0.18874799562163566,0.96481394451245805,0.18305257884860865,0.1149200202441177,-0.16342150857383184,0.9798401907875306,10.088441955315052,2.7197457541559316,-1.0056449601108393,,0.3917389384138525,0.3650793650793651,0,4
0.63350688166070179,0.7724728822980953,0.044211729242437221,-0.77182334893759663,0.62689116487093732,0.10628351443903528,0.054385190293742891,-0.10145498273043362,0.99335247397682636,-6.1765605662945031,8.2627383600964048,-1.8592756570041142,,0.1390981257885809,0.2131147540983606,0,1
-0.95387439875780222,-0.29276860937928412,-0.066409131575113481,0.29293612810795183,-0.95610322269544534,0.0074197304873519247,-0.065666248892122983,-0.012376142917057522,0.99776488956213238,-12.418418946476276,7.8672368543493221,-2.0731248996800278,,0.1142446334107331,0.6071428571428571,0,1
-0.82494600111685468,-0.54878366562354852,-0.13527964956374919,0.56517679265686704,-0.80357392815750084,-0.18666583786976043,-0.006268036646853911,-0.23044615494797083,0.97306489063488943,11.276869638493107,-16.687553940780962,-0.38051200877482577,,0.2744185917771428,0.2272727272727273,0,4
-0.53280704141454527,0.84548855921564137,-0.035577420571755704,-0.8459691281909032,-0.5332248742419049,-0.002732697866511178,-0.021281230392153971,0.028641398799033588,0.99936318698851068,9.2884155929500078,-5.6514673348285189,-0.82284914939966258,,0.07425243425746142,0.3809523809523809,0,5
-0.87051471335037456,-0.48605435905274469,-0.077170550641684849,0.48896309611294669,-0.87198679037143811,-0.0235399247526265,-0.055850017727451566,-0.058225402218821207,0.99673997514712964,-13.780701391506801,-15.660120623084151,-1.6780977552401533,0.3082153912310667,0.3267777720537219,0.8429752066115702,1,4
0.99595678304806556,0.063204333756341408,-0.063838064624203578,-0.059275789799084065,0.9963351864339699,0.061665038857358079,0.06750160771597799,-0.057631662027063713,0.99605327392050436,8.2672163100839082,-1.8647741240405915,-0.96672268110842541,0.2150095956412277,0.1704797987121206,0.7391304347826086,1,5
0.20408327159347572,0.96955065930689843,0.13535707330339744,-0.97828125223679374,0.19686090000463366,0.064896668415072203,0.036274092376154421,-0.14566161157602014,0.98866924961554381,-2.5417896651830443,-6.2669440286319977,-1.3823873883374267,0.6222832184729339,0.3668659250212882,0.4927536231884058,1,4
0.71178198682428884,-0.69704287052649561,-0.086588913150869307,0.70176223179186004,0.7109650076581483,0.045371003032278361,0.029936153109132915,-0.093059091623711621,0.99521044618874188,-15.615284876704788,-14.897809219433832,-1.7681842501076297,0.3707677607867994,0.3453698776083335,0.8571428571428571,1,4
0.30175623440623672,0.92071168267885495,0.24745337414478608,-0.95267371298746906,0.28117236338169038,0.11556339668348187,0.036823519381469355,-0.27061430015619259,0.96198333092176647,-27.596464907182547,10.459300563185421,-2.7743197751163349,,0.6359558480471915,0.2553191489361702,0,1
0.029266496874782621,0.99911414095787687,-0.030239138524135945,-0.99935825932805222,0.029871917610506227,0.019767095160322674,0.020652885354944073,0.02964121921032721,0.9993472151610977,-22.31119940634601,7.8079077310797489,-2.4917630677355667,,0.07592152816488777,0.5,0,2
-0.82457381845263544,0.56557830097521644,-0.014113943050344416,-0.56423374221422518,-0.82392944170865134,-0.052731008264611245,-0.041452407280786863,-0.035517045930913704,0.99850900715966018,-0.74054407931227972,-14.141928821812467,-1.1272070535592422,,0.1358396810458717,0.1481481481481481,0,2
-0.972946622695675,-0.20146786282136744,-0.11307329320078334,0.22160286101729623,-0.95221356293915316,-0.21019396409904836,-0.065322594666994929,-0.22956487275912635,0.97109882495092004,0.2885042515444563,8.9167362261323984,-1.6766101181588768,,0.1054930621361513,0.1739130434782609,0,5
-0.81894140461230602,0.57305140759721107,0.030774340975507974,-0.5719267304271769,-0.81056632768449188,-0.12602397965052209,-0.047273574378306121,-0.12080692312500466,0.9915497448391416,-26.89273264099872,9.6162668572094976,-2.7361631091133627,,0.1602889161741823,0.2941176470588235,0,3
0.96008923115003764,0.27790577084000501,-0.031576110646388419,-0.27117433663448687,0.9525455713285248,0.13828019993209714,0.068506549910036213,-0.12419869997804919,0.98988965826661057,3.4436837497125707,-19.763376880044806,-0.73637141464975486,0.2869549399357591,0.2769251323165564,0.1333333333333333,1,5
0.67035296901223129,0.7416830420116447,0.023090303784036564,-0.73980466980651172,0.66559302759652883,0.098361436281525938,0.057584264074176238,-0.083019195414309577,0.99488284019968731,-9.6893881208726604,-13.324386638826105,-1.552473412935768,,0.08756608477501399,0.3636363636363636,0,3
-0.9321230717179767,0.35906448525513129,-0.047109177444644247,-0.35836877141528151,-0.93330271014989519,-0.022756864923851483,-0.052138304971922074,-0.0043297407922698759,0.99863048746737493,-18.603729854332499,-13.642678318333784,-1.9482568095397896,,0.09766132762454408,0.3333333333333333,0,1
0.703960426840329,0.70998504677327035,-0.01899870524904268,-0.70789968562838868,0.70355990869410578,0.062301604839453913,0.057599935156312135,-0.030408686862475755,0.99787652504370006,1.4219706136570658,10.937942957534531,-1.6790366949090929,0.3321068370673571,0.2883161362046391,0.5192307692307693,1,5
-0.38270686315227209,0.92315800304241546,0.036259596176569035,-0.9238279891147777,-0.38202116857527624,-0.024529029506420049,-0.0087922365922746947,-0.042885057760485235,0.9990413246690979,-3.3081087145030068,-14.080179647948425,-1.2615569961135951,,0.1523349884078111,0.1923076923076923,0,5
0.013556682758568897,-0.99585757104328398,-0.089910591969772496,0.99980704259405107,0.012221999655028707,0.015378566375655654,-0.014215974532950352,-0.090101725400815028,0.9958311027216793,-10.037750680128555,-10.166525345750484,-1.6527214989095158,0.3567611309311732,0.2969108075960476,0.8365019011406845,1,4
0.90228223500480298,-0.42293343741046396,-0.083750080088954279,0.42830965512577379,0.90151745487392565,0.061782828388478636,0.04937213506400142,-0.091616516402930656,0.99456965879792147,-4.1382759845445483,-15.812591620154777,-1.2339785704604804,0.2699192476219061,0.182041831399095,0.6333333333333333,1,5
0.66891071732661211,0.74322151988104568,-0.013424776769256748,-0.74199010865951254,0.66867362810972375,0.048231294011488422,0.044823329829910073,-0.02230137790106498,0.99874597253088959,10.999976442962721,-6.535277661786778,-0.69347754520568916,0.5768372978302645,0.5184600020021151,0.963855421686747,1,5
-0.9208503388217204,-0.36774431968011367,-0.12961006455878585,0.3872359965777894,-0.90142555598582064,-0.19359816623630624,-0.04563919857237362,-0.22846461948989952,0.97248186676925097,17.452333090830376,-11.688921357572033,-0.15886046048448077,,0.6216233722200863,0.5128205128205128,0,4
0.11288586941256516,-0.98982100732166278,-0.086666913823541858,0.99353805605742074,0.11141306608957864,0.021662406841351557,-0.011786078763116182,-0.088552256714592478,0.99600180028860508,1.819838879200816,-2.429549971143707,-1.2729041307593612,,0.07104718271140492,0.2705882352941176,0,5
0.65974897302883051,-0.73484478902974371,-0.15727183035508036,0.75118440426373001,0.6508093834494989,0.11031381239459639,0.021290452751190108,-0.19091957063097734,0.98137476744194685,-16.417163286257583,1.3734736432289329,-2.1162178961364488,0.7122693848022745,0.2792824806533682,0.1896551724137931,1,4
0.81538277158270023,-0.55395503296151305,-0.16818072797655279,0.57841928907591722,0.79164649416763033,0.19679165200031001,0.024125957618815589,-0.25773949974481891,0.96591318887375499,5.5029408698425879,-4.9467389892200631,-1.0259606582792675,,0.09691524888324426,0.3488372093023256,0,4
0.63709801211131112,-0.76265308005801269,-0.11165304492866865,0.77051391837357486,0.63398427427184134,0.066122927707475868,0.0203574201807835,-0.12815701094374202,0.99154493392359699,18.162466989955373,-14.373608251875263,-0.036740854267239553,,0.167379237620483,0.2142857142857143,0,5
-0.90054491959904359,-0.40394181910551319,-0.1607788996170843,0.42989819021793835,-0.8825082384071129,-0.19070069530789663,-0.064856717706749181,-0.24085310029414767,0.96839216758862945,-1.4568756488578352,-15.297174255951823,-1.140979831025055,,0.2824629827898744,0.2307692307692308,0,1
