axis_00,axis_01,axis_02,axis_10,axis_11,axis_12,axis_20,axis_21,axis_22,location_x,location_y,location_z,dbh,dbh_approximation,score,reconstructed,number_clusters
-0.88630436748288854,0.46242684696686465,0.025019580033273498,-0.46309873967791459,-0.88476448407661445,-0.052262462871259692,-0.0020311301003266488,-0.057906985078889424,0.99831991645443463,-11.175362360355566,-14.638680362187745,-2.4234330630720686,0.4658632942046482,0.4396033099510641,0.6947368421052632,1,6
0.93326888657119644,0.35870873084647881,0.018363871396521663,-0.3572793670145068,0.9218695142388601,0.15002683967451308,0.036886844048696382,-0.14657641396731325,0.98851136341703771,-16.884693051251165,11.11562066150038,-3.1944138628560781,,0.1683205805388704,0.84,1,5
0.99273257998389208,0.12016291522999006,-0.0065496902183794911,-0.11355708378752614,0.95339497453987354,0.27954035709318892,0.039834825971745966,-0.27676505618582886,0.96011160305157062,-18.035231132943878,-26.605121533664768,-2.3783809850100859,,0.6464923498072039,0.4487179487179487,0,3
0.62383285804637656,-0.77885255435462986,-0.064971253620040054,0.78148580401755274,0.62048812733306657,0.065379063604070045,-0.010606759200163358,-0.09155972047780811,0.99574309650898285,-2.3791554215320923,-30.075194908952067,-2.3748575699773191,0.6823963909443964,0.5371713968349429,0.9375,1,3
0.84825423726709492,-0.52687383489360806,-0.053560349727427341,0.52936816328332414,0.84647455310658526,0.057010338054153405,0.015300217660583643,-0.076712404782485741,0.99693586067110107,7.3600591934678556,16.683955024078717,-2.5709239372009201,,0.1475178391893909,0.2222222222222222,0,3
0.74526761306202827,0.66630308135155059,-0.024827176687201087,-0.6655856128437786,0.74564707816698017,0.031721078109343798,0.039648163843995811,-0.0071160805557732966,0.99918836287324997,-3.7771990948742649,-5.0720966122689539,-2.384773552418983,0.2550680008567483,0.2250783861565243,0.8438880706921944,1,5
0.60400246293876858,-0.78303461945146058,-0.14845137084044105,0.79695800642368908,0.59195492106065428,0.12019695266208637,-0.0062418555797828538,-0.19090876400149659,0.9815879395481284,-5.0632559340713685,-5.1777046687312698,-2.4277722439196494,0.1957336939657999,0.2078256106555376,0.5853658536585366,1,5
0.9529090978621676,0.30325533792368903,-0.00067173826669039813,-0.30138192934572872,0.94726358668020771,0.10890651961014432,0.033662796606282686,-0.10357556357818058,0.99405176864895028,12.336917294127849,10.822959382807889,-2.222552606631738,0.2049501950188003,0.1972113566597843,0.103448275862069,1,5
-0.30753060255668402,0.92867946263641665,0.20731469838981353,-0.95137561836749696,-0.30411880746941472,-0.048950829607308774,0.017588668709869162,-0.21228802750206524,0.97704883814080501,-19.823575491018655,3.7760491711847628,-3.0242883571638397,,0.2569301243402883,0.2352941176470588,0,3
0.96394209303447631,0.264138716383155,0.032347794109819604,-0.26279256212469271,0.92571874069857818,0.27200162207490031,0.04190120008128112,-0.27069457258485363,0.96175295050488463,-0.27808886997531906,-15.179599651510532,-2.2436010927891212,0.6401136215409815,0.3347327917044572,0.125,1,3
-0.97852074873696815,-0.19234457924174975,-0.074166752170743158,0.2019072771513287,-0.96681733380325396,-0.15651739357305638,-0.041600429379739727,-0.1681303241354182,0.98488659163455949,15.707977582110241,-1.5470309742835515,-1.8436228159031176,,0.2309528121961157,0.2972972972972973,0,5
0.43606645495909191,-0.85463729472461036,-0.28185304916784276,0.89983561817680124,0.41823640143230373,0.12399263194775435,0.011912477483067662,-0.30769044018746672,0.95141194332290091,1.6389940978155124,12.03478691292074,-2.6234448191141717,,0.2149979363345504,0.34375,0,4
0.97709382588630123,-0.20407539605811759,-0.060339772444002689,0.21086375944267116,0.96667885003962417,0.14514983926885491,0.028707670901257417,-0.1545484830394448,0.9875680412111526,-14.666625396392337,7.5116523261575932,-3.0011291841879113,0.3520246403701341,0.302154168312409,0.9423076923076923,1,5
0.99779936776593536,0.013717989927067464,0.064870936776499646,-0.02615106776109102,0.98047432022430481,0.19490056191720545,-0.060930643693092305,-0.19616810172158089,0.97867539691467542,-13.361389294723297,3.8092339061699221,-2.8545359959849539,,0.2607597100825304,0.2368421052631579,0,4
-0.61887144838863395,0.78512446127197955,0.024035612780585539,-0.78545746049136678,-0.61884235913929908,-0.0095243001506544502,0.0073964942917210319,-0.024773268805116152,0.99966573264511871,25.053782509378713,-9.3268236725004776,-1.4850643324037835,0.4867522202324349,0.4915523566790567,0.9791666666666666,1,5
-0.41881634839593329,-0.87974534759513978,-0.22503552986362801,0.90754974540020639,-0.41391446229948753,-0.070910348492637804,-0.030762411159035691,-0.23392935105290572,0.97176680987552255,-32.643482873301529,-7.7384711538983497,-2.9584694761994417,,0.5245071629268967,0.2916666666666667,0,3
0.31499272153066682,0.94747155290295171,0.055472892680795825,-0.94811284236836857,0.31147201428027238,0.063774779155751249,0.043146535421501514,-0.072683153205272064,0.99642136454477037,14.902931479041225,-4.5817104840008369,-1.8597239160723302,,0.2354082545305353,0.7671232876712328,1,5
0.1003026550282525,0.98952175051148927,0.10385606703010643,-0.99452318562333442,0.096629242069178223,0.039829923860733515,0.029377042940007401,-0.1072823137418966,0.99379449309517065,-25.218688646781935,-16.562078484082516,-2.5879171646384069,,0.747520502087184,0.3125,0,1
0.1997436806531781,0.9526131486154974,0.22941371171747735,-0.97961954696229303,0.18908887447049955,0.067756481320030787,0.0211661344726242,-0.23827208530658445,0.97096776883434122,-7.8696870611324963,-0.51378154367319251,-2.5783340031015287,,0.3876541769134984,0.2584269662921349,0,3
0.12567041954770561,0.99207161710792158,-0.00092313573096767479,-0.99159040596335468,0.12563834524923001,0.031039861540695865,0.030909746879163338,-0.0029854198882924214,0.99951772111151538,7.9454645118528306,-2.4448197611334694,-2.1042238380813214,0.3570743516446467,0.246347632326027,0.7777777777777778,1,5
0.98688731396181573,0.16119376737443356,-0.0083665345795080458,-0.15465812889834193,0.95916542098766777,0.23681756342639454,0.046198405891296118,-0.23241829648542645,0.9715181124157779,-35.793125963071368,-14.262013903052909,-2.8560661661560753,,0.4652245436637532,0.12,0,3
-0.91598763217794488,0.40120154066078911,-0.0019953617344214787,-0.39480333586105959,-0.90224252341208899,-0.17346110497735678,-0.071393162768022767,-0.15810045135417983,0.98483869927596956,-24.781867741298651,47.192657557125187,-6.1349057912242646,,0.1826907010629479,0.3333333333333333,0,2
0.19280210257510375,0.97746001839496666,0.086018961176768438,-0.98123163785936429,0.19175147903857617,0.020392232598399916,0.0034383290197392063,-0.088336191483613657,0.99608478312226112,-0.71431605991433378,28.118017836876497,-3.6993753293677787,0.3446218082588033,0.3454880762058301,0.32,1,5
0.54607720742232357,0.83767935886625977,0.0096423681348646404,-0.83701678242289379,0.54509652775313189,0.047672648068933975,0.034678371880209287,-0.034103770479092126,0.99881647131134521,-0.68110951550678667,-19.044854031664645,-2.2508770296971155,,0.1504567168827434,0.4761904761904762,0,5
-0.51827475849470228,-0.85419559687239488,-0.041727173293567232,0.85452480834001854,-0.51919887115949448,0.014828490083669439,-0.034331132208433111,-0.02797167264430141,0.99901899826317986,10.935771202909336,-4.7121549648987209,-1.9943754219568015,,0.08224052401020868,0.52,0,5
-0.54859788217234262,-0.82970697199110977,-0.10308590740428437,0.83431816473770948,-0.55127511410737184,-0.0029914134793689214,-0.054346698747218244,-0.0876475281753476,0.9946679582353255,9.4964900989211412,3.417349182774196,-2.1706721034432719,,0.1394574309263959,0.2954545454545455,1,4
0.93247854242315897,-0.35159914825489086,-0.082836023967941777,0.36084106641126462,0.9172386932238531,0.1687213811115244,0.016658112485013907,-0.18721970676035765,0.98217681131708823,-34.012252446093797,-16.86897185607824,-2.7526836701437727,,0.1254380121926552,0.25,0,2
0.85000120572129145,0.50452828301839592,0.15148980793063721,-0.52531736326848955,0.79041309805362892,0.31510125717601806,0.03923796784995022,-0.34741667498808215,0.93688955369308757,-30.422614498231301,25.9326095572216,-4.4685388343197472,,0.2868500934624176,0.5,0,1
0.63277658114664315,0.77431384559664251,0.0056450748184586896,-0.7733282463817327,0.63156602773892778,0.05556776002528041,0.039461648476983233,-0.039527473020826362,0.99843896016535139,-10.033510513288668,4.3599309717090371,-2.774928442031817,0.4776424695248633,0.3823185172945796,0.9090909090909091,1,5
0.67036010552320469,0.73250183477031161,0.11856808584541591,-0.74094123315694005,0.65209441211693686,0.16055829686982906,0.040291660809549198,-0.19548386057164488,0.97987889166223741,-36.219504445424626,-10.333211238716791,-2.9813378985552732,,0.1253645804543867,0.3478260869565217,0,3
-0.29226374311610576,0.93617942041551094,0.19532024280714388,-0.95601803526001483,-0.29128829939482687,-0.034360484473464716,0.024726922925113245,-0.19677199858249234,0.98013741886355288,19.047656134382478,-13.719728854772345,-1.7292205117587764,,0.5009185453977428,0.1428571428571428,0,3
-0.83865825359331381,-0.5435264541244933,-0.035090274246119144,0.54324604722490843,-0.83938233421030761,0.017917287466793788,-0.039192676029142996,-0.0040361717642115871,0.99922352027119732,-3.6821639677701556,2.4611659447132497,-2.5422650273524559,,0.2290834514533654,0.8690909090909091,1,5
0.53710806539410128,0.843334696429207,-0.017364212831653059,-0.84216912745727412,0.53730017834442667,0.045383687696139478,0.047603433137319497,-0.0097523407295078898,0.99881870477271129,8.9981143496852631,-7.3224411764060786,-2.0338876185828543,,0.2175899751893611,0.6578947368421053,1,5
0.81355122086786447,0.57611257123505677,0.078922216703152345,-0.58054985618381605,0.79698752402554107,0.16665158574879679,0.033110051485286243,-0.1813978826022222,0.98285224356363599,2.1218316872799114,5.9564028198209229,-2.4464456927400615,,0.3959148830793875,0.3333333333333333,0,3
-0.34019288796748115,-0.9088772235829965,-0.24126954102913648,0.9386903723948965,-0.34348540643349396,-0.02963377026889466,-0.055939107514126118,-0.23655859320532593,0.97000559185565616,-22.983338902162654,7.434226024809842,-3.2355177819215699,,0.4412612933267203,0.6206896551724138,0,3
0.93892984106716759,-0.3414939416216764,-0.042339595997977951,0.34311136389574648,0.93845570035143722,0.039692448192218142,0.026179104629104572,-0.051795620602347325,0.99831451365150159,-12.964242675797319,1.1587716665585077,-2.7781574008376939,0.3243591408748608,0.238305061257065,0.8964143426294821,1,5
0.77340396113228083,0.62686412918621126,0.094274473981614273,-0.63169386833719798,0.74969113472576521,0.19729688091498168,0.053001600070974583,-0.21214279637359124,0.9758003199101285,-26.082907265561726,10.342433651714153,-3.4337132354769486,,0.3804646016454591,0.6833333333333333,0,3
0.35851646835035206,-0.9317692820254565,-0.057200935266459245,0.93343157101980456,0.35694816654995953,0.035965380856084493,-0.013093668129740388,-0.066287340196971939,0.99771466080464133,5.7346057399544783,12.846581942120279,-2.500909106936883,0.607348156106929,0.5214257084165154,0.9196428571428571,1,5
0.92978964793447771,-0.35196683285627012,-0.10775230467607835,0.3673375129455787,0.90596354835115245,0.21045949881615211,0.023544897044515383,-0.23526452692260158,0.97164614968364249,8.7535021888278983,-14.958766747338439,-2.0437413385716106,,0.2737062525625605,0.5714285714285714,0,4
0.76230937453706427,0.63121298359133338,0.14301953306676959,-0.64718227131437012,0.74128262290271763,0.17791902843383586,0.0062869061773359533,-0.22818904953611219,0.97359654502392456,1.3392878873124512,9.3845154000960651,-2.5478027357329216,,0.3048776957649347,0.2307692307692308,0,3
-0.70811296211707753,-0.70151065209091912,-0.080366895452984782,0.70587270945117486,-0.70616811734697216,-0.055410360896580003,-0.017881580853902214,-0.095965593030031299,0.99522402202748239,-0.98455531221718362,-16.524871039257963,-2.2597812482148378,0.3351767631297905,0.2185765414337901,0.4375,1,4
0.76598248470744756,-0.62623823218139685,-0.14524637577483224,0.64211785843596048,0.73444866736428371,0.21970391640670239,-0.030910985086545079,-0.26155464354728331,0.96469356763680814,-38.760032332161913,-7.2957632550470972,-3.090553731275925,,0.3826296974487217,0.5625,0,5
-0.77398431174358628,-0.59063305343246575,-0.2282561748734323,0.63195238576481672,-0.74318060198723523,-0.21981532011224483,-0.039805367740610997,-0.31438064352458839,0.9484620939584788,-40.725036879951666,-17.060792066801486,-2.9146435869921077,,0.5510674726777934,0.3181818181818182,0,1
0.40084612687945453,0.88868578289416977,0.22262066806008313,-0.91542902028085449,0.37891984412140761,0.13568146726301317,0.036222802119330211,-0.25818081069821142,0.96541730748616639,-37.770067116407539,-7.679565510434271,-3.0572514915175257,,0.2280057440952456,0.4444444444444444,0,1
-0.34992910531379151,-0.90436603183340836,-0.24427791901885976,0.93611250084627973,-0.34739715274046995,-0.054850743177637551,-0.035256304593845447,-0.24786548516021698,0.96815272258702911,15.895021254833248,-13.979787867370383,-1.8423940826542702,,0.5921933298158751,0.4782608695652174,0,1
-0.14250652061696406,0.97035879547212267,0.19518119692106345,-0.98919187870581649,-0.14649978936055238,0.0061023618191208846,0.034515484700413462,-0.19220202852000792,0.98074821516467237,0.58363519327415458,-8.4418102114340066,-2.2605017147366744,,0.1694254181413745,0.2203389830508475,0,2
-0.61788151154034066,-0.73050711555380921,-0.29082948925766955,0.78529201464886877,-0.59179934391598332,-0.18190653718140976,-0.039228681157336041,-0.34078276169117561,0.9393232776359749,-34.989956498250095,-14.683645560283663,-2.8297989448704675,,0.4670455365416189,0.4,0,1
-0.84885432386603321,0.52833496871525965,0.017564102214007948,-0.52841175589290823,-0.84709274150199421,-0.056700119301529683,-0.015078232260839954,-0.057411219524409883,0.99823674485795544,-20.803943214675936,-0.12253779898186309,-2.9266588922369947,0.1578258885059551,0.136041715071049,0.1607142857142857,1,5
-0.9583260496772027,-0.26955762323896593,-0.094603753962772458,0.28344227798977373,-0.93851805354309481,-0.1970896705097695,-0.035660307879446719,-0.21569086890140099,0.97581032558305236,17.682122708850272,18.202904961704139,-2.2247454293838049,,0.5041714471922274,0.1333333333333333,0,2
-0.65316920323118721,-0.7517624638935162,-0.090681805402660479,0.75607479921804022,-0.65405545839844426,-0.023714032272083862,-0.041483610471323477,-0.084051503377101655,0.99559753657907013,-3.5061044496139049,-29.498101198058869,-2.3634868978696555,,0.2591433760969999,0.7058823529411765,0,3
0.98419878749751954,-0.16972206836382894,-0.050469458078287524,0.17644514964728933,0.96392767927244061,0.19927503179874978,0.014827537029389815,-0.20503133575810017,0.97864308892613716,-19.498712504733383,8.687289825753215,-3.1926856104046046,0.8261774933458269,0.803926581765195,0.9661016949152542,1,4
-0.59430050964662395,-0.80133039482540158,-0.068384958600048132,0.80368784608712618,-0.59489838955945584,-0.013481548553598401,-0.029878927115945815,-0.062972251258259171,0.99756791512451326,-2.6647589186885252,-23.270078146802412,-2.2986673031989433,0.262641299734973,0.2216553209535661,0.7878787878787878,1,5
-0.22510374780235579,0.97217956072059208,0.064770397887075379,-0.97395903813665996,-0.22636524570806474,0.012750198721572197,0.027057249624555243,-0.060213596908373974,0.99781873503663499,-14.614518122096301,-9.4602534426895559,-2.5471519075298259,0.684487522823968,0.3950141679066911,0.8979591836734694,1,5
0.1283586097442227,0.99088834722792285,0.040796453674867714,-0.99119361295516872,0.12683084031381947,0.038067828703111935,0.032546719364774983,-0.045323517882062937,0.99844203125939424,0.6108312062726915,-32.67760844308544,-2.3843033657965953,,0.2357580717805977,0.1724137931034483,0,4
-0.56236519257392004,-0.81399895026362257,-0.14543417463244029,0.82637435081953692,-0.55945845063702693,-0.064122338684790586,-0.029168861631671796,-0.15624324299162032,0.98728781342148375,16.251241673011851,-15.217124696654787,-1.850721411654104,,0.5342645054123663,0.5,0,4
-0.21905545173698779,-0.97477273954701582,-0.04281139217908949,0.97526824541799528,-0.22006864140768662,0.02053393650233689,-0.029437366451691257,-0.037254520597944235,0.99887213503601557,-3.6821930797804501,-17.700480918079862,-2.293109930129523,0.3292962591546339,0.2654125812731919,0.813953488372093,1,5
0.65709435154791207,-0.74764377387816738,-0.096207071180042139,0.75380689154861946,0.65146926985819642,0.085807695949940158,-0.0014776392109460011,-0.1289053055992706,0.99165580660364305,-22.33862983915613,-0.73479696378880244,-2.9458477611616223,0.6073392051449211,0.5541900235478441,0.7897727272727273,1,5
0.96193464348823177,-0.26919509005823816,-0.047071702175583874,0.27184260187183079,0.96021561681653655,0.063934099111451995,0.027988237971032906,-0.074296518829462435,0.99684336072680024,-12.608109671486078,-17.843915200468178,-2.4140298943065925,,0.09536453295141878,0.3846153846153846,0,3
0.95521012729386412,0.29572290980477228,-0.0110260297405243,-0.29367560171702184,0.95186893174575826,0.087750656597740395,0.036445214656872935,-0.080582239940249475,0.99608144693836509,-3.5326394884145706,-3.427500231449562,-2.4083579327591145,,0.2144734071943824,0.8284424379232506,1,5
0.98044539213481263,0.19673440723110561,0.004733503252204607,-0.19245297736432029,0.9535307651456546,0.23182090376916073,0.041093607108910947,-0.22819871369525196,0.97274696736747035,12.535519557877237,4.7847003832979915,-2.0833905628350635,,0.5627249965063456,0.2626262626262627,0,4
0.38218811915657769,0.90609204379778574,0.1814647341549033,-0.92324490544219728,0.36603692452249598,0.116772490172735,0.039383831080617167,-0.21216544971428467,0.97643982702312448,6.7989188974141399,3.3747502459725376,-2.2519307224990377,0.1393406425094377,0.1233617278732139,0.2702702702702703,1,6
0.99929598352950977,0.026197542910545622,-0.026855652053921437,-0.022086561985874179,0.989426760325402,0.1433417933877785,0.03032690359128859,-0.14264772938056369,0.98930880124515996,-47.590440980143619,-21.961548858857601,-2.9589198268926671,,0.2955176873190024,0.2222222222222222,0,1
0.76346848060960448,-0.60517015048081579,-0.22557696709258457,0.64568120523325245,0.72307204161971295,0.24548442687151195,0.014548550587488171,-0.33307043038211454,0.94278970512032878,-8.5820435072821031,-24.533089689436782,-2.3367036972735686,,0.5842304978977552,0.4375,0,2
-0.80934103548179026,0.587279059423642,0.0083901518308698818,-0.58729971660075586,-0.80903914991579284,-0.02312351150240332,-0.006791992780791809,-0.023642340535837386,0.9996974085032192,7.3980494141852775,-15.591333045416253,-2.080732967353101,0.6662821911344934,0.6739115695724708,0.9186046511627907,1,5
-0.6511516305073729,0.74160403807779474,0.16132267290836169,-0.75894651907027066,-0.63663936494952744,-0.13671320414569108,0.0013172997793413092,-0.21145630684226713,0.97738656375966215,13.126475876251147,9.2949566403836013,-2.1597499523696957,,0.532866285618496,0.49,0,3
-0.74664142024695224,0.65882543967131679,0.092063182725290627,-0.66516246242085442,-0.73746174872945636,-0.11708572819570139,-0.0092459806315769548,-0.14865802771054246,0.98884543920643742,-2.0147988336671578,10.188092867312172,-2.6692686097791127,0.6219109222778252,0.5213219652779251,0.1103896103896104,1,4
0.9529401773841264,-0.2724096529746361,-0.13303382762796767,0.29921601305976619,0.91568997363921301,0.26829396136557887,0.048731877202989542,-0.29547394663972537,0.95410709619068301,11.017117775681585,-19.874471853354919,-2.0440400001755674,,0.7317793745181665,0.5454545454545454,0,4
0.27770694685964253,0.96039966585295045,0.02261268439254149,-0.95980207031748299,0.27638242467538976,0.048915653372163061,0.040728828612774194,-0.035287918047025135,0.99854690694014836,-2.4126242029876908,-10.153974185065222,-2.3136765185244883,0.4135327019886945,0.3642402537423741,0.8877551020408163,1,3
-0.15492175275817577,-0.95188153086528338,-0.26442541806698328,0.98792432421240617,-0.14867661168152968,-0.043598105100562459,0.0021863558252779355,-0.26798659730752178,0.96342015938620518,15.996311796540709,-5.9117965110996655,-1.8092808914077541,,0.4533041844227083,0.4166666666666667,0,4
0.98685047186100605,0.15932370832343817,-0.02724155197080377,-0.15258518676757035,0.97387162735542654,0.16820170692118314,0.053328294242509074,-0.16183327654769256,0.98537611277878201,-12.722453694802393,-9.8257365465010782,-2.5011269531194928,,0.2178167319143192,0.3684210526315789,0,3
-0.95094806747311256,0.30870769265444481,0.019933225156025233,-0.3086962316581684,-0.94277584049745811,-0.12601726522329029,-0.020109936081408396,-0.12598918632279343,0.99182776498771263,29.299244653219979,11.4861920832839,-1.4574066952289375,,0.1921939568284721,0.2307692307692308,0,1
-0.52975864012352725,-0.84691068409816095,-0.045804763669902382,0.84728545058749827,-0.53088291224970485,0.016452923874238495,-0.038251123345733565,-0.030093631247434634,0.99881491024169844,-13.921822987129707,-12.119080223579916,-2.507588671017789,,0.08257546199871361,0.2857142857142857,0,1
-0.010994418877102214,-0.99850842223013458,-0.053479467920345657,0.99970063838665379,-0.012145136398740815,0.021239803934455636,-0.021857638547495364,-0.053229938919225152,0.99834303585480277,-6.6345299277294574,13.947295825652908,-2.9648129966314265,0.3433363004467559,0.2916014921833702,0.5966386554621849,1,5
0.1323074266821565,-0.9808200005498402,-0.14313235611194725,0.99043600409813826,0.12511790380882767,0.058155239941016852,-0.039131402106978783,-0.14945780898934805,0.98799346996892912,-6.1902105002552457,4.1391387709851575,-2.6495226124433713,,0.1883570349016525,0.6214285714285714,0,5
0.93805944586480672,0.34585326913016173,-0.020736254623054017,-0.34114598658812512,0.93243337306118501,0.11911095934697102,0.060530090522209569,-0.1046590704799208,0.99266438795176493,32.765493098885358,-0.88425542737203533,-1.1097534800647337,0.6043191351045953,0.4910333622162529,0.75,1,5
-0.50873778667717595,-0.82750380141127089,-0.23753594055785401,0.85982636888375408,-0.50228074745650153,-0.091720587147688007,-0.043410595238796493,-0.25090139374749276,0.96703878455653425,18.614124865752483,-8.5334608558948943,-1.7242127167907226,,0.5274424977802472,0.6808510638297872,0,2
0.99420430593636977,0.10671986267896685,0.012987261734625069,-0.10660999664323353,0.96311230140470205,0.24708096547218708,0.013860255167598394,-0.24703353171729708,0.9689078013588126,-37.407104677733201,-13.745415252299493,-2.9081738172923615,,0.32172651404355,0.1538461538461539,0,5
-0.92115553158022123,0.38347236371917909,0.066493856128118908,-0.3888189531830375,-0.89923037735306621,-0.20051072313248081,-0.017097025612905409,-0.21055563328747348,0.97743235929966221,-6.0640795964192042,-16.572972840620231,-2.3195243110517718,,0.7416537313245537,0.3221476510067114,0,1
-0.68558911389455124,0.72366869135113177,0.079190858483948676,-0.72726366936678766,-0.67598818809835781,-0.11885926455542033,-0.032482643495261088,-0.13908125218605122,0.98974809075942172,3.0929445297245333,-7.084716357985875,-2.2035276224636484,,0.1857466305714646,0.5961538461538461,1,2
-0.24615076533080843,0.95218592424435922,0.18097449101454796,-0.96873954401020934,-0.24764771666199639,-0.014639136005694451,0.030878740226098687,-0.17892058043449613,0.98337883305419693,4.1295204866720141,-21.307336612025146,-2.2030174879286482,,0.1469757607536955,0.5263157894736842,0,5
-0.63279933591112802,0.77429996746880259,0.0049558902579165788,-0.7743150077979809,-0.63279501694184059,-0.002595232627309786,0.0011265741208202698,-0.0054796816868011283,0.99998435183724932,-10.842315447324182,-19.826506798375693,-2.3833175875333161,0.4717935659040961,0.4416717372542253,0.9142857142857143,1,4
0.73966303472849071,-0.67096745617181897,-0.051973722346563549,0.67297137790547801,0.73777430390530319,0.052901805423329333,0.0028494870138156022,-0.074106337484479493,0.99724627408097888,-8.9032277462676301,-6.7873785263559849,-2.4913063521717214,,0.1062494399620302,0.3529411764705883,0,2
0.96677910217208618,-0.25381634991079921,-0.030256042723660215,0.25541869093106639,0.95463352624609932,0.153088611235456,-0.0099729597611564226,-0.1557308289482173,0.98774918323869332,-16.846405139664064,12.505997688955441,-3.2357532749511564,,0.4271591554904901,0.2631578947368421,0,2
0.37311715768479742,0.90881248501526812,0.1866640129258727,-0.92773351742193089,0.3633638373815834,0.085306754335520554,0.0097008913584608458,-0.20500387499679748,0.97871308560943848,-40.409586863482438,-5.9778923501723744,-3.1734514447939119,,0.5362879768901778,0.4666666666666667,0,4
-0.26805698852323806,-0.95534387134804621,-0.12435247637896911,0.96224377958804053,-0.27182498841379488,0.014074243068953702,-0.047247852310727569,-0.11588469765922388,0.99213828537177995,-3.6198359725620644,-21.348633148043849,-2.2998342920315835,,0.1384978517799325,0.32,0,4
0.77299776612575888,-0.63138803806934607,-0.061835256508971835,0.63436622273203014,0.77039408261110709,0.063815773398815154,0.0073449997470959689,-0.088555648384134308,0.9960441496831266,-22.595377585607107,0.32144334560964166,-2.9854411917096724,0.1775841240597703,0.1175339117433711,0.2962962962962963,1,5
-0.96378580008074011,0.26663059171181591,-0.0050059091218883052,-0.26251000001630859,-0.95186244882221782,-0.15826047647347188,-0.046962021402057803,-0.15121509873547562,0.98738470843954995,24.307032947213994,5.3818034008579954,-1.5470616158041992,,0.2324315754761673,0.16,0,4
0.78883078248737615,0.61028057102253042,0.072825965374772317,-0.61327738049526948,0.77377472482366505,0.15863016673042116,0.040458017415758454,-0.16979487582514061,0.98464859161546081,-2.1399506921940525,-3.6157215555021387,-2.3799651943799303,,0.1488017712513091,0.2542955326460481,1,5
0.95002203476068992,0.30915441034229352,0.043378382116764654,-0.31038656147080518,0.92050802103383544,0.23732923475775763,0.033441230950569778,-0.23893206938015152,0.97046027754577868,-1.5251286746453145,-29.100812508554188,-2.3647891299217476,,0.3613253566652423,0.21875,0,2
-0.67974761152638929,-0.73235759416365209,-0.039944197263153437,0.73237273654739865,-0.68069080543332694,0.017035320971588865,-0.03966559449000201,-0.017674322316781836,0.99905668455018037,-15.925940826411447,-16.332914799947734,-2.4717721919863855,,0.3841190201705954,0.5909090909090909,0,1
0.30945369411792989,0.94594831948500702,0.097057653280202938,-0.95029107528195844,0.30394036402251717,0.067580524985536836,0.034427945570826915,-0.11314606480719085,0.99298171412288416,-10.07254397978866,-0.91985826959524308,-2.6340067289759954,,0.2103140494177145,0.3418803418803419,0,1
-0.69731529294957051,0.68894704587383881,0.19774567049714303,-0.71676242984721106,-0.66958384912275748,-0.19470256329456406,-0.0017324486070165509,-0.27750574223907948,0.96072241654192769,-5.489085785206389,-0.096009922517149168,-2.5375167214517038,,0.4956091782913237,0.2780898876404495,0,1
0.42006506478785371,-0.86476606672554224,-0.27518174209931284,0.90742012274727879,0.3963855020400997,0.13952510385494546,-0.011578522275808653,-0.30831507198392782,0.95121383201121279,-31.101487663797162,25.027391511443675,-4.4486066633454939,,0.4900696906312993,0.3703703703703703,0,1
-0.88811721093867901,0.45137756634233245,0.086637822210484022,-0.45939636334862105,-0.8659368333239944,-0.19775839308326376,-0.014240820782660165,-0.21543373295676393,0.97641461773559601,-39.63044877465871,-3.6710611213938726,-3.2357224264818973,,0.6079612478848826,0.3055555555555556,0,1
-0.29236676962184011,-0.95091008042806624,-0.10144797169574674,0.95603948339025802,-0.2931415112721637,-0.007520676030987424,-0.022587125088887168,-0.099187062207543253,0.99481241873574233,18.990569338639254,8.5458046041628197,-1.910631841559405,,0.1539291543476795,0.3809523809523809,0,3
0.78141391419494588,0.62396521131199345,0.0077272100342469724,-0.6229987418820625,0.77937817296145417,0.066650064700891187,0.035564902866468781,-0.056895330068864068,0.99774649039746266,12.211357747006339,17.081884212690642,-2.4326268569484539,0.1615906103415811,0.2222262988757562,0.2916666666666667,1,4
0.8431802326694694,0.53757890266998687,0.0074845600800010547,-0.53495729060794517,0.8375190138516232,0.11127712551288403,0.053551773648170924,-0.097830592562533125,0.99376123022484519,22.285741246683585,10.183704575307653,-1.7748308070899863,,0.1323324558951416,0.5263157894736842,0,3
0.68588737690862833,-0.71298225676198768,-0.14565303889718489,0.72770687231594156,0.67231048053686149,0.13579884294221689,0.0011018990660120267,-0.19913542955204644,0.97997136004863472,-11.393523467249807,-8.7139484696360121,-2.5034799206708604,,0.2615840901289699,0.1071428571428571,0,1
-0.82654996581570983,-0.53051710904973626,-0.18806049828594945,0.56147567968576906,-0.80057652059513706,-0.20933775529795792,-0.039499558623519442,-0.27861951058261242,0.95958895011940037,17.95216240416319,-11.240496717716502,-1.7499891172095903,,0.4216688566133781,0.1818181818181818,0,1
0.94396624129433659,-0.29898548579099543,-0.13976914746454186,0.32947425332882757,0.87849878862511455,0.34595750429441213,0.01935075425025972,-0.37262254047565235,0.92778121916722212,-12.966950080657726,9.0943803500309262,-3.0125630843935882,,0.7446803001333715,0.3761467889908257,0,1
0.5005466622749305,0.86404502915500214,0.05365842410991313,-0.86483724273185381,0.49629907364463249,0.075787684246486742,0.038853345665365017,-0.084341075947678909,0.99567916541353652,-2.0591439246551926,-6.7821942734274376,-2.3361186017329163,0.2110806173695034,0.1270618036979313,0.4444444444444444,1,3
-0.75281625472698499,-0.62294585522160517,-0.21261737483342724,0.65702390021644108,-0.73070583522763999,-0.18544157276256196,-0.039840697323354088,-0.27929812714463292,0.9593775456045911,-10.226908119981125,2.6252433194074256,-2.7423064998136102,,0.2507830687992582,0.2958579881656805,0,1
-0.4570587336327358,0.88163733154908097,0.11752842051630003,-0.88939479873770744,-0.4543094549942247,-0.05079184069477851,0.0086142897764817615,-0.12774402029788637,0.99176976122978278,7.5931565358823221,4.2410588943410197,-2.2447535231373053,,0.3706412984444553,0.375,0,2
-0.54290898021647238,-0.82928462208919462,-0.13242679021516868,0.83891222417692146,-0.54276939605360408,-0.040344303614478189,-0.038420298370020124,-0.13299773785289776,0.99037138609673647,-9.5502159953363961,-17.771175481053746,-2.3741618485680505,,0.8306049127012314,0.3823529411764706,0,1
-0.82242363830950727,-0.56667069527187264,-0.050036809149318774,0.56743579197099359,-0.8234165726660253,-0.0013303567896116308,-0.040447263689947201,-0.029486793298507313,0.99874648829468593,7.9031520086074911,12.472782613536058,-2.4269639707540556,0.1472029614836227,0.1269410046122572,0.3333333333333333,1,4
0.6870216552170979,0.72579494184392734,0.034970668517045077,-0.72591942504799578,0.68340973156364271,0.077408831163482336,0.032283642928671134,-0.078567430897793902,0.99638593185641389,-19.963660044437702,46.451475430594265,-5.9856510386417812,,0.6369629326138336,0.9591836734693877,1,2
0.27878596567174163,0.94561064740727818,0.1676272318403641,-0.9597594541576534,0.26819934904861958,0.083252022947794879,0.033766484855222184,-0.18409131614469326,0.98232897331832636,-15.724169986364743,9.4405414882493179,-3.0943391355428411,,0.605375085387202,0.5087719298245614,0,1
0.54160622667700353,0.84056333607869116,0.010769088399717259,-0.83934695310082452,0.54002554820917403,0.062202086795735724,0.04646921072130953,-0.042728039056849985,0.99800547450066424,13.817959417516814,17.703208673260043,-2.3693828788810536,0.1339149809984468,0.1155139914947837,0.3076923076923077,1,3
-0.67368057820995608,-0.73093226356513452,-0.10905276072731279,0.73851332399883951,-0.67132388380776586,-0.062628374603234963,-0.027432623259270861,-0.12272843643103495,0.99206107779325214,19.083007368078881,23.168277326249179,-2.3575757954546446,,0.3407932572049456,0.25,0,3
0.94463251136986248,-0.31000114115633592,-0.10755794226758295,0.32755491619468946,0.91027879695309266,0.25318034815980606,0.019421517442187279,-0.27439352087722507,0.96142134382425859,-23.71853805613301,29.562789307948517,-4.6527631687574518,,0.4211417628124805,0.25,0,1
0.078973182891256363,0.99652908359905057,0.0263253095947838,-0.99635628073825067,0.078051200004303475,0.034382728386920684,0.032208666806695443,-0.02894470105434244,0.99906196307506889,17.35016742855106,-17.074213659669073,-1.8451529511495846,,0.1664186469088798,0.4117647058823529,1,3
-0.076909153527369378,0.97429133923921962,0.2117578059650978,-0.99687851911402114,-0.078942340271846656,0.001151104443813991,0.017838167863884185,-0.21100827755292548,0.97732149601418672,11.105037783998332,9.6318027774637844,-2.2366880009263372,,0.7725082413250519,0.2222222222222222,0,2
-0.64370463099979336,0.76373180802946561,0.048559998285251871,-0.76527316987042626,-0.64250206361457873,-0.039345568079235151,0.0011504372602940359,-0.06248858819857845,0.99804501543720903,-2.6061621391378345,0.094116936335027671,-2.4689764507228382,,0.2777491904636547,0.3546099290780142,0,1
-0.83971754676105059,-0.50523483218941068,-0.19902815379774672,0.54159480031234475,-0.80579577046972273,-0.2395166978891787,-0.039363865870020796,-0.30891898717243432,0.95027340561973184,-8.1521017180716235,-26.260863717210711,-2.339703500955987,,0.5608513064317479,0.2352941176470588,0,1
-0.80876293738320659,0.56491738717841156,0.16361802094758621,-0.58807386078946122,-0.77275172022704286,-0.23879680304041762,-0.0084643588927589466,-0.28934948513806519,0.95718610002385218,-0.77974365432945092,4.4066280766318764,-2.5009807016516818,,0.5674024155551221,0.3586698337292161,0,1
-0.096925204355553046,0.98448738711799422,0.14625351061161182,-0.99501372061050175,-0.099318806423646863,0.0091362184425795839,0.023520215931887821,-0.14463871990642327,0.98920495355934734,-0.3408988802415977,0.30183737495054119,-2.4099428686830198,,0.2603514100087461,0.2002967359050445,0,1
-0.92364811997694718,-0.37459239433692565,-0.080961031169203473,0.38137416389538714,-0.91923295788943882,-0.097798344786239888,-0.037787532019780148,-0.12120770286893108,0.99190765456724428,2.8580306446525929,-27.134960082631004,-2.3029238530941885,,0.1524408594777927,0.5384615384615384,0,2
0.61398507968241212,0.76851062235557721,0.18003817721257248,-0.78834394480971415,0.58573651597013365,0.18821944251598474,0.039193706245273449,-0.25749593625106576,0.96548417708678502,25.499361198696526,-10.295566160892609,-1.4805915124958655,,0.3341741127700891,0.125,0,1
-0.43410927736471866,-0.89722413021488889,-0.08085787201020804,0.89979343061128914,-0.43621190021840867,0.009537312861267612,-0.043828273233727816,-0.068615146053787476,0.99668001093498837,18.376388263486586,-21.806988951662724,-1.8843489998649006,,0.2620542990300254,0.631578947368421,0,2
-0.86707674894749609,0.48981554520109372,0.090877076944594515,-0.49789813196379956,-0.85813105169568826,-0.12533374766042957,0.016594023671105261,-0.15392150530385545,0.98794372743764902,39.12552866296101,-1.8567735352499211,-0.82697880820341552,,0.7103891296463063,0.1578947368421053,0,3
0.5101397772449181,0.85930362904539681,0.036805988397496353,-0.85799021149893318,0.50543780363643498,0.091571958738430909,0.060084978526430355,-0.078293676402299131,0.9951180309847123,24.980741328563116,28.510647629387066,-2.1975316517921888,,0.3311236569259495,0.3636363636363636,0,2
0.41516406527949479,0.86918410753351227,0.26862201345343156,-0.90900512438909442,0.3844115178584071,0.16105113713402611,0.036721692975280634,-0.31104143156333314,0.94968665627988169,1.9220983031131034,0.48294492646905796,-2.3454898610091788,,0.2684434656125237,0.3558282208588957,0,2
0.099583855188995984,-0.94460390363005409,-0.31274034122984751,0.9947531830483255,0.08710878524551656,0.053648526058744969,-0.023434175917288795,-0.3164419769561474,0.94832236851144858,13.345682888376754,16.020524170594388,-2.3268520221721678,,0.7569088652209808,0.3,0,1
-0.77137904862147777,0.62725003319886008,0.1073860288857616,-0.63494858649611829,-0.74731593288146192,-0.19585502027799107,-0.042598777616334772,-0.21926306646022259,0.97473537528503329,22.625314601281517,-13.437216827667307,-1.6045327815555055,,0.493748683721789,0.4117647058823529,0,2
0.5418135921237931,-0.79436377073479547,-0.27463472310308729,0.84047597035240806,0.50965767143337593,0.18398152409763047,-0.0061785637562588452,-0.3305075758482795,0.94378311473389032,18.592463409807497,19.537243996345282,-2.2164326488724755,,0.6047669633949655,0.4074074074074074,0,1
0.76800921463035565,-0.63388873565530168,-0.091361463715225633,0.64041195862026923,0.76142844216712557,0.10049502831033917,0.0058625505555079767,-0.13569008168716123,0.99073398661432666,10.933046706778631,3.5099242555829471,-2.1145194823392885,,0.1921180106895047,0.3846153846153846,0,1
-0.85841589117953543,0.49897519844307409,0.11893657599383789,-0.51281537777367014,-0.82939914439152063,-0.22162456452627366,-0.01193926669821112,-0.25123855321448463,0.96785156056566901,-0.16690992955860501,10.897132189028101,-2.6360616238225987,,0.6039884563635909,0.2272727272727273,0,1
-0.36019582352158619,0.91750721337690633,0.1686400964152725,-0.93255813731863113,-0.34941646245867991,-0.090793481504285289,-0.024378048289669156,-0.1899701270310887,0.98148716833047822,37.641319323220479,22.981918736653672,-1.3739189021820168,,0.2507616137616738,0.1,0,2
0.97533784113537159,0.22045123360649538,-0.010832785918976972,-0.21795468343857347,0.96971049720370117,0.1102601812992394,0.034811659204685583,-0.10517987076586638,0.99384372170331292,34.522316463955327,-0.065182113221294399,-1.0095650535814777,,0.1188260356173178,0.1818181818181818,0,1
0.47668124779749288,0.85011810017167666,0.22377266088314907,-0.87827626557277239,0.44970204912995687,0.16247728561206135,0.037493857227161385,-0.27398409218204145,0.96100308423095726,6.1227087588707709,1.6799514976052652,-2.2395813476104118,,0.7717536534264607,0.3293460925039872,0,1
0.29128732067714996,0.93881278578943284,0.18379948327188539,-0.95602981350046967,0.27884287538920177,0.090849581963483333,0.034039572720361219,-0.20218111702868538,0.97875640657216056,-23.160088269385131,2.801972513828682,-3.0818369410967676,,0.2714594550855141,0.3333333333333333,0,1
-0.67385679918196939,0.736408421210762,0.06016353851049621,-0.73886183664306582,-0.67156963507390943,-0.055474422927431231,-0.00044782660331868523,-0.081834359633156717,0.99664584333391193,4.0490314698227667,0.98560547603175463,-2.292582240843192,,0.1872956560788666,0.3111111111111111,0,1
-0.79583017533940537,0.59493011885148439,0.11274965943457166,-0.60547196611091147,-0.7795077133672218,-0.16053480325086569,-0.0076177603690612402,-0.19602519859539899,0.98056926896706065,15.669721447151693,8.4954306789018563,-2.0313018569942574,,0.4507694212629862,0.3783783783783784,0,1
