axis_00,axis_01,axis_02,axis_10,axis_11,axis_12,axis_20,axis_21,axis_22,location_x,location_y,location_z,dbh,dbh_approximation,score,reconstructed,number_clusters
-0.91597289224690936,0.36906383098145279,-0.15743426987198428,-0.37279315381734257,-0.92789344215218938,-0.0062469574898500997,-0.14838775264741469,0.052968374264786192,0.98750970941656802,-5.8798459304863622,8.5906886728518703,-11.115162555157633,,0.08245289165209882,0.2916666666666667,0,4
0.086697904035742596,0.98549003491092402,-0.14592074741816127,-0.99574343084266426,0.090319658853001278,0.018367883883488149,0.031280878655961804,0.14370716863101551,0.98912575353923926,-20.940807077282649,2.2700087466405785,-13.630386903840582,,0.1251982956190677,0.6111111111111112,0,1
-0.71578336848031576,0.69764512815733515,-0.030748082302961711,-0.68674144519243308,-0.71121585704008639,-0.1501938485749176,-0.12665053044493174,-0.086390276380345118,0.98817830541099561,8.9963378000457013,-23.840031231590711,-10.00579790182028,,0.3606355242957193,0.1875,1,6
0.45126099264373837,0.88846093327758835,-0.083670105519857083,-0.88406759276892666,0.45785877607892372,0.093754107020782532,0.12160595353000757,0.031662457375036618,0.99207332433597417,21.192251103389442,-22.687811179271129,-7.875302932975714,,0.5361894304092945,0.8985507246376812,1,5
0.14591412007422599,-0.96586579823504659,-0.21403814931628548,0.98929720141193422,0.1423833877496711,0.031906397030087512,-0.00034182082894710237,-0.21640293596137511,0.9763040778701163,-9.8940775013643911,13.214252850037663,-11.513798927112576,,0.2329106691052162,0.673469387755102,1,5
-0.16520213969048708,0.98605890148954389,-0.019902156539416838,-0.98604208693828366,-0.1655559638474674,-0.017669907213427809,-0.020718490004821132,0.016705257488908394,0.99964577653494358,-3.6790107976238038,11.58768975210408,-10.643675715422479,,0.07491521487902988,0.2857142857142857,0,5
0.97965137111620648,-0.085436354161316827,-0.18161448306167399,0.1147827972844843,0.98078271729884681,0.15776619059684532,0.1646453780635401,-0.17540208332717472,0.97063175748931763,3.7173357706871442,-26.373987595933119,-11.014606590571667,,0.1571093440525594,0.358974358974359,0,5
-0.73339370077300126,0.67755942290935034,-0.055198805179378009,-0.67037923973934299,-0.7343117288198534,-0.10666752009913731,-0.11280671342160231,-0.041225154267113207,0.99276136712841057,2.3796716387996297,11.990034929699071,-9.7214386877266783,,0.1133760414571855,0.3043478260869565,0,5
-0.67928624686091299,0.72797434918283965,-0.092863026859112477,-0.72638680580647275,-0.68498037275764545,-0.056250309217523241,-0.10455813299731809,0.029244416024574227,0.99408870879589895,-1.4460162175071001,10.434875769800074,-10.327134232428875,,0.4131866656183228,0.7692307692307693,0,2
-0.60904315960358169,-0.69258672047140868,-0.38651010900977245,0.78447322444848333,-0.59785423657420944,-0.164839533891812,-0.11691103396808629,-0.40360122204588161,0.90743477104394965,8.7124683363768192,10.994303641071854,-8.7872259862063089,,0.415743757567711,0.1363636363636364,1,2
-0.83421062119323142,-0.50692988930166694,-0.21705927029501099,0.53571573945922124,-0.83833694952128368,-0.10099408677248531,-0.13077188529673642,-0.20053240735588893,0.97091990793061256,-12.937007040044023,5.9335767956076211,-12.275172479308122,,0.3756598950945361,0.5727272727272728,0,6
-0.91715973904288139,0.36814500682006684,-0.15260166130238001,-0.36966265609047011,-0.92896438634664646,-0.019356900364919181,-0.1488876548641028,0.038657765753487748,0.98809819520937114,1.0789599718180243,-31.609177566961247,-11.504716453526727,,0.08928684102697815,0.2105263157894737,0,1
-0.63011693414228276,0.77544959087816934,0.040380457080248289,-0.77083080874007837,-0.61839726345769208,-0.15298591060994607,-0.093661697637010627,-0.12752551334896639,0.9874030230057208,-18.348285914528709,2.9893316234085074,-13.235371469396952,,0.2973666775614798,0.2758620689655172,1,1
-0.964995388634311,-0.13782259921263851,-0.22313411003427575,0.18063514814989551,-0.96609551115934456,-0.18447332211089648,-0.19014426935193499,-0.21832176818640342,0.95717331887625345,26.324976333800979,-16.506173625831963,-6.9497128785605273,,0.2673310325807549,0.1428571428571428,0,5
0.87433691754987097,0.47086994453585812,-0.11754339599564245,-0.44451341904311076,0.87418823432970694,0.19545524104027898,0.19478905231042715,-0.11864411613016326,0.97364305513247451,-10.685050036282155,1.9235071807940443,-12.104628589663692,,0.6706368652126106,0.4797979797979798,0,3
0.94599828688967547,0.31137840433106806,-0.090170563478539134,-0.27762396431190955,0.92180144269263531,0.27056798533735588,0.16736838304034296,-0.2309233413191786,0.95846869265117218,-11.535121836301506,9.5581860154877223,-11.906741993866513,,0.3218195751348387,0.7758620689655172,1,5
-0.77121805498090445,0.62377365890726655,-0.1270005280497325,-0.62516801072276429,-0.77976948202143337,-0.033533763238954357,-0.11994861416628107,0.053534823820255401,0.99133564073835367,-14.529411852331533,-1.4942412235592608,-12.944775560427969,,0.1022358416754275,0.4821428571428572,0,1
0.81386608736594523,-0.52321308080040951,-0.25272527359761837,0.5665880638033568,0.8110517626664886,0.14550946440401796,0.12884082346527528,-0.26161634191106065,0.95653381113992209,12.30638293516005,-25.317236871780864,-9.4086464171637658,,0.4399733093161862,0.4038461538461539,0,6
0.9738973985325089,0.073268052080407958,-0.21483865964010332,-0.044631258373918702,0.98980703097744971,0.1352408673573498,0.22255765075048323,-0.12212220916749918,0.96724053788107844,-5.3694458015550914,14.040380328603314,-10.828331618272941,,0.3819877913410094,0.2,0,3
0.51539352065623212,0.85560870029932423,-0.047992403958082498,-0.85094042242895618,0.51759662580150156,0.089409901215305357,0.10134059572552449,-0.0052426072714102274,0.99483797611821934,8.523384967314346,10.004222675543378,-8.8721335611779715,,0.812553248795836,0.496551724137931,0,1
0.98603940715939198,-0.002170854023821743,-0.16649797272508013,0.02287461749967272,0.99220090173535258,0.12253212831660114,0.16493343931112922,-0.12463008460383714,0.97839884638558428,5.2060493365767329,-27.194195652362424,-10.745827933949119,,0.1355442388861713,0.3478260869565217,0,5
-0.84349436151611334,-0.39628201671258134,-0.36259871114047498,0.45904271753966824,-0.88236262461832182,-0.10351802814226589,-0.27892121748680337,-0.2537651707915724,0.92617827254195695,7.4914928084572781,-27.311241656274337,-10.38085573310603,,0.6458183535524876,0.1666666666666667,0,2
-0.32348694712479575,0.94292397566296904,-0.079060553753561469,-0.94522848680510585,-0.32586196768955128,-0.018896712561266748,-0.043580990947991137,0.068617447733313727,0.99669069580013481,-1.0125136163481501,17.45335092485135,-10.068313217423244,,0.2518206721223964,0.4074074074074074,1,5
-0.90054177085635867,-0.3692205975600461,-0.22956626337573294,0.40370193843133917,-0.90613544911392041,-0.12626675241682961,-0.16139784338606614,-0.20638483034495592,0.96506789292453965,-6.6680800475961819,13.222149049524223,-11.028268108803159,,0.3009988172125277,0.1304347826086956,0,2
-0.63128124981338396,-0.68516269295833498,-0.36336767579427831,0.76739487249263816,-0.61962056325839987,-0.16484983245169671,-0.11220112880921146,-0.38291309949573027,0.91694518098330913,6.0854779757409192,-27.597481397605748,-10.592165675237659,,0.4453188173402776,0.1666666666666667,0,3
-0.31915100999093565,0.94384375371125517,0.085449408435714316,-0.94693575555627041,-0.31396399406997566,-0.068842467102098681,-0.038148495000994903,-0.10288624304481207,0.99396132385585467,-9.8891705810429791,20.069890878030602,-11.274728742767087,,0.205387108673678,0.4545454545454545,0,1
0.92474832710537469,0.3545313880969983,-0.13837639383155692,-0.32082541306424528,0.92178762374082501,0.21766632962036059,0.20472319323410068,-0.15689191047424561,0.96616424203122653,16.607553507510193,-22.555089620718498,-8.6646608026308325,,0.5000747619400437,0.6363636363636364,0,2
0.2136828995198696,0.97689053896062139,0.0049490748639262477,-0.97169430520362488,0.21201837566764861,0.10420357774134861,0.10074619440766373,-0.027075510493419067,0.99454367477949157,15.304898230066076,-32.452167563045435,-9.1105897568037673,,0.4780461690103219,0.3478260869565217,0,4
-0.91639021502312779,0.3810155482532494,-0.12270340581720503,-0.37940054094566894,-0.92448456107183741,-0.03719577758222424,-0.12760957385713545,0.012467891926396616,0.99174611082217634,6.32431475403504,-31.955112069395287,-10.707823027684759,,0.2230995134000988,0.1818181818181818,0,4
-0.27694581649838668,0.95493718288294327,-0.10675200921589414,-0.96039215200010219,-0.27864982263771532,-0.0010912014400122729,-0.030788457263311801,0.10222158818741894,0.99428507874139771,-2.0319322294198305,9.125740548018813,-10.486438038371471,,0.07339662754329283,0.1428571428571428,0,1
-0.70666056019084333,0.70382506909823084,-0.072533611378681154,-0.69832050569323523,-0.71027183582408004,-0.088670122157548117,-0.1139268361673712,-0.012007970018326219,0.9934165715634764,4.9565868881479549,11.662924766623895,-9.3368833835610143,,0.1263806958518074,0.1764705882352941,0,3
0.73721894982416325,-0.62271437227473037,-0.26217366492965372,0.66483779117317821,0.7377311976586034,0.11723221156820328,0.12041150878602672,-0.26072876819348284,0.95787346658532191,19.362769582252707,-22.273706630001705,-8.1803844182065255,,0.1559382363715689,0.3125,0,2
0.30433335664889571,-0.83872870765763152,-0.45156988715123253,0.95190160306934124,0.2854741603362686,0.11130068218264315,0.035560457039180648,-0.46372260968305529,0.88526651081123742,7.5635529347227148,8.9702958574011564,-9.0450984175975204,,0.6219246166807981,0.2745098039215687,0,1
-0.96594329959477898,0.20801651589584896,-0.1538917511840858,-0.20080782577574233,-0.97771931445667704,-0.061165016517501405,-0.16318627109892447,-0.02817926991458666,0.98619276496631769,-6.192346528799753,6.7892040438431325,-11.225032086933181,,0.1229774507670478,0.1882352941176471,0,5
-0.95178157409468378,0.2966912681005498,-0.078013631159779773,-0.27702071421084662,-0.94046412109146871,-0.19694354733721098,-0.13180045186553413,-0.16583584767033782,0.97730604854134728,-16.066967963421138,23.284105301506941,-12.035936510379024,,0.2482298730933946,0.125,0,3
-0.98007856594262655,0.13373558223898116,-0.14683595820862444,-0.12174948557837227,-0.98866763734205954,-0.087825768621007744,-0.15691739018109474,-0.068198950986578855,0.98525419854121088,-15.170138665364808,2.6215833806832203,-12.769408571129626,,0.450125889368289,0.4,0,2
-0.54291341702902329,0.83547088241674528,-0.085049551695783779,-0.83617453430224731,-0.54718323159421456,-0.037452092685601283,-0.077827821466931305,0.050783025667009478,0.99567259403370867,-13.115383669436975,-1.0908427318783138,-12.706924892842446,,0.100274363990582,0.2446808510638298,0,1
0.35684211912161573,-0.82150937130303414,-0.44473144130147518,0.93172672289301872,0.34736224595464876,0.10594708081102198,0.067446392548674114,-0.45217454920266675,0.88937571429938145,-11.208756685706119,5.8386813884942006,-12.027866248247758,,0.4383634490353293,0.2388059701492537,0,4
-0.98600267292883215,0.042332365590204181,-0.16126592882793442,-0.031319936494006079,-0.99703911796797096,-0.070228618238310545,-0.16376138297904835,-0.064194766649534912,0.98440908233295055,10.829572533890776,-23.184608893362704,-9.6151706910094319,,0.7467873163444538,0.5121951219512195,0,2
-0.48673907454272081,0.87287434902167793,-0.034284750739619944,-0.87043413463567354,-0.48794128049286145,-0.065251237934869089,-0.073685077012526273,-0.001917709823944197,0.9972797159346467,-2.2943362930407365,12.616733930270627,-10.394214999382093,,0.1875560249774953,0.25,1,5
0.18248499657880016,0.98143292709507524,-0.059064673343957097,-0.97945948791660564,0.18670197716726306,0.076167468462433469,0.085780752816563222,0.043952034485650812,0.995344101861661,-4.3118336051721213,12.972033605606255,-10.683207776108439,,0.31213000183763,0.25,0,3
-0.88597631498574247,0.46308778654167537,-0.024406377039953731,-0.44131925831918412,-0.85815386438940633,-0.26231518688427802,-0.14241938604308743,-0.22163403842699836,0.96467355695574564,-15.134665722622726,19.740537687287841,-11.999214475371986,,0.4285884983644897,0.3181818181818182,0,1
-0.81912037098583113,0.5600044136479797,-0.12424521934794167,-0.55832545737164541,-0.82803699071136772,-0.051258420424419811,-0.13158457921344224,0.027382452564481456,0.99092668740163459,6.2581095678898748,12.300789899720634,-9.1059576345785214,,0.123060367773592,0.303030303030303,0,2
0.98255719947354825,-0.081308578662211375,-0.16724313079654446,0.11043513592339009,0.97871303041307744,0.17298810610337875,0.14961761432492315,-0.18844022695693849,0.97062085818724164,8.007363358886975,-29.837070618830669,-10.360769511438773,,0.3436519286859236,0.2380952380952381,0,4
0.6843748097518535,0.72844327335531056,-0.031646757819953672,-0.72004818202272025,0.6820424757184379,0.12786194461855863,0.11472460652750129,-0.064718303587657122,0.99128694424865993,-8.0880132486072398,12.773805421274792,-11.257005311920988,,0.2757341239246874,0.2777777777777778,0,5
0.29734560020453055,-0.91349995533776152,-0.27767503603477794,0.95444235109164044,0.29201277894093292,0.061386768752357032,0.025007848401431599,-0.28327789983177587,0.95871176011626635,-15.724608974837691,11.191163025636973,-12.464128160483405,,0.174149538938438,0.1428571428571428,0,2
-0.46442489270775617,0.87605167973501552,-0.12978048184086313,-0.88331350368289874,-0.46877077332802075,-0.0033490722432771105,-0.063771257199701434,0.11308145960725316,0.99153709474142349,-10.024362871758056,4.1179695419830686,-11.924690955651693,,0.7991644234401373,0.8473282442748091,1,1
-0.98532516436971274,-0.025679997773986683,-0.1687449500700007,0.045614879295595295,-0.99227764804561913,-0.11534449261192505,-0.16447979586151998,-0.12134911167117052,0.97888752665971313,1.0779673477615923,16.331269475823259,-9.8042007368540212,,0.2411957222792689,0.4545454545454545,0,5
0.98494255597212388,0.0044386377284081737,-0.17282494012790606,0.025576612964275304,0.98492878146424823,0.17105885628235029,0.17097952598008348,-0.17290342373263196,0.96998474614663865,14.964292958550582,-20.12596328342611,-8.8465377338648654,,0.3371175383269489,0.2948717948717949,0,3
-0.1096639132364625,-0.93441666792402456,-0.33887950194638627,0.99278137662301225,-0.1196298692099029,0.0085925911889564947,-0.048569170923381207,-0.3354909612770316,0.9407905455186244,17.996401398154809,-22.194790650540213,-8.3805325798112609,,0.4034986229999989,0.3333333333333333,1,5
-0.71500464928965601,0.69882545724792688,-0.020281316436626149,-0.69049126397342719,-0.71042661236493143,-0.13607293198894163,-0.10949961584661175,-0.083288707193197392,0.99049120409195512,28.864713030927373,-9.8914269805303032,-6.337597237074279,,0.525886949209788,0.5217391304347826,0,2
0.082202305527369249,0.9952684384577889,-0.051802667651207876,-0.99493726492069634,0.08496830198338888,0.053667741988886825,0.057815394473367795,0.047128792344554062,0.99721424834086425,13.118772697576075,-21.122147338276893,-9.1985585658654401,,0.4177724794501195,0.2272727272727273,0,4
-0.50323009484230741,0.86164841009442406,0.065738033335009188,-0.86125546193619584,-0.49386593828296377,-0.11973079924964436,-0.070700077298919653,-0.1168693817286641,0.99062760242398251,5.5185579216275809,14.153859962004601,-9.2156544214091571,,0.4725703831841387,0.6,0,1
-0.92545591426345941,-0.26934641625087991,-0.26642796176001055,0.33512863639350882,-0.90999406130613814,-0.24413030425694573,-0.17669224041766318,-0.31521947344726231,0.9324250831760259,2.2901139209784209,-26.574462864752395,-11.269693008094485,,0.4740756537124786,0.28,0,3
0.88152551784815525,0.47088530382328403,-0.034348100759645679,-0.45247520359439453,0.86335307286414609,0.22335546043973789,0.13482934218764295,-0.18135187404405165,0.97413168835941155,2.7419463937177002,-29.536667149351032,-11.309111388700382,,0.5255365697805948,0.6097560975609756,0,3
-0.97201807710287746,-0.15686055542530941,-0.17485886862521136,0.16511146187682663,-0.98570276596159978,-0.033589616439453941,-0.16708998456557095,-0.06152091780293785,0.98402038278206549,-4.2091943577610182,7.274543932104903,-10.897697473440681,,0.6368001767978111,0.8078817733990148,1,1
0.21618524602362846,-0.85538768868074444,-0.47071843118271678,0.97614228078643872,0.19936123047108503,0.086031084185339946,0.020253075390008701,-0.47808681412319853,0.87807904604242659,5.3402625107125381,10.752298923199239,-9.3250590781116589,,0.4625394455074912,0.1818181818181818,0,1
0.89404670757140969,-0.385013332372523,-0.22900921067967364,0.42924681243777302,0.88253476509688789,0.19204052282628276,0.12817042830830086,-0.26999467085627055,0.95429304671913051,14.207565314587669,-20.964091261617835,-9.0059390748350747,,0.167870865452359,0.1875,0,2
-0.75908977347232276,0.65022827996779753,-0.031399040428942399,-0.6342273106419487,-0.74956117660213561,-0.18950926353797165,-0.14675978415635532,-0.12394041496195955,0.98137675705787875,-9.8398171193329471,7.3071429707888882,-11.768736287364042,,0.5729525100415017,0.6704545454545454,0,2
0.50409524086667157,0.85692706676512354,-0.10753599574512228,-0.85789188150289664,0.51119048102837206,0.052017417827131533,0.099546510672113661,0.066032524950240284,0.99283946228063658,-19.070477764377454,4.8509518693030218,-13.222673644013275,,0.112111381957081,0.2631578947368421,0,1
-0.97020467414494815,-0.15995332880833521,-0.18198302907256866,0.17557866469331973,-0.98174310144360177,-0.073161569641501986,-0.16695814676680368,-0.10293403407537363,0.98057613771555974,-20.029164087521366,7.1748029713902426,-13.225105379797299,,0.148172358171916,0.2142857142857143,0,1
-0.52068602840962774,0.84445973158343035,-0.12559387545994688,-0.85054993659201439,-0.52581335580830613,-0.0092260618319556092,-0.073829974822750596,0.1020199813156606,0.9920388390733621,-17.662911457131944,-1.098301901658348,-13.380248689050914,,0.1034640492683188,0.3714285714285714,0,1
-0.97845172840816952,-0.067228105202471897,-0.19522447860335049,0.11247602138245633,-0.96645169125300479,-0.23091182968435955,-0.17315126274167891,-0.24789415149432395,0.9531878775277568,-6.814647651098003,18.469059249107339,-10.890078452238187,,0.5395142652176104,0.4528301886792453,0,5
-0.94140024707312719,0.30186097580623095,-0.15048430514829789,-0.30011169212385869,-0.95327073491572989,-0.034754542203562146,-0.15394332418526699,0.012444164838791946,0.98800131361261623,-7.6606470900675596,9.5105251281013867,-11.331419470444134,,0.07568545123241491,0.2857142857142857,0,5
0.34058898798051329,0.92874548807521817,-0.14639316803162297,-0.93819781736518282,0.34590129529121461,0.011711080525184674,0.061514199642173639,0.1333570856602122,0.98915716190431446,-4.5862409786591627,11.303727226560719,-10.767849686985361,,0.08586594726263673,0.3191489361702128,0,4
0.073888427294578757,-0.93516636134343623,-0.34641647900123129,0.99254646980641648,0.035203100555762583,0.11667153460069368,-0.096912360340431977,-0.35245512951713109,0.93079717236909787,10.666635258082293,-33.172020762231952,-9.8976339217447151,,0.3531361691170511,0.25,0,2
-0.52953844469976108,-0.78134674921737202,-0.33028214161895553,0.84193815984488474,-0.53164477123965415,-0.092162748497131339,-0.10358170968838093,-0.32688085704271724,0.93937198953186329,-7.9303434571829161,-5.7837464839036006,-12.190417791392631,,0.2576217261360715,0.2901234567901235,0,1
-0.64483782483540075,0.76000357983843936,-0.081109421735744106,-0.75790464981169814,-0.64953513924662476,-0.060701274102572207,-0.098816605160049018,0.022330730320018387,0.99485507337904189,-8.5198555093472432,2.593385970578006,-11.786751642706207,,0.1272636099198159,0.4017094017094017,1,4
-0.90386153227599464,-0.37053832685103777,-0.21385901619086412,0.40023396511440723,-0.9089542761141941,-0.11668289121598081,-0.15115258396894951,-0.19105881887040541,0.9698708285598423,-15.570985664486543,6.8831770713259735,-12.587028909382127,,0.1693657814373141,0.2380952380952381,0,2
-0.0099415143421874921,-0.93167967818339403,-0.36314479695111934,0.99994438286138765,-0.0079839461601470749,-0.0068911383434299102,0.0035210050469287779,-0.36319310822728651,0.93170723334084971,-15.921249281084418,17.164796631737783,-12.206556548047081,,0.4243332876808756,0.3703703703703703,0,3
-0.16797640035348263,-0.95535329739807717,-0.2430720182886284,0.98512143864850577,-0.17176587671564011,-0.0056775620829504726,-0.036327400669257312,-0.24040915279316699,0.96999162842464115,-16.740670286907608,15.696806885898269,-12.371118376606772,,0.119158985004278,0.125,0,3
-0.67647444620388464,0.73645343986658163,-0.0043190903933392182,-0.72933907427533895,-0.67073036962281218,-0.1348528308966348,-0.10220977628553204,-0.088074412710637706,0.99085622542190099,22.198333623080117,-24.416936068971484,-7.7835741564074654,,0.2090193190160036,0.2727272727272727,0,2
0.61760523990639848,0.78642886244319676,0.0096649861076169991,-0.77575217772682181,0.60710498331959584,0.17213976292712765,0.12950801671037357,-0.11381205360072258,0.98502512153900568,-4.9662470310785594,15.942101267670683,-10.709679495601414,,0.463624785071899,0.3448275862068966,0,3
-0.52685301229922643,0.84569995685017707,-0.084955790943530007,-0.84664646452456238,-0.53098570959292235,-0.035269538076937057,-0.074937757767969598,0.053345657664990949,0.9957602991026504,-1.1096888784572525,6.1238753407138002,-10.455647232095206,,0.458303243507896,0.5431472081218274,1,1
0.81092236775495652,-0.47351063716418235,-0.34379149199342357,0.5710799395893229,0.76850228752899652,0.28856877284514698,0.12756416453436109,-0.43033929701465662,0.89360812069473761,5.8395667723774558,-30.109621803641108,-10.704763833666968,,0.1702593665168578,0.2352941176470588,0,1
-0.51364043758077471,-0.83099946799664626,-0.21357290341033741,0.85207811791948673,-0.52324504773061076,-0.01332294968001489,-0.10067959994266867,-0.18882400327999013,0.97683627796100136,-6.8697670802581889,5.8551429262959314,-11.399092855440539,,0.06680774374768403,0.2258064516129032,0,2
-0.88545728297519699,-0.35352894982068483,-0.30163335635314914,0.4249518922899298,-0.87866714152648384,-0.21762339865208843,-0.18809914743397971,-0.32087588884233986,0.92825501598119498,14.707378185232582,-22.919498672108976,-8.9567664159273193,,0.3646361873941222,0.3125,0,3
-0.89357278333173584,0.44512457281252377,-0.058239124025379584,-0.43335955790504244,-0.88917193334854083,-0.14687670515628079,-0.11716302514497275,-0.10600654519267715,0.98743882742942224,-8.6484917747097594,5.4217315994137465,-11.681192059573682,,0.2723404614799388,0.4960629921259843,1,2
-0.080514663451509691,-0.92210185969673075,-0.37847793768345506,0.99629445764365043,-0.08597189011324699,-0.0024875246532923391,-0.030244712559967985,-0.37727575386471224,0.92560696999751391,-7.2089662418641467,14.785006882607727,-11.034344885241834,,0.237794711178149,0.4117647058823529,0,1
0.077314196851895639,0.9955887637145111,-0.053155700828399391,-0.99615997052373528,0.079335599363004869,0.037029391027454006,0.04108318501890576,0.050088683743184467,0.99789944166212374,6.7640585955077661,-25.221960133502705,-10.407470178667729,,0.5214351106900218,0.4942528735632184,0,3
-0.41990881131077101,-0.87183494295789954,-0.2521515861960249,0.90347537682828705,-0.42790848792211211,-0.025031368903761477,-0.086074581895934102,-0.23832364171816389,0.96736394813412019,17.13085323300735,-23.852817774861485,-8.5743418773386502,,0.4198691264286372,0.8,0,1
0.02566841135910209,-0.9535952381836047,-0.2999954239181894,0.99944929881678102,0.018167068999530876,0.027767907710356841,-0.021029307001052804,-0.30054297416096842,0.9535364119578944,-7.6918008842207817,17.025050322174405,-11.058568777414854,,0.1982635842272639,0.5,0,2
-0.55615077307787941,0.8291543171891107,0.056563556213672234,-0.82720117057784037,-0.54570144601839066,-0.13397072519057479,-0.080215590750977589,-0.12129736229653743,0.98936970284134695,15.078232609182121,12.749775706156212,-7.8203886702078789,,0.7554879939709647,0.4504504504504505,0,1
0.35319189315591309,-0.91003647407392074,-0.21700023609215052,0.93451040868303781,0.35411386961376534,0.035967532723654237,0.044111026648719444,-0.21549242028960605,0.97550870530494227,-12.899920469824334,11.912802787070701,-12.008944796606256,,0.1979850861704522,0.1666666666666667,0,1
-0.46022536548842102,0.88742224822780846,0.025968563906218663,-0.88714720161523453,-0.4585657628800483,-0.051839017935313404,-0.034094803523523114,-0.046895569775208749,0.99831775998834726,3.4199879663631214,14.568208032887314,-9.4746587676114409,,0.5071029163428822,0.6785714285714286,0,4
-0.7473764666060132,-0.58998585639858414,-0.30552431394757951,0.65374346391874194,-0.73505591161632933,-0.17975619650351599,-0.11852383957261262,-0.33408007430482201,0.93506288740675036,12.460626883635571,-19.290982981013631,-9.2685752747018739,,0.4972122639369072,0.525,0,2
0.9850046342990485,-0.069407626502101319,-0.15795078914884755,0.091319871599665925,0.98649185348150836,0.13599450013011516,0.14637811127494255,-0.14837925865148455,0.97803734291775268,17.966867858165095,-18.771943242267977,-8.3248633456112877,,0.5163827871929308,0.7236842105263158,1,3
0.1653913184320962,0.98581632952497744,-0.02849344186291853,-0.98439117128306786,0.16677686190328456,0.056209431892199589,0.060164222651373597,0.018752140560354413,0.99801233636521869,30.072100824472653,-14.704134518233399,-6.3702388832601056,,0.2437864782993124,0.24,1,3
-0.63297205837277992,-0.69304700936439734,-0.34501045800148222,0.76485208363965718,-0.62876963018727317,-0.14017860859002662,-0.11978173262815332,-0.35261111009896734,0.9280720562345216,0.098134307349077979,-0.75260309702184691,-10.429002412622987,,0.1555579992682862,0.300705467372134,0,1
-0.6553064830619505,0.74536042413424719,-0.12252041214178606,-0.74894146538327022,-0.66223664484811584,-0.023006687068566328,-0.098285780693535246,0.076684185819022421,0.99219929497996351,-17.475235367679868,4.0549798006299653,-13.057531211975929,,0.9395070819392335,0.7868852459016393,0,1
0.98246648007152892,0.11976545201558461,-0.1428840510321685,-0.087492136263668835,0.97292648968111339,0.21391393542452111,0.16463517737069513,-0.19766204031196608,0.96634619893277951,14.976083847500961,-21.93994723329196,-8.864400777559732,,0.3013754022762443,0.625,0,4
-0.98292273109088335,0.074995095275109558,-0.16804356693880065,-0.07603796642948582,-0.99710489673168123,-0.00022929232523182452,-0.167574259258713,0.01255231446304852,0.98577954281650293,-6.2142037245931876,10.933946747757451,-11.078637417576685,,0.08341488069432329,0.1785714285714286,0,4
0.8705224613221344,-0.45205457335877258,-0.19451814064264633,0.47203673352284209,0.87877582215571193,0.070245117977259353,0.13918321212969528,-0.15296966071731896,0.97838045583570921,-14.984964909742171,4.874642757133592,-12.616422658381493,,0.1080229568080785,0.1333333333333333,0,2
-0.96520297853209902,0.23195770445663716,-0.12074284068205791,-0.20209305952229784,-0.95467785657393534,-0.21851449713992549,-0.16595663748606873,-0.18650955340304934,0.96833495287721272,1.3061149145323068,13.406591929015361,-9.7929895074701925,,0.2299139311076583,0.2068965517241379,0,2
0.89304412099462305,0.40340701686132119,-0.1993363406506499,-0.35871440263955334,0.90571033644839727,0.22586005354971617,0.27165451458772161,-0.13019817662925226,0.95354719836331592,13.525869049236485,-23.43118077610017,-9.1957521706724705,,0.2742675775962171,0.1818181818181818,0,2
0.73268561480484173,0.67780015681426342,0.061308541661105914,-0.66704193288133673,0.69733429291925619,0.262259306215684,0.13500685032983251,-0.23304898914468961,0.96304793184070403,-0.6385971090109529,14.889677818117207,-10.083016951776395,,0.7519367707537701,0.3114754098360656,0,1
-0.71254869619351235,0.68916082696235947,-0.13164995303258573,-0.69312060351092808,-0.72053380240099885,-0.020368323107336005,-0.10889529164097016,0.076735872824350723,0.99108698976442677,-13.257887282238221,0.71638984060229538,-12.628098483119119,,0.08553440580502622,0.2978723404255319,0,1
-0.98409529370635795,-0.048451880830365078,-0.17090602139479535,0.067249062726877321,-0.99209281602511901,-0.10596890087995968,-0.16442024348405115,-0.11577676638838337,0.97957221474340339,28.99891574711879,-15.157019778714277,-6.5078019905545528,,0.1593742477382495,0.1818181818181818,1,2
-0.096059283827387945,0.99537419318374831,0.0016821219846321236,-0.99537289670518525,-0.096054935240511466,-0.0024991840008085188,-0.0023260471401220545,-0.0019144084577252798,0.99999546226218405,-5.7620888378571538,12.063232620875235,-10.990761375302906,,0.3615379219894599,0.1777777777777778,0,3
0.98256490350227121,-0.081245609956429876,-0.1672284702686149,0.10056392128362657,0.98877661389480342,0.11048848605528155,0.156374896136285,-0.12537925935949404,0.97970757534114838,12.139604518495519,-29.567380987108592,-9.4758509694314412,,0.1448997961567459,0.2307692307692308,0,3
-0.89626920629725304,-0.39624531124900025,-0.19922641179440712,0.41424320339711768,-0.908388138829338,-0.056864379654269291,-0.15844266560048159,-0.13349397944234617,0.97830224326128379,-9.1637451937254522,13.584263974350552,-11.376079652220685,,0.07945603453358262,0.2272727272727273,0,1
-0.62470266000800367,0.77800438656647386,-0.066751487341109306,-0.7753102710272658,-0.62816629349120356,-0.065582706265840493,-0.092954667545814107,0.010783422687114453,0.99561194628057725,7.8272049827003416,-25.938971181129247,-10.259647010555987,,0.2621997057021713,0.4705882352941176,0,2
-0.87063277593852451,0.48529534128565377,-0.080541921929024873,-0.47166253294204818,-0.87000772450420638,-0.14360018914230402,-0.13976059702316521,-0.087034424393196766,0.986352870168823,23.193968781233988,-13.978382570600484,-7.3704604223203463,,0.7387687663635578,0.21875,1,2
-0.40838975090492308,-0.87162111252841312,-0.27109859378194273,0.91263234572815299,-0.39570841189486233,-0.10255269029321078,-0.017888904006232834,-0.28929481321029221,0.95707288027771353,13.690502359617055,-0.51930306518718383,-8.4352730600963373,,0.4897527608889078,0.2592592592592592,0,2
0.43869744767353963,0.89164068961083087,-0.11189919586414737,-0.89323182525979916,0.44630015268733603,0.054342249256973174,0.098394388802250377,0.076112116916962749,0.99223257853723446,25.896760491343542,-19.628785819620347,-7.0852057244818925,,0.2135467897336403,0.4736842105263158,0,3
0.73152197813473829,0.68177789379324971,0.0073823465565459817,-0.67094502610611462,0.71788839574640073,0.18565835073092121,0.12127805840013321,-0.14076631268702258,0.98258662608606417,6.7475569222153036,17.539516488925042,-8.9134853125432052,,0.1751981920229561,0.1666666666666667,0,3
0.89193267202129056,0.43554008221404361,-0.12149463101695128,-0.42441438604913778,0.89908560388661207,0.10731964311522507,0.15597607988244372,-0.044157826812808068,0.98677330164312604,-14.510447290795231,6.1602788684527177,-12.501290962103441,,0.3319546778404332,0.5167785234899329,0,2
0.4094794562510955,-0.84632940294786796,-0.34066569626866205,0.90826152015752326,0.41335061358395458,0.064825004827714805,0.085951066947724045,-0.3359580508868234,0.93794701456685414,-11.072818392792025,11.32026508667866,-11.768700798058033,,0.6877202057757088,0.3103448275862069,1,2
-0.98395610284256863,0.08931993008588919,-0.15444202073372332,-0.067305463714240107,-0.98752950348840407,-0.14232165785345702,-0.1652282125820983,-0.12964347198913342,0.97769740100786162,6.8524249345582255,15.591733183936261,-8.969079632205414,,0.1336694972755426,0.2068965517241379,0,1
0.11363552846004232,0.99351379170000398,-0.0041608140415023229,-0.9935078886400468,0.11365557643640027,0.0049482476601190005,0.0053890520134071071,0.0035715048355881387,0.99997910101741938,5.0529978688440025,19.769051974183061,-9.1066893565467808,,0.19476958415045,0.1666666666666667,0,2
-0.9035958414414379,0.42370885134569453,-0.063129744344897848,-0.40524262513153253,-0.89322881619966055,-0.19473237195458093,-0.13889913644887836,-0.15037649816997767,0.97882273098446748,20.77788991102291,-0.82206487488387192,-7.3255871087272562,,0.2526788073273071,0.1621621621621622,0,2
-0.30887010714481439,0.94770438649743471,-0.080347076647954901,-0.95024563888278879,-0.31107688963987778,-0.016260212674510399,-0.040403993572317366,0.071327165550726823,0.9966343124526208,4.9461156088316596,16.339752407075366,-9.2475209197682808,,0.0732400982933782,0.25,0,2
0.8133139295578794,0.57103006396799105,-0.1115576892546363,-0.56527847225727534,0.82092461887873491,0.080888929534800466,0.13777046414091404,-0.0027269329872662684,0.99046042982386795,27.113939703964949,-15.067572327044941,-6.7511470203011736,,0.1982251351869751,0.1944444444444444,0,2
0.96941405801834069,-0.095619025328695997,-0.22603846157590768,0.15461784322909242,0.95317709686540963,0.25989756552613702,0.19060353268393709,-0.2868979330814691,0.93880768495042899,19.601559736251719,-17.397501832712827,-7.9838888511036634,,0.5398965868073966,0.7419354838709677,0,2
0.71541120594305785,-0.58329936996370813,-0.38464093829315921,0.6900810714858876,0.67609636923541461,0.25822822131513884,0.10942998303933855,-0.45017279405427463,0.88621077307002949,8.6675520427393149,19.015858028509978,-8.5720672327579681,,0.3991534552311812,0.2857142857142857,0,1
0.81088228295789067,-0.5253240629674284,-0.25788476506454283,0.57179264493254911,0.80503488067740769,0.15802535269302112,0.12459171074369677,-0.27559657066100662,0.95316495731528739,27.52293179703047,-13.852350076341368,-6.6895720788652513,,0.3408507054776776,0.1111111111111111,0,2
0.98013528938205374,-0.09149297410696916,-0.17596548012897234,0.11171936969219927,0.98777816479261893,0.10868799195175127,0.16387067139526829,-0.126187688971578,0.97837777479278287,12.165795319809199,-23.504854709386123,-9.3795801603383282,,0.826539728990527,0.7402597402597403,0,2
0.030050376831887358,0.98637494906869638,0.16174496808861949,-0.99931142821432062,0.026124003979500283,0.026347786554737958,0.021763370430991278,-0.16242535598177399,0.98648079527260835,5.4732787675843264,8.2916879923933013,-9.3775024281029857,,0.1361677607645352,0.2527472527472527,0,1
-0.45166766705776912,0.89200094602540836,-0.018183256704145331,-0.89006395876903532,-0.4519045756174867,-0.059736118357090806,-0.0615017709906414,-0.010796611772028727,0.99804857864698115,13.561827862442895,16.75933988902867,-7.9182539909393457,,0.8905825901201982,0.4375,0,1
0.9345493686512808,0.32931755910035759,-0.13478658249868519,-0.31616147833286296,0.94229112158890216,0.11013338182906821,0.16327705647723764,-0.060310757273567384,0.98473509909275492,-8.8761687342256756,10.640413845459889,-11.477373483489297,,0.3582197862213684,0.2702702702702703,0,1
0.49444319603985615,0.86207884447824679,0.11111251861488775,-0.86366645795715169,0.47284508494853777,0.17463612180691129,0.098011097788161902,-0.18231179759703298,0.97834361712401374,13.139804617942783,-18.867416616646448,-9.1525413081448743,,0.4955629971204982,0.3103448275862069,0,1
0.70978357888225196,0.68930495567905103,-0.145141135538493,-0.69145224385822401,0.7211208355130525,0.043342070236473816,0.13454020073022227,0.069594674115611405,0.98846118574388786,4.1683020931399826,18.137069108535897,-9.2720440454322333,,0.1399302804831367,0.4375,0,2
-0.33641986465188867,0.93148349611996528,0.13842026991640854,-0.94081171485062465,-0.32602151305502219,-0.092646048081613225,-0.041170278933127413,-0.16139538246629129,0.9860306986352545,26.712966086828818,-30.685800994226746,-7.4186386078703386,,0.3000532984806941,0.3125,0,1
-0.025839172277455549,0.99278919352410966,0.11705534758294664,-0.9995902045390711,-0.027102450134043273,0.009213044354064533,0.012319097594963467,-0.11676932139256506,0.99308265789709871,1.6253095587308113,18.89268194296984,-9.5903002146905614,,0.4925588259269352,0.375,0,1
-0.9843260958702762,0.087670193046352263,-0.15302311668501395,-0.061216718505204888,-0.98358592230221664,-0.16973876052437908,-0.16539241326081006,-0.15771071840592613,0.97353617238172141,28.488328893500711,-17.951965636136226,-6.6322520666290714,,0.56004978232489,0.3928571428571428,0,1
-0.98251653305025677,0.10004384873331898,-0.15701111621005837,-0.086885083417057668,-0.99227421278022154,-0.088559973639350378,-0.16465796234168148,-0.073369714337840466,0.9836181375185542,14.187375570230008,-26.034149592291413,-9.094693122701468,,0.2011748999972636,0.25,0,1
-0.98571097706629229,0.06863492021661001,-0.1538282074844366,-0.027473568250362217,-0.96650164944325201,-0.25518574543078576,-0.16618986954266499,-0.24731318070481539,0.95457693137382038,4.4453907184157933,-34.039786484242505,-11.072330259810251,,0.2388105108461138,0.1333333333333333,0,1
-0.3479999922287918,0.93327058486496295,-0.088893311528881302,-0.93649867029790279,-0.35043339231423098,-0.012910386570518404,-0.043200068738612124,0.078755653618963473,0.99595747955624558,19.145654692053153,0.66095381082641991,-7.5656732714400983,,0.3057558686353403,0.4583333333333333,0,1
-0.71284871254280668,0.69562446849936399,-0.089181342505260233,-0.69280323660536447,-0.71823237720715527,-0.064543998020651305,-0.10895131194801816,0.015775016841069123,0.99392190863692609,2.5902643137189161,16.434480446927701,-9.5369109243876249,,0.06809901550788124,0.6,0,1
0.52609887776270681,0.83593622763651154,-0.15630289230100536,-0.84415833383113281,0.53559539989464866,0.023114390217734426,0.10303726626937831,0.1197839343840843,0.98743867193016288,8.0127149874301278,-27.875956940848628,-10.331801127301924,,0.1752494801665191,0.2,0,1
0.97095169885844612,0.18893506167216234,-0.14682077834840987,-0.17134526501769878,0.97731179441679994,0.12450886173212024,0.16701376781544469,-0.095735045645520461,0.98129567531674067,40.230099044484419,-2.4603129070428098,-4.9833048120063941,,0.890333609666303,0.6190476190476191,0,1
0.26169549066840314,-0.92813061767414307,-0.26474332229470471,0.96474024825134319,0.25954767893222791,0.043717911258776027,0.028137582834366213,-0.26684931871134182,0.96332741969463975,26.697605208158866,-21.452229363117954,-6.9571333890034541,,0.1827382870198529,0.4782608695652174,0,1
0.98142775443990193,0.11345729368204042,-0.15468356514316525,-0.093531059077763296,0.9870226440313894,0.13053061386922979,0.1674858316480668,-0.11363864958557565,0.97930319795123899,21.878307956163379,-18.281903716781777,-7.6567557524487642,,0.603945075838227,0.8571428571428571,0,1
-0.36991143544162985,0.92387614004300866,0.098073481577558047,-0.927874975718882,-0.36202701995499859,-0.089355840643949913,-0.0470484788722959,-0.12405367661513994,0.99115948562987044,28.663707933222955,-12.971797621878224,-6.4645963075795532,,0.5393759251944812,0.25,0,1
0.14047255415179308,-0.8957548496711657,-0.42177092220855916,0.99005824410350696,0.13019241082108227,0.05324105039604872,0.0072204440827159048,-0.42505668499058041,0.90513793409185239,0.37666656227788092,19.282459410994555,-9.762177473036429,,0.3858600504305947,0.2380952380952381,0,1
0.84186829331851032,-0.4368709784282051,-0.31686199663601489,0.52288493530115399,0.80562198056703915,0.27850416309698028,0.13360060306782665,-0.40014618907897204,0.9066608551302352,29.565225127761256,-12.423938403607112,-6.3563364127935724,,0.7041707559592202,0.4680851063829787,0,1
-0.92216173835900916,-0.30799504276090384,-0.23400167080898887,0.35135184630685073,-0.91998384774308872,-0.17372852381974485,-0.16177023336651425,-0.24242271660578679,0.95658853122437815,4.9401275296871434,22.336901839841534,-9.0792243493984142,,0.5539920230278388,0.6,0,1
-0.69930497971794092,0.71278970723741608,0.053883008435770159,-0.70685631586331354,-0.67832049858979704,-0.20058776113470372,-0.1064269423869444,-0.17835956506251166,0.97819280895173144,34.148682967230584,-9.7538105576365339,-5.5831929514089813,,0.4188957106562929,0.3157894736842105,0,1
0.083946475568149506,0.98669647868733268,0.13922301600563403,-0.99599353606525853,0.078762037148357514,0.04234876173472054,0.030819885721875467,-0.14222025330542667,0.98935511025810741,19.394193307972902,-14.736134131825427,-7.9760241777964156,,0.7667358268402263,0.2424242424242424,0,1
