axis_00,axis_01,axis_02,axis_10,axis_11,axis_12,axis_20,axis_21,axis_22,location_x,location_y,location_z,dbh,dbh_approximation,score,reconstructed,number_clusters
0.27599746563880645,0.95979317965577893,0.051209874508766219,-0.95906241107815049,0.27148779497475545,0.080583303709317933,0.063440449383014783,-0.07135425331396078,0.99543150438193684,-10.915750272161553,-12.898714056665264,-0.8363077716836842,0.3549531089291868,0.214253746504829,0.2692307692307692,1,4
-0.69977053782127641,-0.70360074566936537,-0.12356045115989361,0.70567742003457445,-0.70773619355837558,0.033598499681538954,-0.11108813280756134,-0.063682580200683195,0.99176809574028668,-1.8923288848489586,-9.2430631370082157,-0.54026105371983679,0.4448371240517337,0.405965191661288,0.9733333333333334,1,5
-0.86094247556424797,0.50009021668792042,-0.093208523978942776,-0.50458053494758881,-0.86278686483912681,0.031580209199366327,-0.064626136518513622,0.074219950377909391,0.9951456483573603,-5.8148902147925474,-2.7916467746906823,-1.3663859311962312,,0.07317074660359982,0.376865671641791,0,5
0.88810468239877705,-0.4435065915117512,-0.12071444150141142,0.45444659901374906,0.88661770731414613,0.085949576624004292,0.068908357593298705,-0.13119048884213114,0.98895939951605616,-6.5342790115096347,6.4849404127083794,-1.9205548768963123,0.2821583526301221,0.2557004965767327,0.9050179211469535,1,5
0.99433152804998437,0.0084734009526617974,-0.10598591322472979,0.02025262173621932,0.96347457513302626,0.26703290880534802,0.10437740961814557,-0.26766573286196188,0.95784153794501714,9.1695633342793137,3.7083226684737776,-0.64630012251055291,,0.7164671815550331,0.375,0,1
-0.95431135497983477,-0.26979704647276453,-0.12844995706937876,0.2741049017809174,-0.96155314773642186,-0.0167942519289449,-0.11898042097852056,-0.051235708180449195,0.99157378022566822,-0.050647782980000174,13.781464472646588,-1.6780357746400245,0.2565434552520678,0.237584800580332,0.6206896551724138,1,5
0.80258119868187283,-0.58141114961006612,-0.13350840659475416,0.5941650552818708,0.79906786151900699,0.091969776390579572,0.05321002353185271,-0.15313924316302172,0.98677102997564581,-17.17336257278599,-6.6060033952731461,-1.59970271299546,,0.09412890021460275,0.4444444444444444,0,1
0.18509127364443664,-0.96699787935425496,-0.1750894678301734,0.98219485280193264,0.17620099137136735,0.065165034866384822,-0.032163512713478545,-0.18403345338312915,0.98239360568247236,10.758580299920274,-14.548366022242806,0.62803576366191416,0.1912792435015583,0.1282555137094089,0.3846153846153846,1,5
0.59554657913540376,-0.79297130647734693,-0.12853318320079082,0.80305355755073926,0.59180501288121778,0.069798355523347871,0.020718488970488429,-0.14478720189392247,0.98924587963888355,-7.1700482848715508,-1.645731761324349,-1.5518295531902371,,0.07144859714072195,0.4389438943894389,0,5
-0.96948743184767183,-0.18013243661930528,-0.16627214068207324,0.21562949536382889,-0.94927426710179241,-0.22887176878657803,-0.11661063510052458,-0.25774148113167239,0.9591513377384745,-15.605959988533732,3.4059061247425211,-2.1974188057294439,,0.1104164283234888,0.55,1,4
-0.031119095329665517,0.98995856690952888,0.13788994781453576,-0.99839586146877768,-0.037315550673625998,0.042582314168469131,0.04730016604496598,-0.13634363014221171,0.98953176240672669,2.2433285006752204,-11.272098419071291,-0.10969436834135794,0.7513743051563122,0.4591174263462059,0.2222222222222222,1,3
-0.1789158766384738,0.98385903657564999,0.0032411780452466831,-0.98336252958408643,-0.17892885258641292,0.031346469053107479,0.031420447111303013,0.0024211279487513417,0.99950332347760706,4.4205413880176803,-4.1960607601153264,-0.61185455749093343,,0.1266646263067541,0.3265306122448979,0,6
0.92904935237198616,0.36824320703645658,-0.035556171457281391,-0.35083834818965454,0.90745773859751266,0.2311555885092211,0.11738719818084502,-0.2022804813396363,0.97226686283769681,-18.56588493617377,-10.896164549207857,-1.3333546283868767,,0.2330062297776465,0.2222222222222222,0,1
-0.60530924315844459,-0.77004687068548339,-0.2015652179678987,0.78882326667240332,-0.61421279465045331,-0.022371786785136405,-0.10657661142685367,-0.17254118301198579,0.9792195698930829,-17.538970670045817,-9.7932845303471083,-1.3807824531188759,,0.1400156286459096,0.3714285714285714,0,1
0.74303152024655772,0.66840841584910837,-0.03368010602976966,-0.65943518640278187,0.73978978405930584,0.13362750590883538,0.11423394790524971,-0.077079601864391126,0.99045915621110259,-14.762268515499406,-10.118882181135884,-1.2199658149322228,,0.4588016559468876,0.28,0,1
-0.71736880138627968,0.69408192011210812,-0.060268490698731692,-0.6956508002115469,-0.7183412003133085,0.007475566698991392,-0.038104684261236289,0.047288562104653493,0.9981542089934935,-6.3502578055043806,-11.124567098918705,-0.72367606907475002,,0.07106096410000022,0.2631578947368421,0,2
-0.95702830625806345,-0.26411518114390475,-0.11974970609628473,0.26739553895002377,-0.96351320428819998,-0.011913476063434222,-0.11223389314485385,-0.043422071019357363,0.99273263116407173,-10.344202405668947,16.644710612485856,-2.5960510459916342,0.2672262095199398,0.2881159720043016,0.8295454545454546,1,5
-0.973875435747937,0.20896488960937451,-0.08888369117733462,-0.20896645045188761,-0.97787770658458451,-0.0093922068978731909,-0.088880021558866887,0.0094268698630883829,0.99599772885899673,-33.529237567733595,1.7732806412140301,-2.781345691809745,0.2184374132701338,0.1426029590458669,0.3157894736842105,1,5
-0.90897255643975372,-0.38760088934597681,-0.1534093941634195,0.40109539821223522,-0.91346320299878159,-0.068610919686129562,-0.11354018307343049,-0.12389724510825821,0.9857779159030885,-10.564688901115362,14.737733899618563,-2.5776813702882424,0.2071074393884875,0.1242876730844767,0.3333333333333333,1,5
-0.99283222179805808,0.061729340141237557,-0.10234093963443323,-0.058164973396702437,-0.9976040361903511,-0.037456946571779247,-0.10440792704240523,-0.031235805455400403,0.99404391715268769,-0.92493597152942819,6.7147409924440433,-1.5071874781910246,,0.09481213955174798,0.3552631578947368,0,5
0.96677831835435213,-0.1925312352873175,-0.16814103187107937,0.22279641231750139,0.95713953274101948,0.18505586595067397,0.12530539421103021,-0.21636921754964009,0.96823701637490345,2.4160422211644637,15.172287111032217,-1.4968701055784408,0.4791495126668259,0.4838580750097995,0.4881889763779528,1,5
-0.34647010222457048,0.9358023810314301,-0.06505668236547707,-0.93799617695635773,-0.34479659636300525,0.035755826822283253,0.011029065225754508,0.073411244318522084,0.99724076778271187,-14.708107807296376,-7.6209612082227736,-1.4236734145345902,0.2795066038496545,0.2373568672993108,0.7083333333333334,1,3
0.95692221500074259,0.27625245049851765,-0.089355794617016385,-0.26732720490624989,0.95839034983900684,0.10012044173134495,0.11329624863642278,-0.07192024005126739,0.99095481184354883,-13.990574394771075,12.392907457096848,-2.5837758427026749,,0.1392672866034824,0.2173913043478261,0,2
0.73193854598105068,-0.66664388876346348,-0.14089673694402691,0.68017443628656182,0.72710932467735867,0.093138424881974866,0.040357169491991356,-0.16400596190859731,0.98563347311717842,-8.8437157662428554,-4.0420100809129664,-1.4359259614557056,0.27616958659575,0.2292128940668453,0.7933194154488518,1,5
0.15984905080116063,0.98408368284886916,0.077637530283842626,-0.98466719297121819,0.15338942340647155,0.08307950332791339,0.069848407599246778,-0.08972730876180797,0.9935140713740358,-15.935731038643222,-12.043814469982616,-1.1384614773404165,,0.6468977336284972,0.3333333333333333,0,1
0.022878984401100966,0.99972487009672939,-0.0051707042896788156,-0.99800270653788947,0.023143584735843228,0.058779011803718806,0.058882508572759083,0.0038155727816371423,0.99825762786393291,-9.4204970505991508,21.291018336926534,-2.5574163269171568,,0.117206681932324,0.4736842105263158,0,3
0.45187933554726467,0.8913438004089852,0.036211815445108535,-0.88692813220472955,0.44454397348632452,0.12545574494944692,0.095726456161258341,-0.088808136504815491,0.99143812740954695,-12.452504891764741,-6.9311740249612974,-1.3765994679662386,,0.08318722049653161,0.2549019607843137,0,2
0.050800658088887229,0.99821722475989805,0.031331538908642584,-0.99701329098444924,0.048862167690469104,0.059807910588376798,0.05817035961806305,-0.034276241935723935,0.99771807064955431,-13.084374819483802,-16.348271677972836,-0.71466326633324229,,0.1475002862795539,0.3636363636363636,0,3
0.55280289203380395,0.83108324122846156,0.060906557186046824,-0.82635384560951353,0.53729519471605469,0.16868075047676637,0.10746294433631878,-0.14357757444751437,0.98378716992565896,1.3213365004073037,-7.1228256438584987,-0.52426445232913654,,0.1728063070066436,0.4,0,3
-0.27452364399247259,0.96106564020464813,0.031457973665274308,-0.9611282741983066,-0.2752507517491587,0.021667122515677241,0.02948235787179387,-0.024287010510845766,0.99927019954302976,-41.041430075446449,0.52524536526027277,-3.0353052522802813,,0.4780208743914836,0.4324324324324325,0,4
0.92752157019371362,0.36067242002599398,-0.098077225990443981,-0.35615654941090363,0.93244529614893912,0.060813501802113028,0.11338540089934925,-0.021474988295924188,0.99331896978794421,-2.742247833192081,-1.5508237401469847,-1.2497362508935439,,0.08864196863753031,0.5313531353135313,0,5
-0.20230842946538649,-0.97031367695474857,-0.13252421545440632,0.97677361284154141,-0.20968167657208045,0.044123732462313443,-0.070601760769354469,-0.12051955370178966,0.99019716650361578,5.2506487162999038,-2.5954873505998854,-0.6818170685777224,0.5133213136936389,0.4806030781053783,0.9427402862985685,1,5
0.72221374171862995,-0.64891339031623574,-0.23941328939945242,0.69049722269146974,0.69656808950545712,0.19495251252057599,0.040260361748798303,-0.30611159493068407,0.95114394006419944,6.066678646951754,4.6687961721861591,-0.90583491334716815,,0.2434363112400408,0.1666666666666667,0,3
-0.64089965524328196,0.76303388844602493,-0.083826708106567366,-0.76719587915242482,-0.64036041069622118,0.036729108681092762,-0.02565375061434283,0.087851178113376921,0.99580322131609456,1.518774214248215,8.5655182346703764,-1.3602448447203253,,0.1168970364776827,0.4,0,5
-0.069851340551112154,0.99331614327462103,-0.091890313598583864,-0.9964858002517879,-0.065211093237721049,0.052569603529948931,0.046225968024124077,0.095239449960479977,0.9943805142154879,11.607154914724306,-3.2974000282915648,-0.17352056381886244,0.5380136855664299,0.07638604229668805,0.3939393939393939,1,5
-0.35323322399968365,0.92753722098444313,0.12206962419556501,-0.93551010025427739,-0.35116154561925678,-0.038812642277067544,0.0068659875489418933,-0.12790728113266978,0.99176236349653168,4.9452383323740383,3.5958468983386385,-0.93751427020894951,,0.6326921677540301,0.456140350877193,0,3
0.26182461872663426,0.96463924879012863,-0.030314826772898141,-0.96206469846825393,0.26336372356528748,0.071211411101149119,0.076677147768044546,0.010519924117841594,0.99700047452682505,-33.310817416580051,2.8591215754991866,-2.8331445554719288,,0.1082554623125245,0.5652173913043478,0,3
0.98448316694783766,-0.091000224194223822,-0.15003950544092398,0.11771214721901307,0.9765872136306355,0.18005905856201981,0.13014124785572589,-0.19492658456391335,0.97214550466316596,6.6469505394923667,-10.321664710153064,0.085145178535176988,,0.4600025151308516,0.2564102564102564,0,6
0.79574506643783027,-0.58745790631549166,-0.14725147723290369,0.60349788490539391,0.78953878413679601,0.11143972029086571,0.050794607534357883,-0.17754356268592023,0.9828011961705283,-9.8828632577666298,10.862952792093621,-2.3652916513284796,0.1130705368185072,0.1700138010353071,0.2758620689655172,1,4
-0.98677756124461269,0.1316465289477714,-0.09454753323138354,-0.12931072230682975,-0.99113655287055846,-0.030447835068425896,-0.0977178679701005,-0.017819230619520246,0.99505461824942409,-20.296382530272815,14.278118876988641,-2.9222143815966062,,0.1462263460679828,0.35,0,1
-0.25824207255958825,0.96604484229766485,0.0082701046068431629,-0.96536310940515335,-0.25837070191167028,0.036313184840835212,0.037216917655043612,0.0013939382161687365,0.99930623833562993,-2.9500435365419659,23.746895839639972,-2.1181427638621027,0.5254749753253511,0.4672508997122917,0.75,1,4
0.78563944198250346,0.61445981356990897,0.072178976918866614,-0.60771740825593878,0.74457348069365292,0.27620623372839442,0.11597507880620847,-0.26086293212216338,0.95838421926726347,2.6602703031713166,-13.620372282065372,0.017970125449982364,,0.4712644152247911,0.2222222222222222,0,1
0.57037263520776138,-0.76610129021423889,-0.29624967533861157,0.82099492600805812,0.54285857699615025,0.17683861809779589,0.025345383705465685,-0.34408338889547341,0.93859694918054637,-4.4398036341671014,14.620452399158426,-2.0446758849165558,,0.1744035893911194,0.3103448275862069,0,6
0.20850941771261736,0.97759437705464047,-0.028862721221246231,-0.97425766444824302,0.21020295880988035,0.0814660626974648,0.085707794213833025,0.011133286070244145,0.99625811110990592,-1.0079284393947137,-15.976139563846971,-0.093595003315710384,0.5220237722210245,0.2904599832285703,0.4,1,5
0.17141495363866527,-0.97306135476022093,-0.15417040423264639,0.98456056034879946,0.16356104542813921,0.062356133813059891,-0.035460071555375221,-0.16247887336714731,0.98607464171564096,-2.1489701682639755,14.246690419930328,-1.8799905468184215,0.2419628347534955,0.2592921874888083,0.7522123893805309,1,5
-0.91433786538651107,0.40439497509474404,-0.021236102244975935,-0.39778642334196451,-0.90674419572057585,-0.13993185817337281,-0.075843452751343021,-0.11949756334405651,0.98993338312716139,-4.9486994170209178,15.72224571433091,-2.1313250664572014,,0.1262745283383435,0.5263157894736842,0,2
-0.99373537196585793,0.047403252787684064,-0.10120742131397839,-0.024836177812812318,-0.97661371847956313,-0.21356219035487389,-0.10896409856245576,-0.20971069715841364,0.97167291241538867,9.0620056622470866,0.37905642095145925,-0.57287192490665528,,0.5094694709552602,0.1066666666666667,0,2
0.95418492203608007,-0.26999179106836846,-0.12897894136135435,0.28671449266280863,0.94831269817313879,0.13600671373388562,0.085591671651566295,-0.16675568727715784,0.98227623737145053,-18.809065932246607,-3.9531235209361824,-1.8914466795359559,,0.5581910611889642,0.9166666666666666,1,5
-0.21292532543426135,0.97515795905632852,0.061071766617728611,-0.97706826513873934,-0.21254994934308741,-0.012654022800116039,0.00064112985327767545,-0.062365646980909226,0.99805316242631281,24.186523534070659,-2.8878667067825972,0.63515021030796714,,0.2174309173443918,0.2352941176470588,0,3
-0.99294521002234271,0.050661681283538734,-0.10720636148667423,-0.052906151983588397,-0.99843372078686721,0.01819462222695226,-0.10611667623882583,0.023738139042839817,0.99407029518983547,-4.3109086954714968,-12.351293359400277,-0.52376134122800155,,0.08579086722412746,0.2580645161290323,0,5
0.67218320545206633,-0.72266648117208276,-0.16100588591273612,0.73958083599459634,0.66551629207001428,0.10053980315732511,0.034495294428653914,-0.18665803486520252,0.9818191547747176,-16.170959504381596,9.8763938888456462,-2.4990712788347502,0.358060787886578,0.2884579044231419,0.7945945945945946,1,4
-0.55432744812056656,-0.81781017586089866,-0.15462081528212035,0.82588082632954274,-0.56350389501989018,0.019601556026124803,-0.10315978364349809,-0.116832686161791,0.98777941995308238,-23.634678711358429,-2.7762781993830594,-2.1625219731248957,,0.06118082775644289,0.3888888888888889,0,1
0.95972159390842016,-0.24538144937056328,-0.13682984502908266,0.27167962261325751,0.93463816342191886,0.22943776091136478,0.071586624746520153,-0.25737025426436572,0.96365756748821108,4.4860964074000433,-15.227939469519816,0.25007441151987203,,0.5222283468924543,0.6521739130434783,0,3
0.98094712804978312,-0.14763528096762746,-0.12627967288717629,0.17037680842478486,0.96608686111489939,0.19403071904248959,0.093351353079999644,-0.21184900423360739,0.97283375983945075,-10.325207950218029,-3.5154003245949683,-1.5200282136380088,,0.1553128780124528,0.3243243243243243,0,4
-0.45513313930565436,0.88709906174102549,-0.076870541587611294,-0.89042328647615843,-0.45347684259937099,0.03879592925943557,-0.00044317804263710328,0.08610463334977006,0.99628600096002773,-14.769484751660929,-12.956175587743536,-1.0423510292309757,,0.3342989939864728,0.8055555555555556,0,1
0.55585042254497163,0.82438347345415985,0.10687467638421558,-0.8248433341563024,0.53099654108011107,0.19410344525245474,0.10326558891756328,-0.19604734646664401,0.9751418645965807,-8.4977085191004917,21.049654893181639,-2.4876376181681241,,0.07229060674614077,0.2857142857142857,0,1
0.62125950139986197,0.78358427865357327,-0.0056842033175384596,-0.77609239196388879,0.61628927834858838,0.13367170429207106,0.10824615954464863,-0.078633349410644274,0.99100936691047414,0.20774032581148394,17.380155635478474,-1.7437685797947589,0.315316735109154,0.3622718829894253,0.8088235294117647,1,5
-0.21911723240950942,-0.95905228784295193,-0.17946127059730096,0.97277336078512378,-0.22896508402143764,0.03587448739525935,-0.07549587411252158,-0.16671442493754579,0.98311071274283768,-17.988469963441684,2.9353721720871317,-2.2887073557112072,,0.3458312410614962,0.2048192771084337,0,1
0.3090943574703327,0.9486920314799584,-0.066664140183701384,-0.94745512494063122,0.31324782965707532,0.064842759340312181,0.082398206313826286,0.043118750231911328,0.99566626385285484,-14.745534470728078,-13.01829604627096,-1.0388278677375244,0.3195981012035419,0.3360590689391967,0.7857142857142857,1,3
0.13503150911622661,-0.98221606281278384,-0.13045343038168303,0.99001455013742068,0.12836710193886586,0.058250130094431758,-0.040468284643604954,-0.13701639716607283,0.98974179705902776,-4.9460677587022159,6.7565966974211253,-1.8140465028697803,0.1623370411490177,0.1031600162286263,0.5515463917525774,1,5
-0.26975313865386358,0.94270385688393454,0.19632290340799494,-0.96265240963732268,-0.26890199989263747,-0.031496867672791716,0.023099402716235284,-0.19748709494520247,0.98003329786505655,-13.073410372849219,-1.3137093353883276,-1.8370470550474232,,0.634068405876393,0.1494464944649447,0,1
-0.079162607698737703,-0.98442400693235244,-0.15697979525272202,0.99492875381189227,-0.087825158429720177,0.049025670674744816,-0.062048822556513575,-0.15230271212964444,0.98638421900256679,-8.9838626391223393,-2.0042043150569109,-1.6036036959089874,0.2149480564286263,0.2272293798054995,0.7090261282660333,1,4
0.63861017821031807,-0.71154642721543493,-0.29305071609388067,0.76917278838060754,0.60182510226480113,0.21489478332142822,0.023457661882375701,-0.36264063230822879,0.9316337852923221,-8.381801717541828,-14.985567743126154,-0.54933092033549025,,0.7557374691488155,0.5897435897435898,0,2
0.72524428137712893,0.68632644739814574,-0.0545595081687342,-0.6779851912521101,0.72572222632419581,0.1168902504997513,0.11981991809634045,-0.047783447143284342,0.99164506221051341,-26.237560785061184,-0.22881447873360417,-2.4231636935573859,,0.2941324027307705,0.7235772357723578,0,4
-0.93533493552843916,-0.32349273770814446,-0.1431817272912293,0.32941921454893874,-0.94398930485929966,-0.019161769156737753,-0.12896332605035685,-0.065089484260865221,0.98951089916821178,-5.0479935551456938,-22.348659348371417,0.21863887631115675,,0.2583983508841423,0.918918918918919,0,4
0.46462481904540415,0.88547512063882783,0.0075886926856636935,-0.88067148713056009,0.46117589059808084,0.1083260342037581,0.092420286097112433,-0.057014109312687661,0.99408645602734547,7.8114857954455577,15.745871190609519,-1.1199926608991575,,0.5329473303996343,0.6222222222222222,0,4
0.16078198341309566,0.98499543385555888,0.062714823554334651,-0.98462366606796159,0.15567505682905836,0.079255995988681924,0.068303660433680732,-0.074493435717314899,0.99487955954798435,-18.971288840226538,-0.43498944650504595,-2.1243139948837917,,0.8328555481235496,0.1095406360424028,0,3
0.7285248107778004,0.6848690627378976,-0.014351549940108978,-0.66619243969383457,0.71322466787595817,0.21794083240183745,0.15949681305890312,-0.14921440961831584,0.97585645798258169,-11.696592677584814,-8.8391388661374286,-1.1891049854831284,,0.4838429647378738,0.21875,0,2
0.032336897488040001,0.99947219413188193,-0.0031077673738465904,-0.99876845018709193,0.032430879349267513,0.037547582818451046,0.037628552612652626,0.0018897676669948329,0.99929000835915582,-5.4740670888055938,-9.7126711121405762,-0.77448531812491095,,0.1703289472776152,0.34375,0,4
-0.73591094859490824,0.67615955161713615,-0.035260976944129795,-0.67628460042937955,-0.73657172860039033,-0.010061205131893418,-0.032775218690585292,0.016442304690790763,0.99932749169440849,3.5097146408733977,3.0172294776925139,-1.0215718359322645,,0.1115697309777181,0.1111111111111111,0,4
0.5401511957665952,-0.82438915005045488,-0.16917214602589614,0.84137824173267983,0.53327435896421782,0.087755982189981999,0.017870088157118644,-0.18973926148900327,0.98167187623913599,-14.330241989792299,-16.776288213205774,-0.74603315388600966,,0.1276609993908188,0.5405405405405406,0,4
-0.26849943117505654,-0.93659593082538883,-0.22515798413557433,0.96188339558655833,-0.27326463025475584,-0.010333206017749445,-0.051849674575109354,-0.21935018626173083,0.97426747201854158,-30.63678041165274,0.48255684622757677,-2.5972904204001117,,0.2997288962869213,0.6470588235294118,0,3
0.94241713976653907,0.32828820794364366,-0.063849723565624086,-0.30080227789524022,0.91548510469188027,0.26721716393288059,0.14617771474233118,-0.23262389303863051,0.96151869461818651,10.394136398444386,14.787947477515136,-0.8858971053215724,,0.2842663854051889,0.1666666666666667,0,5
-0.90251517902367484,0.4273541072073867,-0.053243015362041138,-0.42428530194752995,-0.90352847554445248,-0.060152110782684967,-0.073812832103628989,-0.031697964182206162,0.99676823027399186,2.0655418225276638,2.0039828329974565,-1.0979793685772219,,0.07863761251108353,0.2307692307692308,0,5
0.40064689617858729,-0.90583953987627319,-0.13761101910532683,0.91620788676403087,0.39498988232064269,0.067424781020883728,-0.0067210723737790336,-0.15309383025147413,0.98818880095105277,-24.198081348414998,5.7785546398479211,-2.654812524649159,,0.2501592913254646,0.7083333333333334,1,1
0.52725029303632953,0.84831359422645536,-0.048694705499643852,-0.84639548823309874,0.52938731538096317,0.057997825928139964,0.074978703588143819,0.010635608319656185,0.99712841592440415,-1.6839174661532017,-18.45839234442062,0.029027527100413206,0.4095040040058548,0.2447504933361973,0.2758620689655172,1,5
0.96038323366987111,-0.24464692273669386,-0.13346133403074611,0.2654691107294555,0.94883159611154266,0.17101097470318438,0.084795021872231965,-0.19966593454038992,0.97618815750335697,1.2179968479320766,-15.635305003418081,0.022558114717505504,,0.08748742690752269,0.391304347826087,0,5
-0.1695619377750657,-0.97630601758554181,-0.13444444683297271,0.98306444109885072,-0.17718154600698871,0.046808165971092733,-0.069520169051641156,-0.12423067165894509,0.98981497579810229,-2.7231569093699433,-5.3579939135841919,-0.94444988137290231,0.1216461849667847,0.07698844453592842,0.5666666666666667,1,5
0.98997993047784594,-0.084525991851135615,-0.11311540104097627,0.11316291847791957,0.9540425707690473,0.27748320136892463,0.084462365184968025,-0.28750326930657522,0.95404820580796212,13.721799711081005,-2.0469105764096112,-0.11117178673619074,0.3760565876336108,0.22558561801885,0.1818181818181818,1,5
-0.59265277079774947,0.80545798834854543,0.00034967308501913111,-0.80394437736344426,-0.59151234763434568,-0.061535198884952493,-0.04935718155907725,-0.036750123831374083,0.99810485272185923,-9.6641885162996726,-16.150322711239223,-0.53867051210096384,,0.2667748991053031,0.16,0,3
0.4004464163076874,0.91025757640305349,0.10523218265896568,-0.91419716246758098,0.38906231624839333,0.11346392471468268,0.062339520390794413,-0.14163918481929647,0.98795350372432544,19.25397984775524,-4.3573287137173233,0.42892745593272996,,0.596518161845515,0.7741935483870968,0,3
0.52385293882090489,-0.79577727004885113,-0.30383652670852324,0.85170279723806919,0.48370830534645337,0.20156542490147211,-0.013432932127797977,-0.36436905990006924,0.93115774416689989,-8.3638369309919351,-9.773700331963898,-0.94440687261090672,,0.2985725456385843,0.1538461538461539,0,2
-0.51191865039201434,0.85769210936383866,-0.047995217634972928,-0.85890728881571654,-0.51200301294788197,0.011453556282975117,-0.014750071188133049,0.047086731329544447,0.99878189567725184,-6.4909005312796459,20.064149816485472,-2.3325443408229707,,0.1118228305863626,0.4705882352941176,0,5
0.8349013349249409,0.55018999827802284,0.015189691747440672,-0.53643206408577082,0.80722618123863443,0.24622455796198006,0.12320877225763011,-0.2137214498306666,0.96909377271812358,-24.476281339774665,-0.5887934982102816,-2.3517480161797013,,0.1578078616004265,0.186046511627907,0,2
0.38105251265692885,-0.87981928236540718,-0.2841073969045172,0.92451841637504495,0.35992869710574932,0.12536758266448675,-0.0080424114058057564,-0.31043415304662836,0.95056086403817508,3.0745607549360709,-19.045304061200664,0.39695120228607172,,0.2862219378289051,0.303030303030303,0,5
-0.86341863247546546,-0.47976006368258606,-0.15600816129125794,0.49035290715205182,-0.87078072788967453,-0.035985419039670875,-0.11858453331581427,-0.10756953672490371,0.98710004722270206,-12.225882183403067,15.497073975315498,-2.6646149580917449,0.1929694291742705,0.1804716105526234,0.7241379310344828,1,5
0.88109764371151067,-0.45097466304352474,-0.14243874311016205,0.46792974275758253,0.87499426963177962,0.12420460520597031,0.06861995401372846,-0.17608770940735038,0.98197984730177912,0.73862948492138136,-9.913701326737332,-0.31587902734708473,,0.07675552365761901,0.3448275862068966,0,5
0.72932879267778516,0.67807771489458901,-0.091050122100396383,-0.6750310991489904,0.7348644501246071,0.065629681735975484,0.1114115225318755,0.013596047454754045,0.99368134738493386,4.9763908560835564,-9.5025686143182568,-0.070866468220157769,0.5294019020426223,0.4902344776916578,0.9782608695652174,1,5
0.15679528564709494,-0.97803266008163015,-0.13735848795212982,0.98696408448997863,0.15005586684116801,0.058181893690417548,-0.036292345276976737,-0.14469054094927955,0.9888111614631484,-5.4299830335861108,-0.95832864637491144,-1.4705281853894887,0.08618326431557286,0.09118621159839904,0.6195426195426196,1,5
0.74206210801247841,-0.66069856763193346,-0.11323087291541628,0.6689734573430357,0.74066284683353922,0.062394396310420548,0.042642012412424893,-0.12204896578647267,0.99160763849814593,-6.4480819362598183,3.7549658509433277,-1.7602337013598501,0.4696675781674525,0.408407353362202,0.9752747252747253,1,5
-0.98064071919181628,0.17306702333807181,-0.0916055964221517,-0.15659630159734605,-0.97399214298285408,-0.16375867529295013,-0.11756435764717064,-0.14624332750784946,0.98223801136508704,16.126726433551301,24.15372944580567,-0.77917578803698762,,0.2383051563329845,0.2222222222222222,0,3
-0.83921789402610814,0.53674125831041741,-0.087304913800624329,-0.54028496488640898,-0.84119721663823022,0.021895192115790801,-0.061688597520747873,0.06554436930389225,0.99594098850708945,-2.3286474727656126,-6.0830772017639445,-0.8246952357810885,,0.07718792470562666,0.4177215189873418,0,5
-0.079068628663477331,0.98487640585979308,0.15416425377490459,-0.99413836407470346,-0.089342445862189382,0.060883827427604308,0.07373645662865605,-0.14844659830409651,0.98616760361299238,-17.484909602628235,-25.500634835901931,-0.20128186531505357,,0.3731905583976304,0.2916666666666667,0,2
-0.37023676048319226,0.9267527828993638,-0.063671191092953938,-0.92887663651398067,-0.3685577548773819,0.036788251633064019,0.010627103339356288,0.072763044933728135,0.99729263707629268,0.54320955368707691,15.958876293540198,-1.6920227597175903,,0.652423298902995,0.3043478260869565,0,1
-0.97757291711767202,0.19169275027502614,-0.087207116739638782,-0.18867727173796309,-0.98115444133068153,-0.041675525030846032,-0.093552545917058402,-0.024286863714245575,0.99531807448843279,-21.441326649053007,-3.3401405021127339,-2.0362278506765636,,0.2033362007985021,0.3076923076923077,0,1
-0.97773501325147993,-0.15204849301800291,-0.14462191961484397,0.18317152323019725,-0.95466135046799061,-0.23466976584162133,-0.10238377283367403,-0.25593546392320549,0.96125678222145994,9.6441018090773447,-1.5824493251297476,-0.44662430151129029,,0.3226320327123204,0.2222222222222222,0,2
0.77102729737058229,0.63041267665823275,-0.089982019415093054,-0.62313447755262741,0.7760270808502242,0.097392980610995147,0.13122625345040365,-0.019021747966006711,0.99116993674631193,-0.021556978484178389,25.916076277617439,-1.9420648956869704,0.3855715208720877,0.3988235302327887,0.9696969696969697,1,4
0.0064629233212085985,0.99973041557492248,0.022300825019221187,-0.99850252891402735,0.0052402886479533811,0.054454009284710059,0.054322466571735631,-0.022619362265100917,0.99826721576754363,-36.041423360422606,2.2604099950853227,-2.91426678341979,,0.1476255713770719,0.1904761904761905,0,1
-0.79363407733033731,-0.58950839598324811,-0.15041543260344808,0.59713329573814389,-0.80211142206615438,-0.0070066905108271049,-0.11651943366205877,-0.095378811359075069,0.98859804972638066,-7.6990007103588667,-7.2874333149554475,-1.0765430844340116,0.127763635511746,0.1078940762460345,0.6292134831460674,1,5
0.59466966192381088,-0.79295551191197244,-0.13262559826761874,0.80356763837998202,0.59144819241623636,0.06684374492790443,0.025437054386085241,-0.14632358598664089,0.98890968467710449,-11.816949897844557,16.963180098506861,-2.702934010513339,0.2146260728478935,0.1991147773608365,0.5454545454545454,1,4
-0.022696246699264403,-0.97533361257913742,-0.21956599135361524,0.99767859881680687,-0.036200927291191759,0.057679340549210034,-0.064205092077654,-0.21774718605894211,0.9738910971534307,-3.7736910875661649,7.237995361073458,-1.7575667568943389,0.2708553830732984,0.1534623918592604,0.3164556962025317,1,5
0.76361810310223488,-0.61158880327378928,-0.20699402968365654,0.64478357182045054,0.73909800817080951,0.1949058229720273,0.033786656019884828,-0.28229996462641593,0.9587310320663025,13.541257808201145,-10.340078828827913,0.45052456276151043,,0.3686985449961552,0.1714285714285714,0,5
-0.54809566684695654,-0.79725923534703469,-0.25292064296425643,0.83008361276395215,-0.55561937917066317,-0.047416255764805453,-0.10272456280917677,-0.23593392537714822,0.96632440052592827,-13.065712828075473,5.347680130024882,-2.1564230175601904,0.579483913128779,0.6408257804720154,0.2462686567164179,1,1
-0.89903587857944978,0.43487857846084471,-0.051138156231449391,-0.43166789624397917,-0.89982120462759752,-0.063123902405008078,-0.073466430287408055,-0.03467595273982417,0.99669466835255582,-0.89431967826726988,-9.8580442797931855,-0.4383823561608387,0.428426767441016,0.3400520623724803,0.8983957219251337,1,5
-0.91267788599338862,-0.38836068837835602,-0.1272597821030963,0.39303957335057582,-0.91943037345651035,-0.012949214108135763,-0.1119775432800497,-0.061836591819977325,0.99178488883076488,-9.7112882937271596,-18.437867589971134,-0.36906928016996987,,0.1517789382408647,0.2307692307692308,0,5
-0.46723968574414432,-0.87586637450604643,-0.1206033584745799,0.87893102154821146,-0.47492230948059427,0.043921057795062217,-0.095746203193295132,-0.085480371824492335,0.99172867791892316,-2.3319557552378081,-2.7293699063209083,-1.1527300386705182,0.3213476653789748,0.2890153645357882,0.917753259779338,1,5
0.59948656151644775,0.79733672635737729,-0.069785438043248299,-0.79309074417233816,0.60350534390103816,0.082391573544009986,0.10780971231458913,0.0059535438682843051,0.99415372113474221,-0.67350079523519724,-4.7652669789063911,-0.84183609913997692,,0.1043193155211903,0.2941176470588235,0,5
-0.90359362456591552,-0.39957198083005802,-0.1544693943128409,0.41240650795440859,-0.90893842516582646,-0.061252032243173056,-0.11592857214976136,-0.11905112932102832,0.98609705139337367,7.3056295054596081,-19.766548776836434,0.72530253999221295,0.5889123641351924,0.6822446962394622,0.8409090909090909,1,4
0.92354533563669217,0.37985636528309591,-0.05266075177611098,-0.36968438166555939,0.91837817584559056,0.14112045947728211,0.10196798995892303,-0.1108632846547556,0.98859084617413673,5.4726978380267806,1.0892548904164232,-0.83136704155658858,0.2361100876803834,0.2999190693646223,0.6509433962264151,1,3
-0.73040650233321391,0.6794489285342552,0.069681381035504086,-0.6825975000820832,-0.7225970498709281,-0.10915198761142016,-0.023811640662776398,-0.12728965799107772,0.99157972384345505,-19.10157063365661,3.7726822584260353,-2.401114393136337,,0.3803866332955197,0.2580645161290323,0,3
-0.69622455847458509,0.71777014474102629,0.0087967889207866724,-0.71695392200398067,-0.6947251821435374,-0.057740756998333996,-0.035333240722878766,-0.046507425364952504,0.99829285356850261,-15.850846365359901,-14.20126957790864,-0.98241897113809729,,0.09305945369203142,0.3333333333333333,0,1
-0.57876095784024961,0.81492557244335351,0.030529740544432218,-0.81542782405515457,-0.57781754235398686,-0.034703767874329411,-0.010640368250840478,-0.044979985836727299,0.99893122057407668,8.111346174612569,2.9591241941447803,-0.69406618092500927,0.5031255678223907,0.4152892855750281,0.3953488372093023,1,2
0.066683274087519215,-0.97530478283994293,-0.21055621939639252,0.99710826222239846,0.057429470548954913,0.049769160333453126,-0.03644796791042039,-0.21326611658207614,0.97631404228004537,-16.79047587267598,-0.36007627250792434,-2.0192628549248717,0.8174296271035431,0.5067718500644312,0.2727272727272727,1,5
0.28801521259588425,0.95692903669368734,-0.036524731974920517,-0.95371396650802209,0.29007391444121633,0.079289307275861545,0.08646911240948138,0.011997620315806173,0.99618228738814385,-20.890217068537229,-1.0979231170852211,-2.1624598330662748,,0.7757190398537441,0.7938144329896907,0,2
-0.049311173548042903,-0.98812086773141805,-0.14555259845508056,0.99685458127352433,-0.057743086535572176,0.054283328484292286,-0.062043145933317549,-0.14241799995455828,0.98786019321138852,-6.7226897617129504,-12.243491240732331,-0.6740465615643696,,0.0862260533930219,0.2307692307692308,0,3
0.17024200540653478,0.98540226193952996,-0.00020435170387217313,-0.98190926398526535,0.16965597961377665,0.084089511124776167,0.082896663956249894,-0.014114912176393728,0.99645818394911911,1.8282693160113586,-5.3335462125917115,-0.66666321484820523,,0.2293100497203722,0.2361111111111111,1,5
-0.26032286312630981,0.96347616188727836,-0.062814746745314912,-0.96518349227216027,-0.25795876860271794,0.043337050502828926,0.025550600365467777,0.071909381696180358,0.9970838518625379,-13.637315442259844,8.8552100379163559,-2.3454628285249721,,0.3835735153868636,0.9030612244897959,1,4
-0.98001715648145871,-0.14876134561661769,-0.13204709406999546,0.16676204833631691,-0.97632698778996507,-0.13775351954723372,-0.10842874266850527,-0.15702125640596365,0.98162494507832265,-0.19744518612149584,-11.441013092512206,-0.30617592854749437,0.7097068737262799,0.2547894311951777,0.125,1,3
0.89653016770911464,-0.41858699450359071,-0.14497788251977747,0.44088752916619628,0.87494314163927556,0.20023157973736713,0.043033068833093345,-0.2434325921704944,0.96896270725759115,4.2029362009221334,-11.560586203482876,0.017910920752569559,0.2210069873978383,0.2141280513133982,0.25,1,5
-0.99266558342115629,-0.0082600629343638505,-0.12061016064766622,0.027555098338633489,-0.98686129817877377,-0.15920268437577775,-0.11771047551804277,-0.16135845040538041,0.97985085315883158,-7.1493967592616681,-13.981815485254497,-0.55753981945133702,,0.5913433599340067,0.1739130434782609,0,3
-0.17164849896912265,0.96841328158448448,0.18086599694917091,-0.98448661758023148,-0.17539400183757711,0.0048004088196400415,0.036371590659232789,-0.17723617060343624,0.98349603315048872,14.890139470932047,-13.587029731333685,0.74719206944602878,,0.4824783028915366,0.8,0,4
-0.31520817157995262,-0.93887547650766368,-0.13840754380354872,0.94468721715683246,-0.32433772818652645,0.04869394023164831,-0.090608334659144599,-0.11540310952184542,0.98917756343489005,-24.220626550722006,3.2334140971493905,-2.5176247083523422,0.5371863128542318,0.4905858227573223,0.9915966386554622,1,5
-0.96191068629282483,0.25644036057782338,-0.094689878352348655,-0.25773781636132909,-0.96621368591895496,0.0015268137415641605,-0.091099119715618349,0.025873820932043542,0.99550564829006161,-5.7328837039836991,5.9995142311320748,-1.8389985883599305,,0.07702985882679982,0.1320754716981132,0,5
0.77698374235449807,-0.59218354184129696,-0.21357648955139591,0.62763433297958193,0.75495481741491055,0.19004832997765642,0.048697106506199503,-0.28171240021397281,0.95826234162864177,-37.789558106042733,2.447863138900241,-2.9868270727731865,,0.4168349575653254,0.1875,0,1
0.90322271198532522,0.42895640316982975,0.013606496002864468,-0.4234690251007735,0.88562070606840848,0.19065662790234519,0.069733186748304879,-0.17796732610930394,0.98156248578652894,-12.365128965286965,-13.090480433776593,-0.89554145917281558,,0.4128296312295304,0.2307692307692308,0,4
-0.77442718069274052,0.62817032238669157,-0.075263456450605726,-0.63097623903216871,-0.77555890823528939,0.019425901104055565,-0.046168469555659467,0.062533398512194416,0.99697444625697496,16.727590397363212,-0.91000335772673968,0.010848134273491827,0.5809204021106315,0.5449999281981023,0.9636363636363636,1,5
0.75900894998618629,-0.60748510370587483,-0.23423761998519793,0.64942151669095327,0.7320469571410585,0.20581289123701593,0.046444671381003111,-0.30833277690829486,0.95014408969604736,-8.697997844692086,-13.90804575216649,-0.63826825596302705,0.5107735496978115,0.5649284461402121,0.5535714285714286,1,5
-0.20410072029714446,-0.9617246761987801,-0.18283474277209549,0.97614263312129601,-0.21406838638754286,0.036335736575123137,-0.074084112852958434,-0.17105663722809819,0.98247196961694772,-36.13283140666546,4.1953603150841126,-3.0128973513653956,,0.1017767152694056,0.2,0,1
-0.97643669041372205,-0.16685581837919927,-0.13685951003458313,0.18358974661154903,-0.97560055598546525,-0.12040913628109635,-0.11342924910712275,-0.14269790129451823,0.98324519546913391,-14.885308136526179,-6.1815910287029308,-1.5786773912778522,,0.7604328918213967,0.2222222222222222,0,1
-0.16580899151540821,0.97179177654878413,0.16771440416613792,-0.98552399437227411,-0.16938532390629824,0.0071462270938989882,0.035353003396634199,-0.16410166079999855,0.9858097230568994,1.7556729602972603,-9.1740032277668515,-0.27913337289038148,,0.6919367290159562,0.1818181818181818,0,1
-0.56650199545418556,0.82400193227985041,0.0098134981275696913,-0.8239083331180298,-0.56612857051145438,-0.025951883733709248,-0.015828700676200583,-0.02278721680528412,0.99961502338909103,-42.56991986784022,1.6781379930142699,-3.191844749559904,,0.5856542040573954,0.3333333333333333,0,1
0.92818065976705333,0.37212988259852836,-0.00011537592556883613,-0.35400012453777779,0.88305622908104808,0.30805130759079491,0.11473698035784513,-0.28588642282970711,0.95136973810396042,-5.9426000057148398,-14.067741267666689,-0.49059121585206739,,0.2775838270540343,0.4242424242424243,0,4
-0.29877262780296365,-0.94174137690712756,-0.15446066132442712,0.95072899372468078,-0.30775867556604308,0.037402915729814669,-0.082760481915997705,-0.13567526169093172,0.98729069984383488,-16.630200423197259,-15.196097983347101,-0.94261648521753472,,0.110267777030452,0.2692307692307692,0,1
-0.93531973976955407,-0.32642824932777226,-0.13646091908755051,0.33385231254783315,-0.9419768378262724,-0.034960984043362099,-0.11713077223290673,-0.078257491907306451,0.99002835674363421,-3.3167664394654319,-6.9682668396971792,-0.81714836650855838,,0.08141777028282568,0.2469135802469136,0,2
0.28464212023453894,-0.94423859926308129,-0.16550628704094919,0.95811601854406181,0.27454239468472386,0.081487229245159193,-0.031504894820679238,-0.18176892248806484,0.98283645659889218,11.504370900366769,-1.9863619528628809,-0.26911997507811392,,0.09775373792348259,0.2647058823529412,0,5
