axis_00,axis_01,axis_02,axis_10,axis_11,axis_12,axis_20,axis_21,axis_22,location_x,location_y,location_z,dbh,dbh_approximation,score,reconstructed,number_clusters
-0.67289788965805575,0.73946827106125546,-0.019877278169170051,-0.73968899851863557,-0.67291363754814126,0.0068863540592012948,-0.0082834512272992305,0.019336817096104453,0.99977871148587594,-0.23495876832481022,-8.0048660408403531,-1.0461570363232804,,0.06576655185955593,0.2790697674418605,0,5
0.2474916862338313,0.96746707794036002,0.05249112636129484,-0.96739312251326315,0.24373606035582945,0.068871470118327727,0.053836899605893287,-0.067824670907879081,0.99624364603096172,0.88084994117779625,-17.407832518024446,-0.64793426215563676,1.26557124795847,0.5130088942943544,0.4402985074626866,1,5
0.99659474567453621,-0.070003343738242685,-0.0435711459497235,0.073220431498847674,0.99432040845216618,0.077237903561920271,0.037916768124791667,-0.080165186964064314,0.99606016961526356,-7.026282361322763,12.504485879068879,-2.5043278764235293,,0.07133633113225749,0.2702702702702703,0,5
0.75511053286356267,0.65508641017928737,-0.025882008363362883,-0.65237983750851591,0.75472523481455545,0.069212481146663701,0.064873960653480861,-0.035378173108981788,0.99726614005319669,-24.989270087428398,11.081431637484306,-4.2991706862105268,,0.08238600795584969,0.4117647058823529,0,2
0.29565731969839049,-0.94536737217631361,-0.13735822120722918,0.9551668795601137,0.2901999078084696,0.058653607726635505,-0.015587863874116462,-0.1485413919835348,0.98878332983896655,8.8395385527623063,-6.0228637998767098,-0.46055471053436675,0.1942542467921443,0.2214276836389225,0.4084507042253521,1,4
0.98752356104158745,-0.12824566728919989,-0.09137978556164425,0.14411771649598948,0.9699044710185063,0.19625340988195664,0.063461013068858652,-0.20697431222222124,0.97628598981057524,5.7328552406544224,3.9451318401492061,-1.0883775873467567,0.6892846921902596,0.3932207528730723,0.3380281690140845,1,4
-0.83584185043082271,-0.53502680434915173,-0.12294193628015276,0.54724872587752382,-0.82977944003416226,-0.10947562706840133,-0.043442296138734557,-0.15878412869215652,0.9863571195980021,29.739630136734316,-0.47389818076568679,0.66651204169526657,,0.3800267642637606,0.2727272727272727,0,5
-0.83956661690857803,-0.53182957423671795,-0.11083862025429934,0.54110426665212552,-0.83679433676861692,-0.083554835663991009,-0.048312197047445757,-0.1301251010342051,0.99031984212035606,-11.429229152946847,8.2976657300791423,-2.7416993828923926,,0.1671219808751935,0.4526315789473684,0,2
-0.61117344375821803,0.76048172421733728,0.21939591786572973,-0.79148723582207636,-0.58586212705147866,-0.17410779309797206,-0.0038700355875933203,-0.28005912807502448,0.95997495155155377,-9.8923945926360908,-16.136006762263118,-1.4185066049393789,,0.7306943377823751,0.2465753424657534,0,1
-0.98061260852860122,-0.16614357570366625,-0.10390006856172827,0.18057291417734114,-0.97208355462539986,-0.14982318075768228,-0.076107388998929548,-0.1656800382642597,0.98323841984562321,4.5413153423761647,-13.525214841589035,-0.49760487578561458,,0.3553566054387418,0.1304347826086956,0,2
0.60504092866423043,0.79569451436168892,0.028208411083264058,-0.79233388551184214,0.59824463087572022,0.11962598170164092,0.078310206939029556,-0.094729095018848922,0.99241821327809021,-17.361967085329319,4.808632953809103,-3.2875477181245767,,0.2639503424052184,0.4666666666666667,0,2
0.4902970620866543,-0.85728296049981478,-0.15708187847702149,0.87147632918230356,0.4797968092603514,0.10160723152671861,-0.011738764165518259,-0.18671086594052388,0.98234477346581672,-11.469327785978336,10.879176938548291,-2.8041251857131595,0.3762849042959183,0.2024926667654188,0.3725490196078431,1,5
0.89001566961847178,0.45492723660595663,-0.030221138755044064,-0.45371166770288279,0.89026823076202821,0.039600503609388618,0.044920267406290224,-0.021533385472707448,0.99875847074567092,7.6799061316663728,9.1059509263713831,-1.0554231696581733,0.1562417119773766,0.1229313358839244,0.7,1,5
0.99931630316899256,0.022197882485612171,-0.029566539090877936,-0.013367847145724527,0.96253427924003632,0.27083031948168523,0.034470666998855828,-0.27024991267532006,0.9621729355036106,2.3815743308343196,5.8201306710466243,-1.4141944216732683,0.5348510764075572,0.5232452797782606,0.1940298507462687,1,4
-0.99025108217023683,-0.13151049762608352,-0.045910600897976529,0.13244888079797734,-0.99102601504432819,-0.01802030745356822,-0.043128740255618477,-0.023925436662635927,0.99878300208026372,-13.796158736672126,-7.6468768177672022,-2.4454781425851042,,0.08798437790794686,0.4285714285714285,0,1
0.70229475194598656,-0.68408219754092892,-0.19701174684951966,0.71178395881709589,0.67946037342511245,0.17803706612857287,0.012069687642534549,-0.26526429829997977,0.96410018913369744,-8.7607879178111947,14.572352710331243,-2.8731737816846867,0.3831157404323892,0.2654136412678264,0.3695652173913043,1,5
0.29972042089496392,0.9540241661181178,-0.002357914581986744,-0.95330005483126568,0.29958757183590679,0.038292195812875893,0.037238082083424481,-0.0092291529457321393,0.99926380299631234,5.8082971729161113,5.9297886377330178,-1.1220596516936785,0.1510346720022959,0.1218391115446514,0.54,1,5
0.91272107761457555,0.40708722561477623,-0.03493172225003819,-0.40283253021744608,0.91087359473854668,0.089639539304315202,0.068309494777081092,-0.067744262851872669,0.99536150607402818,13.405719534867613,-5.5786396427653822,-0.157943653257444,0.4304319026428451,0.1777072717018212,0.1851851851851852,1,6
0.44924067146294788,-0.88851494441114642,-0.093402423210414864,0.89339696108582367,0.44619050760531476,0.052496674613988013,-0.0049688053025961527,-0.10702908240739652,0.99424347445326267,-5.7915117696232832,-13.257841591749562,-1.2045447820494795,0.4462302906643795,0.2448764430112644,0.5862068965517241,1,5
-0.81552188482711785,0.57872129061970767,-0.0023923109090540321,-0.57822816084647533,-0.8149845184279515,-0.038110742932452889,-0.02400519469049036,-0.029696843371320451,0.99927065809101556,16.687337391267267,9.6391064585858324,-0.44391054346826636,,0.1272931418056816,0.5,0,5
0.69079108645676157,-0.71140537229743162,-0.12926744036392318,0.72285412484335054,0.67526594290761055,0.14662135092151554,-0.017017316734475249,-0.19472622477583548,0.98071000214931547,-8.2032051850164329,25.340555148273875,-3.2896306520911871,0.4770439986562054,0.3727954622387763,0.2857142857142857,1,5
0.23862327957142132,-0.93089568574599979,-0.2765721473794196,0.97107045721307472,0.23137240461171138,0.059067567346078938,0.0090054191778247764,-0.28266593824456221,0.95917614116581951,-13.8044058681576,19.064022378593641,-3.5689941237590226,,0.4299688639464581,0.3529411764705883,0,3
0.65853070730175844,-0.71131075138140365,-0.24571186888278332,0.75105390832777086,0.64180408253095789,0.15493723384705632,0.047490360350575807,-0.286573785639615,0.95688041627883358,-11.366146531832555,5.5721227954636818,-2.7113662168744468,,0.5218613711154588,0.2173913043478261,0,3
-0.70139752438390335,-0.70870820840874171,-0.075988078816386126,0.71190785002222545,-0.70179930387412037,-0.025786627513781621,-0.03505318622987582,-0.072183186517869063,0.99677523129302437,-11.685938683818065,15.583633832327704,-3.1882664648253582,,0.1022659518226813,0.3214285714285715,0,3
-0.70963650702794812,-0.65725797456088464,-0.25382667860037106,0.70301535718833497,-0.68443083239525104,-0.19319379706424719,-0.046748641162400136,-0.31554142444830713,0.94775955495399899,-32.345968107809099,-10.28540959529005,-3.8951584783458961,,0.342998487475268,0.3333333333333333,0,1
-0.93277511875597441,-0.35498696056365509,-0.062568647576522557,0.35742264278796593,-0.93335975614385358,-0.032994242430338931,-0.046686531807827426,-0.053139659773692359,0.99749513497905951,14.624751186255031,4.6833901373528448,-0.48781662214294996,,0.5223380390300962,0.15,0,1
-0.81001391112381471,-0.56525352371270399,-0.1560958606634818,0.58446886341195514,-0.799848344049093,-0.13652389616423127,-0.047682402286784852,-0.20181942535914657,0.97826137001307878,-22.790231414931657,10.139677671526817,-3.9915750355529278,,0.2389057149176851,0.4,0,1
0.69743093776475618,0.71654480570607482,0.012394695002918987,-0.71525600250046029,0.69488927492873698,0.074416036417394624,0.044709483732577028,-0.060765426063320062,0.99715025199801688,9.8247335561972093,-10.278153026820608,-0.25728755197079639,,0.1156968325516029,0.2727272727272727,0,4
0.62755987913797662,0.77856635351159287,0.0017410559988585768,-0.77748064344538759,0.62656345185383766,0.054241034915934704,0.041139362708678587,-0.035393134654429725,0.99852635361078912,15.88236583001208,-10.445572997261545,0.18647988038987975,0.4477243305945194,0.4000145828486658,0.391304347826087,1,5
-0.85880131681681016,-0.49411985155793814,-0.13529918894832035,0.5102404548705779,-0.84867385018820207,-0.1393103521645038,-0.045988873080103403,-0.18867503359770069,0.98096215790912544,-4.7214874198806109,11.816469597142708,-2.2900014621140374,,0.1098522854995852,0.1891891891891892,0,5
-0.95711739523071104,-0.28136129891878581,-0.069008051831013772,0.28478071541441047,-0.95749350465695748,-0.045892621060395371,-0.053162353924885913,-0.063576788299426507,0.99655996112361167,-6.0254880906408621,-6.664994600388126,-1.7305278062085236,0.2401124057554094,0.1696141238009696,0.3355263157894737,1,4
0.44766079674240539,-0.88534366521613461,-0.12556434813121303,0.8939056019729068,0.44670173391120199,0.03728720534153749,0.023077820984899196,-0.1289346942540579,0.99138451611683054,-7.4639494792739383,-6.1642453938835242,-1.8620335374601311,0.4033341309708353,0.3141564748408078,0.2051948051948052,1,4
-0.86748989217492689,0.48359700300977737,0.11659856626174478,-0.49693718431064515,-0.83175648195435936,-0.24745623769934619,-0.022687481652687809,-0.27260794817258854,0.96185767386312915,4.3593060920880715,-12.061790345599869,-0.53930717267219574,,0.5852753791651151,0.3611111111111111,0,2
-0.01286435270269318,0.98954751047020695,0.14363228380749068,-0.99966698809773036,-0.015941355580123662,0.020292513148435866,0.022370099176179121,-0.14332340250106712,0.98942305459210123,3.318004222235778,12.345730887440947,-1.7361254903615793,0.6524130046388503,0.6135653391449036,0.5507246376811594,1,3
-0.97862257653734164,0.20558845274078677,-0.0055893462107802485,-0.20427904755196111,-0.97482058107921532,-0.089414235083930774,-0.02383114396495201,-0.086361002796575451,0.99597884203093956,12.355838555272037,6.8437986030545233,-0.66585677728711901,0.2968447453313506,0.2533292894755432,0.375,1,5
-0.93636387019721912,0.35069109406122878,-0.015442122115340394,-0.3496051077743948,-0.93561868958822736,-0.048927868452076827,-0.031606505775558846,-0.0404156434978881,0.99868293494647875,-12.980594150029704,-4.5682316440633297,-2.5050293678072379,,0.133553887598569,0.405940594059406,1,5
0.66730881821562882,-0.74132327734944481,-0.071685002556605579,0.74477647213584575,0.6638658504742605,0.067750565510351801,-0.0026358460779217652,-0.098599853113311098,0.99512367135019386,-10.301953073567093,-13.795921915552169,-1.5247656750676142,0.1247224289412121,0.1375505713105389,0.5806451612903226,1,4
-0.98590486120867349,0.16309529969903752,-0.037303188351527301,-0.16341511450244395,-0.9865411001250658,0.0056708126560747153,-0.035876245584808647,0.011686786560398789,0.99928790347058249,4.3065107347276648,5.7260954256367178,-1.2460034718261619,,0.07717878542341911,0.5434782608695652,0,5
0.77965276968291986,-0.61203961049493361,-0.13247291765097532,0.62603404267710883,0.76683498922436932,0.14158204939404467,0.014931046015200858,-0.19331739312972271,0.98102265487521756,1.2263100724818863,-19.80811154581011,-0.48614795844618774,,0.2692828532268727,0.5,0,1
0.39442092625612035,0.91583384350546981,0.075369118485360709,-0.91892988441907941,0.3930939498853262,0.032326677606705066,-2.1279084474700812e-05,-0.082009253462940093,0.99663156777901107,-9.463173469354123,10.575527826744937,-2.6210520922728331,,0.4438200399552828,0.3582089552238806,0,7
0.22448035105883093,0.97398356706775147,0.031057737691023445,-0.97384271295437608,0.22306870033413964,0.043251882697757281,0.035198613810302364,-0.039954549343199544,0.99858133948748329,0.42337290404721428,2.8484966455140306,-1.448025019854795,0.2016467951276335,0.1481133421714689,0.4688644688644689,1,5
0.99914706705680756,0.011809291608990179,-0.039568662139013305,-0.0078479109196693958,0.99507503342641046,0.098813400637885254,0.040540704063625803,-0.098418588097574922,0.99431897941802538,-13.110748778185879,10.870255257842626,-2.9413188351882487,,0.08821138987582837,0.3018867924528302,0,5
0.62565099159044324,0.76211840186186552,0.16654242181922413,-0.77931351293506201,0.62021127582635616,0.089489786538228575,-0.035089674816237877,-0.18577813348551217,0.98196496874375871,-1.4840889520871674,-18.967895000632573,-0.74153309111090737,,0.4410440094779836,0.3703703703703703,0,2
-0.82666480629841865,-0.5569460340532546,-0.080227259581452229,0.56152917748914299,-0.82569649658534527,-0.053946995792668616,-0.036197801811233769,-0.0896460299123088,0.99531568281877125,7.0975914718909978,17.650660591130613,-1.7591037771026108,0.2160953864565781,0.148339488926987,0.5,1,6
0.026747482118106732,-0.99491377145908566,-0.097114157368542481,0.99934168763850084,0.024230940710822133,0.027000978873069025,-0.024510478334313562,-0.097772434117848889,0.99490692407807479,-0.33137540108554076,1.7556304519511596,-1.4926127614661504,0.165400583328276,0.1479976955379067,0.6753246753246753,1,5
-0.7844027318962602,-0.61736713378343844,-0.059750952441829291,0.61799487476736614,-0.78612417338149421,0.0095456160896194853,-0.052864817742535472,-0.029438175033188699,0.9981676737381171,-16.218425446243167,6.3614907774282212,-3.2115408554880696,,0.07540136498432656,0.3333333333333333,0,2
0.74088513636671527,0.67161530034697681,0.0047013881688872132,-0.66993209153571909,0.73849443020152494,0.076269058548684251,0.047751517687417186,-0.0596562226525068,0.99707618949475652,-8.8448758211587908,18.883111386584762,-3.048510127074366,,0.2235834368740838,0.7575757575757576,0,9
0.7061641174593204,-0.70262713908309082,-0.08744908596897992,0.70797975887243481,0.70240685141082948,0.073411689246699829,0.0098437919435605259,-0.11375288354602689,0.99346030682918374,-1.1802921245901428,2.4555889050459605,-1.5765699473775268,0.1697226015138408,0.1349276058861734,0.5548172757475083,1,5
0.62122383423866678,-0.78193177331327457,-0.051610557611471757,0.78362037883342428,0.62024126196540841,0.035211913218656528,0.0044776836388604104,-0.062317564447878782,0.99804632733681986,-21.226140559894525,19.340081089102547,-4.2408168335112517,,0.1983461570501703,0.3333333333333333,0,1
0.074017580655772824,0.98225636948975437,0.17231895528546687,-0.99697160710188348,0.068750225184963654,0.036345854917806189,0.023853980518052091,-0.17448733803295113,0.98437043661399182,5.0655108733238263,10.674259949736872,-1.4080670261112465,,0.3019953654322309,0.125,0,5
0.95864355969836346,0.28408489753021782,0.017271260640116328,-0.28292160425008112,0.94460314340694929,0.16637387810072127,0.0309498190206937,-0.16437965951101977,0.98591147485036923,15.862015677962575,4.107174686518964,-0.36918782845414333,,0.2800559203915673,0.1111111111111111,0,4
-0.72543351615936946,-0.65787236849631781,-0.20236145977359163,0.67891082198734554,-0.73229780617401585,-0.053103849777492211,-0.11325329761698102,-0.1759086974591334,0.97787004286720558,4.9458438957122093,-18.716259612038186,-0.29769405884229067,,0.593543791321288,0.1923076923076923,0,2
-0.89290914736856353,0.44907251771673529,0.032359363051480773,-0.44959326389159443,-0.88548522389655604,-0.11739597660980358,-0.024065568949189091,-0.11937249303092783,0.99255783524121799,-24.143266785779918,10.81747852435328,-4.2094298767025329,,0.1188030014316427,0.3684210526315789,0,1
-0.65590917848070829,-0.74366487850842022,-0.12940517013558592,0.74934550519624266,-0.66214194728775988,0.0070253458393470082,-0.090909094302778326,-0.092361193772227318,0.99156691476572489,-9.2151570528427502,7.7651140386534001,-2.5547293641868354,,0.1164110851099139,0.3218390804597701,0,5
0.81446102738786263,-0.57564725012591222,-0.07268753874484335,0.57995350370777699,0.81146002932591388,0.072017736311695738,0.01752622045339838,-0.10081103227753856,0.9947512087792385,-14.480410645269979,15.595933100632882,-3.4050753734943324,,0.076141191939706,0.3,0,1
0.99647353601291133,-0.068164112317009418,-0.048930009380323623,0.074868400109245434,0.98558692718889573,0.15170079637046041,0.037884227470101173,-0.15482914049488256,0.9872146284180604,10.926753473338852,16.971325234314548,-1.2937734933785046,0.8553740081067249,0.6189025255635273,0.6533333333333333,1,5
-0.92684658939687059,-0.34236928712565762,-0.15407358941900823,0.3725066881455269,-0.88980163658256506,-0.26361300199694171,-0.046841936448436178,-0.30172225434670424,0.9522444613762282,7.9981694626605266,3.7647964420806761,-0.93957504819902549,0.5517480211338806,0.4483393623786566,0.2285714285714286,1,1
0.99572188095283032,-0.076502900464842885,-0.05181932083909007,0.081946108643071253,0.99024697282359864,0.1126754990756984,0.042693923104069102,-0.11643985157224353,0.9922796933807615,-16.541774945355701,17.649121335051703,-3.7352432121847183,,0.1341495805061141,0.2142857142857143,0,2
0.75554497191023617,0.6545825725753901,-0.025950936432904699,-0.65353874653151078,0.75588687851835912,0.03901453146961336,0.045154204712099716,-0.012517290615620609,0.99890160437976172,-9.7378186321595415,12.045156593731289,-2.7502755722094054,,0.09042627379032558,0.3214285714285715,0,3
0.37894884094843928,0.9216738254061374,0.083157293757378098,-0.9246076380946201,0.37332663315051484,0.075683159009044695,0.038710354182336905,-0.10556791435714374,0.99365835372997302,-5.3322417612494721,13.264310028184671,-2.4065803973375308,,0.284061506568443,0.4090909090909091,0,5
-0.99350635237927065,-0.076762497125279078,-0.083980038206285648,0.088644037724724525,-0.98494898587211399,-0.14838372486682369,-0.071325748211254619,-0.15486450291976908,0.98535761192448235,-0.49194758929683324,17.378640875513266,-2.3579687275007157,,0.387679880739887,0.2666666666666667,0,5
0.43545539903796171,-0.87435190829085818,-0.21421329537828387,0.89907520411391006,0.41046761023161604,0.15225018324546213,-0.045192618824539212,-0.2588920265648994,0.96484845741955705,-15.390891883094193,14.982765933122376,-3.4812264140682565,,0.1169843522772195,0.2666666666666667,0,2
0.95364332077575142,-0.29425067992226539,-0.06309480252034573,0.29877397857435728,0.95084419961097177,0.081421236744596767,0.036035072729861124,-0.09649790376715299,0.99468066639595376,-1.1741627386362514,-16.026673314891251,-0.863742237956315,0.3026324177141131,0.2830170020640457,0.7926829268292683,1,5
-0.93955190988581982,0.33918356000371769,0.046869193006858552,-0.34032278505549363,-0.90996636990212287,-0.23694220311972033,-0.037717510548577665,-0.23857015377108437,0.9703925345589075,1.3983488098249652,-14.944465456551114,-0.70448760765813667,,0.6530217257688713,0.2777777777777778,0,4
0.20529018190205778,0.97755894393504861,0.047269994152879531,-0.97831548276662494,0.20361401353040309,0.037949303987654011,0.027472848300214698,-0.054035586668731837,0.99816100804411312,-3.4885046914338336,-16.871310503026109,-1.011479736775736,,0.3031158281703661,0.103448275862069,0,3
0.89466360758413388,-0.4430511683365756,-0.057294777250095054,0.44631018459834454,0.89204816022439815,0.071114688806589013,0.019602254674762742,-0.089194966650936916,0.99582127389195885,6.9589213210298979,-4.9011616067937167,-0.68220133143542239,,0.2855186801472429,0.4080459770114943,0,5
-0.35935525512206568,-0.93104319322078732,-0.063422180452851626,0.93251283938654439,-0.36086926953346776,0.013898729640724262,-0.035827433558652678,-0.054147416038259386,0.99789000012074458,-25.113987797595755,12.316247640536703,-4.317120467531498,,0.07521790833180729,0.1875,0,2
0.017962378879248567,-0.99418265639958792,-0.10619886373807319,0.99971623709734514,0.016196453361641144,0.017467689670636204,-0.015646029174323769,-0.1064824897002493,0.99419147107502026,10.554497562682647,5.2130792996439421,-0.78712089891693393,,0.09856258845490512,0.24,0,5
0.31988711603874947,-0.93833261340154694,-0.1311645516877005,0.94736991679167804,0.31491577763018419,0.057604633127086302,-0.012746519153929532,-0.14268833037988832,0.98968558978236054,-13.05389106969443,6.5476510243205643,-2.8695739465499148,,0.0663615696136728,0.1967213114754098,0,3
0.039588613398071175,0.99910018123844657,-0.015217409060721946,-0.99882895036628472,0.039992567243603769,0.027227237749207864,0.027811321424990199,0.014121700130264529,0.99951343562056583,-6.489332523140301,-8.2719216805783695,-1.6085616758879677,0.188897998411358,0.09659507677236898,0.5643564356435643,1,5
0.99637565534903627,0.084266062630546507,0.011609656175968174,-0.08454754877822665,0.96609261257597989,0.24396060321640542,0.0093415964038695582,-0.24405797388092815,0.96971564902385921,18.809602123644229,6.3074615636727813,-0.22076255719302251,,0.4294224640827941,0.2272727272727273,0,2
-0.69649246108502283,0.71713136591514426,0.024916975587047776,-0.71750669275552736,-0.69557745824549455,-0.036825879918346724,-0.0090773070208673284,-0.043527044482883727,0.99901101039769935,6.2767752036298585,-11.555067453311445,-0.4177478724422457,0.2756520969171914,0.2359727805788928,0.6590909090909091,1,5
-0.99881370379846113,0.03945139732988022,-0.028544217507581515,-0.037666943800132309,-0.99745352153358746,-0.060561322021595844,-0.030860759050254663,-0.059414304918644599,0.99775625977584148,9.3999361749846226,-16.512502762081436,-0.083204373715916519,0.3092602735026859,0.3017083648410864,0.358974358974359,1,5
0.92629447912875262,-0.34915813638209153,-0.1416585109825011,0.37209371480894182,0.90685562618403792,0.1978866864092681,0.059370071039846942,-0.23601158669976979,0.96993490792330084,0.8575288099538052,10.542023509040247,-1.7663955334947599,,0.1863019453452106,0.1304347826086956,0,5
-0.33464240812495466,0.9363657610713636,0.10598877382806435,-0.94215269874327179,-0.33472432382637768,-0.017547629177282253,0.019046021503201779,-0.1057297901833705,0.99421248258743922,-13.9118219495004,6.4010939568403895,-2.9458093033212251,,0.2835215473006396,0.3478260869565217,0,3
0.73050699566860189,0.67727766783952115,0.087489941851013553,-0.68130576432625489,0.71402713751625368,0.1612070171740797,0.04671171988968368,-0.17737025550019797,0.98303499820135776,3.9313118103679794,11.419301512605474,-1.6213661142758191,,0.1271728918473847,0.4,0,3
-0.98676820010831201,-0.1494880025934312,-0.062784204507406599,0.1535873562324587,-0.98589419883100049,-0.066509794142689538,-0.051956166722780389,-0.075272609839206736,0.99580851118448899,5.1919376271100992,17.179036062849661,-1.8880304987387988,0.1400372378463729,0.1493475459616617,0.2142857142857143,1,5
0.98551115067626893,0.16044548187123442,-0.055000174907390648,-0.13945276291307876,0.95107497953159803,0.27569786039227556,0.096543766285787827,-0.26403338928263859,0.95966956320145824,0.52219333617578301,-6.7820542716399759,-1.1062977722840481,,0.4417025675129114,0.3258426966292135,0,4
0.61259345722025238,-0.78245588797106957,-0.11176779299218059,0.79038588075903393,0.60721673704333845,0.081104831861036036,0.0044063213346759236,-0.13802397485163742,0.99041908639648568,5.387634170328135,-5.3199324004884678,-0.77765955348023086,0.3671474738130871,0.1781316943513452,0.4511278195488722,1,5
-0.22698157861452986,-0.96866618566392892,-0.10082253577921212,0.97321772429618802,-0.22947575912497731,0.013716307439098902,-0.036422851143265593,-0.095008929713526952,0.99480987087447281,8.1167130557672991,-2.7126091208685668,-0.68763097702155651,0.351826613150034,0.1372026521275957,0.293103448275862,1,5
0.67397302360941691,0.73748833633417399,0.043258724181744035,-0.73709778125755587,0.66738528614756476,0.10622495327803526,0.049469428053781787,-0.10347866255796256,0.99340069563255606,-11.984380789764304,-16.234557131434258,-1.6025618454051185,,0.1027263340294082,0.4761904761904762,0,3
-0.33405129187560934,-0.93498845210436454,-0.11919030509114727,0.94182401323199239,-0.3360916407942266,-0.0031523146779473639,-0.03711148738356828,-0.11330932626985664,0.99286642308240558,-2.7820636242595667,-15.263468488642081,-0.97161942479898267,0.2142537131724768,0.1189948325968216,0.3,1,5
0.98923418743448321,-0.13684267115409901,-0.051863337361280334,0.14198838482281256,0.98330627510874258,0.11378957732226579,0.035426275365153893,-0.11992853156435364,0.99215025390843459,6.1905118154534264,9.1876788982319439,-1.1693278140863321,,0.07849132636996997,0.2941176470588235,1,5
0.96392581726539606,0.26610525835390342,-0.005916949014478862,-0.26168044535975921,0.95149533814979093,0.16180224348114741,0.04868637720713858,-0.15441700992965984,0.98680546396887503,0.05921951373496466,9.6842059904525488,-1.7309585241196006,,0.2916658535049687,0.1794871794871795,0,4
0.0068534363079138603,-0.97810365105979657,-0.20800547635643724,0.99881129104473798,-0.0033431151731764721,0.04862950197649786,-0.048260079696543196,-0.20809149757843035,0.9769180586636983,-4.154541625111003,17.025434901387587,-2.5806897786926042,,0.3086747782342247,0.3846153846153846,0,4
-0.86597862298781292,-0.46875448951958609,-0.17421324026423543,0.49780404574326015,-0.8412414531790342,-0.21095959209021392,-0.047667143503405299,-0.26941055288993315,0.96184499656741296,-38.240298937796759,-8.797947954762023,-4.783630982816824,,0.4591286668202907,0.25,0,1
-0.98438753170428162,0.1742308464116922,-0.02499599135496073,-0.17251009659837407,-0.98320683695550537,-0.059536395050173246,-0.034949306098570658,-0.054294824086794619,0.99791313153030126,-26.729747945914738,11.663701663346473,-4.4591363991276793,,0.1095920696257451,0.3888888888888889,0,1
-0.99796671191792996,-0.018044294687418624,-0.061129741803387885,0.032118360002788233,-0.97078595884785512,-0.23778778996109504,-0.055053182055595722,-0.23926768593582409,0.96939162448025573,-11.764048940040679,7.9965913968754618,-2.7807170812960265,0.9223991466374902,0.5364908086401793,0.3333333333333333,1,4
0.89867224239927856,0.43832806037791983,-0.016022241615423261,-0.43605552740914971,0.8967649998051529,0.075286865656582283,0.047368531294315903,-0.060671629364923811,0.99703318682640873,1.1572548794949831,-8.0602847995843501,-0.89633001982366711,,0.06575732643069093,0.2682926829268293,0,1
0.91300893174492181,0.40655707227035187,0.033556482845429801,-0.40592136849992472,0.89724089803690943,0.17374295233208184,0.040528177224544902,-0.17225016074558411,0.98421915698383733,10.828705305184846,7.373988582862868,-0.80234874012988144,0.7015529331193937,0.436026716864249,0.2083333333333333,1,5
-0.96756220008088689,0.24819583100399301,0.047140412035434738,-0.25056708422887852,-0.91898164297305485,-0.30444847869480718,-0.032241669864808545,-0.30638467545029352,0.9513616060013913,-9.0855437796827392,-16.739619317169275,-1.3688338633437587,,0.4088444918128178,0.16,0,1
0.21172059171517199,0.97727395703858311,0.010488276213310848,-0.97674113630347081,0.21120823806584318,0.036984224011414671,0.033928508608275336,-0.018074652618277082,0.99926080841607423,-15.144094390342046,-9.7021084467619954,-2.4904520096402756,,0.2004492343577326,0.8518518518518519,0,1
0.97090330035969308,0.23219317398334041,-0.058592758137828264,-0.22382100124255408,0.96686993809964394,0.12274641421227571,0.085152455944831534,-0.10606060887404489,0.99070692260215409,-12.259017316792379,7.316512345977416,-2.8194740974393202,,0.1054904993108045,0.3055555555555556,0,2
-0.75249591871965726,-0.63700960404917317,-0.16723832293877786,0.65475144287760023,-0.75098175915843168,-0.085597578593139212,-0.071066450312085708,-0.17391136179221717,0.98219366617771298,13.762811509904541,6.2427130361660064,-0.55526180269202841,,0.2218424584533515,0.2608695652173913,0,5
-0.59379399924774345,-0.78934454407472909,-0.1560252453830116,0.80185777945452197,-0.59657097744604193,-0.033573358445904415,-0.066579185828861909,-0.14504571558144014,0.9871823298691248,10.487886929523414,12.329059404587072,-1.0967930631703215,,0.139327312101341,0.4285714285714285,0,5
0.8164098675478042,0.57741394091917286,0.0082503940977487599,-0.57566098009081579,0.81263431792839769,0.090773902229279085,0.045709563238555163,-0.078858139448248543,0.99583735101235393,-33.141718314645409,-5.0217048460252123,-4.4713515740733252,0.2041039265537091,0.2259306258691078,0.7741935483870968,1,5
0.12861091132107702,-0.94846619468753701,-0.28960509495536196,0.99159563353049418,0.11885563855407735,0.051102218612886767,-0.014047528338421612,-0.29374345051225348,0.95578106919353412,-8.9496621074616662,-13.846115767528048,-1.4220576915500458,,0.1369888185281592,0.2142857142857143,0,3
-0.26426726545864143,-0.94716391331801009,-0.18177825424160338,0.96401255659847729,-0.26508605733189261,-0.020228023351287702,-0.029027626969487286,-0.18058212402213436,0.98313147307782511,-9.5193620579268572,5.5180698698486479,-2.5505727882494051,0.6267458843987597,0.5564732257479809,0.5424836601307189,1,5
0.10499963810139055,-0.95707082926834375,-0.27016754757406264,0.99426575525887939,0.095493617718874796,0.048130831017688371,-0.020265337847390066,-0.27367206057354077,0.96160954620020522,-7.930777159619284,-14.495127124471409,-1.3376558202726088,,0.1245630901409606,0.2631578947368421,0,2
-0.041968934843869425,-0.99740078735646653,-0.058568574242258795,0.99873486733874017,-0.04350585305496165,0.025217167006393235,-0.027699698011698456,-0.057436139587023233,0.99796483735620667,-8.7182258887350983,-0.64652693362703773,-2.2745856054498796,,0.3083082776855179,0.2158273381294964,0,1
-0.34074378389637822,-0.91866379959542221,-0.19987620430876715,0.93993949078946715,-0.33744190678341557,-0.05144621658402207,-0.020184830700695197,-0.20540151620490632,0.97846961616102812,-4.699596993910232,23.692116991334316,-2.9513866947913523,,0.3312862205377871,0.4375,0,5
-0.96466243054651346,-0.25895565986177688,-0.048665812616727221,0.2598278221723892,-0.96557492246225174,-0.012432696295301185,-0.043770971170948046,-0.024638087132925663,0.9987377367182958,9.747831306692742,14.096043647626878,-1.3237948832715787,,0.082315578778933,0.2,1,5
0.95047259034293552,-0.29535357989975458,-0.096789037846181217,0.30935919842494736,0.92903650943510974,0.20294839365341505,0.029979015271758142,-0.22283946458611564,0.97439408437567432,-0.12583857568284593,-13.580357195457115,-0.81774574281173229,,0.08949600737878258,0.3333333333333333,0,4
-0.65217645465356489,-0.7415699896252127,-0.15728897762643415,0.7571764747043187,-0.64728933477244843,-0.08775137175099855,-0.036737693855866893,-0.17632489210858299,0.98364621397789631,0.52444111186235931,-21.940570016028499,-0.50949318619341977,,0.2932069683024019,0.3333333333333333,1,5
0.66063304414614521,0.75027867410627291,0.025414408581134602,-0.74943586864433653,0.6571638715096183,0.080507917447899036,0.043701942422561313,-0.072232659952556844,0.9964299187924216,23.445358785351399,-1.7295956333695455,0.36714955251898423,0.3556777742392075,0.4739212687352238,0.7837837837837838,1,5
0.41390895301945591,0.9102408597926549,-0.011872479701630193,-0.90945302850905907,0.41404886968767757,0.038193225132958031,0.039680820884128068,-0.0050110552066591069,0.99919984076243562,-3.3424715774615419,-4.5597811792336023,-1.5845127214641797,,0.08549300699982465,0.4691358024691358,0,5
-0.10470036617563752,-0.98603912802600568,-0.12947845892040752,0.99188584158858761,-0.11297653381761193,0.058299057133536565,-0.072113178953564297,-0.12232391756428597,0.98986693480130883,2.646475994166591,21.462605685732768,-2.2679371436363387,,0.1906181463273814,0.2380952380952381,0,5
-0.71739976931178528,-0.69000390540339795,-0.096084241785302907,0.69655459141032849,-0.71285326300180207,-0.081559344117487734,-0.012217699316501098,-0.12543857443283907,0.99202615483044054,-6.1352029561861618,4.1081218432969617,-2.1986937175418779,,0.1436835317642785,0.208695652173913,0,5
0.93908960933304408,0.34277799567925565,-0.024778041101418499,-0.34064462881249524,0.9379430334409854,0.064993098716102371,0.045518595144279438,-0.052593837068955068,0.99757803995399597,-9.7318611091070117,-9.786457226861085,-1.7723930283553495,0.09380674748481123,0.08430044956001863,0.4677419354838709,1,3
0.9441202825165893,0.32652911410858682,-0.044895765727472482,-0.32177069891985205,0.9426145766082531,0.089114405582221667,0.071417851111780978,-0.069688575857914312,0.99500904163603965,-3.4189972562485775,13.195787654767003,-2.2452039134002364,0.1260431919576205,0.1373426226405738,0.2790697674418605,1,5
-0.14513853747227173,0.96755400483666709,0.20681888855937905,-0.98891159356291225,-0.1485035060935031,0.00075418485732641199,0.031443044656522659,-0.20441613537698977,0.97837895446512169,-7.2055025402573243,18.730235183540245,-2.8679988956293423,1.041311904642321,0.5403880946042543,0.1666666666666667,1,4
-0.48297240092887755,-0.86080958633454585,-0.16045097698531627,0.87396474722526696,-0.48520327343402259,-0.027629767577445827,-0.054067370460101676,-0.15357291272700491,0.98665702243893871,-20.522306312060859,-5.9626630052233631,-3.3243806816968475,,0.1281793249438526,0.2352941176470588,0,5
-0.23409123574674251,0.96280038276703994,0.13496931610631019,-0.97206227420520286,-0.2342458019289767,-0.01496126149963921,0.017211287388597788,-0.13470088055500143,0.99073681892020915,-2.2994826324924973,15.722934456577713,-2.3905299858599878,0.5242634294812886,0.2329643046096006,0.3809523809523809,1,6
-0.59265760160628222,-0.78600117149509729,-0.17595205502245279,0.80507643850952137,-0.58476469380529006,-0.099509703223507537,-0.024675806270809762,-0.20063003585490446,0.97935626474625948,-15.514745422341621,10.038324523270216,-3.1631601449299538,,0.1659831350541539,0.175,0,3
0.5459823738221421,-0.81082296935163434,-0.21087759446498289,0.83779609459088433,0.52869661236405141,0.13629965503638938,0.0009753787989080473,-0.25108963428738984,0.96796334857763289,-42.677396977076,-4.2917330611254778,-5.3813045560987636,,0.2057200810526652,0.1875,1,3
0.17156973736123413,0.98438845060782265,0.039283629309551954,-0.98445507615957539,0.16978760408816096,0.044948554166391694,0.037576964292559772,-0.046384779916854454,0.99821662175432813,-21.652321241031832,8.1029162732070219,-3.7709938379663943,,0.1571414503162685,0.2608695652173913,0,3
0.77800014701693265,0.62803908210656789,-0.016813167113002108,-0.62614610294713569,0.77729523745570217,0.061263134043220861,0.051544437194959471,-0.037135228226338669,0.99798003277562208,8.0730856795178809,14.704356553188983,-1.4521539055236117,0.2429861221345573,0.08979323244230275,0.2,1,5
-0.29048908259228212,-0.94560757713254195,-0.14643224700939042,0.95597769594156257,-0.29343526166169842,-0.0015466336971625321,-0.041505876173825486,-0.14043524231137777,0.98921949281238331,-18.078868419229817,17.736715702395831,-3.8718077696645983,,0.1987153643949591,0.2413793103448276,0,5
0.8830884541089109,-0.46669436706386341,-0.048488658162440856,0.46861835322798839,0.88243208981015464,0.041357537295780976,0.023486618262798263,-0.059245038814600741,0.99796713580079088,0.051119841993702772,-3.8267244034158634,-1.2890186818453706,0.2241464115944191,0.2057763236567052,0.8802395209580839,1,5
0.99604089196903023,0.07585684418666605,-0.046349549248939137,-0.072565136520163373,0.99497452139460141,0.068992773080920985,0.051350194618424119,-0.065356261870040094,0.99653987203073113,-2.6040148666814225,10.777301963925302,-2.1072893188059441,0.5894649005640813,0.2905331173477802,0.2558139534883721,1,6
0.39284107534212931,0.91824560571662617,0.050008970256807263,-0.91695626597005975,0.38700384355867273,0.09705272468643146,0.069764574264345458,-0.083982335362391095,0.99402206792645909,4.9858869926275187,24.958983502337389,-2.244390510824156,,0.3046416693867726,0.1818181818181818,0,2
0.57703065241382723,-0.81311081340194402,-0.076723081948670252,0.81669858826018082,0.57518081176776747,0.046588085472574349,0.006248368483116884,-0.089542386069399862,0.99596341247472442,-12.773889419594303,0.10960006104316194,-2.6278522391674137,0.4254827851325832,0.3610232701464119,0.9140625,1,5
-0.64254252079318885,0.76558891489999159,0.031823298933137088,-0.76575822551701656,-0.64008833599871251,-0.062460084625538335,-0.027449025952926216,-0.064502213145385942,0.99753998189224613,15.703576487409542,-4.6085194581354454,-0.011801994304034686,,0.1307194616809188,0.5714285714285714,0,4
-0.68555673015150087,0.71872713352561179,0.11594514771235466,-0.72800546356749507,-0.67581516167627487,-0.11524717898650559,-0.0044737858530797215,-0.16341718019390791,0.98654691244644455,2.7293149353631496,17.952574484144581,-2.1430562007365532,,0.2989129005335612,0.1363636363636364,0,5
0.5946641722738536,-0.79486530883560158,-0.12068000258342304,0.80374523289294497,0.58417710252969945,0.11283046344790879,-0.0191865269321254,-0.16409221093546064,0.98625839590575548,-10.539769857903938,-26.560399472175281,-1.1405941566752742,,0.2288444445007934,0.1538461538461539,0,3
0.18263450481714882,0.95862774917947746,0.21835172578499173,-0.98194603330994135,0.16672255579487869,0.089362056019854294,0.049260788839266927,-0.23073020585158099,0.97177000714707207,9.4493319038050032,10.0942841403124,-0.98316132927493538,,0.3944666088965115,0.125,0,3
-0.99794208692392772,-0.063022713996258597,-0.011820688070560012,0.064121580117786653,-0.98117825401853376,-0.18214734915540218,-0.00011878179137221244,-0.18253046694096714,0.98320019046438267,3.0728001286790905,-13.739687925801453,-0.59556588946244293,,0.6478396004168226,0.2769230769230769,0,3
-0.57481841475654427,-0.81179237571096141,-0.10284419669736079,0.81707301404103949,-0.57624520996817308,-0.018252334497986869,-0.044446369735486872,-0.094522995753881137,0.99453000130264879,-33.751538669578352,-0.87888885682760032,-4.7149203023531392,0.2623926138176659,0.2757253313287066,0.4615384615384616,1,4
-0.62445037268575598,-0.77661818650232972,-0.08322213916052297,0.7797750484478212,-0.62599049892074499,-0.0093149921715242629,-0.044862076086814862,-0.070711297928901309,0.99648748435411427,-6.2622229413219879,9.780958597169743,-2.357747111964295,,0.06718856181357417,0.2352941176470588,0,4
0.07029327246985427,0.99552758685532483,0.063116397675196112,-0.99751720083367734,0.069880510196175694,0.0087263013739244093,0.0042766676776678589,-0.06357309261579816,0.9979680215361808,13.857193437452116,9.7001328644389879,-0.6088979060719899,0.7435840213587913,0.4580977344913437,0.1538461538461539,1,3
0.92791646998879773,0.37143215594736173,-0.031767566035571244,-0.36971050372844771,0.92783576496817488,0.049345077553693988,0.047803432474949559,-0.034043307333709388,0.99827645723486647,17.749609418721828,-8.323720191008908,0.20044858083745515,0.1714006556660783,0.1449794598437671,0.4736842105263158,1,3
-0.94607679169255687,-0.29732420512075691,-0.12859635014272208,0.31779532879301969,-0.9288279538766756,-0.1904855928793722,-0.06280790728925767,-0.22108131795015945,0.97323081416248081,9.1166534645166521,-12.730701733629465,-0.16594189325541017,1.451984331766858,0.5323123546500452,0.2777777777777778,1,2
-0.99895691174663015,0.0027817978557609898,-0.04557795601302355,0.0089790887185690511,-0.96668795406026642,-0.25580026473903528,-0.044771245676432703,-0.25594269099832889,0.96565463520096795,-15.991691752901428,4.4150905676290542,-3.1682273467046294,,0.6087152281517707,0.2452830188679245,0,2
-0.98801753716134033,0.15433810203645631,0.0010471491894983814,-0.15214122186925866,-0.97276749928976569,-0.17486120477014422,-0.025969113765580528,-0.17292525143923224,0.98459253630367827,32.214515771196673,0.68866652882506474,0.74708930677544527,,0.4282022689767732,0.2666666666666667,0,3
0.81291198660366903,0.58222289917205527,-0.013805713156678084,-0.58071633375989329,0.81214689856736533,0.056444263232675561,0.04407540970366574,-0.037867015027567869,0.99831029616665656,17.014578172910454,-7.0022823571300519,0.087028453497288105,,0.07620973886387054,0.28,0,3
0.95954444199735089,0.28154636527082988,-0.0024714438649274294,-0.27782600993338796,0.94821634474571259,0.15394307961572529,0.045685577992251106,-0.14702859504145765,0.98807662668623508,-28.022760059713605,-0.88993897368458807,-4.271983994035077,,0.3150881157753288,0.125,0,1
