axis_00,axis_01,axis_02,axis_10,axis_11,axis_12,axis_20,axis_21,axis_22,location_x,location_y,location_z,dbh,dbh_approximation,score,reconstructed,number_clusters
0.084788082420922159,0.98742214295682706,0.13344846450195194,-0.99604926598712018,0.080446461085826579,0.037606204611531767,0.026397742439472047,-0.1361098030904182,0.9903420018845942,-14.680699097507331,9.4780415667965947,-1.6980763922128814,0.6551264553420727,0.6766412592786689,0.4090909090909091,1,3
-0.34432850191783276,0.93779179160727,0.044547035378900521,-0.93825674904563183,-0.34540905335147315,0.019153556671355786,0.033348997546322715,-0.035201441119181658,0.9988236595644846,3.2332378098665422,6.126553157539032,-1.6635633168961104,0.2259523754061978,0.2174431191711478,0.8170731707317073,1,5
-0.70691651628737873,0.70433887093762215,0.064620382902234347,-0.70650112831741407,-0.70750078257972515,-0.017285784196770307,0.033543921749507682,-0.05787397977840817,0.99776019552709738,9.3739525743401604,3.4541545332551054,-1.6951844763176238,,0.07906971404276869,0.3,0,5
0.0053427438297490495,0.99874557176472212,0.049786925680615858,-0.99969520110742827,0.0041345135330776838,0.024339488092867338,0.024103111233774614,-0.049901790330631281,0.99846324486715554,-3.3280383961078184,5.6154958714521506,-1.5770439165224615,,0.07809555172861413,0.2482758620689655,0,5
-0.54936256561750474,0.8206656315728531,0.15718998903646278,-0.83493583713934516,-0.54654440556178308,-0.064586071327637579,0.032907740101291737,-0.16672472493378965,0.98545418297208465,7.3789224958798396,18.490650348071561,-2.4319166385496485,,0.167734606510387,0.3181818181818182,0,5
0.084653266791352128,-0.99641017283509048,-0.00076934536922842838,0.99597563128494349,0.084593490016802345,0.029605461207949317,-0.029434101109264046,-0.0032724482459110106,0.99956136618737312,-12.264886285631887,-5.0781292796562303,-0.8519079934096786,,0.06821855681668416,0.2948717948717949,0,3
-0.13017739332973902,0.96831223188771942,0.21313204320913223,-0.99102536520083206,-0.13365975138090924,0.0019484325372009562,0.030373866965417502,-0.21096561908855796,0.97702146126282718,-11.286443672758875,4.0219638979580346,-1.3834526528022038,,0.07889513986209472,0.2435897435897436,0,3
0.043378365964704166,0.99761232255109866,0.053739847975544458,-0.99859374574254667,0.041654487530205841,0.032793820034668547,0.030477013142735966,-0.055086818412378447,0.99801632957938091,4.3325925404535779,5.1964569134031233,-1.6474682815384896,0.1579559470527663,0.1338038762185842,0.3818181818181818,1,6
-0.16572139467987998,0.9701831631529817,0.17686449411859839,-0.98617156602425482,-0.16277314964356032,-0.031153557106397313,-0.0014358658091524058,-0.17958154607193744,0.98374204271231003,2.9771012878632974,-14.805711153817507,-0.4210730361726488,0.2345833958836794,0.2740550510864683,0.2083333333333333,1,5
0.96033409553547167,0.27723887471064346,0.029950480818247392,-0.27865015465907583,0.95000204977656233,0.14089072619872448,0.010607368219371145,-0.14364787422550609,0.98957201454464772,-1.7269909650375257,32.885427487006801,-3.2139253545090605,,0.4685194369294255,0.1333333333333333,0,5
0.99960018806301831,-0.01221699429939915,-0.025499197529860792,0.017087955755770955,0.97953181973218373,0.20056274803722962,0.022527001408692293,-0.20091828981564847,0.97934895467605809,-11.923759576829932,26.712729177380346,-2.8919383245520147,,0.2333785501601711,0.2666666666666667,0,2
-0.95324645924391116,0.28980645255532772,0.085635319794128181,-0.29776211055700208,-0.94911835228622887,-0.10252842957011234,0.051564653160724193,-0.1232338160196718,0.99103708968617521,9.0458721896432817,10.593998330892029,-2.0726098562079969,,0.1370666472255657,0.375,0,7
0.40229756655397353,0.87186860112287434,0.27928804185068845,-0.91532408330100168,0.37691296435502231,0.14183948614645173,0.018398110607641651,-0.31270075100189709,0.94967349644439247,-19.591147094171021,-6.8227164941647125,-0.57133241013887448,,0.4621630967905417,0.2272727272727273,0,2
0.61626013410570524,0.76773993004807461,0.17549600258067441,-0.78754213141006735,0.60102296905784447,0.13619391292925914,-0.00091562334353707516,-0.22214137497249689,0.97501403639087281,-5.3080145493651445,16.849314577158026,-2.2603090329040745,,0.11836826586371,0.3809523809523809,0,5
-0.96304559483588537,-0.26916871405284032,-0.0095595837951850376,0.26909041089459929,-0.96002982391256286,-0.077026540640163066,0.01155564934448264,-0.076752462980384073,0.99698321269451362,-7.1271805493265994,3.9429983503212114,-1.3551318583800342,0.6924917471083768,0.34430086539376,0.3032490974729242,1,5
-0.65762517932015796,-0.72802088192082182,-0.19368716790577051,0.75263924564231932,-0.64605142612341138,-0.12708942018463296,-0.032608119281705324,-0.22935376668181057,0.9727967723351959,1.9820113131758783,16.243259368459221,-2.2939753867273107,,0.4322962327489802,0.3012048192771085,0,5
-0.52827713467879189,0.83752815864535035,0.13953441314491108,-0.84812571066529563,-0.52827060437594253,-0.040161517162128721,0.040075527246103332,-0.13955913452155511,0.98940244596804083,22.072475949266746,3.8627672695032924,-2.1880384734565803,0.5814688699734285,0.5118310492330617,0.2571428571428571,1,5
0.26328580538559121,0.91078660816858947,0.31803826666490553,-0.96446944818421543,0.24102200827832024,0.10819923772708068,0.021892194994943204,-0.33522551499884712,0.94188353095914257,-38.934078884447104,0.62189998015945969,-1.6223117695929314,,0.1624078834323119,0.25,0,1
-0.6696734834469894,-0.74249010348651368,-0.015680299504849948,0.74260369821815986,-0.66972710980715766,-0.0023120947352228715,-0.0087848142090675135,-0.013192596936866087,0.99987438332291256,-24.786593613698759,-3.1673613530464984,-0.75384510735034738,0.2099919474470733,0.1879395960327184,0.8888888888888888,1,5
0.63057275237565547,0.76640247326830002,0.1224959302573848,-0.77563227818007074,0.61661774221003141,0.13482258355704368,0.027795197545314228,-0.18002724504928427,0.98326884321297481,-8.9090861589583259,17.169812399316204,-2.2796435890115081,,0.1116622412474053,0.2,0,5
0.99956425296010265,0.016481413722462288,0.024488103356934944,-0.023067119950203524,0.95377476715101084,0.29963578144680464,-0.018417713797152433,-0.30007008605947938,0.9537393413667814,-40.806655964577033,0.36206929516945002,-1.5500594930496034,,0.3030803861904333,0.3333333333333333,0,1
0.5661685270786706,0.8204285402757906,0.079688200171059348,-0.82426215536391112,0.56271027740475776,0.062841411011363674,0.0067155178807814173,-0.10126279674191736,0.99483704586007315,5.326588785093862,-13.550443859563332,-0.62004177166517349,0.1164379818905111,0.1156259528265223,0.375,1,5
0.47169076160195894,0.87172216931043189,0.13269621302840157,-0.88162592387342176,0.46358241837044434,0.088470739412227356,0.015606273536618712,-0.15871925185851088,0.98720040686568555,-14.945912906660448,-14.886372947533333,-0.042529822683371639,,0.2029875739526814,0.125,0,1
-0.14291646239147357,0.98298578732977038,0.11538555665758306,-0.98886042480168967,-0.14671578273274058,0.025090622912630329,0.041592607979436542,-0.11051434750652529,0.99300384387809815,-14.05937075341431,11.061607906044264,-1.7593814809001316,0.2183680201694763,0.2106147196827242,0.6226415094339622,1,5
0.79408680286547373,-0.60270864137418401,-0.078539436767626133,0.60651446046547564,0.7773441388552732,0.16696196882412331,-0.039577250550837641,-0.18021760014005211,0.98283022839074163,1.041438972319942,-13.662789972986584,-0.45210563217937949,0.4350410032294451,0.4144230759595454,0.25,1,5
-0.32243298743850862,-0.94646043542474323,-0.015799138808277512,0.9463743700611591,-0.32267197529385472,0.016073209116589476,-0.020310595826368953,-0.0097693672040066581,0.99974598731958453,2.1465896931656885,-17.483953415955636,-0.297980092788938,,0.1071852682199597,0.2777777777777778,0,5
0.86516950584314201,-0.50147536764565703,0.0020449459127177189,0.50020399098569679,0.86325237766436791,0.067759131183892221,-0.035744839643141277,-0.057600243935837417,0.99769961327917622,1.841468988474168,11.300154436334903,-1.9507018983162168,0.215085908945518,0.2195791987746693,0.6629213483146067,1,5
0.99936534789841935,-0.034140009634034935,0.010166669172290909,0.029430041826350554,0.95211611355934467,0.3043169054435661,-0.020069231623808258,-0.30382456458100471,0.95251659297840729,1.728850768138211,9.8826962781214434,-1.8228229220301071,,0.1021457419606645,0.2380952380952381,1,5
-0.82613923063295036,0.55830260065361659,0.076106357898702057,-0.56258749177740419,-0.82483201227548464,-0.056102278217414987,0.031452912501169106,-0.089164777961835154,0.99552014377721709,-5.884156031271238,23.409673621497266,-2.6303551449054621,,0.09920875897005062,0.3333333333333333,0,1
-0.72749065940369184,-0.68370010285303395,-0.057545719555274308,0.68604721976393779,-0.72365190430351289,-0.075280366976208116,0.009826125103757433,-0.09424484472188463,0.99550055575514129,-9.0846093922402762,-7.2494892685954886,-0.62620534603668954,,0.113798079946024,0.3222222222222222,0,4
-0.18635692707920845,0.95136393790370999,0.24531154352361914,-0.98139043216973953,-0.19202111342282943,-0.00084359086620446261,0.046302433794426306,-0.24090361071640834,0.96944393080183378,11.881779323930944,11.751445535918487,-2.1623708153293757,0.4295061254373502,0.3636073096189267,0.3137254901960784,1,5
0.90434594378544197,-0.42527567123388427,-0.036041884181987643,0.42559905546737486,0.89224851174573416,0.15085767223711918,-0.031997780299531577,-0.15176691584167087,0.98789824643624657,-6.2255959447872389,-7.7482414294847866,-0.63699853549519336,0.2929521854469525,0.1854440076508387,0.496,1,5
0.91350172877613256,-0.40533417188497917,-0.034911325172995597,0.40678552586668359,0.9086856654991684,0.093893009653001763,-0.0063346245652064377,-0.099972848407211073,0.99497000060954921,17.657959063679836,-5.192753942115135,-1.7176322953028078,,0.2209634583266007,0.2083333333333333,0,2
-0.99981591616613907,-0.0080074786192598779,0.017435999169163354,0.0027436946427538151,-0.95907836992953244,-0.28312744916913152,0.018989626657001265,-0.28302749092530555,0.95892378918241195,5.3926635656417252,13.075186535343407,-2.098912050257062,,0.3177228078867713,0.2,0,1
0.69594177191714945,0.7128929338790867,0.086305937953804854,-0.71806706565868905,0.68974763849359855,0.092886405942010461,0.0066887455578717326,-0.12661698155370796,0.99192913086827439,2.6703578743273417,-12.828020264317049,-0.57783423696755898,,0.08756534674308705,0.2,0,5
-0.88356284864696122,0.46426652902126647,0.061427050404614471,-0.4671030518042168,-0.88308792252786017,-0.044389864615858372,0.033636757959896652,-0.067913997938367693,0.99712399299082843,-3.3922174626019537,12.149060009233551,-1.8694473953345749,,0.07978030854545728,0.4,0,5
0.62350854395163635,0.74443559638303902,0.23885715073478606,-0.78175213723322323,0.58972661570554163,0.20269710076805997,0.010034517955489824,-0.31311046224346822,0.94966370199301808,3.1145166320812763,11.615401139049677,-1.9964048622743955,,0.1418060101780114,0.3461538461538461,0,5
0.13508509156355861,-0.94816302012518072,-0.28764371243669073,0.99037329465119406,0.12035567647218175,0.068375787985685957,-0.030211840046659388,-0.29411120075240288,0.95529359168424011,-20.499769018509426,-14.429562230930044,0.067165635445087718,,0.3003206179938837,0.5,0,1
0.3030536792254821,0.95131459033297172,0.056205139689413847,-0.95279325589685904,0.30132191764652605,0.037284225394669419,0.018533187134407075,-0.064850999725741182,0.99772284167959757,-1.927135485167534,12.337630202740371,-1.9117724158569906,0.222658884003794,0.1697367470450437,0.6509433962264151,1,5
0.9840877695756638,0.17522363967168331,0.029460785322247874,-0.17760213410823958,0.96502172926543994,0.19284850013868243,0.0053613181023315446,-0.19501214871322403,0.98078617349678088,13.973636226901512,7.733903877087462,-1.9860302724262675,,0.2291113535259939,0.3333333333333333,0,3
0.1874968802392592,-0.95978465633154009,-0.20894576657853675,0.9822408368478005,0.18170305420894461,0.046764714472288568,-0.0069179714568787477,-0.21400330268874096,0.97680843982289256,23.305611210737901,5.4179277599907962,-2.2455118957306084,0.551945793095164,0.3674922549245794,0.1875,1,5
0.80570572415337527,-0.59229128610001402,0.0054146538649313689,0.591315293692532,0.80484201202719885,0.050749966712558416,-0.034416703964796312,-0.037687771040516273,0.99869671192119103,15.303867706850477,2.2953052646915326,-1.8603322168101031,,0.1449947183187038,0.3703703703703703,0,5
-0.10348996792130785,-0.99358126132670088,-0.045673884004857522,0.99419067801393191,-0.10470054357817757,0.024953795796092162,-0.02957570438460539,-0.042826082179866554,0.99864468375657933,8.9918102127419814,8.7011148059676469,-1.9237698093729385,0.3131172076014109,0.2371717435860955,0.5789473684210527,1,6
0.82316141712799273,-0.56778338415243379,-0.0052259001372489721,0.56681516832311563,0.82114423343894516,0.06665367843417018,-0.033553633345331443,-0.057828855862599636,0.99776248532351131,-8.0606882129569097,23.278976015678939,-2.6041547330290467,0.2629922433587005,0.269023518210508,0.8095238095238095,1,5
-0.92002606416738897,0.36945340536343962,0.13059947365139774,-0.38894563153150252,-0.90153260044174544,-0.18963192255869299,0.047679523542342554,-0.22526240610919412,0.97313077817355731,7.4646639636274488,-5.0780289041400115,-1.3339665989071701,0.7362090087749684,0.692601100804744,0.5374149659863946,1,2
-0.90688148118244327,-0.41449743052063132,-0.07588055864404479,0.42136288651370718,-0.89013108181767331,-0.17355107332118558,0.0043928302009760573,-0.18936350565484694,0.98189722770203003,-1.7365360136619841,11.165791565796082,-1.8610658630840051,,0.5128976531208311,0.1407407407407407,0,5
-0.93887519462966196,-0.34344544290909845,-0.023634649438605149,0.34409532575271684,-0.93410972978919471,-0.095065343360701146,0.010572402955063731,-0.097387065147942167,0.99519042591738427,-11.935429899387051,1.7113577422652415,-1.2342622963599765,0.1473826407241252,0.115324205645594,0.2604651162790698,1,5
0.90533705718308877,-0.42308146616757142,-0.036971419726088063,0.42422536174601416,0.89681764231130212,0.12550282423380013,-0.019941297413355295,-0.12930657146755853,0.9914041331529625,7.4713688307589416,15.744326757361057,-2.3213250928597411,,0.1568438028208268,0.1764705882352941,0,5
-0.95321715071766022,0.30081080634740121,0.029831566541709022,-0.30181972373937549,-0.95258121447223987,-0.03865079813510669,0.016790412132918524,-0.045846358843641237,0.9988073855559878,-2.3943489237751892,-7.0528836856279788,-0.81716475340608374,,0.1066487625376418,0.2897196261682243,0,5
-0.90982810749399212,-0.41207837217691357,-0.049032948085202137,0.4149451849244174,-0.90172421096694377,-0.12130103406024295,0.0057713362354092296,-0.13070907596669873,0.99140396869186997,-15.482850041286808,-19.647524334098065,0.30485177477522007,,0.509319538238268,0.2666666666666667,0,1
-0.74252978881327336,0.66381802986085736,0.089415524136279109,-0.6690084634846023,-0.74154110838472898,-0.050442644275649949,0.032820550130783874,-0.097274908415263872,0.99471624279586146,5.6129046731997363,20.615900836292035,-2.5536851641108229,0.5620688853808882,0.5604354939011276,0.8125,1,5
-0.47345036679195313,-0.88079984449657445,-0.0060319250140990245,0.88065813858223774,-0.47348347691569859,0.015957444553866756,-0.016911331509778933,0.0022429941221063783,0.99985447733354438,11.7780456300179,0.74157955110352802,-1.6912169007899147,,0.09495080296864104,0.5625,0,5
-0.89844893128607972,0.43248830816092126,0.075785098634255935,-0.43795052763815084,-0.89505379645870042,-0.084131069090624733,0.03144603651281401,-0.10877759304640892,0.9935686096282752,-4.2676592911248648,10.11840431979793,-1.7573193304414432,,0.0940903552183748,0.2027027027027027,0,5
0.98656241414881307,0.15763225125122229,0.042972972370274004,-0.16277258516984217,0.97100829051459281,0.17506565987952674,-0.014131118355999981,-0.17970802185044274,0.98361849229089282,-6.2466497385249529,-16.331282313692611,-0.1324662429864219,,0.1747495811480289,0.4,0,3
0.97352092376750132,-0.22846289943728226,-0.0078558619885097103,0.2277784617693128,0.96655094423095833,0.11788233353751729,-0.019338648889671812,-0.11655031440092722,0.99299649590125372,-18.147617108338721,4.669575715174255,-1.463818142849451,0.2372671569496299,0.2365305772381428,0.8888888888888888,1,5
-0.79904553720819127,0.59378862177378333,0.094558458741998613,-0.60014711501610996,-0.7972372153967261,-0.065086578680344065,0.036737852489104793,-0.10875612644105917,0.9933893673459685,-11.5662338853039,7.2087661283485449,-1.6276458609285245,0.1187546750127364,0.1157012227812046,0.2682926829268293,1,5
-0.85956176720155597,-0.50773242420718023,-0.057977183219237179,0.51100399648613726,-0.8527806470791649,-0.10788921884245757,0.0053370348071716161,-0.12236401994025754,0.99247093795411789,7.286104857371047,22.048637667792235,-2.6404572866560287,,0.378081837837299,0.5666666666666667,0,5
-0.095675305415519246,0.99445265765800595,0.043705235505325159,-0.99485846951733337,-0.096994662212974828,0.029131789025395791,0.033209359573414698,-0.040693330892417182,0.99861964293599004,5.2683064781812856,4.910201530811511,-1.6470252698751517,,0.08305547567997836,0.2307692307692308,0,5
0.12503939761802238,-0.99171586742264262,-0.029407266882153473,0.99172781177875258,0.12406464657569757,0.032922800831269215,-0.029001661811873455,-0.033280651619271871,0.99902517577884276,6.0408517704720239,10.841960108404677,-2.0390923953826299,0.1910294711041669,0.1538963946173312,0.5942028985507246,1,5
0.61410943605241086,0.78018442493855422,0.11908763006579698,-0.78915212728912243,0.60503338382579586,0.10570489322335394,0.010417319542149934,-0.15889262896561793,0.98724090875224169,-2.315512257832562,5.5280871301955505,-1.600637055804818,,0.0802302729596365,0.3647798742138365,0,5
0.21898689698532986,0.97461034712657557,0.046684153869936122,-0.97547963276928018,0.21760143328174328,0.033001549752105681,0.022005113065971142,-0.052766348249110487,0.99836440616210231,-10.16765236497975,16.08431605685216,-2.2111053788989854,0.2452584749993644,0.2123003437506921,0.9111111111111111,1,5
0.99558825331708267,-0.092823541647587895,0.01370474272063903,0.091644362397634224,0.99331140352886838,0.070240774912017717,-0.020133074722244515,-0.068674927997837504,0.99743591952902944,-28.348173549225912,-0.45777180821791408,-1.2130514930693046,0.1861395963526562,0.2833634801150027,0.5675675675675675,1,5
0.57551002616467917,-0.81531320606015689,-0.063659923090106971,0.81688820729988065,0.56946346288132221,0.09167890279448411,-0.038495019915797346,-0.10476516819592843,0.99375167570905831,24.804561517237335,-0.27186066699659511,-2.1911240535676622,,0.3104904658396376,0.3076923076923077,0,4
-0.99647419857366326,0.069714515690294521,0.046680380022494618,-0.074906454338328002,-0.98985725698535065,-0.12071302287615461,0.037791462996777686,-0.1237840744825711,0.99158928404307511,-0.30920693936644178,-9.7787364603634455,-0.63690487189161571,,0.07900607746405068,0.3333333333333333,0,4
-0.37230707327237134,0.92379906063512085,0.089346173734696568,-0.92707313731378216,-0.37471237254638362,0.011226572577754442,0.043850213939551054,-0.07865070521190369,0.99593736013221623,-33.066575595303881,0.95015509205716775,-1.4232400210071636,0.1860841890908194,0.1644112211996153,0.6363636363636364,1,4
-0.11041580003388127,0.99168117371532971,0.066157394155645394,-0.99362141247842839,-0.11167597147885198,0.015651391587625706,0.022909381642735913,-0.064007242503033204,0.99768644029068931,-17.703963869996144,13.032872237596461,-1.8564601262883802,0.440207649787024,0.3459790657526657,0.8518518518518519,1,5
0.86601628851813317,-0.49999164778914457,0.0049132639225898216,0.49904100181194189,0.86489952331203457,0.053915610774140567,-0.031206834697074859,-0.04423987698571382,0.99853340793008938,19.871437505252864,3.139049905832628,-2.0651882712576608,0.183898525474794,0.1776637870897693,0.7450980392156863,1,5
-0.39625440001268725,0.91292551614659212,0.09772129982282822,-0.91709597562827094,-0.39863133137410078,0.0052946325029629487,0.043788376962555671,-0.087521789374930187,0.99519973594630506,-8.8439074915587597,19.912021161842976,-2.3968494146112538,,0.09396806685684414,0.1764705882352941,0,4
0.9905609246705307,-0.13706742712952427,0.0012549645237211863,0.13533499779376149,0.9794123908224931,0.14978587074731359,-0.021759891728264917,-0.14820219000899057,0.98871766343507461,-4.2499314452744876,-14.896605572281683,-0.27598786080882448,,0.07057977710011508,0.4347826086956522,0,3
0.16668831845882068,-0.98569984875522743,-0.024714624279805482,0.98553223076086216,0.16577536606912177,0.0352810166543885,-0.03067941689291586,-0.030237992138530956,0.99907178781634121,-17.868908741880862,-19.080475726685517,0.3369830515960186,,0.08650528042836918,0.1666666666666667,0,1
-0.82382631789301319,0.54506869797651814,0.15559663374579535,-0.56397604944348501,-0.81574526543084247,-0.12841603319400652,0.056931657282742923,-0.19354528259130399,0.97943810931865061,7.2394341241278308,24.128877547142835,-2.7337401734873645,,0.3056999868306464,0.1764705882352941,0,4
0.15866936431635154,-0.98259141335237821,-0.09663408939716947,0.98542709581840382,0.15152646258074196,0.07728628574768559,-0.061298219014509887,-0.10748881590166591,0.99231481033072699,-4.0780331511608603,-6.6306892850129033,-0.81111594089370243,,0.06860042242642723,0.3617021276595745,0,5
-0.09572618924493434,0.97576181093468872,0.1967876647915186,-0.99329250805100333,-0.10651867239034224,0.044986285487315147,0.064857460190715796,-0.19116134743628235,0.97941352303506324,16.321949813167723,1.2313063920371714,-1.8689123990235679,,0.2500513720628451,0.3636363636363636,0,5
0.99119959948072633,-0.13022213403597577,0.023781290889371417,0.12591687020344541,0.9829284662105372,0.13415130305431533,-0.040844776745836302,-0.12997625213906758,0.99067546557511232,-5.4993144940949543,18.640319709873051,-2.333666456854234,,0.2445407176989007,0.4193548387096774,0,5
-0.93672321719098661,0.33811293440151252,0.090715257623876847,-0.34875517296505565,-0.92377133649900556,-0.15816556892369504,0.030322330145985076,-0.17979477593423113,0.98323669319308782,5.1969585072029441,2.8808147188000439,-1.5748614102422469,0.285836218735009,0.2189047854475665,0.2346938775510204,1,5
0.80987432200659715,-0.57345648373332203,-0.12349592632378438,0.58538223053254956,0.80365264717484697,0.10709839805337149,0.037831557344261128,-0.15902856332456719,0.98654887832070082,-8.609469241173807,24.400963050357586,-2.6628949695667563,,0.3527193800896332,0.1538461538461539,0,2
0.53221612076006453,0.82475354015804092,0.19112194745734054,-0.84506639896780444,0.53115226314208419,0.061155986580460876,-0.051076238493996132,-0.19405893784059622,0.97965930123971356,-14.718727329968923,26.893135200014115,-2.9331584411556477,,0.1960511402254568,0.3333333333333333,0,2
-0.86567575813286501,0.49904257535139751,0.039522016240746714,-0.49955784632662242,-0.86627240343424317,-0.0037524954052763669,0.032364177026395428,-0.022991977620565936,0.99921165376035326,1.6699955415093921,-10.533326977916497,-0.6969042802180514,,0.07057868794298587,0.3333333333333333,0,5
0.99323052242047927,0.10755972575840295,0.043863820252214504,-0.1155565253118082,0.95335605238691412,0.27885287668428438,-0.011824499575156994,-0.28203393904283286,0.95933155813711279,-14.550910845363349,-11.715956562542246,-0.21403462617029942,,0.3556993631127983,0.1785714285714286,0,2
-0.02139493284271568,0.98537992790786122,0.16902264500638142,-0.99908971950068304,-0.027313253276635547,0.032767645376076647,0.036905138350934959,-0.16816772541645414,0.98506732099463834,-5.9470871010318396,13.632197961833048,-1.9083865235292079,,0.1675379383235962,0.2222222222222222,0,5
0.68659637838071663,-0.72598796167232726,-0.039075474422495531,0.72522121547036456,0.68009197136986488,0.10737364252896509,-0.051377055444728752,-0.10206071714969651,0.9934505564892091,-0.08439040719785236,-7.2540872463497301,-0.86728590897847679,,0.3815250043020629,0.8278688524590164,0,2
0.78756440555422935,0.58903891761815308,0.18103994209910496,-0.61622090982030608,0.75100636045468039,0.23719451270391592,0.0037546510153050137,-0.29836655323251082,0.95444397557316274,-13.094372967834289,34.743149131160393,-3.2860132970600402,,0.350638983870305,0.32,0,3
-0.34096127457014069,-0.9315181691912352,-0.12656741172242289,0.93971437375978562,-0.34146742593063439,-0.018354639129105028,-0.026120968449848819,-0.12519543719686838,0.99178818177689843,12.803842868762953,18.326834205041997,-2.4646757916539546,,0.4713488291694266,0.4333333333333333,0,6
-0.7635815255434476,-0.61514770032179011,-0.19630731172718299,0.64570217993472845,-0.72905566923999132,-0.2270386001907321,-0.0034566857363579561,-0.30011853981025655,0.95389565120398723,2.6284974109714203,-21.637059863185261,-0.11884759147665087,,0.1846223017574094,0.2666666666666667,0,1
-0.28233408062265775,0.94893135997879197,0.14077194666465914,-0.95815059050407025,-0.28616984909847637,0.0073663684170673484,0.047274864734436838,-0.13280094696859021,0.9900146441586537,-22.468203245396921,-4.8901571951611515,-0.68853538553884153,0.3800479304579747,0.2386808922492276,0.3783783783783784,1,3
0.90811526649199681,0.40614202113809766,0.10185932176305652,-0.41866696074378379,0.87684200127005651,0.23636006598045384,0.0066812233709065442,-0.25728731697186791,0.9663118532749585,-8.0953549781198753,-11.572680428607661,-0.33384895735927489,,0.2066266038529843,0.396551724137931,0,5
-0.92954089187262345,0.36734515683135244,0.031800410204866528,-0.36869248387334691,-0.92704572266627228,-0.06820616116944038,0.0044252312878018058,-0.07512498811127305,0.99716430616490248,1.4565819111630354,2.2966372531800205,-1.4748669747025682,0.08953678941242044,0.1654904295203238,0.5983935742971888,1,5
-0.99960344496184128,-0.023550423426967157,0.015437952481813956,0.018755639240505651,-0.96574574136117253,-0.25881149325221348,0.021004257118503233,-0.25841931158326986,0.96580447326761221,1.8896217226727137,12.806698997766278,-2.0091825806288006,,0.1202631157700504,0.25,0,3
0.99059457249297522,-0.13680500656893987,-0.0026044433439111848,0.13494112741661304,0.97359275052033378,0.18414138118789289,-0.02265579570425048,-0.18276089929720685,0.9828963163065999,-4.8290655799985167,-15.833236794397076,-0.20297183961317236,,0.5261280259499556,0.1764705882352941,0,1
0.87238892364946186,-0.48879905373012295,0.0036126121118609197,0.48787810462724357,0.87115441856033904,0.055361846502146553,-0.030207961186793763,-0.046534547331366222,0.99845982141776923,-1.6039536198884172,-2.6455690721683793,-1.0976096885099995,0.2499801392741514,0.2167890048076345,0.8333333333333334,1,5
0.20288590022699945,-0.9657639443962831,-0.16167039058904412,0.97882507809942365,0.1954414955899994,0.060861221522433159,-0.027180470428938844,-0.17059491641217911,0.98496629207378694,8.6629112251717864,13.320673271384377,-2.1612965425261295,,0.6196630443934232,0.4313725490196079,0,3
0.1685507039402514,-0.98545555114819261,-0.021633698538583677,0.98521459467186423,0.16774461025571549,0.034841759078917837,-0.030706068566343149,-0.027186438556212278,0.99915866353238891,-16.389380500885625,14.403532969849643,-2.0157057919191623,,0.06936149553689057,0.5,0,1
-0.99164800936667941,0.11750070243020917,0.05317716095759726,-0.11906621582280467,-0.99251131106013324,-0.027286144237206343,0.049572792625996828,-0.033389853939539041,0.99821222988158043,10.328467679743984,3.3708441023790465,-1.7242827792493181,,0.2289673371106829,0.3409090909090909,0,5
0.0092839442356226088,-0.99621904117310733,-0.086379571563901261,0.9984604326204104,0.0045112271146905943,0.055284838078637724,-0.054686130516716572,-0.086759845747056183,0.99472717681535883,8.4667457631675109,3.7331634639017994,-1.6778692263573987,,0.1279535627738616,0.425531914893617,0,4
0.28776887680280633,0.94492238273337226,0.15591909489584133,-0.95743911804734982,0.28005319935784478,0.069860867172896413,0.022347455702273113,-0.16938682398262972,0.98529624737167942,9.7409442365569756,-4.6887467214797613,-1.4216554151719196,,0.6508177477290049,0.4047619047619048,0,4
0.73063970145746493,-0.65618743642092969,-0.18863635635125178,0.68199863194479193,0.68834237408919807,0.2471085633050383,-0.032303137302435316,-0.30919706388738005,0.95044920064348781,-31.978543786048792,-2.3474464328900058,-0.89203134259799788,,0.6000985871769031,0.3478260869565217,0,3
-0.93923808348070625,0.33434649674461969,0.077744727500260347,-0.34237437512728341,-0.92877151021928284,-0.14199742624848821,0.024730745959068875,-0.15998719298616568,0.98680924614877585,-16.810407391508434,4.2909044465950439,-1.4418035991142815,0.3064743361117608,0.2377813977341778,0.4090909090909091,1,4
-0.86590096655781146,-0.49976213007481585,-0.021291534874984704,0.50003078013001023,-0.86364023424240255,-0.063990348649647991,0.013591726778566109,-0.066055727539805445,0.99772336136945594,0.3221466973204099,-19.153765875981239,-0.12283834936721294,0.1885792274805247,0.2335714436897806,0.3684210526315789,1,7
-0.89802033234646739,0.41216901688314478,0.15387067366435614,-0.43898022607174347,-0.86270075146981984,-0.25108519377177485,0.029254808328581051,-0.29302579226919695,0.95565686376160575,-11.000622796624995,17.211792782466325,-2.2833760001155654,,0.5227398538697779,0.3888888888888889,0,2
-0.9652310679312236,-0.26139681008974097,-0.00083257147292173329,0.26117134245629392,-0.96425607607039421,-0.044718560362600232,0.010886476929061565,-0.043381187584413276,0.99899927786952847,-12.432485814803025,3.894928674530362,-1.3538483163260708,0.6606680020417643,0.8167018744379615,0.789279112754159,1,5
0.79126901439076347,-0.60424981101667008,-0.093677706800441171,0.61064877324294986,0.77295162907228465,0.172202946697735,-0.031645261919463236,-0.19346303264660403,0.98059707953737518,-9.9116401338833295,7.2896510793816631,-1.6034450561423941,0.3176396401250232,0.1257951379704546,0.2285714285714286,1,3
-0.98265759264584474,-0.18505699138166168,-0.011745874009209643,0.18397219280236629,-0.96505183406840112,-0.18662580163713732,0.0232010321098353,-0.18555017516020497,0.98236085254200534,0.68351618261408842,-4.243769896449165,-1.0843483506443305,0.8198517226064799,0.6778247613409658,0.2325581395348837,1,4
0.65684079541245444,-0.75277724661243339,-0.043434853108282115,0.75360070748879815,0.65343551232564223,0.071470307849545667,-0.025419346063924628,-0.079677149888341986,0.99649656729531877,-21.880059848673035,-1.7163111148651493,-1.004086742148568,,0.098100529855793,0.28,0,5
0.99959373508175531,0.023320101540877585,0.016387118399164246,-0.026789541373977658,0.96500746943785776,0.26085034867163576,-0.0097306350397601687,-0.26118337771241329,0.96524015558225618,2.5807033094943366,6.7416895573601732,-1.6767452900078581,,0.2980225672048072,0.2314814814814815,0,3
-0.94203565999292238,0.33526998319646156,0.012761413289457626,-0.33441630539570244,-0.93520513911488756,-0.11643488505853106,-0.027102582666385856,-0.11395343847620139,0.99311633954550549,7.6946019273966382,-8.5688989339664055,-1.062127462811111,,0.4466691112782253,0.2,0,2
-0.97872658457345141,0.20280144577719872,0.031078066861774462,-0.20355455060070546,-0.97878554505508353,-0.023332417812310453,0.025686914546746018,-0.029162139528870534,0.99924459069797689,-12.669950344742531,20.958691909345028,-2.5197805566264129,,0.1791287512837828,0.6875,0,2
-0.99009521074448836,-0.13929286266134216,-0.017577601441451738,0.14036690200653393,-0.98470644562478726,-0.10320052696612218,-0.0029336806087508988,-0.10464566095450718,0.99450524340572466,-11.70915267823046,-10.8842145673004,-0.29586978832199406,0.6906919483629677,0.5297518362906879,0.4195804195804196,1,3
-0.68467525085039327,-0.72880953708720997,0.0075139552619117997,0.72881509134655165,-0.68450933115451917,0.016599342996349783,-0.0069543869944652861,0.016841443320561655,0.99983398736410822,-2.8097719949879698,-3.1947897903370932,-1.0304910730124253,,0.106008504577705,0.6511627906976745,0,5
-0.96614565281859777,-0.25676476682260579,-0.025187934775560462,0.25775264744583376,-0.95636852978472842,-0.13756019763020419,0.011231663918974569,-0.13939544381338265,0.99017309596336811,-38.5593348410884,7.3212778561468248,-1.8839048241602117,,0.5135846854071414,0.2,0,1
-0.12648749618866545,-0.98523830287057101,-0.11535336954176922,0.99196790828944181,-0.1255398680560717,-0.015472894116312877,0.00076304114755515538,-0.11638396833405254,0.99320400204742765,-34.855807996677676,-2.7137032420129512,-0.74376080141400958,,0.5256208136418877,0.5555555555555556,0,5
-0.40533785692387603,0.9057990563164553,0.12340701487589789,-0.9141019694236322,-0.40320861307970274,-0.04289992813724576,0.010900056889656069,-0.13019556027208914,0.99142841639991364,-10.304589554021961,2.9672559575313873,-1.2688245725469578,0.335210901141069,0.2074228543880109,0.1695906432748538,1,6
0.90934354539937456,0.41411902853014787,0.039996832996399709,-0.41604596919544284,0.90507127708622792,0.088043937382019807,0.00026068509715515775,-0.096702707318621822,0.9953132765318311,15.655319428669088,3.2624256798464804,-1.9001250906735887,0.2382886112139639,0.1969770373701077,0.6304347826086957,1,5
0.39815665781691423,0.91177446119215355,0.10069065375605848,-0.91710060095384782,0.39327070840333844,0.065304193142765379,0.01994401078409283,-0.11834475835327077,0.99277225716885853,-20.104314026171629,-15.861677037211091,0.11201423156794386,,0.135497991017019,0.3333333333333333,0,4
0.60008906940434248,-0.79316507395622571,-0.10383773031728721,0.79922107864324632,0.58900607267836835,0.11965581390108618,-0.03374575875212648,-0.15479344884077079,0.98737035197651346,2.8127334869776845,-3.8999734569826097,-1.1643968034781456,,0.09230697459526624,0.2959183673469388,0,5
-0.89960354175918333,-0.43264615000998924,-0.059420337729326471,0.43670750478498699,-0.8911900050104159,-0.122747424551416,0.0001513895770926916,-0.13637332529152726,0.99065750551344822,0.1429916203891875,22.384824911860452,-2.634292586489992,,0.4615423770016953,0.4545454545454545,0,4
-0.88088638939407571,-0.47269818877558578,-0.0244047394689824,0.47332359992238732,-0.87949080547486835,-0.049605371097081082,0.0019846250981513706,-0.055248035380887746,0.99847068852809695,13.210779559437878,1.0045261879438727,-1.7459070365818776,,0.08260647678895131,0.2,0,5
0.92832224601105284,-0.37010418828707342,-0.035223534367809631,0.36998658707472609,0.91041102620863035,0.1850991322036506,-0.036438070006381301,-0.18486387740744506,0.98208839412961957,-2.9999155837321587,-9.1814393259527769,-0.55810196803535117,0.6995337199754081,0.5671056773605861,0.2457627118644068,1,3
-0.72999689710532767,0.6730570338735935,0.11873819676023568,-0.68219331590030641,-0.72810593128886247,-0.066888209446226102,0.04143440548067899,-0.12983058952056462,0.99067008033310688,-18.702910241654173,-5.5361819343390968,-0.75218411950688779,,0.5994241782345314,0.66,0,2
-0.77743323832752409,0.60098195166619928,0.18552157210164621,-0.62813449348798811,-0.75701998413340921,-0.17991053808280019,0.032320551266476046,-0.25640093095412136,0.96602999154875735,15.654901670650746,-5.1851450802078523,-1.6296189915148198,,0.4442937686224566,0.25,0,3
0.95854453392032812,0.26984517035566891,0.091520273858742549,-0.28493841010442206,0.90951727957796258,0.30263578869040747,-0.0015744645513483435,-0.31616752234348927,0.94870207066104484,-13.081037630890657,-6.6445056352929992,-0.67229862822361397,,0.5340362462032677,0.2291666666666667,0,5
-0.70596310333366774,-0.6846355514097614,-0.18135671610764734,0.7082205919229303,-0.68467697274483552,-0.17216572298022406,-0.0062999926851026577,-0.2499832089137603,0.96822967593094778,5.0564002735745346,7.1453673107042439,-1.7038890859753582,,0.6671547321958806,0.3035714285714285,1,1
0.099956837039602342,-0.98870544886120482,-0.11166989800838104,0.99461392918230851,0.096194896657762749,0.038596291707014993,-0.027418289617863138,-0.11492639926999451,0.99299554890506214,-32.804305678814906,8.1100619209475706,-1.7507714255582929,,0.18393860903403,0.25,0,2
-0.16767841379842624,-0.9843736067926584,-0.053782448773321279,0.98552612037051734,-0.1687554726175548,0.016120066037731001,-0.024944250108568385,-0.050301020980064871,0.99842255166581795,-18.447110474027408,-13.074850067609495,-0.08455278350361331,0.1256450986382949,0.08744366174626596,0.3333333333333333,1,4
0.26204940136179206,-0.96485967335302414,-0.019388707616053165,0.96455978590113078,0.26121902193159907,0.037269853815954768,-0.030895479738793946,-0.028468110548352351,0.99911712827551713,1.8350011408283715,5.1062178818373996,-1.600194987666806,,0.08523121545420717,0.3949579831932773,0,5
0.81248513217035112,0.57223836006761375,0.11140542746767151,-0.58298076311889491,0.79789000184482306,0.15331332228276606,-0.0011575126080961493,-0.18951201603907863,0.98187771944441549,-15.97932421512623,-13.514428750289047,-0.090443173333462995,0.1956357692494782,0.1917929277774593,0.4090909090909091,1,5
0.18759381109168821,-0.97268345237767362,-0.13673135525820496,0.98170311680701183,0.18103414524445177,0.05903921329937431,-0.032673421790412674,-0.14530498864891134,0.98884726210990015,-21.853819124297786,-8.987910013270314,-0.33806728681469594,0.2726268246006448,0.1528294892247511,0.2173913043478261,1,5
0.88425489334348317,-0.46552785969381227,-0.037109236680417948,0.46609611832957243,0.87479002844473119,0.13227552536948001,-0.029115152003903532,-0.134261751748459,0.99051809167789817,5.0957607235698639,-7.7003968842809458,-1.0215155619038285,0.533035675632396,0.4179566535423927,0.7248908296943232,1,5
0.10695082501623074,-0.96280043771633828,-0.24814680767959793,0.99407683247194845,0.09870031337904786,0.045491749597217662,-0.01930730874269657,-0.25154237271701463,0.96765368937291252,-31.838055862147659,-3.3775650728523154,-0.69148542156006987,,0.5339315262623864,0.25,0,3
0.70442013396511205,-0.70965204799490977,-0.013647184369076663,0.70900555281607447,0.70261840172589318,0.060320043369716025,-0.033217479443001519,-0.052166582529256836,0.99808579126579711,-15.39505921716993,20.580446788975287,-2.4835529111691477,,0.779342174312704,0.7058823529411765,0,1
0.83668171618899012,0.54049694833337347,0.088468947305571533,-0.54768613943252886,0.8262486005009515,0.13173132825456216,-0.0018969629775281505,-0.15867041000933058,0.98732978407365612,-11.782644251296318,-2.5996177615805549,-0.94117919470019495,0.3827728010904866,0.7242162089354141,0.4017743979721166,1,4
-0.069629852715801077,-0.99712256910599784,-0.029971082566861755,0.99722935961046533,-0.070362858000681955,0.024138611080108594,-0.026178004921627206,-0.028207275540711983,0.99925925648196701,-7.8645068899711745,-8.9269232967094201,-0.4648104846202335,,0.07195036831964013,0.2285714285714286,0,5
0.39706058710179426,-0.88450143624809063,-0.24494917727039428,0.91719296476443091,0.37276374837701731,0.14072758536459382,-0.033165577893530411,-0.28054303978352457,0.95926828743162773,1.1545085990806645,23.889079350380005,-2.6998712808548624,,0.3624258376843225,0.3076923076923077,0,1
-0.98649948968870804,0.15963502653405129,0.036543332461499801,-0.1621988169065316,-0.98321323980999054,-0.083565955128053371,0.02258983483871467,-0.088365057380251494,0.99583197176840288,-5.853602444346075,4.5388923763323641,-1.4478127256025695,0.2418857734286526,0.1242375759531258,0.3152173913043478,1,5
0.92993833454257868,0.35651401406956135,0.090069149658377631,-0.36763622889607156,0.9065018020236888,0.20760078547751265,-0.0076352571174786686,-0.22616861121697127,0.97405824371489025,-9.1900152937957191,-3.4905652655535384,-0.92935195928339398,,0.09861040812852516,0.4605263157894737,0,5
0.42266982035796125,0.89319556755152996,0.15346628641128179,-0.9058666024253913,0.41123690354616227,0.10143918262704625,0.02749402787602389,-0.18189526455646182,0.98293346222574396,-6.8785319500864635,27.257440224576566,-2.901266382822441,0.3611894794260156,0.1848685772638878,0.3703703703703703,1,5
0.94975120970783,-0.31192872542598404,-0.025944361866042733,0.31174075719635985,0.93521299883934639,0.16791172414265487,-0.028112985632182716,-0.16756227814171029,0.98546057403774745,14.872574261125417,5.0696162763642389,-1.9284412325741616,,0.1153552490311555,0.25,0,4
