axis_00,axis_01,axis_02,axis_10,axis_11,axis_12,axis_20,axis_21,axis_22,location_x,location_y,location_z,dbh,dbh_approximation,score,reconstructed,number_clusters
-0.33230509160489236,-0.91470011210588542,-0.22999354557671026,0.93952339177661093,-0.34245515197151588,0.0045016877657218582,-0.082880168906911522,-0.21458838226159435,0.97318174243062872,7.6802148630025551,-2.8758354642713604,-3.1000762429906286,,0.4224102047006633,0.2083333333333333,0,1
0.3099398325270693,0.948618004818643,0.063727397145880549,-0.9477229520444862,0.30290635513575176,0.10034413877480861,0.075884823128056819,-0.091496562516142493,0.99290980087143499,12.957711211263399,10.002940516440116,-4.2318131150391798,,0.6259233365693261,0.9694656488549618,1,5
0.61900477484791094,-0.78106113846222969,-0.082320026114998113,0.78501717504281798,0.61208795906722901,0.095374866986584497,-0.024106505414135195,-0.12366013241542695,0.99203177774087348,0.18838236881867079,13.743493780278344,-4.6846873393201554,,0.1782811974716095,0.5600000000000001,0,5
0.44287677951113052,0.8962852529494687,0.023084703055430651,-0.89114228405866625,0.4372115438807751,0.12129095374385238,0.098618394493896921,-0.074288701985543312,0.99234852800049533,-13.819033338843141,15.772194292780137,-5.0231320981614225,,0.1252694796842538,0.3571428571428572,0,3
-0.8222657629250113,0.56895352042440983,-0.013073129618458853,-0.56792713351488167,-0.82182563956383436,-0.045402523862291891,-0.036575758897395075,-0.029908355892068653,0.99888322846512645,1.4688745449437044,24.829026599487886,-5.7156393331797215,,0.4187858871872223,0.7777777777777778,0,4
-0.069210669576728848,-0.96575878545011906,-0.25003969993313352,0.99491737581850703,-0.085196816460916522,0.053674181496696588,-0.073138898755424772,-0.24505401606755087,0.96674672520676663,-5.436221216028553,7.7991501960267735,-4.1308297323290359,,0.08931504901742474,0.2558139534883721,0,2
0.97216652450174146,-0.22672531443295796,-0.059058279973959717,0.23196962482615791,0.96684845154832977,0.10674345364756442,0.032898963452026746,-0.11747213939430297,0.99253108498923537,-10.823384778729805,-4.1200759160296885,-3.0887757511990874,,0.07702347900581663,0.2690355329949238,0,5
0.91069314970534465,0.41307919883400512,-0.0018874772620457931,-0.40593938568613674,0.89577982220767305,0.18108485655722734,0.076493151513846599,-0.16414653702179047,0.9834656639431969,2.9853468645220644,-10.443714413723649,-2.4037375757134014,,0.1206651240364236,0.2333333333333333,0,2
-0.85714778678814163,0.51490937335932518,-0.012884441427513329,-0.51290735564443479,-0.85557103352315444,-0.070173008500107131,-0.047156294702034827,-0.053540114146590725,0.99745162291067813,12.286524401408347,-10.720085469162013,-2.3906215818911694,,0.196845629550675,0.3333333333333333,0,2
0.61594138980078017,-0.78219417416833426,-0.093746883827688324,0.7876943778194454,0.60961578567596308,0.088916595786814032,-0.012400462972037129,-0.12861130491444717,0.99161754762926768,-11.945341188940478,-8.9127336684592198,-2.6389153388706541,,0.2290808406620745,0.5526315789473685,0,2
0.75704327129945093,-0.64849498738381584,-0.079622463653736736,0.65335451469890071,0.75070716092746348,0.097809184920391798,-0.0036556125054239448,-0.12606748141488433,0.99201493266327279,2.7580762529409357,16.565125080720563,-4.9019335432570914,,0.08113488744968933,0.375,0,4
0.79559224963608899,0.596225568455924,0.10746182502822672,-0.6000311045859722,0.75099006211496389,0.27563853165677149,0.083639977572479401,-0.28377631705971051,0.9552357593953974,-33.128556665680271,2.2109810447723373,-4.1355447680064668,,0.4607642609817386,0.125,0,1
-0.99647907292654636,-0.044755397972710546,-0.070897190154151177,0.049773253316250356,-0.99625737745671117,-0.070667256331285511,-0.067469107551278204,-0.073947225880214962,0.99497724964486156,25.507720449570868,14.635105305385409,-4.7686815241833349,,0.4722662302872716,0.3478260869565217,0,4
0.56389263860170835,0.8043347832136617,0.18727159059354292,-0.8205849623997713,0.5201428579075742,0.23683692037160978,0.093088192667867359,-0.28722284707239737,0.95332975643554574,24.928130818346297,14.296791100304857,-4.7112373386407729,1.041989486983436,0.4731977485250645,0.3,1,2
0.49276597632240782,0.86948951629219429,0.034200491765319321,-0.86588162069321095,0.4860696548913398,0.11825950084247699,0.086201574954998819,-0.087887835630303307,0.99239357959606811,7.2045754488588374,-7.6094244842569942,-2.6977557485858599,,0.07417637821737835,0.5625,0,1
-0.99641060575745555,-0.06831894683200905,-0.049984259900761926,0.066198804048170912,-0.99688336288588553,0.042910128686839459,-0.052760051901544473,0.039447209091320677,0.99782778805676331,16.755439636830037,16.747044912085286,-4.914683449736919,0.2786901909988777,0.1505429776590001,0.68,1,5
-0.97745688642036932,0.21060494604048458,0.014952989422962431,-0.21060439694003544,-0.96753334502615329,-0.13973193712257878,-0.014960721203293533,-0.13973110951319623,0.99007645859059268,24.246104502522122,7.8209181483919794,-4.0946185758747227,,0.185374973478485,0.25,0,2
-0.87955792737718896,0.47445018072178219,-0.035705439375719933,-0.47569399853597721,-0.8784190707000199,0.045772873925160031,-0.0096473905694082519,0.057244757345831232,0.9983135607671666,-8.2891978267949771,4.1850206527204525,-3.8420260261243309,,0.09454297117771489,0.4598930481283423,0,5
0.68637605435172455,0.72445645634114675,0.063645540913623538,-0.72217362469752733,0.66865373136088901,0.17710856367888014,0.085750614014095297,-0.16752620810723706,0.98213125487045627,12.362397856478285,12.253228718481934,-4.4490810859864611,,0.3711818105032484,0.5227272727272727,0,5
-0.27195652424602001,-0.90839268937286,-0.31758836693740272,0.95889015870815675,-0.28360379128879509,-0.0099273913626645571,-0.081051295194276687,-0.30723217842629069,0.9481767114239652,7.9824560517071319,-7.205534427919086,-2.7205934894102191,,0.3369077820246285,0.3888888888888889,0,1
0.08848775033072051,-0.9933572369541569,-0.073561660069710072,0.99398308506862731,0.083274219645956743,0.071154978320646114,-0.064556522821963711,-0.0794153897752852,0.99474903931995673,-1.3444562988914683,-3.6993134969818997,-3.0639811675943731,,0.2418709368628259,0.8697142857142857,1,5
-0.039887158853875018,-0.99107884604166074,-0.12716813864839374,0.99691188975994938,-0.048087899620939782,0.062082509334707603,-0.067643910397118298,-0.1242991345053447,0.98993637499963094,3.5461568541574984,-14.752584895635396,-2.0009471249886799,,0.1469408753171034,0.1851851851851852,0,3
0.2333573427388301,0.97038906268980274,0.062365195436860851,-0.96957208982636556,0.22732173037915709,0.090855894289580658,0.073988601957368491,-0.08166944293572348,0.99390934640487305,-22.524897597947056,-5.7458677405087819,-3.1378313174181565,,0.1561941969408085,0.3,0,4
0.84859155797521857,0.5209023170722733,0.092483208216030025,-0.52530694483058904,0.80886228836345364,0.26418632094828748,0.06280908728795033,-0.2727683532453421,0.96002731420615339,-9.463224782970542,5.9929046132401895,-4.0283975587047021,,0.3853284409192527,0.4052631578947368,0,5
0.99244284985483588,0.11593845370591076,0.040192844192654037,-0.12111273144524454,0.97814593939294681,0.16900363170938712,-0.019720447608628382,-0.17259431103420661,0.98479556647293209,-23.366488216029826,-11.042284887351462,-2.6600675180812305,,0.431791049064342,0.8,0,2
-0.96919225597909597,0.24334428513480511,-0.038077944303498749,-0.24427538320602793,-0.96945600172771762,0.022013583843955225,-0.031558011814718234,0.030636899424342914,0.99903226788926269,-12.389291407145624,2.101683037141064,-3.7090113706827381,,0.07966534346276048,0.3240740740740741,0,4
0.51407318517648215,0.85759766905999302,-0.015968666361772018,-0.85346075258050191,0.51327475107398568,0.090298248679924836,0.085635880839925155,-0.032791278303922138,0.9957867382024953,-8.0334351780541979,6.4521708695770474,-4.0464465392901969,,0.2108881315353441,0.8102564102564103,1,5
0.47005717367357275,0.8788055744663914,0.082140220140988332,-0.87874775424067209,0.45722994430322278,0.13690566989518282,0.082756497599823647,-0.13653402623254463,0.98717264031462215,-0.51865377689285352,-20.708751756208088,-1.4310381708888307,,0.1972181726856227,0.25,0,5
-0.98095414016919391,0.19372446467264773,-0.0141352988016598,-0.19141759629631622,-0.976499311127353,-0.099037362626151759,-0.032989069599742252,-0.09444536598001739,0.99498331349417202,-10.021942756547139,-10.609055093505281,-2.4879660097442251,,0.5223745303581335,0.7164179104477612,0,4
0.95348262801649475,0.29918048392642549,-0.036904147575982794,-0.29436693370532258,0.95046041484197286,0.099865450278624507,0.064953725156347203,-0.084356611216762661,0.99431633584706758,-8.5693287210126545,-9.9884464785235743,-2.5334642120950464,,0.2023343719055244,0.8389830508474576,1,5
0.75496448021557594,0.64565988373003114,0.11468194345470256,-0.65023413624062176,0.71439285704719147,0.25853126284332267,0.084995303871668371,-0.2697520349166499,0.95917132879277023,-13.386007231698198,-18.135630241709514,-1.7939881475777195,,0.2511447150104233,0.1,0,1
0.99178320473358028,0.11782877716245176,-0.049824231863553031,-0.11085639651976542,0.98594600210380645,0.12498536028742008,0.063850874379638253,-0.11843504636687971,0.99090675930333272,7.2893991941076406,12.48979162529657,-4.493200652945224,,0.09251363692407187,0.375,0,5
0.99096659477651383,0.12487831932907842,-0.048893899400499659,-0.12063867764791526,0.98932572652571371,0.081736872277641814,0.058579155784321914,-0.075100014619931044,0.99545390165074055,-21.704620316462933,-7.8462602915340005,-2.9239180565663947,,0.08479815681831238,0.3142857142857143,0,4
-0.35992901099428642,0.93134405533170617,0.055220989152396371,-0.93170533490717833,-0.36189973163940936,0.030882894048787114,0.048747060938891765,-0.040334040680517824,0.99799643747470579,-1.0231846549194004,11.047456581700521,-4.3908841756082291,,0.4963530136237109,0.7094339622641509,1,5
-0.46433733367941737,0.88514461613132467,0.030163704766143825,-0.88406403654813315,-0.46527521078682621,0.044156058581978408,0.053118921616596738,-0.0061633400850552491,0.99856917306979054,9.5679351361194502,-11.283921543112243,-2.3344484171408242,,0.1127666507179843,0.3571428571428572,0,5
-0.17160975615772803,0.98516391357859145,-0.001467982969811378,-0.98343196512579611,-0.17121933473783896,0.05954418007452815,0.058409430405552958,0.011662023599974402,0.99822459178546241,-9.8390405668080785,-11.883812658092715,-2.3662350993072696,,0.1105146221119041,0.4285714285714285,0,3
0.29380706691385927,-0.93787760854525426,-0.18456163962457606,0.95322954032398088,0.27315609573405086,0.12938002479928812,-0.070928491350157871,-0.21394237250429579,0.97426783297100872,-7.4135821906135178,-11.89462017982046,-2.351173552890975,,0.7200646833233708,0.9,0,5
-0.71958061310299493,0.69337585128782764,0.037863836271552397,-0.6919505358323198,-0.71138227399893739,-0.12304355408337113,-0.058379767108856853,-0.11473965788245151,0.99167868470656062,-10.020408609475249,-16.267288797658061,-1.9467288755491738,,0.392147772072293,0.3488372093023256,0,2
-0.83362639972346642,0.55208669904939667,-0.016349385824304206,-0.5522275175564727,-0.83367506436197369,0.0055367783479439272,-0.010573293597870983,0.013644185347591844,0.99985100973529706,-8.7061053720542194,-7.6126423548795996,-2.7808293782562923,0.4565735358185548,0.127960123643727,0.1896551724137931,1,4
0.91162558806002369,0.4103761264501895,-0.023026550630851166,-0.40285599029070612,0.9032228598242581,0.14797133701424856,0.081522011022248278,-0.12561807326427157,0.98872355154929981,-3.6940954623168367,14.989973305682708,-4.8509278972617489,,0.137792571113755,0.4166666666666667,1,5
-0.24587319210594469,-0.9653145035807057,-0.087830988724762207,0.96597751172863477,-0.25152022193903939,0.060208178765779045,-0.080211097973963821,-0.070039182836984085,0.99431418205179922,-17.386481745557496,17.061320346102306,-5.2107490520799153,,0.1291751024894564,0.5675675675675675,0,2
0.92385697642821363,0.38179474805574926,-0.026852513140600869,-0.37623510379501884,0.91880051422954945,0.11938493089107598,0.070252642493151177,-0.10019174321550962,0.99248485167994704,-12.849658463479674,-15.071763468930468,-2.0694937361642043,,0.1444891504564107,0.36,0,2
0.88619740672916847,0.46267426798045613,-0.024221437926861416,-0.45093671690801684,0.87335529760043062,0.18413745272888365,0.10634958227804654,-0.15225979739252143,0.98260201528760971,11.866707631742408,-4.7835801697393521,-2.9325869820028148,,0.2893622575546307,0.2941176470588235,1,4
-0.060694601992173899,-0.98158454652034088,-0.18112963126299292,0.99272836336357351,-0.07826122432041889,0.091463530116375202,-0.10395461443577955,-0.17426117984314587,0.9791968542316617,5.1269919622324513,7.2351978954139815,-4.0048048372199547,,0.216510346412816,0.2475247524752475,0,3
-0.73770267108189447,0.67463125327024198,0.025834883194244526,-0.67511163911568262,-0.73689959599032473,-0.034688040587964965,-0.0043639213070518212,-0.043030890535967516,0.99906421147517177,9.8713223586729644,-9.3400069620471555,-2.5220873949588198,,0.2961149575627859,0.3829787234042553,0,4
-0.98585673806938234,0.16396011959245158,-0.034692523494635169,-0.16059269503103299,-0.98342344877334686,-0.084192082201388074,-0.047921584968221562,-0.077429965684898863,0.99584543083159638,-4.6921543276978648,9.4569244802040426,-4.2981020327011175,,0.4364601655876091,0.3402061855670103,0,5
-0.89942250841308724,-0.42468594847234842,-0.10334890676756861,0.43363099948184108,-0.89666811858573403,-0.089165247716240875,-0.054802441992024581,-0.12501252050119196,0.99064048073438271,10.382155177194404,-15.120346313818054,-2.0152168354248579,,0.6080833675719131,0.59375,0,3
0.92222553268466245,0.38399736046438354,-0.04523377080100436,-0.37936439105119574,0.92123634866368309,0.086059564855750448,0.074717639596328711,-0.062206246126832315,0.99526260719267545,3.9497981643684819,9.9666687175155868,-4.2862025145108413,0.1342830486011242,0.1158992737975929,0.4634146341463415,1,5
-0.20646095640169426,0.97415523358690148,0.09162671202736937,-0.97629962744076293,-0.21131294516895194,0.046753359911890363,0.064906940620590908,-0.079802381413541248,0.994695264380002,-10.931826671484192,-14.16748593492941,-2.1572528189717763,,0.3055274977813212,0.7368421052631579,0,4
0.66529884800599581,-0.7422784267132071,-0.080001125479974927,0.7464298650592921,0.65920919407007439,0.091025793053681262,-0.014829005005855345,-0.12027458455405537,0.99262990329774314,-12.901206991726848,-4.0397410083884076,-3.1248038708649264,,0.2153060106281305,0.6615384615384615,1,5
-0.94568630834719702,0.32185519296560666,-0.045679765386030628,-0.32393767943338714,-0.94478422045963639,0.049468743806465681,-0.027235749447423834,0.061579310905122107,0.99773052595402101,6.6929813351418543,-6.0096035658470104,-2.8384216892548864,,0.08662162754861953,0.3076923076923077,0,1
0.98626500059499767,-0.14255324444529371,-0.083426141583269761,0.16358688909571673,0.91282851406075394,0.37414360028420079,0.022818376746322231,-0.38265216112777728,0.92361065675256582,19.716029584032636,5.2257726676953533,-3.7538991068793406,,0.6108131333653045,0.2647058823529412,0,3
0.95121383760954659,-0.27726192215612111,-0.13534423394593764,0.30719539154395126,0.89189605508505621,0.33189217878382354,0.028691924896704777,-0.35727755799379279,0.93355745404324952,-25.539394649257559,4.3165727214838494,-4.172051131456902,,0.5568016841627313,0.3333333333333333,0,1
0.2449138724269892,0.96873093359661933,0.039718678047485495,-0.96622721463477756,0.24048482283225095,0.092585202308260506,0.080138410215932279,-0.061052668085549662,0.99491226091937335,-8.100094481151757,-12.433019444823918,-2.3146583211288219,,0.07590419743655018,0.2962962962962963,0,1
0.95215821809488321,-0.28947635006497446,-0.097970252972215052,0.30556438595167063,0.90704308753850604,0.28966056581211619,0.0050133573937996938,-0.30573890838700446,0.95210219312107836,6.8442276314252899,-8.9512875780915575,-2.5628970397819772,,0.5205332925029125,0.2121212121212121,0,5
-0.74849294260621591,0.6525351136894646,0.11813653233003994,-0.6631266292665301,-0.73774452075358776,-0.1264756721890414,0.0046247622964884641,-0.17300562852213047,0.98490997764941124,15.838053787309748,-6.7147062441864058,-2.8190110515864637,,0.3046146999029996,0.3636363636363636,0,2
-0.20331765410229563,0.97888470031703079,0.021134687496546213,-0.97768130737899683,-0.20413990336642837,0.049660457662423184,0.0529262952797123,-0.010566141149099562,0.99854251984038322,0.16225698416243217,-12.278469693484729,-2.2493824103303908,,0.06956449138177992,0.1739130434782609,0,5
-0.15021771780873555,0.98834087129409198,-0.024838667153678117,-0.98673201290373314,-0.14831313642999444,0.066054131386657222,0.061600097136960519,0.034431608907136653,0.99750683824261765,9.8431617847129562,11.277837969957814,-4.3639335629429086,,0.1603265352137677,0.6153846153846154,1,5
-0.47860802675730452,0.87782740642828616,0.018798969303332632,-0.87524251032458777,-0.47868423650066982,0.069368219282926774,0.069892094289645559,0.016746529466105876,0.99741398070542775,1.2743768569475948,-3.7619636298016093,-3.0237875731208219,,0.1446594920096943,0.3475935828877005,1,5
0.85825874577674666,-0.50860668724390312,-0.06863791218059051,0.51312352089412994,0.85294881528409605,0.095825731464314251,0.0098070180452197488,-0.11746299926462823,0.99302883452638013,-4.477907637900346,15.735400242940766,-4.9140433440127378,,0.08131448732641058,0.375,0,5
0.99813645296758724,0.034014690908771662,-0.050661840271200943,-0.02878089736894611,0.99450286573026736,0.10067626334407004,0.053807817312377014,-0.099030555166913392,0.99362853619419111,-9.6817872759275883,-6.5565947524956565,-2.8749275526046363,,0.07734751074834674,0.3203883495145631,0,5
0.47680374872305326,0.87898923930267236,-0.0060085267539788881,-0.87461868501610318,0.47509318799836736,0.096584773842728622,0.087751587018961963,-0.040796812469332207,0.99530662565261552,6.6534756711544336,14.709772891071109,-4.7173500375226256,,0.1966496854602716,0.5,1,5
-0.99091085124565825,0.12767940607481704,-0.042351554257051595,-0.12847564868695865,-0.99157316659544015,0.016633189181803565,-0.039870949049040462,0.021923151057146692,0.99896430510286738,-3.9929610650085543,-18.52374432754775,-1.6867186594817309,,0.2984485679756428,0.8723404255319149,1,5
0.50439710830680351,-0.85955835096492705,-0.082115762300488726,0.86308876098276277,0.49905598487249364,0.077594552825473895,-0.0257166832420993,-0.11001165960661238,0.99359754777959486,-3.8224903703954398,-3.3818909611141454,-3.0926755159559867,,0.2054298123251532,0.5034843205574913,1,5
0.80937746120566689,-0.57517646241024389,-0.1186598600264957,0.58686666189210124,0.79977423106965351,0.1262881644358157,0.022263118647047636,-0.1718523098657177,0.98487112717447722,30.599195407283656,0.28422185142386963,-3.594498486510461,0.4125375478925609,0.3657743299577709,0.1851851851851852,1,5
0.6273802667390721,0.77862769881698801,-0.011528553307871444,-0.77641715268255562,0.62659800049721992,0.067463699818485143,0.059752873794684983,-0.033374427453479308,0.9976551216053714,-4.7450328576933254,11.830433825799457,-4.5132459054515808,,0.1978574321555297,0.7105263157894737,1,5
-0.86017262841998032,-0.50459706190929188,-0.074059803061944179,0.50510065124393666,-0.86296033965812402,0.013144743819784498,-0.070543471916362621,-0.026100905916214324,0.99716716817208695,12.496998581827796,-9.662154757076598,-2.5128610457152907,0.5080192066713681,0.4756802977972051,0.9368421052631579,1,5
0.76361752076584333,0.64418698443230782,0.043719687412407206,-0.6395215955496335,0.74528996847188977,0.18856031321787226,0.088884255102238602,-0.17194764314517605,0.98108796609261328,25.193447818341649,18.196380641048233,-5.0998393174173406,,0.3923699984895848,0.7619047619047619,0,3
-0.90410622485675129,0.41796486596286042,0.088866782297560676,-0.42676275682431408,-0.89371087009556038,-0.13839953056549187,0.021575068087617146,-0.16305291010492637,0.98638139932955426,-4.6207045366018784,-9.2042868544371199,-2.5922619410430934,,0.352831945057153,0.2461538461538462,0,5
-0.19211618832169322,0.98062280832973292,-0.03834420384169248,-0.97968371870395621,-0.18934820795881779,0.066083791122884844,0.057542866552966664,0.050260958270747343,0.99707705548897996,7.945244759716048,9.8918624855055324,-4.2494555547053494,,0.230297699879476,0.7386363636363636,1,5
-0.23627896844842924,0.97114077027100087,0.03252465812878684,-0.96996516867254912,-0.23771931601315419,0.0515470499279269,0.057791181256141542,-0.019368301724375439,0.99814079580855408,7.8398309188404971,17.074955136953633,-4.9534479296626897,,0.09159533225099303,0.2380952380952381,1,4
-0.85784403824094024,0.51269825175436656,-0.035271925131668581,-0.513766885702297,-0.85720292798243403,0.035309027374123933,-0.012132320892583065,0.048411185756600299,0.99875380544126124,5.5913557517556782,10.135865868500179,-4.2842732827888561,,0.1093669177396797,0.4736842105263158,1,5
-0.90282628336958726,0.42907074559703107,-0.028337207517071566,-0.42971572860039109,-0.9026755172488814,0.022832064140136721,-0.015782732668733757,0.03279033138399455,0.99933763039186851,-12.618491821504742,-11.299580302745278,-2.447523731410584,,0.2929023946434223,0.5431034482758621,1,2
-0.89677537451230394,0.44210646945767473,-0.018324773722702258,-0.44213262153865168,-0.89694525978015127,-0.0028188524753449428,-0.017682551842918413,0.0055741027608485474,0.9998281135968996,1.3440191100086487,9.1464753511223051,-4.2031247245896903,,0.170713319214675,0.6030534351145038,1,5
-0.43514530358707754,-0.89238035674801852,-0.11960712209726559,0.89477833164997422,-0.44338424729144138,0.052746056378572388,-0.10010145840995308,-0.084069662447771018,0.99141917970156235,16.518318173943772,-3.732164969094959,-3.0353575829596982,0.8296336083499897,0.346997585003391,0.6304347826086957,1,5
0.83446848923757688,0.5501967153125088,-0.030755730017075364,-0.54485114586938888,0.83213859337336693,0.1033566169309431,0.08245950105579819,-0.069490545241217949,0.99416874564014934,13.986100791218181,-2.5052569640227031,-3.1155462581501538,0.4539318695633657,0.4078062747687478,0.94375,1,5
-0.088531336984040754,0.99117373874912074,0.098675336259423096,-0.99482534861766292,-0.092943003547601072,0.041038077919149422,0.049847047250221307,-0.094531569888807995,0.99427312855914673,-4.4435358976628416,7.9575113283093879,-4.1819250025815915,,0.4975894878108664,0.2394366197183098,0,2
0.98869900337712013,0.14861131545438733,-0.019722009025649287,-0.13669257972862559,0.94768538932870239,0.28845717446449626,0.061558259951241097,-0.28250146861887998,0.95728966403066973,8.834636980736386,-5.957275394399268,-2.8202843832628317,,0.3930421988042053,0.8235294117647058,0,1
-0.9869591475208076,0.15423305359001088,-0.046084773030809247,-0.15624516513137635,-0.98674653354154918,0.043803275183543121,-0.038718077148398672,0.050432566106009873,0.99797668649016691,-1.2331299444366355,-11.639928790142816,-2.3098933027261315,,0.4867384162194933,0.9233226837060703,1,5
-0.25683248085940819,0.95305131533643817,0.16040656816692445,-0.96539163699132369,-0.26077844650672233,0.0036863348675502438,0.045343841950334529,-0.15390838889751582,0.9870441448203604,-5.1937039308764632,3.7615381477570469,-3.7628097502886466,,0.1827508005019818,0.2488038277511962,0,5
0.92017854837705315,0.3892199148746433,-0.042181713711925473,-0.38453592282224514,0.91878156001273015,0.089289243696084944,0.073508932558864676,-0.065941662441509383,0.99511212131523474,5.9037074021092417,11.202123804862367,-4.3868470301344757,,0.08583649336354342,0.2727272727272727,0,5
-0.15413276651102784,0.98801615324947301,0.0081958041564403009,-0.98619088096859764,-0.15434606696429007,0.060040302356302554,0.060585778711165501,0.0011715505830495426,0.99816230688560481,2.0847804619443862,2.3170106900077232,-3.5654657097849167,0.6001749579456715,0.4386406286806408,0.8502906976744186,1,5
0.63503729429282585,-0.73557876345505158,-0.23590573882630403,0.77218629236896297,0.59602777958872455,0.22017996238533916,-0.02135333076410793,-0.32198566538352652,0.94650370657108684,-10.662989034956913,-5.8551400037629993,-2.934556437505873,,0.09924335743273285,0.4838709677419355,0,2
-0.52450906847509537,0.84983072922538938,0.051749094210724204,-0.85084218651977461,-0.52540270692492963,0.0044237081962043238,0.030948517341488364,-0.041710037403473607,0.99865032020931321,-11.546876516517775,-12.438228202348892,-2.3412849806105434,,0.1525188257196077,0.3538461538461539,1,3
-0.79136287031141639,-0.58002638028089559,-0.19316885274473986,0.60560879137130952,-0.78696237276913961,-0.11801786161148724,-0.083563145622090371,-0.21037970915420628,0.97404187726705727,-21.429167616650702,2.3548923668696866,-3.9009828461186835,,0.3528160791864935,0.5,0,2
0.99738951484483196,-0.049201874621236437,-0.052851974526469579,0.055548866231765477,0.99044278915287576,0.12624343497955631,0.046135443402614919,-0.12884974562966031,0.99059036130643596,-7.2723586644938933,-15.88351035308275,-1.9594079807586751,,0.1202825987598528,0.4347826086956522,1,5
-0.34199251512824586,-0.92049306660578845,-0.18903342013233479,0.93482871214044883,-0.3537257372986744,0.031199066177349688,-0.095584510011225768,-0.16604402158217044,0.98147490255366843,11.482206030527463,-6.6729518345710135,-2.8064110104419147,,0.2238583567432572,0.2272727272727273,0,6
-0.64731151420012245,0.75887880659444806,0.071349565420758349,-0.76218932201684952,-0.64535143932379913,-0.050881796019760929,0.0074324280985556849,-0.087318249321017838,0.9961527404710947,-1.0825623383424197,-23.267353116844312,-1.2052613419086462,,0.2777932844648625,0.1621621621621622,0,3
0.31188735528698946,0.94942829413433405,0.036224189559685704,-0.94778774655054243,0.30822665251711456,0.081821257425800042,0.066518156173576204,-0.05985185857818294,0.99598849889143015,-0.91885821791475553,-15.251410454720679,-1.9735398338104357,,0.2104338835999227,0.2727272727272727,1,5
0.53406339280842308,-0.84013134704205483,-0.094634096282783478,0.84492012165591412,0.52643650044314561,0.094734360303589199,-0.029770463263313549,-0.13055240602331725,0.99099434347457849,-11.212908319894055,12.726766040014223,-4.7075607580124608,,0.1176684288137141,0.3953488372093023,1,5
0.11376693936493058,0.99322454031132645,-0.023708564505078578,-0.99081716892522254,0.1151815311761992,0.070813506048733627,0.073064500754771389,0.01543461691333853,0.99720777741160593,-26.366390667960928,-4.6505908154851729,-3.3738938844550872,,0.1022769050821746,0.3333333333333333,0,2
-0.79816282325055576,0.60219050581695965,0.017398341432926772,-0.60231726810843289,-0.79707785361719674,-0.043368235050523035,-0.012248106755606874,-0.045094234408817324,0.99890765033810114,-6.7785621502789501,-13.869605221487989,-2.1527749846338642,0.6740843887576924,0.2241906673278978,0.2631578947368421,1,5
0.46324392087687216,0.88554123459328538,0.034954135744186439,-0.8818350693892919,0.45666406468535325,0.11757909006381602,0.088158834870962918,-0.085291581413714332,0.99244816790306112,0.34873434763454192,10.837022032482336,-4.3816346475638452,,0.1916918049910417,0.6460176991150443,1,5
-0.65587066946117711,0.75422263230850528,-0.031335057909272671,-0.75465871681834451,-0.6541294543573577,0.051038006154589304,0.017996835017243303,0.057121605857814381,0.99820500703692461,-11.844982493134463,-5.0528039660317772,-3.0048440167702459,,0.1149945148476313,0.4790419161676647,1,1
-0.050541067392435475,0.99701764443342666,0.058321670031428116,-0.9910449409952321,-0.057293658371113991,0.12061244396085884,0.12359419660562759,-0.051703514376447955,0.99098497524762386,9.0093619827302227,-8.0336353784259202,-2.6294087466696459,0.3544346458788998,0.2580719357953984,0.16,1,3
-0.93924756388801045,0.34174619980846221,-0.031992946830705811,-0.33945996361155495,-0.93865448376515492,-0.060783988125266079,-0.050803019942514543,-0.046230888203076095,0.99763808976034729,-10.700380493745392,-18.338095366259434,-1.7636791495699369,,0.2998822369545831,0.8170731707317073,1,3
0.96296739833524436,0.26574262772432516,-0.04554827717511635,-0.25999719558911633,0.95998504168651355,0.104068141253398,0.071381006081767173,-0.088371802902923388,0.99352663599042013,-10.269708885933239,4.7236534351547261,-3.9288514878143692,,0.2532689763692787,0.8266666666666667,1,4
0.74014976166159929,-0.66986813576388649,-0.058779341613315189,0.67239510406768332,0.73623213597157144,0.076466110065497292,-0.0079469703717171495,-0.096119314661282318,0.99533809482555102,-7.4072250332640808,12.392534117952483,-4.6209057418334742,,0.3657327618638255,0.9214659685863874,1,5
0.4892892044854425,0.87202013037189297,-0.013302879394740962,-0.8673123537019316,0.48813413290299218,0.097438952226821099,0.091462317322598061,-0.036138075782090606,0.99515259331860717,-1.0679723405733135,14.780632413385373,-4.7883813743548203,,0.09836636934126725,0.2272727272727273,0,4
0.731573945532494,0.68094971270571125,-0.033272375689600828,-0.67585842692825249,0.7307834124182172,0.09576529060392755,0.089526247369630774,-0.047571975998441679,0.99484770599902161,-8.3598753514546171,-4.3024257213803923,-3.0649019405172426,,0.2994134496018472,0.9012875536480687,1,5
0.99823344507326939,0.031929594337404804,-0.050104791613189328,-0.025053436535635635,0.99089115611313427,0.13231417934042883,0.053873132959827347,-0.13082514185822636,0.98994063852478931,-4.4867226833502718,12.959527891802573,-4.6528611310003649,,0.06877441399154574,0.6428571428571429,0,4
-0.45814312872742197,0.88625204466486174,0.068280208898345171,-0.88807898233169991,-0.45963581323661212,0.0071162020074895336,0.037690777924342438,-0.057377979379470603,0.99764080346675243,-28.374150697067613,-9.9804276094691655,-2.8851905710690904,,0.1268012134726994,0.2,0,1
-0.99245503853570505,-0.11039611154366114,-0.053345056388885377,0.11575039697203789,-0.98708807361722783,-0.11072028054267131,-0.040433180506973018,-0.11605961174616998,0.99241892587526781,-3.8344200735245613,-12.058529790349347,-2.3011311023552721,,0.1970627646191702,0.3478260869565217,0,5
0.94762888692488578,0.31899790240882397,-0.015486475527792204,-0.31061141978344886,0.93182649355215819,0.18766974133940895,0.0742969620214219,-0.17303099194381605,0.98211009426709706,14.889892113523233,-1.8328980073811023,-3.1914838280839257,0.2400671856114395,0.2699277580536834,0.1538461538461539,1,4
-0.063077655175902095,0.9826572136806514,0.17437319122758044,-0.99506465892878393,-0.075334499131146773,0.064583572149607249,0.076599830081105769,-0.16943881976111494,0.98255938873408921,-3.3740318701027667,17.847757367742162,-5.0658520742197304,,0.3460085812292479,0.1666666666666667,0,2
0.03373440832434825,0.99522080666347312,0.091638068940327388,-0.99717986670713155,0.027366271127359398,0.069881332546909286,0.067039563907844824,-0.093737042777601615,0.99333733629737087,-14.078329798633208,-20.956863065389847,-1.5213571837630693,,0.1375699629651941,0.35,0,3
0.77268435464152041,0.63434155055368713,0.023868081895328849,-0.6303472713687861,0.76229255421361775,0.14687538687065785,0.074974699533535666,-0.12853349381240509,0.98886699580794624,12.561087264922929,17.840950973314428,-4.9930472526015759,0.3041613981200408,0.1651394522367971,0.2666666666666667,1,7
-0.74011262390619303,0.6716551593289205,0.033356421893443629,-0.6724372372951507,-0.73972963397857983,-0.025064526981020557,0.0078400148951307674,-0.040980673014969438,0.99912918013922747,-27.227599168989801,-6.5140509765582504,-3.1895300452428375,,0.1549502833706103,0.2631578947368421,0,1
0.36423609815040281,0.93083228922055106,0.029720601417169902,-0.92801644549504614,0.36008426894536461,0.095523798860921938,0.078214715334837259,-0.062374422662743158,0.99498336152047229,-13.038716090866011,9.5915565639448879,-4.4379663058573566,,0.08406842391936753,0.3404255319148936,0,4
-0.11592699259390657,0.99273363425071226,0.032262421104235585,-0.99187862130171001,-0.11741601862207821,0.048890481441281143,0.052323350358638256,-0.026332679284768436,0.99828295438163905,-3.1943095194118425,-10.751043585330635,-2.4200420196428025,,0.2495451944803818,0.6111111111111112,1,5
-0.14162045337466667,0.98592789079637133,0.088824778838872687,-0.98974055617310708,-0.1427367827427343,0.0063120771861502837,0.018901816105980622,-0.087019566777100515,0.99602726686864496,16.984072634753797,-5.2004672393706111,-2.9577540723860358,,0.2634114082848758,0.1111111111111111,0,4
-0.75230035029097597,-0.60236119067549243,-0.26684298551784791,0.65330504663767419,-0.73437100050687343,-0.1840971201629206,-0.085068789751716944,-0.31282619708479864,0.94599316669183242,-2.8923768143244342,-26.737073476571037,-0.85786688912263709,,0.7596912689260609,0.6774193548387096,0,1
-0.95946942200578267,0.27965939184978145,-0.034771436353711979,-0.28025468837945916,-0.95983042255677831,0.01352292778244355,-0.029592868688622785,0.022719693763062807,0.99930379646936729,19.657935243416915,-1.4617390939784491,-3.2417695610665591,0.2559182152190246,0.2180605784408032,0.2857142857142857,1,5
0.95192353403237484,0.30480877523057592,0.03054825523251934,-0.30152691236807316,0.91470982395124767,0.26904917596018529,0.054065760635464234,-0.26532536348701102,0.96264185708777195,-10.701950753249072,19.042964635836267,-5.2940249312267973,,0.4125713593981374,0.3461538461538461,0,3
-0.51118684504464595,0.85735895368605253,0.06019662771002128,-0.85657344816866066,-0.51395812429938159,0.046140810126317773,0.070497782559117331,-0.027976257809421611,0.99711954732280139,-26.873151813947885,2.8449452086203952,-4.0509162598901396,,0.4170979303153505,0.6947368421052632,1,2
0.98282943473480722,-0.1760906743206416,-0.055121471643650506,0.18149721378978417,0.97642237941939625,0.11686786707864029,0.03324249697909909,-0.12486557326287771,0.99161662199074097,-23.058647997707222,-9.3332155453021635,-2.8320672318808304,,0.0835839420275962,0.3461538461538461,0,2
0.80277876508250734,-0.5726159391433765,-0.16630466190564899,0.59529362894891369,0.7856633275849837,0.16840021086959173,0.034230829166653848,-0.23418821901846071,0.97158845629593782,5.9105032154260684,16.664054735510575,-4.879666996028921,,0.2083361483004101,0.4583333333333333,0,4
0.84085567431696284,0.53262868981309131,0.096272601278649284,-0.53955198433745233,0.81072073230879649,0.22719055966788881,0.042958016323911226,-0.24297854430521407,0.96907999455196425,-0.3654596499718929,16.938242319377608,-4.9594203918235458,,0.2295571738920074,0.1538461538461539,0,3
0.99242097854636202,0.12058437981611296,-0.023664502645198694,-0.1073995439447257,0.94471012582069225,0.30981948959404815,0.059715486279072687,-0.30492980424388655,0.95050085490873626,-25.719707367488176,-6.3874313948643016,-3.1645854710598491,,0.1126699096216255,0.2,0,1
0.3555535679829494,0.9139457425528974,0.19566512199170102,-0.93091812969168253,0.32758131175094279,0.16149897833383192,0.083505066348898677,-0.23956974738260409,0.96728136549460153,16.544624841940994,-7.7239409136307975,-2.7237668333564553,,0.4018096265946843,0.2857142857142857,0,1
0.19465602255888345,0.95598146218274749,0.21956428863659141,-0.97956219231384267,0.17790093696392997,0.093857168168739388,0.050665020190015134,-0.23334673897505578,0.97107278570602173,-15.598368259883607,7.030230471345817,-4.2064115538175022,,0.5798854820383295,0.390625,0,2
0.87875444203074315,-0.47299955627441453,-0.063734216677097583,0.47709563499874419,0.8742104746846876,0.090198675249235374,0.013053186445513855,-0.10966980311726149,0.99388236155384013,-10.713878811106339,13.741679135876611,-4.817719639920421,,0.4347594720236345,0.1785714285714286,0,1
-0.79190021822752843,0.59841223898756657,0.12164224842167286,-0.61065046808817147,-0.77610248916881142,-0.15738783984054014,0.00022404215975707054,-0.19891636065407525,0.98001644438715785,8.8592621539431615,7.3281378034699411,-3.9990302161046842,,0.1453716309348929,0.3684210526315789,0,4
-0.60940611784661114,0.79278655839818191,0.010660973421287625,-0.79249920848757738,-0.60947970070336965,0.021897465083771789,0.02385766287142076,0.0048956361893055488,0.9997033783421041,8.982425318103159,-13.744394041454211,-2.0949015829214592,,0.07366414355495561,0.3928571428571428,0,3
-0.88495556452381441,-0.43894339142282862,-0.15550674565613623,0.45101077650340593,-0.89102987030865788,-0.05152717434064371,-0.11594364275859101,-0.11573447776683306,0.98649004169322774,-13.324375948856206,10.824962225563764,-4.538508075021876,,0.7740816856008906,0.3493975903614458,0,2
0.52475047333408475,-0.83911636221759589,-0.14325038008453445,0.85067007604693701,0.51066780725722716,0.12481511266427407,-0.031581045802091492,-0.18735560117008832,0.98178435323457969,-4.2015182968969471,25.080791479975765,-5.8065016220597272,,0.4687156669818769,0.5454545454545454,0,1
-0.2480350644853514,0.96810087605884687,0.035486625083821763,-0.96610804008726503,-0.24989639326030266,0.064707399223230683,0.071511269492926868,-0.018234209870029237,0.99727310799295299,0.91811392591888386,-17.968310135851716,-1.7147765761116509,,0.1666527094664184,0.3809523809523809,0,2
0.84259107577852632,-0.51927162523749326,-0.14281897017412984,0.538226583967789,0.80268541880268651,0.25692073242913166,-0.018772941398492494,-0.29334808276988816,0.95582136354366964,20.18727374186486,8.1859416095437982,-4.0575746027430322,,0.1750984123956329,0.3571428571428572,0,2
0.94873816799788369,-0.3086621246789733,-0.067996921788291281,0.31481763723294931,0.94195149661256672,0.11669290173961269,0.028031123257625044,-0.13211764007130061,0.99083761803380654,-9.7075954010117123,8.5438215047932751,-4.2525078470919393,,0.1005227999732365,0.4,0,1
0.85765376753343581,0.50675325006946559,0.08735650279021881,-0.50788849233325339,0.80817687970649144,0.29816004169461546,0.080494064322523262,-0.30008544558494293,0.95051008987644503,1.6009987231276464,-11.567098130057619,-2.2984943525225416,,0.2916217448462018,0.1111111111111111,0,1
0.87770380541516857,-0.47232404167850151,-0.080907537425249129,0.47907306496430996,0.86880746876247261,0.12515023231399883,0.011181609250684368,-0.14860545708361778,0.98883334780919196,1.544094061830606,-14.705635702588228,-1.9912582759000086,,0.1550909563589118,0.2173913043478261,0,4
0.91297919311273168,-0.39884137739081399,-0.085991561354728283,0.40753042784489046,0.90160543663493731,0.14500547234806274,0.019696276901642856,-0.16743115693120736,0.9856870012153407,-20.060266028257015,-8.4013406741269705,-2.8557351475702841,,0.07009338711844657,0.2307692307692308,0,1
0.79588910791009815,-0.5985227598669125,-0.09127449715754872,0.60544237518396471,0.78673265478744692,0.1203796503678925,-0.00024133310685743204,-0.15107030089461973,0.98852299211800898,-19.620027454823116,-6.0797258665627245,-3.0552277390716114,,0.0904289854333985,0.3125,0,1
0.18698698582313622,0.98205358422722944,0.024629755159779575,-0.97923240939940615,0.18433279384420365,0.084411548353436422,0.078356592030361438,-0.039902115483301373,0.99612653095143733,15.344330280659888,14.214695040210023,-4.6719565270608241,,0.07969242446004259,0.1904761904761905,0,3
-0.6669559211719045,0.74501103784258371,0.011329285346095347,-0.74491276580243404,-0.66705203700349791,0.012105836363212004,0.016576204580815837,-0.00036527003854246263,0.99986253856192353,27.158090764576286,9.9724252744185318,-4.3856695564333235,,0.1393847849872026,0.5,0,3
0.084819018537928392,-0.98106692466199885,-0.17410750537673669,0.99429129430645502,0.071985211927420856,0.078758817475626408,-0.064734505178129551,-0.17979382246899409,0.98157201734836064,-11.479917105119275,-6.7782922710013018,-2.8674266640553294,,0.2217550311622168,0.15625,0,1
0.98583176666236871,-0.14562980976511472,-0.083232724016042522,0.16466101204659858,0.93479978255064999,0.31470004393874607,0.031976224779421941,-0.32394648485673566,0.94553487296758199,-4.7902079480655093,-8.3640010784715475,-2.6818834920616106,,0.2417555590182396,0.1944444444444444,0,3
0.97533360753728693,-0.20497794699221558,-0.081904793847231538,0.21774957087591226,0.95428190117373013,0.20477103671077787,0.036186715679335679,-0.2175548076671879,0.9753770692758954,8.2077706329828732,-4.7445537685879104,-2.9201827371796605,,0.872279982171541,0.9153846153846154,0,1
