axis_00,axis_01,axis_02,axis_10,axis_11,axis_12,axis_20,axis_21,axis_22,location_x,location_y,location_z,dbh,dbh_approximation,score,reconstructed,number_clusters
0.19112615567970564,0.98022210515902986,0.051336314366129523,-0.98147349577091902,0.1901307004210343,0.023666302132356487,0.0134376230900415,-0.054908481266631684,0.99840096603052397,-13.664210115506096,16.354604063779991,-1.8715656770203952,,0.2181177090584223,0.2666666666666667,0,5
0.5283778559421638,0.84898455079914292,0.0064864361816748478,-0.84887974386457099,0.52814831103070836,0.021506789900641171,0.014833132048967339,-0.016869915820393395,0.99974766022923534,25.419618195143126,2.325869014110411,-0.30746321539713761,,0.2375503870329091,0.6086956521739131,0,5
-0.68563086540806129,-0.72246240145374652,-0.089209836259676725,0.72716212223771715,-0.6854249120332615,-0.037788066197349993,-0.033846187119559938,-0.090778678388051981,0.99529576868767333,11.636730301018879,2.2718652200456937,-0.81334090466359521,,0.09719167771322601,0.4285714285714285,0,5
-0.90383177178285767,-0.42283971624416294,-0.065533981127465724,0.42734136048817511,-0.89976638262566766,-0.088316580056269967,-0.021621515487470527,-0.10782871168327873,0.99393434340742481,12.507866424020836,-12.312256600818102,-0.71419429032035719,0.2306808069067442,0.2367509647747685,0.7307692307692307,1,5
0.97675331235782592,-0.2095956403925171,-0.044973707057202113,0.21097336054111887,0.97707905071869594,0.028403693221846896,0.037989576728406117,-0.037231655551484215,0.99858429583330321,21.881350118978602,-1.1807738544291659,-0.42792821366787764,0.5518804479175832,0.4657496855925132,0.8225806451612904,1,5
0.6005160564112747,-0.79724069661284791,-0.061544598922352395,0.79940720926365361,0.60032561902551596,0.023606459262875818,0.018126769418440346,-0.063375253892144143,0.99782513369054726,-15.044122463779104,-7.4394529903848783,-1.5764615394581531,,0.1345711469957779,0.5098039215686274,0,1
0.99725744244849845,-0.070010924066997895,-0.024001333137250103,0.073810105930622705,0.96466797455496212,0.25291849898838481,0.0054462595963150539,-0.25399639639040617,0.96718983083834054,-4.1422237139257732,-8.2827339387524077,-1.2401261515997473,,0.5056110495736066,0.16,0,4
0.65958765415622767,-0.74336902115215553,-0.11111536741591259,0.7502671984839735,0.66005016759065149,0.037853759952810664,0.045202404401720346,-0.10833408814792136,0.99308633460614293,-3.4077300638146619,-14.900702599504605,-1.1963550349310546,0.2710113867869169,0.2330325703846132,0.3125,1,5
0.29173891857526185,0.94299459363974569,0.16015492422885028,-0.95539078815122536,0.27923325198922921,0.096214515013593849,0.046009187172978666,-0.18108005784661002,0.98239155500541198,-1.3181526187697528,-24.950399291945256,-1.0525482849630154,0.3163917824570191,0.2462836569331684,0.1764705882352941,1,4
-0.98296032753541385,0.1834095677818221,0.01224438391904613,-0.18141240807264877,-0.95720190962781948,-0.22550840871714417,-0.029640052104450778,-0.22388710246671428,0.97416427396014926,-19.391890312135047,-0.2979679793203579,-1.8531632457285176,,0.2258529340310489,0.25,0,4
-0.97593698856192679,0.21677845711949353,-0.023539220156384301,-0.21578062170785325,-0.97566725131641263,-0.038886218690556272,-0.031396140719061341,-0.03287119160555934,0.99896634933834527,3.360646598309311,7.3123470580491254,-1.1498128576555615,,0.06532155027245348,0.3214285714285715,0,2
-0.85453147863710521,-0.49177069850144267,-0.16714524256970678,0.51860374844935886,-0.825643581559656,-0.222177470333106,-0.028742026938915068,-0.27653979157572783,0.96057255819781573,-13.292585002441454,-9.6743752345324268,-1.4842709424803027,,0.2187151039218518,0.1612903225806452,0,1
0.16466769966384309,0.98631148898688525,0.0086136740066225306,-0.98631603464087292,0.16458439386747159,0.0096258560960524493,0.0080764161435190138,-0.010080872370533235,0.99991657027700398,21.641437505814711,2.8807399700181437,-0.45415387609470537,0.5552416140061015,0.5401156856450753,0.8780487804878049,1,5
0.99956859031937051,0.014036989828068121,-0.025799150441720931,-0.011239776567176347,0.99435179814002927,0.10553752393538454,0.027134860782170801,-0.10520201733930115,0.99408059777770308,0.70227791328867273,-18.518281355337081,-1.053319312734174,,0.2535741930106736,0.3076923076923077,0,5
-0.37851941721048349,-0.88330315718353536,-0.27658377266975548,0.92552513385263024,-0.35757046287565081,-0.12468596828017343,0.011237321820945138,-0.30318129326937693,0.95286663600411647,-3.2913665730255879,8.3936235050760075,-1.3859810537576298,,0.6484933259067759,0.3592814371257485,0,3
0.89535870723150934,0.43603016677766393,0.090611693751768238,-0.44431384410077845,0.86075657219135637,0.24836129201181245,0.030298404662801655,-0.26263247531337436,0.96442013126316506,-9.6409838205567393,-2.8777542748801332,-1.4360700348130415,,0.08745458990857799,0.1739130434782609,0,5
-0.45398175480448988,0.88731803864392356,0.081038661154648348,-0.89093576592720525,-0.45324373151533232,-0.028347501367194862,0.011577015865144116,-0.085069490060533659,0.99630776096771456,-9.3488078721440218,9.4338958904603327,-1.6166212896393404,,0.2063012940203154,0.1875,0,2
-0.60162108608614862,0.79870164644061203,-0.011302599239973237,-0.7986296488644542,-0.60172240714139302,-0.010992210815276583,-0.01558052409781488,0.0024134450531008681,0.99987570355110333,-13.876551763791319,-17.216078988663536,-1.4521340307005421,0.309137734053223,0.2793413432012813,0.5882352941176471,1,3
-0.87271898831637873,0.48293879453701771,0.071635802244194288,-0.48744530304757594,-0.85362084080088629,-0.18365330568014768,-0.027543492314773772,-0.19519626246811458,0.98037736364605321,-16.079066108171872,8.461353721418984,-1.8618877226356605,,0.2489286000936221,0.2272727272727273,0,1
-0.70390807772156239,0.71015928538701878,0.013682379067026516,-0.70987218733658375,-0.7027009477371825,-0.047883772775754861,-0.024390485118365536,-0.043418514804916097,0.99875919860986839,-2.7598139441936542,14.805143300796246,-1.5304836452441224,0.164055420422855,0.1202374791631694,0.3888888888888889,1,4
0.24739364711263145,0.9431424983282447,0.22198786276611898,-0.96788741721481919,0.23000849428417147,0.1014398351455495,0.044613125484982467,-0.23995482992489803,0.96975839704030209,8.7582465881521063,-5.0270137118718461,-0.90083745057356546,,0.5407446819934736,0.1071428571428571,0,4
0.66298538530539752,-0.72905821073641974,-0.17007205599176237,0.74837306743237608,0.63944862206237618,0.17619083882082628,-0.01970103584361288,-0.24408929738999263,0.96955262058660341,-12.830496267954137,-14.800601167006,-1.4541691041409521,,0.264270634267585,0.3846153846153846,0,2
-0.47361111570544406,0.87689426228975642,0.082152077536422591,-0.88062515556478727,-0.47002103845230547,-0.059829414159862433,-0.013850865198257187,-0.10068106165273805,0.99482233456921287,7.3545167486064145,3.9888154798733404,-0.94110819610828766,,0.1528814109614838,0.2857142857142857,0,1
-0.96166844137932328,-0.24732480273444579,-0.11842402968752548,0.26100985890695677,-0.95799887511112536,-0.11879397644321205,-0.084069390436918051,-0.14515025745132998,0.98583149693716887,-25.535316598760566,-2.1746553846886179,-2.0277659210267087,0.4301870047042251,0.3074142440329545,0.4477611940298508,1,3
-0.67126409799102205,-0.73718568898442705,-0.077212503552562206,0.74063127271816487,-0.67122829379829285,-0.030296789871256159,-0.029492857104222593,-0.07752314210084231,0.99655423024471756,-0.42247663485157977,11.777948841779022,-1.375140577616671,0.2980851961706657,0.2774839133601016,0.5737704918032787,1,5
-0.86211953423948118,0.49900992685735318,0.087971595305076963,-0.50597623175879447,-0.83849816398020238,-0.20225944204659932,-0.027165448236166193,-0.21888335226702391,0.97537280899278678,-18.526499941617768,6.5514921408364444,-1.9149622416088352,,0.2545174551952391,0.2105263157894737,0,1
0.094135294061354693,-0.99445351533931259,-0.046912175831710763,0.99554939066208803,0.094241225513261709,-4.6541413422536582e-05,0.0044673442140609441,-0.046699006874253837,0.99889901671421777,-1.3359222064362728,1.488702320784006,-1.2025384106605861,0.3158024471201162,0.304104974456422,0.9230055658627088,1,6
-0.78580667034903418,-0.61283043204292631,-0.08334709591248711,0.61802722277605082,-0.78318940319374053,-0.068240095491982677,-0.023456955102629923,-0.10513429643609853,0.99418134712445738,-0.19051767281067178,2.43707155532493,-1.1853665492123813,0.6007141789701242,0.2711236928852876,0.1694915254237288,1,5
0.97925267094873936,-0.1971180010153028,-0.046996809630996048,0.19995674698755697,0.97756341327150187,0.066234978426254906,0.032886255091072382,-0.074258108706749676,0.99669665772359395,3.0891456886926654,-21.216977283930071,-0.93559014561328513,0.3492944006999192,0.2398475599866427,0.3333333333333333,1,5
-0.37911913502097389,0.91380041023358027,0.14573088800213066,-0.92528606048221718,-0.37254283035827229,-0.071116424445743245,-0.010695220345927445,-0.16180435657172135,0.98676489725575678,-13.288089607237573,-15.909627862119367,-1.4529084023128833,,0.5651779319192218,0.4,0,1
0.82635518308177114,0.55586583101495624,0.090278952718486544,-0.56046811264353791,0.79615950595495666,0.22804722271352404,0.05488721256982463,-0.23904647871828866,0.96945560749768411,-11.542619816166074,-14.858243253157221,-1.4295597055811293,,0.450848636467419,0.1111111111111111,0,3
0.81349566588284106,-0.56839518493883068,-0.12309230409812646,0.57825288570817956,0.81310630729749045,0.066945748208548927,0.062035487908100782,-0.12563855607014895,0.9901346128020232,9.9958143545518716,-1.683614187923633,-0.86406027956058507,,0.369954643856252,0.3043478260869565,0,2
-0.86857716365597226,-0.49384177752703806,-0.041158347200569281,0.49554618407894957,-0.86509785143824791,-0.077715422418718233,0.002773124616562545,-0.087897703075014641,0.99612564647939794,15.243886098486975,3.7963361723502627,-0.71737466312591747,0.517607487557828,0.246978709332899,0.36,1,7
-0.85838208590042442,-0.50350509350435302,-0.098299620652417513,0.5109017674188836,-0.8563703877620259,-0.074894212143387248,-0.046471266966779785,-0.11450929996943551,0.99233464192630738,6.0663243989351257,6.0258509711839716,-1.0295001471717962,,0.09705694311962068,0.1470588235294118,0,5
-0.84434335192115506,-0.52573437739491269,-0.1033811805491318,0.53416905394087122,-0.84100645052275524,-0.085857859226930913,-0.041805811539346836,-0.12771654005766167,0.9909292404189296,-15.064352867048855,2.8999275354757152,-1.7200929174910746,1.002211117243155,0.3373046886974351,0.9644444444444444,1,5
0.92040492523551498,0.39096473990350666,0.0011600665456405115,-0.38976263278856449,0.91733419149947548,0.081136127512542983,0.030657196282988377,-0.075130241968120098,0.99670235429534293,-8.0894298234859843,23.83228970874238,-1.7348542549196564,,0.5861945440277705,0.78125,0,1
0.89785991078830152,-0.41327314947473021,-0.1518317638785176,0.43942355687272489,0.86265563306066206,0.2504639623060223,0.02746849585520961,-0.29160000458152746,0.95614586704305038,-39.375946027005668,-2.1651348447002565,-2.4138467630347549,,0.3786459027081925,0.3461538461538461,0,3
0.79015968881644527,-0.57581256077602294,-0.20997038129712095,0.61226664160879052,0.75715940687179006,0.22768221748448683,0.02787876867066592,-0.30846317031068565,0.95082766410075059,1.8292271788986385,-12.399521997452513,-1.0439343169115145,0.5889748648839954,0.4118180699621881,0.2333333333333333,1,3
0.89103568928615562,0.45382627595272618,0.0098545255201686627,-0.45339932534806865,0.8887252470232806,0.067797397275463078,0.022010274697601771,-0.064877935835619335,0.99765044040958939,-7.013185409535625,-15.890012111508195,-1.299291661489715,,0.1622637654497267,0.3103448275862069,0,3
-0.99469483507197765,-0.085465433222147294,-0.057252465495225245,0.097582351645065415,-0.96006296663682467,-0.26221514971473031,-0.03255564050283874,-0.26641088531936963,0.96330959221571133,-13.861562756972928,6.8596917609547869,-1.7642579981842523,,0.1390624379284469,0.375,0,1
0.4968102758869441,0.86784080512919681,-0.0056468332581954142,-0.86766011643750607,0.49682516082119083,0.018184661631484755,0.018586880232903127,-0.0041347947597396677,0.99981869924276923,-0.12287732117518284,-11.351643951308802,-1.1018244679893878,0.2431933104671203,0.2274313013696564,0.7674418604651163,1,5
-0.80817596911652545,-0.56525846632654786,-0.16533139202439728,0.58830536086305707,-0.78788020947907689,-0.18204828450440208,-0.027356997685312134,-0.24439239300225057,0.96929043785662128,-21.11121764711989,10.227759701872387,-2.005822654391388,,0.4118099172656146,0.1538461538461539,0,1
-0.98103500375107466,0.19324238740911667,0.015089768836988383,-0.19234023041040663,-0.96090138044335283,-0.19918276237599164,-0.023990772826246169,-0.19830763164962648,0.97984617468698409,21.138686581791728,-2.9456062918529802,-0.45482539429084545,,0.3489437119679876,0.4166666666666667,0,4
0.34314915230040244,-0.92979883223469728,-0.13312697266336029,0.93912324361108979,0.34222495829736338,0.030489526525609101,0.01721024650907254,-0.1354850895610431,0.99062989956983205,8.1344611974468783,-17.003719564723092,-0.75706078314552783,0.4039727548792419,0.4237201745336969,0.8734177215189873,1,6
0.94645461402667974,0.31382978582837523,0.075726673732077754,-0.32275840067571437,0.92499734489657359,0.20051664950209133,-0.0071188749717563038,-0.21422132821268194,0.97675920479815859,-3.6830667536507522,-6.0104862338333493,-1.2372417464808352,,0.3935699001631077,0.4669421487603306,0,2
0.16614175632432346,-0.98182260869984483,-0.091767542471743249,0.98576299447405091,0.16780347498291914,-0.010644834860718395,0.025850252049530693,-0.088692495902928006,0.99572355884526897,-6.2310241718000077,17.108451800633024,-1.6921953681235069,,0.2417850113726328,0.3333333333333333,0,5
-0.85530271409375347,0.51662504692637268,0.039443987528929206,-0.51694974681042716,-0.84574783845668899,-0.13218756756394973,-0.034931741103104118,-0.13345094467317117,0.99043960887544491,-2.776693085153831,13.338468240530391,-1.4771168355227293,,0.5560200096723047,0.3658536585365854,0,5
-0.29457912986542434,-0.93810972765689615,-0.18213532091067894,0.95555029591170915,-0.29157223671987759,-0.043695111365173046,-0.012114793880899123,-0.18691112767749868,0.98230212364605596,0.63945056764908459,9.6879845416772223,-1.285844485736382,0.7640185842021223,0.348346133483988,0.6296296296296297,1,4
0.19894965307510876,-0.95637331243004742,-0.2139371936173651,0.98000785584766947,0.19372603912639008,0.045330169217145833,-0.0019073589459085915,-0.2186785518426087,0.97579508758031386,2.0607455741319933,7.4237799463466336,-1.1884071469109463,0.3354762788462592,0.6348665157561878,0.5070422535211268,1,3
-0.43883733330881391,0.8985105713827658,-0.010027362954671848,-0.89847695231541247,-0.43892382758613219,-0.0092216991464391315,-0.012687042697846937,0.0049625286452745125,0.99990720182276327,-16.309040806527474,4.4171846298242041,-1.7829196525227897,,0.0874981514553889,0.3142857142857143,0,1
-0.76318820910724017,-0.6319170360598938,-0.1349985815368604,0.64588228313678264,-0.75230853732758862,-0.12987663759908094,-0.019489325532258503,-0.18631351051736694,0.98229702330252167,-5.7229388501292773,-13.909863846245541,-1.2671413302540255,,0.1964530405268478,0.125,0,6
-0.94442531087387538,-0.31963055128832052,-0.076792856854712099,0.32808841776215397,-0.93105616134532521,-0.15966344149877978,-0.020465148695043789,-0.175985042273576,0.98418008646022592,2.2232802881999367,-13.669404219837535,-1.0315843790664974,,0.3446345814488344,0.1,0,5
0.44482826176700641,0.88602268187888944,0.13073494073691921,-0.89442586080681574,0.44700127929424754,0.013864913605752077,-0.046154057820872972,-0.12310021732494338,0.99132040200997651,-16.341404756356049,-17.414713436278369,-1.5141538179751433,,0.3063901781969339,0.8181818181818182,0,2
-0.33257480707596543,0.93641383062941408,0.1119068161656528,-0.94303250447203413,-0.32905846946502515,-0.049093983160260153,-0.0091483991817814924,-0.12185918709430113,0.9925052369197499,6.5328910028886602,-7.8723330756790997,-0.94020537781955693,,0.1393775924703483,0.2051282051282051,0,1
-0.84204715423322918,-0.53630176023549991,-0.057766876460696712,0.53898153529646697,-0.84078621366210771,-0.050768568279999739,-0.021342320801275873,-0.073884808208736788,0.99703838464663663,1.9266774179463604,-16.835914122842382,-0.99576910204135838,0.3692285770126529,0.3152753386295851,0.6956521739130435,1,5
-0.96680378865382144,0.2532477206805851,0.03400038550819047,-0.25458331409302681,-0.94331149938352166,-0.21295715840568483,-0.021857960335505081,-0.21454371839068379,0.97646977550207403,-15.339340568971904,4.1019757262469296,-1.7461323995885052,,0.2308395032742726,0.2666666666666667,0,2
0.79354450415895672,-0.60122806439923371,-0.093871904731232858,0.60819394192437037,0.78862410094202018,0.09039998019850172,0.019678641355909195,-0.12882873123703681,0.99147158763236598,-9.7206773356279825,-5.8077746915582749,-1.4349294220805373,0.2530249065231835,0.2076704021814704,0.2259887005649718,1,4
0.85386197222754356,0.51905348098916981,0.038771332924159636,-0.51970642477869855,0.84608198433942849,0.11853483800132009,0.028722193987114886,-0.12136210137139911,0.99219266068807732,-18.16800199730659,-18.296637411164014,-1.556097156289342,,0.3500330323432243,0.1923076923076923,0,1
-0.90768665520439706,0.41941979549709901,-0.013855363908057897,-0.41808522910025525,-0.90665940852682847,-0.056333454873353402,-0.036189462168430685,-0.045340402236334225,0.9983158672249014,-5.8596242313667064,-10.930743786080571,-1.2672740504028199,0.1789581001124042,0.1984723608157276,0.4647887323943662,1,5
-0.54119282991593209,0.83641604705781869,0.086709382835755772,-0.8405916798606401,-0.5353261694818322,-0.08265300972726744,-0.02271450190191359,-0.11761840201295627,0.99279905464865692,-10.473594905858986,17.534869826282591,-1.8163106204644879,,0.2073091514278721,0.1875,0,3
0.43295604067368082,-0.88321575169197297,-0.18021931862970234,0.90132475477740859,0.42700185316579298,0.072684962808160281,0.012757478967847038,-0.19390552688400289,0.98093725251629782,7.8393283988541089,-1.0612815766872663,-0.93233864804643352,0.7197006353590196,0.2423497778838855,0.5975609756097561,1,5
-0.6002321592907458,-0.78776474590664569,-0.13837651556463243,0.79977885051244724,-0.59302124490238006,-0.093164335276018848,-0.0086686346191173422,-0.16659084068781119,0.98598800528848773,-15.018378781252872,17.056801235236261,-1.9307619632345014,,0.2945835140550799,0.2857142857142857,0,3
-0.5189899897950182,-0.83035554562512726,-0.20287695369894582,0.85338980119857466,-0.51687253165013425,-0.067591665431755696,-0.048736410442544599,-0.20821252093757095,0.9768686239315898,-26.890283326080702,-1.2046892782436125,-2.0555935773375658,,0.0936041331767168,0.4615384615384616,0,2
-0.095015921943290921,-0.98584170787924996,-0.13815969594273966,0.9954754737059337,-0.094200289344347182,-0.012445350030775187,-0.00074553820403861003,-0.13871709517274752,0.99033176848954096,13.253761030394521,-15.347123513535543,-0.62431832173490731,0.1807549626675684,0.1606903762794951,0.2222222222222222,1,5
0.47540640311295723,-0.87176586171878168,-0.11837666248425473,0.87938980252116539,0.47481764969373891,0.034953894791572002,0.02573571644596041,-0.12071653524279337,0.99235335995702134,-15.84647835430397,1.2310143410398975,-1.7340591932598066,0.4786879766872734,0.2521409214324634,0.175,1,5
-0.50292493888594403,0.85413903709042938,0.1323367339962952,-0.86422785400432478,-0.49458144804740467,-0.092192231833351901,-0.013293690595604951,-0.16073486418810648,0.98690809157934356,-33.833351358647093,-3.5982954799195923,-2.2758318025593605,,0.641316629801836,0.4871794871794872,0,4
-0.61348001259134566,-0.78831171279714207,-0.046977841774173384,0.7894208707419671,-0.61377943868379026,-0.0094598882660934368,-0.021376692632814324,-0.042888741131542001,0.99885113650445179,-14.038064657781472,3.2130081294240069,-1.6940081774117342,,0.07148835907650336,0.2325581395348837,0,1
0.66324020216861201,0.7472156142332268,0.042204976879550563,-0.74828976008132586,0.66108494729900524,0.055037509137921006,0.013223811280185044,-0.068084640710928263,0.99759190680081855,13.070730399635645,-4.264284212313961,-0.78423236707836996,0.3868203922995244,0.3886922587224573,0.8333333333333334,1,5
-0.74684726499432308,0.66499016201122796,-0.0026920621798357356,-0.66066570651997913,-0.74243954435640069,-0.11092496204334253,-0.07576270189846801,-0.081065451359632584,0.9938251383401927,-22.636356751586682,-0.78599933866750082,-1.9538212657979621,,0.2442869557515644,0.3220338983050847,0,5
0.5583302370504778,0.82957646342307256,0.0083807952859336517,-0.82933157784528921,0.55784266346666755,0.031948345889222546,0.021828430630724184,-0.024788185711782006,0.99945438388418606,-7.333587899851441,-11.125359871810394,-1.3100373566078773,0.2908249508015678,0.1503522219443398,0.4,1,5
0.8819714522458505,-0.46494240274299031,-0.077168125252082886,0.47034419430737406,0.87873694456149876,0.081226357446760822,0.030044904804196391,-0.10793490813586164,0.99370385895447277,-0.3306219069405833,8.0095497361756998,-1.2868681184203141,0.5370479722328757,0.286050495014961,0.2571428571428571,1,5
0.87509287498256327,-0.46154320954180389,-0.14556897293243176,0.48298980714410783,0.85189074680518417,0.20249197935376162,0.030550063005665158,-0.24750761853639416,0.96840418855805954,13.240402511364323,-8.4439455092050633,-0.78863095180521348,,0.6238017725049221,0.25,0,4
0.60152577842145649,-0.77539104728498154,-0.19218600803586441,0.79847518166610199,0.59098454682330026,0.11478087680160547,0.024578896593369075,-0.22249941394610273,0.97462294690608153,7.62060669791643,-8.8304048349671458,-0.90572085961018156,,0.4295226767095999,0.4605263157894737,0,2
-0.85564881046819319,-0.51520630348307006,-0.049270457636167428,0.51693413362050966,-0.85540647696970851,-0.032540139155903515,-0.025381383775901472,-0.053312512692456543,0.99825525861276476,4.6589276213620288,-10.073363628961223,-0.98783667743489445,0.3348955289899673,0.2819536324379631,0.7540983606557377,1,5
-0.78570480575397095,0.61800325412813228,0.027201766526357699,-0.61764746207422083,-0.78129269333693796,-0.089962992011092868,-0.034344880381057971,-0.087485457222062052,0.99557356532114594,4.4472890521086539,-20.940261995690165,-0.86465417535373845,,0.2161989341565789,0.3333333333333333,0,6
0.28880579979480125,-0.89991296001813981,-0.32672293215548504,0.9573567519547761,0.27420317256188304,0.090998184836853124,0.0076980186729445075,-0.33907120866919788,0.94072921500298001,-27.266876393601361,-6.4359896074876319,-2.0186734966233977,,0.3332193161037301,0.1666666666666667,0,1
-0.17264724736353651,-0.98374642806722035,-0.049354769199948759,0.98494725202712197,-0.17285516349383362,-5.6371466684528342e-05,-0.0084757714702617497,-0.048621576676475264,0.99878130918608954,-5.8318873497461761,-7.5662633905916561,-1.2899920776563158,0.07559349357601559,0.09055125691079779,0.4166666666666667,1,5
-0.98318718461793242,-0.17584608867836543,-0.04920480768769693,0.17977259604876869,-0.97939608695218672,-0.092006078998237983,-0.032012086982092409,-0.099304873794110418,0.99454198922307246,14.433918459341051,-2.4526927330046639,-0.73324091119703871,,0.08600929699566519,0.36,0,5
0.99476692422231527,-0.094392168706273163,-0.039100958558628655,0.096109509331629636,0.9943687190719277,0.044652130377957427,0.034665958652697393,-0.048176436337520646,0.998237097233172,5.8889819190197779,-2.2546613332348202,-0.98013694362498116,0.2341622129030836,0.2071948560478288,0.8518518518518519,1,5
-0.236747479325877,0.94669658837976389,0.21844038221665901,-0.97153395797774156,-0.23264633703860116,-0.044692844602090658,0.0085087912742315679,-0.22280316742056938,0.97482631738090353,9.4418414473599785,-3.2218664868978815,-0.88988356146863146,,0.3084698595358935,0.2083333333333333,0,5
-0.96201650521348403,0.27222488531162997,-0.020441514471906803,-0.27109158321440524,-0.96145840653388426,-0.045903006607760019,-0.032149606640555294,-0.038617927474099339,0.99873673131134189,3.8929351884393562,-16.657900455003514,-0.93267315418509189,0.3415880477896702,0.3327811348076863,0.7407407407407407,1,5
-0.97109096632942837,-0.23277988115610837,-0.052875911739908577,0.23644732235498322,-0.96841719227776846,-0.079125251671030183,-0.032787175305859749,-0.089340184854259666,0.99546136665652241,0.62196382707671816,6.2099669669995015,-1.2119434566515388,,0.07294995297871779,0.3214285714285715,0,5
0.15454727533377016,0.96372144321203745,0.21761461251537276,-0.98794670866497603,0.15269500915570888,0.025407381151540905,-0.0087430272188495552,-0.21891828172230385,0.97570402551327273,-12.933547420277623,-5.1620684417874028,-1.550835490332261,,0.1833486371725809,0.2,0,3
0.98895148179316084,-0.14290195392937088,-0.039420784140843344,0.14486284446456249,0.9880624126009766,0.052415885939028108,0.031459862567197842,-0.05754737499056925,0.99784697057161409,-2.0615827685329875,-11.523708893192268,-1.1577562848247034,0.1662713976611123,0.1350246494081787,0.5510204081632653,1,5
-0.76572339004605006,0.63874945712626341,0.07527829007947659,-0.64284995260546796,-0.75638996592222574,-0.12090557426075681,-0.020288626654698813,-0.14097287140822329,0.98980554714316915,15.14313254920067,-1.1939853494992496,-0.7138105804764423,,0.1125724443944454,0.3529411764705883,0,5
-0.94628228876359655,0.32270732202324004,-0.020243870304828621,-0.32192514709681369,-0.94614242127971959,-0.03433246745640587,-0.030232923097589924,-0.02597119495785867,0.99920541801645424,-11.858973655185887,-9.7794684777602061,-1.4417207013414921,,0.06498380493883427,0.28125,0,1
-0.14680391409331517,-0.98647157453740997,-0.07295507820958741,0.98915778747988403,-0.14669631141657397,-0.0068602977102546481,-0.0039347521884238439,-0.073171202302928118,0.99731163278022639,17.365145643460842,4.3239833892410928,-0.65762024468103641,0.4860804614449786,0.4659576292586526,0.9629629629629629,1,5
-0.62940046843339514,0.77485075693053862,0.0588332798677378,-0.77684616459083944,-0.62554262679908856,-0.072155794069499651,-0.019107247220005237,-0.091119298403078156,0.99565666098419991,5.0358333950837881,-7.2023290051562787,-0.98129706236991965,,0.4865398633869766,0.1612903225806452,0,1
-0.33760323733569803,0.91891528827600166,0.20400673300920458,-0.94125810680938227,-0.32782633943119438,-0.081012761591990182,-0.0075650846706141073,-0.219373161867572,0.97561169803674963,-10.731275493614776,-11.993568116414428,-1.4117998681282431,,0.2955674638281414,0.4745762711864407,0,4
0.31954872574693832,-0.93318746289672461,-0.16446814574828969,0.94696072009023324,0.32071874065580347,0.020121729506698632,0.033970670874936375,-0.16217474675339619,0.98617713674358565,-4.4277052945552722,-12.326144681220741,-1.2345961689553715,,0.2304955860368135,0.2,0,4
-0.92245550440604274,0.38412450483173416,0.039041096024178094,-0.38582999869611173,-0.91327312913931147,-0.13064227377939222,-0.014527714794571416,-0.13557491058402493,0.99066058219906084,-2.1562642451114211,-7.0560180277949902,-1.1836839243938,0.2619974222917547,0.2362912713057105,0.28125,1,5
0.80711164689530934,0.5903390381629906,0.0084029439327960118,-0.58873999738456018,0.80369621796512347,0.086357424163681029,0.04422674446045971,-0.074647232027402324,0.99622878186944475,-7.2706651674276825,19.617417423572192,-1.7620186548301238,,0.1922623087710467,0.4230769230769231,0,4
0.99461193687055294,-0.10065787870333454,-0.024800937271689385,0.10135075340657446,0.99444326034403041,0.028471507516408895,0.021797243369958783,-0.030831694914194827,0.99928688912153307,10.629908542053908,-2.9106270102192582,-0.85108249862885943,0.183806768783994,0.1815002972592934,0.7446808510638298,1,5
-0.33891765639711224,0.93282348878515964,0.12237304013946443,-0.93855430569617093,-0.3442443000146892,0.024732108009190457,0.065196912821623723,-0.10647159563978952,0.99217597324287687,-5.0453306495614481,-20.219837183378555,-1.2303730699895823,0.5091113532477818,0.4552823618600164,0.7313432835820896,1,5
0.94059962698658506,0.33934054680154502,0.010969731497466455,-0.33856952852177735,0.93506966833128713,0.10495422680082464,0.02535776151870596,-0.10243392340062882,0.99441655017779917,11.640044774469802,3.0590310812264017,-0.81504089608246799,,0.08176693481736053,0.4242424242424243,0,5
0.98107455194942805,0.18885268598715749,-0.042747941619022928,-0.1771116198477298,0.96446242711990871,0.19607065254363409,0.078257252904383096,-0.18478877040937666,0.97965754868650312,-5.8222079899823225,10.867737747930878,-1.516608262271262,,0.744493986645411,0.5394736842105263,0,2
0.42817521010947407,-0.90132790329882184,-0.065375837911700069,0.90362853722963143,0.4279037926460042,0.018809862928844824,0.01102071467483294,-0.067129389793999558,0.99768341114500891,17.044629820521095,5.757947589239369,-0.6824889460957313,,0.1557515268149424,0.8235294117647058,1,5
-0.96372819737874826,0.26525463194977422,-0.029460852097317001,-0.26494398857122586,-0.96416127707193433,-0.014061106463881081,-0.032134786401659871,-0.0057456091242166444,0.99946702971069201,-14.52346221668668,0.1694307542912796,-1.6886340060628426,,0.07884170213700845,0.3910614525139665,0,5
0.86467345080484992,-0.49834855565452868,-0.063154893320138836,0.50200173731081199,0.86181911545817391,0.072540112819167557,0.018277833847568654,-0.094427375839511454,0.99536394925770988,17.909051360016537,-1.1178847056416348,-0.60783147881404542,,0.1117774281674456,0.1904761904761905,0,5
0.99162045998499049,0.12663260000929821,-0.025554802954459319,-0.12379823480080038,0.98802009305810301,0.092142784707558573,0.036916939192761532,-0.088207031059562901,0.99541783150207608,-10.695231579070144,2.0657945528752135,-1.5348769869707424,,0.1706331266114965,0.248062015503876,0,5
-0.83678233088296128,-0.53886766471393543,-0.097041077115973151,0.54680826422684947,-0.83157390080611215,-0.097393889291509064,-0.028214409355833487,-0.13456034863159513,0.99050363940817787,-14.108657807080899,-20.07684988216192,-1.4465649560585936,,0.1559070277361833,0.4444444444444444,0,1
-0.67284335716448296,0.73601211886367357,0.074618882365211511,-0.73953284105977712,-0.66655051242944219,-0.093816796865496918,-0.019313045168533265,-0.11830712263364944,0.99278921782041174,1.2442919681615674,11.506226387747873,-1.3151615940228567,0.272110471441749,0.2034274164222263,0.3953488372093023,1,6
0.52337324866423396,0.84838483617665805,0.079521143906200312,-0.8519015042705993,0.51893351038823221,0.070511267309818479,0.018554503607916637,-0.10464789315438273,0.9943362353118852,-1.5073012354130224,-9.1906875048633587,-1.1520643223787013,,0.07546269864938437,0.1666666666666667,0,1
-0.92328839874024515,-0.38005563897815209,-0.055643903822274625,0.38284309850461512,-0.92228623887431649,-0.053096661952075172,-0.031139920986727004,-0.070326416544395989,0.99703786310097808,0.20785476078215628,7.430553173759205,-1.2500219639794301,,0.07302333973623568,0.12,0,4
0.96390539166559397,0.26599619535246782,0.011507387888286705,-0.2653127326257757,0.95601893856399589,0.12504776292927622,0.022260948421920772,-0.12358726942927634,0.99208398687327592,5.0323415340068864,13.912630927215664,-1.2776883272754409,0.2598137528907043,0.1919000730014116,0.3214285714285715,1,5
0.38624262194594416,0.92183659215026681,0.032154849791367693,-0.91868050886533514,0.38132621404815864,0.10303611556452974,0.08272097450617763,-0.069336973199591312,0.99415774629797471,-16.420412844789496,-23.77066385115014,-1.469546862670597,,0.3068008573027811,0.5714285714285714,0,2
-0.86187799582382474,0.50497804475100949,0.046513381237595866,-0.5042143671325876,-0.84353737926975758,-0.18496638005808699,-0.054168185236268193,-0.18287116802316306,0.98164349109748228,29.728130259283052,1.3162181449884571,-0.096417161742124211,,0.4119523225051364,0.3333333333333333,0,5
-0.85482551020063335,0.51839973946108275,0.023131304263019351,-0.51794229055832819,-0.84964526103195692,-0.099190292151651704,-0.031766818559922222,-0.096771072809075431,0.9947995922325068,17.964727187340443,3.0585201660305428,-0.60503757080567899,,0.098929151754565,0.3684210526315789,0,5
-0.76306882417323241,-0.63035348318267825,-0.14276013384116493,0.64560724816875681,-0.75375427765560077,-0.12266120017287811,-0.030286146781122673,-0.18576591494499328,0.98212716801736211,9.5531600778699381,-8.75201611847144,-0.86831580742917369,,0.1410863391145215,0.4,0,6
0.96643922665757342,0.22255833404995901,0.12830825820039324,-0.239100103220664,0.96192152097952266,0.13243159787720593,-0.093948719083230534,-0.15866560881725125,0.98285241148469082,-9.5950608999193463,-14.466209496004245,-1.3736376782746063,,0.06619626804679776,0.5151515151515151,0,2
-0.95485926148580302,0.2957270779192287,-0.028094236778059316,-0.29522899658226159,-0.95520508772538026,-0.020568907617575787,-0.032918540851899991,-0.01134617860355721,0.99939363310923623,7.5764907756236068,11.101298268529639,-1.1065390840089118,,0.07865745695909705,0.45,0,3
0.36610478657116208,0.93056983442831342,0.0026586654071379403,-0.93047910325802929,0.36602538150530278,0.015298970358598134,0.013263621293581711,-0.0080748588817899612,0.99987942923345607,-6.6514661760943117,10.006517546282163,-1.5153719522097313,0.7873827170012848,0.7281688772416028,0.9658444022770398,1,5
0.487752096141504,-0.84734003125058566,-0.2100303886341838,0.87248635195783464,0.48126407444827607,0.084572195742775497,0.029418673608428144,-0.22449891332855351,0.97403017384340818,-28.376834198072888,-1.4714827077526902,-2.0943390570538454,,0.2177170108723104,0.25,0,2
0.13575223085565122,0.98746704483525316,0.080499485601132278,-0.99056059387092155,0.13372020044542091,0.030143288853820137,0.019001097015760506,-0.083831636970593607,0.99629875788090261,1.4871635970001438,12.980467521422907,-1.3492787810873528,0.5575980479303527,0.4978563314148026,0.2025316455696203,1,5
-0.73809213112866745,-0.66863927294579328,-0.090230419706787163,0.6739329107838995,-0.7370055265089045,-0.051354509613794834,-0.032162676012464593,-0.098713608838161465,0.99459599119535158,6.9422802334597442,4.9372796170269631,-0.97545864093576085,0.4129949722604431,0.2807217092844008,0.5,1,5
0.727372533322728,-0.68272753979303669,-0.069370773210518294,0.6858752135714562,0.72656723064417239,0.040929827294632563,0.022458610286192827,-0.07735092605913986,0.9967509443495941,-11.726680357258228,7.4743488597253078,-1.6945429512001586,,0.06661937122965178,0.2142857142857143,0,1
0.89487394439494827,0.44623868732562999,-0.0084650798535891338,-0.44525679592718648,0.89389141565819963,0.052005025653656521,0.030773516596007869,-0.042768808102171173,0.99861094512820003,10.289290631867607,0.76373011411942138,-0.84988158095885868,,0.06556800392097552,0.2,0,4
0.46229264921212587,-0.86093240622228884,-0.2123226280939812,0.88662507257412415,0.45243049825546267,0.095930312890367464,0.013471717313108082,-0.2325984440287909,0.9724795507711318,-15.843050775998382,9.8606503787669535,-1.8709245433528703,,0.5217519915918045,0.5714285714285714,0,1
-0.41509704360891303,-0.87892287183245033,-0.23492345510174123,0.90968534301095538,-0.40464704718814931,-0.093452361730207878,-0.012923664270718067,-0.25249822290802615,0.96751104713595304,12.822977584023953,-1.7726236789648513,-0.78067306372338019,,0.202263547382756,0.1739130434782609,0,3
0.86784467625602124,0.49628289580469176,0.023428726508097329,-0.4953069978792109,0.86051589821013685,0.11909394098561538,0.038943494270099271,-0.11495945484957389,0.99260653231515861,17.278465536284127,-13.714047607643273,-0.48228287814508408,,0.5356538305879418,0.4210526315789473,0,5
0.3588981513372041,-0.92000993381474894,-0.15739707319044452,0.93332291511782806,0.35554878562653947,0.049933927899296161,0.01002262853229218,-0.16482348959318241,0.98627215523689482,-16.223648755257468,3.4882506237919282,-1.7682123358997461,,0.4667776416366803,0.1764705882352941,0,1
0.44240343714515334,-0.88993855136754163,-0.11085383886901194,0.89679843967387152,0.43822529829401002,0.060919180342783416,-0.0056353704993458258,-0.1263644045013014,0.99196788248126655,-11.36433079604174,-17.212043868621969,-1.4018021901983895,,0.09697938309679986,0.2173913043478261,0,2
-0.92035361094239199,0.39108253404119914,-0.001918956282878248,-0.39033708455873262,-0.9188809569777695,-0.057399889562684901,-0.024211386649469441,-0.05207915582585719,0.99834942294017337,-12.439985876923327,6.3433628637296895,-1.7000607158140926,0.5185223211862657,0.3776875573767801,0.8834498834498834,1,5
-0.85805557817579436,0.51352433126416053,-0.0057780585926758572,-0.51286529560393967,-0.8574295897144385,-0.042233721683198944,-0.026642322092625431,-0.033275514749243264,0.9990910503010656,-3.746287160598619,13.581240022992592,-1.509357023469577,0.1628380221317624,0.1257923855489583,0.2962962962962963,1,4
0.99657894178570439,-0.070329863753835126,-0.043406486308528273,0.074334909446791955,0.9923220196168564,0.098850041077687523,0.036121102237095429,-0.10173848656182313,0.99415519227396654,7.6028682323846404,-18.251242501712419,-0.75287917806353577,,0.6087859979035436,0.9240506329113924,0,5
0.59299319582243271,0.80519824029733533,-0.0038553249375312569,-0.80496618140975851,0.59292591034557773,0.021640508946446362,0.019710821771081074,-0.0097292683663188235,0.9997583832317517,-8.7819164855326228,-10.944376719485833,-1.3441754895873212,,0.09000235417511572,0.293103448275862,0,4
-0.17310121065464751,0.97952398240363148,0.10280437133715623,-0.98477651199759264,-0.17045366890041561,-0.034070048081051831,-0.01584904690361608,-0.10713689679340196,0.99411794725662672,-7.7820436138080176,14.504166152638811,-1.6629573183154363,0.4999819065176523,0.4024004802410069,0.2333333333333333,1,5
0.51194810684005598,-0.85742290254596876,-0.05229820353063238,0.85888280329919642,0.51199258702259998,0.013561748811336682,0.015148138492867298,-0.0518609392853056,0.99853942179397681,1.515017400436983,4.4591137076604781,-1.1487597715017772,0.2929761881178374,0.2375511407120635,0.7857142857142857,1,3
0.99670340906207344,-0.072878671780391216,-0.035651277166002013,0.073629045715946057,0.99708097215342517,0.020206399890627936,0.034074594509696077,-0.022764757172147789,0.99915999111248111,-12.52611177705147,-20.829871559573814,-1.4029728393376035,0.4546889187454367,0.3545505733889843,0.78,1,3
0.075193108293803504,0.99698089064165318,-0.019367502691176146,-0.99716005002644781,0.075260498175140175,0.0027734537461604125,0.004222688286946716,0.019103955344537661,0.99980858557717212,-14.189899521997816,9.2378900836506599,-1.8035061285112741,,0.06570863349268549,0.3478260869565217,0,1
0.98735531799245779,-0.13428496804289361,-0.08424383294776816,0.14456145925424391,0.98080043710801446,0.1308911267695845,0.065049677403473574,-0.14141446151807438,0.98781095840411559,-11.336675951906734,-7.3766471511578668,-1.4503028584880053,0.4516366418920186,0.2811224925316503,0.5876777251184834,1,3
-0.38856956623199035,-0.89106143257659376,-0.23457027853680532,0.92101985070128778,-0.38310053392032706,-0.070401814778747199,-0.027131657016547447,-0.24339988554745023,0.96954647588603404,13.415535340950957,-1.1217200571542201,-0.77048348330713134,,0.1203900593975311,0.2631578947368421,0,7
0.63615760284939693,0.76386117052695635,0.10871805966856364,-0.77096569630662215,0.62380067883813173,0.12839239930592491,0.03025556899737376,-0.16549569554001881,0.98574630372239858,10.678442205141355,-13.571431677397333,-0.73743232325589203,,0.2585410022185592,0.1428571428571428,0,3
-0.88499661370170946,-0.46222285057993318,-0.05595560863995603,0.46470796677866932,-0.88432893431235737,-0.044820102079374848,-0.028766288410959413,-0.065668655686948588,0.9974267533565192,-8.855619583654752,2.9839330930478147,-1.4786534485730038,,0.0699377749177012,0.2061855670103093,0,3
-0.1808291347395139,0.98266354088537511,0.040904638416408109,-0.98350469040855937,-0.18048485868752293,-0.011989150466578235,-0.0043986331654456744,-0.042397891447136668,0.99909112238429709,-2.935795875692405,-2.0489587915201772,-1.2338529279156683,0.6051512875836628,0.5878621611576215,0.9865092748735245,1,5
