axis_00,axis_01,axis_02,axis_10,axis_11,axis_12,axis_20,axis_21,axis_22,location_x,location_y,location_z,dbh,dbh_approximation,score,reconstructed,number_clusters
0.27442559609353911,0.9533266971007216,0.12593173072636099,-0.96113466794606073,0.26781820472775691,0.067034015906994496,0.030178506936618946,-0.13943320196937425,0.98977150893913157,-23.835956093974918,2.7257180128331222,-1.337967054792452,0.4634914565800309,0.5291484242629673,0.3185840707964602,1,5
0.99501826960099948,0.06643919345341566,-0.074326823781802803,-0.06387933556454109,0.99729700279781197,0.036305904455517846,0.076538053594694469,-0.031377090109824313,0.99657282953539039,3.2381143246498785,17.677381573627859,-0.88676048828064991,0.4071454862281631,0.3756423407169841,0.935064935064935,1,5
-0.88242245897886973,-0.4572974832426242,-0.11049712987063208,0.46554392153514468,-0.88263699540460172,-0.064967618586628209,-0.067819326237914895,-0.10877015290556592,0.99175077152757263,4.8682672034557575,17.942609552632543,-0.87577159841414032,0.2851296249244336,0.2624938932400709,0.2352941176470588,1,3
-0.70003851461007804,-0.66819168088375314,-0.25192450389007576,0.70726038878570918,-0.69747879482187591,-0.11535195372646434,-0.098634783505637882,-0.25892703290998631,0.96084752750435254,10.588646568855037,16.720570612505242,-0.95996118999734092,,0.3301777234907844,0.4285714285714285,0,2
0.94483019686353231,-0.29099485940862813,-0.15039245623558131,0.31817219497615112,0.92443626473933682,0.21020001612473996,0.077861116347484924,-0.24645402052418527,0.96602177114627574,6.4040288802791148,13.822851027125548,-1.0300716320426362,,0.6551718089902835,0.2794117647058824,0,3
-0.7782515557193056,-0.60384729299211448,-0.17231646110159224,0.62082616116168698,-0.78110780722772388,-0.066674366177275263,-0.094336597552193369,-0.15886799625473166,0.98278256299564182,21.47715206020645,5.7941616215000282,-1.4022681579613934,,0.1875117214711819,0.2941176470588235,0,5
0.93089226352761045,0.36528200696421781,-0.0029409339734317516,-0.36130120236596164,0.92187489056900962,0.1400290230891042,0.053861255772154802,-0.12928937128229631,0.99014303188987596,-25.073169130906269,4.8351699432146491,-1.351975908606416,,0.3384902234252579,0.4857142857142857,0,4
0.95659914991827533,-0.26174887708614158,-0.12808431488584968,0.28347640322486761,0.93770138340599585,0.2008911256705351,0.067521812700236869,-0.22848116093592116,0.97120397646789314,-10.089935102769969,-13.746408240258132,-1.620730190199493,,0.2910930643020084,0.2972972972972973,0,2
-0.84364677805284416,-0.52421173912169972,-0.11602657647305747,0.53321819229465361,-0.84332518006270607,-0.066940272469026396,-0.062757256847931722,-0.11834142655557463,0.99098780692484534,-30.01859022909591,-0.92495771116069692,-1.4279812903745077,,0.1787429024719652,0.2857142857142857,1,5
-0.44857552377599796,0.89027267013578615,0.078705605126877243,-0.89353675492871143,-0.44482810644146537,-0.060991993828452856,-0.019289039907643617,-0.097685866577510952,0.99503035351211422,-27.660194903385928,0.25325421734523995,-1.3831135172338971,,0.1297209438884994,0.2307692307692308,0,5
-0.53772434722819029,-0.830405579463524,-0.14587357537904586,0.84181441932753354,-0.53842173289751871,-0.038085705400864991,-0.046914920976860293,-0.14327809022834787,0.98856986553821935,1.1710818911742737,18.0346024686447,-0.90255928862026047,0.145556420817839,0.1243591972907701,0.1333333333333333,1,5
0.034798423660023635,0.99846395240396424,0.043113866222285704,-0.99938641447216991,0.034937682187196395,-0.0024805104008946135,-0.0039829987747918918,-0.043001094326099339,0.99906708563915725,-30.31241150533403,2.7880948258543294,-1.4571046189718346,,0.336179931268091,0.3863636363636364,0,2
-0.88900294620019837,-0.43731469567841091,-0.13575573133781701,0.45643106463864852,-0.87004813754444099,-0.18624425249730278,-0.036666672608740195,-0.22753482216827392,0.97307936974362708,-2.4103017400228914,29.874859742683245,-0.96880690708170158,,0.3388990365525524,0.25,0,2
0.93029398962823706,-0.33639211127394369,-0.14626496618888898,0.36048217571630969,0.9121818223361835,0.19487668919159129,0.067865262486885458,-0.23401852591643044,0.96986062693331732,-3.9501242807660213,22.996142014779135,-0.90559978651475126,,0.431422046244518,0.1666666666666667,0,1
-0.025413140982672319,-0.95937574202209019,-0.28098462215032172,0.99283298797007347,-0.057055357931420206,0.10501116192926573,-0.11677683958650255,-0.27630213852028318,0.95394984039272557,-3.4986832429465964,26.179570412025029,-0.93999004533706032,,0.5521564982025813,0.8372093023255814,0,2
0.2715995649796244,-0.93725182677963803,-0.21861539172965447,0.96137001657516075,0.27477274304929572,0.016359428701553769,0.044736646422750957,-0.21461349648938025,0.97567396172668674,20.768652233869961,6.428351565595718,-1.4172500408713138,,0.1723087050646038,0.4,0,4
-0.42606537565134417,-0.88426547650486975,-0.19116187573021867,0.90373174656878363,-0.42573793374565366,-0.044901470061889978,-0.041680042164280395,-0.19189001754025187,0.98053097618259188,10.956901289022055,13.408553101592888,-1.019695238639301,,0.08866453652572531,0.2903225806451613,0,2
0.46334853768856699,0.875974887644833,0.13407508656528191,-0.88510091589564421,0.450008243519673,0.11869688051937215,0.043640592371758526,-0.17366800793456455,0.98383683693866686,-9.2195148353703757,-15.221852173962981,-1.6282142936268267,0.3123907331553156,0.1445367160421422,0.2307692307692308,1,5
-0.59108983518787139,0.80636889891593078,0.019544963511962804,-0.80585112106576884,-0.58931556112803574,-0.057542506804902194,-0.034882336713852075,-0.049763121620911364,0.99815171908479106,-13.717886516548978,-10.744886038564845,-1.4860776967983789,0.2930246326700098,0.3912125335870718,0.3728813559322034,1,2
0.95839159688445141,-0.2717878760734182,-0.087274838531913784,0.28224292581595312,0.94797505023071782,0.14724888782914233,0.042713906963913126,-0.16575480252339342,0.98524152754150041,33.78963009872384,-19.812161724926558,-2.6447254900206145,,0.1758796266279675,0.2142857142857143,0,3
-0.89414332729313595,0.43986111142849904,0.083844575913085848,-0.44453706259963766,-0.84946875457347648,-0.28423517547740768,-0.053800652713936636,-0.29141900702643314,0.95508138507212126,-9.1953608254006465,-19.245154868920075,-1.6234192640583847,,0.3216650977719301,0.3214285714285715,0,2
0.37660733210413438,0.922034510105876,0.089550430368726661,-0.92535605140855171,0.36990381049073356,0.082990054259593424,0.043394648598427128,-0.11412069557382411,0.99251870073805959,1.2869847232643883,21.693130592053095,-0.90049737579264477,0.7281870511072014,0.5127826620591559,0.6808510638297872,1,5
0.82914282487873303,0.55864062307156015,-0.021043531222980007,-0.55489871599908869,0.8269936484282131,0.090382080314381288,0.067893968323235049,-0.063262624934564332,0.99568481426187816,-14.066344200628679,-16.130688414902696,-1.5544205175095269,0.3312350159443256,0.2323355298615306,0.5416666666666666,1,5
0.76013137252625285,-0.61716484875027922,-0.20324331715556793,0.64971326019509801,0.72603891605012816,0.2252557921728344,0.0085426007755892968,-0.30327387267583544,0.95286514372401554,8.8034415056187783,10.412060083381133,-1.2678760442281722,,0.4398595183803587,0.1621621621621622,0,3
-0.98186773782511672,0.18777615084733856,0.025997357387734576,-0.1895647864522074,-0.97187763671487815,-0.1397105972746274,-0.00096806792998868814,-0.14210551159776183,0.98985104254025069,24.241292012860193,9.713508565688608,-1.2764624221581218,,0.3861028561218586,0.2777777777777778,0,4
-0.10629704465815483,0.99393275822168714,-0.02825969622573676,-0.99433407628988502,-0.10623044701130457,0.0038518640318242073,0.00082645367898224694,0.02850902070585867,0.99959319361063514,-14.317772909575231,35.031994042073286,-1.1497617126580608,,0.08184490565919067,0.6,0,1
0.72468657431317129,0.68553693159685136,0.069774525630881365,-0.68321591906493984,0.70164734951730834,0.20225480180106115,0.08969602525469339,-0.19424240611182308,0.97684415887151577,-31.720996214839744,11.899302805672459,-1.5066328080785072,,0.4012275209742152,0.28,0,5
0.12400467617591433,-0.96390639188610527,-0.23559988957471314,0.99228148356898871,0.12058917067769372,0.028908636795837713,0.00054557550734903287,-0.23736621410044118,0.97142008562258442,-3.7499878333690089,-26.566132213888022,-1.9546270571159516,,0.3016745786846045,0.3333333333333333,0,1
-0.092464879679027293,0.99503571887298425,0.036798969997353652,-0.99539948454434701,-0.091440649650319825,-0.02860898041483035,-0.025102035670273193,-0.039275001698925657,0.99891309033707087,-15.337835647669424,-20.970483079049515,-1.5781883428203041,,0.4190905967608341,0.35,0,3
-0.99433239019464992,-0.036531905811672573,-0.099842464250247967,0.042544320274891724,-0.99736466623988629,-0.058768217163264393,-0.097432431059388008,-0.062682871615523869,0.99326621757909883,20.005640494622558,12.037944214124483,-1.2545978426670716,,0.1367677258816576,0.3181818181818182,0,5
0.20387766714359559,-0.92927093561567009,-0.30804127168297113,0.97855770036941614,0.20285386750735737,0.035709039262179561,0.029303990987672994,-0.30871643405767102,0.9507026030546617,-0.15044443236402547,-22.516854880509367,-1.9778984776545536,,0.5652841638332999,0.2,0,2
-0.86770430169672985,0.49504357769361734,-0.044956656918576421,-0.49352067625170892,-0.8687641285731581,-0.041063743333730758,-0.059385073284851944,-0.013444147009976667,0.99814461276015887,0.45869352304560385,19.891406890879448,-0.92610427821960362,0.175287130901555,0.1371359557553742,0.3235294117647059,1,5
0.26869812971069068,-0.95190062712170542,-0.14726340745507741,0.96315131997333048,0.26740284594575919,0.028900740712646148,0.01186802104850794,-0.14960252025086981,0.98867499008065318,-26.89741809637621,2.7207578444430314,-1.3929648169395508,,0.324737633103344,0.2,0,1
-0.79418948580506021,0.60655724957915369,-0.036760897971436043,-0.60524365462572416,-0.79497021019814817,-0.04126116131193721,-0.054251075307235594,-0.010519880250491736,0.99847190894262217,13.675273909295685,5.6475492089590347,-1.4473136004373401,0.1832629204759087,0.11902751706612,0.3809523809523809,1,5
0.26739811842439987,-0.89499027854667568,-0.35705832516555869,0.96354989236406174,0.25156720721188008,0.091024970095132829,0.0083577023335052198,-0.36838341651404188,0.92963638442626872,11.541674372603003,-37.307227343673034,-2.7211836566672569,,0.4256961352295113,0.28,0,3
0.35078763258058282,-0.92844960702924495,-0.12218577673261273,0.93635010125913487,0.34970313727678659,0.030922542760624491,0.014018726779548815,-0.12525590998437916,0.99202541918716303,-5.2416734592495935,25.793332350697732,-0.94692127748542998,0.6302654471267433,0.6716934969064015,0.9921875,1,5
0.82736591050634167,0.55744668549160381,0.068693834995847941,-0.55748719210707265,0.80016252012181421,0.22124188579217838,0.068364323799652002,-0.22134392746748754,0.97279657945774234,-7.777856995240124,-22.394311188670493,-1.7171030149170912,,0.1155469704539919,0.3846153846153846,0,2
0.71978487569795235,0.69183144749881376,0.057262387028301165,-0.69220007084505231,0.70901583306439386,0.13474275634002972,0.05261933711657605,-0.13662282648115459,0.98922465024164852,-14.407915537242463,-22.209876919678486,-1.6129479105103028,,0.2191015131503436,0.2692307692307692,0,7
0.87517435137521105,-0.47332271986313901,-0.10017713090490889,0.47986258273065963,0.8756146352190517,0.055053721811236238,0.061658384588309981,-0.096252862043516879,0.99344533325110151,10.370292344056109,14.834946355446768,-1.018574776725117,,0.09622374346015364,0.5454545454545454,0,4
0.99564168533108888,-0.030041767487853269,-0.088290014368983594,0.046003998896631496,0.9817089963265978,0.18474598403468395,0.081125005495151128,-0.18800249662605745,0.97881244104566911,16.336273646475185,13.82186546942528,-1.0301253921993425,,0.2284407404192142,0.1363636363636364,0,4
0.79592451047566781,0.60024817505048378,0.078780086142580044,-0.60186417259074909,0.77051743122298544,0.2099104712328215,0.065296947675381828,-0.2144878004225319,0.97454158048498996,-38.401354057547884,3.0503690641832479,-1.6612404337038837,,0.2848119416181921,0.2941176470588235,0,2
0.91363798169178612,0.40629598128473621,0.013755508061629552,-0.39963320226504029,0.89142081811867868,0.21368722159272013,0.074558313135087151,-0.20072991958474964,0.97680528117222565,-29.253053242452228,9.3862760782535819,-1.4318146044307301,,0.3121370098310722,0.1578947368421053,0,5
-0.4217728825841856,-0.86108420322020329,-0.28397470042462142,0.90552622307152864,-0.41597527462563605,-0.083587261170219626,-0.046150783811747059,-0.29240137801445698,0.95518141695115,32.323789834830279,-20.224107134077595,-2.678116651152723,,0.483897491535469,0.4166666666666667,0,3
-0.34711593106419669,0.93043019399073223,0.11751674141076714,-0.93781434364007399,-0.3438632142277821,-0.047564133166464753,-0.0038454212219933013,-0.12671915408219761,0.99193118144572834,-34.166018308363206,11.582833891520746,-1.591617597945477,,0.4326068912613441,0.5333333333333333,0,5
-0.97304770816191466,0.23054940431814655,0.0050129641324807425,-0.2244922781839836,-0.94206395790870767,-0.24923626591077522,-0.052738739808709197,-0.24364414907386844,0.9684297361943508,33.275300699421322,-23.020742058530224,-2.8909474629393812,,0.4366078078149824,0.631578947368421,0,2
0.04241371436294139,0.99910010365869073,-0.00024434224474050015,-0.99907310751334555,0.042414364610025901,0.0073448974366867063,0.007348651411414186,-6.7408616155038221e-05,0.99997299602464873,4.2037516529758507,23.088025392180974,-0.85820289453596521,,0.1193655555536398,0.4545454545454545,0,3
0.80167330700332873,0.597663074163029,-0.010897642880219174,-0.59439949900492561,0.79896181718341308,0.091374231956678334,0.063317804929109822,-0.066774729239262642,0.99575699400706319,-30.062733403280067,5.7929720579621726,-1.4310097222753873,,0.2604567831245951,0.48,0,5
0.99040149596786275,0.11864633381096187,-0.070907857518313397,-0.11496016341146843,0.99190149063190758,0.053996237930145158,0.076740065239926089,-0.045326375935189969,0.99602032209767377,-22.396831299593256,0.42987960796618124,-1.3150880016957507,1.069733525929135,0.9379091543399259,0.7868852459016393,1,1
0.99307339769010394,-0.059147868710122967,-0.10152219672211393,0.090365059291698649,0.93673011810230356,0.3381875838928054,0.075095824514025675,-0.3450191523192524,0.93558666176547411,14.132024974875433,-3.462779049902549,-1.7817094277009307,,0.5441298824119136,0.2571428571428571,0,1
-0.73958983045265703,0.67299504768973384,-0.0091950245298117548,-0.67223555170246907,-0.73929240908154803,-0.039320438726943338,-0.033260272372428942,-0.022899774223668328,0.99918434466429551,-10.811724807247275,-21.651468086759639,-1.6678172464893299,0.6465674654654053,0.53626248648198,0.8181818181818182,1,3
-0.87117220158041209,0.48792803260601725,-0.054637260095654464,-0.48635901463411474,-0.87284501117568847,-0.039956167857377808,-0.067185594271926607,-0.008235378736597956,0.99770650717502773,8.3011160512595463,20.741906902575927,-0.86356509806712467,0.3040183636718706,0.2712692969423215,0.4642857142857143,1,5
0.59170406041955004,-0.79208982771164782,-0.14993335092217022,0.80489080835578486,0.59088114782137757,0.05486579784951448,0.045134150123713308,-0.15314429138895297,0.98717259610849528,-33.09366502475838,0.65807889315890988,-1.4659566890322835,0.733080965093986,0.5831324343172908,0.8846153846153846,1,5
-0.4387851785050379,-0.8853597119786023,-0.1536416204336204,0.89780309952371207,-0.43910724653872818,-0.033681159760215247,-0.037645206997945949,-0.15271871673879278,0.9875524451631611,-34.20916201253263,-0.33111806826367263,-1.468576379346421,0.2837937385278082,0.2005424735660566,0.4375,1,5
-0.99298121759744129,0.096427258758787521,-0.068484197206133551,-0.082408926580450473,-0.97943176389945441,-0.18417977273485267,-0.084835548672479749,-0.17724334580759266,0.98050381235789674,13.002321442414027,13.39881154679939,-1.0337264103499555,0.3397648211962798,0.3115715005496635,0.25,1,5
0.82000039474952913,0.57226849152375847,0.010398375822148054,-0.56941372761038489,0.81379861804921594,0.11618870887497508,0.058028953285954629,-0.10119576508090054,0.99317272299949311,-27.797736245367965,3.7263293282079295,-1.4089014997356581,,0.1956121398221982,0.1923076923076923,0,3
-0.86055060257813398,-0.44936085294604111,-0.23984887792528328,0.50448745098096426,-0.81691444578289107,-0.27954105257361117,-0.070321207364068994,-0.3615599702827173,0.92969312984662889,-12.869254997628774,-7.7941984273484195,-1.3452052631578932,1.018032548966903,0.4677676654728794,0.3559322033898305,1,1
0.97336256023647805,-0.21943130657849499,-0.066447182206197331,0.22740846002487583,0.96088784950169248,0.15805041280910451,0.029167081427587761,-0.16895100583680578,0.98519279280135252,-3.2545261057029533,33.894691202287234,-0.93141676192805267,,0.2329526778489059,0.1818181818181818,0,2
-0.086915323819320864,-0.99119048057397185,-0.099935767895789243,0.99609337735458581,-0.088038271520882061,0.0068735971623937559,-0.015611216343322298,-0.098947935638667633,0.99497014827437313,-29.164902938750256,-8.8989335457897809,-1.5350911152079647,,0.09749531243472469,0.4545454545454545,0,1
0.70176689040608975,0.70770886201039662,0.081678627325114786,-0.71079165030884806,0.68784325431576199,0.1471288120781423,0.047942271337412287,-0.16130661525259965,0.9857391716345445,-18.953581433311978,-5.7977160086675665,-1.3473692900342267,,0.3812223939876266,0.4959349593495935,1,4
0.46311614368417531,0.88618916849915474,0.013863444517028293,-0.88520094616842726,0.46170863229917836,0.05695984342451773,0.044076324275302697,-0.038650957235243956,0.99828021173575254,-23.036248937140751,-5.4768844879917111,-1.335150284328777,0.1793697154119512,0.1227303899870719,0.3478260869565217,1,5
-0.93512115442558619,0.35129795083387166,-0.046240418312162773,-0.34927471999921622,-0.93586321130084582,-0.046553406998201714,-0.059628822856318493,-0.027382466535975231,0.99784497994988064,20.277191707003695,13.009107736955379,-1.1230674436818302,0.2066992261441682,0.1862606078060794,0.3157894736842105,1,5
0.13715974931998709,0.99031550683905778,0.021503489962756805,-0.990358942410134,0.13667595265244784,0.022557685050270372,0.019400215327662187,-0.024390180004377048,0.99951425740936484,8.2311259361107787,-32.441359500146426,-2.6803080183652921,,0.07893037748301095,0.2222222222222222,0,1
0.033541485128137663,-0.97607052294217811,-0.21485181641955475,0.99937093189810799,0.03027724057642936,0.018466975393514867,-0.011519950195490689,-0.21533606977573488,0.97647205172551299,28.319424122073851,-13.24316558168783,-2.4095284170687239,,0.1776265182010588,0.4117647058823529,0,5
-0.44882044562362483,0.87578513585316486,0.17765304221674916,-0.89323470938725114,-0.43381928813900866,-0.11803634687857356,-0.026305161776463488,-0.21166298934206487,0.97698864753214831,-8.2521928943751757,-18.299480592592044,-1.6182302293164625,0.712740622009038,0.6510709130985903,0.325,1,2
-0.72911152723622297,0.68439455702392504,0.00068641626499251352,-0.68240247660861941,-0.72691208241270377,-0.076978466864769973,-0.052184679453707451,-0.056594299699290709,0.99703251926497427,3.4142647465633025,-28.167246291578692,-2.2760188611353032,0.2034492325386444,0.2217943177608938,0.6279069767441861,1,5
-0.84851451440223824,0.52843966740397119,-0.027832297115310729,-0.52560958361591104,-0.84772833056415231,-0.071352947872009631,-0.061299954811105457,-0.045915089816933652,0.99706274630399272,2.307740125964223,-26.26156966255893,-2.2529683455472567,0.5176878928639675,0.4903820993074147,0.3636363636363636,1,2
-0.23852716561456946,0.96431031384255328,0.11493654719347277,-0.97112696366430018,-0.23735414843018587,-0.023988094279036823,0.004148699559909869,-0.11733979222692939,0.99308315938399805,1.3508923614148902,20.569538901482542,-0.91899018813065914,,0.2560803039712112,0.2777777777777778,0,3
0.99541436311542297,0.064580959161485735,-0.070565894150779102,-0.058216416583089764,0.99434654146768831,0.088802051279636571,0.075901874441548556,-0.084286743827422572,0.99354650131296285,-12.381555891273281,-10.13388098650163,-1.4573042492203239,0.4274910445177412,0.386563105466075,0.5189189189189189,1,3
0.22830119374607288,0.97355726776189211,0.0080505479391583309,-0.97292067993335607,0.22782962418753705,0.0389745160404198,0.036109770037170884,-0.016730473112505247,0.99920777407769257,-8.1050187724036622,-21.205083569965399,-1.7135788862749275,0.2776316148873804,0.2454862227512874,0.4444444444444444,1,5
-0.6293191038117234,0.77702107368542173,0.01398987585229914,-0.77086766266466267,-0.62184929037160663,-0.13808152201597707,-0.098592658121832599,-0.097681682587284019,0.99032205703568355,-10.304525062918881,-24.954630542011259,-1.702905221808608,,0.2018542098805843,0.4117647058823529,0,2
0.99054280645724668,-0.11327460758707608,-0.077419712294707801,0.1181180163150229,0.99111617668198937,0.061129849836883167,0.069807469497220567,-0.069696395855666976,0.99512277112280201,8.5725322854712704,12.804388047867024,-1.032382142618975,0.4293073523577912,0.3910141858824093,0.9455782312925171,1,5
0.92230109178861264,0.38398424517596652,-0.043781223625857894,-0.37983792127471622,0.92153362621334645,0.080615937132707288,0.071301119537049984,-0.05772239786014869,0.99578324706636778,10.486101133324453,22.024196653456411,-0.85221252640768819,,0.198392258099129,0.5555555555555556,0,4
-0.84766325036506229,0.53047084293729418,0.0082279264662884176,-0.52747193227271505,-0.84100440006683441,-0.12035347827426078,-0.056924288709007488,-0.10635922085847167,0.99269700387044202,31.405884586522504,3.8969080971626866,-1.7372958428798919,,0.262867143749388,0.2941176470588235,0,5
-0.87158599119717006,-0.45408306792248915,-0.184787519532429,0.48507554325914565,-0.85337197449416158,-0.19093975615303954,-0.070989980142923181,-0.25605632305029574,0.96405164910665997,-10.398392182245084,32.696772258881879,-1.0375693888020732,,0.3544660088449785,0.25,0,1
-0.99133164703658827,-0.099434980528517028,-0.085873454751862727,0.10578340273059618,-0.99171783212201992,-0.07283964001791618,-0.077919428196459917,-0.081292226556396868,0.99363984250383275,21.334935081788657,9.5785091249562004,-1.3224521109980445,,0.1189416442662695,0.2,0,3
0.37002453894769111,-0.92016810255622783,-0.1279550843640859,0.92893522223428415,0.36834611863744887,0.037423118219471481,0.012696199001689872,-0.13270945679490354,0.991073663562962,-25.413110996650133,-0.076409836635208561,-1.3661988658814586,0.4188288791296342,0.1863182152984137,0.12,1,4
-0.71168974177714073,0.70206032502936921,-0.024678157727923759,-0.70092284294418117,-0.71200792367250865,-0.041855523728792574,-0.046956146437232206,-0.012490662401210112,0.99881885427966621,-6.8375492737537549,0.1983420268294607,-1.2723589271788784,,0.1904450590910607,0.3322368421052632,0,2
-0.30503489052123395,0.94548687121252617,0.11405389922947383,-0.95144947445633254,-0.29737453298047806,-0.079449887925734319,-0.041202100935121111,-0.13275151034692895,0.99029259483202292,19.719474099156631,-6.6788886311217928,-1.9324231561353808,,0.2785209191810851,0.3333333333333333,0,3
0.77653609942604751,-0.59115492554446647,-0.21800811978616089,0.62828921558682072,0.75252501217561718,0.1973797548569412,0.04737454871002391,-0.29024465551428297,0.95577910213601003,3.7415178685012389,-27.019266248906249,-2.2861402399272532,,0.2774190203423043,0.3333333333333333,0,5
-0.44165525580576587,0.89250936134578773,0.091474996197203173,-0.89718282127492266,-0.4391364552274436,-0.047139780434858919,-0.001902689757912952,-0.10288932695090471,0.99469099029360653,-0.42245193305331868,-24.600365289859653,-2.072414221564685,,0.3915817658799402,0.3181818181818182,0,4
0.25787721862435781,-0.95845820698336426,-0.12189013734014424,0.96607884411047895,0.25759527178579722,0.0183396541887486,0.013820530985699657,-0.12248486200276107,0.99237414894959741,12.157802542319759,14.821317713814622,-1.0135065113199733,0.3169122013521161,0.2558315735491332,0.7971014492753623,1,5
0.4327955552988979,0.89938669168973051,0.061575856672234731,-0.90070082461992163,0.4285445590560471,0.071327311967096851,0.037762836791107382,-0.086331568472137313,0.99555051526410676,-26.668173109414003,-5.6821419617305606,-1.3713584855094183,0.8643670929663441,0.4995061613945501,0.5932203389830508,1,5
0.46305223073172513,0.88618165965892071,0.016269532830897611,-0.88485562610203994,0.46114487324412162,0.066150788628952517,0.051119003999906203,-0.045027457898770828,0.99767698954382711,23.540780629260521,16.496623012840807,-0.90908049220643983,,0.3453700792548084,0.2941176470588235,0,5
0.93741510718160526,0.34783437739742029,-0.016253083653541427,-0.33993614261308869,0.92425020154968973,0.17379581088361404,0.075474073515571283,-0.15739380812442424,0.98464757826902638,-17.986632079198099,-4.9616253430649646,-1.3112846639789775,,0.1027837246642121,0.3947368421052632,0,5
-0.8991887392601724,-0.39884239924099912,-0.17995652740422061,0.43453736685286598,-0.86222370150142924,-0.26028362487439227,-0.051350637739763658,-0.31224194006708783,0.94861376906877193,-1.140293763557763,22.27831317469829,-0.90722439673050537,,0.4926183228321285,0.131578947368421,0,3
-0.47469375922161816,-0.85606188958652973,-0.20450886570901552,0.88001230738290792,-0.46575416308146478,-0.0930128938744227,-0.015626061904992571,-0.22412295904218318,0.97443559326387308,31.088505216071429,-13.629533509171901,-2.4342157543075085,,0.4019160356967937,0.3846153846153846,0,3
0.48622585807926499,-0.82959194267175174,-0.27452071613849244,0.87216735134202661,0.48011774669434698,0.093867249678343395,0.053930753639420181,-0.28506868990341844,0.95698867070025029,-11.144800251572908,26.185275512393165,-0.99061295359561452,,0.7254408141994734,0.4666666666666667,0,3
-0.61282082399251536,-0.78154620308027944,-0.11677401308482149,0.78854702706583046,-0.61442424197412182,-0.026008402107159528,-0.051422016556881944,-0.10802029126662045,0.99281790520109936,14.422390724814134,13.388802939603316,-1.0398730657335873,0.3606148295495448,0.2926202464806335,0.8405797101449275,1,5
-0.21580418926863629,-0.95409044641596663,-0.20770164166873326,0.97631957548445081,-0.2141341446566061,-0.030767752892347899,-0.015120794290230739,-0.20942298858999217,0.97770822510095878,18.628149981574744,8.0004305843835226,-1.4194977684580168,0.4298327695427261,0.1895622349266867,0.44,1,4
0.037953028417843003,0.99899480694833731,0.023852532866896006,-0.99886383323824224,0.037238002099050892,0.029738423769154639,0.028820310243249363,-0.024954095654281479,0.99927307720540404,-24.866370332277231,0.86167848565503791,-1.3417978800532264,0.3456542629338902,0.3040540270375413,0.4262295081967213,1,5
-0.37020639994109872,-0.91145949745300159,-0.17941239072420559,0.92808699677933604,-0.37121978587727184,-0.029161566870583078,-0.040021842183565234,-0.17730610558002868,0.98334164819368808,25.576037304654708,12.645048248241793,-1.1353197424832275,,0.2137134435163125,0.3333333333333333,0,5
0.37947951311066924,-0.90827507039535782,-0.17615815515495464,0.92499832469489873,0.37643292723247823,0.05173345732520214,0.019323520407009433,-0.18257778559697638,0.98300150242285167,-29.510228566515128,7.5749221792479622,-1.4395834987376612,,0.3186235340348252,0.4705882352941176,0,2
-0.55910951856779401,-0.77773397927713739,-0.2872740916348685,0.82781423659037379,-0.54290786781857836,-0.14133165519083951,-0.04604493397960948,-0.31682945655105149,0.94736421692840955,-30.935794687598474,6.3349256379440719,-1.4521020984086026,,0.4444668899391849,0.1,0,2
-0.58413497713874329,0.81068870881595678,-0.039625066327213854,-0.81065521002305096,-0.58514293826471531,-0.021115687566799757,-0.040304577228930188,0.019787854791563465,0.99899148237467184,4.7308404686769521,21.067956009041961,-0.89967467987347427,0.3374790563741893,0.318815292267283,0.8775510204081632,1,5
-0.57022789316396538,0.82139868750522838,-0.012014408952350706,-0.82115193911050099,-0.57035205309243298,-0.020199713570045033,-0.023444461027081847,-0.0016527849030729754,0.99972377462437811,-26.985156350111691,-9.2911631528438754,-1.523685687250983,,0.2484248406957387,0.8070175438596491,1,5
-0.22694275236733086,0.96265466516469334,0.147624465399849,-0.97389301012925911,-0.22516076487257164,-0.028896968411385327,0.0054214360929976399,-0.15032839252333324,0.98862125327753247,-12.999141225312965,-20.939596380700831,-1.6116806093248277,,0.2858226909126472,0.2592592592592592,0,5
0.55007308368701324,0.83246164183728033,0.066537338935671847,-0.8334277546403166,0.54215119266900247,0.10709930944118819,0.053082769316054261,-0.11436651239396264,0.9920194153566656,-11.589558758234022,-14.24375337667067,-1.60467120063739,0.4519784839087945,0.3459590661318478,0.1329479768786127,1,4
0.91396529716569086,0.40401281882706103,0.037961530530824211,-0.39861016023568047,0.87632903583356248,0.27047617475833985,0.076009050340834203,-0.2623376892069289,0.96197794210046883,-9.7480140716884875,-16.381367031772804,-1.6099241103228752,,0.09315472344569331,0.5333333333333333,0,2
-0.28706039886955331,0.94899919122818066,0.13037201559044079,-0.95769118199999825,-0.28139827153104235,-0.060354061162364622,-0.020589495387252004,-0.142181390581197,0.98962645723126119,-13.475111675161394,-24.92603679211949,-1.6193421789828941,,0.3861832755017184,0.1818181818181818,0,3
0.72430831914262672,-0.65980426540398429,-0.20008945543304335,0.68712245016995444,0.71473022465985847,0.13047392241405026,0.056922730900948917,-0.23198930430599071,0.97105137114078621,13.168300063912559,7.7856566788484942,-1.4252337773889165,0.8162051589821677,0.632984810009272,0.2857142857142857,1,3
-0.98585266384943038,0.15446925445710369,0.065067461979466501,-0.16352376089465637,-0.97160414066296341,-0.17101278744425144,0.036803597702534913,-0.17923348814898396,0.98311792371113771,-13.829080463631465,-17.265408771840484,-1.5593100052658524,,0.2460418130656185,0.2083333333333333,0,2
0.34837378419887399,0.93728124439940819,0.011814202472153838,-0.9366997151833848,0.34763088428857308,0.041790092894256246,0.035062088618936282,-0.025624932894379827,0.99905656133966492,-28.65084031659395,5.4690824189038629,-1.3906333976874468,,0.09001894993937014,0.3181818181818182,0,1
-0.99003823064176966,0.13206286249866134,-0.048823172944538785,-0.12212337979196217,-0.97801533131384577,-0.16903222125753378,-0.070072690656923314,-0.16138591036310229,0.98440053126782212,26.657708792771484,-10.543588634820825,-2.3184531167400477,,0.6949558492349746,0.1951219512195122,0,3
-0.7174724494610325,0.69476050369789744,-0.050409590018482359,-0.69482925079594782,-0.71892326523175198,-0.01901712246528869,-0.049452972637949802,0.021381796228601892,0.99854755634737291,16.728840219819173,10.087429514663246,-1.3770719448335005,,0.1133125285449992,0.45,1,5
-0.11532088649719022,0.99304978053120074,-0.023520767938909174,-0.99329983286004275,-0.11510601382274095,0.010297942612494705,0.0075189878117632005,0.024550742733628422,0.99967030857854,7.2085882647050123,17.586735158483961,-0.89640293643487001,0.2760551288916122,0.1921232394238252,0.7321428571428571,1,5
0.55122255967164902,-0.80187460055155024,-0.23054460457648415,0.8340159680412359,0.53745862919108911,0.12472203879137236,0.023896752107272178,-0.26102748303258716,0.96503554252700774,-15.245953199857725,-26.861643643283898,-1.6422409977878432,,0.4482998456192848,0.2666666666666667,0,3
0.33046239105657499,0.94352258888141372,0.023658663691913766,-0.94315535413794893,0.32918622851995788,0.045764668836644672,0.035391892547488354,-0.037437297222447444,0.99867204963320466,-24.439818949464911,-6.1615188049422347,-1.3568954257968837,,0.2039021772686011,0.625,0,5
-0.98266141425728859,0.18540911817112529,6.1877875847522225e-05,-0.18084593534894278,-0.95840302194455462,-0.22081303221348245,-0.040881445640190292,-0.21699563688367582,0.97531615437037433,10.784037232711242,9.0401142723432226,-1.4097989573768885,,0.4603743520641193,0.25,0,4
0.96198621084380709,-0.23193675152384377,-0.14418000360292887,0.26276601017536866,0.92992943342197698,0.25726498547606319,0.074408024049103308,-0.28537097285471691,0.95552438682069218,17.733641395512873,11.993276893860232,-1.2500278933536473,,0.4995112858473872,0.4166666666666667,0,2
0.40756958267807553,0.91205144536473437,0.045268049259054338,-0.91019300961929783,0.40173724730830651,0.10077633335913515,0.073727338998408082,-0.082276030125702559,0.993878732215842,-30.516135694958276,10.218334780771821,-1.4585511984821817,,0.4674733983301246,0.1875,0,4
0.15689426355765315,0.98400749417805344,0.084341220433024097,-0.98603973523935617,0.15124964609470332,0.069636090393777689,0.055765855071047275,-0.094089297784909112,0.99400069087025278,-0.53659565784530738,20.664172625160194,-0.9272176837777627,,0.6289719789918427,0.8194444444444444,0,3
-0.728385847064979,-0.66851460980762034,-0.15014084810337211,0.68237257337471324,-0.72755552751825081,-0.070926902396857047,-0.061820133463188362,-0.15411414877098956,0.98611718383120583,-4.1498720338987676,-18.627460446449444,-1.7516433793166002,,0.5160155098432602,0.1142857142857143,0,1
-0.44190345137464315,0.88137480608210794,0.16703230486018258,-0.89679045068551255,-0.42945738877117257,-0.10645768543943428,-0.022095864374446945,-0.19683699457564516,0.98018721188555258,13.102391974995239,3.4539401614843377,-1.4536071733077638,,0.440290332144252,0.3382352941176471,0,3
-0.75348848775697652,-0.63227745772066646,-0.18022295990243661,0.64849360733075079,-0.7598630236475844,-0.045433759962178979,-0.10821802099860534,-0.15110725247797208,0.98257592998185295,24.958297511282598,-9.0198123491334599,-2.2413860659319793,0.3686975091157591,0.588264311371292,0.32,1,4
0.99624350861334199,-0.020353489911712236,-0.084170107485923518,0.030217296542201975,0.99259760891186333,0.11763036075832052,0.081152859071376662,-0.11973187641921357,0.98948395198389905,17.716403707154459,15.154801910949052,-0.96363391319009417,,0.1200749439989036,0.3333333333333333,0,4
-0.080547583417106799,0.99657978966626448,0.018461030155688014,-0.99674678555384677,-0.08058577919601638,0.0013332964584838252,0.0028164328040158624,-0.018293578657985192,0.99982869166980071,-26.956094319902597,1.7578066071628764,-1.380357665208243,,0.0716484609309541,0.4117647058823529,0,1
0.14103725819865212,-0.95396592265993563,-0.26468379286118682,0.98994565731258799,0.13880482152214554,0.02721795528971745,0.010774384797029407,-0.26586131709179178,0.96395107381363621,11.241280635150224,6.094130876417208,-1.4432805804883579,,0.4164807263822614,0.2611464968152866,0,3
-0.4292037536208998,-0.87960038713317423,-0.205151887227247,0.90211677354069242,-0.42864098223361363,-0.04952004893309328,-0.044378652235764073,-0.20632514947280209,0.9774765817761385,2.3087009481224894,31.622346460887321,-0.89882843955623448,,0.2299168236780216,0.5294117647058824,0,3
-0.62290631742090741,0.76742071678565582,0.15183268147969337,-0.78123076114924528,-0.6001018781817149,-0.17191926488020368,-0.04081932815829889,-0.22570595749994882,0.97333992171169892,-4.7320157328917016,0.35135448497229466,-1.2747622794252345,,0.1915756469907523,0.3243243243243243,0,2
-0.65929306095704643,0.75092503066152949,0.038003395899183494,-0.75126152598677332,-0.65584375972581299,-0.073993799745220676,-0.030639506293573846,-0.07733408792176924,0.99653432429565347,13.098515534837139,10.706087638415665,-1.337581685697264,,0.3112903257065798,0.1891891891891892,1,4
0.033141232847759196,0.99922315757719893,0.021324634739728027,-0.99859425022121162,0.032222202059308716,0.042086258084868808,0.041366437004747049,-0.022689448118041404,0.99888638334578927,-3.9285189918431276,-22.760878817595223,-1.8218606534245969,,0.228761348711983,0.2173913043478261,0,3
0.46816656885411129,-0.84178551040801242,-0.26873261483208466,0.8738789392034616,0.4861434349172869,-0.00040037913769715546,0.13097962980555697,-0.23465232825169824,0.96321473276837666,-1.6396102614739843,21.334918470880645,-0.91265429995789504,,0.2770314861897748,0.8070175438596491,0,2
-0.15695137842242474,-0.9521697111928924,-0.26218143698238122,0.98720216187218202,-0.1588519626037774,-0.014069313125405093,-0.02825166200763049,-0.2610342794802506,0.96491603185460373,3.0561959790480437,-31.184521167078824,-2.3814511975821486,,0.2562271233202604,0.25,0,2
0.52793128044383575,0.82224618334659683,0.2126023920394304,-0.84793024866655697,0.49616095029126689,0.18665102411275269,0.047988087325964164,-0.27881091330509755,0.95914629650370509,-17.497428053975728,-18.485823714523946,-1.5242581694443613,,0.4493885074930886,0.25,0,1
0.68314591426719329,-0.71432950582702415,-0.15180585273618918,0.72885326181690857,0.67991214238148723,0.080575439068436075,0.045657228988359458,-0.16568897291955589,0.98512059246265304,-25.023172028587091,-11.960084981630855,-1.5031904029659182,,0.1161750389220697,0.1904761904761905,0,1
-0.63657740490904757,0.76751571660597717,0.075424348337098004,-0.77031679699831601,-0.62807667912367338,-0.11014407566108197,-0.037165034932286616,-0.12821587227715581,0.99104967094222385,-1.9106526499872765,24.086720711450926,-0.89885685528268078,,0.4611545777038895,0.3970588235294117,0,4
0.5614914740881739,-0.74859338305782608,-0.35261206923236188,0.82672166107000167,0.52576338273802248,0.20026023192218945,0.035477029807283643,-0.4039564484123383,0.91409002190273492,-11.910566611554275,-23.559856355260578,-1.6472069384117258,,0.1480722042186244,0.1428571428571428,0,1
-0.033419051218133183,0.98383845538614045,0.17591208235676542,-0.99944073802224309,-0.033104046359970302,-0.0047258116923649778,0.0011739664537551446,-0.1759716335606695,0.98439453776661867,-33.873301371286146,16.230574375578595,-1.5789878245288906,,0.4152657615424924,0.36,0,2
-0.95857157835838558,0.28461927418168831,0.01150642984605822,-0.27476665430802533,-0.91322546968046014,-0.30086961828552516,-0.07512532757923597,-0.29156664811187211,0.95359586558715759,-1.5310821860907156,-30.623376659319451,-2.1074351292610114,,0.4133279608464101,0.25,0,2
-0.76255577323769286,0.64686816051145501,-0.0083830554329527764,-0.64451613598278923,-0.76077216493102351,-0.07631948325283229,-0.055746238973408649,-0.05279484806958834,0.99704817378982724,5.2066320969532667,-32.439729303819085,-2.5071996450628715,,0.155419225610531,0.4,0,3
-0.81186791401628922,0.58138063605864509,-0.053544805601338744,-0.56026252555223865,-0.80159703570880569,-0.20868180276364229,-0.1642449166722284,-0.13942291188646716,0.97651669672793195,14.964504817623723,5.0050252107943036,-1.4378369453908748,,0.5705532589324016,0.1875,0,2
-0.53738368303819573,0.84184607210307971,0.050139486324867609,-0.84001639605595102,-0.52904889541938049,-0.1203317107528466,-0.07477453818966133,-0.10678228851336334,0.99146674744964214,-2.9383795074329084,-24.14282955745368,-1.9379355428770975,,0.5012926269288533,0.5714285714285714,0,2
0.78869526569594828,0.61425845723165995,-0.025422934295210031,-0.61141861999327507,0.78802766488895182,0.071969927714189683,0.064242112312071817,-0.041218285857703971,0.99708274677512898,-24.034720714679601,-10.394783409019013,-1.4764814852165848,,0.1218468559797101,0.3571428571428572,0,2
-0.63320516425109663,0.76757122615798257,0.099426519299800467,-0.77211151006470014,-0.61750931665233166,-0.15008684110600695,-0.053805538667976417,-0.17180412283150326,0.98366066678847475,-7.1337669186152999,22.863813890712713,-0.94771164898241478,,0.539228325182294,0.2,0,2
0.99253496770551486,0.069445991046317518,-0.10025762918305232,-0.056196334338175571,0.98999725974913955,0.12941173708804904,0.10824190449527224,-0.12281156304187768,0.98650950836494533,-34.366270342759044,5.8385500256939773,-1.5414986867832441,,0.2404531977418814,0.1333333333333333,0,2
0.13405187783694658,0.96351567191877818,0.23166278081577069,-0.990697364453341,0.12477456098025115,0.054314279866274469,0.023427038088386049,-0.23678863760555127,0.97127870098510538,16.448198380655686,-20.432038700069132,-2.6740929461444396,,0.3332520147362999,0.25,0,3
-0.48623410882905227,-0.85634096475858767,-0.17394408149617147,0.87266790644246617,-0.48612679454522872,-0.046167788451504321,-0.045023510264516328,-0.17424377091164717,0.98367270564042197,-16.170566251958011,34.076302846001226,-1.1889659474639014,,0.2196487689087748,0.25,0,1
