axis_00,axis_01,axis_02,axis_10,axis_11,axis_12,axis_20,axis_21,axis_22,location_x,location_y,location_z,dbh,dbh_approximation,score,reconstructed,number_clusters
-0.89878707454017703,0.43700448752366111,0.034768844152377819,-0.43314736949966981,-0.87302665901428678,-0.22407099086197932,-0.067565900682419397,-0.21645214375130362,0.97395242108146063,-16.670420726366615,7.0615173232131081,-4.0017751265360308,,0.09582978273684836,0.3076923076923077,0,1
-0.72726249970070689,-0.63908843740018406,-0.25031025889976971,0.68271348926362918,-0.71111719059825362,-0.16797211915412466,-0.070650888929718797,-0.29305001350799798,0.95348316266015032,-19.793867743649603,6.3953766198191957,-4.1535640902824715,,0.5361902150191227,0.4285714285714285,0,1
0.62682800104338099,-0.77183114506314243,-0.1065989710010205,0.77816033330174794,0.62705911628279343,0.035543780923727349,0.039410059422321106,-0.10523092794972141,0.99366659349057762,-13.651995191790551,6.8170124046761567,-3.7946670573866124,0.2217987463364116,0.1656048143831039,0.7868852459016393,1,2
0.6521966035739164,0.74996976088281864,0.11038545215749496,-0.75610025851412743,0.63314836636222549,0.16563678712083912,0.054332212926740564,-0.19149021889958787,0.97998954418109518,6.1370129202787798,-7.4556772230990216,-1.758521011913698,,0.3884635909768082,0.32,0,5
0.46889607712887699,0.88270469981827149,0.03112686575743576,-0.88134309175950154,0.46527484108382822,0.082180757250208694,0.058058793140655228,-0.065967682793544868,0.99613123701944895,-4.8597329232733593,6.4780198457188138,-3.2116910427304304,0.6860242859839545,0.3154404768803236,0.8807947019867549,1,4
0.80679858095413226,-0.57812443933951707,-0.12185311817416493,0.58785630348564977,0.80613888184912519,0.067565298957600786,0.059169385856080815,-0.12614371093879873,0.99024580179266752,-15.733871645587881,12.38574201242921,-4.2955452495677617,,0.09694471961868462,0.3870967741935484,0,4
-0.73022751904060257,0.68272579832479086,-0.025558848518348529,-0.67924743285115763,-0.72951071380299781,-0.080231187276231131,-0.073421355210313788,-0.04122623859168436,0.99644854450727316,-7.6625838313346941,-25.1644690886849,-1.8091838733356083,,0.2021455649248372,0.3478260869565217,1,3
-0.23889043681197994,0.96892183475675475,0.064201536830392703,-0.97103505078002572,-0.23804346606140314,-0.020645542427014066,-0.0047211604943553642,-0.067273965224865853,0.99772337060254812,-23.848050652934202,7.3416006664781319,-4.4630716217227704,,0.1097669932013531,0.1764705882352941,0,1
0.2653182437913979,0.96212263224570693,-0.062659955570052148,-0.96345745664391025,0.26704626251878083,0.020881161653483596,0.036823345158973037,0.054830048288716314,0.99781646962553239,-21.319119910185147,11.611503148666225,-4.5751413572052053,,0.08069458804572764,0.35,0,1
0.39014565313992694,0.92035315175876897,-0.027137527221945974,-0.91971190429865324,0.39093643168841136,0.036037750624577716,0.043776505426621301,0.010898735084132779,0.9989818993085916,-3.0374025765315658,16.01707416427136,-3.6618794090190323,,0.1059736079214789,0.3684210526315789,1,5
-0.89331995729025959,-0.43174075783388038,-0.12481735429000093,0.44198726123123683,-0.89428661946593968,-0.069990736197677567,-0.081404636331350907,-0.1176918020475896,0.98970799982345947,11.18022615499266,11.437368043205998,-2.4273743535637631,,0.08406158723579915,0.3125,0,3
-0.93576237054160072,-0.30831697630477389,-0.1711415437602628,0.342024811407383,-0.91169500147619786,-0.22766478134542617,-0.085835972995642218,-0.27157478970920335,0.95858193146662973,-6.6876789294501284,-29.493234745028278,-1.6087738933773061,,0.2981622891586777,0.2,0,2
-0.22290840295928777,0.97447648947729226,-0.026597280803710596,-0.97483129447733774,-0.22293478820195328,0.0020068674564651802,-0.0039738140089006875,0.026375209295130087,0.99964421527704561,-1.0951639234376953,10.269110285743176,-3.1892402603706764,,0.09601127078875399,0.3392857142857143,0,5
0.2932548855458359,0.9554391554295375,0.033728213347147956,-0.95523830285147504,0.29138898561557375,0.051110114726551872,0.039004574974392407,-0.04720677212031156,0.99812332093637024,-13.350823151216083,-13.817323472473284,-2.6255407930685704,,0.06997321976018207,0.2857142857142857,0,1
-0.28049860806021271,-0.92241902515105778,-0.26544994427510266,0.9580912387054743,-0.28581851226511823,-0.019208236836435161,-0.058152465056033185,-0.25971314962074327,0.96393328126067968,-4.0091940694022723,17.701935961664926,-3.856779590581616,,0.5465131138419071,0.2222222222222222,0,3
-0.74606137824093555,-0.62888360932020781,-0.21885571919787999,0.65601917992685399,-0.75052757155865535,-0.079669315914994918,-0.11415452450661411,-0.20301174906554892,0.97249934410055694,1.553854499145449,-18.247625911991832,-1.5326833954268426,,0.3752472901282898,0.3333333333333333,0,4
-0.59111115134798209,-0.78163528444436048,-0.19908261818563724,0.80394896181777231,-0.59090493128391275,-0.067062873309172738,-0.065220192764134044,-0.19969387646079581,0.97768536971761599,18.771146563464406,6.8684766969599869,-1.7762559559877289,0.3493216606484402,0.2853611607091263,0.5384615384615384,1,5
-0.93253729497566284,-0.34005677906567894,-0.12139019931999502,0.35024294640641312,-0.93363779958236026,-0.075168728095945117,-0.087772843021213423,-0.11261370344005064,0.98975455635500309,1.1019909940952859,18.046312693792569,-3.506796440277101,0.1451296112502232,0.1431019986545556,0.5357142857142857,1,5
-0.38560689422312272,-0.91693378643258094,-0.10266330613226826,0.92151008746775609,-0.38829459875855715,0.0068163971495552146,-0.046113792110025927,-0.091976822479044207,0.99469280800852911,-12.80097236450915,-8.5804626702022908,-2.8233834898926311,,0.5310315693180884,0.9829351535836177,1,1
-0.9501548576323896,0.30254322411856477,-0.075321604188412772,-0.29764237460663662,-0.95212658519234616,-0.069742258412556449,-0.092815749504567946,-0.043847044483123591,0.99471738364924511,-1.4594327538965028,8.1696735493741777,-3.0825061705034105,0.1290072907854422,0.2980690873353462,0.2777777777777778,1,4
-0.75827821836840625,-0.63009487208399684,-0.16731585615680925,0.64657828155415042,-0.75968312680556171,-0.069412338020022377,-0.083370674523577298,-0.16081666275723938,0.98345682752681496,4.3039119538803625,20.795448338063519,-3.4473453209477767,0.3532538069149782,0.3772238662342399,0.3181818181818182,1,5
-0.255623892372074,0.96661451219419503,0.017686448601345172,-0.96672387180140718,-0.255376719157351,-0.015089300902415951,-0.010068830013783584,-0.020955097900158027,0.99972971474001349,5.0456834496387,1.3638886750446908,-2.2327721309442197,0.1583795397213582,0.1218166776543348,0.2876712328767123,1,5
-0.34825255244797737,-0.90546481534502632,-0.24259766669460073,0.93672714469071106,-0.34595563579717864,-0.053450486057255435,-0.035530495536307966,-0.2458620878304866,0.9686534042961793,14.481930686863778,-3.6778127505855749,-1.4434842619790162,0.3050040605401199,0.2494607118569126,0.3333333333333333,1,5
0.8446795006350527,-0.52552920642800527,-0.10166412542321987,0.53181177862439322,0.84550506504279699,0.047931379109456169,0.06076819335208624,-0.094552832734540834,0.99366341811430148,-23.035351123279938,-8.332115388199167,-3.4358742498185335,,0.06762665352913223,0.1363636363636364,0,2
-0.84961004321305389,0.52556312674202577,-0.04411546532292434,-0.52430455665915132,-0.85071106148472098,-0.037355344115542324,-0.057162105786646128,-0.0086075360402964006,0.99832780387273168,11.436206359873857,-2.0535487843253319,-1.705166234133465,0.4333667096213528,0.1271171303534481,0.48,1,2
0.56967573852275011,0.82172792904011027,-0.015256591166094907,-0.8196948742150072,0.56941998456115495,0.06213850954131922,0.059748356665281041,-0.02289305173681206,0.99795092166798116,4.0844019344607903,-8.9601456557392503,-1.8187658327149505,,0.6092356396788126,0.2173913043478261,0,1
0.80021438266740297,-0.53658402670687044,-0.26783301524507247,0.59700991296432981,0.75511296745573298,0.27089402024134873,0.056886778732407932,-0.37667225629615675,0.92459824017905867,-9.0013924477151743,12.751439224110928,-3.9091919887093298,,0.6119306954919123,0.4230769230769231,0,1
0.98789439775261467,-0.11818840433029688,-0.10047964953590215,0.13316748357449892,0.97833497432912886,0.15851529681030685,0.079568085357353102,-0.16997699575613862,0.98223049265754514,-14.825730120850855,-13.043938491663789,-2.7317822858998513,,0.4643364988871609,0.3103448275862069,0,1
0.64816193127434263,0.76089827678662258,-0.030330236231555299,-0.75853165258565969,0.64863572956350013,0.062461366934235756,0.067200021371885119,-0.017478636010094532,0.99758641450795837,-2.1234164291648114,-8.1759075356165223,-2.2305467660195295,,0.1154650699137056,0.3382352941176471,0,5
0.24629225112304493,-0.96455650238706825,-0.094714733487292507,0.96918083059194349,0.24564927823141655,0.018572822012165251,0.0053520696795227264,-0.096370046213592492,0.99533118585872538,-13.993306908879292,-2.0081295225678355,-3.2574504006947826,0.5246647476671926,0.3777433124832942,0.9472954230235784,1,5
0.97310111563265755,-0.21133712264717913,-0.091710628313666734,0.21721642351912582,0.97430119116337255,0.059617231160065252,0.076754440314786912,-0.077934648833776141,0.99399947002154854,-24.898017996337586,12.081845737253543,-4.8277383985479654,,0.314213163937897,0.5813953488372093,0,2
-0.9886441415053665,0.13291775321615984,-0.070111570707585377,-0.11969603778058038,-0.97859724354070965,-0.16739263267585969,-0.090860442474965816,-0.15709966840987755,0.98339416013049441,0.57533649363418726,-6.9070227699481181,-2.1208649689553756,,0.2356774431338674,0.25,0,5
-0.73308827254654729,-0.67184673058455158,-0.1058468481229788,0.67638222621412958,-0.73648489640575587,-0.0098529908059553917,-0.071334905315267011,-0.078816038780524095,0.99433362777018153,-2.0932059966471845,10.006716857385555,-3.252980162926431,0.09601450420799899,0.09755527431156705,0.4918032786885246,1,5
-0.99528659832967814,0.054568038219588839,-0.080168050931793369,-0.036776037719372108,-0.97729981418902179,-0.20864466500672046,-0.089733551333937775,-0.20471297562921797,0.97470020384425415,11.65550033129955,3.8122806673123484,-1.9972096095479481,,0.2681963428208196,0.2105263157894737,0,3
-0.27343156341140196,-0.94924782560249921,-0.15544692251480502,0.96111703156001171,-0.27610370303024645,-0.0045603528654785007,-0.038590565889457841,-0.15064962914628399,0.98783371954110732,-14.323334832730644,0.57152961156069182,-3.4458377369131523,0.2092108441702155,0.14912875358377,0.741424802110818,1,5
0.54107855479606382,-0.81278413608322597,-0.21590726173810837,0.83662122589597832,0.54631861783909741,0.040011150729394838,0.085433728234900655,-0.20228177360756847,0.9755937485173134,-20.669985205509189,-7.4349290341121508,-3.3471352955913622,,0.1903683871666967,0.3142857142857143,0,3
0.89459380843184577,-0.408469290277168,-0.18125881169165919,0.44181610837830654,0.86932387787530763,0.22152769969754546,0.067085350806673397,-0.2782603713364587,0.95816007089151967,-18.603459827452987,8.679185988124491,-4.2224285139438429,,0.430016282226984,0.3333333333333333,0,1
-0.99583909568179652,-0.031588310476741037,-0.085479086055512868,0.037907773468977377,-0.99658582737588308,-0.073346365855104498,-0.082870357922995949,-0.076281500475221115,0.99363657162111496,-6.1674673426187878,12.427507657158614,-3.6883524557891825,,0.07660119765670761,0.3076923076923077,0,1
0.053784039359685509,-0.99245797603247088,-0.11015644747215919,0.99848782763559474,0.05219590874240003,0.017252396184455305,-0.011372562319291034,-0.11091777549196441,0.9937645153184973,-8.7724857953999518,-15.029733816050875,-2.3170491685305015,,0.07646013653032523,0.4375,0,3
0.9904600165175832,0.11176665407954579,-0.080605029097770758,-0.1061610859717257,0.99182692276923901,0.070775554363116944,0.087856584871557522,-0.061543239319732018,0.99423017968111493,-3.4881113656398139,-14.796833418967877,-2.0052963573904723,,0.1082279541004688,0.1891891891891892,0,5
-0.72765236575039227,-0.65845786802704964,-0.1922375370502041,0.68292171109255084,-0.72170109691530804,-0.11298434948993023,-0.064342607471866958,-0.21349651693766003,0.97482268445046338,-2.0598480728116644,13.789723822686877,-3.4769479728850294,,0.2469706578292823,0.4137931034482759,0,5
0.71102547452371145,0.69427286574665237,0.11148077173334263,-0.69971600053186478,0.68290173026207002,0.20986363526052476,0.0695722155606842,-0.22722327057984598,0.97135435971069595,3.1592499752468446,-17.565533989717149,-1.4681569682223294,,0.290777325463343,0.1428571428571428,0,1
0.49375947829222699,0.84908552548965655,0.1877640753726379,-0.8688248325828235,0.47257709757717703,0.14769663886819065,0.036674076457590153,-0.23606070670377394,0.97104601068461127,-25.307930243779811,-7.9288898122321134,-3.6248697860826495,,0.3950671541800943,0.25,0,2
0.98074514122707113,-0.15420994499483745,-0.11982596056022922,0.17893090676992418,0.95539371192423472,0.23496081762312149,0.07824767448292072,-0.25187724804023542,0.96459066621945577,-5.3318052978620782,-5.4335488830911283,-2.5493310152794786,,0.1197414637170421,0.28125,0,5
-0.95224405828712599,-0.28718165840998483,-0.10372053089796041,0.29386137106288479,-0.95421371930858856,-0.055871929269638118,-0.082926160250584149,-0.083683170089096412,0.9930359404321345,5.1371945239609342,16.49499036328956,-3.1570906149313345,0.170064431427916,0.1357161511474058,0.3333333333333333,1,5
-0.746811605939253,-0.6352635906727726,-0.19675516664110676,0.66441783326515214,-0.7254657430705892,-0.17957839087785202,-0.028659519773965216,-0.26483886798688372,0.96386669510350442,-27.612016824673766,-2.8263724115412767,-4.0235012321781056,,0.216609549828838,0.125,0,4
-0.87954122170405069,0.47401364561325471,-0.04145241966131108,-0.47188390262159896,-0.88013030144312043,-0.051925282168241695,-0.061096822912121637,-0.026109696552695079,0.99779028957791083,3.2939137339922477,9.8011802073217105,-2.8669813130999175,0.2484734015300709,0.1144823090966381,0.3421052631578947,1,5
0.53117431424842509,0.84647349555732576,-0.036557751594937307,-0.84505623320615597,0.53240955681208257,0.049193765200324022,0.061104914713451391,0.0047628913617239277,0.99811998490348763,23.699065992985041,-1.4979918287515515,-1.0485488758555412,,0.1375092705821233,0.3181818181818182,0,5
0.87091534996300124,0.48855461092284236,-0.053111630975279246,-0.48410737771744566,0.87149888348004168,0.078292674833478321,0.084536974386138442,-0.042474559904399113,0.9955146466640088,-3.1759026552552538,5.9292174690191866,-3.0616864555546819,0.2871197596145147,0.2223084356183095,0.725609756097561,1,5
0.26980286332169218,0.94974266940272656,0.15873020147155081,-0.96214341420080396,0.25929824809213153,0.083931335306734745,0.038554707279869364,-0.17536613256878944,0.98374806434088058,8.1001408104137465,-9.6149153475081128,-1.5058436902959629,,0.3289968945463452,0.3571428571428572,0,4
0.72372212925581225,0.68973925160025895,-0.022046415294723145,-0.68059630408171512,0.71868122614399943,0.14242881049305672,0.1140830859318875,-0.088074173229568453,0.98955949266033794,-2.6046282143392538,8.2095213182659705,-3.1702712770529669,0.4804186920064001,0.2457194676692804,0.7777777777777778,1,4
-0.98782707261250757,0.15179163768515938,-0.034014310850895901,-0.139838928547455,-0.96230942444290624,-0.23325017833018535,-0.068137718456842022,-0.22565431606158301,0.97182168167121918,-19.279449105389258,19.441378559750312,-5.0020588449470651,,0.329461697836893,0.2,0,3
0.36216442999002374,-0.90660794645104159,-0.21656167038935295,0.93149810222842211,0.36046742331882226,0.048729070078730279,0.033885265158323602,-0.21937472087210672,0.9750520604805859,-10.773092316485757,25.149508029365762,-4.7973048722506597,,0.2619576004852034,0.3333333333333333,0,2
-0.70465037391717933,0.69452349534921121,0.1452754795080444,-0.70943483666946394,-0.69336950410593545,-0.12625744847595954,0.013040822755848355,-0.19203084435528159,0.98130224281719003,-12.433387316853445,-24.332108527639853,-2.1484761163239878,,0.4796041192990955,0.25,0,2
-0.14997741514622584,-0.96953922164458617,-0.19365038765483161,0.98852132745694266,-0.15065908396663999,-0.011288293985251392,-0.018230746249705738,-0.19312052742042435,0.98100565838329212,9.6363922660406232,22.15807045581019,-3.203119168877826,,0.2240700773046695,0.1538461538461539,0,5
0.99095754148238313,0.11964520376824039,-0.060730356449183225,-0.10048585650253222,0.96170556438771349,0.25500000013462781,0.088914248701437743,-0.24659163132791811,0.96503203249264913,-24.211386250504269,-9.3211350562273765,-3.4668273698334766,,0.3161255053073523,0.1739130434782609,0,2
0.71091357692303947,0.70084721330212829,-0.058438598144802241,-0.69885203397820961,0.71330423257909825,0.052942481895569188,0.078789090304484527,0.0032024040007679077,0.99688616394130358,10.873912443148781,-2.1106825784729644,-1.7364367158402603,0.6744480687114424,0.7902404926758995,0.575,1,4
-0.0033991625006256211,-0.98617065425687633,-0.16569817855624885,0.99988102849816429,-0.0058448761282853118,0.014274672413014288,-0.015045748361188663,-0.16562994326391953,0.98607319573682917,-15.353164351075108,0.45603782632195705,-3.504508398406879,0.1414651052512875,0.121603809492213,0.4807692307692308,1,5
-0.82731654110671315,-0.54579062935186551,-0.13289066830638172,0.55909563708056975,-0.82296450131266186,-0.10070500571804891,-0.054400454122130723,-0.1576135098616073,0.9860013043096898,7.8235602550507224,3.3411487430780604,-2.1900074151599132,0.8121993062665009,0.6426312915355273,0.5412844036697247,1,5
-0.81686079511881493,-0.56600224802744892,-0.1112649838256926,0.57112683721400026,-0.82065763056631469,-0.018308173235342798,-0.080947990782912232,-0.07850164725122985,0.99362211839665349,14.519083598150898,3.9232777620296582,-1.8689584629252782,0.1983253460145209,0.2711530551492639,0.6981132075471698,1,5
0.56838776373335687,0.8214560098199436,-0.046318181839210909,-0.82047082378487668,0.57010418801039731,0.042530484722976034,0.061343111723805216,0.013828909707647047,0.99802093359825828,-4.5605682756713088,16.866641092905372,-3.8403605348554382,0.3529705583809336,0.3674183698100572,0.5698924731182796,1,5
-0.5250717202201084,-0.83452451615618894,-0.166938673049039,0.84832625503059278,-0.52892228086568915,-0.024161660323870474,-0.068134085822481122,-0.15430506387709655,0.98567118939888854,8.6355519683623054,-1.6526613214495927,-1.9012299093199243,,0.3793102113162547,0.16,0,2
0.78011576609793243,0.62327308001404713,-0.054314447573730273,-0.62123541136563143,0.78198273398846874,0.05069090065579572,0.074067233989202813,-0.0058027126177269128,0.99723636785642022,-11.968968763314338,-12.380258497374186,-2.6015313475996282,,0.07507764258991111,0.2857142857142857,0,1
0.33981911335142406,0.93748593839214001,0.075120473361522486,-0.93809216314621824,0.33216851677385378,0.098220007676165011,0.067127219849326084,-0.10384696327416304,0.99232542271879454,-7.2690710205864582,1.5133833757484143,-3.0200279640988206,,0.3857554193955672,0.2061855670103093,1,2
0.46208277275496279,-0.85940881705448791,-0.21885153938706908,0.88649912930942354,0.4544303679329319,0.087248693021576534,0.024470489507131106,-0.23432781710532061,0.97184961247815294,-13.395056533840828,-16.554464010786084,-2.5112445413937325,,0.08551372924766081,0.4117647058823529,0,1
0.36097289036614971,-0.92529675994446758,-0.11629479118592725,0.93241928414270525,0.36038319533448504,0.026799833568748804,0.017112889280126938,-0.11810951933175066,0.99285310618626244,-15.502528635586311,-6.5081119517085879,-3.0860704061891,,0.1571798501148118,0.6326530612244898,1,4
-0.90966114416669397,0.41033264686590115,-0.064371746204094457,-0.40957316404189964,-0.91192939459453159,-0.025191319361202384,-0.069039308296419133,0.0034493753745331547,0.99760797697265702,-5.2291988535385752,-18.147352108407702,-1.9638462711373486,,0.1605264348857929,0.4375,1,5
-0.13913963594144635,-0.97104131257189852,-0.19421362204728299,0.98987356186654452,-0.1419507459035976,0.0005632539852898097,-0.028115711403438381,-0.19216855886449119,0.98095909790175384,-7.3643999104349449,14.17960528588314,-3.8967339674418677,0.6516963211695104,0.5111139669406809,0.9530201342281879,1,5
0.66083932470377682,-0.73397009502601462,-0.15677782538534865,0.74895213201615318,0.65843113255671992,0.07442545013994635,0.048601346416684475,-0.16660235078646984,0.98482565250855825,22.042201701634134,16.894784422489785,-2.1433277339396053,,0.3208285506672737,0.5,0,4
-0.99223602387437737,-0.095230149748287057,-0.079993071605508795,0.10305412104579388,-0.98961969319874044,-0.10016342131092451,-0.069624141369528394,-0.10762937058326486,0.99175016890666878,-17.076969162356175,21.063697000445696,-4.9622717697908865,,0.2568417730352357,0.5555555555555556,1,2
0.36597904137347087,-0.90587932607779553,-0.21317126415207338,0.93061370808927435,0.35727337718716479,0.079459802854070533,0.0041794248031485686,-0.22746072306689719,0.973778286813892,13.132870213408278,-4.1383927892164563,-1.5000361628290839,,0.4555936884758467,0.1764705882352941,0,3
-0.3869800720574148,0.92057070906593896,0.052877154237649757,-0.92190843939960765,-0.38513611170831408,-0.04189277768281021,-0.018200362474917103,-0.064959564869503203,0.997721906012766,-3.4320615273049713,-8.7626120942211045,-2.2634870174975705,,0.121869825498067,0.4054054054054054,0,5
-0.46997517740905853,0.88196881234390012,-0.035416756938106635,-0.88208012500994615,-0.47075633438067604,-0.017975725379135613,-0.032526691835490826,0.022792272663296229,0.99921095201417809,-6.9853964597238027,8.95790438081902,-3.5315078567493532,,0.1233656551804929,0.2545454545454545,0,6
-0.46819697846682407,0.88180232274212766,0.056712017783926177,-0.88308335767340584,-0.46470068934285941,-0.064938838336815491,-0.030909104723364465,-0.080485606979505978,0.99627641461310368,2.5410132165329635,-8.4585165803690447,-1.9306600849355862,,0.2179354868812801,0.2264150943396226,0,5
-0.98259602440836535,0.17284835466230913,-0.068033073628987764,-0.16666567140004426,-0.98208003217981688,-0.087985023557776348,-0.082021989695734349,-0.07511495646156352,0.99379582235091435,-6.261195344087473,11.445831923719114,-3.6146228809605829,,0.06987124708781603,0.2,0,5
0.80621138486825772,0.59152514383349841,-0.011009410591223314,-0.58800518625868703,0.80319246409506284,0.095560277070494554,0.065368982259892169,-0.070568192790107176,0.99536276117034128,13.388271030151646,-20.581602848100069,-0.70792588849340743,,0.3431249061415532,0.7692307692307693,0,5
-0.71798709989140985,-0.68845405480749278,-0.10259404860246357,0.69252397342207017,-0.72137178738374608,-0.0057698009054415892,-0.070036209386510825,-0.075191480806683891,0.99470657512095884,-4.3720438121075533,-27.99435881806335,-1.5075480960214236,,0.1484073075165212,0.5185185185185185,0,1
-0.99394024950222803,-0.0024508048871743713,-0.10989437644780721,0.011991263810521459,-0.99620237327075734,-0.08623828083824675,-0.10926568542627575,-0.08703347083228867,0.99019502369139922,3.3824444744717295,15.92062247033958,-3.2165691556847675,,0.1624455480838702,0.1666666666666667,0,5
-0.71676982287488589,0.69726418164226323,0.00798010116787151,-0.69463336528840158,-0.71297016342487662,-0.095697616971452709,-0.061036946548910301,-0.074136408495757283,0.99537846274235597,-22.680675855879311,26.283171066297982,-5.3358370229227097,0.9612968953313511,0.7289087493082316,0.8571428571428571,1,4
0.95168508342094305,-0.28120449075643744,-0.12336748506994853,0.29782271750100719,0.94312417511023583,0.14771059292735736,0.07481397552855068,-0.17731560760702619,0.98130629487666277,-12.157228993167507,27.520819321490723,-4.8514676584976444,,0.385530298936442,0.4074074074074074,0,4
0.0092505522932135702,0.9992107107753182,0.038631370078674905,-0.99980982011840724,0.0085789918320922035,0.017513551722742708,0.017168310256714541,-0.038786033195338736,0.99910004141322173,5.0201396846999868,6.5197939613760614,-2.5179665574392645,0.5087789649542922,0.248325030824077,0.6375,1,5
0.92034679266069663,0.39063243487034316,-0.019185464978322308,-0.38181875157557521,0.9080418594716293,0.17226265524649881,0.084712585749914013,-0.15121601196491063,0.98486420157349142,-1.0912527707664448,-12.508044488599586,-1.9568427444633858,,0.09928727252928528,0.2878787878787879,0,5
-0.28107605324492729,0.95903937234674519,-0.035209864825294868,-0.95965048452647961,-0.28118996053649226,0.0017758495373875352,-0.0081975508750014876,0.034288312618831807,0.99937836267221902,2.5220118254335495,-6.6790146531844696,-2.0213822453054369,,0.09569800601271568,0.2833333333333333,0,5
-0.24500762670516518,-0.94409506453721026,-0.22058053398426339,0.96888089074209049,-0.24669173984466899,-0.02032252561133268,-0.035228999575853841,-0.21869543801572675,0.97515702478113442,-13.399497500011577,11.788864076540126,-4.1136559088630573,,0.2158753792372193,0.1363636363636364,0,1
-0.43649101748330427,0.89274538952962079,0.11171956466972884,-0.89920829464629626,-0.42873145705411442,-0.087256980073542767,-0.030000574922629055,-0.13854604724011463,0.98990148918892451,7.2584037847320939,12.244337260354497,-2.7354545118450089,,0.299388844525457,0.1176470588235294,0,5
-0.52550675894913534,-0.81064654050298623,-0.25825342721697508,0.84073879478341129,-0.54131650119209052,-0.011607087631659839,-0.13038759620803922,-0.22322327814923743,0.96600747556496469,1.10866977919751,-15.320203414748079,-1.6793712843724027,,0.1847760649783331,0.2307692307692308,0,5
0.86819192968811321,0.49301799639893773,-0.056356263637750939,-0.49005251396957639,0.86970140383243533,0.058889742094789484,0.078046824256526079,-0.023510070154498533,0.99667244861328574,9.7088337383830901,-3.7956814494359565,-1.719711231309492,0.3362559497652456,0.1019483539118435,0.35,1,5
0.93915286460388303,-0.32845062191989249,-0.10055886766842875,0.33690221222420413,0.93786056874100199,0.083153189952293372,0.066998479869010044,-0.11197206152090178,0.99145018086336634,-15.697693036320143,13.892910819223209,-4.4131117360991983,,0.1293206753739601,0.3333333333333333,0,2
-0.42646901882423949,-0.87212856735040623,-0.2398248068787267,0.90304863678198699,-0.42556982234414154,-0.058253634360195747,-0.051257541779585865,-0.24141683520687615,0.96906685842072349,-15.087440998360711,-22.82096226527915,-2.3608518850437608,,0.3742703732848435,0.525,0,3
0.93255047493973109,0.35622126945158084,-0.058787914404125952,-0.34928866106970735,0.93136217279162081,0.10277127196353672,0.091362152655319273,-0.075305446570458692,0.99296628682901977,4.7898665866728747,19.70535481491039,-3.3485852086060199,,0.114675111581521,0.4166666666666667,0,3
-0.56564568181585473,-0.80812386707938666,-0.164258266457845,0.82248084532082655,-0.56728650490015708,-0.041367625487871415,-0.059751332398679108,-0.15849869657137178,0.98554956316857079,15.064460111575572,19.281374405005355,-2.6824907238128208,,0.2460960173201343,0.5306122448979592,0,5
-0.1250728600072451,0.99127968818737011,-0.041489269417015646,-0.99213793101698566,-0.12477801001757947,0.0096319288508511722,0.0043709869529762512,0.042367770807566457,0.99909252147629168,-13.698557254297176,6.8118778594076428,-3.796193997801891,,0.1406707930049204,0.5119047619047619,1,3
-0.86282914212662809,0.50499709273191085,-0.02244566393194302,-0.50115164143940361,-0.86037937615892135,-0.092705778476738457,-0.066127934941439384,-0.068740565990574959,0.99544052097936908,3.0532638105203924,10.926449509981838,-2.9566888147657826,,0.1109638388674277,0.3478260869565217,1,5
0.99589328637469565,-0.010997694785660784,-0.089864413775472551,0.039040503545899184,0.94773221984580802,0.31666935208355673,0.081684767470382932,-0.31887723370529047,0.94426951056770403,4.3766548854920133,2.3342113836011156,-2.3243447863795774,,0.6152066924135375,0.3157894736842105,0,1
-0.18361524182529301,0.98091009630341119,0.064037691553269549,-0.98299538938151854,-0.18306915583542163,-0.014343940755013624,-0.002346790173064666,-0.065582521693959311,0.99784438938350783,-8.6520681914311037,-11.134117478676806,-2.4845071143363189,,0.416311418468607,0.2777777777777778,1,2
0.54843442400586062,0.83285083434048446,0.074693843814052849,-0.83155047053027653,0.53380867222258899,0.1535321348149378,0.087997144989115719,-0.14631400889291124,0.98531655485709224,-34.279262794274814,-1.7727062685710413,-4.5006074357076287,,0.3571774315173675,0.5217391304347826,0,5
0.48355030349634565,0.87529399569264821,0.0062868985191922968,-0.87144531442098871,0.48072453027419215,0.097401180518318808,0.082232402143539982,-0.052577058657325808,0.99522534379940697,16.513779477615245,-6.9774932970143215,-1.1670266152459514,,0.2190685676658149,0.3529411764705883,0,5
-0.18417157739138587,-0.94007082469037562,-0.28696284541230344,0.98242351306044229,-0.1850965817581863,-0.024151530125730888,-0.030411692934589948,-0.28636707210744738,0.95763721155010484,-10.239477100115185,16.501134061150463,-4.2591315226699402,,0.442654592835287,0.1956521739130435,0,1
-0.89237872889252101,0.44517545136752018,-0.074020414210494045,-0.44643377963387448,-0.89481652957252233,0.00050872939845878179,-0.066008216321772076,0.03349919258000271,0.9972565966061625,-1.0893589866476099,-2.2120567314007724,-2.4199563720301898,,0.2797937239794964,0.7891373801916933,1,5
0.9232998926458974,-0.34892385349359684,-0.16052866629750123,0.37806601733004108,0.89932617057452535,0.21972374805642336,0.067700773852864188,-0.2635613465266492,0.96226400838687942,-2.8509401909122287,20.218673309568825,-3.9005211055049398,,0.3146172525441903,0.2580645161290323,0,5
-0.11515145483340787,-0.95083079693721395,-0.28750815300698912,0.99327052625099022,-0.11382769420090232,-0.021375633651082721,-0.012401779341248855,-0.28803480975161067,0.95753963063704217,-21.867505111961169,-7.5029832717242568,-3.4068746191962433,,0.29199349173271,0.1428571428571428,0,3
0.98837637815644652,-0.10839310848960144,-0.10659769760321668,0.12054674988922101,0.98601338455199161,0.11509164424697696,0.092631615518088212,-0.12660386848863905,0.98761877477608817,21.539355723107768,-1.1650522917399031,-1.1785084323798245,0.5507267741277164,0.4778788298137682,0.6451612903225806,1,5
-0.57052911944758755,0.82017876391292466,-0.042465504690605456,-0.8205544757130081,-0.57143341627406286,-0.012417856204067806,-0.034451070371055673,0.027760511371754497,0.9990207594232805,-20.845093288413217,4.3581428791581489,-4.0821077442708269,,0.1073725034981467,0.4230769230769231,0,1
0.47678296045966967,0.87901387586152135,-0.0035517120123883328,-0.87742387058976179,0.47615622451008599,0.058331819614870772,0.052965648628088599,-0.024695260743847605,0.99829093162374238,15.874659376311305,-4.2858509545432613,-1.3384687014689844,,0.5677090270203352,0.3076923076923077,0,1
0.93487347596985193,0.35480813646104836,-0.011080172791270871,-0.34616238551087058,0.91811861555996388,0.19295028017517621,0.078633242241878273,-0.17654856007142489,0.9811459723971947,-2.6734185195899078,21.113383509007853,-3.9218672467094331,,0.2804507708846981,0.1666666666666667,0,4
-0.52945335425538076,-0.82805080738960291,-0.18442073107205784,0.84491733273871639,-0.53421227527611703,-0.027054496521044125,-0.076117320666319196,-0.17014436612988462,0.98247496058110306,-18.667167795170428,-5.7828048405192298,-3.3292451968922423,,0.3681701701703681,0.9520958083832335,1,5
-0.58784003156438924,-0.7995009204491168,-0.12346001575973335,0.80671260215411622,-0.5907389584590278,-0.015564719222623759,-0.060488633776220234,-0.10874631561464063,0.99222747594698701,-7.5081543382229965,-7.9190465842191626,-2.5388674386496946,,0.1067369707795729,0.3967391304347826,0,5
-0.67869615089043989,0.73382512577452774,0.029533363311676358,-0.73253510986301495,-0.67352885153557518,-0.098748159310187461,-0.052572308152505132,-0.088654221169483294,0.99467410818033786,-16.687560826489481,4.6019976645662162,-3.8310020663706523,,0.2843576811360947,0.2666666666666667,0,2
-0.65424306849419633,0.75578362395363929,-0.027515833456421782,-0.75519905129785003,-0.65482011266229467,-0.029749167581074525,-0.040501854847959685,0.0013167446385691081,0.99917859561613476,5.4831256106533237,-13.274580690942638,-1.5086200978684579,,0.08908866135511535,0.4782608695652174,0,5
0.56098871182402743,0.8250037189536984,0.068268066609395439,-0.82541946784898623,0.55117408288584491,0.12202390114581772,0.063042583242714736,-0.12480382232734118,0.9901765694211162,-8.0272259656036127,27.827404260158076,-4.627960903912574,,0.2871669650759791,0.5714285714285714,0,3
-0.015165123124741624,0.99980856443127919,-0.012363394779540668,-0.99910290355426001,-0.014663142316777901,0.039728835457941113,0.039539943728559707,0.012954796303348929,0.99913400808033792,-7.3573001580034258,-3.7105454270753082,-2.7505076944885594,0.4799363037158058,0.4001914270843791,0.9520707305723592,1,7
-0.33061383604865618,-0.92345222406160898,-0.19475749353711869,0.94279814418113594,-0.33250983024732234,-0.023851040176568444,-0.042733485018186364,-0.19150248735869096,0.98056139358718186,20.172378648984299,11.008042083312718,-1.9544065503293422,0.4122109859136807,0.3094707347421567,0.1,1,5
-0.97107046836996114,0.22667392037335629,-0.07510711871931329,-0.22612623786449151,-0.97396937136354489,-0.015829977730637882,-0.076740276315603331,0.0016116663036634543,0.99704981446401686,-17.754115524852399,1.8432435442311401,-3.7394214848615279,,0.101090131515361,0.1212121212121212,0,1
-0.7623669496842288,-0.62991353331677513,-0.14834276043521372,0.64352563183296274,-0.76212679318860399,-0.07097543432794319,-0.068347605687027371,-0.14957169400802417,0.98638578312363145,7.0203139088500119,5.6352386218037163,-2.3575850820387694,,0.2258311756136652,0.2142857142857143,0,4
-0.75726048400850454,-0.64177546949896291,-0.12116437640078129,0.64834997206149148,-0.76105266933665039,-0.021003528832599639,-0.078732922510648645,-0.094462062463955637,0.99241022045723992,-11.293373444313302,-15.195090547720875,-2.446122554475092,,0.3521262518175272,0.8311688311688312,1,5
-0.39950296629058468,-0.88852631265847826,-0.22565099520842261,0.91613701027514882,-0.39582616263929044,-0.063361087225252036,-0.033020574330801446,-0.23204017040974093,0.97214556573955657,8.104477369621339,7.3237229500987899,-2.4007749468297774,0.6785229880535194,0.3151255567440747,0.3636363636363636,1,6
0.64783019951960108,-0.74689291740507613,-0.14988996804498822,0.76047548207035331,0.64560541190920595,0.069790352366272554,0.044643854675168779,-0.1591999436045079,0.9862364342266331,-11.338334921139232,-13.373466599215075,-2.5374324652932194,,0.2041869898687886,0.6162790697674418,1,4
-0.29451530204925147,-0.9301486069324526,-0.21928133956280119,0.95484643730762453,-0.29580597123558172,-0.027696724396787224,-0.039102660008950081,-0.21753711500107883,0.97526846846252158,-38.372938527558993,-12.258009798923799,-4.2372353308391055,,0.508347074354728,0.55,0,1
-0.38687441665007694,0.92158089304547952,0.031887980731917266,-0.9219904816420248,-0.38597682087727464,-0.030910281573938828,-0.01617830347009655,-0.041358811866019231,0.99901336886843572,16.621548710476038,18.378662912075139,-2.5257164176098801,,0.1950786566075748,0.25,0,5
0.9963128532255352,-0.015833825510537955,-0.084320747549431918,0.025461012810020757,0.99311383731876179,0.11435315016514677,0.081929453338107625,-0.11607840494987205,0.98985522607097098,-25.230971605441578,20.879973248572689,-5.3414457537199134,,0.462606784842544,0.16,0,1
-0.99282746005938627,-0.043074663553415993,-0.11152671389307565,0.05810020913803611,-0.98911425231188654,-0.13519379265193654,-0.10448923509215877,-0.14070383517608309,0.98452243779235304,-6.144460331438518,4.6815723846047339,-3.1709043309197527,,0.1776113495458477,0.2857142857142857,0,4
-0.50010029472396855,0.86183644387785041,0.084484550191029198,-0.86545942344358762,-0.49408111942285099,-0.082848257691734289,-0.029659426658200268,-0.11455038818722264,0.99297458526211246,-22.904287235962965,12.076176166679668,-4.6963657172395052,0.5323194695083943,0.4376005284903326,0.631578947368421,1,3
-0.019457962475449175,0.9997696943385268,0.0090524018111732846,-0.99971662441181086,-0.019579521215914313,0.013539321386549827,0.013713444897498856,-0.0087863889740029781,0.99986736160244749,-4.5900463486677952,-6.6011081069906137,-2.4365637755672132,0.3169848213164001,0.1704721528668174,0.4832214765100671,1,5
-0.51141759038365864,0.84723451590797838,0.14368619732022117,-0.85895220303986175,-0.49902191399910567,-0.1147965253900886,-0.025557017414799741,-0.18212853813403992,0.98294253873663318,-1.1731299361570715,-9.8300521599770576,-2.100265039879456,,0.08979676324570465,0.3,0,5
0.99616671657124134,0.030225513734395065,-0.082087094693159585,-0.02651776310299174,0.99859450273754291,0.045889294420083986,0.083358749005041269,-0.043536621617340003,0.99556811999102457,-15.8988672744343,2.325292115203581,-3.6462116434076717,,0.08749124840224927,0.4918032786885246,0,3
-0.99268561831631086,0.096553041151186,-0.072476019705968786,-0.089852328196888917,-0.99182305426073913,-0.090628848356892347,-0.080633878150323163,-0.083453815259432004,0.99324399742111835,-0.79358124423015686,12.290681318386952,-3.2820937013687197,,0.771956114550555,0.6388888888888888,0,1
0.24104588173214722,0.97037027131973641,0.016685905394431887,-0.96985839279940489,0.24021580282237709,0.040878674036170244,0.035659231855527905,-0.026036601415336334,0.99902478175979803,-0.3165451298934337,6.7811881871652879,-2.8888097497992593,0.1585815502538272,0.09687199691017299,0.4320987654320987,1,5
-0.71488171649724719,0.69859546085682755,0.030141557494363976,-0.69778280881075017,-0.70993675839408632,-0.09533598905490609,-0.045202689589555888,-0.089186216149882092,0.99498871134437361,4.133094336068095,-10.588314078512147,-1.7184310292474858,,0.1041672217544447,0.5263157894736842,0,5
-0.38531030736897992,-0.90641811600869471,-0.1730380478578927,0.92092714939690512,-0.38961220021635318,-0.0097733794699276025,-0.058558966340886365,-0.16312121999856585,0.98486664835766824,9.3766120017629291,11.497179623281225,-2.5603021302357138,,0.136858423438025,0.25,0,5
0.6520047925740512,0.75770675071110083,0.027753024831455635,-0.75525039958302542,0.64578681165925023,0.11205457517059378,0.06698197063501761,-0.094020603134670838,0.9933144224242616,-3.1569408851849019,-23.422975078965688,-1.5985659832918644,,0.198817735022989,0.1875,0,3
-0.93075401473154806,0.36480333947910559,-0.024809021867011342,-0.35597831789956907,-0.91955582033088634,-0.16642274628482942,-0.083524854064516194,-0.14606716537430242,0.98574235069465188,-15.092117488684446,23.995648663114984,-4.9633039898399733,0.533337083215378,0.3601711456966787,0.4473684210526316,1,5
0.99640684917392741,0.013505048325756313,-0.083612227508930367,0.0098348350336014707,0.96207815161256671,0.2725965997763164,0.084122927547417181,-0.27243943154298789,0.95848843978494902,-3.6758076707182279,20.566831230014422,-3.9896946979964842,,0.1521101685691922,0.2380952380952381,0,2
-0.99297259857902909,0.088574198113415534,-0.078485857960365821,-0.083476986043350285,-0.9943210305877187,-0.06600970331773004,-0.083886895712784681,-0.058994063765279353,0.99472744466418028,-0.33874828734636503,9.3659084387370957,-3.0755634415442339,,0.09214478620356763,0.2045454545454546,0,5
0.69785267457825706,-0.69361858322534986,-0.17859144881105471,0.71464439467254703,0.69094528372788455,0.10898625627712087,0.047802026600156741,-0.20368572826452952,0.97786864677944685,4.1021384495483497,-21.281161604201031,-1.2302249410507053,,0.1714276649084551,0.5333333333333333,0,5
0.45391787226292735,0.89022243916644195,-0.038243614432325018,-0.88925415437889277,0.4553075626408562,0.043841445253601494,0.056441245204001692,0.01410787746596321,0.99830624240922605,6.279593730065554,20.969366823275553,-3.3346470618952275,0.347239254141845,0.347168228434341,0.875,1,5
-0.63751518617831482,0.76360463555386326,0.10238333825714888,-0.76904850813816039,-0.6227445977003162,-0.14406095295234914,-0.046246940682557358,-0.17057879878730756,0.98425814392454025,-16.295453936956338,19.875336076073189,-4.8447118067549368,,0.5031955636812777,0.1224489795918367,0,4
0.96802113345758822,0.24555827377973416,-0.051344126809246937,-0.22929335202965795,0.94907694919076235,0.21604977026083447,0.10178233586674237,-0.19736787654801641,0.97503142380768315,-18.71990126464695,11.388524088790552,-4.4290785737582761,,0.5819509892230278,0.2571428571428571,0,2
