axis_00,axis_01,axis_02,axis_10,axis_11,axis_12,axis_20,axis_21,axis_22,location_x,location_y,location_z,dbh,dbh_approximation,score,reconstructed,number_clusters
0.10183952588886576,0.98991540970162384,0.098469246986038678,-0.99438549895031603,0.098437069688428289,0.038828118528799853,0.028743528733648407,-0.10187062847760361,0.99438231310171465,-4.0173301205728515,20.024940479592281,-12.701874662780314,,0.3308482570937504,0.3703703703703703,0,5
0.79587343824501999,0.60427180503900302,-0.037961242484348019,-0.60036215349889022,0.79573713690438908,0.079797829528003891,0.078426748894909928,-0.040718479663545699,0.99608797325922172,2.1205550390692496,-31.995293341092331,-13.396776570642976,,0.3409503894322173,0.6428571428571429,1,5
-0.91491030243814098,-0.38409733483477593,-0.12413047919576603,0.39662008506840452,-0.91257004323684954,-0.099541068444262207,-0.075044297670643981,-0.14030379025356221,0.98726045187053024,4.4825915554654818,10.60156180639154,-12.470368959534051,,0.08941533109372607,0.3207547169811321,0,5
0.72219843729113986,0.69151487879042128,0.015381468905910051,-0.68974762878192519,0.71833292504837287,0.090807584381257023,0.051745780155932994,-0.076190427239361619,0.9957496638378226,-2.4452507426879824,-28.271442869544391,-13.674627073682117,,0.2211440229540167,0.6904761904761905,1,5
0.9768230577646968,0.21226573434063178,-0.027567586837822736,-0.19993803396035179,0.95081778250913196,0.23658048744663424,0.076429682684790987,-0.22558546604169821,0.9712207272888348,4.3075212850616866,-22.860099750729614,-13.1511410906769,,0.201469587841318,0.25,0,3
0.97711600472236115,-0.18683302525070294,-0.10167464773030367,0.19874533979833886,0.97224821991703536,0.12342483047020618,0.075793160798675624,-0.14080773964461826,0.98713148933276373,-3.9798388311840718,-35.444839878207148,-13.841153947859137,,0.5263090077798358,0.3703703703703703,0,1
0.080958878770226492,-0.97819012988702014,-0.19128442105901444,0.99546795853243675,0.088960895998852207,-0.033608072219990855,0.049891918018156858,-0.18769664028611696,0.98095910604967296,-19.61873959827161,-29.406303961599349,-14.692668449382348,,0.3701418238045087,0.4545454545454545,0,2
-0.44234100879634697,0.88992561143023607,0.11120628605232434,-0.89639845222209436,-0.43478687695090457,-0.086198529483473216,-0.028359245244968051,-0.13781428718315228,0.99005200644074076,16.182523337445346,15.776607994457112,-11.677694740775639,,0.3942667453022437,0.3428571428571429,0,5
0.22479973130986963,-0.93042968543446802,-0.28942301440163404,0.97440492575784088,0.21454817557590974,0.067112748534878752,-0.00034851379839896305,-0.29710213869874219,0.95484564078115097,3.1189713536563803,12.130109013301929,-12.474146654029047,,0.2971107365314004,0.3692307692307693,0,5
-0.61612839918594908,-0.75845628033455081,-0.21243791219468533,0.78635755126877038,-0.60774407812988651,-0.11085547826173343,-0.04502884940949483,-0.23535336479245753,0.97086620932120493,8.0376712327184165,17.510849824551354,-12.070137427745522,,0.08361109635106026,0.3571428571428572,1,5
0.97335310581588907,0.22697356838789903,-0.032660842791113254,-0.21348991599603698,0.9489452570095338,0.2322174734319411,0.083700580443430789,-0.21905683840586407,0.97211538120794039,-5.4070967673845711,11.20019138495536,-13.047409494562416,,0.3114842704224072,0.1724137931034483,0,5
-0.64357873223514939,0.76329138860532431,-0.056503729926028166,-0.7639492674587347,-0.64513457163831367,-0.013524097985149516,-0.046775337132514395,0.034462161249768961,0.99831078691865027,-6.1776255985369719,10.926650922929625,-13.105237994550281,,0.07246241489907124,0.2619047619047619,0,2
0.0072260035275125371,-0.98965058288069829,-0.14331611450536785,0.99991852806113724,0.005642892891296652,0.011449672478585715,-0.010522457558474849,-0.14338717363736789,0.98961072969285191,-13.220076339576387,12.2756018318561,-13.474362085249899,,0.08398964647750641,0.34375,0,2
0.94391961202521246,0.3291395434974187,-0.026132870880966583,-0.32114306115197772,0.93360374200757912,0.15890622134888432,0.076700067197542951,-0.14160230865262863,0.98694776248600735,0.38869303937531735,-25.761402973194702,-13.43956789629989,,0.4127462720317469,0.5357142857142857,0,5
-0.56799713467325141,0.82274545682627442,0.021660292581177742,-0.82198700531284152,-0.56575562114324651,-0.065252894507802778,-0.041432090217650201,-0.05486793614257017,0.99763364592602455,-13.561629874573812,11.417015440481157,-13.508832074399727,,0.3644510337735043,0.8225806451612904,1,4
-0.12252415121379802,-0.98151837574541834,-0.14700173619183443,0.99221188433007601,-0.12449022265794893,0.0042143868751417521,-0.022436777030078514,-0.14534050549192956,0.98912725596853945,-16.159057912801604,11.140456135039036,-13.641003713570274,,0.115642969768832,0.5185185185185185,0,2
0.87759312478458484,0.47931195577943009,0.0095055971788253115,-0.4682862454565998,0.85282280905141628,0.2310871019287159,0.1026562206930963,-0.20725179229273061,0.97288663005740905,-5.6718366597808334,-27.522152020122984,-13.914558197669978,,0.2481048729162369,0.3333333333333333,0,3
0.68130766653313035,-0.71250999214840305,-0.1677777536262299,0.73176115326155711,0.66877614613247371,0.13139284965899925,0.018587041198023863,-0.21229219828547466,0.97702944911943368,-10.500167302705664,-29.725181028525345,-14.194496978321723,,0.361273663889079,0.5294117647058824,0,2
0.99429108841766911,-0.070834133391963261,-0.079798227046820186,0.077461277304791173,0.99351221428451042,0.083266022997370681,0.073382436669250414,-0.088971937227970824,0.99332724334651423,16.822547535258018,18.757967014439082,-11.654371634671739,,0.2715854058826683,0.8936170212765957,1,5
-0.046597268445183838,0.99889899625471013,0.0054304562220018155,-0.99879248177780422,-0.046506213075162249,-0.015835103079584831,-0.015565118617631402,-0.0061617713962154866,0.9998598700096325,-7.7793878632157476,-32.877110903287836,-14.104803822901051,,0.191060016817805,0.7857142857142857,0,5
-0.83792725930852785,0.54267145885250356,-0.058185873325018289,-0.54229344321753226,-0.83986103176228077,-0.023479113494146525,-0.061609492377171227,0.011880028370899253,0.99802962650160565,20.413666414014799,12.584973604590092,-11.463982210288254,,0.4008199575014005,0.6666666666666666,1,5
0.76109695062508853,0.64802990190395604,0.028083411251879822,-0.64506563445352749,0.75165746920985643,0.13748227605078037,0.067983520034352207,-0.12275298456405873,0.99010602754672494,0.10779512184227093,13.493098570999596,-12.624843233466121,,0.1842472757074362,0.3125,0,5
-0.76690410300155387,-0.63122437389244712,-0.11581833448755277,0.63745953559434831,-0.77011687686892571,-0.023776804694703481,-0.07418515538313751,-0.092064030792380971,0.99298578889883427,-10.879071379866529,6.9477454863873032,-13.455350042196885,,0.1611712365568558,0.7624309392265194,1,4
-0.7571606125867717,0.65304024342064004,-0.015692266258745435,-0.65086056986499174,-0.75624162196452682,-0.066926286341612171,-0.055572703211578742,-0.040460470604932547,0.99763451472780595,-12.449148527486104,6.5196078896709473,-13.554971553330086,,0.09637593485260119,0.2790697674418605,0,2
0.63810532264344011,-0.72425896287790481,-0.26128634083153635,0.76885225891070286,0.61749125376703196,0.16604443829628535,0.041082857520153553,-0.30684443324303851,0.95087259535951407,-7.0218215763954444,-27.412539416149087,-13.985912580903593,,0.3865970625645075,0.3809523809523809,0,3
-0.78225969457105882,-0.61110763806689028,-0.12090171605854093,0.61956102963393289,-0.78343195013780231,-0.048769970906499024,-0.064914565457487985,-0.11305677423129638,0.99146571548988993,2.5987723755286978,8.1796993979382151,-12.648528943062587,,0.07233939962232457,0.2807017543859649,0,5
-0.93924391407465535,0.34307356956331919,-0.011017973534365469,-0.33647565218391284,-0.92657736539135616,-0.16804321298946881,-0.067860189810610247,-0.15412628527118891,0.98571805442904048,14.099875875566308,15.17022906314959,-11.786815866418889,,0.156556001493584,0.3181818181818182,1,5
-0.99666568471980654,-0.0099484132932070226,-0.080984825584474548,0.02224618522590241,-0.98806808884940789,-0.15240262150099082,-0.078502357575394296,-0.15369606654181811,0.98499487256771001,-0.1916002301734778,14.593366753337316,-12.60970322534255,,0.204443979928447,0.2105263157894737,0,1
-0.31293134024097519,-0.92381598511867813,-0.22054025014539536,0.94558658409753316,-0.28125071684228925,-0.16359720734308814,0.089106611818349307,-0.2597345951445531,0.96156016546826106,-4.0563142145300173,13.149808384763164,-12.915210065760709,,0.2343599023517824,0.2307692307692308,0,2
0.69622419860535467,0.71646784920456486,-0.044109934623804012,-0.71503114637790899,0.69762011145422609,0.045350190783347996,0.063263931160058823,-3.3923114023208898e-05,0.99799683058785205,-3.3093721728077332,16.694999592760553,-12.794157783782451,,0.08123871527755067,0.2352941176470588,0,4
-0.99388431004873701,0.089551849318168855,-0.064609941360769807,-0.078415108316638962,-0.98431286031867615,-0.15804829577997978,-0.077749913354523428,-0.15201532585552743,0.98531532601416583,20.084689341627683,9.9552741204371298,-11.503916196564226,,0.1486755794999886,0.2307692307692308,0,1
-0.96245657708578169,0.26159176844462279,-0.072436757977816416,-0.26089592333008349,-0.9651784579438053,-0.019075154284105635,-0.074904301706010659,0.00053944715599671823,0.99719058087343682,12.601595952231694,10.222929912863323,-12.043444174616589,,0.2847552594101971,0.8777777777777778,1,5
-0.84516061216875393,0.53346386860766215,-0.033464018418068911,-0.53050693966591134,-0.84483179939288411,-0.069437869357371729,-0.065314061310310742,-0.040933258173876816,0.99702484511190825,-10.982956237414147,14.052962302224081,-13.325346973678696,,0.1062888511566454,0.3666666666666666,0,2
-0.36089858315359907,0.90517148608775488,0.22453684208033736,-0.93231044143989361,-0.34412027932132,-0.11125859131755904,-0.023440423628332319,-0.24949111032961138,0.96809334901476451,15.372358607169986,16.560139933482326,-11.74634665609627,,0.6230846280801635,0.2857142857142857,0,1
-0.84224104640308006,-0.52242569030650732,-0.13304667550004795,0.53476329043156934,-0.84086609550040825,-0.083501093673675725,-0.068251322043216781,-0.1414765264829051,0.98758602131342765,13.037714299262406,8.6767843162969207,-12.035229727548037,,0.1423130768989736,0.5142857142857142,0,5
-0.9899599163415439,0.070342344291253911,-0.1226022782686135,-0.057439893926807324,-0.99273014520654657,-0.10577106118341842,-0.1291511619100694,-0.097666849021559143,0.98680350829305408,-7.5226240888067055,18.597108219775649,-12.937260315122103,,0.338053412440205,0.3333333333333333,0,2
-0.95723301863133514,0.28685482165054438,-0.037673058513706614,-0.28391389440532905,-0.95640531532074136,-0.068423485659776767,-0.055658320182542152,-0.054801314966599672,0.99694481656327893,11.971372463432088,11.451422438199574,-11.993085096131077,,0.3962873232191382,0.6181818181818182,1,5
0.2777162139133908,0.94811023870503008,0.1547923764023991,-0.96028554523273768,0.26946217398116551,0.072400334325244523,0.026932807998330258,-0.16875162830631965,0.98529057226652217,-17.80673216249215,-28.163936861224578,-14.723122780579748,,0.4790897245924402,0.6176470588235294,0,1
-0.76742749229729135,-0.62870359783672547,-0.1256456530622827,0.63796856629008014,-0.7682841501656249,-0.052302705762350667,-0.063648664495575352,-0.12029651146828919,0.99069551166667214,-0.76438622056080174,9.2803240968800189,-12.779993924563303,,0.07080797303127845,0.28125,0,5
-0.91134811523920656,-0.38167460447790152,-0.15417233586666373,0.40498086012369372,-0.8984292173881967,-0.16975112452265376,-0.073723237743734057,-0.21713921258001678,0.9733526835513997,1.7025122461982614,7.8734302457124414,-12.667587625259358,,0.1119385569814229,0.3611111111111111,0,5
-0.93915881665936651,0.34346722476299169,0.0033140012955138604,-0.33583482486787658,-0.91617898820533139,-0.21870306805579437,-0.072081117478440343,-0.20650987163974355,0.97578582968722993,-11.231207392459316,17.243252251924318,-13.193477840237996,,0.2305722713465541,0.1428571428571428,0,1
-0.85098144606394599,0.52477489037044378,0.021021248573892731,-0.52170399987268412,-0.84003855407287154,-0.14886290400231642,-0.060460854871222193,-0.1376464387764873,0.98863438283340788,15.62639000617329,10.865967123231846,-11.805441427054273,,0.1150649808263617,0.3684210526315789,1,5
0.99442300047214016,0.026410772716923547,-0.10210468753432096,-0.0049539606758379458,0.97876551487087782,0.204923217750376,0.10534872759368556,-0.20327453845487084,0.97343777798601561,-4.6868120945725709,-25.361868710474461,-13.803151134516927,,0.2284332790033982,0.5555555555555556,0,4
0.86150478889934345,-0.49011459715716466,-0.13265436425903845,0.50394239077433012,0.85728150862698582,0.10540626996005867,0.062060981978628686,-0.15765816382195608,0.9855416469617807,-3.8289591656503976,-27.038400877214364,-13.793485212374669,,0.176083011530334,0.3333333333333333,1,6
-0.66319797143749626,0.74605967231830095,0.059694355022051795,-0.74642317270643632,-0.65344312303269791,-0.12595448466859513,-0.054962695785840454,-0.12809000859389186,0.99023838128521857,8.7678560845467182,-28.338303061149688,-12.874323433276421,,0.2852626295498216,0.2666666666666667,0,5
-0.48315469517509868,-0.85209850864624259,-0.20122045644791439,0.87367058256406549,-0.48421073937999398,-0.047325183900820064,-0.057107387371726541,-0.19866577821036271,0.97840209263658429,7.6459664977478399,11.232476792474614,-12.269947876850745,,0.1802681969914348,0.3170731707317073,1,5
-0.41497868210323108,0.9093829067449094,0.028555600502263481,-0.90981567760615323,-0.41458424964581619,-0.018850271289077659,-0.0053034122903749493,-0.03380279375724729,0.99941445104235094,-5.3321079511571972,-30.345415521391391,-13.899564993348301,,0.3115834292980141,0.71875,1,5
-0.63681327049734349,-0.7459388702261931,-0.19504886670818719,0.7692844478674018,-0.63166897296820823,-0.095894456871269559,-0.05167491449266437,-0.21111492243552982,0.97609435647237308,-11.489553088114725,-32.073263509362654,-14.283247514525263,,0.4837472750231192,0.5581395348837209,0,2
-0.017094774724788181,-0.96689772442053623,-0.25459096446554996,0.99983178900261582,-0.01822332249990511,0.0020746606697805881,-0.0066454779315732095,-0.25451267360871183,0.96704660518281549,-14.844194231500914,6.1937007604694028,-13.750002364837451,,0.2124336454898284,0.1,0,1
-0.99587531689295306,-0.048847765382590239,-0.076460767851804945,0.050343599031513912,-0.99857406042333463,-0.017758600344857441,-0.075484271473694076,-0.021534661984383155,0.996914431179178,1.4911708238006571,9.8369180779310792,-12.58740565256379,,0.1087149865983334,0.5348837209302325,1,5
-0.95487712175534789,-0.2526108135524387,-0.15619686048252879,0.27778720574984389,-0.94570623725312897,-0.16874235135917554,-0.10509020254009141,-0.20451770020441895,0.97320530189327448,-11.116919512599837,12.06542009480124,-13.371976897186453,,0.3347439140865996,0.125,1,2
0.99484862752353986,0.077570433262638891,-0.06526129172775498,-0.06852988677097982,0.98902512051338587,0.13089295478611143,0.074698480129687772,-0.12574632748883283,0.98924617673731041,-1.715607969771427,-27.059058447002297,-13.603713954096314,,0.2305046922596441,0.5961538461538461,1,7
-0.52291143478854019,0.8515263902210366,-0.038294100387919895,-0.85181059789446889,-0.52368212572296435,-0.013256564899848082,-0.031342250749693032,0.025687311175117904,0.9991785753120086,8.5217174787884176,15.437726814922039,-12.108716935575227,,0.2201324912485033,0.5416666666666666,1,5
0.87025803196802631,-0.47929791764473761,-0.11368581238024142,0.48865798254913695,0.86911945509074151,0.076450957311075249,0.062163766666318614,-0.12208553937379646,0.99057094000867218,8.7699092470777362,-24.646827978500212,-12.824293759115353,,0.7193757299655488,0.7894736842105263,0,5
-0.10611566418663554,0.98808686292888936,0.11146217798686536,-0.99415145154144746,-0.10316414566941977,-0.031938228603536893,-0.020058843741906716,-0.1141994323788223,0.99325532086774804,9.8697728529423134,15.238789074543538,-12.026043833209341,,0.4630387075320941,0.4,0,5
-0.28437133259250225,-0.94082579702219604,-0.18433601074427433,0.95832127883204543,-0.28445531041325811,-0.026561304851401325,-0.027445796349835062,-0.18420639520723944,0.98250431664572191,-6.2568659128460817,-28.970498519538854,-13.994084856086628,,0.2285123461981856,0.1875,0,1
0.82783651291813409,-0.55110945449720861,-0.10471426380074923,0.5575159225098052,0.82896011458851926,0.044733930851530782,0.062150655890218544,-0.095412250708062044,0.99349574653706363,-15.497234159760421,10.319376788151768,-13.627765814467605,,0.08315624961808674,0.1923076923076923,0,1
-0.5532449752319194,0.83266773514904469,-0.024175198497502756,-0.83199434944606843,-0.55377069013344704,-0.033517536289825359,-0.04129648738629995,0.0015702200121599707,0.99914570235710243,-0.034022817234906771,19.041876011176548,-12.504676265487134,,0.7455181210803621,0.9291338582677166,1,5
0.9310962762398739,0.36354806883076202,-0.029875174002232847,-0.36020841237022938,0.9292715563011138,0.081879633044025527,0.057529331909548453,-0.065476532430550891,0.99619435838139148,14.311850327485985,-21.613853731482646,-12.472817045902319,,0.1666921601527905,0.3333333333333333,1,4
0.99705537686017198,-0.017446187226103534,-0.074673998322661389,0.023909819501547792,0.99595976010893583,0.086559094121618954,0.072862171293645195,-0.088089652031459617,0.99344416914054767,2.6682361684920237,-26.416210406966972,-13.335413011941718,,0.4317589770163512,0.8555555555555555,1,5
-0.83321259826515448,-0.54369999762859844,-0.10073270904176172,0.54876231876979442,-0.83544656411139284,-0.029815365382073758,-0.067946181575043174,-0.080120853047942808,0.99446667380875153,-5.9810931433127967,12.648420741315249,-13.056274406731252,,0.08202734547570874,0.3809523809523809,0,3
-0.98998743233962327,0.10939607038161711,-0.089204168034123857,-0.089769300508122554,-0.975631368197592,-0.20021215266605924,-0.10893280725237142,-0.19019971917422837,0.97568320182842294,6.0593842353694365,-24.208353408617178,-13.03378111026375,,0.6163042699534642,0.5714285714285714,0,2
-0.71933068149930224,0.69343044644384999,0.041443776353432694,-0.69443738328745752,-0.7162746654164992,-0.068609943706086113,-0.017891096853447499,-0.078133345168155996,0.99678236793505526,-13.26876050905787,-26.08276594889081,-14.386376125148786,,0.193659180375483,0.6363636363636364,0,2
-0.17870776945160882,0.98387004892493712,-0.0079536133972706556,-0.98385070714398104,-0.17877527866856974,-0.0087855443351175268,-0.010065743386343411,0.0062551231337075125,0.99992977465653221,-16.277521231008215,13.484871670950019,-13.569258533056054,,0.08313272323789495,0.3125,0,2
-0.76822364981455715,-0.62751231721239009,-0.12673087868525748,0.63694578389750511,-0.76909277186181257,-0.052880777652249744,-0.064284463447971396,-0.12134496288124431,0.99052658103786217,-13.50831369168254,7.2001601034975522,-13.639993277969012,,0.4755866060422284,0.8186813186813187,0,2
0.99590307894485564,-0.018459270595822058,-0.088522950002957901,0.042167198305943038,0.96079319361216475,0.27404081173351613,0.07999365434322421,-0.27665085294935804,0.95763527547141314,19.963401053474396,8.8521974114220132,-11.505921599542623,,0.6985985788546203,0.3658536585365854,0,3
-0.84111857833997394,-0.52696879624482718,-0.12175148851500187,0.53687301572867507,-0.84075392117755876,-0.070001492890914271,-0.065474438934126439,-0.12424464499058585,0.99008906974949706,7.2650927229885811,-33.46755618779347,-13.10169718643359,,0.1189092657934753,0.3571428571428572,0,4
-0.47134500820042546,0.88182686603075588,-0.014671795763192257,-0.88030445354493969,-0.47141645821732608,-0.053203308081150646,-0.053832632422041921,-0.012161466531959793,0.99847591178671224,-9.5449907120768049,11.755831683339956,-13.257054555551614,,0.6762924417298121,0.75,1,3
-0.96112111527024346,-0.25461414488681866,-0.10685428866095656,0.26512984708913345,-0.95906725821445116,-0.099479437088824979,-0.077151577846325842,-0.12394204873476493,0.98928560213481986,-3.2639160943623886,6.2672455516209533,-12.983379533473085,,0.07675092792072537,0.2222222222222222,0,5
0.06889455132197489,0.97429656799716446,0.21447549600616123,-0.99755976744455865,0.064840692860556104,0.025888123248302738,0.011315969870058028,-0.21573567655422254,0.97638622823531784,10.463935052269159,17.144163717985382,-11.924503342769709,,0.4006425153471213,0.2222222222222222,0,3
0.018120678894506026,-0.99461395792957463,-0.10205251436426249,0.99982829452538102,0.01763023101475995,0.005705823414154391,-0.0038758822053202909,-0.10213838478276421,0.99476264902292055,-8.7725085671408554,15.955182691978422,-13.066321533765249,,0.07424170358169721,0.28,0,1
-0.20469810598206781,-0.95894011629174669,-0.19629706766461447,0.9771702974713905,-0.18854408460025912,-0.097925164804176471,0.056893717992665606,-0.21186075976598967,0.97564241570585142,-8.9132719682457928,-31.09503977486332,-14.102400054225683,,0.2555758417454592,0.1176470588235294,0,2
-0.72390382731314373,0.68920572620926757,-0.030963135528195188,-0.68551049052592794,-0.72362746101506448,-0.080241292635352152,-0.077708533510051483,-0.03686142462313155,0.99629444402469192,-9.7350234508962732,-36.117118424042523,-14.054760088049935,,0.2659205746235686,0.2727272727272727,0,2
-0.94280240849776364,-0.3154759473166705,-0.10769654217042028,0.32882803751543416,-0.93318059116249119,-0.14507276112824011,-0.054733356141972375,-0.17218859120822302,0.98354224555082714,-7.6731938805049706,15.605539451640501,-13.014848192974906,,0.4035307804589385,0.6551724137931034,0,2
0.73869588248580131,0.67396442403397183,0.010017401613225171,-0.67318557937777734,0.73693169305409689,0.061260554112979634,0.033905293337919404,-0.051996489390915508,0.99807153860567088,2.211961524552279,-22.863784637411563,-13.283062392822455,,0.1508303636023205,0.1739130434782609,0,6
0.21293846535839453,0.96536120695241345,0.150781133044527,-0.97681956578769802,0.20687162717740176,0.055024228875168286,0.021925917657984725,-0.15900273576373949,0.98703464182089462,-10.45454105627098,-35.086343102376674,-14.097617047930955,,0.1103775405994594,0.1666666666666667,0,1
0.81232388550478163,-0.57632408205184482,-0.089333406324356726,0.58138144827018556,0.81233422467534977,0.045920790807211571,0.046103325755043299,-0.089239340361729841,0.99494262321308147,14.024616120952732,10.440825828216513,-11.878977888193191,,0.1139309100451362,0.3846153846153846,1,5
-0.70133713591088187,-0.6647407667762596,-0.25738285641827918,0.71013893205351719,-0.68289807354462961,-0.17132693404985733,-0.06187825930172907,-0.30293552801668,0.9510000772297782,24.172321498392659,13.476381755264111,-11.353855815900136,,0.3149002049727916,0.125,0,4
0.99700153235379152,-0.0032501040440718735,-0.077313526034556546,0.011903344181464466,0.99366746800125583,0.11172857035365766,0.076460806178662147,-0.11231384536056703,0.99072667535442582,-15.125710147805577,-26.375829051458492,-14.468369421854433,,0.08966726354202184,0.1875,0,2
-0.2399131325256863,0.96646027871234996,0.091630881873743839,-0.9706937633976368,-0.23745852896234945,-0.036973838372152748,-0.013975211720954084,-0.09781603495483035,0.9951063846459185,-4.5124785865424935,7.1782486110912913,-13.035504890179011,,0.08388657280200845,0.1964285714285714,0,5
0.99326570662625213,0.089291129726749602,-0.073826351612245211,-0.076417075797106992,0.9838558213933476,0.1618275416517295,0.08708424982092508,-0.15509615360331738,0.9840536146829526,9.1802086505045963,-25.991616631600529,-12.799929491115728,,0.2679333527954555,0.3333333333333333,0,5
0.72194857309983718,-0.67159786401611976,-0.16657300756153459,0.69093732081782477,0.71269342138523717,0.12113507260612633,0.03736143064974707,-0.20254480038547207,0.97856002745698445,12.346817537908578,13.293123080185952,-11.928119004679774,,0.2260915909805633,0.16,0,5
0.69184725807343805,0.72164158387674238,-0.024099707801774697,-0.71962157162735585,0.69187375911998328,0.05878345932110686,0.059094544120744684,-0.023326505547306121,0.99797981392115931,1.2288485574023744,-29.424901765378614,-13.446137893882055,,0.1554024341250134,0.3333333333333333,0,5
0.45312336085203114,0.89141795382334044,-0.0072973592188628859,-0.89091299098690346,0.45311985044338382,0.030926422763315857,0.030874946816633417,-0.0075121724936614538,0.9994950249618535,11.715063609476074,27.807510450064438,-11.80464335586754,,0.3478727480792925,0.625,1,4
0.99850134113555233,-0.0041359968042665868,-0.054570736488877399,0.016640407987738654,0.97287306281775587,0.23074033125052174,0.052136058275487257,-0.2313026095270739,0.97148388265244079,1.506243192546038,-25.559552017074225,-13.385437013988943,,0.3711017277980188,0.3255813953488372,1,5
0.90881788279159459,-0.40572821829642713,-0.097132223264015508,0.41243416692302459,0.90882659951723577,0.062707814221590039,0.062834018435195052,-0.09705063053862957,0.99329404570818836,3.0474031049287382,-24.788652466423123,-13.234271416193684,,0.2022306095611313,0.7407407407407407,1,5
-0.49665571435165479,-0.85571304075929622,-0.14521808866778768,0.8668200522430296,-0.49754440124771204,-0.032750050632723904,-0.044227801564602542,-0.14214345099769307,0.98885749271936418,17.695882272866598,12.121831447112079,-11.681215008068202,,0.1619010522770633,0.5609756097560976,1,5
-0.94501703110145741,0.32139638011590005,0.0603918684641018,-0.32668119735180073,-0.91937949537324282,-0.21913634747352501,-0.014906583276637866,-0.22681646839601297,0.97382343545397387,20.454853733075762,-21.335999338314938,-12.249862876772038,,0.3057035362852425,0.4,0,4
-0.0021348004924087258,-0.97354913497196582,-0.22846777545683489,0.9999827622101467,-0.0033279687894922218,0.0048373449640655959,-0.0054697266314521183,-0.22845351041092213,0.97353945768597594,31.902489124841701,6.9126007930895232,-11.344905365177612,,0.4093494801632952,0.1428571428571428,0,1
-0.1572420932604906,-0.94708559720310803,-0.27982815383283383,0.98648622868996061,-0.13742324396053765,-0.089217557825923763,0.046041771383371462,-0.29007537570396347,0.95589561757447494,-5.7591591363337464,16.233969322437215,-12.936209131127681,,0.5109707107065207,0.3333333333333333,1,3
-0.71161561042110233,-0.69305482959469888,-0.11523118579822539,0.70002985446324606,-0.71337358144574059,-0.03250132544134491,-0.059677683141766476,-0.10379372076739651,0.99280684811502551,-15.004186945507602,17.397531381768463,-13.363079972022033,,0.06601997369799001,0.3,0,1
0.48180469131972825,0.87387572621725085,0.06484947610099763,-0.8725414089855078,0.47160668167446801,0.1275093228183011,0.080843855844993512,-0.11801844316999568,0.98971506912032237,3.3356844232964851,-32.675911769427941,-13.383847526283843,,0.2355098728629885,0.2777777777777778,0,2
0.83545941055646544,-0.536247893750049,-0.12019055604031013,0.54614598202643228,0.83449324776033451,0.073113512833077418,0.061091240198793959,-0.1267249615941736,0.99005486942892629,-8.5654400762854959,-28.873306874185104,-14.063184548037052,,0.1297891206540215,0.3571428571428572,0,4
0.19137037453079073,0.97881096676175983,0.07284552902446062,-0.98116842569036855,0.18879431735261828,0.040807182745713377,0.026189696069792167,-0.079283018877105732,0.99650805452715951,14.195806573860359,25.82606558816245,-11.606559234454553,,0.4753722492526521,0.3888888888888889,0,4
0.73418260244490707,0.67852255358095692,0.024146439679606328,-0.67666133954073981,0.72832368285000426,0.10804649263506001,0.0557255582130406,-0.095664817366594906,0.9938525569117691,-8.091404621159711,-29.719778060951224,-14.072915997809565,,0.2660789417391294,0.1904761904761905,1,5
-0.21207367308066324,-0.95489648212347478,-0.20784000003436981,0.9772474372893255,-0.20798086716955189,-0.041610157447976581,-0.0034933504719911698,-0.21193552632725846,0.97727740646290739,-7.2492570453280081,11.375965495031124,-13.152478128467861,,0.5357388960857554,0.4258064516129032,1,5
0.57361617487612815,0.81591629415228306,0.0724229580815825,-0.81802401196621866,0.56602132386870696,0.10225740448794134,0.042440543907606883,-0.11790021994349126,0.99211810706694881,-2.8743848448848524,17.4728802639512,-12.738726691666216,,0.1357514369678227,0.125,0,3
-0.91815957830175299,-0.34870888446802867,-0.18810928383737704,0.38918687034535226,-0.88275597879442957,-0.26320232113999215,-0.074273607180060444,-0.31487139564551198,0.94622377664097534,-0.52756515757318734,11.03610839217618,-12.705715850890618,,0.3529405495784582,0.15,0,1
-0.91645855162028356,-0.38792949250684783,-0.098053210072039196,0.39319696862139714,-0.91853972937836492,-0.040998895356630587,-0.074161088375211806,-0.076128013220492091,0.99433629048431349,-12.285583645340509,13.326464884544199,-13.409319876317159,,0.8570934972782218,0.8857142857142857,1,1
-0.99657440273213715,0.025431479187777377,-0.078693708042039331,-0.022239286220954977,-0.99890426149122513,-0.041178763010223912,-0.07965471717021233,-0.039287609255226938,0.99604799572688374,6.2202605514797575,11.891498562521916,-12.340425859077239,,0.4615590048717676,0.9178743961352657,1,5
0.45791922447717487,0.88451580912165584,0.089116593674161124,-0.88185815024294834,0.43927995010236554,0.17134563982824058,0.11241079442966574,-0.15705065696114148,0.98117220937191529,27.700016764155279,13.841846101880309,-11.247697677120296,,0.4473845456027959,0.1666666666666667,0,2
-0.050993631080686733,0.99832179652815856,-0.027445221186903436,-0.99869744336731414,-0.050926110353245242,0.0031540285161238486,0.0017510570516843403,0.027570307598580056,0.99961833313426329,12.258703894611552,18.189480336931481,-11.79695749512063,,0.4013993051298105,0.5681818181818182,1,5
0.96339520904603737,0.26426718027239571,-0.045083573705067617,-0.25722507983318699,0.95858377309189968,0.12228004035700063,0.075530983655409709,-0.10620737919643904,0.99147116100886767,4.5299948312819049,-24.689171780019404,-13.158578457073657,,0.3271755824248739,0.8153846153846154,0,4
-0.57962300495166685,0.81255284169999153,0.061603989936284444,-0.8145760305512072,-0.57566456904480501,-0.071247416780532744,-0.022429056650693786,-0.091477775397791339,0.9955544957590382,-7.3743234948342344,13.796633538903986,-13.076794722660816,,0.183299814909579,0.1,0,3
-0.75612880228369506,0.63970947321053673,0.13798921784589735,-0.65202155763111047,-0.71837017823665994,-0.24251221702118456,-0.056010023579046685,-0.27334241695157246,0.96028474962052146,-31.179933508450368,2.4883997518946765,-15.218162786850478,,0.4090445603734486,0.1333333333333333,0,1
-0.91493569730174462,0.40359398630559273,-0.0021363569298733565,-0.39750947051124441,-0.90203310897811861,-0.16829287317394045,-0.069849056234432799,-0.15312793515629627,0.98573472335001411,-23.203822885870885,7.5228368802726333,-14.356979381568243,,0.5472198233006726,0.6578947368421053,0,1
-0.9442513988074992,-0.28769748600654016,-0.16006077719290812,0.32034243869106455,-0.91505480181851984,-0.2450620975229153,-0.075960633380342521,-0.28267448808547579,0.95620349087528,-13.671570683141727,-30.387490561905235,-14.44543481154532,,0.3752845869593063,0.25,0,1
0.10175381410058418,0.98910010654905467,0.10642903993099749,-0.99476844146061416,0.10019233278802354,0.019930989050112126,0.0090503696060176102,-0.10790030433295367,0.99412052344514634,-2.1470210615089322,-24.52583729318027,-13.581568458195958,,0.3773001213160653,0.2857142857142857,0,4
-0.99047947727236074,-0.049257182802687836,-0.12854623699125581,0.067965701436560444,-0.98702428230521411,-0.14547759129196391,-0.11971244100136734,-0.15282930374184775,0.98097509417277007,7.6603565535070643,12.258035382060859,-12.275428718781956,,0.35036119888445,0.2666666666666667,0,2
-0.90973893577365428,-0.38713166838163843,-0.15001379961013173,0.40858449059645446,-0.89895255550633524,-0.15793358411897665,-0.073714196607271923,-0.20497164263546092,0.97598813667680739,-25.504137564361109,6.8059788266952603,-14.496402594641319,,0.2965023142896629,0.5384615384615384,0,1
0.11269876804236589,-0.95444551158894464,-0.2762838270501019,0.9934346385195767,0.10273103958732641,0.050338379938024966,-0.019662316018484876,-0.28014299725858721,0.95975689339319903,-2.7079297596703129,-25.542154350375242,-13.653122061637479,,0.1799225616183988,0.1818181818181818,0,4
-0.91213396154885718,0.40624843817341316,0.054532950322261707,-0.40394086993153316,-0.86831069537437311,-0.28786856357968077,-0.069594610338330032,-0.28460278069642087,0.95611602195116518,30.621651664059062,10.789457612016207,-11.374433455713197,,0.1300041245817734,0.5,0,1
0.5187442035061266,-0.84003975006503873,-0.15886368256924338,0.85415983601315615,0.51713380175418711,0.054622391244239635,0.036268800238937422,-0.16403002589138418,0.98578837725715751,-10.785244298393145,-28.710411058445164,-14.240313397386579,,0.9179614954448578,0.9076923076923077,0,1
-0.90623479585213262,-0.38558291148738788,-0.17339063745125233,0.41784007320262218,-0.87934464301246207,-0.2283914885264153,-0.0644062730863212,-0.2794258706243814,0.95800470500563595,26.833663004182021,13.85409017169521,-11.260523190749872,,0.6163006045435648,0.4,0,2
0.81021153914230104,-0.55492306418716697,-0.18872640163418883,0.58299342528326792,0.7962549609662195,0.16154474059271373,0.060629431113496349,-0.24091166424606791,0.96865145543329678,7.2150603631730217,-28.525261224498234,-12.976325595349723,,0.4007662800054043,0.2105263157894737,0,1
0.64692241309752729,-0.73595167186102461,-0.19966604147184211,0.76111571673326339,0.63925777471444123,0.10978325559370042,0.046842898860801063,-0.22299021088851392,0.97369456641916885,17.510344394404246,-22.066276371088552,-12.246114671935272,,0.5394608732654311,0.4,0,1
0.81068356509607953,0.58517682667566973,-0.018979957979479611,-0.58165658191989156,0.80866084591098097,0.087995778306713679,0.066841439185419349,-0.060296913787763647,0.99594001033962498,-14.053772787832068,10.515180133779218,-13.577850885874041,,0.1365988898738965,0.3529411764705883,0,1
0.52700480280331619,-0.83074459663647182,-0.17924662613712666,0.84800711851428245,0.52795361549935327,0.046356303026278287,0.056123656076033292,-0.17643240926900627,0.98271142264053946,14.177016491161467,-25.186377577836456,-12.589064447605287,,0.2033575521051992,0.45,0,4
-0.90845516255140391,0.41573755367608367,-0.043260884146397199,-0.41236216005857357,-0.90834233722674107,-0.069797187287805845,-0.068313004512537565,-0.045568463490522397,0.99662272126897822,14.830754894766722,-24.138976180868326,-12.545685589842549,,0.1208942246170695,0.2222222222222222,0,2
-0.99657515089656834,0.038285283542505995,-0.073295331908315373,-0.027253564456834255,-0.98891038489576211,-0.14599141710974337,-0.078071837687333612,-0.14349385948319823,0.98656692649345257,14.02295320289347,13.223832082582001,-11.874029852846169,,0.1804957339042295,0.2105263157894737,0,4
-0.83657380553737981,-0.5194304807428658,-0.17417302765911488,0.5425088761440815,-0.82973398687332389,-0.13124644883647452,-0.076343874630471292,-0.20428775465635482,0.97592936532511054,-5.8900693550694276,17.694373645876915,-12.883134755162876,,0.6416418311928687,0.28,0,2
-0.59016045850339371,0.8068730461955107,-0.025817059132322823,-0.80618538189822841,-0.5907237708770291,-0.033325013644875973,-0.042139805797748994,0.0011462303437889659,0.99911106636015579,-17.485789589285709,-29.932781345650888,-14.628868251034508,,0.2192279314897422,0.125,0,1
0.040222381151133649,0.99501498747870576,0.09125423139385605,-0.99915493040558379,0.039279515171532893,0.012105566244566619,0.0084607978787585632,-0.091664029917082585,0.99575404619746077,26.513420294706052,10.914667071252477,-11.304635342627403,,0.4413135187066359,0.4583333333333333,0,1
0.0082463248176961376,-0.96987212201173079,-0.24347497832727133,0.99993311043421784,0.0099726160784457257,-0.0058584627595013152,0.0081100421918500094,-0.24341038160484468,0.96988948511808937,20.008176265279463,-25.168804481421933,-12.331498942836463,,0.3610594443376687,0.4444444444444444,0,4
0.91978966259795514,-0.36179429799190127,-0.15196006882891538,0.38296217508960706,0.91207403394207875,0.14649549160046765,0.085597599432335053,-0.19293999727680342,0.97746979923793564,20.611487999501261,14.385610128382661,-11.445401076380952,,0.3154942916067618,0.1666666666666667,0,3
0.27984900142962688,-0.9120154493439504,-0.29985389201541629,0.95989491796753956,0.27131216283314369,0.0706502424545883,0.016919895358158094,-0.30759962688006309,0.95136543277770769,-15.470524050621451,-28.909298350816726,-14.442159525058052,,0.5074610700992052,0.2758620689655172,0,1
-0.4296851846949854,0.89589942138010248,0.112848876044176,-0.90251269454683691,-0.42208162226390916,-0.08554496086196145,-0.02900824426683014,-0.13860494550290853,0.98992282065153547,-22.029051973995109,-29.179638261268753,-14.800321340991996,,0.2962820243988982,0.3181818181818182,0,1
0.23390139481283032,-0.92721896064910947,-0.29249809660474158,0.97123852634558461,0.23662013542752905,0.026582634412600135,0.044563016579542106,-0.29030313557218457,0.95589655665782602,23.754231463606693,9.4260495728521079,-11.457821124977221,,0.4201811953112389,0.6923076923076923,0,2
0.36648335098288859,0.90713521595282021,0.20687110342090842,-0.93041676789768102,0.35639409682042461,0.085486172954385251,0.0038198779020170823,-0.22380560254333429,0.97462631854625692,10.435403997387429,-21.205274435832351,-12.662633669627112,,0.3577551763107771,0.3714285714285714,0,2
0.95613709801851543,0.29189247710484395,0.024507786565270865,-0.2926718567390913,0.94853915934994326,0.12089932775906934,0.012043008993755286,-0.1227690717945692,0.99236219242022494,4.3096216245732943,13.454796407540064,-12.361536663487147,,0.2351149579604304,0.2857142857142857,0,3
0.19265733825136036,0.97740670716824662,0.086944113086662597,-0.98105498925162393,0.19002050257888686,0.037726869260027052,0.020353330990206791,-0.092565314141921609,0.9954985708354438,8.4678362625613488,-20.885370179673181,-12.840033388421723,,0.8285946059033571,0.3625,0,1
0.36019896341231877,-0.88661138268404149,-0.29013266422756234,0.93284319770761259,0.34491207496172138,0.10411161816164648,0.0077637135011305904,-0.30814917919847251,0.95130636921655287,13.849171344184629,11.990264427926103,-11.903349337405153,,0.5248826924295281,0.1025641025641026,0,3
-0.63827333688419008,-0.70726647589191038,-0.30394288855335755,0.76789451267925601,-0.61279196455190066,-0.18661196525868817,-0.054269372760415407,-0.3525055180561853,0.93423481786975338,-18.252245953075231,-30.722310558493792,-14.550525223433148,,0.3200508250421208,0.1666666666666667,0,1
-0.81347110256094024,-0.57468870929004456,-0.089429596403155315,0.57772867731133681,-0.81616322324095192,-0.010352219135686923,-0.067039844200161083,-0.060087273556741295,0.99593934496340497,38.169322504281396,10.360668707819462,-12.552639839239538,,0.21835590331666,0.125,0,1
-0.99660564364611159,-0.0094848853437358542,-0.08177547311226549,0.021462533727391712,-0.98892385849650644,-0.1468637523093457,-0.079476730548753996,-0.14812035324828413,0.98577066818549819,3.9537582706253409,17.9252722431462,-12.235009856299877,,0.1072949135577515,0.3125,0,4
0.65786919470928173,-0.71286119777062762,-0.24297538016347972,0.75034584773903024,0.64811424343998969,0.13011162988374927,0.064724272366379482,-0.26791200078241356,0.96126683517294353,-2.1102930001582521,7.393983189371685,-12.896356043326168,,0.3260597776649722,0.3689839572192513,0,2
0.0404043549967164,-0.91478809348473134,-0.40190823842746815,0.99918116178116156,0.036138142156699374,0.018194521788460649,-0.0021199148444918741,-0.4023142785187141,0.91549916835626866,-14.11086075584895,-33.874829879371127,-14.373200477747465,,0.3992594779128323,0.25,0,1
-0.83606726964725775,-0.50148407857717758,-0.2224977293326369,0.54463459149759608,-0.80750059696167098,-0.22653023562163155,-0.066065742778135761,-0.31057447551295092,0.94825039561870428,19.298999780797349,11.097043448431949,-11.563585129599037,,0.4897871947386816,0.1612903225806452,0,2
-0.71253006565862864,0.70093887321916093,0.031394291563313921,-0.6998634436320349,-0.7068290706183411,-0.102877719630251,-0.049920594948566502,-0.095275185326841788,0.99419845768383508,14.462609229212156,-26.704911716684574,-12.688375535513265,,0.2668119939790956,0.1666666666666667,0,2
