axis_00,axis_01,axis_02,axis_10,axis_11,axis_12,axis_20,axis_21,axis_22,location_x,location_y,location_z,dbh,dbh_approximation,score,reconstructed,number_clusters
-0.67019606842482193,0.71916429263817727,0.1834119681540505,-0.74206588910391436,-0.64489525708440953,-0.18288882857750294,-0.013245606680300795,-0.25867513909199791,0.96587355607212233,-3.2342564373628604,-12.902493128618165,-2.1082919719390043,0.3230758721299266,0.2835123782279559,0.2704918032786885,1,5
-0.18336990159210012,0.96310835586411203,0.19697150569265104,-0.98186371022748398,-0.16961987793573227,-0.08469209849440662,-0.048157384983224548,-0.20892915515502825,0.97674432396496846,10.032420322592975,-27.241468670189462,-3.9491867772684004,,0.4715222538496888,0.3333333333333333,0,2
0.29423677847851337,0.9484614288713088,0.11766748120862418,-0.95407929353226328,0.29873166348424046,-0.022183211780906036,-0.056190923142125884,-0.10573699057252459,0.99280525229326932,11.510524562256832,-12.422365182989543,-3.1982576911052947,0.4395366328564013,0.226580349383869,0.8395061728395061,1,5
0.88055279915144724,0.4653310297334326,0.08996555270643368,-0.46882931018045354,0.88302868928279854,0.021433894168414104,-0.069468308042379107,-0.06105216352207346,0.99571420975448732,-4.9799529044758977,-22.642211563150799,-2.5118255300046144,0.3045882327498417,0.1638870954285655,0.3783783783783784,1,5
0.18977545404173179,0.91269646388043457,0.36189838610223807,-0.98087651026141986,0.19246181833049425,0.028977924395957283,-0.043203572313323266,-0.36047692478863314,0.93176705137834592,-6.3977598791007759,-2.8522937283859422,-1.1001680149882886,,0.4223536445762857,0.2918454935622318,0,1
0.36375687221493241,0.91871516308923018,0.15376406285715472,-0.92997695550875037,0.36759936574531282,0.0036835480612403566,-0.053139440522883039,-0.14433695096396312,0.98810072586115527,12.587241929533771,23.015213525130545,-0.83117229820507943,,0.2562028527724711,0.6,0,4
0.1762382053478144,0.98179851825178355,0.070793817063248721,-0.98341845164458153,0.17873994226742052,-0.030662387434991886,-0.042757969324512528,-0.064216061829127466,0.99701958529529533,-12.73962346287302,-5.1575665984431165,-0.81038516867593824,,0.08884067539470714,0.1904761904761905,0,1
-0.63507732457537269,0.74958284048934165,0.18655389852296417,-0.77235067780191291,-0.62004470169852977,-0.13790938472238362,0.012297248030027309,-0.23166815305412783,0.97271714519246388,-7.2323046376931073,-21.448775482854661,-2.2676833595421977,,0.2809318025337753,0.6136363636363636,0,5
-0.48457090011826459,0.87204104437463015,0.068814676374881395,-0.87470214020795345,-0.48220180811539853,-0.048760456989927259,-0.009338558464836581,-0.083820243236613412,0.99643713206080109,-21.193783007124246,9.7009599721466504,1.0328358129436503,0.2596945869857709,0.2466229823396849,0.7538461538461538,1,4
0.89949128388553612,-0.43462860767507383,-0.04487096616273329,0.43648621843308272,0.88913671297091124,0.13753431122912854,-0.019879922835304799,-0.14329647252361208,0.98948012088689907,-6.3744602120048706,-8.6698635531570964,-1.5092350961590786,,0.4117660249271943,0.4891304347826087,0,1
0.986419871732644,-0.16025384231937803,0.035979753651598466,0.16080249296862334,0.986902395569349,-0.012892628690671105,-0.033442411785480471,0.018503179222922366,0.99926935180291332,-2.3818622694677321,-3.0546510788809176,-1.3916191310294888,,0.1290973526813828,0.6642201834862386,1,5
0.6358357594728703,0.745727895800672,0.19900450346728055,-0.7699690205064057,0.63072754819352994,0.09659434460765895,-0.053484525200874156,-0.21464544107546088,0.97522650712004155,8.7882545711535478,-8.3390013075575826,-2.6130153089308328,0.590775441925523,0.1626934103083266,0.1428571428571428,1,5
-0.17016843371752802,0.97420852361195565,0.14819060931090589,-0.98394967503097919,-0.1597849991743511,-0.079446781214117454,-0.053719095045937727,-0.15933143619721413,0.9857625232614492,-23.461359767931139,-13.067286927826235,-0.46468149107151685,,0.1815281359369471,0.1,0,4
0.28296240414757107,-0.95898660933486302,-0.016642143955935267,0.959113511425015,0.28301943175828492,-0.0011284720626115994,0.0057922397227013929,-0.015642389959367717,0.99986087311953287,-15.618364871462923,-13.372494254218944,-1.0313130867803484,0.4123082415440977,0.3569852103915059,0.8858447488584474,1,5
-0.96422990319086077,0.25868431773331219,0.057819698644948583,-0.26315257389640062,-0.96038444416450508,-0.091719366867269198,0.031802777303897259,-0.10365395875548654,0.99410484366090557,-1.1085103315738865,17.517505291583976,-0.1156124831273786,0.1891046383784146,0.1369319363707836,0.35,1,5
-0.85539463609078448,0.51464087319737739,0.058692317910918453,-0.51797105160833123,-0.85041216260977115,-0.092223334255125217,0.0024507637329731261,-0.1092882670738905,0.99400707665343724,-19.102377023692423,-2.895856320342507,-0.11254811977442053,0.4179580966500447,0.3569766192560628,0.9090909090909091,1,5
-0.72383066040271526,-0.68995099474994992,0.0060662924857653663,0.68725975204352874,-0.72173113839599212,-0.082329806818019366,0.061181764293258188,-0.055423719770324335,0.99658667611241136,-2.0269440004188111,8.8500807560497758,-0.48869201445956295,,0.07812240274011509,0.3076923076923077,0,5
-0.88941829488527813,-0.45052777489126733,-0.077199875484919828,0.45567147996279744,-0.860597705725756,-0.22745349249479166,0.03603608014029009,-0.23747907897557624,0.97072400195783459,7.5896392498930396,-2.8149281599382809,-2.2100434366666186,,0.5729037568406392,0.3611111111111111,0,2
-0.46398181922139331,-0.88308487893485255,-0.069871081490296416,0.88158231176401636,-0.45258246536287017,-0.13409600900429391,0.086795731558755349,-0.12381521975380808,0.98850204468200131,-20.488242153446286,-11.059976344716745,-0.54662193662470515,,0.1810089696644118,0.5454545454545454,0,4
0.6091397570030328,0.74020460260786536,0.28468562084590465,-0.78952672120591028,0.59986615437016555,0.12964626235643506,-0.074808508474175778,-0.30373959754908642,0.949813636425898,-5.9627107213522992,12.517157306214887,0.059707714022059134,,0.1801990635191493,0.375,0,2
0.9327703028966402,-0.35594816312552696,-0.056925101683454583,0.36028976994044293,0.91559101385246233,0.17856196971606544,-0.011438693560500774,-0.18706683436724339,0.98228058912382343,-19.73029538978847,-10.36121953655951,-0.56312829820964372,0.1045684676378476,0.1318953562344898,0.2777777777777778,1,6
0.77818269072181612,-0.62763512041000191,0.022491231377528845,0.62797552360505693,0.77811121742400868,-0.013772257327046509,-0.0088567270427556705,0.024841275064900439,0.9996521742282366,-5.0482561326796063,11.921082435969531,-0.052356751210018725,0.3156239899931466,0.268976411744749,0.8188976377952756,1,4
-0.52034343625238744,-0.83956419760329537,-0.15612388174713768,0.85293999397577935,-0.50204374223240311,-0.14298757834820361,0.041666233638965718,-0.20756695061599045,0.97733304762825035,-1.7491063104019238,15.393706484523193,-0.15415871520172636,,0.2223904768345383,0.3125,0,5
0.38647174272583973,0.91182027204745331,0.13864841707628783,-0.92072224273910908,0.39021855659793231,0.00017266178179853848,-0.053945748673245426,-0.127723410422421,0.99034165146688058,17.059618845246945,-4.4647307047043903,-2.8297729331213142,,0.3132511585239307,0.68,0,3
0.84608299446939161,-0.52622242367805316,-0.0850501457265357,0.53261740762872245,0.82812888581321553,0.17470330727442757,-0.021500315359753341,-0.19311268549776614,0.9809409906509533,3.0314298388718046,5.700864806186476,-1.325821965301297,,0.5300866179431043,0.4146341463414634,0,4
0.77122303643534706,0.62757664693375104,0.10659540466096387,-0.63429493055459307,0.77175119743888421,0.045497585918305647,-0.053711908774390749,-0.10270171115925855,0.99326098754595871,-31.630844939172412,12.870565131578767,1.8085976875980196,,0.5066060242539159,0.2631578947368421,0,1
-0.97959243385362127,-0.19903941696959984,0.027963798546349419,0.19483206525271407,-0.97451079666303586,-0.11121678621744846,0.049387547885081179,-0.10349887767303212,0.99340266379465791,12.515869638427594,-13.594054263442137,-3.3794687558980847,0.2537041879189569,0.211633777468539,0.8333333333333334,1,5
-0.48569467631797569,-0.87293960719785679,-0.045575471271577489,0.87305872462684686,-0.481861757073754,-0.074684070742937467,0.043233606711890096,-0.076063718388230811,0.99616523026837067,11.856902307241386,-7.5423354806284504,-2.7869191782844003,0.3480230850562753,0.3396955963384363,0.8705882352941177,1,5
0.27676701056634756,0.91821455066316238,0.28334089152928854,-0.95983734222733419,0.27826204189818182,0.035812183745478024,-0.045959746824070412,-0.28187279930688464,0.9583503673932442,8.8860534990023616,30.528886113456675,-0.31408441674462306,,0.3123784483011221,0.375,0,5
-0.61224767707596195,-0.78423952144172637,-0.10060395083664118,0.78973330831148592,-0.60037636149705698,-0.12597430809078264,0.038393797135536541,-0.15657776842325993,0.98691910447468179,-9.9145152015420486,20.101977431019993,0.77368138588178825,0.4224755093005915,0.3248122418000243,0.75,1,5
0.2921290879533513,0.94411584743494725,0.15266257758119658,-0.95543252190527261,0.29519741866698573,0.002679570502796897,-0.042535773853007879,-0.14664157198605074,0.98827473776687536,-3.2945199372907807,28.978443099465832,0.62532233529940795,0.1818679166039012,0.1738238497362677,0.3,1,4
0.88361386551255083,-0.46717571637901717,0.03119914581716959,0.46780908107640456,0.88366176091192183,-0.017220800344139104,-0.019524352394354686,0.029811781694403454,0.99936482694548923,0.66405800127184023,4.348284164531373,-1.1323944551827865,0.387707706893551,0.3635051052287251,0.9561243144424132,1,5
0.85401577145921515,0.50779584286807156,0.11313904748064248,-0.51885560440153167,0.84724190251232367,0.11388599742031606,-0.038025305785011211,-0.15596326680729564,0.98703066595053346,-17.789287914644703,-14.252801858983396,-0.89093465263420379,,0.4222335859399175,0.4067796610169492,0,5
-0.49611080639778188,-0.86775609804363807,-0.029553715222014651,0.86477682586791538,-0.49078921577450851,-0.10624023306289114,0.077685965380865349,-0.078264295739017276,0.99390119770293062,17.03489420766736,-1.504051271535326,-2.6281336060262417,,0.3452634340475402,0.5918367346938775,0,4
-0.98105495676466048,-0.19299967037660823,0.016801757110802725,0.19083091326574839,-0.97768124148735125,-0.08788033105258361,0.033387637676994382,-0.083009139727332718,0.99598933145494972,-22.385076142447893,-17.534752293207742,-0.73866727190493975,,0.09443429837009523,0.3333333333333333,0,5
-0.32928698051385175,-0.9282875722803845,-0.17277808777116541,0.94156525002422364,-0.30907650792463259,-0.13389022442260706,0.070886983367130271,-0.20677015113140684,0.97581819013082771,4.3288210013016064,-10.112526700162157,-2.3933788257500312,,0.1258287305379611,0.4375,0,3
0.52169452425902108,0.8351530509451971,0.17422458166137889,-0.85121058322940246,0.52324923895142583,0.040629754306595323,-0.057230816492640238,-0.16949812811262108,0.98386737836453508,6.2615333714735479,-23.857163189683924,-3.4219476555029722,0.2749541891163266,0.3688963176925948,0.574468085106383,1,5
-0.67173043070909566,0.73040808561473969,0.12362142584514135,-0.74066767012367984,-0.66529891827846022,-0.093748342764403622,0.013770653322710923,-0.15453600812148477,0.98789118393725128,-12.60529143535061,8.3296402838597103,0.24401270177974801,,0.1569305407263809,0.4166666666666667,0,4
-0.87838183651365653,0.47510132821839302,0.052192693051949769,-0.47745603574173306,-0.87722034046078212,-0.050201675426807049,0.021933609294531788,-0.0690159561767303,0.99737441042786268,-9.4621709919905488,3.1331672461719657,-0.45091514263621174,0.16877940895602,0.1765659726685239,0.5415162454873647,1,5
0.075626684247814879,-0.9970728163528787,0.011242931993947354,0.99680086758150599,0.075304053648624983,-0.026783015006570713,0.025857977848982819,0.013232474984832994,0.99957804427035002,-14.876558598177214,15.17798231515647,0.89592789736840794,0.4874051279798373,0.4304827354305388,0.954954954954955,1,5
0.64581812376138914,0.75668098023182528,0.10174893206674852,-0.76176767817595259,0.64756229678759469,0.019315182256311798,-0.051273341101766234,-0.089983142502250299,0.99462258096108125,-6.2879274277726811,-13.678524813827671,-1.9171123406349375,,0.07490655587783382,0.2368421052631579,0,3
-0.69614687232563266,0.68197285896580251,0.22426000933124093,-0.71775811442721882,-0.66737578667901531,-0.19857705942139425,0.014241535209450025,-0.29920324027084699,0.95408311990428962,5.015049155237735,16.108279325689363,-0.75109424376289946,,0.4235447436550409,0.3333333333333333,0,3
0.99720656049116119,0.055588589862393768,0.049889722293252718,-0.060509814131194301,0.99281179434056299,0.10326327232893283,-0.043790845015774911,-0.10599363044721886,0.99340208988980006,-11.982583404375001,-3.1575745669127371,-0.65102539304597029,,0.1428713980071183,0.3703703703703703,0,5
-0.99822567214815949,0.043407991916999324,0.040758480124859768,-0.051578829354199947,-0.97237789321851498,-0.22764194943457156,0.029751165133574026,-0.22934031267453928,0.97289150944775915,-25.763351231188853,-5.1067294343876393,0.18951770304830162,,0.5482189738945932,0.696969696969697,0,5
0.981647281616293,-0.19070456808316325,-0.00061822937222493618,0.18965091025516084,0.97587287672053469,0.10818808030729224,-0.020028647850802463,-0.10631978270012758,0.99413025156257384,-14.537280696694387,2.6361724526394217,-0.022445175157204001,0.2893576509402632,0.2086847266427849,0.4814814814814815,1,5
-0.97388360298352239,-0.2247171239218512,0.03244906864805442,0.21892862257987961,-0.96729521643544814,-0.12810239059587444,0.060174629663266969,-0.11765278780119408,0.99122996094120241,6.3966027435443875,9.4445249251862897,-1.3845722718642597,0.2155197037124882,0.3044949746080672,0.8991596638655462,1,7
0.24550668295352948,0.96406772491058601,0.10148837574265292,-0.96816810655340102,0.24911390963029864,-0.024347022025500178,-0.048754344195752912,-0.092280451962667279,0.99453875344684706,15.626238054464231,1.3831629905994476,-2.4054855233241716,0.567364994467397,0.5142769757963463,0.8166666666666667,1,5
0.15064797821888526,0.95505821102128263,0.25528219722376061,-0.98664337631293353,0.16143902891000592,-0.021732186323757896,-0.061968013009765892,-0.24859857904948499,0.96662232120834035,1.6211808868018442,-36.211286442845086,-3.3157456860735244,,0.3905197389217029,0.3333333333333333,0,5
0.88565556204793616,0.44487399957564849,0.13304642015146037,-0.45659755925910839,0.88648330823430077,0.075272924086907722,-0.084456463886300556,-0.12741455459850062,0.98824725498444277,-3.7697837600201569,11.091764901792386,-0.23305399047203382,0.1641970344983215,0.224053007913091,0.28,1,5
0.95302330510747324,-0.29632400248201279,-0.062758788030581963,0.30226868848239763,0.94374676444151628,0.13407342976630304,0.019499227809290726,-0.1467451197117256,0.98898212822863085,-19.250943166949835,-2.2747622816998261,-0.055511135377982718,,0.6203281922233221,0.6196319018404908,0,2
-0.41000394341425833,0.85750241822378648,0.31078347627426467,-0.91204066748831492,-0.38213829013312517,-0.14883597704050194,-0.0088649440058541969,-0.34447050665403911,0.93875528377382955,-3.0466303728862103,-27.131826726207382,-2.716517457546078,,0.1485105437315777,0.3076923076923077,0,3
-0.56705157282035212,-0.82327354487641735,-0.025945790960823157,0.82174324637289331,-0.56327580463161631,-0.086362057392953384,0.056484960852455968,-0.070292518970535026,0.99592590636767442,-1.392176621988835,24.002052255242646,0.25728070626805255,,0.2041493748363142,0.3125,0,5
0.056070925448695234,0.99343480589387911,0.099716286322331205,-0.99759879198311829,0.059810906618524333,-0.034918557863872428,-0.040653432243161293,-0.097518930921439234,0.99440301515974383,-13.627463505488709,-8.7124978702579821,-0.94452884009913352,,0.09559437408693446,0.3058823529411765,0,5
-0.051999319960549829,0.98171569280633686,0.18311299577423346,-0.99797033016826031,-0.044333594770011094,-0.045713810589602721,-0.036759907882011875,-0.18511842391437575,0.98202845086074964,10.884643714736882,-3.1524280759149117,-2.4393474412139606,,0.09124798496368655,0.4705882352941176,0,2
-0.92870745244192199,0.36585815311950942,0.060417543601304503,-0.36991368787672446,-0.92541667592448595,-0.082266879376302227,0.025813393815522528,-0.098751140331923962,0.9947773022053068,-12.65270350988351,-3.9666294399359954,-0.73160576035576053,0.399240920968526,0.417745094776741,0.9202772963604853,1,5
-0.97205791368199779,-0.2345661387304015,0.009063057393091347,0.23047073602213791,-0.96099350230321434,-0.15288796018135159,0.044571877743868928,-0.14652718209298438,0.98820196954988593,-6.7671332442042011,-15.737256393009851,-2.0504239252636425,0.3386500004806173,0.2883436516326748,0.3523809523809524,1,5
0.88880868395811929,0.43167536151984676,0.15386846843113913,-0.45576895029869047,0.8677175364793257,0.19834550872121781,-0.047893499185845449,-0.24641968091643685,0.96797910803527987,-20.861586437496495,10.768371127933028,1.0519378064472773,0.4241376969015092,0.2702690232331338,0.16,1,4
0.99614244356367487,0.07482152999075109,0.045847254888754858,-0.079891823225549538,0.9894147052204908,0.12114387180186854,-0.036297778343706864,-0.1243393732624271,0.99157561060365873,1.2199920681195067,-22.191334553776827,-2.8822820540459331,0.4466617142755964,0.4634152609545648,0.6875,1,5
-0.0057650393482954199,0.99715254874029957,0.075190151363302704,-0.99982711320543372,-0.0044185729679143094,-0.018061558964143288,-0.017677896385051409,-0.07528127757717043,0.99700562747947785,-4.1130013461309289,4.4345398512632928,-0.75500898522990567,0.6796352500563954,0.5372022466076868,0.9986338797814208,1,6
-0.084712800332170088,-0.99569793692069142,-0.037541442057566154,0.99534745686607462,-0.0828270100373832,-0.049225263011033762,0.045904047426344852,-0.04153678875583583,0.99808191728421469,8.2311382156856503,5.7373926839321916,-1.6594854027413724,0.2921646194586501,0.2465528363382821,0.4731182795698925,1,5
-0.64105079140068055,-0.76309410993404825,-0.082105190021848296,0.76177759597873651,-0.61958381282227748,-0.18923739892913907,0.09353489781583138,-0.18385667861835192,0.97849269011986517,-17.768246175334895,-27.468104802467106,-1.4809537867630944,,0.4660373810652093,0.5714285714285714,0,2
0.96717692722298265,0.24227667608008027,0.076621169888605858,-0.24668910710880249,0.96756213209178987,0.054479399554812229,-0.060936654661808184,-0.071592826243828428,0.99557078670933774,-6.2306463349214711,28.862910643087414,0.90748165063294473,0.4813531617858601,0.3742201974396225,0.5588235294117647,1,5
0.30931927128666614,-0.95087272933451605,0.012753078789582931,0.95076478515759422,0.30895803473087252,-0.024315757842809475,0.0191810248662319,0.019646510712196561,0.99962298037906072,7.0575546222672356,-29.17929642838503,-3.6154516027797632,0.5278212218906796,0.4524463556902892,0.868421052631579,1,5
0.64222195935841997,0.76005422992071803,0.099340437372992099,-0.76479780427690691,0.64405550457738492,0.016638076715556855,-0.051334914931796122,-0.086660686606992568,0.99491439426000405,2.6482105389220991,9.5475537470459457,-0.88587756417767771,0.1315504021637751,0.1351939257180406,0.4444444444444444,1,5
0.98681639002508714,-0.16126242341156391,-0.013705589125816403,0.16025349838476954,0.96176754465501491,0.22208558328650585,-0.022632468563965752,-0.22135406218024173,0.97493084396946228,10.429665881035715,9.046630940706649,-1.6007605363316464,0.7154878640690936,0.3408363479077018,0.3720930232558139,1,4
0.65361284629344985,-0.75682039637615039,0.0036241949757022593,0.75682733946605485,0.65359360215173901,-0.0052708123707546255,0.0016203076585893615,0.0061879605170946294,0.99997954166459369,-3.2578011264712514,-31.068658796039347,-2.7895328569447027,0.2603189293925373,0.3490329136157583,0.7,1,2
-0.57770250286714786,0.81311720111460661,0.071415932624184983,-0.81621758175687609,-0.57471821707989446,-0.059057854578925102,-0.0069769199501795789,-0.092408810229633292,0.99569670802908328,-18.988380925572923,-17.941893983460435,-0.97108577530883233,,0.1015411478208306,0.3809523809523809,0,3
-0.881381337188341,-0.47226455172461546,0.011538268519985743,0.46991013472475973,-0.87897126210117504,-0.081203360048861625,0.04849127487548234,-0.066149176749335029,0.99663076546750018,-26.662218841176134,-13.141647642904344,-0.25056693703244298,,0.1952351756646741,0.5,0,5
-0.99312890911131446,-0.11682845183101878,0.0067884261900408626,0.11265921332527287,-0.97016222244136041,-0.21469318526811895,0.031668147092953611,-0.21245323012467368,0.9766579511114889,12.012024128380178,-9.5754907808336487,-2.9176461995848069,0.2519398245147985,0.244637698301969,0.3333333333333333,1,5
0.40421613792605493,-0.9134372077116214,-0.047347454082992832,0.91466247279522972,0.40375124179413807,0.019429246249085787,0.0013691969400928634,-0.051160554313728554,0.9986895027895567,9.4122461413218605,-4.1494976544417028,-2.4253420004337811,0.2092952265592694,0.1312298085248478,0.3518518518518519,1,5
-0.90966470986606285,-0.41508197991216478,0.014733145505553239,0.41266718989908363,-0.90725495548791479,-0.081204902089801537,0.047073410807846001,-0.067789347945070411,0.99658853008656334,9.7496701314155541,-0.56175443622879095,-2.1968327953981608,0.4983461809393607,0.3915781199129486,0.874251497005988,1,5
-0.81189800382830002,0.58102289841746035,0.056868470123569423,-0.58369022177451901,-0.80976884598843579,-0.059834280068954609,0.011285228594704558,-0.081772902486891522,0.99658709405371837,-13.7598986489813,10.229660330302625,0.5535573742356501,0.215001004325539,0.2298828560486933,0.5918367346938775,1,5
-0.88441266594683399,-0.46506869433066128,-0.039055676493791068,0.45800009575509559,-0.84878314540714483,-0.26420273344739775,0.089722620342569059,-0.25155174741259023,0.96367607097641239,0.63342132000193085,14.388101316581599,-0.43218685767684689,,0.3079086875719745,0.1475409836065574,0,4
0.40411129583114297,-0.90157718072344328,-0.15444302438259269,0.91370187030030026,0.4057947501642894,0.021897784107887525,0.042929626033871592,-0.14996402214487894,0.98775899857744787,-14.786224883330267,-5.0863973013961807,-0.61724189694506038,,0.1629853071376328,0.1481481481481481,0,3
0.67075149092558162,0.71771374656985032,0.18702784660519467,-0.73984211367952746,0.66521669506782,0.1006001760895812,-0.052211916717518847,-0.20584879544878038,0.97718994528442005,-17.928957213294868,12.966424113649589,1.0123305550938029,,0.1643795798495914,0.1176470588235294,0,3
-0.94690025023735414,-0.31579331862603827,-0.060452427673260846,0.31963744967014807,-0.90419009837178022,-0.28332343139033767,0.034811160118572708,-0.28760188788946656,0.95711720139887524,7.3621352556975674,-8.5089224159529824,-2.5322224399102971,,0.4244130159511461,0.2087912087912088,0,3
0.23530471885098228,0.96800104156181421,0.0872105086655343,-0.97086757580847727,0.2382792297043915,-0.025281592814749985,-0.045253061003971376,-0.078720977043751778,0.99586905175482099,-20.96168297466534,25.998997882230256,2.0625365948202345,0.3846875055782278,0.3936044299532113,0.2142857142857143,1,5
0.43930958966042005,-0.89720903589779977,-0.044978109517109073,0.89826165831888438,0.43936537775092183,0.0091683165301426877,0.011535927643691766,-0.044429840615620587,0.99894590025499819,18.08160606421222,-31.50141007991936,-4.6522961857715313,0.3574130206616651,0.2811786267181476,0.5,1,4
-0.38165044738511189,0.91462770641644164,0.1334132477160507,-0.92428235501283584,-0.37869226622197399,-0.047898807037258101,0.0067129891010537486,-0.14159211192388482,0.9899023232714752,-24.28146009093161,-35.085907459855967,-1.3629180765242044,,0.4340454774043133,0.8035714285714286,0,2
0.15909996972368648,-0.98144596572215681,-0.1070094201536728,0.98660192135826941,0.16202113472172075,-0.019125916335105041,0.036108841107039776,-0.102532766817195,0.99407403311962528,12.500925606238615,6.4552514783573836,-1.8860068666378396,0.2611050430573463,0.1738183518690522,0.2941176470588235,1,5
0.31185197175477763,0.94148665350763017,0.12787192412590295,-0.94849708453763915,0.31637217711178051,-0.016184133376573415,-0.055692264599815577,-0.11623909332301043,0.99165863322374626,11.495669514004478,-5.7171403352836787,-2.6176527865674388,0.2829526822458343,0.2687744777796303,0.6235294117647059,1,5
0.40210049818414217,0.90531975017218558,0.13678939764556403,-0.91237826033049751,0.40870400161267639,-0.022955372836883873,-0.076688326597726716,-0.11557330580180264,0.99033414136324882,-2.3920191155099202,-28.484649431482602,-2.8038747942604791,0.6252600451297015,0.6016829148198599,0.9692307692307692,1,5
-0.92004944115912624,0.38533080419115701,0.070916832728023141,-0.39177186642296219,-0.90252738390218779,-0.17877115535270335,-0.0048816495415877036,-0.19226152149628886,0.98133158353824723,-27.083652222785261,-27.927666832700154,-0.85979633155661839,,0.2648619446428006,0.3684210526315789,0,4
0.97938769152969773,0.18634779609800908,0.077937465762905694,-0.19439574425776279,0.97438059010641109,0.11310508493587791,-0.05486387057617928,-0.1259244396981638,0.99052157532892893,-17.795751024986707,-6.4888035397199575,-0.48250328926905156,,0.4569917721302025,0.16,0,4
-0.9465759746217639,-0.32177991190853272,-0.021251177873129197,0.31870451020984786,-0.92340218950163022,-0.21390612799893632,0.049207310846656957,-0.20925124782359883,0.97662303671555273,-16.424568451329161,-23.948406119930226,-1.4194000559544628,,0.149026547090437,0.1666666666666667,0,1
-0.080731447043135784,0.96605964847937087,0.24537968342598077,-0.99670351044360994,-0.076259935635696302,-0.027686359208523578,-0.0080340355802870547,-0.246805951704477,0.96903161789259562,-22.467901464104013,-18.603508929557496,-0.74994018070981083,,0.4304210570635862,0.5747126436781609,0,5
-0.67509615428651015,0.71669021413816425,0.17492946986187605,-0.7377238077017888,-0.65488597075845878,-0.16397545198512326,-0.0029607461118629913,-0.23974883161830743,0.97083043407184033,-11.038474981086097,6.0683491027830021,-0.033505552272093675,,0.2169575668854025,0.3404255319148936,0,5
-0.78598965627221773,-0.6180966641892609,0.013295636546964869,0.61550180747036876,-0.7843496485284458,-0.07715668379351584,0.05811871672525163,-0.052460867047843737,0.99693032464400366,-13.883575296033543,8.3798636276775476,0.39971144673070641,,0.09105794075619268,0.2972972972972973,0,4
-0.41376538912211414,0.89345085872183694,0.17476774820840543,-0.91010377879414295,-0.40118587823884366,-0.10373525401881807,-0.02256799923002667,-0.20197884580059081,0.97912983370940854,-7.6835732033657642,21.302389342232718,0.6738213346438271,0.5758706855034201,0.5736885286374159,0.987012987012987,1,5
-0.99852108683409657,-0.017661059380531884,0.051417177374986876,0.013612259787310536,-0.99685606198982191,-0.078055736865564246,0.05263407196043552,-0.077240395232680961,0.99562220536364199,-0.19040508859528818,5.9541871777620257,-0.98518527747001505,,0.08552761167628735,0.3522727272727273,0,5
-0.91434540770522987,0.39908951831491063,0.068556777779666969,-0.40427711386510068,-0.90932950593180917,-0.098386304162303151,0.023075758129743551,-0.11767500164854659,0.99278401647778014,-5.1845866257594491,8.5471032833404585,-0.29494815856949086,,0.08605033355881456,0.3571428571428572,0,5
-0.76868920608427238,0.63453760887310995,0.080491784519452214,-0.63958608695303687,-0.76387714111901395,-0.08614726143031648,0.0068221569633271457,-0.11770189548786776,0.99302553943638816,2.1559234533173113,22.524366163056765,-0.16519214342611616,0.28476168187578,0.2012425268029905,0.4736842105263158,1,5
-0.99783243355684537,0.041990637725210472,0.050667749954504321,-0.051325683825561866,-0.97847436646500618,-0.19988393720042066,0.041183840542869408,-0.20205123239993714,0.97850865645828855,-12.541392127326532,24.988769421868206,1.2710917758269433,,0.2917040072075883,0.375,0,4
-0.67792154198109167,-0.73112346096376923,-0.076686815987744322,0.73412377060759504,-0.66782844716681589,-0.12274956042139545,0.038531446207809274,-0.13951218578718738,0.98947040262456321,-11.005528603945969,-20.972374297764897,-1.787814074069443,,0.6636569710359229,0.6349206349206349,0,2
-0.091759618360822123,-0.99554903013430707,-0.021501186872279296,0.99498804856220979,-0.090803528569456102,-0.041874842300610997,0.039736075002966109,-0.025235843516244288,0.99889148386868443,-2.6174204663522658,-16.25043987740068,-2.4212972689779018,,0.08362250661044034,0.3421052631578947,0,5
0.93648113381612241,0.33228312493907713,0.11220967376831642,-0.34082265651615634,0.93768695009148118,0.067698599936827933,-0.082722444425563091,-0.10164206072713348,0.99137575554347801,23.606917245407288,11.484864681613638,-1.8247773663418732,0.2179237214652798,0.2387457114388737,0.25,1,5
0.4512477348809712,-0.89187010336360106,-0.030711569334575032,0.89230025243201161,0.45144190674566376,0.00068142762487404863,0.013256744493320977,-0.027711433742034282,0.99952805621723295,3.9505161699656055,-7.5587444108287691,-2.2293266820997255,0.4382721470809036,0.1676829295945758,0.3,1,4
0.31957494812595461,-0.94273359990732819,-0.095525976237163288,0.94731158096715573,0.32017610083148518,0.009382591425307913,0.021739850408895912,-0.093491304740687967,0.99538271777346166,-27.885342767508707,3.2311236007334183,0.96567160184331524,,0.191323662111813,0.2352941176470588,0,1
0.28330040670546197,0.93963751182759048,0.19189118251491666,-0.95806711396238919,0.28626203155068936,0.012706472218871386,-0.042991681803537518,-0.18744438017429435,0.98133394909010285,-6.6834414726233309,9.635746688270185,-0.14351644985430537,,0.09434748337569045,0.1666666666666667,0,5
-0.18190817790710576,0.97109853800943358,0.15452198641765275,-0.98331475984250938,-0.17945237256143445,-0.029814913347856343,-0.0012238816874277142,-0.15736732652622853,0.98753937979991591,18.325063639643876,11.556444266184865,-1.6428871472922066,0.2198065059807212,0.2047374830092042,0.5,1,5
0.95686589403847111,0.28569570841166803,0.052779001706292385,-0.28686619679237274,0.95783769995045842,0.015960128179163587,-0.045993977473549247,-0.030412213809106216,0.99847866841880628,-8.3361669344183955,-13.297525416353098,-1.6646612990162166,0.1301316017584724,0.228903852487903,0.3076923076923077,1,5
0.9981323238044294,0.04888838935602046,0.036630445846896988,-0.0486437519718824,0.99878772622894696,-0.0075407777122959065,-0.036954696195020773,0.0057448516588706287,0.99930042885438108,-12.995326450043423,9.1828547868692709,0.36604131771847842,,0.09899821634349251,0.4230769230769231,1,4
0.48395575646417227,0.86806685264596806,0.1106651034541398,-0.87483433450066528,0.48300012775404166,0.037091289656181199,-0.02125354003384259,-0.1147641752765385,0.99316537953612105,2.5337988030617593,-18.487587645026036,-2.874294558200841,,0.1383727908060699,0.4375,0,4
-0.72179767468397416,0.68182008762987656,0.11886750996464156,-0.69205644057738946,-0.71303943753190691,-0.11239503360707302,0.0081240307828689129,-0.16338949975003969,0.98652819092779609,19.779432780750145,2.6560442997346416,-2.4613520436390823,0.3801479589917034,0.3640447015411636,0.4347826086956522,1,5
-0.85691145301209171,0.49132028640359254,0.15590746571283023,-0.51523578935459247,-0.82540636064467632,-0.23073019129593855,0.015324590201885598,-0.27804444963998487,0.96044595941653177,-11.300788094655474,-27.823879725131981,-2.0398372244494314,,0.5186495330686479,0.4615384615384616,0,1
-0.83910461099258693,-0.54341061891263009,0.024664773746612221,0.54137930908378729,-0.83866934429388207,-0.059516171227914527,0.053027309067499334,-0.036587295536318551,0.99792257931083894,-10.321550014555061,9.7225485110470338,0.19119267445320848,,0.08699891236011675,0.5121951219512195,0,2
0.99803948266246123,-0.049939168522511845,0.037726257356504894,0.046898500197639262,0.99588211548651695,0.077584423264685828,-0.041445406573721852,-0.075663012769662127,0.9962717434377828,-16.814261715668273,15.261058232198097,1.0261772401287048,,0.09240582842770459,0.3636363636363636,0,4
0.86852588198871594,-0.49521846156847155,-0.020529676994031919,0.49563875002169827,0.86758438430953644,0.040491549478516124,-0.0022409356643335642,-0.045343262167589146,0.998968951861543,-15.679799156193303,2.0389485131611029,0.02260967140354803,,0.1464107083044659,0.5566037735849056,1,3
-0.48559476854958855,-0.87251072871103441,-0.054062455007243673,0.87072739775461028,-0.47725466262757243,-0.11858240088531639,0.077662858283451083,-0.10465665427664274,0.99147136376138634,-25.360023548293704,14.533112665394588,1.5345111593112031,,0.7483304069577742,0.36,0,2
-0.8898077415358614,-0.45619067788594664,0.011499935339337693,0.45333166832574928,-0.88655642216874619,-0.092239410255832377,0.052274100622023305,-0.07686205644732183,0.99567044883477707,0.36867376903552279,8.6912886043140816,-0.68827095622376211,,0.07571090713683122,0.2727272727272727,0,5
0.9256942935298681,0.36117802574653274,0.11243001665069066,-0.37216750523319447,0.92277964228723675,0.099845279451453411,-0.067686209634885641,-0.13426900423431956,0.98863057383796604,-6.1208660068550031,-28.709379499825896,-2.4981733413184508,,0.2381781544861408,0.3684210526315789,0,4
-0.34349153397797,-0.93683776869875501,-0.06594362156417044,0.93516167538582295,-0.33471764942959276,-0.11591693599258089,0.086522869664852176,-0.10148443378107611,0.99106745619311543,-12.563050241974905,-19.44855144124746,-1.5758609671542527,0.1747297398874921,0.2694783550642388,0.5882352941176471,1,4
0.050779093551356465,0.98732993571325567,0.15033656142988122,-0.99807774086550394,0.055523815750259671,-0.027530511679641656,-0.035528957864173961,-0.14864960117332668,0.98825148075988034,-1.3587786309498233,-27.337047527764884,-2.8580416079157271,0.4473831569390256,0.4545004030205226,0.9104477611940298,1,5
-0.1168553354985562,0.98109856862522982,0.15424146396816807,-0.99132993778523837,-0.10583068877472968,-0.077876952715038791,-0.060081486468245453,-0.1620045183165893,0.98495926363925046,-7.0768349519875731,15.116673793891716,0.29453798946785564,0.3778262072149112,0.2663442865734333,0.3088235294117647,1,5
-0.28116613480659364,0.95749006615634957,0.06448548557488884,-0.95940317203094461,-0.27890401037423146,-0.041929780516141948,-0.02216208778255583,-0.073656813731516543,0.99703736923750186,-15.839458975208462,-11.376927319387375,-0.90770219814132014,,0.07256974817715801,0.3043478260869565,0,5
0.22119626806399131,0.95745461775346208,0.18534526143695657,-0.97422021100665934,0.22558353353670924,-0.0026551578543892009,-0.044353032147783182,-0.17997978869768469,0.98266987549208695,-26.135060356699427,1.6162711183473022,0.64750903984603037,,0.1418725278719929,0.4117647058823529,0,2
0.96428615946265039,0.24981269663563349,0.088010336145286486,-0.25750532765250927,0.96200509086385222,0.090759084297973358,-0.06199361982774694,-0.11018085927993909,0.99197629475153715,-1.0650307667267436,10.659073855807501,-0.49980195056218635,,0.1471088926552801,0.1428571428571428,0,5
-0.026247063134611791,-0.9919817131989882,-0.12362593722843122,0.99900781402935324,-0.021577716874008671,-0.038958819833234598,0.035978871370583733,-0.12452583191171802,0.99156383455710684,-1.0768873101558714,-17.999866227739783,-2.6694922525426574,0.5671354374088122,0.4445551941087328,0.8324022346368715,1,5
0.53278301411383022,0.81986682237687147,0.20966795996869056,-0.84347590593637845,0.53452992433813873,0.053161603548689852,-0.068488363804272714,-0.20517347185421919,0.97632637497442343,-23.190009082829942,-11.191775387374037,-0.38254290736161689,,0.1979182692442154,0.2142857142857143,0,5
0.99004634358336674,-0.12873425366502014,0.056883472911859009,0.11986345051105027,0.98306784144361237,0.13860148754966298,-0.073763071985844947,-0.13040364662349221,0.98871325375889674,2.3643782747452051,16.006615370048632,-0.49085363410361205,0.4128595067676371,0.2641396345469013,0.4,1,6
0.84351068814989605,-0.53699946056091719,0.011013552295761847,0.53692315992671991,0.8435804774330532,0.0092465360068798522,-0.014256202551644274,-0.0018861206495073726,0.9998965962726849,7.2789879518094072,21.754237689490985,-0.6222594652410437,0.3332145642859554,0.2844528873047512,0.4166666666666667,1,4
0.63275873449580911,0.76604062414315843,0.11312889145404616,-0.77289458665103095,0.63374384523978156,0.031665384037245621,-0.047437768126176685,-0.10747325612939577,0.99307560506345693,-6.1151742454667906,11.387209314303696,-0.022369195861436375,0.2449274522284915,0.2163479676147376,0.4905660377358491,1,5
0.8184645423554181,0.55783950570279572,0.1375895300674998,-0.57294425919396819,0.81034972701894292,0.12275257951260438,-0.04301939985180879,-0.17929976519110088,0.98285346081641534,20.80663755162249,-23.155012910802963,-4.5187034130668522,,0.2933757431749693,0.2,0,2
-0.91096436455069507,-0.40164113962996767,-0.093959147907426405,0.41060768744747717,-0.86127051896821694,-0.29935667716831327,0.039309712893681001,-0.31128361362744372,0.94950369054535921,2.4292725890577707,8.6145071566322624,-0.9997391896797504,,0.3646702912988927,0.2093023255813954,0,3
0.63357181410842656,-0.77249896706700916,-0.042803063532436708,0.7735213802566473,0.63360246054865932,0.014580681483944161,0.015856564987692549,-0.042346993601543072,0.99897712760588397,7.0959649720915294,8.1214944982826101,-1.5129212539811103,0.6474783312152314,0.5753538967887711,0.8525641025641025,1,5
-0.57834567513795154,0.79379395647709672,0.18816863370302914,-0.81577230118747968,-0.56114186828223278,-0.14012621552018664,-0.0056420443556983611,-0.23454415004677243,0.9720890952038943,4.4062308591856381,-4.5984390853860519,-2.1028540720250692,0.2400047900558946,0.1947972562936719,0.4123711340206185,1,5
0.25300661821596976,0.94776323789428585,0.19424854191230853,-0.9662589630559979,0.25756593786940002,0.0018449833072538646,-0.048283200524263381,-0.18816118767055998,0.98095061037828912,-5.9261099521346479,8.8899839196809296,-0.23807437293219327,,0.1080519546083285,0.2794117647058824,0,5
0.99247539791785844,-0.11717198363960284,0.035543083402381048,0.11697601081668017,0.99310603315954238,0.0075511453126880478,-0.036182833239035969,-0.0033366378404105488,0.99933961666028115,-7.0381373290096674,-13.123502185686304,-1.8018402052086917,,0.1096866139808907,0.3977272727272727,0,5
-0.47606820442437869,-0.87019129645173798,-0.12698886689702885,0.87489423197619809,-0.45404795640977191,-0.16852458614364998,0.088989592598946884,-0.19133102430017265,0.97748314131207426,-14.623643755858971,-29.171805827865999,-1.8254445804134569,,0.2391857230246467,0.3333333333333333,0,2
-0.86639155053607619,0.47296446993507019,0.16021950985674036,-0.49916225557430904,-0.82940101329346061,-0.25086052251749591,0.014238109764439892,-0.29731896899932392,0.95467204154281027,3.4958902255427504,-22.163846929086919,-3.0973349151010727,,0.322031117356217,0.1842105263157895,0,5
-0.98984108182992314,0.1346731019240166,0.045582763627606826,-0.13938740447124287,-0.98239739225129308,-0.12436444496972823,0.028031842546236089,-0.12945469986069208,0.99118903166219541,-4.8983240466056346,-14.672991786451233,-2.1660558871026181,0.3355135231171262,0.3897827109931605,0.416,1,5
-0.99797097290366132,0.030467061774418727,0.055907918835837164,-0.042163620374925562,-0.97419278027634415,-0.22174457372014114,0.047709185264474673,-0.2236519282373432,0.97350071835470153,-13.169881931543459,5.8567806267939559,0.084125166142262106,,0.2720181036367795,0.36,0,4
-0.46347099347371806,-0.88611109817520028,-0.0013266119348228139,0.88465843720602788,-0.46262443826462279,-0.057948930969699546,0.050735467758496779,-0.028031247048305789,0.99831866731031538,13.807743578504455,5.5247355303461516,-2.0153274358253634,0.6250621390415264,0.3295986272482017,0.5333333333333333,1,5
0.40333995782621185,-0.91375623413852425,-0.048645893904129704,0.91505015767839193,0.40278674535774128,0.021119817633394416,0.00029555625427953155,-0.053031899240930845,0.99859277501361898,15.508940532246463,-15.817493275385099,-3.7792727247611908,0.3960186005160422,0.3760338804726595,0.8260869565217391,1,3
0.7684509060705218,-0.63597916164771462,-0.070807562514633535,0.63982906619325552,0.76189071073207282,0.1007040761560475,-0.010098069798750877,-0.12269087517026814,0.99239356010420221,11.80465965595541,14.625954082118634,-1.2365630834881594,,0.3573702607143132,0.2424242424242424,0,5
