axis_00,axis_01,axis_02,axis_10,axis_11,axis_12,axis_20,axis_21,axis_22,location_x,location_y,location_z,dbh,dbh_approximation,score,reconstructed,number_clusters
-0.35042671569797451,0.93523809610656239,0.050307261067378602,-0.9276533794579096,-0.33917954775798625,-0.15625761409609837,-0.1290748794516127,-0.10142454325092244,0.98643435540379054,-2.7660036499365837,15.882428032642217,-1.1528331784314074,,0.2493425440903002,0.4166666666666667,0,5
-0.90906373703317711,0.41652938019878366,0.010314913595957093,-0.39008164333071765,-0.84212061246072079,-0.37238311670266122,-0.14642210744174394,-0.34254364612410815,0.9280217761196774,0.95463267369631544,-23.805057619702769,-4.1518946166371933,,0.3683299301501174,0.2,0,1
-0.11562956816168767,0.99289594929669489,0.028061304976013442,-0.98806947637562548,-0.11208236165881064,-0.10562317008961906,-0.10172764040091886,-0.039939680459397553,0.99401021579421533,14.792755557408068,-21.876369389502035,-3.0777844866379818,,0.1902373923876567,0.2105263157894737,0,3
-0.79411811320320724,0.60774731257609083,-0.004430162425490985,-0.59053015503100825,-0.77330369128272225,-0.23081494112723414,-0.14370302112909947,-0.18067818104313096,0.97298758296974919,2.3642091074435037,14.810183680110265,-0.95621545588709678,0.5122617561883919,0.2541410166666583,0.52,1,4
0.57580907879278209,0.81657300703512747,-0.040650079476144831,-0.81725475024276351,0.57345388855989965,-0.056967630292720235,-0.023207283025927773,0.066023949269484253,0.99754812422129036,6.9567078554317483,20.00018742443444,-0.33318777780524739,,0.3406617379482537,0.2,0,2
0.81603155411964634,0.57169582004661967,-0.085184458807321395,-0.5760144179076756,0.81656578774775013,-0.037784979057509639,0.047957200122138888,0.0799012116373575,0.99564848382113558,-15.534139359119632,11.224708905762107,-2.3683056228799164,0.6067736306062067,0.4821665206889882,0.4655172413793103,1,5
0.81245689884648442,-0.53898397186408875,-0.22228375017163002,0.56517390214783536,0.82170990947061984,0.073289051083864437,0.14315113638298874,-0.18517316963155295,0.97222355937349214,19.074402381517416,-20.081200367357592,-2.5411608953038622,,0.4578630528280541,0.25,1,3
0.65908343947442261,0.75126045687360998,-0.034881882813582156,-0.75077214598655362,0.65996161182647384,0.028139931168148162,0.044161121150968763,0.0076417833951280276,0.99899519444551477,17.330686366459073,-22.495707832241514,-2.8104173908841354,,0.1371042384254479,0.1764705882352941,0,3
0.75439256440402247,0.65050077593207367,0.087980675626484622,-0.65586240646614447,0.74140609139317426,0.14199123715755788,0.0271360011121838,-0.16482035116109323,0.98595024686176402,4.1779514531483724,-29.386736325658742,-4.3792419510767271,,0.2249303324474633,0.3333333333333333,0,3
-0.23798971537112865,-0.93956689061361121,-0.24611979489720001,0.96913083941412126,-0.21291594602121089,-0.12430694279232495,0.064391858755985076,-0.26810605735895526,0.96123505477764737,0.85282700603156225,13.782611816844893,-1.1106860903156945,,0.5073745666809777,0.7166666666666667,1,2
-0.98906124470587187,-0.091112785011578684,-0.11600135614855411,0.11333390204477201,-0.9727485064868111,-0.20227646866351656,-0.094410173541710427,-0.21321070220584709,0.97243401606315294,-10.07519068974087,13.148258961709033,-1.7402134239785978,,0.2294991094571485,0.3478260869565217,0,2
-0.91752662188560707,0.39326605134454312,-0.059048378394825823,-0.37096893755676608,-0.89991828741850799,-0.22919232826982947,-0.14327227749704971,-0.18838494852193516,0.97158847547261384,4.2372113994837157,12.474012532205448,-0.96905378704251621,,0.1307194659519639,0.4878048780487805,0,5
-0.50977658714517937,-0.82263697360878307,-0.25178610138448104,0.86004489396691153,-0.48008534887038606,-0.17274500907824711,0.021227613150267926,-0.30460871204182988,0.95224099942617491,-14.318461772338262,7.4712854455434776,-2.5906961406641353,,0.121940202962886,0.3636363636363636,0,1
-0.25984539884569147,0.96063875869385973,-0.098252450319794349,-0.95779498624663062,-0.26934568396821307,-0.10040750394523121,-0.12291921338643359,0.068015276392996246,0.99008322334925192,-24.273696757998664,11.834931334250401,-2.8939935556128935,,0.07369093542579869,0.7222222222222222,0,1
-0.38768094103175538,0.9138670816814527,0.12062522530447779,-0.91202094359513441,-0.36126802769580157,-0.19417314595129984,-0.13387040899531086,-0.18528995974906198,0.97352264709744585,23.857614314479154,-8.651714766971212,-1.5949042312880402,,0.6080294272500468,0.425531914893617,0,1
0.96597308160753836,-0.20485964674910573,-0.15788771561925732,0.20657054632465549,0.97841524379927103,-0.0056762745129580279,0.15564258736210115,-0.027131823290089448,0.98744075729341163,23.4021899172538,-12.788559446665841,-1.8879307394596605,0.358355648486443,0.2537193146496651,0.3181818181818182,1,5
-0.9111230645877304,-0.37226170062256014,-0.17685018356185442,0.40716557905981005,-0.87948452822002654,-0.24642068876311166,-0.063804015587984098,-0.29652688052046172,0.95289078950509964,-13.203443937704249,11.608220567301181,-2.0816416374853617,,0.288705062149835,0.2608695652173913,0,3
-0.99294360350253019,0.031086087949978438,-0.11444061953422173,0.0096839152866749975,-0.94055274415343282,-0.33950958344377796,-0.11819146351632499,-0.33822210247323187,0.93361479602160136,9.9938399663941748,14.856706492012314,-0.54888178404567745,,0.3375068026858061,0.25,0,1
0.78062433872894976,-0.60282078018309992,-0.16502347943074236,0.60252889352040484,0.79601553383750046,-0.05760383982405648,0.16608604473906419,-0.05446445509539008,0.98460603739470132,3.4143477798288293,-23.942036087266011,-3.9778435572463375,,0.2100989191148423,0.2727272727272727,0,5
0.73405206966057279,0.67161394498770755,-0.10051003892685303,-0.67866685094778756,0.73075548201744867,-0.0735372757590253,0.024059602067417137,0.12219302107523969,0.99221469508814641,16.961720199661734,-17.296490622664098,-2.3856756373593067,0.5142100258355971,0.1075296855722772,0.4642857142857143,1,5
-0.89976251365855631,0.43441924140204768,-0.041319991705067192,-0.40896612419759332,-0.87248175654443583,-0.26743652285343478,-0.15223051032442894,-0.22373088118721224,0.96268913182270777,-3.9603475208792402,14.668105806095726,-1.3249431367276658,0.05948306656471784,0.1677854324805671,0.25,1,5
0.030213198687445871,0.99911651402442814,-0.029212223961009164,-0.99639428915283634,0.02778703308660237,-0.080164214808468262,-0.079281669815204417,0.031528910477834488,0.99635352392381005,-0.96334424698457777,8.4896979263956567,-1.4823759393845262,0.1372834383412987,0.1474405036740103,0.1294117647058824,1,5
0.49354718706133655,0.8654945424148307,-0.085617586943245852,-0.86924782191226535,0.48764373244450204,-0.081313063577610659,-0.02862513309355609,0.11455473476786987,0.99300443830711993,-4.5587499489254215,12.395911744981184,-1.5932201994150745,,0.08944223475617541,0.2352941176470588,0,5
-0.9699040365516518,-0.20086912495157394,-0.13761451421271534,0.23340690416642471,-0.92795268134290188,-0.29055987038124287,-0.069335250545867033,-0.31393536887344847,0.94690929196097473,14.651377338545052,-20.528170715225396,-2.8968038070562345,,0.3346609910726142,0.375,0,2
0.88712582032764364,-0.40907023980129831,-0.21370380861583491,0.43705591015244749,0.89337726452932231,0.10420745953587539,0.14828995349928775,-0.1858456406026614,0.97132460463027781,12.286271585145339,13.993299108196782,-0.4432330671392346,,0.3001604131737408,0.2631578947368421,0,1
0.84088757329526009,0.54057429163446846,-0.026220684611610992,-0.54013210063079309,0.84128356008791061,0.022344694985110755,0.034137998561362876,-0.0046267428828056277,0.99940641898304883,-0.32860433028549413,24.26891908089366,-0.36346383005348254,,0.1713596741399983,0.2,0,2
-0.94600363806394416,-0.2891038584393304,-0.14661540098254611,0.31433619105718769,-0.92863438469754078,-0.19705567372973087,-0.079182547075982962,-0.23250191094464295,0.96936731203690196,-10.648259165492497,3.0693027198974612,-2.2276955262618068,0.2134383281969435,0.1683227711647171,0.527363184079602,1,5
-0.96828005896240699,-0.20361738966690265,-0.14482294721829436,0.24145068246720594,-0.91164050764161542,-0.33258555705721327,-0.064306262151338223,-0.3570035622401731,0.93188688218900739,19.249145862495634,-15.364999417587418,-2.1750081418431271,1.099169911912455,0.6698325520616305,0.4468085106382979,1,4
-0.35330843870316414,0.93448774733466611,0.043655437490796846,-0.92672406778882588,-0.34323081156467561,-0.15288921536061578,-0.12788920721492933,-0.094473594586183221,0.98727862865753435,-8.2626122436487108,18.336349494703491,-1.2797289089037704,0.3091166630254001,0.4827203429119646,0.6481481481481481,1,5
-0.56707004324557209,-0.75555274634266301,-0.32798111766917909,0.82364327154062267,-0.5233393571440772,-0.21846665308436305,-0.0065823475542037962,-0.39402533517285782,0.9190760077069754,19.914323558938506,17.911926542150212,0.28742745924407576,,0.3159150869654753,0.1578947368421053,0,2
-0.18113280455454395,0.9834372062992085,0.0064937185503960168,-0.97539254631425842,-0.17879933493993008,-0.12899681554063475,-0.12569919533867838,-0.029699479649399327,0.99162374578252332,-1.0019612873925843,14.73310491201895,-0.95204841612621904,,0.2362692742382217,0.3714285714285714,0,5
-0.98552082752718506,-0.09163902068614331,-0.14265689046735991,0.1327224308356566,-0.94052669749384621,-0.31272078225534128,-0.10551518783192328,-0.32712661339151666,0.93907120281041012,-7.4375182802381552,13.066209116256932,-1.7147754844240224,,0.5122175737102282,0.1538461538461539,0,1
0.54859544295323626,-0.80302402183776689,-0.23279918453989054,0.82216808378477935,0.56872496186929267,-0.024322001406819015,0.15192985873949949,-0.17805712032453808,0.97222064364275196,-6.2201778615350314,11.436602104774625,-1.7985727956452793,0.5057308299759699,0.4712394141013281,0.2903225806451613,1,4
0.71756154652329018,-0.64204746543117774,-0.26996384773614529,0.68140907005576223,0.72737522692584822,0.081283199373006362,0.14417734286927802,-0.24228151268301751,0.95943345908675903,-21.069361525601824,1.9201512016146822,-3.3745099120918471,0.3452740618021582,0.2699779654271987,0.1666666666666667,1,5
0.99357551882728012,0.053187333907133191,-0.099893923233361853,-0.0556020160922822,0.99822055327535275,-0.021543974218382875,0.09857030076841225,0.026959868888773855,0.99476482712042336,-20.03765263926087,19.783970454088315,-1.7956455894833596,0.3100504064596362,0.3944185120614594,0.5,1,5
-0.54866344726820893,0.8359819728499629,0.010127324505983467,-0.82510388608461416,-0.53949142525733418,-0.16778730357770957,-0.1348035563322928,-0.10041485519431051,0.9857711996485149,-2.7116358092200348,12.155885828955574,-1.4530010419417283,,0.1966672989324169,0.2307692307692308,0,5
-0.61209144033247898,0.78712799416068835,0.075984139662714917,-0.77845174431676356,-0.58285033870933034,-0.2330200944910274,-0.13912925803690601,-0.20177959132427239,0.9694988633738103,-11.728929168037748,11.941201303359433,-1.9181043343447375,,0.1386963356200057,0.75,0,4
-0.017437119267912953,0.99927839146589903,-0.033743787886979001,-0.99672934228883558,-0.020036313523000344,-0.078288979817548718,-0.078908586935143452,0.032268289228480726,0.99635946947784149,-8.2052355446484277,11.587101785531164,-1.8960000820009173,0.2765785901034594,0.1095251918874737,0.3513513513513514,1,5
0.98289101079992369,0.15547461806440493,-0.098756792305295271,-0.14811081713974997,0.9858892937735444,0.078009526782930119,0.10949176560316921,-0.062047913425260143,0.99204919721991192,9.789379095626753,-26.008382717959062,-3.5831537564130871,,0.2334714365930084,0.3846153846153846,0,4
0.039798718123185972,0.99819130737290485,-0.045057473530160895,-0.99612902050333696,0.03609863781038699,-0.080149004106701643,-0.078377525776288495,0.048072884596250885,0.99576400879916427,9.9111193927130383,17.550311000325983,-0.30546695445684302,,0.121408422167589,0.2222222222222222,0,5
0.65436711826238869,-0.70751855311421274,-0.2668729501769494,0.74136546856636765,0.66977734848448134,0.042137221959548145,0.14893259063867631,-0.22542360226087504,0.96281009705413034,0.030719025864920011,18.937432973337092,-0.58542613766469309,0.7200852881974324,0.3937816325239779,0.3125,1,5
-0.59524562823520366,0.79846121357274313,0.09023487400567165,-0.80226997053603732,-0.58422230704271838,-0.12266698956846013,-0.045227607088845156,-0.14540971897925253,0.98833722847183669,-5.0750783054417132,20.660274380281511,-1.0002450338560331,,0.6267302500402857,0.1818181818181818,0,2
-0.96335819610671569,0.26093063798127891,-0.062098213796344337,-0.22654677249819938,-0.91552195885940568,-0.33240954065261863,-0.14358811185005105,-0.3061613055383039,0.94108857666343926,-18.155195459346402,12.472755883398161,-2.4459777195873804,,0.348066117050376,0.2222222222222222,0,4
-0.76725325276907563,-0.62229212529624223,-0.15516106763476006,0.64040800227201922,-0.75644168204512119,-0.13294198844123176,-0.034641546461352188,-0.2013665624154943,0.97890319786980606,-9.6936108281541955,17.88706373464872,-1.3193271069373302,0.1448882377839882,0.09611049236287988,0.3125,1,4
0.52442889605263043,0.85137364689370598,-0.011715219158438128,-0.85145206113375571,0.52434673807419863,-0.0094808154726490901,-0.00192887949292414,0.014946961091085811,0.99988642743965828,2.9859462415157068,16.493051090145602,-0.82079529990214639,0.3690144924130097,0.3797563946477526,0.5714285714285714,1,5
-0.92072977636508369,0.37843648538890978,-0.09509208926715472,-0.36219875845744048,-0.91954195684400075,-0.15249475064865203,-0.14515074332083791,-0.10596422098989505,0.98371888544614872,-28.335451493779885,10.999606834646659,-2.7341252557202145,,0.2495676662626301,0.1875,0,1
0.4567710845172962,-0.82258795441268051,-0.33868751616210213,0.87985273114304918,0.47391108263938453,0.035601365868219707,0.13122251273698962,-0.31425681059720517,0.94022513747732894,-2.9804184859400631,17.363061459765937,-1.0279528552179429,,0.3969049232344894,0.15,0,3
-0.81492141808784002,-0.53891078694402728,-0.21325629195189544,0.57772694098182586,-0.78467057644460836,-0.22477470526255078,-0.046202424238180523,-0.30637762675733005,0.95078813929132533,24.758559486043133,-16.165009520688976,-2.0620242621135407,,0.4100811465147556,0.28125,0,5
0.66097335452597827,0.74946709646767062,-0.037593828203507373,-0.7503054878435933,0.6608855660026155,-0.016490711360947156,0.012485972868104541,0.039106776416905679,0.99915702495644576,-5.7970265517298873,17.22999908339002,-1.2570707914774839,,0.2909384859389693,0.5384615384615384,0,5
-0.021189690228959803,0.99875884601666642,0.045075098795876414,-0.99693176414824758,-0.017709870118146228,-0.076245774523325857,-0.075352867631326273,-0.046552422105145978,0.9960696849798617,8.5634723322049133,23.467172429961465,-0.00053935760514054582,,0.353268280539034,0.2307692307692308,0,4
0.77024618448260684,0.63774111623587593,0.002661569500489085,-0.63758434052531976,0.76994926601238689,0.025774725680026547,0.014388328842511107,-0.02154985914585799,0.99966423341235655,0.69942679867271151,15.674846672539784,-0.88610320385486308,0.4526761524611249,0.1871724769729285,0.1111111111111111,1,5
0.97982776907404256,0.17595920926438907,-0.094741224535231275,-0.17560941972459596,0.98438576467001959,0.012082963999413885,0.095388021550794622,0.0047982278052819544,0.99542860233898922,-7.6020663073861199,22.41867469033653,-0.96646050919827742,,0.2559545277241284,0.3,0,3
-0.96137555409988107,-0.23195465556087982,-0.14816909847461388,0.26175729806108411,-0.93691999512534752,-0.23165500134052597,-0.085089134975665504,-0.26149179814661855,0.96144780337319458,-18.747415897174939,9.3775544148171317,-2.7022489319520404,,0.4134791225477661,0.4426229508196721,0,2
0.35265358717223777,-0.8911352470938112,-0.28550554958109808,0.92810513690687191,0.37202412222431402,-0.014795517236813393,0.11939975838178683,-0.25976147495400587,0.95826284172354825,16.468559369876161,-23.863455235278071,-3.0124006894054158,,0.483120601800228,0.4375,0,4
0.48627360569655592,0.87028083667621525,0.078417126426676101,-0.8737180099948727,0.48554030067462028,0.029452596343939777,-0.012442644954757257,-0.082836475872324691,0.99648547347745309,-12.119809043786983,16.585576150924105,-1.5724657909881246,0.7361674573573035,0.5658535533158217,0.6774193548387096,1,4
0.075040389422419959,0.99082693692453294,0.11238737037620421,-0.99345125990509775,0.084021545748767495,-0.077427217714188742,-0.08615993354398653,-0.10584120612849389,0.99064327834844801,11.566523288988245,11.113262869602455,-0.59503270895509508,,0.4425610443671979,0.3571428571428572,0,1
-0.89333027879033577,-0.39798984739316029,-0.20872252961371829,0.44428663297661114,-0.85199955860636434,-0.27695873319479536,-0.067604739143692222,-0.34014825224676482,0.93793857247624923,-1.3147051804307313,17.254096148760066,-0.92737833143071147,,0.3240714033990839,0.1875,0,5
-0.48865496698816463,0.87231376443851683,-0.016882523771682329,-0.86435164514625029,-0.48664813697464543,-0.12676681076716978,-0.11879628264709421,-0.047352794534351934,0.99178886668434696,-12.858634185009899,5.1213598042052233,-2.6636788986734148,,0.3592796467641333,0.2380952380952381,1,5
0.98538450877087591,-0.10785628155754672,-0.131849885866308,0.11298703397052814,0.99307940880624879,0.032050241178087142,0.1274805868707935,-0.046479138692644334,0.99075142676529504,-14.42498658803291,5.3116690100342794,-2.8460627096537388,,0.1363293303164923,0.1176470588235294,0,2
-0.98835390744523366,-0.09997009353194268,-0.11472808739342331,0.12228414678021747,-0.97050049339824385,-0.20778686137482066,-0.09057119345560459,-0.21939638263421615,0.97142271241877398,4.0074696108869157,11.193391181729426,-1.089283777745228,,0.09421194295903715,0.3636363636363636,0,5
-0.97742154031213446,0.16381618219006433,-0.13345932334057761,-0.1311302677515325,-0.96554110804414095,-0.22480040381703556,-0.1656864068451743,-0.20222420015804854,0.96522193689180702,-8.8525410038721084,9.2267751330238763,-2.1295316882694477,0.242514746209153,0.1573409967414694,0.2363636363636364,1,5
-0.94187454193669651,0.32677647507195479,-0.078035136900538982,-0.30643436940344543,-0.93081360769976962,-0.19920844602890628,-0.13773280110362385,-0.16371671588596909,0.97684518345521998,-11.640436148448195,7.9786499542617664,-2.2848037029155024,0.2253757278283382,0.1860191499832385,0.3846153846153846,1,6
0.89327206078607291,-0.41652417648357465,-0.16903442200830723,0.42619028234778383,0.90431881932064129,0.023860349009127937,0.14292259671346175,-0.09335461117267356,0.98532129172239058,19.635352708325286,-19.208944264372199,-2.500876289867799,,0.4332668863526742,0.3076923076923077,0,5
0.20135131647842211,0.97719576817407094,-0.067424609862375334,-0.97667884086597212,0.19505312886197579,-0.089736941812467927,-0.074539178672072159,0.083920841176913105,0.99368063443897914,-11.197203638852862,19.829695997207814,-1.0443134145769395,,0.105242632692415,0.2222222222222222,0,5
0.57821341166554474,0.81045813815984857,-0.093951353692023648,-0.81563674903764194,0.57703552826392279,-0.042032044210134567,0.020148056715189405,0.1009336683750667,0.99468912248951158,-26.786180078448105,6.8771985493967103,-3.4867530259388215,,0.6701795492243769,0.8207547169811321,1,5
0.82195526545700148,0.56877465854065823,-0.029747762764099718,-0.56862848877689987,0.82247554393941857,0.013986471065204412,0.032421957664684094,0.0054191718478369174,0.99945957859118773,10.796447061894046,-22.412882764703625,-3.2737006961414532,,0.2361148179206738,0.3809523809523809,0,4
-0.95467734426935236,0.27898352714856484,-0.10372733448114367,-0.26552984715701078,-0.9557425537493387,-0.12668887568159759,-0.13448073693875817,-0.093404296113395471,0.98650421634170937,-7.8531918713209619,8.1842256001604401,-2.1674444097469587,0.225030227680478,0.1941899866177654,0.8486486486486486,1,5
0.57037794710614642,-0.77052950305173584,-0.28452290308835132,0.81122180602754634,0.58276205511142021,0.048037157989623602,0.12879510425627264,-0.25821051885846802,0.95746495970894774,3.1554332536809455,-28.37592241812186,-4.3909942399208939,,0.2707379307609822,0.1515151515151515,0,3
0.26348318825809669,0.96460900686084416,-0.010299193574502123,-0.96341193055105523,0.26258242771017337,-0.053739377831542243,-0.049133100627153828,0.02408178857079139,0.99850188076036939,15.947946580944643,24.684507083322995,0.58862428561658453,,0.281298183369779,0.4375,0,4
0.966055899910361,-0.22183755387548509,-0.13237861586722213,0.21890525353869608,0.9750634364568479,-0.036493627637156696,0.13717320518796441,0.006276509818491087,0.9905271915515278,-11.48919070370277,13.728992641580241,-1.7474287635436547,,0.2521265769860823,0.8793103448275862,1,5
-0.89396040768626506,0.44419096442260309,-0.0594068734636259,-0.41697228105946205,-0.8730115241274895,-0.25295255596389116,-0.16422212493289234,-0.20135855051602419,0.96565305768511422,1.9520886925455285,20.706635037120421,-0.51414106421970007,,0.362763238243379,0.3939393939393939,0,5
0.20196146664540027,-0.95226133132523971,-0.22893213591176131,0.9709729216604025,0.22526407788374511,-0.080421891406803864,0.128152843872856,-0.206044781729284,0.97011463061301739,-10.401894595274785,20.889252475322007,-1.1222298771886143,0.4355674326005703,0.410257702965764,0.4545454545454545,1,4
-0.96308388899068542,0.24549545783330942,-0.11045996084460007,-0.23104246669261944,-0.96437077273122285,-0.12887354765960896,-0.13816222838086617,-0.098595095643736114,0.98548983037058058,-1.9690695253783861,13.880330149829938,-1.2925180369682419,,0.08286865971111063,0.55,0,5
0.39989800124314523,0.91512153278838015,-0.051324154438076683,-0.91585270943023189,0.39676370446619935,-0.061582281928830952,-0.035991710587871296,0.071631997356659524,0.9967815476440437,-10.853096870942551,10.794771083983315,-1.5680079576325301,0.7222145044340608,0.5589230635566631,0.5063291139240507,1,3
0.98578299852095863,0.12762963964991031,-0.109281997190118,-0.11925234812819224,0.9896307569993118,0.080061490536217125,0.11836704479262526,-0.065891121433789446,0.99078130928235519,25.013304779421663,-25.007475981777382,-2.6273227935143191,,0.207451366375405,0.1666666666666667,0,3
0.72732373861073962,0.685445168139172,0.034133571860537011,-0.68587094314024166,0.72422808205983236,0.071237170857998064,0.024108683274111278,-0.075223710561222928,0.99687520019317855,4.6970157170703057,-27.025431920793846,-4.1501111843973719,,0.2826865266068894,0.375,0,6
-0.12146880665854808,0.98667418969620446,0.10825605016019699,-0.98696676072066325,-0.1084614026287168,-0.11888119015375431,-0.10555539892165623,-0.12128547945714774,0.98698930603697055,-9.554122573429165,6.1379792575995449,-2.2753790196045518,,0.0991566730488349,0.3260869565217391,0,5
0.99331553281884366,0.074796976572061566,-0.087918510886471152,-0.074842219823206949,0.99719149541617136,0.0027863240289059533,0.087879999958755367,0.0038123175809156276,0.99612377335445168,8.1141883513992514,-25.716504055153834,-3.7701757140120211,,0.4396701203735519,0.725,0,4
-0.96632285824820885,-0.20652246202195879,-0.15352070318820266,0.23632995948999233,-0.94829105223366716,-0.21187786694466781,-0.10182477043661942,-0.24102396755084821,0.96516276512906218,23.796569227897379,-10.892581128365151,-1.704707429087333,0.6097712584363879,0.7295070219615782,0.5,1,2
0.61933724321007211,0.78077221293489896,0.082559861201972021,-0.78451083132409904,0.61126296308632999,0.10440471969260198,0.031050518644927118,-0.12943083661809782,0.99110217627862185,0.66449517239518319,10.681479357599423,-1.336650444367161,0.5714195960554989,0.4554432954068285,0.4573643410852713,1,3
0.98623450591181305,-0.098493772729897816,-0.13281745398218953,0.11214418993868511,0.98869411784231931,0.09953703836759438,0.12151205706379886,-0.11306156764094095,0.98612975916493628,-6.3160940037958033,13.502731874029077,-1.6093941785167136,,0.2221661027253591,0.2272727272727273,0,5
-0.88715822353447527,0.46052226610454916,-0.029487774366428226,-0.43968101111220376,-0.86295214638296291,-0.24898634806026612,-0.14011029541937545,-0.20792507178060252,0.96805798878090321,-6.1901040296732157,8.1253531044011567,-2.0776651353575866,0.629948057786911,0.3237501648581236,0.2205882352941176,1,5
0.91733048151109964,0.39525633488077638,-0.047720199362858519,-0.39290377356933331,0.91812107176727487,0.05177182913409091,0.064276064017590256,-0.028742430543138086,0.99751815035160196,-12.889839751097535,23.449563023855756,-1.1166452288712352,,0.4729754146461646,0.3333333333333333,0,4
-0.08748251787241744,0.99608395872478384,0.01278891073808136,-0.98985090917451624,-0.085477474008462895,-0.11352875866280358,-0.11199101157274501,-0.022590896580193646,0.99345239680551267,-17.135534027407189,19.035689510482808,-1.8871676315847499,,0.2800605188753407,0.3461538461538461,1,5
0.6396911125342315,0.76720630908672038,-0.046794869828304921,-0.76859823809416605,0.63904772660841103,-0.029576198456942964,0.0072131091257472135,0.054886085797336059,0.99846656861538785,-8.7101361933602419,13.922635007666297,-1.6720500144273107,,0.1263699733550748,0.325,1,5
-0.85027030621257083,-0.44998872601578283,-0.27303947119761801,0.51669976155215569,-0.81245798989501095,-0.27006179120287366,-0.10030833856229199,-0.3707049515645186,0.9233179712863937,-21.652758775759793,6.9535684018406672,-3.0902090096479733,,0.2190201226593723,0.1363636363636364,0,2
-0.28255930885146352,0.95770370261261595,0.054441298510125351,-0.9509527757424171,-0.27221534919069801,-0.14692726762850322,-0.12589303113824354,-0.093286771125769163,0.98764797526434145,9.5409606468671839,15.254100209596981,-0.55106546639558229,0.1892153157216817,0.1617783641829861,0.24,1,5
-0.25524756462983245,0.9667524210977817,-0.015441407064015002,-0.95696657237749994,-0.25488000306565645,-0.1387485617558247,-0.13807121388109284,-0.020638322093330042,0.99020725081094685,-20.473420498786513,34.357843604064584,-0.78516322184422405,0.8350974927334733,0.7279516651623666,0.9310344827586207,1,4
0.98028451506065706,-0.14796893871493619,-0.13094832075237489,0.14729186346266038,0.98898090740869304,-0.014895359638958753,0.13170943963888238,-0.0046859317805927224,0.99127728994129516,4.3174049611609711,-24.708517488631706,-3.9627628976077069,,0.1737468607049215,0.4897959183673469,0,1
-0.98367701001677987,0.14753554028621624,-0.10301846590249455,-0.12583486344091072,-0.97324179174894665,-0.19226544654749611,-0.12862786287292699,-0.17616378500064936,0.97592069029557404,1.2484905950933467,13.049301985424641,-1.1313908728694662,0.1969027000137196,0.1502240346666808,0.36,1,4
-0.86481647682590934,0.49974290205077859,-0.04847157167132126,-0.48484574929660657,-0.85629924635353083,-0.17797808877327478,-0.13044945687673093,-0.13041714819854647,0.98283991914061219,-3.6873629755113306,22.991021443879628,-0.71517920308109906,0.5464648904257039,0.3028921340218638,0.3125,1,6
-0.97313685750070233,-0.17361813820798516,-0.15119986328978974,0.20730846870254999,-0.9464577644654234,-0.24746898570794082,-0.10013918003390082,-0.27216620320735296,0.95702544503990716,-9.2141055575958717,12.420257246182274,-1.8371624855384492,,0.315000175241312,0.456140350877193,0,5
-0.57453785980350991,0.81512326217240549,-0.074029150459935536,-0.80520200268590303,-0.57912650570187263,-0.12752343025558438,-0.1468195576992877,-0.013658618486369468,0.98906898627852602,-17.630367382920042,7.2808960623765762,-2.90507343661351,,0.2040215047389237,0.8363636363636363,1,5
0.84857203366331369,-0.49230637085804252,-0.19380387224483148,0.50725592872866165,0.86114320769925579,0.033523105510355866,0.15038924979575646,-0.12675493302439544,0.98046736840134063,10.340808050042343,-32.975553353515849,-4.1897651617764629,,0.2154352879354069,0.2941176470588235,0,1
-0.7908683133056944,0.60320331957180606,-0.10331053318301545,-0.59258053183490589,-0.79697361418866275,-0.11696739536007367,-0.15289089017748994,-0.031285995982442805,0.98774772191897298,-5.6122028040581666,9.7066388290789654,-1.8936087954214957,0.5111117577644561,0.424375246437464,0.9388888888888889,1,5
0.077532511847310082,-0.94798364799404444,-0.30873242904260823,0.99038709214540244,0.10881297411753713,-0.085399908521431131,0.1145518106291617,-0.29914334323129865,0.94730731174312233,21.775516596576544,-14.585763931681656,-2.1071231214044586,0.3709448312590908,0.2288641184018556,0.5,1,7
-0.92518103922177275,-0.33038964271373528,-0.18676918549913801,0.36956503327175538,-0.89626740382465664,-0.24520690655904595,-0.086381310752774651,-0.29588414088778181,0.95131006739324109,-1.0436263669352421,10.521936714310312,-1.3055427041850276,,0.08405541979354746,0.3333333333333333,0,5
0.6951036929930321,-0.69493837826512483,-0.18409645950339826,0.70399962744959788,0.70987358181062621,-0.021541179126937333,0.14565500519472463,-0.11463048574262386,0.98267210767383373,10.037241859451456,-24.665851637179074,-3.4906694007440526,,0.5219618687050264,0.3111111111111111,0,5
-0.44520876302750351,-0.87603864070244353,-0.18532527436843205,0.89484379725316776,-0.42781791276880188,-0.12738293461714903,0.032306900827087363,-0.22254917099454724,0.97438602753148507,-20.527973403950543,3.7614569539431129,-3.2310526679674294,,0.1087197205639537,0.15,0,1
-0.81720086808383152,-0.55235445444100184,-0.16458219181373909,0.57474808447094494,-0.80228832181924215,-0.16123922621199441,-0.042981165642761894,-0.22635813511258343,0.97309537768316523,16.559259553373934,-20.430188770115308,-2.7020589266309427,,0.1614472322529651,0.2727272727272727,0,1
-0.78121217697503864,0.61596771439334019,-0.10144609095950134,-0.6053679543837891,-0.7871752806289386,-0.11783343062109437,-0.15243744405855617,-0.03064069829155722,0.98783802986982572,-11.721358545166941,4.2802106891288618,-2.6641851025853112,0.3369059011155227,0.3189575896755851,0.8316831683168316,1,5
-0.13053826803717905,0.98957645978979147,0.060812752015986793,-0.98430050374536793,-0.12200429865251666,-0.1275439902030798,-0.11879511313378757,-0.0765073940231389,0.98996683770483962,-16.244466588512083,7.8145934039583249,-2.717030194169904,,0.4577027226758694,0.6627906976744186,1,4
-0.91271970567049299,-0.3381982585531339,-0.22926987763855283,0.39271659146721066,-0.8810083079986617,-0.26381440450383203,-0.11276709478897357,-0.33082669050269081,0.9369297109089304,-14.187518248011788,11.918125686007496,-2.159084231458325,,0.2254714289692148,0.1578947368421053,0,4
-0.0066351148483916574,-0.92418911540533921,-0.38187753824654924,0.99549684742420552,0.030007998659883253,-0.089919668509709241,0.094562159553471498,-0.38075451275424765,0.91982824429230214,3.7279405642320618,-27.451134070229863,-4.2413367537746831,,0.2217755605953299,0.1,0,1
-0.94592882767548514,0.3185370740392684,-0.061259982329280392,-0.29318375904020261,-0.92039106349330002,-0.25869590966369871,-0.13878737841582861,-0.22674748665459099,0.9640143364537106,7.0437869869985157,22.242808443428991,-0.15719298981001301,,0.1567909432668901,0.3125,0,4
-0.60592213315225441,0.7934903092072072,-0.056846264173399143,-0.78171697937142393,-0.60713920478503292,-0.14247999921186866,-0.1475700942557058,-0.041894095135807441,0.9881639297576662,-27.318017824545649,12.887493046445007,-3.0249220447511433,,0.137505478156768,0.5714285714285714,0,1
-0.98815523446252229,0.10685418100202479,-0.1101427101841283,-0.085341613866683305,-0.9791622147336948,-0.18427741636032416,-0.12753839244301404,-0.17269493692692003,0.97668337613213208,-15.120132227719026,13.588571346616975,-2.1611051859815,,0.08761471817847472,0.4210526315789473,0,2
0.54661890364624011,-0.81369101403547717,-0.197774386244776,0.82564158076714,0.56311761904552937,-0.034850067845423841,0.13972742853469733,-0.14424105101672524,0.97962787063081769,-22.519244429504525,1.6221714974079906,-3.4809744832972478,,0.4561683675592423,0.1290322580645161,0,2
0.5020616791857595,0.86448178347535776,0.024603177283459496,-0.86477444987629781,0.50215284983914299,0.0027687974961457793,-0.0099609805904366366,-0.022666306220753014,0.99969346173113749,-7.8861025800105038,21.397471060534034,-1.0510735612996454,,0.1859791650732439,0.375,0,2
-0.77125267860737778,-0.5780056360356769,-0.26660605854319414,0.63419269868767014,-0.73362550951087702,-0.24411725200435019,-0.054487858025381503,-0.35735570025661889,0.93237759347911564,9.3937243386094806,21.499239641373887,-0.086271686589491942,,0.4543303834389409,0.3571428571428572,0,3
-0.95560657320547737,0.28606446247812339,-0.070591788145551476,-0.26032432555060375,-0.93192527713143181,-0.25248073861212916,-0.13801203850790478,-0.22289549378712298,0.96502345882174634,19.138391429589589,21.396698730507499,0.56632798851378563,,0.1657690909012355,0.4,0,4
-0.86140390779605269,0.5066963202556326,-0.035244101252415484,-0.48570080788075315,-0.84203405937549047,-0.23467715712360246,-0.14858678560919455,-0.18503373176541021,0.97143424134178702,8.5330772103480754,-24.219757800520455,-3.6006822014139335,,0.2130852127668502,0.1666666666666667,0,2
-0.49449233947873561,0.86910228513966226,0.011770478404250594,-0.85676215525186161,-0.48510069366540587,-0.1750312153118061,-0.14641016195958717,-0.096636095587312509,0.98449252384393882,14.547397473147523,17.629663712202987,-0.094957793456720202,,0.1365981997346881,0.2105263157894737,0,4
-0.32415594394497188,0.94270029575572778,-0.078987824297208339,-0.93721332588200623,-0.33137850904409044,-0.10871736536958165,-0.12866275993593368,0.038787061319183046,0.99092959289744176,-31.639023797765528,-8.593078339335749,-5.4007138116186653,,0.2212982311438173,0.8275862068965517,0,1
0.23260007212459707,0.96989720683979364,-0.072087548245170108,-0.97039276688530751,0.22648078688558781,-0.083930513809714585,-0.065077526261451954,0.089475478965202776,0.99386068150402174,7.6257137308304799,-31.892287870685163,-4.2791464803598629,0.2130680148339154,0.3100019239694104,0.8333333333333334,1,4
0.31142189916808849,0.94916961767748143,-0.045754099231914577,-0.95009859208205005,0.3119231555846258,0.0040755777301755159,0.018140177569316449,0.042201681105286007,0.9989444189091008,19.834150299151823,-21.153403257004065,-2.6601742111180866,,0.1872848623033743,0.3333333333333333,0,2
0.98214983967720348,0.14655248129589843,-0.1179154894322955,-0.14279205670865819,0.98895308922270919,0.039777077039046267,0.12244231688004675,-0.022229654582881647,0.99222664824835816,9.3001607781293263,-21.137044701187392,-3.2354710215793188,,0.1728600967360448,0.3461538461538461,0,4
-0.98244248895613129,-0.10385998857207961,-0.15498341416902844,0.15341836325309194,-0.92243662922777292,-0.35436347282930525,-0.10615819191387643,-0.37191903397474968,0.92217496737705107,-24.318851618601169,-6.0732078188719587,-4.4209975657127609,,0.2766093372298917,0.1388888888888889,0,3
0.72616012244732131,0.68578485750641027,0.048893821513605093,-0.68693087042063339,0.72073757422162399,0.093077002359767569,0.02859118448827614,-0.10117548280113023,0.99445767423732823,30.852044855979212,-10.029670066317044,-0.96187413796757393,,0.4341329624297074,0.3846153846153846,0,3
0.43478873239062282,0.90034769829518613,0.018242268518886398,-0.89976263262246525,0.43516533994780376,-0.032532012609152491,-0.037228525655000726,-0.0022691590231099842,0.99930420182989443,-0.86393624191487606,12.998328370408284,-1.2128642033365109,0.2935866997181387,0.3309217733135537,0.7678571428571429,1,4
-0.98110513618713602,0.16405341980024335,-0.10256308887249464,-0.1308458645222231,-0.95310901013562555,-0.2728783145208149,-0.14252042479818156,-0.25430235989886896,0.95656585673188921,-22.952446934541531,10.438963303133923,-2.8373449445879868,,0.6161039310327125,0.391304347826087,0,2
0.080614770918398374,-0.92158713683517535,-0.37970831954240525,0.99123944429535071,0.11410984317614878,-0.066507952632434517,0.10462133043895767,-0.37102034029182002,0.92271246025342246,14.393356428497382,19.371781455989765,0.057344642100041074,,0.4109817060322676,0.1428571428571428,0,1
-0.80690679763387096,0.59041764823601794,0.017561907177208871,-0.57088216936371339,-0.77188570984254212,-0.27979635387805712,-0.15164092005402652,-0.23579535956486564,0.95989873412399285,-34.889552584248129,12.36422992319738,-3.7802627643491649,,0.6688791193146701,0.5588235294117647,0,2
0.98022977568028724,0.17490934232686517,-0.092500318034895043,-0.16811511475422578,0.9827708341900887,0.076803617470078037,0.10434028493801779,-0.059734491142890526,0.99274613850014692,26.713885008540661,-15.514538862211767,-1.8080360648451468,,0.2382142200384389,0.2727272727272727,0,4
0.097371950721700587,-0.9534776271585742,-0.28530530615588839,0.9895368394407178,0.12341674160985934,-0.07473386969828219,0.10646852399805928,-0.27504312825166111,0.95551856653819911,-6.1900747486737879,-27.379476964221322,-5.31186150012923,,0.7296180929451801,0.4761904761904762,0,1
-0.95460973965956086,0.29692711949405293,-0.023548474601771657,-0.26305703408913039,-0.87751725922207913,-0.4009544320538192,-0.13971843744952189,-0.37656041411217811,0.91579528976749469,-27.835465704559105,-3.9333606754615444,-4.5772587047791902,,0.3901421907706605,0.4324324324324325,0,1
0.12302273962533292,0.99220788896427647,-0.019720816720686575,-0.98823399355864217,0.12066188746176856,-0.093990865988670499,-0.090878927756737338,0.031051795297805922,0.99537772051546769,-13.11975554978668,6.8521279034483937,-2.5136860484971022,,0.1509845056541407,0.2758620689655172,0,4
0.90552022454117542,0.42293226390440042,-0.034079658090979674,-0.41950572803226016,0.90443338712761279,0.077557671425831101,0.06362442215865606,-0.055933428265862353,0.99640523107187928,-24.448194555031691,1.9747061885917878,-3.7212642880508575,,0.1848827473655768,0.24,0,3
0.79155402496996785,0.61059891471215577,-0.024722275505750662,-0.60947830651840085,0.7917527903996926,0.040788635399623623,0.044479427124308038,-0.017218717915078417,0.99886190052281787,12.792080092783594,24.769825866087864,0.42680077372378178,,0.3672712171282104,0.4347826086956522,0,4
-0.59881484647906336,-0.7389295117841872,-0.30887530858040008,0.80087762230585302,-0.55056777817211011,-0.23552103033136687,0.003976647580329922,-0.38840481234532592,0.92148027001179655,-24.989727294016092,-1.6823394984629785,-3.8030434188484827,,0.1125773435865945,0.3,1,3
-0.97448655940032847,0.19828953105573549,-0.10515325682928905,-0.18077609586290644,-0.9710901020347068,-0.15589745634482904,-0.1330261204150342,-0.132910780615867,0.98216025967425802,-19.905492914386549,-1.8251109590285757,-3.7621775495686394,,0.08767157977172443,0.4390243902439024,0,4
0.14440198996759621,0.98620795587881882,-0.08088221717238335,-0.98636806435313107,0.13694251172971009,-0.091240287731989667,-0.078905683684106706,0.092954915106628649,0.99253880369477954,5.6610296546352439,-28.501118159186124,-4.1593366487395969,,0.3324570951898638,0.78125,0,3
-0.62278676920532428,-0.74832141263694518,-0.22836747468026108,0.7818987758078626,-0.60565004941132017,-0.14772380322151918,-0.02776588721720916,-0.27056067902988234,0.96230243399355953,-16.601668382728171,3.1093210142985268,-3.2375295215336792,,0.2866950201753138,0.2,1,4
-0.91123371963827249,0.39959402540544203,-0.099888553170395661,-0.38659968229086272,-0.9134209223769173,-0.12729062894301049,-0.14210486918752649,-0.077374630366665628,0.98682286796001017,-18.216203104109159,3.1531912859808653,-3.2990488551165189,,0.5713355026138099,1,1,4
-0.14424801356816588,-0.92081543896283113,-0.36234160394485077,0.98652602181229387,-0.10525560077229079,-0.12525041633972139,0.077194033894127156,-0.37552654483239006,0.92359130315166982,10.152828598885455,-28.15462233945301,-3.7719948934268372,,0.4762095043157203,0.5333333333333333,0,1
0.087023418910875949,0.98990505930543726,0.11187000546420235,-0.99202708552737151,0.09638551227833364,-0.081191715112514939,-0.09115473734881141,-0.10391249484225495,0.99040042774350978,10.10337948395631,25.917391912546542,0.30457477919394516,,0.3321941559364367,0.2307692307692308,0,3
0.35490955944774233,0.93072326589476717,0.08828027489076308,-0.93362523831706112,0.35777239238135206,-0.0185156589711254,-0.048817199735551299,-0.075849308315257699,0.99592357309086565,-25.511595565590859,-5.7488746875487191,-4.4623549931799253,,0.3770905074320978,0.2857142857142857,0,2
