axis_00,axis_01,axis_02,axis_10,axis_11,axis_12,axis_20,axis_21,axis_22,location_x,location_y,location_z,dbh,dbh_approximation,score,reconstructed,number_clusters
-0.58681599989730027,0.79045943407902841,0.17555872333778827,-0.80959255892804882,-0.56891573064468759,-0.14455026791173936,-0.014383003610719097,-0.22695544606923129,0.973798929300423,5.7377690318314105,14.818204399388859,-2.558263700505405,,0.4231856412677342,0.1818181818181818,0,2
0.98014766670788023,-0.14923664123401065,-0.13053343004874121,0.17780667322622032,0.95290644731119334,0.24567069346787057,0.087723077940314934,-0.26400327192281436,0.96052430162423597,2.9821685642457032,-27.737545260451871,-0.092750445962513514,,0.2100773995086555,0.1071428571428571,0,3
-0.68446899878136813,0.72899292672753302,-0.0084559144069169655,-0.72862542760297155,-0.6844239345951959,-0.025862405217181077,-0.02464094068046857,-0.011540820354567981,0.99962974821076878,-3.6560481091070942,-12.042124181759274,-1.8673510886401239,,0.3605872246444099,0.163265306122449,0,5
0.27719345973051318,0.95319539491688721,0.12075729788244405,-0.95793302305484584,0.26444511739867205,0.11150382605546837,0.074351255696416665,-0.1465855347339686,0.98639980321527021,-10.526241904491462,-15.657081385458525,-2.5394010099095188,,0.5223984235146399,0.22,0,1
0.38300551809973543,0.92265852047948493,-0.044811021989710598,-0.91973613008272259,0.38540905507175249,0.074466846912951287,0.085978044439329784,0.012693102666719622,0.99621617183173727,8.1128198698717124,-10.677311565242011,-0.49297071450865571,,0.2639522451632902,0.7222222222222222,1,5
0.51955899376968062,0.85376052089436882,-0.033932653229802621,-0.84960616923334953,0.52043142012933619,0.085559886294899953,0.090707271999939193,-0.015624016907930225,0.99575503056825698,3.59224797021123,16.576058495539389,-2.9145120221682128,0.2842700897337134,0.2231987668900221,0.7843137254901961,1,5
-0.77075468893703569,0.6371072494493929,-0.0056180228374889092,-0.63654074222110391,-0.77038926496972571,-0.036280351597137522,-0.027442539499465412,-0.024387150682987691,0.99932585972113486,-8.3553453636650801,-4.593961897386273,-2.9071170798941801,,0.08990014959940922,0.2803738317757009,0,5
0.93330422326868234,-0.3374974575949457,-0.12263234869230316,0.35543040679384641,0.91687054640113919,0.18170753167779932,0.051112158584856716,-0.21317567229640799,0.97567601179170726,-32.35898546084232,-2.0176809483172691,-6.9946836621044195,0.3329459689106723,0.2534477099376901,0.5714285714285714,1,5
-0.33219741709872774,-0.90485821271790678,-0.26622639040840912,0.94097397782202485,-0.33735781409509563,-0.027525957399798646,-0.064906464506477371,-0.25965615753518262,0.96351742626655945,0.28821387711205304,-21.606401616233676,-0.80641905157031601,,0.3252309755975417,0.75,0,5
0.42498613336651803,-0.89721127617290641,-0.11999463468989756,0.90519441464682693,0.42077320376989752,0.059774431669446258,-0.0031397672469873658,-0.13402177769826071,0.99097341284427687,-8.6789653886509228,-18.999837544632985,-2.0160824383196911,,0.08740240173960125,0.46875,0,3
-0.58687735427940346,0.80706345046431271,-0.064988906427522988,-0.80944472560312219,-0.58673449908551722,0.023277967612171751,-0.019344436597992402,0.066266239575706334,0.99761444369315389,14.839862663092006,-8.6640724084529488,0.14365710132306783,,0.2519812671253173,0.3548387096774194,1,5
0.23193512680869155,0.97182567303832412,-0.0419637721832372,-0.96966025960423419,0.23441293068575955,0.069350983205461528,0.077233916749619269,0.024605673145104555,0.99670932721259853,-3.7784851208102221,-4.5507258032939859,-2.3204685719927021,0.2244658834071878,0.1574684575352856,0.6488095238095238,1,5
0.63306354350980987,-0.76707882412689732,-0.10402224500028558,0.77385918036442469,0.63047717444241147,0.060336568288340081,0.019300747252464175,-0.11869545097942659,0.99274310426831291,1.8064794951582033,-5.3454524236595118,-1.4994480242573021,,0.06722152916846977,0.3181818181818182,0,5
0.85979758202622325,-0.48262929536447358,-0.16678453524788089,0.50821586866302682,0.8405478144655455,0.18760597654733649,0.049646236322053096,-0.24606571246962916,0.96798084504078297,-16.789531947911989,16.591297548695312,-5.9320153026875344,0.271823873029837,0.24369136073985,0.3,1,5
-0.27632370738357531,-0.93487453545458676,-0.22283359642648981,0.95880804489209437,-0.28404195094286228,0.0027024349703055213,-0.065820527102055298,-0.21290789807599916,0.97485275049561415,-1.5000261937201786,-7.6631399290484481,-1.7859067379663445,,0.08212660602091562,0.1515151515151515,0,5
0.99467871104122807,0.041493258613827126,-0.094300431022173531,-0.032013844030713223,0.99448211499643369,0.099902135826005919,0.097925357245908562,-0.096351608402904354,0.99051854700779574,-4.4615590068996474,-5.7355005979492404,-2.3367028124460227,,0.0806727852795814,0.3386454183266932,0,5
0.84149845160999137,0.53892618482305754,0.037933141842629532,-0.53129284778314367,0.81275076224951015,0.23909016783908069,0.09802176203510421,-0.2213476129866917,0.97025613545734879,-8.1535778547319424,-27.872991099905104,-1.3841650856879506,,0.5034750001413921,0.3157894736842105,0,2
-0.7230661586463738,-0.68121465218575561,-0.11455098370515045,0.68279933984245189,-0.72995062158058033,0.030937866197216883,-0.10469188951914801,-0.055845211984243075,0.99293550675124198,3.3027234195666573,-10.427905005601097,-1.1088972158102699,,0.105369230070354,0.5714285714285714,0,5
0.83201350876561297,0.55474010156982168,-0.0041159375405842129,-0.54952329293899849,0.82516041686962138,0.13089857504584629,0.076010997553075471,-0.10664757916548036,0.991387221074152,-24.692872419017025,-10.601014729414988,-4.9096658984413351,,0.3525189877268196,0.2,0,3
0.97825102834692723,-0.17764031257235716,-0.10709269296910705,0.18763177602175746,0.97794202552703857,0.091780778679388275,0.088426478868612893,-0.1098786333063396,0.99000375947651342,8.0204721744783267,-4.955695525208152,-0.83425644851367753,,0.1867543422252108,0.6346153846153846,1,5
0.98346706883888269,0.16175980549358937,-0.081402025995260974,-0.15130410327120861,0.98100141295254861,0.12142197543443133,0.099496697647472057,-0.10709805372545439,0.98925750643877741,-3.982277830445935,-14.42311406978691,-1.7522148477817536,0.2988258658120258,0.2264633284873237,0.7222222222222222,1,5
0.13633855732799885,0.98927383389237622,-0.052431663730995982,-0.98880908969426384,0.13912856759480596,0.053850030798687186,0.060567168694945786,0.04450307017384058,0.99717154733846125,-13.044299861206737,2.1579201373436883,-4.0848126631478401,,0.08966501876219199,0.2967032967032967,0,2
0.90091430540784434,0.42857736213443659,-0.068372940388654616,-0.42008620121881507,0.90071504076012843,0.11063452848919492,0.10899999016994312,-0.070949700593936932,0.99150650130424456,-3.7934148242952301,12.417263115076615,-3.6517778195116586,,0.07733950883411711,0.1578947368421053,0,4
-0.16916192384817857,0.98355540211914172,-0.063269380289654731,-0.98512734399019619,-0.16677101216380083,0.041370830601805561,0.030139005338679581,0.069326765856451755,0.99713862621657567,2.3030886219157418,6.5689944269538785,-2.2197284923341285,,0.1713456341046978,0.6132596685082873,0,7
-0.69594628091721944,0.71809099281295963,0.0020248749075000429,-0.71806770032481004,-0.69594223637097341,0.0065712544623682456,0.0061279546124056363,0.0031192428357719256,0.9999763589687517,0.70396828024085434,-18.750799449162106,-0.81693572435635375,,0.306129723197389,0.9285714285714286,0,4
0.46208302870877227,-0.86990345984543282,-0.17247389694755172,0.88678782362009978,0.45119394498665583,0.10015677653811966,-0.0093075484664883745,-0.19922849835383868,0.97990886055041859,-17.390742972465155,5.0299506663554006,-5.0534595914556713,0.5433341617366674,0.3315622085625322,0.3,1,2
0.55081132123990162,-0.80160879325305479,-0.23244403836910252,0.83458663310643111,0.53182402440246301,0.1436257599055312,0.0084876518558907755,-0.2731053819457816,0.9619466773778178,-9.3394679462438717,11.724672521464754,-4.3234244793243946,,0.6015769473448797,0.5444444444444444,0,5
0.19253405689415426,-0.96261433091839554,-0.19053683855467268,0.98013464527297789,0.17922663033305894,0.084934634367093698,-0.047610020704610401,-0.20310456639373692,0.97799888601087859,9.9016870907307073,-9.7974223754103171,-0.36019294437826466,,0.59374143713162,0.2727272727272727,0,5
-0.97087446237606256,-0.21719882391871498,-0.10113085184215651,0.21496706584161698,-0.9760770814862092,0.032598950915812809,-0.10579196051420471,0.0099096864578417255,0.99433890560757499,-13.123987267971479,1.1690859227622732,-4.010882594023288,,0.06893772841592526,0.2826086956521739,0,1
0.75665475722683873,0.65239196576530079,-0.043108019797717813,-0.64578032085839743,0.75603499864845347,0.10667173013811218,0.10218295140589378,-0.05287536121407975,0.99335937133469543,6.2703867748482294,-1.1129737758118818,-1.2338788236650626,,0.1342297723946165,0.3333333333333333,0,5
0.11327892132013857,-0.98588524428332169,-0.12328086262256219,0.99276959667492048,0.1073553686529041,0.053696859678351583,-0.03970407916654569,-0.12847221460617977,0.99091799669383429,1.613520476612909,-10.273002956886852,-1.3245547671593088,0.2828733749372315,0.2219128347225734,0.7415730337078652,1,5
0.90502098411303877,-0.40204615237663799,-0.13890971770977606,0.42305429048946336,0.88475917525496461,0.19551539351317873,0.044295435583423616,-0.2357118859143458,0.97081296923000493,1.4398760383731071,-15.705497747220059,-0.96979583002617953,,0.2176145904931948,0.3783783783783784,1,5
-0.25792983062970276,-0.92294106015345112,-0.28574814427071699,0.96412634463807256,-0.26506792844486915,-0.014120371269054797,-0.062710398229982714,-0.27913937879269457,0.95820071653128447,23.845824212765883,0.67517649783225109,0.5440042530764283,,0.1744018896601368,0.2941176470588235,0,2
0.23331093625370944,0.96760476397984585,0.096472937904492531,-0.96828492558757928,0.22205687536130791,0.1145209456153258,0.089388533404869006,-0.12013228054223846,0.98872540438053236,-9.9284696267690826,3.8449078790673941,-3.7808149229469077,,0.1956150718220231,0.1363636363636364,0,3
-0.69518909530455064,0.71669942152750332,0.055263558985856179,-0.71718800811378636,-0.68636270943886468,-0.12061339937801564,-0.048512707483922772,-0.12348348178555398,0.99116010156719703,17.811362810305344,7.4289592993589473,-0.54795692918931582,,0.4824687505593533,0.2,0,3
-0.77674711061562274,-0.6184847481994159,-0.11891401260989401,0.6216584572570677,-0.78318462751278262,0.012751539061071664,-0.10101825909727216,-0.064019180503724571,0.99282267090180165,2.0691411024890245,-12.020515243530706,-1.1414733433326425,,0.3158397803928132,0.855072463768116,1,5
0.81283099905636169,0.58041096075688736,-0.049283705281831708,-0.57153312142152446,0.81100864154202024,0.12495949128552851,0.11249736926350101,-0.073403678228247005,0.99093705245659147,7.6363343448020098,-1.092321463745094,-1.0864937190981054,,0.2732470279632143,0.2857142857142857,1,5
0.85771806893575564,0.51139150896766927,-0.052900271992572419,-0.50258822041684537,0.85569946648319084,0.12322136080489496,0.10828109215992476,-0.079102134080896447,0.99096824240966519,-6.9149641370900881,15.913254142550299,-4.2789801605656361,0.5056527191466356,0.4558030984892467,0.8285714285714286,1,5
-0.099115430273677002,0.99505636046707524,0.0062426737608470674,-0.99376772394944679,-0.099304763197488682,0.050638669439761433,0.051008257351164349,-0.0011846941846674296,0.99869752887532892,9.0820708270032764,-21.684905805473576,0.24033636118491131,,0.4851168254219029,0.5652173913043478,0,5
0.85065323874625531,0.51997865712145597,-0.077532338728268146,-0.51419482197703725,0.85361595136925228,0.083327622190784545,0.10951142617330187,-0.031016184583769982,0.99350150670814585,0.0016600137905261878,-4.0383905904792128,-1.776850511657958,,0.0961164852738567,0.2920353982300885,0,5
-0.16300137133081136,0.98244277213453324,-0.090756555823201357,-0.98608807863948567,-0.15918512179753272,0.04785810446929023,0.032570755431272677,0.097294894413425329,0.99472249869585116,-35.174402822389183,1.1367192253474838,-7.6879348175481672,,0.2792381829240083,0.7931034482758621,0,1
0.62067541442562801,0.78368073198775001,0.0246280376546903,-0.77524182876532199,0.60868636771113971,0.16882242947908327,0.11731213432623154,-0.12387661633159455,0.98533874736867044,-15.084535471212567,-0.35801510596803882,-4.2318551723989009,,0.2050134029730348,0.2666666666666667,0,5
0.99548192256780998,0.004234042413186946,-0.094856811698165067,0.010337543347936974,0.9882341091532838,0.1525990848712597,0.094386847803215351,-0.15289021679250678,0.98372542133001406,2.1855336638277398,-4.1687287503993122,-1.5099120210032246,0.1266491249045442,0.0973437528092352,0.1948051948051948,1,5
0.35472040599557542,-0.88910423227952662,-0.28925265376996823,0.93496324199759773,0.33868617433602838,0.10552445890393379,0.0041436317013997994,-0.30787227783004467,0.95141867275141501,-3.3534620265449755,10.411962091739106,-3.4796995728540381,,0.3423716725626464,0.2758620689655172,0,5
0.74990503262937347,0.65432460793787406,0.097476917698948992,-0.65237019635368421,0.70697693043995047,0.27312405008560298,0.1097978549271157,-0.26840813563052573,0.95702743104926258,11.062250653401319,-3.1787457550749703,-0.62397324201547988,,0.2130470728911023,0.2794117647058824,0,3
-0.68952319393817996,-0.67877577863376803,-0.25262859569220258,0.71355392684513652,-0.6964242224177547,-0.07638125367989243,-0.1240909283758391,-0.2329307724839052,0.96454377646889333,7.7379343543135439,-9.5271727007294267,-0.63747821880337929,,0.3411597608262339,0.3125,0,5
0.95502715160955665,-0.27500472863957104,-0.11088525111309108,0.28781740327066352,0.94967119495867691,0.12363560911117633,0.071304151794054998,-0.14999006864334455,0.98611292317122368,2.0741572520371463,-22.483267304811477,-0.52760330191467542,,0.2293978968954157,0.7692307692307693,0,5
-0.99351908080543083,-0.05110671076060596,-0.10152802662696127,0.053140433239184423,-0.99843497615219046,-0.017426782581082656,-0.10047850730720959,-0.022709084332229502,0.99468003250196391,-6.4185151135704492,-22.138682662411277,-1.5581778844906145,,0.2012880431510047,0.95,1,4
0.83640036462955103,0.54706093595582661,-0.034040599270431647,-0.53158324281239178,0.82474135838078855,0.19292731205631292,0.13361768598736021,-0.14326906200344602,0.98062239922614269,2.083681512002411,19.218862983845945,-3.2863676138019704,,0.501466933447217,0.28,0,4
0.96945493380761105,0.23675027935077481,-0.064081483623682198,-0.21640737780086239,0.94862767029494965,0.23081029003086612,0.11543386916081842,-0.20989246860739863,0.97088628246178066,8.5706691987802053,-6.3189122312279435,-0.71249659450950054,,0.4330385197442709,0.2307692307692308,0,2
-0.97990708437533225,0.17559871586829465,-0.094589624042191275,-0.1657330194441409,-0.98070481779959073,-0.10368522850725292,-0.1109714929924132,-0.085925265958733732,0.99010210403420373,-7.8905092663886256,11.763715328366924,-4.1283222810454019,,0.2003381991854408,0.36,0,5
0.27680142271541902,0.96074275919958996,0.018823470144478199,-0.95724881445279686,0.2739766138273162,0.09279828826241239,0.083998092903565205,-0.043705442696280648,0.99550698373606972,7.9295052064582618,16.3113514495533,-2.3322363845546774,,0.1896855714983476,0.5333333333333333,1,5
-0.40703394502055207,0.91040429511559295,0.074076899476728603,-0.91337209432666977,-0.40490719993065244,-0.042444984976211395,-0.0086478266817930829,-0.084936322497491196,0.99634885266872408,-9.0850580857232437,-21.975623283700632,-1.8739224551508682,,0.3644067389805082,0.3043478260869565,0,3
-0.62499271469401729,0.77907792467281711,0.049210708864033323,-0.7802232003998435,-0.6213877635715358,-0.071617070879729003,-0.025216346627333675,-0.083155484311396563,0.99621749698131101,-12.711534290364371,13.601372165252862,-4.9558968143526156,,0.3673962732068554,0.4523809523809524,0,4
0.23809378847881174,-0.94510764421837967,-0.22379206582850919,0.96991481966655702,0.21932806269745361,0.10564300026301827,-0.050760126861514911,-0.24221218332975489,0.96889455967490923,-13.322201128301286,11.807206537805671,-4.9138311133509758,,0.5352350437488176,0.15625,0,4
-0.65990324055326544,0.75051463062019319,0.035433068344904624,-0.75123869781974306,-0.65825699914942493,-0.048354337642983303,-0.012966572615634313,-0.058527876228595559,0.99820156065735255,-10.319847768907231,18.248974034826283,-5.1055228459787658,,0.284184434067222,0.1818181818181818,0,5
0.85245656270304937,-0.47940043825117112,-0.20854982260622557,0.52011218134236159,0.81806184850709074,0.24547531614492935,0.052925679247350782,-0.31772634738363714,0.94670419913215742,11.839419933150287,12.259828537523541,-1.5541418505591442,,0.2978452316774861,0.3478260869565217,0,3
0.66531202547430401,0.74167800778693149,-0.085285646649878075,-0.73955133510218496,0.67036933051605219,0.060570483339960776,0.10209667726158095,0.022774842890103616,0.99451373797624143,3.7022741036836657,-6.6297085392336745,-1.2370641693254287,0.415579816249932,0.3720766183602359,0.9022556390977443,1,5
0.67455826650488493,0.73369480258508057,-0.081627702096559104,-0.73108551699468338,0.67927850571057169,0.063989675106453467,0.10239683554945117,0.016512066474330896,0.99460657535037733,-13.952440487967595,-5.4956412033642845,-3.6835156845925399,0.2124840100354229,0.2038794172124926,0.6914893617021277,1,5
0.21703002447972758,0.97604598270964305,-0.015238376248719552,-0.97498105044599648,0.21750898343598166,0.045845320326817783,0.048061624458101214,0.0049073170892577379,0.99883231750551349,-16.601983266801,9.234996878650092,-5.3610830251653532,,0.5657389062466177,0.5714285714285714,0,3
0.82578477407598661,-0.55154125093467277,-0.11782086157251091,0.56142219398798898,0.82378836914135178,0.078599255499941692,0.053708723704675949,-0.13105331504715428,0.98991939147244035,5.3305268486255608,-1.8698770714176154,-1.266182953382136,0.2499480941033845,0.1489198804102844,0.7007299270072993,1,5
0.99470294792621494,-0.0080387770570998513,-0.10247645315059416,0.01720215698244942,0.99589627471585473,0.088852100719316554,0.10134165571003291,-0.090144262549042176,0.99075924459347842,-1.2868126116051468,11.186779030660343,-3.2597259249677881,,0.1011890857457789,0.3846153846153846,1,5
-0.42011963150186171,0.90397095901194457,0.079598998044992,-0.90731327580930243,-0.41680510230363504,-0.055282241577656217,-0.016796272411874234,-0.095446382627541654,0.99529285804550216,-11.796482833249918,-8.8845607156925741,-3.195032215652692,,0.6240659183544025,0.2037914691943128,0,4
-0.72643344201376281,0.68231086643707217,-0.082136081388931498,-0.68609849685038737,-0.72690801879516276,0.029556468512506571,-0.039538676554438025,0.077824249133438494,0.99618275396793543,-8.9293165171102675,5.0066283417033448,-3.7203629661767095,0.3139310582120399,0.3083566281708886,0.8918918918918919,1,5
0.92251628804874086,0.37853167070254695,-0.075349005035983269,-0.37200130776197338,0.92407298725112286,0.087773237699019901,0.1028529304791827,-0.052942313020170301,0.99328665861568866,5.6696236358779393,-3.1923915607850386,-1.1921744247423933,,0.1603565626977565,0.4166666666666667,1,5
-0.98140779945020551,-0.16385639620095252,-0.099949050032212869,0.16489990665575358,-0.98630782337512068,-0.0022132180090077593,-0.098217880058719884,-0.018653658436567022,0.99499009495758428,8.7937538202502008,-14.217855976969638,-0.19712189363886368,,0.2443556127483676,0.6551724137931034,1,5
0.070723975905040745,-0.93388367017847296,-0.35051306652701159,0.99660550792058167,0.05131062263710242,0.064379201509131859,-0.042137641302566427,-0.35387640579527052,0.93434250069601266,-5.2950687407051609,22.386764452315553,-4.646674328014317,,0.2496994123587681,0.1904761904761905,0,1
0.44655890801899639,0.88588444617835593,0.12567374303389348,-0.89119246008040609,0.42785210997157741,0.1507268094557255,0.079756759993838786,-0.17930789166162442,0.98055470995918825,12.24180021898125,9.0526080455462363,-1.2802308713662502,,0.4743799443298163,0.3,0,3
-0.80789958761157288,-0.5661369612811108,-0.16366794862904513,0.57992916131483818,-0.81313224878039303,-0.04998113494118419,-0.10478751926502619,-0.13529555448990321,0.98524854160843622,-6.0624926070473659,-11.604817741416978,-2.2165403628157634,,0.07946068640570281,0.28,0,3
-0.83144115844659017,0.55113022451532123,-0.070434903752925451,-0.5518930345153189,-0.8338562309739459,-0.0098926497662849382,-0.064184721659171134,0.03064737658621013,0.99746732267975458,-2.8871187501725371,-6.4115238719196483,-2.038193047785323,0.2687287072466537,0.1399681911596118,0.5209790209790209,1,5
-0.88614986854501787,0.46131160054872195,-0.043931966457507611,-0.45561661218449756,-0.88464541334612146,-0.099075705130929545,-0.084568984735352071,-0.067779789353805506,0.99410964534903556,-4.7468507762924173,8.1438926638066196,-3.4958379237175117,0.4758482652577807,0.5751991190264857,0.9635036496350365,1,5
0.17603142801230923,-0.96137311290447314,-0.2116002696981055,0.98385198015346509,0.16475354062771674,0.069939631102386199,-0.03237618723774887,-0.22049491748109548,0.97485064182414716,-5.2158413016907108,-24.39204430418339,-1.2592281875719211,,0.09587693072131839,0.4375,0,2
0.73128893183335486,0.68190631510136912,0.014841684638268793,-0.67101156850721411,0.71536242204056477,0.19493609225011058,0.12231096887653935,-0.15251354876576595,0.98070364755891104,2.2746035233992248,4.8098967733121265,-2.1379728088680432,0.1639593777365169,0.2446044071744732,0.2444444444444444,1,5
-0.14290436093070039,0.98816717600670834,-0.05571333673291666,-0.98910674616113892,-0.14057922768472672,0.043650033700905796,0.035301392685169193,0.061344217384306565,0.99749220481565382,-19.343284495174874,9.5034256159392072,-5.8761115639625796,0.4745104970390345,0.5427874255957826,0.9757575757575757,1,5
0.24536220910535025,0.96872465770667093,0.037012482948827322,-0.96387499806883903,0.23969608344973498,0.11614979843570546,0.1036454265307435,-0.064174178062149673,0.99254183812538066,-9.1874256113112676,-1.7636196605615049,-3.228560351761097,,0.6113397539916581,0.2645021645021645,0,2
0.99394064917980796,-0.020284930651046359,-0.10803012309770377,0.055763079147440851,0.94001466008217827,0.33654556576277128,0.094723095979908897,-0.34053041041743942,0.93544993167401091,-3.4838582062469592,-26.188623233412414,-0.92931302098076374,,0.3934868763414915,0.25,0,1
0.57607275405893321,0.81383181042863872,-0.076275594821694812,-0.81108440956328542,0.58070476606538246,0.07017161272430214,0.10140149207154615,0.021441991591197092,0.99461448732776359,-29.18864146407876,-3.6936193610720447,-6.3149404280322354,,0.09337191805210128,0.2173913043478261,0,3
-0.688993132960947,0.72162138591117053,-0.067461382496214278,-0.72402313534619833,-0.68951558655606915,0.018940838938670199,-0.032847560276517071,0.061893709630961281,0.99754208256694543,-1.7332328241232522,-6.5760555514602324,-1.8635230452308629,,0.07857013246534314,0.384,0,5
-0.98749054697459115,0.12616566560700515,-0.094576130486324142,-0.12841518111384034,-0.99155595865357737,0.018064388118245452,-0.091498420179391179,0.029983423429094998,0.99535372276600687,6.5690869742780391,-20.200521084652635,-0.13002943350504909,,0.1380605339918815,0.3,0,2
-0.51960418275696385,0.85372138513595142,-0.034224111719986065,-0.85439631422625206,-0.51938188522927808,0.015792261784757487,-0.0042931920601110866,0.037446680189776496,0.9992894048496167,5.8663453553657545,-22.890958453353818,-0.027177303479723636,,0.3467156208283433,0.2380952380952381,0,3
0.54458150357735413,-0.82837261796764294,-0.13126230137728356,0.83866256181947596,0.53946935667039919,0.074952789247758361,0.0087231510259366072,-0.15090268060925358,0.98851013531532372,-4.6167609311711599,16.024762828874504,-3.9795961020423909,0.2129854574340588,0.2088739681758547,0.7543859649122807,1,5
0.55819023687521763,0.82821109706799689,-0.0499002820694864,-0.82497110582821931,0.56041616698746943,0.073187391862521725,0.088579534914979594,0.00031380327998391223,0.99606905760682463,14.292383531452852,-16.844433360589679,0.56912733505687263,,0.1663722981180353,0.5172413793103449,0,2
0.48670111516326486,0.87176515230231078,-0.056102974343305204,-0.86882427821321428,0.48974279613368205,0.072776144597332837,0.090919734305175276,0.013323395456631722,0.99576909424192528,3.5655882774158032,13.053915873849324,-2.7254831026627957,0.1481306534463757,0.142766570809242,0.7272727272727273,1,5
0.99424174741692306,-0.047572282009476573,-0.096022006216056138,0.062354493338254387,0.98557155467384761,0.15735510089700502,0.087150816713758267,-0.16243641402772918,0.98286273026498405,-3.1255381227491648,-14.429997404351472,-1.6555433127519137,,0.1365885294099349,0.676056338028169,1,5
-0.86855863486011242,0.49249512621269648,-0.055267064936363665,-0.49280132734129684,-0.87009642832974066,-0.0088914103766793203,-0.052466652081069376,0.019512971700148013,0.99843201789347436,-12.175614978903525,16.331369589801643,-5.1906618374612092,0.2947072055907636,0.3195503737417216,0.9545454545454546,1,5
-0.84196611940243771,-0.50424907890487658,-0.19190080823692429,0.52671373361163132,-0.84528020268682069,-0.089855560599353165,-0.11690037041556683,-0.17673212885412792,0.97729220708414133,-1.0638465681354348,-15.551802608501303,-1.2285612728638129,,0.1830097032255041,0.2068965517241379,0,5
0.72479175294732068,-0.67985197538151376,-0.11170589254558054,0.6879635507885028,0.7229108652780043,0.064078339940131859,0.037189617449310611,-0.12329303481081898,0.99167321226355243,-4.5732845032812959,0.83564730328261294,-2.7898399876434068,0.5097797888554332,0.3300233622598694,0.9605263157894737,1,4
-0.99468891363774281,0.036402142325504296,-0.096274862348808735,-0.034753609543040832,-0.99922009201607387,-0.018745515066813954,-0.096882153722438497,-0.015300057042508596,0.99517825365338386,-7.3751188911900627,-7.6422160324937929,-2.6304939899037336,0.2727228351864168,0.3149958628798347,0.5541516245487365,1,5
-0.054278089351180302,0.99634078695423556,-0.066022157400378048,-0.99713866764758818,-0.050600034676639129,0.056161499024830031,0.052615268681043013,0.068881584927598272,0.9962363980298472,2.2441541722456857,10.429357399752915,-2.6989910926923009,,0.0851592772844412,0.3529411764705883,0,5
0.95882270871500963,-0.25590397599086445,-0.12317535599494286,0.27452565817803903,0.94623285303376714,0.17111122359884373,0.072764526070938723,-0.19788012257840878,0.97752175466023628,8.745813069099496,13.044932226662851,-2.0566957655632274,,0.1548532934595153,0.4583333333333333,1,6
-0.73139463030228091,0.67925974670351785,-0.060564769241384729,-0.68090152077988941,-0.73231302711215129,0.009526243828031378,-0.037881575529842844,0.048206087064914339,0.99811881026522398,6.0391438701284148,6.078373517088985,-1.7633093031306251,,0.2523891885384968,0.2439024390243902,1,5
0.8902652551183432,0.45422732548922307,-0.03324623750107631,-0.44218807447383612,0.87953316015435168,0.17575871808254576,0.1090755807786129,-0.14177079024892983,0.98387171964133691,-3.7567139420783486,-21.115406334347437,-1.23812820098595,,0.2946970375874859,0.2,0,1
-0.71406759485974414,0.6952121246892673,-0.082386720145040865,-0.69923238490323691,-0.714028647773299,0.035173314622985771,-0.034373563588230696,0.082723586987452913,0.99597955113655678,-1.7330032637146122,7.061491721678828,-2.8355747144560923,,0.08016051884395266,0.3013698630136986,0,5
-0.97892553007449012,0.19558905212337072,-0.058734395866996886,-0.18480748276725495,-0.97083219703571089,-0.15274501468802956,-0.086896495220523756,-0.13867143861767983,0.98651874347631807,-28.036378807726532,3.1164314813500509,-6.6481347182051023,,0.1018873459878578,0.4,0,1
0.38352948516096075,-0.90308569389994242,-0.19323913549130964,0.9229823165230302,0.38201395649794784,0.046572313949012775,0.031761256240108025,-0.19621816051029609,0.98004574183453619,-11.364174639560551,-13.087571018154053,-2.8608306771815579,,0.4696223490194933,0.9192307692307692,0,4
-0.99565302250795795,-0.016099392379174127,-0.091738041922580407,0.016823013394683395,-0.99983313172576516,-0.0071200367815579934,-0.091608105487942681,-0.008632396449991659,0.9957577198999964,-7.5620426414386426,-17.973077449109322,-1.9790899121816237,,0.2273319219915514,0.8720930232558139,1,5
-0.72542356058098201,-0.66555682052270992,-0.17548440503279153,0.68070728830915994,-0.73148148970532034,-0.039653724431338307,-0.10197178725903287,-0.14821925945769626,0.98368328527479387,0.14194376183598414,-17.048403067593927,-1.0459038635683664,,0.1082668974442948,0.4545454545454545,0,7
0.78300328286230259,0.62109601166975548,-0.033846762249605471,-0.61329304276307905,0.77995871936932182,0.12464365117475142,0.10381475196359446,-0.076838404250034936,0.9916241006082126,-4.9108891590571293,-11.231314532331067,-2.1107810854427078,,0.5886193570911273,0.9473684210526315,0,4
0.92672309846954515,-0.35582642235867346,-0.12071394250223685,0.36836873678092547,0.92371304900370355,0.10516024373643905,0.074086250582895724,-0.14192166942263959,0.98710154858700316,-6.0844855125427841,-7.4946027535668174,-2.4313706781014384,,0.1119654834456669,0.4188679245283019,0,5
-0.89242079689036014,-0.43396902302059348,-0.12351521499850737,0.43659943013550945,-0.89963369062928866,0.0063372146937870173,-0.11386860358731166,-0.048271210294318502,0.99232244324805963,12.760484077698823,-11.539432996093058,0.10632002332744547,,0.234465527965199,0.3684210526315789,1,5
-0.35870296434174037,0.92884317572826014,0.092641989807478467,-0.93338716415303047,-0.35807483675427187,-0.023891694744530172,0.010981127756864205,-0.095040865875907293,0.99541280313583747,-10.962444609252033,-17.962076750290716,-2.4530060906215727,,0.7492815516188769,0.5342465753424658,0,2
-0.45895775763477853,-0.87897244198478197,-0.12948058904007459,0.88417816922855819,-0.46615794711254654,0.030425867340977394,-0.087101904494048393,-0.10051972231918029,0.99111505066686578,-30.840210921740489,-2.8421811788308537,-6.7218279571569131,0.4934365027694806,0.4447357570526064,0.954954954954955,1,5
0.21053493087068814,0.97757798212789926,0.0040412550055485882,-0.97577877180611161,0.2098925825693381,0.061651376910258675,0.059420799185401378,-0.016923139221753508,0.99808956310696384,-11.762707499000783,1.4494230258869985,-3.8209436310839187,,0.1646012044712647,0.5396825396825397,0,3
-0.039147888411400142,0.99337371244842898,0.10805605142404547,-0.99877162593846447,-0.042187644868618049,0.025989263950269167,0.030375681937463747,-0.10690589336826459,0.99380503516030183,-7.1283134100363181,22.761431550912985,-4.9468995156348248,,0.3120365194953253,0.4210526315789473,0,2
0.94007744677668315,-0.32212628947406008,-0.11175440792876076,0.33230871859390604,0.93897916627421929,0.088820272739106199,0.076323715896894462,-0.12063489931461469,0.98975851168810047,-5.1614790653031823,-9.2082515452436269,-2.2225045255286533,0.3237281764970764,0.26345834451329,0.9322033898305084,1,5
-0.51417264524512829,0.84104391359333164,0.16814168516236908,-0.85764759936427204,-0.50230037910134751,-0.1101586331584818,-0.0081906157479043114,-0.20084686844025312,0.97958840808342296,-7.2536911256024093,21.028628763837826,-4.8041680137205738,,0.5963397931204155,0.4705882352941176,0,1
-0.49207029726883506,0.86685111633051493,-0.080224464238165261,-0.87054157704197399,-0.49048922340545281,0.039720075080349179,-0.0049178437381636637,0.089383800767567717,0.9959851158392431,7.1081865361083114,-7.6438092634042514,-0.81723021342032576,,0.08344956230934406,0.3636363636363636,1,5
0.91757089793328861,-0.37728406801447145,-0.12538093670232048,0.3916600603122139,0.91198306131685214,0.12202169080690752,0.068308450590922581,-0.16107025763186489,0.98457621730583811,-15.339190168828063,7.9493658859476088,-4.9984144601460052,0.09926986146674693,0.107036927629151,0.64,1,4
-0.89448669730739616,0.44705724251572659,0.00577669926014545,-0.44176401008850935,-0.88175904483238832,-0.16536488819212622,-0.068833914102183549,-0.1504686305198189,0.98621553602590539,3.3545773525596876,-12.274033977878592,-0.94692010617283595,,0.244825627641784,0.4468085106382979,1,4
-0.36961988214829955,0.92187900568597281,0.11627657372024928,-0.9286121513811969,-0.3708750907138893,-0.011451611028591782,0.032567085037856935,-0.11220858239639124,0.9931508541046169,25.243589606662727,2.471455359902933,0.58920917625458613,,0.5524201274562993,0.1363636363636364,0,4
-0.50487514326768013,0.86142275410391522,-0.055244261443763931,-0.86308110998138265,-0.50480274405205283,0.016284569101565123,-0.013859556405075298,0.0559019526451906,0.99834006450042401,-2.9928790600770934,-17.048832231181702,-1.4159248491167415,,0.2379181374229813,0.46875,1,5
-0.98617924813151725,-0.13154586622636766,-0.1007282265976626,0.13049230023962044,-0.991303447906276,0.017006873531064174,-0.10208942223819374,0.0036275677641459548,0.99476861159728391,5.1761672595815638,5.4478141762732388,-1.8071257170976576,,0.152094293113309,0.8877551020408163,0,5
0.13547928499073589,-0.97747180850222803,-0.16184630648174225,0.98971540282720072,0.12594466385025058,0.067833347656137882,-0.045921506344957827,-0.16937179585465376,0.98448179771084576,-20.584724578323677,-8.3855203972294099,-4.4277670361749255,,0.1017704317454115,0.453125,0,5
0.98677262569056712,-0.069497729148264895,-0.14645767590324255,0.109922828237452,0.9508750179873916,0.28940226674951636,0.11915014485943545,-0.30167327659359061,0.94593682514704081,-15.916865365311766,17.6478312073376,-5.9139139918201851,,0.5000741847850827,0.1454545454545454,0,2
-0.72081954438410722,0.69293679825464227,0.016055468180491753,-0.69225198625994633,-0.71856002718274647,-0.066773309445400775,-0.034732865603756595,-0.059245936229731462,0.99763898635088188,15.692926467493777,-9.3439275614311335,0.29656165786934124,,0.1074756784613943,0.4166666666666667,0,4
0.91047841689471232,-0.39557435142534236,-0.12062331807456945,0.40754678716252074,0.90777722715834652,0.099227627837266366,0.070247196687170055,-0.13950425924366555,0.98772662868349881,3.2232236974158495,-1.3443878330813035,-1.5696140529929792,0.2456497965150189,0.2018670240605831,0.6027397260273972,1,5
0.4036451111818069,0.91449192961832737,-0.027841244260570944,-0.91111474339130527,0.40455298198933942,0.078783304948008115,0.083309954951520548,-0.0064339277648441471,0.9965029131816393,11.006781689575012,-16.598185830466569,0.16607901868232736,,0.2596009079752542,0.6521739130434783,0,5
-0.95148533845316474,-0.2744351878383347,-0.13914373282618814,0.29414498664508165,-0.94398454021842415,-0.14957243950733634,-0.090301592124570673,-0.18324441466180935,0.97891118440592928,4.0100944527110887,5.4972536651451263,-1.9712452208701643,,0.6375522118103411,0.6551724137931034,0,5
0.58732913133229947,-0.7938277430848345,-0.15774031126279917,0.80915347298525964,0.5802025719165973,0.092928104991218397,0.017752426435271244,-0.18221550386891883,0.98309834782968497,8.7986868826859919,-26.705398653828794,0.62468075995163508,,0.2179421301573843,0.3,0,1
0.77113650772051379,0.63111357927377287,0.083929354321701441,-0.6276944401771466,0.73157348724096738,0.26608254835067469,0.10652781904887113,-0.25786795617590369,0.9602895089223632,-29.058422712861255,-10.509621601465362,-5.677548254411338,,0.2524871907570622,0.4642857142857143,0,1
-0.86076903903688018,-0.49574714140130904,-0.11537518462805078,0.49702015845741276,-0.86751966508969292,0.019508786985238731,-0.10976166690832725,-0.040551232719827926,0.99313039123893898,-0.18797776067104799,-5.7116442617739596,-1.7005290361574268,0.1487029382207156,0.118561453287953,0.3829787234042553,1,5
0.97690007829913861,0.19851261981173379,-0.079113695366974032,-0.18289890898961175,0.96816652902542655,0.17088464285964092,0.11051798998147805,-0.15246741242094747,0.98210969959578043,-14.813129597648921,-20.008317058771244,-2.8106245893056743,,0.200485253687709,0.6111111111111112,0,2
-0.9795050335131088,-0.11761129852821182,-0.16351596796946588,0.13840238056878826,-0.98281250846585211,-0.1221652743456659,-0.14633752210344367,-0.14229250037007332,0.97894748274003784,-8.9900662159099181,15.354760561398386,-4.5642979855896044,,0.2867099981010163,0.4242424242424243,0,3
-0.72659114062586239,0.67627626081293413,0.12130842272853734,-0.6860475610364426,-0.70448306555643325,-0.18177556034890793,-0.037470766738319596,-0.21529985927790898,0.97582883347181115,-6.025419559720568,-13.386487338638252,-2.0565836061335565,0.4483066773184987,0.4084201312405342,0.2631578947368421,1,2
-0.95697224790506108,0.27586944957216059,-0.09000090850813218,-0.27415440746318115,-0.96118145621911166,-0.0311379043774891,-0.095097200842337942,-0.0051239646039835827,0.99545480428731203,4.9856085798651373,9.7056454772283658,-2.1754012875871522,,0.117897247184098,0.2222222222222222,0,5
-0.97781276961418517,0.19118892988433892,-0.085609466001840204,-0.1881235251497661,-0.98122011422641486,-0.042621904259769257,-0.092150566274245962,-0.025571087720020331,0.99541669295232982,-10.652643920879141,-16.865845817507847,-2.4844813241504276,,0.1287151326077174,0.2857142857142857,0,3
0.45887116327211053,-0.86187913957184248,-0.21587404727804321,0.88841860013638385,0.4417339046982775,0.12483408337358613,-0.012233006540115419,-0.24906927994217942,0.9684084093707962,-11.011385221857203,15.172609425107822,-4.8562760620184804,,0.3257856778558887,0.2777777777777778,0,3
-0.99284386369605915,-0.051005570297884488,-0.10797913742788368,0.055478285816599152,-0.99770457722819395,-0.038829581259186036,-0.10575075472039883,-0.044542208931524309,0.99339456888970723,13.405546718517529,6.1739450086026828,-0.93171870368205179,,0.31312068412295,0.7407407407407407,1,5
0.63545441098481603,-0.73659573609503348,-0.23156945637660734,0.7719907412849365,0.61195230495485164,0.17188563590591141,0.015099236082529152,-0.28799496180846818,0.95751287983121358,-8.2135726014776491,8.8041556091030557,-3.9844918212717375,,0.2081076566614769,0.3214285714285715,0,5
0.8462035894344585,0.53132187116320284,-0.040454350221867476,-0.52218545162804153,0.84197887721746267,0.13562420295670624,0.106121813668345,-0.093641014215227358,0.989934099382624,10.571365521413172,-4.254973892236503,-0.61085962675346306,,0.1383881318801285,0.3043478260869565,1,5
0.40575830047332945,0.89121274706981279,0.20273145058740985,-0.91005649641362585,0.3734203922656395,0.1798732441902747,0.08460127027624112,-0.25748213549770005,0.96257237388530548,-7.160534691396113,-1.5091418181209719,-2.9886974110758047,,0.2191082165706858,0.4634146341463415,0,1
0.86932294122753606,0.4899454671515262,-0.065046622304157614,-0.48232452693765021,0.86970746282057676,0.10474721871518972,0.1078919578554339,-0.059685578927147848,0.99236936525582709,10.071777910229747,13.450513690816612,-1.8852981051275133,,0.1490198176437862,0.5,0,2
-0.69014679773161391,-0.69968765861279814,-0.18475545449523165,0.71630439932074286,-0.69681616263174107,-0.036813625316246018,-0.10298254752407761,-0.15774795047833642,0.98209479126270471,15.692661704600759,-2.5907344081368264,-0.12807379816666026,,0.4994940354796934,0.4857142857142857,0,2
-0.91146868201178977,-0.38111385617518045,-0.15484531101384238,0.39690551206507718,-0.91367749904401807,-0.087518239430566067,-0.10812426279077497,-0.14122909180459561,0.98405461607778622,-5.980227240754866,-26.280840410898282,-1.2260095755605724,,0.2404624871126689,0.5454545454545454,1,3
-0.32741833150329896,0.92957193606889776,0.16939082581036705,-0.94476954964212145,-0.32481108817741694,-0.043683578905882016,0.014412989440777383,-0.17433809873382394,0.98458036394458748,-15.133631918976217,4.169368542848237,-4.6270199912524159,,0.5311468224411684,0.3260869565217391,0,1
-0.31030718983448541,0.92415700752017638,0.22280770495738936,-0.95049533197388836,-0.30565575268428391,-0.055974858167332706,0.016372899342320172,-0.22914708442910273,0.97325409933108897,17.58677919882658,6.4091037017466235,-0.48876324001210564,,0.127495626169969,0.125,0,1
-0.46786479953439991,0.88378237541235205,0.0055894782526735428,-0.88379689445397114,-0.46783687026687271,-0.0056313561789499856,-0.0023619293284699171,-0.0075746768511020602,0.99996852228480138,-16.18980374480434,24.395350216265353,-6.444340220818062,,0.723153601276868,0.5,0,1
0.45339068734996657,0.89123385943069888,-0.011793745316412321,-0.88552409339086824,0.45191260045332721,0.10780575854653825,0.10140988437330938,-0.038434481338700595,0.99410201991325775,21.36698025626481,0.09802992658919088,0.30360498635342581,,0.3378657011135828,0.3939393939393939,0,5
-0.78948736701862732,0.60894442989818443,0.076787880645127538,-0.61194248071396584,-0.7713171672507374,-0.17491777440253298,-0.047287393834222181,-0.18508513932856122,0.98158412455789745,6.9994922425382651,-2.8397972214209894,-1.0679382323460085,,0.520377802108857,0.3285714285714286,0,1
-0.31537266403304876,-0.93476536377415931,-0.16356588112703049,0.94615716139778516,-0.32298878399640701,0.021560875404504597,-0.072984304589301455,-0.14795931907347543,0.98629677642326807,7.3713451003548816,-16.840743375577482,-0.25232637882948489,,0.09685077121648669,0.1904761904761905,0,4
-0.8899327388766296,0.44682563779367607,-0.091468954765078964,-0.44226091450858079,-0.89442747243319742,-0.066368517045332698,-0.11146750097483729,-0.018610372565785353,0.99359380546548681,10.220887737472896,11.310113062461019,-1.6578062584541018,,0.236049964187218,0.2777777777777778,0,4
-0.9932925334709618,0.095685682302112607,-0.064916817183361522,-0.095135921934409895,-0.99539769185571414,-0.011514834171937775,-0.065719854751274953,-0.0052616775553554242,0.99782424075624421,17.460429821728631,-12.092568671659196,0.63099801348902707,,0.2307848417361024,0.2727272727272727,0,2
-0.30064820132465231,0.95271086637314994,-0.044188959421727618,-0.95359767755708291,-0.29949552029446053,0.030885314977996365,0.016190379797613431,0.051424103473703547,0.99854565903815162,18.974615042916856,-14.618104822767611,0.95857077620209297,,0.1041057969507447,0.5833333333333334,0,3
0.55477519203850489,-0.80462958492790371,-0.2116499878511455,0.83157916724511949,0.54434571867613413,0.11028974187510499,0.026468375517855452,-0.23718973337333366,0.97110270078902217,5.1848041962836842,7.6495166353355719,-1.9673213661003353,,0.5041650284659116,0.2105263157894737,0,4
-0.9493311751918968,0.31339274728953498,-0.023564926375648124,-0.30206097529411541,-0.93056304779015964,-0.20690959690612917,-0.086772616724055937,-0.18930768614561488,0.97807623064516458,-11.328908317584263,-4.7446562832386459,-3.2954612181117904,,0.3453565361317503,0.3617021276595745,0,2
0.95014730439395445,-0.27283750917135408,-0.15092976360570681,0.30180642331725133,0.92633986369366483,0.22540483529962607,0.078313362827498192,-0.25971936878325941,0.96250343723099219,-16.85438391075099,22.372795783341576,-6.4604661118119013,,0.4268756493650747,0.2857142857142857,0,1
0.97755701615006141,0.21007765425202032,-0.015800612638701767,-0.19907828508325992,0.94569918913736073,0.25694528614716305,0.068921089545203942,-0.24803310837246662,0.96629677665145663,19.207595198788493,7.0596212564234326,-0.34789302561332008,,0.6635132311275803,0.5098039215686274,0,2
0.99256203468476567,-0.048907958092080102,-0.11148371602033569,0.077970529243301931,0.95867322186419013,0.27361697726941903,0.093494405565033217,-0.28027426802294519,0.95535602306796841,-7.0415452449454987,-28.860869322532647,-1.212448381563441,,0.636495914955247,0.2692307692307692,0,1
0.69772213423094642,0.71232675672954582,-0.075989571991027433,-0.70887766871398383,0.70183089150896649,0.070184403697376496,0.10332605771459691,0.0048980987021131133,0.99463547816587761,4.986928282494314,-7.6821265342559988,-1.0426014449104672,,0.09979652001849885,0.3529411764705883,0,1
0.86556009514574317,-0.44637369750971112,-0.22706000057870618,0.49714946628253376,0.82053413514702844,0.28207470860307743,0.060399750548202402,-0.35703536971850292,0.93213604956770546,-20.160017266709087,-0.40905514195651199,-5.0450097782933474,,0.2017304228878837,0.3529411764705883,0,1
-0.98689794211553183,-0.063787883158307898,-0.14820107223063866,0.073102954245711782,-0.99562031171799492,-0.058276521645622352,-0.14383466177760595,-0.068346915488157758,0.9872387194668657,-34.729768346745374,-2.7981028697349704,-7.4096194191425884,,0.1737796735360394,0.3809523809523809,0,4
0.99468164322118191,0.039683283755169864,-0.095045597631965184,-0.025696945856774723,0.98923011779804948,0.14409524979988922,0.09974014042723596,-0.140886518275047,0.98498877828932208,-20.903955889043729,17.703065345513675,-6.8281105074915338,,0.08275988563430711,0.3571428571428572,0,2
-0.043289586210797489,-0.90398003339338462,-0.42537760983835743,0.99763445763992198,-0.061871224952372024,0.029957310499985058,-0.053399444334163777,-0.42307452150772307,0.90452001005827076,-8.4240557013486494,-10.554355989704275,-2.6138103506970296,,0.08479642063739418,0.2777777777777778,0,2
0.29678963105170314,-0.94593028975394633,-0.13088850914503553,0.95472941432427005,0.29102487567028423,0.061613855301648923,-0.020190599897743664,-0.14324946306046599,0.98948063700542332,-14.896101830714608,10.735016402219204,-5.2058179928230413,,0.07681561909814955,0.1515151515151515,0,3
0.14851352400509321,-0.93718541450418547,-0.31563781780421729,0.98836536498510585,0.13007269297485763,0.078835270280049871,-0.032827404488455968,-0.32367359080235147,0.94559915827567476,10.22628736628897,9.4348909018951606,-1.5313586224803839,,0.3664161089785657,0.2068965517241379,0,2
-0.80678008244851407,-0.52830741370838508,-0.2645697926542756,0.57931365248965294,-0.79535088034996104,-0.17836106404044619,-0.11619634505210094,-0.29716704687313433,0.94772894629700621,16.524431310291295,8.46528997090501,-0.72610855315543921,,0.5298869270550671,0.5882352941176471,0,3
-0.94978857461169675,-0.2661224093740156,-0.16456161996665508,0.29603841517044721,-0.93458849366029784,-0.19724503608746433,-0.1013060722782739,-0.23605764284755548,0.96644392955453162,1.7036567432141774,12.752798275404771,-2.9368382261347725,,0.4971542097150341,0.2857142857142857,0,2
-0.84710508383239735,-0.48282314911973007,-0.22202428610270158,0.52163237765140968,-0.83528556139202814,-0.17377483568037566,-0.10155116705899674,-0.26302060300309471,0.95943083276745078,-22.375695398509983,17.585274765219964,-7.0661021974696627,,0.2915180685045765,0.25,0,3
-0.96859633761785568,0.24095912538434244,-0.061317490549524449,-0.23421595906236392,-0.96700179380450824,-0.10025175958237072,-0.083450699660190503,-0.082741952314875702,0.99307086859566507,6.9734596428954765,4.9401844959911267,-1.567721074665565,,0.6668523397167256,0.4347826086956522,0,1
-0.43375585917653953,0.90101531662924272,0.0052205200438277212,-0.90102916754173779,-0.43373822669099055,-0.0041940369571681615,-0.0015145524307030281,-0.0065230289329996369,0.99997757786086094,-8.3251303298142805,7.6217446952320254,-3.8963922183470281,,0.3875171337825682,0.3636363636363636,0,3
-0.98060381433391564,-0.13581876142570903,-0.14131321013465359,0.16592515306750258,-0.95902404344451897,-0.22965567198493214,-0.10433121725207806,-0.24864864395389563,0.96295838381862975,-10.108850613077701,-26.970712239218212,-1.6727707183546652,,0.2413730017585612,0.5,0,1
0.28504335518183038,0.93125001830167731,0.22698830163647504,-0.95557550317126527,0.25755534764197707,0.14332027295537847,0.075004955874053258,-0.25775695201904225,0.96329414525376678,16.625530152685517,4.7971721660964048,-0.50627383197101938,,0.4465932838492054,0.4166666666666667,0,1
0.92219885487410092,0.38353896249087266,-0.049468538692001275,-0.36675633972601523,0.90798127019936836,0.20263217967025193,0.12263384255446245,-0.16872426387027623,0.97800463365045476,-15.078954332884656,-5.1992870949670342,-3.8863342812462514,,0.5346830432412685,0.6206896551724138,0,2
0.97054322328588927,0.23799988724185153,-0.037442027278232981,-0.21282100510073912,0.91974976190584956,0.32979932574528692,0.11292949801424397,-0.31211605076798055,0.94330827375320503,-43.212903349222685,-5.317611059388887,-8.6679420885452494,,0.2376435300448514,0.125,0,2
0.70427274381792904,0.70873458471958828,-0.041172694076527849,-0.70263129358032028,0.70415397974765392,0.10235447272682886,0.10153407111316119,-0.043156242050183563,0.99389555345382974,15.047164106912881,-18.912101143001792,0.78706966872986384,,0.1570779421047734,0.25,0,4
0.88836769643642,-0.3750810721861601,-0.26479619562208556,0.44778548376008587,0.83522923052438713,0.31918692487535671,0.10144454870516739,-0.40212724573861114,0.90994652687544453,-14.351333669599807,-8.3884542962804165,-3.5898567331359801,,0.6397157263318759,0.4754098360655737,0,3
0.66098918669073481,-0.72942565560635297,-0.17615762265983187,0.74887188954997541,0.65616493660339548,0.09294336455127937,0.047793180682716194,-0.19335405068295045,0.97996429678061481,-12.702368935539242,-23.163896088074129,-2.2775024674486821,,0.1951626549001557,0.6764705882352942,0,2
-0.45725684144585726,-0.79847190518101718,-0.39161051771824784,0.88492888422397076,-0.45228229782557178,-0.1110927222627042,-0.088414087209423925,-0.39734536578424662,0.9134000270816216,-11.583550749707884,-19.275015472977834,-2.4420603039216324,,0.2670695091424339,0.1666666666666667,0,1
-0.98850863676167433,-0.055467638895390026,-0.1406201126544401,0.071777029034362338,-0.99091914640555556,-0.11369829985486304,-0.13303658575962146,-0.12248504530046386,0.98351343688185922,20.825612812687613,-2.8805861895639606,0.4573828867782207,,0.2410427703631444,0.2142857142857143,0,3
0.48278784116104956,0.87518995708732239,0.030958673106972305,-0.87107602061171008,0.47627530975512306,0.11995163872548699,0.09023561792508214,-0.084878550477448189,0.99229691369394357,-8.5977216692311185,21.341568216112247,-5.0354710396638778,,0.4328641974825134,0.12,0,1
0.85023146903584901,-0.49938667149447169,-0.16649144541031222,0.52405773932434585,0.83284339148371878,0.17814424244457966,0.049698439768248052,-0.23871497145250431,0.96981711033010332,26.16426936427726,3.0921296745827118,0.65994677031522631,,0.1341089233869682,0.3043478260869565,0,2
0.17256923618184195,0.96214953818695381,0.21092208250974484,-0.98282933331000732,0.15399556957221366,0.10164578760350541,0.065317381369916341,-0.2248413456612495,0.97220368697727944,-2.4243615495676565,-0.40063818809517615,-2.3339641258590835,,0.2472412597744797,0.334070796460177,0,1
0.88128528402859285,0.46566956925401054,-0.080548745647767234,-0.45982756593053736,0.88428335590796425,0.081249960458745787,0.1090635492043141,-0.034565860830226919,0.9934336130311,25.80891098670503,-7.5228009778820093,1.2611057565003858,,0.2926532885808497,0.8260869565217391,0,1
0.24226049244537487,0.96775180358276647,0.0690383984636571,-0.96800406634644998,0.2362995556499396,0.084443161572611808,0.065406279032380416,-0.087286692353091846,0.99403372779860666,-0.1282919889234829,3.8608852436978101,-2.3747393313246263,,0.3342776691435571,0.2243150684931507,0,2
0.994609401329141,0.060631908189884773,-0.084118431374711533,-0.052178264806128444,0.99368934987815705,0.099292016902408964,0.089607853838322774,-0.094367619700722064,0.99149643715068914,20.096996989880186,-7.2060755150262743,0.62261319209176791,,0.1950492558818512,0.5384615384615384,0,3
0.99247327241210548,-0.054731798069653337,-0.10955014298334448,0.080440478990943226,0.96587600890274394,0.24619680088460966,0.092337061288066485,-0.25315601060644644,0.96300877535280771,25.489924376538063,-0.87464362133014539,0.83705821959964943,,0.3903058130736763,0.4,0,4
-0.83365206499967737,-0.50958426844238747,-0.21295095181240875,0.54154423158746867,-0.82991432723063352,-0.13405989218130709,-0.10841623382184147,-0.22708166551565157,0.96782221375133026,-11.021286072564907,19.121471429341504,-5.238530592400708,,0.6194490190161772,0.391304347826087,0,1
-0.87404950428416117,0.48157658848891993,-0.064198547335488382,-0.48148940736546758,-0.87627021789510062,-0.017845330619658151,-0.064849168502489132,0.015313218128389039,0.99777757576279968,7.9036269273150177,-15.365497163815494,-0.26071923958535487,,0.08145404033374877,0.3,0,3
0.93577275285427286,-0.33354592780074332,-0.11435238984418472,0.34491533394128443,0.93324867007356338,0.10040085765618081,0.073230918522897898,-0.13339427968794529,0.98835378216447656,23.07633130581916,1.7112070113440905,0.36921801709908225,,0.08537746484944519,0.4666666666666667,0,3
0.040089408240041112,0.99847131496974317,0.038050920219568678,-0.99652834503975229,0.037172463429397673,0.074494734679190946,0.072966409253137049,-0.040905270383934114,0.99649518913817203,7.2010109987440929,13.58069631104987,-2.2923814716589619,,0.3811727291145549,0.2666666666666667,0,2
-0.62190603156379454,-0.75988842979849958,-0.18921538564013293,0.77725552094827954,-0.62842597293027724,-0.03089743843838608,-0.095429256834537124,-0.16628400646185443,0.98144938032228779,-20.984728207973291,-9.814753724931931,-4.4072321647162047,,0.4752248135796572,0.2666666666666667,0,2
0.91048782019858621,-0.39741244307530366,-0.11434718780514568,0.41115231250263645,0.89959073747730078,0.14727620639051076,0.044336274017570891,-0.18110730281787221,0.98246345462427953,5.2492062229424929,16.155371661561556,-2.6710319832180991,,0.4821642123831448,0.5,0,2
0.38060791875093469,-0.91200504769047253,-0.15291960361961837,0.92472434297041373,0.37451462657319362,0.067997676435878077,-0.0047435958954221208,-0.1672889340926067,0.98589650107307925,15.558054447979252,-5.5921481958724453,-0.0093337820110693873,,0.08819902403600868,0.2631578947368421,0,2
0.49824344258527986,0.86679708390514476,-0.020403118739687521,-0.86338573996384282,0.49816514315350591,0.079978460687449293,0.07948921906683773,-0.02223298181495096,0.99658775758673634,-0.14853965172607134,18.935520045311844,-3.5826688262595758,,0.1344369691877271,0.2380952380952381,0,3
0.64084469604081229,0.76752275108371415,0.015063270735370933,-0.76108745448609394,0.63266264705715547,0.14312184194773414,0.10031930113511506,-0.10318333968001511,0.98959043863218576,-1.5158763631032834,15.474966213344224,-3.4930667904542712,,0.5001240191544712,0.65,0,1
0.80979675476166368,-0.53019415788552049,-0.25124364851980246,0.58452194256024115,0.76601420886520333,0.26750015043401232,0.050629187659692432,-0.36347817920843739,0.93022593954170019,-4.4738459625461813,-13.14462954000321,-1.86731990337184,,0.2105998344296077,0.34375,0,1
-0.99448421723241398,-0.018764286069919658,-0.10319420160028535,0.034067134397730812,-0.98831096644430594,-0.14859631206678797,-0.099199657406470215,-0.15129221782434643,0.98349890330199685,-5.8173443744055335,25.333438494318575,-4.9359281512384943,,0.3090414849114291,0.1111111111111111,0,1
0.97210544766582707,-0.20410919208034065,-0.11554408823792409,0.21877266741171328,0.96667456102152327,0.13296169774566718,0.084554826071528782,-0.15453067909692514,0.98436311928366016,-2.0605927868753358,14.425800285961982,-3.5205140932129146,,0.1070156889930907,0.3666666666666666,0,2
-0.29918621717041338,-0.90624355231576526,-0.29868081850256489,0.94996002348958675,-0.31234769274273561,-0.0038565022954313811,-0.089797334186062228,-0.28488864969386435,0.95434527087877585,-8.667201544234894,2.0522982538533161,-3.415764119113168,,0.7278721274922052,0.3272251308900523,0,2
-0.87992397020756197,0.47220715328749374,-0.052480577724383991,-0.47090564346657049,-0.88146238518356634,-0.035664246211511118,-0.063100567394428958,-0.0066684248980944131,0.99798489492771436,4.1024835233479919,-10.171269464204489,-1.0358755085979043,,0.08002314334683176,0.2558139534883721,0,1
0.60962769630905655,-0.72187728376661675,-0.32748627310872985,0.79241590038676146,0.56580075115161099,0.2279178597883719,0.020763253770830502,-0.39845036978023451,0.91695484627916291,-12.567500261660385,12.320130923971048,-4.8272016476552793,,0.4974658408789847,0.25,0,1
0.85871249396353722,-0.49399840542751233,-0.13630270777206469,0.50939850587738023,0.85185839130060681,0.12186239526874089,0.055910776428292515,-0.17407715704772181,0.98314349332809392,-1.2780167273244583,19.81841551337709,-3.8151037532940086,,0.1083218648994942,0.3809523809523809,0,2
0.97238539314521211,0.22445995307273153,-0.063909128177593172,-0.20547118960878627,0.95323293246370133,0.22164964856142663,0.1106717553786109,-0.20239739606339022,0.97302983337006532,14.647591864306085,-16.038291426751112,0.57795882372802077,,0.1665543718620809,0.1578947368421053,0,2
-0.13214776925021729,-0.89510378522365186,-0.42582411951471466,0.98930958523025669,-0.1458297600151045,-0.0004750426032462693,-0.061672616725165788,-0.42133465887845939,0.90480583197393416,-21.849112608212263,-1.3490842033069188,-5.2511598811173084,,0.6626267843149467,0.40625,0,1
-0.67907663990884048,0.73184688006699472,0.057053144228217528,-0.73397710645628744,-0.67815809098620938,-0.037137727824904675,0.011511921133135166,-0.067095065140045596,0.9976801731545426,0.32673568734295583,18.104207668828845,-3.4167114736439643,,0.228956716862055,0.3043478260869565,0,2
0.96917079997407674,-0.21388665155853367,-0.12231296236576185,0.23176357208707149,0.95986849413936792,0.15791808196677332,0.083627789227329732,-0.18139728290054988,0.97984765072191127,0.040114861804110606,12.047380856134,-3.118913711865765,,0.07125443298380593,0.5714285714285714,0,1
-0.52953475202258971,0.84337357188255291,0.091180944557722812,-0.84822738815576249,-0.5251415421716501,-0.06882338750769379,-0.010160924309710493,-0.11378654988901388,0.99345325842815924,-32.853144623350403,-9.9277817095559051,-6.5880852777059609,,0.4875511958865372,0.125,0,1
0.64984708063817764,0.76006485824961589,0.00042783177824445753,-0.75334845267547601,0.64402975780808569,0.13301045037562209,0.10082103271393934,-0.086758759279112974,0.99111454285104938,-17.054572595729852,-9.6193132857793575,-3.8861417765470256,,0.1109206710762699,0.2,0,1
0.64729014695869158,0.76181801293214646,-0.025471176304080214,-0.75556481516909701,0.64567406522690152,0.11057491384512722,0.10068403909600458,-0.052328927616425158,0.99354134670170169,9.4571824721132476,14.23507461482575,-1.9975336931043273,,0.1200175507232247,0.3888888888888889,0,2
0.22151015219536116,-0.95503242893793527,-0.19709467814047149,0.97479857330697472,0.21137098326291404,0.071344578722955937,-0.026476290394899307,-0.20793115954896479,0.97778506786284491,19.364939291976697,-7.840892630360532,0.60400886022323885,,0.1591929233966164,0.4736842105263158,0,2
-0.19015213828632244,0.98173304032604236,0.0065116693194048371,-0.9813061138523389,-0.19026155311668452,0.028962947392279961,0.029672802718318451,-0.00088257453680033,0.99955927580160409,18.180293344766,-1.6739291879868474,0.092516225414027209,,0.3069749651857118,0.8256880733944955,1,1
0.75516526220813462,-0.57956578814077098,-0.30631507303899963,0.65419779674823064,0.69611412294438946,0.29572008820356693,0.041841002424431201,-0.42370818384134595,0.90483186585242914,21.034125096788415,8.3959458376376386,-0.24258230372841327,,0.5190580641393695,0.1153846153846154,0,1
-0.96658417640599748,-0.20991137284788161,-0.14714701991768969,0.23328319989525451,-0.95823191152863607,-0.1654404798554657,-0.10627313192039697,-0.19423907762675777,0.97518059976321092,-10.61734712093047,5.0665028629157236,-4.0000028178818914,,0.2078059764654324,0.375,0,1
-0.055394861616414215,0.98722184256759071,0.14941366357850389,-0.99750839702337002,-0.06126594281062428,0.034978309270078209,0.04368531989543209,-0.14710376544799025,0.98815589610984833,16.729144517584704,-2.969978077058725,-0.030028924150924462,,0.3491681660042234,0.3666666666666666,0,1
0.69804258433471345,-0.68594314717124905,-0.20547152918134109,0.71528471361276047,0.68128354272258373,0.15562940881234086,0.033231444856152745,-0.25560659863190133,0.96620957240580307,0.65163208467710987,20.596808834549073,-3.6202253490342979,,0.1817299730100283,0.2631578947368421,0,1
0.81175669369733439,-0.55924778863699121,-0.16820517572954297,0.58176838806935971,0.7995237942741672,0.14935610142413822,0.050956970874945814,-0.21909726902468182,0.97437147629904231,23.573823438110008,7.2774454353034352,0.12631899676449437,,0.3666697073210815,0.3636363636363636,0,1
-0.71130566008155649,0.69357780550799653,0.11399160338662534,-0.70200156291929561,-0.69289058055112518,-0.16460999071256804,-0.035186127874602117,-0.19711030183690939,0.97974969523595934,15.688739889460759,-3.7574041566947618,-0.069997432750784988,,0.3532446881616135,0.1739130434782609,0,1
-0.0054483171284323102,-0.92717216985687578,-0.37459589330819076,0.99874869072437611,-0.023668143390550379,0.044055326179589967,-0.049712861684012399,-0.37388713060406037,0.9261409422716661,16.552796978439563,10.130833344068487,-0.89573660836137547,,0.2561355553507932,0.3636363636363636,0,1
-0.99464172475445312,-0.022086713040242435,-0.10099513099434551,0.029768430058915704,-0.99672423860046078,-0.075197292226245271,-0.099003434027888498,-0.077800830930073436,0.99204100255850092,9.6304766864586195,-18.394703794897524,0.13020999854407908,,0.8621998925519865,0.6285714285714286,0,1
0.75125206591994242,0.6598001438600396,-0.016855373424822483,-0.65148858236685048,0.74539644116383053,0.14123304339257103,0.10574951771355964,-0.095120532287028353,0.98983287672252152,11.121874161040479,7.913342769421984,-1.321439867937233,,0.07286585224418694,0.1538461538461539,0,1
0.69845214370740938,-0.69282023894969424,-0.17934525210390834,0.71488200647408695,0.68709031300161505,0.1298099325896431,0.033291436888627658,-0.21887671936739331,0.97518442458278598,-2.3821622619102212,20.516595713924911,-4.0510770113066661,,0.1532398959755681,0.3157894736842105,0,1
0.99505747724051774,0.049416454434831045,-0.086131475192450568,-0.014212813451483662,0.92932577021164997,0.36898727451541996,0.098278242360813436,-0.36593937592395664,0.925434903289721,28.541085540806055,-3.0178829634544537,1.2816988434790229,,0.2895174444834199,0.6666666666666666,0,1
-0.63722575210753785,0.76715757470968249,0.073570350118375316,-0.77028577933663001,-0.63095133046227547,-0.092521547434339699,-0.024559295648350521,-0.11562730712700175,0.99298900640632193,27.480754738794925,4.0572084578399936,0.71686737713827953,,0.1503119191400847,0.2307692307692308,0,1
