axis_00,axis_01,axis_02,axis_10,axis_11,axis_12,axis_20,axis_21,axis_22,location_x,location_y,location_z,dbh,dbh_approximation,score,reconstructed,number_clusters
0.41993887693505511,-0.81691741038399102,-0.39534451336781928,0.90494797000566618,0.40989407076411138,0.11426295259203206,0.068705976604280558,-0.40574967081186764,0.91139820792829773,-1.0016360207573707,-14.56171074278488,-1.531797713800974,,0.3021292745518594,0.2083333333333333,0,2
-0.71306173070149204,-0.67129732693565847,-0.20224457238213528,0.6954862660698371,-0.71371677897253161,-0.083109645176181482,-0.088554062115912921,-0.19992062990625706,0.97580219297799142,-14.449654877916391,3.2218661968952245,-3.3016373008333937,,0.08233219174275463,0.16,0,2
0.60726792268579488,0.79339234431200567,-0.041883864004865018,-0.7914263488019514,0.6087101299818769,0.055823938229557384,0.069785417523221815,-0.00075209344171559727,0.99756174237816653,13.312157755502463,-4.5162938830252823,-0.17085720757888784,,0.1820678837746445,0.2424242424242424,0,4
0.48576881619645801,0.87285627586593606,0.046374334416141978,-0.87252452061574504,0.48104620241404167,0.085413769775681589,0.052245747533707997,-0.081954089736128277,0.99526574794884148,-18.513173821697798,-7.9830788691842764,-3.679718487437238,,0.4142004556306098,0.1538461538461539,0,4
0.17066641892972065,-0.92462026934670938,-0.34051480285432906,0.98472995754939718,0.17210128475207276,0.026230869056275065,0.034349441836317503,-0.33979185584693389,0.93987318854493851,-2.6407246200278314,22.109668087263099,-2.6136186471359082,,0.5106564276587271,0.4375,0,1
-0.83287430543434837,-0.51880264458997372,-0.19278020467283558,0.54308252710161165,-0.83321702091250294,-0.10397482781241063,-0.10668533218853683,-0.19129352322580698,0.97571769885950066,-10.182896917544102,-17.343996944521923,-2.6557225431839053,,0.5106344492298095,0.4210526315789473,0,1
-0.72702533072513931,-0.66317383659038687,-0.17786126881923475,0.68030996132001575,-0.73077789480754729,-0.056053768735095426,-0.092803690728116131,-0.16175330266376581,0.98245780777833114,-1.0324913289941098,-10.448224222342946,-1.6049788582144064,,0.09070273110563934,0.24,0,5
-0.98930253924681943,0.082176714160605499,-0.12052996925893839,-0.051778209843838664,-0.97024675638742797,-0.23651690997694352,-0.13637999422628638,-0.22774595357424104,0.96412254294015842,4.2180646374778217,-20.424299488740704,-0.86709984226887504,,0.2983590612425874,0.1764705882352941,1,2
-0.6210929668568218,0.7836943059234811,-0.0081707639852439569,-0.77776604739806732,-0.61761214504572337,-0.11676991824441217,-0.096558283102885112,-0.066170032153024916,0.99312538221973257,2.5704080898050772,-8.2635655853257326,-1.1731901374063551,,0.3483524000536994,0.3181818181818182,0,5
0.34850829522547988,-0.90656478416752395,-0.23808036514236364,0.93457892087239325,0.35545850543535662,0.014542749900107132,0.071443745842615605,-0.22757315971123226,0.97113657544087151,-16.89352307155454,-1.3029660785165051,-3.4931985098828902,,0.1249819025007792,0.3698630136986301,0,5
0.98932133048058402,0.064876941884483924,-0.13051546830872437,-0.060039016192901175,0.99736711024742264,0.040671414178701869,0.13281047244369285,-0.032401077272588619,0.99061170425190337,2.9761544168535226,5.8695837454115081,-1.5080500220799868,,0.08092999490483424,0.4358974358974359,0,4
0.91895227482368802,0.38626884811383383,-0.079517882096930975,-0.37558541515057764,0.91869462439413352,0.12221204128681888,0.12025935523915676,-0.08244127659209817,0.98931346063385217,-12.954781324253268,-14.039102215749125,-2.9804068960197423,,0.1595928404868804,0.2162162162162162,0,1
0.2543784542784962,0.96617489677975021,0.042398948471880728,-0.96681754220858973,0.2529900168469697,0.035494949690219976,0.023567818664955813,-0.050021197590703587,0.99847004848165932,19.953971067593589,3.3903755506967324,0.18477645216139515,,0.2804294195534344,0.2272727272727273,0,3
-0.58546371659903162,-0.75491506263553998,-0.2955257767979414,0.80700427869408964,-0.57745517047404338,-0.12365120404680731,-0.077306731372373885,-0.31088385982352235,0.94729873587255875,-8.2125231814333919,-13.377561866161717,-2.4532739582861565,,0.338015178380373,0.3857142857142857,0,3
-0.12602417959377285,-0.90687800134990315,-0.40210719568955877,0.99201035531051707,-0.11756514604848017,-0.045759058024630317,-0.00577590810335675,-0.40466124981545282,0.91444841942199118,-9.660453009200495,-11.742923888041757,-2.5815273165505728,,0.2660836717025232,0.2727272727272727,0,1
0.21196662382866999,-0.92252267802971888,-0.322524508996683,0.97467711351553099,0.22361485880551998,0.00095880676918693884,0.071236751552189517,-0.31456049250066948,0.94656062763355475,4.8815814517516998,14.904004838244582,-1.7044442689276686,,0.3811229139437046,0.7272727272727273,0,3
-0.77059791443975478,0.63374886673579789,-0.067388635334097322,-0.62717796892407751,-0.77287185175333062,-0.096524069866779624,-0.11325479926859228,-0.032116579495173103,0.99304676413760173,-8.0791768835107067,13.029720980048326,-2.7654209585349951,,0.07201689085887472,0.125,0,5
-0.96544415105819181,-0.192928716512489,-0.1752030294611662,0.22686636610069283,-0.95302489994638517,-0.20068680079778226,-0.12825460272361783,-0.23349957264848681,0.96386135229771563,22.872506263354889,0.60174811796440431,0.51375214096421018,,0.4189372973691078,0.4375,0,1
-0.96681473519361416,0.24616581819218242,-0.068349526452459577,-0.23350507482965674,-0.95999716475286601,-0.15453421528986944,-0.10365639315207974,-0.13344599514497496,0.98562037242463196,17.938822689047996,-4.9446947362387759,0.31613626497637198,,0.5049245412866405,0.7,0,5
-0.85970823246906203,0.50306680980076957,-0.088462081717530672,-0.4959944993782367,-0.86357405090033135,-0.090715573073900838,-0.12202955220541988,-0.034112219049338054,0.99194009138661032,-2.3713330049290384,-4.689829022068551,-1.813709062182973,,0.1453491792831939,0.2578796561604584,1,5
0.75431372305209854,-0.58752426653753953,-0.29296082237188031,0.64223724787006287,0.75292193970913102,0.1436658280626528,0.13616947037999982,-0.29651945793516904,0.94526931950754878,16.18957549659202,-3.9450235236526372,0.088546983818193897,0.5856473826216995,0.4409451496110667,0.2173913043478261,1,5
0.064049471974474845,-0.97568136219083201,-0.20962715619220837,0.99777404005286419,0.066517211449637251,-0.0047355651773623589,0.018564216557015654,-0.20885722408958185,0.97776992682799269,-3.078450778294914,16.236028473492741,-2.415201500163128,,0.09337255872584665,0.36,0,2
0.98605921512445516,-0.079033684260260167,-0.14642711845964204,0.091318159478955496,0.99267074697998448,0.079156691691713854,0.13909787208120983,-0.091424640236921317,0.98604934822757739,-4.9582720888913521,-13.329109893722599,-2.040782945755133,,0.1409563855089213,0.3421052631578947,0,6
0.76631505914448306,0.63641838098122216,-0.087936764084347432,-0.63578088546012312,0.77089774096042596,0.038721294731108157,0.092433196482261976,0.0262358024720242,0.99537318974177735,4.5695453326306348,6.8780215017553141,-1.3859263735280216,0.1131513284976944,0.0954302635284057,0.125,1,5
0.43897007615193928,0.89463036348781488,-0.083317374951572459,-0.8949796979688206,0.44356781434631526,0.047528247386917646,0.079477119140038355,0.053703880694909827,0.99538900975021194,-10.758102039193142,15.261079208320099,-3.053887721553362,0.2306185751680602,0.2087846579980473,0.4285714285714285,1,5
-0.86151918780887615,-0.47594866752854043,-0.1767980625316391,0.49541816064540922,-0.86422835223391925,-0.087579685417136927,-0.11111046368301281,-0.16304055039422538,0.9803429215265923,-0.34095319701710447,17.605324817562316,-2.2243896258184099,,0.07901590331469877,0.1739130434782609,0,1
0.48746638913439194,-0.8426263569845398,-0.22881726765967378,0.86907589587268963,0.49350011584471914,0.034128036485110778,0.084164165042836872,-0.21549584259611598,0.97287097559050995,-18.565690141668675,20.314210139768139,-3.9483760567914765,,0.2181970798533945,0.25,0,3
0.72892911704270991,0.68197754555681889,-0.059740854393223727,-0.67888787338738199,0.73133978465695493,0.065217902032167471,0.088168008341425394,-0.0069818861503249483,0.99608114908921486,-11.430433450762349,-4.7610686906815989,-2.8955591095892439,0.5986900370322934,0.4493205570694429,0.9601449275362319,1,5
0.40382683241204104,0.91255781128097613,0.064514575826943643,-0.91415349196180939,0.39979874664032417,0.066965329229797144,0.035316887718009456,-0.086018621558933972,0.99566737125759697,-26.290301618042641,2.4561700642758106,-4.6753773789487436,,0.3429225209317486,0.3571428571428572,0,4
0.74913958061144259,0.66091193723020525,-0.044556705308285968,-0.65499122420919742,0.74910965461295509,0.099102076540285799,0.098875603513957674,-0.045057037100510136,0.99407921134961597,-8.4976540925713451,10.113226657717471,-2.7620046621153405,0.1770646961073328,0.08847333811445568,0.2916666666666667,1,4
0.64819642194765448,-0.73000552159667043,-0.2166410326153162,0.7547311791806316,0.65368301862158218,0.055491966431088384,0.10110512225832494,-0.19947543609213822,0.97467292188147925,22.279979082596693,-0.29163950989190801,0.48794617092004544,0.6779968900797489,0.5505836420701729,0.9058823529411765,1,5
0.25315433325956688,-0.9401545582781351,-0.22808395406242227,0.96579609652733966,0.25928299951133726,0.0031978269118398193,0.056131840201960222,-0.22109213625375476,0.97363621738424144,-3.106578709896882,13.680621522672615,-2.3144322315461734,0.2991232654688703,0.2605209280258254,0.3720930232558139,1,3
0.89320250512341981,-0.40174609569807318,-0.20196375772054487,0.43220696941218378,0.89097405548925745,0.13914872632030356,0.12404201075758198,-0.2115781345895214,0.96945772085781867,3.1792986065588651,-10.437136568144275,-1.1183679682054875,,0.1997574251416099,0.2692307692307692,0,4
0.92000046001605051,-0.34820710684624273,-0.17986373817984064,0.37196486544874907,0.92034618799625523,0.12085128510883726,0.12345562944617412,-0.17808622906483448,0.97623972597693343,-4.2197209582526343,19.032085337818934,-2.5802089228244069,,0.09157853121883371,0.5294117647058824,0,3
0.60056942060444596,0.79916516735294718,0.025522662960092569,-0.79650991925484538,0.59517292524219889,0.10649477727702303,0.069916518530877977,-0.084286560900173238,0.99398564179174242,-2.4422511511429819,23.823016566905704,-2.5918551769455416,,0.308378151229986,0.3809523809523809,0,2
0.85758424695979485,-0.46350457414290475,-0.22296360491121986,0.50138111157666776,0.85004918973270804,0.16134855434404169,0.11474423872485774,-0.25015971854671493,0.96138123286034771,3.5774224529571597,-12.221689346505633,-1.0548184936789684,,0.3943536732191733,0.1276595744680851,0,5
-0.14682626389680525,-0.9324876182710703,-0.33001346942398258,0.9891519634571464,-0.13688737697681486,-0.053293894709255607,0.0045212187493556873,-0.33425841469670681,0.94247062064844578,7.8083658579189885,6.9860550105259183,-1.1007506959074684,,0.3129591069012398,0.3333333333333333,0,6
-0.67071966498741453,-0.66961773652786749,-0.31897839727239552,0.73752273781764122,-0.64774526402910126,-0.19101383229976271,-0.078710496130706548,-0.36337055446907923,0.92831379282206772,-5.2990987513696739,-17.523475075852154,-2.055207260592379,,0.4889913566741481,0.1481481481481481,0,3
-0.26095279174092756,0.96474268836149191,0.03428098212796539,-0.9644826866188817,-0.25904714171360754,-0.051650029839633398,-0.040948598206054503,-0.046541633222868466,0.99807669478948757,-15.783167202934328,-0.38949527535364831,-3.3820327532253769,,0.5562158331164592,0.572139303482587,0,3
0.99034458806206815,0.030780158059207547,-0.13516722519170341,-0.02419145299548724,0.99845017920270995,0.050119988547938539,0.13650044138442041,-0.046366167837428203,0.98955434816988808,-16.387152099418355,9.9925909860466042,-3.5807115008683086,,0.09951464489281256,0.2424242424242424,0,4
-0.96977997929178383,0.20940144479431469,-0.12521112843066332,-0.20152662512979416,-0.97678126737636195,-0.072700585048699057,-0.13752749226471728,-0.045270195721703162,0.98946288371555224,-5.9908120960272448,29.830137051122733,-3.0162250526282395,0.2464886163780664,0.2581185722715012,0.375,1,3
-0.40703815072964122,-0.84327243457082945,-0.35101502096574155,0.91076474710948896,-0.40392565479337572,-0.08574170993356639,-0.069480351705953264,-0.35459225385325183,0.93243595717565986,-12.767122330561662,13.092379142157268,-3.2467236128291823,,0.4028715282503259,0.3823529411764706,0,2
0.55954086200679276,0.82166891515462359,-0.10850906696364128,-0.82537599824625607,0.56432425421963006,0.017105485040066582,0.075289343626389879,0.079989561619522032,0.99394828073105757,-18.914031365023845,15.449861500158569,-3.9432852757383916,,0.1366476062862507,0.4571428571428571,0,3
0.96263544245115096,-0.22538680260463237,-0.15011260489558365,0.23448062299791153,0.97104659459413911,0.045687509952258107,0.13546897200240518,-0.079178913473139129,0.98761270611805396,-14.643098574228748,16.400974194696939,-3.5212132692602398,,0.1797196803866857,0.52,0,4
-0.75396587574841112,-0.57853272047861926,-0.31118378740310293,0.64905342987049064,-0.72912044629470085,-0.21705533849313421,-0.10131684647818522,-0.36562722290691718,0.92523058233561029,4.9890824258002704,-8.5583866418219365,-0.90559699046776276,,0.4704597725886185,0.5217391304347826,0,2
-0.3552186563603803,-0.89749186151560989,-0.26139637466263932,0.93053394374836573,-0.36613011100957066,-0.0074378319578181995,-0.089029690023268993,-0.24588025607064176,0.96520288746407945,-17.050934156603866,16.409288923337137,-3.7673804784612916,,0.095301301744528,0.4090909090909091,0,2
-0.39168712160202318,-0.86685482932574975,-0.30845405435128698,0.91723309965363031,-0.39430866239902645,-0.05660494374949946,-0.072557836729846462,-0.30509569585904628,0.94955356704999494,26.921703555860134,-4.4648346964140879,1.3372956392234683,,0.4163842794315008,0.125,0,5
0.67173760062397692,-0.70735650027523767,-0.22003494592066422,0.73412622826968255,0.67540045799552839,0.069949283813064936,0.099132622655068975,-0.20852098901021462,0.9729808427033545,-7.0405159069345284,-8.0702725161651827,-2.3361096745796694,,0.06911194990605746,0.2236842105263158,0,4
-0.36204054940810859,0.93178736447717836,0.026437624419546269,-0.93215376397198701,-0.36201328464115384,-0.0059784660391191896,0.0040001121400219525,-0.026808378242578194,0.99963258748345696,-14.447524620683005,20.643465747729895,-3.5521208872916215,,0.4788817710619243,0.55,0,2
-0.022808527866992896,-0.96184612155227989,-0.27263860605456836,0.99972571061818361,-0.020493213296281194,-0.011337183855003574,0.0053173852135832891,-0.27282240865374419,0.96204971740074907,-10.918648881543527,-10.47564844725985,-2.7717894766460818,,0.09590361828603029,0.1724137931034483,0,3
0.99060334248526838,0.035702404708575421,-0.13202407414952383,-0.027690815489485595,0.99769014249186461,0.062029011858085709,0.13393370223562531,-0.057790292200233455,0.98930381861836103,-15.267629983841838,2.5971010238783196,-3.3981631705405384,,0.1744920007694372,0.15,0,1
-0.56875622461162068,0.80946200576894178,0.14590276961749982,-0.81795568707311461,-0.53800605030534243,-0.20371053929434957,-0.086399368922955716,-0.23520363741100386,0.96809834107819259,-16.576210379714663,3.3976077854464171,-3.5441636630683133,,0.7183678257691924,0.4722222222222222,1,1
0.82781927878624384,0.55418994783425923,-0.087113393856991211,-0.55225851672753046,0.83234043114078005,0.047116211544309193,0.098619330618953283,0.0091054054188129743,0.99508357398784775,17.492331813686366,3.2763013726387489,-0.056273004332431951,0.1927922460247851,0.3129082835456168,0.4482758620689655,1,5
-0.70524303791946807,-0.66208641918984312,-0.25352284116128532,0.70014348514267388,-0.7066519531206884,-0.10218667898990776,-0.11149599848599838,-0.24956880949967891,0.96191686316777036,6.3873943654035079,13.912232399994926,-1.5052893669199716,,0.2249728589233004,0.2727272727272727,0,4
0.84945552879090758,0.51153280316532612,-0.12945847169027683,-0.51321319917256392,0.85796374320681579,0.022592643440069934,0.12262755319103728,0.047248350535988769,0.99132743156335934,28.705451639559097,0.41754431783631918,1.2426942833810655,0.5124294799434961,0.3976829782297715,0.25,1,5
-0.074572292955204067,-0.98434652794853683,-0.15968996849853351,0.99721481881175489,-0.073408139144475346,-0.013185228461567149,0.0012562904288346373,-0.16022845572183725,0.98707915777375899,-21.973514588118608,17.109456866736082,-4.2487893084353123,,0.1153817606719753,0.3076923076923077,0,1
0.96343914885886495,-0.20454063517524687,-0.17305529465524225,0.23234799531959752,0.95946419560451401,0.15950820174507646,0.13341445018089473,-0.19388549691787235,0.97190997451813432,-0.98621990286113292,22.25966927681781,-2.4975996064088393,,0.1911029127918167,0.3,0,4
-0.98805494894339085,-0.064379911968251241,-0.14000944540792201,0.08690554252855047,-0.98307935661551371,-0.1612526132323025,-0.12725896646716872,-0.17149403934652793,0.9769313946855841,-3.5640827564512869,-19.237562667282102,-1.8611880833805687,,0.230840208410385,0.4615384615384616,0,2
0.98494655715313839,0.0042260300060432531,-0.17280746576050587,0.031016712066741555,0.97915534821072381,0.20073058472217492,0.17005364778430729,-0.20306881774591937,0.96428461158235168,-7.875123347731936,-11.858351986017274,-2.3998048164519497,,0.2508364018342787,0.25,0,2
0.035955604593682584,-0.95431104011767065,-0.29664395022961837,0.99708221277140252,0.054257936060363242,-0.05369485403046792,0.067336880483034559,-0.2938477753599627,0.95347744044776161,-4.7501150960281553,5.7635682559562511,-2.1879344962261538,0.6584943401279041,0.4353886006865951,0.8250591016548463,1,5
0.36486203635657494,-0.89869363337117436,-0.2433627904258365,0.93007588654342765,0.36382924444740783,0.050863800047624086,0.042831526895380778,-0.24490413271920222,0.96860075680378499,-28.584189993935308,-4.4829294224248892,-4.9845160943787414,0.1094279116189361,0.2336802401972398,0.6575342465753424,1,5
0.66779599819299962,0.73891536148602854,-0.089736243276551358,-0.73836960356321424,0.67284845775631585,0.045664881789516457,0.094121375528190387,0.035763689056363838,0.99491815000720685,-12.587555515670504,15.90865922318055,-3.278432664752672,,0.079612084329682,0.3076923076923077,0,2
-0.089098659840825059,-0.97763807072918851,-0.19048682756421431,0.99569867423579073,-0.082546938253975244,-0.042073187542459929,0.025408245505299028,-0.19341614629033479,0.98078775247988215,-5.9677359086467803,16.116481538675647,-2.6261079532340301,,0.09123748185947717,0.2962962962962963,0,3
-0.91938759774736789,0.37373709003147459,-0.12266634682392645,-0.36770121911685821,-0.92734461122294565,-0.069482267491343161,-0.13972207616657634,-0.018776569723136922,0.99001271802999191,-15.569990378029928,14.140459888831129,-3.5562320140508432,,0.1079197349553316,0.32,0,4
-0.38076993900404049,-0.89557357174831198,-0.23013524531638055,0.9232580874212265,-0.38197294714626301,-0.041123857548846024,-0.051075997906637256,-0.22813295516950116,0.97228935878341916,-18.263983627626914,9.120036881168323,-3.7932021710842925,0.3146805545950953,0.3718358713584047,0.6931818181818182,1,3
0.73583064491891148,-0.66010274693154658,-0.15105504126524602,0.66825475997773842,0.74391972012041763,0.0043618554600874451,0.1094935512498979,-0.10415283726037358,0.98851573013548966,1.5788889476088603,12.988982492439254,-1.8824556401040766,,0.0680256702719057,0.3333333333333333,0,3
-0.99325073606936021,0.083973958449315295,-0.080008434555521687,-0.068176037212237542,-0.98074675452662674,-0.1829968071730293,-0.093834978806989267,-0.17630705541140412,0.9798524475473086,-5.4603714937066838,12.182281801891893,-2.433500938128446,,0.3754982127555808,0.2830188679245283,0,3
0.80699344942328699,0.58701596154916469,-0.064605212439978271,-0.58134734200234839,0.80888415341821551,0.087986898432107691,0.10390784635776813,-0.03344678213830457,0.99402438211036048,-25.097975491134306,-0.89166989648556505,-4.5450143347695491,,0.1030128248194904,0.5185185185185185,0,3
0.9662406404545516,-0.22170857978766664,-0.13124149641982769,0.2353199373579089,0.96684287316223272,0.099193677708160552,0.10489781606806518,-0.1267287033940474,0.98637532609053846,-7.3856832658972609,14.529205979187283,-2.7293475754626453,0.4022402967940146,0.3369625855088738,0.75,1,6
0.76708331286860965,-0.61479582697700863,-0.18332834546292881,0.63365922954670384,0.7707322663349484,0.06669148701650153,0.10029542326944299,-0.16732562494086328,0.98078691024572362,12.949953274848518,2.9480186936395705,-0.54103156687814113,0.1330087675676111,0.1144711319225464,0.3870967741935484,1,5
-0.43105292156599134,0.90003610747220553,-0.064252502330298666,-0.89946848651289213,-0.43425994360649134,-0.048731336418111768,-0.071762250380207282,0.036787316090857537,0.99674313280563975,-16.129306743210403,19.157816603276718,-3.6940008205639212,,0.1167451918239671,0.4242424242424243,0,4
-0.93914841417490158,0.34309801611442264,-0.016852521802838451,-0.32453012760731625,-0.9022675719152331,-0.28388981127432067,-0.1126075149710128,-0.26114551500750999,0.95870880227706068,-25.292084390930114,-2.7166774135629073,-4.5870149323631519,,0.2261064243911949,0.3529411764705883,0,4
0.84166360455076261,-0.50170896104864426,-0.19972605032420701,0.52575392328577852,0.8457478435003617,0.091068091909845716,0.12322819857577164,-0.18165545303672551,0.97561063312050522,0.74578763829386596,12.989194581647478,-1.9275207908426617,,0.1022203884489241,0.3214285714285715,0,3
-0.98719804139555056,0.061512093002833564,-0.14716076066396996,-0.032296359567237233,-0.9806201625619696,-0.19323830348985849,-0.1561953015410234,-0.1860117178871957,0.97005292050751657,4.0560372371018349,16.194806899909114,-1.8543595832884154,0.8366643348582103,0.5491766242309447,0.25,1,5
-0.39035571284247261,0.9189072473020351,0.05684969926959043,-0.91668421052251603,-0.38219125198380399,-0.11670434904392148,-0.085513014389378195,-0.097669431056243608,0.99153830314677882,3.933422455284004,13.120420458007256,-1.7055524177703776,,0.3094484107702689,0.3125,0,3
0.62180276605335549,-0.73601619431057608,-0.26765926444076588,0.77719656428452666,0.62204557114676662,0.094998988842093901,0.096575465790868856,-0.26709449475657271,0.95881891422625143,-4.4626799676627842,-9.8540250811691426,-2.0120555141679453,,0.3782695209274431,0.345679012345679,0,5
-0.011053534495987427,-0.968956314111449,-0.24698477831377003,0.999870597453141,-0.0078232209663986526,-0.014056513166897973,0.011687930691370909,-0.24710819200760428,0.9689174029394293,-15.348257153860594,-10.597985460546843,-3.2792763048734908,,0.3318747821641462,0.8846153846153846,1,5
0.79925388874690584,0.60057830207950968,-0.022336615550285495,-0.59147523385133383,0.79264058063338561,0.14791199300150928,0.10653764153320579,-0.10500768069270905,0.98874825811835421,15.961110447837987,-2.3935033793492053,-0.038557594766383277,0.4201963492000426,0.2069981512967643,0.3225806451612903,1,5
-0.74554720404096486,-0.63884168905980099,-0.18984378542875799,0.65847905062919199,-0.75004118769162498,-0.061996424482501332,-0.10278475776679012,-0.17122941653044632,0.97985497931350318,-28.277028241088328,-2.6149270222708236,-4.9447175178839009,,0.2033875057604222,0.2380952380952381,0,3
0.85863457361830942,-0.49071189163941403,-0.14815028987812068,0.49784899334822003,0.86716462538558414,0.013110770459561581,0.12203707964986465,-0.085013833483422563,0.98887794965151554,2.124801327755502,-6.9033058417005861,-1.3103146328011541,,0.1794908436940303,0.6871165644171779,1,1
0.6428293602546018,-0.72259615574834768,-0.25421488802264902,0.76101090317992703,0.64029112534776711,0.10435362975077127,0.087366005035884861,-0.26054187858883426,0.96150148760439813,21.979027300358698,4.8534225557716599,0.34538546446474561,,0.2166896164044929,0.125,0,3
-0.91470126312625377,-0.36148748304559314,-0.18068867932606328,0.38039139028425933,-0.92110359955915988,-0.082888775336390191,-0.13646973815774438,-0.14455088543665237,0.98004135223297406,3.1669920008760597,17.546049786735711,-1.9755324093778379,,0.1031272765529176,0.1111111111111111,0,2
-0.73448913247989356,-0.6329168016502974,-0.24483062810377898,0.67124535735936097,-0.73062273931053512,-0.12498033055594669,-0.099776673087635145,-0.2561381170211256,0.96147692666877638,0.24688653432212132,9.8497584028749294,-1.8829458963814252,,0.2199948750034812,0.2,0,2
-0.54340815397492459,-0.80091365273296644,-0.25148538537955151,0.8370172513991696,-0.53981415282494405,-0.089458377305131495,-0.06410693452150043,-0.25911001770642694,0.96371795649475744,-5.164352531173237,20.990721481950054,-2.7602720855823826,,0.1789270518426262,0.2352941176470588,0,1
-0.78272837768642989,-0.54204569708067962,-0.30581489342523932,0.61150996026826365,-0.76119381490398386,-0.21596190554036848,-0.11572318374931222,-0.35604836529359385,0.92727434253012941,-10.503393567172127,-7.6990773166293422,-2.712495536265358,,0.391269753225715,0.1818181818181818,0,2
-0.51268724529284637,0.84987842269871938,0.1218952630136622,-0.85491267815255989,-0.49222880820860992,-0.16381426404177746,-0.079221848299887446,-0.18819528952837447,0.97893127018768855,5.8664914660893732,12.749556882587493,-1.5165661421012866,,0.4961374945682053,0.1904761904761905,0,1
0.95841430139148232,-0.23822860108445168,-0.15712784767068427,0.25196831053188357,0.96490464440355617,0.073966192927277533,0.13399252731396977,-0.11048149543607777,0.98480446881105455,-1.5033373221065736,11.190405566908847,-2.0767997565872127,0.6245719942634896,0.5046973967739978,0.9667590027700831,1,5
0.9826740290248267,-0.098606027786104639,-0.15693503102992007,0.12408553450422057,0.97898036026019331,0.16186486447535883,0.13767546189106433,-0.17853376573934229,0.97425415661623649,-12.936651472957942,5.0111183008251725,-3.1830430849181588,,0.1111364180376351,0.3595505617977528,0,4
-0.48714576561397338,-0.85272571225703853,-0.18854140844945116,0.87151765749153198,-0.48854124175869901,-0.042242487868757159,-0.05608899825143366,-0.18489541572628446,0.98115631247959478,4.2693331064972382,-14.476435996196145,-0.88370905142453104,,0.1577722462576301,0.5454545454545454,0,1
0.59551674572526347,0.8009749314004726,0.061635743110643126,-0.80009639216471018,0.5844711228466013,0.13505284078259344,0.072149627897914487,-0.12974076393501863,0.98891949387589251,1.705731260916916,-13.771667535135316,-1.2227494606834686,,0.6521699964879111,0.4444444444444444,0,2
0.45434680673040356,-0.86305735024690544,-0.22068300659243209,0.88793582629749723,0.45869220585633119,0.034226140069163857,0.071686453331617966,-0.21150288525559935,0.97474488043656371,10.163918552910992,-4.913755499850585,-0.51124337470331627,,0.09243202234984928,0.2,0,5
-0.97330308156632117,-0.17844843316045705,-0.14435119714114653,0.19493668035167969,-0.97468867480165799,-0.10946085084109573,-0.12116435972253282,-0.13467792660999589,0.98345363592650525,-0.60429720530863784,12.343020168920093,-2.0365681067940873,,0.132672994665775,0.2105263157894737,0,4
-0.9672230869668671,0.23658671163942788,-0.092229213993867007,-0.2126682430104023,-0.95320500588011126,-0.21487772146029088,-0.13875056199220512,-0.18822046817692309,0.97227636858359767,-7.2107209406755048,11.911812826563464,-2.6232709960620015,,0.2420477374316245,0.2295081967213115,0,4
-0.34741129303460089,-0.88119182556123399,-0.32063430888800165,0.93649499927976287,-0.34346807158651033,-0.070758745923323346,-0.047775619263638547,-0.32485481428586493,0.94455642491027103,-21.237520529079664,18.530262968785134,-4.1816026935004587,,0.2700685706785975,0.2352941176470588,0,3
-0.52583258461343418,-0.80163873413380338,-0.2843860631168656,0.84835490375890144,-0.51848252267180595,-0.10709729666105659,-0.061595862093014049,-0.29757555951427633,0.95270915611889928,-0.41146499275750403,10.962176510529456,-1.9955007543886625,,0.2487995716738415,0.12,0,1
-0.64577784281330641,-0.71565261733447816,-0.26610582299848845,0.76124341977222887,-0.63040417621135514,-0.15198365197864155,-0.058986723801839516,-0.30071898163832822,0.95188689480291333,-8.9683021429892484,-6.3318240546264306,-2.5426398185541323,,0.414514998620975,0.2823529411764706,0,5
-0.62495423620915824,-0.67738712618756547,-0.38804495090076813,0.77696854475795685,-0.58800472545504878,-0.22487846339575596,-0.075842488757497301,-0.44203746913342634,0.89378453375586298,-2.3789352915829225,3.4719500137138417,-1.9566978894103608,,0.3137777933342684,0.1645569620253164,0,1
0.18185673877997047,-0.95127947480247743,-0.24898893023553401,0.98267158276924105,0.1850429358168309,0.010755106790849471,0.03584253029723148,-0.24663023481278662,0.96844661200196358,-28.669638191018318,-10.685818179949429,-4.9797613750791809,,0.5924991771416267,0.4210526315789473,0,1
0.97512269848042044,0.16549480796981925,-0.14746928983111987,-0.15912575916860505,0.98577652632699619,0.054070628918993169,0.15432017261938658,-0.029259334881590111,0.98758755340729631,-6.7095106710235628,20.217379408428624,-2.8892652562901446,0.3264225907608942,0.259396717219466,0.7592592592592593,1,4
0.87129625580815995,0.48241285839318121,-0.090114752796662145,-0.47596136709617609,0.87540802304195253,0.084389396405717312,0.11959770753079749,-0.030637024181578786,0.99234961636646846,-14.060799558028981,13.85322997935463,-3.3937355412274095,,0.1001143842963228,0.2,0,4
0.045477013451345367,-0.96450389875851272,-0.26012318337121632,0.99806133029311317,0.054944056184315852,-0.029235794217999406,0.042490260308553178,-0.25828933382864278,0.96513273584998061,14.062521233903936,4.5831708923302301,-0.477561639661785,0.5557486077993287,0.372044212624638,0.1923076923076923,1,5
0.59513158095653185,-0.78678491276292806,-0.1636701023302983,0.79895658907724032,0.60119936292373233,0.015089558978314248,0.08652612390625336,-0.13974557978243904,0.98639971756536415,-3.5013159655370574,6.4143590193960272,-2.0490323910818491,,0.07328088150786852,0.291044776119403,0,4
0.30725497705100546,0.94779485237174999,-0.085318795672451764,-0.9511211328758572,0.30877845525372322,0.0049453177925936273,0.031031752679010371,0.07962903609071284,0.99634143090455307,-12.783276454413583,14.611952444979693,-3.274264327991335,,0.08344566673941281,0.2121212121212121,0,2
0.15878510393112014,-0.9585437748946658,-0.23660330171040647,0.9867578496887468,0.1621079755062555,0.005472691741905472,0.033109467637248854,-0.23433914715204018,0.97159092588642015,-1.8091421585698972,-10.059839141482165,-1.6971818762076671,,0.07368495845140555,0.2272727272727273,0,3
0.98294217886314172,0.14921338965937037,-0.10751761417618835,-0.12845908003594658,0.97538148661786461,0.17924625608207956,0.13161663180653524,-0.16237709170164699,0.97791141844362262,-2.3205392183451461,6.849984777574174,-1.9789629385168512,,0.0940911253759448,0.2807017543859649,0,5
-0.54960548308824919,-0.82128565625344496,-0.1530479787245862,0.8331780411327554,-0.55227648015756337,-0.028373248650062865,-0.061222256847635007,-0.1431103081441791,0.98781135596294978,11.217280247816307,2.4629817621797474,-0.68064170770494581,0.2454793539775741,0.2357631434940885,0.6714285714285714,1,5
0.20707736609076996,0.97273509983827033,-0.10442887529576866,-0.97791288931482634,0.20890394794045675,0.006746958338336659,0.028378607521114242,0.10072520080655591,0.99450947132626222,-2.644138576374691,-8.826882547142139,-1.800565960416773,,0.2021692932804242,0.736,1,5
-0.62920280017879016,-0.7544525058116619,-0.1868294749809899,0.77268307840215222,-0.63316731804798909,-0.045387307773088914,-0.084051749524575239,-0.17291779500797336,0.98134333419626285,4.4037616939714832,10.872074385447615,-1.5751643462359546,,0.07288987662114244,0.2380952380952381,0,6
0.17461070491827088,0.97929141820605958,-0.10246667729514961,-0.9845588931309841,0.17496411714917406,-0.00559854149769623,0.012445388086990737,0.10186204365794917,0.99472068259245028,-20.134995851814999,17.804406972256043,-4.0643403026203444,,0.2106639203587213,0.84375,0,1
-0.87933812743966666,0.47052382024553596,-0.073292511298534924,-0.46068316425737033,-0.87951976752038974,-0.11923087146664366,-0.12056317763196271,-0.07107962522709993,0.99015766778673087,-13.138043277645524,0.3519973139144334,-3.1196574637687449,0.1380233869603883,0.1104808596937557,0.1449275362318841,1,5
-0.5630917809684477,0.82590675289956772,-0.028384533124119701,-0.82225077770337429,-0.56337307692283378,-0.080712048448142934,-0.082651707616831757,-0.022109086670221798,0.99633321911629091,9.4501743345873681,-5.4457415471979722,-0.5561354210384023,0.3401767050619126,0.1367944367042299,0.4615384615384616,1,4
-0.92964022826835879,-0.33697072522039007,-0.14906299450097371,0.36001687341845062,-0.91682018833242784,-0.17270956290864264,-0.078465896025956536,-0.21422295070915134,0.97362807608979118,-3.6011087498993097,-16.507652357354079,-1.8552952589582763,,0.4132526682900282,0.2941176470588235,1,3
0.11972804696350065,-0.96634034973520488,-0.22770929547110647,0.99241884919908074,0.12290145583159973,0.00024476283667518859,0.027749279714592002,-0.22601230193977323,0.97372912909453768,-10.293238372374605,12.200754148847395,-2.9906471296345649,,0.07177096000546057,0.3333333333333333,0,2
-0.77162758830282185,0.62737888810049536,-0.10481696301533658,-0.62747406051748378,-0.77779488460488999,-0.036213545258211029,-0.10424571141142208,0.037826554802855683,0.99383196940130403,-2.8367379338726755,5.7598512367772123,-1.9634340934744596,0.434774668812409,0.4449620510663617,0.9273743016759777,1,5
-0.99078178060469924,-0.016998705506031827,-0.13439682746591208,0.028177597452600338,-0.99625701129385325,-0.081718972397111164,-0.13250466491253107,-0.084752648684037077,0.98755227827060366,12.216133282460037,3.6573643622503371,-0.63213637131233136,,0.0708968950147195,0.2758620689655172,0,5
0.21927123383683031,-0.94572351286289025,-0.2398482087278315,0.97480950503127217,0.22264225495541393,0.013298692005438768,0.040823460318315997,-0.23672233423706318,0.97071931141859746,-18.000881548832183,5.5369128816034685,-3.725024554440814,,0.3960726990793773,0.3636363636363636,0,1
0.81713165000958254,-0.54733085121250935,-0.18089998856718068,0.56431040085268858,0.8235795313094546,0.057188522428685246,0.11768448513756642,-0.14881429675635419,0.98183739337978837,-7.0049843841159545,10.023039595200032,-2.5580356146230416,,0.07168929410210431,0.3018867924528302,0,4
0.32117674564559801,-0.86305188439676561,-0.38985502804977951,0.94546129221499975,0.31582190158910367,0.079746293956428807,0.054299567030000474,-0.39420549376668268,0.91741680042634954,-45.657701710735246,-5.2453516976672665,-7.1670940129487066,,0.418188307173157,0.3076923076923077,0,1
0.98063021756819413,-0.13093187429384068,-0.14567505169402989,0.1415457229283234,0.98779483883145203,0.065008958602983946,0.1353853194140883,-0.0843694297233782,0.9871943145173081,-26.735008841410739,-4.8443304096931259,-4.746443867709262,,0.2323057231535045,0.8494623655913979,1,5
0.37159973020709952,-0.88202007098040691,-0.28974857186486436,0.9274747946218479,0.36656673819172758,0.073616110958393557,0.041281301471390884,-0.29609022415337377,0.95426748519984339,-9.2813738344870327,10.834934292870862,-2.8441463475481319,,0.3892340058666649,0.2662721893491125,0,4
0.89973568695721384,-0.40461133807715866,-0.16360121856221707,0.41686720806181077,0.90771688833910269,0.047663208733036762,0.12921851437925616,-0.11108427306954542,0.98537447694682534,12.90802293745636,5.3329920395394952,-0.57929250128811416,,0.08577858699350019,0.1290322580645161,1,4
0.3296244875750009,0.93789945985116541,-0.10813094100122966,-0.94350254777715337,0.33135901846847632,-0.0020354895307280684,0.033921077944837598,0.10269276552173172,0.99413457659441673,-15.442524417828013,24.320895754974913,-3.6765506231753395,,0.0773530645478339,0.1111111111111111,0,1
-0.97916515420505712,-0.10579111530135839,-0.17333159179411367,0.15521858553872836,-0.94028004704578105,-0.30295317101978031,-0.13093048344042366,-0.32354547292595282,0.93711020454116201,-7.8191746998349601,19.12603292212793,-2.9087780923956821,,0.3318804924888115,0.1111111111111111,0,1
0.24695146843002308,0.96841781579009667,-0.034378864155093551,-0.96896047002757324,0.24719721095187328,0.0030243051368184664,0.011427150309712928,0.03256490377621564,0.99940429620741889,6.6209926655047182,4.7688954199222051,-1.1350351076812841,0.7656268004883455,0.7451102333599254,0.7857142857142857,1,4
-0.15615566732830763,-0.96835594572799188,-0.19468479636195812,0.98769476181502569,-0.15480847904992978,-0.022212435647786872,-0.0086293130903052229,-0.19575775128329831,0.98061431652209519,-5.1955522563592202,-7.2793804857221733,-2.1272428021494392,,0.07108585481662685,0.25,0,3
-0.47127457384953114,0.87960770864442595,-0.064734495720946347,-0.8788865848453199,-0.47449982305115707,-0.049074320202638563,-0.073882657111620717,0.033766800525412533,0.99669511695422897,-17.59923181716718,13.6293831842851,-3.7592133334087552,,0.1327164541741501,0.2222222222222222,0,1
0.97813502490872439,-0.1519387123317141,-0.14200880515584466,0.16031124001745631,0.98582765989494181,0.049438156419202857,0.13248463824487547,-0.071122800008469184,0.98863004604760074,0.73238510279119007,-9.6931571752822645,-1.3968026778653919,,0.09936686958998646,0.1428571428571428,0,4
-0.24515650423939289,0.95109867674955806,0.18790847643031131,-0.96840719399115527,-0.23110981490724486,-0.093679026893519743,-0.045670505310301271,-0.20493794314079425,0.97770887507781346,-12.002018234393315,22.747798565232067,-3.3490255819541956,,0.497315006263634,0.2941176470588235,0,2
-0.79264017933577491,0.60264913509653539,-0.092388127321356289,-0.58967894926234954,-0.79627599139929972,-0.13499363806458714,-0.15492024689949599,-0.052522047641529575,0.98652985338110244,0.9852039475414851,-11.581977608708344,-1.3614847155731733,,0.737684766722238,0.8333333333333334,0,3
0.89744159028491255,-0.35533383566405585,-0.26141242751475635,0.42262480308658079,0.86241206678233651,0.27862825212861769,0.12643918634235538,-0.36053195739142097,0.92413734902155908,-7.6978477962638356,-9.7059314306886488,-2.3983124761623067,,0.5219836241062243,0.1230769230769231,0,1
0.59619507870628374,-0.75096326950463066,-0.28391124666226958,0.79905976070487061,0.58932089190665493,0.11918215128374011,0.077813411110706054,-0.29791786488436822,0.95141474596206288,-4.40855654664756,12.628065198632566,-2.3584096234825518,,0.1150851970228643,0.2058823529411765,0,2
-0.89900108118493627,0.42005578491713619,-0.12389589818054104,-0.41877488531136292,-0.90731606426707445,-0.037485396561330174,-0.1281586963915024,0.018185078513822468,0.99158693590560987,12.333979357822937,8.6336367531753968,-0.72820143537002802,0.3906210433452884,0.3774217751320724,0.9,1,4
0.98457291741673825,0.13939362629044288,-0.10576193662700353,-0.12255654148138381,0.98079039988697847,0.15175666584919512,0.12488420408368633,-0.13645368605920016,0.9827432661337564,19.895141841458109,-7.9154947439285852,0.71786544030869837,,0.5827331722550054,0.425,0,5
0.93005347952033968,-0.27530947789251503,-0.24332122105286982,0.32857372181520067,0.91957697449590403,0.21544720306717038,0.16443793529662182,-0.28032638006350769,0.94571522461884583,-18.825462410504834,-1.2969121635293919,-3.7645022949769822,,0.3095019299122675,0.2285714285714286,0,4
0.97985192243559072,0.15648446479673148,-0.12410810761814989,-0.14581946691541489,0.98513028292260152,0.090857078630893484,0.1364803764934065,-0.070929105070603002,0.98810028280843154,-14.988172587046448,-9.128689684588684,-3.2536774570642071,,0.07478146696591592,0.25,0,4
-0.98908853021371157,0.098927143841666634,-0.10916638498645179,-0.059611660441291771,-0.94637939300741547,-0.31750983359629742,-0.13472315813961658,-0.30753774516674626,0.94195021416136548,-18.279825941868445,11.812314498552645,-3.8309580992851737,,0.3331387231872673,0.35,0,1
0.49370119446799438,-0.85596178202063988,-0.15358567088412209,0.86626860645472292,0.49957838186503839,0.00037662196155918373,0.076405706932581766,-0.13323238380048683,0.98813526394667861,1.6930893076164497,6.9239627880725712,-1.6225059878375825,,0.0709005113969451,0.1724137931034483,0,2
-0.84848842910036559,0.52805209561769884,-0.035048109742904739,-0.51532096369704905,-0.83947510020527227,-0.17241189201935456,-0.12046447632866286,-0.12822846972925053,0.98440122383800244,-14.233178917909722,7.5541393187598489,-3.3396339893523619,,0.1449745087197878,0.2666666666666667,0,2
