axis_00,axis_01,axis_02,axis_10,axis_11,axis_12,axis_20,axis_21,axis_22,location_x,location_y,location_z,dbh,dbh_approximation,score,reconstructed,number_clusters
-0.46071084791333655,-0.87384111268149911,-0.15539377208412614,0.88213761028680127,-0.47013488298791456,0.028397681515061678,-0.097871094468517689,-0.12399557083016595,0.98744435148621668,-1.3826136380224026,-18.541637667961599,-0.74071650936468303,0.2669238127646467,0.1686473968650746,0.1666666666666667,1,5
0.99183617659333823,-0.064002596694932759,-0.11029354657917642,0.077050772487766789,0.98996945700299865,0.11842150421365884,0.10160795864372814,-0.12595293493004836,0.98681897069460545,-10.987867542964727,-11.525075183609355,-2.7473404468872644,0.1073128557005486,0.1094243913878718,0.5,1,2
0.78833471485426676,0.6141797903568802,-0.03621550044967331,-0.59895853655674247,0.77958835023527795,0.18300457825760238,0.14063089575710927,-0.12257727886772597,0.98244478820131986,9.3960635759684621,26.794892594944901,-1.2687502334207879,,0.4086683997353973,0.28,0,3
-0.78836067864510351,-0.58680717805118299,-0.18478305158709579,0.60839469280184066,-0.78821999991079916,-0.092547984911472536,-0.091341875045273122,-0.18538222009736313,0.97841202687568529,18.47583435878828,16.039483796095862,0.75383754063135644,,0.2831363223983728,0.2068965517241379,0,5
-0.92119337697342363,-0.36734982751102196,-0.12828431879198168,0.36961756259430772,-0.92916101776784832,0.0065314992505610342,-0.12159613333549475,-0.041399363379639682,0.99171592357369021,-6.3018994417774898,-15.985562545920301,-1.6065620066985935,0.266465265006282,0.2311833834390035,0.55,1,5
-0.61715981858238322,-0.74277383294787591,-0.2596166239193492,0.7826373742035666,-0.61353553716193809,-0.10513270251999818,-0.081194204393578967,-0.268069352458152,0.95997204305415096,-8.9351488533691796,0.21601637580417576,-3.0098774717761554,,0.4844250418800298,0.2314814814814815,0,3
0.64003923208197422,0.76615152941666931,0.057979439186792742,-0.7628602435286288,0.62466272328085826,0.1668554194108878,0.091618940396392637,-0.15102422360615045,0.98427519202954694,-25.641672438198896,-5.9275763726412238,-5.4802171564436941,,0.2559078544136514,0.392156862745098,0,5
-0.36528163322815616,0.92254917599528075,0.12438788645442439,-0.93083362758776067,-0.36354109998088868,-0.037237432463784824,0.010866746430294732,-0.12938657772394094,0.99153468286636626,-27.133936125364595,-8.4467532012607371,-5.6357681077041741,,0.6038868018961185,0.375,0,2
0.12151107222273765,0.98708899131651806,0.10435699568797001,-0.99167882101440252,0.11622266621592701,0.055366125105024436,0.042522644305882831,-0.11021621967478101,0.99299758793354331,-15.648627415908209,-24.648344815224107,-2.5642881006568126,,0.3192843073378586,0.2727272727272727,0,2
-0.035131459555034314,0.99348804973938376,0.10838484937743216,-0.99910640410322504,-0.037464604185123741,0.01956519136566514,0.023498379294242262,-0.10760064339160656,0.99391645912131665,-14.314735873044702,5.1507515080081436,-4.2576811664034988,,0.359321268296088,0.175,0,3
0.20859069296358859,-0.96319538546927985,-0.16954224317159433,0.97733488565612514,0.19888531406692414,0.07253380679400695,-0.036144765713714423,-0.18082942586644202,0.98285007740362629,-25.757432185758411,-9.7909857975278065,-5.2638562041728676,,0.1265763632039027,0.3,0,1
-0.55457586693086669,-0.79293091281796546,-0.25240082273151543,0.8188796742053408,-0.57395226315369163,0.0038573039951496912,-0.14792459900649743,-0.20454673578041729,0.96761508147111031,-12.494649658890912,-12.648058939821832,-2.7813004718553831,,0.2460004246491344,0.3333333333333333,0,3
0.98247799613349118,0.16614743147355832,-0.084451276652634757,-0.15607009113739259,0.98108709107970804,0.11449998414464355,0.10187793561849671,-0.099313396535899975,0.98982712404874873,-15.021287989592155,-8.037075430865956,-3.62558150649655,,0.2439141050697643,0.6962025316455697,0,5
-0.070591143150395899,0.99639508119999942,-0.047050320606423106,-0.99624799646016671,-0.068056173042647577,0.05346294847736608,0.050068154128393778,0.05064779828616546,0.99746076638178582,-4.6226128927547085,-15.935376520796421,-1.3499042433240009,,0.08694134863148091,0.4166666666666667,0,4
0.91842705743351249,0.38619165155892765,-0.085719008628250215,-0.37276902937237594,0.91741527469323281,0.13925682927712971,0.13241975273651194,-0.095943848295399967,0.98653929828439813,19.12161609762542,7.5740898819478248,1.2809817263325167,,0.1878241653721281,0.1428571428571428,0,4
-0.60898949064537444,-0.76107711925778632,-0.22336834786011317,0.78945905492940749,-0.60884212974939156,-0.077882357644023459,-0.07672158023303631,-0.22376970211468269,0.971617681777175,-18.355348768920614,-11.443759624908481,-4.0331728294530818,,0.4853018841218876,0.3333333333333333,0,5
0.10249014320213687,0.99453977552819728,-0.019657198140375705,-0.99214821858035429,0.10362769835322239,0.070022942681986375,0.071677631896126887,0.012326192694342965,0.99735168424153509,-5.1683960419188155,-14.526821173140195,-1.5164534959906013,,0.08036565886542975,0.3043478260869565,0,5
-0.97938662610730209,0.18523127710088749,-0.080568049409985826,-0.17426943640347195,-0.97651828446012012,-0.12665782111926815,-0.10213716335287532,-0.11000642753329694,0.98866909821415438,-4.2710413840822588,-12.326908285350543,-1.4779818708343635,,0.2581245656653665,0.308641975308642,0,5
-0.76138154913471934,-0.62529723761388301,-0.17117681288557149,0.64253919215248612,-0.76296503848778918,-0.070906534207762204,-0.086264263662569118,-0.16397473792561243,0.98268548485106921,0.72662349300740892,25.914228704847186,-2.9032943935156279,,0.2814154678581145,0.4,0,3
0.45503360061547482,0.88550862387344398,0.093908995078623422,-0.88681445357001087,0.44108487700690163,0.13785592557133947,0.080650773401380341,-0.14600893233486367,0.98599028617334417,16.358471806659356,11.395102307713341,0.54478491110522409,,0.3360114662262804,0.25,0,3
-0.75523056360943597,0.65128503012805072,-0.073855299886173786,-0.65416456859867278,-0.75601725952870413,0.022508231490263503,-0.041176607197350314,0.065312424743007899,0.99701493178081479,-13.210254759647258,-18.060548119201918,-2.550849617329134,,0.08248779710076565,0.4117647058823529,0,1
-0.94644674966112785,-0.28490538932076981,-0.15187978532993598,0.3014008573311448,-0.94831376630643116,-0.099290099374323024,-0.11574140683410436,-0.13974948933607134,0.98339921037916744,-11.808302764955716,-16.671345903974995,-2.4444022636823561,,0.118626332779271,0.2173913043478261,0,3
-0.31379341961853402,0.93635153024589068,0.15741506157380636,-0.94920545256757216,-0.31342541506709531,-0.027812191679357452,0.023295892773124265,-0.15814651749626882,0.98714081081865146,0.061452137399757363,33.149966289460849,-3.4782676389367078,,0.4582384048935401,0.1481481481481481,0,1
-0.96574131208933456,0.25231693960239043,-0.060662015410419524,-0.24434431914679611,-0.96285489791284606,-0.11491866369711828,-0.087404644182440205,-0.096159282208876554,0.99152096327834349,0.91769863763517245,-18.838471004545408,-0.40357375029775355,,0.4011642591483675,0.4,0,4
-0.99080693237294903,0.10628077837041326,-0.083701964795847822,-0.091376347314476788,-0.98200845661379754,-0.16525663160808865,-0.099759640702893185,-0.15608903641180732,0.98269233577903892,-10.441473046793257,-15.411294305139903,-2.3095870707814043,,0.115416137047253,0.3478260869565217,0,1
0.89096099265269768,-0.43718534387173191,-0.12270894293031044,0.44853006708123655,0.88944877290455915,0.087759098119082404,0.070776327224716107,-0.13322858357848297,0.98855493323449151,-2.3270730723099025,-21.712456616525007,-0.78048103618101006,0.2726607736860701,0.2023497863690198,0.8064516129032258,1,5
-0.88829073289910498,-0.42232944752672152,-0.18049213721751051,0.44114590666095793,-0.8939112983298324,-0.079453632733530302,-0.1277883519020882,-0.15020129317035666,0.98036202937899442,23.688463676990761,6.0850043869889596,2.0628407497748009,,0.1996480853035557,0.2857142857142857,0,5
-0.65400453412762727,-0.72917003632256117,-0.20146743525905414,0.74695815016595357,-0.66458667944845318,-0.019443955367589482,-0.11971462417417147,-0.16320417773156073,0.97930220316805305,-26.970392843635757,-5.7326762193174599,-5.8005525353771432,,0.1597549945950804,0.2631578947368421,0,3
-0.42427995535392687,-0.84850284360554373,-0.31627431744954554,0.90012268007371732,-0.43330142536054228,-0.04504481765343215,-0.098821456687190348,-0.30379729948409451,0.94759776304315579,13.886315418765513,14.882566745828244,0.10247552995240847,0.1630496132184451,0.1435131720719628,0.3103448275862069,1,5
0.94392257147959835,0.33010337269629131,-0.0064762941467181277,-0.30812637058022135,0.88778748288493803,0.34189402595816898,0.11860994395244229,-0.32072597114570933,0.93971619791734928,-3.4471416414552185,33.539198750285252,-4.248328943503255,,0.3063190421928232,0.2,0,1
-0.87014035186174465,0.49171979450775533,-0.032671267976143101,-0.49205354436098281,-0.87056118757981027,0.0025550266972642721,-0.027185980646508737,0.018299245035802374,0.99946288579787013,-30.246738445251978,-10.872931083829883,-5.9708049736583995,0.3470581826394847,0.278707421222846,0.5862068965517241,1,4
0.86228197222261449,-0.47939144282054086,-0.16325944055496039,0.50406972659906224,0.84352281929652106,0.18542643838567299,0.048821215738911058,-0.24218401655866789,0.96900123375426395,-7.1509454162687387,-14.638102031973622,-1.8488439084611878,0.283002439603111,0.3362840275963168,0.1730769230769231,1,5
0.31725495544071469,0.93756175920803542,0.14257363332342998,-0.94524764926191307,0.30049470490929198,0.12731776736302242,0.076525648073945018,-0.17515958435726914,0.98156148314542724,26.217117374192721,12.749448536727959,1.8481474237437296,,0.315947156232555,0.2,0,2
0.83391706216296257,-0.5365753226039256,-0.12910947527577479,0.54861408831810754,0.83141506470730009,0.088156521464080637,0.060040948796504907,-0.14434650446148076,0.98770398962308859,-8.0706196627922324,-6.9289114796144844,-2.4355184178423834,,0.1242434811032453,0.3809523809523809,0,5
0.95603039697278513,0.29304753843136344,-0.011358709582411817,-0.27304322276011234,0.90356660629209096,0.33017387313136287,0.10701999144473248,-0.31255484032904096,0.94385178561999705,-20.874661775312461,-6.2204742008357403,-4.6052369206966999,,0.6156968928749221,0.3040540540540541,0,3
0.010427830085737187,0.99879432684862446,0.047970334736243556,-0.99800735805044993,0.0074101152105219012,0.06266102033743981,0.062230005920498273,-0.048528165507991904,0.99688135879630346,-12.917449133472022,-9.5413598824136692,-3.2693755770271133,,0.2285831081997428,0.2641509433962264,0,2
0.99176906816037758,-0.045830526061760052,-0.11955617224216869,0.063443507430400739,0.9869575747097864,0.14795157007583851,0.11121617150947721,-0.15431885368897538,0.98174164350448911,-11.968787202161796,-7.0808918994257626,-3.1862576042057356,,0.1175049875052725,0.40625,0,5
0.94333069485184262,-0.30909565488183049,-0.12077696917671277,0.32808150710668799,0.92337079952893897,0.19937123983135779,0.049897142653107261,-0.22769770027486194,0.97245258621929453,-1.6332956505991123,30.720292082413096,-3.6912235932621402,,0.1834861134971893,0.2,0,3
-0.80627358671581495,0.59043182162604357,0.036237651355542785,-0.58656424579329092,-0.79005516596926362,-0.17819994467514902,-0.076585174292168726,-0.1649336191824764,0.98332680851383636,-5.7971857003780203,-7.4405897592165466,-1.9848673843547693,,0.5294799012592958,0.2853185595567867,0,3
0.24590872452024878,0.96736815065323645,-0.061055387203447893,-0.96640733252738731,0.24954661633686709,0.061508974240524796,0.074737987945391673,0.043878780481674526,0.99623736417648801,-8.5715036962013684,-14.627656643342894,-2.0726740501788563,0.3455578378830421,0.2537436362441604,0.825503355704698,1,5
0.54223576928710193,-0.8106508364813062,-0.22096513710941268,0.83826638561840505,0.53988122178446285,0.076405059431752104,0.05735710285464736,-0.22665720301078576,0.97228425631368065,7.6999218217470284,-21.744174023510134,0.80996782595484218,,0.3559394564674904,0.5384615384615384,0,3
0.9926882365937354,-0.016171239743516051,-0.11961837623701031,0.050410097120677268,0.95596911928413231,0.28910528373484623,0.10967628292709919,-0.29302138826420121,0.94979449302626318,12.240223173258785,22.087808516784936,-0.62639714744522201,,0.3047332311971054,0.2083333333333333,0,3
-0.72317882442086001,-0.66924783346518157,-0.17064502720977209,0.6809152548954206,-0.73222933342530294,-0.01395058859837775,-0.11561489333112571,-0.12628357246173177,0.98523380766513224,-4.38843187525225,-22.923578578250297,-1.0138933007369408,,0.1460657080100545,0.4615384615384616,0,5
-0.73166684257940051,0.6760342082959756,-0.087414991182998766,-0.68063066166653774,-0.73158040281017245,0.039140983935983913,-0.037490450374217506,0.088135483420351407,0.99540273391878875,-2.8946620292413794,-13.802969978302135,-1.1959898022093691,0.3825370490050454,0.3227399009741782,0.8282828282828283,1,5
-0.38252292472775179,-0.88042922709917937,-0.28021525320236806,0.91778425635584604,-0.39704307740145206,-0.005371542881699623,-0.10652826311863048,-0.25923188607330894,0.95992216267768371,-3.2171725328809697,-11.336428981270899,-1.3722335489069073,0.8930950373941663,0.299294178462423,0.3174603174603174,1,2
-0.62174074836030524,0.77719691150924575,0.096971142969733706,-0.78270410185964556,-0.61204162198616374,-0.11304575130729731,-0.028508433146225816,-0.14618486138118073,0.9888464266722673,9.4398141127023525,16.237465030645836,-0.80586699170910869,0.8804143698657829,0.5556573056435006,0.3214285714285715,1,4
-0.89905948775824296,-0.38685489066824325,-0.20502519610513062,0.42089441400190108,-0.89263848459425288,-0.16138286180159364,-0.1205816309969395,-0.23138675283459376,0.965360161224183,-6.6063365900033153,-11.364627425118648,-1.9162000557049215,,0.08800101817465011,0.2857142857142857,0,2
0.20405558050049824,-0.94237197971301445,-0.26513462979848329,0.97819768489401759,0.18559527333402215,0.093186285386070822,-0.038608410153609191,-0.27836926261324857,0.95969784010258508,12.602504127825032,20.736028745590183,-0.46907950065384268,,0.1528215819609994,0.3333333333333333,0,2
0.57321208889210684,-0.73914827994278487,-0.35367742563750171,0.81940692927148928,0.51729421887813265,0.24693921393154994,0.00043059240205178676,-0.4313542759413494,0.90218252211916516,-34.435388415551564,-5.8999692789237459,-7.1259339618310937,,0.5123528639362359,0.2,0,2
0.84165599607945063,-0.52442813359796603,-0.12880340428133172,0.53694131376757992,0.83812167728280618,0.096156537157905522,0.057525731921041282,-0.15009059517374279,0.9869972661600126,-7.4456106775484141,-11.816540843652849,-2.0156447670583706,,0.08794834237708768,0.2727272727272727,0,5
0.99290807203254794,-0.026686933467630063,-0.11585062828791225,0.061457084869334759,0.94939116761903197,0.30802505996482771,0.10176731897801529,-0.31296041032224292,0.94429825498036424,-33.567956688914194,-6.8294602901842314,-6.8496523021177369,,0.2970571717195538,0.3125,0,1
0.99359563660737638,-0.0034940297083078295,-0.11294026151545991,0.018831397313203036,0.99066367629812491,0.135021698029306,0.11141404485079652,-0.13628379294649184,0.98438490357690012,-0.89545641860295699,31.430828592490872,-3.5959858435015066,,0.1717390963189516,0.4444444444444444,0,4
-0.77900606195435229,0.62335849083959827,0.067629485703725331,-0.62474342412856532,-0.76247839697449959,-0.16829244830150003,-0.053340504745337837,-0.17335191387860716,0.98341441137911756,26.692230811401291,18.32381734358032,1.709054524948991,,0.4125815459051361,0.3888888888888889,0,3
0.89982519760796964,-0.41949950965311661,-0.11972792134908908,0.43100834770725083,0.89729481447442949,0.095361523288826522,0.067427130714902958,-0.13741243509265985,0.98821627426665115,-11.491571905546961,-5.5158057395638336,-3.1765057041353062,,0.08380066465350791,0.4382022471910113,0,2
-0.25874179233508582,0.96498780799046613,0.04302575192814892,-0.96513416725135037,-0.25644120455950098,-0.052478069782670826,-0.039607121875617456,-0.055103893091391125,0.99769476136887791,-14.138433052429184,-13.421371052115271,-2.9785591170428378,,0.2572934568076913,0.4482758620689655,0,2
-0.50003839190079435,-0.85183189040288321,-0.15602575786683148,0.85841399239449401,-0.51134537343967112,0.040636519575257768,-0.11439853271180815,-0.11361487382598628,0.98691673213037168,-1.182402838953116,29.822786249939824,-3.4986147899711133,,0.1092286587420095,0.4615384615384616,0,4
-0.13690537149600207,0.97792422475028407,0.15786427683962503,-0.98958465563793185,-0.14217643624891499,0.02254041484786988,0.044487398007722972,-0.15313416216544987,0.98720352501213648,2.1955697750129137,25.336679346301697,-2.5145356228033524,,0.4677109487570974,0.2424242424242424,0,1
0.37081175503377684,-0.90266372355759361,-0.21839607254231969,0.92869682722186542,0.35925240865318253,0.091977768971241589,-0.0045656803228775085,-0.23693017758408599,0.97151595226901044,1.2179772754014397,-21.867407050353897,-0.16553782610539441,,0.2185242052465093,0.3928571428571428,0,4
-0.91894747149703615,0.39207893773875357,-0.042539995426093304,-0.38801721236179143,-0.91814411587757927,-0.080336949097911795,-0.070556272153408331,-0.05731918580219602,0.99585959020274784,17.09667822234897,10.080914820895972,0.7276310998482004,0.3809278227942043,0.3371087398529374,0.4516129032258064,1,4
-0.77545603503031524,-0.61617527744051137,-0.13782585100833392,0.61995550823032564,-0.78441237744683556,0.018772051648178981,-0.11967917759552484,-0.070888994768667626,0.99027856932822012,-18.980435662169789,0.48357970438207559,-4.6960104673333642,0.3040242959292399,0.2207162891295877,0.6833333333333333,1,4
0.43495481441608441,-0.83122810681274129,-0.34622845616843062,0.90045221284664301,0.40136768842445025,0.16760009268612272,-0.00034899262603667417,-0.38466064671775141,0.92305799659112819,-41.481675753048428,-0.38800203464453964,-8.4494281609487647,,0.6608441261778841,0.2,0,2
0.9075424631027289,-0.38832970961202551,-0.1598959483478955,0.41293934909595237,0.89448755665414992,0.17138583651836917,0.076470724029814793,-0.2215672530486622,0.97214205790245845,-10.09673508404421,-5.1354757225170209,-2.9440240266497959,0.2395388639971386,0.09902972958170919,0.2357723577235772,1,5
-0.03518912702531702,-0.95386891736757418,-0.298154010234991,0.99737864346317451,-0.052393883906451298,0.049907138695324794,-0.06322631495471788,-0.29561625362826088,0.95321218188189227,-15.106991313325134,-14.162571182593267,-3.0561394787611671,,0.28674422791119,0.1176470588235294,0,1
0.9396011755121837,0.32673833710581573,-0.10193963920599453,-0.31975787595655991,0.94419478050995964,0.079064007117636642,0.1220841174759075,-0.041692631520148189,0.99164368234616052,2.5459832668658833,-18.481854524003346,-0.13553481308536774,0.3977247443007988,0.3402813217783708,0.9051724137931034,1,5
-0.69591447709304777,-0.67767976845707223,-0.23759876261520943,0.70592897363942908,-0.70628466118069944,-0.05316259547131362,-0.13178514616105982,-0.20472447045928166,0.96990750406751391,-11.452282435949988,18.985266557756695,-4.807494856013574,,0.2777493371439076,0.3548387096774194,0,4
0.97076431069138391,0.23392438262907717,-0.053814833452207694,-0.21135638458495704,0.93929147117342726,0.27029615401636037,0.11377667503956806,-0.25101975100072371,0.96127204933071708,-9.4546341586281883,-6.2102910727313345,-2.7339805693345345,0.5222375962551669,0.4709593946551829,0.1720430107526882,1,4
0.22160215390831625,0.97344838274455447,-0.057364897935985461,-0.97080763789460034,0.22577351141512764,0.080986738104395176,0.091787883670458092,0.037743445461356155,0.99506302148959591,-37.258464816958565,-2.4260171506893622,-7.7308463817041462,0.3491416680589746,0.5593457156410612,0.7592592592592593,1,5
0.71621940343740731,-0.67122002789354684,-0.19103256343972336,0.69778007602617242,0.69328869041457653,0.18014926379020268,0.011520921867403548,-0.26232511488195165,0.9649107743524773,-5.3772088753180824,-10.268072095414224,-1.8445133822715654,0.2079626947375948,0.1633340307345616,0.5059523809523809,1,8
-0.75530596962257479,0.64827091715065022,0.096216995531748908,-0.65407666822649335,-0.73641754160388717,-0.17283783295278965,-0.041189857176633052,-0.19347873887004111,0.98023944690622733,-4.5657621697284245,-8.1374690439868491,-1.7669021256056334,,0.3127017006061797,0.3145161290322581,0,1
-0.68688536320785698,-0.69037672110782411,-0.22708694538264354,0.71589318827545267,-0.69657742800499289,-0.047716137466856302,-0.12524152981985365,-0.19534551376051187,0.97270483162263754,14.888260751332718,13.636405414718865,0.27857319294754712,0.1931300205544328,0.1778998953496809,0.36,1,5
0.97999126779366141,0.17249354264586964,-0.099313104843472819,-0.16299809589180347,0.98185323718735917,0.096932148229319948,0.11423106313004126,-0.078804811846625203,0.99032371770345828,11.187087904483416,-26.194633840738234,1.484766286984601,0.7254698091415173,0.5954601882699512,0.4054054054054054,1,5
0.11853132314789852,0.96684254299365935,0.22619863503204868,-0.99036130918318155,0.098674021758825101,0.097200384273487178,0.071657537675970273,-0.23553966648420901,0.96921940901259518,-18.672925666579339,-15.608059490714336,-3.5232125987634282,,0.3313722674134247,0.4117647058823529,0,1
-0.22011682520299186,-0.92541277308463299,-0.30847979297575767,0.97153357190779532,-0.23637100003367473,0.015851466782683839,-0.08758482698868314,-0.29620930058809986,0.95109881102147964,29.806954182360954,-0.52976962565751029,3.1242825918140915,,0.3563794495854988,0.1428571428571428,0,5
0.73644741932172286,0.67515057374100262,-0.042625125824683904,-0.66805442498149414,0.73573611334072009,0.11133578395528176,0.10652926282022485,-0.053517046849455061,0.9928682902880388,-30.081943059760491,-5.6039964180206541,-6.3789535698226274,0.2769968306371341,0.199714196227302,0.6388888888888888,1,5
-0.29813783200539695,0.95420957633652337,-0.024452352745601036,-0.95413315372129504,-0.2971863967448975,0.036196278256765121,0.027271928735946395,0.034122280367201906,0.99904550040804663,16.149579488323756,13.970261273398624,0.47208832552914487,,0.1555344979457562,0.3333333333333333,0,4
0.69096217713232477,-0.69953614358950511,-0.18226478975512886,0.72263250356821507,0.6751409047785123,0.14828021945487355,0.019327042176475257,-0.23416648459328149,0.97200438421538671,-15.806280589703192,-7.3240997791866969,-3.7664051068929276,,0.08200094327263435,0.2592592592592592,0,5
0.32333686982022636,-0.88536043956291,-0.33405113481595733,0.94602599000003329,0.29419559040110571,0.13595506916993486,-0.02209286896975942,-0.3599803420264997,0.93269826765957342,20.970939665877548,5.8248777264828817,1.6949205249419967,,0.5905948986589669,0.2830188679245283,0,1
-0.87186723545760725,-0.46252077674147429,-0.16100327579888538,0.48024589560228703,-0.87186574457823329,-0.095989599375139845,-0.095976056871837176,-0.16101134902082423,0.98227488107648731,28.748787704549912,-2.2772887380559519,3.104354231469252,,0.3026673185059112,0.1428571428571428,0,5
0.75085768505646544,0.66041221897941416,-0.0082727150520283607,-0.64722951059442657,0.73824903447897172,0.18995347774275045,0.1315549216386262,-0.13727368325193506,0.98175823830467679,4.6097386699764566,-18.812632377395222,0.21075032113604922,0.4647693700694704,0.1949997455223672,0.3611111111111111,1,5
0.66367322704625098,0.74760365722940836,0.025032367032067956,-0.74368497267429479,0.65585646669051167,0.12955676948222661,0.080439474889187929,-0.10459955448017297,0.99125598312549934,-6.8214001738027985,-5.4132498554401183,-2.3801580483636346,0.2725427731184485,0.1997440915859049,0.1294117647058824,1,3
-0.97448244610954138,-0.15946733469264771,-0.15796876713574615,0.17711632588721091,-0.97860354865192112,-0.10471342640789806,-0.13789042507940791,-0.13002024354649566,0.98187624828158959,7.3098035975647964,-24.602720616789881,0.87544708424029516,,0.493168384794113,0.1428571428571428,0,2
0.65955860716769876,0.7450403761061426,-0.099485082714056178,-0.74290453382556199,0.66628175723054539,0.064509484598783348,0.11434726639683848,0.03136013318520374,0.99294574107258049,24.112357003803666,11.324101748894092,1.6370590036769779,,0.07892567141694011,0.2727272727272727,0,1
-0.99018272954336672,0.12715438223606415,-0.058051056770858721,-0.11660705572502068,-0.98043882619676836,-0.15856387558660859,-0.077077601605074014,-0.15023804832354695,0.98564069120889153,4.3547894685221591,-22.372057014315491,0.3443875243873859,,0.3219147816184905,0.3636363636363636,0,2
-0.0035255014167099702,-0.96812387358944207,-0.25044707270386468,0.99932750640117229,-0.012551806180032104,0.034452679309950177,-0.036498024464019133,-0.25015718568090939,0.96751706789205072,4.0744685080069134,24.397843280387079,-2.0492563614778283,,0.1533727894728094,0.2857142857142857,0,3
0.51247655083542121,-0.7988977222817073,-0.31484951036476228,0.85869525702595617,0.4781486563368369,0.1844351322400499,0.0032000632739207159,-0.36487846165042148,0.93104965915823468,5.4217178176379512,-21.585478541587349,0.46997416382163781,,0.3079620946289803,0.1578947368421053,0,1
0.1290886246953801,0.98285837894679073,0.13162649394533946,-0.99131041720637469,0.12451895289272044,0.0424109314755561,0.025293946160674836,-0.13595748344459638,0.99039173006595393,12.815195700586406,-22.941027722768109,1.6277569639497786,,0.4886458967486159,0.2727272727272727,0,2
0.85065985399581101,0.52197560544181609,0.062604154203019777,-0.51163872835158986,0.79461620833888091,0.32681935850850208,0.12084545688851508,-0.31004281763780678,0.94301104276705916,6.9122205518582103,-31.668743441888413,0.98742670143064426,,0.4613671880186431,0.3157894736842105,0,1
0.24584391194449512,-0.94611796758647126,-0.21076423408603234,0.96881510829780038,0.23289620791351237,0.0845969400949418,-0.030952494144228026,-0.22498921696283697,0.97386949606027828,-7.0831699832940274,35.929327112951214,-4.9399728066145858,,0.2488677130840402,0.4166666666666667,1,3
-0.32342070654732996,0.94332746972658887,0.074379643960285013,-0.94599757919139837,-0.32416655172469822,-0.002151024624133992,0.02208227208511249,-0.071058649031285823,0.99722767794391298,-18.080796577747989,-7.8180979739577943,-4.094351029615324,,0.3700459292791557,0.1951219512195122,0,1
-0.98552886748161261,0.15272541993064823,-0.07353772819049402,-0.14771312118391172,-0.98659346582852481,-0.06938419859426477,-0.083148572991475975,-0.057517643305932946,0.99487588950482386,31.277636929087372,6.0878637062429384,2.9468661455349587,,0.4147757696801821,0.7894736842105263,0,4
0.98265454964471333,0.16184717958915323,-0.090529147359204309,-0.14631784927430375,0.97658476950821227,0.15771263407963437,0.11393473151892837,-0.14173100727656907,0.98332659809957401,11.682811865226583,-25.168012958262601,1.524964445117192,,0.1183515645034643,0.1818181818181818,0,2
0.20012681374772565,-0.96534156908731639,-0.16752585893294328,0.97860386012599165,0.18860515881804904,0.082234901433193314,-0.047788527553081814,-0.18039886102538386,0.98243193533956941,4.5205335449710189,-21.37574162145906,0.32083224064520394,,0.1009783595108498,0.2173913043478261,0,3
-0.53325974548302191,0.84415492491344224,0.05510450609309471,-0.84555282868838377,-0.52987665199531453,-0.065354017223960767,-0.025970324304019951,-0.081444437591634819,0.99633947319220806,8.290605211887474,22.416435225651764,-1.3286193711809404,,0.5101198067284659,0.5084745762711864,0,3
-0.69078020053014633,-0.68399329476765924,-0.23446937383891578,0.71169195249961126,-0.70046219313171398,-0.053359916982704696,-0.12773910639589767,-0.20372994062236388,0.97065793768514874,27.815968009019215,5.7852198766665452,2.5589766575560202,,0.1560854392544635,0.1875,0,4
-0.99068772600434007,0.10049719517820613,-0.09185936700012691,-0.09310972992057899,-0.99231821403312181,-0.081456370482811624,-0.099339859766698374,-0.072144825590126582,0.99243474163397938,29.859198055685688,-3.2853863917808943,3.2577307455342832,,0.2992575762996967,0.3333333333333333,0,4
-0.92519563156559648,-0.33262164570828795,-0.18269067884883455,0.35776529034239374,-0.925053518307135,-0.1275930456326477,-0.12655844641176922,-0.18340891219867766,0.97485595375313683,22.781227445403651,4.9781001283616231,1.9865630496588478,,0.1161914643020812,0.4,0,4
-0.86959204746698793,-0.45225171499134287,-0.1981869250721664,0.48413549994246646,-0.85983484536601218,-0.16216305494737007,-0.097069504364808115,-0.2369650290270586,0.96665665380246324,0.76630733811258323,-20.510375731488779,-0.30970280210061985,,0.3674006369575035,0.15,0,2
-0.21419916264998731,-0.9656259974876239,-0.14725879157481608,0.97360884403457271,-0.22321859793981305,0.047531845655795983,-0.078768886863447393,-0.13319118030040486,0.98795524795026901,-2.1189028552347167,-17.408546962084571,-0.85973857298398448,,0.1110735366561928,0.3333333333333333,0,4
0.92623986130511826,0.37598232366722845,-0.026777072641842172,-0.3660314855263197,0.91413774038929252,0.17427892356608796,0.09000372732765459,-0.15162283431511886,0.98433218233550568,18.8130460091669,6.0330498716198191,1.3378876972410554,,0.1959605760791226,0.3333333333333333,0,3
0.99034214221764272,-0.079556967016551891,-0.11354792092723771,0.10005903255787335,0.97703186709913936,0.18814069383403675,0.095972034214938801,-0.19768515288685082,0.97555622543077936,-31.451116354787182,-8.300293351891975,-6.3724022590576146,,0.1249051565344964,0.2666666666666667,0,2
-0.4594458260941327,0.88217240691682519,0.10335074919541869,-0.88809860962280784,-0.45807748146001948,-0.038024736228937199,0.013798277816984634,-0.10925596301264247,0.99391787491495709,2.6980227992805639,-25.939231795479028,0.18988957456047997,,0.3977079057558808,0.3125,0,3
-0.96138308311112619,-0.21529762550521048,-0.17143366052080306,0.25206887556277979,-0.93887166783668607,-0.23448085914648542,-0.1104710345758546,-0.2686390213378842,0.95688516904295395,19.35576081225723,8.8717368351321273,1.1256478863156667,0.8165583011388666,0.5701998097611384,0.1818181818181818,1,4
0.55460892307581877,-0.78476252367390775,-0.27668885753069311,0.83209162675215842,0.5253153569129736,0.17795308505429816,0.0056979938248104076,-0.3289248504268944,0.94433890931064435,7.262955099845418,26.364159049823591,-1.6598508932492189,,0.3198326279771845,0.25,0,4
0.13593725282204977,0.98928907806301059,-0.053180666791927851,-0.98801557149512653,0.13933276287655844,0.066419964410896135,0.073118354592770302,0.043514379398362904,0.99637352684985692,6.2685763251575874,-21.891106908845277,0.61731034800509321,,0.07068931997332514,0.5,0,2
-0.12482570500275696,-0.97854813902008297,-0.16389656186417118,0.98923661270268626,-0.13545751906070502,0.055337009482204019,-0.07635094930044746,-0.15522499847076862,0.98492422672542146,5.37329487818596,-20.547254775234212,0.39582318357330959,,0.1050639204644157,0.1428571428571428,0,4
-0.93900572931959148,-0.29598697217569836,-0.1750998361142688,0.32500220843556882,-0.93022840016842923,-0.1704367566931716,-0.1124357808572724,-0.21694892445538083,0.96968621695921209,31.249688443175838,1.2801249299199338,3.2148062740544461,,0.3630255764049753,0.4222222222222222,0,3
-0.14469645999399428,-0.94776329312320284,-0.28426690745401217,0.98835348753578023,-0.15212049923093468,0.0040911354892715305,-0.047120251920663443,-0.2803642165505304,0.95873645384794892,1.5191190029002946,30.158015596034595,-2.9372375475901822,,0.480407299066042,0.4,0,3
-0.75583678362083717,0.6502629041486111,-0.076608824647828047,-0.65305580174896072,-0.75712792553198283,0.016595908581884582,-0.047210976771612331,0.06257363556522999,0.99692309823998937,24.702385416121544,10.188226870186556,1.7623088804321763,,0.08504332893262251,0.1428571428571428,0,3
0.1152325917656839,0.98473472314057442,0.13045679298610355,-0.99314741909310011,0.1116364052095928,0.034576248792969999,0.01948470537824434,-0.13354713801926069,0.99085090108612528,-4.6195698949281798,-18.058498928839139,-1.2323119271702603,,0.5207990617603648,0.2,0,2
-0.85540232642002523,-0.49477599644930281,-0.15324350979016763,0.50447515452412317,-0.86290811269458967,-0.029906646647935124,-0.11743797692003904,-0.10288975839927907,0.98773580434925368,12.458469300418347,29.884031696798537,-1.0357131543876612,,0.2923699387107196,0.2777777777777778,0,3
-0.30860569772173552,0.94292624466447783,0.12511043304466837,-0.95073490179465892,-0.30984669162993095,-0.0099082892310078021,0.029422267811634852,-0.12200460978557408,0.99209334507791569,-4.8088338691286037,38.215326904177608,-4.5747475535825179,,0.2498795436661954,0.2307692307692308,0,3
0.82363359958760118,-0.54468497000442062,-0.15794295515043985,0.56456615924813291,0.81389443273898288,0.13726217318802894,0.053784249201622711,-0.20222298535965702,0.9778615028366977,-39.265165622051065,-12.34517257004633,-7.2497677240739762,,0.1355185325822267,0.3636363636363636,0,1
0.33753856268477489,-0.883490561710635,-0.3248263321667807,0.94109298675933606,0.30929286446102078,0.13668179932196425,-0.020290612930351826,-0.35182716120522034,0.93584504041277439,3.6074871262773431,-19.604051608600077,0.12709982090623151,,0.6836791609671535,0.2083333333333333,0,1
0.36657238282332744,0.91776979293063354,0.15271966256932851,-0.92574946053896223,0.3434236506872228,0.15826601802181259,0.09280422653655522,-0.19939609658346386,0.97551451665479039,-1.0169157822467321,-15.095286507465842,-0.8506130664692193,,0.6101740953296886,0.2,0,2
0.45010085283431189,0.89206812594038931,0.040294924730381154,-0.87139684765538516,0.42891521785240333,0.23811608469585419,0.19513266301181595,-0.14228912318173634,0.97040045818728349,19.6423188961653,20.648981983625742,0.58171261202168401,,0.4466063357568281,0.2857142857142857,0,2
-0.89545456895678921,0.44468320346280782,-0.020444155459837823,-0.43973384116098574,-0.89076465762405832,-0.1147713974198243,-0.069247843809145906,-0.093782585195490237,0.99318153569316558,7.0446372042378425,-22.702157201865127,0.75679673929208802,,0.2340008116360222,0.3181818181818182,0,2
-0.99182396525499972,0.10083201000252914,-0.078218461405856143,-0.078468516788670256,-0.96524086039226686,-0.24930457938470121,-0.10063753682814239,-0.24112856982955483,0.96526115585012429,0.61345785125928787,-23.536601358136192,-0.18404351689824838,,0.7060999402302142,0.2439024390243902,0,1
-0.98043345241786828,-0.13796662696032522,-0.14041173464198847,0.16545078754441067,-0.9640278304507387,-0.20802975512502575,-0.1066596562947586,-0.22719056309986632,0.96799182112115578,14.239797878787432,16.027889067594884,0.01992295010448478,,0.1516902273237389,0.1739130434782609,0,3
0.34157358785529129,0.9364481583023182,0.079952053706332474,-0.93610042526124715,0.33137953179069979,0.11791352651790639,0.083925430623715602,-0.11511929778439918,0.98980001483746749,13.282982426053714,-27.413429644786984,1.808920812764889,,0.3121858140421944,0.3333333333333333,0,2
0.84091432047976167,-0.49849666468687753,-0.21062806296436251,0.5250949240710483,0.84575430002541763,0.094736395874742821,0.13091381259011903,-0.19026491869121498,0.97296497079213717,26.45768788964072,16.874561212472059,1.7572983039793821,,0.2582017795099849,0.3846153846153846,0,2
-0.96907345724574134,0.24218873557905346,-0.047341850622953985,-0.24099293902568347,-0.97007529639316981,-0.029602747633752806,-0.053094611793947637,-0.01727818527287342,0.99843999645052606,-5.6075653414809992,-0.71999712792775483,-2.371139881493983,,0.2584776248277066,0.3221288515406163,0,2
0.23209390268041605,-0.93519191236833965,-0.26748552742049636,0.97229228561836167,0.21515722043169072,0.091406136682012903,-0.027930837180354714,-0.28128892181697535,0.95921656094828134,8.5230882854002861,23.522227989366428,-1.2852609122073313,0.7034077412490498,0.6011012031328298,0.5853658536585366,1,2
-0.81456807076024618,-0.54994714182525073,-0.18449119029419164,0.57024895678733067,-0.81747009309352536,-0.080986259208732467,-0.10627786872576683,-0.17117472972346209,0.9794918205494153,36.29017895915058,-10.398496565573518,4.3387091587713433,,0.3780354031726035,0.5,0,2
-0.48637182577401689,-0.84826101309640023,-0.2095130085553609,0.86761270017548453,-0.49723973224900825,-0.00092258719915035863,-0.10339559752453072,-0.18222486749509242,0.97780542444749285,8.144723996536742,25.917449131301527,-1.4347564557596713,,0.494327940620845,0.1886792452830189,0,1
-0.12368972354260811,-0.9778825922007901,-0.16866086730660887,0.98728440686776786,-0.13837409712842816,0.078243908386874464,-0.099851651191727495,-0.15683827694334285,0.98256368884654488,17.185498388366398,20.604319301059327,0.24029737086435124,,0.2388449804018892,0.3846153846153846,0,3
-0.11375776386588635,-0.97909532367143937,-0.16861648295748558,0.99095495151191626,-0.12397980451003079,0.051354572801938815,-0.07118606067376082,-0.1612493573270086,0.98434302431996623,33.544659134028095,-6.9825588396078189,3.8414265532353942,,0.1218212469104719,0.3076923076923077,0,1
-0.95150362598473792,-0.23772715266874794,-0.19526046866148947,0.28411428615361106,-0.92247179806960977,-0.26139023350087937,-0.11798271967249573,-0.30419004364086272,0.94527694101170701,12.548310097223579,18.410129412987395,-0.39566621995067736,,0.6537292914425419,0.475,0,1
-0.37242609120305992,0.92655861169326603,-0.052801000826269838,-0.92791423341039636,-0.37074897695071979,0.038991941787887334,0.016552402411895917,0.06351641667349002,0.9978435161824486,37.822893274170688,-0.0078513068071277073,4.0683436914162323,,0.373304586747,0.8709677419354839,1,2
-0.98381647970780972,0.15833269497297991,-0.08388022387861746,-0.15672199157388408,-0.98731369067716901,-0.025493009993798287,-0.08685247038771611,-0.011934567609334427,0.99614969481676285,30.274543225169481,0.4234826687028368,3.13561216967899,,0.1571759410608186,0.3846153846153846,0,2
0.73750410680369838,-0.65338430835793171,-0.17081170346116883,0.67518285158451252,0.70785400011878608,0.20753513303062701,-0.014690451793095341,-0.26838714594305946,0.96319911260271296,22.036207126080207,18.172418723203876,1.0830253210065621,,0.3922789235578213,0.2,0,2
-0.7795978014822692,-0.55205647224711185,-0.29573792346279604,0.61478331858055646,-0.76465391778756486,-0.19325076250097067,-0.11945182760883558,-0.33247261159710906,0.9355176232539435,8.0251133720653947,-31.390125758994333,1.1145820178512094,,0.2727048830091509,0.1666666666666667,0,1
-0.81711255955253836,-0.51056735483222471,-0.26767151735125733,0.56376655602109849,-0.80470109932645639,-0.18607367104161246,-0.12039242224329981,-0.30294738309220898,0.94537217419594766,8.1162090967619456,30.251726892210758,-1.7275789088161919,,0.6014637044790242,0.5454545454545454,0,1
-0.85749028368502533,-0.46606958062503406,-0.21792099348566923,0.50009785271998708,-0.85454509297934533,-0.14019565531706707,-0.12088238536128523,-0.22919823315402918,0.96584451068918864,27.734745517143416,12.185910660435876,2.0729061154549306,,0.3874029296281076,0.5,0,1
0.84172431074004672,0.53969722120064367,-0.015069642912068588,-0.53052389383322174,0.83195397105831193,0.16247149938479322,0.10022266600540114,-0.12876140519818019,0.98659815413883689,15.842809362216524,10.336320432835189,0.53142932532045317,0.7507094160846741,0.6772147641687274,0.3846153846153846,1,2
0.81291815377425325,-0.54431725858333202,-0.20708161983282439,0.58007670611090989,0.78836765795497388,0.20490839640704631,0.051721275040135919,-0.28669697922879522,0.95662414343842839,-0.23474921390441833,37.686150036329806,-3.5698511272532878,,0.1951227106910466,0.1111111111111111,0,1
-0.52356613455253465,-0.81944374756536875,-0.23321759651823346,0.84692165611666081,-0.53037501988779912,-0.037763033241908842,-0.092748105912357409,-0.21728847842221452,0.97169105480838336,-21.631305356778508,-7.9232500036493994,-4.6810291661429542,,0.62388074976456,0.1842105263157895,0,2
-0.50977777487354048,0.8484127848841444,0.14255653857369244,-0.86030150581017217,-0.50218491886520289,-0.087701917682000904,-0.0028176844629324966,-0.16735009324610622,0.98589350689858335,-16.072200094039427,-1.205744728597494,-4.1747290850106653,,0.3711243940286393,0.2758620689655172,0,1
0.003218949562015197,-0.9672195932962081,-0.25392104423941841,0.9982724605351615,-0.011788673782265315,0.057559722962603158,-0.058666284191122055,-0.25366766745956176,0.96551073613131477,18.88211625453717,22.710532859423633,0.38401858156423224,,0.1147487604031887,0.3333333333333333,0,2
