axis_00,axis_01,axis_02,axis_10,axis_11,axis_12,axis_20,axis_21,axis_22,location_x,location_y,location_z,dbh,dbh_approximation,score,reconstructed,number_clusters
-0.27362541132070578,0.96175789480238993,-0.012283568897114778,-0.96135780505954505,-0.27306417586643805,0.035030365534456501,0.030336527992987816,0.021394103011308271,0.99931075618431775,-6.3424836452466646,9.043376843377386,-2.7391372224004793,,0.1885285305024503,0.5686274509803921,0,4
0.086840544799009003,0.99617819775207472,0.0093657942770757011,-0.99407636253806264,0.086032935042082676,0.066411742419096573,0.065352163101973448,-0.015077546599961035,0.99774834621081676,-15.108427481770956,14.662414203125568,-4.093012221927717,,0.1482939808067795,0.4545454545454545,0,1
-0.73227163594496358,0.67586797920259356,0.083550738351554119,-0.68060818729998795,-0.72208026399087166,-0.12398624010388623,-0.02346799034241866,-0.1476569234525647,0.98876017637534963,0.25269738400492098,10.750367302228788,-1.9471119137459489,,0.2588919273589187,0.2068965517241379,0,1
0.93777831296164205,-0.31545139685407919,-0.14512839819148912,0.34233517504475375,0.90988334871531507,0.23434786036506311,0.058124553038237943,-0.26944889673816741,0.96125898091029038,-0.31552769149223814,-16.321166704891372,-1.1688979801297881,,0.2974727583729836,0.3939393939393939,0,2
-0.99500992962519019,0.060528252479194175,-0.079319421323481576,-0.0469392582769853,-0.98547729879746959,-0.16319068474411375,-0.088045136036487212,-0.15865315693884297,0.98340084899986657,-2.0744899592575119,-9.9647725799023199,-1.563877459055881,0.8869456926697724,0.38604390218469,0.234375,1,5
0.39356912250161796,0.91836219187526802,-0.041403264936000453,-0.91489890430396936,0.39568888294699595,0.079939369621956649,0.089796106356031843,0.0064181341691077727,0.99593948954596845,4.3187356668982044,3.5649289355937208,-1.2540655596049342,,0.06965120516684746,0.234375,0,5
0.98379947343428531,-0.1518143898154477,-0.09534666808749058,0.16253717178498511,0.9797262303955776,0.1171246398628812,0.075632425972998116,-0.13072453679334525,0.98852963112979264,-1.4751193101291324,-18.242597460905174,-1.2275428458956694,0.5099451953979519,0.506533025056973,0.9326923076923077,1,5
0.62238997198605794,0.775687742536189,0.10459086408623246,-0.7764435819967842,0.59500053425239063,0.20762882318062886,0.098823513129200097,-0.21043500259814291,0.97260013517083299,-5.4459783809328055,-28.206539041151409,-1.410734925242052,,0.3029370002292857,0.1333333333333333,0,1
0.67727641389430437,-0.72439446926369555,-0.12864412960815266,0.73562296033943531,0.66971068899329322,0.10171751702422839,0.012470741915231568,-0.16352445061304155,0.98646045772133528,-11.643205313436196,10.895380863359904,-3.565040488718465,,0.08293191917989999,0.303030303030303,0,3
0.99158879704862246,0.10794824299516279,-0.071406123000229679,-0.090503301577366829,0.97269919850627384,0.21369469256125662,0.09252464521014285,-0.2054347732481312,0.97428730052753276,-12.132774619370844,8.7332641584991535,-3.5900015015700584,,0.181731659613718,0.2142857142857143,0,3
-0.98264387138503562,0.17302798937139213,-0.066875533070946902,-0.16938274553768129,-0.9839100318562648,-0.056837793119733242,-0.075634036938054636,-0.044523747671303369,0.99614111869240463,-20.738406562138728,-1.7824231852094825,-4.4818937191172994,,0.2635376663322413,0.6595744680851063,0,5
-0.064473399902311213,0.99704040565949903,0.041876129087816405,-0.99748482161695118,-0.065626888937571209,0.026779508811330593,0.029448452401392686,-0.040044237172388572,0.99876385983897387,-9.6753822256625828,9.4587622984156337,-3.2754465201441945,0.54598116746111,0.6446440744728067,0.7448275862068966,1,3
0.91613011803342204,0.40075511028960975,0.010047308536637961,-0.38781686690699235,0.87965005368557758,0.27534316914244367,0.10150706662352163,-0.25614668576369026,0.96129349878055725,-19.809789632132205,-9.1046237552098077,-4.1087953348044906,,0.3922188920439623,0.3939393939393939,0,1
0.98768142673998116,0.15198167278174995,-0.03724205165314326,-0.12625133777902114,0.9146000593233119,0.38414493514141401,0.092444572484715645,-0.37471095877256477,0.92252138099550973,-21.362594386114992,-15.396546037355245,-3.9760708871593247,,0.2367497729077332,0.3636363636363636,0,1
0.26558718335864923,-0.93178790587199556,-0.24745655478548229,0.96351471053051796,0.2476956405171902,0.10142126138079455,-0.033209194915139635,-0.26536421789581977,0.96357614189727026,10.219398974043466,-9.1504586800068299,-0.18296359977417459,,0.9706596354589825,0.7368421052631579,0,1
-0.97429805766822986,0.21929007219085819,-0.051528235584410033,-0.21565102287114357,-0.97410184590078697,-0.067972274842830707,-0.065099394456045609,-0.055113138644137798,0.99635566480561955,-2.7429274986882373,13.182770738693849,-2.4728098364951134,0.5261085945709524,0.5259354299433546,0.6142857142857143,1,5
0.89730282504198078,-0.42357552883896554,-0.12422323269208659,0.43799504880790574,0.88933190156560293,0.13133585221663874,0.054845030690500694,-0.17225719208933221,0.98352401210242879,-3.5568680526215055,-22.197879477161276,-1.3426311711956116,0.6908739644311349,0.5700428357105698,0.421875,1,5
-0.91486296980790915,-0.37803578656378906,-0.14182626890442365,0.39276581173266062,-0.91466053264250735,-0.095556931512627813,-0.093598950892821234,-0.14312600778063422,0.98526858383312976,-0.93244373636321798,13.976808227427689,-2.2423687757159736,0.701068804827839,0.5403903607164354,0.4583333333333333,1,7
-0.97052445021680045,-0.19740284312002859,-0.13825486993052782,0.20923039986305461,-0.97484075564902739,-0.076864431948599155,-0.11960322447377419,-0.10352593227671983,0.98740946422530962,1.7246684147545497,6.292499345779146,-1.6811260532825958,,0.2925893136395331,0.5035460992907801,0,2
-0.99403476588279904,-0.051821601714655621,-0.095965649125391905,0.064307034454640463,-0.98916752172170352,-0.13195536855541129,-0.088087964762389268,-0.1373394901937251,0.98659939940046038,4.8249205804352053,13.496028766460785,-1.5376382284317662,,0.1675427089113156,0.3,0,2
0.39564176612702401,-0.88011472535328439,-0.26242268025496901,0.91822664093160355,0.37344326824690571,0.13190891283205136,-0.018094993212302887,-0.293152171435557,0.95589454209304103,-7.3302657509333597,-10.611520089060338,-2.2893027853438355,,0.4133380971755115,0.4933333333333333,0,4
0.83753374172583051,-0.53688997031299468,-0.10142184798178851,0.54560915459780712,0.83170110902158523,0.10287815935042413,0.029118411525967353,-0.14150061847771794,0.98950982465088622,5.569134521335358,3.990150473213872,-1.1300733585882567,,0.3154537411740113,0.375,1,5
0.98864141303270137,0.12437048015813526,-0.084380922618434162,-0.11708603548660181,0.98935621109319349,0.086401087176904104,0.094228534588698426,-0.075539865214041935,0.99268056898113544,-5.9003920795437015,-3.9321321864442567,-2.2334012591553343,0.07704469562713714,0.0977393936424882,0.5618556701030928,1,4
0.17769490472159111,0.95439832255743029,0.23989239824460545,-0.981415592395537,0.15392163540942405,0.11459304148073901,0.072442776305872772,-0.25579673972209266,0.96401248545267615,-26.737628998824146,-12.434903934714828,-4.7633558919500398,,0.7688358467136645,0.3541666666666667,0,1
0.9279628871034924,0.37075661009636846,-0.037741439140520666,-0.35931984615842116,0.91698020434956495,0.17331056802086853,0.098864191268814738,-0.1472645269604223,0.98414380594701889,3.4540165397609934,-4.9833417240006792,-1.1054965972541722,,0.1051130819026714,0.2258064516129032,0,4
-0.89754378656231437,0.44053551396000551,-0.018536778128256718,-0.44083327906260439,-0.89742207096302595,0.017310303849027781,-0.0090095102139069357,0.02370838434873598,0.99967831887926728,-14.133439323523721,11.856541914989759,-3.9496585081518254,,0.2010948496947418,0.4848484848484849,0,2
-0.9881517640556593,-0.11980755773815116,-0.095928308139506216,0.1226434048969183,-0.99215542809106905,-0.024211603513988589,-0.092275058542268348,-0.035689713059193794,0.99509374329897848,-17.793835420585438,-13.586752411481262,-3.5703324191987766,,0.5171172870874454,0.1463414634146341,0,1
0.31894183079252514,0.94549941358958345,-0.065627490219159645,-0.9443958665269393,0.32288347850189403,0.062150676563884469,0.079953460572659923,0.042155879925232093,0.99590678576370062,-13.622494825116656,5.1190865664071303,-3.7248075398922937,0.6380759593734489,0.3658957082261154,0.8853046594982079,1,5
-0.82338189307296894,0.5633426723966739,-0.068463797853660052,-0.56621550575399326,-0.82360912204836023,0.032680500646083223,-0.037977087873123608,0.065673796416093708,0.99711819422823378,-12.996585722971345,7.3125541485394212,-3.6768103725814152,,0.06650664312038823,0.3636363636363636,0,1
0.83207749533889741,-0.51215725168902326,-0.21293658984047992,0.5534080900805205,0.79235701013817816,0.25672914582944562,0.037236105918542935,-0.33145937613413895,0.94273440288810373,8.113676671292918,8.9277813639301833,-1.0423134993775354,1.081835846984452,0.6570968141563425,0.175,1,4
-0.8205016150064649,0.57135145499784667,-0.018292475054724134,-0.57062203571853631,-0.82052779469023207,-0.033535510928259037,-0.034170047179035816,-0.017077851522646226,0.99927011106264674,-6.0985240274091694,-17.966224358513866,-1.8484550987609276,,0.08531891193056214,0.4347826086956522,0,5
-0.6210240504873451,0.78378266157665832,-0.0037239935687526805,-0.78364636414069122,-0.62099347246133541,-0.016293653043055852,-0.015083258446576328,-0.0072004563897976525,0.99986031461520242,-15.216826972513649,-5.6604789825434221,-3.6223266241975671,0.5539879342817243,0.5823635437869712,0.2253521126760563,1,5
-0.85354343064363669,-0.51147705795831189,-0.099271502393185815,0.51179274295938137,-0.8587679301675456,0.024203932942017673,-0.097630939047022233,-0.030147326549109062,0.99476597169522107,-9.6968935732767267,-0.068208752582277973,-2.9930006028501017,0.1520894805131776,0.1170266095763733,0.5326797385620915,1,4
-0.97076342947048044,-0.2014271299322854,-0.13055832156532002,0.21256228570838076,-0.97405161199066781,-0.077722145317857344,-0.11151519491593991,-0.10320159158474039,0.98838949447939617,-3.7647213225095224,-11.148609855729608,-1.7205594930281476,,0.1954424907242927,0.2142857142857143,0,5
-0.22778958368187247,0.97349429720031078,-0.020512408062264505,-0.97360114911729456,-0.22739794916236755,0.019773091671105487,0.014584512454099606,0.024475008380448155,0.99959405058316264,1.4030417400927897,7.817230176821087,-1.7681217027483407,,0.1378351324670265,0.2564102564102564,1,4
0.024310804180983227,-0.9900750793779346,-0.13842081489013888,0.99819576413224131,0.016436264508764911,0.057750027510372837,-0.054901741944357201,-0.13957502070132075,0.98868832921588634,2.2196687682111138,-11.806347096412347,-1.025502051290305,0.3535639465200434,0.3310971275393985,0.611764705882353,1,5
-0.48946701177991148,0.87201158157187508,0.0042244507052045313,-0.87201933861253478,-0.48947142199675026,1.1586038540609019e-05,0.0020778510536235981,-0.0036781317262908723,0.99999107690119038,-27.076355528724424,2.1895949641494505,-5.3955446775107951,,0.346849461385308,0.5428571428571428,0,4
0.60655124610001365,0.79503381057026368,0.0041019391324888738,-0.78777364282668971,0.60030011946908646,0.13803062788007445,0.10727662150761369,-0.086954048873680606,0.99041946662128244,-19.823407987106872,-10.328273460829687,-4.0804060318201145,,0.1832944428516836,0.3703703703703703,0,2
-0.81230150162745662,-0.54544674563636164,-0.20652873438938477,0.56574351019528624,-0.82296020001443138,-0.051679685216949829,-0.14177641244471861,-0.15882177705500305,0.97707476275226535,-11.492994726091982,13.2157963225016,-3.6388171843215971,,0.345061595797548,0.4285714285714285,0,2
-0.33763852330833488,0.94116419797238438,0.014497587149822988,-0.94092530637215199,-0.33789305346805737,0.02208737753800101,0.025686482955838939,-0.0061835970949198479,0.99965092293276492,3.2857199033211111,-16.806779503992413,-0.75236011687039406,,0.1626948014453648,0.1875,0,1
-0.92851070190749674,0.36946367312789574,-0.036938742291707218,-0.36664388731819714,-0.92801965323270619,-0.065968046098482086,-0.058652675433017866,-0.04770867271989096,0.99713777694552208,-6.3889327063330628,14.945305890527568,-2.9519318650491093,,0.1820046671012595,0.2857142857142857,0,1
-0.025113483247136872,0.99942638280898632,0.022720438035835202,-0.99625172233288262,-0.026902667036700485,0.082211630899018021,0.082775713273639168,-0.020570655110056121,0.99635587489630539,-12.760684214080776,15.467003574565309,-3.8098015158115763,0.539845814495274,0.2343257604533255,0.4651162790697674,1,4
0.99660825497258887,-0.0049292538904363173,-0.082144315546323343,0.019500179829522468,0.9839200461820522,0.17754178580752253,0.079948290207524794,-0.17854143826347868,0.9806789615953333,6.1564836327122352,-4.9543505822076686,-0.79856155729936695,,0.5233034860651765,0.6863636363636364,1,5
-0.21893410152711773,-0.92117030522484544,-0.32173456133974421,0.97324827861469676,-0.22971018542317065,-0.0045846359050217859,-0.069682475286421436,-0.31413134113745556,0.94681880692830567,6.5450268292799052,-10.096889780736934,-0.57382343441260342,,0.2769227704723677,0.2926829268292683,0,4
-0.72146797469914659,0.69055375845470857,-0.051180740201639159,-0.69210241284131191,-0.72146989229853697,0.021804693209770284,-0.021868050273077252,0.051153701633548002,0.998451344426177,-18.967656314841506,-14.186195725883987,-3.7208372940941423,,0.3017634825077942,0.9285714285714286,0,1
-0.43919288503930159,0.88645347177964884,0.14597894403187878,-0.89836863821042012,-0.43215299843515498,-0.078597556090891432,-0.0065878380983922704,-0.16566239257391102,0.98616052044070246,-13.179610959606112,23.459691372337019,-4.0103690620098646,,0.4745611001951365,0.25,0,2
-0.28596432148113038,0.95624705402810473,0.061773606843120249,-0.95674878030244304,-0.28852071764442844,0.037250058788309198,0.053443224356556206,-0.048449635215506805,0.99739483386363081,7.0860593446189322,-13.680355304259537,-0.43459307124328977,,0.3066767128084754,0.1666666666666667,0,5
0.83026079203929748,0.55643282861478083,-0.03239636464224438,-0.54457521387111707,0.82220749310210428,0.16556773454988682,0.11876385662105607,-0.11982214121984423,0.98566617109140253,-3.1934185783718849,14.777645213830887,-2.5412173614539779,,0.1949274796524497,0.2708333333333333,0,3
-0.68312140239198837,-0.7085048984134753,-0.17710437182100602,0.72231001622741864,-0.69125980778218177,-0.020691027100813407,-0.10776543996824048,-0.14205874513401601,0.98397455397962363,-0.37414709725440853,11.911570481327949,-2.0596640240845367,,0.4137429056173302,0.2258064516129032,0,4
-0.31209825406350794,-0.94565267688031796,-0.091300024751356512,0.94650612975316417,-0.31778758999693818,0.056010659553551258,-0.081980644973042333,-0.068935204018165677,0.99424700728580384,-6.7400046700144136,9.6939582512070803,-2.8539113274179106,,0.07122893176594208,0.3809523809523809,0,2
-0.086413920778249581,-0.98146664154830765,-0.17104346179733129,0.99067150592071029,-0.10281159926326836,0.089441279137322319,-0.1053688837016019,-0.16171891226697588,0.98119538918742544,1.9705395126661067,-16.565353613040362,-0.92485652902028814,,0.1674127583524145,0.3666666666666666,0,4
0.73102756098359933,0.68193212666598357,0.023817634290142574,-0.67616251078263645,0.71927017763052614,0.1595451991865397,0.091667682934015157,-0.13273652923050405,0.9869032625912979,-0.12403185100032287,-14.877832229757802,-1.1959166934705112,,0.2262869155468345,0.2352941176470588,0,5
-0.47214313524945878,-0.83355874216761283,-0.28681123268233055,0.87529308216516832,-0.48190907258829191,-0.04031954948771263,-0.10460822219410418,-0.27008048636108273,0.95713826103460597,-13.455997199175197,-2.8379542820887367,-3.4724224322680644,,0.284658931303591,0.35,0,2
-0.81132866774943768,0.57172642858557432,0.12196181264931248,-0.57869485133510279,-0.81502783824110547,-0.029015374032975359,0.082813416341588272,-0.09411967779807906,0.99211059077353869,-9.4748530719264696,4.373449353171595,-3.0574611762881707,0.46050956776848,0.2611127533061801,0.3070175438596491,1,2
-0.37752011583384809,-0.85400116263186876,-0.35799521835383985,0.92203256306627346,-0.38242945644585752,-0.060030521303449984,-0.085641781778731677,-0.35274597810030595,0.93179169353875535,1.0160043519319719,-19.540125393934726,-0.91723283426829449,,0.34199657889615,0.5,0,3
0.59718794824989496,0.79878486005136284,-0.072864956033795669,-0.79615661171463681,0.60135051629893066,0.067172957133657868,0.097474120094266939,0.017897036060075436,0.99507712867501608,2.1503255492340325,-4.7578221374750553,-1.258938303564429,0.1166404891550698,0.09657343451634665,0.5736434108527132,1,4
0.72710763745075568,0.6858201375218318,0.031068030679727656,-0.68191240800240394,0.71624787325745543,0.14827154773096393,0.079435202354772166,-0.12899505038453374,0.98845856038740865,-14.369599993451292,-0.54216071380864406,-3.6742831279406043,0.5095564621887517,0.2409481917527574,0.2297297297297297,1,5
-0.99701574181957597,0.02505914262262713,-0.073018147983772846,-0.020926790781335095,-0.99816514823778002,-0.056819066087410018,-0.074308007587039634,-0.055121467818537676,0.99571077316356027,-25.579817964644828,4.89223028166316,-5.3312225604355516,,0.2356682297543277,0.3478260869565217,0,2
-0.56514916828669504,0.82483178718155026,0.016091626385992864,-0.82492005954422587,-0.56524628974580826,0.0018781081302891066,0.0106448553962848,-0.012212894148711316,0.99986875752275828,-22.200952379908362,-8.0072376934835976,-4.4657239034729121,,0.5284807636387254,0.9024390243902439,0,2
-0.70787232375073628,0.70478707082214442,-0.046818351847047301,-0.70627907940090073,-0.70712773403549412,0.033767288289751604,-0.0093078068495381118,0.056969751270027541,0.99833251583421978,-2.9344495164073798,-3.6673702299101123,-1.869836144606984,,0.08545809266546082,0.2974683544303797,0,6
-0.9649003410121898,0.25600762816030054,-0.058544224636579066,-0.25356011218333185,-0.96622003610950957,-0.046109774778413007,-0.068371056918385756,-0.029646857241148777,0.99721936525098986,-13.104864223983492,4.138940314056609,-3.6106388447803104,,0.1303053588089824,0.25,0,1
-0.76300603949023871,0.6463908371928615,0.00081810422997401103,-0.64414365079623392,-0.76024676462048435,-0.084284126755784936,-0.053858526161781009,-0.064836274393252027,0.9964414266189876,-8.646887677801935,4.7107190422753487,-2.9343257876235556,0.6140428919886105,0.4209370804242301,0.3563218390804598,1,3
0.92032046941106438,0.39116485497330133,0.00053834627813190779,-0.37652117760807713,0.88549255700290364,0.2722769441305809,0.10602846974103627,-0.25078474380666949,0.96221877755435559,2.9141236778482447,-15.230469963206261,-0.84271924289444311,,0.5302967333994931,0.2380952380952381,0,2
0.68903249955681278,0.72410533238785768,-0.030094553692654964,-0.72021241384956503,0.68877590719937365,0.082956787538223484,0.08079785573561292,-0.035485451513953228,0.99609863429249679,-7.6893666603150201,-9.5568115428847786,-2.3681335263307459,,0.1045588764221509,0.28125,0,4
0.31085870582611663,-0.94576764537353319,-0.094289055445022141,0.95002803466246244,0.30620879094759901,0.060686981320451437,-0.028523645760859608,-0.10844232250838357,0.99369344584811303,-9.863352498212306,17.112991121445138,-3.4648022416945174,,0.06607925362670863,0.3846153846153846,0,1
0.48886280744214683,0.87174146564427346,-0.032862936207185472,-0.86800606350032894,0.48983657341950571,0.081397819794523082,0.087055322792157497,-0.011267138812159034,0.9961397604535932,-0.38262361858334715,-8.3300807561460566,-1.40977031245313,0.1879755752925255,0.1647374828885369,0.328125,1,5
0.36363654189156258,-0.90114528072334132,-0.23602044070630188,0.93056213136751498,0.33979015220262904,0.13636998251397972,-0.042691744704271534,-0.26922079320915271,0.96213178901746133,-6.0781599294961168,-19.560611193560536,-1.7933571219789983,,0.2099569652884438,0.35,0,5
0.13968303472757898,0.98995589914224691,-0.021816680837341066,-0.9877439528661287,0.14085294824998204,0.067248275410470404,0.069645770766706083,0.01215585137916343,0.99749772024379013,8.2821441724562117,-9.2220926064549165,-0.40160083323391671,,0.07974525306957918,0.2222222222222222,0,3
0.70304658790039487,0.70822396778235142,-0.064376289891816471,-0.70430774647154881,0.70595118229791121,0.074722998282657452,0.098367136289418372,-0.0071930293204049891,0.99512419668472285,4.5678513551264848,-6.0448525965354847,-0.91788085557221344,,0.07488983735011863,0.2857142857142857,0,5
0.46614604714009478,0.87681415647119965,0.1179186064510712,-0.88178278013024092,0.44963021238733752,0.14244929194032746,0.071881787689563797,-0.17038077098139839,0.98275297072984547,-19.000701010218197,-1.1134058294470373,-4.2844854875178253,,0.3604996319861062,0.4285714285714285,0,6
-0.99265564037297283,-0.086932133252548394,-0.084128377161839352,0.088022555667392144,-0.99607475722869454,-0.0093331508923038195,-0.082986802140487259,-0.016669799637632789,0.9964112145347106,1.1416152851962689,10.369472905547545,-1.8435077195876024,,0.06953484122888627,0.3888888888888889,0,4
-0.72265142152263828,-0.66395875442532404,-0.19218141271538755,0.67916395259130968,-0.73374449528719521,-0.018850494324778814,-0.12849610294425046,-0.14414502439457022,0.98117835456680802,-11.867380167746797,5.1165284459228255,-3.4117078611969536,,0.185267235978993,0.2,0,2
-0.45495071301574258,0.86702181136787737,0.20320685849358577,-0.89042691482776937,-0.44614178366605561,-0.089985655621164229,0.012639544167716324,-0.22187989426632437,0.97499207916967046,-15.800780794119428,13.945549351601752,-4.1758208030319963,,0.4220715076136705,0.2,0,1
0.99504962506893035,0.045936782846912216,-0.088125226988967645,-0.036954571713217213,0.99420198011140659,0.10097911849511802,0.092252931008581673,-0.097222603977850916,0.99097788168863388,3.0507810839773954,-6.9788496186123226,-1.0526883172947497,0.2068882162283704,0.1608216164339117,0.4302325581395349,1,5
-0.96638927288466592,0.24706926860289571,-0.071053147470581834,-0.24792296623438839,-0.96877406543827593,0.0033185761611649665,-0.068014528352318873,0.020822743484596683,0.99746701062580811,1.8539031866258757,-12.629186160686483,-1.0546345339230465,,0.09093741552297319,0.2258064516129032,0,5
-0.69964297596620051,-0.6859603598837648,-0.19989519966546501,0.70939081794067249,-0.70028126560191273,-0.079817394523054502,-0.085231294737459939,-0.19764749863107633,0.97656084945192045,7.0140500485270962,3.6012678537376668,-0.97055569474777204,,0.2504634659694268,0.1818181818181818,1,3
-0.16543715205872014,0.98478441875394407,0.053199598665366603,-0.9841992391102613,-0.16830943814970226,0.054989005851295548,0.063106310726282824,-0.043261780004846498,0.99706870973736306,-19.077909254101037,-4.8252472163217961,-4.1628132884217734,0.2958765844188421,0.1645981450095199,0.1764705882352941,1,5
-0.77095819223649809,0.63380721251990757,0.062545049213947213,-0.63672139343644452,-0.76480263220724665,-0.098299546841373722,-0.014468343505142566,-0.11560861181854792,0.99318946626995852,-4.497012124477064,-18.025421208882847,-1.6410109842273257,,0.1949285354877713,0.2666666666666667,0,2
0.96129741345763886,-0.24973647775257019,-0.11635709930809218,0.26717464246290717,0.94810414048176217,0.17238401673634593,0.067268070467874641,-0.19679997581574818,0.97813331208708454,-23.760816401459252,-10.954199313237959,-4.482491195787679,,0.1635047902930497,0.3,0,1
-0.14682493095411389,0.9773366384262443,0.15249765519511463,-0.98814405100696368,-0.15191433594403916,0.022211911089076778,0.0448750945388098,-0.14742838846155115,0.98805419697796093,-10.861177911448484,15.496438368602817,-3.5409498063807319,,0.413446669043697,0.391304347826087,0,1
-0.81830256892519981,-0.5569137892913093,-0.14222495205698849,0.56507219477349724,-0.82475691817444452,-0.021666578346721897,-0.10523459689798007,-0.098097182531339616,0.98959720209544444,7.3599677660877596,1.7364160938536104,-0.84635302320543737,,0.07775193866463104,0.3333333333333333,0,3
0.97779509626500094,0.1923988280214021,-0.083062871947156114,-0.1866264604589912,0.97975317883409174,0.072486363000514711,0.095327404122148185,-0.055375080500931886,0.99390456608411326,-16.143265396949616,1.4368109517912726,-3.9945495750746791,0.4584544537120009,0.4284247147087489,0.947103274559194,1,5
-0.88022598194272317,0.47077729585170386,-0.059757496797695167,-0.4729055633649995,-0.88067376903315264,0.027821586499953688,-0.039529088674060263,0.052748935984522322,0.99782513543260642,-15.215818252110649,11.393074434209533,-4.102485188067317,,0.08528208670397511,0.3888888888888889,0,2
-0.95585743873362472,-0.24576233489257532,-0.1610510216227968,0.25771888484575001,-0.96449016486664696,-0.057790122593516652,-0.1411294909346022,-0.096745008262236934,0.98525269355880585,-4.9997887322361203,14.986174356016308,-2.7782790189864301,,0.2396841726261364,0.425,0,4
-0.95235719747114134,-0.28882933926976773,-0.09794580747486259,0.28880671220235626,-0.9572742610666547,0.014719785533613965,-0.098012506404942329,-0.014268912932651168,0.99508288434277747,-5.0608336222902199,9.9083348660955561,-2.6444070164427629,,0.07588305965881266,0.2857142857142857,0,5
-0.28899368946064868,0.95694293275841336,-0.027255658048383122,-0.9565572952504211,-0.28749867090491438,0.048400982749407497,0.038481012917058389,0.040059177121304183,0.9984560450882366,-11.760124093891005,16.96658678730455,-3.6911344360671103,0.2115475875527557,0.09577167816008382,0.375,1,4
-0.0007439529952191395,-0.97726405043208131,-0.21202457939357577,0.99999761544117294,-0.00029170726978575883,-0.0021642594199243349,0.002053203815718648,-0.21202568391577137,0.97726193710496079,0.27910668969107366,13.177159106222444,-2.0704273278167689,,0.2037458125293474,0.125,0,2
-0.96466415328374444,-0.24541974134112088,-0.095876075897030191,0.24513014627051036,-0.96937457697601037,0.01497133601181491,-0.096614091926354159,-0.0090598053311176877,0.99528068260597102,-2.7821094012118266,-2.4214104499238687,-1.886065956296368,0.4956062274461178,0.4850201122680126,0.8776493256262042,1,5
0.3691892670578899,-0.91906875569071644,-0.1378836734438697,0.92927401049031133,0.36312247387377633,0.067763429628680927,-0.01221059034242534,-0.15314924512026287,0.98812762849875968,8.236052007403476,6.3838112385799253,-0.94248659657875877,,0.08188655641493132,0.2692307692307692,0,3
-0.089930556810091683,0.97624637498343148,0.19711801105818896,-0.99468422471272866,-0.0980072920412694,0.031588982484018042,0.050157632115811819,-0.19322936122247775,0.97987071897372668,-7.4866821398190408,-1.3540744115760808,-2.6324166883914222,,0.2348168850932062,0.3771790808240887,0,1
-0.97663640348611735,0.20824184005813812,-0.053072322682363129,-0.20317219000368641,-0.97520853528786355,-0.087689075207829301,-0.070017116441667068,-0.074857523008040064,0.9947331072475134,-17.324687989685771,-5.7202214210594278,-3.8921674961054444,,0.09571394222901593,0.282051282051282,0,3
0.98812099015952837,0.11342104625163325,-0.10369462412939784,-0.09673424576958424,0.98335571172178082,0.15379866683277518,0.11941270661676631,-0.14194086970049949,0.98264611890910303,-20.158713815830282,3.6635648491130892,-4.5803306163876005,0.2925145580635111,0.1324694368776055,0.5555555555555556,1,3
0.92490989142472801,-0.35406610921328618,-0.13848784441697903,0.37395818674219961,0.91291811689999802,0.16351081433424036,0.068534424293067914,-0.20302143271666057,0.97677291656991116,-9.0295844990912251,-20.822374860802235,-2.1054998455005975,,0.3149186489396875,0.4727272727272727,1,5
-0.87772778760310788,0.47501856728712832,0.062859300042529584,-0.47789109653783712,-0.85829914788064265,-0.18692959262039249,-0.034842943607228588,-0.19411319759317286,0.98036015616758765,8.7459458489742339,1.9253728281566544,-0.69741679713846805,,0.2483040660414911,0.125,0,4
0.88185322312237435,0.46480512162674092,-0.079316402958225202,-0.45724462071950467,0.88404554895082688,0.096906265036420414,0.11516184130065571,-0.049190103575649298,0.99212805827597705,4.8946557843439686,-4.3341553437124434,-0.96853845036417263,,0.09015623036936538,0.2653061224489796,0,5
0.99049878037273453,-0.10093418151595368,-0.093404802241803156,0.125956873899294,0.93846996917873393,0.32157267120696714,0.055199927514836565,-0.33028231552926252,0.94226671386130689,-17.362671773554386,-9.6569926565206501,-3.8445222254562976,,0.3034904549289418,0.3076923076923077,0,2
-0.26098444377750002,-0.92234423100452145,-0.2849004030162548,0.96258697681803085,-0.27093287367938196,-0.0046572545725344179,-0.07289329301431148,-0.27545688862779871,0.95854581024644792,-2.2085423651534128,-15.586974209877004,-1.4451245061852127,,0.4072485439356417,0.4,0,3
-0.93209836115096667,0.36219411145477237,-0.0028409095672049176,-0.36096103861495488,-0.92951748301644566,-0.075527328622056245,-0.029996228791203908,-0.069373441562739654,0.99713968523173613,-16.587270970267184,4.0297673828604461,-4.158896391929539,0.2342258983447234,0.2067583361420021,0.3243243243243243,1,5
-0.99213727166380938,0.097823311864856904,-0.078065573918876474,-0.095229104788880345,-0.99479337533233481,-0.036298181717672094,-0.081209924126310104,-0.028578664256603555,0.9962872116878283,2.7602648939709602,8.8342162595939655,-1.6326348152881625,,0.08760189950068566,0.303030303030303,0,5
-0.98185508867443505,-0.15494562764492509,-0.10932720300930439,0.16850350299903979,-0.9773323980408205,-0.1281715772581116,-0.086989392003680943,-0.14426793203446031,0.98570766937532273,5.8790368480434685,7.7898132674543117,-1.2381729744166812,0.2568794801523924,0.2655009875756217,0.4571428571428571,1,5
0.76419098381016437,-0.62655683861634226,-0.15309692435299371,0.64235795087447578,0.7607436516851811,0.092980424655079316,0.058209992368974929,-0.16939782880482573,0.98382720656861955,-6.5454156116281945,6.4165695854343303,-2.6674971809508703,0.8122192417776418,0.6398004281350731,0.4047619047619048,1,4
-0.035842633429522111,-0.98331262840540701,-0.1783580120075573,0.99748441288367551,-0.046122908900879181,0.05382864784323927,-0.06115677953381108,-0.17597997639780572,0.98249218634250823,0.79002277819530564,-4.7468844853230321,-1.4337908502989858,,0.07483550754273585,0.28,0,1
-0.82329156249322633,-0.52418033306428058,-0.21777507101613228,0.5614474026637255,-0.80844245539265402,-0.17662845286321413,-0.083473451885123479,-0.26768596292543267,0.95988353881242561,-8.7169234146383676,12.425949078980013,-3.2224097863752763,0.8470758669874914,0.5970221300055627,0.62,1,5
0.97019444906433516,0.23856103266246764,-0.042560130401229884,-0.2204787476946658,0.94187862889028628,0.25348327411241134,0.10055770890262231,-0.23654446122192979,0.96640305517184899,12.128756168942507,-11.535833686122901,0.079505573305295688,,0.3514142649006574,0.15,0,3
0.4428727949104978,-0.8569834961266547,-0.26352035005801777,0.8964746426283654,0.41865983992011507,0.14511083199543867,-0.014032200558316261,-0.30050495138117084,0.95367702685075284,-12.049806527214063,9.8031788562179454,-3.5995313838469754,,0.6405907827929016,0.5384615384615384,0,1
0.19100364080188612,0.97097019672027218,0.14399474393678235,-0.97883822413812216,0.17743248301278799,0.10194824637061532,0.073439363876269245,-0.16042004567045895,0.98431299330067601,-15.604623763651013,-7.857968338890891,-3.660124636223685,0.460747508315708,0.5854570757268427,0.3428571428571429,1,1
0.046184957025914734,0.98586430149307469,0.16105442802383857,-0.996555573729064,0.03435572540809273,0.07547630489908734,0.06887625290367265,-0.16398555781914181,0.98405528229500094,5.741173385973406,-8.202405953507137,-0.73757587767470623,,0.1987051393735701,0.2857142857142857,0,2
-0.92977211492119638,-0.33835579389214848,-0.14504885747423132,0.35685465886028062,-0.92516442978743185,-0.12932722182823414,-0.090435428702907522,-0.17200620510816025,0.98093592993610512,-10.740394144419863,8.348647907007761,-3.3802517113320332,,0.2976924840094036,0.2727272727272727,1,3
0.70706274978285077,-0.69797384290879094,-0.11355519576244544,0.70714092786283156,0.69702823790998436,0.11875749954169328,-0.0037384503215339977,-0.16426853067838651,0.98640857347143773,5.4467476958108572,10.416831733457498,-1.3765569370920634,,0.1257042005483444,0.1923076923076923,0,3
0.53047897628475993,0.8439531354090769,0.079593724332142513,-0.8423868968359749,0.51433229209038878,0.16076880714897243,0.094743716197591171,-0.15233318268268051,0.9837775305905474,10.393177208433706,-12.882329234324468,-0.074216481403847151,,0.2606355218891016,0.3,0,1
0.25226922378572875,-0.95915376734434021,-0.128001130150105,0.96703966773996031,0.24516822501180913,0.068751890606335214,-0.034561825008705617,-0.14112615644775853,0.98938813830485639,2.1972966526517705,-18.076782304549372,-0.8032895812748938,,0.6614600285312506,0.3225806451612903,0,1
0.99493307032282563,0.060083120842042655,-0.0806114394355784,-0.047712021300708604,0.98791675278595814,0.14745864704468667,0.088497167194188542,-0.14286534973438886,0.9857777352141176,-2.9786539532091516,-9.2243403454964437,-1.7185602478173383,,0.07276028139521548,0.2,0,1
-0.803065769498437,-0.58848663581704119,-0.093642134344672792,0.58710954822236583,-0.80827935913471982,0.044574162727944885,-0.10192030340424904,-0.019182206898813319,0.9946076084026696,-7.7024812753878162,-6.1290715028013372,-2.4337723365426829,,0.0947339741757653,0.6078431372549019,1,3
-0.99568931973449237,0.048653432094106094,-0.078965955399318388,-0.040534444464605648,-0.99402495788708045,-0.10134762902768608,-0.083425040477117726,-0.097709910669552313,0.99171217395892575,1.5125341403718906,-13.746147019698203,-1.0453068864554409,,0.6573647954156469,0.425531914893617,0,1
0.21949499471233752,-0.95258487564716932,-0.21072257113204587,0.97553376470459618,0.21153285087234583,0.05989763704101822,-0.01248283691756528,-0.21871421465027641,0.97570911192445298,-6.8135384758730595,12.720364917661596,-2.9810674931716163,0.3614234620200959,0.4165918076203195,0.5189873417721519,1,4
-0.87355597198702972,0.48587055578701249,-0.028805673486586372,-0.47782555957926415,-0.86734749938419575,-0.13925175016762348,-0.092642854114925691,-0.10788011091578761,0.98983795807709796,-21.795592130042287,7.3525488928935534,-4.9997460144082293,,0.6011700019194972,0.1904761904761905,0,2
-0.27067218281787242,-0.92695401978393643,-0.25979379256443086,0.96233095698559423,-0.26771568898412479,-0.047407162949775747,-0.025606613907338684,-0.26283940929426397,0.96449973885224238,-15.424238993917742,-0.44100934225436739,-3.8194595761584456,,0.1998950292169965,0.2413793103448276,0,2
0.97628297367343875,-0.17122505004320943,-0.13248976395574016,0.20409354141526453,0.93205869101403138,0.29935334115019652,0.072231445146300796,-0.31929387520419272,0.94489895734367602,-6.6970559283723876,3.028965251186849,-2.641482073560943,,0.7121912767915066,0.4658227848101266,0,1
-0.9954351401089333,0.052110839410532246,-0.079958378249178827,-0.047175519306428222,-0.99693447035633143,-0.062419005066650601,-0.082965970219589694,-0.058361993037176728,0.9948419600892654,-4.0733318186278566,-9.8251087135501667,-1.8539124227064963,0.2355141657691654,0.1491423504309491,0.4014084507042254,1,2
0.79100427450530109,0.6107819782326307,-0.035462836612109652,-0.59914681780090606,0.78506133884898521,0.15716801507841069,0.12383589315457315,-0.10307312603619748,0.98693495340662452,4.1636228138388169,9.445369641845712,-1.5085506416402723,,0.2338373861486096,0.25,0,2
0.6696764401994395,-0.73240518941760913,-0.12294756588059436,0.74223609769690058,0.6656112500699306,0.077763995885126419,0.024880528882721346,-0.14333283746058023,0.98936174222981532,4.6795423468710728,15.757240416242862,-1.6163275557768757,,0.1214364865150206,0.4,0,2
0.52739340220113351,0.84817101302938669,0.049619874762198549,-0.8443391749160355,0.51671788408370889,0.14175325735291849,0.094591527193618394,-0.11665573678460039,0.98865761619400883,-2.2337239970113276,-14.526653576340985,-1.4809050639955674,,0.09020904237748582,0.5,0,1
-0.036656786392196813,-0.9761528471272839,-0.21396705133429861,0.99797087505370563,-0.046912528177466203,0.043050519677927043,-0.052061622678687282,-0.21195479174884424,0.97589177355830103,-15.278333620762224,4.5475491758886433,-3.9453624093767909,0.9037179004621146,0.5624644034957433,0.2037037037037037,1,2
0.82272113241491029,-0.52644368111518647,-0.21444577144774751,0.5667860636444717,0.78850971481942722,0.23875926724169494,0.043399266541412976,-0.3179771693837124,0.94710454724617887,7.731319282491059,-17.122450200660001,-0.23833538256421818,,0.5717377249381034,0.5,0,3
-0.96608351831905503,-0.23912124339565843,-0.097486750839230418,0.24225131671693101,-0.96997592123815635,-0.021471184576159243,-0.089425584600768243,-0.044359251291072668,0.99500518674211269,7.0353945125840536,10.407917948438547,-1.2228559399876695,,0.4863948836891567,0.6296296296296297,0,2
0.52415870018376731,-0.83152202424654587,-0.18392601831875444,0.84966520835417725,0.52524029651600079,0.04681521791295442,0.057677471634226915,-0.18081414244663266,0.98182460508849179,6.8602158619492206,-12.219855817164563,-0.4976474469162035,,0.1657506637292252,0.2,0,3
-0.96598211260611078,-0.19232979339795248,-0.17288090899962424,0.21299453710296321,-0.97083386153831153,-0.11006789020829653,-0.14666930588684843,-0.14314630229982211,0.97877333987423176,-5.4390415416095488,-0.30323281023144677,-2.2874136551249142,,0.2832405652026183,0.2268565615462869,0,2
0.87783243112561737,-0.45598851245495048,-0.14657659899591616,0.47656798117820875,0.8621258732657191,0.17211024943781739,0.04788718179027255,-0.22093767255708729,0.97411157608625232,11.678537412717228,-7.6316446184763853,-0.061718493054258396,,0.7747715516494896,0.7,0,1
-0.85061050627834123,0.52507862039732411,-0.027462866029367174,-0.52405329287911651,-0.85088289294071195,-0.036965507211457263,-0.042777480424390432,-0.017051243429385445,0.99893910838751976,-4.2016835801906476,16.565426443734424,-2.7063325628809474,,0.1712601348854176,0.1333333333333333,0,1
-0.25984148819577108,0.96368688984872375,0.061562808138526465,-0.96505976770614865,-0.26138515980961985,0.018369621287720315,0.033794167650079802,-0.054638599588510604,0.99793415497609117,-16.014899846358428,5.5880233882701171,-4.0532030854470094,,0.4889027382395759,0.2,0,1
0.48283341727445761,0.87208182161659031,0.079656685651359083,-0.87557031470238544,0.47911636233680255,0.061839593733433874,0.015764364085997545,-0.099603251689087402,0.99490234549825307,-6.32299172168306,-8.4228606007575699,-2.1888287549938306,0.5525622346642621,0.7697558339322015,0.4166666666666667,1,2
0.50986246509937838,-0.82014053504471818,-0.25963391430887645,0.86023394113446006,0.48391621191241863,0.16069432587558827,-0.0061508701059102572,-0.30527791047650166,0.95224343745286133,6.7909448318981394,5.4292524229876307,-1.0669783300579105,,0.5760201342023427,0.2556390977443609,0,1
-0.84972254272961045,-0.49517321888614479,-0.18103890099937217,0.51700999756590482,-0.84986944116364826,-0.10209111319352179,-0.10330664448151149,-0.18034804205791524,0.97816272722479458,-3.2024943081960564,0.32198909144181254,-2.0061593035663958,,0.1355560014795992,0.3178571428571428,0,1
0.34243944736268955,0.93923735323232016,-0.023841543219373471,-0.93577915034205594,0.34322710192304484,0.080700299197758882,0.083979799208117975,-0.0053245468026155681,0.99645323147968723,-3.9525704945605211,19.505268483790886,-2.811198324810066,,0.1237815942982219,0.5,0,1
-0.23721764702760928,0.9704164743771031,0.044940562927029207,-0.97078641194511661,-0.2385182026237771,0.026130621880280345,0.03607672825259859,-0.03742904319691609,0.99864785405264478,-2.5506193065473375,-12.029320912664,-1.5457300646677929,,0.5630943842697965,0.2087912087912088,0,1
-0.50541968848975283,0.85731870203444693,0.097752655354684151,-0.8628477493082567,-0.50302864210896503,-0.049557509336991198,0.0066858059047631493,-0.10939299959312515,0.99397609208643534,-6.2011958020613971,-6.1837622273130979,-2.1954066757346506,0.2688090982264297,0.3531989756046278,0.1956521739130435,1,1
0.88962867474737906,-0.44182065635153106,-0.11556525727191692,0.45391468921600064,0.88328185382400082,0.11736533397549012,0.050222265790818649,-0.15686833436464814,0.98634175096286847,-4.2224163897524933,-15.888854212103464,-1.6648618556096408,,0.7341874843250595,0.1739130434782609,0,1
