axis_00,axis_01,axis_02,axis_10,axis_11,axis_12,axis_20,axis_21,axis_22,location_x,location_y,location_z,dbh,dbh_approximation,score,reconstructed,number_clusters
0.24554405778968555,0.96697545883364411,-0.068312353916703275,-0.96925925450769768,0.24603869641920936,-0.0012072346581626313,0.015640116219496653,0.066508810527639309,0.99766325224839336,-10.033635315858426,-14.55562425947176,-2.0364340918227146,,0.08468589310272916,0.2692307692307692,0,3
0.84992728038472609,0.52646889147691101,0.021310193919723119,-0.51521927380695653,0.8219365629313391,0.24283613078462907,0.11033004103894828,-0.21737247485293451,0.96983322752968981,4.2352699302030601,-9.3450748374395847,-0.71089994224996689,,0.4278820696772848,0.2142857142857143,0,2
0.83899497140940105,-0.51398953375745593,-0.17861186169325896,0.52967111447497117,0.8466259161952342,0.051701726445278949,0.12464328477932735,-0.1379830323422914,0.98256029552646085,-14.265095098915905,6.694395577612152,-2.6335961545225617,,0.1399136729107212,0.3076923076923077,0,2
-0.35817152320531681,0.9278297353195426,-0.10414001258714299,-0.93085456212857698,-0.36350239184783523,-0.037091714510353868,-0.072269939319179827,0.083654009932399284,0.99387074737766168,-10.791585050340393,14.174017815347726,-2.6669742049919947,,0.07863191554147006,0.2727272727272727,0,4
0.62578183287939837,0.77232129827751705,-0.1091645998711656,-0.77613283614762718,0.63046809371610069,0.011305019213909671,0.077555904298393652,0.077651754860511443,0.99395939890698837,-14.548020271383043,2.3985551255109376,-2.5816854403762375,,0.08837507701519047,0.3333333333333333,0,2
-0.32732128757862616,0.9417340855730002,0.077444733635375587,-0.94329047211315953,-0.32085874910814477,-0.085163069116184584,-0.05535214465946027,-0.10092856479084847,0.99335268907415597,-2.6661349389606004,-12.590628821102905,-1.3622983511787075,0.849693415210632,0.5863140518839508,0.8395061728395061,1,3
0.10360564089091553,-0.97172472420286238,-0.2121719386451808,0.99390805660976522,0.10920964140338667,-0.014833382309634385,0.037585185669126636,-0.20934257712518831,0.97711976708119175,-28.124590089419971,17.55717837269945,-4.1063809198613832,,0.3214891456207135,0.6,0,1
-0.089824140772003042,0.99416058472505853,-0.059802638016236122,-0.99588574066954039,-0.090377088474078368,-0.0066010158331069524,-0.011967258067397625,0.058963663879360521,0.99818839458103792,-10.545233662162543,16.249322028780902,-2.6798546157582543,,0.0920274933462675,0.4090909090909091,0,5
-0.95369246382212947,0.27628791779668899,-0.11889352769787635,-0.27008503299648978,-0.96058700363455429,-0.065777529595393819,-0.13238111421256643,-0.03062017191261418,0.99072581760640566,0.22291094159095698,-12.471640704472176,-1.1184434950740267,,0.0795589136573214,0.2647058823529412,0,5
0.38601844344535813,0.91391157423410418,0.1255204995248326,-0.92225602161207199,0.37925953700995424,0.074873454490009081,0.020822870126263573,-0.14466457088014237,0.98926162869676093,-18.663038669277753,-7.0620176331459144,-2.7870741161791535,,0.4415483948626573,0.2875,0,3
-0.37369421553418797,-0.8741518467309557,-0.31017927418373326,0.92544920044344903,-0.37388633034917756,-0.061260014500540132,-0.062421235768515118,-0.3099476743498577,0.94870228654211963,11.360222983540911,-10.604379129856509,0.027103430824716279,,0.560995772929415,0.1538461538461539,0,4
-0.50048545044927084,-0.83154399839997861,-0.24093337795657524,0.8645327842381848,-0.49476249877321848,-0.088278733481240795,-0.045797149102990459,-0.25247702575215902,0.96651848021720799,-5.7972397090357202,-16.681256662941699,-1.6443126511976061,,0.2283723324208521,0.3548387096774194,0,4
0.92988964685871356,0.34769447757143396,-0.12005746512110804,-0.34942012480272605,0.93693962124162611,0.0070514204559953639,0.11493833584938443,0.035393451568438629,0.99274190127054096,14.428010035770722,9.3111569396422933,-0.5461155089020806,0.3821533003055922,0.3799086823138167,0.9594594594594594,1,5
0.89758087357252558,0.43588238412915969,-0.065993352715725165,-0.42300259895688397,0.8937013537100561,0.14955497869524476,0.12416672932997773,-0.10632232871176817,0.98654862310217806,2.3197248839320324,-6.3825523756394631,-1.0992770545430453,,0.4260183839698782,0.1470588235294118,0,4
-0.34562790035069174,0.93244803801724419,-0.1052711304060351,-0.9358477634249357,-0.35074483955178976,-0.034161692293197307,-0.068777308697840947,0.086710517963978467,0.99385661334153264,-8.6755482454729673,-12.844651802459122,-1.9057560571583672,,0.06440887888252395,0.2647058823529412,0,1
0.32618971936490121,-0.88546668566260545,-0.33098189612474321,0.94270673172024833,0.33064109235345712,0.044502651793379318,0.070030600097222923,-0.32653516905380342,0.94258713041343245,-16.43415383889683,11.945215000973361,-3.0321437876133439,,0.4457597343487337,0.16,0,4
-0.52639464656482038,-0.78346517111737857,-0.33028926975291828,0.84872989155820744,-0.50733672978213995,-0.14922135835582859,-0.050658140939959746,-0.35887570029187243,0.93200964828510602,6.1042992692656544,-14.060503131044099,-0.39957210492489081,,0.2525060857188189,0.4,0,1
-0.92865899622406556,-0.30196522141097587,-0.21542858164675213,0.35212861886580377,-0.90023824990517332,-0.25607914632654483,-0.11661005320199717,-0.3136687719010145,0.94234494588040152,-12.756603422092489,30.634943749814337,-3.2380231058605795,,0.4037962698636856,0.3333333333333333,0,1
0.88332293392700001,-0.44134687285265506,-0.15796687064628473,0.45150622337660856,0.89163571094667093,0.033584061946364728,0.1260266822970029,-0.10098859731577423,0.98687313194827819,5.1785985182780179,-15.091449264899811,-0.52094624466559014,,0.07246487356868643,0.25,0,5
0.94690312028470391,0.29412356312745408,-0.12986843499597156,-0.29569167028679949,0.95525414882871151,0.0074797906746764632,0.12625734401647695,0.031318377332563867,0.99150302184267758,-12.034283131718926,8.1068061809590866,-2.4594858606467356,0.4088770708457965,0.3790243858382952,0.9191616766467066,1,5
0.95904284852603827,0.26641008490678209,-0.096241785888580247,-0.26126328630902207,0.96321936371368799,0.062848648306925728,0.10944546549799183,-0.035130101436785494,0.99337181662002516,-3.9706298434224312,18.15977164210992,-2.3488619560359369,0.709489547225165,0.3286390956866008,0.4,1,5
0.7093760106242788,-0.66114253469582562,-0.2442871760178244,0.69587071321037286,0.71203487474901628,0.093649813866558934,0.11202511346511335,-0.23642522276003702,0.96517018602731242,8.2951431498387436,9.1157201264214613,-1.0051262306328641,,0.742587915776,0.5507246376811594,0,1
-0.46431077608006166,-0.84806784303597371,-0.25533592936412869,0.8846508434542244,-0.45792636666232106,-0.08772871759677997,-0.042525150107449262,-0.26661653422801407,0.96286407934068363,6.264670365466837,-8.6737321473215783,-0.55844894777796672,,0.0781517463047174,0.1538461538461539,0,5
-0.90118150306603828,-0.36654593611646541,-0.23133520105712579,0.41302719557241419,-0.88806869556639556,-0.20184778342252852,-0.13145506551374719,-0.27744921818506757,0.95170452193906918,22.989094604652411,8.8364698326733571,0.52670440185226375,,0.3346118136025502,0.4074074074074074,0,4
0.94884802067346186,0.28981749108970845,-0.12527272457530739,-0.29284576819547908,0.9561404499341043,-0.006065974761614963,0.11802029365348078,0.042441275408210064,0.9921037992204601,7.4601541813441061,-2.2512227023416163,-0.76903479694313492,0.5292316760955722,0.4772127414163282,0.960431654676259,1,5
-0.95703482331785494,0.24863602308362906,-0.14921285126328301,-0.21155443004342683,-0.95060873942287472,-0.22712936327532152,-0.19831558205537522,-0.18580407034833585,0.96236571912970159,-12.368958015255172,-24.099032011406656,-2.2756783281835591,,0.6256044259721836,0.2758620689655172,0,2
0.97742149301853476,0.16908615592476295,-0.1267166005699541,-0.15275021558979529,0.97978776891031016,0.12916384761622529,0.14599519383421372,-0.10689153272520295,0.98349357070037191,-0.20186565646267787,17.852193991421554,-2.1056030273261599,,0.2583034771861914,0.5675675675675675,0,5
-0.95709965793671714,-0.24386990208915829,-0.15648551253213325,0.26228986099740742,-0.95867565433425417,-0.1102044400410042,-0.12314330511798367,-0.14652119519651377,0.98151274355598928,-7.2146397209279138,10.754507432363724,-2.1317696398116319,0.6355391901499753,0.3559637073519316,0.25,1,2
0.98280215799337045,-0.094171956464789194,-0.15884445492106053,0.10706579135191133,0.99144536697497054,0.074652532616487147,0.15045542384960384,-0.09037547742314038,0.98447724123759039,7.3299029816524088,9.3381411583115685,-1.0642936329563024,0.8329003342911763,0.6254602453117196,0.1481481481481481,1,3
0.98856211971366259,0.072698670349322453,-0.13213568328302136,-0.07422845403598724,0.99721887535746812,-0.0066821584995918034,0.13128241344010144,0.016413956263706658,0.99120911515235555,-11.557858759953348,-17.835850925435608,-2.1835136919532516,,0.0913952832350291,0.5,0,1
0.98504212681670722,-0.068298558025190401,-0.15820023820493662,0.1069353862761853,0.96221050363766891,0.25043116789111453,0.13511784322724368,-0.26360245382208458,0.95512141363315428,-4.5150966239223198,-12.596750691297137,-1.5317329444674912,0.5454936478169389,0.5895451371574127,0.5596330275229358,1,1
0.51939046274785627,-0.83664181379278646,-0.1739655788369775,0.85076829083159933,0.52536957854513944,0.013420926003171071,0.08016771496087223,-0.15497509913795687,0.98466027447294413,5.4872779864520593,-7.1406223419616275,-0.69729321954135171,,0.1225331738925833,0.3793103448275862,0,5
-0.7426701556672779,0.66071735987309066,-0.10905782981278155,-0.65959659986815034,-0.74987026165119874,-0.051253449967168567,-0.11564326752351761,0.033869766067908001,0.99271318799691022,-19.226111803755789,8.5626483596066141,-3.0849667241451573,,0.0706715740694383,0.2105263157894737,0,1
0.91642308433566244,-0.36879464358671643,-0.15543243341869822,0.37797137688615812,0.92522067656673612,0.033231579983092119,0.13155367251237424,-0.089203197897484016,0.98728740533512782,-1.7210448549777142,-7.5375272663323178,-1.3869334253240251,,0.07101558832459197,0.2666666666666667,0,5
0.978538905036896,-0.14608382681726881,-0.14533109396002372,0.15572489564081174,0.98613854097103959,0.057275953847750707,0.13494950243277398,-0.07867841860341139,0.98772381678241206,24.488298284304175,5.4661685646797542,0.80057403665617632,0.8000310286658279,0.4978048292423131,0.3333333333333333,1,5
-0.97955744938014311,0.16821801475583106,-0.11031728275966368,-0.15572542311011095,-0.98125601764701298,-0.11351748952783416,-0.12734518428682512,-0.094017696967815909,0.98739246335781938,-12.460976352828807,11.056291692484074,-2.6350355137046897,0.1874672870661239,0.2123136003286439,0.2916666666666667,1,5
-0.88392400874223032,-0.42334152458517876,-0.19864616867929213,0.4549542138571952,-0.87675321346049173,-0.15595020352754446,-0.10814346981046467,-0.22822304057346499,0.96758422563038704,-13.647160565949504,18.6224528463631,-3.030765764001754,,0.2088913865626653,0.2105263157894737,0,1
0.066315350815053631,-0.96751601674212429,-0.24395702817039439,0.99702649224103224,0.073870198788728733,-0.021940088888994073,0.03924854157570222,-0.24177665536268791,0.96953782850686787,-37.188788491909619,-3.3462957177761603,-4.9287647309038878,,0.1951944358664727,0.1,0,5
0.98182366448254466,-0.11431907334564585,-0.15150393173598309,0.12135736595677352,0.99188034155558991,0.038023384431169413,0.1459269734836651,-0.055718376725813,0.98772505329415372,25.302113385613485,3.4038515148650963,0.95674689538775215,0.6746060095700349,0.4898824252035567,0.9642857142857143,1,5
0.10342947306543648,0.98998424287141285,-0.096091326183594047,-0.99455295066789917,0.10168264462288203,-0.0229143644963547,-0.012914039615135443,0.097937932634972358,0.99510873221573437,-11.68956505329289,13.628373547938109,-2.7016627565924587,,0.083591940771893,0.1666666666666667,0,5
-0.0081028974421741545,-0.98848184811396211,-0.15112239742092695,0.99978828742913095,-0.0051499444316304181,-0.019921304974255202,0.018913576408701099,-0.15125182320077368,0.98831430355220251,-5.7582140011893141,11.327379247602032,-2.0662071349816595,0.18415640838034,0.1403136481554128,0.5904761904761905,1,4
-0.33651974548400809,0.93599103773581882,0.10332104421464253,-0.93750145147195452,-0.3226846681277033,-0.13025219170245314,-0.088574767215934144,-0.14069606331926912,0.98608271883199727,-2.1309762243418691,19.510974411552731,-2.2959445817714919,,0.5365788339776031,0.5384615384615384,0,4
0.059448892203263257,0.99699556307619164,0.049655577956488499,-0.99817422371646869,0.05990406753574086,-0.0077279881404293399,-0.010679340982945205,-0.049105497646002111,0.99873650267581049,5.1602342099426171,-13.708135886941182,-0.53507160370422902,,0.08994364597835501,0.3529411764705883,0,5
0.64405196381581231,-0.74747013613001012,-0.16274355132778281,0.75656064022187786,0.65386056903888901,-0.0090749062365057913,0.11319481247856186,-0.11728065420146354,0.98662666828847623,9.3597556456185078,-7.3600577491053754,-0.33574007605086525,0.1570379354626627,0.1194039029598233,0.4411764705882353,1,5
0.96555185279005351,0.22925652315601985,-0.12308966717034929,-0.22702164299956479,0.97336133152464266,0.032076344903244701,0.12716443364192753,-0.0030273557747784218,0.99187702964306013,15.867288826127877,-4.0720853729759314,0.12859222808127074,0.1807653116502599,0.1109083103514431,0.4,1,5
0.98442117294280795,0.17582464318764132,-0.00080567353494848224,-0.17471854788927249,0.97872133296852015,0.1076010288788468,0.019707442385308627,-0.10578396494866833,0.99419382892591346,-15.148978635483344,10.187348190524263,-2.8065443973302022,,0.5375051036666586,0.1111111111111111,0,2
0.41088345180796804,-0.87708154680938266,-0.24880263116942786,0.90649958701752453,0.42211068326938322,0.0090038773265887981,0.097125113989261075,-0.22923902659956416,0.96851235455014106,-19.935937176666858,10.933582203330037,-3.3005360470213727,,0.5659282986775893,0.7735849056603774,1,2
0.13811649509398194,0.99028166330457734,-0.016311379637326037,-0.99040055702483798,0.13800367051994578,-0.0078564348092244711,-0.0055290530693274907,0.017239902718435705,0.99983609423065667,9.8423909705213291,3.1423837415116727,-0.81029228797651509,,0.08939034444305979,0.35,0,5
0.6629949258645218,0.74705785547737347,0.048397198756177824,-0.74765215292373743,0.65745637157355274,0.093634276340656714,0.038131174993666042,-0.098263319946386249,0.99442965233681391,9.497441243952677,-3.598768870960003,-0.59346148848040658,,0.5794001982849233,0.3076923076923077,0,2
0.4876595107398573,0.87229095351079633,-0.036009637712568661,-0.87212121490408168,0.48862067345015192,0.025581712048841042,0.03990974942533345,0.018929603808515411,0.99902396467775556,-32.80113194599555,-7.4808228182467102,-4.4339520923348923,,0.4243508468815905,0.9726027397260274,1,5
-0.32198796656388928,0.94671422146552242,0.0074787875341883851,-0.94445437065472904,-0.32065029332719147,-0.072037012294829339,-0.06580038859483231,-0.030258424680012424,0.99737392015063886,13.485015276959025,-9.8344849644428756,0.17872447849324519,,0.4743403938471613,0.3125,0,1
0.077136454914348229,-0.90315393498328123,-0.42233036481818642,0.99689934232729072,0.076470502535477186,0.018546253243901283,0.015545693637212251,-0.42245145515927318,0.90625222727624288,14.417847550492409,-9.5398198806199037,0.2339436109615447,0.9236345207577287,0.6282307398946898,0.4259259259259259,1,2
0.93986401651830376,-0.31165134609251371,-0.13974644515266393,0.31417906720369415,0.94935460535105187,-0.0041649765624334678,0.13396695183924581,-0.039990896182422839,0.99017856169351015,-12.784103649513998,8.3444642078521412,-2.526742001426602,,0.06861578680552868,0.2830188679245283,0,1
-0.29415793273681401,-0.93349172432175254,-0.20509585863884644,0.95551625474566704,-0.28241854131297517,-0.085020317803834899,0.021442889842970041,-0.2209818276362403,0.97504217053916675,4.7371074857776545,6.2224746168868084,-1.2290833136373525,0.2444269075804082,0.1662112747937469,0.1951219512195122,1,5
0.80003253878870006,0.58898064935963912,-0.11423542164847214,-0.58907592827011601,0.80725073348215626,0.036548652850971336,0.11374307720475771,0.038053225519232375,0.99278117650143538,-0.64617733618515383,-18.897678172194976,-1.1382113341110516,,0.1190768165826911,0.36,1,5
-0.13683733079999677,0.98477169877884496,0.10723920077918797,-0.9854812834337453,-0.12434683720617355,-0.11560494833093632,-0.10050962591368694,-0.12150129777516026,0.98748936689852107,-10.105172493821339,-12.074899536874776,-2.0210557622572654,,0.7524234598242593,0.4333333333333333,0,3
-0.095525217329718429,-0.94500355887392418,-0.31279898748194257,0.9953886028697686,-0.087922493942922342,-0.038355760138831331,0.0087442627522768684,-0.3150204894518373,0.94904458751654275,3.6501227971575174,-14.753405283435377,-0.67610499902314081,,0.3083868813456095,0.3448275862068966,0,5
0.45485196132781258,-0.87435382816291807,-0.16915991384808524,0.88678080354883693,0.46216921941454325,-0.004406708866030771,0.082033528106014428,-0.14800336415974233,0.98557876624036389,4.9158066765927995,11.88763504856855,-1.5229937973068888,0.190481107230872,0.1722262061680025,0.5483870967741935,1,5
-0.27400650383890374,-0.91166506706962802,-0.30624702666134312,0.96141138815529537,-0.25148943004480306,-0.11154016900224682,0.024669385466414243,-0.3249921107668195,0.94539491714311585,-0.72418947570653069,11.0255594872469,-1.7964209036306424,0.9128212412002844,0.6976524105939398,0.2222222222222222,1,3
-0.4450667057862957,-0.8313747868675968,-0.33276356645731681,0.89186763022281901,-0.44494628156710919,-0.081209215488982731,-0.080546617317354977,-0.33292457145795151,0.93950703677953962,15.705662407771923,5.4071450725724741,-0.34953294476978725,,0.2616096316222182,0.2,0,4
0.84048474409500429,0.53240107916741275,-0.10067018349506894,-0.5366639150192809,0.84357676393446002,-0.019237610715567691,0.07468090291188767,0.070194973119446252,0.99473384806641951,2.3239660078916744,2.6245146267880073,-1.2969610189294924,,0.1381686520778735,0.2954545454545455,1,5
0.64712308754819214,-0.71623366954266965,-0.26122986080373323,0.75512119979522452,0.64934453948867976,0.090242133485729167,0.10499372925044873,-0.25565797396067552,0.96104907115527005,-23.188490486219141,-8.3908859330157419,-3.3121154482630324,,0.08248885622748868,0.3,0,3
0.91166643218547949,0.3968834086327821,-0.10652641164623129,-0.39432350200385274,0.91786852244234807,0.045015011684079946,0.11564295133563386,0.00096719259943306316,0.99329037664967823,-13.149291856663952,-17.144228583450236,-2.339505545510395,,0.2812943755609205,0.4310344827586207,1,2
-0.6344604812057314,0.76458949275979171,0.11341430839852554,-0.76755401915955135,-0.60589241801435079,-0.20917744970417196,-0.091218010613091788,-0.2197664336381859,0.97127853326723024,-1.8130890375449273,14.020243870392772,-1.9995986833076036,0.5565725732206587,0.2656188187820533,0.3125,1,3
0.16144882150976703,-0.9598733441475783,-0.22929771308945188,0.9859694744160229,0.16686983886844187,-0.0043188419526936413,0.042408413704115931,-0.22538327371605346,0.9733467554659726,10.942048710002293,-9.280178205824603,-0.11986841954333857,,0.1060228825459812,0.2380952380952381,0,4
0.97744975192498007,0.19793335481856644,-0.073582399472037249,-0.16829481099074248,0.94064823509476814,0.29471639656912196,0.12754935929037542,-0.27568693270332045,0.95274754058000577,-12.014113911609927,-15.92668654359192,-2.2264626309291176,,0.5837917166591642,0.4883720930232558,0,1
0.5036152666069369,0.86046338802066469,-0.077294379591424558,-0.86254318030643762,0.50585533408272387,0.01138609181904305,0.048897089353865109,0.060935530325541928,0.99694329617920852,-13.928787128892603,12.900153772931596,-2.8448804122005784,,0.09286111017932031,0.4285714285714285,0,5
0.11913400206326083,0.99024374984412333,-0.072280048748185902,-0.9928485743988712,0.11825213533282886,-0.016375005445954948,-0.0076679766900864038,0.073713963289701576,0.99724994547485668,-7.8392725583117331,-20.113970986258501,-1.8559798002659997,,0.1203612367185552,0.4285714285714285,1,3
0.32791443258227487,-0.8720187147385724,-0.36339439463196616,0.92767820627376196,0.36993492925626525,-0.050609225649657294,0.17856447157522817,-0.32051756466978626,0.9302597595452623,-18.495953546004387,11.014253009380408,-3.1661713915833278,,0.2410318660099917,0.391304347826087,0,2
0.51892687090841927,-0.83246827325833095,-0.19419443006298845,0.85014710863442755,0.5263149829876399,0.015570239665547044,0.089245707626299908,-0.1731736489798967,0.98083948277445887,0.94334634176261356,-2.9448478767198707,-1.3143726266907376,0.6557993626186399,0.467491029488345,0.9624478442280946,1,5
0.98865172440989157,0.059371501866246061,-0.13799562524766179,-0.055406953038438428,0.99793806566348153,0.032398868110227734,0.13963465678814502,-0.024385279698498182,0.98990278348819816,-5.3496102634221874,-5.0746342293256426,-1.6760485439134025,,0.09995012938790879,0.287037037037037,0,5
0.98434836330401154,-0.091965307986846101,-0.15033523135845278,0.10914245088700679,0.9878868981218315,0.11030594695484232,0.13836988500064692,-0.12498743395282479,0.98246217040596395,-8.7836638493178327,-21.731895752150287,-1.9219269171540199,,0.3944961310099478,0.6756756756756757,1,5
0.92868212260759464,-0.33780636596780045,-0.15308943223057966,0.34521180166167409,0.93822108695901085,0.023874756102480344,0.13556668891196585,-0.075020337889671232,0.98792389472082609,-8.3605497799766262,0.20668748421086081,-1.998605316583193,0.2469546643334031,0.1901176783357792,0.7404255319148936,1,5
-0.16912675462756754,-0.95435808314639525,-0.24616415255329965,0.98559407313416514,-0.16359402348820065,-0.042910587058990958,0.00068108145754759491,-0.24987525810307751,0.96827779666579583,-10.149948728833241,21.951499501429428,-2.8682487229733566,,0.7210176667689971,0.7297297297297297,0,1
-0.31337535997753935,-0.92064391209092356,-0.23283185110475599,0.9479496279241777,-0.31784929917213295,-0.019061110518449623,-0.056456945342094174,-0.22668614899394185,0.97233019246392638,-11.242888262325526,-7.7571168150182377,-2.091552200712322,1.100916850297114,0.4677973008790763,0.1710526315789474,1,5
-0.92503770912323102,-0.3323156877191234,-0.18404217015621957,0.3542463068592368,-0.92956737110357601,-0.10204928542707896,-0.13716701781636922,-0.15959569629332787,0.97760647652724342,14.246046444924245,-7.3103783247634526,0.055360560970992928,0.6578941666205673,0.3860462226268618,0.6222222222222222,1,5
0.98241532504273499,-0.12487210889944204,-0.13880592761184105,0.1271481875727353,0.99185448057995407,0.0076175947935076312,0.1367240561062546,-0.025132563985305549,0.990290304258998,2.2601422202678028,-10.831851383756497,-0.88370941903481925,,0.07424196437459638,0.3333333333333333,0,5
-0.91725411240434018,0.38660435077686572,-0.095822592522435607,-0.36672116700723489,-0.91360607359913693,-0.17561186734277406,-0.15543641447927894,-0.12594053455167883,0.97978492681335927,-15.082608921525329,11.378371425148558,-2.891303549666163,0.9896393391836757,0.5574460952292983,0.2105263157894737,1,4
0.50946757070151338,0.85401556693486924,-0.10535751438038082,-0.85933118161962407,0.51130530207338742,-0.010807791997551188,0.044639833105859089,0.096043216858638841,0.99437567638982682,7.2223514624548821,-11.725648932338141,-0.37728975082033278,0.1635960852057621,0.09058143937286757,0.36,1,5
0.8003635843151502,-0.57313298177972583,-0.17588836828649809,0.58607981052750513,0.80975901529368011,0.028298283387047374,0.12620851236842071,-0.12573353708096593,0.98400329728048186,16.521125648757437,3.2799789203254544,-0.18742250487541892,0.3642276087594974,0.42016837680039,0.6153846153846154,1,5
0.75840376695834233,-0.62498601648012031,-0.18497622946667694,0.63986574777796235,0.76794843436331395,0.028758076769581718,0.12407880997151323,-0.14017018714137106,0.9823221302367201,-4.3537560809822233,7.6557033414178068,-1.8955621019265367,,0.08726277000635654,0.2888888888888889,0,5
-0.81644274400050165,0.57400641285715603,0.062752559850508038,-0.5641082780616351,-0.76968149158527932,-0.298951922779226,-0.12330083694471944,-0.27947636663932712,0.95220263814947093,5.659962442542013,-2.1931559042988016,-0.92048374129484734,,0.4751546878197991,0.3015873015873016,0,1
-0.63469156906609203,-0.75444490700909406,-0.16727072201811632,0.77035047001337453,-0.63480758966695128,-0.059828734328987623,-0.06104723995886624,-0.16682987259263596,0.98409401385443329,-18.338542093005003,0.066930832629098269,-2.895507010537,,0.2595832892926823,0.6071428571428571,0,4
-0.50602911327620403,-0.82683036458850068,-0.2455322478033144,0.86179196398130586,-0.49634995794756742,-0.10464860277468421,-0.035343278486077448,-0.26455295772282994,0.96372329287299086,7.911424959042078,14.58502488503782,-1.3906065307742188,,0.2789527946954281,0.3125,0,5
0.70214573076923692,0.71127135932233931,-0.032930626630642647,-0.70727608808094489,0.7020454947979663,0.08302203600728264,0.082169994471524677,-0.035002523360908262,0.9960034715636884,6.6088086393877123,19.23411177554129,-1.7060096186630429,,0.2093341279228227,0.2666666666666667,0,5
0.98033854728857917,-0.13512434736579887,-0.14379757803622453,0.15332520658123092,0.9803563944502065,0.12406740461302673,0.12420834805656168,-0.14367585256248391,0.9817991320344005,-2.0282408569556294,4.81121513379001,-1.6202904553530064,0.3116832681988561,0.1454998653775842,0.209016393442623,1,5
0.37332754567162274,-0.9092400044111445,-0.18414439448765341,0.92505775587354688,0.37982647071283182,-2.1072059483774081e-05,0.069962075019254819,-0.17033633354119243,0.98289920212336324,-4.8562945244062776,-6.6457746264388335,-1.6172630161266079,0.2321957308724338,0.1642724256940887,0.628099173553719,1,5
-0.17383637200788465,0.97909394872387656,-0.10562175599478839,-0.98371941033274957,-0.17761208481182353,-0.027387388765344054,-0.045574526895216759,0.099141247223765924,0.99402916234745997,-3.4614487884444989,-7.5715632135874547,-1.5259563751598355,0.2149278831044852,0.1984565566564083,0.693069306930693,1,5
-0.43466045742962439,0.89608056081034237,-0.090055068068891325,-0.89704867508348007,-0.43964368383235675,-0.044912200984677741,-0.079837092119157821,0.061262221671580346,0.99492360456359652,-7.0529505498832927,-17.982181582002134,-1.7438757428661833,,0.06116258401580101,0.391304347826087,0,1
-0.55685320405666938,-0.81462206510898116,-0.16218939598321655,0.82889772457315192,-0.5575425087940411,-0.045551213870744012,-0.05332045882466635,-0.1598037606729765,0.98570770857567203,-10.131426131723902,-0.23379913000182528,-2.1278468965938027,0.2232075792719057,0.2059906514959472,0.8094861660079051,1,5
0.99058413057769379,0.038735783439992032,-0.13131115462490184,-0.034447378554371126,0.99880132565263957,0.034774847019959788,0.13250078625565473,-0.029924086549463623,0.99073108898722539,-16.694213115500851,4.2314162276394924,-2.7887473701027812,,0.08869250394839717,0.631578947368421,0,1
0.95504478221672695,-0.24332030972469584,-0.16936555386524771,0.2675470454108832,0.95348791925304399,0.13885015783356802,0.12770294613872779,-0.17792137227994306,0.97572329214460729,2.3268142394413984,-15.997291932633704,-0.84027840602601422,,0.3506848298227192,0.28,0,5
0.78635377478639157,-0.58353665249851461,-0.20281202151258418,0.6084292246823475,0.78842463043472055,0.090556505433414647,0.10705895306619938,-0.19460621088419117,0.97502143733031199,16.627093824071608,9.7273816537717632,-0.36554819241690778,0.5997324987131887,0.3705408700749153,0.6666666666666666,1,5
0.95543830504408567,0.27114406976864303,-0.11669849477942157,-0.26895869643688231,0.96253765590151863,0.034387215394432138,0.12165058514227726,-0.0014677877596226076,0.99257190204721957,-1.1627127614932602,6.9536557315528444,-1.5662563952775319,,0.08580563210055717,0.3974358974358974,1,5
-0.9383799298397566,0.33853520612141963,-0.069548698695681657,-0.31576269016162384,-0.9216153006631651,-0.22565274446688885,-0.14048854321911475,-0.18978712232359887,0.97172208857486575,-15.196243302333063,17.730777812190716,-3.1135510862463929,,0.466235550170336,0.1666666666666667,0,2
0.85198769994859447,-0.49967053811882423,-0.15635316585329945,0.50835914406672023,0.86094141739679664,0.018731162658699247,0.12525150609895255,-0.095442281756253453,0.98752358507182236,3.9361848872773035,-10.76981265099762,-0.72124904396658007,,0.07892882856974061,0.1875,0,4
0.31419635373713151,-0.91600240828659307,-0.24943985108930114,0.94714285005527354,0.32038821543352131,0.016486752272555461,0.064815683962019213,-0.24143524892708804,0.96824994071161741,-20.644633531218897,14.443600838057217,-3.4522608303185836,,0.2473619489920707,0.4375,0,1
-0.50663767477201926,-0.81673124916481599,-0.27616721952339246,0.8618012825950655,-0.48897068309575298,-0.13493042796335103,-0.024835776998157082,-0.30636210227531813,0.95159100798102647,17.855500125327204,6.6485894161124843,-0.099062776676547892,0.8240300491385881,0.7476743428978825,0.5192307692307693,1,3
-0.54636182445457215,-0.77862621939169896,-0.30859353080461893,0.83585574547110686,-0.53031589541079882,-0.14181052089877885,-0.053234664849247749,-0.33541953066336572,0.94056355920690249,-12.89859017775928,7.4218526253668404,-2.523731051280274,,0.0784657240658708,0.3125,0,5
0.034169677914769631,-0.95281945432300208,-0.30160822365249973,0.99901614081010459,0.041099903125679099,-0.016659782830025005,0.028269833959270046,-0.30074222421647945,0.95328638459868864,-13.43898593051593,4.2819290782792105,-2.5324206388382109,,0.131853830956847,0.3157894736842105,0,3
0.82819094547314898,0.56041936144306514,-0.0054678291888011297,-0.55215132332833183,0.81756703490727156,0.1634413031632557,0.096065987649441728,-0.13234153827381048,0.98653790766714,-9.5505322323907347,-9.0736371254103574,-1.9906200638347784,,0.3152169387027591,0.552,0,3
-0.63235205859999999,-0.74666496890919809,-0.20645168487607285,0.77180017337904616,-0.63017880659002445,-0.084847887992851298,-0.066748530743509935,-0.21299318282189084,0.97477101809347211,-7.7628018793285278,-15.986253668696286,-1.8391049907246591,,0.1159039324048843,0.2083333333333333,0,1
0.40526946103534311,0.91328224745185682,0.040892547504482755,-0.91407345013956076,0.40407278514092565,0.034567500031286141,0.015046318555721208,-0.051387944089437053,0.99856541473264482,-1.7086381626306433,11.212851830670603,-1.8621028870904732,0.6185978980823656,0.4571918937977661,0.6481481481481481,1,3
-0.26486946988360249,-0.94913372072391544,-0.17026257400954559,0.96408974060613617,-0.26420185031100402,-0.026988040874344862,-0.019368427441920157,-0.17129670889138052,0.98502908664739897,13.296960848701152,-7.4791451910929254,-0.050178950065382408,,0.09366681317526292,0.3428571428571429,0,5
-0.082557264730587041,0.99620399714358043,-0.027602429519099449,-0.99613675592634121,-0.083320201436588193,-0.027736393513060606,-0.029930946071728845,0.025205953814911718,0.99923410588286665,15.662668592078175,7.0266039394190249,-0.3666795157474857,0.5709641285146503,0.3801570291629899,0.8529411764705882,1,6
0.51364357001966887,-0.79592196773826296,-0.32043486740537563,0.85426280475350758,0.50923731730638955,0.10446250560493715,0.080033389232991206,-0.32739208288265415,0.94149300617351239,-7.271776154235849,1.7154913237435261,-2.003830340204801,,0.4468186672799092,0.8034557235421166,0,5
0.98489913799589157,0.1334599664399172,-0.11028202633614961,-0.11595263050505367,0.98151534945963204,0.15225835364306023,0.12856389638584206,-0.13717163020461948,0.98216865578835211,-2.9802257788210178,12.091394126265589,-1.9433320342813249,,0.1011339501855367,0.2,0,5
-0.39960585255190662,-0.8697803265022187,-0.28947771284842994,0.91612867573229784,-0.3899475489813059,-0.093000852385654448,-0.031990812856980404,-0.3023625186314699,0.95265602145768447,-16.364511445637298,18.71490828025442,-3.182044071958007,,0.3103842322783369,0.2,0,1
0.98743744367031183,-0.082190742376540574,-0.13495175695570785,0.084886904400391164,0.99628742961770655,0.014337749023518439,0.13327230882354416,-0.025613267135133583,0.99074843035328897,8.7337922486952877,12.466835896195716,-1.2530474378058774,0.4445451815145584,0.07875534847798618,0.5,1,5
0.33830946496365394,0.9398709962158962,0.046789062697863641,-0.94088522519444984,0.33695048136161487,0.034631865687032498,0.016783888905582425,-0.055739425744389816,0.99830427099701924,-2.0382847142739333,-5.0650284878360425,-1.4048246979089858,,0.4763810393206251,0.4932614555256065,0,2
-0.3536727130892543,0.92824560611653428,-0.11522025317379239,-0.93239551949274013,-0.35967798893907199,-0.035641822380553453,-0.074526553965335113,0.0948253077932876,0.99270033431844829,-9.0114772590303698,5.9317278207538902,-2.1989514617396226,0.4696626267776609,0.3981174542415646,0.9736379613356766,1,5
0.94533940239640013,-0.28827747666105147,-0.15241230503720457,0.29705543233685527,0.95410947353242159,0.037857398680426896,0.13450458875436525,-0.081062993811120518,0.98759166999240999,-8.4205132962937554,2.6219259308216447,-2.1271205763257051,0.08227263392830497,0.07399412886252923,0.2878787878787879,1,5
0.31864480622711139,-0.9125951686923518,-0.25619435111622341,0.94649595847099077,0.32090915035427131,0.034098648315998112,0.051096849830151662,-0.2533522750998613,0.96602367291860791,10.574156036513786,-19.712138255461831,0.067298745154165188,0.5460391374969383,0.5004280222704671,0.6984126984126984,1,5
0.98150540024870681,0.15714586078273537,-0.10932670177719746,-0.14522809476730417,0.98331027587884046,0.1095887851987533,0.12472349326765206,-0.091684675872976268,0.98794633985717184,5.1105330738272947,9.9081810636791303,-1.2943822182560907,0.2813716799832735,0.3250665732401931,0.5526315789473685,1,5
0.14019478735861829,-0.90270834579651804,-0.40677151329313216,0.98875239457208131,0.14925682240445937,0.0095447993010899738,0.052097253530739511,-0.40353443892069074,0.91348006698532636,-21.881043142911089,-6.2678748946338052,-3.168686414727429,,0.5348691245087357,0.2377049180327869,0,4
-0.98274103150010417,0.12568871647812699,-0.13572918461478278,-0.11273416582622615,-0.98865366071996486,-0.099272085706297933,-0.14666653627047205,-0.082257435500352499,0.98575993093822234,5.8795851531547401,15.578778067997247,-1.5737604446662703,0.2689209762737939,0.1133454220669824,0.4666666666666667,1,5
0.96243351737794458,0.26275293118386472,-0.068429684945967406,-0.24165971790576515,0.94384525591357415,0.22529250682422813,0.12378330004173871,-0.20029236142131371,0.97188510873819345,5.8562783247963539,16.684811286843349,-1.6833005154740845,,0.4571271154988503,0.2666666666666667,0,1
-0.39892381500258861,-0.90348860510779405,-0.15674224147993374,0.91642932001142652,-0.39875984412813459,-0.033880497846117311,-0.031891868041486672,-0.15715892323148248,0.98705824630644068,-22.850560971259227,8.4663156855313204,-3.4708661894504891,,0.4387305734882821,1,1,1
0.35437326897607219,0.93166571792478148,-0.0801160176176723,-0.93477288408326475,0.35522518735647246,-0.0038368542082475119,0.024884561837992456,0.076249959418098381,0.99677816101220384,5.7185444896035573,8.9338053955673953,-1.1692935331098824,0.1538734406623072,0.1489774869214839,0.3728813559322034,1,5
-0.86556718141579292,0.4888534585677034,-0.10870027829916139,-0.48439646368987099,-0.87235438529420173,-0.066014334979026215,-0.12709650042651746,-0.0044858114506150983,0.99188021306756702,-9.128271519171177,0.92695986970499722,-2.1090688253670056,,0.06940288001160874,0.2428571428571429,0,5
-0.14346816675247256,-0.93318889414222594,-0.32950777377520951,0.98953745654519587,-0.13013635953074545,-0.062290850228178603,0.015248187523426779,-0.33499703846108014,0.94209578971543884,8.0458592903487833,17.026727931290061,-1.4696817101355466,,0.3515031531307925,0.1428571428571428,0,4
-0.64952668952858228,-0.7107366306701498,-0.27012686170332051,0.75682715343830864,-0.63845496022839254,-0.13995686327661519,-0.072991365301029607,-0.2953450618910119,0.95259831776467407,16.695461764540056,8.1629891218584376,-0.31760475866186028,,0.2360748429938596,0.4285714285714285,0,5
0.92361653614747274,0.37828850322620616,-0.061889437562656864,-0.3656141488348737,0.91790169044999592,0.15421666849206497,0.11514681205615745,-0.11980941113250429,0.98609680897840235,5.780956446267437,-12.374834863731889,-0.50509820959262075,,0.2273217553787135,0.3125,0,5
0.92782075685631782,-0.34375622803092437,-0.1448457760396262,0.34763414326472963,0.93762895633392862,0.0015629077854062998,0.13527433453234119,-0.051803435543402658,0.98945300973959027,-3.7109342973339094,0.69067608647481904,-1.6542529730675795,0.2675060044888687,0.2146739273100258,0.7811284046692607,1,5
0.67723367405072654,0.73560939992933083,0.015276173191051831,-0.72999091441766839,0.66917466914127233,0.13899110420211522,0.092020734616766284,-0.10528092379570457,0.99017579827286861,0.65373796757246272,-6.8460050090518223,-1.2236197953776624,,0.7170514784202103,0.3583333333333333,0,3
0.040822135625585412,0.99557823869233009,0.084602150594675476,-0.99874268520272624,0.043124014638677551,-0.025561066399722356,-0.02909642584604168,-0.083452321739547586,0.99608689781527848,13.143268893262542,11.20684246599232,-0.6283589084646336,,0.2681827017172348,0.525,0,2
0.84679707618075339,-0.45404849376128009,-0.27708243734462851,0.51816795702577179,0.8218186529663376,0.23688830690503018,0.12015273647930348,-0.34417156615517619,0.93118701288561156,12.486210514562604,4.0393118635622445,-0.60827518996902852,,0.301086470286516,0.2608695652173913,0,2
-0.86798160462320295,-0.4429136411293555,-0.22457836168532941,0.48391620811678066,-0.85592728566340992,-0.18224594694737142,-0.11150353159253196,-0.26686323867929801,0.95726222858942345,10.700733554163506,8.1722621140054681,-0.83663783700876371,,0.4384178582450881,0.1666666666666667,0,5
-0.43325689486462349,-0.88479769375055273,-0.17152697801211433,0.89955346072919795,-0.4362698831702706,-0.021729250532918829,-0.055606063899440131,-0.16371203429284631,0.98493976236382608,-13.895839704174174,15.97481116474242,-2.9122999943800347,0.3106816209604318,0.2916131802952068,0.8651685393258427,1,5
-0.65834204946509511,-0.68320744195488148,-0.3159324883002162,0.75088605659585383,-0.6253634290829172,-0.21234573594867276,-0.052496437174602478,-0.37702542728988814,0.92471398348940903,14.446286029381749,-16.287901616662101,0.50892310532872431,,0.2886249555387241,0.4,0,4
-0.88730348419519389,-0.42450290007860342,-0.18024931278627654,0.44224071995010628,-0.8940470596557224,-0.07143529057104045,-0.13082688008617072,-0.14309836807529508,0.98102353921866048,2.7084424923791017,-13.576265855090725,-0.8354940413417361,0.1020508817150808,0.1329395403445107,0.4333333333333333,1,5
-0.89720781640882175,0.42676796664892996,-0.11352196623232384,-0.42217099076530024,-0.90431970120914495,-0.063067682383676701,-0.12957541715603194,-0.0086591366394985492,0.991531759764406,-17.246872627696526,8.1437234265884069,-2.8338449859574815,,0.07813504256682723,0.2972972972972973,0,2
-0.98852947848315609,-0.059535641352206216,-0.13879833420686619,0.066578546879242348,-0.99668960101669424,-0.046659793405358502,-0.13556093561667379,-0.05536557264188343,0.98922084799137167,6.1210464804402038,6.8433237789646038,-1.1369827321773602,0.1096821896052893,0.1007788289461822,0.3928571428571428,1,5
0.48992751580056126,-0.78552422903088948,-0.37805120667300879,0.86745398828004305,0.48234474573915631,0.12193081839664605,0.086571401042942822,-0.38767928995918244,0.9177200884028891,21.269093998222651,-2.1775202232679054,0.61035332735422443,,0.3646581327679349,0.2173913043478261,0,1
0.44055467652878572,0.89756413427180981,0.017035312075630551,-0.89721477422559215,0.43958444248431389,0.042085233004880061,0.030285737566340207,-0.033825179890902959,0.99896878394943411,-1.3124524862098708,-11.228780712503449,-1.2358786348926138,0.7683145032967171,0.6699600451022104,0.4096385542168675,1,3
0.98209653382067696,-0.089205072908814756,-0.16591821245645952,0.12504158239796528,0.96745386162129043,0.21999460971911872,0.14089358015476311,-0.23680261949857642,0.96128742760414154,-7.7507204059129959,-6.7445579719176507,-1.8523113129579081,0.545098127686878,0.2896552731292575,0.2021276595744681,1,7
