axis_00,axis_01,axis_02,axis_10,axis_11,axis_12,axis_20,axis_21,axis_22,location_x,location_y,location_z,dbh,dbh_approximation,score,reconstructed,number_clusters
-0.043158164743856635,0.99552556200822773,0.084060860120174608,-0.99874499008188511,-0.045131431402758326,0.021716323028358693,0.02541294162972953,-0.08301812626010989,0.99622395730577729,3.4583912248424209,-12.36585650181155,-1.2575766875665848,,0.521232668930444,0.4090909090909091,0,4
0.15232533540522303,-0.90066350819797603,-0.40694254778064148,0.98833033079303079,0.13865271644863408,0.063075997462997371,-0.00038655946979585215,-0.41180173533137027,0.91127338452840123,-14.022048076260049,-6.542920797525837,-3.281387512214065,,0.3240811854535141,0.1052631578947368,0,1
0.3827351108862817,0.91448379006332214,0.13127540746951472,-0.9215056278745628,0.36775287838371012,0.12484069142712838,0.065887879692497625,-0.1687519426611663,0.9834538978303502,-19.141716982747496,15.530770391347996,-4.3658670051583002,,0.3445024304963537,0.55,0,2
0.87049159551515309,-0.44547896860081132,-0.20926746204759417,0.4785199777552212,0.86550417225339715,0.14805795723670173,0.11516515543612325,-0.229021868707597,0.96658469397516045,0.67301020882278806,8.3700222986889141,-1.7254327985807769,0.6238622979901438,0.3974273986046628,0.9235294117647059,1,6
0.18069459521738804,0.98300576074925006,0.032390393529770765,-0.98168466689794431,0.17823459782317466,0.067287762009773447,0.060371168919418752,-0.043955687602406236,0.99720771130727992,-16.798962000144684,10.309903273136864,-3.9086709642649828,,0.2562510760995304,0.4666666666666667,0,2
-0.26166898996017052,-0.93669721034999565,-0.23265355319822917,0.96434224902544374,-0.26364504626209007,-0.023136903984979716,-0.03966568337712055,-0.23041186103149605,0.97228442744817689,-2.1882898775327888,20.648352730305572,-2.4709265368471005,0.6159101102179415,0.5567003512751576,0.6756756756756757,1,3
0.78148231693936476,0.62059209216453781,-0.064427039773092956,-0.6162059972029349,0.78388031816346648,0.076300824419390248,0.097854776695970869,-0.019927416761436861,0.99500117625005724,-10.529022950378586,8.2813086304154417,-3.0205922159574765,,0.1158344618001945,0.108695652173913,0,4
-0.97176094012750025,0.22641471887041106,-0.066460893172989241,-0.22207576106577218,-0.97273999673456146,-0.066777654195884412,-0.079768612809656234,-0.050132562588399147,0.99555195473603741,22.475777399595142,8.7279150589840366,0.5017852664595619,0.6795321476713251,0.5099484271174933,0.6941176470588235,1,6
-0.95153533979386951,-0.23531365185437358,-0.19801005624544218,0.28442177157011128,-0.91824691452195029,-0.27554828946635895,-0.11698184893514026,-0.31851230623301757,0.94067271555937015,22.229699589365158,-0.54607848595236408,0.6367637937664371,,0.3865380738187146,0.2,0,4
0.1039076164009099,-0.98500907422572725,-0.13769651755529674,0.99452540758067354,0.10136045943284297,0.025402183765522841,-0.011064399232482064,-0.13958216561057427,0.99014867475197155,-4.6112621004785614,15.682781687434417,-2.6317570319002765,0.1953142732861024,0.2002825519519154,0.4324324324324325,1,5
0.99142512785217829,0.10508293940027215,-0.077677485221213816,-0.090979396306267529,0.98176136250473878,0.16693524654963318,0.093802800123665139,-0.15843674744148986,0.9829032667303137,-12.32648991124265,14.946298317361522,-3.5095535562752369,0.6144975955128184,0.4241852316064673,0.527027027027027,1,4
0.89490190708763206,-0.41758457813479899,-0.1573966225650994,0.43948932978437083,0.88590021369979155,0.14842486440063629,0.077457767180592565,-0.20199983037281183,0.97631775710203683,4.8555626021680443,-15.160700615440925,-1.1705482499494919,,0.08914423586084146,0.391304347826087,0,2
-0.28680237099181638,-0.93000375844934491,-0.22986389290962034,0.95710853410278296,-0.28845723540476204,-0.027123371661051845,-0.041081065481488661,-0.22778374088756773,0.97284475300336137,-43.628253512989332,-6.3262094106918063,-7.4448291226447934,,0.1457939286827316,0.6666666666666666,0,1
-0.4411350205838161,0.89704756172416888,-0.026562485185662864,-0.89640036120650968,-0.44185535120849434,-0.035074792048644388,-0.043200532905900237,0.0083379022026189523,0.9990316277993927,-17.476992137223622,6.1919641728241235,-3.8340501859674601,,0.1166161473385825,0.3809523809523809,0,2
0.48193989441943774,-0.8660267178333545,-0.13316028749507031,0.87557093404632746,0.4817748807409909,0.035616060144921559,0.03330882195791178,-0.13375607756581598,0.99045435740067522,-22.974173393072988,-3.3852185881571781,-4.5962047558381416,0.4720435040753584,0.3777297047876234,0.9461883408071748,1,5
0.10702009330563432,-0.98546747500621912,-0.13191116455296575,0.994252696678119,0.10568972446859971,0.017066261747639012,-0.0028765912363059669,-0.13297946400334801,0.99111461868758699,-0.2567539125760962,3.7907880712959767,-1.7712895835089117,,0.08209960993405913,0.3771929824561404,0,5
-0.95927584626449902,-0.26371240231737042,-0.10122064827657765,0.27030948638195829,-0.96102741351764165,-0.057957674552324305,-0.081991660218896589,-0.082958298750593892,0.99317434940847926,-22.742308779066921,-8.0854138643111604,-4.4736773747433443,0.1071498046593832,0.1535285124180546,0.3448275862068966,1,5
0.046154830581880066,-0.96928896677479159,-0.24155461184298757,0.99843647257179324,0.037129529175596677,0.041785264168060145,-0.031533186523946592,-0.2431055263704569,0.96948716401806501,-5.8048446062500467,16.791461169035657,-2.7479467098950559,,0.1737476430492688,0.5,0,5
-0.99226617178353438,0.10544531019001771,-0.065491456641150775,-0.086501544141551812,-0.96580493039540682,-0.24441423707519513,-0.089024306766050915,-0.23685886722445804,0.96745674312703511,30.939251383520396,3.976562002171439,1.3106627207644985,,0.4731658745376404,0.3461538461538461,0,5
0.95814201824285306,-0.26797623903542972,-0.10076015179592769,0.27332304304673016,0.9609430075292098,0.043394128870067258,0.085196167855059055,-0.069117809522170115,0.99396395376777591,4.4129944824715404,7.4009858103023687,-1.3311696104508881,,0.07010838176043931,0.4090909090909091,0,5
0.20372095723479913,0.97676757432670236,-0.066504716579097636,-0.97827738568543132,0.20575560906129886,0.025258384673023559,0.038355289593661294,0.059914397966957071,0.99746635866902411,-2.7709805152228153,14.839239196929,-2.3700662205600223,,0.08165389207253584,0.3428571428571429,1,5
0.75190058624415568,0.65870162117483466,0.027526036171947189,-0.65721055496162628,0.7455880332469631,0.11033028199889713,0.05215165244482331,-0.10104780522391303,0.99351373730145476,-16.503462159798627,3.1817945891849466,-3.7543057707071581,0.5611949375854498,0.3089299978844213,0.2592592592592592,1,3
0.99278864312247683,-0.06658033229196296,-0.09968836160215476,0.077239067284799401,0.99123402807909666,0.10718781676600019,0.091677895765579123,-0.11411468323567833,0.9892284885192173,7.962817394051112,20.098972226156633,-1.370462602201107,0.2150146649801406,0.2103494863221761,0.7368421052631579,1,3
-0.97913544930013896,-0.16317349321072538,-0.12111227451098353,0.1827834374749043,-0.96762526946918481,-0.1740446864157138,-0.088791817802499048,-0.19255064008747366,0.97726161496972319,21.548309270197496,7.5816208899192823,0.40885938796824001,,0.2228441893780052,0.2142857142857143,0,5
0.92628737366547431,-0.35411732016371589,-0.12881236333514509,0.36815966147865553,0.92334247047010609,0.10907403855217811,0.080312919557434664,-0.1484574207853164,0.98565218468074822,-2.7662942200838803,-6.6470163454148832,-1.8654676074446874,0.4374745126464116,0.3103555808550693,0.8151382823871907,1,5
0.98082300504920228,0.18845303227465152,-0.049716067752214571,-0.17062522487312123,0.9535392135241797,0.24829418218856172,0.094198011673550644,-0.23504983067039018,0.96740803785092233,2.814070339424469,-23.972297907819378,-1.2884105061900375,,0.4002696744842072,0.4166666666666667,0,2
0.56989138330283895,0.81878569214930397,-0.069381565049809038,-0.81924065240125388,0.57269707978082807,0.029373598071714854,0.063785301522713736,0.04010043817835441,0.99715765562300096,3.4203041842217705,-6.5113021945695975,-1.2616341544009697,,0.07094515397030662,0.3548387096774194,0,5
-0.56138244924595282,-0.7834775172649644,-0.26648213001802418,0.82742955966432608,-0.53703912972023371,-0.16416241026201289,-0.014493773570559542,-0.3126530874462331,0.94975679910070854,-2.7565513790107241,1.7472689992802355,-1.9721571989052296,0.8784423714427685,0.6978102163832596,0.4099216710182768,1,5
-0.30834812245161297,-0.92167131664973601,-0.23546426362763978,0.94951579276652642,-0.31324132149499218,-0.017309933420581451,-0.057803067976700533,-0.22891452241658344,0.97172884425608552,0.61122461064182276,-17.897140337318376,-1.5560072165683012,,0.2300147043598032,0.375,1,5
0.89247792831397321,0.44496642081300908,-0.074081251482811403,-0.44162224977950543,0.89535298507403782,0.05755710745597311,0.091939849750189762,-0.018652519075731126,0.99558984906438386,-1.8777034287766641,12.541655087977036,-2.1614521270329479,,0.0925230401233313,0.2978723404255319,0,5
0.99223326721583882,-0.084261059132189564,-0.091505285880663562,0.09156137829175727,0.99268080371718914,0.078748561489767152,0.084200103536124157,-0.086515292551753942,0.99268597588521867,20.475581548082875,10.068286930803058,0.28189033334157165,0.3019602415904807,0.1766707798853773,0.3181818181818182,1,4
-0.77744808505033935,0.62422630956403424,0.076915469832985153,-0.62654393605449132,-0.75798399923564352,-0.18139171176238245,-0.054928783391840312,-0.18921356016630619,0.9803984176875673,6.6634918050090173,8.2396392681638915,-1.0922060255499673,,0.5889249211096034,0.4102564102564102,0,5
0.82954419523872291,-0.51854414797282,-0.20728819249750083,0.55035106642251508,0.82207331540856043,0.14597660011377467,0.094710779921502133,-0.2351753190628614,0.96732747168181943,-30.771357886292645,-2.3263054898816429,-5.6503906704049038,,0.2532307515984236,0.3142857142857143,0,5
-0.21537444905510925,0.97642145856761908,-0.014662262543382779,-0.97623891705885935,-0.21565318258438149,-0.021243390995143573,-0.023904466401768593,0.0097385876753433454,0.99966681269117663,-15.631797394575912,-9.5695347359534804,-3.4262532437871562,,0.1602680014199633,0.2,1,4
0.38459620066735889,0.91930134283056619,-0.083491337886929889,-0.92174479269382381,0.38733575603975767,0.018908972339297177,0.049722224146266793,0.069685387012100308,0.99632908582602431,-13.796337344095754,8.1357380939924955,-3.3771316666110613,,0.07162197047601987,0.5128205128205128,0,1
0.96010729321714905,0.27733189759262167,-0.035791117458311698,-0.2586778178392386,0.9294700035209712,0.26300437090028611,0.10620627132692652,-0.24325404648720897,0.96413053929352821,10.075685850570007,5.7117307225186718,-0.75457862028031608,,0.3658761615452134,0.3064516129032258,0,2
0.30668819013377857,-0.92854605124897305,-0.20915206129131955,0.95169065022446686,0.30263499053274229,0.05193234811347909,0.015075155315943918,-0.2149750990584435,0.97650317279413579,-30.137298920235668,-10.156341076718586,-5.5302961249045817,,0.1494618087736687,0.3636363636363636,0,3
-0.014009595762283843,0.99335435687277518,0.11424032960584431,-0.99978672850117645,-0.012182514355619747,-0.016675846511914293,-0.015173290331737834,-0.11444958726814908,0.99331317480171288,16.254742169997726,-7.1071100128767943,0.021848949210264524,,0.250443198800865,0.5,0,2
0.66596638413015607,0.74362972682602513,0.059191254330821938,-0.74490164742830445,0.65863711963275495,0.1063892865868796,0.040128678861914562,-0.11494335136282824,0.99256118960509332,0.42982787895073715,-11.697816885365292,-1.5476080785973365,,0.1908223120619923,0.1515151515151515,0,5
0.83342800193775346,-0.53264255794457283,-0.14727413572078649,0.54811398528697808,0.83071882217204174,0.097351413045316595,0.070489890898401131,-0.16185840711979091,0.98429316330337979,-7.3505588134449207,10.865014005006728,-2.6658826701173068,0.2334343623130754,0.09743741561918944,0.375,1,3
-0.32643679956933502,-0.93527384587281248,-0.13675470417213814,0.94408416851173527,-0.32970197457732109,0.0013002789397269833,-0.046304412882957231,-0.12868349228278944,0.9906040885043178,-1.8874014892511941,-4.2748900547265691,-1.7208538412277703,,0.1342447978049121,0.2572463768115942,0,5
-0.038534512104373586,-0.99248739495952132,-0.11612003368643933,0.99909752574388044,-0.040345113998186889,0.013281785607665275,-0.017866880794715278,-0.11550343121715141,0.99314637991976329,-14.764717833901074,19.007992053481161,-3.9609844522256306,,0.07721177430749729,0.391304347826087,0,2
0.995478436827688,0.032955400017618958,-0.089087728788996637,-0.016482325781423567,0.98358813490434194,0.17967390965922952,0.093546858567982477,-0.1773931297572616,0.97968396065618291,3.6104244394010698,-8.0767485848361922,-1.2185589290985739,0.8587646658775807,0.6894939332518364,0.2647058823529412,1,1
0.99095717858455856,-0.064246822537741291,-0.1177973514368416,0.091367716205183497,0.96602787200306439,0.24174799057836951,0.098263984486585132,-0.25032478164783123,0.96316233992291533,-17.128284250451649,20.723919840211561,-4.1835577624586069,,0.4920763656556156,0.5151515151515151,0,2
0.77841796743699332,0.62418906930238161,-0.066734351983726667,-0.62164557372270957,0.78126972137762785,0.056341841729643863,0.087305490332651101,-0.0023723873949091675,0.99617876063276178,-14.918555870669527,10.448599145221543,-3.6470122056323167,,0.08210616714925915,0.25,0,3
0.85297333908830331,-0.49985836699695141,-0.15026009366325935,0.51973666331344059,0.83990323260289723,0.15632133786215696,0.048065409728429098,-0.21143361323674237,0.97620978461665397,-1.773658344775233,8.5265920853713268,-2.0535189845340005,,0.1901415635728211,0.21875,0,2
0.6863238002164056,-0.71107262427614337,-0.15275917079361209,0.72571033865582313,0.68341363906004216,0.079311426129924478,0.04800151689856804,-0.16529222895148732,0.98507580085173507,16.477857092929682,12.400654463859441,-0.1285745478646462,,0.143998733539024,0.35,0,5
-0.55025764348391026,0.83405312451922242,-0.039647336193710185,-0.83380702163077558,-0.55138691940688211,-0.027171966918202582,-0.044523886473998638,0.018106644822038605,0.99884421855789873,3.9168224622267385,-16.824566697027603,-1.2243419152151276,0.3471462262419849,0.1580989559215648,0.32,1,5
0.69075828012515061,-0.67669511800716564,-0.25482683474039936,0.72034637922500055,0.67463973010877409,0.16112829824767344,0.062881574216733058,-0.29486429391166974,0.95346785776972942,-20.159438995122162,11.379127358430216,-4.385120341849218,,0.1547064835252754,0.25,0,2
0.99027345384292043,0.10288883734064952,-0.093660951119999572,-0.09653941142063667,0.99286600927231372,0.069980209161070089,0.10019295712060115,-0.060257570332361086,0.99314168000395098,5.6946287192101277,-5.5848404992571083,-1.0208252730981422,,0.1919379108371045,0.3404255319148936,1,5
-0.86984819374325728,-0.46583682213344318,-0.16235816883115542,0.48683464472784915,-0.86377992054556685,-0.12990872778609422,-0.079725457253626494,-0.19204245365779843,0.97814290748274157,-14.030686419334305,15.406600858086255,-3.70541347114407,,0.3763994276558562,0.44,0,2
0.1414190743619109,0.98963499824785706,-0.024964287484000251,-0.98955556232526409,0.14202943810689195,0.024646050031802182,0.027936257404130617,0.02121812795710459,0.99938448885713937,-42.74257995117479,-10.316330435296702,-7.4416140975257115,,0.2657005003815024,0.5517241379310345,0,1
0.57044408710221861,-0.80224521854185338,-0.1760572430116118,0.82029245311559196,0.56728069578742013,0.072889666953170479,0.041398488519752884,-0.18599790728304905,0.98167761695711775,-4.4800554277916707,-7.1371729040827718,-2.0646638357584401,0.3352639146461309,0.1530260291077226,0.5563218390804597,1,5
-0.96930932647076251,-0.20521295098332215,-0.13537752533382966,0.23399219203146512,-0.93901793976889891,-0.25197809996204118,-0.075412755453603708,-0.2759220062642469,0.95821707497518871,-2.7720061863005792,-16.913196088713345,-1.9207007994268215,,0.3249663707421631,0.125,0,3
0.31504642870545446,0.94862782110132771,0.029171986433672605,-0.94841495349956895,0.3135309093384302,0.04698345312796335,0.035423491334838512,-0.042469117273196605,0.99846960411405916,-7.5404345621062427,23.125748653425983,-3.1523840923804629,,0.2202355557399201,0.2142857142857143,0,5
0.63652281668506905,-0.76068563614589335,-0.12726376860923075,0.76974785542902213,0.63688880521025415,0.043138021051926087,0.048238396550127842,-0.12541934762696244,0.99093039328658195,-0.8580682656447316,23.073841824645466,-2.4299121987366386,,0.1013812162991589,0.3,0,1
0.16384417759102302,0.98645832109915399,0.0074206606014148623,-0.98647119514361137,0.16387857772299758,-0.004288696238270313,-0.0054467073960333366,-0.0066175900241357026,0.99996326976585292,-13.638743426115788,9.1867289718688632,-3.3751313932951712,,0.1486323595761644,0.25,0,3
-0.6126067001007317,0.78504007509224127,0.091788406080837201,-0.7874794828458116,-0.59626939571041648,-0.1560092043311162,-0.067742860056137111,-0.16785377040240496,0.98348157922409096,0.39504934008711007,16.183353770980009,-2.0675011986214726,,0.3826121537251806,0.1428571428571428,0,2
0.94568172698437181,0.32393236202128112,-0.027457168156409827,-0.3114313052607991,0.92692859083623003,0.20931777180620684,0.093255634421790481,-0.18939697021249838,0.97746210889369767,-13.796114275563795,10.034527712473411,-3.4654070638731724,,0.2735721782772017,0.1578947368421053,0,1
0.91325257243063906,0.40029895476859823,-0.075699971994634713,-0.39663528181767016,0.91607150773535218,0.059105379898074746,0.09300640927504919,-0.023952860510725243,0.99537734970568614,6.4261993741479424,-11.403215475770764,-0.95627295953680835,,0.44879400010744,0.9,1,5
0.10829326403664989,0.9940221968223667,-0.013872317352422623,-0.99382974879582509,0.10858780825950029,0.022607925730296442,0.023979144536805965,0.011338435599142157,0.99964815835645326,-10.143286143701422,0.54454762830616099,-2.8544883033601289,0.1945960351199617,0.1567289965439678,0.6080178173719376,1,5
0.78724766974275617,0.61258709029210112,-0.070556100317801032,-0.61118993292394597,0.79034371103450207,0.042469804810382011,0.08178002431535894,0.0096889233492090908,0.99660330743345948,-19.755313347022657,6.8994641436868598,-4.092945327034986,0.3664631107654053,0.2936073854197969,0.726027397260274,1,2
0.65208216731238311,-0.73829644815928586,-0.17235777240544542,0.7575848681871582,0.64329874827926059,0.11059786596576573,0.029223527628103114,-0.20269453642789267,0.9788058593690836,-2.4435578013855559,13.96182320378111,-2.263762233779294,,0.1241674129235584,0.4444444444444444,0,5
-0.94908573629812798,-0.28940099904288336,-0.12443201721591365,0.30533395964546983,-0.94229062739120517,-0.13733006450849378,-0.077507665702554782,-0.16833132591312142,0.98267854686752554,-15.979670619025493,9.3451953348178058,-3.6952881897054208,,0.3594342248448225,0.1896551724137931,0,3
0.9079106608787435,-0.36492445852479904,-0.20622408063343428,0.41165425138560291,0.86897800435829831,0.27462338803828718,0.078987398861348854,-0.33422652125744162,0.93917709901235713,-38.330376002562836,-11.469530130178956,-6.6820986197761938,,0.1860608875922642,0.25,0,1
0.16579679270709965,0.97759054017915548,0.12972339526956789,-0.98615922240950427,0.16451443605569441,0.020615246444255955,-0.001188101308636332,-0.13134586434868203,0.99133589279001533,2.8084462755113804,-14.283586526492956,-1.3396697723739366,,0.2361218336614072,0.24,0,2
0.99368417097894945,-0.066716248517358537,-0.090225886139446265,0.075001920710553519,0.9929492495890444,0.091795967396620631,0.083465443361945418,-0.097983314519991829,0.99168179868346407,-3.6172264971050074,13.032548819607685,-2.3383450797714382,0.2498483064810885,0.1341079429914659,0.2,1,5
0.39588625267106403,0.91221427957871659,0.10554232837466609,-0.91826213354381103,0.39428441064110409,0.036530228920242484,-0.0082902982835705401,-0.11137733906895332,0.99374360843040843,-7.2847813764239628,9.6114447763653104,-2.6544513407141994,,0.2518507826339214,0.2307692307692308,0,4
0.813022276397524,0.57990914528014714,-0.051963076331535414,-0.57729148554280696,0.81450825757322265,0.057539891074033275,0.075692263813198671,-0.016783371695869791,0.9969899696753981,10.227732040439305,7.4095885433429984,-0.72889476071353521,0.1225419889271788,0.114108752811328,0.2727272727272727,1,5
0.42369913964995137,0.9057475800872532,0.010017995107639312,-0.90470462922940043,0.42261500876541225,0.053908146110807242,0.044593417796626858,-0.031904161676751627,0.99849564423532644,10.686902508525192,8.3197948438271148,-0.68272243802988419,0.3297807380001848,0.1288793671332396,0.4347826086956522,1,5
-0.062330541788426418,0.99633925752646335,-0.058506302839758655,-0.9980182892036743,-0.061714421485975363,0.012281066550715911,0.0086254260957343825,0.059155845799613818,0.99821149459039993,3.8673152369928685,-9.1192882617602944,-1.1947359176881585,,0.07544970200694578,0.375,0,5
0.45961256085181923,0.88356571420124341,0.089821615412323058,-0.88782065238425867,0.45447843624134232,0.072276138466392845,0.023038730590502519,-0.11296450628259617,0.99333188673932515,-8.3173027275932689,-10.706093038017652,-2.5092288327877883,,0.7806181448115403,0.6390243902439025,0,2
-0.38894747444241734,-0.86279925842178495,-0.32295092783840001,0.91838331213091007,-0.39080940084724941,-0.061968574365344982,-0.072745818603713444,-0.32069526325817826,0.94438477010138389,-14.617572781926913,28.157166072721861,-4.0437368881377855,,0.3108897463726069,0.1818181818181818,0,4
0.78266208314288499,0.62235719055526761,0.010563662934498291,-0.61695402733650917,0.77339408256443554,0.14570285243459194,0.082509343493335191,-0.12055339239718225,0.98927199890516937,-37.090005975537444,0.044026472209792514,-6.4703060022414682,,0.2269803006689696,0.3,0,1
-0.95194108410998635,-0.28511958628857659,-0.11187043352974894,0.29325268047526071,-0.95387098993990838,-0.064288412215056698,-0.088380075682121917,-0.094005085318239201,0.991641067199585,-6.7087658348480819,15.408650357158896,-2.8451190559245814,,0.1885921414774029,0.6379310344827587,0,6
0.47338919872862684,0.8778568703704519,-0.07259463940584221,-0.87907638213214501,0.47605931066302043,0.024336127639961624,0.05592299084032834,0.052295773007436389,0.9970645772571739,-13.166581558608343,-7.2009956109561593,-3.138149908868578,,0.08403856302650133,0.1363636363636364,0,5
0.59751744150111841,0.80123365611702879,-0.031583783929344703,-0.79900715715138182,0.59824983450075819,0.060701716126326973,0.067531251453113159,-0.01103466470506086,0.99765613627743621,13.048607645842029,-2.0215475165375736,-0.29942763667868605,0.6790287319247995,0.3808922198305426,0.8533333333333334,1,5
0.30122149457023434,-0.92662655884690071,-0.22500851461317209,0.95285578238883362,0.30153054392965667,0.03384064192136417,0.036489302227350029,-0.22459419297265279,0.97376895581340273,-11.594396789825826,0.15062290064635203,-3.074104872446862,0.2982341861800708,0.3159867859940474,0.5467625899280576,1,5
0.73865215584225685,-0.65386326963237207,-0.16387744596268136,0.67175424183391097,0.73421919492201349,0.098328085439608831,0.05602884299836175,-0.18271562175614728,0.9815680161448469,3.1930970441235309,10.197219484674738,-1.5174665701007219,,0.1784967442583165,0.4285714285714285,1,4
0.50834234477449403,0.86046568736652784,-0.034450854474421977,-0.85490511919825507,0.50906005847171498,0.099975467177656832,0.10356301307796204,-0.021369551554078103,0.99439330477864274,12.440207727792346,5.6426332642997785,-0.49462815947713318,,0.1562339653566704,0.4666666666666667,0,4
-0.986526147664882,-0.12606572021332443,-0.10427652737113849,0.13365850005844707,-0.98859967106640756,-0.069326010483205747,-0.094348107217972904,-0.082329366294702125,0.99212918015241292,-0.62908620732254494,-7.5450228180125674,-1.6377357816148228,,0.1530843018474934,0.2816901408450704,0,5
-0.54860934175235343,0.83581876223425289,-0.020851542850650887,-0.83484980905861284,-0.54898427574829556,-0.040522355508019664,-0.045316514173628433,-0.0048230362140661686,0.99896103620953647,5.2536222406404889,8.5928828981984839,-1.2331139027585187,0.7321942174137032,0.4920733868866481,0.8518518518518519,1,5
0.93439524860157752,-0.30933959063392424,-0.17667636247452936,0.34269879459758462,0.91597505702244586,0.20867973330941453,0.097278237916594609,-0.25553612773766848,0.9618930459508892,-8.2599831611176082,3.7052349602840127,-2.7926102165142508,0.4860123311200256,0.4203351142199568,0.2518518518518518,1,5
0.73175991615749125,-0.66165583284219187,-0.16352059188703591,0.68099794202823416,0.71956182426961557,0.13591388452653486,0.027734960942660952,-0.21081351930008635,0.97713276069417554,-20.711611314696839,22.191072858418963,-4.6826100002395696,0.4981912891508495,0.4194947596996784,0.8235294117647058,1,3
-0.28574710766333744,-0.94408403051100143,-0.16448080069157034,0.95748530792817077,-0.28836367016626097,-0.0082631005040811369,-0.039629226130896068,-0.15984910716781289,0.98634567336908818,-11.657423851439106,-17.833049462792367,-2.9075011718423296,,0.1323667862708454,0.3571428571428572,1,2
-0.9884333082483141,-0.11945911538748402,-0.093429732398918455,0.120665729104807,-0.99266596042983912,-0.0073534225712004646,-0.091866081689049264,-0.018542134578981996,0.99559872050960174,-1.052170957360038,10.857847280644034,-2.06922231576333,,0.08811519272393173,0.3103448275862069,1,5
0.835096477011806,-0.53106028392280569,-0.1434881490656971,0.54562900997622454,0.83283107505446685,0.093173944297677253,0.070020408131027903,-0.15610052935032173,0.98525619367843309,-4.9693589001282268,7.4007478658969719,-2.369510735171918,,0.07656836056811298,0.2394366197183098,0,5
-0.96944137357978255,0.24390982358365371,-0.026294888308090025,-0.22920281292645808,-0.93873408261063229,-0.25737986069576735,-0.08746138426953394,-0.24348782331887675,0.96595247613797863,-35.64314587230534,-2.8389931717948871,-6.319734891540385,,0.4852381323435767,0.2941176470588235,0,1
0.99494848250023638,0.014243643372556805,-0.099371202035359485,0.011748668840891331,0.96655844256048351,0.25617717676545532,0.099696970620695796,-0.25605057261901931,0.9615085118242731,17.484830295735115,0.32248702222802306,0.14619200189023332,0.5467858081145942,0.4406236679009896,0.5,1,3
-0.80277291946757745,-0.5694428736742233,-0.17689107776014606,0.58794821788539908,-0.80534997881327297,-0.075685564745495898,-0.099360620242058981,-0.1647611157011995,0.98131607644938224,-7.5576152992918519,-19.441276093204685,-2.4868669673037638,,0.3047854112076175,0.2727272727272727,1,3
0.32190805323006211,0.94610204079403448,-0.035582772109485336,-0.94573850892047673,0.3230845239817004,0.03456968481766081,0.04420269234453781,0.022523737897651722,0.99876864349088024,2.6937843095405865,8.6385791218348142,-1.5183999036352467,0.819492530416236,0.6937147175739946,0.8421052631578947,1,1
0.041147448221973804,0.99711214097646672,0.063829975890233009,-0.99897546300713436,0.039851558513122047,0.021444756789418509,0.01883910333593591,-0.064646976738305134,0.997730352642484,1.4477047885272891,14.804488607621249,-1.8652965280148623,,0.1592145054794503,0.3529411764705883,0,2
0.78364047211149668,-0.61206344721359629,-0.10623533806544654,0.61787996083650132,0.78564753247773289,0.031341804484310315,0.064280358318494324,-0.090201392986241746,0.99384694205787405,-20.680394433081307,16.291617182277047,-4.61179917181496,,0.2013742040134247,0.6538461538461539,0,1
-0.97964013824130491,0.18785738587422032,-0.070815267556238862,-0.17759006691254298,-0.97538158273372322,-0.13073842663064253,-0.093632086810857371,-0.11550052223415123,0.98888455427470556,5.0940102621732537,3.3108515953364344,-1.2383021518762414,0.2337539390355247,0.1663454725655402,0.1886792452830189,1,2
-0.90263417075812857,-0.41174877279009064,-0.12535749632806184,0.41974221112760557,-0.90654075915903121,-0.044725028575465307,-0.095226204258567024,-0.092988171770510095,0.99110300672194718,-20.785112429148679,15.297785078556402,-4.5768024869873924,0.3791179399193758,0.3618665574839979,0.8571428571428571,1,2
0.23240496331836677,-0.9655898869890408,-0.11672233363619539,0.97260424126906542,0.23138539425797988,0.022400651541950541,0.005378000596249633,-0.11873065934530111,0.99291193347699058,3.1009837632207948,-4.4351384840985819,-1.262113608289239,,0.07070430373148404,0.2592592592592592,0,7
-0.48557310801006848,0.87055054741385707,-0.07975275026527931,-0.87363420891127852,-0.48650773524000096,0.0085727808562598411,-0.031337290843446386,0.073837442731169337,0.99677781187861247,-5.0372090825688121,4.0729768369965171,-2.379896097842551,0.1649275137670286,0.1131432465488076,0.664,1,5
-0.8437882603393716,-0.51167560050841465,-0.16189333388935273,0.52958702705278593,-0.84272349676504499,-0.096719640081453284,-0.086942236518551014,-0.1673475062391061,0.98205695337119003,-34.740799219705167,-1.8806988593861076,-6.207628194914431,,0.09129140723075677,0.4375,0,1
0.4425116840912604,-0.88718981969757826,-0.13068141898408875,0.89631997020579401,0.44215048268050161,0.033368573174230649,0.028176594063176554,-0.13189834908132056,0.99086270747092975,-9.7673461300800657,-10.350452945125417,-2.7155718526114181,,0.06658110309103157,0.2592592592592592,0,1
0.89949372080527512,-0.42666012985658003,-0.094192249270558331,0.43189871208868219,0.90085505368832663,0.043859716601210089,0.066140371393107994,-0.080133050827777635,0.99458742473299633,-4.7901960092110247,2.1112167511361717,-2.2271292747639038,,0.1676839381568824,0.4247787610619469,0,4
-0.74249671639094061,-0.62624557581497209,-0.2377290577965723,0.66488943933752809,-0.73213330569222312,-0.14799613560362251,-0.08136743578422076,-0.26795018467683979,0.95999064522814426,-0.22253527429629327,14.206129630180076,-2.0381465332108517,,0.1552331209932407,0.2222222222222222,0,5
0.75747602431660888,-0.63564957859234872,-0.14892845873396626,0.64997385833346377,0.75567758680509522,0.080531784306189694,0.061351903545166404,-0.15780050074634727,0.98556326326400145,-14.313973978336342,19.823629705430168,-3.9019221917659617,,0.09868991848869668,0.3,0,1
-0.62634424034009306,0.77570447519250385,0.077301098045978747,-0.77843129617512652,-0.61706304596892259,-0.11522983309311609,-0.041684646189021422,-0.13234713622091526,0.99032652484229577,-6.2546139510971379,8.8131633657296451,-2.554096688795962,0.3587078234141792,0.3599558131487078,0.4673913043478261,1,5
0.70937058112217888,-0.67530887305804532,-0.20186952372127667,0.70161260496894362,0.70390443232514499,0.1107172195356628,0.067328531746024073,-0.22017374076416987,0.97313431379786253,-0.28545969419772738,6.0479195274353312,-1.8231073859678208,0.5522025818196763,0.4871465142215026,0.2112676056338028,1,5
-0.95044613441735193,-0.29305881660562005,-0.10377222933340911,0.29672670000956131,-0.95471982588186244,-0.021524859338482829,-0.092765354915226847,-0.051250210514876139,0.99436814352111669,-3.4587991927383728,7.4001704942207924,-2.2167539917836949,0.1660829037373483,0.1218272012701395,0.4661654135338346,1,5
-0.056569639650551035,0.98678134641481807,0.15186326164535485,-0.99839032698680907,-0.055289631289282611,-0.012641663303042509,-0.0040780937923395643,-0.15233394578902593,0.98832066563002063,-15.281669162330719,23.479760803652447,-4.0921113511523828,,0.5281933929173167,0.6904761904761905,0,2
0.12347691804566532,-0.9340601945511221,-0.33508954574122618,0.99231270133930793,0.11904582263188208,0.033817079628211684,0.008303822651429758,-0.33668924109483461,0.94157920615334079,-10.939382850215726,7.3929139311259702,-3.070582253725413,,0.2932233196577712,0.3157894736842105,0,3
0.023143360798095893,-0.98773140117534886,-0.1544378968490342,0.99961034449626063,0.020451328990054713,0.018997429263162176,-0.015605897187841005,-0.15481738363221462,0.98781983868428136,24.67301610419111,11.002417475281664,0.68565717422312555,,0.1737708244405327,0.4285714285714285,0,4
-0.6176081708971769,-0.71655173598733446,-0.32421251810283425,0.78340834394272729,-0.59692121678880561,-0.17307925233338833,-0.069509092081227242,-0.36088595234631782,0.9300160297097757,-1.9101770856207831,-11.561026921510919,-1.7972809448040388,0.7801662659211086,0.6982819988234741,0.2156862745098039,1,1
-0.95065148328889404,-0.2830816921303414,-0.12699020789513149,0.2946828882053627,-0.95188802179152066,-0.084090364303954571,-0.097076015161170273,-0.11736247079219467,0.98833309047607021,1.4558666116102388,5.5975761937497648,-1.6492281152683972,0.3213706059798451,0.2940092590465943,0.6860068259385665,1,5
-0.98781190038222733,-0.091331414812497153,-0.12604055748687165,0.12463703967709823,-0.94917424868403366,-0.28902223785658937,-0.093237641560601672,-0.30120892799425641,0.94898889555819843,19.783043700749758,0.7759720454348209,0.39692565174784517,,0.5544135039547208,0.2564102564102564,0,3
0.99576162683579506,0.038120428204023837,-0.083699554806893645,-0.020795082124456344,0.97980895932025691,0.19885162256112393,0.089589882692006254,-0.19626827606441252,0.97644888075614877,-25.348110427347347,-8.7145388905418635,-4.8588594569300829,,0.4367088028403807,0.1463414634146341,0,2
-0.061304885674608983,-0.9509654394021948,-0.30316075612620785,0.99653443242512885,-0.075424351146058721,0.035075522024943281,-0.056221312538479312,-0.29995983117208713,0.9522936856346701,-9.1291239582428609,15.614825417994506,-3.0977819957375674,,0.4031064040081554,0.3157894736842105,0,5
-0.77520949387717186,0.62682026601999874,-0.078400221360124409,-0.62853180161548583,-0.77777558825638959,-0.0035928638184528849,-0.063229858142258205,0.04649181023625943,0.99691549121290357,-6.5250264833037921,3.7454988875878845,-2.5566322292481174,,0.08112606203019343,0.4821428571428572,0,5
-0.70397676727318148,0.69894552323809223,0.12606294731216325,-0.70805305748007852,-0.67681731750960283,-0.20144276237238332,-0.055475931111719383,-0.23107027992481741,0.97135418195566181,6.9990315185474063,5.5553656215666116,-1.0475955681866271,,0.4860413041964268,0.225,0,1
-0.78169931092434408,0.61557468989670916,0.10006991785234674,-0.62035658207952693,-0.75100726241143501,-0.22615437841414507,-0.064061676305042295,-0.23886375397672163,0.96893767016518428,-12.44085417653552,-12.916626377676238,-2.9637645548192229,,0.3701537419444224,0.32,0,1
-0.43613398974593059,0.89930617269121504,-0.032179974328385069,-0.89936879582281104,-0.43681383944631608,-0.01815044815963195,-0.030379468206734685,0.021025637389791671,0.99931727218327893,-2.9602770328671482,-13.316417848773019,-1.9281370508135998,0.2279109790324875,0.19734532311771,0.6625,1,5
-0.85632945815273276,0.50974162138230628,0.082845268605908365,-0.51489241658626683,-0.83035326260898001,-0.21307101777711709,-0.039820326992652456,-0.22511538975636458,0.97351805471343933,-0.30416129967911693,-14.00258393999691,-1.653461338156593,1.117716444306977,0.5366277039117509,0.1428571428571428,1,3
0.23281470791835873,-0.96295723560742819,-0.13605393845159064,0.97214288900087753,0.23433682564489444,0.0049452514295318809,0.02712038240726591,-0.13341519605342622,0.99068908862473548,-9.4836451941849305,19.381610218187493,-3.3112086617522896,,0.1206079222948291,0.5,1,4
0.75344858440933937,-0.63650606733788118,-0.16484919439786747,0.65542896746440815,0.74699509020744148,0.11140558251054722,0.052231209636584862,-0.19198531570940361,0.98000690777762289,14.225732755396118,-10.510042102696504,-0.12880164668259017,0.9579443423488024,0.4541015524482704,0.7,1,2
0.73437860205533467,-0.60689519071804687,-0.30391823954240982,0.67618847067324139,0.69296527672876251,0.25013651747958021,0.058798137486106392,-0.38920091563552978,0.91927440206753808,6.6115279930459456,-15.429861698595122,-0.95489429669735415,,0.6877401089097142,0.36,0,1
0.94682841372241466,-0.30562856719352782,-0.10053424234124175,0.31042206547449541,0.94992732535791635,0.035724190752255601,0.084581890700340182,-0.065032726019956855,0.99429203371643748,-9.9009879523179443,-6.1378166490475552,-2.741379091524351,0.2142873427725021,0.1839897010734889,0.8666666666666667,1,5
-0.59306712922100413,-0.79708219373072842,-0.11371612319703868,0.80236697911786192,-0.59682980826664467,-0.0011877649914120907,-0.066922425679523473,-0.091946486620248569,0.99351257291458528,-9.9934915393615729,-18.360104836361423,-2.7526329325347949,,0.2041933183177819,0.6944444444444444,1,4
0.19753767487725843,-0.96978951219374621,-0.14313339597417898,0.9802927116532999,0.19575541574680597,0.026570974487481851,0.0022508850494501109,-0.14556139338715357,0.98934666031259422,-10.819388448765645,-0.63080626770419079,-2.9593642886144478,0.1709772293062492,0.127454454601479,0.5749525616698292,1,5
0.77701020181207914,0.62498097481049852,0.075192602062107816,-0.628622245930477,0.76412329777216481,0.14473996588058724,0.033003305914319776,-0.15973217248478741,0.9866085418604561,-16.058119172374003,14.192494795137057,-3.8970991768174246,,0.6053428960771107,0.6938775510204082,0,2
0.91687040207039638,0.3936865514778376,-0.066027001997347873,-0.38872628680142091,0.91816410485537225,0.076593410321727076,0.090777418760666528,-0.044559799602565724,0.99487380330498698,1.2333924364393161,11.41180834681219,-1.8583641552167931,,0.07333065669655077,0.28,0,3
0.57138728886248502,-0.81016162649686596,-0.13097597137769756,0.81963599142848265,0.57139528670924045,0.041282779479009366,0.041393328948355103,-0.13094107559668675,0.99052563169266628,-18.321676952207685,9.4717261804265611,-4.0425387152754899,,0.07484661153258343,0.5,0,1
-0.59984097876128462,-0.73910777372777359,-0.30644819956051134,0.79722027441429311,-0.58466748039580763,-0.15034550685144385,-0.06804876384993129,-0.33449011372952825,0.93993921588350815,3.6817901212532402,3.7321150486103041,-1.3714045812145783,0.5179666119168654,0.5215392623818795,0.2079207920792079,1,1
0.95586291487393171,0.28172779940654913,-0.083399850181249485,-0.27862585915603116,0.9592494017651837,0.04699165694781441,0.093240112496044719,-0.021680227274658778,0.99540757942013114,2.6032881687078784,-3.1645136195114212,-1.3288073476230406,0.3019710868212587,0.2337944674220292,0.9274447949526814,1,5
0.75275433068720998,0.6479919974274071,0.11604864885766146,-0.65339219843446927,0.71395066540090568,0.25170038219790986,0.080246823342861887,-0.26529383453756,0.9608223710445839,-36.519089988847895,-1.4444663118262229,-6.393940625815512,,0.09169321130103328,0.375,0,1
0.418953687885318,0.90721453675862362,0.037941951730620128,-0.90791641097372522,0.41795352876780584,0.03166446707477924,0.01286849221480408,-0.047714065896504933,0.99877813843903429,-4.9824677193069258,-15.028984402758072,-2.1473403443688976,0.85335466525258,0.4575324087447351,0.5540540540540541,1,2
0.9220317671519952,-0.34714110463804859,-0.17131979988677351,0.37858755415605838,0.90098546705109495,0.21188830076446682,0.080801511128828718,-0.26022728841033377,0.96216052411533814,-24.269748162292277,16.783602461465708,-4.9804704653829699,,0.308305489897259,0.3636363636363636,0,1
-0.9631887498896603,0.26426660647409489,-0.049301042470308906,-0.25428824414719714,-0.95514028684176744,-0.15180422043000596,-0.08720619802817213,-0.13367944177955071,0.98718027019940935,15.159222555926215,16.151563418980732,-0.43056479769156825,,0.3273628951789499,0.3076923076923077,0,4
0.16271122450714237,-0.96175764642145245,-0.22033448883290185,0.98667354456664125,0.15874069828567128,0.035731039168752983,0.00061145047861868509,-0.22321205222309859,0.97476971940590473,18.016512759891317,-3.1433513828287283,0.21748601690918382,,0.2864599445248189,0.5,0,1
-0.97510346808056891,-0.18942643050093011,-0.11528596603630122,0.20039688490985563,-0.97534913955577263,-0.092385845702898553,-0.094943746796052664,-0.11318870701395085,0.98902679516221226,-17.141014012367776,-9.1222540561884706,-3.6070986885296792,,0.3808178013423612,0.3793103448275862,1,3
-0.56134831630863335,-0.80356703171390886,-0.19790930579424409,0.82605049231087968,-0.55858425477696727,-0.074994762938571699,-0.050285703041868475,-0.20558126339177218,0.97734727308763036,18.952541986534996,-0.46092256856361907,0.31689589601536722,,0.4983375731684821,0.4318181818181818,0,4
0.26967957344314475,0.96257118141493569,0.027012004312499074,-0.96234307548140763,0.26840763238259685,0.043048204977148029,0.034186733399219314,-0.037604036860737759,0.99870776690244423,6.0489434415427521,12.473222206129336,-1.2844191216353309,,0.1421534594510735,0.3888888888888889,0,4
