axis_00,axis_01,axis_02,axis_10,axis_11,axis_12,axis_20,axis_21,axis_22,location_x,location_y,location_z,dbh,dbh_approximation,score,reconstructed,number_clusters
-0.43252154086275635,0.89975928890555834,0.057951175293277944,-0.89757485726293373,-0.43577329158237338,0.066790822370207198,0.085349237249853882,-0.02312704848503052,0.99608265085244829,-16.046876923782524,12.950390338984752,-2.5084602071907725,,0.1106854933324387,0.2647058823529412,0,4
0.35526300313136339,-0.93419784922336402,-0.032597194856702448,0.93030112581282243,0.34994647986648225,0.10989666300872303,-0.091257952625949074,-0.069367425608124603,0.9934083482370285,1.5616088219358579,-3.1617515828932334,-0.85915267557525543,,0.09010481742196423,0.3267326732673267,0,5
0.69258956585190001,0.70917768233903944,0.13185866731203977,-0.71804256499488173,0.66037734313912566,0.21981046272660015,0.068808198120931335,-0.2469185686430648,0.96659021944700663,17.707038276187255,-8.7150692091258275,-0.050973848523260541,,0.2450919840469173,0.1333333333333333,0,5
-0.53964608116580393,-0.83010836676895883,-0.14036454859601641,0.83775161710204937,-0.54599085275814196,0.008137367346961976,-0.083392656303136303,-0.11319932917031722,0.9900664506739425,3.7820806167939516,-6.2519184529299414,-0.50625131076819474,0.1124879166531497,0.1319649309684393,0.4285714285714285,1,5
0.69005947470733187,0.72323281753466506,0.027426501918962207,-0.72027382020793129,0.68253827963906299,0.12388349668305371,0.070876972915845354,-0.10524157195812661,0.99191767110081708,-1.0314211865927165,-11.665619586997931,0.011515368514340752,,0.09161602376279469,0.3243243243243243,0,5
0.72770538070258317,-0.68425563561226965,-0.0473191719005851,0.66685709157690343,0.68968715844286355,0.28219362659812364,-0.16045715412564673,-0.23690894582488198,0.95818977925985072,-12.25915437772724,-20.899558549008006,0.79282720148528663,,0.600001124416637,0.3225806451612903,0,2
-0.48287088562104435,-0.87192522688561136,-0.081130182669734152,0.87148299443515542,-0.48755563162079435,0.052980151804083456,-0.08575020833726224,-0.045121001710115967,0.9952944272800851,-13.864361263599305,10.062505014866883,-2.2541473281767366,0.2657051754574838,0.0871463323128546,0.2571428571428571,1,4
-0.78701703886086316,0.6163909153368885,0.025815112489193142,-0.61371336686385947,-0.78649453918084833,0.069153764693823949,0.062929197319707753,0.038582111513702277,0.99727194726204937,-10.02505719581281,-5.2824972058140682,-0.7426444913925071,,0.07794046862124321,0.1551724137931035,0,3
-0.24558153871875632,0.93386724656009934,0.25996475461644414,-0.96429258519896144,-0.26277325508792027,0.033015549984864639,0.099143925536728336,-0.24257407572277551,0.96505352173670134,7.9764488167506915,-0.80211425515522417,-0.99134618116826279,,0.1551098603133571,0.1428571428571428,0,2
0.91590824869976795,-0.40129485540300541,-0.0086324382886370198,0.39897431405189321,0.90783586230739299,0.12904861035832677,-0.043949706376123353,-0.12164080785523794,0.99160069441977483,-11.210521851278985,-9.7340429012992065,-0.30505696737272436,,0.08398334788191615,0.4516129032258064,1,6
0.61205047772014687,0.75747908364873562,0.22719958309207447,-0.78706368687456185,0.55549995789331263,0.26823599606307513,0.07697379765843855,-0.34299451105695594,0.93617829490906168,-2.0864054613246514,11.444231914070238,-2.3400182942981216,,0.2351254422936116,0.3684210526315789,0,1
0.38520505660310056,-0.92205336422457052,-0.037876878033363232,0.91822664236379703,0.37886519085045467,0.11541663838094021,-0.092070069081707048,-0.079238631260267825,0.9925947519986642,-8.4957865763239901,14.323458927230693,-2.6566837713695386,,0.09649503707960502,0.4285714285714285,0,5
0.586454038322896,0.80994930795322562,0.0073334494515288496,-0.8061355238199468,0.58276341256782582,0.10262710269632415,0.078849084777865772,-0.066097832932653186,0.9946928663217105,-19.330618784388768,0.15980512953382084,-1.267765115995267,,0.07354845529696424,0.2903225806451613,0,1
0.85600348772879609,0.5168773870385116,0.0097875310665553709,-0.51461227717848668,0.85014063285139041,0.1115128178830163,0.049317676073700842,-0.10049214468444323,0.99371479594670997,-11.878515537779155,-1.1293950961501567,-1.1725982113702562,0.455237323190207,0.4295651945775966,0.9889624724061811,1,5
-0.96298067020813483,-0.26950635748407381,-0.0058781018330173341,0.26820500504982397,-0.96006705649164226,0.07960730058040251,-0.027098045533147132,0.075083755334568639,0.99680897147504799,-9.1259171950112492,-1.4098952822724811,-1.1424521712962978,,0.0643848642212663,0.1666666666666667,0,5
-0.99226449495051383,0.12412155714320885,0.0022385515288793965,-0.12406012790498157,-0.99210468186719014,0.018368039672241654,0.0045007471381890811,0.017948238619613203,0.99982878734593938,9.343659937734742,8.2939435169966913,-1.8136265364699193,0.2447382399966671,0.1754426689010463,0.4285714285714285,1,5
-0.83733223577223137,-0.54639408309632898,-0.01811719884524134,0.54397082531836893,-0.8360069673301046,0.072028409519950071,-0.054502001239666732,0.050456481574154749,0.99723802340666301,4.0700882150362157,-15.522366870540305,0.50913666164015192,0.1423559012060152,0.1015411168550117,0.5263157894736842,1,5
0.8587249348086321,0.5111395391852992,0.036439783470142435,-0.51001478627205477,0.84559685888804503,0.15764158722412705,0.04976348180926652,-0.15395559009049245,0.98682383035580745,-16.819095433595034,-7.2824602979184805,-0.55260999346880701,,0.07118726129441999,0.2666666666666667,0,1
0.74724784485540086,-0.66424539259444493,-0.01996789362977448,0.66096080338360619,0.73976479064731682,0.12601139198115754,-0.068930941887198532,-0.10735973610056328,0.99182781384419783,6.7205551574275173,8.2414310480960218,-1.8724247759050441,,0.1006067564619691,0.375,0,5
0.97642310884518924,0.20898923585182097,0.054050086134680417,-0.21485997930546735,0.91677707916628226,0.33668230783365044,0.020811098143743875,-0.34035758609646238,0.94006574864774173,-22.678772314875484,6.0153434900743088,-1.7639212205759267,,0.3007508848965907,0.2916666666666667,0,1
0.36799024445108708,0.90186840218071562,0.2263107711462973,-0.92540607743544068,0.33151334497535501,0.18363685346030686,0.090591234865080181,-0.2770059336029716,0.95658817728130308,16.380221384031824,2.9503184798562896,-1.2577440575785892,,0.6262959580515918,0.4074074074074074,0,1
-0.88625640423079355,0.45632601023403907,0.079474262146853505,-0.46170982114757181,-0.88404296624150958,-0.072746648684243062,0.037062474496181774,-0.10116623064439705,0.99417894101686921,-12.189073608050009,-15.112218551223249,0.20641128213514182,,0.2942625089654229,0.4166666666666667,0,3
0.39415809160945803,-0.91673575083053482,-0.065076585404928861,0.91404397968968809,0.38365508989812608,0.13165247885359796,-0.095723570826763235,-0.11137475092872581,0.98915755208345701,7.0099192146819433,5.1239019465285747,-1.5749710617386834,0.6506911029140564,0.438165938034992,0.8709677419354839,1,2
0.39098557632121422,-0.90168523747145224,-0.18464563800647477,0.91686972902513408,0.36402286547679613,0.16382079662679822,-0.080499559664288928,-0.23334756466719866,0.96905558919895951,16.092191263684565,-3.9153383508417421,-0.56966685569628028,,0.3355471391868028,0.6571428571428571,0,5
0.48450093182341769,-0.85487442274992131,-0.18560325533306304,0.86743496218182881,0.44203267075343972,0.22839374853789551,-0.11320527128561765,-0.27165573675991339,0.95571320344472555,-2.751523487526351,20.316981265972846,-2.9688481940922085,,0.5093565330811184,0.7058823529411765,0,4
0.9834527969735779,0.18101006295845443,0.0074801893441030524,-0.18044296711158792,0.97501878802342101,0.1295326160521206,0.016153381838294616,-0.12873896111556898,0.99154694702070023,-8.0817046179905692,15.61526334284212,-2.7195394295655655,0.1642163867029045,0.1365670228958234,0.5,1,5
0.65292234361843093,0.73091123668781643,0.19864837599966215,-0.7538300204295465,0.60155447367509962,0.26433409825571863,0.073706943383956003,-0.32233674826950992,0.94375118925065904,-10.876067964151142,8.8267470761184494,-2.1815908961015062,,0.6227589845647814,0.2028985507246377,0,1
0.45253165937328038,0.88936421864555393,0.065164283605734355,-0.88750807923857622,0.44205805614781274,0.13005415903026621,0.086859118986541611,-0.11668745257224598,0.98936319512152959,-10.421352738992926,-3.203234816407396,-0.96905138960714776,,0.07303072381284645,0.2653061224489796,0,2
0.53277261280997046,-0.84371202989979965,-0.065599951539590348,0.84393207554976724,0.52396544499542685,0.1150602638142532,-0.062705620943410173,-0.11666286064169486,0.9911900837119979,-12.152306890341229,-5.8847917781991557,-0.68701360325530592,0.1448342513384489,0.3700257519602412,0.2077922077922078,1,5
0.21304839381472671,-0.97385863685592045,-0.078801886488160777,0.96172449957715211,0.19479990754785326,0.19271477092434708,-0.17232634391189558,-0.11684327725836714,0.97808551760747531,-9.2217744281039877,-16.583121754257991,0.42535105645167043,,0.2146516612851062,0.4230769230769231,0,2
0.58448430804981844,-0.81112514573168426,-0.021309425268623568,0.80753951499017929,0.57893877109565184,0.11273788649643196,-0.079107682136128898,-0.083101728526009763,0.99339623380755715,-1.3702240462956057,-4.3240314846317007,-0.76111184406829047,,0.07376541233688864,0.35,0,2
0.14083165469746561,0.98869008080848975,0.051559374958155248,-0.98529506994269955,0.13487823898727519,0.10488796782425433,0.096747455686359729,-0.065572744022141749,0.99314658790111254,8.7854575258132552,20.620616523450405,-2.8315585025772019,,0.1258053743987535,0.3809523809523809,0,2
0.97246670830209436,-0.23116693924052925,-0.029501651585231426,0.23085845823507153,0.93831660280926532,0.25742246435345656,-0.031825673683625856,-0.2571454823531738,0.96584850126711841,-11.298125816659175,12.613865607981504,-2.532037700146712,0.7573328321651865,0.315932959760015,0.3076923076923077,1,2
0.99372734188500744,0.11164140415642437,0.0064936020928179359,-0.11139179388664734,0.98302647509899566,0.14577660137744569,0.009891321694931102,-0.14558552858174448,0.98929622238372161,-17.239274862702192,-9.7430694152706216,-0.34525585245303025,0.1691769621493113,0.1551630651943474,0.4905660377358491,1,4
-0.99731716579450225,0.073027875699580538,-0.0050398593659189929,-0.073193672124335155,-0.99383142586337092,0.083317365100767232,0.0010757195624132695,0.083462724237744784,0.99651031930945777,-18.845748882562109,-1.8706188943202262,-1.06252229578452,,0.07322743785746555,0.3076923076923077,0,2
-0.73695816582929763,0.67392459769430491,0.052137303728592536,-0.67191368136392693,-0.73879236441165697,0.052132975006314072,0.073652336103432997,0.0033880539552100315,0.9972782232039884,12.512545731836079,-3.6206345835094154,-0.64043305317170485,0.1676201242035373,0.2021452407208741,0.5185185185185185,1,5
0.79575079930312187,-0.60431927046680944,-0.039735182784366441,0.60275012468790257,0.7838836366805646,0.14905948924228715,-0.058931762209878051,-0.14256459408603853,0.98802954607436855,-7.7635837821121161,-8.0754624138557354,-0.44305375250870299,0.2821249290028697,0.1191175651768051,0.4642857142857143,1,5
0.97614808920120422,0.21375230285330968,0.038011326913759177,-0.21673585684516158,0.94921703609971253,0.22806268159361467,0.012667924314240561,-0.23086136836418486,0.97290418453750349,16.062661517196585,-2.7082234989341254,-0.67663861369384259,0.4349598183719235,0.3974632098215461,0.8082191780821918,1,5
-0.99498496554559102,-0.099984392891390564,0.0028354040944894511,0.10002450780671694,-0.99454827326236639,0.029475922188614067,-0.00012718593876691976,0.029611709322247166,0.9995614690926975,7.4712249128340051,6.8514324048878965,-1.7236952089569249,,0.1104956613279723,0.35,0,3
0.77540300883997504,-0.63120354660400613,-0.01822790817504381,0.6283468540430075,0.76838466611976775,0.12151228697653807,-0.06269294135841183,-0.10567444169020775,0.99242254482518366,-0.46148534271627606,2.5314939382895321,-1.4950189543518386,0.7237310892883625,0.6583945953987325,0.983599482088908,1,5
0.11872540985279925,-0.97932011789886553,-0.16381814226097322,0.98913095464988054,0.10223758195705288,0.10567606819422397,-0.086742328817597622,-0.17458402995155806,0.98081404194534894,7.010210299715018,-5.1861821092403915,-0.53520604114595027,,0.4205791512501444,0.5294117647058824,0,4
-0.83102658231990079,-0.55561088945146309,-0.026293706483872151,0.55309984339993001,-0.83043226069623122,0.066804368314653334,-0.058952376616032767,0.040973160945932813,0.99741957940147763,12.653348433111724,8.8613125886478006,-1.8274245683645425,,0.08012361279402999,0.25,0,3
0.92078521027447047,-0.39004284631118358,-0.0046015846476220703,0.38739084665625684,0.91301703414261881,0.1277819521386484,-0.045639111152029767,-0.11944234344187048,0.99179161023189055,-4.1762818287125434,-6.533775854342899,-0.55964787656420578,,0.07981588209386165,0.2571428571428571,0,3
-0.32042978702837988,-0.94592072615494283,-0.050583904707463163,0.94654392940681187,-0.32182020895193281,0.02205318147676924,-0.03713948421909273,-0.040813391682642516,0.99847630205794069,-0.4735843878962529,11.243581475738013,-2.3039956665951902,0.6201714772795237,0.7989330504008549,0.8020833333333334,1,3
0.4080709996960144,0.89680850509441989,0.17091683473961231,-0.91033840326797211,0.38555818051120488,0.15042898981382727,0.069007613656862921,-0.21697786668506458,0.97373433472697479,-5.9917513890984777,13.579247975952123,-2.603085169954682,,0.5722682429910887,0.5757575757575758,0,4
0.99955080439864541,0.029443240411334014,0.0055933013597346459,-0.02993311914678198,0.97155460086213008,0.23491629556454921,0.0014824992967884228,-0.23497819715391999,0.97199951083224723,-12.683644224865676,-6.8606028671235704,-0.57916049616740339,,0.287310697869626,0.28,0,2
0.95412917613816361,-0.29873738127232929,-0.019836639646372792,0.29797565513410695,0.94107414838057024,0.15996861003704368,-0.029120854886298352,-0.15854155379689883,0.98692276877694751,-6.2514813036960142,9.9865008887100064,-2.2800237656784574,0.389626747170344,0.3169366298558233,0.625,1,5
0.57383210573754861,0.81874056728480971,0.019508918651738649,-0.8120402166652223,0.565720095251255,0.1433578053236412,0.10633626353747268,-0.098105337831640591,0.98947862116663754,14.853539654310428,-0.57855957277237924,-0.93237403771602712,0.4177666713990432,0.382633240142863,0.9662921348314607,1,6
-0.68682401207939048,-0.72069134770995169,-0.094216547204739071,0.72409999517623336,-0.68968875705760291,-0.0029351957545347878,-0.062864723151767263,-0.070238164300840941,0.99554740060868008,-17.048264810711217,-8.0947319399067705,-0.48587158062463592,,0.1396757443757594,0.2549019607843137,0,4
0.83487643814571799,0.5503124222200837,0.011729065580203542,-0.5477326833787779,0.82847561324669883,0.11669218403214097,0.054499913649509388,-0.10384794752796898,0.99309886879727416,-6.2382287505909977,-5.6428227225523626,-0.6893683590962183,,0.2510359066469446,0.3217391304347826,0,4
0.86115373074063939,0.50699765416357789,0.036981491372157949,-0.50594215920141816,0.84774843694200874,0.15920150503368116,0.049363788084856072,-0.15580746559459735,0.9865532170597302,-29.257738837206769,-18.153529866527307,0.64588945305236489,,0.7301265274019668,0.92,0,1
-0.055607887150240953,0.99479056822511358,0.085437042651551179,-0.99369173246507825,-0.063486132130052664,0.0924459401905669,0.097388416750856188,-0.079757359519497639,0.9920454928506256,-31.179831302613682,15.968758054794163,-2.4912859263184473,,0.1173617483931016,0.2,0,1
0.85182521315166393,-0.5044798470245897,-0.14104570246969364,0.52130838241909605,0.79005404055125072,0.32257120675631951,-0.051296945900394395,-0.34830259395343238,0.93597752450932425,7.5695013822125476,17.369118913486474,-2.5996420838616179,,0.7821805382836252,0.3333333333333333,0,1
0.87667039716725381,-0.47876133336101157,-0.047292709892694733,0.47343901135229299,0.84108344340759844,0.26159920442420936,-0.085466468631690135,-0.25172649225697763,0.96401724872308436,-21.591737250927871,17.431957352364041,-2.7643628136989182,,0.4109766953748289,0.7272727272727273,0,2
0.83665997102955758,0.53745039536861128,0.10558013731257368,-0.54514257880828132,0.79841381072090378,0.25564615314997452,0.053100486316750191,-0.27144513141378457,0.96098797026012583,3.802731893564923,10.901891974451614,-2.1584500682494223,,0.3988003177245201,0.3529411764705883,0,3
-0.89600988715599761,-0.42483309056166707,-0.12916318083153644,0.4418910487200472,-0.88167141654556036,-0.1654926412492205,-0.04357273436215147,-0.20535909624452653,0.97771624636692922,-10.116912790981916,17.386769841829956,-2.8640538622523652,,0.3576394618753883,0.1578947368421053,0,2
0.92260937851136393,-0.38438791667489552,-0.032215899757849754,0.38390449623247519,0.9068936258499799,0.17367005834387611,-0.037540277774194261,-0.17259745336188911,0.98427681403029421,-2.7036768733203993,-9.1308066543461432,-0.25709622696530543,,0.1012884245104707,0.3684210526315789,0,4
-0.97304784494220653,-0.23047762908898761,-0.0076127487050975983,0.22951881978689539,-0.96474596517968325,-0.12878794211086694,0.022338370955792632,-0.12706409862364884,0.99164293575056606,12.0770513196714,0.21517314571718099,-1.0466120125703093,,0.2972703522707055,0.5121951219512195,0,5
0.89964212193479631,0.43649800570917585,0.010655677011335206,-0.43465458730631323,0.89299153894076877,0.11679683691682982,0.04146615697452808,-0.1097068930929604,0.99309866349404285,-18.406151590189527,7.1420978143968865,-1.9290538111697948,0.1655575657227827,0.2112060678539999,0.8876404494382022,1,5
0.82983987832519712,-0.55781422953340076,-0.014458965083308455,0.55543978347771839,0.82327256676725213,0.11708513030562688,-0.053408082454317683,-0.10519299472169605,0.99301662150743175,-4.2931292236157264,-7.7312483738705193,-0.41876349347859454,0.1630179366160336,0.1159569405182863,0.4347826086956522,1,5
0.738355324308403,-0.67237335400834786,-0.052397403418484451,0.67142460123189152,0.72555826401821355,0.15084498790305609,-0.063406781388348862,-0.14655810565930047,0.98716781842781365,9.6837635369206385,1.156011189168624,-1.1571551561820117,,0.07553483191339341,0.3448275862068966,0,5
0.40557004459330981,0.89310382778806185,0.19462397519034783,-0.91064575606089615,0.37639146505862642,0.17045167056764221,0.078976236279402159,-0.24636358866791422,0.96595431376530805,12.120252505488724,3.2974595661828667,-1.3498138100459722,,0.533245181070111,0.3333333333333333,0,2
0.59689705705247087,-0.77468413339042363,-0.20875439337946339,0.8000613971877949,0.55521754103304832,0.22723389460890012,-0.060130391750035317,-0.30265157459088793,0.95120258640609445,4.9854081618084773,-13.136720154307971,0.26062617869107574,,0.3729741375010274,0.425,0,4
-0.11450033106020976,0.99213983403480133,0.050479935702224144,-0.98765092149542877,-0.11915780551635978,0.10172057143841073,0.10693610922571391,-0.038209515907999904,0.99353142951682394,-10.368424777674205,-10.825562247857798,-0.18307675933000217,0.2690352762251731,0.07442953458744776,0.2045454545454546,1,5
-0.58500614642686743,0.80752477944754253,0.075309622366506207,-0.8069254005837827,-0.58886053368889479,0.045985538556519032,0.081481326299279441,-0.033867424493593049,0.99609928773324719,-1.1961415534872686,7.9046790496782071,-2.0182804301748942,,0.08468673592221984,0.2647058823529412,0,5
0.91240500306019545,-0.38870918619546707,-0.12814943994408434,0.40731531358301321,0.83164288688033272,0.37744449131245433,-0.040141570864830063,-0.39657947156730605,0.91712233481684424,3.4748835652367225,9.6430609134133061,-2.0535734903330347,,0.4018369125731318,0.3076923076923077,0,1
-0.81166362909881107,-0.57867988244211643,-0.07957227441091283,0.57918590292681515,-0.81497577359653717,0.018925599107421462,-0.075801339361498937,-0.030725919148225988,0.99664942424279701,-5.3787917930268572,17.215601620264263,-2.799779930473,0.3830065463137171,0.2224185912974054,0.3684210526315789,1,5
0.61396632174104826,-0.7848144274270431,-0.084330719611138846,0.78682305523192253,0.59999973632802561,0.14460219971288396,-0.062887483041321926,-0.15513423512772656,0.98588971673715353,-13.264398614022424,-16.276124927689629,0.2808353425158383,0.4781520852811276,0.4496286190708276,0.6153846153846154,1,4
-0.18060018627710192,0.98003526899027305,0.08315313735416914,-0.97827821859694286,-0.18773490281719327,0.087905251737383575,0.10176099319223393,-0.065471198243076401,0.99265211552947796,10.29691762853335,12.780155748687909,-2.1408233279075062,0.2327081202632925,0.2657637698035208,0.4736842105263158,1,5
-0.91677088655009731,0.39390267815823937,0.066119752827092426,-0.39566297706871384,-0.91826485536095315,-0.015506901239467056,0.054607235338110592,-0.040377413843565989,0.997691191852486,-16.026512930364582,-10.43705508781221,-0.26991669440923222,,0.7250239483977404,0.6633663366336634,0,3
0.028259672826439024,0.99937467127097523,0.021252230795211272,-0.99483622266114335,0.026045305963905557,0.098094506056934996,0.097479643890661327,-0.02391460765467094,0.99495015481564342,-15.268623640417118,14.473863984990421,-2.6425618720425454,,0.1915109863671178,0.7096774193548387,0,1
0.35558298742277933,-0.90488283809668357,-0.23398245313181834,0.93095800275153773,0.32068861348032685,0.17457379613485466,-0.082933323630250716,-0.27990330920186968,0.95643933489243493,-19.730246046300433,-16.675649967867479,0.24320828809806513,,0.3818562749780399,0.1,0,3
0.98903996582269715,-0.14259245852462626,-0.038305832158306234,0.14692005825561824,0.92473338763554758,0.35111630305961222,-0.014643854943398633,-0.35289595147009911,0.93554797041541904,-15.813817690656416,10.952326195313146,-2.3275135272810314,,0.5777682112758218,0.25,0,1
0.96751974671058594,-0.23850730811601778,-0.083784268811840645,0.25275049271292416,0.90642226601965115,0.33840192685204268,-0.0047674058415260699,-0.34858706177804732,0.93726428087412483,-2.0707527993522614,-16.417002536394531,0.52452114162747943,,0.3086824003547384,0.1875,0,5
0.57047286824689414,-0.81577279212140019,-0.095265199462426231,0.81808723966821151,0.55411899287138255,0.15390064987273389,-0.072759706474167185,-0.16573138922261743,0.98348316291644433,-9.078706950076576,4.3203493565506399,-1.7553994408968179,0.848415111380269,0.722230476336436,0.95458984375,1,5
0.98274736601875989,-0.1806739100217449,-0.039554428584476477,0.18490973076359712,0.96441186613401653,0.18899244410514918,0.0040007564439762788,-0.19304582538184653,0.98118158525856869,-9.1411858835337085,-2.4181562050969196,-1.0389574961818486,0.50614305384457,0.5048335294990931,0.8414096916299559,1,5
0.92795729743505262,0.37229306941065871,0.017120882156696125,-0.37076254426617361,0.91753015167501062,0.14378301894349346,0.037820495849560695,-0.13977228350435519,0.98946112549087617,-12.977151452003023,-3.0537569081120766,-0.98405488592983137,,0.07715751173715633,0.1724137931034483,0,2
0.94377139425390366,0.33004201237238084,0.019178776218287646,-0.32952182681980058,0.93443397514295734,0.13508705248050817,0.026663102546088616,-0.13381112124079786,0.99064810240311707,9.3668485086577391,-1.1178571125053323,-0.92243215831853465,,0.08051097466142836,0.2926829268292683,0,5
-0.48208696962966441,-0.85069840727771162,-0.20953370508930474,0.87195856926000648,-0.48916340786836615,-0.020184496442781183,-0.085325302269192924,-0.19243539242501942,0.9775930710346199,2.9897717355630675,11.440662540881451,-2.2346646762266889,,0.3062476016925214,0.1111111111111111,0,1
-0.99848827565966658,0.054925812468540315,0.0020780988568067805,-0.054956825649656087,-0.99696758893290749,-0.055094227754098515,-0.00095429801488576625,-0.055125146185546967,0.9984789970616923,9.1951525424292786,-3.3659090988278146,-0.7086378511076179,,0.09947382449181627,0.3461538461538461,0,5
0.76679948482726734,0.62562299494026041,0.14357722058396369,-0.6415789636880973,0.75393810000468509,0.14125783062978123,-0.019874189833659347,-0.20043255614621039,0.97950589942845756,-0.30905233384255726,-11.067375502347621,-0.032284514025869633,0.3440153405434261,0.1878161250067726,0.3043478260869565,1,5
-0.91249974409221046,-0.39540738780199186,-0.10486760559513572,0.40620222554693663,-0.9061477996226629,-0.11788094502388052,-0.048414553518206643,-0.1501637869481614,0.98747499618826873,13.935248888341711,3.7938355891271383,-1.3550117585717891,0.4225462658010182,0.4593075848505905,0.4444444444444444,1,4
-0.32498313477279089,-0.92501326188468569,-0.19681571952134416,0.94056961813406126,-0.3378261433069093,0.034674058624942418,-0.098563459539508874,-0.1738504018857418,0.97982716955990257,-3.1144760572749721,13.058460498838905,-2.4748727118022256,,0.3262146434585066,0.3584905660377358,0,3
0.99546497428263225,0.094948319225589189,0.0058567612819647027,-0.094456564422488939,0.97924937198206818,0.17930037621328496,0.011289039550754392,-0.17904045394536108,0.98377694292815221,-15.33163754080644,6.3534545323028624,-1.8772115415195298,0.2281932070393801,0.1323187996464816,0.4545454545454545,1,5
0.24454656731187885,-0.96959564725556513,-0.0090142797293879268,0.96495406836091746,0.2424422349884672,0.10042613528117006,-0.095187301514916972,-0.033257232549624725,0.99490368082214353,-6.0542254359738026,-12.94311241047172,0.10929525025106902,0.4309802210966432,0.2050718822893481,0.8051948051948052,1,5
-0.57887475692931445,-0.81434873373300343,-0.041715172988757848,0.81217770185979787,-0.58037562756536576,0.059426522107943747,-0.072604382731108447,0.00052038020969722462,0.99736068341030604,-1.3684673441080657,-23.963217785656987,1.3552653607923741,,0.1451312410669329,0.3333333333333333,0,3
-0.41560120959511443,-0.89128218982785068,-0.1813606701541125,0.9052212044659893,-0.42474234761766544,0.012981106477401659,-0.088601385814337866,-0.15877656072577362,0.98333097083122201,-6.8600703615372067,11.387038908061434,-2.4341387206827063,,0.1864944851771219,0.2727272727272727,0,1
0.76426172497446332,0.64479260032666086,0.012104474504964925,-0.64175789487137003,0.75854441112752058,0.11294769018209788,0.063646053368028255,-0.094089738607281842,0.99352720193233157,6.1471417741084942,-12.852939400747195,0.26734444284723102,0.6611565386602853,0.5692852752133977,0.968421052631579,1,5
-0.70392446502852857,0.708481312805751,0.050443799810679105,-0.70687190486552631,-0.70572665108670274,0.047770326121240964,0.069443917272014266,-0.0020306036016970934,0.99758379046721213,-32.851288017769413,13.171622551977986,-2.233421264996053,,0.3751812036788893,0.9444444444444444,0,1
0.94242993787451279,-0.33077483261802598,-0.049130665620953987,0.33175566797276623,0.90636865687317414,0.26159899580438212,-0.041999868640089137,-0.26283810215498526,0.96392538253216475,-8.164063314664352,-12.44485966190587,0.038827986349818273,0.4727772371280423,0.4625072920418637,0.4615384615384616,1,5
-0.95894568069484987,0.28250873079749572,0.024738603434261788,-0.28225789270271268,-0.95924807115762922,0.013176493744166682,0.027452932151474825,0.0056528756889085612,0.99960711357649445,-4.6043907003027496,11.436665790262637,-2.3824942005202305,0.4252254662429312,0.3612382078453593,0.2989690721649484,1,5
-0.99139091056414363,-0.13013111959449319,-0.014489795163591066,0.13066755573901573,-0.99036052697332322,-0.045956680584148452,-0.0083697268766877962,-0.047454381528009904,0.99883833994586146,-8.2193217930621874,12.451122757392962,-2.5403613159949336,,0.2486325221321329,0.2413793103448276,0,3
0.23541859157444467,0.969013858094386,0.074767837752205787,-0.96654673416207204,0.22537066773372666,0.1224560035518425,0.10181108692936909,-0.10109502928576404,0.98965362507898336,7.4107081885772628,-9.559556647848348,-0.085593932945495554,,0.1017387690332827,0.3636363636363636,0,5
-0.54960427726178707,-0.82733031263422396,-0.11601591361579278,0.82940317044724621,-0.55699954618728209,0.042917204000484571,-0.10012751503760714,-0.072636487688489321,0.99231971732334079,-27.488648334905257,7.7964590101290856,-1.8529024494181547,,0.2124981167039575,0.6578947368421053,0,3
-0.030258087374547601,0.96817744934361061,0.24842881219966384,-0.99477658798775959,-0.053410004017999224,0.08698799608123603,0.097488400027213901,-0.24449907577187058,0.96473634419297993,-16.085338300048562,9.9397766727031485,-2.2344413496244977,,0.09753880667296325,0.4375,0,1
-0.9640408153099872,0.26519306243784696,0.01726111384851824,-0.26446392376923972,-0.96372706383780615,0.035902359966145929,0.026156059355970776,0.030046398476309272,0.99920622220719291,-18.153974691049203,14.453956950063718,-2.6195212524208076,,0.1645009928716077,0.5333333333333333,0,1
0.4562626774612521,0.88946898328688029,0.025870773596715201,-0.8852246246699863,0.450742747114253,0.11492754152846729,0.090563419954032248,-0.075338593658892172,0.99303693953031247,-3.5185228304783607,-11.351501159138127,-0.032635320166056241,,0.06844845873480529,0.2258064516129032,0,5
-0.11370182748759812,0.99331845271663521,0.019757173851802066,-0.98873167558198038,-0.11508105700564962,0.095739354600455379,0.097373344026123382,-0.0086488040267017879,0.99521034463176583,-14.860724834145319,1.0809269402254098,-1.3872848279091072,,0.1093745278367108,0.5625,0,4
-0.8806966382054976,0.45862146343553528,0.11848959755937917,-0.47140132287667408,-0.87310486090220341,-0.12437320715920361,0.046413621315914866,-0.16539121846456253,0.9851352803605965,6.321129432840042,3.0713329049558897,-1.420045341953426,,0.5637826399723351,0.3888888888888889,0,1
0.68500151266992149,0.72822530613365577,0.021466978046827741,-0.72439197113260767,0.67766364857549422,0.12660273124211935,0.077647922049045998,-0.10227356895059726,0.9917211892944372,-13.775427385564251,-14.74626945245625,0.13665894764531852,,0.09310624092763294,0.5652173913043478,0,2
0.80456031380482196,-0.5685429281565928,-0.17158566459181535,0.59242535708486399,0.74822442002035017,0.29865098956488162,-0.041411323731064431,-0.34193443249889161,0.93881092139924716,1.0793429538663342,9.1899512874870197,-2.0930123747000282,,0.537807615111062,0.3455882352941176,0,5
0.42050128141541676,0.88651189279492737,0.19306821660011622,-0.90320451451122341,0.38884311362980989,0.18172131946808409,0.086024864397099179,-0.25079413253868521,0.96421057129116272,-2.0769472370826447,-17.501737093119907,0.63080436023750541,,0.3376904258359895,0.2727272727272727,0,2
-0.99018225979812091,0.1397233485758716,0.0040593403198901749,-0.13976998276661645,-0.98929182908902946,-0.042024145620136122,-0.0018558821371264609,-0.042178937402786609,0.99910834894973499,12.556055946504795,-11.845655417148887,0.20397899250628021,0.7325491615451738,0.4838832254694456,0.3461538461538461,1,5
-0.24815538131190695,0.96799649664000242,0.037439140196107848,-0.96287399196668155,-0.25071308450240021,0.10008308974766203,0.1062665625683278,-0.011213017077221738,0.99427445201409936,-11.14653159382995,-11.726988965402024,-0.12450990988672918,0.7091429800306037,0.6407470874567546,0.9894736842105263,1,5
0.99298858783822352,-0.11818502341932058,-0.0024422658384355166,0.11690236020313474,0.97872758119095604,0.16860059310404832,-0.017535752107835992,-0.16770397149583244,0.98568142690350924,-5.8010779667884389,-7.657717841111495,-0.45984690842400383,1.023993434986731,0.9634610693107952,0.825,1,5
-0.77979886104721718,-0.62592621039352603,-0.011406816026473436,0.62322781262103855,-0.77790143794785027,0.080352015620405476,-0.059167811224162127,0.055549365262490775,0.99670127828445954,-8.9486471798028155,-7.7720739727818842,-0.47769880719738622,,0.07145079728145312,0.2388059701492537,0,5
-0.50353399763891926,0.86331834593771195,0.03368897132804799,-0.86005763323186912,-0.50457864444719314,0.0755066824024785,0.082185039644478722,0.0090457246921549963,0.99657603529456262,-15.201788152133714,-7.658377163917228,-0.51733466308572185,,0.08697074191775168,0.3529411764705883,0,3
0.21881475931854669,-0.95762945248425546,-0.18725899935402845,0.97184580563065703,0.19669853837030951,0.1297128177208535,-0.087383243144586842,-0.21036995207892556,0.9737087100770152,-0.1499593947781846,-17.891872116608447,0.71577204690589413,,0.275167150730473,0.1333333333333333,0,5
0.90687477592697241,0.40992661682714399,0.097664269843462131,-0.42067260549702595,0.86704628179297705,0.26695562217963814,0.024752773011284469,-0.28318000290561857,0.95874730048257595,-12.364553950369046,-13.026529568602847,0.0075611406972484292,,0.3999657287978884,0.4848484848484849,0,4
0.29216944846919285,0.94147465983461409,0.1681144796574823,-0.95249686097710928,0.27065889420866335,0.13961909903196512,0.085946164602975647,-0.20092094931848678,0.97582991802618813,14.556216229149932,-3.0411703000319532,-0.67860933926548683,,0.3494152463014393,0.3333333333333333,0,4
0.70462640391471298,-0.70118778628422374,-0.1087994451826365,0.70578153547347477,0.67672760039667867,0.20955233008978275,-0.073307946983420205,-0.22444474426277591,0.97172552795627076,-19.321201371630877,-6.7313270402927552,-0.60402475727112936,,0.1448957119145243,0.4545454545454545,0,3
0.7714472845886845,-0.63210564517474377,-0.072880315853904962,0.63402819771819396,0.75398627475454316,0.17179331180224591,-0.053640764339844348,-0.178737659210324,0.98243346725416991,5.6694943627463843,-4.3428017724458128,-0.68267118150636619,0.4103666267567522,0.2225430765230571,0.25,1,3
-0.119663929563409,0.9754287769678287,0.18498444535822484,-0.98404618214460471,-0.14123847099042502,0.1081887504268103,0.1316573407299087,-0.16908694620027123,0.97676811437341471,13.27156886548299,-10.319253150784366,0.081737452124736348,,0.4683319949155245,0.1851851851851852,0,4
-0.074456660375728539,-0.96933142929947225,-0.23420671616743483,0.99461032120743287,-0.089178038011336169,0.052892215723049876,-0.072156182502529809,-0.22900623945361975,0.97074694314119303,-3.8273168106535498,19.595479667137461,-2.9623813503376337,,0.159200206625732,0.5,0,3
-0.61305530724328172,0.78635300287040122,0.076237426094717189,-0.78602165081783515,-0.61681098507638454,0.041402574010620856,0.079581120288986354,-0.034542199782328392,0.99622973340878929,5.860910068298784,-7.1289449574091988,-0.35090080099216936,,0.3630921230488275,0.5609756097560976,0,5
0.27020739282680251,-0.96231509366819734,-0.030620668838417776,0.95824660047404187,0.26570270097430082,0.10566705908136585,-0.093549011441520266,-0.057894172360706785,0.99393000118971397,11.116116572200994,-3.0015184412444365,-0.71592680150071775,,0.1043073276521157,0.5,1,5
-0.38861769569430155,0.89919085393363429,0.20107733535968733,-0.91696916990780997,-0.39880138149730088,0.011180319960775145,0.09024316058202006,-0.18003684711176551,0.97951156483740509,-15.814065062180999,-8.8407213745640334,-0.39230505777088909,,0.304921465348116,0.12,0,2
0.57765655523711557,-0.8115255184467276,-0.087972933913568516,0.81250799107441452,0.56128960497197911,0.15743171151524873,-0.078381557982794961,-0.16242017196201755,0.98360358839728723,5.9467433174524924,-8.5729040395698348,-0.20143646777555496,,0.09713530459254227,0.3076923076923077,0,5
-0.24131973117950389,0.9563750681633113,0.16465575100515609,-0.96553231092354508,-0.25366866159969831,0.058305803183344079,0.097530220475958565,-0.14491010702445065,0.98462628289928933,-5.0908456373724889,9.899036910324039,-2.2561940247024701,,0.3186668221384484,0.2083333333333333,0,5
-0.89105090769501016,0.4399392350579453,0.11172174968433042,-0.45171800127668399,-0.88360390930316968,-0.12326791466863281,0.044487382688758077,-0.16030471272169608,0.98606453737101729,5.7417983934454986,17.818768925420692,-2.6566380791233026,,0.2985540432100589,0.1428571428571428,0,1
0.3235728495106211,-0.94480647756061431,-0.051393881144368117,0.94128836433751872,0.31588798257765138,0.11912597376651281,-0.09631628222878709,-0.086922393101697193,0.99154811852733538,16.440922253025338,-17.78290657472348,0.84960240416307165,0.8342913165021545,0.7762405582174507,0.8275862068965517,1,5
-0.23833478635615957,0.97069665771120939,0.030733179478393088,-0.96639965655925686,-0.240179052919687,0.091573611596095519,0.096271664651205624,-0.0078753569372757154,0.99532393990016943,-19.518641860763285,9.5372067601182842,-2.161444461991175,0.3244867030851776,0.2464123415229772,0.8208955223880597,1,3
-0.99051585703206957,-0.13724423491684146,-0.0065082217321561801,0.13708926317202358,-0.99035348896781894,0.020161865296127381,-0.0092125398764804842,0.019078439961337339,0.99977554592901763,-6.8258032223775835,-15.836184348444203,0.40563824961942502,0.4942223030935115,0.5033009415224627,0.8620689655172413,1,5
0.75761851284437909,0.65139977923007197,0.041140206787104922,-0.65122205662795418,0.7501667636287026,0.11471556000864036,0.043863674683384306,-0.11370204204785397,0.99254613176286099,-7.1327877551567687,-11.628930264802195,-0.040046629225686678,,0.1389353793742708,0.3421052631578947,0,4
0.13149536450590996,0.97962632129130178,0.1517934114075162,-0.98539755345668789,0.1124604331755692,0.12784487714233578,0.10816945389079802,-0.16638786495185551,0.98010940595513729,12.275572597343825,-2.2598998185792736,-0.78538720318055888,,0.1671225799383325,0.2727272727272727,0,5
-0.94299467849572405,-0.33090119021310693,-0.035573004431659401,0.33108559705778268,-0.94360042942947997,0.00074632525897677421,-0.033813662174292103,-0.011073928663753113,0.99936680170711722,-7.7182249088140695,-22.979176746410687,1.1384541102035837,,0.2166289166412301,0.4137931034482759,0,4
-0.30908445471249008,0.95050483176602674,0.031739008247246049,-0.94615340957913296,-0.31070369321077318,0.090867709154385315,0.096231623684019871,-0.0019441745348357312,0.99535706899007559,9.6573837714140698,4.1513351255359972,-1.4685309886491529,0.2917750253712918,0.2886694856490643,0.9081632653061225,1,5
-0.99916521113143386,0.039732090154152203,0.0094995724461648286,-0.040632252162586688,-0.99063323374072831,-0.13036416797795289,0.004230951296527518,-0.13064133044473428,0.99142066845045995,-23.493180709541114,24.044561779247164,-3.2483602207901994,,0.3902423926801307,0.2173913043478261,0,1
0.81545174572452817,0.57780403378547207,0.034364937597161062,-0.57608552395791313,0.80439121388899359,0.14519037194086978,0.056248728705247712,-0.13819288534301732,0.98880675915955141,9.4826032954512538,0.11473108527334842,-1.0543251724593223,,0.07681525155159319,0.2142857142857143,0,1
-0.15285913214840108,-0.98287140660645456,-0.10294602369343463,0.98027473924671582,-0.16400675754891111,0.11028698505751969,-0.12528176768238289,-0.084057013709411627,0.98855394244959394,17.679288094836117,-7.4700172430011316,-0.18282601777798538,,0.1694216892534405,0.3157894736842105,0,5
-0.93798792655579055,-0.34644739485841464,-0.012363342241778902,0.34498092083720699,-0.936343633957192,0.06518253912017527,-0.034158657670965119,0.056875317525780469,0.99779676505912773,6.3315505346319751,-0.29865730543286995,-1.089906176845304,0.4578008616134804,0.397302200686672,0.9508196721311475,1,5
-0.5728819866048741,0.81877891529200642,0.037514227926199316,-0.81600350146188261,-0.57404943624127835,0.067864057887947707,0.077100681096869322,0.0082663549594979013,0.99698904324475046,-15.340188940033178,0.41231479969534118,-1.3155175284986447,0.1058082251950968,0.1134719557101765,0.4385964912280702,1,5
0.8345980138923913,-0.52287952158768236,-0.17332963137072641,0.54821328326053398,0.75759597638966913,0.35427465703164362,-0.053929131863779102,-0.390698531431102,0.91893759650696571,-20.550298165139921,14.73215029490046,-2.5805684643090978,,0.5892510999829856,0.7083333333333334,0,1
0.98705413711093903,0.15912680229810364,0.020069658755437328,-0.15964659084453264,0.96275918394139859,0.21819193332524969,0.015397936351920808,-0.21857130307264064,0.97569948704979348,-29.796742898345151,8.7723455786483218,-1.8851313932929126,,0.07563204974034084,0.2666666666666667,0,1
-0.56892841090536861,0.81885410363555899,0.076147358614056665,-0.81870861661690342,-0.57269833857774666,0.041627083341560372,0.07769597378197024,-0.038659668253806283,0.99622726609372492,13.951663628652277,2.2664295839171591,-1.2179233550345692,0.3038749188091929,0.3274241906813824,0.3714285714285714,1,5
0.34091843410928879,0.91721756702438717,0.20612267227632666,-0.93633998114075323,0.31172305567935543,0.1615431096495874,0.08391698875557746,-0.24807392305477993,0.96509961542755096,-11.1126849294549,-13.888357458005517,0.12499808361693207,0.8144284992765825,0.4593457925544708,0.9014084507042254,1,6
