axis_00,axis_01,axis_02,axis_10,axis_11,axis_12,axis_20,axis_21,axis_22,location_x,location_y,location_z,dbh,dbh_approximation,score,reconstructed,number_clusters
-0.6697162318722728,-0.71508193143663534,-0.20034470319839986,0.73998623017814424,-0.66528823812565929,-0.099055233876834334,-0.062454366649117229,-0.21459121963516334,0.97470511465876208,6.3275695437366704,-10.735161824158473,-0.56578423470319961,1.270052159236505,0.4171601545131374,0.1458333333333333,1,5
-0.5510344899582782,0.82493350443333391,0.12587972092342234,-0.83422141127717198,-0.54833153618362562,-0.058370912218574947,0.020871699574866717,-0.13717594428267577,0.99032678064718238,12.098319859854751,13.328564166094301,-1.6839920854409856,,0.178796748261859,0.3478260869565217,0,4
0.85811316537016613,0.50958565460664973,0.062962338246799782,-0.51270438117331174,0.84373016809168189,0.15891387912222138,0.027857008886161539,-0.16864715850287182,0.98528276295935568,2.252253493095854,-7.5458038962193168,-0.77250328291238635,0.3496213943361767,0.1953814696307459,0.1428571428571428,1,4
0.63433856607338335,-0.73267683292219732,-0.24657502325065966,0.77269547485833801,0.59119422851035519,0.23115165435162827,-0.023585731394480867,-0.3371558136457764,0.94115337251663878,-11.085144615957592,-4.6023291462737843,-0.89840328065501107,,0.3840555342794173,0.3442622950819672,0,2
-0.99632190881238825,-0.082496909576198915,-0.023171403298336193,0.085367258365774495,-0.97902048688814758,-0.18501707340784529,-0.0074219417640387607,-0.1863146429126529,0.98246209525700301,-7.7013056685608241,-10.525711483362391,-0.57863968146034661,,0.08975234361345458,0.5,0,1
-0.26248099052543744,-0.95554176674763824,-0.13432669732256619,0.96456490243376891,-0.26369142570013532,-0.0090211421208905036,-0.026800720246300778,-0.13193469601675351,0.99089603762516243,-1.0779348973203131,-7.3033085619355402,-0.76974168734427084,,0.07259408665019366,0.4333333333333333,0,5
-0.99930162303739334,0.037353962520104367,-0.00097348799531164125,-0.037353388102404274,-0.99930193752165986,-0.00060171648375908322,-0.00099528493485106259,-0.00056493318392689411,0.99999934512898336,-1.639896306027123,21.559339146361488,-2.0144661796452095,0.4916179000785683,0.4748858946286846,0.9375,1,5
0.69994474839018062,-0.69453227073438717,-0.16644000153071181,0.71404198064039393,0.67566947848261893,0.18334340929024426,-0.014879485345635133,-0.24717540483543746,0.96885650132529311,-13.899442151621525,-14.607823020390482,-0.33127613838588804,,0.7035178575477241,0.3076923076923077,0,1
0.31137520107882544,-0.94158151174552851,-0.12833448831909769,0.95000781587586158,0.30515840461949251,0.066056777584588347,-0.023035492786020122,-0.14248720935259282,0.98952855504175019,-15.24592936388143,-7.7029094467001258,-0.7319850694582023,,0.0766082175676676,0.2222222222222222,0,1
-0.019083518617803698,0.99917745795723989,0.035780257507065864,-0.99942801490403255,-0.020063165471731724,0.027223379956176099,0.027918852808601551,-0.035240273854808733,0.99898881913487358,-16.882943273582971,3.2982203228865465,-1.2499527605670542,0.555701174478081,0.483704457042182,0.7295918367346939,1,5
-0.99422640272698104,-0.099325797320523657,-0.040598597355188164,0.10458748932845581,-0.98160363306051435,-0.15973654759750189,-0.023985770709664046,-0.16306039846952761,0.98632448476879153,6.2694892205283317,-7.4759552327500076,-0.7922180035089722,0.4550502393682583,0.3729025875059629,0.3571428571428572,1,5
0.99419472170121759,0.087312664846670746,0.062875701974701922,-0.098900107238076504,0.97171876936538359,0.21443274482065783,-0.042374805365164213,-0.21940631672856942,0.97471290339764516,-7.7577014061749479,5.5109727445542784,-1.3398874355661554,0.3391869020476801,0.3649280346096693,0.3675595238095238,1,4
-0.44369118265030161,-0.89357313184923426,-0.068302214279826551,0.89581852261550987,-0.44438606894969451,-0.0054951125923338329,-0.025442267535375908,-0.063624521692411354,0.99764954330770395,-7.1045897697473626,-1.8943858484723359,-1.0539829231679754,0.4763398562181595,0.4184765192958546,0.9412897016361886,1,5
0.90747071945461311,0.41950902697942,0.022562571114721864,-0.41986918298283804,0.90379195891854713,0.082885247031659989,0.014379238987187043,-0.084689263055924294,0.99630365160888257,-13.948487369129491,-20.169759848938529,-0.014377506748909813,,0.1857821604801302,0.2608695652173913,0,2
-0.66575558829103754,0.74406029786945516,0.05606933024097864,-0.74565572197213348,-0.6606268272181246,-0.087004249608454112,-0.02769550413823179,-0.099731982303227482,0.99462882059409363,-0.69220415499887311,14.946608804200231,-1.747312362394174,0.5403891616291607,0.5650231407830014,0.5384615384615384,1,3
0.27385623702778311,0.94084342332991633,0.19954050771165707,-0.96018118861847812,0.27937757344744202,0.00050643639821755613,-0.055270665494355463,-0.19173373263842322,0.97988944749106677,-11.746451165299368,9.5351190297996347,-1.4993889336407427,,0.2205330609740356,0.2790697674418605,0,2
-0.65781887058287414,-0.73857021764879194,-0.14760883140004735,0.74999609324177563,-0.66032899496955733,-0.038359855637994128,-0.069138944359494581,-0.1359398837895269,0.98830165150532068,4.8041905807953054,-8.1765442271478026,-0.75104949890161299,0.4686853694737744,0.4119018985560593,0.8364779874213837,1,4
0.080378377212887667,-0.9696250759536833,-0.23101196626676446,0.99631673819121291,0.071209342181285204,0.047772238655216584,-0.029870950380680345,-0.23400094373297434,0.97177738430950977,-11.943212554998052,16.671746229460382,-1.8250143041309155,0.6073058161778653,0.4110491849228828,0.5096153846153846,1,6
-0.91006201234454343,0.39964664196489902,0.10986216479561567,-0.4130903672141879,-0.89620992522563625,-0.16175326408424076,0.033815413678476992,-0.19258850301416905,0.9806967861191932,1.5706720163510715,-10.259747594737684,-0.62796824500325144,0.5125378716983268,0.3914033534925765,0.8076923076923077,1,7
0.61208078251239606,0.78604281232948758,0.086566811562877974,-0.79060590907789385,0.60586141528809645,0.088736925776261841,0.017303531724182669,-0.12275439971852266,0.99228622137950473,-9.4330069319809251,-24.981424428301796,0.27636068377491535,,0.2250953707944402,0.6363636363636364,0,5
-0.38074580284649107,0.9205958774362436,0.086809354692772345,-0.92408042042713134,-0.38219806738548212,0.00011777105082292421,0.03328678713842733,-0.080173984148207311,0.99622493547782975,10.213811273281644,-3.360918410874512,-1.0162931805594988,0.1361513276745871,0.1653065724751229,0.5151515151515151,1,6
-0.57054047173715361,-0.81980204595232886,-0.049073165399434376,0.82073472704187711,-0.57130614822820158,0.0019475174325809452,-0.029632379881474016,-0.039164913494484623,0.99879328772951215,5.0193820599508001,9.8319581020827478,-1.5545718110811444,,0.09508123035699338,0.2432432432432433,0,5
-0.58490698013831943,0.80826085817062876,0.067810100536355986,-0.81109330999837104,-0.58250520648223347,-0.053059654135483761,-0.0033863049712717758,-0.086035280962924759,0.99628633603411043,8.4079831467163721,-2.5718548704274551,-1.0706564155452636,0.1442998614580814,0.232835195477065,0.3809523809523809,1,5
0.76944754332141818,0.60649096760218768,0.20029773911254134,-0.6383779555860204,0.72014296953899148,0.27178610936796477,0.020592811814959186,-0.33699081536523323,0.94128270273124015,-11.155958179032348,-10.252774436368515,-0.56681843525105091,,0.4953745521759565,0.1076923076923077,0,1
-0.91967690238367872,0.39264437944928804,0.0049786051104119423,-0.39263492017193902,-0.91969017249004115,0.0027939375107352703,0.0056757980528773042,0.00061474557523238742,0.99998370356938371,-13.094765604979683,5.9772061937432808,-1.3557963050729365,,0.07607167537522731,0.3142857142857143,0,2
-0.91447374137366566,-0.40361392180139466,-0.028871758972169797,0.40433828418776768,-0.9142297303311584,-0.026354356731073145,-0.015758435142531578,-0.035774324685650651,0.99923564258644393,6.1375198269973286,14.895587214258732,-1.7541116404699368,,0.09811729233236945,0.3125,0,4
-0.81143767211326578,0.5646575076036382,0.15076738169196965,-0.58390864055948066,-0.79424880011347276,-0.16798673459023092,0.024891841140903211,-0.22434514174627634,0.97419179508937559,2.784468430407077,-8.8556677914698394,-0.71084612500563193,,0.2494302256356494,0.2222222222222222,0,5
0.27187983818089562,-0.9533453450737186,-0.13120215934581031,0.96221454191359523,0.26718558796412079,0.052488445531163636,-0.014984289130317664,-0.14051517573038286,0.98996512891551869,-11.95525568995688,-25.092680099790176,0.27097799128682371,,0.1883488581880748,0.4545454545454545,0,2
0.32601176406890159,-0.93108704970236844,-0.16368639395264484,0.94508264078567616,0.31675473599179477,0.080530983555023417,-0.023132915385957808,-0.18095121746842716,0.98321997799192351,0.75963337735228509,-6.8405008746148646,-0.80061934884274721,0.179113931747802,0.1562907477507662,0.1707317073170732,1,5
0.63050182331979121,0.77606659527639432,0.013714608507850201,-0.77567680889457824,0.6293473869650309,0.047406272405783059,0.028159171393037443,-0.040527844951248608,0.99878153509667211,-16.147941737057792,11.601144483176794,-1.5961823417984791,0.4299468567343531,0.376202503979284,0.9396551724137931,1,3
-0.058725575658883374,-0.99455717698059332,-0.08606583805393371,0.9982345541171711,-0.059272608759261387,0.0038121932486264304,-0.008892790901967141,-0.08569002023144065,0.99628215817744614,14.520749607256171,12.705357971174262,-1.6540327808174469,,0.2963688139035122,0.825,0,5
-0.94798974031719152,-0.30868105885792246,-0.07766245010103992,0.31733773471447652,-0.93552385691269169,-0.15521557677464812,-0.024742966265772815,-0.17178800030722177,0.9848231661424387,-26.703337304366865,3.5837479456803085,-1.275546229513389,,0.2676781455820662,0.2727272727272727,0,5
-0.96560599023069782,-0.24908010164595815,-0.07459339511398963,0.25760004697145422,-0.95541106021383337,-0.14433267759375423,-0.035316956704920598,-0.15858376015568917,0.98671368875879328,10.32836071143022,-20.666180964435554,0.072180434931709253,,0.5915116384813224,0.6206896551724138,0,5
0.91950552742655489,-0.38004703493614722,-0.10036850237129157,0.39303999278758411,0.88543399636028286,0.24804475837839099,-0.0053989907898513365,-0.26752736182622783,0.96353513769491017,-15.79859786963417,8.7596033951487797,-1.4777396315031504,,0.4337856246016391,0.5714285714285714,0,1
-0.023638198697019133,-0.96854457559175799,-0.24771483737180439,0.99950606160084055,-0.028028962851070739,0.01421302447292362,-0.020709137730356431,-0.24725651120500866,0.96872872842772173,-7.2593852080744448,-14.716715585962742,-0.30338479786640654,,0.5495374001974959,0.7171717171717171,0,6
-0.91490618119570022,0.40263483390095023,0.028842159063698573,-0.40365689905393232,-0.91303995810174821,-0.058473436325584764,0.0027906013805136989,-0.065140044819703508,0.99787222984950508,13.282368558041671,29.036391088289591,-2.3440786678166652,0.5436125531552135,0.4445139993297659,0.7555555555555555,1,5
-0.49517134770113136,0.86053523728409442,0.11951753765976229,-0.86877757025372582,-0.49133322027341697,-0.061783493586769996,0.0055560633435890062,-0.13442757175580161,0.99090784541851362,-5.1174663812231342,-9.3601603145629735,-0.65046436370384053,0.1812761689587871,0.1577239057982352,0.3717948717948718,1,5
-0.66485935771930871,-0.73207443022530294,-0.14842190897359839,0.74667800666221074,-0.65689054272460723,-0.10472234358492888,-0.020832398326094109,-0.18044900523214294,0.98336370061677281,0.70966309296362773,-10.481073725199963,-0.61060551054090684,,0.09840658670216626,0.2727272727272727,0,5
-0.81119849437351232,0.58463942523169332,0.012399402844627715,-0.58472953983286202,-0.81121093451616388,-0.0053089517103610175,0.0069547086925045506,-0.011556910753687966,0.9999090307827182,5.9425041550149222,-3.7369493031407859,-0.99610650886888874,0.2144560517485666,0.1789503726808658,0.8169014084507042,1,6
-0.99778752322737341,-0.06645778856734344,-0.0018495487344470482,0.065843736879191386,-0.98395299341901266,-0.16583458341234855,0.0092011306678378268,-0.16558945944866668,0.98615184941971845,8.6316917745043451,8.1907098396282336,-1.4898397836434911,,0.5059725035754026,0.2083333333333333,0,2
0.80583738702273233,-0.5912656717596021,-0.032109361174622486,0.59200469288189594,0.80332627467407003,0.064786881574076222,-0.012511965560532258,-0.071216583861821017,0.99738239853170918,-10.953915709400864,5.633431637475125,-1.3447211258475062,,0.07294218473536354,0.3278688524590164,0,2
-0.1098315305574606,0.98407497204801586,0.13976224198295731,-0.99364504444021795,-0.11219108568649598,0.009093181614995836,0.024628450109651329,-0.1378753410918081,0.99014333798900778,3.8466883820218349,-3.7897458532353023,-0.99044361648286827,,0.07276869296844948,0.3043478260869565,0,5
-0.82764579733395727,-0.55991849823637685,-0.038648537982164687,0.56062780780756682,-0.8280082667223545,-0.0099383777511424746,-0.026436627400639741,-0.029892901701958838,0.99920344232769598,-1.8283837487687138,-11.359336202847571,-0.54672336807574418,,0.08552626792386328,0.3333333333333333,0,4
0.29309277264534073,0.95525784197870889,0.039737664265109239,-0.95572104577331574,0.29158318833262414,0.039705502738802773,0.026342158017636532,-0.049615517935032015,0.99842094884422994,-36.336500886864499,2.4607044569391814,-1.251096614839033,,0.1773619068776828,0.25,0,1
0.48378110237556332,0.85952295722696037,0.16485184555869317,-0.87512464158179903,0.47280146886040636,0.10303219273494904,0.010616340264622551,-0.19411094004013446,0.98092213568464381,-7.928220358759007,8.8030768277949694,-1.4670951516182624,0.1120365596981733,0.3530956558201439,0.1625,1,4
-0.91794081833323871,-0.3911807420606615,-0.066047566787689624,0.3964385140834602,-0.91073470829057812,-0.11575316698118324,-0.014871401716118102,-0.1324383560595111,0.99107967553333065,-2.3698075969981058,31.508481755352182,-2.4152964261709111,,0.5035921748301537,0.5416666666666666,1,2
-0.90645457863015566,-0.42216566522598253,-0.010781835870212869,0.42217513086803027,-0.90651305934029602,0.0014940288017112277,-0.010404602682952799,-0.0031975537215882758,0.99994075819180894,16.353968176703187,-7.2584862486955206,-0.77565340712150332,0.2224516238229441,0.1493153216619474,0.4545454545454545,1,5
0.048469545720891863,-0.97543036428017138,-0.21490999878521785,0.99703800608084292,0.034385994449682281,0.06879547816567011,-0.059715304302558461,-0.21760792224999162,0.97420781900274966,-4.0569608690601235,-20.141875677099758,0.021550863841565113,,0.4603013323156839,0.3125,0,3
-0.72702633183726739,-0.67727955348422375,-0.11280567028061086,0.68545981226038055,-0.72545014573716138,-0.06218465908803239,-0.039718491804336065,-0.12253363816577709,0.99166927396519,-12.378120463641649,-17.247482299726656,-0.1511085696529417,,0.3932573505537842,0.5,0,5
0.87761028914592354,0.47636563972135754,0.053627956124291248,-0.47909240105148954,0.8677483693553153,0.13222419875313512,0.016451493546969054,-0.14173406356289772,0.98976805544835667,-3.416563978011542,-18.286333546156182,-0.082862471065459339,,0.2621417975388215,0.8194444444444444,0,5
-0.99981246734930407,0.0072908108987144163,-0.017940853082742129,-0.0044164099250929064,-0.98785347981243421,-0.15532545749438084,-0.018855382686938277,-0.155217094737997,0.98770042424048066,-10.196682574042015,16.563836211076229,-1.818315355053904,,0.341393920992941,0.2380952380952381,0,4
0.53146332969315369,-0.84286333085772946,-0.084428281321367607,0.84673757697113505,0.52576330583155906,0.081292201262616548,-0.024128923235766802,-0.11469242231500833,0.99310797163601428,15.120680813782149,13.764982949806045,-1.700935626125059,,0.2402639268450539,0.1111111111111111,0,2
-0.9499028672613552,-0.3052038409529394,-0.067343583482237276,0.3122718695050154,-0.9357894218798638,-0.16365951672173867,-0.013069899942184713,-0.1764901509017526,0.98421562899101422,-15.794123764714479,7.8366445562144857,-1.435937058710185,,0.3138006190202585,0.1176470588235294,0,1
-0.8819600355875219,-0.46584719238677907,-0.071644183098230466,0.47132222112752298,-0.87126782680781245,-0.1369223788904157,0.0013636340696027026,-0.15452756166764417,0.9879875369594382,-1.7978583467157705,-18.211587251496614,-0.094703070040358675,,0.3161357584477519,0.1052631578947368,0,3
-0.81795114745488084,0.56410955973463384,0.11285532771315179,-0.57508767872898947,-0.8069515202492219,-0.13454889721426086,0.015168459096034762,-0.17495613331194926,0.98445937918493376,-13.263555637831702,3.574749216244399,-1.2599090402831867,,0.08392358708631784,0.3584905660377358,0,5
-0.29954053642059747,0.94496873759449629,0.13156577066215441,-0.95388811504332049,-0.29382693921722769,-0.061344875656720116,-0.019311422007805581,-0.14387430194201287,0.98940752686682998,9.9461171999796996,4.7579659805987573,-1.3657975585788051,,0.2432316407754413,0.1162790697674419,0,4
-0.99758231592790481,0.069445622549290986,-0.0026131315807354175,-0.069411035193074205,-0.99752099785656156,-0.011574412670831372,-0.0034104459155139713,-0.011365049229558688,0.99992959977923768,-17.178042665095209,5.6015159649174437,-1.3308663750513252,,0.2305164897335223,0.8571428571428571,0,1
0.88554724163140075,0.46088382459271149,0.058242450736662559,-0.46452973434132799,0.87967443843852544,0.10190686076334843,-0.0042671714042081862,-0.11729868962038817,0.99308751309315513,-1.5449536258589069,12.390606653879866,-1.634432323213548,0.7549398561979708,0.6235402163678799,0.7935483870967742,1,5
0.55216783670411818,-0.82740972638342059,-0.10248816905187873,0.8331784029340652,0.54313267378346275,0.10402234160537807,-0.030404423917150144,-0.14282872034341934,0.98928030792658883,-14.337801512824109,-12.578757132058323,-0.42104934227533874,0.2474644811829462,0.3090251647195374,0.8839285714285714,1,6
0.77723201022788868,-0.61337492369788837,-0.14029114460908032,0.62890787489749578,0.75034255406213446,0.20361958760254339,-0.019628733250827955,-0.2464898670171323,0.9689465714314931,10.064641892941243,13.431279029389051,-1.7032589854067874,,0.6091702171527621,0.2307692307692308,0,6
0.74641517310579342,-0.66036689732005516,-0.082340453492396229,0.66499979788679175,0.73544211823235095,0.13000061361562845,-0.025291464330395582,-0.15179081544611892,0.98808900923865561,-12.967214696578639,-23.598855192093005,0.19938423200124025,,0.1892470911949941,0.5161290322580645,0,3
0.66216201025070853,-0.73019351230947072,-0.16840102957494049,0.74920613618455556,0.64052786513656301,0.16856517874996174,-0.015219647964072552,-0.23778454231668683,0.97119867882482935,-8.3139907059369911,7.4493450763853337,-1.4104895851343313,0.3916090395071788,0.2877676639933269,0.27,1,2
-0.59586180704711256,-0.79830147032127097,-0.087541243910782787,0.80263985165828899,-0.59561833690589183,-0.03175004364438179,-0.026795063584738963,-0.089182729406298775,0.99565479225639908,18.566585484740564,23.711715532861355,-2.1014388231928995,,0.2484113284944579,0.4285714285714285,0,3
0.24342619756414405,-0.96345915897486034,-0.11175927400854321,0.9696178345696933,0.23885642467141177,0.05280968923946263,-0.024185558166823148,-0.12121904710335114,0.99233109464307045,-23.291068867750983,4.1277793287031894,-1.2895444091725166,0.3560331154459185,0.3859815856656851,0.9357142857142857,1,5
0.87215459453676147,0.48912373731686826,0.010214343914098445,-0.48687283093570904,0.86571537638425844,0.11615392196783249,0.047970925830806144,-0.10627726325531768,0.99317870173997103,-8.81819353917985,-15.452457672685785,-0.25522493923515055,0.2937063411801244,0.2625795200815242,0.7794117647058824,1,5
0.89614086580674079,-0.43107301427350525,-0.10539262306394344,0.44354712330731,0.87758579384179602,0.18195912687434432,0.014053399480341178,-0.20980760427643741,0.97764168852950772,12.717007034244075,11.838864709173238,-1.6226768812586247,,0.3440164563232522,0.1785714285714286,0,4
0.12434156234612855,-0.9610720558288337,-0.24673807849268597,0.99203541224065717,0.12545404362725682,0.011270483489169271,0.020122542926606087,-0.24617430093839887,0.96901666488438554,-2.5668964696630807,21.351551208415668,-2.0050438042964958,,0.2919142026965959,0.3076923076923077,0,3
0.11142717507379175,0.99352750713508076,0.022069826030734145,-0.99343414578626987,0.11078219444300803,0.02856402248101262,0.025934198290650714,-0.02510772710429748,0.99934829734116115,-10.497681187329272,11.333574011387293,-1.5803769803907901,,0.07767482991111235,0.2285714285714286,0,3
-0.97124875501454633,-0.23344820451722006,-0.046666815730021689,0.2378010407115923,-0.96060372542965167,-0.14384417863492971,-0.011248151811619297,-0.15080589676256076,0.98849939837233192,-15.777082535616433,26.570685761713786,-2.3059788144205107,,0.2475726519406941,0.1904761904761905,0,1
-0.67319401489979358,-0.73869759539300994,-0.033699864446066256,0.73914907930962614,-0.67354034870034896,-0.0014273150829091261,-0.021643864230544811,-0.025870083749359684,0.99943097906157208,7.040739467253351,9.4427429700510572,-1.5439963345070897,0.1475647347177055,0.1040895567263574,0.6716417910447762,1,6
0.98595412388897319,-0.16658034966785973,-0.012060376895473788,0.1670024732440456,0.98422968273672873,0.058327571099182372,0.0021539537365387845,-0.059522422031465627,0.99822464493660401,-8.6646114251331365,-1.2000694310183255,-1.0920602525155458,,0.08720686451520668,0.603448275862069,0,4
0.99439500716342344,-0.1044676664306534,-0.016281167003232171,0.10567819028034045,0.98682632064504194,0.1224987060390416,0.0032695301689337998,-0.12353266593375657,0.99233512011808389,2.2934044456808085,11.000054456347552,-1.5887054775416714,,0.8333708205232288,0.6642335766423357,0,3
0.91243391086045855,0.40826194120565884,0.028045421638405951,-0.40884460493100044,0.90649373082394635,0.10542867255019665,0.01761951562054978,-0.10766291534168002,0.9940313120467722,2.7789640100094051,2.5099371640895254,-1.2907949154298113,,0.1646862208104187,0.2,0,3
-0.99882115709541386,0.047381815294465328,-0.010547972221248396,-0.04481274104188103,-0.98358102679717252,-0.17481470751894249,-0.018657823530422061,-0.17413594489369863,0.98454484830153211,-14.425814446059206,3.6188594863931982,-1.2572326842478405,0.2622696056312103,0.203298569402263,0.2,1,6
-0.98851086813100741,0.15100549266206753,-0.0066033910053452053,-0.15078906771747544,-0.98822664917192504,-0.025898782274943306,-0.010436505343159741,-0.024605508576670158,0.99964276034186683,-1.6229675300847271,13.848274778668658,-1.6973774290634966,0.4131170108761699,0.4076404490548472,0.8950276243093923,1,5
-0.86069731676449901,-0.49530729806405693,-0.11777440043946262,0.5086412611030019,-0.84656688921406309,-0.15687118788984861,-0.022004463591267329,-0.19492353005963042,0.98057157872903544,-3.9660101311908753,-14.792323614243836,-0.28941999102296168,,0.3079534233048485,0.3103448275862069,0,2
-0.086476505712179755,0.99226293891682327,0.089084645208700602,-0.99610613779075552,-0.087657287370348086,0.0094213707313117213,0.017157395355820889,-0.087923034655435647,0.9959794996693373,-10.038557499323622,9.1360539527936702,-1.4816891064461077,,0.08735157172351278,0.1944444444444444,0,3
-0.0052755774814193575,0.985681135128612,0.16853743837441051,-0.99908692729844284,-0.012341063502579352,0.040902443117512531,0.042396697791143877,-0.16816776743239467,0.98484624282839717,-6.1769861548490601,-11.691017114249062,-0.50439509623278334,0.8243920478629452,0.5179204916938555,0.2105263157894737,1,5
0.39493101904072103,0.91753454651700472,0.046474144933400359,-0.91841755363838928,0.39302152484520497,0.045202634627033646,0.023209639556287139,-0.060534593053749329,0.99789622490291197,-12.612164270654247,7.8986031100270688,-1.4347352017799304,,0.0681647814543343,0.1063829787234043,0,2
0.35590660305220312,-0.93062966481469822,-0.085199277407283197,0.93449995716611012,0.35379676344456001,0.039213266029388488,-0.0063498000267074011,-0.093574981394791715,0.99559198615526445,-9.8448022916807396,6.6090759043495089,-1.3823889280623904,0.188867739159525,0.105305456528494,0.2191780821917808,1,4
-0.45405950888654212,-0.88454614174844803,-0.10680863966761735,0.89068380240595346,-0.45368503766273249,-0.029193333702022262,-0.022634631019409473,-0.10838823607246195,0.99385092632633576,5.3440957164756684,14.618189384037297,-1.7385025495827076,,0.1715629301388462,0.3125,0,3
-0.88366411499701891,0.46636849660046903,0.040474155274103578,-0.46758809100930859,-0.88347817240469462,-0.028769706823844762,0.02234074781211615,-0.044347990519048926,0.99876631236947333,3.2813421507022289,-15.057485673909781,-0.29344457715991201,,0.08409348404428224,0.32,0,6
-0.40357379922864561,-0.91366466468373198,-0.048425913357619928,0.91454481328897119,-0.40440027694724573,0.0082583588703377987,-0.027128823461349955,-0.040954810625296607,0.9987926363486308,-7.9180162463366761,-6.1125307926941179,-0.84598453987039801,,0.09113408630644984,0.4824561403508772,0,5
-0.99995571200842859,-0.0087354340882112875,-0.0035023153780500836,0.0087043365728786213,-0.99992341042265565,0.0087981710344599267,-0.0035789029803638839,0.0087672960493003944,0.9999551619814967,-7.1626278589716286,7.5517628350480335,-1.4129642256655992,0.1104962440428894,0.08970866298330341,0.6164383561643836,1,5
-0.84251239144581846,-0.52946496887976113,-0.099195347619747978,0.53805798538427507,-0.83597814895046829,-0.10786166530127601,-0.025816169825595859,-0.14424763847808089,0.98920480395569954,14.518018551849078,10.675616737725049,-1.5635405359792161,0.2073111811110719,0.3732655354668219,0.4,1,5
0.67297458805213661,0.73899408923253374,0.031510949135734996,-0.7388297375064703,0.66957907311327047,0.076121506979916306,0.035154271606406363,-0.074509066080251873,0.99660050986324067,-8.9825695358954238,-8.2178421694556079,-0.72653026575846991,,0.09125651088672243,0.3461538461538461,0,4
0.97234477027958455,-0.22742937363693258,-0.053118054530022718,0.23354803037091157,0.94589709502035602,0.22524209895558892,-0.00098245600905621155,-0.23141859397888509,0.97285377582709021,-13.94788893008244,13.4423235650819,-1.6883340856425435,,0.1684759016853586,0.2352941176470588,0,1
-0.01461794704129914,0.95442320079805676,0.29809842234183176,-0.99955836987537661,-0.021662695497921498,0.020341898530951988,0.025872395257822381,-0.29766941630297805,0.95431836289650573,3.0806599955881779,-5.0869224439876168,-0.92057876442452957,,0.3839063179054768,0.2340425531914894,0,1
-0.85073140683884929,0.52452313888352076,0.033638522467099891,-0.52547055474449278,-0.8502011595274146,-0.03222862756546483,0.011694849913771744,-0.045093958730825313,0.99891429330622539,15.822154983415457,-4.9945467176272222,-0.87728163762729894,0.4672993975802334,0.5039476970198644,0.8229166666666666,1,5
0.96002108783916007,0.27848658143031652,0.02836784918478541,-0.2796583771994921,0.94971568559227448,0.1408236791244363,0.012276113646497373,-0.14312700829421116,0.9896281910548459,-18.712064861339574,-19.74739133734192,-0.016237240075043336,,0.1781215514115318,0.375,0,1
-0.35349888625880255,-0.93133434207696586,-0.087492174974985543,0.93507570802973849,-0.35440598551683433,-0.0054605569795348309,-0.025922146255112185,-0.083742108272414587,0.99615024049368273,-2.649145324855438,-6.1714746329926609,-0.86250357454000581,,0.07398813790975896,0.1333333333333333,0,5
0.85232154170436947,-0.51835852382815939,-0.069659387891205238,0.5224985908191232,0.83795382206111524,0.15757098300511482,-0.023306911822810115,-0.17069807517327007,0.98504769173549334,19.559860574843494,6.4175968302494226,-1.3887250416249914,,0.247428665088783,0.5384615384615384,0,4
-0.058540158303994616,0.9949893850801147,0.081050437652352841,-0.99815020030762436,-0.057004554902621032,-0.021134293132320518,-0.016408153204795477,-0.082137715443325682,0.99648590968972495,-14.168084788255991,-4.1824405185828439,-0.91241534516882183,,0.4086028199277042,0.1923076923076923,0,2
-0.088466291126790095,-0.98651719885233269,-0.13768635263822426,0.99549187010673468,-0.092311430076348872,0.021783857065619038,-0.034200173766605023,-0.13513850763496979,0.99023630102543081,28.309772443760515,6.4957212691604251,-1.3233128230251288,,0.7105662062294016,0.9736842105263158,0,2
-0.18532914738495895,0.98241636388745646,0.022609623962199437,-0.9823668703371502,-0.18579924475924353,0.02083201168601358,0.024666560229501627,-0.018350166567163321,0.99952730437612403,-3.7944038863522755,-1.6791250597970746,-1.0954124568909589,0.1390463848389194,0.1258316979254437,0.6260504201680672,1,5
0.77076487209744859,0.62932073584043835,0.099382711684941658,-0.63667617888888139,0.75498060603110473,0.15699594820363563,0.023768785750567577,-0.18428156706017693,0.98258605163404822,-0.82693207796226376,-13.370216582647075,-0.37714936548411487,,0.5066637456201681,0.2571428571428571,0,4
-0.85960963322405126,0.50962255174783078,0.03682571409275625,-0.51039713584404367,-0.8598001024818126,-0.015444982824882856,0.023791641191999554,-0.03207239501960376,0.99920234151401865,-9.0394990383214591,-18.167454155654088,-0.11370834218758213,,0.150789258872542,0.2857142857142857,0,3
0.80801875340228513,0.58754028075378417,0.043613216368221935,-0.58914861394139884,0.8061800276523986,0.054568064885112746,-0.0030991678149533473,-0.069786685736908133,0.99755712300234323,11.314009882383928,3.6746926609416102,-1.3276910457453974,0.3240346162047582,0.2254782034590027,0.3902439024390244,1,7
0.99991348308793515,-0.0098531428535784116,-0.0087144658391566879,0.010474789190704024,0.99717127542262218,0.074429337384075492,0.0079564521217162579,-0.074514180180212719,0.9971882128373295,-4.9541981404584998,13.318148081684114,-1.6616991167133242,,0.1089653961197179,0.2571428571428571,0,3
-0.31143245837212347,0.9297310750652954,0.19649415240720638,-0.94931927368119251,-0.31363644835409926,-0.02061782920775752,0.042458691568504188,-0.1929567472822791,0.98028819904583864,18.589887869402904,17.89816031015345,-1.8761563878909102,,0.4527248832466849,0.25,0,4
-0.9905084093380514,-0.13693359941923139,-0.011928133998921578,0.13684183728422714,-0.99055896683326294,0.0082002923664621329,-0.012938415640250184,0.0064901907762264918,0.99989523192402929,10.042266354665896,-11.196957299165739,-0.54078606581362321,0.5182971522588697,0.4647993178630053,0.918918918918919,1,5
-0.89548626897751127,0.44494309919193076,0.011400901465024161,-0.4449677284575978,-0.89554650757211851,0.00041642126021662965,0.01039532125626645,-0.0047001337066263967,0.9999349209019146,-4.6900995091089621,18.425793436684256,-1.8805378568337481,0.1044099457329598,0.1030763828327857,0.3333333333333333,1,5
-0.75787015776730882,-0.65116191093261633,-0.040261516567776358,0.65228071943000165,-0.75748757190202542,-0.027247779246261931,-0.012754882423352085,-0.046912089748345431,0.99881758535270571,0.32395263852921946,-14.981098638094407,-0.2860413772286079,0.5655490500897662,0.503978826871313,0.9797297297297297,1,5
0.70094000673840118,0.69881939948446625,0.1425992771992213,-0.71165907396345018,0.67206224247000013,0.20463065433038086,0.047164280966160356,-0.24491588178467583,0.96839647947035623,3.0114043659604515,9.66448713332918,-1.542891861906744,,0.661882081542198,0.3684210526315789,0,4
0.91971492241055786,-0.39153815314646895,-0.028676403644720024,0.39257853417827698,0.9167621465091006,0.073683520752358442,-0.0025604682732130184,-0.079025574080040822,0.99686930068266377,-2.9833414577016586,8.0936437368206189,-1.4599254060894786,,0.06839643651068482,0.2588235294117647,0,5
0.86061159431788492,-0.49692512681909184,-0.11141410171723588,0.50925460179411852,0.8409227279597048,0.1830538613422921,0.0027265870869950443,-0.21427641946009532,0.97676925718729479,-11.56929496182847,7.7946728244146373,-1.4253233007282882,,0.2194513766941045,0.3636363636363636,0,2
0.89809816792184505,0.43911490619765003,0.024449538450709834,-0.43950673704679832,0.89410879098666984,0.086042419601209924,0.015921961747857902,-0.088020276274181075,0.99599142671948504,-7.0249375820301427,17.622699893416847,-1.8568282790044377,,0.07896249081434091,0.2592592592592592,0,5
-0.73369971225025032,0.65610736144507309,0.17665747224921927,-0.67822164813204078,-0.72293988573580592,-0.13180788146904615,0.041232611473906111,-0.21652032668985993,0.9754070021694321,-36.907332803116461,1.3488823127856728,-1.1770119737024294,,0.4768609578552799,0.55,0,3
-0.96155024583783621,0.27284750526075152,0.031230811743902014,-0.27436664226481822,-0.94942941389455127,-0.15266543041625436,-0.012002930539169891,-0.1553641751010674,0.98778434020470229,-0.88705773838176927,18.661598490716141,-1.8999665533497467,,0.459810656531829,0.4042553191489361,0,3
-0.96000403715988425,-0.27119517278794969,-0.069609100649542482,0.27802400095270657,-0.95272734557086736,-0.12252860847875099,-0.033089326541552021,-0.13698095947248926,0.99002086503821896,7.0612981145758296,6.2533391972386587,-1.4192102746814592,,0.1828688345371119,0.2592592592592592,0,5
-0.988961233276753,0.14651106261761188,0.022140180811886897,-0.14755084763211748,-0.98743787618141388,-0.05652599442188503,0.013580369610894502,-0.059168819601184502,0.99815561128925911,-10.397289268564149,8.1210208761900144,-1.4446425551338695,,0.1001352930412629,0.4102564102564102,0,2
-0.53543494862669672,0.84146496840231988,0.072430123158876467,-0.84379922266009122,-0.53664979088339004,-0.0031422576342969594,0.036225510725913616,-0.062798956173626255,0.99736853944575099,-9.7780898241521523,-10.711445702233327,-0.54601565893775916,,0.1185572501554926,0.3,0,5
-0.12285769692107597,0.96573451225135065,0.22861066937895605,-0.99152883615390208,-0.12922917121362221,0.013053290111249853,0.04214918009329717,-0.22507037378136996,0.97343041531656327,2.2103326391557241,15.202281947620252,-1.7578281095669905,,0.2567807819598665,0.1,0,2
-0.98385282974552546,-0.17398889884223295,-0.041969899706689573,0.17864333502480373,-0.96898699491287221,-0.17073594390443234,-0.01096212812085833,-0.17547668440390854,0.98442255407811197,5.3874345994034742,1.1709686244829809,-1.2492532613919349,,0.09006109725741872,0.25,0,5
0.95614060963328396,0.28732562606100831,0.056913260482425065,-0.29286822301256105,0.93458555703384394,0.20193573367089693,0.0048309998504999794,-0.20974704096217475,0.97774374978726164,17.641004213144605,13.743481502936021,-1.6861321968711298,,0.2744750739511638,0.25,0,5
0.13674541618655167,-0.97932847951549906,-0.14905173719829126,0.99028629372891086,0.13132116915623224,0.045692526567245949,-0.025174344174675449,-0.15385213596600447,0.98777313825294633,-12.469097271743715,-7.2432865309802601,-0.7606167173631625,,0.08707615864642372,0.4375,0,3
0.61540399944660262,-0.77224113429523666,-0.15786560096338698,0.78815697880907698,0.60052956806877811,0.13480658229357426,-0.009300226861393087,-0.20738338500837575,0.97821553729369559,3.4703004871267296,4.2385773496236023,-1.3510958400881747,,0.07774386025049709,0.3793103448275862,0,5
-0.12927929764005838,0.98214617098657708,0.13665929173714375,-0.99149046178680345,-0.13015436185078189,-0.0025507404819470306,0.015281602909503056,-0.13582614220988634,0.99061482509848175,-2.1703816901438291,-9.1970940028563462,-0.67824588875893854,,0.1081492857079902,0.2142857142857143,0,5
0.61773766921309725,-0.78548180595975514,-0.037663039460101778,0.78620612623924724,0.61586971617563446,0.050837188765921137,-0.016736161419168102,-0.061014958853928859,0.99799653090429463,-12.281237794495258,3.759175866505224,-1.2678800379682953,0.6067874847421972,0.527154592662776,0.9936068193926478,1,5
0.65130274105054142,0.75473504460869323,0.078611398280191272,-0.75881725815912615,0.64794139918370963,0.066093206486930317,-0.0010527202472100795,-0.1026983722527869,0.99471198651504689,0.20113347005928908,-12.43569913460882,-0.44673513601934689,,0.1393094096266,0.2592592592592592,0,5
0.871235189980059,-0.4842484638530602,-0.080328506747986708,0.49079749777985432,0.85664040134322084,0.15901270062343678,-0.0081890117501288162,-0.17796249054920624,0.9840031971716755,-16.351326572018426,13.608658293846641,-1.7055911242801063,,0.127689604818726,0.3846153846153846,0,1
0.98712883074800506,-0.15916153658811466,-0.01562935625626485,0.1599250848157632,0.98287972250363054,0.091495455285254795,0.00079922008603768805,-0.092817327919388945,0.99568283347919462,14.655332351656114,-5.790409032833753,-0.85590237768077781,0.1228007716386718,0.1255101926108264,0.4117647058823529,1,5
0.34046560235601575,0.9400628878104611,0.019103417856810502,-0.93988905981696014,0.33969382096880646,0.034880699993020473,0.026300738558945463,-0.029830771982451348,0.99920888516575213,-4.4079315295171924,-5.2598477904527394,-0.89957690367756182,0.1197551275058053,0.09088342647392453,0.344,1,5
-0.13091359754794535,-0.97498708227671071,-0.17961575479505881,0.99066289415664799,-0.13560778683054397,0.014055543109170007,-0.038061267953479833,-0.17609860176749231,0.9836364279230948,-12.999796475394374,-10.340598078955482,-0.54631454955068848,0.3785269999010341,0.5030115887439178,0.5104166666666666,1,5
0.94619410129290782,0.32326774717803414,0.014652177754411742,-0.32296634935766988,0.94054253800134358,0.10522581143698763,0.020235114555834332,-0.10429620244491941,0.99434040564309889,-38.197325550284987,2.6055168846612022,-1.2207701555933552,0.5258691610698241,0.4385255593075972,1,1,5
0.67471885847913005,-0.73078707101196383,-0.10346361125717167,0.73807311948681475,0.66775288483567341,0.096716881073774158,-0.0015913213448228306,-0.14162041390771046,0.98991975738490379,-21.786716731572859,15.667768686930808,-1.8244667404093788,0.4951944482617431,0.6669528311050309,0.9148936170212766,1,2
-0.060658724306601457,0.99397503944673005,0.091291511776103534,-0.99775041825708566,-0.062995016607112458,0.022928819212491652,0.028541584281627397,-0.089695311134642589,0.99556020869013917,-8.0758655296810886,-16.4979194615483,-0.18573310060072248,0.2552916831672123,0.2413532569999275,0.5128205128205128,1,6
-0.99909874587348058,0.025787561574934611,0.03371494716081589,-0.028905641863809194,-0.99500676566905277,-0.095530100707846607,0.031083112174923155,-0.096418555998464647,0.99485541773500519,-10.84083802936601,3.5793500272340228,-1.2576792044764682,0.6306968946093039,0.4722112272134646,0.2586872586872587,1,3
0.86709591881431491,-0.49193098346156455,-0.078412850261292272,0.49562452063007678,0.83615691291133087,0.23494244303829476,-0.050010020253630279,-0.24258096483676064,0.96884130453501027,-7.3508769980985784,-9.8115883835710438,-0.61562059430464178,,0.5343063332279145,0.4864864864864865,0,5
-0.98522118030067085,0.17092094711510039,0.011191770379581967,-0.17128389219695428,-0.9834898590134733,-0.058391142235100092,0.0010267233387703928,-0.059445160063159086,0.998231044790859,3.7575453134237433,2.4299876799458673,-1.2924632254095823,0.2115302943247047,0.08407534689642912,0.3333333333333333,1,5
0.27521704126791546,0.96086398789079053,0.031559102812684543,-0.96109346170860666,0.27418175615367169,0.033521969713248834,0.023557123268810456,-0.03955706469261383,0.99893958805135097,-6.8979193480891423,21.521398675388422,-2.0234172798781338,0.7210595290112995,0.6355205982209635,0.9642857142857143,1,5
0.5271315847154876,-0.84837617570997559,-0.048889230747238679,0.84954214326923616,0.52473734032008923,0.054119039933397367,-0.020259299219189932,-0.070061317155165864,0.99733694037352882,-5.3432925802296207,-0.99965676023849759,-1.1219879053421493,0.6129357215560651,0.5393442905590309,0.9867411025819958,1,5
-0.77596753670212393,0.624766530017838,0.086839881125593057,-0.63057947605766163,-0.77175171006413112,-0.082272853286694675,0.015617501697847393,-0.11860051004341784,0.99281922456112748,24.025066075830878,20.257842853436596,-1.9696562968592566,,0.6560546671138452,0.6486486486486487,0,4
0.57821695270533635,0.80404509966989379,0.13847972162373667,-0.81586959770405321,0.56884322720564062,0.10379875916647688,0.0046856319086360457,-0.17299959699116255,0.98491074940550538,-9.1618200705018449,12.292372597999597,-1.6032150771587828,,0.3438722106842765,0.1666666666666667,0,4
0.62315178916546288,0.77882765448151126,0.071479593414549056,-0.78134601552774596,0.61593018314645021,0.10064001941620858,0.034354791205842498,-0.11856430366685861,0.992351880240671,4.4357607326326454,19.245227511338598,-1.9421460743876182,0.4592683622818639,0.3960019172481984,0.7222222222222222,1,5
