axis_00,axis_01,axis_02,axis_10,axis_11,axis_12,axis_20,axis_21,axis_22,location_x,location_y,location_z,dbh,dbh_approximation,score,reconstructed,number_clusters
-0.41633616471929386,0.90303569615946977,-0.105786243947933,-0.90128320213940771,-0.42523401925508647,-0.082852992761281968,-0.11980311969295832,0.060848667445945956,0.990931204565629,-33.369731379559369,-4.8859546928291522,-7.0036594712570679,,0.1322728372075952,0.1176470588235294,0,4
0.71495219796853038,-0.65945668499310617,-0.23229342487007765,0.67750749430802226,0.73551051696096714,-0.0028061711059523217,0.17270480530787916,-0.15537425802787874,0.97264170698456764,-0.88945309102021419,-6.0035688015663569,-1.6146147070930745,0.1848787470666978,0.1766115096078912,0.7323076923076923,1,5
-0.95138460490186116,-0.20041830314017972,-0.23387996349012388,0.25471448629286586,-0.93887596856343758,-0.23158680041537213,-0.17317004368045905,-0.279900731368246,0.9442815875316164,-7.1052624091078105,-13.212549917643571,-2.641360238205833,,0.6201462710785647,0.4795918367346939,0,1
-0.21167662835247208,0.96833607137441291,0.13235655588030887,-0.97323160393226615,-0.19644109152222708,-0.11929435304734237,-0.089516758859765275,-0.15406540960489448,0.98399725581249375,0.93226926251266728,14.733337253570511,-1.6310936603889163,,0.2679203574173975,0.3529411764705883,0,4
0.79810366667438049,0.58130994221957899,-0.15845910613650507,-0.59034869792262712,0.80704821648996194,-0.012711849646341389,0.12049461441064123,0.10369150079462761,0.98728370824246348,17.185594815370784,11.159383226746527,0.90733767974365553,0.3792018015629278,0.3381634101491605,0.7407407407407407,1,5
0.97922231059780618,0.075892658225895651,-0.18805310647501008,-0.077354727445771293,0.99700353808520747,-0.00043724977876540499,0.18745642845548005,0.014974961535376063,0.98215876413018377,-10.508308368439097,-8.1962852000347031,-3.0340665401637725,,0.07752429065971561,0.3043478260869565,0,1
0.47283447668949818,0.88081566529630817,-0.024317101438910898,-0.88001296985073785,0.47344609256666226,0.037762022295464652,0.04477421744991323,0.003544178604604395,0.99899084492790347,2.8012446317952069,-10.338645489825337,-1.0551498424608248,0.9754999219172665,0.6181921489077865,0.4505494505494506,1,5
0.2707163210336952,-0.92060352539572321,-0.28142818365428074,0.95713984109720185,0.28866554907514969,-0.023569585519598077,0.10293686468124294,-0.26298545550297769,0.95929278746558244,0.11596411180750446,10.089555134598372,-1.6139512980727748,,0.08166195280837717,0.3255813953488372,0,5
0.86390065039621078,0.49731422612033793,-0.079713403787159881,-0.48310628881991441,0.86295200433871799,0.14806131132216691,0.14242183802933692,-0.089400216476917649,0.98576042796727581,-5.3225789215844816,-8.6461734916030881,-2.30374287991802,,0.3109977087215064,0.231404958677686,0,4
0.16210489765227917,-0.87025465389823653,-0.46516538943219365,0.98169233631860608,0.19000432629570102,-0.013360868318824813,0.10001079426972018,-0.45448343573487587,0.88512295624515491,23.566018174156959,7.4164485772045294,2.089863390806876,,0.3539773132550801,0.2307692307692308,0,3
0.98063199727831551,0.049996662956782158,-0.18937058802022774,-0.051287596704334332,0.99868208061598307,-0.0019194480517855605,0.18902504685420513,0.011594634522738545,0.98190381204680566,-14.870366283273944,3.0310976744458387,-3.7290281603374713,,0.07974002480871173,0.2307692307692308,0,2
0.56062278787115505,0.81638502251992806,-0.13862750349303143,-0.82489209629621674,0.56524454549672698,-0.0071856283115171709,0.072492200874346713,0.11838115893728648,0.99031852553663668,-11.08911882197569,12.970808532544702,-3.3104612039041572,,0.1043807481008116,0.2758620689655172,1,5
0.8428687967119145,-0.49427098624687749,-0.21276368036849577,0.50435757511755286,0.86345898834186441,-0.0078747617859015965,0.18760497848125007,-0.10067158291286485,0.97707195458823137,-1.4976290823876117,8.3563958159506164,-1.7645667621076733,,0.07624917163199327,0.3538461538461539,0,5
-0.30438298064053193,-0.9297836109977794,-0.20701071908554788,0.9525039912785277,-0.29922373177064865,-0.056580075501194593,-0.0093352929712753815,-0.21440054819234247,0.97670121185547987,-0.087935215460399008,-9.9258597050925363,-1.4883630665766023,0.1714885638048914,0.1248806747698467,0.4948453608247423,1,5
0.61970686855876722,0.78460717989000839,-0.018840656202346234,-0.78365947034603378,0.61991413012690166,0.03980333913103791,0.042909574666506772,-0.009901743990575803,0.99902989137857368,-6.8628221219426058,15.234863712542907,-2.7749950237350633,,0.499155725647318,0.1809523809523809,0,4
0.10629745536948319,0.99372491239167871,-0.034808755710623966,-0.9939168065088031,0.10517325637326229,-0.032679777893751621,-0.028813759236060141,0.038070784546594211,0.99885954099797825,3.1169886242976479,16.075930082685424,-1.41054075929686,,0.6093649585780699,0.3333333333333333,0,1
0.93649705078555923,-0.27812386890282498,-0.21358929611868366,0.28988219551051742,0.95673028480252897,0.025208626850241025,0.19733622727708314,-0.085523538796034429,0.9765982478562264,5.1719865477721747,11.782772631643764,-0.97498397997836173,0.3899779174753494,0.2955166257800128,0.746268656716418,1,2
-0.34004830961049148,0.93541212373873317,-0.09680550549241812,-0.92192710472242512,-0.35190226143620879,-0.16191112368892566,-0.18551970436903975,0.034190015482261485,0.98204556011019617,5.6405140877169186,3.7448520065821436,-0.77456997524650018,0.217137647888986,0.1558762948931024,0.2857142857142857,1,4
0.61725830001846049,-0.71824018055494698,-0.32112806494406054,0.77507587525435939,0.62521536367389607,0.091450186576111897,0.13509100139168514,-0.30534700270759846,0.94261000911324777,-3.7562715534852931,2.2002668834024686,-2.0521142425139609,,0.5008936739246694,0.937365010799136,0,5
0.95991502022085984,-0.13064003643078539,-0.24798454555828794,0.1587463390510343,0.9825559127147927,0.096868355137762444,0.23100379605599905,-0.13235202782943922,0.96390880633862597,2.5722630494605387,18.885698412291323,-1.6071203714709084,,0.4205107693131358,0.4878048780487805,0,6
0.92837966925282744,0.35623971970999846,-0.10585108322049919,-0.34383447817854151,0.93144461414342683,0.11911667557018715,0.1410285124848919,-0.074190247904592999,0.98722174093875914,14.58037021282242,-10.458665235781394,1.0182208127483294,,0.2127365596679026,0.2,0,2
-0.27792839954344628,0.95997710525387348,0.034637582415804336,-0.95781736780364668,-0.27419910308623879,-0.086027564189594175,-0.073086898011279253,-0.057085981248422485,0.99569046198303668,4.5967853304918753,15.253496177416398,-1.1367879931632008,,0.3407844341064188,0.2531645569620253,0,3
0.85206943241803212,-0.42612700658848324,-0.30396291976942291,0.48274197389464307,0.86423036809015719,0.14165471227974027,0.20233108752516865,-0.2674353101718081,0.9420936715073468,8.8039495569493287,11.892165114001282,-0.42001355909855043,0.5487290674181687,0.5977512351452191,0.7096774193548387,1,4
0.13892542950726833,0.98837341328518402,0.061787708706629384,-0.99005294094549068,0.14002136890353381,-0.013754649234498869,-0.022246329166957127,-0.059262232166657117,0.99799453339044875,-5.2885432802600683,16.455775986252807,-2.5936621158159627,,0.4497885292668345,0.375,0,1
-0.97380885331051203,0.17073709950336377,-0.15015045809868111,-0.11523024456101021,-0.93989606028130379,-0.32143022043064479,-0.19600588754543855,-0.2957097203692528,0.93495318242501479,-12.95445928446922,-7.8577481707525703,-3.4253122902942117,,0.3031756527590085,0.1818181818181818,0,1
0.68390603858341037,0.72930893241602557,-0.019519515551010547,-0.72457706982623571,0.68210717198903148,0.098579286887021986,0.085209156029002753,-0.053275576198901872,0.99493774313245453,7.9700495499702022,-13.612481543790228,-0.19321282794966424,,0.2916471247315066,0.2307692307692308,0,5
-0.69556346212373077,0.6976681942531916,-0.17161165719711677,-0.69780103709024877,-0.71287768934721563,-0.069850645428284897,-0.17107069531109853,0.07116523560324936,0.98268526316787286,-7.9462546946786174,16.247275168775417,-2.9050909128806528,0.1960488877188931,0.08634417658888316,0.4642857142857143,1,5
0.21214470624469686,0.96764554604341468,-0.13658960734512132,-0.9772299601046377,0.20948429681281591,-0.033733284197202534,-0.0040284843602083681,0.14063579420326539,0.99005320296566768,-2.9687329687750101,-19.610284873302191,-2.0888463419395231,,0.1261522386016223,0.375,1,5
0.80270018795928766,0.59637733295798867,0.0025465631821902936,-0.58253573031679107,0.78314084814835117,0.21758339749568281,0.12776748864404933,-0.17613769810974,0.97603841120633938,-12.84693507683474,-11.417989184625688,-3.5221133267380043,,0.3654301156543277,0.1428571428571428,0,1
0.77532131662788883,0.6123427239247502,-0.15463907798099888,-0.61737377172058616,0.7864447496201652,0.018822374620966753,0.13314083511039482,0.080876722555331917,0.98779171578567793,-8.4271906000764556,-16.980813473000801,-2.9446751121487154,,0.2869895384565729,0.7941176470588235,1,4
0.19107529235174134,0.9782320060940094,-0.080946741169646022,-0.98150803502809036,0.18944538380334458,-0.027430343251581168,-0.011498253258327951,0.08469113772345116,0.99634090619783044,13.032208669957829,4.7106624398690977,0.25833342379466911,,0.09884368354581771,0.3846153846153846,0,5
0.69367539494558994,-0.68730024650977883,-0.21548275475006748,0.70162323151808548,0.71241699702669914,-0.013669796691221649,0.16290883168569897,-0.14170530510555229,0.97641196175781442,2.2057657938903246,-6.8004465359291002,-1.167650796907556,,0.07975172882508227,0.4347826086956522,0,5
0.34047706530696786,0.93101866028928404,-0.13145197675615553,-0.93996283681825499,0.34050120158280689,-0.022995589169289118,0.023350233414951842,0.13138944369244754,0.99105579090465745,-5.5034134780852479,-14.20955418907351,-2.4261900267043695,,0.08157775025426242,0.2692307692307692,0,5
0.34791013126772125,0.92833212032048995,-0.1309886061554246,-0.9372877967448463,0.34757120920412293,-0.026188558676946486,0.021216188028696254,0.1318852869491052,0.99103791272175035,-18.389499961221166,12.917907298324938,-4.3552478234030501,,0.0968847011213423,0.3846153846153846,0,1
-0.97651011056096537,0.15201114149328596,-0.1527108929779428,-0.1293603840389487,-0.9803850938683758,-0.14869754121031314,-0.17231916612352846,-0.1254499126448691,0.97702017604750002,-9.5958689264731554,11.240899671098077,-2.9438970602857633,0.678695708370063,0.3076870716858573,0.2941176470588235,1,5
0.97415706992209261,-0.10540396378840346,-0.19976988646564756,0.10752080475838985,0.99420280223448088,-0.00025411260351673986,0.19863856540187,-0.021231873370006451,0.97984280774432819,28.312107714014648,5.9462689193103015,2.9759832979734013,0.6224040961395815,0.4939623134843055,0.984375,1,5
-0.89561702792631381,0.40978460807680883,-0.17305118974388034,-0.39980591426016571,-0.91210298131826817,-0.090682867141039902,-0.19500094925673903,-0.012030230823333451,0.98072927117288977,-5.585049460575525,1.3021104967332096,-2.3010851542145496,,0.06798677448861493,0.1769911504424779,0,5
0.97758330414051053,0.060708073270249144,-0.2016070765264357,-0.031630548755508685,0.98900848041172884,0.14443591679048529,0.2081595346150337,-0.1348211983090814,0.96875840777531097,-17.083663388476054,15.281941131653026,-4.2441907669648797,,0.6481194772824075,0.4375,0,2
0.73984881715789252,-0.5835736202717805,-0.33476194149418304,0.64909190837228192,0.75002290015296003,0.12706432910841514,0.17692773167509993,-0.31129966104869161,0.9336964703774312,14.241247462194758,14.183860865498723,0.3762697057070109,,0.3077125164341808,0.1,0,1
-0.010686176320124032,0.98811281212172453,-0.15335865204335414,-0.99830008732785036,-0.01933012192208778,-0.054984379851784317,-0.057295211639920719,0.15251038294941283,0.98663967172203348,-8.0776925187715438,14.439101763880441,-2.9402328772102932,,0.08073940112046205,0.2333333333333333,0,5
0.93352973590091737,0.30800194176473983,-0.18345854043328952,-0.31732734245293492,0.94803466304734607,-0.023100549613856519,0.16681004142593106,0.079781461066179629,0.98275598627005289,6.8111237504158053,10.714230411698908,-0.61580374104910851,,0.09273418480745532,0.3076923076923077,1,3
0.80359326205748427,-0.55546712269469645,-0.21376188804622467,0.56609399911276326,0.82422736351832993,-0.013668847652292784,0.18378099288101141,-0.11002512818850933,0.97679016058863533,-1.050165185407927,-8.9118139585322709,-1.6693512409637306,,0.06699755378873035,0.2121212121212121,0,5
0.55365279862617012,-0.79701597197547513,-0.24131746515616745,0.8193018110178466,0.57320481421085412,-0.013445572816975693,0.14904066906816416,-0.19026765721343356,0.97035307882348942,-26.031856930550941,-10.116417858247569,-5.8325597101447064,,0.2807161207884907,0.2941176470588235,0,1
-0.073368490863503971,0.99101399639025178,0.1118406165354689,-0.99525037481497747,-0.065560931683755264,-0.071961487390161227,-0.063982466184559467,-0.11658912125657278,0.99111715797152922,-4.0138979933827805,18.775916009476628,-2.4443372720573553,,0.3162637346458679,0.25,0,1
-0.58339507790572731,0.79374146414141111,-0.17211818956176889,-0.79746593590282844,-0.59997670409969694,-0.063843837700219799,-0.15394240530145589,0.10001221245585601,0.9830052355962754,3.9024185974517764,2.9058360790791817,-1.0254159324071874,0.1587454004634731,0.1120462868792947,0.509090909090909,1,5
0.2720531778487757,0.95914108236735052,-0.077688175017626163,-0.96144465715232075,0.26756143258586174,-0.063522051492825249,-0.040140249820325782,0.091974256766707702,0.99495200710213827,6.4162786052667222,5.7621483542136884,-0.65206791541234244,0.6468950934185225,0.6342661644974021,0.631578947368421,1,2
-0.90767985366403658,-0.33697580746868394,-0.25012914351043303,0.39363734639327108,-0.89026623468771349,-0.22907568814570003,-0.14548856579435418,-0.30638755940114593,0.94072298827407874,-2.5194258593821175,22.275909783389988,-2.4168041828759903,,0.3881681043373339,0.1666666666666667,0,3
0.43605294938729766,0.88454780654061649,-0.16562911360876167,-0.89897187672390522,0.43660261655952887,-0.035038836636996702,0.041320578289030324,0.16417470315964738,0.9855654603588252,0.53155523909590996,-6.8106816192482764,-1.4257364887988633,0.1990612906112434,0.1901646286858585,0.6217616580310881,1,5
-0.37475206965943203,0.91771531909104831,-0.13175537708794727,-0.91944546737700805,-0.38612931755586061,-0.074324845399904929,-0.11908366305185079,0.09328849462533001,0.98849195139095225,-1.8516532455522308,15.043140529250817,-2.1020706732668613,,0.4928153683151451,0.2,0,1
-0.39903110475826498,-0.86278199748906392,-0.31045354281144705,0.91634356201697942,-0.38740392528209744,-0.10115668552328405,-0.0329947539077362,-0.32484676923867284,0.94519094511625756,-1.193793874640988,-16.089539320082284,-1.7535558764996479,,0.2454544466531883,0.25,0,5
0.57409916383869375,-0.79151022870944188,-0.20957506513905858,0.80449724735837669,0.5928989632698376,-0.035425955828280883,0.15229684524804968,-0.14826455140012249,0.97715059930678683,-0.58167230157995231,8.1471860005955197,-1.6027930552709853,,0.1116500371904494,0.1538461538461539,0,1
-0.83059185979591066,-0.50933326355441,-0.22515947476796075,0.54191284667668205,-0.83236767683431601,-0.11616590363879632,-0.12824831011574706,-0.21850326587595262,0.96737205549571148,16.081397244643753,-6.8196079642984762,1.002648108317969,0.1652067827522437,0.1387837030876003,0.2413793103448276,1,4
-0.55808582995066358,-0.77728668595876926,-0.29045759456332493,0.82699313085575221,-0.54970156437609596,-0.1179430016570452,-0.067989469226343191,-0.30602875347539937,0.94959140377354601,10.290889851776877,-7.2585022979170875,0.063243640292216588,,0.07932916998779846,0.125,0,5
0.81029284831756976,0.56104336572832203,-0.16928036430028584,-0.57257499644799237,0.81947855203185938,-0.024754316842718588,0.12483338258647969,0.11698394989059303,0.98525701320011627,-8.8237023334785345,17.930785490921465,-3.0894043381433161,,0.1224240281973001,0.5416666666666666,1,5
0.96734662030379215,-0.13949261663710716,-0.21161835007995899,0.15953035994565973,0.9838897008040921,0.080691516947212535,0.19695324430544234,-0.11181621776543475,0.97401568416642736,-43.462901876146979,-9.8680997597453839,-8.7934403342424492,,0.1129399632232263,0.5454545454545454,0,1
0.095327407622602819,-0.95555625714568204,-0.2789711898847117,0.99267631153124203,0.11214380655371384,-0.044916669248440871,0.074205295502981092,-0.27264630215974123,0.95924843916366997,-16.958316503745237,10.366797379813352,-4.162072305354136,0.9241274856746933,0.6281804897009191,0.82,1,3
0.1600173110146457,-0.96339449863989723,-0.21509416581121951,0.98448417604875205,0.17165194365613065,-0.036421385869885373,0.072009494410478297,-0.20592875037122618,0.97591392165769097,-2.8890800199407907,11.887108574007378,-2.016886321779999,0.1610344818090938,0.1350374766396932,0.5774647887323944,1,5
0.98051917365546026,-0.039972039969914712,-0.19231324997164378,0.035549384334323128,0.99901930841611108,-0.026394368438071796,0.19317968673611363,0.019043566694231229,0.98097856816553264,-0.21958392085464723,1.4140635527785634,-1.5467352429604244,0.2741855920411023,0.2138678059304915,0.7610759493670886,1,5
-0.81484132732316483,-0.54072690162504289,-0.20892110746692327,0.5645321626690134,-0.82207639920865827,-0.074120383002074977,-0.13167022669711989,-0.17833903589261957,0.97511955147993068,-6.521393118555098,0.083111776298274834,-2.4193336112651065,0.2317418451116871,0.2062400844599241,0.8228206945428774,1,5
-0.50810500583065599,-0.82332896299083036,-0.25290061635012401,0.85951161725735392,-0.50358824563778382,-0.087399420221798418,-0.055399303691260088,-0.26177910068586963,0.96353651700110476,-9.4954956371247583,6.3151206604706731,-2.9617807868514374,,0.07265539768740277,0.253968253968254,0,5
0.4024864388802562,0.90431805857296155,-0.14217424329434178,-0.91504037508878899,0.40194237058942361,-0.033814829325633157,0.02656649157975258,0.14370518314863706,0.98926388888979411,-4.1391364489924829,-16.068971745019283,-2.2217291845061085,,0.5007353738515681,0.9352941176470588,1,5
0.066134883470688521,-0.93722016576748968,-0.34240989773526859,0.99317598969783516,0.094866991208927623,-0.06783588627481911,0.096060557337772107,-0.335586970631644,0.9370985831097135,18.733975748666328,-10.092405295846882,1.665598140257311,,0.2429405127312573,0.4,0,3
0.8647524573661729,-0.4606913423472051,-0.19991666905362099,0.48090450826415387,0.8743338841352648,0.065353752640170237,0.14468600972580961,-0.15265564561872749,0.97763091831751703,-12.123784467300441,10.099142831677511,-3.3249565615555183,0.6609217430912091,0.5603224533595169,0.4788732394366197,1,3
0.93077848514851291,-0.26045600805502078,-0.25654254901026019,0.30130165416319166,0.94394917393050304,0.13482310719770688,0.20704763892197189,-0.20278714186053026,0.9570834082319436,10.03435584869694,-11.264805221753026,0.172257521891133,,0.3343744903859203,0.1304347826086956,0,5
-0.24610842196838614,-0.88551689003084055,-0.39406913366354784,0.96924179545006561,-0.22443222925425288,-0.10099760603449683,0.00099327184782549449,-0.40680463608724382,0.91351464217546152,-7.8706398258849024,22.237963486563917,-3.0421771618194784,0.6899461099502041,0.7369256361143973,0.6052631578947368,1,2
0.82567762673102663,0.56004295418782835,-0.067884800805399353,-0.55068374237369422,0.82625069180379296,0.11856310631497144,0.12249029594674615,-0.06051184808219396,0.99062326019559788,-14.409421336892795,-7.2622522478242439,-3.6606837411425892,,0.4986240318217118,0.3557046979865772,0,4
0.079683627575521013,-0.92325865698724641,-0.37582438956846864,0.99349314113447396,0.10433509893184981,-0.045667993711542829,0.081375045408049324,-0.36973996190429242,0.92556494237619591,-0.064943842527201923,16.800994091617738,-1.9293924817059516,,0.2001631844330243,0.2222222222222222,0,2
0.81280559657616414,-0.53927151067289969,-0.22030274612686107,0.55234496903623242,0.83361128334035384,-0.0026950821904299549,0.18510023596643749,-0.11949253560042376,0.97542782233282244,-4.7946311542332296,0.63974514528231385,-2.190154836922158,0.2462685635131611,0.1830707524224676,0.7278382581648523,1,5
0.1218848342686793,-0.92676540166355348,-0.35531672836314365,0.98984097393746617,0.13990031196372821,-0.025352495478339128,0.073204736799091494,-0.34861697174957368,0.93440209413203479,-10.086874012910211,4.3575813505306806,-3.0022860351594729,0.2977766861467577,0.1528389749168269,0.1906614785992218,1,5
-0.68745754610813259,-0.68054545217839513,-0.25349558145713375,0.71939333972862163,-0.68592146878321603,-0.10947584855289755,-0.099374770707087293,-0.25762303115517665,0.96112175543233558,18.172386933420444,-5.4263060043518889,1.3132859938792052,0.6716039961414141,0.5379379714048899,0.5609756097560976,1,3
-0.28287990774081234,-0.91078669582959748,-0.30074333325337765,0.95909456158588624,-0.27212734897804214,-0.078002101731669896,-0.010797209497109793,-0.31050652269797074,0.95050992610760709,9.6652376979668038,-15.383602171076973,0.044205667409038162,0.7089783141036836,0.5022637194240065,0.1578947368421053,1,5
0.98122719969792749,-0.01942162594724943,-0.19187491503197757,0.03364313446130842,0.99689874333110451,0.071140951979031669,0.18989818871327291,-0.076260710660402936,0.97883756667436328,1.1868733548331851,5.6505801995828229,-1.3360248478413299,0.2629345750110232,0.1367797942106481,0.3362068965517241,1,5
-0.3919703539795899,0.90612413188390362,-0.15905439075598254,-0.91207581656033465,-0.40536319238151347,-0.061631056360136216,-0.12032018304055822,0.12091211634865068,0.98534426150111432,-8.8251757698549547,-9.6834255811540153,-2.8178604591563317,,0.07049800649191762,0.2631578947368421,0,2
-0.63448513742599166,-0.70982755124659247,-0.30589778991811573,0.76773012804032681,-0.62460916542704192,-0.1430169254449232,-0.089549209291344439,-0.32558906301625268,0.9412612289686082,19.390448952528129,10.049254892512401,1.3021933436917981,0.2863694840281376,0.3405322128779534,0.125,1,5
-0.88474107486613884,-0.40185285381898128,-0.2361091152883556,0.45076966747786207,-0.86654029223988416,-0.21427699084762658,-0.11849024148260971,-0.29601048258863516,0.94780686686214533,-12.546644473791085,17.611195085658427,-3.6585689075811936,,0.2950658047705889,0.5263157894736842,0,4
0.34312565045936849,-0.88800187369442141,-0.30613307614831792,0.93623849045273555,0.34958438195242414,0.035330565941175889,0.075645733466055673,-0.29873639251041723,0.95133290219472799,-7.1435842414459776,-7.5212245733338472,-2.5215595924485656,0.7164895969360441,0.4705543229240909,0.6393762183235867,1,5
-0.33871898799110839,-0.88692247613783692,-0.31406682170488659,0.94068028492034039,-0.3262278114647198,-0.093252434762461173,-0.019749651553061378,-0.32702283765582602,0.9448100417094778,-12.803178232818116,7.764279239588177,-3.4057803834232572,,0.08001249215481196,0.25,0,2
0.97851061909107051,-0.072547192784048406,-0.19301262431552596,0.068241990778275016,0.99725100235009545,-0.02886986328941752,0.19457646060258696,0.015077902071771714,0.98077146055974029,11.04936068499395,-0.82006425428989982,0.070172713898577183,0.5407381662009798,0.4908026546672001,0.9629629629629629,1,5
-0.07014124447287344,-0.96868680185396616,-0.23817238659788265,0.99699743085594239,-0.060223346647050431,-0.048675161892686072,0.032807448703710537,-0.24087139396898891,0.97000239323260917,17.147837393226961,-5.6806792619135527,1.1256471631940181,,0.09829056011130161,0.3846153846153846,0,5
-0.75646110022520241,-0.61359668047323046,-0.22641934007127051,0.64341882667579042,-0.76029406615134265,-0.0892476691808127,-0.11738320716877014,-0.21319485614641601,0.96993254197778278,4.1092213433572198,12.293818519243171,-1.1753263796968274,0.2208782863036345,0.1443901533832741,0.1904761904761905,1,3
-0.88386925355460522,0.43214166250073421,-0.17896571222423499,-0.41851981957698831,-0.90153105435403358,-0.10992233010881253,-0.20884516571391176,-0.022256270271704983,0.97769543068970233,-3.2077635073169324,-15.477795572944427,-2.0705271495994308,,0.100084803597274,0.3666666666666666,0,3
0.34439966766021141,-0.87541637668523153,-0.33916815349740065,0.93190348701403025,0.36255432918275426,0.010499965806312166,0.11377504034992292,-0.31968816966247515,0.9406671645014667,-10.184522579974557,-19.300401920663422,-3.2685583429883942,,0.1158994788877356,0.5,0,1
-0.97734959477697525,0.066228640728952778,-0.2010013351609293,-0.047723312783311149,-0.99427916011628592,-0.095558553648732017,-0.20618015182424129,-0.083801664098313952,0.97491898437156543,4.0530116862425905,-17.929635996101229,-0.91582990763887606,,0.1132422770785337,0.1818181818181818,1,5
-0.74047215678395717,0.6468983943204224,-0.18227301625137649,-0.64835748278170946,-0.75898561722142288,-0.059777984007334119,-0.17701287961241771,0.073914141249664486,0.98142913150906885,-31.850131141850934,-2.5288717572538117,-6.6888356167026197,,0.1553985571386396,0.5238095238095238,0,1
0.87299180889578221,-0.43447784995301425,-0.22161746208518232,0.44794124423905651,0.89398406758302884,0.011879756616582849,0.19296098908960085,-0.10964253192949076,0.97506131698558052,-4.998449233598846,3.0383859058475737,-2.2676916224013253,,0.07512244977818341,0.3967391304347826,0,5
0.54789028980504506,0.83328171373031301,-0.073877032290263545,-0.83467025351577318,0.55044036774892746,0.018465358061523298,0.056051746032202025,0.051545970891025292,0.99709639185569376,-28.448985902165646,-8.5703586613882266,-6.1940595048382887,,0.4272538056375328,0.3214285714285715,1,5
-0.39885211284953237,-0.83636586530361079,-0.37604405517227218,0.90990882491823666,-0.41190814605750264,-0.048965391322698303,-0.1139426277184174,-0.36169575414485305,0.9253071160551013,8.4448575956074983,-8.1568334880926638,-0.19629987392078138,,0.2199307990071938,0.1538461538461539,0,2
0.90721420382897033,0.37821528134976262,-0.18416185632342472,-0.39018747508268453,0.92016596329847455,-0.032377990604603071,0.15721362110061929,0.10123142269331398,0.98236249745189308,-8.9207867229037152,8.2917940552263847,-2.8836883579902532,0.4085141991808062,0.3745557060868534,0.9694117647058823,1,5
-0.34340682712891496,-0.88139848532011944,-0.32435853797403236,0.93814733183590049,-0.33816408461188097,-0.074327892797992332,-0.044173915950850066,-0.32982080279146875,0.94300949263279377,7.061473438731551,-12.43359066669441,-0.32326866833193268,,0.1625154474122345,0.25,0,5
-0.56927971507159725,-0.74018175748756554,-0.35784294304990766,0.81915055046722396,-0.5477684900816614,-0.17012365192088913,-0.070092664931819398,-0.38997518787260688,0.91815378405062431,-9.6830429777206053,7.5810817107032031,-2.9985988758407252,,0.07799683686235399,0.2857142857142857,0,5
-0.23686069170522261,0.96434597259629073,-0.11804176321216873,-0.96520229999610718,-0.24743054057572955,-0.084632426838811906,-0.11082207725515769,0.093888086186248512,0.98939551973168716,-4.3414159523744189,13.419107883980056,-2.3293472409273601,0.676873060962621,0.7192492383318217,0.5079365079365079,1,2
0.2294444634118166,0.96985043133950011,-0.082130256545613206,-0.97329036234513089,0.22794107543345957,-0.027363053490436051,-0.0078172102278322303,0.086214888278200411,0.99624589548134657,18.500737702005047,8.9262511840345411,1.1734898407696279,0.646824279886163,0.3891839079555396,0.7659574468085106,1,5
0.44424622946049208,-0.86674748890045339,-0.22670262039706268,0.8862745784535252,0.46217039341308092,-0.030263823939221324,0.1310063326605323,-0.18747617965266103,0.97349371999293421,-21.414308687990243,10.354739216859366,-4.8293561935394287,,0.2496318389500979,0.3846153846153846,0,1
0.81690116240437383,0.56964638881810903,-0.09041837517270461,-0.56808655253006435,0.82175534814244966,0.044674563610503447,0.099750487201268667,0.014870760093903297,0.99490135229445764,-15.534375899904486,10.658025822272757,-3.9341714969467745,,0.2141127246666956,0.1904761904761905,0,4
0.97766254555577092,0.094205562060423423,-0.18788629299203946,-0.064222654358213435,0.98506954138571245,0.15972930007148864,0.20012845296108256,-0.14409479765425931,0.96911572663143908,-3.8771218936781127,-6.7116975289597445,-2.0445167487924865,,0.2560766159588511,0.2086330935251799,0,6
0.31422742438976164,-0.89418385607174977,-0.31889866306090692,0.94466560315552917,0.32782967140932112,0.011601929083454001,0.094170186238415096,-0.30489824217976974,0.94771780501344882,-10.787284158831786,9.9744480993607283,-3.0984609697245227,,0.1717040035005022,0.2608695652173913,1,4
-0.13993066105290364,-0.94517153019148725,-0.29507658092905437,0.98995160849413866,-0.1274115031213798,-0.061336137082629784,0.020377019830335744,-0.300694342128072,0.95350285247344757,14.923629405903233,-7.623492253167246,0.83878992120509255,,0.07556704140793347,0.4285714285714285,0,5
0.83175341229659794,-0.51147045176246397,-0.21583382058164122,0.52330506502333851,0.85214111620344046,-0.002706842528732805,0.18530534275591357,-0.11069550600388819,0.97642635917751519,8.0638930542608538,-9.53531369864581,-0.20311695290006135,,0.07651557984498422,0.3478260869565217,0,5
-0.47644293236035529,0.87900678019993739,-0.018687230035671278,-0.86975744745449046,-0.4743241839496577,-0.13615634806332552,-0.12854615825187499,-0.048617372234947637,0.9905110985322948,1.0445138322715624,18.619317107616784,-1.8322136585261108,,0.2948692685716648,0.2142857142857143,0,2
0.66772251591390941,-0.66172082455576575,-0.34098708493260693,0.72030328651085995,0.6899574686121801,0.071567219786201938,0.1879090662614587,-0.29340116198732102,0.93733982149551109,-13.544512727564335,12.046748909744126,-3.6799501278392537,0.8547509421355578,0.3636024394470995,0.5694444444444444,1,5
0.94368392593903283,0.27970684652342409,-0.17670520063715539,-0.28403459844075601,0.95881366630875098,0.00083677247280101953,0.16966141226835904,0.049400741973117036,0.98426346669965004,-13.296714717412295,4.1209317900215865,-3.4948467735185074,,0.0769487076186097,0.2933333333333333,0,3
0.60190824721169589,-0.72563939767946106,-0.33339755019186007,0.78304795164907137,0.61821645010995185,0.068149293698787305,0.15666003752309746,-0.30208589068150649,0.94032002387188551,-36.115765911332723,-5.5455115382054645,-7.5124210090165873,,0.1198279295781821,0.4,0,1
0.96397513749363828,-0.16653518621427299,-0.20740772899460339,0.18120025582079299,0.98197882058155161,0.053703474931738132,0.19472647889950817,-0.089351148184240267,0.97677938693113175,-1.381760716556244,10.249755183657909,-1.8029295072133784,0.4362605487779377,0.3543371934086683,0.6842105263157895,1,4
0.96266452409870851,0.23020663248255202,-0.14241460740686135,-0.21893926992104679,0.97153268395976422,0.090497735244456867,0.15919362464698814,-0.055938809059365296,0.98566132089718006,7.9281009445323525,11.223413658770719,-0.47572514996097531,0.6101485397313487,0.3557971742862095,0.5957446808510638,1,5
-0.85619390673798268,-0.46945957769097701,-0.21573061669350782,0.50914008938434807,-0.83762391606166897,-0.19789528701617048,-0.087797286099568841,-0.2792738443816824,0.95618918441793033,-18.828324382450695,14.55968947723543,-4.4892747822048236,,0.1746734168400633,0.4,0,2
0.84843144158881356,-0.45523175168153751,-0.27005210827632481,0.49896442310238159,0.85812614408037591,0.1210538116865989,0.17663123563412128,-0.23745225437276007,0.95520564984282774,-3.0842658535982062,15.903714737178824,-2.3161523357435518,,0.2130941620166523,0.1111111111111111,0,4
0.84147258554758664,-0.49716462243617593,-0.21154485569200754,0.50766093113881383,0.86153996543300526,-0.0054098943581471865,0.18494395574641032,-0.10284078062514121,0.97735331742071629,-19.665251566233124,7.9594039306374844,-4.5248330279742452,0.7612139997250849,0.3945276207813646,0.7326732673267327,1,3
-0.13654204966775127,-0.8980856491268715,-0.41808902820439475,0.98963951636208758,-0.10475270695567634,-0.098186037908000859,0.044383514136924089,-0.42716394653320638,0.90308419676962193,17.52354845318413,-4.0521669705100152,1.2039828614504502,,0.3418217487905379,0.4848484848484849,0,2
-0.43368855464864103,0.89994309429374464,-0.044907288938134074,-0.89419316257068537,-0.43598969247674013,-0.10164436071850408,-0.1110532555966213,-0.0039262051701275287,0.99380670119211501,18.664986919498325,7.4163552986947368,1.2123255001392907,,0.3259956717665904,0.2222222222222222,0,4
0.47724937471829554,0.87724023315360122,0.05179389604589598,-0.87692680638081999,0.47160833380616801,0.092655036211247072,0.056854292553274878,-0.089639013945866375,0.99435025850908354,-14.581766498109351,13.464596351698461,-3.7903475856339153,,0.4711139081726579,0.3571428571428572,0,3
-0.94905811324009326,-0.24456880154357027,-0.19868265904375304,0.26081019514225573,-0.96353892962350896,-0.059755947066720765,-0.17682403627056154,-0.10853032945460044,0.97824047543815262,-11.269682269544552,16.058526067956965,-3.3480703170729811,0.2951364105282331,0.3235298572915054,0.91,1,5
0.96602059514064154,0.1844634433545311,-0.1810454302928155,-0.18552982887068203,0.98257506449118703,0.011176995989759062,0.17995247251242866,0.022792119382133474,0.98341121964859357,1.9079364655265729,7.7837706855387943,-1.2535665838131509,0.1164971384078755,0.08707856821994182,0.4166666666666667,1,5
0.53737997890153411,0.83104255102992253,-0.14349577224945134,-0.84106835533455759,0.54059831982612194,-0.018907095387632543,0.061860972596700987,0.13085004768380354,0.9894703053101378,8.5912541587646896,10.253261987680201,-0.37273117116882576,,0.1646940982088228,0.5531914893617021,1,5
0.61751007243105172,0.78633564542633116,-0.018909341029072456,-0.78231892305023976,0.61649466391489449,0.088946230959917619,0.081599099772676473,-0.040132058213074126,0.99585691985338542,-19.360317035224661,10.947906311658258,-4.5264819952848256,,0.0777425277052716,0.5,0,2
-0.65386106299730662,0.74658230637713896,-0.12280297268644084,-0.7344061539214729,-0.66528884463149773,-0.13430694059191139,-0.181970633285442,0.0023691799174293772,0.98330111136325726,10.036490890782078,10.640066650967801,-0.15901257012567013,,0.3351296989327235,0.1428571428571428,0,4
0.86492975543481454,-0.38167314927128454,-0.32591735960026919,0.46366814569709386,0.85622510493586457,0.2277946890148792,0.19211550908057862,-0.34814390243533899,0.91754425199431267,14.015665759454089,-4.4452918876022638,0.65523790271475224,,0.2561555220459043,0.4,0,1
0.0029704834250816581,-0.96707787770664944,-0.25446326783766499,0.99820821065901233,0.01807503652912764,-0.057040873305044655,0.059762399559863476,-0.25383788429797594,0.96539876946988779,7.6170640622548103,13.146882272952729,-0.69733872704660871,,0.1589207562961482,0.6923076923076923,0,5
0.23670068455646623,0.97116223962748727,0.028577792990794174,-0.97146088404839681,0.23610301942169257,0.022784094975845999,0.015379749491093378,-0.03315521892077123,0.99933187418590241,1.6636459583771759,-11.844542160118817,-1.2701655697724776,0.8829236042891976,0.5733594027723489,0.1612903225806452,1,4
0.90405414681675289,0.3885190403492183,-0.17815458150032318,-0.39808799624832092,0.91712817646110623,-0.02004632595071644,0.15560220713868295,0.089044164476107343,0.98379829736909086,-6.8057215862634788,-17.572354653713241,-2.660671803147272,,0.09577101853156249,0.5217391304347826,0,3
-0.21154510632620516,-0.94886004500230248,-0.23433583376782713,0.97707762323531289,-0.19946718904009128,-0.074378482569059295,0.023832460264645999,-0.24469870350018741,0.96930622526787735,9.3885289901206974,-5.8214569096795206,-0.078818755379857414,0.1059547146628944,0.1415384789076266,0.3454545454545455,1,5
-0.90574613700521356,0.41220046528302429,-0.098563237165742057,-0.39030539609036935,-0.90189068975485598,-0.18508074323453794,-0.16518363442808712,-0.12916640489681261,0.97776807411735411,8.3118953577342189,17.111361685144978,-0.6735965443556019,,0.2546397630073632,0.3846153846153846,0,6
-0.1561286696891751,0.9865119383893054,0.049173508278984243,-0.98572849565818821,-0.1524450287418028,-0.071413206477199939,-0.062953723865493236,-0.059621377267602166,0.99623396851551926,-18.951216602249971,8.9644722001426036,-4.4554127968071882,,0.2646740205154152,0.3571428571428572,0,3
0.58056470076820221,-0.77658991066688621,-0.24464819409169114,0.80604322287956243,0.5906414566791377,0.03790768394236927,0.1150606408458438,-0.21920488202214861,0.96887061500790694,-14.637226589703609,-0.13886609113757087,-3.721995091872174,,0.2888075354741041,0.3958333333333333,0,5
0.50617460120577507,-0.79176400913753964,-0.34190207213268753,0.85077131801194417,0.52338470560835282,0.047503835460710298,0.14133448815627042,-0.31492571150941095,0.93853415424687525,-27.98958461874432,-2.2784577460119726,-6.0322899583921741,,0.6824188342962807,0.3181818181818182,0,1
0.81531562449117445,-0.53873880728545831,-0.21218136106926994,0.54821237417287816,0.83617517954821707,-0.016560854785985058,0.18634276284391116,-0.10281812404507416,0.97708996929840053,6.4416727258316726,-9.7329589328229407,-0.50097254156844317,,0.0823754499704122,0.5,0,5
-0.9286729975082606,0.32518097311770688,-0.17839225998132238,-0.31481742442022703,-0.94539022945363271,-0.084423357757331244,-0.19610316922588777,-0.022240700884389637,0.98033101462910688,-14.078593350761826,7.9896793211365145,-3.5847971437415049,,0.07659647168436934,0.3061224489795918,0,4
0.9800259370309321,0.021291129833544569,-0.19772670668641742,-0.02609058575160433,0.99942403921442813,-0.021699566250433861,0.19715081557473604,0.026424943343930508,0.98001697857102876,13.245455836965526,-5.8216587636188581,0.53184773120713202,,0.1332979264343212,0.7959183673469388,0,5
0.7790900333847367,0.61642484793329178,-0.11418899566503501,-0.61357972428399499,0.78713031691906954,0.062815492790100444,0.12860265093748166,0.02112512810150045,0.99147117312332822,-7.937836701263544,16.927652078196061,-2.9304593137673103,,0.1048107239380596,0.3333333333333333,0,3
0.9652472783984779,-0.18366934000575214,-0.18591198209417015,0.20434824635462506,0.9738977439444928,0.098817906027282063,0.16290944035297986,-0.13337450236712667,0.9775846543201262,6.7554834616476152,-14.820130779553192,-0.40387719945906947,0.3587194650476408,0.2582015590396748,0.5555555555555556,1,5
0.95883345781856366,-0.18262623301795788,-0.21745357937124682,0.20634123536867305,0.97417524826819413,0.091683587670486497,0.19509406642495922,-0.13277893159410684,0.97175514434990307,16.190002990180094,11.689594443803815,0.73034619652576394,0.4332226717129773,0.3241046623108486,0.7727272727272727,1,5
-0.7484622813970534,-0.61544763881851761,-0.24703930294313417,0.65334731588820982,-0.74819848090866214,-0.11548297704701749,-0.11376070563946779,-0.24783711795992538,0.96209940485052192,1.3288575770402635,-17.037418438751406,-1.3638614617667959,,0.08007109787513443,0.3,0,3
-0.93053473701816092,-0.23246836732070186,-0.28295505190363501,0.29321000349457627,-0.93587285499478778,-0.19537116761337911,-0.21939233590363189,-0.26476490983351975,0.93902425179949212,-11.609139780056731,11.754293407513158,-3.3484183379526566,,0.2041138956833362,0.2580645161290323,0,4
0.6452875796886679,-0.69194910336912829,-0.32374430936496701,0.74193104158968093,0.6686289557765025,0.049735792170969878,0.18205018271122703,-0.2722898416097857,0.94483647957248429,1.6102576097350716,12.104674708691762,-1.5063079774311245,0.6776648633362504,0.5343485898873489,0.8952380952380953,1,7
0.07140639429683826,0.98578220574622488,-0.15210052494200293,-0.99682319252869578,0.065133597050220329,-0.045838165017797576,-0.035279593115904513,0.1548904689430822,0.9873015207828707,-4.2684092969005718,-12.423512030417116,-2.1892926882772272,,0.06531660361248291,0.3541666666666667,0,3
-0.97881689769713176,0.089149230420110873,-0.18430923877566804,-0.064927951103747925,-0.98891721513381181,-0.13351817395941515,-0.19416962158904666,-0.11872302357794506,0.97375715747021785,4.521510519608456,-11.499334954072529,-0.79862838250296775,0.3710984020083901,0.1153596396173732,0.25,1,5
0.41708299760016782,0.90471143992293435,0.086827320501267138,-0.90814781700351577,0.41104274568196536,0.079444343373084661,0.036184466067746633,-0.11198692644591346,0.99305065969495754,4.5718675619127715,7.6002546942344349,-0.930058319143376,,0.5087682413748202,0.1168831168831169,0,1
-0.96980818189415541,-0.1352597410817277,-0.20292090275193111,0.19272348396086153,-0.93495040459955903,-0.29786809105560447,-0.14943141925693609,-0.32798253517775361,0.93279028058681723,-5.5972956358701635,-11.780167350854997,-2.3750518124323921,,0.679428419791179,0.3806451612903226,0,5
