axis_00,axis_01,axis_02,axis_10,axis_11,axis_12,axis_20,axis_21,axis_22,location_x,location_y,location_z,dbh,dbh_approximation,score,reconstructed,number_clusters
-0.99402735101019157,-0.019534120223947023,-0.10736872724745214,0.034486211379793588,-0.98966051427859547,-0.13922200868574575,-0.10353901036966498,-0.14209322511964476,0.9844232772068976,-19.009742927563291,12.416292810631576,-4.7119847913122177,,0.1894360681531173,0.4,0,2
0.87668093581088902,-0.45766146064240676,-0.14824481180940091,0.46953922668664511,0.88109448294652093,0.056616488090588571,0.1047065011747261,-0.11924135005887654,0.9873287441616827,-3.7646211383986476,29.076791369416217,-3.4337037739541376,0.5078835828889177,0.4601467693882587,0.6,1,5
-0.91658575521658858,-0.35663391415652074,-0.18078386157906326,0.39241870549227575,-0.88907243199496477,-0.23570695841728323,-0.076668852305254789,-0.28698860942546101,0.95486094545029832,-23.32285627675925,1.3519532320350356,-4.8872277555424546,,0.2022437793286682,0.2,0,5
0.72170053120298827,0.6873309456868526,0.08200313629698873,-0.68972584108733992,0.7040330566326366,0.16916181396777558,0.058537230867942887,-0.17864385315404507,0.98217094557545837,-16.177443660724936,13.226987040176617,-4.4666355411276975,,0.1649059440604341,0.25,0,1
0.98514213768847214,0.13013301446608949,-0.11207304357675422,-0.11980255623759296,0.9882932833807625,0.094465515101601047,0.12305411845820891,-0.079635322379211532,0.98919962563682418,11.380763455984933,19.667384323928463,-2.041203746948709,0.3573434144837072,0.3098916749709985,0.6,1,5
-0.25514892088311369,0.96523248844134191,0.056791473211379541,-0.96640283478290401,-0.25269035150442348,-0.047044098249817611,-0.031057834691912881,-0.066886691605334642,0.99727708355819722,-6.2817234313696595,-9.6561080501699461,-3.3006855314638694,,0.5697727087702595,0.1787709497206704,1,4
0.38634931429240477,0.91901936566908515,-0.078342918448205776,-0.92233452831324236,0.38547642874321009,-0.026588357688481563,0.0057641328036838373,0.082530772494714674,0.99657184706595447,10.337126721448911,2.1455220912857444,-1.8499635379424,,0.7004776183337844,0.9090909090909091,0,2
-0.9885476759840004,0.12569762465102291,-0.083508080230131135,-0.10196678334863357,-0.96429485198831966,-0.24441402071558047,-0.11124867370069748,-0.23309986183160641,0.9660684173566183,-1.3301682291834651,17.000218003955517,-3.2074396661029043,,0.2579081119876913,0.3076923076923077,0,1
0.2176285362991629,-0.93552047705142338,-0.27827909947705859,0.9742228860449319,0.22555876190287205,0.003607386190655103,0.059393505491501075,-0.27189093759506261,0.9604934823095419,3.9836239141086214,13.762409811578188,-2.6120724503333483,,0.3216070868793263,0.4,0,5
-0.99058842834211358,-0.059086470494576715,-0.12346398114104827,0.085812290519382009,-0.97083048098783431,-0.2238848542906568,-0.10663403035860929,-0.23237247295973981,0.96676378572020161,4.9360676569657826,12.015237657624759,-2.5149824732445007,,0.5353394429510022,0.1764705882352941,0,2
-0.76238123832520654,0.64708734852430305,0.0072671059929875024,-0.63976804523761288,-0.75197390912313788,-0.15884611512691113,-0.097322637359300065,-0.12575056014927091,0.98727660808892681,6.4098397476089799,-11.316010209988189,-2.1341338259077087,,0.1003179839593914,0.3333333333333333,0,5
0.49729626644248304,-0.81073844659167327,-0.30886824796422346,0.86387684605717174,0.49559211662124225,0.090029155217582715,0.080082571316620541,-0.31159529065921227,0.94683428149297633,-4.2321923727052768,20.174591489670174,-3.5526623953938317,,0.2580615839694648,0.2352941176470588,0,1
-0.56874956281506117,0.82208115428922479,-0.0265802663676457,-0.81749094755322571,-0.56854807946178698,-0.09198712958259235,-0.090733045061917622,-0.030588512595607919,0.99540537341878088,7.316946072499082,-14.205025042279958,-2.0440500841340814,,0.09463283756735093,0.375,0,5
0.91573737619835571,-0.38202605101998849,-0.12442328630696523,0.38562675073147851,0.92263960024675862,0.0053082178538695702,0.11276997363497875,-0.052841881103679239,0.99221503145628254,-18.738029176333875,15.797226847559442,-4.7447393242230911,0.3129636459335288,0.3028577511612939,0.7547169811320755,1,4
0.59732148387752038,0.79935971966626262,-0.065046779116504028,-0.80076028869186788,0.59894323493748003,0.0070683362075048941,0.044609471555640691,0.047864808551795902,0.99785718173986515,1.7440361849825983,6.2393335140027979,-2.6954847203631647,0.2980210358119375,0.2129728692110447,0.6466165413533834,1,5
0.66403569390391548,0.74512135805606616,-0.062054484046119573,-0.74599322139693558,0.66583941103728816,0.012328517321256428,0.050504562678723358,0.038105648901462487,0.99799661756462399,-9.7700340654396101,-10.518266862359207,-3.6030815245118619,,0.07649267422434336,0.4666666666666667,0,3
-0.98854312064951766,0.12741141879199244,-0.080924835359273362,-0.102010079176151,-0.95912154381750314,-0.26396933142242951,-0.11124946005706897,-0.25268991777777877,0.96113025292645449,-3.0132870392740547,16.34992576629346,-3.3562456057184122,,0.164518427978062,0.2173913043478261,0,1
0.46725779657217237,0.87979263731233603,-0.087378869719879612,-0.88398039110295179,0.46665948159176185,-0.028418240374464044,0.015774019398727503,0.090519851808943438,0.99576972073893488,-15.893638784686543,7.4484321481281581,-4.3435661626954785,,0.1023231287217761,0.48,0,3
-0.87862939886056657,0.46781830630037363,-0.095689141223912116,-0.46217793594766743,-0.88354129864839692,-0.075804545416867736,-0.12000806215031397,-0.022378692387048447,0.99252065930436573,-14.001745271096217,-11.914875558271865,-3.9847830117683278,,0.09002460530729053,0.3181818181818182,0,2
-0.98346860507480527,-0.13769123966146629,-0.11760367916314268,0.14875734162493667,-0.98466473959632073,-0.09114057224086948,-0.10325093774344431,-0.10712830212506841,0.988869440694221,13.79720599046354,4.403458640430947,-1.5626793391787335,,0.09855531470502471,0.3928571428571428,0,1
0.94604768913638693,0.32027706262121458,-0.049156617442907231,-0.3073366696566715,0.93499215276338954,0.17701368804481604,0.10265447561625193,-0.15235575942381738,0.98298005127588617,-21.351484894470076,-5.4999812489502684,-4.6328467779412934,,0.2737538245631398,0.1,0,4
0.68144788686722735,0.72590385587550588,-0.093232877834286756,-0.72974061297692905,0.68363542208065453,-0.011011241921783202,0.055744194821036319,0.075539404959778594,0.99558343851335551,-8.4742628172241652,8.7537308733577888,-3.6709908922148253,0.2366163049995293,0.1510457275522961,0.6453900709219859,1,5
-0.47887863496603383,-0.84211749227905219,-0.24801891494543052,0.87786315266051651,-0.46116770954732866,-0.12915350894113931,-0.0056158858612455811,-0.27957552265624253,0.96010727992109413,16.817224780266237,20.28580594797355,-1.604091439447392,,0.2135801620624236,0.3076923076923077,0,5
-0.22266927640342044,0.97254848303880048,-0.067585808309921142,-0.9734264317348752,-0.22560170304609639,-0.039304625460737173,-0.05347312732471337,0.057037879708394044,0.99693896750627908,5.3996150903975426,-7.1671012512489938,-2.2470577441876647,,0.104050690319694,0.4181818181818182,0,5
-0.85132491376525943,0.52457000495653416,0.0084971231882516249,-0.5133105490248846,-0.82948591244262948,-0.2201485891823757,-0.10843510253762853,-0.19177964167012296,0.97542934012594362,5.5918302050650093,-3.5893221609077495,-2.2501092509636509,,0.2943087858757444,0.1071428571428571,0,1
0.1046449619653365,0.99449437189485201,-0.0055114612160869249,-0.9943497010903336,0.10452713780261889,-0.018513492494800519,-0.017835466824168984,0.0074176635307509498,0.99981341978936644,4.6363997345167141,6.6141250180309088,-2.4656669201832151,0.1377493402939503,0.09410811742778433,0.2702702702702703,1,5
-0.97245327728376818,0.20393153382881296,-0.1129006333475961,-0.1977984627089433,-0.97820249740235166,-0.063211092584944256,-0.12333041656476842,-0.039138262429896133,0.99159356833529888,-1.3821643262747736,5.4277044980515914,-2.975338946404428,,0.08564962610741494,0.2790697674418605,0,4
0.64555520674355005,0.76178145569493672,-0.05429078011592945,-0.76094142956766619,0.64763611500622043,0.039186774646121525,0.065012428148849416,0.016014877425469271,0.99775593603207313,6.4476831488862762,-6.0224721647976125,-2.160584764407079,,0.2735041754039306,0.4166666666666667,1,4
0.59045566139395989,0.80322243978565988,0.07871355761617059,-0.80555309118630636,0.58055915342211817,0.11847061516671405,0.049460380184628998,-0.13335959508998899,0.98983275819171912,0.33107057707481025,28.607969940077776,-3.1843051074853004,0.2824224406124896,0.2737428056237355,0.303030303030303,1,4
0.88772500227761075,0.45641771951683219,-0.060226120929967014,-0.44913245605116919,0.88733838975560841,0.10445390843509994,0.1011155638497918,-0.065676840491743632,0.99270448541867751,0.18870909737079508,17.548107157650019,-3.0579220038495718,0.4357170589148943,0.6241886611009375,0.7698412698412699,1,5
-0.90501709314870515,-0.37520974939038665,-0.20040385493067056,0.41653120063076393,-0.87725839287556062,-0.23857801874959986,-0.086289165077454669,-0.29939164332324558,0.95022040806248964,3.4749940110027926,-7.0685178267776774,-2.4282765794557659,0.2525222893296634,0.2173828914641545,0.1754385964912281,1,5
0.40530426806599951,-0.90235798782392507,-0.14655549153082911,0.91239095275515902,0.40930816760566269,0.0030940688144101376,0.057194401981470973,-0.13496994384548411,0.98919761152174746,-9.3564034255746247,16.131630213855978,-3.9501318799997587,,0.1055567945493316,0.3809523809523809,1,4
-0.98414285680166869,-0.13446078103984679,-0.11568550370900171,0.14826945540438649,-0.9815851594038455,-0.12044394311136611,-0.097360186936641446,-0.13568667289119329,0.98595644974784813,-9.6138577111176513,23.365623920130332,-4.0928551277031708,0.2214352026671306,0.2157996115322969,0.3214285714285715,1,4
-0.86794648559557996,-0.45330618737734246,-0.2029344688013843,0.48686699162002617,-0.85730112463330421,-0.16731800313575665,-0.098129662249228908,-0.24402516711988828,0.96479131795376527,-14.493074351103958,-20.359845087446576,-4.0409397769661233,,0.4610297561960602,0.746268656716418,0,4
-0.63488410862989608,-0.73971994624835768,-0.22301697184642344,0.76997345914580118,-0.62960157586175414,-0.10364713157364246,-0.063741986321973421,-0.23752106600199011,0.9692887610949622,-1.4102627133886949,9.7377062989422019,-3.0697279786693756,0.5113866983423968,0.1850963959516961,0.2786885245901639,1,5
0.90551902027301501,-0.40278772575556238,-0.13340671611452803,0.41009945823812222,0.91149352194650846,0.031591039906108592,0.10887487440451445,-0.083316309509080075,0.99055774909552319,-9.5878533823860366,14.612470460959274,-3.8889347146660009,,0.09630691080309856,0.6,0,5
-0.55257937110108102,-0.80776673962376788,-0.20535075600329114,0.83262079653758836,-0.54606084467027216,-0.092521149425963276,-0.037398500058782355,-0.222104588596404,0.97430534429293603,11.792121816669852,4.2974818838397448,-1.7268390440601105,,0.09847311817914374,0.1176470588235294,0,4
-0.4469436680830568,0.89447650390172284,-0.012375036493448812,-0.89154887804624972,-0.4465300446570622,-0.075838758382737709,-0.073361813056491143,-0.022862702952929782,0.99704329956063142,9.7107702078793192,5.5246462822947233,-1.9252306202996807,0.6661173607361824,0.4943966058338623,0.673469387755102,1,4
-0.493434389417579,-0.85687560639700655,-0.14928730187750619,0.86907715733161184,-0.49263085015807001,-0.044941518409415335,-0.035034239602250293,-0.15191787463725784,0.98777201895032063,-10.056437688806845,-6.7051854542927876,-3.6114468362543719,,0.6922792498435003,0.9635135135135136,1,3
-0.98823315214699703,-0.050488443329942082,-0.14438197286270832,0.084924308410196686,-0.9662000791224552,-0.24340351054331336,-0.12721280925543005,-0.25280095766012906,0.9591186459283656,-14.314949805011061,9.4221134243262465,-4.2480799174879573,0.5290226673490359,0.4642055925913324,0.3272727272727273,1,3
0.082405393984587419,0.99563227840639612,-0.043882994856040351,-0.99640740155067542,0.081446506038121036,-0.02321113502642674,-0.019535638645246413,0.045638063603450948,0.99876700284563447,0.58876518391847898,-7.8853279849038174,-2.6766676135374117,,0.09237787183107489,0.44,0,5
0.986113403148554,0.14798507824253593,-0.075370901204161747,-0.12801534895060357,0.96645227168496739,0.2226703325277537,0.10579426526911653,-0.20992956717079123,0.97197590004261503,3.5441593334279631,20.843971133642597,-2.7870196876890083,,0.1234984855902288,0.4,0,2
-0.99487768659615405,0.047461221083515893,-0.089251449323511964,-0.019877244222384204,-0.95753829143553293,-0.28762008900082797,-0.099112480925509491,-0.2843727359083183,0.9535768784931864,-13.428915134486306,-7.7185405300886618,-3.9278018555946175,,0.5557920373760525,0.4827586206896552,1,2
0.88137462284118129,0.46024973770834315,-0.10653146554406942,-0.45337280248828271,0.88743910550626381,0.083095944438718899,0.13278507512324775,-0.02494018760240892,0.99083102033942727,7.0436602851086496,6.240990943896489,-2.1840835133054188,,0.4686167863371682,0.208955223880597,0,2
0.1412519960624718,-0.9823852564917287,-0.12234002385176444,0.98898159673776942,0.145559898278809,-0.02697623634008706,0.044308858283427767,-0.11718158490456443,0.99212156575536414,-10.156083487125404,0.084110509394833985,-3.6576744127827268,0.6091078759481894,0.4055938491647733,0.9444130925507901,1,5
-0.13173690360947377,0.98051465734663368,0.14572712498297041,-0.99031590769767974,-0.12368040093164086,-0.063067910908074162,-0.043815421809089233,-0.15262426135383139,0.98731253595702351,-15.82930168612781,-11.892162110916628,-4.1497325895175967,,0.4632505641576709,0.1333333333333333,0,1
0.37580476431539755,0.92646588258609419,-0.02077853512208017,-0.92660553644198773,0.37599065452887209,0.0057625985464197097,0.013151385969000187,0.017087893694692258,0.99976749543890175,9.3901388605938525,2.6384313323522752,-1.9481115280484047,0.09833142983460647,0.10706509007388,0.4705882352941176,1,5
-0.3715295022514028,0.9281723399177384,-0.021492705005536,-0.92482017449217779,-0.37202624186712951,-0.079398490001240163,-0.081691332521154639,-0.0096219942761450426,0.99661122982689077,9.2481610881059346,0.39353445316288455,-1.9398021653122699,,0.1938117517833726,0.3768115942028986,1,5
-0.37528019234464627,-0.90775475021634466,-0.18747290655832927,0.92590862378739558,-0.37653214697487325,-0.030278089282912944,-0.04310449663198869,-0.18494554807876554,0.98180300804995957,-20.941819586649181,17.371706539833003,-5.021311963487217,,0.1973345968825994,0.375,0,2
-0.93668470755531952,-0.30096436812834187,-0.17900337356908774,0.34274970050750841,-0.89268866597666974,-0.29262533799862106,-0.071724482807614912,-0.33545103182715325,0.93932326906772567,16.02721496760018,1.7785240496679833,-1.3411792178577231,,0.3819114533982454,0.1612903225806452,0,4
-0.28425699824669692,0.95783555032676071,-0.041821256294000526,-0.95711824277041713,-0.28604607874249444,-0.045850956283487392,-0.055880482315786108,0.026994432134680418,0.99807247849536485,-11.309197256685762,-11.691250960340364,-3.7415996399557856,,0.07925022753373834,0.5526315789473685,0,3
0.27901940719222573,0.95959799602887119,-0.036329828343587847,-0.96027663021422494,0.27865482789313623,-0.014841844772791071,-0.0041187224368722216,0.039027847868184966,0.99922963487692174,11.274975759623194,-9.9887712980134928,-1.6967139764310455,,0.1039495989233187,0.1538461538461539,0,4
-0.62820387732305183,0.77777359256013234,0.020691235641918826,-0.77335317966729999,-0.62127448062678248,-0.12626511481956562,-0.085350735291271657,-0.095321867575214714,0.99178071847924743,-14.377691506550059,29.441722956358841,-4.2973391492136797,0.9766330177931765,0.7275171300129321,0.2857142857142857,1,5
-0.62159684839968199,-0.75777981127429794,-0.19846187463760523,0.78205301453334342,-0.61483238331458212,-0.10185392916829614,-0.044837936157821515,-0.21851978869841504,0.97480185752198245,-15.495877700144129,-9.5090367715332089,-4.1272350225070333,,0.1734679865458757,0.2142857142857143,0,1
-0.34805423903231097,0.93565586733289663,-0.058363898234824491,-0.93512989135292901,-0.35091054306630176,-0.04892726298468672,-0.066259587909210382,0.037548484529195944,0.99709567159809853,4.4828506940517796,10.180040611475984,-2.528703792288272,,0.09241307776254595,0.6666666666666666,0,5
0.25873000983119615,-0.94916788685604647,-0.17927382568009417,0.96431909095973223,0.26458509259781049,-0.0091334323013518032,0.056102342405148303,-0.17051407958358061,0.98375681743021237,-11.082404599147617,2.7172423946920317,-3.8057512789823389,,0.140051638752172,0.4564564564564564,1,5
0.84090748437226481,0.5410444725401794,-0.012061569567452867,-0.53527732369759173,0.83481324955659919,0.12870518676376816,0.079704387971146512,-0.1017728701495242,0.99160954686795677,0.90654192372810993,-12.377035224199497,-2.634877075858777,,0.1055908154325081,0.2222222222222222,0,5
0.20764114723127061,0.97035216220391463,0.12370058723656316,-0.9779589765919553,0.20875877920806932,0.0040015255556272913,-0.021940694603809006,-0.12180498105473886,0.99231151989209421,12.661904405463737,-18.382320604516302,-1.5629923835797355,,0.3559669030797817,0.2272727272727273,0,4
-0.92071629517226661,0.38186719816013587,-0.080367572898421571,-0.37261755398102675,-0.92148678556377528,-0.1096278363215159,-0.11592093111018416,-0.070989766872896085,0.99071832057849807,-0.36754779411498434,12.240778229411761,-3.030173584656767,,0.06791152174070877,0.1052631578947368,0,5
0.94466393806474436,0.32793066740645849,-0.0084570381555573795,-0.32100990396536144,0.9294213611723382,0.18201256811744607,0.067547654853142111,-0.16922591636895731,0.98325983521799987,-22.221313139968697,-3.9923106453972927,-4.7218791970924281,,0.4759806325527091,0.4358974358974359,0,4
0.6162806337850012,0.78648922101372087,0.040408979828608305,-0.78735714009349089,0.61427188978818525,0.052333348448681948,0.016337514050711602,-0.064068327941993644,0.99781177332669369,12.25745409626586,1.7656144141150498,-1.6518624023645634,,0.3711242272824967,0.3333333333333333,0,5
-0.68287643081117888,0.72347514050645523,0.10130893993992562,-0.72416521530365729,-0.65211078590922866,-0.22435744660041132,-0.096252382759046282,-0.22657282266417994,0.96922661686686729,-12.32137475005362,-12.458254772555396,-3.8275248214923558,,0.2245080405888863,0.2857142857142857,0,1
-0.13818543051507343,-0.96774214581912343,-0.21066543617490685,0.99023854733749872,-0.13108472338935095,-0.047375253675927903,0.018232009222383123,-0.2151556053170291,0.97640957560870889,25.515586306642597,7.5646027045829056,-0.5651629217248163,,0.2890869783828536,0.8,0,4
-0.24568883708116404,-0.94750105766138915,-0.20464295996748436,0.96927273879865505,-0.23748881644852066,-0.064104757106112159,0.012138910801967837,-0.21410466550831844,0.97673529630709666,7.7854473653388974,17.501103808781696,-2.3277465202931404,0.167806307505988,0.1467200436915611,0.631578947368421,1,5
0.33291686516328822,-0.93084040121161715,-0.15067351579506247,0.9407288940011318,0.33883910808808565,-0.014737938169148623,0.064772747982897338,-0.13683642169490787,0.98847371478278445,-12.329155901484413,-4.1339523553888595,-3.8575094879721044,,0.1530774470095566,0.7545691906005222,1,4
0.63838112203325215,-0.75786353090338054,-0.13458235975872215,0.76425954444276789,0.64487851214481617,-0.0062492641182731509,0.091525361292365492,-0.098866440719528395,0.9908827050361475,-20.041002308285332,-4.7428347770612751,-4.5381927556551966,,0.07232501014046436,0.4,0,4
0.44438581238654223,0.893259410904789,-0.06788869257529867,-0.89545422366241334,0.4451301113939955,-0.004573538620647721,0.026133944874405325,0.062823632180888003,0.99768241849042494,-35.920158248430845,-6.2133752654191357,-5.8948270225548081,,0.6218251941864417,0.8275862068965517,0,3
-0.073325673542896722,-0.95448803573869689,-0.289095028029135,0.99692330431369647,-0.062099198099225532,-0.047829017465289225,0.02769965551667327,-0.29171266552400316,0.95610483204361008,13.096199296078291,5.6279240854188792,-1.642675752036888,,0.4620409255624515,0.2222222222222222,0,4
0.99164090363277502,0.091010467411655763,-0.091462632062971075,-0.072785787537234428,0.97987244002912466,0.18588230255716776,0.10653894769031216,-0.17767131477219908,0.9783058604200221,-2.1702710023884544,-4.7198754094890258,-2.9289870351418537,,0.1185265948083933,0.2887323943661972,0,5
-0.37842601430281719,-0.89187446282024374,-0.24769677888092476,0.92535950919726084,-0.37100514040181948,-0.077877882185063585,-0.022439483886414126,-0.25867958629263293,0.96570251174902899,-5.9106684580474678,11.778558112751409,-3.5165834371197637,,0.6674191963705824,0.3363636363636364,0,5
0.96738142491533463,0.2109069216116583,-0.14032622401059189,-0.19419110519061361,0.9731139005282905,0.12385132725757754,0.16267450136276751,-0.092561368912248351,0.9823285598980952,-10.059241200380541,-8.1583532227335223,-3.6106123155280572,,0.1777116303291306,0.1764705882352941,0,2
-0.93068294484761249,0.35515525170485007,-0.087715468169763777,-0.3372185628927637,-0.92582890219021863,-0.17065897195809338,-0.14181994574218107,-0.12925011046695073,0.98141811269915213,-7.5069857341893744,-23.873895563106235,-3.4534457545195223,,0.3269137454723274,0.1935483870967742,1,5
0.60505116338195786,-0.78018753636394078,-0.15880962751831121,0.79161442093275891,0.61083366213645107,0.015127649264350824,0.085203862949004089,-0.13486899311308473,0.98719332272621796,-9.3041641627928868,-11.620757391135662,-3.5665342896466798,,0.243998471285489,0.8128342245989305,1,5
-0.94947451114258108,-0.29873004796706043,-0.096221157403947141,0.3132041498758345,-0.92147646029756802,-0.22974832669253631,-0.020032802877111094,-0.24827704597699399,0.96848190238631982,-28.854415501921675,-2.9332374222304423,-5.3163460007688652,,0.3877515405307479,0.2641509433962264,0,2
0.96594430938211684,0.23996554889393176,-0.096789082629918116,-0.23635100034978931,0.97051115380217257,0.047395199959813256,0.10530809943190984,-0.022904927190689577,0.99417582373764724,14.277875620018039,-4.03827433131924,-1.4565583228811021,0.7912251737956892,0.6191801371389806,0.7017543859649122,1,5
-0.050630752986993148,0.9902990596938408,0.1293997651522811,-0.9956654974380259,-0.03992915664024077,-0.083999283696276059,-0.078017588167402521,-0.13309182852262019,0.98802824914930831,-10.269201676827239,12.270371712737651,-3.9083296500276155,,0.3339894740307359,0.2142857142857143,0,2
0.70827950635874481,-0.66406274897662965,-0.23950116136214386,0.69960601181533955,0.7056182659802317,0.11249129276031217,0.094295117074259818,-0.24723172963164256,0.96435724851286253,-11.832647541578893,-14.42398587087021,-3.788840228630391,,0.0810375824019457,0.2592592592592592,0,3
-0.93924127089297438,0.33010042776321069,-0.094125143515947168,-0.32498960888048178,-0.94343278367912109,-0.065698834077765722,-0.11048795939406138,-0.031117362838320412,0.99339021565491892,3.8774251536368931,-16.748734886584678,-2.3595253098449298,,0.07191437440604184,0.5882352941176471,0,4
-0.050651780276214114,0.99731278211344021,0.05293025399523827,-0.99858894654167096,-0.049727547858162253,-0.018635633308517252,-0.015953463562670311,-0.053799494580939161,0.99842430929098991,1.7781301527316526,-6.0257562439003358,-2.5880526118975453,,0.4308736801495973,0.1653543307086614,0,4
-0.96984352326334267,0.22589873318480624,-0.091505752440193239,-0.21623694797455567,-0.97072413389027312,-0.10457647065008348,-0.11245053452427628,-0.081635888115939872,0.99029816674410054,0.16478257256678891,-21.578181579076954,-2.7118032014658624,,0.1164208800068569,0.5625,0,2
-0.60620020254749485,-0.73546715845031263,-0.30267040369418485,0.79415763724200172,-0.58026951702148621,-0.18055728959489081,-0.042836452252478452,-0.34982187818470606,0.93583635957455036,-5.0161031151182751,27.00092715183192,-3.6776468628007293,,0.2509592805143999,0.2,0,2
-0.31529885562608451,-0.9398512435464208,-0.13140118585891478,0.94894736811318625,-0.31359623689083244,-0.034004305006371131,-0.0092479290621788578,-0.13541432794263789,0.990745898601607,-8.4485686142594929,8.776026661251235,-3.6635209503102133,0.1739885495075681,0.1826308043687032,0.757396449704142,1,2
-0.62609792488855343,0.77944393174854509,0.021645916719270079,-0.77432839592058378,-0.61824324283313581,-0.13487337751470488,-0.091743793911649843,-0.10120498975613008,0.99062638079508003,-0.74743411454002961,-8.3181610572371678,-2.8314523518293764,,0.1404476140532285,0.4432989690721649,0,5
-0.90539035026486658,0.41234080804008344,-0.10120954338457429,-0.4083509700991923,-0.91095684244302477,-0.058370509893974395,-0.1162660692821052,-0.011519081173657122,0.99315130363031989,3.7998932915053762,12.412789064679659,-2.6107094882770663,0.3146399558354346,0.14378718400557,0.65625,1,5
0.90179475240619733,0.42152562421566575,-0.095301483001251339,-0.42348010938612968,0.90590534771889708,-0.00031293547966948439,0.086202212772968301,0.040640486019437969,0.9954484062015202,-11.356941499291519,4.6606445592395884,-3.869350025469271,,0.08892931929218142,0.4652777777777778,0,5
0.57630078257325623,0.8099991024424511,0.10853046598939782,-0.81625672646760927,0.56400584022095057,0.12498947432900592,0.040029545361327024,-0.16062025475973615,0.98620422289659804,5.8398784953461016,3.0445630132500012,-2.2611785456296682,,0.1147853425074453,0.3846153846153846,0,2
0.81825427041195076,0.57109528773917717,-0.065651513879816187,-0.56709618410831697,0.82062886316326078,0.070499552574174201,0.094137489462971929,-0.020455836953771893,0.99534903014577192,13.971895629851861,-22.607968389433001,-1.4443217337905447,,0.3061992022566992,0.7954545454545454,0,5
-0.52095138172614142,-0.76086545833956398,-0.38690232899706201,0.85299699887390523,-0.4808829719151021,-0.20284892712117253,-0.031713999901242011,-0.43570095435725825,0.89953260117821165,-25.141719765684115,-7.241976868173535,-4.9466734265897667,,0.4377274038360382,0.2413793103448276,0,1
0.58912780891984962,0.80496388780038397,-0.070438370896759764,-0.80697321299756941,0.59058802860800774,-0.00011819173976756941,0.04150491852392782,0.056911508521554376,0.99751612615341934,3.4803051040158648,16.186237830336452,-2.7315208226011487,,0.1025323965375415,0.4827586206896552,0,5
0.40635332055402651,0.91315312435961205,0.032067902129641682,-0.91310373407040901,0.40454622475703023,0.050832301359577205,0.033444726062462779,-0.049937195627247404,0.99819222937843666,-2.9423013750538072,2.4885199591928497,-3.0561938500560526,,0.3754059814534999,0.1988636363636364,1,4
-0.67873596862993602,0.72864791797939921,0.091595286517763455,-0.72785367576527638,-0.65085513521708016,-0.21590882250740268,-0.097706251401636357,-0.21321304975503841,0.97210785607935346,2.4034840017236418,-8.7737931609701878,-2.5142226538913888,,0.1411275180268103,0.3,1,5
0.09303655844212215,0.99498427670886636,0.036748984957135987,-0.9954744302298455,0.093673304570898383,-0.015999086515541303,-0.01936123838522958,-0.035094174914106352,0.99919644781959072,-24.516407762750596,-4.5598884249205929,-4.9326895464650065,,0.3122880983302429,0.1818181818181818,0,1
-0.17556690736066416,0.9582347536710677,0.22574857230281814,-0.98327678390652462,-0.15940709560070065,-0.088068973552497695,-0.048404826931344389,-0.23743532746644469,0.97019659760310906,12.979697878992264,-19.227150356415144,-1.547774417237646,,0.7883929339588472,0.1481481481481481,0,1
-0.4341674632849068,0.90082163954071193,0.0043574717363873893,-0.8961855350168112,-0.4314322279406782,-0.10352641943376042,-0.091378885150681349,-0.048852906047919996,0.99461715897087366,-11.796809310577496,7.0067950325419277,-3.9559378805275847,0.5143264024688038,0.233105067723701,0.2647058823529412,1,3
-0.95812032015112325,0.26944053605451723,-0.096990977127586211,-0.26404752689536987,-0.96232076777059905,-0.0649433865597078,-0.11083481246408278,-0.036613350680580865,0.99316418929499917,-4.021385363114458,-17.284681111531054,-3.0917902401778874,,0.1890561742820599,0.7951807228915663,1,5
0.9176990999306327,-0.37723935953278293,-0.12457458651668092,0.3812261093911144,0.92443839965081587,0.0089609580710820116,0.11178110531310753,-0.05571454810310919,0.99216978064474726,-15.272853974019819,-10.36659576952348,-4.0895096853957362,,0.1151866619506791,0.6216216216216216,1,1
0.98966969098107693,0.11293456139565321,-0.088315840005022753,-0.10160329025510079,0.98710459374903037,0.12369839291155124,0.10114679511857552,-0.11344737036147727,0.98838202128291874,-4.966837985186479,-16.796317181324824,-3.1941249795609412,,0.1236000711375509,0.392156862745098,1,5
-0.71386797967957405,0.69876629384475375,-0.046023626266013189,-0.69268811886203163,-0.71425324066855611,-0.10012730987022421,-0.10283811343848007,-0.039597661306393687,0.99390962750316558,8.7111389953584144,9.2515747430224362,-2.0764160844911119,,0.1339257463698391,0.2727272727272727,0,6
-0.15259446409714553,0.97810384053525135,0.14151963346863902,-0.98752154316152541,-0.14526281105215225,-0.060826947293996562,-0.038937530979568563,-0.14903554225559654,0.98806491478333369,-8.9752518498522047,22.147405657197616,-4.0299319193808527,,0.45727309023816,0.1842105263157895,0,5
0.81887795202002123,-0.55111827420960413,-0.16033573378296842,0.56353383734291673,0.82500713603659515,0.042341937346571615,0.10894270909547903,-0.12502749026082918,0.98615394985469451,-17.566308951611145,-4.2992794577069873,-4.2828525925698395,0.07910488227218701,0.1184956807903459,0.282051282051282,1,4
-0.43525268104080095,-0.88397813089675914,-0.17069788441298195,0.89998615314521291,-0.43227682490461966,-0.056228736401079081,-0.024083766185467162,-0.17809944061297195,0.98371772448181016,-15.365077805420674,-2.8990818508915126,-4.1060821321986465,,0.3717003746402817,0.9481216457960644,1,5
0.61545224905997098,-0.77562903478911183,-0.14006473331690775,0.78468930068073228,0.61967097322378206,0.016449508839946093,0.074035332944535279,-0.12003118484795423,0.99000569904409641,18.795078227659118,1.4324975234204111,-1.1046508156304673,0.2470140269581458,0.2155666752863243,0.5263157894736842,1,5
0.53188678934781208,-0.81022750526851828,-0.2462271979770497,0.84279218160477454,0.53479809142617629,0.060764628138280083,0.08244866247029356,-0.23983826031989205,0.96730544655945527,17.650368512727223,-6.124534070458191,-1.1542450307186862,,0.2304861574713719,0.1875,0,5
-0.6168256534324128,-0.77685148145918814,-0.1266012994496627,0.78592378149092046,-0.61667405925558527,-0.045132187275288296,-0.043010730692354164,-0.12733766291205695,0.99092643352037313,-4.7388652237319286,-27.156813829370787,-3.1931309768452798,,0.1329599885241125,0.5652173913043478,0,3
0.64759630991203088,0.76195959349461984,-0.0060495677396608565,-0.76052490921282467,0.6468272329433592,0.056713254091645321,0.047126233194975366,-0.032126447116870509,0.99837217987106475,-2.793827861015818,-22.805372075126968,-2.9895666556963976,,0.2224127854838896,0.3529411764705883,0,4
-0.45525239656540867,0.88417214830866231,0.1048087189917794,-0.88710198239800941,-0.4403669778676963,-0.13830038911439763,-0.07612705331860635,-0.15593760598046141,0.98482898758825588,8.8052683442300168,-8.5102613351328902,-1.9353600746965764,,0.401293271443269,0.6956521739130435,0,5
-0.093001886063466127,0.99424123030504241,0.053244954222480455,-0.99356262920899718,-0.089198510619191484,-0.069835002274090646,-0.064683467964715052,-0.059396983634137181,0.9961365605715029,-6.7022971463431666,-7.6926602088337512,-3.3275411580640792,,0.1956590723814744,0.2333333333333333,0,4
0.99379788466600638,-0.0074391379851565858,-0.1109523485979908,0.01998838974601563,0.99345902513162365,0.11242610755463303,0.109390258746991,-0.11394658665603966,0.98744617406758173,-18.20170356404536,-11.178021862318834,-4.3372927131844916,,0.1585418008394523,0.3125,0,1
0.92316139667505615,0.37724008312404811,-0.073911808079091923,-0.37255226347048859,0.92537773892145658,0.069863089622685642,0.094751499576391521,-0.036958895995051137,0.99481465275439718,-1.8128789480149521,-14.335337664732375,-2.886711919486626,,0.1257770959756624,0.2162162162162162,1,5
0.31327618946273472,0.94868013703641052,-0.043174375598123552,-0.94936718843726453,0.31398794356219029,0.010654239358662446,0.023663698663431033,0.037650616066219299,0.99901074092093833,2.2560223032797015,17.446211639825691,-2.8567738760434316,0.5693634251259367,0.4216444345404841,0.8217821782178217,1,7
-0.3468995838991249,0.93652114088315042,-0.050880559839067516,-0.93600000301729347,-0.3491395916073024,-0.044783254949949523,-0.059704882901150655,0.032088911655102866,0.99770016974367148,-7.0400170741610095,-13.631127622698457,-3.359880169293747,,0.08348560000673663,0.4838709677419355,0,4
-0.98576101336733879,-0.10854640113401254,-0.12842469904910425,0.1261918163535955,-0.98230964208631144,-0.13835964928274544,-0.11113437816616162,-0.15259569412377896,0.98202021574125664,0.17901136293454625,7.2090152350378229,-2.8825904589844971,0.6653956658195014,0.4547485975942692,0.865979381443299,1,5
-0.79571473018869543,0.6037890079198549,0.047716895078064661,-0.5964826497751482,-0.76753548535213267,-0.23472905069991926,-0.10510241042883436,-0.21523966326034133,0.97088895898636385,1.2641225063944541,-9.6592886741715667,-2.5934290654025447,,0.1026128661758013,0.3333333333333333,0,5
-0.85078758443235658,-0.50790259112813518,-0.13489048929069355,0.51944669121190146,-0.85167392726291058,-0.069474143460558316,-0.079596615284595204,-0.12917615703332058,0.98842192371949111,-9.5343270265349567,-13.398039664173764,-3.586797493325387,,0.371259886555433,0.890625,1,5
0.83758067439298567,-0.52829138067658632,-0.13916476201329855,0.53832431586390916,0.84151037263261919,0.045466731808703691,0.0930889082170685,-0.11299783119395172,0.98922492149784513,-12.664504931100865,-10.643308080167527,-3.8518457222399327,,0.4086712715963854,0.7992424242424242,1,3
-0.31171003570988187,-0.89290405640004755,-0.32489875300173959,0.95015881233465549,-0.29504716966207539,-0.1007243715155135,-0.0059232575953535767,-0.34010221072309965,0.94036982154933058,-20.676511470068686,9.3772271398514739,-4.7888622374796226,,0.5456113934149649,0.25,0,1
0.53648943565206331,0.84389706764218309,-0.0041017872512504328,-0.8438988291625017,0.53649931683394425,0.0018025467728985058,0.0037217699940309914,0.0024944461578751314,0.99998996303286769,-16.539924061082669,2.4883752274576034,-4.326108602120871,,0.2677426809698163,0.225,1,4
0.35726092335173221,0.9295529259995281,-0.091082327657916892,-0.93392067766498943,0.35683357814885269,-0.021493378870098525,0.012521999665984199,0.092742413550666328,0.99561139218731454,-15.251920102888191,14.718505000047852,-4.3968133461135332,,0.08709326898703391,0.5,0,3
-0.82059045473374914,0.57109975052578121,0.021826143710031241,-0.56196218163512501,-0.79932947263934073,-0.21276959506002127,-0.10406638271675983,-0.18686216609978934,0.97685859717194756,-11.474000774873124,9.4441420959940174,-3.9685288784863983,,0.1300840051825964,0.2727272727272727,0,3
0.92882165256288307,0.37043614642034423,0.0082096988740203714,-0.36558153352532025,0.91259132063244697,0.18310440696936492,0.060336390972876998,-0.17307265217697748,0.98305919302593192,-14.421143227317479,-4.8247500200248998,-4.0198896126945973,,0.4901638765013422,0.103448275862069,0,2
0.9918267126462651,-0.051140745990668729,-0.11689480818592232,0.07235682026579808,0.98003890825520945,0.18517080997544402,0.10509168683739277,-0.19211549236190437,0.97572915040610353,4.4248242882548388,20.724775831931414,-2.693463418042882,,0.2539474560712177,0.3333333333333333,0,8
-0.75254775247155659,0.65443849575738822,-0.073363039201055219,-0.65063778446517351,-0.75609577525123239,-0.07063746933099728,-0.10169736317259492,-0.0054253034979142587,0.99480058926686232,-16.329632327591103,-9.3067050735968255,-4.1886078556611297,,0.09627300941132436,0.32,0,1
-0.22799986272021563,-0.94591591793830743,-0.23077941587258882,0.97365903235067675,-0.22100634915923212,-0.056073900820718899,0.0020374792041108801,-0.23748530443426999,0.97138899461351502,-1.0395091692645124,15.08908981589669,-3.1355987867145614,0.6607049635528983,0.555774546600078,0.9029535864978903,1,5
0.93259692491971158,0.34612399688472595,-0.10227978495695488,-0.34425924257675883,0.93818721565570207,0.035921056229987668,0.10839072622127377,0.0017108947202404885,0.99410689732466995,13.446576831923053,19.635371109853342,-1.8687453294662109,,0.422415509326183,0.3947368421052632,0,5
-0.22113836187869809,0.97516363350968971,-0.012398096054923549,-0.97374772655226727,-0.22148516945507687,-0.052532701679504287,-0.053973974653511003,0.00045562225259057084,0.99854223870022951,-1.6024777289812986,-5.9691892045785702,-2.903328350057778,,0.190433457465794,0.4789272030651341,0,5
-0.39655905241368655,-0.90536579150403473,-0.15183445433442294,0.9178788606683087,-0.39382900364056317,-0.048960320972480487,-0.015469812119292986,-0.15878129444539132,0.98719257769051294,-4.6703296568611172,-6.7995349688091462,-3.1513886270044518,,0.1018070859699602,0.4838709677419355,0,5
-0.42466053634828926,0.90236776665777008,-0.073456399077625023,-0.90264988200486462,-0.42826156034636792,-0.042605474370049662,-0.069904358841105796,0.048212546362561941,0.99638794201267356,-3.9261745950568918,-2.5021060364424956,-3.1036868872133749,0.5200896657748896,0.3911046710215893,0.9507888805409467,1,6
-0.73038503251635611,0.67909413253588746,-0.073272528490643737,-0.67491935743090203,-0.73402973304105457,-0.075393713111479688,-0.10498364273133017,-0.0056133917562141639,0.99445810600137996,-6.1157646766649307,16.739173669784243,-3.6438261045993379,0.1814943455278531,0.1195668795491082,0.4137931034482759,1,5
-0.48131224745901985,0.8721067050657707,0.088138614836368048,-0.87301771428018116,-0.46792663569534171,-0.1374217383089294,-0.078604013885781684,-0.14308933777946334,0.98658342293740164,-8.4614204647947719,-14.763222449164436,-3.486661028284384,,0.6739499735644583,0.2105263157894737,0,1
0.84592665855900095,-0.50506963062508448,-0.17120968593933419,0.52582890182797859,0.84347261563885845,0.1098085273087905,0.088949729294622332,-0.18291696172740307,0.9790961805516506,-12.712134045920624,14.120678270372364,-4.1528454488402078,0.5302784185659407,0.5368834521929253,0.8867924528301887,1,4
0.97934425573737283,-0.16134037816967592,-0.12187744305767396,0.16823606503660982,0.98455208848357278,0.048516095098753972,0.11216708597092177,-0.06801814048251939,0.99135870268540616,-4.7427143259236093,12.771699294949185,-3.4297550172172264,,0.07818012356065809,0.3928571428571428,0,5
0.68807058231914475,-0.7057927989480447,-0.16856867650924398,0.71753985285224209,0.69639427666687859,0.013098511151919302,0.10814542669838272,-0.12996744353375511,0.98560287657125101,-17.181770811194177,6.1507055953159471,-4.4225622856773965,,0.09520770163190824,0.3076923076923077,0,3
0.94551934896188228,0.31381597644549569,-0.086675796311649261,-0.31159425023247128,0.94943805181134722,0.038424067909804016,0.094351385579452607,-0.0093230199095142956,0.99549530251980822,-16.577811137095601,-7.1380753552402325,-4.2157282545389227,,0.08532022162967576,0.28,0,2
-0.79376421108995876,0.60113274597092148,-0.092616407370383014,-0.59968590245298792,-0.79892006307261887,-0.045864487560521715,-0.10156375136771129,0.019135165050338961,0.9946449868503916,2.5321176785839241,-2.1754369467934493,-2.5176106334131072,,0.2908337702960993,0.6341463414634146,1,5
0.95578750248135824,-0.26682895596658091,-0.12358219272303302,0.27179084992937474,0.96203448527709778,0.024887407102743207,0.1122496503117779,-0.057375581874296692,0.99202220671186092,0.94959508741035314,-14.038910148371725,-2.6307399985524427,,0.5472074811399387,0.8687782805429864,0,4
-0.9094392337352355,-0.39646631511079289,-0.1254381964376805,0.40619672513922517,-0.91155056235263066,-0.063873255442100235,-0.089019664284007538,-0.10904142908579523,0.99004316376291934,3.4179314237788292,10.069703481127068,-2.6174155004030455,0.1811753745907095,0.09303098273682231,0.3023255813953488,1,5
-0.30099731783673139,-0.88387098602203518,-0.35801214326266934,0.95361365940542897,-0.28080700134924214,-0.10848233307148965,-0.0046479296983370985,-0.37405816133548409,0.92739359965865487,-2.3968749252332358,-30.70844165504656,-3.0183311500830361,,0.3568918818867694,0.1428571428571428,0,1
