axis_00,axis_01,axis_02,axis_10,axis_11,axis_12,axis_20,axis_21,axis_22,location_x,location_y,location_z,dbh,dbh_approximation,score,reconstructed,number_clusters
0.97625274822077968,-0.19585431595920741,-0.092583251787392476,0.20298221827130442,0.97630146438859766,0.075057775735373963,0.075688774973818235,-0.092068113659573347,0.9928719312127483,0.89316379541895485,13.358808637491714,-2.6494448992334445,0.8023613784852021,0.4561270065236508,0.6542056074766355,1,4
-0.2039588969195644,0.9782912761884498,0.036700780658275554,-0.97896365848023748,-0.20359928697671287,-0.013322376573295902,-0.0055609120062391406,-0.038645947732542693,0.99923749278212659,-8.8662979565744795,-11.634924152450084,-2.1721838187826639,,0.3917422048629575,0.4545454545454545,1,4
0.024658498808746151,0.97989422796074221,0.1979880310668298,-0.99923781138373413,0.018163945656922351,0.034552386013375035,0.030261439779758741,-0.19868913681274383,0.97959525936738945,-15.705835412946293,0.12308446662238717,-3.4403817200811524,,0.5115144823610972,0.3346938775510204,0,4
0.81099776158099735,-0.57482674491025232,-0.10888913649439474,0.58275097791706421,0.81017812070742445,0.063345958542677411,0.05180664481817595,-0.11482868135996729,0.99203349010495312,-25.750066900427434,2.3194824541721966,-4.6506241444821184,0.0449373084389094,0.1165030565459522,0.1176470588235294,1,4
0.0029027424786239975,0.99767088703122597,0.068149653384516826,-0.99978617500381151,0.0015000895825868633,0.020624112162516431,0.020473845690310251,-0.068194947771599748,0.99746191443136234,1.8727666934311311,-8.8020760423157469,-1.2743733344301469,,0.06696131773496738,0.3684210526315789,0,5
0.27589088490282976,-0.94661544923918006,-0.16674354826871396,0.96118620445189473,0.27129155952922029,0.050219220419732938,-0.0023021726468116588,-0.17412662343797675,0.98472057915491706,10.140334163208895,18.361812870960215,-2.2142504610491658,0.1859551018076206,0.1546364555712019,0.3333333333333333,1,5
0.9029511119080651,0.42891594492373747,-0.026653361779807847,-0.41532309258044869,0.88690403399920803,0.20225717106036636,0.11039029972511101,-0.17155858085828232,0.97896968035812604,12.902774017247136,6.9919178559765811,-1.1543414568433379,,0.5377660232522649,0.2727272727272727,0,5
-0.046942998570367531,-0.96744809911867236,-0.24867756311515127,0.99862044579411946,-0.051316195606407398,0.011128940220819963,-0.02352785853357944,-0.24781207311217202,0.96852238812155067,16.270658883513416,-3.7208528512169332,-0.33466927254964141,,0.2346377918192801,0.2857142857142857,0,4
0.27224025465340268,0.96171148522735095,-0.031563632998332862,-0.96086581753374345,0.27345383514658661,0.044270540304296314,0.051206683562415582,0.018276192859192797,0.9985208342008256,3.5929898390531494,-10.439969475954353,-1.0547474972353088,,0.08717028195755765,0.3529411764705883,0,5
0.42785329664843058,-0.88513401351486387,-0.1829735900782937,0.90368638123860201,0.42275000006617874,0.068068802016242116,0.017102073293922566,-0.1944742028216471,0.98075853477088593,-24.928119989745532,-8.5490728830053797,-3.9357912034096558,,0.4307818383290557,0.6739130434782609,0,5
0.99654345409779532,-0.03028546434807014,-0.077355896634049681,0.03515225780433593,0.99743525224712226,0.062347705218216032,0.075269269068415384,-0.064851431934397796,0.99505217396374013,12.486005532870442,-8.647759999322755,-0.3902243460967692,0.7319033123538153,0.1452295253056057,0.25,1,5
-0.49211686784130687,-0.81668646211031881,-0.30140373420346456,0.86870895261503978,-0.48309178730684837,-0.1093941528746193,-0.056264944970581716,-0.31566683012696423,0.94720045836404254,-19.609608911384125,11.901501240945752,-4.5966527933685244,,0.07423910956052721,0.1428571428571428,0,1
0.091448169530791851,0.99549359540580429,0.025094497315005591,-0.99577089197963642,0.091192682086986568,0.011145645780349605,0.0088069844752197163,-0.026007618879995264,0.99962294930871143,-4.2873455807922971,15.453678090921448,-3.3316020574795617,0.683030981840451,0.482239547194298,0.8932584269662921,1,6
0.35373305953158229,0.93481513692047913,-0.031521141774552015,-0.93383250254062289,0.35487653168356681,0.044938896948628661,0.053195674571746621,0.01353909319665476,0.99849232003169108,10.658447267541924,-4.5110569363971349,-0.73759353094447333,,0.08611985215479337,0.3333333333333333,0,5
-0.45224516693391076,-0.88559252742191541,-0.10583092345521734,0.89001799800039172,-0.45579717606241626,0.010811916060610821,-0.057812388121355716,-0.089301789836438869,0.99432535827651258,-18.934076110399147,-6.7778081632886851,-3.4068129585407774,,0.07175857776258752,0.32,0,4
0.9484493531191005,-0.30205748954603806,-0.095943199743949659,0.31323900327774934,0.93948060912193398,0.13877143765719246,0.048219823657127091,-0.1616708325364444,0.98566596294761588,18.608660784454131,-11.391542586830465,0.39556005678989781,0.5807502744061186,0.222792385135339,0.3333333333333333,1,7
-0.86899337738425675,-0.48914655297184401,-0.074740616655645617,0.49400617392577822,-0.84892502136255887,-0.18784091201810332,0.028432555029697864,-0.20015483461645947,0.979351638582456,11.779880676976831,-13.563308516149238,-0.14510989179549358,,0.2121206521177833,0.3076923076923077,0,2
0.63947042535495957,0.76869985307875255,0.013345822307023631,-0.7652997395516915,0.63479182223005526,0.10656289725771417,0.073443064604217081,-0.078357375572115778,0.99421639392789685,-6.0868834707150343,-11.184518846111537,-1.9207253970780336,,0.1346677392186761,0.3225806451612903,0,5
0.87664706884761445,0.48074398946539298,0.019368357539655157,-0.47464325377501887,0.85752964239456597,0.19838521633556916,0.078763559637366004,-0.18310687864617642,0.9799327388477771,4.6609511347517794,18.301463564026196,-2.6918229830807645,,0.09443505730805062,0.5555555555555556,0,5
-0.16665841353519054,-0.96108415096192945,-0.22032300825769544,0.98557702859395224,-0.16902938922483718,-0.0081845150249581135,-0.029375055844180015,-0.21850931409911484,0.97539263158283385,-21.057520720824183,1.4587045280258304,-4.1358440971897732,0.4643362263430649,0.1798092229754041,0.3461538461538461,1,5
0.94467000955374358,-0.30834821975225229,-0.11189257538079603,0.32080407926332427,0.93963606859287363,0.11903277417308003,0.068434755627101843,-0.14834228653673048,0.98656538062477839,-16.290000717288923,-8.5771948089273309,-3.0972944512684273,,0.1725516006251252,0.2727272727272727,0,5
0.86762673451869632,-0.47872381771059547,-0.13434044776245452,0.4937161908235268,0.86147941694714691,0.11873304971704847,0.058891191761850592,-0.16934202234825479,0.98379627311749496,3.9388712806143773,27.009455644041527,-3.2210740288149267,0.2947402906664921,0.3580891281266994,0.7727272727272727,1,5
-0.99613664894651965,-0.026389246192024148,-0.083757891037294752,0.036334023480797749,-0.99216615997975077,-0.11952468250839293,-0.079947578845737624,-0.12210617787995831,0.98929190129114719,13.649101891184047,-17.967086032513109,0.16276493555547811,,0.1744253009544392,0.1428571428571428,0,1
0.1162128841882393,-0.98556069348587572,-0.12314497555438783,0.99310261618130924,0.11336111781623223,0.029940786584407936,-0.015548610307343681,-0.12577510255648455,0.991936925562516,-5.5070665932294656,12.503016374388721,-3.1117184718465474,,0.07960272301387869,0.1818181818181818,0,4
0.99860975491573711,0.037725127481722152,-0.036815379172555132,-0.025555155419021203,0.95734302951996053,0.28782157295979954,0.046103052161878239,-0.2864806076962827,0.9569761595752152,-2.4694626760157461,-6.4847149133627564,-1.8660273517706638,,0.4451027072783126,0.3984962406015037,0,4
0.88967474300316562,0.45460071802699414,-0.042626738458298341,-0.44938228589716783,0.88832501982004952,0.094521004456912985,0.080835714780577328,-0.06493724917987434,0.99460984354914961,6.5609207207730327,-5.681142713289594,-1.0196032420923657,,0.07451407204647106,0.3181818181818182,0,5
0.85848892590010972,0.51268031885514398,0.012476167899818782,-0.50689202724660576,0.84460195201045352,0.17236013278585666,0.077828252072770818,-0.15429333530233849,0.9849549887485104,-3.7333504582505701,-13.85759528345584,-1.6229110025232787,,0.08953803456743356,0.3235294117647059,0,5
0.0071162931109584708,0.99550412631580243,0.09445047835014074,-0.9997691780514254,0.0051682372073666482,0.020853775258839181,0.020271876842974011,-0.094577078683896115,0.99531112080438655,-17.021344133151736,7.4664083361572819,-3.9671685317710934,,0.1862494533607664,0.125,0,1
0.056022833147615976,0.98567182180769486,0.15909903161369204,-0.99838234716436347,0.053755919967421975,0.018519987554866675,0.0097021150627413285,-0.15987920678673737,0.98708890592517218,10.210539871797664,12.25074110229656,-1.7533602672347808,,0.3461654652705208,0.2142857142857143,0,5
-0.3575898915589355,0.93370058061460892,0.018239934616406876,-0.93383792850948044,-0.35732350447057321,-0.016329005786952861,-0.008728844825688576,-0.022872230166955509,0.99970028926433674,-13.626222570084616,9.2664703132458506,-3.7081409139196375,0.2102505801135689,0.0828153611489785,0.3636363636363636,1,5
0.23207442291673758,-0.94886757142344269,-0.2139901729725962,0.97269061627116371,0.22552795457825942,0.054864439501107407,-0.003798321456566606,-0.22087886636055734,0.97529385271793267,-1.3870726105634492,13.4527581570694,-2.8324240158820095,,0.1027868281961695,0.375,0,5
-0.80545466605552973,-0.57026605215181858,-0.1613673160604609,0.58781727216687851,-0.80342088929122024,-0.094793086207784594,-0.075588593528832543,-0.17120602913941471,0.98233133927135252,0.93368944186242564,2.5957127894474059,-1.9998854313119949,,0.0722891183158096,0.2916666666666667,0,5
-0.6831466224814795,0.72858198180577838,-0.049789436430943107,-0.72918469153279075,-0.68426845640170031,-0.0081464843866728108,-0.04000472255090394,0.030740451551635135,0.99872651252083333,0.33218352332219242,-14.306318802853598,-1.2074533906399365,,0.3469549211828832,0.8955223880597015,1,5
0.99255898901441564,-0.070332790632127773,-0.099397947104448756,0.093546910211060305,0.96300639801458154,0.25272050366550214,0.077946320738347466,-0.2601383784543882,0.96242007207792402,9.0661131094811029,19.44296707103485,-2.3801834660930017,,0.373802477953178,0.1379310344827586,0,2
-0.54833377348057799,0.8197524949315742,0.1653357792917477,-0.83625948597335775,-0.53760007901418572,-0.1079640086487947,0.00038076255845201476,-0.19746392606600485,0.98031007998616115,-25.807438082446765,0.39506947272240617,-4.597809172117012,,0.2970282983910204,0.1276595744680851,0,4
-0.17227478673747842,-0.96825671501311439,-0.18110861847678192,0.98451389733496775,-0.17530500285585118,0.00073615760656308663,-0.032462036425154224,-0.17817713042285263,0.98346282409931962,19.715903796550609,3.0497968000747271,-0.44671005582982404,,0.1592133977833762,0.6285714285714286,1,5
0.95801250335746002,-0.27062207562004698,-0.094740358865000554,0.27712908575737005,0.95871215848025837,0.063800211672117399,0.073562988234952234,-0.087376709535323838,0.99345548334725264,-10.834274913171873,16.689875331974072,-3.9723541830537941,0.3089286062408808,0.2763661266215494,0.8543689320388349,1,5
-0.88359472642949433,0.46670243868314881,-0.038068269637440505,-0.46424513029411868,-0.88374642344051701,-0.058895823742357217,-0.061129521707468326,-0.034367030469562639,0.9975380137080091,-18.246939403944758,14.742986173238309,-4.6074365833615438,,0.1585594454729347,0.2,0,1
0.5307789955860337,-0.83799533216313349,-0.1266391768667266,0.8466970221568656,0.53086082027109727,0.035929683714097577,0.037118870071415504,-0.12629573537494654,0.99129792530334904,-9.592864625968831,2.8324827166979483,-3.0569450071902331,,0.1448108292470842,0.3734177215189873,0,3
0.98902717432937259,0.13057927315872464,-0.069096323052652342,-0.12247935931373004,0.98627387246812148,0.11073687294137365,0.082607838491002381,-0.10105890316085414,0.99144492691816732,-9.6115490491118827,4.5186922318573801,-3.166010801281725,,0.07219462582883304,0.3188405797101449,0,4
0.76557452447838159,-0.62904210571955887,-0.13491358975879036,0.64121986133117825,0.76311615996172744,0.080565599604865243,0.05227558611937666,-0.14818824392363342,0.98757658308543639,-2.4345323157848391,13.095488127357525,-2.8809438717948428,,0.07485274031004882,0.2173913043478261,0,5
0.89819564799439078,0.4377285243529182,-0.04047612743028816,-0.43016955724108624,0.89416722188133591,0.12417379488451305,0.090546838414955574,-0.094120764344696919,0.99143459278573987,-19.951058750273528,13.159599546436434,-4.712818440092283,0.7865286494219299,0.5081526274688998,0.7923076923076923,1,5
-0.054691309697069534,-0.90940692287492642,-0.41229590013821227,0.99821422871009491,-0.059732030055426794,-0.00066195631956429636,-0.02402528343913234,-0.41159583721487891,0.91104975305581093,-16.799600118884115,14.967416968770083,-4.4832124180933972,,0.3102871050851281,0.1176470588235294,0,1
-0.96033735043897128,-0.26256547798844998,-0.093869820073078203,0.26596347583916657,-0.96364551128836462,-0.02550996066900612,-0.083759195742344139,-0.049464111661708797,0.99525760423425702,-0.9380880201605224,12.395409817328517,-2.7214721237249693,0.1820390189033496,0.1559006330427884,0.515625,1,5
0.4024205340830157,-0.90628277587873451,-0.12926424058445501,0.91536100505512885,0.40037026779685564,0.042636593305968293,0.013112748484009812,-0.1354812858287428,0.99069312959028133,0.41470827898366819,5.1413722605661931,-2.171125610540507,0.4105757645185776,0.2262201721794425,0.8396501457725948,1,5
0.9955352949850742,-0.0428436367127158,-0.084106475566461239,0.048775075276154455,0.99636904277785621,0.069783397923466814,0.080811314002362203,-0.073574135313765485,0.99401025052161551,-8.3637204398735019,-5.9452724161138404,-2.4468375784764969,0.611623384285519,0.6292035966524209,0.916622691292876,1,5
-0.52760548232409255,-0.79442674948943603,-0.30086308300822023,0.84733077945287849,-0.51738609862711293,-0.11975882071560927,-0.060522766074758746,-0.31811596100017475,0.94611797897703875,9.2368571032196076,-8.2154203258810732,-0.64926644976083936,,0.5632058715746998,0.3614457831325301,0,4
-0.86233194882103903,-0.48565896321087787,-0.14324448155320221,0.50041250125611514,-0.86058988408559911,-0.094722647746646307,-0.077271848878546504,-0.15336369473402758,0.98514396841701313,-38.119012873645865,-9.9409649192135401,-5.3788010082665743,,0.1051218988861567,0.2222222222222222,0,2
0.77802168276314987,0.62645862918921624,-0.047242428650156702,-0.62458439308538816,0.77940520390416368,0.049212437871601782,0.067650551103106402,-0.008781460099402701,0.99767043100112418,20.22332530724314,4.6872086083337345,-0.48464664362302373,0.2489509258032677,0.2656919772601762,0.5434782608695652,1,5
-0.70040632808668746,0.71294928831250326,-0.033679190471547757,-0.71250272029271899,-0.70119114773912505,-0.025900731799772422,-0.042081458525089946,0.0058554783735977004,0.99909702442826742,2.3348728923222839,-9.84128742800754,-1.1860558849041123,,0.07754033263810334,0.1785714285714286,0,5
0.65268496398124487,0.75485406340945227,-0.06478951108813745,-0.75467979896270021,0.65530096593946729,0.032234222131446465,0.066788762755567568,0.027856543092060641,0.99737820017109902,-15.143751116917015,-10.993394047498745,-2.8329833567818841,,0.08406876189183887,0.4736842105263158,0,1
0.25253083763831957,-0.92131822992855661,-0.29563642408032326,0.96533078092932689,0.26075531037142868,0.011964593744710334,0.066065569187473208,-0.28840836900896594,0.95522560332809536,5.9553283499763019,-4.6130050938037179,-1.1544097167311087,,0.3673945672986202,0.25,0,2
0.97570399554108178,-0.20186989495075017,-0.085148450354313468,0.20900536587632965,0.97418050415004886,0.085376240072149001,0.065715067679105801,-0.10109842158277622,0.99270370153102661,-32.9042194594034,-0.79736175711463442,-5.27823156161966,,0.1081417848753677,0.25,0,4
0.78721066442761423,-0.60699613982719114,-0.10888092599865269,0.6146502982084644,0.7866158785016929,0.058655524899676993,0.05004378806286635,-0.11309794836291076,0.99232276672079844,8.0177648196789111,9.3226576236526739,-1.6183534204922805,,0.07471637851242843,0.1666666666666667,0,5
0.87238479808399194,0.48731446438239201,-0.038332451991142713,-0.48229492213854219,0.87085940641482373,0.094844622083682953,0.079601332597691685,-0.064253459537378779,0.99475379908103312,-2.9778765089809949,18.664867370519325,-3.3467044035840861,0.1800159918262949,0.1639198992490827,0.3793103448275862,1,5
0.79536261100075567,0.60583207946350626,-0.019126121273882617,-0.60231629466537151,0.79349551306785271,0.087062919327121902,0.067922000873331279,-0.057726616340362365,0.99601919638290837,-16.382777082107946,-14.437073293865042,-2.8205060448714181,,0.4305610173935736,1,1,2
-0.79038485344932463,-0.58735747610662037,-0.17407750773592362,0.6083293793634762,-0.78604312070579474,-0.10987073584145651,-0.072299029323617384,-0.19273662768855432,0.97858338566833758,15.133044441115453,14.827609694045687,-1.5509355915845238,,0.4261155174289178,0.3333333333333333,0,5
-0.94358792428407801,-0.31496613999999878,-0.10216731277060144,0.32110975706963407,-0.94571076846030822,-0.050196278078094347,-0.080810599923186233,-0.080171522822720609,0.99349996168512278,-6.3750923312118966,20.952256217342466,-3.8863895681388221,0.6281298129613035,0.711766009405904,0.5819672131147541,1,5
-0.10690234403251811,-0.9864178053981113,-0.12470686442183684,0.99385239789794277,-0.10964641470405874,0.015332153633918358,-0.028797569912435979,-0.12230117307744368,0.99207515997076501,-7.271635715678813,11.733262593013841,-3.235061370607498,,0.1212182643380548,0.5256410256410257,0,5
0.67150504027122204,0.74067344915130184,0.021995968100091134,-0.73778021411257622,0.66552839659756069,0.11292612180661785,0.069002438756522871,-0.092058650025924352,0.99335988866123381,22.603260220033761,9.60783146414391,-0.58535396806713513,0.3444431169703396,0.2001258851777439,0.3684210526315789,1,5
0.72662633698803136,-0.66392671326839325,-0.17667904743909382,0.68533452540094986,0.7185236063293704,0.11849225899142514,0.0482778902688515,-0.20718384723733957,0.9771100750453473,11.031064434461594,8.7889457851436177,-1.3551743516589754,0.2273237707125678,0.1878247492297003,0.8181818181818182,1,5
0.45874380127275749,-0.81915737593214388,-0.3442895848697517,0.88836589675789379,0.43108760985783506,0.15801742342097197,0.018977836319365619,-0.37834463929468343,0.92547024568357239,-24.437480005320058,-5.7143429897622369,-4.0822584968549638,,0.2509525150051746,0.2631578947368421,0,1
0.67238246865074225,-0.7273861559982695,-0.13715391322595843,0.73895604259140335,0.67037989620503269,0.067340640639811683,0.042962576375078651,-0.14662937913729818,0.9882580848164233,12.814357481726699,-6.1052686813415917,-0.43750693240380967,0.05229764534681677,0.1059371165213958,0.3888888888888889,1,5
0.69823288457221422,0.71080791778853814,0.084987898615563384,-0.71235805167188859,0.67814663583163248,0.18072948439164871,0.070829690950879653,-0.18673308308750047,0.97985402512845821,9.7506155367856291,-2.2676809451462718,-0.87519669609658046,0.7710142107964334,0.6535368089551091,0.2619047619047619,1,3
0.92774130002924493,-0.36207950385643706,-0.090523550013925813,0.36734107651555981,0.92874659711726537,0.049902824043237613,0.066004649263797593,-0.079549929165129526,0.99464325013815236,4.9716752711063359,15.439156002197397,-2.4242473096140813,0.1873187134421391,0.1904924372913886,0.75,1,5
0.14233007892296359,0.98918310685404354,0.035481400033892725,-0.98955016068220947,0.14136413926624602,0.028401753877655207,0.023078737565050255,-0.039153048975725573,0.99896667143018758,4.0016593478353775,10.485678426008366,-2.1450950815112755,,0.3669990621622752,0.1904761904761905,0,5
-0.58235748373438989,0.81293256547384163,0.00063649875795160316,-0.80926827010041558,-0.5796578914087227,-0.095297407815086235,-0.077101414690206441,-0.056012256870372132,0.99544864203687444,-3.879449271111691,-7.7372061479829375,-1.9075796586256863,,0.2016562949336536,0.2205882352941176,0,5
0.94000633140036938,-0.33019897849549718,-0.085771391079704926,0.33492337077859541,0.9410304027607912,0.047834263725544779,0.064918661673829023,-0.073691354176671081,0.99516589154074497,4.5904775224365473,5.5019754932260616,-1.7709423414641707,0.2981637089556857,0.2533814253005858,0.8136645962732919,1,5
-0.9952698517086731,0.052141734918134973,-0.081970493224836002,-0.043052614095534757,-0.99311065364898699,-0.10898487064002288,-0.08708843034144606,-0.10494031202835501,0.99065793097923294,-9.2470029693652069,19.539020095545709,-4.0722886908765483,,0.2359840061665641,0.7391304347826086,0,3
0.52890173291240583,0.84701974080666553,-0.053108526679470205,-0.84674020553772944,0.53088859684404499,0.034472047616663955,0.057393216046660187,0.026736799074888039,0.997993568279401,6.7001456638368593,6.2991970116935789,-1.6112119558350908,0.3196818611369521,0.2812345344367552,0.8294573643410853,1,5
-0.96322185509877178,-0.24207618486938032,-0.11663095034837419,0.26303356374121689,-0.93815968350064582,-0.22509942825240958,-0.054927244657588192,-0.2474985433756168,0.96733007232344026,-19.206126581747132,3.0261369155121511,-4.0230734602900622,,0.303451942882224,0.2682926829268293,0,2
0.61190240269515517,0.7907761169792894,-0.015766495839400586,-0.78782939276455588,0.6111442616881908,0.076338321319162017,0.070002124768664631,-0.034290293389730164,0.99695731017286759,-14.257008501354184,11.157867917981013,-3.9206630732723706,0.7482409488875837,0.4448890920830628,0.7065217391304348,1,4
0.52307449161179709,0.8519910802941062,0.022456075443945962,-0.85030450245660194,0.51988056137374827,0.081892948461692303,0.058097584520296862,-0.06193061444068311,0.99638811196637078,0.79770104752189308,-8.6456133815432903,-1.3856475723488573,,0.0847095988697627,0.15625,1,5
0.97776430331168462,-0.18817969443651755,-0.092549282931825974,0.19532410776027506,0.97784213292209787,0.075321019709075343,0.076324701748966703,-0.091723310473081882,0.9928551627598009,11.466619704135452,15.397162016811814,-1.8440473977297018,0.2732890893450963,0.2155940619484563,0.5,1,5
0.71633374073264577,0.69496612049284989,0.062354336297419641,-0.69356107755918994,0.6993900112491549,0.17270391964237905,0.07641337306328716,-0.1669601854695423,0.98299811438530571,-4.8842924429858234,23.293686253311066,-3.8367910375730405,0.3749631101379577,0.3078609944328225,0.6458333333333334,1,5
0.685884881544223,0.72702894673963459,-0.031477609053528498,-0.72515814242590937,0.68645927922356953,0.054030791603155791,0.060890046333317481,-0.014232658589205367,0.99804300192276862,-11.799376497715523,7.7981045432553984,-3.5027932974256588,0.3374925402931553,0.179750159350858,0.2769230769230769,1,5
0.072883995314189862,0.9971958602945572,-0.016980560604372284,-0.99710563714568179,0.073225689977158531,0.020453525360494346,0.021639584084368828,0.015440678053980568,0.99964659448321458,3.9755039022979939,-12.636360192480094,-0.91682490007609796,0.2189606107552481,0.1859216786802088,0.6153846153846154,1,5
0.6082312944480267,0.79336455658216554,0.025047411308576038,-0.78993883810028687,0.6019094465132625,0.11705404845141379,0.077790259768468178,-0.090981858396502108,0.99280963780972264,-24.872920879548637,2.993777968135269,-4.577199715739745,,0.4833882447927919,0.4117647058823529,0,4
0.93219698862437739,-0.34614518654299914,-0.10579359258837613,0.35573332739527552,0.93011866292555201,0.091285665128045757,0.066802501299941835,-0.12273052884550077,0.99018919561333119,5.4249946793779049,7.3372469112426097,-1.7569841685015273,,0.07754859680132575,0.1063829787234043,0,5
-0.99129576261507391,-0.10039087592653917,-0.085172666108918493,0.10881488932831189,-0.9889354832720455,-0.10082623560340342,-0.074108237611390626,-0.10921667435052214,0.99125157612078763,-10.303171279698979,12.309131355725921,-3.6002534936711754,,0.08288206152309451,0.303030303030303,0,5
0.64006962208308016,0.76602152919838962,-0.059345561678897159,-0.76447812575949803,0.64268055572329708,0.050347775824149781,0.076707718788057766,0.013142301919940813,0.99696700335496446,-3.6253744818693003,16.451375125087839,-3.3106657600031366,,0.1337021320226635,0.6,0,5
0.83457691864929173,0.54909426107973769,-0.044461886005323761,-0.54279785080237475,0.83341679329890106,0.10386020321422312,0.094084323998083461,-0.062545512202505676,0.99359760410397036,-0.57697693334626332,-11.213671998400532,-1.4146485728185865,0.6706312266869052,0.329247166352672,0.6101694915254238,1,5
0.18589214964332018,0.98195162253113488,0.034858567231876615,-0.98197097039111469,0.18442306462438318,0.041486703215429667,0.034309211738541005,-0.04194215353346039,0.99853078758086267,-1.8795555731571381,16.404557303243955,-3.1480117692974336,0.3373131988004619,0.2967397038861129,0.6833333333333333,1,5
-0.36599469328201389,-0.88278448908629159,-0.29451558586611259,0.92986505836184197,-0.35962156598170009,-0.077609938272088716,-0.037401306489644785,-0.30226457799339412,0.95249003520422348,0.32792562300783845,-3.5477053264554663,-1.7046089577766423,0.7623658394351343,0.5265455384248597,0.5074626865671642,1,3
0.96675590878210627,-0.23751770431680472,-0.094701388432048686,0.24556918250906284,0.96564765692395915,0.084972814941586303,0.071265625912591321,-0.1054037134703585,0.99187260661334142,21.500653122863365,2.5609834541442704,-0.29239848558610865,0.3683873937547119,0.3025088255492275,0.7105263157894737,1,5
-0.96618495726185127,0.25060208046859062,-0.060706059217572189,-0.24843242035690261,-0.96777676769605048,-0.041103046400411854,-0.069050422710687329,-0.024631791907962924,0.99730903633270929,12.266056527470548,5.4375572330509092,-1.1263669919941715,,0.0884288518239191,0.3846153846153846,0,5
0.92535181823208934,0.37524184664723625,-0.054014526003093088,-0.37037676709510337,0.9252180666042632,0.082417107600600517,0.080901562968500818,-0.056259094854445413,0.995133082233433,-14.473579950811017,-12.313913887307102,-2.7051260029833402,,0.08676131726322658,0.2333333333333333,0,1
0.9530686549636046,-0.27540831719065273,-0.12573940411851045,0.28803396901604522,0.95275777451322485,0.096379747859549239,0.093255410667313202,-0.12807373628819901,0.98737052136189052,11.515567195977171,-4.5156048341437085,-0.65815917664258106,,0.1567117736194922,0.2857142857142857,0,3
0.99206835985519304,-0.099484132642181408,-0.076832784191777956,0.10930884642702088,0.9845843514050906,0.13654754139496933,0.062064043270008126,-0.1438629984417458,0.98764947841444695,-11.651353104751632,14.000564351473379,-3.9361476859280335,0.5740562740859877,0.684246244734806,0.2093023255813954,1,5
0.99619771328801843,-0.022586341848148353,-0.084142576628255222,0.034706561483884367,0.98875000103744537,0.14549532651744204,0.079909765546449782,-0.14786241107993031,0.98577438430907782,2.5207816335544346,-7.5734199926855554,-1.2810091483577528,,0.07133034868492315,0.2432432432432433,0,5
-0.93302830224534372,0.35869648366069823,-0.028196095804601078,-0.35346329747874594,-0.92841567872204112,-0.11449028272540673,-0.067244959250663011,-0.096856389115754782,0.99302414640472603,15.23477954776884,-4.0376615915375611,-0.39561844409061298,,0.2970369429411821,0.25,0,1
0.2391320306780064,-0.96436945815876773,-0.11316987264452462,0.97098634045285837,0.237360136674752,0.029080786985719292,-0.0011826063498799986,-0.1168405481342326,0.99314998250713038,-3.302865670565938,7.942254672823938,-2.6751368166560012,0.217420646989986,0.1880591916381485,0.55,1,5
0.54476690288741469,0.83853939598976057,0.0089834788128336247,-0.83617996062186006,0.54236055402357097,0.081535899416566512,0.063498779302262123,-0.051929864359265276,0.99662991838232018,-9.3462163517141992,-24.810861292464374,-1.762976343171101,,0.447175036163153,0.2857142857142857,1,4
0.98091113396016749,0.17968403067146199,-0.074343771727263502,-0.17655322738979234,0.98317841404368655,0.046788503468150847,0.081500338473079831,-0.032769731158464703,0.99613444853020494,-18.644259236517918,8.8609189574410507,-4.1716656871577023,,0.07827639961879129,0.4583333333333333,0,1
0.61917808768534455,0.78518630280043378,0.010048165250648401,-0.78267322438264531,0.61605936954999518,0.08884524198928509,0.063569800729528059,-0.062875456930721899,0.99599475769250911,-0.24111167109058806,-18.012335201666815,-1.1210061368387647,,0.2019805849661854,0.6041666666666666,0,6
0.43790466994731037,0.89803095251838161,0.042188960134908818,-0.89894044946708029,0.43801261849661699,0.0071424330350326947,-0.012065170958591663,-0.041053067567050426,0.99908411922774287,-14.77785631779826,5.6731149877896465,-3.6679334073182583,,0.1680404592770993,0.5632183908045977,1,2
0.95679121169500214,0.28474469585509515,-0.058915493765225944,-0.27894523509209079,0.95603183558788396,0.090513452933143293,0.082098313275177831,-0.070168280047693113,0.99415103451765341,-5.2377432004548377,-13.1925981540665,-1.7825224634273233,,0.1222089380833633,0.3636363636363636,0,5
0.20863700330359583,0.97797941978927738,0.0051822119914416249,-0.97742156397113134,0.20833100305722177,0.035288517245694678,0.033431828198936198,-0.012427696238673847,0.99936373019510594,-31.911361284920147,-7.1500438002361468,-4.8392548441005836,0.3609489202370315,0.1864179087196847,0.5,1,4
0.98087776532003679,0.19197799357616741,-0.031988427333002167,-0.1768929681151539,0.94793109606125669,0.2648311064650713,0.081164569438769443,-0.25410841604042145,0.96376409227841953,8.9963184977490123,-5.6150777813547643,-0.79228763618309339,,0.0853003267173892,0.4375,0,5
0.50792176335180583,-0.84349577994941427,-0.17472936651039739,0.86085501419098631,0.50428172071309274,0.068033746750287713,0.030726647324956939,-0.18497247190372626,0.98226323242906555,-32.090846981426871,-1.5977691283620556,-5.1478055120690405,0.1473631990599475,0.1574697040861683,0.2702702702702703,1,5
-0.24797577130362422,0.96684001406854958,0.061060658711639244,-0.96849603337594403,-0.24890223161187874,0.0079443334326407457,0.022879033664797946,-0.057167003547092705,0.99810244139768134,-31.122561024648011,-0.44824494381089086,-5.1241933844857792,,0.303542433026061,0.1666666666666667,0,5
0.95461104731530422,-0.27892666869122335,-0.10448761570824457,0.289182058248727,0.95195343613502481,0.1007888516540809,0.071354646173932751,-0.12643009500722127,0.98940585481684773,22.57393632130054,-4.7148174569206747,0.23128505089988008,,0.3610636277442794,0.7555555555555555,1,5
-0.080552183803640223,0.99609566599551247,-0.036121598378552729,-0.99667229310329408,-0.080039317033183982,0.015428800636564767,0.012477413381224631,0.037244219871254668,0.99922829335517527,-16.334421107019335,7.9957177978360141,-3.9204489369090401,,0.07552404265752446,0.1904761904761905,0,2
-0.44515097837291467,-0.84624040765005648,-0.29277598759785872,0.89412754457901844,-0.43786115280612103,-0.093880481935217724,-0.048749774140306526,-0.30357006328615377,0.95156117837883047,-3.071511251966609,-10.59632711031489,-1.6611579670748298,,0.2674233904709439,0.375,0,4
-0.99512019581895927,-0.056268147824160543,-0.081053632945567888,0.058560618045640889,-0.99794031043262565,-0.02618760828612442,-0.079413159409187251,-0.030806368725855304,0.99636565464621374,2.1862958512395236,2.5152953205799222,-1.888297196857482,,0.07097876457571663,0.3113207547169811,0,5
0.83006892886015615,-0.52776034895741397,-0.18015156787911077,0.55607398350357973,0.80768029160377874,0.19604660523787601,0.042039246085220243,-0.26290979560142635,0.96390411409299581,-20.53983793336408,-5.6554159909280211,-3.6763726291747987,,0.3534558303848037,0.5535714285714286,0,4
-0.56109034870267493,-0.79616272371875807,-0.22650063565791725,0.82551127421832748,-0.55834506396794714,-0.082352447936072298,-0.060899562651509941,-0.23318599208219803,0.97052333118039846,14.912007300424658,-17.584714013788592,0.271955015587799,,0.5640670343713772,0.25,0,1
-0.51723991464129127,0.85549290043315251,-0.024387866047313102,-0.85485472365789494,-0.51780163792522993,-0.033239512657859085,-0.041064244077456222,0.0036552798006124405,0.99914982199264091,-4.2216064677292913,11.808781779195602,-2.9631890784695285,0.2486717126605795,0.2812801323395182,0.801980198019802,1,5
0.68949914565018888,0.7240791857038591,0.017328040226668524,-0.72124844764976592,0.68422151650173768,0.10789621457153178,0.066269185225589305,-0.086892169880257997,0.99401113972783928,0.41434414442375045,-15.309741435266723,-1.1525554846820059,,0.2300907933676274,0.2,0,2
0.87540056989429627,0.48321591776171813,-0.013274752368437228,-0.47638631883048999,0.86703752348196439,0.145952074686857,0.082036074137402507,-0.1214426189439433,0.98920259443865199,2.9138434390291552,-8.9877384336974409,-1.1563288088610733,,0.128464324732083,0.38,1,5
-0.90239614379127953,0.42517802474241806,-0.070034612491005191,-0.42636778930572561,-0.90454703902509848,0.0022720989143143106,-0.06238355482960134,0.031910836201262602,0.99754197436486847,-8.2432740830850708,1.7329652999060614,-2.8219632485311656,,0.08080388728843767,0.4640718562874251,1,5
-0.79174186937865432,-0.58176754827981414,-0.18625609262864221,0.60494648433158216,-0.78905461687730605,-0.10692316250217955,-0.084761803706940184,-0.19733051298038778,0.97666581043837319,2.2790806635372047,-5.9490239132146341,-1.4023246363947592,,0.2740179024740237,0.1590909090909091,0,3
0.31370371670522385,-0.93104727749057647,-0.18638923038285707,0.94952049218823331,0.3074138271880249,0.062510589248748208,-0.00090168727575413304,-0.19659019795248248,0.98048532932882793,-2.6941569882168426,-5.1296584790850224,-1.9255249528360947,,0.1083176454126251,0.2755102040816326,0,5
0.69794962102006131,0.71461607099574387,-0.046799546926863597,-0.71285639342837781,0.69951496698901416,0.050145521301955383,0.068571778934482533,-0.0016376913521870718,0.99764484116382646,-12.841690393697824,11.905529285297529,-3.8306394183117582,0.2405309468640472,0.06841888584411306,0.12,1,3
-0.039208593798841784,0.99266010018829043,0.11440547043953472,-0.99884172644366565,-0.042131344569734865,0.023241241786616681,0.027890709696153856,-0.11336170119983249,0.99316223901924783,5.9026301201118025,16.275011802852898,-2.4436155479514476,0.5878528846490402,0.2715356781705327,0.2954545454545455,1,5
0.88311097217800427,-0.44054766292108571,-0.16134673071862893,0.46545595741683121,0.86584459120037016,0.18347723453945103,0.058870727225008412,-0.23713055598938143,0.96969239292270704,1.3663558567222409,4.1973817229029908,-2.0285422965108495,,0.08115463731707293,0.208955223880597,0,5
0.41393993155319481,0.90939570019313265,0.040659482731305562,-0.91007501818491088,0.41242049447579054,0.040899841223130631,0.020425335773721916,-0.053933256962521249,0.99833561964498918,0.50130143806560712,-9.9955647134769734,-1.3533972021303966,,0.3932584281816426,0.375,0,4
0.92237143964864654,-0.34163759727196091,-0.18031827264790587,0.38064838173072163,0.88336057037876803,0.27346098841677602,0.065861497145645445,-0.32087046425362797,0.94483035956905792,-14.897263641012177,-25.758481764204024,-2.2758915683984853,,0.4862543766821332,0.125,0,1
-0.87551918359059111,-0.43611345817772118,-0.20801733283823626,0.47452663828393782,-0.85719937000111868,-0.20008425632375335,-0.091052889705979537,-0.27388737040242245,0.95744194581720565,12.097799836977037,18.083998591635982,-2.0654866221197894,,0.5985461060603364,0.6,0,2
0.75794036195987591,0.6491106446084528,0.064666674324050627,-0.650379489331946,0.74431055961539561,0.15168490597727624,0.050328198541681683,-0.15702599116393762,0.98631126452582596,-3.7117963424504583,-3.8256602275444478,-2.1000226313576329,,0.3098243275043259,0.2577639751552795,0,4
0.98450805437771705,0.17002403039319436,-0.042845302592675064,-0.15321122762885023,0.95301076702956156,0.2613365601177704,0.085265529927775544,-0.25072356693095793,0.96429636647223504,-20.060485032314656,-6.800865933911644,-3.5118803643498522,,0.141313600387913,0.1481481481481481,0,5
0.97723348936527932,0.20044802023505531,-0.069536310276052588,-0.19687281999115136,0.97888486602738867,0.055004652632961053,0.079093615492606656,-0.040062579128007481,0.9960618403201279,-19.116717716283173,-5.7612563456215895,-3.4977756066508201,0.3438646314233048,0.2223476310529085,0.7964071856287425,1,5
-0.99305636526145591,0.11524471885615954,-0.023615888496337126,-0.10892830960589989,-0.97661347806648524,-0.18536649596214752,-0.044426104714547207,-0.18150693990767516,0.98238564321006072,-3.1303232559026135,-15.752633473247876,-1.4909959316564356,,0.5695273062790982,0.8,0,3
-0.34146707955804978,-0.93115210344285515,-0.12789055411577979,0.93872590989719651,-0.34465181218651375,0.0029655428222798677,-0.046839082674356713,-0.11904154153276392,0.99178385332880192,1.9332762852489729,3.3695890314992947,-1.9534346265125713,0.5136663528910033,0.3117481853454945,0.9531568228105907,1,5
0.61808551609995455,-0.77133928935603469,-0.15167727411573803,0.78532691000074417,0.61448129089015824,0.075328530947099084,0.03509899166836962,-0.16567571892613756,0.9855554864857542,-44.534085769501395,-2.7933817565266383,-6.763337002682972,0.4298259265162726,0.3524859234629997,0.8648648648648649,1,2
0.6236815217232583,-0.77561539339567187,-0.097170576763945332,0.78092940477700357,0.62369189633243205,0.034024743994465666,0.034214386091166754,-0.097103964784818642,0.99468597849143969,-35.264443451342984,-7.7903902094991846,-5.1861885459949617,,0.06021106305352471,0.3076923076923077,0,1
0.028260545917583375,-0.98656930244514207,-0.1608799335447017,0.99945984714347635,0.025187498831448458,0.021109330888401223,-0.016773654711492985,-0.16138959500390124,0.98674821668554236,-13.839772280614556,14.031787278985068,-4.1767588671472593,0.5919258875432335,0.7148640344616493,0.8311688311688312,1,5
0.99700928433998448,0.0041146285720965112,-0.077172253897279303,0.00015913860632200586,0.99847022282667575,0.055291851147820266,0.077281702975390193,-0.055138770027653161,0.99548342749895224,-10.191629160127714,3.7078012299915932,-3.1571108129703238,,0.06940347020653199,0.1827956989247312,0,4
0.33702208424096014,-0.918072715255706,-0.20870698176365649,0.94146059752053535,0.33056690784601034,0.066162396823304076,0.0082497303080893147,-0.21878758863368691,0.97573763533528901,-6.5196665162375425,31.677965398343307,-4.5024660209209237,,0.6031544912461947,0.1363636363636364,0,1
-0.19453072108910902,0.97937140786642485,-0.054675808236262516,-0.98088882717243431,-0.19400737005189256,0.014773256033618226,0.0038609947990369204,0.056504741564626232,0.99839486522110943,-18.730412403506172,-9.1764784771878976,-3.2971142321974711,,0.07570294577916295,0.1052631578947368,0,1
0.3714356658109435,0.92829434583418968,0.017468647796959134,-0.9276664905603963,0.3702759849292831,0.048276052821319797,0.038346166104822083,-0.034136527019051885,0.99868126500307319,8.3555000214249677,14.728422885675071,-2.0446695960340815,0.5388373567440473,0.3724013596713647,0.53125,1,4
0.86932924912347376,-0.44740337224727361,-0.20999256920230699,0.49223487440174551,0.82194685477386897,0.28654527801037399,0.044401408098346452,-0.35246785729923286,0.93476998482502249,17.814139640310067,8.1619857566302425,-0.85977268961105624,,0.3224581162122915,0.2631578947368421,0,3
-0.99527618693404341,0.087931565783209167,-0.041150351893338162,-0.071981863414584693,-0.95278915554661414,-0.29497700997219273,-0.065145399387803865,-0.29062151470888081,0.95461783564257818,-2.0380805748485007,-9.7338254265985444,-1.5753764462174891,0.9216754469723921,0.3343121838395418,0.2166666666666667,1,3
-0.48690300449262958,0.8734333629284301,-0.0062948184710769186,-0.87037015400976281,-0.48577545359407703,-0.080486046582562337,-0.07335706663350143,-0.03371007577864861,0.99673585847300894,3.4825098603266089,-6.0822270263542091,-1.2771004471869243,,0.2128287877326214,0.1463414634146341,0,3
0.99254649875481737,-0.051441493424803218,-0.11047724002608293,0.082819410503747901,0.94975826384659867,0.30182807274822454,0.089400184862037629,-0.30872805672520559,0.94693959360526991,20.486548065571604,13.838527108070782,-1.0607037994299597,0.7283991014819733,0.3178680322493099,0.1538461538461539,1,3
0.28538934976227692,-0.94896860832215346,-0.13420692776969947,0.95840397891113316,0.28313599065285733,0.035997555532761336,0.0038382612696263698,-0.13889777253844521,0.99029928634442921,11.222153311785336,7.1499441762265041,-1.2966354173165455,,0.07637979379581793,0.5789473684210527,0,4
