axis_00,axis_01,axis_02,axis_10,axis_11,axis_12,axis_20,axis_21,axis_22,location_x,location_y,location_z,dbh,dbh_approximation,score,reconstructed,number_clusters
-0.31888949592193905,-0.8688867412066571,-0.37860972035319862,0.94657394152098751,-0.31221060943015272,-0.080760810995650967,-0.048033973644433875,-0.38413586960153601,0.92202623122197414,-2.3823403799282725,-8.5601802176224115,-1.0728271961345397,,0.3196149020762175,0.1851851851851852,0,1
0.55588969762495866,-0.81184568986102068,-0.17858672943003062,0.83098064128409221,0.54825943461338089,0.094248427936464069,0.021396679310366054,-0.20079384505382419,0.97939982331170006,-3.0824208003916831,-11.070849577090197,-1.0467899975455965,,0.08097051029402828,0.3125,0,5
0.26731551738497927,-0.9525993721574868,-0.14524754844871623,0.96355273870946767,0.26261623497578945,0.050978749029622759,-0.010417960005927322,-0.15358108377108923,0.98808112866151421,-4.0050130435798597,-14.662756158596517,-0.99197994829503244,,0.08229205572073697,0.2121212121212121,0,4
-0.9796778859597679,0.1998189814655679,0.017424534641224159,-0.20056590611832339,-0.97499435362588582,-0.095704376600956695,-0.0021347281644480982,-0.097254228924529854,0.9952572822601996,5.5325979894032944,3.2672320300845241,-0.72394565339037786,,0.1659362033581972,0.1851851851851852,0,2
-0.60664103753533805,-0.77355162434172398,-0.18331540048869194,0.79243198506413548,-0.60683593972559347,-0.061657856795957658,-0.063546838043786413,-0.18266917292098611,0.98111863331556393,-1.430325219015647,-13.418742766400076,-0.81716456535523629,,0.25324092711428,0.2173913043478261,0,1
0.46354873817304987,-0.87583899209302496,-0.13427072379207397,0.88603189438239571,0.4567438439223151,0.079577278014590372,-0.0083695564587819692,-0.15585609057249603,0.98774431385664818,-15.812372987269313,17.66085230600503,-2.4311642557783335,,0.2470068434375111,0.2666666666666667,0,5
0.58495852099285239,0.81103930653429479,0.0062267145610802955,-0.81046176779875456,0.58421191858913923,0.042990197893423281,0.031229019427018469,-0.030193996667678302,0.99905608997235928,0.42668589160805609,-11.532425407714127,-0.72872071961933349,0.4299220214713109,0.4600140310207994,0.7142857142857143,1,6
0.99666095396442933,0.056400288132200938,-0.059041937140628352,-0.042623019256114586,0.97613143765220611,0.21295702537490974,0.069643528573774066,-0.20972940643992147,0.97527604041222682,3.6696779624911877,-1.9966206856292368,-0.8083344349910303,,0.1071586753341117,0.4117647058823529,0,1
-0.37607384364728169,-0.88648626227035399,-0.26964897724689857,0.92457644088517388,-0.3781886174197443,-0.046171144822810123,-0.061048088294936471,-0.26667485157037396,0.96185116024021811,24.573735991485815,13.168020377231223,0.55352562970640695,,0.300817823090491,0.4102564102564102,0,5
-0.84643713881637206,0.53187608073879178,0.025534384079058836,-0.53170361957075507,-0.84161403022156989,-0.094747480544685278,-0.028903822717979866,-0.093774510780648593,0.99517380902038322,21.100097773705013,6.3523009741779983,0.46943648240871338,0.4142574246542743,0.4987041308760567,0.609375,1,5
-0.32885455834929184,0.9146527761347425,0.23508504538124211,-0.94437418429994557,-0.31941663720182567,-0.078296946980644891,0.0034755547333933578,-0.24775655589244405,0.96881608653635032,-22.665347167821221,-6.9614734059129724,-2.5804856909917788,,0.3251778273195545,0.3333333333333333,0,1
-0.70150917416456138,-0.67697987954211558,-0.222672677394637,0.70949998073405152,-0.6928251071595366,-0.1288532041811758,-0.067042194932252386,-0.248377965175089,0.96634038025643221,-26.694483116973228,-7.7504258719906209,-2.9439030459683915,,0.3199393526303728,0.3125,0,3
0.31289798282613535,-0.93311553815153858,-0.1771729234490988,0.94977146468589935,0.30634290451650015,0.063938953078668967,-0.0053867626397716981,-0.18828015644926371,0.98210058826766988,-3.8534637313260025,-12.447366717585551,-1.0816563557144079,,0.08406182586686908,0.3157894736842105,0,5
0.49483095620130441,0.86891470095984524,-0.01138276068296935,-0.86748669935907419,0.49470293246765568,0.052305210476599841,0.051079851409358966,-0.016007843819983048,0.99856627106879214,2.8967106800871725,-12.784760897719554,-0.44947651048573473,,0.1013265425366885,0.3243243243243243,0,5
0.76402502669610894,-0.60243713329386872,-0.2309442768519612,0.64430534258971128,0.73112946269564993,0.22432194339548053,0.033710296533326994,-0.32018621020749094,0.94675467081002518,-8.0916868985035215,-6.7420904743610262,-1.5087973068027589,,0.1041777201168455,0.3142857142857143,0,3
-0.064797392677071325,-0.97972370314382473,-0.18958576792682633,0.99765683263181326,-0.067782260858502252,0.0092956665155687103,-0.021957736798498648,-0.18853920178854314,0.9818201603061667,14.855911896338494,-10.822120884175968,0.39890163326304084,0.3102753902996036,0.2620233540240496,0.4482758620689655,1,5
0.38399069602126018,0.90709712555631106,0.17241215205601701,-0.92185667031882623,0.36606300644254186,0.12719337523210789,0.052263034333996074,-0.20778036510153328,0.97677832445262502,3.4626031899737773,8.7359447327406681,-0.92616702609363177,,0.09332141479257383,0.4230769230769231,0,5
0.99290450403477548,-0.093543270803027032,-0.073418678515265956,0.10269560121349454,0.98580551872463573,0.13281977542313217,0.059952142237415698,-0.13941712857294078,0.98841722207862226,-6.2621782461545754,-18.075513095675817,-1.0178451510911601,0.4814646109480125,0.5723013677159294,0.7076923076923077,1,5
0.85790499601266634,-0.45333315984484568,-0.24184305655030405,0.49896623095899106,0.84737908059028921,0.18160780308272617,0.12260390768276924,-0.27647375999006263,0.95316868489154161,8.541580409428887,26.786484701410917,-0.93283826747846577,,0.5978557146468699,0.3714285714285714,0,2
-0.98205137891347538,0.18651910844948794,-0.02803054329387808,-0.18289375464498367,-0.97801662572671322,-0.10016663273763118,-0.046097328404175415,-0.093242168493354191,0.99457575595258441,9.1492373857611415,2.949529334949756,-0.39995835184260808,0.4776448060382782,0.4137729274976412,0.2898550724637681,1,5
0.58038435401722666,0.81421125073746525,0.014630132758786081,-0.81130543146497358,0.57657617799360183,0.09666130480044581,0.070267335849886411,-0.067970215115325777,0.99520980268973247,21.880917430147115,0.53642755846658252,0.66970944973618274,,0.1629441299065645,0.5,0,3
-0.22435494995669883,-0.96316787455713682,-0.14823124451685502,0.97362733235916932,-0.22800740899119221,0.007901843347726473,-0.041408623656141126,-0.14254917350238036,0.98892115915309076,8.9417345626932931,18.839011119250454,-0.72291631435350467,,0.1392597498576018,0.5,0,5
0.0099684373419670624,-0.98370351973158054,-0.17952162968472588,0.99827962772484524,-0.0005835248253169942,0.058629722567341114,-0.057779019777981923,-0.179797232366015,0.98200536663860294,12.109028291727544,13.340023223961301,-0.36508809672524711,,0.3123637518404913,0.4642857142857143,0,4
-0.33560050057746055,0.91843412379129363,0.20940645708257721,-0.94199979914651422,-0.32789705202388908,-0.071553488258578962,0.0029465946591655471,-0.22127422698941338,0.97520717493779352,-26.75768044720472,0.19096237708335709,-3.0960070896591092,,0.6752878217315039,0.2553191489361702,0,1
-0.98465984737378309,-0.15263185717833164,-0.084548809241359713,0.16081934443571799,-0.98186415135771099,-0.10039883830935684,-0.067691383684368431,-0.1124557888812124,0.99134836062909781,16.463579252359871,8.1176066629958665,0.084118791125001355,0.3053979574617352,0.1991983676286415,0.6904761904761905,1,7
-0.29767577061826089,0.95442324905178444,-0.021573067845312238,-0.95462387865577547,-0.2973714566631307,0.016231668498653387,0.0090766671761632316,0.025425940129752973,0.99963550141113422,-0.60822679622532982,6.7602314524939926,-1.1967408691844854,,0.3411104449492931,0.1176470588235294,0,5
-0.41233140007983876,-0.8954445106615766,-0.16781521037811131,0.90946802334709476,-0.41537451754857219,-0.018218800191548496,-0.053392237425757938,-0.16013475106091368,0.98565010550668042,-6.9967623408430351,-10.012963029195976,-1.3615106572165876,,0.08281359620672661,0.2727272727272727,0,5
0.9326213888989271,0.36003314981719226,-0.024361362871335814,-0.35182910813359375,0.92222204039506928,0.16038324999661677,0.080209872448208028,-0.14100581279602747,0.986754142185162,-6.6645790596201628,-6.8202566199383465,-1.4042537010509313,0.4300089908328246,0.5081660778981657,0.5590909090909091,1,4
0.76891439519244453,0.63927684149535324,0.0097863575226658419,-0.63489829773749207,0.76166551467256816,0.12949824434565296,0.075331297585211496,-0.10578640596171225,0.99153135700180006,-3.5658232884655168,-8.6920109331662356,-1.1526577116083059,0.3386796204038594,0.1504049530556871,0.2368421052631579,1,4
0.10366768849401067,0.99395415198853632,-0.036168413112253037,-0.99391991572103255,0.10488336365600283,0.033506434625288163,0.037097324639450591,0.032474971485014707,0.99878384284671051,11.428224125270328,15.734736327860238,-0.45355797772317458,0.2635942581890584,0.2396053735070137,0.5384615384615384,1,4
0.73589679288563903,-0.67133084994872516,-0.088152141935135014,0.67623782597778836,0.73525519851294219,0.045849708576262048,0.03403399678945538,-0.093352466313513557,0.99505125701931474,-4.9845994291706095,-4.0139165919560433,-1.3579963905801307,0.6760865430762124,0.632702462901359,0.8334556126192223,1,5
-0.62618324017157312,-0.76881906596503879,-0.12966030054290262,0.77724684314864179,-0.62865699900714556,-0.026033102289224709,-0.061497110043491669,-0.11707955162185985,0.99121666856864488,11.305898308358101,19.376094356477434,-0.56868568221419635,0.344607463514775,0.331795834561391,0.7777777777777778,1,5
0.99735756388908192,-0.015398689676885178,-0.070998381034146921,0.023829577461677215,0.99255103895007224,0.11947630023201072,0.068629738388200537,-0.12085245316238566,0.99029523051128499,-22.978111628680129,-4.3800071458454868,-2.738804408781677,0.6874879143625791,0.6000976427998237,0.9619883040935673,1,5
0.85010449440505498,0.52571985813564515,-0.030675386780986278,-0.52132221153038238,0.84837014187809978,0.092148001252357128,0.074468116381423352,-0.062343669538857789,0.9952727096183398,0.62863252944621362,-2.9192371650877909,-1.0250167672683976,0.6005334799117269,0.4547143426630488,0.4411764705882353,1,4
0.20838110466902934,-0.97200594981595478,-0.10854376416587674,0.97792564050708564,0.20531468622483429,0.038824235461926697,-0.015451758984668955,-0.1142379671684519,0.99333324217077212,-8.3799613209808967,-15.166838939197346,-1.2821586104929081,,0.09267270506520101,0.2558139534883721,0,4
0.7173960794864076,0.69665021493702339,-0.0046198664192807007,-0.69316691703214439,0.71444141936753391,0.095357660543120865,0.069731558635136137,-0.065206873259677403,0.99543235501464966,6.9471937824676804,13.678917163425215,-0.75124654737747998,0.6647900356412541,0.4513138834542583,0.5855855855855856,1,3
-0.9694645748517714,0.24449817323808951,-0.018949443018473369,-0.23567668330232974,-0.95026573353378851,-0.20359650443733929,-0.067785979782596373,-0.19291365673463168,0.97887148389877265,10.832400749300538,-17.985945149219511,0.32842463854495391,,0.4402040918175342,0.2727272727272727,0,5
0.46396245101168965,0.86477333770409448,0.19210913160843321,-0.88381702980242904,0.43717795100729484,0.16656199141543784,0.060052492724603293,-0.24706783187858378,0.96713555645957794,-2.9205927876104121,8.181630988954451,-1.3746847197865883,,0.2703875769605513,0.3846153846153846,0,3
0.99063331890980388,-0.12345243231696146,-0.058353443949543997,0.12932094599610516,0.98540591014268497,0.11068552381652701,0.043837431407633333,-0.11719509038732204,0.99214091257073345,5.087624108613146,17.323740263258895,-0.95363600406460025,0.2351392796003482,0.3161489645923642,0.6808510638297872,1,5
-0.92355110817134933,-0.35723186444307431,-0.13942290207135327,0.37656854082548036,-0.91354501737826499,-0.15372584455424254,-0.072453327432504239,-0.19447595288331046,0.97822779509380475,-7.6111183349912359,-8.6816015148534298,-1.4322634560058558,,0.1884076753193461,0.2045454545454546,0,6
0.71245319775265192,-0.68731969193547515,-0.14142871734461793,0.70078497036364151,0.70730246294301768,0.092863616272313321,0.03620588798041955,-0.16527209986100069,0.9855832114454286,22.506391825654333,-3.8870366007857537,0.80047493233474565,,0.1727625007893768,0.2692307692307692,0,5
0.25988852624626174,-0.94591468754503305,-0.19417352500310003,0.96559922154929601,0.25275316664383463,0.061106301597368649,-0.0087233748595781785,-0.20337463125497576,0.9790621339286707,16.034848587956638,-12.769031543178166,0.56203932155324043,,0.2708698279780242,0.3684210526315789,0,2
0.7836796611783845,0.62099948621367296,-0.014346664340063752,-0.6154202441903065,0.77935850715533184,0.11772102771109488,0.084285892627866205,-0.083426347438723639,0.99294306627165507,-19.516406012847209,-4.8087308897543846,-2.4157764462378513,0.6349421037928534,0.4357380547570228,0.8449612403100775,1,5
0.62639315586915234,-0.73206984786369489,-0.26777855053963923,0.77921009238761085,0.59753437921158914,0.18916737980294487,0.021523155009766846,-0.32714890112767797,0.94472765932271596,-10.579087192892406,-21.470237839440713,-1.1902423230873433,,0.4574517391831795,0.3333333333333333,0,1
-0.88164115462665527,0.47151320142613679,-0.019600391563802284,-0.46983855596477647,-0.88089137033329101,-0.057289833315095982,-0.044278728499277491,-0.041300055123608757,0.99816516651768339,3.2200008660609205,6.5539032606201957,-0.91298718388313038,,0.08025017165976003,0.3414634146341464,0,5
-0.86869551190188288,0.49504038912581494,0.017410362882157696,-0.49043047945537871,-0.85460337821931864,-0.17067809102898082,-0.069613593663121642,-0.15680586427264523,0.98517301450405925,-26.109109425002849,-1.8522200124977009,-3.058154386037792,,0.5285595482520463,0.2439024390243902,0,5
-0.087507649402822824,0.99198325930882847,0.091168111459137655,-0.99594201563772411,-0.089052301947250181,0.013007267405687625,0.021021721705415195,-0.089659917292672531,0.99575056437222798,2.9602202113153377,13.820242192644161,-1.0389399163499464,,0.09290088711123773,0.2857142857142857,0,5
-0.76751470103409791,0.64080373716481376,0.017080811811763061,-0.63570437148992831,-0.75743840101921145,-0.14888593194139282,-0.082468998812498681,-0.12513048827951567,0.98870684489275951,-8.300471551164236,-12.57484199814356,-1.3755575093206329,,0.2914297044420852,0.1714285714285714,0,2
-0.99030069621360362,-0.12334612816497481,-0.063955169811078266,0.12732572182039562,-0.9898960552607875,-0.062401605284237376,-0.055611973906430377,-0.069939491318168137,0.99599988750621282,-2.2693088756747426,-15.469103532067022,-0.8242665702179085,,0.2220414404056851,0.3333333333333333,0,4
0.3851294084751658,-0.91471238864986615,-0.12237885756136746,0.92284981914747355,0.38242020348305694,0.045858469964153548,0.0048528370099031352,-0.13059875197885296,0.99142342919386428,17.036863930357754,-2.0145464523583292,0.34111620953404137,0.3811077796175319,0.2992125105878297,0.4878048780487805,1,5
-0.51101415955805962,0.85897990392865087,0.031906948739998262,-0.85954912167175512,-0.51037566007027035,-0.026305760607736994,-0.0063115896955990985,-0.040868205913189355,0.99914461094525853,-5.321119486543151,3.5516156477970093,-1.5096472998180983,,0.3122935169392357,0.3215613382899628,0,5
-0.12852572682199565,0.99030726310863659,0.052656074475402409,-0.99166161327714208,-0.1288420041258462,0.0026424847041325145,0.0094011859599665779,-0.051877380495904284,0.99860921039985839,-11.127310216016387,-19.999020547208524,-1.2991664905505653,,0.2107968844113741,0.25,0,3
-0.7626005776207937,-0.63617042110080957,-0.11716464624130148,0.64683512693781187,-0.74807552774324504,-0.14828123060930493,0.0066841283482555972,-0.18886556093709417,0.98198020464780222,3.8339420065409144,-10.421853323606905,-0.48425135406339542,0.7204374714243086,0.4841914769609885,0.4666666666666667,1,4
0.33757443876000548,0.94129862659939478,0.00062758103914605792,-0.94007316324723367,0.33710079295612849,0.051239663647314984,0.048020266952692146,-0.017887172790657834,0.99868618845528712,-17.069591907311352,-0.83700746562996697,-2.3121815927818545,,0.07580423462213244,0.2162162162162162,0,5
-0.80413548121850331,-0.58466086186747923,-0.10741417246276755,0.58949344803838011,-0.80758577284878352,-0.017398109439061966,-0.076574163823749986,-0.07731038799933837,0.99406212147032524,-34.813928118231232,-4.6639751155591789,-3.772446041846099,0.2874284619168379,0.1508427080094299,0.72,1,5
0.31591156914457164,0.94733757393215179,0.052453803455608301,-0.94758090386529914,0.31223830835707223,0.067806116421285575,0.047857194970428216,-0.071124959125885887,0.99631868851231697,-15.277216837808989,12.136392252417098,-2.2891381515992215,,0.1797192034742767,0.2777777777777778,0,1
0.51831198460645544,-0.84038763274452033,-0.15843393999827612,0.85511450191999017,0.51178144030519301,0.082818753705116849,0.011483693632449636,-0.17840511228437983,0.98389010600338511,-4.8966624490363468,-10.157476568981501,-1.2138927331819436,,0.08146092788766071,0.2647058823529412,0,5
-0.81303273530879727,-0.55311825793254155,-0.18176348384085628,0.57927137418766006,-0.79985683875936031,-0.15707868262950983,-0.058501678292462292,-0.23300049405860221,0.97071536683283832,4.5854893631341538,-8.0798013152514745,-0.50555227709333206,,0.2502417821112184,0.3333333333333333,0,5
0.07250884950637132,-0.9581717302077426,-0.27685628433171366,0.99566400810908373,0.085758587080021514,-0.036036754823270331,0.058272203488597622,-0.2730428540957236,0.96023536183992086,22.182129263238359,11.361240982779899,0.42264473108703854,,0.3194916093495695,0.2083333333333333,0,2
0.92312291061078833,0.38430538358641458,0.012388060863817638,-0.37763911732032734,0.90010727365887078,0.21724546710097228,0.072338018876597854,-0.2052224842771723,0.9760383921609409,-2.7740658142881371,-9.4536654953277743,-1.0745378992131445,,0.0881582016783113,0.16,1,5
0.93657585499367924,-0.31972260055967483,-0.14353789232888187,0.3461564618800706,0.9079399353703923,0.23626421154774968,0.054784776549059604,-0.27096592488902937,0.96102866544526255,-3.5008777194753335,-13.924335416461394,-0.99461351895637662,,0.6142558172907708,0.4259259259259259,0,1
0.52880844231689472,-0.84342454430320468,-0.094850774384354755,0.84872930997571605,0.52608016910354083,0.053835063519383164,0.0044932975113532985,-0.10897106837561174,0.99403476626049292,12.912286712722153,-4.7233959975330828,0.050871560120920596,0.3084389598931233,0.3195198044031881,0.4444444444444444,1,5
0.89778928723943086,-0.43189972790741343,-0.086238162965232235,0.43779546922588691,0.89651909596539126,0.067739484015487766,0.048057495184428277,-0.098570460092773843,0.99396898420106561,-9.9542474299144814,-12.659514833526961,-1.4826026371834404,,0.09536686005269668,0.2340425531914894,0,3
0.79059033458272265,0.60741706792871952,0.077533402177759003,-0.61233562509200989,0.78349840776806534,0.10571342047292907,0.0034648387492672832,-0.13105247274960513,0.99136937832407224,-7.3354871786338567,11.505151290981253,-1.7395238109949016,,0.6646344143137749,0.2689655172413793,0,3
-0.28901803953908017,-0.89130262375291414,-0.34935398339242979,0.95620589638652143,-0.28640142867259527,-0.060369738859347773,-0.046247773315439111,-0.35150228241857501,0.93504400373345853,-1.2409673300342938,-4.7422258163439253,-1.0827774276499469,0.7425999242773837,0.4191384257666965,0.2763532763532763,1,1
0.20716595490566547,-0.95822154534622361,-0.1972149516703012,0.9782224743381861,0.20026438026924961,0.054543273600430937,-0.012769409841563958,-0.20421960735852193,0.97884181262481307,-15.292190086655811,-14.339655042096098,-1.8086141913456473,,0.07379405209966833,0.125,0,1
-0.96991402638212132,-0.22798946509594789,-0.08536735460634827,0.23555436811784031,-0.96744497272066632,-0.092543851325279161,-0.061489194886804703,-0.10986823272799982,0.99204236318284267,-5.9495992838734111,-12.972731741845774,-1.2157951703246297,,0.218487073529485,0.2941176470588235,0,4
0.26859640807827373,-0.9555584455784728,-0.12150731110144133,0.96321845281408791,0.26537603917204722,0.042258371854481093,-0.0081352151713988234,-0.12838853109607992,0.99169057843518205,-10.957601740507762,-12.429725065568924,-1.5617681750749464,,0.06764951199035933,0.1111111111111111,0,1
0.4864574147917558,0.87309718538423675,-0.032565141919639072,-0.87151636902208796,0.48753817853084641,0.05259033182422309,0.061793220669251532,0.0027980973802406309,0.99808505074987108,17.662066907295888,-5.1772918201557214,0.48257912659734009,0.3549655428649581,0.2911916646893148,0.4166666666666667,1,5
-0.5577416427237345,-0.78880583913176605,-0.25828203213437062,0.8278087095901312,-0.55131380385926332,-0.1038548506375683,-0.060473136999429029,-0.27173229073089544,0.96047101042956406,4.0683777540197488,11.670664844471855,-0.92405930306147066,0.4977819614800622,0.5980617073535158,0.3809523809523809,1,4
-0.067332499763152975,0.9975814937586942,-0.017248124124629002,-0.99751921582878778,-0.066952345420570283,0.021743907077770866,0.020536516938543865,0.018669406869481528,0.99961477816165545,15.548243584950798,-8.5610455541701018,0.38055325378745136,0.4877039474528131,0.4099603226714857,0.6739130434782609,1,5
-0.88648768427647928,0.45981828735492852,-0.052026226464210262,-0.45536701657102763,-0.88681505601139221,-0.078739676470712269,-0.082343584117564039,-0.046110725926744783,0.99553670706266839,-6.1133459531458154,-21.282096749965049,-0.88032706008987005,,0.3443982806864419,0.4117647058823529,0,5
-0.099565728870261327,0.99490511024569173,0.015826788731227191,-0.99483286611386224,-0.099850703699366467,0.018368600121428678,0.019855330120983256,-0.013916126535448868,0.99970601042908447,-16.042552405122972,-0.20721302857595422,-2.2402815658663462,0.3161352057302457,0.2228505691817227,0.828125,1,5
0.99631661298700003,0.056870933185426228,-0.064178685283610024,-0.050392830888761828,0.99387031439778351,0.098398987565266868,0.069381332367795701,-0.094802400378216523,0.99307539270762257,-6.7084857787536816,-7.873473674571934,-1.3794703344042025,,0.06765997328254342,0.282051282051282,0,2
0.90465466083617418,0.42382263125832564,-0.044433341767811302,-0.42022037147299529,0.90454078512714298,0.072255155114837974,0.07081513981122782,-0.046694167460622708,0.9963959407277182,-4.8482193085337268,6.3145561050260843,-1.4954196820528849,0.3890689820588583,0.3787449277541202,0.9088937093275488,1,5
0.8554111033535684,0.51409465810240107,-0.063075563968990625,-0.51279122516018472,0.85773283012298218,0.036599884261243144,0.072917786980596769,0.0010366483468053995,0.99733741617471516,2.4781624034798826,-3.5899441763542348,-0.83942693611150176,0.3607895768025534,0.1246463318097066,0.4615384615384616,1,1
0.71321647539918742,0.70057615851355493,0.022700337917096712,-0.69696939988345474,0.70535661545502604,0.12925053446670129,0.074538009399616648,-0.10800505153103238,0.9913521039461819,-4.3736006159708412,-11.340207273182799,-1.1439563258756738,,0.08546124891157128,0.2424242424242424,0,5
-0.57592823746990862,-0.81247118769785875,-0.090538579874188119,0.81514093929606224,-0.57914142201822749,0.011851682844159753,-0.062063792732461015,-0.066975984229687965,0.99582242551979405,-22.827675215528213,1.2723538315171057,-2.7672755885741083,,0.1644673192824123,0.2352941176470588,0,1
-0.98655869364905546,0.15409595376798385,-0.054372612755021726,-0.1499111564774295,-0.98591771843315967,-0.074114085322265488,-0.065027602978056834,-0.064966833937724067,0.99576639898072439,1.8426514683628021,15.062248016865221,-1.1331403816885266,,0.0721877679369082,0.4,0,5
-0.40375071849574096,0.88972794081955331,0.21300128788148506,-0.91394059947899087,-0.40274332256366435,-0.050103859675321438,0.041206042495693228,-0.21489999407952215,0.97576639346027139,2.9668242935250473,3.4612055142044134,-0.91208687757803619,,0.6753745280591259,0.3472222222222222,0,2
0.99355776333523083,0.10426075018794655,-0.044414714752443199,-0.086601606751907534,0.95130256673544122,0.29584385785503564,0.0730967347032839,-0.29009157604592567,0.95420319894816386,12.369109856017552,-6.407012756570631,0.056799703453005772,,0.3180271872236353,0.1904761904761905,0,3
-0.0041819009662732677,0.99895373680346922,-0.045540569064213846,-0.99963282620339766,-0.0029568445003000663,0.026934547466180944,0.026771710459273831,0.045636485370646081,0.99859931239817012,-1.2247717217772995,-11.902449308959287,-0.86914227990210458,,0.09267939762364845,0.5227272727272727,0,5
0.59807951418143146,0.80136036050061943,0.01106649604983429,-0.79911428487549396,0.59523901605078944,0.084302274458148058,0.060969290830970344,-0.059262858429259685,0.99637877295050914,-6.9489404339686667,6.2734218539346802,-1.6421476249419285,,0.0864274052708994,0.3548387096774194,0,4
-0.69118862189537722,-0.67107432897082486,-0.26817444687875575,0.71952988053381894,-0.67362371793336551,-0.16884264170113639,-0.06734270547993973,-0.30966164055947742,0.94845908102809295,16.05025238912663,5.470849771826189,0.078631384711078278,,0.4561602280051988,0.1666666666666667,0,1
-0.17648794669254256,-0.95287920231460943,-0.24672500981563217,0.98400087045167639,-0.17700926311496901,-0.020248647407637186,-0.024378097189759432,-0.24635126662505555,0.96887396590559538,-9.6916775896240974,-13.424044685306068,-1.4408325581380581,0.5749166588349928,0.2073444647885039,0.15,1,2
0.56281415713577254,0.81661083143539903,0.12801161865211916,-0.82547932982168237,0.54727910989494555,0.1380921862733071,0.042709490335234246,-0.18339118259878753,0.98211179281195982,7.4723245863980861,-3.4915260582627274,-0.40230532959416926,,0.2621300725927529,0.6097560975609756,0,9
-0.76686905784224357,0.64045579417905918,-0.041571911510295871,-0.64098344165126953,-0.76755426544241923,-0.00082287911761854001,-0.032435715701110125,0.026015866382245297,0.9991351755610135,0.51382005495148075,-16.991077434399127,-0.50385346498363393,0.5156188720099152,0.4894237386555054,0.7386363636363636,1,5
-0.98007046120129304,0.19773382775632004,-0.019058448035424905,-0.18868783978474801,-0.95662656081938047,-0.2219516214228911,-0.062119161279353241,-0.2139321305828534,0.97487140347136592,-12.978074899894702,-18.931719262766304,-1.4699505594320987,,0.3788406313757622,0.1,0,1
0.89286248834865489,0.44985300882206308,-0.020708629930222173,-0.4436198189165893,0.88653750651779051,0.13134955577250182,0.077446970013440086,-0.10809033255087046,0.99111979439661124,3.8011636672128346,-18.718464926592567,-0.17521768686223785,0.3456850580234428,0.3571568215535773,0.6111111111111112,1,5
0.39821048349914373,0.91653486735022149,0.0373128364331951,-0.9160310056795784,0.39519914475215701,0.06859178245842662,0.048120759190173439,-0.061493681939495372,0.99694679878942649,17.521606573969539,-0.44430070884099887,0.35554495861035768,0.181653093885493,0.1076264117098048,0.45,1,5
0.18740701912617805,0.98224730540363847,0.0082970000320469039,-0.98024120628399092,0.18646668142557646,0.066010258453059606,0.063291284432751865,-0.020503847088388455,0.99778444845037961,13.483248083645924,-6.1723872726561231,0.13120915347383394,0.3588936825601825,0.2254196645517411,0.2916666666666667,1,5
-0.17722358039212099,-0.97048947346450742,-0.163529766243276,0.98355717824805933,-0.18051678893597831,0.0053820097509294507,-0.034743052107047687,-0.15988705640803613,0.98652371969631825,-5.7529918058002965,-16.142454296726374,-1.0645023242106175,,0.08116426015626386,0.2666666666666667,0,5
-0.83757618802513345,-0.53841119756683731,-0.092625652968979955,0.54153524403429365,-0.84061111476252581,-0.010608166968039441,-0.072150597516609988,-0.059045203635416953,0.99564449237950781,-1.1274820088594346,8.8035426142186051,-1.2635520875197148,,0.08617236964340254,0.360655737704918,0,3
0.57621659365624611,-0.79242739016162078,-0.20008315400561374,0.81717391836613007,0.56284770603875922,0.12421451988013116,0.014185356440268354,-0.23507720248579647,0.9718731833599038,-9.4424258386918538,-4.5232554801206586,-1.6564067971332177,,0.1347359290204842,0.2903225806451613,0,3
0.80684899073258576,0.58846914680821472,-0.051949681506431644,-0.58186166421748198,0.80682363009053348,0.10233588638203302,0.10213574236216361,-0.052342078506167442,0.99339246874021725,-24.028533424929812,-5.0640785061901594,-2.7976210610016206,,0.1345755291724368,0.2272727272727273,0,3
0.27368437928598682,0.95223767131465209,0.13542628202861076,-0.96075125302801567,0.26402246974380639,0.085142030017373777,0.045319866945331154,-0.15341301378836694,0.98712236164541811,-11.281942321204367,-15.334687058235213,-1.4919755966541119,,0.7384704068190375,0.68,0,1
0.95198055883153265,0.30474082310865636,-0.029428665240899383,-0.2933942723169245,0.93553228649071696,0.19672097474614481,0.087480378248065857,-0.17864034164910678,0.98001776093959891,-7.0777257700212157,7.5626481144283098,-1.6643017771948367,,0.7711584690094714,0.5568181818181818,0,2
-0.15171671758102764,0.96881638332257058,0.19590010978101249,-0.98838205367027376,-0.15052703176147147,-0.021036365931725406,0.0091078860868578637,-0.19681572120858382,0.98039819374383474,-10.273504427151984,22.958746167323099,-2.1242016707435609,,0.2766338678048614,0.2162162162162162,0,2
-0.42623379530055017,-0.89242199783225218,-0.14801259922310711,0.90298757589614953,-0.42953829933273385,-0.010501770495429143,-0.054205069143804283,-0.13812974767020386,0.98892971605047886,-29.789807384627061,-0.92529929401479349,-3.3235082920549024,,0.1131013037274204,0.2173913043478261,0,1
-0.98365813463830409,0.17807030615636063,-0.026601507951093221,-0.16434346751867998,-0.94836023497164945,-0.27130073610009736,-0.073538417468889242,-0.26249539194031202,0.96212695127320536,-4.6893713428052983,18.012664207766683,-1.6640296952647062,,0.6569247707386998,0.5409836065573771,0,2
-0.13941848692120073,-0.98678435170752377,-0.082578016019795433,0.98958216835141866,-0.1418657345358024,0.024520306799115932,-0.035911245947592728,-0.078299148078250932,0.99628290451292589,-6.7010111100686274,5.1375692696729427,-1.6044643582434834,0.4975264702771192,0.422508925100659,0.8715151515151515,1,5
-0.63770532306555838,-0.7233252618660152,-0.26482538866262773,0.76513708856924767,-0.63449729119154974,-0.10944598286991156,-0.088865947525624434,-0.2724220127248268,0.95806528501628041,-46.558592851466301,-5.409658585047735,-4.4111354566431764,,0.2870084471757974,0.2727272727272727,0,2
-0.48887923950848661,0.86755006886553632,0.091400039327161745,-0.87150391656952386,-0.48109863847200768,-0.095000123496555747,-0.038444929205085958,-0.12609908037643838,0.99127241934123833,3.3878357715431395,22.443556686632729,-1.1933228307687465,,0.5251486156313359,0.6071428571428571,0,5
-0.59041254098783524,0.79390773909931456,0.14533937265071234,-0.80686648946690087,-0.57624530234425664,-0.13003007229689642,-0.019480749976515135,-0.1940408547816444,0.98080000359704356,-3.3111532262673373,5.6527570909963138,-1.3947556337143963,,0.1123408569068363,0.3508771929824561,0,5
0.76444844330117867,-0.63921910248099789,-0.083770618702449839,0.64374784360236226,0.76386892676836315,0.04574906091994918,0.034746098942363704,-0.088899953549683761,0.99543433076579702,-16.814638612379966,8.0517862899899626,-2.348524947630489,,0.1146003956552522,0.3513513513513514,0,1
0.91849689354957542,-0.38076758486838086,-0.10667475265160227,0.39184513190684805,0.91266323506236402,0.11620332166683224,0.053111666709725516,-0.14853237249502493,0.98748027078028966,-10.574875729734075,-8.3725242514796765,-1.6332108469187971,0.5013453122966407,0.1872276590004343,0.3195876288659794,1,4
-0.98657575830335653,0.15691256052296337,-0.045240705987903272,-0.14972657926152691,-0.97974109709879542,-0.1330012560778672,-0.065193746562060867,-0.12444207891937549,0.99008279674147714,-9.6644870940052297,15.84134296296264,-1.9720333532237013,,0.155657240235584,0.2380952380952381,0,4
-0.71573460777276587,0.693294919827946,0.084060248495519505,-0.69773595319154369,-0.70474597055462285,-0.12844320383310467,-0.029807899292879154,-0.15058310372610381,0.98814787254335579,-5.4234005709128086,7.5122990504216354,-1.5383286948060151,,0.09670648938405198,0.2264150943396226,1,5
0.81363062081514514,0.57947820672527395,-0.047012985465958335,-0.57695074468500607,0.81474985187749493,0.057537093018483962,0.071645314427244713,-0.019689763738077824,0.99723581069101197,3.4993211699803402,-2.9301959386647174,-0.78946987652986833,,0.08213799472204059,0.3406593406593407,0,2
0.82290526327321967,0.56690272908194028,-0.038055530960454213,-0.56358709846580135,0.82292008845691722,0.071917386332929212,0.072086823484829671,-0.037733589459643085,0.996684336240095,-14.060298839638749,-13.690945026011205,-1.7463497588318824,,0.0861959690307989,0.3076923076923077,0,1
0.98696170025924701,-0.1480145592910406,-0.06323205246751841,0.15495546661777093,0.9800401315311571,0.12453972841491662,0.043536256001691975,-0.13271409430151465,0.99019773963945368,1.3955066928139461,21.110744855746265,-1.3186491375758458,0.225300000435484,0.2862255742391994,0.7333333333333333,1,5
0.18532239828870106,-0.96940593259287644,-0.16095883494316299,0.98242693958756433,0.18647346907358375,0.0080593860979917033,0.022201735633444228,-0.15962388037320585,0.98692821408117803,11.927705956122695,25.709699490798823,-0.63079254299771093,,0.3775179921560962,0.8235294117647058,0,5
-0.75565108395437819,0.64659654065431416,0.10442390977380661,-0.6546980525525673,-0.74104006914053078,-0.14909753824954414,-0.019023651133523261,-0.18103184676203346,0.98329322745327519,14.628794670684311,3.3484583445927165,0.027344849646499195,0.1593030317539126,0.4096623175068022,0.6363636363636364,1,5
0.68266554908379251,0.73029700524298213,-0.025179996569785475,-0.72765461042772073,0.68254643838605566,0.068184509749588493,0.066981460251365615,-0.028224875192653476,0.99735492198261722,-20.099187810791225,8.9487298638058714,-2.5883598260116796,,0.09952232859283947,0.2666666666666667,0,1
-0.30882677361148447,-0.93328163312844969,-0.18333416802607497,0.94978542412304823,-0.31281172446602568,-0.0075148626063057901,-0.05033559400783167,-0.17644891130773085,0.98302192736184357,-9.3964554281852468,-6.4029292996894025,-1.5980950040523312,,0.1635879270448261,0.3070866141732284,0,3
-0.77089586136188715,0.63581275986612695,-0.038232255054251887,-0.6360010961407051,-0.77164040411597179,-0.0085844302992475249,-0.034959643060770762,0.017698054332595706,0.99923200620771957,-4.7171969468428232,-7.1290156745419671,-1.2594088780692436,,0.07442008315502865,0.3617021276595745,0,5
-0.59553412011916784,0.80067489778159995,0.065259634049790585,-0.80311131980799655,-0.59150877760777643,-0.071621044457699914,-0.018743526086257879,-0.095063526525046224,0.99529473330992502,-14.744612841147736,0.85962043136030464,-2.1502287120319901,,0.07322394834596274,0.4444444444444444,0,1
0.99462752752259076,0.083645872165318741,-0.060987290184111038,-0.07523439060934313,0.98876772450987482,0.12914400271481979,0.071104626881368274,-0.12386183850269518,0.98974864334273926,2.9645747373460862,-11.074175883902328,-0.5227552441776957,,0.07504746475093768,0.2777777777777778,0,5
-0.97865114043254919,0.19697419757985871,-0.058678026703698684,-0.19599139732726736,-0.98035620709705329,-0.022115139158131337,-0.061881479489217489,-0.010142617711865145,0.99803196832675389,-6.006676288160719,-5.6999133683552587,-1.3921208344637386,,0.07275024897147549,0.4390243902439024,0,5
0.51028658464917021,-0.82547097557974669,-0.2412576838206533,0.85992992822534109,0.4934458487523139,0.13050560482779325,0.01131901362507623,-0.27405996209685529,0.96164599365152303,-49.360256606196195,1.1347453547165141,-4.6355556045305297,,0.721661277419689,0.7037037037037037,0,1
-0.37078505502332032,0.92871329779572231,-0.0031707205406097073,-0.92870747695003231,-0.37076161729980728,0.0061842860813560354,0.0045678472454861842,0.0052377127283388357,0.99997585027685365,-12.461361341831367,-11.006354249749531,-1.7076187714342685,0.4498638737588547,0.4001630742156835,0.8611898016997167,1,4
-0.046672103031504167,0.98873264525620208,0.14223034487510089,-0.9954586545969667,-0.057863355566937134,0.075590337150535702,0.082968559024573341,-0.13805646774855451,0.98694307329560704,-15.136382315452796,8.5195015656147834,-2.2494893246435752,,0.253173476851729,0.1730769230769231,0,2
0.74736138926855855,-0.63242980390325643,-0.20367497874176688,0.6642941525367152,0.71716052167397604,0.21069899159188824,0.012815332071309717,-0.29276838846979325,0.95609750442970098,25.285889822046297,-1.0474404577879692,0.93460896535176341,,0.2867024399611222,0.4,0,3
-0.99715446690683862,-0.013865281960099528,-0.074099413519313748,0.026143127644473695,-0.98554315414286153,-0.16739542466598631,-0.070707184958136091,-0.16885628587147133,0.98310124031911816,15.165077849208124,-12.029769475276067,0.48058924675204467,,0.4274605032545348,0.2,0,5
-0.8170669749409597,0.56847834811837772,0.096093320170705723,-0.57431412702801232,-0.78788335433119361,-0.22226808917134189,-0.050644268746635711,-0.23679566653219786,0.97023861516365695,12.767296771896742,-8.1085680698463189,0.14092351416876003,,0.4846062066288101,0.3333333333333333,0,3
0.42886145119602964,-0.86426503459828552,-0.26291406514079707,0.90284503563399043,0.41998134003218696,0.092122286423137467,0.03080093032837557,-0.27687835595364335,0.96041120292055793,-6.4843285579657461,-3.2053907672083337,-1.4733368651616399,0.5567409536989268,0.2887429411167092,0.3307240704500978,1,5
-0.98604812273336062,-0.11548521083350691,-0.119884384857902,0.13541706135393197,-0.97534586571180892,-0.17424885001958926,-0.096805573952549601,-0.18805214254994351,0.97737662778178513,-11.862221269215853,-9.6212171363359946,-1.6881872615951454,0.3464229097762063,0.2153325593641144,0.3684210526315789,1,2
0.76469354519455213,-0.63385380426015159,-0.11607384185389015,0.64436099128849256,0.75032033171677726,0.14771023227297989,-0.0065341291309273181,-0.18774651697797204,0.9821957801371074,2.6809466874695649,-24.199125651917456,-0.053528390352214412,,0.2956013544187815,0.4736842105263158,0,3
0.016567606610161476,-0.9968751456966668,-0.077236379404134664,0.99961909620223699,0.014808841221298269,0.023288639494499903,-0.022072084610052972,-0.077592796791524921,0.99674077922348236,-7.2164787732960072,2.4897376603257917,-1.6198217719407588,,0.08827121066869797,0.4677419354838709,0,4
0.29570183493894964,-0.92638889668680635,-0.23316096780794743,0.95513292973614783,0.29100131649812866,0.055130031108260723,0.016778299895399525,-0.23900176964147463,0.97087416422565376,20.880063623340416,1.3160826114671649,0.56991738226261213,,0.1782682074465376,0.4444444444444444,0,6
0.56904200776141722,-0.80452357615242476,-0.17009705705205019,0.82163779489351418,0.56463331735619748,0.078106023672051911,0.033204328112140316,-0.18420377940272797,0.98232705360708228,-9.8412679122274067,13.508564555072278,-1.947929567558019,,0.2505178528784412,0.16,0,4
0.6945492828804769,0.71427117977212395,0.086127669172879728,-0.71283071529729192,0.66701882202299367,0.21669855190058201,0.097332753885659179,-0.21190227184717939,0.9724318804970542,-7.4988587315363935,-16.798197541375249,-1.1821134125941655,,0.373467770272945,0.2173913043478261,0,4
0.0039412837805759089,0.98262187640484411,0.18557670730127737,-0.99991948112945439,0.0016340351538346636,0.012584164132697898,0.012062236109594983,-0.18561136263639419,0.98254919699743104,12.658134451235926,0.98022698034109068,-0.078091303811920851,,0.2482760767480484,0.2058823529411765,0,4
0.99653059039138048,-0.035134168885285727,-0.075447813692292864,0.049239303263685412,0.97974082216930969,0.19412215841864139,0.067098982319507172,-0.19716366691595455,0.97807168194357841,-21.722631147449267,17.540279939752505,-2.8115730133310421,,0.4806391634030822,0.28125,0,1
0.28144066014861152,0.95260411132295231,0.11548403312025793,-0.95949635787863052,0.27779514960475793,0.046867836238858117,0.012565589232344257,-0.12399702394282383,0.99220302560542772,-2.9402581827544876,-18.137235676695223,-0.75727592464026172,,0.7246698384209709,0.5,0,4
-0.048803798240552296,0.96297529788479108,0.26513537097300649,-0.99851496772268822,-0.05347293613132667,0.010416541424833935,0.024208438839703902,-0.26423326960319243,0.96415493087146087,-28.433944840556109,2.1265332288827019,-3.1954627787692305,,0.2995835536013246,0.3125,0,1
