axis_00,axis_01,axis_02,axis_10,axis_11,axis_12,axis_20,axis_21,axis_22,location_x,location_y,location_z,dbh,dbh_approximation,score,reconstructed,number_clusters
0.82348118286655558,-0.55824638252847547,-0.10119149103837356,0.56575196522464377,0.82135445618304603,0.072811888814302519,0.042467108556524927,-0.11720850524652174,0.99219892712536473,13.123223153901938,-9.1131500331946214,-0.71029361324770746,,0.4046314820320157,0.40625,0,3
-0.52341811300099428,0.81111976750214509,0.26099463931227307,-0.85132001430732085,-0.48491739530514549,-0.20027319583572809,-0.035884707359274022,-0.32701657832247377,0.94433704008685393,-14.709459253039645,-9.2140833680151601,-1.7697588145753578,,0.3471763444029333,0.3,0,2
-0.98651338710881931,0.16319357484145025,-0.012617217821377645,-0.16214892493360003,-0.9848948413709766,-0.060744362567373721,-0.02233972242356367,-0.057879258558716604,0.99807360862349792,-4.670888572536092,11.733325864247481,-0.80452092462480151,0.1147222696335196,0.1031504371840426,0.2586206896551724,1,5
-0.39953783067203019,-0.90114647069754739,-0.16823959168769539,0.91647413585680937,-0.38842619470812295,-0.095917931431416123,0.021087440987530105,-0.1925100766555396,0.9810683922228236,-1.1265142403679274,1.8682715522217654,-1.0869921554356436,0.3818759399776782,0.4068497422604716,0.4313432835820896,1,6
0.99771705749776707,-0.051563896941019156,-0.043610064322975393,0.057715411627506735,0.98635779915639743,0.15416621972409084,0.035065716001039374,-0.15633123992217657,0.98708203255136329,9.1801021186751832,-4.6527772255943969,-0.81467983527645993,,0.4775435008253732,0.3333333333333333,0,4
-0.83628825370518933,-0.54422063258721387,-0.066677280846607373,0.54825599969497951,-0.82867493679073345,-0.11275286219574676,0.0061086424992479512,-0.13085011349344258,0.9913833427517178,4.7195795995302499,-9.6210830315101852,-1.0737173370122841,0.2886083933481689,0.1809518500425995,0.2857142857142857,1,4
-0.51015108639353268,-0.84222790569570316,-0.17435029084841719,0.85931786967765622,-0.49055528235504897,-0.1446662151513364,0.03631346725600381,-0.22362394733343646,0.97399879993502025,-5.8999477688960686,18.915529630660124,-0.46821757084248589,,0.41964834357136,0.3636363636363636,0,4
-0.83963697947263627,-0.53577175529169652,-0.089209690806112199,0.54310229353545436,-0.8260339964412885,-0.15069086063780623,0.0070456694924693388,-0.17497560674244783,0.98454755882411049,0.39783533570159391,8.6601345976295825,-0.71872851921964553,,0.1318218760210629,0.1538461538461539,0,5
0.90821099327316335,-0.41747862513228734,-0.029400497537111533,0.41719902310828849,0.90868516508501296,-0.015370291861694542,0.033132564272393909,0.0016936091872274464,0.99944953092822941,2.9341058557604907,-2.9332872301813233,-1.0480926444182326,0.2128089656952435,0.1366905234181301,0.673469387755102,1,5
-0.78594258051499588,-0.61167727683074125,-0.090250590814445156,0.61829944489743183,-0.77746863942820876,-0.11510130818186445,0.0002378507002401085,-0.14626490937534314,0.98924542946251015,8.8290176199900099,14.67056433989285,-0.11152538165619756,0.6302652098449144,0.5321310501193869,0.9745762711864406,1,5
0.99950548805553208,-0.025273783651362295,-0.018708693348723049,0.025788068275271053,0.99928141593958375,0.027778180149372368,0.017993189864567622,-0.028246904568910897,0.99943902140189267,-2.7076767349383695,18.895512233812759,-0.36466288868664926,0.1726729747292174,0.166084980176505,0.2857142857142857,1,5
-0.80319675789046086,0.5824593039926782,0.12496450418665456,-0.59555694734174291,-0.78030496641844027,-0.19088237701710661,-0.01367079321898731,-0.22773958499804317,0.97362610422979234,-8.8107329240303258,16.655347318398761,-0.69444392201721794,,0.4051680764137872,0.5652173913043478,0,2
-0.95019486607657044,0.30495475534103272,0.064283074573476526,-0.31136214486400848,-0.91992350503592446,-0.23831567222510558,-0.013539986241222603,-0.2464616442315328,0.96905795837776254,-3.890318097920983,-10.339672002220707,-1.4245652589444973,,0.3620258131324623,0.6363636363636364,0,4
-0.97104379440304989,0.23856455628826334,-0.012684708680591407,-0.23745803058833145,-0.96964300308292461,-0.058362062004687007,-0.026222758444496942,-0.053660032196337387,0.99821489063440161,12.933517500178674,-5.6541056265364746,-0.66975147563054016,0.2303316368613681,0.2370428037092124,0.7794117647058824,1,5
-0.91407214758068678,-0.40457973296288202,-0.028059734369949289,0.4055170710204411,-0.91270695463626039,-0.05021872230159076,-0.0052928374461840939,-0.057282236638286681,0.9983439944415361,7.0306522337290689,8.1337677620152089,-0.41272142026464614,0.1520521260296538,0.1160210983931319,0.3478260869565217,1,4
0.77264299546947568,0.62199005842226773,0.12708724867515248,-0.63484003885813078,0.75669842095886819,0.15615897278402915,0.00096260820860479771,-0.20133521038859536,0.97952192749484535,-36.345288850998507,13.652960122535077,-1.9543563583414918,,0.3730055878567862,0.4210526315789473,0,2
-0.9058623672209829,-0.42191983266984046,-0.037376817048174832,0.42350854028869889,-0.90372244711401062,-0.062659834701363881,-0.0073408415957898947,-0.072590587420963193,0.99733480770629235,-2.424303231679048,9.3367879552394726,-0.82069474660462116,0.1855571958631325,0.1361198019354076,0.5217391304347826,1,5
-0.94150228582967199,0.33699278041783731,-0.0030515117167868961,-0.33610214629435181,-0.93959995072063662,-0.064709194571617917,-0.024673731656004748,-0.059898234965920831,0.997899498153063,5.122506467746784,4.322180953384505,-0.74502519627828223,,0.08942399343439125,0.25,0,2
0.74503681898707919,0.6464922209870374,0.16421920276527049,-0.66701586751614372,0.7209308478806411,0.18801208752573859,0.0031576629490746157,-0.24961274161658312,0.96834059523875848,13.79437401319211,2.9862119854368525,-0.38232255851934083,,0.5983433240480495,0.28,0,3
0.13622776069262585,0.98979861069719921,0.041721786617621159,-0.9902938351660211,0.13722621136273488,-0.022070046379721309,-0.027570223953491513,-0.038310275082850648,0.99888548171160763,5.101358302674031,20.530945624659278,0.14055331356295336,0.2473032934366081,0.1753424903713492,0.6206896551724138,1,5
-0.72619031584569027,-0.68379710488732048,-0.071197924967340162,0.687493685089824,-0.72224925936398643,-0.075554220992520404,0.00024110900078814419,-0.10381486741257896,0.99459660926958637,-6.0390187187715023,9.511829664798066,-1.077416592248003,0.2948519637445574,0.1688726133230323,0.5232067510548524,1,5
0.036293196778282223,-0.99853324911252861,-0.040176538979722169,0.99889985514286772,0.037442516996941087,-0.028233620322084655,0.029696519378047227,-0.03910765062887351,0.99879362653108639,-4.2175019160406118,21.306238004224795,-0.24733978876520676,,0.1053124586569858,0.6,0,1
-0.62235809213428839,-0.78181028800861874,-0.037987875945457932,0.78266613372760696,-0.62093917750885252,-0.04322338430187854,0.010204326084877924,-0.056632246984459851,0.9983429572700171,-2.021927448782856,7.6377529037733494,-0.9278733685353372,0.2414969071871186,0.1886302427640045,0.7692307692307693,1,5
0.24725733177350973,-0.96166392408633516,-0.1186014713024959,0.96853375653732698,0.24887948026441536,0.0011690812670846693,0.028393209257479665,-0.11515859244618605,0.99294124914512194,1.7383415909918631,-3.2408999431855547,-1.0913606778818659,0.2080511499305936,0.1889320970459809,0.7946127946127947,1,5
0.73788294977740998,0.67447337058565593,0.02478759364304475,-0.67475698254250971,0.73802594576999936,0.0045516898428426362,-0.015223893651607963,-0.020084216218779389,0.99968237821868322,4.2707778228878999,4.9285183292186518,-0.73874782326080923,0.792512586397622,0.5291289187828649,0.1612903225806452,1,2
-0.058857577050835469,-0.98557466171400554,-0.15867694164883925,0.99788218771768855,-0.053677329280733432,-0.036740764241485535,0.027693411842271663,-0.16050336603514548,0.98664671713431618,-7.7084569631114057,10.524618550128165,-1.0878324382357016,,0.1239089730860158,0.1818181818181818,0,1
-0.99590360710715697,-0.085394721451210659,-0.029727880839766341,0.088593208362500758,-0.9873011464907463,-0.13186238876228623,-0.018090018877594909,-0.13395591695154013,0.99082216544175084,-8.8116677475198344,21.051136515842071,-0.47543435654574662,,0.1067569843535301,0.3809523809523809,0,1
0.79263207642677846,-0.6085877390593023,-0.036815150224585529,0.6088546854116309,0.79326751075290225,-0.0047569355889384764,0.032099275251573904,-0.018644576975083215,0.99931077062030271,16.381844475172787,-1.6332203384576187,-0.45108831708888752,0.1477219146287252,0.137102241469048,0.1304347826086956,1,5
0.78699007556174905,0.61495912883730286,0.049718113670765757,-0.61695669923312613,0.78485342576519024,0.058047664345882842,-0.0033244907398993586,-0.076356859052162371,0.99707501113858532,-5.1648312356056421,6.8054308966814956,-1.1551113459594662,,0.08080283623139904,0.2924528301886792,1,5
-0.32757917649891943,-0.94313770038400702,-0.05641951115221653,0.94465689388817708,-0.32581473679073042,-0.038315925142521662,0.01775488535108255,-0.065848579364723756,0.99767165372271482,3.8644016581747298,10.779529811174468,-0.45255554062031095,0.2824631924696721,0.2835772123879294,0.6739130434782609,1,5
0.54033186197157956,-0.81742134725206195,-0.19965925972754342,0.84012063892587818,0.53741275923025389,0.073381457244326168,0.047315864032072302,-0.20738820427678614,0.97711378136722138,-5.9930877261358573,-11.340255032550465,-1.5034823955645729,,0.2361233820870172,0.1904761904761905,0,7
-0.76399236019492434,0.63442680961172637,0.1175512518422273,-0.642298500230709,-0.73046550840901814,-0.23210510038802781,-0.061386563392736855,-0.25282951621723426,0.96556145613015687,8.6430217116374148,-11.671580309423755,-0.94170372582237027,,0.5544110767750927,0.1304347826086956,0,4
-0.96585688336911957,0.25901684928731361,-0.00554550572659669,-0.25690092220729116,-0.9602957745788695,-0.10878392112354079,-0.033502194219692888,-0.10364505348178675,0.99404995139641938,-7.4283416961729651,7.8670609764782364,-1.2795690404987377,,0.1118941264291,0.169811320754717,0,5
-0.31277840285658043,0.94473145670861847,0.098245332773102989,-0.94818114180738233,-0.30447703356501032,-0.090808911194335068,-0.055876587470386055,-0.12155743801455621,0.99101039158830295,-15.778879893302934,-3.8240888482449908,-1.7544121085533777,0.6249195997094444,0.4819945673624193,0.7435897435897436,1,4
0.98292999360199618,-0.17313356056453869,-0.062236628152760501,0.18232933563073339,0.96189533465312727,0.20374832156610301,0.024589449892893779,-0.21161789947637691,0.97704310220950408,-0.72236159384836962,7.2647188859509972,-0.87329473314686912,,0.2482873994041241,0.4814814814814815,0,3
-0.45486959019277912,-0.88778951133793316,-0.070167225085560489,0.89041060272101147,-0.4519466838592055,-0.053973637182180734,0.016205384286077616,-0.087028607405967032,0.99607399675582331,0.39999589165709903,7.1708415325775858,-0.81090864152599773,,0.06976033124030709,0.1896551724137931,0,5
0.71166326263061741,-0.70106610058105889,-0.045185431701078235,0.70146966281040546,0.71264419679727187,-0.0088634602626211974,0.038415007205523898,-0.025388410490604127,0.99893929536992399,9.4189884206070413,3.0660929288367789,-0.61639582514339941,,0.08608165790416897,0.4117647058823529,0,5
0.12729932875208716,-0.97240114192728788,-0.19552723615336567,0.99121091791361082,0.13187350252893998,-0.010502168328808809,0.035997181946993778,-0.19247181224599019,0.98064203682211126,-3.8021787794636226,16.957326830928547,-0.4713709109217486,,0.3556295637045468,0.3,0,3
-0.99310269904973691,0.1162821210286993,0.015016573150789988,-0.11528094183102908,-0.94504189897950841,-0.30595116215460694,-0.021385359259945884,-0.30557204960904166,0.95192877302193768,-19.392042531661055,-1.541417979506932,-1.8126148193615472,,0.403996469296805,0.25,0,3
0.98561095286839839,0.16229092418575028,-0.047251513338557885,-0.14876446790258235,0.96558216000030628,0.21335469382885885,0.080250748753581236,-0.20325537684420453,0.97583147577253893,4.497956876927045,-3.2792001250732357,-0.9804237371614416,,0.3123739452146854,0.2981366459627329,0,2
-0.82852130935147905,0.55926622925149816,0.027815908565456047,-0.55896164262014358,-0.82306538739907342,-0.10062430196033603,-0.033381462369136965,-0.098917404355475219,0.99453558261415365,-9.7899573037657888,23.453339479796679,-0.34534070470164313,,0.4401360695661461,0.875,0,1
0.96061868115100457,0.27754017687551641,0.013535126287277545,-0.27761590207837716,0.95651816588225602,0.089456186205624691,0.011881091570826773,-0.089690849907633208,0.99589878557307876,-0.071918754808137739,19.618889947825398,-0.17805700183353299,,0.1696700456832933,0.25,0,1
-0.12725670373535397,-0.99031136521346397,-0.055579953971369063,0.99144763043590278,-0.12536790425155625,-0.036255822795909998,0.028936611022166527,-0.059718410164870929,0.99779576268389436,10.482850235097597,-6.9464487164270201,-0.78676709525135469,0.235093282310958,0.1909391843681633,0.1333333333333333,1,5
-0.8867380494627275,0.46007988381822529,0.044968123608222194,-0.4527036744712078,-0.84457544622222436,-0.2859225397879584,-0.09356823582446544,-0.27389563002052125,0.95719703776200538,-17.662545370168683,0.31322400755257601,-1.736833611760942,,0.3898986004071318,0.4,0,2
0.41683367977006608,-0.90127392418561914,-0.11813127017179033,0.90733562004362045,0.42036986631570344,-0.0055899994433396046,0.054696946984313863,-0.10485460922998197,0.99298225307093135,-5.9592305478445535,14.593877692656269,-0.75136211602583169,,0.1427056327938545,0.5454545454545454,0,5
0.089888247920313344,-0.97115012414264612,-0.22087901499132437,0.99572079339174346,0.09240644439550981,-0.0010726795865197264,0.021452377330544729,-0.21983740676213628,0.97530062549706475,-7.0605295716909788,9.9609082613315127,-1.1035923248534307,0.6927593589056127,0.3551870357006384,0.1851851851851852,1,5
-0.24576755099778197,-0.96612764878456436,-0.078712623705231327,0.96904843406333974,-0.24293217405001691,-0.043921421319454174,0.02331187070874776,-0.087070804896595355,0.99592933063481859,30.698495827602656,0.065283952054717848,0.19654019205336981,0.8861011108136641,0.8894472508765856,0.9130434782608695,1,4
0.23064019981836384,-0.96972470983834813,-0.080243911648653798,0.97246506722315029,0.23255127407443338,-0.015218342782052542,0.033418426929157106,-0.07452443931549968,0.99665907746144133,6.9873348349993902,3.9928100665651884,-0.69161853171462573,0.302678605356865,0.265915093852532,0.7247706422018348,1,5
0.97468437177609224,0.22353683655723403,-0.0046538282551540295,-0.22299133707992747,0.97340074274736521,0.052591421412473499,0.016286159852778297,-0.050222273155071342,0.9986052695016121,-4.2693150959813133,18.417628698775566,-0.42728848935387409,0.35201023915966,0.3825497071980781,0.8085106382978723,1,4
0.89399696799120754,-0.44670016076613267,-0.035048360789611363,0.44682524965422471,0.89460935829634181,-0.0046143601991020435,0.033415826998104609,-0.011535268532572907,0.99937496470839926,7.5004427757926964,-1.583838874613672,-0.82865098323700415,0.2328193773756295,0.2044834680174837,0.841726618705036,1,5
0.041739819565016906,-0.9885864745512023,-0.14475693350269805,0.99766904015912938,0.049067283660481638,-0.047422441756447602,0.053984014028614628,-0.1424401067417691,0.98833017874632989,5.6208135376223058,13.668374023299812,-0.26538244363932711,,0.184832709552463,0.15,0,6
-0.61821369388807179,-0.74031619278636573,-0.26409044546814947,0.78594708506968758,-0.57797446835078925,-0.2196194285692506,0.009950284404328014,-0.34333285399583141,0.93916108480246907,-5.0446869942355859,-12.441622351548473,-1.4929984995254477,,0.3250683768472487,0.1111111111111111,0,1
0.69004134738341183,-0.72260621788775459,-0.04102673239779079,0.72295288426182969,0.69084680403852716,-0.0083558654401724077,0.034381187280059643,-0.023894501871930041,0.9991231089017536,5.896808867402366,-4.2968351643953735,-0.93590237977850055,,0.0888408815498327,0.3888888888888889,1,5
0.26970090658271884,-0.96218802081524168,-0.038152766454197337,0.96235222092662664,0.27071248522321939,-0.024350630830821774,0.033758315509667826,-0.03014901232075794,0.99897518146850572,-0.41170978030840577,10.91651254155302,-0.65122779983987411,0.3649513212663393,0.3291823831558812,0.8950617283950617,1,5
-0.97077695377857842,0.23882576227041724,0.023544878176336756,-0.23842509189121067,-0.94865662882023605,-0.20785590237492355,-0.027305339570349696,-0.20739540947518617,0.97787604662327665,3.2653590548553524,-4.8778688688804532,-1.055082272916698,0.4846879806420238,0.392080907691801,0.7508532423208191,1,3
0.9939408462569459,-0.1086917040257192,-0.016361773070546842,0.10964247613567721,0.99091934301113671,0.077829191652076121,0.0077538099579551401,-0.079151557927583299,0.99683243792965193,10.340158553083079,5.1245322827099704,-0.45668606148444263,,0.4589016140753095,0.7787610619469026,0,7
0.34016686787469141,-0.92765983627063231,-0.15405755473415755,0.93946733243133307,0.34240748159730144,0.012579659794744178,0.041080814192028615,-0.14901122345830015,0.98798179233667216,18.917966200289829,-2.831468000791503,-0.36661580506441854,,0.1611406093184504,0.4166666666666667,0,5
0.091685249734132321,0.97722552959127484,0.19137418659851332,-0.99392186192215226,0.10156788211274413,-0.042465253046867581,-0.060935600221812762,-0.18631755053720664,0.98059809452569502,-18.307834940997747,-0.55782749685347355,-1.7674122401554599,,0.2466991601194405,0.3333333333333333,0,4
0.94018563798575294,-0.32818425377377375,-0.091356782453594423,0.33939709657693684,0.92547595279649897,0.16823754524646828,0.02933559204221908,-0.18918075052806868,0.98150398199353683,-0.47253323683376169,17.560638444335776,-0.34822641006403271,,0.3729572430558719,0.2666666666666667,0,1
0.99165252216370503,-0.11894848836044318,-0.04976477070306487,0.12710511543206288,0.96666857630435221,0.22225245379234701,0.02166944663264533,-0.22672256328491633,0.9737182931321321,-10.999760194830833,-4.8360818057776438,-1.6117531037123485,,0.1295329775081856,0.1886792452830189,0,3
0.93905398175375066,-0.33128759282446785,-0.09179406404008715,0.34095135422836564,0.93166016277472963,0.12554487304708076,0.04392941386212075,-0.14919072336822339,0.98783213890751531,-12.273970271845259,20.473699413668058,-0.62821952917991664,,0.5449084461958127,0.6097560975609756,0,2
0.94415160049062863,-0.31569270566596214,-0.094423889351618454,0.3293121162615279,0.91397414139372479,0.23707551317450726,0.011457982995994861,-0.2549301560288742,0.96689158139511999,-9.662449466059007,-6.2666004844980465,-1.5766392613596918,,0.08463969157640309,0.35,0,5
-0.81264847071797475,-0.57861877402240103,-0.069302073479450887,0.58252970760614986,-0.80987141819057762,-0.06904654773612498,-0.016174139730794668,-0.096481088026602005,0.9952033947174681,0.5154943807152168,16.535832154130041,-0.36608339486604746,0.6373408472834287,0.5274120422262272,0.725,1,5
0.36305909570432748,-0.90632715214029602,-0.2162387253005712,0.93120331742341489,0.36099848957047509,0.050403096605884608,0.032380158214287441,-0.21966152102973277,0.97503863591804485,-18.453719972329985,-6.1697493696775485,-1.8269644383114911,,0.1712684972697503,0.375,0,3
0.024339520145543938,-0.99851718118162225,-0.048693188889124009,0.99926637364212789,0.025740638037716524,-0.028357257651659404,0.029568602726473037,-0.047967264238421153,0.99841115743679743,0.7125837900265698,3.9046707811447217,-0.94034978062969676,,0.07336362774026749,0.4233576642335766,0,2
0.92206042209518624,0.37635009517414802,0.090361406961470547,-0.38687670672200036,0.88928388450919149,0.24392742065660103,0.011445164987283716,-0.25987454399123572,0.96557455930847802,-18.694240024594446,1.980677678653598,-1.7347197150845617,,0.6410496921146329,0.475,0,3
-0.48657199003839197,-0.87276517392564501,-0.039097949979728409,0.87346701812702199,-0.48509619170720009,-0.041677968226150656,0.017408812549039025,-0.054430101724227818,0.99836581335296282,-6.3022439611779433,4.1014850017080935,-1.3391263422493997,0.1411672412856048,0.132352702672561,0.5612788632326821,1,2
0.86305301934223466,-0.50383933546697501,-0.035852612742332,0.504592982775522,0.86321036283723562,0.01593082622190161,0.022921769956888501,-0.031840124475377575,0.9992301030970987,8.3071083479888284,7.2689008080324031,-0.40439428770133945,,0.09393940916520563,0.3333333333333333,1,5
-0.73541538349609392,-0.6718683469373008,-0.08807461666694899,0.67748766597838372,-0.7315732700865637,-0.076230000275562551,-0.013216511054488251,-0.11573018136419243,0.99319275518750949,-1.6144003291893971,4.13213832660277,-1.0310395194183968,0.712828805998673,0.6773093271276923,0.564625850340136,1,5
-0.22558166609598618,-0.97228159454225482,-0.0614931934097558,0.97400664041030516,-0.22374747754128568,-0.035328893706753531,0.020590686195224882,-0.067864329424834807,0.99748205820141334,-9.1746419363159433,14.325947544505382,-0.96855615199076184,0.1500652331843865,0.1208371691196769,0.3571428571428572,1,5
-0.73095575528436685,-0.67801174229864192,-0.077483941057621672,0.68241259950303512,-0.72553526788009315,-0.088947282711008366,0.004089970191973779,-0.11789254585138878,0.99301793527433724,-10.149774704606433,25.403433296611574,-0.2496410529288095,,0.162766677407694,0.3,0,2
-0.88411839981095963,-0.46359541776545327,-0.058428963216736352,0.46723828620589591,-0.87841722910919029,-0.10035713979338909,-0.004799897820306126,-0.11602784248191118,0.99323436345603111,-8.8872989451644422,-11.189527003070642,-1.6023161387617419,,0.1892419160436452,0.3548387096774194,0,1
-0.70086850178291715,-0.71280921496453831,-0.026198592905115684,0.71326777761338378,-0.70008008425851753,-0.033718734303822315,0.0056939114002374424,-0.042319010931565815,0.99908792440242256,0.41282134552478605,2.1225365792328486,-1.0242705453833565,,0.06819200346177379,0.3253012048192771,0,3
0.17459551106787907,0.98085575611269116,0.086246120002863552,-0.98458964881910072,0.17302757682037151,0.025390571044233406,0.0099815306054700931,-0.089350116733402679,0.99595026265697684,-3.1502441525044893,14.218388885745444,-0.65272626568279513,,0.2251592766036336,0.3157894736842105,0,3
0.018979989218195034,0.99351645126947286,0.11209291264923954,-0.9994117309805125,0.022055703781042057,-0.026262861787309317,-0.028564873320454057,-0.11152850302786185,0.99335061334080377,-35.40633163381532,13.609449009641724,-1.9434903462794533,,0.5201604178068163,0.2142857142857143,0,1
-0.60408698371663516,-0.78762337472792754,-0.12136035467287959,0.79688941534511037,-0.59572084894105426,-0.10041877238782114,0.0067952788806160689,-0.1573724554016325,0.98751594137299636,-6.7006930682932406,5.6576032586591527,-1.3241879685906011,0.3393675703387075,0.2238725825216117,0.3333333333333333,1,5
0.0069255728109902425,-0.99264426035790032,-0.12086938743849431,0.99872346272053547,0.012914149706042462,-0.048833080477005145,0.050034802415352964,-0.12037689610505455,0.99146655083838819,3.1782662768344423,20.791552632618785,0.052181573757731914,,0.1706960376328975,0.36,0,8
0.99456369651918575,0.10266477416631831,-0.017406829449151943,-0.10052681754164548,0.99023265210755185,0.096610836115797738,0.027155340562065103,-0.094335777123123521,0.99517000991465532,14.798282305570121,-2.6198418507688048,-0.53149338385154221,0.6551082302521791,0.5960436663113275,0.9295774647887324,1,5
-0.72695865124820735,0.67355370188362573,0.13362832803807712,-0.68646832065907437,-0.70799439567125122,-0.16584685836521357,-0.017098658043780829,-0.21229542241170676,0.97705592957421739,-7.6485841669547998,17.17627423800603,-0.59862525378468279,,0.278589007414324,0.2564102564102564,0,4
-0.11238106051702555,-0.93091939467455476,-0.34750478824877978,0.99331306779754769,-0.095937995271594884,-0.06422655530146773,0.026450833251406163,-0.35239889568786692,0.9354760134489174,-6.7687482506746477,19.867537470999643,-0.459630198247438,,0.3348976416941939,0.1333333333333333,0,1
-0.53063082647555559,-0.84644659037884562,-0.044261672244690235,0.84748264520846128,-0.52895141993960082,-0.044537191361273556,0.014286079390070063,-0.061143805736212538,0.99802672456991559,6.3912844770950397,6.4024209234131026,-0.55984751128256582,,0.08724226033164537,0.6071428571428571,0,5
0.23037078446911269,-0.94683314433602617,-0.22458027172892944,0.97302777012164154,0.22700265952562587,0.041070075972649216,0.01209380978815176,-0.22798418663373782,0.97358972386203935,16.68020920348108,-5.1506726881813183,-0.50324751707916515,,0.220859892195031,0.1111111111111111,0,3
-0.59657861700336101,0.7975057073077888,0.089881035518405941,-0.8017186434877861,-0.58709749405559808,-0.11208813120817855,-0.03662199364400829,-0.13892868416976042,0.98962500488639527,10.118709747568781,-7.7527309245690246,-0.80811231280517515,0.4384067322381791,0.263784763708718,0.1111111111111111,1,5
0.94308225840145909,-0.32663397038470349,-0.062498826221999627,0.32995551347653612,0.94249753378446521,0.053176667220092011,0.041535683632733737,-0.070771803713947923,0.99662738211642354,-11.10032543259871,-6.4878359134341066,-1.6092298188231235,,0.1116866921007354,0.2542372881355932,0,4
0.89253217595981083,0.45025620082907808,0.025606024514023551,-0.45095469623005774,0.89039087641200887,0.061999589920530958,0.0051163292021102385,-0.066883785906768287,0.99774765464934878,0.36676533261520577,5.4113254046291237,-0.90078013777093269,0.2517871652718625,0.2386509262515514,0.4210526315789473,1,2
-0.37771273192283406,0.90653188516274241,0.18850207777813208,-0.92527445775206274,-0.36192622076877834,-0.11347505695815015,-0.034644912685919765,-0.21727713157006048,0.97549494007999416,3.3134287762102383,15.853871612961473,-0.29399941444732208,,0.3643144204935739,0.4705882352941176,0,1
0.94945959321806228,-0.30680663932539326,-0.066303596524237923,0.3132679290678087,0.93948315981555974,0.13868884973399045,0.019740452470936917,-0.15245024922521119,0.98811397927942168,4.2891906719190098,2.1609865548039693,-0.86932337497220435,0.2341686026149844,0.1475311728691809,0.2580645161290323,1,2
-0.87333028552871406,0.48464047077512312,0.049171398853415357,-0.4862324758779506,-0.8611516628515532,-0.14830978716727825,-0.029532893185952445,-0.1534321597803803,0.98771776361731756,-22.442527442794859,-2.4575604927579882,-1.8815689804010953,,0.1703205666672197,0.2380952380952381,0,2
0.08512679422604455,-0.97118530625511756,-0.22260397529907591,0.99633349364440293,0.081056239506942476,0.027376184528409623,-0.0085439070182806894,-0.22411824323590468,0.97452450697851445,9.5420980837846496,26.417583119995641,0.6029030500121898,,0.5558919559445423,0.3448275862068966,0,4
0.13917311556619585,0.98514613674858809,0.10058793741265377,-0.98967644491534379,0.14188121956141528,-0.020254725757059402,-0.034225404063743803,-0.0967305990113735,0.9947219777061207,-15.653084237286492,0.35438868755005831,-1.6949000970459036,,0.08682741913090759,0.4081632653061225,0,3
0.98081463776094957,0.19108801570367367,0.038574818318318667,-0.19476679625752644,0.96895692714105719,0.15227727480139988,-0.0082789751441801028,-0.15686887390363458,0.98758473812163061,6.681392769065555,9.6041394609328421,-0.37209542614472657,,0.2457110397672158,0.2222222222222222,0,5
-0.48783065486570132,-0.86957264192911277,-0.076581150302962891,0.87239082894172459,-0.48253856492199465,-0.078043417027920531,0.030911061962877056,-0.10488066443080005,0.99400430204143619,5.765743466607737,1.8244602346124958,-0.81682151749220844,,0.2334494129117578,0.3488372093023256,0,4
-0.99102160069881107,-0.13136238779691739,-0.024902008365973113,0.1326532812599753,-0.98932518144344606,-0.06032240324170899,-0.016712089017493138,-0.063084137738307261,0.99786827670113176,-0.20604993403811284,-8.4368748015799895,-1.2458348973997473,,0.1277845891058959,0.3846153846153846,0,1
-0.2501733618085118,0.96803616475343113,0.017868205586887127,-0.96751677817899495,-0.24926024840461214,-0.042197304504065905,-0.036394683451916481,-0.027844430228304601,0.99894950559159701,-1.9953625405256734,6.7537293580405811,-0.95515686010524814,,0.07587200696899091,0.3703703703703703,0,5
-0.83944891872153071,0.53976765150659678,0.063058665100912958,-0.54216870084030921,-0.823902022127869,-0.16504107901593099,-0.037129673933217387,-0.17273198985904389,0.9842687879806773,-13.762492265143292,-1.8414637038852009,-1.6802377870223375,,0.09347043385807839,0.2580645161290323,0,5
0.7857040538879918,0.61822206445367878,0.021693748560560246,-0.61860250498125224,0.78523676870009496,0.027095348537258684,-0.00028378671089064535,-0.034708732389228197,0.99939743013529792,1.7422688541860401,9.0099944668028087,-0.62454879807307306,,0.09484813100995454,0.3442622950819672,0,5
0.77178982879661062,-0.63439194827198153,-0.043443251878480617,0.63493728621828349,0.77256204905806936,-0.0015883717945954466,0.034570257966338488,-0.02635785125680366,0.99905463361182822,-1.9745991907241165,-2.3016183013594502,-1.2154637425588135,,0.09825203305206799,0.2218181818181818,0,4
0.99774823570515503,0.065248549419234095,-0.015526910379597664,-0.064417851697455702,0.99671700145269126,0.049046502401707888,0.018676148691175665,-0.04793585102866009,0.9986758010767175,-8.0766644047835872,-6.6940059371862697,-1.5208777688823603,0.3145671913452127,0.1340482557859803,0.1282051282051282,1,5
0.93791443765534377,-0.34362336480357508,-0.047323258538788764,0.34561265932844892,0.93737608227675173,0.043335552233768976,0.029468582415470873,-0.057000557335497713,0.99793914599732247,-12.122598240361906,-17.565363554999248,-1.869237351725157,,0.8326330726294175,0.5294117647058824,0,1
0.73585145485157055,-0.65844173122286853,-0.1580415229522257,0.67679571454802556,0.72263577298261661,0.1405172600616883,0.021684030120219477,-0.21036165570285958,0.97738312684826789,-7.737347676250125,-9.8461192157940403,-1.5388284846478175,,0.3946055510577607,0.3863636363636364,0,5
0.41813633936906719,-0.87540481000371351,-0.24254570769526862,0.90771074069698499,0.41293714396023334,0.074458890411401191,0.034974461001817822,-0.25129531185505249,0.96727837426322349,-16.074807366687601,-8.1377686183741478,-1.7964983527460365,,0.5630220857767944,0.2040816326530612,0,1
-0.99754221715272817,-0.063347718716133539,-0.029943138303790719,0.0672793884795818,-0.98533489150596409,-0.15680763841963574,-0.019570612760765431,-0.15843679532984548,0.98717514808760076,10.855639133626429,-9.3282931018978772,-0.80063167765568488,,0.1203621170313114,0.5238095238095238,0,4
0.12827218818809247,-0.98896054271485145,-0.074184167384860472,0.99124234492038177,0.13021579157456825,-0.021965000827497867,0.031382469217414326,-0.07071698931483876,0.99700263191631733,0.043086090098553687,23.63087267760681,0.068357019296008389,,0.1744621077246016,0.25,0,1
-0.53938274155261645,-0.83996487827976696,-0.059373911540682944,0.84201217367195236,-0.53725209397275797,-0.048741018763686056,0.0090419855904861762,-0.076283620642601108,0.99704516032035317,-5.3817414294959454,16.194141347499627,-0.60307350162447948,,0.08457456187374161,0.2121212121212121,0,4
0.5254933247286071,-0.83836851379872146,-0.14489651733771067,0.85012018800997124,0.52419945319393557,0.050105879984990567,0.033947483022539908,-0.14950976002288999,0.98817731205200843,2.9938980379486342,-10.452470586461184,-1.1582765092996901,,0.2313362730416187,0.1333333333333333,0,3
0.74949425954512383,-0.62423201835802267,-0.22043761513311427,0.66110413029328052,0.72317672302503067,0.19989186122486993,0.034636452157676113,-0.29555002035433314,0.95469916814171452,14.87811837278392,12.794054152080076,0.090300224652941005,,0.5105688287378719,0.3333333333333333,0,2
0.046581401278160781,-0.98727846825472809,-0.15202433744489896,0.99771976716840272,0.053424886458087364,-0.041243759629416052,0.048840958798855756,-0.14975649444193745,0.98751584955182914,18.981002776829854,3.0056680030069902,-0.16225674753310804,0.2864542271521068,0.21522547507639,0.6666666666666666,1,4
0.99910179133745303,0.031689971684567178,-0.028131054742455246,-0.030328381365516584,0.99840710552920564,0.0475756336010505,0.029593915422590999,-0.04667973139838049,0.9984714331649831,16.313520293562338,-2.9696933989015974,-0.46606660981281794,,0.09928290714473725,0.2307692307692308,1,4
-0.21382246750832454,-0.93070288211303653,-0.29676943510937981,0.97665502533401816,-0.19726074778004313,-0.085047979841196927,0.020613439268156116,-0.30802652907135625,0.9511544267414167,-8.5245819589218552,8.6184398352811726,-1.2882934147605347,,0.3754336885321304,0.2555555555555555,0,5
0.11857791284590662,-0.98382651379935726,-0.13425598433780134,0.99170616802922351,0.12409376582087346,-0.033460627268304087,0.049579782955381284,-0.12917479641864207,0.99038160175373846,2.4254441440066623,10.16040830579967,-0.52718651572632158,,0.1342357034748924,0.2631578947368421,0,4
-0.85520638527798754,-0.49164896736716029,-0.16402235050920377,0.51828045834955183,-0.81290141769973578,-0.26566266503733538,-0.0027212263297609739,-0.31220598647137726,0.95001053517247791,-10.777220081155741,20.741486220031405,-0.56543226290132798,,0.6615575436367159,0.4444444444444444,0,1
-0.13750250507331746,-0.98198199871778113,-0.12963184521094551,0.99050079347741227,-0.13646683103890625,-0.016881414242193284,-0.0011132022189319936,-0.13072168228886452,0.991418480037764,4.2232882864409493,13.670868200762131,-0.34381458462784265,,0.1230972441247745,0.2,0,4
-0.97923386734847873,-0.19138666440458382,-0.066874342806709244,0.2000029451360148,-0.96593283784691741,-0.16423329353672902,-0.033164061492258784,-0.17419786869272633,0.98415204494440289,-13.186185462541665,-8.869841500101133,-1.7078948650119068,,0.5873410632934069,0.2777777777777778,0,3
0.26214444784727464,-0.96348722249831975,-0.054522110609557937,0.96445107007823572,0.26352350053059131,-0.019735706043870555,0.033382958044398933,-0.047410302156565491,0.99831750528658447,4.940444678169019,5.2511854221650722,-0.6983108456944076,,0.07241703750869002,0.28125,0,1
-0.91211025178945215,-0.40285480168104648,-0.07591374936799615,0.409788398150432,-0.90111028830797957,-0.14168174563723096,-0.01132948903902356,-0.16033794643824836,0.98699715582674319,12.397203621270158,2.8862933487123987,-0.46490030305079105,0.6401262447675036,0.3539516088795513,0.8292682926829268,1,2
0.34654031278835407,-0.92714797521592884,-0.14250067952664003,0.93780854247107037,0.33909707845429043,0.074352599497618119,-0.020614297971022804,-0.15940452765454716,0.98699809892542045,25.087434413198931,1.0336261125461776,0.010822781226020961,,0.5884727489907142,0.1666666666666667,0,4
-0.76926998165318006,-0.60550274465022846,-0.20393656255894102,0.63833131184408842,-0.71461108064840928,-0.28611910061007551,0.02751057336228882,-0.35028192878815984,0.93624021421733716,-2.9335956447943041,-9.2553138666391153,-1.3699139441350805,,0.3964659953666634,0.25,0,2
0.66206032485034361,0.74311563321670715,0.097238273987098875,-0.74911460640237015,0.65228545163994134,0.11554651034756665,0.022437306738549607,-0.14934137152112498,0.98853109309647413,-19.694344296678874,3.2301636964533476,-1.731868183775668,,0.4182908035474177,0.1428571428571428,0,2
-0.55774087802980954,0.81482418074266938,0.15807171616571872,-0.82810272043337974,-0.53335102323990458,-0.17257627420877938,-0.056311609685517079,-0.22715246088472243,0.97222978874782573,15.488506662751321,-14.578991410025848,-0.70362759230995153,,0.1634001214526985,0.1666666666666667,0,2
-0.27635193437456496,0.94555120741951804,0.17193755411464928,-0.96068452346548217,-0.26681098320538266,-0.076792874766327082,-0.02673676759325809,-0.18639960672831068,0.98211014243321793,-6.30631975926521,16.932071416350574,-0.58770253940261474,,0.4398208072296869,0.7213114754098361,0,4
0.74912528455751048,-0.63951441603366321,-0.17272121966264417,0.66150045116570133,0.73599526305327978,0.1439726566772577,0.03504941004071957,-0.22210872213458077,0.97439173560100634,-6.8796953445435118,-7.253425579240969,-1.481405270167685,0.4586469447273622,0.2843895720473719,0.293103448275862,1,6
0.27085303599283705,-0.95289308009492846,-0.13650425195085689,0.95818594688614367,0.28047681925749279,-0.056678435485679544,0.092294767367210637,-0.11544492958289611,0.98901675625351926,3.6524126523865399,12.811883757439427,-0.40125154360105114,,0.1740665802093639,0.2380952380952381,0,4
-0.24897032260155233,0.96748002533715938,0.044678619464897679,-0.96783832186160967,-0.24681331217344463,-0.048704945026945286,-0.036093783395245618,-0.055367765961649475,0.99781343411112389,13.289507169899188,5.2712267161429862,-0.27288242620873843,,0.3537744685389325,0.6176470588235294,0,4
-0.97365811535499169,0.2271587303857126,-0.019717647245952388,-0.22289789985427605,-0.96646453773418139,-0.1275257759937499,-0.048025000196958045,-0.11977148455206724,0.99163924430423589,-6.2454142247902054,13.135232854290136,-0.83937879174121555,0.9417322042920928,0.876443491342469,0.6482758620689655,1,4
0.46238254178408561,0.86939624384364256,0.17421985031520809,-0.88653441437932279,0.45686154714199834,0.073036010735326451,-0.016097116959236591,-0.18822246925801633,0.98199449331043365,-7.6546044878407571,20.58948433265094,-0.44560730367519713,,0.7642746219340191,0.4047619047619048,0,1
0.074076257209456306,0.99403239176050795,0.080076914580435588,-0.99477447396912722,0.079310819619898207,-0.064292611011423861,-0.070259903624220577,-0.074895914588873846,0.99471309829548926,-14.645814240039318,5.0417030693521019,-1.6273273268679829,,0.682621657557498,0.1957831325301205,0,2
-0.78618687031727907,-0.61592389616477439,-0.050477312467340683,0.6179867690883879,-0.78334589035563151,-0.066794979561626597,0.001599428778355124,-0.08370764717841872,0.99648907250979735,7.4992416520772833,-4.3742246798571403,-0.88062097037645848,0.3296755044165873,0.2998958202863199,0.8,1,1
0.20788714075109158,-0.97575800958644854,-0.068404995711043956,0.97761312523245569,0.20958652188250651,-0.018602881992458593,0.032488676235998451,-0.063006321691444198,0.99748417999652883,0.23576931153722885,12.348434271012357,-0.57754905790289268,,0.07750878390178374,0.1578947368421053,0,3
-0.89885413402336889,0.43817314604058483,-0.0080956678535831651,-0.4370758036912023,-0.89764727691742296,-0.056516440709096699,-0.032031040832117899,-0.047261615838136296,0.99836884571363704,1.7628255401409714,11.851197367864444,-0.52634187101981755,,0.09314008178000277,0.1290322580645161,0,3
0.84507469339872521,0.52193382118059894,0.11590448172900671,-0.53461012023207,0.8223297773967726,0.19484803450901741,0.0063860725413182936,-0.22662485193463214,0.97396118740076298,2.0756208258557223,24.740784432444862,0.19621369701741473,,0.4727583526493948,0.1176470588235294,0,3
-0.66654187542710985,-0.73735641492899939,-0.1096697117036645,0.74485398333778141,-0.65277899013411633,-0.1381018955167666,0.030240234918924483,-0.17373861805176499,0.98432739512293987,-12.389111118608907,0.1999755784107512,-1.5957862308224382,,0.1856315132356636,0.1132075471698113,0,2
0.04374236307522994,0.96104796173637885,0.27289818781909436,-0.99864957389532694,0.049725993428370849,-0.015045070164119944,-0.028029167509514889,-0.27187155206073427,0.96192526993982796,-13.922677291281531,1.0255017429177331,-1.6411508757837638,,0.3483505087064207,0.3333333333333333,0,1
0.19976253238638703,-0.94758356063255644,-0.24935983291922686,0.97978639410004553,0.19040639989049299,0.061351648854559362,-0.010656105808836851,-0.25657513227058609,0.96646554460535394,-11.309219464750397,-5.4255153279114401,-1.6280520338438911,,0.3126920905252603,0.375,0,2
-0.93451722589052877,-0.3398708125743391,-0.10566638667962394,0.3543609960478673,-0.91621803532434465,-0.18701015006239868,-0.033254157542071013,-0.21220825268225507,0.97665849635361834,15.587724296250931,3.7176679125279719,-0.24915711961487921,0.4645819691925328,0.2869556969378713,0.25,1,4
-0.99975209407463084,-0.0024096522332859287,-0.022134677985126704,0.0087266902620232612,-0.95699443493959557,-0.28997499266611815,-0.020484024762271253,-0.2900962686260532,0.95677821863730772,-4.2518875684619379,-0.0033045302700991149,-1.2616205686321527,,0.6336555817341833,0.3321941216678059,0,1
-0.96340611542962551,-0.2653964733520417,-0.037594795984242528,0.26731041067001055,-0.96164913403039642,-0.061449876859257228,-0.019844422395932145,-0.069250667512209013,0.99740189690459491,13.315968052002439,-3.4003401847105943,-0.61274079045681762,0.1891268500671198,0.1129780698460465,0.4,1,3
