axis_00,axis_01,axis_02,axis_10,axis_11,axis_12,axis_20,axis_21,axis_22,location_x,location_y,location_z,dbh,dbh_approximation,score,reconstructed,number_clusters
-0.79842498008012519,-0.58740939948710202,-0.1321656104221309,0.59759105333331874,-0.79992260561777839,-0.054852146700370419,-0.07350159290809212,-0.12277631048319761,0.98970879223340602,-11.588508971522707,-9.54601449266017,-0.96100055084321589,,0.1154194910956995,0.4,0,1
-0.58190299458022499,0.81324264767636956,-0.0050299998902656904,-0.81295770095882725,-0.58150873123538993,0.030779407868663868,0.022106138294720495,0.021999806756795168,0.99951354525707126,-12.029803878807314,9.9045201360831996,-1.8242038369939297,,0.08751827715563612,0.3783783783783784,0,4
-0.75852346498626477,-0.64810841300902755,-0.067805885084915862,0.64694201110387661,-0.76144012277131867,0.040926442587513323,-0.078154893219174654,-0.012822808620471813,0.99685876042947064,9.5988956591542678,-12.003046967220698,-0.27044389981462341,,0.09150922006049332,0.5333333333333333,0,5
0.68157746390408946,0.73163720006561705,0.012616187150448007,-0.72732252956439647,0.67546370984310977,0.12145252024158128,0.080337405273746554,-0.091955337882738686,0.99251706138925111,-4.3959274628319198,11.817783310709622,-1.7651448653562363,,0.0644160111251182,0.2222222222222222,0,2
0.97545088998738239,-0.21315358713426277,-0.055327294481299034,0.21907675462262152,0.96480872846050114,0.1454286528523554,0.022381617610078831,-0.15397943297150918,0.98782052894993511,2.0589293475886508,-10.736428567195372,-0.6462252094360148,,0.09963744904027877,0.358974358974359,0,5
-0.72150352123306993,-0.67565997879039685,-0.15138118082919441,0.68736514588087538,-0.72526395692555168,-0.039004474267109741,-0.083437551956198022,-0.13219601297184283,0.98770561863234585,-8.7858824023165187,-17.449530996956465,-0.49993840148560248,,0.2053392726352266,0.3636363636363636,0,4
-0.98338504341113031,-0.16705639598336744,-0.071035321892267383,0.1745572404103419,-0.97762494807546674,-0.11738496803580649,-0.04983599317376735,-0.1278343516488803,0.99054265547875087,-6.5681112340619308,12.718754450715059,-1.8481270412501221,0.5705606502161197,0.6045037523010961,0.673469387755102,1,4
-0.28426880050378389,0.95868738361435746,0.010476142362444249,-0.95691131471757185,-0.28438370125870804,0.05870814444254023,0.059262001532417688,0.00666415463926881,0.99822021829720331,-18.156154061233057,5.4203368871688609,-1.7758014346257256,,0.07937283106151745,0.2926829268292683,0,2
0.48511516267253524,-0.83522627500547597,-0.25896012914284217,0.87396115529153684,0.45319230305376146,0.1755238886713433,-0.029243426384097708,-0.31147039344583866,0.94980577805149902,9.3603047864662781,6.9694835099525925,-1.2522739794956759,,0.6852763918115397,0.303030303030303,0,4
-0.96283210542363518,0.26908558216395745,-0.023394149631341815,-0.26954788681223824,-0.96278909208970564,0.019521804940535851,-0.01727059583645502,0.025102064149463133,0.99953569865957748,-10.350904706764529,12.091461457166012,-1.8689707033644245,0.6975486292016396,0.4278369123478756,0.8111111111111111,1,7
-0.97752030007472801,-0.19353456033606944,-0.083656660806763358,0.20464981822737885,-0.96638019991392321,-0.15565269388554343,-0.05071996491830779,-0.16927398846204991,0.98426307559962622,-16.452722099165442,-4.0398547603855972,-1.2273209108595464,,0.1045045081597839,0.2692307692307692,0,3
0.60033546077242639,0.79968415263584913,-0.010128699928622831,-0.79556057114846923,0.59843839687766709,0.094630136724040789,0.081735623647719025,-0.048751832432978044,0.99546097194282157,4.9136144065524432,6.5421915415390801,-1.3124879317592375,,0.1947207348417676,0.2692307692307692,0,5
-0.26767859355929469,-0.95099217545946968,-0.15479681122355979,0.96003623313789899,-0.27687616019857769,0.040865914599870531,-0.081722711730035161,-0.13767161700421732,0.98710076702377891,-16.181989841475861,-7.1381077924610956,-1.0985268981646032,,0.3252140673240937,0.4814814814814815,0,4
-0.73561109774646338,-0.67509771587740375,-0.055851471684776388,0.67687921365825288,-0.73578357265670036,-0.021379062793463407,-0.02666163891489259,-0.053531376085937832,0.99821017265138989,4.4371254960668427,-3.4412907297939794,-0.89785841781447029,,0.1381412430225829,0.1578947368421053,0,2
-0.75887500488782833,0.6352799538178866,0.14327633172873447,-0.65096134626305469,-0.74636127123112472,-0.1385430564035981,0.018922278612523932,-0.19840421639522421,0.97993760734482849,-3.6699640235831268,17.034628589390064,-1.9336913332603418,,0.3482071049751064,0.1428571428571428,0,1
-0.70023824722994155,0.71354184194946901,-0.022900587409453159,-0.71330719554805067,-0.6979705821921498,0.063481581373859439,0.029312828176650516,0.060787385054056273,0.9977202272794593,2.2056323528599058,-3.3535374769544362,-0.98277806411928781,0.1820220373313763,0.1550464346269756,0.5287356321839081,1,5
-0.081949302940555371,0.99057155114198803,0.10978303063639874,-0.99491084504109084,-0.087788963336634163,0.049452081208993755,0.058623563241915887,-0.10517176419759465,0.99272462337165113,1.7439863637511877,4.5277235978034094,-1.3182418746392013,0.4303180938519707,0.1752868430511274,0.2592592592592592,1,5
-0.38776662420459929,0.92146464755307833,0.023236791147890078,-0.92026299023287128,-0.38844984112844089,0.047146046864430496,0.05246974328718599,-0.00310229546796201,0.99861769551826318,-16.576011374759833,-12.564321889817387,-0.79184000643004071,,0.1967213051867629,0.6333333333333333,0,1
0.966015594433974,-0.25069057409599654,-0.062992915234931862,0.25754052982323555,0.95427219641209193,0.15178092980743083,0.022062339149390191,-0.16284597389638111,0.98640480634321537,3.3878166513685564,-3.0356029711802348,-0.95524100564847481,0.1247472525697204,0.3069778057648821,0.8671875,1,3
0.28500806942673007,-0.92987895009098986,-0.23258447613572072,0.95670556142913521,0.26102155002166649,0.12877196571789482,-0.0590327798109858,-0.25921591116666814,0.96401361105838268,7.3264402953378998,2.1378034909260277,-1.0438323398908524,,0.2405202505952121,0.1538461538461539,0,5
0.64078743534803939,-0.72440866155249128,-0.25421163184994122,0.76510126526774691,0.57525939894692868,0.28930378118668071,-0.063336534368203107,-0.37987986915727229,0.92286497843578352,-16.810394328059932,7.6228999710730614,-1.8199212069107307,,0.7207248606251999,0.25,0,2
0.080274792284802041,0.99059195213165285,0.11083114226440532,-0.99393568763286089,0.071166763544666251,0.083828041945218146,0.075151890018971476,-0.11688830625250116,0.99029759026668251,5.4819148238748099,5.4504763000024274,-1.2370123880688979,,0.1001267758735535,0.25,0,5
0.50688617855957596,-0.84900484647791064,-0.14918837971601717,0.86090589532403394,0.48982721376483151,0.13751487211100691,-0.043674264522648498,-0.19814154363081668,0.97919992203124906,1.708748297887519,-1.7822719652326311,-1.0563277473598327,,0.07073189129339996,0.2641509433962264,0,1
0.91000235784728922,-0.41154173990989712,-0.050290208036038168,0.41456157728156434,0.90490880839501586,0.096326253591287284,0.0058657782258684102,-0.10850550585590533,0.99407854209049218,-7.1523411164069008,-11.18392840427394,-0.86850351130050352,0.1590112411190598,0.1419779813734194,0.6,1,6
0.94900202148872237,-0.30151817630947053,-0.092097516607829652,0.31360341693078442,0.93280646082809693,0.17755281897704867,0.032373756341441219,-0.19738008002929541,0.97979234734099352,2.8735212759126343,3.4019026465704028,-1.2176744333911609,0.5239348156248385,0.3971520618612039,0.1449275362318841,1,4
0.91532266007480256,0.39331321786127349,0.086539820945027809,-0.40127175975224633,0.87250638277682102,0.27877156748679072,0.034137996117560861,-0.28989191894448735,0.95645035028053604,11.79040592865584,-0.86468064565180192,-0.75735174232373814,0.4670900936200503,0.5606882598553797,0.4210526315789473,1,3
0.9108302971454737,0.41242710995970433,0.017089434518879412,-0.40780528112430298,0.89267063392514512,0.19192183829571932,0.063898532761066829,-0.18177738665182247,0.98126141227147923,-18.433678684936652,3.6338241278764354,-1.7159494741160535,,0.5536304179835149,0.2142857142857143,0,1
0.96493975227431805,0.26057163478113859,-0.031522969851558863,-0.25595701291468304,0.96077083540128783,0.10679611126864044,0.058114387380149846,-0.094983287950017814,0.99378110919338458,-8.1903094753969157,-13.362026676069103,-0.75396102619711058,0.1954580635494079,0.1471011611506697,0.2549019607843137,1,4
-0.97460790325335045,-0.21306197369261484,-0.068876921260429602,0.21796690647512276,-0.97315412159368442,-0.073901849143907627,-0.051282185969135897,-0.087038215695355817,0.99488415728204038,1.1064501582767583,3.7025475276507263,-1.3136998739420509,,0.07825520372815768,0.3125,0,5
0.30257019553103714,-0.94835781581341416,-0.095229879564767542,0.9513647935746834,0.29442655126349487,0.090653380839793254,-0.057933637231835471,-0.11802736588052287,0.99131893686159112,-20.290008812434884,6.5227125567670523,-1.8458548742099821,,0.647483942970323,0.4848484848484849,0,1
0.99729012564622599,-0.053135045585374054,-0.050882926597976559,0.062926967571476478,0.97440380567461626,0.21581802575105385,0.038113016684502843,-0.21843509428996163,0.9751069210818587,-7.5451086809876546,-14.56095933094495,-0.6773540800777802,,0.1413857612281855,0.35,0,4
0.81785929390285084,-0.57241324233715618,-0.058730361601090741,0.57530194838156334,0.81137163513943089,0.10345887047297227,-0.011569077971366859,-0.11840249021127286,0.9928982862039103,-10.624426164745758,-13.101144009115389,-0.79225312192103892,0.2588653371782316,0.1948588978451902,0.5138888888888888,1,3
0.34783151835600218,-0.9176232832761182,-0.19230378266616463,0.93379426996996762,0.32071184955607646,0.1586574011055753,-0.08391362350305856,-0.234758215072184,0.96842505350011965,-2.3473083311602405,13.9592484470411,-1.8030923254164541,,0.5197752592849506,0.312,0,3
0.1864538662879692,-0.97972537594827336,-0.073301728965168386,0.98052641514990413,0.18088437929151427,0.076477385687545446,-0.06166769769941223,-0.086133785771545485,0.99437320257995487,-13.224242843329661,-17.658501816682481,-0.50219227098794772,0.4032588100954589,0.4491398268916005,0.7790697674418605,1,2
0.049012879731510049,0.99350138760502327,0.10272648367056575,-0.99602431866480612,0.040957737855142194,0.079107650313346503,0.074386115967523064,-0.106195369657457,0.99155899936140124,-17.584471667881537,8.8641878981942188,-1.8763408230895837,,0.7871620010339319,0.7692307692307693,0,1
-0.99306000869289646,-0.10966905399380071,-0.042479615475779421,0.10771254159632722,-0.99312203051598735,0.045898157769809204,-0.04722104951951759,0.041004037604943741,0.99804250479745038,10.799825305020647,3.5474425677288624,-1.0122879109359009,0.3825065408172926,0.3761419534289819,0.7108433734939759,1,5
-0.96122120306376246,-0.26502366065936123,-0.076264395830337089,0.26504893907752408,-0.96418336297979812,0.0099750913202083444,-0.076176496864409915,-0.010625527924737671,0.99703773222571102,-11.210323827459604,-23.265119594767018,-0.12651323301327397,,0.3947763168058035,0.7837837837837838,0,4
-0.68991760473826125,0.72143945240314122,0.059487941538402894,-0.72339212756820848,-0.69015406498510501,-0.019778684407116737,0.026786721422400163,-0.056678771165150535,0.99803305980044943,10.06661690368197,-1.6648904875639157,-0.76419252126236248,,0.1709601607818315,0.1612903225806452,0,1
0.98246006479227632,0.18644852024791841,0.003028264472866843,-0.17965300837100279,0.94205073276882101,0.2833111601631243,0.049970167816453581,-0.27888593759293173,0.95902326152252793,-10.448268591637046,-11.953540040208166,-0.84758358531040312,,0.3838735643653355,0.4444444444444444,0,1
0.72494321601311085,-0.6626383352242875,-0.18806320811831775,0.68811621908489007,0.68446001608821139,0.24085380505369133,-0.030877217958948613,-0.30401467574396929,0.95216683115061607,14.039339630884877,0.23016632960494843,-0.74689020920738036,0.5046729652877451,0.2969679602771251,0.5853658536585366,1,3
-0.99494042337651167,-0.092382521396871253,-0.039484473805822963,0.090473701878646159,-0.99475727628973754,0.047670436719155128,-0.043681382759019532,0.043856937979956198,0.99808241432823608,11.932712823935796,5.7689604520532498,-1.1240808852431636,0.1676007290796324,0.1246583112220489,0.6333333333333333,1,5
0.92661348592600368,-0.35823743629451438,-0.11425141984760279,0.37518942398824723,0.90099136734238172,0.21782436067132543,0.02490670245991293,-0.24470491456372148,0.96927764905672653,-12.969245985857864,11.400192657490585,-1.9005398172084054,0.5866993169106152,0.5897322255725028,0.8,1,2
0.86085563185758507,0.50852312301986979,0.018215774844729089,-0.5019312159387469,0.84272473344277665,0.19462805067628267,0.083621980156694892,-0.17668971955922294,0.98070796236023006,8.4117227473559044,-13.233855801219121,-0.25946570534066477,0.7686239637736578,0.361210169778296,0.8611111111111112,1,5
-0.69545444005964652,-0.70410543833296768,-0.14345261765218564,0.71498151345977212,-0.69797878418391546,-0.040336735613054467,-0.071725568747121826,-0.13061833155833652,0.98883481646269888,7.1705063456331759,-7.3530838227017989,-0.61858973487515945,0.5419941133465205,0.1863709135953589,0.4166666666666667,1,4
0.16223032211702967,0.98449575724017258,0.066704022081916975,-0.98401318064266508,0.15637589009990083,0.085232865239706676,0.073480493379611322,-0.079464992113280716,0.99412571243335524,-8.1910489654298573,-8.02740390322964,-1.0093754680922149,,0.07136099258757593,0.2153846153846154,0,6
-0.71691424522990554,-0.68995554715853791,-0.09997653690540452,0.69021807909921085,-0.72262690285904374,0.037541477713879862,-0.098147686019745384,-0.042091593097778185,0.99428131306962664,5.3319484082299429,-9.5497419867974518,-0.58390372993117923,0.2854588875312141,0.1513802781702119,0.2580645161290323,1,5
-0.041038949350870324,-0.9938533031247726,-0.10281739397668359,0.99791510692570873,-0.045900513871124995,0.045371601204047693,-0.049812086943122356,-0.10074102786028408,0.9936649341201621,-8.5518952911603829,-9.4391298092195441,-0.96612121505145665,0.1237395804521663,0.1549592537951702,0.5806451612903226,1,5
-0.59560951149963792,0.80104711835712239,0.059773104176645074,-0.80216152398390084,-0.59705066791550865,0.0082091035728563168,0.042263450533380931,-0.043058264170707232,0.99817823390195071,-0.62234469153830563,9.6428725584725736,-1.5976308949639626,0.3359002169552021,0.358498256868079,0.4583333333333333,1,6
0.40112694735410587,-0.89230026367217097,-0.20711690311742145,0.91598559904763299,0.39275200213801975,0.081952712913769196,0.0082191510343875614,-0.22258954213338941,0.97487760323495132,10.884310663660115,7.8580388563633088,-1.2466231948729718,,0.4822267491482895,0.6046511627906976,0,8
-0.032926741708389599,-0.99458396020285011,-0.098582837186216979,0.99768033250935451,-0.038587851113065341,0.056079692139837357,-0.059580062139041372,-0.096507636245486139,0.99354742833033227,8.5405970540440617,3.036015431542638,-1.0237246661173416,,0.1319342473950079,0.3333333333333333,0,2
0.70399695693954378,-0.70556832305538775,-0.081003864850207677,0.7095378595600712,0.69381265223044064,0.12320726218804808,-0.030729635057627765,-0.14421284653514796,0.98906943357049282,8.2733430594711823,-20.03455123244688,0.1224419249900409,0.2780151786080245,0.1488066573806343,0.3333333333333333,1,5
-0.17079343609349995,0.96150299824443208,0.21527096077814162,-0.98316451047041487,-0.18070453001631306,0.027081694611928171,0.064939568360483188,-0.20702139309393133,0.97617877218396998,-12.261094464214324,-3.5299952915396027,-1.2567678463428913,0.44148567585286,0.2744128326993558,0.3924731182795699,1,6
-0.058636167812777348,0.99785918975718513,0.028962687053628242,-0.99627093797916688,-0.060333024699693559,0.061677745327608058,0.063293111492033011,-0.025238136771971897,0.99767580831146596,-0.84619876566626362,-8.8786019089461217,-0.83907533375944687,,0.07544719566308156,0.25,0,5
-0.2458503885270886,0.96499923018452838,0.091291139791035605,-0.96757358899418877,-0.24995095627221295,0.036412488784893289,0.057956331336474411,-0.079378871255978187,0.99515830823851492,-3.8235656231454254,-5.9654095209042728,-1.0341234189990638,0.2752601595162877,0.142098448635005,0.2027027027027027,1,5
0.45585150577835248,0.88983082965236115,0.020012478102395446,-0.88641427624499503,0.45183982694150471,0.10055099034088055,0.080430936514935297,-0.063575666647398651,0.99473061632869675,-3.0715945389559889,2.4530956742994836,-1.3995171423399753,0.5323983216949127,0.468130282381416,0.6229379418695994,1,5
0.82674001214504678,-0.5602604834600754,-0.05107977086373041,0.56251189815247959,0.82176414522832852,0.09101677896986668,-0.0090175803463440098,-0.1039801918167013,0.99453848741738504,-12.736662649466757,-14.639066818350447,-0.67995985844223972,,0.1041435963874612,0.5,0,2
0.98399613134890507,0.17773575521834351,0.012712781259622196,-0.17628018028787418,0.9605532025132173,0.21508798938871107,0.026017523480617449,-0.21388676083051233,0.97651192620129745,-0.70092364734825463,5.2818140770272661,-1.4600504180048555,0.9893851037647832,0.5807167820692647,0.6936936936936937,1,3
0.71971153378919328,-0.67377824374643225,-0.16744607007864054,0.69387477299695977,0.68989481750307935,0.20635634272008938,-0.023518238225367076,-0.2647036437912535,0.96404298318820247,-19.495564460552313,-23.674239049475908,-0.11870525297695261,,0.2277369412282526,0.2857142857142857,0,1
-0.87112192548140599,0.49087726320717373,0.013641972430780408,-0.49103165258452924,-0.87039109861349184,-0.036155934706546086,-0.0058742749061647193,-0.038194867726345234,0.99925304351485134,-1.3200370725129933,-10.513153147711401,-0.7824733788534658,0.4474623055630743,0.3584856823764168,0.7900552486187845,1,5
0.35552685427836872,0.93046435262250704,0.088525388368007774,-0.92736939589707068,0.33935392524163988,0.15755924909885088,0.11656182668622657,-0.1381122801269693,0.98353359812347041,-12.756096545474094,-5.9394021609594168,-1.1494369674274763,0.5176900395488422,0.4371943569322631,0.4888888888888889,1,3
0.99441069470163967,-0.094606123049483168,-0.046872718552984471,0.09868649860769356,0.99065510568448101,0.094145826109402808,0.037527926342324394,-0.098245320818928977,0.99445437888403387,9.4530166716663881,5.2967322797474861,-1.1382959195236646,0.5048146093318098,0.4449204148656422,0.8735632183908046,1,5
0.98315163445918352,0.1794793193353425,-0.034641558728754608,-0.17469771540429718,0.97835939829356633,0.11087648985772253,0.053791931483771663,-0.10295660105875978,0.99323026857102603,9.2907191985787509,-7.0685916346019138,-0.57305308231913876,,0.08026716742222062,0.5384615384615384,0,5
0.78063410975372904,0.62480431292161354,0.015164341184264706,-0.62184245726638443,0.77404478070830363,0.11902367747275301,0.062628627878207138,-0.10234377368840655,0.9927756075555586,-35.965344170163284,-0.36014131802502458,-1.5420383951166481,0.7182489186208085,0.5547238211025348,0.975,1,4
0.99259848473202306,0.12122773915669785,-0.0072168806729028881,-0.1126096794515373,0.94102772477062535,0.31903899652995643,0.045467661051711065,-0.31586493390684445,0.94771411054521659,-12.869514849262659,-12.967443210722918,-0.78192953553434263,,0.1012983793365312,0.1666666666666667,0,1
-0.70046849127199573,-0.71061014801636668,-0.066159733004977239,0.70911869412270701,-0.70345925254411434,0.047914065323041877,-0.080588897379472169,-0.013352810424457453,0.99665798149261209,-6.9581038576037262,9.3212869641234484,-1.7051267424363405,1.018187817329795,0.6562998821864759,0.7524752475247525,1,3
0.90680377465409934,0.42142865466676288,0.010237348232914951,-0.41649554089739982,0.89191003183001871,0.17614755046142147,0.065102831625528337,-0.16399507354411319,0.9843105389904151,-3.3161807981749081,-4.7116905103362194,-1.0610529158139577,0.3598077308152248,0.4643577719852563,0.660958904109589,1,5
-0.97823081394764499,-0.18779192860323696,-0.088310057155483859,0.20106101279822067,-0.96302643497994334,-0.17931691125595026,-0.051370650919390262,-0.19316903758443629,0.97981976870382703,-21.066746320116415,7.8521877060637548,-1.9229955882461842,,0.4115511318131779,0.6153846153846154,0,1
0.69009495136913745,-0.70051386267278004,-0.18179462670301683,0.72292917627177444,0.65550801234293443,0.21836357720377392,-0.033798878529341145,-0.28211624192427609,0.95878467960886926,-0.43180908716497646,-11.810109897063976,-0.71102787962945124,0.266473103196795,0.1211290034114234,0.1578947368421053,1,5
-0.85030690236369344,0.52276715205808844,0.060767396864890806,-0.52561091812983662,-0.84938589023798194,-0.047715534235093789,0.026670855542519818,-0.072512855368586759,0.99701080800105879,13.105282265770212,8.8217022650850261,-1.2641044746013212,,0.3835592627752337,0.6190476190476191,0,5
-0.72730582305380387,0.68631093638204155,0.0018810514174765456,-0.68560462964797231,-0.72667640871826478,0.043447540984419393,0.031185438225180231,0.030309991994909205,0.99905393889818228,-20.990171468066954,-4.4973880970693987,-1.2700776483196905,0.2401072431912357,0.2005773436938905,0.3673469387755102,1,5
0.99232346479200106,-0.10075167942854242,-0.071716388054102659,0.11528592622648261,0.96350504430087169,0.24159301484289075,0.044758199665540691,-0.24800630778087773,0.96772391458700491,-5.8810765427845135,11.595143084573536,-1.7832462827828874,0.5080693047373162,0.3763637915424154,0.392156862745098,1,5
0.081932184477338049,0.9955729790709954,0.0460604004593285,-0.99374610701960231,0.078089083684054483,0.079817102132112544,0.07586693568449164,-0.052311933180556422,0.99574478141577871,-3.3784228557154243,9.0101097499162801,-1.616217340594301,,0.07015451219901724,0.34375,0,5
0.76156913809855475,-0.64592251143356039,-0.052882484048946458,0.64781445404757076,0.75636249425657376,0.090841677709201304,-0.018678357071020744,-0.10344025572927075,0.99446027194241959,5.1913154831332182,1.236861722531527,-1.0729447356404813,0.1945380223141654,0.1485841413080066,0.6083916083916084,1,4
0.69341976715930687,0.71670265521487364,0.074204652958437839,-0.71884242109506313,0.68106123347479242,0.13935985753430427,0.049341667451759871,-0.14997633235195387,0.9874575938172413,0.35114936726364082,12.086933380671026,-1.6551396618149434,0.9060192556537089,0.7802022902321962,0.396551724137931,1,4
0.78890844654195491,0.61389838587759149,0.027426899052721793,-0.60993265755310133,0.77681291928001905,0.15666474297003308,0.074870663313287816,-0.14032270043205064,0.98727094736879928,-7.3799050767877574,13.550596055124757,-1.8824931775082181,0.9305261413139704,0.5813493038244231,0.5915492957746479,1,5
0.22116376174547708,0.95207825598141615,0.21126662059581516,-0.97300867859089024,0.20078369997981493,0.11375419644666299,0.065884003198046728,-0.23072256133677496,0.97078648415230773,-18.174904066297351,15.253805785585195,-2.0761818089798219,,0.4683363286977106,0.1875,0,2
-0.3885964588807424,0.92110486045338613,0.023635316678531349,-0.91996578457601796,-0.38929519449562328,0.045958750549215416,0.051533943714581573,-0.0038842749338592682,0.99866368966407293,11.929036876621504,-15.218558689032358,-0.0032967157480583392,0.9665947555454643,0.8353895892612642,0.9171974522292994,1,5
0.33382253235358783,-0.94115201364182743,-0.052871581317111165,0.94097927650705027,0.32938735760320098,0.077858652925987579,-0.055861597518387304,-0.075742035020951171,0.99556146272019752,6.9387214316526844,10.397610249666593,-1.4605156030983142,0.3136239643758931,0.2840412911883095,0.7555555555555555,1,5
0.9975376736669519,-0.047177398823577396,-0.051892992353184272,0.058130996609385567,0.97014240781828742,0.23546654918636661,0.039234893249837442,-0.23790334506428673,0.97049606983176273,6.9861263982761175,-4.7489092784508804,-0.75396589356779797,0.8018210917881705,0.8186170063106344,0.5657894736842105,1,3
-0.78980824134008232,-0.60339946596037475,-0.11005465183271509,0.60887352003188111,-0.7929624411291587,-0.021990988210425784,-0.073999854832777601,-0.084378026981075313,0.99368222790161065,9.797473805826117,3.0811129453174626,-0.9943881575122665,,0.0868963899864344,0.1739130434782609,0,1
0.17600268943791325,0.97786004256401837,0.11319359728941754,-0.98186881404929416,0.16616349780676296,0.091232253036169955,0.070403730782220661,-0.12719838502637984,0.98937550279892561,-6.958981317815681,16.165202485258657,-1.966828255910714,,0.5587426806312831,0.3684210526315789,0,5
-0.29604876902020755,-0.92921031669069065,-0.22118615173018147,0.95177982266848427,-0.30647979307440826,0.013612699887128885,-0.080438147186325012,-0.20649049322585059,0.9751365959108379,-19.367923881798845,4.4094855938903788,-1.7536849941377275,,0.5274181895945396,0.6296296296296297,0,1
-0.80040986091793076,0.59931766783155682,0.012743138164646403,-0.59929883475823564,-0.80050530262230124,0.0056716074440268669,0.01360004421905832,-0.0030973373277811784,0.99990271791745744,-21.755564339561015,5.7011463250934593,-1.8318134662531067,,0.1019747905091792,0.1818181818181818,0,1
-0.02905774274736168,-0.96174856249757645,-0.27238823418105523,0.99685721757557244,-0.04797327718914151,0.06304167227494438,-0.073697593949299617,-0.2697003285307214,0.9601199911659507,1.1649529371716822,-13.398515154289743,-0.59050535203609889,,0.7136432310353239,0.5520833333333334,0,1
-0.97166782223571024,-0.22476719730328845,-0.073084541786464299,0.23299202802773805,-0.96285999252953958,-0.1364380799540108,-0.039703376521834852,-0.14960060762724162,0.98794903719287386,-3.050920403246602,-8.4483492873304549,-0.92732290578857424,,0.1271940409009879,0.4444444444444444,0,7
0.51885483102916274,-0.83927752059160854,-0.16248971582011312,0.85399292517967973,0.50030709931060513,0.14278967092357256,-0.038545402589062368,-0.21285217830459324,0.97632382032307119,-4.9333573684952263,-5.8625956089015112,-1.0518967214302273,0.2346075738135883,0.3453572813665826,0.2237762237762238,1,5
-0.99927008215947444,0.014510342652132096,-0.035337697394090248,-0.010593758197295447,-0.99402907132899943,-0.10860008121573926,-0.036702522914042461,-0.10814645305753515,0.99345723083725146,0.85838104039783558,1.2661981289348427,-1.1937461251015673,,0.1145517996268221,0.1470588235294118,0,2
0.99813244149963098,-0.052334297213978344,-0.031507944412567865,0.055385532587023716,0.99288981242890262,0.10536727743920518,0.025769594603683728,-0.10691558216657522,0.99393409554353485,-5.0202543113816978,15.828063447928917,-1.9072169886824264,,0.07348890599885975,0.375,0,5
-0.99925832091542355,-0.0032102225213952633,-0.038373200969583549,0.006357735418863278,-0.99659676626719296,-0.082185550227019136,-0.037978774093336026,-0.082368561582300798,0.99587802103532275,0.89636350594723868,-11.508469905309081,-0.66778911896588578,,0.1648611662999998,0.1818181818181818,0,1
0.60706972425131878,-0.78590014264460839,-0.11758960706036957,0.79215989649300367,0.58680396996569495,0.16776113739687454,-0.062841453560694441,-0.19499247837720363,0.97878949988784369,4.5244333041380846,4.5728272894187239,-1.1961274515497622,0.5333880376825985,0.1880080330789156,0.2580645161290323,1,3
-0.6427138384826544,0.7530087271488286,0.14105594159975551,-0.7652416259028717,-0.63975828031737358,-0.071516408962461239,0.036389226543329461,-0.15390646381181627,0.98741512272626275,7.7889399968812425,12.681342637873593,-1.55992668172069,0.747575891492004,0.5317082734021598,0.2631578947368421,1,3
0.69467564816492411,0.70896200584383584,0.12164957096729979,-0.71628041887146876,0.66623494636936609,0.2075412194662101,0.066091643858784632,-0.23130903680162015,0.97063279570904226,2.7604922451860361,7.8966968608355579,-1.4441811878562401,,0.1683728181063874,0.2857142857142857,0,2
0.79469518838128872,-0.60037073433352028,-0.089523957237470225,0.60538156469619764,0.77310632571548843,0.18926111662113687,-0.044415297923242884,-0.20460105203670276,0.97783725170186842,14.050616066807031,6.3279147336568693,-1.0772345056944437,,0.4383528330940161,0.631578947368421,0,5
-0.86615532728389222,0.49852683287504346,0.03529795916636716,-0.49957750116433997,-0.86563592637932174,-0.03311741674414858,0.01404526069981437,-0.046318893175359747,0.99882795855286421,16.321021119660941,-8.699192098048897,-0.22310743408375472,,0.4014141286728928,0.4285714285714285,0,5
-0.94517148515713389,0.32632059772915134,-0.012873660844843487,-0.32635787677347505,-0.94524590057468683,0.00085071420512336385,-0.011891169571064644,0.0050054914283256518,0.99991676910720628,0.20293234320965697,4.3758959091787641,-1.3865226965326947,,0.07000869576383757,0.1805555555555556,0,5
-0.9041479419128815,0.42614319075459001,-0.030306436745326449,-0.4272004539180761,-0.90249969149967846,0.054718178105408355,-0.0040337708029949838,0.06242025165347035,0.99804180317090274,-15.944912386666731,-2.2615749630823987,-1.3539900913552767,0.500162498798454,0.4789193623324924,0.79,1,2
-0.8571178603568107,-0.50087292387108717,-0.12031328933326205,0.50781541537271246,-0.86078749758111239,-0.034181689804396689,-0.08644349233574837,-0.090394679826152666,0.99214733003315858,1.0209419809108851,-9.2311328473927592,-0.75957460802063437,,0.126359912999555,0.1818181818181818,0,5
-0.98321153445669329,0.17812950223970409,-0.039559561968650174,-0.17661754543917663,-0.98350973993191915,-0.038920869749922309,-0.045840169658897777,-0.031280535335658249,0.99845891600744374,2.3919932737899172,11.294662492760869,-1.6146316228568802,,0.2753135820725607,0.48,0,3
0.63093444127000264,-0.769064999023645,-0.1022778475334328,0.77503403478119082,0.6187882714288252,0.12815350199239897,-0.035270040403987145,-0.16012527101894017,0.98646638150066401,-8.8913378864884489,12.789171640395363,-1.8731929033284753,,0.1501927406859862,0.2352941176470588,0,2
0.14780111776602631,0.98831367359031441,0.037294935065380952,-0.98527780086235062,0.14386158542799476,0.092366115897517836,0.08592138683100474,-0.050397686777882172,0.99502642600710645,-6.5495936259648131,-4.6584744765398138,-1.1040665272161956,0.5095473287374135,0.4933885627549683,0.9506666666666667,1,5
0.99134058197518271,-0.12448586183947914,-0.041798573315224977,0.1283125585298624,0.9859721352217925,0.10674659661881504,0.027923786502312597,-0.11118551510094071,0.99340728977550397,-5.1874196899864122,6.4649881292340359,-1.5795563776439976,,0.07095014622821869,0.3786407766990291,0,5
0.33392429592136336,0.91584760433128187,0.22297473003475779,-0.93850093823431369,0.30099962949843523,0.16916031442131119,0.087809757582708509,-0.26574873223113593,0.9600349252974133,1.5132188612963193,6.0075007709310144,-1.4088926663883854,0.6547454998636427,0.4898211330413444,0.472,1,2
0.92508124303915629,-0.3679912656362635,-0.093846268932508622,0.37976865177957636,0.89594606400459109,0.23033979578050809,-0.00068183770407020559,-0.24872289562905994,0.96857444540274951,-16.466334901606764,11.231629342534264,-1.9743439950130841,,0.377699877079078,0.2571428571428571,0,3
0.76839902677214722,0.63265730335246539,0.096476277759887125,-0.63660635791084841,0.74018568392582385,0.21646592890971048,0.065538391215384129,-0.22774962091306761,0.97151162085219156,-5.037540794896568,13.857993417355617,-1.8536541127552628,,0.2282150552712649,0.28,0,6
0.86247689201805833,0.50539615848238006,-0.026614539750399995,-0.50127522257279422,0.86032010086092858,0.092587662726948211,0.069690472587493099,-0.066513510250900201,0.99534877856188564,8.5101403157157183,-9.1609005798073966,-0.49949864627760676,,0.09023095681428066,0.48,0,5
-0.81185840638742834,0.576298130677252,0.093629015566591769,-0.58383910832445307,-0.80248996195135114,-0.12305184500130564,0.0042217968889372527,-0.15456495574748827,0.98797360839538861,-20.212136634136975,-5.6254391494173399,-1.166718894184571,,0.3258544836046242,0.6363636363636364,0,4
-0.3591727073512978,0.93279037455287006,0.029951351145760752,-0.93185060459638147,-0.36021129988720585,0.043615022032880368,0.051472487867774752,-0.012244859128919526,0.99859934228779457,16.588780040286277,-1.5853460033348201,-0.61461820681303048,,0.1048131868949081,0.4666666666666667,0,5
0.68758166547346578,-0.72195471071398498,-0.077542562393956557,0.72540348356420492,0.67828715350145985,0.11711670857654063,-0.031956835538744337,-0.13677694642289923,0.99008627280130312,-12.15894720897801,12.064695343772552,-1.9086356505151925,,0.07934957562099756,0.3846153846153846,0,5
-0.60676995077070606,-0.7932564508288652,-0.050738841730054357,0.79085685941894035,-0.60888177045320668,0.061712377362885359,-0.079847697222434552,-0.0026819448467642862,0.99680346729940394,-1.6165887063881044,-6.2268252923193739,-0.97612470260860384,,0.07038856255018593,0.351063829787234,0,5
-0.44227602819298778,0.88967255108684618,0.11346658859972149,-0.89555994822591678,-0.44493595258482038,-0.0020921833168056764,0.048624006616363138,-0.10254145473934646,0.99353960969883348,-12.888792265702019,-9.2728799022953758,-0.96409088482606331,,0.224626792591311,0.1666666666666667,0,1
0.77508447015118298,-0.62018071255713136,-0.12091297656822636,0.63052217518599118,0.74671783375099821,0.21178825122499656,-0.041059112620535916,-0.24039209747898299,0.96980708841525243,-4.6930424987007973,-15.80454131310861,-0.60873568511788101,,0.3111904373821144,0.8235294117647058,0,4
0.65992777752356691,0.7346313345370995,0.15751866800174788,-0.75016391183529851,0.63258941632357835,0.1925739747093452,0.041826233786546707,-0.24524973531409475,0.96855724327248671,6.2053231519274092,3.8739921762406198,-1.1076319099475456,,0.5476535683173173,0.1851851851851852,0,2
0.97824727809018264,-0.20191012773560293,-0.047587427193956575,0.20589162474524358,0.97303815740513599,0.10394894464774257,0.025316037780651793,-0.11148562486441098,0.99344353321146484,-2.6370337908666257,-5.8898240118754499,-1.011373449377541,,0.07504754889145311,0.3125,0,5
0.55960575220824682,-0.80349548281957861,-0.20306750400784324,0.82792815021105004,0.53103447780150403,0.18038115609506855,-0.037099598158900932,-0.26906763550196261,0.96240647719237227,5.2436344900626795,8.0186065318187758,-1.3947921941441415,,0.479606302044367,0.5538461538461539,0,6
0.97193350380927435,-0.23137000111791228,-0.042581530687897412,0.23524047662039946,0.95787989031070675,0.16470590122322695,0.0026799873944403953,-0.17010008324820236,0.98542314735676906,-5.2305168326726985,-19.687411428225712,-0.40412997494150138,,0.2079398392925256,0.2857142857142857,0,5
0.3326271648868131,0.94266982302465741,0.027069797524612464,-0.93900271379330968,0.32840096474889974,0.10211126206639928,0.087367457718316832,-0.059383592941607256,0.99440460388173246,-5.8048801473139777,-12.897285616680911,-0.76972907472907715,,0.1053007594391701,0.3728813559322034,0,5
-0.83976302734891828,0.54204257230754227,0.031430999093308862,-0.54258786568422612,-0.83566790349343556,-0.085191332206526013,-0.01991145173052225,-0.088594609752001036,0.99586873091430816,19.804268533613289,-5.4851589180108666,-0.28938408107218383,0.6381759858929612,0.6249992900660866,0.765625,1,4
-0.5202119141472028,-0.84224422419213663,-0.14143631497705636,0.85036025188141695,-0.52617079536622369,0.0056334823908863992,-0.079164426350957648,-0.11734121577119151,0.98993132725551336,-3.4898870081564537,11.854557372859585,-1.7311511876484755,,0.2542500716909685,0.2631578947368421,0,5
0.45208193570991312,-0.85007014149617888,-0.27019007742965861,0.89083318591805638,0.41495891281963815,0.18500090685893872,-0.045145966285634394,-0.32432985556098748,0.9448661209504372,-2.2994927642336407,11.559475426702875,-1.672960346158167,,0.3801222603153016,0.2465753424657534,0,4
0.034002113020494378,-0.94833031773815546,-0.31545754828310835,0.99687296536217873,0.009653582336130553,0.078428944134765893,-0.071331250095285723,-0.31713785142541351,0.94569309818413883,-18.807387505361376,-19.355582565706868,-0.39587510370555917,,0.1325794966080468,0.3333333333333333,0,1
0.2234715814984197,-0.94601753448910331,-0.23475791083955774,0.97470190109266952,0.21588280676679195,0.057886248356820914,-0.0040812092485915698,-0.24175491345916947,0.9703287615800219,-10.075948436560246,16.80051549470285,-2.0781810944879529,,0.2519248763982271,0.1666666666666667,0,2
0.99850601907502246,0.0454633240897869,-0.030311978385770301,-0.037112329122235527,0.97141698366245244,0.23446048468615602,0.040104923613881648,-0.23298525707617498,0.97165295506527194,-4.9271390836289575,17.072738771570826,-1.9462600766227069,0.483627285094162,0.3883757608685782,0.8367346938775511,1,5
0.46467292492336182,0.88545237300562829,-0.0072916378043188816,-0.88191909787641398,0.46352533273868013,0.085807754371892836,0.079358538570333412,-0.033441905570666362,0.99628503015341119,-19.320418203317629,-2.4490936645712753,-1.3837991977404058,0.1267313893872638,0.1011021065550795,0.4285714285714285,1,5
0.64414526691661345,0.75913658635757952,0.093747097887266914,-0.76075080983824395,0.6230653536622941,0.18179045738469013,0.079593218551453085,-0.18841764333267802,0.97885837139066212,2.6180911351807037,7.6897955573103784,-1.4374475629209087,,0.07813187897314383,0.2608695652173913,0,1
0.3332833596155696,0.93530852836383194,0.1188282751420867,-0.93995315276754254,0.31978550804897171,0.11926985974762824,0.073554556661819509,-0.15144367141530074,0.98572538852488689,7.5650157667067468,-1.9571590180767247,-0.8577775249031,0.3027114967489934,0.1878180576724448,0.4772727272727273,1,4
0.47293616772970137,0.87886309327443612,0.062698042499221396,-0.87732404827681298,0.46313944000016549,0.12571544627259512,0.081448729691313157,-0.11446188184903887,0.99008311875076871,2.8723486770613209,5.8146665116963669,-1.3429475174213101,,0.06997419969552447,0.3333333333333333,0,5
0.99691358903873317,0.075534756739375264,-0.021396179898177454,-0.069607395501889283,0.97648305335858898,0.20404817322125224,0.036305736204563177,-0.2019290643463936,0.9787270030457087,2.5731731632079815,9.2247497564132122,-1.5221276938721766,0.345317071618176,0.2380192645877438,0.52,1,6
0.97504832500315786,0.22110575684270803,-0.019824434406832285,-0.2132819401968381,0.9578159621510911,0.19261203657729387,0.061575789839919168,-0.1835778498065431,0.98107471436481208,4.152814354359279,9.023109520095808,-1.4668155461511032,0.6763889444139388,0.6377839312725559,0.5492957746478874,1,4
0.85551025330085972,-0.50776648355370224,-0.10136767076640894,0.5177526057345464,0.83668280582903143,0.178589254114425,-0.0058690503649675629,-0.20526831370079315,0.97868813911186581,-4.8844586177836673,11.096127774403874,-1.7347538864725296,0.2658514010406134,0.1662637418310541,0.2444444444444444,1,4
0.047861963907526991,0.9950874901566269,0.086660944748464655,-0.99395459358756577,0.038864944484797728,0.10268291959409326,0.098810415934191917,-0.091051650308906856,0.99093193443290217,1.018344506939673,8.2844844236248907,-1.5330336317693951,,0.3307849945203276,0.4264705882352941,0,3
-0.88558599297946528,0.46163054915873214,0.051329183920876029,-0.4644725330556172,-0.87976421138393091,-0.10139131326159011,-0.0016477486077426408,-0.11363172290966421,0.99352157322984602,-7.316002823213779,8.2897372157081186,-1.6670022362449362,,0.1056878193450808,0.1904761904761905,0,3
0.275662915532636,-0.95112880754090778,-0.13915440512558908,0.95928399911960149,0.26293592230762913,0.10314509098032451,-0.061515575532948265,-0.16192187074649969,0.98488432911728441,3.5645129089583549,4.6353078887139105,-1.2340611556724355,0.7084666648842493,0.4868744061618788,0.6943005181347151,1,4
-0.57462476938885532,-0.81568449702753376,-0.066821970292289312,0.81432567117249455,-0.57799705138595936,0.05284988040291265,-0.081731729911158554,-0.024045995468584755,0.9963642478670407,-4.5576089119060477,-6.7663581834696727,-1.0251160165723914,,0.0897403568345858,0.2405063291139241,0,5
0.84879096548920874,0.52709023978921588,0.041590576130238324,-0.52510129196748889,0.83115766826021908,0.18288128298519563,0.061826613023618172,-0.17706724601456961,0.98225488561312102,7.9208871851259897,9.5820314551349508,-1.3974851612680954,0.6691077225929806,0.4136016076727655,0.6216216216216216,1,8
0.94957692264078764,-0.30810781175243113,-0.058079637784517024,0.31305843328984351,0.94192728085898247,0.12152125295483232,0.017265147962317713,-0.13357609782716487,0.99088815754105553,0.89183473410406833,9.4197932878629356,-1.5844958725860339,,0.06749384176956605,0.3125,0,5
