axis_00,axis_01,axis_02,axis_10,axis_11,axis_12,axis_20,axis_21,axis_22,location_x,location_y,location_z,dbh,dbh_approximation,score,reconstructed,number_clusters
-0.1613576261079992,-0.91957678692557021,-0.3582488652381689,0.98659467940845991,-0.15927465182812789,-0.035532011594426975,-0.024385550223626012,-0.3591797853898146,0.93294974500645955,16.801460060061967,7.4064779871740036,0.55554908549581072,,0.3748477913753199,0.1,0,3
0.98055679408842056,-0.097200926100155918,-0.17047097563019256,0.11530030259315738,0.9883162053610991,0.099684093227368015,0.15878984157988202,-0.11740126995015131,0.98030746606619623,16.956938013176352,13.414336312884789,0.67211053425564393,0.4001953081001322,0.2999151713894695,0.7096774193548387,1,5
-0.73280905820700926,-0.63073285475952923,-0.25527818186568707,0.6754639332542699,-0.71958370031487884,-0.1610831248573768,-0.08209359952168685,-0.29047437781677216,0.9533547486374272,17.07668590844656,-8.8172718599614903,0.71972629479907191,,0.2650366629709633,0.5925925925925926,0,2
-0.055963562983914035,0.99455857609461851,-0.08787103239857337,-0.99567591509305253,-0.062128187218227993,-0.069062004435069477,-0.074145476745100414,0.083626114758623415,0.99373493508511634,13.794345201795512,-8.8679742434999067,0.14567315075854884,0.149483060131729,0.1199790589488142,0.2857142857142857,1,3
-0.80537382399640689,0.57624819101231139,-0.13896411758595972,-0.57110757515087018,-0.81711502329098618,-0.078480419962337372,-0.15877386821104617,0.016157384293586291,0.98718275800689093,-6.4174938310904786,-9.7098649817378355,-2.5774945677700023,,0.06908748297438151,0.2835820895522388,0,3
-0.38451381468958895,0.92301051064732254,0.014167693793592227,-0.91614685913223426,-0.37968184493296148,-0.12851703828848532,-0.11324336101954005,-0.062396264815060193,0.99160609483913853,-0.94088137078754563,-7.7889827498937052,-1.8461017766600816,,0.183946842674026,0.288135593220339,0,1
0.81589916814770691,-0.54356334279827345,-0.19709753875136957,0.55553694388497987,0.83146536973186558,0.0066364836765884479,0.16027242867947553,-0.1149096658363416,0.98036142177391095,-16.855965809346191,-12.942907823621653,-4.181370774137803,,0.1650482411196511,0.3,0,1
0.41711641689746609,-0.8748322706094801,-0.24633796511070058,0.90122319732953571,0.433179009652715,-0.012356949114638763,0.11751869361828356,-0.21685120220223478,0.96910521242726666,6.455114533918227,-1.008882151568165,-0.8906145019833196,0.6606433886959794,0.4676804406289955,0.9804964539007093,1,5
-0.91153798218252358,-0.34862872516490845,-0.21807457217315565,0.39866925546261189,-0.87922183687938993,-0.26082903654179052,-0.10080343142721322,-0.32469520098751492,0.94043165337422441,-10.637213269364121,-8.3167171642474287,-3.1115051816791333,,0.1846751233114934,0.3428571428571429,0,2
0.107930351064289,-0.96759005358588779,-0.22829920613265064,0.99139290325201745,0.12187063723636567,-0.047829480042527281,0.074102298889276608,-0.22117196020576688,0.97241545304363797,-22.187774831730348,14.469095090601487,-4.3645251067313966,,0.1139313194380307,0.3333333333333333,0,1
-0.94578853421350284,0.30870238382825682,-0.10093010833753432,-0.27986438758660448,-0.93231899607328006,-0.22903539927637001,-0.1648028310164894,-0.18837231160566859,0.96817142031217174,-28.466984711962191,-5.1712940043069064,-5.6989187918541955,,0.07841756560419805,0.6363636363636364,0,1
0.82275293487904444,0.5578420590834442,-0.1090405670631884,-0.55942801535025055,0.8286761093462498,0.018335796684117237,0.10058779145203518,0.045914517489622497,0.99386817702072383,9.5106558912214574,11.413570741427661,-0.32574525065152182,0.1791340535218804,0.1893849183689515,0.5555555555555556,1,5
0.96630869736706049,0.20860539528762578,-0.15076899697772481,-0.21655203843112769,0.9755241800918516,-0.038180999298664572,0.13911403970879135,0.069543965324208021,0.98783142329189311,-7.8377342988493144,8.2002815879561428,-2.5119160750432687,0.4093520191915784,0.3835764180108681,0.9836448598130841,1,5
0.87354236259154494,-0.45066354397091346,-0.18391876166818552,0.45824088323591816,0.88882684097800513,-0.0014627673176944081,0.16413114783351693,-0.083001306571865219,0.98294035903416654,-3.5391267912902964,3.2348360769695712,-1.9600642251525047,,0.07408567606865067,0.3620689655172414,0,5
-0.68904299375931666,-0.66675960311238347,-0.28399187384257318,0.71902139356547223,-0.67799726353000422,-0.15273488874842117,-0.090708259526711577,-0.30943713788626492,0.94658368322636544,19.937182640933919,9.3166290463438504,1.104588250884643,,0.4482436494012375,0.5172413793103449,0,4
-0.98786718641212334,0.054926143603853714,-0.14526369387773921,-0.031605151796250792,-0.9868967089436036,-0.15822768486020791,-0.15205109795766897,-0.15171685675986754,0.97665882424968375,-24.950527814199781,15.415230337445113,-4.6551300484410838,,0.2239253206256197,0.2777777777777778,1,3
0.76552594872166402,0.62851167217728554,-0.1376339339360341,-0.6373345796279507,0.77006582398954504,-0.028341847747913932,0.088174006624739343,0.1094152853134102,0.99007759286609742,10.206534349468818,9.3757315444141582,-0.28406527271038168,0.1230815777536336,0.1286083607747209,0.3157894736842105,1,4
0.13746172687694783,0.99046148209028351,0.0095040064986773396,-0.98974380245457283,0.13772608765691421,-0.037930598222067811,-0.038877746163729035,-0.0041925259974727241,0.99923517931415429,-26.150600216601472,-9.9990055589681841,-5.51512974063274,,0.3953544201846749,0.3813559322033898,1,5
-0.52753482807619045,-0.81829208490758887,-0.22826534766410683,0.84882950124211121,-0.51864968010311496,-0.1024255200133482,-0.034575757225148669,-0.24779139029943706,0.9681962321274441,-8.273127640685944,6.1758775846094922,-2.5763262188554097,,0.07308885277687857,0.2105263157894737,0,5
0.93750925051517309,-0.26050060025414745,-0.23068559223693944,0.30772663346357693,0.93017144370882177,0.20021339706877664,0.16242144025852023,-0.2586900125166704,0.95220730577352375,4.2855268623092346,-11.118518376440498,-1.2269406717540645,,0.5971860685401276,0.1428571428571428,0,4
0.25116504478975543,0.96506226025300001,0.074638824422221847,-0.96774123001899837,0.2519440297508016,-0.0010571633001155397,-0.01982503460466311,-0.071965545285909413,0.99721007229902447,5.0956300612057959,16.080355690125241,-0.98449968705186464,,0.3477699755566257,0.2244897959183673,0,3
-0.2465436242965636,0.96345892204983641,0.10470504687589292,-0.96452867195250813,-0.23341882541409242,-0.12328865691472476,-0.094343427435334401,-0.13138705212034185,0.98683167776216074,-22.43527777613599,17.302022648030448,-4.3533863087548736,,0.4028737968018231,0.3043478260869565,0,1
-0.97890890244833761,-0.087955287007144667,-0.184394219526759,0.14328852523655303,-0.93894348239660841,-0.31281549737898834,-0.14562197376400818,-0.33263945098623066,0.93174311717589531,-31.320239853932605,-14.902410216745814,-6.4782302801472182,,0.5612078629283717,0.25,0,1
0.97869977865395485,-0.12443522577498263,-0.16328691879336019,0.12056010391744401,0.99214163165754632,-0.033470047435228967,0.16616860294927979,0.013071240118309162,0.98601071904703663,15.369461253067024,-4.2778285165078778,0.35552480745152309,0.1849561087619815,0.148447790158579,0.6956521739130435,1,5
-0.065837703067595232,0.99216784004983494,-0.10615259782798558,-0.99475122955630069,-0.073613071603635644,-0.07107114031241496,-0.078328718558470872,0.10091626657741996,0.99180669436592572,-7.4369170397513367,14.395674466127762,-2.5595229817484335,,0.08890702085158228,0.3,0,5
-0.68398388445063585,0.72775575094417932,-0.050374723617028203,-0.71816946418039673,-0.68387746478148326,-0.12862439069978926,-0.12805727831974392,-0.051799422117661358,0.99041312255927583,11.508395885439803,-4.5600825500615452,-0.20329125580332202,,0.1747844610930973,0.4042553191489361,0,5
0.30977197179985266,-0.9297339603385617,-0.19908814249072204,0.94609670499503351,0.32222824179903004,-0.032710624950414893,0.094564000998118694,-0.17822380082435837,0.97943551422998143,-3.1454130809562915,0.87698058040874693,-1.9722602883882825,0.2459385636216515,0.1901154149491914,0.7851790174854288,1,5
-0.67388956590070925,-0.66659328158116549,-0.3186318407206129,0.73747642515527445,-0.63299817971273131,-0.23546088172043494,-0.044736733344645604,-0.39365810220446473,0.91816769887555316,8.3527062078867598,-3.9837722144950716,-0.65222123828649214,,0.2299228781354086,0.3636363636363636,0,4
-0.87430730632911435,0.4767023141658594,-0.091332566855645628,-0.45164744711538879,-0.86794166869665046,-0.2066200456253558,-0.17776759438570025,-0.13939929486545571,0.97414912563597422,-14.665185912922752,6.5188830342971613,-3.3736030773641694,,0.5066106735782782,0.2040816326530612,0,3
0.26121080543026065,0.96515909293012281,-0.015389621852972152,-0.96440115912210633,0.26025847563162707,-0.046860752723783615,-0.041222802068908028,0.027082304115505079,0.99878287399884047,7.5970823019628915,6.7567325291478468,-0.61774067994010184,0.5609622992373132,0.6208205306661362,0.759493670886076,1,3
-0.84560854920132078,-0.48675929780558364,-0.21911542053779035,0.52593453952707392,-0.82993928647413862,-0.18599365822318259,-0.091318353303606506,-0.2725181952945756,0.95780728311247731,-16.369322454202244,12.219786163876456,-3.6199695009004458,,0.3520450716913136,0.5,0,2
-0.97020007813433762,0.18843384812863589,-0.1523302112765437,-0.17496303770115415,-0.97972737991298919,-0.097581742591586432,-0.16762978203919116,-0.068021657788239362,0.98350053901623757,7.0496172497489829,-17.016085521578937,-0.97637516266493041,,0.1141280242863219,0.3888888888888889,1,5
-0.53249450553453404,0.84514073383413812,0.046762608886038316,-0.83614522266372338,-0.51663117374152256,-0.18426447551031291,-0.13157039253633859,-0.13722015279379737,0.9817636484791451,4.4392306941164472,-12.578514483007021,-1.2570066737699672,,0.2486148353987018,0.1290322580645161,0,2
0.40389061341030918,0.91467959800978249,0.015284154661201489,-0.91279848780153505,0.40405407286439549,-0.059491401638596293,-0.060591196276977489,0.010076665438382263,0.99811180122637966,-7.9549629644029833,-8.3292912865090631,-2.7100126144132828,,0.1849616645511157,0.1964285714285714,0,2
0.30832872792759791,-0.90466578211330939,-0.29413129416616601,0.94716712834051642,0.32067281986254159,0.0065858630858448442,0.08836190653063615,-0.28062210403801108,0.95574233358136385,-2.2078909938581641,2.5525471439576379,-1.8266281091846981,0.5256952363737778,0.5719666128097399,0.6246006389776357,1,5
0.98005554420602248,0.1305618115870717,-0.14981569886410107,-0.13723497569804513,0.98991788042490614,-0.035059256412790452,0.14372783904377742,0.054919972415896377,0.98809215405934847,12.789175320134808,0.54187923833545404,-0.023975179392189822,0.5221307126873772,0.4947159535952181,0.9476439790575916,1,5
-0.1224693108056548,-0.97055453332509922,-0.20742508467610188,0.99179852906323029,-0.11198355725670953,-0.061606498457117617,0.036564267513537106,-0.21326879927976658,0.97630910760627765,19.255246761476297,-3.8598490653337514,0.88946174766298436,,0.1050657339586109,0.7142857142857143,0,5
-0.98762892236061817,0.0066108013144552634,-0.15666974507793327,0.0038878369747265395,-0.99777149719326941,-0.066610240296511442,-0.15676095317540575,-0.066395306269960402,0.98540228681734654,-10.764905392069359,15.777300197915698,-2.9130154558924226,0.267213168193521,0.3264318049151425,0.8617021276595744,1,5
-0.97177294457453289,0.1826073474763257,-0.14937168687741018,-0.17097938637726365,-0.98139001102233481,-0.087405352808831202,-0.16255274106269937,-0.059398677706177419,0.98491035300668928,-12.951322235726373,7.563725729724311,-3.1218826407966218,,0.07499737646074239,0.3478260869565217,0,4
0.72276168865181156,0.69107327520945316,-0.0057679899846117951,-0.6871570736219188,0.71950582002762375,0.10063066688509105,0.073693266914580544,-0.06876847560951993,0.99490713092921412,-18.59648944938635,9.9747814028105086,-3.9548315668278571,,0.07790750353491312,0.3333333333333333,0,3
0.23512146527135139,0.95915332902006689,0.15729840430969722,-0.97158835870185667,0.23644273894326623,0.010530547755908811,-0.027091655609905337,-0.15530525628815897,0.98749497191914082,1.6127591637703869,15.248300455318734,-1.3841035722220927,,0.4204864142817504,0.4915254237288136,0,4
0.46629679011954001,0.87911335024227433,-0.098625660707635551,-0.88438606522953211,0.46587196479349757,-0.028715850105320202,0.020702443141780057,0.10061326873355335,0.99471019850140829,17.535098963280376,5.8437779089220596,0.67202827321147274,0.2120616134090098,0.1194294418428583,0.282051282051282,1,5
0.99151596183265422,0.052117248863056936,-0.11907934246548839,-0.040335764447038021,0.99424055833980629,0.09929117915818754,0.1235682950337178,-0.093645632696332595,0.98790757256909623,-13.006593765029857,-0.58938113329987174,-3.2723280445588925,,0.4458743764237892,0.6790123456790124,0,5
0.81353705527166209,-0.52341338057241626,-0.2533690840210529,0.55313410301852406,0.8309708595883385,0.059414599156353595,0.17944392934230227,-0.18848305906041637,0.96554337689687564,2.3219564280642704,12.694875722485859,-1.3607907584407108,0.7009373727651441,0.4793676815956728,0.4347826086956522,1,8
0.95426231558017449,-0.23272894781953846,-0.18767170780481027,0.25728767342994913,0.95897604954706284,0.11902936400784932,0.15227109431723204,-0.16187085358989067,0.97499299515099747,-8.5399250842000392,14.936139863636848,-2.6945033391885342,,0.3373258174700062,0.5,0,2
-0.75265875929963155,0.64495403463243151,-0.13243521155979271,-0.63939457697847368,-0.76397456669258546,-0.086703150908107859,-0.15709668035976229,0.019420470082463177,0.9873922616476789,-4.5683551904469484,6.4485829072511009,-2.0268017765427815,0.4728596257254615,0.3796484202267128,0.881104033970276,1,5
0.95506101654742726,-0.20540944136287381,-0.21369467955563518,0.23775660525762604,0.96140388544099797,0.13847153395308556,0.17700353478889325,-0.18305608555287969,0.96703682360822885,2.1091162228957123,-10.896964962477259,-1.5254999776365055,0.6756889643309693,0.4426335763255335,0.21875,1,3
0.8705492502877793,-0.44567196233419598,-0.20861568688038287,0.46489949174294609,0.88384494971410998,0.05183210821502255,0.16128380390025898,-0.14210772974771849,0.97662322711750682,-0.47398913606299414,10.735147710441263,-1.60810885888906,0.6306542174173597,0.4774367662475355,0.7522123893805309,1,4
0.97565528087977671,0.15952855933064702,-0.15049056996799279,-0.16540361018202979,0.98584849449808043,-0.027283541460335445,0.1440083977764986,0.051511014877935975,0.98823488944485749,7.7035161073588272,11.729325289540972,-0.53493691744197203,,0.09564759605261881,0.2580645161290323,0,4
-0.95228339029769338,-0.25791768322068431,-0.16320175625650335,0.27345052030561712,-0.95848335934832274,-0.080836024128739067,-0.13557712752422374,-0.12160640827863303,0.98327550765685823,-4.8341956988509187,0.18848526992099973,-2.1892240603097011,0.266544954854071,0.2064633294740877,0.816793893129771,1,5
-0.068765554838391627,0.99228025953847798,-0.10320457837721675,-0.99438745398128026,-0.076511649456920724,-0.073072285183974628,-0.080404538630570899,0.097600481697746891,0.99197240694485689,20.072133163701309,-3.539695832272324,1.0035168466967561,,0.2493945577153864,0.4074074074074074,0,6
-0.80172306659207326,-0.55821638758208636,-0.21362253890685196,0.59673228727362104,-0.76784504568077949,-0.23307630327571993,-0.033921996099816644,-0.31433811486723801,0.94870482644620102,-1.8577027222040825,19.167559286582726,-1.9274407767626631,,0.3408318724688255,0.5,0,4
0.48812948946351131,-0.81471642852993964,-0.31299639390816092,0.86732555937145961,0.49281623559952992,0.069846488748498123,0.097344622743514381,-0.30556390332126848,0.94718251958637545,12.111511698086709,11.741700968305871,-0.006221085395234977,0.7825971704682676,0.5690680979360242,0.6363636363636364,1,4
0.30172018004677781,0.95148533152347248,-0.060337358644599284,-0.95339640419473837,0.30114710402301714,-0.018593499054558711,0.00047897920811110429,0.063135454652810383,0.99800485216490831,-17.260097986355984,13.378293361080532,-3.7152672218964473,,0.3014018485365242,0.2857142857142857,0,3
0.60523153349359327,0.78472542353281649,-0.13379387327615572,-0.79463695424529046,0.6055712693488603,-0.042843303875614039,0.047401495891605819,0.13224767446141464,0.99008264846263527,7.0403467810236879,4.7071025041134682,-0.71950281396859816,0.6378076629674839,0.2119967924885582,0.7560975609756098,1,4
0.10433908872127921,-0.96557927979910463,-0.23826457770188306,0.98723658644518564,0.12954040334481998,-0.092645595067005593,0.12032155645964379,-0.22555695139787868,0.96677131976865405,8.9397268159133745,8.5587045292419415,-0.44076131274331387,0.2839217875107993,0.1703768289167656,0.2,1,5
0.97991009660558626,-0.14276589657577946,-0.13926270622584128,0.15478584042063151,0.98473346224681169,0.079632605989545996,0.12576782647287002,-0.099588689650588993,0.98704840140591343,9.5274448279574493,-13.720819142808073,-0.50898482542817336,,0.2378212384409193,0.6896551724137931,0,5
0.82176149583610503,-0.54171378560667882,-0.17678862645795146,0.54736044437722553,0.83667118559984854,-0.019438907328099924,0.15844427377590542,-0.080792955575504838,0.98405686341643961,-0.4279577317638934,8.7954234486726239,-1.5337742516001791,,0.07625966885244746,0.3333333333333333,0,5
-0.65061071895508882,0.74795488096729368,-0.13141228412117709,-0.74512981422594449,-0.66214664792703537,-0.079645317443028468,-0.14658530735497516,0.046101113611204697,0.98812318816605826,5.4254434418786808,3.7856002872443137,-0.94730437467377271,0.3431820121994658,0.2470021500105572,0.8159509202453987,1,5
0.86391305195739532,-0.47587794643051079,-0.16490730353364752,0.47782322590231502,0.87793430918852322,-0.030270671250821991,0.15918292447986926,-0.052645311764203138,0.98584444396836046,4.3376422916662474,-6.1759510295259012,-1.1499183777408015,,0.08229750476944579,0.4032258064516129,0,5
0.4116534821190832,-0.79584891347958242,-0.44403368968198975,0.90382481707884343,0.41896590230768382,0.086995820220875125,0.11679944645257649,-0.43714080067739752,0.89177677122220167,-4.0919059393974306,15.382800452149716,-2.1908839113824183,,0.2417190674206511,0.2222222222222222,0,1
0.83105923407055027,-0.52777632790255025,-0.17547848065153002,0.53319387041747279,0.84578769356752237,-0.01864065339426348,0.15825563501911935,-0.078072563141155779,0.98430677579160497,-18.565808444295303,7.1078874061007564,-3.9334757761936268,0.4289815881696248,0.3978248272376549,0.875,1,4
0.94950849047750208,-0.25653845244221407,-0.18061464206893721,0.26027721966291967,0.96552895348451939,-0.0030998238062855616,0.17518389034290996,-0.044066567845063971,0.98354905427369543,0.54170097240079851,-3.9905044588115461,-1.5858792423597514,,0.1020063953102084,0.3050847457627119,0,4
0.52317767224535527,-0.80118175549931003,-0.29050459190686884,0.84046959903229468,0.54147901182288238,0.020281342603710985,0.14105309768461682,-0.25477102349042646,0.95665863777170568,-9.7585983619323429,6.4082065426609969,-2.7794022498044546,0.7144729569875805,0.3089494095931073,0.423728813559322,1,4
0.95383255584776561,0.2657838531256862,-0.13986564561243331,-0.26891140293578392,0.96315816115927433,-0.0036074871300618835,0.13375392620789686,0.041052405653613462,0.99016391936589165,-11.891637819632106,3.7359778092741287,-3.0760428591599789,,0.07493814586063904,0.2604166666666667,0,4
0.96960190293867832,0.19364144538774186,-0.14958322247445122,-0.19961660587795632,0.97953236615044137,-0.025875747747320165,0.1415109906525274,0.054948469422399983,0.98841049429509631,-8.4460775434276183,17.798549457494079,-2.6871272308208494,0.1544278057452869,0.1096941699671546,0.5833333333333334,1,5
-0.27433122562231066,-0.92503870698868518,-0.26276561651262809,0.96160065345053747,-0.26619987056030098,-0.066796797806310648,-0.0081585496296250927,-0.27100003595272759,0.96254476185866822,-9.8194306041242019,9.7479467574632022,-2.6730586538206276,0.4146868393556481,0.1609070039088778,0.1904761904761905,1,4
0.67159881194848603,-0.69412125320215112,-0.25913456280947422,0.72082438886182465,0.69301666748833401,0.011836342566040794,0.17136871421399805,-0.19473978647528373,0.96576869868110848,6.0469226598194252,12.742671828464845,-0.83627445613181872,0.3830240942579462,0.3812463307693154,0.15625,1,3
-0.83991752102875838,-0.50659864673104205,-0.19466989751675112,0.53411241535935372,-0.83520743097594352,-0.13096745779605692,-0.096241808108028626,-0.21397747164793243,0.9720859817934091,18.271757563189791,-5.0745389470629778,0.77432108483262652,0.1199067278106668,0.1357462082226886,0.5,1,4
0.67131968338431325,-0.67589177111896581,-0.30413844945099044,0.72842138943645585,0.67744280772202081,0.102340225117828,0.13686548912069849,-0.2902439594537195,0.9471147142180717,-16.749022062326624,-9.4836751723884767,-4.0196936063085618,,0.2787055508104501,0.2555555555555555,1,3
-0.93558962304213367,-0.29031156072786657,-0.20097575715401536,0.33808896309775183,-0.9007080422735273,-0.27280189811523892,-0.10182293595927358,-0.3231783103668015,0.9408442322834818,-2.9461304263789243,-11.499830105354041,-2.2153122014862787,,0.6952336630030393,0.345679012345679,0,5
0.95626678130073339,0.24506015227641351,-0.15968520516002055,-0.23190214977693585,0.96792238436758216,0.096683249681687733,0.17825609641628645,-0.055423637614622885,0.98242199918568196,-17.650121604062928,12.174673273420419,-3.7884206099082527,,0.2054398569156137,0.1071428571428571,0,2
-0.68384491626049204,-0.69533645109603481,-0.2210505604649137,0.72946824917596376,-0.64523612501310001,-0.22703835892252439,0.015238239689500907,-0.31650839286699933,0.94846730744708063,-23.573482836120302,-11.202899578358036,-5.1992829588716294,,0.360345438027627,0.3333333333333333,0,2
0.36523407905831584,0.92547513172881979,-0.10049800020869408,-0.93089603232221418,0.36379385846160145,-0.032963700526163403,0.0060534701768752575,0.10559265645461782,0.9943910430015318,-2.7683379347410302,-13.989917004140775,-2.2872835357197596,,0.07778651034797031,0.2631578947368421,0,5
0.27682467508447306,-0.92972711182460266,-0.24284891764770042,0.95561091892623062,0.29288908394421082,-0.031996189386968861,0.10087552177481759,-0.22321174262257051,0.96953630517998357,1.0832529077847599,10.63270674317679,-1.450155661394005,,0.07908167491467728,0.1923076923076923,0,5
0.96581584301380474,0.20083737862509346,-0.16390272947860271,-0.20099665965201766,0.97946472364372406,0.015786004759139338,0.16370736144800041,0.017697527638779253,0.98635019000515733,17.895665496070713,13.002037249429746,0.77112394836628373,0.4182527339417865,0.3591259487497107,0.3142857142857143,1,5
0.30899656515199347,0.94826636113555263,-0.072883681733347971,-0.9510390821137219,0.30753486689137166,-0.030772876667548299,-0.0067666104187908971,0.078823942966870231,0.99686558722758423,19.863587087357747,10.892153056505872,1.1050977578219499,0.5927110107345328,0.2749225417979339,0.48,1,4
-0.96304847503126167,-0.16586117882055071,-0.21219732349918968,0.22485614825002367,-0.92882189763909706,-0.2944988880458988,-0.14824758795382056,-0.33133057786199699,0.93179541791077203,-0.20377092386099049,20.596196861604497,-1.7610748886127334,,0.5687339393253849,0.2272727272727273,0,5
0.79369614982034287,0.59769991835627345,-0.11314251790227817,-0.60160582986460864,0.79879296432777003,-0.00047498775645738416,0.090093547123413803,0.068444194329083427,0.99357865568326464,-12.995322671718839,15.331275595896839,-3.1783027596132229,,0.1049414833794511,0.4074074074074074,0,1
0.98590308816403771,0.023517636101283979,-0.16565633564950588,-0.0067787072476699168,0.99487396191611965,0.10089523789244828,0.16717999245323753,-0.098349990816120308,0.98100873055738147,-1.7089865823734174,-6.6349075301282285,-1.902221083627625,,0.1823683259668869,0.2230769230769231,0,5
0.71640495892623179,0.6880872615788084,-0.11532499849936889,-0.69212404217942791,0.72174659603140812,0.0067942147657756953,0.087910437737007754,0.074951794975508176,0.99330457734112765,-5.4929763292910465,-16.956262802380508,-2.7744376483706201,,0.291968117967632,0.9076923076923077,1,5
-0.6085575326998236,-0.75145204709768731,-0.25490694440717132,0.79193188618541599,-0.59540498110570861,-0.13541342665083844,-0.050016167757180673,-0.28427579810319475,0.95743702329483782,12.50840783555949,-5.9716378866533333,-0.091145091412989404,,0.1023677351301289,0.2083333333333333,0,5
-0.98841115815246816,0.071715596807767124,-0.13379183687432125,-0.04301999693186264,-0.97756762979225942,-0.20618149540230071,-0.1455769978522766,-0.19803636624835402,0.96932395788996595,9.1850416526712699,17.971747359234584,-0.47339157647498864,,0.2215310996699455,0.6956521739130435,0,6
0.98787962870547896,0.014312745453573656,-0.15456061757869122,-0.016564875582742646,0.9997744240489268,-0.013293077693486461,0.15433549198306101,0.015692238056377372,0.98789387566637388,24.438559323803599,-5.0134243656523214,1.9380801358247659,,0.07695908011440915,0.4166666666666667,0,1
0.22044951895126161,-0.95860359832533737,-0.18022527811567138,0.9712392270257445,0.23277490527410452,-0.050101969632586028,0.089979850414358381,-0.16399690470355033,0.98234853375320064,2.3340741546679196,-9.3435098345954017,-1.4216695640303507,0.1531050486780229,0.1308949041324826,0.6880733944954128,1,5
-0.015096299063937453,0.9971438261928024,0.074001970515328724,-0.99789209236928333,-0.010353193084159532,-0.06406390075398527,-0.063114766429311339,-0.074813109001975936,0.99519823401171315,16.20304401824497,15.697784695297933,0.6331320160310232,,0.3088537721088102,0.4166666666666667,0,2
0.24483167055826913,0.96808641531735806,-0.053536394813579274,-0.96940225983988026,0.24340346107540931,-0.031843582616357537,-0.017796395954806903,0.059694619644486871,0.9980580347236927,14.378384291436193,6.1949250246357677,0.17121638880419252,,0.09919006435193559,0.3793103448275862,0,5
0.98684064189627374,-0.036568383703232676,-0.15750651038952132,0.032555432136877074,0.99907809741840059,-0.027983907825937269,0.15838463100986927,0.022487965051611665,0.98712137049488791,-9.5373647107502304,2.190390011844169,-2.7663232584629873,,0.0780580137164478,0.3943661971830986,0,5
-0.80690956977432993,-0.55002700784648006,-0.21533052929404825,0.58334110277940265,-0.79931999899412964,-0.14422446746698611,-0.092790646159605653,-0.24198725141518013,0.96583231781599144,4.2568667717526969,-16.31980954808796,-1.3606001329681423,,0.07678697947813297,0.3333333333333333,0,4
-0.84075286455125653,0.54123513051341765,-0.014112202059912692,-0.52174762704649436,-0.81689260549205045,-0.24589811866657535,-0.14461685385946013,-0.19937653971952804,0.9691929431177565,-4.6261094550353805,-13.265447239498146,-2.477141794294941,,0.4754720589005709,0.1403508771929824,0,2
0.97359476223220653,-0.16103444361043268,-0.16180589273907936,0.1583058102491364,0.9869432563247359,-0.029703185628646583,0.16447647064360454,0.0033040529965164384,0.98637547305193007,1.3756170810344939,1.9661874781464255,-1.3953264318066916,0.272743860746191,0.2136427012822587,0.7943262411347518,1,5
0.72081769700010823,-0.65708305980801074,-0.22059850453890661,0.67924231370138888,0.73302895957921621,0.036033646717963781,0.13802799342540525,-0.17581352886383148,0.97469886431625774,-0.56461632928011241,-20.928896171676477,-2.1936274292804772,,0.4175070990769487,0.8888888888888888,1,5
0.77942197780966671,-0.59375298060860493,-0.19989691975031645,0.60461949929820036,0.79647148801442502,-0.0082722335847260371,0.1641238604702564,-0.11441401486917825,0.9797820122996006,29.588827440373944,8.5320798417934292,2.6613975476258158,0.8481946558672946,0.5256688762434482,0.859375,1,5
0.2601686988259066,0.95845817615020301,-0.11691951386343301,-0.96545543395378064,0.25641656323194956,-0.046328729201573549,-0.014424049374285037,0.124933865189317,0.99206021799511046,-1.6597890219116658,-12.12900365193507,-2.0699787742127893,,0.06662157707253807,0.1,0,4
-0.86736376342713872,0.49361867166892781,-0.063409059867760464,-0.47007283178926634,-0.85442322568981566,-0.22134245913387102,-0.16343694413176599,-0.16217755202743886,0.97313247140934345,-18.601083890038208,17.033823576198618,-3.834811465003916,,0.2736911309279469,0.3529411764705883,0,1
0.85974891083009397,-0.47855089473886869,-0.17838400004231067,0.48479407539158526,0.87457471906393469,-0.0096832452957273749,0.16064406242275106,-0.078154346768862348,0.98391330069749927,10.43590453676174,-8.3506928162567409,-0.34238472582299734,,0.07791585685901188,0.45,0,5
-0.91411206504437426,-0.33083504504252542,-0.23440841604349605,0.38686110648768873,-0.88474618102992586,-0.25992821978400771,-0.12139858659569153,-0.32828702095068046,0.93674437017144485,5.4775618756683837,5.7479147865206457,-0.88954128183218495,,0.410028531981253,0.4788732394366197,0,1
0.96886751211239341,0.21829938415440911,-0.11679521758593593,-0.21209299977381901,0.97519635221878787,0.063313774694860395,0.12771962817078347,-0.036571211314016944,0.99113583482938483,-14.629351021177062,10.063923382893105,-3.4434099282667545,,0.1867299894683858,0.3928571428571428,0,5
-0.91624002189334763,-0.35910051267712501,-0.17762613567801022,0.38541090062375621,-0.91110648292018381,-0.14609385497411065,-0.10937394553211469,-0.20231608580594226,0.97319347586330418,-8.7460164559782445,11.022803439578883,-2.5587289157683357,,0.3599476204174287,0.1975308641975309,0,5
0.99051382725275461,0.072831325703082136,-0.11652448677179961,-0.053958401776514349,0.98602412895014768,0.15762267605210312,0.12637582402826891,-0.14983996504415506,0.98060039566417767,-13.870091621086903,12.941303169084117,-3.3201016324915895,0.7261730421703456,0.3919857811378362,0.4782608695652174,1,3
0.37522892552133769,-0.88573530728949368,-0.27326949861425859,0.92392646118458965,0.38111170740192868,0.033373055061033302,0.074586512018075563,-0.26500345639627526,0.9613584244822555,-4.91244976426223,-7.4383366898939327,-2.3330993846623036,0.6991979204150258,0.4711926755796995,0.2485549132947977,1,5
-0.83015272144962393,-0.52553054868745452,-0.18618297845411783,0.55392130102509163,-0.81538900428871941,-0.16826159382259764,-0.063384945692595909,-0.24281353768131225,0.96799996620776452,-18.235335168427074,13.70279282533887,-3.8502023331215529,,0.1446076693477185,0.4117647058823529,0,3
-0.98360557948041283,0.10420649463960997,-0.14717700394398336,-0.077747268389371307,-0.98144074222801203,-0.17529812250255539,-0.16271271085257427,-0.16098160133957778,0.97345236029153115,7.0622182954516894,-10.569238750741347,-0.85168055693764089,,0.1351577452503446,0.4285714285714285,0,5
0.85715850704362029,0.50837603275951837,-0.082662585965138841,-0.49947698030013582,0.85963251629238691,0.10749271176724112,0.12570616513524066,-0.050850233514810786,0.99076344997102084,-16.523840918606954,14.566358342768844,-3.6589350828044975,,0.5652050109750665,0.5172413793103449,0,3
-0.16835823341278094,-0.95544818118341035,-0.24243407003851616,0.98333724209432438,-0.1456800585540633,-0.10874368418446999,0.068581145750524111,-0.25670234438547163,0.96405421675056613,-12.060983805019585,17.19007525185793,-3.1670861004094495,,0.1608655411279964,0.2941176470588235,0,4
-0.03317551120668763,0.99630932824149143,0.079165067518216364,-0.99748074678130905,-0.028036849117607066,-0.065162066358881346,-0.062702035507451126,-0.081127415529803251,0.99472950956160855,-12.181495208418601,-11.851377797297905,-3.436282833530242,,0.1121659205904338,0.5,0,1
0.47421580576517747,-0.83710762272546924,-0.2727089979032547,0.87078053481878115,0.49164596295875174,0.0050504739459838847,0.12984848764310242,-0.23986470161588086,0.96208330989344348,-19.649423528786393,-11.551007218157936,-4.4792508326304894,,0.4403461970759053,0.1666666666666667,0,2
0.82201378058366492,-0.54042602849561483,-0.1795356573358283,0.54646509911792185,0.83728173286914498,-0.018308338255613583,0.16021622881777889,-0.083060264435523237,0.98358108587716886,1.2930529516667253,-8.3823241395849877,-1.5571785892800136,,0.06616847814447534,0.2428571428571429,0,5
0.58197348046596964,-0.76918838028382719,-0.2639244279536635,0.801469114116654,0.59746992466231352,0.026018229014962136,0.13767398865214717,-0.22666919676116562,0.96419238126437024,3.8666106580559858,-14.288238993056778,-1.315538211828678,,0.328399130437144,0.4482758620689655,0,1
-0.43773413957305096,0.88691887046084927,0.14752538856987182,-0.89103863111113246,-0.40599905237057982,-0.20301459883907247,-0.12016231072944303,-0.22031724102902611,0.96799862209897725,-18.374262759940862,-10.471917656649204,-4.3054387766746647,,0.5021279505052638,0.2352941176470588,0,1
0.44889160463771205,0.89283031050106032,-0.036747298354583124,-0.89358335150514634,0.44861458288926515,-0.015929530185189649,0.0022630065422698489,0.039987406388402598,0.99919762115995803,8.3312421432225854,7.5163852745156836,-0.56239712244749551,,0.1385519802137708,0.2,0,3
0.99025275262144008,-0.012573838276618253,-0.13871331773357387,0.014414642775034731,0.9998207685185746,0.012273911870136558,0.13853412575726642,-0.01415377793810507,0.99025651554067029,-31.985892793140895,-7.3175129712807125,-6.335009730551195,,0.1129985235794801,0.3125,0,2
-0.23210310891439162,-0.94654807100750959,-0.22399753593340238,0.97235137297144192,-0.21969928434418637,-0.079151954740252856,0.025709031736430354,-0.23617572637892775,0.97137020335017499,-16.011842469656401,9.5020977984807633,-3.6247822716642437,0.9607600975134216,0.8740081548382191,0.8881118881118881,1,3
0.73801474445268711,-0.61953150472094665,-0.26742279564134719,0.65487090441978146,0.75315612701237156,0.062449554747335809,0.16272165041828798,-0.22121610023215471,0.96155348342316593,2.5955429335497375,19.57534703830542,-1.4463433565229433,0.4036607598602713,0.4756740237624936,0.4523809523809524,1,5
0.9874693126544849,0.033787704106338329,-0.15415170325657168,-0.036730666033862797,0.99919254229468202,-0.016282554940762733,0.15347708212755562,0.021740618066482101,0.9879130178247979,-13.402233419913767,2.5532915101626643,-3.267293390208053,,0.07874732590238027,0.4230769230769231,0,3
-0.56246291150393979,-0.80084019487070013,-0.20564643313700412,0.82611521230838558,-0.5546074263281795,-0.099720903798077853,-0.034192530985348933,-0.22597695665950934,0.9735323753649513,8.3149952766392996,14.213032966365921,-0.60555534029676494,0.1941877709215308,0.155337409421189,0.36,1,5
-0.073324825067773172,0.99441246952073925,-0.075942810656742507,-0.99492759496656902,-0.078195577514083417,-0.063281375074171309,-0.068866180399521484,0.070917502204352612,0.99510208374732945,-6.4637044612752552,-15.025752723269193,-2.8401353150715907,,0.05875556471198066,0.2105263157894737,0,1
-0.9154654991709763,-0.34537870801752596,-0.20648599922459812,0.38127433144908218,-0.90856937260514092,-0.17067975668472438,-0.12865770091872297,-0.23497923995971623,0.96344795021955576,-3.4013686376308807,11.41050317176728,-1.9058405294705878,0.648127025160904,0.3031213297234377,0.6024096385542169,1,5
0.10207480960537035,-0.94034739697057723,-0.32454199459343763,0.99111811099908254,0.12408968353365181,-0.047818829869915001,0.085238625596833234,-0.31677835066679927,0.94466176658907131,0.20869856575180001,17.220341465427612,-1.7243712687344244,,0.1590154931600437,0.4,0,3
0.7711509685382153,-0.552351075499939,-0.31659828350234881,0.61704557802818805,0.7708986189597643,0.15801922010245348,0.15678309334374085,-0.3172122454760995,0.93530500531194594,-19.578892899728203,18.277886572540108,-3.9372162754931126,,0.1536733759482296,0.2857142857142857,0,1
-0.88243999745554702,0.45768968137250521,-0.10871893329033631,-0.44158757274568139,-0.8855923815762542,-0.1439671812972502,-0.162172952391055,-0.079033469234448483,0.98359221441283073,-31.143123017786813,-6.346116700419576,-6.1417937010392087,,0.3516714338636934,0.671875,0,3
0.70643859839058643,-0.67787242050286745,-0.20355217568359787,0.69053446141592678,0.72320190570543064,-0.011881127095002331,0.15526320974705618,-0.13216650523341966,0.97899200742060455,20.938548875104182,7.2290724706096281,1.1886123901173837,0.358269146319374,0.4185466287108143,0.6833333333333333,1,5
0.4432460878158459,0.89090308776854898,-0.099119089182725162,-0.89321964067202952,0.44827122932581975,0.034807735870768727,0.075442555323095725,0.073106724473087109,0.99446660460929415,-30.018884361748977,-4.3948380983117232,-5.9142488480288815,,0.2829775685077362,0.1621621621621622,0,2
-0.60835017857796503,-0.73042219962562394,-0.31047297872475799,0.79212188160962549,-0.58319167957191653,-0.18008439564080347,-0.049527617541980762,-0.35548681434358831,0.9333681695496493,-8.5793274640161084,7.4024223827910909,-2.6293586077473408,,0.07821990612262959,0.196078431372549,0,5
0.85578025209577335,-0.47150824248196704,-0.21288526814803563,0.4914848251224227,0.86944775300830657,0.050032703936400504,0.16150178574020771,-0.14744687877460344,0.97579536335358308,-41.060582171861483,-12.297272642071363,-7.8029455679115545,,0.148293210551972,0.1,1,2
-0.19137632178311215,-0.95513322434635595,-0.2260434188612899,0.9808029847317854,-0.17731541333387701,-0.081146468410257508,0.037424705770216636,-0.23723357254817495,0.97073148885468974,-20.512454052605552,9.398612849717269,-4.2177838920697486,,0.2214571079631041,0.3333333333333333,0,2
-0.055778304986778979,-0.92032679449490329,-0.38715290522936641,0.99761048073784708,-0.035538344437997881,-0.059248247202833067,0.040768976131412206,-0.38953256270733405,0.92010992450676998,17.522381804091935,-2.0026435077097724,0.70403085009630217,,0.5164680968365238,0.2926829268292683,0,2
-0.70388335863701856,-0.67857260111602402,-0.209970098939121,0.70448835776913898,-0.70469766034311032,-0.084245838322662275,-0.090798519820600984,-0.20722073381199174,0.97407145337331802,4.8634658973872593,13.08885294209083,-1.032324779283595,0.2080324246458965,0.1944262693517289,0.1923076923076923,1,4
0.61654101591216093,-0.76650212044288502,-0.17986571394949455,0.77460316693613895,0.63143826122953894,-0.035716327189681048,0.14095073419640086,-0.11730397099833108,0.98304255702259313,0.51901993899318699,8.6495104510854492,-1.3997643742907022,,0.1090068702073743,0.2363636363636364,0,2
0.29635446657820397,-0.88013539299339261,-0.37085808625337552,0.94644234325969379,0.32272985486542005,-0.0096089366553281652,0.12814414159160506,-0.34814814487357676,0.9286398377179601,-12.709335432077802,11.608409412588356,-3.1994189410493585,0.9665483385809071,0.4199789783670203,0.4615384615384616,1,5
0.30357481446961965,0.95155179326036532,0.048903136532506421,-0.9527944744547594,0.30343997406781215,0.010337871454133981,-0.0050021463605820719,-0.049732955680378388,0.99875002460629692,-2.9766517049031598,-8.3509690068180262,-2.1048944097507665,,0.2863214726175214,0.2891566265060241,0,4
-0.98429475235098496,-0.059979788097625802,-0.16603091734396205,0.088211960345602664,-0.98178470366757009,-0.16827788237426602,-0.15291334325787098,-0.18028094925461588,0.97165646644766146,-10.851239746981888,11.513609071956408,-2.9096168149914821,,0.1336770482642164,0.28125,0,4
0.45242776887163111,0.88710251279120678,0.091423442034114788,-0.89175517298291473,0.4489811204817139,0.05646826462002015,0.0090457399946068905,-0.10707513833991403,0.99420978135272764,5.0381323317729256,8.9780206267824276,-0.90622233427065046,,0.4843127968458741,0.1052631578947368,0,3
0.56713931483391189,0.82006823883059177,0.076426966647998057,-0.82223300784881903,0.55835343627540024,0.11033730558309661,0.047810860414827697,-0.12541739855676221,0.99095135993935135,-4.7648874530307923,16.493340411472818,-2.2626772256795959,,0.4671705876674925,0.2622950819672131,0,2
-0.58067597929477144,-0.77758703924816952,-0.24119246145624726,0.811690265669057,-0.57588380312792586,-0.097553871850433904,-0.063042205609835159,-0.25242076318754264,0.96556172180946842,9.6299180214040767,-11.316743731537453,-0.44011071863115531,,0.1334044797516117,0.5333333333333333,0,5
-0.97918325228090641,-0.13717154383887908,-0.14961325480533277,0.16777015811243742,-0.9618341857779551,-0.21616700283758816,-0.11425118161102167,-0.23676774828873265,0.96482521778339159,-15.264576755137735,14.138797306778921,-3.4418183030431106,,0.674823274560598,0.7636363636363637,0,2
