axis_00,axis_01,axis_02,axis_10,axis_11,axis_12,axis_20,axis_21,axis_22,location_x,location_y,location_z,dbh,dbh_approximation,score,reconstructed,number_clusters
0.21946093408483311,0.97562010959302881,-0.0015166305740636622,-0.97518325771560466,0.21940871383300806,0.029621447724999604,0.029232042039383423,-0.0050217578427069831,0.99956003804992932,-9.7201795210608228,3.0634338830522734,-0.98586829535778175,0.1308914779595208,0.1035731378644867,0.6246973365617433,1,5
-0.61119603489051044,0.7913692918419768,0.013192833798947395,-0.79141678630839274,-0.6112723051033484,0.0023747342873275444,0.00994370571840319,-0.0089896019471305509,0.99991015085027435,-18.514084992821878,7.3787606548346254,-1.0623950569856095,,0.08451038140205203,0.46875,0,2
-0.70471432563585745,0.70438415971660617,0.084974553743632511,-0.70901825274399699,-0.69480311663026073,-0.12058916367869146,-0.02590051195340197,-0.14522942078383219,0.98905893596860273,19.05832818808247,3.7827018066145581,0.099545605578113441,,0.2163939626725132,0.35,0,5
0.24237053147975396,0.96207104911823627,0.12520312263980168,-0.97012439477140988,0.2389015246446774,0.042245948821797399,0.01073238741505881,-0.13170177664323376,0.99123128375237857,21.970128454679351,-4.8235254978827342,0.2378798574336356,,0.3613456870806598,0.3235294117647059,0,5
0.89739078278196172,0.43665351273724223,0.063431008128552194,-0.44026093317063625,0.87655072933667755,0.19449711983229606,0.029327354154405308,-0.20246611744577189,0.97885002813747535,4.2893973567595456,-7.4571614323862407,-0.64005173980978702,,0.1059270321088732,0.4516129032258064,0,5
0.75179952106608705,0.65617991221335137,0.065003099406729672,-0.65914279538665033,0.74514646166492027,0.10142744183958398,0.018117820362145307,-0.11909942684970573,0.99271701461665141,-33.62264674461251,-10.131403464973387,-1.134855768209021,0.2440108149112744,0.2675719950365484,0.75,1,5
0.79484354394303336,0.60656035805468778,0.017557695994902266,-0.60601232795833682,0.79197337355680375,0.074345369321659624,0.031189726106486321,-0.069733117050837054,0.99707797757837258,15.161152423713444,1.1794672337335632,-0.12921087159854225,,0.1035723771962612,0.5454545454545454,0,5
-0.7540266356584181,0.65683957070669063,0.0023687700391608951,-0.65682343887931904,-0.75402673507184848,0.0051626481222963984,0.0051771475151233745,0.0023369105117074357,0.9999838678663111,-12.844682195618303,-5.3330929955301931,-1.2426627270045723,0.2255311336626125,0.212008312457587,0.7269076305220884,1,5
-0.28192476058217181,-0.91595383950470688,-0.28556434172927198,0.95777237069825805,-0.28620353039691698,-0.027561297418319988,-0.056484646566347892,-0.28127584874092604,0.95796314209751721,-7.9798014152214387,-2.4800977039701437,-1.1371766139475035,,0.3257730819805151,0.2519685039370079,0,5
0.95788564997398817,0.28623152627621012,0.022947656514368652,-0.2869082261480701,0.95074007550502526,0.1173753747481418,0.011779275974268522,-0.11901605855635695,0.99282245465301178,-22.136718195198796,-2.0766920601405308,-1.3252184401878093,,0.1074472376201644,0.1891891891891892,0,5
-0.017872216209690144,0.99815134290194651,0.058090279314143387,-0.99948804616139508,-0.019377793812364465,0.02545872517316887,0.026537322175222231,-0.057605535931944923,0.99798665961112043,12.59452377626452,1.747519452714269,-0.23704938550721633,0.7712096782605224,0.6620271303674314,0.8904109589041096,1,4
-0.98893411526206554,0.14442802219829343,0.033909616257409805,-0.14762512718909004,-0.9806662599141136,-0.12845430506008423,0.01470161532759272,-0.13203875593913122,0.9911355252622146,14.439365652340873,0.039530488131507106,-0.18863401346213979,0.4361035412277147,0.1672133188791867,0.1481481481481481,1,5
-0.9650611779402708,0.25610969751202034,0.055360145166365768,-0.26191123696088259,-0.93665159885341254,-0.23256458526389848,-0.007708877101112001,-0.23893849670082504,0.97100410298216167,-12.083372672344058,2.7200035302340937,-1.0324780691713322,0.6136754096167796,0.6846607202754468,0.5279069767441861,1,5
0.97722234171168232,-0.21102574918234315,-0.022463927563255281,0.21194520831620722,0.96511706579764056,0.15371492438261519,-0.010757487222208924,-0.15497478016820765,0.98785985543521315,-30.014786512208982,0.47671537155069998,-1.4095494248948264,,0.2553839408409759,0.1818181818181818,0,3
0.98789820241711035,-0.15159935111569703,-0.032783813114708432,0.15508988009739061,0.96267642375361506,0.22181350779500736,-0.002066579884145383,-0.22421360326761705,0.97453783372290492,-7.0588586513375446,-5.7058681585667772,-1.1560304880346841,0.5705789545506849,0.2849040331514321,0.3459715639810427,1,5
-0.22307859606542843,0.97250998497325425,0.066785246161101278,-0.97461776848958792,-0.22383908471207659,0.0040335467812875753,0.018871812892630527,-0.064190289628426447,0.99775922015061591,-4.8078234400693889,8.7843639426234308,-0.63904547278771817,,0.09058596861976582,0.2567567567567567,0,5
-0.9429809576750241,0.32920294897247709,0.049115495010426911,-0.3314793915098963,-0.94218811132657854,-0.049020157885142933,0.03013845494585865,-0.062505849827676679,0.99758944073741929,35.437531052316331,-5.0688449880678315,0.72867131675557673,,0.5874425666370404,0.64,0,5
-0.30130243310588622,-0.93680366666095738,-0.17780813798884162,0.95352428851340365,-0.29657877936449989,-0.053220849727062418,-0.0028766333586812969,-0.18557994978242998,0.98262495755973478,-11.043643163788138,5.5293913303885152,-0.94296726490671356,0.595364340481081,0.290699137168775,0.5,1,5
-0.77163420782657433,0.63606651694524508,0.00018797074506590852,-0.63605601106450638,-0.77162309613803359,0.0055270512088319637,0.0036606147796708773,0.0041453018588405062,0.99998470806904627,-7.3398372015504423,5.9348124700273628,-0.7645710683001653,0.3649836182940515,0.1617186969980202,0.4657534246575342,1,5
-0.75751071972443906,0.6223795704481293,0.19703091075098972,-0.65280238808886015,-0.72454540240079601,-0.22109500664951703,0.0051528252487184067,-0.29610408668012422,0.95514177913191811,-14.325648196359975,-12.363647384850168,-1.0739319389614952,,0.4200288261563091,0.1666666666666667,0,2
0.078746747146182391,0.99686572966812947,0.0075938677314757999,-0.99642367085700367,0.078473130629601248,0.031334261201480675,0.030640136581749772,-0.010034180704845096,0.99948011348292176,-6.5520020722092598,8.1603795859026658,-0.72007666777777657,,0.08629377459768611,0.3809523809523809,0,4
-0.1895472920052351,0.97018641436882647,0.15103027996942228,-0.98116451173560393,-0.19299313965761072,0.0083575687692068676,0.037256207591704449,-0.14660139637553904,0.98849380654439412,5.1717060014196559,8.2375057204695104,-0.3924395753403041,,0.3669309075898845,0.2272727272727273,0,5
0.79478877199862885,-0.59420897653115867,-0.1233957054143463,0.60688585381709903,0.77838945872373733,0.16062195050632982,0.00060691152750205909,-0.20254763083669927,0.97927222410361359,-7.6056113228471141,-15.701050497023159,-0.85153142255398329,,0.1768130422843836,0.4375,0,1
0.89994072707415018,0.43199508342341331,0.059050280704226944,-0.43595507762862762,0.88933897507077908,0.13791068743891205,0.0070610228060140629,-0.14985471403347389,0.98868281396961621,4.8332433815910099,-5.6393268598307849,-0.65485170951881955,0.2993325828609966,0.2734231026242295,0.7321428571428571,1,5
-0.61902610739753827,0.78394635844856642,0.047273517274291771,-0.78532647075677464,-0.61850580548671841,-0.026700241720516438,0.0083073876134307917,-0.053653291180103646,0.99852506811626063,-13.713940254646291,2.2041629960046705,-1.1025435793812899,,0.09165471818888639,0.1733333333333333,0,2
-0.94461236843499097,0.32804474204137812,-0.0097015781521056065,-0.32807886868374164,-0.94464795773271926,0.00211940430253043,-0.0084693165504659551,0.0051848983024743002,0.99995069253776692,0.91786699926145465,-2.830652644622734,-0.78619954885951859,0.5511716854962552,0.5385478694160877,1,1,5
-0.82758232393429487,0.55934928712712673,0.047285009272357403,-0.56133199573930093,-0.82406361845552556,-0.076325246788462656,-0.0037266165412466637,-0.089708013735458253,0.99596113608955339,16.312228774014411,0.24904440642075137,-0.076851068077693332,,0.3970027895446624,0.2352941176470588,0,5
0.74801838679971533,-0.6279633768820988,-0.21478009755185032,0.65891860494570376,0.74137692335801197,0.12722629275670871,0.079339555493831121,-0.23669020851534894,0.96834032247294211,-2.5654994641202666,-13.227917141817027,-0.81634485619275221,0.5791159532359953,0.4404336804504276,0.6382978723404256,1,2
-0.99239374814155279,0.1188099184983006,-0.032231225790962215,-0.11646625929914159,-0.99094444888791389,-0.066818482945172508,-0.039878052791303006,-0.062556394434592766,0.99724442260707491,0.95576535903323256,15.37947909392688,-0.40558937303005288,,0.1530183469138956,0.5,0,4
-0.33520675522421822,-0.93065189116901803,-0.14670885697728722,0.9416639064234299,-0.33592240536885482,-0.020620982289147126,-0.030091835959568006,-0.14506272793082953,0.98896475486937829,-13.389590593280204,16.728239855147397,-0.80654258795307177,,0.1653095826777892,0.2,0,1
0.98250784182085138,0.18620034055815651,0.0027881779999149882,-0.18466289218773979,0.97224398061223005,0.14367065953821051,0.024040736456936978,-0.14167242264926411,0.98962162852844737,-18.815230497559508,-2.3219009500922101,-1.2704487735663759,,0.07063104048431604,0.3157894736842105,0,1
-0.26123550840914705,-0.95658492949072649,-0.12923343923859909,0.96483389264570829,-0.26281279176961125,-0.0049996084240282361,-0.029181650884504334,-0.12599487748906774,0.9916015944411195,-6.7695802273237851,0.73869871464704462,-1.0114571603023905,0.5152526313811167,0.5008463485646388,0.8635678932644717,1,5
-0.18719501324139093,0.98219846915194498,0.015626714726147822,-0.98216726623924133,-0.18742474152955149,0.014813081742743052,0.017478219179649125,-0.012575112649902498,0.99976816232372179,7.5791424591622807,-3.7582969339392873,-0.58669897393756776,,0.06807034031126526,0.2857142857142857,0,5
0.81186880786964744,-0.5781341752013831,-0.081424285520561579,0.58377488840662817,0.80592639530319377,0.098435384996601649,0.0087131208040833324,-0.12745007186273599,0.99180671539773158,-9.1377801062956507,-15.745309923832114,-0.88248146182841924,0.2288111327495751,0.1832304632907159,0.6805555555555556,1,3
0.99971508979237533,-0.010680359793660893,-0.021346408505905672,0.012574891960135195,0.99580020816100145,0.090685266271302023,0.020288206761909202,-0.090927857893958838,0.99565079888744223,7.557481876483231,3.365329089705773,-0.48146822158500735,0.3079163098627875,0.1593211690899329,0.25,1,3
0.41523436550706155,-0.90610437486051265,-0.080964705647510793,0.90965269470864396,0.41252126956364271,0.048561066369094047,-0.010601731521370027,-0.093813986250667392,0.99553329390458301,-21.462047066899228,-6.6877381802511966,-1.2206379179707159,0.1746328102718186,0.1510604849901836,0.625,1,5
0.74140762025733176,0.66619316344084301,0.080631319033258347,-0.6696973300070439,0.72690781015554662,0.15202145150045482,0.042664116137537601,-0.16670844165653673,0.98508277249917053,-4.025839751138359,-12.213545497964612,-0.94700213901392494,0.3561010290061529,0.264472343439243,0.7272727272727273,1,5
0.85195170584544033,-0.50885089184622401,-0.12348708748021571,0.52314250137264384,0.83723876156338595,0.15922681744411382,0.022365468128732083,-0.20025490256947587,0.97948851949998506,-32.82153018552458,-5.68997353410359,-1.3259944306084752,,0.2988919301712529,0.3684210526315789,0,5
-0.96102580857231956,0.27634689478296215,-0.0078605980517623044,-0.27618291904864994,-0.96094871044784702,-0.017336986888857844,-0.012344654052818651,-0.014490328927668494,0.99981880352585983,-16.0175558294323,6.2644820805937522,-1.0362532685248409,,0.1010694074340784,0.3934426229508197,0,3
0.37498027604084416,-0.87846656691847669,-0.29611869813775116,0.92690030828073955,0.34988462065003184,0.13578133429029252,-0.015671984220294956,-0.32538783480494099,0.94545076332485456,-9.7353186055352747,-25.461243104493622,-0.25112441031730426,,0.2123670013623271,0.1666666666666667,0,1
-0.93390805878645289,0.35729299252469515,0.012548116451024808,-0.3574480934200529,-0.93249233395687059,-0.051854677918569354,-0.0068262906537511457,-0.052912801895359456,0.99857580440920679,9.3552004600381178,-0.21503078790883665,-0.49104793834415633,,0.0721179360041569,0.2916666666666667,1,5
-0.23217277798794386,-0.97153463314766031,-0.047077146854950923,0.97221225759817398,-0.23328252017330517,0.019559958012586524,-0.029985452093033615,-0.041227689436022841,0.99869972979196509,-13.904477518704475,8.1697602674710676,-0.95558488880134484,,0.0864892177398069,0.40625,0,2
0.99499444476411758,-0.089975918526435231,-0.043478603632936354,0.098515052158586122,0.95615727582607879,0.27578623675419855,0.016758263237482311,-0.27868907041751051,0.96023516007438903,-19.153848226422628,11.605199903163848,-1.0241127695500338,0.5503088799434509,0.5847370741327348,0.8181818181818182,1,2
-0.78650438794517452,-0.60925300472471011,-0.10110204734276206,0.61618150804283833,-0.78516008495198797,-0.061999920518015839,-0.041607654212168624,-0.11106042153755311,0.9929422872850473,17.722617914065815,-0.78976545587595615,-0.0019335684433835585,,0.1674882938310861,0.2962962962962963,0,4
0.39538266103725322,0.89393757796767714,0.21106434575357491,-0.91779556361626358,0.37539793714217584,0.12933557977488308,0.036384814928849263,-0.24485096586838939,0.96887777854377033,-11.266296111992657,-10.693664965328182,-1.1366229251604156,,0.2052501730409913,0.3689320388349515,0,2
0.86819226968429952,0.48916826929539647,0.083406157895997077,-0.49605718724939918,0.85113707547382844,0.17173510337748102,0.013017289988321112,-0.19047331327093056,0.98160606512641058,-12.394782085876546,7.8584718360365056,-0.90551922832251996,0.4734029576761656,0.3442369570386307,0.5135135135135135,1,5
-0.99529375034634815,-0.09433431173933414,-0.022167276561779442,0.094262257920640441,-0.99553821960344235,0.0042755164027316484,-0.022471698938952955,0.0021658572144774941,0.9997451334261761,-1.9621813028649064,1.2077113435505851,-0.82232646996666092,,0.06789302260682767,0.1510791366906475,0,5
0.95405762596259158,-0.29636221821874625,-0.044084940230077765,0.29829496112458992,0.9533295266990528,0.046721833134425884,0.028180889097131467,-0.057725636732961577,0.99793466136489672,-1.9770934052829383,2.0834110935368129,-0.80603230237954659,,0.07323451330088093,0.240343347639485,0,5
0.25954844677094585,-0.96426340513853281,-0.053204222477478968,0.96551240556547802,0.2579261725701365,0.035494847548425058,-0.020503621093731252,-0.060581969380036786,0.99795261736621688,-15.377732709400521,8.9569265382957965,-0.98960374164088849,0.1600824126464077,0.07989413014412736,0.5,1,3
-0.96293848237638724,0.26928674331094732,-0.015301275621448601,-0.26942901839397138,-0.96298604631819629,0.0081165660047535799,-0.012549231288035353,0.0119383614215877,0.99984998490805921,-5.8358057580790836,3.2354239346258926,-0.84379387209052603,0.09782558701191792,0.09108917038672114,0.4354243542435424,1,5
-0.98566284745870081,-0.16861936909352154,0.0060215866768898773,0.16792799170884154,-0.98383988863675587,-0.06212296779653783,0.016399412801677282,-0.060221108373369858,0.99805033809224342,-23.149619771666011,5.4135459080390076,-1.1254772834760993,,0.3599160158759048,0.813953488372093,0,2
0.58759951505681274,0.80914874614541199,0.0022619717741491534,-0.80854521421670522,0.58704841170473709,0.040358380569700605,0.031328046097097377,-0.025543471303915918,0.9991827083178958,-4.2766810792999594,-2.673058008112994,-1.0365651610983804,,0.0849457412020769,0.4305949008498584,0,5
-0.63682109484371541,-0.76568796851211229,-0.090447929980986483,0.7710038949532988,-0.63189310277428357,-0.079146071495246786,0.003447771583713182,-0.12013759420798591,0.99275126357462939,-8.6299453219337856,14.476521749593793,-0.67709095448205647,,0.3893213133250252,0.7027027027027027,0,4
0.5320279191974695,-0.84535317730494586,-0.04821098230532242,0.8466703742880225,0.53047202593201248,0.041817544243615896,-0.0097760164377540485,-0.063066911483119645,0.99796141918342207,6.0297721804952618,-2.8402514195609929,-0.65167145864486131,0.4272228822878129,0.4288344112138336,0.6781609195402298,1,5
-0.85464694422591547,-0.50885788746868765,-0.10316128676111892,0.51798721148640348,-0.84926139180376636,-0.10219753973589629,-0.035606873800509836,-0.14077904230543153,0.98940053152690421,-13.651355998725817,7.2949773506708597,-0.99231413776157373,,0.09616112217457966,0.4444444444444444,0,3
-0.74544702945447883,-0.66028638967731745,-0.091272174754352731,0.66589906017877543,-0.74380661799583014,-0.057707509724741569,-0.029785364367741148,-0.10379594709092041,0.99415252020853517,0.32123073422850468,2.682545793570855,-0.69470940425226524,0.4790171583850181,0.2003305623286101,0.2540540540540541,1,4
0.74769217241836972,0.66134796711028521,0.059793659391202646,-0.66348514988557739,0.74032813770257888,0.10817441660181876,0.027274002009442574,-0.12055336961248296,0.99233210866597699,-4.9256563401654709,12.370778358270464,-0.55889999362541853,0.2756986170430411,0.1532030667000144,0.2941176470588235,1,4
-0.48055061808682892,0.87693001688595884,0.0080528840025526315,-0.87689844652978988,-0.48060760599298546,0.0080897178771844776,0.010964393736448058,-0.0031740425458939197,0.99993485163979978,3.7090918975160765,5.1678409764401243,-0.51881464996610172,0.1538846548131664,0.08099535162751582,0.4883720930232558,1,5
-0.72213637398828312,-0.69010268982360568,-0.047721429790807283,0.69103296641330669,-0.72281025993469994,-0.0043321430213323284,-0.031503915519826946,-0.036105479242849486,0.99885128906938081,-10.541949761824011,9.9732013693294768,-0.78375372714028846,0.9660958746474545,0.946857383061386,0.7349397590361446,1,1
-0.87784754675757659,-0.46854239346991344,-0.099255781560510889,0.4772180448527929,-0.87326017676125589,-0.098384965059588395,-0.040578594339635059,-0.13373365023203254,0.99018618879331699,-6.5983858496450223,-10.017428578768021,-1.0987359033852973,0.3594737847356554,0.1847365497530627,0.1263157894736842,1,4
-0.99811421267930811,-0.06070356090246392,-0.0091157084927943888,0.061285078795158168,-0.99388880259115642,-0.09181060505730608,-0.0034867699430852104,-0.092196126695638592,0.99573476220210655,10.453222539809262,12.16214782193429,-0.12773546827862578,,0.1839936566035965,0.1333333333333333,0,3
0.34553287299071822,-0.9057738599187598,-0.2453176478989044,0.93840280030490075,0.33276727273752355,0.093092032821027848,-0.0026866452502837786,-0.26237312530573953,0.96496275837702561,-13.090989636202533,-11.705258620031463,-1.1167789202698721,,0.5126661396593649,0.5961538461538461,0,4
0.90675986797516284,-0.41397183871430421,-0.080086569293252641,0.42155883025519875,0.88617319576300124,0.19231541733583857,-0.0086425958793291263,-0.20814510290344881,0.9780597740801833,13.118415101267145,-3.2392390924241199,-0.33287112408118402,,0.2440876876815944,0.2857142857142857,0,3
-0.99244982153416383,0.12246105204661849,0.0068295291523182682,-0.12265090758144157,-0.99105478277456638,-0.052603920092579935,0.00032650613418976738,-0.053044399056764113,0.99859210147209354,-14.038342239148921,3.5245309927449706,-1.0700265516545531,,0.08748048282323659,0.4015151515151515,0,5
0.98028311631701592,0.19463836664680631,0.034072248133369142,-0.19743516213205672,0.95780240367760083,0.20888731953686779,0.0080230055270448485,-0.21149577238912462,0.97734598256903871,-15.627431654899365,-10.204093949136478,-1.1525572808398568,,0.164185516786678,0.3,0,2
0.54860970213779936,-0.81637007677482942,-0.18046410298708643,0.83607270976814263,0.53648276356947677,0.11475481852110414,0.0031334806892433743,-0.2138367184080307,0.9768643913866728,-12.166765461282168,12.698567601850772,-0.80958868915468674,,0.2210315840306396,0.25,0,2
-0.071846853220556242,0.99737378126167886,0.009141670202178518,-0.99714166015695027,-0.072038922657073193,0.022779446917123622,0.023378179179432482,-0.0074789086229075773,0.99969871794659471,-3.3560318213591178,3.360966310615952,-0.76462526561987043,,0.06924352020865557,0.3132530120481928,0,5
0.26058832308303159,-0.93722442768494574,-0.23174144649457876,0.96052094104686703,0.22745400181779662,0.16020049584040219,-0.097433298636628696,-0.26433889083465556,0.95949554616428001,5.5071464027764563,4.1249979748529588,-0.51495690419749229,0.7035712879924787,0.5563942329070835,0.578125,1,2
0.41515133054737713,-0.90772840923733655,-0.060650703278677859,0.90963765009181818,0.41311680222027752,0.043518424359438979,-0.014447085525410587,-0.073236894982979098,0.99720992721346025,-7.8321281864703574,18.913506114572147,-0.62964292445728065,,0.07887928516591017,0.3333333333333333,0,1
-0.69508896233148754,-0.71018633138448273,-0.11174394462155135,0.71747917445287968,-0.69510990720522092,-0.045231085898552882,-0.045551824017802243,-0.11161358169953051,0.99270712685507212,-13.961699696514927,-5.7064998977412902,-1.2319712138735166,0.167684906478157,0.1456168311275118,0.3265306122448979,1,5
-0.58258481791693784,0.81110318762437572,0.052024503440840676,-0.81272175327397633,-0.58205247011547889,-0.026424870628710483,0.0088476939347637302,-0.05767617409335396,0.99829613705252351,-20.825656588645476,-2.2794411053115322,-1.2797611788640264,0.2016958090837401,0.1649668599310781,0.2941176470588235,1,2
0.85438917673341752,0.5188972626622943,0.027654393545541684,-0.51878900134334871,0.84875840488054499,0.10230905253106558,0.029615988350289984,-0.10175854237464055,0.99436818748782618,-17.959029576448525,-2.2082685008094054,-1.2717418761384625,,0.0806505083883286,0.3902439024390244,0,4
0.66429857203917186,0.72464921601990739,0.18327826087250829,-0.74729219033063221,0.63856081851907587,0.18383270471571259,0.016179909071558685,-0.25908221624415229,0.96571973976327874,6.5870390339530331,-7.0734336554382899,-0.53610634399249935,0.3205984922860083,0.2860367040925419,0.1851851851851852,1,5
0.99810890149619902,0.060952871763429228,-0.0079604131702919849,-0.059766150876404994,0.99254651101348779,0.10620466413661629,0.014374559592196365,-0.10552805740059665,0.99431242632172046,-5.6730803132156709,-12.83173696136965,-0.97518054488705563,0.3857308797912593,0.4251502121036115,0.8756756756756757,1,5
-0.95305506382443694,0.30098138760326093,0.033109660750485881,-0.30259926723729375,-0.94277015537122033,-0.1400646907995596,-0.010942064981049205,-0.14350832191109691,0.98958861793990427,-15.026440521857083,11.153221250143439,-0.92010585653417032,,0.1122834822905628,0.3478260869565217,0,2
-0.9780317471810307,0.20815164742974016,0.011260247701752721,-0.20788797125045955,-0.96995766372784076,-0.12635158085673587,-0.015378326156892707,-0.1259167274348936,0.99192161224398079,5.1313448345739836,9.2818633251253093,-0.36847002684525093,,0.08165975279591436,0.3125,0,3
0.65699750253891087,0.75342990795619513,0.026413168207421431,-0.75330310639865683,0.6546951800751788,0.062519205660850258,0.029811265450635067,-0.060972083640375964,0.99769418835071078,-12.871025119693876,9.8101935264651399,-0.87300025758400523,,0.3736587452448439,0.3488372093023256,0,6
0.8181741543833706,-0.57363400784306529,-0.039180073314882768,0.57495546420265964,0.81674353412409784,0.048540845171705489,0.0041553919865034939,-0.062241662191666908,0.99805245764191042,10.674412631071293,-12.90573654995536,-0.17830267874943337,0.2012847261706165,0.1867310388254168,0.6666666666666666,1,5
-0.90662987422248009,0.42141838881161658,0.020707794154669182,-0.42187325755267163,-0.90463999629582992,-0.060410526100831557,-0.0067250077492998018,-0.063506052257271253,0.99795879453886771,4.7180810747434654,2.8424774525892582,-0.55020165644114638,,0.076087705233189,0.2727272727272727,0,4
-0.47847439726657282,-0.87126488821044745,-0.10936062240142556,0.877698879734361,-0.47830249083393866,-0.029519549032781398,-0.026588111505682559,-0.11011004419982476,0.99356371234706187,-4.9956417001790907,14.858580432605168,-0.56756877492377678,,0.2200606729165548,0.2105263157894737,0,6
0.95209179614284722,0.30573028052493473,-0.0070857101008057685,-0.30462429444484113,0.95017870699305906,0.066064090177511053,0.026930483684306315,-0.060740598837550848,0.99779022279304097,-0.97102088542632248,16.01122733329311,-0.45094569238785381,,0.1244889004034923,0.4583333333333333,0,3
0.9430703286566855,-0.31866414574815327,-0.095244513868097555,0.33073270682511702,0.9287679395136601,0.16734990638682951,0.035131635935460752,-0.18932320709873121,0.98128614145434068,11.502593491042127,1.563820813577625,-0.31407710386743348,0.7293927452303486,0.6361757479352348,0.2391304347826087,1,2
-0.54144207927432841,0.83908602093021667,0.052679448275291231,-0.84066163015275097,-0.54117386495837305,-0.020466349819572356,0.011335712593943234,-0.055366933864118846,0.99840172488556689,8.8261706749141968,2.2678596926958097,-0.4359064444003532,,0.1013596095347953,0.4210526315789473,0,5
0.24246939231447376,0.94184419579929191,0.23267596487354436,-0.96972683930312731,0.22812965058795301,0.087101777581088488,0.02895601709173256,-0.24675164307822461,0.96864605285541716,-13.652837602294348,-14.320067369058687,-0.99368964789251979,,0.2843973594763936,0.4545454545454545,0,1
0.70974243477391308,-0.6946710315757092,-0.11703774677743232,0.70387965588118995,0.69255131794794111,0.15788002421189307,-0.028620033504105542,-0.19443464171312219,0.98049786526239524,-25.694159028513404,-7.4725415726415534,-1.2369253356408607,0.3815061870374934,0.2244227348094336,0.2692307692307692,1,5
0.90414933554092936,-0.42568224760288537,-0.036174619785850716,0.42715505476011723,0.9022091405964302,0.059642483324651017,0.0072483262741399376,-0.069377883363545695,0.99756411877443596,-18.335796874332821,7.6640901060903195,-1.0550767942046313,,0.09769614089553633,0.3235294117647059,0,1
-0.2711273393859665,0.95872535655360902,0.085648447380220039,-0.96236108064402681,-0.27173290436807757,-0.0047306601389618102,0.018738097532783559,-0.083707343673327592,0.99631418955869921,-23.681030718492053,9.5678716023591743,-1.1116985183784067,,0.0844725567541267,0.3333333333333333,0,2
0.73184441959652036,-0.67711166902428443,-0.076964492959945424,0.68146140608315731,0.72652876410891587,0.088126652844294273,-0.0037546670424652836,-0.11694333069277818,0.99313149173806858,-17.554372267503179,11.608723868598625,-0.99905668060793218,,0.09786942470512341,0.4,0,2
-0.22007224496279498,-0.9735546441749291,-0.061315265655964325,0.97513799039912019,-0.22123224935853986,0.012735443617110797,-0.025963564420151616,-0.056988127265130646,0.9980371970389742,11.616247341460319,3.3248293246343126,-0.23980437035230612,,0.1015151389618727,0.3888888888888889,0,5
0.19623228695231631,0.97178661573927672,0.1308574148738493,-0.98027196961411944,0.19120045791365275,0.050092419411164324,0.023659145088491023,-0.13810560583702766,0.9901348829781067,-1.1639502710841589,-18.89432706863866,-0.43116020043333914,,0.3198672258632297,0.4117647058823529,0,5
0.11652118763069508,-0.9853756120936279,-0.1243290630715201,0.99278648681225579,0.11199778847843746,0.042795875723246654,-0.028245432128270558,-0.12841884000040202,0.99131770744642711,7.3939321409284311,2.2021882591390769,-0.52494810294482441,,0.07298335207240113,0.103448275862069,0,4
-0.55429106933234629,-0.7867418008168765,-0.27165925219992487,0.83170987773102778,-0.53607462674702067,-0.14450838675551378,-0.031938843796274895,-0.30604139165390798,0.95148230506483744,-14.225277299627264,12.795515671475092,-0.85953535204617504,,0.6149442222016884,0.4339622641509434,0,2
0.062813058881818915,0.97199881744872751,0.22643502050739633,-0.99768107317780963,0.055195412038978146,0.039823896251143388,0.026210605805351929,-0.22841139500498508,0.97321181598621875,-10.301957606972344,-0.26646738249937507,-1.1025952243364066,,0.5094676929210861,0.3698224852071006,0,3
-0.55646175184960078,0.80167670200268704,0.21832266074452797,-0.83080869197259344,-0.5401411379975507,-0.1341807303061851,0.010355485081028034,-0.25605080845177586,0.96660785607190802,-6.7499791546029,13.665390892056049,-0.61691318689762609,,0.3895103338567241,0.2222222222222222,0,2
0.095859173736023831,0.96981300920832647,0.22421807683801406,-0.99518997924746377,0.08880578113439791,0.04135744724403051,0.020197128906855565,-0.2271040739559734,0.97366103731048026,-17.156952874427191,-6.0158263753287091,-1.2206520239951204,,0.3081921489130567,0.282051282051282,0,4
0.69920872336213802,0.7142385986803047,0.031151008482616049,-0.71486087199160575,0.69794037750591742,0.043048381413225249,0.0090052689959901691,-0.052368440898048423,0.99858722780146647,-5.0144923974382145,1.4872690932186354,-0.89159221631892105,,0.1281403778077131,0.3044077134986226,0,5
-0.88506337950911129,-0.4575942759284925,-0.085266012510207309,0.46377295297502175,-0.88254438665791113,-0.077653420191520217,-0.039717280127677015,-0.10827226891541182,0.9933275660340698,-5.0714185051517235,-14.904786930475563,-0.8288091151026562,,0.2120254192254319,0.2916666666666667,0,4
0.85460741859847944,-0.51285675178705803,-0.081388649226229182,0.51917355359207829,0.84697331923425001,0.11443346431830667,0.010246039577104443,-0.14005052178318991,0.99009134428154644,-7.6027957183142929,-4.38132708579223,-1.1644214028314888,0.6814201657146892,0.2392630950199489,0.3720930232558139,1,5
-0.28114114496305426,0.95957797007568513,0.013029810216992782,-0.95954551646959663,-0.2812953351155375,0.012055549151028107,0.015233464213972035,-0.0091133850826867532,0.99984243147626861,2.0907909853132707,10.840579098046263,-0.39117167975219708,0.4988617929252299,0.1824188999366963,0.65,1,5
0.76672118783476761,-0.64104291375077471,-0.03467856477939979,0.64197482901193625,0.76537364580552592,0.045513747609400711,-0.0026342058267352802,-0.057159120324526073,0.99836160579390676,-23.331396315981117,-5.890396797727024,-1.2452235550788646,0.1663889614221664,0.1459744827118308,0.4324324324324325,1,5
0.66149837062067784,-0.71474502477965274,-0.2270670720710542,0.74992945080047357,0.6283863247885928,0.20672795079713988,-0.0050719314159122821,-0.30703448726717708,0.95168487386334644,-18.752923323071332,8.4375309585945537,-1.0460482640671829,,0.175525113190202,0.625,0,2
-0.66122686876964532,0.74878835207065997,0.045771517567101155,-0.75016505458076432,-0.66043242074874065,-0.032884776261919844,0.0056052567228088322,-0.056080490611828494,0.99841051660617419,-0.10177677666937114,7.919747362617235,-0.49161963399383796,,0.09826268232360577,0.3170731707317073,0,1
-0.46952545117142758,-0.86831463040829959,-0.1599235858813968,0.88234973642476633,-0.46796430458217464,-0.049682514711577495,-0.031698475253737222,-0.16443573898583855,0.98587833651560086,-18.807029980317367,-9.0511661015157259,-1.1561932053375052,0.204656590554701,0.2529536950467143,0.6515151515151515,1,5
0.33142566286812164,0.94273858779313635,0.037429735214496468,-0.9429679804324439,0.32967603832838632,0.046098781233956963,0.031119413098289653,-0.050573360951211621,0.99823540174175074,0.26768858468164619,-4.2492224563030296,-0.8539642445699045,0.07268754328854203,0.1028525184091369,0.310126582278481,1,5
0.28168400152213235,-0.94208621796469827,-0.182010112926314,0.95882047218067568,0.26919607374323018,0.090536048115956322,-0.036296355377705578,-0.20001757873296944,0.9791197795898593,-16.969223764911131,7.0141160202063002,-1.0382086714909164,,0.3545926270358655,0.5333333333333333,0,3
-0.0012390863825647944,0.9930949763252267,0.11730657552982832,-0.99983759953192364,0.00087870863829330164,-0.018000067593500667,-0.017978855001866693,-0.11730982852569423,0.99293260844031894,9.1003734344320577,7.5503448329277427,-0.26645058621883899,,0.2578251665594007,0.1428571428571428,0,6
0.73115366321325537,-0.6813354866511222,-0.034587214396593367,0.68220491309785247,0.72996097839409957,0.041873936608353861,-0.0032828821161872391,-0.054211849736082347,0.99852405981688952,9.8513742912490567,9.3391291393591374,-0.19651456994508773,,0.08425005627947374,0.4,0,5
0.77874191756089395,0.62716294821557295,0.015088479682627873,-0.62656386656533292,0.77634858480509006,0.068560892539657248,0.031284931648994013,-0.06284513709655884,0.9975328274272649,-7.6356374246524608,12.101400272447888,-0.70450085288404674,0.8630523632304599,0.8050442593271433,0.8333333333333334,1,3
0.28716915315409614,-0.95616543833631018,-0.05728465770073711,0.95785639433324854,0.28622929700869465,0.024164382235362061,-0.0067085998291354313,-0.061809740858863225,0.99806540398076748,-14.593439175922649,-7.6026321062614217,-1.2040556732468548,0.2994180418964512,0.2523725940526974,0.5277777777777778,1,5
-0.092989581627267504,-0.98871297357039845,-0.11747167148877352,0.99515266923945034,-0.096084472392802836,0.020950872788348108,-0.032001603309562247,-0.11495403454675822,0.99285520964893959,-13.199906158829595,4.9886523844257162,-1.0266174830091319,,0.1385401698750395,0.4150943396226415,0,3
-0.75880595267249495,-0.65008425549873927,-0.04004980576031146,0.65060374634487284,-0.75941738096084421,8.2076733078315775e-05,-0.030467875390403222,-0.025994273354407352,0.99919768130334086,8.7492054025796246,-4.420686740795932,-0.48441912913914176,,0.07198799005080089,0.4193548387096774,0,5
0.54397883843653516,-0.82728427890633838,-0.14031302579467761,0.83892122143607639,0.53276456867187161,0.11123443078506139,-0.017268687195029896,-0.17822075143566957,0.98383898896123523,1.4143089168452914,-11.639844347557544,-0.66993442241748569,0.2203604973433798,0.1358365346507776,0.2258064516129032,1,5
-0.99687420359745549,-0.04469941867222782,-0.065144333385990599,0.056970810492822932,-0.9779857671764568,-0.20074403092512905,-0.05473708937942387,-0.20382787142744538,0.97747534489399113,-18.891648461893919,10.18625903478522,-1.0272446621640647,,0.3559565134226101,0.1428571428571428,0,2
0.91571677959384989,0.40181906125079098,-0.0020546498001854951,-0.40081811113110927,0.91377343761305818,0.066052604052404734,0.028418679764513965,-0.059661937014709496,0.99781402671644914,2.6285493723138114,5.7050129585088083,-0.51718165217661305,,0.0871461455630029,0.3090909090909091,0,5
-0.80176727824242655,-0.5872431758468124,-0.11097154572718336,0.59675590223248953,-0.79673901418373316,-0.095338011455137164,-0.032428763319286659,-0.14266182284998991,0.98924010210398328,-12.495495177867719,15.420946517769499,-0.79319284788369415,,0.6064180805390404,0.3076923076923077,0,2
-0.99977704491531694,-0.016229355917476613,-0.013508088943271436,0.016687321948435568,-0.99926500114754069,-0.034510734095258899,-0.01293807352679387,-0.034728453580720693,0.99931303442180019,-6.0615372700943526,12.640191399307961,-0.60964665921483596,0.2506977775456756,0.1938456274085689,0.6415094339622641,1,5
-0.3945188777072357,-0.91280918806897193,-0.10551891446317783,0.91828447684925385,-0.3958124297260226,-0.0092811665255319899,-0.033293763835218981,-0.10055797656698727,0.99437398328719251,22.063435945987418,-22.138861009935528,0.58775481537121232,0.9026938653104328,0.7400856147420372,0.92,1,5
0.91163077470199239,0.40505213335650447,0.069728759343532495,-0.41020822016805752,0.88607035513049648,0.21589011525650842,0.02566216520089765,-0.22541538328663069,0.97392471898753119,-9.3344821265307534,-7.3333584034976163,-1.1895907738523377,,0.08208711623068893,0.3432835820895522,0,3
0.45573730907686316,-0.86993729091074989,-0.18844791057012208,0.89001710370377085,0.44222910189843478,0.11091878357093142,-0.013155235844750255,-0.21827169151534262,0.97579936895496111,-16.530454200570347,-21.162416057507908,-0.62896482673518928,,0.4599727519299488,0.3888888888888889,0,1
0.27354617561891875,-0.95567189448700562,-0.10892070460606539,0.96158664244067471,0.26901573234351717,0.054604622802025077,-0.022882720203987052,-0.11967358037302651,0.99254955305857018,-8.542692855086063,7.1428863769787858,-0.77836538772075403,0.5146504370869767,0.3981151226007095,0.7543103448275862,1,4
0.86988643494510043,0.48944672607623307,0.061151391086067042,-0.49174986334846088,0.85087837321267668,0.18490015115115446,0.0384663774649283,-0.19091332151582971,0.98085291531020069,0.1575134170726713,-15.40943226718843,-0.56799865729342858,0.361291234034003,0.2931949313009871,0.4545454545454545,1,5
0.25075918088564364,0.9378855067648435,0.23977199461574877,-0.96734812296314254,0.23334282223656885,0.098938042786174296,0.036843482479902601,-0.25675261149816297,0.96577463949289288,-11.422399926415327,8.964146253077665,-0.83345268394882677,,0.1854949570982463,0.1481481481481481,0,2
0.95417816861956839,0.29440770158916635,0.053554904301952901,-0.29808057876942395,0.91940498988549801,0.25659780422702883,0.026305723527250569,-0.26080369977941614,0.96503338755251178,-11.677814170612288,-13.960466416819344,-0.97597282034582933,,0.3139631231149557,0.4090909090909091,0,1
0.9872646820592389,0.15894737696162919,0.0066467221612075021,-0.15893203961532865,0.98360677633651072,0.085195752996316557,0.0070038805088456354,-0.08516713510454299,0.99634206212319609,-11.899485806019355,-2.0309436751976846,-1.2217572838513615,0.1293512380772904,0.1068745453358917,0.3345195729537366,1,6
-0.97044212877648073,0.22067131493605893,0.097704889643063939,-0.23563999632073729,-0.95384306502923966,-0.18616444190443301,0.052113979216094904,-0.20368499714023305,0.97764848238528357,-6.2549875767901044,-19.625060305979353,-0.52940956670979178,,0.4438328329931478,0.4368932038834951,0,5
0.084057198649731352,0.96923993941453901,0.23131867023407635,-0.99606541196587561,0.075188525796977393,0.046908215418285229,0.02807280606584555,-0.23435149974382286,0.97174651639581977,0.3217982691736978,-7.4884031239024544,-0.82139835062102318,,0.1035302716152385,0.3,0,5
0.43818743282585115,-0.89682011402241912,-0.06087246338293386,0.89880061382860754,0.43622081106804356,0.043230320059623011,-0.012215985216483576,-0.073655190421006461,0.99720894632430812,-22.773199570706904,0.069825178838313767,-1.3085468813000039,0.1401391477462819,0.1267206369169221,0.6530612244897959,1,5
-0.14786597383925587,-0.9883762901668276,-0.035326517187889955,0.98855912269608526,-0.14877997280455721,0.024806866521590532,-0.029774396969767331,-0.031254259363053281,0.99906789386745509,-8.2121310734199255,4.608396584193537,-0.84373807292064074,0.5088422723927976,0.4604788853904758,0.9384184744576627,1,5
-0.64055879760894585,-0.76371973936117099,-0.080103598645047791,0.76731830755284658,-0.64066518666926509,-0.027762087174259455,-0.030117132997961885,-0.079248206920668932,0.99639985949408993,2.0714028415712495,1.9579806556425432,-0.63481456333130482,0.1432614670231088,0.093629415799177,0.3245614035087719,1,4
-0.990556535317486,-0.13438687338233632,-0.027164657228416104,0.13703391069035445,-0.97679123164675663,-0.16462258988036665,-0.0044110838492814261,-0.16679046147946036,0.98598249695354245,-29.970433175707381,-1.4608533317877572,-1.4278383835484565,,0.3121822615453437,0.2571428571428571,0,5
-0.28216954407173273,-0.95475172667347363,-0.093965359640517498,0.9584262692792862,-0.28486897411021495,0.016393716625084532,-0.042419744857086689,-0.085433061536006286,0.99544048402847529,-10.070044560081692,6.2336630570220048,-0.86278993785781344,,0.1965972411625025,0.1594202898550725,0,4
-0.23973673694372713,0.95615127594754468,0.16822911300799465,-0.97079883240226383,-0.23454529433590016,-0.050379876054705106,-0.0087134359454579691,-0.1753945335772141,0.9844596658194058,-1.7806358604378023,7.8966374715626921,-0.5500716313183065,0.5512733410150511,0.5718296677643899,0.7391304347826086,1,3
0.99464570377454331,-0.099843037062780013,-0.026670056485200898,0.1014389492960265,0.99256127241304537,0.067322062293980703,0.019750026039518094,-0.069666982537474539,0.99737477811280228,10.093973262747328,-5.6580685079358508,-0.39340944945955209,0.1256757668586296,0.1146008884567995,0.5555555555555556,1,5
0.95583215241827924,0.29362235558858607,0.013069380323872452,-0.29274249783136741,0.94711895153831083,0.1314059420285989,0.026205464447172883,-0.12942798745086581,0.99124248783913982,-19.79917063117745,5.7572656916857721,-1.1226886185983975,,0.1502324235395215,0.16,0,1
0.70793867762302032,0.70170436868952368,0.080211019737979353,-0.70580428936034345,0.69874985484124252,0.11657163239778097,0.025751385320210995,-0.13913884907307492,0.98993800150954436,14.44489113336598,4.0957086143121266,-0.094898415394960578,,0.1025212469671257,0.375,0,5
