axis_00,axis_01,axis_02,axis_10,axis_11,axis_12,axis_20,axis_21,axis_22,location_x,location_y,location_z,dbh,dbh_approximation,score,reconstructed,number_clusters
0.98150087789723672,0.17952885290407367,-0.066523812743260191,-0.17591353867701059,0.98276788583843389,0.056760104605141762,0.075567543278082017,-0.044007653193531886,0.99616909852861424,-19.581225179637823,0.97457438161652599,-4.9182447820319126,,0.2796678714117522,0.3205128205128205,0,2
0.98669375525524761,0.16167791285010533,-0.017195517925676009,-0.15752077467719403,0.97677314178311081,0.1452633299778345,0.040281992073322719,-0.1406217692520835,0.98924358937878343,3.6483013777361637,12.861757284388707,-1.6366954278236387,0.6323679805058371,0.2395404056199918,0.25,1,3
-0.38045940303678616,0.91907475105006176,0.10272411899431819,-0.92316772274668579,-0.37084680520702934,-0.10116324800261285,-0.054881675626667389,-0.1333200999474807,0.98955229908802833,-17.940893578762662,12.756311654568178,-4.0185866752378239,0.386483757828663,0.511914900112845,0.5434782608695652,1,6
-0.85768298292600476,-0.50043980224615436,-0.11806737537093193,0.51262253037320804,-0.85009102911279155,-0.12067884477291467,-0.039975519420269966,-0.1640281882780682,0.98564532733498744,-12.579646700205611,13.047391926382753,-3.3311129927232597,,0.07367329604782688,0.3461538461538461,0,2
-0.49200551928313496,0.83966571789806532,0.22998271931095021,-0.86815591961705019,-0.45345133402981291,-0.20171065143035433,-0.06508354806560053,-0.29890361298135881,0.95206132256167353,-17.897560226155726,14.367928680570223,-3.9298305026235774,,0.4687341032021072,0.1666666666666667,0,1
-0.98708407917729557,-0.12397465431946411,-0.1014657859629549,0.14798512177662082,-0.94820473503418834,-0.28108394509737478,-0.061363053765841107,-0.29246891380985196,0.95430420206945321,-18.152890252963811,-13.04647540849338,-4.9698262186344113,,0.5696955184753304,0.3333333333333333,0,1
-0.56658294960848821,-0.81581722310101812,-0.11587070252953334,0.8239619096930404,-0.56235733193094462,-0.069577313820720632,-0.0083983681714241004,-0.13489436502408786,0.99082439296618252,-11.891122557656018,7.2454686925417731,-3.4914967955039877,,0.08560232327177315,0.4285714285714285,0,4
0.28489200055279318,-0.92905899151541471,-0.2359786818875573,0.95803813661178061,0.28409328755849778,0.038130470251933418,0.031614503292887251,-0.23693964262775136,0.9710098500700074,0.72781369066660306,-8.8643478458181821,-2.608010520224969,0.3317526051873423,0.2332868481544115,0.2727272727272727,1,6
-0.79551409604320245,-0.58927328822214708,-0.14111808808378762,0.60509784080168327,-0.78480901460476948,-0.13390822847096104,-0.031842205540860709,-0.19191613372238492,0.9808946281651989,-2.8731689901349049,5.9965145777496502,-2.4659937668938685,,0.07464131193503029,0.3388429752066116,0,5
0.92284623634815233,-0.36116535558823454,-0.13384472339570969,0.37446878825710056,0.92263444876242429,0.092297348705782184,0.090155147824784607,-0.13529693226264225,0.98669488163312624,-12.048606414559181,12.233523720923877,-3.2812090477801954,,0.1506414981285118,0.2758620689655172,0,5
-0.97372430988027803,-0.19768350661636597,-0.11305839004706313,0.21704157443534958,-0.95589028743808269,-0.19790581938933838,-0.068948700602704388,-0.21724407838511481,0.97367914997282401,-0.48818577890254561,14.364968812520265,-1.9872319323398797,0.312881332095695,0.2306490004913155,0.2727272727272727,1,5
-0.088497125888789177,-0.9793316562394011,-0.18187293860498971,0.99574363646368136,-0.082260846559287684,-0.041566375418520284,0.025746245386616393,-0.1847773260190218,0.98244311318149702,9.4221596114840782,-7.179589943627434,-1.824064104577396,0.2805666161240269,0.1098448662654879,0.2608695652173913,1,5
-0.45088569154901864,-0.87736406582513882,-0.16411699837355159,0.89253711328778873,-0.44501420143282644,-0.073074358888773949,-0.0089215783505384449,-0.17942869481185239,0.98373052657618087,-9.5617597052376624,-14.460425107925881,-3.882562938106092,,0.1064602036261411,0.2857142857142857,0,3
-0.95014847173270556,-0.29779876605620781,-0.09237844228717422,0.30725110289674323,-0.94466783521350994,-0.11488881965516574,-0.053053194368858421,-0.13754481469114749,0.98907369923521804,2.4371393379444788,10.187147167812054,-1.8203899510792041,,0.07558233886317814,0.25,0,5
0.98852609106745337,0.14746230876030936,-0.032726667627150458,-0.13923497831489165,0.97356173911854171,0.18108329834120776,0.058564392701969496,-0.17444886820945066,0.98292309174618997,-13.061403304988861,19.948349456110943,-3.0644441524244197,,0.2698950833621425,0.2916666666666667,0,3
-0.92987298643281635,0.36279174399383557,-0.060978517466631882,-0.3579301622777325,-0.93049738011330219,-0.077850013064349716,-0.084983692755452409,-0.050564573489693482,0.99509848551460156,-9.3310176358305181,12.337727202477991,-2.9703640468437937,,0.1039199453206321,0.2,0,3
0.80519933935498467,-0.58683178047324536,-0.085337479039958336,0.58866221616335468,0.80836654311961931,-0.0045085725550192317,0.071629736589928841,-0.046604649890720197,0.99634190288505853,-7.6972926418713579,-4.7972700837189128,-3.2941312604430357,0.4946042786370828,0.249676241729456,0.923943661971831,1,4
0.83836703795679268,-0.53008580592074328,-0.12708165890052955,0.54197966514448737,0.83552327448310337,0.090326631548529684,0.0582988184908068,-0.14460254547687032,0.98777090036312898,6.0807903441415236,9.8899540104454182,-1.5012852558567729,,0.1504820364462222,0.3166666666666667,0,5
0.76098432034907992,-0.62597155078212208,-0.17047721781596878,0.64441041343977634,0.75972035860530196,0.086949386260096961,0.075087170896395328,-0.17602441402276084,0.98151786658966034,-22.688894074962249,15.531176167401881,-4.5973642322654209,,0.2931822312841018,0.1428571428571428,0,1
0.13983150679885217,-0.97890866035106749,-0.14894624666651263,0.98892453661800461,0.14562420345497901,-0.028667965448722479,0.049753498180819318,-0.1432879131601196,0.98842964512452258,7.036287983323815,-9.5873853905381896,-2.0921893804024179,,0.1372788806826046,0.375,0,5
0.65287749856746879,0.75617979307186289,-0.044080521935214882,-0.7573261406962053,0.65276109921028136,-0.018975351801195476,0.014425272353699952,0.045771911775472879,0.99884775797412761,0.71791480279661557,2.84153241679922,-2.1074032030081526,0.1394377786611197,0.1066986592212751,0.5057034220532319,1,4
-0.95163000039376444,0.3038763396529171,-0.045381852647384702,-0.29559060768480294,-0.94578430020318871,-0.13460404948475518,-0.083824429607918471,-0.11467880226227715,0.98985970587381555,-10.616224379233683,18.155191287212208,-2.8373508229323816,0.1970228137172998,0.1319021999311796,0.3055555555555556,1,3
-0.66487139691295583,-0.73370115054643814,-0.1401022742636516,0.74677264568257318,-0.65708610306781101,-0.10280305839520844,-0.016632535202583398,-0.1729753590601589,0.9847857045726971,-12.458336570941842,13.222475606388061,-3.3160557502194976,,0.08161760667564449,0.2608695652173913,0,4
0.035110700607044583,0.99903853258205944,-0.026253554410180961,-0.99885080027530049,0.034222327573364381,-0.03355459856493806,-0.032623879172705421,0.027401509296883491,0.99909200767295603,-0.11755576024429558,-4.8330353179106291,-2.5065258304761131,,0.07085847861977665,0.2111111111111111,0,5
0.06857885810294434,0.99420036034207049,0.08284071291938748,-0.99764566147573863,0.068319324003786611,0.0059669176549977361,0.00027269017608590477,-0.08305488223675811,0.9965449373594274,-0.042741604185651171,7.9688185614953335,-2.1210711890214702,,0.2972922814958358,0.2406015037593985,1,5
-0.97192045755638468,-0.20431695035773212,-0.11672706618391995,0.22822114872619695,-0.93932592397991577,-0.25608966362072139,-0.057321300207552169,-0.27553836817364497,0.95957953094400761,-3.2916934304306675,-8.487351288708016,-2.9619198948861074,0.9571724354054973,0.6078904798805576,0.2028985507246377,1,2
-0.9986184224865815,-0.031124202405402146,-0.042338284035118585,0.041600722583719531,-0.96050900735581035,-0.27512147620436395,-0.032103366660262457,-0.2765026777681972,0.96047677901971806,-7.4993895575695211,3.0224278167402319,-3.0062471972031672,,0.4357890756757978,0.2203023758099352,0,2
-0.67427410547453148,-0.73363808798461005,-0.084436879056530231,0.73825351126781014,-0.67248445696605452,-0.05240618512944873,-0.018335315303302849,-0.097671956043470495,0.99504975012075236,4.3205578261153246,-10.656842634601997,-2.3584371413375127,,0.09268541526505347,0.4375,0,5
-0.38879030088474598,-0.91685660864952012,-0.090642490663311717,0.92128513747591523,-0.38595719623041475,-0.047652262736844329,0.0087061704516256753,-0.10203431703920517,0.99474278119643045,6.1713414117891521,12.567762977785142,-1.4287020787008156,,0.07858700828603696,0.2857142857142857,1,4
0.27860890473652555,0.95977839527694975,-0.034677228279029512,-0.96026597593520435,0.27777348427448495,-0.027039728090749147,-0.016319732311616555,0.040832871483827221,0.9990327036407074,-18.530406803832573,8.9981293284012356,-4.3446090422247812,,0.2233426994314496,0.6944444444444444,0,1
0.87058500748805412,-0.48544064805038334,-0.080181805650965748,0.48967139897170386,0.8707475106800594,0.044952126463334088,0.047996518270807025,-0.078397384298871275,0.99576612935416509,6.013266445928994,-14.210797428586531,-2.3510553226041306,,0.151302328818536,0.1875,0,4
0.98559760967026244,0.14402156358720927,-0.088629233518972853,-0.14143889113381053,0.98933533226135495,0.034794258350382593,0.092695155683041597,-0.021757517349423557,0.99545678889225842,10.006862900034234,7.5684474375415896,-1.2337234456152708,,0.100222235553181,0.3333333333333333,0,5
-0.52520532680773213,-0.84593511136176625,-0.092483252852287243,0.85097331063171733,-0.52234171314815603,-0.054804737915123053,-0.0019466086609957703,-0.10748452014502535,0.99420485245442003,-5.4316499006129497,-8.4542634257246636,-3.2004786452427676,,0.07103869782221126,0.3384615384615385,0,5
0.53305639224105095,0.84390953436480987,0.060560552335026829,-0.84603008378060607,0.53088264928855966,0.048956205148481931,0.0091640618251259548,-0.07733246726006511,0.99696324379504331,-6.5364759370183263,23.308960202575541,-2.2106326897380071,,0.2527540621038593,0.7105263157894737,0,4
-0.99597558491221261,-0.05456225644655853,-0.071102703396120931,0.062117045725732137,-0.99212311928952668,-0.10878046148793562,-0.064607328447197743,-0.11275937363554703,0.99151965021790456,8.4041115003851434,3.1614881313821703,-1.4896574658405515,,0.07548601665393177,0.1944444444444444,0,5
0.94875225705741106,-0.30294515301479585,-0.089963264687934474,0.30595733576243717,0.95180254285948807,0.021494838900665725,0.079115506834126589,-0.04791819770250335,0.99571310270947233,-4.7687212128705712,14.153056350654253,-2.4163592614093319,,0.0912153572514335,0.4761904761904762,0,4
0.98088836042178107,-0.16857700043748472,-0.097158732559513003,0.18499578476738543,0.9627411098359715,0.19724633089135568,0.060287511205637502,-0.21145058608408548,0.97552758322731581,0.37908074575977307,23.607511795665413,-1.5188601267423862,,0.4230978853513403,0.5,0,3
-0.25099402588539577,-0.95529579844224066,-0.15624319648689314,0.96731473286549829,-0.24150849294573776,-0.077303657199562587,0.036113800010387088,-0.17053910200795344,0.98468888900765461,5.6872155199330212,14.811189621690509,-1.3785321042625558,,0.1400554851857858,0.4210526315789473,0,5
-0.99541534317450253,0.067098328431866541,-0.068162371543519035,-0.06275477348505365,-0.99597589148962928,-0.063983294509415645,-0.072181250873249281,-0.059412438875107616,0.99562042422264752,-2.4392443816804885,2.3297466224301915,-2.4076065981658763,0.3471041800196217,0.2909401952454401,0.9286094832179009,1,5
0.44701032106091693,0.89114600283413592,0.077721132890345365,-0.89452525402269667,0.44556273775577226,0.036033548801253285,-0.0025184877699367951,-0.08563088436028031,0.99632374701350446,-13.855894488811819,8.5348549364339465,-3.6792402971566545,,0.2348343817256478,0.1176470588235294,0,1
-0.94928417765796813,0.31147593053202216,-0.042921961132329739,-0.304405846807558,-0.94462526848208173,-0.12255685445754762,-0.078718679343646722,-0.10327558687495246,0.99153291557972267,-7.6967743632896575,16.814326221914236,-2.6158517416186369,0.5707448164099245,0.4917458652518521,0.9221556886227545,1,5
0.99725811900199446,-0.025135585440271464,-0.069602057650466329,0.024005721417147526,0.99956688678964933,-0.017022460835377496,0.069999781598561558,0.01530493966745634,0.99742959119826069,13.069855724635488,4.0153545733861975,-1.0978408646386546,,0.09221659577036606,0.4090909090909091,0,4
0.89022091503092382,0.45452430076376382,-0.030238757525982846,-0.44991206127206418,0.88769687260691488,0.097843750366719495,0.071315212706871217,-0.073497771252697172,0.9947422872570858,-17.246399913384014,10.406850060569846,-4.0842605738993987,,0.1629370833509874,0.3448275862068966,0,2
-0.68578296096648439,-0.71518287020664639,-0.1349636714491087,0.72724483313479804,-0.6806502448346845,-0.088488399721221536,-0.028577668323007552,-0.15883546949427199,0.98689138738959137,-15.798760336972043,11.143346226333263,-3.8461538717727795,,0.08872576697727934,0.4117647058823529,0,3
-0.70970339732480525,0.70363109450804406,-0.034991008374176624,-0.70042062164495233,-0.71006007332251997,-0.072288623224661397,-0.075710241051844845,-0.026795057653050496,0.99676977496573471,-17.896956901478262,-0.27272718207995822,-4.6423547668992686,0.5534916461603195,0.24441366811846,0.7323943661971831,1,5
-0.072987872488444641,0.99658200727918678,0.038692030665195533,-0.99689195734405944,-0.071747274048096554,-0.032538501031809101,-0.029651236944523072,-0.040946690147717915,0.9987212687800362,-9.6218803927145231,16.874027287584557,-2.8252575338243933,,0.1294569606203498,0.391304347826087,1,3
-0.23689813118523287,-0.95623053137469805,-0.17176276170289689,0.97116488532863499,-0.22820145666020455,-0.069013481891441825,0.02679628604049086,-0.18315912765959194,0.98271801296679862,-13.394652239303287,9.7730982581276375,-3.5609527418135118,,0.1009107323361905,0.2424242424242424,1,4
-0.81169072765253902,-0.57445533867470078,-0.10563724017138411,0.58302123319564081,-0.8077709523305,-0.087133978527968364,-0.035276114949446484,-0.13231459647073174,0.99057985204367094,-10.037581168259585,6.1782074544686454,-3.2497562641102271,0.3016748846527982,0.2084596696883925,0.693069306930693,1,5
0.54233004174053157,-0.82913683973843288,-0.1356842909635346,0.83817204175307858,0.54505957860301557,0.019434098810570184,0.057842495184672507,-0.12426647480985067,0.99056150187110714,7.59889856200867,-6.8325816776986095,-1.9597220119725993,,0.1173253264695015,0.1739130434782609,0,6
-0.9191786860049147,-0.38506587512171409,-0.082672940016828206,0.39104740835767782,-0.91728180805554449,-0.075339292716981046,-0.04682379321478846,-0.10157931101902469,0.99372489953803533,-5.8956860777515301,-11.909238465997861,-3.3537364272084771,0.8379568344661382,0.740635640988906,0.9806629834254144,1,5
-0.99524361673901818,-0.083521536960637799,-0.050142758240568748,0.09072457647510937,-0.98214924919184776,-0.16477834668215233,-0.035485131585656721,-0.16854377821689029,0.98505522701050885,-4.2649100607690666,2.3337734657274933,-2.5862461919058735,,0.2244385746807758,0.3167420814479638,0,4
0.20694980807307112,-0.96672810916642127,-0.15036136433949326,0.97727667519915906,0.21146873305451575,-0.01453530364303519,0.045848413824212321,-0.14393657592089942,0.98852424606681732,1.1582479179432081,6.0734690841720926,-2.0563525626753347,0.2667205588963413,0.2052408836135041,0.7730061349693251,1,5
-0.86266016687793579,-0.49578835584434727,-0.10005669738348251,0.50443916202939887,-0.8577797414270103,-0.098767641505145581,-0.036858761417184208,-0.13567542668652213,0.99006747764999337,13.824868651054881,-8.2193961519362624,-1.5243434961045184,,0.0857902603498901,0.2631578947368421,0,4
0.87446042245629518,-0.47670105111366207,-0.089861434579515967,0.47927226687968305,0.8776277961978789,0.008218609424101261,0.074947073042038681,-0.050254942124987788,0.99592036681375606,0.14629344443745901,5.5321158441980787,-2.1712555604974226,,0.09144384064951119,0.2073170731707317,0,5
-0.79432637200249512,0.60721623335034258,0.018277327407900779,-0.60274158306010661,-0.78400425603408797,-0.14845844728621402,-0.075816876693452551,-0.12894096508192812,0.98874973007945277,-26.622325354660973,20.558203415346675,-4.9162094090050621,,0.2771720642631735,0.25,0,1
-0.18038218481521504,-0.97542653010629976,-0.12651225935091789,0.9833083858131958,-0.17571797440406145,-0.047199701914120658,0.02380936350971781,-0.13291455088182738,0.9908414789325003,-14.425852765137206,11.805903862297207,-3.6374673003171476,,0.06574014362854981,0.2068965517241379,0,1
0.14581738157166363,-0.96380003320754781,-0.22321914617862135,0.98631449865373066,0.12407739894227712,0.10857489957240785,-0.076948040761433564,-0.23599638781313564,0.96870258798153708,-19.576344695695809,14.478970129233987,-4.1458903002873351,,0.2748563816222874,0.4736842105263158,0,2
-0.90413058207227992,-0.41897751075593065,-0.083700275043778652,0.42518286165937846,-0.90158535146759977,-0.079770847871803954,-0.042040750621061482,-0.10771118558352423,0.99329294560437142,-9.4886553598338388,7.7252070998066964,-3.1734661069918402,,0.07915269339545272,0.2710280373831775,0,5
0.25706236617334249,0.96507336250762088,-0.050520737084856653,-0.96625362995288,0.25577977560339848,-0.030506212402705579,-0.016518550185967821,0.056657844739363833,0.99825699402971591,-1.6323083721830067,11.185025835973182,-2.1737374266044851,,0.07535192657740247,0.1428571428571428,0,3
0.62481547582105224,0.78074706841631603,-0.0062957393401923281,-0.78076054255955041,0.6248301689720176,0.00048489639752470907,0.0043123493165891915,0.0046124940897187472,0.99998006407210105,-20.127566945279014,-0.96188351456760723,-5.0083154657495532,0.07492369309609012,0.09350910694980431,0.3076923076923077,1,5
-0.99223484820351326,0.11983100270495957,-0.033324717572328251,-0.11182827213952687,-0.97678424493090099,-0.1827210343804429,-0.054446703856518001,-0.17757553222641637,0.98259986097783769,-20.261900107273465,11.728026087429422,-4.3958925933403759,,0.3871972676283309,0.5238095238095238,0,4
0.99381407138901612,-0.095383954292929785,-0.056881392147445371,0.10252571015205045,0.98485801465497902,0.1397968874033732,0.042685715022767162,-0.14476391896221222,0.9885450609353611,-12.607009234396575,10.192346740830635,-3.4389553507083992,,0.3420146189696003,0.2857142857142857,0,4
-0.56275080750528184,-0.80426261296618795,-0.19097952255922904,0.8263471160530842,-0.55334799532672907,-0.10467301399424635,-0.021493544214546249,-0.21672020084128774,0.9759971219754735,2.4772216442018027,-11.685613348497451,-2.5420574747851621,,0.3450960194224569,0.5,0,3
-0.13416302290247736,0.98449687778287864,0.11298752551248044,-0.98939097315340729,-0.12666499143768131,-0.07114409453108006,-0.055729574986935142,-0.12133374460493768,0.99104608212328849,-16.07528912988489,-3.998391615882352,-4.4228634046842039,,0.7796612682990887,0.6818181818181818,1,3
-0.69832780629072511,0.71235256027008464,0.069943583249922295,-0.71073615850288041,-0.67851247492968536,-0.18567426951886021,-0.08480794749168255,-0.17937293898871465,0.98011885034458901,-4.3117481097033838,23.849741583339849,-1.9468046997330102,,0.3625569281823409,0.5,0,5
-0.34278850345301654,-0.92457155820935866,-0.16632340680360672,0.93934570189349154,-0.33523603440012006,-0.072432406931594889,0.011211344016839979,-0.18106417367883207,0.9834073778324709,-27.130919014140879,3.2903893862712481,-6.0815554929471958,,0.361446877941635,0.5609756097560976,0,1
0.66644502650402004,-0.73412334613827235,-0.13005360165256249,0.74204349339265274,0.670045438484415,0.020262385838244128,0.07226673205345209,-0.11000919516556715,0.99129990235919008,-13.500575006529424,22.5034517094427,-2.9571964385225926,,0.1046994735001875,0.1,0,1
0.63246573836805076,-0.76920048898979121,-0.091201411877351923,0.77126860555887977,0.63626388787577381,-0.017691892619678212,0.071636777355055081,-0.059151269834813197,0.99567529818064227,11.239364825975526,-6.013832511126104,-1.6320746752752961,,0.09631543692918297,0.4583333333333333,0,3
0.73095010640655245,-0.67476481363654184,-0.1020019030326981,0.67826878838508853,0.73481375116975689,-0.00044921537679887941,0.075255515723919059,-0.068856353155490824,0.99478410219667901,-12.275895781719711,16.786548540701443,-3.1196955817286369,,0.09934104299881955,0.4827586206896552,0,4
0.17386685213437317,0.98414822781741784,0.034965460281817379,-0.98232136447375951,0.17582722496946554,-0.06426137142910103,-0.069390594660198646,-0.023174396289272304,0.99732035611900116,5.9439303177467515,-9.4447760048454992,-2.1778152354767202,,0.1549213656385398,0.2758620689655172,0,5
0.53785676375570179,-0.83824066917565365,-0.089792439671698282,0.84052311347639341,0.54142098664670701,-0.019601299203294831,0.065046117441347834,-0.064929929604605641,0.99576759680527227,-3.3511077877032398,6.9104361854669012,-2.4919513319963174,,0.2343732992133507,0.8333333333333334,1,5
-0.9003874991022478,-0.39903509779996332,-0.1734166721632398,0.43201632082691227,-0.86722983959423983,-0.24753646975047389,-0.051616373367155244,-0.29779757561323805,0.95323258125144827,-11.89820717925957,8.4854852011834971,-3.4507104456916573,,0.1364434125014744,0.2571428571428571,0,3
0.93898938331131643,-0.30574726467340163,-0.15753586313397594,0.33307875187668889,0.92255674717062675,0.19480142016479318,0.085775772085718321,-0.23538831405718927,0.96810890840256858,5.2766113746000336,13.360183258897971,-1.4648470268046265,,0.4112495430469681,0.1176470588235294,0,3
0.66097630411854291,0.74474643666160478,0.091994948087556844,-0.75018613030470516,0.65282499005279981,0.10507284264267898,0.018196024077873487,-0.13846399330657377,0.990200296538712,-13.438247512487269,-14.204731051280003,-4.4245569402245959,,0.4604684033572472,0.6,0,2
-0.30285526764346349,-0.94120184579460253,-0.14972565689767156,0.9529721061455273,-0.29724708915716769,-0.059062110495219408,0.011083851729647603,-0.16057164587941405,0.9869619520378744,-12.742028175741508,7.2651585972151391,-3.599797415211603,,0.09228700774456511,0.4807692307692308,0,5
-0.75070569938159792,-0.61896954288139472,-0.23090616687560311,0.66056510373948996,-0.70842984805318321,-0.24855762734018508,-0.0097312197397880357,-0.3391221835453147,0.94069200485059634,-16.760582253996624,14.58454049031711,-3.7491597265692911,,0.3091989100371286,0.1428571428571428,0,2
-0.99550885951832213,0.062057007716728993,-0.071491526866989299,-0.053718169963627979,-0.99212164422053883,-0.11317685843356942,-0.077951708360281452,-0.10882817127186917,0.99099947542939315,7.4396426935761575,-3.8540355292785544,-1.8490708965402058,,0.7034753319417998,0.9504504504504504,1,5
-0.99720558028708584,0.042472412974342545,-0.061458317422724146,-0.029685735958953879,-0.98020898439125326,-0.19572711615727448,-0.068554997811032539,-0.19335573706204032,0.97873069391959067,-16.759014756309728,15.530429658901708,-3.7198861661185432,,0.5152114447830464,0.6666666666666666,0,1
0.92649509354483583,-0.33400683225076844,-0.17333862133740394,0.36951824745513356,0.89461442007270653,0.25123953549483752,0.071155508817178928,-0.29682398051333719,0.95227749010316598,-5.3511231509404205,20.949557171349092,-2.1729248978786022,,0.4388688329819477,0.2,0,2
0.71419495273617051,-0.69333108096830887,-0.096008237404373711,0.69635222724563939,0.71769473711331799,-0.0027999874790349023,0.070845925050182001,-0.064855813025212525,0.99537660130255301,1.5322444904165013,7.2959019599847839,-2.0232578349606838,,0.07369604823348075,0.2714285714285714,0,5
0.77590360345915932,0.62176593208233366,0.10668047544362776,-0.62869895270932585,0.7760773498112673,0.049412285639473953,-0.052069424821950608,-0.10540907366876284,0.99306480261209751,7.0441327648831953,-11.702073959562275,-2.179392718491111,,0.5340978329392221,0.8,0,2
-0.50667016809090415,0.86212102354252784,-0.0057167764272922838,-0.85942377277105242,-0.50558872329342441,-0.07596592442995137,-0.068382158219132599,-0.033576534134872223,0.99709402605410491,-0.63997636933191704,6.5967756333954135,-2.2315194735666841,0.5475119533308023,0.5324397849158337,0.9042553191489362,1,5
0.66740996460033908,-0.73241922425571926,-0.13463290494088692,0.74046009402922253,0.67192636294471253,0.015290910048906804,0.079264041673427127,-0.10989559918640444,0.99077755776816601,-13.397322687114022,19.051155764270483,-3.1103516769638095,0.5373805550374937,0.3966240522647483,0.9038461538461539,1,5
-0.92524428401212966,0.37844166033254217,-0.026550416712905096,-0.36898549709767281,-0.91397056621429029,-0.16884166258809372,-0.08816301851946437,-0.14642306450377682,0.98528552630537369,-5.541751584274663,11.201328452486019,-2.6325118071057414,,0.2745452005349683,0.5930232558139535,1,4
-0.27012487664584911,-0.94690411273454334,-0.17437073235916661,0.96282134054015245,-0.26513789629633128,-0.051739367487633608,0.002759930710964113,-0.18186395254135215,0.98331982871724277,-13.582558410913318,11.397945386618906,-3.5202428930049954,0.6954812858744608,0.2397455355647331,0.2424242424242424,1,3
-0.95448256842091017,0.2981326168557546,-0.0089425582112065641,-0.28205145918925606,-0.91193739204919055,-0.29802209205314201,-0.097005159398005622,-0.28193463027670024,0.95451708381825529,-15.348538213600831,19.863088290702017,-3.3336674679118596,,0.3280826133861727,0.3720930232558139,0,5
-0.64312611684223564,-0.75498681443558313,-0.12799885883802886,0.76560395851859397,-0.63732579260953548,-0.087558053743142544,-0.015471798088347989,-0.15430730411434859,0.9879017559255957,-21.007246752389289,13.894906677959854,-4.4017330370084098,,0.1011233239718327,0.4117647058823529,0,1
-0.09484799073742127,-0.98653253451499368,-0.13325695852935973,0.9950388436237686,-0.089914122088549944,-0.042581102955636274,0.030025960982910074,-0.13663458197859996,0.99016636616004328,-18.86391127015338,15.368276986942494,-4.008582034427584,,0.07033306327438291,0.4,0,1
-0.38426303005750406,-0.85652610604988688,-0.3445358521054705,0.92319308643850695,-0.35345342617206305,-0.15094767530297831,0.0075132471787529602,-0.37607672778602896,0.92655806398443441,14.177433875685882,-5.049660817787804,-1.3617951999619486,,0.2762377583123168,0.2941176470588235,0,2
-0.028648856491470146,-0.98632822396144526,-0.16228332520253078,0.99929996358747308,-0.024353040761461314,-0.028399158081609817,0.024058798719071853,-0.16298332437010177,0.9863354450598758,4.8718808777482421,-8.0127376029757933,-2.2173411060334165,,0.1324357990968944,0.4936708860759494,0,5
-0.41285122329808521,-0.90132725628604282,-0.13100780319182312,0.91076281345765242,-0.40726916861045698,-0.068138989734571387,0.0080600895761478875,-0.14744830068610473,0.98903692225356432,5.1601031455209458,28.465563238124684,-0.8762061221690074,,0.196745050055833,0.3333333333333333,0,3
-0.74824946669233561,-0.64151275336526081,-0.16906839700061388,0.66339024745231068,-0.7212055646666844,-0.19943899588338193,0.0060095906514324093,-0.26138844802999806,0.96521498333618472,3.4008839762339771,-9.4500569080902839,-2.4100837152863051,,0.2257069089710725,0.28125,0,5
-0.45135788154998596,0.87723779767844323,0.16349284108787202,-0.89008066915164574,-0.42955424260676267,-0.15244525266826242,-0.06350169419211163,-0.21432918369369586,0.97469509891654116,2.9503628468768555,6.6555056366686811,-1.8922107775732133,0.3095905409037068,0.2989812755498211,0.2808988764044944,1,2
0.42835067357244822,-0.89741116716954017,-0.10568300473317695,0.90118314929068588,0.43283770870296989,-0.02281335922841413,0.066216552949782556,-0.08546762524000541,0.99413814590894856,-4.1277368897253064,-4.5085617897637862,-2.8059421377126501,0.1647896760566699,0.1158078779888959,0.7133956386292835,1,5
-0.28698310875882954,-0.89461267177903625,-0.34250381425539,0.95780758082921702,-0.26213050481707112,-0.11786533226708334,0.015663122077041586,-0.36187810922563468,0.93209382610876568,-10.517310007989977,-10.598616566863601,-3.8891829081619682,,0.2101720742306108,0.5333333333333333,0,1
0.50188484581825321,-0.85355484844185781,-0.13984177573022943,0.86140747251703997,0.50784808330158415,-0.0082152649812020917,0.078030557026026709,-0.116337633585625,0.99013978163787708,5.7243204045242599,8.7457830203819658,-1.5703271022738396,,0.1126784190088524,0.3333333333333333,0,8
-0.98170111733721865,0.18393714679033024,-0.049295458710617676,-0.17677962853610715,-0.97651223532479181,-0.12317798989923756,-0.070794626586300036,-0.11220953743605404,0.99115949299539807,-12.746155567175036,5.2897856483857506,-3.6699490556849867,,0.0966427930943555,0.2638888888888889,0,4
-0.39930086477785875,-0.90151109218213676,-0.16684295028626722,0.9167937352534774,-0.39399833405958617,-0.065226986426244055,-0.0069329926895029094,-0.17900576368050991,0.98382359708513079,-8.0024827480370178,11.643431887184335,-2.8630601514820624,0.7074435323143426,0.3792571600123738,0.6782608695652174,1,5
0.80445430646279592,0.59122853714618273,0.057463777089971295,-0.59381286378718157,0.79788890863697992,0.10372835810401612,0.015477455033936877,-0.11756745441691484,0.99294427942739971,-14.066240334610658,13.464714278365587,-3.5215576972547331,,0.595735629000174,0.4444444444444444,0,4
-0.68124734899812178,-0.69879122003720606,-0.21815792509543303,0.73144622576281992,-0.66188850302315649,-0.16398179284021847,-0.029807185381349393,-0.27128295258766028,0.96203798850927058,-15.000939740086359,7.6852554580709933,-3.8701249409501117,,0.3339129828501103,0.3333333333333333,0,5
-0.67227820014823036,-0.73300031251970865,-0.10369456809044639,0.73999660859957217,-0.66937946494883926,-0.065849458357200588,-0.021143340951402433,-0.12100278406224239,0.99242696727900226,-11.47182999892606,9.9113240794086455,-3.3442612599395383,,0.07121910053807727,0.1904761904761905,0,4
-0.9767923687868828,0.21354315117058786,0.016612972878035422,-0.2128222078382867,-0.95889173267692418,-0.18770549500396788,-0.024153180547248177,-0.1868849046659011,0.98208485187252004,-17.773069627193497,18.630365000517475,-3.6832902712232674,,0.250398098538531,0.5454545454545454,0,4
0.89479892695069718,0.4461284950355256,-0.017442655910614346,-0.44517886318991534,0.89449968778574029,0.041062005797902812,0.03392138111595705,-0.028977136997106585,0.99900433704495772,2.4530992031311945,13.351488972756625,-1.7265171683142695,,0.4346551579973303,0.4666666666666667,0,5
0.9690775500117409,0.24588554007924812,-0.02071239346807591,-0.24055624698860831,0.96009213271514249,0.14267371423371489,0.05496720929786951,-0.13327939780185205,0.98955303446736897,7.2087513349022379,6.9832783040321917,-1.4835949626761835,,0.1234576066784716,0.25,0,4
-0.99385122489815836,-0.033512906823786076,-0.10553022242300919,0.063705161910765681,-0.95261369221744796,-0.29743706182277418,-0.090561554284103923,-0.3023310081286103,0.94889123002037756,-6.772894521685477,15.866173010953796,-2.5358060562333886,,0.4836903239964853,0.2105263157894737,0,2
-0.99137398111006325,0.12163345709279717,-0.048815281353682384,-0.11009828111450483,-0.97493981993849954,-0.19331506923651645,-0.071105541792577151,-0.18627305122841142,0.97992160518708959,6.7939464460160268,11.240083350439058,-1.4189417513407552,,0.1829386344959447,0.2777777777777778,0,1
-0.97566371736143898,0.215134433333981,-0.042396771321928636,-0.20944111172203031,-0.97158045308149199,-0.11029888444858559,-0.06492096229336855,-0.098734992702837435,0.99299379145635769,11.285686680779074,-17.830899860735272,-2.0483936058304564,,0.4124702733452669,0.7317073170731707,1,5
0.42279645401902444,-0.89683355763791883,-0.13012581743625098,0.90459317324579758,0.42627414214310771,0.0012436467572196567,0.054353927052586369,-0.11823673555486627,0.99149670951511015,3.679209356567104,11.133829363776195,-1.696995476172847,,0.1330950622114433,0.4230769230769231,0,5
0.9100714373942671,-0.40765989755209231,-0.074722063454846541,0.41212848116865897,0.90920282715491751,0.05916362145035018,0.043818875484735058,-0.084638212536204502,0.99544777820332164,-21.65972003716854,-1.7150756413078658,-5.2325339165536882,0.2047408329972676,0.1704145050348819,0.253968253968254,1,5
-0.56815250227869896,-0.81710620768054243,-0.097673842580155518,0.82292325230929786,-0.56410251052043858,-0.067717637534285322,0.0002344421870816134,-0.11885202141511421,0.99291195080047256,4.1614479050115403,5.8827688219494227,-1.7633259855331662,,0.0901460767105496,0.3134328358208955,0,3
0.87008818982723557,-0.47227500066206818,-0.14107751653898418,0.48326712697692586,0.873698865190362,0.055706166162658784,0.096950636442634006,-0.11664740337751753,0.98843004678057533,7.5112364496802844,-12.59707483964006,-2.1564772908980654,,0.1431154081733278,0.3529411764705883,0,5
-0.95564982752568306,-0.26979758495546213,-0.11807908494874893,0.28892126336445606,-0.93658124843582413,-0.19834331008199288,-0.057078110743264909,-0.22366230847104082,0.97299396762949453,-16.960669210248096,8.5782183248648689,-4.1115890266929487,1.127701198050495,0.5047485207506487,0.1818181818181818,1,4
0.93218607605270454,0.36196267001684362,0.003484986045775781,-0.35887450832709539,0.92288896687802136,0.13958883224601054,0.047309691252928963,-0.13137343844589228,0.99020341990141403,-7.9043559406519446,18.183864226743356,-2.5697492756102571,,0.299454628271717,0.25,0,3
0.99731316338277931,0.045857608561788964,-0.057127347920478806,-0.031078673606315103,0.97103400816291008,0.2369115257600323,0.066336793639019315,-0.23449954099756365,0.96985019208206902,-8.4185936167640723,15.16820384043128,-2.7672796369784303,,0.3254608450220554,0.16,1,1
-0.97196280183113315,0.23426462427191608,-0.02020885131101343,-0.22693940833490431,-0.95710832537450896,-0.18011706871756139,-0.061537117264104928,-0.17048090600868243,0.98343756481297873,9.298453091585321,9.8254481812442958,-1.2361815082903653,,0.5513834459017931,0.5833333333333334,1,4
-0.39035654727020991,0.90918130254718388,0.14495214762771633,-0.9190406723415121,-0.37546368701033772,-0.11996358746997476,-0.054644382925815513,-0.18004549101604969,0.98213930405999306,13.192208893832055,-3.6799429043888146,-1.4037548110696452,,0.3370908421174308,0.2266666666666667,0,4
0.99858719375480642,0.0041524297679277622,-0.052975218696319153,-0.0022684385348841684,0.99936445923258121,0.035574313899002688,0.053089270625182504,-0.035403883258673038,0.99796197041505152,-3.9271140053477644,-2.7962515521394788,-2.6762815030597542,,0.3768186098221732,0.5179640718562875,0,4
0.40112534256169879,0.90793566857793373,0.12145485284129216,-0.91550101394691408,0.39288098182905212,0.086616554879610244,0.030924957832346295,-0.14593613617257409,0.9888105436038227,4.8579989989937902,-12.663383007993815,-2.4132032520558897,,0.490939569307155,0.2,0,2
-0.04939922378808026,-0.9931792857178241,-0.10561544920212086,0.99856672274590863,-0.046931179890303529,-0.025728672305394652,0.020596526737039888,-0.10673504942208326,0.9940741482964105,2.0044567109737881,-14.008127682743268,-2.7176832394614823,,0.1052392156385964,0.4761904761904762,0,3
-0.6565792743642419,-0.74877628215792513,-0.090761973056341608,0.75406980283258496,-0.6543274618573045,-0.056870951419898653,-0.016804431896141347,-0.10578115114297298,0.99424743355540768,-9.4909006531476585,11.502481925764668,-3.0379117899492729,,0.06128096903142338,0.2413793103448276,0,1
-0.33880119934917752,0.94023265404197187,0.034297282585476117,-0.93911049263666513,-0.33572644529224649,-0.073206806726920953,-0.057316925417184972,-0.057011491864549603,0.99672687324868425,-15.108790855660519,-10.25685690008795,-4.4761683483715276,,0.609146776444944,0.1666666666666667,0,1
0.019308019996686177,-0.95951819166232544,-0.2809840569015763,0.99933615260665054,0.027205030429837407,-0.024230980431036532,0.030894246343699916,-0.28032967411312759,0.9594064932834685,1.5123329998219361,5.2075089760608764,-2.0330817788525288,,0.1239708398455224,0.1206896551724138,0,2
0.0050220210944821875,-0.99278653961566543,-0.11979009166905133,0.99930489979835391,0.009407503838937353,-0.036072373231092254,0.03693909234306407,-0.11952566933288231,0.9921436981745122,-13.205268617835916,15.568727455388814,-3.3060309658314573,,0.07453012978097565,0.2631578947368421,0,1
-0.098178365018236555,-0.98340900791253139,-0.15253764059679831,0.99271571526402014,-0.086023354504162985,-0.084353370695532989,0.069832065057485029,-0.15970818900840114,0.98469120898557105,2.1467509324151521,-7.7800103852277145,-2.4302320222104661,0.1319735090337036,0.1399290913870833,0.3118279569892473,1,3
0.80454561435547911,-0.57102105595046815,-0.16322165322829388,0.58900726193033859,0.80237566339427746,0.096248325626578549,0.07600526175660953,-0.17357490732766231,0.98188336971938939,-4.1433950271406639,18.294139276328973,-2.1711087207548858,,0.8928590170425372,0.647887323943662,0,1
0.43220380529655184,-0.88052501181953313,-0.19461647989672543,0.90032797236507744,0.43356614027678464,0.037814602767737689,0.051082412474064511,-0.19156227594624117,0.98015023418357994,4.6289472574380355,-14.232434874039171,-2.4673485525719219,,0.2253570358517905,0.2105263157894737,0,4
-0.99564363630037067,-0.047437422709959008,-0.0802710434790328,0.066935527697334629,-0.96297427687097636,-0.2611516364427019,-0.064910589478570258,-0.2653869495876886,0.96195445960923065,-11.693576939372239,-8.5509528060048368,-3.9350832094613439,,0.3366023935440282,0.1538461538461539,0,1
-0.99520271741808453,-0.069611123059340488,-0.068744765546743095,0.073796232345141849,-0.99544621148811274,-0.060340335809678611,-0.064231357881654516,-0.065123970858511682,0.99580781332760049,-8.6386191441059985,5.2370421633967954,-3.0971305113657794,,0.08310180357607666,0.1690140845070423,0,4
-0.93155290188087414,0.36086549088960695,-0.044556576196167111,-0.3548096941306339,-0.92895719554612344,-0.10558697738834781,-0.079493848493124478,-0.082550750015275273,0.99341134567895251,11.077949605070961,4.6726365662058464,-1.2460774989459151,,0.07670568876671038,0.5625,0,3
0.98462697422003065,-0.14857034850897707,-0.091850820258873436,0.1606356839788356,0.97672922429129827,0.1421133331111869,0.068599552993867496,-0.1546831405138924,0.98557964029793177,1.6692233795476734,3.2644508387914,-2.0350481986430764,,0.3540278337752996,0.1666666666666667,0,3
-0.88742596464314161,0.45925895543557876,0.039450844470177181,-0.45676167981896898,-0.86462388070724894,-0.20927090758079736,-0.061999396175629863,-0.20373207102210986,0.97706157334678689,5.8012775931896297,11.774778887992301,-1.4948995100800044,,0.1640687182112177,0.1363636363636364,0,3
0.98869549474926754,-0.13577216101821762,-0.063617127842631654,0.1356861852436399,0.99073552611153048,-0.0056900293970727671,0.063800296210371851,-0.0030062589632468902,0.99795815774536167,-0.7047140404239316,15.361053624597629,-1.9474268042857079,,0.1315571619787225,0.3333333333333333,0,3
-0.65975495213630408,-0.73672099389503465,-0.14820789549121524,0.75130257828582558,-0.65093841517674533,-0.10873644976850404,-0.016365787261662545,-0.18308838521735715,0.98296022513925052,-0.31523486483944935,-13.489079999133191,-2.8712874500295995,,0.08995043261706752,0.1875,0,2
-0.78316007096814477,-0.61663274791460432,-0.080152089432867724,0.62108445752452357,-0.78197621941076401,-0.052605027302700544,-0.030239045332800297,-0.090979373900533858,0.99539356721953343,-18.717767591736898,20.83046080869741,-3.6451889035070959,,0.09429893895878474,0.25,0,1
-0.92259652746284848,-0.34286207098942595,-0.17680850598977244,0.38271764613916937,-0.87101454278828949,-0.30799491811554602,-0.04840300452644735,-0.35182277715939592,0.9348143573055897,-11.489802222921004,23.598964244993343,-2.6891236729986185,,0.30621937996819,0.2857142857142857,0,1
0.43349706780588054,0.88796666493554843,0.15360824901984624,-0.90115376222295007,0.42743216709816029,0.0722747491257755,-0.0014795388224384083,-0.16975554333514339,0.98548509195820044,14.248463158206793,-14.568573443820892,-1.6908433650024051,,0.2965297133900637,0.3888888888888889,0,3
-0.98778950353018524,0.14145673934931707,-0.065283134179121724,-0.13746340971899426,-0.98855889577844214,-0.062089617213633361,-0.073319217835556241,-0.052357429940429447,0.99593322659002348,9.2921797555066004,6.0075339536217678,-1.3787605981160227,,0.9037759237154831,0.9487179487179487,1,2
