axis_00,axis_01,axis_02,axis_10,axis_11,axis_12,axis_20,axis_21,axis_22,location_x,location_y,location_z,dbh,dbh_approximation,score,reconstructed,number_clusters
0.99535085285797353,-0.01316611649779029,-0.095411388687481502,0.035621500537067072,0.97069466324310028,0.23766148078906987,0.089486247068445088,-0.23995525442826268,0.96665075774959952,-25.438743567493503,6.4254392577802459,-1.7937933802538337,0.4481567553218054,0.3624976408408144,0.25,1,4
0.96624762986497759,-0.25262722535865445,-0.05044802065397079,0.25651339344787588,0.96157848168540871,0.097814633575152993,0.023799091624914958,-0.10745375082878127,0.99392519571175841,-1.721564164621163,-17.69538459455584,0.32326462537105022,0.2377362425261811,0.1846528609062123,0.4444444444444444,1,6
0.7708613698461324,0.63543245767708911,0.044702798675250906,-0.63499361649068797,0.76096575219824492,0.13309481957400598,0.050555469486720329,-0.13098364673429466,0.99009465648147188,-3.5906451169393008,7.67772798665845,-1.1836691616035713,0.5252299996934877,0.3577306374475749,0.2550607287449393,1,5
0.97510308485092823,-0.21709371745521547,-0.045213844734539717,0.2216784637603042,0.94904987406911034,0.22397096962391611,-0.0057124967462098613,-0.22841771903878375,0.97354646165966019,-10.49927141570247,11.649650642250258,-1.4699785088522843,0.7020591607195489,0.4762823843224068,0.25,1,5
0.81568638223090129,-0.55486138893731174,-0.16365990623736129,0.57849223999288746,0.78312675157003786,0.22816489485320024,0.0015665602689393684,-0.2807869833911778,0.95976883458831219,-9.3192227804094419,-21.319972686747924,0.5369084125426089,,0.4246543237506713,0.3333333333333333,0,2
-0.27106867810023982,-0.94961312188440405,-0.15734258958700797,0.96003963476496523,-0.27854382002114053,0.027152163972386425,-0.069610857151318775,-0.14369502104452911,0.98717073978804293,2.139062227093401,0.64868122932031091,-0.83365403774487956,0.5287916842672232,0.4996677113110284,0.9158607350096711,1,5
0.99272078685054954,0.11542989372323309,-0.034371194187444477,-0.11121122212484821,0.98809443280007425,0.10630830608658484,0.046233142098775534,-0.10171200275554726,0.99373898236263825,-3.8261627134556986,-5.4860898198231363,-0.84917802325492153,0.2360612583697947,0.2053612935918317,0.6191860465116279,1,5
0.99152036339203231,-0.12077079287434084,-0.04797691702721639,0.12562432002946083,0.98526734529065207,0.11604649292868376,0.03325506271335165,-0.12108952841767327,0.99208438497514762,-2.7328241486461375,-2.1517194844544347,-0.92192844704807264,0.1043049546210296,0.08060711639563115,0.3861003861003861,1,5
-0.36701170206788236,0.92536090116058201,0.094918982024195936,-0.92915213173916911,-0.36955787254796624,0.010163410961718357,0.044482880187681574,-0.084464083734417952,0.99543311775784893,-8.0837244340601924,-6.2724876767042277,-0.8454281259628964,,0.3536567502259488,0.572289156626506,0,5
-0.24570346157588327,0.95501598505968288,0.16605504283253439,-0.96810634590453082,-0.25041959625027621,0.0077542783821483094,0.048988896588999895,-0.1588536876951081,0.98608599722167212,3.9043983832797506,12.197151021736619,-1.0351385031032043,0.5616806160868829,0.3155169838517214,0.4285714285714285,1,5
0.19605875745970736,0.98027753182059696,0.024837959478890413,-0.97830043398444211,0.19380708465614369,0.073260322159670127,0.067001675271651989,-0.038662314271209239,0.99700351100985929,2.2346913991747979,8.0752876711598187,-0.97274743432925426,0.1802336731370948,0.1053401695959663,0.2777777777777778,1,5
-0.96257654947943871,0.27100896707280253,0.00072536776247422729,-0.2705704971087024,-0.96085993664074398,-0.059496119647378533,-0.015427005108183714,-0.057465832673668803,0.99822827328648356,-6.4738085614302481,10.979175274739976,-1.2508669565845643,,0.260516590871093,0.325,0,5
0.9356528113674879,-0.34750326832047357,-0.061605966323920243,0.35244443458036379,0.92911746928015326,0.11190910960136326,0.018350398182131321,-0.12642075298395891,0.99180696514065925,-8.7683890936960509,11.42531198074219,-1.3536359877337758,,0.09987474151585365,0.5,1,5
0.77878078332191458,0.62703785549159308,0.018000536353419378,-0.62352328680674662,0.77063552072418295,0.13167993396064659,0.068696450695926434,-0.11377355570901866,0.99112883909364169,-22.847093486483924,-5.4897432971939244,-1.1106054452480973,0.3305486181311981,0.2471192332118353,0.3636363636363636,1,5
0.27499146172534594,-0.95982110626793493,-0.055885060085457947,0.96021336700824234,0.27123118124578466,0.066512676526436776,-0.04868249990347543,-0.071951999851385437,0.9962193151713804,-6.5367689308388259,8.7797363823332013,-1.2210741640798397,0.142265503831333,0.08847691398598508,0.5645161290322581,1,5
0.097931672281256113,0.99091035162246444,0.092228317840244392,-0.99296206519322183,0.091089621291849041,0.075690276655059091,0.066601236110214027,-0.098991696320206726,0.99285694810896086,-28.896015394740122,4.4610349248515364,-1.8087576009704391,,0.1330889781625801,0.16,0,2
0.99925504703479684,-0.0066371099464097826,-0.038017098088178949,0.010784356417647235,0.99387902424974484,0.10994627239262302,0.03705467085461836,-0.11027435752673861,0.99321020808282157,-8.459525325076326,17.331835971221242,-1.6027158280641953,,0.0911190968747716,0.1304347826086956,0,3
-0.57713748153764333,0.81653684796721082,-0.013412804187082971,-0.81614327439274359,-0.57612690278818013,0.044586405407835698,0.028678965599893868,0.036679255655929187,0.998915486483541,-14.263927604663952,5.1038016755072801,-1.4366448718685656,0.4416068259749728,0.3961964830400371,0.8488372093023255,1,5
0.96345787648667491,0.26756119501084841,-0.012646231065160725,-0.26418562013052799,0.95697538816793259,0.12001693445960891,0.04421400628799517,-0.11229030842063181,0.99269129556109414,-12.472391129748313,-6.9566193255401965,-0.80027187437124037,0.197334909221852,0.1743589458376606,0.674074074074074,1,5
0.92940066024063039,0.36091304936742524,0.077176314634645832,-0.3666954255242304,0.87930637573774417,0.30389926371505971,0.041819584453731323,-0.31074437787876136,0.94957309037949134,2.3098034367112601,16.829432041598722,-1.2299794060335509,,0.3436054268125835,0.1428571428571428,0,3
0.62530240249318703,0.7792498923360085,0.042029879021548637,-0.77768174179896365,0.61775695194797609,0.11656524693266877,0.064869206167308333,-0.10557439847928711,0.99229331977846069,44.425830843413522,-4.579324775101834,1.6146930015613039,,0.5961132367110243,0.4230769230769231,0,5
-0.44347953461339051,0.89612277575179555,-0.01702566174891609,-0.89556326273819187,-0.44228080700093941,0.048519379554180425,0.035949197665811422,0.036764909050554476,0.99867712332349412,-10.652379530848386,-10.422025982189785,-0.53558526568044662,0.1306280951249045,0.1214897931878068,0.543859649122807,1,4
0.66311851987949422,-0.71358859385239726,-0.22597598836290211,0.74839061334215995,0.63756334688050786,0.1828235996141456,0.013613172083590837,-0.29035202330668619,0.95682306833998254,-9.7584783747902861,-19.174582608481714,0.3026871707967701,,0.3010698092744057,0.2727272727272727,0,4
0.013755371981315255,-0.97739960114678759,-0.21095214959738831,0.99947483171601281,0.0072494164674561587,0.0315833298930265,-0.029340254053194913,-0.21127580467006771,0.97698602029563963,6.694254115659855,5.8222890450923295,-0.75829647385983179,,0.1927959200391832,0.2857142857142857,0,3
-0.90784416626376241,0.4179364317366423,0.033883754338856785,-0.41907534769237981,-0.90168373402422952,-0.10650021949569931,-0.013957891580181719,-0.11088544910566053,0.99373517319216909,2.3408777397626328,-10.009989924137336,-0.3797756470553223,0.5632727002645149,0.3654762038987928,0.5857142857142857,1,5
-0.82226417623263814,-0.56656343149197297,-0.053735487161678329,0.56518535679268311,-0.82401532320821125,0.039550721677306402,-0.066686857412759676,0.0021506310954948768,0.99777163611434772,-15.012377697668429,13.316712308269535,-1.7420627657907486,,0.1027961771679014,0.5454545454545454,0,1
0.33371323023784932,-0.90947931090356582,-0.24795738142389565,0.94151970711782462,0.30855087939391557,0.13541416445116353,-0.04664891288107078,-0.27864625937488618,0.95926020508691912,-29.235466436492068,11.169705790016561,-2.1162294948437075,,0.573532648110648,0.2857142857142857,0,2
0.99901935299014943,0.026549113700312977,-0.035432709646181629,-0.021857852040005649,0.99169028624686861,0.12677779958573276,0.038504112187401164,-0.12587899239083089,0.99129809473201769,-5.5539227743658008,-7.8089080854320034,-0.67419653614897745,0.3718086013295557,0.281222531228794,0.5380434782608695,1,5
0.9952709701199024,-0.089439443817456263,-0.037898310334536126,0.0960090364492064,0.96504787426926097,0.24385418858095373,0.014763500827503264,-0.2463395750950392,0.96907112885758395,-3.0794292244785293,2.4769024927483811,-1.0426606012385946,0.6260252888385199,0.5718289423194133,0.9509594882729211,1,5
0.9025918145969628,0.42936231627739829,0.031241280118932721,-0.4266233258998689,0.88239699354454626,0.1984139198284238,0.057624248547780768,-0.19241503876894175,0.97962028298461146,7.3478034829633545,4.1739244236425819,-0.68934285097426451,0.3862655432222806,0.236131111639417,0.25,1,6
0.75502241005717752,0.6433060502354746,0.12687980943351174,-0.65203061581916755,0.7161681053879797,0.24891629287667849,0.069262084475766678,-0.27066689963019935,0.96017820903134798,5.4817720737463036,-2.2645640888053169,-0.57935223164048122,,0.0950859334210795,0.3125,0,3
0.88882414003163579,-0.4525838257938346,-0.071829859576914859,0.4581892375731792,0.88024342559651914,0.1234266351571396,0.0073668629098224353,-0.14261624144507817,0.98975064385275713,3.4249600498057258,-12.817411385496422,-0.099902219737335748,0.339157472452033,0.3285111600639486,0.6901408450704225,1,5
-0.80103231961150057,-0.56319916751154198,-0.20286429121983721,0.59316392808273455,-0.79241748317771465,-0.14223602488736325,-0.080646000268340262,-0.23426743279552187,0.96882144514462321,-13.381731369456489,-17.307260676446642,0.059530936810043171,,0.2130220784689684,0.1333333333333333,0,5
0.52794247451554999,0.82564227391496003,0.19897632805671425,-0.84620100607704241,0.49145512289023113,0.20595076960076958,0.072253725970355939,-0.27710412791851941,0.95811935653858815,-14.656542705427086,-12.89611863345128,-0.35658343850572444,0.8627389636660207,0.647290236449758,0.4042553191489361,1,2
0.80717332669415409,-0.57683528125296568,-0.1254283818571631,0.58989316096968425,0.7801528141556181,0.20829701199552894,-0.022299760417741992,-0.24212113676191749,0.96998972974894415,-16.463931237443958,1.9960221334499857,-1.413308545253966,0.6328003047873711,0.2811652226577791,0.8028571428571428,1,4
-0.9445070181045313,-0.32440564104884345,-0.051647582779600756,0.32553058838886018,-0.94541453996972191,-0.014872243846891831,-0.044003735915138696,-0.030859806699457083,0.99855462722676469,12.508518129993483,3.0490342850214582,-0.43952742619870072,0.7182387087986849,0.3423622649073876,0.4117647058823529,1,5
0.31401264330185746,-0.94335598645851027,-0.1071239593156993,0.94814650292947278,0.3057499606818867,0.086805360005220822,-0.049135209668748084,-0.1288271879531481,0.99044903292137776,-0.036802256392665454,-15.81772892315132,0.11454790117477243,0.2105580409431984,0.2080777455227795,0.576271186440678,1,5
0.6177549789167559,-0.77894713677062166,-0.10779677240256866,0.7862607936740158,0.60954657447405791,0.10122715978456701,-0.013143452920265242,-0.14728995778325896,0.98900602525037251,16.623455721767009,0.56883710125551346,-0.22851719222043484,0.1602698450745695,0.154944289838414,0.2727272727272727,1,5
-0.98903737359083133,-0.13398204616398895,-0.06207966612556487,0.13999735087940263,-0.98450226850403266,-0.10562208602921665,-0.046966108922288217,-0.1131551793605781,0.99246666946380402,-26.424291271045639,10.174190114507358,-1.9892375747889623,,0.8429787059449307,0.8048780487804879,0,1
-0.78710177981255602,0.61463547509753103,0.051903959073847261,-0.61619341020828211,-0.78731084832102638,-0.02114968869544126,0.027865201090163064,-0.048629835159688363,0.99842809941454824,-6.6243919031480774,-10.265321620767869,-0.47178627126604866,0.3900144509390245,0.2097584044764285,0.4375,1,5
0.82902625301914845,0.55516779986577425,0.06711323116367332,-0.55536638841808095,0.80333126474110284,0.21500477600490528,0.065449571583701169,-0.21551703663900473,0.97430424431891594,1.9587121292621346,-5.7611004536230528,-0.56089741112841784,0.5026402460013155,0.2017482865990874,0.5084745762711864,1,5
0.52866166110208357,0.83905900746341644,0.1284399862787807,-0.84813597640562832,0.51601644710525796,0.1199682951589231,0.034383333277299678,-0.17235721137038035,0.98443424263958279,-24.449344063280172,-17.112220506031274,-0.222686201982391,,0.5575770109857399,0.92,0,2
0.30307380083047247,0.95279044766320298,-0.018347590902486326,-0.95049123774105504,0.30361730867047904,0.066203752561109969,0.068648949210083701,-0.0026253985314649755,0.99763742364393226,-13.837357621454359,-0.21234351354034486,-1.2404802049411048,0.1804259642226043,0.1441427069371752,0.6145251396648045,1,5
-0.91900602585091906,-0.37697300149572582,-0.11540918764555042,0.38888910135830923,-0.91489495793831255,-0.1083165859126953,-0.064754855373392151,-0.14442497042533622,0.98739467115394841,5.2964801936740198,7.1262776477934793,-0.85660441675113153,0.8116391165871274,0.4058996472550659,0.3414634146341464,1,4
-0.90815800339064534,0.41103178711487431,0.079384575697493562,-0.41847802264639,-0.88629316951090142,-0.19839496525942732,-0.011188629919966206,-0.21339467579926769,0.97690200475843059,-6.0113105279720962,4.3318219653046839,-1.1686615180763134,0.6855802676461388,0.4156932456529314,0.39375,1,2
0.39188238708666856,0.91648224199702311,0.080551193630914647,-0.91756723385575034,0.38295578721758333,0.10684210963317706,0.067071350408062905,-0.11578067688812224,0.99100770371060543,5.6740073192842173,4.2116805769748193,-0.74661009323733474,,0.2252401539088688,0.391304347826087,0,2
-0.91317954019237768,0.40720582929419347,-0.016927491334078029,-0.40755492129128401,-0.91253390005565282,0.034363750966302287,-0.001453789975352235,0.038279156705012377,0.99926602697012556,-9.9218384070285275,-7.3666385176387781,-0.7323629212034285,,0.07402067382819008,0.2837837837837838,0,4
0.93953766747951573,-0.31223761249064247,-0.14062945898101598,0.34210111691579242,0.87421166893855795,0.34455882472609373,0.015355689242663256,-0.37183548948130685,0.92817162829407696,-29.557836532168487,6.2651550872435005,-1.9034128675866628,,0.720636884394973,0.5952380952380952,0,1
-0.061268041874860596,0.99388604912692602,0.091851774047597992,-0.99584719234627939,-0.067077611954338714,0.061554556862480604,0.067339412982691874,-0.087699004129886404,0.99386834547326919,-3.3529971077080249,0.56205223733691401,-1.0165296599301317,,0.3542704796503046,0.4137191854233655,0,5
0.24279034376989775,0.96716802528189472,0.075092342115660363,-0.96669080675623409,0.23475260151880797,0.10198088160597978,0.081004525213570516,-0.097351050084075866,0.99194810345221773,15.633653654405673,-6.9036702885728332,0.22515904284784249,,0.1594480474854179,0.25,0,4
-0.5925997352244371,-0.79958845112747878,-0.097385125329738934,0.80202635550556012,-0.59692936165187238,0.020713818391564571,-0.074694570662115559,-0.065830433854334458,0.99503119302469811,-11.485416599593433,9.0297095927723117,-1.47944765643375,0.1932888226160339,0.1705655748339962,0.3253012048192771,1,5
-0.92781166039331509,0.36753205218459839,0.063919585849548183,-0.37298554404313677,-0.91077606599346617,-0.17711222868088494,-0.0068779919340904178,-0.18816787247147812,0.98211279647325223,-16.957811316566115,-2.5568231108634052,-1.2090549367563219,,0.3514098314319841,0.3292682926829268,0,2
-0.5807321248306947,-0.80902219483429316,-0.090737464451736388,0.81123552826565515,-0.58441993494843802,0.018715162687163837,-0.068169765066120089,-0.062740958714121706,0.99569897822106013,-9.7558012783674446,-9.2319210040707365,-0.59371526867873703,0.2713453773528343,0.2658627760234407,0.65,1,5
0.60316579211813259,-0.7890126521811065,-0.11683347943395229,0.79708759910263882,0.59093471414562115,0.12428806448901374,-0.02902389662499217,-0.16809282648516191,0.98534380553638867,-7.2264144555917289,14.65941147266312,-1.4276042799172459,,0.1300384282176451,0.2941176470588235,0,5
0.43482365451619709,0.90051520339191493,0.0008705935898780839,-0.89762140424871473,0.43334849873705389,0.080528835064892015,0.072140169862191364,-0.03579730579752468,0.99675189931592001,-25.325050000457544,-12.908945544774669,-0.57575990151778733,,0.1689118683027431,0.3809523809523809,0,1
-0.93850932887243244,-0.32582732320228208,-0.11417878557005773,0.34125957239643678,-0.92561448563215298,-0.16364512897036404,-0.052365483548026892,-0.1925470837036013,0.97988952269631946,-11.839994389949165,4.691712053149943,-1.3643569210957029,0.3747195828427533,0.248488573370917,0.3095238095238095,1,3
0.65828553758403496,-0.73373721992223229,-0.16819584747696445,0.75205695091401559,0.63132527636887648,0.18931121995190336,-0.032718398335103836,-0.25111369440665265,0.96740447533171448,9.14608623209058,2.6446745169771821,-0.58189603470773499,0.694517869342153,0.3363089283655728,0.3611111111111111,1,5
-0.92711067649657652,0.37386442267786935,-0.026290435177147218,-0.37430247561815444,-0.92719780767577931,0.01420852516445773,-0.019064371801379126,0.023013450349123811,0.99955336567431319,-14.318580689867062,-6.1805834977399767,-0.88492053855426067,0.20439987513733,0.1656334757197707,0.582089552238806,1,5
0.96500052410523618,0.26134344802746273,0.021762137986375014,-0.26103694410317746,0.94926576084936831,0.17536883728971298,0.025173444140515418,-0.17491174189341374,0.98426225176927196,-15.30449322301593,6.3893325926012068,-1.5105236308897798,0.3932004637421228,0.26578349761867,0.3157894736842105,1,5
0.46987903936935488,0.86718750712902604,0.16492275719462823,-0.8797568267634438,0.44472668022364487,0.16806577777873744,0.072398992565146841,-0.22406250774416056,0.97188187476614152,-18.222394133240009,-10.928326388918354,-0.59935647983157403,,0.3320815964150338,0.2222222222222222,0,1
-0.21634811500114559,0.97408715463688622,0.06593715422178259,-0.97494872446714331,-0.21912518649226173,0.038198655796015876,0.051657311150911996,-0.056021137226474602,0.9970923499799359,-3.6906539069169568,-15.833844214020241,0.043499113957728194,,0.06383668763108233,0.3333333333333333,0,1
-0.58826410015453245,-0.79943399073093768,-0.12186321402862221,0.80421603097008665,-0.59413651452097416,0.015439483268202138,-0.084746232955211415,-0.08892185657573691,0.99242681313184256,0.24453957745353616,7.1157526420082808,-1.0176919505627966,0.5822518686943056,0.6928956255609302,0.6362007168458781,1,4
0.4849275998539575,-0.83869403409363719,-0.24786597200023858,0.87362589916198552,0.45149411088288233,0.18146860927303529,-0.04028661332619482,-0.30454126980397628,0.9516467851954783,-4.685833198770383,14.377672755502084,-1.3764766666461541,,0.3503378055247714,0.25,0,4
0.062482532401842379,0.98386115616369574,0.16766979017369035,-0.99600705621011065,0.050735413049545465,0.073456530290787095,0.063764230759274468,-0.1715900441602852,0.98310273095986744,-12.547786688654735,11.345501559125809,-1.5902758099565371,,0.2073431704014083,0.125,0,1
0.93375854301948691,-0.33837641782324734,-0.11660352996042807,0.35310673527139036,0.92414210546228892,0.1458663854961369,0.058400486676957415,-0.17737747538183807,0.98240857812982263,-20.954319057430098,4.3397993538891981,-1.6123177192077762,,0.2804119977967198,0.2222222222222222,0,3
-0.027059205055715123,-0.9949029414774514,-0.097138748505777583,0.99790147234210802,-0.032602904432692564,0.055943740668695806,-0.058825597482782363,-0.095421107005047162,0.99369731881429857,-15.294922841249644,-0.2201324532451488,-1.2757517075410421,0.1411309734592195,0.1023921992314419,0.3166666666666667,1,4
0.71506211262868469,0.69194767227385179,0.099471573415728293,-0.69549121328153074,0.68981017798428745,0.20113152561811262,0.070555987210060928,-0.21300313890664577,0.97450064929928593,-13.33116142972138,-23.384171178201136,0.67104877465993606,,0.2627980607350996,0.1739130434782609,0,1
0.056636394746936519,-0.99616725969328224,-0.066656653870766414,0.99665663629474044,0.052473693177599728,0.062626359098681444,-0.05888860772444085,-0.069980727628977127,0.99580863103349138,-5.0337299471334092,7.9926971633746708,-1.19488317754627,0.1052213080525754,0.08625552662306284,0.456140350877193,1,5
-0.55743248792053413,0.83022227191416509,2.5068039003842288e-05,-0.82969842060383059,-0.55708183268765066,0.035501584991065885,0.029488171496946658,0.019768937934323008,0.99936961972771421,-27.107031659817942,1.5626872973867958,-1.6101814368600498,,0.09908014065139967,0.1428571428571428,0,1
0.95902363848722072,-0.27030492417618279,-0.084905293055509076,0.28263522257680013,0.93363212813182306,0.22010992771569041,0.019773512123456273,-0.23508785014575259,0.97177297293768794,-5.7766895446849578,-1.7184239922483315,-1.0127545032720557,,0.8197964734256296,0.4434102755026061,0,1
0.54647118572090492,0.83325526506393455,0.083993490343139271,-0.83429378019850886,0.53291119141138865,0.1412782728892823,0.072959793714570398,-0.14727975187285208,0.98640029561502085,-9.7383669807089142,5.4330593078568192,-1.3255431034842986,0.1364145301742882,0.1790113763945399,0.1741935483870968,1,4
-0.96770756830496973,0.24988814744799118,-0.033135721061930738,-0.25095509900878982,-0.96742649672361736,0.033279298648820801,-0.023740272255632373,0.040520207330169679,0.99889664744214091,-1.6222536991145726,7.2005860341845684,-1.1082303256869785,,0.07320680811755034,0.2048192771084337,0,2
0.22043818494723744,-0.94565725823166502,-0.23903839978324959,0.97238224975516319,0.19378922210516092,0.13007112576188021,-0.076679638615827356,-0.26110933983610313,0.96225887663980492,14.163732666121302,4.4958828064752732,-0.35711546831373031,,0.7157487118587402,0.4909090909090909,0,2
0.99258318661635758,0.11786605032370732,-0.029769310163438999,-0.11276117032249536,0.98415459820066531,0.13683802581149884,0.045426161119105156,-0.13246630145654611,0.9901460209809485,-10.966976795122095,7.1369926209485097,-1.4067099195982229,,0.0618225493867865,0.2258064516129032,0,1
0.95124334743208905,-0.29334361828532141,-0.095318495463727212,0.30743483296243107,0.92667486947782141,0.21623484862441464,0.024898141447807196,-0.23499618696808058,0.9716773511114204,1.178225166898109,11.935101321620174,-1.1352477357477426,0.8032425905690139,0.7858816828866126,0.4571428571428571,1,4
0.96511089533023264,-0.25078586511252593,-0.075282199586885243,0.26092860969400977,0.9451257626648828,0.19660506959454307,0.021845373835868955,-0.20938897441576493,0.97758837811989441,-20.337443429567315,-11.18599945703847,-0.61139162583024309,,0.1342558342873683,0.3043478260869565,0,2
-0.018229685159222884,-0.99659443171587681,-0.080419010513100034,0.99777202394211673,-0.023295905452486988,0.062516310092668337,-0.064176840195271992,-0.079100186232772401,0.99479872020449089,-15.239117549361184,1.7518730678877317,-1.3600505708774795,0.189211601591764,0.1486371510672152,0.7601476014760148,1,5
0.9918368243712653,-0.11568873823606847,-0.053626762595474976,0.12372685641597568,0.97486615536733234,0.18527720885402443,0.030844429360024732,-0.19039982921385104,0.98122195563123837,1.3833625279944084,-4.4102538665672233,-0.67775023211344343,0.5538337350143301,0.2856628405317804,0.6035502958579881,1,5
0.87000031359110019,-0.46410868407561223,-0.1664409316153701,0.49295619834578996,0.8253982349287865,0.27515802784747362,0.0096768209580976455,-0.32143565941265495,0.94688197574676547,4.5215131488038542,10.044264341657259,-0.95762751040814731,,0.1861092484643556,0.1428571428571428,0,2
0.57344104806435847,0.81558628214178819,0.077358779572749267,-0.81457569579806788,0.55755463843551789,0.1599976905274928,0.087360175194093073,-0.15476382504052402,0.98408147947661473,-21.02289288125224,1.8002143685192162,-1.5281308744122175,,0.5312221931745505,0.2288557213930348,0,3
-0.8320036525773844,0.54776099235004472,0.087908005082496646,-0.55469010818126097,-0.82406497912568355,-0.11504692114283663,0.0094236926812706137,-0.14448115945783147,0.98946267669779642,-2.5191871664598544,9.0536784511821757,-1.1452787736568855,,0.1770461705000907,0.1212121212121212,0,5
-0.52535569263218895,0.84557120775319206,0.094924858903041504,-0.84893060620084682,-0.52843102630107808,0.0088020621363818739,0.057604010922998258,-0.075960404561838363,0.99544552581464041,-6.3083122145652197,16.17835851817933,-1.4984177370069598,,0.1972368412156222,0.2941176470588235,0,3
-0.080456057560354274,0.99568913680072446,0.046151550990986036,-0.99510099403989094,-0.082904965415463799,0.053858874573107875,0.057452889071533939,-0.041592181554823041,0.99748145645462749,-33.473239111958968,0.4830599337862746,-1.7089065476750653,,0.1239928092945703,0.48,0,2
-0.80463481351479949,-0.57405419612460806,-0.15173858043271235,0.58816193822396035,-0.80560990020036738,-0.071121186180975932,-0.081414687278394043,-0.14647343995033715,0.98585860045164531,-14.748265305524729,-19.717641882661223,0.30289740094161938,,0.3657211468243726,0.4210526315789473,0,3
0.35685240137428903,0.93260151822981374,0.053951569289960977,-0.93218823888249613,0.35175329788269694,0.08540904353636071,0.060674961248875649,-0.080771440646387221,0.99488417589855838,0.7513339814080201,10.508151088848496,-1.0928951253126693,,0.603233875802109,0.6,0,3
0.12337225672744088,-0.95205754898333028,-0.27993876061351769,0.99076576215345258,0.10218555108496245,0.089114071245514181,-0.056236027726596409,-0.28834794359127386,0.95587288517470603,7.7037485631062221,10.953812243095529,-0.83222776868593606,,0.2716129830473487,0.1923076923076923,0,1
-0.068720883422891413,0.98601421171864134,0.15183350905002616,-0.9961790431737213,-0.076043162957499119,0.042950568202393714,0.053895770920050975,-0.14830175877678001,0.98747244732227712,-25.237026296955289,-0.0043304254989403376,-1.4962712994841056,,0.1366497990176373,0.4545454545454545,0,2
0.95110011941245132,0.30715013746512893,0.032670413354792968,-0.30439246691241134,0.91404691608632915,0.2680736116816565,0.052476556104580248,-0.26490947179786417,0.96284431909378743,-0.30657263481575209,-7.4760719547050885,-0.56506006468858005,,0.08185643728122696,0.3265306122448979,0,5
0.35795183134549668,-0.92608350828452168,-0.11933072579951583,0.93330279083540368,0.35093977795925307,0.076073470176918206,-0.028572487733019701,-0.13860233738773717,0.9899358590410815,-14.430689064261381,-3.7029307109344263,-1.0620624143554478,0.2262676112311451,0.2494972983460172,0.4326241134751773,1,4
0.28280642176427678,0.95403779636636266,0.099158514073685158,-0.95662804442567495,0.27301200359687705,0.10162298219560389,0.069880701393126118,-0.12359744737021869,0.98986885928206225,-23.943701803957971,4.809714961970939,-1.7023234079535972,,0.1274454107541514,0.3125,0,1
0.44193834928525644,0.89693036757434519,-0.014367016181968463,-0.89414656305401563,0.44174023250728778,0.073263161023110132,0.07205844301477532,-0.019531582305524698,0.99720915463253179,4.7051843446257937,-2.7186287681157468,-0.60412909272353543,,0.08638572181319876,0.3918918918918919,0,4
0.7268581962156021,-0.68352174247341346,-0.06689686211109569,0.68656576227504196,0.72069284048617432,0.096069161251990845,-0.017453270922462617,-0.11575775238868058,0.99312412421410301,-1.2833069256647083,10.952133949925166,-1.1486199023249088,0.1651288112673672,0.09181457663223283,0.5,1,5
0.73366034320836737,-0.67297264204532836,-0.094076159902029097,0.67931268740969331,0.72298786013619309,0.12578881834213038,-0.016636511882064952,-0.15619339664089363,0.98758637562401563,-16.794148426476127,-7.7347741406503516,-0.81537435992393181,,0.1593538837669146,0.4444444444444444,0,4
0.47845313575393661,-0.86994390163470492,-0.11949981127940232,0.87763810705534018,0.46927019189589003,0.097656746015387277,-0.028878191278967614,-0.15160176452331281,0.98801971390345933,-8.0226902914751221,9.5286980894373894,-1.2865367432791728,0.6186743305518871,0.4121789045660347,0.9019607843137255,1,5
-0.60889316783526781,0.79188942047694333,0.046478553121024453,-0.7932162568684763,-0.60726146450086882,-0.045182779593820527,-0.0075551309119332565,-0.064379029729805748,0.99789691878868569,-14.265176963928107,10.603187428324755,-1.6122886608716722,,0.2206071735391218,0.3,0,3
0.8377931098792113,0.54488425030492249,0.034696668551407475,-0.54277354014286239,0.82429210360771765,0.16105717013145282,0.059157325494889515,-0.15376502105358569,0.98633499843647732,-9.7066783705764728,17.20194444395926,-1.6219000143064382,0.4839726150956711,0.495105499561787,0.2352941176470588,1,4
-0.23349370764807414,0.94420362925634949,0.23229333823399645,-0.97063010065519373,-0.24056687914557559,0.0021873180487421134,0.057947357065220341,-0.22496018127058853,0.97264331625311629,-29.56691186832704,0.32472612453288285,-1.6079432777316631,,0.3470518885340603,0.3333333333333333,0,2
-0.91527680865178773,0.40007532136235185,0.04699043286680181,-0.40268376714693332,-0.90561437051641114,-0.1330728957771572,-0.010683970261702537,-0.14072081989163726,0.98999166846417042,2.613440523152335,9.1649596003495262,-1.0061089435673403,,0.2997046335038815,0.25,0,1
0.56180259257675436,-0.8163708633250033,-0.13385238319890747,0.82540574911600784,0.5422898045682597,0.15693029404025574,-0.055526536901558815,-0.19864637267090512,0.97849702213364576,-10.552543943416898,15.657294957470359,-1.5653088090413372,,0.3137992949329788,0.1818181818181818,0,3
-0.12853338776440187,0.99165201507700007,-0.010268847234765703,-0.99026604101521609,-0.12778233818299153,0.055180087536510707,0.053407267687603781,0.01726137428516545,0.99842361185817874,12.569430890778621,5.2378648753801045,-0.49128248414743469,,0.08863339001606703,0.5,0,5
-0.97036633165796093,-0.21418080096570757,-0.11187388829553073,0.23594367319770293,-0.9397537962049981,-0.2473729686046372,-0.052151370668932828,-0.26643833623557867,0.96244004879336176,-4.7260413588230472,-12.791191593505172,-0.24873790290272049,,0.7452422136779518,0.2222222222222222,0,1
0.61255751437150885,-0.78892819383368085,-0.048637398792755283,0.78995380772355095,0.60890483204464418,0.072165692512072097,-0.027318002307314772,-0.082626935602199317,0.99620606114544796,-4.9699711836871288,3.0207972127186342,-1.1200636640131201,0.1246691662343612,0.2324155034824205,0.5291375291375291,1,5
0.98122327310746915,0.18660522761876044,0.048778861585906712,-0.19245038678218884,0.96401210843066998,0.1834216547369508,-0.012795973571879359,-0.18936510719878147,0.98182336458038255,-8.240073101907722,6.8836516109337822,-1.3031224563284862,0.5875621834975009,0.4955716329363703,0.175,1,5
-0.97036514554984099,-0.235802068891734,-0.052809739711676004,0.23909168263374012,-0.96858535897616893,-0.068392760379835771,-0.035023586301289822,-0.078992320407649086,0.9962597862601964,6.6890204854012749,-15.994722542382076,0.34358105455807814,0.5388364156331362,0.6980732714165072,0.6707317073170732,1,5
-0.72506221846550312,0.68752497506274513,0.039927284140754124,-0.68854257242466499,-0.72486691833876749,-0.021842084536163781,0.013924988786700402,-0.043328505201907327,0.99896383083886475,-17.233495110238636,1.169798763914675,-1.4261854200279889,,0.07304647916359105,0.2278481012658228,0,4
0.63393336304328995,-0.75957372019930425,-0.14552063359954648,0.77293260141537845,0.61579008390792878,0.15289789478577281,-0.026527059578471616,-0.20940471853149564,0.97746917034086811,14.802662718412266,-13.810709642411235,0.62368158978183441,,0.3094875227424705,0.3043478260869565,0,3
0.4776430445319616,0.87843703893430647,0.014334944665660333,-0.87670512812677537,0.47551642799581628,0.072610226706125741,0.056967010861145265,-0.047249289247867775,0.99725737116309077,5.8084422741192805,-4.63500274766752,-0.45040092665529124,0.8722799435151445,0.6243036716474116,0.2083333333333333,1,3
0.7840073787016969,0.59760496413237751,0.16793075056591905,-0.61697229361800732,0.72037197932379393,0.31687442357005347,0.068393121357548228,-0.3520405065464175,0.93348265259806096,12.795476199465913,-1.8926749234411737,-0.24584283106153659,,0.7604106515829155,0.3111111111111111,0,1
-0.96126125941188845,-0.26811926501117367,-0.063944123136838782,0.27431528141681172,-0.95325448406177926,-0.12671627755472936,-0.026979946906664224,-0.13934829868347859,0.98987581752406417,-3.0145209735700158,13.230445887480261,-1.2852219096061317,,0.2369332965881616,0.2,0,6
0.31914283107837588,0.94364689096451815,0.087626471709631032,-0.94651213604625195,0.3127343631162951,0.079448061294200373,0.047567107211191118,-0.10829479811719871,0.99298016446065751,-12.958604759110967,-2.2627105324734118,-1.121365940090473,,0.1409533618931501,0.2747252747252747,0,5
-0.60914340213963269,-0.7625088526151852,-0.21800129658611489,0.79043531832975356,-0.60608490912490687,-0.088730437100208323,-0.064469552245183581,-0.22636548459190231,0.97190655117597502,0.16099248148021691,2.4401375896885216,-0.93481169780878104,,0.1288198584038552,0.2758620689655172,0,4
0.70527182898376761,-0.70687756447736216,-0.053997741438369946,0.70873815567807574,0.70122203327380961,0.077316794665741317,-0.016789101462908285,-0.092799616862881656,0.9955432472686313,-1.0075702291645618,1.2469420820877961,-0.94555363649506419,,0.07744483324558868,0.2945205479452055,0,5
0.10908245174057801,-0.98857212798936733,-0.10404886585080797,0.99233001495977424,0.1021734302132206,0.069582552183712384,-0.058156342149411427,-0.11084104799684581,0.99213512282690719,-9.9787025672214451,13.115058576854389,-1.4510276036041623,,0.07194117446806597,0.2692307692307692,0,3
0.87928767674849773,0.47624071129737305,0.0069257794652692398,-0.47127237558369961,0.86782526804166571,0.15742189225170394,0.068960347518885121,-0.14168305844871934,0.98750715512278242,-7.593216542972903,-18.838148840791785,0.29520022010251029,0.1409602143936391,0.2232036294629438,0.3658536585365854,1,5
-0.82630030512607378,0.56248725529612842,0.028911820731116002,-0.56321664176499786,-0.8255425203222222,-0.03558878445513014,0.0038496996659780785,-0.045690642033830921,0.99894821940029543,8.0132149665700592,-18.856643184699983,0.74106651860309192,,0.3102924564360275,0.64,0,5
-0.63646501677516243,0.76957942139851432,0.051573215735701776,-0.77127727797724388,-0.6355900428319079,-0.034009674049412443,0.0066062771215350058,-0.061423217213542283,0.99808994859668443,3.9972287575878984,-14.966167768731189,0.09824635828946518,0.2927390598273329,0.260352185804023,0.3333333333333333,1,5
-0.9977193118468356,-0.01351507060096039,-0.066132576197568571,0.018784119255074165,-0.99664087872225038,-0.079712707415760864,-0.064833105985193235,-0.080773149786241616,0.99462172037509877,8.771427536808412,6.1744321932106283,-0.68562392083714396,,0.4925290445579863,0.3214285714285715,0,5
-0.09545927635199887,-0.98820100436714198,-0.11977604738062919,0.99310500132847401,-0.102769046077429,0.056400172913818006,-0.068043977652147536,-0.11356627200057831,0.99119761852476551,-4.3909910306575828,4.8279085932740946,-1.1233911057831383,0.1429758647556776,0.09004717707976313,0.4765625,1,5
-0.6037681767709594,-0.75559848050892187,-0.25403725114888603,0.7933563802634892,-0.60065255678376972,-0.099005858030399699,-0.077779448531646922,-0.26131866041622576,0.96211377451130164,-4.4272177456497666,-11.657933589492499,-0.3395836698296642,0.3408984623922541,0.3590568114203948,0.3898305084745763,1,5
0.72897928599743722,0.68453179090360849,-0.0023297701530183602,-0.68086523567263624,0.72541823535038752,0.10095006029505683,0.070793583318777054,-0.072004243370990817,0.99488876639424328,-28.274742025669841,7.0494392649168187,-1.9015780861629514,,0.1041993938977367,0.4,0,2
0.65099309239430836,0.75884488191670396,0.019037826654310655,-0.75595226068100319,0.64582795275700078,0.10696931807290362,0.068877958928646746,-0.08402797526136907,0.99408004011110629,9.2759598063649076,-4.2152293678696227,-0.26076542545319453,,0.09079608430286137,0.2903225806451613,0,5
0.96092298905775497,0.27678610038018742,0.0040575530360740996,-0.27145175645689879,0.93932956028071346,0.20969959727979212,0.054230554273178223,-0.20260659372086448,0.97775744188630642,-9.8149406309176097,-2.5251434474624515,-1.1026973965543658,,0.07327313528640511,0.3095238095238095,0,5
-0.74595247500729445,0.66590752805430786,0.011048489086511671,-0.66590667519694358,-0.74602271280545951,0.0042909097563075087,0.011099772909647766,-0.0041564478807981815,0.99992975702414721,1.5188576459807663,5.8606778371262136,-0.93266890098321376,0.4082622249974575,0.1640804241428978,0.1509433962264151,1,5
0.98921962111965234,0.1463429961834834,0.0053168279954026471,-0.14035446863151427,0.93713146353902577,0.31950781395823225,0.041775163997965742,-0.3168096392366308,0.94756872476865694,-2.1634257868933573,-10.633154175325579,-0.40839067009190938,0.3148685143088673,0.1710247414887349,0.2671232876712329,1,3
-0.86518829211837478,-0.49286513637785939,-0.092375194313862569,0.49739299057337993,-0.86688357495914981,-0.033362859507441035,-0.063635148383256998,-0.074811929591997436,0.99516518381671837,-4.9349387247230689,-5.8761022554840503,-0.8151978983343231,0.2237625995236519,0.2171406361001869,0.5837004405286343,1,5
-0.90934192083126353,0.41596584744107551,-0.0083477411038952246,-0.41593796170229758,-0.90937968480885278,-0.0049194381682142289,-0.0096375844405013362,-0.0010013089337219015,0.99995305607142027,19.048821584044145,-5.4416309810727359,0.29372377886514139,,0.08669041349021829,0.4,0,1
-0.40198192401333877,-0.90037652235696675,-0.16653123056925409,0.91274929254481907,-0.40848581117991506,0.0052982094730222489,-0.072796028225909623,-0.14987147845091348,0.98602194611553695,-9.3263314915689008,21.114564516239017,-1.82386977149206,,0.153122332758723,0.2857142857142857,0,2
-0.5704214854876295,0.82067545657963947,0.033333524594434179,-0.82085959930008834,-0.57101501628029305,0.011461649938658785,0.028440237885535142,-0.020824172257697927,0.99937856026572691,-12.543268041423362,14.214216150136284,-1.6338483181557555,,0.82606630700045,0.71875,0,1
-0.79453600302447136,0.60697843133967977,-0.017021274521039048,-0.60718238428717219,-0.79387893906126838,0.032951211302484761,0.0064878431888914356,0.036515941770381984,0.9993120102787616,0.62643509955505772,3.3570465829821279,-0.95310553506558715,,0.06828710961825379,0.2038834951456311,0,4
0.67654085386115337,-0.73201598640517884,-0.080281185243332887,0.73615671489838974,0.66945044047402802,0.099545963550212863,-0.019124961877936809,-0.12644644477557324,0.9917890564211651,-12.689338558685899,8.8822617109372732,-1.5131263062631026,,0.1130020584974029,0.2173913043478261,0,2
0.98870132204744476,0.14749675515681365,-0.026728318313126196,-0.14230852794059173,0.97961574301964738,0.14177897906053391,0.047095420764853298,-0.13637339640221818,0.98953742632439423,0.75964995053722228,18.805810150538029,-1.3704457669620842,,0.1210559958033043,0.2857142857142857,0,1
-0.71685627727083345,-0.69537352020906806,-0.050722235059691853,0.69381789887348722,-0.71864614183426823,0.04652360722794343,-0.068802623061777451,-0.0018412546726485699,0.99762859263407688,0.68865438485750019,4.5364452532592692,-0.95984856094491677,0.5530555173584053,0.5097117902318024,0.9736842105263158,1,5
-0.97768979681418955,0.20938602966931782,0.016737735353042633,-0.20867317727136683,-0.95905327005626795,-0.1915002096130741,-0.024045088748051755,-0.19072051744292773,0.98134984482262999,7.4832944908786985,-7.6033284427333045,-0.19793418697610418,,0.0726002904570764,0.2727272727272727,0,2
-0.85047989886144093,0.52592032900779639,0.0095785786506521978,-0.52571879077432748,-0.8504753758168222,0.017646193811009743,0.017426837332525973,0.0099720943421192521,0.99979841101845102,-26.025754887182778,-2.2575729677878189,-1.3776405317293148,0.2195672447091424,0.1738657602211545,0.24,1,5
-0.99015406352365931,0.13930867448616036,0.013712173441677069,-0.13995582610774182,-0.98709893492432788,-0.07776927034347865,0.0027013378324712268,-0.078922657609627925,0.99687708213688442,-19.726772657546309,3.5394977430652892,-1.5498804667813686,,0.3431237023244812,0.3838383838383838,0,2
