axis_00,axis_01,axis_02,axis_10,axis_11,axis_12,axis_20,axis_21,axis_22,location_x,location_y,location_z,dbh,dbh_approximation,score,reconstructed,number_clusters
0.93475882315754399,-0.35516982318183404,-0.008963215388986194,0.35511364754098068,0.93323747823036485,0.054425238229800006,-0.010965393712254183,-0.054057431748235123,0.99847761828371528,-6.3532443337246134,-11.258789924932184,-0.78432707742689012,,0.08114049481153771,0.4166666666666667,0,5
-0.63088122007465741,0.77536503052446626,0.028248107846469483,-0.77557717839810081,-0.63123349293939568,0.0049313020157999788,0.021654710922861795,-0.018797521946365536,0.99958877878031571,4.2589703637544201,-8.9262866173079267,-0.91671745301960983,0.1517828082452755,0.1143535790582645,0.603448275862069,1,5
0.49458096221888531,-0.86848075753419995,-0.033628047868785448,0.86879399410096936,0.49294040315967763,0.046976108255803069,-0.02422122261009637,-0.052449334844194256,0.99832980504925062,6.794486955407959,-1.0530949869576256,-1.1019430798561005,,0.2342701834838321,0.3088235294117647,0,1
-0.99978264641536352,-0.0041995476260757742,0.020421158792520315,0.0017980234729150688,-0.99322129262479197,-0.11622491552300254,0.020770821800878643,-0.11616293589813639,0.99301296330170929,-36.343044865969524,0.26343771026901136,-0.042651778756291107,0.4240734624581022,0.5356010552959155,0.5128205128205128,1,2
-0.17179400269951539,0.98199227993755223,0.078600144907805494,-0.98391879437407259,-0.17499522248966776,0.035783769830241119,0.048894035566220601,-0.07118872276450007,0.99626378988559472,2.2217057102869369,3.2018691114072126,-1.2320096286304145,,0.152427882939293,0.2392638036809816,0,5
-0.27623672592307463,-0.9596975407060232,-0.051709782576522811,0.96083018130875364,-0.277012224342852,0.0083420771282026636,-0.022330112796123888,-0.047379931695144172,0.99862731193127074,-22.534055317523467,-1.3917527889928132,-0.48172566909221975,,0.1348329599958599,0.4324324324324325,0,2
0.97374988047306388,-0.22698072462191465,-0.017056404334033826,0.22750221152309971,0.96808966172948763,0.10509591145513962,-0.0073426174348320055,-0.10621750092427465,0.99431580922089768,6.0653377074165711,-9.9445037754039003,-0.87799547757031238,,0.1438227882104938,0.3783783783783784,0,5
-0.81684619105020451,0.57438049101593613,0.05337931909519416,-0.5768443708387182,-0.8127502051379063,-0.081778211523462804,-0.0035877567445108372,-0.097591780333104922,0.99522006230429183,-3.6924040673779563,13.646275522527622,-1.1588266212025429,,0.1968835765615906,0.1176470588235294,0,2
-0.99895997592750729,0.043915222062007875,0.012264573623174128,-0.04493963072840864,-0.99376445479378039,-0.10204233424620469,0.0077068855517640989,-0.10248737317184212,0.99470444970122995,-18.499236921352676,0.36084706529233601,-0.77316346444122952,,0.1440502425199624,0.4137931034482759,0,1
0.89817243145591852,-0.42678650667788703,-0.10554411916468266,0.43963377424401717,0.87347265962255949,0.20920721172046725,0.0029030874122963186,-0.23430490948671498,0.97215882523068087,-5.4940877229498577,9.2694518212223063,-1.1921656115338721,,0.3253986325601878,0.3958333333333333,0,5
-0.74009665878783815,0.66149215723936461,0.12118193579032879,-0.67227392579048129,-0.73241379348415814,-0.10778591659581765,0.017455782804958776,-0.16123945244560337,0.98676093083467242,-6.9221965742279581,14.215176638930943,-0.99130341097378305,0.4422617470771774,0.4472238173851064,0.7857142857142857,1,6
0.24799908056428141,-0.96297934200842439,-0.10567517638638498,0.9684379430789648,0.24362348763352426,0.052683457349173547,-0.024988126065297073,-0.11540529943767994,0.99300413413915067,-17.486538025992985,14.498801816746058,-0.65812469533117768,,0.1813120797834093,0.2,0,1
0.91300124486803769,-0.40621288852448378,-0.037680446733145863,0.4072943952957751,0.90236120229871852,0.14090967371568355,-0.023237952363816036,-0.14399774228301931,0.98930513381227847,2.79367479055934,-9.16667145450511,-0.91713626582904995,1.038671271444307,0.6872491030936639,0.8362068965517241,1,6
-0.67756688254948505,0.73363668878898547,0.051771889427627782,-0.73527379067881971,-0.67730272147631765,-0.025168953525602198,0.016600373880496625,-0.055120162767431702,0.99834172267992494,-28.140289285235699,5.3593450005243461,-0.3290849025377085,0.2970645864751488,0.3982404151353386,0.8,1,5
0.84274673226996843,-0.5318009302555966,-0.083460864047612021,0.53829347924906268,0.8313056212679546,0.13845972066359505,-0.004251522813169476,-0.16161291602957922,0.98684506885639678,-1.602551835443992,-4.7985811540043954,-1.0484620771408071,,0.4925047154074861,0.7115384615384616,0,5
0.65065318820374141,-0.74983667755047834,-0.11998077212773887,0.75762859060778365,0.63029339326057543,0.16949677609245109,-0.051471811450264408,-0.20118448104198131,0.97820011102733895,25.956993118601634,-4.6680771127547818,-0.96877371330862605,,0.1199738641377128,0.1666666666666667,0,3
0.7346743018746561,-0.67735056373961977,-0.03807734190574933,0.67776011253262647,0.73032785747922524,0.085220012025152198,-0.029914879654604161,-0.088416256375312377,0.99563430313736501,-2.9260150488406054,18.788275766944221,-1.0215407229595586,,0.1183714608889204,0.4444444444444444,0,3
-0.88604674803132655,-0.46268558865663251,-0.029038015644587932,0.46359497967188967,-0.88443009470821421,-0.053507965738180306,-0.00092473030129262802,-0.060872437308551075,0.99814512534499933,-13.975032991665458,9.8134930900229449,-0.89864029464107931,0.3560149510368642,0.2387603821439682,0.6111111111111112,1,5
0.99896089369289165,0.045545137969014618,0.0016653166915970333,-0.045546851388724149,0.99636763092196678,0.071951569680729882,0.0016177765214546609,-0.071952654282735576,0.99740673666303037,15.589352504865534,-11.699531290977449,-0.79619226071712756,0.554713036938107,0.5572431405656814,0.6,1,5
0.21500902760519033,0.95873096109302514,0.18602704719990848,-0.97634171060614716,0.20653224164259967,0.064041371727558166,0.022977862801726728,-0.19539543854381369,0.98045532300933391,-1.4315909148898021,6.5416697794769298,-1.2382401898687829,,0.146126842926675,0.2285714285714286,0,4
-0.81773659237377949,0.57209634445212287,0.063345387815031171,-0.57280250499261454,-0.81965252066254946,0.0081875298909136751,0.056605262715621232,-0.029589154027224267,0.99795807837646577,-3.24360888787698,20.341774980694716,-1.0010807674637399,,0.1322821275870209,0.5,0,3
-0.88509607819341907,0.46454334205940312,0.028362223377397744,-0.46505063884940817,-0.88516085986546544,-0.014770086932283847,0.01824378448640273,-0.026262816119188737,0.99948858363520232,-21.896199557994823,1.2367354788140672,-0.55546270733145076,0.3818237646466053,0.3036850475799192,0.8192090395480226,1,5
0.21782748922563955,0.95113683806209171,0.21883761152713688,-0.97595736530469057,0.21051893912183933,0.056471208403433948,0.0076423847837375162,-0.22587716031565347,0.97412581446266755,7.0714257116270431,6.5068304771926355,-1.1830164887530756,,0.2083098379476289,0.4545454545454545,0,4
0.50929351893845787,-0.8595875872060541,-0.041584750673249508,0.86019376849294094,0.50699120311017987,0.055014549119339305,-0.026206720763854188,-0.063789496707262819,0.99761921989135605,-1.0420297736893285,-8.557118855668536,-0.93698275596952774,0.1822457093441653,0.1523303119700396,0.7572815533980582,1,5
-0.13125357362822765,0.98245119636823519,0.1325222478093479,-0.99079189854491934,-0.13448272153587656,0.015678373195497228,0.0332251890524769,-0.12924412699587812,0.99105602387024472,3.6904389501124428,7.4317694548617386,-1.2672315765312847,,0.09570027785979641,0.4,0,6
-0.9957590998106195,0.088039759948438864,0.026698610686061587,-0.091276894327554911,-0.9817155320689791,-0.16704233791598433,0.011504073463820201,-0.16877089429976605,0.98558817034854662,-4.1444295473794996,-16.058620947361923,-0.69639372009181177,,0.232900479813943,0.125,0,2
0.4577666889831235,-0.88646933554237017,-0.067983642153814805,0.88672024519102455,0.44966045580237435,0.10739032198467023,-0.064628671855441883,-0.10944218396336351,0.99188988458574934,-21.377060928263795,0.29553836420502322,-0.57020986785038519,,0.1057626465239688,0.2166666666666667,0,2
0.98910439735916944,-0.14433537715492464,-0.028979130875530789,0.14621914754225779,0.94031967351360735,0.30727654074998884,-0.01710122851642296,-0.30816588147426338,0.95117891980343006,-0.73387706504073891,12.722702150894088,-1.2065488583668782,,0.6339789716669391,0.3608247422680412,0,3
-0.91179535930780298,0.40965513830778061,0.02849369057855149,-0.41062128851203167,-0.91028931925531287,-0.052569122785306892,0.0044022909344875521,-0.059632398138352888,0.99821069766196935,-4.0785232862848657,19.001567111852808,-1.0062894391466923,,0.2402366635351757,0.2142857142857143,0,3
0.91422373834454718,0.4050702793499637,0.010631323279068097,-0.40499763487824042,0.91258173402359133,0.056316023204125529,0.013109995818196819,-0.055791106046022429,0.99835638952019978,8.2966656907726986,-12.075979339914017,-0.77308248633372678,0.1106759184846831,0.1373770779581456,0.3333333333333333,1,5
-0.90030401207688615,0.42532117812111803,0.092490979451662417,-0.43396873453743046,-0.89349599673148516,-0.11548177894712469,0.033523473600520784,-0.14410690221663774,0.98899412407318199,-16.137325414275388,-10.704690835869638,-0.55284608850164108,0.4298809321204081,0.2084094574596888,0.21875,1,3
-0.51156256860401672,-0.85922492957524121,0.0060215280189321735,0.85907153857276286,-0.51130490009897278,0.023735853660772702,-0.017315600407922373,0.017315297606496999,0.99970013026472659,-27.51791877548985,-22.971756827649497,0.11914922435607429,,0.1291563009691882,0.2727272727272727,0,1
0.42912375230209043,0.88569947395479021,0.17717010765471988,-0.90297671599914275,0.41587573011436285,0.10807602632060483,0.022042131783936811,-0.20635847193187071,0.97822815615190983,-2.1545333479354074,11.611744190966625,-1.2363725513959816,,0.6500712634463269,0.7383177570093458,0,5
-0.9223217983437928,0.3698360368352081,0.11199913463013235,-0.38544524453365314,-0.90110151279683792,-0.19861527408948695,0.027467503822954552,-0.22635673061182984,0.97365710942839578,-21.064888572433212,4.1468141613288347,-0.61535034709946113,,0.3124465891818518,0.3636363636363636,0,3
-0.81268536723272777,-0.58239979760837191,-0.018787486035495089,0.58261113658609009,-0.81270684899501056,-0.0084759142554113667,-0.010332347829547483,-0.017834050082027184,0.99978757206018531,21.554324876466129,2.2228678778961273,-1.1359699549797049,0.3753573793573464,0.370567088805468,0.7241379310344828,1,5
-0.317256038166712,-0.94826544350725528,-0.011885070330051884,0.94813506807344783,-0.31742307318601026,0.016807298965254517,-0.01971037635664305,-0.0059364348844413309,0.99978810745314517,-0.28228348982488927,-6.2592313261751693,-1.0110569307695565,0.1548658185597795,0.1076224589803559,0.4580152671755725,1,5
-0.56386208858865394,-0.8181157023366401,-0.1128992588224941,0.8255696156154928,-0.56204642989754983,-0.050384723993558464,-0.022234091502234439,-0.12161623341333115,0.99232813975288692,-8.075511734889524,-11.882725584058667,-0.72457850244702804,0.1571238531950268,0.1817433984704111,0.1645569620253164,1,7
0.072439398270224983,0.98052759338817952,0.18253266059155535,-0.99709464595169084,0.06687397209754066,0.036471068950175885,0.023554205414720787,-0.18464428087617979,0.98252312387393625,-5.8788923293531266,13.464484569409631,-1.0733525963065857,,0.5279357280965609,0.5555555555555556,0,1
0.067111556816167442,-0.99093069019082525,-0.11641480223599238,0.99767690074219006,0.065280622121205806,0.019474139285902397,-0.011697891569368811,-0.1174512989004516,0.99300974402038367,-28.006052432961994,12.451377838994569,-0.35576472265747999,0.6684286487814398,0.3946668751710088,0.9622641509433962,1,2
0.37336157131724568,0.92619922980683622,0.052498797783765962,-0.92744717961244338,0.37138355217084723,0.043771979688923705,0.021044383869367612,-0.06503263705392083,0.9976612100434552,-8.1541079511201975,9.1902417239326883,-1.1003958500729734,0.3855998252362954,0.3887673388945686,0.8726899383983573,1,5
-0.58815846914671288,-0.80853829369067864,-0.018315097781910709,0.80866361644552265,-0.58827059990309671,0.000925595429550015,-0.011522612908704748,-0.01426635641697995,0.99983183609361981,4.7865809896566098,-9.8706871265016289,-0.88698888306014345,0.07905923815424146,0.07860879369293587,0.3928571428571428,1,5
0.31006654217521462,-0.92730101649633989,-0.2096939775681701,0.95068745384821629,0.30409627149941582,0.060982151124311816,0.0072183460086549254,-0.21826195835511042,0.97586352171596746,-2.2784302288085412,13.285654962844301,-1.1915987554013587,,0.3029666566847085,0.7777777777777778,0,4
-0.0008715428985332683,0.9979893464137044,0.06337590123796745,-0.99943376046441024,-0.0030010294089675006,0.033513463957876376,0.033636272934815213,-0.063310806875565076,0.99742686091553623,-13.515010710666052,-4.7798257333447847,-0.80018812541907236,,0.08267112009092173,0.3396226415094339,0,2
0.80049622047012292,0.59752630157357023,0.046563074864747429,-0.59915953174730618,0.79594456407749137,0.086487608545050262,0.014616994540537592,-0.097131713890488997,0.99516419430529079,3.5705867522244512,-17.417984139848812,-0.65515046726309223,0.5251248258340023,0.4158261148075421,0.4468085106382979,1,5
0.92194541615040571,-0.38370372808130387,-0.052802449713673483,0.38521243455418791,0.89416661764465,0.22820482062121902,-0.040348852574659796,-0.23073254851978756,0.97218026165391402,2.6651392072214417,-21.048562862593073,-0.56783206939552788,,0.3790322731642736,0.1428571428571428,0,3
0.47740719998197134,0.86617950432548263,0.14770047966014052,-0.87849757746607093,0.46706995566045167,0.1004373581173281,0.01801032458393894,-0.17770403148439021,0.98391915592825807,-22.469968135856035,8.6356303784477273,-0.53002035526740177,,0.2853067714442775,0.1428571428571428,0,1
0.95696823013258125,0.28914272237031841,0.024663588895320554,-0.29019066319424114,0.95381787554840247,0.07759406729396516,-0.001088812106371038,-0.081412200465377366,0.99667992259480342,-14.500980304673423,-4.5998919228163615,-0.77027136554697295,,0.2641450018679534,0.78,0,3
-0.43475472635145179,0.89775873947548124,0.070834833312925991,-0.90052106812855182,-0.43401277231650048,-0.026357528768042933,0.0070805205802332719,-0.075247319962515019,0.99713976305569718,-21.425916792059841,18.036220402887889,-0.54403506284760694,0.5068822278362544,0.4514307823239184,0.9210526315789473,1,4
0.73663057484741035,-0.67475102370489337,-0.045677699254386105,0.67587749853262236,0.73212051918789312,0.084788869324555871,-0.023769795482094888,-0.093330602661989337,0.99535139294095054,-27.187871157379078,8.4822886487895737,-0.37759560949332516,,0.311117703043874,0.7333333333333333,0,5
0.16813591005158671,0.97087995289144091,0.17065296019887707,-0.98557757097630616,0.1622008514254405,0.048246610091352192,0.019161611090134069,-0.17630371768733896,0.98414929344589486,-11.313199315306996,5.5038389423572349,-1.0461001223475017,0.1870788158329752,0.1385136353272947,0.328125,1,6
0.79890149839339386,-0.59058656482418281,-0.11385914681729532,0.60126151208668122,0.7793088746832576,0.1765283884341361,-0.0155238509406832,-0.20948791680926873,0.97768799867999023,5.6911455508373949,8.8211524472259448,-1.205681940553021,,0.3764724202232703,0.6041666666666666,0,5
0.19202977980782304,0.97936855797672862,0.062942762201401714,-0.98113396356436455,0.19012223162969605,0.035066830204973504,0.02237653251599191,-0.068489157439169904,0.99740088535444604,-13.65167511020473,11.51384173115286,-0.86818034780928688,,0.4960104356980429,0.3809523809523809,0,1
0.87694717461753913,0.45840285487835436,0.14432766737424316,-0.48051873169256565,0.8312951982286263,0.27937437587330255,0.0080871146204335685,-0.31434871725744867,0.94927313379011846,2.2684405373826086,10.292058715909089,-1.264684015587592,,0.1977037106051333,0.4,0,3
-0.76001673099091838,-0.64731072318453731,-0.057994795147407893,0.64972310363728847,-0.75467208637253647,-0.091268453750750059,0.015311995748690377,-0.1070461101602235,0.99413614414010587,9.9687397959288297,4.8967654716988536,-1.1636658193621936,,0.203779387121836,0.25,0,4
0.80083193130576169,-0.58675947004839812,-0.11992306746246333,0.59717088435379362,0.76720339690468653,0.23406384312408826,-0.045333791824549718,-0.25906036378889125,0.96479664967928602,5.3362315431848693,-3.5297741666624076,-1.0760107321787833,0.6193147405974104,0.5093636573461809,0.21875,1,2
0.87535988725954472,-0.48129024177654817,-0.04587778272354711,0.4831568606691804,0.86741701928844062,0.11894184560977243,-0.017450380089254289,-0.12628308603858432,0.99184074649880738,-4.689543565164584,15.728869254675535,-1.0394266297021479,,0.1011726880979113,0.1111111111111111,0,1
-0.40997233199739125,-0.9104120846725221,-0.055430344386920356,0.91209744324216935,-0.40927896373252531,-0.023853382928365134,-0.00097006583171090912,-0.060337102418511618,0.99817758592548012,-7.9063442009689098,-13.664226789114236,-0.70539488001702122,0.145553237737052,0.1621010434268574,0.1538461538461539,1,5
0.26523413998756651,0.96391976259820722,0.022573042720733825,-0.96393746619452292,0.26456420748003051,0.028815644829612373,0.021803950365450395,-0.029401894379094275,0.99932983361619976,-7.9633156375260867,-2.5764789427714492,-1.0347199751719212,0.1468793870712244,0.1029576017456456,0.6068965517241379,1,4
0.99663504757970156,0.081175988277532127,0.011359615441209616,-0.081835769021852314,0.99327573590772777,0.081891509728199544,-0.0046356061532705339,-0.082545571559761638,0.99657650974296175,-22.036258390740638,19.759649786424415,-0.53379837722915469,,0.1323234609672767,0.25,0,1
0.43497393292265407,0.90028933654445675,0.01663695230929492,-0.90018089075972108,0.43432725332183231,0.032158994588593781,0.021726518101959476,-0.028964590904347061,0.99934429046495787,3.6776438480897355,-14.409186556884588,-0.74366725059705785,0.1795401130623576,0.1826061023055504,0.6923076923076923,1,5
0.65805987216373774,0.73639117410776878,0.15711538226420727,-0.75173392765145652,0.63059173917445233,0.19300300646014523,0.043050048380470253,-0.24511649716231257,0.96853734886854925,-3.9762618646868102,-21.043276250013012,-0.64673668892969616,,0.4898623531584045,0.2978723404255319,0,3
0.22488312673695585,0.97308286613578687,0.050371767310399711,-0.97410637353129592,0.22328019551423772,0.035534874937609463,0.023331359898602015,-0.057058653367272005,0.99809817038265103,-9.0513064499189877,-10.518424280635257,-0.74517583667334875,,0.07236704656603611,0.625,0,3
0.69492368043416153,-0.71646350727489216,-0.061327979872170105,0.71878657431213122,0.68965515337722116,0.087872805855244943,-0.020662501312077836,-0.10514662221680374,0.9942420474290582,-14.448884028440027,14.930758380228678,-0.77249879561217216,,0.9178725080859179,0.8028169014084507,0,2
0.76651455383488198,-0.64057778419398403,-0.045995012299583804,0.6413495719413691,0.75975951063360747,0.1069402289711659,-0.033558386879228193,-0.1114701233466093,0.99320101000308925,-15.417042302877203,12.957101714433103,-0.77282965098232359,,0.3155928296164229,0.7647058823529411,0,3
-0.13381540342811959,-0.9880607706611072,-0.076350188512849082,0.99073947682894148,-0.13516936464894358,0.012826999380804588,-0.022994061365576215,-0.073926695726096558,0.99699855406160731,-15.581011397945545,5.3270555892996772,-0.8719037502673942,,0.06886609578623591,0.21875,0,1
0.73051994261308173,-0.68024726906478972,-0.060035542593307976,0.68230619948986004,0.7234292228474507,0.10539644049034405,-0.028264174891204401,-0.11795682455978093,0.99261640322809985,-9.3243098698069833,12.653278807076187,-0.97968412307994501,0.3279430125562128,0.4848781219787662,0.8227848101265823,1,5
-0.46199779183936218,0.86248058751564705,0.20660415410687902,-0.88565604330544923,-0.46090634362270783,-0.056380097240814948,0.046598425854216627,-0.20902769808571264,0.97679885756531182,-0.46009102369448024,18.989525071733965,-1.0661235865964245,,0.6539073168125634,0.6279069767441861,0,3
0.61152972161625885,0.78086227851105161,0.12761466051543474,-0.79066379065703074,0.60915233502557908,0.061515874997758041,-0.029701342121123235,-0.13851907713890324,0.9899142869687203,-7.1232088947227332,10.979781059315087,-1.1059132352328815,,0.3288085989010637,0.2894736842105263,0,4
0.7304980041064546,0.6662899510582958,0.14976771052272742,-0.68289826824547184,0.71422484054376723,0.15340414719806478,-0.0047561774379618338,-0.21433753350489881,0.97674807422754317,4.0666108353256032,-12.383137782496112,-0.79817985648874989,0.3971368507320038,0.3563398324566179,0.2857142857142857,1,5
0.70494178573065247,-0.70751683301966606,-0.049769566249873644,0.70904302690301335,0.70122777596259056,0.07441499995814585,-0.017750062847524218,-0.087747006857102239,0.99598463746010024,7.9340968537818828,-2.5645355953563915,-1.0455630669542904,,0.09109068167223708,0.2,0,4
-0.098762680946824097,-0.9950130550835955,-0.013962559414533119,0.99485594408592015,-0.099045315403841983,0.021252670737222042,-0.022529610939986351,-0.011791764488912934,0.99967663317751365,-12.13396861424806,-4.4430490764661412,-0.83959902766267558,,0.07403820614111362,0.3493975903614458,0,5
0.16379334054020761,-0.9835718625354446,-0.075882361739977436,0.9861533962259954,0.16122839378996126,0.038818605691665051,-0.025946497000854624,-0.08118987784487916,0.99636086988044581,12.552948503312894,6.206225773183788,-1.1656229745029263,,0.2659488145413577,0.5555555555555556,0,4
-0.81661011684868923,-0.57693126144509355,-0.017269528880183547,0.57711588921534662,-0.81661856418376033,-0.0084481385898651246,-0.0092286226247516034,-0.016865354957040894,0.99981517908392581,13.040255787269713,0.69854298514859114,-1.095460449386374,0.4707547024992362,0.4269011796382057,0.9619047619047619,1,5
0.87852222805503788,-0.47379040111811926,-0.061002873879382975,0.47739383364578936,0.87535066028397435,0.076526787057781057,0.017141248793150887,-0.096352879296584426,0.99519962833648068,-28.390204618331769,-1.7877850785240543,-0.26991330942734454,,0.3512821692962412,0.8208955223880597,0,2
-0.97731313561834632,-0.21174868398208782,0.0046400193629118529,0.21175847808648071,-0.9773205029538713,0.0017266917756664714,0.004169161346336641,0.0026700819921050417,0.99998774430280979,-8.2827726019522245,-3.2927282448380617,-0.98226660827127465,0.132333888958634,0.1014985714238146,0.5027322404371585,1,4
0.99609012050983248,-0.030488644608275189,0.082915103404972976,0.011130039448607137,0.9743913270153004,0.2245833120675578,-0.087638998422959566,-0.22278237001008819,0.97092091416763071,-12.947340122702878,-9.7760242552838807,-0.6658276073106133,,0.4845794123746242,0.3255813953488372,0,2
0.85221396069156063,-0.52001048590916432,-0.057623430537578985,0.52318539049702384,0.84640577596302535,0.099369560665764162,-0.0029004090885731749,-0.11483186387473247,0.99338070781859589,-24.258491749581808,1.7767951307945906,-0.46761256863846162,,0.2119151067519531,0.4117647058823529,0,5
-0.97956387865245154,0.20108249465485295,0.0045208387215742111,-0.20107899757280004,-0.97957426905475364,0.0012198938327048264,0.0046737965812948439,0.00028591821598612446,0.99998903687805007,-11.23380323293855,-6.3387554953071819,-0.82159094700858359,0.1298063014403219,0.09067474592202725,0.49,1,5
0.97519530724693237,0.22129049815192833,-0.0049626758137289511,-0.22000737541134593,0.97151557023695956,0.088058228188886034,0.024307766005370813,-0.084782145613485321,0.99610296671428566,-1.7144794272327846,3.0443486739015073,-1.2269775300172441,0.7705386948968956,0.3063377366364376,0.400437636761488,1,3
-0.0088654123335533963,-0.99824164215603739,-0.058609114732905712,0.99963284956172882,-0.010348022184246101,0.025041655575720773,-0.025604111803668516,-0.058365591768551189,0.99796687678311868,-9.1444103180963499,-12.619796845927961,-0.68800410063730855,,0.078765892436146,0.4285714285714285,0,4
-0.98297035147373391,-0.18343499552074738,0.010995023506407452,0.18152386580917113,-0.97856124031858405,-0.097298433121235095,0.028607241483531578,-0.093645615831478249,0.99519451584614582,11.26322386805643,-11.910323511036287,-0.78674758316371396,,0.3423127398667766,0.6326530612244898,1,5
0.71661882997161341,-0.6969371643649831,-0.027130083984605861,0.69720157714758713,0.71473699314826988,0.055326227490101972,-0.019168029450946426,-0.058562953752913885,0.99809967793537568,9.2956554835544143,13.286084798397445,-1.1044840551118396,0.8966891079497414,0.8565268921003781,0.9465648854961832,1,5
-0.12262136582414737,0.98548939711221573,0.11736544986844842,-0.99232834695351069,-0.12362376263968866,0.0012716695010307373,0.0157623753265341,-0.11630912900631908,0.99308797899977497,-9.4487029822359165,-3.928107088639841,-0.94761516839219817,,0.1210532346588293,0.3076923076923077,0,5
0.2629926541900654,0.94630695561369405,0.187984067407866,-0.96477976829350176,0.2567550088074147,0.057243900494634195,0.0059044503215702872,-0.19641795032390688,0.9805024866143649,-10.645785089218867,11.657807253890729,-0.96623500947129115,,0.3611204095368959,0.3333333333333333,0,3
0.9935156312487422,0.10617173212952086,0.040672518498759185,-0.10974719987080349,0.98900584215136222,0.099111030218609356,-0.029702568658831106,-0.10293205276828701,0.99424481388035157,-14.71665616523044,-2.4835738934714398,-0.80370419623067213,,0.2152034030940355,0.6,0,5
0.4416589591391763,-0.89444758225800691,-0.070006331177295836,0.89682295115553723,0.43792523620912754,0.062690364266389534,-0.025415705631994179,-0.090471045555943749,0.99557472437946193,0.89861217852519693,-10.06355856183751,-0.87601786448866281,,0.2320425499057838,0.2424242424242424,0,5
0.68360590932565779,-0.72970600099038996,-0.014564094673316584,0.72951613040366592,0.68255118464963638,0.04393285574873794,-0.022117328407877543,-0.040657501792299509,0.99892832141856236,-20.395295858207255,16.204794701835546,-0.57176852693733571,,0.08970093001627838,0.5333333333333333,0,1
-0.29148768803643682,-0.93990804552361518,-0.17778580844137401,0.9555747364328635,-0.29460514287986711,-0.0092050464419442622,-0.043724716287681709,-0.17257078474849979,0.98402615485405187,-1.5840849148352485,9.1116327987594961,-1.2417749774509301,,0.1553753439044739,0.3703703703703703,0,2
0.70653197189734129,-0.70625011587749587,-0.044981624135649413,0.70727702879341292,0.70255296645916865,0.078603650427869667,-0.023911863750425276,-0.087350461604096111,0.99589061629756026,-1.5458269923419414,8.0650919890623793,-1.2310684792208735,0.4057986722070586,0.2971927469524445,0.5698924731182796,1,5
-0.66306624791046209,0.74708784163784514,0.046935144176282299,-0.74790196596332881,-0.66380911776872242,0.00032322638953649651,0.03139745515372494,-0.03488856609287818,0.9988978865559045,8.2751425754936179,-6.1094630634200842,-0.94366257699328604,,0.1008472716896247,0.3225806451612903,0,4
0.8767434950844577,0.48036537189687839,0.023873694926934315,-0.48092114590100887,0.8749785472685021,0.055923101176195852,0.0059745503890296717,-0.060511579902332004,0.99814961475991815,-5.2487827572654178,-6.1843745849113283,-0.95373636570685894,,0.07400988437383071,0.2318840579710145,0,5
0.98226791298957672,-0.18600966305493277,-0.023455326927849355,0.1871525340476255,0.96541351942382636,0.18152318175168086,-0.011120976155637974,-0.18269412076991351,0.98310690269443934,3.6715561464528799,-4.3414502468380709,-1.0750947500094861,,0.07105799285024221,0.3636363636363636,0,3
-0.96662097185303419,-0.24731784917989441,-0.066916203201666136,0.25610050237080256,-0.94032699936551623,-0.22404835850696853,-0.0075119544273265382,-0.23370711529877616,0.97227802340657976,0.16044509647228539,6.6970292400893374,-1.2602978260952551,0.5462851970338738,0.6314049095351312,0.6195121951219512,1,3
0.7239680482050822,0.6888650549279286,0.036540406090622271,-0.68955303669236667,0.72114741928399217,0.066805757598993029,0.019669132326090868,-0.073561781919565597,0.9970966801039699,-9.6074696987673018,2.5420655637208491,-1.0984620352514447,0.1883180458375317,0.1309263089224738,0.7473460721868365,1,5
-0.52767065863178264,-0.83477184622227496,-0.15722480966360275,0.84941288239688506,-0.52023904823245559,-0.088595078375748315,-0.007837808195991107,-0.18029780211872787,0.98358084127022294,-7.4442760526725245,12.055186106190845,-1.0455320867885622,,0.1550960632806534,0.1363636363636364,0,3
0.36289308835049855,-0.92887848885233892,-0.074117200263042235,0.9315768244595567,0.35978789498672564,0.052127639030256225,-0.02175377110491505,-0.087962625974987566,0.99588621331671145,-19.619766115806829,-14.586473088387335,-0.35440118514609098,,0.1718260669558567,0.4090909090909091,0,2
0.82230336601196885,-0.56888564902017091,-0.01364890414229623,0.56895945345042898,0.82151056329720407,0.037490461726959863,-0.010115066721280118,-0.038594205912420125,0.99920376935598776,-0.27447538676558392,-9.9453458125844314,-0.88615004154836907,,0.07334760848623637,0.5238095238095238,0,5
0.93621880046148753,-0.35139095720832514,-0.0043304566351649006,0.35122353858544952,0.93522113141900065,0.044760041229626554,-0.01167833917846274,-0.043426150411701177,0.99898838124096889,6.3691195185025,-4.9439897649014846,-1.02695720463739,,0.07676135523831966,0.3207547169811321,0,5
-0.47026147507027311,-0.87439029712592942,-0.11956485000516973,0.8823671463995012,-0.46326163347538457,-0.082564386417623398,0.016803690652091516,-0.14432694565376969,0.9893873704160171,-6.1653015918262621,15.77507613643758,-0.98278133772821163,,0.1652515947179378,0.4285714285714285,0,5
-0.34722343213245138,0.91840218624046499,0.18966631879934465,-0.93773699927082577,-0.34202202432946344,-0.060582630118896599,0.0092308383534771485,-0.19889283341113534,0.9799777714014648,-12.24104943914943,6.497569418072719,-0.99132613958208315,,0.1380617858524834,0.1428571428571428,0,5
0.99178338262955856,-0.12764278081412866,0.0085464873432490717,0.12440890964245983,0.97790495204125727,0.16800097611252679,-0.029801764066012076,-0.1655573172023026,0.98574978041049077,-17.667683981002366,-24.426068615829582,-0.16454860864755938,,0.5556694957238116,0.5277777777777778,0,3
-0.64143570317140508,0.74371253017894878,0.18828677901496654,-0.76685267359810894,-0.62868802101749022,-0.12918339376461446,0.022298333848891967,-0.22725106090827746,0.97358088499293416,1.3140503825419045,-12.735450138434844,-0.78597997238571848,,0.1922429455362482,0.4615384615384616,0,2
0.75675520776874916,0.63274760422371923,0.16417071865597926,-0.65362137684947497,0.72856089972938054,0.20488560493824834,0.010032509171384763,-0.26235373970015885,0.96491961531780812,3.9123258674884767,-6.3400528405264494,-1.0168221210331714,,0.1588821349496378,0.1458333333333333,0,4
0.36041851359899135,-0.92487690413472234,-0.12124853505616968,0.93225765980788111,0.35276276984106703,0.080337313519891332,-0.031530156749191518,-0.1419899306719738,0.98936581141817337,19.70315064369548,-1.0969492123204552,-1.0524088809594743,0.3328028796103978,0.2037656871973338,0.3461538461538461,1,6
0.90366917831275173,0.42778047171134942,0.01964393519569271,-0.42817292515135386,0.90183774792630278,0.057936366666788294,0.0070684039846666512,-0.060766310054426217,0.99812699253525816,2.2547526204543757,-2.4074176661583899,-1.1331569609513392,0.1822071534477422,0.1357227860846669,0.5034965034965035,1,5
-0.46390626364984422,-0.8795325910829086,-0.10589334147823698,0.88494951425130519,-0.46558391733302612,-0.0097965885497483998,-0.040685817833988003,-0.098254959894241961,0.99432923475243351,-17.143933777765753,6.5702120320801569,-0.78136162972564072,,0.346059266403504,0.28,0,4
-0.25652749576234679,-0.91974277860983766,-0.29709740004408491,0.96629574333114987,-0.25091355140815158,-0.057575395264385897,-0.021591209739163668,-0.30185362498205104,0.95310975692581967,-33.654610914089751,5.951611467349573,-0.16818711177931173,,0.7761415817784053,0.5128205128205128,0,1
0.99883205985991008,-0.047731244840957997,0.00749963078690794,0.046162045972039462,0.98855805517866036,0.14360375013577673,-0.014268206183074221,-0.14308983125056729,0.98960685046385943,7.5586728190726911,-14.011205125523437,-0.7329434431010613,0.4968801298952302,0.4288683476935554,0.574468085106383,1,5
0.26410970903875236,-0.96084234401028723,-0.083833475105603142,0.96415699451378301,0.26072564859078967,0.04922830585202069,-0.025443103615982707,-0.093830304932512279,0.9952630417907905,5.100923263831989,7.9162626976202031,-1.2287324171996516,,0.08268364823477174,0.2413793103448276,0,5
0.26653255549049276,0.96364156156567959,0.018850402832993149,-0.96356916172771889,0.26595917992514201,0.028287544624571292,0.02224561599615929,-0.025703218413355353,0.99942207156543561,-4.5845206412014949,-4.0893142242564222,-1.0330405393810842,0.4951083824387567,0.4318447959284109,0.9795918367346939,1,5
0.850550978542567,-0.52577011802001938,-0.011349709137124032,0.52561045416330998,0.84918977598033085,0.051091827572666795,-0.017224499253143222,-0.049421729711645039,0.99862946544641262,7.5027269359563684,4.1624518957823291,-1.1547177120951166,,0.08267857261641567,0.4117647058823529,0,5
-0.25612090771924212,0.95999885822451447,0.113155966863005,-0.96617313926252057,-0.25789214523007475,0.0010518537146166308,0.030191813404934761,-0.10905885400213973,0.99357668086920292,-2.5336324363146798,-9.2682043627307511,-0.89459213358624934,0.4079923511317411,0.2537345913591389,0.2156862745098039,1,3
-0.26578055817118401,0.96316464527510115,0.040921400150826487,-0.96373485561331695,-0.26651532704519953,0.013590751486617945,0.023996311678975413,-0.035825222149772323,0.999069932729299,-17.263701435491384,15.87302412120548,-0.65709235523439202,,0.2512650048568852,0.6153846153846154,0,2
0.43251213021077289,0.86171948662706033,0.26527869041394331,-0.90160958177425399,0.41524586776999456,0.12112403292823885,-0.0057809405287044691,-0.29156542261924923,0.95653342077496883,-2.5454374859401185,-15.965054127526635,-0.69713832120460684,,0.4678071342888283,0.375,0,5
0.73747429727566527,-0.67497146384999529,-0.023349172275688303,0.67446773313284614,0.73425153596352366,0.077252565639254742,-0.034999111708794529,-0.072720044852863319,0.99673810866054158,8.9898263115928287,-3.2248290005507876,-1.0233608938895149,,0.08958086566806729,0.2727272727272727,1,5
0.88010476470448917,-0.47390603036069406,-0.028786759668711366,0.46920308401226113,0.8589019181793025,0.20527045793610252,-0.072553904773197425,-0.19416634449791545,0.97828184158067555,-5.7173752951763177,5.9715582009325052,-1.1949864488203139,0.857486385574839,0.4860142118293465,0.1041666666666667,1,2
0.69720343366012738,0.71261624444441918,0.078009359992634794,-0.71668417729167744,0.6903806509324919,0.09868306256790077,0.016467000706868792,-0.12471024405380932,0.99205654723698034,-28.692289788626045,3.7518815111238237,-0.31230727840603195,,0.08099399599706242,0.2,0,2
0.64296495355898686,0.7654282558544111,0.026751703395554643,-0.7657120055430825,0.64165384876307585,0.044333541869802061,0.016768812184525219,-0.048989014148126522,0.99865854196052095,-11.72577661383645,8.8008280064353812,-0.97741954535524922,0.1139835300664269,0.1214682268685135,0.572463768115942,1,5
0.99664783687963543,-0.080855372341356424,-0.012469883988390242,0.081613981928235435,0.9932066076201268,0.082944514788723958,0.0056786615466101753,-0.083684188131688333,0.99647614595622835,-12.578850360914135,17.089255037766314,-0.77707995512221417,,0.3384287883279077,0.8181818181818182,1,2
-0.73729041347960722,0.6751267589862251,0.024631392405335729,-0.6752366830239398,-0.73758551946725426,0.0047982675049229448,0.021407197151838871,-0.01309430307334955,0.99968508598314365,-1.5381021024331674,-14.296182776382325,-0.73727434276723669,0.7345797751193027,0.6210404599236798,0.9823008849557522,1,5
0.11781447774301328,-0.98665852663596454,-0.11235969317638426,0.99261198673246276,0.11370328259097001,0.042343917190946018,-0.029003321002544952,-0.11651830476190529,0.99276497320676904,3.8523193392494663,-11.33751832972105,-0.82988082947178576,,0.09039704550555641,0.45,0,5
-0.55059209672714859,-0.83040248925161353,-0.08532320239141504,0.83461198975389284,-0.54961819438527559,-0.03664242022188454,-0.016467227473082387,-0.091386794699197638,0.99567930789685299,-21.528288549946517,5.3914176364462181,-0.58226035704096002,,0.3010932866714644,0.4827586206896552,0,1
0.10533370406700041,-0.99221036137311747,-0.066508718010157994,0.99441272063226871,0.10462860826618244,0.014006976012418987,-0.0069391521280560125,-0.067612521888411228,0.99768752375261949,-14.705245289810545,6.6599798956631195,-0.90910800026592531,0.2481875124415295,0.2716948595893882,0.8112244897959183,1,6
0.95530145313171888,-0.29563203167090574,-0.00091405391471156036,0.29535600680389362,0.95426646876559729,0.046263763730329747,-0.012804799462886976,-0.044465812033179189,0.99892884064428966,15.318942388021007,5.7496903271052835,-1.1900416622387417,0.2682310714323579,0.2953790589050964,0.8846153846153846,1,5
0.35010985217750085,-0.93261420916863158,-0.087486160419899012,0.93582619513150578,0.34419796622781479,0.075875506919721294,-0.040650017391595329,-0.10843660314397516,0.99327190596767534,22.587638064869829,-4.7814958538345538,-0.99019417914188135,,0.1922240477943899,0.3333333333333333,0,5
-0.57749049075044256,0.81548280946131479,0.03863315371406071,-0.81601339790386573,-0.57802345953200573,0.0033188359464049718,0.02503732282414866,-0.029608574834543391,0.99924794959112451,-1.8661167570876511,-7.7728519109154917,-0.95062317218197256,,0.06842062710913269,0.1428571428571428,0,5
-0.40914944748128124,-0.90942235662856963,-0.074482930191428459,0.91235920439765794,-0.40647879046913393,-0.048740897094973923,0.014050330125493005,-0.087897498046808464,0.99603043028839022,5.9043664898547865,-13.246841700545342,-0.76687289138735337,0.4180762902243983,0.2894289594460267,0.5,1,5
0.91819701450794056,-0.396089327045207,-0.0052428570055508134,0.39555907638933796,0.91610056083584124,0.065519306484971895,-0.02114851377093396,-0.062233491281888952,0.9978375283221953,-4.542445072134754,13.137377104944431,-1.15229843890138,0.1561078739495891,0.1542204132915024,0.6162790697674418,1,5
0.727315791605045,-0.67366983769364774,-0.13107512755568854,0.68564828441823933,0.70490668771659337,0.18163973047421583,-0.02996947373997259,-0.22198088069524111,0.97459033406324791,3.1345576157222439,5.9979369747194182,-1.267953391759197,,0.4800772571564431,0.6511627906976745,0,3
0.63046854257406193,-0.77194372563168201,-0.081316057961624194,0.77587744341247,0.62363864465756969,0.095336423749793828,-0.022882517961732893,-0.12319791129540085,0.992118271691527,1.3617796617391376,9.1258520560697445,-1.2655105936733375,,0.08932802029953935,0.3333333333333333,0,1
0.76211329319229504,-0.63725175105841914,-0.11442698157591523,0.6472720644526605,0.74584830145136316,0.15731873951093356,-0.014906472379042865,-0.19396009124326744,0.9808961617246329,-16.556341410989749,9.6819305770751178,-0.79367009792316146,,0.4100668460432002,0.3043478260869565,0,4
0.73852857195529964,-0.66042278745547922,-0.13571031727617802,0.67374983112228237,0.71537301225429406,0.1852096606576282,-0.025233181891348776,-0.22821742954417998,0.97328315067296067,3.8606835692269574,13.749435379354711,-1.1779159383001232,,0.4091105741748579,0.1052631578947368,0,2
0.983122616282742,0.18230217775860133,0.015356996381056141,-0.18294381980894936,0.97907295059339383,0.089149964722687533,0.0012166129569957007,-0.090454814138425321,0.99589981747768941,-11.237614578842567,2.7797662729105954,-1.0609569979540581,0.4075868218324571,0.2563759641052121,0.4731610337972167,1,5
0.4730394561379021,-0.87962262647524014,-0.049977074039588981,0.88083887401099048,0.47095357217086897,0.048224588028813312,-0.018882557236998741,-0.06683388251701966,0.99758542550495022,-18.295149859349603,-15.833059797797839,-0.38065075411564242,,0.1228740392761802,0.3043478260869565,0,2
-0.90722202482387548,-0.42051607254180101,-0.010697214987444532,0.42061110990503559,-0.90719528049038978,-0.0091113819159516288,-0.0058729804122763666,-0.012765413819495079,0.99990127128186745,-16.953251402383806,-1.674525692158978,-0.75491533673539668,0.2602346134837698,0.2022111901961688,0.6238532110091743,1,5
