axis_00,axis_01,axis_02,axis_10,axis_11,axis_12,axis_20,axis_21,axis_22,location_x,location_y,location_z,dbh,dbh_approximation,score,reconstructed,number_clusters
-0.82350285133224865,-0.54798825413742025,-0.1468057463966532,0.56687051051188908,-0.8050419216245821,-0.17482942755437531,-0.022380307407326092,-0.22719238049376261,0.97359269927723413,3.3441670564532533,7.525600874424061,-0.01015560863121698,0.7237709770961602,0.350700557638538,0.3611111111111111,1,3
-0.71891992723629239,-0.6521538222726373,-0.24051929302605418,0.69508887671657715,-0.67332788209404393,-0.25195439400739972,0.0023646749143219573,-0.34831731982480935,0.93737369977112683,-14.615718034674369,-17.270319399473561,-2.0703021994618016,,0.2021408159451285,0.2272727272727273,0,4
0.20064946327073963,0.97640194433375338,0.079868867466805174,-0.97872626867793344,0.20335484107825394,-0.027234162550149297,-0.042833210117079558,-0.072705238541003095,0.9964332714235119,-2.5291741997178283,15.366669964100675,0.49793330320608858,,0.1577255311076115,0.2666666666666667,0,1
-0.5114290142679131,-0.80171162033762966,-0.30935229299386502,0.85898187596582842,-0.46676918562413605,-0.21042020842591708,0.024300208377218278,-0.37334301274751641,0.92737505611560977,-15.925699732023835,-10.868706404153725,-1.8818046146717815,,0.7222439883262908,0.5384615384615384,0,1
0.62810386371971727,-0.76756637519632487,-0.12777869950949214,0.77539864660428137,0.63114852968951973,0.020210698033610863,0.065134286091208762,-0.11177384818789884,0.99159675858519036,-19.456226935943928,6.4385930413019503,-0.81294925662448403,,0.6782853751287701,0.5128205128205128,0,1
0.97439805824114656,-0.21939743902996539,-0.049124208319082915,0.21920554562343497,0.97563412213416167,-0.0093267623234018163,0.049973521627119648,-0.0016803197903044365,0.99874912949228001,-10.656071433477985,17.408726406536299,0.44312748079917541,,0.07349965083000379,0.1818181818181818,0,2
-0.85794547905777263,0.51323804212951474,-0.022721511291950727,-0.51035542572075254,-0.85652698719143061,-0.076804034074775498,-0.058880339687516978,-0.054297627239430372,0.99678727583895721,-16.120627403953506,5.1131822444307655,-0.86123415721575736,0.4193533214868426,0.3850020163038766,0.9355742296918768,1,5
0.47024950335999061,-0.87398356115808551,-0.12254851861655479,0.87968349860239559,0.47534047094454063,-0.014435337504576956,0.070868518231518032,-0.1010156993127906,0.99235753718910003,-10.01767333120106,9.5809191171715611,-0.19777897132450253,0.6406981966924138,0.297797431402154,0.3536585365853658,1,5
0.9124358334810746,0.40862799532045496,0.022000255000408829,-0.40910144556470235,0.9095598037227357,0.073054573359438935,0.009841596240836659,-0.075657946656283184,0.9970852611944413,3.6609462370846635,-11.812510142580201,-1.612511840316099,0.3807036689998953,0.3344578129634715,0.3557692307692308,1,5
-0.97999644559052634,0.19901267944509032,-0.0009591923788063256,-0.19452280349142961,-0.9588829907685581,-0.2066501607465614,-0.042045755454844083,-0.20232983822172823,0.97841442702640069,-8.3151110220970743,11.13599356878011,0.028540336222953194,0.6704353602275539,0.2775099681912971,0.275,1,5
0.9584267395514392,0.28415288153888341,0.025987012639908286,-0.28463778321348676,0.94571928441817132,0.15683229082970881,0.019987928359625921,-0.15770914682646522,0.98728329659078029,-1.8434626177794295,-7.1198422890252333,-1.5193124423604458,,0.08272441449364025,0.3026315789473684,0,5
-0.76937512683697162,-0.63244090431406264,-0.089891138356366987,0.63790017464310811,-0.75319480547991258,-0.16056447984647271,0.033842006366128573,-0.18087588990378667,0.98292351231244202,5.3776931146917519,-15.508412793479676,-1.6677802762808995,,0.7209371632876652,0.3870967741935484,0,5
-0.46290408085346801,-0.85568632815151235,-0.23134545542065413,0.88596527281097781,-0.43838556342201584,-0.1512733722640352,0.0280240486400028,-0.27498910087082723,0.96103883745667551,0.22112791147857422,5.197372959920207,-0.31347115160071598,,0.145801179755368,0.3,0,2
-0.9500756529202965,-0.31188644731250276,0.0091157945817448068,0.30002902194394859,-0.92119648482346661,-0.24774911168406905,0.085667028193048944,-0.23264539611106266,0.96878133753128048,-12.673027123165474,15.724196050180378,0.26803218979592081,,0.3482282884422529,0.3043478260869565,0,2
0.69541568347180249,-0.70484204309874865,-0.13998114680852253,0.71502983080957794,0.69811234118804621,0.037033770174976589,0.071619607886905245,-0.12584456031679742,0.9894613577117598,-28.446290493335965,-1.6630543487733447,-1.6656843877720411,,0.1455357050497909,0.1891891891891892,0,4
0.11241838855409249,0.98828359988842518,0.10323580825700253,-0.99303583580876842,0.11542438639389109,-0.02360169115074055,-0.03524109411585058,-0.099863593051568639,0.99437685414954669,-5.1300284524198672,0.8490288179062111,-1.0054412665776196,,0.3522940600776967,0.3547840812870449,0,5
0.99724524251650692,0.01526496002734239,-0.072587239054509145,-0.00861504355308821,0.99580830811845777,0.091058192969293086,0.073672975389699066,-0.090182007504924541,0.99319660602501558,5.1531927695136233,-12.715731385204602,-1.5796478859637584,0.7658785357518975,0.5015685574921339,0.3461538461538461,1,4
-0.68333651784511085,0.7290419035951039,0.039358686229921572,-0.72677734900799651,-0.67409430627437961,-0.13187703066634429,-0.069612415187431623,-0.1187213925579126,0.99048439795934295,12.559620651050329,-18.535361900465553,-1.270692096125799,,0.2131953394562653,0.4166666666666667,0,3
0.74140753596237097,0.65322613823984443,0.15365701395792467,-0.67089950315348756,0.72647190097505387,0.14876973402576166,-0.014447224183546792,-0.21338741625023724,0.9768608336397967,-0.094567243824166175,17.055695949216627,0.72724106017428569,,0.3550708894495548,0.2352941176470588,0,2
0.031189368614759176,-0.99395161202421822,-0.10529680071051506,0.99813267526902594,0.036508572990781411,-0.048972305014913037,0.052520337448550149,-0.10357276211743134,0.99323426093830236,-13.463574454988368,9.0542840539925447,-0.42321910096162324,0.2445599679260184,0.1748523708148801,0.3055555555555556,1,5
0.75168307449151539,-0.63278274449411265,-0.18589931090103762,0.65768180277219745,0.74024521104878416,0.13961258475385582,0.049266640085300413,-0.22720701087298931,0.97259949228079778,-6.9520464344233712,14.159658876225331,0.29156683650238024,,0.2464599827132989,0.3076923076923077,0,2
0.43393031629364609,-0.88627778861190132,-0.1619140574950039,0.90068398423217644,0.43107853252835171,0.054218625405451762,0.021744910874736609,-0.16936050367899214,0.98531425375087767,12.077130975329625,-5.6524105530836213,-0.73163965338051096,,0.2722756662221459,0.6956521739130435,0,6
-0.97584573092452165,0.21664358109601708,0.028118822988847773,-0.21618895519012332,-0.93915060868609535,-0.26694282132759839,-0.031423639034772202,-0.26657399155661937,0.96330206162728726,-22.804202768982403,0.034919824995489505,-1.4447233783427569,,0.318164640527503,0.3095238095238095,0,5
0.87348082070255018,0.48676953216885738,0.0093101244305325431,-0.4867706423365476,0.87279999810751807,0.035700210962713821,0.0092518984033001551,-0.035715344820248934,0.99931917649983415,-5.5290670828372859,7.8304822653688548,-0.28546856017006816,0.4625753015355182,0.2938827159094692,0.5121951219512195,1,5
0.27416123748147275,-0.94641635955511838,-0.17068008152407355,0.9597680146527432,0.28046821688220308,-0.013525434131647305,0.060671030254642211,-0.16010513322612191,0.98523366385973932,-31.267661463581891,10.801065761163464,-0.78637710268059624,,0.6535709997129654,0.5263157894736842,0,1
0.094245224109149636,0.99490849795036274,0.035706000038765021,-0.99439773057137071,0.095800029554918106,-0.044671106677401484,-0.047864299505195558,-0.031295926946313779,0.99836344774307861,-35.276065809781635,0.055757765894914921,-1.7246814638480554,,0.1308195093665707,0.2,0,1
-0.98596942384656983,0.16319339532169633,-0.035102862604609798,-0.15997919957680021,-0.98384164327016732,-0.080388286896923525,-0.047654495511209816,-0.073644665053432631,0.99614532693113522,-11.458714074667935,-7.2332235728569803,-1.681051227912105,,0.0706093004919892,0.2765957446808511,0,3
-0.79355448799076556,0.60565588726716846,0.058755602356992578,-0.60313823440731018,-0.77009880287777066,-0.20777897873042311,-0.080594942680958251,-0.20032169134879951,0.97640958372468345,-11.781186956312469,14.500946260093967,0.21619839730775556,,0.171972282706276,0.3823529411764706,0,3
-0.90652373562320887,0.42207023573689678,0.0084517960661226153,-0.41983034721154677,-0.89925338457989212,-0.12282438634832149,-0.044240211482035975,-0.11489154201511005,0.99239243107825825,-14.53510521210905,13.499677650309918,-0.04789005921490927,,0.1217012957776789,0.2727272727272727,0,2
0.76407093764233103,-0.61505435979529754,-0.1946888202932178,0.64191006984918664,0.75493360091247041,0.13426362291977201,0.064397705522642207,-0.22755964648884192,0.97163241136413903,9.5446638393619025,-2.3893915960620098,-0.64116410764805687,,0.4127996906749658,0.2,0,6
-0.80693473134852189,0.57762210094191346,0.1233249684651842,-0.58905040172281631,-0.77171266939009986,-0.23974815981148925,-0.043312395150552886,-0.26610573914565688,0.96297028615636204,1.5454863617411607,-19.120544088158592,-1.7970225453007231,,0.4604889902038505,0.2,0,4
0.2980701351509713,-0.93823054643992643,-0.17572033535740064,0.9521902030335021,0.3051734355883739,-0.014247507087390723,0.066992624803768552,-0.16307242543797554,0.98433702169718063,-25.93920212563609,-5.8741533575523395,-1.8374739010382755,0.4368162951310446,0.4591840327954692,0.8055555555555556,1,5
0.69284089259476433,-0.71465552843840985,-0.096119577719144186,0.7181791947537377,0.69585168147466669,0.0030135712620484771,0.064731304415735352,-0.07111900632949987,0.99536523204668004,-17.069401958449639,18.375118106228541,0.30628655919256859,,0.121301145696129,0.375,0,1
0.72690138143237948,-0.68330595284511242,-0.068610177657044052,0.68372290641289124,0.72944262150368333,-0.020891366162671288,0.064322382714007934,-0.031724387153523541,0.99742478129517398,13.343295790938484,-2.0651198191489333,-0.45774908270762454,0.409219856929922,0.4265679469504319,0.5542168674698795,1,5
0.82165435988747559,-0.56619463224817501,-0.065633461673564944,0.56681490562142167,0.82377759948498097,-0.010551272536539166,0.060041449376914927,-0.028532525302100518,0.99778801323557864,-3.3153438290012129,11.210699231579984,0.15664138802890401,,0.08454142648593892,0.4444444444444444,0,5
0.97655954594472427,0.21464728695257368,-0.016062236087597256,-0.21450094788664406,0.97666885682667115,0.010357966046263005,0.017910795067930935,-0.0066698057530807835,0.99981734187363014,-14.01539895209241,-6.8951058752333747,-1.7015696998300704,0.1994109909114914,0.1740556754372489,0.6363636363636364,1,5
0.74082705223426182,0.67041199634350546,-0.04150944274028899,-0.67043904401572396,0.74180620018786081,0.015331328126716504,0.041070268287118725,0.016471688485473188,0.99902047853948472,5.4286229932173189,-24.830130735783086,-1.7066213963358059,,0.2341539993850868,0.2777777777777778,0,3
-0.70893428087716781,0.70373506669386965,0.046574041080289896,-0.70227422493725666,-0.69829275087407128,-0.13855737824272868,-0.064985370553296742,-0.13093582390659106,0.98925866770625426,-18.990241689164211,1.1038829564389834,-1.2912789305265691,,0.07538254243289701,0.203125,0,3
-0.12130167491514919,-0.9870171319852028,-0.10527623108035662,0.99131038717271092,-0.1150215604630431,-0.063825989315773338,0.050888308542042252,-0.11210362079947181,0.99239264318987086,-17.03914657396836,-0.23132413826872794,-1.3696026781667987,,0.1048967217334747,0.5522388059701493,0,3
-0.032996221584580779,0.99933458705617972,0.015544531977360934,-0.99828636135088955,-0.032201583731003382,-0.048861014582343543,-0.048327943282764033,-0.017130123130588634,0.99868461927657037,18.042617002252005,-8.4305440934305427,-0.53088775665971966,,0.1603930227955958,0.6,0,5
0.79778946885076296,0.6009438539724159,0.048973949846815704,-0.60277107735907054,0.79683607655474797,0.0414643871318882,-0.014106441443684456,-0.06259993189786564,0.99793900456700257,5.1731711567976895,8.2777638365114079,0.13063349834362803,0.613692247297864,0.5667521654982757,0.4630872483221476,1,5
0.86664539955664288,0.49888191297660617,0.0065259736521068052,-0.49886898643901922,0.86627939079520999,0.026263119631625611,0.0074488788828661759,-0.02601641766810835,0.99963376304279872,-24.444003175385497,-5.687632937426403,-1.8108251213262716,0.2701489796663331,0.2670585558017016,0.7857142857142857,1,4
-0.96965544052928676,-0.23770917920912918,-0.057119810676127127,0.24424192344750234,-0.95213003398606111,-0.18383220939858796,-0.01068688367199919,-0.1922049544143544,0.98129661469708362,-22.549064994468448,-2.1298559316526351,-1.5865269536969047,0.3677412098210125,0.3236187085480529,0.5,1,5
-0.56235718507422638,0.82684619076243238,-0.0089315853602803218,-0.82481820206363865,-0.56167740419391554,-0.064756676586215936,-0.058560481042246058,-0.02904944818134212,0.99786111239012631,-13.294042507995723,-9.2322759974870987,-1.8029835207948941,,0.08935532991861135,0.3947368421052632,0,3
0.99259472112656055,-0.11479624242471437,-0.039718286932500228,0.11312448591357749,0.99269039151463367,-0.042055169495709602,0.04425573723795613,0.037250628446917046,0.99832550823958965,-2.6088097053821317,3.2637301536519265,-0.66293364084393491,0.1288309956628514,0.1105696342334336,0.5982658959537572,1,5
0.40420727512006549,-0.90456956712543846,-0.13553736374339337,0.91085027856763223,0.41160029364222911,-0.030609938041395838,0.083476037120116239,-0.11108148587468568,0.99029927533175199,-16.108977713976731,-3.7372644447711769,-1.5919685231706124,,0.3710031554166279,0.625,0,4
0.95112608380374941,-0.2996194959809253,-0.07474844704928342,0.3070049853970806,0.94355006966471122,0.12434309380523204,0.033273287326047847,-0.14121410575383234,0.98941976162125633,-12.460364665450282,11.635345464783146,-0.10210287268819626,0.5836858359883769,0.5107437461193898,0.5416666666666666,1,5
-0.86182092650259245,-0.49885565805868332,-0.09169363699325532,0.50716741527962572,-0.84996045028870493,-0.1426479786874161,-0.0067752137085443365,-0.1694410380275686,0.98551703745361163,-6.513026134003721,-5.6206495020891731,-1.5802556525824862,0.2153259725879231,0.2062975088787223,0.6460807600950119,1,5
-0.29129027997802209,0.95537689897016531,0.049040327328372678,-0.95462257574873466,-0.28697225709742868,-0.079640828268273997,-0.062013794120139354,-0.070013602753719345,0.99561658522157359,-6.569182903145296,2.2465140625510198,-0.91799516858782748,,0.1014795762512453,0.34,0,3
-0.94124433244753436,0.33772386008390887,-0.0013042106503662119,-0.33327283595307933,-0.92945044603490601,-0.15827534609441679,-0.054665560009829417,-0.14854111449541402,0.98739415324037283,-3.4265782669226161,4.7267943257920324,-0.55444030400643396,,0.07405196037582595,0.2285714285714286,0,4
0.9982094866386868,-0.041036344150341388,-0.043518263330521632,0.040941589368919298,0.99915683510373354,-0.0030667776962618001,0.043607419603511242,0.0012795797224937667,0.99904792459183756,-4.4050695811344021,-1.8706639106271257,-1.2194099625762593,,0.08149821117011499,0.3809523809523809,0,5
0.081047491511690342,-0.99316452938644861,-0.08399715285803265,0.99517962469082244,0.085303815706352537,-0.048381542205367209,0.055216109242644092,-0.079671052425142636,0.99529076389041893,-29.039524181862493,6.1637540834255287,-1.0884415666596421,0.2784952769348749,0.2567752659368163,0.7333333333333333,1,2
0.51847681280267233,0.85383501319600352,0.046341825887242595,-0.855024924162893,0.51835163937316253,0.015619123515557483,-0.010685206887181834,-0.047721569543927082,0.99880352329877298,3.3008607592772652,-2.0778267842368612,-0.9626498672047189,,0.0882667775172077,0.3513513513513514,0,6
0.96013144959543228,-0.27228037381468645,-0.063332436658555841,0.27450057855186838,0.96113970679583671,0.029323990095218563,0.052886972615805952,-0.045539675621917373,0.9975615800900649,2.0266034899223997,-12.384043573763735,-1.7283198583235002,0.3145504076693287,0.3349818573467556,0.5909090909090909,1,5
0.043046755133897968,-0.99032717819070848,-0.13190548513716283,0.99781431331005732,0.049241594307307318,-0.044066558109896493,0.050135546531583426,-0.12972025873741774,0.99028232411119821,-6.2239597572465666,5.0577717604082197,-0.60800295113718017,,0.09585642575508443,0.473170731707317,0,5
0.66484479028076771,-0.73660933184115507,-0.12404876896224899,0.74419014923507787,0.66750635312039108,0.024825195374637843,0.064516870801326648,-0.10882077369897386,0.99196552994222642,-9.366522290896695,14.75776464366602,0.2872105041750882,,0.1412295932685751,0.2291666666666667,1,4
0.84550961422495963,0.53352628630796484,-0.02152194395476956,-0.53395134600690586,0.84504060306131878,-0.028325593995128177,0.00307446752690246,0.035441232994848047,0.99936703300300611,-11.482347997099451,7.5559351564305679,-0.49969543506367048,0.4402707200002877,0.1929141720815456,0.7131782945736435,1,6
-0.028992921917134654,-0.98818121583463314,-0.15052340399517122,0.99824913596178266,-0.020857170066396775,-0.055350167193752388,0.051556503278072222,-0.15186462105575477,0.98705575518373345,-3.0775553532179685,6.4258425028066677,-0.37243906580205355,0.2839835060858621,0.2100418157182922,0.48,1,5
-0.029800920128219225,0.9672518147648117,0.25206315080489161,-0.9981510005138392,-0.015432035897864935,-0.058791431699431476,-0.052976271412146565,-0.25334912492887157,0.9659232555255316,-25.721557727487088,-17.360095691044258,-2.2983327846445865,,0.4030670006036901,0.5555555555555556,0,1
-0.80058582967443126,-0.59005559743587666,-0.10438736158699753,0.59918018852347865,-0.79025392853632759,-0.12838158011907627,-0.0067402526267435143,-0.16532731282971069,0.98621572114169609,-6.6883664773958253,7.3232975166678207,-0.34374427209019137,,0.07147341471865716,0.1919191919191919,0,5
-0.21995943288172534,0.97506744735774598,0.029348270640666061,-0.9737082618279318,-0.21762684724877801,-0.067311040733182004,-0.059245833054965044,-0.043382351939528108,0.99730030723238883,-0.04455892061056009,10.662072144183625,0.17739887355072209,,0.06736678260520647,0.3529411764705883,0,1
-0.063330452171941179,0.99780072442056467,-0.019569572644664315,-0.99642391900363247,-0.064317763652891907,-0.054795975364390077,-0.055934135062067424,0.016029336370793332,0.9983057812666275,10.680134426013568,5.8417887739800571,0.15172165857459041,,0.08730013984652278,0.5384615384615384,0,5
-0.7353298118215541,0.67349145698962387,0.075493875304372779,-0.67356069504699578,-0.7139727342631973,-0.19120388284902248,-0.074873613070873646,-0.19144762231672663,0.97864281020962163,0.91983091686904439,-9.6716621943877783,-1.6624243082448078,,0.3758306987047316,0.8051948051948052,0,5
-0.98074222312562465,-0.17601841422129175,-0.084629838908212962,0.19021749500781834,-0.95912762074365432,-0.20950301124224477,-0.044294428222507662,-0.22156652495726722,0.97413873685774466,-11.938208234531771,10.225719743753778,-0.25236638032581205,0.8750321425720835,0.6848136365614544,0.9419354838709677,1,5
-0.033927000766075771,-0.99094203604146969,-0.12993398256424571,0.99863072563774269,-0.028432412281062212,-0.043912091092499217,0.039820000392452676,-0.13124587284126965,0.99054979099027562,-1.6977037178570729,7.4061522387002459,-0.14960642796299634,0.5612951888093971,0.6482338185832361,0.6632390745501285,1,4
0.94291559266097758,-0.3199689440890861,-0.092358323584349145,0.32855434905421499,0.93907325934729446,0.10096263316895533,0.054426324828682524,-0.12554396997611281,0.99059400703228484,-21.800443329243656,-11.167982487855738,-1.9783453193824851,,0.1392218171073686,0.3,0,1
0.51869659923381584,-0.82811801374573479,-0.21254268572005458,0.85371716330832492,0.51507427937125805,0.076586498829541119,0.046052611392429277,-0.22117649522496527,0.97414583864221249,-24.021679162746313,-3.5980061427065233,-1.6912267276437638,,0.3450629006753774,0.103448275862069,0,5
-0.65240052721465547,-0.73811253691918732,-0.17194020743491667,0.75727185991381007,-0.62583921439975521,-0.18672066811731844,0.030213941694520272,-0.25202214299981673,0.96724968708449899,-5.1740992688764447,13.315669981463284,0.26838458841725049,0.5321616740788491,0.2696913027375827,0.2058823529411765,1,6
-0.90302035709608386,-0.42376732261937178,-0.070537160065234944,0.42940644138649409,-0.88546830795200016,-0.17764003971066736,0.012819624247485411,-0.19070168298321155,0.98156432562594798,-26.381619982903498,5.2631484955375329,-1.0774398077917051,,0.4140943041669669,0.7142857142857143,0,3
-0.26945730616075464,-0.95134155329194459,-0.14947243604310054,0.96220652956406483,-0.25962077073923501,-0.082192760417468785,0.039387239315126665,-0.16597079375852591,0.9853437679299023,0.38791452617830546,1.0438793743076882,-0.79318261621464614,0.5264910322920007,0.5008724088141594,0.915861284820921,1,5
0.98789542544210718,-0.15383399518363025,-0.019943177189246722,0.15501059445043955,0.98385466026652557,0.089452350891195728,0.0058603753020008784,-0.09146097199178993,0.99579141721729914,-10.162857840116775,6.993304617168806,-0.50859796241972854,0.5942468052914048,0.557377307007871,0.8896103896103896,1,5
0.96161549160194593,0.2713621213603844,0.04072155942420403,-0.27346118650364853,0.93544352402727127,0.22397408964310139,0.022685365043649465,-0.22651272027467093,0.97374399190269945,-3.6189188990211267,-10.351873343268064,-1.7691143667661244,,0.1599139618329025,0.2988505747126437,0,3
0.67508978863720692,0.73747281583230995,0.019688148367361675,-0.73740604590136571,0.67375033849599364,0.04788324179342069,0.022047692529704017,-0.046843647220280199,0.99865888669215652,-27.380059100068308,6.1903501124791465,-1.0348303127880807,,0.3831991852616389,0.6190476190476191,0,3
-0.94358243145338272,0.33106475557362924,0.0069514508914839887,-0.32926142519728446,-0.93579753429130874,-0.12597574644097637,-0.035200979099689479,-0.12115734575865018,0.99200896600743649,10.670860464909852,3.5771322906792316,-0.085187072034452874,0.8220154694416298,0.4013324148626514,0.2727272727272727,1,4
-0.88186192424148557,0.47010102484281852,-0.036394683881509959,-0.46456273668298986,-0.879479743966189,-0.10342554635474334,-0.08062884259813409,-0.074299437379414399,0.99397111796389082,-0.38099129809819154,6.2170448069609128,-0.22617221838404955,,0.1211791499044731,0.1818181818181818,0,5
0.30744021931393101,0.94503817763116904,0.11128052106169432,-0.95099182430182227,0.30921288148152387,0.0013942872682972327,-0.033091715871125929,-0.10625552571726983,0.99378805667770642,14.03929232292738,-6.2149895195121818,-0.6587330240142264,,0.1702492754788032,0.3157894736842105,0,4
-0.36610899212367753,0.90284966688193713,0.2254477431631576,-0.92845787535969126,-0.33807421817385058,-0.15385641581912923,-0.062691144261005985,-0.26564694994920535,0.96202989476103651,-1.7855351944388211,16.069499547998465,0.59623050679892864,,0.5516573236906144,0.4545454545454545,0,1
0.63972930963542618,-0.76497760614726174,-0.074536383643067541,0.76594109883303907,0.64257107723418161,-0.020896024036666787,0.063879914776231117,-0.043722680559509966,0.99699933986581613,4.3117445296224357,9.5626492970060042,0.20712920437375054,0.5107534127656307,0.4823747695795823,0.9504132231404959,1,4
0.98632812379210111,-0.1580556007616698,-0.04663967500555407,0.15749783365459719,0.98739886929653653,-0.015424179266104477,0.048489840285001806,0.007867654020840633,0.99879268890463246,-2.9901638834780138,-17.402003444178423,-1.893060180716349,0.2337046465328565,0.1880610351186109,0.75,1,6
-0.27474673421921786,-0.95914631421564545,-0.067472809059773681,0.96073931969413773,-0.27102676959944022,-0.059367076348236819,0.038654774989899873,-0.081134691020760472,0.99595329724010928,-6.9772661158382085,8.1931679052320785,-0.2593300808167413,,0.08673024451465949,0.3852459016393442,0,5
-0.77295185976492398,0.62671903917581673,0.098836574305704111,-0.63201420694308208,-0.74688854551504447,-0.20667738821779552,-0.05570874893634703,-0.22221779072109274,0.97340422681380656,-4.5007148135200827,9.2793380675742458,-0.069214934729622826,0.1420012633384689,0.1920627517695532,0.2631578947368421,1,5
0.99616881075277941,0.085512832694442389,-0.018309995302148746,-0.083961895894693231,0.99377627130080581,0.073206028694602979,0.024456093742890827,-0.071388220625245219,0.99714874589240654,7.8230652457605663,6.8604138006315099,0.13005824270577065,,0.1338091980533833,0.1176470588235294,0,2
-0.28681378759854265,0.95650348717180711,0.053281612884283458,-0.95722795639278357,-0.28393045896045305,-0.055660883703027089,-0.038111556560622047,-0.066966958290481243,0.99702704865708003,-27.727238828003326,-2.5134712064830675,-1.7006555805538626,,0.191743666316267,0.4166666666666667,0,5
-0.87691442070979975,0.48042753168744701,0.014508120067820486,-0.4735917132638619,-0.85849688983804695,-0.1967078525788919,-0.082048692122394504,-0.17936687803244472,0.98035480066448244,2.6763002051219362,-14.480909645944177,-1.7703175871151988,0.4007245096705513,0.2477725987276704,0.2888888888888889,1,5
0.53936083463936524,0.84095125589291142,0.043484195626252171,-0.84149529754238273,0.54018594825756994,-0.0092089912111483312,-0.031233864173106675,-0.031624776951072686,0.99901167120890566,42.788531524353949,-3.2957137702511439,1.1652970529313849,,0.5926505676224491,0.7857142857142857,0,5
-0.44064003043173655,0.88465842027124086,0.1523674605167071,-0.89540452732680365,-0.42105573313768302,-0.14478536540186446,-0.063930399840618796,-0.20022874178069525,0.97766116571189321,-26.990963379342496,-0.21177378330752492,-1.5326472035064984,,0.126721202116729,0.3333333333333333,0,1
0.42304246864366751,-0.90428267745700563,-0.057514424060939061,0.90381996974804202,0.42563221317197014,-0.044121212528443511,0.064378039800239165,-0.033317538347249334,0.99736924437740648,4.2185002021365925,2.0617106852726788,-0.46323379822992244,0.313470023720119,0.2943335461391438,0.8778625954198473,1,5
0.85444764949244589,0.5191046488370058,-0.021203250520715419,-0.51946383527748219,0.85430195593460578,-0.018041394766401368,0.0087486064972760475,0.026429749187557076,0.99961239000036384,-8.8007234547604867,-18.616388745995039,-2.0536154563411153,,0.1404418748636172,0.5,1,4
0.87787859451472983,-0.47355474014876719,-0.071239605385452362,0.474848378276441,0.88006651145564363,0.0013975201346599533,0.062033788704830208,-0.035054864097956995,0.99745825254092579,-7.0736254946127595,-7.5532672980431217,-1.6712527639126031,0.3517016312155226,0.2638484533668929,0.444,1,5
-0.38702946725285559,-0.91887726814927928,-0.076633919099108133,0.92174963608840443,-0.38337598971548814,-0.058313453684073868,0.024203302437174088,-0.093206311954652288,0.99535259258362674,-5.4149687030135976,-5.2062298611306215,-1.5323927114240301,0.2441382574726298,0.2133659970619754,0.6336032388663968,1,5
0.012329898795888064,-0.99839461694367138,-0.055282569165908027,0.998079521030239,0.015644836679727152,-0.059937540701252887,0.06070620475480943,-0.054437376343509675,0.99667012033124702,-6.7852568240196911,3.2445154960934812,-0.78791819664702567,,0.2297040110525424,0.7563989408649603,1,5
0.47267303777416203,-0.86381272369710504,-0.17437826051527891,0.87843947926747967,0.4776124707350573,0.015179231292577148,0.07017321872071447,-0.1603555617287496,0.98456173661027058,-0.71548751605801753,-2.2126555765608664,-1.1534532016247288,,0.2108134165877625,0.2378048780487805,0,5
0.16812221361286611,-0.96407907764482348,-0.20563670231118406,0.98335225989604436,0.17861062004999673,-0.033415256436253087,0.068943848509165254,-0.19659546905476821,0.9780577525381019,-8.5665125156867408,-21.040161793500392,-2.0543361906408077,,0.3696768657481835,0.186046511627907,0,3
0.91850606916681943,-0.38254205877111663,-0.10004086252564011,0.39131821011955575,0.91572353739038748,0.091216563726460712,0.056715600433617577,-0.12293077865364604,0.99079330050574266,-17.222272161806867,4.9691302565799562,-0.885970019228973,0.5641610910261761,0.6032772671608311,0.7846153846153846,1,1
0.030868113279081337,-0.99236287003707124,-0.11942819497244853,0.99838803018414923,0.036305803997291018,-0.043626021834743955,0.04762878087464642,-0.11788902734308079,0.99188390271467652,-4.0181627884729334,5.5087254762786868,-0.48839155535906825,0.5707780621926123,0.4591072511592164,0.9,1,4
0.11661202624372102,0.99305296323848735,-0.015730465301233554,-0.99305774380599487,0.11633733540227267,-0.017376474281236249,-0.015425718857835627,0.017647566255968368,0.999725267562524,-7.8029668574375339,15.283449513490844,0.36937975837760123,0.3284160793016521,0.4434442526602713,0.8425925925925926,1,4
0.052919029563010797,-0.99492385261396188,-0.08559266212649283,0.99668272274211145,0.057930295374541925,-0.057163196771957123,0.061831436158966697,-0.082283706635087092,0.99468902935787418,5.1524554763119568,2.5768673945760212,-0.37960795798704755,,0.07251547896644842,0.3214285714285715,0,5
0.74346693095727034,0.66805508717345574,0.030972941007312751,-0.66875224055869664,0.74300870285929121,0.026617817774480586,-0.0052309961478830165,-0.040502690984905707,0.99916573635322403,3.8292104259331095,4.673891541721181,-0.24424595515866182,,0.2609641563520237,0.5098039215686274,0,1
0.09692404611371909,0.9951974223378689,-0.013704738487390716,-0.99382881904054809,0.096026097684422024,-0.055527173599710322,-0.053944487479409428,0.019002082400725873,0.99836311687432677,-12.104995049780355,-10.322629386953848,-1.8445918800746777,0.1047627641491276,0.1162182701823173,0.40625,1,3
-0.059100286618126177,0.99817898689784257,-0.012077509563333351,-0.99674935407227239,-0.059670598851949974,-0.05413081182800121,-0.054752911138716248,0.0088391033621474848,0.99846080993376485,8.2393005906580097,-2.2443720662927991,-0.67914838530437782,0.5726488382652621,0.5453032641608744,0.9884393063583815,1,5
-0.99657169463160833,0.074902564481910863,-0.03513492981519261,-0.071323433276961945,-0.9930192302290235,-0.093945602669553138,-0.041926427520981503,-0.091117584633219645,0.99495716513121157,-9.0071049814368518,6.2050302461956139,-0.54206377554893903,,0.0783956510960141,0.4482758620689655,0,5
-0.10741990033363362,0.98733332853008771,0.11676413570104231,-0.99033047682365927,-0.095889838797498961,-0.100253107131974,-0.087786739810393075,-0.12640426096096927,0.98808676295372699,-11.958186757541672,17.242617940666033,0.39902837286591991,,0.6270190016263132,0.1454545454545454,0,3
-0.6429754259190068,0.76231114241347142,0.073921064768711284,-0.76396746378151559,-0.63154105484314871,-0.13232388420403202,-0.054187784117002938,-0.14155429417672627,0.98844628880512164,6.7766503407100034,-18.328195272022271,-1.5988179558040969,,0.3097692566926328,0.8333333333333334,0,5
0.82393025382921581,0.56499716296381375,0.043785187766698201,-0.5661949089749635,0.8239807549254724,0.021886995300425538,-0.023712061820014795,-0.042824307995455828,0.99880118981154264,5.9810964213826434,-12.947029685367685,-1.52383747861128,0.3467770561635664,0.3512622872145334,0.86,1,3
-0.86329847824849215,-0.48077303487610917,-0.15353509823441791,0.50462234064134648,-0.82738070737521918,-0.24657140626790033,-0.0084870948790279309,-0.29034196045232019,0.95688531978561397,-1.6485736277294811,2.776721291987962,-0.69231022927754526,,0.1343187219994199,0.2142857142857143,0,4
0.98931259718830988,-0.14049889684185199,-0.038995448846550394,0.14282065554994167,0.98760926963362294,0.065039917604709646,0.029374230080230296,-0.069914165374157483,0.99712043609948597,-17.160900638476527,6.3254894187517499,-0.76501837512063231,,0.2441503838775106,0.34375,0,4
0.28761269133080314,-0.93074759003124219,-0.22580492341064151,0.9504270243263524,0.3064617128683953,-0.052627844112439759,0.11818380267873528,-0.19947466555129936,0.97274994042024465,4.782084313587105,6.2779792421485201,-0.087639268704204479,,0.2266982269434665,0.1052631578947368,0,2
0.21778328620193974,-0.96700048846122688,-0.13221382517283498,0.97186821206849106,0.22731033756767946,-0.061661891032163955,0.089680647978696751,-0.11506548461904857,0.98930142809333121,8.8264400977474367,11.523991855587942,0.60878864784616982,0.65398629308428,0.3083000590600481,0.1333333333333333,1,5
0.99597932793215538,-0.080188499132302846,-0.039937237494862568,0.078288957098635328,0.9958197581930146,-0.047051550333801678,0.043543283388146593,0.043735726806752452,0.99809376747501288,-9.7513896572795247,18.895878650627051,0.57566934855148433,,0.09379032289564782,0.2352941176470588,0,1
0.57618502309156061,-0.78978023236851624,-0.21037586298078431,0.80819781779496136,0.58890495782384067,0.002690346067438659,0.1217666065735595,-0.17157545048879311,0.97761687706029654,-22.742194332896776,4.1880192108381342,-1.1003408637857817,,0.3834285794564921,0.2857142857142857,0,2
0.94642023698183064,-0.30852123600040599,-0.095411644824086053,0.3183844857994691,0.94086030717851332,0.1158153771230835,0.054037526159729926,-0.13998760413956704,0.98867760996889209,-10.499658751975998,-21.074834620690531,-2.0999173194366048,,0.4151878907538405,0.3636363636363636,0,1
-0.88456506847366145,-0.43818338048410604,-0.15981227957734512,0.46572483581472363,-0.84844437353533619,-0.25148065993546975,-0.025397183732356533,-0.29687955484295619,0.95457713830507829,-34.48052657570998,9.3358612877536675,-1.0153062308388745,,0.5147753603453963,0.2352941176470588,0,2
0.24644161126726769,0.96902462264074174,-0.016056554797387358,-0.96824892183692823,0.24545946581257413,-0.047367457232079115,-0.041958999006409911,0.027220054352892833,0.99874847236098763,-15.568887199246729,-0.18564716906113024,-1.3053218744627597,0.178946397458142,0.1436912033845251,0.4926470588235294,1,5
0.074383906425192034,0.99598356042739744,0.049837554347037155,-0.99605113970185444,0.076632133070845654,-0.044829045045046173,-0.04846814999117291,-0.046306193315557999,0.99775075790352408,2.0795032186795668,9.115061073747027,0.085608939163271572,,0.09583467725392054,0.3103448275862069,0,5
0.91722657384147899,-0.39018459472302941,-0.080320571959163797,0.39159892151855119,0.92013377875132751,0.0020282668244117129,0.073114272919380052,-0.033313829585153207,0.99676701984658478,14.859847136344738,1.2801273763874295,-0.13106404158161619,0.1647283522339401,0.165569492206647,0.4545454545454545,1,5
-0.57600051149035592,0.81616340746182947,0.045833427573595716,-0.81484306271712825,-0.56878711284094707,-0.11185706686584408,-0.06522418190072285,-0.10177677822742953,0.99266675853935282,-13.469151543553306,-2.4577139931634577,-1.4421872185848763,0.2162092475101594,0.1273402453187728,0.304,1,5
0.80260914981411091,0.59136135524352806,0.078168408959170724,-0.5965020567611633,0.79611458872150764,0.10191593547864439,-0.0019618650239816792,-0.12842627904491755,0.99171711790021289,0.38495644451126543,-5.3243233882770662,-1.3152645055533909,0.5130371832543069,0.212222166563527,0.1604938271604938,1,5
0.68818869453840803,0.7254766388529037,0.0089424374872912223,-0.7254403608908534,0.68824536392327862,-0.0073893050188355439,-0.011515359311325624,-0.0014019689035658846,0.99993271322780697,7.6495572362172792,-3.6544876196761167,-0.82347169579820778,,0.08969361034989634,0.25,0,5
0.7451234507630059,-0.66480523971955863,-0.053151071150538555,0.66391913581135364,0.74696396527286124,-0.03544313314801683,0.063264715493985879,-0.0088785035486103545,0.99795728763720193,-2.7743445692513728,1.5686919437008779,-0.87690680444238756,,0.07693722692659644,0.2693498452012384,0,5
-0.50384285883268398,-0.85684282658804045,-0.10937433029704015,0.86331521787826693,-0.49528864574212056,-0.096829706075860666,0.028795975119957185,-0.14321147971986883,0.98927309874136227,-11.254016574274578,-9.1282031688407894,-1.7665500468554711,0.2851574267072731,0.2706405320663646,0.7905982905982906,1,5
-0.67743021280640769,0.72103470320786245,0.14559280046422471,-0.73272064409680848,-0.64398466931918985,-0.22000955296580327,-0.064874991263383905,-0.25571996881707149,0.96457168373157853,-31.308030002119359,-0.05515347188693457,-1.6419359424217674,,0.3881543993499489,0.5172413793103449,0,1
0.093735622863984708,0.99042683659720632,0.10133269143939354,-0.99444480676149627,0.098036438814920593,-0.038319485507754575,-0.047886943015727206,-0.097177867915173216,0.9941143307869923,-13.657484195718785,8.2793448249754213,-0.48411914587375937,,0.07450656216426182,0.25,0,1
0.9755477239144128,0.2197709365204136,-0.0027154790275852186,-0.21807880530847729,0.96942639857637747,0.11249041034000291,0.027354579884109689,-0.10914757534721216,0.99364909991162809,-31.150525577699668,5.0624269636605304,-1.2427740991655467,,0.08633339530447465,0.1578947368421053,0,1
-0.71645197109695835,-0.69605907492202357,-0.046886430126218841,0.6975885596681638,-0.71399582968177033,-0.05983440997568084,0.0081715684773915279,-0.075575918226231026,0.99710656704932088,-1.1719281972813953,4.8820756950196644,-0.42934742450338775,0.5443641308785818,0.5161365847227531,0.9704861111111112,1,5
-0.21580387823165276,-0.96456360570979693,-0.15180822336189057,0.97553015544133337,-0.20628385686409523,-0.076078158638874308,0.042066637193697687,-0.16451146141648967,0.98547774053898596,-10.181822295143292,15.837487524259179,0.34475836117059971,,0.1335583728357886,0.5833333333333334,0,1
-0.5154098858658207,0.85541026470851123,0.051243815071643162,-0.85419441897662207,-0.50805064657749588,-0.11061842116654955,-0.068589679551469759,-0.10078600866937623,0.99254099981588839,2.0003479997041795,1.9282236474163639,-0.6075297552869372,0.493778855005371,0.2899238234654125,0.3856502242152466,1,5
0.048668626851340442,-0.96104392044968401,-0.27207709886557013,0.99737125585129294,0.061401285019174502,-0.038476748818058827,0.053683729024900026,-0.2694892672532514,0.96150589809594289,-10.491472173267036,-14.873433113597121,-2.0335733848534576,,0.4749661387476983,0.2631578947368421,0,1
0.43320028605715238,-0.87615080739979034,-0.21141730026820868,0.89970093173492105,0.4343242134299124,0.043597145133650074,0.053625978735291992,-0.20909863777936125,0.97642307125727956,7.3667969965146867,3.1894094671684243,-0.25247021341037623,0.4647214575672501,0.313744868427678,0.4556962025316456,1,5
-0.98092811181826667,0.19347355858222914,-0.018655336345899113,-0.1888421567197926,-0.971355334275261,-0.14424789225639734,-0.046029113505119422,-0.13797389863493992,0.98936571802615425,-3.8506487232551869,7.1443834592314586,-0.31752118340842939,0.7912903841843799,0.3612400616379334,0.9630681818181818,1,3
0.27675002025678341,-0.95921062251132505,-0.057657679014220996,0.95904378924538192,0.27947516938995481,-0.04613718678372386,0.060369169264868093,-0.042527771583905867,0.99726974888762043,-8.5070312900847611,8.9299522024665929,-0.17620725441146978,0.1913379692096787,0.08658386497571166,0.5,1,5
-0.86738059855569516,0.49759372889093673,0.0071678600417000443,-0.49404129466434088,-0.85927916297494666,-0.13252365541086433,-0.059783747085195967,-0.1184896664080384,0.99115392474578101,6.8055173732974179,8.4351347030111423,0.21871704297282693,,0.1008999526250244,0.2222222222222222,0,5
0.56652707777137234,0.80512507229307007,0.17555821859687973,-0.82281306843227786,0.56433093941810386,0.067150913862298989,-0.045008050045416692,-0.18249440753228838,0.98217618920973127,-4.8934399912693154,2.7891731393446522,-0.78062973466829455,,0.5981336401208734,0.722735674676525,0,5
0.96258433976907876,0.27098103235324289,0.00081788513734021263,-0.26991756961553293,0.95853066179099788,0.091452042182534179,0.023997800819471671,-0.0882510652133041,0.99580914589320102,-11.481058927042268,-2.387519661422747,-1.431310688656366,,0.07269857814674034,0.2368421052631579,0,5
-0.11037487512390221,-0.98848301965162866,-0.10353118758026934,0.99283941914150142,-0.10487003662535446,-0.057202825253329745,0.045686702005606546,-0.10910359883429513,0.99297992425892267,-12.06206565756303,13.19205800997619,0.087651921919626494,,0.07230847158372325,0.5217391304347826,0,2
0.76975069687621811,0.63737610602441275,0.035150592139139236,-0.63832965584317158,0.76894191962360336,0.03554679615246837,-0.0043720852820721941,-0.049799836492939828,0.99874964888883022,-10.628482655975988,-2.3098004701597605,-1.4359701581583693,,0.1268462180547359,0.273972602739726,0,4
