axis_00,axis_01,axis_02,axis_10,axis_11,axis_12,axis_20,axis_21,axis_22,location_x,location_y,location_z,dbh,dbh_approximation,score,reconstructed,number_clusters
-0.45050506593510731,-0.87398145733716504,-0.18221305605694066,0.89057642599331244,-0.45424778651462161,-0.023077649610491555,-0.062600439549436129,-0.17267125029191116,0.98298821167440531,-9.541801116532227,6.6968969373759588,-1.2422243235338597,,0.08742362383443739,0.4166666666666667,0,2
0.45128184091597245,-0.89160003392707365,-0.037337374850581494,0.89100993816818097,0.44787483863882915,0.074225460589866912,-0.04945695244377632,-0.0667645745548099,0.99654227278098451,-15.462868497964338,7.6304101911520723,-1.2955442478090196,,0.0720438054855789,0.3333333333333333,0,4
-0.99372218459817829,-0.10994931166174884,-0.020672897777796375,0.11058620209937309,-0.99332809923249976,-0.032710536228949198,-0.016938469312786589,-0.034791322772444296,0.99925104559218902,5.296650503801656,-9.983224879893978,-0.55421572617462567,0.2765609924829955,0.2171906716516205,0.5365853658536586,1,5
-0.99895091560252658,-0.034499937416895915,-0.030113494236041326,0.039251305077022992,-0.98378779313810694,-0.17498832281670609,-0.023588201852288278,-0.17598673924669309,0.98410988428258961,-20.169106574409504,12.467172326688983,-1.5847941125673872,,0.1979019522889919,0.3333333333333333,0,2
-0.9224861399492652,-0.38374305880803089,-0.041959342441941251,0.3843673755562505,-0.92314836409858314,-0.0076693200552472324,-0.035791649996951974,-0.023202643788275485,0.9990898833997518,-12.069910730128464,7.3975345475260017,-1.2652853049864259,,0.06706685428506241,0.2653061224489796,0,2
0.15671022524780101,-0.97472438972146958,-0.15923024017093412,0.98526955217378465,0.14311403177979085,0.093607069535393966,-0.068453012074375222,-0.17155389237741842,0.9827936951100692,-5.3772337841390634,3.9129505953625916,-1.2019577879320902,,0.1264914392821058,0.3829787234042553,0,5
0.31281291768046504,0.93747821159938205,0.15258663541954881,-0.94725656672329661,0.29613564766879263,0.12250989747517076,0.069664017482676685,-0.18286137086932405,0.98066744807399642,-0.031214726624986259,5.2348838442629804,-1.4023914537839486,0.6090656260550912,0.4787321512419599,0.7933333333333333,1,5
-0.98635154666306046,0.1646448401157484,-0.0016440859613616038,-0.16452755203174177,-0.9859404052712768,-0.029192496911935616,-0.0064273647656907839,-0.028523567041491716,0.99957245615582979,-12.437791613189303,-10.418966229593055,-0.53621858503314401,0.2476313578737361,0.2260529827039032,0.6704545454545454,1,2
0.86005131829350101,0.5101930391394619,0.0038461299054797656,-0.50796569223415233,0.85554203545757379,0.10009336180880982,0.047776410650954032,-0.088039129815954784,0.99497061575031465,9.1235397191122836,-4.1505705396643879,-1.0635584156182059,0.2440291892884616,0.2016031365554196,0.625,1,5
-0.61563229363290051,0.78726703378093743,0.034749051182152796,-0.78604916547527648,-0.61661210177152626,0.0437747119296499,0.055889073099464025,-0.00036533637441902374,0.99843691740510976,-3.9086746371114844,5.8700252780062971,-1.3632608239046995,,0.1439749563364487,0.4216216216216216,0,5
0.5186835290209536,0.82619515470022009,0.2199294502158583,-0.85289954531528023,0.48214174172996938,0.20025410478334851,0.059411802896044086,-0.291446233860504,0.95474045187431489,-23.363413602508512,0.47018178132717015,-1.0634194816491294,0.4211175000308353,0.259611525770215,0.1739130434782609,1,3
-0.80169815884234952,-0.59269221649327974,-0.077433833800674201,0.59581930029276331,-0.80275008519245528,-0.024324105783116716,-0.047743308509457169,-0.065637163495915057,0.99670072702932322,-16.894190678441117,5.6760875977735514,-1.2021182226445675,,0.07256048199317448,0.2857142857142857,0,1
-0.95037028915270694,-0.29748879058989214,-0.091086403865582297,0.30953250131651078,-0.93363590941902441,-0.18031533288119406,-0.031399747205111246,-0.19956053747340652,0.97938227866282168,-7.8063206044091276,18.108360474229038,-1.9100379423669749,,0.457668117660109,0.1176470588235294,0,1
0.69140452623401616,-0.71884333342581119,-0.072277542102534828,0.72149122229276197,0.68180588463433833,0.1207938402091919,-0.037552593220865897,-0.13566502005769823,0.99004282991956105,-5.7296251990687077,2.1822053384669839,-1.1387176508524344,,0.09261123795635733,0.2376681614349776,0,6
0.36361058428751158,0.9314658550103907,0.012597775353471669,-0.92916432463413523,0.36167838283899945,0.076435627911058346,0.066640834488217393,-0.039498206753323793,0.99699493019873786,-10.927062986551809,13.000733581039412,-1.6137602121140751,0.1063605988635717,0.1334297237017064,0.4468085106382979,1,5
-0.97146319539157544,0.23718407985511555,0.001724025194541227,-0.23718235036235161,-0.97134510905819993,-0.015271273205080454,-0.0019474794427523493,-0.015244388213230388,0.9998819010022254,8.2638191648388712,-4.9478545563080596,-1.0103481117141915,,0.1920879431431917,0.7956989247311828,0,5
0.73523946731623502,0.67373013193616782,0.074233651545731902,-0.67342774247367443,0.7136643297048979,0.19281675283457428,0.076928547154809498,-0.19175748701975812,0.97842274340109125,-18.344568709182532,-2.8630064532987012,-0.88295025692883045,0.4419433533398476,0.2436065434860906,0.3548387096774194,1,4
-0.97366600698667749,0.22797421953568539,-0.0015040165276091224,-0.22796605723411284,-0.97351798596457317,0.017152485318912412,0.0024461373128608892,0.017043656608177062,0.999851754102412,-13.89348815243258,4.3196736101670492,-1.1550717140916684,,0.08095585079470335,0.6224489795918368,0,1
-0.12600281140949485,0.9917314854851651,0.024330068111090702,-0.99020417075237288,-0.12722034915802963,0.057538534780737151,0.060158056330871915,-0.016841717771535435,0.99804677485626658,-22.539409136795371,-1.6371701865244308,-0.98092753785522446,0.3501608349999609,0.336772714302529,0.9523809523809523,1,6
-0.1944103698741472,-0.97035143960281744,-0.14360602963015476,0.97991202106958852,-0.19875413327352173,0.016408091601575223,-0.04446390725871651,-0.1375313715754731,0.98949890489270254,-0.98596491816240339,7.8108566840067262,-1.4511504142437299,0.6071046843285476,0.5035185594926108,0.2553191489361702,1,5
-0.24206524073698857,-0.94775870662166295,-0.20774468284357386,0.96818004139592484,-0.24995677996687934,0.012207194238432133,-0.063496666601716142,-0.19817931822322538,0.97810691192683474,-17.213228522789418,-8.2779696081631116,-0.63556123557549737,,0.1105555372925854,0.2941176470588235,0,3
-0.77270852128857059,-0.63391791677578624,-0.032704983086349247,0.63280839140889988,-0.77334659742035139,0.038582120481462201,-0.049750184828919242,0.0091167455274801801,0.99872008293639314,-14.722531640077502,-10.502237263668793,-0.55058996421565232,,0.1067864367273926,0.5818181818181818,0,2
0.0099648453623670998,-0.99822011992953918,-0.058798758700851578,0.99794802154988438,0.0062083460241075042,0.063727566439626057,-0.063249095974378305,-0.059313140259994727,0.99623365896305793,-4.258138144493004,-2.3051204444693414,-0.96113612722150721,0.1780046560050983,0.153819248786751,0.7455696202531645,1,5
-0.35397266636176894,0.92959062605696741,0.10278433448612107,-0.93363953532776622,-0.35767872602945178,0.019574141587847087,0.05495970834795532,-0.089034807199002794,0.99451105251040017,-5.8187640042929747,-3.6738982322625966,-0.90988312840427377,,0.07862381167118568,0.2397959183673469,0,5
-0.13356092703225569,-0.99001700386999969,-0.045031220487068667,0.98896155746364067,-0.13608476003156264,0.058617198382759667,-0.064160085952064183,-0.036705178591344978,0.99726436476753888,-7.2483606563986243,-19.774422605685945,0.10804907740685868,0.2118484095792128,0.2040593435811408,0.7631578947368421,1,5
-0.7854288146010564,-0.61798865852762763,-0.034519489069261999,0.61701822528139283,-0.78616141036332765,0.035195831090404396,-0.04888851465303648,0.0063446660090988533,0.99878408995550838,-27.841504854444032,-1.6461699976208748,-0.96676360630712077,,0.06629479898250618,0.2916666666666667,0,1
0.74289961099235946,-0.66795943479762698,-0.043935878871810538,0.66808215029333551,0.73571430624238254,0.11131352141463043,-0.042028662206126582,-0.11204754818882517,0.99281364741729805,-15.032126778187592,10.10414700677179,-1.4195408166873009,0.07408352209501125,0.1253215062472336,0.375,1,3
0.61610098062763941,0.7836087368929735,0.079855676909408507,-0.7858919592654674,0.60474233990869208,0.12907567812583842,0.052852720190604038,-0.14228158625331175,0.98841415417915557,-11.193183154387897,-5.3087233943857797,-0.80015424341410746,0.2371055521173386,0.1095922404542086,0.3372093023255814,1,3
-0.49160474644842433,-0.86767722204528153,-0.073898657722339403,0.87075126071941933,-0.49084777949697744,-0.029337677454569621,-0.010817357575775977,-0.078769890863639253,0.99683413317783631,-11.404447263558922,6.0558861908907824,-1.214843000393611,0.8163344441482208,0.4430857454244095,0.7708333333333334,1,3
0.7498161549959369,-0.65747982648738545,-0.074135089325004427,0.66054614183431692,0.73739718642453012,0.14115305154684121,-0.038138277555592674,-0.15480848560496993,0.9872080857498019,-13.459810072708605,-9.9451761496252491,-0.56821393095897366,0.2458234054084988,0.1482838072841621,0.5113636363636364,1,3
0.12580591271020519,-0.99111887590284564,-0.04308417524140664,0.99026611279085197,0.12285377978436413,0.065421515197916322,-0.059547444825521018,-0.050895212169466034,0.99692716844962015,-11.873307926729352,11.362578924524133,-1.507019521945544,,0.06545670201458544,0.2592592592592592,0,2
0.91381736035941763,-0.40347758362586311,-0.046299799321181369,0.40592329148059253,0.90381170280731826,0.13546470869602417,-0.012810672867139229,-0.14258416945780308,0.98969977330537995,-4.7127439931784387,-23.25145986818686,0.44175833292723066,0.820525659452716,0.7055777629036618,0.9596774193548387,1,5
0.9331533254560388,-0.34199528068141821,-0.11074339340102393,0.35823191186690706,0.91032496849511479,0.20731220189498786,0.029912681433070049,-0.23312588815059937,0.97198639484484428,2.9195911845885383,-3.6275556349573468,-0.99681740030755694,0.2402936896919519,0.1974908809208887,0.2,1,6
0.10147937941646198,0.98300630122649268,0.15297237431071856,-0.9910073301354787,0.086406180613651185,0.10216870151622225,0.087214718774984254,-0.16196476067580237,0.98293489567123904,5.5096861575654037,-6.5932422037510472,-0.85349058355717744,0.2388561805347673,0.2400098367319327,0.64,1,5
0.018070113398059438,0.9909176131791031,0.13325072192379334,-0.99896969206871689,0.012344398727011329,0.043671159226687427,0.041629620823584228,-0.13390257544759704,0.99011972758782396,15.672791838125216,2.0080003220618723,-1.3093090480776388,0.6542583150987867,0.2678229846783716,0.5416666666666666,1,5
-0.99834814659128879,0.057151368356086966,0.0058906105597211723,-0.056787090249190146,-0.96597931732832565,-0.25230771861941259,-0.0087295233987754739,-0.25222545388784456,0.96762912101295395,-22.318526893329715,14.102601756023359,-1.6838487114257366,,0.6054201836078379,0.5769230769230769,0,1
-0.20177139545144113,-0.978506009002723,-0.042594533958500845,0.97747005166886647,-0.20392829363861409,0.054456855804459407,-0.061972591264547405,-0.030647045521663422,0.99760721555768195,-1.6315289606121566,4.9001204933373721,-1.3723332685552532,0.6769526769058168,0.7780563181467459,0.75,1,5
0.97553545938806996,0.21393298559858193,0.050628501354317207,-0.21955860350938136,0.93639702577224349,0.27377843185668649,0.011161859232110233,-0.27819649134698488,0.96045933026896546,-16.391659650636377,-5.5692421785461708,-0.74740856508353803,,0.4924371059389266,0.6024096385542169,0,5
0.95732716419845765,-0.27516475022740228,-0.088368891132748761,0.28897519757691659,0.91587176163191297,0.27869741913164497,0.0042468662708286132,-0.29234102770146569,0.95630470439569104,12.883432050111637,-8.275973209658769,-0.67270974801324057,0.5950594016564178,0.3751386986357066,0.4057971014492754,1,5
0.57852757081154371,0.81496031077340425,0.033845851666203484,-0.81347429281402295,0.57344069774529982,0.097084195933785117,0.059711177694131964,-0.083698614286617831,0.99470051634895629,-4.793416572135917,1.1279695992380534,-1.1096253249436938,0.4462899790325658,0.3968842787521493,0.9743682310469314,1,4
0.87090225682311251,0.4910086925938954,0.020969569801061835,-0.48883035380930556,0.86105512380141003,0.14010338671854602,0.050736025219534645,-0.1322669179068251,0.98991480349187166,-13.742944106785554,5.5637874652190531,-1.2209300016037867,0.5366243543994014,0.2656208704455347,0.3472222222222222,1,3
0.9864078631484815,0.16264812236172471,-0.023347715328318561,-0.14905010426902843,0.94549875495507851,0.28951022571886564,0.069163530391663383,-0.28209518370685133,0.95689012608196544,-28.483778397207988,-0.89730088710694911,-0.98727753132260021,,0.1989274556854726,0.1428571428571428,0,3
0.71498480383364982,-0.69617421764785403,-0.064328756939292797,0.69853628675185409,0.70751414271248447,0.107101792481493,-0.029048001271822693,-0.12151212509134875,0.99216481346492802,12.30454534179928,0.39052306324033553,-1.321401808192685,0.1768645557132668,0.09295691533743493,0.3846153846153846,1,5
-0.32169627715416099,0.93045457847955915,0.17540177493851,-0.94509782606695847,-0.32678750950495583,0.00015098032272819949,0.057459589527447237,-0.16572326637492643,0.9844969246033034,-22.662893133050964,-7.1301441775776304,-0.67165170678346919,,0.3490142034239794,0.2916666666666667,0,5
0.64882153253534613,0.7599585384246329,0.03864762339369622,-0.75886180832265338,0.6424622906984081,0.1066347077635951,0.056208316001796113,-0.098515099888547716,0.99354687876626757,30.260995046556697,6.4021747528632256,-1.1994220564086118,,0.07414297876107884,0.3333333333333333,0,1
-0.99632983338196057,0.085513351707404123,0.0037854712841878021,-0.085197842025572956,-0.98644592636488027,-0.14023466786897415,-0.0082577737473923055,-0.14004249725673196,0.99011105848527825,-21.421218546259492,-9.2712437236118088,-0.53506561142456333,,0.226217218499057,0.7058823529411765,0,5
0.96260289852682523,0.26566860207162091,0.053064617411826068,-0.26953926660308525,0.91943498600484841,0.28633527597788899,0.027280826725442648,-0.28993016466655169,0.95665890269709042,13.120250573052123,-4.3921721586030422,-1.0210742335641665,,0.1101265997628686,0.28,0,5
-0.091767763027220478,0.99566661171665083,0.015055762407252586,-0.99384964604470616,-0.092520444530994797,0.060851034507223983,0.061980309177932784,-0.009379000824761027,0.99803330386201883,-15.226407150887111,2.2367292144550941,-1.0355661819236286,,0.06836668468335966,0.1666666666666667,0,1
0.35258414476026056,-0.91995367217545976,-0.1713757915067399,0.93442013055384499,0.33624739585437102,0.1174593904159601,-0.050432533938030613,-0.20155130818736924,0.97817873095286079,-10.323581545392537,-2.3854824513608404,-0.93892257463957829,0.4682537552603179,0.2168224394606517,0.1451612903225807,1,6
0.99994397382284361,0.0047585390758925613,0.009455449288174031,-0.0061646325879708636,0.98793565399083672,0.15474217550089936,-0.0086050287874797435,-0.15479179525917713,0.98790963837792667,-17.687787688609014,-5.4443483059224951,-0.77848235038311009,,0.1044750941681452,0.4375,0,5
0.99706180901676111,-0.074014603043370167,-0.019737971946380533,0.076600890373086289,0.9626177900959787,0.25980626201996065,-0.00022933441558791636,-0.26055484782875643,0.96545901967854608,-25.968700210588999,-0.044865263522200396,-1.0361797567730031,,0.3323098301166464,0.325,0,4
-0.94024207709823004,0.33712459176337117,0.04787322928720953,-0.33844052468435404,-0.94071907708801095,-0.022486201414630032,0.037454608600070403,-0.037344713562438472,0.99860028272755574,-1.7587904129491732,14.296017082227786,-1.7270814356907522,0.2211973778146595,0.1892107715209531,0.2380952380952381,1,9
-0.92390512471056019,0.38262111298686807,0.00063594831175517756,-0.38246651230316037,-0.92357658765558137,0.026937960225849912,0.010894379294906836,0.024644890569109876,0.9996369050153241,-6.6860247569693607,10.476829417119632,-1.4968840637288676,,0.07368840673560631,0.3684210526315789,0,5
-0.97410819160088169,-0.21852259023409049,-0.057975068895554982,0.22454786751029177,-0.96497170802588272,-0.13567556119726118,-0.026296126190772536,-0.145180853651558,0.98905562709099659,-12.982295902980439,1.8223047169728048,-1.0360940324722334,,0.1969510170733302,0.1728395061728395,0,1
-0.56599413000829479,-0.82173007997761849,-0.066410243608421571,0.82228009477204789,-0.56848348724693054,0.026114564312671406,-0.05921224989666582,-0.03982713129947156,0.9974506048294467,-18.482911443332259,13.263932900636396,-1.6142585635405362,,0.09971420776455919,0.4090909090909091,0,1
0.71937067023448686,0.6937765968475762,0.034349271796978172,-0.69268853505251637,0.71279497519421575,0.11002689100705382,0.051850093666126536,-0.10294346508873055,0.99333489356930427,-6.45267748807583,-19.454475997667771,0.08566812193354327,0.1723626456335811,0.1771179337381229,0.2857142857142857,1,5
-0.14691408721528484,-0.98413840686184928,-0.099437654422869615,0.98675666680337182,-0.15280415025204891,0.054425841149677995,-0.068757046888303627,-0.090124845659627278,0.99355421628516538,-12.707384232945836,15.414181228748181,-1.7516937025996129,,0.413976271668018,0.6233766233766234,0,4
-0.1943723437251956,-0.97166932582425991,-0.13445487438915482,0.97886826240452063,-0.20101109536523523,0.0375694609652997,-0.063532014385892691,-0.12431114508481252,0.99020726232227463,-8.5541690076074755,2.1815302446671763,-1.1290254682924263,,0.07030972794550083,0.2198952879581152,0,2
-0.71805200272308001,-0.69127713746639996,-0.080853204028247763,0.69397288269019908,-0.71996080446098976,-0.0076209009007455414,-0.052942983255843325,-0.061582134228556393,0.99669688535072043,-19.463496118356158,12.791182840515521,-1.5823339667192269,,0.07517240924809031,0.1304347826086956,0,1
-0.55082620926521997,0.83051379656024071,0.082688094122445391,-0.83332308406949684,-0.55278540883408356,0.00096402128434987992,0.046509404892017471,-0.068374889420235646,0.99657500959705003,0.71115901242723378,-4.80997503375644,-0.89458887021376909,0.2022747270706103,0.1514920654168045,0.6833333333333333,1,5
0.78519108154380302,-0.61589675738024352,-0.064390602672854971,0.61867498564517887,0.77571138358752256,0.12455164193887082,-0.026762428907140944,-0.1376336936263515,0.99012157777606147,5.5047661407914719,8.4280402017082992,-1.5563267553121878,,0.4763471167899009,0.3157894736842105,0,3
0.86545552452282681,-0.48888477749505588,-0.10944592000860172,0.50076131441002225,0.83763400916109054,0.21819113796638448,-0.014994701172959868,-0.24364100851525128,0.96974956453014483,-15.499313212181207,-2.3447216034811289,-0.92191752012202677,0.2007185263597013,0.3844718745022321,0.2325581395348837,1,5
-0.91433579462139847,-0.4038478568162131,-0.029949344216658399,0.40279680471106927,-0.9145966329714017,0.035605239388727665,-0.04177066899882316,0.020491644695515464,0.99891706548094583,3.4782053155178687,-10.927950973046833,-0.48970608590108922,0.1566079623795086,0.1078553925674111,0.2727272727272727,1,5
0.97558381723026733,0.21782852791996055,0.028052593153639192,-0.21809440774888764,0.94577383055353847,0.24072118882381041,0.025904533716756179,-0.24096180997060435,0.97018882763542891,4.1777580924017306,15.744360207744593,-1.8342178952991184,,0.5730514578943398,0.1428571428571428,0,1
0.69499274860249893,0.71901569846956881,0.0012266801789023974,-0.71703507593246918,0.69294970637966768,0.075375090785019763,0.053345845878205997,-0.053264714236067941,0.99715449702886472,4.4020005166929224,-8.3764645000632125,-0.68898869009498087,,0.06678762892754561,0.21875,0,5
0.02512527077806366,0.99901475365214587,0.036582000405548883,-0.99626442203793875,0.021998264928458265,0.08350615379449336,0.082619139124909757,-0.038543460216747066,0.99583556851760391,-9.8930224153666035,8.5499222749591581,-1.3364053996815006,0.4413289249201827,0.2459592499291573,0.3611111111111111,1,5
-0.64946808362581809,0.75756165523063379,0.065509899065936392,-0.75861479016338906,-0.65142531243573865,0.01219272173703877,0.051911544927538959,-0.041777994712792706,0.99777742541160641,-29.794661590022265,-1.6391797898344505,-0.94902492923159221,,0.1233546623998505,0.25,0,2
0.49633806584495771,-0.86744526238780084,-0.034456365946601307,0.86675044885936126,0.49292310317393107,0.075963634454114068,-0.04890995599448468,-0.067568714049787468,0.99651507017519625,-15.819163502226083,-22.453677173292228,0.22596182360792744,,0.4033779250535939,0.7931034482758621,0,1
0.52916962416176294,0.84598043598859651,0.065548537657546271,-0.84655549156496601,0.52112084787590229,0.1085212495795162,0.057648144512180401,-0.11291662337160625,0.99193070705602093,-0.91601342108610695,15.446532913403541,-1.7940133602609336,,0.2355431283765779,0.1818181818181818,0,2
-0.02985708056829545,-0.99814614038771388,-0.053036187353985895,0.99761595089110178,-0.033059910557625076,0.060576041811623647,-0.062217113944477195,-0.051101122717907219,0.99675358338427256,-3.5338667276906852,-4.1786184946851339,-0.90592365503706429,0.1551300583242529,0.1197158087288626,0.5133928571428571,1,5
-0.98434183054039859,0.17006627866945243,-0.046353225431494949,-0.16808571492133295,-0.98480131015205452,-0.043744393494286667,-0.053088163348935249,-0.035268121332483096,0.99796683638782091,-21.330489910897725,0.41129722250281636,-1.0598295285837964,,0.1966877588122586,0.4,0,3
0.66650568688211609,-0.74127569591795117,-0.07924968135681093,0.74547123833705431,0.66177062416087562,0.079575585514303313,-0.006542336434146331,-0.11211593838113611,0.99367359539986788,6.5205885804441941,13.786274629795942,-1.7572351737656862,,0.6528860105743223,0.5,0,5
-0.99856945275338704,-0.053087954348471751,-0.0063809976411622008,0.05291321736704057,-0.99828638393849811,0.024989739311698532,-0.0076967172008755658,0.024616351193727223,0.99966734256863543,-5.0023259081124634,5.4540271537312428,-1.3059088329423059,0.4957566723772802,0.2272434700070174,0.7088122605363985,1,5
0.85533366169872282,0.5180657047433801,0.0035003905212698029,-0.51603291040175792,0.85133892097639585,0.094509666241284276,0.045982198156978703,-0.08264361560031537,0.99551779002344376,-0.12909079682624919,-9.1560787954182778,-0.63221362495589339,0.238994499943203,0.1774829743528324,0.5925925925925926,1,5
-0.51625469466381491,-0.83851766912322934,-0.17426763556586455,0.85269408208690345,-0.52224437788386047,-0.013176196062307449,-0.07996181971130957,-0.15539925462126697,0.98461016603100837,-19.538688927177816,-4.3235491885248232,-0.83055420290692183,,0.1175694449607848,0.4038461538461539,0,5
-0.64046562971298204,-0.74510784070286529,-0.18605935310934615,0.76604259344787673,-0.63704053682873174,-0.085779365004726618,-0.054612472751249606,-0.19746812441524958,0.97878691126307926,11.388910269916558,-9.9780631417380068,-0.56864715343112682,0.3362425963420523,0.3335982307178981,0.54,1,5
0.30581248528001215,-0.95147865973189294,-0.034162609994891603,0.9502250384155152,0.30277052981225527,0.073500902344387678,-0.059591108523799959,-0.054939661011030802,0.99670985418671276,4.5483785268333623,3.1105496776139834,-1.3576982679999601,0.2651683609020353,0.2235257327784732,0.2258064516129032,1,5
0.92747763554922069,0.37240706421595804,0.033139313180552382,-0.37089146023084829,0.90526390538598367,0.20721193578832758,0.047167364605800649,-0.20447552451911741,0.97773462636278552,3.897075502471131,7.9750112256201859,-1.4974195002566348,,0.3659311814083261,0.6067415730337079,0,4
-0.64801978651196723,0.76036138564017652,0.043828295841093642,-0.76047391635544603,-0.64913000806686538,0.017597021626422689,0.041830357779893003,-0.021927057587860694,0.99888409002924083,-11.661946782314176,4.481339685719341,-1.1902633923607342,,0.07004574057447069,0.3394495412844037,0,4
0.81858428996595056,0.5727534527228757,0.043280972897611375,-0.57240927196508862,0.80720064836725958,0.14413444641677986,0.04761707245659335,-0.14276062366597767,0.98861115649236087,-8.8698616984763863,-12.953012733458303,-0.35616561610397318,0.4124719738959133,0.2769076309651781,0.6538461538461539,1,3
-0.9475349508137354,-0.30953078439092474,-0.079801068293293795,0.31619397421292211,-0.94422902464880554,-0.091939761160248726,-0.046892298491863445,-0.11234875399889624,0.99256177128531686,13.860627084256159,-13.443268168960559,-0.28474503368699022,,0.4535020730363417,0.2,0,2
-0.59545585565759374,-0.80212100731430114,-0.0451022570186244,0.8012740843117826,-0.5970223421998424,0.039040552308197023,-0.058242302267316047,-0.012892344212970438,0.99821922526431917,-20.027282387242643,10.439175287096786,-1.4653300882532689,,0.09750170550394668,0.3529411764705883,0,1
0.99759390223877742,0.064329248803417907,-0.025848674325718864,-0.06092772485836237,0.99139599424932023,0.11585247053898286,0.033078974584965795,-0.11399881725171607,0.9929300333385116,15.251501977637563,6.5135150885861925,-1.5086861438239398,0.2562445825655932,0.2558484801488352,0.375,1,6
-0.99756219753706965,-0.064466875782224639,-0.026714864249930664,0.065317974217085059,-0.9973411361795661,-0.032314398156686581,-0.024560624771964253,-0.033980582851561934,0.99912066123160503,-26.254098788536041,-10.040801209208539,-0.47569770873426737,,0.5301599524493528,0.7291666666666666,0,3
-0.91867623063300119,-0.38901238309797226,-0.068580967231272383,0.39258930305171624,-0.91837384340456085,-0.049629858751590664,-0.043676336834813818,-0.072517925692697452,0.99641032112976435,3.0288380379386206,6.8777349104272991,-1.441577094193268,,0.07939613764763276,0.2051282051282051,0,5
-0.17676083503882414,-0.98304646399426188,-0.048736606619217478,0.98243643240527734,-0.17922571995252565,0.051930699882540836,-0.059785144301651265,-0.038701304059134946,0.99746074889438818,-1.9060666104356114,3.0095576093195708,-1.2339261695732067,,0.101172934542536,0.248780487804878,0,5
0.98702172008241129,-0.159955508404519,-0.014225309016330139,0.16057305963659851,0.98189804643171263,0.10046152961471361,-0.0021015719115951652,-0.10144191315545294,0.9948392441248296,-17.088573252611646,-3.0040707198770118,-0.88700178534714591,0.3143054247283735,0.2823324231659922,0.9490196078431372,1,5
-0.044365684862616571,-0.98436859587395187,-0.17044105568734255,0.99867594214378541,-0.048147308489404975,0.018116270820698322,-0.026039366157681355,-0.16941164110642132,0.98520132321659826,14.585716410332207,-15.9631952553866,0.017773937453150701,,0.4663860467124103,0.1875,0,2
0.90638321747937201,-0.40930047136677794,-0.10460682200828728,0.42225630813806891,0.87011950777120894,0.25414887848187634,-0.013002819284608506,-0.27452716866445265,0.96149142500374352,-3.8093890274477089,4.577473626964129,-1.273189697354574,0.9365319346510798,0.7087769701096341,0.7061611374407583,1,3
-0.99299467309684653,-0.11812057159484486,-0.0030182391214489688,0.11815137417547554,-0.99231292867430487,-0.036814458657856527,0.0013535071975764072,-0.036913170439984967,0.99931756007103922,-21.267983239447453,-1.1467073100963134,-0.99656374479916621,0.4171276133334102,0.1450742651754079,0.275,1,5
0.57344587359552146,-0.8057804425906272,-0.14791115033938959,0.81724895770639527,0.55005838061224888,0.17187180992251208,-0.057131175238034397,-0.21943941363547856,0.97395193544611725,6.5041682897685318,3.3946894889648607,-1.3704516922525307,0.6253499547677488,0.5660136012219981,0.6153846153846154,1,5
0.92345696260656418,-0.37886177379474395,-0.060753556032210519,0.38363620783676528,0.90871915538880133,0.16447722233212053,-0.0071062120771231098,-0.17519490000158025,0.98450812529067089,-18.573585789075747,-4.6009853005927628,-0.81321411313060277,,0.1120312108189115,0.1730769230769231,0,5
-0.94033401133164252,-0.31367491025927668,-0.13183321966324485,0.3374798815593596,-0.90918263379812059,-0.24391446849785967,-0.043350624858509774,-0.27385212994195884,0.96079432463489778,10.655254097712209,3.9195598916716379,-1.4063632728924922,0.5933727331774431,0.3882308096156692,0.1777777777777778,1,3
-0.74485277336211242,0.6668741820034455,0.021752503120425707,-0.66642945853337232,-0.74516029120525051,0.024655977162173128,0.03265153616117937,0.0038685640929067731,0.99945930952599238,5.0049378426646696,-11.458317204123041,-0.45146266699796034,0.1442467572021651,0.1033469728367637,0.6666666666666666,1,5
-0.74391585758608214,-0.66547075589138294,-0.061138121375419352,0.66586334812413206,-0.74588722535768115,0.016680787545573859,-0.05670272001310929,-0.028300531824879481,0.99798992051099589,4.259340194452669,4.9839523962514685,-1.3955471412866163,0.3271664224802199,0.1252451805027349,0.2325581395348837,1,5
-0.63532503200468315,-0.77006477258446904,-0.057985771812404302,0.77023430000178239,-0.6372968286450339,0.024328487411845685,-0.055688659608706871,-0.029206133318433893,0.99802092912301854,-2.4118250349328911,12.792908045168769,-1.6637167917189122,0.1238034766195205,0.09357961787050643,0.5,1,5
-0.90053254798554949,0.43475710603039125,-0.0052334285828685278,-0.43467391733255067,-0.89995334202431454,0.033801890036516839,0.0099857703472354727,0.032714537064507498,0.99941485052766055,-14.144717936093089,-5.3303711178585163,-0.75981054630856282,0.4282473521056414,0.4458863203290941,0.9112903225806451,1,5
-0.65644133655972892,0.74000265309090696,0.14656345067613546,-0.75305576771553595,-0.65429914658845456,-0.069279416019372028,0.044629389039530419,-0.15584832431578932,0.98677227233132125,-9.5378140108345448,-4.3935799020714104,-0.86611172779788848,0.2938236372086402,0.2709510796389515,0.2082695252679939,1,5
-0.039762944378166562,-0.99718536929466195,-0.063562941397052541,0.99635110109694802,-0.044376831968174414,0.072905281889348125,-0.075520802414141053,-0.060432077981273438,0.99531129419573416,8.5073547507466998,-6.9366800457594948,-0.84652975536481911,0.3778548807561937,0.2023480206198816,0.6125,1,5
0.63470807315371425,-0.76146100259822602,-0.1316161213362666,0.77133494413566361,0.61397716822276893,0.16755429226487017,-0.046776765907138924,-0.20786817559033208,0.9770377453036373,-3.4284594066945147,-16.240431722322064,-0.13465656199674522,0.2204122258330291,0.150540083657926,0.3809523809523809,1,5
-0.34459447465852011,-0.93654583408123837,-0.064316006560533392,0.93480385481696104,-0.34861568274058813,0.067888576113082452,-0.086002331678662988,-0.036728822638217022,0.99561769396362276,2.5089237660033104,-15.396851486986892,-0.11529721085806754,0.16775415068809,0.2473702096414151,0.5434782608695652,1,4
0.01759887228381456,0.99736198215771599,0.070422696914915664,-0.9978768083776739,0.013103248441852214,0.063797963778307071,0.062706897517937094,-0.071395948251306185,0.99547499394860339,5.1626927374267888,2.2825699076052199,-1.3461950761519368,,0.1240495048390079,0.4769230769230769,0,5
0.28700883726532145,0.95689319328981148,0.04451229006953341,-0.95585452965270368,0.28302262084919227,0.078995659564700491,0.062992423941422335,-0.065219726488850466,0.99588068652961759,-29.084066146499218,-3.7979275444468228,-0.83731371105642061,,0.147199507940013,0.3703703703703703,0,4
0.46310882845380935,-0.87207780753108455,-0.15814711701424533,0.88394357495678022,0.44145760327861189,0.15413935513077587,-0.064606263634171282,-0.21117642415591953,0.97531048829588207,-12.786095697363706,10.387231171555168,-1.4395648791641291,,0.215384489145831,0.5600000000000001,0,4
-0.67217125050479842,0.74039482719143512,-0.001144492455809805,-0.73937100581437798,-0.67115886681657189,0.053631066132712436,0.038940027681700601,0.03689546532652991,0.99856016287577209,-2.1657676483028792,-3.4927460665583721,-0.9539422081641552,0.1784354853527781,0.1455498515946445,0.739240506329114,1,5
0.99635793866341837,0.083756630205938237,0.015990151935755842,-0.085099237385337465,0.96489153305540731,0.24848027936723416,0.005383108657349321,-0.24893604868425637,0.96850496426536259,18.135855697330275,-7.0701786570462142,-0.75054292984699833,,0.3631986448236997,0.9117647058823529,0,3
0.8480266116274513,0.52960321252082976,0.019269230894903653,-0.52485003223176896,0.8342705010046132,0.1688939750844394,0.073371040867467249,-0.15334004187141989,0.98544584930928403,11.323010241942752,-17.845140316790285,0.23753971157014467,0.2212846047824459,0.2472116058269266,0.7142857142857143,1,5
0.95887976021556998,-0.28315676798033956,-0.019283417639493171,0.28367716555640637,0.95410835908847635,0.095940110795112138,-0.008767621730785026,-0.097465295692484188,0.99520030393120484,-8.1456861809997676,-12.060176822817304,-0.41721577655156555,0.2932152948988827,0.2830021836559379,0.86,1,5
-0.46863142812115305,0.88327438374809641,0.01452403496105127,-0.88172125590595107,-0.46869217964840443,0.053807691086509443,0.054334256788529302,0.012409824771092693,0.99844568444577397,9.0536296265060745,6.8314303335702586,-1.5034355952395553,0.5319925201006009,0.489541137499633,0.963855421686747,1,5
0.1031794148437561,0.9930534133007165,0.056559054839127688,-0.99265304650232,0.099191476287582778,0.069289106658637273,0.063197607724993762,-0.063292727573436708,0.99599201453332542,-16.809691928589999,0.96582656185071436,-1.03112717556746,,0.07569410751116119,0.25,0,5
-0.77682050839033789,-0.62278721373320522,-0.093198627428781475,0.62845809869803948,-0.7760960976789818,-0.052108208070345816,-0.039878765339753847,-0.099050156879674389,0.99428303339496316,6.6487413909678574,7.4882015019710906,-1.5169430598407494,0.2182395694713494,0.2103266892790167,0.3125,1,5
-0.24948169751743657,0.94557096963451082,0.20893641135108532,-0.96401478179916678,-0.26296965722372512,0.039018711566919946,0.091838897404771899,-0.19168333460185893,0.97715050844759255,-7.1236612494620557,6.2737452246374401,-1.2727351415617265,0.617031359255664,0.2614462608481402,0.3076923076923077,1,4
-0.9953847581196047,0.095600176842232085,0.0083540104686202314,-0.095762846457076806,-0.98388198371990643,-0.15101562617762398,-0.0062177601766383412,-0.15111865635690225,0.98849607543948803,-25.082544059616996,-2.8374785232609052,-0.91534087801911501,,0.09259498714345397,0.1666666666666667,0,1
-0.47509648634947282,-0.87673127383811,-0.075004014109845293,0.8777739679247063,-0.4781739787127261,0.029368474862652844,-0.06161322822334634,-0.051883711858790364,0.99675066619072383,7.6722883958534576,8.8385543826983461,-1.5753810988036441,0.4316072345686028,0.3299463780069497,0.8285714285714286,1,1
0.86919776488785505,0.47944460981708875,0.12094673055233156,-0.49267530809923138,0.81895499775135294,0.29425117238069065,0.042027209082763001,-0.31534992908739157,0.94804437444736334,-19.019124439121811,8.1843807869886049,-1.3579577120700261,,0.4138412076454453,0.4347826086956522,0,1
0.83770248169209904,-0.52941080421861886,-0.13408487067336852,0.54479723941774216,0.79296267787122265,0.27277492448190188,-0.038085694029465912,-0.30155329857240021,0.95268834779816569,9.4452052647873401,4.6072188438790542,-1.4067711847688216,,0.1815701509493377,0.375,0,4
0.25579946268692461,-0.96414159263341259,-0.070693876986528334,0.96482853841544314,0.25002874922728685,0.081188151961709754,-0.060601372494357049,-0.088975355656183031,0.99418854335465723,11.848682081001519,6.5877488759673541,-1.518880744219554,0.1202150110988556,0.1366880534971494,0.375,1,5
-0.97265733246384145,-0.22588822503424311,-0.053965020107509358,0.23071231092736189,-0.96644263035579214,-0.11296225837656995,-0.026637251939361575,-0.12232396339989075,0.99213270523013297,-11.141494043528997,1.5105308593203575,-1.0758664489307301,,0.08348933220738292,0.2481203007518797,0,2
0.77763521253674806,-0.62747411659454222,-0.039493154176724728,0.62798655218285748,0.77217492162613843,0.09684410508211326,-0.030271546052606606,-0.10011055596472763,0.99451571635847924,-17.352091799015874,9.4197727514271694,-1.3902401280342871,,0.09903015484399018,0.3157894736842105,0,1
0.53864763186587716,0.83434498436589022,0.11716303064006596,-0.84045805051908551,0.52235236050979172,0.14414671965572823,0.059067706938233384,-0.17611490150845016,0.98259582100868326,-14.542595900951961,7.1923244325961591,-1.279113520711971,,0.07331105110818768,0.3421052631578947,0,2
-0.8765283437871505,0.48129510223591454,0.0072860895874042562,-0.48102431493764314,-0.87639141175620139,0.023530869910463475,0.017710758778943875,0.01712068817813402,0.99969655949181957,-0.48426094104797451,-4.9902166555734997,-0.91398379951828235,,0.07550728704753837,0.2191780821917808,0,5
-0.67154711582917315,-0.7392889607859624,-0.04976247262277296,0.73910417755634417,-0.67310374721769328,0.02561952771346598,-0.052435540812321775,-0.019574931456141035,0.99843243943604321,-12.828533616353578,7.9561558538288457,-1.3048534173123156,0.2067194445858399,0.2766698560589492,0.4942528735632184,1,2
0.64797817370763289,-0.75892034837231648,-0.064530544899006406,0.76065946721916922,0.64046229774254404,0.10585471222477803,-0.039005914017883808,-0.11767731300799959,0.99228553787448037,-2.6315657247122957,-28.977562046428531,1.012017604380522,0.5966394272468949,0.5587353471164198,0.8888888888888888,1,5
-0.9930295064338549,-0.11724615247730978,0.012072244240462261,0.11662174669186391,-0.99222233083460043,-0.043522573357865531,0.017081204590797251,-0.041811313330479008,0.9989795025561371,-6.8208369661174286,17.564487737296286,-1.8841379826286822,,0.2544494908795271,0.4615384615384616,0,3
0.10263501301952523,0.99440111509566798,0.025149083461932734,-0.99197899241398524,0.10044427795484551,0.076737380952608555,0.073781655659235015,-0.032823304565858476,0.99673411598357586,-13.307147321882619,9.2151804552276264,-1.3634157123031712,,0.1224762242045852,0.52,0,3
0.077146031660624323,0.99306402837814922,0.088726125466964775,-0.99334427900209288,0.06892236366294445,0.092286787575061924,0.085531474749531392,-0.095255148566754391,0.99177155812147333,-17.903732194582247,0.58012632548083221,-1.0516652345767257,0.8912261562099943,0.7482247449561186,0.84472049689441,1,5
-0.94013264584662304,0.34062640916784892,0.011147088895558994,-0.34051442851594194,-0.94017719673161981,0.010805679910792922,0.014160938736175365,0.0063630278398177798,0.99987948258318626,-18.721453765700101,-0.27765284300677323,-1.0214558309748887,,0.08455495522129423,0.2352941176470588,0,5
-0.87184667699174268,-0.48084771959935957,-0.093106618317664286,0.48799512963953789,-0.86904056838109744,-0.081420169220832617,-0.041762725803593581,-0.11642148025151584,0.99232147697684114,-13.901372088770721,3.1259854866508427,-1.0835650653507971,,0.06813063908273033,0.16,0,1
0.6080643548129322,0.78914305632215231,0.08666589331718233,-0.78713052755916924,0.58507273136389659,0.19523173819544143,0.10335991965146102,-0.18693083125295876,0.97692046315793868,-7.2297607860848494,-13.429145589298484,-0.33483125426132548,,0.4040412049189011,0.1785714285714286,0,3
0.78070690352690919,-0.61856718692193724,-0.088720719389026342,0.62417724228036642,0.76509369383864778,0.15822265914719738,-0.029991682258618087,-0.17890297625197477,0.98340948952279461,7.3800536910899348,4.794080175360965,-1.4037019710892535,,0.1211852962096993,0.2083333333333333,0,1
0.83993790712694794,-0.54096582145486327,-0.043131104656241412,0.54219015739385179,0.83313648819557984,0.109148638389889,-0.023111585761969117,-0.11506333931709763,0.99308926212539705,-14.850409818211114,11.720624352074436,-1.5174167872729851,,0.074632653748295,0.3043478260869565,0,2
0.95132516328006889,0.30815378774264918,0.00465583612343555,-0.306761546755416,0.94535862917509184,0.1104283282333631,0.029627472763884468,-0.10648147887801404,0.99387318482469178,2.4596749794021919,9.0568092721648945,-1.5485821038665635,0.1136912725297261,0.09312733623962532,0.2826086956521739,1,3
0.62870435796044322,0.77704410863361961,0.030549689349169479,-0.77561008210755722,0.62373587244822459,0.096863625548296764,0.056212372433970495,-0.084593230574532413,0.99482870612297314,-6.3541062874492535,-5.4474098116230616,-0.84635499451052376,,0.06936273264866799,0.3804347826086957,0,5
-0.75555251167460802,-0.64221170562835805,-0.12924599512598761,0.65385485665203424,-0.75140741779507125,-0.088660695435415618,-0.04017746302019809,-0.15149593273899778,0.9876410045298859,-8.0560451261838004,6.2929026905410117,-1.249936890866763,0.467961014021167,0.2703561045527739,0.3214285714285715,1,5
