axis_00,axis_01,axis_02,axis_10,axis_11,axis_12,axis_20,axis_21,axis_22,location_x,location_y,location_z,dbh,dbh_approximation,score,reconstructed,number_clusters
0.54741904530019048,-0.78824417406543745,-0.2810756319827879,0.83528103220936034,0.5352602326742425,0.12570632660602621,0.05136132858379952,-0.30359118131034624,0.95141705290408529,9.9582004891690872,11.779203700292488,-1.5220371844929779,,0.4776388226436944,0.1794871794871795,0,4
-0.79207451989132138,0.60823891191153012,-0.051607954576887605,-0.60625047759476147,-0.79371194906539966,-0.049816667159971517,-0.071262285642940043,-0.0081711656133933407,0.99742414182606476,7.4016796988014928,-22.17984618494015,0.47780906589609212,,0.6442575073850317,0.9090909090909091,1,5
-0.77165538634597197,-0.60177280695934887,-0.20595497937052373,0.62968060407774418,-0.76845833265612828,-0.113904028987778,-0.089723472801345822,-0.21758051331777753,0.9719096761802698,2.3343692570936567,9.6860686586508749,-2.2340658157889215,,0.1716781597458058,0.325,0,3
0.89116549146954893,0.44794366515517348,-0.071906464668950912,-0.44620615535628105,0.8940562239733727,0.039541564165326344,0.082000815459381732,-0.0031529703176729116,0.99662727488373126,6.9853600004059597,-6.5218594320925547,-0.46212297437591887,,0.09400698458425538,0.3191489361702128,0,5
0.028813828602641148,-0.97581607380661695,-0.21668584028934038,0.99927763311058082,0.022746415950111884,0.030443595818177155,-0.024778523890128315,-0.2174065101648624,0.97576658791524651,-17.600488235464319,-11.766904851457328,-2.9358952239790588,,0.4623913390721852,0.675,0,2
0.97748901592536841,-0.18124720523297869,-0.10800312190159338,0.19066132783603229,0.97802993359256285,0.084295356127897098,0.090351988428904823,-0.10298980334073124,0.99057035014923667,1.9729049567980899,-10.131140602765072,-0.79133290688644131,0.7621947119533657,0.8186144125353463,0.7545454545454545,1,4
0.23752751854027015,0.96925673473731044,0.064203271742722876,-0.97126423637535175,0.23595574385577855,0.031155578628425922,0.015048623668210767,-0.069758648982291158,0.99745038463968683,-6.0435581284160289,-2.352715565070163,-2.1899474404976274,,0.3764089293979511,0.2806372549019608,0,2
0.91420309928446719,0.39968996001661727,-0.066937501601044391,-0.39319820117204646,0.91481042030711368,0.092287970465219402,0.098121699199217774,-0.058050243405495333,0.9934798948075505,-22.266847776580409,-4.696799575279357,-4.0859974535806121,,0.1580507254423759,0.1666666666666667,0,2
-0.17737432043150692,-0.9430291897205928,-0.28148587493226468,0.98411030879348071,-0.17230612301314205,-0.04286607164855951,-0.0080777829792947724,-0.2846164916288258,0.95860742857284253,22.337355654565922,-1.3484226622687281,0.93127697320976055,,0.3351760485909512,0.4545454545454545,0,3
-0.93468271632077016,-0.34150006916583076,-0.098721439267054581,0.34544717908811834,-0.93808932185075578,-0.025586533365226597,-0.083871725100223102,-0.058018333217365034,0.99478611105070758,-11.952911162605311,9.9208181615799234,-4.1847807082956043,,0.06850888674275175,0.34375,0,1
-0.99541534610836424,-0.052799535793952884,-0.079752728805409193,0.053636154104420103,-0.99852535596064751,-0.0083831066168343713,-0.079192497781374119,-0.012622302626914456,0.99677942684003162,-14.678184607888975,-9.2744576950020825,-2.7656744299826483,,0.08604777554510838,0.6285714285714286,0,2
-0.76224670981177012,0.6472540627754434,0.00649088605779982,-0.6446213971813598,-0.75816092130007562,-0.098261242152608549,-0.058678852043002182,-0.079083472572367336,0.99513948604645996,1.1429088085327741,-6.9449769238666104,-1.0845356637405958,,0.7734686056879079,0.5027624309392266,0,1
0.70890660983585707,-0.68581082153248951,-0.16466613373721634,0.70304748632379599,0.70576561671447979,0.087287606436545651,0.056352910349183473,-0.17764687256622613,0.98247948485584935,-13.145909041246947,4.5946690553306615,-3.7470572656498415,0.2258990166255566,0.1646335365724353,0.6367041198501873,1,5
-0.36828896527547633,-0.91792335274568526,-0.14758033927471448,0.92918006893323912,-0.36877730485597487,-0.025053920259809747,-0.031426701283151955,-0.14635579218904957,0.98873269620215143,8.5076032055734085,-10.030529074668193,-0.0677090138167004,,0.09963240377454943,0.1153846153846154,0,5
0.91641582675357902,-0.38816300083748745,-0.097527007830609747,0.39322246163077845,0.91862679132086311,0.038741630535728086,0.074552854704472246,-0.073853253471817482,0.99447854114960266,-17.745815909463733,-8.3036565540405061,-3.21821562187331,,0.08686181972980478,0.3157894736842105,0,1
-0.1594508577937131,-0.97443538052766887,-0.158275434369157,0.98691299797178889,-0.16124651526700556,-0.0015151727894958732,-0.024044924270700641,-0.15644567903954273,0.98739383790191415,-12.926661902559227,-14.489600938218517,-2.1594702604729759,,0.1041606468096199,0.375,0,1
0.1939168291183847,-0.97458060752842868,-0.11220027992028214,0.98099778898864842,0.19337405862233215,0.015805424743096822,0.0062929630583745556,-0.11313316437475482,0.99355990545839779,-1.9963510832483831,6.3788802559072595,-2.5033068689068938,0.1119241576140316,0.09910332077188158,0.4285714285714285,1,5
-0.077614455895889417,0.99678597371208022,-0.019842349831715587,-0.99694989177250815,-0.077433180195605966,0.0097476099418312701,0.0081798246172103614,0.020538383959161674,0.99975560276178332,-17.035413846193549,-6.5992301672676046,-3.2877790047493858,0.3043166058548327,0.2673056205727607,0.4814814814814815,1,3
0.99493589738059152,0.064813611059611934,-0.076822886725832568,-0.049934474135566592,0.98205998196688926,0.18183712523023782,0.087230203463486117,-0.17708017291782316,0.98032316302488343,-16.775170961894094,9.8599800294472697,-4.762908371254877,,0.1103874165631515,0.3333333333333333,0,2
0.3439151081716933,-0.92195589830872937,-0.17810030866058507,0.93900062959679897,0.33776615590175657,0.064744432534117574,0.00046474516372083151,-0.1895028904821596,0.9818800530160694,-0.50274654620615244,10.99023357853155,-2.6488107447607545,0.7716651852998901,0.8181144371362847,0.821917808219178,1,5
0.98496512139883785,0.14804720337094487,-0.089026598282841998,-0.14622201059137949,0.98889083053043347,0.026721693648492667,0.091993658729213362,-0.013302288031441943,0.99567073668293649,3.706832034158174,-3.3435859834790311,-1.0189064300710287,0.1496188457556358,0.1358355078972155,0.4230769230769231,1,5
0.63955193036420366,-0.75635121305010466,-0.13749971230899596,0.76740053660881213,0.63872082541384023,0.05596537854040249,0.045494447792325692,-0.14131011888855852,0.98891946361661509,-22.558616467976307,15.966978822613216,-5.7945401548482556,0.2138347732234469,0.1616056334397869,0.625,1,3
-0.9952506784199544,-0.063454616403451125,-0.07382139772255232,0.074270859281666879,-0.98520360533244622,-0.15445936521141113,-0.062927947417528329,-0.15920856665720007,0.98523738547457507,-16.638303316607097,7.9214935232183468,-4.5338606524319625,0.3979829782851294,0.3168727173410928,0.3859649122807017,1,7
0.14944263639683636,-0.98228317654705122,-0.11307811237987632,0.98875723729051546,0.14905021499479765,0.011964911852179062,0.0051013853401625517,-0.11359486996619839,0.99351405696395256,-9.222116467814427,-1.9288938655524086,-2.649053058821,0.6288827664852524,0.4731490370615012,0.9376881396748946,1,5
-0.22328988640442024,0.97474632043201126,-0.0033522281776500263,-0.9747504386464293,-0.22328186872009032,0.0026056591214797089,0.0017913648690806136,0.0038494032158511186,0.99999098651277196,-19.33174210187947,14.731587047868359,-5.328912689714131,0.3842559480489399,0.3951784943299459,0.4615384615384616,1,2
0.46764268141961263,-0.86420090520238813,-0.18565321963825443,0.88337599995810079,0.46428272274648852,0.063940566600048099,0.030938086765385408,-0.19390293655971946,0.98053275619982094,3.4599191374950742,-4.2580114820427388,-1.0122925687656876,,0.07490487600128494,0.4,0,4
0.056333307809347657,0.99754439984948828,-0.041614045227321095,-0.99833514468891404,0.056797235116021645,0.010050520491030173,0.012389403142304599,0.040978584798643226,0.99908320888586544,-2.9158096290912714,-3.0520900398834416,-1.7519148690594633,0.8007587823515687,0.7535713829177464,0.9835225192237276,1,5
0.18624027311387542,0.9800841128567892,0.068918012131738149,-0.98219158006069163,0.18395294699114365,0.038223204354901813,0.024784283898313067,-0.074809391248658222,0.99688981048692338,-13.284533263018533,10.076490311183159,-4.3361055369061523,,0.322064034422197,0.4137931034482759,0,4
-0.97939145849665088,0.1954988118195396,-0.050720662465624511,-0.19218096759624589,-0.97929125671981165,-0.063679747219214683,-0.062119616205947852,-0.052619854515958395,0.99668064303122972,-11.789541039559126,-7.3830070081312149,-2.5634066384902079,,0.1351885223456425,0.5176470588235295,0,3
-0.94758353228615266,0.31909222229989359,0.016297331309556524,-0.30981482747658462,-0.90517062994569231,-0.29099983395076445,-0.078103918056344479,-0.28079580543774818,0.95658428464658274,-19.386059256503948,-19.660556109157479,-2.5682513417443271,,0.4015488639059187,0.2666666666666667,0,1
-0.51538107547059187,0.856894966046435,0.010647263078173198,-0.8530186243110206,-0.51178003516634774,-0.10217838413121666,-0.082107086328225637,-0.061743119207014557,0.99470911004437823,-3.6784805713032327,14.982381687645903,-3.3558636672242885,0.7129537272510302,0.5094123134272068,0.9101123595505618,1,5
0.70638736180258477,-0.69585861286305828,-0.12960588717294122,0.70648892351612202,0.70438055360882901,0.068712710954751954,0.043477534826805803,-0.14010291432379393,0.98918192328982857,6.451496929122337,9.0275718633009028,-1.6685208123256523,,0.1002071364532644,0.2571428571428571,0,5
0.27584142505508336,0.96118859491416275,-0.0052908629276290252,-0.9603878141247596,0.27582993808771838,0.039662220502537704,0.039582252389768417,-0.0058592031423695809,0.99919913682623329,-6.8364962464227208,-9.7300551300514027,-1.7710590810816085,,0.3174221743650083,0.2,0,5
-0.34563713438068222,-0.92215331406377066,-0.17369005929619472,0.93729425650115195,-0.34812911740542485,-0.016899536812390273,-0.044882603167191781,-0.16863980246586319,0.98465535541996208,-15.918539561209707,7.9886251877554226,-4.4753179825583524,,0.382186417241318,0.8457446808510638,0,3
-0.24957187525275884,0.96819795091091687,0.017510195165203312,-0.96829072705947916,-0.24930378581901208,-0.016145905578005069,-0.011267074751110691,-0.020984523540224873,0.99971631115949255,-17.283690796892795,-9.3488185957172849,-3.0817639292501866,,0.08161292349925015,0.2105263157894737,0,1
-0.55179835899357788,-0.82483884196897417,-0.12312374178555544,0.83199190267692236,-0.55463401520706601,-0.01306074482265487,-0.057515605639069704,-0.10964485375324118,0.9923053769648742,-6.6511151632650458,-8.1336907738059434,-1.893728644737837,0.4170749573675954,0.2910373133418162,0.8470588235294118,1,6
0.91503531125730209,-0.38870701079899239,-0.10778329605261261,0.3968505483583365,0.91536489892138551,0.067946626776684976,0.072249715708373477,-0.10494742292383587,0.99184979558484843,6.6868087457565144,21.02916443767284,-2.5522331029329419,,0.1669547311491343,0.1,0,2
-0.76360356258599815,-0.6094434139543039,-0.21327992027777548,0.64162570771407057,-0.75319372556037778,-0.14496779979325078,-0.072291426921795257,-0.24754380817180827,0.96617597394543486,-21.070087756747117,-12.743073201566174,-3.2391844321480119,,0.5560850821958028,0.6875,0,1
-0.94528121755762018,0.32569014938977575,0.019218385032295681,-0.32142868403525426,-0.91957933775290068,-0.22595894020220098,-0.055919771209731468,-0.21977208232257964,0.97394723215349266,-6.8457890006564162,-14.346715420014299,-1.4807965800475347,,0.5321523926810702,0.7017543859649122,0,5
-0.85903395572051522,-0.50062090673795945,-0.10695499360024135,0.50533687165413199,-0.86267003304984113,-0.020858097338967183,-0.081824868261303363,-0.071966115739630188,0.99404505386796782,-3.1749196647727138,-13.350800955579452,-1.1600547310179325,,0.2260522207721269,0.4166666666666667,0,5
0.23682651193316223,0.96794013285625613,0.083696490080443886,-0.97141061216487479,0.23444234440463585,0.037392642638919879,0.016571838130863967,-0.090159227793234084,0.9957894796716289,-1.7326065282999075,14.763045132042425,-3.0806447971014737,,0.1894765618803589,0.625,0,4
-0.074664052720944063,-0.98990616100623308,-0.12046190947011888,0.99709108545995051,-0.075964142398621343,0.0062302781591809849,-0.015318176379153767,-0.11964631825319583,0.99269839931414883,-11.644527017732358,-2.0952556729242362,-2.9682973140321018,0.1672990241103582,0.1470688228049766,0.7034965034965035,1,5
0.99521945328178973,-0.025533640555591867,-0.094267030341862595,0.050699685769675866,0.96004435498605234,0.27521696590557687,0.083473239258770468,-0.27868058715919414,0.95674936564821156,-16.298195406264799,-13.423286052148454,-2.6345398674358447,,0.281340116342917,0.1538461538461539,0,2
0.032643007288378059,-0.98948592674882985,-0.14089724923212371,0.9994344042188682,0.031176129536820779,0.012606371832449814,-0.0080811966221295359,-0.14122906822999168,0.98994396030686593,-19.448973233023381,-1.8872322950733631,-4.0367668671110986,0.5176129080615508,0.4179335934744675,0.9844559585492227,1,5
-0.70079310663026273,-0.70317165318237629,-0.12016092484776304,0.70932180654676502,-0.70477250574575423,-0.012581331490959843,-0.075839280433951425,-0.094049674670440189,0.99267470111695999,-0.19446188779392196,-14.06835050721064,-0.78575212490344581,,0.1321394586299868,0.5,0,4
-0.7647476254577974,0.64414370450963065,0.015490555098866621,-0.64284319381534993,-0.76113024607526514,-0.086217032393185455,-0.043745828623330527,-0.075892268710434696,0.99615594463318968,-35.200518299765314,2.0838773213945765,-6.063205512932722,,0.2322929046989108,0.4090909090909091,0,5
0.054562900318022113,0.98733096435303691,0.14899817696397336,-0.99829702075719262,0.050856202268420005,0.028578051685629425,0.020638513904797772,-0.15030373754679388,0.98842442210988768,6.4958512236853174,-2.7738563212843825,-0.738630041133853,,0.348821531131202,0.3265306122448979,0,5
-0.75050512387373203,-0.64749744342327165,-0.1322464358672919,0.6573307543749064,-0.75205961450540793,-0.048193522208838817,-0.06825202115828391,-0.12309913480729566,0.99004457708605464,-0.47775504341914782,-10.729370848224804,-1.0209370806303086,0.1842458246075736,0.1225738297119442,0.3461538461538461,1,5
-0.81856890469451737,-0.55804330787601408,-0.13613454668824707,0.56932469161149968,-0.81967087396780047,-0.063317090033683687,-0.076251844493685536,-0.12933415984827415,0.98866492367619285,-13.225419466181984,-13.030647570083529,-2.3195887403623709,,0.1062901418091654,0.1428571428571428,0,1
0.76651953619604374,0.63765309421487226,-0.076461310922590356,-0.63811506333577528,0.76964306706262542,0.021417639141945014,0.072504941719730265,0.032374075440607206,0.99684249140252057,-32.144309608925802,-0.6724214210373255,-5.5452525920690023,,0.1118946047509333,0.25,0,1
0.91325419394162788,-0.35828019302456204,-0.19391255899066992,0.39433942525357379,0.89694746138553094,0.19995416776034641,0.10228975969621081,-0.25907634936507473,0.96042503625267772,9.7547595856965774,22.812710732561101,-2.3222156138691292,,0.2499670028000901,0.3333333333333333,0,3
-0.89995655965902499,0.43564558917087731,-0.017061985894108969,-0.42703783275555862,-0.88870887622057493,-0.16683891249405372,-0.087845774640145355,-0.14286166022667546,0.98583653103095692,4.7507049899958771,11.794294335496263,-2.0952691090885702,,0.3375021386909492,0.3225806451612903,0,4
-0.98655852813433886,0.15470647930914486,-0.052613456692892378,-0.14062650398335436,-0.96778937227916539,-0.2088250877670528,-0.083225338346115313,-0.19861932474778679,0.9765366899886081,0.0032305479130794097,18.603529518919618,-3.1613314655041211,,0.1560372707265631,0.3181818181818182,0,1
0.17970670904093458,-0.97008829992966439,-0.16319984394983347,0.98370697707590027,0.17807531427326301,0.024693434323163201,0.0051070517787318599,-0.16497840096828351,0.986283957709988,-14.67710019691906,-15.21756450706116,-2.3340520430344607,,0.07482368111047449,0.1875,0,1
0.65658618810870728,0.75312379509324645,0.041220466387748789,-0.75009860490768743,0.64626890775113988,0.14031600689048174,0.079035817832286651,-0.12304896642595106,0.98924834665572581,-13.053249327130079,11.224543928050386,-4.4056297480275886,0.355387375802692,0.2474375918336905,0.303030303030303,1,4
-0.99246616292969714,-0.099354426442729335,-0.071691096977532093,0.10318367409617132,-0.99331046271558809,-0.051840660294416023,-0.066060917641376365,-0.058847451992267603,0.99607877828733948,1.4987826373288393,-13.578070259447488,-0.62869785879169093,,0.1202576912779884,0.125,1,5
-0.84191127091810614,-0.52262992280359533,-0.13432563303914455,0.53051446061058971,-0.84718284431371671,-0.028907358640592965,-0.098690521247554092,-0.095599121809924914,0.9905155167512808,-10.932147025489847,-8.9989860419963161,-2.330520847392219,,0.06751855913013349,0.2857142857142857,0,2
-0.94908860573555154,0.31485372718553711,0.0098969156974656244,-0.30467127714475195,-0.90950551848087913,-0.28279873538581074,-0.080038936436793898,-0.27141636341643688,0.95912821161921014,4.3020385329545343,1.6939393566859329,-1.3007248481088609,0.8141287563253836,0.7054448862096644,0.4294478527607362,1,3
0.97893814819475455,0.18636604788535494,-0.083353453465455307,-0.18349903975814458,0.98216888435691263,0.040894804180188107,0.089488571431569214,-0.02473820520350422,0.99568057969734736,-4.2870617495899417,-7.0531005778988085,-1.6788343123528677,0.4765726456524023,0.3355125406085728,0.8907922912205567,1,5
-0.9488772824719931,-0.2599397350700467,-0.17906210358498634,0.28822943045309074,-0.94479560280281416,-0.15583665918247452,-0.12866894819362351,-0.19948083380661341,0.9714173658703894,-10.604434222928145,21.957601898167653,-4.566186387482488,,0.6817606018521145,0.24,0,3
0.9464792238616857,-0.30526977703312258,-0.10482099993955857,0.31095866692107221,0.94946499972368514,0.042672259916400473,0.086497319408470288,-0.072983405852637767,0.99357517893982161,-13.74530254254303,1.3333260282732355,-3.5625692530224553,0.1770734835321022,0.1614023593375039,0.6870748299319728,1,5
0.70640860582649567,0.70526178082367197,-0.059939153511617937,-0.70457311705724368,0.70874029717397813,0.035551566519356016,0.067554454586693041,0.017117583683567091,0.99756873647600353,-10.87281957396932,9.6731419372313709,-3.9546586099012866,0.365444347747394,0.3495132020961288,0.9014598540145985,1,5
-0.43057404539362154,-0.87815995535580382,-0.20842524857335742,0.90041680135463642,-0.43383059390546419,-0.032258326520743313,-0.062093278796164719,-0.20155919378963216,0.9775061719125957,-12.952852936939616,21.616361384918161,-4.8160936020220522,0.971285220271017,0.7489521537333912,0.9618320610687023,1,4
0.17902544123822992,0.95374794049855105,0.24148448683969154,-0.98350898650554219,0.16708065490668397,0.069239643404587881,0.025689781086999614,-0.24989782062020013,0.96793135830851973,-13.368871806191136,19.373954846368374,-4.7742491759830799,,0.1941843614554094,0.3529411764705883,0,1
0.7104934152457314,0.70085001922123535,-0.063311590171558199,-0.70037860054083023,0.71300431667423558,0.033085651094930071,0.068329516293659881,0.020834945680304948,0.99744522769000898,-13.702499913346506,-9.1009153477588338,-2.6699774811471788,,0.07819979804416045,0.3333333333333333,0,2
-0.97805239806037436,-0.16156074804373766,-0.13157367267010112,0.18018115711597019,-0.97293160181768312,-0.14470262196942926,-0.10463392025868581,-0.1652338430105208,0.98068828883354864,3.1592493163287041,8.4557560170434609,-2.0467152525956642,0.2217366246183303,0.2231020008095435,0.1111111111111111,1,5
0.22561933924061947,0.97272239803174854,-0.053917067130832878,-0.97373078928558432,0.22690712337269275,0.019013346891133591,0.030728874985902606,0.048210929570939483,0.99836438363555746,-10.542270540423974,-11.28820425292426,-2.0981552626647062,,0.09549224459279951,0.3432835820895522,0,4
-0.81892774063307283,-0.53381308551145823,-0.2107153182812028,0.56855271734075152,-0.80462646935423487,-0.17124267113948902,-0.078135543935263452,-0.26003814057033298,0.96243181692141988,-6.1675506162468947,19.99614344861962,-3.9598186009064169,,0.1404155512437615,0.3571428571428572,0,3
0.93293428829168124,0.3597786475825156,0.013890229421837706,-0.35049248541342171,0.89867344051172371,0.26370639921614536,0.082393151404819592,-0.25088916290369895,0.96450297902031634,-7.3530295785323316,-10.674263264198988,-1.7633424679622178,,0.1475210517267092,0.25,0,2
-0.36848595956769448,-0.91405719727218049,-0.16946249648934819,0.9286882233020598,-0.3701612413267959,-0.022778044680565324,-0.041908012378776859,-0.16577121443221815,0.98527337473623466,7.642133691540427,11.723601162594065,-1.7767171996032867,0.3162753051989816,0.3088640572148005,0.4615384615384616,1,5
0.94176427730618939,0.33060599436462063,-0.06147944762383728,-0.31333468334210235,0.92909891689679946,0.19646012021807152,0.12207138159640914,-0.1657554798833967,0.97858249457251667,-0.43893671029969678,-12.448612786596772,-0.91848492807365656,0.9143804950335117,0.3002475295241943,0.4782608695652174,1,5
-0.89303320823047083,0.44884161664460903,0.032138639757256719,-0.44419159223700028,-0.86784402929995375,-0.22257711067039113,-0.072010543558227058,-0.21304446478675507,0.97438521008899437,-16.687858568216054,12.807010795932044,-4.9841262960324615,,0.1225082309772174,0.5,0,1
-0.63719791073908338,-0.73697352608669653,-0.22549688334229093,0.76520777300538356,-0.63983975444288121,-0.071148807204431744,-0.091847083143053912,-0.21788783922425106,0.97164242539953882,-8.246788361044965,-6.5972611555800524,-2.1944862180876492,0.2907181475396884,0.1524524479026865,0.2222222222222222,1,4
-0.99269923788225978,-0.07480747670867105,-0.094615350427201275,0.080397605435840278,-0.99514803497839355,-0.056715196542237611,-0.089913559312060298,-0.063907979995641753,0.9938970378991544,-0.18162609193857085,-9.0467960388653061,-1.0969528702831941,1.07064742228029,0.6421671040468599,0.8923766816143498,1,5
0.77128741649495247,0.6360127244593311,0.02456695915984114,-0.63093955703272786,0.75891046019462294,0.16115268777941982,0.083851037726955235,-0.13979530654855762,0.98662367483205471,-12.463352430298592,7.9054188006105868,-4.0219401128800758,,0.2083453054270243,0.2941176470588235,0,4
0.98544867165914485,-0.13389596494631559,-0.10470332418945973,0.14887432046228213,0.97717297603317255,0.15155662841778833,0.082020437892770401,-0.16493891439429592,0.98288748200712694,-10.782306878995197,-12.67723645207333,-2.0424662462347176,,0.08887928307018801,0.44,0,4
-0.29219753713300661,0.93873589102767896,0.18274442861514228,-0.95623951085390513,-0.2837702280682981,-0.071277314371055805,-0.015053145029843286,-0.19557449874289778,0.98057331101054079,-18.358317377377837,-14.109889892183016,-2.8421888018803965,,0.5313961305408229,0.5142857142857142,0,1
-0.95959246830364997,0.27484543156592334,-0.060351334055261878,-0.26660056250335218,-0.95661416098172236,-0.11753079205949159,-0.090035742057277698,-0.096691963247090035,0.991233690607628,-12.938640606455646,-17.002480921059593,-1.9480191532081677,,0.206506099603702,0.36,0,2
0.75313221784757933,0.6543652093795792,0.067808813539293952,-0.65212752297459575,0.72899460704810459,0.20807824651750229,0.086726905969285256,-0.2009304248947878,0.97575888831852087,8.9870378078948825,9.6697249258485396,-1.4314398193834423,,0.5731807138861669,0.1428571428571428,0,2
0.7563020698813413,-0.63917893877156107,-0.13949001155659135,0.65169452788253612,0.75478173856099595,0.074824925411235185,0.057457997016562956,-0.14749512319293656,0.98739240791751259,-21.172200111578324,-1.6524488037620721,-4.2550250976903197,0.2294760726677881,0.256403672999773,0.819672131147541,1,5
-0.20605250973633632,-0.91888877729653395,-0.33643094118977612,0.97794894597699744,-0.20533174911542315,-0.038140947388358971,-0.034032665100424152,-0.33687132226368344,0.94093543346102171,-3.9911498330167898,22.028107321944013,-3.83439871721118,,0.5225270534615991,0.1052631578947368,0,2
-0.16251822780653649,-0.96350577436245344,-0.21270742441398502,0.98647693579689943,-0.16330045264409929,-0.014007758814020523,-0.021238662184378962,-0.21210748439515467,0.9770155240794165,-12.902586593356837,-18.277911239806308,-1.8727279905959295,,0.1770101038687367,0.3333333333333333,0,2
-0.99086226763360408,-0.10069999533661103,-0.089730025739429509,0.10377165954965115,-0.99414134507393925,-0.030239521968614114,-0.086159208760894848,-0.039274634992390665,0.99550695316100679,-15.295095375950348,-14.651095090378433,-2.459645785236817,,0.09024782785068494,0.3478260869565217,0,1
0.88481843737140364,-0.41344261729214171,-0.21485235650150619,0.46042058007113812,0.84657906457264431,0.26705201155254832,0.071478824378856567,-0.33521499016889045,0.93942625470628971,-3.3608302752793655,5.5854475726946253,-2.582787837014521,0.6888581619087979,0.4052147473981779,0.2434782608695652,1,2
0.04361296018216472,0.99057270483772908,0.12986002516022355,-0.99893445124735958,0.041273989059657956,0.02064993797180387,0.01509542365371112,-0.13062225789492474,0.99131728216910786,-14.186645525427112,9.6362227942132375,-4.421040546735421,,0.1019724863882527,0.35,0,2
-0.0020738410566788711,-0.97202676343239625,-0.23486095962166734,0.9999535100180762,-0.0042274029290293447,0.0086664218108544484,-0.0094168458519640844,-0.23483206815853416,0.97199034088749292,6.4305622796228006,15.337471943931462,-2.1809692332168815,,0.08975073811872444,0.3333333333333333,0,5
0.50883591652777171,-0.84888198585298702,-0.14312716075445645,0.86016547683573807,0.50804112979320348,0.04482814850507652,0.034660676728685537,-0.14592321450932597,0.98868855205063211,-7.6948533310819496,-5.5230718663682383,-2.1921333574929758,,0.5828509010138249,0.7077464788732394,0,1
-0.13969999102307046,-0.97968134384741323,-0.14390405493064518,0.98994622137972044,-0.14143243132113714,0.0018292475521685674,-0.022144780065949689,-0.14220172955319485,0.98958995388388649,-2.1624417888162095,-9.9731743300243529,-1.274029600179869,,0.1048393031818549,0.4871794871794872,1,5
0.57806234215727392,0.81520987367810882,-0.035732204485151443,-0.81391659763034119,0.57916022240386189,0.04596965180375738,0.058169585536568272,0.0025097097105517253,0.99830356138585052,-15.633787981206149,-6.9829452733603929,-3.0730854952637388,,0.1422260936097579,0.2941176470588235,0,1
-0.22459091632197822,-0.95414794196516062,-0.19789043723561517,0.97405125390800229,-0.22565212665783865,-0.017472048965231027,-0.027983478445376408,-0.19667949201287752,0.98006841718099147,-1.2749952609328576,-17.879103319034162,-0.68570712548187707,,0.5078110095970203,0.4444444444444444,1,4
0.59900040740004423,-0.79277307815442477,-0.11273579062631796,0.79956053937918359,0.59982102955338545,0.030293173706090148,0.04360568543494911,-0.10828471295190571,0.99316311104403854,-1.1037459843718598,9.3197794389632467,-2.6324717706266592,0.1429710192777131,0.1357643793162417,0.5180722891566265,1,5
0.70658665265471021,-0.69767534118004293,-0.11825574235326997,0.70551795820154894,0.70746566244253228,0.04167429807287644,0.054586746975156648,-0.11287805266773583,0.99210827649032873,-17.646865011702459,16.497240506309108,-5.1750356633023191,0.3462569823956002,0.3171007251811566,0.93,1,3
0.98204256098132658,0.17347314042635792,-0.074158465274395541,-0.1669111386633606,0.98211929756944827,0.08707673128794538,0.087937933858699691,-0.073135182315420072,0.99343754957035535,-2.4452564199657192,-9.0986622986565795,-1.3705546701176241,,0.07125991086301622,0.3214285714285715,0,5
0.17180061524266774,-0.94195965927043601,-0.28843811972304279,0.98511173370855309,0.16613440926982381,0.044206675585201478,0.006278591559371308,-0.2917385102513726,0.95647750675295029,4.006814110790053,-7.6543573896693831,-0.70002586338605743,,0.08548259380825574,0.3,0,5
0.095918241687367956,0.99341550900797715,-0.062652353299961661,-0.99528099739454645,0.096645757618263203,0.0086795022729664276,0.014677436319676737,0.061524174084756932,0.99799766976995918,-11.242903341019629,-5.0250417893760568,-2.6667181052297844,0.156439372299427,0.1145042346965499,0.6,1,4
0.79766752775036021,-0.58444838262112031,-0.14881734853230602,0.5997913224962933,0.79456625268174808,0.094418428060589671,0.063062545387707766,-0.16457386837174937,0.98434676675365895,-11.856373137781167,-11.67019572837194,-2.2482355278668953,,0.08311112376704853,0.3333333333333333,0,2
0.20036772936813879,-0.91528489809011637,-0.34943715938065439,0.97969630259686746,0.1897052781566759,0.064861869519191914,0.0069229838857777677,-0.35533851855331255,0.93471204631504234,-17.820019255594332,18.321835999990196,-5.2794967588101125,,0.3170933883504609,0.1923076923076923,0,1
0.92916729850057789,-0.32657141435145648,-0.1732028946802793,0.36176722321568616,0.89963916984826231,0.24448689183991371,0.075977678326930295,-0.28982835507109911,0.95405813082475799,-15.372357351267796,14.26985926307869,-4.8893876385308213,,0.2302765055028685,0.4545454545454545,0,1
0.50607545752666283,0.86225788919441171,0.01997407848129196,-0.86188776802302103,0.5047222119046052,0.049040433750307699,0.032204139818884807,-0.042033573868050358,0.99859705189150505,-8.2092315381170717,18.039142406212545,-4.1124753468611503,,0.3354835773038541,0.3043478260869565,0,4
0.9913945288130287,-0.096508991897408275,-0.08844717475724935,0.10068309614353965,0.99394494076438911,0.044004191616553695,0.083664821702697734,-0.052530650213200046,0.99510840032512793,-13.634849289856707,-6.983201248898057,-2.834626102133456,,0.09447550238474589,0.3076923076923077,0,2
0.1627978865048928,-0.95752355608247386,-0.2380031253927436,0.98664482351889993,0.15667520167395249,0.044551918070784235,-0.0053703233514932457,-0.24207750975173292,0.97024205170642897,11.4918402229852,21.248491176793685,-2.0339397202767722,,0.3020012793747143,0.1,0,2
0.65549650799048176,0.75305649571236877,-0.056835220398014766,-0.75245284320138217,0.6576726854525341,0.035796055198967579,0.064335423915910073,0.019301633999705622,0.99774165000490023,-24.630314576963897,-3.3630692435840985,-4.4406230535260924,,0.07321641799297191,0.15,0,2
0.46175310831199723,0.88610358420897906,0.04005627311931334,-0.88565471855959965,0.45808398872082828,0.07599196517219417,0.048987615346379215,-0.070565553421029659,0.99630352614705642,-7.0701467941079708,-11.667699337420302,-1.6657288500952971,,0.07841721559990039,0.2727272727272727,0,3
0.56524438644099506,0.82212157803346464,0.067933015012627523,-0.82274835465472707,0.55586280774026886,0.11875051108960148,0.05986592110608268,-0.12301483610877076,0.99059750735969954,4.1310369042578001,10.592303786624036,-2.0963970821273539,,0.09904176972957873,0.3,0,5
-0.0086102523597615215,0.99922501515829543,-0.038408757285364588,-0.99947722532302763,-0.007402694175274495,0.031471831524868592,0.031163113048660238,0.038659658571334819,0.99876638468876433,-15.244092162795363,21.398264563179687,-5.1129038800926887,,0.1476286101458102,0.5,0,2
0.27129451044414238,-0.91577938668089465,-0.29622188226604262,0.96241355125627648,0.26214199662836846,0.071005140391205479,0.012627151743584921,-0.30435125847293032,0.95247617634499815,1.9729232455358567,-3.4150934891539317,-1.2164106241765591,,0.2087608534314789,0.1363636363636364,0,5
0.60384960598385096,-0.78024979801797067,-0.16302118281396796,0.79644379090495532,0.59888665388037932,0.083738066211896667,0.032294601438830998,-0.18040240712606972,0.98306257696091159,4.7012140495758805,-6.3083063178112315,-0.70508851739104539,0.1554310414543414,0.1449875522676239,0.2307692307692308,1,5
0.044701885336918781,-0.95320776564519716,-0.29899280419604812,0.99897827733990363,0.040661389657506992,0.01972442126196812,-0.006644008603559062,-0.29956903529038476,0.95405149244936704,-32.368929814104852,-1.8569715340812938,-5.4715640648033101,,0.6324159794614572,0.5,0,1
0.97254966874478899,-0.21232811900982745,-0.095204578157515152,0.21655180529738913,0.97559390797639656,0.036357149802817089,0.085161361231743796,-0.055975857269820704,0.99479356951885545,7.7649473347186646,-12.873032168433957,0.0071795977643412112,,0.1098215988823259,0.3846153846153846,1,5
0.0319973439863784,-0.97906651676526779,-0.20100976525269301,0.99943243803498949,0.029222166262426404,0.016759081191035797,-0.01053431446530822,-0.20143192584110511,0.97944586755506269,-17.399515187355007,-1.0223924987314965,-3.8440545185373196,,0.1449515487787318,0.5100671140939598,0,3
0.37836870668691064,-0.90952802393985288,-0.17203457637388017,0.92509544536099519,0.37801298021532831,0.036119299011291087,0.032179788259339703,-0.17281481550142488,0.98442851480988303,-8.1601271479921369,4.8575733424293164,-3.1383981009465129,0.1666692155890029,0.1296024630403413,0.4535714285714286,1,5
0.78812664792918286,0.61491041507537991,-0.027231750875299141,-0.60979956394457668,0.78606044841997824,0.10125938594909291,0.083671253348533578,-0.063199310610221229,0.99448728926089291,10.297451340155973,21.476810245677122,-2.1734405788459568,0.6645498571155786,0.4610355651131287,0.5833333333333334,1,5
0.71428658719494909,0.69982530230047446,0.0062623967809701019,-0.6964798620771756,0.70993757361147547,0.10442434244758167,0.068632886245232796,-0.078950540433242372,0.99451311660075581,-16.864014169552849,-7.9895371266153861,-3.1543206373952009,,0.06881508632344363,0.2666666666666667,0,1
0.93014976868973365,0.36581458911400572,0.031640072657719939,-0.35753444589927946,0.88272410080366714,0.30490536541007646,0.083609376279994374,-0.29492007095433237,0.95185693460013288,-9.6680545894225816,-15.35560395244535,-1.7082246341785448,,0.3773651605038908,0.1739130434782609,0,1
-0.86871607473389101,0.4936009256054274,-0.041115784565120765,-0.49028034962526651,-0.86872638320746609,-0.07028264288286673,-0.070409944398973467,-0.040897400415423266,0.99667940801894428,-9.7090019565616856,20.90707485488003,-4.4301719592431885,,0.1345810170023869,0.4722222222222222,0,4
0.9638050593499532,0.26018457904234371,-0.058170373902801012,-0.25278138033625375,0.96115645989705356,0.11081440950283412,0.084743031139624947,-0.092099101117882998,0.99213727590820133,-17.604091388614478,-2.2690131480376143,-3.7262810177749204,,0.09322511818654196,0.3,0,5
-0.57404803889419309,-0.79114712307194091,-0.21108073975785349,0.81677515628311592,-0.57147438155913255,-0.079343401113759565,-0.057854931686269651,-0.21795242801262552,0.97424306310231368,2.342071141120913,11.25788252931382,-2.3487831756970516,,0.08628607029368426,0.25,0,1
-0.81763458638569508,-0.55948422812857512,-0.13583475851661536,0.57039112693843042,-0.81925222655201746,-0.058989419385775184,-0.078279278585089443,-0.12571073050832229,0.98897379478895364,-3.5037686202670471,-14.726980642821669,-1.0875741045570908,,0.1176689572227321,0.1304347826086956,0,5
0.03033069787444469,-0.97975750248125726,-0.1978769443319211,0.9994037030551074,0.026458157064875542,0.02218567656099708,-0.01650112378560787,-0.1984318579674631,0.97997577044404161,10.445123754942951,13.569747658124914,-1.6284363281344592,0.2428871449283726,0.1606627297520205,0.1666666666666667,1,4
-0.68966856526161224,-0.71284228603392152,-0.12733084988298318,0.72018372297247224,-0.69354879424711124,-0.018040930238994685,-0.075449819453059397,-0.10414386799188806,0.99169621331544333,-13.181277752544846,17.052231111747357,-4.6682714656236515,,0.08534358271467106,0.3333333333333333,0,3
-0.93235215716640552,0.3564722803924526,-0.060390134450539014,-0.3539410929864113,-0.93399497942149623,-0.048775825067575065,-0.073791311973254406,-0.024101695526304739,0.99698242238768797,0.86633223205792276,-11.969719507357711,-0.79089622968035556,,0.09255879601922032,0.1290322580645161,0,5
0.97531038494993871,-0.20078756387042207,-0.091945675285921041,0.20652523941701359,0.97673551055690044,0.057750046760990881,0.078211114891350741,-0.075313322939122795,0.99408798649582308,-3.9241920243835415,12.41241637745552,-3.2120022227106624,0.1519679006852714,0.1308254859149915,0.4390243902439024,1,5
-0.34636614291021922,-0.92973342442549167,-0.12500501810546213,0.9373688714092252,-0.34826773253354837,-0.0070132295654078787,-0.037014780270775663,-0.119604958015921,0.99213132198288978,-2.6677489130462688,-12.422123435409381,-1.1642299919261831,,0.07376939702244925,0.3846153846153846,1,5
0.97411837290031622,-0.20023613800276507,-0.10487556729657516,0.21273898078954398,0.96895168196087977,0.125995095451403,0.076390586008139194,-0.14504525867093931,0.98647166776669948,-11.881829042390176,-14.994376431064731,-1.9768086150827797,0.7610369816800069,0.3394112176436883,0.4230769230769231,1,3
0.96780148781287245,0.2484724177032076,-0.040270806149306171,-0.23656199248241222,0.9524966087936112,0.19180363382747292,0.086015718911971878,-0.17610130004459071,0.98060676533596458,-3.6878839448881551,-4.7176896308399625,-1.7328924337594644,,0.08012697548707337,0.345679012345679,0,3
-0.49612130181161618,0.86821681201772838,0.0079511771783095323,-0.86760705848229913,-0.49537805879755653,-0.043111146280961986,-0.033490983270740314,-0.028286855458646631,0.99903864181913504,-21.137759202514527,20.494580874514181,-5.7178451004567981,,0.2076372263041481,0.1,0,1
-0.57553510801932084,-0.77820202213450917,-0.25131842786184744,0.8131359731224802,-0.57726965771255068,-0.074629963812083103,-0.087001314078276645,-0.2473082186871203,0.96502301336209462,-5.1030694002413348,12.480599172745062,-3.3625841531370013,,0.6844197951025858,0.2380952380952381,0,4
-0.029516373360022597,0.99954551700581884,0.0061272454856733244,-0.99953265296000737,-0.029563660404936739,0.0077759661901782729,0.0079535759505376391,-0.0058948636143280253,0.99995099440550961,-15.745430408707355,-10.306680044409038,-2.7969032932146614,,0.1900483515539818,0.3636363636363636,0,1
0.33070672420834757,0.94369535779008307,-0.0084931883784854414,-0.94295661554991195,0.33078618548297589,0.037594157581717212,0.038286861376202887,-0.004423932534617662,0.99925699650634914,-19.592303036538006,-5.1011514478808593,-3.7211015506764809,,0.1353698249555814,0.15,0,1
0.92018832979588727,-0.37759080560105635,-0.10333741448769682,0.38429623137533769,0.92159582546294017,0.054566849276792471,0.074631389228459383,-0.089923956845928604,0.99314844697406812,-18.884136116372343,-2.7683532936136341,-3.8634400994769429,,0.07142487299160336,0.38,0,4
-0.28971127572873373,-0.92475615115321297,-0.24676595717385172,0.95595012974861548,-0.29228769726980119,-0.026967600158780157,-0.047188199258251171,-0.24370876662322724,0.96869980433659142,-5.2993133702805268,-9.9535079610801844,-1.6175205413693838,,0.4240638375906405,0.4197530864197531,0,5
-0.39494711331061194,0.89239183722438964,0.21829701450751432,-0.91838317278239279,-0.37722406667077357,-0.11947531742795352,-0.0242719104678852,-0.24766673652237417,0.96854120303815494,-15.147515115967241,16.817110583505809,-4.9200563311262693,,0.1744004857025508,0.5,0,1
-0.98908982152023894,0.12255740548336978,-0.081737429163424205,-0.12249808299261702,-0.9924520399411898,-0.0057591735261177382,-0.081826307677878365,0.0043163384662124153,0.99663725828109073,-12.997118623551376,1.012402458072468,-3.4245027949574269,0.2112557483511513,0.1676616813483007,0.805414551607445,1,5
0.85574013658390669,-0.50511773017183792,-0.11209325272026298,0.51239734396151859,0.8574009000576629,0.048090107938037474,0.071817689607364329,-0.098588920505100916,0.99253334665042903,-9.5727473539963732,-13.243016518100333,-1.8566119199307334,,0.0928298663920326,0.2666666666666667,0,5
0.96543582885312151,-0.23204990889438673,-0.11868656262944294,0.24423467652513078,0.96443438943219251,0.10107290073614431,0.091011445155818799,-0.12656677392847043,0.98777414857242984,-37.936339122527706,5.1618163646892761,-6.522452853804503,,0.2901311883288945,0.5789473684210527,0,4
-0.86347060493840377,-0.47664784926992992,-0.16500103694721771,0.49811700340923643,-0.85726918337651747,-0.13026510717594994,-0.07935972102968647,-0.19466991297914824,0.97765313872496784,-6.2338665667371886,2.7959711663377163,-2.6937972820446103,,0.5081231010539923,0.1772486772486772,0,1
0.85159046466661104,-0.50833419774098887,-0.12802352868098657,0.51966632636896448,0.85072681471834499,0.078808603320733236,0.068851940619645557,-0.13364217196006983,0.98863500855811548,-11.975592602551906,-9.9149069774929419,-2.3673060468041154,0.7853733687287684,0.3115258090083333,0.7843137254901961,1,3
