axis_00,axis_01,axis_02,axis_10,axis_11,axis_12,axis_20,axis_21,axis_22,location_x,location_y,location_z,dbh,dbh_approximation,score,reconstructed,number_clusters
-0.98239505756080725,-0.1856456243512167,0.020872303163454529,0.17571494339540195,-0.95617595317197679,-0.23420462259147237,0.063436657759145518,-0.22641388812285826,0.97196324092912112,24.175921560010885,16.112776867891583,-1.007319756806528,,0.3242986160060561,0.1428571428571428,0,3
-0.58566932734373511,-0.80902368626444299,-0.049720358725870925,0.81027262858198257,-0.58276144924264262,-0.06202709607469542,0.021206281606676248,-0.07661441339400267,0.99683525483437396,6.1840219148224405,-39.087122252996046,-1.8227404854429212,,0.2723963641509382,0.4545454545454545,0,3
0.16932731348434327,-0.98542659033057878,-0.016207898618466693,0.98475066926960597,0.16849912596538932,0.043291614915191852,-0.03992969172483464,-0.023291191861977114,0.9989309986682815,-13.894539906271746,-24.375684434401506,-2.0720966955137583,0.1682923347533695,0.142614648174797,0.5600000000000001,1,4
-0.78476954413019406,-0.60739885578908137,-0.12330203806832242,0.61809613860906598,-0.75229585568763913,-0.22805286437965419,0.045759436646986007,-0.25518145602946424,0.96580976307781896,-22.972342144384726,13.508280061071765,-1.5900227325299343,,0.5685813659631833,0.2777777777777778,0,3
0.99863597096774359,0.019106343251035825,0.048591615911458615,-0.026298621332086866,0.98803334532404163,0.15198187735324198,-0.04510631890705151,-0.153052462166925,0.98718810964238146,11.93707321186419,-24.058911670237034,-1.6609087894853025,,0.6722754834119007,0.8,0,4
0.59236711827569166,0.80270493896660167,0.069036064085213705,-0.80538137974357638,0.5922644391589289,0.024159206735592093,-0.021494891208994001,-0.069911480218804736,0.99732159035364809,1.3326274052731577,-21.672550164349921,-1.5707710228510543,0.4272116942152872,0.4019873631925428,0.9285714285714286,1,5
0.80283674450058584,0.5817877393666826,0.13029270126260681,-0.59219759018853657,0.80344956063269357,0.061406984081799378,-0.068957783132812311,-0.12645880689670178,0.98957212688296314,-12.653025315716775,14.749496638286317,-1.2472151280885677,,0.1628919236488935,0.125,0,2
0.8425712378939787,0.51545093316395285,0.15615391309288365,-0.53680390027131453,0.8272727001135165,0.16571497307243432,-0.043763931808215584,-0.22345069959009603,0.97373225433143773,-29.194372679837997,-28.982977057471995,-2.1715553628283186,,0.2698901651336084,0.4761904761904762,0,3
0.96402494811904282,-0.26424376103075065,0.028829397503252141,0.26035025086378638,0.96052039774191311,0.09807299524782695,-0.053606401476320224,-0.087039073283441987,0.99476155607397643,-15.381179849736174,-16.846887132811329,-2.010576486797865,,0.267525312029646,0.5344827586206896,0,6
0.65751742314420136,-0.75303092164581364,0.024804622695500541,0.75173812203041668,0.65788828191463822,0.045528061737662197,-0.05060270889974295,-0.011288913351709113,0.99865505871013627,2.3091715291542441,-25.222640801242704,-1.6379055570879564,0.2882288537520162,0.3225198481749715,0.7407407407407407,1,5
0.26270371229356881,0.95282210650203802,0.15204207611117476,-0.96486635869593518,0.26014324406370959,0.036856511295236087,-0.0044350201830994467,-0.15638262668540781,0.9876865923292405,18.55572530406258,14.640383956323062,-0.93989864263716205,0.7680465110455539,0.6211611046026948,0.6052631578947368,1,5
0.87600380874221884,-0.4822841923854031,0.0043914512734842693,0.47870035774587111,0.87053316645030909,0.11409633475258869,-0.058849762642705285,-0.097846634511154287,0.99345998487696507,-1.3023901028656435,9.182297224272606,-1.0938798524698912,,0.07868114375442534,0.3095238095238095,0,2
-0.99824693625253902,0.016786913593556985,0.056756090372939876,-0.026595600506124979,-0.98389387204232825,-0.17676403081869563,0.052874647007213858,-0.17796361451026058,0.98261550141156695,25.624527420346876,4.8440457024918446,-1.2140239262672821,,0.5470971956979469,0.2,0,2
-0.81473490874203003,-0.57750800631764421,0.051879968351347776,0.57837786222452903,-0.81576607425648529,0.0021818755114012081,0.041061867537907054,0.031783875332996682,0.99865094417574996,-13.009468133534993,17.667534833266249,-1.1764902218944671,,0.7628381308208616,0.8414634146341463,0,1
0.99205558738577571,-0.11438649618675083,0.052358772204683664,0.10329034881310778,0.97822406657406791,0.18002438561861545,-0.071810969765976868,-0.17318604177419117,0.98226767205067778,17.660127060044186,-19.111643911332649,-1.5051560374065249,,0.6232261412119265,0.3536585365853658,0,4
-0.98011121707806814,-0.19844842788882733,-0.00047289132140904843,0.19030790744616621,-0.93922536972302961,-0.28572470182345233,0.056257466359678814,-0.28013198021127861,0.95831162527734071,-18.80022257747353,14.029702875080986,-1.4093766339167753,,0.3234982089574616,0.2258064516129032,0,1
-0.99077102257019634,0.12245311342793469,0.05812070067550569,-0.1246213294215648,-0.99157759801951861,-0.035261754905884249,0.053313273097871115,-0.04217940395081695,0.99768662053469703,7.4552792590875212,18.417216501454163,-0.85598974330338906,0.2870484560527835,0.2465691260662416,0.7407407407407407,1,5
0.33441249071737428,-0.93286238254515652,-0.13392558114258099,0.94242676174413698,0.33106252719876827,0.047216541944816316,0.00029120553544190886,-0.14200485314573158,0.98986591863867956,-13.321260212277465,19.820309384087501,-1.0974216351403152,,0.406744652173229,0.25,0,3
0.99777062295339403,-0.05720884326022261,0.034364694441023559,0.045754469577664499,0.96126492727384572,0.27180189128642307,-0.04858304729907547,-0.26962360402241725,0.96173946558779633,-0.7347433424191081,7.9009937971579838,-1.1345854970103508,,0.3725514050140433,0.3333333333333333,0,3
-0.97535749655553228,0.2031681889041069,0.086025815487853652,-0.21130814107695281,-0.97235360339032451,-0.09938480511856071,0.063455680813680096,-0.1151136698714661,0.99132346869283583,10.91951658873707,-31.708649728283536,-1.778578883385618,,0.1514834140151417,0.4666666666666667,0,2
-0.11153338543453312,-0.99375689142563806,-0.0027467576458768831,0.99375877194144624,-0.11153817134963757,0.00165514996539404,-0.0019511850094149782,-0.0025450100259451045,0.99999485788729292,-14.397886450854639,-18.974431294508932,-2.0320215639824002,,0.1120703249051831,0.7428571428571429,1,5
-0.96533496431329247,-0.25732872606900314,0.04370736109579719,0.25576111294314025,-0.96597696303844871,-0.038402603884398666,0.05210239706904788,-0.025892732932614682,0.99830601851383205,6.8502725280591363,12.963461359578314,-0.92825587795302156,,0.1224604834590602,0.4516129032258064,0,5
-0.46142613386773285,0.84204035565203561,0.27938139243205046,-0.88654223620994332,-0.44956096171302468,-0.10926026322288533,0.033597416563643165,-0.29809894524646441,0.95394351637987218,-2.2542645770322123,15.540374408631964,-1.0099925991033674,0.9194162352447472,0.41533846802296,0.18,1,4
-0.5798771785373541,0.80865716135308652,0.099075997112954867,-0.81350148242812959,-0.58132852020228343,-0.016507261634171877,0.044246987454437628,-0.090170654826235402,0.99494294163505426,-6.8738734307024503,15.45480700862637,-1.1145141457950578,0.3870054254502734,0.2802368647173841,0.7195121951219512,1,5
0.99682697553164823,0.049087933110938391,0.062660638963568979,-0.053298517792264223,0.9963017607414727,0.067394877732576575,-0.059120629678432915,-0.070520751317163954,0.99575678495307696,-32.142237957430893,15.760926998438515,-1.7469934479163458,,0.0852167732550097,0.2222222222222222,0,1
0.69884772112778692,-0.70206355708559121,-0.13681602423263703,0.71354671055136076,0.67101929477271571,0.20145520073718487,-0.04962816272874896,-0.2384111319864359,0.96989544674109829,3.0192833186721715,-22.647065836359893,-1.5868049557195387,,0.2768390336717208,0.1666666666666667,0,2
-0.69695533837672985,-0.71480505498497271,-0.057506431606473007,0.71704448639284579,-0.6935220963155162,-0.069816233468682862,0.010023015604079519,-0.089893466336903372,0.99590095083202823,-12.539517415865095,-20.08487806290545,-1.9876056635292165,0.8067443690273201,0.7359404584694548,0.1296296296296296,1,3
-0.82947599004669736,0.54645383236022826,0.11557591027057547,-0.55723717099842773,-0.82376510176447737,-0.10439249193610797,0.038161724197442279,-0.15099425887688853,0.98779776097767036,-14.772662834001331,15.609716472985305,-1.2852722098514422,0.212054662668606,0.2182899872803946,0.5,1,5
0.99344151369474987,-0.10061430049304135,0.054320543113821652,0.096554907107829144,0.99266199495432761,0.072796385121058557,-0.061246296061746121,-0.067074036031768508,0.99586643929250174,18.744324811980107,16.086669460568846,-0.8992893744916951,,0.1641441705203709,0.2666666666666667,0,5
0.87123176142086867,0.45382530517035652,0.18707701697034748,-0.48923924413216469,0.83385763504922916,0.25559030981454478,-0.040002248592786678,-0.31420381419890436,0.94851240542777371,25.982943574912969,6.8804321487458626,-1.2018164314316704,,0.32470159807417,0.1428571428571428,0,3
-0.17526722598433564,-0.9838336621963738,-0.03677940490313638,0.98452083125491996,-0.17515867312273883,-0.0061783537454979977,-0.00036375936929934258,-0.037292953210420414,0.99930430966746464,-5.8293847392302469,19.132071486531995,-0.97490050453769783,0.2496980061948655,0.2401032948903006,0.8,1,5
-0.83254913069649561,-0.55141843646347066,-0.052911746377258324,0.55121745537038103,-0.815174988786184,-0.17790181154908838,0.054966006508678347,-0.17727787675180048,0.98262469567117117,-7.5571744061373005,12.403617163169535,-1.2283678373899094,0.2524665953975841,0.2956862136822465,0.3142857142857143,1,5
-0.96606073879804077,-0.25778053629019376,-0.016608553908290944,0.25591703153705625,-0.94637179795120396,-0.1971975988998538,0.035115835775984025,-0.19475526989672537,0.9802230679417866,5.4851998314886119,-23.548143219011838,-1.5932367156766523,,0.425380710549102,0.5238095238095238,0,5
0.2397789123490815,-0.96436717777728531,-0.11181243051899273,0.97054243119535588,0.23532243029576094,0.051679232280522423,-0.023525782497058931,-0.12091029826102419,0.99238462167263064,-10.818040302170505,18.293334745531421,-1.1274567390342574,,0.2567527129550903,0.3684210526315789,0,3
-0.99762193857504322,-0.044625776350139097,0.052526257804272128,0.041757713376809849,-0.99764085549841597,-0.054488685191787276,0.054833940650966223,-0.05216573133328882,0.99713187464204067,-7.329576682762486,-25.063378546335628,-1.7636049935806077,,0.2163998826564739,0.803921568627451,0,5
-0.12822403144559469,-0.99171508524191887,0.0077322353465388372,0.9917452274436187,-0.12821981939271926,0.0010400758169506867,-4.0033057830111781e-05,0.0078017702166592552,0.99996956492627409,4.8458348949031809,-21.5679179017921,-1.5653287293704108,,0.1168672286705132,0.4827586206896552,0,5
0.75225671102563352,-0.65876006561646416,0.012042286572251886,0.65660412054684503,0.75105884386917976,0.069149417400257748,-0.054597340574430914,-0.044111098318710046,0.99753362921122424,7.5258745834853,-22.043466251665631,-1.5594037748948464,,0.4902966403435817,0.7235772357723578,0,2
0.80404276677120345,0.55761678177508678,0.20634619910651336,-0.59036490488355131,0.78994342018653307,0.16570658401475732,-0.070601050167438423,-0.2550547344920292,0.96434567149360761,-3.9035514079850109,-20.874209672291492,-1.669503437733443,,0.6270290022790743,0.2659574468085106,0,2
0.41244476211683989,-0.90001987415266238,-0.14090260584037811,0.91054079194926629,0.40246721073131969,0.094528358086630654,-0.028368722191635568,-0.16728529647394902,0.98550030197095129,-7.8332037079810748,16.006094375543068,-1.100378298806566,,0.2531160066905925,0.2173913043478261,0,2
0.064059365207056948,0.99258806784413001,0.10327306184444374,-0.99790642476484848,0.062790238685247815,0.015496881585914135,0.0088974795480028079,-0.10404957231679052,0.99453231287796084,-5.9594378362740708,-23.971611317619892,-1.73651440265297,,0.1023026059967559,0.625,0,5
-0.20845298597875858,-0.97797458240290025,-0.010633381889754745,0.97802727297831449,-0.20840441165261708,-0.0055004103782075025,0.0031632178460601263,-0.011546314459619711,0.99992833576974849,-28.040722408585186,13.654400072074589,-1.7473668257176289,0.1821048537887905,0.2042551216036718,0.3809523809523809,1,4
-0.16571548010401588,0.93323896259415051,0.31875291112410148,-0.98589759888035466,-0.16442311100895501,-0.031160312708445253,0.023330327384046952,-0.31942147589404596,0.94732550718421094,-1.01580577280841,-20.383194732224275,-1.5990925580257422,,0.175940941192585,0.3,0,1
-0.99109566893921019,0.10027835139707997,0.087599242297082477,-0.11345697681139408,-0.98034387679149682,-0.16141064912277897,0.069691387005554731,-0.1699121404682486,0.98299184894827052,0.74674796579399683,18.613931822453438,-0.83468821310818075,,0.1304115513954615,0.1818181818181818,0,3
0.9351167190785562,-0.35375113373837991,-0.020417078110461517,0.34547390087791924,0.89739565275006339,0.27446097397896552,-0.078768683573812337,-0.26370661312166532,0.96138146262758273,7.976066868884109,11.448790498506746,-0.96902397782287442,,0.4906738672298298,0.3947368421052632,0,2
-0.70220891267349983,0.65892286567550373,0.26967257934740668,-0.71035861880567164,-0.67389297065083675,-0.20312286133246826,0.047888157726099334,-0.33419892459038925,0.9412851869397646,14.991611998633939,6.3289472923232877,-1.1019887310881706,,0.2526542666122267,0.1333333333333333,0,4
0.99605779699050556,-0.07956189181025021,0.039227164388928572,0.064709089374584083,0.95417014394714206,0.29218499303044926,-0.060676179895689478,-0.28849478638524068,0.95555698910206366,-6.860864599516586,18.846311234069208,-0.98174406799548575,,0.1974046278960441,0.2,0,1
0.36399567156258356,0.92393709494842147,0.11767495766719495,-0.93119077860641752,0.36367938249918397,0.02492068585305757,-0.019770809848826846,-0.11864885723547633,0.99273942389462788,1.7595218658578236,14.828846745408681,-0.94059097365632049,,0.1050550856462458,0.4888888888888889,0,6
-0.42140989212973184,-0.90662345864279481,-0.021156725970319899,0.9068564809446561,-0.42116009609270011,-0.015345892866197116,0.0050025777236466012,-0.025653025119133224,0.99965838991045053,4.6350799915398966,-22.700180267759539,-1.5826573280035283,0.2693900077614963,0.1502868457787999,0.4230769230769231,1,5
-0.91237731202105843,0.39309384263898806,0.11421414705956361,-0.40397758550264845,-0.90970156311523898,-0.096151840737148664,0.066104091557781033,-0.13386671335700345,0.98879216832169281,-4.938878795884011,-25.474671035606189,-1.7241453785069611,,0.3756465239187138,0.3561643835616438,0,2
0.22090501611285798,0.96632118074740692,0.1320013238384968,-0.97528734304792764,0.21832295003678528,0.033907049086428546,0.0039461812796762552,-0.13622945763003358,0.99066945169775722,-5.91483074167125,-21.308407082326841,-1.7382591873591997,0.4314517137247007,0.388122568676143,0.900523560209424,1,5
0.84742100101583218,-0.52598151583537911,-0.072257124471157369,0.52773978892256956,0.81962744748469973,0.2229384724933674,-0.058037593207206452,-0.22705570314183052,0.97215088615167256,12.309467424024691,9.1784834689679382,-1.0327855695551127,,0.4710738425145726,0.2444444444444444,0,1
-0.81049334265148565,-0.58525954369743471,-0.023912507787582759,0.58124653513479985,-0.79854309932624068,-0.1564652802133138,0.072477630420776151,-0.14071313026690649,0.98739394775291045,-10.691983408445836,-22.53280512698224,-2.0234294998234184,,0.3846619192179062,0.4,0,3
0.37715461961310209,-0.90799359211873942,-0.18248843682766572,0.92606538850047981,0.36705856666280617,0.087583702027841909,-0.012541496160818517,-0.2020288229702755,0.9792992727268276,-19.886854778667331,-28.908435458589189,-2.0638991733573611,,0.4109946081467486,0.2727272727272727,0,4
-0.71440673531834731,-0.69972874051738354,-0.001645061013151458,0.69864241157692852,-0.71316260770041773,-0.057427134038827668,0.039010220170546471,-0.042175640740787321,0.99834834504312642,-0.61070443091219262,9.6368812138550641,-1.0816300602181057,0.712186388880901,0.2830705157989526,0.6129032258064516,1,2
0.9869677414828909,-0.15890293694519964,0.025387672251545645,0.1487966564628663,0.96126458455673491,0.2320128304694386,-0.06127179039030705,-0.2252115785370695,0.97238136170702516,13.022511785928613,4.697515250004809,-1.1316646074476919,,0.5616436873614864,0.4705882352941176,0,1
-0.18792198681446126,-0.96469760217865841,-0.18450979167094117,0.98218181958167761,-0.18496788983688045,-0.033252864726490819,-0.0020494279523994166,-0.18747110732067568,0.98226797960894008,19.188285389753133,9.7185510685672725,-1.0354465963866855,,0.3006123965509027,0.15,0,1
-0.99554590026525036,-0.08183933856156074,0.046804734043230781,0.074815028696602628,-0.98787943499862541,-0.13600343152995154,0.057367865100401545,-0.13189596116106792,0.98960213393222796,-22.372881358817022,16.69507824322989,-1.4173066995814856,,0.623137748867683,0.9230769230769231,0,2
-0.786491450214997,0.60405584684344538,0.12863799062858355,-0.613664362290679,-0.78781873413835224,-0.052513737202940849,0.069622188942075322,-0.12024215581439421,0.99030024476015444,-11.373461411009211,-28.958648055794239,-1.8472800906803613,,0.1280008469001486,0.5333333333333333,0,2
0.99758661773263613,-0.0012314738984103765,0.069422068485439081,-0.0051847699728450663,0.99572999981720667,0.092167703803198192,-0.069239138361826463,-0.092305205357352066,0.99332053778367457,-10.046533151996119,-25.417090172868761,-1.8735515735968673,0.2333208488102769,0.2513325780719902,0.8181818181818182,1,5
-0.72162562932587038,0.67108496808785023,0.1700041667329697,-0.68998760504489531,-0.71719185824257869,-0.09773915978238927,0.056334323324701681,-0.18783185053948315,0.98058433596425665,3.4117939955370549,10.652860064843635,-1.0103691316490926,0.424542433867697,0.1780514746290685,0.2068965517241379,1,5
-0.072040158501571444,0.98199105533872499,0.17465332174856493,-0.99713339603689954,-0.074969596728270735,0.010224973071944627,0.023134521196471754,-0.17341605116349443,0.98457689751886435,-6.2338848847382033,17.180283535173565,-1.0578279307855543,,0.1619245233836503,0.16,0,2
-0.55622553749046877,-0.82620290640262606,-0.089453389512606021,0.83099051627672849,-0.55189912635612792,-0.069728876267157666,0.0082409527105131025,-0.11311990001408978,0.99354716793880815,-3.7112083513800105,11.072359520983548,-1.1294667364482016,0.3194607964248028,0.3924045477788708,0.4310344827586207,1,4
-0.43123246524685377,-0.89058813422911065,-0.14453835507378096,0.90211992170718491,-0.4229830606831752,-0.085234835801553804,0.014771857572610994,-0.16714695793045931,0.98582132594017746,13.880664957871272,11.407019768120469,-0.96929830880980017,,0.1140429105826072,0.2857142857142857,0,5
-0.98459181298309661,-0.17041957075249875,0.039193516188173218,0.16746910909081283,-0.98344915590087245,-0.06915095992240558,0.050329507319145768,-0.06152176576135307,0.99683600107069603,-1.0208853927324977,21.051531552264155,-0.83965190696408065,0.36496926148137,0.3874787512642757,0.2608695652173913,1,4
-0.99781431470190884,0.020774985707066596,0.062729525303747369,-0.030704084193220474,-0.98635680017335436,-0.16173287224815822,0.058513695745679363,-0.16330542771339418,0.98483881152680475,15.624820770232095,9.2501305118438228,-1.0520841263440259,,0.4304160352657786,0.1764705882352941,0,5
-0.96033680279533229,0.2655164781008818,0.085171738585899368,-0.27281439552808318,-0.95784167794458308,-0.090064563425100747,0.057667415318248962,-0.10972839126320665,0.99228733205725395,-1.0304578053389177,16.788605275370681,-0.95526352621983002,,0.1107390353552842,0.3846153846153846,0,3
-0.70248968164420267,-0.70111530812128087,-0.12225208342367455,0.71095038212806205,-0.68347481429878287,-0.16556488870291342,0.032523857941373427,-0.20322279138238047,0.97859220093324051,22.667089183761849,4.5933896983682159,-1.1661843929343012,,0.4410795642933836,0.4210526315789473,0,1
0.95348305312794757,0.27474125854615356,0.12404558940278104,-0.29466983550233505,0.93624082239267215,0.19137087168772543,-0.063559070500083303,-0.21902137644067685,0.97364771925948501,-25.93475718301902,12.783087254959423,-1.6738614527559366,,0.4250824355570828,0.3095238095238095,0,4
0.84476139782142423,0.51342794410516079,0.15089707406952435,-0.5337297492860239,0.82882206115752644,0.16788849176066009,-0.038868180789351198,-0.22236397448898751,0.97418865081235106,-26.134742000526241,18.54882266921074,-1.4964462598904287,,0.3100160084417213,0.1904761904761905,0,4
-0.85848202342667812,-0.50832899656673536,-0.067898797505511171,0.51082307892623957,-0.83583093728485225,-0.20111296903443068,0.045479638186283276,-0.20733614139117912,0.97721201741662145,-9.9969665099750813,11.600703684180452,-1.2817415729113448,,0.1307877560348096,0.2,0,5
-0.99790327627684439,0.011453360333951503,0.063701426459701366,-0.014270593410218061,-0.99893189497168122,-0.043947916583229468,0.063130035321234498,-0.044764827100603463,0.99700085701818386,4.4982145904280317,17.320336017075761,-0.88953966221390279,0.2842515539754414,0.1224879234095718,0.5882352941176471,1,4
0.61431632541324166,-0.78822024128476798,-0.03639098184654195,0.7876248725235715,0.6097664903377451,0.088497951634020425,-0.047565875509664811,-0.083028178892300367,0.99541137676682589,-17.773196931298671,-26.891947495830216,-2.0908534966631263,,0.1014967469656071,0.4736842105263158,0,2
0.99746767498788047,-0.044485217265352303,0.055491466002687957,0.031372070195217983,0.97543385000361027,0.21804723680615992,-0.063828133028778114,-0.21575418816790021,0.97435932782627566,-10.067639934851456,-19.597512578426947,-1.9580775554158361,,0.2703997152463796,0.4181818181818182,0,5
-0.97674988478522684,-0.21369912891329315,0.01709809561750911,0.20888841915410825,-0.96662800319309716,-0.14831025516201848,0.048221270362189088,-0.14129043047788198,0.98879306396233946,7.5382209703269618,14.340425730075721,-0.88869978981975306,,0.2361470802966407,0.5,0,5
0.43718090145496502,0.88889132275777527,0.13691265730003796,-0.89937171527764825,0.43177356513798293,0.068571905373687986,0.0018377055166862613,-0.15311369884490941,0.98820687007552488,-14.821076166188059,-28.865725638308934,-2.0096543664710467,,0.1560378224736609,0.3103448275862069,0,5
-0.56188679824140619,-0.82687274009734268,-0.023763367731301662,0.82711266971134212,-0.56113608485775279,-0.031795060520280895,0.012955985682187837,-0.037520207281201638,0.99921187767188702,12.093546838381149,10.245036141020886,-1.0022348695703753,0.3685943213167368,0.1138408054633215,0.2,1,5
-0.58091997781837434,-0.80617755360170906,-0.11229306051695866,0.81316926353822805,-0.56872361039376762,-0.12373036740176571,0.03588493009882552,-0.1631907076075218,0.98594171467808422,12.659971710549371,7.0212722176777813,-1.0720261725251703,0.5116761026058178,0.5662284809032346,0.2878787878787879,1,3
-0.94163661789015751,0.32489755838323875,0.088102533476607042,-0.3328138304129013,-0.93781144336243838,-0.098714998781104873,0.050551302003799016,-0.12227539922270099,0.99120799664381787,19.436173713341578,8.8308934677912063,-1.0321791615057163,0.4088250724990029,0.1690091535350077,0.2666666666666667,1,5
-0.79032010223165294,-0.60997053527720435,-0.057706863562238878,0.61144224666002012,-0.77918132728962397,-0.13789430083410709,0.039147349947309625,-0.14426505223657229,0.98876442072683934,-10.689068529689651,21.044464006274811,-1.0341885886314828,,0.1278653584809181,0.1764705882352941,0,1
-0.67867219085135333,0.70730162324081858,0.19780917856845667,-0.73354782792487894,-0.66607945679637004,-0.13507679808370052,0.036216591663440163,-0.2367753597711468,0.97088917364111516,-8.8909300866993242,-24.401276271946717,-1.8313010886095271,,0.2855904283175327,0.1333333333333333,0,2
-0.98452737914768229,-0.17046981459659741,0.040569471527233079,0.1691765175465138,-0.98501806732178598,-0.03344716670345374,0.045663394742740587,-0.026066249462787169,0.99861674581368487,0.48464556716992496,15.453388029686113,-0.95708235349252202,0.1652847740241855,0.1510546474147257,0.6379310344827587,1,7
-0.9400333107236003,-0.34096208694961139,-0.0090680754846034443,0.33687031453584504,-0.92393041578530799,-0.18130355200963438,0.053439366711720095,-0.17348614368229809,0.98338537310440843,20.580571614608626,7.0195038513094365,-1.0881966589377428,,0.2171348790604947,0.25,0,4
-0.92513166662722723,0.36725995182172527,0.096184859470884634,-0.3762416266467502,-0.92077678384053141,-0.10301627404684946,0.050731033714455066,-0.13149236528480368,0.99001824230166147,-4.3657696240594124,9.8130777608264825,-1.1610404628187223,0.3184905118170194,0.3328622495477788,0.4927536231884058,1,5
0.17761965027490825,-0.98405192463821001,-0.0096472510101682923,0.98409244252399053,0.17764625565720382,-0.0019678460663530807,0.0036502607283280535,-0.0091442586801380524,0.99995152789012987,-16.637406091826254,-23.856329065003859,-2.1094198474996966,,0.1568903277694296,0.2142857142857143,0,4
0.19598241792881502,0.94027508568088125,0.27834089730147021,-0.980576775609035,0.19015941558464275,0.048047724198929172,-0.0077510643762331499,-0.28235112876048402,0.95927981376067584,20.418742022037787,9.5699925162700819,-1.0315424369748609,,0.1452354763952143,0.1428571428571428,0,3
-0.92800505885510631,0.35191102516568651,0.12233250224763303,-0.36795335204208579,-0.91721382628839609,-0.15273875600643669,0.058454610257228506,-0.18675499252292146,0.98066591217776089,3.2711809513708556,9.357809191213871,-1.0551114307707528,,0.1046711153607651,0.3658536585365854,0,5
-0.93574085525812234,-0.35088951407746038,0.035575282307836631,0.35013989919770894,-0.93634534950887549,-0.025679514070957275,0.042321422360511708,-0.011573044698174578,0.99903701725501537,-0.62422409874512574,-27.193621847468744,-1.6586070391280789,0.3123437072233431,0.2301669572425991,0.40625,1,5
-0.69766028260214941,-0.71539028615554956,-0.038559934566468876,0.71570612772425657,-0.69352962751465219,-0.082349222809557615,0.032169377013544012,-0.085049363511251461,0.99585728744077162,-14.997492585041615,-14.073232518757361,-2.0815732679184569,,0.3536117390489172,0.2564102564102564,0,1
0.95409803516670044,0.27304959470655626,0.1230481943046165,-0.29129658114107537,0.94151246012908785,0.16941248253063684,-0.069593398440959561,-0.19747963503171112,0.97783360171410527,-14.234576716912114,-16.784745544401847,-1.994898016177415,,0.586987173221542,0.2894736842105263,0,2
0.57384627480760009,-0.81880605903343062,0.016034044392582155,0.81769403203891444,0.57393675715538783,0.044419238556070106,-0.045573269110125686,-0.012378872165929467,0.99888429793771216,0.23269931054755416,-22.901473401287259,-1.5982806192433379,0.2971017383562792,0.2742408975189533,0.9166666666666666,1,5
0.25649444240975566,0.92814153088360973,0.26974784459183571,-0.96637345089559823,0.24099041784883876,0.089699341743278441,0.018247038582848402,-0.28368453809482586,0.95874403697174782,0.12855487323193379,22.371560845270206,-0.80819412378019762,,0.5409350001459567,0.4444444444444444,0,3
-0.78085576785738742,0.60361583317781708,0.1609726552582772,-0.62240192226537061,-0.77383428006576793,-0.11745788247481187,0.053666721198728277,-0.19190735507568446,0.97994461583481007,-24.507605040043639,-27.919704812442877,-2.2027688913225227,,0.5155676085511232,0.25,0,2
-0.60089842894429146,0.75020752072903807,0.27587996290755212,-0.79794797615139279,-0.58325512696240622,-0.15196211444950236,0.046905281666124711,-0.31145165389456114,0.949103662324703,35.675488852064589,1.3731326414915435,-1.4642082706377832,,0.3252904561225259,0.1666666666666667,0,1
0.37554867054242086,-0.9256022254414813,-0.047156296627257913,0.92607566288067622,0.37275310285351559,0.058642910340406404,-0.036702352430554273,-0.065693565673163645,0.99716462670674855,15.379043738430809,13.767195018089355,-0.92484219966894587,0.5602784766581894,0.2083369081136294,0.25,1,6
-0.993736480047821,-0.10189894008870998,0.04587389487458559,0.09529600341034046,-0.98713655313462545,-0.12837483086457047,0.058365057664525731,-0.12319915370767844,0.99066416538074509,-18.974415488576074,-31.831456770884014,-2.0350466254875803,,0.3278606902281362,0.1724137931034483,0,1
-0.91474078991802321,-0.4030785351769679,-0.027874392186082932,0.40107801794665188,-0.89752881967387288,-0.18324421239103877,0.048843738392335405,-0.17880076155994631,0.98267216144828606,-15.064450922877485,-33.670066917194596,-1.9144823776893762,,0.4490583883997315,0.4318181818181818,0,2
-0.90844548748989551,-0.41797756190829827,-0.0046426286133443347,0.41513280526432655,-0.90085189901285345,-0.12700633857531235,0.048903478941866259,-0.11730564260141431,0.99189104036746512,11.893566426745291,12.712650502254515,-0.92508436523591464,,0.3842106396979735,0.3636363636363636,0,1
-0.96657572280487891,-0.25488743229247313,0.02763636994211937,0.24571052151925421,-0.95172352772001123,-0.18398007065689151,0.073196391297411942,-0.17104012290550016,0.98254138063366514,17.665535871011141,11.192232255738999,-1.0273473359324157,0.544618673317672,0.2460936692916263,0.1052631578947368,1,4
-0.50511293842666727,-0.86298858464161254,0.010565141373692358,0.86241497729385275,-0.50517227323981229,-0.032270439863215851,0.033186237708167053,-0.0071886805457307421,0.99942333197639033,-1.7916454000546047,-24.105748675520491,-1.648611641405509,0.2939385730082852,0.2133485338805139,0.8275862068965517,1,5
0.99829469620204769,-0.0018627420793509407,0.058345777283421579,-0.0033190747460875841,0.99606269187750462,0.088589489176586295,-0.058281071349887741,-0.08863207118015709,0.99435791980585342,3.1762325493672714,-20.577507894667761,-1.5417005390674992,0.1938247131555794,0.1192722267828681,0.4047619047619048,1,5
0.95720866192863774,0.2796476391909381,0.074490102857508192,-0.28595918046178204,0.95352926600152466,0.094917258642568975,-0.044485105804227786,-0.11215675090483469,0.99269428254022796,-15.198023743440976,-27.940441766837772,-2.0614384175153901,,0.1579048983408938,0.6363636363636364,0,5
-0.99235631602593977,-0.12023015793060292,0.027814585515694702,0.11169013106900699,-0.97088926364427774,-0.21189467280246232,0.052481012425597065,-0.20716840218589508,0.97689661503688796,21.155936632361744,5.2556492521629234,-1.140137321501119,0.2751458776851047,0.4414518053829323,0.4642857142857143,1,5
-0.73680385792439507,-0.67387598898158485,-0.054874642794458917,0.67501642508768922,-0.72858185914377449,-0.11628112653581174,0.038378389877175505,-0.12271766784246034,0.99169928566564136,-15.78491307480768,-19.26352741977086,-2.0443792222413966,,0.5727879469721673,0.5636363636363636,0,4
0.91502149726329718,-0.40285566775720943,0.021046864420301337,0.3976891995255713,0.90957954444467848,0.1204506243592021,-0.067668014059405757,-0.10184479998362313,0.99249618467254153,9.3369860039662029,15.198985901364395,-0.84653180309098486,0.6877969086461642,0.4411467561194287,0.2448979591836735,1,4
0.72919625954297174,0.64209072420448532,0.23662695738038522,-0.68381579263253978,0.69679219188818975,0.21651005304600476,-0.025860719535051105,-0.31968757125389141,0.94717003751750817,-19.431036026244787,-24.201463112481392,-2.1372621791314428,,0.2296236969382862,0.2777777777777778,0,3
0.96443627876129701,0.26387808389213796,0.015199376647588173,-0.26042579096067386,0.93884217438837414,0.22528599377728056,0.045178220544515355,-0.2212322951811585,0.97417411172608537,14.171422994059037,-22.920154135023875,-1.6064018183182394,,0.4656643674227377,0.972027972027972,0,2
-0.95790402830032828,0.26044629764092991,0.12077913152170468,-0.27888942659628418,-0.94401653061303203,-0.17621996953277252,0.068121658074366639,-0.20248584141728926,0.97691295606452688,-8.4032503085922077,11.035482631378418,-1.299404066980238,0.4569385990067691,0.2233107763301519,0.375,1,4
-0.36581055930692163,0.91852855684158463,0.149959744485227,-0.93014037387654191,-0.36635113000482639,-0.025014684267347771,0.031961220007463077,-0.14863424844464415,0.98837560704669947,6.1156769125298913,-21.735367205378235,-1.5562706675669249,,0.283897843440842,0.2222222222222222,0,4
0.29828728750688366,-0.95333252367261179,-0.046709671587335549,0.95404618700523824,0.29632698620123282,0.044566695072239891,-0.028645543677041686,-0.057856862660409188,0.99791383208699092,13.37332450538208,-28.819258457029051,-1.7416382372517643,,0.4961645323133514,0.3157894736842105,0,2
-0.26045537605984198,-0.93421148626955708,-0.24374555586420968,0.96548256709596347,-0.25135572666754796,-0.068291370649726416,0.0025317415578322709,-0.25311893961822618,0.96743185428805789,29.014565655858124,2.9253916956700965,-1.3033701175960306,,0.5368339844150858,0.2448979591836735,0,1
0.32774150005052954,-0.92219294731282486,-0.20529412332337893,0.94435703542021066,0.3133672563597536,0.099953750774606401,-0.027844187849177689,-0.22662994190540336,0.97358285247582999,10.971013228619928,-34.233910459845148,-1.7981361019843032,,0.4975064966787586,0.125,0,3
0.15842449478998549,0.93396726748231473,0.32032299749183846,-0.98701456727791059,0.1585191570916748,0.025959984902612976,-0.026531555396109272,-0.32027616225152228,0.94695261574257228,16.392082980404645,5.8828254390528398,-1.0920615421041286,,0.4005563548336008,0.1612903225806452,0,3
0.99647686110594491,-0.060511174658704446,0.05807118925824889,0.058420628833310735,0.99760437705940741,0.037047766445929615,-0.060173876451198892,-0.033524686625460987,0.99762477915271341,-1.0104894322192506,-25.629162252783022,-1.6457052033434187,,0.06155842483530834,0.25,0,2
-0.6517320894435471,0.72094498574282007,0.23554959376282766,-0.75683882996625995,-0.63841719880165748,-0.14006593350828583,0.049399079392746938,-0.26955854244770239,0.96171613439133852,12.966719937493554,-30.5906376030687,-1.7651646451433007,,0.587432652869151,0.1176470588235294,0,1
-0.88107862181921781,-0.46770479059807396,-0.070375358079099698,0.47067780690802025,-0.85241755178864553,-0.2276987472229707,0.046506604449327922,-0.23374461759421439,0.97118514686352675,-22.635679997324878,-15.718141338620804,-2.1773522053634942,,0.7361262235833921,0.55,0,1
-0.34362857936569596,0.93306576033025057,0.10633760549515922,-0.93858260360089396,-0.34500700643631005,-0.0057325149474033409,0.031338405525486793,-0.10177648259390015,0.99431355815453537,13.068218474622377,-22.509552919288506,-1.5977352863001593,0.7106132217211847,0.7206008965062172,0.9862068965517241,1,4
-0.75123505347175956,-0.63897787824547814,-0.16538792443280556,0.65904379604264274,-0.71245096262773711,-0.24098734561905205,0.036154796818515793,-0.29003602700995551,0.95633254347182717,-11.758912102535009,-27.996641855072948,-1.8750644208301814,,0.2873033587134631,0.4444444444444444,0,1
-0.89960576068157005,-0.43665375759344194,0.006555251944951661,0.43397197832910339,-0.89555534765218536,-0.098229024818013891,0.048762663726034085,-0.085522600937421797,0.99514224478475466,30.70328630240504,5.3293175439950007,-1.3076372952742048,,0.1436886937738842,0.3333333333333333,0,2
-0.27194080244479357,0.93486840830228135,0.22818689516280274,-0.96186534282926583,-0.27130161015691062,-0.034792220254040808,0.029381324504177044,-0.22894649043963503,0.97299549962255905,-27.526976689642517,12.666159129742354,-1.7419607408806583,,0.2733304380085484,0.1904761904761905,0,1
0.17910341342830213,-0.98274736240116567,0.046147470048561533,0.98353498209082724,0.18000168955203191,0.016072671277992428,-0.024101997882480897,0.042508980838949481,0.99880532650066856,24.405299740913399,11.706368504951467,-1.0752628012979188,,0.4018917366205255,0.6666666666666666,0,1
-0.14731440000981952,-0.96464369404796979,-0.21854292732374972,0.98907910850087188,-0.14469521580164646,-0.028032332247518717,-0.004580903499007024,-0.22028580993246427,0.97542461383006451,12.592237120243745,-19.132689878850343,-1.4987278485710416,,0.4437046348076696,0.3636363636363636,0,1
0.80680552376879466,0.53737530743900508,0.24554556760608948,-0.58943175456817987,0.76055011509695247,0.2722750982603625,-0.040435795068710256,-0.36440540800164861,0.93036210428860122,34.085097107176601,1.7050094848232955,-1.4338538853981992,,0.3311401094376472,0.15,0,1
-0.79805313826187518,-0.60089571166066746,-0.045116872876926256,0.60103590466805745,-0.78839577935089,-0.13110277038092091,0.043209140355049268,-0.13174383784269703,0.99034162357251998,-8.9793675039506642,19.961712888407028,-1.0255730890867509,,0.3482077094769431,0.5208333333333334,0,3
-0.43117420081412361,0.85664566782709883,0.28327902913093639,-0.90146303261347416,-0.42227140643012334,-0.09513811088540787,0.038120983508041613,-0.29638667160415572,0.95430693778877551,6.7311740202658381,11.134524585592574,-0.97974299734559467,,0.3059315630968984,0.3333333333333333,0,1
-0.43838919095531481,-0.88223337360633292,-0.17169505452614178,0.89765328476918915,-0.42018947574544863,-0.13288861808240476,0.045094318895297678,-0.21237956344233122,0.97614621007071256,-5.6487594399724248,22.259065373980217,-0.89614851643709537,,0.6127436228892393,0.1666666666666667,0,2
-0.46432511481246208,0.87346066926272803,0.14652183115666231,-0.88476630238394638,-0.46491250343900686,-0.032325753075757878,0.039884557415538181,-0.1446472377793056,0.98867911815845688,-19.41879675104434,-13.657318027227635,-2.1047419996525885,,0.7347075978969602,0.4390243902439024,0,1
-0.95199493265446733,0.27684208095038682,0.13062966897024969,-0.30030387657351937,-0.92736698218632785,-0.22317719880297091,0.05935680175964677,-0.25169215833172826,0.96598541786053038,-10.260005373941294,12.766506837094642,-1.2343550009232835,,0.09014109348793437,0.5,0,2
0.62839760327696881,-0.77767536690471417,0.018370517286673924,0.77652549246988611,0.62851784659907606,0.044423823010427216,-0.046093510824875464,-0.013650648925191683,0.99884385568704326,-1.5251866521612667,22.150304312491571,-0.84801192995908981,,0.1148044261580879,0.3888888888888889,0,4
-0.64917904722063879,-0.75979390989571793,0.035774000825772763,0.7600281935860711,-0.64982204567822988,-0.0094049936126982016,0.030392591268234553,0.021083724432351077,0.99931564931209982,-3.111488045377425,-23.620460914989174,-1.6848436657357073,,0.08724700270786472,0.5,0,4
-0.98259145248520152,-0.18255305863358895,0.034473443206968546,0.17736583325818009,-0.97700977482428997,-0.11829311514379168,0.055275660969852772,-0.11011939284845487,0.99238012909521423,-3.9109640506485079,15.637163094143398,-1.069020951102144,,0.1468186296061525,0.1578947368421053,0,3
-0.9730309879189738,0.19223116222839684,0.12750637951783431,-0.22159185085532992,-0.93252240301102141,-0.2851298292305795,0.064091716968227519,-0.30569453405461805,0.94997005408865109,-7.2527308198133289,-18.871031778572291,-1.8663305411031783,,0.5301714381284293,0.2123287671232877,0,2
0.063449723996391802,-0.99789824201830435,-0.013161728669111059,0.99783415986695534,0.063205297350289041,0.018223056534757861,-0.017352865106060059,-0.014289470376440258,0.99974731262903205,-20.307530803475181,-24.040571336410377,-2.1374125687349719,,0.1048413419767414,0.1875,0,1
0.36410130935183632,0.91072885415516824,0.19494407079337639,-0.93110340179388928,0.36084503083258412,0.053266489383842062,-0.021833270394650432,-0.20090748600449407,0.97936688241497538,9.1717228142666318,-23.345950458684033,-1.5962077077261048,,0.2950579869686062,0.4838709677419355,0,4
-0.97317559312549762,0.19378660268881565,0.12400007081919119,-0.221151886366591,-0.93652910073534168,-0.27203875943025363,0.063412207825746955,-0.29216433063291647,0.9542635358246091,-15.778346506795536,16.489939335063884,-1.2475886072104869,0.4841515490728096,0.2853073549116014,0.5454545454545454,1,2
-0.42320111593600107,-0.90034112328873628,-0.10142325761727507,0.90509569198796858,-0.42520290146141576,-0.0020690417139462092,-0.041262620073668412,-0.092673374299041711,0.9948412144059402,-12.851433537046061,22.019521867365153,-1.0288487219139313,,0.2906437242651407,0.2,0,2
-0.97423870810704172,0.21531752945524849,0.067061920157507282,-0.21705207503327126,-0.97596191192903703,-0.019665787234967484,0.061215491092327455,-0.033715100075605173,0.99755498879872195,4.0042348244236443,-26.38763993989858,-1.6427598767478302,,0.08919193447234736,0.2105263157894737,0,4
-0.99436535892653999,-0.10178216286745115,0.029629787189841245,0.088406521737098537,-0.95045229055617364,-0.29803478033757996,0.058496323655761247,-0.29373599489770608,0.95409504003543255,-16.551170583911951,25.730174580618897,-0.9638640670087073,,0.2595976047229318,0.4615384615384616,0,1
