axis_00,axis_01,axis_02,axis_10,axis_11,axis_12,axis_20,axis_21,axis_22,location_x,location_y,location_z,dbh,dbh_approximation,score,reconstructed,number_clusters
0.9956482154653562,0.058298791856156343,-0.072704070785370251,-0.020969913978246039,0.9003067237532083,0.43475057892141916,0.09080139728218134,-0.43133403996540387,0.89761130352660257,-13.966010779127435,5.8913491894598788,-1.9718017254162121,0.7076182707366492,0.6969924155598285,0.353887399463807,1,1
-0.95841430433603303,0.28014857598093429,-0.054394821627914806,-0.27908955242213013,-0.95990398317084158,-0.026331821463172797,-0.059590628230394897,-0.010055767927311068,0.99817224894228507,-30.047370458146077,-30.141550889995926,-0.097125901867165298,,0.2809403795760341,0.5,0,2
-0.62548915337150723,0.77567595427693969,0.084202927331267677,-0.78008499776908424,-0.62381912748410207,-0.048136186394252663,0.015189314342784137,-0.095794102853636473,0.99528527296864167,-20.000898862767684,7.4222529833213127,-2.3994412658142341,,0.4549226725430588,0.1538461538461539,0,4
0.97610931712631133,0.21670679330774723,-0.015772341407698596,-0.18949655713495725,0.88456534347640314,0.42618682283063647,0.1063092463203721,-0.41301612420672845,0.90449766461392711,-9.5683596692172355,19.227609608716687,-2.9230279170177575,,0.5021591101990985,0.3157894736842105,0,1
0.99175786559413337,0.10649177525896214,-0.071244914445630372,-0.082904355654494569,0.95732279563864286,0.2768753018312175,0.097689323089494032,-0.26868674465408487,0.95826104449753591,1.1136511284157256,-22.3660222160469,0.35956030527525895,0.1751309161753292,0.1213986853533449,0.3181818181818182,1,5
0.51233523942485493,0.85778521623358206,0.04143821007939455,-0.84850877236169253,0.49817226499287831,0.17848601518639989,0.1324592981588337,-0.12660536008784543,0.98306948743631384,-14.122767392525851,-21.967249243297161,0.14571674404911078,,0.1503335818576783,0.3548387096774194,0,1
-0.97249902393389054,-0.17757956273002926,-0.15070218096710605,0.20649559253703911,-0.9566799663959934,-0.20523891482693579,-0.10772752067326094,-0.23071398049787262,0.96703973056561632,-17.636646755983516,12.774629125554505,-2.7901890479239988,,0.5622706168181374,0.4,0,1
0.94425302098774144,0.32470224018741833,-0.054357037932521418,-0.30494256801718506,0.92484468053724511,0.22731552321178389,0.12408167699789489,-0.19806759477318522,0.97230291850541961,-0.81219446478437363,17.582230269521681,-2.4798931852763109,,0.1405719846133437,0.25,0,2
-0.96112555206302908,0.2724514380919944,-0.044809452720852037,-0.26996146485975558,-0.96132177115199824,-0.054600913911406146,-0.057952399970260964,-0.040381508030160961,0.9975023073391347,-1.2716888156186861,29.036565130667935,-3.2616554623686116,,0.1987443204940896,0.3333333333333333,0,1
-0.94437703543179907,0.32628356597119529,-0.041122372574631964,-0.3250172733348583,-0.94507441814498916,-0.034613815188220591,-0.050157621385192294,-0.019323010765168746,0.99855437221612953,11.961749461572603,8.1543132010955492,-1.2776323533136182,0.3674552303992084,0.1099857907054696,0.2307692307692308,1,5
-0.048785060834591547,-0.98554325390169162,-0.16224830516289401,0.99292968345902277,-0.065453458114705154,0.099027715952616349,-0.10821581005255532,-0.15627008514009616,0.98176830206774202,-11.960596756870565,13.210447878003045,-2.5534606550598746,,0.1194001832871276,0.24,0,2
-0.9915267020534495,-0.092315807146260365,-0.091392509900680069,0.08748879939708977,-0.99461869836695926,0.055491934899345695,-0.096023481998244606,0.047025914236215785,0.99426759692508448,-5.0155073667318861,17.125051953785725,-2.5370189011382749,,0.08453448552508362,0.4166666666666667,0,5
-0.046987919116557419,-0.9667636094019344,-0.25131704875165395,0.99523641274756758,-0.066824922737261233,0.070985297368637387,-0.085420244663959269,-0.24678442665067912,0.96529831066061944,1.6751217602325721,-29.539602764193297,0.8684007643444166,,0.3094556680421344,0.4,0,3
-0.55272511661934809,0.82305947720444328,0.13064471838569808,-0.83263237221209307,-0.55197784311831588,-0.045208333865740233,0.034903842232517274,-0.13376680339457225,0.99039798268524704,-15.074773501934365,-22.418718973387453,0.099819346313204049,,0.2327148569894807,0.2727272727272727,0,5
-0.089777965384842687,-0.98058626560164197,-0.17432869139870275,0.99269849355392781,-0.10226007545713073,0.063973258970168603,-0.080558164248698577,-0.16731244030534043,0.98260721017706332,-15.863628194644139,-25.645941727434888,0.34170048005822196,,0.3539822411676727,0.9298245614035088,0,5
0.99765655009432685,-0.0039570205527889677,-0.068306295773025577,0.018499103749643378,0.97674434195926829,0.21360775643926846,0.06587253763403364,-0.21437078261484863,0.97452859185698171,-8.1885521282433302,-30.711725484201569,0.84336999416653236,0.6306128432829339,0.3339531855917338,0.3090909090909091,1,5
-0.98881816910314724,-0.12054948676796702,-0.087786386709332226,0.12005543218935943,-0.99270728893601123,0.01090558091719224,-0.088460848138183515,0.0002444039588131462,0.99607962463518895,-2.6540547442450944,-25.696295967402087,0.54764054481516122,,0.2690729982222365,0.3846153846153846,0,5
-0.53781938288389686,0.84305581459482137,-0.0026841893091011865,-0.84014024041337809,-0.53568923231173582,0.084861197395600815,0.07010483458746837,0.047895092265553864,0.99638916709503544,-1.8348081353522427,8.3957677998787315,-1.7396227953200547,0.7863531366214722,0.6019089038089058,0.5608856088560885,1,4
0.86521913781155491,-0.47276934605318666,-0.16698799057738495,0.50072993278256883,0.83187756998968321,0.23926814030209886,0.02579492159698972,-0.29063525935526618,0.95648615674211568,23.468684867040917,7.8207891016286393,-1.3164948855963421,,0.3476124056765627,0.1875,0,1
-0.6072179973138554,0.79444296360339739,0.012111206347972359,-0.79371973026961073,-0.6072147170746679,0.036045487216422235,0.035990186424759797,0.012274565124005861,0.99927675922745707,17.601244748602511,12.547437520275507,-1.5219727092837496,,0.7808715254180457,0.6037735849056604,0,3
0.74705920685904736,0.66403343722389729,-0.031018312264674875,-0.65076690087143041,0.74006256175572882,0.16973463234632824,0.13566496296880118,-0.10661612887441517,0.98500153242850808,-1.4698529826669375,18.209118132320803,-2.5461803095605267,,0.08941506462955683,0.2631578947368421,0,3
0.078047070461980311,0.99663033580919225,0.025231498908328358,-0.99490543826916644,0.076242176454806521,0.065956799739480487,0.063810843081270011,-0.030250690476292339,0.99750341955853306,-0.52412928323429353,-28.968693704566427,0.7460097847133359,,0.2021703518883679,0.25,0,3
-0.76396512445144349,0.64522006408712407,0.0069539572402814755,-0.64524207503729447,-0.76382784727818487,-0.015155339783136594,-0.0044669031172288121,-0.016065136842967672,0.9998609694126277,-9.2308348396845652,20.768560454282216,-3.0094950212700176,0.5266695769591526,0.2176395003797688,0.32,1,5
-0.88685644470156755,-0.44774222526333507,-0.11407254800140351,0.44495371839190856,-0.89414137926709458,0.050273077999585226,-0.12450636522085826,-0.0061720011807472001,0.99219961268935974,-15.550635508607575,9.8574338320669739,-2.4196828556046142,,0.1220613338406601,0.2105263157894737,0,1
0.89244382409979051,0.43461855284131312,0.12104021791233557,-0.45043276507535795,0.87355440638128568,0.18442619997822401,-0.025580167566113504,-0.21911050321233605,0.97536467149950001,-14.22657818728883,13.877850011057793,-2.6780367660569664,,0.2335573837336367,0.5277777777777778,0,2
0.34173796503635767,0.93962727232200116,-0.017769422093182462,-0.93146886171045296,0.34116100589716797,0.12639196065836886,0.12482356715237432,-0.026641268061957098,0.99182121368692666,9.0981436386579517,15.745615327369071,-1.8893981968441174,,0.07812960106730568,0.2352941176470588,0,4
0.91728382280195464,0.39368444095564975,-0.06002457309528221,-0.37824917020214688,0.90844601089864041,0.17791405375555919,0.12457107877521362,-0.14049343839406311,0.98221364279926104,-0.1191289668139964,19.280007010403043,-2.5860928211039833,0.2599996074144946,0.2645425506585706,0.6153846153846154,1,5
-0.74202833670741464,0.6562069497497568,0.13706344014122657,-0.67036372206966488,-0.72712101007700414,-0.1480118807309144,0.0025352822589594882,-0.20171136756444211,0.97944172697468312,-21.310321134686845,4.7957283417091574,-2.1995582133874185,,0.6355698970301791,0.3846153846153846,0,1
-0.0051319806510953213,0.99166819577300502,0.12871616940738556,-0.99673873526042545,-0.015438924442245735,0.079205638962862118,0.080532952299325403,-0.12788991009606906,0.98851333551428389,11.464579564002044,14.484201285703067,-1.6362574867558997,,0.3147801263267828,0.3125,0,5
0.97280845836833274,-0.20377802974822598,-0.11008277757650431,0.22706702678768453,0.93279876674699203,0.27986965912919387,0.045653791439791924,-0.29725574064636878,0.95370580158660545,21.744357903038569,-25.196426643661905,1.0021304559972775,,0.2942830277462223,0.4090909090909091,0,7
-0.65866500945554096,0.75207986348598843,-0.023157812025959866,-0.75221289245529677,-0.65740753860664813,0.044621660739879603,0.018334932314265018,0.046810331360138055,0.99873551210267164,-21.533980129009713,11.339615305273414,-2.8549919283304619,,0.1988204878034349,0.3333333333333333,0,1
0.99066306879099109,0.11786905167677335,-0.068509640127756566,-0.098074434660520821,0.96520007608190694,0.24242569665260591,0.094699996830178421,-0.23344314037533886,0.96774800997577082,-10.006732157272696,23.299415338010874,-3.2135085653364976,,0.2304245524845074,0.3333333333333333,0,4
-0.28700779786977121,-0.92615434682088249,-0.2446725359061149,0.9520733048413047,-0.30398853439784085,0.03387319239766063,-0.10574944997729642,-0.22322431950716587,0.96901390960608091,1.802472886634916,-25.148244284068383,0.54086324346036063,0.6553845206754674,0.6023754200694189,0.4888888888888889,1,5
0.20949293190882651,-0.90944535588988029,-0.35919612488245695,0.97444325819137079,0.16371673914815441,0.15380886153951437,-0.081074336541411857,-0.38223811161764726,0.92050039542704465,-17.155480739436896,14.239777163453599,-2.9049667087020086,,0.3456691299791247,0.1944444444444444,0,1
0.30864168842926742,-0.93718316592280471,-0.16256697596510988,0.94876029472511114,0.29114832628205922,0.12282733920539335,-0.067780611657407244,-0.19214672938685454,0.9790226877193825,8.7759298330351498,13.413308128264591,-1.703125873936403,,0.09302424168309588,0.16,0,5
0.54696326832625197,0.83499394224663692,-0.060135675877860138,-0.82682685846149884,0.55006830929493822,0.1173976202318408,0.13110503128620107,-0.014490394088181717,0.99126257835682252,9.4379064777662709,12.573991867503079,-1.5938624673579687,,0.09261557783350929,0.4,0,5
-0.11751657348672929,-0.97044824790987327,-0.21076065354946188,0.98328240520524257,-0.14343238728991844,0.11217335641813048,-0.13908834088352715,-0.19405501386197946,0.97108037001336589,-5.1609927667211046,-31.979079670067279,0.93972210883704677,,0.3510598209248392,0.125,0,4
-0.46257705489146356,0.88638409171637755,-0.01859328481123777,-0.88657078168274739,-0.46238024038146708,0.014027201118503316,0.0038363204222463571,0.022972924430916544,0.99972872689980696,-28.872910076813287,7.7402168932951536,-2.8703488051153139,,0.3088202318202391,0.5384615384615384,0,2
0.94545356960420146,-0.29972411420089784,-0.1276048709460591,0.32410577229997345,0.90487817662563752,0.27595458653281901,0.032756618941995559,-0.30225972413331609,0.95266261765765758,17.567157584145836,-23.539732885384129,0.77133189973210881,,0.4706784384982494,0.1052631578947368,0,4
-0.8920398493017434,0.44445043155804848,-0.082028782421711077,-0.43556861916254086,-0.89384736719394764,-0.10638074149622588,-0.12060217766923433,-0.059166697121891709,0.99093613149038307,-7.2270365742594915,7.4045207639329513,-1.9781748069415155,0.6861865324707402,0.5119590008503669,0.1294117647058824,1,2
0.83171728160971248,-0.49708006581394326,-0.2473009737994491,0.55493089097678439,0.75814259942530893,0.3424492738732961,0.017264695521849432,-0.4220559288850726,0.90640538567546913,-12.797671686775907,18.406864479085737,-2.9776631353390171,,0.7110646926867665,0.3461538461538461,0,1
-0.982722953586185,-0.12954081754213076,-0.13219218239125086,0.14469783014329518,-0.98307923097694838,-0.11232881898068199,-0.11540422196205578,-0.12951603071546441,0.98483880068823648,-12.364257060287914,11.376800037363477,-2.4043999488612164,,0.174052946625996,0.1764705882352941,0,2
-0.55028933436437177,0.83334363145550761,-0.052154006532222179,-0.8342396560283688,-0.54611261841490755,0.076191891416880764,0.03501206641266711,0.085436525681700154,0.99572825373439844,1.5476728390143553,15.826155681675791,-2.1917739099279734,0.0943564367526047,0.09691985538866588,0.3636363636363636,1,5
-0.97764882084016391,0.20123461047066116,-0.060888542917019638,-0.19940218157857004,-0.9792971304959619,-0.034869760310071239,-0.06664497799192004,-0.021949071759326224,0.99753530521849709,-19.512641080979638,-23.388109920052472,0.0057204512857079552,,0.4536260326527242,0.4594594594594595,0,1
-0.9212435960396913,-0.32296299448662535,-0.21680669027520819,0.36203444155350001,-0.91573936184963745,-0.17421964380707497,-0.14227192233502495,-0.23899022020043162,0.96054275009686363,13.636478866772215,14.703667333989769,-1.6857861603383428,,0.34242659223099,0.3333333333333333,0,3
0.7037225037609377,0.70404287682213862,0.095384827391174196,-0.69527434553567069,0.65480906509181691,0.29634215480340548,0.14617873354350203,-0.27486126658659543,0.95030682518333531,9.8760809967764107,-26.161523192653249,0.76820148878379502,,0.2999705810573903,0.2352941176470588,0,5
-0.97318674640154146,0.2254573151169123,-0.045569240597776173,-0.22026961033777662,-0.97053626369877211,-0.097676300130967064,-0.066248436887437506,-0.085019761855135656,0.99417442368231845,-5.3938414722570034,9.4638454905644327,-2.0353494403760424,0.3675631518573728,0.1300847988108376,0.12,1,5
-0.99510261182842985,-0.011073117213133995,-0.098225139386118446,0.015435091847358516,-0.99892283964605699,-0.04375978031392002,-0.097634777983574131,-0.045061585731564407,0.99420164132808375,-13.114539799688194,-30.596081081222565,0.73544923623918934,,0.232637251139475,0.1818181818181818,0,2
-0.70220824734318743,0.71134646129234314,-0.029829337405831782,-0.71189578628316763,-0.70090549418934578,0.043998610062823164,0.01039070909419567,0.052131566464581933,0.99858616700937197,-14.604268137118812,12.065762451464552,-2.5697723501093259,0.4746387189491373,0.367186278912554,0.8771929824561403,1,3
0.27170006686280668,-0.93086537159117955,-0.24427184372981267,0.9598597372783193,0.2437491645359966,0.13876465522603446,-0.069630154521895124,-0.27216907385009648,0.95972685531917779,-15.39367664462076,-21.474129143807573,-0.0047594978142768531,,0.4519317871374448,0.1724137931034483,0,2
-0.89031906623506429,0.45301862205580662,-0.045892138422419584,-0.45520732035553901,-0.8879399624990908,0.065946330389521482,-0.010874547947108348,0.079603712650682862,0.99676727130217035,-7.9017680493418734,12.206931202630205,-2.324222227925119,0.42862806312048,0.4931532402421762,0.3448275862068966,1,5
-0.48357818191247531,0.87509546703919472,0.018975393162694931,-0.87379633360383269,-0.48390400740043066,0.048133969317979163,0.051304087154194059,0.0066959083967651559,0.99866063077104306,15.083363594656936,-24.11682806313172,0.75865071150912677,0.2554708630145381,0.24966985198322,0.6086956521739131,1,5
0.74584878712139102,0.66437664598513635,-0.048096351411430108,-0.65328057097193604,0.7436741859952184,0.14203239304796511,0.13013101989968484,-0.074514276175047481,0.98869284426761073,1.2931309298853333,10.591409670109313,-1.7658197768676982,0.4798879233261196,0.3965862465135087,0.8939393939393939,1,4
-0.96357520828560261,-0.24932242111269046,-0.096753027383463419,0.24406117022864601,-0.96770818629034816,0.063047691260428737,-0.10934789967796718,0.037137535151821659,0.99330953902540664,-0.27087274580450416,-26.287804335469957,0.59102935955813385,0.5055883235076742,0.4969261015564378,1,1,5
-0.62701288466774219,0.77740363395241974,0.049984321323892945,-0.77893723565163953,-0.62653351408062596,-0.026693419585457703,0.010565291099642356,-0.055671767093880623,0.99839322362114691,-20.114849362228938,-21.962245163349017,-0.16522781886845292,,0.3599175691932591,0.3157894736842105,0,2
-0.7976832360629722,0.59811562829012577,-0.077195531601346262,-0.60295748065666521,-0.79350961709409684,0.082369679490385622,-0.011988804121911221,0.11225053574166026,0.99360761158590083,-16.213663263070814,9.2236430012367112,-2.3940475400499044,,0.07584625293999102,0.25,0,2
0.99416674198230914,-0.092148936594556558,-0.056045183742895119,0.10439194803464349,0.95273948630623373,0.28528896301551521,0.027107385005100855,-0.28947546479352632,0.95680151805939306,12.337251331074334,-25.901538576653628,0.80658312197041304,,0.2847543399949574,0.2727272727272727,0,2
-0.26515604264462334,0.95675606896983867,0.11962481990968486,-0.95785681957836666,-0.27558877842995155,0.081000854259101793,0.11046531689295003,-0.093105583575148337,0.98950935522150141,7.3852561589223651,-30.017992847964294,1.0154941026861553,,0.5251352731694993,0.4615384615384616,0,4
-0.76576781424132156,0.64291490325199685,-0.016127053312512851,-0.64218704635965951,-0.7657680427229332,-0.034570250680963401,-0.034575311421960207,-0.016116200568488493,0.99927214307180134,-1.2260116718277487,13.687681339951423,-2.1581001425707136,0.2759027137445413,0.1998890265114838,0.2857142857142857,1,3
0.21027044916336912,0.97762428065013385,-0.0060913128260694956,-0.96310431362016402,0.2082099436582073,0.17052477957200526,0.16797743686242458,-0.029989752335692649,0.98533456016724386,-2.9826085229844996,-28.033269001597322,0.70666110544325389,,0.1913154608404441,0.2692307692307692,0,2
-0.6196827573480459,0.78484491109470811,0.0034272108576361747,-0.78435304885101198,-0.61943833527403225,0.032961243166149734,0.027992409750595096,0.017737370765576896,0.99945075450203114,11.589065768137456,13.200484064584034,-1.5515404146239191,0.4303540298243021,0.4036167076933911,0.7872340425531915,1,5
-0.71482178099243288,-0.62246797501720519,-0.31869019673781329,0.68397326555205284,-0.71723597014985596,-0.13324089137069187,-0.14563788459349189,-0.31321906583280551,0.9384473471484468,-11.018676565234252,13.653473822843889,-2.5164391274244728,,0.4113446307124322,0.1914893617021277,0,2
-0.98171598865989584,0.18355465572542162,-0.050412359308462031,-0.1781576830724049,-0.97928391088133626,-0.09624376266142104,-0.067034003101382161,-0.085502691480896134,0.99408034493079422,20.910670044009876,6.5570508032329844,-1.2219752101775838,0.3005766498880133,0.2310784188882793,0.3809523809523809,1,3
-0.85605663772375706,0.51635666779086686,-0.023298597318495762,-0.51674585293387743,-0.85599585028984781,0.01564697294051258,-0.011864083813629581,0.025434148589518861,0.99960609622030128,-18.189464552625161,7.3792579659405959,-2.3002659445942322,,0.1307594686883579,0.4038461538461539,0,5
0.076537895614116364,-0.98873031409603784,-0.12866357885009264,0.99108160386941591,0.061324606938889963,0.11830700340815707,-0.10908347723917529,-0.13657107516360123,0.98460608185307752,-40.147280964602075,-3.6740043093007824,-2.5751851883305332,0.3582692271424484,0.3466570530212705,0.4583333333333333,1,5
0.57346976204365951,-0.78150783490985842,-0.24571922186938247,0.81922071821102849,0.54821090907786629,0.16835145981495647,0.0031379731350193924,-0.29784274901787611,0.9546097893810217,-17.704486665239209,10.386195140948889,-2.5378691535654658,,0.3148113866223607,0.2083333333333333,0,2
0.72987581494708531,0.68295572394288584,-0.029202292529488912,-0.66925091883720544,0.7226251314722586,0.1729627907969177,0.13922823848230403,-0.10669769678090915,0.98449535250846409,17.549892444489608,-26.325255668361272,1.0080068673053366,0.2291244578050763,0.2174541034514879,0.2,1,5
-0.1754214718372113,0.98334245386720953,-0.047591234916524131,-0.98091440569744925,-0.17046118339423569,0.093540973113687087,0.083870351815676036,0.063092023095238009,0.99447733041435549,-2.7688112705481136,11.967396401833366,-2.0941115060765139,,0.0706589612854485,0.2333333333333333,0,5
-0.45672350848038212,-0.82827670041775814,-0.32459412247673736,0.87995141775753416,-0.4742365836961358,-0.028020797110809743,-0.13072543435719602,-0.29842481503603335,0.94543825318358743,-41.785997619171376,6.7293107795794969,-3.6279584671152598,,0.4800351070337073,0.3529411764705883,0,1
0.96699681556504702,-0.2237865635870262,-0.12180612728827736,0.2485050126971356,0.93390594130693794,0.25703103208756434,0.056235374556008716,-0.27881762273843441,0.95869615410672915,-15.093353299707809,14.584440981016462,-2.7830414331157329,,0.1253817775443929,0.3478260869565217,0,2
-0.77613359175954499,0.63004892427960635,0.02559298256436203,-0.63053013050763917,-0.77589466213955083,-0.020475052756281472,0.0069571735962558265,-0.032028522873585805,0.99946274140564573,0.18341098290543781,16.442235488330876,-2.3145811638457063,,0.6578112332392216,0.391304347826087,0,5
0.88125446829406473,0.47258643405589845,-0.0072542717122375524,-0.45578133633764423,0.85377992795232271,0.25164103018386658,0.12511568869656697,-0.21845342060049402,0.96779345289680851,-21.522018878211895,-21.900368442489825,-0.21430967412292254,,0.1625956280504928,0.1875,0,1
-0.99745365906546635,-0.0015523947610289581,-0.071300687846751032,0.0044744034521579743,-0.99915567719965726,-0.040840083661068859,-0.07117708711840641,-0.041055118928115655,0.99661843223930913,-4.1217143938312617,8.3058189886198672,-1.8808223884331219,,0.5944186779172429,0.4477911646586346,0,3
-0.99572554564345006,0.0053734891835947457,-0.092205007277519568,-0.010998561934890884,-0.998101112204412,0.060606942272977943,-0.091704249565753598,0.061362003147790917,0.99389387521066463,13.472538015907709,8.523854470473248,-1.2696272158405628,0.1326006477923281,0.1382716507938252,0.6037735849056604,1,5
-0.30624199169886851,-0.917483960802155,-0.25384842759233378,0.94791474663485398,-0.31843884025665853,0.0073714400340616493,-0.087598376882745563,-0.23836922344712322,0.96721592091979358,-1.2468850877124602,10.565748040214384,-1.9005492093740997,,0.504412292612773,0.1891891891891892,0,4
-0.28714515642113031,-0.90341229619848096,-0.31842406036804549,0.94992207785308758,-0.3113431038054208,0.026711752471141839,-0.1232708609167517,-0.29480789472162233,0.94757194980573756,21.745773946684437,9.0825612829758136,-1.3516464847220175,,0.3617745822679965,0.1764705882352941,0,4
-0.88349511991762109,-0.43193972593520841,-0.18128553786986223,0.45487851072396485,-0.88351490554373757,-0.11174503194141797,-0.11190135639613981,-0.18118908587731733,0.9770612066782951,-25.380915927773913,9.1208127201181135,-2.8152921163045694,,0.4734575441460266,0.2857142857142857,0,5
-0.017248717082639701,0.99655579725095689,0.081111187418958064,-0.9948100643125698,-0.025241169972015514,0.098568855531883132,0.10027670567696412,-0.07899003927049332,0.99181911455397043,1.8096741711064821,-27.105273589108577,0.65038103461083929,,0.3144389296783398,0.4117647058823529,0,1
0.59867237560607267,0.80098921657947075,-0.0027679612691676489,-0.78970280561076123,0.59080786274959474,0.16527416048417562,0.13401815360866007,-0.096759207503277073,0.98624377831581977,-17.97545653212266,-25.245263176645214,0.17200622828030498,,0.08635741046506393,0.3333333333333333,0,2
0.28654325951167392,-0.88702972411417946,-0.36203760711609356,0.95530455241953582,0.23585506986607593,0.17822906088788615,-0.072706069587997857,-0.3969265102715992,0.91496621406949996,10.85283820535429,9.2660393255121978,-1.335360413097775,,0.5210180757199935,0.1931818181818182,0,4
-0.32116317425118535,0.94320882742023182,0.084919511194156347,-0.94457405642167025,-0.3254875767123831,0.042868278960233944,0.068073985045791707,-0.066445054612455645,0.99546521148533029,-15.171746009384417,19.471014987227051,-3.2250210571371376,,0.4904517065294901,0.3076923076923077,0,1
-0.65190635447249368,-0.74161930110972485,-0.15817369319803459,0.74697251701691769,-0.66396134942895402,0.034458457392817401,-0.13057627586890894,-0.09568771439430028,0.98680985883512562,-19.550518215958427,-25.735497342554122,0.11960749631000345,,0.2192455203348485,0.5757575757575758,0,4
0.87801336266450625,0.47619168855163085,0.048311600438325088,-0.46190252226721995,0.81653386819073925,0.34629250933372552,0.12545355676801723,-0.32636470068286277,0.93688178936429245,-22.217690324164121,-24.638130133046666,-0.026502920128564214,,0.2533283060608643,0.25,0,1
0.44246257245796955,0.89608973782486578,-0.035356099033122701,-0.89054865820169082,0.44368524503238516,0.10033190278132559,0.10559336792168827,-0.012906785251034723,0.99432562852691231,-1.864410486754269,-32.376734520539188,0.97242214833371765,,0.2761161760807506,0.5416666666666666,0,5
-0.88498553156469917,-0.44724938751462329,-0.12949360713541547,0.44929847009984453,-0.89326266664546672,0.014584002995392512,-0.12219449123052235,-0.045274647930433842,0.99147300143155159,9.3896423952909362,8.3576247705669022,-1.3445083052626334,,0.1898885010690869,0.2857142857142857,0,5
-0.38179224411785612,0.92344929481452542,-0.038419815694598937,-0.92223740369912277,-0.37789182886470968,0.081706406698536266,0.060933189230115085,0.066627063449026122,0.99591564947359201,13.133581404611306,19.724584369001182,-2.0274576774053039,,0.08443695075779087,0.2222222222222222,0,2
-0.6349959729949215,0.76729048501931318,0.089696298023160134,-0.77128562432323433,-0.63624610588794539,-0.01758915730624103,0.043572927289213609,-0.080350509278113241,0.99581383584794414,-7.3559995347069282,-35.920903544791805,1.1582938572172794,,0.4545827360941046,0.1111111111111111,0,3
0.98212194580053669,-0.16027358342818698,-0.098736325797835853,0.17702210397066498,0.96473109276463054,0.19482580260058457,0.064028573955442439,-0.20882120847330327,0.97585554494965199,13.89301096845085,-29.115051200413362,1.1242368085927867,0.4131915960125269,0.3414116746863063,0.8333333333333334,1,4
-0.98580644926480776,-0.11233853022919763,-0.1247625713660003,0.13375329513861237,-0.97467192374903255,-0.17923363829070815,-0.10146773195196569,-0.19337708158234462,0.97586351693831641,-16.152014298943726,-22.311459376488564,0.010573471181811775,,0.2318266319986186,0.3076923076923077,0,1
-0.71935948072195444,-0.68426738194974468,-0.11958297326577537,0.68176075350181653,-0.7284774202838421,0.06725268114532626,-0.133132311930937,-0.033148124173801481,0.99054378468782622,3.6793853826151728,8.7294394986532442,-1.5719722064282136,,0.07689692273187257,0.2156862745098039,0,5
0.810581920615012,0.58538269378157315,0.016853836154056976,-0.57286095050476016,0.78661011084104493,0.23037982747936542,0.12160296607756549,-0.19639662762804375,0.97295482078947026,-2.2983985392449577,-24.694790535993715,0.4795697039229409,,0.1073618989237179,0.3,0,5
-0.99488586164595127,-0.049010419262350474,-0.088318181031549023,0.045572826387854801,-0.99813853552561693,0.040528772419100974,-0.090140112003565198,0.036296593538588037,0.99526746028667046,-3.2262279045591957,9.0372099101183334,-1.8935866915067538,,0.07076065508528062,0.1875,0,5
0.33367926216594462,-0.92594160345836996,-0.17689063566320537,0.93910203803255143,0.31015728901765177,0.1479520808651526,-0.082131066981372916,-0.21548689763919002,0.97304670226168366,-15.926115251221969,-23.428406188909204,0.13118798797886486,,0.2244854572908476,0.125,0,4
-0.75577937455714217,0.65124922378600114,0.068351923982771665,-0.65465243522730487,-0.74904566446329968,-0.10178792462612574,-0.015090594586532264,-0.12167596749919593,0.99245515409420892,20.182550287363732,7.7523013531989839,-1.3254417712444078,0.5692460264593686,0.3009716663315456,0.3636363636363636,1,4
-0.23945515383399291,-0.9232140630406811,-0.30056118030487017,0.96315204015670641,-0.26492312533877993,0.046409968785900174,-0.12247194309030085,-0.27837300778748481,0.95263271605117328,14.650131986821004,8.610162876924834,-1.2618875165280425,0.1489391676902858,0.1101940534268699,0.2727272727272727,1,5
-0.56951102396016273,0.81869089923527538,0.073501055075312058,-0.82186611724558833,-0.56563610093205108,-0.067763460995204791,-0.013902478610267279,-0.099000064806664442,0.99499030560944091,-20.712637823102632,-21.228945654559155,-0.24581253453264534,,0.176261122456634,0.3,0,3
-0.14551464847139292,-0.98311152802414292,-0.11098292907597326,0.98334585535617469,-0.15606382690644457,0.093139737411857618,-0.10888717019962163,-0.095581407173942201,0.98944821934680771,-9.6217142008587793,11.25592957831932,-2.2734017679800305,0.1890257440620271,0.1942060650808873,0.7777777777777778,1,4
-0.18609992323143953,-0.89937303739472496,-0.39559443648848214,0.97560934051033021,-0.21685576771081608,0.034058636489914133,-0.11641835457629426,-0.37960731765594308,0.91779357760871771,-10.999256550021626,-29.92352239365373,0.76893934429859456,,0.2720896796210141,0.3125,0,1
0.30874036889306694,0.94983294889011749,0.049967527640234245,-0.94299490061191604,0.29880870256432912,0.14654001737322955,0.12425780472749796,-0.092361942782333159,0.98794193629472848,5.6749050727868715,13.013421791761267,-1.7934225883648405,,0.07676111253157859,0.1785714285714286,0,3
-0.9749011610896845,0.22159375333045575,-0.021539140904572537,-0.21330801019105353,-0.9573778846222758,-0.19474927169186143,-0.063776319228373027,-0.18526681980618701,0.98061653391352888,7.2828027339968573,13.002684149924917,-1.7433945115539757,,0.2992043062437425,0.1176470588235294,0,3
-0.96180528751929795,-0.19328046179054173,-0.19383821086141817,0.22422699977705596,-0.96246887200796449,-0.15289186697367854,-0.15701223350714039,-0.19051596653758923,0.96904634823281155,6.9675446278104269,10.840754347643971,-1.5850829099242527,,0.634664696776496,0.3157894736842105,0,3
-0.96584693614651917,0.24546895467300309,-0.082974021405051307,-0.25252121029637653,-0.96348125442615329,0.089089341224751817,-0.058075246765174997,0.10699936757359928,0.99256153514631773,-19.023861181149968,-21.399625827947087,-0.16102350099507401,,0.08104620103549133,0.32,0,2
-0.83562750631392169,0.54928492519656524,0.0035695438617297597,-0.54886614445256954,-0.83469796174959487,-0.045002979066320489,-0.021739967004304795,-0.039564928950728849,0.9989804754006838,-15.985166350741954,7.1701426684115743,-2.1645781606927694,,0.1626929837063004,0.2333333333333333,0,5
0.95553219364070063,-0.26532602913559994,-0.12868692699464471,0.28626999250598018,0.93934636003015837,0.1888859637154604,0.070765233743812106,-0.21732582488334626,0.97353056836031437,15.719712310344249,-26.040212599822102,0.95311327992674699,,0.1476603403044391,0.3333333333333333,1,3
0.9162177739562597,0.39835948069676702,-0.043066400193642509,-0.38182707790126091,0.90063058690783038,0.20753946253048408,0.1214622298001375,-0.17370742662609381,0.9772781879623218,4.6494339365958384,-23.666292367084452,0.47914948778205158,,0.08104401940277089,0.3076923076923077,0,4
-0.44384335273117592,0.89427135808807778,-0.057287139391444301,-0.89505378203426067,-0.43932137865631721,0.076651506975923753,0.043379782186131179,0.085296332622327192,0.99541083485095028,-40.430973876358664,-8.4803043802588878,-2.1852616310754454,0.3868527242032772,0.2877768018894323,0.3636363636363636,1,5
-0.97121424376783672,-0.21933024611466759,-0.092936192313585644,0.21192609225565331,-0.97372835431676485,0.083309203698107862,-0.10876683374869713,0.061215481202420437,0.99218064924560934,3.2621478751756703,10.783854342024636,-1.7067172302791616,,0.07530073474179441,0.3207547169811321,0,5
0.99308855516750616,0.10870670413990517,-0.044249000783704931,-0.092350258300536017,0.95641980299264884,0.27700648049337978,0.072433082132002793,-0.27100555883329042,0.95984865249387974,-13.415820100684968,12.327265192515158,-2.5505861241928813,,0.4387462966139765,0.5757575757575758,0,2
-0.51035272999766523,-0.82302743332606876,-0.24933097476373636,0.84874230594068933,-0.52874499590423096,0.0080763489719860495,-0.13847956199530895,-0.20749595971714635,0.9683846537459424,7.0249394370856368,21.556459402369235,-2.3704697963546928,,0.5164584154195859,0.28,0,2
-0.98857991596169592,0.11486592714127088,-0.097547775675014672,-0.11674441916598624,-0.99306675148821444,0.013753824276973728,-0.095291606927175171,0.024984912859996128,0.99513580167664328,2.2574507311646652,16.928067266486302,-2.2783671766036777,0.2046944402694999,0.1267865349123111,0.25,1,5
0.36909931595121842,-0.85534390207544131,-0.36352785883161803,0.92755807575589533,0.31447645051992229,0.2018429542203839,-0.058324189358823178,-0.41169329755383299,0.90945418668830535,-25.325028555091642,-24.062372782855327,-0.29063588817310404,,0.3291040668087164,0.1904761904761905,0,2
-0.88961880006849259,-0.4447586996351155,-0.10376940620229257,0.44269070386906878,-0.89562084396369945,0.043453936135395395,-0.11226455929011503,-0.0072803129487448558,0.99365168231667811,0.37897309390150058,7.9947462218232914,-1.5922483644810357,,0.1152938354005628,0.3232323232323233,0,5
0.21186533360231274,0.97518559152944162,0.064235056557561815,-0.96755885237999073,0.20004388514015423,0.15431238187244581,0.13763338112062601,-0.094844641869771582,0.9859318162580506,7.9409688455947247,15.663940369901015,-1.9310123329919828,0.6333212713553723,0.4807188815948328,0.3125,1,5
0.9900443195447165,0.12721143057959095,-0.060245309088213614,-0.10059583864830809,0.93885304729522068,0.3292953580467286,0.098451625603054704,-0.31995657129425159,0.94230306690668453,16.564918792021704,8.5264616250218364,-1.3538554400317602,,0.4985771447617058,0.1136363636363636,0,1
0.92257038975747874,-0.34945070467913852,-0.16354840550120614,0.38278131465719989,0.88215720451358537,0.27436678310991308,0.048397738501290748,-0.31572594369805868,0.94761531614043193,-26.568744039565001,11.212974013745171,-3.0838920560558272,,0.3287220229251613,0.5,0,3
0.52121644804789591,-0.80983721880055215,-0.26925284275142269,0.85147790680690039,0.47217092867379307,0.22812274839451765,-0.057608927294956286,-0.34816417558490309,0.93566175423344633,-40.251959065968897,8.1036468372142298,-3.6334001738496919,,0.4883791957670003,0.25,0,3
-0.88887282191597405,-0.43281500657530436,-0.15025404002006507,0.44159717783577573,-0.89673464480839171,-0.029307154891682528,-0.12205342677127196,-0.092402093502182939,0.98821293966928114,-32.438428702225096,9.2388657864439647,-3.2847713424569469,,0.2505868832179045,0.2666666666666667,0,2
0.30685861192689395,-0.91866200874886994,-0.24879289774387126,0.94807625734764889,0.27208252354222229,0.16468913332874216,-0.083601450585358103,-0.28641091820038661,0.95445250452583397,28.058942423082076,11.925268677788583,-1.5525511285863243,,0.2413554965241256,0.4444444444444444,0,2
0.95608889099710015,0.28902859520662327,-0.048543832407637467,-0.26954203635081753,0.93219966317460801,0.24155926522698695,0.11507007930730441,-0.21786752656151695,0.96917109826809056,15.414187445671725,-25.148620793978306,0.87534484524427614,,0.1867338334545507,0.1538461538461539,0,3
-0.97425065481550699,0.22339092509174885,-0.030531232831480244,-0.21725779001666734,-0.96633737874827563,-0.13780828389827482,-0.060288591529667826,-0.12762666265544365,0.98998824271341956,3.2573653430877938,-29.134329935616947,0.90061253013689391,,0.6806985519843735,0.3809523809523809,0,2
0.95443710930484782,0.2952235343117145,-0.043507116317977018,-0.27609071839100752,0.92893570409623782,0.24668273728326492,0.11324186328449047,-0.22343124768869513,0.96811918582173018,15.358008981360038,9.8647530396239311,-1.3489951685965347,,0.7014566099386232,0.5,0,1
0.20331625725263863,0.96537907020315927,0.16341894122304992,-0.97202692164373472,0.17896935795030211,0.1520974441424367,0.11758470621889505,-0.18977149345605207,0.97476182585023086,-18.482284856857479,9.0055264197534175,-2.4566288805529797,,0.7821958434539393,0.3571428571428572,0,1
0.72283014230348086,-0.65779800976344771,-0.21170348067232528,0.69010785861796353,0.67137383596297862,0.27020051046969845,-0.035605180118341941,-0.34140730914203282,0.93924082130896414,13.970486625918811,-26.190690097292045,0.89359295996608634,,0.2558220660274929,0.2352941176470588,0,4
-0.78532018547005755,0.60899878438242327,0.11132244568821791,-0.61905495113964515,-0.77056764667244049,-0.15164586829580715,-0.0065706744529729572,-0.18800527259209654,0.98214603991199056,-27.793374492381002,-28.151606206915087,-0.11357556697581603,,0.4427363380152858,0.25,0,1
-0.82615096937559118,-0.52759968166037219,-0.19777045206917296,0.54291020772959775,-0.83929345924049981,-0.028896290750207134,-0.15074177305171874,-0.13124429583029373,0.97982235771043447,13.941162731801606,13.344447321108712,-1.5944612942573253,0.6542560213862609,0.5212625923426134,0.5333333333333333,1,4
-0.29412680860516033,0.9536215508602417,-0.06399498569928401,-0.95279263706052986,-0.28727591253823792,0.098278893148860666,0.075336652586811173,0.08988040837819361,0.99309913954588835,0.59998124891239712,-24.437617572123884,0.50930040495010231,0.1794933829319812,0.1358496102854366,0.3939393939393939,1,4
-0.94495257889664519,-0.31183910328112135,-0.099100945007637498,0.30808613909762378,-0.94996104691814764,0.051545516139594724,-0.11021594500116685,0.018176440878339698,0.99374144648620588,31.157368040289672,10.994227824038381,-1.3547149627489499,0.4547970451392447,0.329783568288893,0.5238095238095238,1,4
-0.99230108844904452,0.10803476554139217,-0.060556083899628042,-0.10777877598366463,-0.99414670637466718,-0.0074874329289490718,-0.061010534420749093,-0.00090312724401935191,0.99813671360734779,8.3380091925547362,-26.955666339633527,0.84972547077073302,,0.4169058110182575,0.3076923076923077,0,5
-0.89902462896652291,0.43594052384084053,0.041359112478151334,-0.43757140285908613,-0.8906905427858135,-0.12329486766222325,-0.016911058853252618,-0.12894268752157817,0.99150784133216774,-31.599200125356493,7.6530495505760943,-3.0877653264131757,,0.2150416818841006,0.2,0,3
0.38019449005771855,0.92485686251421406,0.0095882005670967566,-0.91376907333979751,0.37399216283723147,0.15860625064623701,0.14310216748001614,-0.069062623731604905,0.98729535786705069,3.9537590893537864,-26.439621686665028,0.70076672021932618,,0.1584334714576765,0.1764705882352941,0,4
0.75956240652026574,0.64681562339868803,0.06851642086761435,-0.63923313199157583,0.72286331633080014,0.26239212805928014,0.12019132067409116,-0.24310116254473876,0.96252577690367003,-27.398574121111444,9.2327517264940031,-2.9466767922710613,,0.4113864705051384,0.575,0,4
0.83499799868791758,0.54793925682566369,-0.050407469848371099,-0.52617829258746118,0.82190826435597408,0.21818159728331143,0.1609805783221045,-0.15565788066362815,0.97460549844046696,-11.185183873136163,-22.930929528515428,0.26068054528757034,0.4096327257119572,0.1919064348251027,0.4444444444444444,1,4
0.23884409850424601,0.94879048643158403,0.2067609959992795,-0.96362866174197459,0.20529377641078825,0.17109724613906155,0.11988869370823659,-0.24010638938586634,0.96331491366895028,0.34680422140947587,11.721093127863533,-1.897811576489165,,0.08230461187063587,0.4285714285714285,0,1
-0.99411277164927825,-0.034724183124027724,-0.10263541469765998,0.05484043618691159,-0.97821451536422599,-0.20022209790520956,-0.093446903654540239,-0.20467191560422512,0.97435983248504121,-22.889851014681387,-22.038870733264115,-0.30007002193727139,,0.2363060906626266,0.2727272727272727,0,2
0.86502703227861466,-0.43946698763937675,-0.24206817263412769,0.50106436819246125,0.78144486724096751,0.37185806215629891,0.025743588622094655,-0.44295901191636239,0.89617218290177769,3.3045409041745466,-25.410329127177018,0.5848954076531403,,0.3476845131686013,0.1212121212121212,0,1
0.78447029816416014,-0.60027376363865692,-0.15581322147146551,0.62013352434446878,0.76185373459700356,0.1871184092084662,0.0063846129359817292,-0.24341383643433392,0.96990151095354882,5.2619189000221711,11.794932436432301,-1.7119306317395173,,0.2007088903503703,0.1176470588235294,0,1
0.89025842183582093,-0.43327149783213009,-0.14041278971908772,0.45537215363308203,0.84083390404019798,0.29263381129337945,-0.0087260555787315192,-0.32445978946985532,0.9458592395125266,10.703293561322264,19.300950278603992,-2.098590485644221,,0.2415096353871156,0.25,0,4
