axis_00,axis_01,axis_02,axis_10,axis_11,axis_12,axis_20,axis_21,axis_22,location_x,location_y,location_z,dbh,dbh_approximation,score,reconstructed,number_clusters
0.53344570807879499,0.84388497988726774,0.057391787330401414,-0.84548748125722439,0.53005519556005465,0.064748812321970328,0.024219735127093425,-0.083064013751185842,0.99624985523206733,-11.930790217128486,6.9177602064392145,-3.1832652846005844,,0.1744294892416914,0.3548387096774194,0,1
0.37282083573461128,-0.9203503485341219,-0.118151853118211,0.92780118363063513,0.37163488557626601,0.032748671367082455,0.013769099307486371,-0.12183081619950289,0.99245537135350548,-13.714261687328772,12.894684850239994,-3.6508588283749681,0.7083416144577134,0.5399205981931962,0.8469135802469135,1,5
0.98985998205127723,0.1420076828942288,0.0033217363616821014,-0.13566583180588557,0.93820714441645925,0.31837420788488829,0.042095106768620452,-0.31559653382907271,0.94795929755512853,-16.974119038551184,15.672896541276042,-4.2498720042320146,,0.4847326305068482,0.3421052631578947,0,2
-0.5577618860703939,0.82998840977882249,-0.0045736287582726198,-0.82959481885972508,-0.55765283387662845,-0.028209101199178667,-0.025963724083746562,-0.011939702767953694,0.99959158086166167,2.2948040263676517,20.705343889011651,-1.9183965177974593,0.3082593461639549,0.2335556006167993,0.9285714285714286,1,5
-0.40314910397248938,-0.9092466073931752,-0.10364075892321731,0.91492793807082096,-0.40287004104552288,-0.024547874968213267,-0.019433684767825938,-0.10472027965957813,0.99431181976498939,-10.811515216226001,-3.8088464576330856,-2.6264595874370804,0.5003100906320272,0.4721495204304844,0.9789621318373072,1,3
-0.19168847726817825,-0.97536685693796776,-0.10915595297351489,0.98131925551068722,-0.19232801890514556,-0.0047383444336168952,-0.016372124069792934,-0.10802512453578147,0.99401334298009847,9.1477401942397538,5.9313196387266744,-0.53754117460317108,0.3626760065045405,0.2071572026508961,0.924812030075188,1,9
0.97619609694797216,0.21673434261656074,0.0082100568885433555,-0.21489848897316838,0.96142260359861365,0.17171259920784088,0.0293226830388163,-0.16938949796321737,0.98511287588741547,6.0163144648082767,-5.8873722028358015,-0.43881303461641252,,0.4800468996689717,0.2962962962962963,0,5
0.93242626173376797,0.35979847671655996,0.033560729754197598,-0.35508725798187463,0.89504987530900271,0.26981245324901604,0.067039582696380343,-0.26349720465648585,0.96232786382298696,12.623807547997551,-8.0000879224257293,0.12178831606622595,,0.4615966866454658,1,0,4
-0.70393819307398786,-0.69620750912283957,-0.14059205017603718,0.70957581148602289,-0.69803776747764457,-0.096153226304575609,-0.031195962650352696,-0.16744664647522234,0.98538745298411445,-8.2705399272664,26.221649272222116,-3.4348135711747276,,0.4917575721664427,0.35,0,1
-0.0031959337434459847,-0.92956771937300364,-0.36863754706646495,0.99999285671500826,-0.0037147826246916173,0.00069778865573408169,-0.00201805016396653,-0.36863268369709701,0.92957295140500484,-11.716069574549184,-2.065620599357457,-2.7878315111027669,,0.4956216324875229,0.2204724409448819,0,1
0.55513146512785105,-0.82364681317074795,-0.11590937657790003,0.83146422894534178,0.55325004338871953,0.050809698628405973,0.022277621267429919,-0.12458056286617039,0.99195936960473041,-1.1198476632540431,19.522972572026553,-2.2343239109961606,,0.07183458122434183,0.3888888888888889,0,3
0.98024081524069784,-0.19279839151484493,-0.044234877252482221,0.19406402042756307,0.98063556631800597,0.026325691779237718,0.038302742874942758,-0.034389915694191746,0.99867423797092303,5.1308985509881788,7.2461641179605927,-0.96416971926461947,0.1487307706272461,0.1259148834782897,0.4878048780487805,1,5
-0.89769963438272882,-0.42129037170488726,-0.12903406192891109,0.44008406330731209,-0.87159799962247764,-0.21596977630451439,-0.021479842924051584,-0.25066182350500471,0.96783638420195028,5.5042972562194281,12.847473517537596,-1.2834206219237403,,0.358526267746523,0.3207547169811321,0,3
0.96454891670371179,-0.23425927598972129,-0.12152357342700168,0.25810972767516654,0.93336531935561196,0.24941641706922191,0.054997779638342285,-0.27194075133559564,0.96074110560435799,-15.296275233809695,16.684249929048992,-4.0264198219539669,,0.3289015110821453,0.375,0,2
0.99657950496874759,0.056430996587914242,-0.060372451501830217,-0.042190794321211741,0.9756014200990325,0.21545720218942932,0.071057914061638749,-0.21217307021591178,0.97464524885948267,6.6011567351077991,15.786009616174136,-1.2751384353627657,,0.3767069387829078,0.2857142857142857,0,5
-0.50330506382224682,0.8621856681084068,0.05761845571815559,-0.86370675900217486,-0.49991748485328946,-0.063977674167796636,-0.026356160282632709,-0.081965737027260205,0.99628659067997849,2.8865598400445927,16.747945465365646,-1.7317587829563381,0.2458735859319007,0.2786173371139835,0.7008547008547008,1,5
-0.29545238375328203,-0.93272008775153414,-0.20673927260991043,0.95523686324633061,-0.29185355833179383,-0.04841524124056662,-0.015179724299716134,-0.21178937271223439,0.97719744042662315,4.083378502395921,3.9484829070776257,-0.98656423497575785,,0.4716081314569672,0.5142857142857142,0,3
-0.20278871701997209,-0.95222603929010519,-0.22834689914092091,0.9789270115116957,-0.20286691950427507,-0.023386301623549741,-0.024054986638435458,-0.22827742566606588,0.97329891325794649,1.3424658287972324,1.8870184830745733,-1.1441448052981162,0.1481978031058188,0.1841139667569009,0.2662337662337662,1,4
-0.9411790346460075,-0.30954451158515806,-0.13551464898790602,0.33290152484966823,-0.91818309236975004,-0.21474725525391189,-0.057953425227291369,-0.24722864768029804,0.96722251642039225,21.031379371314451,-2.918157695872698,0.60671435610833058,,0.6094117565806474,0.3684210526315789,0,2
-0.93354242066520754,-0.34383926502454371,-0.10135634487256633,0.35504390083648252,-0.92587890592527089,-0.12919783295952705,-0.04942041377162857,-0.1565976097838197,0.98642526899539429,-9.8846787119044688,12.688865570675326,-3.0757677343173286,,0.1291142929674499,0.1666666666666667,0,3
0.0088272715148758618,0.99995682917492978,0.0029015623417292169,-0.9999491200956041,0.0088129618431575952,0.0049080468190414927,0.0048822635764076226,-0.002944739372394034,0.99998374587410088,10.253828314927791,6.7745295536774224,-0.48036158252459898,,0.2697016675451867,0.8787878787878788,1,5
-0.98447459003899473,0.17464962260733063,0.0175297145062338,-0.17527758550713057,-0.97283636288893904,-0.15121897718147351,-0.0093567935930849548,-0.15194380660012924,0.98834484369045961,-4.3399728416332719,17.258960658992997,-2.6136530644507436,0.5367146726839587,0.4243437644466362,0.2903225806451613,1,4
0.7394503836351124,-0.64642049889457787,-0.18802571300428519,0.6729041192789128,0.71813310105286676,0.17743983608441197,0.020326740991985979,-0.25773123167570811,0.96600281356710693,-11.333190325697229,18.036354991068571,-3.5684031717233675,,0.1202499666672871,0.25,0,3
0.57468855289705445,-0.81387717514888003,-0.085656353767649185,0.81805864683836538,0.57421012711487207,0.032600310607497636,0.022652097078912067,-0.088806946183288715,0.99579124760540338,0.59756951412791115,19.029984231706528,-2.0293947316228302,0.8991945501715902,0.7636333059558572,0.9902439024390244,1,5
0.51199233746679418,-0.8569700247443095,-0.058874638555378528,0.85879340734061682,0.51213777889481826,0.013739684748062964,0.018377428644460268,-0.057595764761138403,0.99817082606034802,-4.9476854837781339,-7.8363837754880281,-1.6206073887303907,0.6395356241100189,0.5514375824833546,0.9727272727272728,1,5
0.059560904333898754,-0.99624197679029336,-0.062884197982467527,0.99822235042715513,0.059578371239092556,0.0015989959925993154,0.0021535511639251496,-0.06286764956213077,0.99801954933554227,-10.01677351888198,9.1957753683218879,-2.9981950954020706,,0.07636869895021349,0.3414634146341464,0,5
-0.48904832302488283,-0.8398237478869105,-0.23564339632532141,0.87198909201453401,-0.47741103492934656,-0.10822997336855514,-0.021604655845857364,-0.25840815817785773,0.96579421339792093,-7.3803700722250527,9.2964519159387891,-2.6845196563865996,,0.4586980132957018,0.1458333333333333,0,2
-0.97313356832398201,0.22706024199440275,-0.038140591323109964,-0.22658800817275568,-0.97385369290520274,-0.016335830777830979,-0.040852573399192717,-0.0072547446779328006,0.99913884717106305,-19.14201664114324,15.336878011135747,-4.5952663796118687,,0.1331255797106564,0.4615384615384616,0,1
-0.24725536159524825,-0.94909518203457133,-0.19514897284168878,0.96887212611004536,-0.2447283561109205,-0.037347489370048552,-0.012312165098080703,-0.19830876721418458,0.98006226508145244,-10.9021531658823,13.261044678348629,-3.2566881723851022,,0.08042430159193692,0.4615384615384616,0,1
0.89739160941268226,0.44059025416078645,0.023843810397031269,-0.43784833108387838,0.882520185325396,0.1716011697521076,0.054563159024917728,-0.16443342248996332,0.98487791692445781,-16.415701458687817,0.35159128889967706,-3.6277162315891278,0.4560964000479511,0.4264194468591126,0.3888888888888889,1,5
0.94169760498442745,-0.33060469831102895,-0.062499233765435494,0.33405756693674565,0.94086053780679968,0.056453435415402035,0.040139291708930429,-0.074040406890919452,0.9964471162126628,-0.67712789964985842,6.2624018685505369,-1.7357724717929863,,0.1401124092838954,0.2096774193548387,0,5
0.28878279817837271,0.95329500194127814,0.088504998446691879,-0.95717616044319065,0.28550577509949804,0.047960924345421936,0.020452221285271865,-0.09856516452892719,0.99492040635715429,1.2085741319472545,16.764653106952704,-1.9140868721791968,0.5014219902946949,0.4165595422046047,0.6619718309859155,1,5
0.53271444801405043,-0.84389514073103089,-0.063689153924647024,0.84603435549604122,0.53290795893116627,0.015328947394221007,0.02100443280553186,-0.062049164042475846,0.99785205067893001,-14.988513623917649,6.1576252430281082,-3.579233429248061,,0.1956434368090707,0.8166666666666667,1,1
-0.92638032682449833,-0.36385015636355161,-0.09712133538391661,0.37445884141867286,-0.91737312569663454,-0.13493377758356878,-0.040000826940468567,-0.16136793970242638,0.98608332400475829,-38.436185625895064,1.630442378112948,-6.9838544022268989,,0.2654871953582547,0.2,0,1
-0.90229037565956449,0.43019363974796931,-0.028381513569872889,-0.42920964592313426,-0.90252987435775411,-0.034912830568636484,-0.040634441532526183,-0.019319891619025951,0.99898727917284758,3.6288388283360451,12.420282340724976,-1.4702428956265465,,0.1346647213707635,0.4827586206896552,1,5
-0.88094242127780642,-0.4686417331722596,-0.065691523977572372,0.47167456692184073,-0.88077996113056178,-0.041830168418733535,-0.038256415308930793,-0.067834990971814738,0.99696281810685594,-7.0936584939005316,28.83221854920675,-3.4134984017578449,,0.1516848077763401,0.1666666666666667,0,1
-0.99597907940324548,0.079918581497294638,-0.040480782138246407,-0.078390717268823365,-0.99619737547291853,-0.038022158630835315,-0.043365525906453574,-0.034695957002643399,0.99845661985412637,3.6528778667594,1.7405432931663491,-0.91958655488099772,0.4626401545493309,0.4267047678564292,0.9686648501362398,1,5
0.7200251772580849,-0.67438381090533828,-0.16361607409804402,0.69333175280647663,0.70903823931754639,0.12866956025328219,0.029237384711403837,-0.20608554237080057,0.97809709362668629,-10.503725992326594,28.613937000656708,-3.8650318703306685,,0.1807661044471396,0.1052631578947368,0,1
0.80549822653626446,-0.58465767343276531,-0.096685117485161357,0.591681767392776,0.80254611373841334,0.076370291726114106,0.032943788214086708,-0.11872295573964048,0.99238075686630967,-1.0370780437144214,9.3684577379065406,-1.7892561247181669,0.1364570200274006,0.1039119195540626,0.3191489361702128,1,5
0.1406023495335034,-0.98787561903915477,-0.065823556677425232,0.99005241541123112,0.14063949836698264,0.0040922166940959561,0.0052147908919213263,-0.065744146561433028,0.99782288666319097,-3.004951550794472,19.026041893764226,-2.4826150935589353,0.2819214199222416,0.244794545713645,0.9102564102564102,1,5
-0.99905756652260147,0.019381522560920222,-0.038837293380942189,-0.0094618412623094488,-0.97049805502988162,-0.24092322167682997,-0.042360976545208394,-0.24032869526221087,0.96976681006296506,-11.142773221040125,-6.6272114634136754,-2.49735406396361,,0.3199164778430635,0.3684210526315789,0,1
0.3904667331323925,0.91573748266471866,0.09466040967480506,-0.92027392673571362,0.38544538840285381,0.067288575028785352,0.025132251935477429,-0.11338745698646784,0.99323293064154616,-12.600487184208628,13.378747281763751,-3.4576815004520505,,0.2445322725507023,0.2142857142857143,0,5
0.65458268822582266,-0.74697485215326065,-0.11640478738296053,0.75546877307112492,0.65204920642113107,0.064021600417238908,0.028079123730397754,-0.12984761320944591,0.99113629746586585,22.014826052952436,8.0620866331884358,0.36576757034446006,,0.5094633006129291,0.71875,1,5
0.78046362159069438,0.62447651868862852,0.030093404261913172,-0.62399140244428863,0.77505752733160482,0.099602003003107231,0.038874992593565909,-0.096513765511206287,0.99457218341239595,8.8246115831495775,7.0788782644270833,-0.58619975456407003,,0.2454589067970034,0.1891891891891892,0,3
-0.6168423564318255,0.77455864010344355,0.1398728721115638,-0.78692162241839081,-0.60325704090771082,-0.12975092587600681,-0.016120405765397878,-0.19010485432091889,0.98163143637598627,0.91010025984892395,-7.0932678233635746,-0.93670629206340228,,0.3183442359557461,0.2376237623762376,0,5
0.99951508410656331,0.0080214021190565671,-0.030087435109935615,0.00058306914802043312,0.96125947799319345,0.27564447391272373,0.031132887335080579,-0.27552835258154096,0.96078867096249809,-24.113219176038402,-0.078157005864458159,-4.8063983593256481,,0.2519272874442058,0.6666666666666666,0,6
-0.99413009578441558,0.10437224384055779,0.02849188255198749,-0.10786716295809259,-0.97653444094327979,-0.18640053864452419,0.0083682621279090701,-0.18837972387516552,0.98206061514637433,8.1361398751542282,-8.1092060476524583,-0.23222792545843746,,0.5560102217195694,0.1351351351351351,0,2
-0.6805034217933934,-0.72817570557342115,-0.081702109765504002,0.73183387543516254,-0.6809775884892737,-0.026243146550782047,-0.036527683926516438,-0.077650922647350448,0.9963112277390942,-5.7805076878121424,8.4663325233014017,-2.476116234424214,,0.08213431178883882,0.3761467889908257,0,4
-0.99198816218327535,0.12269843566229331,-0.030076236039029019,-0.12175297951875266,-0.99206106924485415,-0.031480896859284402,-0.033700119681619921,-0.027566805668861681,0.99905173697795113,-11.728347550954858,16.975283296161198,-3.5419259931117781,,0.09163172317106659,0.4615384615384616,0,4
-0.94431071251760024,-0.32360317775596137,-0.05965116571154478,0.32766906091557602,-0.94137442775349311,-0.080294291767771531,-0.030170594014819092,-0.095368601321541707,0.99498470598234112,-13.299206114555782,17.190994159826253,-3.7898108815383971,0.2177205873888847,0.2406889774815876,0.45,1,5
-0.80360828140079132,-0.58833601633163446,-0.089858009943956957,0.5944138468437431,-0.80095281347944391,-0.071740987307013546,-0.02976421919836951,-0.11106449687629601,0.9933673886277552,0.04024769277157874,15.355583213377644,-2.0131480989370338,,0.08070004946009675,0.4,0,5
-0.94947041150072675,0.31247998963197093,-0.029363136144583791,-0.31133695472423523,-0.94954803549427291,-0.037786623453387506,-0.03968927194698213,-0.026735451531102978,0.99885433238473165,0.38100819696875726,6.265032259643073,-1.6354413046914995,,0.06630732006444674,0.1470588235294118,0,1
0.9818337839814274,0.18965150062990485,0.0058931266350933107,-0.18503706092933145,0.95014629505975723,0.25096474666146185,0.041996508370898279,-0.24749611369280536,0.96797828849184997,-7.2428057021876358,-19.678666736086797,-1.6318596232677467,,0.4302218044924236,0.2592592592592592,0,1
0.78792828060361753,-0.58042280019442261,-0.20561711416973832,0.61555499184000728,0.75120863546959427,0.2382805867391577,0.016157866377533067,-0.314316654045525,0.94918068055757965,-11.615585266573696,10.439411349652017,-3.2596573240937428,,0.4802003395247113,0.3154362416107382,0,3
-0.8100540019648137,-0.58122686828600134,-0.07738114423576975,0.58528187189914682,-0.80948075937183739,-0.046755006502234825,-0.03546328139104702,-0.083163861077035384,0.99590467811118311,-15.036000807765916,30.193378174275228,-4.6508821481167057,,0.1580557230215812,0.4666666666666667,0,1
-0.017355188164044053,-0.99637598748288225,-0.083268775728361222,0.99984154286492566,-0.016964865546795552,-0.0053928191572199333,0.0039606319286137007,-0.083349174587926456,0.996512533032192,-0.90957272987763182,16.562765988695215,-2.1809643177261799,0.1965909666243157,0.2248090813616178,0.7641509433962265,1,5
0.44979637670912009,-0.88827904597113394,-0.092970726510882437,0.89291908135650688,0.44951477638118853,0.025139211690568999,0.019461080360570947,-0.094322862040885608,0.9953514274102474,-30.819424262906491,2.4042522616678106,-6.0082067613889185,0.5039560088965207,0.4577448471907576,0.8064516129032258,1,5
-0.68095488991701369,-0.72944918016488425,-0.064840816272516352,0.73155799836921087,-0.68162196268506936,-0.014642233688472568,-0.033516159089935632,-0.057405518394420839,0.99778819071871483,-2.7362012460847382,-3.0733442440454972,-1.5034505246268757,0.3711968638583157,0.3481159843835305,0.9597370583401807,1,6
-0.22354387849710702,0.97466665397659813,-0.0072834066571591588,-0.97468418006570334,-0.22356873060857113,-0.0027877990818409985,-0.0043455167839040925,0.0064758258264928734,0.99996958961947757,13.050372535825534,9.7451476069993372,-0.46030982095275769,,0.08416673607233605,0.3478260869565217,0,5
0.62720733145184138,-0.77503773582047342,-0.076990073563638295,0.77844649583896952,0.62700094261157413,0.029847463547630008,0.025139938128196395,-0.078653200942313858,0.99658499762561081,-18.284496760000472,12.798154786326371,-4.406539901694936,,0.1868426927151253,0.64,0,1
0.29652690036282159,0.95455847467663113,0.029831456287626883,-0.95488841578327655,0.29686727031557508,-0.0076116501682322521,-0.016121748172006092,-0.026228653003968014,0.99952596114231851,17.963836393811913,17.595757581776791,-0.21785730926281577,,0.5452185869796758,0.813953488372093,0,6
0.11399918457610284,0.99265787690079343,0.040429263446094814,-0.9934044440488663,0.1133913219275916,0.017029934100780724,0.012320570601529865,-0.042104008577846727,0.99903726457111186,-4.3951140663023684,12.813309758023649,-2.3497068325857988,,0.1241632953133194,0.4102564102564102,0,4
0.92155576744370027,-0.37590903236610368,-0.097094628465386815,0.38819804110724698,0.89609326552251511,0.21521881972934143,0.0061031444148122345,-0.23602808915629978,0.97172706700877542,17.353516819168583,-3.0187094302672417,0.34010425955919243,,0.4134716943995222,0.375,0,2
-0.63528285011051933,-0.76567022984141431,-0.10082063027997536,0.77199189842934068,-0.6331742001409979,-0.055847480115671901,-0.021076268999004357,-0.11331165611005542,0.99333592478812438,-5.3600819403104127,24.252831542296065,-3.0231660165145922,,0.2809408189061623,0.5625,1,5
-0.86195421314514353,0.49331203577518085,0.11695370793901146,-0.50573391396614464,-0.82043123063775625,-0.26669421452049014,-0.035610991362513923,-0.28902565829622068,0.95665878250325764,-15.595516750466706,8.4617378462133672,-3.8962148315298095,,0.4713602585315704,0.6842105263157895,0,1
0.28761744454054011,-0.94778347288344622,-0.13777769821332908,0.95768893537523259,0.28617078509693328,0.030629802755791424,0.01039753123693777,-0.14075784271577471,0.98998945502372804,-14.919853445179077,11.085463379369651,-3.7860308139662187,,0.9403940304200464,0.6746987951807228,0,1
-0.40733500798335542,-0.90895368721472891,-0.088777169193152747,0.91300392227616678,-0.40766875569995942,-0.015166526773895701,-0.022406007666163932,-0.087231760986447887,0.9959360374520384,9.6849548857199821,8.8180085453034103,-0.72035974445444939,0.314398966750416,0.2335723007419594,0.3043478260869565,1,5
-0.097767529425087943,-0.98432025658609579,-0.14681669749860563,0.99509444413784565,-0.098927666620998986,0.0006033431167325892,-0.015118116156009795,-0.14603749262161064,0.9891635321384864,-21.34191270263468,22.028896547752666,-5.2200651223720582,,0.1810505323665069,0.3125,0,2
-0.61707700789023279,0.78688724349262207,0.004942910258338323,-0.78662579336854854,-0.61668099165793899,-0.030404205878202965,-0.020876482954293039,-0.022649957094114999,0.9995254633590358,11.697853100599518,5.6478553007488719,-0.31488667820633998,0.5197135236199306,0.5801810817824944,0.7534246575342466,1,5
0.60831773352622154,-0.76961263019910375,-0.1940256027320609,0.79345825604038789,0.59563896655153548,0.12505285861093468,0.019326950066385483,-0.23002308789214485,0.9729932415169672,-5.9982380494656962,15.030647203466724,-2.677380378860895,,0.1796205258276627,0.1612903225806452,0,5
0.45761167550902726,-0.87900173016437699,-0.13396832762206279,0.88897597804353989,0.45529721741027351,0.04925600755231653,0.017699290927957228,-0.1416347492195815,0.98976074528855384,-15.223486066151951,14.892071022181016,-3.9077821204589904,0.1613435278045356,0.1657042371427305,0.5454545454545454,1,2
-0.21504286147898161,-0.96761558362600131,-0.13219928158293762,0.97658538483195234,-0.21390874605219101,-0.022891799732815368,-0.0061281203936889893,-0.13402660439812911,0.99095878595123632,5.4474511363037585,11.099619566230929,-1.2566977585941983,,0.1033532062450836,0.2758620689655172,0,5
-0.88044463391068706,-0.4697769571515138,-0.064240619138826824,0.47294220165575707,-0.87976632871208615,-0.048341294536468959,-0.033807107401849591,-0.072943933222175891,0.99676289161224174,3.1842117500298741,8.7581410573745142,-1.2943255272239518,,0.113478956498423,0.1388888888888889,0,5
-0.15065654831104627,-0.97803084855659483,-0.144077283853735,0.98854370814768033,-0.15039224719682004,-0.012787066306463056,-0.0091619611785178166,-0.14435314771337326,0.98948381857037249,-2.2118920269934641,26.110477138892616,-2.6347291698031508,,0.114867707017469,0.4166666666666667,0,2
-0.5489799728578767,-0.80492552722791932,-0.22520187614187645,0.83538930502757469,-0.5371985749549758,-0.11637181837493664,-0.027307479680685427,-0.25201703649396251,0.9673374358879584,-1.4701962387135872,-13.277069346654047,-1.1349082570115148,,0.6173243208783471,0.4473684210526316,0,4
0.62410974458283575,0.7812764038774902,-0.0097060528024783543,-0.78092454845095294,0.62413583371715509,0.024724698114789546,0.025374718588056899,-0.0078512301232925002,0.99964717867962205,-11.011859838932422,23.013272261767373,-3.7239276707034823,,0.807953535794355,0.6111111111111112,0,5
0.95692411673114453,-0.27884152655193223,-0.080892755476045436,0.28749871020156054,0.94891504442303298,0.1300181914197876,0.04050588168103833,-0.14767410584737428,0.98820626997172012,-11.127324359021591,-14.198007754460034,-2.312569685902147,,0.2455311673199035,0.2307692307692308,0,2
-0.49078052932376404,-0.86605978194674782,-0.095262406703992261,0.87098810847434283,-0.49051852792508283,-0.027772084158295851,-0.022675690352702404,-0.096602421587456383,0.99506471408168584,7.9590788024468369,4.3300847830073224,-0.60199339174218724,,0.1411707170123742,0.4833333333333333,0,5
-0.70673234182495459,0.70698231887452112,-0.026559326373637209,-0.70684097307913052,-0.70719174259661022,-0.015989933699628176,-0.030087136705977589,0.007472616809103977,0.99951934658757902,-4.2118912540568374,9.7644939222567508,-2.2649026559167305,,0.07435614684124421,0.3194444444444444,0,5
-0.063284223045183149,-0.99342068502705894,-0.095448675600750196,0.99798287201546176,-0.063475299470926269,-0.0010361085114199513,-0.0050293416406837306,-0.095321712728244495,0.99543381337244929,-6.2368006117309287,10.44467114806873,-2.5112087199628816,,0.08271906616545896,0.4225352112676056,0,5
0.067061173425896181,-0.98121784713792326,-0.18087104654079225,0.99768842122800294,0.067941459633233642,0.001331243960020833,0.010982402574904949,-0.18054222365121478,0.98350591879904692,7.1972026121243839,10.924799103242041,-1.0496943846040296,,0.3555906449578959,0.7358490566037735,0,5
-0.86926241727447406,-0.48406256338267617,-0.10033087583358363,0.49293356970758045,-0.86408871698469347,-0.1018193745565711,-0.037407830323117224,-0.13796421242895623,0.98973053419573631,5.0105795895776559,3.0509532117062648,-0.84211274751309606,0.5470582387640922,0.2075682220273272,0.4565217391304348,1,5
-0.55166966866513223,0.83347158446241332,-0.031395773101089937,-0.83375974784669149,-0.55209291177586117,-0.0061724903783046672,-0.022477979124519629,0.022771356142378678,0.99948797181052274,-3.6556476106676863,11.38937959730983,-2.2202269105521255,0.4909384263444945,0.4630978055837758,0.9744094488188977,1,5
0.91862336983054915,-0.38790973235454768,-0.075213987700359905,0.39353654012552702,0.91528144781272458,0.085958495076827166,0.035497830739302155,-0.10856293490168119,0.99345558188493632,1.0520043551741221,9.6411096766797204,-1.5697109924574353,,0.09555166755873931,0.3333333333333333,0,5
-0.90120774525692937,0.43145296881555067,0.040901535291113039,-0.43038160889879762,-0.87986698887580939,-0.20150869114829706,-0.050953612341079382,-0.19920446176445175,0.97863236805377085,-1.0922387405485061,21.383549221789252,-2.3250564513704415,,0.236525762290799,0.2,0,4
0.31292579749365851,0.94379830590959302,0.10640584112322046,-0.94945502951404093,0.30793069684297836,0.060941224735715879,0.024750599860387915,-0.12009764237477777,0.99245350727506154,7.631476237288175,10.196243720355008,-1.0078109199504419,,0.396441385634392,0.44,0,3
0.97643817502416363,-0.20583098064684341,-0.064823589544554264,0.21186271807824233,0.97146209570947528,0.10665638887687431,0.041020471035585399,-0.11787707158610015,0.99218058686425892,-17.163219649239036,16.853250212465117,-4.3335273343315714,,0.1317970255372531,0.3076923076923077,0,1
-0.87973544204559562,-0.46611189932438307,-0.093836289979181683,0.47392572159924412,-0.8755032257231935,-0.094278906203450849,-0.038209454529954723,-0.12741192666504764,0.99111363552724074,-14.070777612033138,-15.239739359184808,-2.6101277686035766,,0.1470823441304922,0.3076923076923077,0,1
-0.94762158677927888,-0.30704720759712206,-0.087950784969393986,0.31677947705586407,-0.93869501066377536,-0.13602367393637521,-0.040793273785467231,-0.15675997340439249,0.98679390936107803,-13.012877622136884,-4.7320017014045801,-2.8739927688749467,,0.1126577212711546,0.2727272727272727,0,1
-0.99341340923270749,-0.10392868880925994,-0.048255839014971699,0.10834480478884813,-0.98903676121884321,-0.10033787038306627,-0.037298815422439915,-0.10490525535039047,0.99378251431988562,-7.1939227491172613,13.986396583911205,-2.7431081506833475,,0.1801923641147173,0.3243243243243243,0,5
0.39080115312321878,-0.91768684637557441,-0.071591275354027165,0.92035393372698138,0.39082811341749196,0.014213459670180768,0.014936378102952027,-0.071443948321587389,0.99733277638779561,-1.781719784742104,4.6063359920401581,-1.7155624345344973,,0.08938145511413899,0.3807531380753138,0,5
0.47479135892228441,-0.87668588041219253,-0.07742759571774438,0.87985225222818186,0.47489862874676209,0.018201831321103725,0.020812970516659438,-0.076766916704691532,0.99683181167031809,-5.2131322672790885,21.644531147690223,-2.8641538109933959,0.2046654112640129,0.1539469071368109,0.4444444444444444,1,5
-0.90443952158172747,0.42391425934514415,0.047810590091252547,-0.42629984615802841,-0.90232168032557492,-0.063906387631226275,0.016049703008381242,-0.078181109855828185,0.99680997240951286,-6.4472384038014461,17.304699470195018,-2.8965657709145396,,0.4395926862885071,0.45,0,4
-0.97788693831281659,0.2083741665757908,-0.01781411185070611,-0.20603684003893663,-0.97450821929842513,-0.08878373199286764,-0.03586023457751681,-0.083150088536671371,0.99589161375743507,0.5273688647170538,13.631698610182282,-1.8340413726476004,,0.1200320919457959,0.4210526315789473,0,2
-0.95954235884247974,0.27980710904132167,-0.031407695186822009,-0.27792653972197334,-0.95910710898834006,-0.0535760394784714,-0.045114300450974698,-0.042679447254694323,0.99806971934672639,-14.840685510138544,20.844739317644823,-4.1334721362426396,0.3698644919784199,0.3411439939574584,0.9230769230769231,1,5
0.85245884164162378,-0.51262216161232632,-0.10262768988399787,0.5199818386037468,0.85171051905298545,0.064869709855680233,0.054155432130925468,-0.10866329259873778,0.99260237659009909,18.170123251955285,10.442916569731251,-0.016097892054112332,,0.1395990424753003,0.3846153846153846,0,4
-0.67008809655828383,0.73874102638777395,0.072412973854370802,-0.74204011425912764,-0.66418684037481623,-0.090732077586803753,-0.018931763816291875,-0.11453181655966038,0.99323917125451089,8.137431301185245,-6.0260304781654828,-0.26756788105592944,,0.6054812989800534,0.3181818181818182,0,3
-0.85661550392584251,0.51485112039783731,0.033737253281292734,-0.51474169563812133,-0.84828949432080192,-0.12428161809595867,-0.035367572795799808,-0.12382753187417417,0.99167327136738137,-6.2833336842077392,-12.473964996308858,-1.7338853091887154,,0.2009982878527118,0.3636363636363636,0,1
-0.099388952857659779,-0.98553001769273596,-0.13730411602138362,0.99503596445218467,-0.099133983302739925,-0.0087110734839686722,-0.0050264795402829281,-0.13748831798042987,0.99049063444453789,7.700095630783399,9.1268830839390773,-0.92066905983454561,,0.1138585049615531,0.2380952380952381,0,3
0.93501531867307219,-0.33263950683326671,-0.12287112085601959,0.35245631704203229,0.90987804775702752,0.21885265085675104,0.038998697720050129,-0.24793728381101077,0.96799080825830086,-3.8024604076920165,26.917901408049794,-2.8693466820818552,,0.3669890389368615,0.1875,0,1
-0.3583726407493511,-0.92257033107089892,-0.14294416598822496,0.93345767189998097,-0.35656563042738681,-0.038958002630887861,-0.015027479276469306,-0.14739381067620433,0.98896371998215538,10.847351305353016,-12.675684719284853,0.096962023140034895,,0.1745628148327169,0.3,0,3
-0.99880129088384229,-0.034827253450266493,-0.034395402975976923,0.040053209803012371,-0.9854306862058535,-0.16529398981310608,-0.028137549879917016,-0.16647349669232711,0.98564438474826399,8.7924148083750886,14.48220925147265,-1.0035430863942205,,0.6019811163030305,0.4054054054054054,0,2
0.52836657250314134,-0.80253621713793544,-0.27706386491784923,0.84876115976605004,0.50729114847553836,0.1491984730181915,0.020814868096471414,-0.31399253312826203,0.94919725579345438,-0.096563482932003813,-12.325731608996877,-0.96592619275826641,,0.6126461650116978,0.2142857142857143,0,1
-0.80133629651672378,0.59785890364768179,-0.020612404373395166,-0.59744838391666166,-0.80157817476972038,-0.022975166772235087,-0.03025836149281266,-0.0060959873715952621,0.99952352173309789,12.579962063201936,15.032235325255511,-0.65784146763640627,,0.1326873665184357,0.125,0,3
-0.9671974173070742,-0.23601360826147139,-0.093950692759161764,0.2506132094866243,-0.94696396773368274,-0.20112747958669022,-0.041499098608753816,-0.21807526345159331,0.97504923172380342,-13.710533225459677,-10.424330588298963,-2.6952697190064008,,0.1804442712410844,0.5,0,1
-0.68001250384288536,-0.72034729333702907,-0.13668493552453398,0.73267491369008764,-0.67467027050639872,-0.089484618477398553,-0.027757259708996281,-0.16099628280441425,0.98656461088800895,-14.642572863124466,22.461058292411046,-4.2003040758981873,,0.1752825296670426,0.2666666666666667,0,2
-0.17070591899917012,-0.96271551742056827,-0.20985309560808524,0.97777683526183568,-0.13920553997184104,-0.15676185143872506,0.12170435343075255,-0.23194967160743193,0.96508414151161259,-8.9924563098056396,24.656950542647195,-3.5304923663419698,,0.3408383422053413,0.2083333333333333,0,2
-0.018937647307929354,-0.99756712923177826,-0.067090894991098368,0.99981745907133668,-0.018724927139191945,-0.003798110025495109,0.0025325975942281026,-0.067150575424921463,0.99773963846763425,-0.0095229495006157253,18.066798781995789,-2.0700334947092558,,0.0718215834323333,0.125,0,4
0.98643827493043379,0.16226674342148348,-0.024678608786916047,-0.1605675514800603,0.98520932663176664,0.05983848368300166,0.034023391423686614,-0.055064386831863613,0.99790296228584419,-5.7008890673334713,1.007013221200121,-2.0490217626104403,,0.2048013051307153,0.3608490566037736,0,3
0.81613633137678721,-0.56172040956349767,-0.13561589171869171,0.57721843460150735,0.8035132380384058,0.14555189814365932,0.027209692446350985,-0.19707018490084455,0.980011721797307,-20.959898162392868,-1.1709705451065573,-4.2761387977488043,,0.2121891106143179,0.2142857142857143,0,4
0.83780008208628043,-0.51069945182618148,-0.1930727644196869,0.54331361793125632,0.81473114655574808,0.20254251751769237,0.053864042056559119,-0.2745891999631338,0.96005178830984694,2.0776797459476337,-5.9517596334625873,-0.79110839596801086,0.724479288393884,0.3351247948595299,0.2777777777777778,1,3
0.59798342956800465,0.79969112871613002,0.05394364295085545,-0.80001003717735109,0.59139870034462083,0.10115096463300051,0.048987328745099319,-0.10364205653794926,0.99340755268872605,4.6912700635303448,23.27845234924111,-1.7660522001519745,,0.270843247819603,0.375,0,4
-0.93319165610001953,-0.35292811861369894,-0.067786990470871722,0.35709784179374893,-0.93184238302920652,-0.064427514127866597,-0.040428509390649764,-0.08432980660623296,0.99561740610849392,4.1789859362446222,21.861350646331324,-1.7413915344809392,,0.09423371020087912,0.3461538461538461,0,3
0.58660836209935008,0.80458168143034281,0.092406425219469013,-0.80880332203321226,0.57615300596281338,0.11783420550950124,0.041567003538368015,-0.14386115398792684,0.98872450793439148,4.4311068803282279,16.263690399737659,-1.5434297580460201,,0.2059076531992811,0.44,0,3
-0.80441996844083807,0.5938619983654575,-0.015376646937062515,-0.59270633557816432,-0.80406370591691445,-0.046698571634074849,-0.040096310792214596,-0.028451427460569154,0.99879066982842335,16.41643425775591,6.1852601342970068,0.024681983710754342,,0.100500801209873,0.2380952380952381,0,3
0.93974443182021894,-0.33225931054932251,-0.080524241171104002,0.33962026247145694,0.93429756258285279,0.10837961925822663,0.039223464682659887,-0.12919680764255917,0.99084292635778504,-19.166896927001787,17.245592393719974,-4.6645598997287143,,0.2353615055419254,0.6666666666666666,0,1
0.87911707496824287,-0.45502719808581543,-0.14178652087364743,0.4758608110330006,0.85463031939851064,0.20775828668867827,0.026639388549590113,-0.25011450611064573,0.9678497180919835,6.2384071327484527,13.243772257916101,-1.2243072675189448,,0.1849864593191958,0.3,0,2
-0.18796137606836308,-0.93918326307371214,-0.28741141151440447,0.98217585786826955,-0.18004680809644499,-0.053978987717548381,-0.0010513454316794526,-0.29243451447545804,0.95628497291146797,-2.8221773752457882,-10.404285635646795,-1.3094726976448181,,0.5663895483994128,0.103448275862069,0,2
0.94857157508630785,0.31491899720601058,0.032217885359560459,-0.31391882098865193,0.9226387091889352,0.224037465918695,0.040828185942749208,-0.22262937251166229,0.97404785392078552,-12.867095025195807,18.197008820262681,-3.8061358688188456,,0.1112432307455192,0.2857142857142857,0,1
0.44643754544222963,-0.84528353384656851,-0.2935800834991617,0.89459287387050657,0.42892759604238528,0.12539819525578724,0.019927569837424313,-0.31861711310153751,0.94767400892881781,20.426818281130167,-4.7955401307203713,0.62972285246128779,,0.555536416591646,0.2558139534883721,0,2
0.20405080874901274,-0.97173286513253865,-0.1187371309666074,0.97847993605184558,0.20624410537559243,-0.0063548203592052295,0.030664021146125587,-0.11488519408143513,0.99290538823596919,10.475448845942227,-15.481709198617681,0.17703830235689347,0.7605170944813439,0.7212346157541881,0.7346938775510204,1,3
0.72816692268482919,-0.66981951220157188,-0.14530916620005138,0.68537664604532922,0.71333425494639768,0.14633213514373181,0.0056378864268069534,-0.20614572950734628,0.97850505999842541,-15.812981363295048,18.787301976175002,-4.2510745960161076,,0.3052022561379131,0.3333333333333333,0,2
-0.99820683173863967,-0.040061575337550871,-0.044476861982183639,0.046726696356221391,-0.98590131533868575,-0.16067113076431772,-0.037413058120687813,-0.16246127721683323,0.98600537345753592,13.463672535238455,13.623267866043504,-0.52436466217582689,,0.1956982049808624,0.2307692307692308,0,2
-0.89931378375957838,0.43725535838420543,-0.0065168937639870448,-0.43602139142627117,-0.89771719580189446,-0.06315997609469147,-0.033467365577967451,-0.053959131997130649,0.99798213787391388,8.6837395840156599,15.732016144592629,-1.0628237226295083,,0.1116752461819294,0.3846153846153846,0,2
0.078545167403095653,-0.97034812148837546,-0.22859391899523915,0.99038518431098022,0.10214498029254274,-0.093293031349309108,0.11387643906852195,-0.21906831383159536,0.96904139772254116,4.5774928299389872,-7.0834044046765179,-0.51825542812673431,,0.7166271881076299,0.3866666666666667,0,2
-0.95904031162064696,0.28326867475012696,0.00073388819230573148,-0.28063718639464486,-0.94977233137916028,-0.13847486471952794,-0.038528564715925973,-0.13300893372965997,0.99036567653015362,21.341541152933051,4.396323589341022,0.46280944969201498,,0.4297307390425872,0.6086956521739131,0,2
-0.98512988723704464,0.16894493518911929,-0.031252426246154055,-0.16673032803718274,-0.98395755003634655,-0.063470760505002236,-0.041474124281779108,-0.05731621585916321,0.99749423477764754,4.4393835003767812,15.231318787070947,-1.4899001806268528,,0.07206075850200461,0.2380952380952381,0,1
-0.39473785111277387,-0.90357510379460781,-0.16653546379505463,0.91576681775063185,-0.40162137678266008,0.0084501608317470046,-0.074519557203135592,-0.14917205339394154,0.98599925663282528,13.418076837134196,11.188771183994509,-0.45982316228566456,,0.5148423937933834,0.2368421052631579,0,3
0.98746651302008692,-0.15000117015977998,-0.04908701065096141,0.1552633012925852,0.97908655862383331,0.13146413196711654,0.028340658702274039,-0.13743783930503356,0.99010486686587162,2.2050632206649179,10.619862047273822,-1.5575687003475807,0.3309214747130884,0.1716035974336751,0.3255813953488372,1,3
0.83064056975710143,-0.53147586918087508,-0.16604109235978923,0.54664290061681919,0.83509597488388931,0.061613731732117843,0.10591403626917943,-0.14194404957996784,0.98419210711629412,17.714289117989903,12.810523854655148,-0.10355267117181585,,0.1973653121243285,0.2,0,2
-0.99352410217600884,0.10901612026175256,-0.032020991840215028,-0.10559569922822165,-0.98995778514904675,-0.093984743055970224,-0.04194528221217457,-0.089994828439576999,0.99505855312854441,15.747748165866664,4.920638032689264,0.026630351483151179,,0.3746618654923572,0.4,0,1
0.41173737407906269,0.90584017624699309,0.09962886069455304,-0.91110505831875277,0.4069048036801135,0.065696677602680539,0.018971228016663549,-0.11782213645518806,0.99285348197439238,-19.05629584619879,-2.0679258714167914,-3.9752222886287472,,0.2433202061448615,0.6857142857142857,0,3
0.96688512220760292,-0.24116408434112202,-0.08350475960984248,0.25023883057933394,0.96013817685693514,0.12456006186626926,0.050136694385218457,-0.14133140403232966,0.98869193690976065,11.320925587119689,13.74855206140081,-0.71633072464082348,,0.1583949635170177,0.1764705882352941,0,2
0.95474262428557388,-0.29403552606053202,-0.044828905703815224,0.29476830096049433,0.95551028237698643,0.010571140937248289,0.039726189361159965,-0.023306859208352928,0.99893874696734186,16.652744686263027,-12.539650113088815,0.51147746967001695,,0.5759793860513941,0.8,1,2
0.9582387586243506,-0.26634148766001953,-0.10411865068810384,0.28314188154697173,0.93471727271556626,0.21478895456055144,0.040114291519411517,-0.23529945184428652,0.97109474902178017,10.540543229281615,9.3533048875380835,-0.66963391509647208,,0.7224124005887756,0.7191011235955056,0,1
0.99806429998680912,0.05040146297775739,-0.036432754789380926,-0.04547532017675248,0.99107799753248893,0.12528526673880855,0.042422262394446374,-0.12338596085736131,0.99145159050588194,0.16424761794438103,-7.7974572721836592,-1.0468640667892406,,0.5172730849151668,0.1891891891891892,0,1
-0.99519830137125698,0.097705544732744912,-0.0058281623384075264,-0.09316001945225956,-0.96380074240067248,-0.24981861364511634,-0.030025850919164047,-0.24807610823372503,0.96827511214540152,-13.007903425922478,25.195705908866003,-4.1015029100114555,,0.4545298494586015,0.3846153846153846,0,2
