axis_00,axis_01,axis_02,axis_10,axis_11,axis_12,axis_20,axis_21,axis_22,location_x,location_y,location_z,dbh,dbh_approximation,score,reconstructed,number_clusters
-0.52086556511993254,0.84828815104408073,0.095426808971636259,-0.85296907399404509,-0.52162178645507307,-0.018827392415308772,0.033805648670528245,-0.091202657272877671,0.99525838525698007,-12.767915531970218,-17.521405751291418,-0.73079043123995358,,0.3471690131889312,0.2083333333333333,0,1
0.32668179686932747,-0.89894163975143748,-0.29186115177465027,0.94338000054387383,0.29133205222130937,0.15861844130605357,-0.057560213412297036,-0.32715373094237848,0.94321644290290729,-15.05136666666766,-7.8708243322940792,-1.6268106183127899,,0.2106552686560716,0.5714285714285714,0,1
0.74305461056026201,0.66076249122321384,0.10612622634217847,-0.66151189492292861,0.70117452976351446,0.26600054828212616,0.10135017809858513,-0.26785669490122538,0.95811321481126543,-29.7089666354853,-9.5903222667772212,-2.130140246371683,,0.6572630356089342,0.6666666666666666,0,2
0.90129821800511645,-0.42405278241829791,-0.088548065727618572,0.43174075497323194,0.8960569111922676,0.10335343438762802,0.035516794843379086,-0.13138207498693918,0.99069536571853456,-4.2342220855038128,-11.464547506340853,-0.76401383036240766,0.1448786353426552,0.1410699213838411,0.7692307692307693,1,5
0.18171606137922483,0.98146759369911363,-0.060832849310994516,-0.97800686913114343,0.18682313949725024,0.092734451422810546,0.10238084278379633,0.042643605228256193,0.99383081355128877,-7.104967142081434,-9.0454179039849514,-1.09020997955359,,0.07870267531004012,0.4444444444444444,0,4
-0.99080695771161453,-0.097990412664589036,-0.09327085062375555,0.10169666699468814,-0.99416970722205789,-0.035838263967153755,-0.089215247981647469,-0.044994135927156724,0.99499556142715617,-13.302362481337726,15.112800293839713,-2.7711791682222731,,0.3482685942021829,0.32,0,3
0.7526960514053268,-0.64307007032347097,-0.14110116531409594,0.65746661392003825,0.74541153519593351,0.10999679439583956,0.034442789947226528,-0.17556345818822225,0.98386542086285522,-5.4623724120579205,-13.492552946055801,-0.68935655928545903,,0.1742924382884667,0.6,0,6
0.97803046596329257,-0.16016908747384659,-0.13342515154730245,0.19911199402537672,0.90728909415598957,0.37037941824680637,0.06173185144529246,-0.38880890298885856,0.91924796190893843,-17.700340369166412,-2.648524957805487,-2.0789737701657844,,0.2999387958853971,0.2549019607843137,1,3
0.99046052695671483,0.12540613714183646,-0.057107313960558327,-0.10482417890723132,0.95470967741034229,0.27846242722396974,0.089441802626353567,-0.26981981511038594,0.95874784553434345,-3.5651208999690915,-11.916999920691405,-0.69430110702260817,,0.0877089906233052,0.4186046511627907,0,1
-0.79984853768780828,-0.55405401253042896,-0.23079529448757663,0.59003556117931144,-0.79631842531509256,-0.13317282773714564,-0.11000160590869093,-0.24269552262582778,0.9638456982291751,-0.046051339710335655,16.566613315356474,-2.0507012697145308,,0.429976827163458,0.5806451612903226,0,2
-0.31893277022322414,-0.90813317992882114,-0.27124899186929302,0.94141854014679494,-0.33663846476835008,0.020141407753323678,-0.10960392486411033,-0.24893507497091646,0.9622984506397203,-8.811366202974261,-12.018774244065943,-0.96808485457083071,,0.1167651162289811,0.2413793103448276,0,1
-0.08527515161522993,0.99606936469204754,0.023957655122758506,-0.9927504779911086,-0.086986032189799722,0.08294527504506205,0.084703228778042511,-0.016710802669430012,0.99626608499372216,-1.6668118242039527,13.394869051147451,-1.9771830701851398,0.1232948537908989,0.1624322770571902,0.2352941176470588,1,5
-0.38946503332608845,-0.91029152507650213,-0.14030797265375142,0.91316066015146014,-0.40151111244015519,0.07018856985877138,-0.12022727048411018,-0.10078772723385569,0.98761694875643724,-2.0968339344428486,-15.06611604322768,-0.36291851112699869,,0.08543832558386139,0.3333333333333333,0,4
0.72334119183880341,0.68989479536225073,0.028682599625889166,-0.68460054314591845,0.71113749854559072,0.16001735682929705,0.089997869494416544,-0.13538326888651936,0.98669739737777129,3.7588969903627252,11.650570086503089,-1.567393187766261,0.8197889686613098,0.7745343987450269,0.8387096774193549,1,4
-0.44906157941436747,0.89350036170184954,0.00089528349611883522,-0.8929365753035502,-0.44881338083703987,0.035083068092651271,0.031748549243095267,0.014955026589437672,0.99938399867151562,14.679350138441478,-15.808035202416569,1.0433930044408113,0.8835839720127139,0.8024748026640769,0.8333333333333334,1,5
0.65481659756440558,-0.72994501938738909,-0.19594767726543938,0.75401277811011258,0.61318260878910069,0.23552456076864581,-0.051768272144688536,-0.30197244402451334,0.95191002150886961,-1.9092058531951375,-16.213351771499795,-0.28530080567787391,0.8632422277341677,0.4943445225176173,0.25,1,4
-0.026339823653611559,-0.91035634051923975,-0.41298613410902174,0.99552483442278417,-0.061394577028941445,0.071840169535751147,-0.090755262863289221,-0.40924569538097222,0.90789946749337824,-26.922421107798048,4.1316811516780687,-3.0481983709584877,,0.2256523683738146,0.2857142857142857,0,1
-0.25638060134081547,0.96623695129758824,-0.025595726269488708,-0.96349894350314247,-0.25336355645628889,0.086467879169939019,0.077063435716610854,0.046830142077101976,0.99592578271103538,-17.906776770721333,-4.5437678883152,-1.9315718802207322,0.2477832618900023,0.2048545019224333,0.5662650602409639,1,5
0.95205276322513055,0.30009225424101199,-0.05949936957600508,-0.28806739491394584,0.94482514750055191,0.15595709871004124,0.10301801795262315,-0.13133955837868733,0.98597018635555345,-4.2752129423175269,12.243369705970258,-2.08789567856192,,0.07336551999224665,0.3333333333333333,0,5
0.40718714958866353,0.91192124724798729,-0.050973169683026856,-0.9062511153383328,0.41033712267452283,0.10164822528318608,0.11361136016212092,0.004804640763766313,0.9935136507714647,-8.1600274701462698,15.01945697343653,-2.4596011957450448,,0.09828270066009005,0.3888888888888889,0,1
0.27829777377198256,-0.95494415825381262,-0.10311160812670966,0.95856850523603276,0.26933896013129011,0.09275206372342075,-0.060801068108352993,-0.12465223292148868,0.99033582735583714,-9.8802549859460473,-14.803705398867843,-0.7793932172436997,,0.09666475801740546,0.5,0,4
0.98785374823729843,0.13735875878903489,-0.072646703142374883,-0.12870719122281468,0.98525450162919348,0.1127298804529792,0.087059927757002054,-0.10201048183076537,0.99096641243565875,-10.456418236524035,-17.822700639863907,-0.57444456359642837,0.4449745727825773,0.4735190577224149,0.9134615384615384,1,4
0.41287630259014857,0.91048406466310527,0.023493121419665638,-0.89892112519934209,0.40321150721967386,0.17135136741791188,0.14653999259532338,-0.091865382164284096,0.98492983614568874,11.204960827324243,-13.715797851659367,0.60011965986690941,0.8319188342739555,0.5480388892420681,0.8032786885245902,1,6
0.49448766033545721,-0.83682089670323423,-0.23497391475812476,0.86791541390453575,0.46077617016933381,0.18549435385207119,-0.046955170991933137,-0.29566215152581532,0.95413788525151955,0.84847877747604539,13.670134713086465,-1.8742688490903885,,0.5853820841061063,0.3565217391304348,0,3
0.93256908753853374,-0.34026042778862758,-0.12057254351073489,0.35802577807841163,0.91451766700356274,0.18834802619010832,0.046178341231532881,-0.21881562562911699,0.97467291066369699,-9.9393186000634071,10.258712439596383,-2.2752874217441912,,0.1103133204734062,0.3,0,3
-0.98690799927419448,-0.12676518829221722,-0.099715535428765781,0.13326423354297209,-0.98917418519068956,-0.061441642316426473,-0.090847372151377864,-0.073925762691866514,0.99311718169791752,4.3246302603096414,3.2423666502456632,-1.0527150426187459,,0.07818942560559686,0.2758620689655172,0,5
0.66115130343367134,-0.73080609527616724,-0.16970976717666844,0.75025006738960753,0.64342514547779761,0.15208194682066661,-0.0019468820833580857,-0.22787394163018415,0.97368869582432582,6.7940373395169456,4.1788126180088856,-0.89575177398839456,0.7765238478191958,0.5940980266430047,0.21875,1,5
-0.45687050403555551,0.88399198185406225,0.099133841648674906,-0.88853413358367506,-0.45879501551975421,-0.0037718948734144172,0.042147787593241948,-0.089807069610112519,0.99506695968112557,-14.638807217481329,-25.398059897501192,-0.16091795945771128,,0.2964192694810987,0.3333333333333333,0,1
-0.17788401215936631,-0.9350616959181719,-0.30662175892248522,0.9825596481785136,-0.18592281126313115,-0.0030407274343090865,-0.05416471166176462,-0.30181506436665206,0.95182658658599739,-6.6035716907131166,16.365298419950523,-2.4470442499608387,,0.3611392563857111,0.4193548387096774,0,3
0.84630175720527145,0.53086442701477032,-0.044230033705054746,-0.51885923470155748,0.84026706130752815,0.15727797126910512,0.12065832054269821,-0.11015546201569502,0.98656340083743477,-14.156560763948645,-4.0466773158117428,-1.8081202033495882,,0.2311733285076832,0.1153846153846154,0,2
-0.89919512423584502,-0.40589008999966891,-0.16340551823774094,0.42338594562914428,-0.90138350686080515,-0.090841150383691588,-0.11041951636463208,-0.15086751936509693,0.98236781401185136,-9.7643961436342579,16.033888164228735,-2.5974833742556642,,0.48057828919756,0.53125,0,1
-0.26519757622927526,0.96408991172884895,0.014173484567333978,-0.96152185028626291,-0.26552767096813379,0.070503811048211878,0.071735465316684954,0.0050693246987258203,0.99741081053039515,4.2911931562450345,7.8441945377916156,-1.3452023985308554,,0.3314512284382757,0.7058823529411765,0,5
0.86257311463475361,-0.47422389823432548,-0.1762932677465037,0.50469110229824365,0.83092326102617253,0.23420808172779786,0.035419107417945211,-0.2909952381553198,0.9560686472218638,0.99307766465215397,11.221168766722064,-1.7343373299461469,,0.7122824057643528,0.6521739130434783,0,3
0.2592512404399181,0.96339602457942419,0.068241440158653563,-0.96292867143720606,0.2523781012591817,0.09525580155029445,0.074546415437247118,-0.090406824019946416,0.99311098982746393,4.9911828779767493,4.0544813195719298,-1.0430510333030651,0.4211116885212335,0.1946297522238914,0.2,1,5
-0.11407753590378811,0.99347036377560272,0.00171816812104867,-0.98974491712634816,-0.11379907625322354,0.086341005706857585,0.085972756293366273,0.0081490210139167855,0.99626416106966165,-0.98116736753061462,-20.825437304869904,0.038126158517137215,,0.231591130484049,0.5238095238095238,0,4
0.79310893417921979,0.60493598833753159,-0.07092720591702048,-0.59718414954483401,0.79523095812377553,0.10477983953965056,0.11978860570820103,-0.04074522371561478,0.99196296134827988,12.676603544295414,4.6851400474636922,-0.54371245336835139,0.4967794627135392,0.4307128895963638,0.8607594936708861,1,5
-0.25792090082370994,0.96581563485064348,0.026018616341695548,-0.96288042740656321,-0.25916958869679008,0.075448040478813275,0.079612131209018888,-0.0055931898579399727,0.99681022506371419,3.458021459538799,10.332528526718038,-1.5347350910060125,,0.1594697129048329,0.1818181818181818,0,4
-0.97831246549636786,0.19618488346573354,-0.066454581135960672,-0.19895462763408892,-0.97927419083860912,0.037935673189879747,-0.057634850545485831,0.050334388413140106,0.99706803847364178,14.164908958230576,-17.611333125790928,1.1588428842048641,,0.2094039080051099,0.8461538461538461,0,3
-0.51774980606372556,-0.82781246658635599,-0.21601309794822415,0.85352622358979635,-0.51707959848132856,-0.064200268526929866,-0.058550183308991408,-0.21761252031673745,0.97427751027922305,-9.4722306268462155,13.462913582126852,-2.4493865575410299,,0.7992879918441543,0.4333333333333333,0,2
-0.82311634879994355,0.56716398239669619,-0.028363593040578769,-0.56768486108168936,-0.82310175385455475,0.015407832430952825,-0.014607355575677026,0.028784021148505798,0.9994789168809961,2.9414290503750453,9.1814912163358908,-1.499178665423156,0.3118267660661408,0.3802715587879944,0.3469387755102041,1,5
-0.92445893218426634,0.37562549146949187,-0.065430672188433209,-0.37906801992048644,-0.92392238109026281,0.051719145333830083,-0.041025833060271605,0.072614901217331218,0.99651590912684829,-27.765341616224838,-6.3972008241169034,-2.3149580235006688,,0.7604234592330787,0.7619047619047619,0,1
-0.15633104090647479,-0.9790675088393751,-0.13033579241389581,0.98379305652738469,-0.16608269019602334,0.067585219876521246,-0.087817011891797386,-0.11765777982059569,0.98916369690263284,6.9856328697117052,13.671943431663557,-1.4652372808811474,,0.594758391955573,0.4761904761904762,0,2
-0.94598369058121401,-0.29940072349240782,-0.12439479059257712,0.30714240470981291,-0.95044550008926609,-0.048134131228686698,-0.1038190752387141,-0.083741018218611102,0.99106460005606611,-6.0033227335491022,-17.62516091970274,-0.36057227529957936,,0.1119162104676481,0.2727272727272727,0,5
0.98507149791120641,0.15522490080438894,-0.074426972081636428,-0.14494673456605034,0.98114506794342016,0.12784678247394848,0.092868660707539116,-0.11515027494786877,0.988997384242152,-1.8943009969785058,6.1309504576474554,-1.6507129322491192,,0.07456175675615284,0.3875,0,5
0.9043060528363589,0.42675433405650898,-0.01054993684869493,-0.40667447851875516,0.86874405976183688,0.28266522097708013,0.12979380310717595,-0.25132548018955164,0.95916060786630919,-12.266861760785961,-11.548840343504706,-1.1803723247793683,,0.1736958485485236,0.25,0,2
0.1033274725453309,0.99433700220498356,0.024846719368991851,-0.98858550280924418,0.0999119628657332,0.11276658774526999,0.10964550630458697,-0.036214993059835034,0.99331079588660864,-3.618198410540681,-4.8654536256386365,-1.1299895661564918,0.5781203835514933,0.7154823237874007,0.7342657342657343,1,5
-0.75923296716534594,-0.62021224985886769,-0.19723606844162006,0.64171683678261593,-0.76391657102622479,-0.068051259365636912,-0.10846567640972518,-0.17823646550730693,0.9779912880002789,0.069386911446638,-8.7524346760634071,-0.66800937526696735,0.3137405608058642,0.1179060217265275,0.3846153846153846,1,7
-0.27153772232767287,-0.93806079541738163,-0.21519574683066997,0.95632584992155334,-0.28812346026510094,0.049251806227630354,-0.10820413173681888,-0.19242353220376904,0.9753281756051686,2.2884810110745586,-30.783786087725151,1.1586339860288786,,0.4618920550224615,0.6896551724137931,0,2
0.89954162393526449,0.43299468079276765,-0.057796827015647784,-0.42117359986086755,0.89477649897982492,0.14828289063019051,0.11592094542465212,-0.10904413454458058,0.9872546333815192,21.362266877129848,-1.9343489248635231,0.49720075149419263,0.3130614233973939,0.2454672983834705,0.5333333333333333,1,5
-0.96394078172240127,-0.24815240658585927,-0.096117388843284038,0.24696549757965536,-0.96872093406616422,0.024244481995085866,-0.099127253253775027,-0.00036743383494105967,0.99507469702265938,-20.999073922264394,-6.6642715697955524,-1.9700776211470783,0.2909208669041337,0.1444648598794661,0.5641025641025641,1,5
0.99479980549405245,0.072898672249128743,-0.071127565495444439,-0.055497103012082133,0.97355546374742896,0.22160737931033397,0.085401513723475472,-0.21650760400466779,0.97253845109686843,6.4130895933961352,-2.125667544249612,-0.58402108637635186,,0.0880993536384828,0.2142857142857143,0,1
-0.65417713190333016,-0.74381249244589576,-0.13709579197100294,0.75206419411459013,-0.6589522649399816,-0.013467013820427353,-0.080322649517457573,-0.11191464878152353,0.99046624544332806,-18.488848048776848,6.8488838813039132,-2.6740493219774972,,0.278950837661155,0.6363636363636364,0,4
0.98791907989232319,0.14370738987437207,-0.058000669653042874,-0.12558188728790631,0.96168080835184355,0.24371953642035524,0.090802429317247663,-0.23349134661318929,0.96810986457470116,-2.5182498177036088,11.306947538540951,-1.9507495921505773,0.4243789727314567,0.3310677067163721,0.15,1,5
-0.037192649894682454,0.99926787703390019,0.0089675371185240615,-0.99871412618472089,-0.037478405336579146,0.034138882414561027,0.034449977545707298,-0.0076862904959152985,0.99937686584466767,-11.594776639953539,9.1309431963043615,-2.3191352143641946,,0.249153073220029,0.3333333333333333,0,3
-0.28359807315339658,0.95773417505256986,-0.048139202735983239,-0.95695634817356667,-0.27942376309661315,0.07846596910279624,0.061698303007407758,0.068319913299880408,0.9957538394868003,-8.6771218167935906,9.6802371013078012,-2.175614900625773,,0.07312244950123062,0.293103448275862,0,5
0.78003716848160343,0.62342685154212973,-0.053674729281759051,-0.60662798849284649,0.77446810140243638,0.17944816378895795,0.15344216944610017,-0.10741564451407019,0.98230208182070999,-0.99525728189332718,11.454043367982774,-1.8727178265190774,,0.1513989192222205,0.1875,0,3
0.36339590497212515,-0.8955279210851359,-0.25685240665881315,0.93123848764472339,0.34112241082688421,0.12818104368752031,-0.02717159138986646,-0.28577131309595877,0.95791255406365394,14.187383098172353,7.4011301050926068,-0.64660786572466233,,0.4420909858155342,0.4166666666666667,0,6
0.93639317512987819,-0.31528772937323074,-0.15414755683064271,0.34689669075937701,0.89809564947199683,0.27034587168969976,0.053202514135865429,-0.30662330652796566,0.95034290673602562,-10.908320956271192,-10.978182787347906,-1.1651508256989518,,0.3018766673200823,0.625,0,3
-0.32659153838826821,-0.91320669205686356,-0.24370372306500845,0.93778620058296069,-0.34524187444171223,0.036947126114881247,-0.11787709297976592,-0.21647536976417178,0.96914570898090735,-12.473287179065409,-2.6409976934675643,-1.7781528468854764,0.6653088818778069,0.657047433225171,0.1691176470588235,1,2
0.64920318472285576,0.76030598269979577,0.021680350933495306,-0.74874660023742767,0.63379785075674444,0.19411031144435642,0.13384227126956361,-0.14225012143063051,0.98074010286842817,6.1257734783881963,5.2321868181470386,-1.0076037121959174,,0.1208147027900687,0.2,0,5
-0.2499817019868531,-0.95827209461218998,-0.13864970738997406,0.96256589254701508,-0.26144704431743593,0.071500667988823929,-0.10476665107240701,-0.11558562066816953,0.98775701117118342,8.6830175601109136,-3.3968452125128845,-0.33006542197239391,0.1546180008929808,0.1196474989127461,0.5,1,4
-0.50640522296182833,0.86120275567849514,0.043400043418712765,-0.86120600882206211,-0.50765373025962746,0.024736623097317691,0.043335441912529707,-0.024849623040413878,0.99875148846396911,-14.235438471862736,8.7087467420750677,-2.4909524354644925,0.9746780401701215,0.6290139601673704,0.4857142857142857,1,3
0.74363225822013534,-0.63231520417800713,-0.21722925010169875,0.66563039270311886,0.73070661131786174,0.15167078982539201,0.062827102784650229,-0.25738168299568565,0.96426522513984425,1.2377676003927554,-11.199246382364448,-0.42791937378923511,,0.2500277373846798,0.4523809523809524,0,7
0.52698049150428616,-0.80824871205018567,-0.26272719890242846,0.84933427504094794,0.48979778540651647,0.19679791322963469,-0.030378459713549605,-0.32685187605410393,0.9445872115931615,19.446143964751833,7.9018578370194721,-0.28782443484545306,,0.3793481076941295,0.3636363636363636,0,5
0.99594548355631252,0.057178901192693185,-0.069449024774871873,-0.034475980406691732,0.95566979051585466,0.29241521552474165,0.083090315673861451,-0.28883529000760966,0.95376631031266734,9.9680972738046592,-5.3197801413097503,-0.069599266948541558,0.7611740552101411,0.6275327178649391,0.5909090909090909,1,5
0.38924555474167893,-0.89773638605720973,-0.20629415712226135,0.91983244791938312,0.36692087722730188,0.13884285220847328,-0.048950647273343147,-0.24380002256703942,0.96858937797594746,-5.3407135479683783,14.03392877903465,-2.2067441394990306,,0.1473508486491013,0.2692307692307692,0,4
-0.9961880056157677,0.028334847602284302,-0.082502084086614427,-0.023357218949860658,-0.99788360224333494,-0.06068572069930505,-0.08404699750858291,-0.058527367830965203,0.99474149879482321,-3.1668648661638574,12.337165878781676,-2.01907228329289,0.810254561422899,0.5489882159846113,0.5600000000000001,1,5
0.99239638428289889,0.10420412234319885,-0.065505094068421948,-0.085594937021881479,0.96672199514690227,0.24108523566451132,0.088447290622434033,-0.2336452117760526,0.96829075787992225,-1.4136057438355327,16.728479345475133,-2.1495131579275832,0.4656160866080328,0.3807842642513471,0.4782608695652174,1,5
0.54561786960601599,0.83665412990667698,0.048072937050843284,-0.82968613185003337,0.53121666233762233,0.17155110104748866,0.11799179201250343,-0.13348679547048151,0.98400163234249771,-15.027503961307811,7.1429811281014395,-2.4467910046211574,0.9349301783140821,0.8111537487646239,0.8159999999999999,1,1
0.92287142659568111,-0.34951457204338693,-0.16170310418350251,0.3795793427907001,0.8964447772866686,0.22870567068185205,0.06502193860407951,-0.27244508658587285,0.95997178203079692,-27.878880825804082,1.545526359906948,-2.9575182778851299,,0.3317335018718129,0.5588235294117647,0,3
-0.89085572475025787,0.4535931377171204,0.025086711534822444,-0.45295182843864523,-0.88265370916139052,-0.12552717163119814,-0.034795384662077794,-0.1231896713185716,0.99177295087466499,-2.4950914693512125,-25.88298827125579,0.44864060457136345,,0.2531401568233057,0.2592592592592592,0,2
0.2358311101400806,-0.95261489302062674,-0.1921159886250948,0.96919757102185589,0.21611736963074399,0.11810737008850711,-0.070991237596145382,-0.21405174173360228,0.9742392396354087,-1.4853788623234825,10.736544118763931,-1.8841761039269651,0.2935065367762864,0.2021521517436041,0.2272727272727273,1,5
0.048977520914282716,-0.98724069662224601,-0.15151570670367157,0.99536193192767863,0.035668411964436084,0.089344215577364106,-0.082799920979975877,-0.15518882472896456,0.98440875746051359,-5.3898724786953718,-24.319094883849637,0.16520509221705909,,0.1496090412945996,0.2222222222222222,0,2
-0.99758162391961736,0.027912444916347961,-0.063653743304621382,-0.02919369666683817,-0.99938766650215849,0.019287823057422663,-0.063076395686686382,0.021099465921241872,0.99778563872457804,7.5089682670948363,-3.9683116414423161,-0.40264921057913367,0.1890022249377896,0.1163052979475056,0.3928571428571428,1,3
-0.97932761799839485,0.18903801920766561,-0.071986414826904974,-0.19415119751887322,-0.9783081922225203,0.072238449127112372,-0.056769086020266826,0.084721356955287222,0.99478618936336105,5.2816760008406902,-3.8225088700497527,-0.55570517949939147,0.1624143800834616,0.1579022291246368,0.5945945945945946,1,5
0.85502320050727076,-0.49637793602394353,-0.15014749822395757,0.51744155342008269,0.83584547314305191,0.18334825829682527,0.034490076667286311,-0.23445956933952899,0.97151384187596979,6.086585256300757,2.9152944624114432,-0.87559847029156945,0.5370458090304016,0.395756195792014,0.5833333333333334,1,5
-0.48602718929787847,-0.86075972142882673,-0.15122920759222003,0.86680673544088493,-0.4968555201346973,0.042198050973865087,-0.11146144919889428,-0.11057709562764796,0.98759761606892993,-17.04502741593749,6.4061460027572101,-2.5237604764358688,0.6417245925854407,0.5423967693358392,0.9285714285714286,1,3
-0.66267069679554547,-0.70797642385787007,-0.24420673796995976,0.73932910514560102,-0.67042949290464937,-0.062584098045909545,-0.11941533357618522,-0.22202179691426011,0.96770155513042966,-15.515221514862787,3.0807926609554288,-2.3344587777692034,,0.3828891735752277,0.5,0,1
0.58893291285526383,-0.79011894935451177,-0.16991194786340591,0.80781710355297132,0.56919391948979925,0.15313330540130035,-0.024280678802340614,-0.22744302118720244,0.97348863411451059,8.1170545160027299,3.1691712137962429,-0.73851709915159858,,0.1487786301534408,0.4166666666666667,0,1
0.83432869249508967,0.55053528743426305,0.028399474803350578,-0.53686600808217166,0.79975535116938501,0.26863780009865607,0.12518195654864206,-0.23937893718037423,0.96282251853030854,-18.837338429601232,-5.8771646356491285,-1.890225105773464,,0.2911209811266094,0.3181818181818182,0,3
-0.61297104797956892,0.77089773866276468,0.1731564924092199,-0.78983323258475091,-0.60361511274051893,-0.10868422321557511,0.020735453782138064,-0.20338503434590752,0.97887924115314762,2.551262032014427,-1.73531425639741,-0.91360560339198327,,0.6042750049529549,0.2205882352941176,0,1
-0.50591776452747206,-0.84428014484312131,-0.17674346539322494,0.85504712249689707,-0.5178814503190714,0.026329104147189496,-0.11376130205524058,-0.13780362999244969,0.98390473406504286,12.629513367618019,-12.28405071451108,0.62416033956359307,,0.1867308119219598,0.3529411764705883,0,4
0.98374961834808361,0.17260946217165513,-0.049423293787574089,-0.15378019876859364,0.95210734802530628,0.26427873221829806,0.092673291010370043,-0.25238377801481426,0.96317915764839768,-15.201218904100561,-6.4107013359633811,-1.7247940462130389,,0.1452042205985442,0.1428571428571428,0,3
-0.91768112315450201,0.39724745248293036,0.0074711245281490913,-0.39545668871734424,-0.91140340669179942,-0.11383249808071966,-0.038410461525560151,-0.10741644085709411,0.99347186406006927,-3.9692712989166146,8.0061537806290364,-1.8827683558837711,0.3022054012051868,0.0920184033992013,0.5625,1,4
-0.27363903344238127,-0.9384285522621979,-0.21088748582074515,0.95583715888447407,-0.28975895846447852,0.049143378854507723,-0.10722408811631999,-0.18812654860135058,0.97627424253586026,-12.835614703831093,12.649664667768004,-2.6250895146863482,,0.7171445279896129,0.6923076923076923,0,1
0.65819509383280161,0.75263763206147716,-0.01777113556646067,-0.74450464642178338,0.65422430033953261,0.13305411042738916,0.11176783934032322,-0.074344869696174015,0.99094943889133624,-24.863678406236506,-2.5203459842682578,-2.4612890974995918,0.4698502061335582,0.3353429756529631,0.9520958083832335,1,5
0.81164588921570857,-0.56217396748943038,-0.15871792840267446,0.58344497764081715,0.79351222004436994,0.17300379968649107,0.028686383267148181,-0.2330210010223335,0.97204850933356279,8.0633254494086692,-7.1877813767374521,-0.10623664279103757,0.6696838390813601,0.5288862136506342,0.8901098901098901,1,4
0.68898602964436106,0.72476913985889124,0.0028186633538499358,-0.71501246203627955,0.6790646259651778,0.16621796802870209,0.11855559914115131,-0.11653723727193652,0.98608500761410356,-9.8138272089292933,-6.0403817246930851,-1.4265350089291506,0.2349112571718591,0.419849717589504,0.5256410256410257,1,3
0.87150903517308054,-0.47642558579973376,-0.11614931255528924,0.4891306672693454,0.86144656224725835,0.13660531003231416,0.034974161152636719,-0.1758649526988261,0.98379282700368809,4.2470376876475937,8.9858064430011648,-1.4065806384730895,,0.06933685349980359,0.2777777777777778,0,5
-0.48565093249387514,0.87304810321202597,-0.043933828033912235,-0.87320624928812496,-0.48217368752396633,0.070847591798912007,0.04066961976702476,0.072770492216449045,0.99651916062390955,-14.831889054607284,5.3107630472955023,-2.3508802817649843,,0.07496454872694527,0.3148148148148148,0,4
-0.056606165237443253,-0.98728087442461754,-0.14856721392175673,0.99438133745890045,-0.069083038022813334,0.080207789964477819,-0.089451091500095975,-0.14319220946999972,0.98564420222336824,7.7903033664002619,4.1504026638527005,-0.81123099057963433,,0.09296504074254607,0.2666666666666667,0,4
-0.58836989128025152,-0.77236989821103363,-0.23930234301473929,0.80206791443561354,-0.59499714091672773,-0.051628121540749083,-0.10250820292918868,-0.22231316343932173,0.9695715165442057,-2.6121934265012037,-6.7169719689023433,-0.97035499307236817,,0.2769221852301231,0.5,0,2
0.9871739656834333,-0.13171096656923237,-0.090220744633602176,0.14379012084786211,0.97907709428554734,0.14398765430385405,0.069368311377748501,-0.15511371548244071,0.98545815367565537,4.9530389313139693,-11.166985541421749,-0.13555499522366987,,0.09189620721574909,0.3225806451612903,0,5
0.83957171157353949,-0.53214376728673052,-0.10928106909874585,0.54276309744532514,0.83017894040262663,0.12732300249181078,0.022968699942213053,-0.16621052268090342,0.98582275332490998,-8.0808889594399176,-7.9786053530859204,-1.2235662212699074,0.7146812938527679,0.7865784060755234,0.7939698492462312,1,2
0.017600516190164912,0.99955453544150241,-0.02410295641955456,-0.99604955998280065,0.019627113868684119,0.086602831704602007,0.08703732468263059,0.022483484594450952,0.99595130254073261,-12.899276014043812,4.6004280492328782,-2.2450074039556789,0.219361671024636,0.215445500648402,0.6946564885496184,1,4
0.20911204099225297,0.97783275389768387,-0.010735907829633099,-0.97250574403208323,0.2090984465182546,0.102520327195424,0.1024925955211325,-0.010997502831311505,0.99467297278794953,-32.789014798595538,-0.13494480335586262,-3.0192417757660337,0.4760618875613901,0.5710084580163829,1,1,4
-0.79290349755592993,0.60677175057902477,0.055965045008823315,-0.60930636907789693,-0.79056283118367643,-0.061287507307442909,0.0070563563319353262,-0.082694937270163249,0.99654992608759985,3.7973844221754809,-11.927147442339482,-0.18726044767632019,,0.1406189119965855,0.4615384615384616,0,2
0.15963627386428092,0.9825920502694947,0.095021696543043835,-0.98185813077603756,0.14806149788577472,0.11845844787437228,0.10232727444681097,-0.11220809057733178,0.98840197961824994,-9.9497168271590244,-9.506971153121599,-1.211303076131772,0.4619321946171302,0.2152661252219657,0.1818181818181818,1,3
0.66676421231892602,0.73585619457394047,0.11807263051986534,-0.74288754695149173,0.6435852272949445,0.18416337255846818,0.059527957760337785,-0.21050823289095669,0.97577800043350504,9.4916816069338008,3.2638117016558765,-0.63126990248760162,,0.4293695854536038,0.2777777777777778,0,4
0.47799124962689993,-0.86713925090129296,-0.13997815839072802,0.87743185324300554,0.46403926299419301,0.12157674660209956,-0.040468607520643067,-0.18093391596422992,0.98266230713261282,10.342027119362802,-9.1674685395223889,0.18747369392912164,0.1500785689419501,0.1216192849172938,0.2666666666666667,1,5
-0.99677409066799738,0.011770035410286343,-0.079390669725277904,-0.0037705990119881187,-0.99496350047075244,-0.10016693723019497,-0.080169787052719238,-0.099544457391798818,0.9917982185134705,4.0343305402653389,0.81490772635183462,-0.97129197176887105,,0.1274380700165792,0.1506849315068493,0,3
-0.52144283327213481,0.85042247622973799,0.06984972120495625,-0.85101481849525795,-0.52427832066600655,0.03010018573224817,0.062218569017716746,-0.043747621682939213,0.99710330220417709,8.6164220779643337,-31.990812031771267,1.81568607552581,,0.2184198868064663,0.1538461538461539,0,2
0.9336440575294731,0.35235934924838475,-0.06443339846041124,-0.34338568365892475,0.93162597372860112,0.11899292975773813,0.10195609887591887,-0.088971535175537964,0.99080221024708703,-16.186253055307159,-2.5233120411523022,-1.9917332800684557,0.2709241186737892,0.114797600740269,0.6331360946745562,1,5
-0.29248374910626368,0.95410889517664954,0.064260973020470166,-0.95468934849363341,-0.29520284846019362,0.037729645291067079,0.054968212464533338,-0.050313958359298763,0.99721963539266145,-5.2623518682505335,-8.2227752344253382,-1.043170198176679,,0.1388753363541066,0.2328767123287671,0,6
0.72053849304984174,0.69057772185156796,0.062663307571199131,-0.6793821200228799,0.68497972888150116,0.2631400881938053,0.13879558720176061,-0.23217489335353389,0.96272041833005428,2.0675260949703356,-28.734766427275627,0.90170150832149798,,0.2165459129604307,0.3225806451612903,0,2
-0.85851260960611309,-0.4951253666185696,-0.13344276105555467,0.49408960361034504,-0.86834056254467862,0.04312923653119919,-0.1372281412519844,-0.028905687509889814,0.99011761850706737,8.2515037894845822,-10.086300613048959,0.094997026682246757,0.3867342173078294,0.160485964952902,0.6875,1,5
-0.71015577521443107,-0.65360676580317367,-0.26168104750995441,0.69559278237273459,-0.70878456113525123,-0.11736748701096063,-0.10876330282107577,-0.26537264665489912,0.9579915982756978,-16.101248808515432,4.4633427356385509,-2.380734495299055,,0.5356294693451159,0.2708333333333333,0,3
-0.15624926732786967,-0.96888446964475627,-0.1919610662105842,0.98307714531393342,-0.17136693806796524,0.064751053262618416,-0.095632070044061143,-0.17859523235072799,0.97926413707471094,6.4573639263153124,-3.5255247911332148,-0.48968527358759173,0.201047296271356,0.2970492268710377,0.45,1,4
0.9623468061506637,-0.2525274780773889,-0.10059074265304656,0.264377602911614,0.95556275375611099,0.13040056254766447,0.063191041851882929,-0.15208450430570628,0.98634537347714135,-5.4803021474345268,12.549798761777945,-2.1543550335229802,0.07492777477248508,0.1165789178207871,0.3636363636363636,1,3
0.70562952603531437,-0.69229808173432827,-0.15103091741146166,0.70808889728751068,0.68099372322406626,0.18670206872871292,-0.026402377266740919,-0.23868580803305736,0.9707378634411411,3.5536882156174152,13.008983715392205,-1.6733409542158348,0.9200462907735931,0.646709217447619,0.6538461538461539,1,6
0.4887580285491902,-0.85817655791726721,-0.1569986782427808,0.87204603428489569,0.47530871842575034,0.11669334289691446,-0.025520650789020598,-0.19394488296869791,0.98068041621802693,-10.438207250229754,-5.2686557682742716,-1.5341305124130764,0.4515477922318953,0.4063718975164434,0.7213114754098361,1,3
-0.089176778036640744,-0.98183174183054733,-0.16749308341838526,0.98984895030672382,-0.10604661802951951,0.094621194143696422,-0.11066416690004778,-0.15735483957761079,0.98132201474634384,4.8426442195829287,-2.2620280973826321,-0.72001835964210403,,0.08327662157370171,0.4411764705882353,0,3
-0.98201637016629661,0.18367849003264855,-0.04365845879938824,-0.17973336976491719,-0.98032371885701641,-0.081616922505673054,-0.057790695776735825,-0.072302272064408146,0.99570709394679169,-9.1926019807248949,-17.735131472545845,-0.51491675612949039,,0.1794106840730019,0.4047619047619048,0,5
0.042155965165513301,-0.97462339787815044,-0.21984564337146398,0.99547077400726125,0.022206429215198342,0.092438155535982558,-0.08521040252427016,-0.22274673243385468,0.97114524170779548,-13.227779803106191,-5.7229421693535301,-1.6732902485263057,,0.2137394827990264,0.1071428571428571,0,1
0.63351229593105107,0.76665775237893186,0.10439378152673841,-0.76447543323199496,0.59940087441349033,0.23726757835215501,0.11932930440139741,-0.23011840967125385,0.96581884152332143,-12.814042543814095,10.23848883917606,-2.4634040844986096,0.5296364186982344,0.2879486247889146,0.1428571428571428,1,2
-0.67793240358626106,0.72726167430576605,0.10722925558694192,-0.73506045023087863,-0.67254496719229884,-0.085845218915722818,0.0096845585409809382,-0.13701724048558414,0.99052131987937675,-17.401695318421012,7.9348131502418591,-2.648490557102344,,0.5496195824529203,0.4,0,2
-0.86003265772513493,-0.50421023808155407,-0.078203986215438684,0.50258667132312429,-0.86357006322844221,0.040661821208193033,-0.088036727872995171,-0.0043337869545902888,0.99610780181466763,1.3040384773889986,-6.7336534067364768,-0.68677273140075179,,0.1048039516443971,0.2833333333333333,0,5
-0.58349615344597183,0.81109778068842697,-0.040652540831597209,-0.81172889658374325,-0.58094174094904139,0.060024095778584682,0.025068653029129556,0.068022671113434699,0.997368777759711,-34.904262809805878,-2.9288369794465683,-2.9175143987557046,,0.2251011643451764,0.4761904761904762,0,1
0.37435803814784646,-0.91574475463500538,-0.14583416483310568,0.92608994968965408,0.36124383839182145,0.10890497834239471,-0.047047469197710162,-0.17582500841011614,0.98329654838185676,10.958817451166102,-20.584147974340436,1.0933865244542682,0.2627315159237625,0.1752049015400895,0.2222222222222222,1,5
0.048654432290630635,0.99485713374552021,0.088837096159905801,-0.99452593100719322,0.040019105513845361,0.096522762849739249,0.092471178065123311,-0.093047055995983105,0.99135832401696633,-14.053132870629751,-11.005705344755125,-1.297952174488505,,0.1309376654787435,0.25,0,1
0.98685709273619981,0.14355477076893972,-0.07419640359029317,-0.13031359028719353,0.97848961405267931,0.15992636861224949,0.095558603499203171,-0.14815567144229361,0.98433655337834847,-4.7010888167983627,-14.750307738131564,-0.5360324953069775,,0.1045026283012408,0.4,0,4
0.07769920893477078,0.98579454475928507,0.14890247967628081,-0.99313642605959696,0.063435127003427766,0.098265069559989232,0.08742352180323891,-0.15551559466784465,0.98395733019812637,-0.17124274555254618,14.749335042368532,-1.9544099341373089,,0.5162652112888715,0.1,0,3
0.56377732992100782,-0.79482049354799666,-0.22453397360590621,0.8259198518796752,0.54142236671844302,0.15722028841105284,-0.0033941918322252852,-0.27408430063233913,0.96169968057012833,3.9875336007889803,-13.844218589574258,-0.08505981763712446,,0.7372552988888176,0.4,0,2
-0.6165280323502208,0.78574800051493054,-0.049932604710302857,-0.78707373256769431,-0.6134570527395109,0.06469454340291507,0.020202099601877497,0.079186641114160447,0.99665508127974445,-8.5563619120506544,15.842077468160678,-2.5226366758767442,,0.1520218238529102,0.25,0,1
0.19852086414910178,0.97863199124102629,0.053562040822947229,-0.97482581246074018,0.19149806091925139,0.11420651480728025,0.10150912204207421,-0.074886035973283305,0.99201208649817185,-0.75650475515132964,-6.3384896797108619,-0.87357672632233418,,0.1550152783399627,0.1929824561403509,0,5
-0.91153141645344404,-0.39346688042576761,-0.11955873379386862,0.39664779354771756,-0.91796572011661048,-0.0030764532371385213,-0.10854033670532612,-0.050226991735598532,0.99282236306858362,3.9152994052885575,-9.6617314805059831,-0.29892891880300593,,0.08036561151144117,0.3125,0,5
-0.46222004927944416,-0.83780602886082389,-0.29057474778198689,0.87912778269487035,-0.47585308463790871,-0.026423162842259137,-0.11613340491912477,-0.26766564935576703,0.95648739271191996,9.3627573774655239,-2.4099809121596265,-0.35320407677676657,,0.6100612472540743,0.1929824561403509,0,2
0.95189873901919264,-0.25471970666426019,-0.17031342193305041,0.29592070978442786,0.90842015017001676,0.29530283487593773,0.079496692851667702,-0.331497664851441,0.94010083183863313,-16.123032554947098,-19.77926837364349,-0.71850300549672841,,0.2103059503850213,0.45,0,3
-0.92843896891945221,-0.34578432165763801,-0.13577291293756519,0.35900523722011091,-0.92911179062520155,-0.0886934054468725,-0.095479425219868116,-0.13108960072026526,0.98676197532266341,-5.5288458540052812,6.2453604658021833,-1.8891937275234127,,0.1542841237511052,0.1142857142857143,0,3
0.39818840159380375,-0.90934584724676015,-0.12056586138391007,0.91597590192245038,0.38709345611377721,0.10557842265939089,-0.049337044231748027,-0.15247552698372205,0.98707500714865171,-29.317429446515789,-5.2358145030901486,-2.4557767481281476,,0.07596655316518508,0.5714285714285714,0,1
-0.16317465101933218,-0.9728154312944236,-0.16432945536380048,0.98145790972944824,-0.17703589949326023,0.073475585877989247,-0.10057039670907458,-0.14929309068425242,0.98366517086848326,-7.5369356759667703,13.75811037433847,-2.3366574204651327,,0.3385553607382992,0.5416666666666666,0,1
-0.0016606126348297588,0.9911143179059968,0.13300244812562026,-0.99630198728099995,-0.013065322658779079,0.084921419463834968,0.085904554626676621,-0.13236958179866418,0.98747086099228221,-23.488493497662137,-2.5871594943360385,-2.4135532421776436,,0.1821562700640797,0.2692307692307692,0,3
-0.86537439280871209,0.49646191681991947,-0.068210889295217639,-0.50021585265636825,-0.86396286017259538,0.057898851401823603,-0.030187100261791475,0.08422435152543141,0.99598945656462889,13.988621605337222,2.9175840085469167,-0.30727338974666973,0.4038210754785049,0.3588511514450636,0.7323943661971831,1,5
0.99668348818583186,0.027597677015245112,-0.07655320111586035,-0.006041959481016399,0.96323656891439569,0.26858668439007349,0.081151211348647764,-0.26723338213888143,0.96020872750004826,2.4870653569223085,-13.018634716612365,-0.24087165001475622,,0.3417090243910971,0.2105263157894737,0,1
0.99344012848451968,-0.053703904399548918,-0.10095841603802513,0.081935457905579726,0.95015224276589905,0.30082768540268379,0.079770244167018944,-0.30712636848564018,0.94831962013150295,-2.8411945906562317,10.079336024843009,-1.8989653724597659,,0.4145939715543259,0.4074074074074074,0,3
-0.063311922927675512,0.99799372030954148,0.00036693040407240614,-0.99522768511700066,-0.063163794537310206,0.074378692085202036,0.074252644342520963,0.0043438787241155911,0.99723000131653361,2.106190473942346,-9.283958342757062,-0.48392694226650318,,0.07321209998580805,0.4166666666666667,0,5
