axis_00,axis_01,axis_02,axis_10,axis_11,axis_12,axis_20,axis_21,axis_22,location_x,location_y,location_z,dbh,dbh_approximation,score,reconstructed,number_clusters
0.92515009368869261,-0.36464641293164551,-0.10550022598974439,0.37948094829414736,0.88141594876879203,0.28124746245572629,-0.0095662965445357136,-0.30023144204445723,0.95381841415351576,9.938844169054093,-25.58211457151803,-6.0081591352335417,,0.4640474043537628,0.4893617021276596,0,6
0.67161051316154952,-0.72953716345981223,-0.12928590697322287,0.73983332574940475,0.65097103788036437,0.16995104575004624,-0.039824222797854407,-0.2097909315770585,0.97693489870439909,-11.486253788724621,-26.885851663349158,-8.6839970772409014,,0.333654615487996,0.3333333333333333,0,3
0.5405889129382182,-0.83621572518796017,-0.092232793282266134,0.83834961469185665,0.52630099565523425,0.14204642029394687,-0.070239239419936539,-0.15411204664361144,0.98555361413016296,1.8625401659739416,14.824020531528463,-7.3552826296839191,,0.3421681788645791,0.5185185185185185,0,4
0.52248054603132288,-0.84210013397561645,-0.13372151426401144,0.85159277359254271,0.50756270972910622,0.13103375007000451,-0.042471484360357234,-0.182338860506192,0.98231803045934785,7.2851745176368379,11.799841916151843,-6.7515216435321683,,0.2865953047170803,0.647887323943662,1,4
-0.44680988322556348,0.89031713258100076,0.087728739217570503,-0.8931467683882085,-0.44956209594161395,0.0135193198898755,0.05147599799576548,-0.072314074185660646,0.99605265739568838,-5.1433945975942414,11.278803084871212,-8.0383073867963581,0.2540889362209414,0.1646212505534525,0.3636363636363636,1,6
-0.67626408169276442,0.73632513727316673,0.022185221024212404,-0.73565624695345866,-0.67660799896769586,0.031804120036272844,0.038428871055409312,0.0051872875938714343,0.99924787411173621,0.89835699935784763,18.979376199887341,-7.5065321596344932,,0.4495811470171082,0.7903225806451613,1,5
-0.18079434311539572,0.98338371473533936,0.016427875419466293,-0.98179198316551042,-0.18144131077267864,0.056245466813130141,0.058291571341037386,-0.005959894161575119,0.99828181009781802,14.541562721182775,9.6565254984484827,-6.0104864819214319,,0.08196266905848246,0.4666666666666667,0,5
-0.75789418417546706,0.65218568185328429,0.015819038484327516,-0.65160194096372093,-0.75795262323899071,0.030376495147455562,0.031801196916370893,0.01271445282732327,0.99941334119771841,3.9855766146763734,8.5935790050039973,-7.0610608659364473,,0.08332812101093647,0.3653846153846154,0,5
-0.4720493370504264,0.86955522582080857,0.14506251286247149,-0.87619466022940717,-0.48092172148258816,0.031578714218550359,0.097223149381852253,-0.11219628805778575,0.98891842543777464,-21.356957613903589,13.264446230627032,-9.7061985641162813,,0.1148892418093473,0.35,0,2
-0.067343637738316045,0.98657713296066929,0.14876288238427052,-0.99680383505262882,-0.072951442623557197,0.032560734689405797,0.042976143155738077,-0.1460946533527073,0.98833668523495066,18.813417379655405,7.1616940318988274,-5.5965435635875282,,0.3728893905317065,0.32,0,3
0.90337475510735066,0.41606098572270384,0.10395820311157007,-0.42729298538620342,0.85259319042014392,0.3008414138527914,0.03653431913256542,-0.31619314952834249,0.94799110529417263,-17.731043840293694,-32.128017266375252,-9.5316071552421402,,0.5198941403158196,0.4210526315789473,0,1
0.86909104223977585,0.49046608596848507,0.064216655264293376,-0.49280361511574294,0.84730285593582011,0.19804662898382339,0.042724199552866798,-0.20376675106051059,0.97808678241493963,-6.8827861557393266,-26.234966780281187,-8.095965079906323,,0.1291539982732101,0.3,0,5
-0.99728311375189649,-0.071273281135078179,-0.018614790398042272,0.072168808786653979,-0.99598629521717741,-0.052943014438906179,-0.014766653772547714,-0.054142581539883883,0.99842402154623644,-18.184156550357876,-29.864125224540061,-9.7118788649258256,,0.8641224916809265,0.9,0,1
0.96083705942894448,0.27706927237965029,0.0049762969114050884,-0.27449145527110069,0.94912590496463256,0.15431933614496135,0.03803401387038504,-0.1496416881356242,0.98800849134044821,-10.717505503855262,-25.890805894808604,-8.60219839527538,,0.1750953887437324,0.3548387096774194,1,4
0.88772173891180817,0.4550937626522486,0.069568537848755441,-0.45548577834605103,0.84622193274221447,0.27647992019407608,0.066953864622491782,-0.27712471513932035,0.95849834234132247,9.5880544650043387,7.0192098646532841,-6.4571728072791945,,0.7787274283218931,0.4121621621621622,1,2
-0.40792656920141929,-0.9111884744810369,-0.057718957998903746,0.91091728330072386,-0.41045802200071724,0.04187977028694001,-0.061851573331545659,-0.035493325403215016,0.99745406246515078,2.607180180992529,9.5933858489075075,-7.1831951848168289,,0.1160181620216364,0.3611111111111111,1,5
0.65061929419955733,0.75495506081209895,0.08208160676710391,-0.75925213422463533,0.64451622140739673,0.090194440061833012,0.015189821941212701,-0.12100287805226506,0.99253593023752174,26.010413761722145,5.9759226901961169,-4.6241862909269704,,0.5058556566126914,0.5,0,3
-0.94255687650459286,0.33360005472821769,0.017249290977816429,-0.33388519262259325,-0.94244769394851324,-0.017692436759958786,0.010354356632892211,-0.022435410770953158,0.99969467320890482,-0.81215996431253146,10.575918828247245,-7.5827610661245251,,0.5344884731217829,0.9155251141552512,1,5
-0.95391855703741579,0.29900600113394615,0.025195194492993237,-0.29996148381083487,-0.94800789061394197,-0.10632096483622554,-0.0079053633474721469,-0.10897912928441897,0.99401260284301896,-1.4831538829753594,8.7934170278366679,-7.6450246886857789,,0.1056387563754026,0.1875,0,4
0.93089771857219161,0.36144423205245418,0.052796824460376618,-0.36380864295697496,0.90445266945763347,0.22272997108778406,0.032752234532815734,-0.22654676300263568,0.9734494621222689,-4.4015246127717536,-26.835622311415435,-7.8646998362886649,,0.1418528119253264,0.4545454545454545,0,1
0.32842656765529943,0.94176481244519827,0.072215148675469285,-0.94202016773106989,0.32102582969709476,0.097675074892316346,0.068804020566291382,-0.10010721606034752,0.99259485795895641,-5.962090023524258,-25.688943633076232,-7.9948700389549456,,0.1508848874802875,0.3714285714285714,1,3
0.54446240385782152,0.82373357396229585,0.15818877935133568,-0.83670209522054184,0.5200810378207904,0.17159638094320573,0.059078715616695705,-0.22578466118528279,0.97238417929053589,-20.998011930101288,-26.961376307915547,-10.271886827826799,,0.5307862442089164,0.5652173913043478,0,1
-0.84944263266853737,0.52630275863658804,0.038113253031744218,-0.52712594519118883,-0.84964479705583695,-0.015554958766959903,0.024196109427764702,-0.033303529654726098,0.99915235234727662,-3.8228134846793624,16.55928251572956,-7.9083340433680194,,0.08246276431633154,0.3636363636363636,0,5
-0.04933176600250494,0.98675134472930615,0.15455795203734798,-0.99677589773641795,-0.058443690247988657,0.054974037162597869,0.063278642169626587,-0.1513476750568116,0.98645308793680886,-20.979503475016951,-34.578342742020908,-10.282551355557249,,0.5900967609890706,0.6,0,1
0.41807865322530607,-0.8947232838224729,-0.1571002390298773,0.90692164874177317,0.40120579429300657,0.12855751113498445,-0.051993872339134301,-0.19622475891601454,0.97917949387613989,11.689339206613433,14.336148496866517,-6.3409828089199207,,0.3880590128566008,0.1428571428571428,0,2
-0.12243028277792729,-0.99236106102507349,-0.015177299499787236,0.99037139484933512,-0.12315187030181605,0.063230665861956595,-0.064616763483622774,-0.0072898149739344092,0.99788352650725043,-17.784692521454275,7.7051396471211691,-9.4663820005187915,,0.1341791087939336,0.4444444444444444,0,1
-0.70371891837590639,-0.70865678409660149,-0.050845317126614227,0.70853623632266427,-0.70528375215295958,0.023478304171200611,-0.052498435572470491,-0.019503622814865711,0.99843052986151104,-14.840089095089624,10.343840985363336,-9.0651277900804264,,0.09380896736423104,0.45,0,1
-0.72726041285342891,-0.66690035526860536,-0.16228434317231577,0.68405910884934851,-0.72361976532809336,-0.091856250885567106,-0.056173191973548052,-0.17781549811286165,0.98245927199776573,2.3097439353210145,13.078370684143353,-7.2867789187739929,,0.5891817738471518,0.1578947368421053,0,3
-0.55343817208322454,-0.80330522341195754,-0.22001569880407268,0.83057429930037774,-0.55198097967577808,-0.073914351907160586,-0.062068695997791301,-0.2236464086794907,0.97269201747618983,16.048305952922309,-24.685382806511615,-5.3817528323149073,,0.3910855688845711,0.25,0,2
0.31667028975321154,-0.93846928346925551,-0.13782355231352678,0.94679972941623058,0.30394947982958881,0.10575909459084622,-0.057360264687066086,-0.16398206516575131,0.98479423350210848,4.2091239015351061,-12.544724644622102,-6.9080421223038515,,0.3323810762652601,0.4576271186440678,0,1
0.22720094838040569,0.97123642500248875,0.071270862232969676,-0.97215835607628009,0.22188947038729373,0.075320605695339313,0.057339861929643958,-0.086399477311110431,0.99460910439944095,-16.850860244099298,13.604492157251515,-9.2934017987378947,,0.1222187359351474,0.1764705882352941,0,2
0.61637337030396755,0.76893141792687436,0.16978911303465299,-0.78576347678051028,0.58646164352883023,0.1965667805791905,0.05157157102447283,-0.25457261281298416,0.96567756413185768,3.2171841285681886,-25.043714553992686,-6.8901236231918341,,0.2386438161909877,0.4259259259259259,0,5
0.99937514122837412,-0.033252437709295937,-0.011983425268090077,0.03485428615767458,0.98345614518057556,0.17776160789945938,0.0058741664264343125,-0.17806820573294835,0.98400061396111038,2.7019604896300256,-26.558002516092348,-6.889338025197044,,0.10377390627116,0.3333333333333333,0,5
-0.9753412906572424,-0.2043183249688986,-0.083446922177917091,0.21939710744806529,-0.93865322063665924,-0.2660733745263677,-0.023964056052468659,-0.27782036187135428,0.96033409319214702,-0.35645805411162801,-25.895586043015964,-7.3780327417446534,,0.4380862635996816,0.2857142857142857,0,1
-0.57182556899359671,0.81593927024651336,0.08519756988750582,-0.81905124463986034,-0.57371350420574652,-0.0028060195755649502,0.046589454805191069,-0.071385729397057729,0.99636012582770739,-23.361827082486112,10.346493169362475,-10.046447950470611,,0.09897780121300467,0.1363636363636364,0,1
-0.93244920056989311,0.36108703920408725,0.012435371944261912,-0.36089082378007858,-0.9324782945511394,0.01555774734125424,0.017213415346833204,0.010018997446044538,0.99980163933766031,-2.2724296744052692,12.455265613888264,-7.7368059432448009,,0.08296603022970267,0.2325581395348837,0,5
-0.91385402566231511,0.39643418511509027,0.08781091420156785,-0.40509553778496682,-0.90491075334234683,-0.13051487942796061,0.027720480650403095,-0.15484335748594719,0.98755005422256448,-19.385128729687192,12.44338511615036,-9.5240003574511132,,0.3240248992654393,0.5061728395061729,1,2
-0.64328610171676126,-0.75743428104822241,-0.11169736447658374,0.76308153096181441,-0.64617246512138926,-0.012950769240487329,-0.062366404762706468,-0.093565245748137779,0.99365787690988727,3.680138860012081,15.157250452170706,-7.1842485214777483,,0.1696177800216427,0.3448275862068966,1,5
-0.44108896916782309,-0.86623090479823206,-0.23470096048142591,0.89563051645268155,-0.44157429399286252,-0.053461396197710447,-0.057327997323912874,-0.2337865745870405,0.97059638278003491,23.960880759085271,-24.048223919986853,-4.4732261111297191,,0.4178798502084966,0.4615384615384616,0,4
0.46333029293763389,0.88586331078837055,0.02390050722041636,-0.88409614513222035,0.46021868689387235,0.081072599539107781,0.060819781392856216,-0.058693737593945187,0.99642159719597534,-5.4384413139330254,10.179435236412896,-8.0715969438879522,,0.07644679031469255,0.1842105263157895,0,5
0.91708015671669307,0.39844228033079587,-0.014413028872576474,-0.38874543587058075,0.90162063057760933,0.18962390304660254,0.088549264515739731,-0.16829731953192417,0.98175100712558061,6.5617232180147855,-31.826457618556301,-6.2588961465901374,,0.2342558126534811,0.5882352941176471,0,5
0.27685729601628417,0.95958227744296054,0.050516239566432392,-0.95884861332624127,0.27243851489620802,0.079916158087672204,0.062923559696640249,-0.070562797694892709,0.99552072666347502,-17.732593799057071,16.922351949850931,-9.2825070216436227,,0.1135549760731578,0.2105263157894737,0,2
-0.68362958600104584,0.70602642087729395,0.18487098790030673,-0.72958119575638813,-0.66771132356286433,-0.14789478416971286,0.019022826885525895,-0.2359836464866254,0.97157081607475082,0.77564659740668207,7.3477716592981572,-7.3582442225561842,,0.4170621958038896,0.3170731707317073,0,2
-0.99969292265766796,0.015488911972173891,-0.019343060618395344,-0.013681718472399722,-0.99582070307749326,-0.090299157813836184,-0.020660855931220974,-0.090006782678664438,0.99572682403560053,14.260453873189796,8.168450649392506,-5.9619911156824994,,0.2204911991795721,0.3448275862068966,1,5
0.42966683976010894,-0.88505670913040579,-0.17905593660590649,0.90009242928421718,0.40391888786804997,0.16334978043656959,-0.072249744330334764,-0.23135287689305947,0.97018339544516385,17.49938352947105,14.070838529974244,-5.7352661583913243,,0.6558021891201814,0.2105263157894737,0,5
-0.81229807206532945,0.57854901233284839,0.073843635119321571,-0.5832419424163966,-0.80593932249934641,-0.1014428166783858,0.0008238478614126753,-0.12547050959481013,0.99209700760395447,9.2825757819543,-29.75063370990117,-6.0450666653258969,,0.3543264503060858,0.6785714285714286,1,5
-0.075064447294206499,0.99297000522446666,0.091519929397579428,-0.99629337845115717,-0.07854780044056843,0.035067750146371174,0.042009913196708451,-0.088548358372537134,0.99518558843199389,5.1527804264300086,21.759843065699179,-7.1773243589084386,,0.5691374246871425,0.676056338028169,1,5
-0.36947397343146182,0.92354338878761544,0.10274527718320516,-0.9284305030995621,-0.37150549074805572,0.00068648258521471976,0.03880443107508455,-0.095138211937856362,0.99470746290464995,4.8310602175242909,16.02447562870536,-7.0645091767486807,,0.1960900838583444,0.5,0,5
-0.53310741302035503,-0.8246518205095702,-0.18906575870050538,0.84394976952176759,-0.53406428414506379,-0.050240689931349183,-0.059542192661184781,-0.18634568771740884,0.98067834276189958,-8.3541015186245779,-28.89828632137996,-8.3243427704018043,,0.3903033543285901,0.1304347826086956,0,4
0.20224431080580196,-0.97722231637661072,-0.064294503048209009,0.97720394376688313,0.19704007989629299,0.079042135604446298,-0.064573144829219664,-0.078814664181181743,0.99479573665997945,7.312709919722657,16.64467235121861,-6.8464183951589996,,0.140606581214216,0.3809523809523809,1,5
0.94624826419096941,0.32322414710744607,0.011847921431239989,-0.32202496348894666,0.93804843674905258,0.12792596766333902,0.030234837613577221,-0.12486505131269963,0.99171294917186459,-20.974781349405539,-28.278189848935256,-10.24755926347866,,0.2380769156588436,0.7666666666666667,0,1
-0.31671417063776836,0.92932862035207775,0.18984322350754024,-0.94760814070480492,-0.3187860756976717,-0.0203531228871911,0.041604636607155153,-0.18634310648849223,0.98160343361105085,1.312048498607586,10.394425298698264,-7.3379641882378008,,0.2796181646214081,0.28,0,2
-0.22677921300656642,0.94202253515033563,0.2473150456746554,-0.96948450733599967,-0.24261919118588932,0.035152782304945326,0.093118089454178599,-0.23179618490656698,0.96829724262705819,-14.577980495966905,11.768913853428714,-9.0427184720405229,,0.5199359604055477,0.6666666666666666,0,2
-0.98174000782495741,0.1902096503280683,-0.0026164781533954086,-0.19022740481881828,-0.98162402656119552,0.015093208197191262,0.00030247603317109449,0.015315332182499796,0.99988266767075717,-11.364530567801241,14.539088275661923,-8.7560510141973857,,0.1115967192750889,0.4,0,2
0.7309486479434667,-0.6777029676253401,-0.080204499508610957,0.68112298937047733,0.71721284635912352,0.14723181167285324,-0.042255738316168009,-0.16224802214280709,0.98584483154810132,15.738094154748158,5.469817605680559,-5.8526741893155059,,0.500437286008283,0.25,1,3
0.38149530311843194,0.91260056365773401,0.14704266357136644,-0.92082206690766155,0.36126632668782849,0.14687873330535661,0.080920051868980686,-0.19143367627737179,0.9781641440946669,-7.3870431591064891,-30.906093405680167,-8.1453580049277612,,0.2346655806018786,0.25,0,5
-0.62571672188811378,-0.77733644075590802,-0.065012628177368595,0.77800869283795226,-0.62793383599263641,0.02003924859253027,-0.05640086717571835,-0.038041496927815312,0.99768320958775147,2.6013288406292969,11.948425625618713,-7.2270990440843068,,0.1028665153469566,0.3035714285714285,1,5
0.8469742961478145,0.53157396052388595,0.0079791075856837767,-0.5299301159076617,0.84296429508291371,0.092656729218435582,0.042527801718476407,-0.082706237420864248,0.99566614101950723,-20.480257893367391,-29.033845171451638,-10.131722590042331,,0.3059791779915416,0.3809523809523809,0,1
-0.25752412079327397,0.96576598445481399,0.03126324486797015,-0.96462065510433148,-0.2588401278087763,0.050087722867251772,0.056465201281333775,-0.017258374951302342,0.99825539294225629,5.6563104167497382,11.708151987788206,-6.9353374750537542,,0.5959331164783719,0.951417004048583,1,5
0.28905828226594871,0.94030375087929974,0.17965011977668813,-0.95282254880625805,0.26443944055451701,0.14899990860923268,0.09259859577663497,-0.2142443426593417,0.97238102701495643,8.5457975964029718,17.579480985305285,-6.751452498322668,,0.1488837888278349,0.4285714285714285,0,4
-0.83790294423104061,-0.54036530860183218,-0.076967456165578263,0.54461604836935029,-0.83705973336686768,-0.052195427331729986,-0.036221760138170231,-0.08565241406659227,0.99566643413196254,6.6060880684075585,10.0934047767565,-6.7802336431397281,,0.1757129252699722,0.34,0,5
-0.97117517498622341,-0.23652126766940695,-0.029605226405744905,0.23704688588787004,-0.97137180053267125,-0.01567159917749613,-0.025051015575057574,-0.022237694799005916,0.99943880830628373,-12.96674462167198,7.3280732301585081,-8.9353575148197688,,0.08843519613564466,0.3648648648648649,0,1
-0.85226574337443828,0.52310319391859394,0.0024801577734374675,-0.52275946542361129,-0.85185988860425055,0.032515711543397913,0.019121819485488568,0.026415501118074444,0.99946814722643584,7.2514775523356203,9.4159180925656738,-6.7154305177918188,,0.1255335792558317,0.5454545454545454,1,5
-0.25724035339485146,0.92496744799544683,0.27975457232024181,-0.96453853139246493,-0.26346925787192288,-0.015791504541505328,0.059100101899726643,-0.27389627654498661,0.95994166887901744,-21.346602107443559,9.9424796495583543,-9.8603111749009145,,0.7071437713141943,0.3780487804878049,0,1
0.90907586635676341,-0.39297626978920247,-0.13838612860494379,0.41661149232432676,0.85424106734589333,0.3109775929597608,-0.0039917002639984298,-0.34035547629252738,0.94028836857992093,-8.8844139107586582,14.048773150711011,-8.4805997062265384,,0.2453153731887444,0.3333333333333333,0,3
-0.88493421564175656,0.45802547397040383,0.084285818384212188,-0.46524476943904441,-0.87758002839465121,-0.11576095314247407,0.020946085460536019,-0.14165436441222132,0.98969455012486029,-8.8117306386870062,18.098713121029121,-8.4819874800566311,,0.2092218559034488,0.4583333333333333,0,5
0.98737651444190477,-0.15611327813952799,-0.02676309244245766,0.15664573503596055,0.93744572710793073,0.31089809009082942,-0.023446373357021249,-0.31116579682801282,0.95006637371332614,5.9945627012229359,-23.223023855255938,-6.5467481579608231,0.8775065491254275,0.4517409330526827,0.3333333333333333,1,3
-0.86254424016055842,-0.5002499042781664,-0.075943841327190953,0.50432480564304383,-0.86211736137905126,-0.049093233973006169,-0.040913618502285233,-0.080645449211392814,0.99590280014795707,4.3108459088338291,11.444880189051396,-7.0659554374585376,,0.2414889038579016,0.494949494949495,1,5
0.95965047021782079,-0.26377810501286131,-0.097427338701925562,0.2794832983668416,0.93290509490207696,0.22710607618410095,0.030984850245028013,-0.24517176677091426,0.96898438781732821,0.44975747031468699,-26.71030889611886,-7.2117845321479921,,0.624939421680916,0.8412698412698413,1,4
0.95224026459230471,-0.30157057235322865,-0.047892258035329177,0.30519124376321172,0.93491329386411715,0.18109510674341789,-0.0098378462805817357,-0.18706235015815481,0.98229878037889606,-6.4938967518756234,-29.66282644662882,-8.0479402776111648,,0.8868745760190697,0.7608695652173914,0,1
-0.99348253303613998,0.11382360369149096,0.0060534118295058354,-0.11394959751825348,-0.99046379074308211,-0.077440095895291494,-0.0028188255574353544,-0.07762516647020018,0.99697862953673699,-19.098073869848971,6.7968292233912289,-9.6505208371377016,,0.08933240816967206,0.3548387096774194,0,1
-0.49436552149652085,0.86480803393570138,0.08780544172054236,-0.86778619064037321,-0.49687429014371903,0.0079414814767283758,0.050496123508076418,-0.072270355156466945,0.99610598696936614,-17.351485589260367,-34.096260493677207,-9.5007704106409481,,0.1923462343605128,0.375,0,1
0.42093261162660189,0.90646151163246025,0.033812193040423502,-0.90548300693146866,0.41767485335733895,0.075154780495131204,0.054002413164173466,-0.062251464255229545,0.99659846205506719,13.046264515974347,8.1651834754126771,-6.1278604859164041,,0.08882046131003338,0.5263157894736842,0,5
-0.99340111615202176,0.11467762754014393,0.001806701326018844,-0.11467201569917396,-0.99281299413201607,-0.03424452508226962,-0.0021333643396865645,-0.034225727521643504,0.99941185120660281,-18.441398733800632,10.68407034410782,-9.5194045573634796,,0.1800050104561086,0.5875,1,2
-0.40309198319539019,-0.90919881792317003,-0.10428021178879486,0.9143802774184856,-0.39542446188335756,-0.086880396018601314,0.037756606729142446,-0.1303725601166357,0.99074589790568079,8.7208151819651736,10.5319547448919,-6.5929799733233043,,0.7261230154908833,0.7821782178217822,1,2
-0.67019574561264506,0.72915017499703128,0.13848351838579812,-0.74204964101297488,-0.66186160237775238,-0.10630874644388223,0.014141882308461466,-0.17400931469249845,0.98464245569903242,9.8162166696895028,-22.087870496041841,-6.1195672057955219,,0.6942057161272546,0.3368421052631579,1,3
0.54590426143531401,-0.79081996145419575,-0.27675318591183123,0.83775226227305155,0.51022267065769178,0.1945352754729007,-0.012636629422001453,-0.33804824346906021,0.94104394195188046,-2.2845856891512297,-28.353572328366941,-7.5270744059911081,,0.4076620333475591,0.2352941176470588,0,3
-0.99967435358399059,0.022749083988826385,-0.011561399746498694,-0.02293442797163734,-0.99960635819101085,0.016159847700923935,-0.011189226963593077,0.016419739394174244,0.99980257719120902,7.1284203831867128,7.2509316907970671,-6.7301101642962671,,0.1367714528560796,0.4736842105263158,1,5
0.5724798463943136,-0.81872757917819827,-0.044181178858754805,0.81859610367736213,0.56766645009547279,0.087494116832189953,-0.04655367350257085,-0.086255159434147563,0.99518480844233415,-28.662441577696686,13.266328371219338,-10.437061832996884,,0.6048875420053457,0.8461538461538461,0,1
-0.60649622122490876,-0.78808137595372263,-0.10530944171722599,0.79190969821154811,-0.61057897983423304,0.0085052491487494011,-0.071002559942592136,-0.078237166739822173,0.99440312862647606,5.6446834533056416,-29.10620212406533,-6.4316251645921181,,0.2887210501322615,0.2647058823529412,0,6
-0.78595266298570676,-0.58083803990562921,-0.2119093743661711,0.61646370012859586,-0.76247146527596932,-0.19649369217274382,-0.047443840163251753,-0.28506917763676731,0.95733204583992715,-23.666504115229106,9.347795553312034,-10.122869036804042,,0.2168858767199811,0.5454545454545454,0,1
0.077527721335529293,-0.9881653518405511,-0.13235818768161026,0.99467716477401991,0.067625297290906689,0.077744176910133259,-0.067873340139101374,-0.1376809957407206,0.98814834570028276,12.628964589271099,10.809096573482185,-6.2248976923305701,,0.1487215014317629,0.375,1,5
0.99018964774639506,-0.139027466684991,-0.013993748712311701,0.13972534126107006,0.98599311524239364,0.091073627928602657,0.0011360041140463669,-0.092135444871958724,0.99574583568945896,-9.4055922388952382,6.9326407044277802,-8.4957716291050485,1.226557429070175,0.8125597641980182,0.5586854460093896,1,1
0.45813666268652292,-0.88514916020174761,-0.081374212724889483,0.8881572995666055,0.4521456545226521,0.082103095695823539,-0.035880489531361262,-0.10988753928641318,0.99329618904965433,6.3591350447030059,16.044528236559028,-6.929427622398439,,0.1205065684941568,0.35,0,5
-0.9987893960303007,0.033895490820558302,-0.035648815961540438,-0.025675992925115246,-0.97737880431862056,-0.20993193243528485,-0.041958143008667216,-0.20876246925809472,0.97706588604071465,3.1062351355580033,-14.398584939635688,-6.9934178106892375,,0.3810399044945108,0.1612903225806452,0,3
-0.57607588956964439,0.8049147802342238,0.1422981588673343,-0.81608068178901116,-0.57623918621017889,-0.044280030336631554,0.046356124377744883,-0.14163543637212109,0.98883290443651461,-23.820490506391497,14.94597389480162,-10.00107727183053,,0.4882697631892217,0.6842105263157895,0,1
-0.74265548721001284,-0.63439527416261154,-0.21448884222029546,0.66722785055155365,-0.72831185705604351,-0.15610520273178149,-0.057182364110025488,-0.25904531455272817,0.96417099222236846,9.437911116727367,-28.541433260659606,-6.044046528688126,,0.3280162236998612,0.2,0,2
-0.84841050698971421,0.52444864469935704,0.07178600631365302,-0.52932183869747296,-0.84163264863266196,-0.10711151120909922,0.0042429597432087499,-0.12887243238403762,0.99165210304019402,-13.911951008127037,15.452498694324792,-9.0471791735734524,,0.6870938372475379,0.25,0,3
0.74194054121567388,-0.66066862437949225,-0.11419808256315754,0.6703865248382993,0.72839549254363922,0.1414988118583933,-0.010302456785686991,-0.18154056076430353,0.98332948912435258,13.13674447682649,-25.018281242002747,-5.7612654411082307,,0.3377040488619641,0.1,0,7
0.64348653099021014,-0.76198263049664228,-0.072852970122040894,0.76263320920318423,0.63003373282554065,0.14645164294868079,-0.06569377942117377,-0.14979975408301915,0.98653147999545843,-5.3542318138783047,-29.947887073560143,-7.811283068460698,,0.3969294762160553,0.7674418604651163,1,5
-0.99850467734310056,0.054564235445037322,-0.0033396907415719837,-0.054373043869773714,-0.99761228985190709,-0.042582757505485874,-0.0056552121345250827,-0.042337493392191693,0.99908736115966379,12.187188451084079,9.1539096734224259,-6.2319586321526934,,0.118664661003829,0.2972972972972973,1,5
-0.3369617566448404,-0.92406501551448905,-0.18044561967815198,0.93847208965241324,-0.34504988929039204,0.01451588247827435,-0.075676360260375539,-0.16445188050885037,0.9834778429099692,9.3361946894727694,12.106589330187587,-6.5854272494666963,,0.1930919506510237,0.3157894736842105,0,3
-0.59204775182076586,-0.80120634640318433,-0.086878363516110543,0.80391729871341455,-0.59471004426355034,0.0060778352538518737,-0.056537035589990049,-0.06624465061653366,0.99620038640395525,3.5785177498445191,13.641890387423537,-7.151122698655068,,0.1305122359797462,0.5652173913043478,1,5
-0.85364022826181185,0.51972655691753222,0.034389921892457188,-0.52051205592912153,-0.85362712405340002,-0.019696007533536401,0.01911963194105264,-0.034713673314259182,0.99921439168952642,11.273987524098182,15.561377669896803,-6.4522648383980039,,0.1673803961625822,0.2631578947368421,1,6
-0.93703212952381043,-0.33985331327576518,-0.080439503327400977,0.34664908305201031,-0.93308646124139205,-0.095833548756257519,-0.04248766243599101,-0.11768339434050253,0.99214183322608895,-7.2368076083934723,13.699037026687311,-8.2668052571019341,,0.3882153416880048,0.4426229508196721,1,5
-0.70714971769108392,-0.70645303801499104,-0.029383360066704643,0.70518450228868457,-0.7076888011051069,0.043489981861080537,-0.051517904667023072,0.010033238251245163,0.99862166991754853,-3.8415375728272818,12.042464259434141,-7.899621490962514,,0.07181102751507853,0.16,0,4
0.15042370545453068,-0.98414168465336682,-0.094009857807368882,0.98670031448584261,0.14352547536333121,0.076308107795103733,-0.061605180227542307,-0.10423810459406348,0.99264254357737924,-16.824257073378501,9.2376947914751266,-9.3337268270137894,,0.1404077210798144,0.1538461538461539,0,1
0.72072487796829721,-0.68067838476482523,-0.13127294767594672,0.69223524673102799,0.69658164813676149,0.18863820043221988,-0.036959619327264923,-0.22682800531023911,0.97323329297047878,-3.5537250496424759,-29.020451047845693,-7.6134122108906466,,0.1440024707248486,0.5833333333333334,0,1
-0.97961135816989642,-0.1934991984125134,-0.054033759430981876,0.19836216888463917,-0.97421821462700864,-0.10747706845809275,-0.031843946048068665,-0.11600401071807158,0.99273814905916102,5.5389053596916114,-25.737470995539677,-6.5153326207917681,,0.2084511118964871,0.3492063492063492,0,4
0.049498875176653599,-0.95816864792964096,-0.28189129727774426,0.99765144863978095,0.034054476906705156,0.059429619126811703,-0.047343937132364615,-0.2841709603870427,0.95760399794983764,-10.873498729886892,-36.351339827217295,-8.4295573664429178,,0.4899151526849703,0.3461538461538461,0,2
-0.99063006041023183,0.13656757078246473,-0.0011755944015246578,-0.13620628067317445,-0.98856620029702114,-0.064689386575314214,-0.0099966252706041297,-0.063923127589992468,0.9979047555966013,-0.1911968669985388,18.962421665916253,-7.6349444043683885,,0.1143550029727016,0.2142857142857143,0,3
0.28320708203784661,-0.92543050014603412,-0.25173823325643224,0.95722932302882202,0.25655040699004666,0.13376812702219112,-0.059209558496851535,-0.278855299524149,0.95850610332428521,4.6574483804708455,10.018865202559587,-7.0269536520870046,,0.1183792194069776,0.3333333333333333,0,5
-0.97704698945468405,0.2119954494270152,0.02090717149150324,-0.21299200662530449,-0.97388255006404068,-0.078658653652899702,0.0036858528543010066,-0.081306261154959064,0.99668234979141523,-16.035706177246571,11.416767163299316,-9.2047379923705304,,0.518397827792888,0.684931506849315,1,1
0.23203849263114185,-0.97195238322272448,-0.038297554558127708,0.97086903581139949,0.22900159673480597,0.070509460326627166,-0.059761636859363844,-0.053542818758209779,0.99677565847050775,-12.054790783826043,13.11320016665811,-8.7889936525692054,,0.5887968090131773,0.75,0,1
-0.44213069235192387,-0.89307728435834932,-0.083267130631031874,0.89511948868814006,-0.4452516152909613,0.022629627736088846,-0.057284830898696973,-0.064528778416354488,0.99627028707324305,2.2921388617726484,26.427576072174876,-7.5772714688141489,,0.3473824152112203,0.5,1,5
-0.88351325593214403,0.46808196381960937,0.017424171112533641,-0.46809287050101983,-0.88367153524576292,0.0036989704663846026,0.017128665397413537,-0.0048880408318145302,0.99984134535361624,-5.420668428831565,13.691416233141355,-8.0865840889759362,,0.08405678533540613,0.3125,0,3
0.38779919515808831,-0.91064807177118789,-0.14258987907336257,0.92142872739278736,0.37895498216883372,0.085803390519998884,-0.024101547046764964,-0.16466089659915062,0.98605573096104282,2.1617004983265029,-28.524275511497823,-6.8569381047340547,,0.4785496250385416,0.4042553191489361,0,5
-0.56058149686262815,0.81304937825812784,0.15715945370650716,-0.82630879283703917,-0.56167672476860486,-0.041629745776419376,0.054425768303732414,-0.15319910367650821,0.9866954293890613,3.6850860732816768,18.642057476296962,-7.2395502581007625,,0.3589250373607184,0.75,1,4
-0.75026515806570226,-0.65958362642779234,-0.045294948294596737,0.6591789123504922,-0.75155441700957759,0.025477829299571549,-0.050846377501944234,-0.010742347125189998,0.99864871094553198,1.2631537695534971,13.027263308156176,-7.3920542190012908,,0.07407732349271604,0.2083333333333333,0,5
-0.97400497351860515,-0.22548481616058053,-0.021700443360644823,0.22521702916523331,-0.97420640948203929,0.014112458967094075,-0.024322856226311106,0.0088582958372740474,0.9996649084867647,-2.5232005456319819,8.8463291340534447,-7.7474111606557585,,0.1216575462592858,0.7052631578947368,0,1
-0.80239004416128723,-0.57559683373247494,-0.15766579219347562,0.5931801990443637,-0.79824183235255952,-0.10462900431580599,-0.065631307259078453,-0.17747749738932428,0.98193394351549235,10.968330657226177,6.1043570787362427,-6.3154273005154229,,0.184815419800047,0.1875,1,3
0.077285234963466828,0.97773971383606884,0.19506933240364019,-0.99475659856825549,0.062476079622748808,0.080969432997179028,0.066979863104924334,-0.20030424724087137,0.97744151051390882,9.7844832106693467,-27.400617675791739,-6.0033694040829504,,0.3013961103399325,0.36,0,3
-0.97824335819091179,0.2029265733040598,-0.043136272468067394,-0.1970800250454797,-0.97393310105515352,-0.11231107869291085,-0.064802745956019911,-0.10136626912422149,0.99273636157863965,7.6887376936195073,15.756833003150621,-6.7961043519867106,,0.4884559235529556,0.7045454545454546,0,2
-0.42928477934807008,0.89221240836576465,0.14025546897800609,-0.90313217978862648,-0.42546531015000516,-0.057719456764628196,0.0081758210794292633,-0.15144731168667669,0.9884315189898365,-6.2931465010147871,17.444905790491411,-8.2057080431689187,,0.3513280226302636,0.1304347826086956,0,4
-0.94031975406010948,-0.33969462944775902,-0.020157352224062126,0.33977516485733134,-0.94050649404351883,-0.00060992470233155952,-0.018750932523703412,-0.0074224919211095834,0.99979663389269957,-6.8873171853431261,11.675564947847061,-8.2304513272014379,,0.4525828722607395,0.3571428571428572,0,3
-0.28253134866190766,0.95664996646213574,0.070688603687416293,-0.95884007329201915,-0.28381560015191742,0.0086266424384736726,0.0283152056788918,-0.065341769017986773,0.99746112823957245,7.3514043583626583,20.383242721627621,-6.8757046580265397,,0.385755608179975,0.1176470588235294,0,3
0.14502194145847364,-0.9372630211938292,-0.31702786249512793,0.98750206739188384,0.11712396444640868,0.10545920466754409,-0.061711452684000447,-0.32835956824032264,0.94253471583420112,0.38087476604974546,14.230469280287668,-7.4933115287604606,,0.526064970791582,0.3,0,1
0.97889692387748872,0.19987524429488518,0.0425523106452401,-0.20316004844849783,0.92936116057563445,0.3082431311934023,0.022063706343066359,-0.31038318242386936,0.9503554455733062,38.120984714974362,3.4679528568735289,-2.1029539794870331,,0.2806696313882026,0.1739130434782609,0,2
-0.987546581889026,0.15732638650438485,0.00039586459103273139,-0.15722336162701123,-0.98698490560726315,0.033787729460926015,0.0057064137602889546,0.033304717577177345,0.99942895326736525,10.554223571872395,10.828230192574129,-6.4277852424473672,,0.1797781571221497,0.28125,1,4
0.88795094385849827,-0.4315222916291373,-0.15915914402866763,0.4594870921453611,0.8169524912182089,0.34851146214172285,-0.020365005588039872,-0.38259265403232551,0.92369265864133565,21.765796380766364,4.4717683884218573,-5.0314049362680056,,0.6902699299936301,0.4838709677419355,0,1
0.86033884958460416,-0.47874793370208435,-0.17497851259918867,0.50917407944179061,0.79126830559717543,0.33857971791290242,-0.023639389163962649,-0.38038780807665179,0.92452490217765093,12.640037095205374,-23.684557120688844,-5.828019470643655,,0.7363870793947918,0.5178571428571429,0,2
-0.29821279843910964,-0.94923902224655243,-0.10007200153651105,0.95188944620263505,-0.30350627606707992,0.042313385540911422,-0.07053799724372177,-0.082639089009390598,0.99408006312999853,-1.9087729930725879,15.276162590493621,-7.7458945129794747,,0.5571244212201024,0.8085106382978723,0,4
-0.67754181996823792,0.72721620887029004,0.10997121328079612,-0.73502147307418286,-0.66420025449635944,-0.13631381458542563,-0.026086707611082682,-0.17318951320242815,0.98454297834209348,30.165590937695743,-12.638633504037571,-3.7865649691679839,,0.4445771025389279,0.6153846153846154,0,2
0.15917476811587822,-0.98002102781062594,-0.11925677441663593,0.98533744525358979,0.15018674795683268,0.080957147425534823,-0.061428919707132879,-0.13039450060165414,0.98955735661782607,6.3077573866184915,-10.926539032164715,-6.6926936416132126,,0.1815476169553977,0.1666666666666667,0,1
0.90098075358242569,-0.41933092788274917,-0.11133397772034972,0.43346158296598652,0.85903105291972615,0.27235400898875511,-0.018567115194987913,-0.29364472248044615,0.95573429319697245,-8.1110443225273965,18.895247870392765,-8.4016400446633455,,0.2551976858147642,0.1333333333333333,0,1
-0.98604078477455892,-0.16024989633583125,-0.045205547065899951,0.16516003937435009,-0.97576963593700428,-0.14351229556114631,-0.021112369716235445,-0.14897512647325417,0.98861553676707059,1.5112383327470289,17.943668111328641,-7.4427274697504444,,0.1073844581093874,0.2173913043478261,0,4
0.93700258787296264,-0.34513945283065572,-0.053897202331166252,0.34908776313659307,0.91950622797566528,0.18068212513210535,-0.012801716590402986,-0.18811447263227632,0.9820636747373459,-16.724042128822678,7.8416927439609445,-9.3287773993234957,0.9055089381731973,0.8183584116806111,0.7062937062937062,1,1
-0.99942878107899136,0.030628754070887981,-0.014282540916362597,-0.02758469328907736,-0.98349240752202594,-0.17883447386529794,-0.019524247670782112,-0.17833834071953078,0.98377550283705251,16.76369334224276,5.8251062792253743,-5.7568785358564405,,0.5070688312169481,0.1304347826086956,0,2
-0.99477612800857407,0.10129506264034904,-0.012639835005157429,-0.10119128869128002,-0.99482983686069448,-0.0085976034290442867,-0.01344537977402876,-0.0072736494562808751,0.99988315106632342,-4.8113566435269197,21.252413620950843,-8.1488816776119997,,0.1398550185035865,0.2857142857142857,1,4
-0.99973890995376569,-0.020146935910229813,-0.010780208619783181,0.019780064378715718,-0.9992556342470984,0.033119880413487117,-0.011439448309722464,0.032897999921863368,0.99939324623669079,-13.395957435738922,-26.819212483790142,-9.0050663000489823,,0.1783153578213096,0.4090909090909091,0,1
-0.27341474538258326,0.94617565431142092,0.173193557027192,-0.96029123301859165,-0.27889456458168072,0.0076530800615033905,0.055543899710141877,-0.16422378949210953,0.98485807209457388,10.532674824180937,-23.664553485821777,-5.9892677859047359,,0.3757922046596713,0.2972972972972973,0,4
0.41246927472035133,-0.90040367401976973,-0.13835577770143073,0.90684413650960305,0.39139618105513002,0.15634174597212622,-0.086618759456715474,-0.18995329233040478,0.97796469120465679,6.8511987935742846,-9.588445057980806,-6.6075476977792098,,0.223161670233684,0.3333333333333333,0,2
0.53939954117903888,-0.82394513425750682,-0.17367369031958252,0.84152902795342022,0.52022164665764281,0.145596474753283,-0.029614693778850704,-0.22468612347492778,0.97398106543720597,7.6935586605290078,-30.565804881204617,-6.1592147419430576,,0.1167064484292923,0.4,0,2
-0.98906432329513383,-0.14423550513918224,-0.030787715764298215,0.14620063129922675,-0.98633920090085425,-0.075897010309838614,-0.019420087343927226,-0.079568208623225903,0.99664023618557795,-1.2112087559462239,26.276366464427444,-7.8869932681970321,,0.1344488441563778,0.3125,0,1
0.84574961686989403,0.53031300433563267,0.058955093053455601,-0.53187352094168583,0.82905357068196528,0.17257095543739953,0.042639691433223055,-0.17730847236383845,0.98323118458604652,-6.6043622127259134,19.367297169151467,-8.2859176460289294,,0.1134881249384973,0.3,0,1
0.42659703081074379,0.89826201031577502,0.10554778125057319,-0.90235727668299326,0.41478716473946886,0.11705961380700172,0.06137033909559874,-0.14517909212711883,0.98750023427259814,3.1788020260877996,-36.816684636993536,-6.4102322921193284,,0.2119851124785301,0.1818181818181818,0,2
0.6934156270528139,0.70868530479676228,0.13015339766626682,-0.71929642873393351,0.67023547215555079,0.1827486237295253,0.042277840171447909,-0.22033962564538065,0.97450655903430994,16.47715753308362,12.025661356457896,-5.7869426841069238,,0.3262864828345656,0.1333333333333333,0,2
0.14028025542603967,-0.98416701946015461,-0.1083361792962997,0.98818106649815385,0.13233615450682518,0.077364862986477281,-0.061803153254310371,-0.1179085239380963,0.99109936445876234,9.3453852398376096,13.551365748252524,-6.5925820803177801,,0.0895748509373942,0.2142857142857143,0,1
-0.87514893128076632,0.47907086617916744,0.067863489863657186,-0.48380906113118671,-0.8683223831923701,-0.1092933264864893,0.0065681386626771036,-0.12848090918679284,0.99169023163941827,16.633126242100438,16.785325622671387,-5.9353461758634198,,0.297126232934906,0.1666666666666667,0,3
