axis_00,axis_01,axis_02,axis_10,axis_11,axis_12,axis_20,axis_21,axis_22,location_x,location_y,location_z,dbh,dbh_approximation,score,reconstructed,number_clusters
-0.98814166987934449,-0.11001422312164745,-0.10711167517596959,0.10951399401221135,-0.99392916761985339,0.010559113125648868,-0.10762307077739133,-0.0012963276774354841,0.9941909244058702,0.16437842705091577,-8.7706308968105748,-1.1843706918500885,0.4437587334888532,0.2920391255114006,0.8235294117647058,1,5
-0.46058848367840394,-0.84457793429311123,-0.27303179596524774,0.8827280553205562,-0.4680744721243621,-0.041200350671907381,-0.093002306706968588,-0.25998923333607443,0.96112234886954029,-2.0914152546964981,16.66970369789054,-1.8521730281121804,,0.4881059734967388,0.1052631578947368,0,3
0.71714152099025941,-0.64799016620830896,-0.25654781887419353,0.6931487486104102,0.70145097768185394,0.16586542198117854,0.072476556013654908,-0.29677478061065088,0.95219319385401013,-0.47225291439333661,19.13580499840964,-1.6501543842887083,0.5515660276856618,0.5756094818909168,0.4615384615384616,1,5
-0.40432815552205104,-0.90524072231107322,-0.13060619174396834,0.91098288614300016,-0.41130757485923586,0.030598366263298964,-0.081418203165539521,-0.10660822450983859,0.99096203896019863,2.6222090259261681,-3.2528183206985224,-0.82370439381679694,0.149363925098224,0.09068374700171532,0.5051546391752577,1,5
0.04766950756074427,-0.94061278252685154,-0.33611785343240824,0.99618880104567675,0.020161933594301747,0.084860880886988413,-0.073044443458026423,-0.33888211782393102,0.93798902951957497,1.8133346144957287,18.450499430814645,-1.3140239830297293,,0.6617985165426358,0.8367346938775511,0,3
0.61613335836997707,0.78719886766242808,0.02641263816293167,-0.78351820881203582,0.60913600016844349,0.12268883306466816,0.080491621698866714,-0.096287465694048141,0.99209365625756596,-11.586426010234815,12.900299047233519,-2.9741577008620967,,0.1922044719742172,0.3043478260869565,0,5
-0.98337800854738999,-0.10208460051397505,-0.15015467572896971,0.1293062462360168,-0.974298786374304,-0.18444991069097752,-0.1274660228834355,-0.20079992332533672,0.97130417676586711,-6.2191271708707063,-1.6611723895212049,-2.021120482224612,0.4241883964899457,0.4304728671462739,0.2470588235294118,1,5
-0.93464183916126697,-0.33770677577828767,-0.1113497466664197,0.3383154492597587,-0.94092921437474819,0.013959596279449029,-0.10948647990236091,-0.024624116827837102,0.99368323100927758,-10.417056571216772,-11.17501685562949,-2.5603957796902694,0.1695997253340738,0.1995804807878454,0.6931818181818182,1,5
0.26379692962173684,0.96242845384438125,-0.064363430244639183,-0.96253377948864194,0.26699328799164629,0.047363567335224906,0.062768648746431968,0.049457612135261425,0.99680190676805158,9.2585463817648925,-5.4789044710762278,0.080483699347701429,,0.06601389550162783,0.2,0,5
0.64913448613212066,0.75434883761837268,-0.097888968212956978,-0.74673789625570897,0.65646351099649491,0.10694939469558848,0.14493768733350781,0.0036728618221232765,0.98943396792128058,-7.2742225864164842,-4.9293490471160686,-2.2121941882187466,0.4910072734201691,0.191196097803878,0.1746031746031746,1,5
-0.17753363740362013,-0.97787429857721631,-0.11065109024477003,0.98260619768826685,-0.18236064804815769,0.035066427078638385,-0.054468962307404063,-0.10250097670545533,0.99324049550931082,6.3773577571726623,0.15061061911772003,-0.35882099607458945,0.1323205355303276,0.1235836463061507,0.6,1,5
-0.37810847440641843,-0.89379022075590997,-0.24119084324068482,0.92388206951830498,-0.38090142687073941,-0.03682423971256945,-0.058956790996667695,-0.2367554525009648,0.96977881628051577,-17.229439111890517,-13.137828888587389,-3.0111539246643209,,0.2602751559941967,0.25,0,2
-0.99383370723925457,-0.017146065240071076,-0.10954713506916926,0.027472078012133552,-0.99524404734315375,-0.093458927651208015,-0.10742368121031244,-0.0958921199828313,0.98957811922072292,-2.4859567169875203,-0.78135547690289586,-1.5340396271476595,,0.09729387889410673,0.2446808510638298,0,5
-0.92688199357589884,0.36881799625420308,-0.069735612306787861,-0.36451139462896642,-0.92876937825296668,-0.067222653958646184,-0.089561225820182847,-0.036888042217400607,0.99529797506623807,-23.536675650765737,10.766401391745152,-4.0715820518145769,,0.5228287454437694,0.1538461538461539,0,4
-0.87634326022661801,0.47960091581507885,-0.044782271098270689,-0.47421313372508433,-0.87532300416602915,-0.094506836685991386,-0.084524517496503429,-0.061584088262269,0.99451646844830455,-12.621181516315632,-2.8651567841086929,-2.7336923636491122,0.3936935806221726,0.1564806917776193,0.3055555555555556,1,6
-0.98446101893306348,-0.13630944256850039,-0.11070789523760183,0.13834926630702507,-0.99032328638500111,-0.01092103273136929,-0.10814796675658292,-0.026067687091042364,0.99379298295778951,-15.154203471287399,12.271604271042783,-3.3056985498368485,0.2659000316362007,0.14213069775331,0.5925925925925926,1,2
-0.88026119750412068,-0.43689430732622336,-0.18510426357745138,0.46182956125609942,-0.87840401954242053,-0.12296273745211178,-0.10887460915479628,-0.1937259473525885,0.97499568040260165,-2.9856885288929496,2.3728819332079443,-1.6361226678408927,,0.07162041540977396,0.3095238095238095,0,5
0.99233421237468333,0.071127340068933273,-0.10106291330372189,-0.060731679092648587,0.99288147963999063,0.1024598972402912,0.10763119485216562,-0.095536741009005541,0.98958994387174015,-15.352690344245012,13.754960479380193,-3.3817111275935434,,0.08212728389106709,0.3125,0,4
0.98976597797809418,-0.10405068111290447,-0.097656359736609161,0.11986710129872422,0.97754283510693873,0.17332594600153856,0.077428592027149482,-0.18325790921820401,0.98001089373826067,-5.3180564434959985,-20.518647088850809,-1.5882398799724882,0.2661858234997452,0.2032447716067156,0.5909090909090909,1,4
-0.79015844037722682,0.61122446106405548,0.045324356560069237,-0.6100704104526854,-0.77725257932384351,-0.15392375458169216,-0.058853490896643296,-0.14927520266738212,0.98704264369777417,-6.0805674629813042,17.232006927666035,-2.4411292433271679,,0.3396042088767001,0.2105263157894737,0,5
0.62439733785963281,-0.77236461774799614,-0.11653695433121358,0.78038337904377131,0.62325708208851494,0.050521196925010156,0.033611697160797996,-0.12248880306992072,0.99190057311026347,-8.5454007949288755,-10.542378311322919,-2.47724379842967,,0.1580011577461983,0.5730337078651685,0,5
0.18594882910948055,0.9817742824656156,-0.039272016015727565,-0.98100449232363607,0.1877539364710665,0.048771358197871692,0.055255940799696583,0.029457047183061164,0.99803760619407356,-14.647429800151373,16.2180000605528,-3.3999552913879296,,0.09693251386847226,0.2857142857142857,0,1
0.51828268742158157,-0.76793350486113399,-0.376379048341905,0.85489848549437897,0.4770872475281272,0.20380465584832122,0.023057220528076936,-0.42739430314140875,0.90377125104961664,-4.5117780042829239,3.162887121773057,-1.8693779562767814,,0.4875333948396312,0.2997858672376874,0,1
0.44827513530350688,-0.83658265788724573,-0.31492675273932136,0.89383524591992414,0.41541014848284818,0.16879858319525767,-0.010390198260427306,-0.35716083920240888,0.9339851062625889,3.3844153364945018,14.344014214860149,-0.94464631618035455,,0.3523022205071167,0.1818181818181818,0,2
0.34023611136331322,0.94013249298035939,0.019755611023307525,-0.93733874008893814,0.33739811524178109,0.086940198756239609,0.075069799872197862,-0.048097894692250738,0.99601762919805792,-4.5415762448887982,-17.799442143329181,-1.5372462142555194,0.159218882359612,0.1547047297290267,0.4102564102564102,1,4
0.69064541003002489,0.72296233632888252,-0.01828600159526109,-0.72046239034086035,0.69001259549146099,0.069401456522687796,0.062792210574176832,-0.034757420977694069,0.99742120489700181,-9.9114072345359538,-24.163463450751625,-2.0027220087937199,,0.3370544504372959,0.6296296296296297,0,3
-0.15470000648499296,0.98539626843556205,-0.071148451471647611,-0.98773385598903185,-0.15271693731169417,0.032547915312278866,0.021207020690856542,0.075310897029621501,0.99693456709154782,-15.545838487158964,4.728915021860165,-3.1560576274228902,0.1305175835024856,0.1460815275812494,0.6547619047619048,1,4
0.95283143207978249,-0.27316557718074558,-0.13226046077456807,0.28894697819585374,0.94980055193484025,0.1199523044203732,0.09285421817168929,-0.15251058647773694,0.98393018816374422,-10.221089591632177,8.0406190455011313,-2.6785894990754788,,0.1146826937709722,0.2774193548387097,0,4
-0.77511644757381548,0.63131853615582156,0.025127646261034656,-0.62877967965179105,-0.76688240889831361,-0.12855926796350164,-0.061891898965374899,-0.11544815645297642,0.99138343541440588,7.4370023272810055,-12.221315739343224,0.010674351255258258,,0.1954443620792537,0.6451612903225806,0,5
-0.94450784714348457,-0.27287254560724711,-0.18288111039197674,0.29868136868939399,-0.94512900077550177,-0.13236544825192539,-0.1367273443105359,-0.17964338492391999,0.97418370319507297,1.8805435093509304,-17.473818542340055,-0.58167494975536715,,0.4378392135197381,0.325,0,2
0.41375394601598664,-0.86442504427782396,-0.28561690247862004,0.91034599089135304,0.38980530524650053,0.13900360020417787,-0.0088232094070349702,-0.31752349019712556,0.94820935670810336,0.68074783405418227,-18.33769794052624,-0.72301265294297601,,0.7093819921665451,0.4,0,3
-0.99332671654253846,-0.05214537523486059,-0.10287319400327263,0.053822673355810161,-0.99845796250356755,-0.01359473964657002,-0.10200565688065119,-0.01904092841328511,0.9946015729977038,-11.327429494730248,15.295170608880859,-3.0055261733457277,,0.08693224239854293,0.4523809523809524,0,3
-0.96816537762327404,-0.23583770640484741,-0.083883119930552599,0.2424633277479753,-0.96684013859713758,-0.080197762405475853,-0.062187910955107492,-0.097983277324083434,0.99324314298960581,-11.929247465086041,8.4660582349969236,-2.8683481021592283,0.1702518934018981,0.1217333557546414,0.4,1,2
0.54307123420132275,0.83782551851211273,0.055875174388637365,-0.8303240141217515,0.52591636740757264,0.18432038971737305,0.12504265734457604,-0.14649360062040881,0.98127669839932241,-4.9589773579921177,15.655175411134419,-2.2212570355516301,,0.3801547637410376,0.25,0,3
0.98976595189777061,-0.076799593029610064,-0.12027128906928639,0.094395937616564077,0.98444077005055852,0.14820855988691792,0.10701760334352167,-0.15804490745592104,0.98161552544866526,9.2783230539159067,-3.3049369242464706,0.060089102565086885,,0.1135490651783335,0.2903225806451613,0,4
-0.79052994823546463,0.61098977906020346,-0.041879479781856931,-0.60987828415238243,-0.79162970440723124,-0.03702552659270212,-0.055775258512902742,-0.0037284023501663174,0.99843638733458417,7.8624161911255968,-0.14979259159108413,-0.1845989482617387,0.3391339696841286,0.1788517601321481,0.1290322580645161,1,5
-0.45629668812768009,-0.87192574941946421,-0.17759172250703492,0.8863085939983808,-0.46308074533219162,-0.0036468489405004278,-0.079059525727920105,-0.15906511497461304,0.9840974954697268,-9.8704058843037306,-2.2699496792024858,-2.4719563570461158,,0.5806425134527575,0.5243055555555556,0,4
-0.2063555770713163,0.97513023658551923,0.080860358076346547,-0.97772520245427597,-0.2087307318458948,0.022020673668709381,0.038351066442938002,-0.074515121148315475,0.99648215860743994,-24.207478791144695,7.2757179256776361,-4.0481502610819824,,0.2487470154703232,0.175,0,2
0.14131791332308036,0.98961086705911139,-0.026449559023255634,-0.98745216612004327,0.14281114931720418,0.067403228821281608,0.070480259639456547,0.016592390702172111,0.99737516791423142,-4.4724012044616881,18.628832536283117,-2.2087278225168818,,0.1050807511726011,0.2631578947368421,0,3
-0.7308839170522059,-0.66700083322228898,-0.14463259755393204,0.67649289087269648,-0.73605392131909309,-0.024124541643095885,-0.090366301203087099,-0.11547516352688171,0.98919129505637771,7.7840271861218797,-16.225030923407761,0.18963651324742739,0.4523306071358772,0.4033065386947038,0.5675675675675675,1,5
-0.17218423340057812,0.9809957753131614,0.089442040372436568,-0.9849001497269918,-0.17310421548443494,0.0025740336570436138,0.018007910373071458,-0.087648270942715142,0.99598870262907491,-10.962957678371444,-15.594953630686236,-2.4447685087770243,,0.4323510312054044,0.3333333333333333,0,3
-0.37945190476625557,-0.90143994351409207,-0.20838013390573309,0.92244294340143562,-0.38600674682361796,-0.0098897712584134906,-0.071521102747070381,-0.19597147660809722,0.97799791012961046,-17.567817320098484,8.437158907144644,-3.445182080506076,,0.2167431124376672,0.6956521739130435,0,3
0.73553120017740281,-0.65967222596976716,-0.15435805080941248,0.67548290299679647,0.73159187163808537,0.092174731418662489,0.052121985040950253,-0.17206361508806761,0.98370595761041091,0.88105241022598679,-5.5237831606149177,-1.0667363804567562,0.5613687856814891,0.4327398652002226,0.9603658536585366,1,5
0.99141312139033411,0.096154157298232942,-0.088625057231813409,-0.075349568450574417,0.97396634210377964,0.21380366456938124,0.10687593400475029,-0.20528989863909747,0.9728481856113842,-13.618733936525357,9.1221903754216864,-3.0584118031260945,,0.4097363300151739,0.4727272727272727,0,2
0.95092276349036919,-0.29311242038471141,-0.09915143414018196,0.30146437669118792,0.94982870581914125,0.083334621785475099,0.06975046567609576,-0.10913541413377606,0.9915766908917415,-15.748212195176919,5.8554223445136664,-3.1790616056861274,,0.07562812465507245,0.25,0,4
-0.77848886053600763,-0.56318566979901696,-0.27708662067010958,0.61897084045329986,-0.76205037827324273,-0.19014289269426718,-0.10406821171656799,-0.31953266234712274,0.94184323801972236,0.14031142352107595,16.90887997332203,-1.5449737717998149,,0.2993514711377206,0.2592592592592592,0,1
-0.97436962475681332,-0.19202982168536181,-0.11716817799536855,0.19740136679138853,-0.97966165231392588,-0.035996491140657325,-0.10787277107851585,-0.058203046046026705,0.99245950581915698,5.1721300646648567,-4.7440940968508025,-0.44674902819131757,,0.8273993941137148,0.6893203883495146,0,3
0.86774633675241108,0.49160684742196115,-0.073068478981097112,-0.48490477065103205,0.86966287444323298,0.092487016467191818,0.10901219405479509,-0.044824015694416956,0.99302927910731076,7.3318519609420392,-2.3430985534780584,-0.19917160341634621,0.699128990664501,0.765690346911821,0.697508896797153,1,5
0.98872350381381757,0.11795868710303008,-0.092258230760500048,-0.10779139176110082,0.98825079713821651,0.10835763848425654,0.10395599486481334,-0.097191100892053975,0.98982172184644335,-12.015502022330899,-14.837316968363323,-2.5608190049110044,0.1447208127666021,0.1388185084929759,0.325,1,4
0.901454705558,0.42995674717876342,-0.050165818868987355,-0.42270380387321876,0.89931811939254724,0.11201970506729315,0.093278657893702654,-0.079775407787794905,0.99243890305340232,6.6271885359362521,-1.318589560390466,-0.30380340130653732,0.306794866307904,0.1906582955093523,0.4204545454545455,1,5
0.24984698506225281,-0.94738119888542749,-0.20011333802051245,0.96819935976274818,0.24167743471439268,0.064668518653781273,-0.012902860547432322,-0.20990684016553587,0.97763624863310639,14.965127336068084,0.06791020279725335,0.72758085213740953,,0.1058585723394857,0.3529411764705883,0,5
0.37748600830139017,-0.88594153066970616,-0.26946598629753105,0.92599758512477537,0.36294254641255075,0.10392872724448426,0.0057258955428626463,-0.28875649298014383,0.9573854510499108,-13.948203400129557,-3.3522495466503219,-2.8961298413625585,,0.178346649721454,0.2413793103448276,0,1
0.6253291428117278,0.77918882696792846,-0.042757865693854716,-0.77701333505076142,0.62678100084370558,0.058273957602485466,0.072206234520594437,-0.0032169721333746163,0.99738453506491165,-8.9297626122949563,6.5377999158611546,-2.4829631616969059,,0.0952435120030139,0.3193916349809886,0,4
0.97463889352498201,0.21497338417259526,-0.062172914728047368,-0.19490456084705116,0.95195988479255267,0.23618761590474727,0.10996017183242976,-0.21807985198805502,0.96971642183034668,-25.054648629695109,-12.742456279761662,-3.6989044006554632,,0.4993078170364781,0.5625,0,3
-0.74773813120972454,-0.63275222815650622,-0.20127668741800669,0.65681635554604745,-0.7493037480315311,-0.084475844317227947,-0.097365097556555161,-0.19536763024840367,0.97588499672293672,-17.588428632123659,-4.7601110764638204,-3.224027198597136,,0.3155141639220332,0.4090909090909091,0,2
-0.90779600962214491,0.4056428757633686,-0.10658453103773687,-0.4036330189877898,-0.91401191949614702,-0.040774955570429677,-0.11395960203911126,0.0060056940808032033,0.9934672318409371,-7.1469700092359174,-8.7649486003687365,-2.3520692856583385,0.1689345854398083,0.1249380352527915,0.2592592592592592,1,5
0.55812677840950164,0.82955863601989843,0.018082273834804794,-0.82502035269102203,0.55248495282195431,0.11875097705242033,0.088520714343100257,-0.081196344191894296,0.99275940530526263,-16.408851715645962,-8.5497675635130275,-3.0473890290812773,,0.0994308157052536,0.3333333333333333,0,1
-0.81625969609353877,-0.56335863185915214,-0.12785601449704659,0.56802526555377186,-0.82301111517083514,-4.4697051439098121e-05,-0.10520174060276585,-0.072661930988955709,0.9917927392147543,-3.9060186152109364,-15.574392424413103,-1.5000857200889277,0.2954745888335908,0.277377882873636,0.6538461538461539,1,5
-0.75629918288785158,-0.62133965506214206,-0.20481352252824109,0.64610905253200313,-0.75853183545654945,-0.084690889918073317,-0.10273576884106657,-0.19638352182954777,0.97513018318297295,-26.667892263643118,-15.239980358799651,-3.7161237918702801,,0.2046878255966025,0.4545454545454545,0,1
0.0069099050264746888,-0.98238095177957629,-0.18676166307135952,0.99894002125001347,-0.0017184918964927456,0.0459987035754858,-0.04550919860367595,-0.18688154635023915,0.98132777423050443,-8.225408747977653,14.816660091818891,-2.6714022465094871,0.4535417815202124,0.3443909022413538,0.4705882352941176,1,4
0.82164976947518997,-0.546319455069599,-0.16256293960747331,0.56477140350823252,0.81882515945541612,0.10275514596434156,0.076973489596794301,-0.17623964155452754,0.98133310891053882,-10.259788969110224,-20.399644516563789,-2.3660600060514718,0.2363169771794357,0.1645950087709283,0.375,1,5
0.3479187415914628,-0.88614470884366192,-0.30610472756524865,0.93752327729423357,0.32828361896238006,0.11523875239016886,-0.0016290429376797414,-0.32707402909638811,0.94499731518653662,6.1912706557968953,-4.4567469785983977,-0.31802988824394951,0.2447101182482306,0.1561284913443438,0.3333333333333333,1,5
-0.7366460468393381,-0.64831403618773298,-0.19246171608386523,0.66598876769724391,-0.74489609590214179,-0.039859347847817569,-0.11752260623846827,-0.15753957214527919,0.98049463039386375,14.454667653291095,-11.813184075580551,0.93266186886442159,,0.2072009857588031,0.25,0,5
0.99040834438019132,-0.080769062118903612,-0.11210561978117062,0.092579753565542114,0.99020775727176369,0.10448725601032469,0.10256851666974232,-0.11386376088666804,0.98818760533863825,-13.118501763547979,-7.2973277808056345,-2.805789009176257,0.2620832706895013,0.22191424600354,0.6027397260273972,1,5
-0.48583383176112044,-0.85416978631199325,-0.18536306014962098,0.8713860294616913,-0.48988389658602322,-0.026460452087665412,-0.068204659483765792,-0.17437816382052887,0.98231378917700485,5.6026808725665687,-0.47048747743643515,-0.4625755768179331,0.2047993493537824,0.2265453344729168,0.1851851851851852,1,5
-0.97947394277726274,0.17620501069803227,-0.097890702445484368,-0.17210117048220863,-0.98386181204019341,-0.048960411841011922,-0.10493799378212718,-0.031108343155721051,0.99399209677295153,-25.159136973654391,1.4786707119218894,-4.0608710415296381,1.037805247840663,0.8412129240945301,1,1,5
-0.75053765094892466,0.66056147128309861,-0.018755723509868587,-0.65961022947558701,-0.75057515728423441,-0.039386272213934606,-0.040094634045392534,-0.017189413138756354,0.99904801906450502,8.1265929638554475,-17.733595339971,0.28936649933022268,,0.1654811464225618,0.2916666666666667,0,4
0.30120531835185205,0.95242583999778963,-0.046479839727181678,-0.95160180952545659,0.30335135648432232,0.049314811436308351,0.061068423136973013,0.029376416112704484,0.99770119468302587,-9.3020539145981989,9.9466897918439727,-2.6311175606554045,,0.08123075211019201,0.2752293577981652,0,5
-0.62142818726354287,0.78074321974357763,-0.065322529794681158,-0.78269725111784427,-0.6223576657824561,0.0074799020301806081,-0.034814094371612987,0.05577598646588449,0.9978361679989558,-18.19373125583488,6.3448833599271435,-3.4576170879278889,,0.09752710944393768,0.5945945945945946,0,4
0.90303779723995481,-0.4126113019520119,-0.11947656781761026,0.42355530948012332,0.90162502110836262,0.087596924161421841,0.071579582055271637,-0.12970826809733657,0.9889651806914046,-1.4275717183780001,-13.210963707614244,-1.2416369171112176,,0.08270727852183547,0.21875,0,5
0.60639856391622193,0.79490213944871491,0.020282267629655529,-0.79026305184633761,0.59964066333901367,0.12615618794518954,0.088119751286859213,-0.09252925791448359,0.99180302775447238,-12.509213525858028,9.6166706795293209,-2.9668272829109843,0.4414046369523517,0.3325555451128027,0.721030042918455,1,4
-0.87377489189715052,0.48386959393048479,-0.048863630234258958,-0.48255863165827489,-0.87510008385094629,-0.036565150842839608,-0.060453331605593394,-0.0083701441812052465,0.9981359303141879,-7.4019918945916467,14.017713298955918,-2.5451583429511246,,0.07100793446911799,0.2173913043478261,0,4
-0.26648062216920865,0.96221577380160939,-0.055936416185549231,-0.9638193039378975,-0.26564285009428584,0.022050522679803036,0.0063582517234871735,0.059788634715606734,0.99819080931145898,11.233014596665358,-4.7422685314516091,0.34652736119788219,,0.3340310443568363,0.625,1,5
-0.46549380305409999,-0.85961265604071591,-0.21066941138393905,0.88118005832843382,-0.47237537629499282,-0.019575716448218376,-0.082687508866379947,-0.19475005890830616,0.9773613407704862,-14.05064895031976,13.235779826281945,-3.2336623563984732,,0.2036279052314352,0.4347826086956522,0,3
-0.14580715022659774,0.98795213979435892,-0.051873349791056782,-0.98827505312676356,-0.1430525509495007,0.05337028231266238,0.045306669598317431,0.05904690629141815,0.99722653822856167,-5.8960352132964662,14.036555882557142,-2.3723069085903883,0.2179430432073664,0.1672093611161211,0.2745098039215687,1,4
0.12980750082251671,-0.96002598456219324,-0.24799218071464016,0.99110673984824438,0.11824092800237836,0.061045173212304113,-0.029282126930879351,-0.25371084310791064,0.96683678308796062,-15.755603077811815,-3.2866083496392284,-3.0655452456714927,,0.141268392277734,0.3846153846153846,0,2
-0.50927009117425004,-0.77995896647450103,-0.36374164574791157,0.85644305417112609,-0.50083864850519588,-0.12516366535669254,-0.084553351189673623,-0.37526611728147952,0.9230525835634058,-10.280900101694161,14.654402122413405,-2.8668524133437363,,0.2362168101635578,0.4583333333333333,0,1
0.39761552312681736,-0.84742727285125441,-0.35180806272237813,0.91751611193224802,0.37060981873189175,0.14426554198506472,0.0081289675431470941,-0.38015178480101824,0.92488839348284757,2.49788220038482,8.2690046062226568,-1.0047622628229584,0.7300767331708711,0.6561067353164045,0.3442622950819672,1,2
-0.76974076529436453,0.63610461813226982,0.053573025253809914,-0.63627595929744707,-0.757754911570374,-0.1447770617573392,-0.051498134569706089,-0.14552803434999798,0.98801292165338939,-14.568352488777489,6.0393459630021109,-3.0747235037327374,,0.1248488435317534,0.1904761904761905,0,4
0.97454536506758838,0.20233868146761705,-0.096542163883077195,-0.19677325673882443,0.97834811452778314,0.064150231740254055,0.10743191731360592,-0.043520395010589887,0.99325946175228785,2.4226703720128655,12.298279968635045,-1.0636716809092901,0.4125968897477038,0.3879812509846094,0.8359788359788359,1,5
0.1381950162289326,0.98814781373418825,0.066828404902622041,-0.98855163756042352,0.13349595048619603,0.070317075311702587,0.060562342805489291,-0.07578079846590989,0.99528361446262092,-17.238460327421667,-10.343143562259009,-3.1142375002188754,,0.4244343599026215,0.375,0,4
0.73213857927000114,-0.64008434407796977,-0.23294877808389214,0.67992602063850494,0.7072914161827053,0.1934927881161185,0.040910966783863599,-0.30005147068550947,0.95304533351581522,-6.4723241499287578,15.810512790538672,-2.4593542731874076,,0.276254420625442,0.5,0,3
0.83132325404087848,-0.53887861734579279,-0.13605691110109822,0.55173383733644099,0.8296662700150329,0.085109653608439931,0.067018057483719612,-0.14582083584601219,0.98703843076360487,3.1047234859221682,-17.788430466130279,-0.39126322459240298,,0.1125579014470828,0.3846153846153846,0,2
0.77953166553601816,0.62347167566256478,-0.060111996083598726,-0.61764676220086268,0.78109056658090037,0.091706073632659993,0.10412905247543609,-0.034359808568170488,0.99397009209821097,-6.6329266147392216,21.190224880344736,-2.5253979862544376,,0.1338494132857257,0.1875,0,1
0.88445734699274503,0.45843701519146635,-0.087009795154881345,-0.45359087619879096,0.88843814476240957,0.070235176089628162,0.10950122547153622,-0.022653168287620873,0.9937284918863728,-20.370416290646812,6.8454933329355541,-3.6785228951845763,,0.1033247731904275,0.4516129032258064,0,4
0.29951578181754257,-0.94542112547536905,-0.12833234957372558,0.95408703162331021,0.29638811255222142,0.04326687908727591,-0.002869238652950681,-0.13539934358267131,0.99078695249126814,5.7979467910033469,-3.2412431136253814,-0.38725691203648838,,0.07336805950916572,0.3703703703703703,0,5
0.88491403562581294,0.46066193700917951,-0.068685728818925526,-0.44956656734861783,0.88336061680472822,0.13252894853861,0.1217253099187544,-0.086397919357584702,0.9887964140589619,-16.525760305011641,3.8631900562969119,-3.2393746546767082,0.2088332414086741,0.2118900731438914,0.2093023255813954,1,5
-0.96925626008724364,-0.19708584871253668,-0.14730740143980767,0.22034932594673343,-0.9616676024147478,-0.16322253833552158,-0.10949190306369577,-0.19066355368326093,0.97553007768103217,-0.90225636400653852,21.065832486149308,-1.7068681475020042,,0.5249242636903309,0.3939393939393939,0,1
0.95141088496533011,0.30569624726727407,-0.036974753226942936,-0.28757679329996716,0.92503858157869534,0.24819994066514922,0.11007686371256978,-0.22550704423051007,0.96800292203981642,-16.384856778076735,-10.135153452281916,-3.0381216592589739,,0.1228625563089058,0.5588235294117647,0,1
-0.95144743113325336,-0.25628189441305949,-0.17049157277117316,0.26994100751644012,-0.96087516952298002,-0.062054500684440558,-0.14791767389647542,-0.10506426219338058,0.98340320446845109,7.1541116325829099,15.767159942780889,-0.4476307447020309,0.7034971874476277,0.3862314571357568,0.5,1,4
-0.80742814315242006,0.5845178986541878,0.079991373274420255,-0.58655022373064447,-0.78077145092821676,-0.2153015941812278,-0.063392654834498283,-0.22075952429813736,0.97326594707957115,-15.824607496342249,7.7296331039395483,-3.2379747605392768,,0.08539657303382311,0.2222222222222222,0,4
0.81937965662675272,0.57014696116610974,-0.059577017206942487,-0.56045905972773447,0.81858992775624373,0.12568282517962556,0.12042682705829839,-0.06959147109437569,0.99027996368481175,-4.326125241730403,12.080870513907351,-2.0679409262797135,0.2918777778509214,0.3171356539559425,0.6820809248554913,1,5
0.16096410395141236,-0.97438271724706871,-0.15706329160353749,0.98673900018152028,0.15550767465550627,0.046513531837638435,-0.020897434289710345,-0.16246748429595409,0.98649258171901688,10.541159840241267,-12.926841107096967,0.45057992236197542,,0.6116401374677015,0.9568345323741008,1,5
0.98067967902788933,-0.16180992251262377,-0.10993141551992337,0.17004791816308509,0.98293422940087882,0.070171263352605512,0.096700944515325682,-0.08750914037149872,0.99145906505578174,-9.7971177614535812,-14.015868903605293,-2.4011331114320029,0.1458397203629311,0.1943518642099916,0.7924528301886793,1,5
-0.95203372723011359,0.30366009832588808,-0.037713749496036536,-0.29149232243557144,-0.93749462895710245,-0.19009483590487603,-0.093080654152486106,-0.16998342672536287,0.98104109315626975,-1.6327502364713002,14.938941880839446,-1.7840554522768957,,0.3000823117983388,0.1481481481481481,0,5
-0.94804216755251103,0.31794467951259031,-0.011279597154770785,-0.31244136197831929,-0.93714454241054612,-0.15537214021587722,-0.059970358240305256,-0.14377512788992947,0.98779161199757348,-8.0622382165289803,12.08287222209195,-2.5809111489772643,0.8404335166884053,0.3642436749686116,0.4772727272727273,1,3
0.76864072206759715,0.63967223770976045,0.0032967685375955812,-0.62994532002785564,0.75603686169095508,0.17769962729137725,0.11117703969078042,-0.13866395374386042,0.9840792517768655,-12.702046709419122,-0.35618280254903167,-2.7667825340036045,0.4616190721734451,0.2672067299521407,0.3230769230769231,1,5
-0.98958166418235627,0.10194714981114097,-0.101660752306209,-0.1031839414246563,-0.99463787981711149,0.006968663070891121,-0.10040519979638869,0.017385818309968912,0.99479471710275036,8.5186327455335338,2.0432896148554178,-0.092025316440239383,,0.09950289244604724,0.2727272727272727,1,5
0.32860034784823117,-0.90574002451109459,-0.2676879141699588,0.94446763823808266,0.3156175807821302,0.091468153049100137,0.0016406446902604045,-0.28287903898994909,0.95915418863972179,-12.082808541654249,-26.159615355620524,-2.0948737440850138,,0.401586089746373,0.3846153846153846,0,5
0.93241336176169387,-0.34330931619181332,-0.11288948677431052,0.35327018001864019,0.93170365963131019,0.084430270278037525,0.0761938496064824,-0.11860440145936592,0.99001388537566049,16.842581412226288,-2.5642300374737879,0.97904484783698964,,0.1751785057329255,0.4,0,5
-0.78495680492105713,0.61915285502252149,-0.022193614522793538,-0.61667111565152621,-0.78425686516825288,-0.068248842902770002,-0.059661960487632233,-0.03988623263640647,0.99742144498544194,-11.597066696327836,-9.127006125610853,-2.6194034390373333,,0.1363793459539196,0.3636363636363636,0,1
-0.25729181367740939,-0.949799522939206,-0.17799378876535024,0.96431429532045621,-0.26426297752152916,0.016217846714835463,-0.062440871672321485,-0.16746923578947479,0.98389795843313343,11.884535898304664,3.0087826658173586,0.29968553686308919,0.4993921707249117,0.442781673130037,0.9477124183006536,1,5
0.99201680196716535,-0.06849611160888365,-0.10588176098507779,0.074639918538382616,0.99568210618143449,0.05519081436875329,0.10164421860303419,-0.06265322118268081,0.99284592294072127,-0.67230640626024496,9.1052273312439276,-1.4584285768862333,0.4736649929027688,0.4606099497086523,0.9607201309328969,1,5
-0.57444106366625958,-0.79284143979352084,-0.20351883382162461,0.81217111043677537,-0.5830389125514398,-0.021064515725034698,-0.10195857857910737,-0.1773924400784099,0.97884440564226372,-17.273497717351816,0.96614599592660677,-3.2751933266106055,,0.1094281386801491,0.5,0,5
0.93933872022334952,0.33327738970527665,-0.081049060453524543,-0.32137210769303626,0.93777257333827246,0.13153923023741529,0.11984463728551797,-0.097512984805888631,0.98799214607614738,-3.5363415567521321,-1.5107214528349411,-1.7164937432007279,0.6416717719242065,0.3986551277414944,0.6610956360259982,1,4
0.77409418167488786,0.63188049621834896,-0.038797376147610411,-0.62117580291356933,0.76994619688914623,0.14602559970985551,0.12214262061937581,-0.088937575831553609,0.98851974579845281,-16.652879066580159,26.488124426808373,-3.8510425077833172,0.7055556896175091,0.5560746592950221,0.9473684210526315,1,2
0.19610986901214253,0.98023995710511347,-0.025894898544014347,-0.97881095675984731,0.19727381913706699,0.054883068517962388,0.058906962261789056,0.014583099041023843,0.99815695309878338,-11.038645644976659,16.257011763664678,-3.0019162980041432,,0.07895700193850595,0.40625,0,3
0.23453211923150152,0.97158248040836082,0.031971374889375487,-0.9707729713976061,0.2323599369224888,0.060072437250695339,0.050936460935585681,-0.045125862616832886,0.99768187989481072,-2.8091281419875163,-13.882668908383097,-1.4684308039238581,0.8115548238867712,0.481559295036018,0.1481481481481481,1,3
0.097750936389456575,-0.9498053766506932,-0.29717755790170192,0.99505072842894948,0.08791882311702616,0.046306893598405001,-0.017855035368247101,-0.30023328767335583,0.95369867918795315,7.6109022221242402,-5.1701677938611983,-0.13353502885664187,,0.1814251269502297,0.1,0,4
0.63122017606842384,0.77550674686893517,-0.012262743775697178,-0.76986227537890384,0.62838944719271439,0.1115292768973721,0.094197485489602023,-0.060958905974396529,0.99368548621273523,-8.504291042007063,-3.8999767637486165,-2.3004084187785576,0.1928363266979773,0.1615201164236297,0.5243445692883895,1,6
-0.63336183979273797,-0.71515309154151552,-0.29564985295611301,0.76660296464146327,-0.63201473320460111,-0.11347806667033247,-0.10570087273659481,-0.29851873085441355,0.94853249434681608,16.99464435525687,7.5985007978767918,0.83487279070921805,,0.25866535081269,0.4285714285714285,0,2
0.83358846761380145,-0.53882778378757379,-0.12163423070766931,0.54822462243113024,0.83398027361768345,0.062663119750132459,0.067675919066679219,-0.118918134172826,0.99059499662744865,-18.991341619793722,4.6767159940402676,-3.5011179052889401,,0.07462637952918325,0.2142857142857143,0,2
-0.58664424694693373,-0.77134323397896121,-0.24673496492986952,0.8051119597452594,-0.58837888551432549,-0.074866677207348534,-0.087425738768477562,-0.24256937662408912,0.96618675095707462,-12.055371423119825,14.613619358286607,-3.0640155750944218,0.512658453632204,0.3554033216122863,0.3538461538461539,1,4
-0.81740535389321634,0.57020247373945365,-0.081961127176933823,-0.572857432876406,-0.81957607169375835,0.011376480355625326,-0.06068648140203807,0.056251236861384064,0.99657059425140815,13.181274939796051,-3.259524231921576,0.56796576578669311,,0.09437621279231881,0.391304347826087,0,5
0.87425472509496438,0.48542741034228537,-0.0062373822642883929,-0.46919594019098793,0.84818089425926391,0.24585430710453343,0.12463484808601158,-0.21201273523526348,0.96928672473145894,-6.8092686232192472,-16.935074273108011,-1.9203010594858276,0.6477598175502384,0.370428667229411,0.59375,1,5
-0.1565523228895476,-0.95749575742145143,-0.24226688737383925,0.98619264876163482,-0.16495237745633551,0.014655125383745599,-0.053994719430676873,-0.23662752944538032,0.97009895504643129,-12.481755421637247,23.56638301885577,-3.3452526984547806,,0.2557344160746591,0.1176470588235294,0,2
0.99437708991889995,-0.010300924344249866,-0.10539494296252479,0.023668981993516313,0.9916986811234707,0.12638633292155857,0.10321812987944712,-0.12817026494324837,0.98636626100478864,-14.465052436690216,21.645429562047369,-3.5492074467768107,,0.08774313265281394,0.25,0,1
-0.99268636525508258,-0.035916609221326071,-0.1152552706764287,0.057706394108023674,-0.97975487272440753,-0.19170383786411468,-0.10603656122160762,-0.19695275208745844,0.97466192145249697,-17.422219786194709,-7.9008657923534855,-3.1560073892170943,,0.07481390159062948,0.2380952380952381,0,2
0.44044750898980956,0.89663327718054764,0.045329439409086104,-0.88741803335419311,0.42716104332075822,0.17327053167488324,0.13599715402333618,-0.11654273603100151,0.98383055694360322,3.0886043461028359,19.118620761135947,-1.1223413689868817,,0.4422119003489391,0.4285714285714285,0,3
-0.29155199734657505,-0.94571919652180181,-0.14357100742622719,0.95426210383436805,-0.29794434496305833,0.024758927483669826,-0.066191162769891398,-0.12978585683614818,0.98933025898153848,-1.9366120012230705,-15.895190899223209,-1.2400051005155872,0.1890630572482294,0.1660791352782244,0.3023255813953488,1,5
0.89065711454292784,0.45383729798205952,-0.027597305564316641,-0.44610050910438248,0.88398083863892407,0.13990072442999243,0.087887656077959675,-0.11229240348113144,0.98978087273373505,-8.5398952497477367,0.91850097583271195,-2.3404585937989641,,0.1154702455118789,0.2472527472527473,0,6
0.7569669857099014,-0.63866411172805804,-0.13823579469832817,0.65121826463478294,0.7547859834778502,0.07882189385848247,0.053997725427368762,-0.14968724573585654,0.98725780529337182,-5.6670360149096037,11.643484643354924,-2.2465497181694487,,0.08293714934273244,0.3275862068965517,0,5
-0.91349977984317121,-0.3719511674711618,-0.16483470885501733,0.39508386411349444,-0.90772336792904063,-0.14123394646015633,-0.097092185801064379,-0.19414071271219807,0.97615700126771221,19.588471045928433,-6.0170494712420224,1.4354405409032009,,0.2850190883631769,0.625,0,4
0.23810786040339604,-0.93403690249048699,-0.26623243904545818,0.9711818350082404,0.22600741073335515,0.075673599383348653,-0.010511430166439193,-0.27657858752908043,0.96093381393115473,12.470277665140532,-15.888588453772147,0.7970597145881172,,0.8446626012971135,0.5588235294117647,0,1
0.49597637543341039,-0.83166556138506209,-0.24967945253465937,0.86739050415403263,0.4879283905876714,0.09777320165535526,0.040511088794931316,-0.26506278438248398,0.9633797652120657,-10.922046331342182,9.8009182131291546,-2.8057206559615904,0.3622034980756853,0.2103905397558893,0.264367816091954,1,5
-0.15540333706321388,-0.95393651183564598,-0.25662216236416169,0.98676031419575427,-0.1621069421967492,0.0050419857116929491,-0.046409968303309464,-0.25244102415903186,0.96649865192023177,0.0028403957844592175,-10.978496383065199,-1.1855990705313135,,0.4540939358935311,0.3188405797101449,0,2
0.77892093229895154,-0.61497123037292611,-0.12285180926686824,0.62412136847846733,0.77931491236229744,0.056042704951767483,0.061275595754743763,-0.12032727530927917,0.99084138396695332,-7.5648145279472088,5.9594927744966544,-2.3204471027820168,,0.06753749898422637,0.1931330472103004,0,5
0.26891421033875845,-0.9360678631490168,-0.22685260205145177,0.96048520149737049,0.24306761524223067,0.13559613609911209,-0.071786664377417958,-0.25435229505567125,0.96444366596368669,-6.0404083338868357,-6.0761498461764969,-2.0892020462160481,,0.5776488219147898,0.364,0,5
0.68126175908411435,-0.70197151251522305,-0.20764973206509868,0.72840955595997736,0.67825425495765324,0.096905543794078175,0.072814383165730689,-0.21727209035890332,0.97339144456650406,-2.9507869873104653,-22.009394952768982,-1.1318465644072107,0.4142651624340339,0.3026367296862394,0.3076923076923077,1,4
0.91907237406036113,-0.37175774243427889,-0.13077519711022947,0.38512631155333421,0.91764449438685125,0.09801176496127316,0.083568507156555255,-0.14044487481452639,0.9865553921346516,3.8776270229508678,-1.8282920670734328,-0.64441037665674017,,0.07496822014869076,0.3048780487804878,0,5
0.82483853373047911,0.56154280928236233,-0.065658713181304201,-0.55522022907812052,0.82645704668407061,0.093269755058552395,0.10663906646155455,-0.040477442230398987,0.99347354578503577,0.93004459886970936,6.971392179424897,-1.1985869161226985,,0.0710044395499968,0.1857142857142857,0,5
-0.93860901282055009,-0.30588443034032792,-0.15952377981795049,0.32791041509744367,-0.9347121679164142,-0.13706904398740044,-0.10718153163047783,-0.18096374892328784,0.97763195572412376,-2.5070901374674595,-20.403752851510092,-1.1851583109504316,,0.2661974076628667,0.32,0,5
-0.18564603781695166,0.98156892505512761,0.045365118857862846,-0.98247956826110605,-0.1861934475990627,0.0081177595828772122,0.016414828428507448,-0.043063272487075144,0.99893748952092409,-0.98645990831682961,15.647424320933601,-1.6937670143187484,,0.06409797817177004,0.3333333333333333,0,1
-0.90269855946311506,-0.40175693103141513,-0.15403466853742967,0.41130583745084714,-0.91083521748932894,-0.034737798721626474,-0.12634404941299879,-0.094713119204183058,0.98745460970544863,-9.3810442948021127,14.111874528387352,-2.7721023609499467,0.3013165133279023,0.2733919752747208,0.7407407407407407,1,5
0.98068872930457118,-0.1599211331763217,-0.11258262467444474,0.17014323556081834,0.98149081360795831,0.08790370979705002,0.096441151008693396,-0.10536134949206599,0.98974647785447023,-26.273311129393001,12.813303450862943,-4.3877385779485554,0.5160520723012164,0.4047756802527555,0.9666666666666667,1,1
-0.99451276248767562,0.039804302474188376,-0.096747003848571905,-0.022485482799461318,-0.98450454132090093,-0.17391150387998544,-0.1021702907522896,-0.17078180706113394,0.97999735002933885,-5.1281883115720346,21.724180477622298,-2.3391083936589925,,0.5909563380978634,0.4444444444444444,0,2
