axis_00,axis_01,axis_02,axis_10,axis_11,axis_12,axis_20,axis_21,axis_22,location_x,location_y,location_z,dbh,dbh_approximation,score,reconstructed,number_clusters
-0.67225287980261461,-0.7103056350442144,-0.20866712827258396,0.73730403431391001,-0.66779052049899612,-0.1021693775850322,-0.066774445572571201,-0.2225347738132529,0.97263531082434007,6.5436372874226567,-29.585402484575514,-7.8545628907801124,,0.2733847580160483,0.6333333333333333,0,5
0.71546081326779276,-0.66026166701109923,-0.22840830929262279,0.69261592327207677,0.71318831205491229,0.1079148478117595,0.091646099252280566,-0.23540807680279535,0.96756603385394413,12.499574455616463,-32.077089105700544,-7.1430859376838578,,0.378931585844131,0.8857142857142857,0,5
-0.98526994668173651,-0.11592734090392673,-0.12571389659347132,0.12652141756120547,-0.98874693918421075,-0.079823687913797181,-0.1150454825887236,-0.094553381138915274,0.98884993555702283,-17.128641202998558,3.660271086012695,-8.6929514313593401,,0.07410821695921788,0.3050847457627119,0,3
-0.97677646236744942,0.20253203206988601,-0.069917941549889492,-0.17155898961691593,-0.93478015460343955,-0.31105236800447739,-0.1283559723836567,-0.29183358022203776,0.94781744329181539,-17.472414629165385,6.1808919100337887,-8.5567151375555142,,0.3834941050915175,0.1621621621621622,0,1
0.41167608992170979,-0.86274606338248927,-0.2935847869096595,0.90683726683514809,0.41975731629905699,0.038078430802390345,0.090382345984884385,-0.28190960524861741,0.95517433278058617,13.500109578929765,-18.519472631047954,-6.32370801230421,,0.3270429146377902,0.75,0,1
-0.99339909457048181,-0.0046766536425776693,-0.11461399485776029,0.017147146516690245,-0.99399629970684789,-0.10806170244554716,-0.11342051962886825,-0.10931370032984056,0.98751521540040887,20.847989835217426,20.926588960079268,-3.2721824890401257,,0.386053352995812,0.8947368421052632,1,5
0.93323156507825145,0.34420878586354797,-0.1029522106413444,-0.34508372779599905,0.9385212173743912,0.0097542477161481709,0.099980331825886948,0.026424160770652121,0.99463847551537665,14.736805943679146,-18.436656755785705,-6.1670325249778797,,0.1059631096125678,0.2380952380952381,0,5
0.96557999913947901,0.23233534876054943,-0.11694251142385051,-0.23113764563456746,0.97262767642959747,0.023891249730219968,0.11929230500041739,0.0039609038711554655,0.99285127648012361,-12.464969802388538,7.8471943323819149,-7.7638742399275262,,0.09937234713982632,0.2,1,5
0.93558683001042386,-0.32062533268072085,-0.1479076723987747,0.32826621543020351,0.94411352820898187,0.029848578859290605,0.13007142391077867,-0.076479029126715947,0.98855064755714828,-2.5430681160441377,9.9333743496101281,-6.5416667619838256,,0.4623783276111071,0.2783505154639175,0,1
-0.95169990737033983,0.30416281630511838,-0.041860094226199372,-0.2831220702559839,-0.92214452927616442,-0.26361214019845219,-0.11878206786065534,-0.23902813287013167,0.96372006934138643,2.4836865431460553,14.644193396697645,-5.872822736468561,,0.2435415771984862,0.2,0,2
0.4862968022763679,0.87269132882265477,0.043877838295966726,-0.8725838469634577,0.48236925660184676,0.076924185428470002,0.045965749360050268,-0.075695078328314541,0.99607098391763138,-0.22576714254073074,-29.616104182442719,-8.9246303848201052,,0.296481618191958,0.1904761904761905,0,3
-0.98616982513383067,-0.091502770300930805,-0.13818943166091188,0.13175308763354626,-0.93865246586851303,-0.31870467868857572,-0.10054948977761048,-0.33250382155129632,0.93772651064116075,15.339974994961722,-15.707334013488779,-5.9762211682673003,,0.5602568886639138,0.4081632653061225,0,3
-0.96025040660852035,0.25974159470392055,-0.10224216639350406,-0.24467329086120987,-0.95950101761713324,-0.13961653888717113,-0.13436568515554306,-0.10905091091940228,0.98491307305788744,-0.61564344395988724,15.317286563045782,-6.2689528837002584,,0.1071016978988577,0.2727272727272727,1,4
0.057868510034570546,-0.93234631026137582,-0.35690558035477377,0.99678293737341683,0.073818529145796077,-0.031218592472684409,0.055452784489176989,-0.35395081931922445,0.93361866208621147,-12.439974233663587,11.077487094270062,-7.684499020967106,,0.1657224962585046,0.3666666666666666,0,2
-0.37238398083539809,0.9269525117385361,-0.045707896460035397,-0.92436447299608848,-0.37484538062003298,-0.071001842866835391,-0.082948730429380932,0.015810806729638808,0.99642838503864006,-7.174033066415249,10.822237128117063,-6.9699753891574483,,0.2969744936972771,0.2,1,4
0.61943683643078906,-0.76970002450837871,-0.15446642982996983,0.77761648394900995,0.62858643036565931,-0.013845701532872198,0.10775253854733574,-0.11153910449685031,0.9879010166026988,15.997637288259542,-21.562357116437266,-6.062007835549168,,0.4118952074986506,0.9523809523809523,1,5
-0.57234977814765009,-0.79342967227517058,-0.20708714737436357,0.81925289276402147,-0.56413329231628706,-0.10285099026343714,-0.03521972674679217,-0.22852348600024092,0.9729011189191733,-11.845833892499936,15.79813208857626,-7.3610351048605276,,0.8444568204495606,0.6037735849056604,1,1
0.19372813601208241,0.9771451106169724,-0.087503383446743438,-0.98057999783144867,0.19008658709885889,-0.048269630804298316,-0.030533214212712281,0.095155253152160224,0.99499407064936218,9.6861871780462518,-27.710498669887603,-7.117996415583411,,0.2908080674318289,0.8309859154929577,1,5
-0.33239107863967327,0.94314038268558753,-0.0015457646763786448,-0.93595439966537297,-0.3300595864356119,-0.12267856841755632,-0.11621330641446662,-0.039330496432578639,0.99244525262735828,17.408854269303479,-26.7169659935808,-6.2039591366412354,,0.2694318848153995,0.3846153846153846,1,5
0.37761012191227444,-0.88451239539370807,-0.27394966366885948,0.92202028363574973,0.38644784831941703,0.023165860518100739,0.085376767294436939,-0.26133481001232289,0.96146498879687448,14.709785518144917,-21.052375443548563,-6.3342181839936771,,0.3537150109351974,0.1794871794871795,0,5
0.39854144263770025,0.91298284751513348,-0.087332918440979374,-0.91710160923019168,0.39769085418860201,-0.027687954820331668,0.0094528750998398026,0.091127957498773712,0.99579432540783652,16.946739433424781,-21.804215686453823,-5.9494022740834547,,0.07906664466717717,0.3333333333333333,0,1
0.27170115146246127,0.96122966401993171,-0.047074592957373616,-0.96234662284686234,0.27094856520596494,-0.021814043826594475,-0.0082135125988982791,0.051228976380157457,0.99865315810336774,17.012741506668487,-15.544840864001515,-5.7824977069801431,,0.3669388296487129,0.2727272727272727,0,1
-0.3773595859259849,0.92510228084143487,-0.042255329743640317,-0.92186138358527503,-0.37959822934312371,-0.077953664017846827,-0.088155160733852711,0.0095369943661362429,0.99606109921753727,-8.3858368906038621,5.1630821227280572,-7.5650363362019215,,0.1115925901900174,0.2209302325581395,1,4
-0.31686204739291407,0.9474292443921396,-0.044455256072921057,-0.94488717602835193,-0.31938865677953732,-0.071966037112852876,-0.082381232687647535,0.019201895508026607,0.99641588692160143,21.794751737513007,-19.349689012595189,-5.2362223208334804,,0.4468022232979762,0.59375,0,5
-0.95041359055671593,0.3026131623133696,-0.071688777920922014,-0.2761545441387433,-0.92723465818849582,-0.25293192049559282,-0.14301284780262202,-0.22059275293800604,0.96482442066658836,-8.6157169833887384,10.622430938578677,-7.0326271609498416,,0.3944461102293416,0.2272727272727273,1,4
-0.64889298358391989,-0.74376980384647851,-0.16045053674491477,0.76084652760461424,-0.63624236404984225,-0.12770362414697226,-0.0071033293293726197,-0.2049442194218731,0.97874787848454592,-7.8364173086060074,15.326522029681719,-6.9224917818963281,,0.1491082951208482,0.2666666666666667,0,4
-0.92212387997157585,-0.35299672332234439,-0.15836938880306869,0.37550541755872863,-0.9151529501659158,-0.14659726868761416,-0.093183857884368004,-0.19464940566647507,0.9764365711624472,4.870253197169542,11.014632334286466,-5.8299910873521616,0.432110570012204,0.1945925576520144,0.6540880503144654,1,8
-0.98896384911379787,-0.065607927158683466,-0.13283864287158254,0.079260338306091138,-0.99180139000721501,-0.10023872281390166,-0.12517309582185351,-0.1096613089184108,0.98605582672010816,14.165957473037773,16.29658215722127,-4.3595153495022343,,0.2383821451905968,0.6176470588235294,1,5
0.95712239997083604,0.28363374907277961,-0.058894888241577611,-0.27111344660896641,0.94867866045767646,0.16280754976363268,0.10205003940163658,-0.13985955662431532,0.98489851958411234,13.644922444666879,-21.287855539301656,-6.4785678375268088,,0.1757361984840582,0.2,0,3
-0.96326363992615549,0.24205663635479405,-0.1163260280109976,-0.22215080268862361,-0.96157427081830515,-0.16131938062441101,-0.1509045422146485,-0.12955117327468069,0.9800226082301059,11.426027825570744,23.837870724144619,-4.318523502232976,,0.4017345842000732,0.4705882352941176,1,5
0.85349486971134858,-0.48708755965215295,-0.1851815774004541,0.50513947535378378,0.86062892656787182,0.064435713652749069,0.12798678766073548,-0.14853807588206214,0.98058952788490583,10.759139799630084,-22.422282233843678,-6.8386264110739079,,0.1466182023039147,0.3157894736842105,0,5
-0.39848584112112995,0.91542316970285187,-0.056652050246826707,-0.91292526102037863,-0.40182117637752135,-0.071464746591996281,-0.08818447832163466,0.023241398102703845,0.99583298559415689,-22.385760792520308,4.2201907132969376,-9.3157188555839898,,0.1881053572324498,0.2352941176470588,1,3
-0.85221429269175231,-0.50040082902688321,-0.15274098873945116,0.51928696271636299,-0.84461022705983846,-0.13028666354905233,-0.063811046729479612,-0.19034856094842761,0.97964053390014028,-20.664657172482084,9.0413633032919005,-8.7307127717520423,,0.1654292321172985,0.25,1,3
0.9920282133650179,-0.023084408125389377,-0.12388355011586215,0.027337134183273566,0.99909000986085772,0.032738865143370585,0.12301505998232318,-0.035864499128393811,0.99175653903557059,12.717879353670535,-20.918042331831789,-6.5553278402359423,,0.1170659923165406,0.6071428571428571,0,3
-0.66271537801384206,-0.70893482084049297,-0.24128768626647562,0.74843461177478743,-0.63801016521172449,-0.18107639543582763,-0.025572634621688062,-0.30059016764752466,0.95341050522434445,18.173257074995128,19.860802866313502,-3.6367116045883798,,0.2230463168964915,0.4117647058823529,0,4
-0.82921212873362293,-0.52920377212315695,-0.17986276193720047,0.55571708566195643,-0.81506239192113006,-0.1638652433531618,-0.059881268059702966,-0.23583185714917942,0.96994719902123228,15.088980126323948,14.926815198108027,-4.3544514770950284,,0.150373761014658,0.36,1,5
-0.23728281818816221,0.95294430086402226,0.18866378466325573,-0.96880533444952766,-0.21783805469222817,-0.11816431724528464,-0.071505860842465241,-0.21081684320444044,0.97490674963633939,-11.305691599530663,5.8412244343659054,-7.8302549771832757,,0.0811015900900557,0.3157894736842105,0,3
-0.98031551700342301,-0.12985145943235876,-0.14872822733294364,0.15434649732090205,-0.97377213377073024,-0.16716755144575746,-0.1231204527569731,-0.18683262556333058,0.97464605069637067,6.4100633307603632,14.174584947155369,-5.4666676331787905,,0.0997150449685848,0.3461538461538461,0,5
-0.025139106003501985,0.99664853251462904,-0.077844254674189178,-0.99793901559840459,-0.02961787440002376,-0.056925413151870288,-0.05904021083830413,0.076252764884033833,0.99533902231938454,-10.360531138067017,11.607769214031224,-7.4009188623151179,,0.5453563344827626,0.7123287671232876,1,5
0.0079462018533334299,0.9977770834877242,-0.066164564102218423,-0.9990267039326004,0.0050504041574012028,-0.043819382097548112,-0.043387817479911293,0.066448364047412015,0.99684608250709983,-20.916719484415619,7.4466151138675718,-8.7560573743817294,,0.09287584213882527,0.2127659574468085,0,3
0.75175936731313742,-0.60452144647388051,-0.26346095424195115,0.65428203142103325,0.73362753146094062,0.18359103584351247,0.082297490949108237,-0.31039404929162989,0.94703888893108701,-10.634294796555841,4.0511619035539042,-7.8801447577966641,,0.3552068375499854,0.2112676056338028,0,2
0.94160812944871175,-0.27677647355081181,-0.1917522209646472,0.3090221077067547,0.93650791217633667,0.16570536315881298,0.13371412604722438,-0.21528519252353609,0.96735351261859348,10.041520267968513,-25.479257957345482,-7.0585317839691069,,0.2082777650433895,0.4166666666666667,0,2
-0.548871749671901,-0.79685843336893336,-0.25250037540747416,0.83574269028333481,-0.5291106365396705,-0.14688801836283069,-0.016551678165082049,-0.29164802668523954,0.956382491726258,8.3161873544636471,-26.781979119196787,-7.1247838410918565,,0.1444570326551834,0.3333333333333333,0,2
0.16141919822757883,0.98673703112416467,0.017142749249607826,-0.98687796287108287,0.16146334651697866,-0.0012141379492922857,-0.0039659605378029854,-0.016721816283150413,0.99985231510318817,4.3735961424584211,-31.294921646744932,-8.21732685732227,,0.4706927335857499,0.7083333333333334,1,2
-0.80899198649684212,-0.56361000501470282,-0.16696025883790555,0.58225195173415389,-0.80732665107288137,-0.095949690823969411,-0.080713260903411077,-0.17483546755385082,0.98128381663999986,-6.8509917195822698,6.1131026249612832,-7.2670846298260461,,0.1230138235318429,0.7899543378995434,1,6
-0.64330155187228266,0.76187607357545628,-0.075551054737564391,-0.75717175077380228,-0.64771679064722898,-0.084580724422225639,-0.1133757169276013,0.002794213109149356,0.99354825709889538,-3.7875511751197912,11.257059289027607,-6.7313739452167782,,0.07403766249218592,0.2380952380952381,0,3
0.55955031014866452,-0.80258176030496275,-0.20679934341849171,0.82250771545677559,0.5684198228189844,0.019492640675629246,0.10190440827858281,-0.18100116864876972,0.97818917828872454,20.294985516054314,-21.081455127998424,-5.4432347552893674,,0.2634841293059434,0.3888888888888889,1,5
-0.70763606331825135,0.70649335792919954,-0.010878285405893445,-0.69037336037509034,-0.69460432002854133,-0.20226087580670193,-0.15045206936381469,-0.13561701146837032,0.97927126018511035,1.4897651151112459,13.03736550549036,-6.0636483527902456,,0.3954572504430788,0.4782608695652174,1,3
-0.83275871401963708,0.5442412503806805,-0.1015597637277431,-0.53717105260524856,-0.83868614047634671,-0.089737495038921408,-0.13401561277452312,-0.020174715783983655,0.99077383714736111,7.6481564670699598,15.941749526837043,-5.1724069528943879,,0.4458542291436626,0.8356164383561644,1,5
-0.53893292288064332,0.84024800367185437,-0.05945247648998931,-0.83145042826400217,-0.54195022890852962,-0.12239336062713045,-0.1350610601725642,-0.016530024545006922,0.99069938342244235,15.431213774037596,16.997491497960624,-4.1374870360896479,,0.1883763345258694,0.2,0,5
-0.66701801685314299,0.74407854327993128,-0.037869336193225786,-0.73618037402640635,-0.66604882689096356,-0.12007254930046204,-0.11456623451803308,-0.052211891630034764,0.99204258793701616,-15.942456849634402,5.4956007848378396,-8.4219685876421071,,0.07626762381862526,0.1081081081081081,0,1
0.58233049963317851,0.80651801880537144,-0.10207778670813372,-0.81238399722141175,0.58201145197529103,-0.035984869433904013,0.030387995253622724,0.10388144739014837,0.99412535156920423,3.80003539959,12.555501657811448,-5.8175820442606776,,0.09691685760412082,0.5142857142857142,1,5
-0.94688894985949856,0.30467576083857079,-0.10282994404070622,-0.29582241894307526,-0.95071786303510264,-0.092868947213999159,-0.12605718180510156,-0.057517177116118076,0.99035415950656247,-18.471930004589126,-0.089589883990913929,-9.0537201689279172,,0.09197108602163674,0.2682926829268293,0,3
-0.99307638961490596,0.048227167639938458,-0.10711407326236121,-0.022525537374165242,-0.97309753502464591,-0.22928974572571939,-0.11529043566328608,-0.22528943080044669,0.96744652969256228,-21.30060280651778,11.368090017000716,-8.6468181813907474,,0.3702635742558353,0.1875,0,3
-0.99197894542297027,0.036582680235258354,-0.12099371613574486,-0.021374940455010014,-0.99196692368996942,-0.12467852351389101,-0.12458283893890501,-0.12109223679437064,0.98479225546815696,-9.7839499039599236,5.4289435098622221,-7.7132357884962239,,0.8322195952114941,0.8710691823899371,1,2
0.021566445782186694,-0.97849586645227538,-0.20513587631649263,0.99866966067657392,0.030697033896660363,-0.041431883303623636,0.046837989500637271,-0.20396943752866173,0.97785616084052984,-13.21089769766397,8.4107254742332493,-7.8584113905192741,,0.08848392666451417,0.3220338983050847,1,5
-0.96779906034265328,-0.20669433042340929,-0.14367474576521078,0.23301391574637104,-0.95154261331413903,-0.20067678021097635,-0.095233890335439594,-0.22769301442538795,0.9690647023359481,-5.0560257896186762,16.22779511472034,-6.6263157129553285,,0.1206558536757613,0.3333333333333333,0,4
0.14003059061345474,0.98960860317816479,0.032653425673412492,-0.98981824395081464,0.14075791646606817,-0.021143625381134391,-0.025520141742815972,-0.029360202109205778,0.99924306397269214,-1.0781058476002787,8.2004226926553709,-6.6843551598653379,,0.07962958545645188,0.2586206896551724,0,5
-0.68034381424352908,0.7272864830817527,-0.090480196436256183,-0.72346802833111368,-0.6861923935791221,-0.075723252550639955,-0.11715932059916995,0.013941682851521659,0.99301526829954145,-15.846240185214603,1.9869827777107236,-8.6903289876746594,,0.07631223618568854,0.3333333333333333,0,3
0.94913768272463861,-0.27023621576895435,-0.1615860356558666,0.29037103904894568,0.94969232044479746,0.11734204774850762,0.12174694621935903,-0.15829366435537637,0.97985753908984585,-17.560366335167437,17.10603583994752,-7.9043066846320755,,0.4355273439514076,0.5238095238095238,0,2
-0.92986769602108676,0.36663050718920692,-0.030465375340223758,-0.34805653338054199,-0.90353128080621503,-0.24997574717520182,-0.1191751545732396,-0.22184069915789925,0.96777269373008201,0.40145361115797279,-32.121673883097614,-8.8325550871673997,,0.4910858213231666,0.4,0,3
0.97229120779461886,0.21011241717458684,-0.10248209304232166,-0.20756612719124568,0.97759361574935244,0.035028920750383774,0.10754585109668485,-0.01278650050488501,0.99411789809696594,-23.834695911717446,9.8264881241446584,-9.1024916252261772,,0.1674867969900751,0.1621621621621622,1,3
-0.027916159613849613,0.99780573363280234,-0.060036705122136075,-0.99809750467271485,-0.03112658095241818,-0.053221303294038902,-0.054973258940302916,0.058436751173562,0.99677634748912713,-0.43546234378787613,20.856864747547363,-5.9626892272749803,,0.7260993615254838,0.8333333333333334,1,5
0.98296414285412925,0.14558750009764762,-0.11218633463290574,-0.13248887940234935,0.98431208114702995,0.11651791168191332,0.1273899159971407,-0.099669487423794292,0.98683220588858034,7.3094451162315863,-34.726174760052714,-7.4361915199463917,,0.5029309649170146,0.9111111111111111,0,5
0.7487995425991143,0.66278995489864856,0.0029530812393760136,-0.66048719302557235,0.74581153226827257,0.086728462368786424,0.055280311617785245,-0.066892705290643686,0.99622761110418023,1.4406035355103186,15.740461371987369,-5.9474772910356322,,0.127276070299029,0.2777777777777778,0,5
-0.35470969965896754,0.93323839499220029,-0.056983568510813334,-0.93160875639590557,-0.35794325525335907,-0.063101117463186362,-0.079285269592271682,0.030703812971847582,0.99637900514546696,8.693541283496419,20.030854661399545,-4.757233232814861,,0.2198456717413993,0.8695652173913043,1,5
-0.42848572094655357,0.90226107631765751,-0.048217601630669606,-0.89941849123548023,-0.43101590957749486,-0.072606220909621003,-0.086292320449760665,0.012257073597986603,0.99619445871687562,8.1567480232473901,-30.904793299101826,-7.5839770696099169,,0.1943307839702235,0.3809523809523809,1,5
0.033231121055995176,0.99923078677796029,-0.020821319565739616,-0.99897471276770378,0.032567340154588523,-0.031446646974481636,-0.030744362801075252,0.021844979065043423,0.99928853743330937,-20.634193111836883,-0.54118882756562514,-9.3171416950693153,,0.6882058386916925,0.8333333333333334,1,2
0.96976810842671302,-0.18161497734334664,-0.16299023247744182,0.19512839607742957,0.97820423078277086,0.071002759967043264,0.1465425703429713,-0.10066023486592603,0.98406950577386143,7.0422961000666575,-25.661409250389895,-7.4995471428747784,,0.4189743068604851,0.6666666666666666,1,5
0.98089475069129639,-0.10348896567177199,-0.16472863154426742,0.11938851165052845,0.98878562962963146,0.089718236294557288,0.15359645618350659,-0.10767085316891091,0.98225002724649879,4.6141632535080328,15.180304151305466,-5.5834922256312627,,0.2782087025052996,0.186046511627907,1,5
0.98469380703001641,0.13490280393812587,-0.1103600466036788,-0.13202428766435795,0.99069631721561846,0.03302112236329572,0.11378793373400102,-0.017945488152861601,0.99334297480351874,-4.9708125684042761,11.284544167087349,-6.8734985671929349,,0.4036059075510021,0.2307692307692308,1,4
0.4408135899687165,-0.87801224206508832,-0.18648828832591294,0.89310547693460374,0.44979852146836691,-0.0066254927579039412,0.089699420111315417,-0.16363310444010901,0.98243484321505326,-4.1101215968271294,-29.209895267782613,-9.4262258426107319,,0.1609320813434252,0.1785714285714286,0,2
-0.70220537956231444,-0.69288534675012825,-0.16376049942736534,0.70895511099423636,-0.70164045360579463,-0.071297436552830454,-0.065500042052624885,-0.16616428654439974,0.98392030895204863,-8.1124198343834664,13.172574455907618,-7.0663503479690544,,0.23379074711106,0.2608695652173913,1,5
0.99072993801387932,-0.052094805932814535,-0.12546043646440233,0.055218279434180111,0.9982418069013389,0.021546149787848214,0.12411741029905822,-0.028274125082378147,0.99186462902529315,11.856708655755895,-24.960867213845731,-6.9127900626503305,,0.359135287349731,0.8148148148148148,1,5
-0.78473685476374144,-0.57585770149445914,-0.229294518916239,0.61369652537303865,-0.7737625863866826,-0.1570606082162285,-0.086974959158199999,-0.26396849724486166,0.96060188889139675,9.215766387421116,15.744049268112077,-4.9697349165450175,,0.08741875681136128,0.2222222222222222,0,2
-0.97790128191003434,0.17534132788589396,-0.11386176519764016,-0.16024136485172785,-0.97841607162457356,-0.13047871771745928,-0.13428249263834274,-0.10934994065818415,0.98489126437840058,0.39718668419354775,7.7294005609876857,-6.5460899008501245,,0.07433683804914148,0.325,1,5
-0.85294383007674901,0.52195259556153295,-0.0072326150586008216,-0.50478233391458516,-0.82825633509779206,-0.243282220349371,-0.13297224560693663,-0.20385517250478161,0.96992858012396743,-22.197823404650464,7.5856280974822576,-9.062365091900606,,0.3760018687905101,0.1372549019607843,0,3
-0.24969368130940039,0.96134546705519586,0.11605153375370859,-0.96109398849678873,-0.23142382906492723,-0.15080237602990018,-0.1181160903073567,-0.14919083186763174,0.98172841707732472,-15.311681547076253,9.4476693549980926,-8.1121344686420382,,0.5327025018185023,0.46875,0,2
-0.70663213904931066,0.70752144285020624,0.0091884693915302192,-0.70151079041156217,-0.69881356597694821,-0.13979345815426431,-0.092485842152959644,-0.10522836078617293,0.99013805152994405,-6.737813196989678,15.152643646639763,-6.8287984167100939,,0.4476440837381737,0.7804878048780488,0,4
0.1623528298391049,-0.96312916577597452,-0.21453150974836183,0.98490188389071265,0.17141356277669928,-0.02420061166015737,0.060081925333346546,-0.20736345031821629,0.97641720679244703,10.204367957947127,-24.191351599132403,-6.9637124753350568,,0.1566329822778358,0.2727272727272727,1,5
-0.88529388701971812,-0.41864982847853299,-0.20245259870007701,0.45309883595645162,-0.87453460009259221,-0.17288920757467721,-0.10467176534494968,-0.24478879540490833,0.9639098854061966,20.870545835215339,-22.148560400033752,-5.3210423929107131,,0.2182274617665214,0.275,0,3
-0.48353454362351056,0.87532327224512418,-0.0018746169989457859,-0.86804299480830227,-0.47978634735529363,-0.12769659375136358,-0.11267521593961412,-0.060118466027958929,0.99181150717029276,-10.884522891313559,9.4748272837904004,-7.5934967457665854,,0.3933112104001602,0.9257950530035336,1,5
0.57063381746352937,0.81784699337821021,0.074184511787991805,-0.81946043217355213,0.56120901826431591,0.11631439257778488,0.053494359225397657,-0.12716419795298461,0.99043809513267389,11.020540940375122,31.412237049115287,-3.8817509462288933,,0.4658059975081115,0.3703703703703703,0,3
0.60955430066904581,0.79003173790306769,-0.065524099701780456,-0.79202165522140811,0.61044324707224917,-0.0077935719814381556,0.033841574966472394,0.056647111221556128,0.99782055129869973,-14.113093332646161,10.617765066867024,-7.9204450006179163,,0.07738272646417482,0.2941176470588235,0,4
-0.83022074234717336,-0.50437910023392352,-0.23735046286815517,0.55201120038845941,-0.80314421156860571,-0.22414952614167352,-0.077570314052490333,-0.31711369991071386,0.94520989611130168,13.152498967385698,17.425052776450361,-4.4172067781644762,,0.3412673015107351,0.3846153846153846,1,6
0.90284318468837055,-0.37167668665845555,-0.21617267277885449,0.39798588897925197,0.91266641665822257,0.092990559077977791,0.16273111575588745,-0.16998956585282671,0.97191673072646101,8.4724288955205456,-25.096488676847368,-7.2523224831231055,,0.1745419567088006,0.2608695652173913,0,4
-0.83183133235687701,-0.51696340302451793,-0.20200364957765085,0.55107272221763048,-0.81263572822077701,-0.18958382854752029,-0.066147481713446171,-0.26902046976465427,0.96086029031830211,-2.7550655545699856,-29.361115105738961,-9.2307470979172166,,0.5846327915987637,0.5844155844155844,0,3
0.8855712924801854,-0.43332273840860158,-0.16731673650010701,0.44640924288474743,0.89350125480665399,0.048726743437291789,0.12838330811301912,-0.11784274282707231,0.98469833662952422,-0.81190595605354821,-26.818739001890428,-8.8556983302064243,,0.07742213043647928,0.4,0,2
0.74027529314584928,-0.6305988103877036,-0.23310433435575573,0.66317382037116168,0.74187167901471862,0.099130700845907499,0.11042180188778422,-0.22797270058824087,0.96738589686554743,-12.616928658788355,14.304266244973775,-7.5380923986507664,,0.1975122968655147,0.1428571428571428,0,2
0.71151591178285722,0.69824894321765252,-0.078698923596455098,-0.70036479055348766,0.71378439671584826,0.00099757604333419064,0.056870620119519655,0.054408163913370527,0.9968979307164787,-15.11608600123885,10.16678681712472,-8.0466828456822164,,0.3435923050098292,0.3225806451612903,1,4
0.90428806489737268,-0.39506155700771772,-0.16183158486155891,0.40677859047937731,0.91238230817351285,0.045713259122329417,0.12959272360660204,-0.10716757861691203,0.98575901521701115,-4.7269890432171318,9.1784830257952965,-6.9571341067270467,,0.07943582279480266,0.1481481481481481,0,2
-0.87869919042736966,-0.45673662897171258,-0.13885022325456223,0.46912707165670281,-0.88001896290635273,-0.074070342000255487,-0.088360191155816808,-0.13022394818459504,0.98753946753439881,1.0586808903266802,-29.816028689830016,-8.6705314661675263,,0.7571244321622641,0.7222222222222222,0,1
0.86746905789706996,-0.45398485555224272,-0.20345806575405212,0.4808588852931025,0.87000657603260423,0.10891873160618787,0.1275624005177306,-0.19231824819614771,0.97300643645605978,-4.4759374072647118,-27.205951502833834,-9.4472419893421318,,0.1084893697928844,0.1304347826086956,0,3
0.39040454634837751,-0.86779897618499002,-0.30742353052881249,0.91493124679391336,0.40285218172613035,0.02471706533210747,0.10239679599798138,-0.29092104875855784,0.95125172249965884,5.1784520001202248,-26.901029111479499,-7.7236822977894137,,0.2519298235145064,0.1666666666666667,0,4
-0.80426508342113123,-0.55541060265080244,-0.21136872534193224,0.58395365777908137,-0.80461132193408957,-0.10769747528103293,-0.11025334986308719,-0.21004685924466845,0.97145484494412715,-2.2952813008736306,13.984239968700985,-6.4615515629140923,,0.1921443705061843,0.1428571428571428,1,4
-0.94075468485795011,0.32157558461218172,-0.10756284813611898,-0.31315581337901327,-0.94560326688501795,-0.08813568064814431,-0.13005406362259062,-0.049230123275456276,0.99028396710112188,-27.31740397652036,5.9127726520356063,-9.8043782966556208,,0.07398044614332705,0.3333333333333333,0,1
0.99012918917996739,0.077411556522042735,-0.11684023130179268,-0.066098693794893193,0.99301089849842827,0.097776879383392148,0.12359268349069367,-0.089088755632683689,0.98832587854785547,11.84592351013271,-23.697261488314577,-6.8479701874062657,,0.3141414301108797,0.7647058823529411,1,5
0.95322500292588508,0.29391877039956299,-0.07052552873785714,-0.28779769630910268,0.95387298458396652,0.085433104122748404,0.092382789501718174,-0.061139886225637478,0.99384472354397291,8.6345143142835177,-22.776981558774423,-7.1321521352420048,,0.1962134616650006,0.1724137931034483,1,5
0.98926583567338244,0.11592568360826666,-0.088962589043931797,-0.10971599291569771,0.99136703920247937,0.071789933008966272,0.096516875560525683,-0.061258709281745025,0.9934444439772,4.2189902951960061,-28.362792344900814,-8.071705111381787,,0.2390501643927691,0.3076923076923077,1,3
0.96999050441601153,-0.20151861990902969,-0.13604656251714392,0.20527649511558776,0.97860337831239375,0.014035259478545588,0.13030725956688366,-0.041541229947247044,0.99060302054790783,15.884219869828049,-19.9116808074278,-6.1378043908259103,,0.2090105715234105,0.723404255319149,1,5
-0.83765503020933108,0.54294562564338833,-0.059532327014112409,-0.52653407673978303,-0.83166848799129989,-0.17632184241905696,-0.14524433344124024,-0.11635107939755351,0.98253066615054574,14.121613915882223,21.497345366178187,-3.8599709098042414,,0.1686023100026808,0.2142857142857143,0,4
-0.41648312237051965,0.89166534203153747,0.17741117946816098,-0.90458980054010873,-0.38692372679494275,-0.17890590376485457,-0.090879599137043035,-0.23499563285919545,0.9677385757516318,19.639472234573947,-14.201440167024918,-5.4049810237161706,,0.2703293860275907,0.15,0,1
-0.20350612208296912,0.95700491174107905,0.20670475847982234,-0.97673329491617078,-0.18385449737192514,-0.11040649617806882,-0.067655959655841605,-0.22436381771481501,0.97215407648349694,9.0424841018952495,-30.050107701309564,-7.4283819077222253,,0.3268068221607567,0.3888888888888889,0,1
0.3196823674881859,-0.85780409902089827,-0.40246156539487543,0.94408911934317852,0.32450038880903498,0.058268622779393597,0.080615870986863652,-0.39858703612351759,0.9135805689589177,-27.420282242024239,0.0064688578603064152,-10.238591111190205,,0.4311584983098923,0.1714285714285714,0,1
-0.28783238751194146,-0.92341212385553773,-0.25389479359723399,0.95737517738551514,-0.27074706769599111,-0.10064191502588413,0.024192693633210187,-0.27204057574308466,0.96198162078292448,-14.197818075737709,14.685105863102676,-7.6703313887004363,,0.1674757145032435,0.2631578947368421,0,2
0.69573152976621777,-0.70268837374233339,-0.14895196506428934,0.70872130940664901,0.70528621019294291,-0.016895777715194821,0.11692623350678644,-0.093810506442674094,0.98870007828404949,-4.1096440500544089,12.920859196099343,-6.7024157407545086,,0.08487361533554931,0.32,0,1
0.20939382552763749,-0.87808624890097808,-0.43025430308354939,0.97544115207546456,0.21832141041378045,0.029160257074114085,0.068328505534601638,-0.42579373086736166,0.90223661757072393,-27.057655285594915,18.826863544484141,-8.9441042719909163,,0.7106059264645441,0.3333333333333333,0,1
-0.6145934295916291,0.78884403750532084,-2.8197575493263095e-05,-0.77852614261272268,-0.606560453482621,-0.16118765938964449,-0.12716902756313789,-0.099042923842449199,0.98692377500260109,29.931076123921432,-9.7624805294364805,-3.73156704109818,,0.5706175333306457,0.3142857142857143,0,3
-0.72349613189578776,0.68919989500463585,0.039456962090752508,-0.67936985073614164,-0.70070321790325263,-0.21787979789502909,-0.12251511352720845,-0.18444106144138572,0.975177697556599,-4.4835413763245846,20.653163849820508,-6.342716617250038,,0.4368765836581144,0.5510204081632653,0,4
0.28482852687855065,-0.9085303479913569,-0.30568826777437685,0.95671654061504929,0.28929968420549235,0.031609391518596826,0.059717427856265354,-0.30146027847347784,0.95160681445275797,0.87788170480130823,16.643688848930996,-5.9842033890279431,,0.4063581411039259,0.3333333333333333,0,3
0.10053726087586604,0.98806059293256376,0.11674126892119351,-0.99421493048622955,0.10422871225191119,-0.025943159803156392,-0.037801205983960993,-0.11345765834028432,0.99282346295305657,9.0341775647769946,16.731882680946331,-4.9272345145172771,,0.382875719483307,0.3125,0,3
-0.6702535227904779,-0.65527909270235851,-0.34838129377756266,0.74039382471312176,-0.62253815206854313,-0.25350193992504061,-0.050766125651163625,-0.42784992682745382,0.90242298319585867,-5.5920306586665376,-31.94037569156654,-9.7587979892042753,,0.6639773577286396,0.1739130434782609,0,1
-0.5456432407726407,0.83741165612085189,0.031861763793968767,-0.83345634077467179,-0.5383195419646345,-0.12475014533651377,-0.087315415715812306,-0.09462446265062141,0.99167647408136927,-21.000320793226361,1.3116674202023182,-9.3394557914189118,,0.1996940636824078,0.4363636363636363,1,2
0.98808978298651251,-0.063711096155908281,-0.14006954338570279,0.088827165513784917,0.97944341544662217,0.18110861549093257,0.12565156355753532,-0.19139355309118533,0.97343730789952687,32.11800062291919,-15.181001289869958,-3.6698986654094616,,0.322695145573294,0.2857142857142857,0,3
0.65822303988360586,0.74661878856975916,-0.09645109808089708,-0.75123927510251709,0.65973117026351447,-0.019857858046097014,0.048805545892144052,0.085528752693813978,0.99513961389988437,-30.532468412702443,10.687181077044453,-9.8439167780365686,,0.4605472698599793,0.4583333333333333,0,1
-0.97353875148400615,-0.082665641247594221,-0.21304621826281528,0.12537792765356634,-0.97265163175888114,-0.19552283368978607,-0.19105673140787305,-0.21706034873719041,0.95727850199919862,-14.421089769253722,7.4343421111232733,-7.9327870828578453,,0.2699624862941662,0.125,0,2
-0.096439889050309618,-0.92546774957110967,-0.36634518190328408,0.99484595688198774,-0.078044354860493492,-0.064734849578665765,0.031318842180500163,-0.37070004475073326,0.92822443780923891,-23.779857949924818,4.3684420214211395,-9.5110004663339272,,0.2245730184767824,0.4615384615384616,0,1
-0.7971693627989791,0.60006163178744942,-0.066686168515317404,-0.58298877223390377,-0.79375950882414104,-0.17340684415692637,-0.15698757423399942,-0.099357335953830783,0.98258995584540876,-18.66985631976382,2.7735093418671548,-8.8990174358561482,,0.419295195041581,0.8775510204081632,1,2
-0.85664830975767448,0.51563282855295656,-0.016627071533991879,-0.50628976520249636,-0.84644454462945362,-0.16493121753700302,-0.099117844208398961,-0.13286993258639906,0.98616491215920132,16.756224029955209,17.905166269831149,-3.8738248705230847,,0.1326392014242767,0.1111111111111111,0,2
0.98672065596919889,0.13606419197155756,-0.0887067232335986,-0.11223377087030033,0.96593280521964364,0.23318961485611781,0.1174134905364287,-0.22013711968597829,0.96837684853388284,-23.1483362334953,0.80215909993363055,-9.6852689212064842,,0.4766465168515769,0.3870967741935484,0,2
0.98686567402516101,-0.086997011802122479,-0.13611635231803498,0.10234406056042816,0.98863293345783509,0.11013907640143356,0.12498733815418864,-0.12262317407431088,0.98455153368479043,17.10572831571762,-19.284808404074703,-5.9847495653207305,,0.3466603125998364,0.4545454545454545,0,3
-0.99204150871719998,-0.0013424615544534598,-0.12590410151808615,0.033686229683076524,-0.96632193209625938,-0.25512185613837934,-0.12132140335423396,-0.25733270555202981,0.95867668989155663,-22.455524672369219,-1.6508328471977816,-9.7018202493109875,,0.4518233225973544,0.3636363636363636,0,1
0.79346949344105377,-0.56238773028158151,-0.23265038965608656,0.59656283912481223,0.79437615510430482,0.11436478119178649,0.12049457229992185,-0.22953554197647261,0.9658128664580039,16.463433867467781,-17.60947914121946,-5.7638912644104368,,0.1899788432025273,0.25,1,3
-0.81358377985071251,0.58010210383773175,-0.039534570781386683,-0.56755192339565608,-0.80707846282980311,-0.16281636614965181,-0.12635761715750482,-0.11002683290599335,0.98586401122414347,22.366556594686532,-21.593139825393546,-5.2499158598906428,,0.3364672401165203,0.48,0,3
-0.44524453813616005,0.89074458137165591,0.091276459270458299,-0.89162906241430873,-0.43169856959359681,-0.1365062638453792,-0.082188297938936006,-0.14216341219834522,0.9864251861717771,20.972134617562705,17.10347542965485,-3.4021837546538398,,0.5461735505020633,0.4615384615384616,0,3
-0.634577816067731,-0.73147595817642241,-0.24950735052217096,0.77243123009482273,-0.61100611560305629,-0.17326719675075358,-0.025709728293161569,-0.30267878899181166,0.95274580060241798,21.447277925147464,-16.99151933059958,-5.1109401647264638,,0.4837052057299484,0.1875,0,2
0.96424368515080872,-0.22238336735562134,-0.14415184206371512,0.24144995431609192,0.96140512443963055,0.1319170431065497,0.10925216339983684,-0.16200563146012212,0.98072327400121484,-0.1450998580105228,10.179349528796969,-6.3422915126299184,,0.7302405564009297,0.3505154639175257,1,3
0.72877675406409248,0.68083110018521364,-0.073167313442532633,-0.68130153077625943,0.73166615342385199,0.022200542693161317,0.068648866689348928,0.033669763208800441,0.99707255510706561,27.342162335006108,-18.461652496179919,-4.5246054810753868,,0.520511087121312,0.9857142857142858,0,2
0.85705039356421409,-0.49018283537943691,-0.15869912032144745,0.50647049663697463,0.8580787856624329,0.084784630873649042,0.0946163776928797,-0.15304112354351204,0.98367990503863501,25.496329595798542,-13.54065609759729,-4.5168948381987839,,0.2618699713847492,0.3478260869565217,0,3
-0.9965525515239031,-0.026760079965874442,-0.078529677010796356,0.043968565250712979,-0.97304410349891113,-0.22638890855294944,-0.070354653868765368,-0.22906128168291967,0.97086618640922173,14.64313489610327,18.530500976610718,-4.1479570762945679,,0.5461043251366009,0.2916666666666667,0,2
0.60270382499644848,-0.72090069539832891,-0.34212612690184352,0.79128326576328978,0.59530569819764712,0.13957764511695733,0.10304801142008306,-0.35484265959382344,0.9292296778917194,33.195699363588837,-12.735306430559238,-3.4607946491722368,,0.3744620321815022,0.2307692307692308,0,3
0.6417520573886959,-0.73739881327353896,-0.21070663734242592,0.75457699633470643,0.65620925156256205,0.0017247510529968997,0.13699581541006531,-0.16010124405037812,0.9775478188884944,21.096224821695543,-17.916245940604171,-5.0933768029851301,,0.6313254427529127,0.4615384615384616,0,4
-0.92701419003494046,-0.33957689145859349,-0.15916100735161937,0.36155917127953985,-0.92195577147852825,-0.13882550594571971,-0.099597475557947873,-0.18623933586853036,0.97744322220665758,1.8545324396724332,11.40948323736081,-6.1584603663634621,,0.09015532643646558,0.2647058823529412,0,3
-0.33004786280304366,-0.87809226896929737,-0.3464424561676801,0.94391407027771668,-0.31078231868508072,-0.11153734049402414,-0.0097281134295472884,-0.36382456977103217,0.93141668776118991,0.30282129385302092,12.253217660182559,-6.3106530344966467,,0.2869934179937669,0.4186046511627907,0,3
0.2190219967969245,-0.96048413403683786,-0.17175445607783499,0.97417590356059269,0.22515976796027234,-0.016863801883869833,0.054869607625625649,-0.16362550887799021,0.98499544110794135,-4.0924449953641426,-31.30757459750961,-9.496357516780316,,0.4349674233925857,0.7575757575757576,1,2
0.065561059008034689,0.99500049228231369,0.075337692423500455,-0.99494148504303614,0.07094240865649197,-0.071123948107320853,-0.076113000742991099,-0.070293634220804618,0.99461832685001772,-23.212761780737036,2.1913318265624313,-9.5971757155993096,,0.4423211886016299,0.2380952380952381,0,2
0.41037044230120789,-0.81497021557286131,-0.40916946099951668,0.90744232306174399,0.40934663456275733,0.094782715135461978,0.090247052039480927,-0.41019371094797202,0.90752222512559733,-0.36510426696683468,-30.707569223700595,-8.9844759095284843,,0.3955534426519677,0.1666666666666667,0,1
0.72991461952984071,-0.65587592372350367,-0.19248745641326717,0.67299302447338993,0.73884471385152584,0.034480107653791281,0.11960366719615216,-0.15471025012421943,0.98069347978852928,-22.566841492492671,11.081132106424111,-8.8882085326019507,,0.08124246297062385,0.3333333333333333,0,1
-0.68388525823543511,0.72930180001199063,-0.020489950403156029,-0.72031471267040015,-0.67938890854697165,-0.13991935410769549,-0.1159640818478391,-0.0809295708787965,0.98995087568957807,17.814825088943007,-15.602050060831342,-5.6773696071710686,,0.7953421838548282,0.4177215189873418,0,1
