axis_00,axis_01,axis_02,axis_10,axis_11,axis_12,axis_20,axis_21,axis_22,location_x,location_y,location_z,dbh,dbh_approximation,score,reconstructed,number_clusters
-0.24041690197967064,0.97039936073435684,0.022908381192249128,-0.97008465489318385,-0.24102436261200688,0.029034788930663576,0.033696818592707616,-0.015242615058700743,0.99931585952735835,-19.726321559327339,21.972247953462627,-3.5419813740198767,,0.1240293262547674,0.4285714285714285,0,1
0.99943956205308171,0.0041415444769025448,-0.033217606965130486,-0.00033657384260509047,0.99351011191373129,0.11374332614801248,0.033473101457625956,-0.11366839989421207,0.99295470508190697,8.2423383933429761,13.02288971703164,-1.0668959712323429,0.1788665887609574,0.1715869703598634,0.4509803921568628,1,5
-0.25013781889995368,0.96768254857887137,0.031961801136267579,-0.96750113603651289,-0.25108157786262714,0.029993216334203342,0.037048931482984895,-0.023420641193479946,0.99903896332528275,9.8168942489816882,9.8798707641926597,-0.87995879425461498,0.1383454814312781,0.1070125625780107,0.2692307692307692,1,5
0.98191894789364531,-0.17618570147785612,-0.069237116940221943,0.18280058777915642,0.97752867955248779,0.10498393096072203,0.049184599978378686,-0.11574229670749796,0.99206078235047768,-17.698724791854072,-3.8882249064995524,-3.2919027635072164,,0.7261320594589827,0.72,1,5
0.1166362006584552,-0.9753465786296488,-0.18733672424647721,0.99292113422415562,0.11025117523482766,0.044184834166908132,-0.022441432819195278,-0.19116414390460187,0.98130150931211957,22.938533131173688,13.054276614886378,-0.12153774596623611,,0.2799319725149108,0.3333333333333333,0,5
0.011947222981072614,0.99520528678210851,0.097075748897346006,-0.99909486114029267,0.0079171404847841655,0.041794465298676184,0.040825510481788015,-0.097487209660981899,0.99439907564640073,-27.783361548277131,8.4542281549220242,-4.5447152381908262,,0.4868711718261407,0.4285714285714285,0,5
-0.79050807606351681,-0.60534636644673978,-0.093020203762864004,0.61243274639151679,-0.78012083290162881,-0.12781868885343367,0.0048075800252478243,-0.15801032467087864,0.98742575643523844,-27.820602821857545,1.4719430333028394,-4.5435251125179734,,0.217069155414499,0.2592592592592592,0,5
0.76624268268255391,0.64243874688110003,0.012025295891886481,-0.64063200933911402,0.76237473318609528,0.091517183138259225,0.049626402706370511,-0.077828161389526862,0.99573088605765026,10.169951949488549,-3.7401985694916058,-0.74616296776200064,,0.08498817988263518,0.1212121212121212,0,4
-0.18206673195542333,-0.93782865634801471,-0.29551500206850584,0.98312746711947319,-0.17902128381330956,-0.037573439250129119,-0.017666027010074407,-0.2973697887720127,0.9545989316018364,9.8642952730709617,14.674681321549839,-1.0056858037858341,,0.3158104358781014,0.2916666666666667,0,2
-0.98781193749901586,-0.15012056472502389,-0.041126538646981799,0.15030997614162572,-0.98863772658236093,-0.001535138549452305,-0.040428791804178715,-0.0076981572276793959,0.99915276668212927,5.9706451413271688,-23.903709929167814,-1.191272175385399,0.1307977575020974,0.1260823941847395,0.3125,1,5
-0.61688611789745473,-0.78081871848510054,-0.098861754023955598,0.78644888927933809,-0.61644907737391341,-0.038583410374755718,-0.030816588012032707,-0.10155128688567444,0.99435289210378441,5.2797867862819734,22.022240298701558,-1.4826265204208855,,0.3193238186694515,0.3888888888888889,0,5
0.99873347961852299,-0.032986394375624499,-0.037991242085164807,0.036832585079793367,0.99374290885002714,0.10544378495969678,0.034275317145398117,-0.10670955391333409,0.9936992873793361,25.058083685119136,12.239815722470102,0.032118665411670369,0.640761388559328,0.5561231561272735,0.9821428571428571,1,5
-0.94765585838711441,-0.3162913854303217,-0.043682188213854271,0.31608822131351588,-0.94865809299915593,0.011664430293173688,-0.045128820186668465,-0.0027535594735252594,0.99897738087445531,-3.3264487304904096,6.3918555896707439,-1.7898950952621759,0.7108308194820623,0.6086509057101844,0.9991928974979822,1,5
0.99814861157121659,-0.03828320826987465,-0.047262513507217205,0.051573145651308633,0.94464664602666482,0.32401068624075319,0.032242206284362869,-0.32584829309839924,0.94487212363302286,9.0026275640563753,-18.822922568766391,-0.97871956811609639,,0.2228830127150923,0.2727272727272727,0,2
0.13226680307856323,-0.9870749945143209,-0.090490043695040739,0.99028422738663124,0.12763736620325786,0.055189235707322586,-0.04292600368820227,-0.096910566778082755,0.99436698469635021,-6.1013404433412877,2.3937833155925619,-2.1668757043458498,0.5009467089669182,0.4321917047347038,0.9242129809560824,1,5
-0.95046225064965428,-0.30538333582855776,-0.057987311441526079,0.30665661823963059,-0.95171304113352362,-0.014283060813905051,-0.050825471761979074,-0.031357702954816692,0.99821514008031853,-10.000808698364924,-31.969548923893914,-2.750028584732533,0.3178382420689804,0.3826951158224478,0.875,1,5
-0.67568599638927773,-0.7336449767502744,-0.072204448426106654,0.73572716475382183,-0.67726952603262591,-0.0033953130702199272,-0.046410918184535029,-0.055416939618058096,0.99738407320181177,10.353407111896678,-8.4782906339407251,-0.80398366291630796,,0.09451383924333923,0.3214285714285715,1,5
-0.0018264979954090287,0.99836105292541866,0.057200278904239517,-0.99933869772172657,-0.0038995805983375615,0.036151908760137491,0.036315714792868964,-0.057096420840601625,0.9977079570627253,7.8214205995128419,31.103751407742248,-1.4773220530731552,0.6399897956710204,0.4637701978912014,0.2222222222222222,1,5
-0.99910834181038599,-0.023590719583201709,-0.035014272439226474,0.027051585576516612,-0.99442592990890033,-0.10190820203799036,-0.03241501261295484,-0.10276452634234361,0.99417740825414869,8.0986812118152809,7.7395432932266379,-0.96546293665039462,,0.1449492052263198,0.1739130434782609,0,5
-0.83013188867237986,0.55755530317867397,-0.003623714470844168,-0.55756188321040445,-0.83013467819343689,0.0010781704631654227,-0.0024070313866506477,0.0029154687474789369,0.99999285309540464,1.5106178102568806,-19.397158680558029,-1.5042419781835037,,0.2037553415308001,0.7441860465116279,1,5
-0.0097424733503606448,-0.99594805705041667,-0.089401073094886568,0.99890916082044712,-0.013776495089438965,0.044617223266808434,-0.045668070268044772,-0.088868868793016628,0.99499585502525711,10.329083619204715,-13.050942862755511,-0.89296113607578043,0.09503206831927367,0.1231082931421062,0.4333333333333333,1,5
-0.84949936153229311,-0.51265316959095919,-0.12464975918376453,0.5238888624288971,-0.84759407019782174,-0.084408245974233423,-0.062380241897441152,-0.13700737160399037,0.98860390730918302,20.447027828561684,0.64958051366379022,-0.12456140408954665,0.4879657426925177,0.2719935653193346,0.8095238095238095,1,5
-0.95629382533810303,0.29075884703707761,-0.03100665234892485,-0.29124449824728277,-0.95656821682019399,0.012405192869222433,-0.026053058571047026,0.020893526248656209,0.99944219377610355,25.288605570644275,5.5260291343684314,0.10593178010266213,0.3264869213995367,0.2627986723868582,0.8444444444444444,1,5
0.98050898274964127,-0.19057565988688466,-0.047781299751523162,0.1957553421258221,0.9683771379441295,0.15467890850513885,0.016792283241680628,-0.16101750391127423,0.98680868594561766,-18.554299543263159,15.040491048384729,-3.5340508304257447,0.4879353607540074,0.3189665004725075,0.9673913043478261,1,3
0.98472066804548009,-0.16459335456389732,-0.056870322290872605,0.17348902334495539,0.95548338714322512,0.23864839339941979,0.015058708539514661,-0.24486838204781344,0.96943937962639481,11.387602280601914,-10.908448344813209,-0.8147299012090139,,0.09784717262772466,0.1333333333333333,0,5
-0.95730896639568575,-0.28238084553935261,-0.061811009787123256,0.28247783684340838,-0.9592456996225539,0.0073457094895540889,-0.061366232984372313,-0.010428126778885334,0.99806083963914294,10.568596099540777,-6.8194059752421641,-0.73278161469373448,0.1334835069853231,0.1324171906685997,0.375,1,5
-0.97445757345678574,-0.22095748124525363,-0.040127658970681865,0.22042010342926549,-0.97524962731176468,0.017410985971408392,-0.042981572062289905,0.0081213244004967496,0.99904285621440536,-20.616445350463149,-17.282723604547162,-3.6477580560393021,1.014334291728695,0.4314911753018252,0.9166666666666666,1,1
-0.26385551541852836,0.95788582062421423,0.1132917544673805,-0.96387418065473995,-0.26627781295723563,0.0065337733251167734,0.036425689428964292,-0.10747502488385788,0.99354028009730821,11.041813832332444,8.2437017424631627,-0.77411705288127897,,0.6205191411396284,0.3111111111111111,0,3
-0.34537636913602632,0.93786152006608603,0.03362934465233855,-0.93802507443508398,-0.34608919476131478,0.018199697813968928,0.0287075490676309,-0.025259422970351521,0.99926865165366541,-19.512173327942801,14.092059072903767,-3.5790236532190436,,0.1486462036857843,0.3043478260869565,0,1
0.89827345148628623,0.43864032668558339,0.026447498181846732,-0.43809969555330724,0.88922491510924773,0.13171069472540953,0.034255847836734132,-0.12989886125026401,0.99093532722114142,19.669675852804502,3.7238938974931619,-0.17301604848050808,,0.4995609901908623,0.46875,0,4
-0.98957712154741295,0.14157231590239988,-0.026351468269704827,-0.14103190558246376,-0.98977469392503203,-0.021355488132779956,-0.029105362353306158,-0.017416504690704031,0.99942460608424211,5.47786736299979,-26.131746986089471,-1.2650849430361764,0.7404059776216331,0.6221461922472994,0.8611111111111112,1,5
0.8884900719558787,-0.45542370780365915,-0.056343929630499973,0.45879162727362643,0.88418380339847802,0.08791612224968115,0.0097793036284421018,-0.10396272494586871,0.99453311510596476,7.7932699334378475,10.424632192484882,-1.0560595948257436,,0.09766732125745071,0.2647058823529412,0,5
-0.53946776077648639,0.84193619661039221,-0.010861672064247523,-0.84181629469007213,-0.5390271798378854,0.028196194606614003,0.017884660384863749,0.024354470498111583,0.9995433951008208,-11.923807999515084,15.791511226580946,-2.7961975848347533,,0.08005594730771208,0.3684210526315789,0,1
-0.091464150809074385,0.99567379791252975,0.016370622077778344,-0.99505414399336989,-0.092022237521411948,0.037405324797061733,0.038749963076056756,-0.012868409069941833,0.99916607448892714,-18.764114745552167,-2.0084618085133417,-3.4464957332074309,0.2850167439371353,0.1041408631881104,0.25,1,5
0.8796858389463762,-0.47258215026784722,-0.053093653155818564,0.47534794325953111,0.87710144012567459,0.068828748124626637,0.014041281855521405,-0.085785633865394159,0.99621466934901559,0.22579026251596082,20.625548010763794,-1.7802234271173214,0.1620473369630553,0.2211622322257706,0.8292682926829268,1,5
-0.63416749155795826,-0.77004906057581335,-0.069685270734892973,0.77085349270829295,-0.63668320713512661,0.020478928965061843,-0.060137221672715874,-0.040730063324748343,0.99735880028756441,10.69422758621579,-5.4627302612850546,-0.72257428506226029,0.2236562489678594,0.164619188131455,0.392156862745098,1,5
-0.77674565426946018,-0.61605544826447722,-0.13092697673574558,0.62751245741268036,-0.77475713177569328,-0.077327243288508984,-0.053798739440690448,-0.14222190909404719,0.98837170346395375,6.8610732729929982,-32.743109750825006,-1.1368647448973666,,0.3040759277150742,0.4545454545454545,0,1
-0.60143252081583831,0.78471554879412431,0.15000143461261597,-0.79727271535203437,-0.60157982906817997,-0.049577480911134827,0.051333617253227853,-0.14940956040038383,0.98744196943448981,9.4169538974833458,3.8183673695447387,-0.79276897459684759,,0.2616649072005142,0.2068965517241379,0,2
0.58924578388401905,0.79751841455833683,0.12943641147400081,-0.80591691616645256,0.56880026074248136,0.16420775747826952,0.05733524580626663,-0.2010737223498984,0.97789673676145028,-4.8694052828653662,0.1229971292660227,-1.9871628895785025,,0.2672268180697713,0.4260869565217391,0,3
0.017503199730231081,-0.94441955883157125,-0.32827630876379843,0.99893902680382818,0.0025301911490652924,0.045982810494471137,-0.042596463790142161,-0.32873286271550378,0.94346184143474809,-21.176506535353781,32.630233546209219,-3.5713885530327616,,0.5076040178285753,0.4375,0,1
0.19353689336754856,0.94817339051124361,0.25201327828519632,-0.97986779494737786,0.17397597642240453,0.097936020201122992,0.049016072166198223,-0.26589392838928194,0.96275533938540903,4.9730014745304114,-23.26003079254555,-1.2547818744963453,,0.7463052150842282,0.2542372881355932,0,1
0.080696922378695343,0.99632182007818826,0.028824252890460363,-0.99589753163284456,0.079407290097327748,0.043388809237020501,0.040940361578942042,-0.032207345675874244,0.99864236525309735,-13.709869380358995,19.879192309579139,-2.9407510734771782,0.6679295463364194,0.6831578664088712,0.9818181818181818,1,2
-0.9062505526263549,0.42222176663446853,-0.020945539966652278,-0.42256110768202504,-0.90619757221946495,0.015750250096020137,-0.012330699046129743,0.023124443422828225,0.99965654800907411,-0.51062688995959182,-2.6494178903607586,-1.5470995879449019,0.3932403767200081,0.3311131434737732,0.9593383873190903,1,5
0.46190131259324935,-0.86554892283513019,-0.1935774770048948,0.88660128280062678,0.44464431638348584,0.12739543651225102,-0.02419385791720868,-0.23047015877724705,0.97277857868698681,7.8203147493639609,-19.53219134643572,-1.082668839811266,0.2712399307476103,0.2215671018108969,0.2857142857142857,1,4
0.31109402182643275,0.94773882873284643,0.070792811047081683,-0.94919885203173826,0.3061332423780041,0.072828409379586193,0.047350278620988728,-0.089852937755107096,0.99482882984526144,1.2401882195474023,21.324130497074492,-1.6969186931827791,0.1411228702760259,0.1359846109225533,0.35,1,6
0.49125064800992607,-0.8612935158641416,-0.129793221549558,0.87095265710755143,0.48390056350663435,0.085332957966174516,-0.010689710338600899,-0.15496362208062367,0.98786234158638209,8.46566639760273,14.488678894564714,-1.0991386888932868,0.2265696595140746,0.204346664435723,0.4583333333333333,1,5
-0.17733279434849825,-0.97921854766311844,-0.098407905988727687,0.98306885414705936,-0.180937781593554,0.028933496124572199,-0.046137924254787452,-0.091610889661308259,0.99472545802393286,8.7488835224924326,-9.649938041973904,-0.98560758078858313,0.220969737820522,0.1595436832005765,0.6607142857142857,1,5
0.92659011258049628,-0.36715622802526077,-0.081406802481892804,0.37593329852367618,0.91018109714474149,0.17390953240550919,0.010242964862370875,-0.19174638098972557,0.98139105714703312,12.242624510847113,-6.7606611237167309,-0.6145946006677625,,0.3078007183456955,0.3333333333333333,0,5
0.86442458067515915,-0.50041979211111387,-0.048478613718271474,0.50272149073818617,0.86155816728101442,0.070630214082613774,0.0064223885394531543,-0.085425734148730212,0.99632384136414165,10.363749182141548,5.7202623801189851,-0.76402180528314323,0.4702145688188683,0.4147988463649061,0.8763440860215054,1,5
0.28141226842480083,0.95203114639298625,0.120182492392462,-0.95831156481532898,0.2723701653870384,0.086333294552173326,0.049457860054827545,-0.13946752060854031,0.98899076374559902,9.4561791943365474,11.283300935309143,-0.93453886486632642,,0.1546786218103644,0.2727272727272727,0,5
0.60695843806233207,-0.77836160824963463,-0.16048258867546122,0.79468649161801386,0.59222148859528423,0.13321819877868873,-0.0086506938904932721,-0.20839125521246929,0.97800728537479964,9.6751120188465798,-4.6578591083428877,-0.79938230774187258,0.1088730483063558,0.1116338584148682,0.2916666666666667,1,5
-0.4123232840741558,-0.90959602383842231,-0.05123068248261909,0.90955250725109238,-0.41420929941055906,0.033836265087395165,-0.051997557284487898,-0.03264551575861234,0.99811348269487898,-4.2225932599029177,-12.315285295569522,-1.8988009017178482,0.4340172281477861,0.3763013581845377,0.97953216374269,1,5
-0.99951696217721275,0.0095044120699420316,-0.029588992399891649,-0.0094569685721036002,-0.99995376286758697,-0.0017429493337079143,-0.029604189998416658,-0.0014622852520505634,0.99956063030532549,0.10255525395901299,22.841184238521954,-1.8280472508450814,0.173832242162316,0.1239930250752856,0.2222222222222222,1,5
0.12349790489210521,-0.98762594029668527,-0.096660589385485135,0.9915922515382829,0.11902457872004855,0.050773579248993034,-0.038640318017576017,-0.10211832212489455,0.99402151591899524,-22.199486250827494,28.336998186789131,-3.6906936999899247,,0.08284718654511514,0.3636363636363636,0,1
-0.93028626999675867,-0.36030114693035459,-0.068924156695523237,0.36254776869506428,-0.93168047305642177,-0.02303500682857287,-0.055915751535216669,-0.046417449801053848,0.99735592898634695,12.735290191019708,12.947434790404177,-0.77664167279021468,,0.1247164511077819,0.3,0,5
-0.80220764261088839,-0.59410188173016754,-0.0592102378086381,0.59512447906458854,-0.80363340577307885,0.00045115813685733613,-0.047851358964854547,-0.034875539425743111,0.9982454328445387,0.93914217695080093,-17.78459071357614,-1.5564131807476642,0.2114431718102784,0.1750584889919738,0.5384615384615384,1,5
-0.98405077314778255,-0.17396129203600316,-0.037169136933976686,0.17286334058521782,-0.98445858214311632,0.030976854689988582,-0.041980249510587937,0.024057616630293151,0.99882875896376733,-2.325418642422771,4.2232394278716505,-1.7140366335410542,0.2618345945666216,0.2210446307549724,0.8565459610027855,1,5
0.6184527079588199,-0.76681355549154528,-0.17179411844651846,0.78536892243979839,0.59572196932098909,0.16825870240219765,-0.026681523272699799,-0.23898181182411368,0.9706574009057527,-22.380297556161178,26.060366266117054,-3.6026863689255837,,0.3663648767912253,0.9032258064516129,0,2
-0.70193785372618867,0.6929779993475883,0.16451365270543805,-0.71223810890035844,-0.68307110676787619,-0.16165005205365604,0.00035459316535350877,-0.23064118348448154,0.97303880639189566,17.320911573772531,12.498723499563685,-0.48521172632290521,,0.3050875641323015,0.2142857142857143,0,4
-0.98178977717874538,0.18971099905608643,0.0099282558615114442,-0.18824306020693848,-0.96449999687596433,-0.18521421735437127,-0.025561371466277353,-0.18371035045257225,0.98264801603898666,-18.812581630374524,22.1851363903105,-3.4222498555788641,,0.7021100428647411,0.6956521739130435,0,1
0.97573883368287728,0.21893333481661134,0.0013868486787010595,-0.21172674149281354,0.94197039982063135,0.26050633926758165,0.055727151192352387,-0.25447978459563081,0.96547114086965213,-8.4167730842527284,20.045704561779317,-2.4505010390051511,,0.3803089383098574,0.25,0,4
0.93711037658546925,-0.32297444118746133,-0.13233160029066263,0.34456539227501015,0.916514693060826,0.20316374639681301,0.055667158560582755,-0.23598374465896421,0.97016124418290606,18.958808390421577,16.8826019333235,-0.47927469498908132,,0.3267560333179215,0.6111111111111112,0,5
-0.73899212907147283,-0.67236110332458088,-0.042675284493072535,0.67140173864724073,-0.7402204014827235,0.035964740652733009,-0.055770408926905525,-0.0020745999394480245,0.99844146424475877,-8.9204937559518029,4.5139810805851335,-2.4860497666712775,0.1201666181765288,0.1005771711861749,0.6294964028776978,1,5
-0.88131628364932824,-0.46335780846264163,-0.092634494175951765,0.46992934698369954,-0.87999147984964998,-0.069147698699931939,-0.049477439485184051,-0.10447266019739775,0.99329625301481383,8.849961690083779,-2.2811384512882529,-0.81443914048646382,,0.1420606078316836,0.1764705882352941,0,2
0.47613737128282807,-0.87521654887394151,-0.085376789849852391,0.87857073919255779,0.46931591516083659,0.088634237241535491,-0.037505464968732971,-0.11721162209411574,0.99239849644361366,1.7292162646129412,-24.345138082046574,-1.5432079013453899,0.2052307722155823,0.147248480877428,0.4736842105263158,1,4
0.80740989249373385,-0.58585057436399679,-0.069773705796903507,0.58992139211801586,0.80346465802030287,0.080232751628374829,0.0090563030426310046,-0.10594171902368472,0.99433109955663534,28.414620992393871,-7.6265280827462156,0.32332324799262441,,0.4756965757111917,0.9024390243902439,0,4
0.46275721951162602,-0.85757882013184972,-0.22453134091064769,0.88555035813337668,0.43556772739452426,0.16149711471793507,-0.040697899205208728,-0.27356776512161302,0.96099134173344614,-29.143175587311394,2.2640132417740513,-4.7387431477349802,,0.5410913102075462,0.3333333333333333,0,2
-0.93277402609979176,-0.35683251161694896,-0.05102131796344108,0.35835084457267208,-0.93327117879300903,-0.024281248492635469,-0.038952386674491191,-0.040932450298615024,0.99840234679457429,-9.4014990980935771,-6.1444117232669626,-2.402612887119643,0.4894957053670812,0.3624295346427597,0.9144144144144144,1,4
-0.8425431282773912,0.52576074535514594,0.11703296815918572,-0.53859945148089816,-0.82009786789549388,-0.19326178602543381,-0.0056309730085693571,-0.22586528223006366,0.97414227216875793,-12.138591148507331,13.981146892784952,-2.8402868826182508,,0.2634726632047537,0.2380952380952381,0,1
-0.84435932096343969,0.53374269922907625,0.046648345327778833,-0.5357457446101439,-0.8401580346348021,-0.084326591124683783,-0.0058167202341232,-0.096193595723661693,0.99534564745492871,-18.555407994051556,13.715068377882346,-3.4613019180049709,,0.10461213233104,0.1764705882352941,0,1
0.55294011482348315,-0.82907922265707723,-0.082975128667143239,0.83315993947756495,0.54894569858949049,0.067105404028554666,-0.010086856236345414,-0.10623682298728551,0.99428969258100752,-13.124206805169441,7.7034875430040133,-2.9540238803843635,,0.07751393195510937,0.4615384615384616,0,2
-0.9819468387123903,0.18818497155255368,-0.019152608817283777,-0.18722414471623627,-0.98135568238949034,-0.043452782156399389,-0.026972682069405826,-0.039082491266834003,0.99887188032217655,30.460007373594664,5.9796425783893037,0.4440842437671898,,0.3802708751072642,0.5428571428571428,0,4
0.31972440118978174,0.93018862217269638,0.18034809248865788,-0.94665082996621341,0.30548792871520303,0.10261253107479278,0.040354843676016536,-0.20353440148966728,0.97823577628408598,-31.043615858114084,1.9728637699543567,-4.9646470302697772,,0.5867501741032994,0.5,0,3
0.99786673030380457,-0.055035386671891437,-0.035115449116727648,0.057767021134822842,0.99493924786108268,0.082212312550079908,0.030413152122117086,-0.084065446406347499,0.99599600445910352,11.619365231856079,-7.9852616121108051,-0.69090292642815221,,0.122899346133805,0.32,0,2
-0.99610331128759766,-0.069141853864246275,-0.054750317680346154,0.079757633125665167,-0.97117776967244995,-0.22461624975107566,-0.037641907497832749,-0.22810774589711114,0.97290798283376412,3.942173472636024,-38.422361592298088,-1.3435778637157401,,0.4487571704576047,0.2272727272727273,0,1
-0.78135583841721146,0.62053070275830746,0.066518423805880064,-0.62408575227105989,-0.77693322343598648,-0.083016505188026959,0.00016608312051842274,-0.10637863157443535,0.9943256806302192,-19.248658863593427,11.666426426391455,-3.5186577483572536,,0.4904084086161847,0.4285714285714285,0,1
-0.7264410363299445,-0.68065945590364096,-0.09479517827841441,0.68516920911854962,-0.72801177754872004,-0.023281035763357456,-0.053165549105956139,-0.081863037076040993,0.995224531223457,8.8999915263670815,19.275358759878817,-1.2011608213591696,0.6814838949844798,0.1115328238810253,0.4,1,5
-0.9352335406477974,-0.33104420618435554,-0.12549086819030791,0.34685482393663891,-0.9277904183052994,-0.13746516217850593,-0.070922179600393695,-0.17208914333173275,0.98252499774208402,8.8420008667354431,8.6403230646989151,-0.94887586908306976,,0.2756564521252804,0.25,0,3
0.0041564482822289044,0.99083689486390014,0.13499989523752914,-0.99954306085891675,7.4607830576343636e-05,0.030226874176164573,0.029939830100840968,-0.1350638449405995,0.99038445280779586,23.209721730638403,-17.066800632505871,-0.060330118839722363,0.8047840136716777,0.4994270683402094,0.4782608695652174,1,4
0.96873206791929933,-0.2410081696897729,-0.058934223737862355,0.2469511989069845,0.95953713192732581,0.1352907898235696,0.023943390386529491,-0.1456144038049394,0.98905164650857891,-20.425349279024626,-1.2139612143632137,-3.6557879925638153,0.5033731014329507,0.5613142310726904,0.9825783972125436,1,5
0.07776842879542388,-0.98584486476969713,-0.14853273743491752,0.99628338238925385,0.071313245530759475,0.048309864281515784,-0.037033680045601203,-0.15173768028768814,0.98772677544105936,-0.51045192596913003,25.445343046085416,-1.95252031648172,,0.5810439844574075,0.5454545454545454,0,4
0.46913788305615645,-0.8406556470546982,-0.27056926979358803,0.88284903512786983,0.4387798958520861,0.16748069790224304,-0.022073238443376941,-0.31744335883914737,0.9480202983446836,-15.144284625265442,21.658482110193727,-3.0736451317988274,,0.2622755921439603,0.4545454545454545,0,1
0.17075388498276253,-0.9718290629278179,-0.16245424959702406,0.98462935508561678,0.16215604854842447,0.064887972867414032,-0.036717078682471753,-0.17103709646740267,0.98458019874717406,20.270729554754439,-16.709614218943841,-0.25633461809054187,,0.1553469248747399,0.125,0,1
0.98542973976450743,-0.15766494497269601,-0.063796497665715421,0.16910531881733812,0.94839094045507644,0.26824991185538477,0.018210412827318154,-0.27512976790869426,0.96123461843358848,-22.746599062405856,-2.1281230268817359,-3.8774808121554152,,0.2196561117947942,0.1052631578947368,0,2
0.23982092389548079,0.97028953395326489,0.032002261836874539,-0.96948992716700222,0.23763979988325767,0.060138229381716021,0.050746483460833255,-0.045448276229172274,0.99767692596559454,6.3081810178473567,34.726375349327228,-1.6187415324098822,0.5145096451804685,0.3497162723017118,0.1538461538461539,1,4
0.018179671823335512,0.98553951783986959,0.16846767734005902,-0.99378093419071767,-0.00070252851839926287,0.11135062322549436,0.10985879287258253,-0.16944428355550756,0.9793976109828636,-0.91061611360850303,-13.232844322601036,-1.6407119740563139,,0.2737594166023484,0.1690140845070423,0,4
0.94607083613289256,-0.3075293542136483,-0.10186102942611164,0.32373314149062038,0.90922046192546568,0.26175371003418035,0.012117182817174608,-0.28061334236450725,0.95974440658312588,-23.281551133920281,-0.47721352818420776,-3.9620346725559963,,0.4832135119838752,0.1818181818181818,0,2
0.56225064653233703,-0.80219202799038514,-0.20090336160115327,0.826803178884151,0.54046484135160988,0.15586615620410671,-0.016453384485666096,-0.25374338511861455,0.96713162529591323,-7.9366448898442545,13.057463864789028,-2.3760277848073823,,0.4415273022706543,0.3636363636363636,0,1
-0.90130238571066079,0.43252685124336587,0.023969406871457426,-0.43301828633862116,-0.89800375344385774,-0.078002708267766577,-0.012213648457120181,-0.080683218541662355,0.9966649612769195,-9.6968293673921728,19.749343912695593,-2.5706376174786763,,0.2804945671158449,0.2666666666666667,0,1
-0.98530673220479326,0.16951237420095655,0.020885364843989576,-0.1687216666509363,-0.94705370944461631,-0.27317077191698685,-0.026526263861351949,-0.27268081417647799,0.96173880596844519,17.956114493666931,3.6602400612490986,-0.26587548840993042,,0.4137535746409529,0.3076923076923077,0,1
0.99068318871414185,0.13423340138117568,-0.022982896963199505,-0.13150164734228423,0.98676569291798932,0.09487246189672835,0.035413787504958133,-0.090966264261653024,0.99522409658369571,13.486934983250769,-19.346544867225361,-0.72881504815813936,0.8517070571807368,0.7094752781721199,0.273972602739726,1,2
-0.43300759417162848,0.87958671186279558,0.19705745280018139,-0.90058683712331411,-0.43138524319982563,-0.053386522172307556,0.038049601705214174,-0.20058411767591322,0.9789373011313095,-27.717545960422129,6.172349957884995,-4.5222415009118739,,0.3944780366168714,0.5833333333333334,0,3
0.99652352580735848,0.081635060688020192,-0.016630675841190611,-0.07443220911597638,0.9620669299171174,0.2624634614683885,0.037426043854340743,-0.26031315607613076,0.96479860697199271,-18.846327837102514,23.156144558444961,-3.3997875669006641,,0.3868592719181312,0.3478260869565217,0,1
0.99703664134037606,0.075115127617033164,-0.016602813851289665,-0.071270966007638201,0.98317994371136508,0.16815958993782151,0.028954882645968644,-0.166477974179154,0.98561995661825186,-33.528814264492965,3.0380989641805494,-5.3159472340747884,,0.2076056018399016,0.3571428571428572,0,2
-0.88666222474005663,-0.43375640821309758,-0.16026689475087236,0.4588634562940489,-0.86820179246728335,-0.18886496772688335,-0.057222615257377277,-0.24100005371507716,0.96883669749470036,-21.779648146598269,-3.1663771535971068,-3.749719556068472,,0.6707522055152235,0.3076923076923077,0,2
-0.36482159104602691,-0.8713998549000691,-0.32797484596655269,0.92958360315514932,-0.36083641933841532,-0.075308719442842537,-0.052721261856436212,-0.33235428590461991,0.94167993351727264,-11.416833134466826,11.783409542475876,-2.7614341886960094,,0.4805295625213103,0.3333333333333333,0,1
0.56951348453645667,-0.79641215368190144,-0.20342584004717279,0.82147710717806199,0.56013112810544341,0.1069040771424813,0.028805438957000742,-0.22799298409178742,0.97323658269272639,21.756533732268942,6.6493003835893632,-0.09161719110828484,,0.3658672558423097,0.5116279069767442,0,4
-0.0013788715929887924,0.97278474271312598,0.23170658829150501,-0.9990674154513125,-0.011339532020585383,0.041661905825229877,0.043155510616446797,-0.23143305588898297,0.97189317445145307,-1.8588912541577736,18.79418036129649,-1.8808324991558614,0.6718752756866548,0.6399237855049861,0.2924528301886792,1,1
-0.57932360010327788,-0.81220644608334103,-0.068591947807647255,0.81348343710634718,-0.58141893361535191,0.014025733037226295,-0.05127244793280137,-0.047672975303170627,0.99754620119006143,7.3047659508795029,-5.3508589107612785,-0.9449210518385166,0.2392660297465095,0.1967588408043988,0.6271186440677966,1,3
-0.77407729329852193,0.6311867133441913,0.049068084305283019,-0.63309065759877359,-0.77184014417597435,-0.058813358172803851,0.00075050701880174085,-0.076590630864144305,0.99706234108156266,-2.8117828343905984,0.28522312887360513,-1.7884914828241825,,0.1828169400426198,0.3093220338983051,0,3
0.91754966371081315,-0.38073958389081808,-0.11462976874626091,0.39699117045549148,0.89342396875830377,0.21021803592589464,0.022374655406360841,-0.23839249423337253,0.97091111513291417,-23.973919482520053,0.0090971037148723857,-4.0623733719970199,,0.5255104363945668,0.1,0,2
-0.046894451232553966,-0.94980831606709293,-0.30929770961549569,0.99789642721049066,-0.058420281092486551,0.02810322610686139,-0.044761937001610297,-0.30732919400354525,0.95054991216084794,17.646249622124035,-0.35168311185508294,-0.2845466349705757,,0.4039254761409395,0.1935483870967742,0,1
0.33718054489757487,0.94049878510266716,0.042086997552486571,-0.94001284262629203,0.33387218435996502,0.07003727727678162,0.051818296384710513,-0.063177525522246439,0.99665614151956827,12.313975876289861,27.579646485171626,-1.0960945794703281,,0.2971840415058015,0.8484848484848485,0,3
0.06695835756975739,0.99773016217642263,-0.007148554746970741,-0.99685166041086171,0.067200902998762815,0.04208094310087284,0.042465815518703168,0.0043083778340348589,0.99908863089956701,10.227179235743922,18.343242355240246,-1.100667678103767,,0.08419214769730428,0.35,0,3
0.58621277436454011,-0.79262806285219412,-0.16761663745287597,0.810030148531804,0.56977618407232422,0.13858664630304779,-0.014343696921433049,-0.21701579215154138,0.9760627051145162,-23.157459428977113,-2.9754361742440878,-3.8802871058929509,,0.0878621536118301,0.3333333333333333,0,2
-0.67699646772968647,-0.70448230031716197,-0.21302692604778897,0.73317990923125809,-0.67079899767571238,-0.11169568217664479,-0.064210617355497462,-0.23180464459777778,0.97064082098463511,9.2588196836510157,23.098220081301694,-1.2528466963032991,,0.3505513897382829,0.3181818181818182,0,4
-0.68735561727443728,-0.72350669819906832,-0.063877328234354963,0.72364332957126598,-0.68971285773170843,0.025229059565747544,-0.062310408185864925,-0.028883066676557323,0.99763880312018172,2.8260342250940576,3.0423631264813911,-1.2500005985724727,,0.1871427490291098,0.5033783783783784,0,3
-0.81528571401625971,0.57900459361940104,-0.0079300118934571735,-0.57905087663194099,-0.81527004156572414,0.0059026771217620495,-0.0030474239578431404,0.0094042486704312804,0.99995113546321202,13.951997336812989,-7.8222741184658569,-0.48690892353095072,,0.1007154617413515,0.5652173913043478,0,2
-0.81815641523414762,-0.54017268762645176,-0.19706229409408921,0.5725623025327502,-0.79685129446480774,-0.19287411497698609,-0.052844015078387784,-0.2706316353499274,0.96123151634672266,22.935280557628076,-1.815983161476374,-0.0041034486619087752,,0.175093533304435,0.1333333333333333,0,1
0.14689590460411095,0.97317940704223882,0.17704077191273448,-0.9880689189997266,0.13599232971906541,0.072290369789433206,0.046275312178870313,-0.18554764338707722,0.98154504100232232,21.782724692896458,-8.673458973858283,-0.05903077519923132,,0.4576224066701661,0.6153846153846154,0,2
0.25573101344591515,0.96291114943270162,0.086045145476771168,-0.96542670375755091,0.24971616407318184,0.074787145101318162,0.050526512186722321,-0.10219567358146492,0.993480304720469,19.186864335194137,2.211793989713474,-0.18416089108751243,,0.2320903574019695,0.1176470588235294,0,1
0.22767692542971854,0.966125331919787,0.12151156590939287,-0.97236384761053229,0.21895454709680465,0.081039830735726542,0.051689123487562494,-0.13660435325609294,0.9892762431113834,12.302144803704801,15.812687605339635,-0.87260310860168533,,0.5367156450424899,0.2307692307692308,0,2
0.31891193419584973,-0.89981329195467097,-0.29770995591206106,0.94730888895295418,0.29267038999804035,0.13019182666018336,-0.03001744722960913,-0.32354301482197734,0.94573721002280775,18.691604402676685,13.996848550652953,-0.40671106709401161,,0.4023275971306532,0.2222222222222222,0,1
0.8522487942621465,0.52223482141691113,0.030704787547961857,-0.51993930673818567,0.83910030043372463,0.15991811379780863,0.057750411144279354,-0.15225464561608956,0.98665263031169526,2.8318759648206799,6.088893342036477,-1.2888966914977633,,0.2774955027108547,0.3918918918918919,0,3
0.32328589930252422,-0.93473010669504075,-0.14753255555990269,0.94583189978333349,0.31426423660338815,0.081486237760369992,-0.029803433768748333,-0.16588434896025347,0.98569474894899622,9.4381215827954783,-15.66702289134416,-0.91416863878283661,,0.5101363316405718,0.1904761904761905,0,1
0.5377393763896926,-0.81311841360084214,-0.22287846137138015,0.8416109747106848,0.53344981346365228,0.084393505449917722,0.050272560373977461,-0.23295867010876381,0.97118635065295311,21.488540191538117,17.223000024494077,-0.271641795231159,,0.2498772497587741,0.4166666666666667,0,2
-0.18216816237364664,-0.93138672485184315,-0.31517222178860593,0.98205960285776828,-0.1882268108705358,-0.011384379840377597,-0.048720601928251908,-0.31159177851680409,0.94896620936073595,8.8680749639879508,16.777589816269543,-1.1100702825136481,,0.6990805343539337,0.3870967741935484,0,1
0.31393863926357135,-0.89601132528167937,-0.31401629853290552,0.9489609513133479,0.28557967143263324,0.13385575873639499,-0.030259604422463143,-0.34001170013897897,0.93993425307773437,-25.171598820485432,-2.3934928804100837,-4.1276771061916326,,0.249904033809344,0.3529411764705883,0,1
-0.999547609993933,-0.024318775100841478,-0.017696681412393968,0.024664660447990639,-0.99950368828993785,-0.019596724721140563,-0.017211330000973246,-0.020024341996818046,0.99965133714070142,4.9394019588398397,30.063693893172982,-1.6624645075399247,,0.8008501962897644,0.5357142857142857,0,2
0.73633688060353752,-0.6748585648330111,-0.048722846125626273,0.67660338326325131,0.73398873935801101,0.058893057760319674,-0.0039824640330741673,-0.076331172971251235,0.99707456692719787,26.507124572323182,7.3504912095663011,0.19681116259065159,,0.4163792693983342,0.5454545454545454,0,1
0.93404891224680242,-0.32587634925375408,-0.14614114590905194,0.35675746672710018,0.87040584609691918,0.33929010155730777,0.016635488121110688,-0.36905049529481937,0.92926045458613016,7.6530115887226167,1.8052185874525912,-0.89894083019475135,,0.6845467575217078,0.3544973544973545,0,1
0.53751822844120412,0.84231232371006537,0.039800796720396318,-0.83513720132459524,0.52521989933949043,0.16337047561152931,0.11670479449084779,-0.12105373461386716,0.98576162649947152,26.451171769075849,4.1477843179950442,0.19018134319642629,,0.3425752516137279,0.4210526315789473,0,2
0.41793649264502702,-0.90175771998142484,-0.11028192313101913,0.9081342802789274,0.4113591207468375,0.077947435882544797,-0.024924227126395523,-0.13272787285378793,0.99083908616377314,-25.397085204944926,-0.71732491104264473,-4.1885788997092082,,0.3242554743066425,0.25,0,1
0.88254203717981916,0.45780571237225953,0.10739405165009175,-0.46850449111335657,0.83649102531641639,0.28422932004229434,0.040287645961376031,-0.30115891865328903,0.95272252586913919,-6.4788907021511033,-6.944422648975082,-2.1070930571185644,,0.2321895598060142,0.15,0,2
0.93632334672591067,0.35042642016865733,0.022358766150461964,-0.34818558257125443,0.91832267538679513,0.18828240480712996,0.045446567147668572,-0.18407821141628747,0.98186038804723874,-25.470865094079933,0.80988001295666034,-4.2418047522353639,0.868824284714574,0.82046497412394,0.494949494949495,1,2
0.20228088718589129,-0.92156132254724898,-0.33137165157003706,0.97868832791069493,0.17800158227311536,0.10239430413668105,-0.03537795204158297,-0.34502197827563486,0.93792762781363404,17.539054164200138,7.3054028529142787,-0.33219015203478502,,0.3439752630580627,0.2272727272727273,0,1
0.18968633597035078,0.98057604727244341,0.049896988503241452,-0.98156876839697527,0.18818315182506867,0.033314475484794721,0.023277604124715547,-0.055296626341329605,0.99819859560183677,20.786672049775774,-24.445359193798851,-0.28062817653206273,,0.2026620090478319,0.3846153846153846,0,2
0.35013631308311566,0.9366980677958523,-0.0011366829278548066,-0.93522851621569958,0.34965444603444967,0.055582288773690369,0.052461268737442772,-0.018398319375915642,0.99845346267444968,13.864551895726013,-6.8604452827807743,-0.5112933259772583,,0.08156327985473795,0.3,0,1
0.43442911557663344,-0.85992756947961646,-0.26794760455765237,0.90038560539582668,0.4066789288098005,0.15465448735198098,-0.024023012619047008,-0.30844257830428218,0.95093957260896034,29.454702921519587,-7.1905349400054428,0.36762914133111163,,0.3746483988195237,0.1333333333333333,0,1
-0.094276285019495878,-0.99192399061552095,-0.084845618179742399,0.99447162693650171,-0.097790372939547413,0.03825213952985506,-0.046240299536118988,-0.080770290340719503,0.99565957781617609,7.9054722510610471,-29.655079490986822,-1.0689740018692426,,0.6593870431615161,0.32,0,1
0.88595953459629895,-0.46108814931999581,-0.049733505954962794,0.46364676372710495,0.88302670787772097,0.072770266318170976,0.010362506612459143,-0.087530290364516594,0.99610795937258301,36.872983570638439,-5.6061495074108114,0.90849687771237408,,0.3738904984750793,0.7333333333333333,0,1
-0.72468088533439223,-0.68388423602756876,-0.084498320361706389,0.68691963528225408,-0.72666493081574968,-0.009974617097226867,-0.054580482726481902,-0.065271969753716366,0.99637369539235321,3.3735796622727796,21.185143832716168,-1.5674920355410968,,0.3751607452274979,0.1481481481481481,0,1
-0.39413352058884593,-0.89618884626199458,-0.20372609009117124,0.91751182611442039,-0.39651643615366183,-0.030769543385947052,-0.05320542160741077,-0.19904840540831609,0.97854428382980396,-20.408467963099117,-2.7378079106057971,-3.6328686098872143,,0.3190053732651972,0.2,0,1
0.46699522912705488,-0.86116623823605687,-0.20076893707675147,0.88398122419999192,0.44895664044945643,0.13044205709134102,-0.022195748116536455,-0.23839178911761319,0.97091539469041832,-8.6155262806034916,10.235551915074002,-2.4268774773768995,,0.2514603917147725,0.2857142857142857,0,1
0.66276753855505477,-0.71692937079605745,-0.21622087579057564,0.74876330442830197,0.6307721697411085,0.20366635417197457,-0.0096282801830965721,-0.2968817056843745,0.95486572304730499,15.925291788351791,-21.235658073651074,-0.58512401008671722,,0.2565218945462767,0.125,0,1
0.94599096159863993,0.32394947474434382,-0.012563374807178014,-0.32086286082888993,0.94111060395133517,0.10657324087713098,0.046347870656399281,-0.096786202235743815,0.99422548043308623,34.221897487122554,-5.6602894935125878,0.68634148011908469,,0.1155549091828957,0.2142857142857143,0,1
