axis_00,axis_01,axis_02,axis_10,axis_11,axis_12,axis_20,axis_21,axis_22,location_x,location_y,location_z,dbh,dbh_approximation,score,reconstructed,number_clusters
-0.86642775242264669,-0.48675094976200606,-0.11124955162887956,0.49291515260545193,-0.86936722204026551,-0.035146629624138948,-0.079609058302340968,-0.085288605028911155,0.99317080690505488,-8.5653265155052569,-12.258612118603734,-3.5417395074888955,0.7429848782037591,0.7111874819340184,0.9740932642487047,1,4
-0.3166795415243015,0.94828797367852646,0.021540356464872342,-0.94853253762980172,-0.31659055542930292,-0.0075130067572833784,-0.00030502053673822004,-0.022810944514441361,0.99973975002139048,-23.280127176307154,-2.2300250939483384,-6.5183423105620912,0.363029630513855,0.1216849619336812,0.25,1,5
0.43119808861714992,-0.88353502314941545,-0.1828498598339072,0.90197930915701419,0.42715062206544913,0.063052929525406989,0.0223949598247647,-0.19211509294551171,0.98111684158258394,6.2845985360602663,-6.584954165456173,-1.9438656571197985,0.06559667729936441,0.1220945437837453,0.1666666666666667,1,5
-0.91266387848151842,-0.38813218840448777,-0.12805486808167776,0.3994568850392376,-0.91338171702363957,-0.078536844867217445,-0.086480297812981638,-0.12283014015823347,0.98865257535642259,-16.560535541333124,12.353527216813657,-5.3670687892637279,,0.07024452367944418,0.4545454545454545,0,3
0.56842701441574006,0.82270475776841245,-0.0069000599726080029,-0.82020846047928475,0.56731899337442349,0.073533945323444802,0.064411261752963481,-0.036139193431068431,0.99726884442337937,-7.1888941800100827,-2.8148480334868435,-3.5191806814606164,0.4669257010094005,0.623117206965677,0.4725099601593625,1,3
0.69492244177980211,-0.70684101090756357,-0.13213093963932246,0.71742727328934996,0.69398424560081451,0.060695752721878694,0.048794543254393752,-0.1369731804297499,0.98937224561413351,-0.58589634848438921,4.1884917144710423,-2.9437948397631293,,0.07290826185682416,0.2389937106918239,0,1
0.7179204360548348,-0.66841682761884336,-0.19444585891912614,0.69390901629746293,0.7094208297601563,0.12333841008987241,0.055502473782008323,-0.22347489983971736,0.97312817477745694,-8.9419169983924345,23.570874248315196,-4.3961142947572425,,0.4104470363586488,0.6,0,5
-0.94834507441137139,-0.30223552095377904,-0.096412186540343836,0.30410704889193391,-0.95262478128773875,-0.0049928840091476665,-0.090335611216901035,-0.034054602483185058,0.99532897144400612,6.383449221432377,8.1136064967162351,-2.356614057556361,,0.07291323001061793,0.2142857142857143,0,4
0.59161488335372603,0.80621939282063626,0.0014561711035219892,-0.8037783969770631,0.58968124179859882,0.078843653034635766,0.062706605292748824,-0.047815517468580919,0.99688593025575012,-16.093203256134217,11.433804603434549,-5.2779727037785298,,0.1273334221544508,0.4736842105263158,0,2
-0.29258369448976823,0.94356159000058826,0.15519764042755249,-0.95619038600702744,-0.28703759143374519,-0.05752709632552274,-0.0097328015725020832,-0.16522998208399151,0.98620703992319692,3.7451898104959125,10.800178157817948,-2.7582493112982007,,0.139233512930841,0.2105263157894737,0,2
-0.95684718629160892,-0.27194785412727274,-0.10241009091590259,0.27581364209774684,-0.96087484316026184,-0.025423819825481492,-0.091489326801587931,-0.052572810627873258,0.99441731816379708,10.852351290572553,-7.4034646282922658,-1.4253958819272865,,0.0881201494229065,0.631578947368421,0,5
0.18138435712073253,-0.95491747051857268,-0.23501561541802102,0.98341199241001498,0.17631178780263346,0.042602895042536518,0.00075377454510020653,-0.23884467333447426,0.97105749255318818,5.3548880169866262,8.5514442433497404,-2.4899746198261918,,0.1017895012874724,0.25,0,5
-0.99636398750097577,0.063498819053665459,-0.056804087792564559,-0.050408595400876062,-0.97686859584060937,-0.20781414766590503,-0.068686082439358281,-0.20419511854886652,0.97651757569433839,9.2301798804678672,-13.860922963883207,-1.3796207110035323,,0.393225628489725,0.125,0,5
-0.009181156512757185,-0.98658277928592897,-0.16300345389451437,0.99977849858327827,-0.012144000525835402,0.017189445069421778,-0.018938324520780883,-0.16280952941299637,0.98647574577212227,-1.2981544379750536,-14.563029960555857,-2.4741834029970065,,0.1023573989100134,0.25,0,4
-0.6287940785893642,0.77551357559912137,-0.056539373824057715,-0.77643190324717681,-0.6301460826738462,-0.0083315131141218288,-0.0420892664573458,0.038660167514767321,0.99836560692804865,-15.546948983082192,6.4634194040146147,-5.159844846967105,,0.08296874574991836,0.3793103448275862,0,1
-0.85599666083158577,0.5164476167483919,-0.023485650940089087,-0.51168548634677968,-0.85283902979769,-0.10413237880598378,-0.07380839862260391,-0.077119701818921735,0.99428611168220882,7.5385642263450707,-14.411394356240782,-1.5125066400965936,,0.1494257604271546,0.1428571428571428,0,3
-0.44294016937331571,0.89654320234587892,-0.0037805664833070111,-0.89602345533496752,-0.44282017440849142,-0.032438566959996959,-0.030756687811327801,-0.010980868099992387,0.99946658107745001,-3.8507295504728036,7.9360473681806782,-3.5165385886688489,0.4739663706238624,0.2449654547853134,0.2846153846153846,1,5
-0.93754102067056266,0.34221100411472177,-0.062517703275090708,-0.3386372924292736,-0.93892619445325243,-0.06117504021823271,-0.079634281161878526,-0.036183283879791188,0.9961672305549425,7.2036809632773418,5.4411575425642971,-2.2395989961889455,,0.07505269220884789,0.2045454545454546,0,5
0.44812531556148566,-0.87479740464344746,-0.18415537565330256,0.89356742607336925,0.44450352844017982,0.062879792181951291,0.026850635253829434,-0.19273327173407337,0.98088374915335774,-2.4901028585927039,5.9981596943766791,-3.319626790943969,0.3410268972078545,0.1844827482116985,0.6831955922865014,1,6
0.66278170102403966,-0.73385741460197884,-0.14890840077504244,0.74753829707209951,0.6600360145969294,0.074424148268877457,0.043668194355008585,-0.1606416959220168,0.98604631449697733,-12.218476433369664,17.704703761492926,-4.7282269908889774,0.5235015067991934,0.3902472185214935,0.2857142857142857,1,5
0.24513713364594364,-0.96152262721962078,-0.12402428412423584,0.96947220665816569,0.24385862391251473,0.025624442644510161,0.0056059098456829968,-0.12651959883027233,0.99194826724312046,7.0138088381316823,-9.6970402851990638,-1.7239143978643028,,0.8849800805103387,0.6666666666666666,1,1
0.93142494544347076,-0.34915664308570127,-0.10265091131964554,0.35593715346775201,0.93277381715205354,0.056936357600947084,0.075870374896288936,-0.089569216948197278,0.99308662340622877,-3.532305744469026,5.5439073162304853,-3.4328055912467841,,0.08082594843503113,0.2022471910112359,0,4
-0.95456666005115354,-0.28240937050955683,-0.095118026510124784,0.28532420673376074,-0.95825639081128888,-0.01829717248843327,-0.085980163820121497,-0.044605346290745806,0.99529783206422517,8.9040443012475485,-17.160078987614778,-1.2761315675423728,,0.4863207035561973,0.788235294117647,1,5
0.59192639448372342,-0.75648019327372185,-0.2781382043122681,0.80230247659227494,0.58600272426602784,0.11362897168722656,0.077031678986002688,-0.29041095767437375,0.95379641228893874,-21.813960977957006,11.685461087261384,-6.1194728144041548,,0.6608356748703086,0.5806451612903226,0,2
0.81997949547562143,-0.55024000619314362,-0.15770086424656374,0.57015500797933238,0.80950160188159592,0.14010861296585517,0.050565738159660589,-0.20480012728437832,0.97749681021917889,-1.6893568825964436,13.305387731495983,-3.4274660363407303,,0.4019812730729425,0.86,0,5
-0.1165968413823833,-0.98308248517081231,-0.14125864196583685,0.99279598748228026,-0.11931823895632743,0.010921771442672581,-0.027591734609056184,-0.13896756888836284,0.98991247642330626,1.8698938437507615,-7.6685774551697339,-2.3409890547019256,,0.09489397930502388,0.4387755102040816,0,5
0.99155314547802109,0.10118326747291385,-0.081143737134468999,-0.092081254421620143,0.989767907068833,0.10899785649600324,0.091342226143136265,-0.10060535035517382,0.99072456374268303,2.1115574650100872,10.272024672021551,-2.9353463643673696,,0.1190664839755708,0.3809523809523809,0,5
0.91977471093010121,0.38967395073256056,-0.046569230763752287,-0.3855716038967491,0.91939093431406349,0.077812904904022873,0.07313699065410105,-0.053614569116911273,0.99587974102120924,-5.222379084917157,15.228068376597362,-3.85025606780719,0.583298984192691,0.1972345712902323,0.6764705882352942,1,2
0.82236506136204324,-0.54245367722857241,-0.17163832297072318,0.56608020446690799,0.81039884286572406,0.15101959340628085,0.0571743645500866,-0.22135429416005128,0.97351598266037653,3.4938348958597123,7.5397971185134072,-2.6719355470369992,,0.1704150966802775,0.2765957446808511,0,5
-0.78531583307739072,-0.60707076413243444,-0.12142540777623832,0.61850954420389692,-0.77786434128896742,-0.11123403381954539,-0.026925564927243413,-0.16245662155400845,0.98634824482360495,5.5094381695852794,10.534636346224742,-2.5653891860431721,,0.6327970798409048,0.875,1,4
-0.1899004013669599,-0.9747876394345999,-0.11716183493864003,0.98123206669086571,-0.192504051353419,0.011217018770297571,-0.033488339138280712,-0.11283283306751557,0.99304948664390269,1.5363195627026318,-10.35904725793568,-2.3237079015253865,,0.08107635277306749,0.4745762711864407,0,5
0.012967296614491646,0.98555578042804326,0.16885393949619013,-0.99961101353314152,0.0086072108631062866,0.026528052028070705,0.024691513557451073,-0.16913225471810303,0.98528402482340771,-3.8888069257054663,-11.565097897547773,-2.8556311829845042,0.7893795689002783,0.5696259463317036,0.2413793103448276,1,5
-0.38216001429971741,0.92253287000982565,-0.053729202691593772,-0.92363931839916025,-0.38315292599066092,-0.0091784972588069627,-0.029053966640973952,0.046118749508518402,0.998513358932266,-4.6562009151050825,14.238326874933461,-3.776713979195788,,0.2356135028148832,0.359375,1,5
-0.23062859864231253,-0.93218544168503337,-0.27899955519456077,0.97225255800235078,-0.23231223620571972,-0.027495242624561999,-0.039184345677435013,-0.27759922049526281,0.95989752569441178,13.774826681407943,10.429304582845853,-1.7251720801515542,,0.6006372982148234,0.5,0,5
-0.65734464017126015,-0.73783116605662025,-0.15330751590722377,0.75210778646058485,-0.65508596619531889,-0.072085050040235868,-0.047243005656650905,-0.16268849771717925,0.98554581381438155,0.50396570931045825,-9.2426651641534914,-2.4516062286621922,0.1177030348332941,0.1717750856922969,0.2894736842105263,1,5
-0.19135710307813442,-0.97014720300203572,-0.14898611884626181,0.98129089012996507,-0.19237848881309194,-0.0076619834202986742,-0.021228472613120792,-0.147664896130798,0.98880960270478546,5.5510818544210236,-20.128349635235999,-1.4842151617847466,,0.1349275605376807,0.3125,0,5
-0.97520880244605923,0.21925962148844982,-0.029883273188573249,-0.20661433537688026,-0.95056175522748454,-0.23182507611475481,-0.079235775054524907,-0.21990354222609398,0.97229837193524249,6.1239797139095531,-2.2024128471048452,-2.116132441034265,0.7518000936575571,0.5877544175193196,0.3537117903930131,1,3
-0.093522766293625645,0.96763093369164899,0.23440108435716575,-0.99558500973799924,-0.092782431080895317,-0.014209464018949829,0.0079987855187415441,-0.23469511423492842,0.97203612216032298,-17.711164879808962,12.844072357058829,-5.4824348806788334,,0.2379576395633639,0.2857142857142857,0,1
-0.27433843881458564,-0.95485924597268934,-0.11393963914828996,0.96075886440383984,-0.27720972320979775,0.0098576786005080425,-0.040997871386443924,-0.10676417816109504,0.99343876751582727,-8.3043400581424276,-8.7758429060484762,-3.5870364453336556,,0.07929011472613677,0.2045454545454546,0,3
-0.54436917483750769,-0.81751839645054658,-0.18795178358200798,0.83763996840765309,-0.54177547220796329,-0.069560197238532642,-0.044960925399242374,-0.19530235323406955,0.97971195052856108,-8.7363696343734123,10.980224071415984,-4.240650813683974,,0.1546728999721609,0.2631578947368421,0,3
0.98350242294118695,-0.15883276129103688,-0.08657446511228499,0.16280167414169222,0.98581285789074391,0.040848795746570736,0.078858093848862831,-0.054269357449183514,0.99540757374885169,2.1849765187118209,9.2909091642947566,-2.884184507623317,,0.07179322952022214,0.2083333333333333,0,4
0.17943659286876903,-0.97480791676796708,-0.13248409167196626,0.98376244067915675,0.17831237902909872,0.02039989691085569,0.0037375725595849905,-0.13399336137093262,0.99097518115232452,-7.2049947000059253,-4.7579764029430027,-3.5111291087424492,0.1770865162769606,0.1129334872989297,0.5886075949367089,1,5
-0.89146345284267781,-0.43224370071083162,-0.135861309583028,0.44630705242691132,-0.88940678718307109,-0.098820958640811057,-0.078121233988029282,-0.14873113362202225,0.98578705747828499,-12.083746467750831,11.10573008294226,-4.653779314563697,0.7600342132814178,0.3783111937831242,0.7162162162162162,1,4
-0.69312316553051445,0.71497671643905591,0.091589149766688555,-0.71881199639120186,-0.67611512348906222,-0.1617950976805686,-0.053754918370826424,-0.17797930986324068,0.98256489557257742,-29.842443706849515,-2.5393058637356187,-7.9236275002296788,,0.2294324887020377,0.2631578947368421,0,3
0.99422904735272666,-0.046176094189675242,-0.096831656628791882,0.052300470501227631,0.99672395594197938,0.061692920474892915,0.093665693748780032,-0.06640123475325943,0.99338694064186406,15.148224914895698,5.8502665676337768,-1.4071865480544377,,0.07629994002183609,0.28,0,2
-0.97797005312582475,0.19950234845053938,-0.061427910202048776,-0.19026551106610501,-0.97297546234181209,-0.13083495320246077,-0.085869729752837076,-0.11626505340580977,0.98949928088337613,-7.7238580153163552,2.1743110199992857,-3.8587012357986774,,0.2511917435390521,0.2724935732647815,0,2
-0.61997848741196437,-0.76178953627552304,-0.18789193055449607,0.7817898435520606,-0.6200861615495461,-0.065557553139158078,-0.066568127998434187,-0.18753627562653891,0.97999940288701703,-22.682487529019124,21.75385806865436,-6.1419622134914826,,0.6081941930347037,0.2413793103448276,0,1
-0.80407540500565788,-0.56760135483996443,-0.17689388075573825,0.58919287537764975,-0.80053961169290189,-0.10949011697315919,-0.079463819875497818,-0.19226292438849427,0.97812088682144982,-18.881846656647365,6.5452155113889861,-5.6628739854739525,0.851688573866513,0.5180704541375669,0.559322033898305,1,2
-0.97299563360154706,0.22325175959634525,-0.058635729972945257,-0.21610983560602143,-0.970334936478226,-0.10838196346318615,-0.081092761370315361,-0.092783419245750232,0.99237855738946945,-22.161267430165893,17.38588545526822,-6.2088748820686739,,0.1043074459216717,0.2857142857142857,0,1
0.88291003113939459,0.46432251482831421,-0.069817470141391655,-0.45217948022394461,0.88087100728419498,0.1399999506804612,0.12650531442527352,-0.09203733345571441,0.98768696188242011,1.9881718830568638,7.9804135072266176,-2.8674283170094221,,0.1478109744593926,0.2352941176470588,0,4
0.030140295842180889,-0.96869031111672455,-0.24643588154960372,0.99954422586982217,0.028789569818897798,0.0090830171166638406,-0.0017038476588656772,-0.24659732727308156,0.96911653328427394,-19.72567222402073,18.839917691082498,-5.8115525263472678,,0.4774748780971931,0.2592592592592592,0,3
0.16042862888467138,-0.98065686926981621,-0.11213723640301641,0.98704327184007468,0.15905898196892865,0.021114444587699979,-0.0028695904626719949,-0.1140716661092034,0.99346837918559128,4.3340646831353755,-6.3928037013482939,-2.1431040492852182,,0.06750844562098815,0.1805555555555556,0,4
0.6078895776159855,-0.74023656435871754,-0.28726310276863115,0.79361186629104441,0.57804084091204411,0.18986572076007269,0.02550425666245475,-0.34339279990136468,0.93884552396440424,-0.55671225526492796,15.801833153531005,-3.3755715193913769,,0.421585925798309,0.125,0,2
-0.25041433390601331,0.96803816012087507,-0.013956429493219649,-0.96805279218457607,-0.25055818645378169,-0.0097152840739897824,-0.012901663383227907,0.011077714149742587,0.99985540521175509,-11.950886559077803,16.214685554254903,-4.7273713244139746,0.5422892557835999,0.4105356212422304,0.7241379310344828,1,5
0.77319552607948328,0.63186249122059202,0.054022871445148647,-0.62942412887953592,0.75422264200932532,0.18701195754472655,0.07742056855196032,-0.17860010769588266,0.98087107057763234,8.3504713316215469,-15.468818534711332,-1.38974876049817,,0.7785655952141631,0.5897435897435898,0,1
-0.85075684347200009,-0.50292642355209294,-0.15257065831495795,0.52421282022151305,-0.83280176506310144,-0.17788237468391876,-0.037599367028799721,-0.23131414267373129,0.97215227973715612,-3.883957224959568,11.351248316107345,-3.6534984228650407,1.021756935453132,0.3783044361843508,0.4772727272727273,1,5
-0.9963242143255967,-0.021910126415686512,-0.082813080542458201,0.027037152500508581,-0.99775280211633599,-0.061305287322252863,-0.081283776567942917,-0.063318972113011893,0.99467766408892733,4.5444163587302731,3.5346541755405219,-2.4226586265989432,,0.1179352955025531,0.3142857142857143,0,6
0.7095849045655831,-0.66945719401245551,-0.21980975546509182,0.70277756392637902,0.69495582134888667,0.15211871027260127,0.050921104213851431,-0.26241850498443359,0.96360965613020833,-2.7358460509290383,12.753857307158752,-3.5224266658562668,,0.4557698248857007,0.2631578947368421,0,2
-0.75818239462448955,-0.63087060422117558,-0.16480818308289572,0.64432986335494447,-0.76364806893377313,-0.040995780303823802,-0.099992418064945077,-0.13727311296583136,0.98547329176705589,4.6693498218533174,14.044630148202156,-2.7176702327893976,,0.2560494400313865,0.3235294117647059,0,4
-0.10320697975690657,0.99283342669000108,-0.060250362459055296,-0.99463391921146327,-0.10257695012987195,0.013466107681778011,0.0071893034086069722,0.061316850449478995,0.99809245952840187,5.9649380253675428,4.9070326751686864,-2.3433472965548998,,0.06675144478160981,0.1627906976744186,0,5
-0.73703730904694276,0.6757731122254369,-0.010329853144633397,-0.67375784791570648,-0.73586996051249953,-0.067422278123252258,-0.053163591346320434,-0.042732914813762943,0.99767105327692174,-16.387810441695933,4.4082013657277539,-5.3245958898433408,,0.1513816523675089,0.1739130434782609,0,1
-0.68600844737046862,0.72160583223714514,0.093152740258660841,-0.72637437590865905,-0.6718143338330308,-0.14507159225633393,-0.04210316092250603,-0.16718410133089551,0.98502629411732723,1.7660824320045077,12.096065862720222,-2.9864897761053162,,0.1564038847429093,0.3333333333333333,0,2
0.3604683528667123,0.9305497243244748,-0.064341099937784044,-0.93188198763424035,0.36227847595128576,0.018715421055151636,0.040725025529977588,0.053211995095637975,0.99775245220120834,-5.6270703314205264,11.064099780613608,-3.8685318037680605,,0.07403765802245667,0.4,0,5
-0.8994478206933727,-0.42334437827048838,-0.10850417151757935,0.42865375887335239,-0.90296035673823893,-0.030307575998388393,-0.085144423503177191,-0.073770804156698525,0.99363388408426667,0.45851336026361011,6.1517397819707984,-2.9459241775979721,,0.09027241894996516,0.3902439024390244,0,1
-0.049201244208663258,0.99823387909654682,-0.033292043977226023,-0.99875857801600121,-0.048912745574695431,0.0094258240913762739,0.0077807716696965765,0.033714476774928129,0.99940121755380007,-3.2398563268783658,-4.8747533884610297,-3.0253594188724588,,0.2173652658607895,0.1545454545454545,0,5
-0.98413635100024544,0.17179653414915375,-0.044289880269204544,-0.16503700818392458,-0.97810301461019666,-0.12679620948649914,-0.065103214741064203,-0.11747528959225215,0.99093951771316258,5.7382779023111361,6.4932534035332603,-2.4115237161953975,,0.81725391659653,0.67,0,2
-0.98686788899625955,0.14631849117891232,-0.068430028548834135,-0.13823680501174665,-0.98418121033857064,-0.11080582546351633,-0.083560489516350117,-0.09989116255021499,0.99148343417132045,-20.60061557492493,7.6543832769284226,-5.9978246420248142,,0.7894641725335053,0.5581395348837209,0,1
-0.49921348546490923,-0.84022258632363833,-0.21168821734237295,0.8638679915302826,-0.50157927726572671,-0.046371562697685192,-0.067215988718539704,-0.20601998458694781,0.97623653732657512,-17.745365994420609,18.130037197912948,-5.5188632079861355,0.4955884337461254,0.3466094368167671,0.3333333333333333,1,5
-0.73708165464032127,-0.66071854410657183,-0.14199168942715792,0.67169106327531758,-0.7393876181016058,-0.046228408085364034,-0.074442930549243072,-0.12944866037053451,0.98878779038756071,4.2166596105443306,-3.4226833216984591,-2.2827657758211668,1.309923479007986,0.6129909576764596,0.966542750929368,1,5
-0.45652438109837179,-0.87568781859209666,-0.15734145617784251,0.88945597725583425,-0.453433289217266,-0.057151699480245816,-0.021296806958265906,-0.16603944290145825,0.98588911618617425,-11.510806226723629,9.5788669985514154,-4.5653024500605746,,0.4339055966012705,0.2962962962962963,0,2
-0.99345791624540303,0.10508436050765256,-0.044706216861185755,-0.10266624275671685,-0.99328526548705132,-0.053329391188503293,-0.050010111453190911,-0.048390686531761512,0.99757572655384108,9.6976585299514522,7.5969911123520939,-2.03493179052131,,0.2466338042164921,0.1363636363636364,1,5
0.97024232225861862,-0.20611895388716592,-0.12706224044405945,0.22196565172189145,0.96680280304338628,0.12658431768243666,0.096752703083064814,-0.15102091535913936,0.9837843247227559,3.4703891935350217,-13.821361512892572,-1.9207787218742272,,0.3303895282109243,0.631578947368421,0,5
0.98424545441990452,-0.15622318780257355,-0.082796141495597844,0.16742565003015031,0.97402614806289789,0.15245233550764833,0.056829016934475486,-0.16391271604898966,0.98483657748466369,-1.2966098751535109,-11.157391873616614,-2.5937832991690053,0.6754374224247877,0.2814820972347922,0.3142857142857143,1,5
0.69747068842824367,0.70671958144189095,0.11866790631856028,-0.71296786751019192,0.66766035529546597,0.21425795169538467,0.072190433447940044,-0.23404504518004846,0.96954188055249457,-7.4370098039928969,-10.662133526729628,-3.433291773405839,,0.7377303340070847,0.3432835820895522,0,1
-0.84910358656408258,0.52578447238996184,-0.050732513022934272,-0.52417081593993009,-0.85056780521984265,-0.042182513442993556,-0.065330352829911092,-0.0092248207088188785,0.99782104992929987,-12.06823537768393,-15.014149652593629,-3.9097008445520993,,0.0652009310352069,0.5,0,1
0.26740036528560618,-0.94929162896861452,-0.16535551945804475,0.96356596304547482,0.26452156446997649,0.0396103116701121,0.0061383634115124023,-0.16992276216114027,0.9854382656433418,10.098931269989039,-10.092284359732247,-1.4097101631943747,,0.1845407613885582,0.4285714285714285,0,5
-0.25241873367126938,-0.96009073683722979,-0.12045978553499904,0.96688978472691689,-0.25509582192416741,0.0070898397421588905,-0.037535677461966718,-0.11468172773453782,0.99269289019378615,1.2967694996176609,-15.234217306642178,-2.1025240700868748,,0.1495527756240033,0.3928571428571428,1,5
0.48347446451794479,0.87377695214473738,0.052595437632367702,-0.86338204847171474,0.4660930962631552,0.19320627317095829,0.14430481813117751,-0.13882025614613672,0.97974744498143451,1.1594952623432739,1.4063942350089846,-2.6701599504866831,,0.09652056669118465,0.3801652892561984,0,2
-0.99544457911531348,0.041152862210143318,-0.086003092048199115,-0.041327789786822368,-0.9991456097114626,0.00025374326973891367,-0.085919169579752583,0.0038069050715332947,0.99629483777268624,-12.246925711484868,4.7033601620713688,-4.6307380874055015,,0.06761261529969331,0.2181818181818182,0,3
-0.70238782811687739,-0.69094504746234164,-0.17101543877825168,0.70798385959745969,-0.70299134150477893,-0.067542788799360987,-0.073554017312038159,-0.16851740312671989,0.98295050301665055,4.9655635572112651,-15.625300831917661,-1.735073585138089,,0.3031502058395196,0.4285714285714285,0,5
-0.98536197062507058,0.1683088080288119,-0.027091179114213555,-0.1627479794823915,-0.9760463312858918,-0.14438370530551753,-0.050743295323391981,-0.13786117772336035,0.98915085485301557,-16.585857577698611,6.3975714738481289,-5.277777158537317,,0.1166577275469696,0.3157894736842105,0,3
0.96897743633134914,0.24364019671628043,-0.041499185832725619,-0.23090347872817915,0.95230368023910561,0.19950259174828,0.088126678094389899,-0.18373120352054456,0.97901814766680428,8.763888520020231,9.5213842302586542,-2.1738581199466789,,0.2273640735874919,0.5454545454545454,0,5
0.47739301625649905,-0.86178886278299771,-0.17151053615655637,0.8774111044900218,0.47805596711893933,0.040152783459871416,0.047388413637955838,-0.16965390736780203,0.98436369801395807,1.3029636766618067,8.8020226726382553,-2.9823911601728152,,0.1296130573582473,0.3823529411764706,0,3
-0.29093110118116844,-0.93485006731641651,-0.20350539551570462,0.95648340820302402,-0.28916031162735639,-0.039061541340506017,-0.022328999033514527,-0.20601375152659282,0.97829430642526971,-0.30777611543379974,11.418034570168887,-3.1898248953205175,,0.2021788266995654,0.3,1,5
0.98628094689246826,-0.13844543851558538,-0.089904139788578682,0.15507096199751066,0.96376072494151022,0.21706741304346433,0.056594085751637338,-0.22803097512057993,0.97200770770786293,-4.3967979740398828,6.4823830865123986,-3.5459391076882758,0.5953049991415427,0.4377005179739771,0.6683544303797468,1,5
-0.087983002952354686,-0.98064216469251342,-0.17492837396679745,0.99485844855921368,-0.095348087749330582,0.034138094453266446,-0.050156340793962612,-0.17102539866852454,0.98398915364369344,-6.1134106970581996,-5.3526268033803843,-3.3590910942728396,0.3304227093850159,0.1304842620067842,0.2252252252252252,1,4
-0.047768892813111967,-0.99064697001431168,-0.12781515434749469,0.99862442512569605,-0.050134677692192611,0.015354857051566268,-0.021619214180526494,-0.12690585051196199,0.99167913897795246,-5.9050311230061698,2.1786624781990995,-3.5722713873018992,0.3584859380547045,0.2849271402625782,0.925779317169718,1,5
-0.69592645697347533,-0.70629079598580458,-0.1297677848700716,0.71444962968507286,-0.69920745646801363,-0.025897093705544806,-0.072443723863482912,-0.11073501851388469,0.99120616551125307,-13.260468464284237,7.1195174143740285,-4.833876351787997,0.2320063256455011,0.08024171396794996,0.3225806451612903,1,4
-0.98279963325369202,-0.136870082851867,-0.12398169742559394,0.16231901894091458,-0.96039978764783285,-0.22646144037353533,-0.088076199773079372,-0.24269080803796506,0.96609717664809047,-0.77592768380085464,-7.4750408163999404,-2.6666790054040401,,0.2315883104114877,0.1686746987951807,0,1
0.85904148668809477,-0.48395418952785707,-0.16684144145608246,0.5091954916155722,0.84132987268002057,0.18133945145664407,0.05260870143887058,-0.24073302177859968,0.96916455607820318,-2.1807092745057819,-8.8301700513553243,-2.7746226541153742,0.3126753387884853,0.1751857911078498,0.3,1,6
0.99716982514835595,0.052074239557220327,-0.054227422842462215,-0.033976743338947041,0.95556024282014995,0.29283135633599061,0.067066539538560246,-0.2901601211676646,0.95462515332369557,10.100745154458343,-2.839360066805698,-1.6769765728531747,,0.370927167324109,0.2222222222222222,0,2
-0.46324307008539434,-0.87170501155980673,-0.15980059711832831,0.88435898248381195,-0.46640205641139398,-0.019450241011823702,-0.057576454545704224,-0.15033128282808858,0.98695767755522645,4.1203126618621013,-9.1508533484106991,-2.0980522494925209,,0.2476525394781569,0.3414634146341464,0,5
-0.94427931770739049,-0.31772881549333443,-0.085935847905677223,0.32739073035547234,-0.93358991204122166,-0.14568866054766874,-0.03393935514082775,-0.1657053889892128,0.98559111412012945,2.00739695500326,-13.876955822765494,-2.1081093685420615,,0.2488869840033842,0.28,0,3
0.9875549719216743,-0.12967390556473846,-0.088993570826035123,0.13590508314993371,0.98839028517464844,0.067929761860220358,0.079151663322957769,-0.079179052709437744,0.99371308324145802,-2.2682463212145056,7.4063429035033694,-3.3430143458665791,,0.0692720164466831,0.1111111111111111,0,5
0.075169676025644824,0.98697539400405132,0.14222901053142356,-0.9969126502488862,0.071136814653695229,0.033237349092064314,0.022686726955238021,-0.14428834059435988,0.98927558707803209,-24.297494333177141,10.265856924921362,-6.525418640504018,,0.5620266547381316,0.4666666666666667,0,1
0.35386318465566197,-0.92828008700681464,-0.11435439043593208,0.93507506078288005,0.35378946725683341,0.021625067861597232,0.020383258994716599,-0.11458225396956802,0.99320462636256757,9.4363287787593979,4.8410989334041723,-1.9408370459913233,,0.09934054580762783,0.2571428571428571,1,5
-0.82419670609886686,-0.54968201214906964,-0.13619645801388597,0.56040355079518012,-0.82629666799629542,-0.05640635349296548,-0.081533121563766381,-0.12281490942865886,0.98907474343959367,-13.714464337736256,5.4975513687186419,-4.8741735601174545,0.242401210222112,0.1576307511291525,0.6382978723404256,1,5
-0.98580286238774495,-0.14673995315609747,-0.081609452000831709,0.15484222496328937,-0.98246295979262965,-0.10387693682393925,-0.064935366916247891,-0.1150387707829537,0.99123633879120887,-1.7714016438474223,10.298706608066281,-3.332615825048773,,0.1368916210418698,0.3076923076923077,1,5
0.92540626713287888,0.3789421104351709,-0.0051105469502664659,-0.3689882037256742,0.90400978945084365,0.21590276998765648,0.086434635780410787,-0.19791204489869102,0.97640149335277415,-1.9065627558055986,3.354574532488189,-3.0754692558510719,,0.2022098657533918,0.1296296296296296,0,1
-0.91934526163714592,-0.3578300935914781,-0.16359069052254341,0.38435707561063237,-0.90566470568652324,-0.17900022151323333,-0.084106648568178718,-0.22744024488655934,0.97015308414320456,-6.7202927338511733,5.6058939873714593,-3.7936524217032042,,0.08694501716630178,0.3333333333333333,0,5
-0.92601945294356636,0.36856651151363429,-0.081527292122140313,-0.36808860947442462,-0.92954516824013267,-0.021367165853437776,-0.083658522251372144,0.010222856356898919,0.99644204290195593,0.17766894839476019,7.894595136034579,-3.0691674744295381,0.3227553371283091,0.2017643631700904,0.8583333333333333,1,5
-0.044642527092197716,-0.98212442986083293,-0.18286237733704402,0.99806251255002432,-0.051787845147453937,0.034485361203194835,-0.04333896419105876,-0.18096857010408302,0.98253351638370523,4.8220072633174595,-12.106413611050606,-1.8797591228260244,,0.1401359830857731,0.2941176470588235,0,5
0.6983167898194883,-0.70001429478393473,-0.14944446511783716,0.71483999939604737,0.69276858320791279,0.095265237015195126,0.036843402661332139,-0.17335419584842093,0.98417015117411655,-24.735214160676357,-3.0966413327073243,-6.7603486039695166,,0.2096274509013595,0.6571428571428571,0,5
0.14315415333864481,-0.94888192098682556,-0.2813005304052017,0.98962202654457243,0.1336621702375872,0.052751007812098356,-0.012455238243791295,-0.28593272682875998,0.95816874441225641,7.92425587695642,-12.715485946354017,-1.5263203505185596,,0.1677689565029869,0.2,0,5
-0.98571651013967021,-0.12760448517095863,-0.10990931262783767,0.14357701110173593,-0.97783426233191839,-0.15240012235193429,-0.088026152484140197,-0.16600376734895855,0.98218844714483955,-17.304130277124951,8.9045307180125874,-5.4393628501419888,,0.123445393362639,0.1333333333333333,0,1
-0.73664837025177632,-0.65180332080490633,-0.1802820279259644,0.67311071115363963,-0.73242979822586196,-0.10231598702580458,-0.065354029222712162,-0.19672066911872704,0.97827901398621309,-28.060627408238588,-4.4897157816593181,-7.4402224555157455,,0.4444363243155052,0.1818181818181818,0,4
0.57667905163162703,0.81581026672938328,-0.043530220630941724,-0.81482374943973002,0.57820686426599255,0.041702271696717877,0.059190613767944281,0.011420631095494908,0.99818136649967237,-2.7510784842355833,2.8771386759713393,-3.1402699645325978,,0.08890489433087068,0.5682926829268292,0,4
-0.94523260432511691,-0.3122401692785115,-0.095086278766628243,0.31676861987293847,-0.94779655062670731,-0.036596995558517982,-0.078695394938663135,-0.064713022716010982,0.99479608941049114,-15.456493459151003,8.9893166881530906,-5.1037081078121806,,0.06968800945178544,0.3461538461538461,0,2
0.75670372043079503,-0.64605037803441856,-0.10009190041047315,0.65129494394861809,0.75824258278420664,0.029716689581843338,0.056695462544735349,-0.08767607823301761,0.99453432813177345,10.332909666139274,-13.30142998992169,-1.3012843088051456,,0.0964072884032795,0.5333333333333333,1,3
0.7623510077310226,-0.63943762594712694,-0.099701873275267264,0.64489274848197087,0.76350155283523691,0.034332517728124914,0.054169031437388715,-0.090470444573267458,0.99442486628797211,3.170005957224312,-9.1207686038593341,-2.1908425746896327,,0.101417378369255,0.425531914893617,0,2
-0.91027773848285864,-0.40316472820061616,-0.094088473031804579,0.40569996238405548,-0.91396462541491552,-0.0087294909215827662,-0.082474113175644945,-0.046117951223981324,0.9955255673415897,-7.0446019636851771,11.743676037478629,-4.0262337244101145,,0.1379962334764881,0.4875,1,5
-0.65212182668854723,0.75737481175611687,-0.033474134399233198,-0.75734617994777176,-0.65281282279593267,-0.016192038528925794,-0.034115786300606847,0.014792326071023158,0.99930841095954892,-21.171277862523045,-1.4123202768002994,-6.0553530040358758,0.5959632983534155,0.3446709984561576,0.8571428571428571,1,5
0.31274379328552421,0.93843087365798761,0.14676108178562805,-0.94958864210729943,0.30537020410376614,0.070925659859036011,0.021742367446917637,-0.16154421627260665,0.98662593501624152,3.0803565378435471,15.049240024372416,-2.9229131751950375,,0.4266345963077538,0.3409090909090909,0,2
-0.76212557839896877,-0.63959192281085009,-0.10043293794944894,0.64302809963400409,-0.76583873355717558,-0.0024284284267169767,-0.07536223079977987,-0.066431968649606155,0.99494086643891533,-0.57271654423276686,-13.827492397200364,-2.4261859148750853,,0.09575094953040431,0.3076923076923077,0,4
0.76957532307639964,0.63816364636999356,0.022382639781963982,-0.63320422565667056,0.75812784028755786,0.15586720755649389,0.082499883165926075,-0.13412433870359577,0.98752439516445945,-11.117516249539719,22.801227409998802,-4.657993703272842,,0.2047291764030367,0.125,0,4
0.5667015609713002,-0.80252019491889626,-0.18657619767813435,0.82316273855092259,0.56119763426914537,0.086373150643366994,0.035389923057827295,-0.20253037312475652,0.9786362967455835,14.933407742696058,-14.923853756537111,-0.81037278620143716,,0.3139828398386527,0.3703703703703703,0,5
-0.57394811067166907,0.81163733636812474,0.10875845010699529,-0.81822180104195508,-0.56302745844343727,-0.11624614117630423,-0.033115714639419647,-0.15570778802608931,0.98724790918590544,-16.623273307592964,9.4116718585652261,-5.3309399771986916,,0.3481995816827049,0.3235294117647059,0,3
0.99208225477235046,-0.087436039940016766,-0.090153972100056989,0.092681805668767395,0.99413461451640495,0.055735546272516992,0.084751888850850415,-0.063649879339452251,0.99436703997884346,-16.547254748392479,15.985295769254636,-5.314718223202969,,0.135562430333018,0.1875,0,1
-0.44758462278621541,-0.8888412626405946,-0.098128565019549252,0.89264719562244665,-0.45063830899924967,0.010300417937102464,-0.05337592708987255,-0.082983879698237159,0.99512043799608796,0.15341264636747501,28.757260266549373,-3.4949150215543692,,0.1420944885822086,0.5714285714285714,0,1
0.89504542420328415,-0.43269453840364414,-0.108023724470229,0.44058679949520868,0.89543884127823836,0.063816562433696877,0.069115560645425733,-0.10471254922855407,0.99209793937429658,1.4660715777824176,15.118727597866544,-3.1169179496468153,,0.1278314406188666,0.36,1,5
0.2889619628858015,-0.94963605141444962,-0.12121202027504732,0.95730579711399844,0.28770530526840415,0.028129488661311219,0.0081605647547973777,-0.12416532194774869,0.99222798691051595,-7.1049504908765986,6.6943216568730382,-3.8767843209572139,0.2206652682155955,0.2265105499901102,0.7713498622589532,1,5
-0.17030580150185898,-0.93341226258856325,-0.31581241588023184,0.98349480283254442,-0.18088613898912886,0.0042635106402952195,-0.06110570166673257,-0.30987376909139097,0.94881206803713847,-2.9050936430821843,-13.500299799809952,-2.7018849864360086,,0.2262361610836904,0.1176470588235294,0,3
0.49484280857362312,0.86028003980451229,0.12267374583388151,-0.86671857751051995,0.47842736778363193,0.14108919573718781,0.062685741609312381,-0.17614058836501259,0.98236703473259834,13.218123420869874,4.6765502481543102,-1.5367314065701123,,0.5143383862665931,0.4260869565217391,0,2
0.9066028763141154,-0.4084856089349807,-0.10588074400942743,0.41630655003898953,0.9068148510007954,0.066148941027337843,0.068993340646806109,-0.10404966745464347,0.99217618679797526,-0.01617423470422253,-18.543829149408008,-2.1108263748111353,,0.07725338923239428,0.3548387096774194,0,4
0.91071337760337523,-0.37687162015476688,-0.16902344741536574,0.40736846972999802,0.88713510550866448,0.21689221849566617,0.068206112072845243,-0.26638146800416351,0.96145142351543411,9.1554242301988698,-7.4488248115790157,-1.6011438728876806,,0.4190427851219066,0.25,0,3
-0.99301490964545591,0.072236139120944606,-0.093291636424316593,-0.051747474864840368,-0.97721420673916171,-0.20585089990637304,-0.1060357867275952,-0.19958540615999562,0.97412631500283864,18.123244888253353,-11.690113754653472,-0.59130799888157082,,0.3176080148380414,0.2727272727272727,0,3
0.96525217784925654,0.25984990657034984,-0.027681387476916921,-0.24609033252562723,0.93951700744882305,0.23821700390995151,0.08790780053381389,-0.22312735997584035,0.97081738748104351,11.278984074618636,-12.00153814892604,-1.2307002737911414,,0.6580714581008604,0.391304347826087,0,1
0.48593087310072347,-0.85717287528660924,-0.1706629673961387,0.87355187020719927,0.48256689228282357,0.063532074812664596,0.027898326564023832,-0.17995515092762582,0.98327911959399528,13.889007152751519,-2.7748690121120356,-1.3166579695901319,,0.408583992143357,0.943127962085308,1,4
0.485731583818859,0.84987613780235849,0.2043902612038245,-0.8735955417928134,0.46398359644303611,0.14679935828028903,0.029927543175834716,-0.24985950577460692,0.96781949222648234,2.7308084524598186,-3.2183483355920219,-2.4587739023197286,0.5628183055819381,0.4340142779033667,0.330316742081448,1,4
0.0696059680616542,-0.99144980737177046,-0.11037340564048805,0.99752333607581278,0.068053800528641836,0.017772850581401663,-0.010109559554253284,-0.11133714427848217,0.99373127006728112,12.108227128629848,-4.8502557141589007,-1.394700737890848,,0.1335037722482883,0.3846153846153846,0,1
0.55265433664802344,0.81480336936055819,0.17512467976506363,-0.83113955173286591,0.52334108718725947,0.18793922423738191,0.061483572842059117,-0.24941847513835108,0.96644202854089289,11.589625269044529,-13.623278859704586,-1.1537705912602951,,0.4482225748728728,0.2608695652173913,0,2
-0.93061753345344655,0.36099784428703718,0.06026244974389737,-0.36525233407907343,-0.92652894445556033,-0.090193389646104044,0.023275284720335129,-0.10594655023254437,0.99409938618581317,16.171523278682745,-3.6869078444834926,-1.0314118029693735,,0.3456833365622458,0.5,0,2
0.99094081614482266,0.11412204623266306,-0.070798710877410409,-0.10194029456544487,0.98237258075215628,0.15669170025964482,0.087432689779873188,-0.14805495989671538,0.98510672193820625,-10.344498978733293,-5.1674359531441434,-4.1644365805521968,,0.350247535926235,0.3636363636363636,1,4
0.48886542828985052,0.85972529431328892,0.1479290753736752,-0.8705207061028305,0.46976662947533543,0.14667315390899849,0.056606477272577789,-0.20047875735177617,0.97806133477480706,-21.169927515742575,4.90449177207958,-6.0443910298284607,,0.2463362182852536,0.1666666666666667,0,1
0.97422053630867267,0.22002716878317818,-0.049823605165624334,-0.20545390044056888,0.95654578970799342,0.20690298931061149,0.093182838700041473,-0.19133268719476321,0.97709199228252408,5.6988538575013745,22.737329852559448,-2.8477541492832903,,0.2643745746960037,0.3571428571428572,0,2
0.71657871266888418,-0.63460260890531706,-0.28947275747532841,0.69563700712397569,0.68057061755259696,0.23002780015396873,0.051030411221177928,-0.36620098756644814,0.92913547657806905,9.0625911984297396,-8.8763240473737959,-1.5561470441580374,,0.1198663951543965,0.1304347826086956,0,1
-0.012062995292821456,0.98706070922708111,0.15989259033706563,-0.9999240626271142,-0.012310811659876872,0.00055937068328808031,0.0025205403888166351,-0.15987370082789223,0.98713425969304769,-5.7404235025822574,-16.865265623389543,-2.9294313220402706,,0.3000284315686569,0.2222222222222222,0,4
