axis_00,axis_01,axis_02,axis_10,axis_11,axis_12,axis_20,axis_21,axis_22,location_x,location_y,location_z,dbh,dbh_approximation,score,reconstructed,number_clusters
-0.76756158633760929,-0.62776894671751016,-0.12944249965170776,0.63317710104473657,-0.7740065236854019,-0.00081240693252531521,-0.099679335328229646,-0.08258359903533341,0.99158659696412554,-1.4037556384404104,7.6874299136592086,-2.0611647238458675,0.3796590180669493,0.2724809500736601,0.7798507462686567,1,5
-0.68721599854881199,-0.6580584605125761,-0.30772265741472038,0.71839159398342756,-0.67853823341606656,-0.1532950863092265,-0.10792445984348979,-0.32641220617559857,0.93904599601247929,11.66931401334387,6.0982157813234732,-0.27794182657345168,,0.2679266827686193,0.5,0,1
-0.28434694017377793,-0.94240570684249647,-0.17612013321737097,0.95622906782938299,-0.29201885149354945,0.018733932062901769,-0.06908536351470583,-0.16308425455292383,0.98419039746634274,-4.2536821340738546,-16.484756801776584,0.32965010032245468,0.5806384258271138,0.5766309072694032,0.8551724137931035,1,5
-0.99607060294666638,0.014529807146077951,-0.087362684538437319,-0.015232937149144463,-0.99985668398660787,0.0073870909778486786,-0.087242831059491308,0.0086888544470821328,0.99614918171784006,-24.097500047747598,-3.8506370905618068,-1.7239434523163386,0.2576581441011438,0.1965566642466256,0.6896551724137931,1,5
0.091454150218108182,-0.98992219367587719,-0.10812117681482999,0.99298746271769989,0.082487807879157077,0.084685656617615138,-0.074913532111021516,-0.11510782779303626,0.99052417975909102,-5.1924994824827877,-3.1550328320932071,-1.3734468039299736,0.5422227258546046,0.2817534984942762,0.8423988842398884,1,5
-0.94589947079906855,-0.29993075655963769,-0.12375674693367175,0.31282913139221263,-0.94425479798439138,-0.10257100484956425,-0.08609370298944756,-0.13573657485371804,0.98699719176527811,-2.2360341438605413,8.3617022279468625,-2.1662903349616451,,0.1530642037251415,0.32,0,4
-0.98156674870260685,0.18763832378438244,-0.036312219551813026,-0.18077540382824883,-0.97318785397734098,-0.1422169267060332,-0.062023956759669437,-0.13303105020393904,0.98916923146118418,-16.10498629312616,8.7797759256765673,-2.6704360859766636,,0.3176220700737651,0.2127659574468085,0,4
-0.48327302010133044,0.85868610289762004,0.17060294467750578,-0.87516336119930516,-0.47899701090226632,-0.068197908773129964,0.023157704041483516,-0.18226365583185067,0.98297694810526204,-5.6539722912243136,21.072613331132938,-3.1917017570398132,,0.3455004150981789,0.2,0,2
-0.25015080012092172,-0.96117972876018687,-0.11643928125575145,0.96415631064518281,-0.25828549431753733,0.060755346005226488,-0.088471384311155393,-0.097067669414891256,0.99133782421151928,-1.4632836316377777,-29.192808168418317,2.1562085370534199,,0.09879099960454746,0.3571428571428572,0,1
-0.93572035458122071,-0.32101502877016552,-0.14620796601445685,0.33381822387038956,-0.93980958721568597,-0.07296117590541229,-0.11398601420531064,-0.11707814091952352,0.98655962692805088,26.490208643003058,11.348122003716478,0.97838890621410102,,0.3585400533642578,0.2857142857142857,0,5
-0.69621783689920169,0.70467943269946864,0.1367758045626179,-0.71778433721571033,-0.68125618798251741,-0.14379030420488056,-0.0081467067702083642,-0.19828490478572455,0.98011056912111527,-22.059751241086307,14.53145766441234,-3.2514126242971284,,0.1473954332265837,0.2142857142857143,0,1
-0.76865330218386752,0.63668987886034001,0.061628720566332736,-0.63940670053452353,-0.7620268629973197,-0.10234320388779998,-0.018198141481801475,-0.11807225849991712,0.99283823930151793,-2.4552835956715575,1.4980706874277434,-1.6782939343505898,,0.1376701493343598,0.2522522522522522,0,4
-0.64748323090349624,0.76164946986103788,-0.025603725493986099,-0.76200198335200953,-0.64753150353266142,0.0074785894616798644,-0.010883155166361532,0.024352350874867069,0.99964419667224302,-12.002076316557995,-28.358209840527412,1.4136692528613424,0.5315625488625091,0.3717026593934097,0.9482758620689655,1,5
-0.98983215740491981,0.12437142044498381,-0.069022097502321328,-0.11341830349096878,-0.98295586869873663,-0.1446860346541548,-0.085840483458292482,-0.1353865206259835,0.98706732365752936,-1.2201388361587513,-21.36013287457444,1.1822769424530308,0.2898086039749402,0.1419051696718229,0.375,1,4
0.60875345985913276,0.78105534212615124,0.13918253355122301,-0.78591251174823584,0.56970615567623717,0.2403672607951903,0.10844698698956684,-0.2557096961806592,0.96065175911569578,5.7711672386582205,10.032036165211016,-1.4295822369807336,,0.1069821505541716,0.75,0,5
-0.4885259132042935,0.87230853632525585,-0.020499989804902977,-0.8723296367535418,-0.48774080988743573,0.033910281800392773,0.019581546653550028,0.034448800043514055,0.99921461318688531,-12.57520926288478,25.832874018866054,-3.721354107238926,0.2686387625918748,0.2451392867522612,0.3888888888888889,1,5
-0.36380764788043279,0.93115780508006218,-0.024272152401203208,-0.9308295576232346,-0.36246325064871354,0.046655402517827717,0.034645778944046177,0.03956682913310141,0.99861611044170095,-12.658331502195841,-0.17551494826076894,-1.7961970141939116,,0.6041681146602225,0.4591977869986169,0,1
-0.80723798436119687,0.58886300968065175,0.04008980461807473,-0.58967925153242451,-0.80170442073146841,-0.097715925476756588,-0.025401120381401826,-0.10252013270311346,0.99440655944834966,-14.90745444091449,10.544018941217585,-2.7570926962201394,,0.3345038660589794,0.2439024390243902,0,2
-0.66755947778164804,-0.73634141531920161,-0.11029806756969682,0.73690613757470624,-0.67459202923231676,0.043530891341141298,-0.10645979536248723,-0.052219863863677246,0.99294481104915266,-15.197505060264502,-15.272807277054843,-0.31212102872992181,0.2047619911152606,0.1938894084649653,0.7446808510638298,1,3
0.76288035661514064,-0.63764232211031935,-0.10689167668492511,0.64623911378360965,0.75707286303786459,0.095998374297819808,0.019712161396696602,-0.1423128564305047,0.98962542488946792,12.465644242492846,-4.3146547431072042,0.82734296549763298,0.6532770144659461,0.5226423565652295,0.9380530973451328,1,5
0.23471079822391067,-0.94490676960235376,-0.22817107169126269,0.97104088674698874,0.21713961701151574,0.099649299996107707,-0.044614319032310071,-0.24495220652963479,0.96850812028270916,14.083226963243197,12.891788382963705,-0.60510210466090386,0.2243412416514317,0.2515176950801019,0.8285714285714286,1,5
-0.90552692667277812,0.42294977432123737,-0.033681945789512835,-0.42301756377026334,-0.90610516140207376,-0.0054384944969536903,-0.032819594946076253,0.0093233514433684658,0.99941780517731382,19.253449215791601,14.719971080117123,-0.19402479899618463,0.4003798193439275,0.3743025639780544,0.4166666666666667,1,5
-0.36215299352613634,-0.90646539891304989,-0.2171766328440119,0.92457558946039975,-0.37891714126868553,0.039771590698891794,-0.11834351969588941,-0.18639281269987726,0.97532175753431027,-11.56293347168625,-17.528265506362867,0.10298751337509984,,0.1104283301773492,0.3846153846153846,0,2
-0.91499635930353695,-0.37454800158924234,-0.14998485579143617,0.38306645090726049,-0.92318270771386945,-0.031524313908531387,-0.12665605650969983,-0.08629879885371082,0.98818559019336971,-21.564588003185765,-1.6908651887805,-1.9037914078981391,,0.2645864290307305,0.3768115942028986,0,3
-0.82066051051466871,0.57141361378101851,0.0016758482984972566,-0.56854004934993974,-0.81623261278419645,-0.10259889917855365,-0.05725852571425933,-0.085151651852445512,0.99472139688448857,0.12017683890290627,-22.963239055061486,1.4348827173208751,,0.3437785030487195,0.1904761904761905,0,3
0.9325492691425834,-0.33009777136625579,-0.14624404931710913,0.35705880820992481,0.90322032719651502,0.23812191839208918,0.053487083500056529,-0.27427814692033303,0.96016177283862236,5.3119535268949525,5.6425559268059358,-1.0427676416955751,0.257506254606286,0.1531188814295907,0.5076923076923077,1,5
0.99671231987462172,0.020847710231741461,-0.078293833654025966,-0.0087517539516420335,0.98837753736077194,0.1517670927554014,0.08054786286997849,-0.15058292273279206,0.9853105222052233,22.176734658386593,2.7525546826029355,1.3201574458909537,0.4095462654392713,0.4618259107481437,0.7540983606557377,1,5
0.0782223897880054,-0.98205191296815808,-0.17162545840123458,0.99307000458256056,0.061609624749849837,0.10008106782291572,-0.087711024017769326,-0.17826467505864205,0.98006554979347704,-7.374507679661809,-22.24332882699996,0.92932596575534998,0.2491268647035949,0.1634398371430694,0.5263157894736842,1,4
0.43468260949960597,0.8913127362383888,0.12889001209499532,-0.89362351206807089,0.40912393256518631,0.18453895654176075,0.11174993368113498,-0.19539502046273283,0.97433707632452771,-8.648513770346014,25.83417946091576,-3.6538454808520062,,0.3210421177345621,0.28125,0,3
-0.44883447674213356,-0.87991271324052123,-0.15588851646390961,0.88801795961729446,-0.45867810685939636,0.032225730170410742,-0.099858479283188972,-0.12396778357937858,0.98724884033847515,-11.975216523726335,-19.970263538035798,0.32973994821927227,0.6146291547834003,0.219682979248036,0.9264705882352942,1,5
0.89571145965714227,-0.43616440823048658,-0.086380495667840229,0.44243816809976894,0.89359465062023002,0.075743433982296077,0.044152558786472854,-0.10606229007455599,0.99337875061667613,-15.372226125086511,21.548723091151469,-3.5882614046201171,,0.09830821521855733,0.1666666666666667,0,1
0.99056169705689501,0.12849013425520933,-0.047726404880759375,-0.10312119940191126,0.92798540635817806,0.35806298862093805,0.090296968707012246,-0.34976187754717503,0.93247685572189887,2.7100797001591737,10.055028766633743,-1.8309584701360704,,0.2411131639258588,0.4337349397590362,0,1
0.97166520269972156,0.22560567361396669,-0.070489814127270831,-0.2146903354794292,0.96716066342780882,0.13604525338875523,0.098867556428987063,-0.11705695686745343,0.98819171982702414,-10.801201032539046,0.48874683045423706,-1.8042333611124606,0.3800628608784525,0.382651727960514,0.8827397260273973,1,5
0.56342667191026519,-0.80934871458271329,-0.16584644579680588,0.82612359378499289,0.54989350356301669,0.12303228247479978,-0.0083781365404769232,-0.20632933127042533,0.97844673533392124,-3.2893905482058154,-28.861845990022875,1.9737772859966221,0.4111967250608752,0.252252603284883,0.8888888888888888,1,5
-0.86270729371845944,-0.49343977222691165,-0.1106946997359185,0.49412009654160399,-0.86908588001316134,0.023131436519695882,-0.10761717130034334,-0.034740816720428745,0.99358523544530886,8.6796427627670401,-10.303118054356434,0.88412070643502882,,0.1196519621136219,0.4,0,5
0.28152646848655516,-0.95187649689384479,-0.12113621342352913,0.95859240198490103,0.27334564285156915,0.07989221733610849,-0.042935467836117187,-0.13861202759921135,0.98941561105863329,-10.524259048714608,-8.4904323571244529,-0.90807631879878303,,0.110675548553911,0.5616438356164384,0,4
0.0062546004501353326,0.99980208953401217,-0.018885490108361134,-0.9979926800521981,0.007431259922642844,0.062891867027410092,0.063019763054461553,0.018454217387523113,0.99784164641749329,-4.45148307163912,-10.012919609871116,-0.4401263074786515,,0.2293690186628337,0.1612903225806452,0,5
0.9293469097196827,-0.35389469634628068,-0.10522768310881774,0.36853159920343009,0.90641099237768141,0.20640633053632057,0.022333423003166462,-0.23060281176707317,0.97279163309625616,-12.482103627589797,-13.158169203930841,-0.40158043153143042,,0.3431524226214007,0.3103448275862069,0,2
0.48890425245734209,0.86859413789399109,0.080727043457086103,-0.86351244427306573,0.46875155208188041,0.18605977804561677,0.12376950559278924,-0.16067422331233758,0.97921647425290681,-13.57439239361347,27.364738379615449,-3.9099816232455069,,0.3257556224082919,0.75,0,5
-0.89921163411061034,0.43273083900386661,-0.064517114435925907,-0.43463996925950271,-0.90041325411476825,0.018549095302860828,-0.050065299382177228,0.044721278933701494,0.99774419216967114,-3.9831003621562209,18.179757508693662,-2.9659339896215697,0.3660775257816057,0.3657597500041149,0.5490196078431373,1,5
0.53878076414880205,0.84124082416966794,-0.045046242169247352,-0.83616825899861347,0.54051640371611998,0.093084155241477548,0.10265442429072488,-0.01248571440205952,0.99463871637364365,7.1763264375164342,-23.4206751824447,2.4140623908180454,0.4666578301178447,0.2166093038807063,0.3684210526315789,1,5
0.043980174553920108,0.98315738848965473,0.1773902300139707,-0.99608655905464805,0.029527955460701052,0.083304662036300423,0.076663623165606348,-0.18035977740204043,0.98060850474519567,12.755269858512611,18.054614514035421,-1.2937154578661814,0.4845996439896773,0.3090263397235399,0.4545454545454545,1,5
0.36027828708080561,-0.91182388029202499,-0.19691817383704127,0.93214097268379359,0.34369495835750324,0.11396044332901117,-0.036232070079300856,-0.22461297141712139,0.97377422956706938,-14.97110394546821,-16.729167502818576,-0.12931808310741849,,0.1475053260318446,0.25,0,3
-0.95760091989596308,0.27941582376904928,-0.070194555642645762,-0.28255746046190128,-0.95843521773118878,0.039537513198096036,-0.056229527400877534,0.057695154389533113,0.99674947173712702,7.8785753538491097,-3.7170944534100991,0.11045215654731647,0.4004496503330548,0.3431206262962267,0.8486486486486486,1,5
0.99751628464487696,-0.0036726264646478645,-0.070340412872916064,0.013940131172797332,0.98918024524480652,0.14604148438135517,0.069042991035776616,-0.14665931348630934,0.98677459997537331,-2.2063399064923854,-7.5024748612882508,-0.73675282225121608,,0.3039674647262249,0.4054054054054054,0,5
0.47462905027964308,0.87995995816765216,0.01994333603557305,-0.87439025008339166,0.46878686266378561,0.12522207454338102,0.10084123754569427,-0.076872292898213471,0.99192827129527039,-9.0990014400094896,-3.3714801065152074,-1.4583115336332007,,0.08646818808516595,0.2288135593220339,0,4
0.94696489263816952,-0.29584666807656296,-0.12542823086839652,0.31534658278651007,0.93061079235428856,0.18579581771017731,0.061757791699918727,-0.21549548055984527,0.97454998487641986,-7.6194707476282266,-23.567541763793781,1.0302216595980223,0.2882720065527809,0.2594984153092956,0.6444444444444445,1,4
-0.48361447112446865,-0.86717365926371792,-0.11885658584265515,0.8686630972154038,-0.49217919060486276,0.056427545327457806,-0.10743121918297634,-0.075957152492138913,0.99130673564247695,-10.907497070813291,11.025635142051,-2.6959301483715485,,0.07857566630833797,0.2777777777777778,0,5
0.83527321686907374,0.54813939742196893,-0.043149208278618435,-0.5233371349569037,0.81663585656141513,0.24336006441753075,0.16863242972895318,-0.18069056082730484,0.96897576072450076,-11.268856912585418,13.391875650222923,-2.8179945435901486,,0.2975091585602697,0.5333333333333333,0,4
-0.15177188193942459,-0.98090094430658448,-0.12164963341916694,0.98570743405131134,-0.15930975734938929,0.054783717190963262,-0.073117373506890293,-0.11159632015317994,0.99106009455518085,-8.8848181921808411,21.391329744800569,-3.3137114446915885,0.2533244912379017,0.1830309065757594,0.5238095238095238,1,5
-0.92393693998238258,-0.3746265280091593,-0.077430584705224764,0.3806520330377649,-0.92044569595740655,-0.088790486752245018,-0.038007376655152747,-0.11151092011676227,0.99303612925940665,6.1391819293547929,8.3070901452346995,-1.1566913755809412,,0.4980590683270222,0.3181818181818182,0,3
-0.39512148953934795,0.91754999404617399,0.044508616357658667,-0.91789868664424601,-0.3962751744336625,0.020687851129067836,0.036619797391236462,-0.0326801859455619,0.99879477165511243,-16.189841845485216,27.015334778063828,-4.0362320451837146,,0.3197894635517007,0.1111111111111111,0,4
-0.091664788959699553,-0.96989797244608844,-0.22560028703425636,0.98987846984129635,-0.11340066151122905,0.085328218740742992,-0.10834288813589081,-0.21549527376204977,0.97047596857242757,-10.103558782524555,9.3086045324508326,-2.5562397655203042,,0.1150992495028203,0.2758620689655172,0,5
-0.7376085619496171,-0.65409523926234359,-0.16760974707025936,0.66231816300237145,-0.74916948528366589,0.0089293491908180068,-0.13140875273657671,-0.10442461536508102,0.98581298399345119,-5.0478670140189177,19.757772777077157,-3.0979012379775619,0.3532911829269013,0.3945882493040773,0.569620253164557,1,5
0.7974818257217523,-0.59404755623930228,-0.10549994582752764,0.60311497453819751,0.78970533601018889,0.11232902458768729,0.016585087617724339,-0.15320895275128313,0.98805462989936188,-15.3902712974614,2.9727263652219205,-2.0512437810119541,0.3673553992566597,0.2898789381784995,0.7702702702702703,1,5
0.65119454698574464,-0.71733156954409349,-0.24775205611949816,0.75889684382701128,0.61748810673199361,0.20684298023848866,0.0046089484085345333,-0.32271327425432345,0.94648555203691398,-4.4585254683393414,-28.161291880623846,1.8535191005490597,0.4323349724102182,0.2629192343044058,0.625,1,5
-0.28518042918684061,-0.93143988498456809,-0.22603509344511824,0.95026975414054193,-0.30555432138096333,0.060199261217164825,-0.12513799253017771,-0.19762666152458522,0.97225726301229731,-1.4808438023618455,-32.444636194383705,2.6505838845940501,,0.5662581330766121,0.35,0,2
-0.98817871254222145,0.14371483442155478,-0.05337488590699184,-0.13156174861395575,-0.97369919978122799,-0.18601444741480555,-0.078704119206288004,-0.17679342383862104,0.9810961965614694,-9.6123756170767773,-6.9997325713906617,-1.0423539622221372,,0.1720637834040312,0.2783505154639175,0,4
0.78608109049127073,0.61810627183488187,-0.004599553286790607,-0.60819757614102765,0.77476496719423193,0.17272797684422603,0.11032781856011477,-0.13298075923570263,0.98495882661401768,-14.977976668185526,-9.35846169898144,-0.94265702305328969,,0.07189052643847224,0.1935483870967742,0,2
-0.32738316540576257,-0.90901217763817133,-0.2579091388733889,0.94127698436392948,-0.33759908110620157,-0.0049496608969967198,-0.082570586261998299,-0.24438437213078529,0.96615649712797147,-8.341938232344102,-19.126450071133117,0.41819468232600071,,0.1628439216595676,0.2941176470588235,0,5
0.33614276695426093,0.94134841715476358,-0.02951605909593218,-0.92859438174001208,0.33649469714257452,0.1564729784845027,0.157227587990206,-0.025188813293766498,0.98724110999270764,-19.650643473834311,10.176781013208473,-2.8516429893512849,,0.2155630301980831,0.25,0,2
0.8960720799335995,0.44390834498656045,-0.00045696254248536966,-0.43275708598221579,0.87379054134563161,0.22183641357335496,0.098874324754475093,-0.19858366273739736,0.9750837896294583,-20.832767137935061,-22.299860572362459,0.13806604920377158,,0.2880993478023529,0.2692307692307692,0,2
-0.40823293379469427,-0.90120312413722226,-0.14552938126264256,0.90589239357143103,-0.41961207108827397,0.057312137165119313,-0.112715762139999,-0.10843725763002399,0.98769252205475311,-6.5633223080293819,-20.592114821314937,0.70411974205414318,0.2600452604652355,0.2380176623797807,0.8933333333333333,1,5
-0.76410979538856061,-0.61959599114752106,-0.17954673025475626,0.62724110892148,-0.77862710920206224,0.017561779368641003,-0.15068115963917039,-0.099199962548187789,0.98359267766704828,-22.148439101360974,3.2359231905092551,-2.326203486382433,,0.7481772985375006,0.7125,0,3
-0.7946524506477004,-0.58989679858245958,-0.14335009487882611,0.60107061876170653,-0.79765657876199592,-0.049579165171732512,-0.085097555435055955,-0.12556173533314971,0.98842938881798958,4.6277607991935161,-14.439231475260506,0.81501428210295623,0.6253910008518656,0.2320499780499138,0.32,1,4
-0.11963967770906583,0.98387887922942185,0.13292365675050694,-0.98029076300568085,-0.13826758604827213,0.14111022150830288,0.15721439973300627,-0.11342145147475154,0.98102966665741032,-30.841154909117659,-1.8582580087723921,-2.2430644900033987,,0.1084930230710578,0.125,0,2
-0.98600981770580465,-0.12376049902180679,-0.11166010151186083,0.13587964017680088,-0.98477925314713066,-0.10838148345728731,-0.096547204895785513,-0.12203754116194127,0.98781854395124524,-0.58873255372326749,-30.987625196144073,2.5167660646952905,,0.3454534129881588,0.2380952380952381,0,3
-0.45729190460117131,0.88695565415741773,-0.064759412786256229,-0.88900050649002016,-0.45397421482991462,0.059879142696352743,0.023711040608141887,0.084953397976478481,0.99610275911952451,9.9169659400828749,-8.5458871255520741,0.87350962985410541,,0.07857646857491142,0.125,0,5
-0.27808309230321487,0.95797494318172816,-0.070383250926948845,-0.95965360783310061,-0.27389756365217888,0.063600924508325246,0.041650291091357004,0.085229882443687274,0.99549039191276967,-13.70199354607341,6.9639502522725003,-2.4071227378831979,,0.07559810244819172,0.4166666666666667,0,3
0.51213370623938248,0.85815821166749862,-0.035826675552643177,-0.85280148516205689,0.51301557990824631,0.097696682015282893,0.10221885265890723,-0.019480721728064008,0.99457116771101384,0.26038206993340002,-4.1335166844867999,-0.92236241838605304,0.2950256056293811,0.2618267194239607,0.8531073446327684,1,5
0.90442757016280773,-0.38228157496565179,-0.18939790857129182,0.42203087183034438,0.86667652359377267,0.2660108017985951,0.06245569270705565,-0.32051926758494981,0.94518076871849654,-1.8328208419151291,5.4246456010652313,-1.9309272380899776,,0.1983589838825164,0.3043478260869565,0,6
-0.97384047695783316,-0.20884807211543682,-0.089538864255727629,0.21034277028303663,-0.97759900810426192,-0.0074898827241162745,-0.085968857315879055,-0.026127803719958171,0.99595516638279113,-9.7022405285018891,-12.869506966917847,-0.34603063162562586,0.6502205218559698,0.3155011870220186,0.6190476190476191,1,8
0.94942592764768396,-0.30168572702746016,-0.087040967470777608,0.30943920528299101,0.94602386709426589,0.096365040973593608,0.053270875196181615,-0.11842535622038115,0.99153297920942074,-5.5654579448912322,8.409073529341935,-2.3115392588836046,,0.07278327545894223,0.3207547169811321,0,5
-0.86879392850497938,-0.47922309316466405,-0.12466890859622906,0.4825010210416294,-0.87588429602665274,0.0044118780217076523,-0.11130981307444721,-0.056319862851261969,0.99218859021949302,-15.882432288879455,-7.7320388585149233,-1.1369204539303124,0.4486363044700972,0.3338147289572872,0.9432314410480349,1,5
-0.61599017322505867,0.78501667288250976,0.06561196374624835,-0.7877359914883183,-0.61327530672850628,-0.058012118311388243,-0.0053022829121325095,-0.087419800122931074,0.99615744957430707,1.6935577070020325,-14.855132816993638,0.50289564684021437,,0.2831851798296774,0.1666666666666667,0,5
0.044737909517197201,-0.94110531990203072,-0.33514071120072569,0.99697998426365997,0.020743457008658213,0.074837289962708456,-0.063477794776312352,-0.33747664488587503,0.93919118592910023,6.208975847909028,24.825096779961267,-2.6899973782285911,,0.3254899419312313,0.1578947368421053,0,5
-0.86676015067650414,-0.47290328644302559,-0.15839609487178211,0.48399609713476854,-0.87422682931032047,-0.038408708287790548,-0.120310511417567,-0.10995422950214624,0.98662832325908523,-28.472295725239178,-4.2237641893299545,-1.8990072314420001,,0.1639105573516763,0.6944444444444444,0,5
0.69740943947108192,0.71521906276215375,-0.04562637393282086,-0.7086677826191633,0.69770943701912891,0.10484042813766253,0.1068178244220946,-0.040782762977470528,0.9934418546798065,-7.4593401206211762,4.3852465443658106,-2.0030296177382718,0.2722589105169984,0.2385397878800148,0.7461832061068703,1,5
-0.85302922204506471,-0.47603230152107029,-0.21385601288190362,0.51278187765563776,-0.84069059750881459,-0.17405190377652002,-0.09693241091167952,-0.25813284790747804,0.96123438377225368,-34.974899158582744,-4.2043225742539851,-2.2477215062943889,,0.6045915671164215,0.12,0,2
0.82923004442501691,0.55714847911167809,-0.044306948060411036,-0.53998669044998726,0.81908882256405713,0.19366949911510414,0.14419399280050965,-0.13667140510790773,0.98006582404758713,-15.552247063894352,10.170916064584285,-2.7618474743139916,0.5581701188266567,0.4366083212536591,0.4,1,2
-0.82423821142185161,0.56611607016359766,0.011998580525692778,-0.56554975265823693,-0.82199558587817334,-0.066908400556325423,-0.028015140554955523,-0.061934254652198074,0.99768697495775827,-3.2830453893181843,4.3083200100859074,-1.9288522091543634,,0.1330275913812617,0.32,0,4
-0.35470049086929456,0.91920807146715222,0.17100901475279198,-0.93429278153820716,-0.35547203588532078,-0.027140929776725605,0.035840760911028433,-0.16939938917594796,0.98489557152224738,-14.249831642986804,-4.6319858300703558,-1.4641378656893931,,0.6510861198082601,0.3412698412698413,0,3
0.80635578475587044,-0.53063028178129523,-0.26119313246608711,0.59071451630300731,0.7443124194300379,0.31153712862371047,0.02909825801740858,-0.40550034073833463,0.9136316353112155,-13.516708624541913,-7.9574167106877178,-1.0535421639320472,,0.440959260908241,0.3023255813953488,0,2
-0.57140533544074834,-0.7984254306276779,-0.18977032001041205,0.81379891312341834,-0.58112136724758467,-0.005411610429645615,-0.10595882043978314,-0.15752710324038272,0.98181359743879326,-16.516730642421351,-5.386716183992089,-1.4508166975238557,0.3082608839679348,0.3137500285090272,0.4774774774774775,1,5
0.015019562382937392,0.99154234994347701,0.12891152397824338,-0.99629889184315701,0.0039279886195655554,0.085866693295493388,0.084634099852971864,-0.12972408864190466,0.98793154113435666,-15.286227413823761,15.436092475485898,-3.1070610650090247,,0.4959820273409925,0.16,0,4
-0.27146938699114276,-0.91668971573615998,-0.29323085954621503,0.95593321222803052,-0.2921999393157389,0.028476116716952788,-0.11178580270343907,-0.2725787235413602,0.95561748298496019,5.6941170098022242,20.746750038638137,-2.6746786636547948,,0.5588094377653499,0.3,0,2
0.31240667401957156,0.94140898122914385,0.12708737187121827,-0.94635970507979794,0.29681078814297296,0.12769755143785569,0.082494718796452565,-0.1601639350885565,0.98363719697235996,-8.3696353388238887,-0.21265909767032609,-1.7186725239024254,,0.2690994024732021,0.2158469945355191,0,3
-0.20560634499511563,-0.94847723307168563,-0.24107461343415895,0.97373321931451973,-0.22289630972929,0.046484972974565615,-0.097824580250217189,-0.22518475404374977,0.9693926851617588,-22.826044833066355,0.39670763286150401,-2.08140448995636,,0.1303775311700926,0.4090909090909091,0,3
0.99355624171974199,-0.034747633237047333,-0.10788232720962998,0.064203262250567619,0.95694904964948946,0.28306617157711395,0.093402010985453948,-0.28816855893619431,0.95301361269633011,34.5507039266788,2.3516469484566231,2.6502587177724504,,0.5833032692048217,0.5600000000000001,0,5
0.88748331199087471,0.45730841775849734,-0.056941917643575264,-0.44802890706153448,0.88513193345307262,0.12574402100645857,0.10790490894743816,-0.08608409509802302,0.99042721044819837,-0.33808865772906155,2.3221328970174433,-1.5027773294096538,0.5095778814991727,0.3825259540414646,0.8938967136150234,1,5
-0.99599674523495496,-0.028467051427501985,-0.08473553247840751,0.034524676874513736,-0.9968854956015436,-0.070903845777039523,-0.08245319986565533,-0.073545466497179496,0.99387752474317759,23.102808008446708,-4.0240026495488452,2.2076683389870495,0.2301711763798495,0.1796180445480252,0.4210526315789473,1,5
0.88724940416406639,0.45556355096467804,-0.072459270234813272,-0.44847867276321679,0.88866228124680391,0.09563592403364507,0.10796006153690335,-0.052356479271231195,0.99277561623524402,1.2322133555604482,-8.4139882261991783,-0.40549255943820078,0.2676357848663232,0.2346641526165054,0.6770833333333334,1,5
0.17104152053601693,0.98026125884335702,0.099159783498977458,-0.97682527659595864,0.15557170416263841,0.14700280224254672,0.12867469547644569,-0.12200536576220475,0.98415319613832197,-8.8927746535799503,3.9124763651109822,-2.0086918876115245,,0.3832992946277056,0.2081447963800905,0,2
0.18023659138262987,-0.97154093516650297,-0.15369769816938944,0.98219950066322237,0.1693606111898302,0.081247303181858355,-0.052904744812621182,-0.16560553937959011,0.98477200066975268,-13.219358602986373,-9.5613751649046996,-0.88484665348080205,,0.07031257488633863,0.2619047619047619,0,2
-0.60949165421800744,-0.77340924945170775,-0.17423563441828283,0.78912049658355354,-0.61296409963294884,-0.03954559941248089,-0.076215256414453647,-0.16159562315766163,0.98390959405118317,-10.789476202165915,-16.689618124670314,0.088015627224240681,,0.141620587807783,0.1538461538461539,0,3
-0.74370160383091921,0.66632419431382306,-0.054036955237630767,-0.66832789338341325,-0.74295968550405767,0.036725095526101502,-0.015676459581419201,0.06342691690242494,0.9978633547872402,-25.05983143660572,-0.86223770099878283,-2.0619544948904416,0.3553986856530149,0.1839778918995301,0.4782608695652174,1,5
-0.98694362503907695,0.14009118693448233,-0.079477923588968769,-0.14358227133478854,-0.98882848942908386,0.040029362369886717,-0.072982274238812178,0.050918344795215682,0.99603258471309386,-6.403768688395866,1.2321791932057438,-1.8565410548576817,0.5605197429197939,0.4477588004115033,0.9748761500353857,1,5
-0.98696721803138598,0.14057159555791299,-0.078328392385463116,-0.14261350350366947,-0.98955380619640021,0.021086802996847426,-0.074545953275797841,0.031982669752875378,0.99670457492964415,11.905455920730704,3.2015137347784779,-0.0050118760565746739,0.1393310930246954,0.1307287288275853,0.5555555555555556,1,5
0.077917955192258359,-0.99012719666168769,-0.11652006990010767,0.99497706276340758,0.069862673564747416,0.071692757075511093,-0.062844544976950314,-0.12152094993561513,0.9905974065650418,-12.409751626042144,-15.665285329967009,-0.14773155503744637,,0.08797302565398619,0.3214285714285715,0,3
0.59474237880150393,0.79956769197930355,0.083504543591461033,-0.79675527973213578,0.57242267406830893,0.19368352132138697,0.10706319197788766,-0.18172448419345227,0.97750380294305228,11.770166265513653,4.2077740401958161,-0.12430351572866574,,0.4167437345471993,0.4883720930232558,0,2
-0.99096432297551995,-0.082843741407052876,-0.10548281897707694,0.093872995614508181,-0.99010696964729294,-0.10428829920088278,-0.09579964135646829,-0.11324797201511239,0.98893747302366708,21.403062491211283,1.9967490891347879,1.3030710413219815,,0.1420682632785246,0.2857142857142857,0,5
0.39213541060261048,0.91932112450969461,-0.032840368173218615,-0.91486785267351134,0.3934702715406444,0.090542573181293981,0.09615940877563954,-0.0054603519998236054,0.99535096958809322,1.8345676547432173,-7.7655609263872467,-0.40446913609221369,0.1968602872017862,0.1123669971591674,0.64,1,5
-0.75481772372231826,-0.62922946526765589,-0.18525788510516231,0.64688384407714394,-0.76085189889842186,-0.051436176127721778,-0.10858865606790906,-0.15866527024413654,0.98134287371525752,-14.327730326289155,16.40797827036015,-3.1509880645017634,,0.06907489471595422,0.2142857142857143,0,1
0.99570086002038338,-0.010197223380994535,-0.092064184078208766,0.046214874413839688,0.91606318400822584,0.39836218230101039,0.080274421440339458,-0.40090430222189993,0.91259616354792394,-15.611806209185159,-12.450316887441577,-0.62423087381014863,,0.752312803567077,0.509090909090909,0,1
0.40940716951764294,-0.89177739195126149,-0.19266253593305688,0.91165237494568718,0.39160084746214896,0.12465441637909613,-0.035717177988165177,-0.2266756702240697,0.97331517183542793,-1.2737992926901156,11.712957859493564,-2.4024445760686577,0.2477288625213427,0.2150649565435196,0.421875,1,5
-0.4951547612813203,0.86871402097748196,-0.012558349317265268,-0.86702587509447027,-0.49316475902722007,0.071096078445242475,0.055568824867068253,0.046091975557135977,0.99739041277331997,-9.9059143522459561,-3.6542311845963709,-1.4511559798147318,,0.219360633286194,0.3941368078175896,0,5
0.14735565344644094,-0.92257555075723374,-0.35656789611848039,0.98738331070621688,0.1160818867515991,0.10769955109943237,-0.057969898535384264,-0.36793932748916081,0.92804102395886634,1.703909445983719,9.893114906948858,-1.9006766179714256,0.7632447513859603,0.2825869395024624,0.3032786885245902,1,3
0.18313543017874284,-0.95413860009822127,-0.23681415923853336,0.98071478064200657,0.16058679194492839,0.11140198060688558,-0.068263703705171486,-0.25264879587174538,0.96514695912125703,-7.3929762871985556,7.142116579623873,-2.2636910541008173,0.7512278317327614,0.4158412930211159,0.5425531914893617,1,6
-0.53621125688885773,0.84127195116591613,-0.068840338226675679,-0.84401874390053078,-0.53337112720626412,0.056103481240368042,0.010480836333062312,0.088185853991504734,0.9960488980093033,-0.90541633984975656,-3.8458501300650636,-1.0802812631477292,0.2653435834461879,0.2090832440881306,0.7210526315789474,1,4
-0.23069600110094832,-0.93767487810048278,-0.25989455179991233,0.96944834636341504,-0.2443804472311287,0.021168390216423982,-0.08336221451756505,-0.24707088049861223,0.96540495192451181,20.701395527904445,18.355312733250521,-0.29170535858285135,,0.2656692749906309,0.4615384615384616,0,5
-0.99052098010906831,0.1116900976625302,-0.079959427511114609,-0.10982125643724369,-0.99357322218453281,-0.02741429904976015,-0.082507451774466223,-0.018373193570498228,0.99642106870524616,-0.95568696228352068,-20.06079972793431,0.99156202200149013,0.3258481119725479,0.2831925282337797,0.8076923076923077,1,5
0.80354473618780187,-0.5794308183187199,-0.13629300689093979,0.59483281079819295,0.79016961471142133,0.14766823349903113,0.022131067366851588,-0.19972958411137295,0.97960109692052755,28.405924536775707,0.74886570762169047,2.2362083663426429,0.4202122368726706,0.3953861170061508,0.8604651162790697,1,5
0.54296334980199035,0.83931119284738442,-0.027340854648305317,-0.83535624210110659,0.54316058412408397,0.084596268456112941,0.085853069569562984,-0.023093319706838648,0.99604013424680771,-13.303933593954858,4.6951752785273584,-2.1636939142984821,,0.09574803901007918,0.2763157894736842,0,4
-0.97899088188567562,-0.16676787537747609,-0.11732573855208338,0.18009577564422122,-0.97701916299115643,-0.11401344983451825,-0.095615714084116538,-0.13274799768789178,0.9865270418645613,-5.8308454060915942,18.890684837312925,-3.0867704733404238,,0.1862785932978746,0.2105263157894737,0,5
-0.73409395440632974,0.67891897777051102,0.013232071913396811,-0.67900827122528173,-0.73370117386009115,-0.025106873241761481,-0.0073371460208500978,-0.02741549013546745,0.9995971974695107,-12.56342546098062,24.103323674839864,-3.6794425905291357,,0.1349763322197735,0.375,0,4
0.9645379371843027,0.25262958808249331,-0.076451677270808177,-0.24239459175495529,0.962448197120232,0.12222246007981985,0.10445778870050099,-0.099356726421941072,0.98955384456557827,-1.3120863262857048,15.588592472271621,-2.768461685507543,0.259262253746651,0.2170964837051339,0.7575757575757576,1,5
-0.5944922208794442,-0.76038237630414907,-0.26152942687178227,0.79689817061613588,-0.60057045211882498,-0.065333281797616938,-0.10738857007374281,-0.24725244962961751,0.96298178652021815,-8.0932039131280291,24.135280402132231,-3.5265732870184352,,0.3037295538735051,0.1666666666666667,0,3
0.92129407540993868,0.38864597665328582,-0.01309700140335875,-0.37438025240170597,0.89557730395457391,0.24037620359156053,0.1051506216157604,-0.21655391354734302,0.97059144303931955,1.4612098310952559,-13.104858884941191,0.21978745047509202,,0.2621871826134097,0.1612903225806452,0,3
-0.97243720794852972,-0.15035297696721595,-0.17821295944561041,0.1738732253873482,-0.97685149647903646,-0.12461643278503083,-0.15535114447813808,-0.15216811802661395,0.97606909886829729,-2.9626507487147902,-5.8614554194622981,-1.0235566890987695,,0.07815118218567055,0.2647058823529412,0,5
-0.4649781408278072,0.88435206466272709,0.041433733588564725,-0.88460801277841639,-0.46597339247661773,0.01837011791071114,0.03555266910567103,-0.028110909458860519,0.99897236422678826,-25.582797847295424,-5.5419125895145953,-1.6523489530091582,,0.1243930374996323,0.2352941176470588,0,5
0.24501177668233981,0.95898912529951474,0.14250995349179876,-0.96550581525044932,0.22798475945171989,0.12578342567805281,0.08813483990186885,-0.16841260942997352,0.98176852820838512,-31.085989459364122,-4.4674665473672253,-2.0006719158730966,,0.3338702407543268,0.2222222222222222,0,1
0.6304562027143269,-0.74945884238558869,-0.20208023166327849,0.77622360771262722,0.60825494611605191,0.16583977615442932,-0.0013737862367170382,-0.26141416200238898,0.96522575007920497,12.592591744417899,-4.4123353673819263,0.84483830790786563,,0.6820824021922992,0.6116504854368932,0,2
-0.72746854417606499,0.68596824925291888,-0.015397345590782341,-0.68608664092824079,-0.72751025271856973,0.0037354155278811708,-0.0086393503320523982,0.013281310411551462,0.99987447633170023,3.8218521371852416,-21.468115788393014,1.6889827425212312,0.2268805642148851,0.1980409812066683,0.8235294117647058,1,5
-0.77718234953674692,-0.59740294906913949,-0.19773040234631875,0.61991682776820878,-0.780835450175969,-0.077454027644097409,-0.10812364319769684,-0.18277230696138533,0.97719167085565672,-8.9701905089464962,-18.134804812114897,0.29193282943090676,,0.09160323719995911,0.2,0,2
0.35902280948123649,-0.91002481998316886,-0.20726178925889979,0.93266641335828038,0.34144524597179243,0.11639804722014371,-0.035156559353844825,-0.23509566354542349,0.97133621641352164,-2.2289708793091436,2.4013428258040368,-1.7257237158396013,,0.07736079488062654,0.2612612612612613,0,5
0.57528473384711676,0.81362786497108319,0.084006977954502265,-0.8170368817718332,0.5667414447346466,0.10608896570635404,0.038706702610925098,-0.1296681617155174,0.9908016749129499,-14.086027330495542,-19.454775761227832,0.17692175238483687,,0.2293739660770551,0.2,0,2
-0.99280175371162016,0.094917823131563148,-0.073043033063381377,-0.090988994768794726,-0.99431179562208727,-0.055362947155527635,-0.077882479789084622,-0.048318318873350766,0.99579097174214082,0.44311415179201719,5.7715166955613331,-1.7027772948210991,,0.11227876955612,0.2,0,5
-0.95551378559447209,-0.2728072130071158,-0.11211436156982542,0.27609569534543166,-0.96101877684811898,-0.014631389444137485,-0.10375245804626454,-0.044934786932104974,0.99358758666396518,-9.8050004158308894,-14.801569534552875,-0.13862964133345745,,0.09327214066995997,0.4482758620689655,0,5
-0.53647709167373703,0.84358575349179254,0.023567066320892192,-0.8433485884542864,-0.53693088151546242,0.021642246352692945,0.030910976391101446,-0.0082646827351537198,0.99948797219268004,-0.54082152233669412,-24.928581335596132,1.6834026067444634,,0.2358977442401943,0.5384615384615384,0,5
0.22173671619923144,-0.96808820728158174,-0.11678206887838687,0.97386594644039859,0.21382125103667884,0.076587146237846002,-0.049172625035980327,-0.13071226234536823,0.99020016028055036,18.021512936340123,-3.8414989461691009,1.5083092984477955,,0.1890566793471292,0.5,1,5
0.060822749436585347,0.99787438506659176,0.02339454592306079,-0.99523842946645025,0.058840303111058569,0.077706416999837907,0.076164700906182908,-0.028009469073343701,0.99670176481137074,-4.3689307148355763,-4.2019791833035409,-1.2538369693393197,0.2836291455386417,0.2615858887431116,0.654126213592233,1,5
-0.22308410966382369,0.97438695614173487,-0.02834677611904398,-0.9735605651465713,-0.22124094498787275,0.056853058425741017,0.049125411010869049,0.040280317299111558,0.99798005492659758,-1.4252084528504616,9.516966753012392,-2.1915622733306432,0.3629889155134579,0.3307986602718407,0.7225130890052356,1,5
-0.57765583254201902,-0.80852771186529149,-0.11223492449350503,0.80954195280503705,-0.58507674587852432,0.048239279439097602,-0.10466883862350575,-0.06299317882177892,0.99251009750185082,-8.3307183297493221,-16.456998127048298,0.15102248603795357,,0.06909127653123658,0.3428571428571429,0,3
0.3640853863136071,-0.91867631472659095,-0.15321768903505173,0.93097839644739944,0.35423266308748963,0.088308809017981355,-0.026852501207536184,-0.17479430529143497,0.98423873832347408,0.67836545846133955,-6.3429125518084994,-0.6505622067523994,0.8094428162005599,0.9030536428438148,0.8589420654911839,1,4
-0.10188978998012192,-0.94083737938874934,-0.32317719016465096,0.99062294905190618,-0.12568319992282881,0.05357150426172759,-0.091020017081478791,-0.31468835186906835,0.944820934192516,19.590275342427017,18.959065173479718,-0.4498779136294685,,0.2213802338789916,0.25,0,4
0.97059461082424603,-0.22176872499922512,-0.093620158358911007,0.23174519082968614,0.96605076186178174,0.11419322236272378,0.065117339981312389,-0.13253134768230576,0.98903749874070435,14.793128762016192,4.8647679984171059,0.16785581255367849,0.7750173304090969,0.6799543494516305,0.9333333333333333,1,5
