axis_00,axis_01,axis_02,axis_10,axis_11,axis_12,axis_20,axis_21,axis_22,location_x,location_y,location_z,dbh,dbh_approximation,score,reconstructed,number_clusters
-0.99584732058700109,0.00078941841909370273,-0.091035657290152214,0.027664610852102291,-0.95005167544525926,-0.31086409134870624,-0.086733980573315092,-0.31209163846891935,0.94608457645798916,-20.932665669675448,12.874903421975457,-5.789622169870384,,0.3805919654097867,0.1,0,2
0.21041905114725176,0.97294782810354441,0.095374769739629384,-0.97707558451781962,0.21252978586296853,-0.012425468208583446,-0.032359311696204235,-0.090573803661090288,0.9953638837314277,-12.485357287066465,12.834305902036499,-5.2770777071311423,,0.2538528744827572,0.2580645161290323,1,4
-0.74528114423544467,-0.63916955706492673,-0.18978486074640158,0.66613839500076477,-0.72598850513640789,-0.17088103790534506,-0.028559670042047146,-0.25377739799128768,0.96684092668642241,18.668046680932662,-1.6953941257241061,-4.1622508111515018,,0.3786842729442468,0.4444444444444444,0,1
0.0022383449328015441,0.99246650087581312,0.12249585483306215,-0.99901630114730999,0.0076444220071740735,-0.043680577538815032,-0.044287919954655829,-0.12227758360180764,0.99150732357083171,10.722966603119094,-24.916039278625568,-6.1702511577191119,,0.2931900473720049,0.6333333333333333,0,5
-0.99263740728674288,0.065754173242717068,-0.10172200527033901,-0.037121782370794089,-0.96455640047848812,-0.26125260490490226,-0.1152950602960401,-0.2555530062377438,0.9598956766618878,2.3640065946027757,12.592884341350425,-4.3263232945946264,,0.307816823778959,0.2857142857142857,0,4
-0.78550545433021868,0.61331794483595814,0.082597092925072044,-0.6149285703517825,-0.75852846597064894,-0.21563260346553928,-0.069599099007021645,-0.22017189842123433,0.97297497427374768,24.348739480541798,11.678018716236657,-3.0526915750032275,,0.4060122329556795,0.2,0,4
-0.60037956806946591,-0.74491860872863502,-0.29093064571219718,0.79837450764860263,-0.57936021559179507,-0.16413374463004043,-0.04628736092684789,-0.33081415773697331,0.94256006347564103,5.9558884572820965,12.441467768124618,-4.0967484019947022,,0.6096044471288721,0.1754385964912281,1,3
0.22119127624243876,0.97504227815207944,0.019156594954350705,-0.97361466999588553,0.22191246822705862,-0.053191454334110579,-0.056115004081299436,-0.0068856562053717296,0.9984005679363257,-11.122774834918395,13.706506126165587,-4.9718346520084058,,0.1464955157716356,0.2,0,4
0.99663942497225,0.034165353670155094,-0.074448540614158232,-0.028487235586587421,0.99669778323029967,0.07603950494606275,0.076800611974248159,-0.073663135369065311,0.99432158202866217,-18.327587930630518,-33.773197718989657,-8.7778804547206501,,0.5097849302635482,0.5217391304347826,0,1
-0.98734159426428703,-0.13246692153140299,-0.087230103379790078,0.14138819827810015,-0.98430734878992121,-0.10558608102315448,-0.071874568682729401,-0.11658283672200047,0.99057684636706633,15.364183892133523,14.294340472787299,-3.4136504715599525,,0.1306246138476143,0.25,0,4
0.17552675633796769,0.97452823511303888,0.13958895650064329,-0.98372022685891247,0.17917012620858838,-0.013877360809933225,-0.038534050891676434,-0.13488063182631235,0.99011228761187164,-11.185986716889101,-27.22392981964509,-8.2793422872196878,,0.7259785624065201,0.7391304347826086,0,2
0.13429716842494363,0.99046581194837668,0.030687878950588537,-0.99037410111287294,0.1352034156700459,-0.029650906158530173,-0.03351731489710217,-0.026410447792425469,0.99908912407727302,-12.739654931303541,-30.100448373850099,-8.5792155043233631,,0.2911445580719103,0.4166666666666667,0,2
-0.88887188964331065,0.45669249112730714,0.036588691557168089,-0.44927922652342833,-0.85322215393096357,-0.26487758050827392,-0.089749319866174862,-0.25188077455284635,0.96358763742288522,-21.707778190686756,7.3464154050561836,-6.2097382926770299,,0.7183410850395608,0.45,0,1
0.77472412879601016,0.6321812203608187,-0.012224110780407211,-0.63135412974040195,0.77447809418966318,0.039694388521417108,0.034561352997319023,-0.023034457741730865,0.99913709101180992,-5.8265399419057511,18.337965765058559,-4.3504816021249848,,0.180418302117028,0.4444444444444444,1,5
-0.77917843065053594,-0.60346608950316483,-0.16943922812833667,0.62620967112278925,-0.76121127397032995,-0.16857889598865958,-0.027247403569083326,-0.23745752293878872,0.97101570728722941,-6.9784266502132537,22.886404729210547,-4.0885985589684042,,0.2834860338626983,0.4285714285714285,0,5
-0.42726258154678526,0.90387438819964239,0.021395718419800539,-0.90111636434661646,-0.42379054535736838,-0.091601700707140452,-0.073729128007273326,-0.058418011113243372,0.99556584496499312,-11.482027701165075,12.453919459370903,-5.112084733166995,,0.09746720655612302,0.3,0,5
-0.34924631595148309,-0.89282186454163304,-0.28442244811322287,0.93692552272126772,-0.32817818073312222,-0.12028984397769239,0.0140561612041271,-0.30849343572773158,0.95112261272934939,-9.4027056109218368,19.119821490326874,-4.4798339723030969,,0.4841243027696605,0.5,0,2
0.068127318497426079,0.99585705878417863,-0.060227792123534421,-0.9969733589052111,0.065688850000911625,-0.041582407564004269,-0.037453839691165322,0.062878402136847644,0.99731816209126845,24.241209697259364,-20.12092569671097,-5.0951048320229413,,0.2098621273318192,0.3684210526315789,0,2
-0.9921781250371482,0.1098391792106133,-0.059312080625353196,-0.094169715042349,-0.97049600683521942,-0.22196748745196143,-0.081942864037159432,-0.21464588378823549,0.97324843262455618,-27.67519459732123,5.1861575200963124,-6.7237480127253964,,0.3657459121897334,0.1818181818181818,0,1
-0.034580100344256195,-0.96781865381041432,-0.24926144907863357,0.99896390719211958,-0.02608914969586278,-0.037288984909788978,0.029585955918928632,-0.25029264792387723,0.96771806927824744,7.4355268728711215,11.449588590400548,-4.0492433032153397,,0.464253044592215,0.5633802816901409,0,2
-0.65344568584414475,-0.74173744287970989,-0.15111022957413048,0.7559434322827534,-0.64983231667311436,-0.079167464250316608,-0.039474838064862662,-0.16596242357089283,0.98534167227527247,-2.367220145230382,18.231573714100644,-4.1661652309357358,,0.5453659743638933,0.8372093023255814,0,2
-0.25221058820993619,0.96748278941624366,-0.019153886763873144,-0.96559639778856954,-0.25291606555373153,-0.060473633614654916,-0.063351525416022722,0.0032428333577017967,0.99798600604381116,-4.8368939529822272,23.745212501821136,-3.9769504675940062,,0.1065993285175111,0.3333333333333333,0,2
-0.15389708337796548,0.9873087583604635,0.039205910172781015,-0.98667229317372196,-0.15143330514741735,-0.059546116375783692,-0.052853321665385644,-0.047847358932858818,0.99745534067049135,-4.910987371520438,20.549791286774877,-4.1786934904502075,,0.1445905895476933,0.3043478260869565,0,4
-0.29430430729347684,-0.91846182879700722,-0.26422120231231505,0.95554026460196162,-0.27754546421269416,-0.09955560265185584,0.01810462462800402,-0.28177364024659679,0.95931008450305677,-6.232870244109658,11.230476540260803,-4.8681256171760987,,0.1405064348101589,0.1739130434782609,0,3
0.28789822001325216,-0.91769570179976168,-0.27376854058025618,0.95448349410330158,0.29823649153078308,0.0040316998599985695,0.077947895401691059,-0.26246827240192577,0.96178715503212819,10.442060665267178,-22.761772566433844,-6.0924994687775333,,0.5138721556863947,0.7209302325581395,0,3
-0.28988038793661036,0.95090819380928215,0.10836497421257316,-0.95451224969121073,-0.27898773629891632,-0.1052245607462087,-0.069826398153896088,-0.13393823181294343,0.98852659255058906,28.182036856006441,-18.917513528324694,-4.782447470280311,,0.5307689401132615,0.4285714285714285,0,3
-0.59001554083182284,-0.74798824562269439,-0.30396586319390473,0.79724171596531312,-0.59924235827751404,-0.072898850269990864,-0.12762173757481374,-0.28534572093565297,0.94988973657056519,22.789198259027067,-3.9241399741850822,-4.077889643914042,,0.322317132818194,0.3125,0,2
-0.68734748970915538,0.72615566780848462,0.015854794231928229,-0.72111310379829408,-0.67963792877227214,-0.13449229459165082,-0.086886822481397383,-0.10387604095146442,0.99078779170685005,-8.8664676305627843,14.226499670463866,-4.8483915240360069,,0.3818922482068504,0.8733333333333333,1,5
0.94091573259826478,0.33407402997013558,-0.055426768339704079,-0.33350057582576925,0.94254683538360473,0.01956601728077224,0.058778823337581186,7.4885673684682447e-05,0.99827102748661645,-13.784547118799306,-28.522716179857156,-8.6427931989088957,,0.5923529289598268,0.576271186440678,0,1
0.75524992262480573,0.64680149304110457,0.10604425007997596,-0.65475575333942737,0.73715062611125459,0.16704447878545806,0.029874032940754618,-0.19559341252604737,0.9802299521705462,5.4221843147290008,-20.461308299287825,-6.3117425922950465,,0.6870188184484786,0.3867924528301887,0,3
0.45220395057531543,-0.85042230045250988,-0.26887450228153109,0.88910494431163112,0.45371798614008407,0.0602692878139389,0.070738851310229348,-0.26631165942566187,0.96128773786481936,-8.1338816955680144,10.847790000841874,-5.0235087175156883,,0.2664861489853007,0.3709677419354839,0,4
0.18604673049790427,0.98170223760101183,0.040587322653849282,-0.98154165109793634,0.1875614178832366,-0.037372472243182964,-0.044301255410854765,-0.032885121419836023,0.99847682374616253,-3.6500667558883713,10.89145217969987,-4.8006851079585582,,0.3113339062308996,0.6056338028169014,0,5
-0.47980164204191594,0.87733869781897045,0.008197170438310742,-0.87401627292086292,-0.47712598454214578,-0.091904023547457567,-0.076719873327611626,-0.051260161763318449,0.99573412960116714,-31.377353608572601,8.2118486434015789,-6.5506214573394699,,0.2854712301499564,0.2857142857142857,0,1
-0.96425189969305392,-0.24341544932238435,-0.10472436664654446,0.2578401709969611,-0.953032754514758,-0.15889309312324373,-0.061128717953151862,-0.18021511549588648,0.98172592508714429,-5.5346316080608791,7.9473122047346543,-5.0874125301358495,0.1019508557148106,0.1705675469474292,0.198019801980198,1,5
-0.9376215183240777,-0.32059444014898925,-0.13448082882407025,0.34276755865159159,-0.91712198410605639,-0.20346416639152723,-0.05810584404068575,-0.23686804599803563,0.96980268079305343,-1.851898708700769,-20.765663639374552,-7.0613878423303822,,0.5089356920443214,0.3010752688172043,0,1
-0.067159539528725651,0.99588918203708998,0.060781027893475309,-0.99630003156765046,-0.063663643429909961,-0.057733764848044537,-0.053626890163327084,-0.064433513071438062,0.99648004447890726,-13.983231123845254,13.308581713400759,-5.4938153225680804,,0.0995477326612086,0.2941176470588235,0,5
0.45911694196847652,0.87696646355972196,0.14192059536610552,-0.88430513026364566,0.46641951881569343,-0.021383850381382862,-0.084947455446947151,-0.11568342257770607,0.98964704594809794,-7.4678947700597123,-26.55952191052263,-7.9001491206378383,,0.2770753102730353,0.2352941176470588,0,2
-0.66257639765631071,-0.69515449138978791,-0.2788418016894037,0.74876875994304315,-0.62389960783962162,-0.2238182822535377,-0.018381006559618475,-0.35708474125643103,0.93389112114832951,-27.147671515846078,-0.24060206859089081,-7.2651020027559676,,0.3355695452921235,0.3571428571428572,0,1
-0.30685298605791594,0.95154106042282804,0.020269565282509668,-0.94918889332364209,-0.30439219993710509,-0.07991140975161419,-0.069869090006822177,-0.043760700941037026,0.99659586157818703,-12.608460533518146,9.6448274485003491,-5.3954962014008352,,0.1849780364578512,0.1739130434782609,0,5
-0.96715034659481713,0.25398510032090277,-0.010572412047716752,-0.23904675444680679,-0.92283909931780117,-0.30203418011668487,-0.086468816749009414,-0.28958516119665206,0.95323846866601847,11.116618923014638,-23.51093526462931,-6.0951313802948404,,0.2912184206969404,0.1176470588235294,0,1
-0.77179681954967194,0.63408737972229656,0.047569572311763647,-0.62955838418294108,-0.75148194947948466,-0.19730970708882484,-0.089363920224977328,-0.1822308274782998,0.97918640476601726,-6.6863386326339871,13.476398681516649,-4.7653515471282804,,0.3314074645472292,0.8263473053892215,1,5
0.96596375238911236,0.25483736426206505,-0.044406608137873678,-0.24695387583291636,0.95959003383599961,0.13491015593248371,0.07699228715558247,-0.11935193646770076,0.9898622646509786,21.753755129915938,-19.682166239997319,-5.1827541230174941,,0.2346818690114459,0.3157894736842105,0,4
-0.75997055686179726,0.648177783217465,0.048065726317852844,-0.64431881149230241,-0.74159450707297037,-0.18679094259718382,-0.085428460481950935,-0.17292526831695501,0.9812231294242878,2.8867707205665658,20.626942748875347,-3.6815834291982727,,0.1838377003111789,0.2608695652173913,0,7
-0.84069464044589104,0.53882732733848671,-0.053829665044644363,-0.53401381741085507,-0.84143374394002679,-0.082574193143840749,-0.089787328392380364,-0.040673896694732529,0.99513007681801391,-5.5610145220928464,11.964887225717639,-4.7794986453615751,,0.2732086298763693,0.9166666666666666,1,5
0.94643549879801059,-0.30102248697819911,-0.11681313688289625,0.31036018060626047,0.94789687337993689,0.071889329740863456,0.089086502395209363,-0.10429275991170819,0.99054864359151418,-5.2249946915957199,-26.363429633294576,-7.6659043824999689,,0.1025716338845647,0.25,0,4
-0.9445648374829122,-0.31051107972156533,-0.10667772570236402,0.32288115059110317,-0.93742594010734459,-0.1303087464709404,-0.059540157741196552,-0.15752928675014713,0.98571775546154428,2.5634233100386425,9.5361898072155125,-4.4891282190426836,,0.09200168907184383,0.208955223880597,0,1
-0.93363087622038499,-0.31236566647714059,-0.17538836157011564,0.35362306722431835,-0.88191862579413882,-0.31172145226827808,-0.05730718362319908,-0.35305414299179522,0.93384616443047386,14.414796790542859,12.928956971470232,-3.4849891243417748,,0.2242581723626263,0.1428571428571428,0,1
0.86015828623358837,0.50937353873317759,-0.025813187756230673,-0.50850676962410213,0.860400067845418,0.033653952190819035,0.03935210121656204,-0.01582154512182074,0.99910014054638263,-10.770307866756234,15.477311123513282,-4.8901132183683442,,0.2749826233358488,0.2105263157894737,0,7
-0.95498787918063943,-0.26148132871025903,-0.14009163199128871,0.29013111731507463,-0.92172350320680596,-0.25739020649915911,-0.061823016616561192,-0.28644946914262365,0.95609864357415442,-0.84455434364325688,24.724225098787965,-3.6670253883284034,,0.2161326874651993,0.1666666666666667,0,1
-0.69269352384692184,-0.70150894854028001,-0.16751381178412258,0.72089414185088097,-0.6805441441916108,-0.1310393225394236,-0.022075286308838645,-0.21152981568663162,0.97712221283213285,-20.952116551882416,8.9243420021011097,-6.0046506714623362,,0.4099792215078014,0.3,0,2
-0.95531028413513108,-0.27138792595502176,-0.11717872960348931,0.28940874322125093,-0.9394006822811225,-0.18376326476436594,-0.060206647247228219,-0.20946348554245425,0.97596117128277937,-1.5451652976614474,13.903273585596231,-4.4749974254653466,,0.2710964548664377,0.4117647058823529,1,4
-0.92663850481018228,-0.36049379738585419,-0.10670193742138512,0.37116689835737621,-0.92236652231604854,-0.10712204289670657,-0.059801462916183511,-0.13886763682343473,0.98850369977869046,-1.0073452242572467,-27.449177854664349,-7.2514585465685801,,0.5171537921749623,0.8681318681318682,1,5
0.48530156514957173,0.87409346789818221,0.021047570907500358,-0.8743461076819492,0.4851916154911719,0.010391354025941388,-0.0011290902540822532,-0.023445802071945434,0.99972447180230717,-0.52971907229291559,-20.838658726459904,-6.921234474145284,,0.4009828170148942,0.1857142857142857,0,1
-0.94786816746860847,-0.28927523508230479,-0.1336629173248168,0.31500225613063981,-0.9139643184752041,-0.25581791021498834,-0.048161351022478968,-0.28458577427945031,0.95744003537843403,20.100475146868046,-22.018828474362415,-5.4088060371953111,,0.3868750348150206,0.1538461538461539,0,3
-0.74748130406851598,0.65036073581155041,0.13528715158022217,-0.65842326767842563,-0.69836945799850436,-0.28064016233344041,-0.088036927750208008,-0.29884948293335639,0.95023075402913093,13.367697411553651,12.190345647060621,-3.5988017312677005,,0.3363367080412787,0.1,0,1
0.39188718815286244,-0.87593144685635593,-0.28136903200205654,0.91720989011513521,0.3958299770242425,0.045217770444476502,0.071766630383658547,-0.27579472383843573,0.95853368280215201,-15.349778451079896,-26.150651331104733,-8.716434745557617,,0.290851089856456,0.2857142857142857,0,1
-0.45039465847287063,-0.82306528388017275,-0.34598871381933588,0.89281725401833034,-0.41315987887395833,-0.17937743842530898,0.0046906871858716113,-0.38969533351081859,0.92093188917184177,7.1353200438415127,-21.279643382776374,-6.2519197208110988,,0.2783835451989657,0.4583333333333333,0,1
0.95635504001482841,-0.24555790928777887,-0.15838671227237666,0.26346228274142469,0.95905578261833435,0.10392127500667467,0.12638300127356975,-0.14111455988858987,0.98189307868857889,0.67472425646303968,15.932412245705903,-4.1514817086742388,,0.3671191645110347,0.1428571428571428,0,6
-0.95547838445052102,0.29427935815283074,-0.021464300896640316,-0.29159456171869114,-0.95286929340051796,-0.083741992276774452,-0.045096212966366241,-0.073754790078726484,0.99625627351426815,2.3040060152600099,14.407581955266425,-4.2079940746656597,,0.5002269278307517,0.5703125,1,3
0.86391033079678503,-0.48662405593835845,-0.12983053772010822,0.49924222407788249,0.86142823080900477,0.093266311511922176,0.066454059622872541,-0.14539061643507489,0.98714002381236177,5.6644545318854691,-24.073427492527699,-6.5264541817132429,,0.4691365577405411,0.3809523809523809,0,4
-0.92821451571818236,-0.34873277958508386,-0.12962739391395728,0.36728446468988352,-0.91447926302535076,-0.1697934023867817,-0.059329038484781452,-0.20521482875142127,0.9769170585331175,16.726069040081249,16.189834156794682,-3.1496730020236958,,0.1836264567751341,0.3181818181818182,0,4
-0.95802428918067117,0.28009364472825649,-0.061131101108289849,-0.26498075302329738,-0.94651447322854443,-0.18410744823634398,-0.10942879816153021,-0.16018084202467264,0.98100328031112671,-4.6345161243827819,17.986058707727896,-4.2908252067906805,,0.4972216031908564,0.1666666666666667,0,2
0.99852019980652229,-0.013147468830765782,-0.05276887948105001,0.02456044618123172,0.97476435983002963,0.22188111070690442,0.048520048039139022,-0.22284879822088977,0.97364481104239631,24.048119723005371,-17.454703091900409,-4.8521697825990273,,0.4148149419481755,0.3235294117647059,0,2
-0.090900838606280718,0.99345460237350391,0.069173626213889616,-0.99451969400079954,-0.086956726580401336,-0.058044000094563564,-0.051648966932856172,-0.074070781859822021,0.99591460652479835,19.771079602710156,-9.4588547729706267,-4.555745878890427,,0.2554082067558544,0.1176470588235294,0,1
0.97314095465400063,-0.2118804472549326,-0.090018656100558217,0.21521977525897862,0.97613327523769744,0.029056450423283149,0.081713711900607833,-0.047649816838847829,0.99551612957432734,-9.3524452383688601,20.082297026954326,-4.4530075140512606,,0.1670993990122068,0.48,0,5
0.037295552658161618,0.99930056858647431,-0.002723118556496065,-0.99900410693626429,0.037217425060416157,-0.024610111668792116,-0.024491551122793553,0.0036382543372806024,0.99969341651777321,-0.32259188732598448,12.112020932814765,-4.5156444840760699,,0.1520810057998661,0.3333333333333333,1,6
0.51198893372913523,0.84414469633222844,0.15901906613068198,-0.85683807082321706,0.51497946667007544,0.024993385047916448,-0.060793520434764083,-0.14904992640848741,0.98695910113376717,-7.4874687511460802,20.356621656375236,-4.3440824839358418,,0.3013723536137096,0.2352941176470588,0,2
-0.2314131806221407,0.97256539387572105,0.023759092358697033,-0.97152517613817979,-0.22975102634468775,-0.057907668086725157,-0.050860318166761481,-0.036483154043026655,0.9980391813486329,2.4821124028718327,29.005638050050411,-3.1763660864609227,,0.2107553781683562,0.25,0,2
-0.29117051657395548,-0.94759852221699004,-0.13144113119656933,0.95626408102687122,-0.28427869906756409,-0.068881264464931743,0.027905870634877233,-0.14574862588934112,0.98892800568872519,4.3662189484644438,11.678466276904205,-4.2368367873825452,,0.1072424926356145,0.36,0,5
0.15832746462994871,-0.93632725694418462,-0.31340657594765292,0.98351254632017315,0.1776410101505238,-0.033863590233628796,0.087381263292893446,-0.30287776315880494,0.94901505541759323,-12.455341371833772,-26.430681703526286,-8.3833154809550354,,0.4798997083494714,0.7894736842105263,0,2
-0.87003958792384894,-0.45310541989606223,-0.19423334910903631,0.48683602730304959,-0.85171351283537422,-0.19384213828115879,-0.077600244620001868,-0.26321012616242662,0.96161251630814149,13.994151488118483,-25.824028412087738,-6.0177047890986248,,0.3325635923711615,0.2564102564102564,0,4
-0.69902714048323988,0.71502399537726569,-0.010086768687640101,-0.71079600177882851,-0.6962998724841275,-0.099677135963171168,-0.078294959755130247,-0.062507388469852168,0.99496870587150765,-15.979937706871183,12.932552232085893,-5.767444932570621,,0.458204210127245,0.9166666666666666,1,5
-0.85974886027541286,0.509204263387939,-0.039279961846651286,-0.50140700815542005,-0.85619449706360828,-0.12458730019799091,-0.097071671602781337,-0.087418541200024943,0.99143082926984905,20.315292080143546,12.664927422100524,-3.2229399785811115,,0.1511013241506284,0.2666666666666667,1,5
0.48271957189545495,0.87571440796288935,-0.010300028896908774,-0.87575499975810511,0.48275461685527726,0.001077173893868473,0.0059156832024675763,0.0085003288832156566,0.99994637311264223,8.1256949364300208,-22.778445117274519,-6.3528812368626735,,0.2185700014053362,0.4827586206896552,0,4
0.49502138413219399,0.86856791757004304,-0.023315270101079772,-0.86880581028143167,0.49515294769779683,-0.00014969104142820242,0.011414607880787792,0.02033054239861903,0.99972815093539624,-13.974243189553503,17.030057196369626,-5.3127519616382983,,0.3188268312496821,0.8392857142857143,1,6
-0.88184026068150667,0.47087355292472649,-0.025216101943355156,-0.46643241448886752,-0.87888072037223919,-0.10004739912691062,-0.0692716201287224,-0.076464217213145017,0.99466309177063716,-4.4056135593029158,9.2193291971488573,-4.9659611587111101,,0.2427034169273051,0.1893491124260355,1,5
-0.10347783816344533,0.98102346791871686,0.16396735163365875,-0.99324115724129491,-0.093205167853536428,-0.06917225055879575,-0.052576996595417161,-0.17001691703512972,0.98403755383159885,-9.8961734344478991,18.56104324591081,-4.5768481754121417,,0.6753106609363551,0.45,0,1
-0.048984611786645114,0.99200376346270513,0.11631440617542305,-0.99731581365577071,-0.042233847797223632,-0.059811954761311778,-0.054421279296245059,-0.11893206201891304,0.99140984914599772,-8.4966351174199612,-31.967032691965951,-8.162545426935127,,0.2004342697594995,0.3333333333333333,0,2
0.75138805304136158,0.65947712788682011,-0.022492477428310884,-0.65953040764645809,0.75165383480913484,0.0060128201718121126,0.020871874290754395,0.010316511565086931,0.99972893048701883,2.6968494606694611,24.096801774376853,-3.5306853463839407,,0.2832559781393741,0.1428571428571428,0,2
-0.63093129743897869,-0.75844849287875815,-0.16334497715543569,0.77546749167959017,-0.62300617553989479,-0.10253523583295925,-0.023997234426783483,-0.19136140909048613,0.98122624498673705,-4.5729307086433506,15.014940297229332,-4.5269732702043051,,0.209025486634587,0.4838709677419355,0,5
0.94900485584814054,0.307646203767105,-0.068873775011537783,-0.30940357404141627,0.95079230173695561,-0.016230444483757829,0.060491420441652385,0.03671256277395403,0.99749334623721708,-10.0787156160804,-32.93487425031666,-8.341929703319666,,0.1628211785733756,0.4615384615384616,0,1
0.74992074361443484,-0.62119104734130459,-0.22746551606735299,0.65676786711451396,0.74030134102160783,0.143561461428415,0.079213931998268039,-0.25705175973842948,0.96314565139066655,-5.757541939671909,-27.004989319606665,-7.764307816342539,,0.2201223482925749,0.1578947368421053,0,2
-0.96553798516734179,-0.23487653770369826,-0.11211338562061025,0.25238563687750593,-0.95016493683148584,-0.1829974948297271,-0.063544389972114382,-0.20498684068091672,0.97669980324085781,28.077003532889933,-16.039340420173065,-4.6193978551573487,,0.4589609279709005,0.5151515151515151,0,4
0.95059924301780041,0.31035987738383364,-0.0061502588789060803,-0.3044002834262427,0.93586280031803903,0.17748601756448798,0.060840337145753397,-0.16684593339716244,0.98410410419061933,7.2249234583844011,7.3882918642573623,-4.3920066883751367,,0.0887463682975646,0.375,0,1
-0.93278209823409863,0.35679295565704994,-0.05115021023905697,-0.34419627150873028,-0.92385096301034586,-0.16741662051405129,-0.10698824184685746,-0.13855751491118748,0.984558444770119,-15.461833725393495,13.718138225038867,-5.6268243021659172,,0.08215646282416443,0.2857142857142857,0,5
-0.17382767060827947,0.98475964981661834,-0.0056897296905024305,-0.98295929734126719,-0.17385487828272264,-0.059711816817624899,-0.059790975082042251,-0.0047867933265579674,0.99819944194954713,18.035560733677205,16.797751839600064,-3.0639731662644762,,0.5083070121258039,0.8793103448275862,1,5
-0.32547143469200129,0.94452403902056969,0.044075899444016846,-0.93943527395885407,-0.31772105439529386,-0.12850952352177836,-0.10737649296462504,-0.083232633661391622,0.99072832676390454,8.5355337322447458,13.591917057242973,-3.8526814634100552,,0.4630857314867899,0.3684210526315789,0,5
-0.18471690968695864,0.98243460878601574,0.026493447023171232,-0.98005881584215726,-0.18212732710440457,-0.079462910919967003,-0.073241933110543417,-0.040643279656972467,0.99648569636144646,5.7263967173803039,14.453416414894784,-3.9368801741272481,,0.6432807112052421,0.8307692307692308,1,3
0.95933103680275189,0.27666067341266676,-0.056060981206244538,-0.27520200151669622,0.96084003535428053,0.032408098086568519,0.062831681404857495,-0.015662000103244679,0.99790123838213785,-13.835352908666245,-30.051094774581173,-8.6456315196270186,,0.2444527146544958,0.2352941176470588,0,1
-0.9675075687434298,0.24324490761241749,-0.069000140179599975,-0.2366207182411193,-0.96724172912872342,-0.091946033797734208,-0.089105219393898691,-0.072631620887212173,0.99337047848426707,-5.9618253458794026,20.692572114085756,-4.2491446190665476,,0.101023397502021,0.2105263157894737,0,3
0.49642389718128488,0.86626210621613864,0.056154052759572068,-0.86807844220613262,0.49525125031726602,0.03414699454064498,0.0017698825721703252,-0.065697506749985354,0.99783801547271012,-15.206193222288274,18.60588154016401,-4.9987273114830622,,0.4249066052082712,0.3846153846153846,1,4
-0.30530977777188639,0.95222272339836944,-0.0076042514868922715,-0.94983627634647527,-0.3050937701000449,-0.068766558605218325,-0.067801089468719336,-0.013772308809184654,0.99760379699403778,-1.8858239478630563,12.152932069225152,-4.6196895266669582,,0.09989499753005331,0.4,1,5
0.99021457157058135,0.11686355219526648,-0.076275896701350682,-0.11625642830335871,0.9931422330442331,0.012367207528813236,0.07719809017998383,-0.0033786257885333156,0.99701004997961029,2.0516606567155029,-24.78188126877626,-6.9100732576601205,,0.09636323454880769,0.25,1,5
0.99625194434509856,-0.029380163056778846,-0.081356434332928759,0.031172617721776239,0.99929652409958403,0.020850055799966627,0.080686624002885815,-0.023308001657087723,0.99646696170308147,3.088897599816073,-24.499912788959204,-6.7967542479331646,,0.1087448689269117,0.32,1,5
-0.23921885731672771,0.96346345980107595,0.12046783775025185,-0.96862650255808636,-0.2281917130557842,-0.098444099034715696,-0.067357529988630663,-0.14023802523142087,0.98782400225598055,23.459297955297803,15.049030243742822,-2.8685039274144533,,0.4337518179949233,0.15,0,3
0.06689031796191601,-0.94331997769135623,-0.32507399934681536,0.99721368016194789,0.07398934090356242,-0.0095107061000069808,0.033023650022643548,-0.32353206505852855,0.94564075706271589,-8.1061924206729223,17.859889669022522,-4.5517549252190328,,0.2250710970231727,0.2105263157894737,0,4
0.20697569647846253,-0.95930891270724972,-0.19206111284612387,0.97642805321468584,0.21483694505346729,-0.020816914648271949,0.061231674504583812,-0.18322526310672788,0.98116216039798276,-19.560478127921627,17.899766284626537,-5.3225857527949829,,0.2854950349723407,0.35,1,4
-0.96438474465449298,0.26215280203296087,-0.035184835710209042,-0.25356417328178649,-0.95414396757227748,-0.1591053084386419,-0.075281301168426143,-0.14451711847285947,0.98663444505180797,-16.884104084297007,25.001863612782824,-4.5228939867786009,,0.2270537161621012,0.1666666666666667,0,2
-0.79176011447648498,0.6104306957338691,0.022142421503735341,-0.60120105660789713,-0.77235237887370833,-0.20500998117572819,-0.10804263351905287,-0.17563077336841967,0.97850938717432823,2.4988159453698184,10.882246081823151,-4.4493633759466071,,0.1890162116507365,0.2173913043478261,1,3
0.69324381026420778,-0.68797360933868212,-0.21472152287059926,0.71551221081065763,0.69268889664012101,0.090688304936944866,0.086344054289844888,-0.21650497759866369,0.97245580823181588,-0.82381819920166388,-25.541487213477065,-7.1466464641043732,,0.2144567383314918,0.45,0,1
-0.9967276685226043,-0.015619516108770616,-0.079309428935159729,0.025150192624283866,-0.99237839498808378,-0.12063411197433381,-0.07682071733884499,-0.12223400458711375,0.98952383776751063,0.43932029888139307,9.478525514724998,-4.6510118196118997,,0.07893120751508265,0.3968253968253968,0,4
-0.36865528177032642,-0.8929656987962975,-0.25827416439915674,0.92955333053627998,-0.35267416208682489,-0.10747809583941437,0.0048876284383906187,-0.27970197741452812,0.96007443196798681,-15.733504655324994,10.355511276734774,-5.7006480008315741,,0.1735495069536412,0.2666666666666667,0,3
-0.94578670523988984,0.31063072157061783,-0.094847577765546226,-0.29831342481211864,-0.94630884722504849,-0.12453379557559509,-0.12843912475697711,-0.089488102450086163,0.98767164115992756,10.120910466039854,16.060612449238807,-3.6650723436462807,,0.3701953478014152,0.7209302325581395,0,4
0.00032151060704990828,0.98838132540540602,0.15199425061752742,-0.99900025707077733,0.0071120992586253774,-0.044135070144473335,-0.04470327732338733,-0.15182810554699558,0.98739548477930572,35.178852051287031,10.362083990212454,-3.2826210079220193,,0.6694799586042885,0.4358974358974359,0,1
-0.9144097690425268,0.40393664104517468,-0.026267171540454139,-0.39481420216975099,-0.90431271754364895,-0.1622968103626331,-0.089311365708160936,-0.1380351365050336,0.98639230585268711,-2.2335396340158855,10.595628013832508,-4.7188770308153414,,0.1001578076666518,0.4324324324324325,0,1
-0.30185931460711035,0.9528712050348116,0.030288955089838157,-0.95210688301858271,-0.29968918251640281,-0.060653748369670031,-0.048717938108736002,-0.047147221531696294,0.99769920417342073,11.839662145827488,14.790631544986251,-3.5775978267971071,,0.7031829844386879,0.9285714285714286,1,4
0.95184254194728324,-0.26579747319246122,-0.15279881735091264,0.27973993185813439,0.95689715161085165,0.078060308499550687,0.12546452033679051,-0.11704505322114929,0.9851695842103112,-3.2505190510340567,-25.264306821895207,-7.4421159253736722,,0.1102317188138255,0.631578947368421,0,2
-0.45003724032779702,0.88613822610494997,0.11056910307004097,-0.89120849369985722,-0.4378132160683475,-0.11860442063060637,-0.056691296292923646,-0.15191652994807076,0.9867661652352927,21.81969427761322,12.290135910491589,-3.177229483996785,,0.5744371683530287,0.4615384615384616,0,2
0.60192471673507297,0.79786623419062763,-0.033107517603543357,-0.7984687029825146,0.60194562740027024,-0.010449498127450059,0.01159162373539983,0.032725127840261103,0.99939716843055715,12.838750527180165,-21.774381526922539,-5.8075765697446702,,0.1590236490551801,0.6129032258064516,1,4
0.99085265351837992,0.11673749284955967,-0.067700640903800999,-0.11264985184295492,0.99173873888310371,0.061353766618779913,0.074303633123466842,-0.053166075290079259,0.99581742229331582,-20.010000447044785,19.579436041177541,-5.3599605161057466,,0.1438927432261948,0.1666666666666667,0,2
-0.58536004807864239,-0.80499708029482231,-0.096609082544974245,0.81071712267960749,-0.58255399077955006,-0.058039597008581259,-0.0095583004487297257,-0.11229669872098635,0.99362874875322571,-16.424175658833221,11.079414057015379,-5.9847904709895818,,0.08693804516251213,0.4482758620689655,0,1
-0.91061457389955702,0.41213026047417528,-0.030491739917822693,-0.40262489738454632,-0.90139779965745892,-0.15929594715112713,-0.093135867461527411,-0.13278047738346035,0.98675987708155677,-3.7039548087745287,13.094147401670998,-4.65202198148289,0.7808602173493449,0.3866754696493105,0.8776371308016878,1,4
-0.74680139273154977,-0.65672169050679285,-0.10490138717919202,0.66433872959866869,-0.74394545973519621,-0.07210551500831941,-0.030687655000757406,-0.12353855332360106,0.9918651590177302,-15.618750535627749,11.366020306843708,-5.8119406171532653,,0.08950238913947417,0.5454545454545454,0,3
-0.13203936666574836,-0.9690919368214147,-0.20839007567114987,0.990864987261865,-0.12322239732637136,-0.054797972733359422,0.027425948826835356,-0.21372191928967271,0.97650947693613632,-16.990695889533185,6.0768121158826238,-6.0492978276556508,,0.1951356996598384,0.1710526315789474,0,2
-0.80711033572418356,0.59033194646624798,0.0090054954648010194,-0.58359920642090424,-0.79541099986257457,-0.16350323410412934,-0.089358112290302077,-0.13722075017645857,0.98650169462040138,3.8668914880596605,-22.035291672798415,-6.6049224361643075,,0.6763630170189999,0.4024390243902439,0,1
0.12754354518259631,0.98665645552370762,0.10120119987258014,-0.99160882886656132,0.12901831106794562,-0.0081367022227756911,-0.021084937660385612,-0.099314219437952003,0.9948327051425726,-10.384080936871793,10.899616412316963,-5.165802226255729,,0.1457130546009948,0.1538461538461539,0,3
-0.97165216950288746,0.23394056360465851,-0.034115600546774698,-0.22168403925949989,-0.95171412248272191,-0.21235916698964291,-0.082147722049517605,-0.19877636118833991,0.97659598094339817,-2.6997135565421564,16.149579412831869,-4.375891513569095,,0.3840954077678522,0.4166666666666667,0,2
-0.89409978623553099,-0.40858087973935148,-0.18343183192945545,0.44505493392226292,-0.85637729750791713,-0.26180914824445356,-0.050116644391144424,-0.31572074531847577,0.94752769507308743,19.808865712344183,-18.500725201480012,-5.1917424628634228,,0.4681168874291369,0.3125,0,1
0.48880692493479111,0.86037535027921408,0.14429846419041753,-0.87239165624406223,0.48221915368396817,0.079984285556972526,-0.00076697557688651494,-0.16498164883476277,0.98629633847856668,-13.236325511537064,18.6624820887893,-4.916587427108011,,0.3260802927407618,0.4,0,1
0.24204839072129747,-0.90789772961639581,-0.34224887013199112,0.96826108640950004,0.24867664224996619,0.02510769094077004,0.062314084237233024,-0.33746353900336667,0.93927382309366991,29.850120272639227,-13.422479025355607,-4.3968501362497019,,0.6989522718389687,0.3260869565217391,0,1
0.87202402088772157,-0.46255699321979948,-0.16004728994352538,0.48462940866578019,0.86179033900996549,0.14983907315964831,0.068618097110488607,-0.20822689454665763,0.97567059868399653,5.2183470899684137,16.521241460128593,-3.8633916979414265,,0.2637049291130697,0.2,0,3
0.81209457842400223,0.57470342828159027,0.10108592986034282,-0.58231661176955218,0.78701236852874989,0.20376185963029533,0.037546762198243377,-0.22433791766920472,0.97378783076411168,-11.933088423868766,7.4564087071107474,-5.5133805687556432,1.042204390743785,0.4203882300828593,0.1308411214953271,1,1
0.20785236219052972,-0.92910187227212326,-0.30588740816230559,0.97634749815412536,0.21609131059308462,0.0070787240618552351,0.059522755144546982,-0.30012373519366831,0.95204137787882104,-0.8203265625527032,19.90126983571405,-3.9859934145361553,,0.7099222538236807,0.2105263157894737,0,2
0.9282331951712951,0.37113362598507471,-0.025356794853863471,-0.35993280153209972,0.91325624297746222,0.19081774824147399,0.093976134009354839,-0.16799662593594922,0.98129792617267586,17.293406975604935,-20.865288918122094,-5.4824040778692149,,0.4600818106674243,0.2666666666666667,0,2
0.59225770917002962,-0.78729896103010688,-0.17143847843930329,0.8015360738135513,0.59739936026913421,0.025571991036807597,0.082284435370403711,-0.15255933373918457,0.98486289471419852,29.859709939701006,-14.253487010020761,-4.472554883066814,,0.4475717199442872,0.2222222222222222,0,1
0.16066502038743596,0.9712685742716558,0.17556795794281604,-0.98650356990372345,0.16371364826377521,-0.0029236859226642268,-0.031582555170763672,-0.17272868321292342,0.98446297249028902,10.329685521566994,9.1610833412427866,-4.0355514526175211,,0.4782149138145652,0.16,0,1
0.12999750540238003,-0.94807900707320902,-0.29025307050268534,0.98339122302798954,0.16067927477975832,-0.084403039801695209,0.12665840304012124,-0.27446013736666675,0.9532204791841169,-19.335946616661658,11.044401578611529,-5.6832321072644199,,0.4587140946108468,0.34375,0,2
0.10871832929581277,-0.94116338102986929,-0.31998721081248593,0.99246425060879528,0.12106879880793468,-0.018895957735119939,0.056524650716751987,-0.31552153042800563,0.94723340719049809,-1.9139227465454554,15.713279878234191,-4.3798836251911837,,0.4204706786178061,0.4166666666666667,0,2
0.48569815775172309,-0.82688435172610852,-0.28347763302785867,0.87072555408918373,0.48624048557506461,0.073533663337349342,0.077034466394385881,-0.2825463839057582,0.95615544339250302,-18.744449417797522,5.8436717711541286,-6.1525395630196202,,0.378571978805912,0.2456140350877193,0,1
0.55292971768827359,0.83234769974558676,-0.038288823766172743,-0.83321151620553213,0.55262289771336837,-0.019144246795270402,0.0052246109562937579,0.042488111879802733,0.99908331173593579,7.3658833787733764,13.587824295141113,-3.9224027736120921,,0.07285050901388507,0.5,0,2
-0.31888748367019437,-0.86704731974730298,-0.38280506537598269,0.94763198093285328,-0.28423619512925119,-0.14561392135274392,0.017447104968117581,-0.40919277938089899,0.91228113420741475,-7.5873531035343387,-1.252995759421812,-5.8856237947584811,,0.2521260185225722,0.3176954732510288,0,1
0.92025850195384495,0.39106690668728372,0.013818975204569716,-0.38746268231979741,0.90569943430159028,0.17199187339908417,0.054744491880124271,-0.16363132096214983,0.9850014372623872,-1.3093443706064274,-22.713151341335109,-7.0860289180894869,,0.6390040139789941,0.1944444444444444,0,1
-0.89954852958558262,-0.40774249608725749,-0.15671151778012368,0.43382799854177312,-0.87583785486276511,-0.21142686600957347,-0.051046161478181945,-0.25817457054079429,0.96474876549515254,25.974541668409685,8.8272547679550879,-3.1336817639884651,,0.5790652297008942,0.2307692307692308,0,1
-0.95742951312225466,0.28544431496581457,-0.043014770209553223,-0.27514241598591038,-0.94746005850747095,-0.16314437918131544,-0.087323412255362359,-0.14436405572966407,0.98566406096872772,7.8143262644337517,14.781590972499705,-3.7971906265747815,,0.0795749767449936,0.2142857142857143,0,1
-0.6809257303029278,0.73143003943090346,-0.036745710355528358,-0.72690745343890073,-0.68111884305807358,-0.087650874303708978,-0.089138678172819535,-0.032973004857602586,0.99547329296383646,-1.9568146275683822,17.228405962532623,-4.2218238772790189,0.8906931602707343,0.544846958364294,0.6666666666666666,1,3
0.9477486154443131,-0.27852937025291685,-0.15554405109133262,0.3071279277751931,0.92849557538270533,0.20873045411548374,0.086284401278012693,-0.24559592097845212,0.965524544325437,0.68454775680032198,-26.09307698343407,-7.0957102524760884,,0.7501315412235769,0.6333333333333333,1,2
0.74324999994786134,0.66687481417842132,0.053454838808105663,-0.66637043491383929,0.73085068820964216,0.14767435463286441,0.059412802073670216,-0.14537968825798359,0.98759043393087131,1.61268407543165,-28.284348977204662,-7.1368730531185465,,0.3979988955875506,0.2142857142857143,0,3
-0.98358079319948433,-0.15895879117363218,-0.085445456038879666,0.16650809612743744,-0.98192597321093922,-0.089980203699295852,-0.069597968167832161,-0.10273016033457903,0.99227145327503108,10.439716339517531,12.631135511942649,-3.7799229973455302,,0.07763425483236436,0.3181818181818182,0,1
-0.93750081503157912,-0.32149205406679859,-0.13317312411682464,0.33848200642133303,-0.93130012093465053,-0.13457345977603999,-0.080759848588969244,-0.17123943447411696,0.98191389792428918,-10.347599017217332,6.8187248441128432,-5.4787320332953229,,0.1375625912885898,0.2909090909090909,0,3
