axis_00,axis_01,axis_02,axis_10,axis_11,axis_12,axis_20,axis_21,axis_22,location_x,location_y,location_z,dbh,dbh_approximation,score,reconstructed,number_clusters
0.94097250976117086,0.33696273734639665,-0.032044492721632782,-0.32501407016409833,0.92591147629306703,0.19249361616469135,0.094533539387510454,-0.17071629010969139,0.98077487642274652,-5.9923316491445604,9.5613934186524663,-4.5264898240103753,,0.371124309173912,0.5391304347826087,0,1
0.79833943114869621,0.60076043980881233,-0.041725850906827969,-0.59401688570244826,0.79697730474126971,0.10941259172373985,0.098985312918335788,-0.062562526228276349,0.99312025361403,-11.084122279384983,-13.107220243856673,-3.6059198940069908,0.1364266621084008,0.1745495929987711,0.2745098039215687,1,5
-0.56991197549060912,-0.80512511887928095,-0.16423727695628504,0.81707641438416712,-0.57645261898381417,-0.0094080350666031713,-0.08710036308480118,-0.13955615721395348,0.98637599612630977,-44.731662877220209,1.3622479101841463,-9.8008232879821282,,0.249412991732034,0.5238095238095238,0,1
0.97615723038568025,-0.19598633255097811,-0.093308193739758336,0.20536708907265452,0.97307878746030885,0.10460416875344894,0.070295236620863524,-0.12127254779212442,0.99012703672833036,-6.6506311154895847,11.160349531473937,-4.6813958986574269,,0.08762599125518987,0.25,0,4
-0.67112798073646851,0.74030499765955371,-0.039188568650561847,-0.74131981389372026,-0.67057444114088616,0.027836171022056596,-0.0056715959986272258,0.047732895668263609,0.99884403370593944,-10.843725387533704,-14.01461732942564,-3.5479566681431103,0.1634060676196849,0.2259080560748254,0.5185185185185185,1,4
0.95789162706522324,-0.28171294951034243,-0.055510763609608396,0.28697218930743973,0.93289471290300807,0.21761070102756422,-0.0095180545508760477,-0.22437751383727456,0.9744558163004462,-9.7978501800790063,19.338694464254765,-5.6288187019028877,,0.1720075290406439,0.2,0,2
-0.75865572366882172,-0.63806052850676998,-0.13160643945566902,0.64416528672618334,-0.76486954908557914,-0.0050652007459841986,-0.097429853338240571,-0.088619043344445619,0.99128910456798847,-3.9816072978688934,19.040724389330538,-4.856098843987275,,0.2316253601583425,0.8255813953488372,1,5
-0.36373406021489624,0.93128555144308078,0.020118526609649547,-0.93141208779349638,-0.36391525702989519,0.0060998699187012149,0.013002159503182138,-0.016519908420510855,0.99977899381514879,22.994634686204506,-18.343806972872475,0.38910275421295876,,0.1761781215360629,0.25,1,4
0.70845288662637651,0.70528983548006652,0.025705162891074728,-0.70127980577354188,0.69939385697055678,0.13803936701561825,0.079379729433772708,-0.11582089966992257,0.99009311569905967,-16.163251737342279,-1.3524919044096952,-5.0649965851947139,,0.3528966052263359,0.5802469135802469,0,2
-0.33421004919556135,-0.91684617712046024,-0.2183958115814032,0.93964890316288174,-0.34213640050291649,-0.0016193318690842086,-0.07323647862571521,-0.20575658179146336,0.97585892794399276,-13.523560215639934,8.5360360760985419,-5.4047266213859526,,0.1078258577219874,0.1428571428571428,0,1
-0.87554852795717619,-0.47186263370147513,-0.10373249302088983,0.4743373338555899,-0.88034268712128316,0.00092029497902510913,-0.091754394460384942,-0.048398431259550692,0.99460480742293911,13.618422676295827,-32.50187474797422,0.30185947879175445,0.2392735539928962,0.3618601166929094,0.8518518518518519,1,5
-0.98327709854834455,0.1791369035793674,-0.032804226043984579,-0.16682934998835428,-0.95824762274034625,-0.23222717647798538,-0.073035028943730831,-0.22287095658355899,0.97210823536204893,-21.50555137647893,4.690109526309989,-6.1609752060933891,,0.7026076665215181,0.1818181818181818,0,2
0.38698413589403241,-0.90775479521923508,-0.16193983550328941,0.9218608367331349,0.37699211230715252,0.089719256327024086,-0.020393044501301943,-0.18400592114025735,0.98271356188936965,27.938406211890417,-24.350199797578949,1.2622823605149458,,0.5098294625600795,0.4285714285714285,1,5
-0.97572809418506945,-0.2028838995550887,-0.082418502287368536,0.2022309243791823,-0.97920248943462807,0.016283055909996898,-0.084007972494958588,-0.00077973479295208152,0.99646477738600381,-6.2336026738580452,13.828108551248821,-4.7812664127161675,,0.1020771487525898,0.12,0,2
0.57298593251203767,-0.80896145231240446,-0.13140962603978656,0.81956180418397029,0.56603188531916671,0.089030073148039554,0.0023601411030693843,-0.15871128968865264,0.98732221501358841,-1.8713959708611125,12.461560542494739,-4.135828775850273,,0.4753471307085169,0.9391304347826087,1,5
-0.87774201743439073,0.4755951611720643,-0.058122228965554135,-0.47653132128158265,-0.87915369009856459,0.0025863146958699365,-0.049868333317196666,0.029967179643659286,0.99830612413045416,0.43981105721945551,-4.3376598861729487,-2.8176241849358159,,0.09047044715547195,0.3870967741935484,0,4
0.10464433538562165,0.99426672274299399,0.021982882377154813,-0.99324881805052612,0.10337340296369239,0.052637676629371535,0.050063444876813655,-0.027342706625576581,0.99837168824113443,-5.5374951540716104,13.061551991543666,-4.645627189390785,,0.3373258348565242,0.125,0,4
-0.69355536664087203,-0.70624806152501407,-0.14210780765251996,0.71281466581574571,-0.70132186134261809,0.0065497328885982592,-0.10428904833026317,-0.096753927026687753,0.98982951663570928,15.78443255400521,4.3397038701522268,-1.6606916040412225,,0.2446881031556137,0.4242424242424243,1,5
0.98244067373314437,-0.15055134137473578,-0.11020261432939091,0.17110233660743371,0.9625208877286805,0.2104222685303721,0.074392963391984396,-0.22558332007544216,0.9713793557109901,12.719600968502849,10.877736694229352,-2.392378863616389,,0.2319235370502065,0.4444444444444444,0,5
-0.95885857674612185,0.27468785649384236,-0.071671551505597064,-0.27514623856946557,-0.96139567849324592,-0.003591208095535846,-0.069891181142373207,0.016276697125918099,0.99742182246489586,-2.7226749444585532,11.468134075150717,-4.1851500516789573,,0.2238099323647618,0.8823529411764706,1,5
-0.34097089989214507,0.9379302837210487,0.063447839251581706,-0.93772713695337118,-0.34411011760855592,0.047497827115135977,0.066382693889103297,-0.043301383792893923,0.99685421607858293,-1.7252231271724585,10.863467719690226,-4.0402283748455172,,0.459063302235275,0.8085106382978723,1,3
0.38709580247811254,0.92196273835148379,-0.011897428094276886,-0.91980341411805389,0.38702298767682919,0.064613360742738546,0.064175689171184797,-0.014068265747178212,0.99783944841756422,4.5902526761645541,14.236303684504851,-3.5274114593289152,,0.1099906461392937,0.3191489361702128,1,5
-0.061971020673018427,0.99632692061367001,-0.059095345478540395,-0.99702810414125376,-0.059082227097693008,0.049439356727966434,0.045766277423915716,0.061983527663891071,0.99702732668121907,9.134434379088443,3.6133219208019112,-2.3134627046839666,,0.1106022430232505,0.5,1,5
-0.090254275277541901,-0.96941940884663436,-0.22821081382258845,0.99309924855335041,-0.10483443526224337,0.052570178866138836,-0.074886903507202132,-0.22189130432418697,0.97219144243734956,-11.977395058604866,-13.507025550707773,-3.7112033026991171,,0.2141821963916616,0.2,0,3
0.303927337145873,-0.93465472016989803,-0.18452297363620571,0.95235289092920816,0.29287318772394572,0.08514262769725435,-0.025537127367769925,-0.20160815949892361,0.97913329284079476,-18.771088323518487,7.5108233665201007,-5.9822188638626628,0.437094609569197,0.2924390351657836,0.671875,1,5
0.83195251960390237,-0.53266414336033641,-0.15531875451121946,0.5533252812196805,0.81721782794629683,0.16120221726110748,0.041062614235808231,-0.22005438433472521,0.97462296794564873,-12.758846642919272,14.399876301729654,-5.6275778547988455,,0.5694113440762141,0.6346153846153846,0,3
-0.98722317493401601,0.15415931763035129,-0.040315104625273816,-0.15004962303304981,-0.98453929957930142,-0.090374101442497662,-0.053623814680064927,-0.083170141106310991,0.99509156067545612,6.97027836242862,21.242600660727245,-3.6823088453448389,,0.2882865759385608,0.2222222222222222,0,5
0.49999199897217234,-0.7954743533720896,-0.34238655652794753,0.86602907140654251,0.45984315005024101,0.19631078633277105,0.0012839168706388273,-0.39467053409030356,0.91882181138583197,1.6983391557763121,19.120391159269754,-4.1760611830157712,,0.1458067522738553,0.3571428571428572,0,3
0.1172912153039193,-0.96903906130873396,-0.21726957557471419,0.99224916030798116,0.10531060286000758,0.065964238746209006,-0.04104113400766049,-0.22332257965362234,0.97388020348306481,-8.12123288781879,9.6061872743077377,-4.7646270406892324,,0.2189841421966667,0.2923076923076923,1,3
0.30592791870492347,-0.90336768361389963,-0.30055770953168243,0.95184137624933185,0.28353583495925955,0.1166422940177923,-0.020151997832756275,-0.32176739812481447,0.94660426709757406,-17.699830226374885,4.8077458541869706,-5.7078953366643024,,0.2527023988829859,0.3888888888888889,0,1
0.42211949177074004,-0.89073433376804745,-0.16854519071752569,0.90648512305215934,0.41268506632837326,0.08930709778432791,-0.0099928150350907519,-0.19048197467566605,0.9816398326124175,-7.1319276012082664,22.703538021769312,-5.517104247636583,,0.5157140944125163,0.9056603773584906,1,5
-0.99561858786959201,0.083432877458503849,-0.042220640065662125,-0.079637437421806914,-0.99321456325898916,-0.084750869559803266,-0.04900516349781632,-0.081017197490713566,0.99550726148095114,-5.2945609755952265,0.62442966313465853,-3.8360333275068306,,0.1545152175075165,0.285171102661597,0,2
-0.98672129884639304,-0.1317117872405873,-0.09504253523963957,0.13558767476459871,-0.9901285312724265,-0.035517235425031837,-0.089426287269556495,-0.047932209026895711,0.99483940537304061,-7.2285853844574781,16.857685218769266,-5.1252597880061792,,0.1799735354875857,0.2941176470588235,0,3
0.86601929787370002,0.49956086867882854,0.021201749814500501,-0.49047141848668047,0.84049030549862869,0.23024733225486788,0.097202692133529708,-0.20979748532257111,0.97290115211891803,-7.3992542301780926,0.65229810731554516,-4.0709205232601304,,0.4590372162345485,0.2953191489361702,0,2
-0.98759643244600559,0.13514364860306019,-0.079934228351655937,-0.13786146158214438,-0.99001226957135613,0.029494465728454732,-0.075149877114716671,0.040148478681323055,0.99636368642640605,16.35321644541564,-12.278947262526462,-0.62501735070639663,,0.4196356426328794,0.8901098901098901,1,5
-0.53270139389873761,0.84029899850750134,0.10063209252337771,-0.84613630507110582,-0.52645582731945439,-0.083051882109957689,-0.016810061836877888,-0.12939032030519243,0.99145124279127372,-11.799235028412735,5.9703212951062703,-4.9584210686629699,,0.4270184851350067,0.12,0,2
-0.27456042921319179,-0.95641858181858574,-0.099398526459864883,0.95903597243435568,-0.27986939936702637,0.043853424892805221,-0.069760836342154506,-0.083286347320941492,0.99408088708252396,12.287489900030295,1.9510345174939971,-1.8907049614854361,,0.4888736835849615,0.9914529914529915,1,5
0.54637802076870479,-0.81746429319726976,-0.18227229018246671,0.83751117189117819,0.53150056763686604,0.12681554935872213,-0.006789357726498634,-0.2219443082153211,0.97503570635771286,-21.461650161766741,7.4463104662318766,-6.356435849431918,,0.1618990876978953,0.3571428571428572,0,2
-0.91430892267640618,0.4049918074866079,-0.0045639657141944168,-0.40426620017949522,-0.9132409554521097,-0.050594433264443059,-0.02465833138600896,-0.044413884694409433,0.9987088532398265,0.21069897418130309,30.515991838697865,-5.0918618104424764,,0.3735960238558992,0.6363636363636364,0,4
0.56024304651459178,-0.78428614109914463,-0.26650136530956214,0.82817859257512594,0.53647522271114656,0.16221761377023197,0.015746352985105294,-0.31159201577838502,0.95008550566295336,10.368990486416386,-7.0880033039763513,-1.5429204636430924,,0.3957894427934369,0.8636363636363636,0,4
0.92943917617616056,0.36557496321404909,-0.049977635598598504,-0.35582434278985808,0.92389202266885029,0.14075712247351935,0.097631218711768206,-0.11304192461165243,0.98878191145112848,-1.2898253658777481,-3.9626196607989574,-3.0313858290016547,0.7626502393385224,0.5684111509885661,0.9345794392523364,1,5
-0.8590770981824376,-0.49190066982399433,-0.14149300479229038,0.50324754785999015,-0.86218855954853002,-0.058075755324753044,-0.093426147043277508,-0.1210975590602039,0.98823425170265711,-7.559779911557774,14.005462072780832,-4.9406777977259813,,0.1872815184672781,0.4166666666666667,0,3
-0.97924281624859322,0.18674041821323317,-0.078813216093948632,-0.18909581782686269,-0.98167747867219701,0.023496798679576776,-0.072981357249058201,0.037912320864665457,0.99661245096614171,0.94238721998332098,-19.674111922388647,-1.7849486171780973,0.4003491596182496,0.4074529322975923,0.9503546099290781,1,5
0.56045977406881875,-0.82146256740877643,-0.10528101441813228,0.82815449925956797,0.5569238209798949,0.063213787904922991,0.0067057443183737584,-0.12261773106421502,0.9924313200528293,1.8497767913852279,-6.0783776244941388,-2.5819357538990628,0.8838993932704204,0.6870971713803495,0.9872340425531915,1,5
0.92746493130703445,0.37037785949026247,-0.051274188389952922,-0.36403221926241963,0.92574486022767244,0.10235720346377036,0.085377658286664909,-0.076267260088832001,0.99342536735480369,14.421573799731007,6.2693892686915778,-1.9304264658575916,,0.7385169518737129,0.9572649572649573,1,5
-0.78443022949653407,0.61966145431650055,-0.026246849075158542,-0.61848318282722248,-0.78469866023942136,-0.041551957575608436,-0.046344013765782281,-0.016361376861874995,0.9987915386782471,20.999762036102574,3.9184563250845859,-1.106286510656143,,0.1301444454894187,0.1764705882352941,0,2
0.31731750658781788,0.94468309580224341,0.08296655059950328,-0.94557412701321064,0.30853358505939649,0.10342435503110624,0.072105272595659201,-0.11126938211334657,0.99117100152699145,-25.98843819994643,-1.4495534185958736,-6.4199558355793407,,0.4859477102424804,0.8,0,1
0.020282128193006895,-0.98633867570257094,-0.16347676314773452,0.9980653389100369,0.01036265841682303,0.061304115497479182,-0.058772566239313193,-0.16440386894423831,0.98464062141159425,-8.7478313485252652,8.509068113397884,-4.7880253640233246,0.4969683073028492,0.3742195857403906,0.9776876267748479,1,5
0.88833875188020361,-0.44310903188078093,-0.12045184836107345,0.45723468207975976,0.87775717567290856,0.14310410915881819,0.042316750954471814,-0.18219968831036784,0.98235053120984339,-37.791047828260233,4.6511889938127222,-8.7280928209178654,,0.3312182648656117,0.8529411764705882,0,5
0.86437101629240431,-0.48982468779571464,-0.11373003745477332,0.50043415724558182,0.86008489968508184,0.099093993741314557,0.049278803308699513,-0.14256837152584137,0.98855746367367492,-9.8428346527979791,-6.2249108141230112,-3.8933068721266371,0.2900303552908038,0.2163672061990912,0.5540540540540541,1,3
-0.98801216127418823,0.14703680451895829,-0.047033469903463868,-0.14538196761119118,-0.98868815227447182,-0.036875751457940309,-0.051923527112523571,-0.029595872498422091,0.99821241810711347,-7.5596950839521186,-8.1131812880663823,-3.4698707756543983,,0.2601357424330613,0.1571428571428571,0,5
-0.19219484847463392,0.97756920696848104,0.0861370176337031,-0.98062365984867095,-0.19470217057679098,0.021640298465708391,0.037925953709977069,-0.080308843595848722,0.99604824766448297,4.6786695326473602,12.392885624566221,-3.4056916453796449,,0.311963331597979,0.3,0,5
0.64187427112806195,-0.74600649201850877,-0.17740274499020056,0.76662303903248352,0.62941527624191673,0.12698632232610979,0.016927376891248597,-0.21751028458339708,0.9759112357238392,-0.88768539097849408,-5.3240795451799308,-2.9222315170101814,,0.1439180483641062,0.2688172043010753,0,1
-0.83774175413539864,0.54231509448748938,-0.063899074086952598,-0.54418283996290273,-0.83882765890523991,0.015270734935258769,-0.045318760663262715,0.047565711879238234,0.99783952266151787,1.2261010402807946,4.0855663817034422,-3.3290902072710482,,0.1129458041443057,0.4680851063829787,0,5
-0.98652739350849805,0.13573826968689484,-0.091317161583881507,-0.11992942054319848,-0.97969994339006294,-0.16063920757299593,-0.11126830611410234,-0.14752336446785383,0.98277984360210757,-15.962657035736536,5.9800791436785401,-5.5010212942705552,,0.2436681857156021,0.2280701754385965,0,2
0.22142143515051674,0.95606872363683582,0.19210711527509694,-0.97331440639757727,0.20449380884284449,0.10412179619983326,0.060262877087133279,-0.21003542041374845,0.97583477485525327,-28.98934769357027,7.1540416997811267,-7.3835377112435783,,0.3343539299927894,0.1212121212121212,0,3
-0.16507752720043625,0.98614590865913088,-0.016298983043347575,-0.9856132179963909,-0.16433546220048445,0.039502409725897039,0.036276638821543625,0.022585453243432013,0.99908653417889703,0.42926882466862221,5.4899436166582554,-3.5204247244908204,,0.6779113190763386,0.7350993377483444,1,5
0.1476901563463649,-0.96496428756982267,-0.2168675665775123,0.98801535128006723,0.13399981410933087,0.076614068248531744,-0.044869626177540589,-0.22558362869129089,0.97318998305220861,-12.694050083346065,17.81741314451854,-5.8598598611376529,,0.1218796487460209,0.4285714285714285,0,2
0.98194237503488369,0.18813723783745195,-0.019838141287600131,-0.17932328642078141,0.95905521413265027,0.21921736973202485,0.060268823267947705,-0.21170138399139238,0.97547434254214316,-10.33146158087469,-12.734190795532138,-3.5318412446944052,,0.1001512786234619,0.2857142857142857,0,2
0.70919736113528309,-0.69759440520060334,-0.10198602253038033,0.70454566359733406,0.70652492288876223,0.06661787480263838,0.025583409955333779,-0.11909903093579133,0.99255272402286621,-8.9340949134553256,-2.3510270261864408,-4.0773116722734688,,0.09932094356648011,0.5980392156862745,0,2
0.4877585836203272,0.87274322625769574,-0.020268821524714799,-0.86865965260891764,0.48752132733575859,0.088053184622329736,0.086729303202817132,-0.02534198915019582,0.99590953984378761,2.2081814848691441,17.889188399484535,-4.0307702123295455,,0.607013252387049,0.8628318584070797,1,5
0.69517477757537682,-0.69546506126860053,-0.1818251280150433,0.71826599563209792,0.68214380289324217,0.13701748681455211,0.028740009423380109,-0.22584990752490219,0.97373807111016064,-6.6490426273563505,14.659194966047819,-4.9048677731848347,,0.1560915396310264,0.16,0,2
-0.64307398830647811,-0.75062010606946039,-0.1517409039378349,0.76211704932946045,-0.64670898001499044,-0.030742450932329822,-0.075056303432529309,-0.13541400050305744,0.98794210345687827,8.8134546916609633,-6.0373310420882147,-1.7864487515580103,,0.4692056609843437,0.4491978609625669,1,5
-0.88434585404147636,0.46160907772839965,-0.069638134656148792,-0.46349337189782053,-0.88600613914718951,0.012923451562151191,-0.055734232267434215,0.043705614653347116,0.99748860374509174,-7.6015590329743583,7.2787182275393416,-4.5532255994578303,0.2494143079974619,0.2070362830149145,0.7365591397849462,1,4
0.43581031267094383,-0.87799828709925798,-0.19796054965680246,0.89988207672643628,0.42916521207946567,0.077649653748764508,0.016781518291563498,-0.21198167041410981,0.97712954722097789,-0.68006003379055191,5.1493337039631557,-3.6290983063222741,,0.2547957293566149,0.2816229116945108,1,4
0.99223960733187444,-0.11156988123782695,-0.05488827964570242,0.12226030996693972,0.95584354272838701,0.26723685829472271,0.022649023128502453,-0.27187365342199504,0.96206638977063386,-11.411222170250234,11.881407134132651,-5.3053136763338182,,0.3741349396007964,0.4,0,3
0.99521741384463314,-0.04388856069941427,-0.087270232153545513,0.054895930940008039,0.99025057695164453,0.12802433992473472,0.080800593726963271,-0.13220283312648021,0.9879239216491833,7.5761783925852857,10.219889004402315,-2.9238765361847605,,0.143146433898579,0.3529411764705883,0,1
-0.88677923986092466,0.45745053185398726,-0.0660423398902963,-0.45845819387720343,-0.88871596765561311,0.00011532909434004995,-0.058640124646301472,0.030379923312142339,0.99781681487185547,4.5307404700699925,6.1122837111345643,-3.0366875034598158,,0.1249644692452211,0.5089285714285714,0,5
-0.99535440458961066,-0.033206575534498482,-0.09037108279385403,0.042696286597562506,-0.99353526686550941,-0.10518888061605787,-0.086293895350950375,-0.10855872528614233,0.99033750145564359,-8.3609952593570984,20.394991914561114,-5.4958329908308645,,0.1034149542147048,0.2142857142857143,0,2
-0.68314401180794038,-0.68579119807719358,-0.25100735401736857,0.71137265257445847,-0.70262361365824522,-0.01640142368845349,-0.16511574213300176,-0.18976430162092353,0.96784621791387493,-9.3919887152170229,2.7496674122300582,-4.4923284184033205,,0.2952820129503388,0.3172690763052209,1,5
-0.33204660356524346,-0.89434561026437853,-0.29981824904702314,0.94010609319578342,-0.33975613174692371,-0.027682205051772026,-0.077107629952861675,-0.29105274494703481,0.95359462721947463,19.773150085590316,-12.611311139400545,-0.25348510320934398,,0.3521871251650854,0.2424242424242424,0,4
-0.46088500787960929,0.88635162059511241,-0.044337503089722771,-0.88745056988406568,-0.46007600051175956,0.027596372325916146,0.0040614682394244372,0.052066096661089488,0.99863538193587864,-15.384388406355919,-11.971985063914918,-4.2778080618423431,,0.3374561957406285,0.3488372093023256,0,1
-0.25498146682108419,-0.94054277450536494,-0.22441867325051046,0.96489503156188716,-0.26260118453384884,0.0042656709442648686,-0.062944655412144598,-0.21545279577478332,0.97448348531305373,-5.1799360035290833,-7.00903594837499,-3.2912157454871465,,0.1214360401567938,0.25,0,3
-0.9651281818831815,-0.2433631653344919,-0.096446681089816202,0.25215477409117709,-0.96323027315399778,-0.092765353352970564,-0.070324692945588657,-0.11384994790534972,0.99100586624099107,-18.057439829490267,-27.642772615810685,-3.7815868443201381,,0.6776475974299497,0.72,0,4
-0.34170081949979186,0.93853506343305781,-0.048913031595639728,-0.93963895437218248,-0.34018666051595736,0.036765084432802457,0.017865759976029787,0.058523249343368118,0.99812616632706896,18.581703750664868,-2.1855870646322413,-0.98000441684509099,,0.390383189434083,0.8125,1,5
-0.94448309644293715,0.32816252064334817,-0.016156750247719103,-0.32347671815995932,-0.93736218823918227,-0.12928627486285971,-0.057571636610620675,-0.11688236866378401,0.99147567723747954,-3.4443818131615447,20.5029859579716,-4.8893717668822658,,0.2909991464612326,0.25,0,3
0.68822122623177717,-0.7026740454061231,-0.18055672149389468,0.72514224852596154,0.67406218985418609,0.14074403579438885,0.022809278084639662,-0.22779233990978195,0.97344254412455411,22.319293048284653,-16.915709737291529,0.25506264856999644,,0.1826008524903243,0.2380952380952381,0,1
0.280376348640826,-0.92035325879629359,-0.27265175984372625,0.95970246842320306,0.26315865549094353,0.098583437465983428,-0.018980917397443845,-0.28930503117512812,0.95704875722792149,25.790254609274903,-0.54741225532332083,-0.35087364457841008,,0.5424757393831173,0.3125,0,4
-0.79657615832824569,-0.58440916291911038,-0.15470085416441001,0.60119640401469776,-0.79266576025909974,-0.10121203640209399,-0.063476828707877936,-0.17362869235540418,0.98276333336574073,4.3190414755962729,21.19033391986655,-4.0281884260427603,,0.3721042786293892,0.125,0,2
0.92692138042922556,-0.35418086452981101,-0.12398657066027041,0.37295902303846401,0.90600869344024115,0.20012449761311182,0.041452643309841698,-0.23174158584859483,0.97189377801846455,13.956487679533975,25.133094774198888,-3.0961586614764007,,0.5194474753914163,0.6097560975609756,1,4
0.48152676199395156,0.8725613769688888,0.082271628802274455,-0.87521040744482625,0.47377938314384971,0.097672098411450303,0.046246299137154515,-0.11903671505040818,0.99181225052230859,30.795118916643837,-4.5373751563268723,0.37437406017503999,,0.2171004103822741,0.3333333333333333,0,4
0.9350198336743244,0.35120972353526692,-0.048883951660237096,-0.34191335366481013,0.92950977723433081,0.13822746692125529,0.093984941460435123,-0.11253134727739515,0.98919337172193611,-3.0531171989792214,7.3046389695824763,-4.0241483647505003,1.033928711520561,0.3973720490395831,0.5256410256410257,1,2
0.94242201535115422,-0.30348685573421597,-0.14048655942127472,0.32840382260682938,0.91919595628477957,0.21732400522475731,0.063179698311169263,-0.25094725012692876,0.96593674915857763,-4.3357142857728412,-3.8491834608987965,-3.4088407371962566,,0.1080552659716015,0.1720430107526882,0,3
0.99621343521158368,0.039374535276982925,-0.077514111461445767,-0.020423472668236606,0.97260453688197879,0.23156704558455946,0.084508421285133487,-0.22910709462675588,0.96972587153462142,8.0738579499643386,18.783944070521745,-3.3951088198343773,,0.7181411101683014,0.5365853658536586,0,1
0.19053604932886739,-0.92864567813381682,-0.31829737414803039,0.98136125356689508,0.17191943204442861,0.085870826729065583,-0.025022068334962254,-0.32872619817852189,0.94409373619748982,4.8534319791135996,19.638990653051888,-3.8376669049319951,,0.3261497144584518,0.2222222222222222,1,4
-0.56165564219199793,0.82668070006740213,-0.033792894666831642,-0.82732302363825871,-0.56159466497013344,0.012167449820366456,-0.0089193134232548339,0.034791556635949197,0.99935478856855642,26.669426653125715,-3.5989713394368703,-0.089864888992866737,,0.1925478089828491,0.3157894736842105,1,4
0.99759352610832275,-0.0018059263952302624,-0.0693101384836282,0.021490829058537973,0.95848037244732598,0.28434753366191406,0.065918896631704998,-0.28515279108416886,0.95621262531079776,-5.3600402687515221,23.092280354182101,-5.3427952157331928,,0.4158930360581282,0.125,0,2
-0.0031158089549496648,0.99503221885159543,0.099504649046292706,-0.99885193155086838,-0.0078534509888041112,0.047256133407891955,0.04780283016364497,-0.099243169814532128,0.99391432360818111,-8.9522674932265573,11.729085455775556,-4.9958026688678254,,0.2449576665289933,0.24,0,1
0.065716145434422987,0.96422373660777794,0.25681505795295118,-0.9964054513820122,0.049623246446896821,0.068656462684002648,0.053456194079368101,-0.26040376182806257,0.96401883598835547,12.674699722558177,7.815440098704669,-2.2113698365484837,,0.1799200218827321,0.4285714285714285,0,1
0.56176381229426164,-0.7693962431864082,-0.30405729750699795,0.82726551803035142,0.5256662089396269,0.19825942463604154,0.007292590389662716,-0.36291108793984495,0.93179523521840701,8.8043259884098823,12.127536667615878,-2.8955277009063414,,0.1651354484297739,0.3333333333333333,0,1
0.46046188231993185,0.87095474054337596,0.17150129694962674,-0.88447872142053108,0.43376528070211534,0.17188680173799131,0.075314316598411341,-0.2308365681221973,0.97007331296808608,-3.2300097395874841,19.352273514263587,-4.807439569304667,,0.262639435801461,0.1904761904761905,0,2
-0.9620286627598138,0.25965357515641779,-0.084147922951517268,-0.24237016545396334,-0.95442761038694557,-0.17413971238313966,-0.12552909991863401,-0.14713244862896385,0.98111899769297206,-1.2458938881659858,17.526484375633224,-4.420466803466744,,0.4115640593662074,0.3684210526315789,0,2
-0.85932657395967249,-0.49416623322165448,-0.13174814317573408,0.50221606834331478,-0.86404072929032294,-0.034822964050033434,-0.096627428737989032,-0.096090332869485331,0.99067138241927444,-0.33165633200501815,-5.8980461995265872,-2.8257629016564283,,0.07236770823069942,0.1754385964912281,0,3
0.51669140036690486,0.85249118171513028,0.079301840362168793,-0.85180506436217107,0.5025035493210559,0.14804835442076808,0.086360460361459446,-0.14404502080141837,0.98579556849707661,27.945894889330731,7.7517159220739007,-0.59720491445656698,,0.384842356114425,0.25,0,4
-0.69999688379952474,-0.70400805684745793,-0.11990420578453931,0.70984727769074463,-0.70430037802564471,-0.0088215570038753938,-0.078238130256248387,-0.091288736472798684,0.99274627250229741,-5.7404804774322793,14.62448175547982,-4.7972935513672423,,0.08511122967908948,0.5151515151515151,0,2
0.45830015610178648,0.88665463946490153,0.061680768740695543,-0.88509741786705487,0.44896615235063508,0.122604873184298,0.0810156022143243,-0.11078332166364817,0.99053698963694348,11.504234702384888,5.2376298196177817,-2.1795828837703346,,0.5909987118541007,0.515625,0,1
0.77574534273121576,0.63073941082235785,0.019671270073223685,-0.62384515259235285,0.76182475614970979,0.17447139165049025,0.095059922248298304,-0.14761719599321738,0.98446573055096587,-8.0661941412648552,11.706998467232976,-4.8658004387899085,,0.1857716288203009,0.4324324324324325,0,1
0.95211949720547073,0.30565002117874102,0.0068211138854256193,-0.29097145634524829,0.89909612873867983,0.3270500923091833,0.093830030552739224,-0.3133755188915614,0.94498238582839067,35.086982932779428,-16.582169709612668,1.4870553053482674,,0.5034021765201109,0.25,0,1
0.15032337788484823,0.97747191574746739,0.14816050751217483,-0.98735602953588453,0.14080710492720974,0.07281092048004284,0.050308577801628576,-0.15723235394470747,0.98627938935809834,-6.2442025409488595,7.6991810782370749,-4.4093163519915954,,0.3276025619516569,0.1555555555555556,0,2
0.72814260219533999,-0.6133840932282596,-0.30588936732542066,0.68484962361120194,0.66935629379028472,0.28799851562626161,0.028095264864299398,-0.41919220667598411,0.90746269893275766,-19.807164577442109,3.4495842424483412,-5.861343018926954,,0.7213726729737715,0.3684210526315789,0,1
-0.23452038727334809,-0.91503243164306081,-0.32820090949683045,0.9685301383502235,-0.24888954833740923,0.0018340762517740515,-0.083364015381072604,-0.31744234400877941,0.94460616087857285,-8.7711848484777324,15.092417091639376,-5.1875989256755277,,0.3820025236739535,0.1818181818181818,0,3
0.2935274944412623,0.94492279749971109,0.14478438027754933,-0.95409918495027701,0.2801577427795211,0.10586021177902293,0.059467262289856236,-0.16921154194085877,0.983784071221803,-9.9052312451037956,4.4650825592389207,-4.6507451105539559,,0.2970453203269021,0.2666666666666667,0,2
-0.54419137680439955,0.82901778147067062,0.12878378553676736,-0.8389248234158001,-0.53914608476938675,-0.074341374312090244,0.0078029525502387479,-0.14849584938067834,0.98888224609819453,23.047394336422393,-5.3200823752039712,-0.36830623815213936,,0.2522753956020978,0.2857142857142857,0,2
-0.36005617110522092,0.92396263915441801,0.12904493440600334,-0.93281483554216016,-0.35873004089810484,-0.034194156660099957,0.014698171365833285,-0.13268684638669262,0.99104902227612013,-12.925045605133979,-3.3244667564455646,-4.5400584672313702,,0.5103725762407039,0.25,0,1
-0.55576029697077511,-0.81265026337739821,-0.17529986236047274,0.82983459528930659,-0.55497374683574263,-0.058126455114078365,-0.050050342376331297,-0.17777426629223272,0.98279767677394791,-1.2884567872643529,24.149455273894649,-4.8828370868049706,,0.1691703020957632,0.3809523809523809,0,2
-0.33357782767006683,-0.87030800190556457,-0.36233936400295058,0.939876804260103,-0.33686652823014634,-0.056147439585286292,-0.073194437635209275,-0.35928390442282748,0.93035350825476759,-12.982949306844704,-1.1547241836503619,-4.6702611761691593,,0.3544045705244664,0.2352941176470588,0,1
0.44223098468550276,0.88903504983806181,0.11852609984102996,-0.89332049783568612,0.42480568319301215,0.14669226180518233,0.080064001465656426,-0.1707536579003604,0.98205546889315465,-12.127282008332438,-1.0900354184369072,-4.5817021381991898,,0.3761683625960648,0.22,0,1
0.97578488262259833,-0.16151066607693895,-0.14750650015706049,0.20658720737878464,0.90209410119693978,0.37887723385434413,0.071872029278686467,-0.40017563310260135,0.9136158241177168,-8.2559231712660779,1.3738720512926299,-4.2529072235859822,,0.244176865900753,0.2830188679245283,0,1
0.80769218908770624,0.58855595700988639,-0.035145599367285715,-0.58258286485955602,0.80582636125013274,0.10602396467970031,0.090722286450138231,-0.065159504161305268,0.99374227330767784,23.935146268677219,-23.18476977468854,0.78046576176931604,,0.1316396691964908,0.4666666666666667,0,2
-0.9879499570582404,-0.12289784364514764,-0.094079766028581521,0.1266752970175232,-0.99131702501954189,-0.035269321398708295,-0.088928350227259173,-0.046761906866336828,0.99493973314572182,-2.0829022417519529,20.959713469829872,-4.7542276079065227,,0.1162849199207295,0.3571428571428572,0,1
0.70014959298499557,-0.68022532736274688,-0.21698859752804756,0.71380037238842475,0.67396769642206811,0.1904115872463559,0.016720520957520833,-0.2882031370297255,0.95742330031451284,7.5062474582713214,23.80148047933956,-3.8012307208514029,,0.3309930443923079,0.6551724137931034,0,2
-0.88785228315031417,0.4597749679336533,0.018036135017864149,-0.45817117075583302,-0.87978407691692762,-0.1267247264414422,-0.042396952638174397,-0.12077647479967857,0.99177393671237324,21.18942239965887,6.7793601452058265,-1.2315504568653124,,0.3053612114605777,0.2272727272727273,0,2
-0.89067412215624853,0.45168741939275275,0.051750200806495443,-0.4515484940921109,-0.86560732941864793,-0.21639757101193058,-0.052948707296249654,-0.21610744184093297,0.97493282228911782,20.343425969086709,-3.7068313697165363,-0.71763089766463106,,0.2854998001007646,0.25,0,1
-0.53637176606686476,0.82252744433781266,0.18908710129836823,-0.8439705685967176,-0.52157264269490766,-0.1252024669676412,-0.0043598060559736918,-0.22673901672045099,0.97394579437861806,-1.293405088641526,37.318407664872737,-5.7460775259024421,,0.772789837612939,0.3714285714285714,0,1
0.04775999752865441,-0.95193826659365066,-0.30254341710031984,0.99799027474987045,0.058105478245494994,-0.02528171083094656,0.041646057925573583,-0.30072793350890681,0.95280024972011923,7.1302141921599729,8.7862689328207679,-2.908830508828522,,0.7648323359643345,0.3949579831932773,0,2
-0.70372996003304633,-0.68932467254642082,-0.17203383147118489,0.70436805635340483,-0.70858677812716897,-0.042076347896224359,-0.092896633635525139,-0.15078552212373436,0.98419202484934776,-24.980761691738135,1.1288108975328239,-6.4595551581116961,,0.3929910043103085,0.2727272727272727,0,1
0.14556112058331927,-0.950585754095293,-0.27422378504720002,0.98872467196892955,0.12992216244670882,0.074456394924174524,-0.035149441168559649,-0.28196977819662794,0.95877920345055645,29.138820669936216,-2.5860337160561335,0.11102361236322331,,0.1043805618670446,0.5,0,2
-0.86690157504503085,0.49801767529625746,-0.021448875890277198,-0.49634456781524849,-0.86636750061730083,-0.055221588843723753,-0.046083936298227192,-0.0372256493112307,0.99824371866224038,18.313271911691874,-7.0134836669296234,-0.7463545619140749,,0.3143931258625249,0.3541666666666667,0,2
-0.67172011361922379,-0.70744176326127184,-0.21981410453644795,0.73510860315755766,-0.67326210288369825,-0.079583179029022066,-0.091692041765477086,-0.21504486139967127,0.97229022265086817,-5.4450291927062597,18.14281160989168,-5.0074575000135955,,0.5835185085392584,0.4,0,1
0.62842343083651941,-0.71363350480379528,-0.30953386308627018,0.77772164318758075,0.58422530325293154,0.23201258749608711,0.015265559055197712,-0.38653333085320279,0.92214909144143309,-0.39743505382877919,12.964088484179781,-4.0164393284698852,,0.09135714104071684,0.4444444444444444,0,1
-0.47628496553557964,-0.84678898013234083,-0.23685661217538476,0.87545352741228022,-0.48181688021859959,-0.037863112362954275,-0.082059447635028468,-0.22539058778672266,0.97080653582008181,-4.2881442753603096,20.50366114278923,-4.9919005581606539,,0.2945839431461043,0.1666666666666667,0,1
-0.97751471583009819,0.20470518533425761,-0.050604025856349905,-0.19803813136470641,-0.97364402345200751,-0.11312919217320397,-0.072428439588176532,-0.10056392341915525,0.99229079328862446,1.7308615098279672,22.080789301140364,-4.4048700904589815,,0.4330457248149959,0.3333333333333333,0,1
-0.59998500187532988,-0.77692496360365981,-0.19080251165566656,0.7950939664592408,-0.60549231563678707,-0.034707927119196458,-0.088563999597864526,-0.17253016152038952,0.9810146590856712,-5.4976610242827526,7.903030216743848,-4.3363349532331545,,0.862551080502987,0.6222222222222222,1,1
-0.17572555618359487,0.98443834207243852,-0.0012959790263417489,-0.98389889789233942,-0.17558534917167015,0.033357815913269466,0.032611158062957189,0.007136933090138492,0.99944263294891567,25.940989257547155,10.482405131001478,-0.96258511059702856,,0.3006367152297656,0.2105263157894737,0,1
-0.41518641304662546,-0.89805680946805244,-0.14530729296748635,0.90634982375910189,-0.42209937782961909,0.019029246114672743,-0.078423462008007538,-0.12379855493466105,0.98920355761732259,30.791427753627183,-10.739096956266552,0.73642925953054061,,0.1158437338509814,0.1428571428571428,0,1
0.74473818485222809,-0.60811734681070506,-0.27487875241807286,0.66666573633455573,0.69666634968743057,0.26497696732111309,0.030361686720471667,-0.38059071155389268,0.92424503150322013,38.443649617778476,4.0286069951839085,0.71049363057001069,,0.3527475599112003,0.3157894736842105,0,1
0.88785518881761816,-0.44814672494044977,-0.10429610066910543,0.45712447501096692,0.8849458727706957,0.088927029704464672,0.052444046712463936,-0.12663062501330322,0.99056262132848549,29.297455250449385,-1.6303574679309882,0.073591123267932643,,0.08085835175770023,0.3571428571428572,0,1
-0.26383673389769313,-0.95956223144289932,-0.098135120290963107,0.96213778269208872,-0.26902316586047298,0.043788392831422253,-0.068418308679391027,-0.082866520493697068,0.99420927113898871,-2.9768682659761603,0.38778293663479868,-3.5400466501519365,,0.4581875845384088,0.2769299820466786,0,1
