axis_00,axis_01,axis_02,axis_10,axis_11,axis_12,axis_20,axis_21,axis_22,location_x,location_y,location_z,dbh,dbh_approximation,score,reconstructed,number_clusters
-0.74205705425453405,0.6587210208035803,0.12424952709195651,-0.66998320092083441,-0.73483299129342361,-0.10556034004603326,0.021767836708279576,-0.16157689085463514,0.98662002292006679,-12.700809712422451,14.199020491679764,-2.5899014702560637,,0.6014595720862574,0.2333333333333333,0,2
-0.98921600663707399,0.14602503835150732,0.011330506936555724,-0.14642162546832133,-0.98782635959996767,-0.052533711792407012,0.0035213361403267458,-0.053626219836138418,0.99855487016882094,1.5989980886772297,-8.5596982189108051,-1.3296980878736824,,0.1790101455113828,0.4150943396226415,1,3
-0.10358952268419003,-0.99204808385703025,-0.071482935765518535,0.99280692799885462,-0.10747096276128655,0.052767375153969322,-0.060030113339383788,-0.065502606656206636,0.99604507629610017,-7.7212742404467898,6.0244743404348373,-2.0853105186516081,,0.07417068684457452,0.3161764705882353,0,4
-0.19333755966934013,0.95783957839275746,0.21251807002109088,-0.98019707447789661,-0.19802295346727303,0.00077787214321179451,0.042828532616438653,-0.20815919860645879,0.97715682714160057,-17.800100522211796,-5.5218293172157544,-2.6343376023568941,,0.4171761461160009,0.3402061855670103,0,3
0.3267619828219363,0.94510424911841384,0.0021365581187957399,-0.94298018001158612,0.32587437363215366,0.067781064576821037,0.063363922602631934,-0.024163007018370968,0.99769793144229646,-6.8113489330890857,-4.8197419813783586,-1.9643331432986133,,0.1053502453439413,0.6431924882629108,0,5
0.56644332532259845,-0.82113415559301728,-0.06986170421639562,0.82387521748921666,0.56226692418237711,0.071312915924005182,-0.019276545452242045,-0.097952051989894665,0.99500442727979677,-24.757355016408248,6.8230323326356546,-3.4083880287564297,,0.08730599137276306,0.375,0,4
0.44677208068300905,-0.88880545669846334,-0.10207628551828628,0.89428342263586913,0.4404176044237269,0.079306328324671715,-0.025531704229252095,-0.12671698330019271,0.99161027537155366,5.2314849734211784,18.55108480419992,-1.256723090977327,0.1602851000527481,0.19756921473915,0.6153846153846154,1,5
-0.98520581149994901,0.17057390128704947,-0.016554551834572367,-0.16915849447770562,-0.98340084499602176,-0.065636741289818806,-0.027475675292222067,-0.061865355901558741,0.99770625186294715,-1.8658064757534221,10.911652121214464,-1.6179155395975906,0.4730438925452335,0.1939503758303886,0.5263157894736842,1,5
-0.60267037644768073,-0.79372347507765673,-0.082410329832247817,0.79550105562804752,-0.60572870202924189,0.016456306773753707,-0.062980059122496962,-0.055639775777932055,0.99646260717816637,-15.301619503759568,6.1788931579011317,-2.6902274500367809,0.2859850557272032,0.262147297702583,0.648936170212766,1,5
0.99518197800410146,0.084620912874147941,-0.049519004030668855,-0.080158454934675896,0.99306038152518705,0.086056381213329897,0.056457530572361005,-0.08167239282275425,0.99505887639489743,12.508936463404234,4.878572808475008,-0.39513322828591246,0.266853951382926,0.2304279011718699,0.5555555555555556,1,5
0.090226986466591733,0.99362056560022205,0.06765546932402064,-0.99440904386842899,0.086139752240567496,0.061078609648640557,0.054861137299866934,-0.072788149449135184,0.99583740686616917,-25.289412342379496,-26.829067008059752,-2.096394030826136,,0.506909806722794,0.8235294117647058,0,2
-0.67926223644598571,-0.71274666898251138,-0.17491426469197266,0.73070372799989525,-0.6790230265680457,-0.070709202211784006,-0.068373065058207561,-0.17584059612247263,0.98204134776996066,8.1447221677523931,8.9767375835749377,-0.83626088808989274,,0.3131424682980568,0.2352941176470588,0,5
-0.72480626162192363,-0.66690791787792825,-0.17288641411452085,0.68697305891163929,-0.71860794189509958,-0.10803074643301218,-0.052190990058021205,-0.19706967021085448,0.97899930829380488,-12.668602232562927,-11.348763341407697,-2.2802026579787205,,0.4063183809751679,0.4347826086956522,0,4
-0.89006556423814942,-0.44606439586179131,-0.093860780424412607,0.45337246521891483,-0.88765529157769862,-0.080755749736067278,-0.047293753696957486,-0.11443180536269471,0.99230472274532977,2.0541208274332212,4.2065490910931906,-1.2886015035157437,0.5512129215505804,0.3870329105589206,0.5317919075144508,1,5
-0.47583562466121326,-0.83897306817128736,-0.26401638052690823,0.8768891381882884,-0.47578936784339704,-0.068482967039850906,-0.068160821816302591,-0.26409973178789253,0.96208390176683101,-8.1088603076716961,15.712047295078733,-2.1583428835878222,,0.1947290471780488,0.1470588235294118,0,6
-0.29444125324144715,0.92925587122961506,0.22313196582941228,-0.95507326227456069,-0.29437137976917904,-0.03435919761899054,0.033755178533627757,-0.22322413972973826,0.97418251440070724,-1.866218963654958,19.196762827379665,-1.7698797877893904,,0.4412320089448485,0.1818181818181818,0,3
-0.99952227225687451,-0.010561893636838687,-0.029046061097143437,0.011210125988702135,-0.99968967929884833,-0.022245857562322904,-0.028802089121664563,-0.022560840103370308,0.99933049996287926,-12.116572417955558,18.165209545464485,-2.4353043348842336,0.8953612536892344,0.5392639454939823,0.6410256410256411,1,5
-0.9303366477904268,0.36571864883958416,-0.026899659273323013,-0.36580604836571784,-0.93068941657553161,-0.0017733734392243034,-0.025683783933250708,0.008190223760430014,0.99963656569656589,8.4166924070642999,-15.819938845806773,-0.37478802072564399,0.2112368644052961,0.1902551960001776,0.3055555555555556,1,5
0.95773823246982059,-0.27933521723313476,-0.068624445199225989,0.28580557903132153,0.95105703983122403,0.11749756585581118,0.032444553628538354,-0.13214516033811893,0.99069925181109231,15.14028091084973,-2.4507451863431111,-0.049313784099292803,,0.0844115095315869,0.1666666666666667,0,4
0.64833638299647767,-0.74414419303783719,-0.16096382963607528,0.76124610515696711,0.63003202964463501,0.1535057295517335,-0.01281802895896942,-0.22205643784841822,0.97494955589695997,-6.2034767079291298,-11.892738349987315,-1.9332211497072971,,0.1964456761772896,0.78125,0,6
-0.23231565279809516,0.9723195613675254,-0.024982154571980896,-0.97215740670457673,-0.23131429074601678,0.037465657422497599,0.03064986222526371,0.032990445264207177,0.99898559372337414,-12.307332297489358,6.1529776659671676,-2.4441774221510713,,0.06750348458104433,0.2702702702702703,0,2
-0.56502140803103196,0.82359612651906944,0.04939867254709128,-0.82497073452050662,-0.56489314354788345,-0.017861230564700001,0.013194531114267974,-0.050844436818345641,0.99861942079718224,-7.3874114953976022,-5.601366914671897,-1.9734685871481883,,0.07656321316266186,0.3333333333333333,0,3
0.90465908795824057,-0.41709795834973945,-0.08729964326984177,0.42483722800164397,0.86679031015274299,0.26112810635622669,-0.033245515162825777,-0.27332005298877876,0.96134847186427042,-4.3030161568557146,13.399344618884806,-1.8951745193912792,0.8125397312394933,0.5941139506779709,0.2,1,4
0.95377130533386034,-0.2962689356243563,-0.050448140756177325,0.29915746769853202,0.95197729671313502,0.065146266684690243,0.028724669570695811,-0.077226577852201925,0.9965996934734086,-7.0407922087887638,11.646299970599468,-2.0399444790985171,0.1629752055146508,0.1399151369287565,0.4945054945054945,1,5
0.96444078553598966,0.26418732179621113,-0.0076831111451603519,-0.25445235843577757,0.93597827255291255,0.24330776928683559,0.071470053037578779,-0.23270095038699473,0.96991870752542708,3.0155052645664204,6.9773141900869939,-1.174891245354907,,0.3328764379161247,0.2535211267605634,0,4
0.45398322516753542,-0.8847361460905333,-0.1055518027669485,0.89071800186690864,0.44760486795704796,0.079191687261821395,-0.022818247450302295,-0.12996858844360701,0.99125551378101917,4.7890245661345583,5.9555477061919531,-1.0423439910216332,0.2159501185857564,0.1751244134784103,0.7717391304347826,1,5
0.0034415619030733458,-0.98718804871976784,-0.15952401736580457,0.99891974610483969,-0.0039987653360955642,0.046296335898532548,-0.04634108860946435,-0.15951102263055381,0.98610787298644242,-34.946549640219096,6.288639074632381,-4.1322942941826888,0.4461162995239916,0.3745846259698804,0.5777777777777777,1,5
0.66579575796065404,-0.71894133578396879,-0.19959800696089269,0.74580737277366815,0.63333506306944432,0.20653827878449343,-0.022076489712733086,-0.28637397505357459,0.95786354717881284,2.2327746082227451,6.1869260833577995,-1.26135226350729,,0.3168971355000136,0.2409638554216867,0,5
0.56867897504234866,-0.80616753737287095,-0.1633956089708177,0.82254849351742143,0.55630858563448593,0.11804547158437757,-0.0042660469997558162,-0.20153078979530231,0.97947288967458279,-5.172202193226572,-17.76907738758236,-1.5156532120272408,,0.1684147811511918,0.2258064516129032,0,5
-0.55541038895253303,0.83143598356159076,0.015280873095685614,-0.83153556755803582,-0.55547143125884191,-0.00029823009364492647,0.0082401292181078726,-0.012872229574711937,0.99988319616655463,-4.9139621839251264,16.185145785170064,-1.8967571039860438,0.2625492830279597,0.1149977053072564,0.2941176470588235,1,5
-0.99664437437047071,-0.081200141346256638,-0.010321244161520995,0.081750114219659803,-0.9811062638412259,-0.1753494165276408,0.0041121601095251235,-0.17560477242051098,0.98445215934669728,-2.370723249870808,12.644724448835621,-1.702481534418262,,0.2506258317812058,0.2857142857142857,0,3
0.62703574587744859,0.77647313929801143,0.062575053660397312,-0.77650301701761337,0.61659936951348859,0.12980093250093006,0.062203198908532827,-0.12997954248364663,0.98956358086849916,-8.7994180503799964,11.529897920087299,-2.1925044811959511,,0.2511891848679489,0.6417910447761194,0,6
-0.62366816427098715,-0.77182538732425487,-0.12378849848278289,0.77886746810647645,-0.62701887868418316,-0.014587422631751121,-0.066358782389859289,-0.10551254548817675,0.99220139827775988,-12.401445182557877,-15.663021535288717,-2.2295032555074821,0.3148482897671352,0.2750752680422233,0.8947368421052632,1,5
-0.63080266706621979,-0.73393491958122103,-0.25184822620271025,0.77250966232292562,-0.62451208114987677,-0.11494991133345964,-0.072916505949368313,-0.26706589882865522,0.96091570329711018,20.309165460434496,-5.1221367715755957,0.42857020200298834,,0.4765154542256483,0.2045454545454546,0,2
-0.97062368335126847,0.21770531803519247,-0.10244051843295511,-0.2041120476720312,-0.97047877064305732,-0.12848823964188785,-0.12738892146787092,-0.10380438444659477,0.98640595722902902,-11.139865973938235,9.3935331502808879,-2.4546195849922152,,0.1977506994148314,0.1111111111111111,0,2
-0.079526231655482615,-0.99406209007806057,-0.074270717973624681,0.99520391422537102,-0.083433188467834471,0.05106928795853799,-0.056962685937197367,-0.069853161215008619,0.99592961010258729,-0.27476081800328511,11.583632431092786,-1.5096056021332047,0.3100386417061991,0.2631054274827324,0.7134146341463414,1,5
0.99886995469358852,0.011843912108354025,-0.046027549971695718,-0.0036519929041640181,0.98471499969262821,0.1741350979216249,0.047386459650994153,-0.17377022508564446,0.98364548101205074,-13.448579235585038,11.917063197305424,-2.6123709549392622,0.4394331194220326,0.2624525587717977,0.8333333333333334,1,2
0.93797795000120288,-0.33467943066337236,-0.090482285572276569,0.34570736803609359,0.92257565363494043,0.17129091921529432,0.026149206433445944,-0.19194749805846523,0.9810567654279736,-11.766900286487379,-16.299781039358258,-2.1717916825518579,,0.1879336780773158,0.3548387096774194,0,5
-0.97558814803372595,-0.20722784506128972,-0.072693779977233669,0.21123477309390856,-0.97602239730737728,-0.052537135345623036,-0.060063600059347896,-0.06661006069366307,0.99596960985880312,14.072701921846404,19.585851599288855,-0.72271151718619941,0.4570661440430567,0.3515123046298344,0.875,1,5
-0.99208777523896863,-0.11544701923421716,-0.049333882589227662,0.11471341319857609,-0.99324515949711345,0.017460984161432637,-0.051016458655282607,0.011663570872050461,0.99862970217232472,1.4484357510372878,16.641983790948768,-1.5414948660967966,0.3279211950624234,0.232702392472647,0.75,1,5
-0.39993719470619998,-0.89544486849934302,-0.19552168107074228,0.91315820807689385,-0.40760376566647299,-0.0011212654932221825,-0.078691342041742565,-0.17899066370262118,0.98069873814284281,-11.341760771864498,14.303761800085983,-2.4901182907852162,,0.1840681048956981,0.2307692307692308,0,2
0.4928071988326389,-0.86476045970417226,-0.096594058362600529,0.86958226250494919,0.48547943215907119,0.090202049241022139,-0.031108736964109155,-0.12844869903091713,0.99122811612754602,3.9004827912778963,-26.34116929075752,-0.24141031838617247,0.2956798365574796,0.2660576151888742,0.6428571428571429,1,3
-0.15755993213072311,-0.98193004346082924,-0.10482488986865435,0.9858442245781327,-0.16256748458955331,0.041024112667614125,-0.057323927402976399,-0.09687725586141932,0.99364418412420608,-21.575955469811024,8.7991060452647947,-3.2031569256733703,,0.07334840350052278,0.1904761904761905,0,1
0.97799982415901421,-0.18787633536120771,-0.090657744049700673,0.20606328934651702,0.93772349550634482,0.27966509749887564,0.032469442998481257,-0.29219364912092982,0.95580782936988129,4.6247696226176984,13.701977988849313,-1.2231644102555752,,0.5046037955112896,0.5147058823529411,0,3
-0.6902246490807844,-0.7067553597380396,-0.15519921160515909,0.72182842646505752,-0.68749433717267183,-0.079468604508247331,-0.050533716945103689,-0.16687839236121413,0.98468164683548842,-5.3189629392786077,8.0195074910247701,-1.9386593542257249,0.3173209536166187,0.2186410326504817,0.2093023255813954,1,5
0.95479704843186519,0.29590071971819309,0.028378872001090929,-0.29514678893393748,0.93232494182878911,0.20894634676378274,0.035369044202306729,-0.20787728811537004,0.9775152499056039,-10.338667770785641,-26.136346230267108,-1.3036292435300687,,0.1454252568603135,0.3043478260869565,0,3
0.98885848388366071,-0.13173760314956043,-0.069311635153974038,0.14223355632394039,0.97353907161418785,0.17886109553513929,0.043914852917357416,-0.18672675211922557,0.9814298781554659,10.494353537396654,26.325236866526915,-1.1212688894559264,,0.2056014877672099,0.3157894736842105,0,5
-0.028175651054506673,0.99893778669454059,0.036461363132345007,-0.99862026781287394,-0.029746237052894333,0.043274959208970787,0.044313580322512168,-0.0351917560659748,0.99839763967268802,-9.0617006465854235,7.8393106293248209,-2.269506204504284,,0.1028041007357169,0.2333333333333333,0,4
0.93656896632224351,0.34953617451716834,-0.025749447100622356,-0.34653236772786761,0.93450894122226202,0.08129180089384011,0.052477513651105472,-0.067212361062155307,0.99635767126140407,19.044355634310804,-1.971610932694255,0.27732732597394127,0.2496850876176185,0.1755684506642244,0.3939393939393939,1,5
-0.79782122856162818,0.59907710966565364,0.06773406772858416,-0.60286299497759332,-0.79158815791332815,-0.099721600157788845,-0.0061234420925156364,-0.12039437248488798,0.99270725721680386,18.445319682710451,-2.8798024025962228,0.26416754086642502,,0.09928005082709454,0.6666666666666666,0,5
-0.87973629855972446,-0.43847380628469512,-0.18386072500305151,0.46814793506604291,-0.86638432345023919,-0.17382668084351041,-0.083075603457550357,-0.23899565954611651,0.96746034483501242,3.251088228050071,-16.154098421993918,-0.83053802081897354,,0.2005403499726587,0.4545454545454545,0,3
-0.70912122408085643,0.70504724129539165,0.0074482950952411671,-0.70508656709717576,-0.70908388638985276,-0.0072783900267795109,0.00014985722365927465,-0.0104129536645581,0.99994577249908534,3.8429258685517094,6.0529665307513945,-1.115136899975731,,0.06680583838407279,0.1739130434782609,0,5
0.14438307190770289,-0.9841734580919822,-0.10274304323779895,0.98858068543717992,0.13893853864356034,0.058346472559591453,-0.043148081383190151,-0.10999403105105743,0.99299524480537593,-3.8017763397374376,2.4304678661445598,-1.6886404170003362,0.9175835693516733,0.7987980718061773,0.9949855351976856,1,5
0.76721629016967141,-0.6322319420510909,-0.10799044193164273,0.64137417492052862,0.75737053341939342,0.12259299675362054,0.0042815701905597071,-0.16331762476330602,0.98656425112527479,15.001819195428247,9.4178257760933946,-0.3534187025090576,0.6439275023919078,0.4727895149696068,0.9318181818181818,1,4
0.50916457134722659,-0.81364394115584149,-0.28059753438899709,0.8606422049620942,0.47874849728492674,0.17347873467779434,-0.0068142734593812085,-0.32982330628355205,0.94401808897362083,6.1529188338731009,2.1933078888351987,-0.92341255763025909,0.5357094025970695,0.3752580663528108,0.131578947368421,1,5
0.96355472756850158,-0.26048271877164486,-0.060918307607173754,0.26523672040156976,0.95989370235325855,0.090849118505202914,0.034810474443902104,-0.1036958697532601,0.99399969691399037,8.5007297694387898,-3.0123081504649978,-0.59219050366181303,,0.08906793893427492,0.2894736842105263,0,5
-0.79473659783502903,-0.58128450585887181,-0.17464839910520372,0.60320707855965539,-0.78835107985011943,-0.12101155017053408,-0.067342114884587093,-0.20152145828064399,0.97716638369077835,13.199354327802137,-4.6133527894783013,-0.18077051546093087,,0.08495792529052892,0.2941176470588235,0,5
0.58705400328933444,0.80183384000004099,0.11149031461411431,-0.80540566260536395,0.56457134899564188,0.18050182973159845,0.081788237939082117,-0.19575925246084594,0.97723538577498836,-1.1313136257311605,-19.620748870565315,-1.0733218704865177,,0.1399287302656112,0.2631578947368421,0,5
-0.81859185614675845,-0.56312101576203488,-0.11314634177621466,0.57338153034735106,-0.81274774795863858,-0.10331853098399836,-0.033778598353626461,-0.14945173065339784,0.98819187736894987,-1.7300691528052941,9.8876746746437529,-1.5483888127163234,,0.2463200817645136,0.1666666666666667,0,5
0.58271032962615699,0.81221605719570222,0.027454474688887308,-0.8098731423255433,0.57756104187204671,0.10260963040292748,0.067484554430810556,-0.082026333242094296,0.99434275557683416,-18.209143124927088,0.49472983433705375,-2.8049027992097448,,0.08513631064543703,0.2456140350877193,0,5
-0.99910435364875694,-0.016304245512698455,-0.039046921752709719,0.016078293223059887,-0.99985216638113694,0.0060937566394611772,-0.039140503409305957,0.0054604909311637218,0.99921879687666892,15.102012079982357,-12.274363301219095,0.13179932015602039,0.6186277189175331,0.5709281621674742,0.7441860465116279,1,5
0.87724085818924813,0.47993670476654593,0.010451609503894808,-0.47510650106136271,0.86488381204140086,0.16201791357119938,0.068718915682815782,-0.14709436116508542,0.98673246604174036,-23.046615033083036,-25.63635806605361,-2.0453816404752776,,0.3311155336614255,0.2,0,2
-0.87073589302059318,0.48684592253829201,0.069282409841680562,-0.49139016474494823,-0.85602217196027619,-0.16050466380870185,-0.018833762172328426,-0.17380186656147048,0.98460052842875623,-2.6010348659151936,-13.949756135463771,-1.6113643101232822,0.443382539668811,0.3338161952353222,0.3057851239669421,1,3
0.097027767720663002,-0.99260809172030096,-0.072902596267393996,0.99431189800860931,0.093440111449063903,0.051115506951431258,-0.043925639092224571,-0.077447542399795358,0.99602832108658945,4.6609082269769724,7.9615100533374497,-1.0320554027938034,,0.06870094270717833,0.2941176470588235,0,5
-0.99725030758864053,-0.049107513579896636,-0.055500235354106579,0.055004517016668003,-0.9923784239419835,-0.11027042578219592,-0.049662129657557307,-0.11301997966918934,0.99235082358682569,-6.6850149058625465,-9.0511978501388555,-1.96618038298799,,0.09962877165702769,0.3684210526315789,0,5
0.99196015205143695,-0.013920493836005202,-0.12578265617108847,0.048816839868863697,0.95909593652368308,0.27884027809658224,0.11675604004637292,-0.28273875644333479,0.95206450554443456,-18.551595254098409,-7.1624008009725006,-2.6517657849088394,,0.2691668215513976,0.2580645161290323,0,4
0.99809714336291988,0.029403042158028719,-0.054199202232435552,-0.018627905335012091,0.98169795437367791,0.18953133651553708,0.058780043838101148,-0.18816106794549478,0.98037764099147129,-13.926179976401817,-0.52498852713088984,-2.4698656964422274,0.1689118742735196,0.1842037223222059,0.2151898734177215,1,5
0.2100715805741982,-0.97458756253555767,-0.077775407334571056,0.97697799437649557,0.20622726669580621,0.054628865769448268,-0.037201203463567201,-0.087460833646707953,0.99547309006255158,-6.5130684265654653,7.9788216364111335,-2.0301780637707556,,0.09929617487325426,0.4639175257731959,1,5
-0.76214007188163113,0.64661840019831707,0.032049264534948392,-0.64740209009079164,-0.76091763254936318,-0.043300002558275229,-0.0036117278879337811,-0.053749427908036967,0.99854792294672678,-2.7081351985812385,15.535494290363076,-1.7473303393400743,,0.2119442977306557,0.2,0,5
-0.99838902843699662,0.050588077466694532,-0.025694246726716604,-0.04513654422100126,-0.9825224648229427,-0.18058875517050896,-0.034380812561882086,-0.17913808231772546,0.98322302006773221,-19.70865965697481,-11.271810149887362,-2.6099897048191023,0.4174452764292264,0.3058162091368477,0.25,1,2
0.99370174488626373,0.10194693862304531,-0.046515200906622249,-0.09317426944435403,0.98230922682482258,0.16244118445865083,0.062252692500046274,-0.15708406857542093,0.98562122424199383,-2.4603565337853932,-16.633503706017994,-1.3976475047856773,,0.2247656138085937,0.325,0,5
-0.98567505003553157,0.16692971233675161,-0.024065886159076681,-0.16627137939133724,-0.98570551130277118,-0.027174866745653049,-0.028258169310028419,-0.022784120051285904,0.99934096270528916,11.910352054819869,-3.1172202526883854,-0.31434230687930909,,0.07471681577941024,0.4285714285714285,0,5
-0.84706640619831597,0.53048853136947172,-0.032564114846426739,-0.53134267104672828,-0.84667338923204494,0.028620585096233962,-0.012388277329729552,0.041546239923532798,0.99905977825804726,6.0809289349317748,13.470254368039363,-1.1345166326556855,0.2845538581924279,0.2893599386701401,0.865979381443299,1,5
0.95221528513650078,0.30287123084636214,-0.039434354033272161,-0.29993035446471417,0.95163599064563764,0.066563682128966281,0.057687374901989788,-0.05155539577488269,0.99700261180370642,14.086672530724007,-4.1301092476167067,-0.11940599531214457,0.1889414357665318,0.2032253795122143,0.7758620689655172,1,5
-0.41535253632789232,0.9069571443070793,0.070078591283879332,-0.90926943488628376,-0.41619890173712371,-0.0027511769096747137,0.026671433174153231,-0.064863029401640002,0.99753767952357442,0.57163928413783915,2.0459977100044098,-1.3306221590156815,0.7371431965639507,0.6247255156227478,0.9545126353790614,1,5
-0.98642102329882908,-0.16051341193511018,-0.034770812228663267,0.16356747498543936,-0.97922208625409846,-0.11987404606110114,-0.014806955155567269,-0.1239336531419977,0.99218002585110576,-2.2537830369114964,-14.611733796230331,-1.540506959042405,0.455226289651133,0.2869984878233566,0.1739130434782609,1,3
-0.89991561116360919,-0.42168743967306616,-0.11104771949932807,0.42775615797502409,-0.90313904785923627,-0.036939539065310674,-0.084714592004408659,-0.080743813718981872,0.99312832728084066,-28.663450287632802,5.7381953316882894,-3.6340385915257651,0.6272321036718422,0.3105781485152485,0.5,1,4
0.7403032553967086,-0.66181367993620155,-0.1181259628461899,0.67218211157675445,0.72579636670070991,0.14625608691697112,-0.011058884448801869,-0.18767601640420681,0.98216872987353698,11.548781449803368,-18.401669285615178,0.055816519053620429,,0.1286660528936599,0.25,0,2
0.5499024160912116,-0.82037725121765748,-0.15680720156169053,0.83504048056034896,0.53601474343110433,0.12407896941072787,-0.01774059194585367,-0.19917168601246438,0.97980401657084604,5.3182169607957652,-10.018605407393663,-0.94272067966515483,,0.07466493722052266,0.1363636363636364,0,2
-0.69879672443289442,0.70193775369685396,0.13771901777485113,-0.71518853819713024,-0.6892922090161373,-0.11567888926292046,0.013729266306198334,-0.17933109190730498,0.98369297380942244,23.258640628009449,2.3159538321241953,0.41761645704109857,,0.4117433102529366,0.1578947368421053,0,3
-0.23567632746912662,-0.96871389657072149,-0.077782101163660952,0.9698263165448785,-0.23957444977930678,0.045177414157243419,-0.062398592994215019,-0.064787881611543571,0.9959462565764432,-14.178549906903315,7.2734528506964002,-2.6266097918154689,0.385142016364215,0.26071467301597,0.9202127659574468,1,4
-0.44097504739540916,0.87379984954794809,0.20497519485196783,-0.89684066673944574,-0.43787623615436488,-0.062779139000427739,0.034897364613463731,-0.21151412421224292,0.9767517336569026,-2.4691260707588363,17.276482324539071,-1.7890111963246049,,0.313589848569908,0.5925925925925926,0,3
0.85401077637343692,-0.51587719173602475,-0.067352185447785748,0.52007632326874598,0.84992828391361475,0.084513491105983704,0.013645944939905707,-0.10720370912524982,0.99414342674308653,-18.09824284162902,1.6650708582407479,-2.8416712476869468,0.1774558194120044,0.1139254916778954,0.6422764227642277,1,5
0.38741493325634735,-0.91251506500824442,-0.13124757377940252,0.92156732337518743,0.37947263935028502,0.081940127359072787,-0.024966737413456976,-0.15269830423920322,0.98795743324568364,-27.109478432903156,7.8936450049508737,-3.5742918707622282,0.2312632374637855,0.1817956621854941,0.6956521739130435,1,4
-0.16207128823942293,0.98665104864086128,-0.0158935755669736,-0.9858518533985724,-0.16119994142479585,0.045942377335550434,0.042767051324748249,0.023114651209385512,0.99881764713107435,-3.2871597202192118,4.3151697032686478,-1.6706100257799501,,0.06950469379886146,0.3258426966292135,0,5
-0.30824377895791988,-0.94985340854892131,-0.052576373037104135,0.94928105711186594,-0.31072244696802204,0.048135595548224164,-0.062058418786805541,-0.035072257101595394,0.99745610902910453,0.81606817139821586,5.4967895082287868,-1.3983891603514358,,0.0669567292255516,0.2658227848101266,0,5
0.47522123324952392,-0.84204650341481335,-0.25519103737335713,0.87913156842698459,0.44256407970289391,0.17681832696822614,-0.035950867359685383,-0.30837432033750639,0.95058551098387234,-18.394649833225635,6.5484943276614098,-2.9485529644012263,,0.290590364558477,0.25,0,5
-0.53093305468577423,-0.82455816734128928,-0.19548381035985263,0.84077049319469943,-0.54139169830145883,8.2361417463437659e-05,-0.10590122386060426,-0.16431329124887045,0.98070692518396618,4.3006081662330686,-6.3385884093521154,-1.0554238316177769,0.4204333512048723,0.1666050933714716,0.2307692307692308,1,3
0.26473016204208422,-0.94787889239736345,-0.17732328288388857,0.9637820255839562,0.25391430898552941,0.081558144005901861,-0.032282324365790774,-0.19249189343956508,0.98076741508555099,6.3542676330038512,7.3814999915975985,-0.90053805421607613,0.2686581916816537,0.2170285342042622,0.4,1,5
-0.99071867712383155,-0.12629190265874954,-0.050267863698762807,0.12993686248002501,-0.98849468499228665,-0.077425251119038627,-0.039911333814488893,-0.083238290857225283,0.99573012024760799,-6.3093034273229209,20.162054868868402,-2.0786443459814232,0.2125818306925299,0.2034000075552639,0.5277777777777778,1,5
0.076208557988856909,-0.98323169173471781,-0.16567346214087578,0.99573348869206213,0.066376557467302005,0.064101264542317016,-0.052029560697676287,-0.16985167937725879,0.98409518433245657,-9.4243615362124018,15.049651087572322,-2.3037557192768947,,0.09374065580669085,0.2916666666666667,0,2
0.87648187350671813,-0.47469770447024456,-0.080259670973876041,0.48098884021406246,0.87059017667036731,0.10354940789106754,0.020718614907509484,-0.12936318508656103,0.99138080743000845,13.9576268840016,-1.7690858753229217,-0.16145093876169594,,0.104968627436728,0.40625,0,5
-0.99719482293838424,0.060682971415050205,-0.043818513041012849,-0.061117530438435319,-0.99809313434958058,0.0086453824286288599,-0.043210329528853814,0.011299209904702236,0.99900209973630094,-19.454633850480946,0.91804748911742751,-2.9038444804218813,0.1758867020577049,0.1716790035608802,0.696969696969697,1,5
-0.76929237763098857,-0.62751460212993759,-0.1200610754265001,0.63530537289905964,-0.771237057007083,-0.039755314923177784,-0.067648509846471055,-0.10685890703521492,0.99197018760786959,10.86104157469739,13.012639148766844,-0.78718640397716544,,0.1257626076540503,0.2,0,5
-0.84945392849829937,0.52733925156448314,-0.018475311045209265,-0.52434403839779375,-0.84751449008036339,-0.082356047139930985,-0.059087670080137135,-0.060270248574505067,0.99643170582898877,5.8259301282568661,4.8933194476649033,-0.98045842774882919,0.6302364881728015,0.6556850812821264,0.5432098765432098,1,3
0.38864395976472971,-0.90999060362326367,-0.14447482083657459,0.92115408001344035,0.38020589411824907,0.083178356273342371,-0.020761344199825952,-0.16541033642161471,0.98600628151746839,0.63112433728873973,-7.6267445928570874,-1.4215676114813263,,0.1309033397162269,0.2063492063492063,0,5
-0.45427289037852964,-0.88160474902437691,-0.1280984292050511,0.88913237829152147,-0.45763635500058791,-0.0035468937731807544,-0.055495539827979321,-0.11550771870070363,0.99175511694155627,-1.1036105080846468,22.342471160307934,-1.8049641663312304,,0.2381562063396177,0.2777777777777778,1,5
-0.98989062633784508,0.13598251971571776,-0.040315037147875599,-0.12794773445163085,-0.97880640269075836,-0.15989810286639691,-0.061203963410592102,-0.15312341552924674,0.98630993834569758,-13.161172114252903,-22.236387104320173,-1.7647472838904932,,0.4036527137973903,0.2592592592592592,0,4
-0.58023950006868219,-0.78640107265298453,-0.21188552449443257,0.81316337612706102,-0.57397148246496155,-0.096550821035420592,-0.045688579379154298,-0.22832014857915914,0.97251347726759307,-11.031394349703501,-0.88934296588778183,-2.2465705514716912,0.5004526925963878,0.4028695596765935,0.2015113350125945,1,5
0.99924210490777732,0.023136066362257571,-0.031303964808879058,-0.018679153830017892,0.99055384411869851,0.13584613028667053,0.034151207762959941,-0.13515844159707432,0.99023527036426107,-21.280325010809111,0.081151901404122956,-2.9919755652850419,,0.1648807801339521,0.6891891891891891,1,4
-0.82702380584689428,0.56013545336859605,0.047748282085082909,-0.56107844465920353,-0.82772266130321148,-0.0081347958756532949,0.034965747544251191,-0.033518201692317652,0.9988262745112314,-26.935361411026868,2.2828369588587942,-3.4271369777658127,,0.2019094205388619,0.7538461538461538,0,5
0.94739889203477534,0.3200104056907121,0.0053553357452837186,-0.31488996882906151,0.92898471226794488,0.1945037580697975,0.057268201491853438,-0.18595898639782779,0.98088715379282021,-0.32449463415324342,16.409466709593534,-1.6562245646553024,0.6297900945492324,0.3869587035203356,0.25,1,5
-0.98965603034867522,-0.13252529669551091,-0.054936211466308262,0.13346340267250584,-0.99095823847931042,-0.013758260684410308,-0.052616173764164033,-0.02094791936566557,0.99839507357191559,-33.69666979049375,6.4173685956654323,-4.0275836584911806,,0.2416298966036141,0.2727272727272727,0,1
-0.99836740129596235,0.011385402140870271,-0.05597235610226773,-0.0074902240251633421,-0.99756672924180001,-0.0693146251080618,-0.056625335085995439,-0.068782216654517295,0.99602338230510001,-6.5468065999749205,-5.5429306557891618,-1.9497671776109162,,0.1504771988580521,0.52,0,6
-0.94137577038885811,-0.33000271910451895,-0.070070423920568864,0.33424910915006323,-0.94049623060046506,-0.061191284172714952,-0.045707679411378432,-0.081024969052390511,0.9956634785071139,-0.031227931308092639,-14.453809961573917,-1.2550786612789868,,0.2555954491848804,0.4347826086956522,0,5
0.97651466757183025,0.21169878554341326,-0.040034088181495175,-0.20414831709504139,0.96856593282294945,0.14213901083824249,0.068866309937024028,-0.13062793718900825,0.9890367907117531,-1.1995742054059988,13.284231906342091,-1.6457031106054558,,0.163602930656296,0.2,0,4
-0.99587415859421879,0.07907986237403665,-0.044508826216367842,-0.079300299166351076,-0.99684561632250146,0.0032062081556781512,-0.044114881801752825,0.006722543083814982,0.99900384614780247,-9.6762717381546235,-7.4834082795590584,-2.1533362121948887,0.2329162950511047,0.1459314609966638,0.4791666666666667,1,5
-0.81661546052767164,-0.52700116378100903,-0.23539108521913238,0.57328968573233685,-0.78787334964032962,-0.22493225904579525,-0.066918800498044648,-0.31863044157768183,0.94551388981860773,6.6299652459259137,-5.6331637260055496,-0.75366647743459758,,0.6944769654177929,0.3372093023255814,0,1
-0.4095439248546926,0.9094272021014046,0.072221448978991673,-0.91227988707591789,-0.40863392623081618,-0.027635520077211585,0.0043796405519281965,-0.077204134676835512,0.99700568721418892,-11.71564903079657,-20.861893075100525,-1.7978175680872133,,0.2896690023690725,0.1428571428571428,0,2
0.57571952954083128,-0.81520737042727009,-0.063118670029878129,0.81755482983972461,0.57277606470188747,0.059427938802882031,-0.012293230292479619,-0.085816798505163258,0.99623508951617512,-15.139482299506236,-1.1582869752411329,-2.5419203211674701,0.2961629897610329,0.2154284715020282,0.7180851063829787,1,5
0.21891060582767621,-0.9719602579943869,-0.085856878208124446,0.97493180863857287,0.21428834268952543,0.059903878773392288,-0.039826061327735418,-0.096818195949219435,0.99450496317125447,1.0096059718158219,-3.5715911703788721,-1.2302663143875903,0.2033436363941109,0.1204196428231459,0.5384615384615384,1,5
0.72101500512958716,0.68704930677250553,0.09000340238792251,-0.69020390183605951,0.70061691892799227,0.18098206210043896,0.061285693830302551,-0.19261148194037617,0.97935942368288453,6.4404000273738875,9.7529744241044938,-0.9798435794287621,,0.381521609298635,0.44,0,5
0.32294505909777521,-0.88080402472012842,-0.34625244958145451,0.94580218404789884,0.28716748473384412,0.15163464103515711,-0.034127957081519895,-0.37645598115644369,0.92580569062680806,-15.434360559227635,11.13327105661514,-2.817882090620488,,0.2432478975251633,0.4444444444444444,0,2
-0.97133884551978666,0.23386052292508533,-0.04254530528145458,-0.23559728821613482,-0.97095249551435991,0.041775222795800662,-0.031539894887110759,0.050601455232443235,0.99822078106943235,3.652366047615569,2.2303145484104623,-1.0949584937217474,,0.07991301333949007,0.4339622641509434,0,5
-0.78818402585386116,-0.60239657285918391,-0.12603297344865205,0.61067071870053202,-0.79094608301979941,-0.038543054853120248,-0.076467082529506625,-0.10734366661869203,0.99127701603854379,1.2808659193699252,-27.192428469249723,-0.39372261401440328,,0.4325393703165689,0.7333333333333333,0,5
0.94646235078727148,0.32276937830749519,0.0053802387701522396,-0.3170297835749939,0.92623283509098753,0.20392364140948155,0.060836953150394439,-0.19471174496240182,0.97897201262603639,7.3216973331230593,-18.795003971108741,-0.34236444764035501,0.3730886444149343,0.199415655542013,0.1428571428571428,1,5
0.76332823209689826,0.64559370814508643,0.02321150764815923,-0.64115294907283815,0.75270085240679063,0.14954705841738652,0.079075318393454247,-0.12903561829807927,0.98848212084559539,-3.657810201717739,-18.511394906591114,-1.3612979835546937,0.4490345831071634,0.4162020157293648,0.8791208791208791,1,5
0.13066451841307727,-0.98862471641912519,-0.074484587084065412,0.99042750384254741,0.12679188540354239,0.054563517372291703,-0.044498800659118889,-0.080901099380787808,0.99572831076498003,-10.786320081408906,6.9472253592346203,-2.3484462585832246,0.3591147172007417,0.2998118929438776,0.9020044543429844,1,2
0.18280234939082213,0.97926613966010878,0.087299076583803009,-0.98164697113638844,0.1768943796504385,0.071257297919871246,0.054337143060254653,-0.098722875582488018,0.99363034812790152,11.056842221513161,-8.2681206532399081,-0.384455820518951,,0.2423007794283253,0.2058823529411765,0,5
0.056099661567308265,0.99742289283057017,0.044725840735870985,-0.99696634926518435,0.053540747112568926,0.056493245892564381,0.05395300181531397,-0.047759410131668963,0.99740067793188891,-10.475773529297069,-16.515207561236032,-2.0940276485003078,0.4302105161636323,0.3001532058243246,0.76,1,5
-0.35742871534599635,-0.92206290363697019,-0.14847462807723069,0.93050302885930269,-0.36521136041904173,0.02801384487245237,-0.080055148052925712,-0.12814313854995887,0.98851935201734531,-7.3239542787917147,21.434196110114819,-2.1800179407775646,0.279722874837614,0.2660622287864755,0.5490196078431373,1,5
0.99927504228436614,-0.0091709596642894232,-0.036949741087253664,0.016549787061527797,0.9786926122516697,0.20466283314813574,0.034285484039126381,-0.20512597159511403,0.97813487892077777,-4.1058232590400712,30.1508140521724,-2.1601695735159825,0.7033920021248313,0.4606896389643637,0.8,1,5
0.99837135453519732,0.028067386260228169,-0.049667497139220994,-0.02369164193211749,0.99596179856127365,0.086595622921444002,0.051897442577796715,-0.08527788479501433,0.99500469236017797,8.2394303611087132,14.324640848819431,-1.0015888882199759,,0.1015234854745596,0.1875,0,5
0.75917920792009708,-0.64562153034530667,-0.082581897631378076,0.65077982646621624,0.75068183063131155,0.11385256529663711,-0.011512937349623309,-0.14017713335137111,0.99005950505965878,-19.404594516048668,-25.544872099373354,-1.8817431508695628,0.3651340104979848,0.3500307893320338,0.55,1,2
-0.99981420543760791,-0.016278404182045694,-0.010323185673616255,0.017589281891479326,-0.98954393823667153,-0.14315520060969261,-0.0078849075903322172,-0.14331018057467237,0.98964641179360024,-7.0817517399700192,18.522735621207381,-2.0852798733205029,0.4509748599900292,0.2759333916724117,0.16,1,4
0.21601439009413234,-0.9702736125603646,-0.10911874285070801,0.97555307603195163,0.2098503880558546,0.065261094669055317,-0.04042250755280017,-0.12054846080255924,0.99188411091280071,15.633625457584374,-3.5255892300436722,0.00010339543494403911,0.09364819573352948,0.1027063304843765,0.3333333333333333,1,5
-0.49167684766708436,-0.86390304628115699,-0.10920349854421318,0.86678510372567608,-0.49755410854519944,0.033518547538055853,-0.083291424693229227,-0.078175672020961956,0.99345412721305015,-12.474294512903914,15.076216836188989,-2.5880145262535277,,0.2113269686300281,0.3076923076923077,0,2
-0.95631512782805084,-0.28347507124659166,-0.071437107086999838,0.28566783709461729,-0.95806679438638009,-0.022403221730130346,-0.062090765310976584,-0.041831823722449576,0.99719347941467829,24.666609440557298,-1.1004166922252787,0.63073381739585943,0.1220935134861253,0.1485101055322663,0.4090909090909091,1,5
0.62720929733266273,-0.77630142527684665,-0.062965025630134522,0.7787610252818058,0.62385717867553958,0.06582921932565626,-0.011822133542520326,-0.090323406313821381,0.99584231654934741,-0.69022556637319754,5.2497847597990788,-1.5258485819036725,,0.06793558357166382,0.1807228915662651,0,5
0.37466527156077112,0.92679965509386097,-0.025852148927970876,-0.9249824928503505,0.37554988602858735,0.058048867553690271,0.063508442010842894,0.0021638904351344284,0.99797895537508208,-5.3015592741267259,9.8367438210068912,-1.8867119587847732,0.2628535024809512,0.2703246054212517,0.6801801801801802,1,5
0.22630082607011981,-0.97057311505278221,-0.082315031778661507,0.97329562001459557,0.22197327538746628,0.058510691964510586,-0.038517167346355921,-0.093357877817036472,0.9948872973704681,-7.9833928991086776,-4.2992676380902815,-2.0230019468487392,0.4759342294742988,0.3629699144926121,0.9541015625,1,5
-0.70075722388840356,-0.68981343670287343,-0.18192508269171334,0.70687896683734086,-0.70579587937629262,-0.046629420953051927,-0.096236372599912898,-0.16127491807350067,0.98220617051064918,24.384851323406931,3.6462101931986162,0.44547451565953178,,0.5052892510317114,0.3333333333333333,0,5
-0.28416839692537871,-0.93693420698551999,-0.2034763228714242,0.95715588764929627,-0.28955260984289466,-0.0034486042766348232,-0.055685985015520627,-0.19573854478253405,0.97907379352082957,5.9259172746770448,16.519119496301165,-1.2040039863088037,,0.1470470197841866,0.2,0,5
0.86679023437899261,-0.4920303544292477,-0.081122252837549563,0.49845150095899882,0.85971168437290735,0.11154335903324099,0.014859030147740218,-0.13712020300789513,0.99044296107859819,-17.433046593254385,14.844569786305193,-2.9391636302127764,,0.0948904047579195,0.3,0,1
0.53785201163854246,-0.83692447729642772,-0.10135399784159535,0.84285018518407873,0.53128487768977883,0.085673473568661382,-0.017854380737979118,-0.13150588595290144,0.99115459089296709,-15.47466043741294,13.637960068523363,-2.7753957776650533,,0.0918598718362385,0.3333333333333333,0,1
