axis_00,axis_01,axis_02,axis_10,axis_11,axis_12,axis_20,axis_21,axis_22,location_x,location_y,location_z,dbh,dbh_approximation,score,reconstructed,number_clusters
0.63210445017979944,-0.69263394296303293,-0.34742220009431846,0.77285854295625234,0.59592391473684181,0.21809255013470016,0.055978894616032351,-0.40636548684675533,0.91199421843417805,-4.3609284728003521,19.356743101904261,-4.3804814311444318,,0.1688801910763492,0.2608695652173913,0,1
0.74666806482296155,0.66505543608034412,-0.013713785528390589,-0.66011788302820384,0.74335234518567372,0.10803550996465469,0.082043777825608191,-0.071613950086166403,0.99405244362315193,-41.355616803741185,-0.32336219595018911,-10.437333588867135,,0.2837107877238352,0.3809523809523809,0,3
0.57365933743161723,0.81852716535357939,0.030467099562516982,-0.81612947927273238,0.56802581519714612,0.10620426701237699,0.069624978560404241,-0.085790167547638282,0.99387746202065153,7.2316952654358397,6.8824394675199212,-2.3055730316906522,,0.5909987118541007,0.515625,0,1
0.13629413774693525,-0.97158008305168275,-0.19353565623187702,0.99057869155529021,0.13102668306519757,0.039822910008429788,-0.013332811122440721,-0.19713992630164007,0.98028469620072889,-13.598926103281036,21.747130931470746,-5.9404251792709957,,0.5244303453220491,0.8589743589743589,1,5
0.86505680910689309,0.5000454282298733,0.040389190685186115,-0.49243509833166782,0.83098990767627223,0.25877296472247974,0.09583522812036406,-0.24374237023255504,0.96509339755514578,-12.162405215484799,22.118649904104284,-5.7388464224059286,,0.3980365925755737,0.16,0,1
0.58407514784882408,0.8090557595276181,0.065459908650736684,-0.80927481609973606,0.57420475866091902,0.12394824386772668,0.062693649535755999,-0.12537014439787506,0.99012718031652036,-12.971817122011061,10.740481356591602,-5.4667968097991606,,0.2729316884298179,0.4324324324324325,0,2
-0.53282754164782098,0.84406620913057062,-0.060390773016145795,-0.84508458702147848,-0.53445535569762603,-0.01376639186064204,-0.043895918264416856,0.043700198741790965,0.99807987705877099,23.434215190004014,0.1305719964834812,0.16170179951687244,,0.2243276190178355,0.5517241379310345,1,5
0.98152484064981549,-0.15092567224943082,-0.11760284283728983,0.16325528490227895,0.9811522915057389,0.1033822655222519,0.099783260814781144,-0.12067154730546487,0.98766476019552019,-7.3784566076113549,6.9776891596691355,-4.5107701760519303,,0.3665734374639967,0.66,0,1
0.87355255598089088,-0.43228442247026982,-0.22368752765587677,0.4805598595963313,0.8389458592169543,0.25540569031930549,0.07725382375007421,-0.33060554047425167,0.94060184101654865,33.515715916369359,-11.476125387565283,1.786592523970171,,0.5616676339474221,0.25,0,2
0.64547410000357941,-0.75236839795289712,-0.13154839408506847,0.7618623636423254,0.64643408224087895,0.041093992051417012,0.054119544435428969,-0.12674687798594503,0.99045762344025479,-4.6566774846904186,5.0814112290168589,-4.0184453831460214,0.3283465516766271,0.2586205905272114,0.7460629921259843,1,4
0.94800452042787064,-0.25800123605352571,-0.1863405254988221,0.30388390320696379,0.90777912774356517,0.28912216899579612,0.094562162729206478,-0.33071500937814408,0.93898113929513527,-16.03484523931397,10.308372572083956,-5.9627774269886444,,0.3616074935199438,0.1818181818181818,0,1
0.44859530416381621,-0.85289992533251513,-0.26706547970481809,0.89350418203009796,0.43477916797177485,0.11232698603851984,0.020310829054963623,-0.28901348145988348,0.95710954323814923,22.132711366753302,3.0667065651377654,-0.073588719627679197,,0.5689267867543023,0.1492537313432836,0,3
0.99641699985672638,0.030518420405151108,-0.078878313955711002,-0.012536409876054214,0.97562001341605198,0.21910825600483971,0.083642099590701471,-0.21733434021810094,0.97250695819517008,-7.4892608510070513,-4.0144761957877204,-4.2250070270794264,0.4963543941945163,0.1991971832882658,0.1527777777777778,1,3
-0.16508621657364145,-0.96424270408752133,-0.20732233046970119,0.98592532308464942,-0.16696983411522798,-0.0085048101662890032,-0.026415873974414941,-0.2058083625840321,0.97823571775551588,6.1540778172054909,-4.6393379422368062,-2.1158760182655034,,0.450228127667463,0.2155688622754491,1,5
-0.61466822463750215,0.78839308267100994,-0.024886157145735922,-0.78858358871922474,-0.61491903800767744,-0.0032404163960105302,-0.017857693683352258,0.017633034118192982,0.99968503984209778,-12.15816477077929,-15.329004889523924,-4.6124367723076309,,0.3485256174937892,0.7735849056603774,0,2
0.89269639551283853,0.44573357980466971,-0.066443368915956882,-0.44040802435462528,0.89412443413606346,0.081131179979844079,0.095571530920266407,-0.043163319095968038,0.99448630476350852,-3.7299056387263287,5.641379339601917,-3.9139676789184925,,0.6909880108145537,0.8117647058823529,0,5
-0.76292796999589529,0.64246800824664518,0.071942831314389999,-0.64631864842931308,-0.75548293904918196,-0.10732070395834747,-0.014598537270832558,-0.12837596030876711,0.99161811980436954,-17.48164666338953,-29.668421875913737,-5.4010876660634306,,0.5602691546425498,0.2222222222222222,0,2
0.072085645542299154,-0.98895764067447511,-0.12948530672754219,0.99739373899743788,0.071076423269077385,0.012404493701283095,-0.0030641663564891937,-0.13004202015829577,0.99150374879658876,-0.7746863982606933,-5.6326141632980731,-3.1421085751521556,0.8981864047758774,0.7143875380220205,1,1,5
-0.30028490213608439,-0.93396362823843082,-0.19375479007453894,0.95192203340838299,-0.3063374584175238,0.0013430867213716337,-0.06060874409498624,-0.18403614508568211,0.98104906984372098,-22.916421430242732,5.0898605440132485,-6.9639915382185587,0.4258332775880682,0.3307922268955854,0.859375,1,5
0.79119041296127302,0.60968222853393583,0.04801365064296359,-0.60548722678682987,0.76985822709788321,0.20175115456348303,0.086040389563069683,-0.18869523147021547,0.97825925039543449,-10.628190790525432,6.9556736314552579,-5.0315466181859261,,0.3250364170420113,0.1555555555555556,0,3
-0.98535075616685197,0.14160263607737372,-0.095039890453184631,-0.14083148392439296,-0.98992284536965636,-0.01480720604629201,-0.0961788981901327,-0.0012056828698984851,0.99536333359821438,11.578558604100241,6.545269055252283,-1.627215300821077,,0.262710247104617,0.7590361445783133,1,5
-0.28407184512341338,0.95569340774008404,-0.077157612782694701,-0.95869233773663864,-0.28434045395919572,0.0077141303681282046,-0.014566687105771544,0.076161779420016673,0.99698906462525372,5.1342875878831302,4.9495138915568075,-2.5179732730049817,0.1259387536933099,0.1080358843570326,0.4375,1,5
0.81321345204760764,0.57730261791343873,-0.073522573126246493,-0.57421236476323845,0.81650369656188482,0.060015611750503448,0.094678622517563898,-0.006587932230075734,0.9954860911068063,-12.559303044678645,-14.319623517496735,-4.7044164115615112,0.1716424309356506,0.1868406845942827,0.6567164179104478,1,3
0.80990575591287184,0.58643723304915474,-0.012001592929820436,-0.57953160073077958,0.80319155886176574,0.13793637492564675,0.090530604182353827,-0.10476016164009906,0.99036837501988118,23.196724180601134,11.563826360371404,-0.12052509995994375,,0.4281598263806117,0.3684210526315789,0,5
-0.17676151029655282,-0.96067850286906942,-0.21413122752864933,0.98266451205215355,-0.18460708718048469,0.01704934356627455,-0.055909080040594597,-0.20740549049622928,0.97665609980229662,-13.187138613254868,7.4048567687141524,-5.4573823887767094,0.4890908264510702,0.3365577234910469,0.8953068592057761,1,3
-0.84128749578514961,-0.50706324950660386,-0.18740920584473883,0.53147016458534324,-0.83920862403208285,-0.11518832191592181,-0.098867656952008554,-0.19650889636345131,0.97550471042370579,-7.3033309677708553,30.455184844425062,-5.237827924317533,,0.3286172899064287,0.9629629629629629,1,5
0.8726517532125041,-0.43799866026854362,-0.21595390993937399,0.48052373228061462,0.84897411160221492,0.21986336790001479,0.087039418255468418,-0.29563513226981358,0.95132749788785076,-1.4103217416021754,20.333193478191429,-3.9401255755877429,,0.2863851934505033,0.3142857142857143,0,5
-0.26492136853235426,0.96207067414624692,-0.065089833635761721,-0.96421136502714644,-0.2650455576215896,0.0068772041955924611,-0.01063541477479193,0.064582275686500476,0.99785570981967187,0.24382243658749106,6.7768641989982736,-3.3685714443619403,,0.1151713265498019,0.4430379746835443,1,5
-0.88133272821248232,-0.41388754322415261,-0.22792482038035691,0.4624006065278855,-0.85470080049087638,-0.23594961479709628,-0.097150920037774882,-0.31334269291644562,0.94465763932320135,-24.520010068539765,1.697437085362987,-7.1894759314691932,,0.7646388586734338,0.2142857142857143,0,1
0.75466784753271809,0.65592545306653349,0.015435022507192368,-0.65058399386661325,0.74506200835519831,0.14704785149836361,0.084952379748308077,-0.12101406416273112,0.98900894305861442,7.6321129570971529,12.595458219905701,-2.3611985489389991,,0.1987466484125109,0.3170731707317073,0,5
-0.74416967084267316,0.66459422004756796,-0.067275728738331611,-0.66078491036943476,-0.74715231261836146,-0.071601145082273193,-0.09785092348039609,-0.0088286141834368094,0.9951619226767241,-0.7970758737701682,14.861911872496826,-3.7217163805327469,,0.1010262006394928,0.3333333333333333,0,5
0.50318885544962288,-0.78936260423198001,-0.35172098997842816,0.86331982239460703,0.47728867108112244,0.16393415970492575,0.038468948670879299,-0.38613754479164913,0.92163872341087882,-23.501941902190584,0.95591771720954644,-7.0171490447243556,,0.6269572866317634,0.3684210526315789,0,2
0.44498631807647498,-0.83297523501114412,-0.3288456090369361,0.89485092438154901,0.4279571249962455,0.12686418840018163,0.035057094263947187,-0.35072062531747245,0.9358237243833325,-13.292850256158768,-14.668716874911382,-4.8153222355509966,,0.4737458206353975,0.4,0,1
-0.36335403503438052,-0.86794464136613458,-0.33859407075146414,0.92928734408936786,-0.36352175745272425,-0.065398501311669313,-0.066324032895804713,-0.33841399406983164,0.93865706798497028,-14.116322035551564,13.949836341751746,-5.774084300381559,,0.3820025236739535,0.1818181818181818,0,3
-0.61679888827500495,0.77777157001309682,0.12095667117642796,-0.78524990256608862,-0.59743524717024354,-0.16264598353042681,-0.054237643225605099,-0.19530107607997033,0.97924244584236608,-18.031048370446154,12.623059271718224,-6.4120490598288056,,0.3325224091755052,0.25,0,1
0.55020478139041962,-0.78407436271181563,-0.28723177448391757,0.83039049365001327,0.54996863015326036,0.089365171644398195,0.087899525543696802,-0.28768367973419307,0.95368326703564754,-10.61457190922536,12.373531016560619,-5.1369836921286245,,0.3788024581125602,0.6136363636363636,0,4
-0.0017804390847578002,-0.9498370219349439,-0.31274024652804761,0.99991919917080607,-0.00562737766903618,0.011398585446652417,-0.012586705934440143,-0.31269468236976539,0.94977029351911835,-32.709190556918443,3.4073358206252964,-8.6977808882700067,,0.2091650329983387,0.2777777777777778,0,1
0.55236386129638682,-0.81621743610683029,-0.16936133481093452,0.83121083073436985,0.55467262900763004,0.037773396718400028,0.063108791809283762,-0.16163963506813409,0.98482988824030704,-11.425733732978115,10.454985137323503,-5.2489408197771255,,0.2757488911472334,0.3783783783783784,0,3
0.71164713457402584,0.70141621947048338,0.039669168334029899,-0.69907741806051427,0.70141591554852434,0.13894774907521992,0.069635618834212015,-0.12661358726045258,0.98950486613791655,-13.787589505487649,3.2764439165098485,-5.4375528161755815,,0.2527102239367854,0.2666666666666667,0,4
0.41244907632970645,-0.89434112974754432,-0.17331965577123298,0.91088012410405084,0.40769726177682397,0.063877556714929937,0.013533622832090126,-0.18421966882384333,0.98279191829780144,14.403654339610279,-30.301219993565226,-0.26028095205743579,,0.3801415688687887,0.7307692307692307,1,5
-0.42462350958651313,0.89685966618805557,0.12384512211420882,-0.90515466970593428,-0.4175487147979895,-0.079674931315248554,-0.019745860730162088,-0.14593083956312292,0.98909771562188353,20.052965534488973,-2.0392287108611993,-0.21494776625287959,,0.2522753956020978,0.2857142857142857,0,2
0.94913003556981734,-0.28283481615413208,-0.13840752273737705,0.30403672648600599,0.93753460592926563,0.16908734912089457,0.081938052984634843,-0.20256685181963022,0.97583442551335142,6.9755458520487919,26.946569257389822,-2.8855572745533093,,0.4984594898260887,0.6851851851851852,0,4
-0.97418786618826703,-0.19748832989160572,-0.10934514588301743,0.20585536189284437,-0.97598108681357332,-0.07130559699045283,-0.092636771055127493,-0.091974331956384034,0.99144296402246934,-9.3458868651591747,-8.6017721987575566,-4.3225072542539875,,0.2154366491399087,0.3125,0,5
-0.22950956439084183,0.96605442735955649,0.1185925934960743,-0.97323566373797576,-0.22631393526687632,-0.039929256598654983,-0.011734678590704886,-0.12458268773396731,0.9921398345169663,-15.727174403313352,-4.8829503585816605,-5.5397894136816701,,0.5103725762407039,0.25,0,1
-0.063790551110605498,0.99780797760591589,-0.017606970636583362,-0.99796305393716478,-0.063767998447566115,0.0018399321723287965,0.00071313772358344888,0.017688476474345707,0.99984329233865621,21.79197564844506,-14.978086244171553,0.33015445362288459,,0.2238500281344449,0.4285714285714285,0,5
-0.6184705554378026,-0.75715982993791697,-0.21024548505221449,0.78410915643194934,-0.61221821842107194,-0.10179235645619776,-0.051643032986386297,-0.22781098516470524,0.97233489713280041,-7.9365353754207266,23.900757504887359,-5.1288912457955167,,0.1455035057329951,0.3809523809523809,0,3
-0.044238834657410346,0.99208241279032527,0.11753897966327477,-0.99716243136557048,-0.051023171879106696,0.05535089343905282,0.060909859474969699,-0.11475679571826905,0.99152451651747753,0.66744042720430308,22.205689313202292,-3.6955665323095248,,0.4801287037265077,0.2857142857142857,0,4
0.87093988381015408,0.48799218953239393,0.057683114896261795,-0.48246616175308848,0.82694234501050512,0.28877804762787807,0.093220821450993002,-0.27933847028990905,0.95565678853032543,-9.1503825209136131,18.903622461485181,-5.1415581683843623,,0.279800614065378,0.2105263157894737,0,2
0.98172364370892806,-0.10344356914274597,-0.15974390562984403,0.14422798620996904,0.95203352145605824,0.26987119523542041,0.1241651133639539,-0.28797847493690809,0.94955327528071309,-13.173567999776649,1.5750097995008343,-5.2633058727832456,,0.5016429235111033,0.1372549019607843,0,5
-0.88940221271029241,0.44730711112160015,-0.094234029766774197,-0.44891799987038228,-0.89356142920024006,-0.0045389027308873117,-0.086234177785911817,0.038266442030498359,0.99553972597577189,14.383049927684834,-9.8401610674743765,-0.79522775907299137,,0.4239294734471691,0.9029126213592233,1,5
-0.98766039766028579,-0.023053477485340323,-0.15490473223681989,0.056312051937900155,-0.97523025529028318,-0.21390395501952286,-0.14613655155391886,-0.21998746860283597,0.96449449037184576,-17.674898201629738,-3.0051030477813336,-5.9310978856753298,,0.3663990496326501,0.2352941176470588,0,2
0.57730573439578192,0.81414376250624865,-0.062354013550988546,-0.81339627075883014,0.58009411932748267,0.043328044466609872,0.071446453721478398,0.025704993558490308,0.99711316186117172,-3.6165287920468061,18.209255195410062,-4.2587545119743213,,0.6091107829090797,0.9719626168224299,1,5
-0.76854246585052233,0.63844679752822875,0.041571202897546497,-0.63687144661451522,-0.75720105390656534,-0.14505628028431614,-0.061132958962692802,-0.13795742346367879,0.98854970064217307,-15.175023281335999,-2.5271522716582271,-5.4931591787390532,,0.3188299779862647,0.22,0,2
-0.25253000991038982,-0.95947459221414322,-0.12504839459250461,0.96680700519426555,-0.25540485872822827,0.0072507134345060889,-0.038894842870924692,-0.11906664114485692,0.99212414856434583,8.4535494397315727,3.7255097582387409,-2.0054235382564927,,0.4867441568876075,0.99375,1,5
-0.11060680739035902,0.98992262104796303,-0.08842702356431402,-0.99386085173552563,-0.11040020953949073,0.0072388618699455601,-0.0025964488147530796,0.08868482435664099,0.99605635401938197,-11.912886319216454,6.3614092991061897,-5.2161058901355659,0.2266270728498443,0.2081828117354048,0.7191011235955056,1,2
0.51184218366999812,-0.84639320795058637,-0.14709220424973266,0.85803013628894842,0.5121279418182193,0.038849149656127423,0.042448371416318582,-0.14609417765315466,0.98835956363054023,-12.292792825980872,-7.3715509995074706,-4.8498387850134899,0.2882914366194947,0.2554759865492224,0.7699115044247787,1,1
-0.76015738104852126,0.64496058421117841,-0.078654948041612466,-0.64685376527570337,-0.76261186578137508,-0.0018298956513528428,-0.061163407247293224,0.049487240612357389,0.99690022100031461,0.17400111583351074,-19.264329818248651,-2.5833345049015053,0.4118481587850326,0.4046980039995499,0.9617834394904459,1,5
-0.7523298070648935,-0.63550763443503644,-0.1735796876840266,0.65017549371196204,-0.75872125298687487,-0.040173220463792444,-0.10616820982811313,-0.14308077033903061,0.98400010385217074,-9.8916703808336699,18.490712679673759,-5.2253073252862219,,0.2377331423450968,0.6818181818181818,1,4
-0.93025668597118616,0.35418386963211357,-0.095792926139297421,-0.35487473678910297,-0.93485711276609451,-0.01030048054736237,-0.093200962413334448,0.024412398552041158,0.99534798708902028,15.254992269325424,0.46397491198323437,-0.94289182801899163,,0.3877757124356106,0.9420289855072463,1,5
0.93734142863494863,-0.27752210818727069,-0.21064787117815079,0.33575396291477466,0.88098545583453292,0.33336751940620152,0.093060854023687203,-0.38320504442832276,0.91896331339889126,-11.756556376274569,0.40781971997877986,-5.0299434308230069,,0.244176865900753,0.2830188679245283,0,1
-0.99159373520594696,-0.079819907753751182,-0.10183637182510774,0.085683301411107596,-0.99482752370065985,-0.054557950354708257,-0.09695481504088499,-0.062824998319110106,0.99330397332669107,-11.237645776152071,13.734495910791241,-5.2905787638403492,0.5465788957662032,0.2629127662492518,0.28,1,4
0.51660610270850527,-0.8433789253806302,-0.14775020429137625,0.85580745645171963,0.51398605552573007,0.05841174716390049,0.026678308154149791,-0.15662159157956182,0.98729830594664625,-7.1727328622141151,12.345274540187029,-4.624478652709044,0.857477391389228,0.5313157800365903,0.7075098814229249,1,6
-0.83225063689204226,0.55338465854116314,-0.033530539573208666,-0.55008564111173164,-0.83179326426150701,-0.074335408601029884,-0.069026551670247627,-0.043421022793886564,0.9966694286191623,-0.47346392588230174,13.064696261458487,-3.5950810080898821,,0.2222247156620868,0.1142857142857143,1,5
0.65236422381584269,-0.72867656736952136,-0.20844994519482787,0.75453541792019585,0.65032469592119646,0.088057327798430007,0.071394835871723725,-0.21472831681354115,0.97406084377171975,27.483172497060465,-20.265964379488899,1.2449646695593637,,0.5300366140248888,0.6363636363636364,1,5
-0.8715612757221155,0.48415509214796426,-0.077296761955696069,-0.4822436938889107,-0.87498217880686913,-0.042979139995619857,-0.0884418586757304,-0.00018307807285517113,0.99608132404759098,-7.6363728928788666,11.123109703573544,-4.6481915626954846,0.4439676099045115,0.203163258443104,0.7631578947368421,1,5
-0.65036247377424217,-0.71598853660917305,-0.25375001113399448,0.75441828656807974,-0.64784321971778813,-0.10560403191815888,-0.088778947943360581,-0.26011454805516721,0.96148776398461011,7.7481797884898649,-5.3990663219924757,-1.8418286535102564,,0.3533460246863142,0.4827586206896552,1,4
0.82190363678977885,0.56807892509841718,-0.04196125225445832,-0.56322818317087442,0.82147364489041719,0.089191167906292543,0.08513768562611522,-0.049672785400856338,0.9951302371432339,9.9427936189829751,8.2550650301289306,-1.9274604875733365,,0.6568311402823671,0.928082191780822,1,5
0.99244576543931973,0.077467993948081973,-0.095132079632607669,-0.065377365845824167,0.99009839277774703,0.1242214661561568,0.10381330693425642,-0.1170635832895264,0.9876836106622362,-4.159116557016552,-4.0199298991182113,-3.6967885906255988,0.7849767892575781,0.6127189824531178,0.9726934215970211,1,5
-0.68345482756581333,-0.70765335094561577,-0.17921002642828363,0.72461126437115142,-0.68740964891156342,-0.049055989743587533,-0.08847606582249494,-0.16338515684945989,0.98258703242911327,-3.0654286012674303,-5.603271113272128,-3.4735850784015256,,0.07652483106206795,0.171875,0,4
-0.34022985403463174,0.93692082327385495,-0.080143729258221566,-0.94002165017996697,-0.34110185980901453,0.00296958376933015,-0.02455491023206802,0.076347181681272733,0.99677889435562472,-2.7594334657932293,4.3544085217355146,-3.715721039496894,,0.1179777168647209,0.4733893557422969,0,5
0.87831071465004862,0.47389128766611083,-0.063224488966517611,-0.46917701891633706,0.87978252547420877,0.076522106551000446,0.091886960183156022,-0.037546708835516758,0.9950613203234866,23.339555568235891,-19.635076522817645,0.63389504413727804,,0.1316396691964908,0.4666666666666667,0,2
-0.98681429145553368,0.12643493054481406,-0.10105326574259042,-0.11992298601429867,-0.9904426687045621,-0.068130737811948838,-0.10870157130662317,-0.055113776385893119,0.99254543475246426,-8.2683669286388621,20.650446304059894,-5.0450075048304655,,0.1065949303311657,0.3571428571428572,0,3
0.96904856434039133,-0.21749542219397408,-0.11679307031879653,0.22728132963577641,0.97068910525815699,0.078139990607317661,0.096374670680733909,-0.10226633002989365,0.99007753261721698,26.985202065471952,-0.37604173814622865,0.64292377783512655,,0.1451709690943552,0.5357142857142857,0,4
0.18207948187639841,-0.93228047609888176,-0.31257027396165959,0.98326455224035203,0.1746213627784039,0.05194420053283038,0.0061548831998811688,-0.31679724359005651,0.94847331215303055,17.71543847519299,-9.7003589253753315,-0.37248056144390335,,0.4314458768237563,0.3529411764705883,0,4
0.6175076946507313,-0.74037353955631724,-0.26557723730017369,0.78505320728048467,0.60105002322404133,0.14976759102357998,0.048741243170095254,-0.30097490178955577,0.95238563602513648,0.76656308980438959,24.750565513416856,-3.7637563505839253,,0.3555052117335155,0.6551724137931034,0,3
-0.56472553633827605,0.82404992519192888,0.045019877816623401,-0.82379242155907162,-0.55959653045786661,-0.090651912728628006,-0.049508734474711692,-0.088280484200614767,0.99486453415528797,16.476267128700197,9.6933215175619036,-1.0446352700214241,,0.5185292346862495,0.2272727272727273,0,3
-0.81985973707559945,0.56861557508254335,0.067129273017656893,-0.56722602216312157,-0.79064118441884024,-0.23052365883304973,-0.078004174909630547,-0.22707453682507692,0.97074842437283715,17.166299865307067,-0.8033195031847139,-0.66122352055484557,,0.2854998001007646,0.25,0,1
-0.94510665118931814,0.31637985472121277,-0.081714168932305334,-0.30619532854687465,-0.94480006634421776,-0.11660726997933281,-0.11409574336400322,-0.085185809631333778,0.98981086030800336,-12.827727048347933,15.904099912457472,-5.6400882487266939,,0.2271585712844243,0.1764705882352941,0,3
0.098225524087684327,-0.95075710505930711,-0.29396032656966964,0.99516184812152264,0.093202651611958398,0.031083142953315192,-0.002154637105428106,-0.29559125987036033,0.95531207708643451,-12.767066125904556,8.5609725243482657,-5.4308408843689735,,0.298376864705765,0.2307692307692308,0,1
-0.41601846776905044,0.88912900901891101,0.19073080452863894,-0.90879719163625516,-0.39916179292705151,-0.12148056445916688,-0.031879443990566518,-0.22387377780417247,0.97409662388417162,-9.7222641051928793,36.984013665169336,-5.8019400836045705,,0.772789837612939,0.3714285714285714,0,1
-0.72858849557669014,-0.62926115835398611,-0.27053502305671362,0.684094914393793,-0.68826173823918013,-0.24147448680250475,-0.034248389945311833,-0.36100716649809517,0.93193394268219032,2.3700578849191287,9.858631798290082,-3.1002199561701711,,0.7731356371535204,0.3949579831932773,0,3
-0.4842790611267867,0.87314948956731298,-0.055531611020194944,-0.87403674787963748,-0.4856591574038342,-0.013962313052766481,-0.039160621932547456,0.041775012844256193,0.99835930104933535,-2.4020941197743189,-4.092256980243393,-3.4053325440620581,,0.0901790347299774,0.445993031358885,0,4
-0.78773483196709981,-0.58607420039932512,-0.1897125882277102,0.60833504682725703,-0.78858206528306796,-0.089815350111045716,-0.096965485134887383,-0.18615949597101503,0.97772303683219686,-11.956140232277084,13.832669781656326,-5.4230724664048564,,0.2038373170664186,0.2083333333333333,0,2
-0.79192751879888212,-0.58395288140626267,-0.17846522705101295,0.60400050328116317,-0.79204746664825509,-0.088567503138470047,-0.089633682313892585,-0.1779321299636597,0.97995201929556097,-28.222919506637211,-2.0681846777879476,-7.8293092275672018,,0.3929910043103085,0.2727272727272727,0,1
0.18663555331860007,-0.93263059097450429,-0.30881604721258682,0.98240196117252188,0.1795117751597482,0.051593694027256859,0.0073182594817497804,-0.31301070805571907,0.94972140110698489,25.760629785226019,1.4389905079043119,0.45603002379406754,0.0411805121166933,0.1196178246207485,0.5,1,4
-0.78177034450423943,0.62271570190836201,-0.032561987815549663,-0.619428736446622,-0.7815289861033885,-0.074299961940446788,-0.071715890274507268,-0.037915675874058745,0.99670418510466241,15.62121084257857,-4.3557639401734827,-0.77772436445656934,,0.3303095905731043,0.3541666666666667,0,3
-0.83311207531691944,0.55295060952862785,0.013034315595967939,-0.54839305106749159,-0.82271727043355025,-0.14967082037343282,-0.072037014805055241,-0.13184049587394589,0.98864996441899933,-9.5734395848302363,20.006589695426065,-5.2218158847762632,,0.322237230735217,0.3571428571428572,0,2
-0.76443407185432244,-0.60581976944109206,-0.22050613765281973,0.6387757020076118,-0.75799632598935063,-0.13193624335765425,-0.087213257667081365,-0.2417105226112212,0.96642116644147802,-11.241396127428407,17.413249753295744,-5.4284557176721657,,0.5835185085392584,0.4,0,1
0.52079069537674627,-0.79051607716814432,-0.32227532227537153,0.85257313344623376,0.50088293930573491,0.14911516769972877,0.043544273270731564,-0.35242107322227006,0.93482794321425144,-5.4174014948262146,12.891134928099962,-4.3424674790405744,,0.2188151471075558,0.4444444444444444,0,2
-0.97232093535917463,0.23354355985226022,-0.0070288202277187005,-0.22682815412102877,-0.95072363775222435,-0.21136119113314938,-0.056044510527852864,-0.2039165767433111,0.97738275131546215,-10.368923686814789,19.934154411954502,-5.3684842910083903,,0.5249528100693157,0.1666666666666667,0,2
-0.15745063628206224,0.967089676405395,0.19986709315063211,-0.98751841711916899,-0.15335397230953851,-0.0359156654864866,-0.0040832566446007291,-0.20302737984566252,0.97916454697266297,28.188512804411982,-0.040943484385004829,0.78372368238461254,,0.2184545552953512,0.1818181818181818,0,1
-0.94021419371537618,0.33709866435065416,-0.048597946758594288,-0.32750922833799084,-0.93402554010809891,-0.14259732037884987,-0.09346108970903326,-0.11815574856425555,0.98858699353755464,-4.6873303444217536,22.277655373425173,-4.5342910155106404,,0.4330457248149959,0.3333333333333333,0,1
-0.7016106478776678,-0.68449360548121152,-0.19801768314978901,0.70787812640774017,-0.70135195165396014,-0.083749615310445377,-0.08155401239758886,-0.19893200840114122,0.97661404817632091,-9.9090068569111214,7.2439518925961943,-4.9526354910402821,,0.862551080502987,0.6222222222222222,1,1
-0.97402521730165847,0.062730285686804541,-0.21757708362350517,-0.017582193578996801,-0.97891227579112183,-0.20352302762684457,-0.22575593575675601,-0.1944110788075066,0.95458817817291908,20.778091540310303,14.004845598971899,-0.53475385661592745,,0.3192273506522899,0.2105263157894737,0,2
0.5462686622071069,0.83148524896520049,0.10110800880116594,-0.83492470831624765,0.53087775299224549,0.14515351466958296,0.067017013761328945,-0.16371039102996277,0.98422945888412128,-15.71853173968484,18.040301593667536,-6.1769113043136912,,0.2757756025392837,0.2,0,1
0.74469774680995804,0.66704319128726819,0.021877999302282684,-0.65451781665857967,0.7235189495536718,0.21937811493683365,0.13050553081252703,-0.17768992822906382,0.97539458468524021,-6.5374507631868646,10.698584281791598,-4.4765331527078711,0.5063022895065307,0.3463207280013927,0.1063829787234043,1,3
-0.93403589690419997,-0.33402963432620825,-0.12649563900097988,0.34315478312022668,-0.93746654550666708,-0.058320415614994944,-0.099104682614277795,-0.097880945273813261,0.99025127237294042,28.433117880745908,-6.3559929034619236,1.0201563358655152,,0.1089308419490467,0.1428571428571428,0,2
0.6530901713301327,-0.67860197565453761,-0.33611394905558106,0.75503525545503836,0.6176521593116282,0.22006265725385871,0.058266552428682318,-0.39749863991646889,0.91575097058787458,33.976916207806397,9.2190367259747248,1.3867249939457049,,0.3338387913285304,0.3157894736842105,0,2
0.80186495954914938,-0.58498879200413445,-0.12165812704782446,0.59240341455552037,0.80491505611341552,0.034204486034685018,0.077915217192799993,-0.099498068682162655,0.99198253677084358,25.708062713682544,2.4553153660435392,0.41367092407176331,,0.09029820413363165,0.3571428571428572,0,3
-0.8808121455855269,-0.4015620033743601,-0.25083445065419629,0.46340019852190301,-0.83982407587048502,-0.28276452676767594,-0.097109320865110274,-0.36529916374699961,0.92581115826439542,-7.0553192486834329,17.333008507473213,-4.7522966721813482,,0.4310480549371244,0.15,0,1
-0.99035124174165734,0.11437203282153369,-0.078252514905459994,-0.10522176432611409,-0.98806849372442329,-0.11246791551927386,-0.090182028657925614,-0.10314887210930057,0.99056928676883671,-20.393496909138378,3.491900190758336,-6.547762053841379,,0.1903951649076892,0.1428571428571428,0,4
-0.39172994154670365,-0.91259444168593784,-0.1171282967508224,0.91860818650537623,-0.39511942263204447,0.0062961531290353263,-0.05202549933562086,-0.1051286205695304,0.9930968334236232,-6.4166216981397399,0.14435287153444074,-4.1467279507806918,,0.4581875845384088,0.2769299820466786,0,1
0.42458559009512364,-0.87888159317280057,-0.21747234735850243,0.9047928344480799,0.42059103427007871,0.066731616367626465,0.032817730192478647,-0.22510070429402676,0.97378266030534155,-2.0533107227003486,21.718456473282497,-4.0951475699658868,,0.3539704060757447,0.1578947368421053,0,1
-0.12315889630822681,0.99223581614626233,0.01731968292727611,-0.99238685456902298,-0.12313192977489476,-0.0026189212497189761,-0.00046598148171289513,-0.017510369112965916,0.99984657314749426,23.877118367635081,3.5218100530923491,0.18051525368257232,,0.1294158339044679,0.4166666666666667,0,1
0.59167963895436138,0.79932879720469097,0.10482689924889642,-0.80301122882121345,0.57285005103709974,0.16436479371762175,0.071331418280312461,-0.18142847898302439,0.98081371104814008,-0.26421409837343018,0.29287567218306276,-3.2200245459642303,,0.3497160947718068,0.2459259259259259,0,1
0.22401578423617191,-0.94597887214487741,-0.23439475648691441,0.97452174460599728,0.22017741467805879,0.0427700287090233,0.011148887977616059,-0.2380039485411809,0.97120019706323713,-6.2015247210328717,-5.8185423206181008,-3.9293037874408356,,0.8869722266211291,0.8877005347593583,0,1
-0.59187545827660093,-0.7943914369678613,-0.13647595671766177,0.80289238423775589,-0.59598315719971118,-0.012957456049579751,-0.071044079435769569,-0.11724470651761612,0.9905586391378971,20.879267551597888,-13.609949834068296,0.18652323759465791,,0.1995808899009952,1,0,2
0.86109343115520232,-0.50070828689270308,-0.088370324534514627,0.50821742290777694,0.84238566841136309,0.1791687380882018,-0.015269377012134721,-0.19919236203257232,0.97984144076148649,21.616888218215919,15.487136203252794,-0.4576152005291243,,0.325915487820066,0.7777777777777778,0,2
-0.96177367906586342,-0.19350507983329923,-0.1937709326365103,0.23672471581621155,-0.94321051665414168,-0.23305649571458303,-0.13766916567571832,-0.27001797227543223,0.95296248376859827,-13.178969982102148,-2.1494786014419769,-5.1861309006421088,,0.4206346255585625,0.5625,0,2
-0.64453657339238035,-0.73780861611683268,-0.20052693470796751,0.75606419658010948,-0.65407209785259535,-0.023592826460145426,-0.11375208221954616,-0.16681767530591474,0.97940406727573281,16.923345351834488,6.8290550854887639,-0.88903921548152975,,0.2116858716365791,0.3666666666666666,0,2
0.93756369829173358,-0.28623876566677925,-0.19758967755195841,0.32890615821568442,0.91439232210846988,0.23602419443116521,0.11311520999992633,-0.28627617836390074,0.95144673995344253,-7.8800083397805327,-7.7744282013113546,-4.1105776548764066,,0.3663037182919816,0.125,0,2
-0.83509501257252139,-0.51998405822577864,-0.179535230992559,0.54212844781820169,-0.83330020387243708,-0.10820127675948626,-0.093343805593776183,-0.1876895026825042,0.97778299460568774,27.297829161852174,-1.9239454607893534,0.75131256282908943,,0.1817632014254207,0.375,0,1
-0.89902061335371919,-0.41546839237600974,-0.1383761240301212,0.42346620965243836,-0.90530754351523657,-0.033085056097997279,-0.1115271538581635,-0.088341760175494707,0.98982696839467643,30.973906153723171,-26.366432116206109,1.9116602093902397,,0.381368497151075,0.9285714285714286,0,2
0.62995208539867309,0.77615879881143146,-0.02716411473725458,-0.76316726467727647,0.62513527196413998,0.16365090244579727,0.1440003341206755,-0.082361464131694595,0.98614425567419739,-14.266065285042535,23.896399830114046,-6.1662936770394436,,0.3120249471878782,0.4210526315789473,0,2
0.72220889815061962,-0.66984003800292691,-0.17241992611152962,0.68957457146754064,0.71669825656313324,0.10406978151568518,0.053862954035454706,-0.19405651890004175,0.97951051533660005,-10.601512501646447,9.2262951496602064,-5.1045567044992071,,0.4193056001729027,0.9230769230769231,0,2
-0.21544575350480713,-0.96311973084567615,-0.16119401773174039,0.97549537571224598,-0.21981255838060676,0.0095504524604113402,-0.04463069863638848,-0.15518641446314516,0.98687652596730813,26.007593164635168,-3.6262691913590972,0.60897457440866276,,0.1630978895062869,0.4210526315789473,0,2
-0.13947095689994876,0.97601673243189568,0.1671502024957752,-0.99022375196797696,-0.13709682924705555,-0.025717318072977648,-0.0021847699823253053,-0.16910291961811202,0.98559597673527211,-10.058336707527152,32.361629178208233,-5.7370832282618514,,0.3813550437965786,0.4545454545454545,0,1
0.060375388859202073,-0.93444711002134373,-0.35094645032092853,0.9975346749363464,0.04388566755613757,0.054759661090902856,-0.035768487803351547,-0.35338738907311329,0.93479300838439638,-12.80524036821971,13.004776725964662,-5.5311049774605676,,0.3955381633148668,0.4285714285714285,0,2
0.67466817545807478,0.7285523881613013,0.11846632740377129,-0.73387254843309635,0.64489338664751339,0.21340947147353365,0.079081829015172814,-0.23091976433983613,0.96975364230140926,2.8769677756914449,9.3109465769054136,-2.9955649072133026,,0.7239793962041408,0.301418439716312,0,1
0.46209253629122804,-0.86452414174877956,-0.19765752259268315,0.88606201366462611,0.45936193464315361,0.062295432749819649,0.036940436442041168,-0.20392307700315793,0.97828972335450604,-5.66564376786362,-3.3782910634356682,-3.9427072769055993,1.028393914641419,0.7346412914692901,0.2137404580152672,1,1
-0.00069482851841491016,-0.91926253650713818,-0.3936443905199119,0.99992195352979729,-0.0055490562156974505,0.01119351706432647,-0.012474135740977622,-0.39360589038983884,0.91919464695348285,-11.920406129549816,-3.3963498294384231,-4.9245179286529464,,0.3436809107423011,0.2777777777777778,0,1
0.88936501170059645,-0.43080599553783505,-0.15308843905224739,0.44890562746435642,0.88631001916889118,0.11374659358271931,0.086681102863492079,-0.16988450232288604,0.98164435631081515,27.843763202321785,-13.332789844373707,1.0965733080322313,,0.2771117615977085,0.5833333333333334,0,1
0.90843950960537667,0.41757898045077746,-0.019116811283060142,-0.40605955735724936,0.89239131837544472,0.19685875842077868,0.099263756058179303,-0.17107171003361404,0.98024546760461873,18.927271499205546,33.061865335036565,-1.175936690745625,,0.4290663280839505,0.46875,0,1
-0.888435445619286,0.45877712932688741,0.014352859430864182,-0.45076551067340626,-0.86617011279273881,-0.21577717694871643,-0.086561615942661957,-0.19817386636788137,0.97633713712743764,5.5594233145408571,20.778873276941386,-2.8924523330609269,,0.6842182818687157,0.4477611940298508,0,1
-0.0080683287080572097,-0.98144024703834776,-0.19159839134284751,0.9998798158611123,-0.010454772414939639,0.011447775648617308,-0.013238425337176561,-0.19148299983826239,0.9814066460277987,19.204899107899678,17.971672204586529,-0.8459550316117288,,0.1648804148818188,0.3888888888888889,0,1
0.96554732849484759,0.24574532387181869,-0.085601356482236962,-0.23892635446688654,0.96752003112299056,0.082578365913428431,0.10311427436406506,-0.059280900557459514,0.99290141567603274,9.3906428211372983,23.006912214235371,-2.4092665751871225,,0.3695192935322774,0.9024390243902439,0,1
-0.55775264645889921,0.82958805122660917,-0.026375189670055504,-0.82864263345338762,-0.55837587069168604,-0.039595114000802178,-0.047574902958696486,-0.00022867299476186207,0.99886764704696107,13.664903845859918,26.083535839587604,-1.8468977595809419,,0.1407600656162856,0.2857142857142857,0,1
0.98038649851190507,-0.13994936724672014,-0.13876774892895766,0.17007651523003808,0.95652982804754061,0.23690645204922067,0.099580582960606234,-0.25586102216356776,0.96157102953169349,-5.7515919380955571,-5.0463698751869295,-3.9204041678043184,,0.7158513007006486,0.5909090909090909,1,1
0.99200239443742499,-0.045788261730365307,-0.11762093571353667,0.074383435181267471,0.9649418260932584,0.2517029535512898,0.10197231977870531,-0.25843898185745917,0.96063049017581681,25.147046600703199,-11.707220859813429,0.7002270298389377,,0.2083522341065195,0.2592592592592592,0,1
