axis_00,axis_01,axis_02,axis_10,axis_11,axis_12,axis_20,axis_21,axis_22,location_x,location_y,location_z,dbh,dbh_approximation,score,reconstructed,number_clusters
0.66627599053960096,-0.722601684836639,-0.18418227249582134,0.74155761620588179,0.66805629267900346,0.061588080494825448,0.078540475409336924,-0.17761642627650587,0.98096065101472829,-10.095572454499319,-0.46740268142786873,-3.1536233448948354,0.4697189909550291,0.3401084883471974,0.7078825347758887,1,4
-0.78043724773230172,-0.61085108922078746,-0.13333660093840177,0.61763211717040278,-0.78636744351043708,-0.012522444907670139,-0.097202212894744747,-0.092125949572511648,0.99099169483085381,6.1029860705509691,-6.3560509841983768,0.088361036292905495,0.1031291546903725,0.08986294696649337,0.4,1,5
-0.46736519017970196,0.87933416819105825,-0.091330168400317102,-0.88253820504191394,-0.4701296260272505,-0.010220145442932625,-0.051923941006899677,0.07582582266759115,0.99576822050469938,-14.159218857501738,-21.428900971716729,-2.7507397508509643,,0.2386720250239299,0.7115384615384616,0,1
0.38772290037311707,-0.8842862697998003,-0.26020904206005596,0.92156598137658041,0.37789433892947327,0.088949483272677751,0.019674717168940425,-0.27428755285030826,0.96144643317020617,-16.218163992373388,13.261978137730862,-5.0808481109654844,,0.2504302610582684,0.32,0,2
0.056781401224136802,-0.98754025431711301,-0.14676552244419058,0.99838543929477819,0.056391954818612117,0.0068163066179386571,0.001545017539620229,-0.14691560003971069,0.9891478248400366,-8.2551121409022716,16.107951878365963,-3.6173047849009023,,0.08834091182099604,0.4444444444444444,0,4
0.83964081696754655,0.54158527509502929,0.041093652579339016,-0.5330388457283769,0.80713530154537427,0.25377587344705727,0.10427313856708022,-0.23498509484539379,0.96638973389304539,-9.6424655403646611,-15.122810911793014,-2.1999243698982509,,0.5192493098914308,0.4375,0,1
0.86164930276354168,-0.46148359986829768,-0.2111714140211694,0.49243663771467983,0.86089113465118183,0.12795550834279681,0.12274622960956703,-0.21424131565036467,0.96903767820711584,-7.9056400920287135,18.209744886247883,-3.6194852579289711,0.2377884814866007,0.2044723610475685,0.5757575757575758,1,5
0.19313862632617262,-0.96578287558886111,-0.17309219578060153,0.9811634968994003,0.18939632052132208,0.038042425331807378,-0.0039576979395252202,-0.17717920586879188,0.98417064863504489,-1.2579923293298421,19.557756779343748,-2.3869952067922111,0.5624311972276135,0.4433723997205713,0.8493150684931506,1,5
-0.99039365517891897,-0.037589206539215603,-0.13306937789398463,0.042645084149979084,-0.99846472952297194,-0.035349408714429778,-0.13153632418150168,-0.040684584923171986,0.99047612791548301,-9.3235735260239796,-16.994601520187853,-2.144350194425106,,0.08612073428191351,0.3448275862068966,0,3
-0.98825807944005661,-0.091164902121298408,-0.1226170014421539,0.095038268512784893,-0.99513119428707963,-0.026108115115105798,-0.11963985932599089,-0.037454863208746324,0.99211059730378481,-5.7246672040436248,-9.2080773650594647,-1.8078150084485403,,0.07390452378031256,0.1919191919191919,0,5
0.45687537308429194,-0.86154085844075856,-0.22138708793931633,0.88873102940637683,0.45265244886100314,0.07254597101438609,0.037710089357785179,-0.22989804213454845,0.97248385044859798,-14.742272765075846,3.3692311685653675,-4.3061571550856401,,0.1637158201923339,0.1739130434782609,0,2
0.13478802207705681,-0.92530718458637284,-0.35445564356826764,0.99075148176511052,0.13148897518147071,0.033498519160780491,0.015610588867605642,-0.35569265322545895,0.93447260310650138,-19.694992720633984,12.614378821060189,-5.7135436846116274,,0.1955961693271241,0.3333333333333333,0,2
-0.98825358869760249,0.10865087944831928,-0.10747013920813459,-0.09613400167838651,-0.98864499102614778,-0.11549604079884142,-0.11879856121859822,-0.10380784225680859,0.987477004156743,4.6951781337254435,8.0753995850255897,-0.5661072520574354,0.3923573083152712,0.1853245699117758,0.2682926829268293,1,5
0.67826069229968122,-0.70869986078701774,-0.19418275052542425,0.73107597424936599,0.67746254547620499,0.081070459183615301,0.074096917321156988,-0.19694924929372798,0.9776096562770541,12.790879390369994,-7.6037445920788231,1.0233816983040502,0.512470420375535,0.3977479489847316,0.1805555555555556,1,5
0.82168646501261544,-0.54387045911058174,-0.17040034308039637,0.56172398120843292,0.82338115119939037,0.080682394516493922,0.096423659702481221,-0.16201359065341422,0.98206622704029911,-20.947533022401874,12.987290065563602,-5.9677376837009115,,0.1146705453410062,0.375,0,1
0.70804092937315632,-0.63419959574164764,-0.31059445438308719,0.70139903325204755,0.68262886547696011,0.20507859023001845,0.08195998099981755,-0.36305468565874349,0.92815615967128151,-12.156177127536621,3.9826353274708621,-3.8233634371401508,,0.1183970955842249,0.1153846153846154,0,1
-0.8879673756823504,0.45935438384325511,-0.02252753354858503,-0.4454101367286874,-0.87114745902834967,-0.20666861089140298,-0.11455893602478764,-0.1734809922511206,0.97815162194029803,3.3331770093036273,-8.831088395544942,-0.22057426866320101,,0.379387311804822,0.1772151898734177,0,2
-0.35538555204814837,-0.91713710194114428,-0.18044568611754835,0.93342036042395304,-0.3583915114826865,-0.016791522955760925,-0.049270073487373799,-0.17439914202815171,0.98344160940972725,-11.836790248102286,22.173395568901412,-4.5843783857709148,0.1542555140430673,0.1645735183160232,0.2727272727272727,1,5
-0.69580100247378485,0.71200361884249597,-0.094402392510282318,-0.70537586765165328,-0.70217527731851759,-0.096926597264841846,-0.1352991141550956,-0.00085245401791751165,0.99080443228267512,-6.8533934853266638,-26.519475236874602,-1.1878539205397929,,0.1288865782823361,0.5333333333333333,0,2
0.65843462600058122,0.74637869242302923,-0.096864290532499384,-0.74729873002359082,0.66362937393168941,0.033773690354526632,0.089489951327531667,0.050148794122330718,0.99472440759210967,9.5305835658166576,-4.7962817720509356,0.54843575165420799,0.1555479606196349,0.1315562397266194,0.4074074074074074,1,5
-0.4453584865862048,0.89068844984575246,-0.091268306311734798,-0.89428311794478044,-0.44748976288736458,-0.0032583845644543821,-0.043743838247284804,0.080168556319656317,0.99582100760780068,-4.5478054891568211,12.053545445220749,-2.6454847387142539,0.3951404440408828,0.2856613927901661,0.7716535433070866,1,5
-0.1103768919332018,-0.97082283087975418,-0.21288488149651699,0.99207171543093486,-0.12056770162346615,0.035456180944328404,-0.06008871082897671,-0.20728352652310478,0.97643375938312227,-6.4109893379722065,-15.828074905069055,-1.6092714546496487,,0.1585097090016404,0.2258064516129032,0,3
-0.96829287962467758,0.22076531873083752,-0.11692550326520626,-0.22166202427239684,-0.97510836721087957,-0.0054423515870497237,-0.11521651905700589,0.020648153452680049,0.99312577627175824,0.46984294409344685,-3.809630638799768,-0.94313045695305453,0.1000190926786897,0.08670287946902615,0.5240641711229946,1,5
-0.88451806342868655,0.46120985945589149,-0.07009465749286424,-0.45322002759711294,-0.88517539775559462,-0.1051480945766337,-0.11054140424853234,-0.061237086384814343,0.99198317384815604,3.8891533742218911,23.868467333043757,-1.6461390639529623,0.131880472583753,0.1348300137610876,0.4,1,3
0.51847862981862891,-0.84265401179646726,-0.1453070088630157,0.85340153469039459,0.52060409307501654,0.026023044818377885,0.053719000451208282,-0.13749761698610968,0.98904432373562756,-14.245577453232201,1.6873235100016515,-4.096218023850601,0.2298010430644575,0.2222521366185573,0.8846153846153846,1,2
-0.13292143496948244,-0.96185776174536475,-0.23908479310874148,0.99089883985099114,-0.13413740338626426,-0.011253719151924845,-0.021245736221967407,-0.2384047046158837,0.9709334763563362,-2.4769564267521473,-23.345636561946261,-0.60975936084634264,,0.2414046616453093,0.3125,0,5
0.86235007003589159,-0.48525960118244205,-0.14448348061059674,0.49609981417063537,0.86684802580269293,0.049593089658116769,0.10117969701949449,-0.11444483222161675,0.98826365373255143,-1.7935935239081164,3.0379811192576964,-1.6614815926354418,0.1767105680994976,0.1529062873153822,0.6624605678233438,1,5
-0.053962972112794709,-0.96057537476272103,-0.27273237255634381,0.99846452483841486,-0.055329895673645768,-0.0026824026437293311,-0.012513603795603572,-0.27245834919158218,0.96208620075118323,23.264284478012186,-8.1448316809575978,2.4332334769863153,,0.1382912070758699,0.2857142857142857,0,3
0.85360934680578948,-0.48375222656582423,-0.19322232360263339,0.50818111024367096,0.8548477206347711,0.10482048328951259,0.1144685207264578,-0.18766767920487615,0.97553974800853338,18.655901910780159,-13.835122184217436,1.9658254953205023,,0.235683605324125,0.2857142857142857,0,5
0.53428727332853709,-0.82330985473034712,-0.19156720142824948,0.84315174709609819,0.53521969048617235,0.051332390210115889,0.060268075528877918,-0.18894646336933804,0.98013621147892771,-10.023428058771914,-0.51070167542983291,-3.1111006273332955,0.3982828904523614,0.3820441207390667,0.9126310534198702,1,2
-0.26167150688447532,-0.94523331188785487,-0.19509487072274725,0.96447195984613165,-0.26370247100272598,-0.015963879779642042,-0.036357408534855237,-0.19234082479955725,0.98065444778477229,6.0620546852799224,5.7200406561936221,-0.2877451316744169,0.4069772677962412,0.6059051587093048,0.7540983606557377,1,6
-0.98245269466128105,-0.12841075131415514,-0.13526781472221189,0.13928137232259755,-0.98746970513712329,-0.074190840137702024,-0.12404596759557486,-0.091729277678058191,0.98802749837235848,-3.0376412556885679,4.0775774645081304,-1.9395891238311982,0.4830532276563895,0.4622822231238395,0.7579617834394905,1,5
0.80586566907371959,-0.57571745098923455,-0.13831102643977886,0.58452590716017871,0.81078917338257694,0.030828236799552079,0.094392728888073332,-0.10568979587480125,0.98990892499310612,-10.876082929330593,-23.331811181889709,-2.0179968913464825,,0.06883965824285226,0.3684210526315789,0,1
0.93908719610516556,-0.30447560083716835,-0.159404663062861,0.32574974508635657,0.93641561665000717,0.13043349443360622,0.10955519927193183,-0.17441445292415755,0.9785587651866674,-3.8231135530946556,10.490129742380716,-2.4458182255196874,,0.1251218767867884,0.2941176470588235,0,5
0.93724895391677576,0.33184517922824153,-0.10697277880323559,-0.32422029332458058,0.94236248872357975,0.082668865017154702,0.12824039838690707,-0.042798561537484861,0.99081919811431296,17.386310646530632,2.8849702273049531,1.315928823577015,0.8090049468509525,0.7345712610777723,0.5833333333333334,1,5
-0.35339381652662044,-0.92016860102845632,-0.16853057918990227,0.93414405625858532,-0.35672257470292579,-0.011130447164164753,-0.049876774128926583,-0.16136527005105603,0.98563358152197911,12.460411342688461,-12.030702217098023,1.1714214700315271,0.338912361428268,0.2038187122315745,0.3809523809523809,1,7
-0.70322092524236235,0.70839838885434725,0.06043221797882109,-0.70644041535185265,-0.68662964314391173,-0.17170227929053664,-0.08013906574684232,-0.16343639687850589,0.98329358500734365,-7.1293845462004217,0.35937185687175355,-2.5920949877981747,0.2913387780832606,0.267282482731997,0.3028169014084507,1,4
-0.54349560504527228,-0.79438035406056096,-0.27124229091181745,0.83868610816700073,-0.52732963927405352,-0.13612150274951751,-0.034901851872979242,-0.30146857983165437,0.95283710890693318,7.8334444988333338,7.1460039271085973,-0.083704301868061493,,0.3561023793784029,0.1578947368421053,0,5
0.16725325860754137,0.98371638110383974,-0.065790797480532778,-0.98433286481583326,0.17039052724958631,0.045341807055558493,0.055813607020281278,0.057176479181334554,0.99680273449655687,1.90763258405324,-23.158401372192994,0.064128626507371,0.3318582849508032,0.2094958895274533,0.3611111111111111,1,5
-0.93194330858586072,-0.33738967026467154,-0.1328528508566339,0.34319123920245237,-0.93898866188170127,-0.022804959817928259,-0.11705316277967004,-0.066846864221954475,0.99087337931088237,-16.471902780320388,-7.0194661491778403,-4.1296566767611891,,0.1064990684707953,0.4769230769230769,1,4
-0.61449847518274392,-0.76241457087450559,-0.20276993395552098,0.78505322198917404,-0.61635518603513051,-0.061625670722654929,-0.077993991066619694,-0.19705407066549901,0.97728533734608836,-8.6832944825803899,4.3968802758183401,-3.2632649266764133,,0.06597336328865529,0.2162162162162162,0,2
0.95837654333964906,-0.23257961297221608,-0.16559325108843842,0.25801608003705495,0.95385914786425174,0.15355920186688576,0.1222378976367663,-0.18989325860961218,0.97416551299867205,-14.368678581957003,6.8898756481053054,-4.2815506438025386,,0.1097487098137943,0.2758620689655172,0,3
0.68188511405365415,0.72761576318533028,-0.07488653013902781,-0.72646712838617244,0.68561357071472773,0.046685576210960839,0.085312382491540092,0.022568403045632488,0.996098621913306,-0.26011215364404222,-7.2935444739671214,-0.89990603238364941,,0.09367650772174378,0.2112676056338028,0,5
0.79323815708700562,0.60505147689364025,0.068453900181336694,-0.60117896146504224,0.76034106583653793,0.24589697007969005,0.096732013485842192,-0.2362079039985395,0.96687576433355349,14.825787298334223,17.474858497639019,0.43047351202667211,0.4780186656980684,0.2431640013810072,0.35,1,5
-0.40702417988643852,0.91276632579979711,-0.034481175642818537,-0.91238497506740268,-0.40806864994944048,-0.032150181954338816,-0.043416290249491271,0.018374205136003133,0.99888808899024961,-1.0497261057507501,-12.86680767784461,-0.77000336357844057,0.4163586008837647,0.2428575650010666,0.2264150943396226,1,5
0.58468739178572882,0.81062834002008866,-0.031974180882078054,-0.80780567607221987,0.58537893574494293,0.069148328191104183,0.074770606472786133,-0.014601230852097713,0.99709385740024425,8.1794398174662835,-11.706053120721185,0.55937640718607473,0.2088668768086759,0.1417869470405846,0.2631578947368421,1,5
0.70771985164363937,-0.69144145841577154,-0.14505626899026625,0.70172773478885964,0.71177714480891718,0.030846107627431361,0.081919459334164918,-0.12362040976933242,0.98894246368070482,18.65037611162176,25.547809381491732,0.75461601786061805,,0.160703165531612,0.2631578947368421,0,1
-0.30821284237150187,0.94487301042352934,-0.11054337596824745,-0.95070623616030137,-0.31009291330996719,0.00019401250323386116,-0.034095400323122485,0.10515407404430295,0.99387128159973137,0.52629146534679938,-5.43985891650666,-0.89173497208902963,,0.07505497572015872,0.3113207547169811,0,5
0.99221164250973759,-0.003376938351691693,-0.124517680493564,0.014467299977112647,0.99599148548301608,0.088270369188688358,0.12372046596865312,-0.089384322633804081,0.98828320291695537,-9.8315240123443015,1.1893855399034878,-3.1472901277176377,0.448464963241103,0.3093344154710032,0.9053308823529411,1,5
0.9805169454363436,-0.14433179084675415,-0.13324734092337948,0.17153865818021449,0.95965209739151991,0.22280561196206197,0.095713157203772589,-0.2413217481351943,0.96571362495051338,27.460830025569607,5.5385675574546909,2.5863591655247893,,0.2602037754906598,0.1666666666666667,0,2
0.80880203373312531,0.57906511564433261,-0.10258100249548197,-0.57996450437374181,0.81429122718131608,0.023894999520169536,0.097367571068003811,0.040167016062488535,0.99443761339007886,12.623817294824756,-3.3362863107474046,0.90611683575879465,,0.09548546922038796,0.5,0,4
0.37395955709012868,-0.89462968394555298,-0.24452398300460113,0.92656342828579408,0.37187802162939509,0.056453081335599301,0.040428492727671093,-0.24767814928347423,0.96799848726291016,-0.32311788713156891,7.6640723714335275,-1.5496193121406499,1.112988890799135,0.7215144885659647,0.6026490066225165,1,3
0.5870167225690105,-0.79172288377668665,-0.16907466613500483,0.80568839065933406,0.59175561044084368,0.026296666491326056,0.079231209640575229,-0.15165807863780489,0.98525237508101449,7.5034224450236975,-17.472281337831365,0.6347135120774593,,0.09756772508143134,0.5555555555555556,0,5
-0.97981727331947932,-0.16695523263763562,-0.10992752703346841,0.17803020550449539,-0.9789232687779551,-0.10007237267653461,-0.090903007831468888,-0.11762305955890225,0.98888900237953692,5.8605426708628743,-13.996523748724545,0.27825948056216537,,0.1487732700773256,0.375,0,5
0.35440571948326194,-0.9161339643707278,-0.18733698333197751,0.93437512378959608,0.35479639355220188,0.032598269364015733,0.036602104321054013,-0.18659603009904913,0.98175465749368684,-9.5583909258443356,5.0316587445232752,-3.4133358730679042,0.2381313366857524,0.1966218524159011,0.6354838709677419,1,5
0.68681740076284936,0.72645324289962054,0.023399655766459498,-0.72163134778774241,0.67770781556561599,0.14128097752821578,0.0867758946909261,-0.11392015889168307,0.98969295314187411,-15.439598944749582,2.0738136512750183,-4.402030661629424,,0.1206927542105663,0.375,0,1
0.59915761105999632,-0.77759248407553405,-0.1906832080129712,0.79938380733948955,0.59429899051572044,0.088284984201264988,0.044673097858776982,-0.20532568904361626,0.9776736038916386,-0.75241790556963206,27.214105339011201,-2.5328736683547883,,0.3025359458527323,0.8888888888888888,0,3
0.90285831086843871,-0.39139921814001821,-0.17791436854614173,0.41641309465021847,0.89904914461955676,0.13531729439606821,0.10699067762949352,-0.19625821663875972,0.97469775176828866,-12.004728474387766,-10.697029356871656,-3.0191462009545593,,0.6021458834239728,0.3414634146341464,0,1
-0.46049823226946562,0.88688058369917866,0.037204950397800224,-0.88639430271730035,-0.45719919780244211,-0.07262254222427382,-0.04739744916142824,-0.066420808382682647,0.99666531896458754,-17.242418516619036,1.4183071852024471,-4.7523816329355109,,0.3190366583595188,0.4411764705882353,0,3
-0.36781294437115808,-0.87869232572850708,-0.30432455480760284,0.92727436896343651,-0.37115191549472709,-0.049076473875527819,-0.069827520480680028,-0.3002433218748109,0.95130335070002725,-19.217273340354861,18.267684667662689,-5.9052123652564523,,0.2554296964930531,0.4,0,3
0.43280007767120726,-0.83480954712908007,-0.34026036029772433,0.90025512687149523,0.41998678232536574,0.11468133768654117,0.047167778296052343,-0.35595522568734145,0.93331188677552424,-17.8071532935801,12.316586237472244,-5.3909736480005419,0.1379760880655568,0.1461717919024022,0.4,1,4
0.36014265902401077,-0.86928973460378733,-0.3385743972358114,0.93255974379267914,0.34522720138558893,0.10559594538053091,0.025091620283454099,-0.35377045769248744,0.93499565445813737,15.500761527110116,10.051313115917335,0.85363871978012484,,0.242249580947978,0.1304347826086956,0,4
0.76382559489782564,0.64440283874010784,-0.036269022631922561,-0.63469562761292275,0.76014639721221577,0.13906442785388612,0.11718327896087724,-0.083201179252344853,0.98961893822976066,26.375183810578019,8.6617653559903314,2.412662811653314,,0.5277880495040794,0.1428571428571428,0,5
0.15444020571603301,-0.9671450475313752,-0.20193731674439208,0.98791946754757343,0.15381124761503553,0.018900416599317113,0.012780786318178208,-0.20241679066382257,0.979216061121574,-6.4156230720115035,29.754471545173207,-3.7187934686237045,0.3296613451242321,0.3127672501217083,0.7894736842105263,1,5
0.784552857611442,0.61315507924600066,-0.09229118272376266,-0.61324428101571826,0.78929473394157845,0.030745321166123787,0.091696594349164204,0.032475710414460138,0.99525728473487773,-11.214632153605011,18.755352340267439,-4.3318212894645178,0.1779190849190724,0.2081950546168994,0.4482758620689655,1,5
-0.86458297841276643,0.48989793127826869,-0.11178680766612568,-0.49192534474542482,-0.8705732036059971,-0.010571298893123551,-0.10249745672945189,0.045850998816440988,0.99367598203414897,10.763715394710889,-13.588751425869793,0.97746488531241238,0.3082513433302209,0.2878978977185213,0.7796610169491526,1,5
-0.094080329754576059,0.99517465020403795,-0.027862288932183843,-0.99553691585114445,-0.094249606881818257,-0.004822943107056504,-0.0074256804982049144,0.027284193114200318,0.99960013609205056,17.609096651678659,5.5766842397893761,1.2042765228918555,,0.3186264599930394,0.3793103448275862,0,5
-0.25196345739286519,0.96384595711563392,-0.086691332268456947,-0.96744501029154528,-0.2530742606664439,-0.0018896163960076056,-0.023760643943820128,0.083392982558360806,0.99623342759585998,-3.892899497745042,-13.198644983806469,-1.2270927017418505,,0.07525018242595845,0.6666666666666666,0,5
0.45435576054824012,-0.85800792422172123,-0.2395480010965699,0.88985834934909114,0.44964104356257278,0.077298447834810796,0.041387932424082993,-0.2482847839008521,0.96780251349795876,3.6162023981831952,27.069612631961213,-1.6308034831166414,0.4822027490823668,0.4010001650277085,0.6842105263157895,1,5
0.31436175543355094,0.94926832259498284,0.0081448412166449796,-0.94764120470051405,0.31329232904746107,0.061839014495520317,0.056150101286604914,-0.027158208293728479,0.99805290333117103,3.4972044087786762,-7.4825026001299459,-0.29055848851757704,,0.1188528483513756,0.1590909090909091,0,5
-0.99241518014847829,0.03353510320478266,-0.11826879158894087,-0.027817433370543654,-0.99837828258201289,-0.049668856130042786,-0.11974264324600123,-0.046002192574225179,0.99173862366392984,8.1056649364317455,12.809146554666418,-0.51073561832144865,,0.1191140748987694,0.3529411764705883,0,5
-0.85975495127139112,-0.46685921551744192,-0.20703597912142321,0.49448098786324057,-0.86234360615664118,-0.10886715557298957,-0.12771051799331798,-0.19597443151390526,0.97225719117252118,-4.7825692044626482,9.53141890273859,-2.5968567952070907,,0.1845402254055978,0.375,0,5
-0.8280237599077187,-0.54310093781337387,-0.13934857148359167,0.55063302669016934,-0.83452119278854686,-0.019433185657628995,-0.10573515473250734,-0.092821065136176245,0.9900526889618948,5.6259377095943623,-15.305211695292336,0.2303843646897385,,0.07660422674638506,0.5833333333333334,0,4
-0.97954407022247625,0.17809432532660538,-0.093679377551548454,-0.16330844537588957,-0.97555784219058561,-0.14702805245720574,-0.1175745132283966,-0.12872182342909072,0.98468620687617847,-18.593802375614608,3.6906712590978339,-5.0317859546839472,,0.6176331573350112,0.4444444444444444,0,1
0.77067082346254645,-0.61454695454693209,-0.16851861179303576,0.62787410667338683,0.77747578789229221,0.036131778400139626,0.10881446610013533,-0.13365418025019343,0.98503602577215044,-2.1888804214788502,-19.178491462892683,-0.70177135538693991,,0.1111504981941097,0.2,0,5
-0.21269193019223881,-0.94916889857489894,-0.23203565417670863,0.97706043115172347,-0.20920229411086733,-0.039841109627604537,-0.010726449026048076,-0.23518673882016297,0.97189101301248215,5.4487141038447238,14.759872206360486,-0.95102958694178552,0.752219197340895,0.3516215822541067,0.2666666666666667,1,5
-0.050579961065278803,0.9984017807401,0.025210151797091664,-0.99871934043402844,-0.050593139524550301,-0.00011522182706717072,0.0011604230499813605,-0.025183694090560139,0.99968216697623424,11.984467441113146,-14.966830962505611,1.1541673818561284,,0.2609436937857634,0.1111111111111111,0,4
0.3442625089714601,-0.91428261027442359,-0.21347279326991969,0.93815258121202849,0.3438963797145958,0.04006263077237035,0.036783954136064508,-0.21406211381041032,0.97612722129297036,14.587639646775184,8.0387142513497523,0.78448269107434443,1.019243802703263,0.7755578308328493,0.8148148148148148,1,3
-0.33126756654670902,0.94347737388392783,0.010594542147184324,-0.94330025521365413,-0.33091217606721712,-0.026110538951050425,-0.02112883972387045,-0.018643409010848339,0.99960291887948038,-6.6923070146592725,15.923536218726827,-3.35556412354748,,0.08088734299977704,0.3076923076923077,0,3
-0.9365996506908395,0.33458747838263775,-0.10407840138734244,-0.33188002308143766,-0.94234813662345907,-0.042844365811144335,-0.11241327592976466,-0.0055864757980780251,0.99364583563908548,-8.6154818426598219,-22.953353403243042,-1.6017057793476461,0.2213457898645407,0.2120039649755522,0.7941176470588235,1,4
0.9769036351249295,0.18758880729669244,-0.10232168419599186,-0.1710643852832105,0.97352993842496116,0.15157979772374233,0.12804789638013286,-0.13057525939969516,0.98313469975651224,15.705630483681325,7.5092797917488721,0.95538275222171554,,0.4227821867940761,0.3617021276595745,0,5
0.2285221183735022,-0.95880504393617716,-0.16873212242081498,0.97327686573098249,0.22902271004407926,0.016755325032420748,0.022578397794429283,-0.1680520336283125,0.98551952286417266,-14.134662600754416,4.5383633158931813,-4.1734915396802625,,0.09149590792719878,0.4666666666666667,0,1
0.57712796367638319,-0.79135696138187672,-0.20168657172750729,0.81398968141163441,0.57735844821783977,0.063859383232813219,0.065909878608129788,-0.20102582407226161,0.977366106409431,1.9181295439248178,4.3452581263508874,-0.94643292935046641,0.5131020770619587,0.387084782971735,0.9042821158690176,1,5
0.11337274693040263,-0.94557881372146535,-0.3050038152131222,0.99353343656991111,0.10979938041222188,0.028903399085133175,0.006158788114326335,-0.30630834644553478,0.95191242571297763,0.33987967693036181,11.875658690631195,-1.7841483279237229,0.4577714557431656,0.194305636584173,0.28,1,5
0.9655409485527644,0.24390960229714886,-0.090767739726602334,-0.23022287063431296,0.96313949143534294,0.13913931821942779,0.12135941044981234,-0.11344789969372458,0.98610418696523083,-4.1463852969832713,12.860417908445649,-2.5969078365583287,,0.08904147745296161,0.4166666666666667,0,5
0.58588490179872732,-0.74081401730773699,-0.32853230222409896,0.80481816297607001,0.57937087664114451,0.1288297785602972,0.094903142140389779,-0.33988818611485011,0.93566522568247545,-17.406711985188743,15.677611739208547,-5.3401937967217945,,0.3667712221804386,0.3157894736842105,0,5
-0.68076286667771335,-0.69656705600731572,-0.22661918682680682,0.72742916103649413,-0.67923332683199211,-0.097411002430359023,-0.086074009006696123,-0.23116319820863748,0.96910001587424932,-10.087737965979269,-32.808450347734293,-1.3960926477409104,,0.4070543847979172,0.2941176470588235,0,1
0.95208722545473179,0.29351034452718389,-0.085916196269648235,-0.28240228609230011,0.95158574882851343,0.12138167669100941,0.11738340570861616,-0.091303013542883005,0.98888062767061791,-4.8453555986200518,17.888912572604035,-3.0635542777300162,,0.07697772437198377,0.3571428571428572,0,4
-0.037986446929579344,0.99924497071321738,0.0081558784937658859,-0.99924772859789812,-0.038047816338258586,0.007506035160418395,0.0078106812510526126,-0.0078646154533432173,0.99993856865417674,1.7356778359426541,-13.220086928770339,-0.33314878364692341,,0.18382581861465,0.4133333333333333,0,5
-0.79929711571111117,0.59319650611992025,-0.096135456222029694,-0.59360949831151533,-0.804287943457485,-0.027361789475124305,-0.093551506295995873,0.035196720529746178,0.99499211380477892,-19.001615554589879,11.354194926471429,-5.4938761843444226,,0.1073614222064134,0.1176470588235294,0,1
-0.66404367402802333,-0.71187896845284981,-0.22863580922040733,0.74318110324591224,-0.66196542535754954,-0.097383897074350287,-0.082023452509347505,-0.23458497374236267,0.96862895028630147,-7.4119726327126294,13.873447117128514,-3.3567543853802606,,0.1262365793385534,0.2727272727272727,0,5
0.15961062007779067,-0.9557579845118076,-0.24708525856535751,0.98687529251109263,0.16070134473224779,0.015881902669147442,0.024527678029691073,-0.24637725715490408,0.96886358181495191,-14.01504041458244,15.308504321626151,-4.6476107311077532,,0.2399837162036697,0.3181818181818182,0,4
-0.89378787959981076,0.43507753593779613,-0.10886121440976701,-0.43540804915074977,-0.89996498598456198,-0.021973955869290941,-0.10753165587496535,0.027758993571504763,0.9938140576892065,4.0039783449232136,4.6834060221589144,-0.58558905148432094,0.1946443878168452,0.1365140182114685,0.4285714285714285,1,5
0.93945507608776013,0.32784196263497573,-0.099718641931127727,-0.3232514709889428,0.9444334728606919,0.05961461099243083,0.11372179437744584,-0.023771051216579641,0.99322821677982653,1.745699158534342,11.097180160343806,-1.5455774738972234,,0.07578234007700931,0.2777777777777778,0,5
-0.50523261930256325,-0.8479742952615611,-0.16024854123620189,0.86046163146288512,-0.50917990246080536,-0.018482632665173478,-0.065922539187306839,-0.14722575014468242,0.98690364135584918,-2.1373258117772433,-3.5661537407768815,-1.3417226596280512,0.7978117479031749,0.7623940390003605,0.9161528976572133,1,5
0.98107320890360816,-0.13841003422252723,-0.13541795005868162,0.15242443419186535,0.98332057992657751,0.099234212619183748,0.11942424641950435,-0.11799703182444236,0.98580654788236999,-9.0984390303489651,12.270550445068711,-3.5211310490977437,0.6993561312053178,0.6056816306018933,0.6904761904761905,1,5
-0.92777173448580164,0.35763392323833271,-0.10647809933674567,-0.35657597479202124,-0.93380140852948634,-0.029470385634873295,-0.10996900877214198,0.010625741268569902,0.99387821725408954,2.2245816263100688,-6.9270131517157401,-0.53513758100472841,0.1635368862410361,0.1486337171689975,0.7131782945736435,1,5
0.83937954401488435,0.53137676712761106,-0.11437094231653801,-0.5334559296179503,0.84570948973904103,0.014150269282933087,0.10424371561304278,0.049134410776353561,0.99333733315165795,-18.558173187421311,2.0575079599241626,-5.0188123790771177,0.4091477412532458,0.3782022553135186,0.9444444444444444,1,1
0.27241428079716423,-0.92184552341563419,-0.27566517838914606,0.96178780249929652,0.26906825346865509,0.050660615263759354,0.027471486696914474,-0.27893208122029217,0.95991781496374928,-10.182946677838522,-20.965051030856973,-2.0569576819469386,,0.1248052443382571,0.1923076923076923,0,3
-0.056464283386622724,0.99715860721779814,0.049864784699190791,-0.99789939297448393,-0.054776595393890182,-0.034587947296875768,-0.03175824621720421,-0.051713022040058232,0.99815689004719732,-16.637316739573347,13.499547326267725,-5.1798904135284554,,0.4628145485917144,0.15,0,5
0.99257121227623202,0.037756722891110255,-0.1156581965837902,-0.019467125680316735,0.98766625769045857,0.1553589213320932,0.12009754193253713,-0.15195326023566813,0.98106410958994628,-9.3072081909524513,-23.90950969480242,-1.7342905494878276,,0.4776577510396881,0.375,0,1
-0.42175458329176457,-0.85905849270480117,-0.29007167663207889,0.90131532172685536,-0.43205822667450877,-0.030925387358855465,-0.098761137563347035,-0.27448897040616094,0.95650511908330138,-22.03863519004269,-6.6039457941097703,-5.3799554776204399,,0.3444731277582784,0.3555555555555556,0,2
-0.51529307151994996,0.85207176130491125,0.091906278513938039,-0.85598013900503422,-0.50643734508088867,-0.1040154658516851,-0.042083869504332704,-0.1322683979420895,0.99032015976318255,9.7953924306962623,-19.57919091831387,0.98470890066798356,,0.3353421721926658,0.2173913043478261,0,2
0.98055876903660855,-0.14284952055270889,-0.13453072118766296,0.15592545018220802,0.98345321411917863,0.092233560183556898,0.11912915029868767,-0.11141718950197595,0.98660754884229152,-11.982605393394762,13.346370588979868,-4.2786744981580451,,0.08904549937257736,0.5365853658536586,0,5
0.95856720508388993,0.27601234781456774,-0.070470541303087955,-0.26737045209818866,0.95709016138923586,0.11176521962013945,0.098295242420324669,-0.088292733709053495,0.99123278723603225,5.853866970857581,-10.923707212682364,0.19802409955487499,0.2574240770400023,0.2587923582603141,0.3666666666666666,1,4
0.49556447618303429,-0.82611032063929335,-0.26824911570903265,0.86680162627777679,0.49008205586473624,0.09205715182208779,0.055414714901695188,-0.27813902396578005,0.95894102671630821,-15.156681500883417,-21.010190377012584,-2.9695681396095233,,0.1647764594834691,0.2666666666666667,0,1
0.47959337693727588,-0.85298082984400825,-0.20594634426599623,0.87357321146534006,0.4862690009981418,0.020305242633443153,0.08282534037378704,-0.18964746923409651,0.97835259513381501,11.141311046541045,-21.357225222228873,1.183241141211826,0.1557603082075653,0.3026304537052285,0.1481481481481481,1,5
-0.17589672979371043,-0.97076165051059071,-0.16334674268510632,0.98409639441540853,-0.17758216919715669,-0.0043427735179048799,-0.024791670909275924,-0.16151282017594865,0.98655916293567547,18.529656320193499,6.2096575347407583,1.3449893895989022,,0.07585946986387994,0.2666666666666667,0,5
-0.98721116787825269,0.14788312668191628,-0.059537306449275768,-0.12704478946127856,-0.95541265623561233,-0.26654507644214681,-0.09630021540575133,-0.25557237164371027,0.96198182486220318,-4.5619045585152582,-14.992972368635941,-1.2929716450569886,,0.3592146969626612,0.3076923076923077,0,3
-0.94423244690080543,0.3102011321116741,-0.11045516672547842,-0.31038233583123226,-0.95047733078537078,-0.015989035839142383,-0.10994494905936196,0.019185966218904126,0.99375248773353109,-7.9663265495853883,-17.361405792200888,-1.8781498876446219,0.2826438319265401,0.2511862857151666,0.8207547169811321,1,5
-0.84950581231710798,-0.46601301481521468,-0.24732922363175044,0.5128504893040895,-0.83942271900392407,-0.17987182781251626,-0.12379115663085961,-0.27964507655757842,0.95208948145492123,-0.81126885501658086,22.336129193673351,-2.5214909671824501,,0.4148715219178541,0.3448275862068966,0,4
0.71362083590676895,0.6987689159167455,-0.049671971052691354,-0.69482957921546817,0.71505903611698018,0.076827278454405734,0.089202905821387068,-0.02031199192573073,0.9958063388917695,-1.1671666347223928,-17.668115361993763,-0.67049282559495982,,0.08436622283316306,0.4444444444444444,0,4
-0.8860263765619989,-0.43978719182606335,-0.1467804004019575,0.45215512945211961,-0.88965578657908151,-0.063783385897049169,-0.1025329164051747,-0.12288127323599933,0.98711052762157736,-15.724302092408374,-0.87705552621961358,-4.2929061726798636,,0.08929656124473995,0.12,0,3
-0.79812050473843432,0.59656409476466166,-0.084350108201987031,-0.59426919084942142,-0.80252629140240661,-0.052874194226242878,-0.099236025329721797,0.0079266919657689817,0.99503235064556561,-3.0321448516990328,-16.614323415433084,-1.0296573735239578,,0.1083087799751988,0.3333333333333333,0,5
-0.98802286064372613,0.10632885570671072,-0.1118257630847705,-0.078709404111240208,-0.97060066106655984,-0.22746249458232196,-0.13272398633948282,-0.21593640540969661,0.96734472256217852,6.0176231534766211,13.406849520957797,-0.84505166810112731,,0.4982817025484694,0.3728813559322034,0,3
-0.69314308395413426,0.72009782908579523,-0.031808516351390155,-0.71617391365876626,-0.69301524203992027,-0.082612345899611625,-0.081532757596184571,-0.034481746566488537,0.99607400256832657,-5.2170458721030784,14.833106891855923,-3.0452629989052804,,0.09266727177725079,0.1851851851851852,0,5
0.94910851018782361,-0.27537345599797958,-0.15284794935091056,0.29960487607127051,0.9390504906194691,0.16858556967206095,0.097107950876168789,-0.20579998979364267,0.97376404230058144,-27.85233513753937,-10.255965864353044,-5.8156493334006862,,0.2013765865860467,0.3888888888888889,0,2
-0.32049807640451694,-0.9361483418966523,-0.14459344724140819,0.94598893104921877,-0.32419209506044544,0.0021042415918752885,-0.048845934870388096,-0.13610939521013485,0.98948891210673551,4.9967621985353263,13.037095265657516,-0.998802037189787,,0.08213523904521011,0.3043478260869565,0,5
0.36634656863147624,-0.91812001535871524,-0.15114836767115589,0.93011218050977063,0.36589606064258279,0.031802585957735163,0.026106001595469989,-0.15223570607433523,0.9879993757471438,-13.278382985070701,16.202332848672285,-4.539293569851238,0.159783970700852,0.08732905770669956,0.2903225806451613,1,5
0.81423165390067154,0.57612310264560607,-0.07147715987766938,-0.56939426552268213,0.81653325777888408,0.095202990136282736,0.11321212027014968,-0.036818603164761932,0.99288841582774778,-9.7677018845206867,-19.305441720723135,-2.157113614050751,,0.2347051111112572,0.4117647058823529,0,2
0.13619306068663828,0.9851502952539114,-0.10454829497383852,-0.99046804067449512,0.13759804619187738,0.0063117419628615466,0.020603655579371789,0.10269212942241059,0.9944997817654152,6.5601652200558398,-8.9822705194472299,0.21518596299397422,0.1684959288698226,0.0990695500611246,0.3333333333333333,1,5
0.1365556758043408,0.98475132373170648,0.10778394042839391,-0.99039587161059484,0.13333511310217069,0.03657547143540707,0.021646360024510793,-0.11174335784592797,0.99350131206506587,-7.0446119882713001,-20.076630761993787,-1.4962643627100989,,0.2431357287394559,0.1666666666666667,0,1
-0.71408067166641664,-0.67831680380611925,-0.1731332089077339,0.69512163782631942,-0.71634794322134743,-0.060427914643813106,-0.083034348182506809,-0.16349904561432535,0.98304290806918027,-10.879611045902884,-19.124882845616,-2.3694309881687619,,0.192983287316376,0.5641025641025641,0,3
0.8331131130383187,-0.4892019983198595,-0.2580774025819742,0.54134708616571614,0.81688947393294253,0.19908520707840219,0.11342783249049164,-0.30556994652193414,0.94538940897340962,-16.418906577517355,7.75391223740636,-4.6468145167403874,0.8349578011832857,0.4072473406972884,0.3518518518518519,1,3
0.37486425872276474,-0.9165529140314399,-0.13931095905458593,0.92593892366688435,0.37760406216231951,0.0072306207982066311,0.045977137479887603,-0.13170394078762981,0.99022228555520053,-10.541259145386533,-13.289180271682875,-2.3883489006850462,0.3415593494087881,0.27962312890054,0.9130434782608695,1,4
0.78614161071327116,-0.59750944826711516,-0.15799945296320539,0.61108373701883101,0.78972183865703127,0.05400077683940676,0.092509644125598131,-0.13900315384798564,0.98596150480841294,-2.241888626213457,-5.098323386636757,-1.3791127937755157,,0.06760230237719164,0.2385321100917431,0,5
-0.059985611094480286,-0.94692974439673672,-0.31579389740518016,0.99779593020655399,-0.047889368011556223,-0.04593353997563164,0.028372665099721816,-0.31785321708012559,0.94771531815569754,3.9590993096309752,-15.921727303734306,0.012331397207536805,,0.2058010662538412,0.4166666666666667,0,5
-0.82011151808543548,0.57085528299199684,-0.039259951397440256,-0.56405548108132775,-0.81806561140289435,-0.1122945666634014,-0.096221162774694516,-0.069949276766355567,0.99289908173698593,-28.715421202106874,15.642387471633704,-7.5014376369818629,,0.8058038880222543,0.5757575757575758,0,1
-0.03049254928152673,-0.97823080709786414,-0.2052673682857942,0.9994974807004291,-0.031620717479635532,0.0022172730030038763,-0.0086597062196381806,-0.20509660716534367,0.97870342352392736,-5.5978708421157339,-3.3264301395016744,-2.1221725610099909,0.6617643001092219,0.5776378340043395,0.9820119920053297,1,5
0.89276044558285761,0.43654723675681434,-0.1113790684226099,-0.43684736383339379,0.8992416312655821,0.022997158751264384,0.11019604128331081,0.028124698732717803,0.99351186898128308,-12.502891002920318,-17.910676206787542,-2.649378539045586,,0.06463825021719002,0.35,0,1
0.98682025309488519,-0.10832603780789275,-0.12021338367498804,0.11432030460630992,0.99246370616440793,0.044120968950477943,0.11452797054199222,-0.057282296385982034,0.9917671513436418,12.613236533584011,-9.5280640018098968,1.0653553713199881,0.2800554858717456,0.2047246416563367,0.5675675675675675,1,5
-0.20631703302641907,0.97820145629669619,0.023562529197791164,-0.9782009962227366,-0.20561695163477819,-0.029059941315595278,-0.023581621488356581,-0.029044450406962144,0.99929991845718502,-9.8529266344766295,2.5811750984563355,-3.3289678372911027,0.2259869051656338,0.1575484434806214,0.553763440860215,1,5
0.92309160757344544,0.38455218259135227,-0.0046371210572368577,-0.36744927510648856,0.88546761571689458,0.2844787017341619,0.11350292617896843,-0.26089599533313151,0.95867114558014466,-2.4734165738370328,-20.747380071246035,-0.66734533148329112,,0.5422690178916731,0.3076923076923077,0,1
0.70816873380117284,-0.65492143583119411,-0.26377065294541685,0.69941484517321606,0.70179735763115492,0.13527506486140201,0.096519007546550531,-0.28028268178882737,0.95505272078115855,5.785013325144682,-12.56572416743869,0.21783155368274759,,0.4255906566497745,0.3809523809523809,0,3
0.97628847591649082,-0.17389473512609413,-0.12892413617349036,0.18207759336367974,0.98176853322842128,0.054573777195692452,0.11708356753851347,-0.076753946204349194,0.99015163987871813,-7.5074726871814947,-18.812799706164103,-1.6709903230767573,,0.08119428543178658,0.4285714285714285,0,1
-0.60672759721213676,0.79085346769837972,0.080202340431153929,-0.79188832595640724,-0.59254841744918174,-0.14764569818463955,-0.069242342501869752,-0.15309201680008719,0.9857831061632859,-15.024721659420527,12.503295000226357,-4.8060219246507092,,0.4080770942320818,0.2258064516129032,0,1
