axis_00,axis_01,axis_02,axis_10,axis_11,axis_12,axis_20,axis_21,axis_22,location_x,location_y,location_z,dbh,dbh_approximation,score,reconstructed,number_clusters
0.98273800790499011,0.17867252798681366,-0.047980574837464318,-0.17722946806954371,0.9836212974033729,0.03284598822219912,0.053063391021671694,-0.023775429277039999,0.99830807143685585,-19.413342870513752,-3.045390511070706,-3.7863363660837703,0.1713029329789922,0.1064108000266738,0.25,1,4
0.83422854804766888,-0.54324588875103952,-0.094586647986760017,0.5497272445525202,0.83276834592110738,0.065550275579251818,0.043158848675229997,-0.10668076858982463,0.99335619361541849,5.8425190272141307,8.728208522768826,-0.9077127341003377,,0.07488456838345903,0.3181818181818182,0,4
0.14766342377661501,-0.93663438885240269,-0.31766575971869232,0.98894257428213306,0.14428002633156067,0.034290797220121225,0.013714884279318216,-0.31921669069904596,0.94758250634356611,-7.0344828172398861,9.9947056310007643,-2.1899062065123975,,0.6918145148345015,0.4296296296296296,0,1
-0.87213183338419942,0.48732475011851512,-0.043596480590084509,-0.48682988218220918,-0.87321853085937795,-0.022046840550194739,-0.048813225793539403,0.0019963180398593714,0.99880592894811804,0.48407221814442147,-11.941264772233643,-1.453522531720302,,0.08353180481369357,0.3673469387755102,0,5
0.68017299313732016,0.7328710056853498,0.016272321050301311,-0.73242959977778033,0.67851409387054817,0.056262827767454511,0.03019239599602018,-0.050186785559286698,0.99828337949664725,-4.0615624848535585,13.569687941926258,-1.9061186548682938,,0.3478959031316928,0.7230769230769231,0,3
-0.67038522765667485,-0.71019919274787546,-0.2149436046035664,0.74170817035707426,-0.64968414845809552,-0.16667182505702779,-0.021275257114065371,-0.27115975708527473,0.96229919961111132,1.3326778420893544,11.5608998739197,-1.3938696192079749,,0.4011895440308768,0.3709677419354839,0,4
0.87615986888761155,-0.47795313176438092,-0.062487502650248529,0.48007093160205955,0.8769004972780835,0.024029533998428023,0.043310331118281149,-0.051052146968284057,0.99775642995089475,8.9917295416280218,-3.3698894550511773,-0.70043703304009486,0.1635595252307474,0.1258199676248576,0.4074074074074074,1,5
-0.86924241776930578,-0.47417681291855407,-0.13990700211559121,0.49411243688961004,-0.84266310624879326,-0.2139434249472125,-0.01644745760233161,-0.25509848972021593,0.96677517638843125,-1.5636064098049567,11.730546193520816,-1.6366974883722454,,0.3236380252168362,0.2758620689655172,0,5
-0.0038718896555325608,-0.98568795727506364,-0.16853563229598609,0.99987944625638137,-0.0012818195583517438,-0.015474168560940561,0.015036669329607346,-0.16857522896775881,0.98557409196566259,-3.4270548720751037,15.704866338558407,-1.9924885494884346,,0.1737104235928137,0.4666666666666667,0,4
-0.6858419096048366,-0.72051444265479025,-0.10237095757806351,0.72625944944002874,-0.68663138448624905,-0.032932566519551301,-0.0465627225219825,-0.096934409599250246,0.99420100236671827,-5.394762146536368,12.451110849107341,-1.9672819047704138,,0.1390485499197398,0.2142857142857143,0,5
0.13359078340160765,-0.98860361413221487,-0.069400264515838611,0.99091654580340682,0.13433656615806056,-0.0061714055049472225,0.015424067011985117,-0.06794542749578264,0.99756980559719544,-8.7621838708258242,-6.9343267940570739,-2.2439906935801615,0.6049259547242657,0.56346173669625,0.9967320261437909,1,4
-0.18581752642280569,0.97537850958095551,0.11877966964824219,-0.98248214945473711,-0.18269287014261348,-0.036771472663678625,-0.014165905439166869,-0.12353168924081705,0.99223951185003745,-14.820411503105724,-3.2448960823636206,-3.2206183017718146,,0.6507651445052399,0.7037037037037037,0,2
0.17701326437826573,-0.97934974639262873,-0.097674861017788467,0.98413460373965023,0.1773420098216392,0.0053752464709364185,0.012057609893834439,-0.097076700567724897,0.99520386265856742,16.482847479158892,2.781636841198122,-0.14967014202380866,0.4813324202934947,0.4063047838126656,0.9236641221374046,1,5
0.056229974048933526,-0.97304360108410337,-0.22366121793403862,0.99000669682422171,0.025322540669422734,0.13872818450927576,-0.12932490193945823,-0.22922678578937222,0.96474356717991316,-5.0364695651871818,-12.169251208993046,-1.8709885796069201,,0.7334224239442468,0.625,0,2
-0.49197832695316346,0.86383812487111189,0.10835598657909218,-0.86918207179146045,-0.48023475193928655,-0.11788600046704904,-0.049798111256063711,-0.15217843818680163,0.98709770087178073,0.20297564200434415,14.408980811841412,-1.5483442318574949,0.8127414331711753,0.4245106877178522,0.375,1,4
0.88398906525274523,-0.46433143874195298,-0.054402642485496089,0.46695737532887377,0.88259413738336345,0.054574703686645312,0.022674702634126166,-0.073647156444385534,0.99702655642069526,5.8109593332427387,-6.583921112655359,-0.99678865969794483,,0.07452909661165581,0.1842105263157895,0,6
0.59726419221742721,-0.7910118722136753,-0.132573386137191,0.80114054650627153,0.59623030539378741,0.051800074070061278,0.038069796932699684,-0.13714824441839421,0.98981869532478317,-13.18944659876383,-2.4213553669022203,-2.9754013418330061,0.3974543163394627,0.3475166902072153,0.8518518518518519,1,5
0.68984089718519248,0.72359818359948014,-0.022917357226829208,-0.72288300311361942,0.69019534523008819,0.03271924864899451,0.039493042174084829,-0.0060045078276898447,0.99920180419451998,4.8520287252783465,-9.6201689106269033,-1.1018642331382571,,0.07324013193574147,0.4,0,4
-0.84058076600557952,-0.52101362752823877,-0.14821867544725847,0.53991786730675428,-0.82795354153281109,-0.15159693145378128,-0.043734110078975673,-0.20745537590803056,0.97726638877148464,-1.3693905947372931,-13.730162364462299,-1.6358562129298757,,0.3543804130140098,0.4444444444444444,0,4
0.97266034682456015,-0.19553735289545016,-0.12528764239847165,0.2150577366637601,0.96201485891925675,0.16815939200539523,0.087647131249048674,-0.19050604935592869,0.97776552687370277,-12.139609850758566,-9.1441384513384705,-2.7181871532634019,,0.2073627245839403,0.375,0,2
-0.78975162936948429,0.61321259013915297,-0.016207504529553537,-0.61196152974637552,-0.78941527250067867,-0.04823498370638106,-0.042372750898663276,-0.028175287709448073,0.99870451242785996,2.1584702323266058,-8.6966034399662213,-1.2662690699899435,0.1460359984658406,0.1315723294384773,0.5301204819277109,1,4
-0.9887450526246766,-0.091013122221042658,-0.11874271553996141,0.11973881913074565,-0.95724396365999875,-0.26333744365294998,-0.089698584734661455,-0.27459170712181674,0.95736803700380901,2.7518619980759857,-12.641858260817573,-1.3067188628184874,,0.6263803274817727,0.2708333333333333,0,2
0.82045989717240519,0.57076259689978381,-0.032796571651026556,-0.57014417560558261,0.82110866755556722,0.026761447796243495,0.042203982689747073,-0.0032579204004266741,0.99910370322594033,-2.8928720606307778,-5.9418804493873498,-1.6285458811485602,,0.06968527006149824,0.1686746987951807,0,4
-0.74368145507466521,-0.62603666029556482,-0.23455488343670305,0.66768087476236881,-0.71323870342905205,-0.21329041564825035,-0.033766001459862915,-0.31522793641557417,0.9484151017611393,-2.6056107673479003,9.4913600907337763,-1.7426822886968314,,0.3212649736343485,0.45,0,1
-0.91046193589833324,-0.40526310926216169,-0.082588592138525069,0.41125885480793928,-0.90827501317690473,-0.076828736684623145,-0.043877301903386616,-0.10391493015759512,0.99361786903619065,-23.636835184538239,0.6119516809550033,-4.5417068494897554,,0.2870976842116519,0.2424242424242424,0,1
-0.91318129299025874,-0.38643274718092685,-0.12949771441551478,0.40691658287882432,-0.88226204022246857,-0.23671203383163569,-0.022777636200035173,-0.268855768561306,0.96291108364191635,-11.479456050372345,-13.852911430827898,-2.5410283896856498,,0.3439394517008154,0.4,0,3
0.84115504232011418,-0.50061742852464308,-0.20454922399466777,0.53852474528776362,0.81001080254451074,0.23210686864878957,0.049490337361913661,-0.30539268167160016,0.95093954407692638,-6.5255505351034211,-14.364554778155318,-2.0457711896247548,0.942540445679404,0.539839959354725,0.5547445255474452,1,5
-0.67808067520738147,-0.73029248083767817,-0.082942693121520639,0.73436842759303644,-0.67781240534921916,-0.035684110038454606,-0.030159749084372342,-0.085107200557032719,0.9959152343189217,4.7569785075644822,5.149300287075441,-1.0210359459193661,,0.09694961551971043,0.358974358974359,0,4
0.53111192747607272,0.84666492123914139,-0.032842527852913708,-0.84709659786094194,0.5314370975100372,0.0014018853466822743,0.018640664823680073,0.027076235580779554,0.99945955550072452,-6.6074053089718117,9.0268366089749588,-2.1647387963526965,0.1691299092671593,0.1213923297536378,0.6222222222222222,1,5
0.74130140029515967,-0.66570250100828499,-0.085512654453890946,0.66985885903050046,0.74178806300343014,0.032242496242935403,0.041968355921961097,-0.08118281675905227,0.99581524760583717,9.5212569028103236,-9.0083892381960968,-0.76427264549666973,,0.140495693397276,0.2916666666666667,0,5
-0.4430760000944306,-0.88860464137394324,-0.11859784765756141,0.89632036993278164,-0.4416294163384088,-0.0396642542871792,-0.017130457783776611,-0.12387594582194889,0.99214983619553965,-4.548714530961627,1.3235473182990367,-1.8240389421753809,0.4418781580637365,0.3392845668349305,0.9445430346051464,1,5
-0.98510621972500401,-0.15985970545375655,-0.063329380475016184,0.16492284922400161,-0.98263792039663489,-0.084989241686305769,-0.048643495587266217,-0.094167892462421979,0.99436724521991227,-16.787021944848199,7.2892519349418095,-3.4321246242867676,,0.08542084411023088,0.2692307692307692,0,3
-0.94731342869699053,0.31994405003147741,0.015266717388125716,-0.31633311292239413,-0.92700860171995558,-0.20146566458342727,-0.050305362330284722,-0.19568049771673648,0.97937659423438883,11.165111929473705,-2.0011418623042863,-0.56054326909440699,0.5667082807565029,0.3943127518646399,0.1571428571428571,1,1
-0.43531364421311269,-0.86018041733587369,-0.26569094977771118,0.8992598401485753,-0.42949165429803127,-0.082877371967863725,-0.042822553145026872,-0.2750028518401641,0.96048928178398685,-12.281970796890825,-10.854182344146711,-2.6422071522309563,,0.2623194079858779,0.1,0,2
-0.92237728604628122,0.38390230082274029,-0.042885494154842149,-0.38325414749711945,-0.92336247375076197,-0.022759624230894938,-0.048336328078940421,-0.0045569169272193163,0.99882072159920954,7.2332638028664746,-6.7322664202703884,-0.89841754217841152,,0.07109831767858379,0.25,0,5
0.91426394931116839,-0.39795934471040911,-0.075827375977338018,0.40206230271078219,0.91427925552551104,0.049389752526428368,0.049672283306186907,-0.075642599594278395,0.99589701344956905,-8.4011119563512402,9.9203559729287232,-2.3096031508391377,0.4021843659424823,0.3187130074707903,0.7734375,1,5
-0.10323129291623516,-0.97231701107846802,-0.20962569053023017,0.99440659580508151,-0.09615495715173368,-0.043700645698851757,0.022334331917269797,-0.21296444347022256,0.97680464957699042,10.231593460527911,-9.9380802739868788,-0.71970975875432996,,0.2167547296935113,0.1538461538461539,0,2
-0.89705653403937113,-0.43801826642666053,-0.058562556414958215,0.43983444727904569,-0.89780365026909448,-0.022232061313058687,-0.042839627963002044,-0.045701245498064279,0.99803615287018499,-13.564201579701361,8.5158635340711459,-3.0629818024264051,,0.07039813078489911,0.3636363636363636,0,4
-0.13158898088992391,-0.96606747199838094,-0.22225656268153007,0.99111648667783858,-0.13257955126748366,-0.010524847794181162,-0.019298962244878277,-0.22166709754126884,0.97493140677890811,-12.501319080402828,-15.048106218496713,-2.7151672128392867,,0.513910694783227,0.6590909090909091,0,2
-0.95477323914450973,-0.28905680192305572,-0.069672283409665858,0.29362821582645732,-0.95350446718072313,-0.067909512860694451,-0.046803126862132831,-0.085295933832866433,0.99525578169006734,-3.1440433499919744,2.59677165362391,-1.7109337365692483,,0.0762927735299084,0.377521613832853,0,5
0.092444758228509991,0.99300752901022671,0.073416714752676693,-0.99570986687101637,0.091897794155416671,0.010800761319046472,0.0039784031689471351,-0.074100221041318234,0.99724286387512096,-17.399483766166071,8.3945018091992392,-3.4988184761160976,0.7348177979199986,0.8253800746240185,0.8,1,2
0.98084104147522733,-0.17909534414117212,-0.076653173872625074,0.18486994770981549,0.97979365833676058,0.07633799523721746,0.061432514123726509,-0.089046306998226896,0.99413117918030125,-12.137999398784517,-17.745953111156698,-2.680978967199096,0.1923372797051437,0.3588110650166234,0.8771929824561403,1,5
-0.92087672506602436,0.38771006371595174,-0.040828467091569093,-0.38630425369440402,-0.92157449258046331,-0.03833377365551309,-0.052488863669202773,-0.019528469434015983,0.99843054744548043,-2.2441922192911745,10.677535171455707,-1.6901103448881996,0.2275878865128526,0.126513498835097,0.2857142857142857,1,5
0.15410975945320493,-0.949964180090208,-0.27169512065330648,0.98795401140904093,0.15206058416477006,0.028713238832533784,0.014037570375977193,-0.2728472746593017,0.96195494246296787,-18.701904999086789,13.778939927130111,-3.8108478949994105,,0.3835803212948557,0.1111111111111111,0,1
0.41437803515703969,0.89596938943592008,0.15978015262608844,-0.90997367365900406,0.40490254591051267,0.08945301315619178,0.015451770996482929,-0.18246309629349766,0.98309127819550024,-8.4249562861196097,-20.233735144666966,-2.3577157659709789,,0.5109558772809282,0.3478260869565217,0,1
-0.54924796815029897,-0.80814043248085232,-0.21268688458019785,0.8345345993412806,-0.54364682015072419,-0.089443487422482246,-0.043343649881588113,-0.22662121773935565,0.97301806339105312,9.2089924695569181,3.9581519007607411,-0.70433081209315818,1.012693489517477,0.3372917635649738,0.1538461538461539,1,4
-0.96930678669025561,-0.2331537146006287,-0.077998068207744964,0.24103707752598938,-0.96371666628479646,-0.1146791802492854,-0.048430161407346246,-0.12995973412117509,0.99033579505802571,-12.151931542322188,-12.422337099422718,-2.5446416037985324,0.1956533130358775,0.1641556320563919,0.6133333333333333,1,3
0.10419123816287724,-0.95066456031298674,-0.29220041008698666,0.99409700353433428,0.10848427649085088,0.0015196441410506929,0.0302544782494325,-0.2906338857036001,0.95635590186221076,1.626940948809702,10.40614617156772,-1.3400052258217556,,0.311294039781615,0.1739130434782609,0,3
0.99809642640429164,0.041226390750492822,-0.045868380227227244,-0.036635251487735374,0.99463054441271803,0.096788111200134044,0.049612316489075513,-0.094923468262315444,0.99424753116396536,-2.2899404077030039,-11.623660020765993,-1.6549000977987334,,0.1064845987351137,0.3888888888888889,0,4
0.8613913095501845,0.5074879455894159,-0.021470838662100027,-0.50662347589252077,0.86143114931806486,0.035623428514675898,0.036574109777279852,-0.0198080808256034,0.99913461276647175,3.8453059638363372,-11.779642271456575,-1.2021077245526317,,0.1407940985707187,0.59375,0,5
-0.99852545673021698,-0.048188119148633232,-0.024996348425917685,0.050480029189609012,-0.99359982489898746,-0.10105025786072379,-0.019966945553313235,-0.10216307128125933,0.99456725662553991,3.8260042444606541,14.751397791310001,-1.1671521605615967,,0.1523393784274805,0.1176470588235294,0,5
-0.97688151697052494,-0.20728215664368194,-0.052312611658282028,0.20819906613478337,-0.97800436617004138,-0.012673145345160893,-0.04853504570895386,-0.023271598343894622,0.99855034026760547,-16.182886495499844,-14.359251648660788,-3.20933496046703,,0.1939242887977722,0.7037037037037037,0,1
-0.15911323410228892,-0.97931332193472054,-0.12501358412065811,0.98725123396498982,-0.1572871273192615,-0.024408207928065161,0.0042402556662837149,-0.12730348408758135,0.99185474902883242,3.9704154936132743,13.543746610492143,-1.1526827251480387,,0.1578907895965006,0.1764705882352941,0,4
-0.67075858219663764,-0.73158034960550611,-0.12195538725551452,0.74108537797844154,-0.6676613485296371,-0.070857506491108196,-0.029586938944531568,-0.13790763485272498,0.99000307943623145,3.2669596752299155,3.0206264999205539,-1.1698583064890193,,0.0969503033878108,0.4698795180722892,0,1
0.96672845916515826,0.25573377227841776,0.0060269359055846712,-0.25055669442235573,0.94188422917685921,0.22377542695313205,0.051550258198208049,-0.21784016283542537,0.97462209821834755,-10.08880878012064,-19.20700356777024,-2.5255613731362327,,0.3935586916912706,0.1794871794871795,0,2
0.7119962782077548,-0.69889657374553282,-0.067859258948651649,0.70105521487854228,0.71300086446298394,0.012302559353161976,0.039785493711980167,-0.056332463835626977,0.99761904954160818,-14.855549022009043,6.080041227432349,-3.2356228135326703,0.1960291972871769,0.09755257629097909,0.4622641509433962,1,5
0.99218546651376793,0.11529820452916746,-0.047689873885396396,-0.10934751374860943,0.98759368362018196,0.11270242814826947,0.060092605833433607,-0.10660694210917245,0.99248367171368501,-11.747107503788664,5.1507449034339796,-2.8829631739746002,,0.07101432646777887,0.3608247422680412,0,7
-0.77267016140002753,0.63435268637961795,-0.024031041696477559,-0.63111624929464083,-0.77170294254132477,-0.078529283387319709,-0.068360087465717562,-0.04551085316738477,0.99662212532416572,-4.4823985863572284,11.398051491125054,-1.8957301526614361,0.09994553446887799,0.2182326188752813,0.1515151515151515,1,5
-0.36419093866995772,0.91540873709427273,0.17144038101382017,-0.9310046433049366,-0.35302171320865827,-0.092768659297586889,-0.024399064230888924,-0.19339729588257579,0.98081709386101368,-26.086648578354797,-2.6968828345194495,-4.7287910846568888,,0.6610030878509898,0.2424242424242424,0,1
0.93385855018328789,-0.34395305159097556,-0.098002584408912505,0.352000511083361,0.93242650932688576,0.081709515367148974,0.063275970530865103,-0.11080208935637212,0.99182611810117316,-12.647700734148973,9.8099787589163192,-2.8841557435512986,,0.07647707682658843,0.2941176470588235,0,3
0.88172182200950622,-0.46648966442197271,-0.070384810717311008,0.46933008940594029,0.88249804718817015,0.030437869295960509,0.047915506576143484,-0.059871443080497279,0.9970554219966965,3.3983179919519548,4.3488884035250042,-1.1487088505748049,0.9542002137438673,0.8669315733653684,0.9805194805194806,1,1
0.96281890257113667,-0.26338620366707921,-0.060062205833254369,0.26533331568098878,0.96377848344013139,0.027004933763542193,0.050773934665782616,-0.041937364911071334,0.99782927647111608,-2.1177526943230385,4.306691677650214,-1.7280373027445437,,0.08466689678562841,0.3211678832116788,0,4
-0.70752262908310948,-0.7002557065818209,-0.095150799969938332,0.70609140869011844,-0.70602933165250126,-0.054382951559531899,-0.029097283538651455,-0.10566233125346487,0.99397626724422072,-7.5744454350474859,-12.939663586442839,-2.1110040707966702,0.5045277172540649,0.197468347637222,0.7256637168141593,1,5
-0.53578445568685662,-0.81521582378817259,-0.21990492875265844,0.84410077396612271,-0.52352670354658204,-0.11581741692614159,-0.020709911495062464,-0.2476750922459143,0.9686217777062659,-1.4514073635094213,-4.0549286180730526,-1.4501707582128602,,0.1738623134640245,0.3229166666666667,0,5
0.83342552296679562,0.5526029003915327,-0.0056508535982668943,-0.54759625282772417,0.82716546828194493,0.12623641301520644,0.074432798930029687,-0.10211426227896191,0.99198409053908998,-16.403361916619783,12.772847003035832,-3.5292560616749822,,0.3308927170451755,0.3870967741935484,0,3
-0.94879825040158972,-0.30800415486927801,-0.070109347580371503,0.31570746013694528,-0.9320126351025857,-0.17799226843605984,-0.010520439570790867,-0.19101279693360099,0.9815311669829142,-1.3754150866781156,-15.721098349876286,-1.6809935784890722,0.8402467506821162,0.4811090309232591,0.4871794871794872,1,4
-0.90169063373952274,0.42300657694508548,0.089551308687371572,-0.42963201223777048,-0.85320879705691122,-0.29572129224190818,-0.048686087201002426,-0.30512322836175787,0.95106754777310987,-10.856076692139228,-3.5764840397287299,-2.5852320349701317,0.9111116877363237,0.4594920071394417,0.1875,1,1
-0.96853923777344308,0.24751346996534415,0.025861691339751053,-0.24872773546254839,-0.95938067020448081,-0.13312867177912435,-0.0081399327337766704,-0.13537286221291175,0.99076128793538054,-2.8072586275518003,13.638610631307092,-1.800640904002399,,0.6576025563469388,0.8292682926829268,0,2
0.65280307319580688,-0.75237102723580929,-0.088238228689386286,0.75645837114659842,0.65363095282164196,0.023179953315409108,0.040235312206345131,-0.081880491508068726,0.99582965649856614,6.1187646083825742,6.141312715243088,-0.91384192490252614,,0.07602458264897229,0.2258064516129032,0,5
0.72953162816316863,-0.68059748636418327,-0.067606693931531306,0.6826530252279609,0.73066297827578441,0.010791632141324087,0.042052950630239991,-0.05402475110461883,0.99765368520913855,1.8111210083174032,3.672134900749251,-1.2803731540983621,,0.07326562613551413,0.2884615384615384,0,2
0.97567012307587553,0.21617337195248312,0.036563427024822653,-0.21919451743291143,0.96532379349106257,0.1417876484302403,-0.0046448320162571811,-0.146352475136971,0.98922160235046586,-9.3127754404003085,5.6876931080347699,-2.5442417149426766,0.854331665682269,0.5680905241280017,0.2745098039215687,1,4
-0.8554696687942529,-0.50435612173790834,-0.11745870865349996,0.51621723088605209,-0.84855538956879717,-0.11607549857779353,-0.041126831988228474,-0.15993327764803417,0.98627071861196869,-3.6899915434375856,-20.502679203114333,-1.8864787389097422,0.6494051590505866,0.4905025947889398,0.7045454545454546,1,5
0.99428604451504299,0.094624542628941571,-0.049411108213584111,-0.091278397827736252,0.9936306615956636,0.06607845660248364,0.055349035878074888,-0.061190720450313499,0.99659027687316926,-6.8013339738905882,-11.635014205054647,-2.0069089000957487,0.1648360318211829,0.154041691163299,0.7075471698113207,1,5
0.35263029358693587,-0.91447735082358672,-0.19845163359233498,0.93453623912923689,0.35501199951459367,0.02466775131284547,0.047894611377206353,-0.19415883969401224,0.97980020982325877,-5.5671887365135584,9.698820216109743,-2.0699019859538992,,0.1989128268022534,0.5600000000000001,0,3
0.82599784269914667,0.562735198370928,-0.032506312783675384,-0.56216446291909805,0.82663254378580309,0.025490276285206444,0.041215051707351943,-0.0027810193538706524,0.99914642842984513,5.0948377278019583,-11.611986107695724,-1.103644320684849,,0.1160590274605353,0.5869565217391305,1,5
-0.79696253079828716,-0.5831891140090768,-0.15729329866493921,0.60102089956608196,-0.79159006493481321,-0.11026807054299936,-0.060204674140528047,-0.18241608042551105,0.981376467424111,-37.399972104820201,-4.1021293286948977,-6.1145421047763096,,0.6696526666963447,0.4722222222222222,0,4
0.89055912492085476,-0.4437058615812951,-0.10014765807847102,0.4536156406607959,0.88263886569110328,0.12321316211922502,0.033723813071735581,-0.15515714991557242,0.98731401451715439,-0.68958703574358926,16.948317457850475,-1.6956600234683068,,0.2027327463831936,0.375,0,5
-0.30342273351393273,0.94950659648569846,0.079823981465968377,-0.95282715442091681,-0.3029993496165177,-0.017658083987425969,0.0074201472406299242,-0.081416321226850011,0.99665255934694474,16.204066087802474,-1.9300084438219871,-0.19970811381809003,0.2132968334386094,0.1705941774836276,0.3870967741935484,1,3
0.75180376099628343,-0.65504808588025498,-0.075518938925665163,0.65808712492754917,0.75257219198590908,0.023588807814666345,0.041381649996543424,-0.06743219582765482,0.99686531588245442,-10.167639528688316,-10.046666817038281,-2.4190240101758538,0.2684421840497591,0.2563581179664845,0.8554913294797688,1,3
-0.82177907503112713,0.56919425245351041,-0.026401795675188269,-0.5678043903165747,-0.82189301300237427,-0.045717059344423619,-0.047721338814075545,-0.022578267244590534,0.99860547548570144,2.2022085410521086,14.056238780752452,-1.335728946996084,,0.1113302596671481,0.4090909090909091,0,5
-0.0039294588671173131,-0.98304487288624776,-0.18332304068249092,0.99997604549744679,-0.0049074016545707505,0.0048811720201839244,-0.0056980509212838102,-0.18329946890556795,0.98304060796827564,-22.489130217930256,-0.23009788864796699,-4.3369679654963766,0.6338175215391819,0.3995868766596089,0.7263157894736842,1,6
0.40350343087396712,-0.91240668901812261,-0.068549362563965432,0.9147203871248194,0.4040342267398575,0.0065541590572489828,0.021716230132319218,-0.065348125127763668,0.99762619647397388,-0.83957700851078487,9.5025267671244542,-1.5611998430225917,,0.07028704163186132,0.2093023255813954,0,2
-0.9304160872433852,0.36539782775236013,0.028466332264041695,-0.36311466436011575,-0.90848470967978268,-0.20688951835383601,-0.049735752988677565,-0.20282987884406561,0.97795009848291947,-20.538833226635301,8.2331486716421018,-3.9872015390288156,,0.2492174326243426,0.25,0,1
0.16227566470669644,-0.98099484439995532,-0.10637539144326953,0.9866717313436143,0.16263574292587499,0.0053394466327789233,0.012062471197702065,-0.10582405389918555,0.99431170485162668,-22.564910600891199,12.000722809435569,-4.3616620254506762,,0.1487638432922874,0.775,0,3
-0.89233043319076333,0.45092874679392303,0.020240141216103284,-0.45126910638895945,-0.89020225129778341,-0.062419110881756487,-0.010128752168741191,-0.064832222692277314,0.99784477313873021,-7.4771844379112276,15.619121722856873,-2.4281085700311831,,0.4254746192717214,0.2666666666666667,0,2
0.51781977944293589,-0.8519234899559528,-0.078032322014260552,0.85488798338047922,0.51871901759916084,0.0098547781617352743,0.032081332411931424,-0.071811893459436282,0.9969021216089593,5.680295962304708,4.6082190654668231,-0.93720032495682681,,0.09042951899745658,0.453125,0,5
-0.99590149290395547,-0.07330878610949372,-0.052972052167395776,0.081885633264837124,-0.97952611614051732,-0.18391120374651129,-0.038405201424929543,-0.18749509240997939,0.98151445777720692,4.91229381775935,-14.758778255559845,-1.229592272567182,,0.2299785294018143,0.2666666666666667,0,2
-0.082046475121096987,0.99469060265694309,0.062120696278866377,-0.99661727124111588,-0.081590077120021851,-0.0098526128240956478,-0.0047318689876030716,-0.062718930965991834,0.99802001238169991,-2.5088957166305517,12.688775461041155,-1.7345098946177842,,0.1427534919748347,0.3125,0,3
0.6574680179987229,-0.74891964440254533,-0.082795963288056523,0.75264367551448996,0.6579425998067342,0.025279103378001645,0.03554297422657865,-0.078936060121605187,0.99624585087999662,-2.9587431493606551,-8.3243232631162485,-1.6885610706705847,0.6014576521829539,0.5494743403975286,0.931095406360424,1,5
0.13408649978555726,0.96933514865778669,0.20593732093004588,-0.99096942084371298,0.131023639415523,0.028502857172342969,0.00064616401458757709,-0.2078994360042806,0.97814999206725384,-13.742734575744823,-12.410827349981419,-2.7964993666291238,,0.3268927728737415,0.2,0,1
-0.20813329806767555,-0.94410679212044835,-0.25562256415955553,0.97807253369672131,-0.20286918748480984,-0.047097893767413912,-0.0073925004934499161,-0.25982004895944244,0.96562875531705505,15.753358921608173,9.2808030683407399,-0.15861504160158574,,0.4819760573592266,0.3529411764705883,0,4
-0.51273156373396178,-0.84983722475385137,-0.12199604490964691,0.85836800664693702,-0.51033924017350285,-0.05251880714652666,-0.017626931550574803,-0.13164555200158495,0.99114012123529138,7.4278985347272579,21.802269717123959,-0.83900953466725048,,0.3261477690110639,0.5,0,5
0.27588942181163795,-0.93145206010132797,-0.23723845949894401,0.9606003515567908,0.27582960695116637,0.03413198672996666,0.033645081682315316,-0.23730800168169017,0.97085164717192152,-14.153765549241024,10.791240221505022,-3.111656936056594,0.517177645470539,0.2560842232780648,0.25,1,4
0.47845188486640133,-0.81061479130542879,-0.33762028076619438,0.87760476249579999,0.45450746147490917,0.15242325383065428,0.029894392659458969,-0.36922435940832782,0.92885935302769707,-9.9437358490706043,17.533359431733238,-2.644090121667682,,0.1587203714204528,0.6666666666666666,0,1
0.7097331633648416,0.70388526933503726,-0.028711747304506489,-0.70375212128297848,0.71026045877227595,0.016218276551611569,0.031808624771333671,0.0086953043499861903,0.99945615365178408,0.57811537743753771,9.9471050734814401,-1.4273577706695511,,0.07355109791039027,0.3157894736842105,0,1
0.97527254203558666,-0.19107187491826802,-0.11106307832336432,0.21501725724757828,0.93652236443983339,0.27693580481720292,0.051098413254941105,-0.29396836482730743,0.95444829752249327,-33.361677934428045,-1.3731283290243212,-5.7234826796923226,,0.4614450641912114,0.2222222222222222,0,1
-0.14062909117176217,0.98964740414224905,-0.028661371054334854,-0.98998063823022309,-0.14093047398171671,-0.0087713985527325764,-0.012719852416062124,0.027140688602147557,0.99955069325008084,-3.7744559307531214,-2.7846218647393943,-1.6900511417401129,0.2940391191302643,0.2298206425113308,0.8790123456790123,1,5
-0.96466264698783832,0.26252580085294341,0.022498475346977357,-0.25853891643375998,-0.9266142477304653,-0.27302685690635181,-0.050829186454980177,-0.26919554191967038,0.96174328904074002,22.79424932785178,8.2404220105979089,0.27161999049763541,,0.4339830900189806,0.1538461538461539,0,1
0.72088557682117682,-0.65489328758775278,-0.22680116182176779,0.69183428754139842,0.69940066727271666,0.17945479988165186,0.041101140048474441,-0.28627519712853772,0.95726548448992577,-9.586517669942344,-11.61964285789789,-2.2667010985429545,,0.7062293710344623,0.2948717948717949,0,1
-0.83989610143306226,-0.52427997325707443,-0.14037467164379883,0.54131053969886966,-0.82797674018174106,-0.14641522232655865,-0.039464394185918072,-0.19895986369008808,0.97921271143299604,4.4095199810854186,9.2319505691923549,-1.0360192366798131,,0.2359529524215261,0.1764705882352941,0,1
0.75048109289303866,-0.62391296115388029,-0.21796959905974625,0.65493137780511035,0.74629488350565643,0.11878062644883712,0.088560824162661159,-0.23189774418367023,0.96870037507278561,19.732902434026904,8.3712456884963444,0.0943282741587778,0.6955219717688785,0.495218383670731,0.631578947368421,1,4
-0.70978517353830684,0.70438156966787624,0.0071841309436228486,-0.70322667686097695,-0.7079547738601728,-0.065362673749313469,-0.040954222935656336,-0.051445529259702194,0.99783571250127479,3.2007951548320679,9.7641991286640035,-1.1658664883186858,,0.08284372419115754,0.4,0,4
-0.98703554868779664,-0.14390511079900922,-0.071078440560442227,0.15271042629845674,-0.97831395531623822,-0.13993330744765714,-0.049399912209669453,-0.14897356785491114,0.98760646249113571,7.518994128870367,-8.3545963538698071,-0.9030618582831017,,0.07498031589292475,0.5714285714285714,0,1
0.54124496461147165,-0.83567045317366417,-0.093320854985630614,0.8401987134785458,0.54189227883485558,0.020466558288180035,0.033466552731391853,-0.089485483916049421,0.99542570692974741,11.626737525017731,-5.5525035220442778,-0.55450638502063465,,0.1007691024100919,0.3461538461538461,0,4
0.35177065748559044,0.9134546797361679,0.20459216162954869,-0.93607371487133773,0.3443909591458813,0.071839178625277902,-0.0048378568736668496,-0.2167842598683675,0.97620754955808231,-0.26454629354040904,-17.11522783533276,-1.6102239455100957,,0.5866742919152702,0.38,0,3
-0.75932414164002249,0.64682532027374173,0.071020088534264239,-0.64930372519502666,-0.74597580255813678,-0.14807016730457556,-0.04279626584767092,-0.15854686074001975,0.986423525965891,-0.39659574982771306,19.370702812143328,-1.6044724628294471,,0.5656880990231641,0.2592592592592592,0,1
-0.17008858339454902,-0.96908234955715944,-0.17874359729962602,0.98541834678560125,-0.16809989676868883,-0.026326916353575116,-0.0045338302976138485,-0.1806151280572352,0.98354340010987884,8.5333004951050064,7.0205393018173678,-0.71916236018986623,,0.6749893933627298,0.7466666666666667,0,2
-0.45523813235120136,0.87518271555621807,0.16374815188280242,-0.88990423710268751,-0.44129311271018157,-0.11545924588893584,-0.028787004708250567,-0.19828162563939772,0.97972225926214651,-4.0140902029477949,19.500187225696116,-1.942901971900572,,0.3453342779876837,0.1666666666666667,0,1
0.91703703555512039,-0.37195531781928931,-0.14384824283330411,0.39762353590911326,0.88048556761440644,0.25814857914362344,0.0306365649414523,-0.29392925470032594,0.95533606344568633,2.5526748609616128,-3.598892275722076,-1.1448166887242399,,0.4670772720726409,0.2070063694267516,0,4
0.32002597761047308,0.94245084192972384,0.096797645634676022,-0.94730758117919678,0.31682401380658987,0.047232307967127532,0.013846309792897388,-0.1068127090820048,0.99418274219767211,28.981726122270217,5.6936672642838095,0.69756528979994259,,0.1351225386530038,0.3571428571428572,0,3
0.27515394225249745,-0.90222768400562947,-0.33207757267956117,0.96115605744122734,0.26593664177809884,0.073869721833950963,0.021664286439839364,-0.33950391569704641,0.94035511904781355,-9.7335082491875351,10.715282196616791,-2.4785631619765605,,0.1124777892518666,0.2222222222222222,0,2
0.80962912800622999,0.5746567919648945,0.11945813715476916,-0.5866028580002135,0.78530968690136238,0.19795399123247168,0.019943973271467238,-0.23034380197326806,0.972904913556637,-8.1907093756717,11.700682444778794,-2.3051304409031075,,0.3233786578282939,0.3333333333333333,0,2
-0.30685275637839188,0.94283749662733063,0.12999554167929014,-0.95167355781586527,-0.30214182647865767,-0.055025049261529783,-0.012602589300473116,-0.14059790768588781,0.98998656712971345,-6.0842187606979579,14.841451869814676,-2.2686533066921508,,0.2524646490245027,0.1836734693877551,0,2
0.18123519745585182,0.97917669362405568,0.091470245799385466,-0.98327082908039376,0.18214256128445885,-0.0016012645914425801,-0.018228545819485107,-0.089649818918940083,0.99580652241542766,5.1116189888263097,11.268937917184465,-1.0358985231268281,,0.3222696796039443,0.35,0,4
0.70702578042847086,-0.69746928759214022,-0.11683808743395523,0.70524453374943985,0.70763287565954458,0.043426500001027511,0.05238982177911429,-0.11310307755103952,0.99220108870250534,7.7998263986828258,-17.867025521879491,-0.97309572121611132,0.2322437967394887,0.20550121983339,0.3,1,4
0.50463502781733305,0.86320174202103639,-0.015041318813535803,-0.86317842288927304,0.50479766334465381,0.010115796566125084,0.016324795808504433,0.007878556570101591,0.99983570119704435,14.367640271530814,-7.0591091043274172,-0.38907661137469374,,0.1916215642748852,0.5333333333333333,1,4
0.41919141066174043,-0.86959920180307915,-0.26091337537747655,0.90749458711750308,0.40989474465055947,0.091868779573289774,0.027058003988710482,-0.27528807916671705,0.96098092483089737,2.6756041800414989,14.741902635824985,-1.288451870310475,,0.5056828929313042,0.4166666666666667,0,1
-0.93332207414272306,0.35903365038037621,-0.0021780294918192973,-0.35554763597876593,-0.92507010548396573,-0.13353343584958452,-0.0499578268926546,-0.12385531007763005,0.99104191520729235,4.8867563200696003,13.195166725776032,-1.0950530518315673,,0.07701796381575941,0.3,0,3
0.058166830331289131,0.98418718027031882,0.16730873868621121,-0.998301511963538,0.057893254156423199,0.006516312952512416,-0.0032727756608592487,-0.16740360006505137,0.98588301721083293,-8.1420290657547572,13.769433617577356,-2.4383874084078578,,0.2804263041796888,0.2647058823529412,0,1
-0.88472502435570044,0.46608920183231883,-0.0047420685483298636,-0.46363180727562897,-0.88101773426762275,-0.094091971965085716,-0.048033098600227059,-0.081046948377199279,0.99555221540490013,-20.835525172678661,11.556903475278608,-4.1625523737682739,,0.1101984026598656,0.2272727272727273,0,1
0.51865240524623257,-0.8503205004400749,-0.089189287830085506,0.8544047257872307,0.51931580812859046,0.017425727537044862,0.031499953726061951,-0.085241644511876477,0.99586224697804804,4.6406238708876311,18.837535302006422,-1.1275683592057111,,0.1067629512007352,0.4,0,3
0.74596052233225907,-0.62783248286706006,-0.22219197235446322,0.66463227784405599,0.72308090762382682,0.1881965363063958,0.042506874380568216,-0.28806314322885135,0.95666754473197713,20.150804842370448,17.208520201113231,0.12024468462128067,,0.1088776335674462,0.125,0,2
0.14339300562551804,0.98262670250398265,0.1178270319741135,-0.98953272806103565,0.14430648485424785,0.00078646366344949743,-0.016230404608738827,-0.1167064777771968,0.99303382218889025,16.292453446128825,-4.7384668034134423,-0.22158257299757544,,0.3347579654157443,0.1470588235294118,0,6
0.26347889915194728,-0.96199510887351058,-0.071723637701384305,0.96440029484640966,0.26441967225435076,-0.0037826214532831136,0.022604004110668218,-0.068173656410252581,0.99741737079811321,0.41708308508767372,13.096772584281746,-1.4740330593952029,,0.08268127221521368,0.3333333333333333,0,4
-0.9713907151448441,0.23688766479226916,-0.016861577614616395,-0.23194492250976401,-0.9615767081278318,-0.14687337167772171,-0.051006190333407267,-0.13876047223654195,0.9890115772286816,5.7343804514017966,-10.177794042461315,-1.0402030842115124,,0.2714620880996508,0.3529411764705883,0,1
-0.82907336420709332,0.54935187837960731,0.10416271157727747,-0.55905640271561219,-0.81765668241170975,-0.13745358594870336,0.0096589515483514916,-0.17219193775631683,0.98501606140545406,-27.715599916645985,-1.6840341072541596,-5.0376754818867946,,0.4250337683567456,0.3043478260869565,0,3
-0.35987350535344098,-0.93024972642530079,-0.071599627305449956,0.93291958725051194,-0.3597953223550896,-0.014435017690705949,-0.012333039729145064,-0.071991475169284183,0.99732899468229108,-7.1886750637410808,14.334126016492071,-2.3728038743178841,,0.07332632868366903,0.2692307692307692,0,2
-0.18312585242306351,0.94437827048354217,0.27315673964381632,-0.98296748921947064,-0.17151598240809274,-0.066008960877718612,-0.015486681758714971,-0.28059214175935165,0.959702147893295,-20.434797532099346,0.50022658839324174,-4.1460614562793214,,0.4162532319305593,0.1333333333333333,0,1
0.047517820747427733,-0.96098158057872418,-0.27250038256822934,0.99876875809679988,0.049602294217667771,-0.00076174675534095612,0.014248668751524626,-0.27212867213279818,0.96215537271380902,20.337735146511449,12.871353091078246,0.18281512050598281,,0.3028963033296551,0.2307692307692308,0,4
0.5448504994401564,-0.82565523844110655,-0.14639453710631209,0.83767291686221934,0.54383866652100277,0.05043400789347089,0.037973907033031898,-0.15010973330006525,0.98793980097637024,2.1806162276974059,17.686697563462481,-1.4022307159073433,,0.2023483404545003,0.3,0,2
-0.98164997596802051,0.19067078158690148,0.0028244877454973107,-0.18368186575212761,-0.94148167352710865,-0.28261852488188299,-0.051227891580678184,-0.2779512753373049,0.95922822709851685,24.508406052952243,-1.8292252574723531,0.36490976483186333,,0.4675024701240375,0.2105263157894737,0,1
0.31156922009784999,-0.94081661077545597,-0.13337438275996863,0.94997259824139724,0.31162841108522493,0.020971313620939309,0.021833086774600347,-0.13323602475863347,0.99084382120918069,-10.945887140087166,-7.4599641633955232,-2.595530365895411,,0.9109802105140214,0.6597222222222222,0,1
0.46486663973616643,0.86492441209906201,0.18922148032266023,-0.8852736342406875,0.45074743741832191,0.11453095729584754,0.013769523546313219,-0.22075440882553091,0.9752322242447693,-6.9612494285619642,18.604346345579824,-2.2886645031836683,,0.3598689620032183,0.2857142857142857,0,2
0.58219111879723062,0.81305192462897724,0.00026277508505039043,-0.81020810263496645,0.58012771273451036,0.083753610919610547,0.067943591443761969,-0.04897351094767443,0.99648645931953417,-0.99578479108206197,14.077520430008361,-1.6424501741734394,0.2145599001352052,0.1655716932779147,0.2105263157894737,1,4
-0.95114185249418137,-0.28349539198598755,-0.12230919489820472,0.30422461781509869,-0.92812392531265442,-0.2145538654452222,-0.052693057884250175,-0.24128062911253492,0.96902378694532865,0.62518984206852668,-13.814262257839724,-1.4909137486677588,,0.5672906645076866,0.6530612244897959,0,3
-0.85566508258944107,-0.48949122232305009,-0.1680345491435935,0.51594853628686654,-0.83219698835757649,-0.20308934110883026,-0.040427395917177575,-0.26047363750918312,0.96463418445651727,-14.234327074382771,-8.7123108178300335,-3.0376313244468101,,0.3735803100749107,0.2307692307692308,0,1
-0.89340025331140338,-0.44141954925606025,-0.083574929959275956,0.44807134936519138,-0.88901232293092936,-0.094282318358271208,-0.032681084149361189,-0.12167937874402,0.99203128757478853,-23.065504746966102,10.1464478686979,-4.4338513234587573,,0.5046501849016698,0.375,0,2
