axis_00,axis_01,axis_02,axis_10,axis_11,axis_12,axis_20,axis_21,axis_22,location_x,location_y,location_z,dbh,dbh_approximation,score,reconstructed,number_clusters
-0.0017410553735427341,0.99573825007836414,0.092207950075160805,-0.99999478325114544,-0.0019845023722288072,0.0025485723119718956,0.0027206978297835767,-0.092203031843924158,0.99573651069050728,-23.87965166935399,10.336042513061809,-3.2426921753530809,,0.2002294101208689,0.3333333333333333,0,1
0.056385083524631771,-0.97450997709102549,-0.21714287210491234,0.998408974161624,0.054928066799482443,0.012744716207355554,-0.00049261491525158377,-0.21751600407262361,0.97605663017205302,2.0410812235279696,-7.340321447534591,-1.4229069540961652,,0.0912442035336984,0.3125,0,5
-0.97577003955507613,0.21270892957929871,0.051261498065455616,-0.21879163418055297,-0.95045212017157188,-0.22084154517202534,0.0017466308393034021,-0.22670615020019541,0.97396163720247109,-12.336878466863745,-15.731623764104121,-1.1817058895324348,,0.3032208766075593,0.2916666666666667,0,1
0.18364812094301203,-0.9826796019140257,-0.024782406182512682,0.9829919698414773,0.18357963899075064,0.0050302460377681119,-0.00039357499361574729,-0.025284701503476861,0.99968021335255308,-11.317956051750052,-1.7232262225890105,-2.0465060408752835,0.637772059954628,0.4395746706531251,0.9758022093634929,1,5
-0.55866961331759379,0.79215286116622752,0.24572771048811268,-0.82936831497359031,-0.53572969094066103,-0.15856196379488741,0.0060383171030969985,-0.29238252819001231,0.95628238294751533,-8.7575857630868867,-14.156841738728025,-1.2377651003917458,,0.5459814680908159,0.3125,0,5
0.99950409543047058,-0.031488455094395393,-0.00020103105573927055,0.031463662623991986,0.99841988737581944,0.04655927863208751,-0.0012653663504036963,-0.046542514846374568,0.99891550851900102,-15.661747833654324,-6.8276999155226541,-1.8219159463561199,,0.08301626114557711,0.125,0,1
0.28350763482171448,-0.95703310926215246,-0.060918377964417091,0.95875851656588984,0.28153865504275727,0.038962708184761774,-0.020137723559848136,-0.069452238932475124,0.99738200234268037,-3.0899944676799498,-13.805908499079329,-1.1660182339048877,,0.1384894149772331,0.3571428571428572,1,5
0.46353261654677586,-0.88306986269145704,-0.072973495211564501,0.88541652139184379,0.45842609855986238,0.07670134161506828,-0.034279688500154552,-0.10016551185550841,0.99438009492902524,-2.0662237005810118,-13.859265390739658,-1.1685141294070125,,0.1761132958143082,0.2222222222222222,0,4
0.92398309838168435,0.37328296264470395,0.083156862039014817,-0.38243330308221291,0.90190426385845379,0.20078213946357243,-5.0976576972238596e-05,-0.21732125674478736,0.97610013255211403,-26.552763494073833,-4.6414935870544909,-2.2289849584009458,,0.4275859366482411,0.2962962962962963,0,1
-0.99523611539328216,0.096573872048784953,0.013362703857941867,-0.097478218514501266,-0.98814812937809504,-0.11858023158103141,0.0017525787084369012,-0.11931790160775047,0.99285455471775619,0.92787589397459125,8.7244714958447869,-2.489776550866396,,0.1474159579318463,0.2162162162162162,0,5
0.97371150959436603,-0.22423643462894974,-0.040048938417373094,0.22777789187312905,0.95714945042366095,0.17883557120304144,-0.0017686314751619982,-0.18325651676975002,0.98306353864036888,-19.151194109626186,9.8762639117381834,-3.1944630331477963,,0.1202474047313296,0.1363636363636364,0,1
0.86861689624929039,0.4950538425463421,0.02064898376076145,-0.49548419151703965,0.86783504010627766,0.036847783114351142,0.00032172496989944918,-0.042237852026804037,0.99910753192497059,-26.816103784072805,-3.2878754408106938,-2.3079853130147483,,0.07980919234639305,0.1363636363636364,0,1
0.22214723339921752,0.97262579079814593,0.068188545719598079,-0.97499404905688003,0.22116141552659607,0.021776881915038456,0.0061000816996857939,-0.071321100359938383,0.99743475458132269,19.354490127824956,-3.7512033768097854,-1.3566680018644726,,0.8599731648235828,0.9887640449438202,1,4
-0.070719289338704708,-0.99196529213875073,-0.10489824263310454,0.99746482439167983,-0.071159781180599985,0.00045786854767491882,-0.0079187256996567004,-0.10459992702872317,0.99448285508040868,-8.0514620407215318,-12.42156903589766,-1.3023230724851353,,0.2149692541891065,0.52,0,4
-0.39115842637216025,-0.91637526140793402,-0.085155538619620816,0.9203194210140101,-0.38974941331552981,-0.03327999586297415,-0.0026923563089772729,-0.091388046809978488,0.99581171720248607,5.4767968793283766,12.063842443558315,-2.5889969857645774,0.3220633709913706,0.303111088388203,0.7619047619047619,1,5
0.21482675253339323,-0.96510466235321801,-0.14974130058216581,0.97664733373672497,0.2118030448798503,0.036047963667475473,-0.0030743943962483851,-0.15398850893396707,0.98806785557237453,-7.2022599593383134,-9.7191244738543894,-1.4262418861652941,0.847548507811805,0.4907953107566757,0.5241935483870968,1,5
-0.81406245588084891,0.58061674941657548,0.013656801315446065,-0.58076157237677106,-0.81398853549624084,-0.011775403651042075,0.0042794831113869549,-0.017517259420751243,0.99983740260438547,-15.166629725457826,1.1758476876797834,-2.376992818398719,,0.1650408711058529,0.7485380116959064,1,5
0.97488935253649112,0.22267792015441371,0.0023009099688474435,-0.221737839556118,0.96971566293791345,0.10239073962945817,0.020568928507958498,-0.10032984066860029,0.99474159571792631,9.9990750485750723,-2.8996169800007379,-1.5302775472469778,,0.3668225793948403,0.8518518518518519,0,3
0.19071814354044653,-0.98057697270637534,-0.045775433613323584,0.98162936741010154,0.19024586502358398,0.014501581964537437,-0.0055113303776431,-0.04770022473144607,0.99884649160821481,-12.088962708958341,4.2269626114314143,-2.5284746814724617,0.1725408505848307,0.1321757495070947,0.7033333333333334,1,5
0.13570165939058501,0.98978397748861513,0.043734855041022196,-0.99074891362739315,0.13562649405523117,0.0046951311406225518,-0.0012844394820315421,-0.043967397206383124,0.99903214072326696,-4.929848809248786,-2.7993467803694765,-1.7575920656258768,0.8094840472128896,0.7317956923433921,0.9924446842957366,1,5
-0.9312185381960838,0.36422381246371588,-0.013154792067708242,-0.36268186268452302,-0.92963049225117489,-0.065184464073298587,-0.035970829843546367,-0.055929976857088212,0.99778651879504354,0.15070959437964004,10.007612307975853,-2.5796780179817862,,0.09920292537866196,0.3611111111111111,0,2
0.98200623876932014,0.18771588548094739,0.020651715576175147,-0.18884744917538346,0.97647217165616507,0.10410926433822532,-0.00062286281507320138,-0.10613597090147761,0.99435143069375453,-19.746396345756949,-2.1204311959909514,-2.2955362292799881,,0.08869628372492359,0.4264705882352941,0,5
0.8057664153374251,-0.5901050537541177,-0.050164822815650836,0.59133726959464639,0.79699748930254821,0.12294403455956268,-0.032568658287137939,-0.12872850336768552,0.99114492124920384,-9.9310384690659532,-13.631717444688807,-1.2591946200079807,,0.160327798952979,0.1739130434782609,0,2
0.43955349802620564,0.8863945948608396,0.14524924982393236,-0.89797288968533795,0.42988546216018875,0.094038177425371378,0.020914391291431921,-0.17176469842435499,0.98491597439177492,-15.368793535729617,11.409972212265144,-3.1829190479923857,0.5820798484140746,0.2454270867735151,0.1818181818181818,1,3
0.84064727764913671,0.54096942144637161,0.025772846972566054,-0.54157940936241278,0.8398627667206493,0.036363119104317089,-0.0019743190607993092,-0.044526600322865671,0.99900624819263861,-13.160886827012103,9.8630413930297571,-3.0160924279640628,0.4651488883623031,0.3463163697008652,0.9423076923076923,1,5
-0.83925595067207281,0.53811535712523784,0.07798276532344986,-0.54306848942217223,-0.83666650324151104,-0.071174280118186564,0.026945594412344474,-0.10208342068915875,0.99441083570230882,-1.1196310137753962,-15.159832794891638,-1.0987823688759528,,0.2556232938722057,0.375,0,5
0.92894044458228553,-0.36809619054991793,-0.039684315817517239,0.3698529054450454,0.9274812757135098,0.054656303705055954,0.016687682676878229,-0.065449810568706593,0.99771631416119277,25.795542513703609,0.48050299796870488,-1.4543719237754871,,0.1129047764596494,0.2142857142857143,0,4
0.20977712338811452,0.92982357818457939,0.30236016926016085,-0.97774625943230564,0.19873161838612871,0.06721603989945045,0.0024105329581288826,-0.3097319119910884,0.9508208727332409,-17.216343725816596,20.282873576557108,-3.5646847865910716,,0.4101070867324529,0.25,0,1
-0.6273512921364427,0.76662683331286885,0.13679786072676431,-0.77873114113264597,-0.61823628230245586,-0.10659131800989169,0.00285763625807566,-0.17339895527228991,0.98484751927671299,8.6095965548915263,1.3548909346042448,-1.8205706646530346,,0.4309636368725577,0.1388888888888889,0,1
-0.47688903129596344,-0.87515726700186791,-0.081710524679631191,0.87895970206883889,-0.47509550427040625,-0.041401738624222049,-0.0025872705033690023,-0.091564293454770948,0.99579580547192115,10.833957913574293,-9.3628966929784152,-1.1959594374043525,,0.5689469593078466,0.5,0,5
0.95484219092519884,-0.2968684306961748,-0.012063386139814563,0.29711236188526935,0.95416028062647784,0.036088824998321771,0.00079677106155035633,-0.038043313877647936,0.99927577346050134,5.9319072328873155,-12.569869091503092,-1.1244624348318997,,0.1305104979274309,0.3461538461538461,1,5
-0.14323623657842002,0.98797201493281206,0.058263867366076576,-0.98968721945634042,-0.14308331644144157,-0.006809713716290554,0.00160878079004334,-0.058638402653203192,0.99827799212376289,12.292345389029858,12.926005637529505,-2.5250042445670244,,0.1937200377655742,0.3,0,4
0.32623295690451043,-0.94102923954947826,-0.089643896291221062,0.94527438195622449,0.3252921841697311,0.025324646796439775,0.0053292257053432915,-0.092999813069796683,0.99565186391748628,-10.347128273470794,5.0768355384964776,-2.5175761851659564,0.1561553753496427,0.1304852977284106,0.3924731182795699,1,5
-0.71640164199418566,-0.6944589263721016,-0.067048392450102051,0.69767800422339044,-0.71255850023633782,-0.074200984924784941,0.0037536343591165157,-0.099935896068675492,0.99498679735263251,-2.6336670128660433,-15.637113027096209,-1.0811281310211143,,0.3746231004253861,0.8253968253968254,1,5
0.5515904194744351,-0.83345812768760685,-0.033099222581293518,0.83411010110776096,0.55101520419753347,0.025349240090222984,-0.0028893552944898163,-0.041590793868595266,0.99913055077470325,-10.427147124049235,-12.124641907716173,-1.323541033787202,0.6748411701919743,0.4656634055365171,0.9649805447470817,1,5
0.74113552645793135,-0.66973435443411411,-0.046626450783297538,0.67135032796922978,0.73906919031485063,0.055366678272771828,-0.0026207933025092028,-0.072336895275325525,0.9973768119544355,22.437470645053374,0.86183613989775953,-1.5319198401898673,,0.08613405064383303,0.5263157894736842,0,5
0.71804562595030563,0.6869008587780403,0.11215029765286341,-0.6959700220379037,0.70724271291347174,0.12423153164697803,0.006017265009555935,-0.16725715303324018,0.98589494231435271,-8.037807392657248,8.3052187354710885,-2.7288934592348624,,0.686821885426167,0.3949843260188088,0,2
0.69271076501317663,0.69855193203914556,0.17937947006063748,-0.71935335522482113,0.68707202303207127,0.10228775827736018,-0.051793304216380058,-0.19989305493436307,0.97844786280483809,-7.3897430305388943,0.65896908244847852,-2.0717389214081563,,0.4509170356180676,0.2652259332023575,0,3
0.79070927961966264,-0.60811737450403702,-0.070513076444533501,0.6121886097503656,0.78581608566078809,0.087853204885611297,0.0019852494227400601,-0.11263364658518041,0.99363460106905266,-15.376031623264881,4.7709400459373663,-2.6461294911213855,0.2257305412315712,0.1525736001989465,0.4863013698630137,1,5
0.99249424948832188,0.10088023599023994,0.069125557640906179,-0.10958814357964033,0.98454145664371118,0.13663293503635071,-0.054273414480580394,-0.14318274385006383,0.98820701188778548,14.453180115428042,-6.7998185530136537,-1.269027280002843,,0.2967305715980191,0.2105263157894737,0,3
-0.95222335152297644,0.30535211614247226,0.0055474301857113047,-0.30539625012004634,-0.95216299062625231,-0.010898150957251811,0.0019542842590802708,-0.012071638206436627,0.99992522536640127,-12.937049250176727,-8.7658307620440539,-1.6054921735372347,,0.06700793354289367,0.3333333333333333,0,1
-0.70867092391233544,-0.70404051733428219,-0.045961631312607755,0.70553732606633879,-0.70701479839027304,-0.048447460039979823,0.0016134213339079222,-0.066760952725682512,0.99776769443731794,-2.3953416368517124,-10.483897526712543,-1.3329279888896799,,0.123097479626487,0.3114754098360656,1,5
0.80543945648856574,-0.59208076217959316,-0.026601747841758845,0.59267084645682444,0.80439651192535089,0.041079427484819415,-0.0029239855600846562,-0.048853072156840573,0.99880169585823342,-21.032906698546352,-2.643757741990278,-2.2820160554649775,,0.07019958207972145,0.2926829268292683,0,3
0.75914334133471706,-0.64595095250202217,-0.080304136063419143,0.65092024707027152,0.75295103098392402,0.096786243310829773,-0.0020540840144982028,-0.12574622022938359,0.99206031512044912,6.5494472631711469,-7.1449926362913052,-1.3674399300189499,,0.1983997396599398,0.4117647058823529,1,5
0.527414335935387,-0.84707749217387296,-0.065527402682062627,0.84960735554894518,0.52595247412591783,0.039259856825444403,0.0012081585008733987,-0.076378774625208187,0.99707814294557084,-1.3130600589455461,10.499610126301612,-2.6660230866285977,,0.2985790469124767,0.1428571428571428,0,2
-0.99999417064101814,-0.0033977005851776282,0.00033810459097261903,0.0033851953552928348,-0.99948599433712182,-0.031879265617957564,0.00044624700274338119,-0.031877935232183241,0.9994916698547035,-15.59623292080658,17.230598747211513,-3.4088975558412082,,0.09237568501346817,0.1052631578947368,0,2
0.027080374887807207,-0.96150991064236513,-0.27343252372833499,0.99962947781179301,0.025295116935966339,0.010053066642460827,-0.0027496155472696402,-0.27360345172476597,0.96183865113574785,-22.404486100838405,31.85574307653556,-3.8905187013266769,,0.4059250157385055,0.2666666666666667,0,1
-0.84356512329162836,0.51306911298054203,0.15861263528275796,-0.53702127718368675,-0.80727427082065351,-0.24477826603476396,0.0024557316594592212,-0.29166476814374326,0.95651745013129486,-27.765575699362405,0.02538857587132377,-2.589881455521327,,0.4906371871183952,0.3376623376623377,0,1
0.23818331049826127,0.94640886116487688,0.21812606013195707,-0.97121735184754276,0.23155229145386239,0.055860467172347078,0.0023592520713613674,-0.22515284548738609,0.97432059923753911,-16.481342734207921,9.7950457436481813,-3.1311525355365504,,0.09666568439352233,0.25,0,1
0.65467892447941012,0.75587402356828848,0.0070686870895907703,-0.75590504020589921,0.65462684027280305,0.0084421671249314822,0.0017538625380219279,-0.010870165092285597,0.99993937990113424,1.7236562712562749,-3.0533557974629826,-1.6696402295523898,0.1492159395841944,0.1342707315637209,0.7929292929292929,1,5
-0.18323096576126821,0.96936078496387068,0.16360342832722841,-0.98274075995611165,-0.17630922602584265,-0.055996924371376162,-0.0254364287406516,-0.1710401280179536,0.98493566424438295,-20.20389072693802,13.708728311666686,-3.4490569672618778,,0.2989419917087428,0.5370370370370371,0,2
-0.98524348270017736,0.16865388365440453,0.029174429302269645,-0.17100225534390331,-0.97722306392914393,-0.12567144461744478,0.0073149479919566544,-0.128805864979913,0.99164284935789848,-37.488261587060933,2.072971644120706,-2.8607631594446175,,0.2390079991084855,0.375,0,5
0.96520868168867546,-0.25976529972397144,-0.029903007409360235,0.26100739450450516,0.96401864467107279,0.050430077736580543,0.015727072416014478,-0.056480454901348336,0.99827982920990532,-15.907008899668787,1.4909367626158412,-2.4260016488469542,0.1332251980772745,0.1417444685457653,0.5454545454545454,1,5
0.98717779458460975,0.15929116075298824,0.010311546199786727,-0.15943216647033692,0.98075778198483199,0.11267456399191003,0.0078349329058712402,-0.11287381973760724,0.99357843909990362,8.0287164858021107,21.813523557523219,-3.1410246345185122,,0.4941612392859296,0.3636363636363636,0,5
0.99490797844457168,-0.10078607417857337,-0.00053073440446752527,0.10068270966262531,0.99362002429566654,0.050815738641406712,-0.0045941704722902441,-0.05061041958284257,0.99870790475860405,-6.1951521912162058,12.652288487845983,-2.9281296189838804,0.16977398701511,0.1352564408112609,0.7672413793103449,1,5
-0.83403479930744484,-0.55157482139867009,-0.01229511867435837,0.55171159055037777,-0.83380613152136507,-0.019536015196288684,0.0005238287542717882,-0.023077075993339701,0.99973355158613864,-0.31093730938758207,-13.333965713789924,-1.1710208104091024,,0.08639987574301078,0.4761904761904762,1,5
0.23571513996325746,-0.96680573767479339,-0.098615609267495324,0.97179924627095882,0.23379554983030312,0.030754931746659966,-0.0066781538839231188,-0.10308397779792774,0.99465023791383933,2.4562518046452042,-8.1690070633356875,-1.3854682940567129,0.2476627120878711,0.1310254934808212,0.3424657534246575,1,5
0.99443668938539509,-0.1047367962047403,-0.011219372753516383,0.10521899675818516,0.9927002741511165,0.058950219859637693,0.0049632172445557669,-0.059802752621140362,0.99819787479913924,3.3520201136780052,-7.5279372217480525,-1.4008403112157479,,0.1785127273026547,0.3384615384615385,0,5
0.91170716563410759,0.40719823373201458,0.054586102415811057,-0.41084065338200659,0.90361099224630714,0.12123172942876773,4.074392886210738e-05,-0.1329540264045117,0.99112220497916392,-1.4902329030988941,15.84239463275838,-2.9760189883962709,,0.7931920942731225,0.4555555555555555,0,1
-0.86990732349993283,0.49231661875968624,0.029758955193596146,-0.49320953198038164,-0.86860207100971343,-0.047694861372384656,0.0023677172291785013,-0.05616750956441012,0.99841855190318618,-21.984242839014254,14.816045268771605,-3.5652744861527155,,0.6739819084885221,0.273972602739726,0,1
-0.15637382830017615,-0.98579915701228071,-0.061214768288586068,0.98769441214692533,-0.15623836232508878,-0.0070229873782766102,-0.0026408401103054967,-0.061559696001950132,0.99809990972430229,-4.1194456686746186,-9.7360782900015241,-1.3925735109552604,,0.1025668735667727,0.5185185185185185,1,5
0.58366707154285202,-0.81148180149470051,-0.028810335636840323,0.81198751176134665,0.58316426209285577,0.024407461181216339,-0.0030050524469399102,-0.037639464138203585,0.99928686591948157,-3.3140131698243094,9.5900348161778535,-2.6581058883359101,0.1381616736566577,0.1411351679834859,0.6695652173913044,1,5
0.59282565719970925,-0.79807667974704799,-0.10784875247150826,0.80532564393967043,0.58700146154253008,0.082945110525509597,-0.0028891830831367341,-0.13602535569099525,0.99070114324666547,-24.191482776176485,-1.9354882897348686,-2.3971141940603888,,0.06298075278841368,0.3125,0,1
0.17354759112979962,0.98201686812438838,0.074324318578856893,-0.98481784585811882,0.17334854191261756,0.0091702506042315897,-0.003878671476010417,-0.074787390220123331,0.99719195853739406,8.2758137032415444,8.7605589789242106,-2.3142336936040446,0.1972984776134007,0.1247739575775225,0.1176470588235294,1,5
0.98602762149175716,-0.1661865552011883,-0.011469896497786033,0.16632009015301244,0.97828264618848959,0.12369596508350612,-0.0093358056321521526,-0.12387531245897457,0.99225387361117878,-24.776811249204375,-0.94516363859396924,-2.4730956109363849,,0.09874534260810686,0.2903225806451613,0,5
0.24864117185523685,0.96276137776361814,0.10615129365747443,-0.96757130127390756,0.25192106150830312,-0.018481226140272759,-0.044534757320240502,-0.09811375161123212,0.99417822704744296,-5.9836765509531897,15.192135805134461,-3.0722582764685726,0.644340243922386,0.502385467584918,0.8442028985507246,1,5
0.68171622978468083,-0.72875218760456295,-0.064677902793184208,0.73161096754813781,0.67869211855597478,0.064205921637190938,-0.0028938229798064433,-0.091089281869862315,0.99583852532275263,-25.038296912007553,16.088732647069452,-3.656015994142503,,0.150014106767286,0.8888888888888888,0,2
0.42752093623379733,-0.89791851895153019,-0.10472909054158878,0.90400059388824094,0.424260408058448,0.052782879836055147,-0.0029623185996226144,-0.11724094625159784,0.99309908125551316,-34.311565228484433,-6.9379293310254573,-2.2378969573449599,,0.1875126710418984,0.3,0,1
0.74027136877196953,-0.66712525650461341,-0.083319821832081212,0.67230276067248007,0.73406056563779087,0.095729222119946875,-0.0027015863188591875,-0.12688174852665618,0.9919141713486006,-13.907521704422505,-11.411875218808182,-1.4414544433465319,,0.095104795184748,0.15,0,1
-0.95850177958926441,-0.27721246987973824,-0.066540101197618384,0.28494914528285875,-0.93882442016776246,-0.19342360946697654,-0.0088500354113638276,-0.20435741885197206,0.9788563338066405,2.591699138538333,12.164815657868308,-2.651530573374743,,0.2819413527576495,0.2,0,4
-0.98456230082785412,-0.17435940950717196,-0.015358128299832395,0.17502051300186589,-0.9795773989218457,-0.098974438872250936,0.0022126493458115536,-0.1001344887529943,0.99497145102010354,-5.4135796538242626,-14.504368947545512,-1.1548846084183029,,0.1403194367153087,0.375,0,5
0.22818651897318326,-0.9731548925499417,-0.030007793404614538,0.97360995354461521,0.22795552247174752,0.010951626978966447,-0.0038171871521899634,-0.03171489998006629,0.99948966688080387,-4.1744127171492149,6.6370090833523419,-2.450349131043934,0.1270720911800824,0.101243814428794,0.5379746835443038,1,5
-0.54248446550835416,-0.83854899033843311,-0.050459840313942829,0.84005979237728068,-0.54172884655818554,-0.028799340926096539,-0.0031858928347919114,-0.058012478046807904,0.9983107744974572,-8.6323538362039276,-7.9130309626995174,-1.5676006995417788,0.3864418826321845,0.2788515592390525,0.6390532544378699,1,6
0.13540261734616849,0.96723256723236994,0.21477265212518459,-0.99079028627046217,0.13237127651187497,0.028503574981255487,-0.00086014411723142679,-0.21665411613836275,0.97624804947943489,-3.3635464558285824,-11.516271430735555,-1.2903975689340415,,0.1311256809405156,0.5833333333333334,1,5
0.86852977756976857,-0.49268909516220427,-0.053976670727810143,0.49547426797500416,0.86029020878788276,0.12002502421718754,-0.01269941924828516,-0.13098935900274941,0.99130243244874894,-2.722710487694957,11.244121851892924,-2.7353881778979043,,0.8316636696726825,0.8596491228070176,0,5
0.7385058240773219,0.66666840163546126,0.10080868050270475,-0.67389600422830553,0.73464896334954821,0.078454293283157894,-0.021755994323425256,-0.12587351949578288,0.99180771009341573,12.080238996661924,-12.812861523748335,-1.0183386515436603,,0.4425240894829237,0.1176470588235294,0,2
0.43940188279749209,0.88569084317347124,0.1499257006409713,-0.89828247511294079,0.43394421575555786,0.069144866167087371,-0.0038184157696044001,-0.16505801383441221,0.98627646822280546,-15.54572894076664,10.149518832976934,-3.1164115365303404,,0.3985533786674634,0.3157894736842105,0,3
-0.72781008930488722,0.67992824341261227,0.089387122763025503,-0.68568253107076993,-0.72368300359076243,-0.078245619035418976,0.011486535177997583,-0.11823913955916932,0.99291871036148371,6.2598940132213734,6.8669515387621987,-2.2309669566658905,0.3006339322791203,0.1667715920296073,0.2,1,6
-0.25420868107387468,0.96620826557294015,0.042655996122615565,-0.96714464385442778,-0.254098268302338,-0.0080813309204170632,0.0030305660153307199,-0.043308862652863628,0.99905713454503775,-19.113553781900606,-6.4702621309154473,-1.9407941103164883,,0.3082030919125474,0.8333333333333334,0,2
-0.4143948341614383,-0.90738467454030514,-0.070213772364815866,0.91007811734122601,-0.41265141437023034,-0.038426950892544443,0.0058942138545970768,-0.079823947707642701,0.99679155073435644,-18.288135400971981,8.0108211305335342,-3.0296639202832751,,0.1492047081612862,0.5106382978723404,0,5
0.91203051665866963,0.39983316122227619,0.091289538668587009,-0.40993808419543487,0.88207831700174155,0.23213920349986886,0.012292428950321144,-0.24914109629360279,0.96838918329777124,-7.3572778089936399,17.169865045026441,-3.1934920904994262,,0.3384595500466325,0.2941176470588235,0,2
0.69612173205620387,-0.71704148086951458,-0.035581580509092221,0.71792341266292858,0.69531508755826565,0.033509738349566887,0.00071253735741753693,-0.048871706807678904,0.99880481004259225,-11.507625807119055,-13.054450645477614,-1.2784403851616786,,0.09329407364440714,0.28125,0,4
-0.94881484125053694,0.31221301748850511,0.047680485876721336,-0.31571989968416597,-0.93356738042352128,-0.16962573847321524,-0.0084464173551871257,-0.17599709633935956,0.9843544484147847,-9.9483000885261266,18.940544787982887,-3.3417853471131269,,0.2605969892518096,0.2727272727272727,0,3
-0.76892611015189116,0.63904320353557931,0.019401575752139653,-0.6393338159414238,-0.76846219611887434,-0.026797853084425532,-0.002215608372291148,-0.033009652393521216,0.99945257712829938,-1.0107672774680823,-11.728081406579854,-1.2597454495185385,,0.08632031194030927,0.4827586206896552,0,5
0.84393460942569221,0.53065046112451986,0.078641357578810564,-0.53634437367789345,0.831804537686753,0.14295427208654898,0.010444512318546186,-0.16282290745488229,0.98660002684490411,-6.399907752507529,-16.55872603615629,-1.079615523068739,,0.1744062091779779,0.2173913043478261,0,3
0.67893302726998861,-0.69940398089144795,-0.22334729905509185,0.73418877551005846,0.6450484479878511,0.21184744903705277,-0.0040971205804474211,-0.30780930990088734,0.95143924784575129,1.3830624827630469,-7.9263301692557881,-1.4040122871756375,,0.1756601097124278,0.131578947368421,0,3
-0.78918649473897173,-0.59680342410301424,-0.14494947223268562,0.6136666192727086,-0.75688620719445643,-0.22480335795800885,0.024453157506159638,-0.26636242666282645,0.96356271241174041,7.7186949996588927,12.168259020206849,-2.5914471058340038,,0.3964773933925761,0.5128205128205128,0,4
-0.81550874763271741,-0.5687055009252886,-0.10732910020974776,0.57874442502187229,-0.80155772134728365,-0.15020023253861353,-0.000610770513412615,-0.18460572192071292,0.98281247163103935,-12.287231892311109,0.40042492532471874,-2.2302219782805448,,0.4434033307901879,0.2826834862385321,0,1
-0.88977720041989516,-0.45592933929715479,-0.020614829152703667,0.45637797436379723,-0.88922748550317576,-0.031521794703003279,-0.0039595616591354002,-0.037455528213615551,0.99929045090889745,-5.0665615152405685,-13.091332342003751,-1.2235296031165857,,0.261214991641434,0.3243243243243243,0,4
0.44528480480646004,0.89015400122771871,0.096681418621962112,-0.89526984518075381,0.44086107493318233,0.064291655125592359,0.014606399915855391,-0.11518405578482326,0.99323677256455623,5.1303658108021715,-11.368501140407496,-1.188570216154831,,0.09140843784067465,0.1818181818181818,0,5
-0.99334779448351451,-0.11344890650034542,-0.019735876180541911,0.11514955683870476,-0.97734320325092927,-0.1775974172646192,0.00085950834070207792,-0.17868858014179076,0.98390530671011378,-14.794577432754217,-16.888808177256678,-1.114452700313878,,0.161029026110544,0.3043478260869565,0,1
0.65036102307226418,0.75118916967180882,0.11289539864926366,-0.75958225582523797,0.641520515707526,0.10717380539009046,0.0080830875190677203,-0.15545500729834422,0.98780990296819271,7.4338856612841067,23.356152206817207,-3.2783860551901762,,0.2304686844195611,0.5454545454545454,0,3
-0.021534978481092239,-0.99837094836101536,-0.052836485221346929,0.99975347029643835,-0.02179042636355788,0.004263326063448156,-0.0054077104256619402,-0.052731648823273809,0.99859407662990396,12.943586628762537,1.7583179642675393,-1.7785353392161654,,0.07933716761612479,0.25,0,4
-0.098428533377613245,0.9638091010223544,0.24775762471337454,-0.99509453323568486,-0.097809893469595191,-0.014835587751128516,0.0099344723859416742,-0.24800250306387567,0.9687084518741772,4.5702533262556289,-2.3897599419434816,-1.6475729446379717,,0.4126008747007354,0.2066666666666667,0,5
0.59475944543056058,-0.80256672840436305,-0.046344886767019811,0.80390087360435958,0.5936145777035875,0.036947510821943953,-0.0021418424961273186,-0.059231576005601388,0.99824197112454283,-4.0160903030238799,3.662170966047869,-2.178045296151117,0.1621910411178135,0.1255669047975951,0.6201550387596899,1,5
0.98669245877546785,0.15522534074444977,0.048405427241074495,-0.16003660736705433,0.97974799227940546,0.12034182949796512,-0.028745018665237435,-0.12648701599469975,0.9915516923926313,-32.57964523187291,-5.4491188354095641,-2.2852457324305573,,0.2373339419520643,0.7096774193548387,0,2
0.57609551159201522,-0.81632321285414255,-0.04159776050495375,0.8173781684097754,0.57518259012684481,0.03252564868004057,-0.0026251343999403381,-0.052738981507677633,0.99860488107104572,-20.070712747639583,16.635598556056873,-3.5111100053174278,0.3271184161239639,0.3040191025529415,0.7096774193548387,1,2
-0.8857913297596689,0.45834137211762382,0.07277985111232399,-0.46321419167509026,-0.88278744416761501,-0.078223660428311026,0.028395998897572893,-0.10300250009269089,0.99427569226108736,-13.824744270549042,-7.2066535688685818,-1.7323642042096961,,0.1487691293747551,0.3555555555555556,0,2
0.78453630099049243,-0.60651069060597429,-0.12902548046342804,0.62007894984618306,0.76661778898857735,0.16673110556797552,-0.0022109694274683213,-0.2108125892515165,0.97752399654804423,-19.691264234411985,12.126047192016264,-3.3906417241431677,,0.1113480387165248,0.5714285714285714,0,2
-0.982332527745302,-0.18364333747406578,-0.036026789128530801,0.18714267663301012,-0.96328301728682852,-0.19251869309086939,0.0006507811904651698,-0.19585952417018201,0.98063174702620737,8.7276341280522729,16.823019362147011,-2.8184274661321309,,0.5412868612684959,0.2222222222222222,0,1
0.87108704282573091,-0.49036965887150763,-0.027293982475364579,0.49069476515069638,0.86663691112210395,0.090327801558781937,-0.020640040572322337,-0.092076391865564974,0.9955380087099599,4.4183791218673862,21.394268133940457,-3.2209548495520601,,0.2045042844293221,0.3636363636363636,1,2
-0.34158925696750558,0.93612686989936067,0.083565919948342768,-0.93963894705171203,-0.34204140874049677,-0.0092910650824465923,0.019885389308164764,-0.081695521047618097,0.99645893700283517,-10.264419682520163,-6.4141223352271064,-1.6955962494111552,,0.116769232973404,0.1492537313432836,0,3
0.87155020912273351,0.48996108906055713,0.018394678162808681,-0.49030619445034379,0.87095656377287822,0.032163639479437046,-0.00026203385689175829,-0.037051251362597105,0.99931333229909614,5.0661399335744486,-6.2034197321879283,-1.4280890436865847,,0.09125006347102825,0.3770491803278688,0,5
0.99954233992102826,-0.016255370342782984,-0.025512225308949688,0.021055171614133693,0.97938678556942582,0.20089351408218062,0.021720737867186247,-0.20133873742279915,0.97928081894801655,-2.3029831416891962,-12.224538423376778,-1.2520133062627221,0.6660698723197305,0.3549874157996584,0.1481481481481481,1,4
0.93531109727531103,0.35265654806135038,0.028749094300658067,-0.35382641381811608,0.93225113900105394,0.075595520474769418,-0.00014212060750387807,-0.08087751814127539,0.99672403746525651,-17.705782111073724,21.552178470612407,-3.5933312666695163,,0.1620749214496613,0.4210526315789473,0,1
-0.20440214906029017,-0.97885150808767085,-0.008335860725067366,0.97888401008539361,-0.20441516519043954,0.00073146380968531978,-0.0024199708003411731,-0.008010327999407766,0.99996498858043381,-16.680919694200341,-9.1182578256351547,-1.6871433909397944,,0.0639508718496149,0.3125,0,1
0.90619665898447022,-0.41433877207235992,-0.084445231972882159,0.42252503165438843,0.89515241355899899,0.14203786158964071,0.016739560055239491,-0.16439445993423513,0.98625262923456314,4.0911270612517017,16.819784095035686,-2.9219287244182439,,0.4430000422931631,0.1578947368421053,0,3
-0.41204639282033884,-0.910283874116396,-0.040012981485919925,0.91116219215822214,-0.41159514333069935,-0.0193105558699046,0.0011089387588120404,-0.044415160815046935,0.99901254433795894,-4.6296639981920809,-12.315288202841437,-1.2534886044534814,,0.07671809463519352,0.2352941176470588,0,5
-0.99998707265413911,-0.0045881115698556971,0.0021917474371860725,0.0045505126948537861,-0.99984746652897516,-0.016862280682160342,0.0022687791474338389,-0.016852089123089119,0.99985541941491074,5.1556677036970369,-8.0742193682666343,-1.3457058407854963,,0.08103977331297993,0.3214285714285715,0,5
-0.91225612461594596,0.40784304497207341,0.038115794214537951,-0.40868943150236992,-0.89996449987480343,-0.15177894301702932,-0.027599124605090442,-0.15403879262382023,0.98767926913954707,-13.0889182398898,22.23371320251373,-3.5146441494342584,,0.7744074752140265,0.8611111111111112,1,2
0.25736596681303575,0.93040452554689546,0.26097926731495225,-0.96609208336822017,0.25353288931685602,0.048858576400671878,-0.020708587099192054,-0.26470453882868106,0.96410718363875481,-32.274796640953788,-1.1442716800425849,-2.5404763222957936,,0.2486576903293033,0.3928571428571428,0,4
-0.29128847587742046,0.93873183355507916,0.18421066334859457,-0.95649516850128613,-0.28249979435836242,-0.072875639422099625,-0.016371208101610909,-0.19742444341520338,0.9801813978481182,-19.736138411400059,8.1801841814407172,-3.0759119639713846,,0.4187126549499047,0.2592592592592592,0,4
0.41671523820085765,-0.88447557919242781,-0.20988415867669113,0.90903668393498038,0.4052405844379286,0.097120420020207834,-0.00084706062237993119,-0.2312639585768306,0.97289067420326125,-0.049026246103722047,-3.138943515441428,-1.6642764323011403,,0.1865087465371249,0.15,0,5
-0.17313405023469894,0.9783383902005286,0.11348389713597064,-0.98489405265941099,-0.17231732340320943,-0.017042449685294836,0.0028819586136507552,-0.11472024370176598,0.99339365812328229,-1.7815113354849723,12.841885747790993,-2.807866443785362,,0.06999530090186021,0.4705882352941176,0,1
-0.99321493100622205,0.11329047102258735,-0.026255856523588805,-0.1099354200093693,-0.98830103452286611,-0.10571314293122747,-0.037924981920503573,-0.10210942334826341,0.99404997933193251,-12.56563569524503,-13.683394089242841,-1.2780716313014573,,0.6153334037826841,0.5409836065573771,0,2
0.53077248896114648,-0.84663690345073817,-0.038555397512364205,0.84746423858539366,0.5296969515430584,0.035007197043910858,-0.0092157083759163861,-0.051255177702722712,0.99864306810681513,4.3105299603010812,9.3447366848875859,-2.4185442092575511,,0.08715672301589583,0.4848484848484849,1,5
-0.071115335568619834,0.99117549056623733,0.1118649004278965,-0.99746405863200704,-0.070985628282769983,-0.0051470685507536322,0.0028391520438924562,-0.1119472531064563,0.9937100944126469,-12.581633206615955,-6.3757725098766898,-1.7587372032917787,,0.06483756933103382,0.1162790697674419,0,2
0.96245376822699136,-0.27106826641020726,-0.014308702632704446,0.27139243194448648,0.95988341043981107,0.0704981293772831,-0.0053751194334131763,-0.071734463877580146,0.99740928148041297,-13.926815260931427,-9.6293442532376279,-1.5532230005344891,,0.07230660690115109,0.1666666666666667,0,2
0.34299844535174745,-0.93895049263010688,-0.026907970491345939,0.93933497114903819,0.34289911952553431,0.0083669471761475094,0.0013705702168477884,-0.028145447558926399,0.99960289881481779,-10.552232069774268,-9.6673406734144951,-1.4661614612760967,,0.08333472348010469,0.4545454545454545,0,4
0.9970278604276076,0.076975857499135797,0.0031879293312370507,-0.077009259370348804,0.99454927525699888,0.070294473872487537,0.0022404245978329897,-0.07033104896169412,0.99752118977471826,-4.3905305283822669,-8.8452798723086747,-1.4430572020460366,,0.07155466964642609,0.3142857142857143,0,5
0.60302392042966713,-0.79408755041592671,-0.076073081073869384,0.79759994057098771,0.59850732578311749,0.074988771060086001,-0.014017353202200555,-0.10589590765642573,0.99427841701951358,2.7552850040588739,-6.0097484605123688,-1.4851555131215406,0.1971595618705444,0.1512765776123733,0.3385826771653543,1,5
-0.76361266911388981,-0.64539673918611584,-0.018940449220917994,0.6456614334918187,-0.76308113707885095,-0.028783528896549528,0.0041236961638200648,-0.034208584922167856,0.99940620762909571,-6.624301068244856,-15.564201487214982,-1.1339438619066524,,0.1071236826895567,0.3333333333333333,0,5
-0.99720163968556641,0.074612821669884505,0.0046708297845654183,-0.074746133871493189,-0.99623733339748644,-0.043865601743630599,0.0013803186889893182,-0.044091976452910527,0.99902652233701628,-21.429600977499096,31.292105280260689,-3.8780663961450128,,0.2450331646467172,0.1,0,1
0.95526634031023461,0.27982507167480197,0.095729558300891276,-0.29574670643918161,0.90419228142660246,0.30817236060187619,-0.00032357482643100287,-0.32269838467328626,0.94650179494208231,-33.709208036211351,-4.7780570085533949,-2.3352120688453306,,0.2913681271492444,0.1,0,1
0.079463256369140325,-0.98731512784380371,-0.13745700861718924,0.99683479536665254,0.078365596752862185,0.013387456513161443,-0.0024457378306459998,-0.13808573994566398,0.99041725893187149,4.2087560573563518,15.651404430309517,-2.8530665765483367,,0.085007224482331,0.3157894736842105,0,5
-0.072199333505600913,-0.98731783222569702,-0.14138866436351269,0.99738585993496098,-0.071889183780636509,-0.0073069595012636686,-0.0029500242619786895,-0.14154661219720119,0.98992719627877124,-15.381669129850609,21.777241896161453,-3.5460263102406397,0.5306441565102452,0.7216759652988159,0.9459459459459459,1,3
0.20435372530518775,0.978580267059173,0.024904133718940867,-0.97888945577063546,0.20418536581307706,0.0091525826328156413,0.0038714771034421467,-0.026248758259752574,0.99964794520614075,-12.493045478925172,-11.10828827844721,-1.414714986930689,,0.09335441825874968,0.5538461538461539,0,3
0.54150052247297575,-0.79722422943327931,-0.26685335329729348,0.84069775321195617,0.51269718037034073,0.17426671794887613,-0.0021146881247666792,-0.31870853337307775,0.94785040953165089,-7.0292197705909709,5.3663916935564258,-2.4406677687039324,,0.4235464176348627,0.2218430034129693,0,2
-0.96787917823586123,-0.25008577892380285,-0.025826333800018978,0.25141338115777001,-0.96319892559157805,-0.095074399887924377,-0.0010991416164630459,-0.098513617938363759,0.9951350958379479,-3.6811511844674425,-12.446941446934062,-1.2493250270955698,,0.07223907418553274,0.4444444444444444,0,5
0.89404194597066988,0.44004767339658801,0.083946673449435086,-0.44777784219367445,0.88347622200793152,0.13771263263392886,-0.013564766321361037,-0.16071033036130689,0.98690839839865818,12.486931070779162,-5.7963070885369898,-1.3312661230668255,,0.570937323007268,0.5735294117647058,0,3
-0.33054511257178376,-0.92743402462682667,-0.17494587311335172,0.94367164935065728,-0.3277137283922047,-0.045689500271834313,-0.014958167224510221,-0.18019390163866936,0.98351736692623581,2.2698609153217499,-18.347639238223472,-0.90681103804798846,,0.4291737584070693,0.5,0,3
-0.071700727144502971,0.99549475506537721,0.062041908128903332,-0.99742227091398972,-0.07173598661382688,-0.0016618391384036991,0.0027962853449880385,-0.062001135972388551,0.99807216168291335,-24.438920182683717,-4.5741849598609816,-2.1746147329510337,,0.2347153287149887,0.2272727272727273,0,1
0.25999878200850307,0.96292373365302442,0.071961910215166819,-0.96558450571708931,0.25979941721165628,0.012281088533577686,-0.0068699107112618948,-0.072678373566038124,0.99733176944415824,-4.9191218990866936,7.7325285219862936,-2.5699686507609982,,0.1470331350400216,0.2571428571428571,0,3
-0.39506744235520097,-0.91248114692357118,-0.10630085841593506,0.91865206428083468,-0.39245357290857824,-0.0453715539060889,-0.00031746414265000747,-0.11557832677598309,0.99329831853083406,-3.068306359331209,-17.696679641929599,-1.0007795938707229,,0.640398582981543,0.7605633802816901,1,3
-0.79707515502424664,0.60144306079133725,0.05419817219264092,-0.60387563013487477,-0.79419855075304813,-0.067697011093313303,0.002328212250472121,-0.086688560996870237,0.99623274028713305,-12.131572656948689,21.090548080440531,-3.459889089125944,,0.130459496798074,0.4545454545454545,0,3
-0.17185253050756716,-0.98374706316038174,-0.052042516094752196,0.98511663670566507,-0.17179664742661482,-0.0055788904539461085,-0.0034525126889610913,-0.052226694862897771,0.9986292868226091,6.6461532126310443,-9.7281330854269523,-1.2430236750017669,,0.08020946064748663,0.2916666666666667,0,5
0.78799729278279818,-0.60356943581180056,-0.1215080356223617,0.6156776110817791,0.77286932708057576,0.15366874265982328,0.001160077417239025,-0.19590033030049261,0.98062312577694333,-14.942235300885546,-5.003002753955629,-1.9103365856453605,,0.1023697224778235,0.2115384615384615,0,3
