axis_00,axis_01,axis_02,axis_10,axis_11,axis_12,axis_20,axis_21,axis_22,location_x,location_y,location_z,dbh,dbh_approximation,score,reconstructed,number_clusters
0.45249596143296927,0.89139754645407276,0.025647983595425174,-0.89122669668799126,0.45103448979191801,0.047779327420501824,0.031022250038707063,-0.04447812039421916,0.99852857585986632,12.200734620442045,-2.758228575531354,-0.7502438222061415,0.2059207661696116,0.2066147786649725,0.6438356164383562,1,5
-0.85488098285549363,0.51882044665105342,0.0019619604547139917,-0.518819220527165,-0.85488323259436971,0.0011291769505264689,0.0022630871855684408,-5.2590892535987781e-05,0.99999743783201145,-5.1606479774648113,7.2520295974930118,-1.933651379327455,0.2667451741789885,0.1773891882569957,0.5264900662251656,1,5
0.57690985912024118,-0.81489169815300777,-0.055915424805429208,0.81675443707049278,0.57473625396824768,0.050896246425542253,-0.0093383068876084514,-0.075031717665624401,0.9971374215064942,15.084118876181785,5.2216155983361707,-1.0146418068624137,0.1284117328952704,0.09993776034928829,0.3888888888888889,1,5
0.66013542070951381,0.74016405887608938,0.12797809294073537,-0.75103813455349266,0.6474942106540601,0.12920126785711919,0.012765060559388789,-0.18140676149898521,0.98332529719893136,-1.7333569825874546,-4.1655918867698771,-1.1635952277445476,,0.6495963136227318,0.242962962962963,0,4
0.8285907034784552,0.55805698559233508,0.044831316517298325,-0.5548333740851451,0.80782093654360265,0.19896045205796548,0.074815594032069943,-0.18973069154307287,0.97898155834326883,-8.4544808578175061,13.071203694901826,-2.2833226895845047,,0.2108740638744314,0.3,0,6
-0.80821439687394314,-0.58646025210136765,-0.053421544257798777,0.5885985877879174,-0.80733137436644775,-0.042044671691568336,-0.018471359986670294,-0.065424954480553937,0.9976865159916013,-3.7914416915956353,-14.372242801274233,-0.50418719648102428,0.1700686781860138,0.1223988473651443,0.3384615384615385,1,5
-0.52997175854768996,-0.83111068468508631,-0.16847838123675096,0.84706875442115848,-0.52821166873260161,-0.058880882280308557,-0.040055716511582469,-0.1739179772680424,0.98394515942593885,-12.542498340176317,-16.257157858605222,-0.74019063348441483,,0.669246041523157,0.1643835616438356,0,2
0.92617750412647282,0.37687657632141358,0.012620501983159844,-0.37662708616624385,0.92287366986748554,0.080350652960907501,0.018635150012328263,-0.079172190102138482,0.99668675896615011,-11.023932038229363,27.97380768012594,-3.5182299989979779,,0.1612160026114566,0.35,0,1
-0.10362328272253231,0.98858002808641443,0.10941546209961529,-0.99441900679849093,-0.10516667501107439,0.008414831253233607,0.019825594460480839,-0.10793284271148094,0.99396048576817664,3.4759864210583022,16.480388492139728,-2.0409887794228641,,0.1321546262786756,0.1111111111111111,0,5
-0.99688405173868733,0.077919057250325927,-0.012280387057405912,-0.076073568532974312,-0.99084742564692707,-0.11150870485983382,-0.020856643059661562,-0.11022703663838154,0.99368757707551314,6.2017103337263908,3.4040927203437619,-1.142452890189428,,0.3064462350468007,0.3152173913043478,0,5
0.029502552852625433,-0.99586458173174874,-0.08592633023367939,0.99951771356790731,0.028558415720159634,0.012196604262562173,-0.0096922463423630163,-0.086244720092326962,0.99622683592494887,-5.3543281133063658,17.470220821602737,-2.5182209513310134,,0.1509240025075257,0.2222222222222222,0,6
-0.077574043896000186,0.99171937329932336,0.10234721460020681,-0.99674753834453245,-0.079393623241951955,0.013820180629510818,0.021831457068613915,-0.10094224691037128,0.99465272847911546,-8.5793212115747792,-6.608430874240879,-1.3136187991782913,0.3708801387456303,0.3562789790272465,0.8425047438330171,1,5
0.98921931317603351,0.14157109064799236,0.037453661133125253,-0.14580177308977699,0.92825771718523498,0.34216874996108937,0.013674553133987438,-0.34394074602872399,0.93889177747906127,-12.149840878489373,-14.208153452029682,-0.7948952289445006,,0.5490666465694908,0.1025641025641026,0,1
0.90813231677362583,0.4129289022144037,0.069176708127628661,-0.41823076522622971,0.88700311708338309,0.19572556629793106,0.019460787487923129,-0.20667653955001961,0.9782157664595168,-12.05752742468831,22.079238874080275,-3.2224285546237152,,0.5048002517173961,0.2758620689655172,0,1
0.92676623811217318,0.37237420033309904,0.049414520352786255,-0.37504027014277924,0.90982745952813249,0.17764793739251833,0.021192821110986755,-0.18317054570773586,0.9828526926851695,-11.418304339327678,17.572614385251555,-2.7601463847200836,,0.4474765817315214,0.1785714285714286,0,2
0.6311154298645264,0.77083792613814195,0.086615274715035911,-0.77505899468870709,0.62216001731570159,0.11045572690383985,0.031254902640125898,-0.1368422613112377,0.99009965487327689,-12.459129494510709,18.929821758113111,-2.9021885179993485,,0.1532235803413656,0.5675675675675675,0,4
-0.52773570590406638,-0.81660876056446463,-0.23376303575053345,0.84930399809158508,-0.51161427834169759,-0.13012897072732427,-0.013332049339303906,-0.26720958509430814,0.9635462075552691,-31.331632911675904,-0.68591377411263765,-3.0251620195318365,,0.5019749261380618,0.7,0,3
-0.99996426377942482,-0.0053874902389460079,-0.0065150681499743096,0.006435095567409844,-0.98484979797693739,-0.17329011792316693,-0.0054827647324913074,-0.17332585027546246,0.98484927218187912,-17.741968566400345,18.592809798508217,-3.1853685488569821,,0.2588426685158871,0.3684210526315789,0,2
-0.25321199551420998,-0.96695627086352043,-0.029652243851457295,0.96697952789387509,-0.25389533670745268,0.022085077141555332,-0.028883870271328757,-0.023080906306377734,0.99931626315307476,5.0274525419308587,-6.1616319692120403,-0.77755803113452171,,0.08036583387553131,0.5277777777777778,0,5
-0.66889278577851674,-0.73156798148074398,-0.13187391556197356,0.74211908618117262,-0.66742681050226194,-0.061649935510106765,-0.042915067972425738,-0.13910334681440603,0.98934754047602202,21.936345428001964,9.3395982331095713,-1.0463995666665369,,0.206353098823695,0.5294117647058824,0,4
-0.7982637550305316,-0.59368005073492258,-0.10158235458944362,0.60187646262122574,-0.79264840944459547,-0.097227685087702367,-0.022796954777253207,-0.13875336523606452,0.99006454460734583,-13.741201543872748,-9.8099299956673462,-1.0679573758450061,0.269110412943926,0.4316843999085258,0.8391812865497076,1,4
-0.97256834408075343,-0.23059976725172718,-0.03057063027596791,0.23167438412138641,-0.97204587197728209,-0.038128762291759037,-0.020923571253422257,-0.044165259145332231,0.9988051031360563,-3.001248654543343,25.836951635110893,-2.8883772164270862,,0.3081090216913915,0.35,0,2
-0.98489848197541086,0.17281889073366061,0.010421670121288562,-0.17276694805211559,-0.97712347690330603,-0.12402133907175375,-0.011249971701630909,-0.12394894872478895,0.99222482142240864,7.4284558677263819,4.1113732915540107,-1.1426462346740098,,0.1391033760477946,0.3037974683544304,0,5
0.79785014629975282,-0.59489312589979026,-0.097659166526437219,0.60275571238615455,0.79013326434020281,0.11124286839592851,0.010986138326164413,-0.14761975931517654,0.98898317044548678,-11.808244709541487,-20.224195410370204,-0.35133990110066293,,0.433995482457962,0.4642857142857143,0,2
-0.12001834982585309,-0.99139800446624959,-0.052207206834092093,0.99272605587100038,-0.12035089541519364,0.003261896314915753,-0.0095170215869924933,-0.051435967115430546,0.99863094663995522,6.9846614729540466,-25.778235107929682,0.50363180580857969,,0.2553562709824024,0.6666666666666666,0,2
0.57458329471881875,-0.81786608098547309,-0.030807645212355132,0.81835067299059483,0.57353430729184274,0.036885964473044104,-0.012498537750777024,-0.046405516188589284,0.99884448970866435,11.055023884556068,-3.4352565356908125,-0.76607347989270624,,0.09866819422200698,0.2558139534883721,0,5
0.95865927851057464,0.28170721501515433,0.040167558227875752,-0.28452351840064583,0.94680199390634168,0.15037403968735064,0.0043307277103999944,-0.15558608338595409,0.98781284434558603,7.1246807891365531,16.31658318463019,-1.8754366434896204,,0.09401869605792887,0.3870967741935484,0,5
-0.98412814485188027,-0.17703468828629487,-0.012268400619870319,0.17739977840941207,-0.9796543105959411,-0.093844287791435721,0.0045949026852322959,-0.094531216400534523,0.99551129375569969,1.5503493606839445,0.74865897962103656,-1.2193298250971314,0.1793571337606736,0.1828496352856863,0.246031746031746,1,5
0.15898284354836947,0.98057357798862677,0.11489087695660344,-0.98604930176104955,0.15189375534421162,0.068081286591690313,0.049307504031554636,-0.1241118255365519,0.99104239304288233,8.5414473923685428,-16.783296451029845,0.10775095602162744,,0.1786638120919638,0.2307692307692308,0,3
0.92341818480994609,-0.38323810590270391,-0.020673900125758347,0.38379531466674505,0.92206182276568838,0.050031504453381066,-0.00011136496854392129,-0.054134547029806218,0.99853364410805867,-4.8358610393009913,3.32490518644622,-1.5761685461639388,0.3633663145524168,0.2956857360481547,0.8559266535690897,1,5
0.82946594455966272,0.55852878585417687,0.0056428882680797324,-0.55812178421321557,0.8283780478839976,0.04785273002196809,0.02205268243103815,-0.04284162877572676,0.9988384624359633,0.48034457763414035,3.0333852228112512,-1.3352857534561302,0.2630644523523329,0.2144303503104902,0.8621359223300971,1,1
0.16700976999217068,0.98075188951487446,0.10116060468465146,-0.98591736064833868,0.16522262072818231,0.025854275699081129,0.0086426095234665712,-0.10405391301009929,0.99453410624669381,2.0709284148935794,15.549781965910535,-2.0514364555712654,0.220929622740568,0.3021245257967825,0.8571428571428571,1,7
0.96795440011833012,0.24334179323535532,0.062040720148664949,-0.25104622495737638,0.93142486102892119,0.26348343627618298,0.0063302627286553883,-0.27061504008878834,0.96266683117864271,5.3226751542488957,-17.775089916698594,0.050363338844757341,,0.4850648269986173,0.2857142857142857,0,3
-0.92348298915153559,0.37952727026590838,0.056019816781671054,-0.38359640789771898,-0.9156675064750639,-0.12002838594976281,0.005741480271726317,-0.13233317312845844,0.9911886635217545,-3.4248208440205019,3.0673419008404537,-1.5066085854672904,,0.08590515807872837,0.240174672489083,0,5
0.97412194687145659,0.2260070451568158,-0.0026922412312785603,-0.22511740859994869,0.97121506943117164,0.077868101653038438,0.020213484820935455,-0.07524695641213093,0.99696003459622384,-1.1769407439665418,15.604300976398912,-2.2076555122344041,0.2106669893624425,0.107320673500019,0.3170731707317073,1,5
-0.42108546343443215,0.89422227459083048,0.15183397547917604,-0.90673507560169897,-0.41921545703527791,-0.045715459707683183,0.022771367060216072,-0.15692330677214508,0.98734823676041683,2.2231408054721391,3.1590978307422981,-1.2611277540494286,,0.08038521434398982,0.3478260869565217,0,5
0.56702673477408705,0.81266545449101579,0.13437090878738259,-0.82369847037113142,0.55967397946930852,0.091026735705758532,-0.0012296177027880601,-0.16229570475492594,0.9867414009042117,-1.8068769454552869,8.4009515281222598,-1.7658080715625342,0.7995422577062754,0.4909094651814881,0.475,1,5
0.10992218077185363,0.99301034534212895,0.042983348146299283,-0.9935180098818881,0.10851237905493966,0.033867796387865814,0.028966846819989872,-0.046427552545262922,0.99850157944289908,-5.3246984719621224,-17.326720755858439,-0.36564104653848634,0.2005951237235886,0.1706819006786785,0.7857142857142857,1,5
-0.75437173857999396,0.65237623104465037,0.072996802668171254,-0.6560773146584522,-0.75300423227017654,-0.050469628230833098,0.022041715503868287,-0.085964407467166118,0.99605435766652184,11.749580464922317,-7.2271424977334995,-0.45199361041110542,0.3859777010550419,0.1864663027825497,0.1481481481481481,1,4
-0.98925975394345622,-0.14462958420849248,-0.021152366283949283,0.14541413595004335,-0.98847716598319768,-0.042043089750010768,-0.014827956488812345,-0.044667389687597613,0.99889186401975527,-8.6313853729866885,23.685391774142218,-3.0955076110418909,,0.4101817405309129,0.8351648351648352,0,3
0.18755758989103125,0.98206309516936574,0.019344962668193511,-0.9819639258796542,0.18698763574826519,0.02797270720349318,0.023853694583564955,-0.024242549033469309,0.9994214826944009,9.8935180446021818,5.3482178774231359,-1.120919468321719,,0.08416480184957639,0.4,0,5
-0.69986876188315783,0.71208719689387667,0.055817023926012399,-0.71421407151979099,-0.69866305381480631,-0.042049937898791079,0.0090540699830902096,-0.069294741892805475,0.99755514261756517,20.197822922982716,3.6759794930750727,-0.86518370074440154,,0.2208867457128934,0.1923076923076923,0,5
-0.99646915119144797,0.083956528452079668,0.00072942036588859247,-0.083560465721258678,-0.99084726090828412,-0.10601582013547468,-0.0081779760479831088,-0.10570244500874189,0.99436417565544499,-19.698493423119402,-13.35407621449078,-1.3035644310231895,,0.1606198640079791,0.3571428571428572,0,1
0.44863061118257808,0.8931491920631579,0.031860562249806691,-0.89333090053136055,0.44710344912409783,0.045369680813987699,0.026276926490254884,-0.048816252398793093,0.9984620656970209,-4.0558027616974828,12.014951566933304,-2.0386091605630785,0.2300199713324937,0.1907950933888665,0.7185185185185186,1,5
0.97323406640309962,0.2290090034291492,0.019243916983732491,-0.22888809627090936,0.95838216401420551,0.17062786139704544,0.0206322896928051,-0.17046555091231277,0.9851476054755427,6.3287017848910665,-11.995444321921951,-0.26631694762793723,0.2399698758379805,0.1844139209550565,0.4827586206896552,1,5
-0.75754883003840268,0.64856871690528295,0.074016143909833493,-0.65227563484492634,-0.75653331152348413,-0.046838496378071887,0.025617694960606271,-0.083761375389526396,0.99615649658964711,1.5830115743446274,6.2878589600371022,-1.4781883727043719,0.1930317183154163,0.1255965774880045,0.3636363636363636,1,5
0.033797028107722178,-0.97005777837701146,-0.2405112627328333,0.99917293357407999,0.027351249330848298,0.030089167037465354,-0.022609947015695565,-0.24132926836647464,0.97017986709972936,-14.401658373252474,10.881789131215791,-2.4769126619678583,,0.1269403089939584,0.2173913043478261,0,2
0.98173585895450588,0.18546929296510883,0.042377406832902711,-0.18968310172263858,0.93705538187157855,0.29316809551243816,0.014663702252086483,-0.29585191003698719,0.95512126097356287,-6.3268446971658152,10.157032359952302,-2.0680243096861552,,0.2603033124278027,0.4905660377358491,0,1
0.38666439187216817,0.9199120755384218,0.065210592212604612,-0.92153220786626899,0.38267726201431423,0.065852129823921343,0.035623558542697595,-0.085556334749802107,0.99569627681383543,-19.478723967159493,4.2289785732320286,-2.5410191137617102,,0.3055591369365585,0.4375,0,5
-0.84156712316682958,-0.5387731836624613,-0.038577633039380992,0.53959308235505909,-0.84179836916923911,-0.014656436762549784,-0.024578093483253818,-0.033150599243817566,0.99914811469096154,-13.566564592328184,-10.62313739290242,-1.0155149232498193,0.4985497987102993,0.4303722643806219,0.9019607843137255,1,4
0.82164087227301397,-0.55797856741847707,-0.11647401131611058,0.57000436737666715,0.80471134869410776,0.1659357298909333,0.0011393778859177836,-0.20273027298490795,0.97923395480012754,-6.0718234551676966,26.128099469692334,-3.0738707875985369,0.3697606736429004,0.3128747493303431,0.5,1,5
-0.19649457559943526,0.97212979736031246,0.12788095575258762,-0.98040204484974658,-0.1966849282668364,-0.011263633832147438,0.014202542534105928,-0.12758799346673219,0.99172556269801759,-1.1613839064625819,9.9759603388115838,-1.8023365283237316,0.21878678844476,0.1635178357983993,0.2972972972972973,1,5
-0.88329214100995079,0.46758157148882346,0.034094979602578013,-0.46881715452220346,-0.88130504859679915,-0.059261175684411749,0.0023386440007643746,-0.068329242069824062,0.99766008511035531,-20.369883585131916,24.656000910937607,-3.7604813417649714,,0.1769656709219907,0.25,0,1
-0.2627344039544568,-0.95147482233785319,-0.16020703928307181,0.96463388334636579,-0.26268348051217794,-0.02188287380851232,-0.021262739212232599,-0.16029052224994325,0.98684084045910536,9.1425470070230528,15.487771383406352,-1.7290661073756253,0.2432896565625735,0.4579467044398903,0.4411764705882353,1,5
-0.41030352272768617,-0.90117271060898152,-0.13978113209911747,0.91063494276674928,-0.4130963027239748,-0.0097696309029822945,-0.04893894409822714,-0.13129809720419425,0.99013422798179607,-12.876806259793989,25.110995325360694,-3.3837554003122148,,0.2667809527703421,0.4,0,2
0.29738690652167965,-0.94936443180572416,-0.10133214421722331,0.95453324057579725,0.29333996102056192,0.053084460102020982,-0.020671731067658534,-0.11251152336827368,0.9934353711460131,-5.9926478002217705,11.253034145241898,-2.105709826756593,,0.08069153157309053,0.1940298507462687,0,5
0.51480263034169071,0.85646014053065678,0.038135016395477381,-0.85691174948781479,0.51270140087504745,0.053287213574142518,0.026086498097843091,-0.060110741327743043,0.99785078713904896,-6.0755161630071921,21.395842780355384,-2.8159283208711812,,0.6006139306025748,0.65,0,1
0.98592677280127583,0.16521315509540171,-0.025554100592343056,-0.15822254065016,0.97150535864627985,0.17647369705361604,0.05398172194242537,-0.16994690790063144,0.9839735881572963,14.503964893891256,-4.6059635091665925,-0.6326268026757691,0.4375255005958569,0.3558742616613217,0.2352941176470588,1,5
-0.42667925940120771,-0.90359670901741862,-0.038181108545031449,0.90387766235465772,-0.42748997149954926,0.016046674533819756,-0.030821763303169832,-0.02766426793185002,0.9991419854988971,-0.16804949491071791,14.278107121158211,-2.0270309873116137,,0.07866467109273614,0.1333333333333333,0,5
-0.28487898879753287,0.944419557483548,0.16405993168434835,-0.95846929425256389,-0.28304724045976165,-0.034940973700008662,0.013437772013465334,-0.16720035619188101,0.98583135838368463,-25.185484448776638,-2.3172220881838874,-2.5613417794935582,,0.247586536605362,0.3333333333333333,0,4
0.89803088508758611,0.43459182103490773,0.068340899309051725,-0.43918897931792245,0.87660278758338517,0.1966738245082974,0.025565012702690584,-0.20663373850995809,0.97808431550399066,4.6490264788980982,-4.263747381088403,-0.91906986857964801,,0.08494266926067248,0.1707317073170732,0,5
-0.26679744582075027,0.95007453337746484,0.16179463505047598,-0.96353094869176259,-0.266550942331991,-0.023636963744957523,0.020669635136514368,-0.16220041975753485,0.98654132706836117,3.3915904706122935,19.183029009816384,-2.1630116006548485,,0.08981068191585696,0.5454545454545454,0,1
0.69359829897358238,-0.71217693748123445,-0.10828392946694471,0.72035187681092661,0.68491111561072371,0.10949857208132496,-0.0038174907895281787,-0.15395055515561878,0.98807117827176183,-4.4234364743090939,-16.087184811147754,-0.4524298042434195,0.6995591325589301,0.8633451276773769,0.8148148148148148,1,3
0.88346372611038726,-0.46829378897273027,-0.013884230504915118,0.46847965978116585,0.882764961364775,0.035395357859047474,-0.0043189140386080318,-0.037774994324430593,0.99927693698259412,0.50015383454052831,3.0602791951428956,-1.3353631284272831,0.3800093695158979,0.2385826823809067,0.727906976744186,1,5
0.63008609447096908,-0.77111538909785493,-0.091501749987566383,0.77631519161607765,0.62278628379937939,0.097324035969814607,-0.018062027029540829,-0.13235672029717652,0.99103756829484579,6.8026791933191477,18.178562056931067,-2.0105295952033053,,0.1428716343107143,0.25,0,5
-0.97258643957203395,0.23180963852191236,0.018436622492565006,-0.23164004360340953,-0.95879106412412884,-0.16450709879859363,-0.02045746220828926,-0.16426803354292638,0.98620358212487513,-13.945107637342096,19.801422935433472,-3.0875670075185169,,0.3569071726730765,0.2105263157894737,0,2
0.77089300374631409,-0.63504549590597659,-0.049408449727932395,0.6369639352833335,0.76868637163024611,0.058294143945141957,0.00096016839918271007,-0.076409948301643049,0.99707602412112262,3.8942641067606445,22.635102924191507,-2.4340038688253496,0.6349016554502618,0.3006546943439991,0.7966101694915254,1,5
-0.076370847204552991,0.99654831058423299,0.03254164053899547,-0.99657760424889408,-0.077327132161228121,0.029216319776023906,0.031631825852987426,-0.030198995073186716,0.99904326647536912,-14.619781307526194,-2.572549491754009,-1.8003900252186447,,0.2732806678453188,0.7094594594594594,1,5
-0.98494062449153874,0.17264958478100109,-0.0091699019167607743,-0.17252381675399248,-0.98491836808608335,-0.013089723422555363,-0.011291540145167814,-0.011310573884293903,0.99987227786330557,-0.5134751009728209,19.878882309045334,-2.3619341711831083,0.161257461018864,0.1455740445165663,0.2173913043478261,1,5
-0.77048574474063725,-0.61452941395111627,-0.16942643400710197,0.63702887871438196,-0.75201603638837877,-0.1693106278371497,-0.023365034460978863,-0.2383809564617316,0.97089061935988785,21.21241325223394,-4.847551290024545,-0.5370779478748996,,0.1335626661539825,0.3,0,1
0.93585726647984502,-0.34600745301138075,-0.066708464511251619,0.35237929159614956,0.91887676175500299,0.17746642375625615,-0.00010784742719315047,-0.18958992369642544,0.9818633556670272,14.39392321512277,16.31359596926578,-1.6002905506069121,0.4098551190913465,0.3193782134156661,0.1904761904761905,1,5
0.72289813254441126,-0.68651573241877606,-0.078194879022312008,0.69092870892978286,0.71920720452996034,0.073201886101542046,0.005984073898759496,-0.10694459356934004,0.99424697372728399,-12.668294960621971,11.598034025668472,-2.3980753330272497,0.5381492812254475,0.392497893964789,0.7885906040268457,1,6
0.8234143359830518,0.55592537913869811,0.11373567657989336,-0.56720144416070462,0.80054592042049522,0.19341342001038869,0.016472796957489128,-0.22377042281677545,0.97450266538003905,28.01388757744083,-3.2119532739754093,-0.59467950051833884,,0.5337079968726254,0.25,0,3
-0.58571186533258712,0.8071545658430852,0.073777487401537584,-0.81039372279940258,-0.58479249781730835,-0.035773573261857872,0.014269718145399434,-0.080741818998932652,0.99663289821719048,8.7040386615551402,9.6510547836606264,-1.3896118504243742,,0.08646839253633529,0.375,0,5
0.99481313866839038,0.10165413720907195,0.0036408132367445395,-0.10065087229490779,0.97855886904292477,0.17969958743332309,0.014704456434015396,-0.1791339616201002,0.98371479746686152,-8.0520973067377017,10.399267196050172,-2.1521208531538387,,0.1274981264422957,0.3229166666666667,0,5
0.99153447965338426,-0.12611169796917243,-0.03090655745670632,0.12914234557055077,0.98254032581914807,0.13392819986746263,0.013477026342220042,-0.13678577328996902,0.99050897117917924,7.9833694504052373,-8.2933818441345686,-0.47376049962008415,0.2102428775189795,0.265338791745424,0.5,1,5
0.99365824390934032,-0.11148061617176298,-0.014675371510449795,0.11225569834198584,0.9910411588439344,0.072360760547585931,0.0064770750156791521,-0.073549260330992128,0.9972705519586974,6.5702356179368016,-21.836050027409396,0.24864602619578627,,0.6888981991703034,0.7368421052631579,0,2
0.43475581012502684,0.89002817642296728,0.13724879138170615,-0.89945977860304593,0.42166613568791611,0.11475964747845778,0.04426615228243333,-0.17334219101888435,0.98386634893916391,4.7854739087945548,26.780425074342766,-2.5636402974466628,,0.3894146195662483,0.25,0,3
0.43437291605093059,-0.89801689350652392,-0.069898703695449121,0.90065745761456195,0.43202076487833102,0.046628347142230908,-0.01167535201549824,-0.083208879879702657,0.99646373163526636,-0.021273565507045261,-24.180399321092576,0.24022583977449999,,0.1479748220638746,0.7804878048780488,0,4
0.84822117269149211,-0.52375538932115651,-0.078747281571569558,0.52964114929383665,0.83849807080026806,0.12806731916820663,-0.0010465049317342761,-0.15033721236364339,0.98863422326265593,-37.303224287800568,5.0396965691254731,-3.6839242512264443,0.6479254055518772,0.5589156290619072,0.8901098901098901,1,6
0.99077735358087038,0.13474793248251701,0.014255887309273884,-0.13543052702416547,0.9814064904855847,0.13601423742654895,0.0043368169484611823,-0.13669050853828835,0.99060430894192064,-29.401354400529378,-2.9784867860286224,-2.7229573079284517,,0.230969682247403,0.5789473684210527,0,4
0.9932396201124698,-0.1149676767934522,-0.016046505275417892,0.11584536043551544,0.99052197796764985,0.073797450014356461,0.0074100947634437716,-0.075157464404889532,0.9971441450662113,-1.3818695301338659,20.116381960080005,-2.4522285421328256,0.1257765182775622,0.09940584808453343,0.3125,1,5
-0.44300120483748268,0.89232157893606801,0.086672557811454193,-0.89641633947795385,-0.44235193821136665,-0.027613566911791745,0.013699592310846723,-0.089927540418319379,0.99585408501688988,-3.3327369672250891,10.303401098728296,-1.9440963925348367,,0.1084577790971009,0.1833333333333333,0,5
0.936397960144143,0.35081157605279523,0.0094920148146520073,-0.34964682673624031,0.93028643530915567,0.11096956714821229,0.030099116119336546,-0.10723052917494096,0.99377847472245862,-1.3178235269113481,-14.663630986825511,-0.41272787027715896,0.2196956191222475,0.1982868041157119,0.5943396226415094,1,5
0.99275702125657705,-0.11946011493124511,0.012758435890852921,0.11389889512265131,0.96964815236027946,0.21635503764445865,-0.038216991451533511,-0.21333481095430606,0.97623138650602848,-8.5919682018239705,-21.706393684973079,-0.23658680547458247,,0.2308360929876942,0.32,0,5
0.0048586394254787925,0.99620678372261817,0.086881745424284326,-0.99932462336490069,0.0080016898824686634,-0.035864607841504526,-0.036423766410590912,-0.086648814325770027,0.99557284626309739,-23.42082818365801,23.253677120428069,-3.825253426795574,,0.2374744039060203,0.4827586206896552,0,2
-0.1573901431365311,0.98516608898823854,0.068382161058866978,-0.9872827811189423,-0.15854157626114168,0.011716599450357494,0.022384212059166457,-0.065668452884556444,0.99759039758121149,-16.564842074619563,3.9909914236644473,-2.3027780188553195,,0.08401812022349968,0.3396226415094339,0,5
-0.97257607570906313,0.23251535527812747,0.0056909154135252804,-0.23102445725996559,-0.96293170151759444,-0.13924883611782243,-0.026897529739662626,-0.13674482722324827,0.99024106919557087,18.61858752803488,3.2772621767231098,-0.87937850464986711,0.29902523048621,0.2410756108437409,0.4615384615384616,1,4
-0.46764570147915446,-0.87642289701696707,-0.11484948181187885,0.88354572654274421,-0.46724764139986308,-0.0320404543401029,-0.025582161678104016,-0.1164583495961224,0.99286605633047165,-7.3542569849465487,-10.616070058535549,-0.75866998263017116,,0.1843976009650141,0.5555555555555556,0,5
-0.99793298843254363,0.06408781890971299,-0.0047436342068028717,-0.063226040085277851,-0.99235743817656541,-0.10596783828492028,-0.011498628319367347,-0.10544888033089782,0.99435824288016672,-15.654964906754238,-9.6789888168654095,-1.170516600410719,,0.5347971262793354,0.1538461538461539,0,2
0.66223883418630081,0.72789392679616871,0.17779245717640821,-0.74928659322819025,0.64428791340994218,0.15317534345434936,-0.0030541290188763641,-0.23465616541467407,0.97207363729751406,13.672081500884861,-7.8398967022932773,-0.38396509747374125,,0.330085444412946,0.1875,0,4
-0.25875956366884972,0.96358667936377773,0.06741067840182717,-0.96572142178584086,-0.2595603214701378,0.00325192592978604,0.020630649864717826,-0.064258469255085757,0.99772001353844386,-1.8273656139540448,6.6798173105988328,-1.7333965858183082,0.5179899918894137,0.3021771412847299,0.8504901960784313,1,5
0.99852591968952098,0.053406776624125782,0.0096800784510120853,-0.054072162610589884,0.99428832141659618,0.092015950384607526,-0.0047105136461903932,-0.092403734259981898,0.99571048048918331,10.790630583343004,12.122173487591663,-1.5109020656257923,0.1833125098626987,0.1491644013190946,0.2321428571428572,1,5
0.5030447850828299,-0.85886649935574677,-0.096406848747242313,0.86408436340531192,0.49755253337759503,0.076155692157408555,-0.017440100900106337,-0.12161337432183084,0.99242431956630905,-3.1369726860970055,19.385540527393196,-2.4945240172825232,,0.5921884082987389,0.6666666666666666,0,5
-0.79270171465931916,-0.60252689489340749,-0.092657069381052726,0.60945806965504834,-0.78668665524309578,-0.098412233969027305,-0.013596062243126265,-0.1344821452555722,0.99082273878779215,-8.0727318058238708,-3.3075527468650492,-1.447733149202205,0.4191387726069644,0.1245641903801886,0.2586206896551724,1,4
0.84059978869038454,0.52284933394859356,0.14149406080537091,-0.54153657697002755,0.81673404584687226,0.19920751531552763,-0.011407500044596043,-0.2440780046298984,0.96968850493270309,-7.8748187309773119,15.837935191729921,-2.582078326999719,,0.2987362331528305,0.125,0,5
-0.93650187931835027,0.35033997939160633,0.015037582022609327,-0.35066127755021304,-0.93552104291116334,-0.042860782742058949,-0.0009478713259074193,-0.045412301310308004,0.99896787957854327,-13.474043414630243,23.807223737783218,-3.3494110693663681,,0.2181482135773124,0.5217391304347826,0,2
-0.89526091322250134,0.43051844798343641,0.11472472794452356,-0.44554098927587038,-0.8644572722317958,-0.23282364862840063,-0.0010602504848823441,-0.25955248107366496,0.96572842219612276,-13.059267011295201,-18.420595841160985,-0.59404368674023977,,0.3841702882153634,0.4117647058823529,0,2
-0.46581012220602597,-0.85031835762647556,-0.2449073717425039,0.88397698483303644,-0.45968782396545216,-0.085274819163701485,-0.040070192611236351,-0.25621435397206266,0.96578909938080038,-5.8746283009493361,14.076154505043792,-2.2918012578124927,,0.2043696624553105,0.2058823529411765,0,3
-0.57299247295013556,0.80022601263904425,0.17696879566269566,-0.81944047455011626,-0.56309012235347122,-0.10698982557717164,0.014033339287886786,-0.20631975863636909,0.97838398524539527,-42.628999321343699,0.67899065709633066,-3.8436176310430987,,0.4685065358731765,0.2941176470588235,0,1
-0.9567288617944093,0.28363104207863454,0.064987052394779865,-0.29096806377636547,-0.9304238997159856,-0.22282044946443047,-0.0027332895578279538,-0.23208791180646543,0.97269097370208357,-6.8677464793981118,-9.0738383214306548,-0.80220603516664224,,0.1881982554852714,0.1549295774647887,0,1
0.75038034309728618,0.65654408249063745,0.076675996502987009,-0.66061995523026851,0.740913676626068,0.12094708983684017,0.022596801648845297,-0.14141001214542592,0.98969318125380301,10.854302467511353,5.2886474476189695,-1.0942097210825641,,0.08924514701658161,0.25,0,5
-0.9928261482896571,-0.11447128829158168,-0.034533511683433125,0.11894455032226943,-0.97499706781999795,-0.18770431985183578,-0.012183317321540189,-0.19046532991406256,0.98161831934809085,-12.287106216334969,6.0515399624071318,-2.1607877664347153,,0.164605346540459,0.3529411764705883,0,2
0.82918416178330723,-0.55012311331686836,-0.099086760176473429,0.55880636447527043,0.81144498412765387,0.17115047401629721,-0.013750377072844081,-0.19728557455786719,0.98024962596357401,10.011747609058609,-6.5261172709947557,-0.5801257152738426,,0.2374336122210086,0.3157894736842105,0,7
-0.97311514250184505,-0.22140164142555138,-0.063468359106604644,0.22998105965376869,-0.94899081009455744,-0.21569690437418287,-0.012475240845094729,-0.22449444431911258,0.97439551150223869,-17.259580900242909,5.8150593085185953,-2.4700496078143135,0.582830148900336,0.3796579825256482,0.2631578947368421,1,2
0.56157399284776932,0.81446037305640651,0.14590733798487163,-0.82733548900546783,0.55532875260697856,0.084415432001855001,-0.012273515759395035,-0.16811983002845099,0.98569015596287013,-0.079328625884039466,-15.977804692152104,-0.30981703780783287,,0.2222520676428265,0.2647058823529412,1,4
0.95472014544761608,-0.28361670875276884,-0.089838780004681845,0.29749498890957143,0.91264086848599868,0.28032726721247847,0.0024850453067343011,-0.29436067618717238,0.95569117232736533,14.814632603369628,-20.093041545721604,0.39167133469935783,,0.4056789472269143,0.2727272727272727,0,2
0.039458249290514801,0.99887260757973506,0.026392430539594169,-0.998907161028324,0.03876990942341059,0.026103213779802282,0.025050553072958663,-0.027393574979550299,0.99931079341743212,-19.37183985128102,20.726965733041631,-3.5439788724322674,,0.236916605533422,0.5454545454545454,0,2
-0.97349932999088606,0.22745906560692838,0.023694471518051336,-0.2286719846106709,-0.96947990372748172,-0.088418548522191651,0.0028597135370153929,-0.091493659571454042,0.99580155266835657,-23.232783685716093,3.8325493587892163,-2.7991040097747062,,0.08778489183595173,0.4074074074074074,0,5
-0.86565058895338631,0.49469198759081079,0.076999319854845802,-0.49974764747544337,-0.86303475154643583,-0.073643101957635043,0.030022436400396174,-0.10222942353664938,0.99430769798687002,-10.451580558284602,25.733586437863991,-3.2896473938832251,,0.1878386292819501,0.3636363636363636,0,2
0.9998949354925124,0.011845959131881382,-0.0083541144755262114,-0.010579065079621823,0.99035999862027912,0.13811283979008637,0.0099096598561972359,-0.13800995031187685,0.99038126610737531,19.366381802279818,-7.3416084509189368,-0.35788967994216236,0.7748453334444068,0.6502587118208238,0.776595744680851,1,5
-0.75990665509882838,0.64849898347594859,0.044619995149848539,-0.64998294655398603,-0.75890189826493004,-0.039875782110008876,0.0080027948561428499,-0.05930410812538963,0.99820788317561548,4.6895408339447879,-19.7344918491914,0.10424520563467025,,0.1714344415118084,0.2857142857142857,0,1
-0.017043962238288225,0.98986857268094297,0.14095996655012505,-0.99984546425382648,-0.017480879742197249,0.0018618416928802041,0.0043070828028160804,-0.14090645003700647,0.9900135460566678,24.656382811833478,12.586520419408487,-1.1813861051651864,0.5204161426946483,0.3550351462630431,0.4285714285714285,1,5
0.91978524463524736,0.3881317144111372,0.057869473987145273,-0.39154829847848316,0.89786792431761642,0.2013035529745543,0.026173148642876516,-0.20781473179215651,0.97781798078183813,-12.565749962001929,10.037745312935401,-2.3451603536758836,,0.206634676840018,0.3333333333333333,0,4
-0.29404875987174606,0.94284917060691908,0.15675065646986452,-0.95557898261058305,-0.2934526473588619,-0.027465464696582075,0.020103104506815236,-0.15786381866634533,0.9872562382407456,-17.321557929650375,21.612510044196519,-3.4976195586451273,,0.2031943818036801,0.4117647058823529,0,2
0.91363499872212084,0.39371924483800819,0.10127312256574923,-0.40608078240857431,0.87206388653907263,0.27313545348930207,0.019222051619659782,-0.2906711785481233,0.95662990685686511,-4.754023053470422,-18.33651357228765,-0.25499487748995098,,0.4012159531560455,0.5,0,1
-0.34219831747461515,-0.9389544441874117,-0.035564916114778113,0.93936805693985381,-0.34274842472798617,0.01054376344233523,-0.022089932516564596,-0.02980048803615053,0.99931174605036077,1.7747569755800379,-5.9879442738166606,-0.91568840275267471,,0.07811828333194429,0.2470588235294118,0,5
0.8210875174597686,-0.54034547397064425,-0.18396210868326301,0.57078143071874965,0.77449028248212648,0.27271479733856024,-0.0048833409066045066,-0.32892487151353345,0.94434346605532971,1.6467732677295723,-3.5230060513851309,-1.0587078504689713,,0.4610956282355934,0.2850877192982456,0,4
-0.99903757585596886,0.043556182861180556,-0.0051750325982554074,-0.043354570183334891,-0.99847474948948278,-0.034184146561436854,-0.0066560703157263097,-0.033926885599460888,0.99940215287014145,7.0716344283956767,-14.095621373047413,-0.031406856529738951,0.51289041834765,0.3043854511332628,0.3684210526315789,1,4
-0.98954345827039158,-0.14357173454293501,-0.013816701292501508,0.14351070475272334,-0.98963448283106836,0.0053167671624939593,-0.014436821521716256,0.0032783276249479746,0.99989040937111362,-19.82753300052649,5.6792228515384977,-2.648250699644239,0.3617366750981727,0.3276180037619428,0.794392523364486,1,5
-0.00069908288932581195,0.98107987946875863,0.19360212133311033,-0.9999464831898095,-0.0026841664372697625,0.0099912965560074885,0.010321920337171017,-0.19358477562066589,0.98102925165789534,-15.922977544118119,16.044542336704811,-2.955109723424834,,0.2120449930304905,0.4583333333333333,0,2
0.90988946063841436,-0.41155100323266475,-0.052220122149640322,0.41467669318420414,0.9059195938952177,0.085749224641035376,0.01201705242351956,-0.099676783329481919,0.99494729976825347,4.5523273676506895,-9.1644296828222256,-0.52879866769136186,0.2533905254281817,0.1748534516390269,0.5,1,4
-0.81034616171655727,-0.58426004171409918,-0.044489345325407458,0.58546187224976998,-0.81043502379776988,-0.02072361801673625,-0.023947741710618402,-0.042840119726121874,0.99879488875785394,2.9339830141952845,2.1581086744260238,-1.189609143208985,,0.09100950164428481,0.1521739130434783,1,5
0.9889151620739679,0.14748790146319279,0.017149960414022752,-0.14840440038509733,0.97806003559997601,0.14620089161327024,0.0047891718030116642,-0.1471254080169668,0.98910625220412163,14.784938832395323,11.518487455352766,-1.3301966883846825,0.1886561371931499,0.1164739751383467,0.2941176470588235,1,6
-0.85422804840085176,-0.51552732510346322,-0.06727568949434351,0.519459219203941,-0.85164851441925749,-0.069691659985277377,-0.02136728596015881,-0.094479547835177702,0.99529747017238845,-11.859757749732118,7.865767946506975,-2.211883286162053,,0.6692348418584724,0.5316455696202531,0,1
-0.05140960047252411,0.99854688329129959,0.01616090494019546,-0.9983257879309515,-0.051814286522969953,0.025707992223424632,0.026508001269419417,-0.01481221054894083,0.99953885581669777,-10.864399283715501,-5.0262511141343316,-1.5071544098053322,0.2454989487624623,0.1702322519662823,0.7755905511811023,1,3
-0.91094677671359436,0.41238694193166819,0.010629210664975469,-0.41251017019647701,-0.91040378699785729,-0.031627584549481134,-0.0033659292308541146,-0.033195703701049739,0.99944320287658461,-6.6826674638780688,7.7542359473913463,-1.9987179908530717,,0.10314767427528,0.3206106870229007,0,4
0.65508228337689245,0.7545045873961902,0.039875175282623035,-0.75513396591175685,0.65203567177146637,0.067986588853338914,0.025296156468852818,-0.074647909117644878,0.99688905808633765,6.9538491636650503,7.9445419921327352,-1.3035291244620297,,0.07616395609427425,0.4,0,5
0.18376231980369301,-0.94955476640467895,-0.25412035616715206,0.98278278168779876,0.17242648318980683,0.066386082222009993,-0.019220141475999347,-0.26194437098924317,0.96489156523864972,3.0600480531714584,6.7571554094668986,-1.4153479919402743,,0.2706254386153136,0.2909090909090909,0,3
0.67495506815332962,-0.73420217529193321,-0.073367716134051728,0.73772656875436848,0.66960715048327002,0.085940524641063748,-0.013970172799211186,-0.11213130614716058,0.99359519144050368,4.4825983905149061,-22.368418340868178,0.2236657273656816,0.1622126902037464,0.1239509953133008,0.4285714285714285,1,5
-0.47088942688735286,-0.87673591702254172,-0.097965705470543035,0.88153191914395823,-0.47192247770457296,-0.013807627151164136,-0.034126575803453879,-0.092861761989625549,0.99509400057688602,-2.8453128650816013,16.905541133150102,-2.3954411770653761,0.1248250467886426,0.1883452479897959,0.3548387096774194,1,5
-0.52676328524957294,0.8486854932344351,0.047469725999852573,-0.84973017258104833,-0.52720485411045503,-0.0036980545908409817,0.021887784685979794,-0.042284457851533418,0.99886583158387321,-19.405419549213665,-1.510632084525142,-2.2599493110681261,0.1713128945100252,0.1500067620537013,0.671875,1,5
-0.88741751146617698,0.45905829034950135,0.041900434419824939,-0.46096044239311212,-0.88420008277195161,-0.075535979339785023,0.002372950046592979,-0.086346393598498633,0.99626234969540484,5.038497624338528,-7.8221661860015708,-0.56424667991077082,,0.07561606410843086,0.4137931034482759,0,4
0.94295517378496607,0.33179225795116557,0.027375861554165323,-0.33273121436393649,0.93646287886838919,0.11102799417007624,0.011201750758962337,-0.11380322519681678,0.99344015759115456,13.15074484824898,3.0005943769550503,-0.93225674055161012,0.1798547916648746,0.1381072421990139,0.3,1,5
0.95952027333769507,-0.27774477434547068,-0.046676389939012901,0.28160636974056624,0.94359504163909269,0.17414433644439678,-0.0043240693212253118,-0.18023939002865955,0.98361326989147635,21.915292701871248,4.669670720519532,-0.88471381866223331,0.1857455533686253,0.2560377680193621,0.16,1,5
0.97353599375927724,-0.22400567787284964,-0.045267263401527744,0.22737931192363589,0.96931066076556038,0.093463850955161215,0.022941607708965625,-0.10128326222510713,0.99459307429157651,18.740846497886441,11.27523806954242,-1.2414395511213272,,0.1578272307617076,0.52,0,4
