axis_00,axis_01,axis_02,axis_10,axis_11,axis_12,axis_20,axis_21,axis_22,location_x,location_y,location_z,dbh,dbh_approximation,score,reconstructed,number_clusters
0.9885591580177836,-0.14351995723517544,-0.046398415645196152,0.1503423370809501,0.96236980882366463,0.2263659266447606,0.012164406282631475,-0.23075175609281193,0.97293661370095152,-17.79957445659743,-9.0638236967030377,-0.42504984286572184,,0.2395711156710106,0.1538461538461539,0,1
-0.99950355940058289,0.024719917353921671,-0.019533571910465071,-0.023926591017006473,-0.99891902097430552,-0.039853579237503309,-0.020497633713942021,-0.039366422516534695,0.99901458036926527,-23.940218556152818,-2.1485872808707103,-1.1581901586701973,,0.3908343702330914,0.2857142857142857,0,2
-0.85502361993089049,0.51843118665046672,-0.012795079853776996,-0.51795675529692442,-0.85250312877956536,0.070421694550277886,0.025600957063307988,0.066839510240873437,0.99743524645372461,-7.0531559954659153,-3.423939803789338,-1.0056973673825298,,0.07088046693402217,0.2971698113207547,0,5
0.70606020848709194,-0.68889375393365504,-0.164025540030692,0.70680211819850391,0.67125616115964526,0.22326202501841441,-0.043700660192625064,-0.27357003106409888,0.96085882959065094,-2.4452411431102758,21.019478821277424,-2.6095191048191086,,0.4456643048876401,0.2941176470588235,0,5
0.75278179344124796,-0.6567326041976993,-0.044965075859893719,0.65724086510020385,0.74603083106209922,0.10710949699783028,-0.036796965985163882,-0.1101829646020695,0.99322993189179765,6.5599209098353244,-11.13383495203685,0.077273833244645151,0.4424935887833703,0.4342564904470883,0.4776119402985075,1,5
-0.018635048198322252,0.9915662532921361,0.12825404598233786,-0.99546701050206077,-0.030366150004949754,0.090129506466886,0.093263958637480979,-0.12599310404173039,0.98763736854839268,-28.530034954409352,1.7074837786872008,-1.5240614272803361,,0.2859804539105288,0.4285714285714285,0,3
-0.43101610882306735,0.89551817241936149,0.11078048926461904,-0.90025635118882363,-0.43511262422633862,0.014680135661966541,0.061348317655878663,-0.093403464098263084,0.99373647251936836,2.0872334363169482,-13.572768873668871,0.22817867861650334,,0.4045943379642057,0.6078431372549019,0,5
-0.72473901430650456,-0.68557460507760271,-0.068853627462361594,0.68451396625104244,-0.72780599987913708,0.041701996920964046,-0.078701913250587008,-0.016908205481920471,0.9967547950414275,-11.358612927663524,-16.0957154002813,0.28640810018031926,0.3024681318444338,0.287919935979385,0.5538461538461539,1,5
-0.057198653703525872,0.96730256946378568,0.24709118382342876,-0.9948917648854394,-0.075846635176287758,0.066615794640395021,0.08317866419725857,-0.24201865019290236,0.96669968593207178,3.6065919577611396,5.8114639306915041,-1.434033540068252,,0.4854223572696502,0.3333333333333333,0,1
0.55395577195913315,-0.83123929465367907,-0.046628722230141056,0.83060108721869641,0.54796796808626347,0.099161181227995235,-0.056875624166075216,-0.093660776075507352,0.99397828064835159,-6.8444313824695788,-2.1341336760531848,-1.150140985424277,,0.09861373831168681,0.5153061224489796,0,5
-0.23374009536884016,-0.96984222380589802,-0.069076976918481622,0.97145074428747802,-0.23591322529402753,0.025067938779938903,-0.040608117910966142,-0.061245498239464735,0.99729632993665895,-17.049763312068674,17.364701636324327,-2.7469223980544668,,0.2873486037234455,0.8085106382978723,0,3
0.18169298473574103,0.98055674901380485,0.074135829807819839,-0.9783072829006928,0.17261661998674083,0.11453542128012004,0.099511403976023025,-0.093337904775227021,0.99064903775801927,3.989651019723583,22.071456523632314,-2.4607916170345541,0.6094743400361339,0.3888616730672686,0.76,1,5
0.76101506445497968,0.63587451196081934,0.12852889446025095,-0.64437128682240752,0.7179741554974165,0.26324657026561088,0.075111359935889535,-0.28315493475544928,0.9561284257526389,4.7159043629792352,-3.9234348224713367,-0.77149330318265041,,0.4730836540541931,0.2333333333333333,0,5
0.088150618487556107,-0.99215243403923259,-0.088673649356993969,0.99224146088761334,0.079624843021315034,0.095481766162158546,-0.08767184129397268,-0.096402448121698153,0.99147375973359331,-0.32722234372235376,-8.9588853162705249,-0.30401905774475008,,0.08923260197070974,0.25,0,5
0.97012510037977351,0.24216877856716532,0.014545525099534306,-0.23697649075194602,0.93307234400445505,0.27058851358644942,0.051956062630137155,-0.26595165639890006,0.96258520870344466,-43.524210534259467,-0.039284940041038517,-1.6449033973169493,,0.1498486447591868,0.4210526315789473,0,2
-0.97621118080948321,0.21652114658220067,-0.011415933833231227,-0.21673305978011526,-0.97596471536174667,0.022795946289082953,-0.0062057441861995376,0.024727867914458756,0.99967495781754045,-13.401395675435696,4.6507709544032414,-1.7775503682890736,,0.06859512838762258,0.1025641025641026,0,1
-0.68649443057814585,0.72680234699136892,0.021994208170000751,-0.72588755049388465,-0.68677413909283147,0.037796109737482549,0.04257535464532642,0.0099814969387277581,0.99904339690310084,0.960333324241193,11.867508507735019,-1.8937071000022168,0.1811529885716773,0.1433532435925138,0.5967741935483871,1,5
0.2172035147129881,-0.97195371836128053,-0.090158763079385404,0.97316029448420227,0.20842300373560371,0.097564813089804206,-0.076037322649766426,-0.10893034874408737,0.99113697574389081,-10.484297293434439,-14.129549932691599,0.072548596318661882,0.1697956862586511,0.1519825228813863,0.4285714285714285,1,5
0.070036218967564526,-0.97752411419604035,-0.19885053230498234,0.99074936866374219,0.044935761520266071,0.12804868538563868,-0.11623517765772924,-0.20597908510778756,0.97162852982661818,4.3000714211269164,-20.091181657304087,0.94121130791510721,,0.4076555537387455,0.2916666666666667,0,2
-0.83936740483358463,-0.54231435529833838,-0.036844263329330634,0.53966509543836716,-0.83953389368407982,0.062804666396260936,-0.064991880019209969,0.032832626958489007,0.99734551392111515,-5.6553761764325747,10.46289696857048,-2.035342673472516,0.5810433319652223,0.5319758409387226,0.9607843137254902,1,5
-0.82626904185446648,-0.55190947271190594,-0.11258509849783198,0.55714084781858764,-0.83019751361080607,-0.019135414456431538,-0.082906852339754936,-0.078536757797225146,0.99345781566698277,16.651215252911225,-4.8222385599963946,-0.14000095539905338,0.5004447530663958,0.383138875941749,0.4242424242424243,1,5
0.85288584712118753,0.5071149136062425,0.12417808252065884,-0.51817804101715803,0.79310308786332728,0.32012342905397467,0.063853344375958923,-0.3373750975098605,0.93920221144981175,-18.609975447055177,-10.688114287918754,-0.25504878077490578,,0.36516828407135,0.3571428571428572,0,2
-0.64884653341515963,0.76091850687559304,0.0010963436275530588,-0.75958897531259739,-0.64779663873027094,0.058173047309918374,0.044975156016288501,0.036912609552593074,0.9983059123321516,-4.5020331841987744,6.9771567641115135,-1.7582738722035729,0.1629501881288465,0.1223148188743318,0.484375,1,5
0.43100924342657065,-0.89836983708682472,-0.084632546301339179,0.90014894771510778,0.4215204764449712,0.10978324036477329,-0.062951600521673479,-0.12349948886613879,0.99034588515405231,-31.603701200047865,4.6051846544238311,-1.8163970405297738,0.9567215708115948,0.4403387697463838,0.8571428571428571,1,3
0.00062048270366001101,0.97058436480849752,0.24076047389573801,-0.99642103926057624,-0.019750569954626897,0.082188974353866268,0.084526490049496084,-0.23994979844907818,0.96709842658550504,9.6815578383135392,-10.761527835280873,0.13789917142475486,,0.325400826401994,0.1428571428571428,0,4
-0.42377874440801305,0.90205854918050365,0.081865436164069688,-0.90134570169284578,-0.42890287855402315,0.060151864542211039,0.089372824884299137,-0.048297977374195146,0.99482651932573773,5.5874158393407223,3.7963159304819492,-1.2237593549878436,0.9589926229006117,0.8515991317035987,0.9946524064171123,1,5
-0.53246341220828874,-0.82864904793222682,-0.17269473072598854,0.84224198702224939,-0.53899613109253641,-0.01056437239458707,-0.084327634594599035,-0.15107589492798962,0.98491873980313127,-12.771069557244418,-18.166523585668735,0.55035395049923219,,0.7142223548892868,0.5576923076923077,0,2
-0.34759992589167693,0.93072441598046807,0.1136941204192982,-0.93548711710130739,-0.3524595775390672,0.025221021756997936,0.063546402396874258,-0.09759255964877328,0.99319562375375747,1.4049017053133825,9.0983502392879725,-1.7164318697907845,,0.5262805311285021,0.2077922077922078,0,5
-0.58600858460513638,0.80994440136242507,0.024166205137569369,-0.80836860981563696,-0.58640875090210964,0.051623323509484849,0.055983296024994592,0.01071650909082981,0.99837419187351151,-21.667373227864289,-5.9558236093157344,-0.74654118724972018,0.4734010142738421,0.3699230663565861,0.3888888888888889,1,5
-0.50886157830084189,-0.8351904699397783,-0.20860674258266326,0.85826141046036852,-0.51098360552199906,-0.047781860599157656,-0.066687670852681361,-0.20335347011917765,0.97683167472535093,-12.639263891425973,-21.271348549143234,0.82154305586434884,,0.3366896417362664,0.4666666666666667,0,3
0.47996337008205375,-0.87008062720488388,-0.11222684858016159,0.87524234210560636,0.4661775949038095,0.12895461447809092,-0.059883269491327586,-0.16011918115096835,0.98527957548229572,-10.874380499583848,-10.176347645476934,-0.33782484602469393,,0.128389895948391,0.25,0,5
0.008102615348531881,-0.98424468242269714,-0.17662602511283129,0.99638671358323971,-0.0069871736804159885,0.084644529644572683,-0.084545044912785888,-0.17667366676051208,0.98063171010022443,-13.50688119045053,-8.9789693085256328,-0.49839089883898402,0.9173668964925243,0.7994037395739607,0.4444444444444444,1,1
-0.97076394437821723,-0.22832868371451109,-0.074049824364711955,0.23577642140363428,-0.96488914533208869,-0.11575152841499418,-0.045020477622319734,-0.12982661288622652,0.99051411256031496,-13.009919798789717,-4.5695085668333961,-0.94821884820910052,0.4937174574566304,0.3907520885829671,0.2374429223744292,1,2
0.99816124044372856,-0.056094125119228101,-0.022969266486902326,0.058554861620315327,0.99027633966602946,0.1261907258013705,0.015667362779474954,-0.12730365361905105,0.99174004331718779,-23.163475967705214,2.9471031055193877,-1.6853426842069537,0.1678217749037277,0.1082685390664537,0.4423076923076923,1,5
-0.99952644539968483,0.019079098496998438,-0.024142761797552058,-0.019813744414948514,-0.99933637688661914,0.030565034980913747,-0.023543586789837305,0.031028919279717397,0.9992411649293691,-16.844768355516372,9.1726871234634491,-2.1221465659872347,,0.068912288696112,0.3684210526315789,0,1
-0.22184072123582024,-0.96314095292781143,-0.15213874981371264,0.97198470733376841,-0.23085561026161958,0.044174833559669176,-0.077668675222771683,-0.13807676127445756,0.98737145233447832,4.0454551955348217,15.502458511972673,-2.0115031887726396,0.320104161452884,0.2756218740481809,0.4137931034482759,1,5
0.46013810180386416,-0.88520014898016808,-0.06851002491479545,0.88555866060707833,0.45204653130272304,0.10695696406019689,-0.063708601398356324,-0.10988462031906693,0.99190049114071954,-15.087365486629732,-2.47789182927142,-1.1913773526017295,,0.07871483012540134,0.3809523809523809,0,1
0.49453591977499672,-0.86263160209792766,-0.10630589407113046,0.86691961284977492,0.48078868027227667,0.13150144401655975,-0.062326630814572577,-0.15719085210026304,0.98559952673857276,-27.064817322671423,0.85353176364668648,-1.4622728280464568,,0.1266314446326755,0.2413793103448276,1,3
-0.4341503720385721,-0.89372953312858394,-0.11296449031679338,0.89706668601542483,-0.44038509330805498,0.036501101810196834,-0.082369990288164052,-0.085489714035192677,0.99292834257770513,-14.320534817484091,15.887160925671459,-2.6115947492707923,0.2370482985583382,0.2060874178192785,0.704225352112676,1,4
0.93370296108236595,0.35804780984485252,0.00073914229150036338,-0.35446062144074375,0.92405297722061941,0.1431214978175942,0.050561332200253842,-0.13389496314280938,0.98970485021097176,2.2920087159682585,-5.1375876371468481,-0.69135548555358861,0.2486821550980047,0.1663697811736021,0.1842105263157895,1,4
-0.46484207845931824,0.88473789150616866,0.034069127180495047,-0.88435599355496131,-0.46581581678808398,0.030497565369517726,0.042852289985938041,-0.01595268514294149,0.99895404953365685,3.2547261813147075,-7.6402176010654559,-0.39996842480623573,,0.1304255863259302,0.4848484848484849,0,5
0.99848161155205828,-0.041460784294197132,-0.03626947419133323,0.04965958505487033,0.96244191640700405,0.26690725571814744,0.023841078091894893,-0.26830311386289302,0.96303948106341541,-4.7180924210113329,-2.8285370392927947,-1.0480869797575758,,0.1254143702717908,0.2163265306122449,0,5
-0.2364891943020957,0.97153731308457081,0.013715329480505535,-0.97021671829364386,-0.23688285652089355,0.050656014746660906,0.052463134884010713,-0.0013272418448992426,0.99862197948334142,0.72444042680965004,14.388960241918852,-2.0617178305192283,0.3450518465056067,0.3223145505281548,0.4117647058823529,1,3
-0.030617846014591246,0.98291911945580379,0.18147328209313818,-0.99913895343836989,-0.035182860749111949,0.021989043444143888,0.02799820043336048,-0.18064376800138318,0.98315000374040429,-0.56651535740516246,-10.685969926806903,-0.13769559767330325,,0.2675604908860746,0.2307692307692308,0,2
0.84127086479952651,0.54059330381381965,-0.0047129514233413489,-0.53588123538454446,0.83502556813932427,0.12475416672935316,0.071376702096649675,-0.10242646350069959,0.99217648932664637,11.472335901547481,13.691231406914032,-1.6079723391085254,,0.1463929547144227,0.8095238095238095,0,5
0.91297273900784603,-0.39388050773719036,-0.10648438126413097,0.40735359687371947,0.86497682232228723,0.29304972949873448,-0.023320054514404966,-0.31092320992478428,0.95014890021907283,-14.632923791748887,-13.294694359030157,0.0062086988515537844,,0.5974594804471982,0.3684210526315789,0,2
-0.61664257361902886,-0.78140845082982535,-0.095670106993945972,0.78281199822960579,-0.62150291067078411,0.030651385866134914,-0.083410501906366452,-0.055990758161287672,0.99494106517534597,0.99209017709073899,-9.8516588562740868,-0.19271694287115149,,0.08372908331179987,0.3684210526315789,0,5
0.98661087967225503,0.16307573977525702,-0.0022967823346740864,-0.15900523150097814,0.96492626231456158,0.20888907259828368,0.036280965638479649,-0.2057270312632819,0.97793664423618831,16.158357853538273,-3.2869985502120285,-0.24217606242833678,,0.1620749267505396,0.3571428571428572,0,4
0.99989966676384689,-0.0095330024729473484,0.010477512557766614,0.0074980180019491973,0.98373065941361759,0.17949309027283039,-0.012018158410914073,-0.1793965205724424,0.98370343715721076,3.8442579687635039,-14.698268605546819,0.3946873081733715,0.3120536535692038,0.222000449554806,0.2666666666666667,1,5
-0.42367105640399572,-0.89523324594161457,-0.13805894149371031,0.89978723869003618,-0.43348983078634507,0.049693980474358593,-0.10433485063046964,-0.10316977253860382,0.98917654489896334,32.291466857580048,-5.9771774466081586,0.75107202824929242,,0.3860893787332745,0.6071428571428571,0,2
0.30642903330357646,0.92533722080439218,0.22327623102927577,-0.94787229214377533,0.27508432801573979,0.16083137214558957,0.087403462944781421,-0.2609207547784036,0.96139533720063752,-34.701280291210935,1.6597893826029422,-1.6411479085177523,,0.2235237020393656,0.1111111111111111,0,2
0.93033236925239637,0.36589679681062121,0.024519722774705113,-0.36078849686883241,0.90126830685340154,0.23988976549392338,0.065676047752204439,-0.23202364781489002,0.97049043457744633,-5.8997120433511343,15.842229766237281,-2.389737500352159,,0.2914022347558168,0.1538461538461539,0,5
0.54912586831997856,0.83080326949680006,0.09070120250171558,-0.83064572300645412,0.53059092002891606,0.16882226877385917,0.092132858378075444,-0.16804524086178654,0.98146438215087028,-12.987126949052165,30.069088807823384,-3.4088680004427281,,0.1698909793971388,0.1538461538461539,0,3
-0.99600421242762605,-0.078788767102122084,-0.042046866767361323,0.083289854028256435,-0.98939361988933405,-0.1190086767350671,-0.032224354801553223,-0.12203522073896347,0.99200251806979611,-14.936211839464081,26.116695635375798,-3.2192408025429446,,0.2481283355274347,0.2608695652173913,0,1
-0.71723403395510277,0.69682777857871925,-0.0025273578175776953,-0.69632305985061516,-0.71656646382849887,0.040825227942989588,0.026637133043312316,0.031041100453560073,0.99916310641749817,1.4466241249454754,4.1718010871524838,-1.41197398903916,0.1514641992878213,0.1337475421870568,0.3359375,1,2
-0.66650805681224901,0.74534794049241626,0.014948505212000796,-0.74427227585292843,-0.66642786674871035,0.043962231716152177,0.042729259308600075,0.018175423639527195,0.99892135044479946,-4.3868311414221735,2.0423528450833133,-1.4491357691374749,,0.07043474209170314,0.2707006369426752,0,5
-0.87174841739239517,-0.48609408058204356,-0.061377859175373362,0.48783723507565607,-0.87277644978799707,-0.016616280245527956,-0.045492074558026542,-0.044427621121964682,0.99797628109782721,2.5964736152178269,-19.602729041551711,0.84369872721427319,,0.1940473926681001,0.3548387096774194,0,5
-0.67513529399557715,-0.73487113140504012,-0.064472901508951422,0.73269079244643243,-0.67815212755843912,0.057217956553707865,-0.085770259797468801,-0.0086088393782006965,0.99627774762805765,1.9106571423797429,-11.275689551636553,-0.0044238448203864035,0.1789823258622353,0.1859230177524964,0.4313725490196079,1,5
0.99699278221578091,0.077485771389897387,-0.0011607935861537219,-0.070936870014534872,0.91855511987975291,0.38887588278939822,0.031198600644548886,-0.38762410525508534,0.92128942268052594,-17.166778515919031,-15.017871024104359,0.17576659687105853,,0.5042690152942663,0.1304347826086956,0,1
0.13554516974663761,-0.98898322113103942,-0.059495338301666464,0.98746091982537776,0.12994389741413265,0.089641036040668309,-0.080922424432132822,-0.070899730931082414,0.9941955488624592,-2.6236465351387097,-12.218927595232012,-0.019262900282923517,,0.08660572163538527,0.5263157894736842,0,5
0.70722046753886891,-0.70582348399771622,-0.040649965946220674,0.7058141304304435,0.70155404009100242,0.098225974755704035,-0.04081205188200996,-0.098158740157549065,0.9943335648321755,-7.6955950968967288,15.670322087929611,-2.4771203597971314,,0.08428634112706496,0.5263157894736842,0,3
-0.91521409061975645,-0.39737526599785439,-0.066903410258269042,0.40291665479487521,-0.90504618613961585,-0.13619680702220008,-0.0064294338754752505,-0.15160573513976822,0.98842013509072679,-17.035662233937657,-3.155449982384003,-1.1139464588335541,,0.391764876633742,0.3888888888888889,0,4
0.97056966606380279,-0.2266099158431398,-0.081501345745724291,0.24075096808141982,0.92116671711536224,0.305762735870095,0.0057874592575824901,-0.31638556433641429,0.94861302963583138,-33.882977706147372,6.050211487154443,-1.9506396290780303,,0.2002775541046025,0.2173913043478261,0,2
-0.35045508921414881,-0.90186108575661239,-0.25264166806330252,0.932059264975306,-0.36230561098351866,0.00041330805925473641,-0.091906240362641542,-0.23533216152443781,0.96755982592015499,-4.6122077099491694,13.380200155629339,-2.1915762663853866,,0.2175134767813682,0.3478260869565217,0,4
-0.91343473597502678,-0.39918075250753698,-0.079320299682690457,0.40530474015789753,-0.909912037563395,-0.088250504263553603,-0.036946592803321042,-0.11275996951378135,0.99293511296331882,5.3625037431481237,1.3358974392450227,-1.0784152390502355,0.7052752208554987,0.4449961178290424,0.247191011235955,1,5
0.46351327824735228,0.88550112092573874,0.032298695448162947,-0.88135041668197489,0.45696258877551676,0.12002764462442357,0.091525318370938732,-0.084100875731697361,0.99224500945999217,-6.8336138853548771,-10.773355569560211,-0.21469283153538748,0.4801025725070655,0.4187165434466519,0.8643617021276596,1,5
-0.73038944964575458,0.68172467748020393,0.042222221171831532,-0.68188415170695338,-0.73134925677525464,0.012738456153325738,0.039563309986141125,-0.019486629487773594,0.99902703455619568,-8.2459795704048364,29.861789232544595,-3.2630485625219472,,0.2063512448176116,0.1666666666666667,0,1
0.59747769038740384,0.79695431113457882,0.088793217383670076,-0.79758667455756405,0.57916975382268066,0.16857607429639157,0.08292108331142832,-0.1715407305014916,0.98168114564835895,-14.355477580710614,5.198043431370678,-1.8306596940197664,,0.3062116907726548,0.1916666666666667,0,1
0.99372491469094659,0.10902131845142418,-0.025002920741096564,-0.10594114512050329,0.98910067258461687,0.10225621381224609,0.035878512971260289,-0.098965709292524406,0.99444382480419669,-15.902973811093684,4.0059706214383644,-1.7550962952719149,0.1513005952906558,0.144883231251324,0.5357142857142857,1,5
0.98828865499677343,0.1525683801424445,0.002902375816554057,-0.14984032113542201,0.96666773882853263,0.20760867243486314,0.028868885789091529,-0.20561218857072464,0.97820765451127711,2.0649887781021534,-9.9582751943666015,-0.1563452820940758,,0.09527239012842006,0.5,0,5
0.70267201780805066,-0.70527950062971922,-0.09398330373558797,0.7089863931570175,0.68291711152278112,0.17596168079324334,-0.059919360041348811,-0.19027623283235942,0.97990031406840561,-24.859288569283361,2.6875321012958913,-1.6678830767028348,,0.2225896731383286,0.2608695652173913,0,4
-0.23552426107480165,0.96058981371827956,0.1476331000346793,-0.97012041614814037,-0.24147913979343813,0.023541521131392715,0.058264059399662428,-0.13767728507383514,0.98876198579687025,-14.224582841505248,-2.5527118756514753,-1.1981262703099245,,0.1501810042659597,0.3333333333333333,0,3
-0.48939113423603647,-0.82773674273620867,-0.27449627038562452,0.86779718199015388,-0.49334267413331734,-0.059506779520783495,-0.086164776220411021,-0.2673291802318622,0.95974514363733432,2.6653763401318518,-6.0820674111667987,-0.60126109807208794,,0.3626903242398634,0.1081081081081081,0,1
0.45848911407274573,-0.88521025254298924,-0.078679991545291164,0.88702701722183563,0.45039908767052328,0.10160577023031024,-0.054505073115474215,-0.11637641779303269,0.99170848861262617,-15.905670784934909,-7.8232434221138947,-0.62965652212827783,0.2112215025513841,0.1333123647112433,0.3243243243243243,1,2
0.72572745264241201,-0.68488767813037899,-0.06518077037236257,0.68690994477504908,0.71604916242100103,0.1242108077637457,-0.038397815696924797,-0.13491651248591419,0.99011269177217598,-5.5004508385181827,-12.430500173962042,-0.02153763258860306,,0.108791413972803,0.2380952380952381,0,4
-0.9995558595019941,0.020405534612254989,-0.021718607055235439,-0.021245724899674388,-0.99900609857784861,0.039184616595727938,-0.020897437850584011,0.039628640671298565,0.99899592988651731,-23.863179527652438,1.2798879201362403,-1.5358830337269664,,0.08384646458382414,0.3636363636363636,0,4
-0.8826818144182802,-0.46807927397366311,-0.042126093713308409,0.46606349111307582,-0.88335393717229371,0.049705572461246968,-0.060478399009445738,0.024240770583811654,0.99787511658261041,-0.74268527510712745,-14.225473412580868,0.23567638801312338,,0.07400451538457944,0.1818181818181818,0,5
-0.074227637102133828,-0.98934093020220581,-0.12527881591421899,0.99349346505528657,-0.084243998591178704,0.076639960815553951,-0.08637703851530272,-0.1187748817217021,0.98915698182306833,-17.777472732050125,-4.6211044817920435,-0.9773279330472564,,0.1210162235377075,0.6153846153846154,0,1
-0.42431053442904365,0.90430381166867713,0.046852818208117882,-0.90344315290688315,-0.42627142725604505,0.045641426037815507,0.061245733224532937,-0.022962719930305873,0.99785854391050488,1.9274732738737275,19.488797725149787,-2.3667066724149799,,0.3107385496957804,0.25,0,4
0.83841276111595042,0.54503497568516801,-0.00095774620727985679,-0.54002480998149227,0.83094092504501105,0.13382968164721537,0.073737687801979243,-0.11168730619551362,0.99100388446887944,-19.325058887920271,-1.9146422122676612,-1.2339574429405704,,0.1249099849883669,0.5172413793103449,0,3
0.9418022997346549,-0.33527582500577091,-0.024465268876823171,0.33419441666285593,0.92591941391559662,0.17603218684539315,-0.036366469252443592,-0.17396367465910159,0.98408034215363394,-12.534341833491554,17.893079476851334,-2.7107192878192929,,0.3238618140159075,0.3333333333333333,0,2
-0.69516849355920407,-0.71111749674503721,-0.1051316859262679,0.71490163835168308,-0.6992209523593742,0.0023889880136504496,-0.075209128732532618,-0.073498065312783079,0.99445543960027283,1.4354206897966089,-22.350197601379904,1.0815793750506952,,0.3760780361486615,0.25,0,3
-0.77162204558105774,0.62637089160799053,0.11072002944145043,-0.63510278315908697,-0.76832494381566896,-0.079506198086885138,0.035268592215827899,-0.13166733405389625,0.99066636136807107,14.468714528731809,-4.2173893717528763,-0.28041955169796617,,0.4232382757620177,0.6521739130434783,0,2
0.99153005540547379,-0.12716498014111025,-0.02640486798547886,0.12922432324293934,0.98630344658524283,0.1025016367502299,0.013008593698931847,-0.10504560476184979,0.99438231953821188,-15.077726477971916,-2.4883835238662875,-1.1904129317811774,,0.07448741097395316,0.36,1,4
-0.31615991989230025,-0.9265239651490691,-0.20395158018054579,0.94247470944761136,-0.33133861375722823,0.044228328988095929,-0.10855564059658634,-0.17823598132219431,0.97798139443282861,-14.85809872419528,-18.245594806444792,0.54107385298929123,,0.5476212765516715,0.7362637362637363,0,5
0.30367047129010821,0.94805661809252262,0.094725359632008871,-0.95103103962140434,0.29559591457600709,0.090349415950550294,0.057655932418748453,-0.11752320697183036,0.99139502181521055,4.6842709483959339,-13.887006797889542,0.30857174469851578,,0.1987268411038219,0.1538461538461539,0,9
-0.54489540868915209,0.83377293895933846,0.088947624187447574,-0.83575644097540125,-0.54862599513703147,0.022818607057277906,0.067824515904017918,-0.061904795605925989,0.99577488988394169,-20.755333832530685,-6.8576010231548894,-0.67925136229089889,,0.2785392923846676,0.4285714285714285,0,4
0.68035540969685881,-0.72581756721189017,-0.1015153959891445,0.73149666139784641,0.66400928279672433,0.15493323311537607,-0.045046097056497585,-0.17966783653841015,0.9826954348390875,-16.822274292451564,13.076547470946391,-2.3988705148299161,,0.6489093176781896,0.7105263157894737,0,1
-0.20235007694621684,-0.97726121726766257,-0.063363708732882038,0.97537359878594043,-0.2069115760150145,0.076380249425781047,-0.087754140365123481,-0.046347739270737293,0.99506336376799065,-20.491958905457796,0.47559440709804157,-1.4912645511281728,0.3511516410548615,0.3173480192794438,0.8798449612403101,1,5
-0.98758526375127942,-0.15401031538610729,-0.030921991785576065,0.15288635576143872,-0.98759062888060989,0.035923696485565759,-0.03607088913933492,0.030750162631636505,0.99887602757040106,-14.014319917834076,10.488340441763974,-2.162075653273746,,0.09393863109193011,0.4,0,3
0.99119822672767299,-0.11797830055048221,-0.060059936156634158,0.12515320850047121,0.98296755174407724,0.13457884908221721,0.043159584497032395,-0.14091101027768088,0.9890810570668962,-26.773248655045339,2.7497827338933321,-1.6257082876463689,0.1976465868712343,0.1844998112167771,0.3461538461538461,1,5
-0.49786337656311713,-0.83853711134324538,-0.22133136058249456,0.86298398034836243,-0.50430449522331267,-0.030588000255937751,-0.085969226699263407,-0.20623406362113444,0.97471883282464844,-20.17892634136609,-15.245548785849859,0.15946824445008256,,0.3107853717285469,0.2222222222222222,0,1
0.96880439890972347,-0.24109403317995112,-0.057373372030893821,0.24780363014194226,0.94555157476924401,0.2110108536068197,0.0033760245328209805,-0.21864557305472218,0.97579850166001325,-18.001756624389341,12.446135339876715,-2.360248431164345,,0.4220128375737975,0.2647058823529412,0,1
-0.29455631361801843,-0.94666311740607179,-0.13063506516545018,0.9473034942890487,-0.30725809138053034,0.090601076091575583,-0.12590737792330312,-0.097063934724548467,0.987282089759693,-33.617548968865421,-1.3949319925521861,-1.378645046753076,,0.2005807055353103,0.2592592592592592,0,2
-0.87939884063154339,0.4752751799260117,0.027770171807064703,-0.47571026322263132,-0.87952538729845164,-0.011612000782052895,0.018905675352961948,-0.023422135765226379,0.99954688684205462,-2.9181527919718762,14.01168349813112,-2.1579758244221536,,0.09630674485081503,0.4482758620689655,0,3
-0.95705087819087498,-0.28887868014469098,-0.024550452377444656,0.28966438295339864,-0.95632775230254852,-0.039137902654365966,-0.01217217327770774,-0.044568355745049304,0.99893217981196347,-15.487522839371163,-13.777597413427381,0.074270578607437271,,0.8814182798785495,0.8163265306122449,0,2
0.96605866340070345,-0.25254076993449071,-0.05434904221182206,0.25818645822317543,0.95077129764927137,0.17138755017939181,0.0083911655102393411,-0.17960261436631633,0.9837034559531469,7.8985492310761423,-25.224469724451335,1.4716112933532146,,0.3245425612884878,0.7586206896551724,0,4
0.95963159029899392,-0.27587936592480855,-0.05475204431936629,0.28125988269340613,0.94147953752421998,0.18576640926301061,0.00029881016669470664,-0.1936668683076857,0.98106730392587127,-17.946095149472548,9.5102297180576105,-2.1593159978165746,,0.2195671584367708,0.6511627906976745,0,1
0.35682873609419491,-0.93321997069665508,-0.042115785524601275,0.93109045104873955,0.35163329452870307,0.097080369512817455,-0.075788027176292114,-0.073854671293189011,0.99438506749895461,-14.939266226815786,-7.849484985564934,-0.60805356749552231,0.5249722958890723,0.4650448627275123,0.9450980392156862,1,3
0.07107747393063775,-0.9951411551120366,-0.068132768195049528,0.9947261751188855,0.065652706675212058,0.078800752785550807,-0.073944771505431273,-0.073374406358752947,0.99455938347516937,9.8861176026823774,9.9315520846868655,-1.432708693292426,0.1867945682044663,0.1022553211544094,0.4666666666666667,1,5
-0.67143401152583893,-0.73849935440796033,-0.061604153312472612,0.73627867035881633,-0.67422116312307323,0.057615473369782358,-0.084083813787040662,-0.0066728356788549031,0.99643634293567906,0.41369472538574981,-12.386242733618749,0.056063613203779047,,0.08299106716511091,0.4,0,5
0.97540559971816232,-0.21872110474478407,-0.027294585134722583,0.22035056127350339,0.97065758869079155,0.0962781162229151,0.0054356402481626348,-0.099924590848310804,0.99498016561079916,-13.099896724026454,-1.2222872146300732,-1.3219773888746782,0.5245596220401837,0.4794777595129676,0.9913466738777718,1,5
-0.93769583387684086,-0.33838574276838795,-0.078877197092076218,0.3416318636657712,-0.93929861519145386,-0.031714054103318658,-0.063357658244822243,-0.056685100251325046,0.99637975017120317,-34.335885828458046,-1.9707010531804579,-1.348767154148701,0.3852442051358858,0.3967708258068038,0.3793103448275862,1,4
-0.68313194031754731,0.72477451022879036,0.089625116126003296,-0.72953948751800424,-0.68284746504284977,-0.038619627607227966,0.033209761666565453,-0.091767362428972835,0.99522653849406517,15.390650048249897,7.8525623978848103,-1.0279684317044759,,0.1847777780889985,0.4166666666666667,0,5
-0.91518111298372429,-0.3938830597510648,-0.085438080965170513,0.39784235066777923,-0.91678538885662808,-0.03501449405798867,-0.064536768225621849,-0.066035490610279621,0.99572803492060624,22.688056022442467,-7.1340935677903508,0.26833349252329142,,0.2337337692736818,0.2,0,5
-0.86443164454727095,0.49769883616036148,0.071090086439137001,-0.50272374498620309,-0.85715586874462268,-0.11203862237504979,0.0051737928397963115,-0.13258840507855071,0.99115768004206994,-40.786273270789181,-0.20446971710680206,-1.6067953730585651,,0.2285222966499383,0.1538461538461539,0,3
0.39229264579121531,-0.8690982676776221,-0.30128836880617538,0.91731448021907136,0.34537683915270107,0.19811356177027578,-0.068122128846240138,-0.35409467674147133,0.93272521970021272,-40.102649744001106,11.408752875653905,-2.4707120349417613,,0.3825482599268165,0.35,0,1
0.6031544935657932,-0.78927139232944887,-0.11513177728900692,0.79239085820009814,0.57641390424085326,0.19965905649062979,-0.091221624258198533,-0.21165462491556863,0.97307807241739164,6.2887756844506812,7.9925029962624476,-1.4453023205012425,,0.2029006027704966,0.1428571428571428,0,5
0.19155170725024714,0.98140730326597092,-0.012151071793474584,-0.97717819327944744,0.19185522915759587,0.091183055575041888,0.091818963338900481,-0.005592507586137099,0.99576001216672116,-21.532061901642692,-2.0076578016460411,-1.1961800390739517,0.4919855127856908,0.1170647803249519,0.675,1,3
-0.43155952703122036,0.87855637610636872,0.20468284889417157,-0.90045609330332099,-0.4331721076250698,-0.039252378381132949,0.054177473746107804,-0.20124765633045197,0.97804099206525585,-9.2240989722286351,-5.6036198054656143,-0.8008416218550013,,0.5735508113247862,0.4072494669509595,0,2
-0.75198787930139954,-0.64455070780044499,-0.138089154019163,0.65689484488020355,-0.75017319879374755,-0.075692368052321324,-0.054803212986062562,-0.14762979674002288,0.98752319008765665,-9.1700103457889472,-1.8466100420023426,-1.2027034046892293,,0.4122238924629338,0.2190152801358234,0,4
-0.041067833471433772,0.99896015060259014,0.019800266715678482,-0.99564857181752775,-0.042574712406267062,0.082893397211353192,0.083650191223201151,-0.016309855044514161,0.99636169844928657,-2.0746502463548064,-13.614562712033498,0.15899846791834277,,0.07488493459749801,0.3636363636363636,0,1
0.92710322700442349,-0.37125384874415657,-0.051479959893500522,0.37474144693206746,0.91560728398924196,0.14571255765068586,-0.0069609215802087735,-0.15438225707151407,0.98798667211266566,-15.678856283174813,-0.86895137271002243,-1.3758269696165839,,0.2054023395226007,0.2318840579710145,0,4
0.81734137130950391,-0.56689869986922459,-0.10285400737202335,0.57562667474103879,0.79584258783068607,0.18785235351608573,-0.024637655579935375,-0.21274501047390321,0.97679708560477629,-11.47673547702613,16.598361933858872,-2.5953607391066655,0.4049905313025879,0.3740448586023238,0.5405405405405406,1,5
-0.86448788061051662,-0.49535665332657203,-0.085337508064366199,0.49858833613576764,-0.86659651141309568,-0.020497743193305388,-0.063799493312283406,-0.060268336726264242,0.99614123107185226,-0.75404688890897464,-7.9866791123587086,-0.44183451377018157,,0.09694232519086339,0.3793103448275862,0,3
0.17440283970524414,0.97126943060825366,0.1619238792416515,-0.98292820181388274,0.16193449404574548,0.08734626332633913,0.05861569398781076,-0.17439298381548049,0.98292995051237486,1.1182593661624649,-3.8037202073293988,-0.85350532938979728,,0.3273771733740172,0.3728813559322034,0,3
0.85847533165669165,0.51275203108391998,0.010269350332371334,-0.50923051810187614,0.84986123084863319,0.1357209185576847,0.060863653937543172,-0.12174252716188229,0.99069388446159801,-13.468575661173681,19.222337460268701,-2.8110821831435526,,0.2652310604900599,0.6607142857142857,0,3
-0.99083482997071015,0.13344292739683025,-0.020960077401553034,-0.13441571830911031,-0.98938567498036134,0.055212324847823402,-0.013369906071497868,0.057523658362624991,0.99825461398393756,-1.5215155663417343,-2.3343647608888034,-1.0403210298331773,0.5741956150797232,0.5057897985283505,0.9930515344528084,1,5
0.94925068268613599,0.31411426037620221,-0.015980389488882196,-0.31046578819245507,0.94393510766819178,0.11223861578563821,0.050340200455922121,-0.10158121843997572,0.99355277679563014,-0.0044172489495701173,14.153173726950348,-2.0647236311262773,0.2775174213630608,0.2335836847724243,0.8805970149253731,1,4
-0.94169841173359836,-0.32721464095397634,-0.078324198583711632,0.32795356325256525,-0.9446869807843491,0.0036012062559503013,-0.07517021809444227,-0.022295449802876233,0.99692143683929424,0.93090877722648324,-18.337728022473829,0.69039210036144327,,0.5943920336388311,0.2,0,4
0.9800645330278861,0.19849645086656603,0.0085246756072505838,-0.19599804050477415,0.95892178693342689,0.20507017009475637,0.032531203776079633,-0.20265282020682648,0.97871014873817408,-11.373545766547165,27.644065404341134,-3.2229713317308799,0.364574636830479,0.4550604396776303,0.9183673469387755,1,4
0.75244046638143924,0.65861646298060139,-0.0075960017513525746,-0.65420168729766903,0.74863695935080132,0.10753071854531181,0.076508149164431702,-0.075941146850114702,0.99417274420823076,-4.8098710405334266,-10.219447454919266,-0.25707353745244005,0.1073494547803094,0.1017243809293933,0.5657894736842105,1,5
-0.41598775432879526,-0.90890446358788757,-0.029100933292587387,0.90539538621521565,-0.41694614679602127,0.080094352436050439,-0.08493163644182003,0.006970419066626308,0.99636239912461033,-6.3184596131139914,2.268701698223587,-1.4953855432558401,0.5188103528507293,0.4552872392823396,0.9738199127330425,1,5
-0.82789549420152397,0.56059167695330525,0.018056090703592407,-0.55979670347395338,-0.8278667274605368,0.03555745130737497,0.034881247978100473,0.019330113669168092,0.9992045062173347,-2.4305911534316804,11.764289482462653,-1.9915831209807873,,0.0890508552475244,0.2,0,5
0.99935175385238162,-0.029795821361962748,-0.02020596697846061,0.032450925335794308,0.98857249697556748,0.14721194132386897,0.015588762523668915,-0.14777221407577792,0.98889856063709725,7.7652669738189202,-13.625006355683016,0.37709048574299581,0.4494035401447062,0.3628683134927067,0.375,1,5
-0.88820692592275396,-0.45607121569226627,-0.055565303561053415,0.45537608398786023,-0.88993885424068431,0.025327018076773157,-0.061000646510793545,-0.0028074774724685049,0.99813377820586202,-4.6509025035591334,-13.47085188425968,0.095080582407951447,,0.07461643339740434,0.1304347826086956,0,2
-0.28950726579890185,0.95696040084608747,0.020306015417637602,-0.95427143719056384,-0.29021523876974026,0.071701738807922355,0.074508839823882497,0.0013807238391058329,0.99721939731925624,-20.614785605012887,1.7194560705579636,-1.6030049816177394,0.1085561352345236,0.1009438755390129,0.5423728813559322,1,5
0.99781461844964725,0.065788785118296028,-0.0061500374668666214,-0.061652359461958878,0.96045887838713184,0.27151009097288731,0.023769177119929836,-0.27053757350872887,0.96241594310311085,3.4224980645324168,-18.405624611478061,0.75991878388609913,,0.1669699820026884,0.4545454545454545,0,3
-0.99934427829160533,0.035997371499087091,0.0038990628347418152,-0.03619977778723011,-0.99559324004833061,-0.086508245030308475,0.00076781116670257099,-0.086592664904283037,0.99624350479729051,-16.419526414674657,20.810679027681413,-2.9844387710690548,,0.2587570636728589,0.5,0,3
0.87184474135596413,0.47981597967888157,0.098302454774777032,-0.48670639952787143,0.82628146144240244,0.28350630881026889,0.054805361312264211,-0.2950179183056561,0.95391865494392625,8.9186232227163416,6.4726956270149962,-1.2308814887338249,0.4024930370887668,0.377324597796162,0.3265306122448979,1,5
0.2442338460306121,-0.94490947612410037,-0.21793556475246129,0.9667102564694533,0.21956578987178577,0.13138547847742763,-0.076296189222392508,-0.24276932641678134,0.96707907932148107,-14.23678969806079,-16.11112458489157,0.32929927264069536,,0.5053716305183068,0.1481481481481481,0,5
0.27158813447239472,0.93560159848276792,0.22558708768521032,-0.95808686499377294,0.24063375917442129,0.15545080595478111,0.091156153605825824,-0.25835062001488757,0.9617408761187779,3.5466049494007557,7.1560384839844033,-1.5332354038427003,,0.6011288369587123,0.2051282051282051,0,3
0.99389477366416146,-0.099006215814133977,-0.048692382496980449,0.10731699792120895,0.96996388913520182,0.2182959361300488,0.025617198134189962,-0.22218871034298807,0.97466708991115258,-36.762743489501837,3.1430808023614003,-1.7834737819408533,0.3798110754651284,0.5910166924195971,0.9285714285714286,1,5
0.40328629556367868,-0.91188174635570374,-0.0763665140869806,0.9133772973420865,0.39605494328274182,0.094246456704585924,-0.055696288122195244,-0.10775974463859782,0.99261561589813452,16.008560190633929,-1.308036107579214,-0.39006489294433011,0.7885955845152617,0.7144817369093013,0.6415094339622641,1,4
0.81854265642168966,-0.55257581858657168,-0.1569964468754142,0.57393976487706799,0.77521763803000732,0.26387641042736804,-0.024105308771726914,-0.30610060176444803,0.95169394013436004,-3.4838572356316684,-24.939665694068623,1.2496580902172765,,0.3021597009913704,0.2173913043478261,0,2
0.98991052459254691,-0.13844570139639875,-0.030165229416831477,0.14115227130159835,0.98211691386301037,0.12458893935898896,0.012376978925039592,-0.12758979296580517,0.99174979461738955,-9.8181997627664241,8.1660083004981292,-1.9511463349426461,,0.199518613234526,0.2295081967213115,0,3
