axis_00,axis_01,axis_02,axis_10,axis_11,axis_12,axis_20,axis_21,axis_22,location_x,location_y,location_z,dbh,dbh_approximation,score,reconstructed,number_clusters
-0.67727866806755943,0.73360594534642309,0.055820450849252072,-0.73460548834001105,-0.67848430989957498,0.0037172195027906172,0.040600274400142806,-0.038488416081709637,0.99843390344386607,-14.248139187180072,-7.7549599007250718,-1.3194148718545797,,0.5904839889550926,0.3584905660377358,0,5
-0.77180898250836971,0.6267976504723749,0.1069373642919338,-0.63573136309909606,-0.76397751869016972,-0.11038108945003605,0.01251113470315472,-0.15317655270413341,0.98811963608164266,2.4990125273102168,-6.624932707162384,-0.86219750446239973,0.6966139083991409,0.4984546129822517,0.3882352941176471,1,2
0.98882950748567655,-0.12663010270828934,-0.078619477317779102,0.14465498427933829,0.94246735816959448,0.30138051414776013,0.035932445627553725,-0.30938664462596299,0.95025720911672629,-6.6996190688843571,-8.7792651997366171,-0.98294189652524844,,0.1250420142191295,0.2142857142857143,0,2
0.25542320899036408,0.96631671183922063,0.031480100528761941,-0.96316938052309797,0.25149094054892912,0.095168541254798525,0.084045991765318948,-0.054628923127325008,0.99496329179831189,13.611522360416757,-14.059927104861639,0.22002320775531634,,0.09042481662910803,0.391304347826087,0,1
0.25123028833854655,0.94540568924070378,0.20758474166624111,-0.96312045979391736,0.22281899476462391,0.15083327052886916,0.096344808618229139,-0.23782299788580563,0.96651844241531404,-21.138577762461406,-2.7255171007223695,-2.0299014768136385,,0.234208229068859,0.2380952380952381,0,2
-0.095286811848155809,-0.97823556324361649,-0.18432473055251747,0.99132980541350246,-0.11008095528482122,0.071745384397940523,-0.090474528938487522,-0.1758902103274233,0.98024333383315265,4.4996719634533831,-24.318510480519006,0.64535105827572792,0.8695182730763547,0.7805164435088434,0.34375,1,5
0.43098292677839722,0.90225504527896216,-0.013767719280427169,-0.89820547344743096,0.43041109599671168,0.08929286596355622,0.086490717967900449,-0.026117459898837181,0.995910253985684,-13.534265090488864,-2.7612583922689575,-1.7357315036022596,0.08178489983644019,0.09158836293792486,0.4428571428571428,1,5
0.99490858542800831,-0.089253097827971542,-0.046805888195285777,0.098622923722815753,0.95783616455982712,0.26985811230660273,0.0207466999304157,-0.27310028632249717,0.96176182501311991,-13.874452990938318,-10.320742903018139,-1.0957964280448411,,0.2383834816391704,0.42,0,3
-0.77042307631649198,0.63561417399264597,0.049425755418397173,-0.63694965532654024,-0.77071716786526101,-0.017034780220268032,0.027265730476816196,-0.044605705659676226,0.99863252048196793,-5.7649685229624898,-13.952323739538281,-0.53174753359721316,,0.3356199338227658,0.1929824561403509,0,4
-0.66046773520805491,-0.72925101666790459,-0.17881645740247207,0.74282407841919817,-0.66934143261344603,-0.013943998983376553,-0.10952058833758832,-0.14203873160447139,0.98378363447171746,5.9216432553669049,-12.048032038428669,-0.27011510412754286,0.6977741333177265,0.3630781751367083,0.4642857142857143,1,5
0.51781585342715919,-0.845810614839408,-0.12833996168179884,0.85462475404163729,0.50468307125527889,0.1221127649658702,-0.038513266789167722,-0.17291443379117272,0.9841835839252272,13.037688497387776,2.8670815000508409,-0.7014912523395368,,0.1020808228044603,0.2727272727272727,0,4
0.66802698467073829,-0.73846446203783045,-0.091707066570131321,0.74356611476471524,0.65759927956587483,0.12113059270121922,-0.029144137067811333,-0.14910877177959647,0.98839121477932657,-20.975470338325493,-10.004938707699374,-1.3215801200918043,0.3956496486233234,0.3546300648684909,0.9365079365079365,1,5
0.78795941699223515,-0.60756155691271596,-0.099944543298033789,0.61568076054058418,0.77944414958277886,0.11577572621817488,0.0075603090825605039,-0.15276050616234058,0.98823431911849779,13.510136976919348,-5.8552464106590429,-0.38073564313108088,0.3229055416015872,0.312459429248278,0.8333333333333334,1,6
0.54526830388874814,0.83590228674565714,0.062847782679019443,-0.83534562111050681,0.53559411689933711,0.12384116938369524,0.069858214018036213,-0.12002628443887024,0.99030981060373746,10.652565688023337,-8.723703033204,-0.31554599821464852,,0.1751230430041457,0.3214285714285715,0,5
0.78086724332734558,0.6246625390001046,-0.0065620628078422432,-0.61948322414761792,0.77566164221673806,0.12078721701117427,0.080541190070817087,-0.090253693351436251,0.99265673197656845,2.0702571276999349,-0.19883255045245063,-1.2688618761231085,0.1352530232145869,0.1129184699123938,0.4617414248021108,1,5
-0.93419661602524062,-0.32959813321120363,-0.13653480578474106,0.34882439948251426,-0.92414444265094375,-0.15581587673609631,-0.074821259897510109,-0.19318933640619135,0.97830448193100061,17.963468585220937,9.415322108454836,-0.84650700179551797,0.7189729216334338,0.3470855912709352,0.3695652173913043,1,5
0.99786243174147049,-0.04687158020014888,-0.045537043036853138,0.05646959613247652,0.96916274496330967,0.23986404167323244,0.03288999896069017,-0.24192277434074741,0.96973791264632014,-12.951158977832717,-9.8169619587052299,-1.1014049910213981,,0.1641907967013214,0.1944444444444444,0,4
0.24157747934945736,-0.96564525250436806,-0.095757860183583648,0.96814696230048336,0.23315176577467764,0.091278220318414094,-0.065816265918917038,-0.1147584438371578,0.9912107337537085,-14.57120045231396,3.8639090520873047,-2.2162123206119078,,0.07713815456161757,0.1818181818181818,0,4
0.94666533986676427,0.3213976818212223,-0.022984003456507109,-0.31281017689043955,0.93379422774962639,0.17371854666457284,0.077295067945609322,-0.15726369683249766,0.98452709568089636,-15.647126162182078,-13.676844828661395,-0.84869091603061886,0.3344946266331151,0.4398849927575935,0.6666666666666666,1,4
0.99872065366842,0.037281583817359312,-0.034163422606545917,-0.022473356381811051,0.93245559535745015,0.3605849566184362,0.045299052849484031,-0.35935587680550418,0.93210050403177414,0.11875672230208879,-8.0512724850755095,-0.83903413026235218,,0.129689318897489,0.12,0,3
0.85858049019601757,0.51267551391803923,-0.0018328348648402662,-0.50725822177883684,0.85001575564749232,0.14199405476567076,0.074354813512910706,-0.12098360459127656,0.98986581369777749,3.2619047843440319,1.8780807353464746,-1.2694694186230142,,0.1041842665905294,0.2258064516129032,0,5
-0.54631119205062717,0.83364206857949974,0.081147907765471108,-0.83621622722540068,-0.54838543827525843,0.0039789964272228225,0.047817389777548625,-0.065683426997555736,0.9966941279312912,12.118357511115615,1.7838876227493621,-0.7335259128384527,0.5464953653633089,0.2842942356984283,0.64,1,4
0.76421906941217621,-0.6400589977613359,-0.079332801107372772,0.64403243865232174,0.75074569067893437,0.14698001867789376,-0.03451712488506601,-0.16341783045850514,0.98595293030545061,14.503065783484596,-13.765767524762897,0.25302286254489359,,0.3280701690221254,0.6666666666666666,1,5
0.8665621818244057,0.49806489315028624,-0.031644071212773725,-0.49245553103499112,0.86364629030008766,0.10771552907515947,0.080978608192349685,-0.077758905998544875,0.99367802509320879,5.2734312684095128,-9.8647454827350192,-0.45597491635104226,,0.09739009397151745,0.390625,1,5
-0.99853384122698463,0.0038313334670452182,-0.053995266536498013,-0.005108642800048668,-0.99970989437158297,0.023537817747188366,-0.053889420976891873,0.023779150098829051,0.99826373385361089,1.0049448544530841,11.247106675642824,-1.7622998191780532,0.2292562234698866,0.1433161083428974,0.6111111111111112,1,5
-0.38114128360005062,0.89923729017024756,0.21471753049757386,-0.9230175271845722,-0.38333968990250478,-0.03300494895511611,0.052630470696965602,-0.21076759265295558,0.97611836138938324,8.5105989601593723,-0.50810819421553222,-0.86815754814024015,,0.561430528953189,0.4615384615384616,0,1
0.16186912051373417,0.98621862402031091,0.034222996063967379,-0.98341715334112112,0.15834087808831976,0.088424367912162266,0.08178685920461673,-0.047968656033955753,0.99549481048358046,0.061468840561667376,4.6235262485808368,-1.4758166735538127,,0.09757724861546463,0.2037037037037037,1,4
0.67799802968986445,0.73438138875350656,-0.031664610989762636,-0.73009356754768984,0.67778955953740383,0.086975258594493676,0.08533495392949407,-0.035850925156307556,0.99570711396639544,-1.3768636343223646,-13.037785119952201,-0.47948586523046305,,0.07378045150852634,0.3461538461538461,0,3
-0.060917445881714584,0.98789485824449985,0.14266328834471897,-0.99721640630224784,-0.066392591604537032,0.033933210600589001,0.042994229716080856,-0.14019904719402776,0.9891894274490648,-13.764371301357496,5.9935081837717563,-2.2298178932975969,,0.2205344775816381,0.1666666666666667,0,3
-0.72782910753261021,-0.66868311722043805,-0.15207787141014745,0.68311754377815936,-0.72641709497883988,-0.07529027496959631,-0.060126629797271333,-0.15868551561771688,0.98549667453642931,14.190619934273542,-2.1501938430762668,-0.46920175184066648,,0.3273665269883421,0.3448275862068966,0,5
0.68157991838010523,0.73125674684644237,0.026690542379810826,-0.72678313362870839,0.67226899950537899,0.14085690958157757,0.085059341249536485,-0.11540347696493421,0.98967011977254316,7.5958119109369457,-7.4037870080738495,-0.55580521157084128,0.1878801412961419,0.2983891440840081,0.5741444866920152,1,5
0.9869960393373437,-0.14876486953042348,-0.060891969306232523,0.15720857603216232,0.97236316020466051,0.17261329119956006,0.033530313961173945,-0.17994137453737646,0.98310570122203211,4.943922823941338,-15.497490198982769,-0.028407647777446522,,0.0981686499555325,0.4074074074074074,0,5
-0.58400341300755609,0.80962585011001831,0.058702610071066377,-0.81083581149247319,-0.58525087139599508,0.0051676233967873336,0.038539595182983277,-0.04458026877283789,0.99826213954014764,-3.9155967601584214,1.9563740502512021,-1.5401913476788764,,0.1268998141898684,0.2303030303030303,0,5
0.92485094175738369,-0.37660133325620332,-0.053124112417339164,0.38016510298601175,0.9194978086517438,0.099991371409113156,0.01119062116752406,-0.11267304768350886,0.99356909891743017,-1.6287594846462594,8.8063254282758905,-1.6524727178929339,,0.08726781814562801,0.3111111111111111,0,5
0.41456873057168264,-0.89696433347014837,-0.15358304631252925,0.90903105486510483,0.4003208051073841,0.11578339383957968,-0.042371085931553865,-0.18761193320423036,0.98132892222554668,-13.838058893804991,10.855580353885582,-2.4761736435587087,0.4021898209651423,0.405761624495352,0.92,1,3
-0.21468223143005455,0.97650675651975793,0.018603601250160851,-0.97478251930545956,-0.215413392075058,0.058276157828217441,0.060914526713375043,-0.0056236096930542129,0.99812714392972324,-17.770024195614308,-16.896197179131526,-0.5718457175545798,0.4918643514141522,0.42832647346611,0.5483870967741935,1,4
0.97873792299118823,0.20507923732808844,0.0038189679003532324,-0.19653756425396607,0.9323199147896799,0.3035664051302146,0.058694667015092135,-0.2978625234961475,0.9528026307480969,-11.385128452951154,-1.638821185396854,-1.7455161912784001,,0.1107840620559248,0.25,0,4
0.60485579541180823,-0.78069846453503255,-0.15703303547149386,0.79572122579702742,0.58478111923130427,0.15766665280476938,-0.031260159513752217,-0.22032010816815129,0.97492658819213129,15.668402370866934,-1.7373386798942283,-0.36624837270685912,0.3281189742057465,0.3199807865978457,0.6785714285714286,1,5
0.99810544765500497,0.061421702581611087,-0.0035902386239084669,-0.059893328245755016,0.98331091873042176,0.17179181103061564,0.014082066362815709,-0.17125131111179445,0.98512673491761626,7.196404748662184,0.014308227448398261,-0.9629473248741135,,0.1475780275018557,0.1914893617021277,0,5
-0.082077747357885311,0.99613623314719002,0.031238572310234806,-0.99407029989146178,-0.084070304109657157,0.068966824202718005,0.071326588747492939,-0.025392695371629841,0.99712974519839159,-18.219145817201269,5.7099769503236164,-2.5206370254403239,,0.1404982137890459,0.5,0,1
-0.95118473847761287,0.30841201875492563,0.011385076845927348,-0.30804934142117651,-0.9465268557602744,-0.09587760204838798,-0.01879352381156001,-0.094704477254673958,0.99532801902220391,11.371118269707367,2.0757779712372146,-0.78698204109610359,0.4400790025950221,0.6722407157377009,0.3076923076923077,1,6
-0.021140185815044593,0.98061708888618693,0.19479018848003152,-0.99557201292121955,-0.038497449447745309,0.085757293998876397,0.091593993425861789,-0.19211473491223699,0.97708877232209812,17.254765635601959,8.8033999415819046,-0.82885465750838272,,0.2471974553379548,0.125,0,2
-0.55457334136682135,-0.80406885153251362,-0.21429346943018024,0.82756694731473412,-0.55987331039730193,-0.040924613827602568,-0.087070986886625998,-0.20003789216033802,0.97591161738276189,-2.902806804268375,5.6489157262080605,-1.6269284726359452,0.2404471986669295,0.1079944759502313,0.2386363636363636,1,5
-0.24363861190707412,-0.92162043466209953,-0.30208608243551494,0.96629122881288232,-0.25738371309928942,0.0059063821847586762,-0.083195480089268664,-0.29046410904699604,0.95326235289570249,8.2967015785009934,4.2538428785630655,-1.078947972473622,,0.09519920202035911,0.3333333333333333,0,4
0.96839838681100732,-0.21447964073476636,-0.12729119424424001,0.24623953534786902,0.90329577487897239,0.35131586118116342,0.039631498249559589,-0.37155783775353551,0.92756353828210225,-9.5027602440483232,4.721328157544237,-1.9690089388973822,0.789409825510165,0.6237149358663284,0.5113636363636364,1,4
-0.81712609375340739,0.57604412727638687,0.021865734327556674,-0.57640423829230825,-0.81698321595120371,-0.017221467204988457,0.0079436129035453835,-0.026675612165691972,0.99961258031780709,-20.240103396809968,7.4659495783057901,-2.6806483356511976,0.4350885938710757,0.3958807529897422,0.8095238095238095,1,4
0.12126868395013346,-0.98326823768516169,-0.1359318912268874,0.98896535856600554,0.10794397524366148,0.10146732363183254,-0.085096567788682756,-0.14673674034852865,0.98550844906701529,-3.6465713215754607,-2.2974812023642524,-1.3311101992887711,,0.3277343189012393,0.2994428969359331,0,3
0.95577784042414204,-0.28023605661513112,-0.089199060123777166,0.29334313835317322,0.93003965929532084,0.22130529889488784,0.020940939216644267,-0.23768463288703723,0.97111662139728616,3.650927567201121,3.671202901163015,-1.2818468148900344,,0.08166235434542428,0.253968253968254,0,5
0.92535605801595078,-0.34833655745531683,-0.1495921409478444,0.37366493130947409,0.90465186480898141,0.20488904950513892,0.063958463104323321,-0.24549266025242367,0.96728623931053725,-15.467946097535167,5.7579626171506257,-2.3257257216095022,,0.2561423799503319,0.3181818181818182,0,3
0.99371734304520631,0.1074537771571709,-0.031297410529184291,-0.096234365505981231,0.96313368991660753,0.25122189841508807,0.057138332377104487,-0.24663167096355781,0.96742339740719863,-10.980020185128392,-3.4320346620270761,-1.5860650535627383,0.6037603479807212,0.6316606443525397,0.8,1,5
0.96450532807549094,-0.25548628818795949,-0.066754989790478461,0.26308256931732527,0.95147932159773718,0.15960783907221784,0.022738378028846262,-0.17150468541660066,0.98492086435650694,6.0545086737708553,-7.1784569954426125,-0.62449829286701997,,0.09776067917810924,0.5353535353535354,0,5
0.90000726851818347,0.4314106706445211,0.062223386829086652,-0.43005760602532139,0.85565562712682763,0.28793037919949377,0.070974446910187561,-0.2858990748852458,0.95562772399379114,-10.041784575165853,-6.4442677133444288,-1.2912083320420091,,0.2554183103672338,0.4578313253012048,0,5
0.97450458259833761,0.22416590070311995,0.0095114382086563896,-0.22040995938198896,0.94852752010499741,0.22740930809597965,0.041955551480919853,-0.22370782857428378,0.97375281213175924,17.801931706160183,-5.5023435958916398,-0.075634318578974513,,0.4346242159476266,0.1428571428571428,0,3
0.72432511676582134,0.68433269132051255,0.083915986630694397,-0.68643088884145642,0.70438888315985471,0.1806901660997085,0.06454269956011191,-0.18848095094952236,0.97995365760971398,-24.852942833216357,1.6618634425127239,-2.5427201213282165,,0.2747625965265337,0.3225806451612903,0,3
0.70897011025563816,-0.70242315497799812,-0.062953110446310051,0.70483682996905372,0.70272519904821451,0.096862468179497757,-0.02379970342851127,-0.11304426554852059,0.99330487170018067,-15.607147834650876,3.5716339337178633,-2.2804987425912482,0.2740595838663075,0.2803159673358603,0.4883720930232558,1,5
-0.3508535908459392,0.93540060099926903,0.043903000361212648,-0.93467544639228384,-0.35267990695795565,0.044706746017934902,0.057302423176465521,-0.025349534085147125,0.99803498607001306,1.8075917193797888,3.357319407240257,-1.3735596445443032,,0.07089159861789825,0.2358490566037736,0,9
0.73513760098768932,-0.67469664226203518,-0.066008700444716503,0.67767109121047131,0.72875073795881773,0.098408607662582318,-0.018292067998836578,-0.11707605581336566,0.99295447901880785,1.4212342639487336,-9.2027449472117233,-0.67544779920328535,0.3536240706011196,0.1367353906792804,0.5419354838709678,1,5
-0.74291574835744678,0.65480976589986162,0.13892574032432881,-0.66371570749257314,-0.7475386046339576,-0.025835909303682392,0.086934748346833957,-0.11140109992313167,0.98996572893499135,-0.48397924704114881,11.389298376599864,-1.8012031467084679,,0.2241964624835315,0.5294117647058824,0,2
0.098180643067367124,-0.99129334721297535,-0.087738595259858831,0.99259052725585528,0.091202944070585892,0.080287409939543933,-0.071586357141714144,-0.094971168067749162,0.99290274987383642,6.0643360846274934,-1.5146330821512834,-0.97035470547399993,,0.07186906913847024,0.2376237623762376,0,5
0.7422173049201819,-0.6642107716279525,-0.089092778216986121,0.66900681911064486,0.72657087724627489,0.15660343649177966,-0.039285471366370596,-0.17583745673484369,0.98363501388906638,13.134389828614358,5.0901279436666691,-0.82704512916027806,0.7220718703913093,0.3251138526710645,0.4333333333333333,1,5
-0.76953317332043147,-0.62759039481681012,-0.11810584868272839,0.6336123901509535,-0.77342852523000782,-0.018537945078435657,-0.07971219609685333,-0.089098892777718874,0.99282795745244878,17.254550671111595,-8.5356187074365586,0.023866842353171661,,0.1189277720002073,0.2941176470588235,0,2
-0.39745024874740331,0.91425408113358897,0.078567008987248194,-0.91696364142412157,-0.39895288250173383,0.0037786042093770379,0.034799139024413818,-0.070541283473813901,0.99690167381192873,15.114370508110577,-11.050896266102852,0.07715684434566128,,0.421001557367755,0.4444444444444444,0,5
0.70423755255412357,0.70995605016971586,0.0034462153144955458,-0.70502336392649179,0.69875643684341493,0.1211672327309171,0.083615344825884508,-0.087760177742017595,0.9926261256446649,-1.6181588191403138,6.1993766177002261,-1.5527673821629826,,0.08983656655036382,0.3,1,5
0.035535278933591881,-0.98981305449248003,-0.13786718647806803,0.99669485586215789,0.025017134263063696,0.077288468034861349,-0.073052092708037877,-0.14015798282484809,0.98743057052202177,8.4408217179746181,5.3719926055753486,-1.1284916305288366,0.1203530723777511,0.119405185809178,0.4235294117647059,1,5
0.66279905565811914,0.7485140374882796,-0.020594841628390832,-0.74384907509427178,0.66132673723931112,0.096620391707972458,0.085941638919097674,-0.048720450484370202,0.99510821140441719,-0.64377767430829325,5.3284282829884981,-1.5200657911208253,0.1204069619246607,0.1030240952047728,0.45,1,4
0.76706158868605556,-0.62454646805350711,-0.14682720594056392,0.64144433920757549,0.74196248540764442,0.19504058538229088,-0.012871630082477388,-0.24378962137383814,0.96974271930724965,-12.334785655677381,4.0979892775844737,-2.0884197645075191,0.4492085204048444,0.4202436703415696,0.4049586776859504,1,5
0.97475324886387449,0.22286476697885954,-0.013689392564271201,-0.215734827930776,0.95583016808427335,0.19961756886022564,0.057572457364599643,-0.19162459502748333,0.97977825385826622,4.0009543663218228,-5.8304471554767181,-0.86541825175849296,,0.1321482858644515,0.21875,0,5
0.68530685556556536,0.72796239754844883,-0.020621868740525986,-0.72318382619511523,0.68359811614479316,0.098482329039697239,0.085788502986302001,-0.052577213303901249,0.99492510743098928,4.2629336250848713,-0.41309448496762469,-1.1149726795802097,,0.06956545178699181,0.3627450980392157,0,5
0.94997944434774695,0.3113534647534707,0.024455578152105112,-0.31012915366997057,0.93119908402473539,0.19154157239471584,0.03686412023488693,-0.18954494426784826,0.98117977493515685,-2.6945774345794367,-16.118511835948691,-0.28088330378264009,,0.6084152361367261,0.4705882352941176,0,5
0.13610393014493766,-0.97481254706491383,-0.17668112033807401,0.98926318257552093,0.12414520026051391,0.077112416982144813,-0.053236038542074114,-0.18527943042089695,0.98124281238807287,-0.58594924854128516,-7.0082804465645063,-0.95900580391257295,,0.1614644804600905,0.2972972972972973,0,6
0.36401009658994504,-0.9275538413458706,-0.084501603446908963,0.92983359536005417,0.35665001164901627,0.090610452656145604,-0.053908575573595352,-0.11155554937015111,0.99229492837782363,-7.0025425403697357,18.225937873602962,-2.4498748629346219,,0.09288957653887919,0.3571428571428572,0,1
0.1225342322477236,-0.97478696516998597,-0.1864825312519873,0.9909299281548648,0.10972141307107693,0.077582788043995529,-0.055165563664793402,-0.19429766866427811,0.97939020647399333,12.45353150854087,-1.8994639449160284,-0.59529570464612502,,0.3539423365701138,0.2777777777777778,0,3
-0.78013526379882259,-0.59852208274575824,-0.18209966129353491,0.62025866605908597,-0.7779633877794998,-0.10026043313912943,-0.081658786153994314,-0.19116559245931847,0.97815518140197633,1.5272652465586944,7.2900847325401203,-1.5176259687473841,,0.2046990649436964,0.1666666666666667,0,3
0.89526019556909531,0.44063003771655773,0.065987514663695471,-0.44522646767615576,0.87916858453178082,0.16981163815533792,0.016809958661445773,-0.18140498844930186,0.98326479417068036,-7.0682426854131446,-14.85127168542259,-0.4749633394296377,,0.2757307611455785,0.16,0,2
0.26603858614685555,-0.90061770156940313,-0.34367313875371475,0.96221622146212837,0.22665677683001906,0.15088621100741453,-0.05799494664304073,-0.37082942323509727,0.92688841023447832,17.593568609925949,-22.076509248917557,0.99996306191374773,,0.4553463260332611,0.3461538461538461,0,3
0.67862825939513693,0.73051960850224118,0.076189153716639674,-0.73355952094522803,0.66892253949033775,0.12013769347046752,0.036798298614653863,-0.13741811290921047,0.98982935269850292,1.0198145762283992,1.8383916819451198,-1.3707207803108981,,0.1524229086555683,0.2560975609756098,0,5
-0.84781300508707658,0.52996360551754018,-0.018753272569570854,-0.53029354897985903,-0.84718894233066477,0.032552233456317428,0.0013639338567052774,0.037542946334800924,0.99929408427396182,-3.9116850788902946,-0.50922119173840108,-1.4044241730752689,,0.06710350946327459,0.1651090342679128,0,5
0.93373683213499648,-0.3528427782026714,-0.060311708520988348,0.35744931035619065,0.92807315031396997,0.10445198989098067,0.019118547025960626,-0.11908904876823191,0.99269949109642053,-9.2793288573452948,-4.9078680275895143,-1.4031242807791053,0.3223851525435014,0.3639001608422904,0.7019607843137254,1,5
0.70368567041055263,-0.70609699734956588,-0.079079122357152379,0.71017212604219626,0.69554052082233098,0.10899052842750571,-0.021955150911737688,-0.13285486151483969,0.99089230349231949,-7.6451613074744174,-2.4326677852392691,-1.5283339149578183,0.4632379645943903,0.433934282944384,0.7212765957446808,1,5
-0.60441669332691839,0.77729153861830025,0.17463769587391112,-0.79555944788138833,-0.60045702405085666,-0.080848791918302285,0.042019349285939242,-0.18780102837946305,0.98130787626779092,10.788237169685294,-0.041422194781102629,-0.76908484522568776,,0.2654377502616805,0.1333333333333333,0,5
0.99512274834290848,-0.086816677085802749,-0.046835673479018958,0.094353033160491748,0.9762222227416486,0.1951606439802033,0.028778826659003397,-0.19862788425881187,0.97965235810005413,4.0432307976839841,-14.355143709858995,-0.14830082943648545,,0.1328835789292453,0.2727272727272727,0,4
0.4365423642066818,-0.89261895732679064,-0.11252626926044844,0.89856654893296262,0.42634564929168867,0.10395934045940648,-0.044820992755038931,-0.14649499769917906,0.98819547370829997,7.4094148039589536,10.255474222216629,-1.4209113906891437,,0.07859184331650267,0.3571428571428572,0,3
0.48275244089214647,-0.84591246742760418,-0.22667637341199903,0.87486527962690586,0.45414969201234134,0.1684007118406288,-0.039507256498137445,-0.27960714349894011,0.95930131970531174,9.3001549566019825,3.7877723458267103,-1.0024833866153222,,0.2451817511776653,0.2413793103448276,0,4
0.020197768082761622,-0.96989598869485572,-0.24268049216635404,0.99658851178332841,0.00010336828816046365,0.082530766968982039,-0.080021174360080397,-0.24351952781784428,0.96658928776673725,-2.2385033478966414,-4.3523097765703804,-1.1660566391203042,,0.5988554205527811,0.2810457516339869,0,5
-0.9845208489108912,-0.16832373321089397,-0.048844845149972636,0.16542647703558647,-0.98449661206883277,0.058313819293400349,-0.057903184328425471,0.049330940219466102,0.99710264245046043,5.2595173749004482,0.10819078025313597,-1.0624539554362007,,0.0737157614867447,0.291970802919708,0,5
-0.97246953620638421,0.23294449614581142,-0.0063137046110488025,-0.23028247560804119,-0.96479904277767103,-0.12701491441214008,-0.035678881405860195,-0.12206419938157709,0.99188071291408975,-16.032208694178831,-5.7197705884496308,-1.5746986158860736,,0.09415961932046053,0.2692307692307692,0,4
0.99385269447073066,-0.10276327882467903,-0.041188957482201097,0.10857233634947605,0.97745918791335129,0.18106789815809182,0.021653394026931259,-0.18442679981221313,0.9826076969157842,-27.121140668214515,-13.979440506657589,-1.1100109251299857,0.1221344985934399,0.2228772269728374,0.5882352941176471,1,3
0.89718062917507546,0.4396901250078975,0.041707464602351994,-0.43633381324299109,0.86776608430818392,0.23789667157249889,0.068408494018269567,-0.23163466255071197,0.97039459038639098,-5.6037674057758888,-7.2523229993658633,-1.0745823686518379,0.454174365292374,0.2304404632672172,0.1833333333333333,1,4
0.21164698591817604,-0.97468852235921766,-0.072026645992696078,0.97538539747071484,0.20598213968461118,0.078706318246030818,-0.06187794237567653,-0.086911693759557498,0.99429245080871353,-4.2387265067911821,8.5727975238910705,-1.8472110190992339,0.7748517652592449,0.2688405065426733,0.9744897959183674,1,6
0.9731655037123782,0.23007973903378365,0.003495149550299882,-0.22399450674526694,0.94373077227342383,0.24330781001059473,0.052681717247803454,-0.2375616617856364,0.96994283002529047,-17.338887949375806,-11.290300496926459,-1.1599103296506346,0.538961297870682,0.3741152631230881,0.303030303030303,1,5
0.99447915885021954,0.096686954233571903,-0.040777879954647357,-0.091766917239939405,0.98980677906874004,0.10890993072188106,0.05089239150244923,-0.10456659595971361,0.99321487679985954,-5.4324323888240498,-11.082113447165343,-0.75853857736780106,,0.07095023106459725,0.3235294117647059,0,3
0.79376871526343362,0.59825052415045721,0.10967012821520455,-0.59755705951458538,0.7334557704923329,0.32398795248554979,0.11338777400283793,-0.32270566013815072,0.93968306871065843,-0.3709859139892705,-20.47464339171675,0.12933299447040211,,0.5204998029430767,0.5681818181818182,0,2
0.29162760269862686,-0.95438125728563339,-0.064107387141772595,0.954721116863404,0.28629908601519333,0.080872877789523442,-0.058829672439561116,-0.084789439724285529,0.9946606559786586,-4.4762447463708828,-9.672020978824257,-0.83188580908729692,0.1682752396644808,0.1471647994435436,0.7007299270072993,1,5
0.88704287736743881,-0.43044361050471353,-0.16695278340704922,0.4613098937384042,0.84095271058285348,0.28282807587368941,0.018657857614338146,-0.32789760099613052,0.94452900834766607,-27.060658996354441,-9.791885812189097,-1.48100910136969,,0.4572266878962134,0.2857142857142857,0,3
0.53621754867387883,0.84298125899749832,0.043050406190506152,-0.84091617337913238,0.52910084303528027,0.11363224563807341,0.0730118472822881,-0.097133387042493607,0.99258973160016106,14.610560599551462,-0.95329151244236676,-0.48546469233475065,,0.2110710996288629,0.3181818181818182,0,5
0.35965733833000113,0.91552443194746214,0.18017106730175869,-0.92999813359692318,0.33602954305559596,0.14895508618400929,0.075829219247051396,-0.22113154614645808,0.97229150402914599,12.702212249742045,11.123678478085523,-1.1614902674129965,,0.4636303117041316,0.1707317073170732,0,4
-0.89707532171309057,0.44083762135666271,-0.030299484648331449,-0.44160369349392575,-0.89682324097381405,0.026348668690222121,-0.015557797590840654,0.037017104773658334,0.99919351923853983,11.414994876286931,10.504737036082235,-1.1907594812968074,,0.1109766477054291,0.25,0,5
-0.99303815894391478,0.11548060419615344,-0.02322595392595252,-0.11468139163057488,-0.99284675125935529,-0.033219074752578889,-0.026895971723546457,-0.030324224115945406,0.99917818637959221,10.449639296315718,-19.050813994213602,0.44195756130812103,0.2539926001052142,0.2256093030559242,0.4761904761904762,1,4
0.66117054286508137,-0.74042060546638411,-0.12095801026921375,0.74999736505057013,0.64825038375892297,0.13143588693203748,-0.018906762406496809,-0.17761972569847878,0.98391756127132013,5.1142515507980431,3.7830895090708627,-1.2181339589260702,,0.08077990818522315,0.4615384615384616,0,5
0.29932469488705582,0.95412072026710892,-0.0076405620044205768,-0.95029756348857408,0.29882516619376404,0.087396000348688316,0.085669527011939764,-0.018898973682235906,0.99614434743931968,6.2911200742542288,-15.513323120459001,0.01653898510651872,0.2352810225248518,0.2585909655312143,0.7884615384615384,1,5
0.98443267835985926,0.17412800207491069,-0.023911099318844737,-0.16663799898133566,0.96791457750237564,0.18807750517777425,0.055893461806656386,-0.18116514441746015,0.98186308178659565,-5.0105482708829996,-13.205071387854137,-0.56835135365013068,,0.2205270916127141,0.3571428571428572,0,6
-0.68334614212309308,0.71892942939214111,0.12719483322594,-0.72942704277974868,-0.67972879727592717,-0.076843681688288937,0.031212806779827462,-0.14529018448508804,0.98889661895731718,-16.937850669167997,-2.5810952735623918,-1.8774285866256193,,0.4865901007001845,0.288,0,4
0.89854374203188392,-0.4216457286211453,-0.12179500478624793,0.43882867833366107,0.86754756966100055,0.23407393158406822,0.0069666869651788272,-0.26377280737565506,0.96455967744971283,-10.901076049640132,7.4186704059243693,-2.144966576057556,,0.08026048594177214,0.3846153846153846,0,1
-0.91180053090658875,0.41063071596456141,0.0014855789761946021,-0.41051897692868383,-0.91145508425934663,-0.026903512023784375,-0.0096933698933664159,-0.025140494907992562,0.99963693113844676,-11.635963078609421,9.1934517609144759,-2.2581218975984614,,0.07579430135597992,0.4210526315789473,0,1
0.82713180219779558,-0.55554808714639992,-0.084966491401033128,0.56198100232694093,0.8161036067410441,0.13473030872029157,-0.0055077052056868433,-0.15918927706423622,0.98723271787918998,14.152724241182939,-11.793317909712927,0.079547296257734032,,0.07340756838480529,0.1739130434782609,0,1
0.70059477567286943,-0.70863100522295297,-0.083720121455889571,0.71314512115198658,0.69135480295187257,0.11598522583715484,-0.024310419103750879,-0.14096323943526801,0.98971630715620496,13.213149334273933,3.9962320646799099,-0.72956398437649284,0.8725844308643405,0.7248492234114398,0.6,1,3
0.49143292525616566,0.86524508888488338,0.099220038977818434,-0.86617619141927726,0.47370754263460407,0.15918533057251857,0.090733044656096287,-0.16417094813540151,0.98225017912737489,-21.408640457754917,-7.278189969583531,-1.57458416361938,0.5857075645140978,0.5949902944902576,0.6197183098591549,1,5
0.62912039743937564,0.77063079107206689,0.10166469090771302,-0.77249731757913476,0.60532775811870887,0.19190153616898847,0.086344773198855099,-0.19926487172258106,0.97613425871578763,2.4273024237664127,2.3128221675366105,-1.3317599818503012,,0.1070397806178157,0.2317073170731707,0,5
-0.98393541476862578,-0.17127792562240782,-0.050348503042059851,0.16940882998082721,-0.98476062214082349,0.039334023508202913,-0.056318273132426086,0.030172657743421046,0.99795684417517694,-12.723669499985212,-1.4762734504827346,-1.8060619509199058,0.5694682171729437,0.5903259870430296,0.9820224719101124,1,5
0.48303930469450707,0.86256285474006122,0.1505269136829756,-0.87201471384218787,0.45836169369525998,0.1717407831458172,0.079141449083101029,-0.21421923203925344,0.97357421476821082,-7.9184938486561371,-6.7672260924688343,-1.1833514313036435,0.378282377069271,0.349153657827313,0.4086538461538461,1,4
-0.66152624235041146,0.74991669343631273,-0.0028255242507494844,-0.74917667875526128,-0.6606961275707387,0.047063053686153072,0.033426556672508184,0.033250261932455477,0.99888792433908336,23.518139929815739,-2.22695251979725,0.077311364238090277,0.5213079230855209,0.3565511792370171,0.8043478260869565,1,5
0.4265898626143157,-0.90070834687898305,-0.082131376326153374,0.9023785205434135,0.41772129592168311,0.10593358577613347,-0.061107239968591909,-0.11930378366187126,0.99097553573606556,-18.587656629242851,-13.921751472649097,-0.89995985780882903,,0.4838370269843446,0.9696969696969697,0,3
0.89181201383122266,0.45202726369859625,-0.018511749227404541,-0.44644756354834547,0.88594820725648471,0.12561985138013185,0.073184048726786008,-0.10376476729690157,0.99190572539923116,-5.4545154014082557,0.44950344624485944,-1.5650828064954976,0.1865406277260596,0.1568082595868091,0.7146529562982005,1,5
0.21896338151938854,-0.9550059515374919,-0.20004666975874549,0.97453799464593005,0.20390538525326618,0.093264628108445144,-0.048277681645706068,-0.21537461872905775,0.9753373975513443,-19.559874657431621,3.4100089604064663,-2.491629427382823,0.5343392620285082,0.4283047361416789,0.559322033898305,1,5
-0.8419128550498991,0.52978410505890439,0.10252583346972918,-0.53953484094174775,-0.82970065938922866,-0.14317461792874422,0.0092141148077341684,-0.17585681060457803,0.98437263383959184,7.6620666306040706,7.9938496929651635,-1.2894639407005373,,0.27077809221683,0.2,0,5
0.4301276499318803,-0.8959680499785081,-0.110595922988993,0.90148006451509732,0.4197369200139805,0.10561539309699532,-0.048206825719325157,-0.14512812062066652,0.98823779049335081,-17.670474761279994,3.8116082143835666,-2.4499156299821192,,0.1538813867002185,0.4375,0,5
-0.53825721143466543,-0.83958424484394656,-0.073331235830287028,0.84150716569066553,-0.54018700979453904,0.0079802594254038753,-0.046312681091037443,-0.05741332823529556,0.99727571178240648,20.9100080509889,-21.739254915295366,1.1548359966726895,,0.2086835007417184,0.6578947368421053,0,2
0.85511518243732987,-0.49652172572216385,-0.14914489817307539,0.51835191383193668,0.81358587864648624,0.26341851015787426,-0.0094508302249667886,-0.30256271077730329,0.95308262383444475,-2.8325812027143487,7.306481631386732,-1.6855274963447822,,0.3736967390222204,0.2452830188679245,0,4
0.022781947122954335,-0.99509912783759469,-0.096222183835873651,0.99698382163163979,0.015471168146502502,0.076051971446851316,-0.074190580871542927,-0.097664572558530144,0.99245019470848128,23.562995859155908,-13.901655712569992,0.7536266638048037,,0.1974048931756936,0.2352941176470588,0,1
0.34638264279270559,-0.93148842026499923,-0.11112329946576588,0.93541037917707304,0.33400764886221451,0.11595823829871228,-0.070897724221207492,-0.14411180872417373,0.98701838852500723,9.2603445235680173,0.60289228104058745,-0.88224863487050309,,0.115453718286151,0.2372881355932203,1,5
0.91824023898482987,-0.36608751366964609,-0.15104567469563226,0.39560354507532136,0.86549439839771258,0.30727395181827388,0.018240028314674347,-0.34190551132931091,0.93955730144026961,7.9216327953791845,-20.99726517843175,0.49176876811838099,,0.3721516058706053,0.4545454545454545,0,3
0.72705172375836702,0.68420462511705205,0.057094850454495742,-0.6814462391744438,0.70896021196544534,0.18167674855334967,0.08382609435607484,-0.17099546432097168,0.98169941279734974,-6.571968062338934,14.552435128146392,-2.239187206289539,,0.217805326380615,0.3846153846153846,0,1
-0.77130159868469939,0.63436118887743553,0.051766069122878539,-0.63632439607037683,-0.77030920276876091,-0.041412499265648876,0.013605397167974199,-0.064881539560676924,0.99780021998000124,5.5818908218938548,6.6303427382515796,-1.3482452509734026,0.8621855849507548,0.8707009703303283,0.6233766233766234,1,1
-0.77110130148960532,-0.63150778110169836,-0.08124472443824049,0.63170434704921941,-0.77475512342204822,0.026535196445580337,-0.079701949537985456,-0.03086132108798316,0.99634089452383134,1.1235997728772449,-1.2163818887939382,-1.2432314673081339,,0.09847074177130155,0.1928783382789317,0,5
0.5773980374898422,0.80993504926232451,0.10303747997362439,-0.80243682309007558,0.53965027512446517,0.25470124755720402,0.15068726307152155,-0.2297450685749865,0.96151471762708318,6.4768208848430424,1.4526694565171299,-1.0642561865383202,,0.2161796044603989,0.3555555555555556,0,5
0.71541762841693513,-0.67591932341485073,-0.17694825567011743,0.69685315318050522,0.6718811471054279,0.25094104300946951,-0.050727703010034618,-0.30283459577581862,0.9516921286574882,9.0768317602465078,-9.4993154154990016,-0.32535577896648488,,0.4493809511754926,0.2424242424242424,0,5
-0.24473666811844325,-0.96512115720301639,-0.092979111618649232,0.9658828685837747,-0.25105464714633052,0.063575532420967903,-0.084700929479321688,-0.074247667070028181,0.99363626970838625,3.1011388311661277,-1.0516571408283342,-1.1791244599262762,0.6054132599380321,0.6712835492505462,0.6899618805590851,1,5
-0.84574388346516505,0.52962976232534187,0.064881418298793153,-0.53339459258145117,-0.83587989632774096,-0.12959555362740025,-0.014404589064909077,-0.14421204448424707,0.98944196092522008,4.7255010377660547,-17.030748189385502,0.058492282712039621,,0.2352492863956041,0.1666666666666667,0,3
-0.88693224789910219,-0.45415201497171442,-0.084244494976094264,0.4606656307324522,-0.88304851149147545,-0.089512585788599733,-0.033739654688770125,-0.11820014234264342,0.99241642572644939,-9.9855388042034736,18.888064151485239,-2.6718394730855004,,0.2362192625000915,0.1111111111111111,0,2
-0.86247041542166802,0.50521539427959483,-0.030036442953325814,-0.50610719526297476,-0.86088661563449898,0.052246932201067631,0.000537982732074262,0.060263093218746594,0.99818238321976438,-8.4198097432845955,5.8252869583291647,-1.9421186124323282,,0.08229855856377839,0.3283582089552239,0,5
0.098852216132576692,-0.96618659195280521,-0.23814220309786058,0.99282346477253047,0.079573949537943681,0.08927236051545745,-0.067303842109848078,-0.24525793786452083,0.96711878109759442,0.68301271853143208,15.086584613857772,-2.0098988078783293,,0.3549161592012854,0.4,0,5
0.91982988954635148,0.39223119790527267,0.0082256724309873949,-0.38444472190441115,0.89699402602188472,0.21818334739592427,0.078199936681476984,-0.20385388068625393,0.97587312968037387,-19.213288721998651,-9.7434480442128244,-1.348019652614481,0.3565638097952377,0.2827475395142145,0.5531914893617021,1,5
-0.19920130837523425,0.97989499516193013,0.011164103107551282,-0.97766767363414619,-0.19950125927815621,0.066069414082664465,0.066968340821551689,0.002246331015480493,0.99775257219642266,-5.2927468324805425,-4.5004980044321812,-1.2774404013488703,,0.09213495048096658,0.208955223880597,0,5
0.94761208230625482,-0.30255760567782686,-0.10242185662106164,0.31936730709476924,0.89140791557927845,0.32155318564996666,-0.0059887082279913599,-0.3374178763626895,0.94133591883272638,13.986106841015259,-7.1925292838690851,-0.27691937822392643,,0.3857305390152611,0.5333333333333333,0,3
-0.84029838541424551,-0.53325267108369623,-0.097674010116900703,0.53618045817654936,-0.84409149413451745,-0.0044794865045635944,-0.080057102994042742,-0.056135000773690463,0.99520838116865773,-9.9160232680439915,-13.290912102858627,-0.70433809333446351,0.3188148774346177,0.3170253591587703,0.6989247311827957,1,5
0.76908339273740434,-0.63093204738033115,-0.10215422949631552,0.63902975694568265,0.75597565839048486,0.14192171665750641,-0.012316848357601927,-0.17442922779607567,0.98459267706854281,9.6879796144256822,-3.8941239366815088,-0.65945789474732186,,0.08064179929474266,0.1666666666666667,0,3
