axis_00,axis_01,axis_02,axis_10,axis_11,axis_12,axis_20,axis_21,axis_22,location_x,location_y,location_z,dbh,dbh_approximation,score,reconstructed,number_clusters
-0.69560867085421951,0.71811318299163562,0.021024591459703021,-0.71812785241383481,-0.69419133998176541,-0.048895511878026848,-0.020517422350754766,-0.049110486741045747,0.99858259321507203,-1.4323557881574698,3.9327235209489459,-2.1677241598280679,0.2352572460877444,0.2308753797439403,0.5739514348785872,1,5
0.914360239814204,-0.39405071108635914,-0.093109553426300479,0.40182689411264061,0.91138444637174187,0.088958069220622965,0.049804608368092966,-0.11875364417148279,0.99167387430611131,-0.42086196198981296,16.207148092764434,-2.1961013313380908,0.3340643804549134,0.328469692635907,0.9081632653061225,1,6
0.98166399884930877,-0.17828719206093824,-0.067449762862517262,0.18388750195420692,0.97893523356590351,0.088719756020353188,0.050211353180582861,-0.09949615887206692,0.9937702623753033,13.367160406859211,-3.5253513835449781,-1.4244056792325663,0.1464107615266227,0.1248029071448852,0.4102564102564102,1,5
0.62665681478604884,-0.77609219442058885,-0.070584291748511704,0.77919632003748229,0.62544563264193154,0.040876098751962561,0.01242301582746724,-0.080614306227677193,0.99666794987557483,2.1257371356566934,-6.3583626963238027,-2.0678576975539813,0.4638923417967719,0.3433585883254066,0.9381107491856677,1,5
-0.94049877267720616,0.33957640233194225,0.012244409825054228,-0.33888807172051261,-0.9347395976264854,-0.10684923712703515,-0.024838144822466206,-0.10464106081444072,0.99419983652855592,6.1144695622736434,-10.125292525365325,-1.9655195415098587,0.3167739708829507,0.2495283939437691,0.459016393442623,1,5
0.044112368167188672,-0.98819246426900742,-0.14673020321879202,0.99897378369792555,0.042121781406008287,0.016647372628566512,-0.010270270635786423,-0.14731398132264986,0.98903645658182759,-39.393820800950252,5.3994442539259486,-3.6182147076120512,0.4970167620556871,0.4615025492821532,0.8,1,5
0.11881536989375116,0.99057982194168759,0.068077340128601546,-0.99267960621242601,0.11701032158021535,0.029929651746006852,0.021681957636562808,-0.071135089833842563,0.99723101220698962,-32.084525754170116,-1.8105715311590931,-3.261124415670853,,0.2064666591625122,0.4545454545454545,0,1
0.56107621826490051,0.82731586321063277,-0.027238571504461091,-0.82654618817938097,0.56173166783189787,0.035762161021534934,0.044887371316368135,0.0024486393855205502,0.99898905302383911,-3.6673688941249005,15.759194207720276,-2.3725604577818329,0.3732413742795809,0.2447314939362714,0.8,1,5
-0.97146989794940697,-0.23058338487184632,-0.055475580206159572,0.23212123471526067,-0.9724148332475463,-0.023002705806249024,-0.048641235309467394,-0.035223496436156222,0.99819503882076088,-3.592676057725297,18.299490210839135,-2.4108419745436644,0.1808765492009911,0.2059381871119118,0.6857142857142857,1,5
-0.7728532044966322,-0.62056694853314476,-0.13264458785622846,0.63066116012865647,-0.77431630068260693,-0.051968909959517022,-0.070458678702232602,-0.12381812825860616,0.9898003059759436,32.093372031156278,0.80292996793549964,-0.21358424350164917,,0.5217781527612905,0.6774193548387096,0,5
0.75613954004641692,-0.65243041927710399,-0.050867907174338367,0.65400945001805744,0.75611049574692846,0.023844443973671879,0.022904917932025544,-0.051297818893573398,0.99842070216481948,-2.689301910445614,3.9770362111179005,-2.2362247863930889,0.2556759395452132,0.2276111538974092,0.9177101967799642,1,5
-0.85019972459941917,0.52645449259295862,0.0024689106430624513,-0.52577054548116942,-0.84883652974841672,-0.055153234439150996,-0.026939966509007617,-0.048189345226480593,0.9984748495636423,14.985373083234473,-3.1352033033583027,-1.3212338469565876,,0.5749619358944347,0.9651162790697675,1,5
-0.99903703704492952,-0.017475520053272249,-0.040244314025152696,0.021683688335638905,-0.9940628589973004,-0.10662480960018496,-0.038142053859884076,-0.1073947790210516,0.99348454701941336,-10.705478215877303,-28.310513644099302,-3.5349488845535078,0.315176228635193,0.3202452954617175,0.4090909090909091,1,5
0.47723711407337882,-0.85751106222926732,-0.19214451619899758,0.87876525522188131,0.46467810150705396,0.10883881749919422,-0.0040451410031698718,-0.22079184797957163,0.9753125635918114,-20.2783803065524,-3.3785003824514774,-3.0212427416719203,,0.5080578056227577,0.2,0,4
0.28684296250899771,0.9573351638246862,0.035078468664155905,-0.95750649713132652,0.28536137886563939,0.04183528896992899,0.030040353033181425,-0.045588019880901387,0.99850854259389277,11.101101453474614,13.707952398259966,-1.4514527031262157,0.466063819341254,0.4927544254957582,0.9897959183673469,1,5
-0.48922143280895958,0.87215479052896006,0.0029001789139646117,-0.87213178844012873,-0.4891765592168536,-0.0096144425205855512,-0.0069665825603475338,-0.0072329295686126022,0.99994957445727461,17.254688444238958,-8.1609329989354755,-1.3015351885327293,,0.09924685502108567,0.4736842105263158,0,5
-0.88496291934407878,-0.45898814145663946,-0.078552640873390742,0.4632491927568762,-0.88491022591839996,-0.048312291139501466,-0.047337266462127305,-0.07914403368053341,0.99573862290094339,-16.91792894906715,-15.723968494552318,-3.0611273000269645,,0.1050587658867234,0.2272727272727273,0,1
-0.99522719784880231,0.09450289930814279,-0.02433159847554477,-0.088750265182301127,-0.9802078090662758,-0.17696339021267168,-0.040573576279289744,-0.17395934314616757,0.98391662850063788,7.77468579499853,-13.869896047587394,-1.9797058279770507,0.2147964760122549,0.1769395336578231,0.6086956521739131,1,5
0.99343559461232867,0.10512349705119224,-0.045108421885247635,-0.10373730395286973,0.99408822738410052,0.032049460914770719,0.048210902561966161,-0.027159649188925605,0.99846785743462763,-3.9462272965150968,-3.43825966828962,-2.3342773860831576,0.3020595612916316,0.2317196971595356,0.9046728971962616,1,5
-0.95966113547545517,-0.26540576605229815,-0.092791618178325833,0.27885185822051212,-0.94065160342205711,-0.19343268117482096,-0.03594643549681617,-0.21150494161060496,0.97671567687294114,16.89777665873876,-14.739987914888436,-1.5474264136939786,,0.4436785012618563,0.5172413793103449,0,5
0.86835001133766809,-0.48733770331672865,-0.092033802137304832,0.49403611656667301,0.86626664295104094,0.07423219542796472,0.043549665183480461,-0.10992754994227276,0.99298507563109784,5.7757815200711091,12.189918598413797,-1.7752893425141543,0.4206693288047297,0.3131842303159134,0.5774647887323944,1,5
-0.70390949142462378,0.70959474201104156,-0.031412258635941395,-0.7099481071293241,-0.70425397870784678,0.00013659303784696795,-0.022025282423110106,0.022397222695046338,0.9995065039056682,-14.694468646550831,3.1797185041870502,-2.777478680941865,,0.2382447791084243,0.7792792792792793,1,5
-0.94410306661793109,-0.31643494613487871,-0.092403054425895872,0.3296293267579985,-0.90936753510245449,-0.25376207959968244,-0.0037291478500145344,-0.27003631416219459,0.96284291683015977,-7.7224019413649145,21.518825446779008,-2.6983370751973705,,0.3179815305018291,0.3636363636363636,0,2
0.97176493243663209,-0.2273071943119174,-0.063279977089701303,0.23103471643371093,0.97112110068900415,0.059554744554676853,0.047915299110239125,-0.072493083881307249,0.99621728398003384,-12.116000751874724,16.103886981948172,-2.8156795384852011,0.713500918348819,0.6137372132324208,0.9767441860465116,1,5
-0.4798578894518476,-0.86777482365279657,-0.12924109781789811,0.87675529916274308,-0.47970892861564812,-0.034343692237086609,-0.032195517092710346,-0.12979290905432478,0.99101828915431656,6.6165223427722024,17.52956605355142,-1.7986454954537321,,0.4623868924101205,0.918918918918919,0,5
0.70145373903551855,0.71206488999071593,-0.030434264170514772,-0.71134381931413238,0.70211316897214493,0.032047912248318364,0.044188490771626454,-0.00083090216179588551,0.99902286604708102,2.6889517945585992,4.8520631740340932,-1.9433704439310531,,0.09252794456069244,0.3023255813953488,0,5
-0.93843125324659205,-0.34121485121076744,-0.054029697789676312,0.34153379510129922,-0.9398629699431742,0.003502075570173385,-0.05197547242434291,-0.015166510568002351,0.99853318784277612,-2.7143618036359674,-15.256181479790927,-2.4676965155026678,0.3808417990792951,0.2850153993916734,0.7032967032967034,1,5
0.10543449106094077,-0.96202672955714363,-0.25177001352882777,0.99436942438077303,0.099286859601207228,0.037034677900317094,-0.010630896075613525,-0.25425713584502574,0.96707822481974715,-14.50566764563192,-2.7873038542151884,-2.7847760493642646,,0.09998095927451185,0.3137254901960784,1,5
0.64952611720599229,-0.74567393577010721,-0.14861428121289522,0.76033755590993524,0.63741310593620559,0.12486526119648308,0.0016199198170442504,-0.19410026762958824,0.98098035758414082,11.947372336909776,-33.450830601076945,-2.8362697451421108,,0.2824570346995656,0.1,0,4
-0.29969672874337605,0.94142155194624766,0.15461996090944408,-0.95402875556768674,-0.29629628369891614,-0.045140290386556529,0.003317277572123634,-0.16104028625573841,0.98694225863126339,-9.4550963322954154,0.28864303497016486,-2.5685665841254228,,0.1702396651905056,0.3170731707317073,0,2
0.40793971421403546,-0.89609411832436403,-0.17493004507931773,0.91298382607733253,0.39895209163789941,0.085426938953359538,-0.0067618701678541565,-0.19455734291520907,0.98086783892102791,14.489988998862419,-11.261911764307795,-1.5383892435336228,,0.4399567992340214,0.2058823529411765,0,5
0.9945160515107917,0.10190567743971508,-0.023517146785629391,-0.094399495902024164,0.97147012928586607,0.21756498587490175,0.045017312901013976,-0.21415186389769111,0.97576248171792157,30.990020684489462,-4.3691095391214034,-0.44150087040289143,,0.3610178126246593,0.2941176470588235,0,2
0.99809744916334819,-0.049939545688291322,-0.036159697870185643,0.052924620265342087,0.99480670224670897,0.086940265325082811,0.031630152440122586,-0.088688595329238992,0.99555706341481998,-0.34556218385649135,20.07230489991441,-2.2854348384741727,0.2266226938036804,0.1231496069624836,0.3478260869565217,1,4
-0.84671345055861469,0.52661113668755388,0.075875182765951441,-0.53035175637679566,-0.82400307835796827,-0.19936384166804227,-0.042465835105087814,-0.20904458274070215,0.97698363101722097,-1.7436482008675136,-5.3640908056849641,-2.2358409065718696,,0.2636775825904207,0.1486988847583643,0,5
-0.14647280340273872,-0.98284720625187116,-0.11205840899385461,0.98899097163079941,-0.1479061697633775,0.0045412529872402435,-0.021037487875451066,-0.11015958473423165,0.99369124480145832,-4.1513941991350158,5.9149395632219521,-2.3076189120721864,0.2184440152102391,0.1004765769858465,0.4504504504504505,1,3
-0.07079862080655451,0.99748835601064478,-0.0021295340031977556,-0.99741175063217002,-0.070766013230044444,0.012726785626985442,0.01254412184091749,0.0030250611078514425,0.99991674354044824,-14.778632531538321,-12.265842152378166,-2.9039777880385045,0.589798159728418,0.51723216235351,0.9545454545454546,1,3
0.26710874810907614,0.94967411821578929,0.16362147131310198,-0.96238813088096309,0.25413880174823045,0.096034134480500785,0.049618567321591922,-0.18311891938583469,0.9818377967566313,5.0943537427664625,-5.5608347441174386,-1.901510515913587,,0.4175070723599728,0.1204819277108434,0,2
0.80848674248203845,0.58838842013190307,-0.01217597164354574,-0.58668806773388515,0.80743394341234564,0.062028527342413063,0.046328160005136024,-0.043005744735691187,0.99800010396305405,-1.0213168984547463,22.0958875009885,-2.3691239391515313,0.2503432989698255,0.2181296126419265,0.4285714285714285,1,5
-0.82646475488336735,-0.5542365410894956,-0.098883089842131844,0.56090660833612693,-0.82569908478657905,-0.0600399709149547,-0.048371330976498893,-0.10508509839057928,0.99328613019401646,6.9592860588943992,7.2947216398483681,-1.685085314882798,,0.1499362545047622,0.4901960784313725,1,3
-0.82730422025929862,-0.52456896219482296,-0.2009854000742341,0.55979941627099827,-0.79967405041920703,-0.21713135800429403,-0.046822437824222504,-0.29214519846813458,0.9552271155742027,-13.634485625964107,-0.96762767957407747,-2.7440908535767292,,0.7502267124263002,0.3854748603351955,0,2
0.47430699854543884,0.87955581137671612,-0.037609118631837767,-0.87956019553862241,0.47526377325111868,0.022320579274972805,0.037506446844213163,0.02249267677614657,0.99904321524975404,5.4380222690548328,-3.5696682644912228,-1.8622202178728315,0.3274764616535134,0.2388023564169285,0.7230769230769231,1,5
-0.89697015192416185,-0.4374796548341785,-0.063687503980869878,0.43956589407610708,-0.89791933872727492,-0.022862325005249737,-0.047184439407689918,-0.048501677762125141,0.99770798129113947,15.296403287403107,-6.7676329776907043,-1.3737558071225056,,0.1377307521197179,0.3,1,5
-0.41054187789562563,-0.89600538263265039,-0.16920319378560966,0.91131498603939165,-0.40948525241440598,-0.042741364918938415,-0.030989719488188842,-0.17174452640019647,0.98465397726186832,-4.6655094561039272,2.6796227091240836,-2.3456842078884286,,0.1659327339241983,0.4285714285714285,0,5
-0.99246915288286142,0.11820626717743717,-0.032128787340219671,-0.11739826533125496,-0.99274515913997319,-0.025974916772984299,-0.034966096053019757,-0.022007439744947975,0.99914615783812399,-14.973396554317404,8.1662644201538566,-2.8168221747893969,,0.2002161443521522,0.7747747747747747,1,2
-0.66974190339325035,-0.73989646232133155,-0.063237709347859411,0.74141524741967979,-0.6710460097141987,-0.0008268858848920524,-0.041823602580372252,-0.047439202048833597,0.99799815048734897,-16.865171988228685,-11.560435027538208,-2.9819135773440628,,0.1319903338195521,0.2272727272727273,0,2
-0.27924715753360518,-0.95526952968316114,-0.097371200405013056,0.95990755913910941,-0.28030110241550793,-0.002961400386195019,-0.024464319262922453,-0.094294313951385073,0.99524372866119526,-3.2719771938292435,9.226755605809668,-2.2716224938119205,0.4277145188101599,0.386486834814794,0.8663793103448276,1,3
-0.23809704980856755,-0.89981085487016954,-0.36558202955051011,0.97087499243286313,-0.23084072993699359,-0.064142859857065151,-0.026674780991484084,-0.37020667587169398,0.92856635368673901,-2.1788856457481902,18.858296764261283,-2.3438117642940819,,0.3349187765971582,0.2941176470588235,0,1
-0.97600774731039242,0.21703844533338834,0.017412364496484426,-0.21397994974876594,-0.94131064761065075,-0.26104950833191165,-0.040267335342785003,-0.25851223944347945,0.96516836031974673,-20.865063745705307,-2.6555305625876282,-3.0391460706731528,,0.2633111239379881,0.5,0,1
-0.43423422847411158,0.89176613191384868,0.12725486549796225,-0.90074219195852878,-0.43145221227404834,-0.050124765830609923,0.010204824703881826,-0.13638971550392276,0.99060269889472907,31.491882386378855,7.3320056843099994,-0.1643867252522965,,0.4494603464529591,0.7894736842105263,0,4
-0.86513418208886483,0.49799931927025115,0.059493907148519862,-0.50059426069817725,-0.85012207319747735,-0.1633947576223545,-0.030793394380542297,-0.17114069845828334,0.98476526552967703,4.7222205965862498,11.999639130096849,-1.8306923858610404,,0.1792548095965662,0.225,0,2
-0.0091034746765430424,-0.96000547574543516,-0.27983318832403198,0.99981613142438719,-0.013461613791735987,0.013656071825156595,-0.01687691003665151,-0.2796574180902443,0.9599515083662884,-2.7346918970040521,31.844995782989017,-2.8920009405026281,,0.3320377436972745,0.2608695652173913,0,1
-0.89537090254035667,0.44389917442185878,0.035559384579310162,-0.44502668772252979,-0.88901811932683228,-0.10769415361706972,-0.016192408677560173,-0.11225108665921761,0.99354793515212159,-22.486504575489775,3.5750656839714714,-3.0414478861818894,,0.212339648738489,0.2352941176470588,0,5
-0.91888793196087648,0.39445154478762812,0.007276490315840144,-0.39334749262313878,-0.9145841850872044,-0.093880341048930546,-0.030376282586132435,-0.089127701659065917,0.9955568965424425,10.722927273924448,-12.018320952661538,-1.7870733423553322,0.9605973103712351,0.8405082159652277,0.8431372549019608,1,5
0.83692670339730835,-0.51670791459577081,-0.18046225127323298,0.54486680904743823,0.81774123513539654,0.18552474971738622,0.05170931771911489,-0.25359850818434621,0.96592646878926447,4.9016899314341797,24.255356455611281,-2.0934322919462724,,0.3332679139699847,0.3636363636363636,0,2
-0.99882210363001867,0.0030409482330150642,-0.048426830723775335,-0.0021595976634994113,-0.99983127645374392,-0.018241566895695251,-0.04847413163778054,-0.018115497749784288,0.99866014604731357,8.6637380522013157,6.6599599210674247,-1.5689500716538081,0.6394003407870388,0.4016112113246681,0.6827586206896552,1,4
0.33599106436899651,-0.92061753452135653,-0.19893054012897776,0.94109092314108256,0.31957925092382078,0.11053043363903776,-0.038182182306057591,-0.22434896369448096,0.9737605780907127,-18.341959302827512,-1.8685934157664394,-2.9492249257688599,,0.3786324988199546,0.1730769230769231,0,2
-0.85349203687822073,-0.51559636359447281,-0.07557600699707831,0.51900402275380875,-0.85407503639330629,-0.034505891890183146,-0.046756468545327959,-0.068674755608805704,0.99654282928093019,-3.2062440494667461,2.394269967638468,-2.2622326046922159,0.2099494329502308,0.2137782438193862,0.7338003502626971,1,5
-0.78365244056802086,-0.60154807722709669,-0.15501213880263623,0.61792689401319456,-0.78044452577454471,-0.095250699964633728,-0.063680499738860821,-0.17042961295775269,0.98330999231172267,11.921987721968778,-7.1412713896108935,-1.5674722964345316,0.6689160479039706,0.2843410064675047,0.1875,1,5
0.99228281659623285,-0.10666851844497743,-0.063218977060680248,0.1175486075918714,0.97149995700509173,0.20584012823625081,0.039460571980871738,-0.2116829249416623,0.97654144947722743,-15.37530696602961,-3.5617004558986558,-2.8194242892088037,,0.554657158032136,0.1304347826086956,0,2
-0.48958200096475285,0.87187760574211359,0.011785793853028376,-0.87191048832150497,-0.48937102044708375,-0.016973647266646776,-0.0090313169749197068,-0.01858614946612543,0.99978647238383822,15.103556792667602,-4.2158102909056598,-1.3340198662497333,,0.1437008981965901,0.5227272727272727,0,5
0.99460001568002576,0.076238699475703858,-0.070416400870431231,-0.06555549523170677,0.9875164476534195,0.14322619403899822,0.08045673280849544,-0.13783659280548252,0.98718174002032566,12.251506020749241,17.187988197192279,-1.4380909742582184,,0.2401107088614233,0.3809523809523809,0,3
-0.092700960013508998,-0.93073088910925617,-0.35376057449985332,0.99553093439012141,-0.093068310951602937,-0.01601399915532456,-0.018019175477939946,-0.35366410837757944,0.9351989134727362,33.275069717519415,-1.7127693144273612,-0.18134337170607492,,0.5682622140086313,0.3870967741935484,0,2
-0.9415357105766532,-0.32458446789085499,-0.09030741338852899,0.33234903939663535,-0.93876463502401442,-0.090912463613975772,-0.055268632342856165,-0.11561091311913133,0.99175576380816177,8.4098580446875761,9.3284341699159352,-1.6048090997905538,,0.4336329483965926,0.625,0,2
-0.064025577216650337,0.98537304278582638,0.15792622332302994,-0.99793498743148357,-0.062401835194032911,-0.015224054142734698,-0.0051464863935429149,-0.15857483254103577,0.98733354858547295,12.019454906871168,19.480866903902204,-1.4777803538615606,,0.4893022639258409,0.9166666666666666,0,4
0.96011390958514664,-0.24429707868728556,-0.13601550634388404,0.27694352049115767,0.89787302631104216,0.34223722047874156,0.038517101125198898,-0.36625532892766099,0.92971687461990415,-17.21153054639236,-13.034647644223989,-3.0185805272020674,,0.2840937590714803,0.2857142857142857,0,1
0.81387068685514696,-0.56494724193508083,-0.13582753368841169,0.57859355450659866,0.80943624916122492,0.10021206128619213,0.053329201769304314,-0.16014859466680617,0.98565126889021781,-1.0975570385137459,27.906351949505517,-2.5666022583451928,,0.2162624368736259,0.5416666666666666,0,3
0.74801236870268661,-0.65149517411342428,-0.1266156956096455,0.66329863591106175,0.7403536404358515,0.10913939111020265,0.022636604566944132,-0.16562163264591975,0.98592954055215265,-14.214379431850634,30.340868678725524,-3.5280679531801762,,0.2611336619210539,0.6470588235294118,0,1
0.72771381697482285,0.68192792445497019,0.07353166958850671,-0.68483608444453736,0.71650240452883474,0.13275481816896695,0.037843599546175631,-0.14696465613519968,0.98841754932844761,27.184055177464451,17.869328031087395,-0.3468261860509711,,0.3511586802666164,0.4705882352941176,0,3
-0.9415383833885137,-0.31491204877365758,-0.11973251080354788,0.33350636114056481,-0.92155115883445871,-0.1987887540321279,-0.047738660275748794,-0.22709879609554118,0.97270095976463045,-10.29380899843334,-12.185338013616256,-2.7436291761776999,,0.4718396103277268,0.475,0,1
0.68263703604003878,0.71617924367574459,0.14523762582233432,-0.72951222274951488,0.6562800394142666,0.19263547628998731,0.042644974915363905,-0.2374527338112718,0.97046257285895421,6.9358036478077292,-12.375873646038597,-1.975274292688767,,0.2177925480581538,0.2631578947368421,0,1
-0.42940724693924798,0.88391569854777363,0.18520921720275174,-0.90294954828977592,-0.41632801605657838,-0.10655090937989209,-0.017074235542014274,-0.21298831166802051,0.97690554792848872,14.453802150691452,22.934464964336765,-1.3746993510605345,,0.4334146246235256,0.4166666666666667,0,4
0.15413669559769938,0.98676280771631197,0.050408733152538257,-0.98761445222739475,0.15235430680088,0.037494785648240637,0.029318472364813688,-0.055563715741884824,0.99802459923147679,0.7956273554279677,28.102477357240446,-2.4560428752433214,0.3701089381523389,0.1668250717637355,0.3125,1,4
0.88081028192278521,0.47218245624236022,0.034885172724726826,-0.47092813597603767,0.86607794644570812,0.16773694115047791,0.048989162120177662,-0.16417283178807593,0.98521436413475338,-0.23285395045714927,28.746950909697816,-2.5535418596227637,0.6090957876348626,0.3713117784433201,0.4090909090909091,1,4
0.85172712540958029,0.51860524570389721,0.074896615210119533,-0.52189035863976319,0.82684101236189478,0.20967687959146955,0.046811936516146034,-0.2176753072922068,0.97489799630261376,2.6304913379097976,27.987679828209561,-2.3320751690301051,,0.2771509654961012,0.1428571428571428,0,1
-0.99222372256707547,-0.083326904418503475,-0.092459241696900854,0.095804456413621744,-0.98551272167710136,-0.13995063966943203,-0.079458105353870476,-0.14772035205963446,0.98583219012210788,-21.250514834146109,6.3678733365689553,-3.0280052279185168,,0.2840862221005317,0.3928571428571428,0,4
-0.63383703776205214,-0.75840091754460881,-0.15191661472176732,0.77271759137968143,-0.62953095482046684,-0.081229926106176936,-0.034031361027881818,-0.16887517635912877,0.98504976588813165,30.176238746348751,4.2777534000626263,-0.27854614972380976,,0.1182793982652686,0.5,0,4
0.99100965155076937,0.12988639194813026,-0.03208419735507384,-0.1254890908604645,0.98555391309752716,0.11373641656552272,0.046393519032691642,-0.1086876697921559,0.9929927652439946,18.446669424556603,-11.912503706692519,-1.3473745663525076,,0.09527518848335469,0.2222222222222222,0,3
-0.51939526138356751,-0.81653893877854922,-0.25197762581367361,0.85383046497691284,-0.50785661479582256,-0.11425933609747807,-0.034671307007444349,-0.27449193115013004,0.9609641409562939,-13.509633735118275,15.568336342264635,-2.8792859060719618,,0.246734823461733,0.2608695652173913,0,2
-0.80854530409202907,0.58840920601690205,-0.0053942103490240891,-0.58779500151100794,-0.80806051344880359,-0.03918217456360245,-0.027414000609268189,-0.028509873367259572,0.99921752371101857,-2.2372462391796786,0.31724357241013151,-2.2158548153749273,,0.2929433190444812,0.2966002344665885,0,2
0.42455200818549671,-0.853903437506213,-0.30100583343306481,0.90533041668111169,0.40459632828461783,0.12914583915329786,0.011507779006643721,-0.32733886196673589,0.9448369385606471,-4.4792330801553319,13.696490497552174,-2.3867515213707282,,0.5634580069914144,0.3809523809523809,0,2
0.33787729182698162,0.92151663985251298,0.19143149725841188,-0.94069082712638874,0.32401467725934074,0.10057463239204462,0.030654582494861995,-0.2140597379131769,0.97633945181817083,-6.9601261310984626,0.030907235624661022,-2.4556771906396309,,0.2058490899547483,0.4110429447852761,0,1
0.7220926246223186,0.68254347594574738,0.11276810236032381,-0.68928194581321545,0.69595960232700727,0.20132220718237159,0.058929115401463575,-0.2231022979996648,0.97301219107741399,2.6289885062512814,-4.6460805808062995,-2.0157140850296358,,0.2915389595155055,0.2345679012345679,0,3
-0.90977326358071009,-0.38971422222086355,-0.14295255811803559,0.41236594613690764,-0.88798669520414997,-0.20355332374349691,-0.047612344411045074,-0.24413613853585719,0.96857142768124471,-4.5559173582517047,17.610899556115054,-2.4509643263551353,,0.3191133013522736,0.3571428571428572,0,1
0.094802464646522533,0.98383946388584209,0.15189602364039623,-0.99549002937398012,0.093158781820171413,0.017917666889820147,0.0034776592612984843,-0.15290961601743916,0.98823405892301763,7.4965684817836689,22.438838096726993,-1.8478416932131672,,0.3771292987835367,0.1,0,2
-0.063033613190481425,-0.97460135124268255,-0.21489292627746295,0.99754609120651838,-0.068100751150574582,0.016250649566260069,-0.030472274722288605,-0.21334126147715982,0.9765024048227352,-8.9804384859955988,7.1373926618438563,-2.5465638981322005,,0.3271638400281219,0.1971830985915493,0,3
0.8883861753114537,-0.42640112404756741,-0.17015312200032567,0.45795807791518911,0.84915999043374057,0.26306217804693155,0.032317215036454697,-0.31162379892675202,0.94965583531864162,-21.861202463682176,-7.5619476791804647,-3.0947110260241373,,0.7276443420194489,0.36,0,1
0.72044724573495378,-0.68925728232047134,-0.076682233151615653,0.69343049445351945,0.71761933285934099,0.064626948469377582,0.010484058129758504,-0.099734105875142712,0.99495888992984005,7.99614116957141,15.283417321888296,-1.7019825014013004,,0.1625171227724069,0.5,0,3
0.38408343219948871,0.90594934649389525,0.17814516186847129,-0.92306716977238246,0.3724542235604667,0.096046090187853275,0.020661974694204287,-0.20132966234326513,0.97930559574755949,25.475706297397263,13.630438573967616,-0.45733282770748368,,0.4827906940065849,0.1428571428571428,0,2
0.46913334611522461,0.87014891827018714,0.15084682163027194,-0.88308474713291618,0.46053905559103681,0.089805944438600405,0.0086736926349656393,-0.17534149055069143,0.98446946562477766,4.9514518926493487,15.739404643605155,-1.8688291409334024,,0.5173462073126526,0.2142857142857143,0,3
0.44461525412416919,-0.85854143234885283,-0.25538967234498661,0.89552818929670874,0.42014221680644726,0.14666212814466195,-0.018615530480154161,-0.29391687021561602,0.95564969284126189,-7.8066091484333304,-11.387066012236055,-2.5984193916689713,,0.4517717866922546,0.3636363636363636,0,2
-0.90244822774208933,0.4251317884949381,0.069643080462144749,-0.42950029934698392,-0.87535448120349302,-0.22200005652660176,-0.03341689850977772,-0.23025528147701282,0.9725563306286833,26.123136491702375,2.2947071367816299,-0.57330224345503999,,0.6631284669846522,0.4390243902439024,0,1
0.46028338820519715,0.87645121448628283,0.14132399360286951,-0.8875905539588147,0.45753969743936401,0.053295720186336396,-0.017950238589743903,-0.14996897643384599,0.9885277411595268,5.6146735695973344,-49.345972379382502,-4.0000703176828001,,0.4404723289318223,0.7826086956521739,0,2
0.99124612111308252,0.12988077466515102,-0.02370889602340695,-0.12356319960663439,0.97588177367632556,0.17996360606889547,0.046510892070992155,-0.17545867940552234,0.98338750690662702,-32.528613977074968,-3.1005011822163966,-3.2995886917268789,,0.5363444239036628,0.3703703703703703,0,1
-0.81772047876633214,0.56867654547594426,0.08910782923911631,-0.57497159516008711,-0.79963899706274644,-0.17316217582240848,-0.02721917275057982,-0.19283272803658705,0.98085404400080989,7.6914415266743346,-15.175073974097982,-2.0386767369597334,,0.6536385514905545,0.5588235294117647,0,1
-0.99127031110575403,0.13179212547485827,-0.0037424568294764466,-0.12483457710235406,-0.94731559993828507,-0.29497369793465195,-0.042420498346645262,-0.2919314813040656,0.95549804371523228,-6.4575242325456443,-10.523721059451745,-2.5235520399221572,,0.5700678663870948,0.3333333333333333,0,1
-0.12554667556607901,-0.98287955801952676,-0.13485476143482961,0.99184441397134238,-0.12736113539343055,0.0048784900471615187,-0.021970223670906883,-0.13314246361937043,0.99085336637325638,31.093425034133968,1.3543036620194089,-0.26034914144064936,,0.09308149772662903,0.2142857142857143,0,1
0.90280290502243354,0.42720746862185566,0.049403374750726835,-0.42741800094011267,0.87862691720933461,0.2129051263534506,0.047547525229105381,-0.21332725824171445,0.9758230955125321,-5.8061260901194656,26.674329303381434,-2.8844529444266844,,0.1897061200079828,0.2608695652173913,0,1
-0.23782598002696811,0.95717610828781674,0.16508392092266541,-0.9712931679634782,-0.23529455422794815,-0.035015062732223282,0.0053277661062171499,-0.16867237614280492,0.98565777247209752,-10.56313189550403,-9.541152468306862,-2.6919972986253948,,0.2758163454104886,0.125,0,1
-0.85442126408478736,0.5098501679366898,0.10008551211181048,-0.51872605566574725,-0.82599514693444043,-0.22057945601122642,-0.0297923254079039,-0.2403847405632927,0.97022038416594236,32.554015246875778,-11.54890937465804,-0.4286139787223962,,0.3996251390696658,0.2,0,1
0.99849957211941964,0.034641297086893834,-0.042409727816533682,-0.030754220812776609,0.99554721605377505,0.089106220376449594,0.045307641513699273,-0.087668244785184229,0.99511883535422563,-4.5526700262407056,18.779470714197284,-2.4756755980096794,,0.9553431657472242,0.4722222222222222,0,1
-0.99215208241338249,-0.10099621512355841,-0.073715737081742949,0.11609751602924731,-0.96300816462669803,-0.24318026571693116,-0.046428570241042202,-0.2498300210003484,0.96717596561966868,15.195570280592566,14.682077293100019,-1.2576078002372233,,0.3297177720737638,0.1111111111111111,0,1
-0.98417950739422921,0.17698851949193123,-0.0081093275495068336,-0.17235220447658472,-0.96699624106155468,-0.18765123869797401,-0.041053804175891447,-0.18328484318370886,0.98220224568151437,29.003150323930551,11.095734922733611,-0.27890307850759921,,0.2719562471724415,0.4583333333333333,0,2
-0.88907898001479835,-0.43738770611886951,-0.13502059780610945,0.45529404621885283,-0.87549493386181909,-0.16191340975952029,-0.047390914461641918,-0.2054278834977443,0.97752416129123221,18.28369344695815,-30.902684724345924,-2.1676559957755681,,0.3597209225383359,0.1818181818181818,0,1
0.59729516705552266,0.79620475181655193,0.096418237885049579,-0.80102371100609671,0.58623066121357192,0.12122139357027624,0.039993722234078287,-0.14963824724261249,0.98793162574341276,25.19388689548585,17.449043247292096,-0.46328058071281447,,0.6929845832944256,0.2272727272727273,0,1
-0.92238945603538958,0.37993207579263522,0.069636981400957421,-0.38466762612782468,-0.88717321028804097,-0.25486175145830692,-0.035050089927445155,-0.26186888461806812,0.96446678453172618,5.13152774626192,22.431230327824007,-2.0105076012156435,,0.3143419159507372,0.25,0,1
0.7829062492550295,0.61060705471126109,0.11923434746020112,-0.6204847775867709,0.75237989547960982,0.22118574470608721,0.045348050239415287,-0.24715079934106998,0.96791530452026309,25.804417793847172,6.3149849541057934,-0.53227092281718713,,0.2932536074628028,0.2608695652173913,0,1
-0.92655780425167922,-0.34425633901059638,-0.15158564718114845,0.37311331099208256,-0.89226201504410008,-0.25427338372304498,-0.047718890817283532,-0.29215761082070529,0.95517895595469715,36.838432910760567,6.3459747219996041,0.23172243463027634,,0.2146861579141762,0.4444444444444444,0,1
-0.61953194247418064,-0.7774225012404633,-0.10860214923835479,0.7839151082374709,-0.61992341512063198,-0.034235397795359356,-0.040709646660250946,-0.10634478807254215,0.99349560176107654,11.328671036890469,35.389034729016586,-1.9543686516228993,,0.6340419401691932,0.59375,0,1
0.39366688607919964,0.9191859873764453,-0.011113209054796231,-0.918667986408226,0.39381883221833175,0.030916955523547271,0.032795023301743491,-0.0019616322231006547,0.99946017351651351,13.227248414143874,15.374659419652783,-1.3048884833020387,,0.07294910198245663,0.2666666666666667,0,1
0.32063605230022379,0.91781986801093596,0.23409231480276368,-0.94672788882433656,0.30271173597757667,0.10987224136995109,0.029980435079280259,-0.25685072471346104,0.96598596197182252,14.423350161421411,-8.6335520285380962,-1.463600167271522,,0.3649965812762065,0.1126760563380282,0,1
0.078255221083538759,0.97869917173228715,0.18980003062091752,-0.99673414729770549,0.07300275323072096,0.034520104742750496,0.019928873121239584,-0.19188155010648947,0.98121573099132919,15.873083915699173,-31.437626443022907,-2.4083132907368756,,0.6008247550289741,0.4333333333333333,0,1
-0.18579508999969277,0.97931065198551537,0.080192464980877162,-0.98255717181473312,-0.18582122093165568,-0.0072026361077115646,0.0078478434896082205,-0.080131896016330098,0.99675337500978123,27.266680112727066,5.9438555756484588,-0.43611230523935096,,0.1628285187160733,0.4,0,1
-0.87085343454495556,-0.48936814979222387,-0.046185598515007559,0.48927781758546868,-0.87201536904972432,0.014014755077190138,-0.04713292649576243,-0.010392791252024162,0.99883455943911781,13.332749726155173,1.0625305477307578,-1.3475893244602011,,0.1974781040190406,0.8579234972677595,0,1
0.012421446311513151,-0.9833414479979814,-0.18134305699629563,0.99979625639731062,0.0093281616133208956,0.017900589231575059,-0.015910793991878985,-0.18152846071662504,0.98325696772735838,22.131945123518896,16.868826257048173,-0.66833342865286383,,0.1865531306267611,0.2666666666666667,0,1
0.21676863171718899,0.97252258048470897,0.084918730270891252,-0.97588201425402465,0.21357257653798103,0.045177968153029859,0.025800282148952532,-0.09266382788494662,0.99536312993939224,42.905082446671997,13.900317962789403,1.0499538908590893,,0.1707937790610973,0.6666666666666666,0,1
0.77761759916640072,0.61419466681790758,0.13444620009179201,-0.62710926689881419,0.74228449191395141,0.23610950940967743,0.04521987213951921,-0.26791536782440512,0.96238065174191822,16.008350093178439,15.962919455820867,-1.1436276780913537,,0.5939076026899868,0.5384615384615384,0,1
0.90211607677165628,-0.42798023806604168,-0.054949975933106805,0.43019955838651686,0.90194269798313509,0.037785043588026417,0.03339047759707537,-0.057725950662048685,0.99777391759155643,5.5371092476782424,-6.3130124394663705,-1.8971741356362029,,0.1045704620518542,0.3884892086330936,0,1
-0.19418335987170326,0.94152445919510475,0.27536251648745053,-0.98093699995000649,-0.18850098105738902,-0.047222688079801921,0.0074447886482412922,-0.27928314105539354,0.96017993222323494,26.864567005461211,7.2694284735782428,-0.44480356619508615,,0.4637371550802516,0.3,0,1
-0.70743586334597164,-0.64876132927601504,-0.28043401521206074,0.70544617145092436,-0.67248498710496329,-0.22385182890401201,-0.043361255023041834,-0.35619191421824287,0.93340619336298136,32.200724444316464,-9.9517694988791234,-0.42371625571539834,,0.3431019830802745,0.3571428571428572,0,1
