axis_00,axis_01,axis_02,axis_10,axis_11,axis_12,axis_20,axis_21,axis_22,location_x,location_y,location_z,dbh,dbh_approximation,score,reconstructed,number_clusters
-0.71234227173875431,-0.67690792115575815,-0.18537571084330637,0.70167661860370367,-0.69245427373559998,-0.16780048179363385,-0.014778727920358956,-0.24960517835552373,0.96823491165066145,10.765356370984451,13.71574418533139,-1.0578950663480624,,0.1375963495613495,0.1578947368421053,0,4
0.95417424556329244,0.29912076823862283,-0.0088473223100735011,-0.29866223003479658,0.95373337507496203,0.034547382227376182,0.018771826079648526,-0.0303218613620302,0.9993638993225531,-0.97453942517829517,-20.472757579476426,-0.46137536418699943,0.1970250361421212,0.1076445651736215,0.3333333333333333,1,5
0.3203005306283197,-0.92802684046945194,-0.19019398898888523,0.94731283623427753,0.31429498634251807,0.061782294111870265,0.002441389970097364,-0.19996210873123874,0.9798005892459809,7.0285243755156168,-12.118956510358606,-0.15835502897582704,,0.08578807443378178,0.4285714285714285,0,2
0.42222880615448749,0.90539532087114682,0.044521322958655463,-0.90640290553286074,0.42100103149582618,0.034523967342087125,0.012514315600281207,-0.054931270002458142,0.99841171241175519,-4.1642290319123676,-9.8463290265371537,-1.0950591652938479,,0.1400355117147381,0.6630434782608695,0,5
0.94036121092236491,-0.33692386340258929,-0.046937226830074404,0.34008825042024787,0.93428429789824352,0.10701790797283178,0.0077958270067574349,-0.11659828888392858,0.99314856094676074,-26.861668892215409,-3.1938439464657824,-4.2871674244539157,0.6922006431487528,0.3746030370202262,0.675,1,9
0.059876663951799886,0.94612418725560465,0.31821974703642381,-0.99819514051660374,0.055279901763808884,0.023464737586898866,0.004609399423093098,-0.31905039531538903,0.94772654214496577,3.3646461242616819,-13.41256695824935,-0.44625418856377941,,0.5275929321980622,0.1428571428571428,0,1
0.22675570594668112,-0.95309999812065682,-0.20045509073861578,0.97392517869632234,0.22037705267293822,0.053885999633723224,-0.0071830440593687508,-0.20744721795578142,0.97821984013842611,-17.884055260610097,10.570404150904993,-3.7939633286011158,,0.4107780083797582,0.3076923076923077,0,2
-0.75086085868111818,0.64882251682535641,0.123439509724662,-0.66032698500240072,-0.73372419056226335,-0.16005338191175794,-0.013275683722266476,-0.20168825906373999,0.97935979209764634,10.882351087093912,-5.9751564937680843,-0.10766451597467692,,0.2644472421597714,0.4666666666666667,0,3
-0.99521938351141359,-0.086127235776655889,-0.046048647544020417,0.095721811270345208,-0.9537699097403648,-0.28488645829694981,-0.019383331248408409,-0.28793238534650412,0.95745455659179257,-18.094362430363148,5.5381223493187575,-3.6256920180054544,,0.5434813700680524,0.1333333333333333,0,1
-0.99944354788547252,0.0031288606304412827,-0.033208505254750303,-0.0010440468950980936,-0.99803739206490549,-0.062612091534805139,-0.033339234487017554,-0.062542579667273557,0.99748529872494007,-9.6607163165354777,13.936440593359759,-3.0865553672802668,,0.1194559723898918,0.2,0,5
-0.97590972977848855,0.21783194179425985,-0.012224747760975365,-0.21094252946293823,-0.95638456695653973,-0.20206882330317333,-0.05570860424974481,-0.19462221153171061,0.97929502510277855,-4.5067832945652251,-12.69642564075895,-0.99575539168135097,,0.3190523201839754,0.2666666666666667,0,4
0.26265395238016265,-0.93366769837514729,-0.24346977288758642,0.96489006025357515,0.25422547254952066,0.066004399329314137,0.00027004245943629648,-0.25225788018975065,0.9676600069028598,-4.0957461066957981,19.455355377415536,-2.7332399610540472,,0.5656981942942618,0.7045454545454546,0,3
0.95444894627489185,-0.28367709973748256,-0.092490605140627472,0.292357839632582,0.95107310818726254,0.099934160767921928,0.059616294417873958,-0.12242240794703271,0.99068594997220594,-13.153897964654551,5.9750664184603997,-3.0299541843530862,,0.1630897844172463,0.15,0,2
0.44069077378887511,0.88726000264200466,0.13623997067334359,-0.89764550826362854,0.43474757458970775,0.072298602216776767,0.0049176611814615674,-0.15415652467566068,0.98803420108234541,19.780507696152775,13.733676746249557,-0.27652468239033479,,0.3193920673416696,0.25,0,4
0.14306956757325132,0.98737524171024094,0.067979635862849247,-0.98921189465678683,0.14484411457046334,-0.02190912923480292,-0.031478981939251381,-0.064111734744437848,0.99744611842651776,-13.184097330750363,2.4827804838496759,-3.01672171798401,0.314910392216647,0.1374889218519373,0.2065217391304348,1,2
-0.99734908172417136,0.071669699504196577,-0.012580276504564501,-0.06982998584526362,-0.99131249525733967,-0.1114599023125243,-0.020459282998272852,-0.11028595069021867,0.99368930094851704,0.94085481153857886,10.486699933146076,-1.7981837151376099,0.295469259670364,0.123870497788164,0.1228070175438596,1,3
0.94722528187463451,0.31881555592514943,0.033479944409413757,-0.31961000446950666,0.93115704872119931,0.17548787895415471,0.024773179459274618,-0.17692708079026243,0.98391213919867615,-1.3097702123560881,29.603773850411905,-2.782958726873157,,0.4901716434974956,0.4444444444444444,0,2
-0.79002405320617641,-0.61198807750022199,-0.036504634681995607,0.61299609283951517,-0.78948014486613238,-0.030933655225955158,-0.0098886560852401422,-0.046815530112688714,0.99885460434494433,6.4581147613891918,9.5703270711632893,-1.0781679737129546,0.2233797402907897,0.0911187276504858,0.3958333333333333,1,5
0.99732179298795987,0.073057096081129216,-0.0034499193429493027,-0.072588484254796623,0.9944938681639347,0.075583451481951197,0.0089528311092835211,-0.075130598936292065,0.99713351158137409,1.1383892405766118,-21.034302540657961,-0.32315578844898657,0.2918830368175905,0.2273163072315214,0.6153846153846154,1,4
0.13889289269878036,-0.98877668173922018,-0.055040330727049246,0.99030727844127664,0.13864964498261936,0.0082322665424598533,-0.00050855088001491974,-0.055650243440361541,0.99845019494265808,-2.0843023457139123,-6.39958236698787,-1.3532827934644061,,0.09161304017127643,0.3971631205673759,0,5
-0.013631921488910617,0.99839923221176352,0.054892110867430587,-0.99949747406030798,-0.015176964225804611,0.0278291053387127,0.028617653006224934,-0.054485161978751306,0.99810440188417449,-5.9998242351122579,21.07539005795773,-3.0496530036026881,0.3792333010828829,0.4060097744305496,0.6666666666666666,1,5
-0.42772501349195774,-0.88055001471927219,-0.20416411146720936,0.90383797641738839,-0.41946855591259397,-0.08439812193600002,-0.011323657493304466,-0.22063046520934809,0.97529173717533457,5.6247852522856938,-13.958759455170094,-0.28666952624986114,,0.602540718095131,0.3720930232558139,0,1
0.90596287329049618,0.42335678877165001,-0.00054919958495939711,-0.41788073804357084,0.89445086802273432,0.15916448556614873,0.067874597541261031,-0.14396761474141581,0.98725192575870857,-1.778246903933437,6.491254517353739,-2.0157086903159249,0.2746813264791736,0.243914239993453,0.2247191011235955,1,5
0.9822236589117298,0.18014076505358728,0.052782465269842357,-0.18762566186116753,0.95079239593390541,0.24655715533202976,-0.0057701720262635812,-0.25207761622201225,0.96768981627100725,-8.3247928411236298,10.398543136154316,-2.6097134356402694,0.560387559086996,0.4310691410074745,0.52,1,4
0.99978405691030126,-0.0088863600173597988,-0.01878489163183545,0.010206412667340634,0.99739652296229542,0.07138630907383578,0.0181016211550756,-0.071562620049598055,0.99727183993292101,2.3646949084864235,12.616311152778005,-1.8228573334181921,,0.09203968619684248,0.282051282051282,0,5
-0.65825084702432557,-0.74758340133809942,-0.088458354243781803,0.75276033985796587,-0.65484293790760451,-0.067324567651481856,-0.0075955992969578903,-0.11090439448595986,0.99380205380901943,-9.4346610112195251,12.773828799408276,-2.9175946758378006,,0.08862016700541739,0.4444444444444444,0,5
0.74024165341172998,-0.67064443114954531,-0.047731975890091594,0.67227249842459857,0.73931142624280577,0.038318440583845342,0.0095907463848002271,-0.06045380050031935,0.99812491983160689,5.6578903210834302,-12.020118155445545,-0.26900411498837218,,0.1405134366904205,0.6428571428571429,1,5
-0.28565800932911856,-0.9236240182437857,-0.25557420571984485,0.95832571215265627,-0.2762474678744497,-0.072795370182863417,-0.0033661748662906399,-0.26571791323913269,0.96404494679999853,-14.324701170715301,6.2812223728202259,-3.1678593928871281,,0.1750624650370773,0.1538461538461539,0,2
0.53216342172843711,0.84664033933622429,-0.0014927769174560028,-0.84652935695772968,0.53212072517653608,0.015348669203891455,0.013789140038985591,-0.0069043208385053808,0.99988108791533059,1.9980768565269487,-5.9175311574257128,-0.93073826862340714,0.1220029899867468,0.106283627345,0.4545454545454545,1,5
0.94884395217112516,-0.3122376794290192,-0.046933846774590962,0.31468686873123669,0.94731867363488431,0.059661589241091453,0.025832713299402697,-0.07137900340733519,0.99711469189665791,-8.7328164516977509,17.878185999869071,-3.1017416360697729,0.5412251649543931,0.2195209912521487,0.5,1,4
0.94512198016598548,0.32320654830645684,0.047769966913866584,-0.32615163386258877,0.92474222396296379,0.19615537450907269,0.019223796084271515,-0.20097100873473472,0.97940854566021274,-13.540324192880274,7.8253595126132351,-3.1205713330789249,,0.190846787357295,0.25,0,1
0.97777356027120543,0.20792879075286566,0.026916218356644733,-0.20861754433295052,0.95203587719599825,0.22384460844106815,0.020918533195732728,-0.22448453511922981,0.97425310287483424,-11.31849444986095,-6.620663244043314,-2.2493160801340766,,0.6022286681249888,0.2173913043478261,0,2
0.83083594919036596,-0.5519789100802861,-0.070928896505745118,0.55629334625413718,0.8273448220045031,0.07770623151144973,0.015790454278385116,-0.10401840379911602,0.99445001544812006,-14.239113747162367,8.6912850579327952,-3.1922994770596071,0.7024147355486674,0.3079101298307798,0.3333333333333333,1,2
0.70807243664535158,-0.69690192144251728,-0.11384698657778791,0.70612822362982297,0.69787442495331531,0.11980909310011001,-0.0040442868971105389,-0.16522408688144635,0.98624776038158235,-4.827449973238167,16.877273582459853,-2.7069118721293126,,0.1433839429210987,0.1,0,4
0.009284956789526129,-0.98580029139103298,-0.16766506812920462,0.99978659915107904,0.0060576107889666261,0.01974997492272185,-0.018453881308152478,-0.16781266592508323,0.98564616542640737,-7.308154749061365,17.738812710093807,-2.9419838213240914,,0.1142988035018324,0.4166666666666667,0,5
0.99971273004083228,0.015975629089791332,-0.017867195344874819,-0.01436361566767458,0.99610718360232753,0.086972210048903625,0.01918707740271659,-0.086690588018681083,0.99605049972866266,-11.951479634418435,-16.472342392345023,-1.5965982125852232,,0.5379782314420372,0.2307692307692308,0,1
0.70286835386292812,0.70834322770014801,0.065007298892904894,-0.711156958974552,0.70172294101981414,0.042903306965394787,-0.015226846032005388,-0.076385769733871026,0.99696206414390687,-13.878663995107013,-17.810531092766567,-1.7220173572749298,,0.3684115807623233,0.6428571428571429,1,3
0.49711036440572176,0.8588726956312468,0.12336522321759484,-0.86768716328578688,0.49197475216614783,0.071272925435412152,0.00052179447583953651,-0.14247293051725227,0.98979856122362186,-14.396325410911741,13.389925166456313,-3.6508500726274344,,0.2044034215944679,0.3181818181818182,0,4
0.5953983227035603,0.77269583848309298,0.22009538503271098,-0.8033054429647275,0.56769591731726665,0.18006029757986716,0.014184591112548876,-0.28401141993275103,0.95871596978602214,-16.128440395137027,3.3265908956294559,-3.3541595524868462,0.9183546023714361,0.6567339241298447,0.208955223880597,1,1
-0.65209826935186821,-0.75318798482973837,-0.086462168700622871,0.75798380730371973,-0.64998831433580462,-0.054550335400025671,-0.015112742095804134,-0.10110910312635543,0.99476055123397866,-16.780448211252217,1.7975379255615156,-3.3987534063676255,,0.1369146183770986,0.5862068965517241,0,1
0.23843564014770086,0.93167460805525115,0.27410010983662952,-0.97108297181077663,0.23223928797879473,0.055342343447441322,-0.012095758203114289,-0.27936953632097888,0.96010747044760336,-8.258226257763317,19.056033075026534,-3.1307456079031559,,0.5863057977210114,0.2272727272727273,0,3
0.1345177961365743,-0.98741785290748307,-0.083132101393715685,0.99090367633911647,0.13371611398723807,0.015162621072053037,-0.0038557411974556393,-0.084415547263095664,0.99642317749041254,15.303433399106179,3.7230804391815071,-0.24176973465151411,0.2790158338559466,0.1285394884591144,0.3846153846153846,1,5
-0.66301002716501678,-0.74186734391873976,-0.100252420946323,0.74845438323062774,-0.6596358270712166,-0.06853183104903203,-0.015288561132586304,-0.12047165505224455,0.99259903295714991,-15.784652670290162,9.9355431276150128,-3.420597901317167,,0.08031047129172481,0.2352941176470588,0,1
-0.25281885468455972,-0.96079464942979986,-0.11382560495361176,0.96669452536099088,-0.25569060293112722,0.01113598715002144,-0.039803534429448888,-0.10721920163750896,0.99343833298657214,-1.0769656193772319,-9.9933342889094892,-0.7970015270885652,,0.4361115417732885,0.3846153846153846,0,2
-0.99922916355071878,-0.031500808795895563,-0.023426005953536558,0.032560677291816199,-0.99839540140653538,-0.046329523465941519,-0.021928999157027448,-0.04705657760066545,0.99865148950997107,-11.280694508263409,13.201620712690422,-3.1882794014658216,0.1396228971446392,0.1239293159714258,0.3225806451612903,1,5
0.92538063057494568,-0.37242720328542933,-0.070488770805773482,0.37868418548901789,0.9164332922585291,0.12941525605859361,0.016400494420422206,-0.1464513540162258,0.98908191000016743,-21.960865845266913,9.1959781082220591,-4.2679815519933362,,0.2375488457659056,0.7692307692307693,0,1
0.56308334958776596,-0.82429039306041618,-0.059012620051370493,0.82639859329684551,0.56178162497155726,0.038298444371965744,0.0015831658213178931,-0.070333162538180949,0.99752230041907397,-12.96266570763326,9.192050119732091,-3.0749396215800937,,0.1242590267284832,0.358974358974359,0,5
-0.81566262161585645,0.56884606442127605,0.10539754594473566,-0.57802948795936748,-0.79376104535849679,-0.18927576157769585,-0.024008305816498477,-0.21530805341141093,0.9762510145387866,-8.625168524678573,12.317200227865827,-2.7677182157482818,0.2175976521017175,0.1026782306815845,0.2352941176470588,1,4
-0.9748133382281936,0.22192637609937607,-0.022082554286251173,-0.21794757062657327,-0.96895289084493974,-0.1167439582214444,-0.047305518392485486,-0.10899072857190105,0.99291651663923208,-6.6201355386393113,26.374228842779804,-3.3128107767656578,,0.2750749687344561,0.2692307692307692,0,2
0.09522820791440488,0.99518924372855344,0.023020807640063201,-0.99538923019667902,0.094929628604938698,0.013734846973705014,0.011483415253031965,-0.024222608858632842,0.99964063362500855,-17.425143061226951,-3.5502491900868605,-3.279473392023502,0.2689717124270785,0.2310935879691964,0.8771929824561403,1,5
-0.16389059070575385,-0.9843827641612839,-0.064268560745586914,0.98647811036612787,-0.16348282627486949,-0.011588929271248877,0.00090113627839493295,-0.065298844824169505,0.99786534603524391,-4.6768952568875566,-4.2077887087192911,-1.6632215238178305,,0.1077882142987953,0.5107692307692308,1,5
-0.99601670715908019,-0.08540743289428876,-0.025618147208381833,0.08882267941333899,-0.97555882409861072,-0.200986348653759,-0.0078262814808800502,-0.20246123364669777,0.9792590046501688,-0.018288735936062697,-3.1281073747870649,-1.2443503014367567,,0.4560936872045815,0.2687747035573123,0,2
0.16689618639044845,-0.98030928383033256,-0.1055432186565614,0.98597447360700829,0.1659351675016989,0.017884562660772103,-1.9071147155244225e-05,-0.10704778476103634,0.99425387674076893,2.6314085927070017,8.5119429304638849,-1.4708343289907482,0.2840626279935898,0.2102167245567453,0.2,1,6
0.13115731938587988,-0.96048099882328342,-0.24550765460762652,0.99132238429783781,0.12926859131678822,0.023865491593980003,0.0088140774650218787,-0.24650736743229523,0.96910083574416539,-16.321543000900139,8.6112647626576528,-3.4009875459973533,,0.2913859475307409,0.1904761904761905,0,2
0.017794442139959652,-0.96239110568852304,-0.27108433654593461,0.99983279339149145,0.015985534877917533,0.008879635895339676,-0.004212254490715263,-0.27119701762056453,0.96251464121114372,-10.44059263213998,17.590081591330989,-3.2589230201563635,0.2885649534256948,0.1810486552550189,0.1666666666666667,1,5
0.88528375802815351,0.44785781751750453,0.1252838499568377,-0.46484676486748849,0.84419087897969025,0.26694427328513304,0.013789596215253514,-0.2945592217805369,0.95553373142985631,-13.476844968163599,-3.4313430724836027,-2.8183851375390061,,0.1998019197278055,0.282051282051282,0,2
0.73360376284707873,-0.67265097289478304,-0.096779066953079557,0.67943981564691525,0.72884564344214808,0.084531443552598839,0.013676843579291977,-0.12776813647816285,0.99170975958221008,14.369413036713921,4.5251973110812109,-0.38119270382718667,0.4602641062391778,0.3483040865369745,0.3125,1,3
0.88736589817734834,-0.45733115260551038,-0.058566027767155353,0.4609111484363127,0.88317335225067084,0.086981280293127239,0.011944705899565625,-0.10417795702943911,0.99448694172932472,8.4552465679887767,14.354497731458807,-1.3020439343060137,,0.06869781119438968,0.2777777777777778,0,2
0.074870109835960416,-0.95371672770370064,-0.29123679360839172,0.99715161250969109,0.068932547353276918,0.030609893575621095,-0.0091174734698728638,-0.29269900446283381,0.95616116029882359,-12.542736150255644,-10.290973521900293,-2.0963426686465181,,0.6765376565599326,0.325,0,2
0.66468675985933556,-0.73991590997319279,-0.10351790877061763,0.7469990235404349,0.66068254012981331,0.074101551922049799,0.013563557694668684,-0.1265820972182147,0.99186339914652777,-1.9233730514357654,-7.9615330184055013,-1.175747689979624,,0.07613670201526042,0.3389830508474576,0,5
0.85494710404038443,0.51864289224718563,0.0086602317771228565,-0.51838742321240272,0.85369436478582594,0.049803724641127582,0.018437156726687935,-0.047068905387721655,0.99872147738868444,-9.864265900219662,-12.582174144110294,-1.4392720593941462,0.1596586916787113,0.159505223226645,0.4794520547945205,1,4
0.53234746979390435,-0.84521743408232386,-0.047049553954540468,0.84649544753443939,0.53197721130036124,0.021111701981607372,0.0071853119276574342,-0.051065994363996108,0.99866943255119189,2.8464188263183816,1.9093592147464062,-1.3034289436398216,0.4681450734343393,0.4015110160492635,0.9093484419263456,1,5
0.77927484965169913,0.62660127789745168,0.010077064929920863,-0.62646034402445072,0.77847019436057829,0.039135583002809018,0.016677711626242268,-0.036810257123300556,0.99918309578646713,-3.4057141483180482,14.63674685743856,-2.438381649459417,,0.07819670880099427,0.2413793103448276,0,5
0.082050621097301005,0.99662595631361051,-0.0020973267574964714,-0.99662780891068448,0.082052184552121751,0.00067045962694776203,0.00084028770904867644,0.0020352425420817276,0.99999757584924187,0.67381429869427967,-7.9502718743409773,-0.8575938392975968,0.2134898402539881,0.2095680885261506,0.8309859154929577,1,5
-0.64463022762574285,-0.75381242546240801,-0.12735264759581569,0.7644522687965295,-0.63733917823975794,-0.097012888898890495,-0.0080373106833868512,-0.15989246104538896,0.98710171843525196,6.0962268189226636,7.4252986701575834,-1.1170517306412329,0.4734664224593951,0.4691907503890765,0.5478723404255319,1,5
0.29939196500164783,-0.95250054731812317,-0.055741893142655742,0.95412628667377275,0.29871190751532611,0.020352527771064437,-0.0027350266120879903,-0.059278188798497986,0.99823775522778158,-1.1826209130457397,19.381346470928843,-2.4510541208449674,0.1164443766222245,0.104682877860706,0.5454545454545454,1,3
0.95462445354042058,0.29772419447815301,0.0072427014979274179,-0.29718590443837867,0.95075840353705232,0.087971565331178517,0.019305204111742472,-0.086132236276610485,0.99609665543469927,-9.1027407343093767,-26.593197158976182,-0.78895409894429536,,0.181486422106379,0.1666666666666667,0,1
0.70663228107666254,-0.68703850133149702,-0.16925990969087396,0.70682145179362343,0.69646128900059812,0.12387537369460924,0.032775823784407451,-0.20717087298120701,0.97775558027732989,-29.270134240636136,-4.6924108454281228,-4.34184734980008,,0.2590155351782191,0.25,0,2
0.86905285434879875,-0.49247945312630947,-0.047022596659670915,0.49460541428892241,0.86695813897442109,0.061229644961347814,0.010612280824130495,-0.076469428626220248,0.99701544921896312,6.8835779170034117,11.896415619523879,-1.2456911923805218,0.3637085912722589,0.3539178667577482,0.844311377245509,1,5
0.88405009340740981,-0.46510140897865232,-0.046218088584689475,0.46731516616521745,0.88136713487072837,0.06934341383100473,0.0084833848388992366,-0.08290146522128132,0.99652164012922462,-8.6152839406390278,-12.369601684285813,-1.3204515862919401,0.1633137853075444,0.135569743038151,0.4761904761904762,1,5
0.52713951991611185,-0.84740509510286188,-0.06347071242960825,0.84976534011182414,0.52607841248953846,0.033769374544451246,0.0047742315871434791,-0.071736383420115221,0.99741220065054137,-22.403867969508074,-7.5693529432334081,-3.2809181397915963,0.5586508826035467,0.334568278701188,0.9292929292929293,1,5
0.46019483458136262,-0.86167016418382736,-0.21388137455152284,0.88781717933549076,0.44632326742912048,0.11214364461781461,-0.0011705987379378635,-0.24149548465097703,0.97040123690759217,-12.198041900674038,10.924813500895786,-3.1140458505129995,,0.2473832222926199,0.1875,0,4
0.3480249818159411,-0.92731785784364085,-0.13769605134605076,0.93747552429613357,0.34491630397962803,0.046608846743092243,0.0042723971845020792,-0.14530772096937306,0.98937728539166703,-36.118789136796778,-0.63725687511047058,-5.6450830138272625,,0.3126574538988731,0.5454545454545454,1,4
0.25361800189653855,0.96119249536107632,0.108567471995781,-0.96727627507200498,0.25115144320149718,0.036049414151024549,0.0073835490676496746,-0.1141575202925869,0.99343522373822324,18.305044170974792,7.9052316207753996,-0.16139446812018735,,0.3297574535989581,0.25,0,6
0.54525601036826321,0.83701318781218603,0.045878171124901931,-0.83826051181095085,0.54417837783103895,0.034484887119152381,0.0038983965583411833,-0.057260951176699652,0.99835163443278496,-8.7867466063524784,-24.389844816308756,-0.91382017822446271,,0.1234959791716881,0.2,0,3
0.90266208955271965,-0.40830166521561284,-0.13598125704109401,0.43006035809890192,0.86743065236821693,0.25022420291389519,0.015787351778013537,-0.28434804995675206,0.95859112556377779,-8.7240389544507924,-7.4366262480715246,-1.9707154330178878,,0.2479979327433932,0.375,0,1
0.81873314975761435,-0.54701426599662661,-0.17450335894804009,0.57411410189866185,0.78432097610955198,0.23501830659685399,0.0083082783456741322,-0.29260211761149674,0.95619818723954886,6.7306875876637404,16.28341064930683,-1.502991508577769,0.3484606075256698,0.4502008351460991,0.7294117647058823,1,6
0.60961555436742609,-0.77582603056370958,-0.1626740488616869,0.79264703088447008,0.59891232030822694,0.11408206262620867,0.0089196582518748305,-0.19848930168342691,0.98006246577138967,27.350397438534145,-0.088238165387970649,0.68552419529333464,,0.5932443774145034,0.5121951219512195,0,1
0.49134680867469233,-0.86712472244108096,-0.081688612037879194,0.87095072835180931,0.48969148593887785,0.040584201143154544,0.0048106536613626771,-0.091087673866739993,0.99583125743315504,-6.0934859254540674,-18.660673933557959,-0.97554395247253545,,0.17191921501276,0.4102564102564102,1,5
0.53138754143058697,-0.80815363861251588,-0.2539979866253026,0.84710510578127274,0.5046802563874776,0.16646554770272537,-0.0063419690676220124,-0.30362070945510472,0.9527718741746759,5.2986296900308929,10.529763631919884,-1.3415808504932065,,0.377319342349921,0.5277777777777778,0,5
0.98558659578842689,0.16871977752505382,-0.012357138587726045,-0.16804988742283733,0.98483367641488129,0.04314933529406674,0.019449872476487336,-0.040450790734476882,0.9989922101746358,8.2483635853967385,10.269535519384798,-0.97075373699238987,0.7343968729615059,0.8211860896689714,0.5526315789473685,1,1
0.90627538816725417,0.41797913660885938,0.06291551606721936,-0.4210751688766296,0.87977148876002953,0.22067584761472619,0.036886623019868399,-0.22648525100913863,0.97331588300896288,8.0934834290963096,20.539170018332371,-1.6572345971307672,,0.3684446682865728,0.1111111111111111,0,3
0.8072522960486096,-0.58957154169004433,-0.027370198272433404,0.59007831318789605,0.80717517461964905,0.01660788316029143,0.012301009290904726,-0.029557312241868076,0.99948739384919794,-0.68480202119442601,8.1052100184669182,-1.8591846723330394,,0.1038101547171102,0.6511627906976745,0,5
0.18373704856256237,-0.97566464811679265,-0.11966282380361003,0.98292722791089548,0.18356714315346184,0.012536689590108877,0.0097345578698217351,-0.11992330202930396,0.9927354330401772,10.123480383380233,-11.371455255464001,0.04850681682903047,0.3098958063748814,0.1787320708362439,0.3333333333333333,1,5
0.13627427659985972,-0.98236682363801309,-0.12800291150026982,0.99067009891418911,0.1349438611493021,0.019050182557359508,-0.0014410602123987339,-0.12940470684437591,0.99159081540320126,-7.6826969379387373,-7.3959046895632197,-1.8769625112625861,,0.07393169778256807,0.2045454545454546,0,4
0.92639551624174743,0.37442044052344903,0.040008514161519987,-0.3760703160147737,0.9146015083173189,0.14857724723601867,0.019038510964210532,-0.15268731021899362,0.98809114984314805,-18.960541023206112,4.1451634577868521,-3.6727184387172329,,0.1228487415107883,0.2142857142857143,0,1
0.10736224935221565,-0.98717323499775245,-0.11816239468673966,0.99421818596282363,0.10637599867590632,0.014640546659734332,-0.0018831130674869356,-0.11905104371560868,0.99288634942545151,-5.1450006249929015,14.751387979879279,-2.601720322239057,,0.1225604418353648,0.2222222222222222,0,5
0.91342199031996429,-0.40190252481087818,-0.064301074256627358,0.40700926658277392,0.90269010512250636,0.13962102645973548,0.0019299004293509433,-0.15370404895304246,0.9881150443241784,11.249823735321179,6.3386626649978997,-0.61982337251430464,0.2945719874715945,0.1892700757602167,0.6666666666666666,1,8
0.82183931997047821,-0.55597970684078657,-0.12436517893564884,0.56860804813764143,0.81408279986931276,0.11812739965834551,0.035567116042269711,-0.16779678345598339,0.98517979055513649,-13.354833844427342,3.7455190845253754,-3.0658132847670392,,0.2892815381752435,0.3478260869565217,0,2
-0.22237408642239875,0.97485854803538585,0.01416252132016122,-0.97495898494642164,-0.22231761909519593,-0.0054638733593975397,-0.0021779256295083203,-0.015022901257210156,0.99988477790081898,-7.9080101556733906,3.7771194708467974,-2.4062664611619944,0.08807961173592377,0.08121836460472276,0.3861003861003861,1,5
-0.55172533703928628,-0.83099122307300544,-0.071082625475680977,0.83396297736216396,-0.55072305330385596,-0.034783199233422053,-0.010242307265448079,-0.07847105030078301,0.99686377675516513,9.4856642748217332,5.9854057789472108,-0.74169828941247118,,0.08362644172967475,0.3636363636363636,0,3
-0.64121593776448871,0.76590387993472164,0.047258521535760323,-0.76710847039371655,-0.63821033068751198,-0.065055118583767668,-0.019665091075780582,-0.07796679103743627,0.99676198948811523,-10.02268497027328,-5.1725272869805154,-2.2039312771985751,,0.3660423079611101,0.2040816326530612,0,2
0.1971781093558421,-0.95875161844308099,-0.20473428468048011,0.98035494673537116,0.19176356096741104,0.046161835931698245,-0.0049971594273750895,-0.20981437228624325,0.97772846822611581,-13.246497732858023,13.870256198355344,-3.53690186513664,,0.2920573996111627,0.3684210526315789,0,5
0.7961395895801896,0.60047075206699529,0.074810626352031256,-0.60494449802186645,0.7868943444250549,0.12181726078406716,0.01427964341844068,-0.14223982080964123,0.98972921809951742,6.589480066875204,21.346822749447441,-1.8164338291914006,,0.2336709268104637,0.1764705882352941,0,4
0.12721202928124167,0.97567556959651502,0.17853370129659982,-0.99187059683613232,0.12570232776107201,0.019789995638746269,-0.0031334865696362197,-0.17959985436509412,0.98373475773399111,1.064796581524118,-11.42404383540177,-0.62110691522551331,,0.3800224105373888,0.3932584269662922,0,3
0.56059949984319146,-0.81608343783768711,-0.14048495742457906,0.82792896145639139,0.54905270996306166,0.11434490134658085,-0.01618133360711841,-0.18041325940528946,0.98345778774355908,21.146361300788755,-3.3691115276168109,0.40332258547725108,,0.2393776270546737,0.4210526315789473,1,5
0.80984819796783281,-0.58269413430907868,-0.067922323944696023,0.58615240310999395,0.80845099272415188,0.05321985242100221,0.023900974386708133,-0.082912834984261691,0.99627014670632374,7.0028813665677392,27.3271163800115,-2.0154446873217688,0.3707378455092969,0.4796507796127238,0.9285714285714286,1,5
-0.8129018770822275,0.58238631776114846,0.0040884129932381675,-0.5821777660323062,-0.81237653159164536,-0.033367943550109636,-0.016111703008249174,-0.029505047089278758,0.99943477287036353,6.4440686925578579,20.278463659952148,-1.786612573663001,0.2849781317347989,0.2267159481951118,0.75,1,5
0.50680880192175137,-0.84794134192373449,-0.15537155129306765,0.86167626437335187,0.5036547409726565,0.062015460260731958,0.025668145827526734,-0.1653099590234709,0.98590758377113341,8.3465629633227074,-4.4523173885263132,-0.47155363791731048,0.5143731286460393,0.4514700991709213,0.3095238095238095,1,5
0.91383636195806872,-0.40448822533819606,-0.035949674908104919,0.40575929755356854,0.91305564863998045,0.041094706903187464,0.016201728675552571,-0.052140752290133777,0.9985083104003406,15.823029637410215,-1.8547163825186956,-0.03571552110219587,0.2393256483927308,0.2065379982365329,0.6285714285714286,1,5
-0.99946834825418462,0.02759049042495058,-0.017371979627015754,-0.026778869440133253,-0.99861278644682405,-0.04533646321027502,-0.018598736235535908,-0.044847158026111722,0.99882071435639586,2.766157391542003,-2.8099908771118423,-1.0329603464084189,0.2110592426486918,0.1564625178722319,0.5859030837004405,1,5
-0.68122638178967732,-0.71096675935713383,-0.17451900711086168,0.73165350347564373,-0.66927475239959944,-0.12943900746015963,-0.024774333604792271,-0.21586470969028429,0.97610893833873313,3.6262005425371462,7.19766946704127,-1.372358049668527,,0.56205196213227,0.3168316831683168,0,3
-0.60850623685701766,-0.79190434420239064,-0.051065343820385488,0.79351644784048236,-0.6078037149841965,-0.030104668376074502,-0.0071976880131898544,-0.058840068701458782,0.99824147359367621,-5.5575469143901195,-21.641386673801605,-0.73245858256617979,0.1538985424167263,0.1146659798347012,0.2307692307692308,1,5
-0.74535735565614269,-0.66577089607612439,-0.034518492250923773,0.66647446745534034,-0.74538294394862492,-0.014698676831664309,-0.015943544129310847,-0.033961460635189254,0.99929596346233773,9.3295636296203206,-6.3745102662031501,-0.22118159989798075,,0.1041728795104227,0.3823529411764706,0,5
-0.29007848841727463,-0.94806343243864011,-0.13049980318074414,0.95700259751717776,-0.28726812336512753,-0.040287139928918657,0.00070633060489555934,-0.13657508327268858,0.99062947045105365,-0.74662727174561927,11.580011515285808,-2.0313339423444021,,0.1258863601616947,0.3214285714285715,0,7
-0.83637850298113925,-0.54425198086735849,-0.065274658735106114,0.54795866665353243,-0.83329915204573224,-0.073169821915497604,-0.014570497256817064,-0.096965481083833599,0.99518108708308428,-8.8485858343089259,4.2253566456991756,-2.5520126438516764,,0.09676040915657813,0.3230769230769231,0,5
0.54632941658769807,0.82555708158365415,0.14134947335602124,-0.83746377696351082,0.53573218040301729,0.10791410081467054,0.013363788570444193,-0.17733171156820177,0.98406040120885652,-18.568758190342798,-6.5554470341454101,-3.0490032610966975,,0.6527945848955455,0.3518518518518519,0,1
-0.80078647769143263,0.59890755981202237,-0.0071240400447505955,-0.59879932517431655,-0.80079520483594457,-0.012899925679704594,-0.013430760117483849,-0.0060642156762204386,0.9998914140900006,-11.532042768780324,-9.5163243026894246,-2.1543764145922588,,0.1101144448112248,0.4634146341463415,0,2
-0.47152536539487411,-0.87442455917804163,-0.11421698689563427,0.88156696837813631,-0.47069793262773635,-0.035820894524792,-0.02243902969853994,-0.11758038325444348,0.99280982238288018,-18.169723909463052,0.53921033563039422,-3.5064450129148086,0.3465059880901175,0.3292042536325924,0.6134453781512605,1,5
0.98087098268420458,0.19201996783260475,0.03194444054430455,-0.19368497494734174,0.94633606316555874,0.25871642010502321,0.019448542561609754,-0.25995458739148408,0.96542496688575064,-19.294501723741195,8.9909640362067655,-3.8247802972430009,,0.5406419832776604,0.3,0,1
0.95644968177415457,-0.27356093298969258,-0.10182544954935285,0.28996434740765775,0.9305105653697926,0.22376497708006074,0.03353630072876302,-0.24354569114849464,0.96930945154601289,-9.2991297892973517,-8.5493046742433201,-1.9984024851737399,,0.4136712364720171,0.3007518796992481,0,3
0.60086177204021107,0.77718880995696449,0.18692962466761376,-0.79934775689185811,0.58335497967187244,0.14401434388276588,0.0028800091409332792,-0.23595449003930108,0.97175983873467497,-8.806478885518338,-10.259798125697197,-1.623624714193058,,0.571976236935934,0.2168674698795181,0,2
-0.80687966018866142,0.59064113817437047,-0.0093946724219165206,-0.59053169732027544,-0.80692318723797662,-0.012136076702972622,-0.014748845170564821,-0.0042445015950357294,0.99988222095022039,-6.4564757043797751,-7.5967593199925982,-1.745117448191146,,0.06897350212063433,0.1650485436893204,0,5
-0.91712325026880648,0.39811281465961351,0.019777022530730454,-0.39775368567091685,-0.91080167486111718,-0.11059979478003253,-0.02601825035589905,-0.10930002687092118,0.99366823174258434,28.469814049471577,0.36107404603527299,0.74364283039158985,,0.4705629757976811,0.2068965517241379,0,4
-0.90572114649588742,0.4232322256156611,0.023317117973510295,-0.42339645881743965,-0.90072020333088931,-0.09715222062523636,-0.020115751316532007,-0.097865205829123197,0.99499636081595599,-14.976673522555258,10.752368192181621,-3.4334532067671408,,0.08339547119829746,0.1176470588235294,0,2
-0.69205929975680536,-0.71742210850729971,-0.079746121191324626,0.72183292218439687,-0.68730445448691613,-0.08105442179904758,0.0033403698680618916,-0.11365784208484654,0.9935143365154635,23.892187113831085,-0.53783101098975394,0.48022785617089231,,0.2980165782276571,0.6341463414634146,0,5
-0.15550878914342456,0.9759063107300181,0.15304864970482868,-0.98775501937914245,-0.15558410089944485,-0.011558946259101911,0.012531487958553173,-0.15297208969167153,0.98815105200819764,3.966332692896648,12.552085392649687,-1.6945671257644144,0.9564877035168909,0.5906107380818578,0.8301886792452831,1,4
-0.90333996276906425,0.41859683679829468,0.093560674895215593,-0.42863399875523656,-0.87295123542139308,-0.23287128566519294,-0.01580527682396413,-0.25046522472935456,0.96799657252791582,-17.551071255398142,11.807356342070301,-3.91977899774602,,0.3400442568080735,0.2142857142857143,0,1
0.99980893531337411,-0.00086023847998360249,-0.019528257917535451,0.0040403804392435882,0.98655144506241932,0.16340110639514349,0.019125067148703261,-0.16344878780525846,0.98636642561045651,-31.856653030190383,-4.4570357339492732,-4.7180323547499077,,0.4824011235797828,0.6153846153846154,0,1
-0.74168611604808932,-0.66940290360210641,-0.042443585034362671,0.6705555920464612,-0.74150045915340113,-0.023070913517134861,-0.016028201293973199,-0.045572159531496528,0.99883245593989178,5.7634860557345666,13.885884559932485,-1.5103511645884733,,0.07495673253165039,0.3181818181818182,0,5
-0.82918960952705989,0.55852627771248997,0.022203345626092743,-0.55840252395185974,-0.82591245239813171,-0.077815436886877504,-0.025123946675509309,-0.076922155965193265,0.99672050707563553,-6.0507749260294377,9.7142366193331835,-2.3641726011881405,0.4473099318430893,0.1975144827955883,0.3863636363636364,1,4
0.69114751821798637,-0.70128671372467399,-0.17467699680944027,0.72049019946481474,0.68753769703122036,0.090475342697095854,0.056647864357532357,-0.18838487283816804,0.98046017723795287,-16.577747942426388,7.1568287757787772,-3.4343740097501301,,0.2189473114361499,0.2727272727272727,0,2
0.67878381437452107,0.72389869225875936,0.12338240024101532,-0.73417704257091121,0.66546788041289984,0.1346720843404198,0.01538192136914672,-0.18199775681260641,0.98317862721388205,3.796314810415629,-14.615502196536463,-0.43187928337617287,,0.1011593539949899,0.1875,0,2
0.093285129547290555,-0.98274577437045607,-0.15971420588776161,0.99545545950033698,0.095143713017217593,-0.0040127327683656755,0.019139298741547232,-0.15861404991459757,0.98715513999237814,-7.4231598026703773,5.3821199952923209,-2.4482850418203079,0.1945100037902964,0.1452102529632075,0.2403100775193799,1,3
-0.70729519696991239,-0.68406858047877617,-0.17827978445422671,0.70687934934297192,-0.6870434399138905,-0.1682049260388796,-0.0074222513935850252,-0.24499283432998795,0.96949647823558904,-0.01753419509874872,16.582167170370465,-2.2606512578316971,,0.1615181022390574,0.4,0,3
0.95615907255832311,0.29284314679631124,0.00164904179512597,-0.29223813804550569,0.95379024846900284,0.069864387187849722,0.01888646700957684,-0.067283380562156811,0.99755513535043494,11.990260554776091,15.092426828308733,-1.0375556697931274,,0.07075620327784304,0.1875,0,4
-0.99759982520317902,0.067525879199432828,-0.015324633533303163,-0.066751764017922655,-0.99669073041462886,-0.046387389515343505,-0.018406269450434599,-0.045253105350862285,0.99880596999668625,-7.8702431387151988,15.945540358629737,-2.9956517678608772,,0.08175943167134597,0.4615384615384616,0,5
0.66010513083867084,-0.74954514841958031,-0.049429613807201483,0.75111859936309311,0.65942010741798973,0.03140018508974856,0.0090590248528766969,-0.057854925576950794,0.99828389832512021,-0.8264736368256983,-11.954435441888991,-0.7694988618895896,0.1589060474128042,0.1197237203087418,0.5,1,5
0.99978030752481872,-0.0051194918271187289,-0.02032553785294039,0.0086137157454729153,0.98439717418478556,0.17574984312387071,0.019108652140730369,-0.1758863106112612,0.98422500738038754,-19.011046615614646,11.622882958293639,-4.115713622393125,,0.2894813796001302,0.3,0,1
0.96899065195941803,-0.23630222748346053,-0.072238311868537297,0.24639182608304469,0.94608836326987189,0.21025669293698293,0.018659701356768015,-0.22153569954228378,0.97497371727323334,13.491065199004282,8.2196160965159546,-0.49154068439451515,,0.4151845111071727,0.3333333333333333,0,2
0.53719977601311397,-0.841981645068683,-0.04983282069976492,0.84339702894185864,0.53691739524900706,0.020029035200605387,0.0098920282806843132,-0.052788446145498082,0.99855672233981718,-13.088981075684528,12.3069721269468,-3.3529758252977593,0.1406686300653233,0.1043014238316618,0.3333333333333333,1,5
-0.24664717062856176,-0.95270667160399969,-0.17752512808657114,0.96910261845984136,-0.24290753695088624,-0.042849076848076123,-0.0022995902251649624,-0.1826086700397386,0.98318298678888583,26.297878979385629,19.121053418452203,-0.28693706727557367,,0.4271878234751147,0.6296296296296297,0,5
-0.96499502476553412,-0.24744475842614194,-0.086923493401927412,0.2615511693889917,-0.93245502480165698,-0.24923605781145011,-0.01938009207970268,-0.26324649712687476,0.96453392567675578,-18.373283987823701,6.6637418081579805,-3.6785876585150703,,0.6195273371637002,0.5454545454545454,0,1
0.99696982267512557,0.077783513312460875,-0.00094748714928695921,-0.076217938102626281,0.97919433402671197,0.18806722766438347,0.015556303754815122,-0.18742513509866571,0.98215570056215329,-4.0106126540076232,-7.0507617865622292,-1.5272651924448257,0.7774104829791435,0.5427890476688443,0.2040302267002519,1,5
0.58375996621580628,0.81164358982803109,0.021423933690798425,-0.81180683030065981,0.58301822733286468,0.03254868468678751,0.013927387440458747,-0.036392714775226598,0.99924051068317532,12.41292558230424,-2.6640661202364568,-0.25581881240544124,,0.08496091985791832,0.2,0,3
0.58340726539678933,-0.77392408380622846,-0.24632798295551195,0.81036326405973824,0.57495728455157369,0.11285167789416349,0.054289436768931408,-0.26545363709275344,0.9625939037878547,-13.878075478622401,7.1880643651647187,-3.1289283897570903,0.876031211736288,0.5179190716638219,0.6376811594202898,1,2
