axis_00,axis_01,axis_02,axis_10,axis_11,axis_12,axis_20,axis_21,axis_22,location_x,location_y,location_z,dbh,dbh_approximation,score,reconstructed,number_clusters
-0.8910608772459796,0.452301913607358,0.037861484238572593,-0.45245812022951998,-0.87855973434003343,-0.15301778535431829,-0.03594666159735839,-0.15347889803973994,0.98749788120102455,23.491700072939398,-8.4857906975182651,-5.8242854022546737,,0.479536885308083,0.265625,0,3
0.7859457542928131,0.61820790540411452,-0.010404662654671055,-0.60592019886877824,0.77345587149040418,0.18608258236557035,0.12308527089754023,-0.13994642029318199,0.98247901531544291,12.633454529231855,-31.531059636601434,-5.962052119208944,,0.4428751186255156,0.7,0,3
0.84096446787688961,-0.5193748017225609,-0.151751702145942,0.54095074767584472,0.80063556573196226,0.25759460295977754,-0.012290335938631731,-0.29871810494295742,0.95426224981490482,25.438615395925343,-13.085049354163903,-5.610859152314907,,0.286564862890382,0.4761904761904762,0,4
-0.098000366665305802,-0.94406143722068625,-0.31487129257250573,0.9929236792405679,-0.11407796717966434,0.032996736316365037,-0.067070823290324308,-0.30940947005056335,0.94856063828634085,9.3838134507676703,-27.216626165499868,-6.0991579747353022,,0.7289705543502215,0.5,0,2
-0.78559611833811815,-0.61327593783373302,-0.082044883607915245,0.61292013203510498,-0.7894790245189196,0.032431182382457652,-0.084661978468203836,-0.024809149900993935,0.99610082596243188,-9.5391681075265531,10.303173181806359,-7.8629074696603922,,0.310921177818415,0.7345132743362832,1,5
-0.51550310321172976,0.84473079301241838,0.14382780647595711,-0.8561985041689002,-0.51451145539547116,-0.046926364932412944,0.034360908573735499,-0.14733583950771356,0.98848949329699132,-5.8392722831595263,5.6214618178142564,-7.4691906674914454,,0.1219695368577649,0.1777777777777778,1,2
-0.98892707658805556,0.14343813682144799,-0.038062292313956893,-0.14134961455955705,-0.98854867286252068,-0.052837560935507524,-0.045205349847846348,-0.046872404322163663,0.99787747447178754,-3.7013420223665303,11.102670672249889,-7.6699944333034882,,0.1278130078091836,0.1379310344827586,0,4
-0.15432478782001766,0.98529461999807066,0.073337382467366943,-0.98202862362084775,-0.161127891359758,0.098273012649977343,0.10864456844983592,-0.056853446938742343,0.99245354718371248,-11.84676381514641,10.843466378403754,-7.9043485114164751,,0.3358642766212337,0.7,0,4
-0.0018639838671929664,0.99262097558087936,0.12124406954983953,-0.99488916654990223,-0.014081113205028759,0.099986341730000969,0.10095579154156643,-0.12043803837563377,0.98757410206345786,-8.0035816568713276,10.834841518654946,-7.7697593986377935,,0.2113075846270951,0.15,0,2
-0.63905979470115737,0.76895604901796788,0.017583329468333769,-0.76868479743297702,-0.6393014795992733,0.020427931309950971,0.026949229895097616,-0.00046136846145683827,0.9996366970790963,0.93147610543469128,22.373750664942044,-7.9540361563893249,,0.4096654303596133,0.6666666666666666,1,5
0.97071218818050553,0.23881202364581017,0.026204295067943799,-0.22843408743833357,0.8837026020388612,0.40851876192650233,0.074402388496812924,-0.40254009553327652,0.91237369321678163,26.561728684462668,-3.9546881603038413,-5.8463658983187674,,0.6398292948981841,0.25,1,1
-0.87774247290203244,0.47910938195986524,-0.0047277248079891773,-0.47912936418538427,-0.87765675736372217,0.012396315142252192,0.001789871261696362,0.013145964089128709,0.99991198612129539,-1.4875403502310829,12.473765206102874,-7.625681277752312,,0.2346839222330307,0.7209302325581395,0,5
0.37306812744163093,-0.89846852858208459,-0.23146160682657155,0.92484179717767734,0.34020004017338557,0.1700928653976724,-0.074079838555161259,-0.27752159522021047,0.95785904062449134,13.738690682146684,-26.930803638677606,-5.6515534450737563,,0.6051333257209619,0.6956521739130435,0,2
0.96982432418536935,-0.23470205007483586,-0.065997938672825093,0.24248295988444249,0.95670318758211959,0.16100007775119982,0.025353389991726458,-0.17214516711450772,0.98474527013590996,24.681756880494465,-19.863474061281906,-5.298016581095383,,0.1677717773279905,0.375,0,2
-0.30769343882761685,0.94863172714945976,0.073638264155726968,-0.94946594537529172,-0.31115926968011631,0.041162209181973247,0.061961006084790125,-0.057251682399469622,0.99643518534192221,-15.561388942710076,-5.393763557596623,-7.6728218310819889,,0.1782587257823186,0.6370370370370371,1,3
-0.099630087766662864,-0.98733140911982964,-0.12349305315303494,0.99131768148593713,-0.10919448933182496,0.073251743139043785,-0.085808507649029503,-0.11512276953328218,0.98963813990267835,-19.478479976945749,4.5631306375679976,-8.1929268692530766,,0.2125718638072676,0.7111111111111111,1,5
0.21248262704958965,-0.96071504966291532,-0.17854334642682076,0.97467876011656296,0.19534883573819026,0.10881243933197311,-0.069659513203479698,-0.19714316048728725,0.97789678723950135,-22.414486742166972,-4.8216767887219421,-7.8941701969820661,,0.1257783111103155,0.2,0,1
-0.78729576316048233,0.61657458602190462,-0.0010775813057913326,-0.61656996186818813,-0.78728002805043995,0.0056249048667251734,0.0026198151489636424,0.0050928680343751611,0.99998359949739668,-14.459705145778374,1.1535942928632219,-7.7691335649919333,,0.2760254071331224,0.12,0,5
-0.99018132786480484,0.12847270112361614,-0.055097214211751074,-0.12901516709052957,-0.99162203480178468,0.0063895818464702074,-0.053814724829699914,0.013435220934990475,0.99846055016206503,19.654587550269706,-22.371970922265202,-5.4779949461060244,,0.4965705021869461,0.8181818181818182,1,5
-0.98151908986446057,0.18995713325370422,-0.023163845917171601,-0.18751430843240124,-0.97885879640062967,-0.081693578953477966,-0.038192412397730087,-0.075840254714395053,0.9963882754228377,23.590062294169002,-15.088819147520166,-5.5155571575329381,,0.2542995938790347,0.5,0,5
-0.67962687762805629,0.7335075706908708,-0.0085994735139878521,-0.73311943838409355,-0.67876860754326973,0.042533122118703783,0.025361314416493794,0.035211094174281123,0.99905804765194683,-16.423898368374012,1.508631967487257,-7.8137052822336237,,0.07920662911854248,0.2068965517241379,0,4
0.8868417090413544,0.46206503564845025,-0.0027723520351115899,-0.44995056176264303,0.86492461351150474,0.22237334577565013,0.10514882345557762,-0.1959625366573193,0.97495764479937141,-10.783435646525133,8.588503041771995,-7.8347540484998106,,0.867638998349137,0.5227272727272727,1,3
-0.23192776723807401,0.96490682749877976,0.12314351395912797,-0.97034002897426364,-0.23837020232781231,0.040247668409783714,0.068188994377302359,-0.11015652903227331,0.99157238775460788,-13.262630564132211,-0.12680190058421617,-7.7280193574249534,,0.1408552559464066,0.1971830985915493,0,1
-0.54165855733498758,0.83022932476905387,0.13162551256994434,-0.83935833042207764,-0.54269050134583763,-0.031058217915162722,0.045646472118250306,-0.12730391998098131,0.99081285394398944,21.621796580892156,-11.161470140258624,-5.7717409687197749,,0.3269006259310112,0.1071428571428571,0,4
-0.29420742238284042,0.94222091874614433,0.16019279912659815,-0.95411081977285583,-0.29933763598882596,0.0083380617045346415,0.05580802995279751,-0.15038856325462696,0.98705052749846356,-18.012865769439113,-1.1646738757870898,-7.8788551998591965,,0.6689129412481259,0.6176470588235294,0,3
0.32104740917775682,0.94681086547448456,-0.021857403315750441,-0.9419047303684317,0.32161923074970111,0.096832583986709422,0.098711903891184699,-0.010500258636244621,0.99506065372858044,-6.9513064071540134,12.844792338663728,-7.7579635037091412,,0.1381563580906544,0.6078431372549019,1,5
-0.66776987211605132,0.74362530979556329,0.033238479591671768,-0.74285162521738746,-0.66859357992841117,0.033971867631885797,0.047485374653668186,-0.0020058688803405098,0.99886991930082492,-13.358798319174044,4.053409086813244,-8.1565577066916166,,0.07231640827347215,0.2285714285714286,0,3
-0.72706400914582547,0.68058829188211811,0.090429550246476975,-0.68640107203550882,-0.72347168664698658,-0.07377185729442616,0.015214956894562273,-0.1157078025594898,0.99316675815975186,13.993761094650212,-1.4776273578958823,-6.4682768317445056,,0.2914407305549581,0.1538461538461539,0,4
-0.97723822933507243,-0.19504169585090272,-0.083451662689578585,0.19942973545920867,-0.97874217627092863,-0.047869959297201239,-0.072341023912585845,-0.063423097275752641,0.99536138512161898,9.8891065155539977,-25.820990089886088,-6.0280618380492133,,0.5368481952618314,0.4666666666666667,0,1
0.53141907963092994,-0.80983752932773401,-0.24850943220844915,0.84710144157758283,0.5067885835221837,0.15995149042368773,-0.003592976676185875,-0.2955139720959557,0.95533166115997326,-2.9395618394417209,14.893075115206937,-7.7536078706148395,,0.1971116812590488,0.3333333333333333,0,5
0.81812871577350732,0.57502114677833016,0.0040106339306725932,-0.56196194012568423,0.79803069080616151,0.2175908876346111,0.12191875276990358,-0.18027117708933657,0.9760318234739358,23.756848942013487,-13.53948274799232,-5.5836528832384316,,0.3814978459962902,0.4117647058823529,1,5
0.55764594154806513,-0.82044120643017993,-0.12612387032740238,0.82921707735476091,0.54367706094600377,0.12966993492843565,-0.037815902715671625,-0.17689398009120327,0.98350316588676645,7.3847595072096883,-27.54675056074468,-6.1500320804901589,,0.08230514754246751,0.15,0,1
-0.057915166847956175,0.9920176989763988,0.11201213490754168,-0.99540436470087434,-0.06595239007084551,0.069429338023584475,0.076262600161701208,-0.1074763562906511,0.99127839109659943,-7.0374193875726165,9.5256124146973473,-7.6529849605201674,,0.296776589872518,0.358974358974359,1,2
0.97015007534982733,0.24173933193078151,-0.019259457323185222,-0.23146355389655043,0.9467439699835396,0.22383136178244889,0.07234261894832722,-0.2126921500607539,0.97443757870180214,16.422346638377842,-33.248634140077733,-5.3673596866812936,,0.5683726737510202,0.7027027027027027,0,5
0.05498554510534942,0.99430373853698395,0.091305341359887118,-0.99205281532741152,0.044037818633990929,0.11786382876403402,0.11317155751524055,-0.097060527823300213,0.98882326656902542,-6.5122141140010461,14.685703689746145,-7.8441471798126461,,0.1433810742979706,0.2142857142857143,0,4
0.57428841327910884,-0.79101138446357433,-0.21093555419222723,0.81786479023717684,0.54305902971525222,0.19022112168480959,-0.035916615426035414,-0.28175854892753027,0.95881286852158487,-19.945986982059889,-6.323558340292105,-7.7312479524656625,,0.4696358454009597,0.1176470588235294,0,1
0.62188242058192456,0.76694618911305801,0.15829023335672121,-0.7783188733520563,0.58299299228268719,0.23310706195494416,0.086498476027926124,-0.2681654600321185,0.95948178705518439,8.839762659607473,16.001336345371239,-7.4550348001258522,,0.6393122394891534,0.2127659574468085,0,3
-0.43081360724235918,0.8978212357982539,0.091195747513376835,-0.89854800465276663,-0.43613558720404166,0.048961545203545467,0.083732425913497319,-0.060850457055662936,0.99462862553153919,-14.288430393849232,-0.78287124498211202,-7.7177734011640364,,0.2049545221325969,0.2345679012345679,0,5
-0.62899580381792719,0.75669760711051992,0.17824985321916612,-0.77625482596747208,-0.62381772961329041,-0.090993875520998718,0.042340570870630187,-0.19560207466521012,0.97976890359156443,29.273333670107323,-6.6099032082946492,-5.6146797503678387,,0.5390862334564016,0.1052631578947368,0,3
0.54272047729773709,0.82609789277373535,0.15171273867580004,-0.83383985472011724,0.50825051063910476,0.21538921773251538,0.10082450199258174,-0.24340026702919682,0.96467130661591938,-18.059606648292899,2.2856103878429055,-8.1162143943665406,,0.4772547764142314,0.4318181818181818,0,1
-0.85152987702329908,-0.50401887964040515,-0.14443627488521171,0.51621450686162329,-0.85415940794668255,-0.062723908693451846,-0.091757568855636074,-0.12797138266895502,0.98752411300965193,-20.634834118907676,-2.1439876340127002,-8.0634058347501743,,0.57434449064963,0.1935483870967742,0,1
0.94691351694514547,0.32103740381618795,0.01702283106699367,-0.31317118751109096,0.90915564033866048,0.27451744744786599,0.072653965751820315,-0.26527534184571433,0.96143142983219076,13.347748113045698,-23.640718500165175,-5.7473816190275802,,0.2172594265145534,0.21875,0,6
0.015129086215338705,0.9952254346654219,0.096423259358472721,-0.99507017904030337,0.005533205912180413,0.099018798301296326,0.098012496830701359,-0.097445973889924556,0.99040286380727749,16.359833900123654,-22.911130600447898,-5.9002451635902418,,0.3898656388073272,0.3076923076923077,0,5
-0.25242211851992363,-0.9357784815238791,-0.24617414080032549,0.9629294375736045,-0.26794629603761333,0.031171793241768827,-0.095131342553847809,-0.22917987685787028,0.96872421860265046,17.7255808830093,-22.492657378903338,-5.898270319433168,,0.3321482335047071,0.1578947368421053,0,1
0.84237879386078973,-0.52878727552611604,-0.1038363370661199,0.53881486446500548,0.8233563201869718,0.17822152462518984,-0.0087469700582101916,-0.20607859483662239,0.97849634811018305,11.098889716639949,-25.388537568303523,-5.9743935705907072,,0.6709580812395604,0.5308641975308642,0,5
-0.0032856494243601489,-0.98038420934144233,-0.19706853270325952,0.99841088338907003,-0.01430282807703518,0.054508137367335584,-0.056257554498198338,-0.19657627319428522,0.97887325858812213,-17.59782331421161,10.335408521573166,-8.1199050185919983,,0.295147763120143,0.4166666666666667,0,5
-0.46264254712110653,-0.84872733952096568,-0.25617138158459041,0.87921055155952799,-0.47633491589584998,-0.0096878235370163532,-0.11380105280569912,-0.22971058105397921,0.96658283107665321,4.2606518186174078,16.016696346391551,-7.6599251736555489,,0.4644405940643587,0.3333333333333333,1,5
0.99015993554530257,-0.13071475759362758,-0.049969532598984422,0.13906530575143211,0.95896971272063791,0.24705855747323946,0.01562506886968687,-0.25157651367275219,0.96771127666834633,15.411043746040889,-19.434372172372179,-5.9849933513142464,,0.7562805079836497,0.835820895522388,0,2
0.38105309823906203,0.92321252411327537,0.049771192901196804,-0.91987934412122085,0.37317098440288771,0.1206872348630704,0.09284680167634124,-0.091771737044561902,0.99144209094545666,12.108776809908258,-25.128106001036869,-5.9777683657874103,,0.1324809601187448,0.3076923076923077,0,2
-0.2734049943974739,-0.94538733584779888,-0.17746124719814269,0.95743926213121255,-0.28521093142879628,0.044325883219171816,-0.092519016251571565,-0.15778944772107356,0.98312904637169685,14.8704957956872,-24.550875836325858,-5.7496424360423362,,0.3130580973925031,0.4814814814814815,0,4
0.98606384349648035,0.16026139048046328,-0.044658518450777583,-0.14025947578868092,0.94517483758071108,0.29490982665174476,0.089472766808869855,-0.28453613676569478,0.95448091173895167,-20.312467945692976,0.64508824044609347,-7.9661323114659304,,0.2622811457041117,0.2592592592592592,0,4
-0.88431975728099033,0.4663976296075123,0.021256010420254552,-0.46674793969924949,-0.882059678655428,-0.064164507921366631,-0.011177104678671654,-0.066663141140956686,0.99771293363583557,-13.593085954049238,22.855497739835581,-8.4075547182537775,,0.2882470081032185,0.3157894736842105,0,1
0.87840981680022157,-0.46235858332689211,-0.12091622791400373,0.47750830303419645,0.85946574314935542,0.18249508729313507,0.019545185657954649,-0.21804397899661518,0.97574320850361052,23.527595031921667,-18.297674228153042,-5.3999067539304564,,0.2664067695934891,0.3529411764705883,1,5
-0.80238696245319563,-0.57813108036706162,-0.14812027679810885,0.58734903560971696,-0.80897073350640036,-0.024237629802693197,-0.10581244186516928,-0.10644625988606164,0.9886723020813315,11.167631988131745,-27.085301331220069,-5.8905819861075557,,0.3935105747484723,0.4310344827586207,0,5
0.75315530649563212,-0.64223879285501329,-0.14243039440233593,0.65767536816476091,0.73021961510766986,0.18504708541707052,-0.014838948979490606,-0.23304215640982567,0.97235341256615238,26.514971170722429,-12.483299554693783,-5.5739046070226461,,0.404284434443888,0.5952380952380952,0,5
-0.7841819793944913,0.61868431302020266,0.04783663884156935,-0.62050192352678279,-0.78106658718825361,-0.070088153618555443,-0.0059988409298087795,-0.08464459345295372,0.9963931486650659,-3.4698570216929303,7.575699846348499,-7.5331652380137202,,0.7334739113512261,0.6446280991735537,1,2
-0.22379452301014155,-0.93835123909590978,-0.26346340079380137,0.9710052877657922,-0.23797227266427987,0.022758044157407509,-0.084052023185263683,-0.25073122966668832,0.96440090619425256,25.317958387405259,-10.346015307714392,-5.7109594101505712,,0.5416319814094783,0.12,0,3
-0.9636519363104632,-0.23064777849317633,-0.13482042842706496,0.25602918501251187,-0.94143620013007434,-0.21942410420570416,-0.076315149655383857,-0.24596642730423468,0.96626937992066531,8.3167343235019917,17.20174542460288,-7.5047755327980372,,0.5122033585112389,0.2,0,1
0.94128741177171005,0.33676194966413336,-0.023862055622439725,-0.32537328184567765,0.92376546394319348,0.20196434112682352,0.09005684816320246,-0.18234241657998904,0.97910214340214863,8.0167295821650555,-26.539387925865409,-6.0274858564265124,,0.1252346651499999,0.2,0,3
-0.99191784515245462,0.12604758695545562,-0.01452564252681381,-0.12218085172240496,-0.97976097702811638,-0.1585568269274395,-0.034217363143549825,-0.15550059072433528,0.98724299862996479,2.4466457854559525,14.653217020468245,-7.5665338160961664,,0.2046567812913538,0.1666666666666667,0,3
-0.98989901367517619,0.053111435947892464,-0.13145005932469811,-0.040873008541631568,-0.99472227328525498,-0.094111615664438306,-0.1357547048822598,-0.087788236124028349,0.98684542138095932,-22.316479887803087,-3.5587507874519737,-7.8765280179044117,,0.2715171287446043,0.3846153846153846,0,2
-0.7204258137245132,0.68750751517667819,0.091214382062064961,-0.68769130630400377,-0.72518635564401346,0.034429882684227274,0.089818228401967112,-0.037923161304749875,0.99523591157242108,-20.623016294194443,-4.2809438937161222,-7.8002414798070028,,0.3452892128234436,0.25,0,2
0.74993374147754066,-0.64332798910166478,-0.15404052009748959,0.66138917254631824,0.72467716484104872,0.19340984772352274,-0.012796321033543757,-0.24692530286778605,0.96895002398042096,-11.01373950259549,-0.42030477377386471,-7.5843966303301062,,0.2824714172177981,0.3,0,1
-0.39489388783300799,-0.8920232946568375,-0.2198937451172561,0.91397188995117085,-0.40575112011924436,0.0046274075964646503,-0.093349888758460758,-0.19914936683690365,0.97551285381446606,-8.0863173481983299,6.5476811753323112,-7.7957578040307292,,0.5429712601101916,0.25,1,3
-0.9040005904101821,0.42506955904942717,0.045812689372803465,-0.42724612252945732,-0.89428361011890789,-0.1331073831770373,-0.015610359431719551,-0.13990244687717265,0.99004223245081513,-26.363878562281904,6.9078555383891906,-8.3683207077643722,,0.2787700766356625,0.1428571428571428,0,1
0.90662344778024195,-0.39847323880259805,-0.13875518690569694,0.42154173337302908,0.86968612253821431,0.25680462474283666,0.018343689921316821,-0.29131619629298788,0.95645093068983755,11.399787543987671,-22.90103095863136,-5.9548757945064503,,0.2618822625866752,0.3333333333333333,0,5
-0.85267962568705979,0.52228627007088468,-0.012430126049974604,-0.52055305168828214,-0.85138614336645668,-0.064545760988678896,-0.044294201834910771,-0.048566315271328875,0.99783732978114914,-5.6126443796007264,11.420736925351648,-7.7309389395453696,,0.198102543139992,0.2857142857142857,1,6
-0.93339525846891025,0.35589604408556075,-0.045948854958587033,-0.35820479686545426,-0.93172227106814787,0.059857606853200407,-0.021508486007512859,0.072329906676714295,0.99714882020178053,-15.341195364132862,3.2459140520013059,-7.8368851152698564,,0.07886367176416045,0.4047619047619048,0,5
-0.62923199138382335,0.76822640904080275,0.1178782654751146,-0.77481870649904583,-0.63194011243754367,-0.017540420507240802,0.061016990078943262,-0.10237127890526018,0.9928731279357943,-15.35544822282244,4.4119394987116882,-7.8768604578144581,,0.2446541279958295,0.3333333333333333,0,5
-0.63579541315930588,-0.73615632432240785,-0.23203029708576797,0.76236858134910079,-0.64592495464168453,-0.039687518729422271,-0.12065794121129306,-0.20212575078712791,0.97189857603115803,-13.61843345616211,5.74098913696956,-8.1074991669142022,,0.4669326321148331,0.1818181818181818,0,3
-0.93511210216256069,-0.33614630702125037,-0.11212054524079142,0.34207213629393413,-0.9389026624421668,-0.038058429162476211,-0.092477078027050227,-0.073942212132086238,0.99296552775239522,-3.9632091556562461,12.912290095216985,-7.739378121288282,,0.5015537287465341,0.1538461538461539,1,4
-0.62698427652464095,-0.71685950991229119,-0.30496419468387354,0.77252512889476632,-0.62261749330751948,-0.12470919073423146,-0.10047707309131995,-0.31378320553492339,0.94416336388743183,5.8207861902403124,12.928003976197708,-7.3729641761073754,,0.4100860834789609,0.3823529411764706,0,1
0.30210707665683845,0.95206418500107082,0.048011476462473987,-0.9496553548542036,0.29619408677675713,0.10209686555041958,0.082982053665817845,-0.076438541304308508,0.99361518113033753,-10.941994732705529,12.991845981164776,-8.6406214809068569,,0.1352118024143583,0.125,0,2
0.53639481967626168,0.82979672377026004,0.154006475982713,-0.84338945626107065,0.52027685249699429,0.13418726401368028,0.031222147461806935,-0.20186479132321283,0.97891561614467526,19.185380801433045,-17.774744315855486,-5.6420233873862848,,0.5196294987681578,0.2258064516129032,0,4
-0.95885115963936496,-0.24782591511905566,-0.13851631475623469,0.27313336606071886,-0.93835942804896266,-0.21184840838667202,-0.07747656421516802,-0.24096451935301061,0.96743655213682422,-7.2640976472082759,-0.9828883784810587,-7.4829002071442536,,0.6216289064639648,0.3239795918367347,1,1
-0.45326416500733152,0.88523369334794388,0.10446484998201701,-0.88954703263250112,-0.45672110224165308,0.010578823274935324,0.057076032228241924,-0.088131395817428876,0.9944723141527636,13.143017687098929,-18.784859320003857,-6.0666967277959341,,0.7463650732379865,0.2631578947368421,0,2
0.88930262785843162,-0.45127837117966368,-0.074085543728302908,0.4571546763620683,0.88158482638574509,0.11754912065476993,0.012265315502723091,-0.13840529466695486,0.99029972051080228,-2.3209008703527791,8.1280855944743688,-7.549359309043453,,0.1114823775201905,0.3333333333333333,0,1
-0.093715558263817222,-0.95498300198321862,-0.28146911031660504,0.99157768897641152,-0.1149135608340268,0.059737427636648362,-0.089392845706468327,-0.27350016354577289,0.95770902662391932,5.8906433814931702,-31.019964444308528,-6.0474971792171575,,0.2508436801202253,0.3571428571428572,0,4
-0.7924554694280953,-0.57247963198429175,-0.21043146137550126,0.595243477861225,-0.80114284446574502,-0.062091423119546366,-0.13303958447459369,-0.17446264277623175,0.97563479603710457,16.950090309669957,-17.84626890965059,-5.7330057238061105,,0.4417829808964621,0.2058823529411765,0,2
-0.29350534556834967,0.94266323347477932,0.15887303225430371,-0.95385922790550015,-0.29979348104981607,0.016626546831991239,0.063302333782622178,-0.14666252750756384,0.98715901331181988,0.09740582147032828,13.162404845870192,-7.6699379427618188,,0.5500437041741011,0.1538461538461539,0,1
-0.9663636575319634,0.25599103949043922,-0.024695527976767689,-0.25523516455652739,-0.96641125285321894,-0.030071600098353957,-0.03156409630021819,-0.022756934311923223,0.9992426280766219,7.3551897357490033,-28.889865828053878,-6.1193512693784093,,0.195923335439811,0.3333333333333333,0,2
-0.99140966674227093,0.13019692400861627,0.012475322387547479,-0.13044396773770084,-0.99122013592380043,-0.02161049328563381,0.0095521710005796335,-0.023052182497484947,0.9996886279793713,-14.90475315446867,-1.937942386235278,-7.6799509513673838,,0.254181672277573,0.24,0,4
-0.77089681915127695,-0.58027106380336002,-0.26268533787587267,0.62958046805509982,-0.75674569823045623,-0.17596699251058953,-0.096677445487382815,-0.30103395277313388,0.94870017962042041,-20.627629418001153,2.1180539548651365,-8.0411704148555607,,0.6319225272980534,0.1224489795918367,0,1
-0.95467701074603184,0.29730291188468333,-0.014240215514903346,-0.29617948435608932,-0.95363240222531698,-0.053506583450398618,-0.029487593994487759,-0.046863845455335902,0.99846595424659146,11.10519836922437,-20.44235975679123,-6.1802429140050963,,0.3490571148419528,0.1851851851851852,0,1
-0.50165683860176402,-0.83850818283447426,-0.21270741313764899,0.85919565358563366,-0.51155377626438914,-0.0097756252586906865,-0.10061433865825846,-0.18766129411594215,0.977067036362956,18.828723332869107,-15.60353363692087,-5.7077259492569574,,0.5597147636238015,0.2631578947368421,0,1
-0.93980240644813418,0.34117410339278909,0.019278693120233559,-0.34081012696877255,-0.93170116892349419,-0.12562399922835557,-0.024897674385911669,-0.12463211063254563,0.99189059014059189,8.2317016219680106,-27.845338239028159,-6.0530479457544413,,0.6541496822493085,0.3928571428571428,0,1
-0.60502475517950094,0.79571095615448051,-0.028091277573436674,-0.79549167430167023,-0.60261025488025588,0.063670062273249464,0.03373487419142196,0.060868341269302427,0.99757556269909375,-2.4034246344759551,13.718481180918083,-7.6811171663649009,,0.09471472773170277,0.3928571428571428,0,2
0.99074082444549372,0.1174901110649391,-0.068034495507870066,-0.099009115735171696,0.96812451440428082,0.23006981464506332,0.09289679100163549,-0.22120352260174928,0.97079307157095751,7.4615984894946061,20.002186510322623,-7.6470005382409187,,0.2155386429994406,0.1666666666666667,0,3
0.016963081253450304,-0.97118724630096132,-0.23771324426027249,0.99643746127535382,-0.0032231081827045595,0.084273348935293257,-0.082611377191740068,-0.23829591728772387,0.96767268028114017,-15.681017198611702,8.6269455611367967,-8.0027156068146841,,0.52201083241069,0.4347826086956522,0,1
-0.90327394807628525,0.42690507033794689,-0.042991111249110342,-0.42888210844526481,-0.90126631312008787,0.061474953358818252,-0.012502471044752897,0.073966842265148644,0.99718232759265168,-3.2628190166745261,12.25164681034749,-7.722257375119093,,0.06855010609559023,0.3448275862068966,0,3
-0.87911335222934461,0.47602701116342933,0.023621993457276103,-0.47650652033034435,-0.8767908896855674,-0.064647288010076687,-0.010062306631706389,-0.068088327980667177,0.99762855290836872,-7.4857195528025491,-12.349975944742699,-7.2960527177220431,,0.3792950296360404,0.2307692307692308,0,1
-0.98451060309912319,-0.15726020010314493,-0.077511946491622158,0.16094974032151776,-0.98598728276046899,-0.043866380350603716,-0.069527357751012792,-0.055662444234390325,0.99602592276808566,0.94074382462693629,15.170502236819424,-7.7979244121185038,,0.09683185719538523,0.3333333333333333,0,1
0.73604448040657411,0.67624481270332137,-0.030520094280089397,-0.66979207629484461,0.73407078055279207,0.11188683421768417,0.098066800680235489,-0.061911569439516388,0.9932521634378042,-5.8575307924970561,12.688513359562389,-7.7048520135540093,,0.08965020200658755,0.6428571428571429,0,1
-0.4610138692633623,0.88739288481188294,0.00028342912470342242,-0.88608916816510908,-0.46035382914726503,0.054040152201089708,0.048085324240247279,0.024662116184463161,0.99853872314398262,9.7641763585751669,-29.520940379216505,-5.9267787303137869,,0.1459471769971263,0.5263157894736842,0,1
-0.98504256238958254,-0.15012322391946048,-0.084582314469350009,0.15537273234823343,-0.9860741750027634,-0.059304598769937988,-0.074501438399595485,-0.07155933924126627,0.99465008754020823,0.37803181882475373,27.087019274080887,-8.2652232082231318,,0.2589632729374768,0.1666666666666667,0,3
-0.99510253878372845,-0.0701413871565853,-0.06965000440724467,0.07615557531061995,-0.99322094999342081,-0.087820685736769766,-0.063017978825789897,-0.092694823490408501,0.99369834660363365,4.163514262768385,-28.301677093772689,-6.2887639175066496,,0.3325793308812062,0.5384615384615384,0,1
0.12138756765157323,0.98834715925375494,0.091841990476406982,-0.99051831812946223,0.11461605487399847,0.075740487291166184,0.064331328834538098,-0.10016512746537215,0.99288893002703449,-8.5545625963703458,7.5198395985653512,-7.785764775172006,,0.3264956256512456,0.2439024390243902,1,3
0.32044755536445141,-0.90714304001362678,-0.27277255949926882,0.94563847496749531,0.28947302573723138,0.14823374120517202,-0.055508908493110645,-0.30544536716959297,0.95059028437731052,23.744944107806003,-12.460234515082954,-5.6679548366725676,,0.2196617430850166,0.1176470588235294,0,2
-0.50953119036703387,-0.85139950317403568,-0.124486352818928,0.85454261291474587,-0.51763476827592003,0.042557835762331415,-0.10067218461915141,-0.08469434849468821,0.99130821573165029,-7.2903919755033382,11.901479207164138,-7.7601643400738389,,0.3980912451887811,0.44,0,1
0.39645108306502796,0.91795548563202323,-0.013574429440767624,-0.91239293589642334,0.39560231876849072,0.10506158151911943,0.10181193084737866,-0.029266564251198803,0.99437306829683336,-3.2618197576979382,19.661556393174731,-7.9329272803464024,,0.1839603879815472,0.6666666666666666,0,3
0.96480314091915698,0.26293590257138816,-0.0044283644271182988,-0.25174521761348795,0.92834674441071308,0.2734897942351206,0.076021343590254087,-0.26274899292100146,0.96186471088076242,13.616874069004893,21.832727042264047,-7.4370797830480866,,0.3962802521667811,0.5909090909090909,0,1
-0.53415918141223673,-0.84083678408007301,-0.087564099098260378,0.83935295865623616,-0.53984616391395279,0.063661056403524027,-0.10079970093225639,-0.03949204787384808,0.99412262746941715,1.6115356722611429,20.464259354206099,-7.8584928125384916,,0.1358865832808142,0.1363636363636364,0,1
0.81238403144901328,-0.56824518761526477,-0.13088006799640264,0.5828069144970045,0.7838416778071825,0.21430894649291773,-0.019190775417679346,-0.25037897452564872,0.96795768670658033,24.622811252093115,-11.252815049938647,-5.7211576285911434,,0.1592481817035818,0.2,0,2
0.5687670322341819,-0.7710907354808787,-0.28622218764288515,0.82168610919490748,0.51722658031658131,0.23939215227352442,-0.036551347439682101,-0.37134315971830273,0.92777597335281925,35.124107627747918,2.6487798744652871,-5.5950067285225229,,0.6399396510343073,0.3125,0,1
-0.42884865563412372,-0.85938438011866536,-0.27847319039516899,0.90043812100232423,-0.43147988433335421,-0.055102628444394897,-0.072801241793052182,-0.27437856443923359,0.9588620247823233,-8.8617571145098797,16.067005785397498,-7.9243600878164537,,0.3987745551966692,0.3333333333333333,0,3
-0.80765579425003342,0.57971840837512512,0.10779000419964685,-0.58964388559629621,-0.79511575838424109,-0.14181332429625856,0.0034937362880302705,-0.17809406997445301,0.98400726422455076,1.904616897199892,18.828439950130502,-7.7356303519599612,,0.3706438756571317,0.3529411764705883,0,1
-0.73829925816098885,-0.64508730157419469,-0.19691769536194284,0.66751315939608236,-0.74068043666012118,-0.076280225366961718,-0.096645679841343757,-0.18776278677282648,0.97744807968060821,-1.4491566563241007,16.168324357477111,-8.3086940832586258,,0.40257770272481,0.2692307692307692,0,2
-0.68893948659062898,-0.67205981770457246,-0.27147372845845802,0.71592115989679006,-0.68945644210417911,-0.11003048329022906,-0.11322224440574713,-0.27015813122677468,0.95613561146093784,13.068596879827625,-21.423448882325978,-5.9129165266405543,,0.4570683869857943,0.2571428571428571,0,2
0.99000896036418129,0.14048911698020466,0.012044351736544107,-0.13608745192684465,0.92963349186316435,0.34243506863981971,0.036911567654192429,-0.34065287143428202,0.9394642927524639,-9.707700437600586,13.417700019944212,-7.9284513152476332,,0.7679204277633703,0.2222222222222222,0,3
-0.33529524909195124,-0.9201653557170878,-0.20217026011363018,0.93703604135425633,-0.34796765325925183,0.029697971115799776,-0.09767575512639802,-0.17948323159363855,0.978900003287973,-12.707778056788449,12.818115162083155,-7.9611734986844453,,0.2428386417667053,0.3333333333333333,0,1
-0.0024066902671665983,0.99990128082331553,0.013843281758768138,-0.99656191805249139,-0.0035446499903272347,0.08277547308223282,0.08281637114423275,-0.013596472496231903,0.99647206915505737,-9.8515009731305483,11.251429869369831,-7.8782234934260256,,0.07073568301663045,0.3157894736842105,0,3
-0.5987912676280942,0.79614707661075601,0.087171384160674159,-0.80022322638112464,-0.59921755276430322,-0.024106273443729405,0.033042484357631421,-0.084191192314323204,0.99590162032410068,-7.1780857886151388,6.4511104365253686,-7.5836809881396343,,0.1335862072827337,0.3917525773195876,0,1
-0.1594724598339089,-0.98110055752409997,-0.1095911975499108,0.98295088707221989,-0.16809585709907027,0.074507291120173902,-0.091520971140278795,-0.095840903856496379,0.99118032314484084,22.23793797908122,-10.497877916084208,-5.765936873916357,,0.2096646932663433,0.2068965517241379,0,1
-0.15485411966004634,0.94693622427414237,0.28165934882716676,-0.98517555769065257,-0.16931526913507752,0.027594567701420991,0.073819524200743253,-0.27321077357078694,0.95911758979367501,14.817194669480012,25.121193147505242,-7.5687475534383895,,0.4040578060783699,0.4090909090909091,0,1
0.58115189767258579,0.81346588386618279,-0.023145790489080567,-0.80671742868523233,0.57960743303886508,0.1151616855624599,0.10709557454461713,-0.048254319515558954,0.99307706577135824,-4.0963356023064526,16.723912656280277,-7.8912718672451305,,0.08000484989162684,0.3571428571428572,0,2
0.99444503759343728,-0.093643646122576876,-0.048061780519005753,0.1035912968036609,0.95163655986654205,0.28923468179302031,0.018652357285965718,-0.29260677617964259,0.95605092129103331,-19.26384246249485,-2.9696987404014994,-7.8383034584745648,,0.3115325951147102,0.25,0,2
-0.94499487795660342,0.32471457484458011,-0.03930808465554414,-0.32556460754926025,-0.94535920614380364,0.017425776035901369,-0.031501856248164067,0.029264590252741082,0.99907518075981594,12.779608133787884,25.410101629096506,-7.6085047149660632,,0.1416315204886654,0.2777777777777778,0,2
0.99839370247271886,0.019684292594599081,-0.053127615115555027,0.0026616494549435619,0.92037549718729961,0.39102667402545632,0.056594438640164453,-0.390539975933683,0.9188447076153422,15.169554912189108,-23.402098674759035,-6.0543275661131721,,0.3377206318698415,0.2105263157894737,0,1
-0.66470478310168191,0.74660009047019849,0.027492839643037791,-0.74709103786497255,-0.66447496784941285,-0.018110721779127127,0.0047468372191196697,-0.032577937494781974,0.99945792584030368,18.586026961080147,30.531119362963867,-7.4508833111805535,,0.210024240811519,0.3571428571428572,0,2
0.99586358685217935,-0.073822662733108627,-0.052971037831118999,0.085947954379264904,0.95447611416167033,0.28563665141724848,0.029473132170367268,-0.2890078925597579,0.95687291346251202,30.92558072542484,-11.662871185935833,-5.398084890083763,,0.6140880432979359,0.1,0,2
0.17415924727153298,0.98463507154371088,-0.012740976254798763,-0.98039701263937584,0.17459131070343265,0.091321256203834272,0.092142575379690506,-0.0034132261820366628,0.99573997393367186,-17.506623883906695,-6.4061211134898333,-7.7657443858338899,,0.4245781099530563,0.6818181818181818,0,1
-0.90983737464414494,0.4117309323403906,0.051706779582201046,-0.41461655687163074,-0.89688315180055955,-0.15392765438415765,-0.017001837211417362,-0.16148761986730592,0.98672827372130623,-12.296387049820344,8.7737666427250183,-7.8581643401152457,,0.1215193470245231,0.2222222222222222,0,1
-0.1805409423110392,-0.9511828415876632,-0.25031214516811001,0.97921701139671613,-0.19773412609658123,0.045113855611171261,-0.092406778651386204,-0.23696501270449255,0.96711352488383406,-18.709951821926666,-7.7774074006097216,-7.8684923583598998,,0.6722564226302725,0.4693877551020408,0,1
-0.039966849820283576,-0.99473446891394079,-0.094371538452776044,0.99640957192148261,-0.04673187461311696,0.070598136507934256,-0.074636558727555938,-0.09121111911189779,0.99303067216056529,1.9664037684389386,-31.108803125159298,-6.5212153397259138,,0.2628678053271133,0.6538461538461539,0,2
0.2633797309128682,-0.92421583504129545,-0.2765071565135121,0.96197399219599666,0.23011600403714336,0.14714843874290992,-0.072368195243238995,-0.30474860942242255,0.94967948770747801,-13.341435952489524,8.7230717133592819,-7.9067081382768016,,0.276286669707153,0.1333333333333333,0,2
0.40817504840274832,-0.86793483868536181,-0.2829880662813013,0.91179421898167345,0.37231895997692699,0.17323364070901842,-0.044993689479924111,-0.32873653255748081,0.94334927787594636,-1.4559093772167648,21.597379142500738,-8.2249179081955184,,0.1465946879917495,0.2352941176470588,0,2
-0.32549394387508107,-0.91570782653994509,-0.23565412984740039,0.94051318893785019,-0.33922106931778906,0.019078982280302317,-0.097409619312478032,-0.21542572396161425,0.97164969177220084,-25.479642243303125,-20.972983801469855,-7.9851269219887753,,0.2382959082049075,0.3333333333333333,0,1
0.9979572390497693,0.037869132343614074,-0.051451703992218593,-0.024804766893918764,0.97187249841763745,0.23419771638254175,0.058873360423024886,-0.23244305890906053,0.97082653022952525,-7.9246030252636679,24.423468256068844,-8.3596559652884679,,0.2460127631391109,0.25,0,1
0.84281053102477932,-0.49155933876438329,-0.21917989247933195,0.53820298011818379,0.7718816743853244,0.33843202115050208,0.0028215218651075472,-0.40319734277600355,0.91510870490490603,-12.661268387471258,0.53110784008824263,-7.7198171476446529,,0.4192747646192508,0.2711864406779661,1,1
0.92229371375875202,0.38648116171222163,0.0025723924003471115,-0.37614683561158102,0.89606277498580544,0.2357648433166678,0.088813645463318214,-0.21841203017762165,0.97180673050417088,-6.0921195367221888,25.854242060839521,-8.4609610045354557,,0.1435424044136,0.125,0,2
-0.77748348056969985,0.62885371260825684,-0.0079022515801319988,-0.6254357476261394,-0.77445326219638755,-0.095143419450346461,-0.065951217066524778,-0.069030086282608538,0.99543220972362489,11.091330470697867,28.246732971300645,-7.8380523456875704,,0.308595703552921,0.1764705882352941,0,2
-0.97120688222351736,0.23604283548591162,-0.032264093625055348,-0.23557616656081293,-0.9716960362269399,-0.0176262000830264,-0.0355114301343607,-0.0095180353343342298,0.99932394414083148,31.694357941784528,1.7574177718367245,-5.9158783254457852,,0.4869166126683434,0.4848484848484849,0,1
0.83781633463086846,-0.52298248129908709,-0.15669433199687718,0.5459120866607291,0.79902961681602713,0.25205488507180795,-0.0066168771657022689,-0.29671702968499114,0.95494252247530098,3.3715547992198673,-30.348562909616437,-6.3182704607691438,,0.1649353564271947,0.2777777777777778,0,2
-0.11852041874743337,-0.98708143329572229,-0.10781073407966699,0.98838606739321444,-0.12767797040402737,0.082409451257035166,-0.095109894978968365,-0.096791424808047616,0.99074998256912361,38.046355501546195,-8.1699206699889366,-4.30719319597506,,0.2015696222211315,0.3888888888888889,0,2
-0.9529495703606824,0.30119445117417565,-0.034190918842259624,-0.30039400489748497,-0.95344271787623225,-0.026653809304377243,-0.040627062052782721,-0.015128989082930561,0.99905983580478719,8.9391441462939376,20.163734815695591,-7.5698390124483614,,0.1137274512953375,0.35,0,2
-0.44065043718686936,-0.86314804452290084,-0.2465819244050837,0.8921023847510553,-0.45163808352253426,-0.013280686487284785,-0.099902589198188813,-0.22582846310504323,0.96903094786653377,2.4180428650670085,-36.495591395310527,-6.9132784822236788,,0.6326992285700304,0.6875,0,1
-0.15897953396274445,0.97492895744767816,0.15568890683337824,-0.98622587501862125,-0.16411413338419853,0.020617338996804783,0.045651190835993345,-0.15026669342717708,0.98759095258194796,3.5570952503638726,26.842140252457526,-8.1547428728604334,,0.3829479800950554,0.3333333333333333,0,2
-0.98778907011917316,0.15199126607211089,-0.03422583805980866,-0.14955147119408643,-0.98660483046147884,-0.065155705611726344,-0.043670475344147565,-0.059241569424470709,0.99728798550636444,28.135290582577916,-1.4889892881249991,-5.9068865167868383,,0.1066686301031942,0.3333333333333333,0,1
0.81366762094791145,0.57859445555693934,0.056333459149383716,-0.57361172988575293,0.78334680882557339,0.23945220909456055,0.094417085098198156,-0.22714804225781932,0.96927250086856376,7.2043212203631031,18.468380235961352,-7.8252778909466629,,0.3895320351623571,0.28125,0,1
