axis_00,axis_01,axis_02,axis_10,axis_11,axis_12,axis_20,axis_21,axis_22,location_x,location_y,location_z,dbh,dbh_approximation,score,reconstructed,number_clusters
0.2212617120554092,-0.96501085274266452,-0.14070290994568141,0.9749558044076585,0.2155657841786249,0.054704406982149352,-0.022459613311970536,-0.14928310949443652,0.98853938666577534,-25.061392584636579,-0.39329851228580304,-2.154949878346903,,0.1249110150831892,0.4130434782608696,0,4
-0.79059568071996222,0.61068404147349586,-0.044983009198320392,-0.61188702485626212,-0.79069869467384468,0.019744443614082834,-0.023510390032719802,0.043134391506954882,0.99879261402446984,-4.8978619846389009,-3.7916525637285723,-1.298919926799651,,0.0705333582426025,0.3648648648648649,0,5
0.82134660638306622,-0.54531331492991564,-0.16740113722185243,0.57010633293253554,0.79461389146993433,0.20872837045602363,0.019196909471054853,-0.26687478720020863,0.96353999741765073,9.5543507555344434,5.2041873888148329,-0.6383726133243931,,0.2204707394996833,0.5555555555555556,0,3
0.43302090723201986,-0.89818136821867289,-0.075915240135241382,0.90135821728148335,0.43083467113489199,0.043986933141962482,-0.0068013262753980853,-0.087474087208283702,0.99614357701486655,-2.3644112058389948,-10.500427313889778,-0.78657130225835348,0.1514108784865361,0.09382973246787843,0.3283582089552239,1,5
0.90286004581026269,0.42993303054537674,0.0011519225486916144,-0.41995566890483849,0.88132733281580877,0.2165626204737619,0.092092202895683928,-0.19600949384619357,0.97626804950688595,-26.532881551836034,0.38474650124330095,-2.2322832437666511,,0.2979164034530113,0.3255813953488372,0,4
-0.46874606795949947,-0.88109447934626384,-0.062846179184134807,0.88148511294054388,-0.47117964356000253,0.031204793844307563,-0.057106211892446364,-0.040770846940002742,0.99753527185914093,-4.4130014273259457,1.9503290667485769,-1.4826619450481062,0.5201987438743508,0.4685375174225692,0.9726836471022517,1,5
-0.55525169642500793,-0.81717179609773216,-0.15467969898973763,0.8301973627577599,-0.55569912349890183,-0.044393952432868478,-0.049677887306226784,-0.15306449557280574,0.98696675106501519,5.3487712911931462,15.663343908322419,-1.0640261297577784,0.3072333601589254,0.3017765771274573,0.85,1,5
-0.9940348524592636,-0.082177407198275071,-0.071704852293678858,0.087126675417455501,-0.99381422065590963,-0.068863903845105323,-0.065602244831947501,-0.074700525890086175,0.99504581648522761,-15.231995295772908,8.5024415316558191,-2.1454050975764516,,0.08921458669858531,0.2682926829268293,0,2
0.63600152049992642,0.75794448334862474,0.14499043445402338,-0.76951517773317346,0.60882702957380841,0.19281088998968413,0.057865854871960727,-0.23420035914088119,0.97046470034629195,5.0744330814327965,7.3327550432554416,-0.96971691700498197,0.8053424980622573,0.6082625880908066,0.3417721518987342,1,4
0.8701027702452665,0.49282626811548619,-0.0065908016868026159,-0.48697450964019617,0.86167970187831,0.14270220156534491,0.076006553481935996,-0.12095602848253864,0.98974372592178017,-10.577821459850881,27.13947319066062,-2.1468431339366592,0.4128722689954303,0.4681410227575721,0.9056603773584906,1,5
-0.896089412550653,-0.43709841899136526,-0.077257600466721352,0.43907267654535526,-0.89839766740702609,-0.0098395075544206768,-0.065107214853075523,-0.042738779964623538,0.99696261076392034,-12.448222148297827,9.8354093891413132,-2.0191927516738484,0.1480603409037652,0.09414025452914231,0.4363636363636363,1,4
0.99799790468393712,0.0013745002647547492,-0.063232056707743567,0.002882110848600451,0.99773692151495397,0.067176847819150703,0.063181292195755911,-0.067224595163400888,0.99573539563560254,-13.546194184304102,-8.5977000841936988,-1.3616371570787111,0.2405625811868788,0.1238507187240995,0.543859649122807,1,3
-0.5079336258901993,0.85665815567995596,0.090223256409035377,-0.86131723279035355,-0.50367514333026486,-0.066663141912186211,-0.011664312598780468,-0.11157129692825467,0.99368797392005537,-12.11028280742441,-3.2354669385676917,-1.6562192720752746,,0.1666031343617191,0.2765957446808511,0,4
0.34215493046802886,-0.9174285784690045,-0.20311279370034455,0.93963603128070639,0.33319825643865492,0.077865593334171451,-0.0037592918828754682,-0.21749419604803405,0.9760543747199526,-8.4188849042417502,-10.734504075807658,-1.0612816390550603,0.1819044920964717,0.1714346314376662,0.303030303030303,1,5
0.84646041951342721,-0.47975530742016487,-0.23095368193500465,0.53144367314309338,0.78792015777755331,0.31104573175655703,0.032747220848938517,-0.38602677364397697,0.92190615008074017,16.199401883874188,-2.2681034006677416,-0.055300228949973787,,0.2694680661443957,0.2222222222222222,0,1
0.77624120761876647,-0.62422042898854158,-0.088308797001877576,0.62976879799533314,0.7742175277880502,0.063075199066445098,0.028997390676936425,-0.10457569363441784,0.9940940979780577,-21.245867781513557,1.8792086323744437,-2.1639902218632669,,0.1030049671731997,0.4925373134328358,0,5
0.98956280973299759,0.13761773485566817,-0.042741135297623252,-0.13031151598806778,0.98121249412419453,0.14227069331196981,0.061517106517019311,-0.13521612488077012,0.98890456828654683,-34.887722233296053,1.465650640836891,-2.688951505518725,0.6020679154238896,0.633993402267731,0.8469387755102041,1,5
-0.86330903594948116,0.5046642803850675,0.0033871154982788483,-0.50349698549989552,-0.86081497047438271,-0.07408354877909798,-0.034471641105331297,-0.065662399519122838,0.99724628615447641,-1.5325701184991547,13.84468041183642,-1.4810602969986602,,0.1002143116734652,0.3,0,4
-0.6482287509708331,0.76144120082777145,-0.0026046298693019969,-0.76140155119583308,-0.64822422819865655,-0.0085456312134598363,-0.0081953798797795609,-0.0035563546249808954,0.99996009324893009,-0.94013354725116238,11.60056087996899,-1.3985362687524736,0.1400142045764596,0.09124618366430312,0.1851851851851852,1,5
0.52534322306604875,-0.81469282702540535,-0.24554041535341425,0.85011414762997717,0.49021230235812596,0.19234821188693532,-0.036337776183081351,-0.30978621049055244,0.95011160913440595,-14.455018914731811,-15.876429114321105,-0.97465950158273695,,0.3152827443752478,0.25,0,2
-0.3224851534343478,0.94540404548864976,-0.047058650513143896,-0.94656326142643932,-0.32184006149985289,0.020903754005239184,0.0046171346272023987,0.051285140025781932,0.99867337827758706,-19.395281984244175,-3.0146684397573398,-1.871870726891304,,0.1121100559648301,0.28,0,4
-0.84371703724687264,0.53652233527034998,-0.016892152480046056,-0.52633410334648689,-0.83305606335241433,-0.17026452057380434,-0.10542282823851996,-0.13476416091761237,0.98525359589212524,-0.41822649334396522,-14.562586094385585,-0.47813613743531647,,0.6309640365914007,0.2391304347826087,0,2
-0.48863880807826904,0.87182100759115266,-0.034062383395683959,-0.8724816141112578,-0.48838988515891768,0.015847810961541017,-0.0028192689942522953,0.037462658704439954,0.9992940512807692,-2.8057889503175453,6.7322451352613983,-1.4602120742201716,0.1601927259855674,0.1219668622828912,0.5378787878787878,1,5
-0.61766769152663514,-0.74063032302198051,-0.26448695140690209,0.78486111202501774,-0.60181687226844638,-0.14768035442766206,-0.049796161247758375,-0.29880290640049706,0.95301477714230964,10.724410246969763,3.7003177151533397,-0.52760825799285493,,0.3083695012596635,0.3076923076923077,0,3
-0.70218793224310116,0.71123463810425092,-0.032823731854736332,-0.71175009096420672,-0.70240414911493665,0.0063418702733311861,-0.018544967635446098,0.027815478907177744,0.99944103543358842,-2.4544732153807098,1.7809879436605143,-1.3844500608405439,,0.06976192117822995,0.2415254237288136,0,5
-0.46562836065942703,-0.82048261767089015,-0.3316602234961829,0.88315347701022939,-0.45486993907711115,-0.11460049986246576,-0.056834547542461429,-0.34626812244835464,0.93641242066823038,-16.865839747340889,-5.2859956518546509,-1.6561889149871361,,0.2660972503195169,0.15,0,1
-0.36687181081204018,-0.91967742123627272,-0.13999469739848905,0.92866624497259886,-0.37090480384257069,0.0029380154863667073,-0.054626732283640574,-0.12893047488745285,0.99014789439018058,3.414285717131313,-9.9008004878528322,-0.5482346444081081,,0.0736646570800156,0.3333333333333333,0,5
-0.70876395732786346,-0.65907516963262303,-0.25154238920443517,0.70301298205506024,-0.68947892838485825,-0.17433173656944767,-0.058535458100182382,-0.30039761664666492,0.95201621417810178,11.204078060194751,-0.41594451721596876,-0.49998384419807762,,0.5379217099120744,0.4690265486725664,0,3
-0.73057538094578933,-0.62541770000557684,-0.27406625709059534,0.67961263333083388,-0.70492099280483189,-0.20301000596073876,-0.066229007036523069,-0.33457300312903865,0.94003969288757794,1.9077092399299771,-18.105417433648313,-0.18356177124725157,,0.4195933738271699,0.3611111111111111,0,2
0.10833096996763303,-0.97453277624963619,-0.19634222409112187,0.99324206224022793,0.097829336449634749,0.062446991333477204,-0.041648610332770619,-0.20178029870381486,0.97854489131176214,7.9249772949860899,8.2620301291515688,-0.78923943358909898,,0.1957207937137309,0.2272727272727273,0,5
-0.97064716331921141,-0.19099705829063057,-0.14616500287242259,0.21423066515349351,-0.96283142562347479,-0.16450187822563345,-0.10931288326753426,-0.19098630724791471,0.97548701887597966,-6.9560191905927926,-9.9614265025636897,-1.0407156572123126,,0.3585734880376729,0.1923076923076923,0,4
0.99529198748876102,0.083155472056183857,-0.049789829360886842,-0.079575959319273554,0.9943672960064176,0.070009623133565083,0.055331061250353086,-0.065717943516209604,0.9963029787975699,-18.649582419500383,0.75400112010528453,-2.0714151847808573,,0.09752010870965906,0.5113636363636364,1,5
0.87370124728260246,-0.47999335891503986,-0.079072788582936163,0.48510255738961655,0.87181854952630289,0.067881702364528992,0.036354357522554143,-0.097666739985066225,0.99455496006495858,-10.06850028465368,1.8003724163325514,-1.7646848118694587,0.253094149160222,0.201376891779548,0.830568720379147,1,2
0.43560422211128236,-0.8855153707089195,-0.16159050070183525,0.90013010033375596,0.42775753330907157,0.082397179384256156,-0.0038424148614241097,-0.18134503283956754,0.98341202703264186,-18.177796318691144,-9.6330021254138583,-1.4354604399475619,,0.1696283999245007,0.4285714285714285,0,1
-0.9245858850778409,0.38097304161232404,-0.00069475137964268628,-0.37702010686013193,-0.91525147942423668,-0.14202312640876577,-0.054742854675289075,-0.13105064279277681,0.98986309603176947,17.001925513620623,8.4452927722114968,-0.1308045578235365,,0.2149705359208611,0.2,0,5
-0.92045869962986115,-0.33769728193193083,-0.19676465142776714,0.37979854840272598,-0.89165498271010124,-0.24638273973521582,-0.092243400343260062,-0.30151606521715368,0.94898852338111994,-17.101909330199888,17.24924660918607,-2.4078538271665701,,0.3300192070706709,0.1923076923076923,0,2
-0.97581056457797,0.21220386547159298,-0.052566734128490521,-0.21267400738331296,-0.97711710812515618,0.0034530555530344585,-0.050631103499172582,0.014549106090884913,0.99861144339047636,0.58701778646483393,-2.4686012460239661,-1.1145060149960107,0.5769442411476919,0.5100680961374541,0.9974070872947277,1,5
-0.79749971034122724,-0.55928923898439198,-0.22625153957911093,0.5995663340313595,-0.77646314978009068,-0.19397213235353231,-0.067189456776004505,-0.29034552552061088,0.95456013572132026,-19.578493416500514,-13.662697130524437,-1.3148998261030134,,0.1330598170872861,0.1538461538461539,0,1
0.78322373195212569,0.61635472002507719,0.081654423087746564,-0.6177989609415423,0.75675446748175856,0.21365186590795296,0.069892986533233836,-0.2177832294948531,0.97349136379541479,6.8539149361337284,-3.838900736485849,-0.72934035526642638,,0.4057901459823162,0.2,0,5
-0.1670882919785972,-0.94672661304555605,-0.27530024125482405,0.98478459908528448,-0.17377941639623989,-8.8551779072186158e-05,-0.047757680933127218,-0.27112623367773087,0.96135829393812278,1.5496732067811254,-15.151896083415926,-0.35175500572044732,,0.2450155862652711,0.2272727272727273,0,5
0.26783667416123624,0.96315387337371228,0.024456740982021764,-0.96230293112537713,0.26618160637320032,0.055860730178628575,0.047292544039782121,-0.038496345720035803,0.99813899164617759,3.1650749675445007,19.480389764820206,-1.26099181465292,,0.2063037556183073,0.1764705882352941,0,4
0.79553819088816147,0.60364250844451373,0.052294443655185652,-0.60490122486446773,0.78629651697670178,0.12582645011194296,0.034835255070934927,-0.13173271950856244,0.99067300135565461,1.9082000681636953,-10.862229601028952,-0.57177864925177646,,0.2012126279033218,0.2083333333333333,0,3
-0.42789037805862506,0.89972889544777168,0.086010110226532127,-0.90381981868193728,-0.42640908315131237,-0.035847303438447588,0.004422637515983382,-0.093076358450417368,0.99564915094375117,-34.964301866914269,4.7332132831761262,-2.8122529751786685,,0.1641334812967982,0.2631578947368421,0,1
-0.38228348406737162,-0.8815589814259116,-0.2769712982903122,0.92075158495963283,-0.38869117596057212,-0.033699978111441847,-0.077947781261789681,-0.2679047069345683,0.9602870463557589,-5.3050318057535399,-13.783837265096698,-0.75956848408923761,,0.4144945682247727,0.3777777777777778,0,4
0.19383153766505437,-0.96865912100057039,-0.15533461400731816,0.97982939754026943,0.18330436717846083,0.079585555782294926,-0.048617761386897773,-0.16762761191315106,0.98465085030279675,-15.394756719239041,-10.018836185853988,-1.3351716325813996,,0.1573608569456963,0.5,0,2
-0.28515055753945756,-0.95431344840906529,-0.089302865130603648,0.95728777271430843,-0.288207225961915,0.023167112789824466,-0.047846418325881435,-0.078882425729283862,0.99573504666876589,-18.478747467404727,-0.47879621006162698,-2.0068619433413737,0.3254666562167849,0.3120699838818349,0.8984126984126984,1,5
0.99816810647673881,0.0089224853424850377,-0.059839957118595279,0.014043409635856378,0.92788348356884875,0.3726057213274348,0.058849076954882777,-0.37276350435021355,0.92605839770832332,-9.7891773103519455,-11.724021105009182,-1.0355792793457648,0.5015272319900287,0.4034812092825535,0.3333333333333333,1,1
0.15389191452778589,0.98803125061968544,-0.010560608025747252,-0.98701444224048285,0.15421399396149629,0.044950360122616717,0.046040954070066545,0.0035059756622703381,0.99893340052426638,-12.286048998734405,18.613092746434418,-2.2130625043652739,,0.2859773154684837,0.8026315789473685,0,4
-0.64351707187848362,-0.74156845081607548,-0.18963652326275765,0.75996851132783116,-0.64855260348380317,-0.042747892398804541,-0.091288772535844595,-0.17162678482283894,0.98092334396744396,-12.083799871498027,-18.98243427439435,-0.73078210447787861,0.4790051767842756,0.5278987652013646,0.8690476190476191,1,5
0.45950315639509831,-0.87396954806357507,-0.15822161142047331,0.88811716418106135,0.45417608217232758,0.070512332748139395,0.010234840005143136,-0.17291996830946016,0.98488269992417055,-11.272960015327589,-9.7698396226996067,-1.2263213762820804,0.8341930973663351,0.4395180699878073,0.24,1,2
-0.99615225703597166,-0.076716092182172665,-0.042371240274915331,0.080249676025069577,-0.99277679800481111,-0.089186427449385097,-0.035223150058017273,-0.092243539305522329,0.99511328960896706,5.4360121693981744,-19.603050987222538,0.065354639531373826,,0.1961883364833678,0.3809523809523809,0,5
-0.14379135928424622,-0.96398343757414429,-0.22374087037893722,0.9864931276631379,-0.15755162613291424,0.044819573584249837,-0.078456064574947623,-0.21427416359797088,0.97361759882707599,-38.656737746211775,9.6459728689656448,-3.1107987004969688,,0.4504003751919508,0.9655172413793104,0,2
0.44075104419424699,0.89407384958202518,0.07981521493586799,-0.8976292858794287,0.43896288615120477,0.039664211997602908,0.00042681760430702674,-0.089126517240281825,0.99602022155744918,6.9791574751426451,-13.578782972289664,-0.16851372029018929,,0.2936876275701197,0.90625,0,6
-0.99708285862330803,0.075031993359019208,-0.013999036114809205,-0.071736692625990944,-0.98386832670437785,-0.16388094043851173,-0.02606952187240372,-0.16239863201547919,0.98638079074404361,34.251109602989573,-4.4985957312555813,1.3889065811542769,,0.4030903484453483,0.28,0,2
0.99567138600161453,-0.073388119411860811,-0.057032227966430184,0.076995289173240541,0.99498434874177966,0.063858211719609356,0.052059740133364639,-0.067973007054917461,0.99632798503763786,1.3648674992861669,14.118247418007172,-1.2965440349426713,0.2335833767534547,0.2361627616719406,0.82,1,4
-0.594389805850291,0.80237489457746325,0.05380787352291156,-0.80417246808685228,-0.59282803222404434,-0.043145866319590019,-0.0027203441608864443,-0.068916273558368712,0.9976187382795465,4.6523330704322277,-13.572401575228746,-0.2864812003868325,,0.4161904042741277,0.5600000000000001,0,5
-0.79074407085749054,-0.60540889060299397,-0.090575325462161849,0.60822431788740372,-0.79375260406247661,-0.0044701984788772494,-0.069188102547525027,-0.058624898489381315,0.99587957492007206,-8.6432373030714107,-16.678260255203096,-0.70127451632980153,0.2914416418207398,0.2722543633381601,0.6176470588235294,1,5
-0.14785415795497739,-0.98520115485091642,-0.086705434984468838,0.98830474236852162,-0.15048825121290157,0.02463782577204714,-0.037321363685103165,-0.082048587600908551,0.99592928719130536,-0.10569550036038709,-12.41338252247955,-0.57413352904701287,,0.0849277587904563,0.3636363636363636,0,5
-0.63658311809592849,0.76658310017019948,0.084334360071741221,-0.77069775088232551,-0.62836911387429106,-0.10572243618911993,-0.028051925783966196,-0.13229741971135914,0.99081304099084555,3.03189336655036,9.0892889636834422,-1.1202305880457475,0.4326346819258978,0.4668876522407596,0.2941176470588235,1,5
-0.2638934415023354,-0.94477509733444265,-0.19432001180719272,0.96405547473414088,-0.26481199661604077,-0.021717460333933118,-0.030940154608266782,-0.19306636658133916,0.98069775411586246,18.010080725888169,-0.68695778488463755,0.084440152500375107,,0.6296563835512068,0.25,0,4
0.70448014189912378,-0.6800599647729092,-0.20304229604409924,0.70971445844907943,0.67648669295532426,0.19664979461646612,0.003621758981454855,-0.28263792839503732,0.95921983105774145,-12.492649404760099,-14.342362495427546,-0.95883972504358184,,0.6833498229639868,0.1714285714285714,0,5
0.73489052959653101,0.67730152625993756,0.034620110272619825,-0.67780761141102286,0.7318187042926132,0.070839437891358964,0.022644015161037454,-0.075525006278972101,0.99688676488553463,4.5326140814724214,-5.1143307804992775,-0.78853084622030256,0.2731891374731858,0.1928855183780768,0.3793103448275862,1,4
0.99295511402038927,0.10975956299054096,-0.044642803147648777,-0.097365374579107419,0.97051473795808851,0.22050198919558864,0.067528700371207714,-0.21460191457269637,0.974364353251856,-2.5907141623492156,-3.1022983109171736,-1.2236482720681505,,0.159425649682933,0.2598425196850394,0,5
-0.88461482001714997,-0.44001889595308014,-0.15440204470879471,0.45969173546461722,-0.87848566312820808,-0.13017852366546415,-0.078358972374277303,-0.18613519517389421,0.97939448669370333,-17.444300505058813,-16.121405733727411,-1.1137178198641968,,0.417249393855059,0.8076923076923077,0,2
-0.66217773192363283,-0.73737039671846916,-0.13343743623032001,0.74645813072416012,-0.66470330115794729,-0.03114129903391399,-0.065733632337381165,-0.12022653398054177,0.99056785234872213,-12.994947953768568,15.23755907255808,-2.207185257910361,0.3038710966937735,0.2117156801374402,0.5600000000000001,1,5
-0.49976311075043756,-0.85988546165316326,-0.10408566649914947,0.8638189699290848,-0.50363251111527019,0.013079791220907,-0.063668047902389793,-0.08337437607115078,0.99448232417225269,4.3914076960122603,-11.278527102924985,-0.44065816771945659,0.1905526661729943,0.1846001360671539,0.4901960784313725,1,5
-0.98852766409815873,-0.13507081037821839,-0.067593886531319619,0.14235988197891122,-0.98273526036023517,-0.11817390595072569,-0.050465050436792704,-0.12644083291592101,0.99068965597503844,18.743341158632479,-4.1696239539367097,0.18688867136838636,0.4652614006042849,0.3809308371155574,0.2321428571428572,1,5
0.54598706282196707,-0.82728294762426258,-0.13229154092818013,0.83774804411792381,0.53746119026869732,0.096507427338769838,-0.008737379906712096,-0.16351878645912854,0.98650152795994162,-22.955339193173746,1.5437889895420591,-2.1958380175140744,,0.1948207834626866,0.3461538461538461,0,5
-0.40664347774809761,-0.86409922567828157,-0.29660345612808764,0.91183140965120024,-0.40399399975714334,-0.073159609988914492,-0.056608854240632424,-0.30020222574527883,0.95219434007934722,-3.1594726499187678,13.18110328369111,-1.5698047959809065,,0.2101151383814402,0.6363636363636364,0,5
0.96188477809250339,-0.26560371676528277,-0.065056431768143463,0.26988087508111858,0.96039518872443241,0.069320954554969255,0.044067980886187179,-0.084236257724508767,0.99547087649272059,9.0239147455444826,-10.926974418333952,-0.1994820577064971,0.4356433748623658,0.4394286809274972,0.8539325842696629,1,5
-0.95465362251909403,-0.27873375932406902,-0.10461334725665591,0.29419539068209943,-0.93709889310446137,-0.18786893474919933,-0.045667637475312349,-0.21012652368386067,0.97660704018144284,-6.9605567453222505,-1.9355612868988192,-1.4765794485219721,,0.4126711265029218,0.2078947368421053,0,4
0.23952730962296026,-0.96377013399297606,-0.11736181989022897,0.97060676846473737,0.2347838973796755,0.052905789301823707,-0.023434354167023337,-0.12658455811974076,0.99167897057989685,2.0568972593016523,-9.0538572099148809,-0.68833649436191158,,0.09215387166989851,0.3513513513513514,0,5
0.47668975075503511,-0.87519253734041302,-0.082491842680058977,0.87907113437325357,0.47448922050689213,0.045759374279842259,-0.00090677275164644411,-0.094329222441463786,0.99554064485422478,-4.7412791392517244,-2.4920471832201496,-1.3603689263004339,,0.1003365101702375,0.5607287449392713,0,5
0.77155003697994951,0.635506470225216,-0.029018386208152398,-0.6321718370524505,0.77100972885835228,0.076829463381571719,0.071199079165174636,-0.040933168795696168,0.99662187755355569,-17.216836522554345,-2.831207215219441,-1.8397666424449666,,0.1259047356014326,0.6595744680851063,0,4
0.06795713000390019,-0.96946945769584336,-0.23560729843652639,0.99723416430309775,0.058880910760570546,0.045354822176986394,-0.030097342546034266,-0.2380378309070455,0.97078944216999685,-9.9727413979387052,-18.862268952158168,-0.62662152273183025,,0.6801755372656101,0.72,0,3
-0.99075233686527431,0.13476689729220764,-0.015738182557966891,-0.13072541714646707,-0.97917814724476959,-0.15530943715750462,-0.03634105540402599,-0.15181580732101085,0.98774049645622508,-15.310727635562481,20.081824608425809,-2.3893756742776966,,0.2764251906908083,0.3333333333333333,0,4
0.34833210072295123,-0.92722977632484149,-0.13751250671311002,0.93730976142542566,0.34286146609613327,0.062421360150390022,-0.010731204151927251,-0.15063517837144644,0.98853117517580358,-7.8602115701460074,-14.673833032132132,-0.79356305852796427,0.1782034737387213,0.1273639825264787,0.1538461538461539,1,5
-0.88786097003872777,0.45980182088150273,-0.016887373861657201,-0.45855001328781131,-0.88727254012040913,-0.049792819382166544,-0.037878532120939536,-0.036465395408954403,0.99861678923500552,-13.220395359948672,3.3366738320152614,-1.9425805286976205,,0.080406561415844,0.1923076923076923,0,2
-0.59024133273052859,-0.77037979524588329,-0.24110192909514586,0.80486891070163435,-0.58446585783966898,-0.10288681939736165,-0.061653918954553778,-0.25478350044037656,0.96503065349287975,-8.5292604073197822,-4.0027120212541707,-1.4361825410273861,,0.7828906305954679,0.3504566210045662,0,1
-0.59114303627906173,-0.79221904284947786,-0.15145593024186702,0.80420445337867563,-0.59328801815022558,-0.035560155866971303,-0.061685556045785871,-0.14282267210087757,0.98782416274825346,-34.101023252170002,3.3213407938102386,-2.7204462548180812,,0.2672390640333221,0.375,0,1
-0.95661880772337826,-0.27666996023734081,-0.091291783924786041,0.28323559989168051,-0.95656846572770426,-0.068951905915248371,-0.068249920614617071,-0.091817773212017895,0.99343416735004864,1.6086456382301295,-8.0531368806070542,-0.76538595096989659,,0.08836556589633292,0.3529411764705883,0,3
0.98178975309507099,-0.17695863153015445,-0.069097926484761568,0.18286097090517939,0.97889151364192306,0.091286745146485951,0.051485396348222454,-0.10225970490275939,0.99342448465702038,10.31651008223651,-13.37829898642727,-0.0037481554542969833,0.4944552820127312,0.361462590654109,0.6666666666666666,1,5
0.59359304389956091,0.80129782785641379,0.074626331188444986,-0.80463408296010241,0.58926405654262648,0.073019615213203701,0.014535844420254627,-0.10339082521927159,0.99453458787890792,6.4591201261213236,-14.626686442948118,-0.14367883342339338,,0.2217982712075969,0.2142857142857143,0,5
0.92429627025212568,0.38152280868784655,-0.010805149186691147,-0.3720484350132624,0.90693911672203809,0.19758896872961348,0.085184310774884711,-0.17861070799475243,0.98022540682611459,-4.5950694718618585,15.511114212620807,-1.7072043371361891,0.3712590773730811,0.2515351777341975,0.4406779661016949,1,5
0.90863951554373656,-0.38017178084990599,-0.1727531413255779,0.41563545807778685,0.86327501348061397,0.28636238769872419,0.040266571506801539,-0.33200251225774968,0.94241866231183613,-31.44112476092263,2.3905650129469032,-2.5446614750295917,,0.4822224107940097,0.6086956521739131,0,1
0.14138431691250214,0.95356399797274338,0.26594393525971377,-0.98910263751578731,0.12492567378613437,0.077907307028247261,0.041066377859489668,-0.27406071918339198,0.96083519648802607,-4.688065164384204,23.616489659620814,-1.8029764581532464,,0.1992125963143979,0.25,0,1
0.96027446178387255,-0.26772934063087034,-0.078701703990779012,0.27437821283610758,0.95727507411398927,0.091329233003017055,0.050887664188449346,-0.10929516295525248,0.99270590458001595,-13.624947683604651,-1.6184514054162982,-1.8055631655477178,0.1031765262380972,0.1783841916528111,0.2101449275362319,1,5
0.9885695187068938,-0.12912225631472177,-0.077831546353745312,0.1407268203002576,0.97550637078418023,0.16906591202148391,0.054094997289942541,-0.17808639331423515,0.98252682802279179,-14.598374993365606,5.0732702901456275,-2.0338574404964458,,0.1608077832617378,0.125,0,1
0.39538458524027048,-0.90059121322085856,-0.18057269013824034,0.91685926613247148,0.37516857703292122,0.13644641774014704,-0.055137245682068958,-0.21950855444942205,0.97405127106437273,15.380579426179239,-2.8752076199556784,-0.12131987348947786,0.6339709809964568,0.318716618324923,0.4285714285714285,1,4
-0.27507334504602804,0.9608255756789017,-0.033894954882624929,-0.96129797553441454,-0.27429743125709721,0.025828694105460927,0.015519570826034543,0.039687936795257443,0.99909159269523973,5.5973476301087688,-7.6362371052046925,-0.57867085483833458,,0.07975607207165411,0.3142857142857143,0,5
0.91436516664875167,-0.39663865264536585,-0.081327247875906256,0.40282916994549661,0.91141231970257663,0.084001448412456228,0.040804434323030325,-0.10956898613219505,0.99314129680400476,-2.9775225910433449,-12.755463888690045,-0.70597086117540608,,0.1009062331194913,0.2307692307692308,0,5
0.91116076197665685,0.40936587052219719,-0.046964346963630388,-0.3997054305877169,0.90579215106382804,0.1406276922581382,0.10010811452027524,-0.10936253070757532,0.98894802810078386,10.949360100415634,-24.969997828600363,0.58941196731242662,,0.2916239680329229,0.2666666666666667,0,4
-0.36356331238602013,0.93156567356286657,-0.0026671569636710192,-0.93148446635701809,-0.36348995794727929,0.014551268228825597,0.012585977216216288,0.0077747225576847946,0.99989056744559046,-19.360370597682515,-6.9800082725198074,-1.618579773796631,0.4204516600379263,0.3536840130438973,0.9322033898305084,1,5
-0.43943328144016591,-0.8699706363479669,-0.22371741786244823,0.8959852200306877,-0.44227405400527942,-0.040051799463889745,-0.064100519883136725,-0.21804759353418346,0.97383077087585579,-11.394631911870588,-16.937446050780334,-0.79700347689062345,,0.3999406589600776,0.2857142857142857,0,5
-0.44664849871895373,0.89239096671657159,0.064369877386613594,-0.8943190608805891,-0.44742190402163079,-0.0026565291867874023,0.026429830452849582,-0.058753743066476599,0.99792257301752252,-8.1184500856350343,-22.689915255822523,-0.40946885562590524,,0.2801435808156033,0.4,0,2
-0.97742768696521121,-0.19278429043383624,-0.08642530946291313,0.2023427102988842,-0.97187448111054942,-0.12048825899233401,-0.060766309273641891,-0.13525609164848784,0.9889455219218285,-14.123243648416025,25.356948825361002,-2.3214020882085973,,0.2119343445459576,0.2352941176470588,0,2
0.41412462654675419,0.89519351386884283,0.16470994631371288,-0.90858027913407158,0.39569662358628344,0.13381352118178744,0.054613826602472874,-0.20506768348418503,0.97722288917844458,-15.131183054664163,-11.19753346962357,-1.2382130361477983,,0.5198459938156555,0.3265306122448979,0,1
-0.93508498720153599,-0.3039603370059491,-0.18227501265267695,0.34084373867287843,-0.91221515888977489,-0.22735225905892845,-0.097167960345981699,-0.27472098103154313,0.95660167784886785,-6.8046265512629986,-16.087903949068568,-0.67346250943276853,,0.4677016267054939,0.1875,0,4
0.98016391791624158,0.19817921054520718,-0.0019221141382513827,-0.19260945999410845,0.95481214876364795,0.22635228404883082,0.046693574888414566,-0.22149212419637651,0.97404360733137418,10.707908078335056,6.8662265344196163,-0.57964824474947907,,0.4082488751133925,0.4,0,5
0.26882115389979538,-0.95833870483133388,-0.096551095478939364,0.962795490634486,0.26448845206837779,0.055413914645802712,-0.027568649402561849,-0.10785539182013203,0.99378427439029438,-11.27055300316321,17.325438800977221,-2.1428360299026576,,0.2401895745300832,0.3529411764705883,0,3
-0.91510385348324341,0.40039280812019645,-0.047650147384249809,-0.40034177110240676,-0.91629954982205675,-0.011027298240420163,-0.048077059505603502,0.0089852212837838209,0.9988032149266316,3.2513655238716583,4.1859146825092637,-1.0633909470993304,0.15458044368782,0.1159269235399566,0.4189189189189189,1,3
-0.96969727261577787,-0.2224277342665541,-0.10105989565881399,0.23051074107881842,-0.97003269112291035,-0.07682041655796748,-0.080944411350118234,-0.097787939859130216,0.99191003679229461,-32.289487161267267,-3.623103390429816,-2.3419339200205216,0.407056153744613,0.3504795421187016,0.5625,1,4
-0.76423450913559809,-0.64095508363262044,-0.071569517336438113,0.64157919725350709,-0.7668697999954075,0.016936454958111614,-0.065740008349678719,-0.032974090139123322,0.99729181320297633,-4.1083190803246969,10.174046613886439,-1.6096176091764638,0.5707845855049056,0.5369261233148388,0.9536082474226805,1,5
-0.744111869278969,0.66805264740954884,-0.0017850174377645287,-0.66772757335059219,-0.74382812459890713,-0.02931908666729548,-0.020914439640825434,-0.02062477502344634,0.99956850934277874,2.4232002470687752,11.869939605829668,-1.1868005113122022,0.1554926081094748,0.1382730225611339,0.5238095238095238,1,5
0.85555006379862508,-0.51324906169168771,-0.067893217678723722,0.51688335704060673,0.85424349877461625,0.05567441078031108,0.029422500719707329,-0.082725119969113414,0.99613797788132474,-12.586466124517328,-8.5877433634921196,-1.3564915055754438,0.5209437804722372,0.4798938064930521,0.9557522123893806,1,4
-0.95998319755460426,-0.27133394490064289,-0.069355250396004431,0.27266531671066724,-0.96205350307159176,-0.010328711959907196,-0.063920931438059395,-0.028826161248666365,0.99753855411796344,-21.88369943559621,0.16966578570476312,-2.0967729516072748,,0.08461853237415211,0.2777777777777778,0,5
-0.97020630110715977,0.24079788015569248,-0.026760310246475138,-0.23710250796070312,-0.96637529904216768,-0.099504683909380484,-0.04982101976783964,-0.090195134645311467,0.9946771856615626,7.5931638982802534,-5.8286209443473229,-0.57642664511538422,,0.1727516155473289,0.2380952380952381,0,1
-0.55103460027279549,0.83218688692875986,0.061853492431870709,-0.83442912692683258,-0.54864622701330701,-0.052109017647492276,-0.0094287559266404159,-0.080326227397295322,0.9967240318933791,-18.406326792279796,-7.8662232329125352,-1.5417067081204214,0.4159020389634164,0.2715204471198894,0.5,1,4
0.82355948846957883,-0.5551309751857606,-0.11653055110584738,0.56644929959173873,0.81565805123471058,0.11763134976707301,0.02974827631568977,-0.16288506329710331,0.98619647951660472,-16.309681627103167,8.6886753054668109,-2.1841065695869943,,0.2203711564092596,0.5,0,2
0.7559428720572694,-0.64569267172369116,-0.10784872678028069,0.65422231934269981,0.75100786946255194,0.089332731286893854,0.023313752586498364,-0.13808748563008727,0.99014560305679056,-16.790228447069161,-8.2412238862415208,-1.4736623247640857,,0.07577812140412116,0.3333333333333333,0,1
0.99888261925115029,0.02051813627332429,-0.042573689549196873,-0.014411163834646374,0.9901751643554304,0.13908796587278158,0.045009235884350268,-0.13831901524217982,0.98936445191220668,4.4852785004460571,-9.931500196753996,-0.49677556845220427,,0.09483121529172231,0.25,0,5
0.78180455513427294,0.62270922506635529,0.031856845238691464,-0.61858465367342896,0.76818103821506079,0.16507852303239354,0.078324094702885705,-0.14876529684066728,0.98576580517122969,-12.283354053590051,29.471002747256176,-2.2650241401842135,,0.1853083119463758,0.3846153846153846,0,4
-0.81779394954221396,0.57313902794982241,0.05219876179450219,-0.57403442465788335,-0.80584025315661412,-0.1452789237989347,-0.041201157748774322,-0.14877211107333421,0.9880128154872001,-38.704386327531459,-2.099460945762877,-2.7219778868194831,,0.2086411865738568,0.2,0,4
0.99446973018803753,-0.086637385676590475,-0.059362607278133174,0.089325277320520577,0.9950201514135858,0.044225480353497146,0.055235410484074869,-0.049283482872167064,0.99725633000981506,-11.022890210254305,-1.8460306762825471,-1.6772143941737372,0.5477985644979535,0.4717337274569053,0.9868052778888444,1,5
-0.86021574350975538,0.50414226914065174,0.076612316788320964,-0.50877448494166488,-0.83841451463223271,-0.19547282452131801,-0.034313234914578682,-0.20712719309572306,0.97771208839309387,-17.972169076923052,-4.6915055196722131,-1.7219493186316721,,0.3598534518149694,0.4545454545454545,0,1
0.98264407907366547,-0.15632868400521183,-0.099859683649940426,0.16429074165116689,0.9833875475533933,0.077184736344900168,0.086134581145885125,-0.092251145652077746,0.99200330647468205,-24.851547851624499,1.51532119138355,-2.2583380258921983,0.1796193575653656,0.1858079355466952,0.463768115942029,1,5
-0.89481552561668953,0.44643456958236744,-0.0011619798336234713,-0.44633965442133855,-0.89467331510058778,-0.018454596662196301,-0.0092783622675316861,-0.015994821934943153,0.99982902421609166,7.4131653492666834,4.0039711457778298,-0.78079707405055376,1.080856828903824,0.8830989521486018,0.9840319361277445,1,5
0.94964633759774308,-0.30610235701001987,-0.066881839987413996,0.3096414779420511,0.9494852924907905,0.050988572068050221,0.047895601312166622,-0.069130502504949176,0.99645721684292998,-14.050498548810912,3.2622549744521026,-1.9835502221640107,0.176417408351357,0.1435028401236332,0.7115384615384616,1,5
0.73523818226205928,-0.6696800648396587,-0.10465861694257778,0.67780752375568187,0.72672286855445267,0.11158330099158449,0.0013326980803842882,-0.15297870138139594,0.98822858734175889,7.4014223884075054,-10.825888530907624,-0.29425961801848693,,0.2909048689352076,0.1538461538461539,0,3
-0.49619843565512017,0.86667270396036877,-0.051628835580856153,-0.86820872203081723,-0.49537851049484954,0.028526239316108596,-0.00085290270671556725,0.058979280683370973,0.99825884268913234,-6.3794221596206899,15.311398207940837,-1.850947362395329,0.2575552121206754,0.0819085098170776,0.7894736842105263,1,4
0.53926007444304802,-0.81841115766945483,-0.19849873831795745,0.84213714599332756,0.52353353048513174,0.12929682825184208,-0.001897221624134136,-0.23688777819869941,0.97153516719169397,-1.3569524752323645,20.842005407815218,-1.5687711198429575,,0.384697184291071,0.6,0,5
0.3589939889689609,-0.92745100150848359,-0.10468025451375249,0.93333918739981681,0.35686447132233645,0.039060342697914481,0.0011301097304925289,-0.11172461192029071,0.9937385641823796,-14.970273301683147,16.141143271492055,-2.3160489814789762,0.2796104705047132,0.2325196405493074,0.7073170731707317,1,5
0.65110228373219792,-0.70561462228928096,-0.27959581708293163,0.75880880917042659,0.61321831572611518,0.21948231906781532,0.016583342367450366,-0.35506520819362525,0.93469443706825506,7.2711399355907123,-20.130104826752007,0.19801790427973276,,0.2736338658776348,0.2666666666666667,0,2
0.16403783970317878,0.98644905566697227,-0.0031381075911114582,-0.9855272341588287,0.16402075773441496,0.042816606164880769,0.042751115503157501,-0.0039308530839479655,0.99907802023529124,-4.3599151341859494,-11.153621301553015,-0.84856846284055343,0.4651309777831479,0.4407604126054533,0.5633802816901409,1,5
-0.36393321727193745,-0.91618200330445176,-0.16781880164968796,0.93023483745573621,-0.36662545928271345,-0.015777192064449223,-0.047071865798965287,-0.1618527399421463,0.98569159985434784,-10.19884802713222,16.111021090794754,-2.0519654949858785,0.3869983844643775,0.3919591810400397,0.3464566929133858,1,5
-0.99624068932167276,0.072108868431861081,-0.048008332957462159,-0.06751630994757972,-0.99353737021792476,-0.091241667408659383,-0.054277406265778122,-0.087657316146038999,0.99467087928376241,-21.811937635508077,-3.2681173945078332,-1.9158139899778768,,0.3908343702330914,0.2857142857142857,0,2
-0.013593270231565634,0.97668169697940044,0.2142617226427774,-0.99938909975949131,-0.020170511044127034,0.028540808785539953,0.032197054000725575,-0.21374286717843388,0.97635922510314688,5.335191890529897,5.9201248560295348,-0.94878058743154026,,0.4854223572696502,0.3333333333333333,0,1
0.46906069286959629,0.88193643499335495,0.046585309228420135,-0.88090913102649782,0.46344223228264264,0.096022915030857442,0.063096507659588019,-0.086077999326740554,0.99428839315013173,4.9949443031273004,22.200027884363454,-1.1683484095280083,0.5568294957879277,0.3899371328579154,0.76,1,4
0.97802645385541775,0.2066932724697535,-0.027242369110250759,-0.19569755316111345,0.95523851666090376,0.22185996478461059,0.071879922410560224,-0.21165364963359276,0.97469790671316781,-41.45402492630798,-2.0119549517014539,-2.864282009100561,,0.1498486447591868,0.4210526315789473,0,2
-0.964494935613468,0.26060647859282954,-0.042822686644087608,-0.25956492271418574,-0.96530780532451022,-0.028405842285651312,-0.04873982019203027,-0.016282023677159176,0.99867879001840509,-11.583492462883601,4.0167777662474453,-1.8790968099463208,,0.06859512838762258,0.1025641025641026,0,1
0.9086304227473514,-0.38054449496659132,-0.17197860974141679,0.41565545198435505,0.86385174374373119,0.28458866819779749,0.040265370899199841,-0.33006976865738025,0.94309736916440035,-15.575516290033365,-12.173389265972551,-1.1878716851050688,,0.2166652274115529,0.3571428571428572,0,1
0.39060089888279598,-0.91274868253415575,-0.11966946278861179,0.92054930744720609,0.3866517810657224,0.055582126238339684,-0.0044621015700967541,-0.13187206956314823,0.99125670081907202,-29.753885158699134,3.1560508122031701,-2.4937172617491474,,0.4403387697463838,0.8571428571428571,0,3
0.044167026133593482,0.9772994290528324,0.20720786610435865,-0.99839835608437366,0.035839294333729836,0.043775193314023977,0.035355287730894844,-0.20880941299344633,0.97731705841799255,12.123222967466456,-10.422282212270506,-0.062383623428487238,,0.325400826401994,0.1428571428571428,0,4
-0.54577645608249725,-0.80408311690647638,-0.23575071811554607,0.8369298950885955,-0.53685214379356128,-0.10648063866849296,-0.040943994590448438,-0.25542144939339601,0.96596245915498935,-9.7045008192096152,-21.942038875372532,-0.49342625056661604,,0.3366896417362664,0.4666666666666667,0,3
-0.97881947469685304,-0.17937849609762968,-0.09867011245523645,0.19412033862423467,-0.9663154276481849,-0.16897274461142425,-0.065036375103390165,-0.18454768876054159,0.98066937368643947,-10.791838422938614,-5.2064254102190137,-1.4843994659195299,0.4909453543817244,0.3907520885829671,0.2374429223744292,1,2
0.42038333536360745,-0.90142557445731175,-0.10348809140608463,0.90733290678280665,0.41700716487578282,0.053404313602222919,-0.0049847384717250382,-0.11634843426779409,0.99319594956171753,-12.957420350990667,-3.1961853259691853,-1.6770201251398493,,0.07871483012540134,0.3809523809523809,0,1
