axis_00,axis_01,axis_02,axis_10,axis_11,axis_12,axis_20,axis_21,axis_22,location_x,location_y,location_z,dbh,dbh_approximation,score,reconstructed,number_clusters
-0.38610731077531507,0.91767085523914294,0.093815489182303854,-0.92213078072120769,-0.3812792583120807,-0.065581631784259589,-0.024412451993826211,-0.11183169776789718,0.9934272512680532,-24.98689829810942,6.2734602018925401,-0.69829485052199758,,0.334558467637036,0.68,0,1
-0.99804907029733914,-0.047208451364417252,-0.040858480128233593,0.050573171054149192,-0.99503943013056961,-0.085667303301540598,-0.036611578061367202,-0.087566515319520546,0.99548565923706378,-12.232205491170102,7.7576437181424618,-0.47841725581297673,0.1446242040965553,0.09826069311065541,0.3243243243243243,1,5
0.87926282256082633,0.46694967986039537,0.094100400321380742,-0.47623765462782491,0.86578876737877108,0.153647344901685,-0.0097254910908556348,-0.17991055210582607,0.98363489571284501,-14.111486557488098,8.3847135485014839,-0.50252453905489869,,0.355646332544108,0.5425531914893617,0,4
0.97912588392652922,-0.19653955316870145,-0.051814162787221757,0.20313230445501568,0.95505475552299124,0.21588812111766237,0.0070548077144827175,-0.22190677770894432,0.97504236405140121,-10.070379762619446,-2.1291058874676816,-1.1021670243261779,0.5761042459197903,0.2740179639195801,0.2548076923076923,1,5
0.53841091796241269,-0.82680048474269829,-0.16283317182966384,0.84002683319841986,0.54192733504229229,0.025878234881662257,0.066847609721689738,-0.15071735786960969,0.98631418681437322,-10.656053724804725,2.9506421032379131,-0.76375590315738751,,0.2204385660846762,0.2027027027027027,0,3
-0.4222946308839105,0.90345418375867625,0.07374132203564944,-0.90591627359766025,-0.41782939175505196,-0.068806283263463663,-0.031352032749892032,-0.095859987661938761,0.99490095628052444,3.3360809687797444,-14.009151087014054,-0.91333816633698628,0.3537630519147384,0.3812057031062714,0.8571428571428571,1,5
0.99879340121669946,-0.04438867879193012,-0.021009209434989129,0.04534648063120094,0.9978389558752202,0.047551181186309868,0.018853073498517413,-0.048446499697666574,0.99864783496821452,-8.0438853129137815,-12.495656199481356,-1.3473548328750662,0.3885442476204753,0.4253316075178034,0.5370370370370371,1,5
-0.9972877961946417,0.070809458940751177,-0.020076655243169435,-0.069866144903272642,-0.99657091683365862,-0.04432978138538337,-0.023146778557499421,-0.042806871479226904,0.99881519731958979,-14.979300719941227,-4.7871985239773478,-1.2788117370521805,0.2336063958170334,0.216602509411336,0.7073170731707317,1,5
0.17442293351389426,-0.98045930338621579,-0.090973593244550316,0.98453910843147041,0.17516481922012109,-0.00017342591403245368,0.016105410065347863,-0.089536810927123928,0.99585329002600964,-12.849306690308701,7.0768061527863342,-0.53772395645110027,,0.1009733915038708,0.1951219512195122,0,3
0.96339217080459771,-0.26035942858171585,-0.063941326081084701,0.26524859169298043,0.96032230048111777,0.086164167747064146,0.038970627879155804,-0.099970231305404986,0.9942269574978585,-9.7026171509228476,-3.8954225577255421,-1.2009077534792147,0.3958107012397859,0.15438087872279,0.1724137931034483,1,5
0.7415621482370357,0.6705009301212721,0.022673398699404428,-0.67080875211286695,0.7405484335750423,0.040045419442547255,0.010059741092658055,-0.044905681556573478,0.99894057950064707,13.203248061866331,0.78793863942668629,-0.21463777399781964,0.1182614197397968,0.1124317508136003,0.5,1,5
-0.25432766000145479,-0.95338394800684856,-0.16240840200266654,0.96653478300358608,-0.24473299811612276,-0.076917311947993075,0.033585035393690878,-0.17653556954894153,0.98372111804191542,-18.619995357280779,7.735240649102006,-0.61406421615025186,,0.1982898391746467,0.2,0,2
-0.36689593040606028,0.92991912392981735,0.025254686714959163,-0.93005279930069229,-0.36610252256316272,-0.031156596184969562,-0.019727310116073059,-0.034919420420280116,0.99919540997399214,10.646172660667876,1.4641693677272467,-0.27845163524524846,0.5929358309183351,0.6076518589650557,0.9056603773584906,1,4
0.20991847663405547,0.97771016017474577,0.0041322946060089417,-0.97771851607211968,0.20992023065933815,9.4690507785162747e-06,-0.0008581942496923658,-0.0040422086788744959,0.99999146198936451,-8.2728814365477135,8.470371670546502,-0.35755998195641386,,0.08684585634131714,0.4615384615384616,0,4
0.43530598210352006,-0.89808399889204416,-0.062879510804109723,0.89987168087058012,0.43615466663870084,0.00025443356663921486,0.027196689358191362,-0.056694247533220013,0.99802109315614929,-25.477729868573171,-5.0232540849089311,-1.220502680680277,0.2012632234312522,0.1607937288500338,0.4827586206896552,1,5
0.76172837384736336,0.62753161636438282,0.16116437242442089,-0.64394757153398263,0.76071090842508227,0.081550223289535442,-0.071424152716981007,-0.16590052521373147,0.98355254366122735,-18.586750237626728,10.538884270455133,-0.48493879992689387,,0.7077906334912885,0.855072463768116,0,2
-0.27821997830159917,0.95635006570824344,0.089376705542868709,-0.96026165039138811,-0.27479206632087094,-0.048855737377640894,-0.022163178054254579,-0.099417664964256178,0.99479893517815454,-25.388350225156454,10.432392497396616,-0.53514501165407558,,0.08329204024469736,0.1428571428571428,0,1
-0.49295787498583993,-0.85672041296326096,-0.15173222301642142,0.87002996057192195,-0.48411675432619145,-0.093160269900286752,0.006356193567334736,-0.17793566869161975,0.98402159356926766,-6.2194784838530222,15.615425161452352,0.03777921019348552,,0.4272438195579863,0.2083333333333333,0,2
-0.4066194920386268,0.89972764710719977,0.15858987901248095,-0.91049699786401439,-0.38479790496205829,-0.15141264550039804,-0.075205090086160609,-0.2059629417340775,0.97566565023955776,-10.631529408398992,15.558575959547079,-0.047289014786455648,,0.2835669242718032,0.28125,0,2
-0.55109746750840449,0.83443219017212078,0.0038080586104951623,-0.83396909771400518,-0.55062671032237742,-0.036135438805204159,-0.028055754559645381,-0.023089952016289644,0.99933964634251082,1.896163678666229,5.1588825539908338,-0.35308554722020807,0.1213892031330021,0.07917290218005772,0.2571428571428571,1,5
-0.49050822550124124,-0.86160021709080048,-0.13056319015981283,0.87091189226883925,-0.48987790079281329,-0.039142281736434234,-0.030235023074761003,-0.132908646159347,0.99066701527594847,13.968627298614999,-8.2142800397809026,-0.44235841605686799,,0.1783535824919192,0.1875,0,5
-0.93454617480182822,0.35425387106313133,-0.033580381177955504,-0.34582598344253396,-0.92642043905268756,-0.14882728003101309,-0.083832191545221216,-0.12747299691390215,0.9882928709236517,6.234952367618372,8.780763124324336,-0.019432751200464917,0.611877410503684,0.3995394083575778,0.2142857142857143,1,3
-0.61280523675260679,0.78308812802207484,0.1060317195911908,-0.78972597713525361,-0.60206305278205918,-0.11769860454787288,-0.02833059911740066,-0.15586232458689495,0.98737242868535635,-20.554438640933029,10.765209445760439,-0.5021959630370666,,0.3895954141000922,0.2173913043478261,0,1
0.61286618228644929,0.79017992747328403,-0.0032748783103334852,-0.79017820335284084,0.61287355316088765,0.0021011382686708909,0.0036673635909733136,0.0013000208702822059,0.99999243016636263,-6.3362092916931072,-2.4057519208239531,-1.0381795564390388,,0.08898619891641465,0.5382585751978892,0,5
0.41339519491688748,-0.89814412292136181,-0.14980503089497635,0.91040510688842147,0.4106485666559011,0.050302048218081374,0.016338732236888261,-0.1571778901921968,0.98743514048448755,-0.90945938154830563,-11.532947039121595,-1.056946660169757,0.2099751436586589,0.1177049248493526,0.4,1,5
-0.87931218650331799,-0.47501358042010949,-0.034237071767637489,0.47606495735688986,-0.87868503933919895,-0.035703753559714488,-0.013123834940168321,-0.047693815720053288,0.9987757830957481,-1.1428547607710688,-2.7210247645048002,-0.88481827532927504,0.5463232690857557,0.5393171875733109,0.9990281827016521,1,5
-0.29986872318431007,-0.92866497971354323,-0.21831194266337417,0.95318718393282753,-0.28233785467443884,-0.10825676978388656,0.03889654537382059,-0.24055496517735828,0.9698558488180099,-12.847909002668505,5.9745679729330421,-0.61767235490816408,0.605920185374905,0.3398557993589501,0.1733333333333333,1,4
-0.90273702391269983,-0.42836852333491687,-0.039576178101271765,0.42989966910630556,-0.90169195821510928,-0.046237290064290774,-0.015878921862957206,-0.058753899496655063,0.9981462012823602,6.638288684904107,-4.5588674436115122,-0.69448305670515609,,0.06929668690385671,0.2702702702702703,0,5
-0.88757465543528447,0.46054676319646859,0.010387970840940428,-0.45965587791832235,-0.88391629874410316,-0.0860723574073681,-0.03045824886746723,-0.081170534825029797,0.99623473105094384,-15.606246736971656,2.7803205440830827,-0.8638626216060491,,0.08702708626725708,0.35,0,1
-0.77741961058017173,-0.59466943407112471,-0.20490732848510262,0.62785898007903373,-0.75315777882245327,-0.196332527446022,-0.037574595400203227,-0.28128566330468346,0.95888817147765171,12.595869368808259,-8.72865785723409,-0.49836347255465169,,0.3763464285676028,0.1333333333333333,0,3
-0.88821765188946256,0.4576632074544385,0.040172022783078055,-0.45754563399317832,-0.87330351687235486,-0.16731096865464579,-0.041489705780455792,-0.16698908934685289,0.98508540155326574,-3.7206992854786094,-18.714420775819537,-1.0691406943757917,0.3064537104199292,0.3489483986196781,0.3103448275862069,1,5
-0.45843828293627437,-0.883634195736963,-0.094999730856102235,0.88865379556467705,-0.45713934410274543,-0.036304981776690198,-0.01134779128000517,-0.10106546491063657,0.99481505790546987,-11.841513797101619,6.6818258093684451,-0.55412448815638338,,0.2075369528324478,0.3376623376623377,0,3
0.74001351985040831,0.66887379977915118,0.070624573680909505,-0.67240738942914702,0.73326062397457781,0.10098098815862756,0.015757318289912399,-0.12221578170356513,0.99237846088218673,-6.3677234576557584,-11.92558409398951,-1.3046907777219756,0.3489547994261153,0.2560406787846815,0.3846153846153846,1,5
-0.99390309480534089,-0.096955792080211156,-0.052499643031780584,0.10145423028119882,-0.99065459627648267,-0.091161998850004963,-0.043170328866190509,-0.095932503659487897,0.99445124437913357,-3.7636459300036211,11.64378977239269,-0.066441694088403863,,0.2097692127384646,0.3333333333333333,0,6
0.84230359829016499,0.53884901332827662,0.012899191547700941,-0.53765708561019598,0.83826869544436056,0.090721841533123071,0.038072386326469428,-0.083350675301124236,0.99579272859679779,7.1598609796042236,7.4935875628590427,-0.065488700623441712,0.6101558800113186,0.2748029493760064,0.4482758620689655,1,5
0.99692109661373174,0.07512949247858712,-0.022447416029114122,-0.074425297329311635,0.99675351133238888,0.03071339714189885,0.024682022686922604,-0.028948177947193284,0.99927613838699214,5.7051819660744512,3.2555463661225041,-0.39614267148749671,0.1257756659378323,0.1946471563674658,0.5102040816326531,1,2
-0.0233643207762247,0.96637617258985831,0.25606874382720329,-0.99959792173929718,-0.018465827870271605,-0.021517621976958161,-0.016065595822858426,-0.25646852877427623,0.96641905526495853,-20.229522324126997,4.8021859329188441,-0.77245747742659387,,0.2891881397559586,0.1481481481481481,0,1
0.74022391419440281,-0.66172509292686654,-0.11911531490806805,0.67137658307391668,0.73702953270798588,0.077723558952488156,0.036359875614615955,-0.13750407014768248,0.98983361740148634,-11.923646041520799,1.8828281707570782,-0.8884425727689782,,0.1632912441299085,0.3056478405315615,0,4
-0.0079282990127135643,-0.99841822782704148,-0.055661336827951012,0.99962911804476806,-0.0064630736057200797,-0.026454773418156299,0.026053184676809702,-0.055850434396490171,0.99809917370265344,-13.434931522381552,-17.298882677263634,-1.2300009271065291,0.3030039519604653,0.2447291564166186,0.75,1,2
0.36165336353667299,-0.91354647210889306,-0.18611740364621379,0.93121565181878485,0.36363806599147924,0.024592006215295815,0.045213432189201153,-0.18220922111510521,0.9822197031674228,17.229798430188811,3.2558059772044743,0.069868272877968943,,0.2032954693785292,0.2592592592592592,0,5
0.96197766782123129,0.27262921159031056,-0.016500896971686361,-0.27144996348759481,0.96100755108253821,0.052720053916183195,0.030230513323593281,-0.046236346633222701,0.99847299228081487,25.074868869540836,-3.3212783826003944,0.014010086621411623,0.2993033352998515,0.2551651331269544,0.5294117647058824,1,5
0.47357330615615417,-0.87663918789778805,-0.08504150714936913,0.88036854122159636,0.47401189825553963,0.016246597783481424,0.026068281947371336,-0.082561822618488601,0.99624494484149106,-11.69636097711953,11.491744133611382,-0.27481965883036885,,0.07797155118832662,0.28,0,1
0.98279945114850842,-0.18004071467381624,-0.041116661852993897,0.18228791066847416,0.98143063800753683,0.059707791821860839,0.029603318163920672,-0.066175855414658605,0.99736873808728599,-2.4464330562593579,8.7962361884977067,-0.17936889456192462,,0.06862323875408864,0.125,0,4
0.31893367422937619,-0.89497436067052127,-0.31193301393879824,0.94691463059732239,0.31492815869099344,0.064598275706379216,0.040422689213942958,-0.31597650008488432,0.94790551089801178,-2.5132103776300379,14.389047239697796,0.068857053117599307,,0.5414513236505907,0.2121212121212121,0,4
-0.87703209732310983,-0.47572986265977457,-0.067050712440213184,0.48005340494424975,-0.87330267989375632,-0.083012997125850044,-0.019063805141166883,-0.10499298578522361,0.99429022134859824,-15.015359523370789,5.5251821438244493,-0.69892711995646561,0.3631976277156562,0.147663013233359,0.3174603174603174,1,2
0.01903645174620806,0.97468436909504019,0.22277341436247994,-0.99972654177862441,0.021582860345642538,-0.009001211176949719,-0.01358142732800382,-0.22254114401859129,0.97482869472058009,-1.8839051961244799,-7.3546231260123029,-1.0589936672131046,,0.1012978337815212,0.3421052631578947,0,5
-0.54401405833337024,-0.83517599901742967,-0.080806899463434861,0.83907401515772206,-0.5416988518854875,-0.05017121637993182,-0.0018712089017394909,-0.095096816619599109,0.99546626966766838,0.13915934765433824,1.9865511958717204,-0.58135868330276297,,0.08166183545664105,0.4285714285714285,0,3
-0.90420490641531137,0.42679998446253253,0.015976873200336063,-0.426074388232073,-0.89881503118135042,-0.10291819768695924,-0.029565231389965519,-0.09986647578266411,0.99456150343134031,2.8045481842901965,2.8540994945597378,-0.47320432087601733,,0.07862118777871782,0.3617021276595745,0,4
-0.86009447121072025,-0.50868925068939508,-0.038376383699024436,0.50941387226449009,-0.85244727495504768,-0.11760591042210523,0.027111018742402154,-0.12070165555938375,0.99231854916048734,-15.94513161290852,4.1566250595081735,-0.79410773269311941,,0.08940381261593405,0.6095238095238096,0,4
-0.96256514607802768,0.27104876578674125,0.00095190402339456813,-0.27011504382304313,-0.95894591284501818,-0.086374761002910444,-0.022498947892308652,-0.083398458039215792,0.99626226192726008,-7.660683094182116,12.938118771190256,-0.10975524824785378,0.2360678555336659,0.1945051810713172,0.7469879518072289,1,5
0.96703021309830706,0.25327982089418577,0.026493381868927336,-0.2538649374744763,0.95055098413323091,0.17890058715506443,0.020128598463973038,-0.17972801365161684,0.98351038664201262,-9.2271003776391858,-5.3851447586664776,-1.2583002436015462,0.5896109837568893,0.2863219600439665,0.1586206896551724,1,5
-0.21359836831220133,0.95578900927975219,0.2020967758139546,-0.97670186980989571,-0.2045438655816412,-0.0649250688314853,-0.020717011469292425,-0.21125618758500342,0.9772111484437902,-33.634703287170097,-1.9627645810724745,-1.29732091875207,,0.2891214612797533,0.2,0,1
0.88770462762183211,0.45968902529667383,-0.02581654741784618,-0.4595628522761111,0.88807741971254262,0.010976402168163356,0.027972824430674652,0.0021205231679499344,0.99960643479064515,-3.8906179002493184,2.2701887528329778,-0.68801007232260802,,0.07348092262600261,0.3147410358565737,0,5
-0.38699742880994198,0.92206385050501971,0.0055897841060742505,-0.92182567133284277,-0.38674065098575439,-0.025866977923023376,-0.021689208520578273,-0.015163260433481112,0.99964976555130503,0.43062624795388033,10.829165551357987,-0.017410141354043344,0.169840289092894,0.1136028402565036,0.46875,1,5
0.9629156600770562,-0.26736289440213151,-0.036201025887164014,0.26817369770088212,0.9631692617158325,0.019693682926635942,0.029602355308392267,-0.028671518667376019,0.99915046143086128,5.7003918246712901,0.32472516065418344,-0.55405130342157582,0.1677144630384835,0.1683700581001563,0.7708333333333334,1,5
0.83639021825017235,-0.54656553863889856,-0.04144290998229181,0.54701199637240394,0.83712449612799433,-0.00067365208302965298,0.035061070150620169,-0.022106332912145414,0.99914064645828071,-16.802493515783237,-7.0029905680999613,-1.3212596125318079,0.2766238933825843,0.2475473342260355,0.7066666666666667,1,5
0.2807258834682182,-0.95538295329547551,-0.091849827998771463,0.95951292562052082,0.28164832273539231,0.0030278486568633273,0.022976595007462439,-0.088981092670048875,0.99576826683175002,-23.641083421072192,-5.8714613365528594,-1.2283036622787016,0.1726613736200334,0.1481540764554362,0.3513513513513514,1,5
0.99822307870993232,0.058220600916032768,0.012690420002531854,-0.059586753564258847,0.97646036979450912,0.20730307527975267,-0.00032238259399111716,-0.2076908949611094,0.97819445317366072,4.4246531110967569,-7.1499337827488469,-0.81416634717166647,0.394029711162278,0.2966212163778126,0.4137931034482759,1,5
0.94552441209562055,0.3254165816432294,-0.0093613312550341783,-0.32471233320321086,0.94476098966177846,0.0445934196829939,0.023355658778079602,-0.039124427215385803,0.99896135680921594,-2.4595118240757601,16.088303274251906,0.14106891230027718,,0.1101755941214195,0.15,0,3
0.82757537167693851,-0.55749225235318156,-0.065737301130732548,0.56044028897700793,0.8272236746049566,0.0400958185405864,0.032026343611841188,-0.070024143973693248,0.99703105898242061,-31.935643387147849,1.5240530460011432,-1.1576906804666283,,0.1431391416094944,0.2857142857142857,0,2
0.34265380493844189,0.93889437497406636,0.032645407077643705,-0.93945247960730793,0.34259781650833837,0.0074682450012563224,-0.0041723519612188358,-0.033227831192775323,0.99943909404892484,-1.8369553855707446,-4.1234107731540846,-0.98906729952680195,0.1201648803246274,0.1038292958413878,0.4541284403669725,1,5
-0.65682549456254025,-0.74183589504074832,-0.13512873314645954,0.7536372079677861,-0.65172080828149093,-0.085387041285199555,-0.024723034991577152,-0.15792242678610496,0.98714197492498168,-16.105683413875528,-5.1236199843390837,-1.2797295120400867,,0.1320277276379352,0.6428571428571429,0,4
-0.94257372011328677,0.33109232795145993,0.043961944036647681,-0.33381215264715103,-0.92946035473008959,-0.15707608261632502,-0.011145801760008008,-0.16273081870591857,0.98660754697418962,12.461169359858586,-0.30310938622004752,-0.2998037973788798,0.366371846405844,0.1652897466187706,0.2105263157894737,1,5
-0.31363945267378646,0.94941143641690728,0.015754939773740168,-0.94953172835560085,-0.31351510050249654,-0.00988830637350239,-0.0044486596312224343,-0.018061178192353883,0.999826986668089,5.5588880759758643,8.4694684689368831,-0.063009012396401012,1.00233107032466,0.3687633255795296,0.1851851851851852,1,5
-0.9878052878585073,0.15394440186641498,-0.023277336891579233,-0.15253619544589134,-0.98685142043652363,-0.053450753608427701,-0.031199717268992969,-0.049248300644873261,0.99829914480877302,-1.4984960107223237,11.600717798107093,-0.039706311408807822,,0.07378005062606534,0.25,0,3
0.1110088796098866,0.98496174986592044,0.13239101158622602,-0.99376318277095665,0.11143034827782616,0.0042442963637024178,-0.010571906956564956,-0.13203646762826135,0.99118848157126782,-2.2559150683968539,-15.292152107623371,-1.0628983034959776,0.3453850555057687,0.2561173892505969,0.3636363636363636,1,5
0.99840721354565454,-0.055020213776961639,-0.012482468343261737,0.055590951562605399,0.99713763008459699,0.051246392786599877,0.0096271514149891321,-0.051858680519387308,0.998608028813319,14.334124677383583,-0.1034663038919721,-0.21796837958844206,,0.5319389166904032,0.25,0,5
0.8593207377113885,0.51103539265490117,0.020265665377847731,-0.51123294931256924,0.85718377471071827,0.06226433898996353,0.014447881378526048,-0.063865513594866155,0.9978539246287188,-20.008460195531818,-1.5256272236222839,-1.1583936835778976,,0.08372086769454445,0.2941176470588235,0,3
0.25240478762452656,-0.9589893833391534,-0.1289619549596292,0.96751548611281024,0.25210057631595029,0.018949500074121727,0.014339013777486887,-0.12955563308462362,0.99146847182345277,-10.260977626119388,7.5090379010722312,-0.44064785282506697,0.5087121600543689,0.3310596914349662,0.5647058823529412,1,3
0.9993728796548158,0.024902466518304342,-0.025173688083876076,-0.024492588402549201,0.99956447411375382,0.016461324461788145,0.025572651872319906,-0.015834432449496966,0.99954755275835583,-13.725445420427576,-1.5480119211175736,-1.1550588093956866,,0.08472677831196521,0.3492063492063492,0,5
0.67648534492562706,0.73221723287007479,0.078901850351853597,-0.73645582513349828,0.67249990067878374,0.073325992758120781,0.00062906898980855932,-0.10771168680842545,0.99418197368343475,12.579016385347481,3.7396279479074646,-0.064931375882619019,,0.09834621073264752,0.3888888888888889,0,5
0.85500323971460568,0.51205645249015153,0.082265725188137323,-0.5185541566183316,0.84664470148877891,0.11955892310834561,-0.0084289223142661827,-0.14488250033795491,0.98941296452211636,0.20486852475705353,-11.166380585026909,-1.0003438179170505,0.138612920316448,0.1269532438630661,0.4444444444444444,1,8
0.63638270142498743,-0.75718983569120601,-0.14724337014942318,0.76602358188930275,0.64279124501129059,0.0052237272437757696,0.090691396044595765,-0.11611618346621493,0.9890864990589664,16.182191580106892,-11.589410113122236,-0.4250951595974532,,0.1768706367616285,0.1538461538461539,0,3
-0.27198731167170043,-0.92481033336599694,-0.26598637105888467,0.96226989063908275,-0.25916574930111475,-0.082884087487521255,0.0077175034207108079,-0.27849409632641242,0.96040693377978381,-16.820643469997314,-0.6862981410101624,-1.098015549148684,,0.4606105977028619,0.1717791411042945,0,1
-0.54645270184625294,-0.79588650253250892,-0.26068010996526297,0.83748874123565675,-0.51983867552279273,-0.16846471361749324,-0.0014328113783108351,-0.31037465508201506,0.95061323393600783,-15.773429041540464,13.171687027245037,-0.27282262016939002,,0.5578281357397441,0.2380952380952381,0,1
-0.98330247517471092,0.18161654432809587,-0.011474891790692918,-0.17901313273209107,-0.97669079967914518,-0.11844568430953825,-0.032719117114158404,-0.11441377822811771,0.99289422736102029,-21.968851400991451,-9.4112362119563144,-1.2660531387361849,,0.1086009471352133,0.2777777777777778,0,3
0.99011228553004849,-0.13713335969014759,-0.02953140197409717,0.13735379272945547,0.99050644603991067,0.0055602136845728416,0.028488553232778401,-0.0095614859450282499,0.99954838818399638,8.1541809357888475,9.1238411779997612,0.058353353974596275,,0.08220677602264889,0.5294117647058824,0,5
-0.66774948101419207,0.74131507819842823,0.067546912889750829,-0.74170508503212784,-0.65490511351412439,-0.14482009228879658,-0.063120499386181916,-0.14680343023482173,0.98714971277336083,-3.7719497980459264,-7.4158944025503661,-1.1411860358991126,,0.08169285071370698,0.1666666666666667,0,3
0.49019834742980289,-0.8697551689090347,-0.056846515575762584,0.87119116910066552,0.49094293503278524,0.00099066765793077776,0.027046756886995538,-0.050009806012517644,0.9983824378686178,3.9595205646769909,-2.8934732306958613,-0.7532994112903737,0.5899404425581632,0.4261142417729243,0.6807228915662651,1,5
0.97636258679908794,0.21371481402203205,0.032281223126195038,-0.21597798450224115,0.97045721896358161,0.10754671715967058,-0.0083432193633309875,-0.11197662447582854,0.99367581547588058,2.6623679146680699,-5.6625288328587216,-0.85383084941682075,0.4617346865918011,0.2234666967954098,0.6814814814814815,1,5
-0.28446244085081651,-0.9497381394564075,-0.13068506497330939,0.95866295829360337,-0.28083083673854953,-0.045818921118719165,0.0068155807495060448,-0.1383166931306864,0.99036459966036716,-8.7501401896043571,1.0749308960954411,-0.90415902223221467,0.5161470053201631,0.4991946232938451,0.8933388669848517,1,5
0.83528375624510809,0.5493366028922041,0.023029183136101222,-0.54976017637877628,0.83384808859462556,0.049609612123722092,0.0080495354549118027,-0.054098630943327591,0.9985031512764585,-4.8982005785787521,-15.661903207873824,-1.1457395049689079,0.569593741109616,0.3233257505954214,0.8333333333333334,1,5
0.1683829011195811,-0.97625008549988834,-0.13631936462592001,0.98564703533693465,0.16845403096469141,0.011097800829823389,0.012129317460805986,-0.13623145750232568,0.99060278095951637,5.4769736028410945,2.0887636934413933,-0.47133546122752801,,0.07290076572251507,0.4074074074074074,0,3
0.82483396913811657,-0.55874940219986358,-0.086301963460607645,0.56455558243107118,0.82220174491706743,0.072534715834858654,0.030428895835616337,-0.10855135280882024,0.99362502288418697,-19.186686186299134,12.292753943365582,-0.41948122889899458,,0.116574992646242,0.3548387096774194,0,1
0.15883842980680077,0.98730458311318714,-0.00011567283153062992,-0.98722058699889426,0.15882338596182421,-0.01306310365794518,-0.012878890560404439,0.0021891174740749871,0.99991466733047574,-5.2180035916562515,3.5852423174369461,-0.59726037901848483,,0.07012260466543788,0.3197969543147208,0,5
0.39715594646141339,-0.89648100483626181,-0.19644073446743648,0.9176791315795666,0.39060214909534746,0.072766562276012636,0.011496332185168961,-0.20916923552440245,0.97781187620954269,5.8688262651226184,-12.364171819455864,-0.80793428589249405,,0.2785324145422712,0.391304347826087,0,3
-0.7417234449491289,-0.64960566951231391,-0.16690957237454881,0.6703428436942207,-0.72618668514401807,-0.15262165713779893,-0.022063615314400525,-0.22508969869143441,0.97408820156198239,10.082446061399056,-7.9009062880283674,-0.58214194062661129,,0.2512473622458813,0.1538461538461539,0,5
-0.43651528861657268,0.89959618314786771,0.013457714136416015,-0.8993129181650007,-0.43584326706700238,-0.035734042227424455,-0.026280753899766449,-0.027701151928191666,0.99927071815214852,-10.525360229016536,-5.0244713036463517,-1.276544466507703,,0.07439433630444223,0.1917808219178082,0,2
-0.36990270515486345,0.92906950718717518,0.0013562942498770408,-0.92865352055152206,-0.36969256257442967,-0.030496687433457216,-0.027832130467801423,-0.012540334609950259,0.99953394765835368,5.4964209650752727,-3.8718788407361471,-0.73966629557186647,,0.06703178027492444,0.3333333333333333,0,5
-0.16584524704860801,-0.98371649829788943,-0.069261858247704741,0.98575974741326222,-0.16338968773795678,-0.039768458866732644,0.027804215707842785,-0.074870961777126238,0.99680553001648253,9.6873648741126335,3.1036292398777259,-0.22005961985845621,,0.1548899933641969,0.2727272727272727,0,5
-0.84554035167880248,0.51328988375335516,0.14695240358481254,-0.53378665132148051,-0.81864475263247927,-0.21187869137387555,0.011546625216327563,-0.25759321463069124,0.96618446024676841,-8.8160437184643126,-19.299675357035873,-1.1554042357802752,,0.37162002939502,0.1794871794871795,0,4
0.99936351770928589,-0.019464805488037341,-0.029894494794765383,0.022216562867960338,0.99526161486370313,0.094661197505773551,0.027910281368258211,-0.095265100252957188,0.99506058954605292,2.0579771717145232,-19.401178547570893,-0.92906569857760712,0.3323864329386308,0.2451402623063376,0.2941176470588235,1,5
-0.83884488892295728,-0.54314820208120163,-0.036459332190685256,0.54431753894092538,-0.83594562676212303,-0.070095120362091368,0.0075940192998645182,-0.078644387423643283,0.99687380906393253,33.312449359243786,-6.077488488580653,0.14385952462359108,0.6664229559872374,0.5834298145996369,0.8958333333333334,1,5
0.041257260186206547,0.9899470443440852,0.1352874268967233,-0.9980414763321338,0.04720431994875017,-0.041048309331189421,-0.047021803482008802,-0.13332892249090067,0.98995573053784258,-13.899305406289391,3.1860089792934425,-0.82689816468762478,0.6689084001801709,0.5696221543682984,0.9264069264069265,1,5
0.5345709003252993,-0.83257413378542178,-0.14510087620980103,0.84504044629039687,0.5289899486488,0.077950486604415378,0.011857346192295276,-0.16428617099437559,0.98634145069609724,-27.930836338475387,-6.5068890926410141,-1.2349974328582689,,0.1491806802222986,0.1538461538461539,0,5
0.92557407003228931,0.37727053629389234,0.031298295934137979,-0.37856607494341055,0.92253662365512279,0.074925996269289918,-0.00060645346236934156,-0.08119803236239477,0.99669780362689331,19.830191420763111,-5.4375923326703193,-0.17942049691895842,,0.3149939605153065,0.6904761904761905,0,5
-0.83865328373072856,0.54021456857420902,0.069490212172980001,-0.54381259133604565,-0.82335915256873082,-0.16231935000385647,-0.030471875427013243,-0.1739193082480516,0.98428834140534149,-16.744554707192417,11.763719802072647,-0.37161630456206901,,0.07228195172630843,0.1176470588235294,0,1
-0.4300488816237571,-0.88933383174386427,-0.15538112861583697,0.90280379867574756,-0.42328656060468506,-0.075985450634288382,0.0018056884547040597,-0.17295613122185555,0.98492787358363065,-21.070284256785541,-8.3282558266988627,-1.2785214754868777,0.2542394457219437,0.2627345711565356,0.4375,1,5
-0.90700754519544702,0.42084940944523869,0.014936114893842497,-0.4200187765768662,-0.90152184235312127,-0.10412778247473305,-0.030356881944638911,-0.10071813307357635,0.99445176725106765,-12.339002273191069,5.0092395082161776,-0.65531230081518443,,0.09135292792169436,0.3,0,1
0.55822118464129322,0.8142448795252869,0.15935615828866542,-0.8296904548655718,0.54821838459343897,0.10521573978602448,-0.0016905983057931419,-0.19094993836241761,0.98159832055518381,4.8929390969071518,11.16370844097551,0.075195106441813125,,0.3303237677329477,0.375,0,4
0.87315066142674747,-0.48003515015645842,-0.084700513955353052,0.48563082902388849,0.87165804757817011,0.06614337452673566,0.042078739900394152,-0.098886312027903836,0.99420866871191393,-11.594614656726007,-15.306521750737156,-1.3261085214493937,0.2464723461742793,0.1641567649558023,0.5714285714285714,1,2
0.85403321433608881,0.51215006100076477,0.091266553718661728,-0.52008285898146667,0.83656246792131261,0.17227030231315782,0.011878072420747189,-0.19459073020654299,0.98081260142457993,-11.51820937276125,-6.8659017924308712,-1.3209657017764647,,0.08212194363345694,0.3478260869565217,0,2
-0.98425216479019817,0.17630764275133909,-0.012778545037524498,-0.17439471359953454,-0.98029651560272824,-0.092764353960384641,-0.02888182775286403,-0.089075005498834889,0.99560608848130183,7.3648100269711145,-0.36686413286216257,-0.53228877171028743,,0.07144209613146464,0.3243243243243243,1,5
-0.28831071525632546,-0.94092885578193319,-0.17756638146137929,0.95753532992867307,-0.28297288414998639,-0.055248880298384137,0.0017387946321883686,-0.18595492785280079,0.98255673698799029,26.237221034592906,-4.1804160241921329,0.023986838480055936,,0.3684697366801331,0.2857142857142857,0,2
0.60292143899036399,0.77356210224724553,0.19515996611141861,-0.79779521908311346,0.58370444728711968,0.15103611033578679,0.002920070874959566,-0.24676059690327237,0.96907207214016089,-12.953318197357124,14.85455726351017,-0.14109467819960453,,0.5076613302930497,0.6,0,2
0.30408359610749319,-0.95164515876230549,-0.043642392035747601,0.95246182997189754,0.30460500323364559,-0.0056793002751500295,0.018698369579176869,-0.039840730531677214,0.99903107417426384,-10.040737589650986,4.9802289050207076,-0.61213286043272719,0.5025336880718343,0.4417056496200463,0.9755656108597285,1,5
0.93806591278227947,0.34482230815495368,0.033614268914256319,-0.34582544051080355,0.92608383308826203,0.15090890890885619,0.020907127288523317,-0.1531871727372853,0.98797600281449138,2.0551461512714897,-7.5196845574701863,-0.91224835221965217,,0.08750914844768862,0.3018867924528302,0,5
0.90429253651615216,0.42683929833386353,-0.007951213683271811,-0.42648908721273204,0.90406729159844712,0.027737893761012888,0.019028055329766064,-0.021692064440749944,0.99958360703378102,-14.909156671329658,9.9611221448979226,-0.43479894153451659,,0.07106336451902429,0.2424242424242424,0,2
0.87936699839562893,-0.47361006596460037,-0.049063097636296391,0.47500983265431862,0.87971128885848338,0.021764814188543383,0.032853325773472608,-0.04244471312133765,0.99855851371548043,7.9555889081820865,-5.8552036504047704,-0.65470048042767037,0.1107057408027609,0.1228651875444783,0.5357142857142857,1,5
-0.13413560462447879,0.99093962772742716,-0.0068039526346048516,-0.99082162129126361,-0.13422927822203806,-0.015969209427602174,-0.016737812096489352,0.0045994638186617953,0.99984933393927089,-11.596948394388141,3.494277508736197,-0.74400675166238273,,0.1018255745368585,0.509009009009009,0,4
0.51461606070724286,0.83964471831646392,0.17368666346448489,-0.85741992221617314,0.50422482855564021,0.10289994778835841,-0.0011777304322459314,-0.20187637125553129,0.97941030405021146,-14.94145147213934,-1.4072196347468453,-1.1460495754749402,,0.2251074142818779,0.3055555555555556,0,2
0.98856631661379757,0.14977947689196902,-0.01739959650674892,-0.14860994748635714,0.98732331128612338,0.055747309344102429,0.025528830069780233,-0.05252415913627749,0.99829328934051043,-23.882807634512435,-1.2667247935677295,-1.1421912741564901,,0.07718100694968519,0.2903225806451613,0,3
-0.77896426912019179,0.61798000817557941,0.10637376053029128,-0.62634177098749444,-0.75862144419903443,-0.17941429797432371,-0.030177033490616578,-0.20638365704842371,0.97800569157496431,3.6603531724397929,10.301417466074957,-0.00066336098279666338,,0.3646480025056537,0.2307692307692308,0,1
0.95169044673790593,0.30676678171686844,-0.013395343328247536,-0.30637317512951295,0.95157479452432514,0.025315765582933279,0.020512707009735041,-0.01998879838970875,0.99958975424424468,0.83775026613317438,5.7368937218859726,-0.32533731439738256,,0.0865497393018565,0.3814432989690721,0,5
-0.99029004291632661,-0.13219687272292946,-0.043007182458969874,0.13726478989259072,-0.97880092971423382,-0.15201025441165258,-0.022000189920192002,-0.15643761322913985,0.98744279065201879,-8.9249715531197538,-9.5866347483104679,-1.3451123029135548,0.2904409234059635,0.1420002745742377,0.3684210526315789,1,3
0.67092741773873144,-0.69018002288687774,-0.27112347027564154,0.74095157932980571,0.63834278843766712,0.2085886898618669,0.029105965283842846,-0.34083723455264175,0.93967165665853902,-20.294518683437005,8.9871791274831168,-0.58083813260627293,,0.1483323139463558,0.5,0,1
0.72313405202469183,-0.68785994631359348,-0.062656500539129648,0.69006917227218145,0.72338655080193504,0.022725219437109201,0.029693101588346028,-0.059670699479215772,0.99777639145337793,-13.745533488145407,13.176313175217539,-0.23128966602611292,,0.07978541404513907,0.3333333333333333,0,1
0.42938622575643259,-0.90215880677302396,-0.0416768100089056,0.90276654832148051,0.43005316129991439,-0.0081754319560942285,0.025298781835589791,-0.034114012045234024,0.99909769583350161,-4.8501217824191523,1.8341685687150198,-0.73682328814814202,0.3052041916418538,0.2969734011572112,0.960728514513375,1,5
-0.98642102546754151,-0.15429977738288944,-0.056259569987294172,0.16265082329204192,-0.96527762611142742,-0.20441089552934394,-0.022765548488570219,-0.21078587056128351,0.97726713163481382,7.5797960868690302,0.7300925292167908,-0.47553390660576289,,0.08811686819694137,0.2083333333333333,0,2
-0.26578403840813225,0.9629465729987039,0.045746502352802143,-0.96370900137525461,-0.26416609066214025,-0.038486844669182778,-0.024976100491716863,-0.054315505100591639,0.99821141062897778,-6.542503206884315,9.0460624379534842,-0.28261093198332943,,0.085942749642511,0.2467532467532468,0,5
-0.39915803134846495,0.87046393403365108,0.28803716002744789,-0.91655020488155337,-0.37036054608653174,-0.15089329950023772,-0.024669575221315517,-0.32423079040884745,0.94565628354558817,-16.862573200135991,-11.836201117007924,-1.3531991782207804,,0.2877889228745107,0.2222222222222222,0,1
-0.98850071101670589,-0.14879155843954028,-0.026970659179908339,0.14982352834793261,-0.9878436058418113,-0.041447807551459576,-0.020475709336727405,-0.045012026554904827,0.99877658302173722,-3.8964017499064081,1.3983515994053255,-0.74046966774898337,,0.06935700150098814,0.1210526315789474,0,5
-0.99809635499554261,0.05620100297275421,-0.025399082846982373,-0.055415993137148893,-0.99799369757556644,-0.030621027155725879,-0.027069057043695825,-0.029155220189611284,0.99920830625373602,-7.7004936214408053,3.5407885704765478,-0.68974670877415467,0.223780718434966,0.09011997087076573,0.5182481751824818,1,5
-0.79481001894990122,-0.60164568746788782,-0.079369392892673737,0.60663306687961804,-0.7912536774717106,-0.076902145976065345,-0.016533479521499431,-0.1092706943273805,0.9938745189490098,-1.5648044522300766,2.7276681341813491,-0.58074354960070973,0.5015206011779403,0.2807348815127996,0.5242290748898678,1,4
0.87744503446514188,0.47935433604863203,-0.017596363369777893,-0.47892659248135716,0.877533734332124,0.023745823281429906,0.02682406581154417,-0.012408288378825946,0.99956315652031014,8.2420269100317451,-9.5927413381518729,-0.70202692156826019,0.2143637922652482,0.170750519542118,0.4390243902439024,1,5
0.68383222814944367,-0.7177060588219295,-0.13142106708765941,0.72713155819503605,0.68525685303388706,0.041264299908644546,0.060441548797365532,-0.12377826344065958,0.99046744554204758,-2.5067704300023652,10.020172688416002,-0.12221368441879951,,0.743410476866401,0.2352941176470588,0,3
-0.21704904565982963,-0.91560576987466724,-0.33846090756596237,0.97611566080519807,-0.20024461826912543,-0.084263334761230657,0.0093770202616955279,-0.3486662688395164,0.93720003439209365,-21.325677447286854,0.050462671397692685,-1.0847044336736862,,0.417443351971341,0.3157894736842105,0,1
0.32703867366874928,-0.93587940397865133,-0.1310551301306023,0.94491913523291748,0.32191388049720326,0.059154724358305377,-0.013173222675564132,-0.14318238282622683,0.98960864560317141,-13.099505509870353,4.7508844544711328,-0.70136116209464294,,0.3308310742789456,0.9454545454545454,0,2
0.14260556567891011,-0.98506505430159774,-0.096490887814285609,0.98931990998567365,0.14483119657443908,-0.016432900071365927,0.030162366341805729,-0.093116933436444602,0.99519820556714034,17.441224372038974,0.15082216062118273,-0.041598343256891518,,0.09676153533594725,0.1578947368421053,0,5
0.99871320797890861,0.044516068484488518,-0.024295017085022241,-0.043778132056734552,0.99858759270901731,0.030104731210103663,0.025600846902012895,-0.029002402215916677,0.99925144848711922,-19.324813414520538,8.6140584726189058,-0.57899285294290537,,0.05980439669034997,0.36,0,1
0.51987570471417877,0.85012449816873725,0.083771052645223235,-0.85424178452057298,0.51731536025296221,0.051534373242086103,0.00047458091293533513,-0.098352202109055348,0.99515155585129689,9.7578617496341149,1.1067980112547799,-0.36328608157985204,0.9134488800251013,0.7962728327526105,0.5763888888888888,1,1
0.74778027422107185,-0.6623456949523332,-0.04607430806825729,0.66327144849281494,0.74834734524588586,0.006872879867796485,0.029927363734561882,-0.035699177042966559,0.99891437153459428,-15.64497899692986,8.7077666875466022,-0.51373476529556228,,0.08509066413073607,0.5121951219512195,0,1
-0.96816516577100031,0.24984970739592044,-0.015209717347311783,-0.24855134166826026,-0.96677270151011052,-0.059772687489781928,-0.029638528008655605,-0.054089438239053558,0.99809613280909182,-17.797118073253007,6.8982413440667845,-0.64910921108867603,,0.1137572762804591,0.5370370370370371,0,2
0.48311671175041276,-0.86857683421018794,-0.11032917067066464,0.87553287550881609,0.48016818713745663,0.053672115333684094,0.0063582018474166854,-0.12252671192248833,0.99244484891339502,-13.104129871097447,-16.177949800315996,-1.2648589317599679,,0.1578902558345521,0.1666666666666667,0,3
0.94545844807134016,-0.3232618948726414,-0.040125681226415556,0.32436847034593408,0.94560273189687949,0.024911219853677391,0.029890105653433145,-0.036568029103422738,0.99888405775220945,8.2007078876542003,1.7046783849076024,-0.38139474573257248,,0.07788825847750594,0.3714285714285714,0,1
