axis_00,axis_01,axis_02,axis_10,axis_11,axis_12,axis_20,axis_21,axis_22,location_x,location_y,location_z,dbh,dbh_approximation,score,reconstructed,number_clusters
-0.97406836058483315,0.19661085262956401,-0.11195982107814151,-0.18967747128337509,-0.97937376391860231,-0.069638261289699743,-0.12334214930476108,-0.046596171260995092,0.99126964597363509,-8.0038261658019429,7.0929781229281836,-1.6985341561853338,0.2596735917087552,0.2230444909636461,0.7484276729559748,1,5
-0.11729666237985391,0.99250497864871401,0.034283528874112512,-0.99308108061225542,-0.11741985444790116,0.0015953405366732063,0.005608950395646968,-0.033859195781194035,0.99941087373337567,-9.2494015660269326,23.810697377810484,-1.116974651388787,,0.4420027512682799,0.65625,0,4
0.7688354671309644,-0.61669803826217129,-0.1690430539392265,0.63171729678195498,0.77350002733782919,0.051292929872211762,0.099122557614349807,-0.14622324477307222,0.98427307250580764,-1.3874707618691697,-11.174525140518885,-1.2136158021818908,,0.1361801709293011,0.2448979591836735,0,5
-0.98288219404971211,-0.054207441836514485,-0.17607994170138791,0.084752114331241357,-0.98163937046049266,-0.17088366065341309,-0.16358383702679022,-0.18288165466078748,0.96943005351191991,2.1061560064589093,16.307506749831884,-0.28922217863796063,0.5743365684351591,0.3824438469453803,0.6354166666666666,1,6
-0.87894552702586637,-0.44438152326402863,-0.173146822964686,0.46611931079961277,-0.87725800513410934,-0.11467859664217078,-0.10093338704768026,-0.18150331735168151,0.97819680901617057,12.061312484118021,6.7876196963320252,0.34848359849546129,,0.1204233721153642,0.1875,0,4
0.84093818426096689,0.53941748657232902,-0.043031911784840553,-0.53047769709800652,0.83747332414692577,0.13127011931087967,0.10684747602757227,-0.087562586315664881,0.99041224262639649,7.905216619024154,-9.9146871520878257,-0.32613494893822409,0.448025280214508,0.4153388816150732,0.75,1,5
0.51780085136147858,-0.83465483222764336,-0.1877061250155998,0.85106440081179791,0.52488025902876689,0.013787652184089057,0.087015308998950214,-0.1668892588543032,0.98212845966242013,-14.518178120445889,-3.7789928786258131,-2.5502144324228055,,0.1860537149419585,0.7482993197278912,1,5
0.81665019882383694,-0.54025675236811199,-0.20299037977611392,0.56590046809258343,0.81864574181323213,0.097856065850108573,0.11330980969706655,-0.19478652656620354,0.97427875687335563,-5.6214192264406346,-14.945020304329695,-1.6459078577896471,,0.1725790770204921,0.35,0,5
0.81307955260216602,0.5818839030412094,0.017685149753088859,-0.57395551656703836,0.79618088962147759,0.19149688249111493,0.097348375140650506,-0.16585268880268486,0.98133387767588764,13.703346942798481,-1.2948740164579162,0.26983250194583192,0.6395913754039066,0.3991500545985522,0.3684210526315789,1,5
0.98799850075325368,0.095581940857836972,-0.12133859687326312,-0.089943667052949525,0.99463322396945275,0.051135961252336805,0.12557507422411299,-0.039608614694044392,0.99129312434598638,-2.0392671091174237,-5.9636120892963795,-1.3258981241085326,,0.06645602403988449,0.2087912087912088,0,2
-0.8233271804953084,-0.53407104429777619,-0.19209495959115747,0.56012260659538271,-0.8192129676777965,-0.12309662533689306,-0.091624338679411957,-0.20894552694714538,0.97362556834254299,-16.669640203973334,14.8845723025851,-2.3513888626674229,0.1506016919390522,0.1419633799139479,0.4736842105263158,1,3
0.1573057173914966,0.98515885975094908,-0.068679926690103366,-0.9874262863664881,0.15580461487289293,-0.026725474304433654,-0.015628188264609058,0.072020434867618374,0.99728071108040883,-3.8949913663707538,-4.9525428187069203,-1.5204135062571977,,0.1638105880658944,0.1935483870967742,1,5
0.86172100003469609,-0.44188391326584153,-0.2493502061279842,0.49283943634532151,0.8457888118325968,0.20432957632616108,0.12060766178824546,-0.29896470188915097,0.94661179949454566,-8.5294857470547178,-16.032985018746452,-1.8924409852045567,,0.6060726424936949,0.3928571428571428,0,1
0.73907775544773313,0.67326751983189781,-0.021792616679649098,-0.67242100865665611,0.73930541350082712,0.035742029678459145,0.040175347160987314,-0.011762325780904278,0.99912341038167951,-11.993646578506583,-15.913516985616646,-2.2494097064302259,,0.7491323241118168,0.711864406779661,0,2
-0.67694767939086553,-0.71795964388390454,-0.16209808487893732,0.73241019992640943,-0.67889680757842819,-0.051714830596026648,-0.072918710980647922,-0.15373052531594253,0.9854185847521878,-15.840220559619604,11.103959628726228,-2.4148853607400187,,0.07532262187553404,0.2380952380952381,0,1
-0.98231439906059304,-0.13359162132731989,-0.13119336915166441,0.15144553152571136,-0.97890392125498704,-0.13715452574561818,-0.11010300803848058,-0.15459751506007013,0.98182327124494762,-16.720574849119274,16.913264116979722,-2.2849753361727463,,0.2962136608326154,0.7727272727272727,0,6
-0.34102273718088294,0.93193613599949066,0.12328232291775229,-0.93939282786435374,-0.33291764336362023,-0.081896017572438529,-0.035278997756033825,-0.14373893402816035,0.98898660818121131,16.546936927773402,5.0257318136109639,0.78031986191973834,,0.4965025673200774,0.28125,0,3
-0.84654167516844336,0.52758194351609955,-0.070883602326493073,-0.51837150592775383,-0.84730020412274798,-0.1156431836977069,-0.12107094632981887,-0.061152734765700552,0.99075838072936706,-6.5083907509236312,-9.5521062914981449,-1.7567730517720355,0.4263052388233319,0.3849556520148638,0.7286245353159851,1,5
0.12216168456232547,0.9924621182688188,0.0097707024448368453,-0.99250966999038759,0.122165995408847,0.00015665675514268468,-0.0010381716949671215,-0.0097166541122055156,0.99995225327632364,22.57450283892889,-8.9253012136250938,1.1373650928576045,0.6236122780938052,0.3740001519199397,0.4375,1,5
0.97410431928919994,0.20359405159672053,-0.098337364702114571,-0.19949813596075378,0.97862515997126998,0.049932855109547314,0.10640145154230474,-0.029021688883287138,0.99389962907934137,-32.063749547240818,-0.23952556811667783,-3.9149982968783026,,0.1232260315390115,0.1904761904761905,0,2
-0.99157509808668587,0.045405327949489351,-0.12131438928741695,-0.019213612528380195,-0.97774716039600762,-0.20890506798819741,-0.12810020276326228,-0.20481417561131704,0.97038213685159502,-18.473524777602769,-14.273326063239068,-2.8399252377983979,,0.7674031477484053,0.4594594594594595,0,1
0.1808211403157606,-0.92261831264531524,-0.34070392481804423,0.9831756585305661,0.17867879758716482,0.037940898326121408,0.025871600025822349,-0.34183232214686265,0.93940477103737752,3.1415359586997664,-11.384945578112744,-0.74848797075119544,,0.226878935840444,0.275,0,4
-0.88912960945904329,-0.42585362696479406,-0.16762227174257088,0.44700738415058067,-0.88664343303882798,-0.11852350468990325,-0.098147522118826269,-0.18031115065367503,0.97870064516780775,-7.1444585464466774,-18.188088353469652,-1.8068206682403534,,0.2348103975909958,0.7096774193548387,0,4
-0.99138542079799674,-0.025128739134529527,-0.12854374313317712,0.03169889545243032,-0.99827967342807111,-0.049324168998978048,-0.12708315174040713,-0.05297395671320599,0.99047646739025164,-12.277223399179075,-12.032564676755189,-2.2455477670440347,,0.102364047864861,0.2142857142857143,0,1
0.99235846331082711,0.033598983994919437,-0.11872568622619603,-0.0029173888281129935,0.96833174454551274,0.2496499976925044,0.1233538371425778,-0.2473959190850791,0.96103022329282095,-11.717347360128141,-13.737078597442794,-2.1830008809526271,,0.285117467046911,0.2307692307692308,0,5
-0.82835332257239747,0.55108721567763475,-0.10066605038414034,-0.54752490459654546,-0.8344414083607461,-0.06264195766001586,-0.11852110288811027,0.0032274958725739033,0.99294628829588727,-6.133272683844873,14.190993429921253,-1.238357402590992,0.2598350457115534,0.2645086588470987,0.768595041322314,1,5
-0.28424814401217885,0.95370522101201161,-0.098231074717021596,-0.95704275051068977,-0.28836155192426671,-0.030278524844540466,-0.057202852381369129,0.085404723442312189,0.99470290383268545,5.8136924442343565,-2.7521414669916271,-0.51358051606783273,,0.08167772233424761,0.25,0,5
0.24112927421717939,-0.89853139619159617,-0.36673969402489731,0.96887259758680921,0.24470495238818002,0.037488343816248493,0.056058565455093905,-0.36436357712411033,0.92956797540816627,8.4515859826139756,-12.969457966404526,-0.23857473084068659,,0.30390282807448,0.55,0,2
0.6964363968086712,0.71395410852657004,0.072428420652302747,-0.71638742954450096,0.68578209875403551,0.1284210411853679,0.042016615651176974,-0.14132389729462638,0.98907136247223337,19.757852073072279,3.5553333884493208,1.0177689619214503,,0.4770945780826642,0.1818181818181818,0,2
-0.68025557191210217,0.73291951438544589,-0.0090189974797883817,-0.72145782824420845,-0.67168878248001773,-0.16832344327413487,-0.12942549574055451,-0.10799613383595287,0.98569055799921201,18.354138574523926,-2.1468675086042754,0.73710058570375392,,0.2186760596634481,0.2,0,2
0.42847501144458494,0.89712729834035831,0.10757218571774324,-0.90277132192286191,0.42010610761559203,0.092275666660961306,0.037591287304520944,-0.13665090163115071,0.9899057663243418,13.443755971595623,-3.2917720545247664,0.21641051775406406,,0.643571724382957,0.3409090909090909,0,1
-0.83197399984277032,-0.52711646747428265,-0.1731112165720512,0.54627124038540664,-0.8328124656758551,-0.089504910159678458,-0.096989667044544162,-0.16903143711255664,0.98082688470201118,-13.343131782386248,-7.0431426437394888,-2.4208181992621021,0.1606558117885483,0.1077076719953951,0.4,1,3
-0.98970979023763983,0.068975715862810469,-0.12536698819457948,-0.050421029150527708,-0.98806180893562967,-0.14557328581251561,-0.13391135473576779,-0.13775417359943606,0.98137227224370238,-6.4804548854102055,-15.566707873825722,-1.7267549283893078,,0.3801175757696292,0.6875,0,5
0.98614853557509374,0.14368248130100014,-0.082863806033064244,-0.14071659792852098,0.98921644250549656,0.040616116803454512,0.087806063859624972,-0.028393211230091982,0.99573285609420481,-12.751624435050223,3.9845464702024618,-2.2946685428732447,0.4710868724596837,0.438924162623567,0.9731977818853974,1,5
-0.85802517906787146,-0.48465673225795658,-0.17000189399705792,0.50554204181096363,-0.85537442231854477,-0.11296832124457705,-0.090664414447728089,-0.18287276866787872,0.9789471458830632,4.2281378826577383,17.024165715886909,-0.04762599376294243,,0.3187044000574096,0.6785714285714286,0,2
0.74560296028518447,0.66638311153778784,0.0031263830835227503,-0.66130845722189191,0.73933044588382868,0.12673443176982027,0.082142254782601842,-0.09656107107128771,0.99193175648972676,8.0337974034067798,6.8978043554733732,-0.063531192072378895,0.5387511174708026,0.2482559796246929,0.1904761904761905,1,4
0.81207251715822837,-0.56400034395043364,-0.14980600421909679,0.57179872568970935,0.82031701806086443,0.011234196871888456,0.11655232376887074,-0.094781864845152303,0.98865158368383355,-12.931347643853154,-1.3906310295452817,-2.4300852757525093,,0.06921989385558533,0.2769230769230769,0,5
0.92678863391537947,-0.34979365604541202,-0.13677436249403155,0.35364058607387028,0.93537233562858368,0.0041145621951071652,0.12649570714690014,-0.052182295188232537,0.99059368266827419,-3.1443055480866269,-2.5145981322897772,-1.4969299306710215,,0.06783142573398977,0.2318181818181818,0,5
-0.31083631858227795,-0.93688706048732806,-0.16007316746297715,0.95022329771512803,-0.31010467745684756,-0.030179024152080378,-0.02136510073938382,-0.16148598982821441,0.98664370851873251,-10.808487312742676,-5.8915694130053575,-2.1848351466535276,0.6135030246963799,0.2978352030204449,0.8038461538461539,1,4
-0.038072033999380889,-0.9860510724476873,-0.16203025258239978,0.99921231021886381,-0.035749641417298098,-0.017225627582640034,0.011192825122871642,-0.16255843768719266,0.9866354316577467,-10.881568255565782,7.0662162057826068,-1.9921687534573309,0.158566229743204,0.1100829078052707,0.512987012987013,1,4
-0.10985487105769344,-0.95521373721381175,-0.27477012854915722,0.99394694506620196,-0.10524732729251475,-0.031503499668229025,0.0011737540037835862,-0.27656774276080193,0.96099370755782421,-22.433815906518966,-0.2497596275228112,-3.1965395452563325,,0.2202151985288776,0.5660377358490566,0,5
0.97584017224758024,0.17207901322057473,-0.13462827131344657,-0.16742989766984528,0.98484679896110716,0.045210750295985938,0.14036804335061034,-0.021577668666798701,0.98986424151033325,1.119402453813038,-9.9172892271509365,-0.95359252804648476,0.3883091343169793,0.2303702873525756,0.78125,1,9
-0.37783035152399141,-0.89728094161198491,-0.22832244148827349,0.9253681447645693,-0.37411876266311528,-0.061065113431464479,-0.030627146818387314,-0.23435456736178339,0.9716686238808141,-19.76629141840283,-16.632309963386927,-2.9620563325102478,,0.1394074741543911,0.28,0,1
-0.4699287500738793,0.88001582750624963,-0.068841217250220466,-0.87928015366998524,-0.47354280362029089,-0.051221328580206588,-0.077674842877782965,0.036460341165782763,0.99631182985347821,-19.597447942014323,9.0172066247326832,-2.7421621226474087,,0.3390043997742267,0.673469387755102,1,1
0.62490114180833278,0.77460959166735133,0.09735781151803051,-0.77796595549437142,0.60741377877408775,0.16067816730070217,0.065326373375313052,-0.1761490330723447,0.98219345502263788,-0.16660381234533342,-17.638302172236781,-1.1420174990348155,,0.3520809850551299,0.3076923076923077,0,1
-0.71488237411385713,-0.66383104238236323,-0.21970784772256047,0.69533455868767569,-0.70806386476798877,-0.12310733083140953,-0.073844720027567867,-0.24077772027196379,0.96776704156769322,-9.7871244396997028,7.6233303031569957,-1.8584806267418787,,0.1427786142219198,0.3035714285714285,0,4
-0.63170124131221206,0.77439542578436626,-0.035570581227464974,-0.769882650034034,-0.63206884532835994,-0.088145787998327577,-0.090742751232165866,-0.028296630356334999,0.99547227676580374,-1.3040572787744515,-3.7461102029742754,-1.291736981233375,0.3617662656149155,0.1493894960143502,0.3,1,5
0.66182943966110508,0.74785284609653147,-0.051941441866630612,-0.74208356171992196,0.6633932972379234,0.096027707485235952,0.10627219873015495,-0.025009073655636673,0.99402251785960272,16.120907534100642,7.409174568372844,0.84073188329804238,1.143177247523327,0.7372773682748428,0.34375,1,5
-0.98448211920479578,-0.10541874341490404,-0.1402920008512919,0.12221055400882115,-0.98558301655610558,-0.11700725603579512,-0.12593465549598845,-0.13233671453149998,0.9831721398270582,1.9690506358642128,-19.154809799077505,-0.94743328520935965,0.6040276924851239,0.5164723729369014,0.6271186440677966,1,5
-0.88421343956293119,0.46010204602225119,-0.080453095294274066,-0.45068333317954462,-0.88565811953806017,-0.1117775849197109,-0.12268303261032804,-0.062576373676060212,0.99047113585762192,-2.3534191338993025,3.4683176538280072,-1.2277609825381963,,0.08927838336323481,0.1510791366906475,0,1
-0.29369751430920366,0.95374863940563681,0.064072637845588712,-0.95445806089177665,-0.28891721267282694,-0.074408697207210855,-0.05245550578638037,-0.083008295087065656,0.99516734414842711,28.915654377271807,1.9201389587708859,2.0017852435055477,,0.3816808962895199,0.3571428571428572,0,4
-0.6763540267186271,-0.72111935067296606,-0.15010700392219667,0.73315897401757957,-0.67869693731073966,-0.042992861064502584,-0.07087417977647896,-0.13913069168958134,0.98773452975533338,-7.521037834625302,-8.9230248814436983,-1.8669867522851435,0.4252239466854741,0.3929348699074297,0.9569377990430622,1,5
-0.58657993084905569,0.80214721711078807,-0.11173104674412251,-0.8047968493121187,-0.59276611394039425,-0.030501893405042179,-0.09069738729647045,0.072028995865719897,0.99327025914006495,-8.0045087701679378,-5.7698316475836275,-1.9137801301089667,,0.07754304916025148,0.4191176470588235,1,5
-0.037979949725249665,-0.98444207650388538,-0.17155559281931659,0.99918821312242256,-0.035104887021181745,-0.019762633034389212,0.013432727797784431,-0.17216691004937543,0.98497620118861862,-8.2232008379904684,14.562473845874706,-1.448811321421547,0.2433867935739157,0.2032991017878459,0.4516129032258064,1,5
-0.84380421163310249,-0.4764437312863824,-0.24697332517530712,0.52983334752250733,-0.81274460332409393,-0.24232794642932767,-0.085270606209482042,-0.33533204541986517,0.93823309632052343,-10.64866169302244,14.922035872428658,-1.7055388766092632,,0.4144970917674031,0.1875,0,4
0.58721382797629063,-0.76013664110384727,-0.27815860059468406,0.80426401192714159,0.58670128609902572,0.094556861245539886,0.091319873807899077,-0.27923804851973627,0.95586965267582336,-22.076263125119048,9.9434304934904905,-2.9397014314527774,,0.2029026632838496,0.5454545454545454,0,1
0.73697403936973271,0.67591775974791435,0.0021088746812729336,-0.67125480593031717,0.73151677433373308,0.11958342018784721,0.079285880272044376,-0.08954546848239496,0.99282191669188891,9.9976871653230699,-7.3094156311134677,-0.093412527618602414,,0.2300184179917452,0.1,0,3
0.23262735965368903,-0.96217573290804637,-0.14178282880312099,0.97132619497298589,0.23720724712200983,-0.016066887442717184,0.049091083710307092,-0.13397977801018959,0.98976738912963069,-2.1246280537273843,-3.8880848602070146,-1.3683382050258728,,0.07434618672204096,0.3888888888888889,0,5
0.71941500152078375,0.6938741730414163,0.031315931615421844,-0.68631244190283236,0.70319259014126501,0.18572940871006624,0.10685170881283325,-0.15510903634704873,0.98210177637924456,4.2711346220483399,15.430602098305274,-0.10597131494198184,,0.3856782638009839,0.603448275862069,0,2
0.30672391735684151,0.94516083538373141,-0.11221155813017326,-0.95155530818826339,0.30717210071613249,-0.013703868080874676,0.021515900632167767,0.1109788078795495,0.99358984003542505,3.6086283399332948,11.034325682551096,-0.37824299212036827,0.5404850971884243,0.5355030485686727,0.7232704402515723,1,5
0.0094434698720099637,0.9978265561059052,-0.065214912455701796,-0.99975428833223079,0.0081134993744014245,-0.020628477627191114,-0.020054521637036839,0.065393692797776778,0.99765799806555899,-6.0211166417596793,17.712340888983803,-1.124614669660569,0.3882133619296779,0.3696319151497712,0.6610169491525424,1,5
-0.97753377162331945,0.17422464596104309,-0.11863177515167748,-0.16547611458119171,-0.98295912990055967,-0.080056258020519591,-0.13055795969224263,-0.058626970626878917,0.98970576308118707,-11.652813187919321,6.2785275280766362,-2.1078394957426161,,0.0748768891627816,0.2222222222222222,0,2
-0.8064580431649726,0.58146498810574943,-0.10734939320603294,-0.57985232493327865,-0.81325190293279337,-0.048914452318935313,-0.11574413973931598,0.022799341731079985,0.99301736345979097,5.6164414726243228,7.9573118656128319,-0.26817753093719621,,0.1067614057987504,0.4857142857142857,0,5
-0.99027193750277986,0.055959068309303944,-0.1273973016529206,-0.050734623012830674,-0.99774713706163176,-0.043893604466520297,-0.12956653820426223,-0.037003150666828924,0.99088005279069546,-0.54503806102105057,-2.1381540085413153,-1.2083217332835412,0.4808621240957092,0.4653714853164354,0.9931558935361217,1,5
-0.80329354645928774,-0.57563159472479053,-0.15286512150079906,0.58801439675729439,-0.80730597317592179,-0.049961333855617289,-0.094649603395971477,-0.13002050926323819,0.98698334319679026,-30.016152412301064,3.2317735188615671,-3.7123003828830274,0.5268393722600327,0.4660711597623003,0.9846153846153847,1,5
-0.3020486239838438,0.95258836834825311,-0.036633717216235082,-0.95090912132838534,-0.30378660856382927,-0.05903845722716744,-0.067368180352031987,0.017002851081487785,0.99758329543510116,4.9474932468720247,15.657366157716046,-0.027496800261123333,,0.6733253098262943,0.6976744186046512,0,7
0.79798735144191912,-0.57622739040069504,-0.17657344503270517,0.59144816619799778,0.80504352413968394,0.045760145779761625,0.11578105907158631,-0.14095005779624448,0.98322318298924294,-4.868913697333566,-9.543525689973281,-1.5849428354784922,,0.08057526737835746,0.2903225806451613,0,5
-0.84299746876099035,-0.50492705097556512,-0.18548299344059266,0.52886393495935713,-0.84097542656152102,-0.11429466400043947,-0.098276171892625219,-0.1944453782242907,0.97597786292791711,-10.394361377581228,-22.106273471005007,-2.1161335758794668,,0.2941843651051757,0.4782608695652174,0,1
0.97709992273720003,-0.1442224312782161,-0.15644689611225346,0.16909756669736015,0.97260760111944211,0.15950068081897309,0.12915786435207843,-0.18230289235468614,0.97472247409974377,-8.4011807152206526,24.972738283757188,-0.98478881473700464,,0.2345309778249547,0.3478260869565217,0,1
-0.45294422103880294,0.89108721778178224,0.028374335824368508,-0.88997841641601239,-0.45004019963966829,-0.073499911713782146,-0.052725240077198976,-0.058543906721447499,0.99689149863191817,-11.797844444434249,-10.779821597157158,-2.2338208058869986,,0.326541396500039,0.1666666666666667,0,2
-0.86787931546159036,0.4914897016408058,-0.072272864720808641,-0.48173483504225095,-0.86817702393924645,-0.11916460804621286,-0.12131381825965221,-0.068604141894086285,0.99024059158077304,-3.7804578264322499,2.4130251193145469,-1.4377319541186389,,0.07796201591478179,0.3141993957703927,0,5
-0.43078975396873992,-0.89039067702587149,-0.14705315413470066,0.90168924486733992,-0.43137221728507202,-0.029572214072131443,-0.037103821449010158,-0.14533565433152312,0.98868642855756295,-8.0753647363824328,-2.3968429794380621,-1.9860227167525732,0.3334217775990542,0.2914943938705156,0.8986486486486487,1,5
-0.84171320817058592,-0.49304935346867462,-0.2200481998001852,0.52525880058369301,-0.84210354415419475,-0.12233075382880908,-0.12498826985185646,-0.21854966476081919,0.96778818779336884,-18.113836862716362,11.239702355207188,-2.5808444055088708,,0.1898552976932971,0.4615384615384616,0,2
-0.12986563496117765,0.98372843300405499,0.12415025958698617,-0.99095792919419434,-0.12451042164179056,-0.049995374483418134,-0.033723870229910441,-0.12952036520165233,0.99100311582494327,-4.2623409067333835,-12.354143127330742,-1.552742219735199,,0.3314202554966848,0.3714285714285714,0,3
-0.14058134559194294,-0.92643942873084495,-0.3492089205109537,0.99006841096037512,-0.1311208275100611,-0.050713609726341854,0.0011945249924597918,-0.35287010851862144,0.93567155542107805,-2.2325752390017537,-11.968731041471189,-1.3200344407038285,,0.1157153631590243,0.1538461538461539,0,1
0.95761410354796273,0.2606859814640673,-0.12254814463772189,-0.26250479301515939,0.96492974499870154,0.0013493927557394201,0.11860211773025142,0.030877277808395456,0.99246165234987438,-9.8576206760866647,-12.08028609416113,-2.0500378238037626,,0.1055349438496256,0.5,0,3
0.54240877349214356,-0.77601945452378285,-0.32184861136776566,0.8369841014854732,0.53220163645313046,0.12735396349217135,0.07245920437945591,-0.33846007793714838,0.93818678275888956,-14.171201397303559,-13.667322860471312,-2.4126859156078257,,0.5595550026451426,0.803921568627451,0,3
0.40753429521333928,0.91012827633484461,0.074714917123236996,-0.91253024948389772,0.40276528487601265,0.071194585999218851,0.034703630960213727,-0.097193857390833333,0.99466024957453081,-46.847913485656576,0.18567101436750982,-4.9374446598368058,,0.4043165429820944,0.2142857142857143,0,1
-0.88381460918660293,0.45879940557362692,-0.091514163022009862,-0.45093807561826077,-0.88753214010719994,-0.094559781273188204,-0.12460573239635456,-0.042306095565772514,0.99130399259356738,-6.8743676308950432,7.0435100733441569,-1.5902615225192316,,0.08780307772910929,0.25,0,5
-0.90474170596731229,0.41907175587745032,-0.07629750264030824,-0.40947811241462351,-0.90501171835724392,-0.11524523890133295,-0.11734615859376962,-0.073025016685099253,0.9904025575499219,-39.290973285945277,1.5976656868689925,-4.4037662203502519,,0.1622401099005151,0.3333333333333333,0,4
0.95741951894373545,0.26025983972796879,-0.12495071256427279,-0.26248458742723063,0.96493518038667792,-0.0013924852915031872,0.12020693036886029,0.03413082883409882,0.99216197287257191,-0.65766316636896804,-9.0971756967799848,-1.1131232141918272,0.5446965032247555,0.5009936676999639,0.9749430523917996,1,5
0.4514346394024103,0.89074588893361584,0.052711741533353687,-0.89071477820802014,0.44631921461433577,0.086176229598889917,0.053234859156890239,-0.085854062302873721,0.99488448060900059,-4.3775562010361853,-6.76308546161758,-1.5537583829531869,,0.2215257643568458,0.2837837837837838,0,3
0.13167526521504053,-0.97681763124363852,-0.16878666956284211,0.99060687326338537,0.13599624240066116,-0.014249375292968276,0.036873393848247477,-0.16532494471333697,0.98554960072116327,-11.210033586233484,-0.6699993577530633,-2.2910480157799502,0.1130259151916856,0.08726826392849127,0.5273972602739726,1,5
-0.78006605025092257,0.62234863048312605,-0.064646263478277302,-0.61231358265447133,-0.78055025881701579,-0.12575122248922893,-0.12872075878727288,-0.058510474245788889,0.9899532770089513,-14.420953821075507,-20.346411198145663,-2.5001831187090469,,0.2041409610480453,0.3684210526315789,0,3
-0.29606105921790571,0.95441928820892941,-0.037837435292751131,-0.95454400903866432,-0.2970679101071439,-0.024421130051019774,-0.034548285386783867,0.028887351545880624,0.99898545379674997,-1.441743229390944,-14.055983586127402,-1.272460145247355,,0.1032005085057652,0.3333333333333333,0,3
0.56067018124634138,-0.77182470698109673,-0.29989259669878354,0.8237091578403356,0.55686401808066832,0.10679741877507395,0.084570509937921118,-0.30690240641056848,0.94797612933461695,-14.649975750671414,-12.399379259421707,-2.4266982839034936,,0.2042476882824233,0.1176470588235294,0,2
-0.22143833406601124,-0.95927169467059303,-0.17539350047786639,0.97512076112559609,-0.21970125214683325,-0.029510354571787287,-0.010225723832994991,-0.17756456743653351,0.98405602430103989,-8.4297507178964448,-5.0539056650052681,-1.9933211088228759,0.1165923015844061,0.1044631421105771,0.410958904109589,1,5
-0.81996513252673375,0.56654210880762856,-0.081775426554813971,-0.5631661330781087,-0.82401919408267255,-0.061937664931713786,-0.10247481639049801,-0.0047335748804416241,0.99472433632367985,-11.544566070329974,-2.5093589415012625,-2.3070109785974187,,0.1048224048635662,0.3542857142857143,0,5
-0.99014060463357334,0.061259661902974438,-0.12597157171121598,-0.054642538599993282,-0.99697165581721436,-0.055332725149127737,-0.12897975046963381,-0.047903771465448733,0.99048950153354787,-4.4621714257745637,8.9586974157121269,-1.2654005938444828,,0.1066821356154507,0.4444444444444444,0,5
-0.98699819151127199,-0.09380916330524125,-0.1305159409170023,0.10952498804011895,-0.98683962773596279,-0.11896144806095571,-0.11763862863996523,-0.13170949096370488,0.98428337537611155,2.2383725685106595,-17.224616648419033,-0.91592060758148186,,0.3646933608759582,0.7111111111111111,0,5
0.63425252603623627,-0.73632568639305129,-0.23568669197571726,0.76428030780605594,0.64313382518156292,0.047481512267537072,0.11661622664335745,-0.21024596658469807,0.97066847544273938,-4.0309191427390676,15.942256174427413,-0.97668493278705415,,0.3003241476811956,0.2916666666666667,0,8
-0.45873462787944336,-0.87673150408839906,-0.14458357764007618,0.88763907575121959,-0.45960479016473066,-0.029331008457878956,-0.040735885700827458,-0.14179318247549577,0.98905777435882936,-1.5738663537698225,-9.287381030010474,-1.2145640518070002,0.1493205254334972,0.1127923186005243,0.5357142857142857,1,5
0.98123164047654099,-0.12590747006690206,-0.14605401983193927,0.14444073472288985,0.98169955222712224,0.124108272527578,0.12775500726166505,-0.14287511378270185,0.98146082957046821,-4.364640270554192,-15.227167829687886,-1.5357964286613186,,0.09092610559346688,0.2051282051282051,0,3
-0.87603453211405657,-0.43436717839645245,-0.20949618821260627,0.47097562078755451,-0.86398937394942588,-0.17805708726770236,-0.10366032590863798,-0.25465175443021182,0.96146087845430861,-24.747204944381096,3.6092190360805012,-3.3081397728543145,,0.1509258059066629,0.2857142857142857,0,1
0.066461586871097725,-0.98595422795714849,-0.15322244562725543,0.99734839127580965,0.070207285716489626,-0.019160465857486708,0.029648674340149648,-0.15154272468761051,0.98800595074327613,0.21636893645682098,7.7669560854435069,-0.82846520008763025,,0.08043115661942367,0.3076923076923077,0,3
-0.062573975662424147,0.99628357486939378,-0.059190675070144694,-0.99766108155704369,-0.06407490221877421,-0.02380700006477398,-0.027511159848831668,0.057562534265923664,0.99796277021372704,-39.022916479498001,2.7211089031866686,-4.3345010039750802,,0.0979915996261298,0.2,0,1
0.53281463029248621,-0.79729742450988894,-0.28359369988802746,0.84094877390821687,0.53625906165032566,0.072328268748672903,0.094412548999321597,-0.27702533398195117,0.95621296525598332,3.7525113954492975,22.246416427368022,0.11720485536747478,,0.2890007573472384,0.6538461538461539,0,4
0.46745905124064502,0.88382639824730913,0.018246456488470463,-0.88296836087720099,0.46580231273177675,0.058267307673833278,0.042998943045442606,-0.043348624140998666,0.99813425333572103,-16.37008476321444,-12.782011509583505,-2.648431012707368,,0.1748100067682792,0.2105263157894737,0,1
0.83858929632594126,-0.49917256306835689,-0.21816219738380738,0.52726894533269852,0.84440581149835847,0.094690468345781403,0.13695054353783204,-0.19443656494488654,0.97130786614601572,-24.432519305220254,-3.947142873428112,-3.3078821187920311,0.7094273728060699,0.5719581534103055,0.9078014184397163,1,5
0.97069266128370957,-0.1948976860685295,-0.14060814092747773,0.2101817885000474,0.97217228320111226,0.10346336336335053,0.11653056728974537,-0.12998439806633824,0.9846444450391526,0.27167719872372842,-14.989299911167926,-1.1187108187716057,,0.2279542608605294,0.4,0,6
0.78525311327996472,0.61553017493538797,-0.067083170975535553,-0.61381458181788318,0.7880980311225535,0.046186063790837728,0.081297030892028582,0.004908878157463571,0.9966778294330495,15.288614039996697,-2.0663485782915068,0.42405058012369329,,0.1309352768312936,0.2222222222222222,0,5
0.52176775158914657,0.84766576140298799,-0.096026925113226871,-0.85159151459376081,0.5242059284727415,0.00019190085283348041,0.050500551219892456,0.081675586922443505,0.99537871829136626,-6.3698123357300505,-4.4088554067879864,-1.8173935599447573,,0.09676330789791063,0.5276595744680851,0,5
-0.2906440322320038,0.95443668884063493,0.067650968380713494,-0.9550586147701341,-0.28507781732595561,-0.081201480417678301,-0.058215881692845479,-0.088211365841344341,0.99439914825744391,-16.197951171911416,-14.773012409761167,-2.6223881313466157,,0.4698918401643029,0.4516129032258064,0,2
-0.95808145255037502,-0.24061948293845822,-0.155506252959141,0.25922038351897664,-0.95920028920065692,-0.11286982752556261,-0.12200296327236479,-0.14844887883646887,0.98136548101355026,-18.355997728263105,15.703955181244291,-2.5019038258992676,0.2123924880304116,0.230094245899423,0.4545454545454545,1,2
-0.98960956640956932,0.10143901008731056,-0.10189717024122875,-0.073240122632053137,-0.96550600318756363,-0.24986804966945617,-0.12372869718664815,-0.23980885104866856,0.96290338271875009,4.640215486228171,11.322937656835848,-0.23650405010454847,,0.3632846585741677,0.3333333333333333,0,4
-0.58089457241742626,0.80935080042244767,-0.086676280443489101,-0.80800433690004825,-0.58623033149310311,-0.058847174853166678,-0.098440272686986019,0.035850806030400313,0.99449697456567532,-12.665844689163771,20.321302823975483,-1.6729071352744547,,0.1219453466254616,0.3076923076923077,0,2
-0.27911967296559664,0.95901956307104508,0.048720486559563798,-0.95933984417388041,-0.27627795582629056,-0.057771571770906277,-0.041943671084123529,-0.062864686203531403,0.99714029087411682,-21.536382628744494,-2.2107989446979261,-3.1569751806870441,,0.546494079831615,0.74,0,4
-0.67961657556447563,0.72735730831894241,-0.095250492140662613,-0.72669097545569361,-0.68528351073052618,-0.048028492711069792,-0.10020746683390334,0.036576713300512396,0.99429402474060158,10.886144002487843,-0.29307189039616138,-0.047807402089613947,0.6219053569797472,0.5449435145073442,0.99644128113879,1,5
-0.97081762529620075,0.22885813247794298,-0.071673521002903112,-0.21471396499685902,-0.96258683152563829,-0.16530125531513595,-0.10682252407415248,-0.14508806626370224,0.98363529896922985,-15.127567137769026,-18.263382728006285,-2.5549060723594295,,0.2425846736999142,0.2857142857142857,0,3
0.98934924370185418,-0.047917553134981909,-0.1374481068917468,0.075582697358700685,0.97610058947229295,0.20375204315987921,0.12439987880441015,-0.2119706284686593,0.96932611788811796,10.587658466680878,6.4696939241133586,0.16945950548059646,0.9183956132823572,0.3462808867798463,0.1333333333333333,1,5
0.97616680770456199,-0.099914329122694434,-0.19265380964789194,0.14526837239946355,0.96033593282489893,0.23801679794867678,0.16123108731350497,-0.26033060319772688,0.95196245384070255,2.1711433812245882,-2.2738359430394741,-0.91918247839554179,0.5554768983895644,0.6227759669235297,0.4145077720207254,1,2
-0.95988560505628817,0.26869007306913933,-0.080157780906286141,-0.2605762118999283,-0.96038187272485298,-0.098826597297407767,-0.10353580538926267,-0.073975017239612084,0.9918709764010597,-5.8799361510821173,-11.17359984895451,-1.7165670844324612,0.6901206082463724,0.2388408037460627,0.3448275862068966,1,4
-0.98938725755102519,-0.024980940528503501,-0.14313911836382365,0.071665596573125559,-0.94084970894425091,-0.33115837215346972,-0.12639975025085834,-0.33790202395047791,0.93265498730596563,-21.484567390927246,3.3882014127420477,-3.0751121256261302,,0.2498104604122266,0.28,1,4
-0.278071329742129,-0.90894284966792127,-0.31064325457508696,0.96055745558228245,-0.26232329761533912,-0.09228142854065928,0.0023895817070753822,-0.32405151375324925,0.94603641913696535,-2.4036706119656701,-18.374502910621214,-1.3464512337385375,,0.3777095981529189,0.1714285714285714,0,4
-0.98864742938996386,-0.045890916313390095,-0.14307440078691142,0.06270862026969852,-0.99134402529066923,-0.11534579517417887,-0.1365426281587076,-0.12300832215915432,0.98296747828964437,20.874985645129669,-6.7803380187741196,1.0063055318456877,0.4658188468699759,0.3284865628379109,0.4375,1,5
-0.9490626641591785,-0.2494183144702608,-0.19253717538672036,0.29274221382750421,-0.92399973417056658,-0.24602131512552752,-0.11654207713291549,-0.28985340373978086,0.94994891894143907,-22.179438036283631,21.162961330179684,-2.5491355817799839,,0.4876527148277167,0.25,0,1
-0.18593305580602598,-0.9402683811999335,-0.28517410484525108,0.98066607537363315,-0.19560948908187711,0.0055656439342625062,-0.061015959960565476,-0.27862573301255567,0.95845957323890663,-9.3758316925404799,18.282885283638109,-1.456383355720263,,0.351646124403885,0.6296296296296297,0,5
0.0077187630981209792,-0.9845441440324818,-0.1749664229147454,0.99990715046969059,0.0095641864144865672,-0.0097065327388704079,0.01122992145194697,-0.17487525493784253,0.98452655326029992,-13.141597215831188,11.993567933108549,-2.0903383070634054,0.1562563853614848,0.1022587465419452,0.2647058823529412,1,4
-0.57843127082184587,-0.7978107295525656,-0.17004500800149192,0.81353487685613102,-0.57948730356484612,-0.048533175723655168,-0.059818634839855063,-0.16641065115534739,0.98424043104718517,5.2491120303321859,-14.020378711430055,-0.55222239736264433,0.2120170559307674,0.1312430567173158,0.3846153846153846,1,5
0.94869119284827863,-0.2822811483022778,-0.14248639908867233,0.2963509373922748,0.95089379142551145,0.089314720707926176,0.11027757033426565,-0.12695806686289127,0.98575884816703907,7.9375912680868197,-1.5997085544444711,-0.34060796802435556,0.5777986305081277,0.2183693983671903,0.3404255319148936,1,5
0.40826397839467093,0.90895300295468084,-0.084409492150027118,-0.91252123203442881,0.40889567050464198,-0.010456181374149857,0.025010498430169305,0.081294335978769811,0.99637628730617978,0.25729566764220724,15.596989481425638,-0.52638396765553452,,0.1096080371047602,0.5789473684210527,0,5
-0.92633913224856135,-0.35030400282036056,-0.13850241035091684,0.36267783731750719,-0.92875762521604632,-0.076642415944070966,-0.10178702463318492,-0.12122862372839659,0.98739203075842197,4.9000275719502833,-16.131411218976254,-0.65355883387137503,0.2906773739715238,0.2206907057848579,0.8387096774193549,1,4
-0.5139635126360258,0.85781196959387285,0.00036400593002033221,-0.84464601735865874,-0.50600089621698874,-0.17474609691709764,-0.14971510624847884,-0.09012057395003352,0.98461346177671261,9.2766589313441497,23.283153611854626,0.7164021192406933,,0.3130510705346629,0.3333333333333333,0,2
0.05103031454752497,-0.98545391577746244,-0.16210023712520008,0.99843952711408612,0.054026800512169834,-0.01412853575632122,0.022680778059407249,-0.16112630047662507,0.98667314628570668,5.7054366289548906,-1.4545803995107016,-0.54596317028935393,,0.09514121350456654,0.3157894736842105,0,5
-0.5982447917642979,-0.76238862044781264,-0.24671189784559197,0.79966708597716352,-0.58774073053938181,-0.12285513937083019,-0.051339270852674618,-0.27078483169615619,0.96126991744858048,14.698208321949062,-22.678935332161721,0.2944394745930346,,0.2460429030918462,0.2222222222222222,0,5
0.27736763493252092,0.95611903140550647,-0.094358851604590843,-0.96072161911001408,0.27693550951770485,-0.017907935190959835,0.0090091989973697609,0.095619670321365438,0.9953771712175542,-8.5310737384889155,-1.2064343445936883,-2.0253278625489539,,0.08903577075086473,0.5411471321695761,0,5
0.1511882049024651,0.98274646299398549,-0.10654349426962538,-0.98850333005809021,0.15010933710311158,-0.018120523682574892,-0.0018147072591866026,0.10805820832901088,0.99414291248808262,5.036127834169676,2.9432956537781294,-0.5118573458179333,0.5444732110019698,0.4521392682684758,0.9296187683284457,1,5
0.80103747580438267,-0.57826570608180694,-0.15475055905117985,0.58706266994611589,0.80941649195464671,0.014225473896201764,0.11703155092829098,-0.1022434140741743,0.98785115294044989,-12.461762815602343,6.7622104925861146,-2.1802327217714108,0.2647396415184579,0.267382308183015,0.9126760563380282,1,4
-0.91858279284445687,0.38725255575050832,-0.079000700976496821,-0.37473045931479049,-0.91690184205951575,-0.1373611840717523,-0.12562935784204501,-0.096573651129938584,0.98736558293047094,-26.152018047229493,4.9852198393443024,-3.3836963029644518,,0.2712704525470123,0.5,0,1
0.6990026353706108,-0.68636638922443061,-0.20073987020011361,0.7063211079223346,0.70654077736378029,0.043710667182627984,0.11182937113436146,-0.17234067907839448,0.97866893385173459,-6.2607175872204008,26.214825411878124,-0.71384293331240567,0.5369432420425059,0.3916328647834916,0.8518518518518519,1,4
-0.93857766717600677,0.33137735567489413,-0.096234145833791987,-0.32078657686543061,-0.94067993548476569,-0.11053158408045932,-0.12715319414550286,-0.07287185411591536,0.98920258698423569,-12.381339477212329,-23.285734711050196,-2.33233951377062,,0.160979645768936,0.3888888888888889,0,1
-0.98906551798099707,-0.065637598339886458,-0.13206478268317021,0.07613201418636277,-0.99419356120793945,-0.076046559873552758,-0.12630644305382327,-0.085269388040762423,0.98831969215747406,-8.9719984240676087,-6.6645646540929482,-2.028967129466007,,0.08066065401632659,0.264367816091954,0,3
0.20008929667374203,0.97793102719508718,0.060126361986821433,-0.9795141700374369,0.2010816026226887,-0.010871052504870466,-0.022721444770961621,-0.056719442309088978,0.99813157489965576,6.2944084369306692,-15.441536092239389,-0.49077565431375236,,0.4773819570819636,0.3939393939393939,0,2
0.30459377264925575,-0.94089438725552998,-0.1481228736364972,0.95023036106091896,0.31086421599335912,-0.020632501856752892,0.065459106175751222,-0.13446632011724854,0.98875371765308506,7.0305559400603785,3.1881592520005468,-0.32987523371387045,,0.07202461145561888,0.375,0,4
-0.89850627825744689,-0.41683854334332998,-0.13759395595505747,0.43564553004286821,-0.88523164311901203,-0.16302732953245147,-0.05384644914588041,-0.20642327098518934,0.97698003721168991,16.615001347704833,-8.0640324082956365,0.56306722635271378,0.5893988653922393,0.4301620763626333,0.46,1,4
-0.46928016452663707,0.88304771863480469,0.0016893181226986171,-0.8813909391632756,-0.46828079442463461,-0.062153921307609238,-0.054093803182358277,-0.030656552103921281,0.99806514630577492,9.5514846745397382,14.101301461827866,0.40341042187353676,0.1718720850364581,0.1911654316182226,0.1739130434782609,1,4
