axis_00,axis_01,axis_02,axis_10,axis_11,axis_12,axis_20,axis_21,axis_22,location_x,location_y,location_z,dbh,dbh_approximation,score,reconstructed,number_clusters
0.84382208887100518,0.53436838374384832,-0.049139727190539759,-0.51124371357022869,0.82836458009202163,0.22900215672323054,0.16307712184207604,-0.16811470162944217,0.97218480723972878,-14.636084574858881,-26.293305786549709,-5.0899134844478153,,0.3938351116147851,0.7777777777777778,0,4
0.20679463741272472,0.97638843577026113,0.062462792376285291,-0.9770286166292298,0.20272700705530081,0.065702685622234289,0.051488447489837517,-0.07461489867649293,0.99588230061116334,-8.8269526612421192,-30.340598291793857,-4.4829112749163196,,0.3717561429832214,0.5,0,1
-0.79695490405424996,0.59035313166956471,-0.12785171423105404,-0.59272096877775138,-0.80508556560336941,-0.022783441975858163,-0.11638184598572816,0.057623016105030907,0.9915315698150583,3.2034702286449499,11.849660182792764,-3.0146000590379978,,0.06909034916226452,0.2857142857142857,0,5
-0.17330450745020931,0.9839115988019046,-0.043399463597158502,-0.98483014745171893,-0.17351727588469448,-0.0011556988282033815,-0.0086676621800270102,0.042540812317532477,0.99905713095883475,-18.870168690163851,10.592071377615008,-5.2946794660682901,,0.2770058150989039,0.2608695652173913,0,2
0.9317960077568116,0.34211549278085185,-0.1212979370302063,-0.32604532268872111,0.9357305802086493,0.1345463816503209,0.15953259065556713,-0.085821156259403494,0.98345517521492731,16.11724805593288,-26.027965092649595,-2.161987318750588,,0.3937703192344716,0.6949152542372882,1,5
-0.029202146102472168,0.99869684117346635,-0.041855156111879351,-0.99800172964052614,-0.026783351456563579,0.057229360640079469,0.056033760337210629,0.043442738344792564,0.99748330621999759,4.776056993906395,-27.551516526832824,-3.3174856640651607,,0.3157409079494274,0.7555555555555555,1,5
0.98110038760782137,0.14011109251848416,-0.13345752578651573,-0.11122621422695586,0.97272566897635393,0.20355220996894907,0.15833748357391894,-0.18486117674563404,0.96992555726081231,-11.44329291594457,-23.811603987009573,-4.7385996994866275,,0.1183916506576704,0.5714285714285714,1,5
-0.88981381150739625,-0.38725177633904512,-0.24138650039497142,0.43400413746710426,-0.88160399036819947,-0.18551229832089339,-0.14096733491171706,-0.269834145150534,0.95253228008228985,2.0002302923560165,12.346081821438247,-3.1644544913877497,,0.3386820990902261,0.5507246376811594,0,4
-0.13164776306565482,0.98727781662759273,-0.089170506754548434,-0.99112037929738006,-0.13278661185297722,-0.0069360978961610208,-0.018688505055986647,0.087465584704273611,0.99599222450334046,0.46562549649145535,-31.415171037191531,-3.6878340187621275,,0.337076103405226,0.4615384615384616,1,4
-0.57942063085567364,-0.75657342767343372,-0.30309797273700795,0.80432740309769857,-0.59086711746627374,-0.062717446721058376,-0.13164027182031005,-0.2801297878405074,0.95089333828747957,-16.478656470067456,16.425424435220538,-4.968390163160894,,0.4495545680471329,0.2142857142857143,0,3
-0.56306787838230676,0.81627737478264462,-0.12901864885357844,-0.82324024281105512,-0.5676920135265876,0.0011315451936313834,-0.072319201810062336,0.10685048056084578,0.99164152184822973,21.899123339823937,10.069264598987337,-1.5722728026506467,,0.2556060988256644,0.6590909090909091,1,5
0.95405814337096606,0.26968377413525862,-0.13055160296108509,-0.25503438123534478,0.95963405773700217,0.11857461625121007,0.1572594145208823,-0.079831930951091423,0.9843253219059086,-7.8513297897769974,-24.741326397966763,-4.3108145338010324,,0.09551864725012012,0.4117647058823529,1,3
-0.81248622805480897,-0.55192021815801651,-0.18775037153006055,0.56599245614475824,-0.82396291052991011,-0.027159927435526462,-0.13970922950360901,-0.12833236092072314,0.9818411971047154,5.3970648590019739,13.973605637934007,-2.8057382322137481,,0.07780139294868682,0.3333333333333333,0,4
-0.76651261863473585,0.63147264659461066,-0.11704999819102538,-0.63270035409993031,-0.77377118200072637,-0.031119444516624975,-0.11022099344291982,0.050204128395961299,0.99263834204430113,3.3594562737737759,-31.559640192700122,-3.5122365538979947,,0.1756778038186779,0.3448275862068966,0,3
-0.4441816539649675,0.8891376659272292,-0.11016746030668761,-0.89452410855733566,-0.44701816261942928,-0.0011753714538036719,-0.050291922717776882,0.098025370786491595,0.99391234482298341,18.073722504981664,15.491586820273834,-1.5896313617854514,0.1720301136172567,0.1713820825811299,0.2,1,5
0.43200539166905455,0.89960902832246059,-0.063835238932631197,-0.89840597796707111,0.4354648746026491,0.056895006286411913,0.078981265638747619,0.032771010787257485,0.9963373025888792,5.2262577107916126,-26.205550235238995,-3.2515560707565117,,0.2319631619276636,0.4242424242424243,1,4
0.9755387408984536,0.1738136959718122,-0.13458441254052098,-0.16232502727757006,0.9824234123361959,0.092167371737726253,0.14823882934506313,-0.068066423340165383,0.98660641163945484,10.373471478726776,-24.311363505871626,-2.6818136555250596,,0.1897371886333388,0.6153846153846154,1,5
-0.98127897069749581,0.1182433786433595,-0.1520200153725364,-0.097205633226402785,-0.98549883634107682,-0.13907950402355437,-0.16626077870597497,-0.12169859069597676,0.97854320624420865,-13.134459789076296,18.199795640850159,-4.5490284575300581,,0.3097672505047267,0.7361111111111112,0,4
0.27511107173973798,-0.91368517372546409,-0.2991543105497248,0.96120779419751257,0.26781809890121622,0.065977589186718408,0.019836193691477263,-0.30570062024014077,0.95192103464763711,-4.1475228430485105,-27.690333124271834,-3.990835365938775,,0.5721809430078243,0.6746987951807228,0,2
0.81856680608842525,0.5711702155156676,-0.060934135572593105,-0.5504693177004305,0.81032926570278185,0.20087312268198637,0.16410945810834845,-0.13088569842949119,0.97772031773202284,-2.3624389296828552,-26.834569808086982,-3.8526129947171976,,0.3346676765858208,0.2972972972972973,0,3
-0.9462060175608904,-0.25105404701528694,-0.20412260484524347,0.28080298683361793,-0.9505708238456726,-0.13253222792468144,-0.16076024047282395,-0.18272102870388765,0.96993255989914795,10.978120546798717,8.3604450550194755,-2.6094910039646004,,0.2157325369394629,0.5353535353535354,0,6
-0.96321437650848996,-0.20527731811127367,-0.17343381318648271,0.21763368933457347,-0.97446199030725156,-0.055311903900092059,-0.15765037949203653,-0.091022261647762143,0.98329105850228449,-17.139181447962354,14.195256281653867,-5.0432971204487211,,0.6057214393863908,0.303030303030303,0,1
-0.98508795954477557,-0.066747899443371353,-0.15857625887820792,0.071037509746169306,-0.99724122058113518,-0.021531841140760781,-0.15670157679159996,-0.032475619990166085,0.98711192371345657,-1.7030546990709097,8.164797553545835,-3.6719567324475015,,0.1647931379270088,0.7176470588235294,1,5
-0.96995194723435962,0.18833074903939392,-0.1540284032980114,-0.16478463791422465,-0.97429791522474329,-0.15358904744869403,-0.17899509256890805,-0.1235924809807622,0.97605617434718783,-8.496550783127292,12.003758341149783,-4.147648951670817,,0.1379193549043456,0.4482758620689655,0,2
-0.59716221832722804,0.79396881205995651,-0.11406493974313607,-0.79858063597959839,-0.60182996325595983,-0.0083464462947161755,-0.075274516543942877,0.086105869738546351,0.99343823479652926,-0.07698964317251028,12.540514497867827,-3.3991282552028963,,0.07547589664567471,0.2571428571428571,0,3
0.73534634943981259,-0.64802840528232675,-0.19830514948630137,0.66933725050763127,0.74029635165644392,0.062840725704294803,0.10608200341445642,-0.17894272176146758,0.97812377073669576,-13.838365587140871,12.296618264417626,-4.6074822643068325,0.920641251362515,0.3979413393317985,0.7285714285714285,1,3
-0.91244951546174091,0.3935164718305853,-0.11216357756260523,-0.38613816757036873,-0.91877107858265972,-0.082201099174249309,-0.13540013766253117,-0.03169371480380502,0.99028395481442766,-3.2563587183124922,7.7242760189631738,-3.7573924913319829,,0.09264591661036961,0.2054794520547945,1,4
-0.98607884930298517,0.11739208983553812,-0.11776077530886751,-0.096873248622275532,-0.98119520449084308,-0.16694772950100159,-0.1351446508696052,-0.15321575613564589,0.97890799129086414,-4.404152549226211,-30.637096704984938,-4.087392488309467,,0.4476563584764008,0.8360655737704918,0,4
-0.50221383544963316,0.86417255433448226,0.031417508144111123,-0.86245170549014816,-0.49790883257085122,-0.090905721189962443,-0.062915174482028546,-0.072750194384265304,0.99536379783320827,-15.559460869343166,15.047752344166927,-4.8527625200282767,,0.3122189766194284,0.7254901960784313,0,5
0.77448020034512544,0.6295397072205442,-0.062130317124940493,-0.62168049046487484,0.77560219607871206,0.10933709897940305,0.11702045568500766,-0.046054212299751707,0.99206109815914201,9.6950804391848102,-25.694570135113448,-2.7401543762459144,,0.3028547836436546,0.5769230769230769,1,6
0.14490578752201325,-0.96727207571861873,-0.20829556951029921,0.98941870976986956,0.14320254100244584,0.023316282031435605,0.0072752663148390228,-0.20947019784551096,0.97778796613305208,-3.4762733827327983,-28.324570895991467,-3.9355481249852966,,0.3305909944341445,0.9302325581395349,1,5
-0.91289132643769444,0.3854152177134314,-0.13447875694597816,-0.38337584291923987,-0.92264600487401127,-0.0418008702778912,-0.1401869793553942,0.01339625488466183,0.99003441918666446,-13.430456323717177,15.904027953087004,-4.6467375733571581,,0.2212522159844305,0.9270833333333334,1,3
-0.19620685962976225,-0.92422443098772999,-0.32758520937251318,0.97929652918923082,-0.20166585991230807,-0.017583767052469657,-0.049811405843971764,-0.32425311426605602,0.94465800252610521,-0.52697875503829339,8.3194129887507682,-3.50760554463595,,0.08655075620061915,0.1944444444444444,0,2
-0.93595194097369416,-0.28572330194277706,-0.20580611972069793,0.31618264962651377,-0.9391819029702374,-0.13403688003068509,-0.15499192321773039,-0.19052440226941972,0.96936987568066535,5.8442173024605752,7.0021978484853662,-2.8600880310436603,,0.07271449902450697,0.3,0,2
-0.84711727210616083,0.52931213661224497,-0.047127373514712669,-0.51685083504066354,-0.84128243068729391,-0.15845846816956927,-0.12352142169350362,-0.10987508294357405,0.98624029755985798,-4.0257904218877885,12.685628361645977,-3.7070821647442105,,0.3365533950571695,0.7829787234042553,1,5
-0.44712735638957896,0.89409308502996365,0.025974650520637115,-0.89437635519213177,-0.44647097266987906,-0.027470089851524923,-0.012963889898691213,-0.035513741915133443,0.99928510030615414,-7.2338215108517288,-31.148256512747736,-4.2499334444519583,,0.4481538255078291,0.2916666666666667,0,2
-0.80050355512051974,0.58981823291889224,-0.106341479940071,-0.58895207156848983,-0.80703629260218912,-0.042753711161709375,-0.11103835208878908,0.028405537124819562,0.99341009146578374,9.8091128264873184,19.57770001604985,-2.3822424278358838,,0.6891795304807167,0.9259259259259259,1,5
-0.79609593939553713,-0.53474627361250116,-0.28333315749393417,0.58774131042686106,-0.79474760055444915,-0.15144769206119704,-0.14419225809888125,-0.28709349395360956,0.94698781324463488,1.9026629961825769,16.595808176027546,-3.1861762678694752,,0.4787082436718709,0.2857142857142857,0,4
-0.10073969182254101,-0.90971931303109477,-0.40281793156428869,0.99365264754951788,-0.11236828056895647,0.0052711990864957878,-0.050059269964039754,-0.39973008520776726,0.91526494987542162,7.4841091930592913,11.539298595396303,-2.5311189823574685,,0.1691302989363993,0.3888888888888889,0,7
0.93141418649769125,0.3474720267764374,-0.10830883527542291,-0.33776137630918535,0.93606956072357428,0.098443030024982753,0.13559080302354151,-0.055108693458015397,0.98923109839955081,2.5893564103886333,-24.277847972200799,-3.3577204299523924,,0.2841512708584809,0.6078431372549019,1,4
-0.039264220756047796,0.99841028020804512,0.040438018538424284,-0.99913048151784301,-0.039796068543951783,0.012431968081102876,0.014021478892928083,-0.039914725394754734,0.99910470563716058,14.29519654278538,-28.301107149758259,-2.2977532408841466,,0.3394470736549202,0.2777777777777778,0,4
-0.70663940944834991,0.70439608347971916,-0.066984345879613535,-0.69923050676988008,-0.70966589101615496,-0.086319299873107935,-0.1083394822621189,-0.014159120971276964,0.99401311655153557,22.00566768978943,-22.284661582969616,-1.7001469356022743,,0.1941819400119659,0.6,0,3
0.89635183496325166,-0.35346177655651811,-0.26761569548799113,0.42210969244952357,0.86497432783462147,0.27137210565423497,0.1355610397502908,-0.35620806377811626,0.92452096774560244,-7.4384964157427858,14.482202375781005,-3.9909907181193471,,0.6872812677419864,0.48,0,2
0.097424942862859368,0.99096220362462251,-0.092207871115219414,-0.99369676309933286,0.10201748122244898,0.046466940193388123,0.055453796209792287,0.08709962406612122,0.99465498137467911,9.1019453398904648,-31.45826066489375,-2.9684946489309008,,0.3209006879515769,0.8409090909090909,0,2
0.74607847783253423,0.65877358421198906,-0.096872440144643426,-0.63852179729573799,0.74909481901629515,0.17648474863614891,0.18883013343560631,-0.069816308033533864,0.97952481532590985,-9.0412123113436405,-28.552354585299035,-4.4782428449032192,,0.2473979351816761,0.4166666666666667,0,2
-0.83742845397059895,-0.5002969206229898,-0.22003766881051381,0.52600276802804702,-0.84709305051088624,-0.075858103080642239,-0.14844080472445559,-0.17926615684873354,0.97253738874217099,22.273166468338143,8.4345744054711691,-1.5521989537853653,0.235596380448975,0.1475862127796694,0.3,1,5
0.67890499141351435,0.7330906723047087,-0.04081762871166713,-0.72360007696541573,0.67746867744342565,0.13205725916699049,0.12446260984511623,-0.060118693123549789,0.99040133354497051,-10.283143461625146,-28.377227637032707,-4.5499467973317378,,0.3403450099682503,0.3571428571428572,0,3
-0.79467318599736581,-0.57566086855207921,-0.19263720272746493,0.59048565202560233,-0.80664937098337186,-0.025367046419141556,-0.14078786243386185,-0.13390801585415751,0.98094210893472567,10.795989110499836,10.344688368247553,-2.3314666408808615,,0.1268806874735958,0.3103448275862069,1,5
0.98443062215979704,-0.06155932525850135,-0.16464142743487112,0.077780630978464951,0.99253280869404337,0.093961678946817673,0.15762780084320718,-0.10530466817587425,0.98186781353790298,9.8551003842032063,-22.590623751619471,-2.718432567751178,,0.09878546436206556,0.3333333333333333,1,5
0.6827650656015084,-0.67980583970068587,-0.26776087373440721,0.72596936852986382,0.67256696688382633,0.14360414692146253,0.082464181015267979,-0.29243408721545311,0.95272344543626397,-16.690256161989371,6.753962340952457,-4.9974832074761624,,0.2362504144858136,0.1538461538461539,0,2
-0.78312360215346877,-0.54592890274701211,-0.29779029012984781,0.59816780424689786,-0.79223231520175441,-0.12067823628357106,-0.1700373538744368,-0.27263453907293528,0.94697291745427847,28.924579385797312,8.1736835335801974,-0.94238979650127686,0.9586720557797201,0.5972801512917739,0.2857142857142857,1,3
-0.5127667148599856,-0.80048030641681556,-0.3103249509313411,0.84654836374608444,-0.5315987306448815,-0.027543736412810875,-0.14292013143894508,-0.27682859067587701,0.95023142834463359,14.185423636184932,10.159621640733686,-2.0016678482634394,,0.2593425531797554,0.40625,0,3
0.9811191265832967,-0.054021232208993526,-0.18570666633981817,0.09578329685685609,0.96989367783974156,0.22390134820882457,0.16802029489218848,-0.23746149194578858,0.9567555698020368,-0.91568800810061357,-28.70740426934843,-3.7914041484831928,,0.3469800911004361,0.1428571428571428,0,5
-0.44235849934526317,0.89453464363271518,-0.064239624826887748,-0.89449176774474226,-0.44524596806644179,-0.040503152438603626,-0.06483390697694047,0.039544901839168638,0.99711221296533992,0.72137111163562251,-27.936317756919781,-3.594934573755534,,0.3708599461244226,0.55,1,5
-0.78226276632676206,-0.58369836874533776,-0.21762623633843359,0.60574602676865619,-0.79426519914352622,-0.047058946901515103,-0.14538471540291428,-0.16863868996622625,0.97489705957792649,-14.643958612572526,6.5679042796893619,-4.7370802331736552,,0.09802257371108626,0.4468085106382979,0,2
0.98661064265650289,0.053221443279704926,-0.15416522880386166,-0.040370803602160291,0.99553527997288782,0.08532118462503592,0.15801784080741535,-0.077955014620797999,0.98435429479534098,2.9462247447091277,9.448170240917019,-3.0634548498487821,,0.07793487246268715,0.2222222222222222,0,1
0.98393622515106449,0.089807896077356578,-0.15428560087588231,-0.06932960084258491,0.98864279400897903,0.13333728773725387,0.16450808880563031,-0.12049882844359151,0.97898780434755195,-5.5184210050859068,18.570382792257615,-3.6741402614184784,,0.5171419403613869,0.6428571428571429,0,2
-0.46841581134928911,0.87808321763127684,-0.097757304546976273,-0.88160622294657409,-0.47179369533686083,-0.013460189533020034,-0.057940446493469931,0.079878482426072886,0.99511925551937963,-11.506816388554419,19.405184066939487,-4.4492846499437491,,0.09623283733016116,0.4074074074074074,0,1
-0.80648262170548768,-0.56170738163758627,-0.18458222639487931,0.57535787608531574,-0.81748311327983103,-0.026166274647148269,-0.13619506347014887,-0.12730348351935461,0.98246869047832741,-12.074554552237853,9.5476025457618778,-4.4891383576308641,,0.07487209263299804,0.3584905660377358,0,3
-0.72096763991517787,0.6909304192958613,0.053111372480704397,-0.68493615243937578,-0.69887859445510003,-0.20598829407033967,-0.10520517704316291,-0.18488879334375469,0.97711207382736165,-5.9265670862357176,9.7049187407982167,-3.9237367762819479,,0.181171217069049,0.1311475409836066,0,2
0.53834964898954873,-0.81735248860588428,-0.20521833446989285,0.84110994666946959,0.53619798483557368,0.070892726509506843,0.05209331095746754,-0.21077625679387405,0.97614530502658814,1.5687866169251536,-26.462275176344612,-3.4741298291616673,,0.1124580144230909,0.2608695652173913,1,5
-0.98291839589735497,0.10861501444391837,-0.14857390633592701,-0.10509824293846894,-0.99396777790432345,-0.031343513191530371,-0.15108205167330771,-0.015193259205596082,0.98840446100616863,-13.373846291494747,24.336407678923887,-4.6411776852851574,,0.1096688216096599,0.1333333333333333,0,2
0.66622146532106563,0.74564376461786686,-0.012819338202361861,-0.74131063903353045,0.66402783557369671,0.0975990268343392,0.081286503191798365,-0.055519454876703678,0.99514325327012232,15.91202213218722,-28.337908209974568,-2.2093552231320817,,0.2550012195429424,0.2413793103448276,0,4
0.37589629313355488,-0.88126082364313207,-0.28649840753533451,0.92444479668627122,0.37799772581420266,0.050194991373357964,0.064060867057301671,-0.28372007329605847,0.95676492688682291,0.17071128657057519,-26.444118646180961,-3.6369190977434624,,0.2872740903215372,0.4166666666666667,0,5
-0.41489421211811645,0.90710660982159885,-0.070854718747962966,-0.90851015464551932,-0.4172716634808743,-0.022218410426468958,-0.049720133315011128,0.055153941598669785,0.99723916442810656,-16.85220911447793,12.012958177233131,-4.9877705401533081,,0.1023978015556288,0.2142857142857143,0,2
0.14977235022257596,-0.96624732528135415,-0.20960522296792711,0.98867895755919333,0.14830546603251182,0.022790516109698192,0.0090643250423295043,-0.21064566250342739,0.97752045650207176,-6.704961660754182,12.621322695943382,-3.9866065446555177,,0.08870806929256156,0.3571428571428572,0,5
-0.9430034274014476,0.30119116367968285,-0.14152179630855846,-0.30476475573168477,-0.95242019301423786,0.0037708888247398467,-0.13365245816268878,0.046686816768766515,0.98992795776615494,-11.790307113741809,-25.802726526348074,-4.7671661702338417,,0.1073408553398755,0.4166666666666667,0,4
0.20402605510340335,0.97140180295713996,-0.1214574248473942,-0.97762138214441352,0.20867082487412211,0.026700562173855077,0.051281595265644443,0.11329176518163599,0.99223745843877464,1.768090404726649,-29.374615737794336,-3.5552522204007051,,0.2968931637465617,0.9090909090909091,1,5
0.9379800658623918,-0.30648782055976348,-0.1620450921605138,0.32713397966277385,0.93720179002828996,0.12098001536520571,0.11479004919756419,-0.16648729866357856,0.97933917719497232,12.6318180649162,12.372251737388741,-2.2172438612441043,,0.204658990677214,0.25,1,5
0.90578672903961466,0.42335926076334462,-0.017813978265146725,-0.39558230797327781,0.85992931734457023,0.3225464412915412,0.15187178511577296,-0.28511139138452046,0.94638599703743098,-11.857091844218678,-28.317485537485847,-4.7392137352498116,,0.5845355235975989,0.3333333333333333,0,1
-0.80898826874638052,0.57193695614978213,-0.13574276857665524,-0.57594893249570878,-0.81740409236868983,-0.011548893279050712,-0.117561933412933,0.068837983475980691,0.9906768009008653,15.607146532553205,12.094829313790324,-1.8176484962612367,,0.4515370536493339,0.9120879120879121,1,5
-0.52256294858094343,0.8518959315420811,-0.03465958153874437,-0.85027416748694351,-0.5237073070609285,-0.052578480725260432,-0.06294286992802757,0.0019945809186032509,0.99801513854860102,-5.8897322314002647,7.6125927301757361,-4.0965903670374324,,0.3168594839478303,0.3443708609271523,0,3
-0.79869338418208902,0.60065674704266525,0.036060370157368293,-0.59043098196891741,-0.77071393337977423,-0.23956478961963021,-0.11610397751577146,-0.21262997231435016,0.97021047267003691,-6.6342721264601936,-19.394240168686377,-4.2896801483207456,,0.6779709120206479,0.3173076923076923,0,1
0.0079790758495979497,-0.97114278769352547,-0.23836530842266759,0.99976222966091455,0.0029099433303223197,0.021610561613495585,-0.020293311509527987,-0.23848106453272425,0.97093509740214623,-19.985245348929627,-32.795614964366976,-5.6765957919992571,,0.323258475998321,0.3461538461538461,0,3
-0.59715403845083292,0.79420960774532945,-0.11241954157027298,-0.79593957416939964,-0.60407335372751159,-0.039693545916572023,-0.099434645033286126,0.065776000801247611,0.99286769968898592,-2.7373537843041391,14.495948796878567,-3.6192521894328822,0.1826202476889415,0.2456427468196422,0.25,1,6
-0.32978232796576795,0.94155424485513761,-0.068696580386153921,-0.94399101684016018,-0.3297453795323631,0.012204294413821119,-0.011161374761212725,0.068873715395136717,0.99756294790910827,-3.0143228377460294,-34.925287756979124,-4.0629121983050034,,0.4948874215401891,0.7741935483870968,1,6
-0.20180474557470351,-0.96061641604315007,-0.1910260345919948,0.97832201706914568,-0.20696301159026453,0.0072348290405480917,-0.04648521895492147,-0.18542495264095649,0.98155830767041619,-12.528503392121177,-27.709752963044185,-4.8434314423450706,0.6396517032515527,0.4368716638070791,0.96,1,4
0.67409613437143212,0.73280153009038551,-0.092716336870495381,-0.72699857420888925,0.68042210892123955,0.092189081725639901,0.1306425456110509,0.0052603410882153196,0.99141558091846704,1.5770588709987465,10.234470683525963,-3.2327559089645672,,0.09228982540076226,0.1818181818181818,0,3
-0.53878349708032847,0.84145960336887615,-0.040719518319657491,-0.84049309033514408,-0.54019512338338571,-0.041959430068671262,-0.057303650605967656,0.011617425321551206,0.9982892001099315,21.955918715685549,18.047931218723026,-1.3970576833173094,,0.3656784699282433,0.7222222222222222,1,5
0.42761404145901066,-0.8772161008584819,-0.21826164102226639,0.90252355805214823,0.42791521450800768,0.048371441506904755,0.05096526962532183,-0.2176705804356823,0.97469075080499812,14.120059241857591,-26.940305942917448,-2.3323355022021048,0.3914965422011416,0.2828570355034135,0.6666666666666666,1,5
-0.98394025823369069,0.09746012125644854,-0.14954294698077888,-0.090772042087036112,-0.99456844214004358,-0.0509318198622047,-0.15369451715128646,-0.036539549310370893,0.98744258401885199,-25.17550537044945,18.573043752687102,-6.2097261066093008,,0.1790824487898129,0.625,0,2
-0.71496173186910139,0.699145283917886,-0.0050590451780587672,-0.69185405952737722,-0.7085120889723423,-0.13909917359760401,-0.10083492588495203,-0.095950465113131475,0.99026553305987075,-10.439234430792128,21.522457892468601,-4.2998480857632382,,0.1749443942827348,0.3125,0,1
-0.78900479204800211,-0.55833079237389371,-0.2563945483282114,0.58915046759391287,-0.80594200209048561,-0.057958742224552953,-0.17427898513349568,-0.1967846933923432,0.96483294916131401,21.74722332375044,-27.110186796185765,-1.8201581331323975,,0.453235624989706,0.8679245283018868,0,2
-0.85028764609754071,-0.49669208204017584,-0.17409162683052556,0.50761352140924554,-0.86130638699618289,-0.021904807739133666,-0.13906628554904751,-0.10699665115403451,0.9844857971882649,-11.451295340851688,7.5604387484577709,-4.5091723787524849,,0.07641572184811253,0.3043478260869565,0,4
0.98708987074949228,0.031097476269513421,-0.15711948966762915,0.0093504945723793306,0.96810914923924396,0.25035423585495442,0.15989420037950433,-0.24859127524700708,0.9553199582108941,-8.360316502020197,-27.733293713764912,-4.4338263085057568,,0.2918581515932236,0.24,0,4
0.35018176591323535,-0.89733944489852191,-0.26861617868456727,0.93590796917493935,0.34685057483833803,0.061408077393404502,0.038065785907136863,-0.2729040112631651,0.96128788434045354,24.611688690620667,-22.400300465483877,-1.4884676605244485,,0.1310857314141632,0.375,0,1
-0.96519185218846393,-0.18786873067561835,-0.18196161271909156,0.20302672788223516,-0.97677836778794158,-0.068440981779605586,-0.16487824669868825,-0.10300174879998618,0.98092089564332841,29.847494681664401,12.019996348624426,-0.83730776035427701,,0.3375015776856589,0.9069767441860465,1,5
0.87998180843923024,-0.39172260148404175,-0.26867344547349131,0.44892230749524742,0.8706985161801668,0.20088020249591404,0.15524425480244122,-0.29738442697665135,0.94205186902983418,9.652673192986601,14.439051410521309,-2.3169678761434369,,0.4198441408173178,0.5641025641025641,0,8
0.78848526072179548,-0.58308157600358901,-0.19572140748945641,0.60110518001579416,0.79793183449472371,0.044467404444888906,0.13024421746343648,-0.15271104486924397,0.97965084626732257,-16.150217734960687,17.872205171034388,-4.9284088769328553,,0.2892729017284381,0.7804878048780488,1,3
0.93410921415912207,0.33206101290581186,-0.13105517819221532,-0.32250407718730123,0.94237009167032459,0.089049034373378799,0.15307219283917731,-0.040915694216647772,0.98736761631429626,7.0471310964575018,-24.178705855511708,-3.0815689044274599,,0.1308182749618557,0.6060606060606061,0,2
-0.31639859567133044,0.94840565557613365,-0.020460721600521856,-0.94701142867537169,-0.3170444947468668,-0.051498954445072485,-0.05532885879395822,0.0030823403296765333,0.99846342775419195,-6.6759382408594705,15.075402095681708,-3.9051401998814459,,0.1377544833920349,0.4444444444444444,0,5
0.97958078432720086,-0.10401188018019807,-0.17205526948712169,0.13626849174233588,0.97270764868500492,0.18780502748318126,0.14782552261086354,-0.20741590819189731,0.96701926345536449,3.2830691437182296,-26.647398938483683,-3.348215770576942,,0.1725997665391223,0.2,0,6
-0.62415691154004493,-0.7154188579395544,-0.31401275050745303,0.77342386750493253,-0.6226869232766995,-0.11864449736043502,-0.1106511226807249,-0.31691773898704595,0.94197636688232977,-1.5886141126761661,13.077512033608793,-3.5049277221062045,,0.3258251260658123,0.1842105263157895,1,5
-0.64602499674256686,0.75916737021598424,0.079477088416178093,-0.76045890979449859,-0.63110782461908743,-0.15298745118056559,-0.065984468611403238,-0.15927277766118628,0.98502702104975826,-9.089137282978081,-26.298888574337827,-4.6465948765497256,,0.557969035355075,0.4166666666666667,0,2
-0.98235953416892507,0.086901415427711598,-0.16558348234070033,-0.064071743496280378,-0.98828075386260894,-0.13854949740111194,-0.17568311618581794,-0.12549619731854078,0.9764149461913344,2.2492856688749896,14.903153669211738,-3.1998399600556926,,0.5492347411159786,0.3548387096774194,0,4
-0.98753018214376487,0.032270194859452178,-0.15408690365775959,-0.031744201842306655,-0.99947876844897943,-0.0058734205627398598,-0.15419612512802519,-0.00090881430716146627,0.98803984183435534,-6.1298656661262214,11.834958244261202,-3.9383869176935651,,0.0741920991829372,0.4047619047619048,0,5
-0.88858252080459443,0.45703806704775429,-0.039208532104676209,-0.43892034274218367,-0.8719622374318311,-0.21686583230181231,-0.13330430018433403,-0.17549376559332855,0.97541370801841676,-17.097989843083731,22.367844753125564,-5.0690968484493526,,0.2900060673719462,0.3,0,1
-0.30522917430114321,-0.86883436561048288,-0.38982303201539054,0.94994266863245536,-0.30645684735873335,-0.060771103481797407,-0.066663914278202632,-0.38885864506421342,0.91888240634584617,-6.1386842470127805,-27.586499055407277,-4.2227967167752274,,0.2072542039834472,0.4482758620689655,0,1
0.90487557236989624,-0.37361842696342934,-0.20398399339562021,0.40317035504945054,0.905976175405799,0.12907685465016794,0.1365791467887828,-0.19903879177299358,0.9704275841256752,30.29554859679774,13.856804121463691,-0.83374800067207788,,0.4225129227527219,0.4285714285714285,0,1
0.35889383245232026,0.93258528793456308,-0.0384694392432995,-0.93010991460323822,0.36077934821790186,0.068802679135502434,0.078043345548757651,0.011087949651491987,0.99688830547262575,-1.9582187475290391,-30.25749825010249,-3.9171590578216651,0.9567954644473826,0.6717771884417718,0.5128205128205128,1,2
0.50588232806104838,-0.81888399180347382,-0.27113110873439328,0.86020129206016149,0.50234268969636575,0.087781314906131655,0.064318016865902078,-0.27763434599600301,0.95853135714477733,19.546626805724227,-25.700259349110372,-1.9376240810599097,,0.1785690789837918,0.35,0,1
-0.9294352207219051,0.3654947082720757,-0.05063386916614758,-0.34054761430172598,-0.9025158281963318,-0.2636143058494605,-0.14204750217806464,-0.22776917719524772,0.96329834892663102,-13.994177284353398,9.4476317957890661,-4.6386125526541981,0.4217826801225006,0.5521124280448131,0.4893617021276596,1,2
-0.96776645852847043,-0.17995483959973435,-0.17619403353092142,0.20677378060449794,-0.96713803903313156,-0.14794802164838566,-0.14377998957359986,-0.17961143939009605,0.97317369746537685,10.599187409865634,-30.669265967761898,-2.7728495131580351,,0.3884843599940601,0.15625,0,2
0.92412792994074267,-0.31505558517866661,-0.21616555542261789,0.35336768182741296,0.91992402986470356,0.16991486314447976,0.14532326222377925,-0.23340899195449788,0.96145795120297739,5.252483922265279,-23.819310905680801,-3.1597746607167378,,0.1394037547417754,0.2173913043478261,0,3
0.67565569618692756,0.73514039007836762,0.055299069482071514,-0.72713965438728323,0.65218175588001759,0.21430557695682839,0.12147964120666394,-0.18500693006663899,0.97520004747724331,20.294548140944315,-22.563664071966226,-1.8290187119170198,,0.4881140147441595,0.3157894736842105,0,1
-0.82536528011638532,-0.52424847954280751,-0.20960841127076482,0.54647254376226406,-0.83508976975764648,-0.063188886365569158,-0.14191516230621617,-0.16669915459646223,0.97574150191760523,13.972183176592582,-21.190594036887358,-2.4538508627292543,,0.5871299302869646,0.1363636363636364,0,1
0.30559626925784006,-0.93297092897087341,-0.19020033099580674,0.9516727943681228,0.30568073701157933,0.029634093197301033,0.030492829899149188,-0.1900645488124556,0.98129794385266023,3.5096727961319485,13.520226973782401,-3.0259272774032304,,0.07759205549801408,0.32,0,3
-0.96379258048052463,-0.20103495788077477,-0.17518221234065676,0.21502731162698446,-0.9744598697375777,-0.064739613263407395,-0.15769311039219025,-0.10006451909092957,0.98240519896524248,6.3721286632603569,9.2568566385002917,-2.6534279580219762,,0.7441829310157592,0.5462184873949579,1,1
0.73902524555944205,-0.63179085562022919,-0.23384182940711637,0.66533854962758365,0.73894281210278434,0.10624563436252131,0.10567071876954273,-0.23410218964437246,0.96645220471497728,0.8426646817211817,20.106691813364751,-3.5423184301020951,,0.158705014622365,0.3571428571428572,0,4
-0.94381447307071709,0.3196289006577715,-0.083973842871155779,-0.30520759334596193,-0.94048892099935799,-0.14942862657948117,-0.12673817651446306,-0.11540344597007642,0.98520022293542997,-14.01723901218347,15.345014466684949,-4.7264520188872741,0.4235168586942704,0.2780305047871438,0.25,1,2
0.96956674152085542,-0.1821990915219221,-0.1635353930658941,0.19279367843715603,0.9798972069063604,0.051303620260015899,0.15090040189244283,-0.081270873907566835,0.9852025749880069,23.344965481359537,10.209703997423704,-1.4549992165235037,,0.08433047149611278,0.2777777777777778,0,4
-0.97975472427709465,-0.13695833288518769,-0.14602429698520755,0.14600893442383076,-0.98785569964352604,-0.053127278776701252,-0.13697471053129262,-0.073372554372258467,0.98785342887482985,-1.396944057776395,15.190317229284314,-3.5078848984940216,,0.09917913593265074,0.2580645161290323,0,2
-0.1535602735273203,-0.90678484777918122,-0.39263275746211085,0.98768081946510777,-0.15295466325900028,-0.033037400746098497,-0.030097196795499118,-0.39286907593422526,0.91910176146041622,-2.9135487720681801,19.042795186548968,-3.4381930141673114,,0.6839125777651098,0.9230769230769231,0,3
-0.98367523316908634,0.11544761500324416,-0.1380394285695436,-0.10506782998365098,-0.99121966884115087,-0.080276517145215692,-0.14609512911890687,-0.064462518508837094,0.98716806925428235,-0.82299278374496565,-31.824684946221641,-3.8226627282883974,,0.2437811580666878,0.2666666666666667,0,4
0.81809774225791199,-0.49922525993903949,-0.28546492595642198,0.56247805530531569,0.79797246033196068,0.21646798805298717,0.11972686169969358,-0.33765972870710553,0.93362272155136983,-6.6791233256147668,-29.282607157354246,-4.2603824670261599,,0.2250737168174976,0.2307692307692308,0,1
0.90601412597572084,-0.37490152577868707,-0.19643637519884896,0.40323237840765208,0.90560818177371405,0.13144379067957582,0.12861591089814134,-0.19829943790470123,0.97166623919457096,4.645420387119735,-24.846864661700959,-3.2511425403285332,,0.1740276515944472,0.35,0,3
-0.78689608027380731,0.61707927898666226,0.0027789017650341522,-0.60857503089534648,-0.77529044808387915,-0.16900045230894203,-0.10213222126462725,-0.13467696371391782,0.98561205594511381,-18.338157543545083,12.925431172083785,-5.1813512676121167,,0.5072738091956168,0.4363636363636363,0,2
0.59810537361340765,0.80139724390045175,-0.005693814496914632,-0.79376127886179804,0.59335624315693092,0.13368395897180646,0.11051241665282853,-0.075437564750278949,0.99100765869396701,-10.674647977161404,-26.492873979903159,-4.5925826067525533,,0.640356009966044,0.6470588235294118,1,3
-0.01563127343415157,-0.96055297207198587,-0.27765743486263927,0.9996192698526789,-0.021327303313693285,0.017506041030520541,-0.022737164071698159,-0.27727808059246178,0.96052063350712891,12.271797026008374,-24.391628798365971,-2.5875046559546417,,0.8015381047654236,0.3181818181818182,0,3
-0.35655878214167142,0.92715591759916605,-0.11509882422724478,-0.9332793614467072,-0.35914637723236065,-0.0018743581556069256,-0.043075148000590521,0.10675103831680936,0.99335227761505041,-14.233565845956276,14.470480880691529,-4.6586049428581875,,0.09008312051123379,0.3902439024390244,1,3
0.9380696817805757,-0.24824320456635457,-0.24166212676113744,0.31531366574717923,0.90076122162296046,0.29867459519247319,0.14353593388822658,-0.35637695352945936,0.92325126735677743,3.775109175714483,10.373657863332058,-2.9857496378683992,,0.1768166017502842,0.2647058823529412,0,1
0.97426683859806773,-0.052497159157851928,-0.21919894043649485,0.093598914270322797,0.97891329953530715,0.18157090967529826,0.20504480109367229,-0.19741529898478913,0.95863644269931803,21.86517800604868,-31.020667663606112,-1.9225071731115144,,0.4217319569868516,0.2173913043478261,0,3
-0.90170332370064821,0.42723459129257196,-0.066345459756289429,-0.41693990183793955,-0.89986507409286298,-0.12807797110829164,-0.11442130169935127,-0.087826262763001928,0.98954247674696139,14.551750540638897,-22.770471256048204,-2.348741400498334,,0.4974678559862314,0.125,0,4
-0.59000827248141741,-0.77269427155207338,-0.23416618268679343,0.79367790455818987,-0.60829243735880645,0.0074628726509437839,-0.14820803696026397,-0.1814493685927123,0.97216794043914634,0.90686577641171939,16.971383194673482,-3.207113896168337,,0.1467041496218274,0.1428571428571428,1,4
0.87108651329843312,-0.39812158032329364,-0.28758910554897943,0.47223847707849614,0.8398072157136045,0.26779593201157309,0.13490406634405744,-0.3690840659202822,0.91955306816278504,-8.4618326186857011,20.278725638116871,-4.0147495236474366,,0.3281402724011182,0.3125,0,2
0.207937969373341,0.97712337076120559,-0.04462868141846725,-0.97677655366185889,0.20984143189794408,0.043291311778263411,0.051665898902019308,0.034590342167723165,0.99806519983384168,10.317203428328469,12.282118978122691,-2.2924077981207733,,0.2498402038504132,0.125,0,1
-0.9781653993798316,-0.12402595213048186,-0.1667633492534332,0.13447684599368021,-0.98950547384556375,-0.052866767645274398,-0.15845639572982545,-0.074138252122604845,0.98457863587654526,-4.5150443265417968,8.5226154798736999,-3.9061445488158131,,0.790288173905627,0.7306397306397306,1,1
0.7752094657423716,-0.55084869540482506,-0.30921836781508999,0.62173817995754943,0.75192796486068625,0.21919391242354339,0.11176725730955543,-0.3621740609586333,0.92538534122938809,31.250615178350024,15.698808497574781,-0.75473331695484824,,0.3071674275637886,0.2352941176470588,0,1
-0.33355162359963941,0.94180950918067863,-0.041691279794392362,-0.940593584367031,-0.33544636613020923,-0.052530414976654512,-0.063458832652567104,0.021692945094830406,0.99774866208453872,3.6344545966808766,17.025461537001231,-3.0261176893866923,,0.492179504921597,0.7857142857142857,0,3
-0.92483150395392411,-0.32153167259677168,-0.20323403457946007,0.34333932191119898,-0.9356085579097031,-0.082187203357240293,-0.16372171304955477,-0.14578755050843248,0.97567473616614186,8.4711992407692467,9.8903614202271832,-2.4602629963542579,,0.07180993032103682,0.1304347826086956,0,3
-0.32198373856239465,-0.91772363530221157,-0.23261513559757066,0.94421092935323003,-0.32924364645651688,-0.008021356364460934,-0.069225667142273628,-0.22222049967478019,0.97253578676211072,14.035628144729005,-30.501659505377347,-2.3770307321593434,,0.1845623284136443,0.1818181818181818,0,1
0.14542241474487785,-0.9322205319536907,-0.33138678473009059,0.98778008843818321,0.11782301991373223,0.1020207472206717,-0.056060843507966342,-0.34217337094284084,0.93796298756549501,-14.86619741804448,-27.388942948038018,-5.1236405832476661,,0.2645169040958112,0.1818181818181818,0,2
-0.89999983664528826,0.41770562596920924,-0.12458853908817119,-0.40522017456058379,-0.90708873445761684,-0.11395893097589455,-0.16061414684748049,-0.052077229705019962,0.98564245950481766,-7.9820914709149946,14.731501641371528,-4.0431747197856991,,0.3373069937851342,0.1,0,4
0.8306652767632593,0.54806925489022806,-0.098057584224208252,-0.53820030851481593,0.83551459250012228,0.1107058879821284,0.1426030360629619,-0.039184914998310588,0.98900400228826202,2.6795712496131388,-27.712884409576699,-3.428859019525798,,0.109869092964983,0.3125,0,1
-0.97621508268510315,0.15026589689098399,-0.15628266880772196,-0.12174245259794408,-0.97640591242568198,-0.17835433668853667,-0.17939589620042401,-0.15508595813844236,0.9714759173621994,-9.6421892693610296,10.517464491454994,-4.2812822830552815,0.4784316747423181,0.306227681147974,0.1666666666666667,1,3
-0.21456119242998486,-0.95608606104077432,-0.19965705243381471,0.97519939866968164,-0.22107225891008644,0.010639040120376784,-0.054310473550818764,-0.19242271233907871,0.97980807928836611,7.7234085718963312,14.255820041230756,-2.5498723656424391,,0.08902948087714818,0.3448275862068966,0,3
-0.35074867710873781,0.93499428938503648,-0.052545640388518271,-0.93353727316051538,-0.35353642926098744,-0.059330875650195146,-0.0740508279933349,0.028243087698761372,0.99685445420619967,17.153609710058017,12.434392319986937,-1.6878487689229476,,0.144784438611016,0.1538461538461539,0,3
0.61575848470222383,0.77874731772920092,-0.11997542934616075,-0.77979995393265689,0.6241188672986534,0.048863803868222144,0.11293148526361919,0.063468532450503767,0.9915736104922982,10.724112406685679,-26.494764481960349,-2.7411521957595792,,0.1158357661093839,0.2307692307692308,0,1
-0.89562536191269226,0.44147248132511396,-0.054380688956696024,-0.43021641626452822,-0.89080290865432088,-0.1462327361075727,-0.1130002047576215,-0.10757428208288235,0.98775438625150491,24.952724385142609,10.513251376275759,-1.3290948122213027,,0.1213265268706185,0.1666666666666667,0,2
