axis_00,axis_01,axis_02,axis_10,axis_11,axis_12,axis_20,axis_21,axis_22,location_x,location_y,location_z,dbh,dbh_approximation,score,reconstructed,number_clusters
-0.98580775964510081,0.16424230502971521,0.03474947858650794,-0.16537123390797462,-0.98569355663764069,-0.032566353784126131,0.028903564127320484,-0.037850728415248683,0.99886530940821738,-6.3966867534271357,14.415231764021184,-4.3316648756239529,,0.09596106322562152,0.5405405405405406,0,5
-0.075250481301523425,-0.99482042429969486,-0.06833511879014624,0.99625482900268303,-0.07207829229617739,-0.047760187065172453,0.042587330894557511,-0.071673169148860238,0.99651857788574882,1.1635324739803687,-15.575912265382481,-4.1113221271699967,,0.3982752568948078,0.3636363636363636,1,5
-0.9571666753509035,-0.2885158732728253,-0.024301161851171524,0.28783040384033204,-0.93906532280366517,-0.18790949452531425,0.031394493510951714,-0.1868553193710758,0.98188567328377063,-20.780832201209478,4.3909126115813857,-3.1788198559870993,,0.4139491959807855,0.1764705882352941,0,1
0.035837733317521499,-0.994720635128302,-0.096158800536458755,0.99926865936973885,0.036952130109557058,-0.0098329284433402633,0.013334289334932737,-0.095736085831386486,0.99531743609645373,9.4399961762919169,13.634224740445953,-5.4578095468425083,,0.2335527810523509,0.3103448275862069,1,5
0.12303621731859724,0.9900854030531957,0.067771556636403454,-0.99233352046977175,0.12354379442815105,-0.0033339181698565311,-0.011673618976112398,-0.066841794704249904,0.99769529471713703,-1.6439120915832834,-3.9811657437791093,-4.1805213497905962,,0.3469395056488682,0.9375684556407448,1,5
-0.99321827036640231,0.11190437486423684,0.031541691403863245,-0.11326066396396545,-0.99254062360020723,-0.04511244287060507,0.02625813033736207,-0.048378935390893545,0.99848384523818412,5.4899213279570542,2.0857943581967979,-4.7915404135376223,,0.1329259151891268,0.4186046511627907,1,5
0.56822381117754805,-0.81931956178745535,-0.076401283256722533,0.82252488440393023,0.56282475722869552,0.08173804002275134,-0.023969041431880507,-0.10928745729895839,0.99372115642667325,7.3389293364216464,16.754926969097554,-5.3559454084427198,,0.2518068310433655,0.4666666666666667,0,5
-0.9951156098339452,-0.097599435906144755,0.014807875459294226,0.093597615372401133,-0.9805163846501046,-0.17270525709800624,0.031375300180487287,-0.17047571540688924,0.98486223452577049,-10.558176093274248,-23.311085212506697,-3.2068321713347121,,0.2045613510399695,0.7586206896551724,0,5
0.97069426699193773,-0.24009794925833677,0.010276905707762502,0.23912983050834666,0.96925905760246811,0.057912031708664199,-0.02386554399200936,-0.053757362449408132,0.99826879235627164,-1.7560450420895077,-19.506022311072119,-3.8279088276672617,,0.1142827283742862,0.2592592592592592,0,5
0.95992960908367198,-0.2801253466377786,0.0080582737316122997,0.27888691244725144,0.95771910075650635,0.070683902776998986,-0.027517915439007407,-0.065604224080568763,0.99746621502318478,-23.996126965221816,16.99140370920362,-3.2620526424743415,,0.1370061634385153,0.2857142857142857,0,1
-0.53983677774675265,0.83232639955401444,0.12573391745051213,-0.84044153474260819,-0.54132598780839369,-0.024984026952318671,0.047268171865333705,-0.11915930315638669,0.99174935361702754,9.2428519126723661,-11.212001963672931,-4.7805625342488183,,0.2766444809813431,0.515625,0,5
0.95218569155376087,0.30278605520031709,0.040780063468756247,-0.30391308646894527,0.95237382541955851,0.024918517785670686,-0.03129288534482963,-0.036120651045432751,0.99885737415050835,-2.4497155995701991,4.1002187699311214,-4.3219240853083924,,0.1202907050157625,0.6254295532646048,1,5
0.9929022071985365,0.10631102522468813,0.053321410858581823,-0.11043277163426182,0.99053951915874261,0.081462039834152608,-0.044156651701062269,-0.086772270342787686,0.99524909606093526,0.84660266759557845,17.9745014225571,-4.8801547155574188,,0.2764878501329676,0.6707317073170732,1,5
0.35256985313428657,0.93325954700914038,0.068710381873190854,-0.93568028681331827,0.35267964608038577,0.010930146822355177,-0.014032089288910523,-0.068144590078053874,0.99757677163879477,-6.8761324298709479,-6.6569230714311356,-3.8310994293414438,,0.3091461672486208,0.4644351464435146,1,5
-0.99857789478873449,0.03288247316494642,0.041963448355170435,-0.040151381654597536,-0.98168974287562216,-0.18620718376051754,0.035072134102836237,-0.18762726798456791,0.98161395350622505,5.498013309891995,-4.5984332577179332,-4.6479197494475253,,0.3271853697887244,0.2888888888888889,1,3
-0.56729375196644161,0.82020549323029701,0.073761425248445742,-0.82348379934327476,-0.56577787745249464,-0.042069295269999168,0.0072271155381558221,-0.084606987064866995,0.99638819068714524,-6.5050277098427607,10.109522527812812,-4.1964485217260021,,0.1369289973863158,0.5212765957446809,1,5
0.99915168542123067,0.025147456152443529,0.032611577223053169,-0.027266256410459083,0.99743093521903259,0.06624258999650974,-0.030861963341196102,-0.067075591068193538,0.99727047700289384,5.3921079954659268,24.77985135693816,-5.4107789588047925,,0.1808004424997745,0.3571428571428572,0,1
-0.82913798376621028,0.54827773429127924,0.10918667481210906,-0.55817411997222288,-0.82279609383206787,-0.10699644745469626,0.03117459974623879,-0.1496599948386764,0.98824593612903333,7.8189553790409256,-8.203721912802882,-4.7379387455211583,,0.1227383196438201,0.3636363636363636,1,5
-0.6300354533667557,0.77317814444253108,0.072462986809476077,-0.77654924755827048,-0.62789237514920337,-0.052176923502395965,0.0051569000019049604,-0.089144389536838148,0.99600536353800506,10.975453547388963,18.555070969146559,-5.6885429311988833,0.0905017767863498,0.1175182844895079,0.1764705882352941,1,5
0.53238878099373765,0.83077531582532904,0.16240246453587778,-0.8462072837714063,0.52736301202835412,0.076298666021110823,-0.022258004497728832,-0.17804670218711477,0.98377027454384502,13.816959688065577,-1.4826894962772996,-5.3177786960687872,,0.9154421260429041,0.7589285714285714,0,1
-0.52567293073205745,0.83384558747606663,0.16843249728678408,-0.85062572036486828,-0.51760103571453842,-0.092331206430899038,0.010190865974878602,-0.19180903021998177,0.98137935691390588,0.9186924640868529,-10.221753874937919,-4.2165433363325526,,0.07563726031197202,0.24,0,1
-0.36636943358316332,-0.92838518757395316,-0.062244530918213081,0.93030365387048142,-0.3642207365373516,-0.043340127727329571,0.017565583713162431,-0.073784812593551435,0.99711947714371263,16.309010654768663,9.1315545675259067,-5.8834539166589277,,0.1379899302364254,0.3333333333333333,0,3
0.9679346901544581,-0.25106645259436927,0.008250574360077827,0.24982962494105632,0.96555583806802991,0.0727123240898956,-0.026222015509929746,-0.068319542990437132,0.99731882863414034,-7.3323011002748961,8.7256857154693233,-4.128734860184931,,0.1063392903683223,0.4056603773584906,1,5
-0.10321979424679893,0.9756211972397274,0.19367228395454411,-0.99319984338693879,-0.09055430183108415,-0.073170960879610558,-0.053849281999011671,-0.19990797361887788,0.9783338167066421,-9.7111582145696804,23.680841367924902,-4.2661369427768756,,0.5982986183733324,0.35,1,6
0.63897438495969094,-0.74990526360765597,-0.17132959749826313,0.76900935786872127,0.61743626596216961,0.16552058779810508,-0.018339653097103073,-0.23751747954250646,0.97121012352428315,-0.11074144064561402,-13.723043121210129,-4.0758121311689344,,0.1419602693614487,0.2894736842105263,0,3
-0.41713146433570492,-0.90808279016061932,-0.037242283432359156,0.90743983950377416,-0.41385747469837797,-0.072628701748325003,0.050539876756045009,-0.064090848413693988,0.99666347580670278,13.246755573000733,10.265177631718254,-5.6807803602261187,,0.0805783563012868,0.6,0,5
-0.99171683671180633,0.12198989313010521,0.040201763101076364,-0.12682224347889359,-0.9795722181464126,-0.15605892475183389,0.020342918701842631,-0.15986474098382006,0.98692929343943769,1.6643530101904502,20.478835724880543,-5.0339756006969667,,0.1682522990710761,0.3076923076923077,0,4
-0.39609240345526303,0.91279849021291071,0.099547597610717312,-0.91820707672176094,-0.39405889217799955,-0.04016657507837907,0.0025636269448926115,-0.10731498385817231,0.9942217670401351,-9.1575366503955618,6.2533390692305266,-3.9162660498688595,,0.08426447873901408,0.2777777777777778,0,5
0.85092118677917783,0.52231117642639102,0.055894265093960359,-0.52444815581798621,0.85076271554171867,0.034013728157798462,-0.029787006385799258,-0.058256646180147399,0.99785715281617959,-12.583916748649161,17.152713473320567,-3.9512122367136691,,0.09828945636586031,0.3571428571428572,0,1
-0.78126118374704634,-0.62256520802844351,-0.045205359446250391,0.62292009836391293,-0.77296363405898594,-0.12040669199267685,0.040018918331921192,-0.12222840167009906,0.99169486436137,3.3190350366592569,19.516372606914146,-5.1078165581743935,,0.1641388203069153,0.375,1,5
0.36408906089964443,-0.92038696663053043,-0.14257274420402852,0.93123095144243473,0.35715769046482254,0.072438244163240059,-0.01575026377030346,-0.15914212452548954,0.98713003874498739,10.621960792918278,8.2025223501351618,-5.3763918689883932,,0.5224481865531491,0.171875,0,3
-0.93288627380935729,0.35621553920078575,0.053232412776296097,-0.35922224530432506,-0.9309313800417961,-0.065773430289105705,0.026126205553272792,-0.080481397138531072,0.99641365210339117,-8.6388455899310443,-21.299064073543068,-3.3541808321695377,,0.1122894149509073,0.4166666666666667,0,1
-0.87327876885216438,-0.48639805220900961,-0.02830418130469781,0.48642588176239704,-0.86706411862509758,-0.10765535632079443,0.027821815607938519,-0.10778102337686483,0.99378528746209238,11.531663696030838,6.5275129110569692,-5.4349914544657025,,0.272863507542741,0.4,1,5
-0.97040103025711377,-0.23641164311430496,-0.049308979668272884,0.24124289039622276,-0.93954657916646134,-0.24301048004124362,0.011122423711032045,-0.24771306097296134,0.96876959650589667,3.8074145644316371,24.249100439567538,-5.2786483013487491,,0.489598958496188,0.6129032258064516,0,3
-0.9765144739665681,-0.21523155702008326,0.0097395583322203039,0.21081274513519949,-0.96384184756394053,-0.16299349487967427,0.04446873758448127,-0.15711228388397802,0.98657907013599389,-17.158496288950495,8.3054786805097471,-3.4742089484105816,,0.2975067034772031,0.1607142857142857,0,2
0.75442698374735517,0.61534672709660565,0.2284476562483484,-0.65579741596461805,0.72133844284276127,0.22271192175388835,-0.027743024492611585,-0.31783526602420326,0.94773997924711739,20.474547077739516,-2.0822954302139429,-5.79696271738728,,0.3323188647454098,0.1176470588235294,0,1
-0.037413759946686907,-0.99509741606740409,-0.091549675600882743,0.99926675996732972,-0.036509528118795591,-0.011532423029769739,0.0081334489023030376,-0.091914019020593707,0.99573372952634043,-5.7462822439830141,13.227320946309511,-4.3346436971941831,,0.6213196358131862,0.25,0,1
0.16613770069475053,0.96781135384412109,0.18904879734679625,-0.98598006697448337,0.16605746997167237,0.016377551575232907,-0.015542584625918327,-0.1891192746311586,0.9818311097261736,7.7588600202297862,-6.5219962094145645,-4.7813192069307586,,0.1733002467200496,0.2051282051282051,1,4
-0.73665512333796412,0.67373348608413386,0.058501444331303686,-0.67614172283370799,-0.73208027252416263,-0.083011115065467794,-0.013099614627670847,-0.1007058305654021,0.99483000346126405,4.5915397301238672,19.694636481034831,-5.2275736389059251,,0.1120136688323477,0.5,1,5
0.27731320563095874,-0.93586410571283618,-0.21738390377623304,0.9607778916869264,0.2696981362751858,0.064565920850828254,-0.001796894071911731,-0.2267626312424609,0.97394839711541681,5.5494242928137574,-10.195699114516247,-4.5393319217515433,,0.08627748302043441,0.625,0,1
0.28895055156091853,0.94214255425071947,0.16992641414027168,-0.95733209882799319,0.28524473446475973,0.046375575616032831,-0.0047782116142540279,-0.17607625884842887,0.98436493220944754,-4.8955701925224693,22.166408140359682,-4.6016643667103576,,0.1875247143460094,0.1904761904761905,0,3
0.11443325016978502,-0.9927966888221047,-0.035493181309160092,0.993260463036715,0.11500242727164221,-0.014425473639415366,0.018403364466048011,-0.033603219867985569,0.99926580037086932,-9.7116013975186402,-13.974468879015573,-3.4615743593125394,,0.5320842783673283,0.9466666666666667,1,5
0.0048532428096647378,0.99552737963251026,0.094348727793532802,-0.99993221732140503,0.0058298692973837735,-0.010078362301164934,-0.010583326364076525,-0.094293419844669643,0.99548819389135301,-3.2278086292659225,12.804799179257806,-4.48084388902131,,0.1271262290099879,0.2727272727272727,1,5
-0.93444983101977652,-0.35525757296779487,0.024404306098361545,0.35472844627710653,-0.93467356059505258,-0.023517323963331768,0.031164767108717756,-0.013318857818829997,0.99942551764374155,-24.018724926643113,9.9290370193457971,-3.1117870091954596,,0.1778145164742999,0.4347826086956522,0,1
0.92364871570589235,-0.38051251054193908,-0.04564295450478166,0.38189685345326735,0.90389703122077092,0.19267835963794608,-0.032059995279920636,-0.19539802013159369,0.98019986249300417,7.3003857606827802,11.081962579434647,-5.2245254501009741,,0.4400079817959535,0.625,0,4
-0.99100086929174724,-0.1264265910634875,0.043972652126822567,0.12321651975556377,-0.98995461562141163,-0.069336485843959628,0.052296905475636271,-0.06329436058550976,0.99662372919559949,-17.623753869253079,6.8166929132267979,-3.4093101980110716,,0.1269242657523069,0.4246575342465753,0,3
0.45683633584326305,0.88537361866637332,0.086105270587300803,-0.88872925768063327,0.45843026410757842,0.0014140341884436853,-0.038221313370050462,-0.077170255408847643,0.9962850409819477,0.18586403649245165,28.748760982307871,-5.1320118956653591,,0.5279692732383466,0.9166666666666666,1,5
-0.8640129100185221,0.49619013942889961,0.085305549965133273,-0.50252324679970584,-0.86030380458263578,-0.085719019164494301,0.030855757116079366,-0.11693036113076154,0.99266067359325882,-15.909600193065579,14.153354707789614,-3.6914744528630847,,0.1322894203949225,0.3478260869565217,0,4
-0.85545383652165563,0.51076702875331681,0.085532309210554033,-0.51746130744960894,-0.84965782525540257,-0.10156463594579442,0.02079732850446624,-0.13114351802803251,0.9911452208462237,-20.334716993638455,-15.340224630156721,-2.8223330084679366,,0.1725736110509738,0.1739130434782609,0,2
0.2965494342405095,0.94487147155511197,0.13883924262582453,-0.95479068727367578,0.29649750252534124,0.021540067123824034,-0.020812893770383353,-0.13895011060634016,0.99008064833900788,4.581479450446559,8.1641234615964535,-4.9020240517245863,,0.1353992073892656,0.4090909090909091,1,5
-0.90345624101105593,0.42432540441639527,0.06094892734934499,-0.42797339293623404,-0.90096525888180756,-0.071416925351667146,0.02460885037584943,-0.090606586156307553,0.99558266910803495,5.5294548247829924,-9.1560996466199391,-4.550181932178206,,0.08929395668359032,0.4,0,5
0.36140847988145569,-0.90908736853303718,-0.2072295033132415,0.93208248994387743,0.34637801726748974,0.10604009191746036,-0.024619963643278148,-0.23147877986441834,0.97252837072379694,-5.6989771796923394,23.848207710268394,-4.5479173958018588,,0.4614879809852798,0.1,0,4
-0.66152077278955523,0.74389553914717765,0.094919407946112269,-0.74987834623925487,-0.65471863932747987,-0.095005100698088776,-0.0085283649892880318,-0.13402585628938904,0.99094113691808461,-11.697414098883092,12.196261884534941,-3.9053042806703622,,0.1216268253746356,0.4137931034482759,0,5
0.77943214681369422,0.62173015957898459,0.077052820735436373,-0.62599828348054465,0.77776686645223614,0.056611399280374237,-0.024732116626129546,-0.092359677992946573,0.9954185111239553,2.229529439010709,9.1409896862734712,-4.7854473574729166,,0.09613970359154125,0.2888888888888889,0,5
-0.45861706902746163,-0.88320463406530314,-0.098081386420840244,0.88840623102661509,-0.45319936156208068,-0.073107505447844862,0.020118465889442449,-0.12066446471640357,0.99248946305991514,4.9592062296569441,14.080433650821941,-5.1178038833449726,,0.09801211306502322,0.25,0,5
0.42412353519926532,-0.90434939545726534,-0.047659184069343906,0.90557187394567673,0.42307497361710589,0.030775766723187773,-0.0076686379880982264,-0.056211543609504061,0.9983894302106987,-19.719924670090499,14.652501615181688,-3.4671104217596369,,0.4689207928910206,0.8452380952380952,1,2
-0.54756335321345151,0.82835976272180434,0.11829825747286923,-0.83664015270680203,-0.54441778174569389,-0.060353407508087369,0.014409340594908809,-0.1320203863900361,0.99114226450144172,6.0795193267607166,5.2864403580955548,-4.9540006935717873,,0.1084394234727776,0.4222222222222222,1,5
-0.46676393766936164,0.87188055858671509,0.14817462012742777,-0.88435900772392662,-0.46136067310163703,-0.071101861949980749,0.0063696113650647292,-0.16422734508515838,0.98640195010823872,0.12531871087478449,-29.657533245802501,-3.7663664553025877,,0.2909660107196926,0.4444444444444444,1,5
-0.78433820179881808,0.61163828985815571,0.10349969844586851,-0.62032986108248012,-0.7727724482774897,-0.13421477799632872,-0.0021091819233708228,-0.1694737311874723,0.98553244786207261,-0.46424630463847705,16.454143425126972,-4.7777811363467233,,0.2174554587299497,0.2553191489361702,0,6
0.47630013376445546,0.86113553912285179,0.17771822032519966,-0.87807630951200133,0.47641416320689961,0.044850192526374386,-0.046045382501886334,-0.17741231173586577,0.98305884584534931,1.5250762051326752,-8.9182895887148135,-4.2912917665319128,,0.2617713801413535,0.1428571428571428,1,4
0.60283064849933055,0.79669654714218796,0.043241426914387988,-0.79744213827427757,0.60339542256881185,-1.1293924209361003e-05,-0.026100676895906828,-0.034475727616985231,0.99906465199748462,-11.8265841780466,-3.3724364817822412,-3.547342605974368,,0.06763459765704175,0.152046783625731,0,3
-0.67809034046500005,-0.73093991514864953,-0.076943684669666362,0.73493307430939803,-0.67315781222585669,-0.082048376738572917,0.0081771910945481075,-0.11218467044023037,0.9936537290545534,-19.505344600590362,7.0443494952280492,-3.3083742014823065,,0.1788089092999825,0.4782608695652174,0,2
-0.74527502133650769,0.66481595042349684,0.050841859076658176,-0.66654672450766139,-0.74478636084076366,-0.03176067936426611,0.016751316962432695,-0.05755891562629202,0.99820156512196956,-0.23670862015445551,-5.0337596386880712,-4.2758262042910946,,0.08452259803613672,0.3714285714285714,0,4
0.56431689054933398,0.8159479595719803,0.12560005697073964,-0.82532183247381452,0.56122882389366757,0.062177810133481261,-0.019756514945597804,-0.13874845765359936,0.99013056998355109,-8.778387197056567,-15.923889478258486,-3.4572991324259483,,0.2492013769305404,0.4,0,5
-0.9560235772371789,-0.29323264155085527,0.0057911739514525471,0.29252561248511638,-0.9547711039144694,-0.053300142308938203,0.02115858707087552,-0.049262126010285276,0.99856174427729361,15.4877526852634,-4.877027779880569,-5.3870996763854428,,0.1086731213419163,0.2758620689655172,0,5
-0.2483409258796945,0.96505433582825961,0.083647554849455769,-0.9686723171712891,-0.24748916547227293,-0.020568298904956366,0.0008523375046482056,-0.086135021175561974,0.99628310818153687,-5.5422819126169394,-14.516662510929628,-3.7061244997523852,,0.9103883021190444,0.8161764705882353,0,1
0.091503098331983779,0.98684855068990907,0.13325584788996572,-0.99571940427330341,0.092424722779172172,-0.00073387520177796341,-0.013040358479195465,-0.13261828162217887,0.99108139949769769,-10.744898976301652,7.6134366741938608,-3.8753811962708142,,0.5091536842845338,0.7961783439490446,1,4
-0.50097148741986508,0.85770055577503068,0.11566038827330757,-0.86542048481603506,-0.49511607084908332,-0.076860008116999209,-0.0086575546840641435,-0.13859954188297266,0.99031066526455391,-11.233673050833938,14.736754868956361,-4.0314318591525966,,0.3193880202906442,0.1764705882352941,1,4
-0.76031099289889759,0.64217602134260665,0.097658341628720155,-0.64931418886562375,-0.75551465181657118,-0.08711311628142783,0.017840353552243109,-0.12964400681506397,0.99140009747935054,-8.3302972498240138,20.126674648053569,-4.3131291231147575,,0.09867872862597217,0.2777777777777778,0,5
-0.79198160569060383,-0.60603290856297132,-0.074089472844922677,0.60809123122015563,-0.77210081414230558,-0.18462228282074833,0.0546826367404546,-0.19127061075736229,0.98001294006743478,6.0843043599969313,17.331372413648523,-5.2884675417174467,,0.3406764390310469,0.1666666666666667,0,4
0.56392268447147009,0.8187740150502224,0.1077047734180246,-0.82455867403474326,0.5654741289109092,0.018493312480829586,-0.045762419216597093,-0.099237703575738079,0.99401090495852107,-6.5595299158700406,7.448072682023744,-4.1343213662000595,,0.3640803452573723,0.8474025974025974,1,5
0.99950117989719511,-0.011040839520432557,0.029588701336815848,0.0077006766580965539,0.99382277919940887,0.11071126014715427,-0.030628270651845198,-0.11042818212325811,0.99341206235369917,-19.996779219241827,16.363206370009507,-3.4741881447400602,,0.1096390300539843,0.3888888888888889,0,1
0.99466060865849981,-0.10077994641958549,0.022218820463046879,0.099193948623129705,0.99303256027114417,0.063615208856760086,-0.028475149510679344,-0.061071569825924536,0.99772713164439031,5.0389399723647763,-16.752150002265083,-4.3552487371542625,,0.1397132027447255,0.3214285714285715,1,5
-0.86475741990856136,-0.5021878691341074,0.0013959970027408106,0.50153774947630514,-0.86377286535707642,-0.048541970737372014,0.025583013179258377,-0.041276884177096421,0.99882016813303265,4.1555549609496474,15.340170138476957,-5.0962491807686225,,0.1018119927727382,0.3333333333333333,0,5
-0.28548526941688612,0.94873464596404344,0.13564929964230482,-0.95838087352678292,-0.28291541105589074,-0.038274945396641953,0.0020645105975701386,-0.14093062738296541,0.99001732109162377,-24.362899381438616,-5.3286133332554444,-2.8212081513996785,,0.3767629050837624,0.625,0,1
0.23550840926914815,0.96969174556791571,0.065066948145469011,-0.97168937409080947,0.23623472305327073,-0.0035938701919053934,-0.018856018734799619,-0.062378475465454476,0.9978744291523256,-18.313312435198839,11.776570819320947,-3.4759121235044219,,0.1179444580190349,0.3666666666666666,0,2
-0.3803210716626424,0.92341874906470311,0.051514040078001401,-0.92484529139123484,-0.37997568320699643,-0.016723252160930454,0.0041315179826511925,-0.054002722590208642,0.99853224109790462,4.9450922786661842,3.3395134265667035,-4.7955544134867267,,0.2593570647232731,0.9339622641509434,1,5
-0.15828365248674503,0.98461415424399346,0.074035482154431828,-0.98739161573001077,-0.1576843160025346,-0.013908762449989776,-0.0020205300128378519,-0.075303544067969741,0.99715861010637086,-18.070910510302301,10.240482134728879,-3.4581302489778221,,0.09415835856144354,0.3958333333333333,0,2
0.16932617832746022,0.95920809727231526,0.22638125244869928,-0.98552714380329287,0.16667070628804276,0.030937428664459088,-0.0080556911522626298,-0.2283433856994101,0.97354733015266892,6.9144215411339092,15.134568711375021,-5.2815697151557854,,0.177338849819174,0.3235294117647059,1,5
-0.3612920887185041,0.93103497861314655,0.051399369920639426,-0.93244766743815422,-0.36092182617251273,-0.016636793003594001,0.0030617182375812109,-0.053937964284136934,0.99853959455312402,3.7257649565830087,4.1808767309052302,-4.7551845793413037,,0.09987311224242765,0.288135593220339,0,2
0.71835000493526535,0.6943931269390905,0.042325591186129184,-0.69544380922068227,0.71836542047212115,0.017579274346200296,-0.018198313826576641,-0.042063142175350406,0.9989492046366546,-3.7290956383433818,13.750264904736726,-4.4835964151629302,,0.08187943471154495,0.4782608695652174,0,5
-0.96847937805144668,-0.24868641646906467,-0.014239401422046069,0.24682621359091064,-0.95039819164162365,-0.18926198141387562,0.033533782570079697,-0.18681098358529943,0.98182337609085091,-7.1832648178674727,6.3057148137431165,-4.047363073019385,,0.08769437095554186,0.375,0,5
-0.8969582328294553,-0.43878353085187188,-0.054175101408528999,0.4410538628646567,-0.87957576982299557,-0.17837588175661051,0.030617292689335791,-0.1838898534271215,0.98246989938365359,-19.871824412404699,4.4762853937314464,-3.2354445460311685,,0.09406529247836261,0.2045454545454546,0,1
0.9070590573810704,0.41794161191908102,0.050682101864900221,-0.42014151188030641,0.90631811157149134,0.045481761535987396,-0.026925386123400487,-0.062548298649654249,0.99767867267880384,3.9867371882295624,20.338086839954471,-5.1951757618302787,,0.1308155164268925,0.1666666666666667,0,5
0.70906101527213261,-0.70497612822232081,-0.015528530449363543,0.70480967083263757,0.70786859555084181,0.04653363658329402,-0.021812943910435728,-0.04393984603458545,0.99879601791778061,9.0385050342926014,-18.698753109332493,-4.5777970627438505,,0.3103578054975727,0.6756756756756757,1,5
-0.33314869751732723,0.91396487751514022,0.23168976673829456,-0.94287335087318791,-0.32328235243070297,-0.080488289955986198,0.0013377427542507507,-0.24526867569179667,0.96945422128572811,-10.26101150399673,14.572935378424324,-4.0772882733998328,,0.112603887933611,0.2727272727272727,0,5
-0.34663191024946366,-0.93766280029612259,-0.025195073678029548,0.93595880696628408,-0.34398076342605866,-0.075221978537364564,0.061866230360815684,-0.049655889214266995,0.99684846501726765,30.746426672925256,4.8949804702232766,-6.8297899413651262,0.3450790750582015,0.3327189778459046,0.7586206896551724,1,4
-0.92674584311196362,0.37181871201913202,0.053786500789045975,-0.37411374000001679,-0.92644975875475133,-0.041590311930344577,0.034366434465859227,-0.058665917666880563,0.99768595173351371,-8.6871891059356994,4.4298205131011654,-3.918571626415956,,0.200018133716486,0.8274809160305343,1,5
0.97882938919293094,0.19658593289222517,0.056982434495981032,-0.20166899209153913,0.9738718321722547,0.1044187345749808,-0.034966333536388255,-0.11369971631605384,0.99289965758311771,-16.014114253676201,18.819600915740807,-3.765167228594823,,0.1367973080343523,0.6470588235294118,0,3
0.049959358577171202,-0.98351531898141509,-0.17378630503996062,0.99873639465208064,0.050145587028935491,0.003321761413178631,0.0054476130479559366,-0.17373266080506589,0.98477778512803149,4.1344060807913889,12.757379405931848,-5.0035540385179109,,0.2753415914834302,0.303030303030303,0,1
0.86768694780536848,0.49543213768091054,0.040821043116587415,-0.49627953689857446,0.86805760259469233,0.013513690587365129,-0.028739900207542753,-0.031984301312953746,0.99907508356758745,1.3974188345944605,2.7725584354299015,-4.5298131552692373,,0.08104897739821507,0.368,0,5
-0.3311936737017207,-0.94244559831642971,-0.045902556725579739,0.94329244467996554,-0.32954227966799349,-0.040015618462251268,0.022585710297721429,-0.056552454634692266,0.99814413065706031,5.8908995059025893,13.744062445505293,-5.1623032206480683,,0.1657373679198826,0.5344827586206896,1,5
-0.50995843338973701,0.85582676276205782,0.0866195610407995,-0.86014809965339767,-0.50843224509792351,-0.040520350533197524,0.0093617774665600648,-0.095169345300367608,0.99541707481726749,-5.5575292179514975,15.482460440396432,-4.4176320634767903,,0.0889714402447173,0.4,0,5
0.65055526635770689,0.74229542665440318,0.16054701797981794,-0.75931363821226949,0.63986598720696775,0.11838208158543677,-0.014854098394092885,-0.19891962694417961,0.9799032287819488,-12.954555326239836,-3.6194156315622683,-3.4873687104436177,,0.2780248332738935,0.3128205128205128,0,2
0.99575084521681656,0.091293353541759978,-0.012073849804192925,-0.089115516865896638,0.9883326591142727,0.12351914662041098,0.023209457204317989,-0.12191832728187224,0.99226873505571611,2.1837121623673625,-24.806022781141998,-3.9885367918830381,,0.2374722756812546,0.1904761904761905,0,2
0.010602593621622828,0.98329171141870586,0.18172780542274741,-0.99991703473567106,0.011755230745166573,-0.0052667063285646767,-0.0073149609649112131,-0.18165688758040835,0.9833347682964747,-10.611000134452365,9.3442087380855359,-3.9224692295273211,,0.09318892342808044,0.1153846153846154,0,1
0.90983930171475902,0.41057098872662079,0.060198905897404009,-0.41328942467766938,0.90959583030272695,0.042746660050744352,-0.037206135311270067,-0.063772162515770683,0.99727068280545661,4.9851352670065285,5.5370473341332112,-4.8749408747168106,,0.09398380058372177,0.373134328358209,0,5
-0.54849245779740252,-0.82871028275217329,-0.11133414121543798,0.83615508473431688,-0.54374139113341335,-0.072041473064127698,-0.00083547131226980361,-0.13260681290610568,0.99116836872378711,-1.6906968567261629,20.574854311294455,-4.8036917789164066,,0.224812368218292,0.375,0,4
0.7369929934422077,-0.64738379270739532,-0.19425640930708277,0.67566329439445916,0.69803953092604398,0.23710741420835701,-0.017900844257155799,-0.30599842843442071,0.95186370955643873,-19.695082708185442,10.53657162363961,-3.3714454062696704,,0.5294509921944359,0.3875968992248062,0,1
0.60350747386983994,0.78852760884023343,0.11833401488983762,-0.79719540107543063,0.59969405905504647,0.069617009690633905,-0.01606927152760413,-0.13634971811773675,0.99053043006350183,-5.9530595162374071,-9.5012260362421586,-3.7883887279894952,,0.1118027035022159,0.4242424242424243,0,2
-0.9807787629593695,-0.19409821097897265,0.019972546724219113,0.19256661405535822,-0.97935977035839195,-0.061421000926495335,0.031482015169674055,-0.05639436761166907,0.99791209934669922,-5.0027718367346807,3.0351387313540865,-4.1305315724029885,,0.1746505250168509,0.7601522842639594,1,5
-0.20622382624672619,0.96724335362996949,0.14802712030844048,-0.97850471338902201,-0.20377165853863086,-0.03171178096360093,-0.00050927755486401848,-0.15138495973862473,0.98847475162560772,-6.8098443548254526,20.675467280359314,-4.4326350805185699,,0.08440628986701799,0.2608695652173913,0,1
0.76900392247568994,0.63398540942164139,0.08182583856873217,-0.63856646931589334,0.7677615431898388,0.052679000220114104,-0.029425014569860686,-0.092761594635013087,0.99525346273114379,3.6478380875764116,16.469881951809914,-5.0625571103190667,,0.1349552945950027,0.1764705882352941,0,4
-0.99976457093082083,0.015031622338376117,0.015647780717674215,-0.016904147319376298,-0.99171045307419292,-0.12737592812923437,0.013603400858491528,-0.127610452523512,0.99173107236378744,12.58064698962967,14.462011057096898,-5.755718838630024,,0.4294617255651472,0.6333333333333333,0,6
0.82036652050514247,-0.55487964416444779,-0.13822934755768165,0.57125912107472487,0.78435720301409839,0.24175771894364409,-0.025725252636650989,-0.27729471428759128,0.9604404472974597,-0.38085871122770998,-3.9566484646541555,-4.2704784722184321,,0.3759568793133097,0.15,0,3
-0.11203140039728771,-0.99236330132929762,-0.051614372996661211,0.99361868994910685,-0.1111872400196809,-0.018955121751779082,0.013071507519849179,-0.053408574514040005,0.9984871856261025,12.843910967021147,19.754798729734098,-5.8669670033830705,,0.4770099012306485,0.3333333333333333,1,5
-0.94781650378057625,0.31447661823174117,0.052424533824279126,-0.31785246786510568,-0.94486508636557343,-0.078738664196440059,0.024772642838971286,-0.091293072863747451,0.99551589189418144,-8.2710923116075268,-12.807921065771335,-3.5812443649985322,,0.07312636577379486,0.15,0,5
0.71284477952439662,0.69923970415722059,0.05400144845221249,-0.70080724774912118,0.71315608366996885,0.016661387301608425,-0.026861157963060042,-0.049721589421846714,0.9984018438175325,-14.739650982937215,19.571413361532905,-3.8682642302396397,,0.09097080481873036,0.4375,0,3
-0.15258995155651572,0.94864943760082354,0.27709303712583799,-0.98828244337649784,-0.14540253544925882,-0.046431829586027214,-0.0037574988701295432,-0.28093121440055019,0.95972054994027967,-2.4676757315857141,-21.877855536817055,-3.7347799034910483,,0.5090345993180587,0.44,0,3
-0.98147694122002671,0.18573511430299,0.04696255069983616,-0.18940246459407253,-0.9775715308559344,-0.092090219164008724,0.028804865197923728,-0.099279249467546266,0.99464260433890994,-6.9278239337173124,-15.382767507430991,-3.5765557830160297,,0.1480093230815977,0.2,0,1
-0.96574276803671055,-0.25721360605408128,0.034381199011189474,0.25466466266208349,-0.96484859225774444,-0.064908424795667538,0.049867981471063361,-0.053929165382968131,0.99729876644117887,-10.439422009055106,12.504999482152138,-4.0042426086938026,,0.11208932099245,0.6451612903225806,0,5
0.93070632622586813,-0.35977023499065958,-0.065962961864311706,0.36565321149046504,0.910656540718494,0.19236006283356796,-0.0091358223415507513,-0.20315029623751601,0.97910494528868164,2.212158123228904,-13.704672386215735,-4.231826531029129,,0.3075214083580559,0.282051282051282,0,2
-0.91087288420382473,0.40544844713535755,0.076955477633063638,-0.41268368686431961,-0.89563992782475432,-0.16589543176995863,0.0016623532350172642,-0.18286792064655835,0.98313608426307197,-21.727597943587323,-9.1974036107893173,-2.9002965830606229,,0.173907989182393,0.2105263157894737,0,2
0.45018721573266451,0.88380527461321423,0.12735661489193512,-0.89233372778481435,0.45051479791020349,0.027873555955164869,-0.032741243845166468,-0.12619292147259975,0.99146525784904949,-9.1333747665417775,11.705319551342768,-4.0622727404914718,,0.2080411004978923,0.5142857142857142,0,3
0.93794127470377375,0.34333774044093329,0.048840159663691304,-0.345334724009419,0.93759202974515177,0.040805810268947855,-0.031781969737555628,-0.055139656757014099,0.99797270736845323,7.7017657788550693,2.4908147305401629,-4.9803335356217575,,0.1671005540724214,0.4285714285714285,1,5
0.64779577039796732,0.7599471476126981,0.053300775696321433,-0.76141922531973882,0.6481256387951122,0.013187859944574968,-0.024523522748457816,-0.049127275232330639,0.99849141591715951,8.5287444801799417,-5.6261019362552993,-4.8606508776892605,,0.1915770093043637,0.7142857142857143,1,5
-0.66080477225969381,0.74914983910126032,0.045951839281678904,-0.75039969827608977,-0.66068287619149491,-0.019960709769103881,0.015406030831037818,-0.047672378605317783,0.99874421076276776,-12.359369516483458,3.0008667019237167,-3.6657948413597818,,0.2149125641281834,0.7551622418879056,1,5
-0.40613186652468863,-0.91275757175099781,-0.043937708228773777,0.91347800753927488,-0.40420809802348689,-0.046623419376037513,0.024795901581736838,-0.05907138650361568,0.99794575732416024,16.772601883333873,15.267166718811422,-6.1103634792059012,,0.2303979118250297,0.5789473684210527,1,5
0.84203438862412261,-0.53941965606040643,0.002126741656100131,0.53897172975088659,0.84148348495162872,0.03761673939880833,-0.022080826608986071,-0.030528334532586982,0.99928997687704701,5.3797886421807801,-25.951361520314396,-4.1969277681059811,,0.2147823699003335,0.5714285714285714,0,1
0.89502500433572008,0.43224160479415979,0.10998834801384258,-0.44598441744700601,0.87025551879139518,0.20917273103245282,-0.0053048099211505124,-0.23626791381414758,0.97167346978993485,5.3690664387564135,-12.735035893495096,-4.4555473856027605,,0.5983827628375301,0.5,0,3
0.89610053207152496,0.44082172810364262,0.051769107128169775,-0.44278176361967603,0.89593171391515891,0.035364866844014915,-0.030791983160864754,-0.054612892550787363,0.99803270775073161,1.9127306164595088,-21.768812631464719,-4.0261699564315903,,0.1606312327930618,0.5833333333333334,0,4
0.035785425157823812,0.9724109466199734,0.23051324092103981,-0.99869823419947346,0.026407761980513256,0.043640200664464203,0.036348870039217655,-0.23177484980219082,0.97209010829554521,-18.024196859911921,-10.411920459769812,-3.0533016399073638,,0.2682747913958309,0.2307692307692308,0,2
-0.76104050050743677,0.64654025529015902,0.052943884224029097,-0.64721681777210482,-0.75123838395861187,-0.12942674090080661,-0.043906120078429277,-0.13276516394216697,0.99017456231872047,-6.5995121092498019,-13.782296149670598,-3.6613390883132904,,0.3572235501099829,0.2439024390243902,1,5
-0.68504036172684102,0.72521896811360986,0.069116937818394661,-0.72823201346482602,-0.68429222537693191,-0.037713192037453679,0.019945860977315724,-0.076168225507223741,0.99689546295133502,-15.671665016776267,5.7245659424704831,-3.5044376893117333,,0.08330505689105369,0.2708333333333333,0,3
-0.28152919155744061,-0.95955257009704575,-0.00042369938264628628,0.95942989934660439,-0.28148608248545043,-0.016119975395678336,0.015348698341451682,-0.0049447534971166999,0.99986997498278485,-19.837569630396608,-14.010190460257309,-2.8857814428907198,,0.07871490310671432,0.3846153846153846,0,1
-0.98236928926313283,0.17916538463600509,0.053388617334406828,-0.18417549866521105,-0.97650749278675697,-0.1118592965414284,0.03209307096661522,-0.11972001286148763,0.99228884570793074,-18.55027177554296,19.789999969377941,-3.6385886929274869,,0.1875231417913835,0.2941176470588235,0,2
-0.88774161435492849,-0.46032641592717649,-0.0037969648597094255,0.45933308633972503,-0.88521990670737016,-0.073476748448866328,0.030462139388566192,-0.066972438873281387,0.99728970239105386,-4.8308551013289378,-17.882311797969408,-3.6717257339770608,,0.07766443285190898,0.2352941176470588,0,1
0.92679098621622469,-0.37513142103017094,0.018299858585304321,0.37379018903352418,0.92603281259241077,0.052384392565638274,-0.036597301138742974,-0.041709075248358103,0.99845930843038699,-3.9219328629346166,18.995199367061019,-4.5743251558690572,,0.2862513917310693,0.9306930693069307,1,5
-0.7682266082332192,0.63177444771589608,0.1033872604132513,-0.64004764544449588,-0.761246759685834,-0.10412676134776397,0.012918589839454543,-0.14616572129296113,0.98917576393453333,-7.5995691501915825,19.416140614062364,-4.3421264005433491,,0.08512005124235314,0.2222222222222222,0,5
-0.86119609955444443,0.50388359287029738,0.066652854014901328,-0.50827122266651203,-0.85342579424804899,-0.11543300187197529,-0.0012815308424882342,-0.13328817857637243,0.99107649509535467,-19.70327700590336,-5.6366613161231331,-3.0525234508379389,,0.1268739783311685,0.4210526315789473,0,3
-0.25714988856606857,0.95689535792163805,0.13500077332548513,-0.96637085938074552,-0.25479274795683082,-0.034756549430664356,0.0011388372043209208,-0.13939845614865068,0.99023571611672068,-4.1987271024888368,-17.113650105903169,-3.7238514705328067,,0.2421798747174337,0.1818181818181818,0,1
0.15056742597890774,0.98462936286781355,0.088512530257637168,-0.98859356872306492,0.15027819760002228,0.0099608837701810268,-0.003493724871901457,-0.089002702793857053,0.99602525710039491,-0.8625426742589366,-21.24598591533012,-3.847142388002367,,0.1889929074604412,0.4444444444444444,1,5
0.12991560846024938,-0.98909232375724021,-0.069414045861804829,0.99151372109055957,0.12993010642560776,0.004325313096339497,0.0047408403848202725,-0.06938690459108092,0.997578559264238,19.385569293508382,-8.0706822393789359,-5.6479147497759685,,0.1653536636193108,0.2222222222222222,0,5
-0.92926018654957088,0.36616965587285971,0.048941687872506121,-0.36877793010219795,-0.92729697848053327,-0.064211774390784099,0.02187107595425317,-0.077718059798389583,0.99673545096870031,1.8801149298368431,3.8115287344645332,-4.6131946235326282,,0.08265478539386645,0.1690140845070423,0,4
0.35631010909070471,0.93108338948883107,0.078274056862788599,-0.93410977288045238,0.35692806413005629,0.0064256708287084938,-0.021955372212707675,-0.075406092952489207,0.99691117095588866,-9.9561323141150329,18.09211707222358,-4.1442323533157017,,0.3295586447613797,0.7702702702702703,1,5
-0.67397354215242533,0.72974976906020628,0.11499973493485761,-0.7387047225999448,-0.66753661159390854,-0.093328478988251529,0.0086600974041956425,-0.14785177286153139,0.98897161535336853,6.6354412966874845,-8.1623338729887625,-4.6586670102677452,,0.1109347709550743,0.1071428571428571,0,6
-0.98235561449545483,-0.18631344322595769,0.016271064579356263,0.18254765085425514,-0.97413261313655064,-0.13319912609078538,0.040666962473864594,-0.12787866474531165,0.99095572316128533,11.345845748875957,10.382198530842215,-5.5255963463091344,,0.1426656021366317,0.2727272727272727,0,5
-0.84211799539095711,0.53590954055242201,0.060317876152996192,-0.53813175920732881,-0.82769488471799502,-0.15917093812656433,-0.035376426771816578,-0.16649967614550201,0.98540670094753335,12.004813839288241,-7.2491444549021331,-5.0543723913676075,,0.2368791252858414,0.3181818181818182,0,2
-0.85160247731784522,0.51584112385059722,0.093172719025800044,-0.52323182521188494,-0.84724481071109015,-0.091677084424448552,0.031649292433597952,-0.12682336404496117,0.99142027244795172,-2.1118922873689816,16.738579639052624,-4.6678907595955339,,0.1007880201213312,0.2,1,4
