axis_00,axis_01,axis_02,axis_10,axis_11,axis_12,axis_20,axis_21,axis_22,location_x,location_y,location_z,dbh,dbh_approximation,score,reconstructed,number_clusters
0.22429152435634983,0.97397940646998549,-0.032518116093640956,-0.9744916185993151,0.22442350327082969,0.00042007062989715698,0.0077069696762851539,0.031594413303975652,0.99947105794334334,10.395795529579718,-8.4275695746126527,-1.4357159674962652,0.2877452936352211,0.2011527929352348,0.7441860465116279,1,5
0.90009704450620631,0.4334955737342373,-0.043668043510297468,-0.43132844156881073,0.90074600411010375,0.051111755727054099,0.061490535572670091,-0.027170271115788951,0.9977377863960456,-9.8896232901898973,16.129081320650972,-1.7141130821069326,,0.07075730508729378,0.2903225806451613,0,2
-0.28985601258675642,-0.93866117327914822,-0.18681192078001732,0.95544203852486542,-0.29517793936464509,0.00070365608902554105,-0.055803252474706549,-0.17828400346260809,0.98239544538978274,13.135096540971581,-17.825622609097518,-1.5118187379936578,,0.2048113076025025,0.2666666666666667,0,5
0.97567733349167673,0.21165049981496434,-0.057077200690352478,-0.20803556753238439,0.97607331800851094,0.063261998967265837,0.069100966361185595,-0.049849210624957889,0.99636344405443678,5.2769537124144108,-12.356642782325634,-1.5424018631406329,,0.08165604511960875,0.3142857142857143,0,5
-0.58824952148695175,0.8071950485248226,-0.048976056470300865,-0.80735806750564021,-0.58967105451759527,-0.021470870910732503,-0.046210943551614529,0.02691098476676269,0.99856915013180381,-13.882285367262064,17.781474901052015,-1.8755920252950498,,0.06707370486252931,0.1111111111111111,0,1
-0.53589372242045186,-0.81731351651184414,-0.21169915917970855,0.84378475045832413,-0.5271003901143213,-0.10095778145004082,-0.029072550014331126,-0.23273116350926026,0.9721064717237976,-24.154047819911966,-20.622799507359119,-2.2233646194145744,,0.1844834077590319,0.5384615384615384,0,2
0.98392212709278237,0.17682210031903131,-0.025123547838266914,-0.16836855828475536,0.96526756624399912,0.19977626019750236,0.059575803799262216,-0.19233426734764053,0.97951939909606633,-25.375437018756635,-1.1505222535050774,-2.349570380753454,,0.3686788478789529,0.1428571428571428,0,4
0.86391481365823775,-0.49590729714359527,-0.08790419433444055,0.49939607078857695,0.86609469379727366,0.021989676149008073,0.065228515411465723,-0.062896216229130372,0.99588619167115455,9.6183478135539691,-14.182460528031557,-1.5434062630272167,,0.08049026808658914,0.3181818181818182,0,5
0.669312096355133,0.73308843263332357,0.12084149788841339,-0.74189420029630204,0.65063837428013116,0.16205771034054295,0.040178517138000532,-0.19811879227707335,0.97935419073349905,13.45598475275593,5.650818781419205,-1.2088342357001836,,0.1527204344278082,0.2258064516129032,0,3
0.41698392969532133,-0.86456418563365101,-0.2804517272107101,0.90855347358780225,0.40516847968136566,0.10182872239319664,0.025592733487987279,-0.29726633175035833,0.95445153884327738,-23.211208696014342,4.3704537525376983,-2.2679537200761524,,0.3896133192795418,0.1910112359550562,0,4
-0.34625267838136725,-0.93354122980205501,-0.092789304197178457,0.93808591128585417,-0.34560921592597715,-0.023432731680706111,-0.010193417519075871,-0.095157985091626873,0.99540999196943158,1.4966541232887356,-15.753907724018163,-1.5797640680396625,,0.08598442499460586,0.3333333333333333,0,5
0.051882858206651707,0.9956164315319822,0.077820885935792491,-0.99799083839795177,0.054528425099121813,-0.032263560404334868,-0.036365581228177589,-0.07599060547023298,0.99644516777502889,-14.935826762591732,-12.600622536983035,-1.9502038099273877,,0.3070623456148809,0.5066666666666667,0,3
-0.88150642777034449,-0.46537337771679765,-0.07983756704724726,0.46838868808744416,-0.88321422878082312,-0.023338015143047952,-0.05965278427104579,-0.057967623649351943,0.99653464562811744,5.4897569588231976,-17.239083550334321,-1.5716688016111675,0.317354095235061,0.2929691409068536,0.6415094339622641,1,5
0.54572902714358851,0.83794917164442273,0.0045841764077852176,-0.83666962497703412,0.54457571106876801,0.058491311788451988,0.04651631513459472,-0.035755847834594442,0.99827739219714273,8.5090699592005006,9.0071408097802355,-1.2583220157108266,,0.1141073013478238,0.1578947368421053,0,5
0.51074084500805428,0.8597327650592278,0.0018335550372672845,-0.85921592471051211,0.51035740540809638,0.035823364847214399,0.029862752122328477,-0.019871875319951351,0.99935645522853889,5.9812171244266557,7.7756332163427953,-1.3528937420279472,,0.07804452388445725,0.2285714285714286,0,2
0.35009536003660796,-0.9279950909746234,-0.12750823505891065,0.93649598374272258,0.34969305956750552,0.026268546287669906,0.020211662835805805,-0.12860744619701289,0.99148959322228614,-5.3995498496492456,-16.710729167383196,-1.7448583674245886,,0.1399376677931606,0.2,0,4
0.24204088080267813,0.95296090921016596,0.18243277539301603,-0.97013218436773463,0.23456793573659526,0.061817702789422412,0.016116974720854056,-0.19194631812464488,0.9812730782428718,-25.896157484382872,12.482946414651488,-2.3556126268375102,,0.3455409493722888,0.2222222222222222,0,3
0.73649247588040667,-0.66084005879277874,-0.14446193154705589,0.67581058179090481,0.72807837572370326,0.11481261404120095,0.029306833861549378,-0.18218752838295921,0.98282695017521837,11.899284966295376,6.3905717795204131,-1.2356068535428242,0.665160989249613,0.4154218499733466,0.196078431372549,1,5
-0.96336693652162753,-0.2482764783157175,-0.1014048121741776,0.25956960312374738,-0.95826870483350934,-0.11976940540425833,-0.067437131842297687,-0.14170349202420662,0.98760941348137776,-6.6905182801860716,-10.350127862644381,-1.783754960883793,,0.0681320130215992,0.34,0,5
0.93115136874169735,0.36403121741619693,-0.020938033263536326,-0.36083201496399697,0.92819423091137299,0.090861029489361145,0.052510812862545955,-0.077050259242433375,0.99564344626135537,-17.340330379572997,-6.6679048187926773,-2.0088452455006638,,0.5455223490195705,0.3265306122448979,0,2
0.76995202045877453,0.62987004058183449,0.10216466203580286,-0.63514824908165035,0.74111470421954351,0.21756768344148109,0.061323632312227747,-0.23240638366236216,0.97068361733008468,-1.9743588513645638,-17.994528185913751,-1.6951636144703115,,0.3487424429594856,0.2380952380952381,0,3
0.11746279658455902,0.98811441277954393,0.09915845236727007,-0.99306900309635282,0.11646704946500777,0.015791816809075702,0.0040554294162895212,-0.1003261364064871,0.99494634018423167,8.7401297247188001,11.771711469652205,-1.1736295660262319,0.154750758444262,0.1722899296195964,0.4210526315789473,1,5
0.80902190805946106,0.58719293071117584,-0.026230028643720205,-0.5845428112294786,0.80844280254895751,0.068774536325055632,0.061589399410680201,-0.040307531921571271,0.9972873451270825,0.7025959013356563,-11.336507699548541,-1.6037718426283381,0.2720033764597274,0.224267023274556,0.5454545454545454,1,5
-0.41217677476254666,0.91107607961505566,0.0071192344818223965,-0.91041663841148801,-0.41154985079167838,-0.042050740978898098,-0.035381504347217672,-0.023813808318061371,0.99909011189357688,9.9889849344902633,4.4128793588680217,-1.290285238218281,0.8796750634978675,0.8864294227072421,0.4727272727272727,1,4
0.4335694064538112,-0.87988720289494704,-0.19446356977335633,0.90043374632232087,0.43145237142621184,0.055388804596678456,0.035165867986455011,-0.19911645178740325,0.97934467903611688,-11.097088666148302,16.33843406640111,-1.7658456853440254,,0.09316723790763348,0.325,0,2
-0.77048738147784712,0.63723437579998576,0.01677931113644834,-0.6354160707627019,-0.76565277497204176,-0.10011116418312996,-0.050947149085105746,-0.087796232700585508,0.9948347649352054,14.506275503725931,1.1174007673311552,-1.3086115093896966,0.4181097486868825,0.3834161317100608,0.4833333333333333,1,4
0.88273783982205545,0.46849973165291225,0.035803737059729564,-0.46495375770980779,0.85998034462405293,0.21036114197214689,0.067763628428695724,-0.20234082213296861,0.97696790242092069,15.400680200575211,2.8651428106016854,-1.2929439013948563,,0.297463714682128,0.3333333333333333,0,5
-0.82100593878363359,0.56166177178958676,0.10239776653905526,-0.568220485921205,-0.78645433025496148,-0.2421054848670092,-0.055450228687304676,-0.25695454954797375,0.96483140061107253,-8.0731690238694185,-23.304679386421615,-1.8227764725802165,,0.3051042576027702,0.2857142857142857,0,2
-0.3831195063559345,0.92325694985895324,-0.02856656063873524,-0.92304719417717684,-0.38382753613535342,-0.025696299848501889,-0.03468892000661588,0.016523529931744621,0.99926155324187693,13.657232576400734,-16.662635205985062,-1.5118112749062751,0.3850966547940335,0.3425920502737047,0.84,1,5
0.42525349294176557,-0.88599821653625921,-0.18484216790385427,0.90410217253184699,0.42530645160581637,0.04139666466836054,0.04193719547159775,-0.18472028182373029,0.98189596654581468,16.921522309582606,-10.54946765309967,-1.3724206548249263,0.1288289013980138,0.1479178417917693,0.1176470588235294,1,5
0.98665997572930042,0.15442215117979519,-0.051535342424991949,-0.1482646347439622,0.98311371886490917,0.1072614276608688,0.067228642542417713,-0.098189688891516469,0.99289430183544269,7.0103117202297138,5.5481590578837006,-1.3432296831633534,0.1435216419424984,0.07794265225738621,0.2727272727272727,1,5
-0.99703333718380072,-0.048077580075051488,-0.060108824961575782,0.058959088829169018,-0.97905480554398627,-0.19487307044756599,-0.049480808285319054,-0.19783890930591719,0.97898489037169389,-23.34955799997168,5.7911252167262424,-2.2674893854727407,,0.3407729276400852,0.3723404255319149,0,5
0.98693637514937593,0.14151850415559131,-0.077000677844894935,-0.13108452338651203,0.98321609717844582,0.12689741517349729,0.093666638327316823,-0.11514607779142041,0.98892261660542036,12.344428318243752,8.3160852928132769,-1.1829923206245745,,0.2185825017019633,0.1428571428571428,0,2
0.7778322106902662,0.62846744381943997,-0.0023925032398855101,-0.62639696024456026,0.77556750574313693,0.078242521890235922,0.051028425500583528,-0.059360897015024228,0.996931483952886,5.412260420655377,-15.022991355213808,-1.5712725168321475,,0.1899152707360942,0.85,0,7
0.98599555666234573,-0.078386500552937929,-0.14720162625859221,0.099634267849042418,0.98469239490664517,0.14301713213178233,0.13373770938779855,-0.1556805830669924,0.97871230764899719,8.6218722884632157,-16.598542840189079,-1.5576436447207496,,0.2263373156485944,0.2941176470588235,0,5
-0.058481835155612817,-0.97510828232357394,-0.21387779852243122,0.9982394704201043,-0.059243842266700882,-0.0028507628571805489,-0.0098911400870349796,-0.21366797817513083,0.97685626396636827,12.439520528823603,-19.831100889412731,-1.530976659517848,0.9430714066441714,0.5585869014676839,0.1666666666666667,1,4
0.53663744361902321,0.84375207621950377,0.010133507848518318,-0.84333106968961002,0.53588653145190057,0.040228501148176866,0.028512470994589822,-0.030134022030381628,0.99913911929923693,-6.0026430848692653,-15.848785509813347,-1.7414299646786324,,0.08569552122607693,0.3333333333333333,0,5
-0.93977867486204369,0.33936782591103321,-0.040565022013547995,-0.31609972413788073,-0.90815330576001063,-0.27447866517658531,-0.12998848669977142,-0.24512660396942434,0.96073718641047734,-34.490198379814387,7.4099268377892846,-2.8744363655326142,,0.358730365400879,0.3333333333333333,0,2
-0.43937437825668524,0.89287235178653324,0.098636297308526369,-0.89755126315168476,-0.43185740401939521,-0.088887077848488288,-0.036767998944266946,-0.12758583780660612,0.99114578556578659,11.622583012481691,1.0475541846774317,-1.3062244769805968,,0.09485019078179387,0.34375,0,5
0.2476288037462884,-0.9631502366866066,-0.10498379458619762,0.96853261478864705,0.24888386567159476,0.0011813124186655351,0.024990991293846965,-0.10197275606208894,0.99447323110039199,9.808850371923123,6.1425064733077441,-1.2817974927144065,,0.0934141542804382,0.3636363636363636,0,4
0.097095504078172565,0.99514528151952553,0.016072702237983717,-0.99527506868158822,0.09708328639274455,0.0015405077230658739,-2.7361762722096159e-05,-0.016146336197715383,0.99986963904237292,-6.1787183579102969,10.041451346782805,-1.6653991528745027,,0.07555723973690749,0.3421052631578947,0,5
0.43378499790540792,0.90099438269950383,-0.0063006298213978615,-0.90075775953120374,0.43381741260270601,0.020926327126863094,0.021587826118722144,-0.0034021855673363839,0.99976116692779893,14.956223333710904,-5.4700602798085987,-1.3613297296116211,,0.09862112131727573,0.2608695652173913,0,5
-0.30311120201246727,0.95006443240718663,0.074169896112695491,-0.95226517303671621,-0.29901158655885174,-0.061507002242927426,-0.036257956863432111,-0.089272870337908497,0.99534703253976764,11.510266918972828,-4.9033464568549281,-1.3616589141770268,0.6111787148149486,0.4703606949364474,0.4957264957264957,1,5
0.68399593239249046,0.72884269351409381,-0.0306250319452647,-0.72820709165600639,0.68467962623822343,0.030467049023284658,0.043174021499374222,0.0014620278408041718,0.99906649745758391,6.31363419115275,2.5455070484595024,-1.4026768115551491,0.7283777276522234,0.5997531561054255,0.9982425307557118,1,5
0.91412919665809611,0.40540586890791719,0.0037273680042708879,-0.40135776546067464,0.90362614488225934,0.14957183688662445,0.057269153316918495,-0.13822399118908962,0.98874383554999767,9.55387568100792,8.0378881886139428,-1.2635106908736384,,0.1393375238175873,0.2352941176470588,0,2
0.14941858526648027,0.98823230838035625,0.032725999605787107,-0.98874941370449632,0.14909944978942513,0.011997956972219078,0.0069773401794724433,-0.034150530679992665,0.99939234436646407,-25.954245556717371,-3.4404713857074758,-2.3893316752500109,,0.1282592721684589,0.1304347826086956,0,4
0.99477173533012353,0.078227381747537766,-0.065648087049203524,-0.074207685281131752,0.99533926187332755,0.061587118934690023,0.070159917570585206,-0.056393532593588674,0.9959404377010227,-16.662385937296445,-14.281646892825671,-1.9758823712540052,,0.12370801423545,0.4210526315789473,1,2
0.86356466265451837,0.50403120558528747,-0.014443587180091255,-0.50105093100547238,0.8609696753084215,0.087630946233960935,0.056604222041614881,-0.068438015718983294,0.99604829202780676,-2.9705264828736087,-16.92953747054765,-1.6869554096682975,,0.093696153332959,0.5185185185185185,0,5
-0.51696659512751564,0.85596053675910533,-0.008780605521717267,-0.84983854559052341,-0.5144442230432652,-0.11454949937033901,-0.10256698275199135,-0.051756167637065323,0.99337873601193882,-23.344143607306236,-15.048760623319943,-2.1922473548272206,0.3625690004748877,0.2593796923329499,0.35,1,2
0.70427414266378363,0.70564983239783319,0.077821886459410239,-0.70769595339554292,0.68914295299274297,0.15571906719478659,0.056252729025044169,-0.16474314667794454,0.98473109329394248,18.875967126927009,-6.6239778422908833,-1.3627838385826507,,0.08550815680544739,0.3333333333333333,0,5
0.11322793873589776,0.99320824161939791,0.026773544198027216,-0.99356632514455767,0.11312353890918664,0.0053872519340521178,0.002321944951758238,-0.027211279351872997,0.99962700786227054,18.107197157839742,-19.178544144955861,-1.4516936350610032,0.2447743485449018,0.1728815824392632,0.3043478260869565,1,5
-0.60846347153823055,-0.77341837708081962,-0.17775324975177298,0.79196812851809284,-0.6060748072923815,-0.073890536451241245,-0.050583467805150197,-0.18573460086686525,0.98129708591518383,-26.634167751122771,5.542534585262926,-2.4366089666123858,,0.1243323145908188,0.3636363636363636,0,3
-0.90193983362594954,0.42124046954542294,0.095189302633992237,-0.43042619195359205,-0.8947899329088026,-0.11867716395916085,0.035182805447029585,-0.14801163056399247,0.98835961442111964,-13.582813955513419,19.50787407522893,-1.8903447804214961,,0.6243803863562989,0.5384615384615384,0,2
0.86865827053885292,0.49309107563951016,-0.047895721616034864,-0.4882833433283712,0.86849017212282653,0.085464598250573426,0.083738794190730895,-0.050852847026838559,0.99518932987484776,8.5838303639693052,1.538417189514534,-1.3547228602968659,0.7914812419751511,0.3548028523457928,0.2580645161290323,1,5
-0.83930446807462145,0.54329479029705285,-0.01996949438666808,-0.54010457586201543,-0.83744528360279435,-0.083501162293398615,-0.062089105347799808,-0.059297283306383286,0.99630757057727581,-14.024050605208384,25.632339192737593,-1.9397335602641828,,0.2534323283439191,0.4545454545454545,0,2
0.91453626604762883,0.40091474059695775,-0.053766056724798346,-0.4001455734087726,0.91611456565962368,0.024852015363812981,0.059219406996564021,-0.0012138197365067975,0.99824425291439689,-22.785694689485947,7.234956956721879,-2.2290735340934149,0.1014361089469489,0.1174242754507153,0.45,1,2
-0.65904809109142859,-0.74754095318990788,-0.082693028319615058,0.75115204889171494,-0.65974696634605579,-0.022461964361011288,-0.037765236322886385,-0.076918552385627614,0.99632189739279398,1.8781320145702989,8.6302960834128157,-1.4302245113717968,,0.07531360149298522,0.4571428571428571,0,3
-0.4660218334508866,0.86671208903815589,0.17785894822074941,-0.88341436745375979,-0.44467083666784457,-0.14780697680892527,-0.049017406330294361,-0.22600442856775216,0.97289223048825724,-16.687525923101891,-11.359768868711953,-1.9876100179435223,,0.4425003184992444,0.2878787878787879,0,4
-0.96388019175736495,0.26515208336100671,-0.025086821781635186,-0.25583054474789596,-0.94793745387588091,-0.18964523699082694,-0.074065567653130868,-0.17637731211419999,0.9815321367431582,3.4155042136991853,-10.668197865536291,-1.5294004137786856,0.092347800500526,0.2243497662423338,0.1219512195121951,1,4
0.97965622152103293,-0.1759414104728145,-0.096531382026616319,0.18435342550869752,0.97904817536763378,0.086478233171790805,0.079293771119432963,-0.10251483009858695,0.99156603787721365,-5.5362836282700627,-11.90201128100918,-1.7539198158327642,,0.08271896189984741,0.3809523809523809,0,5
0.77937301790972102,-0.61710727344749727,-0.10842652817687773,0.62393286593143171,0.78022679053024346,0.044203327357420469,0.057319087264937355,-0.1021017551125985,0.99312121809879961,4.2239107708371906,4.2444286935615958,-1.3986378478502293,,0.07790910915963659,0.25,1,5
0.7125360393793071,0.69831224882345944,0.068208472558572458,-0.70020115349214818,0.70149852339861396,0.13273344084227442,0.044841244785530872,-0.14233701139439178,0.98880202161676289,5.1235210767530406,-14.328055629695548,-1.572783273695157,,0.09551011074691482,0.2727272727272727,0,1
-0.71384105570140466,-0.68946218171963136,-0.12277152427786459,0.69865818753872655,-0.71315612934427752,-0.05731554905773914,-0.04803836154789147,-0.12668952268082176,0.99077852250778042,-7.0075273442835595,-22.269863944724364,-1.780192298440797,,0.1403624734893514,0.28,0,3
0.78343667849909082,-0.6113980663071068,-0.111442250956461,0.62066340399436959,0.77887775628622091,0.090146434786207916,0.031684534467687063,-0.13979215027487352,0.98967380737144572,1.9865148209530246,11.15681554504634,-1.3657242069072695,,0.157314675999257,0.3928571428571428,0,3
0.71785019451190557,0.69595160470733775,-0.018505732746917133,-0.69472859244095442,0.7178082471458439,0.045863963788805716,0.045202666782272589,-0.020066993663527002,0.99877626858124668,-1.5726573873082204,7.8359230336353711,-1.5003418215516846,,0.08311272836084617,0.4814814814814815,0,5
-0.28371357595801361,-0.92128662465375344,-0.2659653399434071,0.95889111195707222,-0.27427459599806175,-0.072809899051099608,-0.0058687500242970122,-0.27568895738530358,0.9612289823704645,-5.3766292171044192,-21.052622578065691,-1.7499762782954278,,0.5445942146613288,0.1785714285714286,0,3
0.69358082953683187,-0.71571908564818809,-0.081803565557515057,0.71840583651685808,0.69560579340813156,0.0050630263239850202,0.053279329552034106,-0.062279776942164571,0.99663561165880532,5.0487422312688039,1.8006819936277441,-1.4275549714242581,0.2619856335533133,0.2105086968057745,0.7868020304568528,1,5
-0.3687960229999222,-0.92095381734843418,-0.12583147353022306,0.92929347927502448,-0.36823999445321365,-0.028512030127934882,-0.020077918128133847,-0.12744949115804052,0.99164182263920087,-27.951798360653846,5.4405397279918306,-2.5080419433110803,0.174509113305973,0.09280324862161971,0.2916666666666667,1,4
0.98590913078094644,-0.14249322042125814,-0.087629150268259695,0.15347563179321638,0.97889069741694801,0.13497493454798923,0.06654634692025975,-0.1465219595983471,0.98696651365030064,-1.46988864462458,17.24020927651009,-1.4953113371249649,,0.0956536371667694,0.3529411764705883,0,5
-0.98450298596413377,0.14485131086933889,-0.098853266851123042,-0.11879910632123573,-0.96551960727933528,-0.23164339035775272,-0.1289986161359141,-0.21630992972721483,0.96776514265416014,4.0912325764459192,12.262143048196547,-1.3046764729068518,,0.4522631376639705,0.4444444444444444,0,2
0.99180575256788772,0.12050758258232376,-0.042417823063087612,-0.11415961694474262,0.98502878317028897,0.12917382933508828,0.057349202542638908,-0.12327294458325116,0.99071431305977387,0.55419955026250545,14.334137621793554,-1.4248895429346811,,0.126244164107915,0.2222222222222222,0,5
-0.13157553840109412,-0.93897328494328935,-0.31783179176613446,0.99125178798469094,-0.12798021247761551,-0.032263881219382139,-0.010381257708787806,-0.31929646940890782,0.94759801293132273,4.9546061589541015,8.9175895200419237,-1.3595668352777694,,0.6139466009033507,0.4555555555555555,0,5
-0.4992689163425364,-0.85532372274495883,-0.138390312102605,0.86556497041522806,-0.49956300071258786,-0.035129621534004889,-0.039087480914442342,-0.13732493447565136,0.98975453078378162,-8.1703359573002245,13.291466074476528,-1.7115006691797769,0.4247137261608501,0.4157284479242195,0.7889908256880734,1,4
-0.84580682999470524,-0.52354415929536391,-0.10252960353975157,0.52985910795274616,-0.84677354169282404,-0.047158189198815439,-0.062129960999731004,-0.094212962784862117,0.99361148624070894,8.39259356907022,-13.81087533492008,-1.5473903812896623,,0.105760578590613,0.3333333333333333,0,5
-0.43068216061107167,-0.85462977273502294,-0.29003590827044595,0.9020354054358497,-0.41797575699426226,-0.10783503097442944,-0.029068950300307241,-0.30806528223731577,0.95092101565192144,26.520527668657724,-24.017420453950127,-1.3793604392742225,,0.4650323578761198,0.2903225806451613,0,3
-0.96953052094707837,0.24025778553803598,-0.047820136349095932,-0.23508312909354986,-0.9673992103691752,-0.094205574106214038,-0.068894784763960049,-0.080093472052690656,0.99440361240638731,-10.79657173104995,20.043549596658643,-1.800018858389552,,0.07996084441892698,0.2272727272727273,0,1
0.99523731843958541,0.079193854542247824,-0.056842003728967951,-0.0691974118698198,0.98464497093351233,0.16026852281674148,0.068661475193162222,-0.15557189533486812,0.98543543025721136,9.7652832484369583,2.2829562039060778,-1.3286707471155488,,0.1108192855951621,0.3,0,1
-0.9718610438044395,0.23548320529331768,0.0058113303236332113,-0.22513557069591633,-0.92133355657593374,-0.31695181390010119,-0.069282655425216388,-0.30934145786157646,0.94842383779895856,-9.9519225633047679,-18.053259568374703,-1.8355952096514376,0.4276972368276912,0.1546961657332311,0.2,1,2
-0.7472411960819082,0.66455243704510547,-0.00080826696729107122,-0.66156014799684304,-0.74399078129291274,-0.093892959978672794,-0.06299813854769365,-0.069625970503632159,0.99558196989045233,1.4499644204623279,12.889704796419997,-1.3895087154776886,0.3559558679098218,0.1550689174748952,0.2222222222222222,1,5
-0.31900297957500529,0.94376070822158309,0.086906988438012658,-0.94761111731300363,-0.31602058264822652,-0.046520551237879813,-0.016439871260736452,-0.097194222872408864,0.99512964666577963,-13.930888076868049,4.9184581177777451,-1.8870260768052729,0.3067484114996334,0.2203096338578624,0.3,1,6
0.57289733789656538,0.80791685494005294,0.13805432168100715,-0.81755926492992181,0.5513302725440441,0.16622809300403008,0.058184951304225817,-0.20809922171955464,0.97637555549155419,6.7459560082572123,9.4023366747696784,-1.2942012888295686,0.2906366832530547,0.3249732913806621,0.2272727272727273,1,2
-0.82726336841874948,0.55595576947129033,0.080922813001342991,-0.55880304334533415,-0.79935572118107845,-0.22083837928012168,-0.058090257534782669,-0.22791141570062656,0.9719474824150115,-13.15055525146172,-14.550695353363494,-1.8740417863600578,0.948384331019713,0.6123765335346918,0.7058823529411765,1,4
0.29459209331420949,-0.90127648997252507,-0.31767308223952162,0.9549241432262604,0.29034719936098857,0.061793078146534612,0.036542841164111398,-0.32155744812713655,0.94618466924465627,-38.243123510049642,6.7005293148942462,-3.1097473354391072,,0.3922153005099469,0.3947368421052632,0,3
0.84025515570374432,-0.53182550489788494,-0.10551258528433737,0.53964865936121253,0.83915019324475604,0.067869563332416699,0.052446141544644047,-0.11396747569985329,0.99209919701594418,7.1626632132411379,17.581231840459211,-1.2312272699611615,,0.27855564240549,0.2083333333333333,0,3
0.61040829891820148,0.79068190632928359,-0.047157519180694836,-0.79121916353878452,0.61144404970595911,0.010411980030841327,0.037066748721378558,0.030956373861717408,0.99883319881577814,-10.85958512230231,-12.703557820809708,-1.8537919850992588,0.2074316699655069,0.1599508522131194,0.8021978021978022,1,5
-0.6737262821251494,0.73797677889325697,-0.038511953834573835,-0.73710053488966509,-0.67481416241214431,-0.036175235636623164,-0.052684895740552851,0.0040149747606471236,0.99860311522570278,-4.7538458611399212,13.092959974089309,-1.6070089243052876,,0.07469384958771763,0.3421052631578947,0,5
-0.22254634690101391,-0.96470753494239192,-0.14075686664027373,0.97486330488545425,-0.22178712864056566,-0.021260441133319083,-0.010707953531077242,-0.14195013770598255,0.98981589103046297,12.376185282770988,-13.789280032200784,-1.5110941453494011,,0.0764974749360388,0.4666666666666667,1,5
-0.41661221276700866,-0.8890791384345611,-0.1896643081178864,0.90843950113660399,-0.39929881298567965,-0.12368561243292085,0.034233564641390088,-0.22382748613315354,0.97402737102365788,-6.6614929098237861,11.788664138048146,-1.6724673160791488,,0.6531290061185755,0.3463687150837989,0,2
0.541427059305576,-0.8126252965075359,-0.21563132176879285,0.84065043100962467,0.52715790973324783,0.12414262382037188,0.012790320365401005,-0.24848473933365284,0.96855136261493024,2.3270775436736821,-17.423102029251694,-1.6212305008871757,0.578056351448013,0.4248303119082172,0.2592592592592592,1,5
-0.93426370898753308,-0.32597085227673622,-0.14454869606758344,0.35270155341611342,-0.90441010010958511,-0.24009161800786102,-0.052468431334669996,-0.27529143518415233,0.95992796054054541,-6.2568631458313142,-12.99007510437815,-1.7587481551919659,,0.2566105175144452,0.2112676056338028,0,3
0.66790638944225666,0.73810024773291238,0.095441496419658059,-0.74343423843355583,0.65568452232624652,0.13184589605491054,0.034735976550671566,-0.1590151926025217,0.98666487748102993,14.386671663060541,6.337998440731905,-1.175107566472062,,0.277514335585836,0.2307692307692308,0,4
0.14458785589843778,0.98840968789730155,0.04626705952891811,-0.98948487841797228,0.14460565934101807,0.0029797095027315631,-0.0037453049093298242,-0.046211385580928764,0.99892466209110475,-29.477834052442841,8.1234363239210303,-2.5749372017642767,,0.1582030532549651,0.3333333333333333,0,3
0.517876154449329,0.85164195304352519,0.080686259480699088,-0.85534244021823425,0.51396513660430998,0.065031902300570349,0.013913971909305118,-0.10269285355624648,0.99461579477413498,-0.32563907604173276,20.270314391337291,-1.4957875204844453,,0.328968620438901,0.3636363636363636,0,4
-0.11652787182380923,-0.94327575726129453,-0.31088920993071739,0.99312521571971979,-0.10716159249743827,-0.047103067788349835,0.011115799110939725,-0.31424073392312613,0.94927825222828188,-20.871830459317689,-13.596720508579113,-2.1352937382747443,,0.1304640116143589,0.6,0,2
0.66789518260028313,-0.73817706996937804,-0.094924382698851367,0.74259743972544312,0.66947328009244822,0.018830022715722948,0.0496494468504017,-0.083067085019770448,0.99530638087664591,6.6430499005159165,3.5938920271453414,-1.3649572638614194,,0.08484204643128071,0.1521739130434783,0,5
0.16853727400177146,0.98545355845492522,0.021828224860902801,-0.98537215761779495,0.16787372790464447,0.029327844636963935,0.025236843378368699,-0.026451760015615562,0.99933147960442703,-4.7173762959069689,-15.471624609510647,-1.6932348821129224,0.9353359399239638,0.5486853304618921,0.7009345794392523,1,5
0.98330313761263799,0.18001810105101659,-0.026616214139649257,-0.17229215403058037,0.96804441345181447,0.18222356391047567,0.058569217347037045,-0.17459523727386844,0.98289681549012942,0.24687949378175922,4.84886086685934,-1.4577646898131205,,0.2078976853780458,0.1861702127659574,1,4
-0.20500330310089654,0.96794493194413156,0.1451077339130887,-0.97811953620898751,-0.19723701910679892,-0.066179537473290057,-0.035437531009317708,-0.15549973317512153,0.98720008831970285,-27.691096568330082,6.6951398194617164,-2.4815269796920005,,0.3410089356394342,0.25,0,2
0.171051017298954,-0.97503815587024267,-0.14157027964283136,0.98525322070082344,0.16988701775598325,0.020359083884903637,0.0042000690050571768,-0.14296501598340333,0.98971883059039456,11.803185840474164,-11.405379642252127,-1.444755205137588,,0.08525214629390776,0.12,0,5
-0.19974176684369271,0.97925955917060237,-0.033969726980926228,-0.97957334664888696,-0.20038726875991733,-0.016763086053637612,-0.023222513069451903,0.029927550717348417,0.99928227072974807,-15.264338630626591,-11.290783661938754,-1.9564512018705691,0.3456360194963342,0.3527919829854012,0.9020979020979021,1,4
0.3706891095829068,-0.91350601201195036,-0.16761965891461889,0.92843825640547295,0.36920493605042742,0.041111059810760901,0.024330805153053359,-0.17086392601722947,0.98499417800643974,4.0293416848968429,-16.567016878713968,-1.5952439532327052,0.2568465002150055,0.3112969898163546,0.6851851851851852,1,5
-0.17048006121979603,0.98137048555313511,0.088591866509852055,-0.98507769494800401,-0.16758449556240704,-0.039209332601072372,-0.023632258512943097,-0.093954281074884544,0.99529599086165321,-32.875059831364716,7.8104699094413226,-2.7749057545359768,,0.2222551666187475,0.2307692307692308,0,3
0.74271479198329282,-0.65368928945085558,-0.14513803990150215,0.66728819806518758,0.7405726450175989,0.079237732012928427,0.055688405365296727,-0.15569993676579666,0.98623340604493714,-0.73773961809627864,-16.552304605421536,-1.6325204891095739,,0.08188364022185808,0.3181818181818182,0,5
-0.65758722015723714,0.75292347442780128,0.026178035477210679,-0.75174406022848939,-0.65347687306258528,-0.088593703407924301,-0.049597538215751434,-0.077937269825895536,0.99572379010196566,14.065092659759237,2.3407424302046551,-1.3068607002705994,,0.1413675726754656,0.2380952380952381,0,2
0.99769172758880231,0.0010378125777524793,-0.067898009145523935,0.0023304227242113189,0.99877094562039537,0.049509264935653739,0.067865940137882649,-0.049553215128745491,0.99646309165949887,-16.645292375950991,-3.7658715878476472,-1.9916736128734698,0.1463251514477966,0.1296637423732837,0.6727272727272727,1,5
0.51730785748196639,-0.84492952907655883,-0.13596569965209479,0.85458771636416531,0.51846551280912545,0.029552446041783448,0.045523791877430338,-0.13148232931476603,0.99027268035176319,9.1182783768717215,0.39084626282302121,-1.3444044031828619,,0.1647555409934175,0.3,0,5
-0.058662268776382996,0.99700424817044397,-0.050410984438854479,-0.99822102767798171,-0.059123046386936877,-0.0076970960394945566,-0.010654488421341524,0.049869775576145622,0.99869889724604366,-19.828885171587274,7.8365406648353293,-2.1005465644776598,0.4276803427350948,0.2582343307983953,0.6822429906542056,1,5
-0.94811517739188067,-0.30486442447069972,-0.090195859612906645,0.31409629782248033,-0.94211314071790353,-0.11733007193749785,-0.049204939725335517,-0.13957260755175316,0.98898855459900525,-17.81778142743925,8.6566110969649035,-2.0270958055696444,,0.5968039146215623,0.5051546391752577,0,5
0.15797398679220084,-0.98224613920157677,-0.10117678350577529,0.98728780940345473,0.15893592964684417,-0.0014668573963458112,0.017521441159487845,-0.099658879638948067,0.99486738151816234,-12.468747286230991,11.459429204142022,-1.8518036301100118,,0.1090534842759078,0.46875,0,1
0.37407092174864276,-0.92119190639613791,-0.10712804064469342,0.92683411017862039,0.37537516429751677,0.0084863559917230241,0.032395643403501213,-0.10246442123421438,0.99420901457873134,2.9724688703626705,4.9360635466613507,-1.4190202851321627,,0.06591659885400183,0.2622950819672131,0,2
0.86991180728112838,0.48687074314423634,0.078805628117913182,-0.49014632515589107,0.83563198819990037,0.24794305844942663,0.054863717419213344,-0.25431488310214828,0.96556403865496387,-31.221628061599358,8.8792989397532036,-2.6771046197560397,,0.2710699184785293,0.2142857142857143,0,2
0.42249517822468385,0.90527102137724624,0.044521929781744796,-0.90636509139593491,0.4220057821620819,0.020333246681436629,-0.00038141280969088208,-0.048943821636314548,0.99880146017509497,-1.5919956577357754,6.0681141310256921,-1.4654488199944593,,0.1521015024407573,0.8509719222462203,0,9
0.37690974908484232,-0.91196430322789457,-0.16204984011982704,0.92622104902329494,0.37246799160046418,0.05815637178592855,0.0073218434145915882,-0.17201367640736259,0.98506735086380526,-24.967774737731958,10.045334108388845,-2.3285284844832521,,0.1193439931405368,0.1578947368421053,0,2
-0.99757218335236408,-0.0024870252595289785,-0.069595644310241664,0.015710253402061329,-0.981637292527484,-0.19010895259654487,-0.067844874085241147,-0.19074076812435978,0.97929312896378928,24.493725019908023,-12.073942947377974,-1.3243945138837629,,0.4840697691427126,0.2857142857142857,0,5
-0.93042717077647652,-0.35295909982732243,-0.098616194055380954,0.36115582417130826,-0.92878548970799568,-0.083210484766180051,-0.062223392289599638,-0.11303710876064471,0.99164049004415411,-22.642986377026244,-22.108817468267535,-2.1423711788592974,,0.1766927768091764,0.25,0,1
-0.97258480160549543,-0.2187561801366473,-0.078895737134660901,0.22293611412427267,-0.97361762365671645,-0.048664277701588536,-0.06616866860658499,-0.064918845931445618,0.99569435608411527,-24.448973305434002,6.9681523650487431,-2.3271074226179063,0.1481571378769549,0.1073652024862443,0.575,1,4
0.70730927758949924,-0.69126730043196449,-0.14786177731017944,0.70485400724618585,0.70557635000611107,0.0730947520759717,0.053799761196632122,-0.15592156254206227,0.98630322519478142,-12.586331146506355,15.501598470984005,-1.8352430077730131,,0.08406319133680876,0.2083333333333333,0,1
-0.97953511399262483,0.20095459985349404,0.011322952493879863,-0.19678460043182081,-0.94435841443414892,-0.26355835429807462,-0.042270338162181405,-0.2603928453032896,0.96457699776975447,-8.1008889310871979,28.816158294448979,-1.7367314030429835,,0.5008528883855853,0.3725490196078431,0,3
0.94761010017118519,-0.30035017451836765,-0.10874222142453964,0.31489965376919749,0.93550216065043934,0.16023081936506595,0.053603228537066679,-0.18607923066572205,0.98107146212967455,-5.1918080925559478,14.367672605978072,-1.6130416856849095,,0.1549089914061508,0.24,0,5
0.97596480121068852,-0.20089591539845741,-0.084460274531866136,0.20699836003146582,0.97576167656412438,0.070998799236702784,0.068149730315431173,-0.086775467299149853,0.99389417572141425,-9.2140888620014447,16.934245073265107,-1.714257589100691,0.3281405769961089,0.3419847829336514,0.4456521739130435,1,5
0.86940640542264036,0.49407696797806522,0.0045223803119545606,-0.49078425770197048,0.86248180607264824,0.12351496502687079,0.057125428681191109,-0.10960421482436347,0.99233240473680273,10.395142604946917,8.5585059190126049,-1.211229402413353,,0.1508766285795021,0.3043478260869565,0,1
-0.98737133884629413,0.1239191755775548,-0.098700948065634703,-0.107462387821203,-0.98166109305782467,-0.15745899015388679,-0.11640306881109853,-0.14486385436227911,0.98258067825022033,12.402512038633084,4.4079777508434042,-1.2409068640863157,,0.4667684529174919,0.1463414634146341,0,2
-0.55713512477502325,0.83041236032201893,-0.0039704617277556056,-0.82925053325315645,-0.55659677923295992,-0.050433901761116173,-0.044090881611433819,-0.024805990645568168,0.99871950866437842,2.2844074368466343,9.6826157417242342,-1.3963927024004972,,0.08207163066804524,0.1777777777777778,0,5
-0.89964270202722185,0.43650353380367563,0.010376592218219455,-0.43387855366734035,-0.89106524181538749,-0.13323714007746607,-0.04891226182356187,-0.12436800153330785,0.99102986374675683,-18.664631685791985,6.3394424398736655,-2.0540473293210071,0.2544472009050499,0.2003967300319914,0.3552631578947368,1,5
0.62752245530520079,0.77734879321613759,-0.044095598115315597,-0.77736879458813557,0.62870751112112289,0.020606374267987306,0.043741573912257338,0.021347579377960443,0.99881477540451946,3.2547887566860765,-13.961665072558757,-1.5971706807267505,,0.0797127918423948,0.3333333333333333,1,5
0.87666752561308758,0.47901455220484962,-0.04471138905709194,-0.47759697418949953,0.87771314374886189,0.038997019572333057,0.057923913718443479,-0.012833396529285761,0.99823851065417302,8.3109146726120144,-7.5687598524544404,-1.4437710047024217,,0.09160068698890245,0.2571428571428571,1,5
-0.67323177834685044,-0.73500477770638117,-0.080789537520221888,0.73824574989702829,-0.67431334145407829,-0.017167710855274961,-0.041859113498881634,-0.071200381219691591,0.99658332332588184,-13.750288955305903,13.256546212709676,-1.8759024179533255,,0.07440921752959329,0.45,0,1
-0.43475687963454268,-0.89398594842078216,-0.10851534286279865,0.9002302924061929,-0.43463663358263693,-0.026008025342436125,-0.023913934111642925,-0.10899596677926918,0.99375449834511786,-10.575416996783165,-10.938104901607277,-1.8522377974619819,,0.07811756615479955,0.1724137931034483,0,5
0.17614592448637159,-0.9759435531755809,-0.12847876984881443,0.98418015274760839,0.17712938662944189,0.0038219536853830384,0.019027354638440491,-0.12711947689988681,0.99170489479893331,-5.2081390093993702,12.272182981392682,-1.6160610643231372,,0.0772346559885035,0.2181818181818182,0,2
0.95397553712132588,-0.28517792159154343,-0.092758975904244312,0.29144304572067958,0.95452903774716069,0.062731708079185586,0.070651437884380844,-0.086878473364843431,0.99371047352368302,10.482655667201525,6.9871979505835045,-1.2569969619470458,0.4366607665452743,0.4042548324882265,0.5733333333333334,1,3
-0.96540054092464234,-0.23549678180793457,-0.11199580947746969,0.25221814925287472,-0.95232969656006194,-0.1716221263044902,-0.066240476823934885,-0.19393146935947722,0.9787761666602901,-4.0332752992253997,-6.3921436878233644,-1.702134989740139,0.5340574119441033,0.5156425472100458,0.5562200956937799,1,5
0.81047257095543535,-0.54538819167718011,-0.2137426773201444,0.58267975927988236,0.78807315101349495,0.19855731358275322,0.060154051022570355,-0.2854687881901577,0.9564983330434077,15.010881099441315,-4.1625587407771043,-1.3451468997432425,,0.7580770728738122,0.3529411764705883,0,1
0.63640686209616659,-0.72786323906786365,-0.25534566980966894,0.76784175883155681,0.62934347788058786,0.11977403827051457,0.073521012447950285,-0.27229008807300259,0.95940229761337581,7.5284955420545945,13.902961962613347,-1.2247259094741532,0.3884723563082723,0.3968918894724631,0.3559322033898305,1,3
0.33416046291112345,-0.91539265616273147,-0.22448400849584779,0.94205574483970755,0.33182952312928055,0.049194930575197582,0.029457743320355292,-0.22791545060204776,0.97323521757863785,-20.604415085870439,6.4924149677682967,-2.1395614728489281,,0.1562710850048683,0.25,0,1
0.8438292342484055,0.53603899338234884,0.024787517047616364,-0.53300138417436005,0.83190772919781109,0.15439901090731017,0.062142963366450324,-0.14349818003925199,0.98769758753854253,6.0227036560452207,17.908595801046221,-1.2584841388329857,,0.2733198487096684,0.4,0,5
-0.59799208253023961,-0.75526116303664215,-0.26830215213390629,0.80044198467353878,-0.57995765098864382,-0.15146534993727251,-0.041207989553401714,-0.3053353871864069,0.9513528277819403,-23.070466809115878,10.839914052809636,-2.2328538439454575,,0.3740419911379352,0.4848484848484849,0,2
