axis_00,axis_01,axis_02,axis_10,axis_11,axis_12,axis_20,axis_21,axis_22,location_x,location_y,location_z,dbh,dbh_approximation,score,reconstructed,number_clusters
0.5351972989517787,0.84099755654270913,0.079290359337779101,-0.84249870823000184,0.52461528040669114,0.12237129644891376,0.061317027206963637,-0.13229481264585743,0.98931203607431106,-2.7172199263608245,16.949584081370535,-0.93029831895338999,,0.4983646404618863,0.2173913043478261,0,4
0.98863070648458329,0.12917561443984854,-0.076960943535549858,-0.12828390414084745,0.99160120260379625,0.016440648803727999,0.078438295074385406,-0.0063808799387908696,0.99689854962128965,0.87253287755742504,-2.5225925600178583,-1.0482253262840808,,0.07763106025389642,0.5353535353535354,0,5
0.76107142756134949,0.64866699593367905,0.0011876599287615217,-0.64551460070455446,0.75718991137241409,0.099871609544832943,0.063884132826308587,-0.076776080273822905,0.99499962365360639,2.177229571931905,-13.155233599457853,-0.99550653912401965,,0.0840697551342629,0.2608695652173913,0,4
0.27961542784993515,0.95518539759759946,0.097139429299405181,-0.96011194508508035,0.27823486807487996,0.027756280231665438,-0.0005151827270753796,-0.10102581058160624,0.99488367168382452,-0.82237882570800092,13.149630467214209,-0.95105667892272916,,0.3056374279857446,0.1764705882352941,0,4
0.74620927272631932,0.66338810675272142,-0.055569246137572408,-0.66346258516486345,0.74794843369468444,0.019762049995510875,0.054672839542266233,0.022121490743365061,0.99825924501788477,-19.397901773435358,-5.5815452063532858,-2.7901107113556569,0.4794598186149011,0.3813735247298101,0.9176470588235294,1,5
0.83502669807345209,-0.52740961064036584,-0.15674666219325986,0.5475568281190839,0.82450601966449411,0.1427282155608447,0.053962333944320436,-0.20500957573048267,0.9772712726638858,-1.9403779782697126,-1.8906374644225536,-1.3080418946848398,,0.2314265085935918,0.35202492211838,0,5
-0.57441509449806016,-0.78868943895341015,-0.21912614653696197,0.81531118301450434,-0.57509334453799021,-0.06734478390786168,-0.072903868650933165,-0.21733985817484605,0.97336961735214622,18.663153424512547,-19.050020051422546,0.34937156232628991,0.4368132115496539,0.5550742705898164,0.2758620689655172,1,5
0.95562316375215806,0.29108110536993753,-0.045344889424643993,-0.28005592458887429,0.94539755267271597,0.16670976726968281,0.091395010821097536,-0.14661261029344116,0.98496278838337681,-2.4860102735659382,-26.868994546371308,-1.4416913075170139,0.5513510438793203,0.4803478351746434,0.2903225806451613,1,5
-0.39718757989881176,-0.91290838821387377,-0.09402287542333769,0.9171767870926496,-0.39843683364224691,-0.005901763765634521,-0.032074407126709642,-0.088579706061196167,0.99555254410883931,13.110838128865469,-10.127530748454497,-0.057150772465744862,0.9213049853226951,0.8945387514637734,0.9869281045751634,1,5
-0.88920143659170281,-0.43989826569060736,-0.12573909895354204,0.45203772654375801,-0.88712610645851109,-0.093108350973014314,-0.070588235169915775,-0.13963089587250851,0.98768442023423564,-10.572252752190478,10.654689278712768,-1.8620558628088639,,0.1849847946459003,0.3043478260869565,0,4
0.65029196889278951,0.75959181507793994,0.01185873771277347,-0.75677316902211111,0.64635574721942801,0.097563408533356544,0.06644340329762391,-0.072419075546545586,0.9951586565242817,-10.130846846111581,19.749848749581034,-1.4981128794635328,,0.2602533510300963,0.3333333333333333,0,4
0.99587592953997217,-0.024683024893159617,-0.087303386217364123,0.027243967021595022,0.99922913636639277,0.028264806693080038,0.086538426284632847,-0.030526731213718163,0.99578070851848821,1.9178969750528903,-20.272105312043571,-1.1008427827081426,,0.07195931914789444,0.3043478260869565,0,4
-0.99451694761089882,0.0091797315696061539,-0.10417184573104216,0.018122833664871506,-0.96593854776406129,-0.25813617499957903,-0.10299322217824561,-0.25860868986128038,0.96047589335369388,-16.016021808071255,11.280713225288508,-2.2916372370092293,,0.3523053033870187,0.3571428571428572,0,2
0.25134230431632426,0.96662371133463665,-0.049655279141438996,-0.96775959580627624,0.2518437420204459,0.004011773923467102,0.016383247108987059,0.04704604436924642,0.99875835862503481,3.83283339900653,-11.297168196956985,-0.84095754956603375,0.1778468359840611,0.08460570328911776,0.35,1,5
0.84189973101095106,0.53963155482574232,0.0016210984059861985,-0.53583326678074228,0.83561042116161011,0.12098733097806504,0.06393397480813931,-0.10272783986081831,0.99265272768615509,-14.854111154020581,-4.4899972113808353,-2.3866174672818037,,0.1077842328671451,0.163265306122449,0,2
-0.048225529375390715,0.99645210447236543,0.068974646132167194,-0.99871255903479372,-0.04701674176708414,-0.019043382571941724,-0.015732855514411594,-0.069804222552806064,0.99743663847442521,15.603436968016828,2.2579311244222557,0.34759004101146801,,0.2029009766551025,0.125,0,4
0.96029798553933476,0.2718667162799584,-0.062580089071897826,-0.26265387268418083,0.95667576893150053,0.12563604699019487,0.094025114374278573,-0.10421114008815455,0.99010065960407745,-17.503401656832633,7.132569594781593,-2.5083387159767159,,0.398669325944992,0.1904761904761905,0,2
0.51143143317583428,-0.83266512905046242,-0.21238331389986662,0.85779173160607236,0.5094347082843742,0.068334641167354396,0.051295558754815014,-0.21712913406217899,0.97479418586358024,-0.55989186026600868,17.101713506979955,-0.76796155406771371,0.5962559900907175,0.5811149529225144,0.8297872340425532,1,5
0.82901897933044322,0.55769495952294967,-0.041277887937793481,-0.55629437618297817,0.8299725873719016,0.041013061802081981,0.057132293294602211,-0.011037949713872676,0.99830559686351195,12.055675865999927,-1.151836446010071,-0.037640854265119372,0.1754274813105954,0.2188560577625278,0.3548387096774194,1,5
0.12515910088501081,0.99126565585313575,-0.041564395721699079,-0.99211103298621273,0.1253472370383924,0.0019412351409352265,0.0071342618880296483,0.040993532330056731,0.99913394127835486,10.859260148853435,9.8232360528842975,0.080234577844332924,,0.1265953047026644,0.1875,0,3
-0.88818392253646361,0.45811900704298114,-0.035444253888249115,-0.44759832462010463,-0.88005763855513353,-0.15860104860321067,-0.10385114127931951,-0.12500211280900592,0.98670634549913983,-7.4673351910426007,-12.675508260239937,-1.8230225363895813,,0.4491402562933401,0.5,0,6
-0.69674431605317433,-0.68836884725766845,-0.20173172326816546,0.71405365606036464,-0.69238551571306939,-0.10358413921819394,-0.068372028742908889,-0.21621893477652857,0.97394796469302347,-6.3379158245182667,17.02832491117849,-1.2425251728198807,0.6929306849459126,0.4539885075309339,0.1333333333333333,1,3
0.97994100304947152,0.18625827331906999,-0.070876555803691954,-0.18255149078812796,0.98161948231791962,0.055660984045657141,0.07994112679608166,-0.041605859612529966,0.99593090558154418,-18.905027035693919,0.49527147189959059,-2.704664856418451,0.6520827151954671,0.5095863004743348,0.7014388489208633,1,5
0.29888067990509715,-0.94878540469426675,-0.1023552393314745,0.95397956912311954,0.29979743692408023,0.0066692210504360845,0.024358178813993363,-0.099638108436925527,0.99472555334221557,-9.4870067971881848,-14.308667259476573,-1.9971506384836213,0.3739272501664103,0.180403525867771,0.7088607594936709,1,5
-0.87817069504669543,-0.4538051387562253,-0.15125186411957797,0.47047746854361061,-0.87652882532895704,-0.10172595519450733,-0.086412857573395729,-0.16049334692093076,0.98324702066170422,14.716552263045569,-2.3362824615322149,0.17950997606907018,,0.1466307371922587,0.3636363636363636,0,5
-0.078747802712866438,0.98777971851540936,0.13449911247853633,-0.99687613489036253,-0.077205845381081079,-0.016650198949081749,-0.0060626111492390342,-0.13539012197575967,0.99077381859708091,-15.653726730360505,-3.9423251294073074,-2.4583751067080857,,0.2702571281496135,0.1666666666666667,0,1
0.85573132602630708,0.51640983070134849,-0.032323125038632695,-0.51295479892014484,0.85487859262969867,0.07784578426773861,0.067832675916936674,-0.050034774092327233,0.99644129253031155,7.1205714817632648,6.9810954924246014,-0.38575568188325293,,0.07610335691773436,0.2380952380952381,0,5
-0.58382224317870313,0.81164720399927515,0.019503963954704731,-0.81143646237876854,-0.58253848949707243,-0.047114496460209335,-0.026878539618383639,-0.043332718523403098,0.99869906358890459,-3.9082156737620779,-16.811219223900387,-1.5413304352133135,,0.3267009847668472,0.2307692307692308,0,5
0.445004071126685,0.88687737636805553,0.12417687372128734,-0.8949299456750166,0.43534145077621911,0.097868348152865062,0.032737883480607771,-0.15468141621595369,0.98742184017907908,10.1423825382498,1.1428552692782086,-0.1932591839965789,0.234126661571061,0.1489039674013838,0.1666666666666667,1,5
-0.64683626692345453,0.76226373327509012,-0.023597557628931985,-0.7607827769525779,-0.647113160409586,-0.049539115020761873,-0.053032160854075597,-0.014091080804483893,0.99849338072763805,-1.2420051970771506,-18.87831986394702,-1.3177123875799177,,0.1313560936931051,0.2142857142857143,0,4
-0.98709619863088838,0.14261080551895525,-0.072823435772316231,-0.13967246180395923,-0.9892202390455449,-0.043987749161519228,-0.078311544883698542,-0.033248711432322761,0.99637433985727419,-2.5255025576459196,-10.473080698180381,-1.3829834370441265,0.2034503402965734,0.1727845702539103,0.6875,1,5
0.13719563495550369,0.98627900755492459,0.091820896345165479,-0.99049059686298946,0.13563526850815191,0.023053231069002304,0.010282765929234243,-0.094110537099705238,0.99550864965184993,1.0580680961586402,17.314231401746998,-0.64976861758756821,,0.4465202954662282,0.6129032258064516,0,2
-0.26974271322590621,-0.92816530746314174,-0.25641378801339698,0.96269169322611226,-0.26589252059658997,-0.05025804696000373,-0.021530732801472902,-0.26040416569756475,0.96525960136762567,-1.7204555848708505,-13.112416572567225,-1.3300320452089949,,0.3028502012813032,0.3333333333333333,0,1
-0.76039529292078545,0.63582015503419176,0.13240743542645586,-0.64751491760957014,-0.72642592504136905,-0.23028201601702256,-0.050233753363510922,-0.26084115066470881,0.96407388935855243,-6.5338519553514622,-5.1197551577548515,-1.7200938264726808,,0.3733797890898107,0.3802816901408451,0,5
-0.62543336982209408,-0.77221671808952996,-0.11186795884441306,0.77818674607253102,-0.62780212094562582,-0.017026014601779209,-0.057083168710450133,-0.097702800569940587,0.99357721119738074,-2.9810176670066197,-15.3299451903549,-1.4452239299326275,0.2865501020422562,0.2266171706132721,0.3823529411764706,1,5
0.76389849545540156,-0.62710888359772543,-0.15229424399428129,0.64252076346108922,0.76110423849513564,0.088811072880131042,0.060217581837484609,-0.16569485887484703,0.98433686133360443,14.285550184621631,10.666272204124615,0.43937332269917406,,0.2121857753969518,0.2352941176470588,0,5
-0.95729884102423912,-0.2601352549955398,-0.12612921185060819,0.26698628135043218,-0.9628465722960331,-0.040556180644251351,-0.11089298690322069,-0.072499153968766217,0.99118445212255857,-16.663529957869731,-5.1273021355483346,-2.5380395144054804,,0.2168481534081722,0.3235294117647059,0,3
0.58747808548514657,0.80876601463335851,0.027695354281560912,-0.80756852836755022,0.5837225935346898,0.084267465770630642,0.051986258424471098,-0.07187118595939318,0.99605821193533395,-16.830299535608884,1.7475439635010117,-2.5191561169107084,,0.6542332165032666,0.2777777777777778,0,3
0.17288398462443116,0.98485441957258846,-0.013149148592953259,-0.9848687552560581,0.17301871321477952,0.009902514725293219,0.012027584161510351,0.011238199403908015,0.99986451086804562,16.718534893648521,1.9734792289360055,0.44671342138486941,,0.1445293184456358,0.3529411764705883,0,4
0.35207151487599231,0.92463969053848338,0.14521394937754051,-0.9359600157693011,0.34698309729698645,0.059846295385101222,0.004949474119007851,-0.15698462622527384,0.98758864403903379,-5.7241695737173535,-8.3108042836090714,-1.6589146823103433,0.4584646987079288,0.4100078373851923,0.6153846153846154,1,9
0.82876468585567076,0.55744321425216525,0.049052608113814081,-0.5529480647848799,0.80229227562198957,0.22489006676140066,0.086008913080033528,-0.21350449026075749,0.97314865231848668,20.294272679933297,-0.99685483772479044,0.71252325126561977,,0.3635508595810831,0.1666666666666667,0,3
0.12880190122601839,-0.984792325743861,-0.116593933789711,0.99158705825005178,0.12942157024794493,0.0022722380077073727,0.012852087440195588,-0.11590570439177163,0.99317706957917451,2.4497536901129058,1.501159754540361,-0.87391484826925547,,0.09575293733142028,0.5079365079365079,0,5
-0.89931890672968873,0.43625055424383424,-0.030182079458905265,-0.41978452734736199,-0.88058708913689931,-0.21988026069921135,-0.12250083509212581,-0.18507250570343667,0.97505985100114845,6.6156632022128106,11.59538537918324,-0.3556627769994859,,0.2272927581589234,0.2631578947368421,0,3
0.47546413530772907,-0.87354474037459751,-0.10417985697797467,0.8792832026134465,0.47567118125094365,0.024453566798597656,0.028194070970953708,-0.10323039228448935,0.99425780382699336,-10.249582446777895,-7.6556316991480768,-2.0267686611700815,,0.07755993164220391,0.2558139534883721,0,3
-0.38599680097126576,-0.91540676844783253,-0.11417932352157929,0.92198812437698285,-0.38693929752628931,-0.014692805643405742,-0.030730573502004678,-0.1109433563119408,0.99335150049842869,-12.367129247658008,-7.5903922720527648,-2.2023906369488935,,0.06492983073337558,0.1923076923076923,0,1
-0.99675796297527486,0.023618619852743619,-0.076913744165994724,-0.015571551399972792,-0.99449803744374665,-0.10359141039456192,-0.078937253767650872,-0.10205789688597416,0.99164161653837091,-27.023529319923934,10.021464927884551,-3.1716729538157691,,0.2003146281157306,0.5,0,1
0.41603996897083262,0.90834475882268895,0.042667825560968105,-0.9088715194291298,0.41384865573565643,0.05178659398315457,0.029382058970306893,-0.060324864402190793,0.99774626300754632,3.491212783176195,-8.8631085045938942,-0.86920239184403869,,0.08266735056893174,0.3333333333333333,0,5
0.92244431128483828,0.38607574092446195,0.0064818861350710976,-0.38061023316438364,0.90630111043277184,0.18372301880515221,0.065056460008164313,-0.17194132574210449,0.98295668140221393,7.2342475493192264,2.5827747043620315,-0.42521430126750159,,0.1770676760954299,0.125,0,5
-0.211042969723642,-0.97166466606451063,-0.10643609186723153,0.97735449831931831,-0.21148419812486771,-0.0072538650715575125,-0.01546122715765426,-0.10555667039664299,0.99429308545798234,9.3010719364730008,15.420295505132836,0.087850852623570508,0.4601161052891972,0.4634195018138848,0.9518072289156626,1,5
-0.76521144134289021,0.64085032621403171,0.061337667295930168,-0.64093085553439066,-0.74940787307550938,-0.16611886767130313,-0.060490399749803886,-0.16642926174147099,0.98419622655967265,6.7373208183454976,8.0955229694761535,-0.39173638425159873,0.3994785768815696,0.5242562000954741,0.2884615384615384,1,1
0.85054830661617831,0.5228642350678836,-0.05639654066721108,-0.52107725743111077,0.85237871704934887,0.043920547689868833,0.071035694551564568,-0.007969592723800557,0.99744193599998254,-2.5186161455536227,6.5010574354902246,-1.2426566437839279,,0.0765751224400239,0.2,0,5
0.92577325783658204,-0.36181320107305714,-0.1097045240813295,0.36892043366313088,0.92796256635704899,0.052755938678495283,0.082713896658608815,-0.089312277819508873,0.99256321125167746,3.5644556739999724,10.900779957273492,-0.63954015815983889,,0.1011654407720767,0.3720930232558139,1,3
-0.48975617483353656,-0.85606861870191175,-0.16518295700896329,0.87182103856547577,-0.4826429693214675,-0.083569377640222625,-0.0081832711698625292,-0.18493859585916528,0.98271600670519388,-5.7356070566742723,-13.229898711445655,-1.6872996530608861,0.5546008917246334,0.4994131207525136,0.4257425742574257,1,5
-0.33864134653569672,0.94090356529819708,-0.0047454426168254916,-0.94048807310659999,-0.33863520348317439,-0.028432082339174582,-0.028358821567947726,-0.0051652464654157225,0.99958446239836418,7.1679866856307655,-16.416747336191648,-0.60147973991275483,,0.1207459132641986,0.5217391304347826,0,5
0.33887760492075525,-0.92092000517857853,-0.19253132977533774,0.94038663982775894,0.33783458041585779,0.03925256563205401,0.028895268066414709,-0.19435570569738522,0.98050544269077977,-19.239132347305059,-3.5676219967493048,-2.7629169042562007,,0.2095606296596272,0.2592592592592592,0,3
0.94093083871108008,-0.31431586614477663,-0.12591542023168684,0.32837543971118188,0.93776885888668349,0.11295635394636112,0.082575585719699751,-0.14763164834149359,0.98558924966287154,3.4522530394698809,9.3471750446900295,-0.66522560386218654,,0.07760663471191286,0.1851851851851852,0,5
0.24431554509442135,-0.92999172538344932,-0.27463667843813483,0.96500643769430383,0.26099856293065049,-0.025344138507467497,0.095249617499317138,-0.25883419570538002,0.96121400816872371,-11.812037988308905,-14.229243481471793,-2.1723906697054289,,0.4708032722661947,0.6060606060606061,0,2
0.95946481263316474,0.27211201551469466,-0.073364326012974435,-0.2712697147751067,0.9622653735075406,0.021403102443955477,0.07641999191729601,-0.0006340038839506314,0.99707551513134485,-5.3603667483580972,-11.225851461069078,-1.6463411309858391,0.1301818227077172,0.1040568784816527,0.4366197183098591,1,3
-0.00087457098708590441,0.99492228962287288,0.100642300933394,-0.99999961202507437,-0.00088072201964461809,1.6686030787826057e-05,0.00010523919449586932,-0.10064224729358649,0.99492267387189814,-13.998821090279096,-16.945889826290699,-2.3559434627133951,,0.2296491772707502,0.25,0,1
-0.057562324307932192,-0.99299351304851213,-0.10320107491612217,0.99832033640670526,-0.057932362206721225,0.0005893436619098005,-0.0065638964853964362,-0.10299380783680102,0.99466033941753462,-10.365591541735498,2.176409887351765,-1.9784332042456478,0.7026423860212356,0.6596113864811433,0.9784828592268418,1,5
-0.43117390469314593,-0.88463107478960223,-0.17753006908199914,0.90176316164956127,-0.42909486963071752,-0.051969155740544871,-0.03020371174960625,-0.18249782018750554,0.982742225318194,-9.8451374744343472,-11.27630342797603,-2.0015099360515487,,0.1012288333471505,0.1515151515151515,0,3
0.036018818098956573,-0.98734318209757954,-0.15445415341834989,0.99933550977090235,0.036449098602509278,4.606510941046427e-05,0.0055842325958035417,-0.15435317935335649,0.98799995565274479,-2.1984745830654924,14.154685767388296,-1.0055217808711909,,0.1115996396838473,0.3333333333333333,0,5
0.7958266455753672,-0.59864834571516023,-0.090995100773395468,0.60202567380341709,0.79837452448168045,0.012775239339892901,0.065000294413180101,-0.064948262726202688,0.99576939343155524,-9.0151597826654708,4.6321425395807161,-1.829258427110156,,0.07801621045495595,0.3260869565217391,0,4
-0.91752386944850517,0.39512003038389876,-0.045056748458683842,-0.39177988913081818,-0.91753445149398694,-0.068110563015382666,-0.068252966711243451,-0.044840739412451855,0.99665984198424418,-4.8611033107534816,2.6525463384712702,-1.5090473476966781,,0.1627239184793907,0.2389937106918239,0,5
0.48846890495799622,0.84826279522407744,0.20456871492916825,-0.87171658031427146,0.46395028153876428,0.15767162035475379,0.038837256524222173,-0.25534362435497915,0.96607002903875216,-24.233997406843599,-6.3898268929031721,-3.2068782460186753,,0.3229454995959045,0.24,0,1
0.97468156397737005,0.2118361207681938,-0.071563306103829577,-0.20985184491765849,0.97713209221787367,0.034279404058053541,0.077188418997166677,-0.018393811345220053,0.99684683661880269,5.1034667449812581,5.2033289601272816,-0.5708313655504289,0.4171103656565804,0.3764196950428438,0.9402390438247012,1,5
0.68803309720841455,-0.71016785225018531,-0.14923832877701682,0.72328645953259774,0.68779308393086291,0.061622813581290008,0.058882549219594148,-0.15034059773472189,0.98687919730338314,-2.781543447335602,-21.299139213357851,-1.4594680468441412,0.5363215165967922,0.4740059537720803,0.5217391304347826,1,5
-0.041048715558447753,-0.99155365940570117,-0.12302984788319427,0.99915517575783286,-0.04098080683806847,-0.0030835413460761291,-0.0019843657257875525,-0.12305248469682034,0.99239818032007843,6.4124187908375951,-9.3409139796737541,-0.61065910812501867,,0.07069996200701759,0.4333333333333333,0,5
-0.072628022950647311,-0.95205280490862298,-0.29718786473862863,0.99730317813374392,-0.066169580837443773,-0.031748345722773817,0.010561305156845502,-0.29869222158841396,0.95429105392221059,-13.303703085840045,6.8709346950632764,-2.1907000404287857,,0.3390519679760109,0.5714285714285714,0,4
0.010197296185267444,0.99478518859000187,0.10148124808290435,-0.99994752395214992,0.010044968119556023,0.0020119536380268184,0.0009820857775133167,-0.10149643923523211,0.99483541770993167,-18.194695687342925,5.4573113752345215,-2.5922534187660271,,0.1796424112078516,0.2758620689655172,0,1
-0.50956027496079614,0.86030135368824723,-0.015162685251849276,-0.85970776287889994,-0.50977491082612403,-0.032126355815338827,-0.035367903919152358,-0.0033348364856481826,0.99936879590968752,-4.4659950674328375,15.79107844877046,-1.1180978188750241,0.3579753196439608,0.2281801856620997,0.3571428571428572,1,5
0.8985978627611777,-0.42542419928038028,-0.10740638578636935,0.43370768336868032,0.89828951108646848,0.070523752445580151,0.066479518861193659,-0.10995546797990573,0.99171077872195346,0.64787614061245258,6.1218787221062518,-0.95476990320006316,,0.09201147384744478,0.3684210526315789,1,5
0.99848539612015663,-0.013142743074933586,-0.053424545288071994,0.016810182664830579,0.99748965838090053,0.068788074416472625,0.05238636743987888,-0.06958196409715256,0.99619978858602132,-14.776995694600544,-20.147469720679997,-2.4385253411091177,,0.3524459426810814,0.3103448275862069,0,5
-0.59980455418509115,-0.77713884256742793,-0.1904985988184211,0.79815055081369857,-0.59791022677460792,-0.07388544480562978,-0.056481811360940527,-0.19636338785856847,0.97890307226716367,-16.468196285261367,18.693787957650247,-2.0664159099982378,0.3740538488919599,0.3648017153562064,0.5,1,5
-0.70699440850950168,-0.68489951935426008,-0.17627125325645596,0.7045252511252118,-0.70380791525081443,-0.091096591359161691,-0.061669091636373352,-0.18859232969186293,0.98011726661565268,5.7801198913066116,12.197663612210066,-0.40992411052930233,0.2334180490269654,0.197569084688075,0.2258064516129032,1,5
-0.88225612320826252,0.46595785277960478,0.067137266064002818,-0.46590631808116079,-0.84377097127575851,-0.26642419335417117,-0.067493968868225188,-0.26633405239545416,0.96151481356296942,2.1751117358051606,4.9181710755940315,-0.86533597334440193,,0.5035178142388212,0.556390977443609,0,5
-0.85257087769167905,0.52237070304645605,-0.015866540605666633,-0.5205703506984275,-0.85153008620219883,-0.062474172793178642,-0.046145514253892503,-0.045004009723879239,0.99792045305375765,0.10351246739723215,-16.274920769838157,-1.1937376024591935,,0.1624861034328139,0.5714285714285714,0,4
-0.94515876020532008,-0.27657358088969741,-0.17372959552417289,0.31773372872269007,-0.90177709194456734,-0.29299036515895172,-0.075631974978303179,-0.33212216246111892,0.94019927332615594,2.3942638948098347,5.7937021862421147,-0.82296086300648397,,0.2297723559495247,0.4029850746268657,0,2
-0.6446516245251287,-0.75234902524978131,-0.13562900575767958,0.76204385770226768,-0.64654831609574892,-0.035558879228647658,-0.060938017159720602,-0.12627834002494581,0.99012137584499504,20.432040861347144,-9.7604866509307673,0.58210177085221315,0.2235317473885403,0.2735211109793355,0.7878787878787878,1,5
-0.80596609385037377,0.58769404144502368,0.070953288955377322,-0.59089664154954091,-0.79152910795028153,-0.15595778362398141,-0.035493866639797797,-0.16762274582360867,0.9852120586521006,-9.9418987782143429,1.0302041877951136,-1.9591875140587929,0.6211578901090971,0.7985322109798384,0.5920344456404736,1,4
0.80811580517956594,0.58519721944114989,-0.067030289998847539,-0.58552518303023182,0.8104820899385482,0.016704548071042314,0.064102304610647864,0.025748713505553595,0.99761109571636875,-22.838353076496983,-11.802658943905758,-3.0856105657488619,,0.1181370438893245,0.3684210526315789,0,1
0.9343071285899307,-0.33846615390588558,-0.1118519205297728,0.34687513917240853,0.93555289874457648,0.066471132642262371,0.082145159870582324,-0.10090310357357855,0.99149923671128393,-7.0822424855384645,-10.34452901620506,-1.7850879319860327,,0.07651707178296487,0.2181818181818182,0,4
-0.50827762738506299,0.85222169810764936,0.12398399402473025,-0.85963639908700651,-0.49342042562572269,-0.13251997939953988,-0.051760166774607201,-0.17393809487815967,0.98339535502544428,0.035026089978612028,14.767016279958201,-0.8242471634188806,,0.5340943747777194,0.1111111111111111,0,5
0.98482905105821894,0.16695514294539418,-0.047304549843023562,-0.15835034421204178,0.97615028134068749,0.14851194135969259,0.070971182036767486,-0.13876818252964143,0.98777855961633643,6.8122376951395109,3.5681627574931172,-0.4463410640767283,0.4022801422822525,0.3310213564352502,0.6041666666666666,1,5
0.65078465095977056,-0.72999572152716341,-0.2087716087671071,0.75752001517577749,0.64288086684011914,0.11343552203338908,0.051407827062229627,-0.23197076885446882,0.97136337058477085,0.88154797395251738,10.640155596568839,-0.88250400414155283,,0.09071775415798497,0.3181818181818182,0,1
-0.73350813094582001,-0.66904387556300737,-0.11977526626144883,0.67721778194898941,-0.73440095018616447,-0.045070169488806225,-0.057809148484136354,-0.11417327593307358,0.99177747777122327,6.1363186138480721,2.1284542587704061,-0.52436611114117793,,0.06661609989873343,0.3478260869565217,0,5
0.076246438576855147,0.99690892869291103,-0.018949102794007286,-0.99700290369234013,0.076475829117534366,0.011690063722118036,0.013103077248773638,0.018000984782441904,0.9997521062310768,-7.1133934387869884,-24.374013050868413,-1.8238778570458856,,0.2604683823180018,0.3793103448275862,0,5
-0.31399686776824959,0.94846642077344512,0.042631158756705326,-0.94894332903354306,-0.31209269170917298,-0.045877119182237122,-0.030208033939111974,-0.054859825436598536,0.998037010455324,10.565533237322958,-3.7274910681303415,-0.20788232461481088,0.7105679677658805,0.694134671514987,0.91,1,5
0.9931726473914072,-0.04667188039246576,-0.10691037393151256,0.062010404854054346,0.98749070120371474,0.14497180665920095,0.098806893298902757,-0.15061158858742518,0.98364289618732681,10.921514144092296,-1.1465915354793921,-0.158263299936686,,0.2965147823603669,0.3529411764705883,0,3
-0.85534967018312802,0.51777393293609042,0.016943910100924008,-0.51339614155826085,-0.84283567854527119,-0.16140762312921797,-0.069291727866359037,-0.14675889527734357,0.98674235903110452,2.2302208976672251,13.446467775339389,-0.67523458036002526,,0.2493369778568833,0.5384615384615384,0,2
-0.83761429661259368,0.54338559176997525,-0.05598561214261677,-0.53727200091390803,-0.8380084432334326,-0.095292424166060846,-0.098696945971775502,-0.049738794982110299,0.99387371689242887,-11.673041027693795,8.8958610476447184,-2.0165442072294839,0.5217288327229651,0.355887598961977,0.492063492063492,1,5
0.35641334337869823,0.93430943737795369,0.005950116646597072,-0.93357000749614338,0.35586029380814094,0.042549881250514773,0.037637345353616486,-0.020720195879229145,0.99907662554853993,1.6818294890821912,-5.9520301599512671,-1.0123724528967335,,0.0935945684869032,0.2916666666666667,0,5
-0.37822699161054363,-0.89463772203075864,-0.23783962902942118,0.92526108303050603,-0.37337803911490036,-0.066938539989508924,-0.028918351378541516,-0.2453817153463701,0.96899512007399713,-0.3935767740385846,-2.1404328860384441,-1.1679058771588811,,0.3745419591126452,0.2206896551724138,0,5
-0.8400049045385356,0.5405468379134718,-0.046913498835112658,-0.53374557827174451,-0.83877323509772628,-0.10758772122809809,-0.097505989695845438,-0.065334340935229163,0.99308811586283341,-15.250385686523245,7.7553282457507189,-2.3085241053673053,,0.3163575352439903,0.5526315789473685,0,2
-0.88934598153946376,0.45232558182473814,-0.066822848985360922,-0.45186030004014177,-0.89179761880564501,-0.022787635687254927,-0.069899888177601802,0.0099285003648168241,0.99750460175042066,9.3117113318559994,-2.4229229440302342,-0.31192551790099432,0.1588236974343063,0.09131479155428365,0.3555555555555556,1,5
0.73248534586860625,0.67459565209964911,0.09157469222442581,-0.67702644965928416,0.70771232475725465,0.20193675209933384,0.07141711664225682,-0.20991420046040812,0.97510800627190775,-11.772695471294224,-8.9671024454727331,-2.1478488457363838,,0.2668438481639698,0.1388888888888889,0,3
0.68655148751409478,0.72501959259209736,0.054714215244058347,-0.72345455445181051,0.67368332203362802,0.15087839227890651,0.072529736212923218,-0.14316903286438898,0.98703701318317283,-10.63087300535593,-6.2884129664385773,-2.0379860027830086,,0.2030029445097289,0.2727272727272727,0,4
-0.99357022313232024,-0.070583316099116722,-0.088522354200763861,0.080817955108179768,-0.98972682327765904,-0.11793758271580608,-0.079288522731386216,-0.12433346602249748,0.98906749991591003,6.7812278608101151,-21.800630560404844,-0.69926873554976876,,0.1439557041379471,0.3333333333333333,1,5
-0.40665076287070678,0.91292651526028645,0.034645848111761281,-0.9130846371175928,-0.40488296149155972,-0.048437928874580344,-0.030192756027019572,-0.051331912379483917,0.99822514106536042,-17.580711827498316,8.8064711912250022,-2.481460020633719,0.4692447903710723,0.3055665387357445,0.6915887850467289,1,4
0.99537949047876528,0.089458311889806241,-0.034883812407207039,-0.080009428016916906,0.97360226926174853,0.21376883008703712,0.053086357594403055,-0.20999007529452662,0.97626123907239071,3.1938230765357294,2.6840250317015366,-0.79664989371038164,0.2327453272938611,0.2366497951599076,0.2833333333333333,1,5
0.68619502869015481,-0.71996326972260438,-0.10387142461357599,0.72561112780617032,0.68753380328123703,0.028031420754123983,0.051233522275703006,-0.094605283129292381,0.99419563799045685,10.163134817025844,-0.07455769166733052,-0.20928828471718797,,0.07158662833345883,0.2903225806451613,0,5
-0.50367653790337008,-0.8519452949493338,-0.14317527572652911,0.86296392371804376,-0.50385871044508102,-0.037678458962361452,-0.040040123961262455,-0.14253285348407477,0.98897986539203808,-22.351723892998894,11.351103668539887,-2.8092162393118212,,0.07947523134299891,0.2142857142857143,0,1
0.85103092070438846,0.52231136190111815,-0.054196062901665551,-0.52094161898578439,0.85274485789015952,0.038026792533195464,0.066077239754031472,-0.0041289915103110367,0.99780596801963328,5.4596380948608338,3.2924672836554976,-0.55354461780717756,,0.06798245876104453,0.1842105263157895,0,3
0.99087901904725384,0.11526099291928317,-0.069811697610170004,-0.11137009120025794,0.99212653727434263,0.05728557254727832,0.07586482978297035,-0.048988136801517937,0.99591399731840169,-14.808535939061318,-6.9839403494397203,-2.4012899293723562,,0.1066751609599247,0.3870967741935484,0,3
0.81844511119536234,-0.56166996587530071,-0.12113814178057375,0.56886277405725105,0.82176121283342751,0.033221278940217619,0.080887231701306087,-0.096100772713716295,0.99207958210595515,-9.3710014290934254,-12.38720919392817,-1.9662724276641179,0.46025711540037,0.2885609850269897,0.7090909090909091,1,6
0.79059617836613238,-0.6034655061299139,-0.10386079945886313,0.60901163509377754,0.79256358321113196,0.030786277591407757,0.063737830785734431,-0.087591948710475001,0.9941152546097618,0.11789129348367636,2.5909241555520723,-1.064792767827913,,0.06971882428203613,0.2447552447552448,0,5
0.81958316602686498,0.5696574158018145,-0.061431771807263419,-0.56791793366417798,0.82188070324073836,0.044512136132975021,0.0758462562556073,-0.0015931925523721272,0.99711825133707199,-0.9168134274554548,-22.797787158218433,-1.3087747529162359,0.1779708781781583,0.1475332537918689,0.8181818181818182,1,5
0.91816147028062367,0.39183697462148015,-0.058679637112110064,-0.38967724649811358,0.9198485438488051,0.045058849750982344,0.071632102117499499,-0.018505180321160088,0.99725944480235917,3.8981059630188821,1.4283228524749478,-0.74282127252510044,,0.1377216310010044,0.6097560975609756,0,5
-0.79033297475705477,-0.58215273385525546,-0.19097639507676809,0.60916493577932951,-0.77998187851358891,-0.14333998118940489,-0.065512365463557987,-0.22962243717734976,0.9710724310349379,-3.0466689181472431,-4.3073173244920291,-1.4319069144636323,,0.1324240113201654,0.2465753424657534,0,5
0.99408977732427051,-0.025318274218471559,-0.10556751209524853,0.034438846216113733,0.99574379792091539,0.085488331211541799,0.1029537784186916,-0.088618699452371066,0.99073066249949338,-0.43445834092329888,9.1231258772319084,-0.99814173761757163,0.6153285935080411,0.2106236762049141,0.2777777777777778,1,5
-0.99057814726738058,0.090434639942601189,-0.10284216088149291,-0.078392019546495273,-0.99019124821675486,-0.11565458584235255,-0.11229258848091764,-0.10650290068066808,0.98795116616098921,-3.3960502496372289,12.806282045736616,-1.1520255075084465,,0.2746567461529685,0.2592592592592592,0,2
-0.90051109458834877,0.43112032771218767,-0.056701248281051934,-0.42925718935684465,-0.9021889849850242,-0.042347381939771118,-0.069412058813693445,-0.013794868793385198,0.99749269054275114,0.82035979643906376,-12.794167206073118,-1.1239621281304821,0.16475060000346,0.1068876394794271,0.4166666666666667,1,5
-0.89699354584556268,-0.4289746032581751,-0.10669286982218748,0.43562390487786284,-0.89881748679705298,-0.048568909054978952,-0.075062588620201751,-0.09004396252564309,0.99310507631484479,18.411111333369483,-11.270280867354144,0.39599054128085948,0.2806011200790536,0.2148102435965922,0.375,1,5
0.86030318729673516,-0.4992404366468704,-0.10313783177729689,0.50493161760018734,0.86233932260928658,0.037615877358056549,0.070160440953133424,-0.084438611419185572,0.99395554901960426,15.09234600392308,-8.7398733125899497,0.12402070412159362,0.1866548577817595,0.08714073502665262,0.3076923076923077,1,5
-0.98110067100359055,-0.16311674760836398,-0.10408842397679671,0.1818274020941065,-0.96116688514034188,-0.20759820509176,-0.066183602229043043,-0.2226008660344376,0.97266057041328957,-8.9734625520422622,-1.0573210512688642,-1.9023655254951426,,0.4089431387399307,0.277490297542044,0,4
-0.91254227729907589,-0.38221266137479681,-0.14553375425175816,0.40456199154342859,-0.89577146341932168,-0.18418219328160162,-0.059968217750997158,-0.22695146355201459,0.97205804664709561,10.67617581061177,-4.8856769719106277,-0.22234042509249385,,0.1046022402914968,0.3333333333333333,0,2
-0.79063293479595864,-0.60031369728002748,-0.12051152340715582,0.60947773107590486,-0.79045065787192292,-0.061029933576990561,-0.058621307887976204,-0.12170136534907254,0.99083415359669313,6.0189541119623611,10.841516428554328,-0.44218932171391667,,0.09084780297579836,0.3703703703703703,0,5
-0.024639753632921646,-0.98717337999296217,-0.15773902616086855,0.99968861183131563,-0.024953542772424668,8.8250595057120519e-06,-0.0039448594000067293,-0.15768969064709024,0.98748083502817352,-0.46847252051637622,4.8201035348026053,-1.0925784804272347,,0.07209199384713053,0.3181818181818182,0,5
-0.62699516369483788,-0.73378652664109578,-0.261599690411284,0.77667217952600576,-0.61487313335594529,-0.13678945656506361,-0.060476361114130357,-0.28894352942580043,0.95543406185322621,-10.047526772744879,11.838338906000127,-1.7989710518092485,,0.3146996179176253,0.4615384615384616,0,3
-0.99024419264839159,-0.0088027568926490468,-0.13906455478383092,0.034070302210804621,-0.9830063691964761,-0.18038207401631381,-0.13511348353662053,-0.18336027266082322,0.97371626102081144,-7.3667487540970447,18.976168448607332,-1.2749514594793865,0.7320120491861718,0.4782830710222387,0.4545454545454545,1,4
0.36025273267112518,-0.90865166355066074,-0.21111637295483526,0.93242330403411167,0.35762577870172363,0.051870844432085089,0.028368128191664829,-0.21553643945886261,0.97608365039493339,9.8040752092635142,-8.0646404506311278,-0.3194705312102516,,0.55552776387979,0.46875,0,1
-0.14259137759923768,-0.98296910071923183,-0.11592862487571891,0.98971141965028264,-0.14299506155676178,-0.0048701318461695032,-0.01179003172908083,-0.11543032271288813,0.99324560696245945,-6.2687940063669725,-2.3090919346054068,-1.6604198657924429,,0.09016445148376188,0.5118110236220472,0,5
0.79078438333927303,0.60911067830000132,0.060367546311235837,-0.60871061915000513,0.77222166549875992,0.18205790690969617,0.064276288013107405,-0.18071491613930171,0.98143297167153598,-5.3330587293487195,-1.4780742648705918,-1.5960228281658657,,0.1043426724720135,0.1470588235294118,0,5
0.46374276376273227,-0.87867765373392637,-0.11343822057113247,0.88532199295769687,0.46448521342511201,0.021411569182097957,0.033876508720859941,-0.11035881178261285,0.99331430817179689,-8.8766832518452521,13.901366737123068,-1.6048910984493352,0.8493948669078788,0.8180272993412387,0.9700272479564033,1,5
0.55933121648251949,-0.80658263125785434,-0.19124081473718393,0.82655385992683206,0.56018098803917393,0.054826793445451646,0.062907129232229034,-0.18873717067025184,0.98001070070645069,-5.9778769440943424,-17.419359802469746,-1.7121985368953065,,0.4432014461401591,0.6666666666666666,0,4
0.56302911487355967,-0.80947217471286093,-0.16659235927955041,0.82482656067894944,0.56297509453582784,0.052155418998515453,0.05156898877456273,-0.16677482213453726,0.98464551900608477,-18.404554193125627,6.77963452691663,-2.5921872259020322,0.3034526052001073,0.2818445192080876,0.7788461538461539,1,3
-0.53206475797912545,-0.76787515849595556,-0.35675598702954658,0.84564711431935602,-0.50296971425311399,-0.17861249840783008,-0.042285356330067553,-0.3967230866850987,0.91696387122453582,9.6376506113587102,18.320510584583445,0.25556181185771731,,0.3528596085315449,0.2,0,1
-0.95797600076042166,0.28351781938641984,-0.043584722752790087,-0.27880570321907339,-0.95603292485284219,-0.090930888315451402,-0.067448957142317009,-0.074957939457328704,0.99490298295498369,1.8779477996957568,-14.978961694969481,-1.0365156942286615,0.3834271797225738,0.1930696965963485,0.1458333333333333,1,5
0.92083988504524783,0.38452473159414435,-0.064766016569684989,-0.38174800284098948,0.92283899331509645,0.051348366518260524,0.079513322385428895,-0.022559326444492593,0.99657850084857835,-4.5307716315027475,-15.925239596478107,-1.579871359862681,,0.0891284932778095,0.3,0,4
-0.5726824354907335,-0.79274362178143665,-0.2087878784921478,0.81968721525711141,-0.55751202641066555,-0.13150364843423379,-0.012153074690913937,-0.24645058436190309,0.9690791568510968,-4.3603654433428103,7.5305664473116583,-1.3863058618942992,0.4542462927960729,0.3779868407428182,0.2300884955752212,1,3
0.99563328092923908,-0.027540844270514467,-0.08919569385876179,0.041866061806764755,0.98574462130902263,0.16295635743696429,0.083436219802138958,-0.16597904523523083,0.98259317816069225,25.806556064938519,-3.6541737043587532,1.1254071413538438,,0.2122045071123551,0.1666666666666667,0,4
0.10278333907037392,-0.93818355342821691,-0.33052564996736511,0.99463591040070454,0.10081769329364489,0.023134356708390636,0.011618560621138611,-0.33113050719580817,0.9435134319411359,13.881424407124118,4.4050468974555512,0.25505171123810766,,0.231776690439436,0.4444444444444444,0,2
-0.99595079587264346,0.05073934869536971,-0.074212739436148381,-0.046071970345130435,-0.99693010134622795,-0.063306765659896402,-0.077197057904854149,-0.059631296512563638,0.99523098963359513,2.9567843441558526,-20.215716429070273,-1.0064854248960036,,0.1069996063780579,0.4285714285714285,0,4
0.54110917251505031,-0.83576585236300138,-0.093253972805581009,0.83982137773069632,0.54279787335025553,0.0083977492791483376,0.04359950603611374,-0.082860779083872724,0.99560693768325115,-9.880875421296011,-8.8240671363474164,-1.9936592772088757,0.1775553217605582,0.1188579165405424,0.4700854700854701,1,5
0.33031812398808058,0.94334870685272365,0.031355290531098465,-0.94365682517531058,0.32935593395334939,0.032194177575625385,0.020043284786904588,-0.040222954255145514,0.99898967996968824,20.467552181489296,-8.9524951220308004,0.59550796473859113,0.2908092147602236,0.2610555644974956,0.4324324324324325,1,4
