axis_00,axis_01,axis_02,axis_10,axis_11,axis_12,axis_20,axis_21,axis_22,location_x,location_y,location_z,dbh,dbh_approximation,score,reconstructed,number_clusters
-0.87720886436409495,-0.45807614718833028,-0.14377361252381954,0.46409265819838774,-0.88573525378298379,-0.0095427884995751052,-0.1229740333867632,-0.075095296677543444,0.9895645929041228,-14.326088303945648,-17.310974908099716,-2.6543312192421751,,0.1493832677319061,0.44,0,2
0.81940431469590469,0.57113127047649304,-0.048843023469483958,-0.56344080296955779,0.81817063420449121,0.11459177489872352,0.10540887347255683,-0.066376842417568999,0.99221120946294439,0.056551707347064092,13.065295211710806,-2.290690402478174,,0.2184476750995868,0.4722222222222222,0,5
0.11986606946781998,0.99077004657552425,-0.063299606626495863,-0.99129670956197236,0.12293806147822615,0.047085737241571175,0.054433069010870055,0.0571047095142709,0.99688318932026732,-8.222487504257197,4.7708741360291498,-2.6216478632358675,0.426882390806266,0.3761366890453876,0.7947976878612717,1,5
0.97059543486846811,0.21635402937065615,-0.10552457433020442,-0.20815657966985368,0.97452808841147909,0.083461627333862975,0.12089392107396248,-0.059041840013248165,0.99090802851486315,1.882269437865302,-20.925712366504296,-0.77174496253106062,0.4530113957520699,0.4621168340294345,0.92,1,5
0.40407270579287741,0.91080168778410886,-0.084649477038198653,-0.90946126898296642,0.40993790852403311,0.06950619666499594,0.098007390808624889,0.048899863850107868,0.99398357866834264,-3.3997786329165134,-5.3170663237291045,-1.6525094240413332,0.208854144702903,0.1899476818811923,0.7997527812113721,1,5
0.35238267712049837,-0.91103385969510997,-0.21411154885811309,0.9358275780979135,0.34124286191035863,0.08820461023450267,-0.007293348804439658,-0.23145326889948531,0.97281868371190217,-21.911172905562335,-6.0224194364968806,-3.7770809023497334,0.1513825941537845,0.1426908924218627,0.2564102564102564,1,5
0.41078144063565436,-0.87444612197431082,-0.25807477171041887,0.91173373602026897,0.39412117169639188,0.115801971585917,0.0004501464415047129,-0.28286477650063035,0.95915969243053012,-17.629570972080046,-6.0890583253928359,-3.2358835598626134,,0.4784918537676807,0.2424242424242424,0,3
0.76249306207517864,0.64670376908021043,-0.019456755759039827,-0.63654131534170277,0.75521670938632446,0.15640612432621162,0.11584249716866454,-0.10687355576166278,0.98750116907707286,-13.776526625181083,7.5126183977965626,-3.3810868548374327,,0.1116825326490316,0.1875,0,2
-0.74918551724464899,-0.61737207324201238,-0.2399432931584595,0.65227430421354227,-0.75064369163461864,-0.10522490328762775,-0.11514900266006063,-0.23534181819219974,0.96506732189852029,-3.6231191836668324,8.0705113021147596,-2.3406814011596615,,0.7908851756229021,0.2508833922261484,0,1
0.6531755348873749,-0.74144136235164748,-0.15370890286097447,0.75649782110291275,0.6477582845342168,0.090112438008492154,0.032753126433016574,-0.17513968999464874,0.98399863907296192,-9.0207431377141969,16.704315037312423,-3.525708609841181,,0.1175960497353209,0.3157894736842105,0,5
0.015475698751960587,-0.99024718218977581,-0.13845945584663893,0.99884883372047739,0.0090226934664665668,0.047112613787099543,-0.045403855820632534,-0.13902916660837383,0.98924687551126489,-1.6779546133243624,-2.2806420832524221,-1.5767451025868322,,0.08166777428481979,0.5032679738562091,0,4
-0.60267822123808923,-0.78400018516986691,-0.14873691975735517,0.79154192236178844,-0.61097307803957002,0.013163702163794602,-0.10119459861621181,-0.10979803078592429,0.9887891815986033,-0.63257184958246127,20.73211115546945,-2.9947648277429648,0.2931956328830287,0.2552362438552768,0.8928571428571429,1,5
0.99166201693922285,0.036002957749743672,-0.12373451900461409,-0.019410956106359331,0.990956744406013,0.13277027340211839,0.12739567866717469,-0.12926143179427671,0.98339301568977189,9.5011856266643697,-15.838738679806196,-0.038627253963856745,0.2589668622615868,0.2307399346578582,0.6511627906976745,1,5
0.62842797948694573,-0.7506903619678118,-0.20381917242151251,0.77683819268476995,0.61914586205907607,0.11480776925532329,0.040008711354089156,-0.23048293200095965,0.97225352715843927,-13.412843609044796,15.558476952916607,-3.8679366289580348,0.5369967095541517,0.5137814750329704,0.8661971830985915,1,5
0.82528922896901502,0.56087445158718152,-0.065707975958075787,-0.55291143327876513,0.82621830568819143,0.10794562656891726,0.11483307666935796,-0.052755671756812637,0.99198296537800323,-0.94825866860721297,18.163948603276946,-2.7591739895035801,0.1614058165325994,0.1726279202917433,0.4905660377358491,1,5
0.45031791587064485,-0.83974310588995937,-0.30338966817642821,0.89282298449222031,0.42692555556129758,0.14353288254292818,0.0089940540538421179,-0.33550869753102053,0.94199417241972083,-10.799914195506657,-6.8571639669360414,-2.4055468597034304,,0.7017858981523351,0.2825112107623318,0,1
-0.80160240482899625,-0.56710204126793551,-0.18928512715506926,0.58652857955014082,-0.80729999800750474,-0.065199222295798914,-0.11583527072210822,-0.16328499014552325,0.97975517454612737,8.607459663271019,3.1631272153403476,-0.65992840910931139,0.3799901841090287,0.2263049187018954,0.3181818181818182,1,5
-0.84267656763525989,-0.52149620157429299,-0.13393249830433704,0.5242934572659077,-0.85138171349838143,0.016295661653384301,-0.12252580555384529,-0.056487960346821756,0.99085646655266713,16.046286512517575,7.9273111486369423,-0.12880710452001731,0.283119907423234,0.2296753307215647,0.5869565217391305,1,5
-0.82110268478097648,-0.51609446899473443,-0.2437968008783451,0.5483833305959307,-0.83177748090070969,-0.08615071091397887,-0.1583227834835729,-0.2044326816815577,0.96599232651740075,21.565166634935377,6.9140100876040629,0.60893865835507133,,0.454564755359996,0.2142857142857143,0,4
-0.4808040697138532,-0.85444746646405401,-0.19684250963588651,0.87167729796056526,-0.49007685480607643,-0.0018342855695074873,-0.094900657356852852,-0.17246507889002277,0.98043340507996468,26.215583152445124,2.5507521128046746,1.4019311366266956,,0.1966972536714954,0.5238095238095238,0,5
0.035862974376904277,-0.97295466176512091,-0.22819525240100616,0.99813735674482529,0.023596409030439906,0.056258568692425993,-0.049352448159070576,-0.22978780566075641,0.97198863173923955,26.755458148313565,5.9092147609630263,1.3059731821805838,,0.1728627296986143,0.5652173913043478,0,5
-0.99225808773695467,0.059656180142633901,-0.10892670697028352,-0.062269867601554056,-0.99784362334853094,0.020750106784275555,-0.10745394785434982,0.027372312899415718,0.99383318800342435,-12.8139973017624,10.289831136465565,-3.4627116188038953,0.2701243402963981,0.3045221606798336,0.8811188811188811,1,5
0.48669750941151213,-0.85640319915019358,-0.17233425317662315,0.873452694233256,0.48030921034652524,0.079896516776160734,0.014350096490860864,-0.18941125347141011,0.98179297807078025,-19.434333190136261,10.646001241631289,-4.2049042636362266,0.6233085328320274,0.5193009799120036,0.9712643678160919,1,5
0.98961726053673249,-0.080720887460221102,-0.11891936753702732,0.095696999893784065,0.98738553600142276,0.12614233035152128,0.1072369426042227,-0.13621285410275183,0.98485851599002827,-19.014377880047256,14.99918485746341,-4.4107934133390749,,0.07081273500417323,0.2352941176470588,0,1
0.86242356021618416,0.49391043718053407,-0.11080651076617738,-0.48237419140465726,0.86827054671152282,0.11585075390335671,0.15342992619024645,-0.046462218601855655,0.98706662388708544,-18.242563954885313,7.4187424749835236,-3.8721683834484621,,0.1026413716504034,0.3478260869565217,0,2
0.83279524771483371,0.54961393966321714,-0.066155821448058899,-0.54046791498238234,0.83309824313954772,0.11765096749452018,0.11977691037168377,-0.062224067736509507,0.9908489577812235,18.72956643957848,15.915819309368345,-0.27891156908082554,0.6774229336451836,0.6061653462684985,0.9591836734693877,1,5
0.094242909582581386,-0.97763641829633641,-0.18800347766496214,0.9948985298682621,0.085660076527851819,0.053284768510458026,-0.035988737952030662,-0.19206609515985137,0.98072189015574984,22.798909585139661,21.154652491720221,-0.08332102884010141,,0.0963553237472686,0.1428571428571428,0,1
-0.85027636654077887,-0.48519947381804734,-0.20398914458593542,0.51364161438049183,-0.84952289433892125,-0.12034593458287252,-0.1149016643866136,-0.20710461752629447,0.97154788092017053,-34.922764846106858,-13.51441229583723,-5.1767018302601686,,0.3670353727532467,0.3333333333333333,0,3
-0.83105219801548469,0.5514793416373156,-0.07226880323420995,-0.55121257246340816,-0.83397825445454166,-0.02539628034236455,-0.074276134336029032,0.018729838339641248,0.99706180802589528,14.306892310954753,-16.069993295153111,0.44620359127943976,,0.15170541973855,0.2142857142857143,0,4
0.59342441305987315,-0.7925706396993516,-0.14028273974764763,0.80430002324216121,0.59058413436205159,0.065664700200990078,0.030804846975836572,-0.15179644701503203,0.98793162722751637,1.1055062982744619,-7.2089452675043821,-1.1139705030273335,,0.1078226487680643,0.5666666666666667,0,2
-0.98806119292792216,0.12665422484578426,-0.087714231220282157,-0.11079912359009669,-0.97977377989314096,-0.16663401347136161,-0.10704500568227404,-0.15492594218729455,0.98210962687261194,-16.473777962631136,-17.962487551351888,-2.8737828753820018,,0.3782078405123032,0.6136363636363636,0,2
-0.81581524443839737,0.57810159293435059,-0.015621625673550094,-0.57462894823836219,-0.81336696027895772,-0.090751086897306377,-0.065169462084567614,-0.06505948180961077,0.99575107584088174,-24.744732822983107,7.6436965790668827,-4.6301189276972661,,0.3072907927443851,0.1481481481481481,0,1
0.11366697971994856,0.99349133063362083,0.0074022751355477699,-0.99174684520553147,0.11301629479147315,0.060543473112161503,0.059312837954535506,-0.014222976743438259,0.99813811378302486,-18.224852832275811,10.873330046001783,-4.0884264739927341,,0.1037206559782532,0.25,0,1
-0.45185405323546857,-0.85247277642608421,-0.26290317614491104,0.88891405540342061,-0.45510116634913972,-0.052103075666392648,-0.075231088526774195,-0.25724131441130643,0.96341433946097177,17.041075570241148,15.32925662149996,-0.45058925173351416,0.1196717149137031,0.1530426133945793,0.375,1,5
-0.83322288345367779,-0.5331624796868798,-0.14655168625190529,0.54111655518566137,-0.84075907303071862,-0.017806033262095691,-0.11372115103683451,-0.094137937998796245,0.98904274348290566,7.8126443436382482,-16.224706707712862,-0.2010856495127914,0.2785120864147818,0.1908169321013781,0.4090909090909091,1,5
0.035190391961680931,-0.96701037158830172,-0.25229462450523665,0.99749338571484325,0.018479000878291147,0.068304260347944734,-0.061388775592309729,-0.25406587288968041,0.9652367328609508,-21.057935194452472,10.437732306286517,-4.3625345175636303,0.3615536752717868,0.2059949667937764,0.6533333333333333,1,3
-0.6940518843355532,0.71992111379662804,0.0023604576018413305,-0.71953008267638097,-0.69355886339737172,-0.035391568581595784,-0.023842021180841399,-0.026262005117054548,0.9993707345691305,-16.816595024439266,-6.7538650165991285,-3.1286500936747035,0.5145239830038969,0.3819345675110479,0.3703703703703703,1,4
-0.7445086485728637,0.66408850856067936,-0.068507846250337429,-0.66678554903765674,-0.74476761964045246,0.026799707641026217,-0.033225047701366563,0.06563265599338694,0.99729055478957318,-1.900844969144756,-3.8097853901677974,-1.5388601347101687,,0.2266576289728973,0.1706349206349206,0,3
-0.51348199408995487,-0.8458680269497979,-0.14437286008616468,0.85214656777348963,-0.52243529986119597,0.030126142979210544,-0.10090821957236626,-0.10755760523086333,0.98906465551031419,9.2616775153387696,6.2185683870735202,-0.7910548927986456,0.4271704862476973,0.4120542620051316,0.9701492537313433,1,5
0.19221388887760305,0.97990451332282225,-0.053300710052600737,-0.97791125668531942,0.19580190400431732,0.073151817724671261,0.082118176859255057,0.038062568986434002,0.99589549947344613,-4.6666037456040161,-25.451088322156448,-1.5109076406338176,0.3942797843971335,0.323991304814549,0.85,1,5
0.67741949887278041,0.72804451220765598,0.10513805586592125,-0.72400810638986635,0.63463101501668673,0.27028824735945839,0.13005800409320858,-0.25921933381444434,0.95702155281272772,10.352043242029319,-3.7554152831099912,-0.16563449853952808,,0.4749551878369278,0.2857142857142857,0,3
0.47955036085954045,0.87634519688056023,-0.045282969247358237,-0.87063937532761038,0.48160626057025385,0.10021221436873581,0.10962905421754467,-0.0086316675045615288,0.9939350908321215,-7.2721219263696195,-16.227996970634536,-1.8608011817371253,0.4312053832717407,0.3268138396825694,0.2777777777777778,1,5
-0.093166441399584049,-0.94103286470150926,-0.32523401075012065,0.99369380352460934,-0.10835197647137082,0.028852626077070644,-0.06239101725195384,-0.32049492468121737,0.94519329463335056,1.9880509623447054,-5.1182779866235251,-1.0747132468569283,,0.08821448428182668,0.3454545454545455,0,5
0.11863563449980337,-0.95874952603022656,-0.25831169652891289,0.99238542913655603,0.10581043302506288,0.063050077720037997,-0.03311715966509246,-0.26382474978641562,0.96400194768260306,-20.791030978314499,13.313287034387008,-4.4860787124197516,,0.317727094073165,0.125,0,1
-0.94457834527875939,0.31149126965540963,-0.10365779545649462,-0.31536714511066299,-0.9486920093531549,0.02295724666032704,-0.091188340346722505,0.054375181084147829,0.99434804081210704,4.0139314437880538,-6.4362786211042975,-0.81035584842520125,0.121964466759331,0.09056924788471621,0.4634146341463415,1,5
0.99217354686047143,-0.051535232165168414,-0.11373553866753322,0.062187041770687984,0.99379810820864167,0.092185096174685649,0.10827938283035447,-0.09853649053324115,0.98922501751991176,0.49966789027650155,12.03290451770447,-2.161653707997889,0.5451576901428259,0.4825809746135085,0.9043062200956937,1,5
-0.49333072922847493,-0.82984292536419091,-0.26074031299724815,0.86524018720970997,-0.49894795698662076,-0.049095362878618695,-0.08935440692101955,-0.24982324840150288,0.96415980756403341,4.0167537859115541,15.926804542225181,-2.0619177692899235,,0.4988174840415329,0.3333333333333333,0,4
-0.95201107617449154,-0.2693991215973951,-0.14525503131952988,0.27781776036224254,-0.95976735952559622,-0.040791023725469285,-0.12842197190665308,-0.079187933877682443,0.98855301742485713,10.127123668011103,-9.5472407906362022,-0.055772083072774668,,0.1931181811104664,0.2916666666666667,0,5
0.92391622606040269,-0.34169009396972927,-0.17212404511067433,0.37634881315053786,0.8926258290124276,0.24815458935925139,0.068850403502705979,-0.29405273177244029,0.95330614855600315,-15.688659171675923,-2.9061096226669241,-3.0572686462991152,,0.5849468280465311,0.3831168831168831,0,3
-0.82051405020927215,-0.54405155384556414,-0.17539840411874955,0.55968761244116072,-0.8270066978110886,-0.053006586906845739,-0.11621733902086251,-0.14166096333791847,0.98306953038789846,-14.195414462608435,-4.4589206014812834,-2.8301760583014484,0.5113692969192665,0.4263219677766169,0.7392857142857143,1,6
0.8046211761920925,0.59214270841479444,0.044178905536985121,-0.58318976033722492,0.77407424747517428,0.2463711891304525,0.11168915014926108,-0.22400016131006434,0.96816809566934259,-20.192792074217774,-4.7864270492918308,-3.5804989619199405,,0.3249577628656475,0.1428571428571428,0,2
0.92584643965479752,-0.35495413374533591,-0.1296762627300547,0.36609244862022461,0.92756602332290006,0.074817053137568534,0.09372667305406801,-0.1167426028236469,0.98872972820896632,14.370712630427024,-11.827155046703147,0.4264613575750883,,0.120123072150981,0.4285714285714285,0,4
0.54169580707337295,-0.80289241085395824,-0.24885624201985615,0.83650773864733274,0.5439959988888402,0.065750713882497022,0.082586050772827782,-0.24378705828253289,0.96630606664332619,-24.68581278974764,5.13614993749934,-4.4945524312580192,,0.4444484909201182,0.53125,0,2
-0.81409956631910962,0.57796772919825168,-0.056526101267056317,-0.57860504936874613,-0.81558567905745272,-0.0060163910597716055,-0.049579158565147295,0.027808346261681615,0.99838299410304565,-12.35709774888498,-12.39376861491572,-2.531854473278293,0.5424313132815012,0.7373906589805876,0.6299212598425197,1,2
0.37872621006130724,-0.90796798754610186,-0.17933374307162966,0.92546103021049486,0.37349700274221115,0.063418219025098463,0.0093989028258188567,-0.18998453235478788,0.98174209347038022,-12.815721266402649,-21.405093735825901,-2.465582109652229,0.5741125364501727,0.3538217841793426,0.6909090909090909,1,2
-0.96986878056519932,0.23231293679493012,-0.073384248191888699,-0.22449057036290512,-0.96920023827581525,-0.1012663909905014,-0.094649523522897086,-0.081741039409946162,0.99214911690384056,-20.572640843335915,8.6523658653991813,-4.2264876636062851,,0.2864149652760553,0.5384615384615384,0,3
0.79405724520366117,-0.53806260108985993,-0.28277504954996902,0.60539612152041744,0.74176996124487249,0.28857037381341999,0.054485111614175387,-0.40033231433797006,0.91474882383591838,5.2548726435513986,-37.677558019804287,-0.42024873849968558,,0.4340715013238993,0.4166666666666667,0,5
0.99174724751798105,-0.032447380696331699,-0.12403452957324151,0.05149799121105092,0.98678694177847226,0.1536212499516795,0.11741104693228199,-0.15874098091367952,0.98031420832140737,-21.378912882695705,-1.6227618336797713,-3.7994749826426535,,0.1641709257067553,0.5217391304347826,0,5
0.36966738562586143,0.92380315054624718,0.099668264986248117,-0.92514715810487191,0.35598202832827663,0.13183145056383883,0.086306198242191295,-0.14094159977847004,0.98624880511809287,-14.735528986892763,11.621292640674158,-3.7382397804017216,,0.2630767039838555,0.1111111111111111,0,2
0.97830865306588266,0.17663882149984528,-0.10821693987340192,-0.16946902917102544,0.98288135653932063,0.072280613716639699,0.11913197508749621,-0.052373330107696507,0.99149614563304367,-0.84752384998829033,-2.377208632773502,-1.4753330114534862,0.1024474552561764,0.2544846745233494,0.3846153846153846,1,5
-0.92864081783224317,-0.34905779204188281,-0.12563792926782799,0.35063999774806093,-0.93645672091163612,0.01002007178945531,-0.12115206739920667,-0.034748635574244673,0.9920255585873915,16.377628043463698,2.9482356758415786,0.22826419146953814,0.2228481946597536,0.2069115292609414,0.8793103448275862,1,5
-0.63108757232993784,0.77490502478724632,0.035364934754368992,-0.77570723065283498,-0.63027493281727565,-0.032121665197910633,-0.0026016078899973199,-0.047704419309474319,0.99885810804875119,-14.704832928252987,6.6664075245744527,-3.4322833694744195,,0.3407379593266975,0.3823529411764706,0,3
0.10987744738784423,-0.94649412625951634,-0.30343997019471103,0.99392192639814814,0.10671603749976485,0.027035006294509105,0.0067934365770843802,-0.30456617720387863,0.95246695109220958,-16.608359253620627,6.9964310505158096,-3.6707946573288908,,0.1824177806089712,0.2272727272727273,0,2
0.03131928767593653,-0.97837049400736686,-0.20447561877948342,0.99805928061347593,0.019596397842971954,0.059107136395622588,-0.05382169265995547,-0.20592998239052188,0.97708549664389965,-6.7777885235577608,28.947301947560792,-4.2682036779357251,,0.4216208803098647,0.7804878048780488,0,5
0.49352472790095259,-0.84955944739073685,-0.18623127637278672,0.86923526970462495,0.48903696405039321,0.072614693374708508,0.029383479232712183,-0.19771594053469982,0.97981886999927725,16.461753717530495,-12.528585516582986,0.67147867986647813,,0.5412188619692962,0.8909090909090909,0,5
-0.72890314136580847,-0.63940928512139927,-0.24465481112701848,0.68168794942916089,-0.71087928093665376,-0.17306700303076825,-0.063259387525661168,-0.29292731869104871,0.95403974542696646,6.738193056570883,10.692709336474604,-1.3602141653979212,0.7433392840058886,0.4886331486830964,0.3,1,3
-0.98896626047434444,-0.077965750636286815,-0.1259645877662105,0.08932595012354709,-0.99217767244511235,-0.087202872291712877,-0.11818041410452319,-0.097492604997094764,0.98819460719686358,-4.1407699033363432,-8.0709858364280915,-1.6680625992723377,0.7775393894337397,0.533148850167585,0.8764822134387352,1,5
-0.78170476702037306,0.62144142656607804,-0.052423378040170047,-0.62062066250468051,-0.78342948097928933,-0.032683965560706039,-0.061381190033073185,0.006985819926090037,0.99808994976910004,0.93148434030685723,6.5360449330783554,-1.7487898205773391,,0.137118239551382,0.1666666666666667,0,2
-0.51303272146322787,-0.76912644074582648,-0.38110621203765549,0.85276953188582194,-0.50732605666039432,-0.12411445411655472,-0.097885403382067041,-0.38867054220646929,0.91616246235351673,15.948993803832112,14.928699084718916,-0.56950740760500063,,0.5148375310596189,0.2173913043478261,0,1
-0.4244172270292037,-0.86173197914573862,-0.27800721846457649,0.90096879051717593,-0.43247642431975947,-0.034919635187292686,-0.090140201435649311,-0.26529632211013587,0.95994406376620534,13.0793288918244,15.506286096674554,-0.99443641522722948,,0.475305266726897,0.186046511627907,0,1
0.66902589309178939,0.738129274566238,-0.087003036734672953,-0.73402325732156692,0.67456465347135908,0.078564533971149583,0.11667995579263969,0.011300544915463987,0.9931052741783436,-18.642721381448151,-4.663169648338096,-3.3805270082448913,,0.08461099132831466,0.3666666666666666,1,5
-0.51457735218425871,-0.84047046371840339,-0.16976321225757457,0.85164998995744268,-0.52396028059731614,0.012566581152829309,-0.099511020618453891,-0.13811235995867499,0.98540475582479303,27.772881909234567,2.4062555369596006,1.6190052925118816,0.2265850877903386,0.1396295325038801,0.2,1,5
-0.084517942603683352,-0.9861909330084101,-0.14242247375341865,0.99493073640793217,-0.091341888650885703,0.042065296010612839,-0.054493551258949655,-0.13814522441869614,0.98891169971919013,28.294406116583989,3.9696307587278614,1.5780472895284698,0.3328427980366057,0.2579597221616731,0.7916666666666666,1,5
-0.95544991687185576,0.2795944215086737,-0.09456434746137192,-0.27834003599471707,-0.96011765293251661,-0.026474835029061946,-0.098195115520195497,0.0010256649485018703,0.99516665302822005,9.740387888308085,17.086255180445317,-1.5039659465722188,0.6055094727714605,0.6403130000541019,0.7307692307692307,1,5
-0.67539395833649118,-0.68289189723620503,-0.27839119549960978,0.72833845777540807,-0.67686877944447466,-0.10663839054808757,-0.11561181586631017,-0.27478593869134343,0.95452951548373344,-7.798947479009346,10.902743856481397,-2.9903671122480313,,0.3583777439774107,0.3333333333333333,0,4
0.98944837085148385,-0.054466696720732691,-0.13425833444399848,0.097543845799203888,0.93560296401478671,0.33931149681884798,0.10713131925840345,-0.34882728201085089,0.93104371957436927,8.0790973099278034,22.2122624061419,-2.1151261048560612,,0.2191562235465326,0.1538461538461539,0,1
0.63888917022837832,0.76701294956735688,-0.059260132980609226,-0.7612120579652456,0.64143468213090626,0.095486917260644913,0.11125120661463359,-0.015896029554855601,0.99366517764847795,13.782775555368467,5.6091710142492337,-0.247604447740227,,0.08287598271292732,0.3888888888888889,0,4
-0.94464804769993982,0.31994826992256142,-0.072616599688027972,-0.31463450056146203,-0.94617668753364814,-0.075860444398199056,-0.092979551693535709,-0.048813733123094248,0.99447072477044585,29.585127648375966,3.8329579315103164,1.754450593198043,0.213952671353847,0.1607013798202997,0.2222222222222222,1,4
-0.054232422916972257,0.99189731327329622,0.11488500435553663,-0.99770262345557237,-0.058505760180386342,0.034154811895018226,0.040599500667171065,-0.11276877203788349,0.99279146078048275,-4.737181115673426,-0.90048918933834776,-1.9281904179911966,,0.3242961462123047,0.2057706909643128,0,2
-0.90382709855967769,0.42774504096508081,-0.011434851943834557,-0.42338102328218907,-0.89783964620719026,-0.12096478340027338,-0.062008749654566042,-0.10448994989150791,0.99259093555096933,-2.6175941732260481,-17.014668538151643,-1.3152588767070643,,0.5685850523439693,0.2105263157894737,0,2
-0.3603223997811078,-0.92043066274687269,-0.15157560255969962,0.92901827190000308,-0.36875198857315689,0.030773712796384627,-0.084218873727421956,-0.12972804630724594,0.9879665051556098,-15.349309460069248,-12.301555994131279,-2.8772557009832034,,0.1730365385246037,0.1875,0,1
-0.85323514487762442,0.52122632999674878,-0.017688992729380203,-0.51894260302557349,-0.85189151936317398,-0.070564962992590893,-0.051849419579220353,-0.051028934490382441,0.99735033239783644,-2.4126232278677975,-0.15887319656357834,-1.7340901304503455,,0.2120137383199605,0.3498583569405099,0,2
-0.75312323569436457,0.64981676261387122,0.10268187222328504,-0.65563511629812843,-0.72847405549411659,-0.19866591239740949,-0.05429536015159038,-0.21694175600373328,0.97467342652194344,9.0673948471705632,7.6325172043929861,-0.90438009492857618,,0.7293045529230248,0.2857142857142857,0,1
-0.0051297683523299159,-0.98997978279465471,-0.14111596342901719,0.99886314151444233,-0.011760832085451355,0.046196399779171386,-0.047393142969744478,-0.14071855771896649,0.98891464622228298,-16.213617362559457,9.1030310395279148,-3.7296978510866916,,0.06500122863291052,0.4117647058823529,0,1
-0.94556151803571842,0.31123042839178167,-0.095126421424623728,-0.31209179363815348,-0.95003258536015878,-0.0060662259776980386,-0.092261194191855578,0.023952185640569803,0.99544671622811232,0.509967562897507,-7.6672594147404141,-1.1600256773312831,0.1733680558911242,0.150232370902168,0.5569620253164557,1,3
0.76418036908801945,-0.62061728591068122,-0.17567739732065069,0.64252063571286477,0.75633085831850533,0.12300758284890055,0.056529604488570862,-0.20687633306894396,0.97673260754021773,8.9474319425731927,23.386735146367592,-2.0808795814123338,,0.1541813575719192,0.3076923076923077,0,3
-0.99365026184318705,0.017174754578664547,-0.11119435661996882,0.0048913224242930105,-0.98075249760240968,-0.19519378425446179,-0.11240654831417858,-0.19449824228459855,0.97444096878379149,6.6799732591120513,22.178553275990584,-2.2916955231122191,,0.2703678446193104,0.24,0,1
0.80213179026804549,-0.58112902600021754,-0.13738138950170392,0.59454766522156366,0.79866005066142698,0.093033312620129829,0.055656669150858276,-0.15630476197968374,0.98613952185352871,0.57134632472386604,21.518150079280186,-2.9300647648444746,,0.1580272756621702,0.6666666666666666,0,4
-0.23275082098546609,-0.94691234826692194,-0.22177479575059011,0.9662517446563611,-0.25103645940467778,0.057777694641642272,-0.11038397202099029,-0.20084247745232592,0.97338465057328805,14.170980147262313,-2.6315299703942365,0.20737466541477481,0.1417835599896373,0.1689848303491929,0.4166666666666667,1,2
-0.90415289391311848,0.42222335565166669,-0.065076742164765167,-0.41738098984566108,-0.90553004520774494,-0.076213165145635517,-0.091107923607057439,-0.041746558760044225,0.99496561301770869,-6.4440830041410351,-2.1088736961858099,-2.0596564004938487,,0.2730976006333899,0.2890528905289053,0,2
0.99322370949550098,-0.018507429084976969,-0.11473507730707698,0.05252242934855815,0.95215075513821634,0.30108193885560386,0.1036728378666375,-0.3050678851639228,0.94667076015386098,19.77955273102684,-11.979116658590735,1.0255411676212749,,0.4216777297163614,0.25,0,3
-0.77495784631770992,0.63084821077118292,-0.038351941247001108,-0.62913783041562088,-0.77579239497279806,-0.04828819982454597,-0.060215668812543213,-0.013292662230223738,0.99809687824393611,-11.952158228725523,10.78354538564818,-3.3766391765529962,0.2830945082303636,0.1764454026128702,0.325,1,4
0.13467771766763251,-0.961095606658534,-0.24115793004896402,0.99085916209982783,0.1325273000458371,0.025191975416536012,0.0077481124581494963,-0.24234634225468363,0.97015886181032784,-11.49797805794066,4.5546676284640233,-2.9987617366063501,0.2508025446292753,0.4073583746837804,0.5596330275229358,1,4
-0.94763606921855048,-0.25500391611357026,-0.19224693257047701,0.29560838003454476,-0.92821245783242312,-0.22591440586656741,-0.12083693958954136,-0.27091444385900715,0.9549888994848047,-22.08164893529668,5.3585104860856028,-4.1892145304190507,,0.4314194600250162,0.3125,0,1
0.3620570693648672,-0.86252457777092617,-0.35350534828204327,0.93215168498036971,0.33386559634117818,0.14009639455748518,-0.00281330964894369,-0.38024349609274627,0.9248821378791916,-5.1978464563874489,-5.655785139013342,-1.8296441179480241,0.5385798333052374,0.2659219707369153,0.2254098360655738,1,1
0.95536667771713923,-0.26003660678805107,-0.14019798228887712,0.27981898305941177,0.94870776815764957,0.14715606462843617,0.094740951163224549,-0.17981805740105267,0.97912696745886796,17.806597214494914,15.275106605960914,-0.37895954473130694,,0.1734804391138161,0.25,0,1
0.92458279712861624,-0.35869351538614491,-0.12839631331838869,0.37083779585412341,0.92456684146865331,0.087495627449230506,0.087326859670321194,-0.12851115779031955,0.98785570905042208,-2.7305006570252419,19.127122953723187,-3.0255881490493093,0.180829337872497,0.1628011244527657,0.1785714285714286,1,4
0.97349443357054288,-0.19285825959276107,-0.12294014606310937,0.21340221413074989,0.95929927706731688,0.18494429437594559,0.08226835850593503,-0.20627794047104026,0.97502888596377713,9.1186251241129579,18.590933268891192,-1.6978826555193585,,0.2890180179167685,0.6,0,3
-0.62982736217740376,-0.70050302665236952,-0.33557861002084477,0.76930773969305155,-0.62218619292548183,-0.14508598478578855,-0.10715920632880999,-0.34954234505101633,0.93077228875553375,-3.919791024892878,17.576535815625686,-3.0770742948490595,,0.4978871934396613,0.3793103448275862,0,1
0.95243708913558278,0.29630841909546413,-0.071168195228521233,-0.27983855352690612,0.94289261278398806,0.18067624281391687,0.12063985742244121,-0.15216714997177083,0.98096441488494457,-5.3958776920853539,38.912175009508395,-4.8010360050139438,,0.2736410090398408,0.4705882352941176,0,1
-0.98820560217102993,-0.093785783336787651,-0.12105335468998113,0.09969501486934608,-0.99405771361919437,-0.043705445935052406,-0.11623507150595346,-0.055258382514203716,0.99168337654410676,-6.249787763046271,-26.482582696819076,-1.6787229374846773,,0.1887511019559295,0.3333333333333333,0,1
0.97483189578239238,-0.16773214059375344,-0.14686287474084672,0.19609876058111964,0.95849869245886854,0.20694330782412218,0.10605682940696005,-0.23053456479772835,0.96726716235467547,-5.9575713734652957,29.848665352890464,-4.2708872925906496,,0.2320502078903235,0.4814814814814815,0,3
-0.95877618956420152,0.2696865748195631,-0.089539765952577233,-0.26573323853855824,-0.96254993907661923,-0.053697865128945768,-0.10066808958433618,-0.027690542531500176,0.99453464977030903,23.045554409438552,-11.579731685235156,1.3544111766535341,,0.6280328544059656,0.7746478873239436,0,3
-0.9853732016214436,-0.12059018097647255,-0.12040623645960494,0.12385285973311164,-0.99209974507977394,-0.019964091478867411,-0.11704752309312162,-0.034584737453218294,0.99252394090674512,-4.4427578870816173,16.399186244444209,-3.0085665925178198,,0.0929387225072793,0.1052631578947368,0,1
0.46910184458738707,0.87338222002304788,0.13094639037530967,-0.87811506260700489,0.44547390925878483,0.17454779572481499,0.094113740906452248,-0.19686669072574958,0.97590271536423401,7.4685536270993795,19.960761419780798,-1.9890473222930076,,0.2633225963445286,0.5652173913043478,0,1
-0.73392759198447088,-0.66295292433261621,-0.14779617668502107,0.66952757701389853,-0.74275471810476479,0.0069463912221606125,-0.11438143792493452,-0.093855467885177707,0.98899344679642864,-9.2092244405128145,26.046322634358148,-4.3006093185988519,,0.1296561013107649,0.3571428571428572,0,2
-0.7756386039182791,0.63110469844885198,0.0095716094512042025,-0.62849668770149059,-0.77085954646757193,-0.10376643565269379,-0.058109118561185516,-0.086500978119285504,0.99455563500713651,11.003623586726329,16.194316445935709,-1.2825198385174199,,0.4160068339430754,0.1428571428571428,0,1
-0.30136128364697806,-0.85427152054813582,-0.42355819659053018,0.95026835568771473,-0.30567641391154282,-0.059598508007724128,-0.078558442558474759,-0.42045463388878912,0.90390622961910794,9.9992112868163634,-8.2979771390564725,-0.099370184822561894,,0.2475258630899269,0.25,0,1
-0.74461550523644604,0.66660772126440315,-0.034378704340803028,-0.66623409289121827,-0.7453865657171268,-0.023043461498725958,-0.040986373722105361,0.0057457461749998674,0.99914318471878916,-11.970048694314237,26.69958212702057,-4.5712858903740479,,0.1807819416998443,0.5217391304347826,0,3
-0.87136906358687094,-0.45942275726518539,-0.1721821277908748,0.47639187235301261,-0.87619806153302326,-0.072991375667009167,-0.11733174753547952,-0.1456285929088999,0.98235715192980755,-0.12520198639800711,-5.7830975299030367,-1.287691170300286,,0.1177714477273805,0.4887218045112782,0,3
0.74087925950942934,-0.63382800364892078,-0.22217107061717775,0.66837513605026788,0.72834185787985184,0.15097289680572273,0.066125640553005252,-0.26034630754160715,0.96324825450706386,-35.857533739734535,-0.47786142997962838,-5.5629380047363366,,0.2486867439446181,0.2307692307692308,0,2
0.94474001747047698,0.3085124877951696,-0.11084378315592731,-0.30469785905564184,0.95112131502376041,0.050273838070922269,0.12093599165174583,-0.013721843240192176,0.99256546229520837,36.438959575484041,-3.4938344730711615,2.7579917106509169,,0.3114253566321198,0.8947368421052632,0,1
0.8198983491106645,-0.52019077460993568,-0.23909883968000295,0.56870274378291652,0.78809809402343789,0.23553892122196832,0.065908165953781475,-0.32909413882252769,0.94199424703830814,9.8266507782067176,10.530589717693148,-1.0020367683408486,,0.5595485763558351,0.3357664233576642,0,1
-0.9305535876124611,0.35691763992936221,-0.081730158991845325,-0.35532420220516003,-0.93413280719121516,-0.033772916017533794,-0.088400972329747488,-0.0023868046243721271,0.99608211069913355,3.6284699707609493,24.156047198522831,-2.7760607762824829,,0.2072402778726795,0.2727272727272727,0,1
-0.3415495449832841,-0.92394756677281931,-0.17223472987844077,0.93621614442118739,-0.35059196525310676,0.024178602629020135,-0.082723873499970513,-0.15299074401594492,0.98475915481837972,20.74650018350502,-28.525998780641014,1.1563683774798712,,0.3262200013712662,0.7931034482758621,0,2
-0.54271449488207812,0.83059632560790286,0.12478269484003447,-0.83991320264256808,-0.53622830044586178,-0.083696008433180258,-0.0026055846935213157,-0.15022966979792313,0.98864769116243412,-17.378422572437984,-3.5743037036544778,-3.280545168568608,,0.4503841886826277,0.3561643835616438,0,2
-0.55282311184127741,-0.76637015520953022,-0.32720542816134324,0.82713361681799558,-0.55233592905525064,-0.10380270422419395,-0.1011760196079521,-0.32802714320433107,0.93923458538189364,-23.680248329891565,-4.0565350592138101,-4.0256588853973456,,0.2192636642918298,0.1,0,1
-0.50446117657625922,0.84649378736890457,0.17019750078407225,-0.86327687315826485,-0.49070857399237328,-0.11814455417183051,-0.016491258211105576,-0.20652690709982444,0.97830193449997582,37.008509571608116,4.3692402341137369,2.6154131732734096,,0.1895258360990265,0.2857142857142857,0,1
0.89350962950697232,-0.42322297568801875,-0.15007616342408317,0.44183048481279424,0.88826718066581245,0.12556766479512504,0.080164609825063543,-0.17850414169365461,0.98066809203206329,39.454100414278557,6.591839975235672,2.7691011772619247,,0.1565840523731238,0.1818181818181818,0,1
0.79495584394684715,0.60650048857281746,0.014225453795578559,-0.59515229978765283,0.77510565395992559,0.21214373725572183,0.11763905062615999,-0.17711121523012205,0.97713492988813255,13.890730206337759,-13.503917233516908,0.38332486236806496,,0.4664335099138333,0.6470588235294118,0,1
0.64010593701800034,0.76409808408006397,0.080115587119377232,-0.75948786911729727,0.6135887253080714,0.21607186961398397,0.11594208061775617,-0.19915570310686748,0.97308501163158112,-30.672278343188935,0.17833244127248488,-4.9864464173663263,,0.4321764514434826,0.5,0,2
0.85994592311129903,0.50369199046906432,-0.082385605912484103,-0.49592681799269245,0.86277609216448781,0.098356524872615342,0.12062172490848427,-0.043724061187022462,0.99173514909647853,5.181645172719346,24.981696367287512,-2.6926675182098196,,0.4527967135482415,0.72,0,2
0.38657237969996355,0.91993679416656793,0.065407109641423794,-0.91817719936850128,0.37722719794304999,0.12103830671258829,0.086674251152940057,-0.10684538301009039,0.99049060486029072,-9.8658477601741978,3.8217915696120692,-2.7431742184586132,0.7108984648101485,0.6227408011588829,0.5,1,1
-0.76292460700393228,-0.59895715927978743,-0.24330303198970354,0.63600668724130116,-0.7628665565965701,-0.11631900365304806,-0.1159376462252054,-0.24348498552062639,0.96295042656087926,-8.6366804841105775,10.167683283920605,-3.0312405809282086,,0.3687259059659911,0.4571428571428571,0,1
-0.13039271103407502,-0.90333445245075739,-0.40863750185791081,0.98957799133851598,-0.14397607397709691,0.0025078238712007016,-0.061099426900844703,-0.40405167632077876,0.91269332357301491,-12.235606306963801,11.811005005334911,-3.4932864212914918,,0.3960481048292746,0.25,0,1
0.99031069325107779,0.091094049795451756,-0.10481700684732688,-0.077221022669308734,0.98856119176990842,0.12955185751027917,0.11541942856588278,-0.12020251336108294,0.9860170948270639,2.7516444302292404,-15.176888776397469,-0.69352166613911559,,0.7187453831122206,0.3103448275862069,0,1
0.84245335981313119,-0.48048494908122746,-0.24373458976102944,0.53419310156541744,0.80377246782695744,0.261892249223384,0.0700718686741479,-0.35083334173047659,0.93381256125131451,-15.059749457637473,13.694744827737892,-3.9000152130809056,,0.6236526687201703,0.16,0,1
-0.87570660679909407,-0.42764848813839823,-0.22417562178203157,0.46749541689294249,-0.86707784393545673,-0.17211637847786312,-0.12077240575773977,-0.25552452553362337,0.95922950478928981,23.383196164313233,-6.7755326945293186,1.3238865745807076,,0.5004124309156756,0.391304347826087,0,1
0.41167606418265273,0.90257213519230839,0.12604110025495094,-0.90697562615382354,0.39226733049442786,0.15336738567784253,0.088983322830522404,-0.17745388753468805,0.98009799819041865,23.199201365963763,-5.4864581829887928,1.3516351429567472,,0.3443454271445693,0.2857142857142857,0,1
-0.063734367101302286,0.98210563291950315,0.17721866785973928,-0.99718329033980635,-0.069707966562188514,0.027681850820426578,0.039540054593740569,-0.17495520908377937,0.98378211962668705,4.4500483448693293,-34.100459456688341,-0.45921592432446717,,0.2757788867372828,0.2222222222222222,0,1
-0.5788256922583298,-0.78046487542064635,-0.2362951464086834,0.80888746533161737,-0.58622465543711377,-0.045185415645204903,-0.10325641099252771,-0.21729066153949927,0.97063014686165083,-4.0113275219437163,-5.8371394240426371,-1.7115730099826296,,0.08838168708956204,0.32,0,1
