axis_00,axis_01,axis_02,axis_10,axis_11,axis_12,axis_20,axis_21,axis_22,location_x,location_y,location_z,dbh,dbh_approximation,score,reconstructed,number_clusters
-0.99349351357474169,0.090953302992014276,-0.068542943909332535,-0.088310595675676729,-0.99526307648577761,-0.040652764671949684,-0.071915764449265271,-0.034335189804464754,0.99681955115495668,4.1245323614305702,4.8804219794060009,-1.8751398807539719,,0.07602377731897561,0.2962962962962963,0,5
-0.79335038174946515,0.60846949311828857,-0.018974923513690366,-0.60757691085117538,-0.79336358757855285,-0.037742751688645527,-0.038019326381729612,-0.018414501048376865,0.99910732004756042,15.542756344253483,13.407451974596786,-0.97959926909153838,,0.4299539056188135,0.5384615384615384,1,5
0.44416766024448218,-0.8775181747591746,-0.18076764799119743,0.89552357538203531,0.44100712158270777,0.059583929446718267,0.027433839102810453,-0.18834694497299945,0.98171931466759843,-3.8914979867119777,18.201735670329455,-3.0028192679758794,0.4087664021519016,0.3578674549907319,0.55,1,7
-0.21333731478784082,0.9758182022116475,-0.047602797728099271,-0.97697853563707437,-0.21306585755772331,0.010764815262261758,0.00036197175627645443,0.048803448398864357,0.99880833616907072,6.1958343217677356,5.0671689910360449,-1.6855284539882323,,0.2415958326330897,0.8101851851851852,1,5
0.59087400758754594,-0.7969797663580046,-0.12526435715467235,0.80630802921056755,0.58859699647511032,0.05848878329260794,0.027115847543519037,-0.13556115873073527,0.99039785089406207,-4.2939853463426729,10.504701561099157,-2.8650088856565343,0.4637391493896884,0.2932445914946372,0.6842105263157895,1,5
-0.81973736490950555,-0.55765514200137245,-0.13058099084725208,0.56700072433337745,-0.82234467591915461,-0.047533278793354672,-0.080875405264186559,-0.11300432109813542,0.99029752712833896,-14.188905633556022,-13.140523752774195,-3.55251319126871,,0.1010541892773421,0.5789473684210527,0,2
-0.52405858898144686,-0.83202230470805205,-0.18193812075284657,0.84938910886311825,-0.52624840585424237,-0.040009462388135894,-0.06245588090399519,-0.17550356065952338,0.98249568097591922,-2.6819261940775934,3.2570408681067891,-2.5270298334276111,,0.196605751627047,0.5258620689655172,0,4
-0.99667159427032259,0.042183185534094329,-0.069758956649659642,-0.04165214165390576,-0.9990911822454619,-0.0090503400493362612,-0.070077330644766164,-0.0061146069016602298,0.99752282144928484,-8.5779418305499711,-11.09648387116612,-2.7901830483501575,,0.123006978281602,0.6436781609195402,1,5
-0.8252530092585284,0.561967798621959,0.05612186758950314,-0.56364698954533909,-0.81330067849115439,-0.14437478153163039,-0.035490025165122931,-0.15077864463450602,0.98793029027151569,-9.5833062938448563,1.9386238145308037,-3.209816357466972,0.4208575785691764,0.6589571413920317,0.335016835016835,1,3
0.41015464281152358,-0.88573726246490037,-0.21735379191846638,0.91192485965697534,0.40166570442998539,0.084010191193508971,0.012892607174567769,-0.23266749615266027,0.97247088229637701,1.0270710722482843,14.582229843642226,-2.3916795245180582,,0.3104888786084137,0.3125,1,5
-0.42064960420217301,-0.8984517450817745,-0.12585059492934345,0.90612210535610704,-0.42290943316415353,-0.0095048159262170057,-0.044683785309349383,-0.11803420309507294,0.99200367248823196,-10.322664016781081,-12.616516705634123,-2.9882382955440683,,0.0943827179530298,0.4230769230769231,0,2
-0.92248492515858671,-0.36273744514871492,-0.1320723617648337,0.37703362428761961,-0.92005195590896049,-0.10653658800919208,-0.082868625013935424,-0.1480741176407315,0.98549827329793915,4.8799209257607741,7.2183729807179695,-1.8486923286016819,,0.6425236405505199,0.3191489361702128,1,4
-0.45326348692987439,0.89136985126056278,-0.0034640554112244084,-0.89119179039865304,-0.4532452259837727,-0.018599942176280294,-0.018149494268806774,-0.0053435369035456206,0.99982100521600625,-26.87136602486963,-1.6292571610462285,-5.7775836984038866,,0.07577694374379391,0.2,0,1
0.66042972376614373,-0.70478294196786673,-0.25906289714525627,0.74391881567386131,0.66102166913718685,0.098158792868940137,0.10206554586428654,-0.25754874808899064,0.96085964984758243,-2.631965710981742,9.071080141953173,-2.6917965589973893,,0.3501960496000088,0.3448275862068966,0,5
0.47294163996893956,-0.85615222490639675,-0.20815756765324731,0.8808498521290461,0.46498508244171344,0.088839243079343211,0.020730248134731819,-0.22537134000244863,0.97405236815982976,-0.46793209162320332,-7.880094008152021,-2.0172367068414494,,0.4235050779781453,0.3703703703703703,0,2
-0.58066361683513645,0.81201412672074436,0.058845748273643146,-0.81321334114531352,-0.57502889383468736,-0.089587013782870401,-0.038907915225749302,-0.099874067010426087,0.99423907832652736,-17.707324436163024,1.391856236818509,-4.3896425503642593,0.5653509933646188,0.4920466430376229,0.3741007194244604,1,3
-0.58709528910191677,0.80726900936719515,0.06029815942170539,-0.80938314918255738,-0.58400825964132752,-0.061913411229192812,-0.014766155006088815,-0.085153386227540484,0.99625843107113532,6.5381236334549842,12.18105049789872,-1.8157872232637526,,0.5238224832129956,0.4545454545454545,0,5
-0.49368104083577186,-0.85891259422676791,-0.13619172294215767,0.86797716295552108,-0.49634429438726835,-0.016061943123134834,-0.053802179388897038,-0.12614078209623247,0.99055228462971923,-9.7145174078421874,-18.029588931815415,-2.935143642406572,,0.1127265825871932,0.4,0,4
-0.64222791574453353,-0.75882926265821626,-0.10826566571180865,0.7643781630990123,-0.64455418117435859,-0.016611180211945704,-0.057178037880058083,-0.093424074329058665,0.99398320625649705,-35.976884240002555,-5.0468285278474818,-7.2067128559376528,0.4132490862901135,0.359002563978789,0.7878787878787878,1,5
-0.11512022712822127,-0.98948132495108043,-0.087601603175983436,0.99299737740706762,-0.11698559868956754,0.016449260224429774,-0.026524361795042188,-0.085094519637278543,0.99601976936156644,-3.0075773558388339,-15.261316864613537,-2.1558424421860436,,0.1023483283965436,0.4666666666666667,0,5
-0.62563338176312733,0.77987789354531811,-0.019322080192126907,-0.77943572547887341,-0.62593013793278529,-0.026294719520613154,-0.03260094279090707,-0.0013905347038827066,0.99946748068277913,-14.27324810365257,8.5086316695624618,-3.9678342677107379,,0.07171716097517614,0.25,0,1
-0.60574259214922899,0.77752352930668034,0.16891735680745332,-0.79506092152980656,-0.58324702432602538,-0.16643629313046976,-0.030887588324559387,-0.23511714099427258,0.97147613810024758,-30.039794637217543,-1.5445357060284,-6.3097042778126822,,0.3893569950360717,0.25,0,1
0.41694384859843187,-0.89856798175436259,-0.13687004523203586,0.90868328444211,0.41560088384669247,0.039630719414971108,0.021272416210386846,-0.1408953069187891,0.9897959369470215,-6.1451548814339905,-9.8785724122562311,-2.5269447516807273,,0.1597885732847678,0.723404255319149,1,5
-0.091132410940886116,0.98958746022854327,0.11140710136488206,-0.99568957761702503,-0.092483282364296274,0.007007674932445267,0.017238001651421874,-0.11028826338985255,0.99375014478364654,-3.8421689621834956,11.982554850224778,-2.8393438544818026,,0.2602207313510226,0.5,0,5
-0.96092564321541307,0.27216696497218568,0.05046832064645293,-0.27671025123373177,-0.93967949607781631,-0.20108177817272804,-0.0073037711635291266,-0.20718973871495222,0.97827351343988656,-8.6029564967869163,23.479024767607743,-3.6156024390909542,,0.3385580149194306,0.2105263157894737,0,2
-0.89017509568126174,0.45267172104200765,-0.0517359835871017,-0.45204958921680161,-0.89167458396671528,-0.023824466346765018,-0.056916323825235197,0.0021792835184899729,0.99837657364622112,0.24138705711994304,-11.747878664881398,-1.8449663106614249,0.2265842173779722,0.1404391807439329,0.3863636363636364,1,5
0.34100503906167606,0.93943971229116796,0.034184650134708297,-0.93384495889386487,0.33435087625507032,0.12705543788434592,0.10793125628408547,-0.075249707758597545,0.99130637312547554,11.714614234889753,-8.7775378228064014,-0.91284405042120043,,0.1953454220991445,0.1666666666666667,0,2
-0.93339092099601262,-0.30886541087072106,-0.18271164869782192,0.35114866266993466,-0.89107657454313138,-0.28753635423298451,-0.074000035860343261,-0.33254277359182,0.94018046056303872,-23.355214912042843,2.3123312353223127,-5.3035363778705937,,0.3390057320146281,0.1333333333333333,0,1
0.6949871594137238,-0.71334820615115435,-0.090150901442935569,0.71797448566516586,0.69526410716818032,0.033473261231534143,0.038800595148585339,-0.087989533835360123,0.99536543829467572,2.7376487653722763,-3.7497780500364541,-1.8578926325273277,,0.1119670954904828,0.4632352941176471,0,5
0.0043907798213129595,-0.95547617531993467,-0.29503559013880087,0.99978714811617364,-0.0017532215266735862,0.020556864449803779,-0.020158856968835025,-0.29506305192325955,0.95526510240636442,-4.6198040143819066,15.826304825412841,-3.0760900056110714,0.5465417675305556,0.3977464176155501,0.3636363636363636,1,4
0.79926608092043827,0.59840988569330067,-0.055491806553882764,-0.59682208757034894,0.80118825772709268,0.043597837886714334,0.070548760997297996,-0.0017275371937804974,0.99750683603521706,2.1069412228195996,19.076730760215206,-2.3866263358118123,,0.3789613514147311,0.6739130434782609,1,5
0.26520355889596542,-0.9548120659980851,-0.1341677717389016,0.96410649845615959,0.26445795862140548,0.023678001528885745,0.012873693468351419,-0.13563151088986236,0.99067570943786387,9.6913201001297793,-14.569480505789981,-0.91589089632904019,,0.133660394407409,0.2727272727272727,1,3
0.80750254722952497,-0.54542484753452669,-0.22461382840281044,0.58768245354856852,0.77662518631791444,0.22689789282362149,0.050685007733683576,-0.31522223219278672,0.94766342881976462,-11.068180617712228,14.84766737174181,-3.8067702981398637,,0.3456912286567344,0.4347826086956522,0,5
-0.58610140086550577,-0.80305022385169311,-0.10768233780540212,0.80888396846678412,-0.5876110217613405,-0.020494210451237383,-0.046817448252952289,-0.099114202192917222,0.99397409496562972,-4.3479870667069411,-14.346407254473172,-2.2987643565306577,0.1480530787733894,0.1527000646735649,0.6326530612244898,1,4
0.97831067262948546,-0.18308107784805849,-0.096899673648767781,0.19501732714024261,0.97175438492344568,0.13289716888305966,0.069831725843774908,-0.1489118340362848,0.98638166839699049,-18.251424832444073,2.4882511963367029,-4.532902615325086,0.2279414618453689,0.2786017670069812,0.5172413793103449,1,4
-0.39303574828733262,0.91358981535429684,0.10429069876608442,-0.91942727360705157,-0.38882072622691233,-0.058923097371744823,-0.013281156415014476,-0.1190465964959864,0.99279983820858919,8.6091116816069455,-9.7347885522254423,-1.1554171643920588,,0.759203754350025,0.2941176470588235,0,1
0.84163975715290673,0.53623838527380574,0.063960248111922996,-0.53803828036382773,0.8224329828741761,0.18471274331734971,0.046447045575929304,-0.18987465033444412,0.98070907465855583,-9.4360576023780656,13.940896484924231,-3.5586632079615721,,0.2014944553511892,0.28,0,4
-0.95709900676630899,-0.27002540407152709,-0.10510838407546044,0.28128467693416848,-0.95291573843109678,-0.11327191166551083,-0.069573139709132828,-0.13797781200731982,0.98798871533266353,12.732972171640979,-3.0495599118535575,-0.94565806694154741,,0.378213623303333,0.5344827586206896,1,4
0.72384986714727939,0.6875475247202224,-0.0576174546640323,-0.68680877234615845,0.72599869412276985,0.034922863004006842,0.065841324859313655,0.014293263557661475,0.99772772967260048,6.7529122745729007,-11.844927031198015,-1.2276243337904202,,0.1142036895537636,0.3888888888888889,1,5
0.57947989048350701,0.81489834704357478,-0.011989183077802033,-0.81402467933633227,0.57944785491589279,0.04005002952249638,0.039583809273554975,-0.013448695811144988,0.99912574515141706,-22.640936222311375,0.74841071311674823,-5.1419036970043956,0.4441311530109382,0.2884163616840806,0.5396825396825397,1,5
-0.92578982114729613,-0.36302534614471932,-0.10547893209813444,0.37086832903505612,-0.92624604017751644,-0.067267790020297299,-0.073279530421541519,-0.10139463058750221,0.99214375939639943,4.6541844243104729,16.030265171642689,-2.05539905036968,,0.1422678095022042,0.1935483870967742,1,5
0.84350766256699283,-0.52841584141919828,-0.096288741439532588,0.5346013787737629,0.84328655969467525,0.05539985606038246,0.051924839951224107,-0.098206297026005501,0.9938105122308174,-6.3166170531167944,11.082153043371438,-3.0879185765587827,0.6506372524975036,0.4623087780941013,0.9642857142857143,1,5
-0.13320869550949388,-0.98556734221974562,-0.10446270813341201,0.9906937674574926,-0.13538665650478632,0.014011151320835446,-0.027951789952332461,-0.10162414668946776,0.99443010324914172,-10.202811390544669,-11.458816341943223,-2.9633791154442259,,0.09108955265407702,0.5,1,3
-0.71942449168786726,-0.68760632131190724,-0.098111913912422757,0.69189903396069297,-0.72184894003408695,-0.014485667948834203,-0.060861544212354304,-0.078304882756889307,0.99506995622042371,1.6943647085866747,4.7451357289227394,-2.1305383117136252,0.3832672679270063,0.3225418886879113,0.8620689655172413,1,5
0.71352319960549937,-0.69105060727373224,-0.11547164938346303,0.69963445954286951,0.71155413144222079,0.064825466042790048,0.037366651507577897,-0.12704241895569202,0.99119319869589417,2.4709451257440684,-23.532002239169852,-1.4656148454724409,,0.1425771154785029,0.3529411764705883,1,4
-0.028765646614093462,-0.97878320366598914,-0.20286936140338283,0.99936745199310317,-0.032406361601028819,0.01464662502409457,-0.020910128447385552,-0.20231971715363439,0.97909626624718948,-15.524751071227403,15.494327788596483,-4.3654881080970922,,0.1277402846628793,0.25,0,2
0.35052149205899441,-0.90218366965050567,-0.25139472910282695,0.93650553598328146,0.33488981059000095,0.10395285390820297,-0.0095950339969750834,-0.27187026497750877,0.96228607718477133,12.319191757937848,-10.302146806464513,-0.79773315454706517,,0.5875476522933416,0.3043478260869565,0,2
-0.85509234725442429,-0.49871387410348456,-0.14177993314856846,0.51359037091776261,-0.85220090103696577,-0.099892718314894643,-0.071007102232621577,-0.15823430743197717,0.98484511238267713,-2.3387449555765443,8.2369050561282258,-2.6572818266651783,,0.4649606518458185,0.1129032258064516,0,1
-0.2183496866251641,0.97361596830246733,0.06629751591983811,-0.97587050575513545,-0.21787393101123009,-0.014412015227928659,0.00041273224840506227,-0.067844649399656926,0.99769581195869927,-13.324751908402169,13.12204083315865,-4.0204831812803254,,0.1852084055697305,0.2068965517241379,0,1
-0.99371946320733628,-0.078641207633031313,-0.079606462708391099,0.0810192128804475,-0.99634428946235487,-0.027091400849516313,-0.07718494404452686,-0.033370905258546642,0.99645816123662156,-20.094651579358512,-0.030733739240920592,-4.7020601955867898,0.4013119185378238,0.4294187771018668,0.852589641434263,1,5
0.85190073572360003,-0.50388726574188514,-0.14269814258341215,0.5224169328637035,0.83673916123262304,0.16415883868073525,0.036683575764498634,-0.21439496142142367,0.97605794694077275,-1.0122741962461028,14.123627492465459,-2.5854511483436173,,0.2923915860812717,0.360655737704918,1,5
-0.61548760062984431,-0.78201742207881952,-0.098100790191084364,0.78624325957415009,-0.61787145686113842,-0.0075099647476269699,-0.054740754882752124,-0.081753375229969602,0.99514814746015279,1.1483886037247564,10.430041766260302,-2.3003472666741263,,0.2333932064644528,0.7448275862068966,1,5
-0.99036478756087543,-0.10438846844796447,-0.090997995662478473,0.11834994054657129,-0.97921028720223635,-0.16474375560225515,-0.071908825133798274,-0.17392602189551984,0.98212975709703132,-10.235403092757661,9.3320513415203781,-3.4962918120396567,,0.2559978780647001,0.1428571428571428,0,4
0.33507398193928462,0.939372891407254,0.07282854877400316,-0.94188665801448057,0.33199612563131492,0.051264958988659938,0.023978116724731473,-0.085773792355074818,0.9960260571206776,1.6420313931248676,8.0821619314217177,-2.2295405900320446,,0.2168506980870736,0.2352941176470588,0,5
0.17249834322326293,-0.97250006412186996,-0.15648625137113251,0.98500977881727458,0.17026900791214558,0.027644178030081627,-0.00023920613399739136,-0.15890906276098157,0.98729319482758149,1.8497545068917516,13.626612929307706,-2.2901059606883307,,0.1553116549542923,0.2777777777777778,0,5
0.98806747750891444,0.13632401098568356,-0.071682800712211781,-0.13455764719674107,0.9904830373182536,0.028941188048960755,0.074945977010435844,-0.018950377663339679,0.99700751437307034,-12.540373178226858,-11.552976444802074,-3.2714089346301551,0.3542025881524705,0.225723370866566,0.8433734939759037,1,2
-0.8357563028710413,-0.53742780722349193,-0.11261773498999525,0.54673319893955863,-0.83348743331183806,-0.079884339444978233,-0.050933401502792221,-0.1283356947002379,0.99042199999654756,-0.89969243864441373,16.09538912097992,-2.6712177713440926,,0.1594974340707317,0.55,1,5
-0.11618874264684814,-0.96349581999802569,-0.24119697537174098,0.99284706968555148,-0.11938516718421538,-0.001370428112149511,-0.027474939471418519,-0.23963093853408962,0.97047521400513503,2.5607446590982308,11.223711296411926,-2.1850927075233457,,0.4154355361039789,0.21875,1,5
-0.068071274494944836,-0.98945132509889833,-0.12787641240146208,0.99741345807947379,-0.070456888877354545,0.014220423751452421,-0.023080191302946994,-0.12657765233151957,0.99168815799103949,-7.8342651983430018,-3.223860101470728,-2.9264226403195788,0.5663142018402325,0.4094008297267173,0.7735739231664727,1,5
-0.92753407291669687,-0.36210853144753408,-0.092509215927249491,0.36690389293983172,-0.92935740956973079,-0.040943114481403843,-0.071148274217726015,-0.07191812518935041,0.99486969314834817,-0.38655469009890819,-15.163447279831097,-1.9378363475627536,0.1918897914456672,0.1385871065723695,0.5,1,5
0.45233285349980323,0.89179948363317207,0.0094165087125377793,-0.89062623230209026,0.45113465853317058,0.057117722342047067,0.046689441848335116,-0.03422281200847492,0.99832304148412987,20.784962095881987,0.026308721528011,-0.3246790731820075,,0.2866239178699738,0.6885245901639344,1,5
-0.85491335543044222,-0.51220516633137336,-0.082274068150984259,0.51404448945706638,-0.85776242122728452,-0.0013753505483487254,-0.069867142245025979,-0.043468336910410493,0.99660879291764048,2.9475803342376374,-12.02419403038917,-1.5967017566202024,,0.3786266212307021,0.9392265193370166,1,5
-0.1822947070550659,-0.96687111403437798,-0.17868656531935403,0.98297166043864581,-0.18348604044572209,-0.0099793655129889712,-0.023137730100394251,-0.17746301532282979,0.98385543838428291,-11.360766516844066,13.531361787509871,-3.7822645512456212,,0.2056220379436613,0.25,0,4
0.077128087806947951,-0.97740878163476397,-0.19678244752642962,0.99692899740509711,0.07291987264441778,0.028552868619320111,-0.013558473517103063,-0.19838035627745554,0.9800313270702713,18.266955938987941,-4.690260086825826,-0.40014516111720344,,0.4626568393120814,0.4,0,3
0.76806359082301923,0.64035121393864591,-0.0053519397746256579,-0.63600699367402869,0.763773998991368,0.11020155381144726,0.074655371205112106,-0.081237930008312226,0.99389485071520034,6.1420188673693117,16.253681353316537,-1.9110914865639552,,0.161835945891165,0.4705882352941176,0,4
-0.53446293400821532,-0.83912364850475507,-0.10109834168471095,0.84357319019958976,-0.53700889691069054,-0.0023911117185719389,-0.052284270558336121,-0.086561811203509142,0.99487356377247782,2.7633097465099299,-6.0412053209337566,-1.8173636991991811,0.2800627953317077,0.221026805628119,0.7959183673469388,1,5
-0.98780569248564798,-0.13207805371815259,-0.082433619470305128,0.14068384063302572,-0.98401409094552383,-0.10919856137054637,-0.066693109671777495,-0.1194640387174329,0.99059596838248254,-6.4784005165957375,-17.480119797288769,-2.520360336736001,,0.1436327880738998,0.3333333333333333,0,5
0.79532190390838053,-0.60084771677723248,-0.080281320412258675,0.60440973417434563,0.79613946382684564,0.0291689453494694,0.046389033174298253,-0.07172151267987821,0.99634536292395315,4.761183229959963,-4.0250344447740121,-1.6726140662719029,0.3196607230826897,0.2583321997398941,0.9131944444444444,1,5
0.86954366330780486,-0.48809798888615058,-0.075194220832045425,0.49363595127786158,0.86356769894852325,0.10283178953394606,0.01474331059307365,-0.12653530170686894,0.99185253551861607,5.0068449692018433,5.9346442596752071,-1.8342399508317584,0.111448608881021,0.1836584399553939,0.5463917525773195,1,4
-0.42862150089277484,-0.89920200819662222,-0.087859873819553971,0.902281635520088,-0.43103785983408999,0.0097063686744151469,-0.04659891818080459,-0.07511399233704924,0.99608555304229229,10.10990058201112,9.445491428408971,-1.3509775967509738,,0.07605208898802843,0.5,0,4
0.7070463310738716,-0.69450951081634804,-0.13319919331817756,0.70604794098080559,0.70388503111448253,0.077731383685924998,0.039771733074399795,-0.14900470582703224,0.9880363388507819,-16.884120275484122,9.2353876002098474,-4.3167234301955411,,0.1870884425493382,0.5454545454545454,0,1
0.27764400622952029,0.95919622430718554,-0.053445384081895399,-0.95999632032906723,0.27912022248638962,0.022337554785594783,0.03634378570640661,0.045105483857149367,0.99832090259922857,11.46881697598376,14.875561140946379,-1.3773786645247308,,0.08375447263950311,0.2777777777777778,0,1
0.51743479534964254,0.85567202109121865,0.0093072489567294775,-0.85532347527469432,0.51683066878885875,0.036163689569521713,0.026133985641177186,-0.026673059834410075,0.9993025381102445,-13.607423186623734,20.811426429889284,-4.2451677820472185,0.2534300872179869,0.2353068284224841,0.1666666666666667,1,5
0.91326819740530707,-0.37934952421683499,-0.14844237294156015,0.39816241175511835,0.90826641468902414,0.12852553759192351,0.086069120324352752,-0.17648245925418835,0.98053355276715803,4.6496734454518345,9.8091686670038136,-1.9002572647657257,,0.385128775552238,0.4666666666666667,0,4
0.35264629012756032,-0.8844286896344723,-0.30565746680020556,0.93572091070221786,0.33614686222633944,0.10691896132117187,0.0081836015225777194,-0.32371465825142465,0.94611936281807629,-30.698464092217531,-3.975778764959057,-6.4801290635669044,,0.3111545221363594,0.25,0,2
-0.86767068921657609,-0.45187622204335393,-0.20725697823295935,0.49085249247812301,-0.84478983335543567,-0.21305860247197275,-0.078812471744301046,-0.28659730879950912,0.95480394683224501,-3.1470389955584137,-8.7374352918802902,-2.2719320037459134,,0.2173005920358869,0.3611111111111111,0,3
-0.67361482780356929,0.73899961751717846,0.011073801182581522,-0.73755599679228023,-0.67118548971820524,-0.074304710398997748,-0.047478577894811046,-0.058220303169913314,0.99717409760777942,1.8290712083250731,16.921870061054637,-2.3730038037884054,,0.3014741130113722,0.2692307692307692,0,5
-0.16792151106177516,-0.98180848982514135,-0.088625365612812687,0.98538070592349802,-0.16979330765954437,0.013967715193961608,-0.028761615330827051,-0.084984245488830934,0.99596709157594887,-14.861731124392824,19.687705519225904,-4.380706380673943,,0.09054707880986083,0.1875,0,1
0.95306779533020536,-0.28758451441633442,-0.094641030068056728,0.29821210021137851,0.94567611837415766,0.12948444858092115,0.052262039684080788,-0.15163055828132929,0.98705463526764903,2.9290064969161964,14.986149727242458,-2.1977068882415849,,0.3485434946484887,0.2972972972972973,0,5
-0.81147237099315428,0.5843759302800331,-0.0041669202169866849,-0.58229351145024655,-0.80914313529575688,-0.078877456390875469,-0.0494657218454405,-0.061580505950330641,0.99687561092104704,-27.788222506782489,-0.30591918416729891,-5.992203860091486,,0.1451505143356278,0.3,0,1
-0.70138658021880829,-0.6845625956082082,-0.19857219791078615,0.71069313058802541,-0.69295386925416114,-0.12136807331700263,-0.054517329574727595,-0.22624983487251935,0.97254247876182776,-0.87138044054621022,3.6413068543719538,-2.3436667827829671,,0.2460559252384178,0.1647058823529412,1,4
-0.69744356983714417,-0.70735692937555128,-0.11497235040309575,0.71423118212321723,-0.69923797686050759,-0.030660564229917926,-0.058705071124161394,-0.1035008511096228,0.99289540659824338,-23.794530892450435,3.2252952526395187,-5.3960848970183486,,0.1117705549910407,0.6666666666666666,0,3
-0.59114045869210163,0.80229018194939872,0.082966391056214908,-0.80564906357418287,-0.58242389145179618,-0.10822198033758811,-0.038503823957295673,-0.13081618635989831,0.99065866014834691,16.909323799923641,-5.6141233271368218,-0.50335229921253843,,0.4503104067818451,0.1666666666666667,0,2
0.4841537033353851,-0.86993742502144433,-0.093829995703355928,0.87482061736870931,0.48333821825344253,0.032757506043943903,0.016854642483995257,-0.097944082632119817,0.99504918356033534,-29.57745319018677,-0.31829049733143716,-6.2755043612094452,0.3255961432419598,0.365206234504269,0.8493150684931506,1,4
0.59353581492689378,-0.78628103133595495,-0.17168976719750861,0.80408277731699851,0.58840223689070337,0.085051130763788216,0.034148552257017621,-0.18853367705342045,0.98147283660601925,-0.6794860756951776,-19.411550805951435,-1.7282237789294381,,0.2521287511801316,0.125,0,3
-0.9117537105552177,-0.40084572704334137,-0.089598406235202113,0.40388128718500182,-0.91463424407810778,-0.018002928135600629,-0.074733373740113407,-0.052601356168490904,0.99581525403995341,14.376684754496068,10.019200906016776,-0.98350452431272484,,0.09000964265169496,0.1904761904761905,0,4
-0.38819286788417268,0.9209545963657938,0.03389585161312627,-0.92136576564356498,-0.38705120749087046,-0.035727981749700134,-0.019784418715467631,-0.045099824972798172,0.99878655505744252,-4.1350686205238665,-25.418051536109189,-2.1048852132074112,0.3685787574699994,0.3336285626247388,0.2,1,5
-0.055894464711071491,-0.98822139915182461,-0.14245797651613681,0.99811045023699096,-0.058951626977379185,0.017327284969959958,-0.025521323288047744,-0.14122029576207995,0.98964917527500429,-4.932207169065415,-11.552973665020101,-2.3763537208398446,0.1941677438361641,0.2308660946845731,0.4673913043478261,1,5
0.216991054158714,-0.90738556998432185,-0.35995320501326084,0.97617211126223402,0.20105770480941343,0.081632153779039082,-0.0017004731470827237,-0.3690897271951622,0.92939221089380653,-15.811290767424065,3.2678753741603321,-4.2142731616899489,0.7934414545414014,0.5617705821184329,0.4583333333333333,1,2
-0.85827032576316642,-0.50104913816253871,-0.11100364435894322,0.50758010889361371,-0.86069658308342301,-0.039545226312027955,-0.075726355847465676,-0.090283736160502656,0.99303291285584527,15.471457686863005,8.0169135889186371,-0.86320264207166075,,0.08030654263823071,0.4347826086956522,0,5
0.79049926146212035,-0.59954444213394242,-0.12512945110621229,0.61239608665698042,0.77676068176388913,0.14701658516274468,0.0090526612141676767,-0.19284528817681298,0.98118741540693588,-7.1451265967256559,14.59624947282626,-3.3314158489922603,0.3672945764116931,0.2000669637700829,0.3793103448275862,1,5
-0.64454936334108159,-0.75584856117049248,-0.11510460804461689,0.76188760526591093,-0.6475564020850948,-0.014070645357799914,-0.063901448800353769,-0.096765999685352447,0.99325371690525877,8.1041710476407101,-8.5205521195391505,-1.2264047752928489,,0.07597516121336378,0.1363636363636364,0,5
-0.98766041738288735,0.14197998295699496,-0.06609526741448396,-0.14023109468598455,-0.98965166093688373,-0.030411019187756426,-0.069729047162794031,-0.020767148200922524,0.99734978093814686,15.48825292820567,0.01639072322956044,-0.75055737343086626,,0.3741031281203394,0.2,0,1
-0.83008566781008541,-0.54493078627294622,-0.11835633598684583,0.55291862726199492,-0.83186001942618659,-0.04785289653692857,-0.072379387417923463,-0.10516342640010962,0.99181746204873433,0.0094262919141666849,12.406837068273768,-2.461624711779943,0.6986266648766086,0.4830661324505964,0.6666666666666666,1,9
0.1740779081369592,-0.97343029348028465,-0.14876271587177936,0.98470500503479985,0.17095918300785132,0.033600756013878005,-0.0072756414202801972,-0.15233654020022708,0.98830189899734,-3.7403792218550915,-11.473354175864729,-2.2455002188946311,0.5476563959970964,0.4788334778752972,0.9397089397089398,1,5
-0.0595817185955426,-0.96475856106226565,-0.25630243398428559,0.99819360379498823,-0.05559768812450383,-0.022768979291692557,0.0077167449081003,-0.25719606515706633,0.96632843066720653,5.3079471588557565,12.162249737324371,-1.9434917353926038,,0.5827493880079135,0.7896995708154506,1,5
0.57359631510574804,-0.81311475203252104,-0.099154764505796147,0.81873041716871986,0.57291377031114099,0.038083011837406304,0.025841271250504779,-0.10302529696616147,0.99434300766143691,-11.538144748613645,-14.090316410402755,-3.1556486322587345,,0.08253994562922098,0.2903225806451613,0,2
-0.055829255147417135,-0.98008592578367271,-0.190564089876464,0.99829785292605855,-0.058019389661746586,0.0059285130091474084,-0.016866864347169445,-0.18990873730304997,0.98165685470181174,3.6141695310543582,13.297051659572913,-2.1377301502748605,,0.1353945797684502,0.3666666666666666,1,5
0.60016591503686445,-0.75467562575067959,-0.26507654427689892,0.79931479911103231,0.57826107573399566,0.16343188248641102,0.029945389462365885,-0.30996585003639032,0.95027598383899214,-0.65304148090702852,-3.5344149648718513,-2.1863621515248863,,0.1133257245433965,0.3556231003039514,0,5
-0.93942397778177877,0.3374530965465215,-0.06006660969146798,-0.33689701861671989,-0.94134031881949665,-0.019462862378829979,-0.063110924694767631,0.0019523821285299429,0.99800460890128084,0.51041424682120184,-15.761815241244443,-1.8250587287115589,,0.09430845874213209,0.5641025641025641,1,5
0.81465398285696977,-0.56522876039182035,-0.1298281042039888,0.57817889191297434,0.80902649689651185,0.10576056101233569,0.045255465543522382,-0.16122213168571123,0.98587999629425183,-7.914729446296449,22.735613160833612,-3.5335063455083358,,0.1247164563831231,0.44,0,2
-0.52674522447353311,0.8439514956173142,0.10141667288777316,-0.84889387858423038,-0.51613967795279314,-0.11392548329943131,-0.043802413136141402,-0.14610169707462453,0.98829936897448489,-3.5041873475204817,-17.572644520204282,-2.1324049234695943,,0.295421714422298,0.2941176470588235,0,4
0.52652766641383975,0.84841558561200536,-0.054402303181338395,-0.84852825450049607,0.5284016164451194,0.028134197207781705,0.052615756339120426,0.03134845815702781,0.99812266598652033,-5.1368718447523758,3.2126304474244676,-2.7953263053949136,0.2878743762052012,0.2280488052509539,0.8736532810969637,1,5
0.77236207971358228,-0.62790517316335437,-0.095874456114271742,0.63350148205760115,0.77246653384659425,0.044399620694901179,0.046181057278199739,-0.095029193418265684,0.99440271638151734,-25.494856335041032,-1.8492788262265583,-5.5193447022421349,0.2830877844199307,0.2365328672168993,0.897196261682243,1,5
-0.2463025299639158,0.96873038416015667,-0.0299417190269597,-0.96919195270851155,-0.24623003259490861,0.0061424631356351523,-0.0014221597788824389,0.030532177341705716,0.99953277265347196,2.6707650251230257,7.1292641871760933,-2.1170410436730016,,0.07393446209783318,0.2058823529411765,0,5
0.863357496237809,-0.49405894446608034,-0.10256506755735394,0.50110661767594666,0.86334584899063227,0.059380996556287133,0.059211412847142111,-0.10266306260631257,0.99295231716580323,6.4892757059493587,-1.1107216092769741,-1.5266156843792129,,0.08872928479798123,0.2448979591836735,0,5
0.9844343073229439,-0.14544248056262127,-0.098669039791547689,0.16158378646751234,0.96982154067457382,0.18258384154797613,0.069135913362129403,-0.1956851146392761,0.97822674334338056,-16.068088323367711,5.7084058829031763,-4.2123319461263558,,0.7810564277958839,0.2826086956521739,0,1
-0.98615995804232226,-0.14135669745546001,-0.086641913866505979,0.14812115056453726,-0.98593948194979419,-0.077352845377592266,-0.074489340911322283,-0.089115778721041011,0.99323195481898352,0.12671204903751274,-13.130631678327322,-1.8558341864308423,,0.06148856066164173,0.3142857142857143,0,4
-0.94294754847301843,0.33168594951430241,0.02888514710920739,-0.33261921922966209,-0.93466804465791353,-0.12553924204966146,-0.014641578732328782,-0.12798467560668758,0.99166806290314513,4.0984611939020335,-5.25981159872304,-1.712153117697695,,0.2162877725407082,0.2790697674418605,1,5
0.74959132922311877,-0.65407472279196366,-0.10148446264396768,0.66025633149455942,0.74968935108633361,0.045027253848082149,0.04663063236613367,-0.10075779807225339,0.99381761417916425,19.384098013025778,7.4548572311238637,-0.52843514261552382,,0.1048500171487216,0.35,1,5
-0.37585409437387191,-0.91620071188988794,-0.13896026509351525,0.9256836283956168,-0.37815308454618934,-0.010491175745796956,-0.042936230187607845,-0.13257639375343552,0.9902423844476721,-5.4274132016917118,5.42310759940076,-2.9915573919291503,,0.1511358997828967,0.1875,0,1
-0.68734226623819517,0.70925924251577865,0.15656288177114416,-0.72533840578282938,-0.65898441460706669,-0.19905712346310217,-0.038010605611656818,-0.25038144542063206,0.96740080920480365,-14.163556265267969,7.4715024893728703,-3.9447196231237789,,0.6391157057084678,0.2,0,1
-0.18317423884113992,0.9799026141353413,0.078981422092120959,-0.98301736704140885,-0.18348063507051424,-0.0034223747744992969,0.011137967496151995,-0.078267000484530974,0.9968702133754469,0.35044909884571185,7.7347226783329255,-2.3681120766735213,,0.3836315030116726,0.6068965517241379,0,2
0.94787329149777244,0.31772608035529182,-0.024214894739449926,-0.31248862960701151,0.94173345975868961,0.12445459869872989,0.062346448427412916,-0.11040031083739067,0.99192978165568568,-7.8779338865839907,11.509524446816995,-3.2385857598330046,,0.1461941794326703,0.1470588235294118,0,5
-0.86401834899473162,-0.49381279944904749,-0.098087775490701315,0.49852896554338688,-0.86636272985006957,-0.029740390733434954,-0.070293407334258665,-0.074595840547791961,0.99473327955704238,-10.60081465068747,-16.148911316020406,-3.0180454166013639,,0.1719057705147118,0.35,1,3
0.16622250962601284,0.98516998823986734,0.042546111045419353,-0.98603546756132043,0.16561232123082933,0.017510447386203973,0.010204607035964862,-0.044862605006795057,0.9989410456414558,-4.8495562447061662,-0.11517212179734221,-2.754045248144497,,0.4039787545550054,0.2878306878306878,0,2
0.99691750166318316,0.030106360691692757,-0.072450686149542171,-0.028169171635447819,0.99922170406885846,0.027613110782742086,0.073225628348348462,-0.025487117601427516,0.99698967606959743,-1.785356197833146,13.457948344382995,-2.6593016976525568,,0.07506756545052215,0.2352941176470588,0,1
-0.79472865227676548,-0.59714883272732033,-0.1087181715388643,0.60526722964757962,-0.79307643016708751,-0.068420440134304955,-0.045364633417445899,-0.12017923067579805,0.99171518217130905,12.695508829986027,10.321161649650371,-1.1112846783656156,,0.1515518508866966,0.4210526315789473,0,4
0.96939386699512731,-0.21024572889768611,-0.12677643358492691,0.23633452152686837,0.93897966589206605,0.24992635110346026,0.06649454539207636,-0.27223871973234182,0.95992945309100475,-13.747264113067997,1.2015013366775684,-3.7238509649916667,,0.5669195541637545,0.4385474860335196,1,4
-0.77258526870498845,-0.61014529102787229,-0.17559819593764189,0.62931707085830824,-0.77254038415860804,-0.084506681217463048,-0.084095344141995765,-0.17579555933124047,0.98082816762828329,5.1479373555505132,22.12896011005245,-2.0944790662446611,,0.3658420680400328,0.2222222222222222,0,3
-0.97963989397584272,0.19552061142876703,-0.045578159654810907,-0.1912821052792251,-0.97794770735314651,-0.0838417430798718,-0.060965845610028199,-0.073416429967990582,0.99543618252493093,-21.040132742573448,-1.3403993762524389,-4.7969683917698793,,0.2232014093043725,0.3157894736842105,0,5
-0.97214545731626922,0.22523489457667806,-0.064826322465301789,-0.21874398581334631,-0.97122908869901836,-0.094154797728877249,-0.08416815603203584,-0.077351790734978762,0.99344472517612148,22.519868629627076,1.0837533672360311,-0.182839810575148,,0.5722240553679412,0.8181818181818182,0,3
-0.98235258330541009,0.17620814225399944,-0.062722345911014596,-0.17425967719118973,-0.98406574351770792,-0.035329553353564781,-0.067948266927192691,-0.023776102252773133,0.99740549927462063,12.569658168355257,7.9912539059070706,-1.1151749167964156,,0.1014673231307925,0.3846153846153846,0,4
0.76148324867558403,-0.61644200867626753,-0.20035596303990516,0.64663871125770367,0.74380036047206799,0.16917269538728352,0.04473968137409437,-0.25838009540363388,0.96500678091387204,-19.962666272511353,1.0575628492093057,-4.7292816992149369,,0.2802373931256471,0.4444444444444444,0,1
0.85138392691038278,0.52248232765459646,0.046450256051939857,-0.51973760896871646,0.82831096241523094,0.20922181379157292,0.070839443971121296,-0.202270034437602,0.97676435558760688,12.292072060588508,-20.052018141071752,-0.63596091617342432,,0.1687086136337408,0.1818181818181818,0,1
-0.44183405335047088,-0.86550855062360332,-0.23596105207708085,0.89622210825273341,-0.43747301709757846,-0.073507088029442169,-0.039605580148755273,-0.24395144621209269,0.96897837432633593,-7.4155950561096731,6.9553992798983479,-3.2047757036290405,0.4039670516849135,0.2739442267283798,0.2105263157894737,1,4
-0.96002058129696244,-0.23180996540350066,-0.15692234839522065,0.26981136915512127,-0.91561278630322107,-0.29808564311736335,-0.07458088602907649,-0.32850778605336128,0.94155208349906883,-1.8803297446628038,-7.0032571197466993,-2.2315274236950491,,0.2797911511150481,0.1578947368421053,0,1
0.45044307162853425,0.8917973869457626,-0.042408252246016874,-0.8915242516321048,0.45183261337782959,0.032121616397334823,0.047807405008721354,0.023339025790966712,0.99858386823614442,7.84521947025973,10.504072947601307,-1.6225619776427809,,0.8510596161884569,0.8169014084507042,0,1
0.92331454343130648,0.38234160158161834,-0.036126909475347302,-0.37641861740902277,0.91962049512847166,0.11228165214113739,0.076152993087053006,-0.090072441066435888,0.99301947463492135,5.1235205579997105,-17.994256356033613,-1.1952598915810535,,0.1013920418533892,0.2222222222222222,0,4
-0.26327797836034844,0.94672042390616751,0.18548623956890975,-0.9647151836779162,-0.25775603147408338,-0.053725623495839619,-0.0030529480462711763,-0.19308616521558056,0.98117705451695547,-8.717698135764806,-0.40922532492309655,-3.103375897222338,,0.261958785265533,0.2695733708391936,0,1
0.027939131939836364,-0.97784876015390132,-0.20743964705891391,0.99947529437063021,0.023925228046749895,0.02183390495659597,-0.016387216029303663,-0.20794082265969172,0.97800412750786458,-10.027341875860076,5.0107392484244491,-3.4847407717673082,,0.1292109199421911,0.2272727272727273,0,3
-0.85236673906242144,0.52237243532389932,0.024453649091166148,-0.52020162515700286,-0.84218543285167513,-0.14182371408354547,-0.053490291867855262,-0.13360664469335654,0.9895898408783691,-1.7093761951951951,30.068782550237163,-2.8393767562534582,,0.2309785497072464,0.2,0,1
-0.99702464576712047,-0.0012795029314860377,-0.077072813658232445,0.02425524184977192,-0.95428046626732577,-0.297926962431105,-0.073167882132513434,-0.29890994391766934,0.95147217849571308,-21.323384161007532,2.9871813682897059,-4.9973272781560931,0.7674759232486495,0.3669728310209087,0.3157894736842105,1,1
-0.65037599353369979,-0.75136810020746936,-0.11161113307224997,0.7575435411838235,-0.65240206181841176,-0.022345759010579593,-0.056025442842751849,-0.099083438200861476,0.99350069050231149,-9.1868946403297578,16.905729798116937,-3.5898053379813275,,0.2036146251406502,0.3947368421052632,0,3
0.42135070480056269,0.89645812138526748,0.13720940261683043,-0.90573435589290718,0.40830495891261348,0.11372043388341183,0.045922327024351652,-0.17219145486860665,0.98399250136924432,-25.411854147958884,-0.59087783574904762,-5.5635266545686024,,0.5984255126679983,0.225,0,1
0.16713899451282693,-0.94397068024570563,-0.28457672313402826,0.9854620090484757,0.1510249155410463,0.077820971517725671,-0.030482539844704837,-0.29344646823957521,0.95548939556770396,-4.8630528571071689,7.4850783865397954,-2.9097795536368398,0.8303358589816737,0.7031565856381382,0.2091503267973856,1,3
0.16246616219331819,-0.95624823217394173,-0.24329830374744671,0.98670305251758073,0.15628044312422976,0.044648731777984889,-0.00467250411048212,-0.24731708707872332,0.96892333347083326,-12.770576505238255,16.226860124150775,-4.0349165627980819,,0.09214686264961194,0.4,0,1
