axis_00,axis_01,axis_02,axis_10,axis_11,axis_12,axis_20,axis_21,axis_22,location_x,location_y,location_z,dbh,dbh_approximation,score,reconstructed,number_clusters
-0.99334164292922666,-0.11163315249142439,-0.028467871144387452,0.11259618026106298,-0.99303041457696384,-0.034823783765172422,-0.024381973121248748,-0.037797288129330628,0.99898793005560649,-17.006939225727745,13.994530182608178,-2.9676782565243665,,0.09955753479282829,0.5833333333333334,0,3
0.85231019461280444,-0.51251938480948012,-0.10436097140979404,0.52302192446784879,0.83664535025739295,0.16270410080459588,0.0039241158279977898,-0.19325743992715111,0.98114023626990865,-0.95773513083480033,11.36052362305975,-2.1865623744455776,,0.2400803959391658,0.2307692307692308,0,3
-0.96520722961977101,0.26135961189128354,-0.008133705291166405,-0.26089812061507023,-0.96465557367695365,-0.037037748764079156,-0.01752639578607601,-0.033627034451827791,0.99928076535312382,-12.057635644492416,19.598132476258805,-3.0532887282086225,0.2855514577890266,0.2599159650903507,0.78125,1,5
-0.043462253373941981,0.99165900611009472,0.12134021646757767,-0.99840972660570404,-0.047477397821331632,0.030395962153533119,0.035903347347890378,-0.11982617534100957,0.99214547187011004,-30.527357002507255,-4.5266283170195099,-2.3615546428500602,,0.2140213648354774,0.2909090909090909,0,4
0.77824314616566703,-0.61198640519981784,-0.14074887316341328,0.62796279414050171,0.75823627006306549,0.17532965503903142,-0.00057846470925502699,-0.22483415801754086,0.9743968733360785,-24.874719109637066,3.7100881782990078,-2.7240980511016533,,0.3221753743487403,0.4166666666666667,0,2
0.92189549046909247,-0.37799080154590381,-0.085039159211727361,0.3873025141998177,0.90491665448761593,0.17641601663522916,0.010269719920830268,-0.1955730103506787,0.98063537080564345,5.4188562548714687,12.007604897379499,-1.9403158532756433,,0.09238717266161019,0.1764705882352941,0,5
0.21480137633976323,0.97445952913286638,0.065490417655528571,-0.97525932862441556,0.21042394015245169,0.067756972643199159,0.052245675932054349,-0.078424431734438235,0.99555009811336614,27.72692189446186,-2.0690904674748838,-0.24544515922664284,0.3263317104184359,0.1893182687159133,0.75,1,5
-0.87916363754173588,-0.47244501272543771,-0.062185274585262962,0.47481695583508154,-0.87955337850580795,-0.03057307329211818,-0.040251172354228877,-0.056405357102671944,0.99759625040104805,2.957280528521316,3.3419631720735112,-1.5524838997375343,,0.0763477386863631,0.4,0,5
-0.3115289852020468,0.95023334410821525,0.002506616025962363,-0.94995972964208197,-0.31150079472452663,0.023318810954485042,0.022939124598064096,0.004883301230429374,0.99972493713609445,-11.151993073868878,6.1951539167278264,-2.3167568832946341,0.2152545967357744,0.1722108154243744,0.7024793388429752,1,5
0.30570673509907653,0.95207689279512864,0.0096427340851763157,-0.95098100100533622,0.30482706038974583,0.052111409317309128,0.046674702376694459,-0.025100865716555402,0.99859472194595933,5.6274761275716694,15.068885471671722,-2.1179413715644966,0.2909468813759644,0.2859762738049759,0.8333333333333334,1,5
-0.94441944786233556,0.328736373211369,-0.0020744703507878022,-0.32843142993846125,-0.94378044610716194,-0.037566812139754095,-0.014307422129038188,-0.034797506715300519,0.99929196494238859,-19.35075975188375,7.4283360608037867,-2.7277404690733125,,0.07411251044162862,0.1578947368421053,0,1
-0.26594740272997042,0.94157065194891976,0.20668015475528942,-0.96388376922215857,-0.2628808331967068,-0.042681927883949936,0.01414420062316727,-0.21056679445319179,0.97747714380564421,-13.030833685949466,9.7769389976212171,-2.5995716597710499,0.5229936229332365,0.3691706091731894,0.5,1,3
0.92021539598493751,-0.37197882917218472,-0.1218005568130785,0.3905718905680387,0.89303065784000535,0.22349461393052825,0.025636366559895037,-0.25323505840530558,0.96706503499199536,7.8064759897371463,7.8147813971365983,-1.6195067456996644,,0.2046006630954537,0.4117647058823529,0,3
-0.99918449209489568,-0.019889590895877687,-0.035139079826599723,0.026675672569393329,-0.97846284877706724,-0.20469211527569103,-0.030311041718094213,-0.20546254582541529,0.97819547280331631,-16.020305227672889,13.504635713894013,-2.9176287742221643,,0.1024368005676866,0.2222222222222222,0,2
-0.70580822546780297,0.70745894403899745,0.036559422331557928,-0.70838963345454298,-0.70517092916644564,-0.030299964895506622,0.0043446606459393985,-0.047284280239396424,0.99887202421837462,-6.0010071296311187,5.9765894864186766,-2.0918648372138424,,0.06701741317032701,0.2153846153846154,0,5
0.23700185611313515,-0.9617109135524391,-0.13763080670061553,0.97118622374430752,0.230880901344131,0.059087462323189323,-0.02504873266657176,-0.14766898167406436,0.98871959262631404,-15.062644101957027,-10.492436652510985,-1.4068488083891848,,0.7707506253621799,0.7948717948717948,0,1
0.74999997405594188,0.65010148815422975,0.12193479411448832,-0.65639099830164827,0.7087917333841427,0.25838950449828196,0.081553027317520357,-0.2738290229065542,0.95831454645611536,-30.156563036633496,-7.578701412373543,-2.1635308566746758,,0.6145434860328368,0.2631578947368421,0,4
0.96271893976353295,0.26928157479366738,0.02568416822129195,-0.26640947175168889,0.92740684117124905,0.26256912291766132,0.046885353593240545,-0.25962277331814781,0.96457129295507693,30.404028758564952,3.956495783665344,-0.44863869664553829,,0.455899380100979,0.6129032258064516,0,5
-0.829834072717055,-0.54262361936400982,-0.13013462055167682,0.55530909800126826,-0.82596476510678685,-0.097025834080976578,-0.054838102035395166,-0.15278028181147504,0.98673753757256211,17.139840567203631,-6.6654879202249164,-0.4311935060493296,,0.3916220735837327,0.1818181818181818,0,5
0.64275640288245173,-0.73628433133377524,-0.2115409889028288,0.76602214523775047,0.61461905918075543,0.18829095861755371,-0.0086185589842978742,-0.28307030138136763,0.95906043861526047,-12.323205506181544,4.070161072053506,-2.2276888754957742,,0.1848443735309834,0.34,0,2
0.85107207196019152,-0.52285982738702674,-0.047894981304892691,0.5250226501517461,0.84839323458119753,0.06767670459242961,0.0052483480281433539,-0.082743703214579925,0.99655704022464953,-2.222507873880613,-2.6559364911352752,-1.3364835921048233,,0.1226130985489786,0.6188524590163934,0,5
0.85917248186125728,0.5116701370443939,-0.0040394639915211049,-0.50990758828413085,0.85681716218910919,0.076541505005212215,0.042625084429581288,-0.063702601478846904,0.99705821331665423,6.220337446498533,-5.4460890837032601,-0.90505130193444094,,0.2316092367813495,0.918552036199095,0,8
0.89781916596052569,0.43972456311000296,-0.02372875537533119,-0.438738979345769,0.89783117538595658,0.037513844213886767,0.037800175086607518,-0.023269918409566676,0.99901434307052528,-18.35163693340067,11.263428408492832,-2.8927580396021626,,0.07306758055271519,0.3636363636363636,0,1
0.67937868026178216,0.71476305608436497,0.16600717593736383,-0.73207822017407065,0.64478852255759689,0.21979363212967962,0.050060846502280591,-0.27085334562255448,0.96131804144754585,-23.862667517262583,-2.1276516973807214,-2.336457579806329,,0.4719981072405475,0.4216867469879518,0,4
-0.19767446690797769,0.96874600014935897,0.14985323595860273,-0.98017585655076134,-0.19742556514570492,-0.016686415489249252,0.013419961535999295,-0.15018100219906916,0.98856743382070578,13.957331125864469,12.531522953099358,-1.6170170547134217,0.6486718933591905,0.3111726137386752,0.1612903225806452,1,4
-0.9238620786154077,0.38245755379270979,0.014320588092489315,-0.38254279785858325,-0.9216180124788339,-0.065431237808029258,-0.011826559218359903,-0.065927677203586166,0.99775431538810933,-2.1645192704653611,-13.530916714576474,-0.7750315894166554,,0.1110520886197041,0.32,1,4
-0.92438778924589216,-0.37391818903953461,-0.075448015205747634,0.37989921578532027,-0.92027267943220803,-0.093673802828553004,-0.034406408397136365,-0.11525356131616417,0.99274005442771895,-13.066604314049366,12.117546111315955,-2.7232797793174921,0.4624403449934136,0.3467935895087396,0.2903225806451613,1,4
0.99939904521148493,-0.022298283065367564,-0.026539310516810098,0.02457891021312807,0.99573155888949283,0.08896369936234548,0.02444229128183182,-0.089562543531520739,0.99568123673847397,-1.9072324681399699,7.0739120852450883,-2.0049950177946454,,0.0775781860973864,0.2933333333333333,0,5
-0.79367707666397624,0.60832976876927214,0.003404468717697005,-0.60693136192252373,-0.79144727333454834,-0.072426068830082402,-0.041364476220497326,-0.059549189418778167,0.99736797329098714,-24.782962579842295,-6.8086482818784484,-2.0448137510708588,,0.1530870748347854,0.2857142857142857,0,2
0.94932896485170637,-0.30799041693702012,-0.062581303666094157,0.31397276216470488,0.93825792954259535,0.14523485211583101,0.013986461748884656,-0.15752447659142432,0.98741603094255304,-1.1659306730034524,9.6114859580013956,-2.1066965260474428,,0.1001397747400661,0.3417721518987342,0,5
0.99805087765077516,-0.053903417547644751,-0.031446258874527122,0.056230906643116654,0.99532337975726459,0.078545877337204292,0.027065305440962781,-0.080161033459295594,0.99641441075293935,11.339485202847763,-5.6900642586543846,-0.71150590986998019,0.2864443629055462,0.2895264964686007,0.8956521739130435,1,5
0.87276522869072248,-0.48264145062683134,-0.073062204492196206,0.48811905183992149,0.8642896618774889,0.12142146269334712,0.0045438771250354906,-0.14163548463758632,0.9899084516621468,-8.7127436330614447,-12.183652859571501,-1.0916385963635016,,0.192188797665499,0.7587939698492462,1,5
-0.54750459235614213,0.83669323790865446,0.01353318095897886,-0.83641102142769796,-0.54668202231766461,-0.039438175781153946,-0.025599308256498865,-0.032911884063395937,0.99913036351828899,-15.17642377755601,19.360036596327525,-3.1322803600458404,0.2638457675724843,0.2392631156850414,0.2941176470588235,1,5
-0.9985477912346451,0.046262774187165158,-0.027605512944328781,-0.046603602145276403,-0.99884337219131281,0.011833093279934251,-0.027026151918039028,0.013102425500425634,0.99954885501335522,-12.156470561923065,-5.1580249532783427,-1.6311821168823599,0.3152581391773916,0.2596029534430501,0.8720682302771855,1,5
0.99970432344950044,-0.01340122492794274,-0.020289722689239998,0.018260991702875817,0.96474961614558075,0.26253516779468017,0.016056209341032874,-0.26282805275956383,0.96470908196420135,17.727864580059499,6.0493913215612833,-1.0793650481220332,,0.3258147270054389,0.4375,0,4
-0.95747996534306656,-0.28500154732281996,-0.04479100345202125,0.28627189354689819,-0.95782290799749692,-0.024973583649369385,-0.035784339196274759,-0.036734111379166157,0.99868417737013815,-19.622505598925251,10.709193905272024,-2.9247796094631302,,0.560457595862253,0.7272727272727273,0,3
-0.29781899193404798,0.94964215482389702,0.097383909475916977,-0.95448818118438927,-0.29793397649892844,-0.013698818447343622,0.016004999928294877,-0.097031558932968553,0.9951526096776987,26.597245442081057,7.6555870968961619,-0.81006914484085857,,0.2132968780413658,0.25,0,5
0.3818457480841182,-0.90875369153990027,-0.16840591670925545,0.92336770602525708,0.36725334909090257,0.11187965432182248,-0.03982341195496647,-0.19822135529281454,0.97934794131919523,-2.7450068922143167,-8.1286743988395695,-1.0806634267536284,0.3837383172713851,0.429372124853569,0.5426621160409556,1,5
0.99445366566826188,-0.10144377810612969,-0.027768088204124811,0.10475199962058963,0.97897720630579443,0.1750161367108497,0.0094300272770394839,-0.1769542014682251,0.9841739100221556,-9.7491202452913885,12.19295777041633,-2.5833183630242398,0.5242188197649142,0.4043464914104594,0.3529411764705883,1,5
-0.88376554677342756,0.46792740620441725,-0.0015494705775755473,-0.4673306908485817,-0.88279639789822228,-0.04767122034215799,-0.023674537529838214,-0.041406066955575888,0.99886187928663028,0.093840336687335019,-13.293107925462616,-0.71257548338131194,,0.2885847574256603,0.84375,1,3
0.69605765247213836,-0.71363505342606726,-0.078922461673145622,0.71791916678630741,0.69327398912310123,0.062954316501689922,0.0097884828154717104,-0.10047978168226335,0.99489094833416536,-13.523157766343518,5.3626477119331319,-2.3662186422188429,,0.09906200099530196,0.4555555555555555,0,4
-0.63856127594839385,0.76565794460499614,0.077507475267959799,-0.76952973826894722,-0.63632303723375794,-0.054009019666462682,0.0079673570828739087,-0.094132375667778281,0.9955278082867679,-26.405860761268059,-2.2418368370980093,-2.4275990807534473,,0.1018643693113175,0.3846153846153846,0,1
0.9813712302561961,0.19179384928577284,0.011208380863735119,-0.19191493246180288,0.97594663130455617,0.10342548788123002,0.0088975908886594103,-0.10364985393831988,0.99457404986001108,22.815255352214589,-4.8907407706931822,-0.27842678924642977,0.7287830188964276,0.6689319926393191,0.4324324324324325,1,5
0.84614671596957836,-0.49731742913879606,-0.19160143456842155,0.53292536050345463,0.79299659852938065,0.29520663077427034,0.0051278832047220698,-0.35189738475244769,0.93602453782912531,-30.693706902342061,20.161295511927566,-3.7253586153239389,,0.3217115570881272,0.25,0,1
0.32489079493751394,0.94563531009568247,0.014826721320442049,-0.94527544559824783,0.32418996066149969,0.036813059575789286,0.030005054805909183,-0.025975559792602135,0.99921217315420885,13.949266547742301,-7.9084539622785588,-0.49645828974511402,0.5797377596727822,0.2634173804483139,0.1,1,7
-0.90192826185760888,-0.4277381183159838,-0.059711913401046549,0.42914206397942051,-0.90315126238206156,-0.012445327684377318,-0.048605548921862148,-0.036849686527704373,0.99813806721155307,-23.366182396419092,-3.5803147658791339,-2.2386262153660565,0.2239158962481097,0.2289330225033824,0.7672413793103449,1,5
0.98392510868857719,-0.17527299960838708,-0.034216313367320193,0.17700743777888731,0.9825673830191145,0.056830491797297204,0.023658982715357629,-0.061973489777869768,0.99779734370343331,8.6759284294909786,-1.8723770105069562,-1.012254778162085,0.2111009246106778,0.1732482988144238,0.8130841121495327,1,5
0.99952614747574109,0.0032359135211022052,-0.030610608879743012,0.00049855422605288779,0.99262652331016166,0.12121194934851214,0.030777133654522459,-0.12116977380876197,0.99215455144808307,-18.477477074380165,7.9241844866954212,-2.7272855303047137,,0.3287888273189567,0.2173913043478261,0,2
-0.14093288351097816,0.9811981131325147,0.13186426783049632,-0.98959293664210546,-0.14352495532166309,0.010315374349357226,0.029047238996740634,-0.12903817258899203,0.99121410801176513,0.058751651623958942,3.819973912539977,-1.699544331374667,,0.1130741584051137,0.3,0,5
-0.98319227354172767,0.18257251141866179,0.00048095959593380327,-0.18146721170893845,-0.97694369792456359,-0.1124751624140362,-0.020065002427948588,-0.11067198904765004,0.99365442006655658,-14.95561028602935,-8.9660282001248923,-1.4989535280078021,,0.139678653149814,0.5454545454545454,0,1
0.50739309560707679,0.86046185731142188,0.046450389045153792,-0.86068415239314033,0.50341394352307056,0.076139288713858402,0.042131180253695479,-0.078611663121505415,0.99601464350264535,-27.055507485064798,-10.755618469227558,-1.8605618581661327,,0.1542502100297899,0.2941176470588235,0,3
-0.75334586182733754,0.65760641133748521,0.0048805978589256654,-0.65762438491999498,-0.75332975605686103,-0.0049443905497461582,0.00042523666880655398,-0.0069344363249273164,0.99997586609209299,-1.4043119477436381,-8.5492255151888017,-0.99349728268548931,0.6851016743108708,0.6333038756471817,0.6795727636849133,1,5
0.066021221764857696,0.99345312107176775,0.093231403021950293,-0.99729198470062708,0.062663618678984442,0.038496339383650838,0.032402091422651699,-0.095520506315767903,0.99489996348608833,3.6733629163656483,20.85835338894233,-2.557970916579936,,0.3502892382066181,0.5,0,4
0.9832233439675272,0.18116291645913804,-0.021256847775100712,-0.17984215503052323,0.98226896619203663,0.052957316114067308,0.03047384372362261,-0.048245992124188751,0.99837050692248597,9.4600467694868069,7.8688112143882529,-1.546441963615613,0.1280393330349373,0.1153354951989125,0.4193548387096774,1,5
0.036437863922770056,-0.97239297261582791,-0.23048685185949619,0.99932360716140134,0.034310095469329858,0.013234255506530439,-0.0049608711606278812,-0.23081318020477332,0.97298543956273498,-9.9684409284087696,-13.390505819800804,-1.0748406003132025,,0.3337265772229984,0.3043478260869565,0,5
0.87533876925718412,-0.482337546306217,-0.033653089882141198,0.48345208357107011,0.87418953744582528,0.045461362837520419,0.0074914568749055582,-0.056063749817075084,0.99839908555163415,-6.9845637636673032,7.7525767308833071,-2.2213549233806567,,0.2911965547438192,0.1363636363636364,0,1
-0.64472563507316927,-0.73891919611836021,-0.19577353520661511,0.7630564820797392,-0.6373726846111607,-0.107242090932875,-0.045537464088285802,-0.21852799024234601,0.97476759119548606,9.3276217077576202,-3.7599605288027762,-0.90220696678123791,,0.09649387019788425,0.4166666666666667,0,5
-0.27655578765895028,0.95792603820204292,0.07677630915116504,-0.9609931921944771,-0.27591957643975074,-0.018986097365614445,0.0029968096712355112,-0.079032225527605207,0.99686755713080943,14.177230990128949,-2.5474798673346637,-0.7767281967569859,,0.251076860829666,0.2564102564102564,0,4
-0.87438221202244326,-0.46911301415575479,-0.12405130893482562,0.48131394089423807,-0.87093621917005937,-0.099030260216873875,-0.061584394123827498,-0.14629792236209779,0.98732177141646005,-7.8905041730758567,-9.2595501639438424,-1.2275196417643077,0.3529368004050552,0.286071594479108,0.3010752688172043,1,3
-0.07008261685123883,0.99207802118415223,0.10425750188173025,-0.99699356858099575,-0.07312317347547137,0.02562861114081592,0.033049221222495803,-0.10214793871739486,0.99422007000078894,-8.5936435207740995,8.9487962083747927,-2.3583846553519265,,0.1129205411380953,0.6923076923076923,0,4
0.9899072901039252,-0.13397864348813274,-0.046187445135922801,0.13981055499525427,0.97654297104661936,0.16375846363275678,0.023163888080869294,-0.16856318930455064,0.98541863464238189,4.484276874341111,9.8299268909985038,-1.8603114314717923,,0.1200722644580894,0.1625,0,5
0.96776131597611548,0.25096340062874933,-0.021340263471485467,-0.2458589769753261,0.9596703880582439,0.13633088323922324,0.054693680995382014,-0.12668905962629337,0.99043348258738828,-30.655050268676892,-5.3819110780915409,-2.3140866526361754,,0.2940287598932715,0.5510204081632653,0,5
0.67247718556356051,-0.7122423433400541,-0.20120954065347391,0.74009250793688863,0.64487729227374457,0.19077829437693006,-0.0061249156891871673,-0.27720772403227317,0.96079048868348427,-11.72123312235594,8.5703801586160839,-2.4702997049351594,,0.3739581662984066,0.45,0,1
-0.84103914031325733,-0.536282649160013,-0.071092085853884351,0.53967282230573377,-0.84084951972245736,-0.041537092424447565,-0.03750212428251929,-0.073300787120137004,0.99660452802597055,-18.769647578763308,0.79768727126584071,-2.2857345700542049,0.1118626023059965,0.1048250866539995,0.2549019607843137,1,5
-0.52995322432911063,0.82995731697018948,0.17412763143976784,-0.84792232718354899,-0.52182128554743112,-0.093435929990879824,0.013315670723383889,-0.19716337884422311,0.98028021246780028,-36.709487797439394,-0.34852737363997455,-2.7813757369992493,,0.4809459214462092,0.1428571428571428,0,2
0.054734758504894912,0.95576232846325282,0.28900255656639651,-0.99793545711645248,0.042622754845904415,0.048042941199764329,0.033599548228940734,-0.29103551717934417,0.9561220623429646,-3.8033114432219031,13.753289106354352,-2.4210241290035657,,0.6772659717958238,0.2156862745098039,0,1
0.93028747385765309,0.36678895738136663,-0.0055746503601287415,-0.36412683098889292,0.92516416689976866,0.10715836522943294,0.044461971813381372,-0.097658205122500105,0.99422633642180247,2.4186489818471988,-10.18630731457341,-0.79834364294745785,0.738294426275488,0.08224666659420983,0.3448275862068966,1,5
-0.078528986439788118,0.99554148712046808,0.052252710080021816,-0.99663216229204732,-0.079640493683639027,0.019537780091518232,0.023612102274423726,-0.050542449364801213,0.99844275220885281,-20.595941833203725,13.564238981608948,-3.0715998162747202,,0.1173653146972268,0.4117647058823529,0,2
-0.98514859316525871,-0.16341104387715993,-0.052716981357895709,0.17028364569186483,-0.96922093835094447,-0.17780397259904587,-0.022039269370812919,-0.18414017324063675,0.98265287218046093,-10.170684803359201,17.254418999217513,-2.8504731699747863,,0.6088772591483559,0.3157894736842105,0,4
0.63280750134219144,-0.74007455427657609,-0.22769347895225236,0.77426229949895631,0.60155760472887065,0.19658672327360235,-0.0085180877925033118,-0.30069602974630522,0.95368199095671735,-20.844728697179814,-7.4802568028763874,-1.8443265179770174,,0.4474973978638872,0.2352941176470588,0,2
-0.55527187262829147,0.82196620164943202,0.12666771812058619,-0.83158571425563443,-0.55089291201939261,-0.070584696165245681,0.011762113492775065,-0.14452876126501399,0.98943068976729454,-22.684164992669523,17.394515867267756,-3.298283119214481,,0.1673808438898806,0.25,0,2
-0.38290724817648403,0.9237732677900673,0.0049989009163749877,-0.923671279608961,-0.38293933517070949,0.01374164490001426,0.014608440007597775,0.0006444342280163708,0.99989308337695226,7.7931930723608573,14.185712223738031,-1.973879829822319,0.2223882704443051,0.1775346537214786,0.7884615384615384,1,5
0.81080123255293957,-0.57925159236011259,-0.084077072016745746,0.58485012995764252,0.79598248637675884,0.15608397377694699,-0.023488013521023515,-0.17572556481556098,0.98415895011481225,6.014509976869812,7.4502859251743132,-1.6719682462334375,,0.5441900899565693,0.196078431372549,0,2
-0.92942955379940195,0.36899942636461158,0.00035758472152499739,-0.36866140801638153,-0.92853580701589888,-0.043703790781955132,-0.01579464351052268,-0.04075142245273753,0.99904446888236897,8.3697576045633131,-7.4284275399101833,-0.71750048801339772,1.199116233683019,0.7198809272457286,0.1785714285714286,1,5
-0.98845245450299946,-0.14537658704919373,-0.042748018959071009,0.1483468930316133,-0.9859065755182973,-0.077339664323376731,-0.030902176539266111,-0.082788116826714414,0.99608793948999497,-14.367998599092584,7.5215274612314955,-2.5168242805333771,,0.07516609882788997,0.26,0,2
-0.69338558040029252,-0.69733242103449078,-0.18150463208173495,0.7196280605903258,-0.68300671388441792,-0.1250491231469297,-0.036768074520657314,-0.217323085204921,0.97540698445985063,-22.631725794896131,-6.6034978638770854,-1.9932877184018492,,0.3594842147644677,0.3658536585365854,1,4
-0.88517257407442129,-0.46297449584962813,-0.04608828809194751,0.46276386657624641,-0.88634106886939712,0.015783327496357257,-0.048157220620233018,-0.0073570257738994624,0.99881267326456025,9.7775694760456577,-7.2506655720800213,-0.68192490244954396,,0.09098906482110784,0.3214285714285715,1,5
-0.99682481799487765,0.076758975245299635,-0.021174086728154969,-0.075978433884435662,-0.9964777434112615,-0.035487807349416492,-0.023823513887510025,-0.033766353153580932,0.9991457719375888,-5.1703454021790023,14.830824748012571,-2.5426100912976817,,0.1138688887106638,0.3720930232558139,0,1
0.61827066950419929,0.76188737291481934,0.19305183299773582,-0.78486431384433819,0.58549445440190262,0.20293903695020271,0.041585912091556827,-0.27699074868589885,0.95997225848351475,-22.944914298502166,7.6026878436073249,-2.8711201450280233,,0.3052430157683132,0.4285714285714285,0,1
-0.29168198426242647,0.94788103833580473,0.1282308746759927,-0.95625758208912648,-0.2920832469991454,-0.016087682228760454,0.022204881305490511,-0.12731423324150684,0.99161385088165044,3.3105964859504753,-10.75805061379428,-0.72962395659017465,,0.6449995322022082,0.4464285714285715,1,5
0.75701176889667177,0.64168346118428132,0.12318894996911853,-0.65211583359385983,0.7301531951567547,0.20401287012972572,0.040964879203024114,-0.23477360849325457,0.97118650702475195,-14.428145424381624,-12.030524328297187,-1.3005319872230787,,0.5359977637466489,0.1071428571428571,0,1
-0.61093923643276826,-0.77745990542520471,-0.14936313080268143,0.79162121531966734,-0.60217435594309798,-0.10354659096430452,-0.0094393242745388784,-0.18149969834891749,0.98334569641428404,8.8936356030284944,11.953269612849695,-1.8153503694582009,,0.3906631533694063,0.1333333333333333,0,2
-0.075171677040502455,0.99716073638810665,0.0044367529621527225,-0.99671511062291585,-0.07527106369200065,0.029887375706529065,0.030136476683030402,-0.0021754945652792397,0.99954342576825017,-13.929504446078056,10.313480537646329,-2.6626214681119285,,0.0640711132604372,0.2692307692307692,0,1
-0.064945762243986252,0.99305268601401442,0.09812446568975676,-0.99770283219472367,-0.066517257597843479,0.012826264939200947,0.01926412721033717,-0.097066045773044493,0.99509149135183073,-3.8999829281269847,-9.9949447148114317,-1.0325730367575869,0.1151705924935662,0.1492845964523266,0.234375,1,5
0.83759442156163011,-0.54494617499498132,-0.038330814329704199,0.54625456874963074,0.83464420411154339,0.07053367042174824,-0.0064444618855250451,-0.080016991329017559,0.99677266716621937,-11.432552525467306,12.008753115116024,-2.6496409110493362,0.4729844262128,0.4280660966501699,0.1875,1,5
-0.14388497217095883,0.98853828948748657,0.045707384529376574,-0.98919585939389065,-0.14498427133417288,0.021705133578965689,0.028083207461830653,-0.042090512979207274,0.99871904065948536,-3.5286158292871987,-17.355576928529246,-0.63081969982731556,,0.1742732373219844,0.6176470588235294,0,1
0.66838011872327885,-0.72485538402290972,-0.16689124946639702,0.74363800034835104,0.65614129251188213,0.12837884833079771,0.016448140726565471,-0.20991254491772574,0.97758180330487043,7.9625468967310331,21.062906832516493,-2.3710253393240626,,0.3266843845090827,0.2777777777777778,0,5
0.013427750450387316,-0.98669388845892347,-0.16203353355293393,0.99876678485732873,0.0054889254561922554,0.049343501731118268,-0.047797541606181257,-0.16249628357332985,0.98555078653576234,-7.2751499388391947,6.7904840779909019,-2.186473866947106,0.5402692462442171,0.536141061011147,0.7885375494071146,1,5
-0.67266159215437549,0.73939214941832043,0.028733809682948638,-0.73994225706970551,-0.67232753789070498,-0.021474123879952508,0.0034407329058835849,-0.035706178350221537,0.99935640798700642,28.647575430850235,2.7395191819083577,-0.46207962399332403,0.3852791130347911,0.3034649096407215,0.48,1,5
-0.79818460744726194,-0.57950148666614387,-0.16455807298942077,0.60153856232855152,-0.78142529000460581,-0.16590923474273161,-0.032445191723301979,-0.23141422405061571,0.9723141295080987,-20.120610084845101,-6.6868681312500602,-1.8908089412637803,,0.4675876162709812,0.3376623376623377,0,2
0.14302986739570334,0.98453237967883434,0.10118522815460089,-0.98910692919980947,0.13859935675843632,0.04957520463971829,0.034784186661323754,-0.10717374524611317,0.99363164638020229,-11.429226969455708,7.4876710261796307,-2.395267106313816,,0.102210796580379,0.2307692307692308,0,3
-0.82098556906985987,-0.56294071581765526,-0.095291373448721975,0.56948092988200749,-0.81934973763946384,-0.066011195496411296,-0.040916572189785533,-0.10846085886091492,0.99325831293545719,-9.7750072593105664,-10.473961396120572,-1.228917849704412,,0.07604239299755637,0.2432432432432433,0,3
-0.84009027678241754,0.53888754916288528,0.062036571575652837,-0.54244521102578314,-0.83431625952199828,-0.098333982592063121,-0.0012328385278953303,-0.11626086381255486,0.99321794771073479,-9.0763369473576496,24.470273149307985,-3.2000629789932686,,0.2236103152511858,0.3,0,5
-0.67376867543945651,0.73489792972164658,0.077206249017801876,-0.73785815481354966,-0.66344010160536193,-0.12414739206689682,-0.040013939717364735,-0.14061388435252672,0.98925558889277476,8.5736500861287954,-12.48845512553307,-0.44911677365926617,,0.5244359004429583,0.375,0,2
-0.77013919962914434,-0.63302431454233521,-0.078522801738025907,0.63602902252775306,-0.77142952473064819,-0.019067534613547321,-0.048504594596531149,-0.064627436681755454,0.99672995276101428,11.817185745036985,13.999461291822165,-1.7954129753386052,,0.1217986303768197,0.25,0,5
0.49153855144534125,-0.85748487549016317,-0.15201822505421941,0.87073421213989866,0.48100689561848192,0.10224626240885754,-0.014552809080231951,-0.18262544913864157,0.98307485018933527,-33.130648433146121,1.4917409552877081,-2.7925806838006424,0.2852037086728318,0.2356794184683346,0.2333333333333333,1,5
0.77275158764244456,0.62424737161810429,0.11476150410294059,-0.63197023148018039,0.73995877642186403,0.23037933006054268,0.058894909109088914,-0.25055184737723624,0.96631007521234391,2.494046209551485,5.2460477780687222,-1.687850648685483,,0.4302822301866362,0.5869565217391305,0,2
0.98542932977119091,-0.16815454512703787,-0.025555527382953875,0.16935699086916323,0.98396083314415772,0.056029353753166151,0.015724047521044077,-0.059540975734147031,0.9981020120900379,11.730016893717082,6.8611440226536669,-1.3927810414170116,0.1957896684180082,0.1773281460880323,0.6779661016949152,1,5
0.67663743217872507,-0.73339202499603084,-0.06555854671057898,0.73628533491756509,0.67473907911717879,0.051098734792858404,0.0067595088512870617,-0.082845113219328845,0.99653951063455914,-0.99661315929603345,17.260613450695033,-2.5263685873932347,,0.08110704472025709,0.391304347826087,0,4
0.31336347773030143,0.91681444730709227,0.24749666671242973,-0.9490565774529317,0.29326867267035012,0.11526100131223915,0.033089932277052259,-0.27100692765898743,0.96200847269799983,-1.6608602673824209,-10.706889926325729,-0.91116711903679404,,0.5052639409187968,0.2982456140350877,0,3
0.97303972648534354,0.23033276145859199,-0.011853677918178871,-0.22911220622423414,0.97122806881855206,0.064989501444853784,0.0264818360464803,-0.060521544410613887,0.99781554158159036,-15.403531065403286,5.0483047935597734,-2.4241240623408582,,0.1252649652726509,0.5600000000000001,0,3
-0.88843032370248987,-0.45771717844380466,-0.034446254997169648,0.45800618931459414,-0.8889488242125394,-0.0005643409133771198,-0.03036264934770791,-0.01627797556776267,0.99940639233296991,5.2366824726559216,-9.6466858825104325,-0.71874132268349644,,0.07893467098847047,0.2,0,5
0.96085681424465008,0.27650614883330132,-0.017278083718929839,-0.27469628450156414,0.95895915336582316,0.070280107120999857,0.036001858294508311,-0.062782894432159675,0.9973776488201761,-5.4876176457943835,10.186135813736724,-2.3027776286292463,,0.09203330698113099,0.5,0,5
-0.24323015697870443,-0.96359142599748693,-0.11104348013388919,0.96914677905896629,-0.24613788977924594,0.01306368457408376,-0.039920062321421826,-0.10443994905758235,0.99372968440371356,0.18391413422155195,8.7060302362298962,-1.9985314533982377,0.2553357302083119,0.1905483749634318,0.5377358490566038,1,5
0.93944435490493472,0.34085581048092334,0.035519297552816,-0.33867690256181904,0.90757421943962813,0.24820755806317168,0.052366589619572308,-0.24520675494354463,0.96805546722368807,16.918489934694836,3.7058416285170921,-1.0269955519783687,,0.4727148628891874,0.5416666666666666,0,5
-0.71047137964868257,0.69050894740111235,0.13574907829928354,-0.70272906466015328,-0.70640457769323972,-0.084642981374128429,0.037447034354710605,-0.15553123857618836,0.98712094165051201,-19.548752111416899,2.080589540390152,-2.3763796668390569,0.01916118571033332,0.2032991836562855,0.2631578947368421,1,2
-0.83370183522526164,-0.52792738323673394,-0.16196891050706452,0.55078444567768037,-0.81606708309570763,-0.17513140862561982,-0.039720830071403201,-0.23521733336741582,0.97113081597793049,2.3993493920052806,-6.8984202132357879,-0.9548168460763985,,0.118660347651582,0.46875,0,1
0.18284598827160392,-0.97353382413469758,-0.13711031266338916,0.9830508789632173,0.18293664621720121,0.012047939261474556,0.013353424378266377,-0.1369893307395669,0.99048251338471371,-14.686115805128249,-14.532028458202186,-1.2011516739895138,,0.5250696161644696,0.3478260869565217,1,2
0.092090182729781755,-0.9935466269767832,-0.066215544004812485,0.99519731826906066,0.089618671590829868,0.039380089034504254,-0.033191805537901652,-0.069524051416418917,0.99702793858536487,-9.5621267480363841,1.4698282921876218,-1.9394298752760672,0.2084900806571016,0.1845268581482973,0.7699004975124378,1,3
0.57660461193431511,0.81652206211879497,0.028615442847353571,-0.81575012968174254,0.57339832102448163,0.075934783666821881,0.045594379262133396,-0.067127397682153131,0.99670209443951918,13.45397167836834,-6.0046020207995889,-0.61455147736725502,,0.08660386735521286,0.4,0,8
-0.86749105482455047,0.49736211018197102,0.0094974288481221077,-0.49736520139820256,-0.86682199388114656,-0.035319787117677394,-0.0093341436411524988,-0.035363289994703916,0.99933093191556721,14.243722664719057,16.852082015501114,-1.8460873868028203,,0.2475106885034453,0.1111111111111111,0,5
0.64590716284196303,-0.73699706724534708,-0.19909610709706033,0.76337082006053603,0.62068170848581838,0.17893911766640425,-0.0083022930297311399,-0.26756221635889443,0.96350481696126766,-9.8683818377636303,5.0074393734942948,-2.1819855663726342,,0.08125811552134163,0.3125,0,4
-0.72027262014459359,0.69368754009216715,-0.002224722661279432,-0.69368475165036203,-0.72024858792944102,0.0065906686626898249,0.0029695113768626936,0.006290334372961017,0.99997580655516793,-17.304996017688293,11.907902887969335,-2.882918726850412,,0.07850767941644365,0.2272727272727273,0,2
0.97008448511645839,-0.23833064542624582,-0.046201679482942529,0.24211668543534393,0.96372811123555802,0.11228373990986439,0.017765201100416139,-0.12011091151536733,0.99260151448847234,-27.574742712354933,-5.304865910455594,-2.247741547542323,,0.4436606182705806,0.5526315789473685,0,1
-0.167234390692933,-0.97553191660254701,-0.1427239932853766,0.98482241910114654,-0.17210912477422555,0.022433278967081149,-0.046448481195064908,-0.13680617259177605,0.98950826663321023,2.4711758323572153,-11.928554916551061,-0.68123868512823071,,0.1451489345705723,0.125,0,4
-0.2742823652341177,-0.95790817692667174,-0.084741422566529237,0.96095823332387664,-0.2763589579585094,0.013601476505938634,-0.036448016799722351,-0.077702322572158866,0.9963101380284457,-5.7737123374953772,17.630524675363606,-2.723455365323864,0.5359815828146309,0.4629748406474172,0.8717948717948718,1,5
0.37996261864389119,0.92273398237939341,0.064733346858819305,-0.92407609103551913,0.37552154452051772,0.071182494880703731,0.041373740582566258,-0.086865225281421654,0.99536056091600111,15.262887734729057,5.9520921003594127,-1.1742851439769117,0.2866788031290219,0.2885660451642417,0.3243243243243243,1,5
-0.018447342802985937,-0.97004180664633266,-0.24223663823176919,0.99790421288454989,-0.03289267547604368,0.055724804237386488,-0.062023200907212965,-0.24070098724007671,0.96861558798672898,-16.125622362130606,-3.9390052500472907,-1.8937342622178388,,0.5879445662856869,0.1643835616438356,0,4
-0.34113176808812284,-0.93629850361678646,-0.083511849015799861,0.93990227193814091,-0.34112074850535523,-0.014844330387954432,-0.014588900115900924,-0.083556849295032459,0.99639621483087515,-7.5880516613898177,10.603007098434606,-2.4031164391379858,,0.1227857124754152,0.3333333333333333,0,3
-0.56099722534640606,0.82609977916346311,0.053303546033178266,-0.82770722245231443,-0.5587064819155817,-0.052419662015208021,-0.013522834536764453,-0.073527014978109151,0.99720153981755388,21.352308582323626,4.4408462808355651,-0.85144521250124916,,0.3724870568206035,0.7,0,5
0.48743124420027018,-0.84771110690440354,-0.20927651900843594,0.87294972919740899,0.46783246679614399,0.13817218716371929,-0.019223747593732236,-0.25003732169887477,0.96804534257756081,-27.316705726358833,-2.9858856241603635,-2.4023670057482809,,0.1374842429925005,0.3333333333333333,0,5
0.0033971273483915281,-0.9477371210289095,-0.31903418147529794,0.99948092790130072,-0.0070028917133065274,0.03144573531031622,-0.032036452477351117,-0.31897540490057569,0.94722138741752471,-14.485599279919034,-6.2766677101134967,-1.6549361866493608,,0.3352209175040275,0.3214285714285715,0,2
-0.9955944682095772,-0.090932202813721705,-0.022868960665775821,0.0930626374344906,-0.98807983491480977,-0.12262783268270824,-0.011445539927201896,-0.12421583766237669,0.99218920841219016,27.069480462297559,1.087572788509326,-0.44724359425010102,,0.2085708554201199,0.4,0,2
0.97769083634050236,0.20234696180137757,0.056358988507261162,-0.20872972062238646,0.96595073438612444,0.15287603627713586,-0.023506004864932442,-0.16122929568989491,0.98663700617128247,-13.463520427336807,19.219475680510911,-3.088641367253854,,0.4591475295090875,0.7083333333333334,0,2
-0.27909587669987518,0.95067364389886599,0.13537028627132686,-0.95992862174716076,-0.27993368556739623,-0.013197455635500096,0.025348229913051516,-0.13362916777675096,0.99070717811044906,-15.426380588959947,1.320868476915372,-2.1759975048526923,,0.107198310331257,0.2608695652173913,0,5
-0.83391550993265817,0.54936262978994177,0.052779004197078677,-0.551867018961685,-0.82914338501506435,-0.089241472803314112,-0.0052645679878660758,-0.10354684000992513,0.99461064555325418,10.854042635623296,-11.527226872185469,-0.41403683479580056,,0.3439061753177299,0.3488372093023256,1,5
0.98803596618713085,0.15392542393676686,0.0095861038253784309,-0.1523493937823385,0.96448038716996953,0.2157944507595615,0.023970643187414774,-0.21467311576057541,0.97639175623047425,3.1621538307403356,-13.586301090573221,-0.5810160535152199,,0.4169546047802271,0.59375,1,4
-0.98077974042757377,-0.18050435615175731,-0.07408966309183336,0.19246776208525465,-0.95737118752069394,-0.21539863013285621,-0.032050917689134886,-0.22551848419909329,0.97371153426455248,10.791033907291711,16.639461674793651,-1.9689361473611564,,0.1216049385844629,0.8,0,1
0.70678386085045208,-0.70411935132573367,-0.06835578344191208,0.70742496832173141,0.70312420497613159,0.07187674569484237,-0.0025472016659420994,-0.099157911763568543,0.99506845005675992,2.7815830650867892,-9.0902246619595832,-0.82258190479549009,,0.2044827969341302,0.4102564102564102,1,5
-0.87309037321413008,0.48731859064025967,0.015290239278815202,-0.48749247963643361,-0.87202721173602249,-0.043813517204403123,-0.0080176367299606578,-0.045707036748080028,0.99892271187163295,23.009279672135222,-10.231562167930123,-0.062327638940513845,,0.3168054318801438,0.4482758620689655,0,5
-0.43621588176951809,-0.89566228190455566,-0.086630140629956581,0.89867432935998659,-0.43852921973749764,0.0087506105958273829,-0.045827439830521483,-0.07403512821590702,0.99620211079310328,-19.751442016019634,-4.0706886596484653,-2.0562189936211368,0.2116731026676207,0.1419889031006218,0.3908045977011494,1,5
0.94239970617478275,-0.33108136432256213,-0.047622725667424128,0.33392094737151556,0.93950858076172117,0.076291726822811573,0.01948319040078577,-0.087799526612664464,0.99594761329017667,-16.614105138432336,1.657208507912227,-2.2379273418902912,0.423565896655998,0.3097423854356914,0.9224806201550387,1,5
-0.98406425626463112,0.17662116780493464,-0.020554868658282655,-0.17698477895839154,-0.98405879837484567,0.01745478037969302,-0.017144315658182373,0.020814524358610004,0.99963634788673872,1.9029501058873746,4.6583503659859025,-1.688797042158807,,0.07056352638874566,0.2321428571428572,0,5
0.95398696672137606,0.29803589547422171,0.032916140943713909,-0.298755558695108,0.93540403964977836,0.18911477667186496,0.025573100604375291,-0.19024691223710916,0.98140314290801212,-21.279416672303714,-4.261775767409099,-2.1136639332934819,,0.1695567236669896,0.3225806451612903,0,2
-0.44217630870657865,0.89584408057299658,0.044085091821928699,-0.89685315602227,-0.44224054363280707,-0.0088157869900410066,0.011598644382811286,-0.043435985883628105,0.99898888210970549,0.27306236444096493,5.7913835321179539,-1.8245351165735335,,0.07744648141045003,0.2432432432432433,0,5
-0.63304785659594776,-0.7665096299515276,-0.10822845490373943,0.77302465995476666,-0.63335920714480221,-0.03590250446314628,-0.041027872977960032,-0.10639126804621406,0.99347753458365873,-7.7234570521079409,-6.7929840137981552,-1.3661120695368179,,0.1097708130341136,0.2765957446808511,0,5
0.74928429093845716,0.66224044069081911,0.0032634439607149702,-0.66097279349766758,0.74752614660565631,0.065723864743256505,0.041085491462861203,-0.051402907063022835,0.99783251276791274,0.94913317355481452,-5.0459823964387249,-1.125112031778345,0.3728919880241744,0.3141097285395167,0.9267326732673268,1,5
