axis_00,axis_01,axis_02,axis_10,axis_11,axis_12,axis_20,axis_21,axis_22,location_x,location_y,location_z,dbh,dbh_approximation,score,reconstructed,number_clusters
-0.96805682047422859,0.2263703420343629,-0.10780751634544537,-0.22564168628553857,-0.97402366062610413,-0.019071915235327714,-0.10932438768887069,0.0058631721593767243,0.99398883367404278,-10.375384735561816,12.707181848762858,-1.9481320098068082,,0.07526382728933183,0.4222222222222222,0,5
0.95959961613009959,-0.2133205244154471,-0.18347460474432026,0.24868685721796346,0.94804556737751811,0.19840476108927685,0.13161847807210886,-0.23601685541282716,0.96279417332627404,0.74504398337547129,17.131734820514538,-1.183291950805023,,0.2044439097675929,0.1666666666666667,0,2
-0.73238365558567198,-0.662007699871066,-0.15924819101762819,0.67305526423147521,-0.73925801552794057,-0.022230559326954495,-0.10300870022122183,-0.12346413158934334,0.98698825519335465,-5.7174635984827749,9.5628580581401312,-1.5864062048311238,0.1447921438482121,0.1075602232050887,0.5567010309278351,1,5
0.96178506952203424,-0.22386561128721463,-0.15765046186895837,0.2521909577453596,0.94850727089213549,0.19166031904447522,0.10662645485981638,-0.22409405424453691,0.96871701439392144,0.35917472775068643,-24.278842304674079,-0.77843032268842494,0.5204449770468325,0.3309099358439111,0.3409090909090909,1,5
-0.96847825590248049,0.24147759155099371,-0.061142788804746669,-0.22367882506090117,-0.95106742065705197,-0.21316318768520556,-0.10962504760986508,-0.19276756507118833,0.97510154076027455,0.17078496301440765,-26.742754778046564,-0.70488607307682138,,0.1838373632354077,0.4736842105263158,0,1
0.82981647419435023,0.55636960042463268,-0.043098571658376217,-0.54720783135642248,0.82642452848242853,0.13261254851935295,0.10939930739204431,-0.086460201514517318,0.9902304908940196,1.0467166027495554,11.551885649749565,-1.0706041779120079,0.3785446384101859,0.1326202803066577,0.2068965517241379,1,5
0.98381088014294915,-0.073350599500808009,-0.1635109833168007,0.11935796306969255,0.948777324548851,0.29253250259377678,0.13367807884694083,-0.30731299675541901,0.94217243287043517,20.161962259512109,-17.960909754992034,0.74825891742975514,,0.6067541797451171,0.2857142857142857,0,3
-0.77163734585114374,0.63302361832780496,0.06210398640164573,-0.63154589343548084,-0.75088175428052495,-0.1932003508624712,-0.075667634908081233,-0.18830212353495934,0.97919187052366929,-16.025929030400196,7.317072392931987,-2.2326494545677344,,0.1395245990967326,0.25,0,2
0.8093182154273616,-0.56477599964647163,-0.16134465098291928,0.58640316396348713,0.79266242174146262,0.16678613387380958,0.033695036297400775,-0.22959607004974886,0.97270256972346303,9.2502522331833603,-16.348724492770369,-0.28105400953452053,,0.1936287689887565,0.3333333333333333,0,4
0.62279807895742567,-0.7726569655563531,-0.12297872346137044,0.78046440799762629,0.62454835107225648,0.028542337357691159,0.054752723182090533,-0.1137566294779071,0.99199877447201068,12.264801863874888,7.1935973508990951,-0.28874979034481885,,0.09454988551704353,0.6153846153846154,0,1
0.41871055290480153,0.90797235874842497,-0.016360581743223371,-0.90573966046275178,0.41884887736060827,0.064817323290748616,0.065704949212175817,-0.012321269519798452,0.99776302094557812,-12.727827721809815,22.019826238236796,-2.2292939459007082,0.3411095344930261,0.1874594835105604,0.3157894736842105,1,5
0.57590395133290662,0.81696512420050438,0.03004371280649093,-0.81277081893553982,0.56821905765666647,0.12857176362880476,0.087967236662272602,-0.098463639765265065,0.99124501356535411,-7.2053368066573098,-25.075733845273067,-1.3847057991400102,,0.3069029835539664,0.7375,0,5
0.86371825014439207,-0.45811898046403354,-0.21004233884173162,0.49605019075323487,0.84640259052792799,0.1937443237911583,0.089022427630287393,-0.2715320505690042,0.95830337205532334,2.4236946825103636,2.7589179197363967,-0.99119548536731317,0.8578033400101569,0.7770399592972346,0.5361216730038023,1,2
0.72170492429466448,0.69217682508467382,-0.0057658533222672871,-0.67698151204400636,0.70754951852573711,0.20265663370491765,0.14435385204227782,-0.14235491438548664,0.97923288534998532,24.3471665291218,-13.828525182934955,1.0747011159885431,,0.4304863237985536,0.3333333333333333,0,2
-0.051104775549119248,0.98924975743013221,0.13701539818756736,-0.99866303632554754,-0.049551994049854692,-0.014722084183994415,-0.0077744320121536569,-0.1375845823851882,0.99045950997341692,-8.0031066849988441,18.960286845972458,-1.7862191840504791,,0.3591145192110523,0.2105263157894737,0,3
-0.81673040059814583,-0.5463672684090316,-0.18556470771686068,0.56599830298303666,-0.82112731272119632,-0.073456499532636513,-0.11223802278690419,-0.16502346595111414,0.97988258578585141,12.754578059099439,5.5054469554191394,-0.25545529347525886,0.6373563052427397,0.6220352225048366,0.8,1,5
-0.28592539613313045,-0.92824363808734023,-0.23792943533008193,0.9564540954324372,-0.29165412235406646,-0.011551460704106514,-0.05867053073419088,-0.23087143882312194,0.9712137496756883,-0.56054700109631794,11.850479185154249,-1.2165694025145153,,0.1356729968859716,0.2222222222222222,0,7
0.88754146910342013,0.45985328659392405,0.028374203610119528,-0.45684193815576157,0.87040340679724393,0.18355749229557006,0.059712512623650162,-0.1758774125478233,0.98259938509631317,-3.095702667697954,15.807025004940229,-1.4334261858471988,,0.2524970969488501,0.35,0,4
-0.16332119496980829,0.98390897366652408,0.07245218293550694,-0.98595195058569418,-0.16017240966159271,-0.047366130509717295,-0.034999120130347915,-0.079170264125397558,0.99624652113240308,7.1207240050161067,-24.404638754738414,-0.28603400560956005,,0.2638462960884204,0.3333333333333333,0,3
-0.39318967356543905,-0.89600407876424037,-0.20634575701804236,0.91870821917254619,-0.39190569066821335,-0.048837871029362552,-0.037109144780140442,-0.20877408953152252,0.97725958215510544,-5.0609313409414183,26.399452907315862,-1.6880607162367212,0.4952326623798013,0.358405557882511,0.8536585365853658,1,5
-0.64758905194520633,-0.75038331320187979,-0.13248887903849665,0.7561081414205526,-0.65436420724254685,0.010390512855015842,-0.094492847762493073,-0.093447137719685935,0.99113002889314761,-15.235689996717898,11.818488455409115,-2.2702226608698797,0.4480306613230219,0.1968398101715395,0.3055555555555556,1,4
-0.38190591069517948,0.9205254965974522,-0.082344917815846255,-0.92362148548261702,-0.38330372521029016,-0.0012671995886339169,-0.032729603281564386,0.075571584302086145,0.99660308484125371,-6.878532404939568,19.055674475665835,-1.6959877186369918,0.4839949560618368,0.4611407048601049,0.9541984732824428,1,5
0.82392734506575227,0.56260629863832934,-0.067955005594731624,-0.55557627238164031,0.82557019215162752,0.09883756066013849,0.11170826119594933,-0.043680780249488627,0.99278056680082827,-8.3214699320510892,15.563390482763644,-1.786744277469452,,0.1369029132545551,0.1176470588235294,0,1
-0.65547158387629756,0.74973284916832283,-0.090871654593978127,-0.75286198288101325,-0.65817837839311277,0.00023863839290364525,-0.059630843220330937,0.068570234750671102,0.99586258361436142,-2.5172529303207427,11.520127504785549,-1.3852354495316621,0.7102233616106022,0.6515912874820382,0.9851576994434137,1,5
-0.99122942439102735,0.078617539183363339,-0.10622387092450458,-0.063559469766793872,-0.98833830429572223,-0.13837481730727513,-0.11586380808689786,-0.13040965759716597,0.98466689757551695,-6.3224864954886195,18.014148947189639,-1.6534013383320296,,0.07451627304028981,0.2916666666666667,0,4
0.013856384347451399,0.99967396918715112,0.021446583467361845,-0.99918599996859447,0.013030571009444413,0.038177764286660219,0.037885855930355636,-0.02195813172322833,0.99904079114501121,6.1493187138259708,8.8724397334885712,-0.68530644768061855,0.4612703379184742,0.2380051452467292,0.5,1,5
-0.98411082120026583,0.15192752400322856,-0.091890799576382534,-0.13854816712726384,-0.98073516418928497,-0.1377060024410415,-0.11104187040127815,-0.12278666528929263,0.98620136779712564,-9.8020275164492023,8.9697141039425343,-1.849278595715776,,0.1376487900082421,0.2553191489361702,0,4
-0.81123933297595541,-0.55334294437718445,-0.18895060344098891,0.57431592682066079,-0.81473392328314065,-0.079811342876722161,-0.10978142298609138,-0.17326344149776216,0.97873787042675475,-1.6486925452895445,9.8649775704784712,-1.2816118528090648,,0.1119952570396713,0.3333333333333333,0,5
-0.1116075022287407,0.99193601066376669,0.060055942209857244,-0.99368808056584512,-0.11208369319797823,0.0046091496470309148,0.011303273314793291,-0.059162458261582722,0.99818437151901862,-7.6258538043224924,16.528290851644883,-1.7361594435354113,,0.1425169945655604,0.1052631578947368,0,1
-0.69635994624582487,0.71425807176745626,0.070130108937224267,-0.71391652323115162,-0.67937024696191783,-0.16964452658558479,-0.073525663016774545,-0.16820069696032133,0.98300686794142278,-1.1039505437247521,-30.207486857497987,-0.69742211169850754,,0.2826325585632453,0.2941176470588235,0,2
0.89127168578891458,-0.43503203670297735,-0.12799183236849623,0.44429551966528108,0.89422242486229531,0.054477023402108804,0.09075391625899,-0.10542002615943227,0.99027791289526423,-0.55135254855167826,16.318880899137771,-1.2759013797238683,0.1974019028500616,0.1844654911591269,0.6888888888888889,1,5
-0.95216465626765912,-0.27169829955579816,-0.13986601221590511,0.28045501617824437,-0.95872191159853559,-0.046875154627072209,-0.12135671079570595,-0.083858990211777715,0.98906027041101496,-15.907059961099288,-29.292028243781854,-1.7665385462332213,0.3567735692449728,0.2882681668900147,0.7419354838709677,1,4
-0.9620225749270459,0.26477389373916177,-0.066387879352633294,-0.24810584272104808,-0.94955417596392711,-0.19180812734904273,-0.1138246728017053,-0.16805252781101235,0.979184503430234,3.5844647760497956,13.841459607061303,-0.92006747092459984,0.9062649886047371,0.5393679766381045,0.21875,1,5
-0.54833520416613157,0.83475562572609208,-0.050115358830655828,-0.83542106084161294,-0.54948296927265539,-0.011837127251925183,-0.037418644742413555,0.035376712650339738,0.99867328652953102,15.14064725573262,6.385993665567228,-0.051958577327902385,,0.1105308189966694,0.25,0,3
0.97339661252970477,0.21512611891757105,-0.078865630506319853,-0.19744404564728624,0.96218512982858073,0.18765826593888635,0.11625353136197021,-0.1670943712284185,0.97906311724507911,19.504612959837281,-19.853679111784675,0.73688860671305756,,0.2577776917309146,0.4074074074074074,0,5
-0.15415025996097922,-0.97735785786248042,-0.14494590380009706,0.98707464923510091,-0.15884046781004479,0.021291844055646183,-0.04383302626292547,-0.13979028385531889,0.98921046413201885,-1.5571689941308318,15.757048746473103,-1.3508504989460868,0.1363483286403875,0.09904420228906377,0.6818181818181818,1,5
-0.81966710140213694,0.57232293169202286,0.024337311652427356,-0.56717378911981942,-0.80486551469457746,-0.17465794053205835,-0.080372481699185289,-0.1569648531196762,0.98432834921617152,-16.632200129422628,18.741359586843803,-2.4922714566009914,0.2056431631547849,0.1633471387492854,0.2368421052631579,1,4
0.44891262566777901,-0.81333361197463716,-0.37008903002973598,0.89302754046629784,0.42285437188549485,0.15393502572851525,0.031293233849754083,-0.39960307282303792,0.91615398143849747,-11.881233532481561,10.02534141878669,-2.0019914174683735,,0.5499302190349944,0.145631067961165,0,1
0.64385950802242298,-0.72366450067350174,-0.24850477740698482,0.7622552688045916,0.63485049261407323,0.12622106483194129,0.066421676497690402,-0.27069270860634631,0.96037160432751045,-0.79998419599224502,-24.836418874727965,-0.83392651969384846,1.003640613935078,0.4400261789570037,0.1904761904761905,1,4
0.69768445428110548,-0.65167784833778508,-0.29757752643691215,0.7132383769305487,0.67085599791736572,0.20308433650031343,0.06728610501398502,-0.35393249645113212,0.93284745163821758,-3.5775018869613713,9.7143771223604727,-1.4446376142180184,0.494210082184433,0.2082124810492564,0.4230769230769231,1,5
-0.21777727633418917,0.97144343595427884,0.094184439552446042,-0.9759883738728995,-0.21631922001905862,-0.025547781024598003,-0.0044443196776257207,-0.097486644170841422,0.99522690992100493,-0.72999034254335848,19.534052313608626,-1.2907172694375144,,0.3009725343263617,0.2857142857142857,0,3
-0.091443403472052737,0.9929535648358182,0.075374545048631642,-0.99566778616245355,-0.092448442349682955,0.0099471154349765646,0.016845283013555375,-0.074138408311469561,0.99710567787634008,-15.676526898506012,14.092408753715496,-2.3160014875719308,,0.3556407146068373,0.1875,0,3
-0.72771125041200269,-0.61913756763908012,-0.29513557623872044,0.67021812446342022,-0.73333195516660976,-0.11415738772524536,-0.14575322179812503,-0.28087882773445227,0.94861113342928105,34.371238336156722,-0.095926454553547535,1.7254664947848479,,0.4175031533179026,0.4,0,2
-0.3030549274121524,-0.89709444689031415,-0.32152645976618427,0.95111031772063648,-0.30581254785601525,-0.043218619820192046,-0.059555642021263476,-0.31890474899626869,0.94591378389949554,-18.359275000518096,-24.390923677478138,-2.1063041295217149,,0.3951849104057585,0.3846153846153846,0,1
-0.36773600509346932,0.92885549970355685,-0.044695539244437275,-0.92927391349162425,-0.36885721351686129,-0.019858241123966114,-0.034931708544771921,0.034231808410186554,0.99880326342634207,-12.163024816262411,12.727687994802064,-2.0475046847876062,,0.08512583766642243,0.3703703703703703,0,4
-0.69028665303104386,0.72235235600531167,-0.041369196520749302,-0.72147513223798676,-0.69150684419326991,-0.035943260787557704,-0.054570781645280259,0.0050356933423216675,0.99849720659758634,3.725472604343631,25.528458343748692,-1.0202043944302697,,0.1607006562964218,0.5555555555555556,0,4
-0.74587546137790217,0.66465780073437264,0.043586741530526919,-0.66214847501825236,-0.73277356580121766,-0.1568511979360431,-0.072313160249741951,-0.14585235406367592,0.98665997064276389,0.37217459226921068,10.621683323413208,-1.1214723418797206,0.8652134359813097,0.4238850033323608,0.24,1,1
-0.83158560807364756,0.54976897232444177,-0.07886351193111843,-0.54841886321641087,-0.83525522548730735,-0.039817819686268047,-0.087761762249866704,0.010138311766545716,0.99608989941737847,-1.2995393015951104,6.9382687099773213,-1.2288081251344893,0.1779215831216781,0.1343469407500532,0.5059523809523809,1,5
-0.97868774557833949,-0.16363438499514821,-0.12407290075615471,0.16638142989533738,-0.98598795093574776,-0.012040780519084799,-0.12036409946811331,-0.032427590980298016,0.99220004782425031,6.2535388459776291,18.634382738243584,-0.72868046258177654,0.2356616373625955,0.1509157615185578,0.8333333333333334,1,5
0.97947578319255424,-0.1513424482364687,-0.13312645680376545,0.17826835086491671,0.95866640011624593,0.22176367684555853,0.094061603320568787,-0.24094438497286064,0.9659700917372207,-9.4830717027439917,-26.182889929259424,-1.4876498925126951,,0.2464527670482476,0.2,0,4
-0.87108262381319568,-0.47185167207309497,-0.13627568401055792,0.47733862664554511,-0.87867553770830076,-0.008782650236478045,-0.11559800172522794,-0.072700061862806767,0.99063202199519129,-1.0458799127654237,9.1092634172537146,-1.2327897194678703,0.1762519328741775,0.1295642399395258,0.6187050359712231,1,5
0.74367694057181033,0.6661102081408754,0.056936795416246896,-0.66145553602841334,0.72075892647478856,0.20732376555589344,0.097062773085857507,-0.1918430622082278,0.9766140781104139,-2.3689591201237516,21.433682485980594,-1.4059801370042755,,0.3822674461358259,0.2647058823529412,0,4
-0.53961247813735413,-0.80113832272299546,-0.25883539422391699,0.83854974863029597,-0.53888133222551526,-0.080257266654945161,-0.075184390072225826,-0.26035417731129434,0.96258143024163312,-6.8309723446120181,8.4645864485092162,-1.6649331958923037,0.3291373079656087,0.2080099281447373,0.3823529411764706,1,4
0.91717792869426784,0.39818702086271351,-0.015223124927893872,-0.38046097203874391,0.88642662707192665,0.26362337448189804,0.11846558939804989,-0.23599773565516671,0.96450555876791488,-21.699953956462245,-23.55457667591542,-2.3524866764335086,,0.6148006419326149,0.2758620689655172,0,1
0.74394201394226434,0.66392324075229936,0.075869692766556238,-0.65997843678741186,0.71218681272115625,0.23920369303529757,0.10477949640636586,-0.2280260383707195,0.96800071433743451,-12.063355403055315,8.1547810470103332,-1.9835276748414477,1.075498421662878,0.6763114045712337,0.2365591397849462,1,1
0.96149228437315859,-0.25205809108929467,-0.10954134291355561,0.26724868736401497,0.95047011802544845,0.15869686147778933,0.064114945161759515,-0.18186058797086957,0.98123187899180764,-8.3416451885452787,-28.450031072190885,-1.3493402717369447,0.6421110148426319,0.425577311104144,0.3333333333333333,1,5
-0.84405969692004956,-0.51208802277891474,-0.1591511387380421,0.52490102718244358,-0.84970596791672159,-0.049786340993513534,-0.10973668346569136,-0.12556124009059719,0.98599809091542445,3.4794985863516721,8.1278956572780281,-0.92511521948529485,,0.08478747946347007,0.4166666666666667,0,5
-0.97411375781748666,-0.18575325249272306,-0.12883367579584606,0.19021200960501716,-0.98147111891222283,-0.023104851075262368,-0.12215473070133358,-0.047012465682666357,0.99139701928022783,2.0185791184013646,10.450260767480929,-1.040545497793574,0.151320968152992,0.1205348872046976,0.5423728813559322,1,8
-0.65898854206340873,0.75138935335357981,0.033884230787065463,-0.75011073043225296,-0.65321452119182133,-0.10317306525702845,-0.055389471197459114,-0.093406792959762952,0.99408610165791822,14.931035825792165,25.400996512135677,-0.077933885697081942,,0.2550459085235692,0.4285714285714285,0,2
-0.97381692524510255,0.21574046235378372,-0.071670419348225073,-0.20524392170587996,-0.96991918468736182,-0.13088814987688735,-0.097752384671502768,-0.11275117772679587,0.98880313673261355,26.68652128511831,2.6422589935391474,0.92206561870408321,,0.398842345983636,0.5862068965517241,0,2
-0.93904260743076995,-0.29504556354710026,-0.17648540126819057,0.32263241474763821,-0.93359992914864254,-0.15588296009428756,-0.11877418231134328,-0.20332065247982864,0.97188137439270239,-4.5151610936501418,18.460872471251548,-1.545071353818982,0.5902414213896713,0.4577060009260522,0.3529411764705883,1,5
0.18383080845455266,0.9812124456470821,0.058552287489206975,-0.9818743923752824,0.1805060005216563,0.057794994362377096,0.046140128528396343,-0.068115492238910016,0.99660993786758689,-8.2037764946336917,20.677742017411724,-1.8460834724524806,,0.697211549578292,0.5925925925925926,0,1
-0.92037894933923792,0.383591849574487,-0.075893890091523503,-0.37735374433565105,-0.92218185368927363,-0.084763083722097579,-0.10250239630888762,-0.049375314340663272,0.9935065863318151,-9.0885161921844055,10.73599244873366,-1.8318190216314445,0.5271290973121379,0.4425982421492204,0.7935034802784223,1,5
0.06299556939973136,0.99579412258141053,-0.066525361091256785,-0.99747576714520103,0.065010071801939684,0.028561941852743033,0.032766632327666079,0.064558159798937267,0.99737585283045549,-13.67117476367563,10.666745596989701,-2.1254110045832424,,0.07628964342092467,0.2040816326530612,0,5
-0.68369413174411731,0.72463962716964303,-0.086369815063469024,-0.72701685379064718,-0.68659726909329188,-0.005539348155026459,-0.063315310336491695,0.059005091382644072,0.99624774562752183,-15.157450311559234,4.7812336137800378,-2.1287462379724365,,0.2239769847872555,0.4324324324324325,0,1
0.26864634342761745,0.96224309472955438,-0.043787770076364557,-0.96168090016607866,0.27051902377640807,0.044601614666064431,0.054763020540612876,0.030127801452297709,0.99804475208325183,6.0877900433312524,7.3762268384994032,-0.69695765141452282,0.8232928496282808,0.778922395366048,0.7068965517241379,1,2
0.19723365365057832,-0.91478988827875074,-0.35250297327908403,0.98034693282150409,0.18563010748774175,0.066793371688807265,0.0043332637945798398,-0.35874910940243515,0.93342396547755646,28.470775884736941,-9.5257438870093978,1.3460725554919135,,0.2802550229323059,0.2727272727272727,0,5
-0.82471994906295032,0.55866374347622272,-0.087930809974305829,-0.55923338620660867,-0.82876091750419156,-0.020331290404214691,-0.08423197355811321,0.032406223827272873,0.99591907868448915,-4.3885459185694584,8.5362228072044246,-1.5096160440547091,,0.08745801435015912,0.375,0,5
0.97882661476191501,-0.15005008603171904,-0.13922438692845163,0.17123161701483361,0.97291581262562221,0.15528861799085841,0.11215253705652349,-0.17584024916070581,0.97800921018510156,-10.419339554272874,-29.756734475789603,-1.4184240571886522,,0.4161995914130299,0.6333333333333333,0,1
-0.45945799032767942,0.88819140775165373,-0.0037918755498557387,-0.88781312112707067,-0.45912802265021296,0.031453469950307344,0.026195745430496867,0.017818024959043121,0.99949802446423053,7.9154753174163428,13.760482992853129,-0.57380955083118967,,0.2999193668120336,0.3076923076923077,0,3
-0.95212556549398275,-0.27278125693625255,-0.13801193208212875,0.28102900643139883,-0.95869386226299147,-0.043917832408370897,-0.12033123067992252,-0.080600647165808406,0.98945638135266412,3.9730559342781273,8.7727345773763652,-0.88874709149885678,0.1490680380632569,0.134116261728336,0.4,1,3
-0.6233074527694541,0.7779000075225706,-0.079745831354614868,-0.78075044331113075,-0.62479463381057265,0.0077724404780541642,-0.043778585992779201,0.067106213258508365,0.996784927429471,3.2225241270506229,14.789447683545223,-0.93933307890441731,,0.123706189616757,0.375,0,5
0.70682519742288685,-0.69132504812847873,-0.14989268867511199,0.70501160773754135,0.70580899619602755,0.069226395573392163,0.057937666879367973,-0.15460704614898121,0.98627576672939832,-19.329222803365337,15.317432844114414,-2.6294223511227415,,0.1071319118076821,0.3333333333333333,0,2
0.24470618428025928,-0.95669813971429851,-0.15763106560001899,0.96958554595373669,0.24224757287641277,0.034928248067759647,0.0047699531016219916,-0.16138396110731937,0.98688016731755268,4.6837273870112588,7.465822966861932,-0.81225753207946749,,0.07588978480862396,0.3095238095238095,0,5
0.90176862250655054,0.43142197886115824,-0.026237904225760948,-0.41593819991094827,0.88270456418568211,0.21869628762419516,0.11751070299116528,-0.186300103385068,0.97544016021549729,-16.981421132882378,-25.316487760821573,-1.9896766095419609,,0.2078847480502816,0.4210526315789473,0,1
0.89270332313534795,-0.40586654546474166,-0.19583953670192139,0.43561920482769012,0.88847571804534642,0.14438423331201053,0.11539794299898659,-0.21420374813789536,0.96994848782565757,0.68129230641375349,13.407037440143862,-1.1315224787393554,0.3054142894025971,0.1641753745256376,0.1538461538461539,1,5
-0.83948474011435403,0.54230164174154494,0.034268067928629402,-0.53738480431780511,-0.81922036022238842,-0.20023879116049195,-0.080516726234060074,-0.18651254853635377,0.97914765282618343,1.8266504309840315,8.1162334327453856,-1.0530710104433652,,0.1749746926942703,0.2272727272727273,0,4
0.96206246231864956,-0.23460991975514672,-0.13926235726088909,0.24949279276891129,0.96308561192276454,0.10109129766563825,0.11040455132713098,-0.13200109719179259,0.98508199932108043,17.722603741129515,4.3997759991853957,0.25876577357386144,,0.1408322901042796,0.2222222222222222,0,2
0.77221351011615269,-0.55081362012315593,-0.31668699165092595,0.63077467574764801,0.72441257684268079,0.27811818881115319,0.07622075327323713,-0.41452475728111843,0.90684046136654606,29.7426184417033,-8.9723295592633168,1.4502063418237534,,0.5784568447100097,0.4074074074074074,0,1
-0.77244319068948331,-0.61397051508253642,-0.16239373068790408,0.62594924588953049,-0.7792355056893594,-0.031298054945582979,-0.10732687793734945,-0.1258262026858219,0.98622954122754203,-2.4100937883235782,19.205275810588123,-1.4058234245283243,,0.3583248072385257,0.4761904761904762,0,1
0.022492975392431419,0.99823588594934765,0.054947084189391787,-0.99939715961307718,0.020997259895467774,0.027648371275635707,0.026445858188167914,-0.055535854002642548,0.99810639989175909,-14.231143304435205,17.877156534577182,-2.3013015593351973,0.5415793159125222,0.5581713308874033,0.4642857142857143,1,5
-0.94736781353336386,0.30481555204220667,-0.097886184491071976,-0.29960097923955059,-0.95188045028304535,-0.064520241844331999,-0.11284271850552748,-0.031797603717160131,0.99310393880909087,-6.0577038749045711,14.95637273889807,-1.6254754599155001,,0.1800794877553832,0.2083333333333333,0,5
-0.59084078788576566,0.80429635138418532,-0.063360417617107506,-0.80562311192814551,-0.59238437105758146,-0.0072220809967760572,-0.043342414535163958,0.04677751678745104,0.99796457804145611,-11.693498779574249,16.843746214256814,-2.0536911688107948,,0.0906996488305661,0.2692307692307692,0,4
0.98823694906661319,0.093966024363081102,-0.12065702948817247,-0.08414811152409625,0.99290243847831705,0.084046671503048925,0.12769819038044794,-0.072904965051840007,0.9891299400201925,-0.35323622059984378,14.332903342556468,-1.2451616495815543,,0.1167492124916372,0.5333333333333333,0,4
-0.85804329426549386,0.50486173681281776,-0.094214286965210309,-0.50571538127539073,-0.8625454200472854,-0.016350886732458787,-0.089519038799041606,0.033615845338119496,0.99541765939463756,3.5857559529038441,-32.518309086155838,-0.23133885659514888,,0.1447559421417665,0.3636363636363636,0,1
-0.95794961394466671,0.28614607598137826,0.021282865026235654,-0.28431627353339584,-0.9365864052090449,-0.20486620556276083,-0.038688418775507064,-0.20230256740352895,0.97855857130505641,21.820475437170625,6.9136093496145508,0.55606051254255739,,0.3856595275568983,0.3684210526315789,0,4
-0.45707185793941907,-0.82336687880669013,-0.33638118194087141,0.88616512765912103,-0.45394365729497421,-0.092986679274818379,-0.076135952090339326,-0.34059086729651622,0.93712388610765085,5.0227761932902864,9.2739310948946034,-0.80186923472950367,,0.5252844810520232,0.3125,0,4
-0.88831366113004051,-0.43723871900656236,-0.14043198371896615,0.44352863765427009,-0.89612683802966708,-0.015460845497532457,-0.1190847892482113,-0.076019686690038585,0.9899696056976991,21.333689910359663,3.8424383985916748,0.4938540958501122,0.4359725974632481,0.1277767619123482,0.25,1,5
-0.16998881810606667,0.98464135203747949,0.039814690463535314,-0.98470117440403526,-0.17129219283437075,0.031977832967652754,0.038306642325018958,-0.033769698426211844,0.99869525312879426,-10.626504608729704,21.45255250843346,-2.0141130530370313,,0.2425879352061917,0.25,0,3
-0.44929529468146207,0.89162621987633206,0.056003769570808722,-0.89269105630775214,-0.44559685827315598,-0.067424905526388121,-0.035162709867806105,-0.080287757012729596,0.99615132380006255,-4.3853140148987251,15.085298377995656,-1.5244591706805664,0.3301620686647777,0.3641187078584098,0.5434782608695652,1,4
-0.32305001231505304,-0.91507157737058131,-0.24141809756470525,0.94561473603030921,-0.32237821409228073,-0.043417255567360855,-0.038098038605339044,-0.24231445554730971,0.96944945411673644,2.8028705890850594,18.30527283404319,-1.0105077407322405,,0.3441765460777802,0.1764705882352941,0,5
0.58176371544280958,-0.79075192316762066,-0.1904268242682424,0.81147364268457178,0.58021127095889735,0.069752478669177331,0.05533088307998308,-0.19510580990573126,0.97922020828750223,4.669946731088503,-25.71261049272389,-0.42818845444613957,,0.146628206424523,0.1666666666666667,0,5
0.032508749501540493,-0.93822542180326174,-0.34449417859803821,0.99925403171618499,0.023321057086692468,0.030781624312377416,-0.020846134049151775,-0.34523786898086678,0.93828367379847044,-3.7918475769502646,18.661618767788983,-1.4964611637749119,,0.6661054021377979,0.2068965517241379,0,1
-0.59510170397193163,-0.78666038184545939,-0.16437580589751896,0.79862543467776714,-0.60171529486466779,-0.011667005257249697,-0.089729465703582034,-0.13821775414425316,0.98632878667504587,-5.4661977277643752,11.950328923687229,-1.5829311887827482,0.1231533566600368,0.1118236898763604,0.5434782608695652,1,5
0.69164022766751787,-0.66751106234485424,-0.27579480981205617,0.71593665070742374,0.68399600062783783,0.13994350038126088,0.095228712297608584,-0.29424216688361915,0.95097478388323853,-5.7943195589286871,21.417039988759626,-1.6568199407055439,,0.6173609543499879,0.3235294117647059,0,3
0.73643398426710005,0.67650864927843202,0.0010169896540155117,-0.66972747233225494,0.72883815342849856,0.1423378337280205,0.095551554775072559,-0.10550352391464601,0.98981761290737724,1.5489253314351485,-25.71017956388669,-0.66394144718666848,,0.3483857591017323,0.40625,0,5
-0.051583662791917964,0.99469648858597437,0.088983264312466448,-0.99851078660699721,-0.052954717661732244,0.013115140366852714,0.017757667708506519,-0.088174222265346922,0.99594677155230327,-14.888553211507944,15.00509664790302,-2.2684743210955629,,0.1754151101722593,0.25,0,2
-0.77760809518412211,-0.59493621065718305,-0.20341227974975309,0.61957517777569615,-0.78011770843703687,-0.086850216275836223,-0.10701518298042813,-0.19356463063229501,0.97523355376025045,-3.8676449075978709,11.300066658578192,-1.4862623243851518,0.2899469555235273,0.2319251692518673,0.7272727272727273,1,5
0.21604295884130748,0.97072256186766226,0.10499117970656505,-0.975900350859634,0.21130028089070096,0.054504096062174802,0.030723689998712205,-0.11423615529504683,0.99297842660164048,-1.0872502521863958,17.881241417215502,-1.3263730847964355,,0.523286425830878,0.4848484848484849,0,2
0.030029165988300785,-0.98203658049711018,-0.18628581200829261,0.999450444582208,0.026882743839074477,0.019393991546574854,-0.01403773537551533,-0.18676582302237354,0.98230416335079307,-4.4036189477136585,13.608189388129247,-1.5208007917610862,,0.1128722021721304,0.3620689655172414,1,5
-0.88524732992443056,-0.41011923923857202,-0.21940686969200054,0.45032101037904693,-0.87377671050589623,-0.18364435136614132,-0.11639653118912907,-0.26137419494638597,0.95819381011529614,-0.69345354232489453,-26.069237321158326,-0.79335790028840114,,0.3623670834279095,0.2272727272727273,0,1
-0.91509624328624362,0.39820424915270464,-0.06349993291441787,-0.39224434964108018,-0.91556322412180335,-0.088816399444783478,-0.093505270963999271,-0.05636806358586368,0.99402183361812024,5.7270085504360972,11.265422280347153,-0.74557958152457326,0.650453238999686,0.308583056169723,0.7,1,3
0.54048982696110193,-0.8175042503253549,-0.19889079327997589,0.84022588775615925,0.5366876137741674,0.077374819972422126,0.0434879810514672,-0.20893349640823533,0.97696242997502092,12.730761519007634,-25.370091723226924,0.29324885258821254,,0.6820922780636787,0.2244897959183673,0,1
-0.35943941861304513,-0.89227585950895394,-0.27321620538444391,0.93160675799171488,-0.36004460918785414,-0.04976673446121286,-0.053964366125098001,-0.27241818943000828,0.96066444571265031,3.7743349869624456,-22.282656715975364,-0.60051821843930753,,0.4920413639170045,0.5517241379310345,0,3
0.69043001303893126,-0.70356721736414307,-0.16822475366466685,0.72124465777560065,0.68743650090103392,0.085071739485563611,0.055790148997991673,-0.1800672870885196,0.98207088919047114,-17.754489579530038,11.130927030140695,-2.4471158471082379,,0.5453975462784291,0.6785714285714286,0,2
-0.69090524748679627,-0.70266335222733534,-0.17004161970485862,0.71913484867688349,-0.69210000618188872,-0.061989118896022141,-0.074128323963813234,-0.16511146198757032,0.98348522953150785,-9.9585457820659578,15.582528651617499,-1.8970296935628286,,0.6147602589278549,0.7307692307692307,0,3
-0.63518224860372763,-0.71975964882177934,-0.28015988111551676,0.75716286455891002,-0.6518809327225551,-0.041900430614930879,-0.15247264538813923,-0.23874106785536467,0.95903847416442167,1.8075799117269582,17.620742277008468,-1.114217613978967,,0.4925878249915579,0.391304347826087,0,2
-0.47834922633002447,-0.86283915094331043,-0.16337263316998391,0.87465960148447253,-0.48473685380248532,-0.00087412624492841547,-0.078438505853254251,-0.14331357983490331,0.98656404689934551,-6.8808398342814723,13.03761212682695,-1.7050121897706334,,0.06647572307203987,0.3428571428571429,0,2
0.88703939606780602,0.46131417695813276,-0.018717370571286834,-0.44674814600675805,0.86785076597253386,0.21737327811948495,0.11652125927566452,-0.18445671074354331,0.97590907260793847,3.2521631317559643,-24.289753208516871,-0.59296000955502115,,0.2501178715931011,0.3428571428571429,0,1
-0.96795521566664233,0.25101810990421281,-0.0072532036963035814,-0.24771159137798271,-0.95915257671042753,-0.13662101627031925,-0.041251278292083381,-0.13044632263833281,0.99059683471602356,15.745011004934925,5.4964820897404048,0.040064390051050579,,0.3166342042420341,0.4545454545454545,0,2
-0.86395799780581317,-0.46562533796183658,-0.19175406821055241,0.48491734591129659,-0.87195009834325821,-0.067514395750296663,-0.13576356529538985,-0.15131447599985026,0.97911806422472691,19.529557527138447,7.0505587764378772,0.37233095719366976,,0.385096309543675,0.2307692307692308,0,5
-0.71004540336402511,-0.64380078321674705,-0.28522986640799131,0.69788318012532047,-0.6973491942303981,-0.16328860402484574,-0.093779486348491925,-0.31499944894509968,0.94444732786137686,8.4602592683295832,11.182694987195683,-0.50051784838589308,,0.2907072218727563,0.2083333333333333,0,4
0.55073742579867779,-0.80387156147001637,-0.22467487728805585,0.83455846770515896,0.53489989540963867,0.13188732263706845,0.014158100376194386,-0.26013960588598334,0.9654672100300572,1.5890130897214794,-29.220302675459884,-0.54029467644490459,,0.2144811361411932,0.25,0,4
-0.90689474905999012,-0.38586609383059534,-0.1692609575753834,0.40454420508818445,-0.90970981255056849,-0.093659185768288605,-0.11783844982426807,-0.15341256330929351,0.98111094436963942,8.4570831580033801,6.2524124099920657,-0.58124523748367951,,0.1451403534120368,0.4444444444444444,0,1
-0.98533205524475942,0.1297860183458292,-0.11079860264946728,-0.12696456341608844,-0.99138506652131475,-0.032181508900153338,-0.11402078996262258,-0.017641976092963332,0.99332171029120009,-18.620987263513737,-27.121281832609753,-2.0522846646658772,,0.7011439719556914,0.7777777777777778,0,1
-0.20731248611627651,-0.89244169998438594,-0.40071104954726083,0.97705620032631657,-0.20932580990182492,-0.039292323841250872,-0.048813056697867716,-0.39966300484023254,0.91536155045855316,21.941264632902861,-14.70986522505688,0.86893465880974485,,0.3618705391787522,0.3,0,1
0.38782214146961058,0.92024252465918499,0.052418340252380423,-0.91646305857047239,0.37890698119227062,0.12854945304984791,0.098434998154010647,-0.097893796599423544,0.990316795639542,-0.4460034668364663,21.325967307223554,-1.2683851566854698,,0.729075377586943,0.6551724137931034,0,2
0.49802596481414108,0.86716205938011948,0.00031802920346478555,-0.8569616140619325,0.49211152194715613,0.15311120792163324,0.13261572454016043,-0.07652589586855002,0.98820891357354423,-15.504554877421747,-25.592846329166782,-1.860070522773078,,0.5291873119486858,0.8260869565217391,0,2
0.4077776268062997,0.91212743447280009,-0.041724697222270728,-0.91045608174022674,0.40964315304980403,0.057115762987540161,0.069189090891960861,0.014697974060495691,0.99749528282596966,9.1516683276382302,12.845874356039431,-0.44391172275663393,,0.1036270152038879,0.2857142857142857,0,4
-0.95583060687347332,0.28009549447611048,-0.089075052276550423,-0.27379578924015718,-0.95872465670614793,-0.076700054876367857,-0.10688178871185905,-0.048923885760040996,0.99306733741669895,14.427162098292339,4.1184593638154219,-0.086767541571031045,,0.4769568290550631,0.3191489361702128,0,1
-0.15933404438800738,-0.96062613316771128,-0.22761830896087953,0.986668876605995,-0.16268983857220534,-0.0040674761724344326,-0.03312386203364636,-0.22523198862639318,0.97374193761148842,3.2468230716641129,16.404859243879461,-0.96311598356838457,,0.3469985365929362,0.75,0,4
0.8541349403120071,0.52005101802058196,-0.00066512702622529944,-0.50737839272932161,0.83360060719471429,0.2183510803179472,0.11410815189816523,-0.18616381587290515,0.97587005453084019,7.6713841389439841,-26.532675252603131,-0.13451926553895591,,0.2386371639073578,0.3,0,1
-0.99259644067265196,0.012640010892517126,-0.12079956990245777,0.0025767352594078543,-0.99215489666026846,-0.12498808530597957,-0.12143173555288027,-0.12437399711229408,0.98477684905917962,13.349831197381192,-28.290834817546887,0.48115303750230842,,0.4375880293007055,0.3,0,4
-0.60328712595035672,-0.70657420680140637,-0.36986150643926352,0.79227777419888379,-0.58407882810521905,-0.17648753800111755,-0.091326733068803304,-0.3995057106502945,0.91217027740701051,11.720525574435394,4.496439787490714,-0.3239439473735346,,0.2270767507925193,0.1111111111111111,0,1
-0.82609593614849697,0.56206306792546423,-0.040627723947510325,-0.56062049166035577,-0.82700892631995349,-0.041963080411484173,-0.057185388076335657,-0.011888795621705212,0.99829278667594612,29.296966688897399,-5.8974725849129541,1.3459891248543612,,0.3287262429022797,0.2777777777777778,0,3
-0.98386262949543524,0.16193037124484608,-0.07611097917405199,-0.14704995828575998,-0.97412407254819766,-0.17163508105940606,-0.10193446939324752,-0.15767322585213678,0.98221612580882478,15.491989261196711,7.6422980302084635,-0.037305187878433475,,0.2079315419722197,0.1,0,2
0.30570664988856355,-0.89274188980410318,-0.33099148388275723,0.95212151822424307,0.28560204102142395,0.10906919225317234,-0.0028387934538789887,-0.34848729152351482,0.93730920666465822,-2.2272661205848481,16.65095074304736,-1.3993088920812062,,0.2768017022028716,0.3928571428571428,0,3
0.17084946140396345,-0.91972171843793804,-0.35344366194846671,0.98528881431127213,0.1580024051120108,0.065124437593793494,-0.0040514109966138159,-0.35937056169417447,0.9331861472699593,14.417814173413641,9.3721185045170081,-0.13629053089048607,,0.3666996659923407,0.1818181818181818,0,1
0.96603667794702874,-0.21589740085429746,-0.14199101790404753,0.23425666804122525,0.96363757154747587,0.1285552184094706,0.10907314215374929,-0.15745139887102377,0.98148464412555425,0.94685321094880004,15.329261067746165,-1.1484986458429394,,0.09245558848968274,0.2,0,1
0.32103352929551521,-0.86096441391558853,-0.394560199512131,0.94689569398497697,0.29973623474485239,0.1163904390132086,0.018055962471558711,-0.41097258734855502,0.9114688775088593,-15.867104288198439,19.510246461028242,-2.4435045676495473,,0.3679327007575567,0.375,0,2
0.27399625504257735,-0.94725392133507846,-0.16624097189910683,0.96163737647780922,0.26743684806211937,0.061082636317328798,-0.013401805233593677,-0.17659994567925413,0.98419147060039347,-5.0668593661339685,-29.179289000454993,-1.0468788051111042,,0.1315612853989278,0.6,0,3
0.069875139202998024,0.99562160049108284,0.062089399714732339,-0.99607521579685432,0.066246355191436734,0.058699104755522064,0.054328900196961349,-0.065947320335432658,0.9963429738518581,-4.0783602052361765,-31.973834756500569,-0.85019008758007264,0.4038376812696052,0.3329179446801787,0.6785714285714286,1,4
0.95920268586534985,0.26038105552822655,-0.11014496516276093,-0.25581024871860458,0.96521644758979064,0.054021532305843167,0.12037991559734892,-0.023641387948938612,0.99244635154582705,3.8492168810352982,9.5621004772555249,-0.90735364092358017,,0.07527920767225811,0.3684210526315789,0,1
0.12108918982758243,-0.93327241829764762,-0.3381419840122788,0.9925603937980727,0.10947953702170113,0.053273780013518804,-0.012699321647809859,-0.3420772196717789,0.93958602746704956,5.8473819059376053,-27.225063903719718,-0.26954206685939391,,0.299055519478463,0.25,0,4
0.15848634184131527,0.98721145667224397,-0.017193582082393775,-0.9872703279575562,0.1586839423529165,0.010803053916177936,0.013393243981101517,0.015262576925360503,0.99979381612473506,4.4436953258723761,10.235247601395578,-0.87088543582515132,,0.1540770167551085,0.2903225806451613,0,3
0.97136194706835099,-0.18038845204778056,-0.15464790381827467,0.21859707273502482,0.93353983220400516,0.28411036848414223,0.093119748599634344,-0.30977957979234572,0.94623745664839187,2.1961054481460867,14.937042320419888,-1.0349225444120662,,0.1549639605103481,0.2857142857142857,0,3
0.90837547642608252,-0.34745191812530019,-0.23266103760349754,0.40651991796999865,0.86412247210614923,0.29670508842084653,0.097956878887356158,-0.36410097197371805,0.9261937875447237,-14.145055167658704,-24.538259856243791,-1.8151549314978992,,0.1990100805357878,0.5,0,1
