axis_00,axis_01,axis_02,axis_10,axis_11,axis_12,axis_20,axis_21,axis_22,location_x,location_y,location_z,dbh,dbh_approximation,score,reconstructed,number_clusters
0.9631904779322501,-0.23157709308184429,-0.13651429661543316,0.2627536350794421,0.91829860289463328,0.29612193970441331,0.056785829862590682,-0.321091460306137,0.9453441932149842,4.7279207387780042,-24.563380372449508,-1.1721861606023223,0.4951416498168454,0.3242769499157249,0.1612903225806452,1,4
0.81636247319347233,0.5773576612594381,0.014506665587499325,-0.56775437778008198,0.79767309992671087,0.20340253726259752,0.10586443629938834,-0.17428642126781604,0.97898772438098969,-15.256951029694653,-24.146494050672313,-1.0032858887031195,,0.2986496144838685,0.5555555555555556,0,5
0.83240355635302588,0.55339011154037199,-0.029388838360326963,-0.54682399293906914,0.82881981240818392,0.11849573539092369,0.08993241972174229,-0.082565749612037123,0.99251954986992308,9.6105488410375575,-24.205504891917705,-1.2448267437351623,,0.09276737873510781,0.5384615384615384,0,5
-0.95350230419156112,0.29961543514793154,-0.032618199252856445,-0.29592397254267899,-0.95123428188137682,-0.087076652715760081,-0.057117058537212349,-0.07337528190567176,0.9956674694039771,-10.862157236863508,-28.101909487835215,-0.78437234438370307,,0.1222709726687893,0.1333333333333333,0,1
-0.80476244028202848,-0.58183375025058648,-0.11758784707890822,0.58642472010455071,-0.80998450558224599,-0.005581072207388323,-0.091997078005846167,-0.073447857599953509,0.99304680144108193,-10.278820854650577,8.3691263664489348,-1.3200994696624007,,0.08860405200145591,0.2315789473684211,0,4
-0.95188619542945041,0.30206635504919488,-0.051658378779624495,-0.30115021443097767,-0.95325235051341206,-0.024869752488325292,-0.056755786480513291,-0.0081162422307434964,0.99835510080984202,-13.888307997218735,9.6347673420476614,-1.3198808417483856,,0.06290399358028567,0.25,0,1
-0.92716449221058628,-0.33653191777212826,-0.16465804779754512,0.36472925018638064,-0.91124982795561538,-0.19130165997539469,-0.085665503222509307,-0.23742371274048096,0.96762151804626573,-14.624001796683951,8.7288598971847779,-1.3117384607875411,,0.1939249737820379,0.4782608695652174,0,1
0.97811387255755,0.19821381765133519,-0.063281393810150924,-0.19149073783942278,0.97650217710623399,0.098867565098457857,0.081391336345986595,-0.084585936176575408,0.99308643620228043,6.6231288748984793,-25.321982539993527,-1.2272459833746423,,0.1458192246563685,0.5416666666666666,0,2
-0.73185828513764795,-0.6580730798644332,-0.17698381856294101,0.67401402550975043,-0.73730590699722576,-0.045662817731052942,-0.10044174376981943,-0.15270828747889656,0.98315392235587429,-10.816532049594802,18.203970502160956,-1.3664522694291934,,0.3445888731321858,0.1111111111111111,0,3
-0.76177353648677759,-0.62791811354676952,-0.15943626246338122,0.63766630530583857,-0.77019607077916108,-0.013405060012567022,-0.11437990289393905,-0.11187875238938701,0.98711720812564363,15.58200421084725,8.2133967949486681,-1.4001627925115894,,0.1322779866673424,0.3636363636363636,0,5
-0.92406346029994546,0.38198483869784644,-0.013939309289642425,-0.37908747055765557,-0.92050813225072681,-0.094643901686679216,-0.048983783078594946,-0.082172753788949296,0.99541359621518677,1.2315672221780278,7.6945118335045333,-1.3929020357848234,,0.09336893587233504,0.3333333333333333,1,5
0.54144049943432648,0.83219829300638271,0.11953320329334995,-0.83707762180941869,0.52035160713295947,0.16892382904739572,0.078378827741899332,-0.19152077190583983,0.97835400203116485,8.1702335069922754,-26.420357107343467,-1.1886076565461108,,0.3709410815558321,0.2307692307692308,0,4
-0.90807646083507476,-0.4039103530635873,-0.11069583535658778,0.41421278783150395,-0.90521234561891972,-0.094965129052441102,-0.061845837969081933,-0.13208722885707627,0.98930685649032091,13.240378442191581,-30.552461158125737,-1.0687781866435329,,0.2983221856996623,0.25,0,4
-0.96481940315554449,0.25506500653144193,-0.063760189285273383,-0.25645231451123207,-0.96644847805196599,0.014475829954462626,-0.057928660233174681,0.030318009732728402,0.99786025505049314,20.673521591155723,9.2173576598142866,-1.5309578555708507,0.4551237670919659,0.4708152589975075,0.8032786885245902,1,5
-0.67819745317710178,-0.72071190422455389,-0.14360559046607752,0.72979616088751065,-0.6834667017961118,-0.01645694655142016,-0.086288921988537381,-0.11596386784237227,0.98949815729848312,26.729210222063699,4.6433127357976227,-1.853452118299914,,0.136530816238515,0.4615384615384616,0,5
0.97731253985737543,0.20975464022689402,-0.029380101102826989,-0.19478548076477256,0.94457968506185219,0.26424956963387641,0.083179420055459058,-0.25253160093687038,0.96400672954471578,-11.703513933215822,-22.075580617837964,-1.0306113751245822,0.14770527243569,0.169610423883935,0.2368421052631579,1,5
0.39257994556122144,-0.8979017748289414,-0.19913158740436893,0.91936738574679555,0.37714483336011162,0.11191686510475113,-0.02538890246249206,-0.22701140374177003,0.97356110553110098,-21.614794578059485,-29.694486614777048,-1.0026949602965065,,0.4834042763249624,0.5098039215686274,0,5
-0.99760949674213772,0.00050222899881129145,-0.069101662613355361,0.0059102839853205948,-0.99568933939506876,-0.092562454365812077,-0.068850276347376407,-0.092749593966997709,0.99330617246941821,-2.3766734692815166,-31.643337225766118,-1.0641566320797198,,0.1963913687223018,0.3571428571428572,0,4
0.65293182915733483,-0.74754284832441864,-0.12190043639081784,0.75729631143049636,0.64718684315250752,0.087472777159846873,0.013502709617767353,-0.14942851123298495,0.98868033097845731,-12.581152107067759,18.266077165891282,-1.4580307979314182,,0.1822042657562711,0.3571428571428572,0,1
0.19066100804127301,0.97128807440105591,0.14229496315391355,-0.97876455732582091,0.1769744074058649,0.10344080648434598,0.075288254963669476,-0.158995395057942,0.98440446109050794,-2.2178315711497789,15.259310413175626,-1.3877506780367574,0.6207582292101204,0.5810554996516039,0.8676470588235294,1,5
-0.32667085950252728,-0.93895065982897907,-0.10797132933610676,0.94284823962298969,-0.3316934137724426,0.03188536184228731,-0.065752160357743297,-0.091384559235733201,0.9936425492809684,-13.391344417431288,-25.825795265553413,-0.87710584778604694,0.4456600195285222,0.4446668191078927,0.9595959595959596,1,5
-0.94443565064445356,-0.29728974207551129,-0.14021451796609549,0.32243104644783382,-0.92080488017433204,-0.21944610484966409,-0.063871136504239964,-0.25246223857007022,0.96549639875964677,-6.1753440252176732,-18.582851342345489,-1.1242282104695376,,0.4908710274269535,0.3773584905660378,0,2
-0.84844849434589442,0.52853992939840355,-0.027940928290174461,-0.52570238673997738,-0.84766754086599949,-0.071391461240695689,-0.061417855857051513,-0.045883365108946243,0.99705695112576342,-8.4871391986061049,16.511460741384614,-1.2386962794280172,0.1927217198542928,0.1606743891733281,0.4814814814814815,1,6
-0.23230750824618326,-0.92193924956241358,-0.30993748035489921,0.97259250807081843,-0.21695895085321243,-0.083621928279539889,0.0098506272371138483,-0.32086887315688239,0.94707240028525186,7.2513214667765684,11.511308859037614,-1.469885604744994,0.6918125661179,0.4607215774540121,0.5454545454545454,1,5
-0.40669979960598118,0.91355972553855191,-0.0019750631332375885,-0.91356180223361227,-0.40669959549397317,0.00052203899569332906,-0.00032634357573677395,0.0020166553904606686,0.99999791329827625,5.1417430534014699,12.050512014849135,-1.3922930011301426,,0.122794868092678,0.2631578947368421,0,4
-0.8378992538831852,-0.52073175377042147,-0.16359486837056522,0.53883418508697056,-0.83695616847520626,-0.095718822772548479,-0.087077903762444675,-0.16835323776655894,0.98187301929009885,-15.293522798678179,-31.798854387407825,-0.85282796972857877,,0.2603010629214875,0.3529411764705883,0,1
0.045334277114219453,-0.94109678692046794,-0.33508452809179645,0.99805814974454099,0.028325539774646552,0.055476062630452648,-0.042716894164184782,-0.33694881131181581,0.94055343575392869,-18.01105439193077,13.093840706607375,-1.5254810854909484,,0.2915891496967451,0.25,0,1
-0.39695443388698542,0.91727818006733997,0.032061157025465574,-0.91774755687408482,-0.39716418010088744,0.00018946355424018289,0.012907333927327338,-0.029348840132761796,0.99948589100284446,-18.624559692454707,18.704492397628432,-1.7722769559269713,,0.4752464414480977,0.6,0,1
-0.91587112752891087,-0.36370116460015028,-0.17000453119671854,0.3939270749742888,-0.89582180165825553,-0.20572982106626678,-0.077469589911929773,-0.25539139089298135,0.96372905948540633,-9.1709221937351035,11.041108506837643,-1.2953978193735143,0.5876988612905085,0.4186559987134057,0.2297297297297297,1,4
-0.14645613232458513,-0.92214935902698947,-0.35803793227902014,0.98726437637471687,-0.15898812669680945,0.0056415167181386875,-0.062126101165012174,-0.35265186121095682,0.93368999798567143,8.5867374185151668,9.2852825779649102,-1.443619957368675,,0.2040139639843064,0.3636363636363636,0,2
-0.914292347303436,0.40454928536802603,-0.020233125576494079,-0.40180889104456335,-0.91214434233246733,-0.080884571015802431,-0.051177326424043587,-0.065822294544412907,0.99651809155729687,1.1994743964565067,12.794295603627303,-1.4323741151155422,0.4522209797933935,0.3473307906385664,0.6716417910447762,1,5
0.97197293962355458,0.23256302869880388,-0.03439538227706844,-0.21806430142397024,0.94653675953883054,0.23773119964827127,0.087843981490037651,-0.22356788795390489,0.97072181102095811,-0.67531691753644385,26.305296128369303,-1.3642633479183099,,0.2317032213679593,0.4,0,2
-0.747167442628353,0.66456816673986197,-0.0094849582088489572,-0.66457468355876659,-0.74721620729682858,-0.0029033645493559933,-0.0090167981551280557,0.0041341636348537726,0.99995080181080309,-6.2568563774137465,25.779856386529591,-1.5282470057074118,,0.1147762424888479,0.25,0,4
0.21407106349444088,0.97667504328400312,0.016716447007305322,-0.97502042087567409,0.21260805941263891,0.064288350019374982,0.05923477567933285,-0.030061152655559236,0.99779134514748968,16.018561232429096,17.462845900111301,-1.5782668761459195,0.7165697212093011,0.6636365809828454,0.8727272727272727,1,5
-0.78771303689247019,-0.60002049044150862,-0.13958360419466168,0.60870126246857148,-0.79295888552001903,-0.026438209924560939,-0.094820591533735871,-0.10579043872288059,0.98985728188260125,18.795980584931034,8.4587721889281315,-1.4985396021409281,0.1484720358302055,0.1134289955916016,0.1764705882352941,1,5
0.99346560707942833,0.11241934341764591,-0.019697176849639956,-0.10315254017491904,0.95827971574159121,0.26656995302110614,0.048843024125890352,-0.26279626638093317,0.96361428038944974,-12.747080037653946,-26.546793203600203,-0.83180856141573345,,0.5770676298068778,0.36,0,3
0.58739715534705794,-0.792290560026921,-0.1650462068101298,0.80899779270199346,0.58040035857249983,0.093048348573288864,0.022071549412919066,-0.18817835226492305,0.98188683382830411,-4.8279039249437359,-27.258626987477044,-0.97239032682705895,,0.4082600731494546,0.3333333333333333,0,6
-0.95208287924862389,0.30444845576248891,0.029143246653150334,-0.30051956220064957,-0.91356617173880861,-0.27401613563662292,-0.056799505071616171,-0.26964418710280769,0.96128342781163445,9.0155801944365113,6.9505686105663198,-1.3751612231042771,0.7014909198545889,0.5677210068585377,0.411214953271028,1,1
-0.97883832817243543,0.19437283386670298,-0.063990067629428146,-0.19417775593948025,-0.98092214436193736,-0.0093137424640393606,-0.064579612873564035,0.0033087996321690101,0.99790707255039279,-7.6559697263403006,17.411146261744882,-1.2434432194334706,0.2603306549182227,0.2274861693054933,0.8317757009345794,1,5
0.96140501956361135,0.27248069914188194,0.038139965299449914,-0.27454486140101841,0.94098382689027105,0.19792563403772598,0.018041824635761344,-0.20075782955115723,0.97947475028084341,1.4196119450216369,13.664538245196448,-1.4299998741173157,,0.2323332668947465,0.1363636363636364,0,2
0.49718102872614056,-0.81455845888180722,-0.29884032816692052,0.86764085099847943,0.46547814329853376,0.1747267918494041,-0.003221545196350214,-0.34615692276111654,0.93817109658691955,-24.560250070407061,-28.887915358336709,-1.0506892942996979,,0.2716296329254944,0.2222222222222222,0,2
-0.94692485045655639,0.32106838501071522,-0.015761336695831855,-0.31961315824405029,-0.94560803705701846,-0.060604202250637611,-0.034362139995815277,-0.052350094553721221,0.99803742962632647,-51.592467335706729,-0.3111236280523062,-2.0618217533200061,,0.2743113784988728,0.5263157894736842,0,2
-0.0048978510057252414,-0.94305806852319685,-0.33259207815103325,0.99890698434836378,-0.02007490663735257,0.042211784415721924,-0.046484918797213344,-0.33202180277324994,0.94212561519556282,18.281168289400203,7.6722427162604498,-1.4679851724730071,,0.480343760248559,0.3870967741935484,0,1
-0.96366633976376359,-0.24215883819072687,-0.11272214818938477,0.25504904577597143,-0.95958039480332724,-0.11897667905038696,-0.079354709092016265,-0.14340349715125458,0.98647770737595142,0.68215454216917548,-34.790259497629705,-1.1133497330335862,,0.196516836064329,0.3548387096774194,0,2
-0.43056338903351443,0.89704929907471376,0.099587765581617901,-0.90128046482771651,-0.43320156717045299,0.0054704589385854256,0.048048847477435631,-0.08740112831438826,0.99501374413897525,-11.295329206477106,-24.860562268630986,-0.88444777515414597,,0.6260929810660351,0.4942528735632184,0,4
-0.8375425402250658,0.54636484686849507,0.0028191168316177686,-0.54569735586476509,-0.83624069652475641,-0.053999011824240446,-0.027145701603544469,-0.046764854133805378,0.99853700948051771,7.4416917282167567,-32.713766351967728,-1.1079404950907439,,0.2761827443863479,0.2777777777777778,0,3
0.068997223037345984,-0.94351260960664818,-0.32407304535611686,0.99692981214160925,0.053156400342342369,0.057492145254291784,-0.037018007461649467,-0.32704487859603865,0.94428349265867806,-7.3447246169144824,-27.186497292650117,-0.93549961927101799,,0.2229385107813198,0.3478260869565217,0,3
-0.9088620772815541,-0.39301479632360026,-0.13967495963907123,0.4072208760543542,-0.90855002578766797,-0.093316712044258773,-0.090226839604307274,-0.14169058018070893,0.98579049341281,15.432850110348472,6.2253067032494318,-1.4435895070605209,0.4066294756040714,0.2182493106944384,0.28125,1,6
0.94225081487400808,0.33468877045263717,-0.012117293516652437,-0.32250085707292198,0.91650641623546836,0.23666259988947941,0.090313891824554751,-0.21908769005153886,0.97151633285878547,0.66434185469007789,18.789502295456266,-1.3333187308268988,1.01085198941154,0.5277661788666627,0.4222222222222222,1,4
-0.58818622296859024,0.8073931366328847,-0.046403556200526733,-0.80870639562650415,-0.58759789493799741,0.026882699589554433,-0.0055617247982966446,0.053338886213959172,0.99856097982783321,26.596332881115838,6.231625089034269,-1.8267015637123714,0.2526219826479933,0.2784031952730386,0.7391304347826086,1,5
-0.14834573002864523,0.97557031122558702,0.16203737913666591,-0.98851766528045559,-0.15104187505927216,0.0043792016460029058,0.028746648687202874,-0.15952717584722217,0.98677490359020792,20.506976406336683,-29.530323600845907,-1.1900291408469379,,0.2299667165289104,0.2857142857142857,0,2
0.88030660513476777,0.47299827895852231,-0.036509027080649063,-0.46638185717855374,0.87694568240651904,0.11599238510888486,0.086880632196034535,-0.085081714903031805,0.99257889234981045,-4.6941981576722016,22.513057921311844,-1.3727872650540518,,0.6300723934385548,0.3333333333333333,0,1
-0.91044094365716166,0.4095016600380868,-0.058358191701830237,-0.41065583978420472,-0.91174759737875077,0.0088374162063627124,-0.049589004464559265,0.032011077772014659,0.99825659103062647,-1.0200289131827369,12.266435869745797,-1.4234364751419579,,0.08168262026529097,0.2,0,5
0.90292279690531219,0.429792153029737,0.003021261781176177,-0.41945907715322633,0.87963827515713711,0.22425562974502908,0.093725692435163599,-0.20375281610971435,0.97452567154739911,2.0611338640365862,17.920831438577235,-1.3568908695829063,,0.1142763707469047,0.4117647058823529,0,2
-0.91892073273456987,-0.36324421330425033,-0.15374761283199495,0.38495564273194399,-0.91085907217679574,-0.14881163853026491,-0.085987441405105614,-0.19593211103390576,0.97684019562382884,2.3818821549706546,-29.428979812096568,-1.1413034530355399,,0.2842756808134064,0.2222222222222222,0,1
0.67055451358528484,0.74176181657489637,0.012085188534331135,-0.73921943406616564,0.66670554497718482,0.095175336067551325,0.062540167966659871,-0.072753857411024123,0.99538716267717509,-16.190461600139066,11.398512598493291,-1.4363037121552973,,0.1985010954038533,0.4285714285714285,0,2
0.02396671964365462,-0.93558216718110532,-0.35229476976280699,0.99856374654205404,0.005512883059993358,0.053292140248481903,-0.047917016199044475,-0.35306602296606449,0.93437055978102579,12.459681438457721,9.776567232410736,-1.433146244813571,,0.1620716725320006,0.2,0,5
0.8018204975064237,0.59551072498142921,0.049506223958654068,-0.59150852684507726,0.77920012546955453,0.20727958688157777,0.084861961137592354,-0.1954843750797586,0.97702830391527473,15.141177422334239,12.149730352766511,-1.4724716840050904,,0.3310432463944973,0.3666666666666666,0,4
0.83249183115136094,0.55390395740769505,-0.012155535132206272,-0.54631272933772579,0.82433822649743038,0.14835393523138685,0.092194104094680041,-0.11686271562465125,0.98885962242727543,15.334353047797865,-28.616378619150048,-1.0979831087988885,,0.5198490440400343,0.7101449275362319,0,5
-0.93104616983358246,-0.34005126444291994,-0.13235621326174027,0.3624172479083157,-0.90398610394671541,-0.2268542754496834,-0.042506094348673903,-0.25917997882168625,0.96489324306951807,3.6498391908650083,12.855482915305995,-1.4251161700645367,0.7688324522475993,0.5078031783030159,0.4,1,4
-0.093006987526479762,0.98955560221966987,0.11013360244227838,-0.99541832766316829,-0.094877642305788282,0.011856894313192513,0.022182272730912594,-0.10852623234112317,0.9938460663857005,-0.67267496857074183,-26.621397535918966,-1.046830653295248,,0.4307598984214131,0.25,0,5
-0.80292889527828881,-0.5872386991423858,-0.10225409212713747,0.58990557727807302,-0.80745638070930725,0.0050599553407091602,-0.085537120733691102,-0.056257474893431192,0.99474544356594308,-7.2531010809658811,10.924418330046391,-1.3514966608117676,,0.07563675091120411,0.3970588235294117,0,5
-0.48885170569585712,0.86965798863476984,0.068694924426612999,-0.87200879982388646,-0.48487760218131137,-0.067040017397131724,-0.024993256449627018,-0.09267520545771106,0.99538266180671187,-0.99632647662613327,15.592642992572987,-1.3843638054040193,,0.1597359818211765,0.35,0,4
-0.62930176011508721,-0.77054552831229761,-0.10118736835186035,0.77271925012795184,-0.63427935030180038,0.024385779922358998,-0.082971411930548494,-0.062843413168350709,0.99456847437650209,-6.9498221952375667,8.8482227204270387,-1.3833209888424509,,0.07572784345488986,0.28125,0,5
0.37636936725239067,-0.91770940678266999,-0.12710446135614373,0.92631777279349847,0.37026503221476792,0.069564284844235935,-0.016777461098991159,-0.14392098742573048,0.98944694965292335,-1.4569124562989717,13.144303446768863,-1.3946782785473315,,0.09046349054119493,0.3095238095238095,0,5
0.0043422806512446411,0.99996587954690663,-0.0070273992861855294,-0.99891146264082276,0.0046638735769201824,0.046412693177958535,0.046443884457683313,0.0068182127599658599,0.99889763117711006,-52.281470105518011,-5.1649331679429196,-2.0326983281512074,,0.3331370069473952,0.6190476190476191,0,1
-0.80288797802526168,-0.58170647992495172,-0.13033980955880947,0.58718227664933509,-0.80944234923171199,-0.0044785331470716342,-0.10289736989548649,-0.080128986537754049,0.99145926632667192,3.1607636495895961,7.947444313937738,-1.4173545583568177,0.1697224620594355,0.134900142393254,0.6754385964912281,1,7
-0.94916239725807805,-0.29827645160910909,-0.10060766395646832,0.30458135266523279,-0.95094275780685922,-0.054203975714908946,-0.079504359879920369,-0.082091593906831906,0.99344855275445454,-18.946516083927847,21.82530290141284,-1.9127058558571888,,0.1775295108919948,0.1666666666666667,0,4
0.49295926729612294,0.86301504508155902,0.11043637421495049,-0.86667305685045004,0.47589640137155159,0.14966772427983474,0.076609224747198945,-0.16949232172721684,0.98254942855774519,-19.707068394384553,24.423629341269166,-2.0130417116943362,,0.2314994969915242,0.6923076923076923,0,1
0.90673231447154368,0.42004456405346413,-0.037404198991727894,-0.41168503461591749,0.90091724359308423,0.13734464849396344,0.091388960856157844,-0.10913608205252191,0.98981683832305911,6.4096445015636601,9.5575332067909233,-1.4254094062908826,,0.09225944128663686,0.3571428571428572,0,4
-0.99369625838106179,0.089670661339242994,-0.067282379375735793,-0.08588150916461873,-0.99465938400199849,-0.057245752684126641,-0.072056314526106544,-0.051106577969449708,0.99609035997000139,34.767958421292917,6.974764111314367,-1.8417312595259097,0.341509876560859,0.3610908991312819,0.7272727272727273,1,5
-0.23535513034099459,-0.95428419431433298,-0.18425427838728264,0.96991363417172949,-0.24275562528260652,0.018364330683148765,-0.062253553070990807,-0.17438859732074113,0.9827070327694527,11.322024955820597,-22.26254892369283,-1.3351025655772648,,0.8322137923195679,0.5272727272727272,0,1
0.86755313006015777,0.49718787173913859,0.012481454976396749,-0.49520714815183703,0.86122853762894203,0.11425973215808709,0.046059167840359717,-0.10530729399723078,0.99337250157674151,-8.7311085130500778,13.821831348490182,-1.2572654418107063,,0.5343032686672283,0.404040404040404,0,4
-0.62635150076863488,0.77926203802194161,-0.020844029907125333,-0.77937125123834916,-0.62654898632970935,-0.0041012769211694238,-0.01625577522141837,0.013676396714923598,0.99977432750838691,-5.1788510733844184,20.589729969564981,-1.2843690058173054,,0.1022904290865848,0.1923076923076923,0,3
-0.94819477905708704,-0.30757160085762775,-0.079538489517702121,0.30623849575990331,-0.95152050384505771,0.028752642959548685,-0.084526000044914937,0.0029053585534206268,0.9964170382967581,-15.077995686498573,17.848512288344221,-1.5736236941993651,,0.08212963382315751,0.4782608695652174,0,1
0.98905973880433617,0.13533018081066267,-0.058707539873955356,-0.12524667240677465,0.98064644740399487,0.15048526919587438,0.077936539102841609,-0.14148599703037074,0.98686757395153746,-8.2774933500829579,-23.653805472325004,-0.87170734832922303,,0.09315677342909004,0.3181818181818182,0,2
0.57379339552213149,-0.79725549934870432,-0.18746948555279794,0.8189862983128624,0.5572215320632169,0.13698761761895242,-0.0047520975345540922,-0.23213753027756878,0.97267136516176556,-0.38408764766347087,27.174038745336951,-1.3677820492409916,,0.4646251374515235,0.3,0,2
-0.88190036765906243,0.47032952088882674,0.032278217164156381,-0.47046750831968653,-0.87363758465364094,-0.12416800834360482,-0.030200416193748237,-0.12468966461194109,0.99173606488857979,7.6198655725184086,14.075555744435377,-1.4717122667757447,,0.3544096276152164,0.3846153846153846,0,5
0.78094438614048878,0.62359852967349227,-0.035365796254507954,-0.61708689356857926,0.77906828807822825,0.11070848340006087,0.096590017815182977,-0.064633399260131355,0.99322348550492146,0.57835351183620021,-29.690844040554587,-1.1012839815834885,0.6798644124792597,0.3329612203427372,0.7297297297297297,1,5
0.85951994608159688,-0.49134982407585603,-0.1407153604568904,0.51099667242170654,0.83172629565592704,0.21705706597208771,0.010385714314891235,-0.25846995859305055,0.96596346589458293,-8.5309026814967055,-29.983793572786801,-0.94439674080840741,,0.4383668427411617,0.2352941176470588,0,3
0.76543192872906907,-0.6263845652349328,-0.14750030141508652,0.6429445759544159,0.75405583368002926,0.13424631072738014,0.027133645772244992,-0.19759093129129188,0.97990896982247588,-16.144327565634136,21.787197844861048,-1.7833179529884358,,0.1552837017312523,0.25,0,1
-0.86823572373946289,0.49345849126108537,-0.051627951973185225,-0.49338897157863426,-0.86967990884913238,-0.014972603939976301,-0.052288151116577579,0.012472912510671305,0.99855414260134745,-11.779874315894501,10.968062475609081,-1.2996350860300661,0.5613249534127749,0.2714078564811133,0.4196891191709844,1,3
0.84952137361294278,0.52672874578193229,-0.029500239690083956,-0.51833384611940558,0.84377679014079532,0.13917885035723465,0.098201118842120544,-0.1029444354333426,0.98982775444592741,3.8382694315661672,-28.31275118747633,-1.1800944398524684,0.3256014666525643,0.3301127078689293,0.8421052631578947,1,5
0.98920923989650655,0.1348911290115237,-0.057179218404708285,-0.12751389833900068,0.98486633382591326,0.11738189905900193,0.072147664090861624,-0.10882411410300219,0.99143937119519854,9.9031070421804568,-25.960610552565168,-1.2113318976699892,0.1647343293621164,0.1760061970219285,0.2758620689655172,1,5
-0.87086107238244681,0.49117901256063989,0.018551825485659527,-0.49006234687334838,-0.86472971585247227,-0.10991548889346459,-0.037945866519052886,-0.10481267166549053,0.99376778729865312,-1.3829688371057871,8.1289232229441613,-1.416926131641681,,0.2581786752366585,0.2891566265060241,0,3
0.87468520276707273,0.48469019862275803,-0.0010988263537550376,-0.4690679003646484,0.84705938742938247,0.24993138861547398,0.12207006556819883,-0.21809586315836085,0.96826292584472362,-9.2220867499424841,-26.381033135029153,-0.82629592687567033,,0.2526413790639029,0.3333333333333333,0,4
-0.94488237930372621,-0.29707638792083313,-0.13763324097483987,0.31558562907350685,-0.93833109675265369,-0.14121070635486463,-0.087195183373891177,-0.17686258113821496,0.98036555803920433,-7.0100891727527896,19.655226971618337,-1.2819782456687556,,0.3554897123717021,0.3103448275862069,0,5
0.67645327275234668,-0.72714106857017746,-0.11694800631588226,0.73574179958054176,0.67433055816292986,0.062946824206286986,0.033090393358572112,-0.12862412186791325,0.99114119132497125,-10.049849934731215,19.753666569847635,-1.4163525114226307,0.6065353280689115,0.234016765293694,0.72,1,5
0.68991970934315638,0.72382116273809893,0.0096808590693842362,-0.71908623998160093,0.68374649639274099,0.12411973307969751,0.083221236045725747,-0.092594022718090335,0.99222002238813134,-3.6214944016402599,10.650069728173849,-1.388944218709,0.6850978929814036,0.8188431602292714,0.2833876221498371,1,2
-0.62115844270142107,0.78229240984013471,-0.046698764087062819,-0.78358113448276656,-0.6209426278170399,0.020757134734076133,-0.012759104335532028,0.049485740028646093,0.99869332970155122,0.81169340618429175,-26.738008523501225,-1.0875607296319894,0.207934066773418,0.09799232996736922,0.4210526315789473,1,4
0.25187799724309445,0.96001876026688215,0.12215340535755116,-0.96543556796028185,0.24052232049991421,0.10041502605957257,0.067019688316312637,-0.14322357793664831,0.98741853745056307,-10.841677538888929,-26.943749344987861,-0.79059218012909549,,0.2595581388857031,0.4347826086956522,0,6
-0.95699261531761426,0.28948611785543965,-0.019050506464131402,-0.2887740588511849,-0.95682216076565452,-0.033179746869991505,-0.027833022871510297,-0.026251480657871657,0.99926782325916208,-3.2142279952133301,-29.836730905940016,-1.0664297052624221,,0.6164947968337154,0.6875,0,3
0.68778067715586744,0.72589971753028137,0.0052287876675845245,-0.72037501761566902,0.68162220410995955,0.12826147067418023,0.089540907557604021,-0.091982449161439925,0.99172660291030923,4.5002799803030378,-27.062619845026081,-1.1858056625615845,0.3329135227638882,0.277751734597663,0.5952380952380952,1,5
-0.46119015689505166,0.88620325127862798,0.044129770068600929,-0.88730105961064465,-0.46058089969645066,-0.023707898444113994,-0.00068468748056362114,-0.05009024114533657,0.99874446128379457,-9.8875402304136504,16.835605611237121,-1.2826451005542521,,0.4813357087623541,0.7023809523809523,0,5
-0.7807447742824456,-0.60589851036043096,-0.15272390963324342,0.61924136493895554,-0.7829442755707392,-0.059484395428961945,-0.08353280421003198,-0.14101509314261598,0.98647707227628312,10.153318120044331,5.6549005076995762,-1.3203367052883757,,0.08846735481680194,0.2173913043478261,0,4
0.74039382091729,0.66509070208352472,0.097320850538511611,-0.6655606466455618,0.70512631949456817,0.24459333431797628,0.09405325929619153,-0.24586832158309441,0.96472936767659079,33.230055868916232,3.3031238176576618,-1.8655720845363453,,0.4723601403521335,0.5666666666666667,0,2
0.11789238022375376,-0.96602038157969949,-0.23001306279815739,0.99267720492537881,0.10850391553173504,0.053093004584587392,-0.026331606610968908,-0.2345879849585083,0.97173819715311771,-12.308304495162528,8.9900934608776151,-1.2876122226148079,0.6685244909831645,0.3093374901931485,0.2465753424657534,1,4
-0.44070789552049683,0.89720015137325071,0.028433065288678692,-0.89726265014813689,-0.44122751520099929,0.015427782688821213,0.026387259710635491,-0.018712781871416905,0.99947663520444319,2.1300168606256276,-24.795183085287569,-1.101005505911594,0.3606807316446388,0.3232302061064077,0.3703703703703703,1,4
0.98973142044938001,0.1330929924036402,-0.05213416104914146,-0.11819202932765467,0.96712405545866875,0.22517039227347219,0.080388802570158929,-0.21669636989627483,0.97292359602134915,1.8899842205709696,-27.998432512948121,-1.1113275210362699,,0.1923204111826526,0.15,0,4
-0.80066501899222331,-0.58360647615279582,-0.13542159486100741,0.59147529571252633,-0.80597672582514956,-0.023632435125301055,-0.095354611445708129,-0.099020191984707961,0.99050618355230358,-5.7000409990477996,-30.070616407202689,-0.98583058932668688,0.5452835147167682,0.3930707106478727,0.64,1,5
0.69227578824173863,-0.70497100148021075,-0.15417561443453534,0.72138098006960494,0.67040909092602019,0.17366960700583833,-0.019071303261563057,-0.23144661992721852,0.97266065383368405,17.753718928440563,9.9250170887308631,-1.4594691052717677,0.2405352121232039,0.2611046179949869,0.28,1,5
-0.74842879372221782,-0.62452238934761406,-0.22321766491712411,0.65912207866430694,-0.73775002117078092,-0.14588691401135201,-0.073569192905381123,-0.25631365836814068,0.96378985385258709,14.20968829535742,-25.256403668904369,-1.252767450448671,,0.2977937789120146,0.4444444444444444,0,4
-0.35431826451289744,0.93512154532791969,-0.0025025778893334781,-0.93495500000203835,-0.35420161174677439,0.020009153084930415,0.017824573031559276,0.0094294061059523159,0.99979666477575946,-13.528681241602618,12.782552212163308,-1.3728170203346015,,0.1754346608037758,0.25,0,4
0.86573777875071978,-0.48819288704170544,-0.11029870119659038,0.49871372753491244,0.86003419454269214,0.10782301324641309,0.042222226516412241,-0.14835393240217021,0.98803258768565383,13.213967506132184,-29.183540916640041,-1.11810439781726,,0.3074726606914233,0.7586206896551724,0,5
0.37649066422212812,0.92593300123626276,0.030047578524555543,-0.92396370038404696,0.37293423391359681,0.084918417012446692,0.067422994046553456,-0.059733863066836285,0.99593473956726342,3.1814818060688563,18.965837959573594,-1.3402173357672846,,0.4970940263778048,0.25,0,2
-0.99846181059679529,0.0042392002182318729,-0.055281479369480545,0.0046378386291567085,-0.98719225235809915,-0.15946769998025548,-0.055249463641002541,-0.15947879503448917,0.9856541029700675,0.094250981835540204,8.7560396572042123,-1.3985788332710676,0.8310627953533672,0.7378459788787877,0.5892857142857143,1,2
-0.13402195664992284,0.96353402455886361,0.2316037535385076,-0.99033233910904983,-0.13866295385168925,0.0038004399643822876,0.035776713802763656,-0.22885534458806897,0.97280278474259707,2.9671057912168513,10.926925320995172,-1.3744409062807963,,0.3427367113089038,0.28,0,1
-0.69016517026376656,0.70585939136697384,0.15948215377850369,-0.723432182238546,-0.66756154108672194,-0.17608937095547667,-0.017830183856618598,-0.23690527322321261,0.97136912451584212,-24.198546053134653,-27.441426659022387,-1.0590596060580286,,0.5121083721488597,0.2352941176470588,0,1
-0.22809287981272328,-0.9440191005558165,-0.23833081203345338,0.97167634078389153,-0.2362440435836474,0.0058172701565012072,-0.061795848886187735,-0.23025353343007451,0.97116660949777323,-3.6392715745845647,17.293831989961411,-1.3099707605081485,,0.2641234140553872,0.2608695652173913,0,1
0.94107199185819701,-0.32850374363344542,-0.080428829152597026,0.33379509599541418,0.94043556788308391,0.064511832634289071,0.054445753089275857,-0.087557027583362909,0.99467051172300691,16.37496643733645,-23.085854312963644,-1.3299209140706809,,0.911962785800007,0.6491228070175439,0,1
0.75112873076530551,0.65895024430596016,0.039877378901041087,-0.65655738703085731,0.73937187969804341,0.14920328765478241,0.068833330255877442,-0.13825266377505435,0.98800211214601541,20.817388343433848,-25.603474486354099,-1.2431294799614956,,0.2844271375675949,0.5,0,2
-0.80910652782419101,0.58206938796697605,0.080881729853114967,-0.5874296267265755,-0.80495971861849569,-0.083464274066866448,0.016524535580731664,-0.11504381336422401,0.99322296627215556,26.179156366736414,7.4767867847223988,-1.8029890359426619,,0.2247284837458329,0.1333333333333333,0,2
-0.81026478657250145,0.57772881544398746,0.098490565265446264,-0.58498705464713263,-0.78709010341941787,-0.19565100305003283,-0.035512273031906329,-0.21614482391419518,0.97571527279181725,-1.0875045836524455,10.077909560030994,-1.4108798796334834,,0.1530035928469217,0.2888888888888889,0,3
0.92535129009538764,0.37834700603677596,-0.024052711735023824,-0.36917360592252113,0.91371175226072898,0.16982839123889196,0.08623130875130787,-0.14827129460429928,0.98518007723836987,9.191693734523156,-27.442647189219421,-1.1853609432315289,,0.2696894223646414,0.4615384615384616,0,4
0.97086733147617754,0.23636880517475925,-0.039324453112321592,-0.22463333054487725,0.95493864341345269,0.19398982994989974,0.08340558422936882,-0.17950480566249991,0.98021504439761908,14.752026201886183,-30.80610941661449,-1.0816956247586418,,0.2372213455333442,0.25,0,4
0.93878040661937312,0.34425536044602978,0.013401304105880576,-0.33383989110481815,0.89939130630265651,0.28221659280475359,0.085101558473903785,-0.26941329765135036,0.95925710828428956,-25.404299618107778,6.4007947780407672,-1.5813484940499949,,0.6516614537291683,0.4444444444444444,0,1
0.98220631999108421,0.18126324735152255,-0.049136342244335975,-0.17505938250767122,0.97839791404966348,0.10996242257835152,0.068007040559081022,-0.099404008686008086,0.99272044679836602,10.798499573624554,12.611280672314496,-1.4862749594100357,,0.1027371100226731,0.1111111111111111,0,3
-0.98719971034866738,0.13658942944617405,-0.082341117621000534,-0.13034162131600102,-0.9884731836781403,-0.077018354318416249,-0.091911879755682407,-0.06530002230297885,0.99362372830312728,-4.9481302719818032,-34.553310323370248,-1.0516098389505943,0.3307201396423864,0.4825659895331235,0.36,1,4
-0.45951564050738564,0.88814426942005975,0.0067180968580169932,-0.88815023720459196,-0.45954248309629941,0.0031404431395379729,0.0058764174896347695,-0.0045235965772694002,0.99997250201767651,-11.624232227091412,14.086056505108111,-1.3153175947952718,,0.09618542341064146,0.2727272727272727,0,3
-0.97065903545759369,0.23468673600149131,-0.052375307440616796,-0.22509582028391298,-0.96343209874319813,-0.14536320993287111,-0.084574869643678829,-0.1293086503534927,0.98799107504496819,-1.9872588277126577,-28.57753812576787,-1.0873542168482815,,0.3903879481566292,0.4090909090909091,0,4
-0.4453331043770366,0.88726071026797915,0.12019508376249424,-0.89532667404671984,-0.4425249120717637,-0.05061471067107929,0.0082808747334259386,-0.13015427081213807,0.99145917359365354,-13.933029378634322,11.743463323915384,-1.3690763094944647,,0.6632584767048311,0.5,0,1
0.9965445035921322,-0.0072540806600536597,-0.082743160890118975,0.027822139289138476,0.96778410181658259,0.25023960685000779,0.078262257351078668,-0.25167699653493986,0.96464175137170238,-3.1974045421188562,-26.502586257781726,-0.9780798345695958,,0.4255166088221647,0.2857142857142857,0,2
-0.99459254343108117,0.074794516622244248,-0.072051737206938013,-0.076165175465495769,-0.99695928573444148,0.016463554724982503,-0.070601264844215667,0.021862361974797375,0.99726500917824235,4.2143598122873565,14.83192316912924,-1.4187916000744936,,0.0921036944422946,0.5,0,2
0.98726071756599076,0.14546738677121301,-0.064463283635257967,-0.13774167067978288,0.98418571047268111,0.11138096542824039,0.079646140580869246,-0.10108277146645225,0.99168481162274236,11.217201450808453,-25.999895274596302,-1.213384944379585,,0.0773713711765933,0.2142857142857143,0,1
-0.32532008493655262,0.94448734330622541,0.045940185798732783,-0.94557998878701188,-0.32527359815516682,-0.0086931667846188061,0.0067325435333481717,-0.046268182129178798,0.99890636607243233,-0.25531907833921702,-28.062819582374363,-1.0880333290166153,,0.3639855497393186,0.2857142857142857,0,4
-0.94857958453353286,-0.28913876040446612,-0.12882371302659867,0.30187347619094856,-0.9487665596465773,-0.093351056066821855,-0.095232222375535275,-0.12743936804679695,0.98726391167369743,2.9801446279015447,14.203868208819548,-1.4248009564451414,0.6198145433000316,0.4019037546705472,0.1372549019607843,1,4
-0.90176832196085499,0.42977387916225901,-0.045916296646490537,-0.43092458317255017,-0.90219638909762123,0.01859244784257268,-0.033434968602774513,0.036552541485357561,0.99877225361215061,-12.386642002990078,-24.075250192213829,-0.96061861518188152,,0.1374077168515831,0.6086956521739131,0,4
-0.90328029189558967,0.42903195147280571,0.0040371881864019942,-0.42684958719140859,-0.89765403139029343,-0.10962057217181789,-0.043406729749435581,-0.10074137453990106,0.99396530687356954,-3.7603734133308357,22.437824305600394,-1.3428360312527545,,0.1378802408269175,0.375,0,2
0.05962763013916432,0.98681892398528515,0.15044253716456424,-0.99694465002804711,0.051253238889009699,0.058944637447703674,0.050457016404481539,-0.15349761160327668,0.98685995598547205,-10.109587161890422,-28.992035882899849,-0.88864895368697228,,0.3717561429832214,0.5,0,1
-0.94061243976766262,0.33504416509792623,-0.054714217422521486,-0.33510048994630565,-0.94214481140892781,-0.0084152226935523197,-0.054368187316402923,0.01041929791634519,0.99846659355176171,8.2927014631454607,10.876606284970038,-1.4574267252772168,,0.07460209274694347,0.2857142857142857,0,3
0.86723890817296523,-0.45155444816659551,-0.20975046243554099,0.48634474085027984,0.85848910265177603,0.16268144846730814,0.10660895458748496,-0.24309471604522453,0.96412628313548943,-1.0606990004825654,-31.543374896954614,-1.0941415806884989,,0.2632437750648933,0.4615384615384616,0,2
-0.8599089427448513,0.50876865598848442,-0.04136501989730694,-0.50884732750991601,-0.86080554276568311,-0.0093922750116952041,-0.040385733538588965,0.012971978551863408,0.99909995510909777,1.8115954539502646,-32.064323583558313,-1.14915718872365,,0.1756778038186779,0.3448275862068966,0,3
-0.857562582068083,0.51193770889189738,-0.05006196211934346,-0.51306418518344321,-0.858264722747344,0.012116417353150978,-0.036763565098796191,0.036075585954228009,0.99867261521445905,23.626155468682342,12.174285357001745,-1.6054297638177009,0.1538158779669021,0.1498337588756475,0.2,1,3
-0.9284880853005506,-0.35727109370550431,-0.10132739539428726,0.36136008669930209,-0.93209807524200339,-0.024739965053038701,-0.085608195843565507,-0.059586439167192563,0.9945454705903517,-11.597446209225639,16.293981467263855,-1.3330906753033895,,0.6057214393863908,0.303030303030303,0,1
-0.99482382915853884,0.027973119179406019,-0.097688553790692051,-0.015635142779779294,-0.99205221376673158,-0.12485170191384355,-0.10040463758511411,-0.12267807368842271,0.98735454573699111,-3.3227292317807064,12.802282704705885,-1.4084527463294536,,0.1379193549043456,0.4482758620689655,0,2
-0.80320142904205027,0.59505028007497329,-0.027975499414736569,-0.5929293442538407,-0.80310370252061591,-0.058815267749013619,-0.05746526870657339,-0.030653012582345138,0.99787681389643867,7.6692945029913995,15.737378397199981,-1.4517617555148297,,0.467650248009608,0.2857142857142857,0,2
-0.66884985424991661,0.74283121261758123,-0.029011412081458989,-0.74323936938026636,-0.66900309485873477,0.0054862439482498675,-0.015333371223923834,0.025231897085421007,0.999564024510877,21.928650192956582,-26.512536212131735,-1.2804472031591236,,0.2211992128427377,0.6,0,1
