axis_00,axis_01,axis_02,axis_10,axis_11,axis_12,axis_20,axis_21,axis_22,location_x,location_y,location_z,dbh,dbh_approximation,score,reconstructed,number_clusters
-0.8672791788714882,-0.48307997445059242,-0.12025208597281356,0.49729048665787196,-0.85185774935982217,-0.1644401007516009,-0.02299995164288857,-0.20241569390843783,0.97902956496930738,-0.26912748400764064,4.8066884278290356,-1.3343099244664089,,0.294030953148363,0.9128205128205128,0,7
-0.013817429363378608,-0.99246358708486093,-0.12175839583552206,0.99987962912531192,-0.012854809913058412,-0.0086879872427109098,0.0070573299496638113,-0.12186378532095073,0.99252174380274005,-14.28904085169132,5.8528712153349485,-1.9348104319536672,0.2260101326787807,0.1627429296374886,0.4782608695652174,1,4
-0.7701786690702741,-0.61210161731737422,-0.17932213412346856,0.6370501456587534,-0.75209463356099726,-0.16888094648275256,-0.031494914276784254,-0.24430569425660875,0.96918666836089629,6.3751977640772415,33.90496093699916,-0.56614855269267317,,0.4271607623025574,0.3571428571428572,0,2
-0.40219313245089405,0.91554051529048019,-0.0051233847191952701,-0.91490640284856706,-0.40211255833680748,-0.035380283414993198,-0.034452260245665382,-0.0095422895298282774,0.99936078894185942,1.0248063357049872,15.074273473777048,-1.3306347196656023,0.3256109796991545,0.2866921847008846,0.4,1,5
0.95022315158347559,-0.27030245252991369,-0.15495982173157208,0.29187518129644674,0.94627755711481409,0.13916775288832484,0.10901761664030793,-0.17746934680990212,0.97806941993139385,8.0331216479782075,-4.3672011550577503,-0.58655498379964344,,0.2626434798718751,0.2857142857142857,0,2
-0.63812797779536512,0.76625921913256478,0.075096558171137737,-0.76910165797290475,-0.62987775676555258,-0.10833582618564358,-0.035711673975442379,-0.12688900908411557,0.99127385505496124,-7.6320121383962345,10.809972439094492,-1.7601269357437619,0.5629794907075656,0.4847802406054587,0.7686567164179104,1,6
0.30598357636102586,-0.94727945544124104,-0.095056216505089844,0.95178339006747881,0.30667704741746982,0.0075872906206131702,0.021964275289087828,-0.092794514311188278,0.99544299119777646,3.2531638370925986,-3.8162716070994502,-0.93659425361430892,,0.1070943180407564,0.2888888888888889,0,5
0.98823353911888012,-0.11736178743762118,-0.098085080465983993,0.13690285186522921,0.96467734097203439,0.22506718322823499,0.068206167695737271,-0.23584706626237986,0.96939366617679545,-4.8369371457982302,12.015924555036589,-1.6078703326754717,,0.3653191251252909,0.2978723404255319,0,2
-0.28987446337102013,-0.95099538760614288,-0.10761304863819451,0.95705968650685025,-0.2883978051341618,-0.029384731702178198,-0.003090622716235618,-0.11150999392718711,0.99375850653244013,-19.940940270079622,7.2603206202170512,-2.1122999456787261,,0.08894493953577084,0.2,0,1
-0.046933593465132192,-0.97005560595997142,-0.23830518070340914,0.99850269695458649,-0.052271509213033369,0.016126174345196535,-0.0280998572748976,-0.23719150631973859,0.97105642851015939,8.3258174533695311,-16.797139224954055,-0.4629847315630265,,0.7057497627537855,0.1052631578947368,0,5
-0.74944846881224225,-0.65422236546327073,-0.10158783944265944,0.6616978264079465,-0.74525858811624346,-0.082131743960433226,-0.021976785979397694,-0.12877396230071306,0.99143042494740385,-15.719639328875422,-19.698391033057167,-1.9818727851468925,,0.4457462750978172,0.9375,0,3
-0.48260002957375076,-0.86037982903295929,-0.16384065810607248,0.87524810928073971,-0.4806411015965002,-0.054082147300138224,-0.032217365750569986,-0.16950127211711072,0.98500322846921462,-6.7101594268245641,-13.393594173594932,-1.4427749300939656,0.6942287626254182,0.2405108807246505,0.1071428571428571,1,5
-0.76718901655609895,-0.63677391096312264,-0.077071390232790582,0.64062466404497054,-0.76667086930757611,-0.04261241570756618,-0.031953915142823683,-0.08206561077512764,0.9961145430296412,7.7878040057706004,-13.746259468063451,-0.49960382763200145,0.925378703347811,0.7439950978487941,0.9934640522875817,1,5
-0.056640665085724601,0.98731033020489722,0.14835817109058874,-0.99791515452949164,-0.060589658850966892,0.022231455208907503,0.030938316357373975,-0.14678966282072142,0.98868377930961882,-17.542605370303082,19.537682872890677,-2.1154248639347961,0.4927991991727486,0.4260958077834816,0.3684210526315789,1,4
0.58003049666820716,0.81296675760650683,0.051474983842612426,-0.81401323106603629,0.57607073255529473,0.074330146930024169,0.030774706891631264,-0.085015069958039646,0.99590429022861682,-8.3713506402247972,-4.9392459977372267,-1.6106020013816664,,0.07655048028277994,0.1916666666666667,0,3
-0.99852092760989197,0.0072813689014215796,-0.053878927160834082,0.0010147295315159461,-0.98832288590352901,-0.15237074365933409,-0.054359244375349114,-0.15220004883784383,0.98685369619042296,-2.5995839115120969,4.7427276929534976,-1.479565713900999,0.6310313244039636,0.5977477654792522,0.3848314606741573,1,3
0.10437296182461046,-0.98985136933087514,-0.096439366825747164,0.99441223316405447,0.10541140290335063,-0.0057224707624820171,0.015830204472411579,-0.095303214907683606,0.99532241100792218,-3.402127097408238,12.897360428428682,-1.5841152477366736,0.2505999574562798,0.1856981651095188,0.5434782608695652,1,5
-0.99588145914505777,0.084573876964250561,-0.032670761643156625,-0.080990841117350318,-0.99181630604717275,-0.098695991377779596,-0.040750496760312387,-0.09564347543964756,0.99458117950201075,-10.552801730802793,-12.936811020106257,-1.6996436904337768,0.6237731719978061,0.3531436604386154,0.5576923076923077,1,3
-0.37013236099949814,0.92046664556218416,0.12547186835476917,-0.92875455466514989,-0.36368316931114575,-0.071760222606529658,-0.020420884644774647,-0.14309334983604238,0.98949849959614589,-4.6867833357413629,-5.64978106225111,-1.3597835014371176,,0.1297745049008127,0.1979166666666667,0,5
0.53215613841671094,-0.83515121425484518,-0.13904061879203808,0.845710080886939,0.53207126797062576,0.040922180860003418,0.039803309304911862,-0.13936504270723418,0.98944079228602111,9.3997220376845956,5.3886597789440343,-0.66922731720807782,0.2399274619051596,0.1892571824903431,0.5806451612903226,1,5
0.52809174633173905,0.84213932115996082,0.10918091047676384,-0.84915613638863474,0.52258764629244236,0.076393769222708338,0.0072776019279444191,-0.13305455910552608,0.99108199499910876,4.4082911954072426,-13.453861176306235,-0.72542258566362339,0.2006371812111864,0.1995958548566524,0.2142857142857143,1,5
-0.99560576351292374,-0.065570884127849227,-0.066855237749492771,0.079941917556526715,-0.96694710868538147,-0.24212100037454012,-0.048769390781867858,-0.24640159934479866,0.96793997663237974,-26.933884791579231,15.133441833125902,-2.4939855827529698,,0.1779080611130008,0.5,0,1
0.7907570620086759,-0.60170170322196703,-0.1125092406124573,0.61033313582322735,0.78907680376608691,0.069650994784597964,0.046869309783630422,-0.12374513363394127,0.99120654240290673,-12.42103172589135,-17.845567963741654,-1.8277651762958578,0.566836479177103,0.2919640929015783,0.5121951219512195,1,3
-0.3823038976089122,-0.91750952124766794,-0.10963579840960085,0.92402695544214497,-0.38014291662378891,-0.040811132759096591,-0.0042326692944296982,-0.11690868813152955,0.9931336481813563,9.7773097584626409,2.092728197708182,-0.55211138205794108,0.2719351230655583,0.2565634727424096,0.5963302752293578,1,5
0.018937745657658964,-0.96135905773455055,-0.27464545126607293,0.99975344400851918,0.021393303326907566,-0.0059479211385175855,0.011593661307495177,-0.27446509556681692,0.96152716983608266,4.0921412217415991,6.7582124165716388,-1.0893109306390019,0.827835501869014,0.6972969161464663,0.2365591397849462,1,2
-0.97314136511489635,-0.21779781320518221,-0.074565381145383358,0.2245032387099995,-0.96952570296957119,-0.098072458366656692,-0.05093308660425773,-0.11217853557788623,0.99238188055030707,5.4165190138427084,7.228378028783105,-1.005200571694989,0.6768242908718071,0.4222341977854958,0.671875,1,6
-0.41643004158102942,-0.88687890888952137,-0.20007953777374032,0.90913926864875794,-0.40795055548668535,-0.08391742655078567,-0.0071979628801392857,-0.21684590207111656,0.97617930939215236,-9.6631443205363574,24.156302974433753,-1.6848468599031581,0.3808971845786721,0.282617901330264,0.5609756097560976,1,5
-0.99225565103076274,-0.10003884544934248,-0.073627117278080842,0.11448289907656234,-0.96652327901448665,-0.22962233546001465,-0.048191169487193382,-0.23627310579972574,0.97049092250221947,-25.37571710466063,0.79787830717377051,-2.3533594922937464,,0.4741351894205809,0.1764705882352941,0,1
0.38647695451602748,0.92227236915211952,-0.0070171736869356844,-0.92227503805509703,0.38651061799588249,0.0042774240975575204,0.0066571621946447069,0.0048186382907603629,0.99996623088809178,10.702091626735308,2.0788389289391818,-0.49939465359886287,0.07331822215521047,0.1057495880961962,0.2962962962962963,1,5
-0.53096704550296614,-0.80445370768019175,-0.26632354156071936,0.84730395237601785,-0.50855196516338252,-0.15313690285637283,-0.012247811144505068,-0.306967638242299,0.95164114044849635,-14.815270554408981,10.252323027987439,-1.9417491435705923,,0.348479896084239,0.1170212765957447,0,4
-0.98459110813384498,0.16687666074376484,-0.052273605985996313,-0.15462671631497918,-0.9704098093778456,-0.18545991605978449,-0.081675751514238989,-0.17451928822415527,0.98126045963970254,-24.681036969218411,17.869139457941568,-2.3907991163951574,0.4360659566075986,0.3311201479333416,0.25,1,3
-0.82698092079264307,0.56016594132688513,0.048131848316021665,-0.55739264223019136,-0.80565000534802766,-0.20060286954669698,-0.073593471399286528,-0.19272308387966394,0.97848955738286481,18.042852614269112,9.8357308756523629,-0.081461210489544147,,0.3589535061058025,0.3333333333333333,0,4
-0.48525109325959564,-0.84681149698871672,-0.21781107652756723,0.8742086450580987,-0.47472173213034979,-0.10197314327236519,-0.017047621419226403,-0.23989490534584265,0.97064917091246627,0.74070582586578537,-8.4617906479329417,-0.99393935793203014,,0.1429608355259252,0.3409090909090909,0,5
0.38825226969947746,0.91093765123313997,0.13947318967835831,-0.92153456142099566,0.38473301728705228,0.052483878627774996,-0.0058503999708135997,-0.1489063496800988,0.98883399610102951,-17.688376968507221,-2.773583387948694,-2.0373343535003796,0.3135898744080502,0.2731168025310727,0.3557692307692308,1,5
0.8197253431977074,-0.56189482070523622,-0.11101608975293448,0.57076482643385074,0.81753430676187444,0.076584399020419025,0.047727084819182697,-0.12614225196980161,0.99086339000018075,-27.641607263209359,33.148568121381096,-2.3721588476733881,,0.3454029075257926,0.5909090909090909,0,1
-0.49755188463030109,-0.8630055531096682,-0.087541632396882174,0.86742687604035273,-0.4945922416549961,-0.054305885662243675,0.0035688686877434223,-0.10295596047126743,0.99467951289836476,-3.4061802866327202,15.450471110727504,-1.517149252758472,0.4934123615448278,0.2535368790830058,0.3243243243243243,1,5
-0.3184890928660814,0.94777443931005245,0.016979691276790738,-0.94726560013643968,-0.31754718883408767,-0.043030984902960222,-0.035391814357146882,-0.0297891767943185,0.99892943916095778,6.7651382952492511,-11.064218613639408,-0.58543480910105783,,0.1375957370995277,0.5277777777777778,0,5
-0.64128023787800847,-0.75009124589798071,-0.16162542910798458,0.76696492063559707,-0.63289983072433187,-0.10584240541269595,-0.022901244978342627,-0.1918356773291339,0.98115982687945136,-15.642298964591443,-6.8481753682584072,-1.9463112023036127,,0.6938292190059379,0.2372881355932203,0,1
0.83703518697336643,-0.53723968598037819,-0.10366106104109317,0.54502566305170197,0.83536114847022802,0.071545637473950888,0.048157267193158645,-0.11638415456670197,0.99203609116920743,-10.665831883485831,-10.025218851703215,-1.7023372155796457,,0.08803265656603769,0.2586206896551724,1,3
-0.28717977024578956,0.9572098104424156,0.035737352369339705,-0.9575618045919112,-0.28592890230756002,-0.036332536546140305,-0.024559518485879304,-0.044654693123889255,0.99870054993163659,-9.215433586169409,-3.4594351224873852,-1.6755657658053023,0.3811945862100397,0.1513344563127881,0.3133047210300429,1,5
-0.68523677049400422,-0.68724890184420784,-0.24112137042758705,0.72806019458745341,-0.65521229731995789,-0.20155693611975539,-0.019465904043410823,-0.31366509585007007,0.94933412781019277,-17.780255226910462,-3.9141542546538601,-2.0483440786207896,,0.4643203194836053,0.5600000000000001,0,4
-0.76533268180127489,0.64360014490945905,0.0066887696470783013,-0.6423350211070844,-0.76308563997982526,-0.071456467278631586,-0.040885288628426927,-0.058984400726836604,0.99742129195474161,28.024086245561485,3.710942209869871,0.71963747439532422,,0.1773076973129097,0.3333333333333333,0,4
-0.94883596779319412,0.31364002408594666,-0.036609309107358004,-0.31130834835550047,-0.94854241486704183,-0.057917177437872953,-0.052890627393911906,-0.043557117553466744,0.9976499180796391,-4.9065788646521007,-16.39261794617779,-1.3248888794856108,,0.1062247433875374,0.3125,0,5
0.38732922636648909,-0.9106004365195457,-0.14416280870166076,0.92145066949884991,0.38746254079514664,0.028309771470160658,0.030078797889213232,-0.14380411847712926,0.98914894804905784,4.1377374540610932,-6.4541833229268075,-0.82668395925013949,,0.07497797018134116,0.2592592592592592,0,5
0.72175678862384374,-0.68477122663298295,-0.10077452679599257,0.69106444645082932,0.72108822003440898,0.049615620314749038,0.038691974969045098,-0.10545210336057007,0.99367136668509615,13.954469122376857,7.3210355731590564,-0.36459904880303279,,0.1211689868822754,0.4666666666666667,1,5
-0.88105304975162113,-0.4678863887645443,-0.069482736936891359,0.47205616569539621,-0.87908486835922228,-0.066126928333394605,-0.030141332955401796,-0.091061086259295015,0.99538905891965124,-11.358756719325301,17.577188562720909,-1.7968830026695515,0.210218777920701,0.2182737070439956,0.5789473684210527,1,5
-0.36348488990133027,0.9309322548261475,0.035268565858608429,-0.93150468139597797,-0.36264530319040816,-0.028060873317048107,-0.013332792310544536,-0.043052537651598499,0.99898384153646957,9.4121340419904715,-6.5014057144565811,-0.47804562306792719,0.5044862724385376,0.4190365068473056,0.3720930232558139,1,5
0.97564076446007886,-0.20977057417151546,-0.064198169253535706,0.21355673980751538,0.97513597986410372,0.059189016356585064,0.050185830734760031,-0.071457168893174924,0.99618033277476148,6.6434743630693287,-5.9550413232827646,-0.67069598539507858,,0.08478717627121182,0.4761904761904762,0,5
0.51626522557524157,-0.83842864641573001,-0.17466431155571432,0.85626802259405443,0.50927078487938482,0.086303772520113425,0.016591875861786294,-0.1941151012616541,0.98083843578724272,0.96757918995549608,13.584856601002205,-1.4032718993156337,,0.1190368155434003,0.75,0,4
-0.60220093876507941,-0.79322786005940515,-0.090241849360666634,0.79815701111910542,-0.60065078144776374,-0.046519075094061967,-0.01730361094897024,-0.10004099545569758,0.99483284237924097,-14.220836832171726,-9.9429461642433399,-1.8943105012189596,,0.8090112083126917,0.5571428571428572,0,2
-0.016206793468856905,0.99816130331370256,0.05840678395999363,-0.99973129221168144,-0.015208632994182618,-0.017494023414046773,-0.016573569869547292,-0.058674611626663778,0.99813957277138365,21.271467258925544,-1.2898840313047013,0.28209096536378442,,0.2764386433983016,0.2105263157894737,0,5
0.48783880652323469,-0.86742936621510558,-0.097875397713869411,0.87278303470250052,0.48676229579183389,0.036224877238707209,0.016219530988350078,-0.10309588751800663,0.99453917207488329,6.6236242230917028,-19.47409419589491,-0.56539905586322037,0.2375055571324124,0.3144480920570586,0.8627450980392157,1,5
-0.11491502335699638,-0.96783473580037893,-0.22380898459416615,0.99317244612289612,-0.10738436000957166,-0.045575119172615183,0.020075598848462186,-0.22751818257788858,0.97356686823624516,9.5117851274013621,12.133742002022601,-0.84898342705762686,,0.4006228245933881,0.1739130434782609,0,2
-0.015714024854777481,-0.98755176624893237,-0.15650743880557286,0.99987342566994453,-0.015130419755483241,-0.0049196582275560568,0.002490393927980132,-0.1565649366130219,0.98766452733782384,-18.925337938574145,2.3041793445926033,-2.0710183804721862,,0.2777747886950122,0.2285714285714286,1,5
-0.96612729834777633,0.25686361763139531,0.024882229091047346,-0.25540559529721008,-0.93790390615003161,-0.23474293326826956,-0.036959779194479694,-0.23314661645802606,0.97173897212989757,-10.01165998895959,13.606743316898974,-1.7881520758584124,0.3236930513500614,0.2493700700650585,0.1935483870967742,1,4
-0.66799694808648236,0.74267151537212883,0.04710729881886553,-0.74339942027932737,-0.66310343270754823,-0.087470792038401843,-0.033725054121590305,-0.093449760761229558,0.99505264329992316,2.6532455104599717,11.052345261098955,-1.3948343882216874,0.2873871152194808,0.2194145107561269,0.5714285714285714,1,4
-0.63319871016039886,0.77211544641399987,0.053825002184088436,-0.77198647619474547,-0.62503163826304586,-0.11563879860424775,-0.055644173312464545,-0.11477451188797676,0.99183190985027792,-1.5343292509414923,-6.6885844918371573,-1.1544940035471323,,0.1742143387509405,0.3205128205128205,0,5
-0.62541436187588806,-0.75889110662969261,-0.18149700889473985,0.77989708929520463,-0.60054519405233608,-0.17636893153135372,0.024847657198315408,-0.25185265172120708,0.96744655446838657,0.042603595439846098,16.8728345830222,-1.3290603603754576,,0.3846576321326658,0.2307692307692308,0,4
0.51133122319250845,-0.83400843102352884,-0.20729282951931882,0.85863810371746219,0.50584819705600348,0.08281430057467494,0.03579087918638936,-0.22033505966337566,0.97476739504878951,-7.8428366097767661,26.1748781166649,-1.5244868949290176,,0.2546525851909049,0.4074074074074074,0,3
0.90107746847860803,-0.42718590599526896,-0.074643134441043701,0.43079907613239127,0.90150940246273759,0.041145513421949415,0.049714704099095133,-0.069231488430330293,0.99636110382032683,-15.089384689314107,-11.630700004826911,-1.9433571296662839,,0.1032703316606193,0.3333333333333333,0,2
-0.092938689832895771,0.98515438264507071,0.14433725190453783,-0.99518261451216394,-0.087367999171373667,-0.044479169209018586,-0.03120839157788231,-0.14777575943300064,0.98852838159514733,-22.263110702245868,20.075678240362734,-2.2757856120732218,0.414139071381176,0.2542332427416236,0.4193548387096774,1,4
0.66184188598016447,-0.74650141401991776,-0.068563524037799417,0.74841927124460939,0.66321641213020299,0.0035475499754862331,0.042824203342345477,-0.053662179860716808,0.99764044528110885,3.952268387462496,-3.1941809183491219,-0.9013120866430494,0.3324030461753611,0.2539299924790681,0.66875,1,5
0.57117784242049674,0.8203741845513669,-0.027240955371402392,-0.82061794155608769,0.5714660599220498,0.0035688027990732978,0.018495035120722116,0.020315995640102551,0.99962252575511512,-14.309491587551564,-2.496917394717904,-1.8930118181139273,0.7803803178288898,0.4029458901477689,0.8864516129032258,1,5
0.58222015194827204,-0.7751462818902175,-0.24529153335796902,0.81196849157110751,0.56978529509501119,0.12669603856961448,0.041555545491221882,-0.27293398316307899,0.96113483834146018,-32.093246109391316,19.876152243502407,-2.6154823954339244,,0.4502073930102772,0.4666666666666667,0,2
0.99262299283433975,0.1204593192420437,-0.013753054364109179,-0.11055695898168048,0.94586420844410224,0.30515251597379284,0.049766986218996806,-0.30138090780962917,0.95220417741707197,-8.9754020725933454,10.145325705613192,-1.8053432604537325,,0.215326853504202,0.2713178294573643,0,4
-0.69614229472666189,-0.7039528414762497,-0.14084140893292779,0.71742447074615479,-0.68932648641862726,-0.10065348427327879,-0.026230407303324547,-0.17111222077708266,0.98490231679768003,-12.334288867596891,-11.897964752451118,-1.8033022404836614,,0.07700717376522571,0.2941176470588235,0,1
0.99724491520980962,0.057964464298737584,-0.046289307261396517,-0.055567249920715621,0.9971260831550377,0.051496165178993102,0.049141223269556,-0.048782119372304512,0.99759984212364328,-20.030143350240113,-16.823342172881478,-2.13193005066791,,0.3915823240790853,0.8928571428571429,0,1
0.92539306457457915,-0.37269452976089024,-0.068894582686725409,0.37590614007542472,0.92573822513485671,0.04127120518911008,0.04839679628719519,-0.064089983698510974,0.99676989526101811,12.594776645866824,5.9706421843240989,-0.43010600789299075,,0.1244463963720919,0.7096774193548387,1,5
0.39150600236323563,0.91986288765278579,0.023985788138717819,-0.91999400682564347,0.39077798697020233,0.03005981211541325,0.018277787570042319,-0.033835378209705419,0.99926027123215011,18.033125011007499,-2.2336559353586565,0.072564462432978913,0.3781129764941369,0.5383569809767892,0.8717948717948718,1,5
-0.80178274969283747,-0.59359065754540197,-0.069242714922289519,0.5970424538029061,-0.80069222330137602,-0.049318068714260019,-0.02616735852158443,-0.080883217168438548,0.99638003519163609,-8.3554663365861259,-20.836808391029724,-1.5390752519288515,,0.2252202671924785,0.75,0,3
-0.68594712902361243,0.71359652308363475,0.14232546654485717,-0.72757414585840241,-0.66977658596352729,-0.14844253828824988,-0.010601814122123836,-0.20537606271907574,0.97862570699901952,-5.4084379728442,18.509430081915163,-1.5353495646818689,,0.3842720935909231,0.25,0,2
0.15882271938617371,-0.98376003125101741,-0.083615457421334138,0.98714447808881933,0.15976320581330319,-0.0046365339436311567,0.017919910310461078,-0.081804150146886898,0.99648730941904717,-5.2377361782256884,-13.735400000858885,-1.339960320739314,0.4642057112024168,0.3380677906000398,0.676923076923077,1,5
0.54234952190394825,-0.82920629793796818,-0.13518103251036467,0.83921059117434738,0.5423013600255584,0.040432889770978857,0.039781650938102674,-0.13537411264506724,0.98999559083573685,21.804486265569071,-2.5291332405578175,0.33755362586456533,0.4931438897618176,0.3423827874214721,0.5853658536585366,1,5
0.97816495128194947,0.2037054389733608,-0.04119978417725155,-0.19830944939535758,0.97414498131560201,0.10823547319680474,0.062182717567600063,-0.097701839851132857,0.99327119163177802,8.9172406961583182,8.8547561560159362,-0.82699987034339495,,0.1392088837227436,0.3125,0,5
0.46565377104889288,-0.88075635838138344,-0.0862253018475964,0.88427833535256195,0.4669206147048971,0.0060799004682261168,0.034905459946078896,-0.079078294963696158,0.99625711145847662,15.357550449970898,0.57858860684078917,-0.15721463422307649,0.7814491765494745,0.5214156818096756,0.9240506329113924,1,5
0.52169265327487235,-0.84972411101235379,-0.076195214306991749,0.85238398706182905,0.52289424098049142,0.0048115849795423733,0.03575351898209831,-0.067457749100459152,0.99708130960654151,5.7220295526316383,-2.8581129532006257,-0.77036165085240327,0.4916526800648555,0.5034984566304592,0.9820971867007673,1,5
0.95043746315290867,-0.28829774229542382,-0.11641752626999247,0.30635909225722563,0.93225043033298105,0.19249218616686914,0.053035226282082785,-0.21861735276810315,0.97436836865831966,2.3463694329056923,-4.5192060953732831,-0.94896342303338632,,0.1273756342944799,0.3958333333333333,1,5
0.77772940846500394,-0.62239887674211314,-0.088071592689306963,0.62633224684484645,0.77916929674434565,0.024558574331758076,0.053337451860407843,-0.074262004020079819,0.99581136315466934,-6.6692080056427416,-11.456537804361268,-1.4457629491354094,,0.09029985109860972,0.12,0,4
-0.13956964272555006,0.98333558154483314,0.11649656174045495,-0.98996822204936097,-0.13595445051971874,-0.038461756542173306,-0.021982587697773701,-0.12069598772024999,0.99244609142579809,-9.113942834564698,3.033226423218184,-1.7517627676279945,0.6555473008144754,0.2928583262613177,0.3386727688787186,1,5
0.99340687530769101,0.11286166081901994,-0.020125248037797708,-0.10915729965611996,0.984840393951946,0.13481128429163794,0.035035182648224618,-0.13172563895365702,0.99066689256230689,7.4827783195318549,-2.6069465613568474,-0.65845894751546152,0.2423522497039415,0.1608325489460056,0.2272727272727273,1,5
0.97604683965948846,-0.21075231556956542,-0.054000261784474098,0.21442851743532726,0.97385623381087005,0.074996311763958975,0.036782845202797572,-0.084779109158894167,0.99572060586743538,3.7490116217235698,21.326720061794195,-0.98590943749701576,0.6844171960311392,0.6644196446770668,0.9154929577464789,1,5
0.46154535717282791,-0.86037685346336323,-0.21616556917485591,0.88682166114913474,0.45376750657830911,0.087420771504228056,0.022874103018407994,-0.23204896034713696,0.97243511629975432,-15.488939957720774,6.5623739181735186,-1.9679781330444277,,0.4550712352115561,0.1958762886597938,0,3
0.53989981663799214,-0.83515734683992449,-0.10497806443995662,0.84092926982662719,0.54061158957637501,0.02402233053972657,0.036689932449066355,-0.10124877893092102,0.99418435595309973,2.4712168515068589,-3.1124618702275466,-0.98685505304205678,,0.07189889434964687,0.2967032967032967,0,5
0.1705718039866938,-0.96537634110082249,-0.1973671191650507,0.98504743397549144,0.17198883879599602,0.010069366807464659,0.024224213155915768,-0.19613352434602138,0.98027793412102449,-3.3881832782711592,5.8642935419462106,-1.531782569875336,0.643615505702725,0.3253484949197407,0.4550669216061186,1,3
-0.50582056764924466,0.86133398806310701,0.047426936969397059,-0.86099108933364255,-0.50069447663329003,-0.089439281956998226,-0.053290688033309649,-0.086074398494668886,0.99486245305203735,14.739090430587897,18.285708124894494,-0.33026342825067967,0.6378955377072306,0.3359524546236178,0.3,1,5
-0.98735305008009988,0.15541685062072449,-0.031297875976812932,-0.15366970620355958,-0.9867473110538465,-0.052109169282537803,-0.038981737940171159,-0.046640611822101621,0.99815082900132113,9.7384766358552852,10.95231405256758,-0.80611842113453314,0.3729003562261094,0.3018865889681766,0.3636363636363636,1,5
-0.79045711810136277,-0.60029608994844275,-0.12174624772656804,0.61187091607694499,-0.78299744186172127,-0.11193296251400005,-0.028134080792666358,-0.16297119509475022,0.98622961984891755,-8.8010472274392502,23.069149681971375,-1.648602674585659,0.2893616761593931,0.1748298197615283,0.4545454545454545,1,5
0.49176755461739352,-0.86211604087604343,-0.12214992545984822,0.86947089231324681,0.49373351903349483,0.015734662462541883,0.046744407640242402,-0.11394360116750502,0.99238692862579825,1.8174117318238279,-15.397773879292881,-0.87064588635804963,0.3442722633610178,0.2334744451729335,0.625,1,5
-0.90150667528704065,0.43270704600350224,0.0070941350304218687,-0.430988961199682,-0.89620223131873655,-0.10521442820895632,-0.039169244783704538,-0.097909003254255028,0.99442425420181368,-0.45405963498636487,-12.052167819409377,-1.0363461769085809,1.01147182836792,0.624078320177027,0.5434782608695652,1,3
0.99843046493400056,-0.012736821147772606,-0.05453787746810336,0.025802506541686369,0.9689033155284984,0.24609062520553421,0.049707518021345896,-0.24711159128000065,0.96771122971019852,-8.9646158220113108,8.9090503566310399,-1.838690072994452,,0.1944199718407377,0.3333333333333333,0,3
0.74659341439790328,-0.63716658544615967,-0.19135573147559781,0.66528044245768947,0.71484659754927138,0.21539794533730025,-0.0004543797758029948,-0.28811991316656849,0.95759422991991117,-18.174619773250445,7.9269212597116798,-2.0517856272941839,,0.363763424266503,0.1525423728813559,0,2
-0.99006763103001183,-0.11070426484079889,-0.086664016365961397,0.13219088725541592,-0.94290075555712238,-0.30571839083776964,-0.047871236805072472,-0.31413807619559198,0.94816961234311148,0.29526667849747035,6.0315090577945192,-1.3286975931579752,,0.6793602872491356,0.3501945525291829,0,1
0.9810060270062082,-0.18088288100772723,-0.070061104300739627,0.19076002680970136,0.96511990895246824,0.1793158484773221,0.035182199320916124,-0.18927478622871133,0.98129367069650397,-12.013007855353422,-11.095199148827604,-1.7789720172312871,,0.3348752910815604,0.1666666666666667,0,2
0.89433501691534056,-0.42898443902265287,-0.12703239191425725,0.4387403237286524,0.89652038404431411,0.061303583317075493,0.087588845485683645,-0.11056017397533394,0.99000234448057201,-21.262539844521914,19.466200541451251,-2.2222607144870352,,0.3201170059049148,0.3636363636363636,0,2
0.16182146976507739,0.98358037034792933,0.079896601863286745,-0.98674206630889816,0.16025962888410597,0.025630956407739651,0.012405905832184682,-0.082984977051023992,0.99647357570801876,-27.557282862509208,-1.4104336482484885,-2.4258365248491125,,0.3897434781088799,0.484375,0,5
0.45390319926384209,-0.88306202183366089,-0.11905188487838049,0.89077370534910272,0.45302660542061435,0.035904047678569403,0.022228170340328837,-0.12234525072973398,0.99223865479389561,-10.662873735991713,19.097302895914829,-1.7664593611765966,0.3589162186510707,0.2497161778969034,0.4,1,5
-0.80546903510646017,-0.56953503703758923,-0.16385809431108134,0.59169750555544764,-0.78841058539975761,-0.16823439228966328,-0.033372075214598625,-0.23246201929821297,0.97203277423123335,3.1320802855310745,-11.703108205766577,-0.82595067376677656,,0.1476167202101213,0.25,0,8
0.45461104879342562,-0.87678041863490808,-0.15679570087645603,0.89014088334556452,0.45341648030056592,0.045416992289525504,0.031273025304914492,-0.16021733018073936,0.9865862379934337,-11.255766247793114,12.487931482921152,-1.8561320855546679,,0.1299988694199269,0.2068965517241379,0,3
-0.23533611944232122,-0.96714009631144915,-0.096213018830679495,0.9719105018851133,-0.23391201672314266,-0.025983547832079911,0.0026243496831249522,-0.099625310735753078,0.99502156270582798,13.138581091676755,-0.36114736892906568,-0.29279085891350959,0.2285652886231981,0.1787266611458667,0.7903225806451613,1,5
0.12656055799554677,0.96894229479073835,0.21244588611106116,-0.99194374437864552,0.12480527439722244,0.021708327220372619,-0.0054802507176759507,-0.21348178575300553,0.97693167315006202,-23.193642455791871,17.480876532692381,-2.3231717867983717,,0.240402117263391,0.1428571428571428,0,1
0.95268592676629371,-0.29803931620240798,-0.059683255097627848,0.29870341517461901,0.95434315872939957,0.0023248977205745174,0.056265395266242142,-0.020042489465961832,0.9982146582331578,5.7913745952487536,-10.026209222455213,-0.67418177500527043,,0.09766803337753507,0.2608695652173913,0,5
0.9879538397562263,-0.1418021986267323,-0.06196246424695448,0.1460768415499491,0.98672424748778798,0.070970527562163238,0.051076089060551236,-0.079166886286410956,0.99555202638636364,-23.934239323129894,15.18013319372433,-2.3467442339750955,,0.1132452643451575,0.1363636363636364,0,1
-0.21149284715857755,-0.94816905766096138,-0.23716284214666636,0.97732790677493597,-0.20765551501968482,-0.041344282807101417,-0.010046802460620593,-0.24052988416459911,0.970589736492244,0.15470018973551775,12.875531923228371,-1.4610597794220808,0.467266316084115,0.4970977591583808,0.7053571428571429,1,6
0.085141952513793667,-0.96949340137103501,-0.22985515573978421,0.99634838185194696,0.084321696068667198,0.013407220185810496,0.0063835650812344288,-0.23015732938606354,0.97313249551473169,3.830993808843326,13.992159134513079,-1.227003227181118,0.3737861741802907,0.4722196803971522,0.5208333333333334,1,3
0.45444301682421412,0.88760677358472295,0.07507169870347187,-0.89077505670585244,0.45271626626429573,0.039595209437515752,0.0011587969590907854,-0.084865763098161059,0.99639171987897113,-8.748092673985381,-11.237730087362371,-1.5856464439232145,0.5077934968040964,0.4102826308394318,0.8677248677248677,1,6
0.56635110986747761,-0.78502776353416559,-0.25095384203558818,0.82328397815915122,0.5529494147901578,0.1282592530372185,0.03807770552854986,-0.27924604771378458,0.95946429489476714,-15.528900039075356,-27.546898937684166,-2.0330251205451053,,0.3999890686910625,0.3636363636363636,0,1
-0.81986254612460063,0.56886541342421759,0.064942642938077,-0.56770515520866449,-0.79292421413823111,-0.22131888166800531,-0.074406063002920741,-0.21831933501860168,0.97303669290805395,-4.8368258032504095,15.083683746695096,-1.5792060312438574,0.3711433753331074,0.5093775292329037,0.1176470588235294,1,4
0.45206575125688364,0.89196394497353271,0.0060726771526394205,-0.89194080948302157,0.45196560068191399,0.012988001347675049,0.008840187742353808,-0.011287899161816385,0.99989721192390102,-15.995528331327966,1.1755598528086362,-1.968891091577651,0.3853695480473479,0.3987989273340377,0.8653061224489796,1,5
0.0076163896668830092,-0.98623728954836642,-0.16516052589142691,0.99954476052300145,0.012330482345633397,-0.02753599310247171,0.029193532151103995,-0.16487561344666637,0.98588222915880142,-5.6406972409706118,4.7879961884928388,-1.6834684928396433,,0.1912217102536863,0.2704918032786885,0,5
-0.63253098865956681,0.77441098163192945,0.013862896999678537,-0.77311520442140391,-0.63018706684587744,-0.071813240232164413,-0.046876743464146033,-0.056141716290677234,0.99732175280304369,-20.847703794785758,16.459926017081589,-2.1913600003286677,,0.1915164747251707,0.5161290322580645,0,3
-0.99711897712157405,0.065878397616966081,-0.037600295097876796,-0.060396778342296224,-0.98942353790194171,-0.13188362980854523,-0.045890899205594388,-0.12923273336514546,0.99055182903121031,19.545028019688797,-8.8304481268386557,0.20237016639914873,0.8885544440575983,0.4822819084997699,0.3,1,5
-0.89228497041569566,0.45147260806827633,-0.00012543639893577719,-0.45019119404705726,-0.88977324915872014,-0.075043013559022986,-0.033991475001038975,-0.066903282771203595,0.99718028980806206,-23.565353517251719,10.340770223233235,-2.2640446425234457,,0.4241520652563696,0.7692307692307693,0,3
0.36114727318471113,0.92384455201869875,0.12682228028473289,-0.9324799030842813,0.35671013734781443,0.05691316418224493,0.0073401236487826323,-0.13881326168156663,0.99029137175184345,-0.15538290998647344,-8.3445612446191397,-1.0554702944571948,,0.08155525270620766,0.2580645161290323,0,5
-0.7954094296953379,0.60331714108797307,0.057725786449159593,-0.60521656666303603,-0.78561507897071814,-0.12853736861489512,-0.03219854947580611,-0.13717643734719698,0.99002317066237733,7.1170065504266837,10.484743483261761,-0.9914786737279695,,0.1000663306837751,0.25,0,6
-0.33267760461086937,-0.89720242992737742,-0.29043658709395359,0.94302518712809691,-0.31826398749207607,-0.097013044007813382,-0.0053951675036495285,-0.30616308398964948,0.95196379036681578,-15.577744838890972,25.503448756898958,-2.0067010422304405,,0.4134278783171654,0.2941176470588235,0,1
-0.81299350305630813,0.57547394289576181,0.088720375541574498,-0.58182773159997636,-0.79693055764247489,-0.16241359868212957,-0.022760815658898269,-0.18366117538461815,0.98272606454030831,-26.372429254109878,26.118533487321457,-2.3515658505718222,,0.4202556487085663,0.2,0,5
-0.56237371344202336,0.82314395275879848,0.078548325673111083,-0.82588450522478485,-0.55448713961939844,-0.10226825522277033,-0.040627459421440457,-0.12238482354163865,0.9916508279165811,1.929727573503464,-7.0413930103338078,-0.92420293935962594,,0.1154047259708526,0.4489795918367347,0,5
-0.19958039119615612,0.97171235994825389,0.12626463073158831,-0.97964288631015295,-0.19502507339730085,-0.047592394857698159,-0.021621349446851904,-0.1331927560724401,0.99085428140464993,-0.13259899978492223,18.218793792615266,-1.3052018566739563,,0.3684915674608947,0.4782608695652174,0,1
0.96032402495932179,0.27888428145634148,0.0011509311478671437,-0.27241894501278852,0.93716136750706169,0.21798277374694813,0.059713361017836274,-0.20964763010555085,0.97595193821574988,-16.265607380025035,-25.439770271380326,-2.0263363303290012,,0.5339846995487024,0.4615384615384616,0,3
-0.0782270380338706,0.97056116014343041,0.22779720134691531,-0.99688913295477111,-0.078359367468361113,-0.0084773891408197449,0.0096222199691058594,-0.22775171558299653,0.97367169463421799,-11.627676050509859,4.7749556012144723,-1.8424024573795732,,0.5036486419948187,0.2711864406779661,0,4
0.86343479906931642,-0.4899321307429087,-0.12019507070525665,0.50060009227856561,0.86157099566786732,0.084231627281986132,0.062288806111691651,-0.13289818166398343,0.98917044938857057,-12.081695980801362,8.4365324696195163,-1.8734861201398207,0.3719426879306366,0.2371911065241445,0.2911392405063291,1,6
0.92245155564839465,0.38431145163704272,-0.037253665893240674,-0.38299135178512816,0.9229689671323561,0.038025125488709344,0.048997468706624844,-0.020808504301381599,0.99858212191540996,-18.998262176328108,-2.6018525639864691,-2.1019220061820421,0.238293217796002,0.3412700357956052,0.8701923076923077,1,5
0.14312525008031163,0.98953573450344856,-0.018280944455066311,-0.9896828431054655,0.14297525876313205,-0.0092706765825711964,-0.0065599429975809528,0.019419204987237308,0.99978990874359841,1.2597053303650756,-5.967590098418869,-0.97762966453286837,,0.06525499261246942,0.2888888888888889,0,4
-0.70604605519639418,-0.70318799062386017,-0.08381895838048091,0.707705010690037,-0.70489636851704096,-0.047694103364082995,-0.025545758666085765,-0.092993330373025845,0.99533896473528471,-10.658578253942265,-4.7152242344031388,-1.7341168457863632,0.3539488121706855,0.3076838864761307,0.888268156424581,1,6
-0.99559338407790177,0.092182994022919906,-0.017207823606781403,-0.086634754558852695,-0.9743987839334356,-0.20746428408660986,-0.035891961256514199,-0.2050592730944216,0.97809123379935703,-2.2489312578786711,-11.425260895432604,-1.1519168075849691,,0.4257596534926611,0.1904761904761905,0,8
0.93054408497747965,-0.35963548121485978,-0.068920436481363118,0.36125111832572698,0.93238892075044177,0.012187287238719381,0.059877670477706944,-0.036238392806301492,0.99754771488133842,14.514922016927631,-3.0041448692907977,-0.15674146513408485,0.1306455659001715,0.1406939152945406,0.7741935483870968,1,5
0.67697064248515604,0.73349617152752344,0.060779236320470005,-0.73550615809827091,0.67114147861785867,0.092735144784244355,0.02722940713190929,-0.10748247314375967,0.99383402907836893,10.71067124409668,-11.482492220914368,-0.35097840097844707,0.5163520198069224,0.4081321859650395,0.25,1,5
0.74518448741315979,-0.66304869898275776,-0.07117936847188934,0.66536133964101363,0.7464121337204277,0.012775537015442581,0.044658341101080225,-0.056880131963538097,0.99738171386781949,0.87197098618758007,-9.6551375153585486,-0.98652657204165373,,0.08175093552780059,0.2777777777777778,0,5
0.17574963708849353,0.98443309096472253,-0.0018853320411133911,-0.98417801773865288,0.17565970676121967,-0.02317966394447827,-0.022487651350896774,0.0059293198770774286,0.99972953777635098,-3.4695210922110769,-10.02166671961645,-1.2459800530314169,0.3169595887839531,0.2857826245788508,0.7312775330396476,1,5
0.11095464227196686,-0.9605767220515733,-0.25491455119500794,0.99345435205424504,0.11421164567244235,0.0020372474741935875,0.027157277897065211,-0.25347201235135414,0.96696143729301576,-5.5786390635030889,28.392828940900205,-1.3519735773352877,,0.2912937997366466,0.2962962962962963,0,4
0.25942771703230738,-0.90493555530511172,-0.33732610391138329,0.96559154195121344,0.24961738807133396,0.072966661460717092,0.0181723346789248,-0.34464880721841107,0.93855578733245437,-6.0529356649456982,-14.679274806141894,-1.3949735947344359,,0.4341744864896695,0.3125,0,2
0.89658453099741198,-0.43097092948240118,-0.10198155086694079,0.44034553936054466,0.89207582764997406,0.1014717876450673,0.047243885757018635,-0.1358851561565495,0.98959751393932283,-16.2280251417417,25.897995721912391,-2.0072493402622538,0.5956009115923248,0.4311572511937573,0.5227272727272727,1,5
0.42551164534763181,0.90467676986168477,0.02235579893851853,-0.90494777457015907,0.42546289232692747,0.0071310976239330765,-0.0030602245126732388,-0.0232651955812446,0.99972464494004465,21.687836622492132,1.7153436116104268,0.29213248428697763,1.01107655984223,0.8182635798714102,0.8071428571428572,1,5
0.31060089542968633,0.94757767234325385,0.074990923682924857,-0.95043875281451962,0.31075348940886388,0.0099219941844525244,-0.013901831054155891,-0.07435606025574705,0.99713485316510031,-3.7157219389615967,-7.499368648545973,-1.280002958360108,,0.2074818861034557,0.3894736842105263,0,5
-0.65300779913172513,-0.75295669562343237,-0.081467961733323463,0.75732297056150233,-0.65012305198287224,-0.061659837336615175,-0.0065370125472360005,-0.10196191345947457,0.99476682477384615,1.8909753925249377,12.319386891347902,-1.421175157912667,0.317648904948815,0.2563229986979565,0.6615384615384615,1,6
