axis_00,axis_01,axis_02,axis_10,axis_11,axis_12,axis_20,axis_21,axis_22,location_x,location_y,location_z,dbh,dbh_approximation,score,reconstructed,number_clusters
0.74053318598563944,0.67051879864801978,-0.044890323161845283,-0.65411753355246061,0.73451150423028144,0.18061866584773364,0.15408066962862091,-0.10439056860169867,0.98252824714295639,-17.338192545339176,1.0767469894101196,-4.6359573336433941,,0.4243766646630481,0.8958333333333334,1,5
-0.43274957176207896,-0.88839581022537495,-0.15323411015089647,0.88987857145556204,-0.44816907418269308,0.085209207310218901,-0.14437429204655994,-0.099485503065660591,0.98450936942003109,5.7882920226416195,-11.966622276691005,-0.79874810689042508,,0.3864109049221894,0.8365384615384616,1,5
-0.91937814923329397,0.3832278374954648,-0.088770734371826115,-0.38857904390650089,-0.91987351286564523,0.053282707935386621,-0.061238430328294118,0.08348140449685601,0.99462591447948889,3.7500276638126921,-10.577678028014891,-1.2004523016005981,,0.08906278276916033,0.3214285714285715,0,5
0.28196176057093569,-0.94391086805415314,-0.17184248236391975,0.95704435234519547,0.26410221993107413,0.11965001074652833,-0.067554964435666609,-0.1981976049217907,0.97783129229093624,1.518138839798616,3.5065282490915135,-3.1925618837720959,0.182322722513567,0.1154007096544567,0.3129770992366412,1,5
-0.157505609445242,-0.94945988367041922,-0.27151042759687027,0.97657060854916156,-0.19058241233780371,0.099940935684140836,-0.14663502143485746,-0.24940784552226061,0.95723241539384851,15.538010442961939,6.2432014396390914,-2.1287759070719945,,0.2773040778393785,0.2727272727272727,0,4
0.90714036480680238,0.41930304867043933,-0.035795417498008943,-0.39783929034443322,0.88220611306110308,0.25186558545354726,0.13718694397215525,-0.21423661557561904,0.96710000255934536,-7.2847051787821959,-12.588740239030937,-1.9947397209996152,,0.5926951719133783,0.125,0,4
0.055833639837469265,0.99731014712114807,-0.047487631144258365,-0.99025646855331262,0.061390393852008368,0.12499338394897935,0.12757245451437171,0.040046098335401792,0.99102047348038658,-1.2321095721378685,-9.2341661346039583,-1.8329722816388714,0.1239238240463533,0.2493517199087333,0.8240740740740741,1,8
0.38793509786543329,-0.90657497392968711,-0.16621725689146899,0.91976759704268829,0.36914855530308954,0.13325506199751505,-0.05944684410846774,-0.20457556247516398,0.97704396623873324,-0.37625647823536329,-10.007304450619047,-1.6450999898502716,,0.1504002394003653,0.4459459459459459,1,5
-0.19451731149231077,-0.96200035703691611,-0.19162027186769856,0.97229595718867923,-0.21491271029287271,0.091940734112380226,-0.1296286510164901,-0.16842755123618922,0.97715330057275429,9.4407967605102066,-4.6990535837269762,-1.3398188915940099,,0.09456415165188692,0.3333333333333333,0,5
-0.8999393470277125,0.43039320432281769,-0.069791556395258844,-0.43294562309068679,-0.90104168058591305,0.026114694972966337,-0.051645514015762631,0.053717590411813329,0.99721971569077861,-6.6416286164571448,-7.5341590738145552,-2.540749239538282,,0.07580815726226756,0.3267326732673267,0,5
-0.022393031349567723,0.99972818609095526,-0.0064889199614723446,-0.9939487811464327,-0.02156448577465345,0.10770697939686422,0.10753777291956088,0.0088615398528634221,0.99416150624882793,16.411535128894251,10.067179146206401,-2.5354961150872684,,0.1203003543393752,0.4375,0,5
-0.3699122609706898,0.92183700100499222,0.11567827264302333,-0.9272414028842878,-0.37411360900263835,0.016198405359731625,0.058209105479550848,-0.1012696950580101,0.99315464500858475,0.88149394697361882,-7.1519038262044026,-1.8755463365333818,,0.5054093557317667,0.6153846153846154,1,1
0.73729643863076066,0.67530799551440523,0.018790230884995821,-0.65878249859024007,0.71253572935091891,0.24145072778841037,0.14966489612997319,-0.19039943695470538,0.97023114425055135,-22.207481978980834,-6.723466827562115,-4.061754089088474,,0.2183590915357682,0.2222222222222222,0,3
-0.43080428670117471,0.89938002203524181,-0.074318520731915277,-0.90090369111811697,-0.42379585294674887,0.09364621911689823,0.052727657729550327,0.10729702227473803,0.99282785170508303,9.400896703680818,-0.18011585814600231,-1.9019068138896054,0.5629673347312151,0.3670223796611301,0.9579439252336449,1,5
0.14330156443780462,0.98812580567408925,-0.055426111090444007,-0.98189271393262811,0.1489623025742868,0.1170338871343914,0.12390060514661165,0.037651355522731654,0.99158006004134902,-7.016373647332375,10.213673336667616,-5.0551181654541519,0.6257026249323263,0.2899986841201745,0.6071428571428571,1,5
0.13819096179927273,-0.96692369891428243,-0.21438707646430941,0.98628302343793128,0.11462300180614163,0.11877442963484124,-0.090272120586172913,-0.22785988662963691,0.96950029206287736,-14.922358683708241,25.835909703058221,-7.9230263492059789,,0.2995341404909824,0.4814814814814815,0,1
-0.044071702648608095,0.9990281942673549,0.00059336713925978515,-0.99348515931099723,-0.043889639741667111,0.10517099292176597,0.10509482981791324,0.0040455632804295635,0.99445397588992979,21.993362796274511,4.7841427608335634,-1.2689444499123117,,0.1357653390921027,0.8148148148148148,1,5
0.61993411122577147,0.78436545220310938,-0.021272873076374189,-0.76933390197529383,0.61293796010101265,0.18008998955710107,0.15429531752512951,-0.095277985166667842,0.98342008344979326,12.224441079112331,19.902151279317614,-4.4459515765771735,0.3748261820152099,0.2924580448654185,0.5333333333333333,1,5
-0.98593809647696162,-0.12218573848656245,-0.11400313691245691,0.11981370564635246,-0.99241662222301674,0.027457674241431116,-0.11649354426180128,0.013412428786491138,0.99310088153186771,-4.9217555111477251,-12.028647584598769,-1.8332227360327484,,0.07357879157518993,0.2571428571428571,0,5
0.75479607867155341,-0.63113110861367361,-0.17876354036022374,0.65500722374521436,0.73985164071730924,0.15357436820476178,0.035332937376230694,-0.23300874118363124,0.97183255248442202,16.442493583290588,-1.1375859254380989,-1.1130325153246468,,0.5116417218512188,0.6285714285714286,0,2
-0.98854231205806375,-0.069531059281149971,-0.13397585254865113,0.092677572530476496,-0.98017363321355244,-0.17512999829498518,-0.11914262386213831,-0.18553997021715954,0.97538707938492819,1.4893333094193342,-8.7320390469930071,-1.6002910177204097,0.6598586431041492,0.3593633582623458,0.1739130434782609,1,2
0.95667912101701857,-0.26690372893718023,-0.11630760460749168,0.28081784473091004,0.95137043282221956,0.12663189816293777,0.076853090313863642,-0.15380734387892661,0.98510755934472383,4.5200526459097574,-3.7135383412501586,-1.9723041125501595,0.2651379760260513,0.1447512985579947,0.4705882352941176,1,5
-0.1720551546614511,0.98490290484127352,0.019060214837343655,-0.98149937763739981,-0.17304629298591689,0.081938709907034807,0.083999972927502498,-0.0046096115946733206,0.99645509483825989,12.376325422757059,-3.3254751091458803,-1.2385880543281522,,0.1587122351657473,0.25,0,5
0.99396579991851042,-0.018503402833898251,-0.10811851217956235,0.035806069983341279,0.98640862634433735,0.16036192573620969,0.10368179177031883,-0.16326556880446058,0.98111897346766908,5.6541497160347038,-10.144221252123083,-1.0416884597806972,,0.2087750212805082,0.6122448979591837,1,5
-0.87002501198345605,-0.44193578668835376,-0.21851599247500098,0.47057001542207322,-0.87659537196091086,-0.10071948392631773,-0.14703856333920873,-0.19045554415889282,0.97062162895243753,-13.890720893829462,10.54559535012431,-5.7149944208361854,0.6936169685005159,0.674321992411707,0.7333333333333333,1,1
0.95884381864213486,0.27822300319276155,-0.056661203183212897,-0.24971461982160575,0.92129950410476691,0.29807689005298932,0.13513378592757475,-0.27166005269584931,0.95285868609682589,10.158722429411526,20.179114422890187,-4.7807510715570825,0.497737913517143,0.6720368335700573,0.4181818181818182,1,6
-0.96602549153959805,0.23798952527503348,-0.1007756694596664,-0.24605273790486037,-0.9662031330191948,0.07687363601011743,-0.07907464742382285,0.099058021397855883,0.99193483078856648,1.1303181018250978,-11.33425274414515,-1.3452698046543654,,0.144764441912248,0.7407407407407407,1,5
0.99047311787314096,-0.041653673864270345,-0.13125537788703368,0.094809427092565013,0.89754331908006324,0.43061254383624642,0.099870793053017368,-0.43895439606905939,0.89294169063080997,-8.3225906593437688,-7.9998258878518502,-2.6110237109784902,,0.1201993922298414,0.6666666666666666,0,1
0.72653526461886819,0.68570366485985901,-0.044237916575575208,-0.6691876414836978,0.72071288119108801,0.18099956732192651,0.15599490296376775,-0.10189910148277483,0.98248774209469225,5.1043553524471692,-9.1674531908583674,-1.2385266686657697,,0.08376592885723608,0.2608695652173913,0,4
-0.34372537598646846,-0.91095791432210638,-0.22805381872900132,0.92866232218301215,-0.36579617592647967,0.061477223711065544,-0.13942437828664503,-0.19065370704888773,0.97170572023010182,11.537738082637238,6.4916886831868776,-2.5877335709459577,0.2310098038512405,0.2297697345937793,0.25,1,7
0.49461045202479903,-0.86018291385588652,-0.12428135603629435,0.86827357660636462,0.48276354892403012,0.11419436062024621,-0.038229529359060897,-0.16439194183618522,0.98565399230374606,3.2516175870641519,9.843484777650918,-3.9648062414952361,,0.1778506648908619,0.7204301075268817,1,6
0.81031901536651718,0.58517394893447139,-0.030895676459277613,-0.56072507825372553,0.78961932152466863,0.24917606966215008,0.17020716774799163,-0.18458812682120179,0.96796525944056933,-21.353588520034997,-9.5450868193717486,-3.6573949095780343,,0.4830139279540979,0.7123287671232876,1,3
-0.99437870698879449,0.026850088809537688,-0.10242099305422497,-0.029992497306866216,-0.99912160587094456,0.029265453817819691,-0.10154524702117423,0.032172805485149197,0.99431055178682692,1.3821386798438444,-12.286483434573242,-1.2073635804263141,,0.07547954268432648,0.25,0,5
0.7661491880223209,0.63703154262688022,-0.084889548185609204,-0.62439484428822523,0.76911890800056359,0.13633482233935787,0.15213973878977974,-0.051448217213415089,0.98701903772244437,-3.6771152926174895,2.3487853465480177,-3.5401035798489686,,0.2326291386643516,0.7316219369894983,1,5
-0.2885004693400493,-0.90277609416533933,-0.31900282599711616,0.94740084704579319,-0.31736849620183999,0.041338512739294703,-0.13856086824022656,-0.29029736723256344,0.94685179641291162,-15.27946985006276,-7.6603932228150793,-3.3204030435015426,,0.2683538188168406,0.3142857142857143,0,2
0.90492601765594283,0.41463699932154668,-0.095838725800064181,-0.4007178480236413,0.90602448147737835,0.13617945968078071,0.14329727437972428,-0.084828048175537366,0.98603757200122477,1.0267761878749362,5.336551594651457,-3.505879620148594,,0.08736792668485535,0.4479166666666667,0,5
-0.98608046954112683,0.14699144582003493,-0.07770986066959007,-0.14117778865350655,-0.98708761821435043,-0.075676059350543529,-0.087830174658013849,-0.063651777851501348,0.99409974931889344,3.0650333313450631,-12.006644599028883,-1.0659283204477399,,0.1699383503895437,0.6,0,4
0.24253046912962331,-0.94392933497502574,-0.22400085293893582,0.96845424958863624,0.2219451503447904,0.11329923517897311,-0.057230568732773719,-0.24441309460017541,0.96798083720210581,-10.490963914634973,-16.55543967850091,-1.813833436379491,,0.2080188691586706,0.25,0,2
-0.43491525784952634,-0.88849828971169664,-0.14635404903544288,0.88723801800432678,-0.45058772859982493,0.098890840035885733,-0.15380968076630513,-0.086841741199950973,0.98427693973186592,2.2282243949459657,-9.7264025269225023,-1.4333505424214354,,0.3048453398130338,0.8187134502923976,1,5
-0.97760324987926062,-0.132066977690913,-0.16386030400647877,0.14078687358037531,-0.98911678208851406,-0.04274397756791181,-0.15643190867905168,-0.064856031288158839,0.98555707757216071,1.7558557811032942,-19.557088018977581,-0.31599711918258411,,0.2927330844568973,0.4230769230769231,0,5
-0.94325019961798695,-0.29078591093015699,-0.16038271392249923,0.30471878594345525,-0.94987107840545537,-0.069938515154408104,-0.13200576659288091,-0.1148411442531615,0.98457401406539791,15.921636340389663,-2.6170490082212123,-0.975557906413693,,0.3397799508925649,0.2,0,3
0.50915205465313806,0.85839327656488373,-0.062651161128038466,-0.84485130244058593,0.51235922112178334,0.15399449761574463,0.1642877414992793,-0.025475699787895812,0.98608342786672143,16.052349732103803,1.0339232285982227,-1.4176611942447774,,0.3518445641992036,0.5846153846153846,1,6
0.98063792508032432,-0.14953314245024169,-0.12644800988197055,0.16925568847449987,0.97196441013024948,0.16321059205571678,0.098497572625817806,-0.18145254131345276,0.97845449737722112,1.1689718814571131,15.336999299288143,-5.0660287827497203,,0.09309027431911858,0.45,0,5
-0.36836886780301853,-0.92231388905024247,-0.11679669215581376,0.91911728036312645,-0.38018212278255087,0.10336816944516383,-0.13974191272275086,-0.069272242504275258,0.98776189147335347,2.9318893789289113,1.0802915565541606,-2.7114532432603902,0.5924857027802259,0.3702889916247874,0.9526411657559198,1,5
0.99390891012703286,0.012979794736097006,-0.10943766855476729,0.0047983447951290975,0.98700121728349399,0.16064113099741553,0.11010020098674378,-0.16018777109851598,0.98092702263377829,-10.600404786429404,7.4974384179682581,-4.9617409071206096,,0.07580327404849536,0.2653061224489796,0,3
0.63947130068578117,-0.7488035726776201,-0.17426894486530858,0.76873205539650546,0.61943049938256567,0.15923844837390816,-0.011290819505232261,-0.23579454187893761,0.97173733663732542,-6.5634941228278372,-9.246901803802329,-2.3200262051485567,,0.08590633471393835,0.3873873873873874,0,1
-0.82591031476515209,0.56199359965784668,-0.045114808080536091,-0.56308253662612195,-0.8262518964441119,0.015679941619809974,-0.028464168900913238,0.038353586092105374,0.99885874553044585,-2.7413117126886015,9.2647559847049692,-4.5043917626078045,,0.08221206540804256,0.1111111111111111,0,5
-0.34502291789738448,0.93570046470721713,-0.073646632457113032,-0.93654624161574174,-0.3380280393487729,0.092834163589993246,0.061970343237744849,0.10100339083774772,0.99295417396689256,-11.870363245699403,11.752661971036083,-5.7283777412612995,,0.07853627120376283,0.3125,0,1
-0.74803473396232623,-0.62759652002015687,-0.21579306023248696,0.64595529529962969,-0.76311921712992459,-0.019769090049379698,-0.15226881906773027,-0.1541806359618518,0.97623897598596165,-9.3816986632348502,-23.137809688254695,-0.95968373969812848,,0.2241248073472278,0.6052631578947368,1,3
-0.34660828537646193,-0.91652310855364949,-0.19961985872037699,0.92394339908422185,-0.37030685384558082,0.095924080833129505,-0.16183723859817362,-0.15118936960693324,0.97516689993086569,-22.509450231040315,11.016137741738318,-6.4078780151822547,,0.2375543341184744,0.4666666666666667,0,2
-0.34985689825798144,-0.87547244848926609,-0.33338887605544743,0.91066534942861732,-0.40130916663644761,0.09818133286737786,-0.21974706389701648,-0.26925628072483287,0.93766320350052745,-18.840634476264349,17.877183081195266,-7.3028559625561051,,0.4962712235957165,0.5,0,2
-0.96689640438580138,-0.20154215331614722,-0.15649953233955136,0.21533230168629999,-0.97352721676427212,-0.076660016108067983,-0.13690632942376318,-0.10782169844655379,0.98469850122147096,1.6854812400226922,26.62272198110864,-6.5121656514734561,,0.1915682306192909,0.3333333333333333,1,5
0.57203544935662431,0.82015670374267569,-0.010882370390477182,-0.80644411953960149,0.56479447422825246,0.17508593301927539,0.14974420435984637,-0.091379336762652696,0.98449301169355996,-15.412745886918334,-23.376592779339543,-1.5235445983543499,,0.4382589019259759,0.6888888888888889,0,2
-0.2786082286090914,0.95657275558177413,0.085708915697240873,-0.95791012148349508,-0.2832039247842551,0.046943968156416799,0.069178422291788083,-0.069022462035821686,0.99521366832642211,-7.0742316334581989,8.292631961385748,-4.768007212116264,,0.2490206108092128,0.2297297297297297,0,3
0.61582034810565112,0.78390656001592618,-0.079093640850784158,-0.77306607253832749,0.62056356598445017,0.13141426126120789,0.15209913329536359,-0.019782965820651248,0.9881672368147707,-3.2609046072727268,-10.273347806596917,-1.9038088064820979,,0.08224836868392293,0.1666666666666667,0,5
-0.81448052901651258,0.57978769617229831,-0.021626262279897633,-0.57968288266034129,-0.81476134877961326,-0.011476065764042604,-0.024273924354687178,0.0031893419450539943,0.99970025742438373,2.4623101211392857,9.6707418077542382,-4.046455528569715,0.3197235001365881,0.1007304706601276,0.375,1,4
0.97906558853893744,0.19379235439856862,-0.062250274823194569,-0.15925496377307458,0.91978535811337381,0.3586540833643036,0.12676131055073689,-0.34123220594913339,0.93139258735001085,-13.070822328854009,2.9979693250791621,-4.5171554037688102,,0.1785125602895718,0.4042553191489361,0,2
-0.31869307336224001,0.94758956295890606,0.022555379896619064,-0.94692435779648843,-0.31934492339832443,0.03678424270564952,0.042059310534526641,-0.009635355264295823,0.99906865345995766,-10.284523260355538,-13.163172097615073,-2.1944077153429293,,0.3812289681293847,0.8793103448275862,1,6
-0.57567520193171462,0.81721831090667318,0.027427982057090877,-0.81733831124252332,-0.5760793386185723,0.0095226357700382517,0.023582766082461099,-0.016935995265493942,0.9995784237408627,5.6677412579793902,10.804708888328911,-3.885462088564374,,0.1347021560796782,0.2727272727272727,0,1
0.57893359726341898,0.81376554934606149,-0.051200787661335741,-0.80128985843852429,0.57943139162671997,0.14897592141380767,0.1508988161756348,-0.045220494192635366,0.98751438175945916,13.829667254865489,19.207661041207775,-4.0841649858287381,0.1696192993448534,0.1188547852118053,0.2777777777777778,1,5
0.48411668962449145,0.87382769584489517,-0.045345218065714288,-0.8625786453595149,0.48530330069281513,0.14296428542263587,0.14693233611690029,-0.030097579820681727,0.98868853755475983,-28.96710192901196,-4.7862200426962582,-4.9287679049675504,0.2563203176709609,0.2087114245091889,0.647887323943662,1,3
0.55317043489198858,-0.81785231302461803,-0.15849310408245237,0.8325947215561369,0.53634547753199646,0.13827349119709925,-0.028080235010905452,-0.20844932912163017,0.97762997989549982,1.5672046608097381,-3.4380763635286447,-2.3009320701509939,,0.1510282893651501,0.4748603351955307,1,5
0.91334575050375755,0.40718489639080224,1.3709140011011903e-05,-0.38150575052958724,0.85573376452604799,0.34953266880641565,0.14231269215915091,-0.3192494078323258,0.93692417689433405,6.6213459022506083,-4.7522856154436743,-1.6071827303399697,,0.4641045835243835,0.7560975609756098,0,1
-0.711448925469502,-0.66362674685549217,-0.23117086171550028,0.68057543981075153,-0.73262712071746861,0.0086355495270138138,-0.17509282445232477,-0.15118545845162443,0.97287484291561332,-10.849484098588945,5.2662761837058634,-4.6734258002882365,,0.08755680990607817,0.4107142857142857,0,4
-0.047463555673030802,-0.97361131936038448,-0.22322233243160619,0.99244661777445475,-0.071274258253436959,0.099848339888400486,-0.11312348010435447,-0.21679709159431959,0.9696401906508032,-7.4257889103617307,-8.4012297657757298,-2.4939256545689155,,0.07504914772538943,0.2173913043478261,1,5
-0.99519243779138189,-0.020807952053514083,-0.095702878191760515,0.020664291953824424,-0.99978336487417552,0.0024920591726158379,-0.095734000234479963,0.00050244622734008429,0.99540682574859574,0.48107955995170498,-12.878364589985257,-1.2055686424524186,0.4514736363544392,0.3253521342241785,0.1333333333333333,1,3
0.85456222483933542,0.51636513017078467,-0.055591871900076639,-0.49777416764898413,0.84488790533298541,0.19592168191244705,0.14813602498719516,-0.1397550706262557,0.97904251099492323,4.0025870896787481,-6.5943443623627624,-1.667269135427154,,0.08420857020136417,0.2916666666666667,1,3
0.63555789723257272,0.77061796185316589,-0.047054395486331564,-0.75873392720573174,0.63470434643483609,0.14653743659453106,0.14279001005770336,-0.057431258788235573,0.98808535235662764,13.689572160993354,9.1083188528258905,-2.6582293536540069,,0.2218935609649419,0.1428571428571428,1,5
0.97216538899636207,0.21250045642016979,-0.098681368346673473,-0.16968400244281365,0.92900602845813041,0.32886948536378219,0.16156050183302709,-0.30297088162011759,0.93920543500226261,5.8244681481618708,9.7661064647700613,-3.6449594851648017,0.8199477740002361,0.414583575169956,0.15,1,5
0.9776792074498265,-0.14758021547938249,-0.14954413167803776,0.19151879852450196,0.91867057180233958,0.34549230138469583,0.086393964673526211,-0.36642115182317381,0.92642950210178876,11.646303594349662,-2.3734092053094162,-1.4322342387383746,,0.09023047665091333,0.2727272727272727,0,5
0.93896473833098282,-0.30770286285039855,-0.15383162342216336,0.33724431630232737,0.91160201314803879,0.23504901775208403,0.067907961924984717,-0.27258158011522465,0.95973318734379665,-5.7300839560834937,-7.4597305981829471,-2.4760205849530248,,0.07700251849403449,0.1363636363636364,0,5
-0.88625174200573165,-0.40835633637666424,-0.21863886281454029,0.4402631391276019,-0.88932037511738027,-0.12360274562724134,-0.14396603112302733,-0.20580178070685268,0.96794597418480588,-19.820510338062832,9.2801216271527878,-5.9257873433485937,,0.5344446174422597,0.2592592592592592,0,2
0.94664963508627475,-0.29745472404566758,-0.12399659484816856,0.3148619361963827,0.93569540895232328,0.15917305927892267,0.06867626610183597,-0.18972292641761074,0.97943288778039794,-3.2217910597825181,-11.274913813232194,-1.7715972230101451,,0.1294849320893358,0.35,0,5
-0.88036477084385489,0.47391606352004573,0.019011443782926647,-0.47152768432908737,-0.87019531133461869,-0.14290473415004443,-0.051181179825163202,-0.13477271559522194,0.98955383985046241,-0.56008098146753638,19.900267247399992,-5.9662549200384083,,0.1500524046113312,0.1304347826086956,0,3
0.36319412717252303,-0.8679483816226149,-0.33875600780808646,0.92963972541215256,0.31333992647893105,0.19387643335329663,-0.0621289539828766,-0.38533582407149902,0.92068251626938824,-4.6334453260423967,20.304144580596414,-6.3804412067932494,,0.3441369417146023,0.3333333333333333,0,3
-0.99346211564577425,0.042543002654987436,-0.10593921701485026,-0.046132056600575941,-0.99843349514125357,0.031660529588451974,-0.10442632872232495,0.036340730662958912,0.99386844862107326,-0.80115119674051838,4.8238018765329107,-3.6211034365939057,,0.06956469823806052,0.2151898734177215,0,5
-0.47660629388253833,-0.86656833976491987,-0.14800592268089532,0.86702864384924005,-0.49116643363321577,0.083766730967470934,-0.14528513818178476,-0.088401623226610146,0.98543258604249606,2.571045573939212,3.6463325552201984,-3.1227725043703711,0.3146269108949588,0.1875136990974576,0.7351598173515982,1,5
-0.86388235877200958,0.49957385389716685,-0.064290238021349796,-0.50192185530057631,-0.86449891535924661,0.026759606019412609,-0.042210441529756913,0.055385827113251358,0.99757239776411466,-10.669014726343462,-0.92252867625866808,-3.7395394803034163,,0.7651167332907038,0.4619205298013245,0,1
0.50711755417212667,0.85968417327015945,-0.061440283847677864,-0.84823733473964036,0.51045455166094089,0.14117214541976564,0.1527259316693533,-0.019474930485902077,0.98807667560685686,-4.3803628760735558,14.488914371951189,-5.5004137473182464,,0.07622398976194973,0.1818181818181818,1,5
-0.99395565228007077,0.018802861625088686,-0.10816012987791104,-0.026740270971245917,-0.99701641954507458,0.072410061910647597,-0.10647590905403514,0.07486462149925853,0.99149289923775541,14.687583889374707,13.163739572633512,-3.102117054294117,0.227022399987704,0.08792163400240607,0.3076923076923077,1,5
0.4651945108202688,-0.8612792077050424,-0.2044313906367233,0.87547129402036028,0.41348078177659486,0.25016725694569047,-0.13093540563577935,-0.295350248817213,0.94637421249450993,-1.7977299629185428,14.339123963599883,-5.2463957977225277,,0.5474404702037901,0.3333333333333333,0,2
-0.99366772532816117,-0.015936668672211968,-0.1112226336353826,0.010122625441084493,-0.9985620267294596,0.052644194628976765,-0.11190167154845324,0.051184972067846377,0.99240017862708818,-5.53194641445321,-10.528336307253792,-2.0724174801470099,,0.1099657505469566,0.4516129032258064,1,5
-0.41403452018776199,0.89953547790820154,0.13932458532991832,-0.90935037302600663,-0.41559189816779002,-0.019112123240416928,0.040710135965792121,-0.1346079424170703,0.99006231453777205,-11.647053400385158,7.5061444751703501,-5.0558021261265127,,0.5627857578496871,0.3968253968253968,0,2
0.97206702517330801,0.2198443263690838,-0.082183761985191089,-0.19608898318737414,0.95314429802699285,0.23035854186717805,0.12897600258674663,-0.20780861219389951,0.96962919276122694,10.783853651594963,-14.377903383730439,-0.04159118989425506,,0.1054928823936112,0.2142857142857143,1,4
0.71066909543665413,0.70066264625512276,-0.063413665199369015,-0.68680069060126636,0.71048715114192273,0.15333890390849725,0.152493436517355,-0.065420671083415566,0.9861368503479242,-13.923160717315964,-11.366686876375974,-2.7287553432886456,,0.1771451058262029,0.2941176470588235,0,1
-0.97175073690868918,0.22363055358315898,-0.075431298686353565,-0.22258662227240064,-0.97466280530835481,-0.022081927764848751,-0.078458274915930243,-0.0046681315896402427,0.99690646885486633,-7.8565460338814521,11.610229723920192,-5.3418906973399753,0.2285060149379021,0.1821165025198027,0.3,1,5
0.79151622673698407,-0.58519372306047468,-0.17621114976830779,0.61067391367266077,0.76867019999376085,0.19032470885638811,0.024071434767465021,-0.25825264787059515,0.96577747742223929,-13.119247068053919,15.829656649935558,-6.5259734068131863,0.1876693595089804,0.2681258735491338,0.4193548387096774,1,4
-0.73479101644972922,-0.65863671208904528,-0.16211059074997233,0.66515515231637934,-0.74648866648472789,0.017980382555053805,-0.13285625876016222,-0.094616871108613179,0.9866087685652648,17.740571372435895,-3.7555402253172252,-0.66797237004497279,,0.5059356049675674,0.2222222222222222,0,4
0.52695143638384712,0.84539005437372083,-0.087394734732697502,-0.83605117955865349,0.53410447637488956,0.1255023245796274,0.15277633603272928,0.0069328408537409096,0.98823647315109375,-11.726472897499733,-13.943486881092401,-2.2227012140260531,,0.1118237467185769,0.1666666666666667,0,2
-0.97040216974779492,-0.20705702281038837,-0.12428603402503301,0.20165679590248756,-0.97792756887194443,0.054701066777094944,-0.13286897913025375,0.028018910491096224,0.99073749047857163,-8.188728797938241,14.881862951176549,-5.9075427730954031,0.3818195772219425,0.394030009679161,0.6375,1,5
-0.99309907496813254,-0.028103569871932899,-0.11386139230614296,0.029588768582814142,-0.99949743484702025,-0.011374643202287026,-0.11348450145809638,-0.014665166029747248,0.99343152800488865,-15.029441087056117,-12.67624230611418,-2.6622614293696945,,0.1986803331555775,0.7777777777777778,0,1
0.87706551016895573,-0.42601465012664957,-0.22196307969915993,0.47276710296172142,0.84739706351570832,0.2416805393533645,0.085131411530927806,-0.31690650769970091,0.94462844978770844,8.5134654371650935,-8.1527433864233689,-1.002209498345324,,0.2685672763328397,0.2916666666666667,0,3
0.88935152167091402,0.45680027249332733,-0.019682021025579814,-0.43354907543813592,0.85619155530250568,0.28101818413656748,0.1452207632825519,-0.24139082766065936,0.95950059834944079,-28.425179794886322,-7.6984786682022994,-4.5187163925198099,,0.0885609837259957,0.2,0,1
-0.9778973429141925,0.18579019007412279,-0.095910333090774944,-0.18839238901526209,-0.98191484558980802,0.01874950056576713,-0.090692306633386593,0.036403863566452477,0.99521337623393669,-5.5275962505229277,-13.12612926985811,-1.7258366019951974,,0.07517956809059761,0.3478260869565217,0,3
-0.17044257094754381,0.97237007691748678,0.15951728283879371,-0.98198982971502935,-0.18101049511415479,0.054140326880946776,0.081518736159478827,-0.14741653290594225,0.98570942040793763,-8.2036172079339487,23.915606457415493,-7.1324736096458805,,0.2495091826364711,0.2777777777777778,0,4
-0.65843664760198317,-0.71890383068205599,-0.22279691049322689,0.74066273117721904,-0.6715131016809357,-0.022110470731114974,-0.13371574230345465,-0.17957571244885695,0.97461411017834187,-1.1826910749674047,22.69083869400756,-6.4676789143587907,0.6029212787685365,0.4349621076869299,0.2857142857142857,1,3
-0.95442081550454638,0.28706328262078518,-0.081704214717574733,-0.28685179784168863,-0.95786418849791743,-0.014568543791914433,-0.082443635331220969,0.0095324794363870532,0.9965501386428921,-1.2307127031508027,15.15773385415209,-5.2834363008276606,0.1325093252799757,0.1270159247711991,0.4,1,4
-0.034695892401619424,0.99677049592452061,0.072420808507230261,-0.9941766184502927,-0.041821505638953531,0.09931673067933966,0.10202473414421009,-0.068553191905823374,0.99241695546898412,-6.8948447588145871,1.4902359286184279,-3.7282539966212718,0.9951129494841273,0.6529429931220353,0.2632464255677039,1,3
0.9348315071374419,-0.33103854980185932,-0.12846607259591877,0.34794664507149903,0.92618218827936705,0.14532613769563318,0.070874434365476427,-0.18055479129373386,0.98100804374594652,-10.461616849622343,16.00123411690242,-6.3286471779193763,0.3372053401803317,0.170849245290036,0.5652173913043478,1,5
-0.51749658123797726,-0.84726781647968341,-0.11972692080210726,0.84333873543295013,-0.52869546393436695,0.096233485510894917,-0.14483461507994858,-0.051169850234027654,0.98813186402507514,-4.2858882792542765,-11.17424459010229,-1.8882611633134601,,0.0776930478852644,0.2631578947368421,0,5
0.10676641022478185,0.98937015518576121,-0.09873008495598766,-0.98764483870487785,0.11698535307272256,0.10426936149256082,0.11471096820849123,0.086377793408684525,0.98963643353431452,-3.8733084093942609,7.2656425204697994,-4.3025638677012994,,0.09716583988923022,0.4666666666666667,0,5
-0.32812476374139954,0.94426015433706312,-0.026587597691369935,-0.94243130745813652,-0.3253086673682718,0.077443538515668237,0.064477671657709817,0.050468127233200342,0.99664216145574314,-17.88455776325446,17.123354230833105,-7.1591954328603169,,0.1040890924153613,0.6,0,1
-0.83585142696611381,0.54099107995515239,-0.093172117329534232,-0.54772827211338782,-0.83322616277251838,0.075682901629537794,-0.036689671113175497,0.11429266415803688,0.99276938659150082,-2.9516064355346892,-9.0789521780401152,-1.9938232725020935,,0.06483374587789541,0.1730769230769231,0,5
0.98268275094546043,0.16003193525692405,-0.093404446854450804,-0.13795600844109976,0.9683982816899267,0.20778091287458808,0.12370428743281889,-0.19129701439887045,0.97370565447306368,-16.621807998943108,-6.9801608954120695,-3.4939465505573728,,0.07535205976266425,0.2075471698113208,0,3
-0.90634828814151058,0.41750717182473052,-0.064965699087053061,-0.42051273117363025,-0.90630394876941922,0.042216055782763558,-0.041253163561705365,0.065581353446495128,0.99699411361164947,-19.408420424995686,8.2162187659551833,-5.7945949014850706,0.3125871073560663,0.2977033272709064,0.65625,1,2
0.74540508121345594,-0.62946913214565803,-0.21940801393056125,0.666513896204186,0.70940906090586497,0.22912444319926811,0.011423268703699975,-0.31702901441421899,0.94834704246476798,-18.089722687987052,-10.409118992888811,-3.2239515211733161,,0.4330451983122677,0.7,0,1
0.1805141075518904,-0.96979650634751646,-0.16404082799991077,0.97990212799265564,0.16292702645391813,0.1150938903954056,-0.084890968484344215,-0.18152002734419151,0.97971628706618663,-4.9191103305106045,5.7784450078086405,-4.2024547511499204,0.1160514133533793,0.1257817760119889,0.4539473684210527,1,5
0.670888616725274,0.74152931809900191,-0.0065371513732759385,-0.72709339766537906,0.65950944973016623,0.19074191146160788,0.14575203264401837,-0.12321345752896472,0.98161845381181312,-6.0169074015490507,14.864796105690997,-5.7375712710057432,0.4996461717490711,0.5169277879741306,0.6813186813186813,1,5
0.20450713061586301,0.97454942648658804,-0.09181638667431713,-0.97062750151037935,0.21403531612823398,0.10986872512960477,0.12672445241145866,0.066650572274724956,0.98969622328089479,-3.3172451200157016,-6.5645016893223698,-2.3721045253431687,,0.1389931013836988,0.6900958466453674,1,5
0.41795255240075491,-0.88209699326590463,-0.21730291855597689,0.90705242323603963,0.39183517587828964,0.15401654601392314,-0.050710604840834624,-0.26147674737092996,0.96387672714979289,-22.130310408711033,19.368645023546353,-7.6731021838251428,,0.3138238567966775,0.5483870967741935,0,1
-0.57387468360541305,0.81217808503767286,0.10504573147599504,-0.81662801653410233,-0.57716326766475334,0.0011158271028658556,0.061534787952558213,-0.085142942415000297,0.9944667662765565,-3.2730535511757388,-13.811286148421688,-1.4660137064579959,,0.4663502506666767,0.28,0,5
0.78932649130745558,0.61388823212601196,-0.010243465110043053,-0.59594976605574301,0.77006107457353423,0.22770555057959918,0.14767385164058658,-0.17362943265429706,0.97367615440544752,-9.4417075055071589,7.8555204692078631,-4.9183666692081696,,0.4922236369853742,0.5066666666666667,0,4
-0.78339276919770207,0.62136395868511951,-0.014233763237925462,-0.62118889539321775,-0.78351655410927967,-0.015038805699747335,-0.020496960967678005,-0.0029394359794956797,0.99978559416867596,1.8348704776104643,10.503733565524493,-4.1945281102508849,,0.5661893802313841,0.2,0,1
0.96989465066260427,-0.21129069211911566,-0.12108100610703157,0.23073826017394977,0.95632216405349302,0.17946524407790801,0.077873114153503453,-0.20200040090026936,0.97628459791608246,-8.394395961208394,-13.258612857776793,-2.0217618323133633,,0.2512896741690739,0.16,0,5
-0.29186151817295242,0.95112301221578044,-0.10090525181257395,-0.95387277786867342,-0.28169218389471196,0.10380865654523928,0.070310581357851593,0.12654852494678609,0.98946545820605247,-1.7406004423765558,-2.7713590451701364,-2.6725578856073535,,0.3757292203838277,0.9557467732022127,1,5
-0.7842991573247402,-0.60401507096225182,-0.14156491751196096,0.603215014078886,-0.79578604510210871,0.053443589050083021,-0.14493611906461298,-0.043478321853664063,0.9884852841187256,4.29116624241815,17.982236432084303,-5.1476458429217073,0.1593786478607718,0.1133405963208597,0.3636363636363636,1,4
0.94993344971506777,-0.2790331953091133,-0.14059486842704919,0.30350330417588495,0.93095501077969489,0.20299879866270207,0.074244093817308232,-0.23550635621945806,0.96903280167055361,16.120046773868452,-10.550409713736441,-0.00288949272449622,,0.2017962698863856,0.4545454545454545,0,3
0.96064417667689328,-0.21934475493843569,-0.17044249557481725,0.25354054874971915,0.94304036844614769,0.21538814642557574,0.11348989363139476,-0.25012545244727002,0.96153902785148726,7.73394706904286,-5.9065970505293999,-1.3689125153428368,,0.1547687011966475,0.2307692307692308,0,5
0.57330628303749254,0.80733052770771541,0.13977598098713304,-0.80395796858306134,0.52139396827399642,0.28600684362317458,0.15802370259404372,-0.2763435341720078,0.94797824898031957,-9.4443750682074956,2.2823976855368042,-4.0944985912882403,0.8565796641268346,0.5291015584547875,0.3053097345132743,1,3
0.13517028514430154,0.9903091153065825,0.031888087975021198,-0.98015573115435151,0.12893616399739549,0.15056629204080188,0.14499564372520829,-0.051607380812546559,0.98808549303508264,-9.5170754334261574,13.796393878868304,-5.8502125137702157,0.5486620317031454,0.6446062885527649,0.3409090909090909,1,4
0.32447738902248213,0.94571236463835062,-0.018508035641145278,-0.93883471419658115,0.32438028049785467,0.11561493434482635,0.11534211473949232,-0.020138445676720119,0.99312166403374236,-9.3254454482902496,3.5287482673566131,-4.2722512123923799,0.1306067843810537,0.1446825679628405,0.1886792452830189,1,5
-0.69842731619118947,-0.67307173291268252,-0.2432565032057504,0.69926374540842973,-0.71416215832217056,-0.031664269737237329,-0.15241226445186584,-0.19221564445834338,0.9694450204473265,14.83745437585493,-1.8378002511186466,-1.1836667105506609,,0.1521410810433125,0.46875,0,5
-0.84543682208309778,0.53211723059222782,-0.04569280876561313,-0.53113230453958493,-0.84666454273166525,-0.032521180105438273,-0.055991561332960106,-0.0032256763381670801,0.99842603134716967,4.5384960820212825,30.494690947400837,-6.6203826830717603,0.4141106619761792,0.4203359576940967,0.4210526315789473,1,5
-0.91784698982050361,-0.34505737898449551,-0.19619456793141074,0.3668710967859381,-0.92615309806522317,-0.087441622167445193,-0.15153382995399259,-0.15223614601185115,0.97665841225422068,0.58430774109671624,22.816561316455065,-6.2886735369251499,,0.4730361448157529,0.1538461538461539,0,5
-0.37294324268780465,0.92784607783658457,-0.0038721540220927123,-0.92171607477652762,-0.36999363430538779,0.11637950022250712,0.10654959048281093,0.046971974801541388,0.993197270612031,-0.68117931588346647,14.205134731415992,-5.1260591230507151,,0.1740241986602852,0.3846153846153846,0,2
-0.96233404830564051,0.26421027882074521,-0.064078920380590362,-0.26012632240319483,-0.96334918530249203,-0.06551826897907792,-0.079040975858519713,-0.046381847122443733,0.99579176959485072,5.941412892336265,4.0079786377990985,-2.8435467882536583,,0.6985769498236165,0.4622641509433962,0,1
0.85340078766794591,-0.50254072515888493,-0.13841934534056766,0.5197842702921488,0.8403754460770626,0.1536015038586406,0.039133207951658047,-0.20303184279210887,0.97838983173776528,-13.930356360602635,-8.9955000323370076,-3.0368733468778304,,0.0984548735215883,0.2857142857142857,0,1
-0.9980214126633824,-0.020948003093303486,-0.059282721190830827,0.022565907873435334,-0.99938729535639392,-0.026754694580196924,-0.058685940967445283,-0.028039526505184199,0.99788263101736119,1.1493717562738401,16.801484895087757,-5.291160798996593,,0.1426291402770801,0.2352941176470588,0,5
-0.51132771870958083,-0.8064521159901139,-0.29694940426665994,0.84663883234838977,-0.53200824928954427,-0.013034962509709739,-0.14746745959367163,-0.2580740345384297,0.95480424227065874,-29.923306967420679,-7.4980580149599172,-4.6877687843697879,,0.4503218310339068,0.2857142857142857,0,1
-0.25040609936104108,-0.93994604038407614,-0.23194444716156656,0.95966137407108754,-0.2726233462746217,0.068749968596497346,-0.12785473209381079,-0.20537271540378491,0.97029645740304316,9.5062372714142374,17.257054654584991,-4.4209558216500735,0.6944593287173714,0.5197536845456278,0.7931034482758621,1,5
-0.32829236545618684,0.94141211417667658,0.077248650891649881,-0.94246306957758874,-0.33192794827931621,0.039839674113517499,0.063146538033126864,-0.059724939786341635,0.99621556216611462,13.488097888418247,-5.4412056182736777,-0.85225811403914664,,0.1507806074942105,0.2352941176470588,0,5
-0.61984059231774735,0.78461666395277108,0.013203437537603698,-0.78464644427777197,-0.61993083438008445,0.0039646017533036745,0.011295910650950407,-0.0079026092170526759,0.99990497106981591,-5.1562792367529369,12.851082483060429,-5.304875257872272,,0.3309132300149909,0.2272727272727273,1,5
-0.91364455306058745,0.3948750934960007,-0.096577902230498766,-0.40262188929382281,-0.91178557293676554,0.080886854592366261,-0.05611813364850822,0.11278621157259672,0.99203327845133782,4.1189499132630845,-5.5202133224919701,-1.7809713774255613,,0.7416965688363163,0.985981308411215,1,5
0.90920132651390062,0.41552367265905837,-0.026325374171939558,-0.39532913986018819,0.88139540823979823,0.25856721662114163,0.1306438633949891,-0.22468246881705844,0.96563449045873695,7.5842478577064885,-10.935453072252749,-0.75534467105424352,,0.2144590616208363,0.25,0,4
-0.35026722213541006,-0.88295284000534713,-0.31258143806700195,0.92925537494714561,-0.36943117855251489,0.0022477644759545676,-0.11746199908643976,-0.28968066321346275,0.94988830508161626,-5.2819301305557405,-1.8056879150689216,-3.153114529233453,,0.6385273600836221,0.3662650602409638,0,2
-0.97699543581908022,-0.15197290456152562,-0.14961335056678896,0.1686300747292189,-0.97999245672522173,-0.10572928950146453,-0.13055196775807526,-0.1285263437618914,0.98307535961069459,-2.1057196751331193,-10.888989338183922,-1.67233752052164,,0.1123753345282635,0.1904761904761905,0,3
0.83328517960163728,-0.52874468966078947,-0.16144616010231294,0.55182947830965889,0.81317853995826328,0.18499970005336877,0.033466943761809247,-0.24324825858957758,0.96938653197183511,-10.685787299408782,-8.6074712489191985,-2.7678614975309714,,0.07735997636439687,0.1851851851851852,0,1
