axis_00,axis_01,axis_02,axis_10,axis_11,axis_12,axis_20,axis_21,axis_22,location_x,location_y,location_z,dbh,dbh_approximation,score,reconstructed,number_clusters
-0.34858559734912437,0.90861301459406718,0.23002276198462379,-0.93701973459010834,-0.33208322910827809,-0.1082346799029843,-0.021956737222015698,-0.25326491793238892,0.96714775656838647,-19.286409198484982,-2.4750613680972564,-5.153443375325554,0.9204869653945368,0.494312310009294,0.1896551724137931,1,1
0.97812782701073131,-0.18469940963569806,-0.095666515079671124,0.18762291157446187,0.98198466380816529,0.022444667471051147,0.089797533816836944,-0.039902983920867788,0.99516036637047822,0.22441954944502621,5.6479687467378996,-2.0074248147498799,,0.06963513949343539,0.273972602739726,0,3
-0.93050361595122366,0.36102950707239567,-0.061811938367610696,-0.36016983623676047,-0.93255393641284878,-0.024916756331560683,-0.066638650698250076,-0.00092233614495366642,0.99777674834060581,-7.4849758906981805,17.238614603963029,-3.7675713540340316,,0.1107882631603743,0.3478260869565217,0,3
0.85525944723329683,-0.49371870862629369,-0.15739477332675889,0.5129012417160026,0.84984682725185545,0.12121339223096937,0.073916129257284371,-0.18439687351563491,0.98006846642123957,0.38566058164385547,4.735317838784697,-1.8988195668199612,,0.07380123894110185,0.1879194630872483,0,2
0.53990589507298081,-0.83300944816306088,-0.12081756385773282,0.84087130909422703,0.54023748737352939,0.032846594625582287,0.037908653466000454,-0.1193260931540515,0.99213114933711566,-3.7354060582823965,-15.796639151155636,-1.8304806963745703,0.2891382390718789,0.2287581586449896,0.8356164383561644,1,5
-0.75623280656640246,0.65426148707744958,0.0073381741534302098,-0.65427690148705553,-0.75625497401320962,0.00038789273944748494,0.0058033139842441749,-0.0045078606326795579,0.9999730000051581,-5.9522843611417304,13.067017491474784,-3.3065899190202579,0.236798265809781,0.2266990507298975,0.2333333333333333,1,5
0.96095422260188523,-0.25846109265564815,-0.098817233551929604,0.2628305584243622,0.96424703005841772,0.033878644923618098,0.086527912386386005,-0.058528015571784962,0.99452872847961726,-19.952663410914088,14.532467612664105,-5.9755576025724926,,0.09926934293072021,0.3157894736842105,0,1
0.21203987159931462,-0.97075546972493176,-0.11257402387440013,0.97723681393360662,0.21143382011170023,0.017434139091668664,0.0068776700299275255,-0.11370821303714652,0.99349038241085108,-5.278766124725057,4.6263736769982682,-2.8923966363752891,0.1197287758884575,0.09650194257896286,0.6096774193548387,1,5
-0.46474510418145987,-0.81504582403759873,-0.34599464281724834,0.88388869307004614,-0.45019739930348956,-0.12674020641966535,-0.052466812389253485,-0.36472264308546232,0.92963682544231463,-5.955957905003741,-9.3537744620416721,-2.3682633085512728,0.3096299794872568,0.1493484593511462,0.2,1,3
0.99194298354580623,-0.055899066440122769,-0.11368558292662803,0.087748011153880201,0.95042861401434442,0.29830477066468641,0.091375072819576991,-0.30587700801775758,0.94767602693817343,-15.41203636808469,5.4639550021915086,-4.8254131731472034,,0.7732385767991377,0.4193548387096774,0,1
-0.64117316883067099,-0.75938837030574557,-0.11057246771245606,0.76431532388018009,-0.64483355513439733,-0.0034310136508119119,-0.06869536559021952,-0.086712105366668832,0.9938621421149455,-13.710505223429122,9.4049924912782696,-4.6289114639022531,0.1802938018088657,0.2198011692916138,0.8114754098360656,1,5
0.99336113023884109,-0.048283265365484357,-0.10441451631004087,0.055958833951127634,0.99584265344023892,0.071875019943898472,0.10051006831876939,-0.077240765627691055,0.99193325899064688,12.952472094221132,5.5809434019460635,-0.3436787885061221,1.174989403649396,0.8899703709655941,0.975609756097561,1,2
-0.98752572977716468,0.1401495178618459,-0.071770785638522364,-0.13620635553091681,-0.98902837917700936,-0.057189980726378188,-0.078998492017658517,-0.046700940307344771,0.99578022697447943,6.487919326414084,11.036267614593298,-1.3790996865346157,,0.1045214620073744,0.1851851851851852,0,5
0.96133050297775735,-0.25385449745778627,-0.10677807904709988,0.26709545315735689,0.95390013307925392,0.13687423064276885,0.067109484778234391,-0.16010131239886355,0.98481667675814821,-0.5059460867767972,-10.104067066165483,-1.4595654139070404,0.1020237446924559,0.16494507524375,0.2156862745098039,1,4
0.64551463484064209,0.76077551112691333,-0.067316252689355552,-0.76108296498322603,0.64811531904312725,0.026443404356624567,0.063746189053896118,0.034163648681164789,0.99738120520185047,15.162064835757498,6.1471744333068541,-0.086662393185035144,,0.08052886889047901,0.2083333333333333,0,5
0.29452741779597491,-0.94528956060034131,-0.14028986701272386,0.95549681392266639,0.29385982323119597,0.025927646907548448,0.016716421568849758,-0.14168292384949835,0.98977093831824947,-10.788552810385831,15.167765958213071,-4.3552194520065841,,0.08580994765611666,0.2222222222222222,0,1
-0.039586814546948602,0.99918242734340001,-0.008207374865130521,-0.99881828513937321,-0.039337953481647002,0.028540474542615026,0.028194279300371675,0.0093275025610860887,0.9995589428896654,15.477882833268033,-6.5352557010833845,0.3807361740512526,,0.2415442637795731,0.1578947368421053,0,2
-0.25931579978057978,-0.93289447934325276,-0.24992640195673779,0.96514510718447788,-0.25978887679099921,-0.031696396854142356,-0.035358705604454414,-0.24943462050516096,0.96774590261670712,8.4917204789248437,-3.6754835422586298,-0.53085263960660489,,0.09344800850185971,0.1428571428571428,0,3
-0.98057354416809339,-0.16494039078552222,-0.10616116034192241,0.18495694225360118,-0.95771209337828545,-0.22040525336112196,-0.065318098485964815,-0.23575880404451816,0.96961401203039355,-15.166313603162004,12.05325760645189,-5.0699774169090093,,0.2306556157662845,0.3571428571428572,0,5
0.79944674535499427,0.59633057533811329,-0.07262744838022045,-0.59569748665136957,0.80255236929962792,0.032468429724815145,0.077649248151856476,0.017307207991708547,0.99683050455580613,-8.5836729602488528,5.3331442622565444,-3.4296619016318988,,0.06727953970161009,0.2254901960784314,0,5
-0.095510597441221048,-0.98295302401703788,-0.15710212714085972,0.99519366216506633,-0.097718714842681201,0.0063739748964198118,-0.021617135862700865,-0.15573825909280148,0.98756179254355447,-12.394459107981701,10.095604981699918,-4.3340035749901862,,0.07855726764693027,0.2631578947368421,0,3
0.58605549830056691,-0.79680910355956625,-0.14708570765467308,0.8096245247556525,0.58310841049042827,0.067027684798977041,0.032358643758030173,-0.15836613937306124,0.98685008186361001,1.6959465478543021,-10.86932371005102,-1.1744180160485593,0.4099978266993223,0.2967197422968393,0.7724550898203593,1,6
0.9699484808060771,-0.19772493639651684,-0.14179137529827304,0.2269290329497273,0.94536955815983414,0.23405044864127247,0.087767639745431808,-0.25919345676863198,0.96182929534395167,0.59438389401507419,13.075647059007247,-2.272717521185156,,0.2660604904765068,0.25,0,1
-0.60344821366293711,0.79739915773572356,-0.0021992429081641091,-0.7948733640349086,-0.60175166764047594,-0.077918326725709447,-0.06345540619079186,-0.045271555465492046,0.99695731989433556,-2.9906892315750593,7.0497376971581254,-2.5737511342618982,,0.3261452376086274,0.3012048192771085,0,2
0.93707300944867289,-0.32976018972717819,-0.11468387957294686,0.33846505301563895,0.93861188091754055,0.066701910673957462,0.085648017197874904,-0.10132104555091852,0.99116016005413587,0.56840065176062893,11.390480303229852,-2.1959093299907924,,0.06460943123910627,0.3076923076923077,0,4
-0.44211614599136345,-0.88946722481863782,-0.11567786921954692,0.89505228278822024,-0.4458946137970155,0.0077074290400152845,-0.058435644339220501,-0.10013016209035915,0.99325687820946851,-4.3771925872254727,7.2542089796433453,-2.8073805271942343,,0.184280948956735,0.2847682119205298,0,5
0.91532436601780731,0.40264098645469221,0.0078448072564161666,-0.3937850066661544,0.8907723770560908,0.22684342793825343,0.084348523988477586,-0.21072448434065058,0.97389964483017,-22.449148335939231,-2.3414409406959948,-5.7034088843549045,,0.1776947006748574,0.4210526315789473,0,5
0.95745367226080169,0.2746653765878867,-0.088551659375418451,-0.26376613586930975,0.95738640229411853,0.11763801371536756,0.11708924392478853,-0.089276019210975735,0.98910055168873645,2.2870223147556694,14.57430884541928,-2.1091253865164581,,0.2047052246898807,0.3103448275862069,0,5
0.47679849637841709,-0.86365309389041123,-0.16360478985898463,0.87828387000425123,0.47565609146993315,0.048669562746169737,0.035785996446061383,-0.16689702232534995,0.98532469084931362,6.0360831585375276,12.957418863120157,-1.4843013421248039,,0.09837417083611519,0.3333333333333333,0,5
-0.274482792129848,-0.93449240328767857,-0.22667850586727836,0.96108541487582666,-0.27425769034008557,-0.033129210710223241,-0.031209327733280889,-0.22695080411168578,0.97340603571967665,-4.5434679679703613,-14.152879929751954,-2.0061369471172892,,0.08287635681868592,0.3461538461538461,0,5
-0.50766876932360605,-0.85215913794899789,-0.12687483699881974,0.85967126572636332,-0.51076347700702796,-0.009272833446388247,-0.056901103134198244,-0.11377817965547203,0.99187539050850482,-13.083755173359965,-11.097410083894752,-3.6547526439991831,,0.07647324154544663,0.3181818181818182,0,1
-0.83269767885906598,0.55276027605726641,0.032720831832624718,-0.55079650029850469,-0.82076971200553606,-0.15152654920267064,-0.056901589447428208,-0.14419832546685341,0.98791145962121119,4.1984320388943992,11.318972684533772,-1.6706165461709144,,0.1614921668440249,0.2608695652173913,0,5
0.45361344467836351,0.89112707691304693,0.011286079896817054,-0.8909196949647965,0.45311837738466687,0.030754401312982384,0.022292149534369317,-0.024005600777623298,0.99946325155077209,-7.4610224787858677,-10.131919774585507,-2.6391430341378408,,0.2080994014883023,0.4105263157894737,0,4
-0.19446077006037488,-0.96543917467591822,-0.17352869765144835,0.97972549614902982,-0.19985479764628786,0.014000430468345043,-0.048197106791420696,-0.16728795491260906,0.98472929226163119,0.86107595945723958,-18.720967527365858,-1.1130784530349582,0.5880690568305805,0.4419878357921243,0.8709677419354839,1,6
0.13672747169919203,-0.97948841922367724,-0.14801363143118898,0.9905796507220157,0.1340443565387775,0.028001179538619067,-0.007586439098518874,-0.15044782180811489,0.98858884216594178,1.0426313585048741,13.838380273825912,-2.2134391378469247,0.7013043396308548,0.2107825405526823,0.375,1,4
0.94600749949085716,-0.30133690226012477,-0.11943986873454861,0.3158624345904319,0.93973617500279572,0.13086956791293586,0.072806135192435645,-0.16153016042642168,0.9841784766753201,-17.214960069881819,16.657380752326695,-5.5475049490886583,,0.272379327282216,0.6744186046511628,0,5
0.98767224476443594,0.12642008370703714,-0.092311967574553774,-0.11964053821397554,0.98993233254770197,0.075631465624670768,0.10094393759830265,-0.063654845944132205,0.99285365590804875,-10.407280678578559,5.9394588295718531,-3.7578520820649532,0.6265615976153573,0.3931739544989997,0.1688311688311688,1,5
0.95671515075630154,0.29028755388571881,0.020718503140767161,-0.28924630249889138,0.94059095824211392,0.17783482719620025,0.032135600259957993,-0.17613002393751209,0.98384222203750971,0.55982575522649625,15.085341293168558,-2.3461516527171686,,0.3478581447897875,0.1904761904761905,0,4
-0.14865917807948337,-0.96655429378270163,-0.20898144880097852,0.98859686298817506,-0.15039081543650126,-0.007671057442386795,-0.024014396987487929,-0.20773877780175692,0.97788951775482291,-2.7719852349357113,14.927696383962724,-2.830240089031125,,0.4205339882561437,0.5666666666666667,0,3
-0.47679148661947474,-0.86642075283334297,-0.1482732522975585,0.87733821119369793,-0.47948050856409025,-0.019393428953253983,-0.05429126510438672,-0.1393324117598829,0.98875625791523591,5.6081483886613537,1.4293570989361863,-1.0755980341428206,0.4726152564718439,0.3374796378580475,0.9800884955752213,1,5
0.96939713686225115,-0.22427790543441692,-0.099842937543029989,0.22901178760417998,0.97265640094305117,0.038640999506344108,0.088446549857010157,-0.060323683893327415,0.99425261426859213,-6.8344737460927858,-23.379857532183735,-2.1405353266017086,0.1598831296366387,0.1133347999856028,0.375,1,4
-0.77097207795844724,-0.5988981517376869,-0.21661730968142348,0.63124943285812962,-0.76369269241148185,-0.13526871431928719,-0.084416873459783714,-0.24102795564516072,0.96683986061435756,0.3368919037274854,28.027150002331084,-2.6545999455757636,,0.278525879099667,0.2222222222222222,0,4
0.74990722573899105,0.65423178210930311,0.098081231958693754,-0.6570161376178868,0.71922974508081916,0.22591672957232262,0.077258965137542157,-0.23385754011591114,0.96919642139084006,-8.7612247691241549,-18.573065462742093,-2.552401080339282,,0.4364225538395986,0.1578947368421053,0,2
0.31629924595141018,-0.93618595880316957,-0.15333178910572146,0.94839969138168423,0.31583715809702112,0.028016333670292732,0.022199378317810315,-0.15428136668110429,0.98777752935431529,8.8280569011352092,13.787933182656159,-1.153222329854336,,0.09129644396771146,0.5,0,4
-0.80590908292739216,-0.57406275083055747,-0.14478435054930505,0.58463108282880671,-0.81022647636959066,-0.041707960632655521,-0.093365127566708173,-0.11825825594254084,0.98858380416426084,6.2151636933139374,9.7928429805453749,-1.3743812253751315,,0.4155755244657252,0.5454545454545454,0,4
-0.98922607040705313,0.13153473214817654,-0.064268155922875964,-0.11530509823806738,-0.97053892399560004,-0.21156306702676675,-0.090202638250381981,-0.20187325540588588,0.97524903117332051,5.1835135765100171,3.2872732114583942,-1.22099613327904,0.5234534622381398,0.4569787647662915,0.3666666666666666,1,2
-0.99508906394549279,-0.085305409754293099,-0.050206990377202769,0.090954228325692194,-0.9881328538248102,-0.12377718506136579,-0.039052313193487349,-0.12773586128683628,0.99103908428252674,-22.893159141358982,-0.11684909749113606,-5.918054112436435,,0.4721093836872499,0.1428571428571428,0,4
-0.99416876510636143,-0.053114206817793337,-0.093847469443822412,0.054287197240660244,-0.99847540162737136,-0.009988621567236582,-0.093173852032886154,-0.015025091652847964,0.99553647844676052,4.526201123755091,21.648766174762823,-2.00175226060162,,0.08565464639641202,0.3125,0,1
0.55130502676856064,0.82805315502696408,0.10193497883260709,-0.83262457160114112,0.53832547016594745,0.13016148023368798,0.052906428964066159,-0.15663224642613988,0.98623894120733635,11.278272512656406,-7.0258641229364551,-0.11250306806541899,,0.6190183786188105,0.28125,0,3
0.99507232357108877,0.03640264546207353,-0.092227535292865273,-0.032962800222881769,0.99871282748055201,0.038550512671913298,0.093512163189076708,-0.03532047039838998,0.99499142695127551,7.5259155713020265,4.6871648760028215,-0.99854687943928755,,0.07411852927902948,0.2156862745098039,0,2
-0.96917759410847992,-0.22086041320260399,-0.10915799997285655,0.22831360263851638,-0.97166602094524368,-0.061139533778558151,-0.092561816794619597,-0.084177322483035055,0.99214237307518871,-7.3268159185641712,5.5064101303249409,-3.1954982318985303,,0.06984764686224114,0.2790697674418605,0,5
0.015086178649769981,0.98564365076638738,0.16816361353650622,-0.9998067074265673,0.012749461315469798,0.014966596841382811,0.012607735664835968,-0.16835689751261623,0.98564547381973633,-0.34227423363511178,-4.7194030323308178,-1.6453402564880455,,0.4085649362008025,0.3315363881401617,0,1
-0.0095030161383728787,-0.91403197710035045,-0.4055308095845479,0.99988177057254879,-0.013588616113911003,0.0071968318595321459,-0.012088736947234885,-0.40541447229981054,0.91405304446125413,-4.7572873356173488,17.708813884788022,-3.3258612524452875,,0.6651645084732556,0.4615384615384616,0,1
-0.76269112850514886,-0.60758976457293801,-0.22166849231621535,0.64203864563742563,-0.75261262311184829,-0.1461527182120245,-0.078029609813216522,-0.25378912017441685,0.964107080397967,2.4366099089571853,8.7295895040559337,-1.8510502204253099,,0.247324337326231,0.1195652173913044,0,3
-0.45731526992145244,-0.88039524992677975,-0.12556650748919032,0.8877520005053412,-0.46028314252734953,-0.0059845053190217788,-0.052527416607280143,-0.11420872388531235,0.9920671539230872,-12.415227161917416,-5.4191770586785326,-3.8365054727022381,,0.07078777866082656,0.2,0,1
0.11318234299678798,-0.98246898123738058,-0.14813661984850965,0.99357022898004976,0.1123401415464943,0.014067433378059114,0.002820871902434326,-0.14877632037289421,0.98886685108664285,-1.3379840576276438,-13.377560811592073,-1.5405501815048712,,0.07680426688191677,0.4285714285714285,0,5
0.22544288717556085,-0.96602848384844286,-0.12635059562750872,0.97419416427121064,0.22499037318515808,0.018029483462401092,0.011010673088646276,-0.12715463171855826,0.99182179080248722,-8.4600981271885196,-5.0566337080585386,-3.0359589842520576,0.1109870122056045,0.08809891506432382,0.4838709677419355,1,4
-0.28018612806078741,0.9594587517986215,-0.03057183735623149,-0.95928076562705711,-0.28103518645355441,-0.028277847743132811,-0.0357231905108139,0.021403914876670774,0.99913248675422439,-6.4326733407665895,-15.924270271108934,-2.2239915682911167,,0.1738423962031603,0.4444444444444444,0,9
-0.86579688437400726,-0.48449549374124218,-0.12513940847188348,0.49294364170422944,-0.8688005428824408,-0.046820751708507524,-0.086036742800010363,-0.10222393668611808,0.99103377624415934,-10.025813858899513,4.2480692948054033,-3.6773310542945024,,0.07255379647208722,0.2076923076923077,1,5
0.60267870308686045,-0.76197160389256813,-0.23701826028162065,0.79442366179354007,0.60093888217721991,0.088110756835563298,0.075295593683044268,-0.2413953909025186,0.96750133789206572,1.1546472098127913,9.5140209982388022,-2.0574422443173841,0.5078941265803832,0.433917773613674,0.3898305084745763,1,5
0.8838385758781987,0.46703891211557269,0.026533495048724036,-0.46254458086055422,0.86404527791846686,0.19869138990739915,0.069870469485559666,-0.18788403944109314,0.97970286577980636,-9.8271766231664426,13.342932270348751,-4.0110762114327185,,0.4575410420891496,0.1935483870967742,0,3
0.88350747055822232,-0.44620822174007363,-0.14252288349374867,0.46205230183374385,0.88016987968178106,0.10866762752125066,0.07695596037962335,-0.16186168710513235,0.98380820001132796,-1.827092275241315,3.8245260869113387,-2.2143682051739368,,0.07336755485185421,0.2119815668202765,0,5
0.568279200711994,-0.79286804531839528,-0.22004320655526491,0.8220652202373423,0.55864031718624696,0.1101352336456326,0.035602299283414608,-0.24347742960495383,0.96925291722991347,-3.9483966736396923,8.8565859431674205,-2.7976815366109782,0.1288987734522491,0.142690823798153,0.2244897959183673,1,6
-0.94501797538440357,0.31780249799803612,-0.07708825115782697,-0.31653827344826968,-0.9481537400810045,-0.028425457125483854,-0.082125194932812243,-0.0024611860174557783,0.99661898181834552,5.1104685034681907,-11.675857834436538,-0.74416633866688287,0.2133517712436421,0.1380392280499075,0.4074074074074074,1,5
-0.65256275998034796,-0.70925488782246748,-0.26668211111128154,0.75456691741418125,-0.64040639589969972,-0.14320759489223001,-0.069214242977085214,-0.29468144188376705,0.95308563958251546,8.5189641215027709,-10.988537116538948,-0.35654324428990924,,0.6063311514046635,0.35,0,1
0.89444611758517567,-0.40248898304403935,-0.1948557447574491,0.44026434051035468,0.86893524544249823,0.22609478035276914,0.078316366180943342,-0.28801763445309986,0.95441730340153197,11.542712192749763,4.7906798060207239,-0.49176147480523236,,0.3649719525227368,0.1515151515151515,0,3
0.24906305104617238,0.96718990495729673,-0.050112716472643933,-0.96799862041986495,0.25024740402052997,0.018838992707264138,0.030761460771726003,0.043816943408703339,0.99856587564442056,8.1867080585531102,-5.5198992415573551,-0.53645230122972321,,0.0700604471346931,0.303030303030303,0,5
-0.99559295001742398,0.033325208745107318,-0.087659045954752574,-0.018115538552065293,-0.98546749289172986,-0.16889537505999536,-0.092013613876268496,-0.16656305387384937,0.98172819249812993,-11.493408483826345,4.1415985725585429,-3.9874139390020522,,0.3833778938934427,0.6097560975609756,0,5
0.95117528044915267,-0.23964264368355975,-0.19451732362653559,0.28182029701240435,0.93131586315365766,0.23071212198364965,0.12586860630958055,-0.27426659724930519,0.95338078834166329,-9.9851285691506977,11.972065110282188,-3.9751954877130991,,0.4675428888705281,0.1818181818181818,0,3
0.074278248727943863,-0.99073540066633181,-0.11369304126653179,0.9972308577033645,0.073375605855832401,0.0121093727955687,-0.0036548885239118234,-0.11427767206157614,0.99344212486589523,2.5432825736719167,-7.346429047494226,-1.0397038901564983,0.5824771276772217,0.5218216265851,0.9873817034700315,1,5
0.97945253564848767,0.1833747647505807,-0.083942992944129671,-0.17827612120073641,0.98184929147032929,0.064727068903464913,0.094288679179260038,-0.048432060578532853,0.99436611994111546,-5.4668794062830672,-17.887461146000192,-2.0422304441122976,,0.09950460672270621,0.16,0,3
0.68466939153088913,0.72597934196612324,0.064666988016729932,-0.72769272222400971,0.67587685809729026,0.11684936760952022,0.041123306322954585,-0.12706088196990106,0.99104208081700451,-15.127833112189721,25.59218920164485,-5.1585912376736633,,0.4265437240733355,0.6538461538461539,0,2
0.80304547935681514,0.59250232577812634,-0.063709905290257399,-0.58952646062348257,0.80549551726348678,0.060295305730853316,0.087043151995617449,-0.010861197721176103,0.99614533280778317,-8.176671752513279,16.099591610077891,-3.9107825956871585,,0.08368670265339791,0.3333333333333333,0,3
0.57971624736454508,0.81322230771905024,-0.050975982282566237,-0.81296839276870791,0.5814804000865097,0.031031220960465553,0.054876815693278999,0.023452559419722886,0.99821766792420108,15.662969830287242,-10.33955681601514,0.46846979632036989,,0.175306552032482,0.4230769230769231,1,5
-0.93842400513521473,-0.32113178164850836,-0.12741571881537378,0.33369314820331686,-0.93803342914812415,-0.093499564933593654,-0.089494521777272878,-0.1302599885454736,0.98743256273833258,0.0075536363321121675,-13.33420735850688,-1.3136095633718718,0.4807330583136026,0.3142850848878174,0.5147058823529411,1,5
-0.78550224273998304,-0.5811930412247226,-0.21260497520616861,0.61138661598687238,-0.78201131388075262,-0.12109793868856859,-0.095878216726106552,-0.22510653876433176,0.9696052876108735,9.7566294683142303,3.935847014991082,-0.68408200024590426,0.8043502043439349,0.2383187759964978,0.34,1,3
-0.68188554364082776,0.72883142737519924,-0.061942359043568228,-0.7293642276507899,-0.68389465012990314,-0.017774446462947749,-0.055316623152716189,0.033058402773378161,0.99792144641201752,-11.568790072610025,-11.928128146556171,-3.2531876652046963,,0.655372036268818,0.2,0,1
-0.70883704417105786,-0.66552348795744631,-0.23372747332693875,0.70114378639635422,-0.70101077734019357,-0.13031224367143562,-0.077119618830902029,-0.25624671125666143,0.96353006562406951,7.1205991629779293,12.229308689101744,-1.3146100887324284,,0.2552861812236081,0.125,0,4
0.96883119317105537,-0.22194431407160695,-0.11003108919770738,0.23455273591481349,0.96476507775376852,0.11921979207179305,0.079693997350024262,-0.14131194640952946,0.98675214749618101,-11.896176976139666,9.1416325476576503,-4.2490403969655199,0.1547247680745474,0.14429583097476,0.4428571428571428,1,4
0.62702657035602449,-0.7629697475182623,-0.15720955581478491,0.77899329685068242,0.61343026138139745,0.12989518036962092,-0.002668994055331924,-0.20391291963353109,0.97898539196316048,-0.12770186090716887,-16.020339847837139,-1.3100701922938229,0.5449525194270618,0.2870254156585785,0.4347826086956522,1,4
0.23617352517829229,0.96871321409406219,-0.076267783791129348,-0.971108334346373,0.2380625969427155,0.016577180095033298,0.034215040082857626,0.070149189421133504,0.9969495585312661,6.8845074447566539,-2.5380760862151228,-0.81441001608209684,0.3112622065723348,0.2532016147694373,0.8596491228070176,1,5
-0.67444156042095782,0.73824041532744789,-0.011387306709670877,-0.73509507243783412,-0.67285007328340241,-0.083114459392665679,-0.069020403175860459,-0.047685092635716436,0.99647494493628086,4.6154058018339974,13.615734858505617,-1.7011732743143648,,0.8549052502464408,0.8888888888888888,0,3
0.13723878036483475,-0.98319618154314503,-0.12037767967091181,0.99053736312736962,0.13635862509205673,0.015558200785528784,0.0011177712876840895,-0.12137377790109324,0.99260624450250445,-11.478885065553568,10.410807349163971,-4.1831366952834435,,0.07787820405701608,0.3409090909090909,0,4
0.55672125829180585,-0.81324783516752075,-0.16937945318523581,0.82966047359565065,0.55453825737990403,0.064426855076900644,0.041532386387360648,-0.17639523717323102,0.98344282049520826,-2.4362195742723451,-3.5980530597485951,-1.9772449744741871,0.4934999991411581,0.4073137040783418,0.942643391521197,1,8
-0.81752458607755063,0.57584414572022524,-0.0075545349607819079,-0.57450389829931647,-0.81639228785778228,-0.058727363002477558,-0.039985272258897579,-0.043670953345218783,0.99824547373694683,-26.56955970261124,-1.6074152708968183,-6.4977045494844115,,0.751120791290155,0.225,0,4
0.44667769434684301,-0.88319167161059475,-0.14300877095714043,0.89460026569001549,0.44321327452603754,0.057029447755181685,0.013015452367930294,-0.15340946672741873,0.98807698764725171,-13.686913988146113,7.8609068441295955,-4.5657077078214661,,0.1895569089413963,0.2068965517241379,0,3
0.92097465751019258,-0.34215451759354654,-0.18637587374526526,0.38100719384514936,0.89092496112391639,0.24715629040061479,0.081481276758703564,-0.29863522855931723,0.95088264354813834,3.1380204093833335,1.927920923497461,-1.3957470695332004,,0.2760274652915112,0.3658536585365854,0,1
-0.94961076832017122,0.30321118333783409,-0.079387448562376423,-0.30219157931290669,-0.95292330377920187,-0.024848068474264223,-0.083184362008402374,0.00039422506356839182,0.99653409701015949,8.7914308796031175,-8.7131733922701393,-0.35610655145133191,,0.07493212534023581,0.3076923076923077,0,2
-0.91101657432870464,0.40876193353467916,-0.054428696396138281,-0.40447761386233316,-0.91146253968676727,-0.075059300769339823,-0.08029110276130054,-0.046365077814444398,0.99569253204823993,-10.970805935507943,-12.851832241262178,-3.0995219367930948,,0.6406533387121326,0.6551724137931034,0,1
-0.15573616475581603,0.98096419049733907,0.11599786182964582,-0.98706468445684814,-0.15001755035974318,-0.056551244744611449,-0.038073030943863245,-0.12330446685324165,0.99163826709581226,-15.660568549695848,14.582737627882222,-5.2139669666308306,,0.3972003531828976,0.25,0,5
0.93268841048431461,0.36020263398910335,0.018611593579148187,-0.34963534446798805,0.89024200061816339,0.29193202331043094,0.088585861439592475,-0.27878888572301924,0.95625796851598743,-2.3095159790964219,19.465007849177777,-2.9574453836873698,,0.3927217251597362,0.7142857142857143,0,2
-0.43896392769710524,-0.88963147892550054,-0.12596230343066264,0.89810538846182986,-0.43861480278081455,-0.031996343500062321,-0.026783976488888438,-0.12717266406887515,0.9915189015430157,4.5716162986139741,-13.141720887328892,-0.77404943107349122,0.207540789593489,0.2454588040522065,0.6865671641791045,1,5
-0.99344684484006429,-0.062901085859090433,-0.095429659305000358,0.064378865265511814,-0.99784744567158123,-0.012483464015486161,-0.094439018336946873,-0.018545311117589492,0.99535789706572664,-6.2420223915900417,-7.6686349966586915,-2.5297357636060025,,0.07135430449826716,0.3222222222222222,0,5
-0.15292977871686325,-0.96545450985278636,-0.21097410311819842,0.98708462063396329,-0.15953700058625611,0.014556687530014855,-0.047711995237223546,-0.20602314153720175,0.97738325679419435,-9.890431562594463,-11.924064473140895,-2.9762284562779286,0.2491100720940313,0.2052851553680603,0.2816901408450704,1,4
0.97726433025092641,-0.17540306508818915,-0.11911420392579995,0.18218823916407248,0.98206164902339188,0.048604146199179778,0.10845217531014906,-0.06920030545543128,0.99169019527036362,3.3706304859749179,9.5395059688042778,-1.7662970418975266,,0.1077958141182855,0.40625,0,4
0.025991777432356075,-0.96775011827035129,-0.25056762778465091,0.99962349537450335,0.022956654303798785,0.01502862330472894,-0.0087917575698168281,-0.25086390854584151,0.96798244012375367,-8.3849776223932295,9.035376194234134,-3.6169730359071948,,0.07677451441420587,0.2222222222222222,0,2
0.21508262894312055,0.96313598503575681,0.16158136357921798,-0.97606316713606001,0.20653856384201577,0.068136006680771938,0.032251457133601939,-0.17236848892788104,0.98450441722598647,-4.5642033201552801,15.291040540243444,-3.1844290583446013,,0.4741500885826735,0.1176470588235294,0,2
-0.98452984087297746,-0.15644659728302379,-0.078901550233145504,0.15905605372006423,-0.98687494650915464,-0.027910781564721824,-0.073499416362514378,-0.040028766545035531,0.99649161242995565,-7.9213453421862603,-7.437113041395051,-2.8807283099897263,,0.1480984295258963,0.4133333333333333,0,5
0.9911408238341749,-0.091219906777758514,-0.096533910812580892,0.096551070093414848,0.99396521664799109,0.052067638296064971,0.09120174446319966,-0.060926814305118586,0.99396688330421756,-5.5388906806301454,21.792902337006172,-3.5309975179482529,,0.117452658536363,0.6923076923076923,0,1
-0.73369789901314442,-0.60205859177304299,-0.3149807058471325,0.6752256535245954,-0.6978042786806733,-0.23903871125244153,-0.07587957436609967,-0.38806525318199436,0.91850293928044335,13.150151172163676,-5.0131318136336649,0.059222412229802963,,0.5143293498263886,0.2903225806451613,0,1
0.10520724023536678,-0.9668830750394678,-0.23252646258927159,0.99444989098159031,0.10250763379965122,0.023698087254015388,0.00092245799911330349,-0.23372912573108789,0.97230131382006268,-0.34926752923230936,-17.247658879048355,-1.3123209147015282,,0.3840875928530326,0.12,0,3
0.11853038420818884,-0.97300208552380807,-0.19803406168075741,0.99294921058981811,0.11583695085956919,0.025172723424647218,-0.0015534505190609792,-0.19962149779489341,0.9798718510140022,-16.660281787200763,8.3025750810813417,-5.1669393374901826,0.1931695982813761,0.1534295666211482,0.5084745762711864,1,5
-0.81028348250350923,0.58170524596925532,0.071131461350320391,-0.58197102928344191,-0.78443591341034336,-0.21440620053265866,-0.068923138761632585,-0.21512625261442986,0.97415106445526001,-14.722829354189566,-12.406558167056845,-3.8465316849559019,,0.2790858625539155,0.1578947368421053,0,1
-0.88964546443331438,0.45257134354318301,-0.060910808702157933,-0.45008740801657521,-0.89155658982480146,-0.050479424371644467,-0.077150973799128372,-0.017493602930490286,0.99686593938119716,-11.062881567007786,16.285807849085913,-4.3877235821938552,,0.1354594845331628,0.2941176470588235,0,5
0.59069319154219602,0.80614420487178362,-0.034829217868569649,-0.80445955890605536,0.59171252526603213,0.052164216930503007,0.062660765638251695,-0.0027943505393858608,0.9980309714907114,19.511081227251232,-1.308999423189338,0.64173104747414367,,0.1447780480814509,0.2258064516129032,0,5
-0.29876433484699921,-0.90612959672861038,-0.29944786884510632,0.95279507256444274,-0.30099169393269981,-0.039818963829337424,-0.054050179651396871,-0.29720894016830957,0.95328139810010004,-13.493118850639984,12.826546948004472,-4.7600837282430399,,0.3701651445260763,0.1764705882352941,0,5
0.9645235806652962,-0.22336891297685524,-0.14071457300555043,0.24658105950389458,0.95264089961075271,0.1779693723165672,0.094297632178825627,-0.20635320473487734,0.97392315480283798,-16.841650679394803,13.509938021183988,-5.4486458772681416,,0.4252005447861575,0.25,0,4
0.84325491597231317,-0.5224503981061962,-0.12635951965405903,0.53434067580081646,0.84029077183561784,0.091604917731684277,0.058319712561483404,-0.14476532833029851,0.98774582299302438,-10.402821526718014,-5.9879646009338838,-3.3721421480350986,,0.2437163056492919,0.3928571428571428,0,2
-0.21919566923552794,0.96615787257881536,0.13598611635886718,-0.97551618868096801,-0.2144585308050373,-0.048741195987622096,-0.017928307498142521,-0.14334051701777556,0.98951102670527602,-7.7028004175322948,-6.4093833961531281,-2.8651704049916904,,0.2460745127149987,0.1777777777777778,0,3
0.34814415817892369,-0.91360672128354492,-0.21004381436123981,0.93718484363295151,0.3444376188799757,0.055202314851572266,0.02191378540024622,-0.21606824275173583,0.97613231709825499,-8.42686920724271,-22.184167263126792,-2.4465632123933454,,0.1046127953194893,0.3333333333333333,0,1
0.99282972473366826,0.077290908330052852,-0.091188010038511666,-0.071233517772754953,0.99514497921220868,0.067913594327286442,0.095994393747692058,-0.060930992427893356,0.99351521907355023,-0.9579085010068954,16.005629469117427,-2.5910381508190237,,0.107457079848611,0.1764705882352941,0,6
0.6094512118985046,-0.77488097872325268,-0.1677160968074877,0.7912841732192113,0.60767818369203797,0.067798099365212694,0.049381955492199772,-0.17403072682041021,0.98350126008771654,-5.4527894889621962,23.075604495697487,-3.5972890264327293,,0.2861115652300737,0.8490566037735849,0,3
-0.53012000976117002,-0.81306653619774161,-0.24061500985230108,0.84564995373999385,-0.52772810558366445,-0.079869908705483481,-0.062039753306752356,-0.24581670873332129,0.96732890720641351,9.4990238975284047,-20.051815949201483,-0.019079915004649669,,0.5192886917520152,0.7727272727272727,0,5
-0.61664693557178274,0.77093927701965603,0.15937122700895676,-0.78573758908076574,-0.59022581820675579,-0.18506735159857959,-0.048610677381375228,-0.23934517891651072,0.96971691094563672,5.5717692161640722,-6.8191358729356164,-0.77170784789268165,,0.2568551987133621,0.4375,0,1
0.29849445568321969,-0.94285518610683472,-0.14807146233431606,0.95417143882664834,0.29828464554795048,0.024148199887684695,0.021399188158910194,-0.14849366404590436,0.98868180244422421,-23.3252404276604,-1.6093320245735858,-5.8992674983568358,0.09976088294239864,0.1420583711645188,0.6363636363636364,1,5
-0.94049573824944865,-0.31424602051326228,-0.12929503055493721,0.33564719536339827,-0.91845406357247084,-0.20924409992135914,-0.052997420496742352,-0.24019069861006972,0.96927792800718271,-5.7579490656730616,-20.666996782180878,-2.0510582317385708,,0.5384625126539113,0.6521739130434783,0,4
0.75021762239485035,0.66119060652229256,-0.00070773928791116451,-0.65897751862329235,0.74779320582556408,0.080956477629729184,0.054056905176904875,-0.060268591885057413,0.99671738614056804,-9.5901891422320702,15.995583343381041,-4.1533840734321608,,0.3623215398540736,0.3809523809523809,0,3
-0.99140921242588176,0.11683874583036767,-0.058791844586468009,-0.10339653666989011,-0.97537549264907408,-0.19481222893917105,-0.080105740878945231,-0.18705976534883886,0.97907697065443844,-13.121556605784445,14.369028892401481,-4.7752244692692427,,0.4707496967176874,0.1538461538461539,0,4
-0.99501373734872622,-0.027685590421463735,-0.095818425004459751,0.031054913565443234,-0.99894423897748108,-0.033852618172663607,-0.094780033924678347,-0.036659453033511799,0.99482301424550901,6.7534053863539816,2.9490333766506147,-1.0119751618329462,,0.07733331744685257,0.3492063492063492,1,5
-0.36284322246794848,-0.92112629615902752,-0.14096503975605987,0.93040316618180618,-0.36653769162024979,0.00026264152527476784,-0.051910926286736804,-0.13105902161259755,0.99001453958313312,17.116636377292519,-4.8857512173461002,0.5148200652254914,,0.1261306716648975,0.3571428571428572,0,4
-0.058034605428358456,-0.9652621056987013,-0.25475684853382086,0.99812661291077243,-0.06105427654088285,0.0039547332828977246,-0.019371349257194311,-0.25405007895723791,0.9669970569809283,9.4136576123277269,-3.4740387994433339,-0.4236308161125959,0.1358173703157011,0.1427148839135814,0.4285714285714285,1,5
-0.42695810651607474,-0.88642666067388598,-0.17875835792139066,0.90322462449858831,-0.42755710503376992,-0.037151038135244473,-0.043497735338667326,-0.17732088760686276,0.98319135972542082,-12.196315294982899,-2.3488265771638019,-3.9428435200040175,,0.4602261963240925,0.8624031007751938,0,6
0.080785975017684586,-0.98918686332583494,-0.12240496584713152,0.9967029389069928,0.079242972131376974,0.017429943830908141,-0.0075417381686751217,-0.12340948420352947,0.99232717457198216,8.4654507046015066,-7.8695487566589062,-0.40651712844127813,,0.5219290875474372,0.9750889679715302,1,5
0.60676750605600949,-0.71938211152508735,-0.33811620962662742,0.79345259312903738,0.57362613526184014,0.20343559030162758,0.047604370086966982,-0.39171728907755943,0.91885330134159671,-8.3342684720551041,-8.6712548953054753,-2.9186281378542933,,0.1746886855216098,0.5714285714285714,0,1
0.65560505622316967,-0.74717208186674156,-0.10915993007296386,0.75327478414144755,0.65720306910212145,0.025714306123406538,0.052527229426940408,-0.099085851874383096,0.99369154375342139,-11.04130853084658,5.7523199893828938,-3.8738079059488828,,0.07904150215794718,0.3333333333333333,0,3
0.70017132848597241,-0.70603421201443817,-0.10618758040063818,0.71158724265170903,0.70222178337839625,0.022981798106428912,0.058341296364825462,-0.091652923652321444,0.99408049710496549,-6.8839810087815696,-5.620644974544633,-2.7045679724848553,0.3215050170097453,0.205507481346382,0.4833333333333333,1,5
0.7314863797808413,-0.64635805545311165,-0.21713806747318792,0.67958382303135467,0.71707008849688392,0.1548428740922852,0.055619274259980707,-0.26082897142369571,0.96378148145565101,-10.588537244079323,-13.941400710229727,-3.0486631974072163,,0.378016295880836,0.1481481481481481,0,2
0.85146213679674176,0.51674606745403218,0.089362919448286129,-0.51746901453235683,0.80024927661188128,0.30302956007801196,0.085076721848221237,-0.3042607385992393,0.94878203732290733,-13.994525603230986,10.142559703505651,-4.6371495941198502,,0.3045051314643983,0.4473684210526316,0,1
-0.96140261317933906,-0.23317090464404977,-0.14606965666904703,0.26434934592803594,-0.9300207306776489,-0.25530543240838299,-0.076318010189977498,-0.28406472807669586,0.9557629369165529,11.767697434462923,7.7698201899889598,-0.53073122634571424,,0.2915119466286392,0.1311475409836066,0,2
0.99206920975933688,-0.069548472841453268,-0.10469810396042099,0.086279331243579144,0.9825348470021672,0.1648670719901022,0.091403282477415651,-0.17259282821673222,0.98074316495222325,9.4634220025863183,7.2063213337015641,-0.83826750379492221,,0.6154636751027787,0.5,0,1
-0.97561293754112066,-0.18031332859640892,-0.12516588845555432,0.2050213567488367,-0.95224960802265823,-0.22624528127136584,-0.078394128474338617,-0.24638950373580554,0.96599512062410098,-8.5166546605833489,6.3328513761379872,-3.4006722789481336,0.7191838832436409,0.5433491112700861,0.5815085158150851,1,2
0.60339004877465452,0.79478476365268913,-0.065097069866944718,-0.79452758127734069,0.60615300054182431,0.036117343807715613,0.06816429878830739,0.029928571627877109,0.99722510446288692,-11.313837205629543,11.420730136586345,-4.1746073778630155,0.1769671990711032,0.1428583373249439,0.5588235294117647,1,5
-0.76621353208259735,0.64256563002527789,0.005121949211762386,-0.63937327234181185,-0.76156236787992837,-0.10594611103782825,-0.064176645817879699,-0.0844521813770025,0.99435868135810612,-13.513202798001929,4.9766539885855137,-4.3858393029717266,0.8161284523909134,0.7483057777606617,0.5230769230769231,1,1
-0.59740947340909412,-0.76665832784529209,-0.23523802716935771,0.80063956706299233,-0.58688047287286593,-0.12061340810087148,-0.045587330852496742,-0.26039646484924445,0.96442494594435035,10.092929879671768,12.144481456362879,-0.94877514733497703,,0.3419109871020127,0.3846153846153846,0,3
0.05967063975359202,-0.95003395296110449,-0.30639011565730107,0.99820224711721195,0.055058510696831514,0.023681939320819641,-0.0056292629664223617,-0.30725241841349954,0.95161140324058224,-9.5733104393308182,29.86805583790855,-4.2504186742126029,,0.0971326802740525,0.1428571428571428,0,1
0.98392652991242679,0.17245703048422001,-0.046337418692183108,-0.15225094187825516,0.94575601585296021,0.28699339569948135,0.093317921278144894,-0.27532550029828284,0.9568111801467547,21.661255989840171,-0.044763419135399315,0.87174470902539214,,0.3095306751788225,0.1333333333333333,0,1
