axis_00,axis_01,axis_02,axis_10,axis_11,axis_12,axis_20,axis_21,axis_22,location_x,location_y,location_z,dbh,dbh_approximation,score,reconstructed,number_clusters
0.1167108142660435,0.99097785932079818,0.065889818404096107,-0.99110257294900372,0.11193746158449902,0.07201176700986657,0.063986527700927553,-0.073708120515900463,0.99522501839674027,-8.5221541493624038,-19.403236039661074,-0.66618805803769587,,0.09217861485707358,0.3157894736842105,0,2
0.07195633489727675,0.9959751481313398,0.053439593682098455,-0.99567580779582765,0.068572105187337251,0.06267018557738438,0.058753481924716522,-0.057718027469184932,0.99660255752571203,-24.898256625032158,0.24789356056295442,-3.2915937627403813,0.4359675091006051,0.383831140492225,0.8231292517006803,1,5
-0.87078716768718434,0.48568327922583476,0.076429450290918174,-0.48735229052078838,-0.87319761178376798,-0.0036980669633962138,0.064941924174396967,-0.040468296919497,0.997068133794759,3.0278995199256666,-4.3330952896354802,-0.96962156520145171,,0.1542195269853725,0.2333333333333333,0,5
0.99625045565309356,0.086462859861023464,-0.0030337230686172277,-0.085599863801681011,0.99018367133554752,0.11049416426938756,0.012557584486583704,-0.10982017521889946,0.99387214277629987,-14.662568549071485,14.516567439390856,-3.7158717072173957,0.2981567852973461,0.4886857699825135,0.92,1,3
-0.99994098036578005,0.0097109475856618794,-0.0048716816513203207,-0.0093385700563202723,-0.99740557039114885,-0.071378703140437066,-0.0055521972611285346,-0.071328995855093669,0.99743739024355726,-12.958462092990418,13.498222102709931,-3.4900927985389485,1.009763439885879,0.5789621324231446,0.25,1,2
-0.7213895789887268,-0.68462761654436766,-0.10431731395721081,0.69027288673728193,-0.72298489078536987,-0.028569030985458141,-0.055860694247820752,-0.092616814676638737,0.99413364719101349,8.0007070808666612,-20.988131111749599,0.054437748209733523,,0.1571982935847229,0.3333333333333333,1,5
0.50152871894680395,0.85733108775749922,0.11598426633005554,-0.86504501024055047,0.49894310754783455,0.052468139746290936,-0.012886982948073509,-0.1266458897677048,0.99186427714453118,-12.152578752149026,-19.427949867414767,-0.84477257152053642,,0.3885557382554775,0.3684210526315789,0,4
0.069199663358107524,-0.99158624038326537,-0.10939896925340023,0.99623361891029805,0.062944396675476175,0.059637064649863257,-0.052249240607077391,-0.11311379584180757,0.99220727977889911,7.8482561352598035,-33.47524167577518,0.63754057711609435,,0.2752929422540601,0.8333333333333334,0,3
-0.37961371357928947,0.91620865380675243,0.12827755513791095,-0.92512424178337593,-0.3750076208499375,-0.059282557040019779,-0.0062101310191438911,-0.14117714756322308,0.98996487173971859,-28.757703580958609,5.0332280563133551,-4.0135319864129047,,0.3579689771710437,0.8333333333333334,1,4
-0.65334968663573378,0.75113778421418154,0.094478654196588741,-0.75705621147254898,-0.64819539280748684,-0.081906198873950842,-0.00028221236670501363,-0.12503904137891456,0.9921517819805713,-8.7861332829086489,8.1167518623212462,-2.7800637905039509,0.911350904071312,0.4884973389466262,0.3987341772151899,1,4
0.26793226978376805,-0.92052299568518881,-0.28434083987933051,0.96098594091447154,0.23430425654560347,0.14699502280464574,-0.068690029649466189,-0.31263225965881519,0.94738732841820195,6.1907505929088318,-9.6447917679853372,-0.62421788260760636,,0.1823229728916589,0.3333333333333333,0,3
0.24416851389371594,0.96123009771420675,0.12813444529583085,-0.96553903537673547,0.22870552825266399,0.1242101143644618,0.090089444368899374,-0.15404700774440888,0.98394787027479114,-13.514853050810531,3.6287711026031428,-2.6043674754053812,,0.3069754450325359,0.748792270531401,0,3
0.84812710963510274,-0.52849099973451552,-0.037116965145587912,0.52915752169096553,0.84159874411800339,0.10818443112053903,-0.02593690690660503,-0.11139487016290989,0.9934376979768319,-3.0584597006729237,-9.1191322747975772,-1.0685634913677502,0.1303777545279052,0.1202638822663425,0.4767441860465116,1,5
0.070544758376797523,-0.99705557905461772,-0.030060095502516978,0.99568740063760763,0.068563807056572626,0.062494836374161526,-0.06024979068082649,-0.034339141485632094,0.9975924950023165,-1.9266956445232379,-12.487895956026421,-0.81106200750667667,0.2416028181937286,0.2416923422753048,0.8415841584158416,1,1
0.61660202329742553,0.7871637770881349,0.013233778971335937,-0.78543501457279952,0.61392541397479128,0.078660180262363544,0.053793891368327365,-0.058896299681918035,0.9968136451389652,-0.31094867842153118,-7.4403786379350336,-0.979687809441943,,0.109177636084754,0.3953488372093023,0,5
0.94834754251908138,-0.3157665182395874,-0.030470388196888538,0.31715799692268754,0.94164680863659134,0.11274791693203212,-0.0069096733648758577,-0.11658813723261999,0.99315631331156529,1.538902331116029,-9.546731838921712,-0.80616514252899651,,0.1132062538718942,0.4871794871794872,1,5
-0.94123636975498903,0.33768578979366276,0.0065118063453410866,-0.3374452327643338,-0.94103317661410513,0.024233765621344907,0.014311224094170585,0.020612323571008052,0.99968511091339674,6.1661922980322066,-14.111741430462564,-0.35199973612667562,0.3044839875592023,0.2466612406524141,0.8734177215189873,1,5
-0.97279283847428133,-0.22997719870320171,-0.028010381821361719,0.23050039669533981,-0.97292175685920923,-0.017112047021916255,-0.023316529253758742,-0.023102880915967093,0.99946115300042604,-0.80884430124426976,-16.030430430458523,-0.53316917035961409,0.157854924234111,0.127341620334774,0.5625,1,5
0.58942493920563099,0.80046601031664921,0.10877686964692536,-0.80679228973945838,0.57651105860294449,0.12931048111222004,0.040797576636361799,-0.16397916220135469,0.98561980099039326,-19.100930119535754,-5.6284543180695623,-2.3404237557953613,,0.1316628743900428,0.25,0,2
-0.37715746908168241,-0.92522202074335502,-0.04143013212002964,0.92392713856186859,-0.37897281071098171,0.052328303724626136,-0.064116192531825586,-0.018542412825781583,0.99777016029836296,-22.809571334054549,15.21470932372733,-4.3988839460494153,,0.1381242184679602,0.7,0,3
-0.87856964954317029,0.46613644877053062,0.10407776914014794,-0.47657768513904153,-0.86994426911393907,-0.12677018049733574,0.031449657058608034,-0.16097757534331597,0.98645686135151589,7.0412213164431456,-5.3419540695362295,-0.76337370847102937,,0.2876550476205214,0.25,0,4
0.93891696931516822,-0.34261905889881566,-0.032359005103821621,0.34384621123521769,0.93003984750162505,0.12959809056595076,-0.014307611652726945,-0.13280836772750537,0.9910384602579011,-15.609254156919432,-4.0001796345160718,-2.2003550235940703,0.1937609816259926,0.1320443809185306,0.3846153846153846,1,5
0.64367933148454903,-0.76453916332205807,-0.034011556365612157,0.76404074910349007,0.63944548475519347,0.085739172701707611,-0.043802419213801541,-0.081174748370431371,0.99573691721157753,-0.13144619896846996,2.810287330802431,-1.5647334085446034,0.642356931991139,0.4793404926233233,0.7967599410898379,1,2
0.98090436523270574,-0.18486013538955792,-0.060443002996012123,0.19443658207320827,0.92474404162765389,0.32717407144491006,-0.0045871362646143178,-0.33267880578405495,0.94302904004223764,-19.085828100991804,-4.2813696873249469,-2.4245980338489717,,0.5317612373270236,0.3,0,2
-0.76798643321392479,-0.64002998539164213,-0.023631677869540412,0.63966906961939862,-0.76834861123842757,0.02153817495133117,-0.031942444671758365,0.0014245727624560807,0.99948869469386104,-14.123592493464235,-16.709141725959689,-1.1483556898077136,0.23320724068243,0.1707105977168625,0.7272727272727273,1,2
0.57710141347781185,0.81490418148658628,0.053713439264193558,-0.81471333185901185,0.56991736692681305,0.10694102003625865,0.056534462525955516,-0.10547686889022172,0.99281341886379448,-14.23074791241344,-13.170742906141568,-1.3850236058493313,0.2620653723488467,0.3434532321173607,0.8527131782945736,1,2
0.80159688625259096,0.59472938888005422,0.061150518824512952,-0.59640527129523235,0.78830340384851016,0.15125639111162165,0.041751458913551288,-0.15771714391025793,0.98660129646954176,-9.5970667246709738,-6.0260272694181936,-1.6950288962796489,0.6270400438569317,0.6702596206986728,0.4798890429958391,1,1
-0.83224147788859304,0.53626550488577074,0.14068912804982658,-0.55285855101446713,-0.82173313055104802,-0.13821029167525301,0.041491505781242138,-0.19280552488034197,0.98035936499001319,-15.65911792636089,17.489531160787173,-4.0635520697515686,,0.5127236248345911,0.5,0,2
-0.99972767099698867,0.022555363809249367,-0.0059866022391318347,-0.022620688530670501,-0.99968273937360863,0.011078133817411715,-0.0057348315873762146,0.011210537984882415,0.99992071462929244,-6.3849692042749027,2.6469575679717248,-2.0352999237183744,0.2837532374807154,0.2400257811676816,0.7343336275375111,1,5
0.14461583738000366,-0.98887127021238974,-0.034926644949308604,0.98767515412277096,0.14212533569794752,0.06556049787262376,-0.059866931668834639,-0.043977265732199115,0.99723715864947537,-14.728312849305009,3.2291150140817155,-2.6306995036330396,0.1296536852997385,0.1379495684774545,0.4716981132075472,1,5
0.86132174146411966,-0.50767977481111692,-0.019649527448506759,0.50733160181350767,0.85737344735226517,0.086749164702797116,-0.027193813313999358,-0.084687767847700393,0.99603638412179385,5.1051420229787396,-9.9561846370510683,-0.64945396014872925,,0.08312704657432386,0.3137254901960784,0,5
-0.096530287073541804,-0.96756316955366095,-0.23345966803877286,0.99344465542514271,-0.10808978061892718,0.037206396398634274,-0.061234143128811022,-0.22833771534511466,0.97165439713215673,-14.765479046846234,-24.190081433012683,-0.63171442593760618,,0.3225256500297715,0.2352941176470588,0,1
-0.023228846059327856,-0.99934524711577044,-0.027739822960340756,0.99723164057562008,-0.02512236499343291,0.069985154225688004,-0.070636221201368421,-0.026037354786071047,0.99716226383178752,-8.5524343612654015,-22.27731255887976,-0.5209613252805142,,0.09223683631635253,0.2666666666666667,0,2
0.67281871414281047,-0.73827140080978049,-0.047647839883687156,0.73912902994329732,0.66804867326840844,0.086018877227047624,-0.031674200768094213,-0.093093012040033646,0.99515347364867257,-17.673680932995147,-3.0908262153090003,-2.4676662248851606,0.2634036140704344,0.1995475542290181,0.7070063694267515,1,5
0.2000619329240875,0.97009494343847757,0.13744462051959813,-0.97788377514866998,0.18896885344704806,0.089633111782952621,0.060979876153245058,-0.1523370379848791,0.98644557962531854,-18.706677101452598,17.158593480418514,-4.2421077376288006,,0.2022664559225449,0.2631578947368421,0,1
0.25585349674421909,0.96477947772681716,0.061151840208816498,-0.96479685145977956,0.2508507781189781,0.078999509684543931,0.060877118994339952,-0.079211403688307133,0.99499725120659321,-16.83918164376891,8.6367228891546777,-3.3211619838795121,,0.09749027299812985,0.103448275862069,0,3
-0.75336670612026801,-0.64296768640620183,-0.13795347167416494,0.65171528067254181,-0.7580141498540649,-0.026110181135523235,-0.08778268079415473,-0.10957692667015266,0.99009448947770462,-35.289870450493176,-4.6246103967812795,-3.9859167180944457,,0.1886002664726401,0.2666666666666667,0,4
0.91816212821734866,0.39372759596455953,0.044236709680510695,-0.3945667564819158,0.89850642580802609,0.19236235978233102,0.035991401566623907,-0.1940741687027277,0.9803263926140191,-0.86538851879624024,-20.576230445674863,-0.30369897289148062,,0.3023131666982753,0.1818181818181818,0,3
-0.46434327031214068,0.88554647339244918,0.01388419165899675,-0.88395119052333837,-0.46436488912128326,0.054731549619502357,0.054914661869122798,0.013141278993146537,0.99840457065171018,-17.950211701412112,-8.419120834192114,-2.1549401387470066,,0.3158768234177421,0.8409090909090909,1,5
-0.10092211592995057,-0.9835162118341596,-0.15003528776793434,0.99300793492105854,-0.10886100196755071,0.045656581501865912,-0.061236979840919858,-0.14437847246042665,0.98762588513564087,-24.180210230175682,25.031784831526128,-5.2502835751245316,,0.1300200886150146,0.1538461538461539,0,1
0.049611253572049645,-0.99618028085663646,-0.071857995737447514,0.99702971963850684,0.045152890400571924,0.062393546509513759,-0.058910624479551296,-0.074739979401035286,0.99546143762707506,-5.1187080105069036,-16.00021367366891,-0.73527160130836944,0.3783570324560832,0.235144414583213,0.631578947368421,1,5
-0.64040876964799365,0.72925509991390625,0.24096391225140598,-0.76692814113503982,-0.62402998393116871,-0.14969236951167347,0.041204782405651535,-0.2806663114882611,0.95892053242303621,-8.6731765123132547,-3.3786722643132769,-1.7637801642464614,0.9242236673011595,0.5881934591028526,0.2733542319749216,1,2
0.54550033326818614,-0.83141651504817293,-0.10571643632590998,0.8374526352925834,0.53572136498642542,0.10805416576231375,-0.033203464364523462,-0.14747609162923192,0.9885081346918505,-14.543463470049353,-3.3742005179181667,-2.1550967705208066,,0.1953986638895724,0.1578947368421053,0,4
0.98502575562258154,0.16641815882834884,0.04504727708025532,-0.17155986151509126,0.92026093529458941,0.35169166166921084,0.017072629471922406,-0.35415364939939625,0.93503139944068447,-18.976671192374628,-14.728429130492852,-1.561371510146879,,0.2442417281048167,0.25,0,1
0.72533772543159469,-0.68757265121638944,-0.033601091723107025,0.68773669532761406,0.72165104060132501,0.078981095832334161,-0.030056978650092988,-0.080396672184169779,0.99630966729031534,-21.250989728424425,-4.9921838912348564,-2.5226935024977961,,0.1858301269797007,0.4516129032258064,0,4
0.14826470108055528,-0.98363267998797899,-0.10239301379079141,0.98704797619674756,0.14077007359338797,0.076942050053389138,-0.061268842811005843,-0.11247460709057712,0.99176387898552865,-9.604358845368699,-14.929740686004887,-1.0189900142283501,,0.2431511558425323,0.6632653061224489,0,5
0.74202036944438687,-0.66953500580572478,-0.03359534685554804,0.66950294111099107,0.73756265143356525,0.088131419221654558,-0.034228397177628954,-0.087887491777943541,0.99554216666881246,4.5641774032461084,-5.0033854667788331,-0.86881001583965578,0.1378255851247492,0.1446759231695577,0.1607142857142857,1,4
0.65764556870666258,-0.74618478878138861,-0.10349186901282194,0.75220027507089815,0.64292283645264792,0.1443778811000809,-0.041195292737858921,-0.17279608606377142,0.98409575778848191,7.0846646536851461,-8.5519397588257462,-0.63125665461516278,0.3518672651815254,0.2625604301522875,0.4183673469387755,1,6
0.1552952155386986,0.98669506592668876,0.048127361310532836,-0.98584760772327895,0.1516792228141762,0.071399633842016197,0.063149745661211024,-0.058534265540902804,0.99628602789585985,-15.113661419316948,11.038994836523795,-3.5363912060648413,0.2021137029008634,0.1415287908041491,0.6666666666666666,1,4
0.80481305227260269,0.59164368981490945,0.047261984658456685,-0.59213342022775928,0.79491566623971588,0.13223878484031915,0.040668950576978009,-0.13441290067872111,0.99009050525196929,-6.706970274387789,8.8394819141450842,-2.7111623037910135,,0.1781963953702177,0.2903225806451613,0,6
-0.87442700087614555,-0.48470520523258492,-0.020935237261327875,0.48360264838444139,-0.87426494827439882,0.042299866362887024,-0.03880590952812113,0.02686380909702624,0.99888559762692319,-0.33493893065674002,-10.283438236517073,-0.85316550430030236,,0.08126987288808454,0.2452830188679245,0,5
0.013524080988196324,-0.97172385858866051,-0.23573256432446954,0.99805973947865145,-0.0012111888434802314,0.062251822892125865,-0.060777098196869238,-0.23611708043077037,0.96982208093217714,-12.239149846222478,-12.440072471525289,-1.3175278243792456,,0.7724525844597974,0.5254237288135594,0,1
-0.72905303744435035,-0.65825153507237422,-0.18758087633878939,0.68332269092921238,-0.71575058879907349,-0.14412215199280928,-0.039392494899733968,-0.23325096186005559,0.97161835107048722,-13.60807448294336,-5.1638646368929866,-2.0199080329322543,,0.332883562120844,0.2241379310344828,0,3
0.82009367314772252,0.54946163379153878,0.1598070094026206,-0.5708074205060566,0.76583229628954164,0.29610772137029678,0.040314463388439706,-0.3340550956818662,0.94169099873083728,-22.17002380301701,3.0385072921672913,-3.344813538487001,,0.1897088142770657,0.125,0,1
0.90596884993888671,-0.42140054044399744,-0.040521937933894317,0.42144679037746641,0.8887141878281376,0.18047076005133386,-0.040038054659827974,-0.18057872761341831,0.98274527590448191,-21.741911871898569,-6.9642799031286362,-2.4421692333628515,,0.1854832317535742,0.4705882352941176,0,5
0.6707550914979814,0.74071688350830867,0.037763814893011838,-0.73971560139399206,0.66440947714432874,0.10668118735336946,0.053929920117312617,-0.099491432628838278,0.99357587458110241,0.5691901072599167,-5.1172767927562886,-1.0161205485498799,,0.07564077865050109,0.3541666666666667,0,5
-0.8819246621150747,0.46254396577392876,0.090895379856947942,-0.47116204520546173,-0.8709556619993527,-0.13943658769876849,0.014670293487818124,-0.16579901856584234,0.98605043883747956,-6.9210927560953328,5.7398197374705546,-2.2555063457797173,,0.5106148768780954,0.3156822810590632,0,2
-0.78839115042300545,0.61508831773380968,0.010283740665859685,-0.61424877610726336,-0.78801168027083146,0.041665727012386321,0.033731809696778421,0.02653211533469732,0.99907868152135437,-7.2328719609852357,-12.191958835411024,-1.0371279073371946,0.3000564997453429,0.2626627998816792,0.7716049382716049,1,5
0.96958260239336269,-0.24395207435882249,-0.019923919095968395,0.24301164389116123,0.94972125870609359,0.19742054527082406,-0.029238982017685867,-0.19625727038186799,0.98011640418515045,-2.8613819940847929,-18.146461219395523,-0.50583386158294874,,0.2335589188489954,0.5,0,5
-0.90521311418221373,0.42391051710599609,0.029817635712213512,-0.42449572397096091,-0.90527155199513509,-0.016935096063794418,0.019814092028378288,-0.027987329905640748,0.999411882619896,-35.617135678048442,1.3700470738843102,-4.6124420058793323,,0.1286954510377425,0.3,0,1
0.63905370447231225,-0.76881003420662342,-0.023270025857856258,0.76798366072501656,0.63610843590336386,0.074613367649359275,-0.042561245982903499,-0.06555294864295988,0.99694099688226101,-17.607679878573524,17.529082806095726,-4.1958676357863203,,0.1353679091707739,0.7307692307692307,0,2
0.45435932719801181,-0.87765937043382958,-0.15255042208353567,0.88776019138461759,0.43193280212543267,0.15910970127814161,-0.073752588977729391,-0.20772116872809682,0.97540374803530294,-1.5660215079784239,7.108373389125469,-1.9797367295788744,,0.327118163488288,0.2452830188679245,0,5
0.9994868977838367,-0.030552896686342718,-0.0096156987534909474,0.03171840982866752,0.9858942486294523,0.16433646277472902,0.0044591071286648075,-0.16455713604533501,0.9863574734041276,2.5137127606233265,-3.1962492765068249,-1.087419265226093,,0.08219479656854718,0.2857142857142857,0,5
0.85125271344225839,0.5233930048360147,0.037796565266191691,-0.52235053434130108,0.83826125723333078,0.15642245329540866,0.050187021534965563,-0.15289809387407252,0.98696678553998274,-9.6922850771639588,10.067851690195571,-2.9304687364487294,0.1611818143246488,0.1245402641472622,0.4102564102564102,1,5
-0.52126730467029858,0.85176462810015308,0.052701189732023021,-0.85203678107352976,-0.52292607126257495,0.024117373234799466,0.048101151541521898,-0.032331753916186763,0.99831905566761769,-24.413989205732726,20.909214965674256,-4.9609982320301915,,0.3177922477654339,0.7352941176470589,0,3
0.9648574792264687,-0.25981974286345594,-0.039290533199658313,0.26277372173944874,0.95393893472408886,0.14474280631751846,-0.00012626933352916745,-0.14998069887768739,0.98868891670748382,7.3400373197127884,-12.784379802342499,-0.40595255731752938,,0.09013554065071196,0.4545454545454545,0,5
-0.99995573180958353,-0.0084463675860303646,-0.004146479924240937,0.0087683291567276656,-0.99634196279381904,-0.085004762101658873,-0.0034133304791296917,-0.08503735679548137,0.99637191706926342,2.0387211208297606,-12.81302697319957,-0.61433372574506928,,0.09704985895159086,0.4666666666666667,0,5
0.62546800208885778,-0.77931146672092977,-0.038254623253240506,0.77940935690634106,0.62176782527750951,0.076979385659550537,-0.036205424038642624,-0.077964153859009261,0.99629852854615453,-9.5410092468952641,-19.079325126488943,-0.74212120215091637,,0.1099806566271009,0.3703703703703703,0,3
-0.45634297597193485,0.88915731182086466,0.033917003354824532,-0.8885084011495562,-0.45740356380101005,0.036534927244955988,0.047999055904643519,-0.01346308499669796,0.99875664502151618,7.8794424236686949,-14.084823652071213,-0.2923484354751667,,0.09121299617204914,0.4,1,5
0.60244474201530107,0.79528181423316413,0.06772864067826212,-0.79616922882319408,0.59278381458418827,0.12133387095984284,0.056346179047014368,-0.12702041220617546,0.99029840098314625,-10.786742750141222,-7.1019302655703536,-1.7340114395701274,,0.1259536854813021,0.2483221476510067,0,2
0.001563607387037101,-0.99806764239174506,-0.062117117950874261,0.99801810707984762,-0.0023501747034026365,0.062883500376658061,-0.062907973045527962,-0.062092333580298878,0.99608590444692902,-15.47023799852521,-5.3286195149530249,-2.1462174893204433,,0.1252108912643759,0.5625,1,5
0.78291787966498994,0.62114614339003138,0.034886419314238089,-0.62112757048278056,0.77725841648715943,0.1003488673878966,0.035215548938457908,-0.10023383935361141,0.99434050634649285,-2.5607097422936418,-5.9399301819502544,-1.1464808819293608,0.3107964528989996,0.2984117025481564,0.7626168224299066,1,5
-0.68267952588241432,-0.7079297640918365,-0.18106383971914317,0.72710728054287266,-0.68272378067930672,-0.072133500376059451,-0.072551137293023177,-0.18089689993980401,0.9808224324869711,-14.192652882066405,7.5027332859013427,-3.0419266380101697,,0.1919433712958158,0.2448979591836735,0,3
-0.99753999499373669,0.070077802527971675,0.0017492800653635919,-0.070079973087429942,-0.9975406400665825,-0.0012119354845311805,0.0016600481804968973,-0.0013315436170750314,0.99999773561325411,13.387290142000504,-17.073621034566525,0.019113277549880233,,0.2185811661610262,0.3157894736842105,0,5
-0.01086911136522881,0.99773767914279266,0.066342942630574525,-0.99817542466125597,-0.014766873101875853,0.05854708413844157,0.059394309663897235,-0.065585540155940966,0.99607773436715397,-17.496762343059455,16.4795044999616,-4.1162467337446902,,0.1214361573134598,0.3181818181818182,0,2
0.87684455696196939,-0.47566912321641858,-0.0698749464736097,0.48021186708821395,0.85949385821932833,0.17511958882690262,-0.023241893937840711,-0.18710743678906899,0.98206446909783152,-3.2944643696009543,-5.1961718905752257,-1.2610646966846397,,0.07944004535878085,0.3481012658227848,0,5
0.71677882830665729,0.68843710986915951,0.11082624710028674,-0.69327178829047098,0.68651873668791896,0.2192401690771012,0.074848773215513489,-0.23397942202557565,0.96935612197824916,-5.1380253778460974,-11.323302788655743,-1.009376876628411,,0.165704343947368,0.2692307692307692,0,4
0.10747789897836173,-0.99046672921615297,-0.086163562757423276,0.99240729144046558,0.10166667061052713,0.06922178835286498,-0.059801915746866573,-0.092949160312645815,0.99387332415664453,-14.702896581336152,-11.565514065517801,-1.666898690988285,,0.4459336771378313,0.28,0,1
0.5726253849976678,-0.81283921630079425,-0.10673601500798607,0.81908760007311687,0.56175479738751211,0.1163058511794601,-0.03457848843914748,-0.15402582918337915,0.98746158005344131,5.4012295750653472,-12.632791281126885,-0.49853338947427928,0.4097810618842402,0.1783829734804743,0.3207547169811321,1,5
0.86679910237319191,-0.49558501582431191,-0.055270319480223373,0.49805243730813259,0.85495443856120601,0.14490230390136202,-0.024557805611622907,-0.15312870428143247,0.98790106493951746,-20.212462572176221,9.938560426333126,-3.8252058665313693,,0.132262451967492,0.2105263157894737,0,1
0.88923284178048234,-0.45486739110793845,-0.048586105067866009,0.45726283626809733,0.88075486199467068,0.1232135205275942,-0.013253364367704291,-0.13178212921108259,0.99119010222738368,-8.2885933403497614,4.8696546879816305,-2.288770401256695,,0.1385308661738031,0.3867924528301887,0,5
0.035166591254253927,0.99720868864597734,0.065864574306132725,-0.99747008644941304,0.030948887476573757,0.063996820253544806,0.061779749903656776,-0.067948492646520309,0.99577420374747083,-8.9416964507850381,-20.188650785056087,-0.66011471470826277,0.3796424228928469,0.1785134629160365,0.5757575757575758,1,3
0.56441805332904471,0.8251490867326724,0.023690625582466825,-0.8240162722974389,0.56146536319175488,0.07585399742257623,0.049289391001361649,-0.062334826543335511,0.99683746184346833,-13.178689257530333,-3.6349587167131729,-2.0418503708648963,0.2007797262240475,0.2097550810799725,0.8243626062322946,1,5
0.99834982719233289,0.057423389374506882,0.00042059218211610216,-0.057017037149954784,0.99036048795997089,0.12623454900434089,0.0068322777812788718,-0.12605022110425848,0.99200033353819395,-13.461197621225473,-7.4363995440133586,-1.9067765915147168,0.2931526289807203,0.148867410876894,0.4216867469879518,1,4
-0.092581882837612303,-0.99176138575599526,-0.088532190154707743,0.99393171095153388,-0.09735522628467505,0.051202674539667058,-0.059399906861862931,-0.083254511219551436,0.99475642115363838,9.6875404545697794,-12.016221497280545,-0.35833538328699827,0.4239008526589064,0.3827133048110397,0.7222222222222222,1,5
0.95988808526975578,0.27993614506363057,0.015830933139796124,-0.27099196210875043,0.91176582242041171,0.30862022218007751,0.071959851511883346,-0.3005309297775271,0.95105359471348594,-22.60265132354451,21.471653804859482,-4.9068984521738459,,0.3571503382689473,0.5909090909090909,0,2
-0.96889016096232794,-0.24740633110198232,0.0064779102379336432,0.24422352285585733,-0.96000966477279304,-0.13688065760619461,0.040083997733122184,-0.13104026432164306,0.99056636438567081,-6.0299929106684331,-9.1641771938473227,-1.2786544721379067,,0.4471774227639516,0.6828358208955224,0,5
-0.76795069100233748,0.62935118609345719,0.11903285576592507,-0.63908379629625123,-0.76528429406025722,-0.076888559462808245,0.042704068899866672,-0.13511859171650942,0.98990874764896575,-25.031453325521674,15.462843457679663,-4.5796657840959814,0.4693164411718982,0.2795045229805761,0.5652173913043478,1,3
0.74069638250783376,0.67167765718285455,0.014764612462328588,-0.6702917415274805,0.73731999798263459,0.084072598478620975,0.04558344194845642,-0.072168867361500688,0.99635024183461351,3.8580522647409605,-12.746589850719262,-0.54691433348163765,0.2865752842289334,0.2750679487662076,0.853448275862069,1,5
-0.55147503750661153,0.83165151377686597,0.065046465236227036,-0.83205607824869199,-0.55396423237305514,0.028395631719285649,0.059648685287161475,-0.038462824700978004,0.99747814284801972,8.2808153629603769,-10.495318543750365,-0.50776134594595812,0.1646341639661017,0.1753644607533124,0.5128205128205128,1,5
-0.91209716635772309,-0.40700015530883427,-0.049291304515088688,0.40860749487970832,-0.91227117631366783,-0.028305759050200122,-0.033446588022449236,-0.045958399078555194,0.99838326874191741,0.59463599168880077,-14.576377818811027,-0.56273749178880317,0.1451945995292492,0.117672875675588,0.2666666666666667,1,5
0.67743770719051699,0.73505489550544101,0.027793047151051669,-0.7337576662847819,0.67261866228944378,0.095832261312514128,0.051747850629432386,-0.085313748794930672,0.99500940911219027,-1.7590957755063423,-11.545260963863988,-0.84538850890234729,0.2353358333955028,0.2048033759947319,0.6666666666666666,1,5
-0.74573520688739714,-0.64488405973983121,-0.1673426147222716,0.66479420635134678,-0.73681164093412732,-0.12311486094555402,-0.04390517521085071,-0.20305948704119745,0.97818156817242896,0.10418868914597378,-12.4405815548247,-0.72077147194417657,,0.37355539304693,0.1666666666666667,0,2
-0.74608880965875146,-0.63577491181634138,-0.19784273958604298,0.66428872845599152,-0.73103922143636069,-0.15589144289550161,-0.045518933954007745,-0.24773356297975252,0.96775829029001259,-22.250950788253235,-3.1991557667702692,-2.8278657079236131,,0.5715419489115295,0.4137931034482759,0,1
-0.70757979579767738,0.70354521192206576,0.065992176509444944,-0.70559564002790875,-0.70851235644764698,-0.01204298694715129,0.038283486681907654,-0.055085166265875979,0.99774746259007774,-10.324692838310312,13.580183181982799,-3.26160065202538,,0.132529496645157,0.5909090909090909,0,1
0.9349351029275611,-0.34956665516974356,-0.060823571970646043,0.35448678697074743,0.91282061917582646,0.2027255165750404,-0.015345070119964707,-0.21109635430508678,0.97734479996678514,-20.180898933665762,2.5175764544950097,-3.1144154043166044,,0.184951695918792,0.5555555555555556,0,1
0.40535200291437717,0.89099153654068852,0.20450876642864257,-0.91229609016341107,0.37999147653991,0.15271647465015672,0.058357498283044783,-0.24847647689445679,0.96687840126060476,-24.225862606383068,22.151157066129578,-5.0133191792073788,,0.2157986224175714,0.4166666666666667,0,1
0.99836369445550177,0.052722524024064146,0.022142020090633419,-0.055517739727560932,0.98644542950600778,0.15441241913217607,-0.013700882041125519,-0.15538902814304492,0.98775833874691021,-8.6574532053756919,10.782735082838023,-2.9395862508933175,0.7996074312005795,0.6047722437049381,0.2432432432432433,1,3
0.42763447029067519,-0.90330729175652857,-0.034127649768189626,0.90244520714190302,0.42443862628520679,0.07378685942452641,-0.05216711536803556,-0.062352138508740058,0.9966899231443882,-5.2320211394948917,-32.991236742212138,0.19332868251704202,,0.2169709988991898,0.631578947368421,0,1
-0.083856374537469705,-0.98069606706709445,-0.17664465032534649,0.99403388825242434,-0.09473368767304384,0.054056983134765695,-0.069747669890812408,-0.17105774597777951,0.98278914833539111,-3.3372736776745078,-22.499123037298464,-0.27754262085117093,,0.3370678505229245,0.8857142857142857,0,4
0.91633821256279235,0.3977329094871152,0.046182387423585471,-0.39916636133613242,0.89834091263137505,0.18343887447948812,0.031472149194169033,-0.18652650590075268,0.98194570441626661,5.6648544406038077,-2.2850359361045167,-0.9713543499950783,0.6403744595544428,0.3198950214632329,0.7859531772575251,1,4
-0.92735080003157455,-0.3709037275815264,-0.049506752538679609,0.37221757635757813,-0.92792295049803808,-0.020324216823902352,-0.038400124105107264,-0.037274962174942784,0.99856697705440289,15.073189297919921,-16.809423867226297,0.058112461918600061,,0.3356326050964488,0.2941176470588235,0,4
0.4387104624223046,-0.8867811193703844,-0.14543856603190786,0.89713605439223365,0.42288387526424209,0.12773459966287173,-0.05176900685492173,-0.18651668657175641,0.98108689500958612,-19.963132305497307,16.234618123418699,-4.2606526623101368,,0.3204602623816007,0.5,0,1
-0.94097236510587068,0.3381479485469151,0.015065623139402799,-0.33846193002070302,-0.94048146729454118,-0.030628934068446217,0.0038118281344283393,-0.033920120415784426,0.99941727791611368,10.033720050440522,-19.868605613994134,0.055694423080831994,0.2500085342574358,0.1846976629261995,0.1176470588235294,1,4
0.9878663328870656,-0.15306310655405911,-0.026301972554948025,0.1538315276910357,0.94106523388430352,0.30121767322406878,-0.021353440858620721,-0.30160887086805088,0.95319259311914306,7.9580867009699121,-16.066105657906007,-0.21265174911951065,,0.3517469298426226,0.2,0,3
-0.74600659618680099,0.65488965709748093,0.12080436859868764,-0.66498903273296539,-0.74226697438888045,-0.082639730617013199,0.035549188326302994,-0.14198336437175005,0.98923049864580137,7.2141851092945135,-1.6132298221125905,-0.90675576566438454,,0.2059654983541559,0.2260869565217391,0,1
0.973517954221784,-0.22717695385415609,-0.025562168244877399,0.22849070228751145,0.96328532774333286,0.1409729630907269,-0.0074021467151487753,-0.14308042840293111,0.98968338332622396,-20.51709058157768,13.272265739111798,-4.1524497461163214,,0.07157976926639399,0.3529411764705883,0,1
0.60557621249674443,-0.76783597848189977,-0.20905827179722425,0.793055322803352,0.56055020130751487,0.23842551622545879,-0.065884033205091966,-0.31017959630325298,0.948392277597083,-14.186627761994842,5.6425268824374877,-2.9006420692105372,,0.3208849345166676,0.18,0,2
-0.62993625754648974,-0.75345631114904199,-0.18837170333678835,0.77394063226992316,-0.62922708126371107,-0.071338474373824609,-0.064778153338578628,-0.19072720674835947,0.97950340655661561,-9.0390454321940172,13.422168107360376,-3.152625883546599,,0.3248250990268691,0.3181818181818182,0,3
-0.0055929503056685479,-0.99914459664646005,-0.040973087497308484,0.99812762175879266,-0.0080736065476156808,0.060630582707508415,-0.060909519691227612,-0.040557266543716594,0.99731897532408731,-2.64770117575278,-12.075177868928906,-0.84232979388718732,,0.1843099294217685,0.7473684210526316,0,1
0.99494703133302009,-0.085254247829533433,-0.053029407583271064,0.094474502825528203,0.97375585035436796,0.20706064864312851,0.03398489601987123,-0.2110243045899319,0.97688984523069777,11.450616960643643,-13.702025575209925,-0.20062262432198161,,0.2571708395015373,0.1666666666666667,0,3
0.74311357371308773,0.66383150235146193,0.084320537528917341,-0.66755041005886384,0.72666224611457708,0.16229118923084351,0.046461452771164639,-0.17688899501529157,0.98313357019729253,7.0506836156752533,-22.681998332882522,0.095604230682706334,,0.3996217696756799,0.3157894736842105,0,2
-0.72528805650290129,-0.65267489060790029,-0.2190267615251833,0.68685598547032134,-0.70762243200803621,-0.16582927649430881,-0.04675564476978409,-0.27071383579159242,0.96152375362918874,-4.3011003390784559,-5.4936214277867847,-1.2942334768699455,0.9226308089545521,0.74515240425059,0.3838174273858921,1,1
0.075199248191601287,-0.98461086738974235,-0.15775459704692432,0.99534982667366401,0.06456630005179928,0.071483672529665324,-0.060197970166155676,-0.16239652925983533,0.9848875934197947,-16.586042021779043,10.571405092584245,-3.5615032881937694,,0.6438180617569091,0.2941176470588235,0,1
-0.44034715019115817,0.8940252069825293,0.082542816758171766,-0.89633728837486881,-0.44304935378414345,0.016933268445343687,0.051709310450970047,-0.066529688044514382,0.99644365009838221,-8.8430748941413597,-30.336873081279155,-0.098333755297332529,,0.4919133220275661,0.5185185185185185,0,1
0.61753724429900325,0.76990654743218678,0.16090885657614812,-0.78482037186150799,0.58962678051628059,0.19078061643985322,0.05200707466064159,-0.24409868479583474,0.96835484005925587,9.5733413331919923,-8.4903259603413215,-0.54425547271348818,,0.3365294713562147,0.2121212121212121,0,1
0.99136946997231712,-0.12921960493602952,-0.022110352936653893,0.13109070229613659,0.97539004500763016,0.17728363678444373,-0.0013423033608909527,-0.17865204672824023,0.98391140069698269,10.437827699502606,-29.872072280043714,0.53803225897380813,,0.2772984264310345,0.1904761904761905,0,1
0.42201207649325079,0.89492591798781396,0.14496002417054407,-0.90450388334804022,0.40478228541326078,0.13425358998527462,0.061469767383417077,-0.18777354107884198,0.9802869809237208,25.776783992719366,22.121440557226713,-2.1018818234031889,,0.3284448021150062,0.3,0,3
-0.98509346639217799,-0.17181655315836347,0.008362686902081742,0.17102542552989292,-0.98346018957468828,-0.059635218990437659,0.018470687419856271,-0.057316032508345063,0.99818520632382701,30.516097112163706,11.613476339895939,-1.3298073151866425,,0.5897005083706851,0.8125,0,3
0.70531781196042798,-0.70658731066870328,-0.057106536695233613,0.70784846801822865,0.69762353425629187,0.11077883722086715,-0.038436056712433081,-0.11855706159369032,0.9922030501317104,-3.3043669336529882,-6.870874235144262,-1.1496201030083384,,0.07442314578386214,0.2935779816513762,0,1
-0.10642159444851206,-0.97589641889058498,-0.19052722595883206,0.99243349773795975,-0.11605265190417584,0.040094071302460017,-0.061238850435283113,-0.18481872627669421,0.98086280468515352,9.6214209415042742,-9.5587860409138123,-0.49948275522344149,,0.1608543598049202,0.2142857142857143,0,1
-0.84383775524168858,0.53636733300807027,0.015745694982413086,-0.53591762518705022,-0.84388191610062235,0.025604895864185784,0.027021136958717405,0.013167982387337239,0.99954812910500057,11.122305985429648,-16.839722830728476,-0.064983306405604138,,0.2936540826226378,0.7407407407407407,0,1
-0.10215139923385545,0.98238586591776778,0.15647077068757459,-0.99341157049518658,-0.10895614155836521,0.035524791667238396,0.051947504664350178,-0.151810966869036,0.98704350820895248,6.1265727330949149,-24.929028971559951,0.18117046933767078,,0.2457180768787101,0.4285714285714285,0,3
-0.74321079312351845,-0.64540445063471652,-0.17632586901986549,0.66749507036922751,-0.73326179745120457,-0.12952786353294457,-0.045695164049283608,-0.2139631545372449,0.97577237124391925,15.705864098447497,27.223512011339192,-2.8703016137584929,,0.5991747153873754,0.3793103448275862,0,1
0.46667680524956745,-0.88367820035461675,-0.036408758013453023,0.8828642810135453,0.46300999694442091,0.078564648792966471,-0.052568248520302126,-0.06880829127039928,0.99624394517605741,1.1100676808035643,-3.4851359054466933,-1.1218323164670618,,0.08498416981626827,0.4664179104477612,0,3
-0.093543461715437981,-0.95931532928069008,-0.26639016456576375,0.99373050676370955,-0.10641774090115033,0.034277461233843676,-0.06123153352182506,-0.26151360084817393,0.96325559218412493,5.6569817157914812,-19.057061014214579,-0.13788863987367816,,0.3854124731995336,0.2692307692307692,0,1
0.06771492481992053,0.97426934018496214,0.21497428155989154,-0.9959278978119448,0.053152957909604025,0.072817480218289279,0.059517319466803956,-0.21902971451613346,0.97390126442184499,-3.895649530426204,-18.801776178932304,-0.52765627818242011,,0.1548679775533188,0.3181818181818182,0,2
0.22804984108166934,-0.96943330019334439,-0.090511581904564778,0.9719356254892173,0.22114938716933588,0.080212769927932498,-0.057744349398963411,-0.10626394040721722,0.99265984359276993,6.9285104403082016,-17.792286669361189,-0.15511659066151728,,0.1170379636963755,0.5454545454545454,0,1
0.93582566563688041,0.35198201833473358,0.018411472083943153,-0.35143707118723883,0.92784409127935341,0.12488926003995499,0.026875798232353327,-0.12334504873321492,0.99199984396287877,-25.115414022157776,-5.2213297970982344,-2.7796866803126741,,0.1303712285562658,0.3333333333333333,0,2
-0.93021964469134799,-0.35984795805458802,-0.072116986308686779,0.36580188307274575,-0.92498454120769669,-0.10292026460917016,-0.029671450431974611,-0.12211898136953074,0.99207185194346337,28.231141918210785,15.068310891186783,-1.5695965850651379,,0.1799614548724856,0.4,0,2
0.51278883336492187,0.85833716942759641,0.017461842837043287,-0.85670673563661448,0.51028369607018365,0.075260339089122177,0.05568825272083508,-0.053552339855282322,0.99701101568885719,5.7955830776538386,-3.5376787126259348,-0.88830786067246092,,0.06328542985759673,0.2173913043478261,0,1
0.27321516075212632,-0.93159445337911118,-0.23976081908532346,0.96027867929115773,0.24943323612504936,0.12509164166728137,-0.05673036254088195,-0.26441413568389421,0.96273923303068965,3.9397917237005258,-19.360041283033521,-0.18239348754575574,,0.2618504731724862,0.2272727272727273,0,1
0.98067793527505465,-0.189087473193778,-0.050166869005839929,0.1955420405256042,0.93980782438803445,0.28022234672865298,-0.0058393194586137797,-0.28461760433996841,0.95862334712234021,-29.247732911541341,1.9775236108718575,-3.879717166853875,,0.5516192289398183,0.5333333333333333,0,2
0.82305641167138655,0.53983039644724351,0.17652559666584874,-0.56661799196220985,0.75909461548507406,0.32049869879030946,0.039015309704462688,-0.3638110880844348,0.93065530557531673,-21.303410997986468,-4.1022133606127467,-2.6258850331536121,,0.306384453291428,0.2592592592592592,0,2
-0.13890800751521271,-0.95389207776574791,-0.26607230112113839,0.98841171024668717,-0.15015170803798364,0.022288015176210155,-0.061211571580645323,-0.25989299442081987,0.9636953745637713,-1.5821882628721271,-7.7038291410581339,-1.0389739531916802,,0.07415778648579577,1,0,1
0.26211458700974394,0.95878447169168557,0.10967351603558081,-0.96191102007004914,0.25043335359610863,0.10959162775688704,0.077608844499251733,-0.13422172793367648,0.98790758424358183,1.545670844083294,20.984711633764121,-3.0989257313558491,,0.23771186861295,0.25,0,2
