axis_00,axis_01,axis_02,axis_10,axis_11,axis_12,axis_20,axis_21,axis_22,location_x,location_y,location_z,dbh,dbh_approximation,score,reconstructed,number_clusters
0.66343127857991835,0.74816318770773538,-0.010525357989857653,-0.74802438187151077,0.66351243574333552,0.014517979876361676,0.017845524020296537,-0.001758457547432519,0.99983920962297468,-2.3524463099026169,-11.34378171563327,-2.8915585892357463,,0.1668864802464804,0.4772727272727273,1,5
0.75541824295380866,-0.62215907298000606,-0.20557569438345852,0.65481422058646388,0.72815430995023689,0.20250836382391216,0.023698411978945091,-0.28759240047253559,0.95745965787604981,1.0068797911971634,10.967437621755149,-2.988335586454069,,0.115490228739932,0.1428571428571428,0,2
-0.6768540042690272,-0.72566725985799285,-0.12359484162041205,0.73481747979915646,-0.67604046978907795,-0.054886743289966365,-0.04372560218681109,-0.12796996201278701,0.99081368608626208,6.9307199728081867,-7.698286898188754,-2.1673847158940878,,0.4238051863719458,0.2692307692307692,0,5
0.95703502514914407,-0.26586645077214349,-0.11575401069336262,0.28732049694803635,0.92331399984336904,0.25482972692912376,0.039126623561320149,-0.27713947399650884,0.960032717818319,-16.894728608413416,16.227036851945531,-5.1254262189522981,,0.2993501040048338,0.5777777777777777,0,2
-0.90365166592357626,0.4276012591706963,0.023892045311811331,-0.42808850977179769,-0.90024980755466222,-0.079312746763410824,-0.012405421190275595,-0.081899005814664388,0.99656342415907639,-1.4764668062708499,-14.408018205081429,-2.80534790321801,,0.1229320834639331,0.4375,0,5
-0.741829916360362,0.65879510743456593,0.12520935114062728,-0.66947611755591219,-0.7383237569147747,-0.081729786476630054,0.038601855072533491,-0.14445427094943078,0.98875824162907877,3.9392238685033867,-13.997357655378298,-2.3764894487392336,,0.1947617903343693,0.1904761904761905,0,2
-0.89320738425118762,0.44832354814986075,-0.034446551256558891,-0.44634165660968955,-0.89330882501172271,-0.052711182220607278,-0.054403072469019188,-0.031707086439713254,0.99801551409556521,-9.9902224222781921,-17.194724723850129,-3.5944361656571,,0.1944526733174206,0.7704918032786885,0,5
-0.27383546257947861,0.93238411154831946,0.23595340210756574,-0.96043704218543402,-0.25215365955430119,-0.11823375140572071,-0.050742757433737497,-0.25899498162247325,0.96454485228132159,10.245332355428786,-9.0665571374735219,-1.8843672727889962,,0.3374927799302803,0.1764705882352941,0,3
-0.97653673811546082,0.215029531064415,-0.011760096982372986,-0.21376280049913418,-0.97450869417910668,-0.068104846318757725,-0.026104869920848463,-0.063993013208880914,0.99760885622916606,-34.548938242728489,-7.2840168477429694,-6.7807580704253247,,0.1030103158716893,0.3636363636363636,0,4
0.64416111119665864,-0.74577324243240617,-0.16993744052956788,0.7645401731064474,0.63449182420542338,0.11357133759376493,0.02312545195771876,-0.20308223922423305,0.97888856239278943,-0.41029577900123088,12.63289394565542,-3.1247187813199457,,0.1078261028167819,0.3043478260869565,0,5
0.049968145810099743,0.99363548381916877,0.10095399793839828,-0.9987047199261565,0.050681021304021301,-0.0045073802589119943,-0.0095951446845630884,-0.10059800880249502,0.99488088423863841,-7.7764394301096624,-14.351366468957204,-3.3719319337985589,,0.3148880605403407,0.3529411764705883,0,2
0.89327093973562899,0.44902806348146218,-0.02099586697224861,-0.44844332387762875,0.89339027470734234,0.027429953115642086,0.031074322090960033,-0.015086923623786146,0.99940320754046008,-7.7680604168952581,-6.4357229176682198,-3.4435153440908479,,0.1103010347109698,0.6052631578947368,1,3
0.86631549292068066,-0.48876830764344648,-0.10297090933345898,0.49931843895036837,0.84188915648189178,0.20470404178319737,-0.013362756069227613,-0.22875355656594887,0.97339264796312497,-0.28133450721973052,-13.014861092003793,-2.7282874421718337,,0.4637239096914553,0.3809523809523809,0,6
-0.66717336866076371,-0.71567615146300501,-0.20660915366205609,0.74444058873141516,-0.65036526498312253,-0.15110669062837079,-0.02622796216013842,-0.2546225998031903,0.96668476023489258,5.0237359161209412,-7.6357338483012009,-2.3181704460652539,,0.4815391616703622,0.3225806451612903,0,3
0.79183072063913496,0.61055878049262491,0.014902530505448057,-0.61008873063501734,0.78962292552548929,0.065478059200928168,0.028210824239297855,-0.060939404722441366,0.99774272152084031,14.930026319093464,-6.5283509222499498,-1.5406748639656827,,0.197509212478204,0.1111111111111111,0,1
0.45178803351385988,-0.88900343586071551,-0.074568517495803788,0.89212491150281881,0.45028608462626685,0.036818259981083484,0.00084560615397446246,-0.083158481346096089,0.9965359762348992,-5.7033966769878459,8.94969556987453,-3.5970602987491112,0.2316049411258037,0.1894756386570484,0.7152777777777778,1,5
-0.33564890883663068,-0.93436254088931392,-0.1196095823069504,0.94191143604340255,-0.33129535480179695,-0.055192703660955855,0.011943895823125784,-0.13118700419483464,0.99128568701608399,-3.3851273990859712,7.6096086862066796,-3.2499877067514231,0.5303901606015075,0.4182512537646185,0.2857142857142857,1,5
-0.57905372112898823,-0.80361888296440587,-0.13745355211747962,0.81505398430966891,-0.57465118449999208,-0.073912237239109835,-0.019590577010547418,-0.1548312213211436,0.98774667916252556,-25.229810125633897,15.256254184766712,-6.1036174106050076,,0.1603365349048326,0.5862068965517241,0,2
0.85445256546004533,-0.51148632520320625,-0.09106345320086108,0.5192307654529239,0.84668320065887748,0.1163055025749388,0.017613221906187453,-0.14666048156254607,0.98903006908886482,-13.755205747083576,9.7530083555005689,-4.4947794022223659,,0.07801293777706123,0.2857142857142857,0,4
0.70667698365579978,-0.70592088740609815,-0.047784322689844783,0.70721623548347801,0.70677578116242845,0.017697215340752005,0.021279968038472142,-0.046300063563949542,0.99870088969333348,-9.4817002271083854,14.038452041751693,-4.0335147136619192,0.2782393043222156,0.2710483886912993,0.8071428571428572,1,5
0.4108464899179266,-0.89756093602304976,-0.1599672711761542,0.91163347380328619,0.40663202461807046,0.059789681353573848,0.011382932990753884,-0.17039589983457695,0.98530993405937639,-13.002686361003814,6.6621817381415154,-4.2592412131222979,0.4523873356550334,0.147640016393472,0.2380952380952381,1,4
-0.98111570981375495,0.19277754387743731,0.015772841634695871,-0.19334169664590847,-0.9750980061136002,-0.10864099967950398,-0.0055634786538667309,-0.10963893947801183,0.99395590981461734,-20.467722062077854,10.965716300755147,-5.5676122376836927,,0.158798257229299,0.375,0,3
-0.70177247100881246,-0.70966116745137864,-0.062421361293484488,0.71196324791766286,-0.70171538864732474,-0.026530114022881274,-0.024974638109856433,-0.063059818799934039,0.99769721193566596,-2.8681155848164623,10.902828604084872,-3.353245041777964,0.2284332244919252,0.2524624780428625,0.6910569105691057,1,5
0.0230161733757266,0.99516588831136987,0.09547308785505243,-0.99971778572388159,0.023472508408737439,-0.0036592699189675957,-0.0058825734569663184,-0.095361921595791196,0.99542528561368182,-4.465655082765287,-11.739934094768481,-3.0751588469460476,,0.1023492107911144,0.3125,1,5
-0.19060366191694883,0.94115067874172942,0.2791158253625754,-0.98164005494678264,-0.18484136298840145,-0.047079433436141967,0.0072833088584499939,-0.28296478655933888,0.95910264465254225,8.7549097065510502,-9.8255389235257802,-2.0078093529287835,,0.5375548127992058,0.3333333333333333,0,4
0.99857901159096873,-0.039899537394410989,-0.035326824449916423,0.042476192080311101,0.99624276938989043,0.075472627784635246,0.032182770489187731,-0.076865931036276244,0.99652190037628685,-2.2497352520227594,-6.8111271489831626,-2.8594156160191471,,0.109094097133252,0.2380952380952381,0,5
0.46929643240996721,-0.88024517021665172,-0.070208965506789345,0.88285801914526962,0.46933110602186984,0.017030295099558949,0.017960416425201693,-0.069976804946674617,0.9973869210147519,3.7574646954676929,-11.354863459911396,-2.3988797276350957,,0.2228064451137906,0.4754098360655737,1,5
0.4012671612926067,-0.89097061514426878,-0.21249947815845835,0.91589228590194138,0.3931328804651163,0.081165626483864051,0.011224343788870488,-0.22719573333723606,0.97378442833096568,-7.2712777652983247,20.793761064883192,-3.9820944813573722,,0.08502461531508018,0.25,0,1
0.87041546576011741,0.4915617588741682,-0.027275523425419595,-0.49139400735317224,0.87084023201090099,0.013008452966827741,0.030147081168616918,0.0020802701107323117,0.99954330870316899,3.6490740390570386,-2.8232440097827398,-2.4532578765993667,0.1523197874216999,0.1131474262370303,0.5753424657534246,1,5
-0.91670705634805993,0.39952608017813102,-0.005204238577637136,-0.39892676901746793,-0.91590965241069411,-0.044350215131454464,-0.022485679953232779,-0.038580045080585934,0.99900248964585747,-28.899242987000569,-2.4817148954776953,-6.0072313445072112,0.2987353201661505,0.2612688679660622,0.8470588235294118,1,5
0.99476454617241084,0.084737456774803946,-0.057123209798954924,-0.078958915831695786,0.99216896502509599,0.096779307972898021,0.064876708371189432,-0.091762237659987894,0.99366528793681375,3.0097796869066835,9.0424319536886912,-2.7142037946160307,,0.1284182077541194,0.4166666666666667,0,5
-0.74300042397223331,0.66912079120866275,0.015090949253577622,-0.66888320969269288,-0.74157208161752841,-0.051634286638306284,-0.023358548077358338,-0.048458379437807932,0.99855203354355992,-20.873244912515169,15.015364465480747,-5.652217131865477,,0.07155534752319166,0.2307692307692308,0,1
0.97729274642687003,0.20982131769711149,0.029561840627258487,-0.2092358829458543,0.93357015925526887,0.29097612107518217,0.03345494088012043,-0.29055425033535165,0.95627349358997071,-0.61146491778277545,-11.312797457416112,-2.7535562684485857,,0.6255832128469831,0.41,0,1
0.37054443485883481,0.92780765452884739,0.04324092960177791,-0.92868330704905599,0.36930712151008055,0.034052389202052578,0.015624884114007215,-0.052775052814922174,0.99848417954257362,-3.8624344214243571,-5.2439836711297279,-3.0165264730136894,,0.07749566470582767,0.25,0,5
0.9994011042719847,0.014829417663309917,-0.03126533466485449,-0.0094598843631728512,0.98618622579867321,0.1653700052391758,0.033285783268140752,-0.16497519939899072,0.98573588765728248,4.3764038478916438,-10.02571650840644,-2.3542190503844229,,0.1329762078407872,0.3953488372093023,0,5
-0.8645318922551406,0.50187276710501894,-0.026614524457469431,-0.5018106856007265,-0.86492589405989106,-0.0094463538800564004,-0.02776045912219274,0.0051887785701031945,0.99960113719737009,-12.375457863845224,-5.0949443165508654,-3.9555186828336053,,0.06888336882175247,0.2542372881355932,0,2
-0.94642682161553304,0.32125491350864022,-0.032734566948029335,-0.31985783747758612,-0.94655125092429027,-0.041613617696888316,-0.044353524447117591,-0.02891383613802799,0.99859739382240598,16.626194895959998,7.1212269160476689,-1.5457451303945551,,0.3859009517355111,0.4137931034482759,1,5
-0.37150963690067151,-0.91106698767060768,-0.17871075420000898,0.92812790598147221,-0.36934657261076981,-0.046494079613702173,-0.023646983494286018,-0.18313943670734126,0.98280250655670343,-2.7702093556932059,16.446766529142707,-3.3763697287543937,,0.406377070675046,0.25,0,5
-0.91667948661244814,0.39561176069019716,0.056480559731121122,-0.39850393331476469,-0.89436532655557621,-0.20323699906217763,-0.02988869278841421,-0.20881091316964287,0.97749919109156291,-2.6993419392392797,18.656334290796703,-3.5052115107794157,,0.1392968627165184,0.2608695652173913,0,1
0.99241891161005069,-0.11611525976442486,-0.040273444458641887,0.11888449740376747,0.99007070020425503,0.075009898507535741,0.031163763504699085,-0.079229130040013099,0.9963691910117084,-8.3736299579364211,-3.5605652730734061,-3.5251920251203153,0.175212344923078,0.0966402567475257,0.4066985645933014,1,5
0.54913430610036873,-0.81412155359527538,-0.18883222668623334,0.83557302812874323,0.53926635975448489,0.10492620216565805,0.016408184769461289,-0.21540169267849493,0.97638767006953231,-21.154317199860056,7.0331203004209639,-5.3317169129851418,,0.2014263109847054,0.1379310344827586,0,1
0.66827285387672264,-0.7307882875729107,-0.13913975534588899,0.74362950463036659,0.66141938304793024,0.097670668942584568,0.020653150235665798,-0.16873908401656332,0.98544435099633854,-15.016242401333397,15.301538051834271,-4.8996439955920552,0.8539707715196618,0.6293449925295937,0.8703703703703703,1,1
-0.68413079913408381,0.72736809635123234,0.053858166386749007,-0.72887484340470099,-0.67911872921005045,-0.086828649004219619,-0.026580299620796121,-0.098658015622195755,0.99476634624697591,7.7495460223879267,-15.718253255750753,-2.023000492850378,,0.4631800255652214,0.4210526315789473,1,5
-0.87060155987144405,-0.45904457069123555,-0.17700566676891355,0.49080176464932745,-0.83532156979489114,-0.24769235525648639,-0.034154820545785496,-0.30251604445764235,0.95253214700564692,15.368758702283726,-9.6174296833963169,-1.4976207851565733,,0.3684314571084732,0.375,0,4
-0.53687972339747081,-0.83879838222682623,-0.090429179905126278,0.843372565247126,-0.53639746240794217,-0.03163034161690801,-0.021974503251196723,-0.093247178488033322,0.99540046459245912,-0.78735199120553923,11.357063185417474,-3.1638470498957254,,0.10180285573122,0.28125,0,5
0.31495569356155245,-0.94440030641077188,-0.094397946717090148,0.94906915235931133,0.31426257528777635,0.022511726132731575,0.0084056607796039601,-0.096680375592650303,0.99527998565334563,7.7515421322414593,-18.091252470405692,-2.018890909602916,,0.162682443610883,0.6296296296296297,0,4
-0.89011169579713056,-0.45035708984456269,-0.069854567723904193,0.45520904687656166,-0.88597765161751596,-0.088477819118945533,-0.022042972732579456,-0.11055357280996903,0.99362569154187141,-19.380401919494393,1.5945872757498574,-4.8788215604677232,0.1277653880998842,0.1636812542703228,0.2,1,6
-0.56702500864798622,-0.82167416205261468,-0.057742627086790531,0.82315322211499375,-0.56780935471803051,-0.0033629773114847552,-0.030023532261458211,-0.049437921779003774,0.99832583829164612,-6.0192406094444681,14.330740680130006,-3.6514942931223087,,0.084268960124138,0.2608695652173913,0,2
-0.93816968223466934,-0.34258616241704648,-0.049722918820802701,0.34537579199383578,-0.93605515507486348,-0.067203489213012876,-0.023520409017059877,-0.080221368588013278,0.99649953456162521,-7.6127610196091018,13.873219013931386,-3.8199052967748641,,0.1696907060711834,0.3962264150943396,0,3
-0.99860622412068356,-0.027929927059517863,-0.044783125414389363,0.032440585455393071,-0.99411228020954523,-0.10338463498939469,-0.041631929606279969,-0.10469333078581972,0.99363277367759406,3.0154563812035087,11.336447745692155,-2.801530876546559,,0.1102857247835756,0.36,0,5
0.72304857991169136,0.68049831133523475,0.1188393847071717,-0.69065086942066767,0.70857745516097648,0.14463528824622843,0.014217160622339391,-0.18665486414097907,0.98232267307456089,-12.451346343871514,7.8182135234783221,-4.2195234875247936,,0.09234268401145145,0.2307692307692308,0,2
-0.9916166722394123,-0.11486536393100946,-0.059180431781367102,0.12528777216315318,-0.96676192461431432,-0.22287744449005917,-0.031612489355096626,-0.22842357427599783,0.97304846807944256,-5.6936519008543254,-16.390023289603,-3.1904974630114102,,0.1332828349825901,0.1363636363636364,0,4
0.95826301324993324,-0.27719119622310784,-0.069978840898934164,0.28423145377694436,0.9500411703777939,0.12897385499020472,0.030732362763064378,-0.14348106259570328,0.98917577131438339,-5.8285167790508332,3.9842749216962217,-3.2846750203351904,,0.7213595941177033,0.3094384707287933,0,4
-0.9894927931876063,0.14194566816020826,-0.027485260055897669,-0.14076852076271698,-0.98919897405145252,-0.040860901823505325,-0.032988419059797498,-0.03656250847665754,0.99878673758807446,-23.976926081932259,10.916253834789774,-5.9830780993247483,,0.08956361350668661,0.5714285714285714,0,1
0.76895505756704674,-0.63398356694921953,-0.082297972516965176,0.63878393492700347,0.76712368351595894,0.058960483953919306,0.025752745896951514,-0.097908585053868402,0.99486215379393916,5.0409407838724194,-16.251405594702934,-2.2200781899375022,,0.1380691093990188,0.2608695652173913,0,5
-0.84268361837046901,0.53810132992835602,0.018201045557494432,-0.53772931703566651,-0.83944052471702946,-0.078656131758129952,-0.027046273872888073,-0.076069469513931898,0.99673563941371124,-24.557987084634185,16.376412827856303,-6.0246539254859339,,0.1631385983908983,0.45,0,1
0.40308392502246621,-0.88935007806035538,-0.2158235113293325,0.91515294726432672,0.39281664824793633,0.090499524709655429,0.0042933089685317453,-0.2339904261146101,0.97222942147664093,-21.954770140763184,0.097014443774788281,-5.1509993851380571,,0.1017857729458079,0.1785714285714286,0,6
0.74963098164285324,-0.6541860404830101,-0.10046897928382695,0.66140012572654572,0.74606669275612258,0.077034821015250998,0.02456145455958374,-0.12419788402828494,0.99195343668582281,-14.017656654936614,5.4653646998215564,-4.3836265674940105,,0.1061890799356169,0.3333333333333333,0,4
0.89731759810825451,-0.43542710808430796,-0.072279745922139829,0.44042309506522803,0.89408230460029425,0.081512759331236126,0.029131176742418167,-0.10497650282783813,0.99404794069282143,-23.861068959979558,8.8094676659710647,-5.9113338388572041,,0.1534807233626909,0.4761904761904762,0,1
-0.95374959572216955,-0.2884302872121966,-0.084673951593674329,0.29932532205456269,-0.93717873407732011,-0.17916576673618398,-0.027677793205573033,-0.19622433542229692,0.98016832735573944,-2.3229165362888522,-3.1163195975172107,-2.9487747738146273,,0.1141856982693526,0.2609756097560976,0,5
0.28605227319051707,-0.93710880719599265,-0.20000295117382841,0.95818669170749649,0.28132004494156276,0.05231917572668774,0.0072360788539526898,-0.20660618526505983,0.97839742608667912,-17.581713491314463,15.327203392697575,-5.2405995113622641,,0.270214287503915,0.3157894736842105,0,1
0.84635793852059749,-0.53032163899067963,-0.049367996935292674,0.53187320077717537,0.84643016600773713,0.025823872040358613,0.028091603695880679,-0.048113753650629532,0.99844675797532623,-3.6071247755147242,-14.169833217575352,-2.9978605208967526,,0.1078318809547865,0.44,1,5
-0.16364792959203087,-0.98138799442249602,-0.10048362823680491,0.98650747023363994,-0.16328323247294152,-0.011899460761381491,-0.0047293036977934738,-0.10107517200864967,0.99486755062669308,-4.2189195498420649,20.217443466369655,-3.673346751445782,,0.1336081692730692,0.3333333333333333,0,4
-0.87244702919623662,0.46934959447148256,0.13618788278005958,-0.48831929347416964,-0.84834148626468497,-0.20459958529555503,0.019505098501374132,-0.24500547106479079,0.96932547180024686,-22.448395283052932,10.536298533787411,-5.7915664104443181,,0.2947654782338645,0.1612903225806452,0,2
0.28672880957968977,0.94576624868234072,0.15268527306307902,-0.95795213286978265,0.28482475283564207,0.034678109843966853,-0.010691159303311323,-0.156208396142616,0.98766625744089453,0.66633508470706504,9.1930527951021741,-2.9717101006724911,0.572685295434602,0.2725904976010404,0.2173913043478261,1,2
0.63039551007047123,0.77189502102157082,0.082338189226497979,-0.77313484283657241,0.61477492219615504,0.15593046472956898,0.069742495474841293,-0.16195638783579874,0.9843302864202248,-14.397144079404899,-5.264725501878047,-4.1606625244398829,,0.6993953903979139,0.2972972972972973,0,2
0.27714247220637328,-0.94003511251247596,-0.19881156239765443,0.96073170185745649,0.26817517919118516,0.071250756570382309,-0.013661886597967904,-0.21075118151372865,0.97744426559530861,-19.483751759945417,-0.30528666853532244,-4.8738309543559808,,0.2030529963276723,0.2162162162162162,1,6
0.82130305373614809,-0.53471905219832361,-0.19883870131290812,0.56988813185230558,0.78502200495869789,0.24283321211176018,0.026245210945368039,-0.31275547468709824,0.9494710116457904,-27.237574239142184,-8.3221580424206607,-5.6193534343507041,,0.4948355151540781,0.2244897959183673,0,1
-0.38174098917550203,-0.91880183987692954,-0.10038424289736134,0.92401110293982425,-0.38194400199838291,-0.017951628934093668,-0.021847169776362755,-0.099609027583982629,0.99478678258033504,8.8664419940340835,-8.5518313154368837,-2.0006794512407438,,0.1104341930458473,0.1052631578947368,0,3
-0.88729519744848684,0.4587612069350081,0.047385520957201575,-0.45953062487200275,-0.87066217095821885,-0.17543941651484277,-0.039228017915739551,-0.17744164977213298,0.98334918698117935,7.491844123454749,-10.937351799412349,-2.103692831683869,,0.2022613849600342,0.303030303030303,0,6
0.74099379335300375,0.67151187049308358,-7.7454548260494629e-05,-0.67133001760645539,0.74079579834856979,0.023186043423210158,0.01562708139236809,-0.017128716705764532,0.99973116455933864,-6.1927266598531041,-18.164140067196215,-3.1900262628492317,,0.1549774909697011,0.375,0,3
0.48650835467930648,-0.82558504415216738,-0.28586527543494494,0.87356047495381106,0.46498712221615035,0.1438022001626337,0.014202725995575507,-0.31968157758213994,0.94741858306077587,-29.650757187038007,-4.7609818107017219,-6.1977728442385542,,0.1937314204101714,0.2777777777777778,0,1
0.96752746895492248,0.25095492085970156,0.030203054712786823,-0.25057213391087169,0.93654984531175045,0.24512852333804394,0.033229542955551472,-0.24473662362392493,0.96902001141985061,-10.90600827886882,20.977827213032207,-4.4493917557114209,,0.4674639597919329,0.3448275862068966,0,1
-0.96033250854054697,-0.25661474147434787,-0.10913453852137696,0.27626613502277358,-0.92875012712532312,-0.24718459499789913,-0.037927505583665082,-0.26752957934170635,0.96280290220659959,-0.16702613640425684,-1.8138499736304319,-2.7717823185454664,,0.3921919316380034,0.3503649635036497,0,3
-0.34756073460706094,-0.91147826098783857,-0.22002026158057619,0.93762748992408285,-0.33596963066351349,-0.08932579364598979,0.0074983930320894612,-0.23734318405719473,0.971396925609469,-6.1459379550726148,25.088376810806817,-4.0745986670670256,0.2810053355304584,0.3344233309854795,0.8787878787878788,1,4
-0.86721756817999429,-0.49505349832334655,-0.053438967409498203,0.49699640253902161,-0.86716005843478505,-0.032062578166009999,-0.030467446615166035,-0.054364205624628792,0.99805624482969668,-8.5350983464601278,23.764313738016686,-4.3292321443480679,,0.1169336464982059,0.2727272727272727,0,1
-0.82590344238585323,0.56327237348702008,-0.024652324870012666,-0.56319236973440945,-0.8262560563123883,-0.010737042425195452,-0.026417012097099152,0.0050162409629930654,0.99963842403064085,-36.24372575536254,-7.4423359613551909,-7.0528413832063528,,0.07382765666805351,0.25,0,1
-0.42361698799105091,-0.89085236841312387,-0.1641057743594595,0.90569029680500246,-0.41984676663557596,-0.058768859261685319,-0.016544901288836577,-0.17352449463513867,0.98469056865746551,-17.761203078876903,7.4956260305142095,-4.855722676773194,,0.0802793396131721,0.3684210526315789,0,1
-0.70712884003028886,-0.69174026240485664,-0.14650669938770813,0.70683582869076489,-0.69703701331872303,-0.12050939109777552,-0.018759394352167315,-0.18877185021018561,0.98184177630194847,6.4829043011541616,-14.66328928676033,-2.1246007238855484,,0.3917358124632892,0.1666666666666667,0,5
-0.95228127282689423,-0.29842294965276439,-0.064063410334863569,0.30316999442638159,-0.94910634075559031,-0.085352846566714796,-0.035331740725547393,-0.10070202112210536,0.99428907820574253,6.9188734974029167,13.466403166600747,-2.4746335562764998,,0.350187604727966,0.8315789473684211,1,5
0.77536943488370702,-0.60804663763839262,-0.1705330639634646,0.63150771869337674,0.74677309365332956,0.20863352517302641,0.00049059026607396609,-0.2694610046965642,0.96301117660653868,-22.094051993787566,14.852810841351156,-5.7600844096187966,,0.5104638212747812,0.2,0,2
-0.99915842045206238,0.032193968183358596,-0.025416515346316386,-0.023514798189084033,-0.95729312474698247,-0.28816128743862546,-0.033608110715529597,-0.28732111256357123,0.957244521096551,-0.61995417147238763,18.453356612043294,-3.2399619831956596,,0.4584953023971603,0.1612903225806452,0,1
-0.33892466517105113,0.94040588855745721,0.027691805740152141,-0.94073578951166825,-0.33837148752747437,-0.022823469506253281,-0.012093207620375013,-0.033786109496414335,0.99935591914720101,-6.4791097851447237,-17.331906752775403,-3.234177951016481,,0.1172871034667067,0.4347826086956522,0,5
0.038426419311917405,0.99560674112649317,0.085385170388944331,-0.9991846750320571,0.039342022094385365,-0.0090658964591575873,-0.012385292889066807,-0.084967183788856107,0.99630677112977772,9.2646096453279512,-11.299780426197618,-1.9677103979852084,,0.2331720833351478,0.2,0,5
-0.98626997421792317,0.15983223558658344,-0.041535459833404176,-0.15338343896304513,-0.97980754308859719,-0.12826027895867639,-0.061196883973346917,-0.12012841035359845,0.99087037821193891,2.9248914784694415,-9.2601707517907901,-2.48301687254824,,0.6052781413295503,0.8382352941176471,1,5
0.88105030553319708,0.46575739443608066,0.0825857654076846,-0.47201413782298229,0.85427434754597908,0.21775672853007055,0.030870905640855602,-0.23083628105868742,0.97250274988398255,-19.816540182481091,-8.5375600741546815,-4.8138132133675287,,0.6283299074037543,0.3428571428571429,0,1
0.0040559723211108407,0.9993455877456241,0.035943641188418633,-0.99998818501448017,0.0039570296311246013,0.00282342840230188,0.0026793506629229709,-0.035954668262268862,0.99934983009463407,-22.477928023063356,-0.78651645715944085,-5.2266774211625524,0.3390528620294773,0.2390396679496066,0.8137931034482758,1,5
-0.98318949357671892,0.18064449169624469,-0.026570422280419548,-0.17965503450479481,-0.98307642335431134,-0.035844308083373723,-0.032595832516373213,-0.030468236980504357,0.99900410321372757,-16.826207225916889,17.731239684573488,-5.135600972475439,0.9727985954236529,0.4609314206675565,0.6981132075471698,1,2
-0.62508204146600888,0.7796121511843509,0.038436117941251319,-0.78037530479428641,-0.62310836747104437,-0.05244374180770385,-0.016935911664563062,-0.062776238444788982,0.99788392049517038,-1.8863726384655812,14.933650501764415,-3.2738181803100699,,0.1518497768765446,0.1333333333333333,0,3
0.37259251875776911,0.92713682441300782,0.039901425827967095,-0.92786366075285232,0.37147171221205272,0.032829774299593328,0.015615441718303575,-0.049255211334530487,0.99866414881897758,-4.2658175890390373,-18.724577911187069,-3.0205882019314365,,0.1110417695441115,0.1,0,3
-0.80344377308484949,-0.57656407127014897,-0.14849907478355112,0.59387291093743688,-0.79382035916262839,-0.13101222474872445,-0.042344647192712269,-0.19345053398557918,0.98019580786433591,-8.9324323350759496,10.089685631779679,-3.926173037079026,,0.2953002825017276,0.21875,0,2
0.9709497568239851,0.23923614798785645,-0.0047576485132980436,-0.2369535107735361,0.96407330028330196,0.12006542138749966,0.033310710823087383,-0.11545015018090959,0.99275458164022878,-12.352036594117379,-7.9169076310740278,-3.9805681880009636,,0.149821797017311,0.1578947368421053,0,1
0.25775123889494561,-0.95631985364710048,-0.13790082076807503,0.96582344411972409,0.259053768971932,0.0087303820163555888,0.027374689712128253,-0.13543811244190077,0.99040756462243351,-17.152426867495649,9.2109157796319021,-4.9029799283751023,,0.4063078853385961,0.8571428571428571,0,3
-0.88857598135252747,0.45662372883850721,0.0439032530116924,-0.45490273050558516,-0.86478231888976231,-0.21263830020531962,-0.059128936587379714,-0.2089169959511718,0.97614417872606429,0.92540642614098767,9.7254315541710863,-2.9656419364323168,0.4534917644405985,0.2892509998394399,0.5108695652173914,1,4
0.782291011367103,0.62056097976597113,0.054081826209302346,-0.62228711141073256,0.77466235988938825,0.11250324058751016,0.027919966087406128,-0.12166469727288383,0.99217850053867629,-17.786266921664499,-9.0042081423682614,-4.576761144109863,,0.1398451149675087,0.2222222222222222,0,1
0.93036309502071401,-0.34431433780424653,-0.125984714175574,0.36402946970103695,0.90842042259595968,0.20555992070381873,0.043669859315777326,-0.23710751272998826,0.97050140174774568,-11.625798318311872,12.159969116021102,-4.3604243452024027,,0.1755199561869036,0.2142857142857143,0,3
0.14486630745775805,-0.97318589129881594,-0.17867001410557107,0.98928366273664292,0.14578399653093477,0.0080536325867857691,0.018209547109384321,-0.17792202599003595,0.98387609233158724,-26.554853974001698,20.448114170828628,-6.5070397189311908,,0.2273671678349436,0.4117647058823529,0,3
0.96806844997476005,0.2506457579776703,-0.0044922345514244099,-0.24860778962758487,0.96219151454241825,0.11127289103395688,0.03221246808228765,-0.10660297064513469,0.99377973593230451,2.172080987742985,13.186874597856429,-2.889698782879591,,0.2772798856489157,0.8297872340425532,0,5
-0.92307208000005314,0.38452880730178957,0.0086908848477693836,-0.38396922383259868,-0.9199372686819447,-0.079265735594859818,-0.022484889898904181,-0.076505019737698049,0.99681563575275411,-15.560851123854512,3.7352850012276644,-4.5126703067661316,0.2417477728466331,0.3789074708282316,0.6145833333333334,1,5
-0.51754357400360318,-0.82968453577649959,-0.20921811609158306,0.85565068409113654,-0.50275903837989921,-0.12286275327245927,-0.0032489724447754449,-0.24260445259857341,0.97011985020274671,-6.1039582048409269,17.943846049596097,-3.846509755799425,0.4247570406610118,0.1981804338290661,0.25,1,5
-0.007508376031376743,-0.98830812198958007,-0.15228486562623664,0.99995946487229048,-0.0081774824665585659,0.0037679427852019202,-0.0049691952763878692,-0.15225040160846418,0.98832946040698744,3.3911520767473111,6.6145298349723678,-2.5690112968931884,0.5982524255745407,0.326289643789148,0.3538461538461539,1,5
0.91616714228663398,-0.36864219922970115,-0.15729175547825491,0.39968192549980847,0.86957002372171111,0.29000402113313478,0.029868475406480181,-0.32855882698797068,0.94401110765985186,-25.899795019915612,11.759599826183042,-6.202057019435582,,0.6251057232312373,0.1304347826086956,0,1
-0.39341157983127523,-0.91646585257436886,-0.072922355418593376,0.91936012143321211,-0.39234989494779493,-0.028957331589151696,-0.0020726729047002789,-0.078434055101020111,0.99691714953021071,-17.803971282346343,12.11980453878785,-5.2701357477356892,0.1733738351652031,0.1687071243396694,0.5897435897435898,1,3
-0.95864011009244032,0.27947114868615752,0.053898203810451267,-0.28286224735858595,-0.91445831387869581,-0.28940445953264565,-0.031592536162889567,-0.29268049000603408,0.95568825588087258,-22.724457438098636,6.5632461605066164,-5.4860399414294152,,0.2215671275048408,0.25,0,1
0.69585871353417694,-0.68410331256942136,-0.21859393525462761,0.71774760411299432,0.67298900488804159,0.17867337823486715,0.024880265043131084,-0.28122670042396009,0.9593187767265039,-10.878203557042884,9.4927121272754125,-4.1135784772052215,0.700244439649009,0.4448470603338922,0.4907407407407408,1,5
-0.79221166742527549,0.60246392280115812,0.097148832820083561,-0.60972731053555729,-0.77487843809403556,-0.16672136325025683,-0.025165070680221637,-0.191312905732959,0.98120644683862079,-16.426134336403656,19.426595465621489,-5.1112656862157078,,0.5041370032867887,0.4761904761904762,0,1
-0.32079071340820542,-0.93709293949753725,-0.13765951087708878,0.94698371197533859,-0.31460448931612917,-0.065160298921557461,0.017752955935945853,-0.15126413337603334,0.98833394888040438,4.0523545655989537,12.396774075000085,-2.7280348722647449,,0.2941064791774481,0.2045454545454546,0,3
0.40044584321092225,-0.90298461868914004,-0.15576233519667515,0.91625202944071826,0.39666536594903856,0.056025047989988232,0.011195767095585675,-0.16515255331766224,0.98620448636770952,2.2454735278252991,7.4082813658971034,-2.7032174317111073,,0.4419416950056223,0.275,0,1
-0.79632520298579124,-0.59494680877292894,-0.10910758828122456,0.60417229973183728,-0.79101438706032967,-0.096291597246662072,-0.029017293574353897,-0.14259920825333619,0.9893550740149567,-38.727822914188977,-9.0848762480999348,-7.4761101516250799,,0.2409749839162574,0.3333333333333333,0,2
0.99166067778789246,-0.1235604826810582,-0.036632052206783179,0.12816588966990791,0.97532012452798433,0.179789208285251,0.013513136363464483,-0.18298486770861749,0.98302285494045405,-14.037747508220555,11.223838124722487,-4.7068136318126603,,0.1406405655333536,0.4285714285714285,0,4
0.34466267996704059,0.93872018456785,-0.0034716167472457079,-0.93862569096260462,0.34467749711744777,0.01338787682291909,0.013764058373573914,-0.0013557528367150644,0.99990435174137315,-13.914519213169319,-0.42679917228044234,-4.2313356170823404,,0.08834597679745695,0.4074074074074074,0,5
0.91514601904849791,-0.39217621218357784,-0.093303710628398345,0.40129235464449992,0.90828417468636347,0.11825524985464779,0.038369387844471727,-0.14566288687120532,0.98858996225168461,2.9387257177518586,-15.598276614777362,-2.402932520663323,,0.1552401444887449,0.4285714285714285,0,3
0.99740306573581505,-0.055791738436867987,-0.045545651636459489,0.063783667719390313,0.97795433628906159,0.19883903003606726,0.033447992362173752,-0.20122772685595228,0.97897325487028841,5.5140290560348211,-11.588281204590933,-2.2572128383532006,,0.2903170911055122,0.2857142857142857,0,1
-0.98647496342844265,-0.1633919789304584,-0.013046369228261074,0.16388476241471273,-0.98463298752413175,-0.060329632251285993,-0.0029885075078811725,-0.061651772890086949,0.99809324600579452,0.070680411118463127,15.734761257951428,-3.0970832499639402,0.9355025943843661,0.7085126491597027,0.8333333333333334,1,5
-0.19554741421527194,-0.94206762889864903,-0.27252484542697686,0.98059959894334858,-0.19168798352226099,-0.04098955385599138,-0.013624806268885807,-0.27525315539416834,0.96127522858944447,-4.8155687355154324,-13.33532859181801,-3.1065893618962912,,0.1400922927566699,0.2,0,2
0.30144121462780349,-0.90631505769400089,-0.29618610757568298,0.95336199224892604,0.29147651583907663,0.078373161538065006,0.015300518255065388,-0.3059974786030632,0.95190936397836434,-20.262747242233011,12.864593336523258,-5.5714030767525058,,0.2685049466929489,0.2222222222222222,0,2
0.24104919167893479,0.96983823875342723,0.036181180779257277,-0.96997021656755245,0.23950038537537016,0.042395098501406901,0.032450980922414489,-0.045313971981038925,0.99844558078068224,0.38090201443817506,-4.0546325691481639,-2.707345272403221,,0.1568340983574808,0.319672131147541,1,5
0.79775162027884605,0.59734054322706964,0.082320275507708929,-0.60293899319268618,0.78851236257010249,0.12129643260172877,0.0075447220138169218,-0.1463985296760355,0.98919692057670172,-16.241123932550433,7.8171502434921942,-4.6784639851058403,,0.4196918537428245,0.5789473684210527,0,4
-0.13733360928200358,-0.98429377703602494,-0.11092898741868296,0.99049932450912781,-0.1372701629200006,-0.0082456363537763474,-0.0071111116247892332,-0.11100749010797799,0.99379412819325275,-10.093478289976613,-6.3037122422695866,-3.7032292883632003,,0.07309358638326754,0.3809523809523809,0,1
-0.049332425982615231,-0.99153479189698757,-0.12010440543321872,0.99870749766025357,-0.050443593300505109,0.0062271993808015067,-0.012232982623416338,-0.11964196735565004,0.99274173569131496,-15.804783209943887,10.502777510933845,-4.8685092660288163,1.106317880373189,0.6990498681153857,0.7291666666666666,1,2
-0.17077366244154937,0.97930060238097794,0.10865857716974371,-0.98526449215626632,-0.1686609911563734,-0.028413914869383709,-0.0094993006244990293,-0.11190978616011703,0.99367296584401554,5.5508254376644244,-5.5947174285855681,-2.2623774474688303,,0.2063867501315994,0.3111111111111111,1,5
-0.14982253305062346,0.98849918426613292,0.020556538995760164,-0.98871191023247684,-0.14981949028145908,-0.0016967310483236196,0.0014025529371087995,-0.020578703481831905,0.99978725227333487,12.854342112314241,11.669484080074689,-1.9262410832177987,,0.2092121675352343,0.4,1,5
-0.22150454843874803,0.95377786647437501,0.20308499807848043,-0.97509549113418459,-0.21901673034259667,-0.034935011089492519,0.0111587719185865,-0.20576552979940135,0.97853769909781274,-27.478609296542118,-3.8322668032873675,-5.8629337411083569,1.020763736779998,0.4174162869918963,0.2,1,5
0.47501043566745277,-0.85813305834520304,-0.19486595439461799,0.87987359136843013,0.46660759982247113,0.089998949995734948,0.013694861059490786,-0.21420784757571648,0.97669209519558464,-31.38445972091786,-2.3429617257737374,-6.3528917390424571,,0.2049913930890334,0.4761904761904762,1,5
0.1359562169519587,0.99064895609904979,-0.011425972692653002,-0.99068872123758145,0.13602734520568507,0.0056937657958542566,0.0071947678737097438,0.010545479417965136,0.99991851076929616,-8.1272816283691451,-8.5580862208393587,-3.5071089085849372,,0.07568021169492155,0.2549019607843137,0,3
-0.48471481321399684,-0.8712438501558164,-0.077367327836686303,0.87434822375070476,-0.48504348662329433,-0.015748006486725565,-0.023806164640860217,-0.075279277693051122,0.99687827585673916,-23.412835094519941,-3.781030114266017,-5.3041119956851004,0.9214733858838686,0.5056251279571879,0.1666666666666667,1,4
-0.63418355222719436,-0.770610392726507,-0.063014638826179262,0.77294302611231747,-0.63390643474065556,-0.026864667850589559,-0.019243192791963411,-0.065743856110572374,0.99765096347113402,-9.9736984431351967,10.460592329681733,-4.080047251354439,0.736315652681752,0.2945028033346354,0.9072164948453608,1,5
-0.55915268696830733,-0.82614002265327879,-0.069576832541898767,0.82877744659155195,-0.55919609727124309,-0.020680155168645471,-0.021822389358426519,-0.069227073945472478,0.99736221883307719,-3.9066228694515841,13.424531415607683,-3.454129869587057,0.2123349359361899,0.1321797929591098,0.2857142857142857,1,5
-0.91062216090428871,0.4123093301489611,0.027718159067982369,-0.41199666411794406,-0.90063851548041296,-0.13823535433789555,-0.032031684715124402,-0.13729996615204379,0.99001145976648064,7.2242179237841313,-8.8950305838581727,-2.1276482942467299,,0.252707367849022,0.5806451612903226,0,5
0.99514458857708699,-0.079681035598562489,-0.057776988426888005,0.092619572682776,0.95673616625687996,0.27582154182033702,0.033299588312772292,-0.2798335947344931,0.95947084201458221,-13.160160091630283,-18.473641426530701,-3.8492103173146304,,0.5817680267199336,0.5588235294117647,0,1
-0.99957571305296655,0.019537255444683273,-0.021602998040607058,-0.014260196317748559,-0.97496259562257048,-0.22191120732824571,-0.025397650986509562,-0.22150899030646498,0.97482753681755319,-0.13402632029771688,16.495329218744629,-3.1165617148290199,,0.3863554981403731,0.5945945945945946,0,2
0.097694133722241033,0.98915614702642085,0.10966299757031556,-0.9950626927652696,0.095147122570936965,0.028235837745721588,0.017495533801301932,-0.11188003336751944,0.99356769494116048,-13.107950931971457,8.3746805001259119,-4.2766372474817729,,0.07474334835198072,0.4814814814814815,0,3
-0.83593087643384034,-0.5454941872177218,-0.060462066919912759,0.54802764107659896,-0.83559333158372806,-0.038072152931299903,-0.029753561813159982,-0.06496057207632,0.99744415865498326,5.6236767554105427,-3.1631661287330335,-2.2748180364543633,,0.1936280878231074,0.6328125,1,3
-0.92889903201090518,-0.36786573059688998,-0.042677776202847933,0.36882096882821708,-0.92934612377809411,-0.016937389741279091,-0.033431740634005808,-0.031473583702033778,0.99894530993800268,12.688748927581887,7.698927891978232,-1.8392794542687223,,0.238374103288418,0.6410256410256411,1,5
0.88189912810976967,0.47117789606748245,-0.015662633771167979,-0.47007698560230959,0.88139022883238838,0.046678604583227458,0.035798819062578695,-0.0338031770135854,0.99878715939759355,-13.219065017854325,19.260092028152965,-4.6808137572163542,0.7498253416629893,0.6661756660566681,0.9717514124293786,1,5
-0.96134346369226065,-0.27339944237482788,-0.032733617662906465,0.27490747316325764,-0.9462326396351779,-0.17049830758115397,0.0156405247725587,-0.17290614968293655,0.98481411311305955,-24.155550298263051,-3.7333969562153415,-5.4041860506682626,,0.208039158993421,0.5,0,3
0.69757330876374579,-0.71339447870048533,-0.066781709023223834,0.71618909616034898,0.69702642189508046,0.035033494275683662,0.02155591430263834,-0.072266762344830496,0.99715237432338955,-16.852023992820435,-7.2509067756007575,-4.4611475139171324,,0.3836254885995195,0.8703071672354948,1,4
