axis_00,axis_01,axis_02,axis_10,axis_11,axis_12,axis_20,axis_21,axis_22,location_x,location_y,location_z,dbh,dbh_approximation,score,reconstructed,number_clusters
-0.65167451051249115,0.74437723781722964,-0.14568067877346205,-0.75165764544414704,-0.65951111543213936,-0.0074748021255650393,-0.10164209951425558,0.10463085797721028,0.98930342522670334,0.32742431298569824,-12.081065499458154,-1.3821143073477133,0.165152948460101,0.08495470288799693,0.3333333333333333,1,5
0.16008873988173267,0.98516685647924362,-0.061788836029524223,-0.98520007626068473,0.16335139038876836,0.051933929121490252,0.061256877973160817,0.052560328698179712,0.99673718037811732,-17.220315076863127,16.560313045099914,-3.9070411630122406,,0.1261919276773344,0.3809523809523809,0,2
0.44255920284896616,-0.80545120669703674,-0.3941950096132309,0.89297876485838235,0.43605536058829036,0.11155558262235858,0.082038268422032254,-0.40137772251646409,0.91223113648998588,-7.381907119048372,17.168935891415959,-2.2322956534558474,,0.5550057392835069,0.2307692307692308,0,3
0.97038174936217592,0.22274614856665645,-0.093506223341143543,-0.21107293313002684,0.97003679905538787,0.12031967992919423,0.11750522288260197,-0.09701938866586203,0.98832168893443395,-5.6395765054906093,19.364458727861816,-1.8660511827377266,,0.215053107735238,0.6551724137931034,0,4
-0.89780141348671072,0.43432785708634608,-0.072883019284661191,-0.41320704836206268,-0.8880016012961417,-0.20177485294109782,-0.15235667732389624,-0.15103797090226057,0.9767164246702067,2.0710831376377334,-3.9701878071689993,-0.84836624141348638,0.7894146056082717,0.4193147560422857,0.4230769230769231,1,3
0.22741389428233685,-0.9147023418002147,-0.33406967326075004,0.97345486064407039,0.22264669321018024,0.05304794332492279,0.025856430066319488,-0.33726558660464312,0.94105439221994536,16.100985621213241,-0.29488640616727246,1.7466559925884566,,0.4640904116191746,0.5625,0,3
-0.7217346010763962,0.67877431698937085,-0.13551602194836174,-0.68298467286326259,-0.73016431497644285,-0.019799236572258651,-0.11238817661550397,0.078265571809036219,0.99057730542671307,-17.757539709609723,19.160175017282665,-3.974815623977515,,0.199510585922909,0.4545454545454545,0,1
-0.11786369886988686,0.99234907007620055,-0.036762366730232761,-0.99273509415568417,-0.11864978049377235,-0.019981552003882675,-0.024190521292705904,0.034140191968984775,0.99912424951649903,-5.7079104731117871,14.694871104793581,-2.0009249144120731,,0.2715806826501199,0.2571428571428571,0,6
-0.18255238161292886,-0.93519377815183569,-0.30345877030255947,0.98236246015433359,-0.18619990947676354,-0.017134485413030101,-0.040479931410167425,-0.30123444526969195,0.95269049755735902,-12.394697094687123,-0.31998322150637637,-3.2232578435281707,0.4832285304738286,0.2440794801359445,0.3833333333333334,1,5
-0.073429720948094704,-0.97892163327660386,-0.19057941122941718,0.99681909683909742,-0.07797790582705838,0.016466158620402245,-0.030980062271899506,-0.18876409114525139,0.98153367422403615,-9.7099157955832389,-1.9275512414215701,-2.8282751218448863,,0.08451125219000405,0.2474226804123711,0,6
0.46629187577339087,-0.85328630465019872,-0.23339744832397305,0.8829278518308955,0.4652676348877639,0.062963770433694791,0.054866155770323208,-0.23543260229279062,0.97034076216998733,-9.2406654907263235,-22.525079643712576,-2.9648162240369742,0.5495983368914695,0.5277031940811696,0.9090909090909091,1,5
-0.98408068638414392,0.10262630611053496,-0.14509667115346916,-0.076815550762752011,-0.98183898670976222,-0.17346923455691274,-0.16026407534667975,-0.15956204270080324,0.97409208018668325,3.1526997686083509,1.1255126876515531,-0.54952543211053817,,0.07190154634936639,0.4230769230769231,0,5
0.86495383115410207,-0.4202757586927226,-0.27426840253134865,0.48279813714570402,0.84601480467421841,0.22619661589131326,0.13697017463842073,-0.32806590332934743,0.93467209990039835,-2.1229427236426357,-4.1515603896127589,-1.5831281241935591,0.4553067162226948,0.6790941301633641,0.3682008368200837,1,3
0.21006489557193567,-0.95997156592354671,-0.18527636726427518,0.97725776664608266,0.21178553731246755,0.010683806212261192,0.028982704812758494,-0.18330706152127429,0.98262837533737724,-11.955788211138056,-4.2923399810166405,-3.2031355839549671,,0.08684298809348354,0.3333333333333333,0,5
-0.98347988712978607,-0.080784900614033692,-0.16199108445826316,0.087160787931318831,-0.99565954804309753,-0.03263527903675139,-0.15865153216523029,-0.04621541110274438,0.98625241551959175,4.1978975537189021,-12.901958136744611,-0.75582469259689999,0.2160777945632776,0.1577505257861362,0.5344827586206896,1,5
-0.11845990891718321,-0.96609135734675544,-0.22942262146361353,0.99261388703703535,-0.12130425630497113,-0.0017171672968293447,-0.026170999991595199,-0.22793149554680181,0.97332538860200202,-25.257799943677249,-1.73195639902605,-5.2333290984992153,,0.09227409525564388,0.25,0,3
0.14819053300401813,0.98553490556687684,-0.082222356067387467,-0.98842696424760468,0.15032439306215045,0.020364508311291562,0.032429959547454625,0.078252966459958329,0.99640592680090345,-5.8425479149298649,4.9156674238906666,-2.1129303004495958,,0.07339275768198618,0.32,0,3
-0.79309633263575008,0.60477410532691289,-0.072432649307865707,-0.59353524221079856,-0.79405895173216534,-0.13109651951056442,-0.13679957387906114,-0.06098083879422582,0.98871998760339641,-4.7415421668556403,-14.755386838450764,-2.2414997055462078,,0.08295053908873343,0.4444444444444444,0,5
0.98599623989283625,0.067302094626232878,-0.15258388832412248,-0.037355047643610084,0.98083224827203142,0.19123990474054808,0.16253004440019786,-0.18286204857364988,0.96961098171313842,-3.0684527650021445,-16.379255090499008,-2.0180071126409511,0.5593900330836199,0.4796055309294981,0.3064516129032258,1,6
-0.93076254985149243,-0.31826603292801336,-0.17996613036405593,0.33115137867096867,-0.94245772113158388,-0.045958767213427093,-0.15498335458449822,-0.10237273154373701,0.98259858723591154,-23.368832837250938,0.0057949313830878233,-4.9251086437554559,,0.101316684527893,0.1818181818181818,0,2
0.90642006244924322,-0.37922664040877468,-0.18598340139320649,0.39956569287664118,0.91261494206479155,0.086494072606677561,0.13693037451757087,-0.15271254933486489,0.97873844811069266,-12.065669903300947,9.7616532616109257,-3.1505647176332037,,0.09046389797970351,0.275,0,4
-0.97665006046657055,0.10545840656822873,-0.18717153596296146,-0.089130378654968728,-0.99160964422586151,-0.093627394917739123,-0.19547489606459925,-0.074758531033926587,0.9778551667021983,-9.9424373310881986,8.4979672593574698,-2.7605339941802893,,0.1074556570047568,0.4615384615384616,0,7
0.67266560431007494,-0.68086664053395485,-0.28972677229791444,0.72777847936351314,0.67949580177626201,0.092865172932411477,0.13363932712152415,-0.27332411744381513,0.95259354242513372,-7.3213537323000999,9.6071057840551788,-2.3269521925372958,0.2541779292571588,0.4493617540681803,0.3312101910828025,1,5
-0.54938979202180094,-0.79140207574068933,-0.26805523859005348,0.82994903477885018,-0.55398951549647713,-0.065423362720309172,-0.096723606694007591,-0.25841511417350682,0.96117957358383155,5.7360949504207568,4.9746551250062971,0.023077492530454411,,0.6232170537995049,0.5693430656934306,0,1
0.98866937691561396,-0.035672004599373343,-0.14580936608172293,0.061825017427470562,0.98190707336765759,0.17898649806802291,0.13678644073658972,-0.18597313612031091,0.97298687672146511,-6.1813697492248272,11.363041782124634,-2.1098178917034258,,0.2734795192736982,0.1428571428571428,0,5
0.23982226663450212,-0.94414886582460888,-0.22598274179324956,0.97031574130624854,0.24059192638885138,0.024553759993259167,0.031187218529306993,-0.22516315000151851,0.97382180776659488,-10.277873206742262,2.8107878424853232,-2.8494369272430022,,0.06815306241335153,0.1821705426356589,0,2
0.32507568088841998,0.93696012292637976,-0.12818552859317922,-0.9433276127839666,0.33084253474614395,0.026004464271514278,0.066774371238014427,0.1124675297520536,0.99140921828336759,13.406704624513555,6.1682411533421169,1.4473829762916466,0.1462050832310239,0.08954230180651694,0.1818181818181818,1,5
0.7532619523922508,0.65736990136823381,-0.021476588493777024,-0.64446817146909841,0.74421263801783621,0.17552300526656989,0.13136668923851844,-0.11837382392087313,0.98424104302191096,-18.51022854001906,17.47335567062639,-4.0919461528712251,,0.4278872998411118,0.2162162162162162,0,2
-0.97803140064852256,0.15664118920279455,-0.13754314665087142,-0.13499565124076371,-0.97869893674666031,-0.15467567797504078,-0.15884191352275673,-0.1327099433203508,0.97834417126711515,-22.207236975667644,6.3259585673716936,-4.7558647645997425,,0.3681794451720079,0.1764705882352941,0,1
-0.7693582093513982,-0.60039945480204293,-0.21819358463763541,0.62526710804538344,-0.77772813685681774,-0.064652832403434113,-0.13087776472790877,-0.18617045902783197,0.97376155751045834,15.921608547505011,8.6065235657048387,1.9137939037520384,0.4249853370295542,0.3972163791411257,0.3103448275862069,1,5
-0.79300111803837592,-0.57143710617204257,-0.2112080975711125,0.59551327267074561,-0.80021180432737971,-0.07088730696040646,-0.12850357529214912,-0.18199093907346717,0.97486723672113107,-10.965037434190302,15.868127355313543,-2.8871542709642668,,0.1240254679716393,0.4285714285714285,0,3
0.60481933751176942,0.78995296199785536,-0.10083594003449241,-0.78642727567475901,0.61240505743343521,0.080574100706914065,0.12540218916191798,0.030567359401266859,0.99163497694092717,-6.0043675419814839,9.0696067673481515,-2.0569282955893979,0.250045664132144,0.1499849484892398,0.3863636363636364,1,6
-0.82537036018153143,-0.48154170504352178,-0.29475643307243776,0.53881175581433072,-0.827772932990261,-0.15644124521678554,-0.16865841316129684,-0.28794019815315514,0.94267957544302117,11.969217770873142,-9.3685068061121761,0.71563876398757154,,0.4315687520078961,0.4871794871794872,0,5
-0.72800397356457269,-0.64990679578379673,-0.21824612543692917,0.67421960971043104,-0.73639645401095888,-0.056108648192592009,-0.12425028111077774,-0.18799313634844381,0.97427945084034728,3.4203340226187162,12.511266659539311,-0.30251924499801658,0.5562750058066148,0.4942034070562893,0.5804195804195804,1,5
0.88950574723713782,0.45234031425048038,-0.064558235228966573,-0.43192808904729263,0.87850123580880646,0.20414138378671479,0.14905586712389315,-0.15370041895251194,0.97681038574012291,3.9226477292612105,6.3672050351467533,-0.30696368612570774,,0.647611201078098,0.3928571428571428,0,1
-0.28247112708474442,0.95811209646431483,-0.047236352232469088,-0.95816658378693109,-0.2841695623844398,-0.034124148755944231,-0.0461178932471559,0.035621207489242038,0.99830069092405838,4.4154017142211526,-18.286870884566696,-0.73931398279058613,,0.3357318875663133,0.1578947368421053,0,5
0.51937400249771715,-0.804709677245949,-0.28756387268956723,0.85098888049376376,0.51772403868484118,0.088202863013779095,0.07790103212070941,-0.29052393208577032,0.9536913935230571,-18.896324707527022,0.2607113103858012,-4.216036539627785,,0.336509641132548,0.2359550561797753,0,1
0.85465432873254155,-0.47883442687534622,-0.20070767304138321,0.50370829678652373,0.858417469550804,0.096940186292440153,0.12587267426708451,-0.18394846998263464,0.97484307981536167,-19.505505632670879,-20.127349018174399,-4.6022268269059827,,0.2290230285796782,0.5454545454545454,0,2
-0.72003084445918375,0.69293320623871768,-0.037405276621417634,-0.68625305846510209,-0.7190194641933727,-0.10985331063908708,-0.10301612871141708,-0.053428286541917995,0.99324372407909356,-9.8063043772775345,21.870004648949202,-2.59118850445889,,0.6138245598692793,0.5416666666666666,0,4
0.80077157501648932,0.58986039722357964,-0.10406534693572284,-0.58331001640737956,0.80744398976618303,0.088224872622696557,0.13606729733640552,-0.0099456109771896822,0.99064967340521404,-10.323583095595666,9.6119122849544727,-2.8152286440109897,0.0993058917344081,0.09835933865540498,0.4716981132075472,1,5
-0.4627360454425663,-0.7884346172863167,-0.40527300244743042,0.88260325609753565,-0.45253846277885096,-0.12735945992262343,-0.082987014491444064,-0.41662908440282248,0.90528081911386094,-16.304473518240773,-6.0590773841916228,-3.8951060172444274,,0.3874339990214147,0.1538461538461539,0,1
-0.87765950940486825,-0.4367758923348059,-0.19733374122622799,0.45992395497640876,-0.88334868010950751,-0.090360749153872821,-0.13484710300953523,-0.17006448548690239,0.97616306505932238,-0.7204526248263885,-8.5728978816122741,-1.4042656323080127,,0.2191520153918416,0.2,0,4
-0.25973663991232143,0.96080046694501064,0.096950196520207421,-0.96564080566538835,-0.25751536204364162,-0.034981034081802413,-0.0086436289229116781,-0.10270492213025648,0.99467431184748167,18.863810380846633,-4.5502695661233243,2.1706264205956689,0.4707524953521468,0.4983851086887918,0.3384615384615385,1,4
-0.7469588716856197,0.66486964632523993,-0.00089297564187092518,-0.65453960115781129,-0.73558792505032677,-0.17460903480727569,-0.11674910931702921,-0.12984127970528386,0.98463743964881545,2.5168601266939858,-9.2617522097416138,-0.94153602106374346,,0.6314963581385731,0.3164556962025317,0,1
-0.98161822876640503,-0.10106525857769591,-0.16189955670763831,0.10896484082629411,-0.99321378032738294,-0.040657717981829058,-0.15669178796990829,-0.057551716537502434,0.98596931164533763,2.8650212240049275,-14.296533644112138,-1.0102322367515044,0.2012707395996207,0.1677261050293544,0.4782608695652174,1,5
-0.65618149635016254,-0.65885321990414103,-0.36788351209262882,0.74601926486049164,-0.63972755649477531,-0.1849429909951596,-0.11349493514987005,-0.39580435581631718,0.91129458004102992,-4.0972555465074221,-16.259030919243994,-2.1952632245862422,,0.4353281750140033,0.2857142857142857,0,1
0.27364993667461385,-0.9321843749098373,-0.23695569909148642,0.9611343308334338,0.27438791016492919,0.030529868140720028,0.036558313026545948,-0.23610075376685666,0.97104063963326215,10.182006229948088,-4.0588201761293012,0.63134938193728851,0.5703710601308056,0.4037745161070603,0.941747572815534,1,5
0.37369788281994282,0.91604111163358037,0.14566596779277916,-0.92499720016263698,0.35640059802570134,0.13175277385393039,0.068775519388622988,-0.18397634501217008,0.98052161241289759,-15.551323612948527,-14.980907981174918,-3.9693091269220453,,0.1489646845901337,0.5,0,1
0.92533490593261181,-0.29236921113661024,-0.24140330619533754,0.3439188819229444,0.915262336002166,0.2097967086317831,0.15960925574525914,-0.27715537280596536,0.94747547979102342,6.5003720051308296,5.8124753304954169,0.20079443844020967,,0.2092690623058021,0.32,0,2
-0.87384772279140233,0.46513580286129175,-0.14155861778380652,-0.46588783896944796,-0.88434063963964038,-0.029835458470235589,-0.1390635785267226,0.03987879108414686,0.98948016814335849,-14.533071950993174,-21.835177440454782,-3.8796593959016765,,0.09991013549226646,0.4666666666666667,0,1
-0.87788033162377599,-0.44498176473709755,-0.17696709411522779,0.45388644036982673,-0.89098899795577335,-0.011211813866416103,-0.15268668113669009,-0.090165595285706238,0.98415290622455487,-11.249456840593867,-15.72629328393495,-3.354672659924669,0.3177859482574251,0.2527002819776276,0.9105691056910569,1,4
-0.81559434732065805,-0.54670074957252013,-0.18953667464486884,0.57303114434267466,-0.80858265651167582,-0.13352675837391514,-0.080256888999729062,-0.21751408691247093,0.97275200013298324,-9.9023739846004535,-13.705898466369232,-3.0809761297359533,,0.2985772766552636,0.4074074074074074,0,3
0.21673395639998119,-0.94526607835277654,-0.24392300682546039,0.97584695052063963,0.21678222704374828,0.026985092134747361,0.027370080430629759,-0.24388010815463254,0.96941908973555158,-20.550804657362679,21.815260246900362,-4.3803682420738754,,0.1915436515135483,0.4166666666666667,0,1
-0.58158710627575438,0.80449299980183342,0.12061281475714812,-0.80866383547599385,-0.55563418572890277,-0.19321866587530859,-0.088426461011676089,-0.20990870615395357,0.97371407305929614,-17.979981994831579,-8.2912103650110272,-4.2062561146900439,,0.2009236502849719,0.1666666666666667,0,1
0.31182709392486269,0.93515380448199725,0.16808100861554942,-0.94831461566900865,0.29536299831114821,0.11601762339053515,0.058849411236767846,-0.19557111543245387,0.97892220610505654,-17.450855084315847,5.4089440362712056,-3.9737923222018465,,0.209597563867207,0.4117647058823529,0,1
0.64927735683447951,0.7564028429286076,-0.079332547617923799,-0.74722728242484338,0.65386216622113169,0.11880932616840421,0.14174026351751004,-0.017860761297526336,0.98974273975809368,4.5654909599425428,-2.8797244050142616,-0.39211040595244501,0.6580778694732123,0.6716661883054702,0.4934640522875817,1,5
-0.54109767617861404,-0.81705455012364026,-0.19908582811531272,0.83553062420244673,-0.54917930086057554,-0.017049091652028895,-0.095403777985850952,-0.17556753010891732,0.97983374177330773,10.67808193764273,-1.2478736338898597,0.77257723213512686,,0.08471136556694628,0.40625,0,5
0.9775344481664866,-0.12303187703048579,-0.17114192905947306,0.14255243053820632,0.98400322167272014,0.10684785578268392,0.15525851730417936,-0.12884415769472346,0.97943553939626105,-16.225320968911252,-8.5787073540902288,-3.9318700337569834,,0.07988863652061781,0.3529411764705883,0,2
-0.24303518349400044,-0.93876361578520118,-0.24424736080852991,0.96919183214882321,-0.24539115084630114,-0.021222054149742212,-0.040013648671975578,-0.24188025294393609,0.96948071211124809,-3.4425583912134132,8.1341790780075947,-1.6803905995919071,,0.1202249810142185,0.2987012987012987,0,5
0.46122136909743228,-0.86418279277763999,-0.20115404384433686,0.88393924750058817,0.46718805068545066,0.019665503421557273,0.07698217596291182,-0.18687810455954423,0.9793621999139277,-3.9625192102463913,2.0230927852233034,-1.8170817634396554,,0.1117047458891595,0.3247311827956989,0,5
0.88175120438010401,-0.43376003924274359,-0.18538349961732933,0.45697074848389641,0.88295051186619178,0.10759241899546605,0.11701516399297192,-0.17958458160811613,0.97675832704120547,14.420592257008035,1.757361223572516,1.5151083795664921,0.6942220390498075,0.7184942097432072,0.7301587301587301,1,5
0.4603062482251441,0.88320255188894325,-0.089841027274563001,-0.8843125068264599,0.46507485117501418,0.041191905452877361,0.078163598402277198,0.060486652588774378,0.99510392258467695,-13.493099515753684,7.9768980010574086,-3.3685222273490987,0.1082116541292392,0.136561682069735,0.3409090909090909,1,5
-0.92918205648921004,0.35504531042483539,-0.10277905158063955,-0.33981219795047285,-0.92995608533703944,-0.14038999062852919,-0.14542481226583107,-0.095522284781835581,0.98474723512559637,-14.396231244795883,8.9025825424324356,-3.4962001433916425,,0.08825079331300374,0.1875,0,3
-0.67901200388721494,0.72685275388334314,-0.10309108957261101,-0.72699906884954835,-0.68527742372406031,-0.043211184038433603,-0.10205416438812072,0.045606213461697562,0.99373287196546312,-9.3722110066640703,-3.8148129903836194,-2.8039760714479436,,0.2254388961363648,0.4857142857142857,0,5
-0.8122337496260742,0.57431533646387556,-0.10216765765521173,-0.57047235117437034,-0.81862288609065048,-0.066467036297695486,-0.1218098210898986,0.0042970537579371587,0.99254415660717499,-0.089455883203532011,17.614875609004866,-0.87309912087699126,,0.5993884113211427,0.7021276595744681,0,5
0.77173867337969182,-0.60672102821668272,-0.19054924279525401,0.62676202604351672,0.77637639352978172,0.066400740052467794,0.10765120863222817,-0.17067304851493262,0.979429388874277,-20.734837035578288,-22.847947236901533,-4.7765206852927342,,0.1834267107263972,0.625,0,2
-0.6418321468380549,0.76647970352115613,0.023671911105261671,-0.7611343941461719,-0.63298845645066182,-0.14142152611236145,-0.093412682934355326,-0.10878638743119635,0.98966640469234701,-8.6999708431394396,-0.97093806810522176,-2.6305792119888118,,0.1421108534265194,0.3478260869565217,0,5
0.59428270963934426,0.80053088809501594,0.077319843698254787,-0.79755210039915392,0.57421176703866161,0.18490942037450159,0.1036277384324064,-0.17155507512207693,0.97970921605711259,-14.444207560019549,-14.389325743592654,-3.7955575962560197,,0.152229959107319,0.3,0,3
0.5241204794928821,-0.7706061957562963,-0.36257938997984945,0.84799982730042334,0.51156208225279276,0.13856597309454635,0.07870207033238151,-0.38009252434531654,0.92159408475868665,-12.957099155971347,15.042870080100901,-3.2173690293644479,,0.08663938282083204,0.5,0,1
0.74908972861467427,-0.60242469538427612,-0.27558857899984884,0.65494138771492849,0.73598753679710793,0.17138881042054463,0.099580907517643868,-0.30887996385406385,0.94587357019184892,8.6640256288071456,6.284170193954127,0.58658324949511975,,0.2203141842930162,0.2,0,3
-0.96646866460098591,0.208324954921703,-0.15013005528959589,-0.19842598025631736,-0.97698212326226808,-0.078313863301906678,-0.16298911222442519,-0.045898191498364771,0.98555969140051236,0.97326849761309597,10.634398395321877,-0.80488356350164481,,0.07561097996082038,0.375,0,3
0.84619720624154116,-0.50270248031219877,-0.17674983574808512,0.51792625948805426,0.85390604129969716,0.050959418801563398,0.12531032631720507,-0.13466509911570923,0.98293572180404187,-7.8443769787984543,-13.389714288321535,-2.7532884594197471,,0.1790624648595694,0.45,0,4
-0.20103177018190901,-0.94362005768814783,-0.26299698497538893,0.97872857501238486,-0.20470410463161082,-0.013660380712015167,-0.04094635309468634,-0.26014883485341128,0.9646999429318206,17.013457738147288,1.1082043693311456,1.9600158704570794,,0.2010878435800711,0.4722222222222222,0,2
0.73411390737845583,0.66776539667098989,-0.12315090743625021,-0.66734399085366225,0.74301619328770541,0.050783209663771693,0.12541438858856369,0.044903357570266353,0.9910877456683006,-23.333994304979143,-0.94521163582989687,-4.9273337267873538,,0.143463096591267,0.3823529411764706,0,3
-0.1038693390951977,-0.94211221643811216,-0.31880359476328651,0.9929369926071242,-0.11670306991582011,0.021366379771557222,-0.057334885612914839,-0.3143325708708693,0.94757994163102854,-6.8943605076330057,-31.63585234954337,-2.4886013762610291,,0.4284093667832415,0.7272727272727273,0,2
-0.98390502859052542,0.096245345481556735,-0.1505580558701925,-0.08316791249544668,-0.99238283925810133,-0.090881233910953985,-0.15815812671319157,-0.076896903833402738,0.98441499030409363,-2.507485221274349,7.9930290712570571,-1.4892532494816439,0.7480387494342955,0.3604788295395543,0.2173913043478261,1,5
0.58416459361515771,-0.77658149381203645,-0.23595107763073622,0.80536430731053232,0.59068448602652723,0.049801310000898984,0.10069786530342212,-0.21911873821342895,0.97048797956857291,-2.4184010674043255,9.1199109552341735,-1.432549775310443,0.2486547140810478,0.2358710753307831,0.3384615384615385,1,5
0.92215594485779884,0.37007628169236179,-0.11256979653608504,-0.35500093292882123,0.92525730088937752,0.13369093002358109,0.15363186838376511,-0.083321503104895556,0.98460894579383851,-7.1048866761503984,11.17207623179903,-2.2212240136924084,,0.07363516111682321,0.1428571428571428,0,2
-0.030832493750709202,-0.96761298307406829,-0.25054834327054598,0.99941014609573298,-0.033637443457202099,0.0069197022023188655,-0.0151233994200286,-0.2501872046771505,0.96807935904336673,22.149144479940098,-6.1226541145947824,2.7486930178284452,,0.6446483257039758,0.9591836734693877,1,4
0.98370919071833074,0.087833228915726341,-0.15684881891338676,-0.063400606441219767,0.98595751451214186,0.1544931800434079,0.16821590649867901,-0.14203205087330434,0.97546414866234354,-3.7335988575972658,-14.500288263467571,-2.0745695514679112,,0.08401232870333065,0.4137931034482759,0,7
-0.34475950378884679,-0.92360332946111123,-0.16762390747031697,0.9364973204000886,-0.35062663201421834,0.0058080810788943118,-0.064137769143627094,-0.1549769490302193,0.98583390682130778,0.29225498092067181,11.315631081594635,-0.92379656981426672,,0.07087261035552556,0.2,0,1
0.93925324544429156,-0.26763209251653175,-0.21488695627605731,0.3027443850159165,0.9409826727383771,0.15131902374610628,0.16170707549053001,-0.20718270357672919,0.96484514253580467,-5.6575530838210311,-21.909399461302215,-2.3919826328045062,,0.5189676538402908,0.4390243902439024,0,4
-0.80676061771250573,0.58973759374201273,-0.036699812472499468,-0.57703097566312467,-0.79970047696235436,-0.16587465228733725,-0.12717137584141416,-0.11264420834451923,0.9854637098813116,-16.509098844290676,10.998892345431461,-3.852222228635807,,0.3258888014677317,0.3888888888888889,0,1
-0.92776401199909486,-0.29682619432066498,-0.22615956403489745,0.3396592858231508,-0.92270119663415562,-0.18235698858010707,-0.15454936943724859,-0.24600144734332155,0.95686873724223043,-13.626997167200059,-10.773423139305129,-3.5658338572468926,,0.2792833064776719,0.3243243243243243,0,1
-0.6603496853402826,-0.64105636978859071,-0.39113300017316854,0.7425162655497145,-0.63524914088816264,-0.21243381179783416,-0.11228485412154252,-0.43070321539817336,0.89548135200046419,-14.824243672401233,-1.7525133723755646,-3.6093341387414322,,0.4016297651085684,0.3623188405797101,0,2
0.64702134068201533,-0.68804922813449965,-0.32855995551127032,0.75444368901523529,0.64008710644570865,0.14526946088921744,0.11035445078079885,-0.34187242624329922,0.93324441566365102,5.1352918145360364,8.9399302026602143,-0.0068071014523296653,,0.6068132749294873,0.6363636363636364,0,4
0.25103615030647219,0.96793984308994407,-0.0085622075612261928,-0.96673369108043794,0.25115202499261197,0.048462675040733039,0.049059369842055042,-0.0038885088563181485,0.99878829474998143,-34.844463500236031,3.5659646340465048,-6.6669459114714105,,0.5575971258901746,0.59375,0,1
-0.37162246875711591,-0.86763347589285744,-0.33031635173715801,0.92419936439896544,-0.37948270077651325,-0.042993193134640999,-0.08804700766871984,-0.32125539889851323,0.94289060506462929,8.367263071028253,-11.868266508859405,-0.032242133818495208,,0.4970414082250907,0.6206896551724138,0,3
-0.35882644122601065,0.93264702765441032,0.037591313949778958,-0.93176400061957287,-0.35551872291958009,-0.073636165048433178,-0.055312134531996397,-0.061448836124252768,0.99657644378767551,-10.706107104886829,-0.076750115675265726,-2.9707834070966199,,0.08103691658925313,0.3128834355828221,0,5
0.1239503638542889,-0.94870239213335272,-0.29086092632191762,0.99106745357007109,0.13289661727147051,-0.011126166992052511,0.049209854445264642,-0.28688370514592648,0.95670064803323984,-12.126386147096463,14.533130542483336,-3.0941872314420027,,0.2997705297865493,0.4444444444444444,0,4
-0.92352647433687773,0.35632684350950744,-0.14188034322430768,-0.35378005479567959,-0.93430918907882099,-0.043657897700667955,-0.14811658930606764,0.0098752112598674141,0.98892060155247596,-17.044343302957067,4.402707166370865,-3.9474666574593074,,0.06686091224356139,0.1739130434782609,0,1
0.85945239845208776,0.50183745245296663,-0.097471770838894578,-0.49462452945827579,0.86448507332933233,0.089510518091215019,0.12918262132784222,-0.028718100673530592,0.99120488348301217,2.757316306431973,-7.3147845898998707,-0.80972730360348166,0.2897561214638082,0.1425860055965613,0.1904761904761905,1,5
-0.56635786772672159,-0.73789059997564144,-0.36709158003368719,0.82106031783637734,-0.54375832100572519,-0.17374361228966412,-0.071405322900101056,-0.39980539116502972,0.91381449378794033,-9.3022014725911202,-8.7886937914761667,-2.8818653503168874,,0.6173329636990788,0.4022988505747127,0,4
-0.3837206049965019,0.92297696082080261,0.029530104895058047,-0.92180222880253493,-0.38093128822683991,-0.071916650537402718,-0.055128470646275525,-0.054816817162571384,0.99697340399850576,-9.0415987358182726,10.273965934770644,-2.5881230181774364,,0.4182148544368819,0.2424242424242424,0,1
0.88393831722197624,-0.43258970470779617,-0.17753647154205482,0.44800675108834609,0.89224123524948107,0.056529011133623894,0.13395149243679919,-0.12950569679092239,0.98248932420289048,-12.905457544707,5.3890440315477797,-3.2896187817430924,0.1302437701517243,0.1064411589557795,0.1875,1,5
-0.50782826553627558,-0.83751932252500227,-0.20167259883206803,0.85870293561264044,-0.5108462776775059,-0.040808687227978757,-0.068845632342599328,-0.19390065750352389,0.97860248003315919,-7.2365870108147643,-2.6921692425876529,-2.4276324113575751,0.7046727236674686,0.7230124518884956,0.8677685950413223,1,4
0.46360476271825818,0.88604154591211626,0.0010014502556698595,-0.88236806663695977,0.46157927160047546,0.091494103679570268,0.080605328386533712,-0.043300749952415368,0.99580511451250209,-14.6258146690434,-15.24603756739446,-3.8385485701984932,,0.1386602637201599,0.391304347826087,0,2
0.8351956997318627,-0.51313830765464175,-0.19783129268833,0.53468333849397898,0.8418276608618851,0.07375579261821448,0.12869293176526242,-0.16737761685822347,0.97745734571311316,-0.94989514376480488,-2.8695856467098912,-1.3610934766263094,,0.06774365947506839,0.2424242424242424,0,5
0.70755777586438684,-0.68214664124889623,-0.18449377671534437,0.69818541922180055,0.7151325898096611,0.033503721856015543,0.10908306101279136,-0.15251668375943739,0.98226246338496659,-22.14155904840807,-0.44115459354220687,-4.7472922778403825,0.5348225684182347,0.4614279978814999,0.967479674796748,1,5
-0.22520400504684643,0.96945435219052956,-0.097166944634994298,-0.9738443274115679,-0.22706221797098353,-0.0083651143690939324,-0.030172538493975228,0.092741620586108214,0.99523294244708926,0.77572991165826022,18.704986962228272,-0.72855689458481543,,0.1602669393887937,0.1428571428571428,0,5
-0.74869354520349418,0.66286724379314743,0.0080617911594235165,-0.65383337048095469,-0.73637455558896092,-0.17393802783369042,-0.1093613232186627,-0.13549734679038927,0.98472360081224164,-16.89061789694248,-13.866274677693516,-4.14374021672662,,0.1723310625873059,0.1176470588235294,0,3
0.94614486846010049,0.30133737298971469,-0.11834557670769175,-0.2745665161382182,0.94057297102704196,0.19983922134827206,0.17153167667326083,-0.1565831210987306,0.97265544263353576,-17.631075734887606,-4.4632849430482917,-4.0662167987423405,,0.3761171512108026,0.2,0,5
0.97564460268069808,-0.11273176671465432,-0.18817321284766877,0.15068053974962739,0.9678433961757178,0.20143121759005508,0.15941450436137319,-0.22487932153144694,0.96125766917448963,-12.025392771961608,18.448652909393736,-3.0304204029084971,,0.3801802057949801,0.1818181818181818,0,3
0.75703315541295513,-0.55595049365206173,-0.34324896243621017,0.64183963476391082,0.73106396397828011,0.2314894464516577,0.12224027508000583,-0.39555597477524501,0.91027072125163488,-18.831592380505928,1.2982394285173675,-4.2134228596193806,0.6516181309356639,0.5672103690164667,0.1188118811881188,1,2
0.79370470906369184,0.59334361090634102,-0.13407533034359928,-0.59155430660596275,0.80423426764450034,0.057190428239811499,0.1417615503091687,0.033920526867065766,0.98931949374860806,-19.963757114094889,16.178693004894196,-4.3431870845951916,0.6611232024345015,0.6255224517440374,0.7303370786516854,1,5
-0.80456206425525678,-0.52412828781983178,-0.27923005330438511,0.56750251396501961,-0.81709834340569054,-0.10144552157220633,-0.17498794645546559,-0.2400829754704108,0.95485045084796993,12.270235535753645,3.1317684498462182,1.1822306871993451,,0.1907100065538732,0.5,0,9
0.7680228787071357,0.62287685663383086,-0.14888008346439233,-0.62674037768815949,0.77881929730730115,0.025238881058133707,0.13167139688523569,0.073925121655103038,0.98853311509052189,0.82238763943909399,-10.527837273636777,-1.2483940464762802,0.1819912088777035,0.162022526238096,0.8,1,3
-0.54418062740602091,-0.8174517111506272,-0.18878597589042712,0.83392687184842151,-0.55166933868542312,-0.015063637127002536,-0.091833638526933783,-0.16563103782594429,0.98190271521348027,-13.667644872883328,-15.02113905065535,-3.6915629543566357,0.2036487667117778,0.2072929893053176,0.7261904761904762,1,3
-0.84381489192530801,-0.48500636868850416,-0.22966334164744537,0.51687816338293147,-0.84961280456383326,-0.10485726745945992,-0.14426847328147596,-0.20718809003600561,0.96760513793812808,-11.893358326894678,12.470440806633951,-3.0565286036096357,,0.1694716612735096,0.2916666666666667,0,2
0.84162528156483229,-0.51243268041350121,-0.17052751530223056,0.52341002969989225,0.85174978389278111,0.02375387227716157,0.13307451386526187,-0.10924767129251044,0.98506655616597261,-2.4986936486788776,2.1524995977409298,-1.5617734344277816,,0.06633337778303308,0.1565217391304348,0,5
-0.98288319143507508,-0.055688601961210123,-0.17561153608464455,0.08488210911415317,-0.98290369402792321,-0.16338713480135642,-0.16351042641597963,-0.17549674606063081,0.97080648564757543,-6.2477070978422251,-12.103938778218662,-2.4405056427783864,,0.322458664853787,0.2352941176470588,0,4
-0.7513677407199052,0.65344967507664475,-0.091924101016499005,-0.65136247113055079,-0.75674826240605519,-0.055308214110720115,-0.10570453825719398,0.018319101714936618,0.99422882733513107,5.007942659694204,13.010028454633055,-0.034818003073664637,0.2507119808355962,0.1636666148953484,0.2631578947368421,1,5
-0.20719364228712533,0.97198314804592512,-0.11099348859518331,-0.97764880543935473,-0.20985756444562198,-0.012752092689251244,-0.035687642382179939,0.10587049900555856,0.9937393167332752,-10.624208697204043,-15.260102299785553,-3.2405553036413415,0.359891438701333,0.1651151435134246,0.391304347826087,1,2
0.68453761446558892,0.71353215562893801,-0.14926525806523933,-0.71944751870395429,0.69427523959926585,0.01942059499875412,0.11748839182014785,0.094094391771792338,0.98860645518052948,-8.4530827576147676,5.4920499075918299,-2.531436558901738,0.4289009261918404,0.4048595366558446,0.9593657086223984,1,5
-0.07028373752548199,-0.94090823017774217,-0.33128824099753157,0.99752514332503539,-0.065646669088915297,-0.025181407266044523,0.0019454238142651078,-0.33223819350177047,0.94319351042342481,-17.641661109135057,-16.021206620191684,-4.2675406947801875,,0.2824490257726057,0.2692307692307692,0,3
-0.90347897369915819,0.40179823712680535,-0.14927799812867767,-0.40300885697120431,-0.9148967486439149,-0.023405138827925467,-0.1459780986527684,0.039014304589247574,0.98851822378302068,-16.353692233873346,12.022527813609683,-3.7870887769728525,,0.08157116092004887,0.3414634146341464,0,4
0.91223748133601723,-0.35181682537849318,-0.20987543692942792,0.38275041959987388,0.91458571247381482,0.13051854594227119,0.14603045552842714,-0.1993938211664622,0.96897740434893365,-6.189837288705081,17.621830021875532,-2.0325692086838827,,0.1851517189455534,0.3076923076923077,0,1
-0.983816395438177,-0.021222016754022219,-0.1779183129189443,0.03960356752917276,-0.99415772488257881,-0.10040904090397465,-0.17474798283812501,-0.10583026061191481,0.97890913696462123,-8.7589681671401003,-6.7644268671239294,-2.7372235296543681,,0.1097361613026951,0.4315789473684211,0,5
-0.85514333244098861,0.51839160331402212,-0.00016308046389566672,-0.50056292259659629,-0.82581469709354249,-0.2597438095236414,-0.13478368411374639,-0.22203655482333828,0.96567754805572015,9.1838984168855955,15.59997486630694,0.76607646750877267,,0.4940615568581203,0.4473684210526316,0,2
-0.024302916129914753,-0.96475933329655117,-0.26200915458200541,0.9996321240787287,-0.026608397936454246,0.0052544903753666038,-0.01204096247946379,-0.2617850682839839,0.96505108323141053,-3.8458934647732144,14.609802328226952,-1.6510945837002418,,0.8820762630587872,0.5666666666666667,0,2
-0.42391105556761977,-0.88728035133062266,-0.18174981460830372,0.90257493447287351,-0.43051927158130726,-0.0034123977476489607,-0.075219044322790751,-0.16548938014176912,0.98333888381954004,2.1120692260738494,8.1658747546691437,-0.58496912779103527,0.4864539940323861,0.4589618327164889,0.9767441860465116,1,5
0.076606114816422807,0.98750095684016326,0.13774383257516776,-0.99687903677126166,0.07321531628334732,0.029524625442698266,0.019070637606940586,-0.13957570598529034,0.99002774359104362,-8.8392160566643359,14.437148923345095,-2.5354569244535683,,0.3409706925680798,0.3214285714285715,0,2
-0.89045512273624239,0.43049027886892283,-0.14753912766496707,-0.43253064670613656,-0.90140537796233333,-0.019636299054386058,-0.14144579899294887,0.046329951218828547,0.98886127518843947,-12.01719526113301,-2.422882298255983,-3.1603865729391156,0.1370178342447894,0.1070167103004199,0.5446428571428571,1,5
-0.97647636555065809,0.1540576084500655,-0.15086471025267412,-0.14656615116404861,-0.98740107589564663,-0.059644602883044531,-0.15815268209529118,-0.036129885119733821,0.98675344465945503,10.626709647592577,-15.180384254246569,0.29344172570013854,0.2556895062616493,0.2425293233538788,0.5909090909090909,1,5
-0.12696511703258118,0.98988151122282786,-0.063359709564611441,-0.99188758871556459,-0.12710482160462333,0.0018373015208520591,-0.006234613775097677,0.063078982744380077,0.99798906383136687,-4.1933989776864307,-5.7976763264230256,-1.9728227336457047,,0.1363554158807045,0.2659574468085106,0,5
-0.98780814421263052,0.063216285018373702,-0.14226303643488999,-0.053412925137522813,-0.99599451294370411,-0.071707667750995088,-0.14622629604641038,-0.06323473329199289,0.98722805817604187,-15.906706104077628,-9.9738087472703576,-3.9240334096148746,0.9497272687003242,0.7768148760041755,0.993006993006993,1,5
-0.8420184662072977,0.52257057634642157,-0.13388388739081991,-0.52321695115717071,-0.85155432997844915,-0.033154865657222483,-0.13133516127718275,0.042133310241691292,0.99044225454105761,-12.072646674203394,4.2192924578104893,-3.1460216606200868,0.2130535061777883,0.1304741160005996,0.7275862068965517,1,5
0.13649041328255188,0.99064105317964291,0.00081904644903663571,-0.99030853095704008,0.1364230740772884,0.026033792904825079,0.025678407187106952,-0.0043644718386229749,0.99966072784215276,-1.5136031643062919,1.3409832509012114,-1.3825634479349989,,0.2665392642180407,0.1518987341772152,0,3
0.98643220537747411,-0.017983195226056434,-0.16318121486125492,0.031745829054812207,0.99611604840449741,0.082128073450142447,0.16107050174304463,-0.086194099568769111,0.98317184188104867,1.0270129990032042,22.536670665670734,-0.53578855636850331,,0.1650267322652134,0.2777777777777778,0,1
0.95155714185888784,0.26920773045055346,-0.14854697453332671,-0.2463906222970848,0.95663633847427831,0.15536594592953609,0.18393114750198747,-0.11123899395529636,0.97662440026983455,19.127288880222366,1.0591685960851529,2.3462823927642042,0.5026788803669638,0.3474774219907154,0.7307692307692307,1,7
0.81073642467088491,-0.51519242963105782,-0.27799857942571676,0.57127567824498771,0.79998759727447499,0.18347736550523083,0.12786926588355102,-0.30756561033031371,0.9428959890595261,-18.021702016308566,6.9643173917036947,-4.1043485518093359,,0.222960294090186,0.4545454545454545,0,1
0.29003615325340432,-0.91115005404100702,-0.29271933456305527,0.95552232553443761,0.2927856005406167,0.035407308868800016,0.053442634770640089,-0.28996925895194547,0.95554262785687993,-8.7082602745896782,19.076759903698687,-2.4228240369366896,,0.1481721374315001,0.3,0,3
-0.58031673968116593,-0.79269283208196151,-0.18673659419541297,0.80778110192458397,-0.58942518832277169,-0.0082242777294397884,-0.103547926195206,-0.15561497786699541,0.98237559296031374,-15.608076583572235,10.282611486272442,-3.6891195613412147,0.4487362816818192,0.4402250612828555,0.9777777777777777,1,5
0.97806006376976196,0.1441519888455039,-0.15039519862872661,-0.13228380996160119,0.98745754239405126,0.086189300908768696,0.16093323236899021,-0.064403463268561806,0.98486176118188429,4.4843852615646647,7.0187515570998436,-0.17017296368223583,,0.0751202471705249,0.34375,0,5
-0.69066630274760221,0.71134881404336359,-0.13024178672015099,-0.71520798443774192,-0.6985469313380569,-0.022577061692925119,-0.10704016650519331,0.077556750043332373,0.99122517788707143,-25.467207418325575,5.485988333401405,-5.2253710655081038,,0.1450349172396886,0.2307692307692308,0,1
0.60329705517719789,0.79667227070112856,-0.036687277228323247,-0.79273094547678713,0.60407399773925818,0.081683862168663413,0.087237098175028796,-0.020196493537677097,0.99598282633325674,-29.521999963487591,3.3544024368942611,-5.8549457517069934,,0.4487453480678506,0.6842105263157895,0,2
