axis_00,axis_01,axis_02,axis_10,axis_11,axis_12,axis_20,axis_21,axis_22,location_x,location_y,location_z,dbh,dbh_approximation,score,reconstructed,number_clusters
0.51380339610980386,0.85788463917427094,0.0063258212797805803,-0.85591285331383493,0.51209200964275092,0.071937203116465648,0.058474419006971631,-0.042375931009011172,0.99738910300489947,3.1922751680748944,-5.1420083805059278,-1.2452782584892623,0.5899346695322747,0.2321140855007712,0.7540983606557377,1,5
-0.98865026974451664,0.14993277961877052,-0.0095292040529528863,-0.14980885202359337,-0.98863455841020742,-0.012610224915793548,-0.011311586514134643,-0.011039543144666847,0.9998750804463975,0.53685342247031165,13.206173488768551,-2.2616827704468916,0.6052935409976649,0.5590163670590815,0.6115107913669064,1,5
-0.50242402610618098,0.84654915436590283,0.17585399407926253,-0.86327706596003806,-0.50249481579577271,-0.047451738490801754,0.048195491269229847,-0.17565161354438608,0.98327193862154438,-5.0588571511646965,-17.519779106042098,-1.0343672821148078,,0.2378351498267354,0.5,0,3
0.99975759104838302,0.019993471809155297,-0.0092206413088967275,-0.019072873003090244,0.99567206201055924,0.090958069719217507,0.010999302547835328,-0.090760156548204282,0.99581203513856131,-7.2837241169940317,-8.7493801083123106,-1.6546881384906487,,0.07252483360151818,0.2087912087912088,1,4
0.68191953763161961,-0.72952006613527898,-0.052784631307386559,0.73031273268104324,0.67512287830700224,0.10417490902523735,-0.04036157430311111,-0.1095881941289647,0.9931572740645499,-8.6427863951737365,12.081136580003877,-2.75059710604283,,0.08492584249666178,0.4117647058823529,0,4
-0.40980651854500727,-0.89120802949835221,-0.19443987635175253,0.91014273996066863,-0.41370925248819279,-0.022019248455556067,-0.060817844872269475,-0.18599167337094666,0.9806672662946222,-14.418494831445074,12.859153937442688,-3.2295644870329858,,0.6709562308624117,0.25,0,1
-0.69165765979021954,-0.71528131531296824,-0.099911568988119093,0.72046799703317344,-0.69298552119888579,-0.026399482186522445,-0.050354214367073095,-0.090242492058115589,0.99464604041971472,2.35645941586924,13.72300609917114,-2.1843609205226189,0.750856320607287,0.6187895837759283,0.972972972972973,1,7
-0.81078065684955558,0.58533714358336231,0.0038929192481758843,-0.58472753203367944,-0.81020707727305274,0.040721066028038225,0.026989623198645979,0.030739555597434673,0.99916296967074769,-10.437223658275373,8.6869743485746014,-2.7241943003731133,,0.06689571872101653,0.2424242424242424,0,2
0.96691677971916468,0.25429394356014712,0.020162622997714905,-0.25373737600093749,0.95063809250384157,0.17861847916947426,0.02625423999429987,-0.17782521572961926,0.98371180105406664,11.255896549673905,1.4902984601540772,-1.1710801166566376,,0.630044518867813,0.3478260869565217,1,1
0.02980118304566046,-0.98803142695996271,-0.15134658512347596,0.99859001235294265,0.022774505004470539,0.047951112090858811,-0.04393036214314424,-0.15256218817669021,0.9873170220454579,-23.140224630783187,-8.1531569293674657,-2.7167506815659737,,0.2208773370764832,0.2142857142857143,0,2
-0.10322157423535126,-0.99168649414326226,-0.076832310561512893,0.99023223220837742,-0.10973430578813237,0.086014582652073471,-0.093730640176996449,-0.067203269764510465,0.99332687853745738,1.5103181651087592,-16.885450842875972,-0.74205463232918589,,0.1504109079243836,0.2068965517241379,0,5
0.97287439386876273,-0.2302480748515135,0.022388340306035225,0.22259438910276774,0.95807587564383156,0.18039499563255779,-0.062985329200160409,-0.17051815309953594,0.98333941636093791,-21.65642053147236,6.4565212569761501,-3.3805615065838275,,0.5573557370111355,0.64,0,2
0.6643443138581443,-0.74631865106199613,-0.040682965985207299,0.74612792244032711,0.65899941369963166,0.094936273881077185,-0.044042661127964101,-0.093425070621026327,0.99465169792255592,-5.9153156992427638,17.888501165255782,-2.8157954535607317,,0.3927584443075413,0.6486486486486487,0,2
0.28501120644595629,0.95754773314883079,0.043254490423049262,-0.95611036482448275,0.28080334265925377,0.083680661007105223,0.067982221759934389,-0.065205992768508816,0.9955534119431555,-19.113724957973751,-11.936928536015401,-2.2351692099666445,,0.2585115129080106,0.5555555555555556,1,2
0.4260420561227195,-0.85609313622379379,-0.29256231562734336,0.90241084428956075,0.37912227087561334,0.20474611555465391,-0.064364854721556619,-0.35124186230662463,0.93406976165597311,-20.914937909117498,-11.776438889452221,-2.363188690418454,,0.2948778473245691,0.1904761904761905,0,2
0.98193750079725173,-0.1779643045302122,-0.064245239832419546,0.18920289135463791,0.9217807226127005,0.33841182798869901,-0.001005202015652672,-0.34445464974751849,0.93880242002043346,-11.466793116260222,8.8582718592219045,-2.7814193487219749,,0.3596571354744483,0.1481481481481481,0,1
-0.98816110127278656,-0.15337722805817069,-0.0036143940773673243,0.15341763117396975,-0.98774727249869021,-0.028606924273102824,0.00081754285662351549,-0.0288227615712154,0.99958420357621081,3.7565181948766209,10.079137670695696,-1.888516957712107,,0.1080350119819119,0.2916666666666667,0,5
-0.028334416936750668,-0.95084195555232187,-0.30837758734754117,0.99792945176211445,-0.044727566521635287,0.046219628934233432,-0.057740541412597768,-0.30642947044057095,0.95014052093513568,0.10091489146180417,-19.772704850520995,-0.67154094412970755,,0.3895292951863603,0.1304347826086956,0,4
0.94183468284395633,0.33607619119729831,0.00047318341221411117,-0.33490082614449834,0.9384212605684602,0.084893900610325396,0.0280867733988301,-0.080114489472380535,0.99638988440099263,5.4146831960554618,-6.8118779739838153,-1.0589134438213881,,0.07676031126392122,0.4411764705882353,0,5
-0.81964893660809857,-0.56311698321086889,-0.10523727446443072,0.57046585597361354,-0.81912303165353839,-0.060051362873858198,-0.052386333003031818,-0.10925530757910659,0.99263233368669257,-3.5305201092774379,-10.793479412155714,-1.2321994138930408,,0.2374045549235753,0.1923076923076923,0,5
0.18642873054473141,-0.9696407309132058,-0.1582440563862812,0.98216992287515026,0.1799681316110617,0.054348083718250895,-0.024219228453902366,-0.1655545969114971,0.98590319221238465,9.050009691390855,2.4236766677034836,-1.3168446193264416,,0.2235250271854788,0.2647058823529412,1,4
0.28568439330476653,-0.95692016812445091,-0.051848040066710219,0.95675121867789581,0.28169972566666829,0.072611088118027967,-0.054877435986455968,-0.070349530176083155,0.99601175225172722,2.357738415579024,-12.224820512758951,-0.9183998584234182,,0.3434243180401077,0.5303030303030303,1,5
0.7590976523143389,0.64131717214335493,0.11172752107207067,-0.64916980381114386,0.73297877147671042,0.20327490347874669,0.048469785131158627,-0.22683563493980197,0.9727262074452383,-21.463504115324046,-16.718342505015841,-2.0405175094141228,,0.2517427061249254,0.1714285714285714,0,1
-0.63408065553121995,0.7722210052878391,0.040204990652116412,-0.77186660327457646,-0.63520393924427743,0.027164357491377123,0.046515255889493186,-0.013808495964118381,0.99882213452082813,-8.0113718783433523,18.119981980974821,-2.9213786965998239,,0.1234641978554664,0.6666666666666666,0,5
-0.57169145410866506,0.81983623207612666,0.032209220331130606,-0.81949491546878817,-0.57248483795023908,0.026252501554949324,0.039962042239153152,-0.011386961504636469,0.99913631316641083,-3.5536593610086804,9.5679437981113065,-2.3087929461485941,,0.1644493632057095,0.6829268292682927,0,4
0.99172014766340322,-0.1266227522000917,-0.021396900330480195,0.12830091582536832,0.96985725063770578,0.20716126178376768,-0.005479390189615802,-0.20819123903455977,0.97807279088644805,-9.3922026300589483,9.9938627540792755,-2.67827984765704,0.2576982274332807,0.1961265824355183,0.5662650602409639,1,4
-0.9825686525779983,0.18588248381058109,-0.0025583556171905409,-0.18422924377177385,-0.97548621378978695,-0.12035876555259625,-0.024868226923833052,-0.1177894261743115,0.99272716411468753,-1.7022421980706564,-9.9159286870358088,-1.1928352260318451,0.4666136784474128,0.3557906932548315,0.6496350364963503,1,5
-0.93493892096960118,-0.35475972878619799,-0.0058948187200630565,0.35470083279371484,-0.93493532403590518,0.0091246416545530118,-0.008748329648815549,0.0064400855135677204,0.99994099427262972,-18.030049437644976,-2.5631010071074329,-2.7434272004825018,0.2340625875845316,0.1347532364952834,0.2352941176470588,1,5
-0.013910694017862581,-0.96960315287016297,-0.24428716408395587,0.99837232623528693,-0.026982631633441188,0.050245754026354436,-0.05530995208354731,-0.24319059096596277,0.96840030238850228,6.8508941003062365,-11.069783432303414,-0.76595263033709293,,0.2735831011954963,0.2424242424242424,0,5
0.97338726017089894,-0.22890165702302512,-0.011012408869249223,0.22848085220378003,0.96563998711888244,0.12383826328432956,-0.017712761309987016,-0.12305871236591856,0.99224130704058944,7.6823420542646845,3.0197824567077634,-1.4068963260489598,,0.335305392882807,0.5170068027210885,1,5
0.74481393259718021,-0.65704514043713869,-0.11637821633391132,0.66552028301659416,0.7188428037529293,0.20086755931742481,-0.048321410395748929,-0.22706102025791969,0.97268100340080521,-6.8838276611994305,-18.850831685927272,-1.065169447594229,,0.2256036143549006,0.2758620689655172,0,6
-0.99323623330761812,0.11609594154151949,0.0018754206149173708,-0.11609081060015947,-0.99323507926241705,0.0026459434571698931,0.0021699168400335814,0.0024103278135423583,0.99999474087654028,-19.364499353496235,0.61324010462097389,-2.9956058549483555,,0.2118725114247713,0.2222222222222222,0,5
-0.18884292829962826,0.98111735302228176,0.041798182134766798,-0.97974817320241037,-0.19112324466276481,0.059711158556129483,0.066572258019085423,-0.029675662555816509,0.99734020750900843,0.19456055747472636,-8.4393422782864089,-1.1715862665421022,0.6028647765793893,0.1667372862623152,0.4262295081967213,1,5
-0.71029859069560808,0.70380626671178259,0.011517421284965594,-0.70299068735590065,-0.71011719030151588,0.03921312955068107,0.035777165157548974,0.019756390750927631,0.99916449070099833,-24.662549175932512,-14.246418713905411,-2.3239135331453959,,0.1323812012185298,0.5185185185185185,0,1
-0.89202594878432295,0.44535688080765357,0.077116505449261061,-0.4519346294377824,-0.87632352032736338,-0.16676983670913539,-0.0066930867589414782,-0.18361464113282158,0.98297551655740778,-5.5111568795825203,13.266680783909402,-2.6071886574430483,,0.6395849037100849,0.668918918918919,0,5
0.92407873527818229,0.3821811451523065,-0.0040079042836252323,-0.3804673907401121,0.92083185207649798,0.085517628503003845,0.036373831116423498,-0.077500145105918211,0.99632859635688253,-4.7624202215442635,-3.3746064796270985,-1.7184920954487881,0.1250617829155075,0.09828019275712999,0.5426008968609866,1,5
-0.84778912695183906,-0.52892672226804671,-0.038602055554324076,0.52868542392994144,-0.84864660762379229,0.017048691816306607,-0.04177701217483943,-0.0059546485546874434,0.9991092149581714,-1.5132336128394277,-2.2859408629293978,-1.5884983065702061,0.4879435345274385,0.4702207878776563,0.8608414239482201,1,5
-0.9700475636099577,-0.23640456925578252,-0.05586236630659832,0.24074696726652661,-0.96627924062279635,-0.091352760732239843,-0.032382434842900598,-0.10206521824999798,0.99425050622930289,-19.15662959104387,9.9375811730710328,-3.4687875540191788,,0.5547978631791479,0.2105263157894737,0,3
-0.99993235696076388,0.010936284771302896,-0.0039596942167652435,-0.010369013359872307,-0.99241547583622813,-0.12249084407699039,-0.0052692565730002904,-0.12244150030178391,0.99246174432015966,8.4597330639179624,6.7498421594675575,-1.5515788442390757,,0.2894811180789444,0.3043478260869565,1,5
0.90755398065303228,-0.40591257782056961,-0.10761389951067403,0.41948992330302975,0.86451626129051218,0.27683901136128092,-0.019338470675094685,-0.29638929321305346,0.95487141041116808,10.885219301667291,7.489063237813645,-1.4876718853003672,,0.6310772026722303,0.125,0,4
-0.2315380370663172,-0.95964264761605933,-0.15961242516770355,0.96945103489936624,-0.24126256213837413,0.044238750468049759,-0.080961894271465148,-0.14449347731598911,0.98618801792006661,-9.5784679618180686,6.3582985869024036,-2.5505056378870061,0.1997555561155636,0.2071387718924482,0.2222222222222222,1,3
-0.74079510512527369,-0.66713472144760866,-0.078446642129897728,0.66979789288603775,-0.742462421518159,-0.010969745613073843,-0.050925385691803181,-0.060669729457225138,0.99685795829683199,9.1817442451019247,0.5597979611703412,-1.2170615900524315,,0.0768823734638405,0.2857142857142857,0,4
-0.95921017210309634,-0.27646989278811707,-0.058993593852855644,0.2792075097057915,-0.95919528282487088,-0.044582237835340884,-0.044260730425954395,-0.059235190455029181,0.99726234259291979,4.0970823725746515,5.7852572082849258,-1.7035220043311943,,0.297653936733517,0.5275590551181102,1,3
-0.67071613239165306,-0.7409250109877128,-0.034205231214515686,0.74008838655566467,-0.67158566834786881,0.035240178137713213,-0.049082072440088075,-0.00167873839599449,0.99879333798458125,-8.0827644769944236,0.94994545965222366,-2.2212397357914169,0.1500882814256154,0.1187222252896585,0.507380073800738,1,5
-0.34058533049382717,0.93592751949074049,0.089673356758403391,-0.93714569559756788,-0.34562495584783581,0.047972232782433288,0.075891882802845576,-0.067698361539190927,0.99481523609640587,-9.1842113821198019,16.770152096617579,-2.9518399454811424,0.360149356249746,0.2329120090694697,0.425531914893617,1,5
-0.96219521676930819,-0.268114439064085,-0.047906287600002657,0.27099198636468019,-0.96004570166741976,-0.069825454069672749,-0.027271013042940419,-0.080167937950666485,0.99640824643935433,-1.1333621986411369,3.3815646881342127,-1.8386970223269392,,0.8200978175585337,0.7624434389140271,0,1
0.97988031839576317,-0.19844961931421212,-0.021267586009287184,0.19957823364008542,0.97520205989724595,0.095652867334295483,0.0017579185764949399,-0.09797290934851928,0.99518752944159516,3.7914639966184964,-7.5335373765628688,-1.0737982282750957,0.2075925463952508,0.151734788422544,0.5316455696202531,1,5
-0.71639067377444587,-0.68337297503887717,-0.1406619334273134,0.69623141553937518,-0.71327537168383692,-0.080622950611614383,-0.045235147231262672,-0.155690786932942,0.98676955785997378,1.2747580175199775,11.494401551140815,-2.1265748110515799,,0.5105367009699793,0.82,0,2
0.90665198839796868,-0.41465195430973739,-0.07775557035431474,0.42128300445675038,0.88006406963184625,0.21910696816606914,-0.022423248870378391,-0.23141086865173102,0.97259765976479118,10.538329973247695,-0.048486907851538669,-1.1353833464781529,,0.2068788440875341,0.1538461538461539,0,3
-0.17290592519511611,0.98035818768847593,0.094875523000346018,-0.98349772634388666,-0.17705815573170688,0.037183756739917029,0.053251885495516585,-0.086880569295181939,0.99479445282436041,4.0093165070289762,7.5065351806583847,-1.7931027449599877,,0.2044945699884411,0.1111111111111111,1,5
-0.090783984539511364,0.98049735840633467,0.17430776892992728,-0.99519317936091267,-0.095776588847378288,0.020429899223409199,0.036726065738765822,-0.17161519509343995,0.98447926382854412,-16.171836234463829,1.1578364801036436,-2.8164261753866886,,0.4878763255996411,0.3111111111111111,0,2
-0.93961677349914208,-0.34066322435763924,-0.032693830141480529,0.34194039609458177,-0.9384508615325079,-0.048854334583287272,-0.014038677920080303,-0.05708369346102269,0.9982706884723731,-23.333667210669734,7.86560306322193,-3.5707728254281954,,0.2179586247298533,0.7916666666666666,0,3
-0.38438663053320532,-0.90252393954911925,-0.19415832922660237,0.92113997217001875,-0.38890938284580795,-0.015831727799229561,-0.061221482650661213,-0.18493250248463478,0.9808424438139004,2.3226302879561453,5.1559238205668914,-1.7784010499912832,0.5494297350467802,0.6517567574907703,0.5244755244755245,1,1
-0.71557434993695912,0.68283488383485402,0.14727481499068995,-0.69523721533843463,-0.71665315350641912,-0.055258229955060439,0.067812713562868956,-0.14193230424236961,0.98755083762391382,-14.554383949933911,5.8847845855497658,-2.924982424981295,0.601765767351045,0.2924073535240333,0.2413793103448276,1,5
-0.22749844032114319,0.93862420239745326,0.25928568476719166,-0.97201863309414327,-0.23488999895046908,-0.0025426975522251792,0.058516976760941967,-0.2526089766156242,0.96579732261171991,-7.3052533396923884,16.539977398975289,-2.842195339816135,,0.4183849705815914,0.3181818181818182,0,2
0.99986916317253405,0.013076088925764799,-0.0095222074678831641,-0.01127154944561202,0.98543724408735844,0.16966552430770057,0.011602099368262862,-0.16953599577646419,0.98545570038755737,-26.117908102482179,-13.823565208593561,-2.4678017381050239,,0.3024454312584446,0.1666666666666667,0,1
0.52229114661204867,-0.83415679682655286,-0.17718463951126778,0.85152465902847885,0.49893605204764696,0.16114766840864292,-0.046018618374583507,-0.23504309025192438,0.97089496470407211,-7.0490980123692308,-9.7959846151635972,-1.576163890068853,,0.4208936006382062,0.6576086956521739,0,5
0.74946201424494385,0.6304041042562869,0.20223094357872196,-0.66126259769564322,0.72766324142541761,0.18231287383798506,-0.032225239994789143,-0.27036433273470734,0.96221861418920562,-12.222472901358252,15.482778764520338,-3.1043801589002147,,0.2806068609448684,0.2380952380952381,0,2
-0.49222871460494144,-0.86439885910284875,-0.10259388334623909,0.8678798130202976,-0.49642412687188708,0.018647155583075024,-0.067048658974076331,-0.079860494871864779,0.99454853008216759,2.725396922178621,11.617515912205784,-2.019490374219413,0.7918844927265363,0.4157865827936269,0.3,1,4
-0.90961752641523719,-0.41475610823137188,-0.023944233606258331,0.41412924266259626,-0.90981207249018559,0.027183876155124954,-0.033059431482242267,0.014810922857106871,0.99934363987278729,-12.142791204728191,13.008660317824145,-3.0351710556159324,,0.07667795824064867,0.5333333333333333,0,3
0.99793871765573305,-0.062300791888167721,-0.015392437550260587,0.063751510482838114,0.98990880418347738,0.12655553844536066,0.0073525991858678927,-0.12727596289223589,0.99184009223012692,-2.1277736513018812,-18.131269536311667,-0.84364239431850663,0.5435623346089796,0.5070592890282507,0.9801324503311258,1,5
-0.91243836694522396,-0.40885130578156531,-0.01722893749021738,0.40767636292692927,-0.91185007532520934,0.048264098873605069,-0.035443047795072062,0.037014184985207796,0.99868600694756771,-6.842493302780972,-5.3216732474882802,-1.7669616760981872,0.1253794000288656,0.09427767186551719,0.6008230452674898,1,4
-0.38271495346176937,-0.90996043959431705,-0.15969114806423207,0.92296030855517408,-0.38423844023614168,-0.022474204694151342,-0.040908840468696701,-0.15598980549450614,0.98691116487417074,-13.15634730141859,6.3460193479201958,-2.8345857676798194,0.540758462026636,0.4479334901794497,0.4,1,3
-0.44772986999407816,-0.87166889932874125,-0.1993271016648446,0.89214566448795596,-0.45046346272121512,-0.034040888480718928,-0.060117192635968902,-0.19306993213919635,0.97934157700637647,-12.500938045503304,8.0601867056798771,-2.8176658664133578,,0.1945317314311104,0.1666666666666667,0,1
0.75507187524475117,0.65422486598930596,0.043084660096722217,-0.65181693666161278,0.74195615044090601,0.15695780294073819,0.070718769046461419,-0.14659773376211158,0.98666506989979486,0.26722008152772464,14.855700929513009,-2.3437383353720636,0.3629252177807715,0.2470826333074247,0.7254901960784313,1,3
0.85024753444698409,-0.50005775395549945,-0.16438178997627945,0.5258677996176192,0.79312038377179195,0.30728344272187674,-0.023284919844134135,-0.34771007974268864,0.93731292157591939,-9.9496282844047528,14.46964229038805,-2.94079193806561,,0.6018029096377722,0.375,0,1
-0.92909284034127937,0.36792051985366425,0.037695955979164426,-0.36962999120640266,-0.92720076429013698,-0.060600431521073077,0.012655576925939053,-0.070236982924916452,0.99745005017909349,-2.894677777266248,15.41132129476229,-2.5274315327106183,,0.1890500142861868,0.2105263157894737,0,2
-0.67087634367160343,0.73546986571045758,0.094915794964068156,-0.73827201399148379,-0.67445642606135225,0.0079349040010191722,0.069852450628292456,-0.064750335724136424,0.99545368006996338,6.9982943827697222,-14.672780613231884,-0.61458347622479681,,0.2509258877850882,0.4,0,5
-0.99918396782590668,0.039677136806101174,-0.0075579927591550048,-0.039496466212862583,-0.99896144654710861,-0.022716898318325147,-0.0084514848620645382,-0.022399846592752775,0.99971336855933246,-26.238366680534217,-10.52494144499672,-2.7015093602757214,,0.1245885456987425,0.4,0,1
0.82611769929405121,-0.55516193354836585,-0.096564871728509125,0.56334779733801255,0.80972958964612696,0.16424752931452327,-0.012992541995836092,-0.19008739882052952,0.98168119807915855,5.4466718734813862,-12.312122266844019,-0.79091839071988512,,0.1313050026875542,0.25,0,2
-0.95627519409641815,0.28951835083498345,0.041435222765772543,-0.29236773180639458,-0.95002028223102519,-0.10946493844180251,0.0076721935743209943,-0.11679292735210869,0.99312665333595962,-0.13150981672170597,11.855274688416515,-2.2399905002485623,,0.08312145958068889,0.3636363636363636,0,1
0.75808147977927698,0.64969066777694484,0.056696615588671097,-0.64962262892581679,0.74461190919158793,0.15343905851369699,0.05747094921064759,-0.15315071300391139,0.98653025757105961,-11.611648031877843,16.210671540984343,-3.0740933979706453,,0.2073127524866064,0.48,0,2
-0.99561708527274051,-0.078600997436735542,-0.05068039773880844,0.081108442724474039,-0.99547650086388417,-0.049476830401807052,-0.046562216783828679,-0.053370585810432546,0.99748861674629052,-8.2598160574535431,14.38421396167551,-2.8252943910597454,,0.3590023719337268,0.4230769230769231,0,3
-0.47978620098244362,-0.87717046854299874,-0.019420876985642502,0.87547444594719104,-0.48008403467915534,0.05535173113502128,-0.057876556914647485,0.0095545152802595703,0.99827802509995478,-3.9012918268161934,10.257011734841049,-2.3978350749252022,,0.07319089151994125,0.4186046511627907,0,3
-0.38719131315834487,0.89586618124521022,0.21796025398186777,-0.92029067233813922,-0.38990520050450816,-0.032233724993471373,0.056106732413604185,-0.21306740698817181,0.97542519685376405,-6.0707320334895885,-0.58527597471552206,-1.9749423635371304,,0.2250926087149758,0.2570162481536189,0,2
-0.90496487987952046,-0.42501193046743274,0.02008544609887267,0.41955258160479053,-0.8992059157175285,-0.12411427157001803,0.070810998110464429,-0.10389215609922967,0.9920646261447148,1.5045195902703876,-18.398961542745429,-0.66250245811839004,,0.7306221518034619,0.2285714285714286,0,2
-0.82785580493302779,0.56093161672244218,0.00323845639681242,-0.5603652523587106,-0.82725386440055781,0.040519474124183649,0.025407679698177282,0.0317295634304866,0.99917350075793354,-1.586344037312257,-3.3661181931566957,-1.5470583382965613,,0.06753081693595826,0.2647058823529412,0,5
0.019041920732246323,0.98738500733386692,0.15718858911233513,-0.99874674433275901,0.011506766214674623,0.04870867495627286,0.046285483032392251,-0.15791909834969467,0.98636667240782105,-0.37878858320411524,-14.907631501488462,-0.91964057153150947,0.3548047509718149,0.307070062873534,0.2075471698113208,1,5
0.99718987253698554,0.07453203074204183,0.0075719550405935901,-0.074066017856556032,0.96565230942552982,0.24905790953112258,0.01125091589790681,-0.24891884961691399,0.96845899407091574,-0.70638007079564091,-16.324145701763968,-0.87527842610748585,,0.303079495064794,0.1333333333333333,0,3
-0.00094083276455320542,-0.99629399369743687,-0.086008098200819241,0.99709569252665298,-0.0074844136977931302,0.075790259904529159,-0.076153100911945382,-0.085686998278694013,0.99340749118752036,-4.6998401761499373,-21.755862208627082,-0.78492796421531619,0.6976983415022229,0.5196666999767363,0.8222222222222222,1,5
-0.95102205417031371,-0.30701985607654736,-0.035998061842423101,0.30822711697771865,-0.95067367782572854,-0.034865493670751257,-0.023518010997502583,-0.044253432228895682,0.9987434790248606,5.4914896566767757,8.1952303185132411,-1.7564988217926634,,0.09116539440404441,0.3333333333333333,0,5
-0.98508954165135387,0.16563681079814652,0.04650851360498702,-0.17204239749702852,-0.94826787321035044,-0.26681351933624697,-9.1611138309875977e-05,-0.27083664365395327,0.96262531862696277,8.186751268667269,1.0910566718303849,-1.2781702521839136,0.6169716207192604,0.6400074904823689,0.4536082474226804,1,1
-0.85641086740608718,0.51384647714283227,0.050221749438407362,-0.51567363198445515,-0.85609442099508326,-0.034395459250519893,0.025320573941244009,-0.055354677029085239,0.99814564481657286,-6.7192117933625548,-17.264650796620309,-1.1209141235322282,,0.09772522588687604,0.2653061224489796,0,5
-0.7447245468502206,0.65457766137772433,0.13005166105822891,-0.66654543210394746,-0.73923827520848873,-0.096145511638050185,0.0332044614486844,-0.15828726320222272,0.98683463966758633,-5.3304166112496585,-5.5647710058692788,-1.637357681256703,,0.3437202730115796,0.1398601398601399,0,2
-0.41993358972364059,-0.89709789427294917,-0.13737229820038893,0.90552651469594259,-0.42428153688393244,0.0026284295741745194,-0.060642488441975603,-0.12329049253875114,0.99051599837918625,-6.1944726612360785,16.151875359934717,-2.7586089850192765,,0.3482249819424157,0.375,0,1
0.86279964954482213,0.50554264153332906,-0.0018445424461846255,-0.50275878778662297,0.85841968193677054,0.1017312683834185,0.053012885685062135,-0.086846342784698993,0.99481020636916717,5.9575205079085816,-5.1559557694618476,-1.1090129473051753,,0.08984135928829377,0.2857142857142857,0,5
-0.59671648884373241,0.80007857419181583,0.061674200936847681,-0.80155224295378436,-0.59792311860386615,0.0013950106754166288,0.037992548713731152,-0.048602668221178522,0.99809535961450946,-25.139863318910319,5.4102022701503598,-3.4829749243203749,,0.3498424253644594,0.8611111111111112,0,5
0.027199932552321997,-0.97102425566816097,-0.23742800713741055,0.99816929342217531,0.013547461266802308,0.058945126705260795,-0.054020601053893211,-0.23859664959365545,0.96961508520879458,-9.1206464509745775,10.959183108909327,-2.7258865601416247,,0.4759282563206373,0.3181818181818182,0,2
-0.43049946263678401,-0.90146312084821667,-0.045104926782261918,0.90056424011771619,-0.43234308771725888,0.045425806809641513,-0.06045049288997164,-0.021064098691839919,0.99794891735782731,-9.2246913580469627,-7.4693377784627559,-1.8212622801459897,,0.07911935903004946,0.2954545454545455,0,1
0.96457994764861199,0.26240345780485547,0.027017585500091972,-0.26268817634418157,0.94614291932154182,0.1892313352134822,0.024092459466971104,-0.18962595167793989,0.98156077338444347,7.1469271653033744,-5.972193723786086,-1.0110246546105679,,0.5842454701215172,0.7005649717514124,1,5
0.76626780900772529,0.63956789358059096,0.061534985003539024,-0.64036260763089881,0.75233892766488131,0.1546669604932227,0.052624857497725844,-0.15792101640042061,0.98604846582325878,-19.471050031239908,-7.9088692302918,-2.5673005849653125,,0.2072958611675522,0.3725490196078431,0,3
-0.29426308961833342,0.92388979649222047,0.24461577632245127,-0.95409058916952272,-0.29893474565316241,-0.018685970658002874,0.055860377249220952,-0.23888420160998927,0.96944002211314362,7.9792269369424762,2.0277515415900544,-1.3339663046067902,,0.284986006631633,0.1111111111111111,0,1
0.9993126161326622,0.036776273820133751,-0.0046691457462724809,-0.034699906049979995,0.97225991374080456,0.23131488636238984,0.013046522840050513,-0.23099386532250016,0.97286773120766723,-20.355658113112376,-15.088904007272257,-2.070579241552013,,0.6885700256061329,0.3111111111111111,0,1
-0.89061761746605983,0.45385363639182597,0.028585594151522804,-0.45435338561969407,-0.89070984085796634,-0.014106040362145741,0.019059392304083562,-0.025551049541909201,0.99949181258893083,1.8798156838069133,-12.98749974264175,-0.91517052047005143,,0.1158081253242402,0.2692307692307692,0,5
-0.10941933109263446,0.98549994427735932,0.12968141660454974,-0.99059180840221228,-0.11890035995249866,0.067753771331210813,0.08219050498492006,-0.12104777665239715,0.98923816983466428,-14.263479138393098,-3.9281301440923491,-2.4403646542848949,0.4860003434230042,0.4979809198945405,0.1688311688311688,1,5
-0.87312556062837676,0.4624566663694728,0.15422576667929869,-0.48168887827757556,-0.86709747919512892,-0.12695584317842576,0.075017197502135563,-0.18513722830346166,0.97984520551719712,-25.929653839960292,-9.1895688842223127,-2.7638202595971655,,0.556546767234282,0.3636363636363636,0,2
0.91171058542839722,0.40710037040662395,0.055254835377545677,-0.41058173941615594,0.89817070030223678,0.15720059916105492,0.014368147960473672,-0.16600807671128615,0.98601971318569837,-12.710413737782028,1.1549397530537056,-2.5641469669010526,,0.1212337610762764,0.2804878048780488,0,5
-0.72416052363154426,0.68781824043190343,0.049976035685595714,-0.68741081411589178,-0.72574169389937915,0.027665255693503154,0.055298360285044083,-0.014319981327512414,0.99836718169447325,-11.028896791235125,13.381118356268731,-2.9756141813975967,0.3378889139606067,0.190496526999379,0.5151515151515151,1,3
-0.99889950380449699,-0.043655094768578186,-0.017146836439313591,0.045068760660423111,-0.99462291249427193,-0.093241990293782842,-0.012984148476647065,-0.093912164505770251,0.9954958147808447,-16.377602922588974,-3.6964624402532831,-2.5924313780118444,0.3098707242808524,0.1148223933921635,0.2173913043478261,1,4
-0.99082678826052994,-0.13439546818602069,-0.014146865249351928,0.13378306546364863,-0.99028983194551512,0.037790741464975831,-0.019088401202618857,0.035551467991966561,0.99918553135198296,-10.507065778800612,-8.8931765312220072,-1.8319633375137658,,0.08786258357632179,0.4,0,1
0.92008769125648804,0.39170264796180498,0.0027705555427368551,-0.39021719806937999,0.91593518969344567,0.093772419250618924,0.034193255609659072,-0.087359967152819809,0.99558980378962825,-23.341369712463099,-17.465765761054687,-2.0851174019792098,,0.2827320733883101,0.7931034482758621,0,1
0.80481360971392846,0.58782218145330767,0.082098335005723347,-0.59266752016217306,0.78847797790950291,0.16446181592261058,0.031941574226351577,-0.1810181243500692,0.98296092215953657,4.4448068461798727,-5.6133246311511966,-1.1599673993865585,,0.1595432996977666,0.1904761904761905,0,4
0.57413572300157878,-0.81228987430344923,-0.10272940999314635,0.81740122272112559,0.56142733272476231,0.12905266817685954,-0.047153076967065319,-0.15806489228682183,0.98630222404640877,-9.9937207568574102,-19.719776712828121,-1.1804018721120779,,0.316672805761497,0.6833333333333333,1,5
0.17336328490736902,0.98431682777387908,0.032642824744418181,-0.98268429270372548,0.17068473154301247,0.072099259992521952,0.065396883102376707,-0.044576955697514284,0.99686315144117787,6.3729404299778389,2.7586180899403372,-1.4516218193547448,,0.06942968540151824,0.2558139534883721,0,5
-0.74288471073099072,0.65947544982198869,0.11495406754098486,-0.6685819028376826,-0.73952092672257497,-0.078147540827125647,0.033474553918987682,-0.13491082247718073,0.99029214084453654,-21.596489293783332,-5.3791407034057581,-2.8148697488390604,,0.4143618391773956,0.1538461538461539,0,3
-0.1005993553525272,0.99478570704124236,0.016768028181979786,-0.99321962751668069,-0.10139939206876326,0.056858902589759105,0.058262691478187266,-0.010934365758513261,0.99824140288167629,-11.347799535042242,6.5984020656094939,-2.7190582833424992,0.6142733487393686,0.3650383848519856,0.8879551820728291,1,5
0.85460470670169153,-0.51135685883288418,-0.090360158299334817,0.51905522778905233,0.83609458542394766,0.17755989054291441,-0.015246828790610843,-0.19864543072852794,0.97995281879410245,-4.5073571413329008,-15.498258576077237,-1.1023833408171795,,0.5105618516227242,0.1272727272727273,0,2
0.38333133312896622,-0.91846480752384752,-0.097362653937485166,0.92238272688771916,0.37525414065212342,0.091621149646854055,-0.047615062540590371,-0.12492688767282004,0.99102274371259391,-3.6358637216952197,13.290386648289457,-2.4873861989982098,0.3613041276890829,0.3328747281172816,0.2083333333333333,1,4
0.59304451134051372,0.77230986272341129,0.2276745122077484,-0.80416062598000848,0.55397684097499322,0.21548862449513945,0.040297582958926888,-0.31088122426983561,0.94959410760816954,-16.915178827396243,-7.5289160533413853,-2.4810396279080353,,0.3487113105151101,0.247787610619469,0,3
0.93574230414730153,0.3526358125912053,-0.0058586608741862225,-0.35115548951656833,0.93310216764658316,0.077525266304780086,0.032804914440945111,-0.070486370394481662,0.99697317374999317,-14.327515172649949,3.2637910217749524,-2.8332772527254235,0.4537159728579675,0.4289179549386701,0.9560185185185185,1,5
-0.32105909775056407,0.94611985625641692,0.042169578477028458,-0.94545880047069175,-0.32278613508855214,0.04378090459453006,0.055033738416666089,-0.025813341355422674,0.99815076969561789,-21.578231818634201,-10.171175861292054,-2.5416807797315077,,0.1382161735015107,0.3125,0,1
0.19254469798774432,0.97913839261868052,0.064919545415178276,-0.97942193293223168,0.18767920587034442,0.074223938019798513,0.060491458637549712,-0.077875052385098911,0.99512625311963221,-18.102891151393976,6.0086132099368674,-3.1340154904524185,0.2165555423899644,0.1132343255819999,0.1111111111111111,1,3
0.98543262045337965,-0.16776185059469573,-0.027901828460298126,0.16984650641471263,0.97916197848274467,0.11132827202680176,0.0086437726197457158,-0.11444553892048222,0.99339191853774311,-4.128696525170267,6.9593932579551758,-2.154623456977363,0.7784995213015208,0.6683154568214471,0.9040697674418605,1,4
-0.40055993971916032,-0.90234175170056174,-0.15915746237654779,0.91414080715939761,-0.40539024265720791,-0.0023099446515561974,-0.062436522790317688,-0.14641760241272095,0.98725050839468431,1.4512760534893905,-14.188235798579699,-0.87850782883387413,,0.626031445192115,0.5,0,2
0.52369533818474412,0.82928592710177973,0.19500780465024398,-0.84990631357927915,0.49292036803982303,0.18624921183609214,0.058330531470633315,-0.26327620834862137,0.96295544404501232,-7.3435589490479876,-27.501935245927157,-0.65310171535029904,,0.3029370002292857,0.1333333333333333,0,1
-0.18880768559003097,0.97564363941632559,0.11167428857442488,-0.98136451798014834,-0.19159431585747264,0.01467313806584199,0.035711912742503189,-0.10682278313906185,0.99363652926545409,-6.8651763292772223,10.393724790951294,-2.5964239055238476,0.5446953362654691,0.6446440744728067,0.7448275862068966,1,3
0.86403201646824823,0.49142645761352649,0.10931016089656681,-0.50180592485910736,0.82322337640345544,0.26550722460827714,0.040490595131567858,-0.28425922905037743,0.95789206198066823,-19.321396777208523,-6.7192695831997229,-2.6168315632815871,,0.3922188920439623,0.3939393939393939,0,1
0.38325518640108086,-0.90832700402569599,-0.16750377862715782,0.92212575253580142,0.36589256351938565,0.1257248124734909,-0.052910855284664014,-0.20264423435892689,0.97782194477017637,10.67164399681759,-10.605565890559607,-0.62436875609664377,,0.9706596354589825,0.7368421052631579,0,1
-0.98141022447704995,-0.18638796561469548,-0.045754754571767767,0.19074519978862101,-0.97362725796195559,-0.12516481658630765,-0.021218860702374113,-0.13156553054466805,0.99108035553278651,8.1231433367853043,12.543606737340944,-1.8164164669841456,,0.1675427089113156,0.3,0,2
-0.96844259531553367,-0.24724649343375857,-0.031434233937276963,0.24788642984341314,-0.96861513970694635,-0.018358350415528295,-0.025908637131268827,-0.025571128547700453,0.9993372103083108,-17.850152399152389,-11.422187369220172,-2.1631511156074237,,0.5171172870874454,0.1463414634146341,0,1
-0.45218540979882582,0.88795564706553176,0.084042394120480882,-0.89051004529195321,-0.45476341472834464,0.013494289856847339,0.050201737013701932,-0.068738675205810895,0.99637080453602145,2.79868156679919,-17.312441703326073,-0.66268243871370325,,0.1626948014453648,0.1875,0,1
-0.54942632198313857,0.8111445016507447,0.20043780619894497,-0.83517583082579849,-0.54025222310168175,-0.10299935455199816,0.024739610274175112,-0.22399136785924578,0.97427707496790983,-8.6110847332197427,24.728400766345604,-3.183927464889555,,0.4745611001951365,0.25,0,2
0.71040490771189091,-0.67973923240092127,-0.18242654147317802,0.7028836451784084,0.67206450237296478,0.23298902547307254,-0.035769378518112661,-0.29374117958703916,0.95521551022543705,-12.202550375994722,-1.3975208129295449,-2.4550790360924672,,0.3572157677012042,0.35,0,1
-0.64369595955500525,-0.76380632588678432,-0.047491137993248375,0.76335386836086594,-0.64523883821872841,0.030946943510605864,-0.054280597924710586,-0.016332121401651849,0.99839214665353759,-7.1081340296036597,5.3922074796541324,-2.3277057180196437,,0.08089483582862991,0.3070175438596491,0,1
-0.9917223029133353,0.12836810769952567,0.0029159612334256355,-0.12836919188914489,-0.99071198896683088,-0.044845350830550496,-0.0028678350719218326,-0.044848454187744878,0.99898968547176259,-10.965688859335396,5.5572183602590925,-2.6566314215950757,,0.1303053588089824,0.25,0,1
0.70660191160402774,0.70760929778458292,0.001679346999103389,-0.70554812526842159,0.70435860727268862,0.077979454288256339,0.053996124377122007,-0.056285291592813362,0.99695355182804912,-6.4592786529090525,5.4221162859057186,-2.3025325115150985,0.5535350034107401,0.4457376265635605,0.3563218390804598,1,2
0.8699192105961413,0.48303836016947149,0.099571630701597344,-0.49116463148459155,0.83020241151978069,0.26366884663408197,0.044697559378479697,-0.27827665822258535,0.95946038462985994,2.6166382061125208,-15.7005832964681,-0.75385618581289116,,0.5302967333994931,0.2380952380952381,0,2
0.017156138805741818,0.99840917119817041,0.05371027619236049,-0.99792374086312896,0.013763021897191471,0.062918889452972845,0.062079580564112308,-0.054678204941630573,0.99657233534818945,8.7301366686463648,-10.42829373373876,-0.71512433997446656,,0.07974525306957918,0.2222222222222222,0,3
-0.99714237158080798,-0.075382324842501555,0.0049594253236966753,0.072689812695085468,-0.97526097354631724,-0.20876356149444134,0.020573816577270195,-0.20780649311036836,0.97795356714550408,-17.780687634044813,1.1800431554644624,-2.93183683582197,,0.2846511219065158,0.4285714285714285,0,4
0.28456387911715675,-0.92879042017292301,-0.23742736593914451,0.95835047339026114,0.26934684237278117,0.094956035387299381,-0.024243944696729355,-0.25455968631897796,0.96675312114661671,-1.4649911604989501,15.295088409380691,-2.4308593489821724,,0.2953873816039037,0.425,0,3
-0.93179399919903039,-0.36183733450133937,-0.028873628411472438,0.36155681295735048,-0.9322359050222313,0.014590695374301202,-0.032196491436202783,0.0031560653269481253,0.99947657560887904,-2.1945378525250039,10.250960364543353,-2.2762265333027369,,0.07563389117644885,0.2857142857142857,0,4
0.12669577695808026,-0.98132925233392454,-0.14471032656562033,0.9919416166705185,0.12535443159221415,0.018387376030054681,9.6010760200736654e-05,-0.14587379817476834,0.98930320215189871,3.5484353759709539,12.80753428678935,-2.0698104432112916,,0.2037458125293474,0.125,0,2
0.063222452918178879,-0.99563708295507414,-0.06862740335841204,0.99628250342928326,0.058932387103264719,0.062834282927316465,-0.058515765462717396,-0.072344818715789794,0.99566165558250297,10.64314436229737,5.0558583588165087,-1.3803647413718194,,0.06982521006746675,0.2692307692307692,0,2
-0.88854080218023923,0.44047881709907871,0.12834973528563173,-0.45840971136732761,-0.86384327320424592,-0.20889072708930129,0.018862115072776717,-0.24444469932230073,0.96947976234071553,10.644287395577367,1.0750984558246581,-1.1752603636455587,,0.3213555963334648,0.125,0,2
-0.8329010168938914,-0.54791256533707278,-0.077895550597391713,0.5533655516907372,-0.82251517900210158,-0.13135960761645138,0.0079033068477202591,-0.1525142650931042,0.98826966799754734,-2.5910226380156156,-15.272719040848397,-1.0096272042841594,,0.4243667339202223,0.4,0,2
0.087412799357978202,-0.99073732000334203,-0.10391614533362091,0.99432678503740757,0.080428277781986093,0.069609889313214976,-0.060607318580978148,-0.10941140199092636,0.99214711512396436,1.8084925546357331,-5.0342648565402843,-1.334064968456899,,0.07483550754273585,0.28,0,1
-0.46690384585129824,0.86630394098151287,0.17753388569274828,-0.88425644134276293,-0.45520138065078491,-0.10431801856559512,-0.0095574407191201093,-0.20569196604028595,0.97857011523619619,12.295543334761296,-13.138291412745971,-0.46875673760615466,,0.4125345419319166,0.15,0,2
