axis_00,axis_01,axis_02,axis_10,axis_11,axis_12,axis_20,axis_21,axis_22,location_x,location_y,location_z,dbh,dbh_approximation,score,reconstructed,number_clusters
0.23891318783348348,-0.96061476213528907,-0.14191464845817228,0.97030293625040798,0.23047154110419013,0.073451212685005554,-0.037851031466540751,-0.15524866346871874,0.98715001489545495,-0.15885736165633596,5.9045378879419257,-2.9945688994152579,0.2676578410629117,0.2033806577279633,0.8207070707070707,1,5
0.99806476020487833,0.0184267743270915,-0.059390137439462511,0.0016004412381022668,0.94715682326934614,0.32076687909159868,0.062162472803317506,-0.32024116868731811,0.94529435672321538,-9.9694068700989931,14.644791062694496,-4.5868964372589476,,0.3254608450220554,0.16,0,1
-0.63687070188701222,0.76597423417837485,0.087630940042865771,-0.77072990529250374,-0.62970565660384292,-0.097191558938679007,-0.019264531288152281,-0.12943824247870048,0.99140033246830828,-6.0947207561854393,23.484948380904314,-4.6047462746348105,,0.4123616620535041,0.1875,1,5
-0.94570584753755882,-0.31711134289009163,-0.071280054318939884,0.32219273164464834,-0.94352918488065007,-0.077100719541493057,-0.042805298838202624,-0.095880516732541402,0.99447203726523803,7.9684885918268114,9.9924175758450424,-2.4631049106131151,,0.4903043714414224,0.5833333333333334,1,5
0.5076034157931989,-0.82901556105633334,-0.23467418222192443,0.86147077550373441,0.48379681701362554,0.15430081918278193,-0.014383157792023175,-0.28048857262629484,0.95974959515385683,-0.0090524948103720242,-8.8637059765299053,-1.9762549897684287,0.4470424445727736,0.2075804208851656,0.1411764705882353,1,5
0.41679451499801357,-0.90367072671514803,-0.098293183617630536,0.90874225222273197,0.41165423252737232,0.068762721495434553,-0.021676053439902865,-0.1179830942144611,0.99277899765600086,6.3719080040557001,-6.8116159351290175,-1.5384026555225614,,0.07115898055393594,0.1372549019607843,0,4
0.91199529023500858,-0.40221244057518357,-0.080558942617929022,0.40875130072738652,0.90757004280032716,0.096119673142822409,0.034452354677639407,-0.12058926178548375,0.99210446284612563,0.17873533059223212,7.1443076127792366,-3.0525117697187274,,0.07354796239357175,0.4680851063829787,0,5
0.77396201424830902,0.6331816921991632,0.0079840568951030713,-0.62892885797991283,0.7671739982482223,0.1260656496112966,0.073697300498610105,-0.10259142788576447,0.99198977153173151,0.95241189846228236,13.11119625737553,-3.3249972261109724,,0.436518193673683,0.6964285714285714,0,5
0.59381796313435553,-0.75024992598111528,-0.29069791059500033,0.80459012051929013,0.55196298119286369,0.21902421180189802,-0.0038684133338932327,-0.3639531782496474,0.93140921158224554,-7.0750187787817005,20.339815012264392,-4.5011577568324705,,0.5470280848162625,0.1875,0,1
-0.36544891448541411,0.91827566277653738,0.15237092259924542,-0.93035006720426128,-0.36559656618361036,-0.028069614314783123,0.02993064239972347,-0.15201630816154482,0.98792469282758355,12.123521709257334,-3.4143550181139068,-1.3021116138396094,,0.3370908421174308,0.2266666666666667,0,4
0.40666109078414109,-0.89610242656238182,-0.17784037323191057,0.91334083983853764,0.39433223081019603,0.10154113465630604,-0.020863066056756235,-0.20372170442362475,0.97880651797045459,-15.027440936440362,18.326648104688601,-5.2928803359880838,0.4198979065877045,0.3802164986284869,0.8271604938271605,1,5
-0.32425553592339079,-0.93428704074241431,-0.14820955746447817,0.94474184904171876,-0.32781496190992421,-0.00043522089581015858,-0.048178689192088939,-0.14016089414946206,0.98895588256451272,4.1407211304664102,14.780517389093628,-3.1182351030048499,,0.1430323543824127,0.1904761904761905,1,5
-0.9542454835769929,-0.28652796443010503,-0.08554111685295783,0.29391093704246957,-0.95140808044971481,-0.091864168976843394,-0.055062856443599241,-0.11280243815861875,0.99209056632231996,-21.745466552294513,10.724580706103991,-5.846279066467865,,0.3752225220809924,0.4444444444444444,0,3
-0.9986632384582419,0.023928215806277957,-0.045816772479358454,-0.023108159116721955,-0.99956463397268891,-0.018345448843796741,-0.046235799272137314,-0.017262184084648406,0.99878139142972322,10.590094822273942,-17.616930710269099,-0.47973075932242565,,0.4242467104269186,0.3421052631578947,0,5
-0.97096436903010608,0.23634572375321092,-0.036998553181690236,-0.23471012744136907,-0.97108336401965378,-0.043683591893616036,-0.046253109629772436,-0.033731276107532709,0.99836008076331495,-14.030037218764578,4.5859377338170972,-4.5512131789203405,,0.09940684727803155,0.2368421052631579,1,3
-0.41403284118430872,-0.89537038488661125,-0.16397768228893719,0.90642304185211631,-0.42206890131005081,0.015972217957556201,-0.08351093114321019,-0.14202012679521631,0.98633473423816176,-9.4373238937569184,11.139493969357273,-4.2847660316350655,0.6413577004695054,0.3017291115985521,0.3846153846153846,1,5
0.99849798990605576,-0.023179377879238745,-0.049643535275986014,0.029139534726168606,0.99198894753475553,0.12291792173979503,0.046396677354192464,-0.12417988730071956,0.99117440640912002,-5.0068379798558134,-3.1088856088713568,-2.7112307710703258,,0.3768186098221732,0.5179640718562875,0,4
-0.87863467021289376,-0.45891406778258231,-0.13190524891422326,0.47142696442950599,-0.87761273475061352,-0.086905149515609348,-0.075879730552110058,-0.13854156847240026,0.98744544168098025,-4.2220587457540546,5.6483110281259421,-3.3719179345886738,,0.07682100916278034,0.2774193548387097,0,5
-0.37143100389763911,-0.91440392023241834,-0.160948687497528,0.92591162391961368,-0.37763963114212723,0.0087162882800875339,-0.068750811152563943,-0.14578676090243242,0.9869242860075137,-17.224109352247453,10.343391369107749,-5.2583524262660353,,0.09308320848421592,0.4444444444444444,0,2
0.3964412039168087,-0.90685486012082384,-0.1429987220650269,0.91788023604383984,0.38844252829241971,0.081291294084269924,-0.018172619984307286,-0.16348291925773784,0.9863787766339418,6.1031925058912257,-9.5363363826527152,-1.3956732545194261,,0.172185444061647,0.25,0,5
0.42600359149448286,0.89628107472312779,0.12329304573639628,-0.8980647679171162,0.40242309694767708,0.17758187877431833,0.10954730786184608,-0.1863756586472485,0.97635213995977188,4.027406899871588,-12.655074745704356,-1.3725602359339768,,0.490939569307155,0.2,0,2
0.70018605363476571,0.71310884419511844,-0.034860674492552979,-0.70982506699310643,0.70054783090755357,0.073356055502959427,0.07673242185416064,-0.02661790640572867,0.99669635420973146,-0.48422973999519436,2.6705457190973076,-2.6627479303822943,,0.1026997292842925,0.5339805825242718,0,4
-0.78129989838521241,-0.61138921670592117,-0.12559336956614209,0.61901020538618223,-0.78479446428538358,-0.030397606069798681,-0.079980212621707306,-0.1014932240237677,0.99161599980347637,-13.970488789717873,12.526709131836816,-4.9578131170584454,,0.07611969561786655,0.3214285714285715,0,5
-0.41141807032519179,-0.90678627907863307,-0.092053329568382192,0.90784006339807022,-0.41667065641959738,0.047031727251409354,-0.081003646209813887,-0.064219998081527938,0.99464275051252715,1.2206631082928194,-14.094389401496596,-1.4994136176593995,,0.1021043872797902,0.4761904761904762,0,4
0.81086671274841049,0.58051277533687429,0.074162603967676127,-0.57580964269090584,0.76873434330912649,0.27837163074073595,0.10458694727716983,-0.26842583163280964,0.9576059436801112,-14.738460701687286,19.218203080947728,-5.3128626288263403,,0.3328996632959766,0.1612903225806452,0,2
0.29034610271364636,-0.9442683791887545,-0.15510115635687627,0.9564270964360545,0.28114818176040268,0.078758549350008158,-0.030762799643318028,-0.17121018648743686,0.98475414302304021,8.6423630090318397,7.7064000222123425,-2.2640499260396885,,0.09093776327625372,0.1111111111111111,0,5
-0.67690990598558043,-0.73115111304938174,-0.084917778263700339,0.73176926431447853,-0.68091227533166043,0.029533321982254512,-0.079414878853016804,-0.042148821920798232,0.99595017637803995,-10.946795947382434,10.946282053076217,-4.4574288679613758,,0.06128096903142338,0.2413793103448276,0,1
-0.31337875583306024,0.94876210747747292,0.040548968019269778,-0.94919416173194648,-0.31424071639057777,0.016829007585822137,0.028708861463152963,-0.033214990248996115,0.99903581802468333,-15.985631595142667,-10.999573502724118,-3.8137506793344613,,0.609146776444944,0.1666666666666667,0,1
-0.9982260219841087,0.055167563499684651,-0.022390823372360692,-0.053920176515879346,-0.99714102337814281,-0.052937643136887556,-0.025247249321072845,-0.051636415773176056,0.99834676188577931,2.4259564874832527,6.0534020933788337,-2.6987389256183083,,0.1798483366778088,0.2746478873239437,1,3
-0.46904986436314566,-0.85478867107281509,-0.22210032090586063,0.88006682976694695,-0.47344831705158857,-0.036456360555795972,-0.073990539157857235,-0.21256297628371237,0.97434202476776066,-8.4780010919003139,2.6094894490013143,-3.6329893562287476,,0.5133636574768902,0.1743119266055046,0,1
0.89339546340615683,-0.43646916876709674,-0.10648572994095831,0.44925527467042647,0.86591648006180844,0.21990531539316557,-0.0037741417698342271,-0.24430168700426011,0.96969193127548181,2.0793230629770445,12.601590900120151,-3.1778017091316508,,0.3016263515015118,0.2962962962962963,0,2
0.21002432128366719,0.9758760146822858,0.059630432139596755,-0.97498841630773148,0.20451666897361351,0.087008736214702592,0.072714321389098779,-0.076412931364773576,0.99442128466016144,-11.252917023383146,16.291503888510498,-4.7844268810390291,,0.1542710014588494,0.3846153846153846,0,2
-0.80117875166888619,0.59331180238102554,0.078062238179957777,-0.59834792142685467,-0.79632559096631361,-0.088573800281537315,0.0096110768620321137,-0.11767182469703706,0.99300602660508641,-19.410746693458368,17.770449175460854,-5.8119671962396211,,0.2888699959038664,0.1428571428571428,0,3
-0.97363236214490878,0.22188350794410666,-0.052988039089427529,-0.22216618456139187,-0.97500864746909699,-0.00056903243770979844,-0.051790055238035426,0.011218122075423546,0.99859498492408894,-19.021313065643476,-1.1576798176553444,-4.9513777559180809,0.537352987614376,0.236409420530887,0.5764705882352941,1,5
0.91014555217836624,-0.38756726275907932,-0.14637858684715857,0.40623905104035707,0.90420970848091409,0.1318128844183665,0.081270580530512226,-0.17943360868659558,0.98040740144795846,-20.754817124003903,-0.10018191220285004,-5.4053244001105165,,0.1505509991472232,0.3571428571428572,0,2
0.93578626867665227,-0.33879296286576488,-0.097587845907496168,0.34979977454256028,0.92678128233356993,0.13680852475674768,0.044092823522687216,-0.16215974540181055,0.98577890010134483,-8.6160894030180746,-5.2685765956616777,-3.20292098646597,0.3169810311570631,0.3535773605958729,0.7915632754342432,1,4
-0.8345546216358305,-0.54390895487791413,-0.087644921757570882,0.54560768012794314,-0.83802363142500802,0.0053528084820380142,-0.076359956074367213,-0.043352531377727065,0.99613739771753529,-6.7348546071664925,-12.292047202949151,-2.4701858731189907,0.8232027522283974,0.7334483969161905,0.9859649122807017,1,5
0.69406794711090769,-0.6740832693539428,-0.25274776115793995,0.71988916725413976,0.6525068123055402,0.23663145768262528,0.0054103293238362288,-0.3461886853609788,0.93814930712794609,3.7922236425942617,13.371861570107788,-3.0614544292206443,,0.4871061061640972,0.3846153846153846,0,2
-0.87696705002633091,0.47797440491589571,-0.049691663419641992,-0.47894666248962842,-0.87779594395978833,0.0091856005677374165,-0.039228658633217339,0.031855125381004372,0.99872236548942817,-10.752718268315762,11.806076233175926,-4.4721473496069581,,0.084334709949703,0.24,0,3
0.67263667770932933,-0.7342855498566635,-0.091567631135978308,0.73991335954791193,0.66898296458229412,0.07064002733017738,0.0093872340270957349,-0.1152671868763324,0.9932901668027011,-5.1513537689523297,-4.8461093394889962,-2.677165260650296,0.1312458601177956,0.1168418641446975,0.6927710843373494,1,5
-0.99667852790127665,-0.044764132749565241,-0.068030026015891643,0.049439977067492154,-0.99641304547396159,-0.068678464432962827,-0.064711673507254042,-0.071813753755692142,0.99531662504120078,-12.226223084891929,17.628102248960413,-4.9160672995449337,,0.1056698529510893,0.375,0,2
0.96639425421630754,-0.23692160370010137,-0.099751186047478027,0.2502153509247495,0.95591605546930591,0.15367749691352567,0.05894424127352018,-0.17347232804160523,0.9830732057301298,-13.55541964934983,11.565177123118666,-4.8433577688504021,,0.1355897116083932,0.3076923076923077,0,4
-0.007744489065316028,-0.96109632960956592,-0.27610481361276257,0.99827228301219695,-0.02351345605459083,0.053847621618646445,-0.058244929897230471,-0.27521076031905073,0.95961792685728653,0.21864642605546614,5.0585637737728959,-2.8546204219645008,,0.1239708398455224,0.1206896551724138,0,2
-0.98458719995997745,-0.1472877876491418,-0.094309879039229022,0.15828514722260328,-0.97978950656509922,-0.12230427218065117,-0.074389904178533792,-0.13534707397776044,0.98800167597123423,-18.260295982114606,7.7434292364356576,-5.2270670967037045,,0.5995953448023635,0.2941176470588235,0,3
-0.8767387561742791,-0.47058572979468272,-0.099389256640666945,0.47324580045589687,-0.88092284407036592,-0.0036544692959798717,-0.085834525529274897,-0.05023956318066345,0.99504191897556771,-13.230400829166623,6.5987661163300162,-4.5498219514658444,,0.08771483618365276,0.3125,0,3
-0.67785835922708093,-0.71743889989333143,-0.16059100144720556,0.72726941658232469,-0.68634269828947825,-0.0035911291710623515,-0.10764404549242278,-0.11922720085854928,0.98701450548888103,6.4440566363840919,-4.0269496011057537,-1.7500217876073236,,0.5790902195137457,0.9040650406504065,1,6
-0.021998303512287477,-0.99317855321144732,-0.11450954581779847,0.99839820523821432,-0.027795598866776593,0.049279087458579646,-0.052125794187660807,-0.11324206870441063,0.99219914102757201,-14.767300827366039,14.869682007223856,-5.1093190559451642,,0.07453012978097565,0.2631578947368421,0,1
-0.59797150630289198,-0.79742763776979153,-0.080865568511822902,0.7978875988558648,-0.60181703441758549,0.034520090915941395,-0.076193551182974967,-0.043879603527294551,0.99612706175086629,4.6726028764212479,12.561932529743197,-2.9555500799852839,,0.07576048537832797,0.2727272727272727,0,4
-0.76170079343331543,-0.63885030898035144,-0.10808415239417925,0.64278335109675011,-0.76604530469669596,-0.0020383093433054495,-0.081495182899914906,-0.071027275520440622,0.99413965884892308,-11.353334933253524,5.5953878086521609,-4.2229142069539156,0.2424068096089064,0.1990585268727829,0.6643598615916955,1,5
-0.13538783872557769,-0.9816330831258917,-0.13441213947398406,0.98853907456200696,-0.14297585151873987,0.048460333744023386,-0.06678795691820387,-0.1263107121159881,0.98973985107978957,3.8927215272609104,-8.0120947052662448,-1.7028333657586578,,0.1092813749538103,0.631578947368421,0,5
-0.23809334889321734,-0.96644524227711759,-0.096411362881851981,0.96918832341079986,-0.24286870418010956,0.041094845102965613,-0.063131220303229957,-0.083656357856399244,0.99449286715050211,-6.366174685473136,-8.831329790864979,-2.6604967313046313,,0.07787495978068583,0.36,0,5
-0.12483933329655175,-0.98138156104386376,-0.14596359993225547,0.99201209343118135,-0.12614236730650727,-0.00033114437475762235,-0.018087215052604095,-0.14483899617651769,0.98928990586087617,1.1931944259931664,-7.8798540720940373,-1.9416396045752538,,0.1399290913870833,0.3118279569892473,0,3
-0.916889839581288,-0.39056687530169315,-0.082283278919068573,0.39173264744507447,-0.92007661101489369,0.0021360685901178266,-0.076541198045722264,-0.030274507104500432,0.99660669234222266,-10.835016155586967,7.1669600185711744,-4.302038734994075,,0.08044104322479281,0.4457831325301205,0,5
0.78854806091146246,-0.59337003420626711,-0.16156719388176241,0.61471174502600545,0.76818330437088878,0.17895217632905894,0.01792836188436463,-0.24042964333017852,0.97050098425929843,-5.7791327124707319,17.924679155503064,-4.2981258915202343,,0.8928590170425372,0.647887323943662,0,1
-0.99874809077455029,0.039698187739882283,-0.030435260215117572,-0.036122353022070952,-0.99325522694812307,-0.11017817275841307,-0.034603855079192426,-0.10894084647368442,0.99344575351815589,-5.4748085853873212,2.0474988215686194,-3.1997453131323637,,0.2585449618865223,0.2671546203110705,0,4
0.40777394171642228,-0.89280375573286208,-0.19136840440979225,0.91251870367408672,0.39110436788768749,0.11977891660946968,-0.032094047766180619,-0.22346996927656798,0.97418229553277813,3.8399457893721234,-14.229500432999442,-1.270733630878446,,0.2253570358517905,0.2105263157894737,0,4
-0.50440892476686683,-0.8506672854508871,-0.14811078988092899,0.8594992534699808,-0.51107142297324382,0.0081874235660249206,-0.082659965521884537,-0.12317130381595812,0.98893688373737854,-14.071607578427212,6.5929428568682189,-4.6800819121302295,,0.09325732550225688,0.3,0,4
0.99766837502907935,-0.011721633315892493,-0.067234044793131414,0.031342019520984171,0.95380437171982491,0.29878905318049503,0.060625830131910793,-0.30019963990744264,0.95194783728955368,-18.628054406967653,9.5208510628781475,-5.3561220611733491,,0.1936443086741369,0.25,0,1
-0.51922626718792253,-0.79455978943581818,-0.31476788983917142,0.85128149530609354,-0.51343603728388332,-0.10818156667216478,-0.075656455187361873,-0.324126790978363,0.94298352273968766,13.132790868708016,-4.7161079500715966,-1.1228488495339708,,0.2578579856282922,0.125,0,1
0.9928845043350244,-0.095278662959741175,-0.071430647736104247,0.10670138634962044,0.97815022585979661,0.17842911702269773,0.052869416513372083,-0.18478125455531083,0.98135656759533774,4.638396708559017,9.8753712236452778,-2.7771412034054186,,0.1308810219611877,0.3620689655172414,0,5
-0.6478453473926814,-0.74136421842912992,-0.17514423054905917,0.76090875591810025,-0.64071715327008172,-0.10246655392200697,-0.036252876145557097,-0.19965125879505102,0.97919615186780973,2.4706599173108725,-9.5182584510593991,-1.7121592352104693,0.6240325351980748,0.2252420656311066,0.1666666666666667,1,5
-0.19865995710459375,0.97763084798978994,0.069080724532732632,-0.97699714413417738,-0.20312067741371223,0.064950525484079244,0.077529360869701483,-0.054588601976611494,0.9954944915655618,-1.9787784488907638,6.3006465965954295,-3.2064472886793225,0.5366464569614222,0.4865584437625549,0.893719806763285,1,5
0.99387901115015287,-0.061351693671215221,-0.091872089770875062,0.08977071483571053,0.93320192122564094,0.34795889553028769,0.064387343112446552,-0.35407646618272381,0.93299738806840926,7.0320289174263895,-6.4374212777504098,-1.5069274024221513,,0.1821607630944314,0.21875,0,3
-0.99736490338824935,-0.022368597901864185,-0.069013732816405701,0.034272630318879227,-0.98371118090694476,-0.17645877526972323,-0.063942445217358951,-0.17835907150063873,0.98188563759383696,-12.613552493891778,-9.1530072141507759,-3.455664349529318,,0.3366023935440282,0.1538461538461539,0,1
-0.99710782097921813,-0.042792105971511209,-0.062807873778676138,0.041175885326151705,-0.99879226343427951,0.026805987604175713,-0.063879103075127425,0.024142290080905401,0.99766558025220331,-9.9267791622861967,4.7162192659046926,-3.9420168107033748,,0.08310180357607666,0.1690140845070423,0,4
-0.51877494309623595,-0.83742229979373983,-0.17203618870360546,0.85160295206730197,-0.52388151690040818,-0.017904420693922899,-0.075133018345830124,-0.15579489098905866,0.98492790675051622,-14.842344006731626,9.0151907165618042,-4.8245275175605906,,0.1120574286503498,0.3214285714285715,0,3
-0.25086493546514316,0.95038239906304167,0.18395673324248638,-0.96402806753644132,-0.26252224677205771,0.041616762869129263,0.087844573856466365,-0.16689926752663836,0.9820529340840275,-1.3192900996254371,23.480424707648922,-4.1131704442016561,,0.4743499328811911,0.2571428571428571,0,2
0.78292366438815253,0.62088912010328356,0.039079870501299463,-0.62201470434969619,0.78010447772570546,0.067340265852344566,0.011324456445579049,-0.077030541797880131,0.99696441878160191,5.0259404727527457,-9.3986538875065762,-1.5149982939780617,,0.1717676112209029,0.2222222222222222,0,4
-0.77136036390486629,0.63600247118845465,-0.022450960752943352,-0.63607300963216895,-0.77161415913449249,-0.0047661137883170963,-0.020354739350478952,0.010604058909090124,0.9997365845664673,9.730594413813634,4.8735166414617295,-1.9849950969209915,,0.07738733178438198,0.5625,0,4
0.98017927370654112,-0.17574012927129987,-0.09145489795426448,0.19234654180488314,0.95474614663294499,0.22685370472012492,0.04744891201935518,-0.23994833288283141,0.96962539070247611,0.42630175257401282,3.1352854483594035,-2.6380919030190668,,0.3540278337752996,0.1666666666666667,0,3
-0.87493345225885266,0.48172536320874232,0.049316615453733642,-0.48400498788424839,-0.86676223690729126,-0.12025970386890551,-0.015186369598249481,-0.12908872573882527,0.99151675480828416,4.3306375136085622,11.757388800668764,-2.9336996529736403,,0.1640687182112177,0.1363636363636364,0,3
-0.9398662823016074,-0.31077841296101805,-0.14166209595367127,0.33112082129511966,-0.93079240675019115,-0.15486929082627293,-0.083727970818606709,-0.19246369417014314,0.97772560226731331,-13.294116670852709,7.8546253610125003,-4.5960499034246922,,0.1655737739428345,0.2424242424242424,0,2
-0.81777095335846095,-0.55176540025977672,-0.16372419161309784,0.56975984978382654,-0.81633435550646738,-0.094720291353815794,-0.081390302969734749,-0.17074297378225819,0.98194829572971176,-16.456971820100481,6.8585927903855186,-4.9603219356851778,0.5928214134685422,0.3753370967517293,0.2678571428571428,1,4
0.6661172860000979,0.7411354732754265,0.083701681850920417,-0.7412114484043868,0.64530301580756078,0.18490431726689505,0.083026200961705987,-0.18520860682612908,0.9791855911477606,-1.1360609209060777,-9.835439739144368,-2.0329656227664983,,0.1958149376455163,0.4545454545454545,0,2
0.99267095359752255,-0.093113985531191185,-0.077033522457976261,0.10845169346348559,0.96761986142125644,0.22792550091644234,0.053316114531055128,-0.23460944030794259,0.97062649997293293,5.9058202530425943,7.0507617874361257,-2.445251241985182,,0.1475581172845226,0.3478260869565217,0,4
0.66935595359108591,-0.73633882064426948,-0.098831920978879786,0.74294161249392299,0.66351529555365851,0.088233853997609982,0.00060647926493845533,-0.13248620221950774,0.9911846641289167,-22.758450676882713,-2.7462896484374664,-5.4755457228115167,,0.1859262430106924,0.6538461538461539,0,5
-0.95226753346001713,-0.29204998083490252,-0.088844546328452734,0.29616248939297313,-0.95442058036547006,-0.037001833081570096,-0.073988678826779938,-0.061548066331709915,0.99535798129933883,1.0123739963538843,10.047711862999105,-3.1313784679520031,,0.07693914265029565,0.2380952380952381,0,4
0.43460338852469543,0.90024843462574411,-0.025935509186263889,-0.89791082744303796,0.43534817879415805,0.065023912379748514,0.069828652023449289,-0.0049718381417768543,0.99754661053109706,-21.218419762148081,-1.9235562534660144,-5.3407986090781936,,0.08303712666399402,0.2142857142857143,0,5
-0.41995638112628259,0.89830346192722077,0.12918021613577724,-0.90751900485221981,-0.41460618558091744,-0.067163730614648989,-0.0067744950625134122,-0.14543933844600374,0.98934397711262978,-19.277891838568692,12.178709042046416,-5.5416231504987037,0.7787052383582703,0.5000862331809657,0.4857142857142857,1,6
-0.49285939457443123,-0.86606809610919788,-0.083759596951730117,0.86685953173674768,-0.49705011384274023,0.038674753600596905,-0.075127687418640746,-0.053546589347129962,0.99573520242703983,3.4403145560947905,-10.676951055772973,-1.5796062533985995,,0.08524600907364126,0.3695652173913043,0,5
0.47063174526057966,0.87418328155237524,0.1196216978950802,-0.87921723696653753,0.45326401074787881,0.14672691226109294,0.07404600309205453,-0.1742278014986923,0.98191744185090413,-14.457751588473533,-14.962484947888447,-3.3301644784096562,,0.1924660101362657,0.25,0,1
0.89438717763182185,-0.43565426841490673,-0.10137521837045249,0.44659823310773417,0.88239223852178572,0.14810116671235948,0.024931800433071308,-0.17773377790500189,0.98376273029566474,6.51983590289771,-12.282154502901925,-1.1487597427674787,0.5660831258113799,0.2690369865669029,0.2424242424242424,1,7
0.9849041930841631,-0.1626773429138321,-0.059159213548957736,0.1671862641341792,0.98254704264236081,0.08154791278511557,0.044860712545524768,-0.090207489141688232,0.99491211942194246,-2.2664679763850177,15.108323094402254,-3.7598776565192678,0.1122159119471423,0.1315571619787225,0.3333333333333333,1,3
0.96326677682733386,0.26715033931339982,-0.02734616728930515,-0.25392371678554648,0.93922510938421899,0.23103882781042465,0.087406308207661862,-0.2156081865489734,0.97256015093081505,-6.9996180106493604,10.756997233967455,-4.0484949313636012,,0.3180515684053104,0.4710144927536232,0,3
-0.28311542394310568,-0.94786359784511809,-0.14628826544061396,0.95660589048497324,-0.29004092719258923,0.027954084544369484,-0.068926243296483947,-0.13202598393260009,0.98884696113790116,2.2440111774374665,11.072700484056751,-3.0836599992823372,,0.1824375261453303,0.1363636363636364,1,5
-0.25305864598810618,-0.9385955232218377,-0.23452028798931374,0.96149710284931911,-0.2708522354975087,0.046501481034126116,-0.10716642619324115,-0.21372297563417567,0.97099837630298913,-1.106595929691031,-13.664117763448937,-1.8031892912565008,,0.2023769376103985,0.1875,0,3
-0.96981903251993573,-0.23180200504972151,-0.075623241249140147,0.23084214696721339,-0.97275766926663854,0.021317130822544682,-0.078504441566475319,0.0032167278198501435,0.99690857420150092,-3.6511115270189576,2.0478407716528948,-2.9313883903615823,0.3518552912223966,0.2883292915001487,0.9384149419485108,1,5
-0.79988369372698132,-0.59552270406583285,-0.074423016949059215,0.59478299191642259,-0.80315992325358054,0.034166214397436528,-0.080120340966760725,-0.016936546915518574,0.9966413017439868,-20.416473424036546,19.917769492335889,-5.9898438549604496,,0.09429893895878474,0.25,0,1
-0.30091131076888605,0.95203360706519191,0.055537321413535949,-0.95241147168917151,-0.30297941305921749,0.033404548450138558,0.048628917798123623,-0.042842575561366364,0.99789766112214673,-1.4228316014498825,7.7310719823555338,-3.233407045145575,,0.2450538994538757,0.3214285714285715,1,5
0.70474874109135044,0.70753319894231503,0.05221095981316954,-0.70620221405522776,0.69257208233217415,0.14704537951792579,0.067879634601636499,-0.1405015415165668,0.98775081474925497,-8.2972150473773461,22.81084491291438,-4.8426684283563572,,0.2164305042064995,0.4242424242424243,0,4
-0.99799380382201086,0.01971959270763405,-0.060162323727709424,-0.018451264087827563,-0.99959716921018171,-0.021565021691406207,-0.060563341935810776,-0.020411687104073307,0.99795563260253706,7.1590725376118103,3.2507046689731993,-2.1052937845958843,,0.0759016005539052,0.1836734693877551,0,5
0.16972052023417977,0.98541945202686909,-0.011977002066698762,-0.98346735146172293,0.1701379699103974,0.062008384946175242,0.063142011531971895,0.0012548951490417022,0.99800376332850649,-1.137361306591034,-5.020003619230204,-2.3125856229009636,,0.07114226651606134,0.1782178217821782,0,5
0.99546457576241743,0.075731868118756707,-0.057575711488400662,-0.069931947533446961,0.9928412929235878,0.096828145598265969,0.064496520187770801,-0.092362607244831599,0.99363441348747916,-13.875512743881972,16.118034425608087,-5.0598663399754065,,0.1056802012902831,0.1739130434782609,0,3
0.92529798113840633,0.37845666265211775,0.02437623013125427,-0.37404244354973143,0.9001213065308552,0.22332461564398404,0.062577124610647711,-0.21575956067671367,0.97443928258873858,-14.082517454302065,9.4853295394297508,-4.7487959984690056,,0.432940756167762,0.2727272727272727,0,3
-0.90552402136375709,-0.40977707966066446,-0.11004086385515424,0.41592503194821723,-0.90854800779013489,-0.039330463249902733,-0.083860685258859619,-0.081383429058715748,0.99314859056566152,-2.0159853060390747,14.088616404423286,-3.7096732806168133,,0.2305568591453923,0.1304347826086956,1,5
-0.023141393211191318,-0.98495274085171347,-0.1712675515354371,0.99808367271665932,-0.032595770405430213,0.052597509523754679,-0.057388658955145534,-0.16972216720386016,0.98381956058159126,8.4101527381004164,-7.0466645899125151,-1.3709986141751049,,0.1068264758809579,0.3809523809523809,1,5
-0.85974240304783989,0.51049150937860088,-0.015537672087008621,-0.50959254141196153,-0.85946151023947059,-0.040513629239872846,-0.034035894858573855,-0.026913403152433069,0.99905816977387762,-9.2785020601472592,16.257052996021642,-4.5461806014037913,0.5796664002696904,0.4277551970514956,0.8020833333333334,1,5
-0.92955537352472406,-0.3278532707286696,-0.16863878683098393,0.35929041948415524,-0.9081420193796006,-0.21491502298360179,-0.082687375204514621,-0.26036571492739963,0.96196283320725695,-8.3148648228371691,15.616093311370179,-4.4377995201363278,,0.5283389155061625,0.2857142857142857,0,2
0.24845535931300661,-0.93615421614535754,-0.24876739742561904,0.96864317247139642,0.23996757194769408,0.064389198147487933,-0.00058211098001686545,-0.25696468241141479,0.96642061916124655,-16.976189569588016,19.052489233347025,-5.5674950389230755,,0.3660424391828433,0.2352941176470588,0,5
-0.93286262267550757,-0.32055279105030532,-0.16435703624984851,0.35210739036354249,-0.90774059684482922,-0.22809514350632251,-0.076077019305113056,-0.27065276091267443,0.95966628061217008,-13.26510656350305,22.963112744001929,-5.2809105025893102,,0.30621937996819,0.2857142857142857,0,1
0.45783391760909981,0.87527786350362391,0.15581003031652374,-0.88580224390806284,0.43416904637503273,0.16386465103015799,0.075779209379253587,-0.21303966961654516,0.97410041094105304,13.463758638117962,-14.245585991480725,-0.46052404038481276,,0.2965297133900637,0.3888888888888889,0,3
-0.96437800261756257,0.26297861578945303,-0.028588733879289698,-0.2613961491953255,-0.96395977486436379,-0.049533883648438089,-0.040584741630479461,-0.040296402828355296,0.99836319977545196,8.0064500692907465,6.1124621135333532,-2.2341922074765028,,0.8340426191753165,0.9487179487179487,0,3
0.26653894515047383,-0.954672149515572,-0.13250689664085485,0.96354634436844078,0.26063130769225484,0.060413274243657361,-0.023139424631717687,-0.1437790262518932,0.98933925356157293,4.3437158274435106,8.7373383923658423,-2.7344198707047456,,0.1082732122188285,0.2173913043478261,0,8
0.85525934017876482,-0.50942447199127516,-0.094964037263565837,0.5174711257971697,0.849310280048996,0.10438238438216789,0.027478992033826179,-0.13841515646600083,0.98999300475169949,-6.3797799252709,13.601698840370991,-4.1117846717630497,,0.09737116138505425,0.2916666666666667,0,3
0.30126939012458015,-0.94958449784450782,-0.086752729221376154,0.95299824802936195,0.2967860225329339,0.060929435267748806,-0.03211064974318583,-0.10103137276348691,0.99436490680765433,-4.6936133400121989,6.5829770161225563,-3.4724933333851848,0.2411046688814339,0.2269763723929451,0.8736616702355461,1,5
-0.22430053145166856,-0.96066376524654951,-0.16375103582213416,0.97232226818219891,-0.23189130661253135,0.028562715461889425,-0.065411607437234648,-0.15281214630995735,0.98608811449718881,-5.7707752709071105,10.904972840293095,-3.9136776273904497,,0.07403793963963839,0.2,0,2
0.95411135524696278,-0.28969481044788536,-0.075818458098067268,0.29636349333444933,0.94977339503080904,0.10049466607861822,0.042897571113133658,-0.11835292514853619,0.99204454713555024,-1.1582248743543317,5.3446297423268394,-3.0571632141842278,,0.08726534354251769,0.3365384615384616,0,5
0.36285031074996693,0.92159634296448278,0.13783988037990136,-0.93102515633492422,0.35232918483175191,0.095164614155285002,0.039138347693579885,-0.16286290599853059,0.98587213348868463,-15.256745585120681,13.104746510057431,-5.1185514120696114,,0.5256049768345898,0.5555555555555556,0,2
-0.29282554150930817,-0.94115030516655529,-0.1687877522946509,0.95273680245225056,-0.30213008464204355,0.031780453226045072,-0.080906041139346935,-0.15150417498898019,0.985139938012903,-15.028648513475011,10.71377174914161,-4.9674037649956091,,0.294040230157536,0.4210526315789473,0,2
-0.88166829225570265,-0.4644597077454789,-0.083295872117987432,0.46536575997427171,-0.88506886083176106,0.0093712875068356436,-0.078075168104078982,-0.03050067977851801,0.99648079593064232,-12.901275852219008,9.2585757486618796,-4.5810522982630948,,0.07207833468086947,0.4545454545454545,0,4
0.93699486534572085,-0.34232163851435649,-0.069688723051871043,0.34704145677129394,0.93497419690510442,0.073385818818846288,0.04003560412698022,-0.092947011390902959,0.99486582184518046,12.163809264403353,-13.869819727027261,-0.59052783231746908,,0.1005979351418318,0.4230769230769231,0,4
0.61294075617377908,0.78194330570182247,0.11343851237222513,-0.78598609616995685,0.58872772969950649,0.18874723020584275,0.080805235279830079,-0.20485196350284801,0.97545178609729344,-5.6216352345661091,-10.682192413879266,-2.4362018730178714,0.7897239967190293,0.7413800270310766,0.4054054054054054,1,2
-0.90453228654209539,-0.41759073168243793,-0.086251512542429645,0.41861355707416215,-0.9081394671013665,0.0067378131886192821,-0.08114205097634393,-0.03001148289861787,0.99625061026710526,12.867194861617794,-7.9690475152972136,-0.94395506085269165,,0.08449977052908825,0.3846153846153846,0,4
0.66882309681183916,-0.70597269026900789,-0.23297687817756088,0.74342130151287111,0.63485415943312096,0.21043993135185959,-0.00065850431372959251,-0.31394706057678934,0.94944026116826508,-24.101689763281403,1.688837684239251,-6.005674571988922,,0.3739163757146021,0.2307692307692308,0,2
0.15284801375927173,0.98540152476573062,0.074975460513541897,-0.9855961168580516,0.14644229972494291,0.084586921480796426,0.072372502541876244,-0.086824465680142224,0.99359133099840524,1.552296525215265,-11.769803559625281,-1.676654820170953,,0.3196754550087899,0.4615384615384616,1,3
-0.65848773058919885,-0.73759965712424025,-0.14946790449353842,0.74882557944324291,-0.66198441247007467,-0.032200764247767438,-0.07519415027099656,-0.1331291983632914,0.98824210409604019,6.6924148013404068,-16.078198251744052,-0.90998126868656204,,0.1737655173616093,0.4666666666666667,0,4
-0.87892116231794515,-0.46710864726794066,-0.096473323137479333,0.47022034872696705,-0.88247895403188681,-0.011122919305519846,-0.079940065503871144,-0.055139888812931089,0.99527341901054256,-10.33046355275779,-14.97276422283065,-2.7337442642337106,,0.1114480176393112,0.2380952380952381,0,2
0.834037283372147,-0.51626983443493168,-0.19454374314723796,0.55155935400873979,0.78844084109468804,0.27229270849466969,0.012809720944335091,-0.33440469217167079,0.94234251358139354,-15.892935661998175,12.301298969734187,-5.1652599464734941,,0.5700002385406707,0.5384615384615384,0,2
0.93577094137846895,-0.34713204474111503,-0.061903867290399775,0.35238034306012833,0.92695555447190559,0.12876914948274074,0.012682235468609719,-0.14231213422450878,0.98974058083721306,0.370580881090537,-11.408885821946713,-1.8040213844813846,,0.1173337320581678,0.4,0,4
-0.24094692760993577,0.96976447974739588,0.038748314745212516,-0.96923547339080429,-0.24249961263638972,0.042148961933872499,0.050271017457721633,-0.02740057830525729,0.9983596712168924,3.0438986165455502,-15.520848580984923,-1.2423284304582876,,0.1346862231623391,0.2142857142857143,0,4
0.52623740174285416,0.83938906759115162,0.13601540433123119,-0.84647424340929522,0.50187127745172755,0.17778238414880554,0.08096636493996956,-0.20868927638340548,0.97462466297081718,15.591972077390087,3.9911542082207649,-1.4447681350183299,,0.5123282886728149,0.2903225806451613,0,2
-0.51260876395453026,-0.79858691053769881,-0.31542225894007847,0.85598443358258347,-0.50407588909440959,-0.11488319066766539,-0.067252543307382923,-0.32888667402546684,0.94197168273104381,8.4280768200804204,-2.8081955330966215,-1.6306693758308466,,0.4811683887561135,0.4605263157894737,0,2
-0.2648096871941063,-0.94897204126905566,-0.17125388888373144,0.96309885896038416,-0.26913932387344763,0.0021476066094405313,-0.048129174492869763,-0.16436571794198829,0.98522459029809495,-9.1079385440981735,9.5096349424350795,-4.1945389789923668,,0.3145057481956291,0.16,0,3
-0.042986249872060935,-0.96941913252407141,-0.2416169030060035,0.98360504091103806,-0.083458996401820446,0.15986156327896453,-0.17513796223643296,-0.23078375466197071,0.95711313477968274,-7.9731340412612308,11.130061871614014,-4.1466755953546324,,0.2369101349996344,0.1666666666666667,0,2
-0.87340928187131939,0.48665120779300725,-0.018078393032389253,-0.48613409771067212,-0.87347481226128632,-0.026746801456257508,-0.028807384193239464,-0.014572381367405228,0.99947875431007793,3.0639460927530147,2.388617185696321,-2.3792117466232443,,0.08017217981967223,0.3497267759562842,0,2
-0.98082635508772986,-0.18173521217302033,-0.070370262339614187,0.18172113116468538,-0.98332758049239,0.0066558193492149151,-0.070406616546642431,-0.0062595606402974895,0.99749873496012231,-21.100863658391276,13.696170291572889,-5.8706978171516724,,0.125369531165656,0.5833333333333334,0,1
-0.45341831343442002,0.890717722505182,-0.032152322738320589,-0.8911319018946936,-0.45234278989996085,0.035636131258413882,0.017197862304174239,0.044810035044649268,0.9988474829980124,8.34847938263297,4.4299118402614885,-2.1007413515290438,,0.07868920797393654,0.2424242424242424,0,4
0.91234849954831776,-0.40301915681650946,-0.072081721752760924,0.40928893367536379,0.89346186982488374,0.18495528091921271,-0.010138251467402961,-0.19824592406385316,0.98009987728254067,15.882640939534076,-3.4999559905134761,-1.0061137217959293,,0.3751720844868393,0.2255639097744361,1,3
0.75135962282953017,-0.63636180163168743,-0.17464929030928722,0.65917841854827186,0.73609537968002536,0.15377712617264241,0.030700646600095759,-0.23066696650753987,0.9725483128670489,5.2595887486824147,-14.222571641614087,-1.1539166525663602,,0.2827822206539649,0.3846153846153846,1,4
-0.073234930132223874,-0.96382629823640009,-0.2562723391949418,0.99570802128957725,-0.08524187444704652,0.036046625089587385,-0.05658781978591846,-0.25253255170110839,0.9659322590032926,9.9200730542845541,-12.9790148999717,-0.83474285160903938,,0.1227928590817659,0.4375,0,4
-0.12755092551748531,0.98136460079584231,0.14371597581497705,-0.99127104953720724,-0.13100615232186041,0.014801837832704664,0.0333536766944387,-0.14057349806645486,0.98950827378669426,6.1359462381789891,10.398609182484545,-2.701156636551771,,0.1511585999693033,0.15,0,3
-0.37877510566713163,-0.91656240042834769,-0.12822942504697743,0.92269382868689209,-0.38474872683898909,0.024586900961705065,-0.071871536994674592,-0.10900359313711734,0.99143971014541299,3.2937821553910993,28.459072983802663,-3.9600616121675882,,0.2345728719395298,0.84,0,2
0.34451746624138624,0.92950698069021875,0.13162252201947952,-0.93544613096404072,0.32809765667221436,0.13150081273744235,0.079045882366011788,-0.16843010578383796,0.98253908214718,-16.851999605536456,-5.0976826571102114,-4.3403199463673046,,0.474089742909481,0.4909090909090909,0,4
0.83678008776335233,0.54680563538368609,0.028331640181968817,-0.54238952803468821,0.82071989688675462,0.17953398211063884,0.074917852352193129,-0.16559724625379107,0.98334371784849284,17.466869384315753,5.0036365542807664,-1.3827818083027272,,0.2002625735899665,0.1538461538461539,0,2
-0.94854952712715723,-0.28847277312209096,-0.13052683154852587,0.3076675497454826,-0.93712366590354079,-0.16474196076628225,-0.074796212607708384,-0.19642477942143402,0.97766192142722985,-4.2266579769975996,-8.6831083330440286,-2.4087039359902884,,0.6034073087970824,0.25,0,1
0.68136478810194212,-0.72706308866693403,-0.084387739825721717,0.7318242678050918,0.67879575944398096,0.06057687687897121,0.013238828737340459,-0.10303194678820307,0.99458994130983225,11.805453649800246,4.2565667159817959,-1.7859363891532016,,0.09301404085917178,0.5555555555555556,0,4
0.75251600335190416,-0.60108484805191131,-0.26910345620539511,0.65804879766831326,0.70259374691371168,0.27080215413663039,0.026295333931431759,-0.38086616053433103,0.92425619996474595,4.2080012646111289,-16.778590178309248,-1.0505086623436939,,0.4286337977582548,0.3157894736842105,0,2
