axis_00,axis_01,axis_02,axis_10,axis_11,axis_12,axis_20,axis_21,axis_22,location_x,location_y,location_z,dbh,dbh_approximation,score,reconstructed,number_clusters
0.38993029027790577,0.92061633328904868,0.020492330399830221,-0.9207371388443496,0.38944870746556981,0.023933771247293647,0.014053109140291046,-0.028200552030495016,0.99950349623633961,-27.65685963040011,-20.857260858081268,-3.5667813624252109,,0.4140936525865915,0.7,0,1
-0.74410578096440338,0.66722271720251847,0.033472860413228389,-0.65627582138761331,-0.72069004434002948,-0.22340077495653479,-0.12493451483625037,-0.18820123707896966,0.97415176505746592,-6.469107657345659,9.9019675390738282,-1.5693448409109378,,0.1551860769047808,0.3170731707317073,0,7
0.9121481363545404,0.4003454936782061,-0.087802409058586578,-0.39980823380524333,0.91627413490799159,0.02439438214307833,0.090217257365039549,0.012852835880229622,0.9958391692855656,-14.832520235279707,14.027700051888377,-1.9951168451724011,0.2825366396653547,0.2444677542395556,0.5897435897435898,1,5
-0.87345757245875477,-0.43043471832576252,-0.22759134951549279,0.47162657650478718,-0.86409921614776808,-0.17578656657204947,-0.12099686545045683,-0.26088023672297761,0.95775845631272305,23.459326638913382,6.1943810606679239,-0.5838100859568085,,0.4605126613246721,0.4545454545454545,0,5
0.10438504483687726,-0.95886196653029077,-0.26398388503101261,0.99310558028322915,0.11473160961728894,-0.024040885277734628,0.053339186577171134,-0.25965436044151047,0.9642274338966903,-3.3720956648379037,30.876459978940225,-1.0633643765384109,,0.2354595943996304,0.2142857142857143,0,2
0.57693107560720913,0.81663572894414083,-0.016019369855892196,-0.81428562979064234,0.57658502987723281,0.066997137535322701,0.063948785095303218,-0.025608387948903386,0.99762456031890712,13.758548803962201,20.741583964380172,-0.61788665330692305,,0.1722249270338687,0.1875,0,5
0.90023768442161467,-0.38786117795470482,-0.1978277487684646,0.41832226608687983,0.89649538008672791,0.14595381180048583,0.12074184545197063,-0.21414887372746749,0.9693098919530897,-19.013629611810558,-20.984155081009174,-2.860630857999682,,0.230456494059516,0.45,0,2
-0.55698182736324597,-0.78694387642902774,-0.26550062022141335,0.82956691581350162,-0.54249439411663047,-0.13235771431883103,-0.039874505323258487,-0.29397137225057457,0.95498212345694744,21.285293242929676,4.5946943534680695,-0.7389913734213629,,0.1452561242545976,0.2727272727272727,0,5
0.97545127634475792,-0.14723578053935893,-0.16375723619537855,0.17077243804527878,0.97526014504074787,0.14037244707980231,0.13903805911136227,-0.16489170514027149,0.97646256645837681,2.2399568980557443,8.5975741844000684,-1.2786960799081859,,0.5132734950554058,0.1940298507462687,0,2
0.60089845883122994,-0.78194838590690463,-0.16576418175178839,0.79545616569608357,0.60536975315865449,0.027873830320132662,0.078552725161755807,-0.14860748210711713,0.98577141652182487,-21.36193625356772,11.280810447516624,-2.4642806028914404,,0.1423168890125809,0.131578947368421,0,3
-0.41067936128935467,0.90413580495943535,0.11781726699139666,-0.90907158496728868,-0.39607476748220527,-0.12928121274562263,-0.070223326722889168,-0.16019745551746864,0.98458390177257105,16.418332289803679,7.8032476110968352,-0.76462746139604798,,0.4286183892996621,0.4705882352941176,0,4
0.75741350461159951,0.64857986881333352,-0.075292342253731714,-0.65058593351473382,0.75942736290624069,-0.0028325928113567427,0.055341902250794252,0.051129582820042242,0.99715747984754721,-1.8341919139827676,19.169779857875433,-1.1757330345008843,0.2080190654050403,0.2004757841469619,0.6923076923076923,1,5
-0.54378883527463506,0.83919403966085615,-0.0068604976749207947,-0.83292668773567746,-0.540691015087436,-0.11784039655988107,-0.10260036787618187,-0.058366000389008854,0.99300884916009746,-2.10902065017528,9.2582293604329191,-1.4008336098586511,0.1705035225241289,0.1562651231143647,0.2065217391304348,1,5
0.18722625519610875,-0.97123410074434413,-0.14714160158353268,0.98085199813137081,0.19301505941881139,-0.025971996443294183,0.053625433582762762,-0.13946149428741347,0.98877439513985332,-25.105694423014913,-25.837240457610623,-3.4878626681935097,,0.8186549552524292,0.6440677966101694,0,2
0.94963964710375948,0.31304115936154814,-0.013775819185256114,-0.29721566792326565,0.91381190966401427,0.27678627223389279,0.099234003192323908,-0.25875282858702309,0.96083275667966317,11.429919282651715,21.489062986536542,-0.6677589617820513,,0.6335489645063097,0.2,0,2
0.99317731099158446,0.0038451567511135053,-0.11655060575168942,0.016675240287526143,0.98450234343476295,0.17457683733191587,0.1154156197959342,-0.17532926321929351,0.977721271204683,-36.936210938430349,-16.124421351562706,-4.1523967476358248,,0.1391226665793301,0.1875,0,3
0.16024481865480378,-0.96535085512280649,-0.2059595217705521,0.98577356022603957,0.1672313730689752,-0.016856922042390626,0.050715737730679222,-0.20032821662244868,0.97841531037249285,-18.860376835003773,-19.556267264659404,-2.792167126626377,,0.1768658361665462,0.3529411764705883,0,1
0.78246720523513147,0.62233780620457935,0.020993515665402099,-0.61958957134735226,0.77476525154077924,0.12588712437162555,0.062079270365609937,-0.11150990975435375,0.99182241566595453,-27.196190230062459,-21.876265199022711,-3.5460632523565008,,0.4198598248863137,0.5333333333333333,0,3
-0.91748564499416918,-0.37184820064877872,-0.14124095335241654,0.38719329139591185,-0.91622835001589054,-0.10299012440598407,-0.091112273199796881,-0.14917951032707261,0.98460348738512049,-9.2681956715606422,13.299194252997614,-1.6849052133642299,,0.07884068926455795,0.391304347826087,0,5
0.98958148126771306,-0.074252487075558635,-0.12334934168893215,0.084288939500720014,0.99336485622238357,0.078240891483464511,0.11672132028829561,-0.087822722488985247,0.98927412925072489,18.157162090928292,-24.501527598276777,-1.3130920361498206,0.1527008348481099,0.1445739213150184,0.3636363636363636,1,5
0.9912644579169545,-0.055261601574049676,-0.11975362149879716,0.064117706552491355,0.995384436457319,0.071405485538534,0.11525490955727127,-0.07846004747650985,0.99023246097718354,-5.4371377739268665,16.946998387888129,-1.4107326609122037,,0.1191570309729529,0.4,0,2
0.99114318960778403,0.085756239250926514,-0.10139548867502163,-0.074576809075563757,0.99120388324385711,0.10933051445230225,0.10987937587288849,-0.10080044281567417,0.98882040507159263,-7.2232230435158833,-21.138396523134709,-2.1436866820515776,,0.1096631528861682,0.3928571428571428,0,3
-0.86655558303129421,0.49897252928881181,-0.010384437029453913,-0.49261068135746355,-0.85847618590476726,-0.14266518442471454,-0.080100799807668419,-0.11851182746683278,0.98971652942680644,-23.041324321797411,-24.5786606519071,-3.2733350605386762,,0.2753062733929981,0.2941176470588235,0,2
-0.78214389028253306,-0.60798945356866552,-0.13638093430894177,0.61950217687934084,-0.78225497681388423,-0.065530176954339284,-0.06684300812697043,-0.1357423132231976,0.98848674076355347,-10.610686762555133,11.302115116409224,-1.7830853508714297,0.3838928924560446,0.3347201494511138,0.8181818181818182,1,5
0.38095992116028954,0.92325661250298896,-0.049666547484726251,-0.92458982264720013,0.38051307604836643,-0.018532641836229106,0.001788386637667376,0.052981378103223495,0.99859389906383789,16.103268533108366,22.087089131342058,-0.52794342232293434,0.2531804511544288,0.1371950585050598,0.5555555555555556,1,5
-0.97714958299442078,0.18227569973000368,-0.10933554656088475,-0.17740513468713809,-0.98271968826632283,-0.05281507815368499,-0.11707309955949842,-0.032211544229965403,0.99260077865063812,6.4540233809003142,6.0898342766617199,-1.2402954698552786,,0.8128499927479864,0.7378640776699029,0,1
0.62674594736818401,0.77474282634291214,-0.083445014756742486,-0.77761211458112245,0.62873682483883253,-0.0030666509840350585,0.050089087776005223,0.066809865452480119,0.9965076643779458,-1.8425197339687611,16.444371869466487,-1.2341869236068839,0.2906368862221101,0.0812969351754169,0.4705882352941176,1,5
0.98674619513701223,-0.086626291933729699,-0.13721454707297537,0.11075436662997748,0.97753544323078945,0.17932631569286397,0.11859770931608278,-0.19214666995135882,0.97417361931617819,17.055793720483482,-8.7192942813439203,-1.1664965725715992,0.3247095733323609,0.2114944981723323,0.1923076923076923,1,5
0.84567243660293723,-0.48785976823344218,-0.21640465916717949,0.52504123961526361,0.83324087366165422,0.17332438709780693,0.095759211950173645,-0.2601970272673676,0.96079533737831313,-33.793437565494095,-25.244521873653138,-4.216725689026628,,0.3623014264342093,0.4545454545454545,0,3
-0.6582760037086226,0.74850183412330662,-0.08011059390274905,-0.74580101784087494,-0.66292655875992701,-0.065644645465079879,-0.10224257786714989,0.016534267590885068,0.99462207559771809,-18.966962508374102,14.986182846304052,-2.2184416415363017,0.2898281199921587,0.2686841106567457,0.53125,1,2
-0.94546108080522284,-0.26608877099816947,-0.18788323669583881,0.29763247999364506,-0.94007342025791196,-0.16636367204839222,-0.13235653189568475,-0.21321053086861394,0.9679994927639537,13.945847880608108,-25.362341478051487,-1.4173122660143682,,0.5312517305522865,0.2580645161290323,0,5
0.15986104271862264,0.98326323693661644,0.087394816264130384,-0.98693528407045816,0.15739947651490635,0.034411478457012257,0.020079643365325951,-0.091754082643552462,0.99557922650111641,-8.9835673669184537,9.2640052754555811,-1.6753314495185792,,0.6559675889037124,0.4261838440111421,0,4
0.89094425331753324,-0.41587038697790346,-0.18240109296632798,0.43811308726699144,0.89284792211112773,0.10430489320844877,0.11947912054349819,-0.17284215115731796,0.97767598443321813,-5.4103912802107699,19.170286084458983,-1.357856849142123,,0.1137706699382672,0.28,0,5
0.69247066815397573,-0.66102364826057081,-0.28901922113705697,0.71414896286161078,0.6848917486721644,0.14461864141413405,0.10235053781036786,-0.30654694426966561,0.94633679964844375,2.0056156035324779,-24.948711021126119,-1.7324603281832209,,0.2128067527130743,0.3157894736842105,0,1
0.91091801404993944,0.41099041210927345,-0.036266414677558236,-0.4016722552940189,0.90347160335633814,0.14966115479891401,0.094274975504274772,-0.1217618293348843,0.98807200441602017,-30.80281421356235,-17.016586780562882,-3.6825284193793761,,0.1678068374889645,0.1764705882352941,0,3
0.93665804896261007,-0.31445104255340556,-0.15424733758036746,0.3326636478764502,0.93650001634481772,0.11091716173653281,0.10957461702004136,-0.15520393430332646,0.98178670905735888,-38.37285189365727,-16.011365236129254,-4.2645197011070461,,0.4885748416222584,0.1111111111111111,0,3
-0.84643947743892012,-0.46475082505253706,-0.25989782924432647,0.52659176066760993,-0.80300762077544219,-0.27906966616518747,-0.07900207990878183,-0.37307563789337517,0.9244313061447762,-29.760827946909902,10.370493294910919,-3.0788719647862823,,0.3662090621604048,0.55,0,1
0.23692285531348836,-0.95168123957427098,-0.19537241072496142,0.96974042430413343,0.24385071260290189,-0.011846494565745561,0.058915788211167282,-0.18665381915577337,0.98065757616714544,-28.392482320332885,13.797797162775613,-3.0135110900234654,,0.6624630273573358,0.4705882352941176,0,1
-0.86559967009873584,-0.45463297117616108,-0.20987156225771966,0.49717359056959559,-0.83022082468691505,-0.25209482957076929,-0.059629120110028411,-0.32255579947617585,0.94467037862906944,-24.155068410378625,11.995775171274632,-2.6495228242785682,,0.3215365636389564,0.1666666666666667,0,3
-0.96842437385540781,0.2468943762502922,-0.03460345501162139,-0.21989264043291573,-0.91130090319415991,-0.34810614835269649,-0.11747961017215972,-0.32950543366307067,0.93681626287138609,-23.957689799770819,11.03383658051901,-2.6187098668471047,,0.3704656996672363,0.2916666666666667,0,1
-0.9044312994856456,-0.4068225635781621,-0.12845009254336104,0.4181518550192031,-0.90503400229999886,-0.077861934376458344,-0.084575709602137908,-0.12413241496296103,0.98865468840275961,-6.6431626736295639,15.57853773231755,-1.4920431872893076,0.3172204888725433,0.2836322323874949,0.8090909090909091,1,5
-0.59212089663550949,-0.78676954647390429,-0.17431730983699376,0.80584897836057634,-0.57796256992120709,-0.12871166165227038,0.00051753528891915505,-0.21668629054769414,0.97624115035471848,-0.010998810082983618,14.22375258068921,-1.2215368629616559,,0.1045170138480921,0.575,0,4
-0.011009266581131957,-0.95894255554084329,-0.28338661087309996,0.99956611956728803,-0.0028109633834453598,-0.02932014832927925,0.027319748581192689,-0.28358644829690505,0.95855743577513775,8.6480618694904958,16.642814665546691,-0.87690502591270514,,0.5395806376734666,0.25,0,5
0.82840352813099438,0.55975836669511903,-0.020449095210628845,-0.55431626210859841,0.8245032968829924,0.11370046170103137,0.080505131153687945,-0.082854597602598834,0.99330460560396017,-40.217937276541768,-15.854689775204212,-4.4128987360314369,,0.2435650055962922,0.25,0,3
-0.57581124685142948,0.81205951753004568,0.094872271967480645,-0.81314715781276869,-0.55674775776186736,-0.16977524545159559,-0.085047679218298852,-0.17490361407358768,0.98090550923296327,15.869779690079891,5.8131561042421795,-0.87668208820287863,,0.3849750557719761,0.3939393939393939,0,5
-0.14911226764060811,-0.9724940727426522,-0.17894359479870917,0.98880920379260662,-0.1475049252693329,-0.02233059596874877,-0.0046786893577902659,-0.18027083929936483,0.98360588365676005,2.7768398863259303,14.513200813270029,-1.1055910690915991,0.3015112282863779,0.2676762426602674,0.5892857142857143,1,6
-0.61850130290055272,-0.76902207208578544,-0.16143478855316468,0.7839792214949094,-0.61783315142291573,-0.060487827428876463,-0.053223289775771752,-0.16397331992648914,0.98502793451644344,-29.472743726461633,11.977136734572005,-3.0816691890939083,0.6914374984145629,0.5550838826935367,0.9108910891089109,1,5
-0.89025718078685201,0.449426969898231,-0.073875237972828592,-0.44058892539301409,-0.89089578324292373,-0.11039067995536465,-0.11542768679340537,-0.065727483810604809,0.99113891407483912,0.81045202485535828,11.870765315989097,-1.2573844371452085,,0.07497926995628473,0.36,0,5
0.92048818493467766,0.38441854415804988,-0.070170394776326278,-0.38016798162178489,0.92250252306152136,0.066793717479589718,0.090409109857792061,-0.034806290416107409,0.99529629508111239,12.849397348009026,26.269714754656349,-0.45081716771432817,,0.3210638912201082,0.7083333333333334,0,5
-0.98761757551625151,0.091741645224235335,-0.12725955784518569,-0.072056885292423059,-0.98583065766797029,-0.15147844626841298,-0.13935325548172958,-0.14043284848456383,0.98023430120209321,18.350573940226194,5.4476280800997756,-0.84580358611365591,0.9278716202831074,0.7032128209130815,0.5934959349593496,1,5
-0.37221717586817626,-0.90162711528016615,-0.22027918417382467,0.92810429424457475,-0.36380703628447353,-0.079163497615304404,-0.008763161159065648,-0.23390807027863394,0.97221922510564796,-8.6371209412528707,11.150981312082443,-1.6575607326593786,0.4371824019168715,0.4276241349070619,0.1111111111111111,1,5
-0.19119238801949648,0.98008771842670961,0.053605363094832902,-0.97987827776318781,-0.18739292207201616,-0.068720110049098518,-0.057306470238981208,-0.065665492813484994,0.99619476585771671,3.2046684030235411,-23.460780726625202,-1.6774648213193328,,0.4907564434275315,0.5,0,5
0.25356330067247346,-0.91566375820263146,-0.31187422860235547,0.96548509582902675,0.25941054986201184,0.02333873073464867,0.059533035233360114,-0.30702776508733254,0.94983670658770725,0.37989339376022668,22.399134965147528,-0.99833608701287302,,0.6184860416608124,0.6595744680851063,0,4
0.97658250082392517,0.2059496770143816,-0.062220170541070721,-0.1978626723220199,0.97332443220390619,0.11614608291514848,0.084480660426378293,-0.1011151828985906,0.99128136157264013,-4.5495985481016987,-28.184306870872575,-2.1696664412803726,,0.1941324053976694,0.2,0,4
-0.3888238175459191,-0.8691781275182513,-0.30552482968309519,0.92127045325452961,-0.36995916160943393,-0.11996237202322352,-0.0087630399526297514,-0.32811522577459162,0.94459706105073049,8.1156356814166468,18.742463282570398,-0.85461715431266949,,0.7316484689615383,0.375,0,4
-0.32097277326163276,-0.93325654015070492,-0.16127215844860462,0.94707440762018458,-0.31720674554442663,-0.049294492714595912,-0.0051522088090990813,-0.16855892396147001,0.98567811373558367,2.1841453427057003,22.336124504664308,-0.93001662873659285,,0.2662281289951724,0.2666666666666667,0,5
-0.54066389871634291,-0.80829139263931526,-0.2331256596988861,0.84119266082652633,-0.51656103717758828,-0.15987370716163221,0.0088009088413196681,-0.28254153580528824,0.95921469158283668,9.1519129245906452,-29.443734163196542,-1.4772869466350547,,0.5669294905613005,0.2352941176470588,0,2
-0.68001303733352303,-0.69385067563595137,-0.23696731626106271,0.72978458598511853,-0.67167965929507178,-0.12751820790689369,-0.070687531538214249,-0.25964913866367872,0.96311245328686501,29.670426328745428,3.2462952158260654,-0.52524185623688391,,0.2482199304471703,0.5555555555555556,0,4
-0.063098396081780861,-0.9793939847138301,-0.19184893827768307,0.99794983732766174,-0.059855004317221815,-0.02266055241780824,0.010710489699428704,-0.19288546125758912,0.98116282249474118,-17.81722614461528,11.459507490934335,-2.2310810298196002,0.4049828930391653,0.3307709581785697,0.9444444444444444,1,5
0.4660632736142733,-0.85240895835417518,-0.23703162806996156,0.88083363784010738,0.47222193679380914,0.033742330388782604,0.08316926978944246,-0.22451149219639799,0.97091578544920032,-28.691152455580465,-14.984511252286826,-3.4406077814129739,,0.2584795454387153,0.2307692307692308,0,2
0.34240735989474663,-0.9230452852444212,-0.17534138495504739,0.93748579739093096,0.34802090799884755,-0.0013517714111217799,0.062270214229595208,-0.16391720161014939,0.98450676556136385,-1.5248389366984982,18.207826178040754,-1.1752068194198519,,0.1599555101420323,0.2307692307692308,0,5
-0.39485050574487801,0.91619658561993411,0.068387825023090529,-0.91566989718452974,-0.38635154679765343,-0.11082022232938156,-0.075111367336023069,-0.10637809354108312,0.99148473700379158,-2.7327531926256885,-31.740491348567094,-2.1042808343164547,,0.1925257894650341,0.2727272727272727,0,1
0.93234731417400507,-0.32605284564368958,-0.15626268780541225,0.34294569832181943,0.93438017863483502,0.096550141257761415,0.11452830984118723,-0.14360788147586614,0.98298527080670706,11.265870417582432,10.470007792729136,-1.0258027181303311,,0.347956669114411,0.6263736263736264,0,5
0.97474733771249478,-0.18397535163859499,-0.12657289445952233,0.19456635765067395,0.97785937914819343,0.07703873754457595,0.10959726316362138,-0.099720131374599369,0.98896124054771695,12.329434190175718,19.580985485960756,-0.67737351059336892,,0.1962505976874883,0.3636363636363636,0,5
0.16549031655376065,0.9741873062144023,0.15353191048659229,-0.98611696474924326,0.1656114824588851,0.01209002528990857,-0.013648698131189392,-0.15340120367356089,0.98806972615844624,-27.284071463164437,23.952335239008061,-2.8482140839421728,,0.3930599416639824,0.3888888888888889,0,1
-0.61240758201795331,-0.77006309981989662,-0.17877297274111351,0.78921560239001298,-0.60863733152225241,-0.081849444846254116,-0.045778667860607594,-0.19121563998073768,0.98047992972608278,-19.65549978336437,10.317892516950915,-2.3553540598915488,0.3597025421575579,0.1480350248255497,0.2448979591836735,1,4
0.87385244764220749,-0.4652739048137835,-0.14107477892613177,0.47150199486017652,0.88177722095798039,0.012441922781264225,0.11860762451291557,-0.077389444363912596,0.98992075708535776,-9.2987359129057712,15.156430942274628,-1.6602487252967117,0.2447237360532636,0.2449353447920354,0.4736842105263158,1,5
-0.98237095414386089,0.15895567511048367,-0.098389032949052879,-0.14609369706925926,-0.98115508636959792,-0.12645682333390246,-0.11663592984631685,-0.10985349262193118,0.98708068060703524,-29.380295195134465,-21.769705514559135,-3.7292766524762486,,0.2968983070582155,0.2666666666666667,0,1
0.89088614606858418,0.45376469099292366,-0.020481209709444753,-0.44605177801317025,0.88247879697380438,0.14922796059370802,0.085788612731267103,-0.12380944269224461,0.98859068164022323,-27.893807013820322,-19.697872565641998,-3.574234419643735,,0.3035652478624272,0.4,0,3
0.066219406492595237,-0.98058952066242333,-0.18455129956412386,0.99719139295009596,0.071522801993117363,-0.022221940088585797,0.034990227635952761,-0.18256144379931893,0.98257162752030058,-10.597138579341532,14.017944386808178,-1.7419955711378992,,0.08455047307103294,0.5,0,4
0.88029246708723585,0.47055233770203775,-0.060544775766492094,-0.46867488592538703,0.88232062419942325,0.043060044300547891,0.073681908853481526,-0.0095296167544761667,0.9972362622328873,-1.8850397702510191,23.985991650884706,-1.093718918882864,,0.4949768302374878,0.8793103448275862,0,2
-0.94379745807539128,0.32903851565588987,-0.031305164835873665,-0.30903448897978331,-0.91206149675793269,-0.26952089112476318,-0.11723498945040532,-0.24469875632428351,0.96248557178895688,-9.2007008151099861,17.194983910378866,-1.6125586140197701,,0.538223464418448,0.1694915254237288,0,3
-0.36858191691630149,0.92896828858330183,-0.034136334438763842,-0.92692622905388755,-0.37005648270257185,-0.062176888807180954,-0.07039272983940878,0.0087245868906032208,0.99748120040898203,-5.8283179160909224,12.652121484541642,-1.4917394272395399,,0.1952070743066199,0.2439024390243902,0,5
0.97603700441598684,0.20137079016714193,-0.082471636810043061,-0.18845990140481786,0.97172226965184849,0.14226277174702612,0.10878709286102439,-0.12331113303396808,0.98638721245600403,-7.3699148848346461,27.687618126089021,-1.3675650277097899,,0.328650648571969,0.2857142857142857,0,5
-0.92484185323661883,0.37728318250529447,-0.048217701112082442,-0.36140928935907962,-0.91120029428972615,-0.19773049651301275,-0.11853637444608503,-0.16544311374304524,0.97906981571703278,-6.5014558617971678,-29.767118270612865,-2.3044407561013927,,0.386709309888426,0.2105263157894737,0,3
0.93609297108390344,0.34818575256077627,-0.049966300653501036,-0.337760620729114,0.92940778424467574,0.1487243546635377,0.098222770129913345,-0.12234317430526317,0.9876155300160675,-5.6572392272299821,-21.692987582522814,-2.0514482592338767,,0.1384586575359963,0.3541666666666667,0,5
0.16610583423437225,0.98442955165539558,-0.057509213704082941,-0.98608182768697306,0.16539439073219389,-0.016950652490300651,-0.0071750218692187718,0.059524392830881102,0.99820106477567594,1.4825559406434152,10.292766357851725,-1.2530300033051582,,0.1053989184822448,0.2380952380952381,0,3
0.34326450148152776,-0.87916514415502178,-0.33051192312156591,0.93562618851599166,0.35090744910801297,0.03830923548627773,0.082298951303610465,-0.32238581151065709,0.94302400348609305,-28.263877856635684,-17.579913797448068,-3.5096005200826226,,0.4431337041565323,0.2372881355932203,0,5
0.24226936378464348,0.96866888378329818,-0.054645667361683394,-0.97011698147573144,0.24108600564256844,-0.02739671760863573,-0.013364042195382697,0.05965007521647489,0.99812988678972514,-21.225956684922327,12.49109467504538,-2.4275657162008026,,0.1295660481646277,0.3333333333333333,1,3
-0.73298681103219276,0.67439977100746407,-0.088967880259872928,-0.67228224615153986,-0.73813688330304317,-0.05648471489800326,-0.1037637526417363,0.018408975331298601,0.994431593054522,-2.7599902052241565,14.628476405854778,-1.3327026499465522,,0.1157027577555135,0.4193548387096774,1,5
-0.98062127157424095,-0.12798584567811136,-0.14832917798659012,0.16463114935960227,-0.94874726530374076,-0.2697688107235709,-0.10620031260149462,-0.28896063725831617,0.95143220658048622,-0.55852316195654372,9.7189069341017653,-1.3428680784269109,,0.4142050766483772,0.14,0,1
0.90635392149024141,0.42185266442001157,-0.023725482524036914,-0.41883047867320761,0.90442718566146496,0.081194186804561003,0.055709955426595181,-0.063653714410229975,0.99641587979525281,-8.0279034475500541,-22.294613892162115,-2.2097178218489151,,0.2541719310344123,0.3333333333333333,0,4
0.96016275205370294,0.26296995693157776,-0.09452138022724145,-0.2606634168060819,0.96475099755594196,0.036195246287230289,0.1007078582218765,-0.010115061355149059,0.99486462035100198,-2.7117971556680591,-27.179139193922037,-2.0128801525184699,,0.06746264870988519,0.3571428571428572,0,1
0.98108380259889894,-0.14217939417392372,-0.13137576698318723,0.15757437085464379,0.98074962154418555,0.11532778282226687,0.11244949945574623,-0.13384767354449154,0.98460139668745106,-34.962114872038313,-16.962560009146312,-3.9996753939551679,,0.1369508919214374,0.2857142857142857,0,2
0.97706149180804902,-0.15589432355773467,-0.14507860320635702,0.17204871480861439,0.97933005193510392,0.10635736509284272,0.12549932652622212,-0.12887827303026878,0.9836870995302327,-15.207300130412911,19.378026720736145,-1.9295055418690052,,0.1155632997468894,0.3571428571428572,0,3
0.57645179545001035,0.81711234778553576,0.0055442419561887489,-0.81380757303042939,0.57348259412057268,0.093994405785990012,0.07362446333102933,-0.058695190068250302,0.99555728768467666,-7.7131726831789127,14.604183197586268,-1.5727272701604096,0.3355039217663354,0.3429364218569505,0.1818181818181818,1,5
0.84902530513077723,-0.51181917946545197,-0.13113793798478893,0.52091893532995837,0.85237420663461338,0.045844025550953585,0.088314744308601312,-0.10723497281822383,0.99030357292215287,4.7865158162839982,-32.329431302117548,-1.6579028042852795,,0.2983399448852105,0.5,0,6
-0.39357813241636674,-0.88055987024180693,-0.26402759061010384,0.91900117613674681,-0.38409056193413804,-0.08894536802101688,-0.023088783920354908,-0.27764861813603514,0.96040520245583294,2.4530748823409994,25.888336292259822,-0.84446034518627688,,0.2553401535605974,0.3888888888888889,0,5
0.67811881561311227,-0.68101418579059181,-0.27635945915319626,0.72597042046262128,0.67928009619689356,0.10744998615199405,0.11455051516599407,-0.27349265010730411,0.95502876910200407,-29.502218450703786,-17.661563077210204,-3.6221262852820235,,0.422615627264213,0.375,0,4
0.081777512547868386,0.99381864422080435,0.075079563401805521,-0.99618087671590838,0.083819290262579296,-0.02445378182208037,-0.030595740014054917,-0.072793055843260207,0.99687766135769795,-5.3226447946483741,-29.917607835167111,-2.2439516417905705,,0.2580713771867372,0.2666666666666667,0,2
0.35495607215068609,-0.90334142797427019,-0.24079130247739686,0.932209193015893,0.3614652687868628,0.018135046663755452,0.070655553921914249,-0.23090501069973624,0.97040747561719665,25.267121160448053,6.5656546366379498,-0.51607283355349876,0.4328498611720889,0.2586921200392589,0.3888888888888889,1,5
-0.96673119631862636,0.25421667747682625,-0.028366793209673603,-0.22719613832796123,-0.90430535263825196,-0.36140523504601957,-0.11752748101282078,-0.3429368893578672,0.93197724281461447,-14.859831681664497,-18.512421370981826,-2.4915378328084432,,0.464803138760258,0.15,0,1
-0.64947119132740383,0.75803605340118685,-0.059737035243778491,-0.75376516299198715,-0.65217090249166099,-0.080691963682119033,-0.10012617387789656,-0.0073794096759886843,0.99494738233607505,-16.075481983070425,17.114990594493047,-2.0112681518255036,0.2175373419624794,0.2390991063069117,0.275,1,4
0.88988269577555446,0.45358778004986389,-0.048650935742980267,-0.44150819988815987,0.88317036886368638,0.15836858587704938,0.11480112016329848,-0.11944967706367342,0.98618075293459051,12.139464719083087,-22.446721727051116,-1.4044610186093487,,0.1644384388517221,0.391304347826087,0,7
0.95264153473934898,0.29953568625211963,-0.052464072954075056,-0.29509812368902988,0.95224985838784093,0.078340950948734847,0.073424816545040197,-0.05914879425491084,0.99554518554082638,-22.720557494666895,11.466883639482059,-2.545888167011487,,0.7164050341350078,0.8846153846153846,0,3
-0.30417443796844151,0.94924891419090052,-0.0800275589655048,-0.94996708530405682,-0.30851718889520191,-0.048781974079729618,-0.070996113453454607,0.061185317385766338,0.99559826677777297,-13.494365467304453,13.606340715406642,-1.8976976198024909,,0.0962718566501941,0.25,1,5
0.21090794239799165,-0.96713181727913067,-0.14203481207018115,0.97594526468213472,0.21654397338821221,-0.025289284959506893,0.055214854685702704,-0.13328449120438415,0.98953856126298856,-22.706627518914761,24.417938967908682,-2.4534763278572242,,0.3226411491692895,0.775,0,2
-0.84341107321691466,-0.48795019883259172,-0.2248607681084642,0.52578231177485035,-0.83569350113853924,-0.15864845659352275,-0.11050213662997022,-0.2520336795232867,0.96138873624885324,-2.156052814285597,7.2981440975476897,-1.4405646975539157,,0.1777255613089076,0.2407407407407407,0,3
-0.98151832300990149,0.17550993131080908,-0.076276114263285219,-0.15165016826798661,-0.95646071031396862,-0.24936947706162854,-0.11672192621834997,-0.23319342537253032,0.9653998230282127,11.648416328999447,-25.754543649282937,-1.4712792044366108,,0.2358627809917317,0.2631578947368421,0,1
-0.83064385951272002,-0.52836152471078346,-0.17568402846903564,0.55295855728682575,-0.81978795465534449,-0.14894476602176704,-0.065326966691290358,-0.22086604222311509,0.97311385706689657,-24.381972536505657,9.769566467011062,-2.6596552169837184,,0.1793343579031628,0.1538461538461539,0,2
0.97300704219191636,-0.19363025308606727,-0.12555724166595683,0.19877646198848253,0.97959404924230153,0.029722329121594147,0.11723998466512724,-0.053877859821048764,0.9916410450444374,16.765327659210016,-24.163771976187043,-1.3812603710286755,,0.08064279259751858,0.3125,0,4
-0.54464087929060623,0.83526139714058256,0.075529537614881431,-0.82960156834140408,-0.523355438403173,-0.19457729286662906,-0.12299410722078769,-0.16863417073827333,0.9779749311962842,20.125438994240668,-30.230574910496493,-0.98972379172991853,,0.2810905784069184,0.25,0,3
-0.57668715291736083,0.81652916711147461,-0.026684207245337412,-0.80369140125095118,-0.57287863019162499,-0.16090433998202752,-0.14666989880460465,-0.071345597804006386,0.98660921669049795,-4.2936546389532069,8.0887767418309249,-1.501364560523059,,0.3173251584373131,0.2230769230769231,0,3
0.089258668887056497,-0.94702845830073612,-0.30849633579192193,0.99508234274651686,0.09814420377831469,-0.013373347330600064,0.042942067749644208,-0.3057855693672481,0.95113151792175066,-25.690706311526274,13.002485961387849,-2.7920049097714834,,0.3403186314222018,0.1578947368421053,0,1
-0.977159213724488,-0.12715010322201342,-0.17027249420846616,0.15581909844967246,-0.97352528184075715,-0.16723915263838701,-0.14450010239329275,-0.18995098543441613,0.97110161339626189,5.8193396106229685,-26.567184266631831,-1.552691815489881,,0.2626300109748959,0.1,0,3
0.18749910213257534,-0.93798273763097628,-0.29160327605460357,0.98217671503112824,0.18300534338903451,0.042871257757661346,0.013152457950525765,-0.29444427010448149,0.95557814157320442,5.5091310031956331,-28.035180301481098,-1.6045701166829469,,0.3268166922461843,0.2272727272727273,0,4
0.98309562640881909,0.14024883655924106,-0.11769984358371635,-0.13420047789943124,0.98926310216585478,0.057868354259944209,0.12455208174661826,-0.041094750722804267,0.99136168999796181,15.832462842294303,-23.619203440307043,-1.4047083000253167,,0.1221159984042036,0.1333333333333333,0,3
-0.94909133714778471,-0.27004465882839185,-0.16217742133012086,0.2993115832805322,-0.93357270518969582,-0.19711565193787747,-0.098174384974549875,-0.23562233842114982,0.96687326148354003,-29.392060727057121,18.791629818696538,-3.0400301858914398,,0.136146362016035,0.125,0,1
0.19624269025110641,0.97427334668232002,0.11081630054933271,-0.98009996676288269,0.19833879772453245,-0.0081102693286520689,-0.029880791060555953,-0.10701947141347079,0.99380781394793671,-1.4798402344163679,4.4549360908434013,-1.4913185459966007,,0.2887608423711296,0.3177966101694915,0,2
-0.99001283349887736,-0.0814597205408399,-0.11506043384644349,0.088448513883413918,-0.99444892543199814,-0.056992939027206757,-0.10977909591237789,-0.066600665436252524,0.99172218966004222,4.8013731037114029,15.456929911341291,-1.020654755327201,,0.3404534386419346,0.1714285714285714,0,1
0.54058462352691683,-0.79009809441898049,-0.28898661907042728,0.83655873629217603,0.54121339645990663,0.085191198052194467,0.089094026396262543,-0.28780733258175789,0.95353510358700189,6.8408492014092843,-26.388279270498121,-1.5136666567056294,,0.204203229775048,0.1666666666666667,0,1
0.98034904961560565,-0.12156829229365936,-0.15536052016706864,0.15895476113494236,0.95320846715328644,0.25715171020200389,0.1168294690149371,-0.27679372907651895,0.95380087372239419,-35.068012972313831,-15.880197030610121,-3.989512950313598,,0.2013548588869949,0.1428571428571428,0,1
0.0012184342789892161,-0.92410447156474329,-0.38213798692612883,0.99945247929951309,0.013760542166361939,-0.030089684301167562,0.033064437693146063,-0.38189209616504793,0.92361527155342216,-29.629352109817656,20.494486131807808,-3.0361155130542512,,0.781811810075685,0.5,0,1
-0.51667503051673291,-0.79429257563571842,-0.31960321827307803,0.85566371091375992,-0.49201880171982915,-0.16049022580667066,-0.029774597660182318,-0.35639416808382141,0.93386116221310667,10.39619037989136,-22.200215047176602,-1.394359435786396,,0.3405546016509836,0.2391304347826087,0,2
0.73291600402954193,-0.63229654510764222,-0.25106813832565078,0.66900624664869857,0.73687454258623486,0.097193366200312561,0.12355068993085193,-0.23920072644803286,0.96307748363480294,-40.838730279287454,-18.854007058273616,-4.536370050852109,,0.4896957814898292,0.3125,0,2
-0.92351210343323442,-0.34867415839144628,-0.15984907282289737,0.36880128793414374,-0.92169865225212355,-0.12023811564864127,-0.10540875120425268,-0.16999389902768852,0.97979133975705457,20.327141943297512,-34.003717597539577,-0.84139097251406902,,0.2801741631151479,0.76,0,4
0.16771466237325205,0.9735467616305773,0.15517246838161233,-0.98574473417160802,0.16774558713562529,0.012989882581087058,-0.013383238695179064,-0.15513903736693987,0.98780198825821741,-1.5241780381355121,0.39145180539875507,-1.6112601146009469,,0.2043810550983953,0.332,0,1
-0.071012434516773637,0.99296207070851561,0.094781645260351335,-0.99643098316611167,-0.06626984027167257,-0.052283879513518886,-0.045634744774328412,-0.098156173543110029,0.99412415505547302,2.6657259178812547,15.744013536853686,-1.0910110030991576,,0.1594405983632396,0.1666666666666667,0,2
0.8290320048826828,-0.52256798070693555,-0.1990694361776216,0.54778543602232954,0.83047027058533152,0.10124349735046391,0.11241463855755886,-0.19298143748506735,0.97474156258167821,7.318561778055904,-22.815735951175089,-1.4981878151906383,,0.229498097215375,0.2307692307692308,0,1
0.54518295720245757,0.825164735736028,0.14791450934129091,-0.83796703006048223,0.5313070399473111,0.12459568946814124,0.024223949050446798,-0.19187492853449539,0.98112038613632135,3.0291999525780122,19.254309812190158,-0.99956216526636277,,0.5873189828098595,0.3670886075949367,0,3
-0.97868725207450746,-0.1347650991142687,-0.15495041364117368,0.16589553846872132,-0.96357465792743058,-0.20976784528666131,-0.12103690735896425,-0.23100269838414669,0.9653951628199825,16.735800107062264,-24.949879043795377,-1.3607266945647538,,0.2732185870481995,0.2,0,2
0.66838807864796934,0.74376805756717435,-0.0081518626109449814,-0.74241948348531706,0.66776652659286739,0.053862570524364127,0.04550480043545424,-0.029948998394759497,0.99851508282673429,-31.8781613917578,-19.380235211330355,-3.8890156123357293,,0.188106518784117,0.3333333333333333,0,2
-0.35816699394059637,0.93365440566443614,-0.0024197592742412457,-0.93091535927355928,-0.3573123349108614,-0.075660354143558206,-0.071505232816465966,-0.024846450529943314,0.99713071137936893,0.61485454337327228,9.1033677726445248,-1.3028075517294351,,0.07767348909626201,0.25,0,4
0.44270225639494648,-0.86991238865280673,-0.21741009233977901,0.89366282699634614,0.44788895210593865,0.027608662161408552,0.073358461186979695,-0.20651373477280496,0.97568981419427891,-11.186770654320464,-20.047170009090042,-2.2962271709995714,0.5294859806972648,0.4076205862730769,0.1764705882352941,1,4
0.74293928927257891,0.66934199578948927,-0.0047439569663991019,-0.66642380599679196,0.740326047046869,0.088298668533040678,0.062614081929754734,-0.062439064186619556,0.99608274757049864,-42.227027717461354,-17.491314548725107,-4.5994265174877658,,0.1239228868741317,0.3333333333333333,0,1
0.55553449163222257,0.82130608231617686,0.12976034740004982,-0.83131638450130085,0.54539042598473397,0.10706237482830226,0.01716092848925874,-0.16734874482542159,0.98574839596052244,10.424637067479919,3.8589857436416284,-1.0321079885603113,,0.2622508970584859,0.3114754098360656,0,3
0.96479487794249685,0.24147876996387008,-0.10420579231817426,-0.23921071526459628,0.97037469364761442,0.033929156059330424,0.1093118346681746,-0.0078075338638091884,0.9939768434005104,-16.763149511023514,12.754485734379701,-2.1373063362331242,0.3239130880279337,0.2623561321421147,0.6428571428571429,1,3
-0.036178101728878684,-0.96722468703706532,-0.25133155341370372,0.99893055691812893,-0.027755321314214574,-0.036978163745389606,0.028790404834441802,-0.25240056839237762,0.96719443012492234,23.913021676157552,24.148531688046152,-0.20363247324968387,,0.4483473200621929,0.4,0,1
-0.29708167181946005,0.94809840678861468,0.11336618240835372,-0.95305497898637614,-0.28714450605981773,-0.096094951318686617,-0.058554993794142383,-0.13659225338412431,0.9888952770729641,-7.6584091313334239,-25.892988874585356,-2.2751329581503916,,0.2256605562430545,0.1428571428571428,0,2
0.97098074057504857,-0.20546034911024746,-0.12240280379070882,0.21382106778061977,0.9750606910012849,0.059474362857065269,0.10713053908894099,-0.083920759098053396,0.99069690308737746,-8.5866285119992138,-25.367880033739315,-2.3147623562586737,,0.2104115229194604,0.2857142857142857,0,3
-0.36683026856420481,0.93003609376139762,-0.021642974983962095,-0.92748685372871087,-0.36743078502850024,-0.069012711682409064,-0.072136608081698583,-0.0052423767875979781,0.99738098400765951,3.7347134164904991,14.452707534919684,-1.0833479355261104,,0.09044335684163092,0.3333333333333333,0,4
-0.99308331486054047,0.025522177904110183,-0.1146043113527254,-0.0098989246230880359,-0.99081317772424815,-0.13487497224943104,-0.11699376494885481,-0.1328076250936269,0.98421267705719173,13.005875360977768,22.455820401740962,-0.56482216978009547,,0.1637566270526008,0.24,0,4
0.46828130294870685,0.88020631164261176,-0.077132809187605664,-0.88328177225647231,0.46860220637170336,-0.015009429803872845,0.022933209721433978,0.075158639743423364,0.9969078426633986,22.423893893153689,-28.825657503092916,-0.97624024056205871,,0.3809104355853678,0.2857142857142857,0,2
-0.21643829340352921,0.96622116044481454,0.13989687007665152,-0.97464578073116559,-0.20551387091507151,-0.088485314964910439,-0.056745636409365217,-0.1555015047199835,0.98620444877232061,-30.871458673466382,-19.746609587938071,-3.8113074542977863,,0.5195319411430228,0.15,0,1
-0.73722768115742521,0.67230969313770095,-0.067044930071825409,-0.66729318506351532,-0.74007525077625425,-0.083716356563418901,-0.10590161142794113,-0.01697939049420848,0.99423163749470911,15.373212524595033,25.183474066154506,-0.38009810237165664,,0.07174427953003935,0.25,0,1
0.67379996682308685,-0.71456297344090081,-0.18813123530266151,0.73010129032187088,0.68302837418464701,0.020599658468458494,0.11377921857503744,-0.15123490683693494,0.98192784479027662,24.377469315710179,-24.590993152840753,-1.0344703193430458,,0.1315647169051464,0.3684210526315789,0,3
0.023197570389509186,0.99789094340716322,0.060626213752690526,-0.99927225559877952,0.024980957257608901,-0.028825526274853297,-0.030279232463067948,-0.059913411190289305,0.99774423137445012,13.66462829986753,3.5080882198315169,-0.9602597276775966,,0.1571604319388811,0.1304347826086956,0,1
-0.98973180646154491,-0.04706416161212109,-0.13496635125139556,0.091706435245961018,-0.93336079480379019,-0.3470267373815964,-0.10963977842391548,-0.35584068263056329,0.92809295201082631,-11.929854184890768,15.549467741715596,-1.7886120071786262,,0.2823608738053831,0.2222222222222222,0,1
