axis_00,axis_01,axis_02,axis_10,axis_11,axis_12,axis_20,axis_21,axis_22,location_x,location_y,location_z,dbh,dbh_approximation,score,reconstructed,number_clusters
-0.83389834845445243,-0.54341688774710528,-0.096496790393186177,0.55052955463679842,-0.83138239257315683,-0.075634164176922813,-0.039124850368340534,-0.11619553963291011,0.99245546129439566,6.2614747900923504,5.5332308456889603,-3.5627282988370124,,0.06861622184672145,0.2142857142857143,0,1
0.98777701089628045,-0.14007345904200297,-0.068381304585510172,0.14666209061870289,0.98376938141469716,0.10338295491179528,0.05279022561193876,-0.11214825127014334,0.99228824532838633,0.058773166220886477,15.335067970940639,-3.9503664900092357,,0.2156351458586451,0.3846153846153846,1,5
0.98420988295053069,-0.17015673241437007,-0.048760565178892303,0.17215065473577379,0.98425447955690015,0.040090791289490037,0.041171086657324892,-0.047851916223255873,0.9980055790110669,4.0488511565895235,-19.39221367567594,-3.6620746177297598,,0.3011407525158382,0.7666666666666667,1,5
0.86777832397159871,-0.47734681929213119,-0.13820562418631491,0.49428234876191662,0.85785293801860885,0.14061755379483915,0.051436758718319334,-0.19033746568799012,0.98037029178164459,2.4063024264015986,-16.974349173369816,-3.7924373468012509,0.2102055868134727,0.2054413022343931,0.275,1,6
-0.53383510364936626,0.83231473156244717,0.14923896855647797,-0.84530734222090909,-0.52072857852331766,-0.11957108637336972,-0.021807780700780589,-0.18998403915386136,0.98154494831754402,-28.123291029769423,-7.8549719884984306,-5.7463877456478647,,0.2568422690794444,0.375,0,1
0.49900764645429779,-0.84216226536052541,-0.20433816966727206,0.86636261309314877,0.49029624518079923,0.095002182059260254,0.020178984477760911,-0.22443776590502321,0.97427947623924038,-13.228561570380503,22.515040653341771,-4.8224483817051951,,0.7774889442062137,0.4137931034482759,0,1
0.99984162419686939,0.0026129335982259068,-0.017603951300138664,0.00013393920417875511,0.98803036699680957,0.15425944364102881,0.01779630814680323,-0.15423737053697928,0.98787353691967228,10.329900314832745,9.7644445729719003,-3.3474787114811879,,0.3338892713045829,0.1818181818181818,0,2
-0.44478914412986081,0.8939456328879245,0.054989296275121585,-0.89546132215817897,-0.44265361720785545,-0.046976544056869761,-0.017653265503908912,-0.070135444772302033,0.99738126190722032,-22.56352220012694,14.198890500154791,-5.5387471567621471,,0.4288285279371156,0.1666666666666667,0,1
-0.99819315955043697,-0.037331045170064976,-0.0470830042927015,0.039637449257555225,-0.9980098608306428,-0.049042739535593238,-0.045158485836780608,-0.050820377323588156,0.99768632365369114,14.805874480543091,-20.268116553914059,-3.0321321663578482,,0.1037008217576108,0.3333333333333333,0,1
0.69009136145179095,-0.7156804260794879,-0.10758922146896582,0.72306764071631868,0.68812749676911855,0.060446134195706325,0.030774986572736727,-0.11950763957568311,0.99235619828995791,0.70524705461485271,-16.926005650617544,-3.8692920847739276,,0.1141191616711393,0.3125,1,5
-0.94833436885722655,0.31618080702673834,-0.02629870932358223,-0.31448779915964981,-0.94773393852471621,-0.053831272956799618,-0.041944594692112785,-0.042779423048354907,0.99820367257377085,-3.896157702176362,-20.419290931180388,-4.1635425712543581,,0.1287272469158157,0.3448275862068966,1,5
-0.1246824938092501,-0.97290743013703218,-0.19469311267135567,0.99218213633375263,-0.12119387202032095,-0.029776731266404986,0.005374390913948885,-0.19688366557151701,0.98041212668623501,-5.674007892966225,-5.3297354705453683,-4.2761515285864711,,0.304282884445064,0.1939393939393939,1,5
-0.17983645904494824,-0.97426096163495324,-0.13592066300718089,0.98360221031497552,-0.180007696096564,-0.011131990365724887,-0.01362130176121793,-0.13569380229083444,0.99065718195457841,11.240493756695161,-8.1883631602021527,-3.252161344138381,,0.4573683971720846,0.8629032258064516,1,5
-0.27809508939145355,0.95614954901675686,0.091875792085908306,-0.9605019723106043,-0.27581401077889439,-0.036913312578258972,-0.0099540164657147268,-0.098512290467299424,0.99508604963746106,-27.723500541547622,-4.1152336550513668,-5.7673175176432698,,0.1736696787765515,0.1944444444444444,0,1
0.24574117982290908,-0.95312738008751308,-0.17652045169542804,0.9692019316837065,0.23857613672720596,0.061065887407728961,-0.016090001858811157,-0.18609036598339743,0.98240087923838315,-16.839831650107563,5.2947155957503425,-5.0440953365054719,,0.240426660447183,0.1666666666666667,0,5
0.15543446379698631,0.96894172778878374,0.19233318905958161,-0.987735370096673,0.15535931185799004,0.015566723450986629,-0.014797503983140142,-0.19239389899031931,0.98120620743407994,9.0046615535259242,3.9355461334559654,-3.4082743931490604,,0.4205820387532646,0.2432432432432433,0,3
-0.95187833385150022,-0.29012967719408705,-0.098754280693792024,0.30299045842640931,-0.93931928377389207,-0.16086039050387221,-0.046091427040695326,-0.1830411252745098,0.9820241986894187,-5.3398752011986996,-24.841853541877299,-4.2750840767556442,,0.4571872437139621,0.4166666666666667,0,2
-0.99792336298877327,0.043525371418993715,-0.047481613746938447,-0.040125956890944565,-0.99671579397876942,-0.070338706391682618,-0.050387192666002598,-0.068287393244345782,0.99639247424854072,-0.72322192707152455,-18.189757900219252,-3.9612842004105833,,0.3362518025933044,0.8031496062992126,1,5
0.41703739200410589,-0.90559420443379146,-0.077323674035461698,0.90869442853419502,0.41719809506282607,0.014838632917555545,0.018821509538994738,-0.076451856562661874,0.99689561359592493,14.310409300414097,2.3305783390150747,-3.1156690268430891,,0.3771873114989487,0.9863945578231292,1,5
-0.26884821963056577,0.95814524457507044,0.098378478843973452,-0.96313541224788535,-0.26641854591636804,-0.037300617500314902,-0.0095295579945647527,-0.10478000138379065,0.99444976687334075,-18.30048877689017,14.65669734063099,-5.1602580846568058,,0.07727872015162587,0.4444444444444444,0,1
-0.48575302529166164,-0.87028644876026484,-0.08151990876003834,0.8737586537732952,-0.48604042202553799,-0.017621666025537743,-0.024286073710607745,-0.079788503316477216,0.99651592127885202,-15.616421297785696,12.602589185198086,-4.9534192709050329,,0.07219131879456014,0.3333333333333333,0,1
0.96329256551077702,0.26844718553807495,-0.0018819692751297133,-0.26479140445829702,0.95128154257932807,0.15795233101444692,0.044192141345138929,-0.15165597688380494,0.98744494495579394,9.4300559661981929,12.083372535997313,-3.3900647890667424,,0.1394187952539545,0.375,0,1
-0.96473467122537027,0.26135945004628469,-0.031277020433214939,-0.25971491666995511,-0.96446715348733258,-0.048489915478993076,-0.042838956509168413,-0.03865679391187548,0.99833385001694686,-8.5770182226168163,16.473763677989275,-4.4878487098085964,,0.1628333268700707,0.4761904761904762,0,1
-0.78900272356714951,0.60602164336857922,0.10105676608950037,-0.61415467343160135,-0.7734095564443455,-0.157008582894966,-0.016992330791998616,-0.1859446847032975,0.98241327094296105,7.6508382973938653,-9.1213031463110799,-3.4757699654792451,,0.1241340946991416,0.4473684210526316,0,5
0.46345339651702561,0.88608667422733534,-0.0078329441190044691,-0.88584983157294528,0.46351210354816547,0.020654436969767237,0.021932285768154189,-0.0026335567382450541,0.99975598983946534,12.975222885923902,-3.6606554399958098,-3.1765214466717664,,0.1978531514070783,0.5652173913043478,1,5
-0.69203962630403382,0.72185705109719656,0.0018850480715622638,-0.72126530301012348,-0.6913616711086823,-0.042372188939498838,-0.029283413371524396,-0.03068285356789871,0.99910011720459879,-14.751420715191889,-4.7755823889353382,-4.8601461712508334,,0.09092560922169976,0.4375,0,1
0.76388871852807172,-0.63956406270891419,-0.086208093569038191,0.64388322976879153,0.7643192519387918,0.03507802072858214,0.043455864138797151,-0.082303650022300265,0.99565942825092368,9.2974205072994298,-4.9709114534596113,-3.3711090466756026,,0.2205786181682182,0.5964912280701754,1,5
-0.2912290938974233,0.95159424420491934,0.098254818018013168,-0.95663861166396069,-0.28911458136208723,-0.035430573202719869,-0.0053086289505033689,-0.10431276642814172,0.99453037420622425,-26.875222656927043,-3.6131204096828995,-5.7371531707803261,,0.1943240866702547,0.2,0,2
0.60957622200077499,0.79244050317571302,0.021327880764032556,-0.79164473253096268,0.60711759968930579,0.068606396228605496,0.041417955372549303,-0.058704932281016364,0.99741580291202458,-19.344340991456541,-0.96449693515651569,-5.2138884865706041,0.3773142473168556,0.5886602297656151,0.6133828996282528,1,3
-0.38184289917326503,-0.90626677889509666,-0.18131885125948979,0.92365952139448004,-0.38106786617766447,-0.040501480270736585,-0.032389641681795395,-0.1829420860215242,0.9825899980530115,-3.8331638069634968,12.772939360754,-4.1957527519328162,,0.2573499464991644,0.2692307692307692,0,4
0.73012342876028524,-0.67823104879683926,-0.083201101094059204,0.6826068760326347,0.72948257136691674,0.043623741986202363,0.031106776886908348,-0.088644359774611242,0.99557749367483062,-15.630264474196606,17.086192124520096,-4.9734710693906967,,0.364708822005572,0.9122807017543859,0,1
-0.98680832325195977,0.15819638544566086,-0.034398209147919322,-0.15460189138025629,-0.98389473033405117,-0.089718530987373923,-0.048037364023263432,-0.083216964933917489,0.99537296949680321,-0.40282904198327429,-28.874881436080862,-3.973450664340505,,0.4015905356166823,0.7666666666666667,1,5
-0.13438756786503475,-0.98679284751866958,-0.09044256569402645,0.99089634990015729,-0.13456144159904049,-0.0042002606269880109,-0.0080252948772780563,-0.090183671031876092,0.99589281557873921,2.5551631723803738,3.6766539070847335,-3.7610813047757188,,0.3535051630725735,0.9724025974025974,1,5
-0.99862410341943975,-0.019437546421359569,-0.048704023025182924,0.022515456429099325,-0.99772997723453227,-0.063466107091651999,-0.047359838381368938,-0.06447537760026846,0.99679484920007133,3.219573218767549,19.173655307375139,-3.7545640457367231,,0.1539252862941518,0.3529411764705883,1,5
-0.98913482258975338,0.14672926313134904,-0.0091008835432760844,-0.14018934999490032,-0.96006524420454165,-0.24211912980696323,-0.044263403488031608,-0.23821261555888482,0.97020384502446211,-6.7040856714474231,-10.808295297447732,-4.3417967309984258,,0.4353817319973742,0.1807228915662651,0,1
-0.74381812949803272,-0.63152057441544673,-0.21889804549157715,0.66717957050890675,-0.72116850868672389,-0.18651381389623212,-0.04007506613343511,-0.28477666015414904,0.9577558367902802,11.229322087765913,-22.748886046367083,-3.2264914379149108,,0.3622755968899961,0.3684210526315789,0,5
-0.23034205572602093,-0.95031008292485952,-0.20941175624891695,0.97303950909836323,-0.2275141250828665,-0.037834331253408009,-0.011689786034206087,-0.21248075013780165,0.97709532785872555,-3.3226413249657183,23.846754049475042,-4.1555612059701419,,0.194551730052454,0.3846153846153846,0,3
0.35523473610704281,-0.90449939722564821,-0.23598542895992122,0.93458484006505893,0.34877814123855211,0.070035597482625306,0.018959403564651003,-0.24542748137203191,0.96922953545785706,10.474946769424045,-15.12114424924342,-3.2980973106126776,,0.1058664877773167,0.125,0,5
0.63893316214438589,0.76908760682523647,-0.016391075010652578,-0.76852934221382163,0.63910939501963926,0.030030507055651506,0.033571780836959123,-0.0065904647377524684,0.99941457929428557,-9.3042429877494826,-11.278519676935185,-4.5199749064674055,,0.1405639301354348,0.4492753623188406,0,3
-0.32503029295138974,-0.93826499741141367,-0.11838117796547543,0.94559818313133259,-0.32430679868895623,-0.025868443765399166,-0.014120365528431385,-0.12034905465636477,0.99263121063195614,5.714486639389845,-17.010578873214126,-3.5839414403387564,,0.131762579672096,0.3703703703703703,1,5
0.15997285437388031,0.97708772140068612,0.14038614800431687,-0.9870837725006284,0.15958273006674231,0.0141059678992574,-0.0086204367292459991,-0.14082946052748305,0.98999633894178451,-5.9049894397767453,-17.281268748620462,-4.2664280260882075,,0.4015040999472594,0.2941176470588235,0,3
-0.98456269145442765,0.17107120454679081,-0.037026336180126893,-0.16941735622667378,-0.98456271895378211,-0.043977401645625663,-0.043978017294757719,-0.037025604940992433,0.99834615167965457,-13.04455866998393,16.840986815633663,-4.7854802366293558,,0.1082051595112842,0.5,0,1
-0.96365914864245172,0.26651929658791046,-0.018124838867988005,-0.26419801595170017,-0.9609016660156311,-0.082869756941658865,-0.039502577193016572,-0.075069652954239202,0.99639555077310504,2.3334136795981975,20.900590170514647,-3.7912386760116488,,0.1419405758501313,0.6428571428571429,0,3
0.94437732415159903,0.32881074142064548,0.0059132017274777298,-0.32760315322093914,0.93903186985865539,0.10438065620340982,0.028768796081211842,-0.10051190833011743,0.99451984025250828,-8.5704987319926982,-5.078774014384245,-4.4523624769214516,,0.1142988124530865,0.3385826771653543,0,2
0.99236875607749653,0.11326738680512924,-0.048731417458744465,-0.11145652666080554,0.993026892785,0.038406156674114081,0.052741773063771008,-0.032681635395198652,0.99807325186179796,6.6670955137179222,-14.604785352614343,-3.5494926266225511,,0.1501421430346417,0.25,1,6
0.55698555329794475,0.83035228634095803,-0.016798035174519794,-0.83012749501410799,0.55723045179662967,0.019559284550434458,0.025601473375239988,0.0030502719331473123,0.99966757494786707,7.0197511007458004,-8.2150998460683802,-3.4966139438801682,,0.09384276597600186,0.4117647058823529,0,5
-0.96482146425855153,0.26258299073481678,-0.013027474150538194,-0.26053107197886483,-0.96157677702200806,-0.086565942642070418,-0.035257660721145515,-0.080126617729227509,0.99616094206295092,-10.114612092681268,-13.779403797864095,-4.5616533511642032,,0.3687018414529576,0.2903225806451613,1,4
0.33401266847312794,0.92809902720877047,0.16452274308919831,-0.94240381979636967,0.32556417129894993,0.076700787477314014,0.017623215730176878,-0.18066589622992513,0.98338662600564475,-9.8507908868996505,4.6433404632765614,-4.5398248764132765,,0.3770387105997877,0.3581081081081081,1,1
0.48188500949958057,0.85730170912501824,0.18116461340701268,-0.87613009639447026,0.46822576371731461,0.11472004351095008,0.013523749901783358,-0.21400563946461942,0.97673880565171256,-0.45231528148945832,-12.898734502910862,-3.9365975285897541,,0.3587320548795122,0.4102564102564102,0,2
0.7178344665370423,-0.68931899967288224,-0.09773942572706,0.69605484309220045,0.71356315910477452,0.079594430560847015,0.014877300137151675,-0.12516762623933589,0.99202405781424352,-12.010643519640956,-14.442531040424031,-4.7029623068468496,,0.4828774284176807,0.2142857142857143,1,5
-0.18817979361172404,0.95977495879819152,0.20837560735407271,-0.98200725974717251,-0.18728817383930735,-0.024184328474996731,0.015814774108348903,-0.20917736111698887,0.97774982716236492,-0.15964364976642376,-19.872227496887721,-3.9292107702882597,,0.7215787127626196,0.3636363636363636,0,3
0.73500523490532288,0.67676070165306723,0.041979249157408451,-0.67636867093090347,0.72739194632767989,0.11587224603326624,0.047882414777608108,-0.11356015637396173,0.99237662469416676,0.065720894999634669,-8.7613877883502216,-3.9282523043511475,,0.4043356706333557,0.7181467181467182,1,4
0.42012825265050308,-0.90553646779739494,-0.059126616796938418,0.90734715603937066,0.42023004394366248,0.01130701527252829,0.014607866103601059,-0.058398764166071607,0.99818645281919871,-4.2949674263726996,-3.4226746986850105,-4.1749139918988885,,0.2674565558306402,0.9558823529411765,1,5
0.73099618001859445,-0.6774215796290155,-0.082125442167163817,0.6816724632102148,0.73041392394775528,0.042639800704989697,0.031100445320622019,-0.087152183886420223,0.99570942505566684,10.78412513739303,-13.116272238043088,-3.2813109822372053,,0.1319266907275663,0.4666666666666667,1,5
-0.84854873940314279,-0.52591232712575486,-0.05814861163011735,0.52768847986432621,-0.84920230179530476,-0.02000796951299481,-0.038857497034856615,-0.047662089785585962,0.99810741912955281,9.4467020542238327,11.284445905536767,-3.3982523361213746,,0.07750530804940979,0.28,1,5
0.42574879205137123,-0.86855971323272319,-0.25365723056102135,0.90415425178266129,0.41929020146134555,0.081858511725047156,0.035256985834493125,-0.26419642599322407,0.96382425443763997,-3.3387327173592833,10.915570548207054,-4.1244220927448474,,0.2157278780263081,0.2045454545454546,0,2
-0.9497411928102667,0.31234823209802631,-0.020742434393532207,-0.30948914280150808,-0.94686268689541242,-0.087564391468157157,-0.046990820032430096,-0.076743951360601886,0.99594288428716737,-3.7267422193937332,16.678206302082245,-4.1737490484734625,,0.1329526734262785,0.40625,1,5
0.011947182160151039,-0.9922912382151462,-0.1233505711372431,0.9998510368629504,0.010318252166042588,0.013836103364775768,-0.012456681842086644,-0.12349749889649529,0.99226669743763696,-7.2219185080304857,6.0276442604520941,-4.3945045219623422,,0.2235868654240392,0.6872037914691943,0,9
-0.9155133175533352,0.40110187676464931,-0.030865026135779215,-0.39758816413796833,-0.91384440984770743,-0.082535121781553061,-0.061310823839565015,-0.063290434079503327,0.99611008620239483,-14.615006141051703,5.5160760438375362,-4.8873003041275629,0.151951041128546,0.2404091963237424,0.2244897959183673,1,6
0.45762094871749942,-0.88099125704193748,-0.1201560331842051,0.88899370032308767,0.45585725512580222,0.043409258632629032,0.016530822144138146,-0.12668294267515712,0.99180550712042459,-1.7601000019166861,-24.669829478551719,-4.044018824904037,,0.1612877798503873,0.3636363636363636,0,5
0.0045383986755457382,-0.99628003496077322,-0.08605518506182408,0.99995288047655195,0.0037829102097619196,0.008940157548614271,-0.0085813614369148992,-0.086091704181691417,0.99625025907498943,-7.0275225502168945,-2.5347766201805602,-4.3328402665382288,,0.235982482818997,0.7918181818181819,1,5
0.76263804804218172,-0.64111603614622437,-0.085752177083521813,0.64599974228337576,0.76163807549655049,0.05090947773963804,0.032673240552821767,-0.094221389026397956,0.9950149693354936,-14.222192904037739,10.148277529162197,-4.847541657943629,,0.2184018026175198,0.2,0,1
-0.69474911726113653,-0.71569980177778114,-0.071396483107472639,0.71810690431976221,-0.69581648867207369,-0.012723523896828678,-0.040572626648501503,-0.060109964459398084,0.99736686035757705,3.1809035627634246,8.6118932526360368,-3.7586785691929685,,0.07099542754096545,0.3142857142857143,0,5
-0.63852993910463296,-0.7648858047219399,-0.085024835206567007,0.76905232999865447,-0.63832771974674873,-0.033109453733896711,-0.028948758016095553,-0.086529925099854701,0.99582857032299443,-14.990807042865843,21.868806520301955,-4.967677190777084,,0.3275150016344572,0.6046511627906976,0,2
0.94869403492947657,0.31573075954243496,0.017138131986487344,-0.31316621262044542,0.93073907262718059,0.18881658284711611,0.043664074044861619,-0.18449624972842396,0.98186281245088003,-9.4467755078342357,27.120161142842189,-4.5575058478653405,,0.2058673125368152,0.2857142857142857,0,1
0.37605605385069901,0.92657081515579187,0.0069547727333114902,-0.926226905849444,0.37568320566170632,0.0310780929966697,0.026183262646312662,-0.018128802643193821,0.99949276299126766,-19.954878270311116,7.4180909148488583,-5.2872121921324728,0.5567512942170361,0.3590186317824053,0.8676470588235294,1,5
-0.46685305226166046,0.88388919001989275,-0.028073606108768204,-0.8840092830253653,-0.46730733969990779,-0.012306006158598205,-0.023996148002374724,0.019072231871856315,0.99953010702653444,-3.9249159765275645,-15.394275101208164,-4.1784877900611699,,0.09363751674448141,0.3529411764705883,1,5
0.8773910996838663,-0.45913227258865447,-0.13922074006092988,0.47789063598057402,0.862038745501717,0.16884827892492227,0.042489978084462046,-0.21467826513506974,0.97576013663245043,-6.6871515173209239,8.0244700400652285,-4.3566312091083068,,0.1567817183762551,0.288659793814433,0,3
0.69354495891816093,0.71120794696674672,0.11479828452792205,-0.71963150879232374,0.67651786738757869,0.15637796091089171,0.033554157901699098,-0.19106760917724902,0.98100320448549005,9.9596425184066124,-8.1318282706686791,-3.3211304142602622,,0.5503959441460973,0.1333333333333333,0,5
0.46144342186189824,0.88676876743693367,-0.026666861809443637,-0.88683970615896091,0.4618830755687246,0.013392538335359994,0.024193056860811045,0.017469333174383438,0.99955466003524396,10.99329798223101,13.390245687584367,-3.3231540459055222,,0.5366036313845405,0.9256198347107438,1,5
-0.71784006518515497,-0.67904710464257789,-0.15362509720584758,0.69605276138462657,-0.70464997004417207,-0.1377641937717691,-0.014703543239994664,-0.20582383096541876,0.97847859272592674,7.7524864289722082,11.246440195936275,-3.4802923416531173,,0.3025378467345533,0.5609756097560976,0,5
-0.97610303849980462,0.21546918182619634,-0.028211520955071696,-0.21439451231267154,-0.97605349147607612,-0.036804549549932682,-0.035466199707053905,-0.029876637369544604,0.99892418892417867,15.869168448060062,-17.420325422562961,-2.9754648862624147,,0.1356914825328969,0.3181818181818182,0,4
-0.98506918220373474,0.16782923165876623,-0.038367372509636496,-0.16680511551498339,-0.98557741246252184,-0.028516968312096842,-0.042599996602089824,-0.021691312650650742,0.99885671006656063,-0.72571802014591602,-2.9713184840651055,-3.937480560923651,,0.08289099155777745,0.4361370716510903,0,5
0.24456108714289101,0.96359813325195953,0.10802088802090906,-0.96950731892168174,0.24120708154614726,0.043297833309331756,0.01566630820517995,-0.11531600671775263,0.99320530877653446,-3.4487313988273134,4.9234900471264584,-4.1545283932607955,,0.2549116872226024,0.7149643705463183,0,6
0.99277393991067986,0.11349742420825096,-0.038964585617180893,-0.11200035431972523,0.99295537885862484,0.038672163476869623,0.043079285816762257,-0.03402866870475621,0.99849197535067857,-4.7959062656708733,-2.1458029075634242,-4.1861423206441231,,0.1343947179113349,0.7120743034055728,1,5
-0.75479841559453764,0.64515394157317396,0.11855692088011106,-0.65446317397498377,-0.7284872575166168,-0.20244572000046931,-0.044241448061355271,-0.23039684743614819,0.97209052405880303,-0.67417967964838788,4.0313247819726037,-3.9540607312806251,,0.3734996009078883,0.2307692307692308,0,3
0.62382765584920663,-0.77571732761791867,-0.095402743309614457,0.78087988084918925,0.62372080346681702,0.034626160741064817,0.032644562834283908,-0.096098839514453735,0.99483634109401908,10.253560024482127,-18.662256740416268,-3.29812064766918,,0.3148496244528216,0.9333333333333333,1,6
0.46575351053498848,0.88200760087486652,0.071667701395374192,-0.88468683452230368,0.46226712376418472,0.060318414349966376,0.020071677738559866,-0.091496985118364155,0.99560304814067813,-4.9072707998541913,-14.17371667070679,-4.2234471389718964,,0.09696475889662845,0.2045454545454546,0,2
0.70768410071324006,-0.69879090800328825,-0.10428077718177607,0.70598178300950842,0.70519912671090801,0.065451613768421429,0.027801720385807506,-0.119939395438343,0.99239186099316468,7.7816231583648419,13.307561797253856,-3.4947097231231647,,0.2154906379932712,0.3333333333333333,1,5
0.97099817708600411,-0.22552454782080777,-0.079380214322454665,0.23307548307264375,0.96687208905594479,0.1040873796146685,0.053276254430209467,-0.11957023766311801,0.9913952788767324,-5.5739430642321777,-13.747888181335957,-4.2638282009333368,,0.1730085216423512,0.45,0,6
-0.96536116229875346,-0.25628511777931534,-0.048946549725616573,0.25713508858898643,-0.96630303057208855,-0.011832130980149026,-0.044264800254082949,-0.024008155115289406,0.99873131319010222,-19.51505198084503,14.059336663074623,-5.2428230950098609,,0.19011048700872,0.7692307692307693,0,1
0.97749027170320335,0.20961755337226315,-0.023942640702837407,-0.20716511931169848,0.97509713007796084,0.079171966340966557,0.03994223411588909,-0.072429746872067768,0.99657340407111028,9.4669316544682296,12.24622231473899,-3.3839903817279779,,0.09724657304626994,0.4375,0,3
-0.99614893746614586,-0.06987171255656284,-0.052964499143131179,0.075150949913343382,-0.99159725983215918,-0.10529581672828536,-0.045162253178864312,-0.10887064837580217,0.99302948234684441,-30.489858238506766,-7.0537510921060989,-5.9371267655118132,,0.1059429408536883,0.1538461538461539,0,1
0.4260539200577208,0.9014353068159443,0.076762261750771138,-0.90447786976776434,0.42254366419738959,0.058108819872815722,0.019945934518514126,-0.094187257483634185,0.99535467056918725,-3.1623360174065902,-19.587811582918341,-4.1195196840576456,,0.1317732956814855,0.125,0,5
0.82536073312085023,-0.51613058044193372,-0.22888618165998192,0.5626240921960638,0.78578503584636128,0.256896882660123,0.047262999299333031,-0.34080947958149066,0.93894361253731606,-6.3016143666955431,0.25032292949944751,-4.3090035459076841,,0.3459701992757793,0.4161442006269592,0,2
-0.4692682792007456,-0.87282936836572433,-0.13400065617101573,0.88302236587631877,-0.46513392867081582,-0.062625312465822869,-0.007667039726041454,-0.14771364905635506,0.9890004521658704,4.2901141883565561,-13.913711645814962,-3.6936430958399606,,0.1490473310207688,0.2857142857142857,0,6
0.7967425760069512,0.59462823422177991,0.10778928816953542,-0.60363645170507407,0.77460712344373017,0.18869774371501472,0.028710655699841995,-0.21540906985667443,0.97610175231518104,-13.171356447351364,13.14229437009365,-4.7957281129867662,,0.2796309812383257,0.1818181818181818,0,2
0.98757062007524476,-0.14963609438846162,-0.048096877449206529,0.15084366648358094,0.98830102705349798,0.022522615451839138,0.044163997169490612,-0.029497782648338834,0.9985887152240629,-18.744623169739523,-8.6677145100984827,-5.1567963162828825,,0.4122328718272446,0.9387755102040817,1,1
0.52892151885461525,-0.84439775259826189,-0.085055642373278881,0.84845244709633993,0.52839609326742398,0.030430472161244421,0.019247646836932957,-0.088260999465948078,0.99591140372249587,-5.7190028094520526,8.2921893554836981,-4.2857402037178138,,0.09049909797716896,0.3066666666666666,0,4
-0.34014181036424612,0.93711794949133687,0.078188858434467878,-0.94028691246425045,-0.33780000969507984,-0.041853024961776598,-0.012809023794979373,-0.087755923966168825,0.99605965018078291,-9.99471511746132,10.164753206518373,-4.5631900279662245,,0.1008913434566737,0.3888888888888889,0,1
0.76079640225284817,-0.63646230270179172,-0.12690378859063384,0.64797232941335725,0.75588867778883129,0.093617130405074883,0.036341362574219688,-0.15345371950586983,0.98748734743087396,-9.663114998234045,-20.613178060634414,-4.5633038420015701,,0.2764303774059731,0.3181818181818182,0,4
0.84856806912342841,0.52782105312368266,-0.036567307031596823,-0.52730211498229762,0.8493554021440719,0.023406844808258151,0.043413265246145083,-0.0005802827662473066,0.99905703124124967,-3.1008438855270688,-4.2754890134843047,-4.1147814304459747,,0.09371400743068671,0.3582089552238806,0,3
0.92214922547043388,0.38630726623305839,-0.020186679266828315,-0.38464850501766068,0.92122890666129842,0.058162093491460468,0.041064991805180154,-0.045869353463632648,0.99810303519269516,-10.607010980009601,-9.9202445633278558,-4.6011421082936845,,0.2158341772919599,0.2307692307692308,0,3
-0.37231041530686709,-0.9145127303249776,-0.15827640609889831,0.92791120560777174,-0.37029274735133921,-0.043174943735107392,-0.019124569578436956,-0.16294093203536236,0.9864504566910024,-0.58248072467097045,10.130718687726807,-3.9780273209900763,,0.1415185860965728,0.5203252032520326,0,3
0.57765871462328688,-0.81224016102219854,-0.081094575912354069,0.81593543571938243,0.57743899794469089,0.028523120272031171,0.023659546850969267,-0.082644567124912097,0.99629819901851802,6.9184882652827593,-10.564284882462978,-3.5067738720821229,,0.1268534792560444,0.4838709677419355,0,5
-0.59527512007656214,-0.79783951582423818,-0.095392024861520056,0.80300039455440564,-0.59495846168720423,-0.034853912438429904,-0.028946463744380188,-0.097347500513068549,0.99482941571937566,-0.40705738063147806,21.532200528749716,-3.9466899456197639,,0.1522124921603078,0.2631578947368421,0,5
-0.90251081821626389,0.42916473050629028,0.035942413553805404,-0.42972102419359792,-0.89185731447280614,-0.14117496940803348,-0.028531813272464571,-0.14285714791643142,0.98933198215794471,-10.16849497251131,-19.758152794942042,-4.5824106233900954,0.5405700517915657,0.3830075245190644,0.7826086956521739,1,4
-0.98305081378686132,-0.17618585406897758,-0.050691639734517173,0.17811225352734805,-0.98333820413682926,-0.036359337567735212,-0.043441025038537577,-0.044771878572824636,0.99805228131228718,3.0740554207929236,-4.4314154410516764,-3.7373538160993345,,0.1423098267040543,0.6369426751592356,1,4
-0.82213700108113918,0.56609340824947529,0.060241220022530656,-0.56868260262459047,-0.81176369668645942,-0.13281490207825086,-0.026284005125405491,-0.14345017908119176,0.98930844391228201,9.9450869111225888,13.712753282134289,-3.3765550758007112,,0.1348539300092128,0.1,0,2
0.88136059798542687,0.46625470505111127,0.076223659951960843,-0.47065732037441982,0.85250532538534107,0.22741230610414401,0.041050981678172706,-0.23630746963931412,0.97081079345870647,-11.018151463519702,-6.4685887429487909,-4.6178846980311965,,0.2740851675192354,0.3026315789473684,0,1
0.10422943331455704,0.98630668424071799,0.12780981907900074,-0.99448785444358889,0.10188437593657711,0.024768554745923765,0.011407567449455961,-0.12968692517788696,0.99148936900139839,-9.0632137223954192,-13.482949841399458,-4.4994824096682073,,0.2983050771420858,0.3571428571428572,1,4
0.052646092616004385,0.95638353779777741,0.28733067633246873,-0.99860033054196551,0.048956496162503992,0.020016026702806312,0.0050762952774444934,-0.28798227395605014,0.95762228520088133,-11.296744519902523,-12.678513440918353,-4.6441432497841362,,0.2396974718209656,0.15,0,1
0.077544842596189642,-0.99240523376429568,-0.095491619443617087,0.996988848262641,0.077170661709548366,0.0076108745386006182,-0.0001839202654503661,-0.095794263755941383,0.9954011378357932,3.5731930382986494,-13.157180127075677,-3.7192949090048968,,0.1278940734475349,0.40625,0,5
-0.88793180413230499,-0.44457350823531466,-0.11803180497515961,0.45811602653561495,-0.87777956359413811,-0.14011689394110857,-0.041313647158889875,-0.17848650792659013,0.98307464062837147,14.108213799852685,6.5363037935260264,-3.1384465297277497,,0.7290912359100787,0.4390243902439024,0,1
0.37763895101302941,-0.91202075136091654,-0.16002178528202496,0.92584252129810574,0.37458118757181103,0.05004557596488126,0.014298546574521427,-0.16705413195835483,0.98584403866001813,-6.8372298877994515,-15.134711210335524,-4.3646346298117615,,0.1422116047837552,0.6349206349206349,0,5
-0.081143351996907268,0.99649812489119793,0.020180275395325215,-0.99602296415565617,-0.080323919005221844,-0.038552858651751926,-0.03679689254930904,-0.02322832589679541,0.99905276816329658,-7.6139673543774888,18.754384694749263,-4.4121477286722381,,0.319324901923043,0.8356164383561644,1,4
0.77915349377548104,0.62488464924413445,0.049386316692951814,-0.62679921339386035,0.77586922040004291,0.071761402750136441,0.0065252759557958952,-0.086868452126560497,0.99619842039567397,-10.88188392241779,15.080811032999435,-4.6360342907375829,,0.4428777206461678,0.3855421686746988,0,3
-0.42811558670773242,0.88011521754289379,0.20521756325256346,-0.90356635047568268,-0.4126176605512602,-0.11538854574550299,-0.01687882418745849,-0.23482731964281911,0.97189054694621813,6.8622866535675797,14.00111460283345,-3.543996139908169,,0.3790178251050962,0.2,0,1
-0.72351778149037071,-0.65784514296984775,-0.20919318281969121,0.68932610637144687,-0.70465602885035294,-0.16819453046883373,-0.036763282525273153,-0.26589405573617308,0.9633009977063951,5.7498445281312343,11.085540211973603,-3.5890779067751999,,0.179739463592595,0.3333333333333333,0,5
0.53499712027008961,-0.84089784546376289,-0.08166330140957645,0.8445957632061758,0.53471846856042604,0.027095316100188872,0.020882482536508772,-0.083468394466366072,0.99629159840295667,-2.2857306095876644,-7.6296679082309691,-4.0642392557324474,,0.0690598872265987,0.3432835820895522,0,4
-0.94560300752204551,-0.31493610996820576,-0.081548751083977314,0.32239477563987939,-0.94072924454592011,-0.10530952993995508,-0.043549521299023536,-0.12587189954138564,0.99109015942065992,-13.336394417428993,-24.840762922666215,-4.8129282783091316,,0.1789298364012967,0.3,0,1
0.53791332101718514,0.83468703020150192,0.11809665823240198,-0.84258177199678141,0.52793133500502887,0.10651038925181446,0.02655591404993838,-0.15679944876563204,0.98727337465150311,-24.575255287050059,-4.2171963934426211,-5.5428635336939776,,0.4623602074460073,0.2142857142857143,0,1
0.55113613281561002,-0.8307323620975765,-0.078311593451001388,0.83414477800919506,0.55091541569211933,0.026357049773634511,0.02124740984319589,-0.079849529219401361,0.99658045347999602,7.8012486948110071,9.1011078490401989,-3.4848909582536436,,0.06745608456020954,0.2692307692307692,0,3
0.9818073869070858,0.18942705577857566,-0.013101356942725361,-0.1835905191083318,0.96463713469927859,0.18912884405267152,0.048464175513606017,-0.18328281124597259,0.98186487603618866,7.734383680944247,-6.7426147523362934,-3.4408112691921624,,0.08218991241904934,0.2068965517241379,0,5
0.29918917937555034,0.95200182664128441,0.064640212068359237,-0.95418036671861783,0.298138020329136,0.02556459667093108,0.0050658378683579343,-0.069327071955199132,0.99758112170430024,-27.918076204581698,-0.040962305856406624,-5.8634377131854398,0.5797235229278934,0.3623865409239099,0.5434782608695652,1,4
-0.90007022432058104,-0.42886121975106356,-0.077146908461251384,0.43386510820932722,-0.8984573013200875,-0.067346459321438831,-0.040430918490776083,-0.094087894536200214,0.99474258425571427,-1.7805537488646426,-9.2998987859516173,-4.0412552566105999,0.1495450234921671,0.1047486700105323,0.3571428571428572,1,5
0.96995504787711173,-0.21882982543251683,-0.10630480985771446,0.2280046743553801,0.97007601804817278,0.083464888904849252,0.084859139577347184,-0.10519518386777962,0.99082435361733856,-8.4035984191516331,-23.496230804937451,-4.4626411690685783,,0.153393408579184,0.1578947368421053,0,2
-0.29294798913089842,-0.95304712635517719,-0.076698439425464726,0.95612341244517096,-0.29174387255245177,-0.026712038527605259,0.0030815318211082476,-0.081158411604943623,0.99669645147727792,-8.1550692206783069,11.224225202035088,-4.4434191814809765,,0.2815524312721078,0.4918032786885246,1,4
-0.33076321058681168,-0.9364629603087733,-0.11675967836558511,0.94368913689401313,-0.32910740500260915,-0.033750983403195628,-0.0068199289247481342,-0.12134842373174465,0.992586544653555,-0.040817709689548405,13.863587281695027,-3.9664169161216156,,0.1343866987009539,0.325,0,5
-0.89124614556104265,0.45198654662093735,-0.03726217514134561,-0.45183968092187765,-0.89200798394728464,-0.012753796247270365,-0.039002702047433113,0.0054697575796701127,0.99922413450887937,-12.53130393152996,11.687332254311059,-4.7398520761016574,,0.8596845594510114,0.8305084745762712,0,1
-0.70538218681198339,-0.6811183900273301,-0.19624910011238372,0.70856405013697188,-0.68509966715899007,-0.16904269553024331,-0.019312104541805979,-0.25829476344908209,0.96587310646530988,-12.401049127696671,9.979467892027083,-4.7341484240531031,,0.3432371184402852,0.25,0,2
-0.97438293861351244,0.2248266102051516,-0.0055573629139939696,-0.22138534642684154,-0.96323158494552541,-0.15222825674230059,-0.039577990428574815,-0.14709829743064079,0.98832973929081158,-15.481689397977393,4.2932751716983084,-4.9296292368396806,0.4453103957726969,0.203888582083177,0.2380952380952381,1,3
-0.24203876265706645,-0.94094565011137432,-0.23672456760530639,0.97026653788184203,-0.23465209903958026,-0.05934001923746824,0.00028781629619886349,-0.24404851147425999,0.9697629819749658,10.498283067114144,3.4799626007555684,-3.3239004265654146,,0.5573611363227214,0.68,0,2
-0.66046109102515527,-0.72987912987360271,-0.17626004373315421,0.74569344946086291,-0.66507937189087396,-0.040133633231983198,-0.087934217873478007,-0.15794266320469744,0.98352513362231186,-7.08104824288095,16.677952417397787,-4.3909979780692936,,0.2070434472058976,0.303030303030303,0,4
0.99708952116030802,-0.04838406090091156,-0.058919177209489068,0.053114020377788444,0.99525269378709924,0.081553518310550452,0.054693579436842207,-0.084445592900152536,0.99492590387833724,-10.777185400958864,-18.342802991545366,-4.5960463753886938,,0.2381861950248347,0.5862068965517241,0,5
0.7809140366377505,0.61831938544734655,0.088625080886561777,-0.62354580587222042,0.76327309366747498,0.16912957299788045,0.036930953972205395,-0.18733745504649588,0.98160113211803335,12.359989781457044,7.1672075635798276,-3.2381158761169364,,0.6821284928346645,0.4390243902439024,0,1
0.54781639462806531,-0.82590820086062344,-0.13331482111106616,0.83654068567793882,0.54265356673859477,0.07567554235924126,0.0098427121359648852,-0.152979574640046,0.98818033311777598,12.460870513482844,3.6202425119893271,-3.2212742225345061,,0.1062308053899506,0.2068965517241379,0,3
-0.15712041681257341,0.98113455763062485,0.11264170827719353,-0.98757890924225189,-0.1562145849669257,-0.016879024364529684,0.0010356836053579369,-0.11389461473911901,0.99349229694693664,-9.8691306369459362,14.355975928337674,-4.5731715876685488,,0.482800759703988,0.375,0,4
-0.70669568642669611,0.7075157213065999,-0.0016464780292709687,-0.70718736787221936,-0.70643498476904476,-0.028907421474774132,-0.021615584837369316,-0.019264381598161785,0.99958073715622264,-3.7097782409948943,25.844233553396656,-4.1743168616865045,,0.2398879020648436,0.3684210526315789,0,3
0.82751797406858407,-0.54815341509798354,-0.12141596315906689,0.56020926561977169,0.82047260187769278,0.11397494585129138,0.037142715398612615,-0.16233466384129536,0.98603644740361973,-8.1712387010288428,-18.120049591959891,-4.4147701189795105,,0.2964295650313825,0.5172413793103449,0,5
0.35530340766719432,0.93470024741491176,0.009743509767140994,-0.93434235953669242,0.35482058047820314,0.033267263856785925,0.02763772196628294,-0.020923746118079064,0.99939899598353632,1.1898058759166992,24.491437837076813,-3.8755444153910368,,0.3019618858626417,0.5,1,5
-0.72242205370231571,-0.68563052128273116,-0.089538620773929239,0.69049501315961614,-0.72215953424972812,-0.041258258493497173,-0.036373247397349658,-0.091631846962641456,0.99512842964915083,-4.4059091588172112,-5.5930098593269255,-4.1893171264584428,,0.08770398947339854,0.222972972972973,0,5
0.14080405376855076,-0.98314111780236424,-0.11665230785826713,0.98917807953013226,0.14461021931222581,-0.024791358323986712,0.041242519557144572,-0.11189918210955245,0.99286334791037123,1.3896844363729777,5.0799323664086593,-3.8583624784370256,,0.08777555675357622,0.2173913043478261,0,7
0.29124946133010415,-0.91953981159116793,-0.26385656363601123,0.9566420978808009,0.28084625604400903,0.077209306617039369,0.0031060967700945181,-0.27490346553825629,0.96146681523488498,5.6738809336142184,-3.6815464528792115,-3.5795918063058045,,0.3160271459860368,0.8461538461538461,1,5
-0.63449445426469386,-0.75548971363805817,-0.163254648002537,0.77231649480374087,-0.62808581418006471,-0.095054941375120286,-0.030724898069981358,-0.18639609065870741,0.98199413339680341,-9.8198624424053289,19.996566052808596,-4.5561677078717837,,0.07952705599157503,0.125,0,1
-0.90926650893525873,-0.37843501508545768,-0.17326671661330734,0.41359679400920174,-0.86814847993614441,-0.27432810422899018,-0.046605876389106522,-0.32109991613488659,0.94589784656915876,-6.8266586449213955,-31.380741200957214,-4.4801910370080362,,0.3765111694463089,0.1666666666666667,0,2
0.0036190044872748349,-0.9864289093943982,-0.16414904665425425,0.9987290937233041,-0.0046865248045099232,0.050182007093036968,-0.050270271106788174,-0.1641220375093978,0.98515829014763656,-12.763196902661969,-19.497411451451661,-4.7441201024645929,,0.5471852745743294,0.4426229508196721,0,4
0.74159961491260962,0.67069313380576601,-0.014167971882653634,-0.6693781220057472,0.74121026922196143,0.050401057329827616,0.044305089341137083,-0.027893674295547642,0.99862856057333238,-17.532273812299845,0.44026440977109305,-5.0696472333694631,0.2687702280743235,0.1673409717145997,0.6470588235294118,1,5
