axis_00,axis_01,axis_02,axis_10,axis_11,axis_12,axis_20,axis_21,axis_22,location_x,location_y,location_z,dbh,dbh_approximation,score,reconstructed,number_clusters
-0.4924289786616235,0.8698883148127301,-0.028425705383328177,-0.87030839512338198,-0.49181198671557858,0.026158499586933101,0.0087748704853403484,0.037620333267328408,0.99925357751314592,-7.6959955362172261,10.916049669553628,-2.6406970812244106,,0.1671288620374352,0.4285714285714285,0,3
-0.14398037856008733,-0.97143221335568564,-0.18865074991785041,0.987814309315588,-0.15247243636164781,0.031225733959525524,-0.059097723315384237,-0.18185601723566006,0.9815476799901881,-7.9751524403316179,1.8424735014354374,-2.1362984491931898,,0.07650659486997038,0.15625,0,2
-0.69737086581748453,-0.70370450713189403,-0.1359185129083946,0.71031662267489326,-0.70388227002263726,-0.00021330614618315051,-0.095520526907593897,-0.09669393253993272,0.9907199969462902,21.8805034600631,-4.531288982118685,1.7517682387666922,0.4367751170881749,0.3983074181212837,0.7906976744186046,1,6
0.95577002170020009,0.27830423076778604,-0.095133699370676478,-0.26972578356738924,0.95836121655443463,0.093764493723702561,0.11726750316331129,-0.063957280594591284,0.99103874745682219,-9.7194989198837884,15.123988735981355,-3.0266033695141261,0.3671164813557407,0.234842051107194,0.5,1,4
-0.045352248998762376,-0.98633417194040174,-0.15839215502479226,0.99767358890412416,-0.052798813127780383,0.04312418504115572,-0.050897775137233377,-0.15606789097998758,0.98643409809836713,8.0695971342691912,13.544700121216446,-0.99504736391385562,0.6966562587723717,0.6663015408723301,0.8823529411764706,1,5
0.21481950455852905,-0.96266715780336987,-0.16469524506800046,0.97648461409485721,0.20856802912793787,0.054563501186272949,-0.018176327936214619,-0.17254367711529833,0.98483414877342934,1.3201285107416663,12.253469317561656,-1.7328642376135086,0.2611445879222222,0.2563964732042663,0.5,1,5
-0.91358442678575869,-0.35836771965032888,-0.19218759753730158,0.39025597168884463,-0.90549560961683906,-0.1666672659097293,-0.11429685776841002,-0.22726697621355377,0.96710183012287532,-8.2704787386413372,15.150636282201736,-2.8699227756364074,,0.2168478459157048,0.35,0,4
0.70204962678133331,-0.69208540352262526,-0.16776208083806007,0.70906843852479817,0.70117330117573651,0.074685682739897286,0.065941421156928748,-0.17138785239696813,0.98299437080105356,-15.418841468824342,5.8614045607277419,-3.165836061513267,,0.1315977928501314,0.1923076923076923,0,2
-0.86379151391685027,-0.46530357063546984,-0.19327909260734485,0.48808928968883913,-0.86795036915108459,-0.091820487809316939,-0.12503225894256581,-0.17365121319581575,0.9768378526548509,-7.1177404510501603,2.9121354478223482,-2.1161075135539642,0.3787221421261385,0.4711112273279603,0.7781818181818182,1,5
0.86700790459928878,0.49744176294715259,-0.029137361554868742,-0.48257507599958122,0.85279173141580611,0.19966862260462828,0.1241716126429409,-0.15905330963189682,0.97943016867400523,-7.438824566228309,-26.461463999999438,-0.0025283738857919515,0.408026033725764,0.386310154627714,0.8823529411764706,1,4
0.54580061955112813,0.83789549459424195,-0.0057292090447025028,-0.83210742872885202,0.54280859419496086,0.11382467712386109,0.098483048043131377,-0.057358261887572863,0.99348433255958946,28.906168180235774,-1.3766160908380962,2.2259297049238604,0.3983748518162866,0.4705355453478043,0.4444444444444444,1,5
0.077605684124810531,-0.99027177105537589,-0.11549535593421452,0.99629450432411393,0.072721837699099914,0.045921617733214945,-0.037075847193150963,-0.11863116695251946,0.99224595125522908,-7.997938093548898,2.6447312420912339,-2.1730737788253185,0.1343127543007593,0.09340462604417903,0.5113122171945701,1,5
0.6215030637672232,-0.77277843808436741,-0.12863680406415731,0.78304145556950844,0.61782545629186281,0.07167833994545933,0.024083616579332594,-0.14527625817605891,0.98909796694908936,9.1844784133235766,7.2324514968337734,-0.40760988827507189,,0.1504582313657005,0.1428571428571428,1,5
0.57884276097132148,-0.77164813082393047,-0.26362894428919093,0.81527976073640651,0.55404293069836708,0.16839044710657994,0.016123579152501569,-0.31240293394765073,0.9498128431729137,1.8325190412872641,-11.128378908486027,-0.0123128890723958,,0.4057181022480505,0.2758620689655172,0,5
-0.9883738251369415,-0.083663484372368771,-0.12695512264908812,0.097911701518927849,-0.98904322234547537,-0.11048440178661857,-0.11632059357585388,-0.12163028288692324,0.98573606700526462,-0.85128261306620356,-23.92345624154763,0.54498684961298038,,0.396057207445361,0.5333333333333333,0,5
-0.97959322597387599,-0.17060420564011139,-0.10626060720700652,0.16931999097562755,-0.98533610960218609,0.021059244289435099,-0.10829520895269795,0.0026374479967045871,0.9941152808331416,-7.4658055792913256,-0.16103047341725266,-1.9088600073136848,0.1743488390611321,0.1385676888711001,0.745,1,5
0.48518667800192838,-0.82934271857080744,-0.27710023934135586,0.87099880526842055,0.48635119786987463,0.069452095371723019,0.077168443747673537,-0.2750512088395935,0.95832763906997953,-2.2444107972293992,-2.0316700061435897,-1.2385212204718754,,0.4636454982148519,0.9500624219725343,0,2
0.42132683253095771,-0.88682740120356418,-0.18979162432510577,0.90669898997609755,0.4074001196642516,0.10918829641439154,-0.019510042689698508,-0.21808783315922337,0.97573411094527152,-20.56280521217084,-2.0810212377887995,-3.0458464592520547,0.4570350894923247,0.4283897724074288,0.875,1,6
0.94898243298024054,0.31448775755732133,-0.023017216197283325,-0.30201956947023273,0.92748625640522064,0.2203484146447301,0.090645030486619871,-0.20215512490658782,0.97514962130028149,14.707128885607172,3.3041764071005622,0.44567474136129476,,0.5588330751573309,0.2,0,5
-0.8729364700343567,-0.45653765620117365,-0.17191651390804924,0.47514169009600349,-0.87554376046931759,-0.087541406408398012,-0.11055448257158473,-0.15810278926567356,0.98121415318458549,-12.728831287379828,-25.173796776758515,-0.69074936904286288,,0.6448275512895338,0.8181818181818182,0,1
0.70964238746929975,0.70452568406097671,0.0071583800740408045,-0.69681212446630814,0.70029755230524304,0.15503612944096296,0.10421393910423918,-0.11500825506761406,0.98788286560840777,-12.020571961984498,14.303642432268383,-3.2127465557010799,,0.1055928734151576,0.1428571428571428,0,4
-0.9287993780370466,0.37053211774134764,-0.0061371882900542124,-0.36210381301807032,-0.91094586855221849,-0.19763211572368147,-0.078819692690150794,-0.18133828688326248,0.98025704881651998,-16.234251158108538,4.3205091310998984,-3.1230294890921595,,0.5024703599588004,0.7647058823529411,0,1
0.77982975372471375,-0.58827240363151523,-0.2140119957648467,0.61946318243794873,0.7744441387965364,0.1284587151093306,0.090171618647452781,-0.23274848014389102,0.96834767732525029,18.418992963348412,3.1072452363827692,0.87981969990543096,0.2609418872860582,0.1559156294144831,0.4,1,4
-0.78945635819729398,0.60766789287394118,-0.08659324726565569,-0.61133196149003211,-0.79106521867423352,0.022114535144052649,-0.055062613111044718,0.07039568008075453,0.99599827151624665,-3.209500192715331,-4.8279407149074718,-1.0618600113850998,0.1863994202342058,0.1743868334940305,0.6832151300236406,1,4
0.26785880445668536,-0.95420201896807333,-0.13322975595672076,0.96332458844929481,0.26294593669767474,0.053527298298893709,-0.016043633130668148,-0.14268125795434608,0.98963865146048757,-10.012616737140531,-4.5138283670587152,-1.8365244456096312,0.126799406274157,0.09175488294579601,0.5710526315789474,1,5
-0.98842613104317634,-0.079365240491180711,-0.12928627952259536,0.096040402046556894,-0.98707191081151024,-0.12831712302592196,-0.11743093564199054,-0.13924870372355683,0.98326993947011054,12.341521462408053,0.98320378161241051,0.31793175672097779,0.6353832202144825,0.6125962440495939,0.6415094339622641,1,4
-0.8617741490552181,-0.48108455567720926,-0.16094398500415302,0.49517880740754794,-0.86665567170293056,-0.060876065900984246,-0.11019648231496905,-0.13215747044342491,0.98508433054810174,2.6613497020518215,1.8194522903038668,-0.88429493861870767,,0.07118961507388499,0.2051282051282051,0,2
0.72019323772751287,-0.68157664501435034,-0.1295182508473007,0.69342732058778689,0.71307580409418603,0.10335109422677767,0.021914638806162359,-0.1642442528261249,0.98617623882325534,-4.3338710329899239,-23.795348961424921,0.15438600161152036,0.2597392361257733,0.2769945619111547,0.4473684210526316,1,5
-0.75881052777030145,0.65035979440062908,-0.035195465221073557,-0.64956804238983523,-0.7596248161500776,-0.03211692692020348,-0.047622906786478063,-0.0015088128220274845,0.99886424614813074,1.6589386839836924,11.745759874259081,-1.6470108738316296,0.1680118039109359,0.1625614652687856,0.4923076923076923,1,2
-0.11855756317501177,0.99154332494647035,-0.052781994734007603,-0.99146205341177307,-0.11530663335589139,0.060888233252738642,0.054287207134949916,0.059550105442625047,0.99674805446675341,2.1332970066504902,10.617503731306455,-1.5331223481955416,0.2035300604064773,0.1841994345470531,0.6,1,5
0.47063720740127218,-0.86932852058265742,-0.15089248593320195,0.88227159137312838,0.46558828000041541,0.069457847520517715,0.0098720851627589201,-0.16581760107969318,0.98610702517866466,3.5055624116672752,-7.3838450793442236,-0.064549156529358082,,0.07112437431214395,0.2439024390243902,0,5
0.039134070899713595,-0.98467527805243327,-0.16995034947648383,0.99674140794683286,0.026461978091226628,0.07619927427255789,-0.070534319157281533,-0.17237853842013576,0.98250218794319022,3.5105852464177807,-13.770236963904305,0.38540802803029856,,0.1266163731609904,0.2592592592592592,1,5
0.79658074263131295,0.60150446776780075,-0.060427607302626418,-0.59557156514657761,0.79798960836553567,0.092233918541254636,0.10369971676818535,-0.037482798668100642,0.99390211215501689,-9.5464277586804283,-19.381197133431868,-0.77148128244539316,,0.3130617411784961,0.4285714285714285,0,3
-0.18917614341710176,0.98183571398986169,0.014526441265888984,-0.98163609472279112,-0.18946622975635066,0.022206425180604901,0.024555331380786704,-0.010058753199720027,0.99964786659345539,2.9125315367193161,3.1095139201064281,-0.95677032269454387,0.5899425018991211,0.566623969544095,0.6861313868613139,1,1
0.72608734989662749,-0.67692924443819391,-0.12068122614736104,0.68618655635092318,0.72460233284268816,0.064027096780951767,0.044104083749193015,-0.12929910000952066,0.99062433471693678,-7.6708820163049918,-13.197403560296319,-0.96835042145400663,0.5439547371662332,0.5055068796596162,0.9812332439678284,1,5
-0.97299243785911038,-0.18610805677437281,-0.13656319809030948,0.19454115578210496,-0.97956067433792293,-0.051133394152914492,-0.12425560178900991,-0.076319568226644305,0.98931080502021695,18.299324196827204,0.88039934261163089,1.0343413617900195,,0.1307954437661388,0.2,0,5
0.3804773551019236,0.92404468439153131,0.03712685688826993,-0.92192553361619412,0.37583548628693769,0.093813632879017367,0.072734398472406037,-0.069922160258521562,0.99489728051876813,-21.112824592345973,-5.2764394327884938,-2.904790237183867,,0.3235170244970605,0.4545454545454545,0,3
0.17023933357157547,-0.96910086910694904,-0.1784995092465535,0.98498250583563396,0.16206187644653261,0.059543357315343486,-0.028775553910563318,-0.1859555153760796,0.98213670830407052,12.172645589980057,3.2272964641047994,0.13777715908806612,0.274777689519735,0.19633505965911,0.3157894736842105,1,5
0.86962837101562163,-0.4203732403402447,-0.25890700092998387,0.48912792980104108,0.80484633805650496,0.33611938415625731,0.067084756936756224,-0.4189375978864594,0.90553350267334598,-10.222268948635227,-21.418960944915803,-0.64788725481803433,,0.07090065306913942,1.0,0,1
0.98588822319467195,0.13616881324666899,-0.097377952664071413,-0.11085047293823945,0.96690697847484419,0.22978918082889699,0.12544554203087885,-0.21575205509019058,0.96835658035092498,2.59977629886935,4.9084279002854574,-1.100993838222299,,0.1319188488622426,0.25,0,4
-0.97756764556437525,-0.16847966954603638,-0.12639659526816113,0.18077000720655478,-0.97911991795612674,-0.092985970748983987,-0.10809117836468946,-0.11374878993311149,0.98761202399954906,4.2814649587306555,-5.2038558776216002,-0.16641560266292144,,0.87768994740768,0.4941176470588236,0,1
-0.55751316021739161,0.82989065903844339,0.021460899914851513,-0.83009424332924464,-0.55693242751669969,-0.027745600948707514,-0.011073543970469354,-0.033283107143027846,0.99938461635290299,3.0761926984982009,2.3743906360045459,-0.88804235059119496,0.9032988342302002,0.8138091872893801,0.7731958762886598,1,3
0.32489303688361976,-0.93204365791640009,-0.16043420558707652,0.94571506801051619,0.31869823424287957,0.063674528881934145,-0.0082173427824609423,-0.17241245670858046,0.98499056850779421,6.0470987569643668,2.0300567102953906,-0.4923188064054233,0.4485403151568111,0.3922290718071698,0.9159159159159159,1,5
-0.28678717199727799,0.95504799884594715,-0.075076213797434024,-0.95787781070839373,-0.2846481877744001,0.038019849411153869,0.014940472894143728,0.082817444400948514,0.99645273504195708,1.1787103632955556,-9.1225538016759611,-0.18248496344409823,0.2155629251240844,0.1923903752987224,0.5957446808510638,1,5
-0.80559087005743701,-0.55618345673145253,-0.20416491505240311,0.58245912823130974,-0.80655401519357151,-0.10105436415688052,-0.10846526642259739,-0.20032619158108433,0.97370668219258605,-12.209658570501386,-27.002257711812078,-0.4881427081338231,,0.2831845603692074,0.1176470588235294,0,1
0.20491447248828221,-0.96093100502885609,-0.1860689725319126,0.97851415990184254,0.19669365211546225,0.061819463675065842,-0.022805653606952383,-0.19473882712934812,0.98058997107447754,-11.740179551641939,-13.238843815809338,-1.3372106779808228,,0.06247423917233882,0.3125,0,1
0.32888863283072739,0.9442318863347966,0.016075199014845078,-0.93978450605580555,0.32556951516657973,0.10396909623365705,0.092937341107760613,-0.049301476882848645,0.99445060963578713,-11.208911847199618,20.015210968109376,-3.3558413415822463,,0.2545193864328384,0.5625,0,4
-0.4634136593134669,0.8830345315463114,-0.074147127108805416,-0.88610092096013238,-0.4625735287184693,0.029169991473254771,-0.0085403884752615813,0.079219610108424071,0.99682060328775368,-0.42974767940537634,1.8719576277345356,-1.3172513358404416,0.2689088175003723,0.2000979052680463,0.6007604562737643,1,5
-0.90696892127403428,0.41821103080716648,-0.050069047866126017,-0.41471140805978018,-0.90745156510578029,-0.067424810063825169,-0.073633035168242059,-0.040388001909920479,0.99646725256459623,8.6250814997225191,2.2062853027919065,-0.17612989850730318,,0.1265349163417066,0.1304347826086956,0,4
0.71832329059846967,0.69414052312971075,-0.046696727219336431,-0.68491328399195828,0.71736025075724996,0.12762469997945344,0.12208785195561631,-0.059692585659411018,0.99072264111715735,6.4001863957026899,-17.746859337218886,1.0172476653685627,0.2673224939486333,0.2764327087040694,0.3636363636363636,1,6
0.8621849562916265,0.50573284703125154,-0.029519291625503666,-0.49846971683298791,0.85731076901181669,0.12863198178061708,0.090360624969328146,-0.09619008665155139,0.99125295696160198,-10.362261815404461,-10.740686700994873,-1.3891073282456126,,0.2200645999702147,0.3103448275862069,1,2
0.72619264268879191,0.68604864387583031,-0.044514086992811182,-0.68150506649111464,0.72688478143072044,0.084790087105486953,0.090526736667190438,-0.031237361613119328,0.99540400701817588,1.727017234211544,-8.2801787594285976,-0.17926479093602604,,0.1255162071071146,0.5679012345679012,0,6
0.93688802549303274,-0.32778631915179296,-0.12164274193179254,0.33893144194877367,0.93688654718568132,0.085843318674294483,0.08582718302665468,-0.12165412726007398,0.98885487710497622,16.920169996247356,1.255018525918228,0.84724139086750594,0.5493309837152405,0.4926871866360099,0.7441860465116279,1,5
-0.90691349569670399,-0.3604854719904908,-0.21807827908110378,0.40749155455436414,-0.88201681915075525,-0.23663677588669443,-0.10704459019516285,-0.30347414258709926,0.94680774209496832,-13.167222978338017,12.358587774728495,-3.2717064671474914,,0.1670982376152354,0.1538461538461539,0,2
0.38251835664262179,0.91446024502019196,0.13206879687889334,-0.92158472519563284,0.36740535331002594,0.12527929056801493,0.066040147770262875,-0.16963421422798333,0.98329188557911718,4.9848239737433104,-19.710221348638132,0.96418453727641185,,0.4197422910618049,0.1851851851851852,0,4
0.99329065499825653,-0.027897963247080448,-0.11222913320435535,0.062155793336893715,0.94716491784915335,0.31466692827570786,0.097520931331677496,-0.31953141010309538,0.94254408167986004,4.2226482599110815,6.8392501730738919,-1.0002325778980294,,0.214810069789904,0.2307692307692308,0,2
0.98825427353490891,-0.039113889357989207,-0.14772811005113839,0.087266044442515692,0.93801671142232401,0.33542403995510855,0.1254516971879901,-0.34437588874911124,0.93041233811730628,-1.2894657856731635,8.5983233734772266,-1.7932225418681635,,0.7479017496276049,0.3333333333333333,0,2
-0.75245199143775843,0.65844723375393399,-0.016224701634987675,-0.65673854580770674,-0.7519178678559727,-0.057567373131896804,-0.050104720653157277,-0.032661297597010384,0.99820977585252502,7.154520604306402,3.2019623727261619,-0.43037430395674958,,0.102728164013331,0.1777777777777778,0,4
-0.99476300239224447,-0.029670579263522689,-0.097807084598885013,0.043125178110912397,-0.98942858475359352,-0.13846044447928835,-0.09266492370076454,-0.14195327540661759,0.98552649863758757,7.3153296977021078,6.1018645157213722,-0.58032037346360932,0.4423663781848322,0.2161306020824825,0.125,1,5
0.96444972556275044,-0.22654983321450667,-0.13605844307654022,0.24845429896292348,0.95275003299952288,0.17475078239094627,0.090039925526264067,-0.20234264921139289,0.97516678784776967,-20.222479167286107,-0.62655020912928805,-3.1604569780444969,0.2184928365301177,0.2735484283248962,0.2666666666666667,1,3
-0.91612334818386842,-0.37880788022507084,-0.13123490691034551,0.38495759931752249,-0.92261732407685726,-0.024185120238471802,-0.11191808450857449,-0.072676428039963367,0.99105624419973404,-14.723995864373521,4.257298001638917,-2.9990270832069421,0.3080302427605165,0.2943997922605761,0.7898550724637681,1,3
0.99058276197204431,0.094141022333915997,-0.099414584431861922,-0.087250885830080255,0.99361527019798068,0.071526063440252072,0.10551338590767037,-0.062178474919523344,0.99247204628189878,-9.368052914139648,-9.5208256420822188,-1.3717298169030381,0.5477969360794277,0.5611355378857552,0.9895678092399404,1,5
-0.40394981222224269,-0.90453234136666805,-0.13654959768285227,0.91077346460071029,-0.41163150573346263,0.032422209468534809,-0.08553505354434536,-0.11126880474479962,0.99010252383570319,6.1395836592548934,-11.724763979927314,0.56281824493338817,,0.07778639677655924,0.4090909090909091,0,3
0.47588682851031694,-0.85793267106963067,-0.19360593576055685,0.87945327829145814,0.46660767312312784,0.094017076560735019,0.0096776935681498356,-0.21500886329160704,0.97656414584667761,-6.895739592942375,0.81399986044106853,-1.9065248954214884,,0.08409649890068845,0.2331288343558282,0,5
0.84464092860548579,-0.49030542118241577,-0.21490066468858748,0.52978295379704099,0.82323229913933393,0.20400638107629965,0.076887733680641474,-0.2861628480653976,0.95509114789979821,-19.042292282364887,13.435816464087228,-3.8935326530528731,,0.2305590463865534,0.1666666666666667,0,4
0.98724818812950432,-0.11241367777843701,-0.11271282129082186,0.12751647031009336,0.98229819204882463,0.13722176101940081,0.09529199774727197,-0.14984467606804122,0.9841067057079721,5.1889623854866018,-1.7311445182814698,-0.28292959453873345,,0.7449935632697402,0.5508474576271186,0,1
0.84841478727110498,0.52865510543785299,-0.026760572382123954,-0.52084668758007124,0.84276281933343955,0.13590275341589128,0.094398499864107907,-0.10136375014592473,0.99036069862437526,0.45253734700686715,6.3670417667986321,-1.4334630386600009,0.2398586951544237,0.1527392799947178,0.2019230769230769,1,4
0.87801951350014407,0.47860807221120405,-0.0040058865742612151,-0.46565893159220151,0.85613903257227231,0.22402615100613513,0.11065032011422468,-0.19483395525546648,0.9745749004248625,-18.188032351676942,8.4062211748925542,-3.5326398110729613,,0.4572735603902268,0.2592592592592592,0,1
0.77707990570516605,-0.61645062050790667,-0.12702540149382877,0.62759321125639267,0.77419196345534902,0.082180076089290024,0.04768208609258151,-0.14358076541295339,0.98848924246513203,-3.7507423118928434,12.423126691141007,-2.2631299882375626,0.2664485426756356,0.198154870633502,0.7631578947368421,1,5
-0.68451326118629297,0.72896045067299176,-0.007632602094639819,-0.72793429967230838,-0.68404077530233787,-0.046902804653486181,-0.039411300672424258,-0.026549558911702319,0.99887029703605745,-2.0252231624606449,-5.8947556355042012,-0.84574204654620644,,0.1484412251048055,0.1272727272727273,0,5
0.50785798668888382,-0.8036539667334256,-0.31019440212541399,0.86133616245847888,0.47934501352245268,0.16831034802548495,0.013426861048431405,-0.35265941042993448,0.93565541714757139,-11.687574157196641,8.3148147808735082,-2.9605838760068126,,0.5018199122778406,0.2727272727272727,0,1
-0.92108552856180248,-0.34073794232919163,-0.18841205834896324,0.36432894736699889,-0.92494613262752068,-0.1083469881807845,-0.13735307489997864,-0.16844080976610462,0.97609519331920636,13.884285265796217,-14.437588154725445,1.6546716223113538,,0.2801813588850275,0.3636363636363636,0,5
0.99389190745051126,0.018901532117998426,-0.10872722008760236,0.015751537827920201,0.95083910257884663,0.30928448079900595,0.10922804292140939,-0.30910796348629926,0.94473356114245888,-31.259203851159604,-7.3701896053600002,-3.7596070314805989,0.7728744466370187,0.3379050358876166,0.3513513513513514,1,2
0.76556326542858766,-0.63105450336943114,-0.12523218597261751,0.6415629712578097,0.7633626140005314,0.07532910099774541,0.048060800421659972,-0.13801352587133681,0.98926357768766182,10.534299958999913,-9.2655637178210277,0.81216315981060383,0.3765217818999892,0.3829487398019614,0.6984126984126984,1,5
-0.50527151396539705,-0.84014588014810365,-0.19711823164102002,0.85708063899490883,-0.51518094056961183,-0.0011733430392383566,-0.10056577665982282,-0.16953907674626872,0.98037902161400192,-4.8792601342979758,-11.701640924289757,-0.69219236779604709,,0.1079303519124806,0.4375,0,3
-0.6904491869341064,0.72252128204327037,-0.035255031649138902,-0.72237181055179389,-0.69124004927906502,-0.01913534929915485,-0.038195386922456928,0.012255254678147722,0.99919513667282156,8.6375440746307479,17.219763044439024,-1.1574108134687606,,0.1043266797624482,0.1764705882352941,0,4
-0.13454852698754041,0.99086133728888037,0.0095133669946937411,-0.99090254898677044,-0.13457051509150436,0.0017073018271360732,0.0029719180683222607,-0.0091971046585243629,0.99995328939350736,3.4985871369662114,11.22015795417213,-1.4009256550977334,,0.2649872392869784,0.2857142857142857,0,5
-0.29962227391956181,-0.91457473030707348,-0.27162392320084128,0.95124561801034657,-0.30821984313772594,-0.011502282915612918,-0.073200185705954629,-0.26182740685402112,0.96233473481565313,13.155392438152633,11.533737177145161,-0.22650096289077604,,0.4532290506255311,0.2608695652173913,0,1
-0.36189614131885045,0.91195958581868919,0.19328967052569393,-0.9322066973288069,-0.35506684481192785,-0.070129944892467155,0.004675077950673295,-0.20556568183601778,0.97863215464108244,-16.141757874244814,3.39090063576662,-3.0845321586451284,,0.565335000448614,0.3181818181818182,0,1
0.47656100046629735,0.87895665797880651,-0.018022381343415401,-0.87619345955463135,0.47654057062390792,0.072070146268237878,0.071934930793367005,-0.018554728350643854,0.9972367260523376,4.2103806642639734,-3.564462365045483,-0.2895897120281431,,0.1067117965308564,0.1304347826086956,0,5
0.060959518185899363,-0.95112399754991173,-0.30273268476862492,0.99664778331461912,0.041421586830040678,0.070551032299596153,-0.054563111683629831,-0.30601861614803438,0.95046066379111249,0.78934743888398362,-14.955299120934773,0.13298044341220086,,0.4485625731983861,0.5729166666666666,0,5
0.99393472953611561,0.061548665540098246,-0.091134599314431713,-0.036472565267335104,0.96629985441534805,0.25482217984252775,0.10374731516906298,-0.24995270177997811,0.96268382217013493,-4.9869513568861779,14.043543104861193,-2.4749031310032721,,0.2487480081926514,0.4210526315789473,0,5
-0.37372226289310195,0.9244655493283459,-0.075466007732620813,-0.92753073214374504,-0.37210288352620668,0.035016924484764685,0.0042908212440779629,0.083083645662206385,0.99653333947065159,4.7810286685047023,-8.1231187744586766,0.14762078505085249,,0.09619523556452803,0.5384615384615384,0,5
-0.98810641758624718,0.12520502101358555,-0.089271553351902455,-0.12036304536741356,-0.99105037214755687,-0.057722588092288876,-0.095699764026646955,-0.046291063707563515,0.99433329049472463,-11.098333122078401,-10.197989350716043,-1.479334905523751,,0.07176819889808064,0.2631578947368421,0,1
0.16369824808858621,-0.97104756661685421,-0.17398134078174401,0.98645800598699818,0.15930520820100127,0.039018624580977844,-0.010172806735770035,-0.17801256699323595,0.98397562977727993,-0.50898015956761777,10.836536680421407,-1.8320388685320625,0.3715251072350088,0.1356968862154107,0.3448275862068966,1,5
0.77461347122365565,-0.61622107545651672,-0.14228688049871083,0.6301497946880138,0.77113567727795818,0.090890062623592005,0.053714117822921216,-0.16006671544165646,0.98564366794203384,23.677763862995246,-3.769461323665197,1.8753617502052802,0.5772932404273997,0.5302721613314396,0.8307692307692308,1,5
0.51109391249231628,-0.83549910749180067,-0.20180251235725655,0.8589815502403938,0.50484028795574465,0.085363809681680433,0.030556651647486187,-0.21697355838250204,0.97569911653282138,19.203651174317105,2.1707088212250434,1.0206457395201476,,0.1605651282670214,0.3333333333333333,0,5
-0.62566724605894375,0.77147430473717615,0.11561961053085552,-0.77954571340979473,-0.61278933450841244,-0.12960598835374187,-0.02913722556165281,-0.17122099358147153,0.98480170259983879,-21.48335772839523,-9.1731042632483977,-2.6023360234002886,,0.3614800702567387,0.2,0,1
0.52202673555893075,0.8505821470636844,-0.063230518408606731,-0.84807047229173871,0.52552630967268055,0.067812770690212743,0.090909633089983913,0.018223856297420498,0.9956923870719796,-6.0236943120288275,-5.6620817202818623,-1.3094368563925196,0.1805341144212228,0.1655706144845939,0.7532467532467533,1,5
-0.24363484307502906,0.95727068483339151,0.15580404102081427,-0.96878552112741201,-0.24778681347926293,0.0075039402770333994,0.045789488899684552,-0.14911247776226666,0.98775948068439334,-17.13622380137782,-4.2694185021446254,-2.6016897736384115,,0.3525822783903617,0.2380952380952381,0,4
0.56559063161312795,0.81956071926654983,-0.091801224756315108,-0.81923148263646761,0.57113967842665148,0.051567873564429011,0.094694325536004487,0.046040147284708323,0.99444119461599323,-10.73398499004821,-6.541729495277596,-1.7382498097793924,,0.07434732168232944,0.375,0,2
0.95529130815235985,-0.27058051244444503,-0.11918348398102117,0.28862310264207469,0.94087441710003084,0.17734721838230028,0.064149989788114481,-0.20381736317590421,0.97690493973477566,-10.148574269151258,-16.762709484748829,-1.0283268627744435,,0.3113309293999443,0.6923076923076923,0,2
0.762750205293376,0.64451087875614177,-0.053083438941899569,-0.63752331741210688,0.76317127880523028,0.10551596543960171,0.10851794358894923,-0.046640394206902122,0.99299976311550542,-14.650904227130699,11.655704927671248,-3.3763395547147765,,0.1572536451413275,0.4857142857142857,0,3
-0.42030596858195113,-0.89920664913080961,-0.12153310221223709,0.9035975376452503,-0.42700224190817099,0.034359501842094936,-0.082791199627914175,-0.095375508199630921,0.99199250486071378,1.8258805934218929,-2.2009811179809411,-0.68187843175666218,0.2909566926611959,0.21342141310088,0.8508064516129032,1,5
0.94955328023572272,-0.28506292483148971,-0.13071991768699759,0.30225199670150715,0.94302442160931566,0.13909949941810684,0.083619964622876602,-0.17159274208116199,0.98161277109740996,-4.4853462709230998,2.7335050972502235,-1.794466445898327,,0.07355150694182833,0.2175732217573222,0,1
-0.88010004857782842,0.47214703557053078,0.050010811783692211,-0.46974431938607958,-0.85059334558435906,-0.23628634080732616,-0.0690230316475067,-0.23144791476608076,0.97039563264300588,-16.758367566861818,-10.042853530338316,-2.1117493375761782,,0.5068962062968134,0.3809523809523809,0,1
0.5318985965494113,-0.83891441936785149,-0.11535371673884635,0.84670678302155022,0.52898410977112842,0.05712648418153795,0.013096051850207905,-0.12805627117148996,0.99168043483754831,-9.0083631911386011,-6.1101751536194788,-1.6003334144225669,,0.3468498371788822,0.5901162790697675,0,3
0.9014925875376858,0.43056561290134282,-0.043867614495202469,-0.41547067907818508,0.88934101294680656,0.190936317962457,0.12122388147935435,-0.15390196775103171,0.98062171854463831,-7.1041049080562564,-14.917221709970345,-0.78204403796848343,,0.2260410734578512,0.2352941176470588,0,2
-0.65397740639871216,0.75639585125314612,-0.013374158928451649,-0.7557897920806681,-0.65402258806209301,-0.032190751641171356,-0.033095953025642132,-0.010943971472529989,0.99939225901631512,-13.227152992977418,-23.091015426070719,-0.84370561108685505,,0.5608585365107139,0.6571428571428571,0,1
-0.35796701991677271,-0.8914015539421144,-0.27796201589693664,0.93129923263591619,-0.36233150334751074,-0.037384769274214705,-0.067389553668639371,-0.27224832655411607,0.95986431163202668,4.5609766292803187,4.5830935450504509,-0.82934548370203387,0.9154594406199643,0.6760960725250204,0.2692307692307692,1,4
-0.59084712183248844,0.80482237242516275,-0.056219458074568664,-0.80632140019202692,-0.59143149068636103,0.0073886004682346962,-0.027303446936875184,0.049696485473749837,0.99839109627285982,-18.570631766506789,-5.0731484702767329,-2.6781232122076628,,0.08797066958143612,0.5434782608695652,0,4
-0.98586793354014568,-0.10854306602325957,-0.12760415524407848,0.1305341069796184,-0.97514719176760734,-0.17902179002228968,-0.10500125967014932,-0.19314853663960665,0.97553491903758183,-1.4638218831868117,-15.783489039038649,-0.12316077746622921,,0.2117491440081862,0.3157894736842105,0,3
0.95385493640667818,0.29810488281543723,-0.03597553521778591,-0.27399590359374304,0.91313843314872511,0.30183513168705017,0.122829170421606,-0.27804978106138672,0.9526811188142934,-14.075400695590753,-19.801880562511098,-1.2139612801386777,,0.4473671441061241,0.2,0,2
-0.99278145667050488,0.083470068743487655,-0.086126226639432063,-0.078250553335823037,-0.99498512321273314,-0.06230132813976353,-0.090894610367319814,-0.05511217841183956,0.9943343590547763,-28.718310135663089,-5.29069176754198,-3.6580809851374805,,0.1647924168610203,0.5238095238095238,0,3
0.76144384663237885,-0.63470701279156805,-0.13172044768710059,0.64635852249056303,0.75883769766206388,0.079912508474920499,0.049233411719098105,-0.1459875217960159,0.98806058247981665,-4.810564558475618,1.4688663958455612,-1.7544380958732031,,0.06701506587542534,0.1005025125628141,0,3
0.65649295730430735,-0.74547929465050022,-0.11522854792645189,0.75352045813954549,0.65517474104507389,0.054341308980285434,0.03498451335970492,-0.12250175486054928,0.99185150293835356,-5.6834329725228541,-8.6026263798435529,-1.0605465943008965,0.2129214927696314,0.171854988057307,0.7478632478632479,1,5
-0.92534333035509087,0.37905253036496239,-0.0076746460028292267,-0.37100554352606929,-0.90949614823801417,-0.18754104354285409,-0.078067968080867897,-0.17069251759856371,0.98222678480867565,-22.879260098834607,-13.566579356417279,-2.4357777156413709,,0.2356841813387865,0.1,0,1
-0.2013764765061539,-0.88371362693509048,-0.42248992920446665,0.97739987667403205,-0.20961185306175548,-0.02742903814582635,-0.064319482177288931,-0.41846516775622528,0.90595248638502013,-14.903779005951485,0.8343793236995718,-2.7633764835723813,,0.4064743304214763,0.3461538461538461,0,1
0.98880127231955961,-0.089808563671017499,-0.11919087947728152,0.10672818901374539,0.98378424125681341,0.14414458132236946,0.1043126911217676,-0.15525137212309509,0.98235221480120316,0.61611261140107643,-12.081932317918708,-0.074839717525522736,0.3723025500919485,0.1010073221988544,0.3478260869565217,1,5
-0.98554632676233911,0.15038775569380819,-0.077986926741868356,-0.14013777903743285,-0.98240328989938808,-0.12347136867029361,-0.095183195427122252,-0.1107578391457659,0.9892789598369327,-2.9253947563413636,-12.620612094691049,-0.4614938465070953,,0.1114795423555276,0.3461538461538461,0,5
-0.95311752706048647,0.29413815712995256,-0.071061410978817394,-0.29261842477027844,-0.95572141033706315,-0.031161567808726393,-0.077080718049755831,-0.0089067583066060069,0.99698507138341996,-7.1338633704079655,21.918921427849046,-3.0647935101102433,,0.4404144271100419,0.9130434782608695,0,6
-0.67056525243813814,0.73841501302542334,-0.071312767168571656,-0.74091662343925457,-0.67144156810231614,0.014449143077544784,-0.037212892039569685,0.062525907933956501,0.99734934275963916,-4.4724593349542934,-3.4333731374351606,-1.3108332498985957,,0.08755972623483613,0.4725,0,5
0.60107397552956732,-0.73489109435571365,-0.31407826314112258,0.79852194316123715,0.56835388488740779,0.19833448470549622,0.032753354501247875,-0.37001208219469606,0.9284493937737599,3.6212034399491166,-10.971300399026077,0.18193225719335124,,0.506668317720934,0.2571428571428571,0,4
0.55814221968999322,0.82819101257786931,-0.050763267081333711,-0.8250433026474111,0.56044362710265727,0.07215600873572528,0.088208907465061534,0.0016085786462279811,0.99610069828233649,-9.1241428482707647,0.89160059389449198,-2.1612866414596774,0.5704772663852755,0.4197194191670786,0.9926138695116947,1,7
0.89160214759091072,-0.39636382856954949,-0.21895507715731649,0.44615158142495925,0.8516236425803233,0.27511077367168235,0.07742336083693073,-0.34297651056582934,0.93614781759976518,13.656071982205138,5.4297631676683231,0.19596340701955922,,0.4677416226443449,0.2325581395348837,0,6
0.4087823506438244,-0.87025825733564299,-0.27485915546192191,0.91246502758203241,0.39549038541190279,0.10485670453751239,0.017451740366851667,-0.29366293703134572,0.95574971418896748,-6.2702590196418955,-24.88969470392809,-0.001697999151666299,,0.2525956665592238,0.4782608695652174,0,3
-0.85104536420257904,0.52462932497070691,0.022042219717614317,-0.52344247108789466,-0.84429890678259845,-0.11474901074566062,-0.041590474037908845,-0.10919444759917665,0.99314994088647646,-6.3559216816606794,21.428531728213734,-2.9501651992530062,,0.2114020296418878,0.3703703703703703,0,4
0.66406179284149114,0.74531861206279637,0.059347298177188687,-0.73491079311855512,0.63605739345051615,0.23523842882231738,0.13757929148676917,-0.19982782276180447,0.97012410536192506,-25.460715955730944,-3.0218338639375126,-3.4679098926808023,,0.5682145327696236,0.2608695652173913,0,2
0.13640906561817637,-0.89190741578542032,-0.43115394986495154,0.99018801121250521,0.10942718751493623,0.086910258793736872,-0.030335940206286487,-0.43877881933787999,0.89808289062438773,-1.7314930202063579,-20.668047297679312,0.26334529568388837,,0.4933986662624009,0.2272727272727273,0,1
0.86406858546222698,-0.44658650017820029,-0.23226273372173376,0.49901879945871747,0.820522491552931,0.27878859130629952,0.066073575687160935,-0.3567959342738603,0.93184276778947839,-12.933524018840906,1.0109409898763315,-2.6004380142294385,,0.2993251134594064,0.4375,0,1
0.68251447640005147,0.72400354291309132,0.099964290392399763,-0.7236924911829038,0.6503348718094234,0.23094097235896588,0.1021918182138243,-0.22996396317230516,0.96781889211372596,-3.1016359454811813,15.24538015756891,-2.3297401689073021,,0.753752900871119,0.5172413793103449,0,1
0.99471341626153864,-0.010629827441728164,-0.10213827038803486,0.019050854597654758,0.99646426920527309,0.081829243772021887,0.10090730621912002,-0.083342467960584463,0.99139888470072435,-0.14044381709609202,23.999087871953769,-2.4935152872096533,,0.4201432789024348,0.5277777777777778,0,1
-0.94078414772837471,-0.31623841069108072,-0.12214112733464175,0.32040580967525684,-0.94715170910024471,-0.01561272157026552,-0.11074883525049332,-0.053822927754507123,0.99238993744323789,-3.8149436549674287,-18.937723744866666,-0.142788981509758,,0.08178160804745213,0.2592592592592592,0,2
0.90741473581067911,-0.39587248718572837,-0.14100876257530806,0.41144435422352582,0.90520013757405959,0.10642487638465063,0.085510470769491503,-0.15458876034591809,0.98427144353754892,20.515095702765592,-3.8151727379741862,1.5594743668737028,,0.1172248430292581,0.2352941176470588,0,5
0.85621954322502491,0.51340943617745005,-0.057435569497331057,-0.50472879837224305,0.85504706857570534,0.11892581979454589,0.11016775341832796,-0.072837225125934296,0.99124053828660186,14.251174074894763,8.7774366199947824,0.11226417527012693,,0.2915170168503952,0.1578947368421053,0,1
0.61194920805309516,-0.77167946053984104,-0.17328870979994168,0.79070832540966163,0.60172369578140672,0.11273392596291824,0.017277467726409437,-0.20600826225203689,0.97839771309670243,9.436889573064084,20.536113656696049,-1.2437305959517799,,0.1677444947201057,0.3157894736842105,0,4
-0.41485868889458211,-0.88925672914102516,-0.19265185679373412,0.90173258637122677,-0.43010100855491418,0.043490977412598358,-0.12153440222803538,-0.15567784722769867,0.98030291081768306,2.309881692132906,8.2361949123252689,-1.3083310025234025,,0.1282804548737503,0.1714285714285714,0,4
-0.9397437393808965,0.32988361675823114,-0.089769168921840239,-0.33306693989820063,-0.94262941112802168,0.022720185370879574,-0.077124041914683,0.051250294349859532,0.99570341442007426,-1.539511400981125,-9.5033641019845838,-0.45458704458710325,,0.0860253171214085,0.28,0,2
-0.80968319257319099,0.58592231988261845,-0.033289078206766638,-0.58624817039432997,-0.81013152112229792,3.4545235966829927e-05,-0.026948290739608447,0.019543631889776546,0.99944576445086342,13.487021674010389,9.1904331648422311,0.00094143515189237846,0.3299748421015575,0.3253990099980936,0.4583333333333333,1,4
-0.32413087640091093,-0.86507075197639405,-0.38287304558897051,0.9432095586572129,-0.32665068411718479,-0.060457084146037988,-0.072766087027154022,-0.38072552402061466,0.92182057469877776,11.425208960913878,-3.5972061483821807,0.56565277615788834,0.5162212335735791,0.3013972245048786,0.3125,1,4
0.22774936112063016,-0.9461932053530151,-0.22988833518239421,0.97348011096745513,0.21601848261139539,0.075315926078502793,-0.02160328817418862,-0.24094487609006815,0.97029833794869758,29.629252730105936,0.746597943689979,2.2110075824552142,,0.2425757488367642,0.4545454545454545,0,3
0.9375691698218116,-0.32507613700123594,-0.12365094804324175,0.33854053723336985,0.93447254403170521,0.11023324861698362,0.079714217360394482,-0.14521215377256122,0.98618409739122892,0.26311221577216642,14.444932831021342,-1.9505051850564081,,0.1051572932966977,0.3333333333333333,0,2
0.98200635072776377,0.17833297135617315,-0.062135967503687661,-0.15333461075255972,0.94500528189081212,0.28888321921466564,0.11023622034386868,-0.27415756149657056,0.95534580503530353,5.6636911208919258,-13.867517799537982,0.68819867739882989,,0.3603810027805832,0.3333333333333333,0,2
-0.54478115266028504,-0.79649498982810163,-0.26231512896679127,0.83340435426697823,-0.54894382477924664,-0.064014525895094293,-0.093009021040827852,-0.25348847787515877,0.96285664228355528,-24.35221460191892,-5.3051330940765373,-3.2111795237340899,,0.2995439343589648,0.1666666666666667,0,1
0.91723942973850259,-0.35035883791834777,-0.18952707781605388,0.39095140296572256,0.8829990411399804,0.25974929040328376,0.076346768445828064,-0.31234816797666848,0.94689481618049764,-8.9962135384460584,-12.743675323584526,-1.1075920524606244,,0.06994832623405392,0.4615384615384616,0,1
-0.073279573207635756,0.99466064800993759,-0.072665668998202357,-0.99657513915064033,-0.070231572577833218,0.043652242097337694,0.038315743205460544,0.0756156168638073,0.99640061336237495,6.5541385849612848,10.466897886514319,-0.98320498101007814,,0.0723861528591781,0.2173913043478261,0,4
