axis_00,axis_01,axis_02,axis_10,axis_11,axis_12,axis_20,axis_21,axis_22,location_x,location_y,location_z,dbh,dbh_approximation,score,reconstructed,number_clusters
-0.79670525427180516,0.6036470179083393,0.029512973182455018,-0.60262652870076161,-0.7971662247976975,0.036976708180384399,0.045847625039569233,0.011674237112405995,0.99888022678701327,2.4009790516503933,-6.017652273470274,-0.37276361552617499,,0.1188967283322385,0.1956521739130435,0,6
-0.7632610552556367,-0.63467817630481926,-0.12089736991531687,0.63767121331941656,-0.77011872118243341,0.017104940458132979,-0.10396146032927384,-0.064037237656867044,0.99251763055347397,0.86248859574511982,13.10404913628771,-1.9234578836970169,0.2347243222135837,0.1149424443564811,0.5974025974025974,1,5
-0.29125486634484726,-0.93341306227554743,-0.20954870079251511,0.95321822852330917,-0.30168853787493033,0.018948216954941616,-0.080904954368258647,-0.19422688096211749,0.97761460047934923,-3.882918208104428,-6.0277044129902579,-0.83708711652325762,0.2840347976110141,0.3601395462905999,0.7045454545454546,1,3
0.95171163288671878,-0.28407945148061053,-0.11637797504068641,0.29968176872658231,0.94194382529970178,0.15143535740596195,0.066601841723801555,-0.17899914867462291,0.98159232854212808,16.087425802981311,-0.96266657287182489,0.39233202311064724,,0.1712884380048108,0.3823529411764706,0,5
-0.13030221721119919,0.99057346653919998,-0.042255645520552429,-0.99011683843450615,-0.12777614010027763,0.057809205750750062,0.051865002056336547,0.049370693833359743,0.99743298328865637,5.3723714060124097,-3.063089483220728,-0.35981466717340921,,0.07598878990328152,0.3846153846153846,0,3
-0.90614370401110322,-0.40154320287774325,-0.13291592795342999,0.4181880917531724,-0.89763393295022509,-0.13918348440871245,-0.063421665043407335,-0.18170409637372942,0.98130592261747185,18.166175534040892,19.890594931445186,-0.98300689547695774,,0.5156339959497992,0.4230769230769231,0,3
0.27021260267186348,0.95939553321877891,0.080903400405373679,-0.95933393140685286,0.26116304788355998,0.10710868532308929,0.081630615633896231,-0.10655549380498344,0.99095023554727835,7.0669344053492456,-7.6629205046722566,0.2386325799313829,0.4679723016120197,0.1789707194824615,0.1666666666666667,1,4
0.45231886381851316,-0.88470356672809769,-0.11272641417392947,0.89152845425902294,0.4450995198458888,0.084044230494879454,-0.024179757658973369,-0.13851359663059087,0.99006531242540308,-11.658646300903982,0.42742372958305214,-2.0377729666418891,,0.08794734856049298,0.4781021897810219,0,3
-0.1306847496154149,0.97785730052527398,0.16345212151385441,-0.98999218722873727,-0.13756755409380036,0.031474390966455962,0.053263171554239284,-0.15770310038192906,0.98604906910655832,-2.1897967937000615,-4.5909852707373409,-0.88296125826680694,,0.1591377562990773,0.2647058823529412,0,5
-0.40584204072817975,0.90573310338825919,0.12222840669934448,-0.91383603995013218,-0.40419736443506049,-0.039091977079851709,0.013997502128854934,-0.12756189090172929,0.99173183569134671,12.139684870572607,-2.2848511159311116,0.15133789192858485,,0.6358915514475936,0.4782608695652174,0,4
0.45217770793555484,-0.88115970517381681,-0.13817704014828538,0.89166347882299102,0.4428144193394003,0.094083104532065323,-0.021715454852012057,-0.16574970287485477,0.98592873729162989,-14.785160655942677,9.9875619812696517,-2.9499934033577206,,0.1805672503393302,0.5909090909090909,1,1
-0.1281430435232116,-0.93417046751313959,-0.33302387004971673,0.98985438197655029,-0.14125385454423695,0.015350930206885868,-0.061381290947889765,-0.32767802215387876,0.94279342961164714,13.984741139822521,-5.967211349184061,0.64536292401431927,0.5970791859591177,0.2610699694082819,0.1333333333333333,1,3
-0.95493407275859676,0.29414246590778886,-0.039763380570135391,-0.28946325939986733,-0.95251500690697066,-0.094478479425843712,-0.06566534963194301,-0.078710681401571447,0.99473247181893865,5.500199256488985,3.1115755243857461,-0.87739118798805782,0.6386552860455424,0.4393432468385504,0.3235294117647059,1,5
0.8398375883515159,-0.53008430716280142,-0.11697629029697947,0.54200510689291304,0.83077932486131334,0.12663402972732979,0.030054771566460418,-0.16975376485578558,0.98502810620985548,10.036396345688699,17.20825131412472,-1.4774003611565456,0.1474182334323238,0.179296932254615,0.3888888888888889,1,5
0.77631658413336457,-0.61882833419903749,-0.11993353989585552,0.63030415869515866,0.76420576008557184,0.13677069782531204,0.0070163189133878182,-0.18177196990867217,0.98331567780872264,-9.3746988726146476,10.257278634938555,-2.5351187801695563,0.4828555961018161,0.3413339375772197,0.9250936329588015,1,5
0.93397328055947759,0.35579540184152386,0.03321962115072833,-0.35270711437095909,0.90293953215018286,0.24555629243112739,0.057372490560202737,-0.24105981272049207,0.96881296647912496,-3.2654410622051042,-4.4367615409358843,-1.0093137194150554,,0.3004137720600324,0.8122448979591836,0,5
-0.44048981749483807,0.89768909380392004,-0.011091057157031318,-0.8974470516144315,-0.43997891358459434,0.031738701130999483,0.023611654578345093,0.023934211213582145,0.99943466184721419,-11.50569032244141,13.314263150500615,-2.9057433017750758,,0.09609198001893796,0.4736842105263158,0,2
-0.26684119937615614,-0.9604074157387914,-0.080083519586934174,0.96043695519801842,-0.27188122620243765,0.060344460629106873,-0.079728472990854379,-0.060812783463637887,0.99495988660948054,-10.919573358954459,7.6850192876345123,-2.5049744000480225,0.1569170003338531,0.08324169034008586,0.582089552238806,1,1
0.45251171634810722,-0.88739345534361014,-0.088124922587307725,0.89139207268929133,0.44727926188287126,0.073221818033992817,-0.025560111783389759,-0.11168758795337451,0.99341459793118492,-2.3899964090881594,4.80083831809287,-1.6554782111942019,0.3806427039893728,0.2480334480856318,0.7464788732394366,1,5
-0.76545148017591014,-0.6173942417587176,-0.18140667501413957,0.63630955823253244,-0.76821358109016991,-0.070413350513485615,-0.095886274296308638,-0.16932880461337249,0.98088407996550642,-8.0117232660201161,-13.694691537333144,-0.36390351251276626,,0.2415025584934547,0.125,0,5
-0.75551932176041392,0.65415417902322237,-0.03567722681402883,-0.65487650949284204,-0.75561434868722466,0.013554090617007884,-0.018091759482073661,0.033604555114396632,0.99927144566149151,2.4336182144085354,-15.083410057889234,0.61011448553767988,0.4284837643956624,0.4580846913050349,0.75,1,5
0.15228773525465494,-0.98356177402051481,-0.097029286180128585,0.98706683354095048,0.14638331769470075,0.065352814967166981,-0.05007506180174541,-0.1057268224544247,0.99313358980513833,-7.3967122462828865,-4.087451373681672,-1.3310360320182439,,0.06896362793409914,0.2098765432098765,0,5
0.82645128827458592,0.55734318213065526,0.079667091334835266,-0.55464833208340125,0.78169297203295107,0.28516894149151834,0.096661759896965488,-0.27986545840236765,0.95516063013864538,0.57665823019540519,-2.3557464119798297,-0.90713492780031513,,0.08043307376704781,0.2876712328767123,0,5
-0.20007920245739558,-0.97514743976284501,-0.095161880330212487,0.97689908002515558,-0.2059901434173633,0.056888032668558679,-0.075076628786976518,-0.081581441142353078,0.99383498040223917,-3.6635970710647534,7.0698417683680272,-1.8977059358997521,0.4790592684787377,0.416618549612122,0.9282655246252677,1,5
-0.96310179767885806,-0.24664674726897157,-0.10770473234444497,0.26108261529716115,-0.95337650979829125,-0.15135751898872726,-0.065351322078034943,-0.17389253183062353,0.98259380828305065,-3.2893946426732441,-10.978046839330194,-0.26525079146337283,0.7514630395244843,0.3675614819977023,0.12,1,3
0.40131587028112303,0.91533910542343233,0.033164655028146653,-0.91176085289632869,0.39576815146213634,0.10981674468860651,0.087394046629413524,-0.074309436620623434,0.99339840358380949,8.7200439690683638,12.318052677536949,-1.2833279066776098,,0.137574731605344,0.2608695652173913,0,5
-0.99445437959824845,-0.070285053565944069,-0.078233612616930848,0.069608145280691244,-0.997509847666052,0.01134944579407735,-0.078836495409460125,0.0058408094030604997,0.99687044892356591,-2.088446257810272,3.3319145602579163,-1.5372447956705153,,0.07771709625517816,0.3755458515283843,0,5
-0.95080553378808486,-0.29407067243630797,-0.097423182717531046,0.29681623569595006,-0.95482189529198125,-0.014672099315201772,-0.088707153856056334,-0.04286709558491851,0.99513489184676429,-6.6650053598723096,17.319136703963835,-2.7977070261836801,0.2695470324802289,0.1383929132258035,0.4782608695652174,1,5
0.94680523457324361,0.32022175505130673,-0.031904159236166033,-0.30896937040449551,0.93227901090260246,0.18813233103939064,0.08998764324369915,-0.16826726782807838,0.98162536165337455,-10.962428417483062,12.22530698614289,-2.7846292673325279,,0.07097480467964308,0.3125,0,1
0.53321344508963409,0.84525735735845786,-0.034977447120120034,-0.84094195749189971,0.53409017797360048,0.086973018355236117,0.092195694613882634,-0.016961179897776214,0.99559644046729046,-4.7428017060020791,15.689774608796254,-2.5500813586777253,,0.1520061331665883,0.5588235294117647,0,1
-0.60817543206595137,-0.78198210246782585,-0.1364794316056239,0.79044754766643199,-0.61237771664527507,-0.013645751882720073,-0.072906228948693197,-0.11617884306671188,0.99054891762303321,4.4635194686998414,-11.246685544867931,0.36798707248682733,0.162850195014981,0.1911761346664425,0.5,1,5
-0.2685655763809347,0.95737493794316364,0.10632854452826712,-0.95927219634473482,-0.27585451513493298,0.060836993676700826,0.087575022141728381,-0.085659294171703343,0.99246818630063938,-6.2118715783260212,-6.6115084157973296,-0.93683732765448546,0.5108431024856167,0.4918860951285186,0.1702127659574468,1,5
0.97798032803668189,0.20473444450765005,-0.040475736008228132,-0.18841984596995501,0.94958563764192949,0.25056950817852425,0.089735386653885044,-0.23742561786023234,0.9672521058988518,-9.9984781888642242,-9.8101252557486038,-0.90621760300571907,0.7362306102868392,0.415234167547086,0.25,1,5
0.99791960680740055,-0.023284299214485944,-0.060119046561411295,0.03666353354756887,0.97199513581504038,0.23212333200199123,0.053030591710531934,-0.23384460088270295,0.97082668843663311,3.3718543797292959,24.772762518835869,-2.4887554958485696,0.4121193773129423,0.3923759054893536,0.4666666666666667,1,4
-0.51241764297822445,-0.8530256757550202,-0.098870398337077031,0.85400396994133176,-0.51827562733935961,0.04547079755664999,-0.090029875536322065,-0.061135673781226078,0.99406088893096967,1.8304477700053887,-10.239982966044749,0.054141839513925871,0.3900618279729022,0.3472744420494016,0.7384615384615385,1,5
0.90579214679627351,-0.38932395354136617,-0.16723470333969989,0.42334794031741962,0.84811040988191599,0.31856750317464139,0.017807532990160482,-0.35935440980854394,0.93303124273518079,10.353878930666729,10.903148144661918,-1.0302456324683056,,0.5502550888243979,0.4090909090909091,0,3
0.71348842130630619,-0.68681961050404594,-0.13861131010457375,0.70065589337919576,0.69826164853151174,0.14666966033592968,-0.0039486370859516421,-0.20176593572039542,0.97942580905755039,-4.2337349241023858,-5.2867813374457464,-0.97957682276719849,,0.2388022726947573,0.202020202020202,0,5
-0.97913477751843181,-0.18726919363368766,-0.078900802085403954,0.18438065093607969,-0.98193585194980437,0.042494213912006147,-0.08543338348865287,0.02705978143666719,0.99597635775869731,1.7624020363424842,10.267312156485021,-1.67430327007774,,0.0747333045129438,0.2857142857142857,0,5
0.82536283818803791,-0.5450720472962286,-0.14721633263495001,0.56345091951505377,0.81183281574496879,0.1531356933482024,0.036045063959247343,-0.20934168848056209,0.97717798318846716,6.8987495013116353,-4.653990202051002,-0.081336629565099544,0.6117947603663056,0.4971083825532857,0.3615384615384615,1,5
-0.99464925376902802,-0.046986154706621965,-0.092006321753456272,0.058114439750641345,-0.99079361666268084,-0.12227314125740207,-0.085414131554352388,-0.12696578454988941,0.98822270550946434,4.0207796218847065,-8.4807630639639289,0.010310382129869924,,0.2146007229301228,0.1578947368421053,0,4
0.86581843178626239,-0.48897014376320708,-0.10614443785412593,0.49961771672670047,0.85639776489930897,0.13024978083769823,0.027213605273431554,-0.16580430266931759,0.98578311656487849,-9.4744509520160669,-6.769706299305593,-1.1031238028725729,0.4222862479811094,0.2227687464904658,0.6259541984732825,1,5
0.81236269666944849,-0.57661795754267853,-0.087055040630916555,0.58263503891114021,0.80883448860378404,0.079518434831604284,0.024561361789498814,-0.11531912714014092,0.99302479245116526,-2.4979833879820514,-5.4238651070645192,-0.8150182908421455,,0.0707370507396278,0.1728395061728395,0,5
-0.99247489956733648,0.10162969453441446,-0.068300650931355664,-0.10068560537465521,-0.99477073322300857,-0.017134678091407941,-0.069684880706968835,-0.010128845531382174,0.9975176308662701,-7.7718134312631628,-2.7482386120588869,-1.5197670429456827,,0.07923300331736041,0.108433734939759,0,4
-0.7219992678011834,-0.67182136437448425,-0.16544821444959981,0.68358813859609613,-0.72957790728816851,-0.020575081232889304,-0.10688458291670769,-0.12795363053474568,0.98600383080782084,8.8785315320167761,-6.9169846928487919,0.33186407364505288,,0.1662550984307709,0.2857142857142857,0,5
0.52304785336676252,0.85155841559158352,-0.035625944528856382,-0.84838995740973411,0.52419221205560995,0.073871543821389093,0.081580777482998024,-0.00841365885914825,0.99663121920290587,11.051007351887122,-1.2069066029194295,-0.046739907251456651,0.3673016555013476,0.3886529885282913,0.76,1,5
0.82138539730784688,0.56678847467233839,-0.063850247204188276,-0.56186339111859196,0.82330976470344597,0.080439797766237997,0.098160882280814502,-0.030196958829678572,0.99471231261470339,-5.9271387842064271,-3.0606827809651276,-1.3553469652532262,0.1724400222238664,0.1527834622055483,0.635,1,5
-0.68211103139380735,-0.71630632975084696,-0.14707067284046918,0.72451219467564021,-0.68925423586317014,-0.0032677378972824521,-0.099028382886749727,-0.10878345601951132,0.98912058874501596,-5.3995403018566162,-4.5035858116798364,-1.1720026285710705,0.2538505325866351,0.1708541589930845,0.2602739726027397,1,5
-0.99835613313358618,0.0076823799254961333,-0.056797997088226991,-0.0076249528938176769,-0.99997017594764281,-0.0012277249722207949,-0.05680573499146873,-0.00079262470355694428,0.99838493589304433,22.811470041067963,-0.54604539718786327,0.91762055045003088,0.3378480509783018,0.3607217506949816,0.3333333333333333,1,5
-0.93819382037791377,-0.32827716995906958,-0.10966519542845467,0.33329579168203655,-0.94232681857809253,-0.030562758964743034,-0.093307398697753383,-0.065224739724713585,0.99349859721899125,8.9724669236791623,-10.309362312068501,0.63200785135797921,0.2090066711748287,0.23061704052567,0.34375,1,6
0.8869794313879622,0.4586424849957913,-0.053986658088579643,-0.45153024155738392,0.88581834643235968,0.10698737347449248,0.096891327030948868,-0.070518990922484592,0.99279360527022742,-6.870264413782798,-6.8131113651528645,-0.90785239556171893,,0.08494035705780283,0.3225806451612903,0,3
-0.8954827584845324,-0.42728646055836628,-0.12464714148522311,0.43422980294095714,-0.90016684176907946,-0.033825067883726682,-0.097750230152112899,-0.084415268778728167,0.99162440213128289,-14.385388647062941,0.88985524047271047,-2.2838034575986952,,0.09657918560401751,0.2051282051282051,0,5
0.91373997017873321,-0.38271462885985896,-0.13641400131375522,0.40400954405904688,0.89144445068594069,0.20519034979852979,0.043076155898242791,-0.24260318257991287,0.96916878849616706,-17.519475359410098,4.0218122398036744,-2.7439645727571604,,0.07522315169553148,0.2580645161290323,0,2
-0.91668073162769936,-0.38852539541427389,-0.09351178204209612,0.39381497331784038,-0.91802442779503479,-0.046270041736179462,-0.067869013939905257,-0.079241195660976954,0.99454242235162782,4.2097498896150869,-2.0158430425306224,-0.62052327852896705,0.6354563273710645,0.3931178273301352,0.70995670995671,1,3
0.36196264975735115,-0.92089731492440652,-0.14467610564864355,0.93191011272397817,0.35364794220329149,0.080477790589459461,-0.02294737421625305,-0.16395508025187144,0.98620086679954944,2.280114038134939,13.075973591910047,-1.8054779634651867,0.2987200117512144,0.124721121310103,0.3,1,5
0.39140795732261929,-0.8816820768350071,-0.26350811435787946,0.91913886414216039,0.36071867908831051,0.15832177039259371,-0.04453716838771133,-0.30416894967220948,0.95157642398669751,-4.5544458739354896,-3.3589706854392487,-1.1862316073245065,0.5682597494407653,0.4144395469103302,0.3080357142857143,1,4
-0.94913823935556541,0.31374234580359817,-0.026501755463995854,-0.30997765166776287,-0.94587030043188713,-0.096141719494871852,-0.055230952006614827,-0.083036830446176504,0.99501478719157532,-8.9648280491995962,-9.5621631925996216,-0.84742348929597988,0.8378167244545548,0.4825351468480015,0.3461538461538461,1,4
-0.53859191352016289,-0.83310389065180024,-0.12592322292382374,0.83789940786144657,-0.54530195245748958,0.023882272745423778,-0.088562593661920819,-0.092648194946708659,0.99175247868457073,16.603220718334136,-2.8812743043769782,0.59342276922618764,0.2818941372937676,0.1723743411708128,0.375,1,5
-0.4940258306761372,0.86308682201951381,0.10497436011240338,-0.86931156493224082,-0.49246805575698471,-0.042102459951802028,0.015358440669884109,-0.11205512801827171,0.99358329624898445,0.44662197599822862,-9.7858922699464443,-0.065056736855993183,0.440522718114552,0.182279798790557,0.1428571428571428,1,5
0.58580465933325143,-0.79323413580575686,-0.16617011432850506,0.8101831408406881,0.56788516282500623,0.14529184471516082,-0.020884908450161766,-0.21974086473778881,0.97533469791826721,-4.341266368979686,-9.8949106624143486,-0.4382938113554089,0.2079730358157127,0.207118940268322,0.1842105263157895,1,4
-0.77961047662800675,-0.59693643699810917,-0.18940537192977192,0.6192306334959663,-0.7799559109462606,-0.090676344876561191,-0.093599825170974343,-0.18797783689571321,0.97770312752080912,7.5700664599210947,-1.0924840329272785,-0.33693432539182938,0.3776680643232709,0.3004130609921516,0.6296296296296297,1,2
0.77140142742054796,0.6259779798373174,0.11441768452617905,-0.62894349364937363,0.72264805195602699,0.28672264438003386,0.096798344870464695,-0.29314051538971919,0.9511565163880169,-11.976964956897056,9.2709849309400649,-2.7037389914907561,,0.315462761090585,0.2424242424242424,0,1
0.97923946537353324,0.18786362344954802,-0.076140189383560292,-0.15875162864522624,0.94431057165326193,0.28822814690168364,0.1260475698196763,-0.27015699740761251,0.95452983551812443,10.735927477062578,8.2353457224080415,-0.8329135641250156,,0.2892064166310686,0.4615384615384616,0,2
-0.30830222048294992,0.93908817231012154,0.15186555064437551,-0.94933939259634781,-0.31393869879149694,0.014043185746120184,0.060864262996284932,-0.1398424042568579,0.98830139302825104,-7.3081732256084324,-11.026920054248274,-0.57636671729860534,,0.4198649869201029,0.4358974358974359,0,4
0.62362874504883747,0.78132178496766069,-0.024969114597045625,-0.77593810981789202,0.62257767387237251,0.10157307580211222,0.094906470174843244,-0.043969402208963726,0.99451468243980046,-8.5503220027814351,-0.40316752568974579,-1.7235339576013253,,0.07881813083342386,0.3087719298245614,0,5
-0.97398136931367085,-0.20514485790987821,-0.096311367465131956,0.20879424116966902,-0.97751842531881161,-0.029371636260398921,-0.088120696117597069,-0.048716685389781765,0.99491779935851155,3.6273356210564107,17.87512751874138,-2.0293970371362504,0.3353530015847597,0.3647770251068053,0.6415094339622641,1,5
-0.83495213281025193,-0.53910773260875566,-0.1105341058545215,0.54064219681911663,-0.84105617813621147,0.018180215551769782,-0.10276648740816036,-0.044579792062724999,0.99370603862783935,4.5687994711774067,-12.605161963900576,0.5470963536339053,,0.09208429293342778,0.25,0,5
-0.1257837231369211,-0.9241966367658524,-0.36060925055314669,0.98951393413256505,-0.14289300341032649,0.021065700412529458,-0.070997388341462839,-0.35417815597106495,0.93247906393743096,-15.386586357074547,-6.7049048317239741,-1.5955495074343911,,0.1251199529532398,0.5,0,1
0.64762406132534434,0.76165555569100063,0.021538098279563104,-0.74437038008298506,0.62638249324226913,0.23142538627970571,0.16277534348782391,-0.16590897095887264,0.97261420969868051,-12.989093090755663,2.0896055403518146,-2.2747067394127596,0.6608334900912003,0.4413134250803115,0.1493506493506493,1,3
0.9775305779382244,-0.19118510222117352,-0.088781900657965609,0.20222415708980238,0.96942468255886383,0.139000629980461,0.059492516210698974,-0.15383121118396498,0.98630451635415017,-8.2956687597831955,-11.727407964748265,-0.58609066758443951,,0.09552250698969486,0.4444444444444444,0,5
-0.055004175878076177,-0.98547595001697808,-0.16066017731257787,0.99660644146997746,-0.064053707503648874,0.051698388520199305,-0.06123839854635444,-0.15727134034264564,0.98565490109383902,5.7638506658863982,-11.979015839658915,0.57357563435304904,,0.1369867089520581,0.125,0,3
0.18577062591426566,0.98058755491443028,-0.062748081200636144,-0.97973645941350251,0.18971843392006282,0.064213596121176733,0.074871520909601058,0.049547582966865365,0.99596149141361145,-12.123459602346282,10.679361234284242,-2.7800959319462577,,0.07984339659099468,0.2857142857142857,0,1
0.95608708061612546,0.28572741647939942,-0.065248277762268048,-0.27788029709567941,0.95451431075180737,0.1080970446220362,0.093166704164906577,-0.085218977006353183,0.9919968201526852,1.8567750937555569,-8.9313111986801186,-0.077802843488670836,,0.1022886191416043,0.4042553191489361,0,5
0.9941942940531191,0.068822755350717982,-0.082711148088735031,-0.058276176150753436,0.99059728310979578,0.12377766352916002,0.090452158434543767,-0.1182389573762675,0.98885689358627937,4.4624796521792183,-9.5086707419879097,0.18979974169216415,0.2910635557571972,0.2386037983959572,0.3409090909090909,1,5
-0.27645046203843499,-0.93177467694601979,-0.23531063180586451,0.9569955065722574,-0.2893180800646879,0.021322498638524173,-0.087947384493474293,-0.21929660268645748,0.97168629588511413,-10.043705697328715,16.144936550370783,-2.9825838632498702,,0.1668186408518529,0.4545454545454545,0,5
-0.39127946261139263,0.91882046024967601,0.051665694276906371,-0.91984770482148581,-0.39218669276288431,0.0083545170031795127,0.027938898925783252,-0.044255619375238968,0.99862948989128586,11.378797759958953,-7.4457942277499356,0.57444447435641732,0.4133073739987798,0.202979750985134,0.358974358974359,1,5
0.97304074730740919,0.22265137280232525,-0.060150397078324092,-0.21500001438525954,0.97007731764448724,0.11280510452109743,0.083466747233723562,-0.096831626966180223,0.9917948064621559,4.1616530580891542,-4.6271189867414115,-0.3281888839118815,0.2378182319052183,0.2178342491771413,0.6153846153846154,1,5
-0.6042062181356731,-0.78427595260539995,-0.14087610205808629,0.79242777913639018,-0.60995867396636394,-0.0029378403909931924,-0.083624522833651696,-0.11340919811940903,0.99002287496944041,3.600228030157659,6.6583273937197545,-1.2842718420714481,,0.121431633787859,0.2666666666666667,0,5
-0.6243333547212444,0.7781386008616531,0.068616179080346729,-0.77930736381669452,-0.62648951570309908,0.013817359196694955,0.053739137354362601,-0.044846455413618147,0.99754744275810925,6.4966489807890389,-10.111290844193125,0.4298054186056795,0.3936558533531442,0.1887677193071989,0.2666666666666667,1,4
-0.79726293897893363,-0.59330367807922135,-0.11118701231862585,0.59545867214473658,-0.80321986879880902,0.016334385034401433,-0.09899886816677074,-0.053184470896048996,0.99366525357245283,-12.798699361632158,-1.5033821261801916,-1.9790180552524013,,0.1212420096149142,0.4897959183673469,0,5
-0.44560939370989533,-0.86687369109282775,-0.22352241929747754,0.89338602060211614,-0.44661485423379299,-0.048954981058560131,-0.057390647584914148,-0.22150660412011541,0.97346861166704279,-5.2873933348851079,22.343178551312199,-2.973622269883879,,0.2910339994882121,0.2608695652173913,0,3
0.57513538218585569,-0.78452255264736293,-0.23182678133812898,0.8180262294454832,0.55404368543496607,0.15449492732399733,0.00723740955981179,-0.27849588689477517,0.96041015242736649,-3.0833007053361285,13.569451640851572,-2.2966174906165961,,0.1981779031372672,0.1063829787234043,0,3
0.97826131098452296,-0.18174283463111057,-0.099871665106227581,0.19999129751143205,0.95418627841828563,0.22255791829983193,0.054847865505738128,-0.23769326481520167,0.96979050496019692,-1.9254586230259927,-17.968390823794493,0.57282542616573084,,0.4383435741057868,0.1111111111111111,0,3
-0.88741411003509763,0.46068602343697795,-0.016266072680270891,-0.45942754996805801,-0.88677509734205928,-0.050559401344638683,-0.037716357737236091,-0.037394044229060661,0.99858858486126878,-6.9028599828153308,19.004704490057424,-2.9077413433058084,,0.188838968794934,0.2222222222222222,0,1
0.43869315157434846,0.89862423593150664,0.0047750767828587809,-0.89510828280008903,0.43649395361585697,0.090852575744852129,0.079558034317357751,-0.044130613561499624,0.99585290486208056,7.0338353171111461,-13.993667478961514,0.86243629939666533,,0.101427424821795,0.25,0,5
-0.91093314693769845,0.41252575720383317,0.0048271579201541017,-0.41090618486659503,-0.90618787656598987,-0.099898146144971306,-0.036836246396200353,-0.092984041685799879,0.99498595916887789,10.884788412196238,2.7761456597972565,-0.36134044515830643,0.6118028143518351,0.3062792807070905,0.4166666666666667,1,4
0.92089781983493213,0.38441797173230247,-0.064575757312573964,-0.37826296796159176,0.92129759232749286,0.090154719457456983,0.094150584130729242,-0.058596666976780329,0.99383202711879592,5.5543644775862404,-1.6531682735333155,-0.50304797529695833,0.2991777259791432,0.2871420044544331,0.5769230769230769,1,5
0.55033819513943572,-0.82765859479650739,-0.11004145323531325,0.83485063732691722,0.54353005585266678,0.087175063748971007,-0.012340353540670831,-0.13984394461065539,0.99009665529695812,1.9011210250334325,-4.2704952438969004,-0.56235449482134836,,0.07552320501299177,0.2553191489361702,0,5
0.9596770300311076,0.27238008570433037,-0.06949163217520915,-0.26611061254138935,0.95994939262749612,0.087648762038875533,0.090582227415312799,-0.065622042834725502,0.99372461354777653,3.7567915370459009,-6.0464966833581482,-0.20735974984240696,,0.08481992132325615,0.4074074074074074,0,5
0.3290760071293834,-0.93259462610811938,-0.14824386964067127,0.94382802098549179,0.31985114816490351,0.082969330599949043,-0.029960779936323401,-0.16721993413421493,0.98546427905518552,2.3506726463312821,11.548804808904569,-1.7102934917887449,0.3939875990630453,0.3468120936893812,0.351063829787234,1,5
-0.97778599531311683,-0.17259208991816483,-0.11893913513733971,0.19187159232948506,-0.96543325028462834,-0.17641975881914698,-0.08437914094422938,-0.19532181071897278,0.97710263065400449,8.7353991395865638,3.3926658075837763,-0.60473848415643405,0.2163779625440703,0.1173888874319627,0.4117647058823529,1,5
-0.99669884328090197,0.032825342222195693,-0.074255725102576983,-0.036231877357383063,-0.99832957729236149,0.045003401720490367,-0.072654434590555428,0.047545262763518614,0.99622325867401618,-0.16922549542161264,4.0924332946408821,-1.4290377292746446,0.3763084370851417,0.3473938077447641,0.8923327895595432,1,5
0.95153344679514218,0.30201760193809257,-0.058047116635712069,-0.29457984753322203,0.94926244132511317,0.11010690676242307,0.088356171586707846,-0.087670893739308559,0.99222326183852905,-11.604123260454406,-4.326481433097257,-1.5413991175816761,0.3342074723975553,0.3355647377482724,0.795774647887324,1,2
0.059162484661564305,0.99812958949398567,0.015398798175134319,-0.996125297070942,0.05802410397349346,0.066087789291224455,0.065070676529434032,-0.019249050226999916,0.99769498401132628,7.6585880226271543,7.0416556321036614,-0.97780604245427472,0.2841120681004416,0.1799914515738217,0.3513513513513514,1,5
0.31728212263481315,-0.93396541986135406,-0.1644404121849358,0.94833004781059027,0.3127450690324739,0.053484971865334643,0.0014748138560262355,-0.17291360935183006,0.98493589061675069,-12.608348262048802,19.232773345008802,-3.3607324424021456,,0.1284897092266657,0.32,0,2
0.85352732241113738,-0.4844205331835123,-0.19190585433455773,0.52000327509159028,0.81524909184587968,0.25488333044451544,0.032980354632634407,-0.3173415593247601,0.94773763823836554,-6.3529459777816673,-10.64686742120414,-0.55621975213232921,,0.1304937372433953,0.2777777777777778,0,5
0.48707498317075476,-0.86411837487674958,-0.12671777684908567,0.87297400772162215,0.47739363548701119,0.10005847609744832,-0.025968107587154284,-0.15935730606677651,0.98687937783271262,1.2067643886699406,13.884760300554751,-1.9546914755780636,0.2546674583298731,0.192419491538325,0.5245901639344263,1,5
-0.98648356123269876,-0.13530770723151092,-0.092422982971796089,0.14558558797739979,-0.98259253577499373,-0.11539820281331521,-0.075199866960839593,-0.12729388438970662,0.98901023604715677,9.8949166953887993,15.68349856639581,-1.4066719619589307,0.1948872362262761,0.2113220771034749,0.3888888888888889,1,5
0.98357314804429596,-0.14792838213320134,-0.10344590956479378,0.1645569236842272,0.97035531674347719,0.1770072827181102,0.074194887383278424,-0.19112235093551758,0.97875807310032603,-0.3202425969483581,-8.3529490530666717,-0.27482257852597053,0.3260837769045009,0.1386620425228376,0.2083333333333333,1,4
-0.67528077039554846,0.73680496582206489,-0.033381483998462566,-0.73752715279466352,-0.67499012922777479,0.021024374798505024,-0.0070413084430944002,0.038817106860466001,0.9992215230820396,-8.6687593522856847,-1.468682330519999,-1.6678747805951848,0.2589130719954295,0.2142995613281471,0.7134146341463414,1,5
-0.63407978433288203,0.7689748509392641,0.081366490174408834,-0.77315298420805179,-0.63227809128109747,-0.049587077914668203,0.01331503325377173,-0.094350908362709887,0.99544995654255852,-0.04686081861260552,8.6651414503464892,-1.7110331306584445,0.5249327548342407,0.2035058569564985,0.1818181818181818,1,3
0.593573624520496,-0.76037034616746857,-0.26364235043476231,0.80475747270482989,0.55836926447237523,0.20146755227160931,-0.005980167166249677,-0.33175397685897196,0.94334698623513957,8.3144132474868648,-0.66531869515169639,-0.31007339208365936,0.7125140582985466,0.2522660043152737,0.3414634146341464,1,3
0.21211488409030047,0.97719309702185253,0.010046247070399155,-0.97486437145583227,0.21086994919391661,0.071925807558763794,0.068166951034821552,-0.025050262669203037,0.9973593891505812,-14.265862392471597,22.284733043092078,-3.6509828539162696,,0.1638379246938866,0.5909090909090909,0,2
-0.55666444922125136,0.82944114028115223,0.046390578594186146,-0.83067590806597336,-0.55643430261095694,-0.018931524941971603,0.01011072361264472,-0.04907404290417243,0.9987439669810616,10.7264230858797,33.506315776208396,-2.4188270881801373,,0.4201242955675061,0.3846153846153846,0,1
-0.99475826596903494,-0.053001138386816277,-0.087446392812854407,0.056246831235774286,-0.99780049765586931,-0.035077925446548024,-0.08539488428596187,-0.039812638789721036,0.99555143891733988,20.523378144185081,-4.4468536640472633,1.0845730467701322,,0.2713686149623433,0.2857142857142857,0,5
-0.94202906390995811,-0.31244483856500788,-0.12230889421057797,0.32985481536671879,-0.92913954528577392,-0.16701947840157008,-0.06145765638483193,-0.19768138061089829,0.97833789062442644,4.4400344508342888,-16.116000663878303,0.88340096383846323,,0.3083027722343818,0.5882352941176471,0,3
-0.88721569986626125,0.45641129687955773,-0.067357479106197535,-0.45957282288979329,-0.88713861394519833,0.042165152774531645,-0.040510768592166096,0.068365252344399371,0.99683753435550337,2.8510027387323347,3.9887198506175374,-1.1676521579507235,,0.1351754719310203,0.2837837837837838,0,5
-0.16945682548628815,-0.97005852600219855,-0.17398517300779331,0.98277681197111089,-0.17953281133178586,0.043791637411784115,-0.07371649847903429,-0.16356780180019376,0.9837740858887486,-2.2242436629885773,-6.4962066825248863,-0.68671982625253392,,0.07066635697911414,0.2394366197183098,0,5
0.4153172717360375,-0.90570595860990932,-0.084901592071283588,0.90931721189094594,0.41071772637597009,0.066731981833515336,-0.025568964715245359,-0.10491742361999654,0.99415218264827609,-13.500175270960874,14.34326010877618,-3.1325279886222859,,0.2437713870587507,0.8070175438596491,0,1
-0.59396622824291212,0.80408673739851733,0.025468381312855937,-0.80412228658667573,-0.59435420923779281,0.011420252883991818,0.024320113517524052,-0.013696448485870221,0.99961039379218575,-1.7195051849993266,11.707233752752762,-2.0512445763056109,0.2844203695496521,0.2097837947688242,0.3478260869565217,1,5
-0.81473798350565685,-0.5731041709905681,-0.088054684295328645,0.57179574599222394,-0.81932291486159092,0.041947420038691507,-0.096185461990533266,-0.016173137479168927,0.99523202647711617,-9.6358012807746221,0.85002056849663854,-1.9318959789655061,0.2702599672826445,0.2177727432858759,0.7695729537366548,1,5
0.87512902773448864,0.4832435629392231,-0.024996873690421591,-0.47448558775024952,0.86711064384978054,0.15159999452414266,0.094934776735346518,-0.12080889950754826,0.98812580067822631,12.075377397106545,-0.89213736752867923,0.018687166141372398,,0.3903161384497004,0.8,0,1
-0.10786852664867914,-0.96221215402099081,-0.25002430204467951,0.99218775350479016,-0.12004803780375194,0.033940100391523703,-0.062672503969133028,-0.24440998194377173,0.96764452045804727,-15.827735686912719,-10.564219089485441,-1.314821996007205,,0.1268980209739683,0.2608695652173913,0,3
-0.99287247151944202,0.098691410026413004,-0.066815124679021343,-0.096808184086263557,-0.994824285702397,-0.030867718908839874,-0.069515687386336455,-0.02417945747351391,0.99728778346247227,1.5937449670312138,-2.4805851862851376,-0.7952938696023486,,0.07201625741852272,0.1463414634146341,0,5
-0.72064255171415459,-0.68270853590356839,-0.1207616150244667,0.68654534438961734,-0.72697271144134146,0.012890574718161643,-0.096590904105163786,-0.073618827918060945,0.99259783669929325,-12.27724666119653,14.569934828375871,-3.0538700075956289,,0.06058174417140966,0.1818181818181818,0,1
0.57801062186044638,0.81570985421528941,0.022828814086008609,-0.81130987429899448,0.57143851092876685,0.1234273717311733,0.087635659873433289,-0.089863574175450531,0.99209098834480047,1.369675660028149,-6.9965370108477298,-0.35436543384340041,0.6563939187753113,0.2794664803396931,0.3728813559322034,1,2
-0.77752199668932309,-0.61537760614599557,-0.12949882825057646,0.62136336240967471,-0.78348568474109381,-0.007599582930796476,-0.096783864973410752,-0.086374670244250148,0.99155045248388907,-15.167780228892038,13.652811966708246,-3.2116066271320656,,0.1220856014262002,0.1666666666666667,0,1
0.73867592435218965,-0.65500965737384831,-0.15912330919583198,0.67393053062546182,0.72229973850164986,0.15524409055204513,0.013248346059856891,-0.22191312828997345,0.97497643295581038,2.9525991720328664,-8.3477711775297987,-0.10458683244864445,,0.1002073800123105,0.1818181818181818,0,1
0.011560680395809817,-0.99482364948223312,-0.10095670903727172,0.99816122280899811,0.0054732656859890977,0.06036734749162681,-0.059502302049838238,-0.10146895975410895,0.99305766512181337,-10.732075106891456,-5.8262574943076419,-1.2828291176730653,,0.07676022430112858,0.3272727272727273,0,5
-0.31653183528069467,0.94739478167811109,0.047441805434871538,-0.94822242840894055,-0.31739263898174663,0.011667861091672879,0.026111750536628384,-0.041292134472410903,0.9988058550662513,11.093506861925308,-8.838826962807147,0.69937583252054536,,0.2930675122232889,0.2692307692307692,0,8
0.35557707458600268,0.92812371095893864,0.11023303127768282,-0.93023413494855933,0.33998103531042584,0.13812077977536064,0.090716030586456969,-0.15165511130541312,0.98426181933953782,2.1191002075450251,25.502606081333049,-2.6445528387493371,,0.5364832835028437,0.1578947368421053,0,4
0.83193308345139971,-0.54688333425734659,-0.093840094685665232,0.55480176919830759,0.81707425467547445,0.1567949592332174,-0.0090742246762407393,-0.18250556445787081,0.98316294549196648,-10.498928458224947,-12.715155526476567,-0.69027211246195774,,0.1453931193295509,0.35,0,5
0.78782028271691762,-0.6073773530780715,-0.10213693312271042,0.61574308286721324,0.78051213101913752,0.10798735682081285,0.014130040375643308,-0.14796474005600549,0.9888916915714997,-1.1019844013607301,-10.319266035099892,-0.12151198282865269,0.4676104204126683,0.5667735638026675,0.7285714285714285,1,5
0.73938305031524076,0.67328275649680958,0.0017420420743262232,-0.6661786721263987,0.73120168776293504,0.14679941626772136,0.097563731531952622,-0.10970151146038751,0.98916474698245693,-7.9397243350793438,-5.4234201905710115,-1.1479646589306942,0.2647746526214504,0.1596252960696438,0.3584905660377358,1,5
0.53880628856906221,-0.83713798901393388,-0.094274974134912495,0.84237436120012266,0.53410405388614324,0.07168190298165926,-0.0096549982452900623,-0.11803748121717055,0.99296220171605132,7.0484075407662843,9.5130709809084362,-1.2155314152111905,0.410443650182447,0.3988694016338232,0.6282051282051282,1,5
0.086703750675627522,0.98653558601783609,0.13867226521271192,-0.99249087952596604,0.073481731180137261,0.097786958437949087,0.086280436232982635,-0.14610945453055429,0.98549871314996196,-1.3202816898093319,-15.659085465285463,0.42311302613092255,,0.2704940740524796,0.7272727272727273,0,3
0.95655608561729888,-0.28037951387104848,-0.079923608964720519,0.28610628122283549,0.95545982404666485,0.072385913529882065,0.056068270111986299,-0.092107832642780538,0.99416924929938277,0.31374131648276093,1.5473395028813597,-1.2151083942084231,0.5474186086468094,0.5075362160496913,0.9581657280772325,1,5
0.83144921204400402,-0.54892413689843389,-0.085874907404406148,0.55480942101195518,0.82853412785211333,0.075615509921692692,0.029643112990790536,-0.11051466379919077,0.99343233032631251,7.1610913663806199,5.6213482025869306,-0.8977062091166883,0.3553243687384721,0.3373189591225109,0.8349514563106796,1,5
-0.87253680995833005,-0.47879736518766386,-0.097121564840629768,0.48051954864804458,-0.87696110407295591,0.0063391884513495384,-0.088207021459866128,-0.041137635232146016,0.99525233801920099,-1.9987480184075661,2.1923635179373675,-1.4236643355663987,0.798761664437306,0.4977596850930067,0.365558912386707,1,4
-0.92056396364631077,-0.36559025871135392,-0.13749818751954751,0.37424680048309106,-0.92635161655656262,-0.042567767515026972,-0.11180930714374675,-0.090644609538622564,0.9895869004779857,-12.422996285313904,-11.323203309258195,-0.97887865029970478,,0.2108188933915907,0.5,0,5
-0.32192973899604721,-0.92848109153558234,-0.18515967652496867,0.94326150241003592,-0.33135108984957595,0.021545146243647523,-0.081357121514338895,-0.16771797135784913,0.98247223923249294,-5.9629717423687296,13.917829501489409,-2.5456057907598795,,0.260013617840652,0.28125,0,5
-0.21497048877892427,-0.95704543576946111,-0.19455519223858933,0.97401281407362872,-0.2246474161103911,0.02885440096928802,-0.071321293976778471,-0.18329640560515326,0.9804670829343074,-10.798164291242351,-7.4472758516456032,-1.1667834068604583,0.7600047977429963,0.37491741800569,0.2941176470588235,1,3
-0.89079625439532617,-0.43571846143878934,-0.12896300057253654,0.44684028353496935,-0.89151520319971711,-0.074393571457183727,-0.082557823164409475,-0.12389537854650291,0.98885496459752509,4.6205114254741835,-18.139950030131768,1.1506228384053454,,0.1729003069049395,0.2777777777777778,0,3
-0.97561273238141266,0.21250550233162668,-0.054965515498892573,-0.21326154689928653,-0.97696066415611893,0.0082081243752401088,-0.051954874933920703,0.019729981510865024,0.99845451513836248,7.7347810049820005,-8.621147418979735,0.36890770164446895,,0.1009525962190554,0.7647058823529411,0,4
0.68109678147628294,-0.71774648360346482,-0.1447313357138314,0.73216838911281446,0.66926903402792848,0.12652434578083888,0.006051796972341838,-0.1921430336134636,0.9813482717094989,-2.2606070889936882,-11.113562724134891,-0.16166785470568512,,0.07424283332939535,0.2083333333333333,0,3
0.23359380264080365,-0.90645187739110633,-0.35182229796013342,0.97137120893595041,0.20145018718898847,0.12591980198456568,-0.043265573128296951,-0.37116413627351041,0.92755877125183794,5.3384550674472315,8.9791714960575835,-1.2899082745494619,,0.4284978383994735,0.3043478260869565,0,3
