axis_00,axis_01,axis_02,axis_10,axis_11,axis_12,axis_20,axis_21,axis_22,location_x,location_y,location_z,dbh,dbh_approximation,score,reconstructed,number_clusters
0.94310363498620964,0.32588282070602359,-0.065999400334278618,-0.32080401071948145,0.94400747039895749,0.077036890755380727,0.08740892621519572,-0.051480899367117791,0.99484139269446326,-11.563803256435838,0.40066334738061421,-2.1312244991074101,0.2192093046202577,0.1257416152878936,0.6644444444444444,1,5
-0.75725843753988531,0.65272582463677176,0.022553417188930482,-0.64978329006331348,-0.74946200283321873,-0.12683998684845571,-0.065888805795426525,-0.11070548388163494,0.99166675910276703,7.4055714774471246,-23.355709116123673,0.076786693387722857,,0.2472825245348038,0.4347826086956522,0,5
-0.39455728051452571,-0.88599715269775803,-0.24358488829245503,0.91766726396501475,-0.39350933348235695,-0.055110771263294778,-0.04702494061608177,-0.24527423401926454,0.96831255547282702,-17.705292027485257,-21.432557148794931,-1.9097702783726562,,0.5277439687655592,0.4736842105263158,0,1
-0.58096362614982922,-0.76094642712957483,-0.28886294350362079,0.80843919659590258,-0.58063388562512297,-0.096386494236709308,-0.094378654886648414,-0.28952517317602305,0.95250608585939245,26.197634708592041,3.0118387455699964,1.2848153695164588,,0.639131326448905,0.1851851851851852,0,2
0.87108313858861119,-0.48220469024180884,-0.09323519922977086,0.48650122086605618,0.87319034278386398,0.029243586729985498,0.067310680894273375,-0.070832633565317549,0.99521455488741206,-12.632733440794096,-6.9448101161497311,-1.9886422380086002,,0.0738496324483969,0.2452830188679245,0,4
-0.91518069701505045,-0.39299654644101767,-0.089431573264033087,0.40046215603664259,-0.91172504298598178,-0.091583336774184218,-0.045545069914655505,-0.11962926263102563,0.99177340462871189,0.14986857741201995,11.21575663219363,-1.2450300039564799,0.81407383399582,0.6217181067962729,0.6153846153846154,1,5
0.42491770094922976,0.90523137997399905,-0.0010469624581944692,-0.90188656289515401,0.42344641116282666,0.085403539402570908,0.077753296323597801,-0.035345234242966136,0.99634589341609814,-3.8283714516791005,9.3175546916263965,-1.6147978832844798,0.342621757003653,0.3510192965793321,0.646551724137931,1,5
0.97692034118816606,-0.16023913997909545,-0.14124469898568801,0.19075521230717365,0.95201952761036412,0.23931416177523851,0.096120216138140424,-0.26073403511490351,0.9606136928975445,2.0765706290731201,9.6834077086145545,-1.0511646730863611,,0.3887126334790282,0.15,0,5
0.42146343247853257,-0.89200739720731492,-0.16337496261926301,0.90662310587157979,0.41845447434512512,0.054133139575642336,0.02007782316846914,-0.17093465484791912,0.98507777601001578,6.5673786814297133,-0.99766901578667055,-0.5272626660330646,,0.09849798674833439,0.2307692307692308,0,3
0.96537220737039353,-0.24603845559608742,-0.086727040792978577,0.24996980236139679,0.96752076809304033,0.037665119355429842,0.074643145326406757,-0.058040000659430269,0.99551984368933333,1.7452165342190211,-6.8334686652514565,-0.87780852108489482,,0.0679694837811346,0.3709677419354839,0,4
0.35429176006664181,-0.92764581822841852,-0.11811259319907033,0.93506875206143703,0.35293219425277561,0.032943818512557149,0.011125541206983738,-0.1221151185695247,0.99245358589185539,-1.2850243138040507,-12.671647496045404,-0.99184980085492269,,0.1032451870500011,0.54,0,6
0.87255784523725721,0.48569661838283196,-0.052360305636984912,-0.48359934872673982,0.87396976840208984,0.048046996058781571,0.069097587700221744,-0.016602373645994473,0.99747174624814838,3.3055458450527464,-12.68723788830895,-0.54239365008297613,0.1596503209441475,0.08287603108572661,0.3,1,5
0.13204100904812563,0.98807947503760685,0.07914621241071311,-0.99017770642503844,0.12777487210234187,0.056759948538403195,0.045970442986823325,-0.085863455955599202,0.99524579140178127,-3.1210569249932241,19.188903118456775,-1.3592727788047581,,0.3504962525752216,0.6896551724137931,0,3
0.3013872984020019,-0.94184991461316203,-0.14860832649997116,0.95346775834590425,0.29637656914944888,0.055318740531920547,-0.0080579250913944672,-0.1583656136993806,0.98734766027009935,-8.3692700218042564,17.698128910782003,-1.7896543874500412,,0.1268861468539522,0.5714285714285714,0,2
0.57550668705708308,-0.80185867023202051,-0.16066961793169404,0.81768718331292045,0.56743522189251261,0.09697906579039281,0.013406095567428012,-0.18718958819744985,0.98223232214792522,8.533321978602288,-12.274907376613866,-0.036795846008642594,,0.4444386627556954,0.5961538461538461,0,5
-0.19413385877655864,0.96186468078666254,0.1926872614671111,-0.98065144809417903,-0.19533401007832704,-0.012936841094707214,0.025194884943433585,-0.19147052086911878,0.98117493721089055,3.4278008111541363,10.45025340737477,-0.91466822162991579,0.7534583275816992,0.4190679399097372,0.2857142857142857,1,3
0.99078244782314118,0.13513139629588219,-0.0094682005000588775,-0.13241224092451054,0.98085216231275163,0.14281468460823252,0.028585652676359926,-0.14024457715549921,0.98970415733164485,4.8163982702581514,-11.406132878494343,-0.4502597242379936,0.3941041487928658,0.2818202131241964,0.4423076923076923,1,5
0.019842747246116326,-0.96168196698190578,-0.27344845906228699,0.99246348101597148,0.052025439061970456,-0.11094860314609292,0.1209235470509642,-0.26918608446987308,0.9554665602188237,-14.908047325338091,-7.5656274577735374,-2.086436661787888,,0.3060512773304251,0.4375,0,2
-0.9119807671042276,-0.39583352179013165,-0.10773533988068555,0.40314924869427382,-0.91336788392819068,-0.056831257999294213,-0.075906282409481926,-0.09526243559641516,0.9925539303508959,-17.359117892505669,6.6327757218756043,-2.4588038570520991,0.2077451324234744,0.2075252219010776,0.3898305084745763,1,4
0.22705236491176231,-0.9633265709160842,-0.14300049424751424,0.97387655104552107,0.22510538030845967,0.02986688935699874,0.003418612533676701,-0.14604617599663861,0.98927186736766259,7.1262750070674015,-9.4100683747521874,-0.25270618038423576,,0.06478084877454812,0.1538461538461539,0,5
0.35096378967951181,-0.92101316631273855,-0.16899457332228421,0.93638573646252632,0.34567839317574484,0.060730561013127696,0.0024841262708180756,-0.17955833584108744,0.98374419090871956,-13.35128155908852,10.373080800813442,-2.189440090935578,0.3847261703715493,0.4810965566422093,0.5454545454545454,1,5
-0.34665347119756157,0.93714346341988097,-0.039918665760168205,-0.93791620981182211,-0.34685645358323774,0.0019452454564156476,-0.012023072773119399,0.038114689780319705,0.99920103890260348,-21.788042579483967,11.895406506342818,-2.6395562055478683,,0.2578316547868866,0.6551724137931034,0,1
-0.70765356203194818,0.70483050547511128,0.04940035116469562,-0.70430890435073124,-0.69809705434694758,-0.1288777326165686,-0.056350717792843487,-0.1259938937560639,0.99042926821677535,6.1373740199705376,11.034505652697117,-0.65013797834448328,,0.3385804392827342,0.4,0,5
-0.69613868107992016,-0.70851053091653138,-0.11577462711960904,0.7146458217695747,-0.69926029631591657,-0.017787282632996181,-0.068354123003656023,-0.095120269010088798,0.99311623100815805,-8.5155684321850611,10.499385739495942,-1.9681271855134335,,0.1108926307176598,0.5223880597014925,0,5
-0.9425482062822842,0.32698009921376642,-0.068460890676385486,-0.32535120751070318,-0.94498028063968986,-0.0340420471396818,-0.075825263635386761,-0.0098124370208637745,0.99707283860023732,-23.290548779279323,-3.3762393129316295,-2.6745564507369752,0.3802119442609671,0.2684992347184843,0.8993288590604027,1,5
-0.67737157994972863,0.73307530897994877,-0.061386757858352396,-0.73447311317336661,-0.67863771899974856,0.00030393459927924196,-0.04143656237950584,0.045292799811558877,0.99811400830937058,-0.30145332597458657,-14.418722718428015,-0.84139198063914056,0.7325141133903215,0.6166266440670967,0.9774436090225563,1,5
0.43100288341455617,0.90101000578123591,0.04916791606765742,-0.90134674676327042,0.42731439819246642,0.070543938057635883,0.042550635572312909,-0.074721981902971496,0.99629617525758085,-13.786901866047975,2.8322533814789712,-2.292736438496771,,0.1595298549803862,0.1744186046511628,0,6
-0.13541218236561015,-0.97212871835464354,-0.19138781522641457,0.99028576836947591,-0.13895226279004788,0.005134747355199443,-0.031585405361638834,-0.1888333223127816,0.98150106395890235,4.3632537964508264,-10.422642799312403,-0.51810527177675114,,0.08798602771080359,0.1935483870967742,0,5
0.65935964680664139,-0.74310941332267844,-0.11416328654276868,0.75050072140244362,0.65958119173728014,0.041247044510384967,0.044648889543117361,-0.11287626560820697,0.99260537240381297,3.8614585103283967,3.1930345327613638,-0.84937414617752227,0.7689168394231329,0.5068240892455537,0.9753694581280788,1,7
0.64477513673925824,0.75890834797574036,0.091231257886774247,-0.75940575674570043,0.62242275710269301,0.18945397346630558,0.086993790952920896,-0.19143675408190095,0.97764208661566165,-29.319625891055097,-1.527983434181468,-2.991613949200616,,0.4031221588177059,0.2307692307692308,0,3
0.8335755408112635,-0.50456623182297977,-0.22486603893244561,0.54810635285210252,0.80614782901492699,0.22294641449838495,0.068784036842682833,-0.30909318251698503,0.94854106964176577,-21.271087817108889,0.84924541952348187,-2.6653682043210236,0.5353379433800776,0.6354105347025264,0.4032258064516129,1,3
0.83342033833510376,0.55193794852146838,-0.02783955156452236,-0.54975709311208032,0.83315911772193585,0.060108428109211534,0.056370898718720169,-0.034790595549914663,0.99780355593620007,3.8732651070797455,-6.8125294615496363,-0.6889486650709794,0.0898496509545596,0.09894483449923286,0.2352941176470588,1,4
-0.11433790641891431,-0.95229457431585096,-0.28295209291385415,0.9924546001209732,-0.12218827725420645,0.010192722912309108,-0.044279903505512835,-0.2796516916277102,0.95907988276019052,-14.148222988040251,4.7498653022746868,-2.2725187069137154,,0.5513274921582472,0.396551724137931,0,4
-0.30271529784685342,-0.93324332474931648,-0.19344339032474975,0.95286162402593222,-0.30070110255748983,-0.040417476162840214,-0.020449300920925863,-0.19655977139677555,0.9802785738555615,-10.864521926708703,14.063016302791773,-2.0054888703550615,,0.08982787172376319,0.303030303030303,0,4
-0.55342997914574321,-0.79927482678210338,-0.23425415568390767,0.83085305497966211,-0.54947313034007161,-0.088104937802853528,-0.058296305317783507,-0.24339069478252631,0.96817483466550314,9.4984435296765941,-5.1457295595220653,-0.13893950296034846,,0.2462608038715518,0.2592592592592592,0,1
-0.74871335151605978,-0.65513322226562931,-0.1011374230710055,0.65956219084077594,-0.75150632816771779,-0.01469541211368172,-0.066377960761878685,-0.077709071592247159,0.99476392501807465,4.9753563455413596,-8.7941712207765246,-0.48957719728811594,,0.07903085246457191,0.4444444444444444,1,5
-0.36363117726485494,0.93034848898647371,-0.047159897811176091,-0.93146561323274235,-0.36378727833249652,0.0055342107283083307,-0.012007426282352011,0.045940234697047194,0.99887202210796411,-1.9404303917018686,-8.1023848711480788,-1.1721316742767485,,0.07137452532196094,0.2142857142857143,0,5
0.7056275348646156,-0.68810094285711576,-0.16913566885796891,0.70570194195795621,0.70394764963740686,0.080265034023157891,0.063832210972624565,-0.17599658806101198,0.98231901632475138,-25.761190355811653,-3.3200257348052293,-2.7965122421119326,,0.2442082298636621,0.5333333333333333,0,4
-0.78483675749126058,-0.60984674229820035,-0.1100827643133892,0.61444305303279156,-0.788894034199075,-0.010292588831347491,-0.080566734266363432,-0.075717591835593595,0.99386913002480959,18.886703756166725,6.4681869871348123,0.53419590691204566,0.4107086502497234,0.3669371745721302,0.6086956521739131,1,5
0.52514766490385212,-0.84519623955510192,-0.099313879633951746,0.85046903177469302,0.52539189541970333,0.025802756044816969,0.03037031508312921,-0.098013636139094668,0.99472155455310463,0.062285412640677731,-9.9073722114131897,-0.93471836778503137,,0.0715083514829282,0.34375,0,5
-0.74876043711036167,-0.64443233135535105,-0.15512826345385042,0.65903895872071561,-0.74882059513570931,-0.070252168570920911,-0.070890469786953667,-0.15483761366189189,0.98539324875344858,-7.1863073618233351,-13.621288117208655,-1.4225585402953993,,0.1241075292835404,0.2121212121212121,0,2
-0.70402952805799557,-0.70235715685191513,-0.10505640314293883,0.70688058653430574,-0.7072809081312359,-0.0085763263680846656,-0.06828074401581688,-0.080300318878259003,0.99442928294811272,-22.663315117480909,-4.100285293106074,-2.6229612321711793,,0.0706373767917457,0.3333333333333333,0,1
0.97621236256880928,0.20280156064637586,-0.076687353372101891,-0.20047163725884287,0.97899944322819876,0.037029890813164185,0.082586595901406504,-0.020775397908831355,0.9963673203287764,15.869870226837181,-8.3740440681683044,0.55550207129019646,0.6006664388437593,0.5778634050337381,0.9541984732824428,1,5
0.54141698414496442,0.83845273289244049,-0.06216642168058889,-0.83881210159565045,0.54371056681156604,0.027804275824653359,0.057113111419875649,0.037092239655257604,0.99767843429699188,-8.9368206649411821,-4.264070347357765,-1.8539155785256178,0.1290827857351669,0.1058383666613571,0.6015625,1,4
0.77420403900876289,0.6315575462272065,0.041751308793715199,-0.62989882849085421,0.76235617646662546,0.14846052023698811,0.061931993738032647,-0.1412378348979394,0.98803658947681416,-6.1414306540418027,10.822235181188837,-1.8308722425055171,,0.6554597314718467,0.7023809523809523,0,5
-0.99668327333816975,0.00052435271694608774,-0.081376763895715284,0.010455213728495194,-0.99086689744654011,-0.13443764372584951,-0.080704034309334566,-0.13484256226761343,0.98757498056972925,-14.112075853190282,-18.488352270567713,-1.7742195641987328,,0.136620543067784,0.3888888888888889,0,2
-0.93103873270806115,-0.35290745785358274,-0.09286121035550593,0.35479572191863123,-0.93493474342510496,-0.0041256811401853806,-0.085363188234772347,-0.036787929106635316,0.99567051496287662,-11.3626127405613,-8.6147994193804021,-1.8675480118864294,0.156460876844012,0.08369099942242744,0.6,1,5
0.96514445158819095,0.26170953862240393,-0.0020748403743109729,-0.24789287732013754,0.91667582016273808,0.31345583756394607,0.083936338629187812,-0.30201582429240387,0.94960051228635411,-1.5444354129651061,10.444517084550913,-1.4202069529169532,,0.1700625508677088,0.3333333333333333,0,2
-0.76327696331110606,-0.62449723255426703,-0.16556413805724685,0.64196771292689225,-0.76194018614826176,-0.085583925428599272,-0.072703045589524146,-0.17161106976070831,0.98247845161998004,6.666922497816592,-7.6257173624287748,-0.36934957324493545,,0.08635980385912585,0.3333333333333333,0,3
0.97775150861670879,0.19555386615148021,-0.075899096377748526,-0.19202803386363301,0.98004602448612599,0.051332485809736733,0.0844228737263618,-0.035615661192070464,0.99579330338661831,6.4656040796382372,-10.959301368376471,-0.29349674475420023,,0.06324990771863673,0.1923076923076923,0,4
0.64925472556973862,0.76022568781376576,-0.022917349616603095,-0.75781005621975583,0.64916922092477447,0.065599095238663821,0.064747355294044837,-0.025223524575436033,0.99758285560168802,-30.484669268340962,-2.2711317508744391,-3.0495398490139833,,0.07162625898204816,0.25,0,1
-0.14525664308627914,-0.98223237769881744,-0.11882787484186469,0.98902806454673453,-0.14741811637128907,0.0095596288883012456,-0.026907158494465393,-0.11613550346758575,0.99286884816479393,-6.6342279062689453,-15.122343365868851,-1.3544204370701207,0.1311083969840819,0.1408120949143012,0.4545454545454545,1,5
-0.14206660706744514,0.9889978446196952,0.04123520939611397,-0.98978078842952155,-0.14244960580226859,0.0064885023397293429,0.012291054152452624,-0.039892018554787523,0.99912839857720259,0.56534355107274148,7.6597132623988236,-1.2136540356713887,,0.09258226505910379,0.2,0,5
0.38198192136779513,-0.9120150373766206,-0.14939338454927595,0.92398398691738204,0.38012365635876383,0.041947560080443466,0.018531153996057956,-0.15406030467114049,0.9878876549771276,-13.908398263240956,-7.550933121259348,-2.035904518175871,,0.08895707390894042,0.2,0,2
-0.98239472887226731,-0.12099335577168373,-0.14234185801474847,0.14518598073694217,-0.97395914993660726,-0.17413961425308613,-0.1175654187311742,-0.19173988138587159,0.97437887405500279,15.960254226218863,9.9243713988074056,0.19368749606752242,0.3860114867987434,0.5410812592204212,0.2352941176470588,1,4
0.28556711346468033,0.94307720047446586,0.1704606044008263,-0.95802996490618808,0.27625875349098539,0.076548595424444282,0.025100000982045137,-0.18516612828714543,0.98238663207814969,-0.90119334320177813,-16.235938520270047,-0.86127632123987385,,0.5432243247301993,0.4444444444444444,0,5
0.60627092591478371,0.79329593775132046,-0.055831169947288144,-0.79274643580628201,0.60844025061810803,0.036790623047308089,0.063155782845799799,0.021954875882734235,0.99776216129802531,-5.6265965760527177,-12.430424938524999,-1.3380348895817145,,0.08423302977608943,0.2222222222222222,0,5
-0.52903648716091722,-0.8248976589874184,-0.19915884978959089,0.84769703873295155,-0.52453209921961141,-0.079219993762002672,-0.039116822159023519,-0.21073663441685664,0.97675992195566375,8.7475388394716287,-7.7597817002753224,-0.13489987039004497,0.4958699345413785,0.3791598761853067,0.3333333333333333,1,5
-0.70538405371530299,0.70808215943783614,0.032449842064595585,-0.70718766020406865,-0.69990635788475919,-0.10008348239138015,-0.048155477562380325,-0.093545420402828691,0.99444974951095266,-2.3767084721050864,-9.6049828148356351,-1.1761200980067843,0.5085640150592078,0.4082286338501248,0.1707317073170732,1,3
-0.24106662649403857,0.96182016223258671,0.12957182222098271,-0.97032035890192558,-0.2362329474689184,-0.051695218643379767,-0.019112370110043107,-0.13818816900527162,0.99022156472970646,-14.923439878982345,3.7568803149810801,-2.3307850384444162,,0.1548663360601744,0.25,0,4
0.68032760253389291,0.73209694613088028,-0.034473391134693804,-0.7284490237693938,0.68062065678154682,0.078214713012797504,0.080724054654754671,-0.0280995200687848,0.99634032537682682,27.166068931812362,-8.6593472951822505,1.5651320539370943,0.6539832100377496,0.6754316053370525,0.5185185185185185,1,5
0.59665083176315847,-0.76546518731532498,-0.24097890356760504,0.79909026432913488,0.59435207366301512,0.090555850097420357,0.073908960287125472,-0.24659411903122844,0.96629643797774989,-3.6938125187700148,-10.583657209226068,-1.2330381790009468,,0.2524523113214678,0.55,0,3
0.0057824776637975025,0.99997209293473366,-0.0047303597956777051,-0.99983439909936378,0.0058631774565574488,0.01722781262167606,0.017255066782900244,0.0046299570021542807,0.99984040034821375,5.5670279414255788,-4.9660351620697867,-0.56328959095583009,0.9630315579301203,0.8550748467553111,0.6455223880597015,1,1
-0.057664112031682882,-0.94475264549855476,-0.3226721075752928,0.99812400352405972,-0.06121860717362481,0.00086932435035532243,-0.020574833479331929,-0.32201664702186622,0.94651040948744669,-6.8169132213186243,12.253944070958267,-1.8476405987361979,,0.2537858630873427,0.3225806451612903,0,5
0.76495536211762427,0.643030024730744,-0.036819577160431619,-0.64003507460025189,0.76530361117695467,0.068304362971645563,0.072099911573761818,-0.028683967896562197,0.99698487086653631,-3.1505832148263129,-6.3468086743025403,-1.3317288101830338,,0.07221156403623979,0.1836734693877551,0,5
0.28084179665516945,0.95368306463130303,0.10777985659177657,-0.95886935560538222,0.27398729987192322,0.074165479772018567,0.041200050150665593,-0.12417556822636348,0.99140455119151216,-4.3995759210519658,6.0132803652929523,-1.6519873822502269,,0.1520087681409228,0.425,0,4
0.19913397448958048,0.97412814367520539,0.10686449318590525,-0.97545640521805532,0.18657748638020646,0.11693435378498433,0.093970536462505652,-0.12752725699214715,0.98737345366431961,-17.587848074113385,-3.8374838543511167,-2.3563246054126932,,0.5351862248106237,0.3592233009708738,0,2
0.99507265168588266,0.061634492440091976,-0.077663422590554892,-0.057060822313991677,0.99657841310024553,0.059795728103669767,0.081083169792984369,-0.055069554966870604,0.99518483895810683,-5.5444716963561369,-7.2526645595515253,-1.4984542585678631,,0.07475687244123044,0.2205882352941176,0,5
-0.98913399130733182,-0.10311623723965981,-0.10479021356005258,0.12248553000333234,-0.97221719821134001,-0.19947685189488734,-0.081309545443508602,-0.21014461953527674,0.97428332465466294,-14.363509992614159,-16.152794570432889,-1.8304198007068502,,0.1160709142085443,0.1176470588235294,0,1
0.95818917769677114,-0.27166014552840717,-0.089856914459990861,0.27625385498155947,0.96011498161298348,0.043162827642869238,0.074547349735674145,-0.066181473342509067,0.99501894717316886,4.7804918293399332,5.4965735533264768,-0.78319154782887679,,0.08212891500685686,0.3409090909090909,0,5
-0.015729332904478928,-0.98944342985423483,-0.14406348324495144,0.99971335159256802,-0.018163664620590506,0.015597946502837665,-0.018050006480185916,-0.14377684238374075,0.98944550979840529,-23.423940242453828,-6.1062768470866091,-2.6098332603125227,,0.1536573908724146,0.5384615384615384,0,1
0.99639051901170983,-0.023864938591781171,-0.081464092271295196,0.027310240092428068,0.9987675436905552,0.041443267926513649,0.080374650292673253,-0.043518483157681073,0.99581426843261511,-2.7082267772029009,-4.1829857241098329,-1.3558600706628792,,0.06464332487031595,0.1907216494845361,0,5
0.17814445828555134,0.96638404949649159,0.18538182451607982,-0.98352246979839908,0.16897356464118254,0.064276635367059048,0.030791287465859771,-0.19377771629167068,0.98056213127214931,7.89272386470976,-6.8861265980027264,-0.2439782605283741,,0.3904568485902741,0.4583333333333333,0,1
0.90979802373536023,-0.40585510228741778,-0.086886086081164063,0.41064740284076939,0.91061452621221173,0.046366962283941278,0.060301463890726818,-0.077864116244771256,0.99513864001658403,12.075584771927151,8.6427044767381318,-0.13308246093179177,0.2713010571797288,0.2858936351622358,0.78,1,5
-0.063296163211506426,-0.98548678762412223,-0.15750995886289143,0.99799283518297521,-0.062190567651946596,-0.011942956860623966,0.0019739924387918153,-0.15794975376180892,0.98744517753667427,-17.399492642072961,3.3960787189500286,-2.4716388328300987,0.3786227097578198,0.2617541541514146,0.8613138686131386,1,6
0.79189508214492232,-0.57530562496622539,-0.20475745836698578,0.60784112058534356,0.77477561819175533,0.17393077238124735,0.058577734680002227,-0.26219492622437307,0.96323541757036457,-5.1023176744727792,8.4515412575284543,-1.7324263021138213,,0.2095359600521728,0.1739130434782609,0,2
-0.64274323205400685,0.7586447995824307,0.10648570662442211,-0.76510613348965428,-0.628680548114249,-0.13918826430155307,-0.038648960468303357,-0.17093518212849276,0.98452395672498416,2.0781315455307068,-11.721075507689596,-0.68279090711130186,,0.276577614052655,0.25,0,1
0.90593014278189443,-0.38354851410598867,-0.17939095218618287,0.41942926355208371,0.87094233604516458,0.25600496120260768,0.058048852489379042,-0.3071644260185093,0.94988438565616296,-4.9694604034940717,12.180523693234859,-1.6832211802241746,,0.6096214021321262,0.3069306930693069,0,2
-0.17736727200665359,-0.95323137857110807,-0.2447259482121624,0.98408475364728631,-0.17453076534980522,-0.033409722916693842,-0.010865010808866718,-0.2467568658696967,0.96901651208134043,-2.9563697950996706,11.674220764269897,-1.5199117094525758,0.5215523686363556,0.4068559240553784,0.3,1,4
-0.42260788308050701,-0.86705829179071092,-0.26384180069728586,0.90498383941004257,-0.41946938884528012,-0.071061116149585254,-0.049059428908927998,-0.26880355365720332,0.96194481233404849,-31.468045720935244,6.3714461540466649,-3.1807489875449955,,0.3063489140302684,0.24,0,1
-0.94948503979439214,0.30808059649599945,-0.059703477866119882,-0.30713834767779752,-0.95134704985951835,-0.024593212668192584,-0.064375419162855968,-0.0050136599665127511,0.99791315685351389,5.3155802554889666,-16.44688295325081,-0.27269754852193984,0.4746421069740447,0.4555268440623922,0.8571428571428571,1,5
0.62890808624113781,-0.76561806422474654,-0.13529079345344205,0.77658210605238298,0.62695720809856526,0.06200719129663862,0.037347712376463671,-0.14406123332112911,0.98886374664775734,-19.066998713796742,11.448905615004817,-2.5038734213847436,,0.9111843697602275,0.8490566037735849,0,1
-0.26388398150244419,-0.94370087805935721,-0.199484077200202,0.96383177608221005,-0.2659895821873387,-0.016668820654671661,-0.037330305659480943,-0.19666772718929623,0.97975928337605767,-37.199739070978232,-7.27158040391841,-3.3900290728885776,,0.549925524295184,0.7037037037037037,0,1
0.66223167246861814,-0.71677626416269791,-0.21835979280165876,0.74793833975629709,0.64989262344415799,0.13501043632054421,0.045138142429777275,-0.25272784794287351,0.96648392794301174,-4.4585514266535329,21.811432260200153,-1.4625158308964432,,0.1867530654859047,0.2,0,2
0.86120681232125385,-0.49735946948711007,-0.10467274966755304,0.50484630164956834,0.8609046922818836,0.063034296361499625,0.058762557144994627,-0.10712921598955548,0.99250707451344899,-8.7806051858842018,11.811168435620731,-1.9573120431555442,0.1778796831317645,0.1385713875720453,0.5192307692307693,1,5
-0.95020243927777026,0.30902814076941459,-0.040211100496915723,-0.30110596240757864,-0.94368322641922431,-0.13710276283725023,-0.080315152948742599,-0.11816757756508525,0.98974031938646323,14.737249700750796,1.5630455143398063,0.2460777856159603,,0.09154066140448575,0.3333333333333333,0,6
-0.62272090440510219,0.78147819977917521,-0.038865132018188905,-0.77740567666461713,-0.62357512420300731,-0.082428625882229503,-0.088651503690124187,-0.021116054202991907,0.99583885400619698,-3.7654549532547366,12.81012662060518,-1.5782009241483859,,0.5311792434386143,0.1538461538461539,0,4
0.87504308966441424,0.47832256877653351,-0.074209914631229668,-0.47734424697691069,0.87814949919029306,0.031558310314139568,0.08026245142407494,0.0078087944559921086,0.99674317736342788,4.811562672186227,-13.464014145700288,-0.38321594588469787,,0.1837688316029421,0.6382978723404256,1,5
0.18376889115444037,-0.97569771911785208,-0.11934385427029628,0.98292357204770375,0.18122752845521317,0.031903517721386616,-0.0094997977268679538,-0.12316876161688535,0.99234026926498986,7.7212488718547725,-1.4037849549471382,-0.39028914467379028,0.1269099757702126,0.0883849571341364,0.2195121951219512,1,5
0.83747848939061298,-0.51518924982248882,-0.18223560759456039,0.54338626151514258,0.82046264139197145,0.17768631032442289,0.057975431042938425,-0.24783278828163788,0.96706657394821316,3.3491655432226466,-8.6918400649075878,-0.68408304544753573,,0.1799555629660572,0.1714285714285714,0,1
0.078726161206366552,0.99657836423896018,-0.025174500442060328,-0.99666270786916689,0.079229235178138846,0.019651336748083535,0.021578653447530231,0.023543411475087185,0.99948990464711818,-0.15707738424930007,3.4725218480814477,-1.2664600189044548,,0.08565710016088138,0.4700854700854701,0,5
0.97759562905895836,-0.18118507656354288,-0.10713894751901958,0.19647353465287948,0.96808725476002921,0.15558026016238272,0.075531028232269246,-0.17314455002065199,0.98199594121988232,3.1711377557166309,-6.3955179439651451,-0.77104062124071626,,0.1515116127358028,0.1794871794871795,0,4
-0.14888659669196189,-0.94002680473021327,-0.30689149175920605,0.98848807401054373,-0.14992792400854718,-0.020321051680788904,-0.02690927097509441,-0.30638411184523429,0.95152754408077722,-4.8305581761122554,14.217079626076142,-1.6364845616087689,,0.4071474070196032,0.3333333333333333,0,2
0.091475945267207787,-0.97451809495090558,-0.20480877434994718,0.99571577375422315,0.09230031518685651,0.0055452424144323224,0.013499975351780352,-0.20443858351510774,0.97878629753171165,9.0489087921221056,3.6440202977788174,-0.36187780340056058,0.1576376937579594,0.1435056548385099,0.46875,1,3
0.54356871270084495,-0.78516964136715728,-0.29671819770299723,0.83884736815777061,0.52056796402987526,0.15919826557023364,0.029464342984809495,-0.33543647550789563,0.94160194529924002,-23.713824735267497,2.5886037223240956,-2.7512451199674541,,0.4600400624802239,0.125,0,1
-0.85287347669958569,-0.50115136360557933,-0.14647233014678751,0.51681036541185332,-0.85020170255318572,-0.10032004375263677,-0.074255497744125751,-0.16125872296385274,0.9841147013040904,-7.1655109927898506,-13.331457541482123,-1.4232851253342977,,0.125457629242769,0.2,0,5
0.94737136257549404,0.31681227142960589,-0.046016149811399072,-0.31249784448788714,0.94637540633094963,0.081967600198822571,0.069516894078171451,-0.06327380945970798,0.99557211013275182,11.338094025374973,-14.300194146824248,0.27335446659634566,0.4349006430256477,0.2392094089880181,0.25,1,5
-0.49401437698927769,-0.86061290659137091,-0.12367384661377206,0.86743665419792315,-0.49754018971458164,-0.0027222367071152425,-0.059189917062008102,-0.1086240517893205,0.99231918710214506,-5.1638189879087726,0.95712237848456438,-1.6802128997848111,0.8504742410811642,0.7707471746803914,0.7601156069364162,1,6
0.92784602662318216,0.36520534979964853,-0.075675645734214647,-0.35456674446311931,0.92666980643142294,0.12476174721914987,0.11568999351888251,-0.088927624088729174,0.98929656982804459,-14.480575353370813,9.1274930063696296,-2.2620934617047364,,0.200949627106815,0.1363636363636364,0,2
0.99824634521224798,-0.0060690462503320292,-0.058884641019548635,0.014784112350199319,0.98876888177525379,0.14871963036173524,0.057320714339638673,-0.14932938461845285,0.9871246479533714,2.5536177288441362,-13.956269036224121,-0.58087977322583184,0.4904810045485393,0.3674895159492767,0.2307692307692308,1,4
-0.71661320784305726,0.69497153260447098,-0.058992196215054263,-0.69589099797195864,-0.71811752607223389,-0.0065526856696502146,-0.046917260006034731,0.036356397198936484,0.99823693735317065,4.2718718793043093,-7.9764045387723455,-0.61165497862441198,0.1588350544369825,0.1142844928462744,0.5342465753424658,1,5
0.98198711800416472,-0.16042215785668082,-0.099830012233200385,0.17308890999368118,0.97563771773024144,0.134800864163865,0.075772879786069169,-0.14965218010684517,0.98583096709232754,6.0613355149124839,-2.4027454376119635,-0.55910584071620373,,0.2603860923275911,0.25,0,1
0.60978261797082101,-0.78636966710632894,-0.098933843934894447,0.79185123463057872,0.60977572237417677,0.033840665139442463,0.033716183572294188,-0.098976335849198252,0.99451842813855729,-8.5944006556763917,-11.336648022023395,-1.5744768891142322,0.164754814225033,0.1344746718235749,0.5396825396825397,1,4
0.69216575869795061,-0.70667791879486419,-0.14667270221091053,0.72043995509971848,0.68868817264162285,0.081699889592695474,0.043276247318904643,-0.16221874106064951,0.9858053796093279,-29.980033544644886,2.6247336827661192,-3.0702285212563458,,0.310819909775606,0.392156862745098,0,4
0.98045048713430616,0.19243611445499273,-0.04105099428231624,-0.17906466274657371,0.95909538827453333,0.2192530108025377,0.081564016781652648,-0.2076159388004368,0.97480404857717695,-28.730062622753731,-2.4430355932393262,-2.9526165246462801,,0.3790422602062474,0.1666666666666667,0,1
0.55328527591873833,0.8244944864609639,0.11867706285124716,-0.83240086884664077,0.54188698543268277,0.11604864739426608,0.031371914109357538,-0.16299489812307816,0.98612801714126541,-9.5347243058803706,-22.595054025761574,-1.3802733913950036,0.397385723024069,0.2297217172512973,0.3157894736842105,1,3
0.59643010996998935,-0.79401780244296016,-0.11750256731169184,0.80183280190483897,0.5960574329625753,0.042186424350734886,0.03654150668242255,-0.11937866649329522,0.99217611958545993,4.6701147970144499,14.809831891306541,-0.70047990923703418,0.8896358353898343,0.8720749416678222,0.917910447761194,1,5
-0.29198627509355746,-0.93906554239830142,-0.18138335711187503,0.955832604604548,-0.29317034692811239,-0.020860960115405107,-0.033586412905751872,-0.17946324069913269,0.98319118085237611,-9.7013745207325197,-13.234324149212236,-1.6081172842915563,0.321121319534966,0.1402477660980487,0.24,1,4
0.67083451264680183,0.74071594015318742,-0.036344912228656004,-0.73836174627541418,0.67167617555464598,0.060605666644350013,0.069303594993693318,-0.013820679985619951,0.99749987495021064,0.041452329570854797,-13.305544402617292,-0.85027991214074827,,0.06944738238464508,0.1739130434782609,0,5
0.18062273756517713,0.97979205793377411,0.085924093736045926,-0.98314667097674058,0.1773487343228598,0.044385242833984213,0.028249779146273184,-0.092492970781456324,0.99531251390415409,-16.520332013696184,-6.3861428144381529,-2.2168717881794788,,0.3575952666720811,0.5277777777777778,0,3
0.99373942252949876,0.058073032977011205,-0.095443611371261547,-0.030646481436722033,0.96321305443770866,0.26698577665547496,0.10743720624758486,-0.2623892806530585,0.95896251861690773,5.2148026869397537,-20.195299801751588,-0.19842890404926569,,0.4029213805076994,0.2142857142857143,0,2
0.31054021375620505,-0.9380790692420391,-0.15353317390792445,0.95053966727457639,0.30751881428672051,0.043663712590981056,0.0062543247268423748,-0.15949871068344085,0.98717832467722444,1.2392706744027644,-9.7371315842463027,-0.82718883417973177,0.3822708282081486,0.1805053442935518,0.5666666666666667,1,5
-0.53140535169615188,-0.82968144933551624,-0.17098843474693207,0.84398225138248384,-0.5358915330028633,-0.022676512236108011,-0.072816972884364825,-0.15636162407815377,0.98501204610684778,21.276170800803797,-0.18526818589945385,0.87409430985559944,,0.2497500696419491,0.1,0,5
-0.10705742348022572,0.99332947630562785,-0.042839929740404119,-0.99424279028684248,-0.10676319798076601,0.0091045878299727719,0.0044701275607685774,0.043568004995717967,0.99904046309460526,-8.4113722210720105,-12.261531720671464,-1.529601186090646,,0.07587987313706797,0.28,0,2
0.92970298221762282,0.36310200408973059,-0.061719522694853715,-0.35943401777600631,0.93103532581957371,0.063090482177889179,0.080371336439410662,-0.036471313412902683,0.99609753115690514,-4.0699438984846559,2.500141834643316,-1.6169532070129187,0.2207183588025807,0.2102239102024674,0.3641618497109826,1,2
0.91158777544798342,0.41025629541052155,-0.026410220177652551,-0.40509456065792043,0.90734908620735255,0.11232111415067375,0.070043733332565708,-0.091691918044706611,0.99332092879699208,-13.216839005027053,0.31761508746908101,-2.2424231543128155,0.264007876319185,0.3276549732206855,0.6178861788617886,1,5
-0.92032279072429846,0.38967995321364796,-0.033992571789252808,-0.38561962954062606,-0.91842973723430077,-0.088228788253510007,-0.065600778855046199,-0.068090761687188778,0.99552005805331156,-5.3725786705755505,-15.224282501173507,-1.2487284816448212,,0.5268884286051589,0.6371681415929203,0,6
0.84174501272474345,-0.53144137728987917,-0.095054700342793272,0.53604819014622962,0.84364876078692386,0.030151389083081438,0.064169084409654104,-0.076333681471053599,0.99501532534886239,-14.671706196695578,-0.17270537145929457,-2.3289829649701463,0.255219273593882,0.2322191616846902,0.9075144508670521,1,5
-0.99624985262098653,-0.005315872769135188,-0.086359554476417702,0.012621218910524836,-0.99636319073900204,-0.084268006821140037,-0.085597523246152399,-0.085041952218287267,0.99269377472462605,-19.770403642329317,2.9080114078068835,-2.5580508373027868,,0.2824368414537844,0.4545454545454545,0,3
-0.99493895984735914,-0.083413277892212714,-0.056024023857000449,0.087046273159138141,-0.99402338889202391,-0.06588208151477333,-0.050193749680194029,-0.070425332139018082,0.9962534115806827,11.67065632281478,-9.436095316523831,0.19983821811859578,,0.214433588505957,0.225,1,5
-0.93431372446237915,0.35631666926566086,-0.0098130262743435469,-0.35171342748673134,-0.92601825932507054,-0.13706877223532757,-0.057926929892504281,-0.12461386198970779,0.99051292580825834,-0.42891031032206473,-19.430218478389456,-0.79288039713441161,0.4501157378836683,0.4609986941421971,0.5217391304347826,1,5
-0.22811027104490222,0.97232392806476775,0.050516167278621182,-0.97049600942938929,-0.23123162419360258,0.068333239747715921,0.078122979496761946,-0.033438224915341541,0.99638280052852124,-8.9968844565030022,19.128618247841178,-1.8097190112213206,,0.1598079988652541,0.3333333333333333,0,2
-0.9371053673598031,-0.33833506765097743,-0.085807414965472867,0.33984512606504957,-0.94047596577349202,-0.0032012641639975743,-0.079616711532685125,-0.032161153586675879,0.99630659911730735,-0.69254705271168193,-6.2907580799079961,-1.1253730313379824,0.1556618428376313,0.1056267172674471,0.4242424242424243,1,5
-0.14837775324009461,0.98884057905228084,0.013354832944415359,-0.98868278071176374,-0.14802461987859375,-0.024394077843886357,-0.022145009990455777,-0.016823231834265477,0.99961321389984359,-26.287491080289907,13.162805863809135,-2.9387049212670178,0.5395208847056162,0.4424732026579849,0.9315068493150684,1,3
0.45039851610435006,-0.88681021969319129,-0.10348338484371725,0.89253236147957571,0.45019562824109294,0.026643573789920487,0.022959973926180953,-0.10436249594715966,0.99427426248343942,5.5312371223673109,-3.6472457855090297,-0.59239870566250241,,0.07587278008523829,0.2857142857142857,0,5
-0.97431057275364485,0.21893512439509855,-0.052785595824700327,-0.21207916845563993,-0.97081008228443133,-0.11202772175698902,-0.075771591824575865,-0.097955068480399879,0.99230210643300121,-15.288983091080956,-13.848368737177164,-1.9573614101184325,,0.1086677968199395,0.4814814814814815,0,2
0.82768637170690318,0.55757164617094235,-0.063632770463717153,-0.55580769918544526,0.83012775716225384,0.044336309216579148,0.077543997942097945,-0.0013289751661115419,0.99698804516812745,8.8351674995623171,-10.237438993883179,-0.062776017077576088,0.1131349132417262,0.1392941382692779,0.3170731707317073,1,5
-0.99389496017188628,-0.038989368526212966,-0.1032116141083577,0.045267588212100356,-0.99721914701985725,-0.059201505677209325,-0.10061636846152369,-0.063512218973328968,0.99289603908903723,-30.264084134640331,-0.62126132253014499,-3.0343625078436181,0.4498656271842986,0.3945083889893759,0.9365079365079365,1,4
0.99449206118336431,0.085855823975380691,-0.060119196042304097,-0.078542439890349133,0.99026274315373919,0.11493817754646797,0.069401911928530055,-0.10958319675543754,0.99155176244587662,-5.2746610442461765,-3.0183522620690328,-1.6020443988504118,0.2955720885031666,0.294993440682044,0.4,1,5
-0.79643576908173874,0.60201956054172101,-0.057118424806120269,-0.60215899984201604,-0.79820208544658822,-0.016672423278583256,-0.055629170733007591,0.021115859297470035,0.99822818826643389,-15.424142441156173,2.4497444836663398,-2.3734556279425245,,0.07824551928949365,0.275,0,2
0.82208920904950566,0.56908354468493938,-0.017698913333422502,-0.56525349320102991,0.81949352027490119,0.094439709081954065,0.068248229196019652,-0.067633493154469621,0.9953732414603742,9.9885560661004522,12.276773623187474,-0.30595906757935115,0.2917113933803853,0.2032298042094655,0.2962962962962963,1,5
-0.94369767446041986,0.32501896843093969,-0.061622799174346231,-0.32370322290875408,-0.94566595235753781,-0.030530804611001439,-0.068197673688179708,-0.008864350613412739,0.99763244764378101,16.222258255769958,-13.788354066447791,0.69251674936539775,0.2979244195588469,0.1071563693493033,0.4705882352941176,1,4
0.53318859737605984,-0.8303434418169009,-0.1619866916132699,0.84551551797747893,0.52948094172761906,0.068945204376437641,0.028520667724034658,-0.17372305828213064,0.98438146596412412,-17.477668800563666,14.042355196056059,-2.3895495187257447,,0.3987454299964026,0.6818181818181818,0,1
-0.52818712041634375,-0.81575431090773365,-0.23571862476634894,0.84187092667679564,-0.53930675979412157,-0.02003900338635288,-0.11077774434715401,-0.20902900056167717,0.9716147221412107,17.893478372495988,2.652539166086513,0.50634488093469554,0.3863152553889672,0.2224165999051933,0.2916666666666667,1,5
0.11619521142555465,0.99227166979510018,0.043538559505506905,-0.99304007149167528,0.11521269849628754,0.024442800924038242,0.019237703958094009,-0.046075670665194482,0.99875269377317488,-10.092703507806041,-5.8980833202969212,-1.8793823252670285,0.2577094510183548,0.1461291765281858,0.2456140350877193,1,5
