axis_00,axis_01,axis_02,axis_10,axis_11,axis_12,axis_20,axis_21,axis_22,location_x,location_y,location_z,dbh,dbh_approximation,score,reconstructed,number_clusters
-0.43449904103773462,0.90029037205948936,0.026226500229252665,-0.89022269671352816,-0.42485313364102101,-0.16432700657986418,-0.13679961108637315,-0.094747352534995791,0.98605720198892444,-6.7411995981771113,-27.57783645203909,-3.8906905625916886,,0.4444528452544875,0.1071428571428571,0,3
0.051487820877407643,0.98487713122751996,0.16542684391097601,-0.99749238197477397,0.058770739810468174,-0.039432829525946837,-0.048558750020857293,-0.16298170611200727,0.9854334129048149,4.7417254226065229,6.0503202311077997,-0.98917223987830205,,0.4273600211097883,0.2247191011235955,1,1
0.094850167734747776,0.99248546495354029,0.077304899823001968,-0.9952719115785762,0.09617407678056103,-0.013578253869092676,-0.020910946975614644,-0.075651495764201215,0.99691503323263286,-12.423718972530695,7.9210128922367629,-2.2906493428786754,,0.5589489556542288,0.4810126582278481,0,4
-0.40183379613774006,0.91571233756288017,0.00071771627986597748,-0.90848692873385006,-0.39856462259243319,-0.1256890684884247,-0.11480897439342316,-0.051158151382517759,0.99206942445871871,11.031761315379383,-26.380679759025448,-2.3404416827171026,,0.1906846648943838,0.375,0,3
-0.98972726759677654,-0.02722727969737181,-0.14035174033726505,0.06220977091299576,-0.96590552106865135,-0.25130950792210394,-0.12872404662055403,-0.25745912221045592,0.9576768349564746,-18.462891218935258,8.6236038694584281,-2.7626537241145908,,0.3440869548362548,0.4090909090909091,0,2
0.079808122061295728,-0.95516724484821458,-0.28510734473548677,0.99407204894547485,0.097449453363850524,-0.048211674358314388,0.073833767060842562,-0.27956955915864146,0.9572823180407376,-6.0496757250117037,12.459323877426893,-1.4996827275001527,,0.5361222289923497,0.7272727272727273,0,6
-0.97763518140698269,-0.11950202985242783,-0.17305697598330386,0.17585728316621968,-0.91581407824151828,-0.36105233699844047,-0.11534152778913745,-0.38341079660827088,0.91634736481941137,24.72379912551331,-18.096418190535296,-1.381953827690642,,0.5972280266797465,0.4358974358974359,0,4
-0.92886620918425045,-0.32352853047324792,-0.18037975331367648,0.35524877101516883,-0.91599122051926551,-0.18643603359823102,-0.10490889441746168,-0.23725381746443905,0.96576640548874892,10.496497065265793,-24.123993545346451,-2.1902684532231738,,0.2815966350981608,0.25,0,2
0.89626285936799899,0.43772691826317983,-0.071470497027217375,-0.42736251851208917,0.89542198361403214,0.12482287062760805,0.1186345847065782,-0.081330291334359428,0.98960154558436597,0.44921505629663977,-26.324596987170391,-3.1668342085593704,0.8201937252663325,0.6006024542429406,0.6410256410256411,1,3
-0.98875946159756567,0.090445974220797573,-0.11905567121537355,-0.072182816739394196,-0.98609985085455198,-0.14965535443878425,-0.130936503958443,-0.13937937398296027,0.98154420279438226,5.4470816486336986,13.550046883877327,-0.5785226662874704,,0.09899561674624739,0.3793103448275862,0,1
-0.93013946339448106,0.3657613443240702,-0.032545623891332906,-0.33768372300621707,-0.88681033541529308,-0.31549505894272967,-0.14425769252586745,-0.28246427738541535,0.94836894199897126,-7.5012038733663484,7.0006369482830086,-1.9217841783190308,0.4947462913411745,0.2157878200479645,0.1328125,1,2
0.92691277109856529,-0.34396808606071844,-0.15006222224831783,0.34959977114749891,0.93682133767229736,0.012073992525394086,0.13642842368067551,-0.063653256425833429,0.98860282629496488,-3.8737596628382547,-28.536470124370084,-3.6997368900533392,0.9292797800107868,0.2986820663584615,0.2083333333333333,1,4
-0.8389571905441936,0.54407470241851441,0.011556410446051628,-0.53062163178483046,-0.81313004583152648,-0.23929106219836779,-0.12079534890134133,-0.20688703863273783,0.97087910520804732,13.463442354226146,-28.995743122146333,-2.3880670781854509,,0.3288968003876793,0.2352941176470588,0,2
0.098194013082705436,0.99469028960307238,-0.030808498244293547,-0.99487121384147137,0.097362635423737048,-0.02741869969457613,-0.024273517757225634,0.033342840201453151,0.99914916371029872,3.8713754226238004,14.062644072252768,-0.68201880907161716,,0.1386857699399915,0.2272727272727273,0,5
-0.74035666731010252,0.67038499059418521,-0.049557739612636306,-0.65833406359434343,-0.73800055743381088,-0.14816017662902975,-0.13589799807517006,-0.077065826495407302,0.98772090820521907,-2.2871925687465935,16.012420719542092,-1.0124673410508489,0.3477099113193975,0.2043718687106831,0.3,1,5
0.70144829321844671,0.70311679822035211,0.1166064320751186,-0.71263856682090376,0.68943884652744691,0.12969329195587953,0.010796528163124486,-0.17407137892044489,0.98467384956662618,-14.556057761749701,2.6646729428413387,-2.7816527399804021,0.5495762688596019,0.5072906874004675,0.131578947368421,1,3
-0.42616264230228507,0.90441116309749037,-0.020636142337634729,-0.89681879701187606,-0.42535954049715546,-0.12159484624860174,-0.11874951634472863,-0.033312300621440818,0.99236527699995647,-14.64189579737408,6.7811156872001312,-2.5570538839302763,,0.3522538457633662,0.3692307692307693,1,4
-0.067266743649914307,-0.96079588153554674,-0.2689729711756696,0.99630231477486686,-0.050241407699615971,-0.069695756876606674,0.053449815462532635,-0.27266660040549867,0.96062273669236509,-7.7990935498334251,11.814926355997576,-1.6726818890003805,,0.412086574327914,0.4814814814814815,0,2
0.99052425145397782,-0.025215145610274804,-0.13500334704513176,0.037690699231894734,0.99516784473228748,0.090666267168692,0.13206482678195014,-0.094895506968172214,0.98668826094380313,3.1507485065012362,-27.923357465922457,-2.9636433331341405,0.6189326107737994,0.4775013494470969,0.3571428571428572,1,5
0.98525211554751724,-0.10840110324985552,-0.13239135025882509,0.10801663495170284,0.99409774019431552,-0.010103935583011529,0.13270521987793607,-0.0043455442431525743,0.99114602398555729,20.118407864377449,-20.706867978133804,-1.6583203892502134,,0.189862531459584,0.4333333333333333,0,5
0.70245381786192496,0.7083857825983898,-0.06890730573511307,-0.70699676883726448,0.70565126264377054,0.047030462286911816,0.081940238130440893,0.015680514714754009,0.9965138829105229,4.3958408101659447,-26.424703803712116,-2.8117615356372387,,0.3925924276266053,0.3214285714285715,0,7
-0.9899882485316519,0.041916844807436258,-0.13478221652214001,-0.02349537162863451,-0.99050315167076664,-0.13546761252163164,-0.13918058514485451,-0.13094458618693589,0.98157133213387393,-8.9541024506297404,6.3654821881301515,-2.0665041659921619,0.1568230291456114,0.1547692730841932,0.4426229508196721,1,6
-0.59746736628245711,0.80089280899695092,0.040043160770292352,-0.79395124075287493,-0.58380142559240367,-0.16975665755205677,-0.11257963196987779,-0.13321638027378091,0.9846721395938226,5.3302524107554818,-35.44059619186644,-3.3730961964546839,,0.5502420352543178,0.2222222222222222,0,5
-0.88441300307610982,0.45455712948699334,-0.10578967824150402,-0.44369741062379381,-0.88922030389050677,-0.11144442092188941,-0.14472818590598344,-0.051624288677126678,0.98812382069401772,-10.126086104460754,9.6360423071825441,-1.9953489409216154,,0.08722268871985836,0.2909090909090909,0,5
-0.95643380801300792,0.28558752363802753,-0.060614661856980626,-0.25753131662496892,-0.92309378358440819,-0.28561422875135767,-0.13752087785913508,-0.25756093075255382,0.95642583356093624,0.35816023786646384,10.304674090096961,-1.1291240577046884,0.2261330580238525,0.2035064279539649,0.25,1,2
0.7317668992656241,-0.62477104431548025,-0.27235702180064436,0.66403660818538623,0.74357789445648803,0.078404705632398208,0.15353367099376175,-0.23822900130042726,0.95899653534857954,9.6809570898455579,-26.198187037207425,-2.3704205109783696,,0.4168712984389898,0.5714285714285714,0,5
-0.94921706856824517,0.29450353785690347,-0.11070060039798327,-0.28354645119822874,-0.95323275313991884,-0.10463617134710564,-0.13633916074113539,-0.06793367744394288,0.98833023262335995,-8.5175389449140599,8.3955236487978606,-1.9185446802566493,,0.09249928560401675,0.2222222222222222,0,3
-0.93718368384133011,0.34646187553102653,-0.040631410818686084,-0.32835377156740986,-0.91547560108802351,-0.2325687522217447,-0.11777327132694736,-0.20461816296713581,0.97173085982946095,2.8098386606520158,9.3871127875612874,-0.98742450363269396,,0.1884592687119497,0.44,0,3
0.83439072311385643,-0.50531187676544975,-0.22011821456052594,0.52982726325573637,0.84540332727404299,0.067648247168079476,0.15190520824669515,-0.17306970108530112,0.97312470232430737,12.242064892691234,-22.112370571609553,-1.973708171133701,,0.3801342426745216,0.3157894736842105,0,6
0.9876406292955292,-0.045190968840554992,-0.15007919142900084,0.085261227405398682,0.95836819960235853,0.2725085633374833,0.13151619849302065,-0.28193646505229908,0.95037640922308164,29.896978378651873,-15.910218767879922,-0.85526669716499748,,0.4053814768019807,0.3809523809523809,0,1
0.9260314728381166,0.37688419494852288,-0.020591622356452479,-0.36523436514892155,0.9085010059917582,0.20305117735740069,0.095234289137533151,-0.18051101271104236,0.97895158433014529,0.55778259315503986,-35.700495072721409,-3.6873929752030139,,0.3657313733369043,0.1666666666666667,0,3
0.92509024739225354,0.37655976652217016,-0.049099658008045118,-0.3659159578942156,0.9184912488297633,0.14993110945197657,0.10155562977056988,-0.12073345874243184,0.98747652427892796,6.5900001874562015,-25.753780060919574,-2.5952310668482936,,0.2600860865365666,0.25,0,7
-0.35033527809964676,-0.92264822504242505,-0.16120001781918686,0.93659951113503759,-0.3438448006903716,-0.067469317321343564,0.0068226578730391603,-0.17461673993137591,0.98461284039732422,5.4638905282167398,9.735453263287333,-0.79181062479966602,,0.1455503209497097,0.1846153846153846,0,1
-0.50442222211498255,0.86181776444015057,-0.053182353576760551,-0.85587291802692156,-0.50718787669099952,-0.10120279603725353,-0.11419181242394558,-0.0055316031180792724,0.99344332064908358,-4.2916614189562257,11.760915449252495,-1.4206833843391529,,0.09276995888643241,0.2631578947368421,0,3
0.40629431163566043,0.91358374947901499,0.017019548183460406,-0.91374223795045084,0.40622859024232039,0.0073112963993743072,-0.00023434548703558854,-0.018522018183808664,0.99982842524334736,14.492572542568869,-22.961724473702468,-1.9655403488915251,,0.3672430192388071,0.4444444444444444,0,5
0.98382142392998551,0.14440747972657866,-0.10602775870211564,-0.13400955011366972,0.98598012478074337,0.099421496748351282,0.11889847053140813,-0.08360426625698196,0.98938035171966299,16.267270222168637,-5.8379691711126496,-0.7619641256610088,,0.2006268189744417,0.1111111111111111,0,1
0.83338661065044717,0.55268500330502868,0.0024585179029442835,-0.54735928312248838,0.82472334395594737,0.14222946640466233,0.076580496003841494,-0.11987782553850261,0.98983065954534122,-14.034121845549524,10.409442945886731,-2.2764986527821947,,0.104892720782283,0.1923076923076923,0,4
-0.96129107289961246,-0.23595969080495319,-0.14227613109283094,0.25944576772298572,-0.94901642130407193,-0.17904112853153323,-0.092775895437036848,-0.20902357859927051,0.97349975696731039,21.989618806792258,-21.045927938685654,-1.6417902192178888,,0.2217267337485767,0.5555555555555556,0,5
-0.38881210990057541,0.91497095155908093,0.10795045621826842,-0.91581155036717454,-0.37103637646016263,-0.15369193719055343,-0.10057011190575146,-0.15861956104586195,0.98220440206959092,15.267713838548069,14.620240795745739,0.17044800219494072,,0.3468583397732928,0.2352941176470588,0,1
0.6495987511616873,-0.68868789804962238,-0.32207210616439519,0.74708890843995046,0.65678592085105747,0.10242273701591977,0.14099512535963885,-0.30715018028941721,0.94115840397512196,-16.217500737212305,6.0595990498734214,-2.7304419963269937,,0.5022354427594822,0.896551724137931,0,4
0.87329199909588173,-0.45650440560805255,-0.17019051670277149,0.47337779487535403,0.8776759229493688,0.074822707742505712,0.11521522310035742,-0.14590648352767477,0.98256641018840185,19.512493655779245,-22.182421752642792,-1.8012841809585416,,0.2411105754255469,0.1666666666666667,0,5
-0.80125985807205025,0.58908371401040949,-0.10470443032680668,-0.58271006207368103,-0.80802653162690086,-0.086845309286622527,-0.13576311502188632,-0.0085733350980995437,0.99070423160742138,12.880744090700123,-27.194117200562644,-2.2794405082708091,0.6663419736268248,0.6443423871756014,0.9047619047619048,1,5
-0.78968811754573964,-0.58828653936893993,-0.17410233945694714,0.61244239148001933,-0.77262985668845452,-0.16720472981292367,-0.036152373715982254,-0.23866724146999063,0.97042823213455842,-13.803286895532745,-34.899452516078711,-4.8912067583230128,,0.3825270708866813,0.3333333333333333,0,2
0.67923616337374471,0.72722067671744639,-0.098935947561719584,-0.732432734226244,0.68024956869274988,-0.028333974786409005,0.046696083338800827,0.091709386912943447,0.99469033580952637,-0.22127791718477727,15.693330465280118,-0.88478333614581528,,0.08725188155185776,0.3333333333333333,0,1
0.92102187308014627,-0.3224378866743321,-0.21852349655112438,0.36110069483650692,0.91714518578470638,0.16867423152493877,0.14603081009338628,-0.23426164310216743,0.96114332181758522,-1.9248987395654114,-27.174440308834832,-3.4292938909639021,,0.5842598840965555,0.3770491803278688,0,2
0.96564346708979487,0.24300646998397885,-0.092089901795609302,-0.2400572972383854,0.96984878958351117,0.042021653775161004,0.099524813536126924,-0.018471082516291044,0.99486362412205764,23.070075420154083,-20.978866848571158,-1.6032083394915468,0.3976067946500463,0.3288865463367071,0.5882352941176471,1,4
-0.83213950195125408,0.55389835327387538,-0.027211459586105945,-0.53969351766677409,-0.8201345915543492,-0.19002673160490774,-0.12757255300722384,-0.14344290145025998,0.98140174125724322,-0.52418459371758996,17.869408608375871,-0.79508851206365216,,0.2644299081023087,0.2352941176470588,0,2
-0.81852727780004675,0.57415500851608436,-0.018950506408497287,-0.55282248454862237,-0.79622746915613263,-0.24578266403208224,-0.15620626131731105,-0.19070354888442384,0.96913970116188775,-7.2786230024479899,13.760792379554456,-1.5311650209667709,,0.2743219844465254,0.5,0,2
0.34412016105336823,-0.91914598307326734,-0.19170805031839735,0.93624344920368996,0.35133054251828111,-0.0038799119820986782,0.070919098836508293,-0.1781502503340581,0.98144432838859008,7.5981219405962763,-27.349984474939905,-2.5637217158939172,,0.3422491173003452,0.76,0,2
-0.98531599941017012,-0.10437685555848321,-0.13512162421337706,0.12235345548835659,-0.98361571468621734,-0.13239999151201268,-0.1190882581802096,-0.14698842759226272,0.98194316990218833,-0.22850722689618805,14.7297158072867,-0.94104266278878601,0.3446944665986238,0.275902661041063,0.7142857142857143,1,5
-0.95183908028761266,-0.28641245732674803,-0.10940872691556718,0.29725206405025206,-0.94950403292194108,-0.10041564560781772,-0.075123735630599375,-0.12810150566259482,0.98891173953587996,-8.4286781878954304,10.737469679507084,-1.7944362453143514,,0.134952934246293,0.3,0,4
0.36748380452013207,-0.90128341004363066,-0.22944251610269403,0.92334249717664563,0.38309628883712887,-0.025997430388727493,0.11132962913351944,-0.2023003911497572,0.97297495621297936,-8.3950862795931958,12.999720067548951,-1.6673616291888438,,0.1324890732115654,0.28,0,3
0.33989643365374567,-0.90518315418291961,-0.25517419887780096,0.93561065141533384,0.35298432718876283,-0.0058969243910547489,0.095410289527085176,-0.23673935486639971,0.96687711448239422,10.276016641272815,-22.78646999726956,-2.0803318306102905,,0.781818057332942,0.6853932584269663,0,2
0.89803734056056395,0.43804702220887815,-0.040543079469179316,-0.4300943355275641,0.89361315731011304,0.12835259105041549,0.092454299553956509,-0.097828070696434885,0.99089952622745825,4.9732412646882693,-24.324514320368145,-2.6242628960731276,,0.1898289762552867,0.3703703703703703,0,4
-0.85658861401692454,0.50746270803571536,-0.093474843084232512,-0.49734750820213303,-0.86023066149272087,-0.11246628433857438,-0.13748237131244537,-0.049847858337684396,0.98924910340998173,-4.6662925370982027,8.3026685206500552,-1.6368858303886262,,0.07836383653959486,0.3333333333333333,0,1
0.88359991050709907,0.45659094799890848,-0.10380705350458481,-0.45178734436976425,0.88958884416090789,0.067230081152532623,0.12304224323037152,-0.012505780660076429,0.99232263494839212,18.130110927463811,-25.064210164016515,-2.0546766887453365,,0.2174553476389132,0.25,0,5
0.67179915479337859,0.73998658269313633,-0.033252865335721755,-0.73573004882456761,0.67179766160019405,0.085960439302683947,0.085948768900437844,-0.033283018232203289,0.99574346586952478,2.7082277237193639,-32.434250296125199,-3.3119013039694503,,0.3960012227352942,0.5384615384615384,0,2
-0.8692450424249234,0.49270171940540952,-0.040719429203340457,-0.46145343027796754,-0.83814904489079467,-0.29080390340115098,-0.17740853391082992,-0.23398973106442456,0.95591580060798675,12.112701173552601,13.196958515862086,-0.076066275027830851,,0.2683827381222488,0.1621621621621622,0,3
0.93289340822315314,0.35333168312617602,-0.069761096558282609,-0.34648841610530573,0.93335011994359807,0.093826068371796467,0.09826325049898843,-0.063358308851295078,0.993141509705882,-5.2439264363708835,-27.466141983461579,-3.7641812164909521,,0.1306605473840795,0.2173913043478261,0,5
-0.10321677420153509,-0.96682956101417028,-0.23363839040828965,0.99313818364095918,-0.087191645915608157,-0.077936930122145087,0.054980412128013391,-0.24007960519726432,0.96919499454473024,-17.45328828856853,7.6335445133404862,-2.7485536434432345,,0.2649557904479083,0.4318181818181818,0,4
-0.98249257655114819,-0.13167655592754957,-0.13179386040686483,0.14453804501383874,-0.98509251440452916,-0.093281786044971199,-0.11754612101410564,-0.11069788924465175,0.98687835458647866,-11.745926449348644,5.6314260409120029,-2.3833144450713557,,0.1170475892701305,0.5612244897959183,0,2
0.41396594981552137,-0.87527721172704664,-0.25004398617974993,0.9044269820520926,0.42660969563998374,0.0040002152572143901,0.10316989158410887,-0.22780248070924575,0.96822621491737992,-16.971718735392258,18.609461116515551,-2.1039977121789422,,0.5206613252694809,0.4333333333333333,0,1
-0.027600203034948471,0.9981025553593299,0.055041055382366338,-0.99789200679848811,-0.024275431900831809,-0.060185099266464918,-0.05873475598072906,-0.056586150171249239,0.99666856880744492,5.9490172845946594,-21.692219256814109,-2.383164497868453,,0.3166684563358541,0.2222222222222222,0,1
-0.89015860228304522,0.45546401852048907,0.013045712501140991,-0.43415608344584661,-0.83912888144578568,-0.3276754728851512,-0.13829735351212674,-0.29734701639113792,0.94470026667447804,-29.861183234031856,-15.105033534620638,-5.2525668675474231,,0.5805136243086393,0.3620689655172414,0,1
0.18729782016017218,-0.94219122039157732,-0.27784029725775355,0.97804933537885552,0.20516592974701209,-0.036420308016578959,0.091318257365250954,-0.26492007377334237,0.95993662831652582,23.107673532941746,-18.842448339998938,-1.471317216810327,,0.7997334561629598,0.2941176470588235,0,3
-0.64306730854795069,0.76514361061878189,0.031932613518912654,-0.74950871969419786,-0.62027407376391541,-0.23129364997483481,-0.15716588618163715,-0.17267115724859863,0.97235978715451332,4.4595642128238042,9.6968144512815222,-0.85664452116086354,,0.8445063791298917,0.5238095238095238,0,2
-0.64726784850565777,0.75967906998555779,-0.062706003833238044,-0.75226993712613821,-0.64989399886300048,-0.10829465332182525,-0.12302143710383437,-0.022923805699222564,0.99213921661487159,-12.236476764108533,2.9974089159715724,-2.5703823227144809,,0.1712489581934059,0.431924882629108,1,4
0.41152317633382368,-0.89109930977440088,-0.19128694534574811,0.90607234018869709,0.42266447304900118,-0.019689021488868301,0.098395069414577555,-0.1652173215549653,0.9813366634204107,-11.686767969095554,13.65382980211249,-1.8764892397488051,0.3182276210021638,0.2467817600898326,0.7875,1,5
0.82885920071856922,-0.5006897605618208,-0.24960406457572087,0.53534478086246229,0.83939223705821797,0.09395018876895625,0.16247581662357172,-0.21149571162306485,0.96377962884549329,-10.591861913791547,13.478007544238789,-1.8119222000960566,,0.2108088583861134,0.1724137931034483,0,3
-0.0010067855301275457,0.99007793611378714,0.14051571728301449,-0.99915521296861753,0.0047769159548988298,-0.040817171283633678,-0.041083412474306281,-0.14043810556477751,0.98923672178343791,-1.0869925843792145,-27.911205634080062,-3.3954519353158394,,0.4400114238099134,0.2352941176470588,0,2
-0.97750086034124795,0.17140325443688004,-0.12293491123585217,-0.14105649868825135,-0.96451458733598006,-0.22319201373238315,-0.1568283526978845,-0.20082961729921978,0.96699138186724176,-8.7413283602200629,-32.446623767560979,-4.3289803104186086,,0.2706652677742781,0.1904761904761905,0,5
0.87800591087519197,-0.46291526632555713,-0.12171719956917065,0.46669306474883643,0.88441466768072041,0.002877308905618276,0.10631652638965088,-0.059330867126128693,0.99256065024888984,-6.7413437209601694,10.789157039089085,-1.6567176462595501,,0.1355216506268189,0.3611111111111111,0,5
0.95398307966970641,0.29686569254203043,-0.04227344669459606,-0.28709995835541358,0.94495254757077773,0.15696590952119391,0.086544194584154979,-0.13760611698262681,0.98669886943927421,5.2182100703644121,-29.204159090595759,-2.8911247155342221,,0.4498657378126503,0.4482758620689655,0,4
-0.028662516306113661,-0.96610885056595852,-0.2565387865745154,0.99815438321473504,-0.013916935178953859,-0.059111303355941232,0.05353771967701907,-0.25775959298025714,0.96472467823645847,-3.319134281915832,-29.431186702588032,-3.6813655783664831,,0.2118307138412684,0.7,0,4
-0.98271741078136299,-0.12215173414956765,-0.13908790167166557,0.14323125658381677,-0.97774363059226088,-0.153304272522607,-0.11726592721073929,-0.1705765126871758,0.97834163543973085,-13.778322826949047,4.9964368406171067,-2.5957352787637995,,0.06638744694256554,0.3076923076923077,0,2
0.0038802813995828444,-0.9786859066393705,-0.20532617846181114,0.99935849038290636,0.011105470819380093,-0.03404814558059141,0.035602684110292916,-0.20506234335770029,0.97810116257000224,-3.5912168328541827,-33.619129697194829,-3.9149245973438669,,0.2449336565332229,0.4615384615384616,0,4
0.99070215827032382,-0.0082379906604577013,-0.13579900260458178,0.037575903329233135,0.97590674510718767,0.21492807248771925,0.13075658716681593,-0.21803247548054025,0.96714246858894248,21.583927386074119,-25.436636217981647,-1.9392696836667356,,0.5638767936284879,0.6862745098039216,0,2
-0.97667808760433306,-0.061376453519674551,-0.20574946937207211,0.12301872015728582,-0.94535107769493809,-0.30195651076253027,-0.17597246285827059,-0.32022534386641832,0.93085413543757123,7.1369798444357029,-23.392195086226039,-2.378221027253506,,0.4366463928255647,0.4175824175824176,0,3
-0.93574091628303091,0.34826869837567492,-0.055658344617021904,-0.33848172041694063,-0.93113434795255678,-0.13571643602215661,-0.099091182944711392,-0.10815608995651162,0.98918309612929456,14.217166377248155,14.362344833450264,0.082532803226674764,0.4952311403338595,0.3098731360589058,0.7777777777777778,1,4
0.47135785229676053,-0.81460195340105379,-0.33800211921432255,0.8731047949779619,0.48512323195627149,0.048409366891066744,0.12453831564894981,-0.31792940620755666,0.93989951622704526,-6.4699927846282312,-30.434846538291506,-4.0336568165276363,,0.3266266462330771,0.7380952380952381,0,4
0.36373808260608365,0.92601408070648916,0.10095805859546642,-0.93149560715586754,0.361970979290761,0.035957530513232965,-0.0032467077744080517,-0.10712111129279477,0.99424067830884133,26.057578546089893,-14.469163495165123,-1.0394767704882621,,0.3386718211806315,0.1578947368421053,0,2
-0.98134724713186738,0.1828388312549023,-0.059393116874315754,-0.16820970187683829,-0.96623337897175321,-0.19518850774400986,-0.093075650635437587,-0.18155720626339644,0.97896573183774926,22.759825366842144,-28.05941785418965,-2.10068353560996,,0.2823685876171995,0.2857142857142857,0,2
-0.27931829809439451,-0.93430841279490096,-0.22147026466395955,0.95909017990346523,-0.26039399219915949,-0.11109003393339936,0.046122826912393187,-0.24343943519335065,0.96881883044785655,29.657072768407705,-11.906587148998725,-0.62258572114689037,,0.3531600446561957,0.3,0,2
-0.92799795894499204,0.37256714070950747,-0.0036761198931701479,-0.34597526423275715,-0.86534025282931315,-0.36261186325377276,-0.13827835959759194,-0.33523122243735115,0.93193300336996143,16.480771518639784,14.222843708660593,0.23635778430946469,,0.7784658686036534,0.3090909090909091,0,1
0.2929742721338231,0.95122100342705518,0.096667877326867421,-0.95610074814720791,0.29211404453725837,0.023253910992218664,-0.0061184360751611088,-0.09923702748123045,0.99504501260831579,-4.7666720852110718,14.686992056550796,-1.2699008635048568,,0.4641037739896318,0.3333333333333333,0,2
0.58473934235516445,-0.73524622444164189,-0.34277236024271435,0.80267022115347419,0.58557807275785811,0.11322030197198055,0.11747517855054959,-0.34133753111766679,0.93257078673686389,-1.3770343540956862,-29.777341907231694,-3.5043099706077498,,0.3474893065349356,0.1428571428571428,0,3
0.91918270242888678,-0.32012831226709887,-0.22939272708729785,0.36871056861784424,0.90420031427506931,0.2155790069890211,0.13840403225713749,-0.2827360170722597,0.94915998045907957,-7.477603109644182,-29.738784879474409,-4.0565145612785916,,0.237099136742458,0.3076923076923077,0,1
-0.40837360254456434,0.90026985786941827,0.15081506475332726,-0.90703091315241191,-0.38163928111505641,-0.17789429922255556,-0.10259592258308939,-0.20944126174600644,0.97242399936836432,-8.4810956825910715,16.910886185775585,-1.4169311883048357,,0.3893186032373101,0.3,0,1
-0.88721717436849057,-0.3878474850738507,-0.24983997643988001,0.45271181872797228,-0.83620863543615764,-0.30952726407541292,-0.088868974842755272,-0.38772341474804933,0.91748180307105232,22.054998034277915,-19.340455766718001,-1.5522519417783949,,0.2810103503825629,0.2857142857142857,0,1
0.64820808483059733,-0.74177679482219849,-0.17202751356557308,0.75117199679440849,0.65993256347261464,-0.015153973088382075,0.12476742360147063,-0.11939932299543425,0.98497557922827794,-1.5455117286028581,-31.646071096837435,-3.6170181903639262,,0.1104028763208319,0.4666666666666667,0,1
0.4142902382513875,0.90904473080893777,-0.044735622026677045,-0.9101400998045136,0.41394568596666076,-0.017145489127482386,0.0029321011984982689,0.047818892271738127,0.99885171888747581,-13.248420611600602,4.3646078420186276,-2.5711234711886597,,0.07225145919892714,0.2222222222222222,0,2
-0.73286975106818786,-0.60845276046356789,-0.30444567044633025,0.66790639878676661,-0.72865266450973643,-0.15154648449421113,-0.1296262721401196,-0.31440504574056283,0.94039698892751133,28.221007879316272,-16.801570308418789,-1.0313045487921888,,0.3725833352843582,0.2352941176470588,0,4
-0.75226276783296764,0.6565113914699976,0.055619430079874618,-0.64543991246718113,-0.71735277719577839,-0.26232101029818761,-0.13231797884883423,-0.23323332934988369,0.9633764407300649,1.2707013528737432,8.8799483264232109,-1.1391642430186595,,0.160022051665537,0.1363636363636364,0,2
0.27734820417830786,-0.91824938876050999,-0.28265886449926975,0.95598810600629758,0.29306922070031277,-0.014041832238107956,0.095732517012556598,-0.26632403556393541,0.9591177160637685,9.5365974175702597,16.827541064575254,-0.20198216252636741,,0.6069857640272405,0.5909090909090909,0,2
-0.98133209622913575,-0.10207922935176501,-0.16299431844540138,0.12272576751905864,-0.98490496095661972,-0.12206802967976048,-0.14807330244642047,-0.1397928782806574,0.97904660169198343,18.471922587644645,-26.826745574471207,-2.1261389495663781,,0.1654298890068903,0.1111111111111111,0,2
-0.87865879253656354,0.47617217934727829,0.03491105718611013,-0.45704566016732229,-0.81770893339404704,-0.34994480246145587,-0.13808689590401149,-0.32343802476399369,0.93611957212546382,-17.813844663192118,-10.224758727962312,-3.817711174413005,,0.4514246488599705,0.2222222222222222,0,1
-0.95538599448702999,0.28037748959353131,-0.092876610980682089,-0.26159804277755483,-0.94924561601882884,-0.17464027165572754,-0.13712791675286393,-0.14255252996093354,0.98024216938915465,27.611538335846962,-13.5415254681793,-0.84398301558111288,,0.1840228352714309,0.1111111111111111,0,1
-0.55534517432280572,0.8269071411267348,0.088409938977367902,-0.82520020165705121,-0.53475127116763177,-0.18189476399765778,-0.1031327520312251,-0.17397027889329639,0.97933547751536798,1.7242888814926896,12.914977308273997,-0.89734641682049909,,0.3845322933979815,0.3725490196078431,0,2
-0.33312932180634974,0.9428715134498511,0.0042619335549543358,-0.94079189490615289,-0.33208703325852607,-0.068035379182006139,-0.062733288067262943,-0.026674172270869181,0.99767380596161415,14.280854432762357,21.285743341231235,0.3943612798522052,,0.3613692313353723,0.2380952380952381,0,3
0.093022875473605923,-0.89626473212103497,-0.43365455675529363,0.99341478278803652,0.11280589892959958,-0.020047406437804661,0.066886575460398515,-0.42893397991146992,0.90085616326941242,2.3399949341171133,-26.211612311448032,-2.9739333074800287,,0.3436279004404718,0.1363636363636364,0,1
-0.44928211010259511,0.89338985523234593,-0.00039001241918130606,-0.88699054592349924,-0.44611599672123786,-0.11928239145720376,-0.10673966921483603,-0.053245507203369673,0.99286029177249469,-15.54294220597305,7.9901282381394934,-2.5446614274183115,,0.498989137443754,0.1176470588235294,0,1
0.98062809898657521,0.16135301233060692,-0.11105735855770148,-0.15246179537481719,0.98469718748823387,0.084420672254188908,0.12297939839282923,-0.06585327907250195,0.99022190099307383,20.814877234538592,-19.788877136116792,-1.5812787457793651,,0.1757583684151616,0.375,0,2
0.98675452994746971,0.12256887817638137,-0.10626555288865146,-0.1083926801442409,0.98554026812336637,0.13023596584074396,0.12069185771747684,-0.11699252117082747,0.98577189322418668,5.9067590216254429,19.580629484334754,-0.27357626577734356,,0.6002071221972168,0.6111111111111112,0,1
0.59916842355560518,0.79653880635486418,-0.080765897411334289,-0.79995568437385378,0.59973296192321479,-0.019780733575042325,0.03268184896619819,0.076461129690683971,0.9965367993178047,8.2566830186736944,-26.167865315373295,-2.4343785707210435,,0.5206092947276167,0.4285714285714285,0,1
0.90748107793574384,-0.35168464333294341,-0.22977381232934324,0.39662441192318387,0.89752054921429236,0.19273281922045166,0.13844554545079674,-0.26603528973024415,0.95396963031481041,33.775709014148532,-10.451501513356078,-0.24242578251343211,,0.7208571704380896,0.1111111111111111,0,1
0.9901589468081986,-0.004080110216525162,-0.13988785778723178,0.027063225503674682,0.98628905886816709,0.16279273381291895,0.1373056513076466,-0.16497649850074891,0.97669335672022284,27.601346041006266,-22.224305751212203,-1.4528386317696929,,0.2991682554612199,0.2727272727272727,0,3
0.42659773004393881,-0.87523399282672498,-0.22799086499670487,0.89838909360477559,0.43917258225565181,-0.0049476748975212535,0.10445771016706869,-0.20271383967428058,0.97365070019548683,-4.0898088114538655,5.0468327568339379,-1.7409721892140682,0.8260218233694012,0.7135720564760766,0.5503875968992248,1,1
-0.96065087932566473,-0.19876131910921394,-0.19402016925256069,0.25538785373874101,-0.90671363946407302,-0.33562988569633562,-0.10921049497894629,-0.37197353942959577,0.92179648174131856,16.253603643227308,-28.792548151997426,-2.3467587413944915,,0.3319454894505435,0.125,0,1
0.63787597391194484,0.76524584719961808,-0.086677766754963331,-0.76898311002929121,0.63903600117136572,-0.017261682901478548,0.042180782301522932,0.077664551441764915,0.99608684312854101,3.1488072433171035,15.961323444151747,-0.65460831873806657,0.207135372008226,0.1865245768683585,0.35,1,3
0.68225638064861482,0.72047486897001911,0.12426662563571053,-0.72958514742119962,0.65994145624947675,0.17939561584862293,0.047241334937093156,-0.2130568879570757,0.97589703287150509,20.126707271376056,13.150467968438223,0.38973286190110357,,0.7361500638266061,0.4905660377358491,0,1
-0.95591111360562897,0.28997932551350941,-0.046324223252800702,-0.25792333415311736,-0.90449767522738656,-0.33964615294095712,-0.1403905145819497,-0.3127234341762426,0.93941181445223043,22.928882227103479,-16.251475257740722,-1.3055202287915497,,0.7775044800842543,0.391304347826087,0,2
0.30600733703250305,-0.86487645665056867,-0.39792992399897986,0.94760282249121031,0.31696064268817054,0.039810071507031641,0.091697330871564189,-0.38926169310408615,0.91655165364139302,19.021402220975371,-17.513762193013406,-1.5615393421886823,,0.6159211661580628,0.15625,0,1
0.23912145395870008,0.95887864709546122,0.15288122972115856,-0.97092190505544274,0.23798250845660482,0.025980376290794215,-0.011471030476223994,-0.15464820016113504,0.98790300619379334,0.93643674982027503,17.273683220817073,-0.73294806455694839,,0.6146382996077053,0.3333333333333333,0,2
-0.43551148832419567,0.89881026316245671,-0.049697629435213123,-0.8967306994117985,-0.43801011824896724,-0.063412846048362767,-0.078764181390220303,0.016948367041151463,0.9967491944238368,15.664857532820017,25.78805828099296,0.69701234751614449,,0.1217413532003602,0.25,0,2
0.74964688191686168,-0.58521489552070893,-0.30911660986270706,0.64851802148419968,0.74274944907798646,0.16657620389649824,0.13211331591685493,-0.3253410240886232,0.93632221473295174,-9.5139482349198907,-32.626146659040565,-4.3968664397875372,,0.6736787411873928,0.2692307692307692,0,1
0.92016870502034365,0.38933628371182738,-0.041313587191698815,-0.37927464759391044,0.91259408313628188,0.15271797902396342,0.09716118563344997,-0.12485710876883259,0.98740589748906671,28.007957023621366,-12.441103851072386,-0.77018817910298143,,0.4064680609170291,0.3636363636363636,0,1
-0.85668665357696627,-0.49151339908784475,-0.15653292337464295,0.51075483234833996,-0.85074027133352981,-0.12397778818873773,-0.072232117620335032,-0.18616006351649497,0.97986067985995673,7.6069620753330307,16.294362652117389,-0.36040807120931473,,0.1410614061242444,0.2916666666666667,0,2
0.26220909314992963,0.95294356302018146,0.15213466786992766,-0.96481003901290407,0.26209407762178488,0.021172696935088959,-0.01969721019359515,-0.15233272850568805,0.98813296662777228,19.118534807341998,16.627702047288107,0.48422936683151524,,0.5994351571156147,0.6875,0,1
0.069991340309652025,0.99734333576000134,0.020186205606092772,-0.99744008314815624,0.06967237241983304,0.016094752274932213,0.014645573087380735,-0.021261023881861234,0.9996666824759326,2.4578228391557033,-35.987764215836087,-3.5903794903638144,,0.4290653120131163,0.3666666666666666,0,2
-0.051359357660436061,0.99751037727364955,-0.048324565306777457,-0.99677102251770811,-0.054191756562721072,-0.05925185389209639,-0.061723132209172436,0.045125389217472223,0.99707269253463227,0.82227724097188037,14.809833768090401,-0.88417049528231817,,0.6010095782386888,0.4583333333333333,0,1
-0.51966749897212372,-0.77507685850263253,-0.35944617667426831,0.85394613243038753,-0.48443417103119396,-0.1899987811658414,-0.026864352202181745,-0.4056838638040855,0.91361857973103167,21.043863648336039,-23.804357651692939,-1.8440288178497208,,0.4642000587334114,0.5666666666666667,0,2
0.60816788217603823,0.79348035252841542,-0.022820106066652458,-0.79306174392460871,0.60859129508366216,0.025878676002614936,0.034422338862574113,0.0023591735357338032,0.99940459118790204,1.2028257436642864,-27.003630312246049,-3.1329764891397387,,0.7220028265470746,0.4444444444444444,0,2
-0.98805251053956544,0.089252590430943149,-0.12564319129116649,-0.08067522777980414,-0.99415211539352755,-0.071784950242040901,-0.13131543716996524,-0.060791007229209951,0.98947496653574818,7.6791111909948979,14.8347722881098,-0.40424273223596263,,0.08397539340063326,0.3684210526315789,0,1
0.78850144223219476,0.61468221272663981,0.020766630810755447,-0.61341265557330726,0.7835265031242894,0.099051162963018372,0.044613782402430753,-0.090840499004052139,0.99486562618297525,-7.6717937060391934,18.138675589187752,-1.2722578302601673,,0.3482580949570201,0.25,0,2
-0.9868852163205627,0.13605001360239655,-0.086879017068009864,-0.093123952551314448,-0.91945298000578612,-0.38201328120852113,-0.13185408324787062,-0.3689127421996532,0.92006406808091157,-13.410557011887251,6.7370854918274325,-2.4644135687680193,,0.5192840236296939,0.3571428571428572,0,1
0.96824664825226403,0.24103781188193477,-0.066326475795313047,-0.22353111161259923,0.95352299206614644,0.20205876804152978,0.11194762297383942,-0.1808166940423204,0.97712489113015333,-4.9377074716741163,-2.0919366572185778,-2.1894029938451118,,0.1945274488964382,0.2824858757062147,0,1
-0.52744821284939092,0.84944617348138218,-0.015478408181144935,-0.84186613188712534,-0.52501864867641923,-0.12496733382527381,-0.11427947647497604,-0.052883049267463393,0.99204011227207023,-17.54436647626525,0.29656460059597717,-3.2242382404418342,,0.09838349651732858,0.2,0,1
0.36795773850779273,0.92277386159950037,0.11443558459227927,-0.92983309294784999,0.3657108573535407,0.040816517156338439,-0.0041859205995994232,-0.12142474691134524,0.99259181384204942,-5.8973590200190111,10.636447452540176,-1.5968065709376296,,0.6317368230214923,0.1935483870967742,0,1
0.56939294730434575,-0.80076830767248008,-0.18590801216575178,0.81353829514297971,0.58137682683560543,-0.01250710016014411,0.11809789962536878,-0.14412183264833101,0.98248754875477262,32.698483887633763,-10.595898728434967,-0.33452898607257731,,0.7543853495164425,0.5869565217391305,0,1
0.46195284881302362,0.87616532807736103,0.13760044821374012,-0.88684514402105896,0.45453402961552614,0.083093359829408103,0.010259434672489631,-0.16041550360411741,0.98699625642838107,2.8690727484712926,19.338053672076249,-0.50765765564284615,,0.2412808117563132,0.3333333333333333,0,1
0.085329122139164867,0.98202639737921971,0.16835407855276427,-0.99537651251573289,0.091498124479378745,-0.029218000423951725,-0.044096930130989795,-0.16508254925081267,0.98529346526092232,4.5906164363781699,17.548371692207184,-0.44160235503371797,,0.2814316380726424,0.2307692307692308,0,1
-0.015058633011590151,-0.90315809443017214,-0.42904393019489462,0.99846554963615208,0.0092862371547976288,-0.054592233781749398,0.053289621518627532,-0.42920766799390275,0.90163240512618914,-3.4231843853087103,12.541847472977214,-1.3121994428823984,,0.4128647460578818,0.131578947368421,0,1
-0.92301606323624441,0.36924396845033314,-0.10816764197723312,-0.35902332076296101,-0.92763118432070391,-0.10296912655794024,-0.13836040675063707,-0.056207451808619358,0.98878567961160357,10.426063917127866,17.073201744479899,-0.099383786506823418,,0.08231608105991198,0.1,0,1
-0.11740500715062072,0.98758612432316639,-0.1043537797126136,-0.99062368560459046,-0.1238580695049588,-0.057653205788418614,-0.069862563760140398,0.096606550827833357,0.99286776386486075,4.1230085104002061,15.39316119200833,-0.58971923106405755,,0.1081903581089387,0.4444444444444444,0,1
-0.89524773998525509,0.4326009089501251,-0.10671428033219525,-0.42354101070839006,-0.90059494253361383,-0.097681941683162216,-0.13836363792343842,-0.042251663380306038,0.98947981315547262,2.9037822629637149,20.773326162924967,-0.42544262122732684,,0.1096376986204103,0.2857142857142857,0,1
-0.75841962119441952,0.65161717904276262,0.013954575008413836,-0.63812206481213407,-0.7380141412058302,-0.2193977159865623,-0.13266464708886205,-0.17530025486739428,0.97553570516727617,9.2428110143869784,20.777842744739392,-0.053094296418510746,,0.1387377168535763,0.3333333333333333,0,1
-0.96217530853271638,0.25983421133367207,-0.081883198951803154,-0.23572791493973497,-0.9447230636379681,-0.22788304708480878,-0.13656875838982002,-0.19996128538069738,0.97023938210153216,18.450099265694465,15.11824117378398,0.38469974687927705,,0.3084086618175934,0.2666666666666667,0,1
0.1292291491437729,-0.93528217198270402,-0.32946484756783023,0.9890485636933567,0.14545998085676254,-0.024986648940195488,0.071293517711548099,-0.32262773089191726,0.94383715840808446,3.8836073106254791,18.320738180668144,-0.44340841905472778,,0.2055828807661433,0.1666666666666667,0,1
