axis_00,axis_01,axis_02,axis_10,axis_11,axis_12,axis_20,axis_21,axis_22,location_x,location_y,location_z,dbh,dbh_approximation,score,reconstructed,number_clusters
0.82499249145471953,0.55502367104472428,0.10647118682240493,-0.56338385112891476,0.79284020574045044,0.23238555129050581,0.044564844109303184,-0.2517004822035056,0.96677858992017174,-30.883439236551837,7.0951145218689877,-5.0012230023392865,,0.3232315042911895,0.2666666666666667,0,1
0.86996534852789709,0.48421904305816965,0.093232026152835018,-0.49093464551342431,0.83274970562911088,0.25595136571082394,0.046297583039947965,-0.26843965078664878,0.96218329214874621,-1.4113952186106642,-23.264582587678145,-1.6909909013068642,,0.1370788772593964,0.1923076923076923,0,1
0.13537336009063261,0.99004807829188113,0.03845589744530948,-0.99020308678930014,0.13384955045242664,0.039776183283775912,0.034233029236588698,-0.043463783938303822,0.99846832658580154,3.3937944586745457,16.074966846658597,-2.454740557332419,0.4510218498574676,0.4631663751441546,0.7452830188679245,1,6
0.95197755040065501,0.30300136203789957,-0.043919450546950303,-0.3011264476838727,0.95254332184520674,0.044543041133163756,0.055331781450267147,-0.029178667057914158,0.99804158197455051,-12.070409077669831,17.740445248793776,-3.6426179916819894,,0.08414020550663365,0.4444444444444444,0,3
-0.25384753889942091,-0.95911817449387271,-0.12511496453361759,0.9669221694422121,-0.2549688957611761,-0.0072374329353164192,-0.024958870885392663,-0.12281363747511061,0.99211585271794711,1.3253438293184929,-12.493037870569228,-1.6663907415206927,,0.1106164264327311,0.1428571428571428,0,5
-0.77316316100183413,-0.61489437865524355,-0.15531783403020152,0.6317695116673312,-0.76818916090308087,-0.10369521299771896,-0.055551873031188942,-0.17829839082056292,0.98240708122118314,-38.22018193555121,-5.5480612481860891,-5.543950586625197,,0.2238898414623121,0.2857142857142857,0,4
0.99872858063062642,0.00023196057331459496,-0.050410003231760224,0.0034048753477606587,0.99739540744621746,0.07204726246749224,0.050295417837014356,-0.07212729995976512,0.99612650980942885,17.492886960988255,-4.4354334943384757,-0.6935994847416872,,0.09353559628694952,0.5333333333333333,0,5
-0.33093244008163819,0.9274959473843627,0.17388210858853728,-0.94360169098172986,-0.32329913451771108,-0.071368889556431822,-0.0099784206181239236,-0.18769373246243959,0.98217691579281463,-5.6208891946953559,-0.27112535007635563,-2.5836229711423466,,0.1556693619689768,0.3037974683544304,0,1
0.80262219391555556,-0.57880432085944478,-0.14416369858122588,0.59588074925158352,0.78893570561411286,0.15002194865597096,0.026902537158289996,-0.20631531829120242,0.97811565928209543,-13.611745773104357,-4.8520677212783738,-3.0518519658618515,,0.296661965311675,0.3191489361702128,0,4
0.29626576551613587,-0.95061733394007886,-0.092483947773631989,0.95507185761935942,0.29567639284684816,0.020327751882184678,0.0080214067747059851,-0.094351232772732024,0.99550665588313469,3.9144669914345389,8.5235638541916838,-1.9744387961224914,0.3388711833875639,0.1811812593566529,0.6621621621621622,1,5
0.98399916964250322,-0.12914122814049175,-0.12275250440308835,0.15115222042043594,0.96980929207055999,0.19137121851410124,0.094332605205393966,-0.20686343371404584,0.97381152149027206,-9.2834528811623223,15.559365209930039,-3.3933905240711826,,0.3426519926365231,0.1481481481481481,0,5
-0.68283167129538302,-0.68823825883842715,-0.2450897952730885,0.72955196206006112,-0.66011343321786176,-0.17889714905398299,-0.038663203828309609,-0.3009623803008909,0.95285193094906051,-12.110194344237165,7.4114375076439112,-3.2877816260193562,,0.6269101018839801,0.1147540983606557,0,1
0.50304253874654925,-0.84461494422774275,-0.18323154804397837,0.86392510832039571,0.4973317351525281,0.079338215405739057,0.024116621343348677,-0.19820883228893152,0.97986307583133236,22.99361083872175,-3.6926749394734566,-0.3798805159147563,,0.1240530886287133,0.2666666666666667,0,5
0.41640410716808207,0.90906714551076628,0.014301904994036534,-0.90890720682032256,0.41584276124440145,0.031023979607874584,0.022255536920739508,-0.025917617049757185,0.99941631375660001,-4.6871695342974116,8.6878634801548191,-2.7245290562301254,,0.1375683676843943,0.2142857142857143,0,5
-0.74464609010257643,-0.6626535850713996,-0.079952652782563027,0.66633295829312056,-0.74499331063691565,-0.031390377484007484,-0.038763245314163315,-0.076649809512297995,0.99630427958252032,12.391344381233267,15.765330314627358,-1.7059468161715836,0.2050180224405899,0.1895608563338278,0.5652173913043478,1,5
0.97916619473299993,-0.1843072785665118,-0.085231391866512005,0.19746047433511849,0.96212173888570007,0.18796574325899607,0.047359520346459828,-0.2008795326332751,0.97847048458376629,8.4008667385066982,4.6954858297583728,-1.5963357897365134,,0.08502850438022087,0.4375,0,5
0.93781772500543092,-0.34230177790541388,-0.057683684941488698,0.34454549222596231,0.93813109873250167,0.034618569839274152,0.04226486072857203,-0.052340562031182314,0.99773450732840385,11.707453602720268,5.7938432674855713,-1.3646034777386578,0.3091374089211899,0.2535454867829767,0.8028169014084507,1,5
0.9689349062976027,-0.23157705019221159,-0.086817147973950168,0.24133132122514969,0.96207555304675429,0.12716062136332332,0.054077174055052864,-0.1441620617709693,0.98807538133088013,9.2039726911461361,-6.8354309402421158,-1.1910010812295548,,0.1238362568705316,0.1304347826086956,0,6
-0.047492335358354537,-0.93214064563886734,-0.35896837580790392,0.9988321166574271,-0.047513174551102599,-0.0087693202541531939,-0.0088814872545663996,-0.35896561811966254,0.93330852572561207,-30.104852227435231,4.707595803330304,-4.8353726388775531,,0.3841243583991867,0.2857142857142857,0,2
0.14639933852032858,0.97968860650307199,0.13703090151085692,-0.98896360003064043,0.14176173892407301,0.043065150547254648,0.02276469844397247,-0.14182328322701768,0.9896301960022561,-13.480793100353452,4.925217841767914,-3.3689598197649371,,0.3614442898398411,0.5,0,2
0.89669357341343281,0.44143035706772576,-0.032861455508067766,-0.4404518358513213,0.89716720611107081,0.033063341846467587,0.044077383024054881,-0.015173797742023926,0.99891287916806615,-25.232427995404141,-5.5941939612923051,-4.1030875767719648,0.2701039053445963,0.1834074346936082,0.6875,1,5
-0.82743435821617917,0.56155310298752825,-0.0032396556078560846,-0.56014829293338786,-0.82574609526979981,-0.066160986015095222,-0.039828039961697287,-0.052929185443917316,0.99780370241899408,-7.1768681288497298,12.04369900996489,-2.9562874241680643,0.7702801171769139,0.6621561610499769,0.7045454545454546,1,4
0.90059396008321591,0.43461994598948145,0.0060018005408352159,-0.43218639250073304,0.89390912321036453,0.11891762518012726,0.046318907573842806,-0.10969039150891483,0.99288598379259441,11.357274622471634,10.750132912369155,-1.5480223594481142,,0.2402955212915548,0.5,0,5
0.97028355545582023,-0.2332802668621892,-0.064266158316168026,0.23750903784213517,0.9689552513679347,0.068667152189431827,0.046252339998276853,-0.081890401996871198,0.99556751810486233,-9.6526421665946742,-7.5586373452870284,-2.7138188039108355,,0.1552292060127983,0.5580357142857143,1,5
0.88727196293773902,-0.45605060939672226,-0.0690384346106514,0.45979155405403632,0.88638890829196693,0.053911316785521829,0.036608613811304702,-0.079577289007937632,0.99615624500826272,-37.768218830421283,-0.75376857525544816,-5.5805657394270973,0.4039006687561811,0.3636357769383052,0.8928571428571429,1,5
0.72550752504990879,-0.68534252417925778,-0.062804901461270227,0.68755743224824917,0.72577669071821738,0.022648897772466346,0.030060080774184383,-0.059613922549325717,0.99776879675711094,-8.9149752101626536,5.4915188413520406,-3.0242943955865895,,0.06840408985186959,0.2613636363636364,0,3
0.84812505181153242,0.52909016795002162,0.027340275571080555,-0.52940732123299161,0.84439683694043377,0.081987011104799043,0.0202924792618582,-0.084009380092987945,0.99625831958473454,-14.208291088186446,24.97065381636375,-4.0473655366911823,,0.6688143731907072,0.4,0,2
0.81321647121464991,-0.57641773801309959,-0.080134650738956745,0.58109063074842116,0.81179437843950819,0.05765037719230761,0.031822158971306538,-0.093447731047226701,0.99511550674307703,-3.3717327649310174,17.532568126475589,-2.9668540868560038,0.3121056782652966,0.2675441662985055,0.7272727272727273,1,5
0.89729370489959581,-0.42049711844831911,-0.13433607305641521,0.43936798197897886,0.8801436023694883,0.17973039703895585,0.042658921215590839,-0.22029392316793781,0.97450028417440793,-12.040105387846396,-16.922370427028863,-2.6641373400495909,,0.08633657435414849,0.1875,0,3
0.28847925621418363,0.95705455757272551,-0.028745305066869703,-0.95726518152304141,0.28892761932483901,0.012814173205514567,0.020569175427600894,0.023820256517445678,0.99950462950487307,-8.5295208551324837,-9.9934001375454304,-2.4329011738215685,0.126744421735444,0.07560814479391864,0.4069767441860465,1,5
0.46788381275983532,0.87674402303317167,0.11137619060162084,-0.88271385112490341,0.45737141308459728,0.10783157016959646,0.043600398961032995,-0.14876595231640852,0.98791077362372726,2.5614532407400596,23.77617056511237,-2.7447780079908135,0.3162153495545569,0.2748347123837011,0.5333333333333333,1,5
0.10396862235662144,-0.98722403642596945,-0.12074447179097708,0.99454258560665876,0.10425678394940154,0.0039456831284399568,0.0086931570840801733,-0.12049574641182828,0.99267577995867728,8.9665855856787573,3.7622930225071682,-1.5336900543211038,0.4771355433957695,0.2979961323397429,0.9141104294478528,1,5
0.83217520600810257,0.55421823418499561,-0.018071397351538763,-0.5527837884159853,0.83171135191381207,0.05182962822720262,0.043755111356765033,-0.033141756057341494,0.99849242072015387,13.78692271777917,6.4140686329699221,-1.2321562696909667,,0.1973906442569905,0.625,1,5
-0.78801002855071933,-0.59590821807595429,-0.15470484973987209,0.61415693961258233,-0.77842283157834891,-0.12988128734830559,-0.043028460688274414,-0.19736081401100666,0.97938616524010158,7.9803240440440355,3.032591525498368,-1.6142600425161775,,0.07302449884389169,0.36,0,5
-0.3197706341810202,0.93021382801155983,0.18013599221573767,-0.94654119344659005,-0.32215077091704458,-0.016692810016864301,0.042503066056149563,-0.17584400749992601,0.98350006324463091,-10.999606061216424,15.700040238710715,-3.5282014197566425,,0.2746931970386907,0.24,0,5
0.82174853731406705,-0.56582588682705692,-0.067604786950088661,0.56862121769210139,0.82197295154427463,0.032099497191486526,0.037406579802810772,-0.064819231142995537,0.99719567541254817,-12.225043078377784,-5.6563052483221643,-2.9346310692723065,,0.07217771540993979,0.4390243902439024,0,5
-0.50338450002071511,-0.82869685142276583,-0.24467442363453057,0.86352323155013844,-0.4924828857436605,-0.10857364239447376,-0.030523330619398843,-0.26593633766672747,0.96350723432484298,-7.3870547329527687,-0.36454788026399704,-2.7178178123985273,,0.2105184482194003,0.2860696517412935,0,2
0.68702343144406108,0.72644385721481386,0.016677138894019162,-0.72658197859783757,0.6865141541820613,0.02787372390873584,0.008799603609198535,-0.031267210021871453,0.99947232505646144,3.112228762390147,6.2932701498921295,-1.9984359036045016,0.4205350843945329,0.4985625124853551,0.5936395759717314,1,2
0.33080602441870927,0.94188884379023019,0.058419005056506941,-0.94353032957382155,0.32894306357581871,0.039331642473606772,0.017829508759497556,-0.06813124737489254,0.99751703832492888,29.346921445179696,-4.9395569828775843,0.015157933191214164,,0.3360261884106601,0.1428571428571428,1,5
0.44087224974878486,0.89754227496819872,-0.007037332332241803,-0.89627203362999552,0.44064272046804415,0.050303425641526602,0.048250400352706183,-0.015870020271902069,0.99870918756281235,3.0873734344744519,12.285685574363592,-2.2492317998042108,0.1757993797188674,0.2527627395744078,0.5,1,5
0.063750861895276789,0.99434352398220593,0.084951656383253707,-0.99781678021343545,0.062038733951496269,0.02264660270744839,0.017248209533249563,-0.086209928687736095,0.99612767628630516,5.7863665848993868,16.919298552900226,-2.3030022678321349,0.2952163173041041,0.2464728547226007,0.4117647058823529,1,5
0.97695314008260281,0.2119597529703296,-0.025211608506770226,-0.20882003041973407,0.97353165585556001,0.092899461476547457,0.044235245882023801,-0.085493731746181675,0.99535625022092911,-1.6511256919073098,-5.2400025195817648,-2.1031777386014463,0.6538821063414806,0.7259567606559456,0.7665525114155252,1,5
0.98664058928112874,-0.14802570526081094,-0.068034830528380219,0.15607645028737732,0.97857099923212632,0.13430912525784916,0.046695709103489733,-0.14313346933501017,0.98860119396420165,18.140796994810476,8.9527530399265665,-0.97721728818150144,0.164123538188247,0.1656445273994013,0.3714285714285714,1,5
0.71342643537551087,0.70047140548916653,-0.019040257336009898,-0.69996393060564865,0.71365354574062667,0.027369919673248533,0.032759993261303466,-0.006198930864343242,0.99944402349389061,-9.1792101169465692,8.9944056887488841,-3.0738591231047958,,0.07330721412799175,0.2162162162162162,0,4
-0.58681496180606496,-0.78829015538070157,-0.18505899472982823,0.80935593879208023,-0.57788878688207412,-0.10482134485854501,-0.024313883740280026,-0.21128932989110635,0.97712110515106088,7.1902538678175647,-9.5248949203373687,-1.3001352700473576,,0.4165747933400837,0.2352941176470588,0,4
0.4189787617846108,-0.88970307605406052,-0.18134286209657055,0.90788805797732186,0.41356890071823132,0.06855682709168813,0.014002548182395276,-0.19336287342366201,0.98102738383071852,-7.802912001281114,-20.023281468067648,-2.2144293350293522,,0.5641179017804119,0.4285714285714285,0,2
-0.82082657764521627,-0.54542167174509437,-0.16958457896291362,0.56967499662245935,-0.80327277669196306,-0.17384833749215123,-0.041402024762602664,-0.2393074303409119,0.97006073321683683,-8.670386748580162,1.1740785052921967,-2.8217691291900975,0.3255635724297809,0.605238989145171,0.2942528735632184,1,5
0.41625883987431234,-0.90290493749497802,-0.10719725777127628,0.90916608811203981,0.41488399186514746,0.035892861701053033,0.012066584170439144,-0.11240083247569871,0.99358967909556517,4.9239524739649374,13.684053630884614,-2.1474246308808573,,0.07017101649169427,0.2,0,3
0.99550936529399303,0.08351078406567114,-0.044576367692837543,-0.07944326823572051,0.99309532442653592,0.08631595295297563,0.051476895244153664,-0.082387047203366773,0.99527006571539778,-4.2151460139066792,14.931165527315198,-2.9572452993906104,0.5396094439693305,0.5136349150236432,0.6052631578947368,1,4
0.94683104889779823,0.31958875015666527,-0.037067446855654322,-0.3183862516261256,0.94731791488938799,0.034913649266281183,0.046272665997990611,-0.021255561693920438,0.99870267921865297,-12.110636710688368,-8.1215189053133425,-2.8746134135000414,,0.08735146404359123,0.4423076923076923,0,2
0.78831926743606462,0.61525901734003574,0.003012336441954375,-0.61442959961568355,0.78698241860259888,0.055990534258162132,0.032078025269286464,-0.04598928562368601,0.9984267554020404,-20.394107206152029,3.6001522662771084,-3.9174566866728266,0.2003804179552587,0.1153605194551129,0.4705882352941176,1,4
0.52861084833510708,-0.83429904585432857,-0.15657481633070888,0.84877167442729529,0.52220854020659835,0.082975208497350586,0.012538568990272192,-0.17675786438472887,0.9841744975693214,27.244543215020059,4.5440055424716395,-0.32517449698698486,0.254657523111645,0.3374428353630724,0.1666666666666667,1,5
-0.97300313509984415,-0.22389320447030928,-0.056006536028305971,0.22836013531293931,-0.96910772829351877,-0.093176496830644495,-0.0334147824432501,-0.10345068367967088,0.99407314034756944,-14.831245556989332,13.972790283860897,-3.8020237077292358,,0.1402417819269605,0.3636363636363636,0,2
-0.98075491491688971,-0.17053628327034534,-0.095064046593343013,0.19045822253808631,-0.94278566180752355,-0.27364367589583188,-0.042958844653895982,-0.28648310941220745,0.95712170892082293,16.886093373650301,-2.0059048492408231,-0.7749366918849252,,0.3875257800561074,0.1463414634146341,0,3
0.01937993336456716,0.99964675205030684,0.018187613863762456,-0.99980820904114887,0.019325305830559299,0.003174537523156913,0.0028219349240403064,-0.018245647969522393,0.99982955198046475,-12.074355933092864,-10.743189889607178,-2.7085779200971687,,0.077548353012937,0.3,0,2
0.97691013286911732,0.21245367135329177,-0.022583839933698079,-0.20668170487365412,0.96652784297768379,0.152008557717734,0.054122686261521828,-0.14383103377718398,0.9881211305069959,-22.20964593284328,3.8089750372707942,-4.0735702545585735,0.5633514956499796,0.602030563806094,0.75,1,3
0.28873450670281986,-0.95376455074134348,-0.083459968776898596,0.95736436141861569,0.28846558514369913,0.015526933799954581,0.0092662896891986639,-0.084384761283450405,0.99639015849140644,-7.7863190825862745,6.5541261132010531,-2.9225960029435538,0.2023556969039191,0.1551724124988137,0.1641791044776119,1,5
0.22880033579789766,0.97050718126816204,0.075935613816552339,-0.97345017995617333,0.22755929565552102,0.024728811213995467,0.0067196340721429708,-0.079577497244450179,0.99680603351416697,-8.4144408331627929,17.315835829747144,-3.3440268057480536,,0.455305371695577,0.1875,0,2
0.18293507422101773,-0.96274253916672259,-0.19915210744193174,0.98305553442070515,0.1815377291119431,0.025413955884533265,0.011686524914319393,-0.20042668531832472,0.97963899929909726,-3.1897839698097705,-24.073846084558351,-1.7978131873009804,,0.5651850354385533,0.7831325301204819,0,5
-0.36127812337951049,-0.91369675909912007,-0.18610843607731781,0.92818353604750492,-0.37147532643107373,0.021940949461649102,-0.089182066458064563,-0.16481600123984655,0.98228419755057539,-15.818810819943018,12.390034006177784,-3.7716497621725611,,0.2931455970401489,0.4137931034482759,0,2
-0.71206666482833247,-0.68458084400620767,-0.15591707045735237,0.70164004875717767,-0.70196027558992002,-0.12228251499600559,-0.025735322424248825,-0.19647096353779936,0.98017184904803722,-10.192866461251329,7.3909112098780216,-3.1416222971885222,0.7966945277606727,0.4298549545029848,0.1951219512195122,1,2
0.10521007753372599,-0.96367176426905854,-0.24549454237499044,0.99442848401456352,0.10032700637294617,0.032349373606591514,-0.0065444454190837949,-0.2475302457131279,0.96885806374894479,4.4019513490789279,-15.114032144310052,-1.3649344154263343,,0.3839067850354143,0.3157894736842105,0,5
-0.74276474952590488,-0.66471761070824431,-0.080318272367149432,0.66835548370614684,-0.74325268004619471,-0.029604070734818605,-0.040018424027477531,-0.075670017962682912,0.99632955096187203,-11.682925267070948,21.878924583327795,-3.7524083134450912,,0.1397806927387479,0.4074074074074074,0,2
-0.1246696322219497,0.98790921689203137,0.092156725101396914,-0.99219558773809369,-0.12434787109495808,-0.0092478444627922003,0.00232346179226564,-0.092590421394020642,0.99570156944306132,-16.961054854924953,1.1363914483945388,-3.5323154791789388,0.7885707684477873,0.7922265048248441,0.5671641791044776,1,3
0.48870442016539484,0.87215660799467676,0.022601788469632952,-0.87171391288063538,0.48706501513213879,0.05368915276536141,0.035816808918970426,-0.045940419736331388,0.99830187520274283,-13.237075997596211,-18.408132490376818,-2.7433259006464819,,0.1701603552374665,0.7317073170731707,0,3
0.4800002759872391,-0.86776430044362962,-0.12878219569393984,0.87700601523020494,0.47824782460544196,0.04625437828141106,0.021451906726715368,-0.13514487461883412,0.99059359909200317,-14.120779307222799,2.653765021231421,-3.3600642161883028,0.5007772430868946,0.1292485633978446,0.186046511627907,1,5
0.88608740764794902,-0.44470102981902293,-0.13072910955727818,0.45524837197877871,0.88798647758034899,0.065030265608536586,0.087166655427462172,-0.11713671376791199,0.98928305578800113,-25.899961778865265,1.1039907272154219,-4.3644269263285098,,0.2060780311410401,0.3076923076923077,0,6
0.044528075874534091,-0.99392211780241857,-0.10067807210145666,0.99856953542974725,0.041295984723870874,0.033963576921518496,-0.029599550174450494,-0.10204638841644618,0.99433917816841022,1.8025499959226552,13.140817911957237,-2.3495972292715739,,0.1636855337141209,0.2903225806451613,0,4
-0.83733031993101437,0.53066584751371548,0.13142181556642807,-0.54556197920455907,-0.79560397948918216,-0.2633940672592725,-0.035214516475882952,-0.29224658441721463,0.95569444474991216,-10.857037610496535,-17.123906855255093,-2.5824000872358739,,0.3866249086498779,0.2,0,3
0.83406923662027799,0.55123429798997825,-0.02166234620633203,-0.54994263776670327,0.83392759562447671,0.046128737487388799,0.04349257051345623,-0.026561513049437779,0.99870059694317659,-12.367329717845305,-4.6446057578565085,-2.9627976935273659,0.3690770253734921,0.2245763316519341,0.8862068965517241,1,5
0.68208130768250164,-0.72020306609234774,-0.12677788963895631,0.73045828021107662,0.67919948867707602,0.071545478207030763,0.034580205048591148,-0.14140579256868333,0.98934756847470839,-25.141515800136052,-0.073756178659321048,-4.2400298507771987,0.1325879053560727,0.1592593163862678,0.5263157894736842,1,5
-0.2452307138014562,-0.94762191565694975,-0.20463284676483565,0.96880499730951219,-0.24732822825906836,-0.015672418267324253,-0.035759952412497471,-0.20209268287813537,0.97871332540768718,4.2116691079387216,-5.9558285447956214,-1.6563317617363928,0.5300372272765588,0.4358148009299367,0.7093425605536332,1,5
0.10032619677333092,0.9927104096550694,0.066788448128875369,-0.9949541595432011,0.10003676239748668,0.0076724557158535369,0.00093522654038017273,-0.067221192577143166,0.99773765921700353,-24.349744349194157,1.0452345570040782,-4.2175295628712055,,0.2283950655581627,0.4470588235294118,0,5
-0.26834719596544121,0.96276609038902106,0.032729766490550413,-0.96332069660168407,-0.2681305592647189,-0.010919646845798586,-0.0017372151084433785,-0.034459518067290376,0.99940458458936399,-12.767731385115956,-20.193367696949519,-2.6448086146836496,,0.1394057791028862,0.2631578947368421,0,3
-0.96750199269649662,0.2528071077467729,0.0053348290525133193,-0.25114900610747454,-0.95827597488038274,-0.13649663987908098,-0.029395082233865919,-0.13340060809367899,0.9906261690974556,0.30229421936066486,22.062811274681085,-2.8706238987861927,0.5737350831069367,0.6047274933085395,0.7272727272727273,1,3
-0.4785993545338334,-0.8731814445057785,-0.092178212233697987,0.87753911180621524,-0.47920884891467413,-0.016851895211889258,-0.029457852775745468,-0.08895529266252615,0.99559991503473311,-10.734812489486872,17.61367424446707,-3.5102753765156458,,0.06596686989581452,0.3125,0,2
-0.017707921353172534,-0.9698353563008284,-0.24311686735024096,0.99981411609921034,-0.019030662460983908,0.0030930785716701504,-0.0076264519997364093,-0.24301690384650385,0.96999207299583357,-15.598187796494551,-12.636593847816748,-2.9778778990311938,,0.3398353275597579,0.2857142857142857,0,1
0.99886240048010977,0.036240119954026505,-0.030992880034476311,-0.031229251664563924,0.98831895264271108,0.14916561831631037,0.036036630635854425,-0.14802804313012327,0.98832639330308436,-18.285564467246591,-7.164846482393366,-3.391113483090225,,0.327579700023749,0.4714285714285714,1,5
0.83195746520153524,-0.54451260582241623,-0.10654951053814296,0.55285851382651807,0.82977070792394114,0.076341574262883391,0.046842713253716167,-0.12241974665830388,0.99137236487767144,-20.112119522811202,-7.4299052631603111,-3.5325356744064975,,0.2076292943597958,0.7241379310344828,0,3
0.99841504027988659,-0.027494530109129306,-0.049106599933115509,0.02911317925875748,0.99904579168837704,0.032556549313338644,0.048164614981958856,-0.033934597740691977,0.99826279753370439,-11.416808076891936,9.9674950424125157,-3.240134006870655,,0.07248539160162119,0.5675675675675675,0,5
0.22786701518392952,-0.96864593347278793,-0.099003429020400047,0.9736792700917325,0.22720830572544187,0.018029553599715829,0.0050301475920397371,-0.10050592706902771,0.99492374393176353,7.5240839891557538,5.6028298384167385,-1.6583742548441456,0.2760788161987303,0.2174788680394487,0.6534653465346535,1,5
-0.086089292018733901,-0.94949284083822172,-0.30174820462875523,0.99613122686166078,-0.087395857821718451,-0.0091947216754772413,-0.017641220785327864,-0.30137237635949643,0.95334331596578292,19.0173744293444,10.367956597474894,-0.93204416593215622,,0.3594049822863845,0.2307692307692308,0,4
-0.16115494474165964,-0.97610414469712636,-0.1457730513174631,0.98681990671928377,-0.1615669825073715,-0.0090874565201878466,-0.014681808058144443,-0.14531623745663749,0.98927631915637682,2.1822420329961822,6.3830098779701485,-2.0721318613816502,,0.07583603518181781,0.1071428571428571,0,2
-0.94466652914835225,-0.31724012285615372,-0.083449704355489707,0.32441726290504691,-0.94118277503781222,-0.094490335491635644,-0.048565298681299093,-0.1163343819441901,0.99202203772983832,18.90626505997248,15.504357819785991,-1.2577704344462448,,0.2441638532206979,0.125,1,5
0.93539773724019593,0.35358415846285129,0.0030522205095203643,-0.34990935448182847,0.92436372254108035,0.15203668010091131,0.050936399676770008,-0.14328276705212648,0.98837013909458771,0.48460021632965472,-10.336518516961659,-1.7529489691411155,,0.1230145396392341,0.2954545454545455,0,4
0.99858460228213974,0.030613455224579502,-0.043492625170619879,-0.019534836905895216,0.97169361246047881,0.23543558280464666,0.049469002739892069,-0.23425272647872478,0.97091630839388177,-16.449588588348718,-15.136641773121596,-3.0424423217008423,,0.7205864117925249,0.5,0,1
-0.99604032718187185,-0.072176732367580598,-0.051905548182919564,0.073461572066787606,-0.99702619258718894,-0.023284516842113637,-0.050070590738545515,-0.02700538094219633,0.99838051129980543,9.2354572460981768,2.8585557178442187,-1.5119348041325538,,0.07633905433373533,0.375,0,5
0.027876300467857801,0.99389142793302498,0.10678361931250026,-0.99954982979488682,0.02890052844021115,-0.008055880640125055,-0.01109277373956152,-0.10651098035943446,0.99424964743953226,-2.3053776064090852,-11.00500715340843,-1.9490895588429069,0.6420573286378679,0.3586049337000838,0.3240740740740741,1,4
0.99782267559419446,0.050445814222573264,-0.042486796742790017,-0.048456068513379448,0.99773637348715916,0.04662765751050571,0.04474279265164615,-0.044467390839939912,0.99800838356078869,-3.1364365848318925,4.5386907947640722,-2.5045600948415681,,0.08474013906300203,0.2830188679245283,0,5
-0.98138465551711684,0.18847458105807122,-0.036898376800798778,-0.18615440866036231,-0.98077246440498056,-0.058582499104178717,-0.047230223923457937,-0.050623170188806341,0.99760042130513082,-3.0155082732199316,-18.481735172785324,-1.8974540459178919,,0.846619719208852,0.5287356321839081,0,1
0.09938093170227931,-0.98628126818122075,-0.1318055023465608,0.99504837394041357,0.098309273476882106,0.014629431533234351,-0.0014710311094228213,-0.13260673732239234,0.99116763934471996,4.0759412799853543,-4.579431037378586,-1.6926539638113889,,0.07072284502266142,0.1690140845070423,0,5
-0.58049564530254039,-0.80961726316060667,-0.086860192131482966,0.81364836727823042,-0.58089261386328572,-0.023240171784039795,-0.031640799772747641,-0.08416447202597252,0.99594939702694363,0.0056885806030865446,12.441743527078115,-2.4712999472324104,,0.1164007799843569,0.40625,0,5
-0.64565714190886669,-0.75526150086906829,-0.11272497685551448,0.763602695629786,-0.63975111967614184,-0.087346597529885744,-0.0061464078125545935,-0.14247305070828625,0.98977959743211352,-12.171702987003602,4.1163486011927759,-3.2532028529241135,0.3395282460932144,0.2908548921023342,0.7067833698030634,1,4
-0.81208161407867585,-0.57851719779906285,-0.076428423548392715,0.581878756010067,-0.81267619448148487,-0.031217242467413791,-0.044051848764264739,-0.069823024668172043,0.99658626312358867,1.9653594521635214,5.0639882698968446,-2.0858702329750956,,0.06850814397062643,0.2714285714285714,0,1
0.36590332976737416,-0.91712824555287187,-0.1580839475540107,0.93065284526854186,0.36055179192426678,0.062351318620924058,-0.00018670488965585085,-0.16993583068120566,0.98545511241860895,-3.7748348160830636,-20.398181842998195,-1.9007258480213252,,0.1464536888160703,0.3809523809523809,0,4
-0.26065669549159814,-0.96241380205903171,-0.07627424664772875,0.96527712702342716,-0.26121341467906073,-0.002760441468866837,-0.017267169449512572,-0.074345313221368725,0.99708305534755626,-13.796350805441538,9.7844520918222564,-3.4442731425595006,,0.07021448143298219,0.4814814814814815,0,2
0.47589478903209204,0.85512250550999924,0.20564447559417151,-0.87904051178168152,0.45488479416712885,0.14271511020956393,0.02849435766427616,-0.24868720233624822,0.96816462803361614,-16.336910993576616,-16.931776076155064,-2.9966081324038822,,0.5968084435486161,0.2195121951219512,0,2
-0.64500881906962382,0.76414564222121739,0.0067127339236538811,-0.76390257305884623,-0.64451929974761446,-0.032368675087443267,-0.020407895444678838,-0.026005955609538802,0.99945345468228364,-6.4368091736511426,10.224879090263975,-2.8664770395759573,,0.08233759751802673,0.32,1,5
-0.99873811336875429,0.009706965332023941,-0.049274290747459586,-0.0083350161924979974,-0.99957393913109416,-0.02797262438562325,-0.049524826195485969,-0.027526624093616253,0.99839349785358533,6.8413458938335552,-13.843177673282392,-1.1872407799925233,,0.363170321279799,0.8958333333333334,1,5
0.78007292433637843,0.62334848825126177,0.054063804085151698,-0.62439074176908438,0.76998079865588998,0.1313992819397849,0.040279452706605566,-0.13625796085405453,0.98985419825020293,2.8611397970520076,-7.1891151576222825,-1.6741158303402914,,0.1334653088409761,0.3225806451612903,0,5
-0.79691420845177452,-0.58135316007784543,-0.16418357906680242,0.60252845932695431,-0.78447587522785933,-0.14682321644267038,-0.043441916034732395,-0.21593078625565984,0.97544179502328288,-9.9685863018725716,25.273863340105329,-3.7326376670446293,,0.2403187458144387,0.125,0,1
0.96010427824233158,0.27832201725902223,0.027140921311536188,-0.27527948205009412,0.92358640506990908,0.26685081812179756,0.049203472062472192,-0.26367595089220641,0.96335559958827655,15.77996728444859,-5.2824367363174396,-0.75295695514964378,0.08133708594097408,0.1333065600456844,0.1428571428571428,1,5
-0.66833153910635834,0.74381851436190161,0.008183613393771598,-0.7433388772782592,-0.66740661649075672,-0.044896790431569716,-0.027933266232622322,-0.036089139042272136,0.99895811057359374,8.9586988581949711,-9.4569213526753941,-1.1787356894362824,,0.07496964018020977,0.3181818181818182,1,5
-0.98039641813316325,-0.18624615733848518,-0.064305771034272777,0.18972682288410411,-0.98040284423560964,-0.053047108243815332,-0.053165740754435628,-0.064207724546003972,0.99651932852236114,-10.739016910171454,3.7629984142646178,-3.132823256337951,0.9838429214782356,0.3037998792244813,0.2705882352941176,1,3
-0.28345780398037984,-0.93914887726738683,-0.19403880975213858,0.95871726294000115,-0.2822955999561928,-0.034211167565658417,-0.022646922604470973,-0.19572577901947238,0.98039713194387079,15.702855716864944,15.182368780637757,-1.4467235075782481,,0.8545223525127246,0.4871794871794872,0,3
0.32749964049342256,0.9447955907836908,-0.010260463555645473,-0.94459057146544367,0.32764505756435602,0.019934105252994459,0.0221954449215736,0.0031635248296138017,0.99974864557817089,-5.54278992414649,12.828242944851437,-2.8469128426453691,,0.07531983198581546,0.3225806451612903,0,5
0.016349658788930157,-0.97074422613709133,-0.23955862764464944,0.99972499671999382,0.019899581993807713,-0.012407158001853252,0.016811293546208413,-0.23928989543642246,0.9708026196664965,-31.535080113472642,-8.1464417317135496,-4.5110784664217851,,0.2635104420431072,0.2608695652173913,0,4
-0.92961470984199046,-0.34738837608558204,-0.12303579725434761,0.36553475488978449,-0.91164781503857628,-0.18783664259950494,-0.046913049496445425,-0.2195895659998697,0.97446374395917479,-12.394293236305931,13.056253314953642,-3.528642959816445,,0.1549540096963041,0.2083333333333333,0,5
-0.32312803514133143,-0.93213559988087413,-0.16343652082819468,0.94599100785574397,-0.32294146277283681,-0.028457418685008423,-0.026254256069748877,-0.16380486884358123,0.98614333592098113,-6.5170967818530441,14.965138913154924,-3.1363520150905337,0.8173112118885568,0.6876268279694054,0.6462585034013606,1,5
0.99837724727399735,-0.022575173460941126,-0.052280337305764688,0.028790217938224508,0.99219125723943091,0.12135745716151011,0.049132427954108361,-0.1226656863219973,0.99123112033596317,-13.006821099053333,-13.751893494266147,-2.7576220880902005,,0.1014612884237722,0.3636363636363636,0,1
0.85350588421420781,0.52057649312725818,-0.022974342537914177,-0.51955447105898001,0.85354914555902095,0.038948783268403765,0.039885551448456194,-0.021306593317352671,0.99897706273310505,6.1049877486140316,-10.869042588301692,-1.3364899746127241,,0.6804601681040852,0.6382978723404256,1,4
0.97791992408464035,0.20359581351386524,-0.047131378060885291,-0.20251723512420389,0.97891522518489293,0.026678668985866669,0.051569288883390553,-0.016544685576853919,0.99853236393380052,-18.767113125607402,3.7015745551283383,-3.8044138812786383,0.1509651101790979,0.1054700330511263,0.6666666666666666,1,5
-0.98793277330655516,-0.14057341165910303,-0.06502269881616933,0.14854648616248772,-0.97882675023959398,-0.1408266113494625,-0.043849479764254462,-0.14878611813578274,0.9878967123006781,-2.7898936854387606,13.411416471315228,-2.6807552873016567,0.08840666250307705,0.1570648251726481,0.16,1,6
0.37051872639461519,0.92879844852723581,-0.0070224927419990993,-0.92807216968040729,0.3705121780157471,0.037453622077554073,0.037388785158295509,-0.0073598882754085538,0.99927369163255775,-7.9197350875707668,-11.352850081662032,-2.3808146454724168,,0.1251155855962971,0.3820224719101123,1,5
0.44210914402146895,-0.89376773316197555,-0.075622377184966574,0.8967999667947163,0.44205465092178786,0.018371313382822062,0.017009536431003069,-0.075940270982645261,0.99696727675159058,-14.310058642513138,11.574720043486263,-3.5461680199934782,,0.07458689565383553,0.3478260869565217,0,3
0.57327828475985543,0.8193248631413883,0.0076666068859045176,-0.8186641445837145,0.57238008720381917,0.046583839961550473,0.033779085183186251,-0.032981880038793904,0.99888496284271577,-12.647175067552665,14.335403281402627,-3.637034606887767,0.6624601594041707,0.5038421009410371,0.8974358974358975,1,5
-0.90375553849539969,-0.40423459762404468,-0.14078464661538326,0.4254025689930872,-0.88471501458016044,-0.19055707090136956,-0.047524529802759792,-0.23210715857154116,0.97152853072201317,-1.0479096725669046,-17.777539391355759,-1.768807294843016,,0.1928282790383248,0.3846153846153846,0,1
0.40892106320639604,0.90947126498799069,0.075137089558317743,-0.91194137958192023,0.40419704840596715,0.070623411600747296,0.033859773661012317,-0.097400021668623035,0.99466916686231766,20.501188322857352,-3.9559569486795838,-0.51193470799471485,,0.2678688929194766,0.4705882352941176,0,4
-0.23234509240129997,-0.96950758880683463,-0.077915295565057149,0.97247351701466367,-0.23301281397401544,-0.00053593753631003122,-0.017635666762652061,-0.075895083963783402,0.99695983845286795,-14.624504223728188,13.087554827871731,-3.7073385014366904,,0.0811427575884049,0.4736842105263158,0,2
0.84853028503871453,-0.50289865398803435,-0.16458827172414997,0.52335260055581978,0.84351305779996921,0.12077986923493421,0.07809232269295073,-0.18862307689667901,0.97893969374954415,4.6062027492119793,19.290524828089065,-2.433014784383372,,0.1834217331060614,0.24,0,2
0.95510321361429362,0.29600140935283192,-0.012689247605194099,-0.29203180486295971,0.94778724982713269,0.12812788148409557,0.049952740586787343,-0.11866968747855329,0.99167647394783531,18.163207571988647,-4.5468769745837632,-0.63915032992696819,,0.2312956203498339,0.4074074074074074,0,3
0.68620251553343636,0.72718483586654636,-0.018119662285152136,-0.72624801194136046,0.68630099960675262,0.039430484272879172,0.041108792572948777,-0.013897928785110685,0.99905801370524938,-9.9042207362185337,-13.415472145794299,-2.5184517051120605,0.5841906628068743,0.5063679245941699,0.9654178674351584,1,5
0.99876236910445393,0.018007516053822503,-0.046362262956309401,-0.0080983957922853931,0.97859528005584862,0.20563485560091049,0.049072864665211352,-0.2050048955951714,0.97752997229525573,-15.449074951211507,-25.192012864151593,-2.7829093153829088,,0.3376413082658012,0.1578947368421053,0,2
0.97168104538342204,0.23361516047907904,-0.035495110042284186,-0.23095087952978138,0.97069427445172396,0.066440325037294246,0.049976367284948843,-0.056361177604580537,0.99715885413108818,-2.5331108925040353,5.3386285557193816,-2.4767402654094823,,0.0692052872617617,0.1818181818181818,0,5
-0.46775112445693195,0.86970601387626933,0.15754470792992653,-0.88132693485872893,-0.44545562969790808,-0.1575820924564654,-0.066870916412095902,-0.21255759548388375,0.97485770712464315,-18.798060874945584,1.7333952875150664,-3.7376640593355299,,0.3813133804340196,0.25,0,4
-0.94686667579917683,-0.28772026567959946,-0.14373777157823822,0.31788284611823842,-0.90517588594417808,-0.28214732259750652,-0.048928462113431416,-0.31284766935752256,0.94854221907766545,-6.0531377910214239,7.8083122549519697,-2.8188054974626824,,0.3523438657314428,0.3188405797101449,0,1
0.87075179745677622,0.48963120929484893,-0.045305475499734897,-0.48953561368126569,0.87187183944602231,0.013941969685670495,0.046326991738077541,0.010038648587998817,0.99887588586922393,-11.665664235513439,14.635074108702138,-3.554919713000193,,0.5979155158717802,0.4222222222222222,0,1
0.83724202425308591,-0.54321199947603793,-0.062821305699912386,0.54554757877627313,0.83761535994336267,0.027898890270022729,0.037465078619202501,-0.057630134584239774,0.99763477058082806,-28.609557162868338,-6.1058536619211745,-4.375062318847796,,0.07625211594226117,0.4347826086956522,0,3
0.94982413967158907,-0.30095750898244694,-0.08519789600810096,0.3077131682513316,0.94794240047380596,0.081962256366498551,0.056095541550594812,-0.10406624414785187,0.99298716358627037,28.502608524694647,2.3462186145415544,-0.23720274732814201,0.2919965431674965,0.2842852137119863,0.7105263157894737,1,5
-0.3419282547918765,0.93960404180119961,0.015143091026303493,-0.93970186518589749,-0.3417594196141438,-0.012684781083996517,-0.0067433775755729062,-0.018567275940565148,0.99980487252414418,10.529139396600602,-12.320403067703637,-0.93108626113601667,,0.1919639022348875,0.3414634146341464,1,5
0.022686233236456618,-0.96520340331950794,-0.26051434709432253,0.99951981942308954,0.027398845505040674,-0.014471829373882635,0.021106051311814644,-0.26006094186830703,0.9653615079920026,4.4517668364341718,3.4354664880544905,-1.8700226096035819,,0.4812262663104652,0.5369774919614148,0,2
0.85198339032418402,0.52276016364305289,0.029088037396822808,-0.52157787167274205,0.84259228627449501,0.13414455968116293,0.045616076037323011,-0.12946061338727391,0.99053476626938708,-15.214248089633076,7.2609037514421306,-3.5222877453587689,,0.7222622042636335,0.375,0,1
-0.19572051315345035,-0.92296855742800843,-0.33139481397603393,0.98052438800138308,-0.18979495385799297,-0.05049554460102839,-0.016291263470406676,-0.33482371106195929,0.94213994567963988,1.2074228955655093,32.369542869075467,-3.1362404112791404,,0.422681846728401,0.1875,0,1
0.73378192024917688,0.67855939895822248,-0.033484856291859003,-0.6781568575997734,0.73452749017351349,0.023929953401541963,0.040833442248128557,0.0051486177616103359,0.99915270190762839,-9.844786224517426,17.624140484736071,-3.4413139676531621,,0.07863976674851519,0.4545454545454545,0,1
-0.20068972453008876,0.97441929822416962,0.10114675336536208,-0.97965061065462544,-0.19931240260079339,-0.023648408266070869,-0.0028836629582232407,-0.10383447124060259,0.99459041171234286,6.8897697324371121,-14.857307358810656,-1.1781619259113241,,0.2454825914876254,0.3461538461538461,0,4
0.29157247743109604,-0.94021006100743643,-0.17604127807161346,0.95643651120061957,0.28937761837022324,0.038597850053670835,0.014652318829495978,-0.17962637658977476,0.98362577964698983,5.8166709827078025,14.008892792775836,-2.0857972107503375,0.1420037627282072,0.1151230858772059,0.2352941176470588,1,4
