axis_00,axis_01,axis_02,axis_10,axis_11,axis_12,axis_20,axis_21,axis_22,location_x,location_y,location_z,dbh,dbh_approximation,score,reconstructed,number_clusters
-0.41635103483550129,-0.90023166774015306,-0.12741569836244088,0.9084162587064798,-0.41771737334800485,-0.01709084319054828,-0.037838032574747806,-0.12286228225547802,0.99170214423981451,1.2624489020133172,-14.702984125128667,-1.2354414411055701,0.1301029275159383,0.08753038991540489,0.25,1,5
0.88807805577123322,0.45079713770368912,-0.089996152671921473,-0.42385042156375341,0.8787772088366187,0.21932039889064245,0.17795557591099828,-0.15662872618866322,0.9714933119351371,-8.9197402120620044,-18.33217126363742,-2.6539742146708036,,0.3943464166838659,0.2631578947368421,0,2
0.99392433253325885,0.058993301225790329,-0.092920458505103373,-0.055385331223134035,0.99762527571116388,0.040942329532253123,0.095115121214343304,-0.035547147180990807,0.99483139980786361,-13.296497565962635,9.8847266096827973,-3.5529561137310997,,0.07636537670332579,0.3157894736842105,0,3
-0.042311620528983046,0.99909162723278877,-0.005064302671677884,-0.99902098097266467,-0.042373066175030505,-0.012712310543003499,-0.012915353058535289,0.0045214661632599793,0.99990637061632337,-6.8939887345650552,-29.45947955214471,-2.2828839675685186,,0.3288394264236002,0.7777777777777778,0,4
0.60652659319211932,-0.78416583681889596,-0.13118472516601248,0.79274712817656379,0.60905579110592467,0.024556752394143216,0.06064225027629129,-0.11889063750547026,0.99105374919575906,-7.831276298401991,-14.96375879236462,-2.4159711364841989,0.1617387050144194,0.1032173553616735,0.375,1,4
0.7092692289339001,-0.68899119976814771,-0.14909154077129799,0.70127669714260032,0.71115126516542526,0.049748086379086794,0.071750644124474655,-0.13983921015102907,0.98757118243297271,-2.6559103941808004,-17.635386004912672,-1.7709843502686922,,0.07068641089419685,0.3125,0,1
0.65381640356112747,-0.7429458104439034,-0.14337235848741853,0.75348979785813408,0.65659651138937458,0.033677080559509867,0.069117544502836054,-0.13004823710898597,0.9890956581983078,-2.0892921895062826,-22.030807158531662,-1.6942399653175702,0.3447276553793101,0.269485869658344,0.3333333333333333,1,5
0.11914921491314681,-0.98198706484459952,-0.14664538541484134,0.9927207564731817,0.12043874907546444,8.5956087596241921e-05,0.017577379010888707,-0.14558815954267687,0.98918912425687389,9.1478396836451612,-8.1774067713595695,-0.1419208374758115,0.1211926575384059,0.1792022372594479,0.6222222222222222,1,5
-0.71924209487893254,-0.66033988657948972,-0.21596769005189492,0.69248239473655127,-0.70651619887536254,-0.14595545110286459,-0.056204465428433402,-0.25453112760308144,0.96542993694364365,-2.342511319580983,-19.209626337994624,-1.6912494436779955,,0.5817501737547595,0.4146341463414634,0,4
-0.91058794277380228,0.40942172722752801,-0.056599008374733736,-0.40350522794682359,-0.91025863276619223,-0.092804916325618672,-0.089516085116348357,-0.061669042060428829,0.99407434317398635,5.550296253831613,17.216431826596292,-0.73460882757104207,,0.1375211075379229,0.4,0,5
-0.045092741592384598,-0.93837122411730978,-0.34267490483585611,0.9985649155695977,-0.032418324106483806,-0.042628179126117591,0.028892110500339657,-0.34410535888112448,0.9384864132954337,-6.8877250148212017,6.3064914986503302,-2.6011382774392828,0.4671526181059482,0.235140057664082,0.1911764705882353,1,3
0.64131769582280584,0.76726716823432028,0.0035644879313866166,-0.76332224738036181,0.63753560038685708,0.10434320722290395,0.077786629176996192,-0.069637998169500573,0.99453496144289621,0.10258003264754095,11.600577594637306,-1.4970855953294775,0.1370029813189601,0.2067945544242888,0.5517241379310345,1,5
-0.87997570682995885,-0.42266513731274502,-0.21678776969541771,0.46443044586215571,-0.8613586573052302,-0.20582911465973561,-0.099735231214422584,-0.28180746119599054,0.95427325146882125,8.0958755897312855,11.549801557632952,-0.30054443268118536,,0.5624853484567555,0.509090909090909,0,4
0.57858402033092227,-0.8080837949547921,-0.1106395577954391,0.81342092553511303,0.58164929522566322,0.0055222518134163522,0.059890978613714674,-0.093191618158247794,0.9938452560563642,-12.605661795794164,11.515193991505718,-3.5194512529164346,,0.07367553262241497,0.2631578947368421,0,5
-0.33609585173908446,-0.92390478170173496,-0.18286479374787112,0.94179540855597288,-0.32807868224915637,-0.073387919145782257,0.0078094088553631877,-0.19688659833094047,0.98039516549756744,-8.5024109394445375,4.968012517244893,-2.9009877249787919,0.3426364714498839,0.2191661947882331,0.7451476793248946,1,9
0.81818471162913253,0.57337089666019614,-0.042656682002181763,-0.57001653798395724,0.81862448943644106,0.070250207969151254,0.075199229258926234,-0.033162631952360376,0.99661693531710305,-0.98781854268841496,-14.496393112061968,-1.5077376763493764,,0.1029290576628754,0.3157894736842105,0,5
0.73741240427569055,-0.65312068371941423,-0.17221009993095998,0.67220950049781891,0.73454584840951953,0.09261092821483155,0.066010101202914728,-0.18405371249237232,0.98069714869421154,-0.0082198597725401425,16.37352959519189,-1.5053532869731197,0.2257607971547258,0.1404989344699627,0.2857142857142857,1,5
-0.91339562461352075,0.39980394671058483,-0.076584836172160498,-0.38409058591925727,-0.90875806638194534,-0.16319680938654951,-0.13484381611730811,-0.11964773704666555,0.98361657381041201,7.7519886384104835,-6.5970987260209952,-0.30965881129677153,,0.542719939068331,0.42,0,2
-0.9941561825453189,0.080897967396893936,-0.071477294142754402,-0.054408675991344163,-0.94737106385922842,-0.31548021069332127,-0.093237227992833779,-0.309747616993714,0.94623635159664388,-27.114444045695485,-2.8781437811330508,-6.1533412466393944,,0.7180593528869122,0.1714285714285714,0,1
0.84407849236734867,-0.5254988816607391,-0.10668844406109568,0.53102926198485023,0.84681189979480498,0.030290745810219559,0.074427290953588077,-0.0822224527682483,0.99383099499969507,2.8765437100961173,2.4564404575056611,-0.91524388675895096,0.7229901274615893,0.7281477793976798,0.8416666666666667,1,5
0.77317708485105086,-0.58706965145141554,-0.23988834862482095,0.62747158958991378,0.76306107933733214,0.15497481556063261,0.092068451267178095,-0.27034609955621519,0.95835086828155147,-7.9487963011472358,-11.829780941366641,-2.4274760503744774,0.5513529614511914,0.4913882897473355,0.1830985915492958,1,5
0.99354748411444815,-0.059398808687925825,-0.096618726633646526,0.063579528941663147,0.99714321573528975,0.040780520014383301,0.093920393469194605,-0.046660356187479955,0.99448568157166073,-3.4274814220311303,19.640290689650211,-2.1540594765277703,,0.1590748962186158,0.3939393939393939,0,5
0.85102018861474282,0.5215905157101649,0.060893123514337191,-0.51947529241726487,0.81919686089966126,0.24302659043845132,0.076876909004754482,-0.23845300797713956,0.96810645274604445,-0.066153489942658489,17.46348776780658,-1.5445302147541846,0.3869106949232302,0.2397987437421167,0.4411764705882353,1,4
0.89762576068550437,-0.41695971777616858,-0.1428726268596876,0.430820358506809,0.89845864301421408,0.084651553376895283,0.093068858646886576,-0.13753785131764537,0.98611435797532676,-12.195011876034366,25.987269969200973,-3.8906479551390021,0.52568910736823,0.4615219233036554,0.3448275862068966,1,5
0.53637277588604415,-0.79521011255550444,-0.28274568463154565,0.84307534386676708,0.52035253010312776,0.13585731109957158,0.039092324722787321,-0.31124607837647594,0.94952497009980341,-8.7163951170711638,19.643366209253777,-3.1641698306385506,,0.4325051901574193,0.1,0,5
-0.91309218332248865,0.40218410817701755,-0.067161059292034406,-0.39217785050084286,-0.91130801424492003,-0.12535643880359568,-0.11162077912248017,-0.088122904530197388,0.98983592345663651,17.255048062181878,12.539493101970349,0.91727300750176011,0.7205773159316887,0.6069721662207972,0.6493506493506493,1,5
-0.60644187940026284,0.79492782273780405,0.017832653947534832,-0.79426233207984354,-0.60458327174807269,-0.060219725684239646,-0.037089011156488653,-0.050683568932460357,0.99802584189574095,19.833008299576424,11.33635312918258,1.2014359643637518,0.1427686987474341,0.2032577689747256,0.2285714285714286,1,4
0.94101006556643407,-0.31133438594617757,-0.13255548510027937,0.3238255020804871,0.94221412215451061,0.085846329070749475,0.098168735883549851,-0.12370710626362426,0.98745098671017806,4.9823841942694544,-14.166617557432286,-0.78537410629753646,0.2972331499016328,0.2732747738876499,0.6774193548387096,1,5
-0.51559618848998812,0.85673782283203603,0.012683585597949749,-0.85507203308552193,-0.51353271921478738,-0.071665644006447593,-0.054885231616430982,-0.047795912219457823,0.99734806468229587,-14.659420199206474,19.796970616659298,-4.3593014139748982,,0.137584235011025,0.2666666666666667,0,1
0.87514928281974835,-0.45126259409067826,-0.17457320514509461,0.47504861464474002,0.86986602009025704,0.13289815956757542,0.091883330937622507,-0.19923648829189736,0.97563429379502586,-6.6802852105437953,9.1666959502743151,-2.47149948362329,0.6643943287858463,0.6842366602870358,0.908695652173913,1,5
-0.00074292315123168596,0.99618028628779443,0.087317153393596247,-0.99995489218300837,8.6752792269899139e-05,-0.00949768778296913,-0.0094689843415802083,-0.087320270759557839,0.9961352863190911,-24.410025813746721,0.83140604051655875,-5.6996082578725344,0.1843762023910177,0.1624703379765254,0.2926829268292683,1,5
0.33386021103629776,-0.91473136916208242,-0.22760466110706853,0.94191762666053236,0.33307603379202833,0.043029528228462094,0.03644919852330146,-0.22875068958199118,0.97280243520602605,4.3547316914937531,13.414564467313856,-0.90655485661880142,,0.3523959264826909,0.3733333333333334,0,5
0.68760880347217312,0.72162171757189397,-0.080350669668372746,-0.72306898652109519,0.69062024066403316,0.014660283643547762,0.066070977886835899,0.048018537188699022,0.99665884131298133,-1.2830092457273632,-10.149452787439181,-1.5134490275067678,0.249087137272682,0.1909894472006346,0.2772277227722773,1,5
-0.47084049240411197,-0.86490000637418218,-0.17394599646613065,0.88160914222221465,-0.46860507096129572,-0.056343658201894214,-0.032780345679481369,-0.17988125650912248,0.98314199508200983,-16.313623557067253,21.152153651151867,-4.6258468145596812,0.7353393356344458,0.5374573456451217,0.6923076923076923,1,4
0.85746452123370087,0.51417058076556843,-0.019575717117341095,-0.50926260216623709,0.85348690702902863,0.11050656797174933,0.07352684448779874,-0.084786280760628191,0.99368259003287684,2.8934630905097491,25.201765641518072,-1.2437525637595854,0.2544869200436233,0.2471083860920858,0.7391304347826086,1,5
-0.96829752402588354,-0.22503335712259645,-0.10844304102835747,0.23325090441935198,-0.96988849148539169,-0.070073744524934312,-0.089408727498484955,-0.093146670720565455,0.99162985895987232,-19.233256368816679,11.505652450612605,-4.8136138087036731,,0.1988686848199778,0.2325581395348837,0,2
0.095352763192364867,-0.97197573163369588,-0.21487444628601587,0.99537316615556315,0.095664987768049756,0.0089705190924445049,0.011836834417605387,-0.21473562170836952,0.97660048234704933,-8.422587653952661,14.963272308650541,-2.9198968057491292,,0.2724209427324761,0.5714285714285714,0,2
-0.95256256882546819,-0.26414719640068884,-0.15116484745562034,0.29175576668879283,-0.93392752965631765,-0.20653799155090574,-0.086620581136700736,-0.24084357575759252,0.96669087455082392,-15.354364094376733,23.716471017963222,-4.4474151877367651,,0.1731327626399203,0.3571428571428572,0,1
0.98397659077493627,-0.13958578282868253,-0.1109318621453637,0.15507955382505628,0.97702773158013034,0.14617504475390697,0.087979547579852629,-0.16103608587980869,0.98301931733417902,2.9179442812923697,5.0712078416262383,-0.92064047181558284,,0.5389715720166341,0.3813559322033898,0,4
0.23815539064623453,-0.95785980053949771,-0.16058210490765554,0.97078588031137913,0.23975390466353122,0.0096353405052152785,0.029270881336243556,-0.15818554835706161,0.98697545450572144,-8.3154475994320727,-21.023499924788272,-2.5037446604683398,0.1399228233725852,0.1367436250521952,0.3928571428571428,1,4
0.64412459287777402,-0.74297595796668414,-0.1819072146274891,0.76276219326699679,0.64173256580067639,0.079832014338876767,0.057422516250715809,-0.19017370973499542,0.9800696989260852,-9.704515209630916,-17.092536187518341,-2.761538746462072,,0.1016317952574825,0.2941176470588235,0,4
0.75290157981477845,0.64697424588029273,0.12067947746008294,-0.65490412522088859,0.71836281509677258,0.23463898366406163,0.065113730357541838,-0.25569354910491549,0.96456260090522805,8.3022900267339619,-1.8687889978575345,-0.1573242682094379,,0.758055365139721,0.3934426229508197,0,1
0.90262251051479425,-0.41287495882559017,-0.12168349060878869,0.42101837112245916,0.90566917540968694,0.050068711688344633,0.08953286932385833,-0.096424131250982231,0.99130532744615651,-24.465381108314283,-2.2540812411442079,-5.6809744137543641,0.6372534045421919,0.3252477340698298,0.4455445544554456,1,5
0.89181050788071614,0.4508878543220135,-0.037069675725980682,-0.44178044979363734,0.8855871369497319,0.14340661438478811,0.097488728649367765,-0.11151486759202386,0.9889693534646371,-4.1953807236204748,26.603680553553438,-2.2861502223387773,,0.4249547768252585,0.4,0,4
0.87223059738077946,-0.45257300528717964,-0.18544934585514106,0.48173494258279242,0.86048489920355697,0.16582274674301586,0.084529462837065111,-0.23397310342852512,0.96856148838599909,10.232640056248306,14.081420850990996,-0.088077674947835832,,0.1283830806966945,0.21875,0,5
-0.87592643300913553,0.48213330525708192,-0.017330894892475156,-0.46908814806931504,-0.85952089100551099,-0.20292892170903853,-0.11273505797573742,-0.16962108915749299,0.97904008744087323,-8.3120338592329901,10.032778947543299,-2.7388086832329472,,0.186541553206806,0.2045454545454546,0,2
0.48178391012190486,0.87406099309817875,-0.062463143467760114,-0.87489964736877834,0.4838097650177216,0.021879632252033591,0.049344411858240678,0.044107727415074668,0.99780741498579839,-3.6495493301275204,-22.332625772082011,-1.8992014363546883,,0.1052844152981567,0.391304347826087,0,2
-0.10567895438988142,-0.98123838539237684,-0.1612550452904441,0.99439697637536295,-0.10386050512189922,-0.01968880015034731,0.0025713760125197077,-0.16243222127516982,0.98671635312130945,-16.577188768488998,25.901848767573252,-4.7688378555917872,0.2988764106447159,0.2676156322858384,0.4444444444444444,1,4
0.07371922983521427,-0.94971360602075361,-0.30431815866221168,0.99721455605380105,0.073668579674252097,0.011664885905906442,0.011340385660209762,-0.30433042389454684,0.95249902296288047,-4.983369622011721,-22.278291430188119,-2.0625325422191869,,0.2930098995395908,0.4210526315789473,0,3
0.71670897675630618,0.69615621104213521,-0.041167614266372575,-0.69602654214919923,0.71774406885291198,0.019761180387146159,0.043304679432549321,0.014490736831587069,0.99895681752782473,-16.571741897564493,1.7409840397672802,-4.305697904965875,0.4640257642621968,0.1980304403153356,0.4615384615384616,1,6
-0.1387606669113125,-0.97326420798405866,-0.18303622257764177,0.99031318130057611,-0.13730664863919548,-0.020656407766258444,-0.0050279479572905451,-0.18412948079174266,0.98288913619120999,-19.852257868184907,-4.8756096707691565,-4.7764036486428143,0.5853399776750735,0.5858911501897179,0.8016997167138811,1,5
0.31888798556943365,0.94642700658991186,-0.05085640428430914,-0.94741578608620836,0.31981457890997783,0.011043703694251861,0.026716678950078652,0.044660455818251066,0.99864491324593718,-10.629828421396143,3.5872060471511493,-3.208619251086458,,0.1285433676490631,0.6409090909090909,0,4
-0.99056685144138357,0.10407062258798223,-0.089143807074047024,-0.10250893660748231,-0.99449023420624638,-0.021933809154123112,-0.090935310749501008,-0.012588867405612793,0.99577722894045739,-4.626727490776573,-5.5450411576727099,-2.0096212168925724,0.1414216524167582,0.1197580897903596,0.5903614457831325,1,5
0.97701151068106651,0.19355374359408781,-0.089361380570208759,-0.1928919363963652,0.9810884650304823,0.016066258350722791,0.090781104145963076,0.0015401703950081299,0.99586967972982943,4.8331033959043754,-9.5573931082453853,-0.7024048055069515,0.2515890067832041,0.2319465305239192,0.8461538461538461,1,5
-0.95434186245995078,-0.20006486535979004,-0.22182348659472598,0.24973676262019123,-0.94180912342545919,-0.22500472090281443,-0.16389984427221935,-0.27012890382396376,0.94877142472062492,-5.750799104161727,-14.19293490097699,-2.1120962730899895,,0.3134734004842458,0.1666666666666667,0,3
0.993461059363272,0.088956870012665362,-0.071566743717687675,-0.081675784124034548,0.99173682749345715,0.09892993116814941,0.079775872395903974,-0.092437764310699416,0.99251754136272563,11.737041606883068,13.378302245109374,0.10901080334450661,0.3483470039778243,0.1965216955306755,0.4426229508196721,1,5
-0.74171465753736177,0.67021438386261789,-0.025923858854088343,-0.66586477518026921,-0.74044025364538779,-0.091500447844173216,-0.080519984900424543,-0.050605438889573515,0.99546753919273012,-14.746918276467706,18.88305753970948,-4.3539420285511534,,0.1397588153414707,0.1904761904761905,0,5
0.66324082207603985,-0.73267529681637578,-0.1526385317242519,0.74483709375661056,0.66609796338336802,0.039130639411288505,0.073002162270071419,-0.13964387781627202,0.98750709956553162,-4.145179608603538,-16.110069202910626,-1.9392533559222145,,0.1203635293334013,0.1666666666666667,0,4
-0.40120562785066921,0.9154067830637741,-0.03262615058174078,-0.91496022731778937,-0.40218800600038224,-0.033054353056977667,-0.043380025444080691,0.016590037681351574,0.99892088978166915,5.4363450972945637,-16.884453561230032,-0.69698937586967669,,0.2032457317945044,0.5294117647058824,1,5
0.98767447829933097,0.14515449030055241,-0.058560215690603247,-0.12720878715750111,0.96239776520381548,0.24001763685324845,0.091197858451066385,-0.2296099202479871,0.96900063732571939,-10.65108459581324,19.656162170227642,-3.5832796355953427,,0.2490535730878382,0.3333333333333333,0,1
0.68896491530949211,0.71445625892645681,0.12198196404959431,-0.72250828143291268,0.66363775833346916,0.19382133261069942,0.057525027018194161,-0.22166907721858703,0.97342369576234189,-0.41690264759001389,17.18837432336467,-1.5930591973203025,0.3822653380509634,0.3977719614641751,0.303030303030303,1,2
-0.35272043294713645,-0.93047869352623236,-0.098983317156479678,0.93538012296627682,-0.35349806767570241,-0.010155870673501512,-0.025540590071045737,-0.096169210474350536,0.99503726624461775,-24.134520162341367,10.488975063252768,-5.6883103730455531,,0.4547791948539913,0.9130434782608695,0,1
-0.58191491411344609,-0.75611992544869178,-0.29942894160686256,0.81183708250718434,-0.56178802179183174,-0.15910615964645672,-0.047912255202234751,-0.3356737655979174,0.9407590227527719,-16.312958370230344,-18.110032965538934,-3.7266390283467872,,0.3529044487241266,0.2941176470588235,0,1
-0.2075012303286925,0.97605296496863647,-0.065298154552892812,-0.97789523327879702,-0.20872509939053743,-0.012439679056094359,-0.025771149425030362,0.061273505370142374,0.99778825679448091,5.1781276389389195,-10.559117907875518,-0.6639908788819,,0.1263168380803808,0.5128205128205128,1,5
0.56997434876947795,-0.79340689430437095,-0.21362289628010961,0.82052867607057922,0.56326789637248076,0.09727265115120054,0.043150127354067432,-0.23072662825606705,0.97206136098649365,-9.7810827876946735,13.753773628202101,-3.1229272416645633,,0.6674599335178804,0.71875,0,4
-0.99369386778954938,0.076937330526028233,-0.081566808745796207,-0.071985606737733285,-0.99547642433912853,-0.062006136854204641,-0.085968421760812902,-0.055743481740115966,0.99473719881355749,-7.9741811734321502,-7.2994760992673671,-2.5529388108120425,,0.09311352049271196,0.4234234234234234,0,4
-0.94167668908988822,0.33379968505928231,-0.042694068429119027,-0.32468284007367404,-0.93456600129232859,-0.1454903522236457,-0.088465058562119808,-0.12314284178461823,0.98843804759368159,3.0619397722584605,-12.95151936393613,-0.94579785917540371,,0.1855163222463676,0.2352941176470588,0,5
0.98644563936908058,-0.1135970660163997,-0.11840906706072171,0.12354142128835485,0.98908404787425253,0.080313532276545002,0.10799313772540356,-0.093853358134635426,0.98971158898492884,-24.337715418039263,-0.56893715989766269,-5.7082702785607484,0.4757912307183461,0.3654154485530306,0.9753086419753086,1,5
-0.99460763206745495,-0.0378583539249428,-0.096552593291242259,0.043725114487558066,-0.99727687843300983,-0.059388063665705773,-0.094041334508928709,-0.063289594571349042,0.99355455543355731,-3.5119424468431757,-25.50791196533233,-1.8310660154342959,,0.1822474891237623,0.25,0,2
-0.74917180724082588,0.65685427274898234,-0.085346749246353479,-0.65810058514667091,-0.75274746651809576,-0.016579248481060585,-0.075134699474499522,0.043746040072140578,0.99621336113951131,-1.2623559062929808,-21.496896483468884,-1.5651433133996508,,0.3330442530854471,0.6774193548387096,0,1
-0.50408185803497518,0.85484468382635248,0.12305302488695606,-0.86293274195459757,-0.49269205258810489,-0.1122569560394325,-0.03533501468410799,-0.16277317914921607,0.98603059226726331,1.7906473824928149,17.789202276280015,-1.2652303725808223,,0.4226644339002837,0.25,0,2
0.94552161918168354,-0.30564918677446473,-0.11210460420587927,0.31317169646838056,0.94800363116454156,0.056679836185024084,0.088951426020974778,-0.088699999565688067,0.99207860267515224,0.82297511468959728,7.0846861593240211,-1.216725327197145,0.4738818178067085,0.4881382183189026,0.6758620689655173,1,4
0.65376921993602399,0.75594648378797002,0.033626190876262979,-0.75597377743574223,0.65056334669289295,0.072601513546738203,0.033006891610345757,-0.07288515341512955,0.99679401057484052,-12.086767449281783,19.981098678724354,-3.8453846398605767,,0.2471635250345756,0.2,0,5
0.86272641289555463,-0.48518952986095853,-0.14245791169910871,0.4991480858377294,0.86220894526047898,0.086295556764777001,0.080958785174307171,-0.14555705007355119,0.9860318556096378,-6.2516287463775679,19.319121745384169,-2.6311589563934428,0.1714450055049405,0.2266964601506227,0.7857142857142857,1,5
-0.98106152804954772,0.17697596994196679,-0.078726007419319288,-0.17208916205570818,-0.98292829054162822,-0.065094515559122407,-0.088902184922817193,-0.050313832253295547,0.99476877705320865,-1.4345312691958576,-13.030116117167609,-1.5356041864886041,,0.07269313699635635,0.4067796610169492,0,4
-0.89950343581050618,0.43035224926816318,-0.075435472524061353,-0.42836750354751152,-0.90264660719118428,-0.041597889738749803,-0.08599331874958778,-0.0051033396984129543,0.9962826431562255,-11.793610309571203,-8.0937614462175329,-3.2247809438764974,,0.1328378567095359,0.5360824742268041,0,3
0.44226151472961006,-0.87186806941298811,-0.21035879379559988,0.89559764940512343,0.44187493427336211,0.051491677394793031,0.048058328821219826,-0.21116962849562584,0.97626727131043911,-7.2969418068120779,-22.077507645905268,-2.3535852941988136,0.3165494062786871,0.2328483210238594,0.4,1,5
-0.83673289251199656,0.54703649497093176,-0.025082658519930332,-0.54141470916376411,-0.83326757648242022,-0.11196096946808116,-0.082147302388005022,-0.080101305563852712,0.99339599433324777,-7.3961150463617331,8.0993557477802245,-2.6028612162648734,,0.07756886627742543,0.28125,0,5
-0.70765367660833112,-0.64399404193628651,-0.29068530739147469,0.7039643107718534,-0.67785109776978925,-0.21201919349861023,-0.060502257331618153,-0.35466824386016843,0.93303264340264236,6.2101034458354425,-4.315293410056829,-0.44592612361925626,,0.3211765722062082,0.2727272727272727,0,1
0.31803166295536395,-0.91295986017844355,-0.25565632216083078,0.94763896366908662,0.31433315696736364,0.056347679340946852,0.028918089390988715,-0.26019023835241667,0.96512423240331446,11.542342354038466,6.5817778282913597,0.25636367148214778,,0.237779939216137,1,0,4
0.75372308687699574,-0.64856792288413767,-0.10611860211276271,0.65432373539115873,0.75565557272176598,0.029070684861203275,0.061334799358703007,-0.091347166460125556,0.99392843684408794,-16.59467910150131,18.094730888845721,-4.7300877184303012,,0.1622187859090252,0.2083333333333333,1,5
0.91291792203253141,-0.38025811458173431,-0.14827216167086191,0.39846145201744065,0.90902732463577673,0.12205652101250138,0.088370463889007378,-0.17050832636638902,0.98138553675493634,-14.426775063251505,-15.326900281579492,-3.5232713501453747,,0.2140308630675546,0.1176470588235294,0,1
-0.39383985412438294,0.91694346988410114,0.064069043540467691,-0.91787324385590774,-0.3886097335081396,-0.080567879680223581,-0.048978337218806435,-0.09053810280560444,0.9946878778911723,-11.843528778477504,22.776930800386651,-3.7261811287685287,,0.2307280455763026,0.3571428571428572,0,2
-0.9878296170628299,0.10155067183537235,-0.11781387313592337,-0.075843979732042641,-0.97578530522439699,-0.20516025162427606,-0.1357952075439646,-0.193727899792248,0.97161163149180974,-12.661800605527844,-15.559092341057431,-3.1931500147897851,,0.3567079550439406,0.34375,0,3
0.90489559042899503,0.41694378497047063,-0.085567812854241518,-0.41351717998215515,0.90881367519781597,0.055328524587637491,0.10083408293710348,-0.014682777255568656,0.99479490538014759,-10.975019778289946,14.324300210283461,-3.40064624684568,,0.1142131375084823,0.2857142857142857,0,3
-0.90431005359458216,-0.41419003254714964,-0.10329542054881792,0.41922331704818111,-0.90731905892629527,-0.031998996112761413,-0.080468238522328525,-0.072240862728066305,0.99413586613773297,-2.9310230640093593,-14.298482353089401,-1.7633299079021469,0.318491885709798,0.3166307020754001,0.8802395209580839,1,5
-0.94413338996185914,0.31544262225204744,-0.095436334935284486,-0.29965579570852646,-0.94221037112342154,-0.14981996077210058,-0.13718070584968384,-0.11285197656317794,0.9840964817172988,-22.183084412580282,27.985136738436182,-5.7915403169455786,,0.257826426170559,0.1875,0,4
0.85938271829070645,0.5056634895419454,-0.075932725800804207,-0.50526686577339341,0.86257830428460103,0.025769426245732162,0.078528579859875991,0.016220490799153661,0.99677989437158399,16.992453627788883,4.3493990972734329,0.88689829033533096,,0.08952747409957283,0.7222222222222222,0,5
-0.91852153562861794,0.39500035039328157,0.017114665513256928,-0.38527214752888422,-0.88449991681018003,-0.26310695449050103,-0.088789418991947325,-0.24826320780971481,0.96461485512255241,1.7477579346868144,15.480756600028791,-1.2435458627234555,,0.4897199738213827,0.1851851851851852,0,1
-0.22089372686136832,0.974740330492887,-0.032973467271624805,-0.97488662719277785,-0.22165606812715835,-0.021555778415509732,-0.02832005568471329,0.027383856065685989,0.99922374815302939,-14.7491797950755,-13.906454664156261,-3.5040054893658859,,0.47757896992112,0.8,0,1
-0.47320264304721671,-0.83747083289334479,-0.27335300010436464,0.88036491305230424,-0.46088713338151455,-0.11198513361058116,-0.032200597502811602,-0.29364205137598803,0.95537294664657746,11.496346254008751,8.7101708511079448,0.22824615072530424,,0.4379677750185593,0.4623655913978494,0,5
-0.55129624612556016,-0.80637917600496878,-0.21406791799196034,0.83298747370581139,-0.54643490228798786,-0.086837585242373741,-0.046950161416923319,-0.22618912897631491,0.97295126305270807,-0.44297364845369641,7.5627243494307406,-1.4245086601122718,0.7900135640078845,0.6618682011310554,0.4935897435897436,1,5
-0.21825624031124133,-0.92958654895228698,-0.29704050493523504,0.97587153990588049,-0.20594939436594606,-0.072522993333325111,0.0062410869988489704,-0.30570197082661682,0.95210679751054972,4.0258186915645187,31.77834165794911,-0.9276505983213299,,0.289278821239986,0.25,0,3
-0.58884886818507365,-0.75558581739183295,-0.28696181452150438,0.80669087831038711,-0.57142184350635528,-0.15075444807572114,-0.050068326195058417,-0.32026106432114848,0.94600529247563458,-8.2105443296523379,14.011962920616499,-2.8275770239751621,,0.1379030797512266,0.1818181818181818,0,2
0.98222636508230643,0.17879787518780085,-0.057119940174404818,-0.16794668704045415,0.97306506472147236,0.15791861869561874,0.083816931758063054,-0.14551872610397606,0.98579867229761475,17.347570883749512,21.490947079759817,0.8232585691054054,,0.2423026239096238,0.6,0,5
0.14452629027233702,0.97582115406956405,0.16396715125433164,-0.98923461898361686,0.14633433995025005,0.0010628055624355077,-0.022956916701838071,-0.16235558574212733,0.9864652268346189,-0.13737541428385672,-19.258670742159566,-1.3854831313021398,,0.4676110172950654,0.1333333333333333,0,2
0.85892271661476982,-0.4619563415077545,-0.22101607503499429,0.50541080698607044,0.8342381396700993,0.22046914183499774,0.082532921096930958,-0.30106986707497357,0.95002381658286061,0.31427084162474772,9.817526607837463,-1.38507107450878,,0.1554278112302238,0.2978723404255319,0,5
0.93128837463211467,-0.34123891571073456,-0.1275067279779267,0.34919753674809362,0.93593432898273465,0.04569477169986276,0.10374508954229414,-0.08708004499425194,0.99078454880950817,1.8590460462878413,-20.431477559071819,-1.1704615945475103,,0.2243703065521834,0.3428571428571429,0,4
0.18208915328010372,0.9827894162039077,0.031120791367166334,-0.98323767672000506,0.18168912662902612,0.015255567607592526,0.0093387009794205257,-0.033377007990014439,0.99939920152142037,-10.459533190695268,-8.5119519269309549,-3.0133073235883359,,0.07755043479595768,0.3818181818181818,0,2
-0.14872810799584563,-0.97743864226159727,-0.14997883352586736,0.98886894207738474,-0.14765991492955885,-0.018296582132962085,-0.0042620754015937805,-0.15103062648615076,0.98851989589308231,-28.75331643169153,-0.218588896406191,-6.4578919606544645,,0.1306305950733662,0.5,0,4
-0.6050217647825834,0.79580574972121565,-0.025335209689728071,-0.79380481885679999,-0.60536034788849069,-0.058418822001548368,-0.061826965792374088,-0.015233447245442731,0.99797062501154243,7.7380136263667287,-11.230225219870148,-0.32940058424502494,,0.07976322041059711,0.2068965517241379,0,5
0.31609097384716489,0.92457168322466954,0.2127291677966445,-0.94816692794217416,0.30014356124437308,0.10437106591506043,0.032649242090003666,-0.23469351337999783,0.97152096311314939,10.373375187621166,-4.0011400863384115,0.08287560620301615,,0.7157723137388583,0.5,0,2
0.79417801934343824,-0.59700593979075178,-0.11342478321026168,0.60767930418368199,0.77939333799622734,0.15255126336394129,-0.0026714899531119387,-0.19007875352511083,0.98176521154488383,-14.977617752711845,6.5793924346224717,-3.89839363641561,,0.2082418079340557,0.375,0,2
-0.913724241485799,0.40623422504868434,0.0090423957166233665,-0.39427711354917738,-0.88100952145959477,-0.26147233281719162,-0.098252573770512899,-0.24247881865563053,0.96516861441451718,-21.5243544723062,-1.1892454846175609,-5.1457136964295307,,0.2184066392004265,0.2647058823529412,0,5
0.80355429139082268,0.5937160338124966,-0.042447284734745329,-0.59078274100855865,0.80422048444558825,0.064847246082769525,0.072637825640701564,-0.027031159650722534,0.99699200733713467,-11.266502503699128,-24.273851139459481,-2.8673597710873033,0.1461830332229903,0.2110058358423172,0.5555555555555556,1,3
0.24232250883594539,0.97013505285358093,0.010852692579902913,-0.97008040037301169,0.24210604673822161,0.018129504817516188,0.014960565617364776,-0.014921171454371327,0.9997767451380527,-16.224012557707862,-15.624400727122241,-3.8618765959451657,,0.4117877439105828,0.1666666666666667,0,1
-0.31528708892710072,0.94899161389398878,0.0029947144699742829,-0.94827782321184517,-0.31492403130557678,-0.039900181839789536,-0.036921830405312051,-0.015419833498657373,0.99919918293320986,-13.423813587960291,-13.716622360073442,-3.2562190998017551,,0.1118097487000125,0.3478260869565217,0,1
0.92696100999494291,0.36694689887933968,-0.078059332254321726,-0.36593386314880944,0.93023659057652208,0.027427966631812819,0.082678254397049913,0.0031398973555076134,0.99657134581245765,-10.165176502328421,12.002362855225362,-3.0847389932583873,,0.07470699002142522,0.4259259259259259,0,5
-0.60666213457774931,-0.77591423885836253,-0.17296863416936628,0.79488081318935011,-0.59513574892697085,-0.11822830952259349,-0.011204788842527029,-0.20921408720729254,0.97780566495649446,-1.4121968775977445,21.894455400291797,-1.9081624907954216,,0.4182639752987622,0.3421052631578947,0,5
-0.020183800437722339,-0.99315220596943155,-0.11507089109736784,0.99975611888689564,-0.019017182377443789,-0.011227177857086794,0.0089619723332432892,-0.11526943459770735,0.99329383391795145,-5.9707210857186173,-18.328098621797725,-2.2212142890476749,,0.1043364637148461,0.4285714285714285,0,5
0.69092219667064791,0.72148909186527643,0.04560710983197936,-0.71607557819679879,0.67434263262254668,0.18027140687811258,0.099309035127362527,-0.15721165397995318,0.9825590116603482,-14.072915912074356,14.089894759133038,-3.9567313786459573,0.4920387209018405,0.320874644320671,0.3043478260869565,1,5
0.25689369442983168,-0.90688070802986176,-0.33402546484579093,0.96558526823912771,0.25537898037042428,0.049261203238775773,0.040629047758491237,-0.33518496056389069,0.94127590147098694,15.880178698335992,7.3110390230445388,0.75388989810358842,0.3272013309255201,0.2402173382834706,0.4827586206896552,1,5
-0.75023257172581337,-0.64889309978623266,-0.12684176509133743,0.65806560768792965,-0.75141654044592976,-0.048195837191457605,-0.06403705411703059,-0.11962829010766646,0.99075139561139536,-8.8437456387309332,9.2924166625946274,-2.8092244794302617,,0.07350746376874664,0.2258064516129032,0,5
-0.83815363976842694,-0.52313820750080808,-0.15435314054394725,0.54024700344066989,-0.83518254917132384,-0.10297225273376429,-0.075044329674631843,-0.16969539007448292,0.98263514244665306,-10.126554995322522,7.0358712169466244,-3.0447975517595149,0.313322310820921,0.1788998613356473,0.2142857142857143,1,5
0.80922257149330457,-0.55996340999487082,-0.17776335182674663,0.57734709327646372,0.81397333302749053,0.064169673564201349,0.10876195874928754,-0.15455870272176248,0.98197884078119713,0.072491871351638412,-14.434131117174624,-1.3756546430474508,,0.3462162089829104,0.2916666666666667,0,3
-0.34448492643710904,-0.93025515267191594,-0.12631502834172612,0.938486649439087,-0.34467207575771697,-0.021070572309822667,-0.023936254556978856,-0.12580346227436687,0.99176637601683493,4.6308158150269438,21.403200856504899,-0.9025701828767948,0.1928434582862157,0.167816211014653,0.5238095238095238,1,5
0.57842551450182966,-0.77999039315639129,-0.23882820343718197,0.81349436554260957,0.57324630071971072,0.098059145119639604,0.060422192973451756,-0.25100530929624865,0.96609807644015788,-23.259243356608589,16.524725972104044,-5.9397929489114683,,0.1319792679946233,0.1538461538461539,0,1
0.1219133838660215,-0.98492254724628758,-0.12273835081269593,0.99228281532774221,0.12376519666827684,-0.0075492051841510475,0.0226261185267322,-0.12087080714360725,0.99241035199199068,-3.3709073969246974,-15.561549574852554,-1.8244192990532067,,0.07879289240090555,0.2758620689655172,0,4
-0.15492600694976458,0.98511265254387059,-0.074504994252614212,-0.98772387867844924,-0.1559789258600173,-0.0084920065918566226,-0.019986792113853426,0.072274729231840251,0.99718448225765244,-7.3611578264450062,-9.9049928262739879,-2.4114007353463771,,0.08928056517735493,0.4342105263157895,0,5
0.95024698947243957,-0.25067864794133649,-0.1849077458217171,0.29789016713839545,0.90484079728140876,0.30417853293321589,0.091061008784352762,-0.34412693448994691,0.93449694790177218,7.8338343187902817,16.393904785718725,-0.3830488905406883,,0.1704728669063675,0.1538461538461539,0,1
0.50738077586786601,0.8605771364479623,-0.044404284734112148,-0.86027597466423311,0.50884037228667234,0.03172889765914904,0.049899856665389958,0.022101306617175326,0.9985096577152307,-14.771314030145296,10.628215065450942,-3.8271045905911714,,0.1918795639787541,0.5084745762711864,0,4
-0.27506672880832983,0.95931522501728139,-0.063659985491106685,-0.96084943679836421,-0.27658981525891202,-0.016322803046891134,-0.03326641710421134,0.05667780116663089,0.99783814937491977,-19.699046036158599,10.597707749037612,-4.846358167353781,,0.3971794938022614,0.84,0,1
-0.87059399189047271,-0.48011806557130221,-0.10748369362969133,0.48637079279233497,-0.87279974606054589,-0.040792832644974304,-0.074226364606965245,-0.087790924295829631,0.99336961922967848,-13.723144599804234,-5.0405508053324182,-3.6650677810561727,,0.08295249420752869,0.375,0,5
-0.30065026249292004,0.95363629871849698,0.013683180530250874,-0.95320728293338319,-0.29997619467400866,-0.037552075730350624,-0.031706394082186118,-0.024332948760611241,0.99920098687847481,-11.967657116051555,-14.406320253049431,-3.029270641413893,,0.1729451464433154,0.3888888888888889,0,3
0.43033650713304333,0.90186096691965356,-0.038174428290143073,-0.90206331687706276,0.43121161983141393,0.018393239712445338,0.033049402010981686,0.026520468870577556,0.99910179749493011,-14.299595245434686,-8.6082008007836599,-3.6924267411816545,,0.09594489156416013,0.3809523809523809,0,1
0.3721872287904075,-0.90234633760510607,-0.21736548423328059,0.92731009474363624,0.37151264623486069,0.045544943452805658,0.03965671332655709,-0.2185164540674753,0.97502713007890784,-12.681525314158387,3.1703286516724751,-3.6265593269085032,0.477514397724412,0.3312514685808476,0.6770428015564203,1,3
0.990276752260417,0.11697007339046663,-0.075299109314722223,-0.1046803101292029,0.98306426052801765,0.15042171500071577,0.091618702260049326,-0.14107679328483289,0.98575014673732275,-14.849434354524886,-16.01557208531452,-3.5824877038305121,,0.0828657584697939,0.4615384615384616,0,1
0.63914395288049508,-0.68723250993812146,-0.34526292123604396,0.76620659644699418,0.60779802566625318,0.20858813858251651,0.066501571841647011,-0.39786057517722967,0.91503251508470207,-35.098537236015012,2.680417415932093,-7.5382504125715002,,0.5847034231572872,0.3157894736842105,0,2
-0.72049167423484328,-0.67827663365492086,-0.14433487311118018,0.69077005279112036,-0.72030251204913232,-0.063253658413266231,-0.061061293183367366,-0.14527594217026266,0.98750514889863561,3.7318012413292636,5.8935431513303858,-0.8057792495018079,,0.08815734843478618,0.7083333333333334,0,2
-0.98427063467164688,-0.11221962100831255,-0.13644806478592705,0.14116416548072144,-0.96396338546937332,-0.22549339205075677,-0.10622615547597188,-0.24120810130502554,0.96464224236637042,-3.9977267643918903,14.009102213696194,-2.0926168847238977,,0.3695404921316959,0.4583333333333333,0,5
-0.64128704499096845,-0.75536175461174615,-0.13483154525783983,0.76504924186599677,-0.64290840533868798,-0.036992429835441071,-0.058741667043218218,-0.12687553749533684,0.99017776915978772,21.855920561057452,-0.05904994634176372,1.5150688824873226,0.2071359923083244,0.1933173820527976,0.7894736842105263,1,5
0.21231596325817545,0.97239432949604121,0.096804957051269347,-0.97669285295296815,0.21435624339156215,-0.011066702745151152,-0.031511945930794857,-0.092199072028965143,0.99524184416686001,-5.62892148388043,-12.424416660388458,-2.0727113777669004,,0.1601336503940645,0.4,0,4
0.62058026410656053,0.78379068503693106,0.02350101807943554,-0.78243316630464843,0.61697090913643615,0.084529506953736594,0.051753995671002105,-0.070845319737422641,0.9961437971514896,-13.589868455202669,-6.6955956432892032,-3.5079430288195805,,0.1349252204723974,0.1153846153846154,0,1
0.71619745252506373,0.69440311568918012,0.069753293239600195,-0.69739734015174459,0.70831625069380089,0.10920182668961838,0.026422697551201971,-0.12685583125830996,0.99156918020372231,-14.092109572596641,7.9671876354393705,-3.7047972679895658,0.4679672669698632,0.4064696509133943,0.5053763440860215,1,4
0.9804445763312476,-0.16297719482618206,-0.11030352083786352,0.17348909297086848,0.98038501165391689,0.093524133487000435,0.092897617637836188,-0.11083168721506344,0.98948793309786054,-16.26965833979374,7.7670481978319179,-4.0686854350214414,,0.0739302047494754,0.2916666666666667,0,1
-0.98231657500021519,-0.16050742725962677,-0.09639249075701796,0.16525336918360042,-0.98529557779690857,-0.043404473816925318,-0.0880083544518067,-0.058566117921124893,0.99439657047796237,-7.0065085083240453,11.96221205935678,-2.5048823130190327,0.1519887581249739,0.1254715861829141,0.3888888888888889,1,5
