axis_00,axis_01,axis_02,axis_10,axis_11,axis_12,axis_20,axis_21,axis_22,location_x,location_y,location_z,dbh,dbh_approximation,score,reconstructed,number_clusters
-0.90387895606266366,0.4274860006068299,0.016079554479115764,-0.42166941224454985,-0.88398601239724228,-0.2019000660310889,-0.072095350504767244,-0.1892734771995265,0.97927412467827157,-14.021254141831019,6.288562058586586,-2.6370952364310951,0.5486802383696193,0.3451992145275639,0.3,1,2
0.58747697795689535,0.8088602423029323,-0.024817509791998073,-0.80747760813064673,0.58794457618135632,0.047969654017262969,0.053392066248124072,-0.0081414839290980083,0.99854043658791769,4.2917931356814618,-8.682635362610478,-0.48604874705214668,,0.1253876713333979,0.4878048780487805,0,6
-0.65900690167521669,-0.6931473731757628,-0.29198736719928731,0.74832288320813134,-0.64328753802518523,-0.16184562363117916,-0.075648965700140194,-0.32515821146179857,0.942628968103285,-1.787696743317184,16.18183098998443,-1.6077052280230981,,0.2517885474476513,0.25,0,4
0.9961858603435777,-0.025860916839602066,-0.083336334403072268,0.032542164297330499,0.99627650520121458,0.079838165853800311,0.080961343827601118,-0.082245596625403372,0.99331813767863919,-14.812347695888116,9.1965489571943593,-2.7316624421890654,,0.07581441983645229,0.5384615384615384,0,2
-0.90959869759510681,0.41142997371225604,-0.057927420660841042,-0.40230554472764035,-0.90697816671352538,-0.1246629607636907,-0.10382898446331001,-0.090088744225376119,0.99050671888140818,16.262640447813553,-1.2541504363388223,0.51871430366417437,,0.6879580383048353,0.6629213483146067,0,3
-0.79129872358430409,0.60976026958799567,-0.045152449389005381,-0.6085912243546997,-0.79258212579245768,-0.037819247913688146,-0.058847699124939944,-0.0024469381447514145,0.9982639735067157,5.0989133860468927,2.9394659725575707,-0.77780374172505184,,0.1009865736339577,0.3703703703703703,0,1
-0.37350794963718664,0.92449787851915088,0.076128077418358225,-0.92761767469688705,-0.37261185140498254,-0.026188886621860898,0.0041546537480673289,-0.080399507499374051,0.9967540609629304,6.3846422467277471,3.1967777567822249,-0.63668734530511184,,0.2718903239992728,0.1794871794871795,0,2
-0.81071847704198929,0.58175621785592224,-0.065538187102564219,-0.58191010431638224,-0.81303834689460308,-0.018688953244864144,-0.064157474055756294,0.022985853581374494,0.99767503179037276,-15.23234284059996,-2.1084350381813337,-2.5181957966042661,,0.0835199333429025,0.3939393939393939,0,5
0.88791278024112064,0.45525917862520127,0.065954339978448448,-0.45176632266182382,0.83596359941452503,0.311563878141428,0.08670688780655568,-0.30643749889891214,0.94793352872207381,-17.109983404156072,11.496264887766676,-2.9272601620806253,,0.2124820975531989,0.2058823529411765,0,2
-0.84427572582656396,0.53565007167134437,0.01665831619679102,-0.52819614259941405,-0.8264679277110647,-0.19483223400679295,-0.090594336043309201,-0.17329098413784239,0.98069511118053931,-21.681650733489885,-9.1150648023494725,-2.8086643431847094,,0.1867389480399296,0.4318181818181818,0,2
-0.93777380962760004,-0.29843813729566554,-0.17752453403411675,0.33573738253143526,-0.90977887369737265,-0.24409590521940283,-0.088660543352031773,-0.28850836934382407,0.95336363936909685,-10.83966651788344,-22.691309228757024,-1.5995410433969637,,0.3378941996141767,0.1538461538461539,0,1
0.9316004882421447,0.36231073021657045,-0.029179874518815034,-0.35169795670760501,0.91876116616185188,0.17940587170048347,0.091810007922305426,-0.1568720954244264,0.98334229448471122,-7.6947236567294457,-25.167598870056363,-1.2054053475641027,0.5046201781317035,0.3872250452946139,0.8717948717948718,1,5
0.89395357669462439,0.44309249613722729,-0.067201507287933851,-0.43384791897600133,0.89321311456870667,0.11809451791960536,0.11235206235348744,-0.076415782593337936,0.99072581588225839,7.5712802606714904,7.2830723954171281,-0.55937966029687103,,0.12311559207572,0.3076923076923077,0,4
-0.93791063524403129,-0.31046049209567378,-0.15471885193424856,0.33406205255922661,-0.92854991283576682,-0.1618567403990577,-0.093414053204303168,-0.20349285545297038,0.97460990783161161,-2.635603320599655,3.8780132172266657,-1.584908380423145,,0.4270079226827416,0.2053571428571428,0,5
-0.99318013033473407,-0.043126173287503081,-0.10832064385820499,0.066176282847891704,-0.97343167306673439,-0.21920647221040948,-0.095989209272270073,-0.22487977020637817,0.96964692576999889,-20.792768902457183,-9.8664902172788533,-2.6979489372746355,,0.2449244019081951,0.2352941176470588,0,3
0.99540637597017889,-0.022383163494191938,-0.093086737346988094,0.034668673525361078,0.99057177884300696,0.13253540672511913,0.089242533323000167,-0.13515378260260827,0.98679745910409622,-16.171017354232216,2.5919844295748189,-2.7064730357161433,0.2277367064233274,0.3027721137753391,0.8470588235294118,1,5
-0.45173520352704005,-0.84899259816018025,-0.27412930190625207,0.88853966464693668,-0.4557640139783824,-0.052691820156650193,-0.080203305689301896,-0.26737750808835481,0.96024824807180409,-9.3154800325981135,-12.803366681148416,-1.6885044859044624,,0.2259757236895737,0.2777777777777778,0,2
0.4172907129915247,0.90868936961273949,-0.012332493820277885,-0.90709990219418868,0.4173071760357297,0.054995347697581555,0.055120126000567059,-0.011762243913756154,0.99841044732504436,-8.6300213753705926,13.80387725952963,-2.2841557686767446,0.2230197155192876,0.1312858759217862,0.391304347826087,1,4
0.19362681786400504,0.95407960015510429,0.22856240279568393,-0.98046439498509319,0.17996170776673001,0.079393664131324357,0.03461539499088407,-0.23947004051772136,0.97028649074593765,-1.5952822656818466,-14.776147371343979,-0.93295924459076207,,0.5789728552499461,0.45,0,1
-0.57724925900848223,0.81076529237107831,0.097174758351120813,-0.81576190334266108,-0.56729494429143401,-0.11273403761126617,-0.036274095838737738,-0.14434710550551119,0.98886202430028813,-19.601770956498271,7.1985297478653969,-3.0485593794791872,,0.1300894047362652,0.3870967741935484,0,1
0.81155355284555475,-0.56722618447806428,-0.14012596656656859,0.58101407023677576,0.80878202114122555,0.09107300624010202,0.061672368615557124,-0.15532577996318447,0.98593631692324635,-2.764967878165685,1.7719951833052783,-1.5230921480699695,,0.1034813160078479,0.2444444444444444,0,5
0.68714685024622724,-0.69694007966994065,-0.20519193830739346,0.72440010669104404,0.67880170354217306,0.12030267118500529,0.055440884035994814,-0.23130666358300195,0.97129992060094761,4.8011119661151662,-17.446364304316592,-0.15319569536063976,,0.3005494617315917,0.4444444444444444,0,3
-0.052014997963337216,0.99832899124209651,0.025172708086581584,-0.9985124655061951,-0.052404171809905503,0.015055198625645257,0.016349196176379647,-0.024352166689149798,0.99956974532142095,7.1887739292006945,2.2615378201630651,-0.53285347955925499,0.5173556017902947,0.2981109247612928,0.2222222222222222,1,3
-0.95631537594750182,-0.27149882916125434,-0.10839413033212003,0.2783741005183033,-0.95895026105442804,-0.054057903994420779,-0.089267921937357442,-0.081870523314026125,0.99263712177475705,2.3887158451750197,-27.596296907574409,-0.17253905770226499,,0.3356526430000704,0.4210526315789473,0,1
-0.956418272215527,-0.28098294957282161,-0.079452316653603069,0.28724978452645678,-0.95424083285412176,-0.083138403902030145,-0.052456170864554556,-0.1023377494536115,0.99336566035624552,5.1437678694882454,-14.428685160290403,-0.17421954144970234,,0.1613364487900106,0.2272727272727273,0,5
-0.19404168852809761,-0.93603103038567015,-0.29358769263766527,0.98083887397489622,-0.19042870974637935,-0.041134046773799712,-0.01740478132079509,-0.29594394175159705,0.95504673023245579,18.423984324654811,2.4527862554964139,0.6468291206507365,,0.3933003304224224,0.72,0,3
-0.12027692189616991,-0.97894959440718776,-0.16489740346405318,0.99237577687906098,-0.12306389767716851,0.0067523738185535226,-0.026903150798089671,-0.16282803412959165,0.98628761108442897,16.474091613827088,0.96575365641893274,0.48020243059340439,0.2479379991495516,0.2179927007347629,0.8333333333333334,1,5
0.57916361759571156,-0.79983658186978968,-0.15757838162736384,0.81515504997956956,0.57047266926155715,0.10041502934520549,0.0095785461450547636,-0.18660754520770229,0.98238784373856247,-9.854010463227322,-11.302629864361105,-1.7644494078974775,0.6510209726650165,0.3032448590247007,0.851063829787234,1,3
0.77812451947824168,0.62296109188554016,-0.080260265284460716,-0.62265534736423356,0.78184734271249379,0.031859866480235192,0.082598732347910223,0.025183540064667463,0.99626464291589234,-6.8590034018930304,-8.0357310281115168,-1.5725757541502996,0.5676337523010349,0.5371735184810726,0.9722719141323792,1,5
0.86324747658946521,-0.49361703354803899,-0.10557470508201934,0.50244863328218414,0.86033742385496625,0.085818925811652097,0.048468186213085324,-0.12712883742815742,0.99070131402929884,-8.0435983110858018,-9.1015101892237098,-1.632339866815893,0.4144108224640958,0.1456244295471275,0.2142857142857143,1,4
0.93503284804095921,-0.34030707203934163,-0.099522207594196874,0.34609062114301992,0.93699060548589996,0.047643333090838264,0.077038010366641707,-0.078991784073890764,0.99389408037656235,2.2265952806900748,12.735164281392365,-1.2291142666098378,0.2218337111020344,0.2153219425866607,0.7222222222222222,1,5
-0.89916038645499263,-0.3892758673829837,-0.19993723641016856,0.42879690344201704,-0.87498240467315946,-0.2248088234721104,-0.087428914145421338,-0.28787165644710955,0.95366980364576492,-7.1200817130421745,14.239468520344904,-2.1558984552081206,,0.1278347132214841,0.5,0,4
-0.46482643314611982,0.88480528683685578,-0.032496021821214555,-0.8844539142549187,-0.46571381037755477,-0.029187675186135686,-0.040959255459639743,0.015174030748887493,0.99904558864099069,7.2909664892994472,-9.0040624655081611,-0.16180133107617772,,0.1338455800207242,0.2105263157894737,0,5
0.42934770391261456,0.9017121185300252,-0.050752383599787149,-0.90209756151378895,0.4308730859043165,0.023840582085326682,0.043365177917788787,0.035547702308105146,0.99842667342412927,-29.565835928606077,-18.002716047347064,-3.3209834305066348,0.503596085653633,0.2613028095195005,0.625,1,2
-0.01938265477730404,-0.97684524103437342,-0.21306733152288465,0.99882811406399052,-0.028371353209012278,0.039210519920852366,-0.044347618303105553,-0.21205763694238522,0.97625040197956159,-2.783833690050018,-10.99911291557739,-1.0764330306350212,,0.1472405091657268,0.1212121212121212,0,5
-0.96203533536815011,-0.25631849307136167,-0.093748832593889372,0.25786307371246014,-0.96617078810752166,-0.0045435034117579601,-0.089412799523631792,-0.02854537295809207,0.99558551263265693,-3.4918963964492655,0.90083703921744862,-1.562564819694571,0.1603154234102418,0.145824633371064,0.7349246231155779,1,5
-0.87144493947301938,0.48455987115070009,-0.076062137343643477,-0.485361887420586,-0.87426904048476628,-0.0088024479193452229,-0.070764084862256313,0.029246813848066388,0.99706422469836165,-1.6752967674405073,7.2208163592398416,-1.5662847285316988,,0.08605424725409971,0.2727272727272727,0,2
-0.65022663864215058,0.75753345951802642,0.057865154547281958,-0.75781474966255091,-0.64127549749989499,-0.12034343147902711,-0.054056670208361385,-0.12210157254070313,0.99104444016858906,-11.452418675069399,6.0912450275110341,-2.4863930972502173,,0.4106422624815071,0.2424242424242424,0,4
0.82816454874065393,-0.53393225506635156,-0.1704694318901479,0.55693065963189947,0.81812600445181172,0.1431715097416093,0.063021588135865336,-0.21350922190733321,0.9749061963026795,-26.065248314082378,-12.238186736625993,-3.1233271383947558,,0.8241882845633114,0.5806451612903226,0,1
-0.85342015955068939,-0.50970921884491349,-0.10895202383152101,0.51676611088892588,-0.85470903617199079,-0.04924682855454858,-0.068020716764898723,-0.09833094991128094,0.9928263727260348,7.3039683676193761,11.402601818881427,-0.69883209290673154,,0.1669766389603842,0.5416666666666666,0,6
-0.06141786296760713,0.98953771505359545,0.13054867519435626,-0.99803447189970718,-0.062517183081369596,0.0043352877001524934,0.012451466113064679,-0.13002581399891275,0.99143242265197051,2.0470844290623185,-3.0556965760527888,-0.93951716635295646,,0.07867551220454755,0.282051282051282,0,1
0.37734777876196557,-0.91899973271001167,-0.11422847780802947,0.92593136698959788,0.3765561596482932,0.029267084851499311,0.016116993770132756,-0.11681160006548083,0.9930233091936751,-6.7007165633898644,-2.9845197489440078,-1.7135295692081736,0.1384997448217868,0.09806074809773568,0.6440366972477064,1,5
-0.94900704704731775,0.31517678246067027,0.007015728919272721,-0.31304557716011339,-0.93949309181398855,-0.1391229566041616,-0.037257096975218729,-0.13422490913214019,0.99025026255661641,6.8661292996068486,-19.364236444794823,0.12234986471346031,,0.3207669669947771,0.5882352941176471,0,3
0.39236820131064915,0.91814999219181426,0.05520676080352447,-0.91527147301284062,0.38377519143073252,0.12245298334956782,0.091243220510626735,-0.098575830102902232,0.99093767736945648,-13.3969567471201,-17.11042129790453,-1.9884981228731151,0.5366254034338871,0.3806167188688475,0.7796610169491526,1,4
0.21321708441172199,-0.9626020152195196,-0.16714016635831513,0.97660897943110192,0.21485823880235819,0.0084165618450107744,0.02780964238365365,-0.16502514206650279,0.98589721892113313,-18.154713801807024,13.45523533465308,-3.0274139044626596,,0.1082912277133251,0.3181818181818182,0,2
0.63945589862320429,-0.74358317924582495,-0.19539756717692519,0.76748545800818246,0.63239113318401219,0.10510721391136844,0.045411732646528549,-0.21717621926194253,0.97507551724219199,-7.2161437260516088,-9.5302681437336414,-1.5310852239945687,,0.07157489481511725,0.1842105263157895,0,2
-0.39290756615804279,0.91840449500171961,-0.046441662506854629,-0.91939597258326589,-0.3933332489149326,-2.9928168623699329e-05,-0.018294536163423091,0.04268651846497986,0.99892100342715051,-1.0645014671358648,-2.8428324404461103,-1.2294878633198332,,0.08973203922718058,0.5373665480427047,0,5
-0.89085326651161323,0.44788592202271066,-0.076017487458183361,-0.44904010158317725,-0.89350908492739978,-0.002121867660855922,-0.068872670310934109,0.032244627553541676,0.99710422688812983,3.6238022391072677,-9.4327296036696513,-0.51121910750497213,0.2027034218535476,0.1914810963809915,0.821917808219178,1,5
0.34013613022969763,-0.92458509709557846,-0.17160947276047445,0.9394695755950121,0.34211354368370733,0.018847805164143729,0.041283525088050145,-0.16763269805422171,0.98498474561760019,-12.498779853020897,-24.882186973326828,-1.6930333385841574,,0.2495462217734357,0.25,0,3
0.94393945286152015,0.32881867498892581,-0.029267529961068604,-0.32165898924599473,0.9360703111530343,0.14250567432599745,0.074254992887616042,-0.12510256414793983,0.98936117999185302,-9.3174265144421184,-9.6821740534619867,-1.7209720477806547,0.3744640833257032,0.1507525075914387,0.3103448275862069,1,2
-0.4889862937631767,0.86770406438671788,0.089342381647921576,-0.87185816187941145,-0.48294515401498961,-0.081408376581847269,-0.027490908970171913,-0.11770146498752025,0.99266843158417484,-9.4192693166676946,12.478122531882558,-2.3525944568285753,,0.7675914539455099,0.36,0,1
-0.14901804851730557,-0.98265341328641553,-0.11038972131793776,0.98835093796937468,-0.15150490822657561,0.014445975159697021,-0.030919971396358444,-0.10695107357953408,0.9937833884851538,-11.348148243441328,-7.5308703903111187,-2.0131630043136965,,0.4469068820542166,0.963302752293578,1,2
0.86224584382783986,-0.49165143520380733,-0.12170033304660134,0.50189106467925271,0.86169149927922828,0.074787159760499114,0.068098928014641513,-0.1255652273997574,0.98974537618081559,-0.59134381953409587,2.0579597346779566,-1.32562233269092,,0.06702682846502005,0.1441441441441441,0,3
0.96890083462835208,0.23494301495148978,-0.077672082384781571,-0.23064386244128365,0.97115825891407281,0.060456967019147982,0.089635826401336202,-0.040662216718867605,0.99514421204007364,4.5811369711246153,3.8851155381613824,-0.88535363963093827,1.045241522225184,0.8506573104692183,0.708029197080292,1,2
-0.12649884855863641,0.98068493922261291,0.14918140398614893,-0.99196667535032312,-0.12500020547586679,-0.019418126207667089,-0.0003953577683361293,-0.15043935194266986,0.98861916078907963,-5.7161213580562809,-13.795226652052495,-1.3511999054436488,,0.2521272378015746,0.2222222222222222,0,3
0.86369563832556862,0.50009753241191446,-0.062708072948422983,-0.49291238918172792,0.86407802275456524,0.10201248543057537,0.10520085992305936,-0.057198152663149253,0.99280468895114204,15.258630771065283,-16.803279742001113,0.91146966253638784,0.3439181255559209,0.2766807480058268,0.6296296296296297,1,5
0.96655446332393313,-0.22154100388658396,-0.12919772840691798,0.24339029163493264,0.95116824871351024,0.18984237824346648,0.080830906010297771,-0.21493847081478354,0.97327684571110418,-17.444864715402701,17.738939638680989,-3.003133808995321,,0.4336166323282533,0.2352941176470588,0,1
-0.88735422905628047,-0.4387476645735251,-0.1417849040173578,0.45293736173106758,-0.88699706741322115,-0.089910782159008926,-0.086314648374617317,-0.14400239314546928,0.98580580858724065,-8.1410673177107924,-12.572945277875105,-1.5911513478206709,,0.1591885724011675,0.2666666666666667,0,1
0.61735245500083602,-0.7697519852564626,-0.16235093932027847,0.78482869686774637,0.61681157813109877,0.059894855006918622,0.054035755544983584,-0.16439391192242891,0.98491358953236341,-4.1885636085397762,-22.935988964735834,-0.96531564648099966,0.2543050845632173,0.3011616865416537,0.7027027027027027,1,5
-0.64357486160648891,0.76223063805093938,-0.069396339418206943,-0.76401892786100944,-0.64519273979384928,-0.00118591206254118,-0.045677952868999908,0.052256893648249751,0.99758846308882976,3.8001736352297195,1.733360667888592,-0.94861406437603246,0.2167286835272484,0.2258715303578703,0.7167832167832168,1,5
0.84669763498239115,0.52665895199895274,-0.075719635462612372,-0.52538167116037537,0.85003891899343198,0.037522470670376756,0.084126182154887791,0.0080115214436975637,0.99642290268750866,-15.191069107180338,6.6017590807899946,-2.7307306459957519,,0.09870900390058814,0.6341463414634146,0,2
0.99191545831852024,-0.077416060055038316,-0.10055086869001041,0.093479709809757866,0.98161857459313051,0.1663926617000728,0.085821136106698503,-0.17444691931732736,0.98091946914007699,-16.641352891712021,-9.8602796786036375,-2.3341507675872117,,0.0808243607243273,0.1666666666666667,0,2
0.23949847513138411,0.96961137466851521,-0.049942592275268843,-0.97019645484724604,0.24096226374729274,0.025613013325564617,0.036868949152060543,0.042319848336354701,0.99842361301464155,-2.9460870839447577,-4.7837846438517531,-1.3401633926856573,0.2596013742702462,0.1663705248305501,0.7565392354124748,1,5
0.39512547493870331,0.91658723698053057,-0.061185750455986544,-0.91719481719444618,0.39735134053847149,0.029420732212636597,0.051278907614263264,0.044494372415821069,0.99769270041291358,-4.6622207801067965,2.3505445843826522,-1.7156827822347316,0.5825351029038014,0.5264813732814715,0.9931174089068826,1,5
0.91560607700524765,0.40111424875075202,-0.027800561148674578,-0.39587421234310188,0.91142246201760757,0.1122172167338505,0.07034998047469472,-0.091741240338700736,0.99329473222620468,3.0322006914252837,7.8269068068169352,-1.0599014273616705,0.7661362819254158,0.5557980910270516,0.974025974025974,1,3
0.75906960254467037,-0.64031930569385076,-0.11749266040234163,0.64910399278254283,0.75821811719575172,0.0613945706873886,0.04977293487866262,-0.12286770735988015,0.99117414284357219,14.134576912994456,5.4067197568468295,0.17205902750610788,,0.1339748736550632,0.44,0,5
0.98657136604737727,-0.14065821748063284,-0.083019308299840625,0.14947957559111058,0.98241582359056212,0.11187048779718292,0.065823978735066055,-0.1227779109369809,0.99024885175870692,3.4466819208033721,6.8224472502743732,-1.0278344888900348,,0.1568481570357866,0.2173913043478261,0,4
0.78535697993115694,0.61400015886082659,-0.078855684590854777,-0.6138041316509093,0.78890426351599707,0.029572808026216275,0.080367294602255557,0.025176733806474498,0.99644730419282712,0.13748147930649229,-2.2860029001640663,-1.1482952106451119,0.3323704503152826,0.2904817814604063,0.950544015825915,1,5
-0.66369246792936276,-0.74150947354002317,-0.098366705059335285,0.74454947256541548,-0.66751558501538744,0.0083082286997556553,-0.071821938962924131,-0.067724769560063444,0.9951155534266577,-9.9436464004082659,-28.178597123428801,-1.3670979079579759,,0.1689370264102229,0.4347826086956522,0,1
0.66312799681757462,-0.74085027843180673,-0.10678073227051053,0.7471542918407269,0.66372986433530667,0.034973295146700174,0.044963585496420065,-0.10297345355454857,0.99366732050639395,-5.7773982050915356,-11.962199131515439,-1.3782376386324344,0.5382923718322026,0.4997581812400814,0.9657534246575342,1,5
0.73479451839332943,0.67800509740701298,-0.019649519821662714,-0.67392509263809153,0.73304094174102208,0.092064907778016958,0.076824379280632557,-0.054406485105566178,0.99555911382830664,-25.97475078825909,-5.5595981355223305,-3.2443874328615165,,0.1297335788940919,0.2,0,1
-0.57932112083255483,-0.79743769029859446,-0.1687606857314688,0.81293225948920023,-0.58034918274820635,-0.048331848353571918,-0.059398488525350485,-0.16519066612473007,0.9844713624002337,-25.292875651356148,-0.62015366761779978,-3.3406607385551812,,0.1892444793250649,0.1428571428571428,0,5
-0.74725896757783561,-0.62008096638202492,-0.23896365938201167,0.65995510389181344,-0.73460588287273765,-0.15752287991244926,-0.077867170371431649,-0.27541567126708749,0.95816643220207132,7.6757643396172117,23.559421941608225,-0.78804194312790821,,0.3899257775903094,0.625,0,3
-0.88440491847719693,-0.45554119344395161,-0.10153896419110789,0.45874750703009287,-0.88851606607102251,-0.0094828860242837359,-0.085899155799214366,-0.054967457730323806,0.99478636582114854,7.7323124337349176,9.9418379286510294,-0.61797727742550967,0.2049093572483019,0.1833184579786752,0.4285714285714285,1,5
-0.46291144235478904,-0.87843203967448646,-0.1186176555590687,0.88536162547081532,-0.46469768785035731,-0.013814885095687601,-0.042985912584055784,-0.11141458872092477,0.99284389545359186,-8.717083706893062,-8.4450113623568015,-1.7455989919392838,,0.06936516495688995,0.2068965517241379,0,3
-0.52773317451396595,-0.82325037074063767,-0.20918060042177627,0.8488614095694198,-0.52000083354550675,-0.095044413069869355,-0.030528738284276963,-0.2277234291577854,0.97324716077232376,-12.570286486254542,9.8805501597826844,-2.5930552156672264,,0.1979170703752219,0.12,0,2
0.64156427003428451,0.76601177059453807,0.040264807537064851,-0.76437888433304046,0.63404013447419505,0.11712399012039099,0.0641888510658397,-0.10592013588815757,0.99230071863940628,5.3732259336081754,6.0174674489949833,-0.80104150151673614,0.5983919077505701,0.1535234101097414,0.5333333333333333,1,4
-0.96813715534705069,0.24503479933341882,-0.051656515098797373,-0.23677030861663684,-0.96285272501896391,-0.12982469287904549,-0.08154918389599991,-0.11345737983572139,0.99019046327800475,12.790899707459843,0.5323673941195437,0.10552332262177025,,0.1280364694475248,0.1904761904761905,0,4
-0.46192847261858583,-0.86799970053859687,-0.18220484639319506,0.88511217768439476,-0.4642556489517371,-0.032297450846635628,-0.056555451541384541,-0.17619084051479164,0.98273000799794585,-28.651989143589848,-14.231402429229799,-3.3007862031903032,,0.2173705379506748,0.5,0,1
-0.97174405306596445,-0.21272233253364248,-0.10228736272082273,0.21913922309786785,-0.97407916307113129,-0.056105124282094666,-0.087701175767475062,-0.076934994067023157,0.99317144061683127,-9.9389962768369493,6.4886523030177354,-2.3658748645633656,0.301661615095094,0.2966340322321265,0.8861209964412812,1,4
0.38914618550098407,-0.91047875525864996,-0.13997743579839622,0.92102419984096273,0.38732243754139856,0.041179517776492654,0.016723325546936965,-0.14494745806549961,0.98929801616247193,6.2232004014001276,-8.0805925172325175,-0.33632709790306109,,0.07857334690002574,0.2631578947368421,1,5
0.83463696918550101,-0.53650170807953301,-0.12468779770525236,0.54916848444339872,0.82797439123930017,0.11345652535686,0.042368683753251084,-0.16316961935254598,0.985687866394511,-8.768167893075244,-15.185675103583199,-1.6379368902295581,,0.1949769633874583,0.4545454545454545,0,4
-0.97127303882140115,0.23305338375330603,-0.048112413988245416,-0.22859673720927953,-0.96993480405379284,-0.083486571509452684,-0.066122732822484029,-0.070089915153791302,0.99534676771355513,-3.9274920952527008,21.508423283967932,-1.8066440409370732,0.3765831879034627,0.3048802385720393,0.7391304347826086,1,4
-0.71366858380971854,0.69990335080318977,0.028503543946330451,-0.69817029357217808,-0.70741848982564692,-0.11007870559804978,-0.056880520886960724,-0.098460041576624024,0.99351407969709216,1.0319514530851424,22.066181476464536,-1.3400121704566323,,0.2138782902066599,0.3076923076923077,0,3
-0.6466279352774722,-0.75512185891043548,-0.10799671992445781,0.75953269126219247,-0.65046897772762191,0.00044712190030414528,-0.070586147527715581,-0.08173791782050166,0.99415114975921293,-23.776377312402367,17.952861925163521,-3.3923355064878065,,0.10138959828481,0.1818181818181818,0,1
0.92942904695002404,0.36102558317273881,-0.076303178048850465,-0.35666034810813513,0.93195993414964284,0.065146582620868393,0.094631087772225134,-0.033334808152704676,0.994954143562641,-3.2499291506632479,16.381440950321132,-1.7466953259035765,0.2762520715520544,0.2316048522748023,0.2777777777777778,1,5
-0.76623187790287717,0.63978191248868177,0.059731178941617932,-0.63878247327953575,-0.74835380815352703,-0.17867156923526956,-0.069610783046235081,-0.17505908223922381,0.9820940161762779,-18.648446277049796,-5.7876821091832635,-2.6497230323954244,0.8214005837979745,0.5921243025097309,0.3205128205128205,1,3
0.61787193290293652,0.7848639422761039,0.047147286725756681,-0.78329124519186211,0.60919460106486256,0.12384168619331599,0.068477001515618058,-0.11344835894905883,0.99118130032562379,-19.744384906907968,3.0051798264980318,-3.0043035339589568,,0.4385909453476962,0.4666666666666667,0,1
0.08866800852335921,-0.9819500527926508,-0.16706908177461263,0.99600666437182117,0.085651336979852069,0.025190732432431966,-0.010426350819920297,-0.16863553093602346,0.9856233301391083,-3.6465577760410937,2.949464901521508,-1.6443293447815874,,0.0786233298789816,0.25,0,2
0.99577545053791561,0.035912669668614811,-0.084507587016105903,-0.02553471014100182,0.99234493552210656,0.12082842182881222,0.088199947188344563,-0.11816009944519909,0.98906974486892207,-16.192464054199245,12.278252405797328,-2.8589238397671162,,0.1131914573326791,0.3666666666666666,0,2
0.54110646507391191,-0.82532377603226947,-0.16138295502020744,0.83944636328338806,0.54158347010968966,0.04491267164446567,0.050334845043091971,-0.15977487167820162,0.98586935937511766,-6.3571973941179971,-23.689606311354456,-1.1651316568005678,,0.178150484789534,0.5,0,4
-0.59396432413063027,-0.7942990025870863,-0.12765373535155103,0.80137721601876344,-0.59811724265806332,-0.0070937776347787277,-0.070717319703592518,-0.10651224588879626,0.9917934271659925,-16.613435495805415,1.4031625593107044,-2.6871667850779066,0.4749637164112979,0.395625634584594,0.9151515151515152,1,5
0.98940426523739389,0.1191841284526577,-0.082911660549244176,-0.11591334958395431,0.99231855213532405,0.043220209118907997,0.087425941906740065,-0.03315169095286899,0.99561923950307674,12.811169955185465,-11.119266122659782,0.44575400100762375,0.3782207330808937,0.3828317806582414,0.9310344827586207,1,5
-0.80688021915499997,-0.58237377396235401,-0.098919661024616912,0.58531132561519306,-0.81080820991568525,-0.0008359664517203296,-0.079718028343441688,-0.058573322717494346,0.9950950717508692,0.87782223165878459,-9.356770301598976,-0.78433908410553688,,0.09129154885553044,0.4054054054054054,0,4
0.897344150376579,-0.40485524707485648,-0.17568638166030745,0.43380895336318626,0.88233331708322082,0.18247659999806978,0.081137338919089558,-0.23995863493709821,0.96738647176413006,-12.76890947952605,16.363063961386505,-2.6368788987238942,,0.2024110768189375,0.3809523809523809,0,5
-0.68546339952323265,-0.68920589368509455,-0.23480878182849796,0.72547837687839134,-0.67387689577566046,-0.13989658330943558,-0.061814663276181729,-0.26624268149470198,0.96192192092423123,9.1009492918063923,3.6680568930157711,-0.33948168379292731,1.024088097843421,0.5746822355820258,0.1428571428571428,1,4
0.94247333564093949,-0.31998860630416448,-0.096702137729012219,0.32662935778106772,0.94306660365662243,0.062758614572753335,0.071114514983718846,-0.090734077959070472,0.99333280065421636,-5.9600096581615993,-4.7466462443119575,-1.6124439007989468,,0.3390012095293186,0.4328358208955224,0,5
-0.9937188373634317,0.084146829606863746,-0.073771155177225239,-0.071129520454530706,-0.98387314943816329,-0.16411647429352616,-0.08639133977996459,-0.15783832513601564,0.98367860581049549,-1.0290080087549753,-12.255680904241643,-0.89278161146543711,,0.1060008088595678,0.375,0,5
-0.21201256231609292,0.96893123239050927,0.12736930681436695,-0.97725126893527059,-0.21093891018798147,-0.022016664895217614,0.00553450852076916,-0.12913962624583589,0.99161097520575969,-13.652107200110756,-1.5913730670995989,-2.3820827821107793,0.5181457289430231,0.3137809078452277,0.3958333333333333,1,5
0.041647389854286551,-0.98647659737987015,-0.1585226095550995,0.9989930756886487,0.03846485757835718,0.023093060810776521,-0.016683214452214826,-0.15932475499215476,0.98708525103064471,14.070090840380919,11.830217346610848,-0.012185606216212645,0.6856333460940756,0.6846842671336341,0.7619047619047619,1,5
0.25146111380541897,0.96463652267853073,0.079017006766977232,-0.96753186255458146,0.24838527275481914,0.046763781072300954,0.02548339038279945,-0.08821074420493491,0.99577580881512229,7.4307842503166102,-4.4687597769141263,-0.32283806692011352,,0.1791843216589482,0.1538461538461539,0,5
0.88210944310793216,0.47059385505957102,-0.020599853397209135,-0.45802089329847223,0.86711238656610656,0.19578807513661678,0.10999905309539927,-0.16327134667112764,0.9804298423009743,7.2766432828659315,4.2165733158263885,-0.55553494527693925,,0.1214730483698783,0.3103448275862069,0,4
0.59629899841723055,-0.79170012438870829,-0.13280970419932284,0.80177399991214249,0.59556505973299789,0.04960557116004756,0.039824082556808874,-0.13606312016169053,0.98989942407316023,10.20766289250834,0.79527636096746634,-0.17833040303842856,0.4701498546069194,0.3969034921263164,0.8913043478260869,1,5
-0.48328174161557563,0.87490109980929875,0.031413751343891107,-0.87498205073149005,-0.48151259830540732,-0.050517606543579445,-0.029071792492594038,-0.051900705444678438,0.99822900561725458,-21.160184059430044,9.2150786327630652,-3.1889146773339845,,0.324653871370489,0.8428571428571429,0,2
0.38454741538803405,0.92090943239460454,-0.063632559629732827,-0.92153656853884391,0.38699773611369098,0.031671834309556383,0.053792547476735543,0.046460408624189355,0.99747069744751793,-26.858535899998369,-10.798071177338276,-3.2315967375819423,,0.2637537239803542,0.7142857142857143,0,2
-0.11198291030931616,-0.97931735487817351,-0.16851512167480071,0.99289080815869379,-0.11715495041542587,0.021037125923809862,-0.040344403238005269,-0.16496131676116174,0.98547455223348734,0.39948787571166716,22.615715571860985,-1.3886036065116363,,0.4016870492850184,0.2380952380952381,0,6
-0.99318298281397865,-0.07186980573198111,-0.091773055265571307,0.075413140263859119,-0.9965116798108582,-0.035739757638890195,-0.088884312025653972,-0.042417013386027033,0.99513837030391794,-22.71232219091192,-8.2801869620949073,-2.9304189749263938,,0.07242087203714437,0.3684210526315789,0,1
-0.96463492343244361,-0.21356530975496826,-0.15449699985355572,0.24794555502907001,-0.93409843705313789,-0.25687178053692944,-0.089456504714925597,-0.28609433472921231,0.95401654356726928,10.186740973105323,3.0937970863802993,-0.21252873345985773,,0.2299339915189552,0.2692307692307692,0,1
0.40034442737163284,0.91505059501105668,-0.049058618431332406,-0.91459289387147991,0.40232491666792425,0.040675544347193365,0.056957685629527181,0.028584436290742411,0.99796731011074169,2.5687075120449241,-12.237557648828096,-0.50720208505996034,,0.07022704549374628,0.3125,0,5
0.91604861658035619,0.39745224407069302,-0.053727513848909052,-0.39093725073160585,0.91478110421662295,0.101703477613246,0.089571189852697089,-0.072161243416288476,0.99336285258559276,-8.685714126643024,-17.787810117016054,-1.5742831337618013,,0.2343261353506342,0.4117647058823529,0,5
0.70010824575732888,-0.67186242217218251,-0.24176296220786953,0.71126832928237038,0.68598886054872465,0.15335138396156678,0.06281566669598615,-0.27932090662173931,0.95814092029385145,8.6477349439165607,-2.3603143885929803,-0.24404381667048117,,0.5381176029809486,0.3333333333333333,0,3
0.94704748659335747,-0.30165690474476758,-0.1100189527172961,0.31176412768011774,0.94586375713031989,0.090248997995380553,0.076838706581121477,-0.11977004954128206,0.98982369561645633,-0.065244031171320091,3.283083023534521,-1.3135343663827623,,0.07286114858468969,0.3142857142857143,0,3
-0.80148313010680494,0.5980020204174451,0.004286692297446687,-0.59495713642509229,-0.79663694589082357,-0.10675009254607762,-0.060421833562492019,-0.088108796487045726,0.99427664259528492,11.486991092444717,1.7398998743186909,-0.055758714348629064,,0.1258009299984749,0.4166666666666667,0,5
0.5616463114403405,-0.82149414171517054,-0.09849261887631755,0.82662856849308353,0.56221152652252016,0.024564388783220599,0.035194184129425717,-0.095213310901747519,0.9948345565120823,-3.5540480745150007,3.7519538159442725,-1.6797917946157359,,0.0888323069837598,0.5588235294117647,0,5
-0.53176755979178603,-0.8374247432385582,-0.12626583767957747,0.84471886376612981,-0.53514568948425156,-0.008314579008287035,-0.060607784572192534,-0.11108055832710394,0.99196159502825065,-2.9076264612961271,-18.305266773201168,-0.96502294235220709,,0.08632956549728274,0.2083333333333333,0,4
0.99023159060466548,-0.11899171928567473,-0.072679898940457358,0.13010826183331201,0.97596773476395482,0.17481081460376235,0.050132196952360236,-0.18255944632134441,0.98191588814295905,18.989652531598598,0.58882199344978425,0.76501575344473849,,0.541897541295878,0.7903225806451613,0,5
0.99459805570145277,-0.051101409674301219,-0.090351278486753075,0.057786256494732506,0.99565728133448017,0.072988538045081611,0.086229091119044948,-0.077815320181392131,0.99323175532694918,20.812142962445932,-1.7935356346387947,1.001310827630733,0.5833066795997291,0.4956441234485275,0.6037735849056604,1,5
-0.71288510819972617,-0.68270890795154582,-0.16032270428941989,0.69716972741144201,-0.71465545829750099,-0.056762197866578816,-0.075823437591028497,-0.15223706161509037,0.9854312169718813,-10.367831724508068,8.1957770884203427,-2.4377344613680205,,0.1236539780349495,0.1923076923076923,0,3
0.83057747497272161,0.55634289776841561,-0.024972748558825138,-0.55081315345318871,0.82728189432183474,0.11049677511236451,0.082133598794245435,-0.078020814081376247,0.99356269279758447,-2.1603791401543107,-16.962648531772718,-0.95383433163267084,,0.1504199768237827,0.1,0,2
-0.72296999640342485,-0.64788739458430555,-0.23990895823039537,0.68316805728691088,-0.7221515059067235,-0.10852929567393747,-0.10293585285633604,-0.2423615614230385,0.96470984432694951,2.1747506826568457,-15.015479442834293,-0.50802228795775872,0.6153951230674716,0.6535681722747603,0.4137931034482759,1,5
0.99610615701744176,-0.0022845184324453219,-0.088132314887759786,0.0097881935628877405,0.99634964323338349,0.084803182107066069,0.087616866063098056,-0.085335627988786647,0.99249237547551983,-19.385334156560297,12.146479814251032,-3.087292399391071,,0.08650256033016282,0.7058823529411765,0,1
-0.38250852009710357,0.92394958404861338,0.0020971860953748014,-0.92379940340959033,-0.38240313007333665,-0.019039652575613745,-0.016789708550450807,-0.0092202085936072212,0.99981652988950021,-10.503066976029402,-8.6379585831548127,-1.8842173958673314,,0.1015324260278153,0.2916666666666667,0,2
-0.33635535806881622,0.93318444167098591,0.12661702461205401,-0.94172936897492165,-0.33282862333458746,-0.048691920267122477,-0.0032967724360113636,-0.13561675896589792,0.99075588616928822,-16.702688451246491,-2.7773860388913398,-2.5913381428348257,,0.507511497242888,0.3539325842696629,0,4
0.94297055197059432,-0.30770176317551395,-0.12698883043383905,0.32278117441748555,0.93845993929213711,0.1229034409016628,0.081356324633940769,-0.1568839293314637,0.98426042344471976,-0.77220965025415311,-23.757973175515591,-0.5963682393300771,0.3654273510034818,0.4049935458647796,0.7538461538461538,1,5
-0.90961411318016472,-0.38801026857712256,-0.14849308597430574,0.40614847380589769,-0.90572430793647662,-0.12127198867888156,-0.08743902062925514,-0.17062095267492797,0.98144939155297117,-9.1402864025947341,0.60549400928154484,-2.0545604938281636,,0.08728728808549117,0.2714285714285714,0,1
0.86241366796923047,-0.49281869048307131,-0.11563910934631515,0.50174687196973022,0.86246480464966335,0.066366687496131935,0.067027917828687764,-0.11525709978638601,0.9910716720703816,1.0941821744455726,-28.942293131432315,-0.27313354897842956,,0.3505612840244111,0.6470588235294118,0,1
-0.92975601433703103,-0.32987669260190799,-0.16350878105516256,0.35759702298278195,-0.91479707728167214,-0.1878048895816132,-0.087624899189502448,-0.2330829789472765,0.968501007726421,-0.06385241783796182,-15.543668771209125,-0.76032394094111133,,0.1851563085031623,0.2857142857142857,0,5
0.199125440587504,-0.93687300333527401,-0.28743353063339039,0.97985536532199735,0.18578055684961944,0.073273786215403772,-0.01524867077904872,-0.29623396212822911,0.9549936741786742,-18.491298237659034,-3.9827447990879739,-2.672952615075304,,0.2373870942322185,0.2173913043478261,0,2
0.98539514623463642,0.16053069455415445,-0.056800544743697723,-0.14490195772719158,0.96569989471255369,0.21546957093517957,0.089441759956114558,-0.20409215922745283,0.97485720088525252,-11.852658297043819,-21.990637917326126,-1.6887392782368582,,0.08054652080358519,0.5,0,1
0.55724500071566729,-0.79414620059354446,-0.24250736331137074,0.82803690397448493,0.55324201885557167,0.090984362551815787,0.061910377431774168,-0.25150562748266414,0.96587371043568948,22.657307673878723,-0.2172943269551959,1.1269380083990774,,0.1916572186153906,0.1875,0,3
-0.96976203816568762,0.23054042307318162,-0.080079352282411448,-0.22987256578878398,-0.97306180912820928,-0.017587470364380742,-0.081976782264329834,0.0013523850691213176,0.99663332185122733,-0.029562403142678117,-4.4210016753242485,-1.09879749365033,0.1885010397131657,0.1703060060608514,0.7320574162679426,1,3
-0.31793835253435349,-0.93879449130702219,-0.13258999615103564,0.94695760176650112,-0.32132804138322363,0.0044260905389347776,-0.046760073186199506,-0.12414988083929741,0.99116108814017256,24.819522704569572,-8.3762247309320745,1.4805706222116415,0.4415005003595863,0.4265378966923859,0.84,1,4
0.6296401063811915,-0.72001841358280472,-0.29176500910490166,0.77570573914375152,0.60336477087537788,0.1850177275991377,0.042824557157404894,-0.34281837373192847,0.93842507422599708,5.7113204670017286,-11.722553649021183,-0.22293441877232928,,0.6073192771515027,0.3142857142857143,0,3
-0.73689531392518337,-0.64801285955703036,-0.19252176542880961,0.67161090397983803,-0.73421200358043237,-0.099355560759282355,-0.076968110087813485,-0.20251436405136117,0.97624988726369788,-14.994943469882765,5.5760896125936465,-2.7110778526734829,,0.4484124125341614,0.1,0,1
0.035893032943495662,-0.92636950839354415,-0.37490161923472831,0.99916017067908403,0.025845764689798364,0.031795436404359979,-0.019764703758500004,-0.37572800050875055,0.92651919900185331,10.670954335880305,12.67910149846464,-0.37375718709732425,,0.3676526043728239,0.6666666666666666,0,2
-0.17707816772891874,-0.92003193283350493,-0.34954908822712283,0.98329204895900713,-0.18060654936147344,-0.022760069897478117,-0.042190863557947399,-0.34773915064942806,0.93664156118434561,-20.88916493270612,-1.4286802751119581,-2.9656655520919877,,0.2702143403544198,0.1176470588235294,0,2
