axis_00,axis_01,axis_02,axis_10,axis_11,axis_12,axis_20,axis_21,axis_22,location_x,location_y,location_z,dbh,dbh_approximation,score,reconstructed,number_clusters
-0.051278243096598584,-0.98697549985997313,-0.15247919353499775,0.99859244750649745,-0.048600477890148347,-0.021239522872079111,0.013552327029352298,-0.15335369648302047,0.98807842715398064,-14.785541904124118,11.142716933919578,-1.4740807568123366,,0.3180994469822799,0.4193548387096774,0,1
-0.99704983738802266,0.058786361021430492,-0.049353677901217363,-0.055949164790888448,-0.9968038453037219,-0.057024424126135564,-0.052548194295532924,-0.054094895744177411,0.99715215966807536,-10.926229140103237,8.358845711077926,-1.3806590869479145,0.279646383223802,0.2183287963365451,0.6705882352941176,1,5
-0.7925346848480479,-0.60057758253993754,-0.10580803685585292,0.60839618298293496,-0.79056102116825744,-0.069766441368303275,-0.041747548965181847,-0.11966553037481667,0.99193613856715246,-8.7884762086561317,-9.4453041074604265,-2.0916007537540051,,0.7530927812814117,0.8493150684931506,0,4
-0.051575722447642157,-0.98713392751924212,-0.15134911296218301,0.99863423743034996,-0.04971215171299688,-0.016073636924091618,0.0083429422811933125,-0.15197141544547063,0.98834967708882937,17.083428797090214,-4.8457375524783588,-0.4194174475687113,0.5092452912768239,0.2085408754557681,0.7368421052631579,1,5
-0.83831798954538883,0.54464651051459634,0.024148022462521297,-0.54298516334253955,-0.83014920635784739,-0.1265677983268701,-0.048888248019871461,-0.11921608015577943,0.99166398817232326,12.705525649927752,8.0604422296032912,0.1739407371705611,,0.2090366516558399,0.1923076923076923,0,3
-0.35177441358606637,-0.90915867023622055,-0.22290193870956895,0.93603440565027629,-0.34410829722057257,-0.073682231391902844,-0.0097135670642142981,-0.23456340745790538,0.97205229000122406,-23.988582309183549,-1.3354992113720128,-2.7347569456973941,0.4079452926187428,0.3155938264348233,0.7978723404255319,1,5
0.97356061921566783,-0.21856437966607081,-0.066402806067150322,0.21967538793200397,0.97552351694109163,0.0098281143566517175,0.062629423191734965,-0.024155327281359135,0.99774449410387678,-5.8327593145320824,9.969990745845708,-0.88177922978176382,,0.09009074702471184,0.2727272727272727,0,5
-0.84630554338189168,-0.50223101053191033,-0.17756953370772446,0.53024785108040129,-0.82616581576571768,-0.19049215544159251,-0.051030810944947512,-0.25537043078685434,0.96549562371563269,-29.218327246478289,-5.2912675051383946,-3.2236262128358786,,0.538510102050944,0.2909090909090909,0,2
0.90400450300551838,-0.40241179370162788,-0.14436276124950892,0.42312857942271803,0.89045068799785798,0.16751052957904594,0.061139707404082339,-0.21251428312934242,0.97524336226634412,-18.921467972939496,-7.0997831508482818,-2.5581601147269337,,0.1740025126363095,0.2727272727272727,0,2
-0.38402565303586228,-0.91398169283341824,-0.13100291208877213,0.9233204260403014,-0.37984473334629226,-0.056545286327337282,0.0019205903092626389,-0.14267250511028073,0.98976808779553038,5.32906924149946,21.957900298558066,0.32184289363805912,0.2141640549051418,0.3303509004925993,0.5681818181818182,1,5
0.51986617926273582,-0.84988393050821887,-0.086234913594576565,0.85382993521262129,0.52011434626803743,0.021342646063231836,0.026713243786058685,-0.084725270551772647,0.99604619929818161,4.0926642991095115,8.7759992716809681,-0.28163893453816596,0.2268422827304217,0.2141459872590223,0.7422680412371134,1,5
0.50692769196699494,0.8588136595989726,0.073914905149335894,-0.86187293202807913,0.50358818728774168,0.059782829153265694,0.014119637188596856,-0.094010827623557627,0.99547104434794897,12.254575810606722,6.569511667964389,0.035403925946474034,,0.2589405386712899,0.2352941176470588,0,6
0.21492042268812564,0.96913571122177666,0.12076913987529755,-0.97652836641613594,0.21504594900401322,0.012148637849448838,-0.01419723551228036,-0.12054548125759465,0.99260627917225297,-4.3237223270829732,15.162288445839843,-0.54652426206474258,0.5538005777381786,0.3348780158407504,0.5357142857142857,1,6
-0.98240084876513734,-0.17509716078013754,-0.065035041571992594,0.17874625522442389,-0.98234081452192712,-0.055283816507546671,-0.054206536402737128,-0.06593563839934842,0.99635041175285688,-17.713543908644745,4.3219319795687241,-2.078782214704793,,0.09689056987777571,0.4166666666666667,1,3
0.3273203559956448,-0.8820535684966111,-0.33888476928489863,0.94427564601551017,0.31851403680288098,0.083019953634800067,0.034711509515947488,-0.34717475521979946,0.93715783112835216,-17.690056217736196,24.508223148321797,-0.98760675572048406,,0.3543945029956466,0.3809523809523809,0,1
-0.42561921678892795,-0.88152087702850013,-0.20437520804364628,0.90484917168818491,-0.41704615961351865,-0.085559787557130285,-0.0098111566690829641,-0.22134462748058664,0.97514629522461671,-25.356749343042434,-0.79982445668596691,-2.7995024770286396,,0.09015613394871434,0.35,0,1
-0.33131351008877641,-0.94096431266590874,-0.06940835916392836,0.94351405064298799,-0.33069019027287599,-0.020621209871166803,-0.0035488409256856563,-0.07231984752793498,0.99737517784513841,-4.1129135352584818,4.5043057978873104,-1.2458580799809729,0.4079640652902169,0.3804941190182348,0.9485420240137221,1,5
-0.22662977317190217,-0.9659278312780234,-0.1249894822558545,0.97397657757389966,-0.22436915695728402,-0.032064119256745738,0.0029278404132348224,-0.12900351223440393,0.99163981443954863,-25.220167324480016,13.156586116093496,-2.0973551790702789,,0.1561644875327314,0.2307692307692308,0,1
0.9852047071013279,0.16998881633758917,-0.021805674159100119,-0.16562622175084379,0.97707709990695979,0.13374713270177305,0.044041341645410577,-0.12815671327539099,0.99077556341914375,-1.9670396988949981,-3.2912356700383061,-1.5104365451293207,,0.1453449412302186,0.2147651006711409,0,3
-0.61881853120913433,-0.7635622108297293,-0.18448950003993353,0.78517336720543296,-0.60834927066969258,-0.11581860086762405,-0.023799345861820777,-0.21652693843600168,0.97598651428597116,-1.1276344842743102,12.976933707861869,-0.48305338385341356,,0.106013790614266,0.2857142857142857,0,5
-0.97736414355645473,-0.18813548833349644,-0.096769669420091048,0.20467323960774497,-0.95661011611575653,-0.20737876152940202,-0.053555540130106938,-0.22249072738996292,0.97346272673731948,-19.739959466696455,7.8718717609581441,-2.0526337673391821,,0.1302859444909083,0.3,0,1
0.98261238378279558,0.18075227792113591,-0.04244428422072484,-0.18041857225217497,0.9835215515240554,0.01159726149568031,0.043841099703086625,-0.0037378756042541796,0.9990315241586667,6.9847751168590086,7.4309268334560175,-0.22202108920991653,,0.09593250026916797,0.5217391304347826,1,5
-0.39971155877043713,0.88903783579889972,0.22325410702451962,-0.91594335388186365,-0.37787946824774121,-0.13511062118296527,-0.035755311003398717,-0.25849339255542414,0.96535108833016658,15.891159449711726,6.6852144305858845,0.27606000509892714,,0.5296224196100883,0.5714285714285714,0,4
0.99795140056700249,0.031413136563117963,-0.055733445592624588,-0.020385255175446631,0.98187991732187119,0.18840453638760471,0.060641928381203969,-0.18688243045097425,0.98050880348467362,-23.551637776610331,2.3078866826339035,-2.5747508055743253,,0.2837354788494992,0.3703703703703703,0,3
-0.036536897976323542,0.98997633408317842,0.13642548530790921,-0.99926233280433119,-0.034576824403612552,-0.016710279848253112,-0.011825621536008416,-0.13693539049271586,0.99050939092261703,1.4443878252825484,-7.8370969109200592,-1.5631846103457476,0.3216037735157458,0.1669146589821566,0.1111111111111111,1,5
0.26778697151436887,0.96323880682179386,-0.021474145377402675,-0.96347656984378205,0.26767969660244623,-0.0077768495473777201,-0.0017427705594287562,0.022772374916761796,0.99973915682613335,-13.550482051015004,-16.288705330217343,-2.5559192689556265,,0.09877090268307039,0.5384615384615384,0,3
-0.70733427549609618,0.70192249802679774,0.083564522808618286,-0.70556201092494952,-0.69385211062732366,-0.1440538000802094,-0.043133182678228528,-0.16085414306702703,0.98603522919326692,-0.74113769491102999,23.434945213904403,0.10078367744902188,,0.4552917557406488,0.3333333333333333,0,2
0.96296894477533579,0.26946692868615801,0.0088535723142845052,-0.26437964953479054,0.9373319363416891,0.22696308516100064,0.052860309402580304,-0.22089910696602497,0.9738631178104421,8.1836665942815401,-9.01814389544578,-1.3274252097970609,,0.5292728528996464,0.1176470588235294,0,2
-0.94527677899780349,-0.3180179619990941,-0.072913557953788496,0.3229401208660988,-0.94381228284927121,-0.070200093146921744,-0.046491821028297138,-0.089905231153641713,0.99486459379590098,-6.5194358384500131,-12.3398499835656,-2.0882632702998514,,0.08634546389551812,0.2258064516129032,1,3
-0.96012098948844626,0.27651825612230574,-0.041295757346331383,-0.27308184737094288,-0.95917441620089505,-0.073557759224615257,-0.059949897249296252,-0.059347226866572081,0.99643560578847645,0.70454014031528789,18.627756968180893,-0.055808915136389491,0.1839276957963349,0.1832705833300453,0.3783783783783784,1,5
0.79864337891242199,-0.57959294010137818,-0.16199005248468692,0.59893583034757081,0.79175133163260081,0.1200237475830111,0.05869092302236268,-0.19287781791239009,0.9794659375966781,5.8922394604183603,-13.775504884805995,-1.5691959444222894,,0.2214902609950073,0.5333333333333333,0,5
0.55973440569616995,0.82786402326091213,-0.036586255208919588,-0.82848221612820239,0.56000551221589168,-0.0033232284182948503,0.017737323339747771,0.032171187079024555,0.99932497321075131,-11.308810200237328,5.3011345143147999,-1.6513795196413918,,0.07543746122078608,0.2314814814814815,0,3
-0.99560276103294965,0.083168939006292061,-0.043105333871045592,-0.073170299468879138,-0.9777653709130455,-0.19652222957952681,-0.058491448086033772,-0.19250404418567776,0.97955139909703404,-10.678463796582184,-10.58211418304319,-2.243967967805359,0.2556603440464179,0.1669310490665534,0.3666666666666666,1,4
0.40505827712160236,-0.89174138321849084,-0.20180460250166077,0.91339647905487686,0.40444231151693522,0.046187538416692354,0.040430980515369509,-0.20303625811763909,0.97833614555742265,-25.210163994239384,0.6122539889981532,-2.7471484983036034,0.7536307886964281,0.3212187049471896,0.6666666666666666,1,3
0.0043498756082698256,-0.98080455801195288,-0.19494485775513148,0.99978055452299697,0.008260404655649976,-0.019251195095674523,0.020491983307610442,-0.19481833768385559,0.98062525662060018,3.8673959022771065,6.8570272557444634,-0.51359732782185175,0.2575024941132817,0.2122322603578526,0.2142857142857143,1,9
-0.60594628855794497,-0.76947605216693982,-0.20183087108872455,0.79534310642797501,-0.59112679513290034,-0.13415832114857967,-0.016076020662805772,-0.24181752876391702,0.97018856123032193,-18.453778486614009,-5.2444881099759488,-2.4809600273279124,,0.2220380706357303,0.3018867924528302,0,3
-0.87910366821727737,0.47629060459842215,-0.018000013838803924,-0.47221065061526823,-0.87546128824254721,-0.10288165159155044,-0.064759879342326729,-0.081943839060478418,0.99453072615560656,-1.5259657211897752,7.1501324788963441,-0.87192997385682158,,0.07560698920473918,0.1836734693877551,0,5
0.88518726362107292,-0.44251947619252507,-0.1435967322515744,0.45975022770413143,0.8792958284501543,0.12437272287827261,0.071226655467151831,-0.17611178058395069,0.98178989824224294,-7.8166705284210058,19.00721982808037,-0.53206915111098485,,0.3248667343736908,0.1666666666666667,0,2
-0.65842939231001474,-0.74871767976898007,-0.076763085813559562,0.75217007503672906,-0.65819785884847459,-0.03187094015752992,-0.026662962354284819,-0.078723659776707255,0.99653984959451336,-7.9207551252521586,-8.3215995121025816,-2.0252119833744984,,0.1122326584494309,0.6,0,4
-0.7245158868319056,0.68776749668606429,-0.045305631331685255,-0.68717120407839793,-0.72587124659406355,-0.030110955704285524,-0.053595391720022839,0.0093168594582794979,0.99851926877562691,-17.348762716564877,6.1506291968539708,-1.9890926085252014,,0.162481787890212,0.74,0,1
-0.11805346845575697,-0.96943776375104274,-0.21506696817257481,0.99298637982917926,-0.11384515951116907,-0.031895597339091857,0.0064364632607226179,-0.21732395604087026,0.97607831144403545,7.9201649205588831,-12.175818073648822,-1.4582032009465205,,0.2532517096779641,0.4736842105263158,0,5
-0.35050944154463393,-0.90459844258230171,-0.24257944897649902,0.93654632780939129,-0.33990127029762834,-0.085721072769776641,-0.004909913931186654,-0.25723293748610715,0.96633695397488328,-9.2288928786863718,-21.36144437660284,-2.5059852335442589,,0.1235831654954277,0.2857142857142857,0,1
-0.04108550735635666,-0.98971417460016609,-0.13703223591834984,0.99876889369714428,-0.036865982073459633,-0.033190305041403377,0.027797087405928289,-0.1382271751909547,0.99001038881946868,-2.9278647761119219,-3.9623389909333095,-1.6029966337521018,0.2353133270418206,0.2480528566984977,0.7247706422018348,1,5
-0.98927675622860167,-0.11310765570247024,-0.092402152611863547,0.12696857118754323,-0.97869564361136763,-0.16134998948473359,-0.072183665163307195,-0.17135196350675799,0.98256196908183324,-2.7877389508938095,11.7558450010131,-0.61772568899252145,,0.1428190702203186,0.2857142857142857,0,4
-0.72832232666909691,-0.68131427676474299,-0.073194567775539135,0.68448937969771573,-0.72834840274073664,-0.031351129262808912,-0.031951174569163909,-0.072934631702313804,0.99682478999175084,-4.7757173156676211,2.9708750996093003,-1.3889926989445838,0.2083239488081336,0.1859642247983096,0.7401847575057737,1,5
0.56260491780990385,0.82566982483784401,0.041773757412457153,-0.82659536523229438,0.56089965055265056,0.046170165544467748,0.014690426562916531,-0.060505556456890285,0.99805975222190035,4.3017820941588942,12.484258201875377,-0.15592862573243413,0.6483015219850049,0.4867433350641511,0.1612903225806452,1,5
-0.76595645934420875,-0.63777018430406518,-0.080993175031245673,0.64197948801506277,-0.76548625109991353,-0.043510186679877577,-0.034249662141417579,-0.085322865573998041,0.99576451495995777,-0.60350851256637605,4.8062695531119797,-1.00318604985138,0.3723311035363439,0.3192602393262979,0.9232081911262798,1,5
0.63400051116629419,0.75710281628390075,0.15760291055644343,-0.77302850235070197,0.61473578987772926,0.15661048239767927,0.021686087574918862,-0.2211226678076878,0.97500486121213925,15.790845954956565,-7.5320222774176839,-0.82079569350881798,0.5369769498171668,0.2575972929774832,0.2352941176470588,1,3
-0.97314555221902577,-0.22193040548083875,-0.06111161362162134,0.2241472254097952,-0.97402643422227952,-0.03210181890987561,-0.052399957418096346,-0.044937740923887914,0.99761457682976939,-1.8836006709331459,3.6520460499572667,-1.1334963891868119,,0.06650869729990863,0.2105263157894737,0,5
0.96514014303560991,-0.25255996533444797,-0.068687467644861222,0.25465690204134078,0.96674427851064182,0.023566124196494342,0.060451356840920539,-0.040236350197304725,0.99735984959235791,-12.551067753548162,-10.063206929287821,-2.3218239050017986,,0.06480026509247146,0.3043478260869565,0,1
-0.69484292847800833,-0.71414505766136127,-0.084794701261084779,0.71859863542961189,-0.69412017111527802,-0.042581559501705966,-0.028448302283356534,-0.090520852121203033,0.99548815634765153,-16.649384224666129,12.847130849711693,-1.5047438331936751,0.5622482444156121,0.5269975518792719,0.9441860465116279,1,3
0.060330528056764338,0.98627623104346873,0.15368611994283396,-0.99809358004843951,0.061613865916186089,-0.0035968031573081856,-0.0130166374491318,-0.15317613262370031,0.98811317142519939,-17.939826054980205,8.0324977260207291,-1.9238189759994917,,0.5625498916428966,0.5111111111111111,0,1
-0.21320858359577893,0.9723830364068663,0.094938561129000218,-0.97687613742621371,-0.21058262500252106,-0.036986080818175393,-0.01597222615425993,-0.10062896479250241,0.99479580791058153,-30.018250332545026,0.2123439038504786,-3.1057622590607155,,0.2600974951838206,0.2083333333333333,0,6
0.44529144849394808,-0.88098641689112933,-0.15993267068204248,0.89409485149265289,0.44708652669174909,0.026608911759756115,0.048061652411169956,-0.15484369830263361,0.98676922665001576,0.91140277079751386,6.1001944199467442,-0.81998832678366562,,0.08801267218392771,0.175,0,5
-0.15452974296389507,-0.95188403895163654,-0.26464567808417255,0.98798144118475351,-0.14986790770963279,-0.03784550321020768,-0.0036373636069823483,-0.26731327432032975,0.96360281390110836,-18.777508502000977,2.0497994893185023,-2.298087627929752,,0.3892696344193213,0.1538461538461539,0,3
-0.70758866564261458,0.68643417296332454,0.16770929146073221,-0.7046417729691643,-0.6676745876721365,-0.2401887107332801,-0.052898506982495756,-0.28812978180847415,0.95612916323790909,-36.370031139412447,-7.0034531049553328,-3.7131295113189151,,0.3427604906474737,0.2307692307692308,0,1
0.8508239035409787,0.52525255339658283,-0.014437462161375344,-0.52388295075774338,0.85008578229418919,0.053859229911279019,0.040562779350668432,-0.03826117995627093,0.99844416120266966,-6.3880099118039988,-3.1983672537108725,-1.7505881501900953,,0.07732798538382997,0.336322869955157,0,5
0.84144526287231636,-0.53299389731136337,-0.08881089470658092,0.53722863110981489,0.84283843025771588,0.031761271961063341,0.057924670958184654,-0.074437127225290417,0.99554198634956259,-10.360415017202586,-14.590008645441301,-2.3478667971343983,,0.1762391865928766,0.1052631578947368,0,1
0.27034596346052253,0.96267636806767987,0.012933306020623103,-0.96274119211583442,0.27040629508060465,-0.0031356951642516301,-0.0065159069962694976,-0.011603703925995468,0.99991144458457637,-10.167731236850376,-12.048697835924836,-2.2647688632583285,,0.3687053939640686,0.4285714285714285,0,3
-0.35827558090028172,-0.93048867464751384,-0.076350733351280592,0.93359889450496669,-0.35756229599147571,-0.023287521645890756,-0.0056313683656066425,-0.079624310596808481,0.99680903730469517,-14.165569337189838,1.5193038402665384,-2.0238043456119077,,0.07417852519663645,0.48,0,5
0.37066504783831145,-0.91672461800814364,-0.1490751389361997,0.92789448266681773,0.37246984407568939,0.01667466013783676,0.040239922309853945,-0.14450671261936768,0.98868526774724541,30.573186113705681,2.736411207518457,1.0501109301816025,,0.1823860602696108,0.7058823529411765,0,5
-0.90612386152147739,-0.40650973822152647,-0.11700162525569169,0.4207018402367273,-0.89488745412498027,-0.1489510190335854,-0.044153246798378482,-0.18419087160002881,0.9818982705027971,-7.9421222124104576,-10.947931402449111,-2.1080292370404705,,0.0954225555466823,0.3846153846153846,0,2
-0.031075988577873959,0.99320297835853744,0.11217007940461536,-0.9993747032423802,-0.028981514023254051,-0.020255230537416749,-0.016866696567846746,-0.1127293911304847,0.99348256095526799,-2.8749755292068273,9.9862778943298469,-0.68050719024887352,,0.09687390385322531,0.1891891891891892,0,4
0.42819747492598803,-0.90052277818738757,-0.075535742749222617,0.90285223567728112,0.42989371102435087,-0.0070169618957648611,0.038791274786253223,-0.065192968849261235,0.99711840511198879,-6.5427139093027442,-1.9979268605040867,-1.7253202179437781,0.155692034069838,0.1355955441136548,0.7325383304940375,1,5
-0.98222445776062495,0.18082845861866073,-0.050360531474990929,-0.17783443271694468,-0.98230833635334835,-0.05869622535527752,-0.060083517848797216,-0.048697031576004107,0.99700479938593933,-7.6782453131717654,-3.0089950231618681,-1.8168311656460046,0.1770256300780723,0.1714121490810227,0.7532981530343008,1,5
-0.966491785614504,0.25468884553200527,-0.032050277709582485,-0.24374586647415469,-0.94970483367587755,-0.19659267908403108,-0.0805082661374006,-0.18219308673560491,0.97996127384162557,23.827727922846581,0.16948274493019425,0.4506066212777759,,0.1433179699355976,0.375,0,5
-0.76171435633870777,0.64592777485391595,0.050680854568348643,-0.64638757641030831,-0.75222820582790073,-0.1278116873347141,-0.044433550498662613,-0.13011547190556405,0.99050271254594568,5.2493907452283182,14.914046860400269,-0.032095901635774839,,0.18507956872713,0.4074074074074074,0,3
-0.12900335357193504,0.98891957248613527,0.073458926762059909,-0.99135522406362719,-0.12682332253579467,-0.03362535624698796,-0.023936467762587274,-0.077161674520587989,0.99673121828115174,-10.643184897560529,-9.4690926453204138,-2.1977497376260358,,0.1262195095970388,0.2272727272727273,0,1
0.24341631252037757,-0.96585045726108965,-0.088777209955740427,0.96961207703588381,0.24463041433550944,-0.002894900377592039,0.024513646508445851,-0.085374788963608908,0.99604730135886521,1.9808488699771449,10.157445121472666,-0.38478176986130408,0.1761307566769493,0.1512566585682082,0.6060606060606061,1,5
-0.99670884441713936,-0.040631641316024265,-0.070146626323857014,0.056160433564440261,-0.97011646920482775,-0.23605093068957517,-0.058459260707838023,-0.23921351529862706,0.96920555556392085,1.6972454520689204,-13.611016823835087,-1.7398836862958746,0.4640689459006866,0.4488645389273877,0.6439393939393939,1,7
-0.92209836948407253,0.3869068967204059,-0.0061359811766604835,-0.38226657006938775,-0.91327128968697568,-0.14074026019897071,-0.060057192759909957,-0.1274307839718227,0.99002753946247668,-19.882107276720681,12.792368912962626,-1.7319153204108331,,0.1615529996103286,0.3333333333333333,0,1
0.39829047919826049,-0.90981425292141749,-0.11663069647851837,0.91669980937746298,0.39925723344911657,0.015972508440493263,0.032033633377188446,-0.11327703527018082,0.99304690705578191,-10.241465365202286,15.337271876434823,-0.83278280510587577,,0.1032437888073794,0.4516129032258064,0,5
0.0021699527181822855,-0.98828165595000472,-0.15262588187432788,0.9998968621248806,0.0043111618777905919,-0.013699598391203587,0.014197056667409494,-0.15258041288441618,0.98818908169742636,0.57905490243943836,29.018175652651557,0.36021072098946189,0.8430986282646713,0.6029693196226431,0.7608695652173914,1,5
0.0031581893682762845,-0.97695192263111963,-0.21343609513686299,0.99977378536031569,0.0075740636768391921,-0.019874900395324926,0.021033400728817181,-0.21332504406838193,0.9767548421313319,-6.091498191605706,7.8751087979927252,-1.0816825062042692,,0.1050361712114477,0.25,0,5
-0.99734731615364602,-0.030342118574246263,-0.066164089969897241,0.039444837112887932,-0.9892328658018581,-0.1409341762759464,-0.061175450846364984,-0.14317015421472518,0.98780558368328453,-16.676955693614971,-11.672295177378572,-2.5755148704671789,,0.1637487808797342,0.3555555555555556,1,2
0.44307897691192155,0.86847537132943142,0.22233207059012286,-0.89645220400246006,0.42718045110850034,0.11785715137347492,0.0073801190923320154,-0.25153010075325888,0.96782133798405112,-9.6343661255414563,8.7363244904347521,-1.2717399529138398,,0.3926669582738015,0.36,0,4
-0.80556289090346367,-0.54918879442436064,-0.22239626093523049,0.59025821889829133,-0.77652060799972067,-0.22047897943967421,-0.051610694843901718,-0.3088809049301382,0.94969938546219346,-12.825396905600067,15.145847067551662,-1.0323310320845029,,0.3614430812314414,0.25,0,2
0.9403087835144891,-0.31910869890851634,-0.11827522955553756,0.33254968824438069,0.93541063551006909,0.1200735100811713,0.072319406068263523,-0.15223856691246762,0.98569433510108562,0.4805748685915287,9.7597357344985731,-0.49064106215022213,0.6928744760987339,0.3333805377419055,0.6111111111111112,1,5
0.36634127041452569,-0.88552532527201056,-0.28572534345586181,0.92966823783660835,0.36116588428013185,0.072637260341540777,0.03887211273967018,-0.29223980278882161,0.955554737582889,7.7130296243930418,4.9214497771075223,-0.4512687300104381,,0.3247863116193274,0.2121212121212121,0,2
0.54094838888147889,-0.83369965905276622,-0.11099422985828808,0.83983255782526733,0.54255220937190429,0.017843063703730896,0.045344408510889937,-0.10286874452897449,0.99366086066415604,-6.6508429116015542,10.172062596052216,-0.93543320527394902,,0.06628323987128348,0.2884615384615384,0,5
-0.35918421264273637,0.93255977486466213,-0.036317594807321538,-0.93262977495369104,-0.36010464008586462,-0.022942342043867876,-0.034473239738172269,0.025630343208804598,0.99907691458113168,3.7823732288570233,-9.0351989318324542,-1.4933433183900713,0.1896179786747488,0.1356967933350918,0.6190476190476191,1,5
0.64958825643259321,-0.73118981223266433,-0.20831839955228462,0.75861295653199301,0.64152181707973666,0.11382504290577751,0.050413086462273764,-0.23197244814390061,0.97141510386418917,-9.4495375529604075,-9.3239090715496715,-2.1328553804673036,,0.07128707754851626,0.2272727272727273,0,1
0.77381283840956716,0.61899612506135793,0.13437815399666841,-0.63254806400030028,0.74407328880070533,0.21502996912703456,0.033115522674429118,-0.25139359190783911,0.96731826412286515,5.0502177517278941,16.438533695327514,0.037321120377284085,,0.6454869411021906,0.4318181818181818,0,3
-0.060101521769901349,-0.99263240172380185,-0.10520799460582272,0.99809985289974679,-0.058327033623771139,-0.019865567954518333,0.013582736191437576,-0.10620203480483892,0.9942517976251618,13.284653240999161,-2.8257983494544052,-0.51905206811026283,0.2489082814528216,0.1134329570156752,0.6170212765957447,1,5
-0.53328062003119137,-0.83207818340150186,-0.15250467863775258,0.845775120412396,-0.52798378788944966,-0.076795608059999562,-0.016620047850245692,-0.16993827242020793,0.98531454753103609,2.9785052268220857,-17.576438827752593,-1.9361819886867502,0.3057113443180657,0.2474436709605449,0.6923076923076923,1,5
0.67952574871550675,-0.72131035392641119,-0.13400048563787653,0.73139166418773904,0.68036224639066367,0.04662024499014393,0.057541206012048797,-0.1296864950748795,0.9898840450304639,13.832187764268824,-6.8621011466082855,-0.87637659822950464,,0.1046152574127696,0.2380952380952381,0,5
0.68715967869866879,-0.7169390676302746,-0.11751574054642702,0.72436394810917604,0.68852407939806681,0.035092203816970986,0.055753445188879973,-0.10923811328688143,0.99245079875784936,-14.123081850309372,5.2787482961498942,-1.8080645348545217,,0.4781168683054072,0.2424242424242424,0,3
-0.97122698110452743,0.23424297185201953,-0.042992805357638511,-0.21840410506243094,-0.948026251954597,-0.2313998109264517,-0.094962087521623037,-0.2153519346159978,0.97190830132820782,11.138806686510454,14.101841071798336,0.30753314863451059,,0.2175884610659146,0.3529411764705883,0,2
0.3256707890307548,-0.9423424129209762,-0.077002038819496271,0.9447416233984649,0.32755940186170135,-0.012965464528456106,0.037440648906232325,-0.06852455809618993,0.99694662983893145,-15.30372542635463,-3.3694109080172767,-2.2691937131555164,0.1812729171255694,0.2298820363917142,0.8666666666666667,1,5
-0.59644866551025155,0.80124744947040849,0.047450122530982054,-0.80108118617328439,-0.59054510088833034,-0.097598242689072287,-0.050178905630190701,-0.096223742049229566,0.99409409458853526,5.2630363703491323,5.4398881802186585,-0.56614508161317778,0.2238816454047028,0.1757197833331211,0.1794871794871795,1,3
-0.96854800930563167,-0.24009781282133744,-0.065328354858413845,0.24319171758137478,-0.96896427384094841,-0.044339875052855866,-0.052654934905644747,-0.058832612540087231,0.99687821800448073,-11.494544126965442,-8.1955338723982933,-2.2078008952864838,0.2519029854670604,0.2543154931050294,0.9227799227799228,1,4
0.97861339850034301,-0.19563512200801964,-0.06358235063692208,0.19649070465650975,0.98047751412544359,0.0074328512684602253,0.060886938329968977,-0.019767228720741555,0.99794891523038631,-0.56640392276227736,19.686456152511674,-0.063188780357241334,0.3561016848597873,0.345471376802681,0.7922077922077922,1,5
0.34213327962930812,0.93960948244208875,-0.0088791595888078698,-0.93964127019988364,0.34215825590804655,0.0014181858526431308,0.0043706186338444116,0.0078580162174462266,0.99995957381980383,-21.216286082272109,18.024575460611231,-1.5005484165939009,,0.146602116353276,0.4285714285714285,0,1
0.22072629882336889,-0.97262306516066699,-0.072693012904999577,0.97491670934693919,0.2222024408998223,-0.012786128980148579,0.028588648864064918,-0.068047398007790361,0.99727240049070687,-9.2632108893980512,-6.5407644655356441,-2.0311967349446904,0.2436255644363185,0.2249799480081243,0.9,1,4
-0.4343272886968057,-0.8918006479613001,-0.12669416162194458,0.90054551764163859,-0.42687532582193466,-0.082433166019332121,0.019431339347437338,-0.14989683285587765,0.98851067902726375,-14.268184781312371,19.344308297034296,-0.96720402068473565,0.1995657520533571,0.1691420035709788,0.1764705882352941,1,4
0.43534175050362295,0.89995390288636434,-0.023675577037150463,-0.9001986998668805,0.43547881504189279,0.00070880722869189538,0.010948106065426668,0.021004150287732646,0.9997194429660109,7.3364857566086776,3.9039584232728179,-0.51098944660852663,,0.07567563263121399,0.28,0,5
0.30895616385973729,0.95107621851535618,0.00033968751222326091,-0.95107622209712939,0.30895624935233995,-0.00023610926925029711,-0.00032950649068331595,-0.00025012130173957339,0.99999991443239999,5.9935052283895569,-5.8527415355695922,-1.2584341520681077,0.5431844100927141,0.2784120250853416,0.618421052631579,1,5
0.82159590007178951,-0.56359117916050849,-0.085703907482048244,0.5673910606286996,0.82299912506301365,0.027199714413036622,0.055204721753334879,-0.07097480481113784,0.99594930381930347,9.6437857540395946,5.3485024945640625,-0.25593530276802412,0.1647175957827456,0.0831421893020151,0.4615384615384616,1,5
0.56146919426453845,-0.82174224683276786,-0.09742701710595561,0.82632405461142577,0.56304158773607982,0.013142573955190343,0.044055654148623516,-0.087885438212872799,0.99515589185195907,-13.931828845917444,3.5424219902622935,-1.8824832354656174,0.4619553861416124,0.4502679308059226,0.9371794871794872,1,5
0.39804512463150854,-0.89529714877413513,-0.20000773523539417,0.91650345487640272,0.39755572330189909,0.044394414846037643,0.039768026814328221,-0.20097876073557749,0.97878804742216119,-4.6411560245066861,8.9382091450705552,-0.87327985117410956,0.6113824262388616,0.5871631805130021,0.5585585585585585,1,5
-0.90572873228279049,-0.40343568891754084,-0.12998118488857296,0.42006665581290714,-0.89530244284692539,-0.14824823947179733,-0.056563841732760176,-0.18887345165468866,0.98037102724859948,-8.4803804059110828,16.404066901597332,-0.70761968565870503,,0.2995552026832347,0.5,0,5
-0.4144745239660661,-0.87647099387021832,-0.24496829567773779,0.90969030812861584,-0.39133265975953618,-0.13900464993082781,0.025969448973124774,-0.28045917048597258,0.95951458634580089,20.45788143676749,-0.61778480331468189,0.080285301187627431,,0.3067078884654773,0.2826086956521739,0,4
-0.93457541604629546,-0.32996071538401811,-0.13302149459827975,0.35228657598019664,-0.91047206399246283,-0.21664438389548282,-0.049628218848174657,-0.24933220207701051,0.96714553863489749,17.307623542241359,10.861482772193494,0.55333559995293535,,0.4757607380381704,0.6216216216216216,0,4
0.96619870861636803,-0.247432165220388,-0.072369738720081914,0.25307281176618246,0.96385158208131294,0.083332344645448128,0.049134584691647387,-0.098830417047081259,0.99389050767852627,0.41231551114436316,16.749859367637718,-0.2094506326653513,,0.126933693953637,0.2352941176470588,0,5
-0.65604704324221019,0.75445380111470706,-0.020043428766636284,-0.75230292980241709,-0.65583908724270878,-0.06257310488820049,-0.060353780857977109,-0.025972170263962091,0.99783909900741352,-22.857165606701106,-0.86888847429790295,-2.6376216277835796,,0.151363501645997,0.2352941176470588,0,5
-0.52300869857233778,-0.84875414822451534,-0.077963434309592683,0.85217035603393609,-0.52247570612851568,-0.028719693635257674,-0.016358041284446428,-0.081458777164806373,0.99654246377570388,-20.961352085892411,8.182659079811673,-2.1238197103575431,,0.2684887977854861,0.6551724137931034,0,1
-0.99771663187954607,-0.031414228530574712,-0.059788533321722258,0.035355325570031355,-0.99719019004185427,-0.066043363316286866,-0.057545837597266364,-0.068006405066867073,0.9960238980291134,15.005928909358913,-7.4900664673896129,-0.86323948341771806,,0.07001924304403703,0.2142857142857143,0,1
0.22333178245419419,-0.94022368223120367,-0.25710375788274359,0.9742573324014967,0.22363663365777958,0.028448310110356385,0.030750044028447159,-0.25683863310999777,0.96596498452813295,-16.81637473308923,0.6712498746754717,-2.2327046027561468,,0.1687634022379945,0.2941176470588235,0,5
-0.94169403526415052,-0.32912873040571006,-0.069904383048879179,0.33336792741465193,-0.94080114579007268,-0.061310921142515538,-0.045586938032492974,-0.081040008030662428,0.99566779006815809,4.7058828277087263,-5.5415521210451413,-1.3016846267881848,0.4009430995111491,0.3855268990418029,0.8888888888888888,1,5
-0.042146623268954367,-0.99102365928929459,-0.12686910134418866,0.9990120603227669,-0.040010354260343835,-0.019341015527189719,0.014091326292654152,-0.12755892082021922,0.99173088902307371,-19.534007298871614,-5.4552798796726982,-2.5427729537209984,,0.121557533508689,0.2758620689655172,0,1
-0.32376709170035473,0.94602109729323802,-0.014797087821358322,-0.94587028014983388,-0.32400749534953177,-0.018669656842036593,-0.022456256615257013,0.0079515051042000733,0.99971620478284184,8.5900944864654303,11.640281247244612,0.066848820591627486,0.2576351899757311,0.26907571493634,0.7,1,5
-0.98096381705445912,0.19200844899496225,-0.029030073105219802,-0.18461948108302154,-0.96848850442898482,-0.16716956658896917,-0.060213261285046477,-0.15862777910396694,0.98550068029502735,-10.840671393194125,19.234258271387862,-0.74202003054204102,,0.08823575654525227,0.3076923076923077,0,1
0.63508008246549674,-0.76070615864764279,-0.13416195083243826,0.77164046152330368,0.63270671361974506,0.065216659532709192,0.035274452451047426,-0.14494259117336655,0.98881108320458733,25.711427713532515,1.7359635322905713,0.71551945986735932,0.1260357052340503,0.2219640426056555,0.2,1,6
-0.68553769318058178,0.72773712515049249,0.020898514453032997,-0.72622967843529607,-0.68153249390595838,-0.090021741318927401,-0.051269146554372237,-0.076890418310878061,0.9957205120833682,5.9525763063112382,-6.6097170689517544,-1.2949388059363345,,0.1104251057182888,0.5,0,6
0.92237192031748094,-0.38030408321747616,-0.067814783771349557,0.38292472246324005,0.92327287839370298,0.030591648354648428,0.05097742182859457,-0.054184834693102923,0.99722881333873814,-8.8903808225702203,10.990623369050368,-1.0670377799814086,,0.106365968380335,0.6081081081081081,0,5
0.98815598333717558,0.14689125535415523,-0.044392698672417366,-0.14317959598363841,0.98664758491311322,0.077628258250994342,0.055202861238361288,-0.070352699206223418,0.99599354507220428,-11.381540588912632,-21.325222537562521,-2.5904566076212276,,0.199629671996796,0.4814814814814815,0,1
-0.99336322968861068,-0.092904875180375948,-0.067809867057321088,0.10034583058724575,-0.98815011402651942,-0.11614674525415147,-0.056215728994371085,-0.1221803434153618,0.99091460555213118,20.458035000817262,-2.0540911673545379,-0.02077111398891136,,0.4794260172028176,0.6097560975609756,0,1
0.41121210645237488,0.91135478148924798,0.018359350851435252,-0.90956360658126079,0.40891193771241607,0.074061277191031963,0.059988741359445062,-0.047153891175199573,0.99708468118668203,-17.614091137574967,-5.808306910074533,-2.4451950725948137,,0.1094809211281845,0.2857142857142857,0,2
-0.62813562593974781,0.76376447142906423,0.14869252707504491,-0.77485318945362847,-0.59653471682251213,-0.20916229683913981,-0.07105047655589905,-0.24659716910006696,0.96651004442427413,12.157000052508142,-8.6937729985048833,-1.1096017564100453,,0.5702498848455645,0.25,0,2
-0.61049578521153025,-0.76122755742596759,-0.21869499778059093,0.79109007571124823,-0.59944557283619915,-0.12182568414851042,-0.038358680244879664,-0.24738150905509568,0.96815856171780823,-17.603309690056484,-0.32236471954224349,-2.3040460645733822,0.7094729806955988,0.3452609995681947,0.3181818181818182,1,5
0.96981822152811226,-0.22988242320764327,-0.081281539676810899,0.23656293699868206,0.9678722919546755,0.085212694505938033,0.05908124939952214,-0.10186902358708839,0.99304184604819445,-12.803913053878118,4.0460816250564102,-1.8025832551132901,,0.07413851144694736,0.1756756756756757,0,5
-0.91149384844349635,0.40940546567251035,-0.039574346831479201,-0.40693503971286371,-0.91160844323935974,-0.058085451436651989,-0.059856810001479771,-0.03684034326909312,0.99752691763393586,-10.551037284805977,4.2998305021614893,-1.6633136708005536,0.1326646929375338,0.08675273659096754,0.3223684210526316,1,3
-0.9967962479827982,-0.046493005890959054,-0.065081797844245559,0.055955361353881052,-0.98678313186566435,-0.15207908535083647,-0.057151006493084591,-0.15523353719030453,0.98622325636146579,-0.32387708536930215,-8.8351635035753802,-1.6776734964913218,,0.1920794408953938,0.1587301587301587,0,1
-0.67412296520409698,-0.7140034858505796,-0.18909587509424391,0.73840528962927243,-0.65762815173942502,-0.14927438590494588,-0.017772338955440819,-0.24025868607192855,0.97054619041807799,-0.021306657892502318,13.847965582802924,-0.35875743082492279,,0.2174883688656229,0.2307692307692308,0,6
-0.29721728274698611,-0.94174828049627035,-0.15739143248225396,0.95471474604175655,-0.2907954392145477,-0.062910779858796936,0.013477408019417526,-0.16896209253656885,0.98553040072782205,14.730205780373019,7.2637360332777545,0.2416209252069077,0.2358995699978063,0.2612109487378325,0.3333333333333333,1,5
-0.84431708717930087,0.53395742063100338,-0.044923593468747698,-0.53236859715471319,-0.84542083156991221,-0.042980161832635942,-0.060928918097914779,-0.012372974610920292,0.99806541691348771,-3.2719793321082311,20.899024337710649,-0.18004072969231905,,0.1011181119511732,0.2,0,5
0.17761223444947571,-0.93216297564777861,-0.31547754437573433,0.98373983919791663,0.17685567831002783,0.031272956757510913,0.026642502673766701,-0.31590228850228191,0.94841758796971887,-20.85500841648259,-5.8596330940887844,-2.6431874277502585,,0.0992532243885338,0.2,0,1
0.31384694139028502,0.9444726358486375,0.097321824443900654,-0.94921550294527912,0.31449878292179068,0.0089690862997354806,-0.022136538760669868,-0.095194304839306798,0.99521254914608948,-5.2798456030611067,11.21697248265809,-0.80309571039651306,,0.2202498225444825,0.2307692307692308,0,5
0.99292501637192487,0.10907480345993845,-0.046931856057359028,-0.10460706365071863,0.99052766908286283,0.088951104634202319,0.056189626241748329,-0.08341237337137769,0.99492969694916966,-5.0678157830387907,-6.9100161302738234,-1.8362277469598314,,0.08270184442874452,0.3846153846153846,0,5
0.11256426362955865,-0.9799194406414683,-0.16458182283122091,0.99338025948802267,0.11479916588678922,-0.0041001916060464548,0.022911713446271364,-0.16303079882221527,0.98635491179511359,-16.726735235964941,2.0403140080029418,-2.1666650407735273,0.2521293281145049,0.2097034573591534,0.6492537313432836,1,5
-0.94405044871353738,-0.3032011474104212,-0.1297606045484351,0.32611840537695153,-0.91685065485812656,-0.23028604465017227,-0.049148102284479335,-0.25971896522054544,0.96443274682406221,-7.4817605225765069,-12.285204222303593,-2.137460100513823,,0.2220406491241478,0.2631578947368421,0,3
0.011345191583033242,-0.96995830656850968,-0.24300652284803387,0.99989505015531832,0.013194330274481986,-0.0059831700209653565,0.0090097337827574082,-0.24291313914104273,0.97000620179966235,-11.851798777452139,12.333017873406659,-1.1682597681910363,,0.2746990157470031,0.3333333333333333,0,5
-0.34976746514947005,-0.92372567309476761,-0.15618451007873482,0.93682550890172145,-0.34567783816092917,-0.053523808491346227,-0.0045482077729766968,-0.16503851995824059,0.98627663499448703,7.2545328348099352,1.9909949760531045,-0.62246027227007905,0.875138035317282,0.8742358163150763,0.9772296015180265,1,5
0.69994833571903448,-0.67425710728250654,-0.23547755859780123,0.71097970657107068,0.6890784439010722,0.14028098586405541,0.067677057916760333,-0.26560920810450772,0.96170243027759261,11.856212137740828,-18.188560032688009,-1.4746384381238498,,0.2878594081026933,0.6086956521739131,0,6
-0.53203732809526116,0.84638258441267988,-0.023933288870687058,-0.84533466353289377,-0.53257082205477979,-0.042161903723922187,-0.048431272365948193,-0.0022000679099473913,0.99882409440211584,-24.47039867001951,-5.6154992931379244,-2.8768993894645494,,0.151268211212829,0.3703703703703703,1,4
