axis_00,axis_01,axis_02,axis_10,axis_11,axis_12,axis_20,axis_21,axis_22,location_x,location_y,location_z,dbh,dbh_approximation,score,reconstructed,number_clusters
0.99941003337201662,-0.02533370706456475,0.023190266960779488,0.024021550028639174,0.99818569055422757,0.055211342195266459,-0.024546900610198881,-0.05462170318790914,0.99820534921993165,3.8045404591219749,-13.110028627113033,-2.3262450234483678,0.7820049532051949,0.3386295686802639,0.3448275862068966,1,4
0.9747116925024577,-0.22229905320037729,-0.022808933451805773,0.2232516684384914,0.96421970496959131,0.14296521635622944,-0.0097882091530056958,-0.14444200045197864,0.9894648550944124,-3.0638264235622308,13.898268091626623,0.2850607738091388,,0.1131650922827617,0.2857142857142857,0,3
0.91397819200772168,-0.40551971382381041,-0.014057959828888271,0.40574890942655911,0.91310517523571721,0.040084429107918131,-0.0034186303476200718,-0.042340295913050545,0.9990973988098163,-1.030221816496484,-15.058149520021644,-2.4377940194203127,0.2132404586838182,0.1234120712864979,0.3214285714285715,1,5
-0.12396412617947791,0.97697084324359973,0.17366884254939635,-0.9883834633513281,-0.10606228665572105,-0.10885274788903103,-0.087926246332888328,-0.1851452478494876,0.97876974432425079,-5.4754098834559946,14.580828057572935,0.39837221832653713,,0.07711644266206263,0.4545454545454545,0,5
0.75770522359478976,0.62781233887948507,0.1781416887981036,-0.64671117063037209,0.75893370205152166,0.076054570357516435,-0.087449733670628166,-0.17283316533884061,0.98106128301951323,-8.8440525338295508,-1.7547719039228744,-1.320538883240908,,0.4794086494820419,0.2217484008528785,0,5
0.47346795631167959,0.87271676242631702,0.1191366733049425,-0.87627580469059418,0.48040961407861144,-0.036705814453463353,-0.089268182797084691,-0.087017557314411867,0.99219914143237375,-10.012778277720884,-23.338838182390923,-3.0920748485448968,0.1624493702831281,0.172034610496871,0.7391304347826086,1,4
0.7732658471928775,-0.6325895253174223,-0.043478983702008325,0.63199612998713595,0.77446535519814375,-0.028005450881865082,0.051388921436089599,-0.00582289073325908,0.99866174087983561,-1.3071901969536088,-21.144409349869083,-2.9512202932670824,,0.2463318431649051,0.32,0,3
0.93858297864787565,0.32788285594815075,0.10749337173874919,-0.34012199709045982,0.9316109272311508,0.12813316260325469,-0.058129332420715038,-0.15682446568950595,0.98591433079833168,-38.850791483468178,-1.4892377807271595,0.20921511815851787,,0.3451846003338418,0.4545454545454545,0,1
0.28501050371587294,-0.9553143521054982,-0.078380491404918248,0.95673651949841987,0.28851829802610085,-0.03758222934010582,0.058517049051319901,-0.064278148428328269,0.99621487371196737,8.7041056035902873,2.245822932828057,-0.97124860569100036,,0.08617050645485831,0.4444444444444444,0,5
0.16923735046015279,0.93689483020467224,0.30591959130625423,-0.98249879626884284,0.18488238341530158,-0.022685229400487658,-0.077812817321459227,-0.29672644209513177,0.95178704762255584,5.3019436430308318,11.80523098060133,0.048174367789152094,,0.363630174216804,0.3103448275862069,0,1
-0.16469040318409081,0.98189799225758545,0.093559627508791543,-0.98491838808423871,-0.15861026785620469,-0.069127069546799563,-0.053036213218956837,-0.10353316247031788,0.99321097675986636,5.2320130465477162,-8.7647214170630878,-1.9519333406245893,,0.2388790079995876,0.2105263157894737,0,4
-0.99855808279292002,0.048224255159356744,0.023583394650735636,-0.051755430475674602,-0.98148099885632989,-0.18443542040578359,0.014252392964155309,-0.18539004854173208,0.98256165160079845,7.4158535875353575,17.074645864933107,0.58936899673043008,,0.1527042983597172,0.36,0,3
-0.72590885218611789,-0.68778815940865323,0.0019457890660261588,0.68368962821118351,-0.72188587205284771,-0.10700130843570858,0.074998870620072822,-0.076342881185849198,0.9942569757854135,8.1538507321299658,-6.0369080643649395,-1.7181040039880866,,0.0837762827882796,0.4375,0,5
-0.43738537034396985,0.88736631203464134,0.14585974796052653,-0.89805414310762299,-0.42256215569433048,-0.12222921345649804,-0.046827276840555813,-0.18445122076310697,0.98172549793855213,15.357929674919095,7.7694710377460456,-0.38275298280374648,0.4194873408002086,0.4764309981430443,0.7209302325581395,1,5
0.029645004944716627,0.99749870782261729,0.064167761173630863,-0.99679993030740999,0.034269939006601823,-0.072218212520297073,-0.074236598931866044,-0.061821510598594968,0.99532257495062226,-7.2289995508597942,-13.145006558713863,-2.2174318606858971,,0.07497115742420517,0.3214285714285715,0,5
-0.98674928421150254,-0.15963421562121541,0.029030454889414133,0.155240661335211,-0.98090183771874706,-0.11718328305774356,0.04718248802567928,-0.11112381366288772,0.99268590745548613,3.686882795879292,13.57002419110802,0.22369271189046777,0.2770008347412583,0.08850727199749391,0.2,1,5
0.96027242097007914,0.27442044072607236,0.050698118663030166,-0.27368746746937944,0.96158916713472642,-0.021010563993857943,-0.054516489931578579,0.0063004254499819468,0.99849299294721572,6.7015248124521554,-6.8457214993649513,-1.795718022814957,,0.09816652637289314,0.1,0,5
-0.43522695499000602,-0.89685535327267829,-0.078917507286196814,0.8966691616577398,-0.42390660450876633,-0.1276229022779819,0.081005630558216482,-0.12630782224386577,0.9886781184277712,-8.0389089858310481,1.3477532584109231,-1.059703252912644,,0.08161453333399397,0.1798561151079137,0,2
-0.74627573526051416,-0.66562396626446607,0.0041548159693562551,0.66142107070422096,-0.74223609379644651,-0.10773926069114506,0.074797688399179385,-0.077655113161677905,0.99417050308786858,-26.615119251459433,28.263783575008951,3.2106601047545111,,0.3770854803947042,0.6428571428571429,0,1
0.6273248814305239,-0.77873761831041721,0.005587035564464278,0.77798732332144227,0.62636918556225774,-0.048962926068736819,0.034629725516056281,0.035062304634661118,0.99878497030361313,-29.537840079569957,3.8155731418836103,0.35725585435778245,,0.4727811087851778,0.8,0,1
0.38080312613887657,0.89708938435594399,0.2240973350995788,-0.92384241409944201,0.37929053557072362,0.051515857145054744,-0.038783669679065241,-0.22664802249820701,0.97320424416659734,-2.1809588761279048,19.865532691835565,1.0454640415238292,,0.3097795384123355,0.1,0,2
-0.42383254532948722,0.86995857575394098,0.25206755045364765,-0.90445298772105942,-0.39167598715267637,-0.16898140161102357,-0.048278012821341275,-0.29960306667347492,0.95284166361356781,-14.554505477672967,5.744182529582365,-0.2964927605607427,,0.6484649460392096,0.24,0,2
-0.96513968197262923,0.24770604860589773,0.084540568757389523,-0.26169559443224444,-0.90763878321549263,-0.3281878350241717,-0.0045618128550591252,-0.33887099711712015,0.9408217882130081,-4.6147455639306019,15.27505983733937,0.49353554497097796,,0.1785062323693498,0.3076923076923077,0,5
-0.23741775156041037,0.9627219909239525,0.12961164853291934,-0.96987844704107351,-0.22744080392951638,-0.08721512869389092,-0.05448494479391431,-0.1464139641540966,0.98772179377165081,0.47014711684125621,13.537746230414511,0.20849281624925736,,0.09268544353584587,0.1,0,5
0.53145958366417878,0.83719838966032889,0.12903320224520146,-0.84286418929220774,0.53782615893106045,-0.017971677112955997,-0.08444329067657351,-0.099206245365980453,0.99147740848699994,5.3719662779353801,-3.4619112648258907,-1.5318902964135279,,0.08547056230166253,0.1136363636363636,0,4
0.55980430195146669,-0.82735718575187678,-0.045817362444440769,0.82708103039631375,0.56128018977617211,-0.030025284734642929,0.050558012967312362,-0.021086387778818595,0.99849849853429329,-12.0982604131851,27.233025944398602,2.0959398110981979,,0.3179716181172381,0.4,0,5
-0.074816167158726674,0.99401991557062053,0.07954211828116213,-0.99608302932484871,-0.070724599834097235,-0.053071929203113044,-0.04712897010025676,-0.083201192463111612,0.99541771219423558,-10.762575239105397,-8.9704984913783701,-1.9767191818113052,0.167224994694083,0.1456526713640213,0.1724137931034483,1,4
0.50790567438591649,-0.86114778195815789,-0.021361731089306692,0.86020478095954811,0.5083502929385133,-0.040344943718682517,0.045602201053493004,0.0021159626349054618,0.99895743751233168,-25.005043207902624,2.9516347944524308,-0.090039207461088969,,0.3423172041575572,0.7241379310344828,0,2
0.93026271956582085,-0.36618358793822359,0.022822193380417327,0.36639500129004005,0.93044165971751602,-0.0057463807554912752,-0.01913048916456464,0.013707581362323584,0.99972302494116871,17.88695852197738,1.5219868820617648,-1.0532680053070507,,0.2804270615608307,0.2222222222222222,0,2
0.15995184795277997,-0.97742966848669399,-0.13800959929831708,0.98447990167753008,0.16818426842885967,-0.050133572045590893,0.072213084198723243,-0.12784871925459632,0.98916124846026365,21.538427103502563,9.5375612955654265,-0.31799477878540267,,0.1609455961687144,0.2,0,2
0.98325336843609756,-0.17454597925553825,0.052407199741936597,0.169425607203154,0.98142652764926208,0.089982967555831156,-0.067139981254902059,-0.079596934313052467,0.99456349770391905,-15.282426079759741,-4.0055937723787567,-1.3871446989395646,,0.1519724605756305,0.4745762711864407,0,2
0.68772408840509103,-0.71204031248295319,-0.14154211962015259,0.72540450501572029,0.68170746550985295,0.095201027153237555,0.028703350506257289,-0.1681473308361211,0.98534389570464354,-15.601053375962882,-10.062455212376362,-2.0165672850043617,,0.183637477075321,0.1612903225806452,0,2
-0.99876994581031853,0.031741173320734999,0.03809321806145502,-0.037525405699544274,-0.98603245509911419,-0.16227088900446462,0.032410480914961938,-0.16350075047973855,0.98601068215279708,20.614741463549009,3.2955941537082571,-0.91180564266491548,,0.2213888803732219,0.3043478260869565,1,4
0.15387105591609115,0.9789881560829784,0.13381288577904785,-0.98357955164078514,0.16468381257052248,-0.073827552250834177,-0.094313115447321363,-0.1202556947777792,0.98825280375424884,13.079330956860042,-22.797155850832507,-3.2523471086998277,,0.3715689919449559,0.9354838709677419,0,5
-0.45379097413292874,-0.89091411445578406,0.018595495663034499,0.88755551185693182,-0.45374491893459984,-0.07975438491652799,0.079491918884046581,-0.019687285351205851,0.99664108164756704,-4.1930653813104826,-9.3174261505677158,-1.9612744932893638,,0.07942242751849635,0.4470588235294118,0,5
-0.051561296834911882,0.96919645277885114,0.24083120352145637,-0.99359135168218016,-0.025496164444056387,-0.11011889692972333,-0.10058657231996476,-0.24496567416585671,0.96429982886516508,-3.3882360944109462,5.6679906064548602,-0.67237294766796896,,0.3768317168713082,0.24,0,5
-0.7000013463152196,0.68892824998782198,0.18808503801630647,-0.71391511629271998,-0.66844184373926674,-0.20859220567221781,-0.017981153623470938,-0.28029157658974596,0.95974648225831083,-23.115332888602342,-6.541273228376622,-1.3271969918086699,,0.09505420687415182,0.3636363636363636,0,3
-0.17963194089884282,0.98110308087275444,0.071896526417519452,-0.9815093805806534,-0.1738342145841886,-0.080131152943669057,-0.066118844825798703,-0.084961229639693353,0.99418805455357095,-6.2771949743969753,6.3430547440259719,-0.51733392262085331,0.1241623512696808,0.1041210146507693,0.5755395683453237,1,5
-0.6548282975364863,-0.75542489871148755,0.023089459764246204,0.75150812758353058,-0.65406785605858531,-0.086201936444727317,0.080221162553043748,-0.039095550612105269,0.99601009181683164,-0.95332868950943328,5.2341930529768819,-0.72234130454178147,0.4446065939490645,0.3488787393864341,0.9585406301824212,1,5
0.068039646193581341,-0.98627655657053426,-0.15042991891648896,0.99520057578419263,0.077723506483743862,-0.05945477692063833,0.070330793431211264,-0.14566265993466074,0.98683127686352501,-25.007135286707179,-25.651763045292622,-3.2297542946173148,,0.5675077753811787,0.2692307692307692,0,1
-0.69476009614516254,-0.6893023926063061,-0.20535486444588544,0.71511909093406711,-0.63149811742534012,-0.29969119685083673,0.076896648730616593,-0.35506666871937603,0.93167299315721641,14.509330887012579,3.0581515433295485,-0.86378992254101594,,0.39021742654209,0.1395348837209302,0,1
0.99681462552876465,0.063120920347554968,0.048747838376959556,-0.070050970888908465,0.98513865918468058,0.15682692261640344,-0.03812432044600729,-0.15974220354774032,0.98642230540283438,13.676443874022603,9.5859854807193763,-0.19292524757401877,,0.2274246215561717,0.3846153846153846,0,4
0.70259218070755169,0.70790077007965502,0.072392867944555225,-0.70739932925535631,0.70585626575854321,-0.036784793848502681,-0.077138943327471537,-0.025365957699952698,0.99669762295908226,-12.241880826406284,8.2588634987704133,-0.06004632862697435,,0.08861847276891277,0.1142857142857143,0,3
0.19487201581716923,-0.97708314466998947,-0.085635424055449938,0.97879879722627583,0.19934030846576797,-0.047078189952124483,0.063069897730603133,-0.074645628288442234,0.99521365453739341,-18.359940562342068,0.81031784129938533,-0.6934133265483815,,0.1264578370914416,0.203125,0,3
0.86276001974942551,-0.50533611746030771,0.016749827226371857,0.50560981295092022,0.86240877019622431,-0.024694739042404636,-0.0019660543499103443,0.029774510554818064,0.99955470743302222,-4.5426740940666859,-6.938342191613037,-1.7704197221260818,,0.07819331530481437,0.2625,0,5
-0.78971873207354071,0.60593680905673986,0.095837923820874124,-0.61338051039010366,-0.77725510653610708,-0.14013867716345024,-0.010424667176260829,-0.16945525307195877,0.98548274643475264,5.1255713280295625,6.8051372962643581,-0.49920636266490798,0.3079221478448979,0.2498496628003429,0.8969072164948454,1,5
0.76026271235142029,0.63954647233749606,0.11393383136156564,-0.64528350107478494,0.76370835272059456,0.018940834867141119,-0.074898674545880201,-0.087919632082148258,0.99330777045476182,-4.2615321699960598,-18.73899855744402,-2.7276938627148404,,0.08548867553401784,0.25,0,3
-0.64214458219781911,0.76178601113503641,0.085629485534824398,-0.76553030232372221,-0.63139558841983312,-0.12370516217249804,-0.040170782642852065,-0.14498856562827112,0.98861753173758649,-3.9929516142824046,17.734257014577882,0.79346748392070332,0.2142451973065853,0.1997708181421602,0.4358974358974359,1,5
0.80473478050382186,-0.59279858083600934,-0.031492469040684236,0.59289873637980872,0.80524603881734957,-0.0070643731635268948,0.029546936333423743,-0.012986898312554014,0.99947902380466558,15.544028400099485,4.9232373305439303,-0.68473276381327985,0.1370118692558468,0.1385334142739104,0.3333333333333333,1,5
0.90300843845252565,-0.42961088071269615,0.0032017583907032539,0.42960830020335034,0.90289160997990592,-0.014948211407441641,0.0035310734796818364,0.014873863020583983,0.99988314303168746,11.71944525493576,-5.8553989744142996,-1.6986187535667239,,0.1398992525192244,0.2894736842105263,0,6
-0.9992221842205955,0.016643156745327001,0.035749571955100624,-0.020254905684348769,-0.99445761950915668,-0.10316870550656372,0.033834381287982447,-0.10381256346768637,0.99402122025091955,-12.304297654927352,5.3176272936539712,-0.46722446190918143,0.1573604682662903,0.1315172847150519,0.6178861788617886,1,2
0.99932162152732396,0.014379676838357771,0.033904596178487956,-0.01488981124663203,0.99977898000220955,0.014841989987322706,-0.033683679565059632,-0.015336754538314533,0.99931486213865139,-15.815448542781997,11.339594018968443,0.45699882994580721,0.6681546185796349,0.5905532980471375,0.4653465346534654,1,5
-0.62139848033611411,0.77886075486528095,0.085087326709990849,-0.78264539626415164,-0.61199847062580481,-0.11368401672269222,-0.036470705264600702,-0.13723627975998443,0.98986670374103503,-8.4905491526493755,20.268468421950715,1.16196689065557,0.1750044035136955,0.1542441867066386,0.5,1,5
-0.14110714063023277,0.97016247714128312,0.19716374618638319,-0.98771140210503683,-0.12444430711465772,-0.094550518657777818,-0.067193459613728163,-0.20808263352293865,0.97580052091157243,-22.239959294064708,-29.74176821531373,-3.6304145991936738,,0.7178919695225732,0.4523809523809524,0,1
-0.13433703284611448,0.97241993647015945,0.19066470245295478,-0.98913018783828177,-0.11997707857523067,-0.085011599935299553,-0.059791580620589452,-0.20001241904423026,0.97796727916375992,-0.90584939804540521,-13.051157938456575,-2.2603862143396789,,0.1616825352520807,0.2941176470588235,0,2
0.13411878893352522,0.9875606557564548,0.082073757419071594,-0.98783986602636931,0.13980912639613244,-0.068013287417642176,-0.078641907047127479,-0.071953869793294489,0.99430281658947339,-3.9041572004062961,13.366781751341193,0.2501754389051466,,0.08432953233251164,0.4814814814814815,0,4
-0.88858433324737351,0.4493889535087483,0.092018754455985799,-0.45769909844153278,-0.8552651397012091,-0.24296723255961511,-0.030486357491952158,-0.25801377729916275,0.96566012278165925,-16.856592361077045,-13.033149734726138,-2.2273901051392007,,0.2095763649606816,0.4489795918367347,0,5
-0.91737730686169106,0.38230663465059883,0.1107272051364272,-0.39787630975750499,-0.88828845545715907,-0.2294298629980093,0.010645139216608021,-0.25452948160020433,0.96700642397421044,-2.1354769586599098,17.204598404320681,0.66401573440010986,,0.4364874463541091,0.1764705882352941,0,5
-0.20189417199357226,-0.9783271549999929,-0.045986096862538413,0.97596307902339874,-0.19702803296610286,-0.093145169540223116,0.082065898509663823,-0.063686199565755455,0.99458999406120774,-0.27483892956950445,2.9877246460288092,-0.9613681106050288,0.4118409870141849,0.3911732277885009,0.8530884808013356,1,5
0.49565658909447086,0.86138399714471225,0.11109525259988533,-0.86642866781423411,0.49927043638686819,-0.0055131605923948298,-0.060215523554031924,-0.093523477336248009,0.99379447065781645,-13.330325495105242,-21.03297099916232,-2.9626480566837623,,0.1652175175030425,0.25,0,9
-0.99498218123530735,0.08894643122597426,0.045814750860316257,-0.096146521573734878,-0.9767016891251844,-0.19185842918486393,0.027682221975505419,-0.19530064729072238,0.98035266703075963,13.329671354692508,3.9815226449137464,-0.77945896090777522,,0.1251057183882816,0.2631578947368421,0,4
-0.15288152766880814,0.96345765541806927,0.21994677700290838,-0.98617796454015549,-0.1343495610114058,-0.096970189808404592,-0.063876918782036426,-0.23173161560813887,0.97068027566987991,6.1548622360429794,12.510233795877093,0.095388365850494317,,0.4921263117278417,0.1071428571428571,0,4
-0.7712378631668465,-0.63634487807919304,0.016042274159632813,0.62785118261030537,-0.76461184435752894,-0.14550470770053839,0.10485728831453373,-0.10214657904479565,0.98922748924439408,-15.388729946151612,18.833184828644235,1.2102182297380262,,0.3909466055124417,0.7536231884057971,0,5
0.23319647982421568,0.95910201572493758,0.16044539641247629,-0.96939287267719143,0.24231145475232971,-0.039529954445630087,-0.076791016403340101,-0.14631637751178853,0.98625283648340956,17.998968800901427,14.135867228926749,0.2576878674025081,,0.2513458113222206,0.4,0,5
-0.33053857312102231,0.92916872437051923,0.16549843905843975,-0.94169327906583067,-0.31300411796326333,-0.12345926575305331,-0.062912795529701693,-0.19665681729780199,0.97845187739047046,12.193330356638132,5.5093094700475174,-0.60560725573644048,,0.1900110826513458,0.2941176470588235,0,5
-0.48259032686758907,0.87074433121916062,0.094397489709906052,-0.87461478508297996,-0.47339137730142777,-0.10464024852279318,-0.046427945551016481,-0.13305981191312272,0.99001996561966243,-8.1915524105570636,21.595066099889397,1.3188169636911056,0.2954822164600849,0.2550278389832034,0.4827586206896552,1,5
0.53000694434254081,-0.84797199815118118,0.0060107653568972881,0.84688424956792829,0.52893807369329349,-0.054877882898260712,0.043355585366245057,0.034176081535499829,0.9984749814934919,7.6889908088336414,-2.3638312208358836,-1.4041769039424579,0.1167303343366658,0.09932091791352024,0.1818181818181818,1,5
0.5937163197091978,-0.80113908904643794,-0.075346477773085646,0.80377845998423958,0.59486711582328478,0.0085616457210374742,0.0379620728666284,-0.065645064657835817,0.99712065794954752,-12.910522454009758,2.5661703644892491,-0.77253336870476552,0.2939736475328563,0.1343051985040915,0.6,1,2
-0.48339665808413496,-0.87538864994198895,-0.0047310153066906641,0.87122574779671003,-0.48055658377135224,-0.10015521039901816,0.085401213862299125,-0.052536476345008007,0.99496057777386171,-14.675042638279445,-19.725830406762068,-2.8244928092753177,0.2934550253337332,0.3277450380800947,0.7307692307692307,1,5
-0.8669339795267158,-0.49836621915194923,0.0075224165109072649,0.49410272282546741,-0.86130446198941468,-0.11839393165861532,0.065482626997025631,-0.098922875844350847,0.99293821066381172,-17.176510600369948,-3.7130884810408973,-1.2913109858381988,0.3394190614969184,0.405574350763873,0.8998527245949927,1,5
0.49315877698141075,-0.86758253513638484,-0.063991916774892896,0.86869399177264095,0.49505322461752832,-0.017118804102643107,0.046531380210741435,-0.047147105129720451,0.9978035784329361,-18.211321010248941,-7.0850723281601464,-1.6415538844976885,0.151738248268765,0.1608168424463103,0.3980582524271845,1,5
0.55194389342134065,0.82953679197491725,0.08500970106320492,-0.83069440710932663,0.5558740778204172,-0.030835233168995193,-0.072833649587105212,-0.053597764573390015,0.9959028763491744,-7.920302903479735,14.423217383095126,0.48028606530560136,,0.1020887422244112,0.2105263157894737,0,3
0.99742425187422357,0.03437652716408026,0.062953285484414187,-0.042728990209986731,0.9897116514452251,0.13654698967461618,-0.057611588840959488,-0.13888520934103138,0.98863127780660343,-15.107194448076008,-3.1172750750161011,-1.3248596836949491,,0.1101498456284318,0.3636363636363636,0,6
0.99950623482381429,0.0052785761419118634,0.030974557014374234,-0.010702234222342422,0.98403545804413706,0.17765044186411869,-0.029542321015329946,-0.1778942212264932,0.98360606816105367,-4.5956386994634357,-2.4693734603188342,-1.4584145042853396,,0.6702795040325075,0.2725245316681534,0,3
-0.88192422362359058,0.45115439956112108,0.13663590868645312,-0.47129481545971541,-0.83802942953956461,-0.27493248652421309,-0.0095320882665490096,-0.30686541509632204,0.95170518350539735,2.1009023393531607,10.789081209795629,-0.07336537306821321,0.6540051183880681,0.3228201975844236,0.4714285714285714,1,3
0.92362490114089735,-0.38329020676633896,-0.0023789471375010229,0.38328617547077493,0.92362750530669335,-0.0019847251495209955,0.0029579867228008163,0.00092132402003828901,0.99999520072678161,-7.0083771137070157,-15.471441385783629,-2.4009928594719625,,0.1796555687236854,0.1875,0,5
-0.92564527845247069,-0.37724652253587848,0.029425834112805253,0.37053304491624034,-0.91944160823713583,-0.13165254143923144,0.076720799681357588,-0.11096030946647495,0.99085908615673313,8.9819346149094201,15.177422371296474,0.3755314841534248,0.3531515326766981,0.2134482144239861,0.6571428571428571,1,5
-0.63793515277427693,0.76499734588039736,0.088418333227944859,-0.76943685224788483,-0.62845071527502772,-0.1140904416380869,-0.031712320282931146,-0.14081462731639213,0.98952795285227746,-17.118968510719469,-17.032694480334861,-2.6153355921991053,0.2210027682353596,0.1441446863778525,0.3888888888888889,1,5
-0.99399023835314237,0.10294749671838352,0.037218530036560435,-0.10764068214633998,-0.98104106251432843,-0.16115805039720996,0.019922088387880833,-0.1641957568884698,0.9862265783348616,-16.621668051644019,-10.977799786327312,-2.0793289224156415,0.361283153374194,0.2708976804442552,0.2321428571428572,1,5
0.99902173020018448,-0.02781992515375669,0.034374908760169916,0.029014844142413277,0.99897421207224757,-0.034765822786535422,-0.033372464805915943,0.035729195052123616,0.99880413656217215,13.28720781574067,1.7533870642780409,-0.99735086542417539,,0.1172808650578864,0.3529411764705883,0,4
0.035449774324419717,-0.9988337603051628,-0.032778541379937076,0.99739710564117834,0.03742139148770636,-0.061633214403633223,0.06278795393184991,-0.03050833875799145,0.99756048142820886,5.6045102719568298,9.1527057094887425,-0.25662697586711308,0.4625836370615842,0.3939682351665035,0.7115384615384616,1,5
0.97518954974277128,0.21205089971272878,0.063559090644150024,-0.217316357937483,0.97172212738628361,0.092356416781192524,-0.042177513502775495,-0.10387744258931199,0.99369539310385524,-6.6247087465891203,10.319384906631766,-0.048336790006687114,,0.1994721825551621,0.4603174603174603,0,2
-0.31127182427072131,-0.93483782664481607,-0.17084522027020399,0.94692672973692948,-0.28992607803045017,-0.13882592620835088,0.080247242475379732,-0.20499050502859545,0.97546874523134752,-5.196759129009437,22.156139059811078,1.3199995810086302,,0.07671367935549733,0.5,0,1
0.98400018708632953,-0.17514693289381544,0.03266777788520598,0.17508093248106407,0.98454188944716103,0.004892341502309619,-0.033019674371939527,0.00090544006066330194,0.99945429174258238,-1.2062965685868663,-18.711037719374627,-2.7598665382340459,,0.2383804912661411,0.2307692307692308,0,3
-0.52034484015321947,-0.83906811672657855,-0.15876379568035742,0.84998495790032913,-0.49098630550545669,-0.19093983122774535,0.082260675107233144,-0.23430139414654877,0.9686774685270052,-32.316257573763856,-4.9725037614760881,-0.55028820301464287,,0.4651280496888196,0.5194805194805194,0,4
0.97894730648861994,-0.20374682284392864,-0.012223064250879353,0.20314555098713175,0.96673420576770741,0.15542477444994163,-0.019850849674788319,-0.15463572543136753,0.98777210741521948,-6.7982178257928876,-18.329731991815159,-2.6599467365483616,,0.3109040122590645,0.6,0,1
-0.26379020985956148,0.91387179656913553,0.30863095213822617,-0.962648505637692,-0.22918339768092799,-0.14416249450166857,-0.061012947607589525,-0.33513177954787454,0.94019365588229076,-12.170165180408297,-0.54864363111137815,-1.1347493829317232,,0.1138922932315688,0.2672064777327935,0,1
0.90624429428396858,-0.40789113556097228,-0.11111300827775912,0.41684013547708654,0.90596000960171519,0.074032171776233308,0.070466875432341328,-0.11340759468942974,0.99104648575814158,10.063026882373931,-2.8251923875828799,-1.4619685531386528,,0.6793223873232042,0.2631578947368421,0,2
-0.68317212818777817,-0.72985467642153345,-0.024248599402856029,0.72517225814146402,-0.67412892503102706,-0.14026898608930435,0.086029293205230506,-0.11341227333110876,0.98981645620209691,13.545673881476441,0.62570996728080963,-1.0967702494467553,,0.08866018189998928,0.2413793103448276,0,8
0.54243743096777619,-0.83815177647899874,-0.057124715055568223,0.83947048617139219,0.54340280272227548,-0.0016422060603871588,0.032418148192765193,-0.047063718283583876,0.99836569957560017,10.530359394796299,-11.916309652174295,-2.2642729864261466,,0.4717079380908046,0.5769230769230769,0,5
-0.5423199658133826,0.80524462467501678,0.23972932468132194,-0.83960757195651492,-0.50896801920749146,-0.18976480320989125,-0.030792528208275317,-0.3041917978118312,0.95211300293113754,-3.1325384413986401,2.3205965818495438,-1.0045829783918159,,0.5505187858664463,0.2634271099744245,0,3
-0.99692713498926466,-0.060016956699532407,0.050341359046236676,0.052344648713407146,-0.98849778492887053,-0.14188786749326493,0.058277999907046213,-0.13881676447476632,0.9886018311876581,-10.266739729346677,-6.2354201437210062,-1.7413769027513526,0.3056055650874298,0.2586268038658696,0.5375,1,5
-0.12079773926549893,0.96716799018534982,0.22359334728290947,-0.99029642351019753,-0.10182097094852846,-0.094580565963682695,-0.068708804175710556,-0.23284881068180308,0.97008274471449796,-7.7557697026071208,17.140368126730902,0.81744824839936958,,0.1847131443140647,0.2307692307692308,0,3
0.99894032081164641,-0.025727438275621389,0.03816194932783061,0.025109488873938744,0.99954712737422746,0.016584743785210222,-0.038571349797684895,-0.015608942235321844,0.99913393091070635,-3.417386246502093,26.076712921869586,1.7688706851063047,0.4408442394608619,0.4105920683847257,0.3870967741935484,1,5
0.14753165853812109,0.92535921816999134,0.34920585200825571,-0.98527923341140711,0.16833381723000895,-0.029808693111282304,-0.086366903019732766,-0.33966754823591039,0.93657178835270483,-39.450229871135186,-18.00885871036267,-1.6482515965334128,,0.477218777873811,0.3928571428571428,0,2
-0.41880905978036637,0.88811154975282658,0.18935904161544004,-0.90655948790404317,-0.39687900333889914,-0.14365567026706946,-0.052429632242123152,-0.23182953199356349,0.97134247398052187,-29.948894507155426,-22.848820293956422,-2.7767669304111009,,0.4086624009774958,0.85,0,2
0.71215668165923218,0.6529993513995731,0.25772991258262357,-0.69798962819615928,0.6979096836061367,0.16041369162066349,-0.075122165162471638,-0.29413248817585319,0.95280781887051236,8.5753203882731235,-3.3884417223871761,-1.5040340206826273,,0.4428305049035029,0.2857142857142857,0,2
-0.820415115036362,0.54888970355129885,0.16012224191298713,-0.57176833757005785,-0.78762863694554675,-0.22961293172570629,8.4689116123619769e-05,-0.27993074786216077,0.9600201920944611,17.796146220802665,0.3589825861449043,-1.1657280317619221,,0.7901483265440166,0.5,0,2
-0.76645384706705555,0.61536972189025752,0.18403425142298133,-0.64229938436182599,-0.73430354001553466,-0.21965839835770753,-3.4125204237719791e-05,-0.28656311085232317,0.95806136668488473,-13.072173938845125,-13.873912676708658,-2.3175705248721443,,0.6446803507423831,0.1944444444444444,0,2
0.99357922830848167,-0.10946780622265291,0.028585249250630902,0.10902712883240973,0.99390100069687881,0.016549501270525822,-0.030222545433535256,-0.013326673048504175,0.99945434989947135,-15.158369733272952,23.398476387187795,1.7914002171751708,,0.1835957594695471,0.2,0,3
0.99299163854402284,0.10763071408950239,0.04881838963178655,-0.10792721777675186,0.9941527381728843,0.0034711448151191998,-0.048159333930471969,-0.0087156507468889137,0.99880163996032367,11.321236779358232,0.80202220731802221,-1.0559756528804318,,0.08767230737327472,0.4074074074074074,0,5
-0.66982137208549697,0.74134972172159574,0.041712343506614076,-0.74184229115134181,-0.66574756873399765,-0.080313073556540618,-0.03177018345602179,-0.084739393602283927,0.99589652605834844,-2.2540373529991866,-5.4449178334605177,-1.6724813299593728,0.3232216058038451,0.2663863120699655,0.9213483146067416,1,5
0.38303042922691954,0.92128350377767299,0.06726363024233134,-0.92043270361524243,0.38679997931556181,-0.056474898114274669,-0.078046962796629399,-0.040280040573667818,0.99613562828040947,-1.1638941398388931,12.757035891583689,0.13737764199099392,0.1860942816752413,0.1443821960002716,0.3043478260869565,1,5
-0.059234963354401982,0.99077369661236581,0.12189627236905522,-0.99609882996393984,-0.050664143522259723,-0.072251404869570587,-0.065409021249926869,-0.12570054360353469,0.98990960863954791,1.5258917357428479,-12.994402366292903,-2.2691617336286134,,0.2426943020656218,0.3714285714285714,0,4
-0.98152767946205632,-0.19065362802212335,0.015956458624379121,0.18511732694985614,-0.96746124002563993,-0.17248282323463576,0.048321731268341585,-0.16634284826842516,0.98488327588459779,-3.1797697771519871,-0.021556706039071057,-1.2723999931253933,,0.188309414014145,0.213903743315508,0,1
0.59233856113324246,-0.80503407468045052,-0.032483343393063149,0.80487611322619812,0.59307049135475087,-0.021019863037708954,0.036186618417440884,-0.0136941917478262,0.99925121854310761,1.8601140559663853,-14.142440469018153,-2.3781346280067028,,0.1011705894112002,0.3636363636363636,0,5
0.66531139221703894,-0.74616723089080506,-0.024397027092926252,0.74594541425651095,0.66573546834186947,-0.019019073092929856,0.030433375361719833,-0.0055452444833253714,0.9995214154422668,-3.0236511970915863,16.757291843299107,0.63752777192197208,,0.07594068021884409,0.1666666666666667,0,4
0.15979443216905462,-0.98699249049442694,-0.017651151672832179,0.9847019400868553,0.16063120374736622,-0.067525591977078012,0.069482577938301135,-0.0065909096701487323,0.99756139223246154,-11.040906942480902,-3.0653016643505029,-1.4443400169436067,0.5541363945190428,0.5080840152201859,0.9649006622516556,1,5
0.99456904767165466,0.093227622826742185,0.046271154681641474,-0.095136629184733604,0.99462262815817315,0.040924923250942678,-0.042207004168315354,-0.045104743628622344,0.99809024186259421,-22.947243040393271,22.42279572872998,2.1710088148710041,,0.1481342018533817,0.3684210526315789,0,1
0.99903075096071881,0.013574673662846273,0.041872268505663619,-0.023628364858784313,0.96797304451342125,0.24993976368221174,-0.037138376498755704,-0.25068688304410119,0.9673555849121207,-31.285038942298602,-18.551590346588178,-2.3809070047950294,,0.3414093616653779,0.3333333333333333,0,1
-0.32124014280628749,-0.93040112128658736,-0.17651777292514897,0.94326064462059245,-0.29782153886203111,-0.14683898426437861,0.084048360839095115,-0.21367284455098676,0.97328299509533667,5.5230102067797127,19.315917270126693,0.85255788745385508,0.5722419877263731,0.5013595040362179,0.8333333333333334,1,4
-0.4295235767654213,0.89112180007919684,0.14632646522844719,-0.90155639383651753,-0.41381073418615133,-0.12632001031037851,-0.052015052966759102,-0.18617898295976204,0.98113802320006693,-11.954572142713452,1.7070307336281354,-0.90173658589603989,0.2412521734996492,0.17070719296087,0.4878048780487805,1,2
0.11855360114429725,0.98925090772637214,0.085601899618346924,-0.99026465261134511,0.12412631697131707,-0.062996628669084259,-0.072944920619966533,-0.077300058199763447,0.99433582835884071,-16.414615697701127,-9.167316565787532,-1.9206864241065702,0.3859171338257118,0.2839405471194472,0.8313253012048193,1,5
0.70609967942190033,-0.7043659378578877,-0.072745228749856658,0.70808798114667382,0.70319357820746486,0.064266651720870427,0.0058867372897751557,-0.096888684341164391,0.99527781507010415,-7.1659620273517488,4.9418940517378926,-0.68050970982163461,,0.3354193838431153,0.3655172413793104,0,4
0.7334224394187896,0.66571564685833395,0.13752891654114738,-0.67512088036914297,0.73696915907444471,0.032988717203004038,-0.079393464759924356,-0.11704330865579755,0.98994825200730485,-1.3030604686035667,14.149689004271178,0.28930059906854144,,0.1626276272864944,0.3,0,5
0.86596389611699343,0.49756833807312723,0.050321760392726234,-0.49589442117052462,0.86734437148110888,-0.042455439133175593,-0.064770777931311099,0.011810597240889814,0.99783027420447923,12.307823214828922,8.0297127436652787,-0.35504677037605281,,0.1080546671957667,0.3333333333333333,0,3
0.9901537051642042,0.13376211537625488,0.041271499120678012,-0.13262517413194114,0.99073701895870236,-0.029167146780191579,-0.04479066125958537,0.023406318695908722,0.99872215400932973,-34.370771574982832,-14.417133170254059,-1.6393704926470281,,0.1814064656901452,0.3333333333333333,0,1
-0.40983656858313855,-0.91212170413761906,0.0082452345681067064,0.9085669342488355,-0.4090073846256711,-0.084965200590241735,0.080870965381092466,-0.027330498765175522,0.99634980343028934,19.916069690223122,-0.93728674742280715,-1.3188092061887307,,0.09635847230293554,0.4090909090909091,0,4
0.415449213615392,0.90357185149481034,0.10468935042588449,-0.90646938070341854,0.42082609965711271,-0.0349092494125052,-0.075599026141313072,-0.08039467043046572,0.99389208881692137,-6.8951928297687379,11.099797001932727,0.054614776793768818,0.2218747250137491,0.3592135056870072,0.4166666666666667,1,3
0.77244033437168791,0.60921827613240487,0.17941299245599546,-0.63200281515368084,0.76518661609641114,0.12272686822674807,-0.062516969484905871,-0.20818869943679463,0.97608867115300479,-3.3264204891180467,-17.890119098237104,-2.6587810267218868,,0.4572519649027741,0.3684210526315789,0,5
0.91197110323777431,0.38456589659336332,0.14289079059414247,-0.40554734317025021,0.89766839107054808,0.17240305136616688,-0.061968212067380818,-0.21517558144491294,0.97460731058360928,-7.0073390289312023,16.301715304347187,0.68582028782640925,,0.07242669572257199,0.6,0,1
0.59609687022827407,0.78803276082305629,0.15385996611740821,-0.79726549398366164,0.60362242989153814,-0.0027738483782412341,-0.095059210006429598,-0.12101375955414742,0.98808876959083314,-46.000246624071558,-0.1263958457188683,0.8670271111656096,,0.4790807199220354,0.52,0,2
0.1003287572015972,0.96293229997305263,0.25039074692765911,-0.99134604402313942,0.11816098859136377,-0.057192672387160845,-0.084659089754476266,-0.24248580668509173,0.96645407137547157,-7.9083063476216635,-11.596287459151442,-2.083474585776715,0.1567531246241567,0.4521429551121742,0.3333333333333333,1,5
-0.85964610086758975,-0.51071610382501198,0.013328261587612876,0.50722490949913113,-0.85630789889980485,-0.097260852686981883,0.061085779415069645,-0.076849486501863379,0.99516967597372652,-12.396482816214494,-10.145261720370367,-2.0287932681473433,,0.07336477572197798,0.1951219512195122,0,3
-0.32979369549478504,0.93975832036102913,0.089946749380449914,-0.94230576334582028,-0.32189170666578704,-0.091899823422234128,-0.057410511033641115,-0.11506532271715687,0.9916975369188189,-3.5050838099081014,7.2304085582303284,-0.45842374475337866,,0.07120298507002171,0.2698412698412698,0,5
0.84011837053969673,-0.5420340365613624,0.020005666465290749,0.54237570961805548,0.83913367162417707,-0.041027682884107512,0.0054509722101242124,0.04531869763711005,0.99895770808700435,6.9529098768815487,0.73346787959973359,-1.0870063451493552,0.2729352644972528,0.2223561321004006,0.59,1,5
0.43384039153382098,0.88980774274016705,0.14150864155035967,-0.89757178054280984,0.44049822482611362,-0.018061359258146812,-0.078405442712799187,-0.11917841618636321,0.98977224232058492,-39.784077067828889,-2.4760717750099275,0.17792774869695685,,0.4252934232646375,0.6730769230769231,0,3
-0.74910445753677668,-0.66119070150636627,-0.040857899359256357,0.65649681460161213,-0.73270572484540852,-0.17931607065933031,0.088625301784923061,-0.161149548619549,0.98294271392754484,-2.4455951474377895,-12.45501480127195,-2.1874454258315752,0.1894035297929036,0.1736453102757594,0.5306122448979592,1,5
0.77456020468471565,0.62195727360204645,0.11500277880242792,-0.62905602619466228,0.77645074135081815,0.03758672856135898,-0.065916653638906336,-0.10145637520271411,0.99265381614325876,8.969291974046353,-13.666240965855982,-2.3821613180872254,,0.520030132062093,0.4375,0,2
-0.80685242186738593,-0.58894169608177838,-0.046226052644061849,0.58736809841271276,-0.79140483855902499,-0.16934313825011463,0.063149713330838825,-0.16378662986239712,0.98447247477242883,-11.6711427286203,10.893017863503381,0.22341800528524555,,0.2086517902563963,0.6346153846153846,0,5
0.78588802372691169,-0.59915184678355138,-0.1529610364062326,0.61812609847422162,0.76809638892729248,0.16717674390264656,0.017324564861671825,-0.2259314095311088,0.97398914657178814,-10.984172540465952,-25.822400879364174,-3.3177526147522514,,0.2473769929047297,0.1666666666666667,0,1
-0.57750197863642772,0.81416461491826153,0.060228269824154551,-0.81544494177933935,-0.57171469631737992,-0.090508855595557533,-0.039255720570411885,-0.10138188117078116,0.99407278534963051,-2.5716405990025337,-3.9417268521358921,-1.5945186744837851,,0.0853448452150061,0.4813278008298755,0,5
-0.97680634946140421,0.20283307812604737,0.068615581829457511,-0.21325006853327877,-0.95044932403806692,-0.22620895363829235,0.019332975002159403,-0.23559461974648724,0.97165910237288022,20.597688245416354,16.681989597092048,0.45717062102866435,,0.2924885219028374,0.3,0,5
-0.47824882783402739,0.86720390344186071,0.13869191948552193,-0.87681897296683697,-0.46256106463819829,-0.13124690520601928,-0.04966434657538548,-0.184376384973717,0.98160012293360244,-1.0037337409393601,9.6703415763856313,-0.20614504019039073,,0.2072816437486021,0.6181818181818182,0,5
-0.6587906687702263,-0.75140492575438511,-0.037222201618444049,0.74808056770868292,-0.64902161980490158,-0.13837052158055946,0.079814277907728673,-0.1190024141682345,0.98968081039504818,-1.7444341145290638,6.9150789468502563,-0.50835532546956053,,0.07338316511162235,0.1764705882352941,0,5
-0.034700875145980976,0.99345161851243013,0.1088564694408904,-0.99699214030425876,-0.026858512379191315,-0.07270001708603932,-0.069300226807973903,-0.11105179866985178,0.99139546931411471,-17.797686378046816,-15.683196850256834,-2.5008915767085109,0.265520910310643,0.2044053745456203,0.6875,1,5
-0.1736926506943437,-0.96834915139973654,-0.1792506180691778,0.98169435354778301,-0.15580880829856728,-0.1095436509752207,0.078147676274943706,-0.19499624673308413,0.97768573910681367,16.468309293169732,7.371327296884874,-0.44512217833369389,,0.1133811085452032,0.5294117647058824,0,2
