axis_00,axis_01,axis_02,axis_10,axis_11,axis_12,axis_20,axis_21,axis_22,location_x,location_y,location_z,dbh,dbh_approximation,score,reconstructed,number_clusters
0.64924314089989399,0.75978983257621802,0.034680748380684231,-0.75732575854688733,0.64157796527397304,0.12180069751972331,0.07029252759591903,-0.10534289149587854,0.99194850459863393,-32.241302409498147,-8.7245219340709248,-4.5431346629733564,,0.2528938079335437,0.1578947368421053,0,2
-0.22854500166519409,0.97339220899264278,-0.016576781541639215,-0.97350686386873941,-0.22863125102213935,-0.0034838278520998443,-0.0071811011904912491,0.015341399169378975,0.99985652633626287,7.3625001622449746,-7.1961110678759583,-0.20000582103275619,0.7971960503813226,0.4234670852979578,0.8333333333333334,1,5
-0.058597542622314633,-0.95525416098030791,-0.28992381055793748,0.99817037643420414,-0.060402516024932934,-0.0027268419569156724,-0.014907300487556072,-0.28955314535964993,0.95704584446331953,-1.8907695035057444,-16.079684105633731,-1.0728431875168865,,0.479241288542993,0.3088235294117647,0,4
-0.0096679478524351777,-0.9575978798890995,-0.28794588244360098,0.99993600446462094,-0.010950171769657402,0.0028426595899292452,-0.0058751816696856708,-0.28789997250801619,0.9576424635897427,15.267793668744613,11.843451870145623,0.19516087705198659,,0.1072915594922662,0.3333333333333333,0,3
0.98652477120365012,-0.12317123841554935,-0.1076927194789241,0.13447918323509458,0.98534438833930982,0.10493705563171551,0.093189189705717532,-0.11800543375375476,0.9886306148034163,16.162403784586143,-0.86454701355282892,0.6361128018421508,0.4972991406765449,0.3366573529464607,0.2777777777777778,1,5
0.47499613901246496,0.87915029935881306,0.038385141142915219,-0.87815847605300701,0.47074630412684454,0.085062377624763777,0.056712951426568806,-0.074112537996125133,0.99563596402111854,-5.6737945309319597,-12.084471267284952,-1.6458158737754598,,0.1062508108934874,0.2,0,1
-0.41562599114867688,0.90875560124084565,-0.037660226965203734,-0.90895158431681378,-0.4164864982754713,-0.018601454840723286,-0.03258915233073309,0.026500074860769742,0.9991174571504291,17.161270155708358,0.0026667953989832557,0.76473279747451661,,0.2363179920158039,0.5882352941176471,0,5
0.17748482891874423,0.98103090895564427,-0.077958265612731642,-0.98372153713146737,0.1791187799615081,0.014436067636398733,0.028126017979549126,0.074127041885953995,0.99685209974893019,-16.692935514935122,-1.6706968128937862,-3.0696680735085717,0.2651122855690217,0.2315908133675765,0.8340909090909091,1,5
0.60132134493965284,0.798766690698266,0.019606477269197758,-0.79488493556356044,0.59554936191718799,0.11609865087133621,0.08105911012391602,-0.085397490308385712,0.9930441527520053,-1.8791253161074442,12.82999202173999,-1.8139249133358482,,0.2361459106095989,0.55,0,5
-0.70502226491658748,-0.69838446924772712,-0.12329938801736161,0.70468651763874801,-0.70943267945883726,-0.011053740273292057,-0.079752854682826405,-0.094680549372219369,0.99230795408507899,2.5062282796214395,2.3173703791126568,-1.0215684667949811,0.3998131415475336,0.3479789938224766,0.981418918918919,1,5
-0.91545577373803921,0.391920869517283,-0.091316802213537954,-0.39315062907300757,-0.91946122208318859,-0.0048625039628721403,-0.085867975341148484,0.031449850907552437,0.99581002088184789,-11.710649797061739,9.3504250919398313,-2.8445469433624226,0.06049648074773248,0.1112419314025664,0.6610169491525424,1,3
-0.49712543971200873,-0.85911670803373763,-0.12159267728121824,0.86574643081820712,-0.50047086839832233,-0.0034680556747305846,-0.057874128215256032,-0.10699248507209104,0.99257402415206375,-10.612125431574167,-6.646880768640183,-2.3013968687215005,0.401955675935429,0.3635973304814986,0.8576104746317512,1,2
0.24146036064868451,0.97040251891275775,-0.0039806435637991583,-0.96979154675686396,0.24145078230675063,0.034725719033409007,0.034659054723640434,-0.0045244901627673239,0.99938895276785555,13.817020216010038,8.7291821336607498,0.13994008664361779,0.1012077858513415,0.108672226792713,0.25,1,3
-0.87662294738346735,-0.46591648607548447,-0.12022493969137966,0.47177934832132301,-0.88138151119294716,-0.024307986850925084,-0.094638547211117044,-0.078028582777785946,0.99244903428410869,9.7110631821586342,-9.4128455609417188,0.10097842123172399,,0.07614053875519117,0.4285714285714285,0,4
-0.2879570429115858,-0.9328291950767299,-0.21658816738251443,0.95573752492443664,-0.29419893428658977,-0.0035735858668611729,-0.060386462795299606,-0.20803047824089582,0.97625652122479445,-32.274872347267689,-6.6988199450210804,-4.6256293745160306,0.242151404471029,0.2098228917035305,0.6666666666666666,1,5
0.42757290973118617,0.90391357700837971,0.0110296039785036,-0.90280759361827445,0.42636474547422332,0.056138691843340624,0.046041891459708995,-0.033960994046355025,0.99836205612703266,-4.8010325183543818,10.349470193961105,-2.0892155189216401,0.2266640299962799,0.275099450065924,0.4714285714285714,1,5
0.17941770259664172,-0.96407586900894282,-0.19587497744631649,0.983728031398442,0.17772078041481615,0.026353072870059589,0.0094046922272351795,-0.19741591375418718,0.98027471086461815,-10.778583536951531,-3.5084162955357638,-2.4005451040604333,,0.08377718204567999,0.3275862068965517,0,4
-0.65797295341574158,-0.69940530630220032,-0.27911254018709036,0.74980529329581791,-0.64280760443413465,-0.15681328332516953,-0.069739620868895874,-0.31245895922180361,0.94736781879219878,-5.7271742307567486,12.803469703447067,-2.3390849067356703,,0.1363033336055656,0.3333333333333333,0,5
0.38715574650143048,0.92017076631003369,-0.058276828837251229,-0.92190975374847128,0.38728975066876803,-0.0094368941054302005,0.01388646442956515,0.057379524704634852,0.99825585710794484,-12.53494987083975,-15.831803554071028,-2.276407681881687,0.6616492753474947,0.5330713175123748,0.9593023255813954,1,3
0.051777094794219283,0.99586439016318173,0.074654195190801464,-0.99862176048950413,0.050987641461619687,0.012443467966216377,0.0085855652996968228,-0.075195590449820715,0.99713184245885433,-5.2182735017565562,7.4433678753047499,-2.07927091937123,,0.1838780754307301,0.3387096774193548,0,7
-0.99310102375004816,-0.043720008152212567,-0.10880678983306595,0.057611654884137449,-0.99009972774407451,-0.1279977591312467,-0.1021335099177423,-0.13338324485586661,0.98578783525848135,-1.4143760671953931,-14.595307199898715,-1.0810896863566635,,0.6074251676779773,0.16,0,1
0.52439417136434141,0.85024011478356143,-0.045853028819713454,-0.84885014753678223,0.52624431922855208,0.050203022881701691,0.066814519873217126,0.012596177694587003,0.99768590059276574,-5.945532832198027,27.699912883257593,-2.2089449676364752,0.2921154481171865,0.2126918350490152,0.2727272727272727,1,5
0.84188514286371319,0.53794887701723659,-0.042900022625157332,-0.53396901690616172,0.84188693966700689,0.07812470673473533,0.078144067014790888,-0.042864746984151006,0.99602013948332024,-2.3072093649031089,14.229021131930002,-1.8910491545479842,0.1000200205337412,0.1361679181615796,0.7272727272727273,1,2
-0.041750138453625227,-0.96628876808361031,-0.25405303110682004,0.999036788396234,-0.043811526066794997,0.0024587831619915772,-0.013506345547270288,-0.25370566974184527,0.96718716480875655,-31.764242991460879,-3.345147912986933,-4.6449645434974522,,0.1786992286481627,0.4375,0,1
-0.55422121944061731,0.82972447890744816,-0.066303310803611099,-0.83083632523898743,-0.55627494953881229,-0.016406741875486779,-0.050495946224742183,0.045994234609970958,0.99766461789396588,-25.082813768553692,-5.0122912212927506,-3.8729098880713746,0.3995835095141615,0.1640197005223028,0.3421052631578947,1,5
-0.44349847065173914,-0.85983724171236675,-0.25296051923973994,0.89469315620407686,-0.44147867812713876,-0.067975973701763753,-0.053228401921878131,-0.25646928573142008,0.96508561418418204,-6.885650965214368,6.0526353675278139,-2.2434542351919542,,0.3642368352427762,0.3928571428571428,0,4
0.94615665724402942,-0.24216969389574966,-0.21480553836259372,0.28028080151681839,0.94486629831788227,0.16932321342377535,0.16195756312656331,-0.22041215406937606,0.96186705426717045,-4.0357018237576687,24.561297526005372,-2.0077733582305548,0.372127215907333,0.3675928544382595,0.1935483870967742,1,5
-0.18249424565644984,-0.96955925570097945,-0.16325042109240381,0.98310197019556722,-0.1823678382606298,-0.015889863616147366,-0.014365462048897307,-0.16339161928541082,0.98645669557635141,-9.6899629426542724,3.2452778093352217,-2.4869955421389673,0.4139931568111991,0.1516720791509772,0.1320754716981132,1,4
-0.36329764329728309,-0.91120262959732123,-0.19422819102686162,0.93056297313826708,-0.36506604084414968,-0.027916641030874698,-0.045468400001640062,-0.19088361280451663,0.98055906041603991,11.714383681075306,-2.7613606635478427,0.20973309177382629,,0.0731518133394706,0.2941176470588235,0,4
-0.1328643183155899,-0.97492479229926032,-0.17851812871184133,0.99113322878219134,-0.1309479888875347,-0.022528804009490637,-0.0014127003650782801,-0.17992852349350869,0.98367867248971319,19.496614859394068,6.9264315395651206,0.84804827649610337,0.5098639629728019,0.2782611409175005,0.6875,1,5
-0.95807431650729624,-0.25636342723459821,-0.12795076094189184,0.26831660370343174,-0.95940979825552652,-0.086827640693193237,-0.10049778219510026,-0.11751864612827029,0.98797245082342544,-14.309159837843518,14.235432661687147,-3.2811630724976197,,0.1446204957237057,0.3333333333333333,0,1
-0.80084696010766954,0.59809888497040387,-0.030362316832951382,-0.58778598411689686,-0.79472384026026899,-0.15139899140252522,-0.11468122497617629,-0.1034008777483542,0.98800631329907707,-14.074506331723065,25.545298247183723,-3.135563594052305,,0.1814636194409116,0.2222222222222222,0,2
0.92055080955059243,-0.36727578654120424,-0.13302144058868381,0.37965389771519475,0.92135907659997129,0.083428831446382024,0.091919121979104165,-0.12730258672701095,0.9875955277476719,-32.333486854986248,-9.9590253303833851,-4.5119741507768056,,0.1985772469008462,0.1428571428571428,0,2
-0.75314115424796402,-0.63527524004849356,-0.17089110907058011,0.65256633204304082,-0.75432012312781382,-0.071821543622585457,-0.083280154070077356,-0.16560954448874024,0.98266876144115611,-6.1773753572723127,4.1739409934459877,-2.1057523963020546,0.1410679138401723,0.08379590642294295,0.391304347826087,1,5
-0.31432826775434836,0.94752550826698911,-0.058250762003044944,-0.94902627654173854,-0.31515230548336765,-0.0053057310375010658,-0.023385177439458688,0.053613762523280512,0.99828788330031493,-9.5683760319993123,-5.7782477632450515,-2.2218971695029865,0.1437940523878949,0.08559545371993271,0.4065934065934066,1,1
-0.68573664835237436,-0.68274215381480696,-0.25224670564899654,0.7237816857502597,-0.676233924748604,-0.13728710934247412,-0.076846083042437147,-0.27671434806207429,0.95787465208012335,1.7170676022208384,-12.749871909505897,-0.74280190648442768,,0.2021137185986476,0.2083333333333333,0,1
-0.95168254443103162,-0.27919491895258658,-0.12786919823137616,0.28980061518735534,-0.95427864189983236,-0.073265797278407929,-0.10156740649591643,-0.10678235268465021,0.98908118528906563,-0.8556573334093206,24.10672414709919,-1.6343173752418856,0.27476058981387,0.2047886423003049,0.4166666666666667,1,5
0.99159467432755666,0.090476265531005823,-0.092488092318903925,-0.079367159063745779,0.98990233664042715,0.1174487887377869,0.1021805064940335,-0.10912107628403499,0.98876272927494469,-39.450388834944036,-12.19850454473395,-5.2506057347659034,,0.08221201814040832,0.4,0,1
0.16082352430346694,0.98284798287538433,0.090253180489116472,-0.98693049975795044,0.15919640470226099,0.024993866795608385,0.010197189717508168,-0.093093218268909275,0.99560517778595503,-1.5500826787637405,-13.330649341025575,-1.1368235591909215,0.5424315220897887,0.2409711528279391,0.5555555555555556,1,6
-0.65169779323572208,0.75488747641303544,-0.073721667415010433,-0.756138319354275,-0.65424039849422522,-0.014978083395749934,-0.059538460643376818,0.045982593803269953,0.99716637166088862,-3.1092978957928605,-9.8805970346238841,-1.4151612224458148,,0.08800066360127771,0.3333333333333333,0,5
-0.86675416559065044,-0.47799825607060126,-0.14231965298130611,0.49406089808623294,-0.86190735336054036,-0.11410321294886411,-0.068125218630698606,-0.16921401069797004,0.98322203655635543,-4.4996870231275237,16.072088414087574,-2.1864813184859124,,0.1219534371157588,0.1578947368421053,0,5
0.97978674773152707,0.17447553114342743,-0.097858152454950886,-0.17297801953845748,0.98464171011977875,0.023649681793865968,0.10048150937476268,-0.0062443354023476016,0.99491933067417737,-10.605699726168549,-0.15540885914342067,-2.4807111038051546,0.2401069737894313,0.1955903843473575,0.8562874251497006,1,5
-0.99518865615700625,-0.012906636215956684,-0.097123413232873518,0.023715673614415032,-0.99354015067654711,-0.11097538384092666,-0.095063691709448617,-0.11274479027970848,0.989065976961779,4.2951801125106339,5.3575547050225332,-0.91835506509661691,,0.179239637972559,0.3846153846153846,0,5
-0.523675856487955,-0.841289592492097,-0.13414700479730887,0.84928940726562785,-0.52790666692014532,-0.0046961396552764037,-0.066866284762994596,-0.11638888514692969,0.99095031529146305,6.3599512880866564,3.7784490037119887,-0.61133280005410928,0.6048003170205546,0.505331198765292,0.9880239520958084,1,5
0.45346762969377613,0.88846839355661911,-0.070647168880500086,-0.88970753103729472,0.45594254717059263,0.023171165165227145,0.052797898020950675,0.052347944854725943,0.99723220697792203,-3.6417634623512147,5.0974222549010753,-1.8507054740728637,0.5858442539488938,0.2795204697776666,0.3418803418803419,1,5
0.8677358236163577,0.49531734042434705,0.041173689266244443,-0.49180916920423412,0.84370671499250038,0.21513419106038273,0.071821177235426956,-0.20692924237892502,0.97571615091121788,8.7596897630496873,0.10905314630256215,-0.24307960670718767,0.3334683883494009,0.2855156309696801,0.328125,1,2
-0.44678839570043549,-0.83990188816466949,-0.30813138062335238,0.89351125697445777,-0.43621614324602326,-0.10655097386457056,-0.044919518333954078,-0.32292459588731737,0.94535810264875708,13.817776563036604,2.5425876315572218,0.31561030300549942,0.1949255650666906,0.3469602598809435,0.375,1,5
0.38227389194696981,0.92389606443893635,0.01681468554449737,-0.92272464816368704,0.38068887747450686,0.060458268569309845,0.049455992628956134,-0.038626942429394615,0.99802908981233607,8.6074975739564206,6.1361445867473687,-0.45263631274910693,0.3630741370365285,0.3014426376259033,0.7709923664122137,1,5
-0.95224535651044617,-0.27399429307486561,-0.13474386207429798,0.28503020140261198,-0.95592107509253144,-0.0705172495374351,-0.10948317355958929,-0.10555579357071396,0.98836805348563239,-7.823143465136531,11.029630969096743,-2.4830351989175719,0.3915719589773697,0.1542606523959228,0.3392857142857143,1,5
0.13062970378399505,-0.95229538729894125,-0.27580677261166953,0.99142233346690989,0.12665049467549958,0.032270867690199927,0.0041996657406091322,-0.27765652797586216,0.96067123162924806,25.242288319500656,15.932551536815765,1.1942689302452925,,0.655176853750181,0.3428571428571429,0,1
-0.64762358362498018,-0.74568742497876572,-0.15663319623015964,0.76073642386775908,-0.64442141054306068,-0.077467019011866173,-0.043171603324767931,-0.16932604602431789,0.98461408826206609,0.27343842971326471,22.471358729114762,-1.5393441294055512,,0.5731292119208011,0.6571428571428571,0,5
0.70013572283292036,0.71153568503722109,-0.059388033574417937,-0.70578939270939889,0.70226188789040134,0.093217884311471558,0.10803380374735264,-0.023349726662673924,0.99387297352964432,3.0030330242962795,-8.1369382636904781,-0.71993184438685753,,0.1601365537674383,0.2285714285714286,0,5
0.054638101091290109,0.99522090877613911,0.080932197819738469,-0.99839625230830609,0.05324941009364817,0.019220398055386438,0.014818950228237317,-0.081852569046266407,0.9965342721927124,-10.705550511222519,-16.037696751895393,-2.0500211568221594,,0.7813210938945979,0.3428571428571429,0,1
-0.9951722501360073,0.017447848069153723,-0.096580355958081759,-0.01521188247768872,-0.99960005864588308,-0.023839492163850704,-0.096957677317059537,-0.022255232034311359,0.99503965421302598,8.722263981299049,26.210927424038594,-0.52733457633527892,0.3889336927555143,0.3842797985992205,0.8,1,5
-0.65162389391125575,0.75308177404100074,0.090852311424595406,-0.75619121451593796,-0.63550540647410858,-0.15590935004382717,-0.059675354819584914,-0.17029597749047667,0.98358432891019554,-11.180265632746979,21.485211016999354,-2.889687691684991,,0.5484696568824146,0.5555555555555556,0,1
-0.74182730111331752,-0.6433450369540562,-0.1892073432758786,0.66404047669393418,-0.74407566426171379,-0.07349592618358336,-0.09350134028464345,-0.18016261898649844,0.97918278686101401,-15.022781314577491,4.2341520469153133,-3.1003032275772306,0.9586181278764148,0.6733979833608336,0.328125,1,3
-0.75116427564131572,0.65863832501710673,-0.044133749205311004,-0.65636403340401539,-0.75234193326675614,-0.056283844058950566,-0.07027436697594508,-0.013310607315211193,0.99743889089960325,-1.3320602567796838,-2.5465588331616886,-1.3999580753465659,,0.06961759516521597,0.189873417721519,0,5
0.5879521779374256,-0.79014443789568156,-0.17315889732022405,0.80724354737269077,0.58682450792261709,0.063204842587678042,0.051672929893637518,-0.17694282738753858,0.98286374648387131,-7.0569471115826428,-5.5737079424576299,-1.9556768703337093,,0.07114808656160675,0.2375,0,4
-0.95293633446180193,0.29647196724154001,-0.063377559928079502,-0.29234751036909479,-0.95397206572628135,-0.066859786081953504,-0.080282474074346452,-0.045184847613594786,0.99574748500944721,7.7997262701924166,4.7023879841418044,-0.47758073323174383,0.1398654168857536,0.1131473852963473,0.4347826086956522,1,5
-0.98443215856759003,-0.1071165527170627,-0.13935339720282433,0.131248499082943,-0.97533541807210666,-0.1774673314798641,-0.11690661515256569,-0.19299447242893253,0.97421043771120053,2.5594083297682655,28.870669384453038,-1.2117186856446551,,0.4571651377192407,0.2580645161290323,0,3
-0.25982032520242221,0.96543655221453673,-0.020631584035561538,-0.96550818862466325,-0.26009603707275475,-0.011999549898662061,-0.01695099732847365,0.016802236373679467,0.99971513369680176,-29.306972691359118,-4.8567855666420661,-4.3515265310791804,,0.07329713696107581,0.2105263157894737,0,2
-0.14717709611252869,0.98814376793124847,-0.043712655816344301,-0.98909014823725661,-0.14731142596201335,0.000149803335413,-0.0062913464285886843,0.043257804841126228,0.99904413380012524,4.7147625039883287,-12.058429037868027,-0.39150191807810603,0.3633547335168797,0.2507923568888703,0.8214285714285714,1,5
-0.60384400408623573,0.79627153673553563,-0.03638761484255975,-0.79570506825129672,-0.60485890005607523,-0.031609419199881326,-0.047179053490942049,0.0098666512953042435,0.99883771760177109,10.867281150039693,5.9719172586576734,-0.17391493409096201,0.2412001853452997,0.1943805825817951,0.2727272727272727,1,4
0.67597466699971775,0.73572557274414907,-0.042025363590507785,-0.7353228668864068,0.67716572005223319,0.027328904480347516,0.048564709497496965,0.012428563731745791,0.99874270950780397,12.930996702994998,-3.4334702271640922,0.33525512519072848,0.3966468327853704,0.3631582745656169,0.275,1,5
-0.24709851059190754,0.96447026077461107,0.093484983524718054,-0.96868536241277126,-0.24344799950885121,-0.048803075542207482,-0.024310382771585325,-0.10261670242457728,0.99442386218001,18.306802863137214,4.3079517393015392,0.79406646033336248,0.7184412282422431,0.3485339351824334,0.2413793103448276,1,6
-0.9459135790481733,-0.29783339149827698,-0.12861870735203235,0.30619212343363267,-0.95062609139843002,-0.050561031434744309,-0.10720953558092022,-0.087208401322214038,0.9904043670235636,21.369555253328191,6.9199358389606456,1.0498509910291225,0.352422958242586,0.2350985907208824,0.9215686274509803,1,8
0.73960176214348095,0.6665508933693165,-0.093269180240975899,-0.66785542900100758,0.74399354071251877,0.021041324386299784,0.083416781214199487,0.046728127788469326,0.99541856657651651,-5.2994887936460238,6.0262894376000888,-2.0640131992681692,0.2653500461331972,0.2208524582371266,0.7901907356948229,1,5
-0.95219945800355188,0.29552327330501671,-0.077344599765141839,-0.28754225987446175,-0.95256831932009456,-0.099664666828206266,-0.103129243980692,-0.072660800730367944,0.99201046721957142,-2.174093134587701,-19.306547678880602,-0.96807024919177054,,0.5181745932477209,0.6949152542372882,0,5
-0.58889340798700796,-0.78865007077765126,-0.1767360175285497,0.80568706274534718,-0.59011390391795016,-0.051321899102525603,-0.063819361907033481,-0.1726170509107392,0.98291934703751627,12.220033746143971,-0.61974428867778886,0.22241020596440134,,0.2501727051228415,0.36,0,5
-0.29718755091791904,0.95295926131825814,0.059566818340160949,-0.95481831853375276,-0.29668945174723732,-0.017243776103325049,0.001240230537907557,-0.062000124916682095,0.99807537107100763,-9.0828495022131257,14.222028966483833,-2.657772264540152,,0.205634343757642,0.21875,0,5
-0.91716930701478716,-0.37253017850524722,-0.14149815678257055,0.38641015999565237,-0.91818738275672462,-0.087287561533652802,-0.09740457136166969,-0.13473379772427385,0.98608273143212744,-22.538949592457438,-9.4901932952631061,-3.5210601963044343,,0.4676333503992112,0.2307692307692308,0,1
-0.65192944878494752,0.75481551413545023,0.072398435255134119,-0.75628368393693435,-0.64032011098369057,-0.13425775538349766,-0.054981662558853318,-0.14228033978829033,0.9882981947226227,-16.994127711746589,-5.6347170842730288,-3.0648041607763572,,0.3146982258787084,0.4423076923076923,0,2
-0.6629928455483628,0.74573503878128966,-0.065724718984212088,-0.74532507343354981,-0.66575606699639756,-0.03548794399175903,-0.07022123370433514,0.025458028033550073,0.99720653184066388,1.4818147137435871,-16.092702792876608,-0.61796336159768417,,0.09318780223050004,0.3888888888888889,0,5
-0.88523862925810304,0.46202718116671743,-0.053697794483311377,-0.45705340273222878,-0.88546731453054495,-0.083963217833501511,-0.086340930734650614,-0.049784724175215025,0.99502096707490162,-18.067868475479603,17.456834899858698,-3.6610961837590597,,0.2047696073349706,0.3846153846153846,0,1
0.37204006148027069,-0.88522390496236891,-0.27922183069547268,0.92774821908347804,0.36418483885829039,0.081563748891254395,0.029486177120661258,-0.2893925383090169,0.95675625115798091,-18.621672041411774,10.112111944114089,-3.6215398137027339,,0.5970820552653209,0.3098591549295774,0,1
0.93599699634743994,0.35200761983878526,-0.00050833453987825304,-0.34626795837947344,0.9209928998072594,0.17852333042022028,0.063309745128869388,-0.16692128108797025,0.98393554773250735,16.558692895399908,-15.02485079629213,1.0484940928126902,0.2713443739965322,0.218430757785623,0.2857142857142857,1,5
0.77824935508478865,0.62793569948019612,-0.0049697714663529229,-0.61946585919118347,0.76900089816925365,0.157796286114124,0.10290768001777094,-0.11972625415170364,0.98745918065516125,0.57944464068052259,25.611688514393965,-1.4673494992525284,,0.3576417489762127,0.125,0,3
-0.74156860229718513,0.66437705316373896,-0.093161898415967004,-0.66724657146223842,-0.7448367582354386,-0.00046524532441962065,-0.069699504724844166,0.06181694598401212,0.99565086462591035,-12.007993399506228,-8.442626969868039,-2.4107477987069363,,0.07580938368541926,0.4642857142857143,0,1
-0.89862832515733426,0.42669139863372796,-0.10198815400289171,-0.42905225418476184,-0.90327866774876997,0.0013459453859153334,-0.091549420554687566,0.044967752022981679,0.99478470277447517,-8.4074953667905792,4.8102421285138508,-2.3897504551687834,,0.07031837728127444,0.336734693877551,0,4
0.91246066711111717,0.39812744420728535,-0.094393162591946383,-0.39771839913089574,0.91719555425986399,0.023924678445027346,0.096102060164661621,0.015711569460602641,0.99524747707150318,-7.771519368042215,3.8167426209464188,-2.2628398637805298,,0.06968595319388335,0.1951219512195122,0,4
-0.2490170075362711,-0.9461026160434689,-0.20707575877776083,0.96769056218893967,-0.2517903213852552,-0.013289466022526536,-0.039566473284014858,-0.20369456048803719,0.97823464476548316,-14.56431936336695,16.18917367837394,-3.3157707484638297,0.2702502456750377,0.324379549429418,0.6133333333333333,1,4
-0.7564845342991886,0.64967013876047186,-0.075232042170136612,-0.65008376219970099,-0.75953793628337163,-0.022208680075130348,-0.071569906318386001,0.03210660600789432,0.99691871000610266,-13.957249847245899,19.270082857151969,-3.2102022872835012,0.3306335673235679,0.3539389732700462,0.8918918918918919,1,3
-0.024833345859905903,0.99653070703288382,0.079434594944168629,-0.99908024537094309,-0.02751816899739647,0.032884854942179402,0.034956662354117235,-0.078544893631429399,0.99629751151023604,-4.1400934977495112,-11.228017617240765,-1.499210786395397,0.6582591947716299,0.4884345951841841,0.3529411764705883,1,2
0.29223724690525854,-0.93116980053420573,-0.21799127068376351,0.9561371790192984,0.28924342519867297,0.046259440942982552,0.019977147400281867,-0.22194829026695961,0.97485376853624595,10.731718908578582,-1.0317445344242984,0.060322665119617924,,0.0844139040021613,0.2333333333333333,0,3
-0.73957831448564182,-0.65247721878491249,-0.16521923528839819,0.6678444721462734,-0.74191338080725899,-0.059567578453458558,-0.083711873508140786,-0.15439564225019131,0.98445635143865506,9.5108600196934674,-5.9946786595655386,0.014865777955740126,0.3376982953296613,0.324532407886057,0.5319148936170213,1,5
0.32631565266250778,-0.93636011907094741,-0.12941337736448752,0.94493941844900642,0.32670319342297993,0.018828671447580301,0.024649346618027215,-0.12843189175850575,0.99141195216248845,-13.54870769723585,-10.440273263086683,-2.5367524252534293,,0.1117833559677743,0.2857142857142857,0,1
-0.99390327171288428,-0.032247147748146306,-0.10543437741331801,0.041693175035244286,-0.99518969364292731,-0.088651863050795657,-0.1020684360314453,-0.09250727068185384,0.9904667784620993,-11.738978114786569,-9.5176922798718895,-2.3528161234465013,,0.06233263264481763,0.4166666666666667,0,1
-0.60329266845248686,-0.76755702536523152,-0.21655061533959172,0.79229651924171196,-0.60785005172068174,-0.052768742837332822,-0.091127283449830232,-0.20340729445042699,0.97484423923794739,-19.416254539524058,4.1423793291433135,-3.5333948560936106,0.3352198293167223,0.3800811573455336,0.6190476190476191,1,5
-0.76911751981795629,-0.61920448067190026,-0.1582531257982582,0.63351113999253494,-0.7713375058541363,-0.060844782587172526,-0.084391209343364484,-0.14705190640914539,0.98552212588404231,-14.842435072864939,7.6536403162607414,-3.1723549530965638,0.3888007995547172,0.1982220574312991,0.2647058823529412,1,3
0.52837277285015316,-0.83670646435790252,-0.14402952965394994,0.84805774634246145,0.52817168649332502,0.0428103778930067,0.040252599657483741,-0.14476519639918436,0.98864693704695206,8.8413937671419376,14.521797963393313,-0.56737494335077154,0.3434110823910788,0.305815191237463,0.8727272727272727,1,5
-0.68727928846029618,0.72221091812258476,-0.077836812614863957,-0.72355930612935804,-0.690112392498199,-0.014381106842411612,-0.064102341354354858,0.046435713249007714,0.99686238486961942,13.244392527130097,12.486332505409401,-0.068676884346768385,0.4376898493786477,0.4045480299926617,0.8241758241758241,1,5
0.016642090477511536,0.99618109025129076,-0.08571042089669989,-0.99982661097093939,0.017296474023019179,0.0068978243481589239,0.0083539702480526709,0.085580765433140152,0.99629621286491599,1.570658417128987,9.8070572959875566,-1.3797734571522533,,0.08203623455891705,0.4444444444444444,0,5
0.90318176324109911,-0.41337719216986513,-0.11568059276497915,0.42080136427411752,0.90586128666325305,0.04838947354370033,0.084787465899979042,-0.092383041293049639,0.99210708056525143,7.4220500045296269,9.4909893746529583,-0.6861868680027482,,0.07497463048656997,0.4210526315789473,0,5
0.41181760470991319,0.91096927324832688,-0.023264643741159288,-0.91054214020171875,0.41237381340113577,0.029340227297630497,0.036321775395223937,0.0091006163757511235,0.99929870780148566,3.7977663606836498,2.9812320357849709,-0.9161957199542764,,0.08696075689621829,0.1388888888888889,0,6
-0.52671690222059797,0.84646122455654338,-0.077927531959980034,-0.84879301092630555,-0.52869435485168326,-0.0057187193162799932,-0.046040520390119098,0.063132198363427289,0.99694262423271263,-15.098568733438084,-12.126372913555494,-2.6549950727501108,,0.09524596130065739,0.6111111111111112,0,1
0.52159510698735312,0.85232187458844111,0.038548235561412285,-0.85031018788308643,0.51559069737874463,0.10554059483786683,0.0700794459815611,-0.08782741527875193,0.99366755827911202,1.2847940483525924,-9.8854835558664451,-0.88054614060770919,,0.2042000188937131,0.3148148148148148,0,5
-0.092256947778719525,0.99231284620316984,-0.082485579628928482,-0.99573114256765249,-0.092176942445562265,0.0047857081301083786,-0.0028543488703590804,0.082574975274311568,0.9965807675000431,-2.6871982659266886,3.2438082704547386,-1.6725467720675147,0.1576827608515881,0.112301199662836,0.6497890295358649,1,5
-0.17329416352121849,0.9835924374303342,0.050150273372489999,-0.98486952875128941,-0.1731245527769511,-0.0077395453996929216,0.0010696853249674981,-0.050732694149186928,0.9987116948938124,35.240127920168995,8.8439237739898804,2.7273709133944974,,0.4023115374007197,0.55,0,5
0.98711795485955078,0.14587034399097867,-0.065726599926152665,-0.1231590610444135,0.95500312268395726,0.26981638450351741,0.10212731699480518,-0.2582457713261635,0.96066598394842651,-4.7450033471869624,13.964393373793898,-2.2033756590387346,,0.3822362336847291,0.5555555555555556,0,1
0.83170593673077509,0.54817035394735869,-0.088173113022118679,-0.54758414977184766,0.83610453996738321,0.032875479685821551,0.091743303436416651,0.02093946749938411,0.99556250681482372,-15.928168109060319,3.1454311676345541,-3.1553738217575429,0.1916154758499595,0.1444517002439341,0.636986301369863,1,5
-0.79741076467537164,0.60343586384736181,-0.0011093253027528688,-0.60022343922766908,-0.79335248985478113,-0.10160536325867958,-0.062192406140524216,-0.080355367362782051,0.99482416514399408,-9.333070770611716,33.492021633491234,-2.4707305131766559,,0.6623777824645039,0.8888888888888888,0,5
0.84021000078280361,0.54185229821452752,0.021053301503464152,-0.54083749767774025,0.83456077234798876,0.10489574997877102,0.039267743635727478,-0.099520873074764607,0.9942603482650787,-9.1730766587917749,15.410956705554035,-2.7083313589766553,,0.3078085894888823,0.4102564102564102,0,4
-0.79137562889465574,0.6050458815430465,0.087430516522468013,-0.61004762940250923,-0.77233797288310746,-0.17701961897821072,-0.039579083515999702,-0.19342579163754239,0.98031625472467998,-11.129704130466438,16.835077165316491,-2.8874357205502919,,0.407324389949956,0.4444444444444444,0,3
-0.55801731688982148,-0.80034787024356047,-0.21922582112443226,0.82982193482199373,-0.53930116038410492,-0.14335206624475491,-0.0034972188045611662,-0.26191133042492676,0.96508560472927918,-15.241064442767664,27.042250181824159,-3.2396310136178235,,0.2933421419505013,0.64,0,4
0.38603012154323724,-0.91182709710724286,-0.13982878903248758,0.92182161766562365,0.38704731205411358,0.020959089579897911,0.035009291133157067,-0.13698804040011653,0.98995385060198138,-10.198314770319085,-4.6922357127598522,-2.3162644599202848,0.2192269006174946,0.1826470257179691,0.8014925373134328,1,5
-0.40939393168062937,0.90740728032770868,0.094913836248188679,-0.91156535684649509,-0.40248419096171495,-0.083994501148683828,-0.038015903256384875,-0.12090700407406267,0.99193562667414881,1.448797202019686,-11.941138742726929,-0.79920391616054909,,0.2283469484935061,0.4166666666666667,0,6
-0.69076888250635382,0.72234511403230994,-0.032494417898656217,-0.72052527123566812,-0.69140814832735609,-0.052897125983397915,-0.060676885810744215,-0.013126639333275177,0.99807114318976498,7.9486986127183847,-3.4912751381034748,-0.24676058122512765,,0.08925571874433506,0.1923076923076923,0,5
-0.63317398845153883,0.77221453926551342,0.052682119313107095,-0.77195655410597397,-0.62507609721961832,-0.11559823206917896,-0.05633630198371372,-0.11386210094513462,0.99189800032420627,-11.646933137382,-7.073010395399506,-2.4080156280146143,,0.07986032863199717,0.2758620689655172,0,2
-0.52609071169123389,0.84358256190694536,0.10768948100314166,-0.84917337438878504,-0.51420840801569201,-0.12039224790297876,-0.046185964333069318,-0.15478428335100036,0.98686811800064866,2.114512349847923,11.640895005198011,-1.340074762953585,,0.1063250839625475,0.32,0,5
-0.89577142292453937,0.44182783385508761,0.048802900555879457,-0.43579486721765354,-0.85125046502148616,-0.29232769199556002,-0.08761501913766577,-0.28312684618669515,0.95507214250541428,-22.914555341542528,-7.7531351255807568,-3.6190512092804927,,0.4518509776161343,0.16,0,1
0.50376882708713466,-0.85459990694485888,-0.12599987263918502,0.86262396914452444,0.50541234976173433,0.020934291620898555,0.045791448029073326,-0.11923655378347846,0.9918093503941372,-26.44698835161573,-6.4501699036508322,-4.0071490129512544,0.4559827105248864,0.4157416860823287,0.9698795180722891,1,5
-0.0037517778914913712,-0.97820339425521885,-0.20761513343256408,0.99995636177787628,-0.0054461954006959044,0.0075903554336770977,-0.0085556240336417903,-0.20757759614955054,0.97818114011371582,-12.259621883944915,11.808017907132506,-3.0236846121962673,0.1661257030805719,0.114014523683298,0.7619047619047619,1,4
0.0938150683348737,0.99338942014707388,0.066152799586898944,-0.99541183900145369,0.092335306786086133,0.025089079227119011,0.01881498682083696,-0.068203013574040849,0.99749403266904435,6.4424919609236957,-1.9218200341230189,-0.46331394995868902,,0.08595070032062972,0.4285714285714285,0,3
0.30171113005208328,-0.94204934660824702,-0.1466745463864472,0.95314422515512287,0.30159860630927021,0.023544993645076309,0.022056292891957402,-0.14690578350521441,0.98890455086251072,-20.482098198302385,18.387514576417502,-3.8379270889087356,,0.1697594463065378,0.4117647058823529,0,1
0.9918936126191874,0.1001202405831534,-0.078249592144812474,-0.078226836263239771,0.96639003289967607,0.24488949834651447,0.10013802141795235,-0.23678311117504719,0.96638819059876968,-14.892910977419803,-0.47938137851376816,-2.9222300394876886,,0.2279087847592947,0.3108108108108108,0,4
-0.98471413433600963,0.14481217217723677,-0.096785889613067208,-0.14348559449356946,-0.98943869658943329,-0.020565744922781348,-0.098741874661712997,-0.0063639987988918754,0.99509273020537026,3.6578756575390337,-10.819318555877421,-0.5505377373945457,0.255880102966162,0.1720393086150693,0.723404255319149,1,5
-0.99396150865226396,-0.0038323774666727899,-0.10966235544009009,0.019434947382424354,-0.98973791767265151,-0.14156672328356845,-0.10799445420001028,-0.14284315595770417,0.98383587587467325,-12.165523520925991,26.367568178759978,-2.9496298374331524,,0.2316918087998198,0.3043478260869565,0,5
-0.94316199684886215,-0.29249730804429952,-0.15776809717717144,0.31701278415768597,-0.93431707403153774,-0.16295551495343338,-0.099741377475246307,-0.20370795261841024,0.97393774321532312,-21.071256716819299,-9.3972223547633842,-3.3720063814546859,,0.1702644978152895,0.1333333333333333,0,2
0.99152240940450231,0.081324495785223119,-0.10133922258419745,-0.071806030283411065,0.99295290210718778,0.094278461017623563,0.10829222346793016,-0.086202439537364353,0.99037464312964874,-11.457341276731967,18.385756468606797,-2.9211365374724836,,0.1203715287934315,0.2857142857142857,0,3
-0.88787107841329194,-0.41610924335460403,-0.19631109421547577,0.44788576794017365,-0.87932131940755243,-0.16184052679104352,-0.10527719123276078,-0.23161846824081328,0.96709337614106361,-16.613855816445412,3.878308043076085,-3.2485900884242773,,0.5054357547782425,0.3085106382978723,0,4
-0.54863945409106707,-0.82321467212878019,-0.14598750976217686,0.83338231746531455,-0.55244260199904582,-0.016765572840382981,-0.066848054203531029,-0.13086166393726489,0.98914435880753682,8.9359220247465334,-3.7122622836987262,-0.10347814402658248,0.3645045387626706,0.316601321913247,0.6666666666666666,1,5
-0.68918295419972009,-0.70797361158908034,-0.15427320225516195,0.72053976076078063,-0.69209241469045391,-0.042784841833705185,-0.076480774076527938,-0.14064655993465452,0.98710143165492581,-20.728960647980688,1.7803912434555216,-3.6495263133158828,0.3101572276082212,0.2037590868607279,0.5,1,5
-0.24537388760911061,-0.96246336759739415,-0.1159996608299968,0.96886730925153386,-0.24754086838205047,0.0044334573813789597,-0.032981697095262261,-0.11130042458923131,0.99323935843429656,-7.5388010044010132,4.8169421421701353,-2.2492211757470417,0.253757468892385,0.2398625357856103,0.8226120857699805,1,5
0.89385469125402228,-0.41749841041761487,-0.16345907200868848,0.43910935339170165,0.88883042763349929,0.13100933812813814,0.090591206455696016,-0.18887971889966354,0.9778127045100643,-7.9782918740327569,22.705875767491065,-2.4940028301785397,,0.2676039704444255,0.7,0,5
-0.04050123171231694,-0.99023123969298432,-0.13342316952418687,0.99914827927992345,-0.041192669974401318,0.0024248613047517372,-0.0078972300050363202,-0.13321132037659092,0.99105619309995352,-27.39499613354954,-7.7433993704563138,-4.0659935199844695,,0.0934464971059779,0.2272727272727273,0,3
0.9000520514065049,-0.41806077974412026,-0.12301011827763701,0.42677663221308709,0.90269599429739256,0.054787298494224236,0.088136320298702248,-0.1018092644074106,0.99089195310337674,-19.443610390580751,20.847184418022952,-3.7225477072573465,,0.2629493486192034,0.6,0,1
-0.85319033467793204,-0.46260917881464864,-0.24095435353733702,0.49761566053931877,-0.86037370336099905,-0.11016235723194207,-0.15634867187851936,-0.21389211823093696,0.96426410000606544,8.9896492206172383,-10.364253640236091,0.027507733869139538,0.6014781982596119,0.3775891367308392,0.15,1,5
0.91427388617152416,0.39343088100572832,-0.096516335072751425,-0.39312532173959758,0.91919802376494597,0.022966813313038677,0.097753478055551346,0.016945057617914427,0.99506639102643246,-2.8132075694204999,-3.941856936443048,-1.5106602962558311,0.2601936710208069,0.2235236809444756,0.8201357466063348,1,5
-0.64380270540146844,-0.72063024480277693,-0.25731328530264458,0.76323581319848888,-0.62878778610698471,-0.14865064242686116,-0.054673302159205781,-0.29209240030881822,0.95482608872655017,-3.6213611420391119,-15.468384491752396,-1.2846545405912109,,0.1962733935978024,0.1071428571428571,0,5
0.99170953832733444,-0.05316602710302995,-0.11698532024431778,0.079796489214715119,0.96838533382241831,0.23635220656183845,0.10072096057718853,-0.24372775549724315,0.96459943463630804,-31.122811941814305,-10.594321008698996,-4.3819486099309755,,0.331601551745932,0.5294117647058824,0,1
0.15834506774434839,-0.95944206958249489,-0.23323326228541605,0.98738336816331573,0.15363408557094296,0.038349081152575494,-0.00096114281166627218,-0.23636303193613023,0.97166434190951778,-0.31631057964471915,11.961727368274824,-1.6490254735370671,0.4284158569559323,0.4630097774430932,0.7654320987654321,1,5
0.010281100543230219,-0.97075443062148059,-0.23985440250365478,0.99968550523822652,0.0044914890647193414,0.024672193712223442,-0.022873337933322392,-0.24003262685465648,0.97049531088874497,1.8438009346735236,7.755702311054427,-1.2541597773053608,,0.8499409040571081,0.5408805031446541,0,3
-0.93110417493474962,0.36474737048793837,0.0020907274365063594,-0.35296153141181269,-0.89954276520644316,-0.2573732132685409,-0.091995504034203743,-0.24037921974846418,0.96630981468192323,-23.438556198613846,13.431056695937054,-4.0970832211535644,,0.285967249464523,0.125,0,1
0.0071057755540773881,-0.98199060082304368,-0.18879610125469326,0.99989954971455164,0.0046619997856275196,0.013384925798654477,-0.012263703943415886,-0.18887224691096396,0.98192508671099354,14.292649280501044,20.962612737044097,0.034608261890871871,0.6013924534864299,0.5494135237982919,0.7719298245614035,1,4
0.9684824324606075,0.24202014261677682,-0.058889970138728077,-0.2272205019377378,0.95529163278892304,0.18917912100080342,0.10204225357344733,-0.16983564670359744,0.98017510251710849,-0.87622722171412382,31.385173859637611,-1.5735348071745703,0.3299435495686373,0.3560135960605495,0.3684210526315789,1,5
