axis_00,axis_01,axis_02,axis_10,axis_11,axis_12,axis_20,axis_21,axis_22,location_x,location_y,location_z,dbh,dbh_approximation,score,reconstructed,number_clusters
0.28466100342441381,-0.91974214843274604,-0.2702637480790247,0.95848363651870361,0.26817596653781939,0.096905982773964713,-0.016650274931286829,-0.28662873437222408,0.95789703881831145,-8.0752175826790715,11.497789192695171,-5.1507254052818059,0.5143950068358026,0.3423316129471844,0.4666666666666667,1,5
-0.40218237482534991,-0.89639216343111761,-0.18636101180000891,0.91460061902851963,-0.40266396390271969,-0.03697891083845492,-0.041893257840504086,-0.18531816293453404,0.98178517682539845,-8.995943406471671,17.400701382098013,-5.7317537885382839,0.6556795321733295,0.3063313386841486,0.4444444444444444,1,3
0.98737714436175517,0.10685131458273718,-0.11691523153108714,-0.088200678818394079,0.98405256380033967,0.1544706830889076,0.13155612888801974,-0.14220881917068359,0.98105536882587796,-11.690928997531611,-12.69267820157633,-4.0977927839997177,,0.1430992899024208,0.4615384615384616,0,2
0.82930470832154579,-0.53929835091835221,-0.14632494473760385,0.55313871432670936,0.82943246742764798,0.077970152557755454,0.079317485264675122,-0.14559900643078075,0.98615904693799694,17.756276482467914,6.4027316333016886,-1.0851482713084251,,0.826034063610406,0.875,1,5
-0.95253449304063276,-0.22425891464753894,-0.20587855344579314,0.27012300875279477,-0.93449418943332008,-0.23184945559068923,-0.14039800465164026,-0.27645713793727456,0.95071544174551414,-12.571039870487352,5.4594134863081365,-5.4251515515569597,,0.3117907142719849,0.1944444444444444,0,3
-0.47701192338069009,-0.84064268648782614,-0.25647514227930035,0.87094717096624674,-0.4912831483316264,-0.0095861124163333627,-0.11794342007313564,-0.22794898951278075,0.96650328910022654,-10.156446793510375,7.8547408770449216,-5.2409140107229053,0.7182283808681642,0.4846722600223727,0.6862745098039216,1,3
0.78148838645454055,-0.60556707877405236,-0.15021456301483924,0.62023155652642803,0.78015665429968761,0.081660339459994125,0.067740077690260483,-0.15698441915355188,0.98527517679962817,-26.910068996045368,7.5808649440792601,-7.9686974945238234,,0.2801878137635797,0.5294117647058824,0,1
-0.58594549108324767,0.80896151887188605,0.047425124814831764,-0.81014018312028724,-0.58345619785340808,-0.057024107886678693,-0.018459825921136808,-0.071834018201234362,0.99724576141291532,-25.455732133137278,6.4047859535181111,-7.6413843742629011,,0.2494485904976305,0.3333333333333333,0,5
0.29026426806135325,-0.91125725500647037,-0.29215898049671601,0.95674022388617352,0.28268521494227428,0.068827416421623669,0.019869541641473826,-0.29949838806096074,0.95388988717977541,-12.690721901605556,-1.9787211143923531,-4.9266712590888408,0.6822104245855332,0.4269929790819518,0.303030303030303,1,3
-0.35823065055250863,-0.90703137026452019,-0.22128012644789091,0.92795347611977574,-0.37200962255477127,0.022609442361152681,-0.10282580980450493,-0.19723826728787866,0.97494816208623325,19.083532036431357,4.4679250552566021,-0.77015038781426082,,0.2262057036060695,0.7636363636363637,1,5
-0.95384972655763633,-0.26537735438314086,-0.14051889170687396,0.26669946988128734,-0.96373106105915718,0.0096868320328287599,-0.13799308646074834,-0.02823653184080584,0.99003060879885951,-11.652776252740669,-12.458871381563302,-4.0674758447019865,,0.2770041570882602,0.3773584905660378,0,2
0.48576947943554216,-0.82436419053565491,-0.29060573671456846,0.87364396282792522,0.46848768568144594,0.13139830508481309,0.027825151630160846,-0.31771523370360649,0.94777781742844203,23.337044149835346,-12.480695124233351,0.85632588321481817,,0.3213195115083558,0.3333333333333333,0,4
0.20924843747795951,-0.95072603076435191,-0.22876867320525771,0.97777657029099974,0.2003221411907464,0.061838647613970898,-0.01296418154002266,-0.23662428906563288,0.97151473268354605,2.5439486876712483,5.006217553546529,-3.1651531327845497,,0.2396982502564564,0.7083333333333334,1,5
0.45670153679686831,-0.85751964504883349,-0.23682011030041825,0.88954656902160323,0.44360570696270374,0.10918277470377254,0.011428378243376737,-0.26052645759201376,0.96539906622354044,-7.3845235020926498,-2.2757677943319941,-4.102454131584313,,0.07444957101243485,0.1769230769230769,0,2
0.61972126218525692,0.78423446144035369,-0.030362257572033154,-0.77370207391702683,0.61697257189494314,0.14397897883313027,0.13164595706668603,-0.065735492838326859,0.9891148502420225,5.2630567472816798,17.663097219649689,-3.5382878652687886,,0.5962547769194768,0.4216867469879518,1,5
-0.74900800319304128,0.65221150538069717,-0.11664974668561606,-0.65991295035019815,-0.75008627009550011,0.043422176066127541,-0.05917693058000395,0.10950223588249497,0.99222343815486636,12.483743164502123,3.6193507512906358,-1.5714358127607728,,0.1128622963307438,0.5471698113207547,1,5
0.93799049720158911,-0.31361764278098819,-0.14770850109594846,0.33067502299133833,0.93734965022311101,0.10967981763427978,0.10405698597015585,-0.15172213867167661,0.98293058570160452,-0.84897295054288158,18.744165830556884,-4.530807299764084,0.2351908442362442,0.2132428864228205,0.7105263157894737,1,5
-0.9727977668604233,0.199567986870998,-0.1176313028391295,-0.1961927777967965,-0.97976033767002868,-0.039724987968385833,-0.12317832086755631,-0.015565967524337891,0.9922624662473537,3.7830316647777704,5.3603620417760043,-2.9949576189820362,1.045605800972937,0.6461236676295713,0.4880952380952381,1,5
-0.88347087141079828,-0.43709608310991382,-0.16860081108528818,0.44769994378743178,-0.89371309238668695,-0.029011529248836758,-0.13799992645424122,-0.10111341467182858,0.98525737636012012,3.2369066646009719,-6.0622141143089854,-2.2928904252964037,,0.07128817185810728,0.2631578947368421,0,3
0.5200811283850395,-0.83545794303171572,-0.17755462630683333,0.85404730324813627,0.51133114546494629,0.095622505154867116,0.010900628987848679,-0.20137151015652907,0.97945428233529541,-3.0586722656436676,13.970034357208753,-4.5190604393097882,,0.2359450191359922,0.1764705882352941,0,6
0.66691787123690882,-0.71957184390335838,-0.19348621265183635,0.74332442350793237,0.66055175846681846,0.10554703123723864,0.051858986120350094,-0.2142142288642741,0.97540909864049052,17.5862793198391,-32.395360177974844,1.3905961613838134,,0.3461210180571956,0.3333333333333333,0,5
-0.3263113585180365,-0.92363972543139072,-0.20102376702056582,0.94073740910661785,-0.33810431222040849,0.026431064400287189,-0.092379783553984712,-0.18048582122424409,0.97922971969172223,-4.0414880380906704,16.488738062152052,-4.8992277699717333,,0.1066608469826084,0.1904761904761905,0,3
0.73219744257109265,-0.654877369581783,-0.18714308937814311,0.677010647998607,0.72983296435147471,0.094870578381522408,0.07445460085754943,-0.19616185907454911,0.97774078234241546,7.7786333258249556,14.165697135143196,-3.0085527561040273,,0.1169235027522358,0.2083333333333333,1,5
0.74143880799344564,-0.63553312014835428,-0.21532799909848332,0.66695347929127446,0.73324805976859797,0.13236441858313097,0.073766865614057278,-0.24175387492258399,0.96752959308612008,-15.376090763752671,6.9379109321385686,-5.9538694750508618,,0.2979579793268951,0.8292682926829268,1,5
-0.99173683657121492,-0.0082964686145419551,-0.12802037180170625,0.0089998498944287887,-0.99994741251571095,-0.0049167982480362461,-0.12797284747006663,-0.0060283340702106704,0.99175935059808751,4.5930891261144158,3.9447452436529993,-2.7774003952119486,,0.1128214898245455,0.3716814159292036,1,5
-0.88843569029424629,0.4468003901419782,-0.10512580834581385,-0.45034677586467309,-0.89277954911242396,0.011509046655113906,-0.088711925239387729,0.057568116658369674,0.99439233015180073,3.9575485895666027,-4.5158029599976137,-2.2297479889560696,,0.08916052290431253,0.3728813559322034,1,4
-0.40152840341759477,-0.89868924891690694,-0.17644425502147904,0.91097343543301856,-0.41175764721731684,0.024146219029591437,-0.094352218756543038,-0.1510406363838129,0.98401442315470744,-3.8953247966735076,-8.4096250698512325,-3.1378148497001073,0.1402349189827101,0.1349550243891994,0.2993197278911565,1,5
0.95670988133668655,0.28211511823431462,-0.071535047468932883,-0.25592593527342605,0.93250887924981807,0.25481190273350773,0.13859335700951131,-0.22547339129903388,0.96434103470138988,-2.7759567782426187,9.1382570163289127,-4.1657564438022634,,0.5640596235674038,0.4384236453201971,0,2
-0.60948411873305508,-0.72678332371525745,-0.31672560581928866,0.78139298122784095,-0.61821655868827829,-0.085048782774889059,-0.13399297705498991,-0.29932304778120017,0.94469656248285072,8.2106263777919768,19.160654256613796,-3.1834015878584463,,0.5092331477381263,0.4347826086956522,0,3
0.98763470883901472,-0.069151681166656445,-0.14069728813413973,0.1010844498237605,0.96688156425578398,0.23435437846585511,0.11983161477800296,-0.24567882630400745,0.96191595184069112,-0.81071247634100629,-4.0722763467207859,-2.9679118887684726,,0.1908677769480831,0.3010204081632653,0,3
-0.97045777738081485,-0.20346823473773559,-0.12966256118787481,0.21377388139756212,-0.97429105766339641,-0.071117245372427154,-0.11185897350374123,-0.096734752854652523,0.98900452862301858,-14.050752080974487,-28.150641778129536,-3.5085049884603432,0.46402159942722,0.651884273852848,0.7209302325581395,1,5
0.383395673713329,-0.90655577827450107,-0.17653435431953868,0.92358417280507887,0.37636454430308075,0.07308902472664762,0.00018199412292149952,-0.19106635148201306,0.98157710660420916,-15.086286252601001,-7.1036220184159742,-4.9418970330023582,,0.5238098418388806,0.3529411764705883,0,1
0.95010082995733836,-0.16490011508104063,-0.26479494889562444,0.21781002115714948,0.95835440509264525,0.18470416596017528,0.22330966749762299,-0.23316257479660285,0.94645021322641143,-10.958511599658332,9.5572308571680686,-5.4991995709240671,,0.2077953419765815,0.24,0,2
-0.9861128176888192,-0.10293700370490554,-0.13032837011977022,0.1017435327940797,-0.99468516840309473,0.015800926981951641,-0.13126219685956647,0.0023214278289878407,0.99134496853942677,-4.2413914534093138,6.9273400773488056,-4.2365901262153018,,0.2072277854942864,0.7178770949720671,1,5
-0.54508220392164686,0.83531505454438004,-0.071652987512319563,-0.83795945372332425,-0.54552875382197785,0.014910823892334358,-0.026633529312290533,0.068169923022988674,0.99731816222879022,7.8146455552263543,6.0526204443745844,-2.404996754653085,,0.133411736557274,0.5060240963855421,1,5
-0.26704980172969051,-0.94813156286423739,-0.17242663047439058,0.95998931508572327,-0.27738342886197892,0.038457097056536979,-0.084290677523539886,-0.15525776274760161,0.9842713593258885,-5.4928741586447831,8.1553074942728152,-4.5496213059040551,0.5112323890384994,0.3991699901492906,0.9551166965888689,1,5
-0.81501777006668841,-0.55983947112823962,-0.14941820853689541,0.56253744435517272,-0.82631108527128827,0.027597355962775866,-0.13891601122215197,-0.061561001653955214,0.98838888343682219,19.960012708067929,-12.122159137542384,0.37242047728525601,,0.4091250474284449,0.5714285714285714,1,5
-0.76678234836373227,0.63131863635149266,-0.11611033387727079,-0.6385605807308512,-0.76864867886256361,0.037677489559584644,-0.065461553407150819,0.10303391615447142,0.99252143409973537,4.7300858367973788,-19.831239135035993,-1.0819297888856456,0.4281900541166297,0.3942082498545795,0.9247311827956989,1,5
0.84815789549664478,-0.51055216515871404,-0.14129639400370889,0.52352066474884218,0.84859157252534156,0.076278808458822636,0.080958618365388854,-0.13866805576886271,0.98702425118213288,5.392169391695675,-6.2173151212353757,-1.9520712559651847,,0.6871890381835902,0.996551724137931,1,5
-0.76918945416350459,-0.5987733625967262,-0.22319956059154916,0.62358606611630452,-0.77963890726238605,-0.05747688603521816,-0.13959943319814366,-0.18339475054461921,0.97307675119870929,-11.068137216862196,22.256815295600578,-6.3532198350696438,,0.8168616664871511,0.5892857142857143,0,2
0.57545726752329107,0.8165095967485364,0.046486682740005315,-0.80899558242416403,0.55998632151602035,0.17872175954019548,0.11989612534529612,-0.14045425637017342,0.98280085520652982,-8.591911009129559,-2.946076216763466,-4.2531648393688339,,0.2095364785208131,0.1294117647058824,0,2
0.4102693043261228,-0.8925502324053205,-0.18717152711074342,0.91193661588177943,0.40312568814749533,0.076559050214170782,0.0071208526067473264,-0.20209839729403264,0.97933933407646589,-6.2416332098651113,-6.5953094523291425,-3.6317974400282536,0.3139351747753939,0.2191653776417796,0.6290322580645161,1,5
-0.79715181736124618,0.59859063638554788,-0.078982467100031942,-0.59960617045481168,-0.80019288368508434,-0.012798017513063923,-0.070861981556955195,0.037156411711763357,0.99679385062234793,-28.548041991084318,3.5838550148300587,-7.9927242357629797,,0.5440597955217291,0.4473684210526316,0,1
0.088065910094401484,0.99558656255376876,0.032431341964493078,-0.99431752853982325,0.085905595597025874,0.062871941942174686,0.059808426811819179,-0.037783926575904396,0.99749452478437373,-13.996809902831414,-14.695146297540376,-4.2351133183774863,,0.6150705368929623,0.5,0,2
-0.29409359572057475,-0.89316125825005666,-0.34025273506221732,0.9516484261230036,-0.3066913677554241,-0.017483649559456367,-0.0887368582594283,-0.32894280917126534,0.94017147280736135,-12.27653898422769,6.7555785726090791,-5.4604555605651486,,0.2503270229132821,0.1904761904761905,0,1
-0.41826066850150007,0.90831459588099772,-0.0047547969693295744,-0.90713264036560681,-0.41797331424729717,-0.049078318639234404,-0.046565931409158677,-0.016214298833785508,0.99878361547700989,0.59891140359899331,8.1427985610348834,-3.6007907795263816,,0.2742474643384831,0.1590909090909091,0,2
-0.66216174042482123,0.74812458846817853,0.04302824243321756,-0.7473261484153304,-0.65504558526782142,-0.1114401593495193,-0.055185663104474675,-0.10594754055879457,0.99283919203326332,-8.3241213807149901,5.5502138122295692,-4.7743594714886974,,0.5222320788769425,0.1876606683804627,0,3
-0.98548408096120044,0.11514082146652033,-0.12475462878816797,-0.11848991087548089,-0.99275899234501153,0.019741432036160991,-0.12157823486454858,0.034237031853427809,0.99199120886078829,0.53161818529718141,11.2355932953456,-3.8205888896062197,,0.2401736313310151,0.8255813953488372,1,5
0.83318734792032134,-0.52973545190140914,-0.15867953322439751,0.54755222021341743,0.83044401142683866,0.10270983411854442,0.077365427710701068,-0.1724618650140137,0.98197326629141457,1.3728252932010225,12.197510259270675,-3.7356381551907707,,0.4486359843184632,0.9311740890688259,1,5
-0.80093072019290479,-0.53249614483864449,-0.27378428951139272,0.57122412609228312,-0.81660641922334687,-0.082806725894290126,-0.17947974599208655,-0.22271464212127207,0.9582198124456679,-21.569333959115404,1.031301410205089,-6.639176906649273,,0.7710269924869684,0.5433070866141733,0,2
0.98638966273918971,-0.11059205308152889,-0.12167510442353742,0.13118277339635595,0.97545394859931389,0.17686343354703363,0.099128770825158488,-0.19041794021892455,0.9766854636153206,3.152835501869006,30.243040137701229,-4.6830572543743223,,0.388397585204786,0.5,0,3
0.62117695486977997,-0.75405308046137531,-0.21340839389634472,0.78273138261988839,0.61031122752279088,0.12186791301069111,0.038350663627434896,-0.24274298631749205,0.96933228007376326,2.6582512595514372,-5.5242897368527739,-2.3913303982607257,,0.136392789915494,0.3225806451612903,0,2
0.127882227526259,-0.90362700898507475,-0.40878400716712265,0.99044821905505764,0.094929502794742687,0.10000357428516135,-0.051560268168299589,-0.41766807171704057,0.9071355580146675,-16.134704712410819,3.7537773833950872,-5.8804784257165386,,0.5030485457073359,0.3181818181818182,0,2
-0.97743000437307936,-0.15493055148817156,-0.14362141472222789,0.16286251891969897,-0.98561507556350303,-0.045152217587639487,-0.13455997355221891,-0.067523677606613403,0.98860212749118892,-12.460954801976852,12.377466706744643,-5.897387903984419,,0.1455101222268577,0.3125,0,2
-0.9822010093720005,0.10091331512606852,-0.15842247321289782,-0.081676477691238883,-0.98896802636516723,-0.12357667991712538,-0.16914529310795817,-0.10843775015027692,0.97960763786414506,2.0546400590200973,17.366623508099799,-4.0100753331973591,,0.4110358686400791,0.2173913043478261,0,2
-0.82407047366184893,-0.53839441324127457,-0.17617976679891253,0.55077883822523355,-0.83421697848917142,-0.026920329932199127,-0.1324783974918079,-0.11922033631465823,0.98398983003231366,-4.3959901196836029,13.590945531625039,-4.6895837560672327,,0.1466209206546046,0.3529411764705883,0,5
-0.33590294599782272,0.93878133791309004,-0.07654286678778606,-0.94189630773930888,-0.33485621543632982,0.026507743221841292,-0.00074588004434837879,0.080999472651167803,0.99671386520565264,-7.1138535699269321,-14.357361281953455,-3.2439572518492832,0.1236863236071602,0.2020575140975844,0.3809523809523809,1,5
-0.54906969099146952,-0.82267809338010578,-0.1473880222643891,0.82764436077848624,-0.55974647367543617,0.041093762050792772,-0.11630686353825036,-0.099421526242509758,0.98822470805657681,15.653855263701001,2.0170874674881776,-1.0723974265431762,,0.4878403860190436,0.9945355191256831,1,5
-0.31795452662634993,-0.92553203290606068,-0.20565839409707534,0.94494862852837658,-0.3270383941018189,0.010861778198933194,-0.077311114596499877,-0.19088306590181756,0.97856356293894808,12.259688634857676,-6.0482606362227358,-1.0203534603644202,,0.4393571723646681,0.6363636363636364,1,5
0.88363150836765181,0.45916005745519262,-0.091473488277497558,-0.44741398321290454,0.88570579564388263,0.12387885690625584,0.13789882176970233,-0.068536743434321215,0.98807217841306838,-14.809077927647031,-6.0821293200180424,-4.9619150547618993,,0.0826347235184966,0.2105263157894737,0,1
0.93262987296501587,-0.33023802315462591,-0.14541103161790458,0.34661035658123907,0.93193341348431724,0.10658974407556414,0.10031341268187806,-0.14980974899649468,0.98361285999204084,-3.3997833681830754,10.862257442623886,-4.4073271634259434,,0.08480700847826338,0.1764705882352941,0,5
-0.31871601362084534,0.94626681547943237,0.054765103707111795,-0.94785024174761501,-0.31817455966178582,-0.018570643581082544,-0.00014792100603219958,-0.057827878280655366,0.99832655710089824,-2.3212613940712847,12.750457407991314,-4.3294706085902055,,0.3623707730512515,0.2692307692307692,0,4
-0.87544991876305078,-0.44782054797485316,-0.18178062754119143,0.46328062651285357,-0.88470491262680229,-0.051655383764509941,-0.137689871942801,-0.12943714453549737,0.98198142791952558,-16.280055339876846,-14.609072456304364,-4.680062426884831,,0.4769455184567857,0.1666666666666667,0,1
-0.67378026821351078,-0.68104239042083059,-0.28670788725811397,0.72814415477324257,-0.67798628605075528,-0.1007009721733802,-0.12580238485692702,-0.27661500027472286,0.95271081739808383,-12.912635855426712,-13.159633127959328,-4.2267460660856067,,0.2968063876018808,0.2307692307692308,0,1
-0.57920290164548283,-0.78412911406507202,-0.22285764784045445,0.80668676870696243,-0.59069968417424679,-0.018175266423528763,-0.1173901866365936,-0.1903034828687378,0.97468155234899934,-11.893578082230666,15.032309316475555,-5.9752254621199636,,0.08203724684251804,0.3125,0,2
-0.69464027885241741,0.71846271288234875,-0.035863814542955952,-0.71824344891725767,-0.69547552735385987,-0.020979488537930666,-0.040015385582029141,0.011185752080492361,0.99913645107518489,1.5153807406483055,10.741344093432836,-3.6604202485364143,1.232978411226395,0.4826239280156426,0.1515151515151515,1,4
-0.41782448410000073,0.90589415718681432,0.069126525020146767,-0.90851154458016858,-0.41615121103306602,-0.037748416129289891,-0.0054289825129385915,-0.078574458512325834,0.99689346502942333,-24.543314673757951,3.6538248485150051,-7.30490681809819,,0.3496566802262348,0.1764705882352941,0,1
0.13488418333030036,0.98854229433649521,0.067752412468166101,-0.98801249467672136,0.12900021390154323,0.084795372373956623,0.075083736254929534,-0.07837778461588879,0.99409222682239384,7.8559718188116694,12.334183048989084,-2.8235364193481591,,0.2696308640920383,0.1935483870967742,0,5
0.79524430360433751,-0.57242393317294316,-0.19979323891380671,0.60300253148786909,0.78102033814428518,0.16246593004136883,0.063043196334522739,-0.24967593423436552,0.96627505569590422,-4.0800280401896369,22.293297314162661,-5.2618668180672463,0.6281658196917301,0.4563160139991103,0.5967741935483871,1,5
0.4856668262719408,-0.85122801730334796,-0.19884314525965585,0.87386461505870117,0.47853441964580873,0.085822163585858216,0.022099058967502964,-0.21544296640192559,0.97626633651923611,-34.245765316227001,3.7135010526433074,-9.0881702324006,0.451750861170043,0.3625317305899765,0.6444444444444445,1,5
0.97238645972224513,0.20424015143681898,-0.11291826021465852,-0.18915681757324818,0.9731363592151645,0.13124528463535953,0.1366904214434975,-0.10626187893370281,0.98489803623069494,2.2187749390173503,-4.1650978487671386,-2.5138326423045103,0.7468146649110557,0.5272260640962642,0.9313063063063063,1,5
0.34251498382729278,0.92304841414172201,0.17511456536862191,-0.93457733141534416,0.31566606718675266,0.16407359821562348,0.096170148478426892,-0.21985576903347442,0.97078048155303176,-44.451844424493174,-4.1409448621601621,-9.9976446113678517,,0.4398428999898879,0.2352941176470588,0,2
-0.74178971817919181,-0.63130869718615124,-0.22626829839983861,0.65515640081422344,-0.75424373419635893,-0.043433626347376589,-0.14324142025191799,-0.18045974144571786,0.97309618087913408,-41.108654575201122,0.23726096411868733,-10.343415740331247,,0.2513343499016492,0.4347826086956522,0,3
0.87559455274962228,-0.43952663914284207,-0.20037592839207941,0.47669384955578531,0.85328462749122358,0.21134880714792489,0.07808426852366751,-0.28057383693238797,0.95665101737162328,-9.4765877276918182,13.90479286657996,-5.4971834583927306,,0.5376808677836422,0.3428571428571429,0,5
0.124233332367715,0.99020491915467357,-0.063720461475879162,-0.99005800068213801,0.12797178300919021,0.058381315835939869,0.065963887196706997,0.055834047277041277,0.99625866357616411,21.948975907867158,-1.9911388951381721,0.064022443462070019,,0.3647204877737041,0.3777777777777778,1,5
-0.43709322546666118,-0.81181220255512387,-0.38718272176551238,0.89337397481120973,-0.44168431151657561,-0.082449439598759097,-0.1040790727340099,-0.38193705861401855,0.91830911455571496,-20.778988738109636,6.7129736682522045,-6.8487541484341188,,0.5418224547769018,0.4761904761904762,0,1
0.98246014029709194,0.1441732628925286,-0.11826302462875474,-0.12924507344823172,0.98364422208322599,0.12545818168476436,0.13441645627221696,-0.10797274947507812,0.98502492438212552,10.811470885189983,10.19127820170786,-2.2480340008131914,,0.1405202639847298,0.28125,0,2
0.89050357099926536,0.44541958508739354,-0.092761970969421459,-0.43380639921014624,0.89270234761041867,0.12204313407633979,0.13716923139642037,-0.068439110101041811,0.98818049473094416,-7.3809303616025321,-13.521655591084025,-3.3242471997298697,0.229877680056744,0.1770425829778668,0.631578947368421,1,4
0.78763989770657672,0.6116924759917336,-0.073862753508628642,-0.60144734597135152,0.78933818685873824,0.12331389536697653,0.13373287391210623,-0.052702386868744025,0.98961506498918383,12.906589794852231,19.847456291070934,-2.6037173315478617,,0.5904586263934817,0.1666666666666667,0,1
0.96438509231217373,-0.2246736777724187,-0.13958199111008435,0.23978520124352784,0.96536470953877385,0.10283012613879193,0.11164430567942618,-0.13263753651713522,0.98485675756224789,-11.9863172089816,-11.775785612660266,-4.1487059364624574,,0.1328008634787445,0.1333333333333333,0,1
-0.41673024540348425,-0.85838834544543341,-0.29917444905841312,0.90329165914128484,-0.42795220756934832,-0.0303494079399871,-0.1019807878560373,-0.28288930068133489,0.95371566122628437,-12.462440658616755,-16.175990726969165,-3.9328838377213291,,0.5084645275728081,0.4166666666666667,0,1
0.04650586955790692,0.99752177536427589,0.052796891677144554,-0.99716119571902218,0.043225894016979953,0.061652833176134236,0.059217850762032676,-0.055514230252593652,0.99670026406667978,0.8075845150766594,25.465404458931278,-4.7409424785129612,,0.5948383282012486,0.6666666666666666,0,1
0.83292323195442075,-0.51774132961781427,-0.19540420997557906,0.54782956123832494,0.82136525127639359,0.15887698332071562,0.078241047436922118,-0.23938053304570206,0.96776820514766271,-9.4277747471968905,-15.104056887740128,-3.5707289861093869,,0.5265439583684737,0.65,0,1
0.10357104482690722,-0.94480619895533613,-0.31082838526915796,0.99257991421782921,0.078166063590776463,0.09314064845194342,-0.063703630703348516,-0.31816868626295081,0.9458913967876641,13.877960733707454,-7.063747643505514,-0.72572303135468785,,0.40631780748329,0.546875,0,4
0.7638906564495217,0.64327275700710362,0.051683895766467175,-0.63398506691225054,0.73307156493828696,0.24631081099131713,0.12055704011540873,-0.22092134521456067,0.96781184085916239,-0.070207112858628976,19.103388717216074,-4.4290698340231138,,0.2361203537417215,0.375,0,3
-0.75070156404075672,0.66064144620458154,0.00020323258192535433,-0.65935751199894199,-0.74922336001750778,-0.062546208315471488,-0.041168350918250968,-0.047087539336818779,0.9980420484738487,-1.8366127415264746,0.31890894332624681,-3.4487072491369264,,0.1493598544112445,0.2839506172839506,0,3
-0.082586508745638137,-0.91344526888377053,-0.39849367539154662,0.99454384443659716,-0.10111385932113084,0.0256618188455182,-0.063733900449292225,-0.3942001118810638,0.91681201002521595,-8.7669193019200602,19.235388421599026,-5.8236705705420695,,0.684347781649052,0.6122448979591837,0,1
-0.83258360059715186,0.54838856753102083,-0.077939252100323098,-0.54835584639499912,-0.83590803823051707,-0.023740626487797969,-0.078169135476267318,0.022972388271222943,0.99667540133987942,-6.4038980626210211,21.224281286763784,-5.5447898797246671,,0.1051348604483199,0.3125,0,1
-0.92461275642830565,-0.32386854957411043,-0.20050040709886677,0.34922198491303746,-0.93094681605127805,-0.10668660148952483,-0.15210278072227168,-0.16866294282013608,0.97386731941050486,9.9907847560985221,21.254050884756175,-3.0868029605643263,,0.2178973522802575,0.1818181818181818,0,4
-0.18715866879100332,-0.95077275240742365,-0.24698746117159978,0.97788271887133726,-0.20422328441349352,0.045146851896533238,-0.093364987169611516,-0.23307514535655297,0.96796640219991137,-8.2497314684169591,-13.944993359959589,-3.4565970473144927,0.3774579310049265,0.196657842925546,0.525,1,4
0.10057613365024977,-0.97084459497668019,-0.21758955339017044,0.99410471362337638,0.089157633928081362,0.061698741187577143,-0.040500119651088788,-0.2225122215001076,0.97408831816798569,-4.7630303681684847,9.2744429488826832,-4.4887085981075483,,0.1496043372021448,0.4142857142857143,1,3
0.31000624983071406,-0.9139197925678284,-0.26200522479270255,0.95068559656149842,0.29519107546174617,0.095179438211442147,-0.0096447683437691934,-0.27859081413520326,0.96036146149409785,-14.250270620951223,4.2585946635437235,-5.6316690299055061,,0.1719723583606799,0.2142857142857143,0,2
-0.88065118958919175,-0.42614724243712976,-0.20700727049640613,0.44011491312017875,-0.89760670866760994,-0.024516521044352382,-0.17536346690334209,-0.11269749029206841,0.97803217235299056,-5.9181685029626427,2.3604369446462861,-4.2275521772497822,,0.1701648699135322,0.3626373626373626,1,4
0.43140281576286049,-0.87374472168452266,-0.22463697798962734,0.90215818973751893,0.41740422689819462,0.10901519186353678,-0.0014870243436836163,-0.24968755014208727,0.96832531520282195,-18.054630138217274,6.8226509700150855,-6.4014972165798909,,0.1717969011395137,0.5238095238095238,0,3
-0.76796135462569881,0.63788336847239602,-0.05779416949633083,-0.63346707428628324,-0.76976649090412819,-0.078606712667052617,-0.094629929708510349,-0.023756214080816539,0.99522902826229298,15.980761168991235,10.949353845373672,-1.6237948748228528,,0.2403348216312284,0.3571428571428572,0,4
-0.015723241845110533,-0.98704977273291916,-0.15964186735869995,0.99830489540565315,-0.024445166988215764,0.052818269756078083,-0.056036733264776921,-0.15854078326667503,0.98576097740081048,1.7219039165366132,23.825508786646193,-4.5005139849256048,,0.09670426598883475,0.35,0,2
-0.42018807511626366,0.90666660271497646,0.037385198292554329,-0.90741855322833276,-0.41955979451325226,-0.023688564435145019,-0.0057923041261464412,-0.043877674839055157,0.99902011934876933,6.1926722743118079,-21.435392420364106,-0.81102280448415243,,0.4993865182190641,0.2972972972972973,0,1
0.65861431511116808,0.75179048628963374,-0.032221866101207156,-0.74209469208785683,0.65601807710672977,0.1376072326740817,0.12458993500952306,-0.066718417499112004,0.98996262599187945,-7.4128186988813276,15.733128018536821,-5.3328249053823908,,0.2760271480998895,0.2,0,1
0.80772243368595009,0.58834234643035588,-0.037917720359608553,-0.57393237800783792,0.79939137540613892,0.17769370951316749,0.13485583263142389,-0.12176498808403358,0.98335506918009052,-2.455994514774273,18.191789552623128,-4.7461605649641436,,0.454662364718857,0.6470588235294118,0,1
-0.88604981334832511,0.45690644491068483,-0.078436145140345206,-0.4522877229341391,-0.88911733738645793,-0.070044100692824643,-0.10174253755656602,-0.02658685686377011,0.99445542639861728,24.296940010663764,4.1693218459492716,-0.069132502638228621,,0.1096009909299394,0.2,0,3
-0.46850909183562089,0.8833817488673269,-0.011658329016788243,-0.88295897998375605,-0.46864710061918058,-0.027446944224799603,-0.029709771682149763,-0.0025653166154453581,0.99955527541865108,-0.34688228914633323,20.283528046805394,-4.5469592342061613,,0.163490897324284,0.2222222222222222,0,2
-0.15572727785302995,-0.96855732570900865,-0.19402505443344065,0.98512345943513457,-0.16672992840116374,0.041628123256953503,-0.072669007169759298,-0.18465599852362549,0.9801129412502444,-6.6295577506899717,18.925301040030419,-5.471351504032441,,0.0682394555420041,0.2,0,1
-0.73960500890703618,0.67080970291048125,-0.054761056242321499,-0.67045557606349482,-0.74144598705612752,-0.027334388665778708,-0.058938538537954818,0.016498204736169482,0.998125271654562,26.686121329120095,-18.017132466435715,1.6238005201070715,,0.1499959028042647,0.25,0,2
-0.9755983425786191,0.20791537899451093,-0.070562519338667251,-0.18734060084942103,-0.95586621108984193,-0.22632561889924685,-0.11450490483480975,-0.20758367391083066,0.97149248329282123,-18.047837712627945,4.0719197073629996,-6.2299252002937413,,0.7026076665215181,0.1818181818181818,0,2
0.43838849632019489,-0.87008275841684923,-0.2253253643064779,0.89874166387406362,0.42684615045752544,0.10032838808867979,0.0088852636989449289,-0.24649210402225863,0.96910406806683136,31.739136334967245,-23.95331775737364,2.8095761023779944,,0.513528938069456,0.4285714285714285,0,3
0.48195966977539467,-0.78655328920621648,-0.38606838765803292,0.87603842779593599,0.44086247184099803,0.19544041022027275,0.016478766180021288,-0.43240513891618571,0.90152883819878793,4.8025466253633189,18.962273404237372,-3.7081615402398969,,0.1458067522738553,0.3571428571428572,0,3
0.87062531003457411,0.49126210218964944,-0.02594448842061059,-0.47203876977223497,0.84908161422978923,0.23714934579047206,0.1385314742544656,-0.19422141830689119,0.97112670198679152,-3.9272037453138107,0.31251091412356452,-3.7752522084527578,,0.4590372162345485,0.2953191489361702,0,2
0.33279706466738762,0.94225260088724416,0.037498664909499067,-0.93839898855849146,0.32698917047752452,0.11173817907421187,0.09302393251830901,-0.07237484723054434,0.99302992375214183,-22.406452532998888,-2.1514253415727684,-6.5301669587956024,,0.4859477102424804,0.8,0,1
0.32412915779580953,-0.88256892220267735,-0.34060591103001409,0.94597319511118005,0.29908283132122171,0.12523647288241888,-0.0086604386567004799,-0.36279685441151255,0.93182800946922983,-9.812223510674869,17.446159073070543,-5.8230085428806584,,0.148938268768911,0.4285714285714285,0,1
0.98177680313977056,0.17789986855497988,-0.066827730657073717,-0.1588450286661971,0.96125298686917804,0.22530191322560908,0.10431953644782233,-0.21058093931599253,0.97199439417730538,-6.6147352323537083,-13.12555482389587,-3.1899665889148352,,0.1001512786234619,0.2857142857142857,0,2
0.69310581522864623,-0.70577915463550067,-0.14656095584510831,0.71902321873781561,0.69133173029002049,0.071176187100165253,0.051087570035625168,-0.15471335939796738,0.98663764200016735,-5.4072951375478606,-2.7182673136474551,-3.746548928671444,,0.09932094356648011,0.5980392156862745,0,2
-0.99129179067253237,-0.0084667727076876698,-0.13141118485563238,0.021801435201424722,-0.99471141201874591,-0.10036884089612096,-0.129866405080001,-0.10235976045101471,0.98623384461901753,-5.2368295708613148,20.032743710849445,-5.3058988378887539,,0.1034149542147048,0.2142857142857143,0,2
-0.051153275521979479,-0.96399485665684592,-0.26095451470039777,0.99706883100093491,-0.064182012863272589,0.041646314017546905,-0.05689541853086106,-0.25805926754132746,0.96445234500530508,-1.6170373108815448,-7.3532044974301174,-2.8867276181374226,0.3584877570066326,0.1399521840421725,0.25,1,2
0.67186133737624576,-0.70545305460940189,-0.22569521723170868,0.7391685162352345,0.65804414577321368,0.14355419471476466,0.047246671264816048,-0.26327531208958266,0.96356310748104534,25.985289823104562,-16.635887443566372,1.4671979676713489,,0.1826008524903243,0.2380952380952381,0,1
-0.57176454385904796,-0.76305937299055826,-0.30137302413605449,0.81775476051601625,-0.55963756785972918,-0.13447283849699737,-0.066048906418253547,-0.32333602634303404,0.94397635353310061,29.167304486806394,-0.25466352959220889,0.83920504226388637,,0.557492817513465,0.3125,0,2
-0.63946653505008122,0.76846697127130692,0.02326079569035441,-0.76769566782905163,-0.63660506181982979,-0.073330463396037063,-0.041544098829437458,-0.064749589423222273,0.99703639779196351,7.4181929417091146,21.098598983982729,-3.4587739786811706,,0.3902381511830336,0.125,0,1
-0.0048597482835767807,0.99987315888078632,-0.015167366164848865,-0.99732429090656638,-0.0037398694999646875,0.073008712794009514,0.072942728317051647,0.01548158667196509,0.99721596400167167,16.906053691188909,25.15570252783154,-2.2986055141546404,,0.5640300119364536,0.6097560975609756,0,2
-0.062793349737228735,0.997952469292821,0.012159944948080922,-0.99700674326348737,-0.063275187211400838,0.044427520418066087,0.045105976498836395,-0.0093337942833799075,0.99893860230164433,34.827112535494742,-4.0404129800959678,1.8818271982014674,,0.2928693282571501,0.3333333333333333,0,1
0.99178036864693253,0.029797279587809651,-0.12443400859781496,0.00047179753478558087,0.97164754844382129,0.23643354036641828,0.12795107570333808,-0.23454885148360557,0.96364690550744814,11.158939776884058,18.758010145491653,-2.7848173163181484,,0.7181411101683014,0.5365853658536586,0,1
-0.35974454410790974,0.92996539156104141,-0.075817105479646235,-0.93305081681964108,-0.35853834759253361,0.029435124219487178,0.00019030710250210903,0.081330337539783915,0.99668718260990585,30.040368083305644,-3.2362599538843244,1.1577283529149827,,0.12795891522481,0.3157894736842105,1,2
0.99312881617506732,-0.0086037455327396487,-0.11670959705833663,0.042279960440304028,0.95631076431110551,0.28927863213150995,0.10912176422638044,-0.29222542262013929,0.95010354327652369,-2.2955107849447649,22.789697723153516,-5.075277287678408,,0.4158930360581282,0.125,0,2
0.014866155304538511,0.99837423588169316,0.055026198797538346,-0.99836467534222062,0.01178290652151838,0.055938699866253744,0.055199388178520582,-0.055767806497566512,0.99691673639435208,-5.6709512791702616,11.353587014757,-4.7634781512578792,,0.2449576665289933,0.24,0,1
0.083322424078036569,0.9734861772545591,0.21303059953928344,-0.99447660017981576,0.067537357996312497,0.080342995772340289,0.06382527195834109,-0.21854831952953696,0.97373660026223774,15.935646834421677,7.8882738709772999,-1.4052921990022811,,0.1799200218827321,0.4285714285714285,0,1
0.54417632887393641,-0.76321493311904631,-0.34838927790242813,0.83858431908047337,0.50741530062171336,0.19825754080819988,0.025464934431965389,-0.40004084611332635,0.91614347050847322,12.00662801173655,12.115381309339627,-2.2337220366707111,,0.1651354484297739,0.3333333333333333,0,1
-0.025426778094654243,0.99298760412344866,0.11545170857505077,-0.99837835692275123,-0.031107905446627782,0.047675514123615891,0.050932655378967288,-0.11405225239291369,0.99216830645820886,31.00245955847544,8.1389291436936233,0.61415818756520502,,0.3571162610634813,0.25,0,2
0.47201253268827242,0.88144880670360004,0.015879866057433436,-0.87500026693601218,0.46620875911289045,0.13047576705398689,0.10760437652395866,-0.075481084300759796,0.99132431830641143,14.818279523437885,5.2838794781399976,-1.3817594789314895,,0.5909987118541007,0.515625,0,1
0.78322875032904016,0.62115326743555888,-0.026857829624518628,-0.60723781397983034,0.77352728317866515,0.18143257549632549,0.13347270107032064,-0.12579411962553089,0.98303655961344094,-4.7890726277872897,11.349922465226703,-4.6082025107688676,,0.1857716288203009,0.4324324324324325,0,1
0.9908405261228278,-0.031635412820050036,-0.13127929177270492,0.050725419688844794,0.98817059152214004,0.14472668671732289,0.12514784692526087,-0.15006026358263064,0.98072418839523001,0.31539622734357642,7.0555754474513508,-3.5925884054049613,,0.3665734374639967,0.66,0,1
0.95276541453660579,0.30092241301163974,-0.041033720403385737,-0.27085087322063961,0.90302348724485759,0.33344922545982175,0.13739675883552763,-0.30658487051938849,0.94187464549700195,38.678709447292164,-16.034014517001363,3.2615402562297833,,0.5034021765201109,0.25,0,1
0.98777079181602501,-0.058852767546295807,-0.14437871930200089,0.09670629638744864,0.95763562607662678,0.27125983836139639,0.12229781303918415,-0.28190487654698276,0.95161593382249743,-2.908382148028771,7.3766185693090902,-4.0928073535329572,,0.2591892794314137,0.1555555555555556,0,1
-0.92117047309745903,-0.33773635909466299,-0.19333678190888637,0.36376369934579139,-0.92380651466737618,-0.11940475072784652,-0.13827845288282634,-0.18032103372484148,0.97383951155451487,-5.3668421440244325,14.993956540527261,-4.9514107955900251,,0.130019605281061,0.1818181818181818,0,1
0.052410561579265602,0.98050571402121178,0.18937179781239916,-0.99682381560723576,0.03998038754229806,0.068875607076809425,0.059961768429370003,-0.192380127309766,0.97948684163856969,-6.4761024212866971,3.9953253827449569,-4.4007984512854135,,0.3607538598478621,0.2666666666666667,0,1
-0.25239972277195188,0.94862190627748255,0.19081629614662662,-0.96743528783552424,-0.25128008882898373,-0.030451285829901018,0.019061579033180794,-0.19228831448783668,0.98115333170518693,26.466965465772354,-5.0373406838408368,0.79141277832622137,,0.3283598338104941,0.2857142857142857,0,1
-0.34154207365785372,0.93589657396615333,0.086293770110647261,-0.93984677769761638,-0.34068689190615487,-0.024909358376532312,0.0060865731655689575,-0.089610515687278125,0.99595828683000553,-9.3673378964749752,-3.7616261557051853,-4.3147440257429768,,0.5103725762407039,0.25,0,1
-0.34887655126215467,-0.84684062509429214,-0.40143007818215853,0.9323639468007493,-0.35695293986975263,-0.05728934826362031,-0.094776699064457265,-0.39426584230471906,0.91409617814877453,-9.463109235107229,-1.5975084085851192,-4.443876685573624,,0.3544045705244664,0.2352941176470588,0,1
0.45616870698342732,0.88693133017392134,0.072546029009086452,-0.88355566149982412,0.44170036899996151,0.15566045437716822,0.10601652607342342,-0.13510588285199429,0.98514308433755282,-8.6133415656057721,-1.51192006910541,-4.3377221702554554,,0.3761683625960648,0.22,0,1
0.9673668771859214,-0.16196684875663489,-0.19485395768986485,0.22692864228668197,0.89590817905750875,0.38190565066228288,0.11271519965595345,-0.41366082072357763,0.90342681450398299,-4.7971891696537838,1.0238964582931813,-3.9381569043280718,,0.244176865900753,0.2830188679245283,0,1
