axis_00,axis_01,axis_02,axis_10,axis_11,axis_12,axis_20,axis_21,axis_22,location_x,location_y,location_z,dbh,dbh_approximation,score,reconstructed,number_clusters
-0.48897590002706143,0.87151516154294562,0.036930913791825004,-0.87225441332668663,-0.48809365950829359,-0.030607482417216191,-0.0086491401216258531,-0.047179473805627481,0.99884898239252395,5.731683301939106,4.0798941577571499,-1.0080221910623164,,0.0666254337856251,0.21875,0,5
0.1316229812744007,-0.9838151891854201,-0.12158562550110816,0.99075005112695369,0.1346411576039252,-0.016914339213038778,0.033011013198288634,-0.11823464892801883,0.99243681955099305,5.6410307060919331,-5.617123775391291,-1.4118732262071527,,0.189364322460097,0.1666666666666667,0,4
0.29769233372463844,0.94366188362977399,0.14450440763480096,-0.95412953735406392,0.29915230039293905,0.012030258439960933,-0.031876329620863168,-0.14145723931251825,0.98943102288940898,-27.758934736003354,1.5038645191861324,-0.73386171041498882,0.4182587480781119,0.5557847411960882,0.8695652173913043,1,4
-0.054007597825075006,-0.99730672870937942,-0.049623263175272124,0.99820802121796992,-0.052640533341071528,-0.028455590411611491,0.025766756747227539,-0.051071157423392292,0.99836256496633757,-9.2014207623959834,4.9326776719102634,-0.86486306995161322,,0.07367865095748057,0.319672131147541,0,5
0.82549188164348453,-0.56383687100060165,-0.025517371356605707,0.56441190161354526,0.8245217342109562,0.040038920199473679,-0.0015357922000605081,-0.047454111665997639,0.99887223839103123,1.2840893472055317,15.666558874126698,-0.29323176533797474,,0.1101483206582312,0.3333333333333333,0,5
0.99924996896316398,-0.034581908685392911,0.017423866355976609,0.034350149363963675,0.99931962600214763,0.013429531845924988,-0.017876430454349303,-0.012820946868404827,0.99975799899556084,-6.4236417388715727,-8.840603143450787,-1.471486514076966,0.3242407751338806,0.2833362841984946,0.8862559241706162,1,5
-0.1756396670206665,-0.98393553350784224,-0.031962059844557508,0.98417170810929622,-0.1747184684770218,-0.029656461863714761,0.023595684480417142,-0.036665006118663641,0.99904900830750942,-6.8143611760881004,19.348419323118748,-0.059700691882548729,,0.07632586855200843,0.2352941176470588,0,1
0.81523678590283954,-0.56523138606536105,-0.1261049686469187,0.5788995747465765,0.78924905324345263,0.20484436607470624,-0.016256237850210541,-0.23999877533217953,0.97063707046970571,-5.3091623022729584,-16.34576672696652,-1.6831190064448764,,0.3734298532138156,0.4782608695652174,0,2
0.55136588399786257,-0.80343579639439644,-0.22469219620485165,0.83413866588109897,0.53557219687263369,0.13181467300389185,0.0144342663602204,-0.26010256248088881,0.96547310109889584,-13.267605120107966,19.979281288497841,0.082814632961731166,,0.5351571220080475,0.4791666666666667,0,2
-0.78965876438987903,-0.60235851982358235,-0.11663296883039792,0.61351543906727124,-0.77331474485135754,-0.15994721448519619,0.0061515728348723346,-0.19785984683968391,0.98021101766927399,-2.7799442680343414,18.595631957768408,-0.11981250311256463,,0.3648742731565214,0.6,0,3
-0.99616862532827477,-0.085640879317813293,0.017711851999373251,0.084932449436173466,-0.99568125031028887,-0.037487688823289546,0.020845837578465826,-0.03583974846747269,0.99914011203906739,-22.084295716646224,15.621034205412592,-0.10657442813130114,,0.1611537144732283,0.3333333333333333,0,1
-0.5101306763106811,0.83842252063271772,0.19187071163334632,-0.85996546831898424,-0.4932995421102398,-0.13082413788264541,-0.015036169250074203,-0.23173959232230323,0.97266164464554428,-23.659210357736701,-1.2245215221649188,-0.86880334655006708,,0.3186610934200132,0.1,0,5
0.98833255197477865,0.14402142149419125,0.049564068212924799,-0.14607676409612685,0.98843638332089434,0.040682860257314109,-0.043131724962345519,-0.047448353799728255,0.99794203640465484,0.82900086403143358,11.309442159571368,-0.59893310024322288,,0.11784840658068,0.2777777777777778,0,3
-0.33520802517608006,0.93920459985965976,0.07436598321819185,-0.94205533782949469,-0.33304694964379211,-0.040143116469972026,-0.012935235773219578,-0.083513166239948963,0.99642271689282003,-12.583411337478081,-11.210329473349947,-1.4813337630088244,,0.0737088040360841,0.1578947368421053,0,1
-0.41086911156517314,0.90842797469340086,0.077105044945787959,-0.91165809688534793,-0.40862667061954894,-0.043632080419905447,-0.0081294246433462839,-0.088220512653402944,0.99606779568568471,11.31591107912833,7.3291890963870809,-0.81930130095069276,,0.1006989289725812,0.3478260869565217,0,5
0.9702183342763917,-0.24212175569141756,0.0073102157869250634,0.23965439275266806,0.96384753577011351,0.11646329818544288,-0.035244231702447996,-0.11124290184450848,0.99316809298371977,-22.599178335579964,1.4514571917803474,-0.86217047723930473,0.4300446973820451,0.4570445774048841,0.65,1,5
0.25681611981396607,-0.95880877062707048,-0.12137224547772646,0.96627444521725037,0.25719656933555007,0.012791451916021653,0.018951968863287476,-0.12056395021162157,0.99252463787332512,-2.8634503973709093,16.516975634365892,-0.23377463214761612,,0.2014554299754294,0.2352941176470588,0,3
0.63355700710964147,-0.77369019009429918,-0.0030014153526992326,0.77369097207830373,0.6335621149624483,-0.0011516114090649079,0.0027925735087310846,-0.0015925564841601405,0.99999483263516986,-0.23361248301665141,13.235512527979829,-0.45906561350881914,,0.08027082909527801,0.3611111111111111,0,5
-0.025897128447283764,-0.9737723423168827,-0.22604593355527983,0.99960862485211266,-0.027618120371119333,0.004453824023869968,-0.010579974454322811,-0.2258421235417773,0.97410646203312234,-9.876731634595318,10.56238323448496,-0.50837313239597459,1.236698955472789,0.5337881305940756,0.5967741935483871,1,3
-0.96444549821473835,-0.26197025288150338,-0.034877895270882954,0.26321855627151225,-0.94033736428792447,-0.21559599476423558,0.023682749157693722,-0.21711109582248597,0.97585956954015296,3.0888571836348033,0.26146331937005124,-1.2275362589336742,,0.08033947513406378,0.2262773722627737,0,5
0.16369729577352057,-0.97193792153237535,-0.16893747968927161,0.98633259000149009,0.15799686421270476,0.046744120484879477,-0.018740791269030267,-0.17428042800692964,0.98451770687800833,8.8626807855868925,16.667356343611058,-0.35669224072563854,,0.491498538175476,0.2272727272727273,0,5
0.87156503897265136,-0.48649704446257386,-0.060786582152494349,0.49026523334737293,0.86385533511603096,0.11573228141886871,-0.0037925995632893013,-0.13066975824861199,0.99141869584338682,5.8469211418311353,-7.3048059938105654,-1.4631848139820216,0.507979516718055,0.3524247918548539,0.6022727272727273,1,5
0.99750734838201094,-0.070389188401671465,0.0049449044526274962,0.06898174306033189,0.98751217221994569,0.14163766745398187,-0.014852913796625896,-0.14094350596462532,0.98990621731462591,-7.45044228728585,13.722401030659995,-0.25592770053675756,,0.09754915059059148,0.2765957446808511,0,5
-0.32257341868222811,-0.94561300443278062,-0.041981369764105957,0.94619731957824027,-0.32093675118903392,-0.041354977441444458,0.025632440044096445,-0.053062675995833163,0.99826215516443739,2.5447146908070741,2.4983166848770977,-1.1023463396772761,,0.06643673114096876,0.1818181818181818,0,1
-0.45524766941824979,-0.88780887011811982,-0.067416389912542632,0.89012794344286439,-0.45207344030064339,-0.057461716620004988,0.020537862387041469,-0.086168525079222985,0.99606886383133286,15.875542642306133,-4.2947686894100041,-1.3876030192776707,0.641093183422508,0.4128963527649027,0.75,1,5
-0.9512558702943531,-0.30828375741926117,-0.0085670381110319101,0.30766384850133033,-0.94668868317772203,-0.09551698000136806,0.021336015464096022,-0.093496855854587252,0.99539093445209892,-0.45029292011916922,-11.267472078783845,-1.5846082088961451,,0.0701007897384813,0.2368421052631579,0,5
0.90791699055858976,-0.41703479422417367,-0.042056137024639735,0.41634110751627146,0.88568497903509069,0.20548041294424013,-0.048443992890334443,-0.20406885680576528,0.97775716884859964,-7.4864824693132199,-10.511130393497625,-1.5321380595401446,,0.682002269559241,0.5076923076923077,0,3
0.086214103892258878,0.99478027645719558,0.054583237919723901,-0.99606830838160576,0.087186958159932784,-0.015695839086375195,-0.020372857626312586,-0.053015430759021147,0.9983858526509547,9.1141556938284261,-12.332407645825537,-1.6663991382197059,0.4032456333518764,0.377641249714264,0.8064516129032258,1,5
0.79063695322903049,-0.61180885293377829,-0.02414820201526131,0.61227665225495187,0.78980191792903842,0.036472339369452801,-0.0032418038472451292,-0.043621759564079855,0.99904285834009565,-0.69068479002766003,6.9420106158976917,-0.84168830924217863,0.2057182889496671,0.1629422717265396,0.6038647342995169,1,5
0.67250317708853413,-0.73879291986429352,-0.043869104894214847,0.74009089599299516,0.67149573523810258,0.036863847131380766,0.0022231675855544715,-0.057258179463129728,0.99835692936467091,-8.1743092465091767,-0.65891191061499055,-1.1750502157581622,0.1775345430187162,0.1222855758551736,0.4506437768240343,1,5
0.53858172421829098,-0.84076524502973427,-0.055168189096118821,0.842554992720282,0.53784569282570216,0.02868963141916487,0.0055507278963944509,-0.061933944319192545,0.99806481551094073,-4.7900497382141154,11.384683719823594,-0.46683850250836739,,0.07165899240706111,0.28,0,4
-0.0012912094941775736,-0.98582395262300881,-0.16777802958906524,0.99937020325748405,0.0046775923477989237,-0.03517551664044094,0.035461664077370482,-0.1677177824936131,0.98519704415730336,-10.711063895943155,-15.503230441644167,-1.6141421500686879,0.4995732580589809,0.4070547437366782,0.8451612903225807,1,5
-0.95148332374951294,0.28851992489013817,0.10693800806060194,-0.30544843586444892,-0.92761295335737182,-0.21502432837141189,0.037158278411977198,-0.23725610994240817,0.97073621578699443,-1.8907095096880047,-9.1489521437517212,-1.5110295270176903,0.6989779734849668,0.3375935106661227,0.1428571428571428,1,4
0.99925381604275865,-0.034255755268448422,0.017842487353899286,0.032849350930101155,0.99672394080430704,0.073907414858082179,-0.020315788625031625,-0.073266152202239698,0.99710548071606853,-12.349392844005626,-3.5266385604083008,-1.2208321613646773,,0.2142540821457517,0.3861386138613861,0,5
0.8995224430687021,0.41816230565187673,0.12648976459627206,-0.43506923735464714,0.88373046338499783,0.17243905240108226,-0.039675346543661359,-0.21014460311234229,0.97686494084873199,4.6715643353328673,-2.4611037131503455,-1.3133419600237082,0.6116859513115546,0.5576771968430076,0.49,1,5
0.088249301467354116,-0.99517779667695117,-0.04281604596098789,0.99537599518635522,0.089740556908793123,-0.034252892614685906,0.037930054011266846,-0.039595270511880686,0.99849563121517637,0.2070902211683843,6.4172182233599155,-0.87234927032101617,0.2770557118985416,0.2714128996235239,0.5625,1,5
-0.84355364892583029,-0.53691681190382845,0.011729385275681006,0.53632980776984096,-0.84335617612837044,-0.033176761199631623,0.027705210367035594,-0.021695559019325763,0.99938067023399835,-1.6248497031665057,-11.576668824660128,-1.5888128862240962,0.3805694181948996,0.3309920323320595,0.9226519337016574,1,5
-0.99617818950330617,-0.087342071180422545,0.00061429620732903953,0.086142231854228563,-0.98360762037242244,-0.15841579793844368,0.014440590330337677,-0.15775744593272126,0.98737229939050664,6.1836761135934326,6.3289808286297253,-0.91001754883077324,0.2973168339003786,0.2069450572442432,0.24,1,4
0.87789362792751446,-0.47629139263308257,-0.049490275286213449,0.47880945930084778,0.87454432998199083,0.076900692977241697,0.0066543014882262629,-0.091207040298372608,0.99580971880762137,-7.8987438043339564,19.960917819398457,-0.010255730792340143,,0.2011678937223545,0.4285714285714285,0,5
0.75247983271768126,-0.63388397969096943,-0.17878814738206386,0.65678639143217388,0.74242896280558868,0.13202602477133982,0.04904831681796297,-0.21677254318422745,0.97498919334460721,-9.4617007746528081,17.704449705866306,-0.045800382350789932,,0.2584428251913201,0.1052631578947368,0,2
0.69098544558716102,0.71939177108176355,0.070813795877324129,-0.72229518586329144,0.69101772808668072,0.028002927501150403,-0.028788512733815681,-0.070498079192024388,0.9970964057526277,7.1069074068165792,-12.453723506594036,-1.65024618049573,,0.1007751176599728,0.3157894736842105,0,5
-0.76375196157065883,0.64141793532659719,0.072567027211640447,-0.6455002256206307,-0.75951249368393325,-0.080437744011918819,0.0035213521102885532,-0.10827651721115392,0.99411457885896448,-17.57943137471435,20.272272890423292,0.10733546277337142,,0.1394118756639285,0.2272727272727273,0,2
0.78394811732667258,-0.62082501325278949,0.0012854025206934763,0.62082071764940061,0.78394814713838512,0.0026342239041336566,-0.0026430810146192566,-0.0012670903548972203,0.99999570429316509,4.8366130323914849,-7.0592707774772876,-1.4465164008581008,,0.06979271302876396,0.1794871794871795,0,3
0.52836878210358662,-0.84832423006827717,-0.034240776530872957,0.84898452636980271,0.52826154087278676,0.012845949530895682,0.0071905551255866847,-0.035857288154200917,0.99933105165566205,3.1722366604333652,8.2952440790764825,-0.77592722219834931,,0.06591339602182188,0.1794871794871795,0,3
-0.75364521471990875,-0.65237845804399475,-0.080132626376040822,0.65668701935835239,-0.74216315556426571,-0.1340000340639298,0.027947252745574535,-0.15361054001282423,0.9877361758389448,-19.061588809583807,4.9784729694426613,-0.75066564048352435,,0.1327257733004625,0.2857142857142857,0,1
-0.7373241832501165,0.6688312267813411,0.094962302397937737,-0.67525344079354643,-0.73378161927081809,-0.074815278631939375,0.019642797433855965,-0.11928673565180915,0.99266552030707167,11.594485025685064,-3.4088186548936465,-1.3203624818218205,,0.1443672550173676,0.1388888888888889,0,5
-0.18240949083770353,-0.98320487393808587,-0.0059121499238147255,0.98293933641949194,-0.18220929415074039,-0.025100478965482783,0.023601664592511444,-0.010389850310803202,0.99966745092504639,2.7732484964369344,-2.5532802793666947,-1.2977035370173207,0.1095758552347399,0.09287830130921594,0.3421052631578947,1,2
0.1224628725579001,-0.99237027941912226,-0.014285425106793271,0.99230635863720507,0.1226934460839281,-0.016565291914779935,0.01819163140125581,-0.012146884936662421,0.99976073024163981,0.68049157133102689,-3.7000035295918816,-1.2995800719143484,,0.08168946762005372,0.3561643835616438,0,5
-0.97745188464445509,0.20979629679971162,0.023944248873776972,-0.21071264962979555,-0.97646088396423136,-0.04609036096389197,0.013711035372761304,-0.050096466311688223,0.99865026489361497,5.8902857371082815,-13.186498612126375,-1.6632793696151109,0.467368306187333,0.4580467043569739,0.961038961038961,1,5
0.78903470806610299,0.59577335893331718,0.14992776344744993,-0.61226297260320617,0.7826721428140716,0.11206413004131732,-0.050579460714081127,-0.18021770625591832,0.98232545345508071,2.2998271398575221,-20.597319933535559,-1.8400611434260647,,0.3973799978908951,0.3863636363636364,0,7
-0.98483918874758891,-0.17211069646361304,0.021672112721274547,0.17098442854944498,-0.98419594945812738,-0.046072315590141417,0.02925914388038894,-0.041668228100411424,0.99870298951508141,8.1830442354300068,7.3508842263554195,-0.7966031361907151,0.564304464078604,0.5307087490439945,0.4216867469879518,1,5
-0.55894732886223353,-0.821879816481349,-0.10996113321695197,0.82920306572396285,-0.55407460158338528,-0.073645174140551245,-0.00039918886946698173,-0.1323438821434329,0.99120378202842274,8.717064473857091,11.831295783609676,-0.5747207614297547,,0.2123335930907274,0.25,0,3
0.92504829815920275,0.37826471788926258,0.034661928291999988,-0.37884838518167957,0.92538175415325197,0.011937760488630969,-0.027559882401723607,-0.024174620584547606,0.99932779437059405,-11.217148448529038,5.6836227212698152,-0.78802881963323324,,0.0714643468472248,0.25,0,5
0.41438244037552807,-0.90085301928224149,-0.12942577316165227,0.91004769945091202,0.41171153126770454,0.048029155159177314,0.010018873815170314,-0.13768606563945199,0.99042524679866861,1.4327263581470278,-9.0524503428982026,-1.4672382117449183,,0.08651184160107089,0.2592592592592592,0,4
-0.81253660846051345,0.5729181651819033,0.10746644088313502,-0.58286863561322266,-0.79635089347182519,-0.16152215973359904,-0.0069579831752702142,-0.19388148563291774,0.98100028338370282,-9.3710317283400624,14.594150407462427,-0.19025182578099947,,0.1289289872641731,0.1052631578947368,0,2
-0.93246480082210925,-0.3612544256734963,0.002152941963032656,0.35889782917763646,-0.92702960089179132,-0.10866677174732957,0.041252193146107799,-0.10055525347647738,0.99407590130679513,-8.3427966858044993,6.6849699124808497,-0.80103060757176003,0.1638272900890384,0.1276877321026253,0.1704545454545454,1,5
0.83317849624841489,-0.55300108254912816,-0.0018428479922662695,0.55243078187411943,0.83215829928189744,0.048299028708753848,-0.025175873910932931,-0.041259758067061357,0.99883122084617881,5.7587396267661699,-4.1082284243422,-1.3644589325134813,0.2439993711402907,0.1562807364531909,0.2222222222222222,1,5
0.85697741927299798,0.5117987814452909,0.06042938165583854,-0.51381348615621647,0.8575811370395624,0.02345836392262312,-0.039817135760712996,-0.051152719429627291,0.99789678574227569,5.3184386802840136,-9.2887157815872925,-1.538900429854507,,0.07896707720810607,0.32,0,5
-0.83442036446225265,-0.5510661901724615,-0.0082891145179432961,0.55033584867657726,-0.83231960910189673,-0.066140169079757047,0.029548418436768701,-0.059750500862135486,0.99777591102141305,-11.45346369635063,-8.2436002708644605,-1.4064364168031167,,0.08471589959869831,0.24,0,2
0.98137222773741739,0.18707533548268482,0.043719211792284059,-0.1909885843286106,0.97463297586419295,0.11667871705782434,-0.020782475354268984,-0.12285512285675196,0.99220698823682951,4.9559982165004577,7.6392492613956842,-0.84125892933909385,0.5002524944977671,0.4191777112343734,0.5942028985507246,1,5
-0.82582299849477026,-0.56390614959469143,-0.0051214847844766971,0.56125866078862852,-0.82099521428418987,-0.10466887699891367,0.054818708912773052,-0.089312443543707806,0.99449393994201374,3.3987135849474903,4.4232963282109043,-0.95565177230477627,0.2717946038140491,0.3400081289734892,0.3818181818181818,1,5
0.0022364717471405802,-0.99461958082127855,-0.1035706891018323,0.99985701829861384,0.0039601196607561813,-0.016439598878253876,0.016761299267349088,-0.10351911369006526,0.99448622511711715,7.1401238099642628,7.0475138011938689,-0.85218038672511753,,0.09607824748340707,0.2380952380952381,0,5
0.24489469587602561,-0.95998471921917083,-0.13585259216325596,0.96952018204954304,0.2435643991822182,0.026589472533753052,0.0075633676630895682,-0.1382234506756797,0.99037218920610737,24.770755403433444,-16.025284349936896,-1.8315717013814239,0.466713094896308,0.3595457116248816,0.4,1,5
0.7065167959580293,0.70669187092632602,0.037691067852353322,-0.70711414408147488,0.70709348301052288,-0.0028971579128119016,-0.028698506391880492,-0.024604996457989272,0.99928523949880199,-4.2176935440589789,-10.856687715042042,-1.5424024114983526,,0.07907956128554597,0.3333333333333333,1,5
-0.22483923489417268,-0.97330959997346289,-0.045997185258452221,0.97409955371534007,-0.22335618091528225,-0.035243097175399786,0.024028689181433638,-0.052729868636637992,0.99831967978688274,0.55875899279707164,-7.9635922400951289,-1.4279745552796821,,0.07742420943706123,0.1875,0,2
0.9274144832977963,0.36582113157995849,0.077956884616050451,-0.37327744115585393,0.9184705521682055,0.13067439199770586,-0.023797648909493128,-0.15028887014476747,0.98835566848022338,-14.278291173819925,8.4672422140213364,-0.5672544100050021,,0.08875521452600139,0.163265306122449,0,2
0.62942533540829437,0.77544443278399744,0.050096694606146783,-0.77666965640773367,0.62984535196864966,0.0088925485088034075,-0.024657493012261226,-0.044505777914707265,0.99870478309185884,1.9828009929062371,-4.7763384710566266,-1.3401672710299417,0.3625679218004313,0.199250194090426,0.9290322580645162,1,5
0.74809157814550431,-0.66137112793938302,-0.054288321358818808,0.66358179861363586,0.74504282111972464,0.067604668822909622,-0.0042646519743476212,-0.086599225320734594,0.99623410246657751,2.9396879118972725,16.773977663119865,-0.2409569846716956,,0.4282838352410018,0.8,0,4
0.0070808673789220797,-0.97409115473243368,-0.22604487074294818,0.99976656239226958,0.011510584012450448,-0.018284615884304946,0.0204127910758518,-0.22586263242893087,0.97394527014240739,9.295563801823258,-5.2199402555684955,-1.4055178864757008,,0.6403801655553203,0.2702702702702703,0,1
-0.46845969067454152,-0.87404493224016566,-0.12880595730942468,0.88306815566468844,-0.45875830102843779,-0.098648130689168945,0.027132096566220492,-0.15995711194812801,0.98675101807555032,6.2853052273157592,10.538414812974979,-0.59771684589206975,,0.2134098003185279,0.25,0,1
0.98956303283128511,0.1280012067206068,0.06618681992523745,-0.13899044896753607,0.96906677781512174,0.20393929300362543,-0.038034972716568118,-0.21101012111527803,0.976743604861257,-16.766256025087067,-24.666963042469789,-1.6342058368448102,,0.3578579564555964,0.2380952380952381,0,3
0.18103371062255172,-0.97927948704069101,-0.090766083310636611,0.9827820675586274,0.18360230842545427,-0.020726794880920572,0.036962187481555456,-0.085451030433620415,0.99565652616472733,9.5367390467145778,5.4331477972015882,-0.9461590346299058,0.6502410519439706,0.1942666920652034,0.3448275862068966,1,4
0.22971024881767457,-0.97052782598902476,-0.072862477099947309,0.97203500684342736,0.23253105714989977,-0.032821531525037848,0.048796998463236284,-0.063285436253282715,0.99680178897271798,-6.4066861525199794,-13.827178047839428,-1.6220296941990873,,0.2383023256792498,0.375,0,4
-0.82494924495814748,0.55891856978475563,0.084076010804194162,-0.5651331406851352,-0.81806658390588738,-0.10673142740499482,0.0091255981907364375,-0.13556215049310735,0.99072681744835489,-7.0680421146768584,9.4842549657634212,-0.55552353027612089,,0.1443465176078383,0.25,0,3
-0.99967096411725953,0.02514156850588263,0.0050857677819854856,-0.025636772321672475,-0.98584529851768432,-0.16568585725856039,0.0008481779265011194,-0.16576172333696734,0.98616546870723609,3.6818374123501054,2.0305256432336436,-1.1381390210668594,0.411530618177331,0.3350109477249126,0.1739130434782609,1,5
0.21900147010539231,0.97315240243275469,0.070800831428972574,-0.97542320334616572,0.22015991427949977,-0.0088986807082223219,-0.024247277488008482,-0.067111949634921161,0.9974507786104625,-19.630883507413756,6.4904801284878237,-0.6653722870169656,,0.1537100112022075,0.5,0,1
-0.4610150911077292,-0.85451390168300634,-0.23931376391970821,0.88696522445916026,-0.43535477864434419,-0.15413924650018684,0.027527738211543903,-0.28332350509977083,0.95862923755064788,-8.4777187526951323,10.833549659264463,-0.44264043198672831,,0.1255010727975033,0.2272727272727273,0,3
0.56042244346714942,0.81990664092531207,0.11696061313485449,-0.826562590989951,0.56259893813905626,0.016634842373322672,-0.052162899021129014,-0.105997806446067,0.99299722909700672,3.3895501530447261,11.431127119103696,-0.56871837146099835,,0.8625292431722422,0.5208333333333334,0,4
0.95280289168827381,0.30069915294705291,0.041793169386742809,-0.30257814948967626,0.95181511668662244,0.049944440113337429,-0.024761119560051,-0.060232906818088919,0.99787718878345744,-5.0887202526808064,13.555811826494629,-0.32619425150411469,,0.06881703594823362,0.1714285714285714,0,3
0.8693363361194183,-0.49116772220189281,-0.054850737182561705,0.49304137704437956,0.85424037637434524,0.16487443675112121,-0.034125287173126434,-0.17037502175736199,0.98478820907671816,2.5110708423963577,-12.347812708105403,-1.6204263106695058,,0.2082934175101486,0.1904761904761905,0,4
-0.3744189971904236,0.92037901528847144,0.11275142021074741,-0.92702842026555521,-0.36883276755005179,-0.067680851068214906,-0.020705616698520512,-0.12986476734662242,0.99131549954549802,-0.44124200330768198,-5.6840640347824056,-1.3500377154874907,0.3356776031468431,0.1857541166686427,0.2142857142857143,1,5
0.074200423524226441,-0.99717675032864816,-0.011525005545470897,0.99712846268999278,0.074362339380985298,-0.014320313379253238,0.015136909932951643,-0.010429337744308785,0.99983103716172839,2.0293360477198874,-2.9509172169139841,-1.3019123651353885,0.3497918381571675,0.2942959974421626,0.8990066225165563,1,6
0.48265764258851696,-0.85873822723944282,-0.17207631193326217,0.8758038774161816,0.47392634309383558,0.091440634427397902,0.0030279289417714417,-0.19483962225215365,0.98083044062006974,19.29270806341825,-5.0977527267539786,-1.4302206224838392,,0.4294615439923321,0.1666666666666667,0,2
0.37715356020435176,-0.90172911833339919,-0.21128130341999432,0.9261487777627917,0.36673811469485323,0.088043152366042418,-0.0019061672718045453,-0.22888370929302446,0.97345190643739365,-4.3961729377451695,9.3909790028631814,-0.61669749109765026,0.5623063042485308,0.532258015970545,0.8,1,4
0.94867708359683622,0.3045450718489589,0.085229632585822071,-0.31576408480903068,0.92706093561309655,0.20211646247865547,-0.01745949033955313,-0.2186557131032322,0.97564586060947334,-17.121919548324932,5.5724407340041724,-0.76360106143985274,,0.2427725641524826,0.3947368421052632,0,2
0.31205938655984167,0.91656686160982881,0.25004825026103433,-0.94928841163220234,0.31143492504558856,0.043125386985620566,-0.038346457472706173,-0.25082558812959721,0.96727249187534314,-14.996796025989008,7.1827007682477069,-0.67791477173220915,,0.2658221305938734,0.225,0,2
0.14091955399135533,0.94679716100801004,0.28933858230462556,-0.989181721135591,0.14668456066122137,0.0017782673744335452,-0.040757844326067771,-0.28645902948030372,0.95722516815799141,3.692985015616153,6.5637502471803604,-0.86572164400604545,0.6209400075433004,0.6055470899494304,0.1756756756756757,1,5
-0.72015454741271656,0.69018837650461129,0.070833839220490774,-0.69381353644412957,-0.71632491107564034,-0.074171412413182064,-0.00045220313574382567,-0.10256035642686064,0.99472668045142865,-17.031190256681285,10.408311198081091,-0.44356526236310795,,0.1426997294993162,0.25,0,1
0.62669809930319165,-0.77862075860021374,-0.031610229461285666,0.77926047587201253,0.62609695524149711,0.027490241560456409,-0.0016134043177096658,-0.041860684587748581,0.99912215469999099,-24.307226249120259,13.5780352343575,-0.21415779537301288,0.6638990478623598,0.4960428550894805,0.6923076923076923,1,4
-0.59256271846629016,0.79641095936812856,0.12082635673634146,-0.80537432066055026,-0.5828550938656708,-0.10794509333636892,-0.015544397846092397,-0.16127468292691641,0.98678713426068987,6.650434001255368,-3.0398872864076214,-1.3455302238502604,,0.1769751419957693,0.3461538461538461,0,5
-0.21739461789136563,0.93207948563008924,0.28977131082875462,-0.97587381241642923,-0.20139167182756429,-0.084330876660461435,-0.020245551404949734,-0.3011133125354078,0.95337342666043623,16.279973490884675,12.607592210868409,-0.68715603897190169,,0.5742030236041116,0.1818181818181818,0,2
0.46770653439056631,0.86882391955224636,0.16246721054489099,-0.88347629374603309,0.46510664562494869,0.056084281080187523,-0.026837214407218094,-0.1697669137652576,0.98511875371118585,-14.329974388411911,6.9371730932925031,-0.70709171196197274,,0.08381751778515741,0.4482758620689655,0,2
-0.70247649479492003,0.7108386910608705,0.035144409961081445,-0.71170231128965189,-0.70143676303080271,-0.038292134621075065,-0.0025679496902431746,-0.051911682305040716,0.99864837799630457,-0.16052261377343449,10.843059720324977,-0.59071176822632832,,0.06903156536461429,0.391304347826087,0,3
0.36930640915170143,-0.92473950845744335,-0.092030525682319966,0.92912950777219083,0.36548139273103603,0.05605095319787394,-0.018197086208629424,-0.10620825328226666,0.99417738507182241,-8.2482426291217248,12.130453058859135,-0.34325154487751969,0.3588431614390949,0.2489894679976566,0.4067796610169492,1,5
-0.40350512596261323,-0.90890706384294662,-0.1052214931384664,0.91399775127564853,-0.39507886824257094,-0.092308171530075242,0.042328760730173033,-0.13341902849504589,0.99015536096639101,5.7557823110078461,-17.133972698824415,-1.7461002913514303,,0.4378017936861166,0.3333333333333333,0,5
0.99042580887727638,0.13544537761135136,0.026669585551960823,-0.13743857174163804,0.98559504353816307,0.098554802778084261,-0.01293661885553969,-0.10127665000742729,0.9947741874696292,-6.5647279882332361,-0.58943280900296202,-1.1387575083501156,0.2201190922914731,0.3151716054868757,0.3871975019516003,1,5
-0.70161280391607717,-0.70657916795258935,-0.092115974708223136,0.7125531478613415,-0.69522394338610449,-0.094507565917056766,0.0027358461053929037,-0.13194524606100982,0.9912532306065821,-13.402525667090483,-21.218339446625222,-1.6300463392997784,,0.2007225639401401,0.2,0,3
0.7314044243910266,-0.67862346512448135,-0.067214288389243607,0.68194311500151306,0.72768680202323477,0.073658034614222503,-0.0010751201159265346,-0.099710133605560497,0.99501594629086043,1.3907213775071643,-6.8697410693849124,-1.3857621528592148,,0.07193442228534493,0.108695652173913,0,5
-0.97924411021077062,0.19671502852253187,0.048827965049741545,-0.20139909055619964,-0.97146434288353023,-0.12528143050352286,0.022789886806543012,-0.13251501069408236,0.99091896389164669,-16.554689298834145,16.561766333053718,-0.12211691325070401,,0.1615118696178496,0.3684210526315789,0,4
-0.29764244829439834,0.93378551446904168,0.19862926758437174,-0.95458776388342326,-0.2939529199672738,-0.048516820657991372,0.013083348858862316,-0.20404973366927229,0.97887309298608083,-0.99279053277605211,20.456514072657431,-0.0013624319457158477,,0.4627487276944994,0.1304347826086956,0,4
0.11627969649532938,0.99240785072983839,0.040071061787010337,-0.99296706430166215,0.11705999144107876,-0.017702192405308452,-0.022258512867980584,-0.037730839025906959,0.99904001040564328,-10.340522801853664,6.3572692200397602,-0.77087310558340927,,0.06358622171650097,0.21875,0,3
0.90120993148916351,-0.4333438529226285,0.0058107245218565013,0.43324469253438225,0.90118021248955416,0.013162864736485695,-0.010940556479733016,-0.0093450388684956781,0.99989648187822933,-1.4975429070659618,-18.211169142088206,-1.7796242534467714,,0.1038549780076198,0.5172413793103449,0,5
0.89967369527322327,0.43519810180666385,0.034494263541941107,-0.4358183006951058,0.89994416557867618,0.012763526947178699,-0.025488248520732754,-0.02651624077386551,0.99932339018086036,-7.4246032198465128,-5.6846259821448584,-1.3745697446916816,0.1599830821472244,0.1291585805314184,0.705607476635514,1,5
0.99931075801876634,-0.036996581595718045,-0.0030433301150525381,0.037120656033241765,0.99535650931020703,0.088811464741104185,-0.00025652216193216925,-0.088863222561586255,0.99604380519751679,-10.050201518967322,-6.9410208840798244,-1.3766437474303985,0.4177958603862102,0.3262737120966543,0.6412556053811659,1,4
0.72385506770297414,-0.68972742023756739,-0.01760473610009711,0.68994956834110455,0.72354824977464482,0.021154748733387657,-0.001853134276683638,-0.027459352149666775,0.99962120319292636,-1.6885608971978174,17.435078284474589,-0.16703324714831763,,0.08311087424221456,0.3043478260869565,0,2
-0.97993710735180883,-0.19891981046424256,-0.012416708091895825,0.19895829251424604,-0.97263913973340299,-0.11995291450599148,0.011784034741342974,-0.1200167191000315,0.99270193092472558,-10.638269877472947,3.4395944647920067,-0.96097511204424069,0.4277879213742354,0.1355716876204841,0.2312925170068027,1,5
0.99363016704269391,-0.1111326846662201,0.018671302621573453,0.10656999246389275,0.98053806137942656,0.16488767962622794,-0.036632333381232562,-0.16184757207061889,0.98613560708753001,-9.1038770020561834,-9.8683989258859128,-1.4890826376936439,,0.2356739616412495,0.3392857142857143,0,3
0.45329920567206561,-0.88941766210526163,-0.058788200110949422,0.89134424817762792,0.45267693540522197,0.024269804135920003,0.0050260698098909366,-0.063402006966239266,0.9979754125903697,-6.401034956187063,7.5802597795599986,-0.72095916710598429,,0.07899866039233475,0.3466666666666667,0,5
0.22505939109930589,-0.97379974708804184,-0.032593297612765769,0.9742122299765118,0.22545508729352789,-0.0089741059531455777,0.016087306865984499,-0.029733082328145071,0.99942840782772713,-2.2817437133672471,7.1512263830264358,-0.85070571772638437,,0.07806285478286532,0.288,0,5
-0.86633916912941045,0.48571291886341489,0.11635894671809713,-0.49939163132566156,-0.8461362949220389,-0.18617564012915225,0.0080276144686863924,-0.21939993360251209,0.97560198162014589,-5.8639550932215343,15.233900705024485,-0.2009522237247286,,0.7087732964386152,0.7352941176470589,0,3
0.060087118341358985,0.98256445220430966,0.17594497854124194,-0.99814178511822782,0.060931185788408934,0.00060613481778049754,-0.010124969650839552,-0.17565445585827008,0.98439981568806956,-5.0231520199662976,-24.288851818547336,-1.877579365366955,0.3754047624819478,0.3114307178033155,0.2857142857142857,1,5
0.96992343350961097,0.23551873464243014,0.061477302814594237,-0.24145196027954965,0.96290072248844616,0.12051203055459772,-0.030813698351405017,-0.1317312577320138,0.99080643504685162,-13.198418895362478,7.9757185395232293,-0.61497840798304404,,0.1308120966414283,0.3714285714285714,0,3
-0.74048387894405632,-0.66831338437365884,-0.070998910491586908,0.67151159395241666,-0.73140264585708714,-0.11883748912165344,0.027491893558842871,-0.13567383646186432,0.99037205427469022,-15.148036277858155,-11.002393004070099,-1.3626954220771494,,0.7994035240428482,0.5529411764705883,0,2
-0.4359326200633627,0.87069507899022869,0.22771216521496807,-0.89992215301666834,-0.41886968386834256,-0.12119532353138289,-0.010142449138834242,-0.25775621691480427,0.96615674885974467,-2.9439608838063869,5.3841631758069255,-0.94386369311464746,,0.3112982314592374,0.3225806451612903,0,3
0.97394851399901106,-0.22615565467545187,-0.016670690970580257,0.22637110044204464,0.96525346633331088,0.13054451584109517,-0.01343193819880876,-0.1309173998742944,0.99130228358779504,1.3601960828107802,-5.6712778074227206,-1.3448946073727257,0.3497870953513738,0.4165186486889076,0.4525862068965517,1,2
0.66025742177240576,0.74407220702207477,0.10206217581334107,-0.74860032901808071,0.66295123728158656,0.0096542415980773039,-0.060478792882099591,-0.08277806306088277,0.99473117367830144,-13.457488081199942,5.494832419695209,-0.81093656882133125,0.1195289810317719,0.1437657686712728,0.390625,1,4
0.28731567026962079,0.92089739374207391,0.26343442412975493,-0.95780129730759456,0.27856489673839396,0.07083977118129231,-0.0081474225009064531,-0.27267120952565771,0.96207277843331962,2.1412918227521298,8.7240055957221241,-0.73189642778254604,,0.422887108322088,0.103448275862069,0,4
0.9703780667699865,0.23993149780954817,0.028271609268160903,-0.24094313538683934,0.96969192964764084,0.040545863983828194,-0.017686521469864949,-0.046156667287648286,0.99877762741422771,0.22497669018188321,7.6641721795877382,-0.77933490949522954,,0.1191183997867404,0.4117647058823529,0,5
-0.36086727705250432,0.92412662051347061,0.12555794523272085,-0.9326030791040183,-0.35683614236531735,-0.054032067770379132,-0.0051288593678354005,-0.13659413149982222,0.99061381882214505,2.3044710444473631,-8.0382689357287891,-1.4301186037249065,,0.1492860496840439,0.1935483870967742,0,3
-0.38615175898774445,0.91651644377677921,0.10432845880888626,-0.92204637218485808,-0.38022840420295673,-0.072504125248262677,-0.026782579625827158,-0.12419327245885523,0.99189652913222093,-6.9666190978097884,24.160452943873828,0.18380961144001881,,0.7295884322776068,0.65625,0,2
0.30733732210373049,-0.95049362242903146,-0.04588729850237639,0.95158657207529662,0.3067130878718935,0.02025037219595989,-0.0051736146063108722,-0.049889432245982364,0.99874134702738659,-12.12764941240874,-7.1285223299808909,-1.3589818449285962,,0.09822823088940308,0.2058823529411765,0,2
0.99942113532998156,-0.033706338056301716,0.0046127031732848241,0.032996256982636731,0.99339999715591965,0.109853050370731,-0.0082850033715340492,-0.10963725838168722,0.99393713598681899,-8.1615240539253513,17.354781050794504,-0.089435954187476671,0.5355179340597392,0.6072618846640616,0.6896551724137931,1,5
0.577793415998474,-0.81617839724418706,0.0027554129863594933,0.81616145159914411,0.57775027559244474,-0.009225181647713002,0.005937453359276681,0.0075791110801408223,0.99995365078729603,-8.4429500001669968,-3.4597396526680586,-1.2880923725897879,0.1274219024408214,0.1146230216377773,0.6074766355140186,1,5
0.91560509378417176,-0.40193040701397276,0.010920629746486709,0.40197224067317056,0.91564997374491042,-0.0018556155676944463,-0.0092536460202635486,0.0060888010746435843,0.99993864638626906,-1.4193558812637814,1.7781338217237672,-1.1336645406936408,0.3552744788681523,0.3136922747404273,0.9474013775829681,1,5
-0.63360070646088118,0.7540887968147445,0.17291683345112022,-0.7736212156552662,-0.61978569735520272,-0.13181769244677499,0.0077691351088713953,-0.21729191396003458,0.97607574740244618,-1.0691690823227651,-16.765830407678862,-1.7465222425003513,,0.4202089059971986,0.25,0,4
0.99945105543177715,0.0054378320887537466,0.032680541281971523,-0.0091885878888526146,0.99323689049885144,0.11574130293366494,-0.031830137431637866,-0.11597805539992503,0.99274162450092496,4.0829452941795852,-16.928944212235507,-1.759703715679136,,0.2269139767090481,0.3846153846153846,0,4
0.93704029802160849,-0.34921672324373543,-0.0017776643337812572,0.34907804499109996,0.93649815480116327,0.033402463370358015,-0.0099999194380233376,-0.031919997821502885,0.99944040109968946,-7.7717647769863802,-9.0535603911991576,-1.4795958822582207,,0.07263346627779819,0.3863636363636364,0,4
0.34143393190770382,0.93582784619905801,0.087459204321087863,-0.93955003213869026,0.34238379424777654,0.0043674414343192643,-0.025857440906466078,-0.08366349093199861,0.99615852806410243,-20.953186111659477,4.7756772252868949,-0.73543149501789706,,0.1341916344574331,0.5294117647058824,0,1
0.98983846255097208,-0.14136950642937443,0.015312762867744134,0.13980999651799608,0.98721319173533817,0.076572050627921787,-0.025941914508506431,-0.073653083544697046,0.99694645811898619,-8.9033466693186245,-8.0420398887461708,-1.4291481833256312,0.1120153349999371,0.1216348503319097,0.1818181818181818,1,3
0.24757254539359241,-0.96695085613640908,-0.060941583376231963,0.96873437886782165,0.24809779938437287,-0.0010886414499837206,0.016172135508729774,-0.058766689184402171,0.99814074071515091,10.988539652720142,0.99604200347671257,-1.1799248570623759,,0.0751910287559765,0.3888888888888889,0,5
0.74211897919641923,0.65417231497990935,0.14600685953164258,-0.66843605520125193,0.7384130361090141,0.089103469131446844,-0.049524345765043006,-0.1637216247723432,0.98526269022959034,-3.5568326664710619,-17.457601492289914,-1.7294333835341675,0.5334194450557658,0.4067613245006596,0.4333333333333333,1,5
0.88687916373139908,-0.46194118499353437,-0.0074626098561954256,0.46193270037772405,0.88635281013116196,0.031573347848116273,-0.0079705245022205721,-0.03144896785847566,0.99947357801984826,8.5019224810844882,-1.8761826621271878,-1.2665472452138919,,0.07352237089135449,0.2666666666666667,0,3
-0.80887305851867386,-0.58752030441947178,-0.023329532732095828,0.58727937502258687,-0.80532755396093969,-0.080934952303504101,0.028763012285339739,-0.079167055813272547,0.99644631887429425,3.6684166890747418,-10.933143887384949,-1.5759017840190237,0.2819472438495922,0.09939917552875741,0.5333333333333333,1,5
0.25835207201420562,-0.95004936309033228,-0.17510115527208975,0.96573572717294043,0.25861899258078902,0.02169612726386266,0.024672092487640625,-0.17470668094881625,0.98431136510970396,-3.3490594513306959,-3.454975761770712,-1.270284614186183,0.257010955651354,0.1608284422451778,0.2847682119205298,1,5
-0.85843092849957059,0.51007352328088207,0.054049438879536227,-0.51270061559684832,-0.85641674128458034,-0.06073256139924605,0.015310772742686579,-0.079845889658314392,0.99668962778926007,-14.418995921066559,-7.8409382887503565,-1.3223318284718162,,0.08783463792926732,0.3448275862068966,0,5
-0.88965887775935781,-0.45050091209324811,-0.074538643850776631,0.45539271341615095,-0.86336735669039244,-0.21728848098535125,0.033534426958525515,-0.22725698142102815,0.97325726640183197,1.7731485478998357,-13.180790977845691,-1.6610741151903341,,0.2402496993867878,0.3714285714285714,0,5
