axis_00,axis_01,axis_02,axis_10,axis_11,axis_12,axis_20,axis_21,axis_22,location_x,location_y,location_z,dbh,dbh_approximation,score,reconstructed,number_clusters
0.97736398616350406,0.21156391779649003,-0.00058926834800443397,-0.21045303236933263,0.97250963391976508,0.099672127998740451,0.021660095039925026,-0.097291935019531178,0.99502016043043928,-26.027815338450473,-1.5824427098316154,-2.4616069411701469,,0.4972082690478252,0.4285714285714285,0,2
0.35176715218864524,-0.89472181927097827,-0.27519581530525056,0.9360825875233767,0.33717646581282024,0.10030663107450377,0.0030430209711791315,-0.29289058882525931,0.95614112086080816,-5.8803268496745558,-3.7411650328821184,-1.4429407534240724,,0.1239319266305136,0.3202357563850687,0,5
-0.64370907689766665,0.76114953369979943,0.079309593796283939,-0.76496051095931605,-0.63703519629234107,-0.094981973856308965,-0.021772482458734567,-0.12180946610734414,0.99231467437211063,16.259527862350819,-3.5028384139322362,-0.22970293592752727,,0.1293222212243318,0.2,0,5
0.068158806979924075,0.99149976978343335,0.11082681783067189,-0.99665009134879989,0.072700082995352383,-0.03746055721553667,-0.045199252709564361,-0.10790229122622169,0.99313348705127724,-2.5478974394829561,-13.445736184450851,-1.0696560877422705,,0.3211335891800717,0.2,0,2
0.95103296773996515,-0.27299995408606026,-0.14493901938650761,0.30305831904719688,0.91578101139590862,0.26363003323402495,0.060761414795911843,-0.29464582847156473,0.95367284025304178,11.95616972587435,8.8675867823706724,-0.46339212289405246,0.4823233825605845,0.5328657611455005,0.3448275862068966,1,4
-0.33423895419083915,-0.93520047667129391,-0.11698029720939204,0.94188306843709468,-0.33588904730614927,-0.0059019735080655718,-0.033772872145208618,-0.11215443073526338,0.9931166984667571,15.890590870432176,2.4905744319092187,-0.25513720923135413,,0.4154529208765523,0.1578947368421053,0,2
0.24504660621120497,-0.96276417763968947,-0.11418099245558608,0.96950253534401032,0.24283827471919806,0.033081812116916992,-0.0041224684239340188,-0.11880534746035326,0.99290900623819411,-0.7636242300027255,3.6028699244876292,-1.266841235542113,0.3175241009456164,0.286278757359501,0.8873015873015873,1,5
-0.5306624743426408,-0.82904323971683369,-0.17630838041444002,0.84655672014741024,-0.52866062639932776,-0.062126175387911063,-0.041702013114538881,-0.18222307421094408,0.9823724819676638,-8.5107009152344499,1.2594067133145239,-1.6661713248252334,0.3863298225255937,0.3540699598280287,0.8140307181403071,1,5
-0.45242392184527658,0.88651789384138369,0.096946474103900879,-0.89179434235220456,-0.44925927454956438,-0.053562628574411145,-0.0039301260463386395,-0.11068933160083021,0.99384728503881503,2.7311558732296799,-8.0470592706804034,-0.93534714695358412,0.4979374699531923,0.2149928079308273,0.1071428571428571,1,5
-0.92326587805798666,-0.37469145854208069,-0.084772809965364626,0.37804321355124987,-0.92539087988201896,-0.027111770857465446,-0.068289436237677512,-0.057079158427500595,0.99603138633857791,-3.7582802593139855,21.848579294059292,-1.3578948452975332,,0.1320001050407126,0.3684210526315789,0,4
-0.69105809074542135,0.72004682610662962,0.063018119847103704,-0.72231873856458639,-0.68479043962790587,-0.096528201644317066,-0.026350619229148994,-0.11222576356608263,0.99333328891075234,-21.360815167548303,-2.8524205814228605,-2.2749208540305994,,0.1222368245453416,0.1875,0,5
-0.87891555838927715,-0.46289139664539347,-0.11506083666018166,0.47397107459788052,-0.87462485801547596,-0.10189591839685194,-0.053468323947869427,-0.1440934164113149,0.98811852815394596,-20.66259512107667,-9.9134296711366652,-1.894873104842848,,0.6612334918785926,0.2424242424242424,0,1
-0.65540191792359959,0.75239460620523257,0.065959703875468373,-0.75500256415263234,-0.65028962296785842,-0.084229059019261115,-0.020480578727584367,-0.10500363238285088,0.9942609230385101,-30.001824946501024,-3.7230146435101266,-2.4715829038910671,,0.1890812899394382,0.1428571428571428,0,1
-0.98601194925222113,0.16410257377075999,-0.02916815410082085,-0.16013943603165012,-0.98125510325072918,-0.10720906385127831,-0.046214683373382588,-0.10103844627771502,0.99380855068493223,-2.6299281924143156,-10.133715851811504,-1.1387775431232887,0.2936598103028009,0.2064492196933723,0.3506493506493507,1,5
0.54979307128462085,-0.81386911583872978,-0.18800170491595858,0.83518936237391184,0.53929303041318244,0.10780425003321785,0.013649459508779797,-0.21628705377726593,0.97623439942642243,-14.04980153991489,-7.8413196296486918,-1.7057813893981124,,0.07093080710281519,0.2777777777777778,0,1
0.1105187915434563,-0.94184291974218448,-0.31736022316492746,0.9938152441940814,0.10125363549157694,0.045595632545220303,-0.010810047328014992,-0.32043660189069767,0.94720828070995577,-8.3109198347428421,6.8095830308816536,-1.6944307316394438,,0.4100869020132196,0.3125,0,3
0.79515900263489858,-0.60298161656550409,-0.064306536314162624,0.60553486638990639,0.79521178768719558,0.031076330373665237,0.032398859776720461,-0.063650473740470379,0.99744620460342737,-9.885121970926587,6.989907828451928,-1.8021444244319442,0.2203998170434316,0.2100723828634086,0.8165467625899281,1,5
0.99538965221452702,-0.059997412464281662,-0.074831482424393567,0.08201499383658363,0.93693763970166488,0.33973725155810736,0.049729076506874789,-0.34430824824256306,0.93753871874280992,-17.16686235280336,-7.1396616960599131,-1.8711332508816119,,0.09520995430828047,0.3333333333333333,0,1
0.87594836163101053,-0.4782675310450184,-0.063044718288307947,0.48106227338436869,0.8757623658319128,0.040241368251530352,0.035966051801842189,-0.065577796094368632,0.99719907529900664,1.6824912609336458,2.7348051970711631,-1.1442870356769346,,0.07964751953561447,0.3055555555555556,0,5
0.85200042643036955,-0.51945330464818429,-0.065295770556362001,0.52249401685247254,0.8515413373613806,0.04332843313760424,0.033094950005049917,-0.071032492951269538,0.99692482626790446,5.0426506442109185,6.1251942458349502,-0.88006267794475346,0.1393523210656418,0.09840264468418107,0.5135135135135135,1,5
-0.54511857397749319,-0.7882941285852304,-0.28537362727273263,0.83767375223625462,-0.52590602425345989,-0.14739585634729716,-0.03388842160942513,-0.31939821616905045,0.94701444254501776,-13.936150101613899,18.073940307348117,-1.8930449939662195,,0.2971567290117819,0.2857142857142857,0,4
0.31146735820886684,-0.94525293745570171,-0.097390805529857766,0.95025681566461373,0.309798862644597,0.032197033823950318,-0.00026278001425856623,-0.10257460180512173,0.99472527966830293,-3.7768305410708272,13.176502044678744,-1.4385452825714613,,0.076171435370785,0.2,0,5
0.8759537209025815,-0.43566863210973822,-0.20711813496783002,0.48100391421676647,0.82140898599193235,0.30646779967862098,0.036610290152799353,-0.36807624309011777,0.92907457500869794,-16.186146482101599,-10.106438443176657,-1.7273754649398787,,0.3589604075852642,0.2222222222222222,0,1
-0.91006241359936046,-0.40673790829748369,-0.079691136944426935,0.41012339712911933,-0.91149023582632505,-0.031374338567404972,-0.059876560363620261,-0.061235806086466275,0.99632573668051139,-10.28931500814306,8.7010339167339357,-1.8403579280777091,0.1609600735259775,0.1646107536357748,0.631578947368421,1,5
-0.85316307602683528,-0.51083982611118894,-0.1056193058257725,0.51926614977445562,-0.85099480718351328,-0.078552554669514704,-0.049753707428095234,-0.12186266944960893,0.99129917703575954,0.77743641705052724,14.336025906282506,-1.1430356702160944,0.6308753912325298,0.4974865225842894,0.423728813559322,1,6
0.97298706483534825,0.22845724394872552,-0.033218358635625049,-0.22471732081346155,0.97021447917162096,0.090476461757512228,0.052898935617952614,-0.080567686407711142,0.99534443813053741,8.7567119659199424,-3.0376460050188192,-0.6912257625270315,,0.07453241282403392,0.3714285714285714,0,5
-0.64812035034234339,0.73167004254572698,0.21118465927536564,-0.76127534357720528,-0.61520431630520445,-0.20489875661129442,-0.019996568043703488,-0.29356872796771172,0.95572880003999772,-10.185877471466032,-10.089318843134183,-1.4677471518030594,,0.6777368477685849,0.1702127659574468,0,1
-0.90833234995058287,-0.40690614966794925,-0.096745684119020348,0.41549645739681174,-0.90437674402659096,-0.097290280884384947,-0.047906533207406274,-0.12856939848294952,0.99054271682233952,3.4912746526552723,-9.7073204614577229,-0.85385618551424514,0.1968399088031293,0.144211490159804,0.3142857142857143,1,5
-0.15692945748224432,-0.95039427243788488,-0.26855888049288795,0.987512714032587,-0.15481420693744016,-0.029175348401124582,-0.013848646082704611,-0.26978378054952862,0.96282133688139748,-11.34742329933653,15.620833956198931,-1.8275681271683704,,0.1161808965633262,0.1428571428571428,0,2
-0.62057282154304982,0.78411749824853127,-0.007008716185092155,-0.78393795009664913,-0.62058842640104062,-0.017643565834160654,-0.018184156850463162,-0.0054547188328352841,0.99981977500052133,-2.664887911059155,3.8690745648398459,-1.3741736112296914,,0.1076483962811704,0.1651376146788991,0,1
-0.53665384771937419,0.84323893885486279,-0.030834067634950928,-0.84366469792980514,-0.53686821678157315,0.0015476681767227632,-0.015248776836259366,0.026844176439219141,0.99952331888570722,3.0275374099783288,-7.2413457286640019,-0.91794614081561887,0.2563725484665896,0.2440902697848233,0.8244274809160306,1,5
-0.20781892481117559,-0.96567653978893331,-0.1558207784334267,0.97792203575442294,-0.20868088507218388,-0.01099000415899714,-0.021904028767597804,-0.15466450370644869,0.98772420483502676,-14.510908582402427,12.246223153071135,-2.1229031096369315,,0.5189801576521154,0.711864406779661,0,4
0.94124486058484325,0.33772485212991532,0.00019151095145330616,-0.3367361409779463,0.93844564382067319,0.076997045094481978,0.025824093050839048,-0.072537561634148054,0.99703130260301887,1.2677834490699171,-12.056942555527128,-0.91779258387543272,0.5584812756211133,0.2474469075607815,0.7631578947368421,1,5
-0.87712087379250359,-0.4759122448689978,-0.064548492943105856,0.47748835185060179,-0.8785727755309608,-0.010712233325509536,-0.051612465591861389,-0.040217076964583903,0.99785707399203938,-10.876802777771857,18.254159432752044,-1.7424600049849113,0.2069057683540586,0.1970552416835293,0.3870967741935484,1,5
0.010264087917218957,-0.97844406251366989,-0.2062567939025815,0.99926380432353212,0.0024111723002593144,0.038288844550329194,-0.036966171942580291,-0.20649794860938175,0.97774848470965559,10.307269708755234,7.9778585070526766,-0.53217524931326121,0.3780903068145682,0.1763763992663939,0.3809523809523809,1,5
-0.35664126727682705,0.93410223365243639,-0.016125246066633566,-0.93424006894125511,-0.35661684010300315,0.0044635120241364656,-0.0015811577464858615,0.016656723581779824,0.99986001695222437,3.7624883271302245,-11.174093652448436,-0.81389730252462189,,0.08098366283886679,0.3125,0,5
0.94998268383243245,0.31201441531770985,-0.013412868912926139,-0.30810452146235262,0.94336630440355873,0.12301064819935649,0.051034344053611243,-0.11272542015853751,0.99231470581519543,-15.539649188188612,-7.5159760260691879,-1.8040501017736932,,0.145924122855763,0.2105263157894737,0,2
0.67957784139014743,0.73069851518794238,0.065219915621266236,-0.72896188324630462,0.6626192628012989,0.17190196432462659,0.082392537680968908,-0.16436359836289915,0.98295273399471805,14.087503332444623,3.1662164366318968,-0.34358752812330384,,0.2146091695974473,0.2777777777777778,0,5
-0.96060595430900608,0.27677076193387684,-0.025182253366717419,-0.2742446046057484,-0.95869908433634976,-0.075405321677465276,-0.045012191578739084,-0.065528703872321903,0.99683493697707726,-3.0671241776432372,20.117800341502143,-1.2930184680361554,0.258825109678015,0.1607792163407354,0.4074074074074074,1,5
0.96128710487444924,-0.24641475675894778,-0.12331613703619225,0.27208710386625184,0.91956460945530627,0.28349521503366926,0.043539750938375921,-0.30607302509162659,0.95101187868474368,-13.32767983224824,-11.935235858882624,-1.5461543782755252,,0.4083634628166739,0.4,0,2
-0.99219203288130176,0.11474525817401943,-0.048872237655412723,-0.10719505605310929,-0.98487746934387488,-0.13610874452648386,-0.063750998773668313,-0.12980714966974083,0.98948770282908394,5.8712682259320417,9.2100492147106419,-0.82353276595974723,,0.3487615462868234,0.2162162162162162,0,5
0.93761353314198548,0.34674797012450687,-0.02543044796179026,-0.34485537713320313,0.93681047093544445,0.058829502870814968,0.044222520635072968,-0.046389511317161909,0.99794407754564896,-4.5120030585430131,12.055640598909873,-1.4853556440797568,,0.1821921065232972,0.15,0,7
0.32086744652681914,0.94190538887292163,0.099289073777075534,-0.94597524638374741,0.31355048421070125,0.082564684220580206,0.046635983838321474,-0.12041732542863381,0.99162732553517663,8.2811133160119557,-14.815458130522446,-0.50505691424456833,0.3440528530146107,0.2635233576798104,0.1666666666666667,1,5
-0.99889550868656263,0.038369236355636938,-0.027121291033020904,-0.034997430095009129,-0.99269995417229706,-0.11542088577490486,-0.031351915612247663,-0.11434422892216266,0.99294635036321988,-7.605076584849396,16.024266507069321,-1.5829587057022703,0.5898948325836835,0.487832234596011,0.3863636363636364,1,5
0.7102742927304867,-0.69639526314193834,-0.10268430532305596,0.70381372530692077,0.70515936724409589,0.08600294679545574,0.012516755002902157,-0.13335630566785317,0.99098911526959821,-2.8507213904634718,-8.8697814102611883,-1.1833604617266269,,0.1153222601702261,0.2380952380952381,0,5
0.18188321934845561,0.98244347594937476,0.04151278217548874,-0.98301766836127269,0.18061812950687609,0.032455430716631484,0.024387665099518414,-0.046710896565420108,0.99861070189190659,-23.318830156484982,-0.68116916747780931,-2.4075555357606038,,0.0902496951067179,0.3571428571428572,0,2
0.51468496151846421,-0.84685353363283422,-0.13393462196280725,0.85736286152669794,0.50932600782822102,0.074269384166831473,0.0053210958918828953,-0.15305590587543455,0.98820320562886321,-12.360860261251721,17.634557897319123,-1.8100630041703161,0.3615570244478387,0.2803402456698882,0.6,1,5
0.24443748472810978,-0.93728332164693107,-0.24849605836368954,0.9696630481031705,0.23575286259226094,0.06460774661619427,-0.00197210625041648,-0.25675000047137225,0.96647583935393189,11.375649138229251,-2.8857848369539858,-0.53834769999665988,,0.1849182933572196,0.3333333333333333,0,3
0.98850071015716723,-0.14062033213524211,-0.055608166746901673,0.14286340869180139,0.98898780300469136,0.038641583364478475,0.049562006373192177,-0.046141604849948781,0.99770464558712768,-1.6300591644515825,-4.7237650690940347,-1.2185318302152397,,0.09862652376994896,0.55,0,5
0.41941374244559743,-0.90074618582499499,-0.11290890739663707,0.90770900645622177,0.41783133813995432,0.038488082135057028,0.012508886682585294,-0.11863086272087674,0.99285963064476723,-0.72046567175952803,11.825384503033753,-1.2630490690670844,,0.08044750462208931,0.2105263157894737,0,5
0.88054732405881353,-0.42921193811788239,-0.2010311475119092,0.47251220456685183,0.82808959260675497,0.30166180260641795,0.036994954091570609,-0.36061716375329539,0.93197995395732225,-26.659103913890682,0.90805776690063145,-2.5497942300421492,,0.5549168339663161,0.2857142857142857,0,1
0.82776804192101994,-0.55582738717750502,-0.076524404196756116,0.56012573275949451,0.82656349060430645,0.055244542722916103,0.03254584881179106,-0.088592954931262138,0.99553606467152533,8.6185781464526947,-10.413563781465161,-0.5532484310858794,,0.09199091281781425,0.4666666666666667,0,2
0.89260814572654978,-0.43514998931393839,-0.11787783923490242,0.44642782398420533,0.88960095444525833,0.096500465402052621,0.062872061802820636,-0.13876104874987275,0.98832812122012281,12.062228098879288,-4.2872202310224239,-0.4725384974324438,0.3702879358312428,0.2170337796091846,0.4324324324324325,1,5
-0.15085359093943254,-0.9706269785584587,-0.18742055008763797,0.98816972005375858,-0.15336005399686123,-0.0011393888508382632,-0.027636904123869304,-0.18537519341204825,0.98227910453083089,-1.7535588387247738,1.3980871048824888,-1.3336149714240257,,0.1191790473547997,0.3403508771929825,0,5
-0.82856239553547384,-0.53902563109786727,-0.15144545461671624,0.55613581430353365,-0.82361686930745992,-0.11121244822916568,-0.064786671109599861,-0.1763706937439587,0.98218942451790436,-16.451186455104899,8.0242964691092631,-2.2730140583276031,,0.3223643767062631,0.2765957446808511,0,2
-0.94936691321704469,-0.29477948109451163,-0.10866242043315559,0.30905598726212169,-0.93842400141637594,-0.15441758417717236,-0.056452288050855434,-0.18018171686197584,0.98201206106773231,-17.090460369941923,15.525569106001914,-2.2210073965927233,,0.09864412965588003,0.3846153846153846,0,3
0.3328677786979134,-0.93626473767176077,-0.11228260282494888,0.94296992118234058,0.33016979072916125,0.04237495764283053,-0.0026018551240778172,-0.11998437515897734,0.99277237072131619,-5.5177547296592255,9.6311312094316612,-1.5108373255981491,0.2437464733604256,0.08505662303467527,0.2857142857142857,1,5
0.91765881797302429,0.39716669773731017,0.01268495190340733,-0.3935991171287212,0.9041022642291201,0.16636956095172462,0.054607955389694547,-0.15766328051965206,0.98598187670156434,-26.942023827478661,-2.7669814117299003,-2.4433513773791495,,0.3936207895069814,0.3571428571428572,0,4
-0.01307312317441179,-0.98672767149912433,-0.16185671363394782,0.99974960398791113,-0.015838572881913666,0.015807243120744056,-0.018161023552670661,-0.16160953532195876,0.98668765843935602,-4.253065007295902,20.379745496318098,-1.3770303999426601,,0.1461310706099377,0.5,0,1
0.28461436816672053,0.93456082502755222,0.21351984862508214,-0.95812802243338824,0.27002275703252565,0.095280655499617242,0.031390349805976048,-0.23169759387696098,0.97228127151081345,-6.2113337137419729,24.354370684326156,-1.4932804350381885,,0.3782092958438627,0.1666666666666667,0,1
-0.99764312925792842,0.047465474485246843,-0.049550129932607316,-0.046490141825500673,-0.99870518598329849,-0.020654738030526986,-0.050466358670828639,-0.018302464914738789,0.99855804359113332,-13.459725910066135,15.476226343979544,-1.9965812187277692,,0.07926540016782534,0.24,0,1
-0.95558295625475942,0.29181888315574611,-0.041266852910615617,-0.29172554896528113,-0.9564651824289272,-0.0083999334582522851,-0.041921567197789451,0.0040117620730388635,0.99911285046722809,5.4391999098059456,-5.8846557379714994,-0.8265722058598709,0.2739037580944598,0.238997431393095,0.8676470588235294,1,5
-0.17564053667862947,-0.97675366039890443,-0.12289299724795141,0.98353739007970775,-0.17949105143599989,0.020908485588305437,-0.042480633121931302,-0.11719748014245548,0.99219965050277015,7.40579160894442,-2.6892676576651535,-0.76926722247479207,0.6748128422046221,0.3221345207793242,0.9333333333333333,1,5
-0.021479027343384447,0.98778572485917937,0.15433085611376532,-0.9996350575531272,-0.023748294299143366,0.012875178780803218,0.016383012395115703,-0.15399798791642347,0.98793533018237334,9.544200756897224,-9.1661570365455365,-0.54143391900480975,,0.3274593870108555,0.3,0,1
-0.088364487742432829,-0.95745787560059059,-0.27471100042848878,0.99584604933324095,-0.090997779905028345,-0.00317018607212832,-0.021962771532603204,-0.27384999635340468,0.96152161502685252,4.6342223663959423,8.3704321454802919,-0.8755539031981886,,0.2526383198103537,0.3157894736842105,0,1
-0.99715215683542402,-0.051761951762044081,-0.054847757185181492,0.054979073735100345,-0.99675069070410616,-0.058867325674920777,-0.051622452185954959,-0.061715159650369576,0.99675792522539675,5.5613225535049482,5.0463258419932808,-0.88003225260798446,0.2211690364938677,0.2748827964195358,0.9444444444444444,1,5
-0.73053527466491186,-0.67876716264939585,-0.074788711575687311,0.68069759607839864,-0.73256439209827495,-0.00044059366257849752,-0.054488486521026828,-0.051230365395678427,0.9971993053036462,-7.4620272517508699,6.5693699968160741,-1.6501060915683781,0.1590023370704357,0.1171164681290388,0.2253521126760563,1,5
-0.86214822249766487,0.50665552762847754,0.00078661783910703243,-0.50541276231789667,-0.85992269963492263,-0.071350475392804827,-0.035473682220898327,-0.061912252229221719,0.99745099673798276,-1.452175114346256,-11.734158181815198,-1.0558676176387141,,0.8978408978335082,0.5454545454545454,0,1
0.64026236215901988,0.76499859340797216,0.069579161293994787,-0.76675828461457052,0.63100758699905646,0.11794557272127311,0.046323218556929863,-0.12886650935542479,0.99057941740633548,-2.5504428095059621,7.8790730699336002,-1.3428646262667698,,0.8414356563451713,0.6975308641975309,0,1
0.91114662783340716,-0.40568084779074304,-0.072352417538009833,0.4116139218099189,0.90434185277806078,0.11287069011130323,0.019641842074215928,-0.13262301101139243,0.99097191432966647,-7.8080086467220307,11.702652314717392,-1.6854232733291059,,0.1124428673806661,0.32,0,4
-0.95163932310267774,-0.29892947953662791,-0.070878522759976428,0.30258123477028825,-0.95192244860095154,-0.047835637493975874,-0.053171374719518043,-0.066968784620359975,0.99633728566028645,-15.008100124615972,9.0867961915246021,-2.1875614478996352,,0.09179975712282906,0.1666666666666667,0,3
-0.80308555717516128,-0.59116260594652015,-0.074701815153188272,0.5937281529249564,-0.80449857358031385,-0.016398949099283557,-0.050403058250283433,-0.057522329905529211,0.99707106731729966,-1.4199880295040002,6.0011115240352586,-1.2746882673046056,0.1152274979562342,0.1002083727336359,0.4821428571428572,1,5
-0.14139937356585952,0.98985692023439176,0.013765704459533309,-0.98994154096074016,-0.14144994626144647,0.0027673422102865342,0.0046864309935608058,-0.013235942230103676,0.99990141873977945,1.7671222867108505,-8.9071397269479498,-0.94753538980967655,,0.07992700134920874,0.24,0,5
0.12792653367978227,-0.98754078071324336,-0.091640648235118624,0.99176229636827395,0.12677023273516885,0.018353626197522652,-0.006507648039252828,-0.093233655514242009,0.99562298888507417,-2.435636058716891,12.924224099895849,-1.3534508724400558,0.1528807083128085,0.1024393387072154,0.4571428571428571,1,5
0.56237831956551787,-0.81373104799947316,-0.14687548197144473,0.82675205288117892,0.55647504032150885,0.082562537242578712,0.014548839796401642,-0.16786098719135137,0.98570331248288123,8.7792007735456519,15.305083942204806,-0.6430963039854426,0.3804592658912568,0.258132254850763,0.3125,1,5
-0.21113808279279064,-0.94057241519481016,-0.2659778971440791,0.97424406735112778,-0.2245455338840569,0.020683337348095278,-0.079178325479363015,-0.25476034814571424,0.96375720894162908,17.295800287449627,1.2502610208881713,-0.16269512702681682,,0.7600123698780206,0.7948717948717948,0,4
0.97185346985109211,0.23265886565279931,-0.037022768285803732,-0.22814059437666515,0.96864115104570525,0.09841844186082209,0.058759699929914248,-0.087201907857585151,0.99445619558135523,3.3666511125463834,5.0393036589358324,-0.99838372443079237,,0.07451811368243504,0.2391304347826087,0,5
0.99183665494718987,0.12092976925270896,-0.040448001330792287,-0.11216721379514417,0.97827768134662174,0.17433099072887762,0.06065118343943187,-0.16837092708530232,0.98385601835829239,-12.986590710658502,5.9979151413961311,-2.0278592107430558,,0.1797872981744187,0.1818181818181818,0,3
0.34364340936220555,-0.93443768761530654,-0.093463442939361388,0.93909570619637384,0.34224390206623423,0.031118581298205113,0.0029089182619481497,-0.09846481332251418,0.99513628148706812,2.2368576236183477,4.7584978284477524,-1.0830802633765872,0.505001263844661,0.5210850894191893,0.9735376044568245,1,5
0.548580119519673,-0.83238265230929409,-0.078733554488081878,0.83598245911315461,0.54763235294840795,0.035101767182219287,0.013898939632420922,-0.085076002131839745,0.99627751823393029,18.741297230403934,3.5248047449927618,-0.09007954273010671,,0.0833737319103808,0.2666666666666667,0,5
0.58233035234470576,0.81248404900246585,-0.02758678768266843,-0.81155596717980816,0.58298338027978469,0.038823838712850958,0.047626388409538603,-0.00022007751783656443,0.99886519545579788,7.4628652095046002,15.897781385681048,-0.70975886269389443,,0.09251418349192764,0.2307692307692308,0,5
0.2454446914674713,-0.93749360580202079,-0.24670355188112578,0.96940087144889864,0.23622137764924125,0.066793795936528746,-0.0043421037014201068,-0.25554882081868446,0.96678640159738827,-18.536355403841128,-7.4026015983010929,-1.9155996444743593,,0.2330832607062711,0.25,0,1
-0.73089956531237243,0.68242031393336589,-0.0093989657553915779,-0.68232636041825934,-0.73095728658346426,-0.011497089584357498,-0.014716089988729201,-0.0019900556839921378,0.99988973210740506,5.7653011488585806,-3.6154078173584092,-0.83800561756646685,0.2320042873950926,0.1748381267160221,0.5555555555555556,1,5
-0.94970909764231481,-0.28982968999490744,-0.11853851970087852,0.30682815070682651,-0.93691538761170701,-0.16746952675108925,-0.062522922110604506,-0.19541828792070781,0.97872497513698442,22.289755484625196,3.605090590256292,0.090320776698097086,,0.5158940351421166,0.2916666666666667,0,4
-0.99104039928771614,-0.093393534687720436,-0.095480755433641956,0.10199213083035742,-0.99074772266983224,-0.089535218060970451,-0.086235330510926064,-0.09847130395742619,0.99139642427668506,3.7007748201040069,-13.658413157233293,-0.76254463932386929,0.1696049040350222,0.1570583809160209,0.2222222222222222,1,4
-0.99857956446891594,0.009957041576909147,-0.052342246303601611,-0.010033929306649354,-0.99994893117320272,0.0012063615707679964,-0.052327561454174013,0.0017298464110910995,0.9986284764333806,0.45572468112828268,6.9039147081872105,-1.1538299261352161,,0.07914937016268413,0.3205128205128205,0,5
-0.12564661552497547,-0.97042517233469971,-0.2061259636879523,0.99194613540135024,-0.12623823614640281,-0.010333063290763694,-0.015993513355259874,-0.20576416751663326,0.97847090651523305,8.1770802465190027,3.1512149704106243,-0.74030185557652139,,0.2876259038146185,0.2837837837837838,0,2
-0.41901793298687684,-0.9059850017237846,-0.060126104871000098,0.90732485167681232,-0.42030866328694377,0.010111433903876985,-0.03443233022981456,-0.050317037050048669,0.99813957461742231,0.32722919577548193,9.8643663749445292,-1.1417614469609669,,0.06898112324441344,0.2727272727272727,0,5
0.18457285865290424,-0.92038920099204335,-0.344697807573418,0.98266125419825556,0.16654066014150948,0.081492748248785468,-0.017598845024737429,-0.35376252941324404,0.93516969232163272,-13.893535183652526,13.837625841155708,-2.1019147704802954,,0.3234757400833633,0.2307692307692308,0,4
-0.16390917459965809,-0.97768867419445671,-0.13137213872789993,0.98614122853155373,-0.16586040595469259,0.003975314682055516,-0.025676056401550306,-0.12889989173163938,0.99132515253030629,-14.91958196373834,-10.663122772628114,-1.6570109723769355,,0.4014192915266029,0.6111111111111112,0,1
-0.80369188264982072,-0.58595836828854919,-0.10359608291536812,0.59203462874178603,-0.80490556461791241,-0.040274438763256239,-0.059785919189743714,-0.093700708000209548,0.993803713610941,11.224151203417707,2.9579581580351513,-0.57192235982491957,0.2655432944947956,0.2318065866644088,0.573170731707317,1,5
0.21644458363495239,-0.97111514552944622,-0.10043463714483046,0.97627005001643441,0.21455668550774348,0.029363551298150409,-0.0069664665361969776,-0.10440690986353784,0.99451026415856902,-17.195638895014469,13.465715592002876,-2.2818238331931937,,0.1105026708601667,0.3939393939393939,0,3
-0.81339936618950981,0.5811809563072049,-0.024701560848355123,-0.58084434224651826,-0.81377234736664261,-0.019859928035937165,-0.031643659123304142,-0.0018062910135754036,0.9994975818630385,-9.7591533580685059,6.0925035656669246,-1.7854099502142327,,0.07417119718869772,0.303921568627451,0,4
0.4990655991405028,-0.86268355627151716,-0.081918309877950055,0.86648356654348158,0.49807407793012198,0.033592287867118542,0.011821872297551606,-0.087745624579164003,0.99607276275510803,8.7944329939281367,-1.7608552141533917,-0.70389985684980449,0.1480302699612436,0.1455759471397876,0.5645161290322581,1,5
0.62189132789233492,0.7822134439851014,-0.037326992127359182,-0.78056039522440546,0.62300547505862125,0.050888578817869373,0.063060650959447684,-0.0025111941281287914,0.99800653715525467,-2.0307807158972091,10.328587581736276,-1.3053660063943475,,0.1045404494229159,0.3809523809523809,0,3
0.57028358701661719,0.82094746046406875,-0.028668755415206811,-0.8198654261128977,0.57100349368711201,0.042138975566914608,0.050963844479960385,-0.00052664476489067851,0.99870036006858165,6.2344609062864782,-6.6761958055503241,-0.76344554537722231,,0.08093443052430832,0.2093023255813954,0,4
0.86794712298128285,-0.48915159494734339,-0.086014585210786754,0.49400230727398725,0.86814420948951321,0.047826268282241444,0.051278768671748902,-0.084002075511846061,0.99514528547002201,-6.0256787621905605,11.564760811471489,-1.5715819157053961,0.2245511355811566,0.09697673584583165,0.2962962962962963,1,6
-0.79557259750332243,-0.56577421580336051,-0.21671127989541436,0.60399410599912517,-0.76868899215266417,-0.21049549463501241,-0.047490651923655362,-0.2983567831898804,0.95327218983061324,3.3852366503715965,11.128379703921826,-0.97873375474598634,,0.2036904407702271,0.4375,0,3
0.36597059519317759,0.91368737774237463,0.17675095249591774,-0.9294812838038965,0.34944809817243083,0.11811252999547371,0.046152643610217849,-0.20751241514168273,0.97714304533668672,3.9817829967900815,-4.2008676543220895,-0.94383196192454577,0.8326263930916369,0.5033461434989741,0.3333333333333333,1,4
-0.98398752501917985,-0.16798710737255185,-0.059572496701354186,0.17000227003971921,-0.98497120425234896,-0.030511554778821261,-0.053551645987518541,-0.040150448942463328,0.99775756707816921,-15.249376159575222,7.0366137095022481,-2.1890397958056771,,0.1084625857631748,0.2413793103448276,0,1
-0.26812457759995079,-0.95770313582585509,-0.10446968228232938,0.9626330788671188,-0.27061705289706989,0.010196379363056531,-0.038036382026406482,-0.097832071993940048,0.99447580128010815,-8.3142427577424449,10.200531173840268,-1.7217974659886868,0.473745419509955,0.3480725665276606,0.8955223880597015,1,7
-0.78650166357186946,-0.60963419762248017,-0.098799181615421228,0.61213603472926259,-0.79072844181140911,0.0061649246902738888,-0.08188167184796255,-0.055629815743864476,0.99508829528624598,7.1308539038771981,-3.9627976552374382,-0.76186485737233922,0.4368887059230635,0.2222137696070229,0.7647058823529411,1,3
0.7863620956919809,-0.59760664636127581,-0.15652779524335328,0.61618643024778808,0.77686314956460634,0.12960682862815723,0.044146773805161563,-0.19836820076158762,0.97913284047120341,-4.0415967337778724,-5.3621441618620898,-1.3202577578421852,,0.3454088992513292,0.4750337381916329,0,5
-0.45617943763101204,-0.88474071253912634,-0.09557296824109289,0.88918945005626893,-0.45743902376525214,-0.0095739983979354886,-0.035248299126115053,-0.089349936275593025,0.99537638423676911,-9.3860933732520664,3.4883305664984565,-1.766519183116138,0.7303588525195671,0.6646131886012295,0.908433734939759,1,5
-0.10730866153946536,-0.99130435107997505,-0.076161241379836597,0.99393959925223285,-0.10880032457951021,0.015702305872196516,-0.023852131915601701,-0.074014680309398659,0.99697186665511206,6.5551831347985079,-7.837779803539731,-0.72915995669303646,0.1444701681740358,0.1099678239706667,0.475,1,5
-0.98787407222107315,-0.1176632760066515,-0.10129250175969005,0.13423538717868991,-0.97511447128268425,-0.17644440689372731,-0.078010757350133936,-0.18790189295074847,0.97908487903918973,-14.373214576409419,16.017115031615859,-2.0275412301989659,,0.2595990162934733,0.4375,0,2
0.96388112146885674,0.26626216740152014,0.0061352984102497187,-0.26249700977063761,0.94585121547574724,0.19094710797633027,0.045038911370188721,-0.18566081006420143,0.98158115307339311,13.218758853987921,-3.4944680747479144,-0.41714935927926966,,0.240642775806148,0.3666666666666666,0,5
0.95378858863853144,0.29895411603930888,-0.030228540918717035,-0.295872505534022,0.95195052868387942,0.079054736780936774,0.052409814461980134,-0.066457711679221751,0.9964118545593601,-6.1096863390738907,8.4722874060279665,-1.5639180846617464,0.204005345226062,0.09821855964734202,0.4933333333333333,1,5
-0.50823967331784448,-0.84250500700892894,-0.17854340545272149,0.85991284911442267,-0.5078446427969926,-0.051417027435575802,-0.047353208905907926,-0.17966394170027303,0.98258767632157606,-13.898495924127788,8.7020902956298674,-2.1197204384981183,0.2284421737356681,0.09978125741511867,0.3673469387755102,1,3
0.63987272960363262,-0.76544319353124934,-0.068261316909943359,0.76825087912180867,0.63932577566653936,0.032452107742744193,0.018800974394042682,-0.073207035488817254,0.99713953552989498,-4.6168738993589242,-3.4476728660381899,-1.4046996489239718,0.1799886705866369,0.1401533250698114,0.7518939393939394,1,5
-0.71836172560786105,-0.68158832346156017,-0.13926158301037078,0.69379472770099815,-0.71661166716386482,-0.071530373261452979,-0.051042207985087421,-0.14800363443336192,0.98766877909475381,-13.200055071319824,2.4247636721450099,-1.9700110161900322,,0.1521751884111907,0.2611464968152866,0,4
0.90934577460344534,-0.41206702593636407,-0.05736748510105022,0.4141891713427529,0.90964626344170196,0.031480243788010107,0.039212148031740821,-0.052387417788135063,0.99785668605477995,-12.611812105981581,10.996054666139917,-1.9949413827668383,,0.11099401604593,0.3809523809523809,0,4
-0.9955202249238273,0.07016203613016643,0.06337799660513023,-0.078606645925187846,-0.98667808118410749,-0.14243370151490917,0.052540241567800489,-0.14677756230744304,0.98777318763928812,-5.4057064202811418,20.291594423554571,-1.448462026008615,,0.2429005895287307,0.5,0,2
-0.98444466865632008,0.17261192853625157,-0.032769139157833652,-0.1686425654871572,-0.98066098232574017,-0.099316276862484135,-0.04927859028076368,-0.092245107571684776,0.99451619427188342,-7.4945846659182163,8.1069633046167358,-1.6709877812602669,0.1745764997911372,0.136962151143535,0.2,1,5
0.036631108937745745,-0.96048567982798394,-0.27590835562440907,0.99897388713071966,0.027836544835581119,0.035725335583535425,-0.026633337923184581,-0.27693390116955896,0.96051979661747611,-14.487688867982328,4.8515283600353092,-2.1450790622597991,,0.3367132360257837,0.2619047619047619,0,5
0.51106172484470691,-0.85595903403367857,-0.078422225516009608,0.85951282528496109,0.50968895985503693,0.038142723717027822,0.0073223336045314617,-0.086898194791499156,0.99619028662829368,-4.0617714904146798,10.312902185921406,-1.4290498177004087,0.5444939793343933,0.2790599786255402,0.4782608695652174,1,3
-0.11237388686016098,-0.9863113822366133,-0.12067297469791492,0.99325030681730764,-0.11500788023629024,0.015067033247514955,-0.028739129410376131,-0.11816532805378653,0.99257796554561761,23.008356211138619,0.33726998426758514,0.16777509457215062,0.696533931262847,0.8773847749219718,0.9655172413793104,1,5
0.53713980374185932,-0.84029802539698917,-0.073348890585181029,0.84339806212998092,0.53635094665882588,0.031739105431207573,0.012670439280025911,-0.078910649041186734,0.99680116845655276,-0.087921048551338893,-1.9709110731253885,-1.2018622275715423,0.2423794075945227,0.222450456791539,0.8559027777777778,1,5
-0.99469925128572756,-0.050871511767597501,-0.08936156210637787,0.063416266889304615,-0.9875894408653072,-0.14368532766143585,-0.080943045318528306,-0.14859066451775799,0.98558055877372786,11.971954541491062,14.49145131087708,-0.46951041840545121,0.4592575945547875,0.4635485694510426,0.5625,1,7
0.98008877557904872,-0.17416132401262321,-0.095361549914684721,0.19291643801491362,0.94891282923589981,0.2496951950982598,0.047002552351960755,-0.26312026856494758,0.96361739520554068,-27.409030465612719,1.9997206471123325,-2.6171016304416437,,0.6679106678420044,0.275,0,1
-0.74907288761037361,0.6592858778353331,0.065053365277676384,-0.6616663941617259,-0.73964094922939827,-0.12299938642145415,-0.032975625605528365,-0.13517913119238859,0.99027229114319626,6.2944916784705134,11.739901271929776,-0.79970418096735918,,0.4504593673497508,0.1818181818181818,0,5
0.12986052360229594,0.99152272675128317,0.0043504879538901189,-0.99031965105577935,0.12948352755597795,0.050010047234719204,0.049022781872269799,-0.010802704631695059,0.99873923945649778,8.6477658934114725,13.152668327767101,-0.67197537424027276,,0.158787601509592,0.4,0,2
-0.94696252220589872,0.31955840235048744,-0.03382911504383395,-0.31760478790643926,-0.94675572864198176,-0.052733186728073776,-0.048879241364311564,-0.039192062599411888,0.99803547130994075,-5.1774754701447323,-15.038142755441324,-1.1302408640950616,,0.169475537753476,0.4210526315789473,0,2
0.56259508265937075,-0.81612599511267381,-0.13200429185766463,0.82660616350351268,0.55808457836480518,0.072552421388823632,0.014457642459941742,-0.14993319676684491,0.98859041725164176,7.7890368647099262,-11.077795787944947,-0.59234226594565986,,0.2145003466355966,0.3125,0,1
0.075618061211172649,-0.98135805801640441,-0.17668692873253186,0.99702610082368526,0.071772279530769326,0.028065889746731815,-0.014861463419930842,-0.17828376778952301,0.98386687872282308,14.571709375691043,-4.1280667162056011,-0.32843614054350578,,0.2052331571549317,0.2727272727272727,0,2
0.40862121054807665,-0.85912196399551288,-0.30812036166198964,0.9126685990487402,0.38759331911517364,0.12964353932106129,0.0080457815426985737,-0.3341868787935488,0.94247249054897708,-1.6287392345678313,2.4570072858687793,-1.3252813844806803,,0.5189651095537287,0.1976284584980237,0,2
-0.86776119251016037,-0.4904914466293418,-0.080054066460111303,0.49384578347036812,-0.86909189454872204,-0.028206754124702704,-0.05573916865080384,-0.064011089767075494,0.99639135156069525,15.545333413645194,4.2141760381126927,-0.27783286580697591,0.4134259145658694,0.2482736577315411,0.5882352941176471,1,4
0.62283758149958945,0.769251892751177,0.14256532737826946,-0.78101661882107476,0.60072528541676407,0.17071078637931086,0.045676998555481331,-0.21767098327447884,0.97495279621286457,-13.909161966004719,-10.299615955224093,-1.6154553229526312,,0.382418399632514,0.1666666666666667,0,1
0.95798312853447709,0.28618652142008555,-0.019120679924280522,-0.28219417434819416,0.95235127728715951,0.11573025798578898,0.05133004390448951,-0.10547189012711987,0.99309662520108111,-0.83207888432698851,7.7463908406971234,-1.2284293720460517,0.2478894512200749,0.2020765938160592,0.5462962962962963,1,4
-0.88428570158474074,0.46578072485182487,0.032971416852939493,-0.46545323874878808,-0.87361609186137434,-0.14194437846960062,-0.037310595158015089,-0.14086603706133793,0.98932536563639539,-20.105493249521686,-0.689111913593078,-2.2935130676767774,,0.07478065144548234,0.3076923076923077,0,1
-0.58740601532702541,0.80501769527053713,0.083070352466674546,-0.80849295200292604,-0.57916484446024985,-0.10443768238967978,-0.035962754611116733,-0.12850911735221668,0.99105604636576128,-12.433862999497746,20.810648651292606,-1.8269176396185742,,0.4152118257644959,0.3571428571428572,0,2
0.010582088735304154,-0.9844253950948243,-0.17548407588837459,0.99980040605085263,0.0074422750900146831,0.018540782131142287,-0.016946016008138512,-0.17564525053038926,0.9843076645579717,-13.941352552321836,7.3566768980875814,-2.1083452680207166,,0.1936035211239511,0.2105263157894737,0,1
-0.11293556316962915,-0.96494777213622906,-0.23689946310806237,0.99240912157796146,-0.097865764639904831,-0.074474341355309254,0.048679502672265264,-0.24351198976801175,0.96867549615895943,-9.592889329173401,-4.4718421733404332,-1.614162522620304,,0.2711937094184971,0.231404958677686,0,2
0.99416541063521668,-0.087130815893047511,-0.063587398266660863,0.097046174539430721,0.97983470353293189,0.17465965120712304,0.047086901615772392,-0.17981149761442786,0.98257348275937273,4.1806366197074336,12.09276704356836,-0.92968422232285286,,0.6395261256808211,0.74,0,2
-0.90198565762948313,0.42900722282815268,0.0487306494106425,-0.42880953295244778,-0.87690047562851314,-0.21718181390620503,-0.050440637186802993,-0.21679104825559967,0.97491403903955853,7.154652408217844,24.718521313751626,-0.60165117166588356,,0.297902710233765,0.3684210526315789,0,4
0.99847883012558047,0.024076033344449757,-0.049602121017638133,-0.019269252087383549,0.99527140750504084,0.095202527943995252,0.051659672037715626,-0.094101912952560512,0.9942213577788519,-3.7029310895935428,-11.763120590794355,-1.1582347898713086,,0.5662247624686273,0.125,1,1
