axis_00,axis_01,axis_02,axis_10,axis_11,axis_12,axis_20,axis_21,axis_22,location_x,location_y,location_z,dbh,dbh_approximation,score,reconstructed,number_clusters
0.12117634264207525,0.99209343490973223,0.032663594304651357,-0.99261330358245514,0.12091209475102611,0.0099546418339891262,0.005926511200905313,-0.033628585339371672,0.99941682731133652,-12.010106207846333,13.433769579911047,-1.4009011612549516,0.734718084267858,0.720218220285282,0.9668508287292817,1,5
0.11410682998153936,-0.99317109041457485,-0.024306717513651391,0.99343926775249125,0.11388167565632674,0.010458739747259567,-0.0076192282389884293,-0.025340661286390218,0.99964983781652805,5.7945588155533168,-3.6745942980025537,-1.378959663641945,0.5014013561179076,0.4767680485638423,0.9752747252747253,1,5
0.041569699899592541,-0.99834413092886198,-0.039761241053977263,0.99913340943979401,0.041453223618487717,0.0037497190358732509,-0.0020952783753371705,-0.039882659032846879,0.99920217339485373,-12.467540968309013,-9.6195776318595474,-1.0999227333772963,0.3461804753740004,0.2969066683092532,0.7594339622641509,1,3
0.51679014891658448,-0.85217092624549073,-0.082052754034682582,0.8561050568772578,0.51479582640092747,0.045490534283223576,0.003474704586219565,-0.0937548376463197,0.99558925106991314,-7.7632372865071098,-18.518809862149197,-1.0438814627920268,0.2163351809807426,0.1536641791454852,0.5,1,4
0.1550376768263034,-0.98729555799695901,-0.034796550457987879,0.98789019735678607,0.15472385401750455,0.011553655886309999,-0.0060230167418048293,-0.036166423066741067,0.99932763051558071,-0.21442122677383044,-2.5069729786803507,-1.3270163236295816,,0.07114782465416224,0.2342857142857143,0,5
-0.88989038358552508,-0.45559471184447753,-0.022990514160278849,0.45534857120885253,-0.884119248117056,-0.10483717759930311,0.027436907625732556,-0.10376229396210757,0.99422361793092506,22.08791303875979,-0.25821016761107751,-1.4418226127197291,0.5827752600812695,0.5519027800701461,0.6341463414634146,1,4
0.80973828680878646,0.58501089800697181,0.045674457731302999,-0.58672644029364662,0.80603614558341663,0.077831974620817854,0.0087172895052283449,-0.089821941785436052,0.99591968935129327,-17.220927088017895,-8.3002286976284569,-1.0135286449114791,0.2277754093973918,0.1806792370173443,0.6428571428571429,1,2
0.27013061434302976,0.9497832291795929,0.15792804932576651,-0.96242588833681209,0.27107643187388697,0.015936672852873542,-0.027674187499451004,-0.15629902639398133,0.98732201114658558,5.8474556677328469,-6.6019610335444083,-1.3316290120604204,0.4141188612072627,0.2015136264100073,0.1785714285714286,1,5
0.43455444749485128,-0.86937616445352184,-0.23526052971658559,0.90026170185981369,0.42691403681817941,0.085283488038889618,0.026292590722823136,-0.24885636388826798,0.96818345876460477,-4.9914334708527406,-3.1815985951544676,-1.255915417437278,0.6845524885639859,0.5786570543625931,0.2212389380530974,1,5
-0.81402737068339781,0.57047915422069262,0.10914657290962573,-0.58081071229321235,-0.79811766375858118,-0.16020958548724507,-0.0042844210489251973,-0.19380848638846204,0.98103002723672439,-20.808631821211751,0.73662838892072779,-1.0301934255874894,,0.2393862630565035,0.125,0,1
0.93063726942432878,-0.34881235679125655,-0.1106535697940129,0.36587426013785829,0.89276563703564138,0.26287933181770029,0.007092145444376907,-0.2851305965309141,0.95846243765466421,6.9822660462266839,-9.0534468931036596,-1.284405210932654,,0.7158348915894375,0.5208333333333334,0,1
-0.69415505703496205,0.71930109448374724,0.027471662987010745,-0.71982440753457655,-0.69358166673491339,-0.028236392948023912,-0.0012566265492760312,-0.039375208490911709,0.99922370560651375,-6.2474775009817973,15.598001597992052,-1.5799739768947174,0.184995135125131,0.1602637591562084,0.64,1,5
-0.95645642349008986,-0.28116262196765962,-0.078349792423557954,0.29163194957989241,-0.93154055091822552,-0.217216500246178,-0.011912848054715614,-0.230607419662156,0.972973947260658,-1.1830405012097454,8.9039966314354491,-1.5696653364348598,,0.1067071306841957,0.1818181818181818,0,4
-0.69414753025552511,-0.71639775731835686,-0.070238590172243195,0.7197225737553189,-0.69243658798004004,-0.050308930157386571,-0.012594564985558856,-0.08547411851425947,0.99626078513461336,-6.7968700491677447,-17.670786540966343,-1.0534840005890345,,0.09646511140766567,0.1666666666666667,0,1
-0.69437701217042869,-0.71698400981958876,-0.061436915875494262,0.71947535097902038,-0.69337101388486178,-0.039898075616433673,-0.013992294410994633,-0.071906653150478853,0.99731321505824511,-0.097262375696248571,15.279194438828748,-1.6852665436733045,0.09167364857396447,0.09789971590350792,0.4736842105263158,1,5
-0.073889968315491911,0.97077622234526573,0.2283282696281588,-0.99724481219116246,-0.073432155585659603,-0.010512044703820451,0.0065617939732400344,-0.22847591701336284,0.97352745118191419,-5.8012738375212516,24.56239933827079,-1.5546628916089269,,0.5689828654084974,0.1111111111111111,0,1
-0.80585007014610055,0.585304290715569,0.089579862220644318,-0.59210506556405118,-0.79549371581173467,-0.12884618518772656,-0.0041540075729055246,-0.15687139756496027,0.98761030211673095,1.0893182876252128,-7.2493338414814117,-1.3087398450374665,0.2923642666084635,0.1533080188497584,0.25,1,5
0.97821425805433859,0.20755563750529515,0.0041860099105479661,-0.20721387039500361,0.97498059328202091,0.080468966933609359,0.012620509305227323,-0.079583290100436244,0.99674832464452512,2.4532828529444184,-11.091513770084779,-1.2531900219417331,,0.07068115992584648,0.3870967741935484,0,5
0.82333833881010932,-0.55302165733632047,-0.12759712521212582,0.56753675375376778,0.8038262180736121,0.17822862922692578,0.0040016226764732089,-0.21915852174730299,0.97568105924092441,-16.182067639728714,-10.139796779138956,-1.017471039101683,,0.3660057100605035,0.1739130434782609,0,2
-0.93202544286099986,0.3623401200004957,0.0061815287579073102,-0.36129916338854429,-0.92775323457357595,-0.093471119994395571,-0.028133403535591933,-0.089350843176184289,0.99560280153744551,-3.6618923110615591,-6.0556273004056074,-1.2599980702304348,0.2075095792292828,0.1690544195109471,0.6679841897233202,1,7
-0.51623583792674144,0.85512716154463875,0.047519440534205787,-0.85644309295984322,-0.51559443248604109,-0.025838144491703741,0.0024058598155171406,-0.054036272798983494,0.99853607499205654,-14.878354888355743,1.1422119661933352,-1.1601356734862016,0.5608420512167726,0.5390307160862804,0.9835164835164835,1,5
0.85922656469207848,0.510517964056865,0.033183111708862144,-0.51143517365328572,0.8555264347881063,0.080675786509866468,0.012797409022245018,-0.086289789395882374,0.99618788316679074,-18.975109769750166,-7.4031113169477258,-1.0029522672220317,,0.1386907461496814,0.3333333333333333,0,1
0.39821320589804488,-0.916637703091432,-0.034663582037418601,0.91729145972686654,0.39799484775975846,0.013284542477653082,0.0016188145524538371,-0.03708668801538071,0.99931074096673977,-20.233101099776079,-2.0945967439316524,-1.0169382864835912,0.1635764721204155,0.08117315473930539,0.3548387096774194,1,5
0.71967628491187718,-0.68462173079616395,-0.11558170554677449,0.69430117614504328,0.7104533796469249,0.1148994001371197,0.0034527871417458283,-0.16293888753126129,0.9866301217736192,-5.9532475994789742,9.5395545826955424,-1.4741770279994808,,0.1726191525852638,0.1935483870967742,0,3
-0.084647956274314803,-0.97284492888018026,-0.21542392590123438,0.99629170641906284,-0.085980352023908982,-0.0031960579529418795,-0.015412956211433949,-0.21489561051348513,0.97651539535373588,-0.58864751526768033,-6.6331632962027056,-1.3045898703563736,0.2587394713647996,0.1117406698099302,0.28125,1,6
0.62559501578611953,-0.74872965572976524,-0.219168380142648,0.7780337199490337,0.61944242188075826,0.10466430431035058,0.057396923661760406,-0.23599785720486535,0.97005701097867369,8.8387547873171339,7.408085822389844,-1.6275739966358693,,0.2665146743175315,0.25,0,5
-0.55693273961559908,0.82614443890091005,0.085506079417571657,-0.83035352254882699,-0.55155531253423495,-0.079371057735279818,-0.01841062560094861,-0.1152046148744176,0.99317115623472429,-14.029070212680082,-12.082365875486442,-1.0464348030642978,,0.5252253887061592,0.2666666666666667,0,2
0.15008662955042273,0.98230659822795008,0.11201674298080071,-0.98867226830803101,0.1489972390690732,0.018082273873764002,0.0010721515035139375,-0.11346175491162695,0.99354178606816901,-8.0543703648046119,19.295515622207859,-1.5658924858246281,,0.1755015132597278,0.2727272727272727,0,5
-0.091030006910405636,-0.9655432797231992,-0.24380261037006662,0.99494670488377934,-0.098594378041289066,0.018979016295912639,-0.042362628374555011,-0.24084294384519217,0.96963915149770041,4.9550543992394767,-9.6587753842034374,-1.2848486264174193,,0.1333295267453538,0.1818181818181818,0,5
-0.28462412728301673,-0.95154721059975156,-0.11639163272423245,0.95859239311475131,-0.28370441465960189,-0.024747302179955997,-0.0094725936740974737,-0.11861581303723431,0.99289503919931077,-9.7271002829080011,19.251367933279031,-1.5365877029629198,,0.4642138916004158,0.4444444444444444,0,4
0.99531824363684007,0.09400652923146624,0.022458102001949226,-0.09600416555975326,0.93473161619065204,0.34214033069602839,0.011171127017983179,-0.34269458436845146,0.93938044889473993,-25.049138638520663,-19.7989093484452,-0.84821241460453278,,0.6397687993874835,0.4285714285714285,0,1
-0.33476943710172924,-0.92365282420964812,-0.18653386907511524,0.94206628214120214,-0.32365390207482525,-0.088086728423712193,0.020989140888674429,-0.20521601302354661,0.978491616705772,8.4319582329717342,-17.253926126235317,-1.1036988163665324,,0.2285056781511081,0.3333333333333333,0,4
0.96859029352779535,0.24817697829259933,0.01552516438862534,-0.24848187083080547,0.96362320887669384,0.098422920006503781,0.009465894155443003,-0.099189206871203695,0.99502356659935431,0.51104356043760391,-19.947517048681181,-1.0441447729610156,0.2581229584252827,0.3034315043035505,0.7111111111111111,1,5
0.16529408606942164,0.98297774954061379,0.080203547418710691,-0.98620330049143434,0.16399803784738987,0.022532058982889253,0.0089952882264481976,-0.082821419272292696,0.99652380668975815,-1.6181928099363236,-11.05699560727105,-1.2356857563122072,,0.6729902664091014,0.2253521126760563,0,1
0.46180522055068585,-0.88569430350435008,-0.047765458357240477,0.8852230624318238,0.45683185628261752,0.087662904493301955,-0.055821752130835178,-0.082766272269099161,0.9950043598717152,-14.035352707688473,-17.865528887115655,-0.93416789715928272,0.4915532119361415,0.3232825943678025,0.7702702702702703,1,4
0.91630654168045977,0.3992094472240898,0.031845547893412693,-0.39933940415260966,0.90481790316690824,0.14775859501117861,0.030172205166901722,-0.14810934931892558,0.98851062648799604,-4.6000544609779856,-8.6129598225552559,-1.2140626650592583,0.8588515185314437,0.3845162042135628,0.302158273381295,1,5
0.027949637094343768,0.99579238482303689,0.087271668453986387,-0.99958006171467262,0.027173973219131935,0.010063568053970592,0.0076497064509347332,-0.087516292814160832,0.99613371616629887,-1.5152726058449399,3.7257738100122175,-1.420195705994628,0.8074556629208463,0.3736734958685576,0.296551724137931,1,1
0.36013812995536465,0.91210182337754353,0.19588463733435971,-0.92698196670395783,0.37348785184994343,-0.034803130982390372,-0.10490453163670097,-0.16904759185470661,0.9800091585950661,-28.319601187085684,11.020542304168698,-1.0959807100327228,,0.1973431236584461,0.1875,0,2
-0.84268927553428197,0.52688489032605701,0.11075692865733633,-0.53839686527817521,-0.82393570051881238,-0.17680151828875448,-0.0018974609724561804,-0.20861992655705994,0.97799495187101326,2.1911168184560528,-27.646457235839193,-0.89371727397357215,,0.3736942195712488,0.2631578947368421,0,3
-0.88286112786580484,0.45236162966779031,0.12619502727057094,-0.46959799868464425,-0.8469914768492367,-0.24916492083783773,-0.0058265371273196927,-0.27923895528570175,0.96020396651755924,-17.791513228050906,-11.518384053830138,-0.984287633346284,,0.5248030805627868,0.1935483870967742,0,1
-0.89090584695405317,-0.45321914887562009,-0.029650884565886944,0.45401023946956404,-0.88683083831684606,-0.086056764214263989,0.012707254615777108,-0.09013027961067685,0.99584891342885506,-7.4483947558344834,14.780450086866066,-1.5496838386865746,,0.2936813866009011,0.6346153846153846,0,8
0.51500895131347135,-0.83488303697478738,-0.19425780457616668,0.85717361549672033,0.50276082909363506,0.1117360354825588,0.0043786942434216108,-0.22405772314480571,0.97456603867356606,-7.6099867059771551,-10.974597629729077,-1.1517848132660926,,0.2585511868776568,0.1929824561403509,0,5
0.90385603800682091,0.42744800767425462,0.018233576004788463,-0.42764426940333428,0.90135045373057032,0.068467060738599775,0.012831266698979738,-0.069681850542341106,0.99748674091433132,2.5047178302586222,-22.807391663889774,-0.98444760421776167,0.380214944647509,0.3779336232164278,0.6590909090909091,1,5
0.093534579725111269,0.99178843111660275,0.087218061769998897,-0.99551363789494296,0.091909062252650414,0.022479346988197778,0.014278626013176053,-0.088929366235833446,0.99593558459373766,-0.85851288952658511,21.15892788695221,-1.6845192568642402,0.5053696408240979,0.449976689328719,0.8888888888888888,1,5
0.29726705510253509,-0.91970295315866046,-0.25647373335666279,0.95479381783086925,0.28663158792228416,0.078810521106654471,0.0010312044506136854,-0.2683073065654159,0.96333282195770353,12.229117591558577,3.9049365101822402,-1.5774614643136264,,0.5599080839474698,0.148936170212766,0,2
-0.61885252423939763,-0.77033221857110445,-0.15365489342629543,0.78536558506677479,-0.61050187166601455,-0.10241270665799361,-0.014914792497671412,-0.18405362730360372,0.98280303786727197,-5.457692839290182,-10.20339122652225,-1.1847568824129726,,0.09608231816797014,0.4117647058823529,0,3
-0.86147947485322474,0.50692734229110903,0.029627420479779957,-0.50776451507227538,-0.8593533151210665,-0.06072130617708249,-0.0053208683530084431,-0.067353911750592743,0.99771495875919602,-3.3766975974671145,-14.070075776968434,-1.1513438082094198,,0.1335942662883011,0.1481481481481481,0,1
-0.46976200481963276,-0.8670266249187083,-0.16609783415178545,0.88272002398328764,-0.46375484425758162,-0.075741690544712539,-0.011358612889963529,-0.18219845254474842,0.98319616852564873,-8.0174624266573336,-16.396577790866214,-1.053639406062209,,0.08216707853900732,0.4615384615384616,0,2
0.43593488014270487,0.89474625295658694,0.096901615544385991,-0.89983303655620372,0.43139683048183997,0.064786425833375835,0.016164361942444961,-0.11543793774305365,0.99318316333525491,-19.451060036187961,-18.398973581988002,-0.91507341886841631,,0.1946004825151404,0.4583333333333333,0,2
0.82654136484483065,-0.56167902191166519,-0.036688534241656162,0.56286507568360278,0.82517350677647783,0.047661203194037313,0.0035041084655163058,-0.0600446505407966,0.99818954170302576,-6.8410865521648221,-15.561101061470795,-1.0750552690196868,0.2761059886877629,0.1684193979568335,0.7014925373134329,1,5
0.80435499341860595,-0.59269890385827462,-0.041485586988186024,0.59412312308579562,0.80300866200483378,0.046848728477806419,0.0055460956839186231,-0.062330555190904545,0.99804015085178743,9.8549325184102319,-10.534223118569097,-1.2434408703648292,,0.08490657505247368,0.2916666666666667,0,3
0.86254165236271785,-0.50360175550876241,-0.049062916626352433,0.50594418480370185,0.85965366822176115,0.070824096013907267,0.0065099771665774655,-0.085911830159543262,0.9962814751042639,15.54346922082429,-15.29742428166036,-1.1144276328857199,,0.1948185899818834,0.4827586206896552,0,5
0.71038061640438899,0.70375337401676541,0.0095167429795961107,-0.70370407428545223,0.70995800152995292,0.027571940404170658,0.012647358260756015,-0.026283542828449087,0.99957451933580732,2.5832381690265245,7.4367520351321099,-1.5890797163608377,,0.06258719936474937,0.1470588235294118,0,1
-0.24290671800423666,0.96909774611280808,0.042963761793935733,-0.97000632435192402,-0.24307611816140992,-0.0013158635381344856,0.0091682640494832376,-0.041994752751456893,0.99907576473241699,8.7494817998102192,-7.0805530116902426,-1.3241802228997119,0.5612825228025163,0.5200658918603541,0.9568965517241379,1,5
0.82666131704099322,-0.56154893920976801,-0.035970206844489025,0.56266940845816449,0.82426163306711431,0.06321310812540068,-0.0058483923765707138,-0.072495166224504887,0.99735161662309035,7.9652735706243583,6.4647981816935651,-1.6205764472059816,0.5523996709507428,0.3713956835028778,0.4285714285714285,1,5
-0.99909968969730223,-0.028570191469539975,-0.031361667783259037,0.033243297018013762,-0.98650011875988286,-0.16035086183151204,-0.026357034167860994,-0.16124906153565782,0.9865617299002345,-10.102361626992906,6.5748075640953569,-1.3098471353067518,0.5430097385722553,0.5654098472578634,0.3165829145728643,1,4
-0.9997827794394708,0.012845466727776858,-0.016413041181710428,-0.012111788746967051,-0.99895615897915591,-0.044044261952727794,-0.016961677677511403,-0.043835903345970179,0.99889474674172141,9.9541446374750429,15.289591341190368,-1.7630671176536195,0.379840021274753,0.333245505516539,0.6388888888888888,1,5
0.093515562039816008,0.95702798263103706,0.27450369782125955,-0.99501782890834067,0.080266348753682312,0.059134029224170513,0.034559511149756056,-0.27866602541199814,0.95976605819864802,-2.3935863759240541,-15.298640020330106,-1.1280759860604317,,0.5868789471265142,0.390625,0,3
0.3208057823695426,0.94663344123224891,0.031125197815539532,-0.94709156618208401,0.32026536319720234,0.021158034004418874,0.010060579756333449,-0.03626603199903549,0.9992915288633305,-2.0996851201868507,-3.1157589301583113,-1.2913299376939329,,0.06410318045683557,0.2408759124087591,0,4
-0.17485324316507009,-0.98158569911341276,-0.076914619226057898,0.98454681888362283,-0.1750793121417854,-0.0038465420961802804,-0.0096904479150972632,-0.076398624045148522,0.99703026306286846,-16.25925679253238,1.8555330012812077,-1.1467685973996564,,0.08590119477655773,0.3088235294117647,0,5
0.94673171472604967,0.32187896809099381,0.0096431443289800751,-0.32176241739559014,0.94433491654267754,0.06856028114060736,0.012961754650450732,-0.068010993956934482,0.99760036969588695,-22.336724477435418,-0.24795068576036366,-1.0067283931642979,,0.4117805115120096,0.9545454545454546,0,5
0.19105449052765333,0.95484479723337468,0.22752932744060653,-0.98153601860860074,0.18366256659785843,0.0534331901037585,0.0092317833161292967,-0.23353688108528631,0.97230411875593814,-21.17186049583562,3.9714300438684336,-1.0620614589281401,,0.1866033977437591,0.1944444444444444,0,1
0.0014521662653339997,0.99422382542275223,0.10731670967228316,-0.99996564490541417,0.0005679293990533945,0.0082696109397868197,0.0081608959088801444,-0.10732503164660594,0.99419049349710564,-3.46449569342276,-19.117350076495637,-1.056722773211165,0.4417719078709031,0.4589131580198626,0.7777777777777778,1,5
0.92961256823100358,0.36712535312409394,0.032240472708502721,-0.36832677739146136,0.92255356744619432,0.11502304225120369,0.012484311890499858,-0.11880189512718478,0.9928394893792305,-17.608448436521847,-6.4688832372897851,-1.0194216269727148,,0.1792541931704315,0.45,0,1
0.99495658587556113,-0.092541819129305494,-0.038696303894372813,0.099872990182546528,0.94979790068484693,0.29649508206149838,0.0093154739462744489,-0.29886445015574631,0.95425010473054683,-0.27799659417961314,-5.7404967497666277,-1.3064214526258342,0.3310082709838564,0.1444864619979343,0.2063492063492063,1,3
-0.69743491220421827,-0.713687885257551,-0.065070313317975886,0.71655913447303232,-0.69589868445619374,-0.047623815212541803,-0.011293805468196413,-0.079841238772606835,0.99674361124077582,-0.79080701298626421,9.6375595914443437,-1.5837223328405869,,0.06516476618811702,0.1944444444444444,0,5
0.5496245316612709,-0.81697338206512926,-0.17454903950807885,0.83539723439102775,0.53871813206077301,0.10906069393128733,0.0049330485453806198,-0.20576021769529634,0.97859000497963056,8.3156148937477479,2.3821811302273166,-1.5145184144346711,,0.4358866131847315,0.4404761904761905,0,4
-0.78781210062886431,-0.5771376032459391,-0.21509133181574108,0.61578233486734513,-0.74531740584198858,-0.25556619614943088,-0.012814451531642485,-0.33378758435343542,0.94256121199816079,9.7887051020283273,-3.4205105280762722,-1.4029290866270836,,0.666042848787862,0.35,0,1
0.68458756820010092,-0.72845674346130418,-0.026279923356500666,0.72893045388747668,0.68411737761270608,0.025373353024610128,-0.00050483786448940167,-0.03652651850458264,0.99933255655195441,11.737283775908232,-9.4891524746908935,-1.2624261881228431,0.2390796672767073,0.2112828869076707,0.8596491228070176,1,5
0.77191205509649019,0.63572173084567274,0.0031080745318694631,-0.63549654698264546,0.77148789463398204,0.030831269944019284,0.017202266416024632,-0.025774199576490325,0.99951977102323697,-13.150762718414514,14.426311877698407,-1.390493605641558,,0.4060300671652624,0.125,0,2
0.55704306446308982,0.82999832622075687,0.028386665959758119,-0.83038600499815252,0.55612810805055379,0.034360007848058351,0.012732126168757157,-0.042711894208198854,0.99900629980814903,0.032182969229175344,10.865538455465087,-1.6203141482766339,0.3300373242156849,0.2932072929778301,0.5563380281690141,1,5
-0.27556375864602722,0.9606114967182503,0.035918898836069732,-0.96116020070989339,-0.27593294319872003,0.005663870497113639,0.015351986587744481,-0.032963058571886188,0.99933865795204524,17.472449076790809,-0.98871845300725503,-1.4180353504245748,0.6256183034037999,0.600782525670725,0.8552631578947368,1,5
-0.85901260817408565,-0.51035571344942443,-0.040427524627196537,0.5119138997232564,-0.85526867160401199,-0.080372001610231586,0.0064419149390071671,-0.089735974515443073,0.99594475580208819,-3.1856274381773861,11.872030786719705,-1.6015814988101782,0.5575734750101458,0.477988374385714,0.4736842105263158,1,5
-0.29758713034202716,0.94765956987883948,0.11568595192092158,-0.95460881093844685,-0.29374262011795971,-0.049368929550079703,-0.012803043914715442,-0.12512638707837923,0.9920581985565311,-8.8802223587278988,8.5502497356747256,-1.3813805829313042,,0.1601552983605766,0.2424242424242424,0,3
-0.66378017277043821,0.74274055797665639,0.087933757871323057,-0.7479262709385931,-0.65894346598214981,-0.079998761736177496,-0.0014749497408053415,-0.1188695595009768,0.99290878349791334,-4.537752262604811,-12.447808982919184,-1.1722291394826507,,0.8866050518125962,0.680327868852459,0,1
-0.95913008438498604,-0.28096204286001814,-0.033612671711346097,0.28280405526073232,-0.95580801624725464,-0.080329959576561277,-0.0095575915236986043,-0.086552680775426133,0.99620142837422843,6.6192920871054159,2.9977299515387958,-1.5251462370585243,,0.08667631637672846,0.26,0,5
-0.6954880048467964,0.71089126268295599,0.10454686870134042,-0.7184772164833223,-0.68614100509168641,-0.11402197387410908,-0.0093233314110420899,-0.15441545833498405,0.98796201430955688,-17.681057404327561,-1.7039325455492325,-1.0648644811080221,,0.4745121029768674,0.2222222222222222,0,4
-0.99178185801215857,0.12527675464394622,0.025970769411642759,-0.12791366824238359,-0.97508000713102916,-0.18126520121118475,0.0026152618854837742,-0.18309755443269685,0.98309127041492839,-16.794324234437575,-3.5074579793163885,-1.0566556358162167,0.4625422127709216,0.2488758116523144,0.2526315789473684,1,4
-0.93876981812582916,0.34258259802952529,0.03672045892058419,-0.34451333355570213,-0.93189338590955417,-0.11351334855586022,-0.0046681450636417536,-0.11921359329106439,0.99285765726830022,5.650787540633627,-5.0436770250356249,-1.3543688649180805,,0.08122361334090007,0.4375,0,5
0.19978719057739547,0.97872876439843481,0.046637798193138839,-0.97983646184166229,0.19944535635252952,0.011918803422545523,0.0023635834667278823,-0.04807863942048525,0.9988407570302037,-1.611276535839113,-18.967612578432163,-1.064506167355576,0.219404679969625,0.1942988006023684,0.2631578947368421,1,5
0.71441919168142531,0.67535733587900038,0.18302373461296303,-0.69960342480579663,0.6847014670338899,0.2043011234468316,0.012659642856621849,-0.27400067502846903,0.96164617377010586,-12.413314344741048,-15.030438296439513,-1.024734777038566,,0.3147989112139968,0.1666666666666667,0,1
-0.95611257993004073,0.29297100591210679,-0.0040895225112977697,-0.29245764475559743,-0.95509977886252018,-0.047465128681745357,-0.017811808541832327,-0.044185994518785784,0.99886452402958814,-16.489302364692371,-14.907484363835202,-0.95728931658682115,0.3325249346060494,0.3239697948633157,0.6507936507936508,1,3
0.76793289370432616,-0.63343195638723671,-0.095094833688990313,0.64052148956807509,0.76019109336610979,0.10881968097881864,0.0033603821796538906,-0.1444764970307463,0.98950252634206581,1.3343037941169351,-4.4667907531186435,-1.3327173707914479,,0.1030172852779688,0.1818181818181818,0,1
0.57677078158445827,-0.7938670450774622,-0.19264106584638435,0.8165641435775387,0.56709154294567343,0.10784331849018461,0.023631862684374668,-0.21950466204496269,0.9753251962328221,4.3334036560808462,9.8109374832179004,-1.6507753433987644,,0.3519786963568732,0.1,0,4
-0.99765790142580202,0.057058099186419325,-0.037723799383110948,-0.052865978211239929,-0.99316401723041792,-0.10406931933335006,-0.043403917685310288,-0.10183127317268896,0.99385436143008199,-31.193237283798176,12.174168076200909,-1.0749966994591054,,0.16740263137815,0.3333333333333333,0,2
-0.98566627122871686,-0.16339204660786028,-0.042012389450878873,0.16601854198138419,-0.98368184966370342,-0.069338750786056516,-0.029997424563666233,-0.075319703580738612,0.99670813018258109,17.162216952897509,-2.7303442976175782,-1.3670885952045428,0.3866727017386951,0.3565426838634632,0.6610169491525424,1,5
0.26785955513418974,-0.95597933365298493,-0.11981140326241489,0.963453430155776,0.26539737322998525,0.036355497571805201,-0.0029574726344736395,-0.12517087485121642,0.99213079049316777,-19.157640544359808,-3.4365554336594974,-1.0181050399869136,,0.2898718414026241,0.6341463414634146,1,4
-0.91533373443406685,-0.4020506710311243,-0.022790623738871838,0.40257671998294442,-0.91221770914507072,-0.076097540366901889,0.0098050565912700394,-0.078829620356443947,0.99683988273929947,14.943457703377685,-0.51361827433807372,-1.4437454997741326,,0.1255206919684356,0.1818181818181818,0,5
-0.7635851360834599,-0.63059180860270347,-0.13889460347895136,0.64544608726756081,-0.75152512987108588,-0.13641600933630785,-0.01835996686816626,-0.19381421541109578,0.98086643408834284,10.115398013598872,-14.156491150880322,-1.1597831805243068,,0.120982325146049,0.1176470588235294,0,4
0.91230848142400345,0.40942344364113226,-0.0081042284557928026,-0.40902706056025295,0.91202277889935979,0.030187985989912312,0.019750910137667586,-0.024225906912324333,0.99951138411876428,6.9119712699155418,-10.706359979799219,-1.2572006175683104,0.5550521505897564,0.5060738229090302,0.9791666666666666,1,5
-0.41905547628287793,0.90782468687787166,0.015711323700564977,-0.90795709843013139,-0.41894283223792889,-0.010040454511562521,-0.0025328260237491786,-0.018472715327100948,0.99982615667963837,7.0751187032049385,-6.1018649188465792,-1.3403326407821159,,0.07140598593365149,0.2962962962962963,0,5
0.62836404840450821,-0.77705248825157769,-0.036715843647247205,0.77789739342719588,0.62800117758411844,0.022139698555664642,0.005853885194646552,-0.042472949685566919,0.99908046751657409,-11.538892170709389,3.2763214182953604,-1.2299133236087092,,0.236160437770808,0.9333976833976834,1,5
0.88191370742936537,0.45415328100938701,0.12638437402068711,-0.47127974335189776,0.84306880121503858,0.2590953490976004,0.011118280189013993,-0.28806213525253005,0.95754717381411136,-3.7327599919351311,-10.985228854645307,-1.1974880356278397,,0.4067616485243881,0.2692307692307692,0,2
-0.99048426301179604,-0.13551432449150322,-0.024016506481829365,0.1371511483084589,-0.98640533696042454,-0.090521123135230599,-0.011423101314938143,-0.092953639377939337,0.99560490842640281,-10.633107054783709,-17.92677458902455,-1.0007819746341287,,0.5155723999343901,0.1578947368421053,0,1
0.61540347414908725,-0.78421037688473294,-0.079326217554718623,0.78818673284933927,0.6114492093535191,0.069939534894368049,-0.0063433560138173375,-0.10556490499811502,0.99439218252519512,-11.420013081872476,21.779002946468697,-1.5132686459394813,,0.1779154502702146,0.6666666666666666,0,5
0.57886002050192542,-0.80809670945102519,-0.10909071839040986,0.81541001938392232,0.5727829348923823,0.083822489729073579,-0.0052513762788793635,-0.13747515292042406,0.99049129495250188,-13.665662850211154,-10.610019106794082,-1.0626798543178282,,0.3129761625486692,0.52,0,2
0.27414897805018423,-0.9597995399322895,-0.060226082221942492,0.96168691245615712,0.27355947357196153,0.017986017612979247,-0.00078755608221528278,-0.062849483409141427,0.99802270625002365,3.5815052571979127,-8.6735967988960727,-1.3025269259086107,,0.07235760979286732,0.3333333333333333,0,5
0.86015256982563537,0.50121926678963402,0.0944288262196325,-0.50933568072091018,0.83441577370077102,0.21054092462965793,0.026734265782378461,-0.22919328785591864,0.97301372849249756,-8.9843087442435987,-15.703952144619405,-1.0520971237917118,,0.3315846946410566,0.2,0,5
-0.95927163470960319,0.28016648415290935,0.036120243617165912,-0.28237175442104717,-0.94739042973936116,-0.15072347509080661,-0.0080076929727426662,-0.15478409089976494,0.98791586790454378,-16.839095882519594,-5.5426310607385245,-1.0316734054926189,,0.4587439611827538,0.3137254901960784,0,1
-0.15408504730288633,-0.98053265916896581,-0.12171073289033965,0.98676356265916099,-0.15901360016117738,0.031817391030398864,-0.050551652850004139,-0.1151971321987556,0.99205551816786708,-2.8892827797070555,1.8914224691434027,-1.3662640991601283,0.3799798617885775,0.2782169661541435,0.4096045197740113,1,5
-0.25041478203017958,-0.96507646641429268,-0.076940567414602035,0.96809312192957253,-0.25038167908578896,-0.010233379248124685,-0.0093885149748238576,-0.077048223545286107,0.99698316286439082,-5.7832505513105525,11.764514413319391,-1.5399591167633271,0.2877504974391883,0.2010649162003512,0.7301587301587301,1,5
0.99184218964529502,-0.12196352925210406,-0.037067079356182038,0.12693475788637815,0.97164954134350412,0.19946111412324094,0.011689229228350395,-0.20253904892471752,0.97920441971057204,2.1360306424029027,12.626799149244013,-1.6759582349625204,,0.08585582445962885,0.4666666666666667,0,5
-0.38669622894214151,-0.91535166134221679,-0.11223797307494893,0.92148885978395034,-0.37872005162963451,-0.086193989278398928,0.036391040325945458,-0.13675693244473247,0.98993597450153581,13.449086465943406,2.3913529666474842,-1.5348947667918826,0.8067048322620729,0.5023288269903711,0.35,1,4
-0.95812451677608301,0.28624522847090139,0.0078153394192651028,-0.28608552148691496,-0.95569968043322073,-0.069232905582527579,-0.012348471490706146,-0.068569599659621144,0.9975699099583758,1.0912848956810326,10.629071974798707,-1.6324237014333423,,0.08399726772657881,0.3703703703703703,0,5
-0.11243127925135478,0.96827858457212701,0.22314970334934919,-0.99361394027172933,-0.11170500839041253,-0.015916306047170099,0.0095155211939864578,-0.2235141466652536,0.97465423668956097,-6.7409694671776155,11.218543692406568,-1.4982232898171952,,0.4190277976652843,0.1839080459770115,0,3
0.03895683033674778,0.9988661122640593,0.02736521771517765,-0.99921074133475207,0.038728292476188947,0.0088325400160697443,0.0077627167519203214,-0.027687707242818105,0.9995864800487585,-23.802704432277213,8.9611740884308215,-1.1060937607947585,,0.0765720304855135,0.2352941176470588,0,1
-0.82945509447117116,-0.54675384100878532,-0.11429997199457632,0.55842603114173917,-0.81638962378008384,-0.14720173208049883,-0.012830198716567369,-0.18592530630969334,0.98248010996383062,-24.328716179552625,10.649681289057421,-1.123157080324233,,0.2902542959973304,0.4375,0,1
-0.73319131194190035,-0.6769209207999437,-0.064873469741276862,0.67989794354539801,-0.73153899542665957,-0.050886978028706197,-0.013011012860457154,-0.08141722884937444,0.99659517778827078,-0.18895051763219228,-8.0419628512918262,-1.3026824941708479,,0.07267420540258021,0.25,0,5
0.98788264541276283,0.15512450811542033,-0.0049260404211727664,-0.154789555747607,0.98707086702018254,0.041608856166499862,0.011316904335577031,-0.040342167293972934,0.99912183301851898,-20.134832193475187,-14.802239218054481,-0.9302767395689584,,0.1385608935730779,0.4827586206896552,0,2
0.88895807268395188,0.44972765044144908,0.086594373018384879,-0.45562494444058937,0.84923388271520117,0.26684775144635081,0.046469936663859672,-0.27667101922116355,0.95984045138219676,-15.123441153944182,-18.618958962544873,-0.90402317520324182,,0.7574416347679483,0.4,0,2
0.99306993195400806,0.11731275551829322,-0.0070588697088894382,-0.11687180438554361,0.99209155051951492,0.045774848196934857,0.01237301856982136,-0.044632642544334786,0.99892684198142401,6.2494566214380463,-2.2706617268017717,-1.4030154430504229,0.1691842852424555,0.1620375168070251,0.5111111111111111,1,5
-0.97096580801258725,-0.23139865037653148,-0.06066353331601642,0.2390936090394,-0.94692397889149527,-0.21487024995753495,-0.0077230684949775143,-0.22313592898549273,0.97475674473624618,14.932559275307392,-12.538979859636376,-1.1860982289971451,,0.6117136347752122,0.4814814814814815,0,3
0.70822714185378166,0.70089292937020287,0.084636972420321505,-0.70585033136354813,0.70064709512181,0.10425429397074039,0.013770448634371522,-0.13357675567337285,0.99094279607260038,0.26114577528781885,-1.7323270191922189,-1.3522767631113104,,0.08373963583560662,0.2266666666666667,0,5
0.083849057915817329,-0.95418759616930937,-0.2872200668533863,0.99645758380076332,0.078422733650978974,0.030367063286577844,-0.0064512923180815411,-0.2887488634840687,0.95738313890734683,6.1105709634170626,3.9728979047633302,-1.5479049795391311,,0.4286940292214067,0.3043478260869565,0,1
-0.29166064092316252,-0.94483792685366219,-0.14904818856719587,0.95543709528626874,-0.29519025527346321,0.0016340570748672558,-0.045541491930175988,-0.14192957820856095,0.98882858339669388,-3.0591125377196047,3.5615548563691712,-1.3885287372252446,,0.156505467337724,0.2038216560509554,0,3
-0.99167941719745312,-0.12373731826545852,-0.035510696633430115,0.12800262315814157,-0.97712530560781852,-0.16982775275396292,-0.013684369607462239,-0.1729601491942552,0.98483375491457759,5.6415053016546031,14.675068211219969,-1.7942540308461412,,0.2184722902253747,0.2777777777777778,0,5
-0.96341232431442303,0.2661419482061701,0.031704207356543175,-0.26793239624055798,-0.953235633840957,-0.13983582309488221,-0.006994598192545754,-0.143214139598207,0.98966700754105763,-8.4685333425434308,-13.930713857729957,-1.0816135066638024,,0.1140069520856944,0.2916666666666667,0,4
0.81718575809964855,0.5531207090141147,0.16206454892673719,-0.57618276199265095,0.77670586258474916,0.25444336856951461,0.014861411158559931,-0.30130629645960749,0.95341158697184525,1.1292005399723233,13.238665326006847,-1.6765680953327102,,0.4598774103744831,0.1153846153846154,0,2
-0.23628771782970656,-0.94637012294932121,-0.22034451386797699,0.97136396702336913,-0.23586838138545274,-0.028603325527452737,-0.024902971137029262,-0.22079333561385595,0.97500263844620194,-24.865385232620923,3.6666491048601602,-1.0357523533232373,,0.46613923607482,0.1666666666666667,0,2
0.7727051259643728,0.61031281638827062,0.17448511243255604,-0.63475212686731741,0.7446842648273404,0.20624035287979556,-0.0040651870561749532,-0.27011777407416676,0.9628187069139329,-9.8297883747794987,10.611616025732177,-1.4022955128032952,,0.5524885126920727,0.3891402714932127,0,5
0.99367447830436928,-0.10921793850946891,-0.026124185619466257,0.11170363553173465,0.98521050279953148,0.12993291723996234,0.011546816683912543,-0.13202919026198462,0.99117857318609948,-2.6368005472768532,-7.87644328189905,-1.2608319501093395,0.2878200137197105,0.1840765521302415,0.4615384615384616,1,5
-0.43606599786077732,0.89737866566069646,0.06751278343182511,-0.89991238098127357,-0.43500588834160936,-0.030456258219658677,0.0020376619690008345,-0.074036528316467759,0.99725344843151342,-9.0670382667979137,-2.7234353906587803,-1.1893692991066225,,0.5649600238170882,0.2270483711747285,0,1
0.4104637427288732,-0.87726352134956453,-0.24885383262945271,0.91187377445176232,0.39416510464511789,0.11454296026906106,-0.0023948636917128802,-0.27393901582188968,0.96174408250762466,-1.4921068656963403,-6.6190884064512705,-1.2971093025737899,,0.07651570415777884,0.6,0,1
-0.435013756149634,-0.89699615646086472,-0.078491574420579691,0.90042235049981045,-0.43320030090241618,-0.039712592693646812,0.0016194693519975003,-0.087951092048313029,0.99612347765049991,-13.328720771473122,-17.231726610872567,-0.95949095016671149,0.4187212092665363,0.3375683201430299,0.5185185185185185,1,3
0.7982882581687023,0.5775653305109929,0.17074585166763243,-0.60205742122224681,0.7576290576439606,0.25204180717639013,0.016208590968855876,-0.30400082237594372,0.9525338742394166,-6.8223374309833433,-8.6771195657270397,-1.1787868381892586,,0.1547097367335567,0.2424242424242424,0,3
0.65331942119382069,0.75692277884752768,0.015544798252398398,-0.75698466972930722,0.65276751620702234,0.029475067086042382,0.012163210340327139,-0.031023807739402751,0.99944463561898489,-7.4508638933534472,-3.491166538918772,-1.2111600662969422,0.2988954141505986,0.2012250101583589,0.7868852459016393,1,5
-0.99301200704262438,-0.10821988714952172,-0.047070265503006782,0.11333540390837851,-0.98569500921389153,-0.12474147278171302,-0.032897417681384475,-0.12920450780127957,0.99107212405239486,-10.607888732064797,17.785751618584179,-1.5101538007326685,,0.1615322089059098,0.4324324324324325,0,5
-0.42801832246475846,-0.85114910145078371,-0.30388406133586127,0.90370126925591521,-0.40721519565640185,-0.13228681102727674,-0.011150407154088526,-0.33124159087596772,0.94348008823411655,14.778637563348532,-8.5539729960247488,-1.2797594914925103,,0.2496334138670439,0.25,0,1
-0.88412371896540709,0.44847645525223867,0.13112634612145535,-0.4671545722462167,-0.84266070769880363,-0.26774901928859596,-0.009584111447148963,-0.29797953081535206,0.95452414533254759,-0.0090983453503417754,-11.455255783718743,-1.2303988608715495,0.9130896857784272,0.5720583869767971,0.4473684210526316,1,3
0.77835397561933728,0.6264166451208425,0.04203897421581735,-0.62778996563895273,0.77584868295474796,0.062758108642816127,0.0066968410920517337,-0.075239669542931112,0.99714299097293779,0.72703594462103882,-12.932550720305628,-1.2106982312672327,,0.08467433451447967,0.3571428571428572,0,5
0.43689145191687362,-0.87105436465733432,-0.22447751124193582,0.89951195346027113,0.42250541467963598,0.11120890318888883,-0.0020260365379097273,-0.25050642382541044,0.96811281718514131,-21.060275129665659,9.1144088776276089,-1.1592725600069054,,0.5388447643751323,0.5666666666666667,0,1
0.075812509671202247,0.9960143192734926,0.046988713320501335,-0.99710242457856346,0.075430825266807208,0.0098460905500704649,0.0062624497527427681,-0.047599016814749651,0.99884689283261285,13.820392644020348,-7.3697740900172413,-1.3146005047094254,0.1640435952463525,0.1349291700274414,0.4230769230769231,1,5
-0.55694862889408514,-0.82019243574143241,-0.13073864434639704,0.83054317150997958,-0.55047699178713039,-0.084694284170391654,-0.0025030044230415667,-0.1557544537582376,0.98779263264276806,5.32475909005103,-11.915614655491146,-1.2478499923000241,,0.5061014988628219,0.5,0,5
0.69062757453633294,0.71810311781079672,0.085798982980426208,-0.72309522706138918,0.68352192937646561,0.099654727246190344,0.012916883954754385,-0.13086513764898375,0.99131602925455242,-12.278375017876675,-12.79716567372645,-1.0559684873653228,,0.07916101666352116,0.1666666666666667,0,2
0.9880570275767746,0.1537219755763054,-0.010623769625910506,-0.15285312374236421,0.98651567536076723,0.058504229160708951,0.019473900953535402,-0.056181638391960942,0.99823063000954082,-7.7919512865666771,4.4971143332537515,-1.310562506479193,0.2573102823845627,0.2358591323052714,0.7339055793991416,1,5
