axis_00,axis_01,axis_02,axis_10,axis_11,axis_12,axis_20,axis_21,axis_22,location_x,location_y,location_z,dbh,dbh_approximation,score,reconstructed,number_clusters
0.36697965663075921,-0.87521175424296993,-0.31516712527501156,0.92954197321523591,0.35803881103193569,0.08809046387643385,0.035744253388447611,-0.32528847970652552,0.94493902095316251,-4.2326159306061761,-11.777020853815429,-0.96064654749483225,,0.2283439320100382,0.4615384615384616,0,3
-0.50688851017696157,0.86147906215536796,0.030296265751566062,-0.86200773518885188,-0.50646750638703419,-0.020816566688286714,-0.0025889621798853295,-0.036667293900812047,0.99932417504672855,-10.21242321777966,-7.8154040185224565,-1.6253538867598807,,0.3611351389681074,0.2592592592592592,0,4
-0.75769699591496276,-0.6424857113648389,-0.11448743631271535,0.6449567673463642,-0.76398454773595137,0.018930902641507617,-0.099629466703225922,-0.059495558764592664,0.99324430421307719,14.107386359130208,-18.908225266191867,1.2325619220740587,0.6888775642250147,0.6273127697746019,0.9438202247191011,1,5
-0.97355123979668046,-0.18729630335332353,-0.1308360739266001,0.2026729167787894,-0.97233223726935369,-0.11616242581468426,-0.10545933953294456,-0.13960700239226503,0.9845751431903621,13.104797116881842,-3.7793935650171395,0.74668638529435261,,0.4669306817588492,0.6739130434782609,0,8
0.36805288203384851,-0.91619233998006744,-0.15852025797489663,0.92971778394776061,0.36029737083025126,0.07622759857213865,-0.012724709735180527,-0.17543489030024306,0.98440879771947298,-17.958798603957352,-8.1485107061742976,-2.2187007873538467,0.2883109721746757,0.3520138316878555,0.5166666666666667,1,4
0.40390432434077755,0.91353210527843831,0.048170420429605496,-0.91393786133954036,0.40067612074501741,0.064623771747185546,0.039735153062848819,-0.070126591891159704,0.9967463963921831,-25.354956137147138,-13.891717052699503,-2.5861015297022796,,0.4050828143261176,0.4285714285714285,0,2
-0.99656246899507117,0.04739994267565769,-0.067944763041700149,-0.037867256699325211,-0.99008123642850021,-0.13529677062768744,-0.073683894173121892,-0.13225880200031306,0.98847270727771086,0.91900749038355012,15.737395443643871,-0.92418050356307979,0.6201902173843109,0.3480110283367526,0.3773584905660378,1,4
0.11018817443837167,-0.96723808577297543,-0.22871172170260318,0.99367997549652887,0.102247820397842,0.046319429196706965,-0.021416640986790733,-0.23237011136142416,0.97239161804014029,14.289527419068314,-8.9966340142091425,0.98616044188600605,0.3233438654386795,0.2564240009676396,0.5,1,5
0.56598456333642577,-0.79917175281841779,-0.20244995322798798,0.82440252776425293,0.54724951190576676,0.1444937505043446,-0.0046846857725024657,-0.24868148547095184,0.96857398917334914,-15.411632899983193,12.818238661594265,-2.8957591720607088,0.5154380654714698,0.3707900612680621,0.2682926829268293,1,3
0.99102405283998951,0.099247698806479531,-0.089561269387049572,-0.092333052996836126,0.99264416995745652,0.078308104138433782,0.096674371044681684,-0.069335749300708252,0.99289809137293872,-23.713151323696479,13.638485978859769,-3.4639038873464427,,0.1089119199551344,0.3684210526315789,0,1
-0.33043220875617552,0.94360611743276013,0.020543869158097732,-0.94370337751926869,-0.32995355073981136,-0.023549726387230078,-0.015443143308209556,-0.027168906817546839,0.99951156062703916,12.827193029855174,3.3020123980843819,0.61274156806925217,,0.2940111363276763,0.4090909090909091,0,5
0.81859346882021966,-0.55210440794705828,-0.15838388658669264,0.57154884953392449,0.81029958243744338,0.12940826595759164,0.056891523106044881,-0.19645688948757045,0.97886058515579299,-2.213263809018394,-4.875395827409136,-1.0121082673961221,,0.07045680470230693,0.169811320754717,0,5
0.99437920355645171,0.07965007240882431,-0.069755756032785846,-0.065312309558377094,0.98000093446727732,0.18796933436976831,0.083332477189792128,-0.18235688747215459,0.9796946788856622,-15.008233960598748,-0.35866516187274039,-2.2646432859019572,0.3953959507188616,0.237392955108786,0.3787878787878788,1,5
-0.35778069272622781,0.93112516021411029,0.070702983873287592,-0.9338054984667884,-0.35671173918889676,-0.027641023100171937,-0.00051666771934459057,-0.075912259491325823,0.99711436751928717,2.7392007010510397,-5.1369171509190528,-0.53714798276534703,,0.4611582396221383,0.1323529411764706,0,1
-0.71096918442922452,-0.63992126671410932,-0.29158805050799469,0.69720714883724311,-0.69555658897774164,-0.17350280441506261,-0.091787855418273057,-0.32665242068084926,0.94067698263593946,-18.294447645734397,-15.86703519650197,-2.0324998780325854,,0.1948836156695356,0.625,0,1
-0.82026776118748468,0.57146864877968107,-0.024174023628604477,-0.56957897881607333,-0.81996325498855871,-0.056921413891493244,-0.052350614583881482,-0.03292178504414519,0.99808595282279999,-10.044427172313652,15.532497393033141,-2.3124483107977651,,0.163921466032984,0.1379310344827586,0,3
0.068520291286387841,-0.95355799577153189,-0.29331232224747472,0.99722821917686288,0.056918913379827241,0.047917806471098424,-0.028997388837108791,-0.2957826668346839,0.95481504252959426,-17.71732840062084,-18.630335642757309,-1.9319144245374211,,0.2149972403696661,0.2307692307692308,0,1
0.92536603493732361,-0.33977676492161674,-0.16807573115645244,0.37328069801951624,0.89398246134869097,0.24790498035940878,0.066024403597749373,-0.29214227496262229,0.95409311354250159,11.392935773825135,-7.5602331835395749,0.55851007583613799,,0.2719182525332805,0.4210526315789473,0,2
0.79627147647520724,0.59993756607039439,-0.07763151788754219,-0.59682966018631833,0.80004362107786531,0.061029182318791744,0.098722299780122633,-0.0022630046724890144,0.99511244909104368,-8.3968372850593411,-5.5384182120615835,-1.5601455280725052,,0.07104279727739951,0.52,0,5
-0.5767493147439875,0.81691673049394842,0.0026987740582945525,-0.81669268027593556,-0.57650670837263496,-0.025555453137397512,-0.019320815874305241,-0.016943159104093827,0.99966976318858614,16.469730368997531,0.54673639432020393,1.0316044180625072,,0.3778318015346677,0.4166666666666667,0,4
-0.75952287882354885,0.6440994449921319,-0.090889501618256707,-0.64345431973205547,-0.76443000549593243,-0.040165969621623727,-0.095349540962425247,0.027976269556806089,0.99505064865057924,-7.9146832643763805,14.004341327204976,-2.0168845248919518,,0.1092985297462079,0.2631578947368421,1,4
0.15721116317074582,0.98754772788691891,-0.0058425439567056474,-0.98609818246127345,0.15729723765132195,0.053553277900032489,0.053805433936320042,-0.0026578511336127434,0.99854790125775983,4.4757154524262184,-9.5079909115869494,-0.20665014749816954,0.2258401357577558,0.318733234644376,0.6044776119402985,1,5
-0.97364281756014015,0.2278815445112049,-0.0094691860652871863,-0.22424060387995493,-0.96401913219697344,-0.14276996998580285,-0.041663117803452936,-0.13688357983842209,0.98971059920843196,10.398262301286476,3.4288910494720835,0.29231348717839223,0.7780941973830675,0.7168944730542389,0.6210526315789474,1,3
0.66219696730513178,-0.73546009812799662,-0.1435047753680799,0.74858390375760886,0.65783601238516509,0.082909105918493181,0.033426270011847087,-0.16232752345410217,0.9861706037001674,4.1475319624117564,-1.6992594779054264,-0.43377109612441378,0.6649290322756158,0.7096847208672366,0.7019230769230769,1,5
-0.26463729052015228,0.96429869974056592,0.0097530582284316245,-0.96422595397683275,-0.26475117242196472,0.013233532357730313,0.015343211646211023,-0.0059020657273405391,0.99986486660774843,5.163248337122317,2.499180332015301,-0.29483830754612933,,0.07550707808691796,0.328125,0,6
-0.93010781629324479,0.36707910154050299,0.012344362374318735,-0.36548615172374221,-0.92170169797176016,-0.12994557650856911,-0.036322485713139917,-0.12537508990302509,0.99144428177453692,-8.9177908154834657,20.326140659313534,-2.1471833382708465,,0.6132196940317282,0.2857142857142857,0,2
-0.87259330620603714,-0.47713109548134136,-0.10453152485824585,0.48263993185963672,-0.87514553993753663,-0.034336279675604653,-0.075097391026188676,-0.080412695839718787,0.99392865951679177,7.8558975174300079,10.793576041548208,-0.065624388152951518,0.1028816544942777,0.1450989200728967,0.3414634146341464,1,4
0.97152236825987182,-0.2141989900917883,-0.10130686360947284,0.22296648814033476,0.97111921673310875,0.084931808281939247,0.080188734477458362,-0.10510118712617902,0.99122323788719369,-20.812350589444065,3.7800824645676823,-2.8677372403718389,0.3587791031125603,0.3141123763506477,0.8524590163934426,1,5
0.79045246559979032,-0.60036924014525783,-0.12141530016690082,0.61011023566926925,0.78929333522138811,0.069148617532725332,0.05431758425042172,-0.12873541262024252,0.99019028150083099,-3.9097595907618059,-10.471966238876375,-0.95194657038222208,,0.06977629173046554,0.4545454545454545,0,5
-0.63502571776197791,0.77062994818694108,-0.053589371504790734,-0.77154728544653139,-0.63614993237002537,-0.0052962123921155048,-0.038172294939847758,0.037983503037583938,0.99854901201494395,10.090932158989315,11.287236357292571,0.15845274181207816,,0.07608181876963357,0.4137931034482759,0,3
-0.17001364522299206,-0.90955682958018114,-0.37921199111056475,0.98412058114375289,-0.17663065659978514,-0.017558272079300236,-0.051010216695016403,-0.37617547090842757,0.9251432174963774,-2.9339425278939766,-7.1046255650395223,-0.98752950409960027,0.3735677111243775,0.2795874782690828,0.2875,1,1
-0.79762199999375583,0.60070556512387041,-0.05433202697463043,-0.60089839666396416,-0.79919315626645371,-0.014540146613455986,-0.052156131112629005,0.021050487074531495,0.99841705463262553,-20.928143780592162,14.091124799016788,-3.3060154227974556,0.2137347572991783,0.175494110284485,0.7948717948717948,1,2
0.84850898555258614,0.52764973498149725,-0.040227585193222441,-0.52174109638762023,0.84686121561225747,0.10301606589253177,0.088423581564908829,-0.066421673162352174,0.99386590220086946,6.8488409360792284,-18.72918766459436,0.43045838244508616,,0.3106654024312145,0.5806451612903226,0,6
0.60237655423935665,-0.75941840319173926,-0.24581736268300711,0.79781468343796613,0.58253150688564592,0.15539875924960792,0.025183681095072661,-0.28972527052234898,0.95677847479301814,9.8422349393521369,1.0335642186616092,0.24970224079487724,0.8961479902349325,0.4489445382202779,0.1777777777777778,1,6
0.6604848090913964,0.74895829042943995,-0.053115874806990822,-0.74349297383212865,0.6622555777255188,0.092928723405076116,0.10477602216995612,-0.021886730419364252,0.9942549754513631,-9.0194016614891215,12.325137219547317,-2.1168418553571975,0.2697308567077666,0.25932817038616,0.4772727272727273,1,4
0.82687586342049546,0.56233814770065038,0.0072190119277162025,-0.55400401458916892,0.81227915499388692,0.18243389537446841,0.096725685894156643,-0.15484954634424969,0.9831916190068376,-8.2180475722590778,-2.8993655683367754,-1.6092486076623931,,0.1068047746402423,0.1891891891891892,0,2
0.34990283320472082,0.93605188685631702,0.037079272215577337,-0.93668996282156392,0.34902603985571623,0.028155586514451287,0.013413458340263369,-0.044583501605006917,0.99891560730623763,3.9012894049843307,1.7358010264159691,-0.50649987347402115,0.5340228173933829,0.1584985309843625,0.3103448275862069,1,6
-0.6890153104781026,-0.68545883011648912,-0.23538074292961522,0.71910367428943744,-0.68704028174116372,-0.10423798198570831,-0.090265206753180116,-0.24108472261915759,0.9662972363457577,-0.56811620670184459,3.2150876755021933,-0.99306994730476905,,0.08001500604834355,0.2894736842105263,0,4
0.53428589589187636,0.84365421075925462,0.052784032805328222,-0.84163451344753748,0.5251165828979929,0.12611074553527418,0.078676090554513439,-0.11180405642781768,0.99061088513166629,-19.158211271650554,-19.860928303302728,-2.0131807087454221,,0.1984624317132084,0.4761904761904762,0,3
-0.99130466564384678,-0.11522520837401354,-0.063546921466788434,0.11737236267339696,-0.99259941172714894,-0.031147011403701432,-0.059487715985786262,-0.038334830038529076,0.99749268290685289,1.3644906725915333,20.099319312757604,-0.87084471173361511,,0.1192785139389208,0.2941176470588235,0,2
-0.79012932327272056,0.61233404215513887,0.027252033365263165,-0.60800499809456465,-0.77736173622869709,-0.16136496936923633,-0.077624575983521266,-0.14406856654195777,0.98651846071825955,0.71845127822065347,-6.1076851683371203,-0.70716255050774612,,0.4425529051364233,0.2846715328467153,0,3
0.25051196816174187,0.96544828808346073,-0.071786884905570517,-0.96643206719609431,0.2537568109858227,0.040206223067948507,0.057033440215496507,0.059305007503756821,0.9966093029779346,5.4545796868110967,9.1866077721684736,-0.2957155041683896,,0.0853275178720985,0.4126984126984127,0,5
0.99573099559645251,0.051623905062974096,-0.076516382785296419,-0.04283675517075889,0.99274648043517855,0.11233627192499424,0.081760606742718234,-0.10857899432954253,0.9907198419207357,8.1751777932597065,-3.0134749506671059,0.094647153341276796,,0.1307085401179552,0.1851851851851852,0,5
0.34978073564016354,0.93568733546668492,0.046288737531733334,-0.9344906534046743,0.34498977413395016,0.087802474010197515,0.066186521847966195,-0.073968006531620237,0.99506184648764773,11.795572179507731,9.5158145341118416,0.36048229151762551,,0.1406837323212437,0.4444444444444444,0,1
-0.99476998251382143,-0.04384971706910766,-0.092249033612338674,0.053914302943635965,-0.99251195274627069,-0.10960507102268099,-0.086752117135854609,-0.11400537692909174,0.98968522480822285,10.762814281299123,13.354246345543467,0.16895440731035902,0.418309311199271,0.2630323933495405,0.4166666666666667,1,5
-0.24762101483939974,0.96882961278448176,0.0072810989401411591,-0.96884279541024254,-0.24765105390815151,0.00354870114944032,0.0052412585866355946,-0.0061755072708387371,0.99996719562112379,-12.935386829562418,10.196523977503624,-2.4921828872086955,0.7207052055195485,0.2745738457047705,0.4375,1,5
0.50268701533748439,0.86265347964113637,-0.05598873702926789,-0.86094629351580931,0.50542831832971613,0.057564700223201141,0.077956682154150886,0.019266268279981496,0.99677056869376002,-2.2009899486920612,4.2096167286682906,-1.2036147713264427,0.177590151601218,0.1644747546050462,0.7496159754224271,1,5
0.9895330627230251,0.12709245949191617,-0.06835074628915512,-0.10679874343997242,0.96351576085224389,0.24542087724756417,0.097048164215670599,-0.2355522985020877,0.96700401679245929,-16.840158916948923,-14.459019951043647,-1.9643712456934701,,0.1350178434661425,0.4117647058823529,0,1
-0.49661531957194943,0.86257296438106434,0.096649394645356546,-0.867856616084416,-0.49165631929981468,-0.071406985730150294,-0.014075449724880893,-0.11933961962157459,0.99275371412229951,-12.881235119736379,3.4470553827910431,-2.2216667176971403,,0.1186168997252178,0.3125,0,5
0.99641775089378792,-0.0053481620383758434,-0.084398239712543247,0.018862214955738414,0.9869122610196408,0.16015119698604721,0.082437143028662507,-0.16116943324312907,0.98347777363667954,8.3861930850273119,1.2318995490273845,0.10969966625709375,0.3527745867796014,0.1307723596292909,0.2,1,5
0.14011416021623166,0.97383055532840157,0.17894711960709686,-0.98901099184606878,0.12903988644045905,0.072152378443738563,0.047172874775183907,-0.18709023816386011,0.98120943873835342,-12.136227599150885,9.9347145006185595,-2.4276032382366681,,0.1503727037858829,0.3793103448275862,0,4
0.31310093703407449,-0.92441099930306436,-0.21778913562410385,0.9497103040053988,0.303725668478045,0.0761646688008141,-0.0042593067930609477,-0.23068381537306556,0.97301944257582429,-31.757681882154031,16.197136358161828,-4.0887013561003958,,0.2963340975088249,0.45,0,1
0.15994231712818618,0.98511921954678106,-0.06291723508870839,-0.98594025821861997,0.16254891896526377,0.038725394343060882,0.048376258799830388,0.055838805706830842,0.99726714844206454,-10.685127097644765,5.863276071963087,-2.1759286339249213,0.09432387965789174,0.09476454818446725,0.4677419354838709,1,5
0.84905716050596858,-0.48689345388250044,-0.20502854133001192,0.52437060809886116,0.82393904605143686,0.21484858331829912,0.064322651963158783,-0.28992966898580574,0.95488396336215042,4.8494797299638535,-13.917232866062049,-0.008620312183975758,,0.2575595633068716,0.1333333333333333,0,5
-0.98328572411028481,-0.14615630735276758,-0.10857033932855101,0.15341352370351993,-0.98623002874319821,-0.061762619358810257,-0.098048332498737345,-0.077386460225255374,0.99216826207454489,-2.6513746740371729,8.0195717398499919,-1.2497722869424281,,0.07766622299488456,0.3368794326241135,0,3
0.64982923773689616,0.7549616652962815,0.088061601821396954,-0.7542695381960014,0.62622009330374129,0.19729637222271837,0.093805253221106347,-0.19463113490836911,0.97638071252580816,-8.1589812013700307,-0.68879208403887482,-1.6754443120635059,0.5507373406711641,0.4237039916348755,0.2482993197278912,1,4
-0.64787590820053598,-0.73990129990889897,-0.18111563700147909,0.7557742402132549,-0.65407669299172089,-0.031448012895749451,-0.095195091277899602,-0.15725694286146832,0.98295887427626227,11.494901743606105,4.7811676336563949,0.41275346584549177,,0.3731654268696603,0.1153846153846154,0,4
0.62567162076646898,0.77964369956317026,-0.026281641861044786,-0.77504621736577461,0.62509977684730311,0.092485836388371448,0.08853464810154385,-0.037496276040490113,0.99536709076030383,5.8627065902117099,0.71380476785581037,-0.1870661197659616,0.2536236855018946,0.1007140382627237,0.1851851851851852,1,5
-0.044674966496635729,0.99072654759529066,0.12831623146913199,-0.99876409628211127,-0.047094868962316135,0.015885631721754907,0.02178135317884149,-0.12744795489664656,0.9916060666647617,1.2397005572455024,-13.239862404806471,-0.40967388146417288,,0.4491262535507879,0.2272727272727273,0,3
-0.47586007795595353,0.87464381395890356,0.092495323725997003,-0.87906373194222198,-0.46958454157744661,-0.082081139705251563,-0.028357386895965026,-0.12036842200063332,0.99232419178084663,8.9650045655847155,-4.2980217812080843,0.19757806233282763,,0.4805053761724453,0.16,0,2
-0.98838028382671639,0.14829288788027123,-0.033371154411399678,-0.13418701555909898,-0.95438600718418065,-0.26672306639355353,-0.071402096593603886,-0.25914584444896493,0.9631952927142402,12.88121727474355,12.757651028995879,0.46755226540895556,,0.5591088764670696,0.2222222222222222,0,2
0.9605953006802781,-0.23034062653251289,-0.15556305499563822,0.25348079246569966,0.95559333914141409,0.15029590160587952,0.11403576702915412,-0.18380578325279279,0.97632539549112429,-3.9032071538107949,13.343255369547881,-1.5089586869099281,0.7792457746443546,0.6685028478514196,0.7611940298507462,1,6
0.99017022655209974,-0.099185176994649404,-0.098616545844518011,0.10726744509785852,0.99097911489428414,0.080337345397514706,0.089758663492399277,-0.090125992409968672,0.99187735523106735,-5.583459979513969,2.949012129731102,-1.5684565068452943,0.4339201776453235,0.4302552720061391,0.7487828627069133,1,5
0.90556932069355678,0.42300298839538808,-0.031822589888044137,-0.41207310893496596,0.89501392558766957,0.170721486336147,0.10069736000155742,-0.14148690685969015,0.98480530912256736,7.0982510561105272,1.9791135578210537,-0.029666422276099648,,0.08544367323283843,0.1538461538461539,0,5
-0.40751569575104535,-0.88211808524035573,-0.23621736051448738,0.91066558973496181,-0.41180584409657917,-0.033228458293753788,-0.0679642655313593,-0.22865614021887523,0.97113193138264708,11.935107864680171,-15.629775529302155,0.89333077829197849,,0.1002006287722805,0.1111111111111111,0,5
0.93454762500021804,0.3533623594066001,-0.041902023352720551,-0.34099291686553945,0.92298642037166201,0.17838132877921142,0.10170824575216396,-0.152417553989383,0.98306882871033541,4.6096579717669597,13.045832079233989,-0.42289060772613635,1.097789695130268,0.7001416994337404,0.7410071942446043,1,4
0.88013997891946028,0.47234455577749002,-0.047373390579717879,-0.4682362495357027,0.88022584120570502,0.077183437954324197,0.078156459287713295,-0.045750290721213241,0.99589079660901236,5.3464445809427135,15.2829551391038,-0.36856828938446973,,0.1408999167210942,0.4642857142857143,0,5
0.55380012877423446,-0.79598969315366208,-0.24434775579649343,0.83238333394565489,0.53666941591800288,0.13828927430480203,0.021057130363856858,-0.27997561753011824,0.95977614621820584,11.921156974240651,-0.96747803091887263,0.54226985470621603,0.3018513111699516,0.1964679360870966,0.3636363636363636,1,5
0.4769408607693687,-0.80980257489218399,-0.34168290127918627,0.87885756816829241,0.44456102295838423,0.17313252652089961,0.011695734345849813,-0.38286457992896572,0.92373043862044923,-1.2877679501971773,17.995671356272936,-1.2227455891788248,,0.3737171835949304,0.2631578947368421,0,2
-0.88965750315068604,0.45249051728915579,-0.061333994253419608,-0.45134337211430148,-0.89176867887244815,-0.032214652420592932,-0.069272559763426778,-0.0009773154457943193,0.99759729215668058,4.6628899094850462,4.7863718042406429,-0.40048846394238119,,0.07539576310147658,0.2533333333333334,0,5
0.95874531164045595,-0.25328905372423327,-0.12904294893921203,0.27884817813412938,0.92619388572482053,0.25378845442067671,0.055236952837049443,-0.27930188203705603,0.9586132367810476,4.6048213947446834,-12.065900068409425,-0.088506083860446741,0.6057427855110126,0.3692571461226182,0.7808219178082192,1,5
9.4957429489251149e-05,-0.99342008649955715,-0.11452738852474452,0.99918277431326752,-0.0045349388647176218,0.040164883233173854,-0.040419976481039704,-0.11443760775507533,0.99260780746101651,6.5638733720263955,-1.8875937186583569,-0.096630883974002615,,0.07326019232077226,0.26,0,5
-0.97597641550161218,0.21148011626584615,-0.052404167857232134,-0.21042692488275391,-0.97729184285994397,-0.024923145142674574,-0.056484915411219624,-0.013297153966136926,0.99831490023308189,2.0954646557867225,1.6040271509643891,-0.68750878882330047,0.842208117011362,0.5518968446843316,0.8557763061074319,1,3
-0.88434354997029552,-0.44861539299597092,-0.12915384157277712,0.45548543839548283,-0.88980003608001779,-0.028087563113847431,-0.10232057972671217,-0.083666749423351644,0.99122670162043147,-1.4054008048528217,2.5810267047349411,-1.0655153221510698,,0.06767799505909107,0.2017291066282421,0,5
-0.79733801761283862,-0.55762335317212763,-0.23088586285500681,0.59579714287599062,-0.78829809230216397,-0.15366158340188871,-0.096321597837841166,-0.26008135971238266,0.96077043882507307,-13.617577592493422,-15.517432731214091,-1.7227871689482765,,0.3792542192361589,0.6363636363636364,0,1
-0.29701294929664379,-0.94402277444115079,-0.14354201227007221,0.95319017339668832,-0.30204220804137077,0.014106661599578799,-0.056672756154090974,-0.13263297439899907,0.98954367908242113,0.58767886966331617,-20.922286010487895,-0.19284484468473645,,0.3272276319820719,0.8113207547169812,0,5
-0.26457637161641839,-0.92390690234444361,-0.27639714069176741,0.96253591606784561,-0.27063868945761532,-0.016712571558481697,-0.059362899707845418,-0.27046392655760643,0.96089817908523334,2.4552965811920684,7.3161026447223039,-0.64573720176245319,0.3907737072880145,0.1644330026994031,0.3174603174603174,1,6
0.29147654384246663,0.95598894223376529,-0.033564366766194856,-0.95528872373266005,0.29272556477793615,0.041655708308258294,0.049647544741658327,0.01992199920197216,0.99856809244483691,-0.26942782542529925,6.4151917751990126,-0.99787488448924033,0.1292422370458831,0.148641987611934,0.5,1,5
-0.42728765884507836,-0.87251603520409005,-0.2369409734731972,0.90151109904184112,-0.43104392476637032,-0.03845612079208053,-0.068578385101015729,-0.23003674322537743,0.97076263930128559,-14.744596964458104,-19.92353284284907,-1.7038625572786994,0.3058944289261367,0.2679646452531886,0.7647058823529411,1,4
-0.97093938460882545,0.20482724991491882,-0.12378412300341994,-0.20243013275795824,-0.97878097274498599,-0.031778117376176217,-0.12766656871330806,-0.0057969892763418242,0.99180020273656899,0.49249231567567192,-12.711442511484615,-0.49160230626191376,0.5949828529862879,0.2347489042441472,0.5,1,5
0.93242790869851078,-0.3396859303927463,-0.1232544675593409,0.35238649306979636,0.93027911555126441,0.1020025816885471,0.080012215205509385,-0.13854326350412205,0.98711894397561617,-4.2712905538923449,-19.514352447321489,-0.74343780494704426,,0.267058496401373,0.1,0,2
-0.98822927866529731,0.13151885784439224,-0.078138868816823498,-0.12355754224034608,-0.98736359158985443,-0.099230397350351746,-0.090202142680710778,-0.088407737410761356,0.99199175673072948,7.0230030097698597,-2.6241366152049483,-0.0083976364128874742,,0.1780263061984992,0.2222222222222222,0,2
0.74309319778493632,0.66918493110930599,0.0020068338225204293,-0.66270532603533905,0.73547491944429699,0.14106131189238319,0.092920128336936428,-0.10615164080050139,0.98999882772920955,-14.00286550566241,-0.38901117118071776,-2.1664807349022568,,0.1190584414560308,0.2105263157894737,0,5
-0.83549307855493748,0.54625006509987084,-0.059684018507307035,-0.5462905342138189,-0.83742152561263761,-0.017083344783272437,-0.059312460033068025,0.018331798029392506,0.99807112836001621,8.2177453817294239,15.210499437761925,-0.091558239902943817,,0.165723609767803,0.2307692307692308,0,1
-0.90358040596682876,0.42474076415598455,-0.056015473014261838,-0.42227882548345558,-0.90504174622528555,-0.050794006908295254,-0.072270626821236542,-0.022242321229516596,0.99713701949390532,-21.965682982236526,1.7968320335643926,-2.8937934276921982,,0.2057357390943939,0.1785714285714286,0,4
0.28330118696573114,0.95790349672745867,-0.046490089493509551,-0.9572665885325673,0.28538669727365257,0.04685201701588599,0.058147364024760839,0.031230177337686495,0.99781940253756751,-0.99628493507100335,-15.639731711790356,-0.54072841924239712,0.2765807582858781,0.276662272104744,0.8656716417910447,1,5
0.99580702318018699,-0.016595142117072081,-0.089960957326660054,0.023780505656319988,0.99655927534194022,0.079398351876330736,0.088333799509274502,-0.081204753481936509,0.99277536627184382,-1.6649440185014679,-7.67679609622523,-0.86906909031121526,,0.1271702956803117,0.3636363636363636,0,5
-0.91701419202756462,-0.36201923901867217,-0.16741278983510985,0.38061334223341098,-0.91974299209525112,-0.095949529470383446,-0.11924116459488951,-0.15170662171446941,0.98120672928493402,9.2608954886569741,12.874556679247835,0.035382762439328808,,0.3225665529763438,0.2608695652173913,0,3
-0.75017254634240049,0.66105214675749557,0.015849605088608245,-0.65555483841513584,-0.74036973387525606,-0.14866240611529064,-0.086539034803166701,-0.12191274104370191,0.98876098174763494,-9.759330575431937,-14.646016349663167,-1.4147173433167266,,0.3241687269693763,0.2432432432432433,0,3
0.38001393067706463,0.9172371577333267,0.11943788747568855,-0.92278772270215748,0.36705279868491958,0.11719668002010267,0.063657138810455149,-0.15475218722478865,0.98590036475680976,-9.8600786770553075,0.83733705662694913,-1.8848225144676829,,0.1910556478209136,0.2592592592592592,0,5
-0.49725933221016622,-0.81941358005456255,-0.28512197626992092,0.86412618063982904,-0.49714608189694431,-0.078305281988761091,-0.077582861913711956,-0.28531939660086669,0.95528725599193254,-13.965917409173352,15.399669672012969,-2.8214426137720729,,0.1691701314444224,0.125,0,1
0.89891661807028456,0.43667854071783524,0.035507264519054713,-0.4268411820134998,0.85462405100340377,0.29567606731667029,0.098770031357707955,-0.28094409323400205,0.95462814612943603,-2.1386894274886856,-5.9978536546708545,-0.96890479057646417,,0.1775839133824273,0.2285714285714286,0,3
-0.08221298072394026,0.98948325327568143,0.11901225687910405,-0.99623055108804426,-0.084908880088903113,0.017753060605405342,0.027671553611894408,-0.11710411422755869,0.99273405882526378,16.183601964841948,9.6917037921175897,0.87020706948685833,,0.1336868004180727,0.4166666666666667,0,1
-0.94941915056028781,-0.28550384843097804,-0.13073189771620336,0.30242003415425989,-0.94343371747996929,-0.13592256495541638,-0.084530464872227998,-0.16858343113433258,0.98205612225343741,13.810146381175416,-7.8105222316809648,0.90055243441257882,,0.1740499770750793,0.36,0,5
0.87458455308581551,0.48274297267606048,-0.045399139150029702,-0.47489659359701702,0.8717223256318819,0.1207203892674818,0.097852362739144716,-0.084020291161260183,0.99164787388444642,2.1926083511532983,-6.5870737388344711,-0.54219748917557808,,0.07268269272160503,0.1764705882352941,0,5
0.019451807942101593,0.99966367649837062,0.017151124089798967,-0.99802598997918712,0.018389678246165529,0.060049505077605821,0.059713905364215579,-0.018285339038765325,0.99804804287288196,-7.1966818222212163,19.616280760870829,-1.9861016596803194,,0.1850265703677394,0.3181818181818182,0,2
-0.054000241889492817,0.99805705382503695,0.031082007431366809,-0.99784848988188257,-0.055095660732412552,0.035536733233452363,0.037180171009866661,-0.02909614198731806,0.9988849029818857,-7.098325183111184,-13.186638267978548,-1.248585790173917,,0.1202406441160981,0.3333333333333333,0,2
-0.93003064977291749,-0.34847953951907856,-0.11664047762048721,0.35290354600444468,-0.93546604872136996,-0.019035727123388541,-0.10247964529824131,-0.058866647825386982,0.99299176233911823,-5.1043655844140803,1.2248746089446894,-1.4299248753427116,,0.06772061386818654,0.1707317073170732,0,5
0.31546956607164228,0.94885022484978787,0.012735921053281613,-0.94791779608864291,0.31448130810549813,0.0505307699397545,0.043940923306404638,-0.028013526282146019,0.99864129576350857,-11.668724561763158,-7.90144209264332,-1.7445398233285463,0.4713607003356178,0.4576435365658094,0.616,1,5
0.96899294142243741,0.24624448959154482,-0.020404186317803406,-0.22959101439987417,0.92782132208846357,0.29399925235423974,0.09132713496178925,-0.28019858248002383,0.95558783416065729,-2.3110704100748047,-1.3850607841515161,-1.1114741416717666,,0.6588872259373316,0.3674540682414698,0,3
0.63645255218189467,0.77056440911026836,0.034038804821769589,-0.76741608876381273,0.62818562061608252,0.12827849686381007,0.07746415640542223,-0.10776510318154633,0.99115386646507408,-18.679218651951121,0.858513137479192,-2.6068446650170434,,0.2905852455023367,0.8120805369127517,0,7
-0.28581441844015254,-0.89687077157350981,-0.33753953443834506,0.95627857698103236,-0.28971856108055388,-0.039930421642472756,-0.061979040157537281,-0.33419451590735416,0.94046404722275256,7.3956611166642521,6.2234549022819836,-0.034036373979978732,,0.1658419804102238,0.2058823529411765,0,5
0.15844571824971429,0.98665740091615317,-0.037444994134248601,-0.98614704737775738,0.16002116628613317,0.043671813433355147,0.049081109568389215,0.030006658557851229,0.9983439513142397,3.7516102470235655,-0.40084898646068606,-0.52915220030449039,0.1478044374156145,0.1095077396917116,0.5454545454545454,1,5
-0.50134270866238784,-0.81612427302105739,-0.28739634558725924,0.8617364865501822,-0.50085726863495073,-0.080945810291115597,-0.077882708088563873,-0.28824150887994626,0.95438520333217858,14.676910114143363,11.790739820326861,0.66024718099509172,,0.1322109672412926,0.2142857142857143,0,1
0.77734937280910599,-0.61265380589294538,-0.1427699783504103,0.62732664415161032,0.77184827601206452,0.10349647508336228,0.046789252299717719,-0.17001633139816605,0.98432982933930258,-3.6093242877285299,17.508630354709762,-1.484834134717425,0.3946482959741948,0.4331458364505795,0.7792207792207793,1,5
0.99235181159859054,-0.074566870809746583,-0.098375117761755754,0.082725541209854661,0.99322274535972876,0.081639836670717975,0.091620777384463378,-0.089153574677224429,0.99179497542271322,1.1785706289751132,12.998316909822046,-0.8394600336781749,0.6154264483902855,0.4613941065792073,0.933649289099526,1,6
0.39256727441917544,-0.90867458737409412,-0.14213173226137002,0.91971955718935339,0.38829020449899881,0.057850265457854717,0.0026212932911663604,-0.15343145489319887,0.98815581639275729,7.5745788177099111,-16.716673036763968,0.40867465074968501,,0.09584906447001569,0.3448275862068966,0,3
0.99465686122300856,-0.015700410606178553,-0.10203541311128589,0.029003866308682014,0.9910584675080113,0.13023781985207333,0.099078272901486727,-0.1325013625872217,0.98621847719021616,9.9081588198877757,-11.791266891088252,0.48416302824208235,0.4298587632699322,0.347717923387322,0.6875,1,7
-0.69335915749852794,-0.71000373198957034,-0.12307631483682852,0.71421921732763638,-0.69979427433180641,0.013374722887584359,-0.09562420359318255,-0.078629982661217623,0.99230707823428665,-9.2914070371380326,6.5087505477562067,-2.0959421376087128,0.5752338320997022,0.5816060122226696,0.9741602067183462,1,5
-0.084743042077651917,-0.988280385045753,-0.12696652059989494,0.99543846189621321,-0.089575813000432436,0.032839645293652742,-0.043827906602148831,-0.12360442653533814,0.99136323330237719,-4.7013939170713588,-0.057664747227834837,-1.3494812172957737,,0.06646351867005415,0.2277227722772277,0,5
-0.58236539380664931,-0.77057054316469753,-0.25898182581657975,0.80862726428953668,-0.58182561044940961,-0.087183177693817601,-0.083501470310684847,-0.26019223092174532,0.9619394510175362,11.34384186276114,2.5339995140765934,0.42913914230726119,0.557891992613732,0.5119625349351665,0.5925925925925926,1,3
0.90618473831044177,-0.40483970745185799,-0.12220487438530697,0.41745506090818629,0.9025373480326323,0.10562957695818143,0.06753141621036228,-0.146734953833488,0.98686795527471916,11.981477921111752,0.86476465184734008,0.5367127233316763,0.3377823976106581,0.1472626574628784,0.2,1,5
0.83968736566269353,0.53839996750844821,-0.071067594115363703,-0.53189517974146783,0.84174722438959659,0.092461494689414322,0.10960221582721714,-0.039838238155204424,0.99317685689229163,1.2154158529250843,-10.335429900279085,-0.49258640306063267,,0.0959451726117511,0.5925925925925926,0,5
0.98445646434292478,-0.15433627252127533,-0.083819954650821385,0.16402896757531049,0.97853699889675538,0.12473908604086148,0.062769161294419673,-0.13654910023273797,0.98864269360372292,-3.5294986458572239,-14.602653760576407,-0.83563786143907703,,0.07197118898323508,0.2272727272727273,0,4
0.68097704453430496,-0.71332101797246428,-0.16566046642470308,0.73044023366377131,0.6777675738771588,0.084191334743459773,0.0522238438123643,-0.17833743611310909,0.98258253038513987,-12.443349028968404,14.392568254426049,-2.6472255534132403,0.4540632712946936,0.473595424023864,0.7790697674418605,1,4
-0.48108280715964946,-0.86886363663139354,-0.11677034552941989,0.8740309729496355,-0.4856953943071195,0.013032354874114031,-0.068038158265083831,-0.095791256848004491,0.99307343340327769,-10.797781961439473,18.149771908498412,-2.4186847281880888,0.4250924010610256,0.446317346278183,0.9230769230769231,1,5
-0.57667648037952368,0.81674972865546946,-0.019081868836729628,-0.81677401026140473,-0.57689398508620549,-0.0085759042007318344,-0.01801258278503623,0.01064005228250779,0.99978114412547203,-21.866721689421347,-3.7804026038928682,-2.6662217080857107,0.4619982200154162,0.391833270647536,0.3,1,5
0.45911155389465913,0.88799215178594015,0.026201516120380998,-0.88524433739008157,0.45481742558482946,0.097383635705301869,0.074558998110398039,-0.067904696089174862,0.99490195901395739,-6.183863808831128,13.338266011511951,-1.849467147877647,,0.2094316470253975,0.2222222222222222,0,3
0.90582649170139562,0.42234623096285667,-0.033196808934136277,-0.40879846620972149,0.89195156853011492,0.19314816442629174,0.11118534506183587,-0.16138791958550008,0.98060785151626406,3.616791714294203,8.5781243955124982,-0.52052088584789902,0.4684058722921138,0.3150910928702095,0.2463768115942029,1,5
0.40751886576223278,-0.90220004589574221,-0.1412920777452987,0.91317748712744229,0.40360894919847035,0.056627671067390459,0.0059372595928799208,-0.15210158879060687,0.98834703198618423,-27.305832112012968,-11.78164507874798,-2.7917436021178967,,0.1903163848405755,0.2,0,1
0.98904630739936428,-0.080027717286928896,-0.12402808668009679,0.11713904960417687,0.93680997229842433,0.3296445340970422,0.089810048867108583,-0.34056224140099439,0.93592281458163962,-9.6580531174881656,2.7824255799472839,-1.9607617171256144,,0.1259596237065246,0.3333333333333333,0,2
0.22280427858057417,0.9741615400302881,0.036980364681899774,-0.97310765696088652,0.21996745759462444,0.068379862265511529,0.058478555131630187,-0.051221201910668993,0.99697374442085618,-19.215242230665321,3.0613102491708797,-2.7455011985532134,0.3255897536803455,0.3132737217636137,0.7021276595744681,1,5
-0.6021145878348243,0.79840739864463395,-0.0019102109851423903,-0.79791298304780434,-0.60182266214965696,-0.033828313686227754,-0.028158384191101692,-0.018844339006924518,0.99942583330987489,5.7708894902066064,6.627595985187404,-0.24102869053826637,,0.0763934009168679,0.2051282051282051,0,3
-0.87939759590497601,0.47402347693694358,0.044290084998310782,-0.47119858452809599,-0.85329301897298848,-0.22330006204808925,-0.068057051473491656,-0.2172389630903549,0.97374302085312014,-13.61845484723889,-1.2412656903719903,-2.1216656146472515,,0.1773374030603503,0.2142857142857143,0,4
0.36049324359423512,-0.91347083970764265,-0.18872108076926747,0.93275848216468493,0.35357804490032857,0.070314864106341982,0.0024970528107255705,-0.201379222285404,0.97951017021722908,10.304091677777016,-3.8242019814051176,0.34267123487023859,0.1968983061059041,0.1886326261170255,0.3,1,6
0.74120829174753078,0.66950291689486485,-0.048745384540220926,-0.66476144052446828,0.74216967461993533,0.08530182451960161,0.093287166515766601,-0.03082236758924517,0.99516204018222687,-2.1856524786200708,11.491613510099464,-1.282398818879587,,0.08861400165123856,0.4745762711864407,1,5
-0.99261875722266091,0.11389997983412849,-0.04165089919227237,-0.11246969622308649,-0.99303099922555493,-0.035213662243262139,-0.04537146946293847,-0.030269277673592127,0.99851149246660764,8.3165584247830502,-1.3821578466934212,0.099682192769144459,0.2840497935472222,0.2552100988092092,0.3846153846153846,1,5
0.78409133518621488,0.6177921666294478,-0.059444233843073235,-0.61352468020582884,0.78599882210324279,0.076113851765952339,0.093745639174485654,-0.023209707098679224,0.99532560734272257,-20.816639962848114,-0.77903398632593357,-2.7107015803322971,0.6783484815651731,0.366821702858669,0.9391304347826087,1,5
0.50340034055392724,0.86391473177359335,0.015473634180474942,-0.8603832510210413,0.49953296611785741,0.10103205988180744,0.07955349453452995,-0.064172829032673975,0.99476283078997718,-18.412917350532183,-2.2441772646710558,-2.464872687723572,0.3318390597159053,0.3712708539212962,0.391304347826087,1,5
0.82687229318366018,-0.55255878020451599,-0.10469481928009292,0.55977246164261563,0.82657632445826756,0.058535211895290984,0.054194113626486913,-0.10700642160149715,0.99278024949345223,-4.5834767701050296,-1.8773603516595898,-1.3088028723714991,,0.1016979379733767,0.5742971887550201,0,5
-0.84946777828806053,-0.48837717110503753,-0.19973039927308764,0.50550632269703477,-0.86176109986640204,-0.042792107571028359,-0.15122120011317033,-0.13731549621397421,0.97891603477307609,-7.2591896481879559,-22.116817997262594,-0.94415362327117947,0.887465989597317,0.8181458910948823,0.8865979381443299,1,5
-0.47759658123370097,0.87592776153817242,-0.068206027304093697,-0.87849112764299031,-0.47720699953664159,0.022952521556095624,-0.012443642811813304,0.070880435664305949,0.99740719848696202,-6.8615795963923674,-4.8682983066509617,-1.4337043143728367,0.1708998997924269,0.1665176573802479,0.7134831460674157,1,5
-0.30274019551391756,-0.88680328152464305,-0.34918235049515134,0.95258797981532284,-0.29323488054039909,-0.081175399880869969,-0.030405833840830884,-0.35720196627619744,0.93353213150745973,13.639361190648854,10.320021291293145,0.57067026271466448,,0.5538704312698491,0.2,0,2
0.46899980501827859,0.88244615362089274,-0.036441306953887129,-0.87800050698438648,0.4703124441213839,0.089001767621378805,0.095678067643406528,-0.0097463256800222574,0.99536461485616501,5.8214588837155805,-18.350351393908984,0.28738923836566005,,0.2424488758626832,0.5806451612903226,0,4
0.87315745060792516,0.48608677573622516,0.036272757025490501,-0.48544385905178394,0.86044898536366621,0.15482830263085007,0.044049133439616278,-0.15279787315600715,0.98727528268574649,13.301964140305898,4.3754632153669348,0.65020557290713454,,0.2029000640323409,0.12,0,4
