axis_00,axis_01,axis_02,axis_10,axis_11,axis_12,axis_20,axis_21,axis_22,location_x,location_y,location_z,dbh,dbh_approximation,score,reconstructed,number_clusters
-0.91123588841369096,0.41159866539618528,0.015352338942054643,-0.40839447796893485,-0.89804384082449162,-0.16349682052467432,-0.053507999695313356,-0.15525398095145776,0.98642439921533354,-13.730624683072083,12.110351820533241,-3.5506312689275452,,0.1154773021370418,1,0,2
0.39666761184604282,0.91588675017030041,-0.061694947725422146,-0.91202881614201725,0.40084176742260175,0.086771631401716801,0.10420289937879681,0.021848074331856312,0.99431605508964882,4.2058411655875627,9.7760799517898818,-1.3270297693780218,0.4002617446560531,0.3660375445561772,0.8247422680412371,1,5
0.95482602069431155,0.28449471353900035,-0.085848868212852217,-0.27640972482309573,0.95633917292121029,0.09493708632349844,0.10910973480073213,-0.066918938311489692,0.99177463239738906,-5.717810892489978,8.600530504895767,-2.5566425141987121,0.1783719996814892,0.1426060172378125,0.7630853994490359,1,4
0.95906021792466412,0.27425944301446653,-0.070606347531161948,-0.26204399733085215,0.95394159733613182,0.14604236486259231,0.10740782958967673,-0.12156145272735402,0.98675547698183586,-10.814107897296878,19.390164065652623,-3.7351293416630398,,0.09068760235810723,0.1818181818181818,0,2
-0.49453790732710773,0.866700639612352,-0.065285982508227411,-0.8689953731490716,-0.49160532800127404,0.056313789841079355,0.016712260829416455,0.084582520512806791,0.99627631586908127,-5.8939016291400446,19.552092152864898,-3.3051666523629275,,0.07184830179726448,0.3181818181818182,0,1
-0.12638924639641508,-0.94399162317513086,-0.30480415641937758,0.99182304866786997,-0.12573410170493632,-0.021862657652372944,-0.017686111119135595,-0.30507499249141157,0.95216408797530627,-8.897148161770561,-9.8848423054574486,-1.7451193656459763,0.8347517429408973,0.2938698347959318,0.2142857142857143,1,2
-0.75913466659909545,0.64940055048794576,-0.044648437749072227,-0.65023379413806015,-0.75971229341651481,0.0057657777135091664,-0.030175667818668206,0.03340892482214549,0.99898612243310214,11.270697895194449,2.0506540548612606,0.011529978424563226,0.8497105453914373,0.7513654698438624,0.8055555555555556,1,2
-0.85195862967775826,-0.49737382647841849,-0.16366358804514775,0.50842899616823001,-0.86052727827297049,-0.031508081558219422,-0.12516568688327395,-0.1100548957672009,0.98601291611454467,9.9870733439854877,10.672171376811351,-0.6490091452587381,0.4215874879332601,0.3597195689097931,0.1428571428571428,1,5
-0.82246809893058337,-0.53549327982882133,-0.19181546731086263,0.55685007527761987,-0.82680215915346822,-0.079474419044574238,-0.11603542521498345,-0.17217763175666911,0.97820787321399283,-8.5711215835043557,8.1577027449360653,-2.8155282797523347,,0.1354994132943594,0.2222222222222222,0,1
0.87590208870276343,0.48117261700833125,-0.0356152165161309,-0.47015484190158613,0.86776621579287494,0.16104725817290116,0.10839721233791798,-0.12431696332306498,0.98630387659559593,-7.474471718160312,0.29098808310839619,-2.225440737501545,0.6574930457652233,0.3592716115751282,0.360613810741688,1,4
-0.099876232775707341,0.99096939473673862,0.089467294703897277,-0.99303019280641469,-0.10492967791642463,0.053673073949693652,0.062576148022921912,-0.083483060482092003,0.99454251005734062,-23.234325433118663,-1.2650897692934109,-3.7539095841975536,,0.572857438863966,0.6,0,2
-0.65543743008043864,0.75375886058225416,0.047427369137372041,-0.75524585153702561,-0.65394604203178774,-0.044252433233359208,-0.0023407233206040848,-0.064824024903594457,0.99789396571461186,-7.3537472423699866,7.3668806293700859,-2.6578008568060913,0.6916986749685456,0.4066187142216456,0.3166023166023166,1,3
0.51471196385822315,-0.83230286331436187,-0.20577545524169547,0.85731022107187849,0.49696912567199869,0.13431631685873846,-0.0095278070351441854,-0.24554761625298888,0.96933770639833083,10.889091915497588,-14.556974550802547,1.0657744984191078,,0.2749505039374169,0.1666666666666667,0,2
0.96594295038644307,-0.20963861061690778,-0.15167685893816216,0.24346944955209582,0.93484578619558378,0.25842984186653328,0.087617599450875605,-0.28655716527592601,0.95404829400586022,15.101076132989629,1.6183211439102372,0.48487244402157315,0.7858309422234541,0.6016558607995596,0.6,1,4
0.055311087653943394,0.99802000414785941,-0.029945866212958305,-0.99582620413606004,0.057320623186504563,0.071024765493993461,0.072600652466102533,0.02589242125057753,0.99702493839586503,1.7593965726467509,-5.4527156750830699,-0.6366681592949972,0.7306499653854119,0.7538163852983721,0.7350230414746544,1,5
-0.29500477863578706,-0.94027739423160028,-0.16985465103753192,0.95084246981975917,-0.30641506024752257,0.044815270171755309,-0.094184808589870467,-0.14828429704637847,0.98444958686585393,-1.1131087369402521,-6.566529264042658,-0.90989187149686179,0.5239850783077746,0.5792654505599385,0.8656126482213439,1,4
0.7746343141518478,-0.60692628471484844,-0.17771371432933203,0.63239989846854927,0.74495131056004693,0.21240977687441115,0.0034709876786334156,-0.27692603672659477,0.96088496836376569,-11.748173928285466,-2.5402585748975315,-2.6493975324189312,,0.4107974860592797,0.665938864628821,1,5
0.99063217385866431,0.12263629708934838,-0.060068583737842289,-0.096899899963411806,0.94122828819369486,0.32357335936545861,0.096220088875129756,-0.31472154063581415,0.94429447015043011,-1.1199902238135979,-12.84264647694444,-0.41908986685103677,,0.4788681804875299,0.5211267605633803,0,4
-0.41655912703055975,0.90834284201379101,0.037306501442072072,-0.90863228175097022,-0.41731840885261517,0.01525523492926736,0.029425673272902058,-0.027543184184674076,0.99918742123657933,-15.965744514902793,-13.605289370161238,-2.2229981644571031,,0.147591165623822,0.4571428571428571,0,2
0.8855388199080344,-0.41736662085132126,-0.20402475887753266,0.46063945349290597,0.84582132850550384,0.26906797306803593,0.060268501903089314,-0.33225198877408385,0.94126315323294307,4.861954214642874,17.179431754490704,-1.7867539504741321,,0.5303089498270511,0.4038461538461539,0,3
0.9628374614445504,-0.25128921654966829,-0.098983597049556768,0.26124856079941905,0.95950749076451669,0.10533073932624913,0.068507023867975719,-0.12727570393690962,0.98949870281275132,13.979004498574126,9.9471309162407966,-0.17285869826579317,,0.8331047244449242,0.6216216216216216,0,3
0.98335260844399341,-0.15128410261553213,-0.10065171514787055,0.16430618015578927,0.97684950489396893,0.13699826258395181,0.07759591889402595,-0.15125529770629928,0.9854444217137619,-21.100035288005415,-7.5594356662398408,-3.2577005542057713,,0.1333397575821224,0.4375,0,2
-0.53929582923390174,0.83216182573637032,0.1290995908515187,-0.84211376966491225,-0.53330140751705513,-0.080212266400340487,0.0020994074568313941,-0.15197468383727233,0.98838215684060737,3.7799627922245937,11.893764224727205,-1.5659655780013821,,0.525975419147115,0.2631578947368421,0,4
-0.8870951674109927,0.46084239588323078,-0.026200192989110069,-0.45837983277556799,-0.8861911472383095,-0.067477251434027496,-0.054314757301357,-0.047849103576266351,0.99737674447835512,6.251272034166413,7.52470306608061,-0.8934633600331352,,0.1214560690839629,0.2352941176470588,0,2
-0.99073798870358687,0.10990171479996572,-0.079748672864189629,-0.10730905420551815,-0.99356968363834997,-0.036111641340530298,-0.083204594975816754,-0.027219420251300842,0.99616067907546602,-3.8381911097506536,-13.056002233524007,-0.73718215647594521,,0.1083362198853342,0.3888888888888889,1,5
0.16562223337599441,0.98615842435616163,-0.0077998642886207151,-0.98288667640169036,0.16570916097531702,0.080462757353299316,0.080641534977870452,-0.0056600388894174876,0.99672709745254917,-1.8738142823303059,12.692352873029167,-2.3765745568157879,0.24343012434073,0.2419226149592897,0.725609756097561,1,5
-0.89757101777298998,-0.41897952212934797,-0.13719485445971347,0.42572575902623017,-0.90456556631566543,-0.022775301042132625,-0.1145593564729612,-0.078849833685827847,0.99028221107531667,-6.2082510309775714,0.44604047548616432,-2.0806702973552347,,0.1177486102086061,0.2583333333333334,0,5
-0.76795907459617641,-0.62187219036344132,-0.1533422270542607,0.62891775867682076,-0.77746497603748876,0.0032655559943292061,-0.12124896934122385,-0.093931836390030707,0.98816774767550863,-5.3584207269249609,16.885905032784184,-3.0879048405322362,,0.2551049967822324,0.6696428571428571,0,5
0.87236796279036544,0.48357803235515556,-0.071599051114543857,-0.47515646219149732,0.87321080544605367,0.10830154980384032,0.11489331544805904,-0.060458050545560631,0.99153635848090926,-18.787372725456937,-7.8338407873260811,-3.0760897306025932,,0.1781060698467714,0.75,0,4
-0.83195501067557942,0.55144217910062465,-0.061338269624693222,-0.55393897883063403,-0.83181667840451812,0.035108706329755296,-0.031661774174408928,0.063186522588517993,0.99749937113729525,12.803189890332984,-14.978222969389197,1.3052453884068873,,0.08025885134867702,0.1666666666666667,0,5
0.80481348395607444,0.5928557447318521,0.02823689042593279,-0.57890576059052601,0.77360237911813268,0.25769648693350389,0.13093271706334481,-0.2237441059809302,0.96581323175922784,-6.4475225176266795,-12.553454674029879,-1.0716197456801608,,0.353243701040992,0.1971830985915493,0,2
0.56220081385309917,0.82629733998541943,-0.034102064980468312,-0.8194753719428004,0.56216140266893866,0.11151086103379887,0.11131199253503915,-0.034745694442774741,0.99317791811717571,0.43528651920345424,5.7524710557458123,-1.609973993691959,,0.07260769993825789,0.3150684931506849,0,5
0.99253386252740516,-0.076330188021032822,-0.095132718520513582,0.08698052799631055,0.9897394580420138,0.11335869152465974,0.085503915032661068,-0.12078703403666183,0.98898916724234764,-9.1301535360470485,-17.189735345654171,-1.0722072876700159,,0.1252019705204885,0.4814814814814815,0,1
-0.70082603494969253,0.70905984044734116,-0.077955188419265312,-0.71320554557135885,-0.69856433755679903,0.057842165070912693,-0.013443158220909416,0.096135367886233544,0.99527748519617654,-16.032005970409607,-1.1501899408978742,-3.1859396127473425,0.1895232157734871,0.1409931715366017,0.559322033898305,1,2
0.5748411162255983,-0.80729642129333556,-0.13352969431358996,0.81825871819582718,0.56648919343143034,0.097686559064840348,-0.0032188807106546141,-0.16541608716318942,0.98621861517342568,16.942759329999348,1.3654942004724282,0.68501800490296916,,0.3369960437078232,0.5,0,5
0.59442656198782495,0.80378339247241981,0.024275921998205708,-0.79713913511069556,0.58499806973851265,0.14948731610804666,0.1059540545628497,-0.10821051884055764,0.98846558965598308,-10.165127293495713,14.335569639559143,-3.3402212171082266,,0.3156239710932814,0.3333333333333333,1,2
-0.96916906810006442,0.23266150189670895,-0.08111684765338191,-0.23612147150673574,-0.97105954334564748,0.035916764481746806,-0.070412840672337898,0.053962846593848209,0.99605724888479263,6.5105727534220978,-8.9928903980611672,0.14418219468722365,,0.09180530895855248,0.3235294117647059,0,3
0.96064874884944318,0.26912920586532024,-0.068727373617095841,-0.25948344398318579,0.95779766223490825,0.12366074767674562,0.099107636600953675,-0.10096092693536905,0.98994169909127794,-8.3757596837623343,24.224415344414844,-3.8326009199976707,0.4570374923271734,0.3591483185510089,0.8955223880597015,1,3
-0.3621992017939028,0.9319837016212642,-0.014768822979124328,-0.93140269649202734,-0.36126944845387055,0.04442299608557701,0.036065983796961833,0.029845695270259449,0.9989036386391803,5.5914270123430461,8.7142828648832396,-1.0614163927266611,,0.1294831665794381,0.3235294117647059,1,5
0.9545296703671996,0.28759662024642307,-0.078493900473350378,-0.27832189998735907,0.95404935141464831,0.11102592063439432,0.10681773437080531,-0.084130963908201656,0.99071285069679227,-11.010270199324111,-11.024154089678225,-1.8667811787335398,,0.09089777573179267,0.2380952380952381,0,4
0.76930319229664845,-0.61456455382700526,-0.17459383580642257,0.63858397353958396,0.7480443620039583,0.18066582746188256,0.01957312086974073,-0.25047962323012474,0.96792399044858524,-2.7296571466437012,12.092185634317246,-2.452672240527638,,0.381342749553714,0.4090909090909091,0,4
0.99054772467031893,-0.095459339803887489,-0.098502383700406718,0.10836481152928489,0.98486254254060679,0.13528798883373366,0.08409680596002897,-0.14468340175935809,0.98589778399318007,-1.0350124236039682,-3.4220875155145434,-1.1227872339611016,,0.07549509815871742,0.2864864864864865,0,5
-0.07213572511565651,0.98862874399735501,0.13194560888582499,-0.99258372984460741,-0.084134799594453732,0.087743231904051866,0.097846698512548458,-0.12463764294711992,0.98736593092469038,-17.563717949577175,-11.783355385781027,-2.5965080553329272,,0.2887903397678564,0.3157894736842105,0,4
0.60487579251100088,0.78926552285194829,0.10576015351459182,-0.78832595394276139,0.57472795106068741,0.21961323414088627,0.11254983773610877,-0.21621220295539598,0.96983752109245103,-23.266323515711175,-25.453205440614727,-1.7840016570055135,,0.3996200991696247,0.25,0,1
-0.59510037700362539,-0.76689485648130762,-0.24026614491571158,0.79580132832696415,-0.60402020362624353,-0.043125855868037938,-0.11205260872992813,-0.21686833036159553,0.96974859637072497,-5.1629982304807358,3.4989391034999637,-2.1274764195005895,,0.07211554957818614,0.2547528517110266,0,4
0.43870298727869117,-0.8721286359464161,-0.21663640348518412,0.89536719317572222,0.40368610779921527,0.18802956085293696,-0.076532857893721204,-0.27645825857109646,0.95797367026993752,12.740982099615223,2.3134349301977069,0.18120677664185594,,0.2991219869205919,0.6170212765957447,0,2
-0.34848726072692937,0.92856620435233761,0.12775536484130234,-0.93665704217113099,-0.35009361746902035,-0.010394438834467352,0.035074413213472121,-0.12328529166996502,0.99175124017849436,-24.201198256682435,-0.65917536753318973,-3.8443555362289725,,0.4163712504703923,0.2307692307692308,0,1
0.91525392095270941,-0.38523955833661211,-0.11790141166798229,0.39897402493385364,0.9073437659085718,0.13246515728647776,0.055946292180731348,-0.16827885535462428,0.9841505165531157,-34.652898213257096,-11.487598840980885,-3.9361549096993818,,0.24993910251985,0.6428571428571429,0,1
-0.98984754713453948,0.13229067003237147,-0.051971261809994146,-0.11521511838743585,-0.96093925944946423,-0.2516370722760975,-0.083230462732739152,-0.2430944636784288,0.96642525412066516,-14.041702086390224,14.230661965265941,-3.7073265371630835,,0.08312914943853762,0.75,0,2
-0.43478276292873763,-0.87510214306983614,-0.21250926627946326,0.8955238331383143,-0.44501341940194133,0.00034761106825081109,-0.094873670432402579,-0.19015597741531673,0.97715898957739289,-18.648530623275686,-0.3768525972122142,-3.4117417082332873,,0.302229544837652,0.2705882352941176,0,5
0.86716032465972626,-0.4832681119832069,-0.12035324372955608,0.49603077660940692,0.85970894347198656,0.12187699196546599,0.044569496208819941,-0.16538580487595714,0.98522134343162937,10.097817538775741,-10.086820775031006,0.65827093981568185,,0.1775213345840825,0.7540983606557377,0,5
0.58368309853636569,0.80953339629100862,-0.063005720157238029,-0.80422317334195104,0.58706399523643948,0.092633433256204989,0.11197824763224928,-0.0033979091474944105,0.99370484867018516,-18.462224225983189,15.564016731603761,-4.1761579176549368,,0.1161548903093113,0.5384615384615384,0,2
0.079640182023897041,-0.97581701840524138,-0.20356470223962603,0.99441706286064413,0.063591872439097127,0.084206762503385366,-0.069225331337686602,-0.20913445519664289,0.97543356162826023,-18.465614912584428,8.8927561349334265,-3.833372290883367,,0.1085718325297919,0.2285714285714286,0,4
-0.93463454723484785,-0.33422527683711806,-0.12145668955748694,0.33565052161211956,-0.94194222519175952,0.0091417581629173843,-0.11746059107898299,-0.032222798201722996,0.99255463366981833,-17.610657162399775,-1.6272143387523219,-3.318468149149691,0.1546036501754888,0.1396623720834224,0.5,1,5
-0.68138393119245755,-0.72076854361138532,-0.12731317627423391,0.72404662445218948,-0.6892277511944036,0.026862475740235495,-0.10710940169799268,-0.073877016208201973,0.99149874560892426,-7.7194520213088298,-13.651975984155904,-1.1893936798103084,0.2726760784185865,0.283578537203979,0.7951807228915663,1,4
-0.92408553456978326,0.38174194203828937,-0.018412346067621845,-0.37775187873858135,-0.91962150739117332,-0.10770237347922708,-0.058046902659407637,-0.092570907051956905,0.99401266805772015,-2.7745816568298007,-14.129436749238197,-0.52366719742452672,,0.133194085388398,0.275,0,5
-0.54222989987665815,-0.83023500974187225,-0.12921518594446951,0.83311272492484689,-0.55121547510957369,0.045658378946524185,-0.10913259480121819,-0.082893477419163392,0.99056486317318593,-12.721602088290677,-13.153255650304294,-1.859297100171855,0.2086901282140361,0.1602705425714047,0.5531914893617021,1,4
-0.99795774615854638,0.035368257825850208,-0.053192322947197904,-0.03357727665272723,-0.99885097160657466,-0.034195072937315434,-0.05434062361384006,-0.032339184574851083,0.9979986341505146,-3.7122677728023938,15.865638587584412,-2.8745528609423312,,0.07438975135428161,0.4705882352941176,0,2
0.45396227927389582,0.88913192972229049,-0.057988451822469367,-0.88347848921980099,0.45761531196784488,0.10026956337030456,0.11568927384312194,0.0057129502789286845,0.99326902403969219,7.8630179571218415,6.3543791601051591,-0.6162971465239635,0.7767633693410348,0.2971051539300706,0.3513513513513514,1,3
-0.7521081372382411,-0.62496073130980645,-0.2091827770652625,0.6506394982475181,-0.75464199457597647,-0.084756730367624253,-0.10488847992149299,-0.19984880370696248,0.97419652146610258,-11.252444479879106,-9.6465083456077547,-2.0305370654925232,,0.4387403548851665,0.1927710843373494,0,2
0.92661169928780862,-0.3597322267343348,-0.10946909971182545,0.37078073785272553,0.92255197355440621,0.10686206309190942,0.062549206072891064,-0.13960867143421932,0.98822923235452997,-16.506524706574066,-18.053844360336665,-1.8732937107675849,,0.2953548371919568,0.7692307692307693,0,2
-0.67254892981808401,0.72352754207218939,0.15551795029361304,-0.73999779925737819,-0.65492371740374089,-0.15322591646422756,-0.0090107765918179018,-0.21813486710070323,0.97587703408788706,9.2290684473879168,6.4027383301218981,-0.47456081617614465,,0.4788931972487019,0.4411764705882353,0,1
0.17807446359060608,0.98320987086901168,0.039847650403223786,-0.98082656445118444,0.17409323197188409,0.087583086543397776,0.079175348965460662,-0.054679945202270951,0.99535991867709439,-14.045418889352424,10.181389003083543,-3.4910861811806857,0.7421240990094358,0.500556347342708,0.7960526315789473,1,3
-0.75187141386148548,-0.63609287224217126,-0.1734221292126108,0.64940814888210008,-0.75991620051686637,-0.028220991434278902,-0.11383511401784006,-0.13384030063741817,0.98444316277875077,-19.282831355614949,20.523612126130626,-4.5356395587932727,,0.5999191955663278,0.3214285714285715,0,2
-0.3850513255075883,0.92076455776228794,-0.062674603258954784,-0.92240517330032779,-0.38174578282822896,0.058641739074273391,0.030069469460596455,0.080391457641224559,0.99630971115646416,11.817669967060946,-10.205586727684487,0.87643776503681103,,0.07679266327689285,0.3809523809523809,0,5
-0.98294254872963438,0.16930615865513168,-0.071828758435146398,-0.16923497855544584,-0.98555001226576189,-0.007120067155285726,-0.071996304976220921,0.0051573214366935904,0.99739156508633564,-10.930875432208667,4.8123573006546572,-2.8737585922194464,0.4248958774226136,0.1271658441387106,0.2014925373134328,1,4
-0.81305434147855205,0.5807724827601588,-0.040570445788537961,-0.58086885151619705,-0.81392838929892064,-0.010580852116937213,-0.039166505347475566,0.014963300500469852,0.99912065562523533,4.1267983560871082,-9.3839686883061013,-0.093545496129581268,0.4718377630316957,0.3249996286701354,0.6619718309859155,1,5
-0.77894532892947421,-0.61716240343238449,-0.1111518885512788,0.61677837673869518,-0.7860176826256926,0.041959940268257445,-0.11326344744238248,-0.035871581917979248,0.99291722771043089,-7.5488499003886451,-7.8241726973079713,-1.7486429625656403,0.4530748278995392,0.2892229529800995,0.9588607594936709,1,5
0.35999812032688783,-0.91988704874843708,-0.15559296547723012,0.93287595862862227,0.35278341089255455,0.072707020374542464,-0.011991629323685598,-0.17132332749484519,0.98514187723507984,-16.031023513908522,-5.3230197377297372,-3.0787495766057127,0.1879085688124345,0.1649337334102514,0.6216216216216216,1,5
-0.42458297851540655,0.90536550788315473,0.0065262156309666515,-0.90483369884918241,-0.42456395740211772,0.031959716862930268,0.031706021224551441,0.007664411949317107,0.99946785091246337,1.6306801996651075,-4.2504541700764076,-0.71830659889821391,0.2900486542601039,0.1670294174132136,0.1647058823529412,1,5
-0.94373660973257301,-0.2880865354861476,-0.16238029289928316,0.31713320260856964,-0.92760028229418856,-0.19744429110757497,-0.093742963755688441,-0.23783158822858136,0.96677215122642479,-18.121956997978039,16.584210796531654,-4.20695342323123,,0.5753813289632755,0.2142857142857143,0,3
-0.44550362981358765,0.88977113766323535,0.099165711838269596,-0.89407313461956395,-0.44791505275167964,0.0023098636340719968,0.046473065042731548,-0.087632346196668626,0.9950682519936016,-1.4016657615865218,-15.26155874608911,-0.30194202308191537,0.8516281420951655,0.6827004142471443,0.15,1,5
0.98309615114743076,0.18302587209842852,0.0048464153473440404,-0.17757088432912965,0.94667695498931914,0.26883326418195053,0.044615452902331577,-0.26514952957673005,0.96317453679359655,-11.621657248119005,-16.498822955900575,-1.3818855051242591,,0.6907791494701725,0.576271186440678,0,2
0.9730074730197269,-0.20383338129662329,-0.1082054070596786,0.21878911717901936,0.96392426134236342,0.15159597817753753,0.073401496250353859,-0.17117818513106295,0.98250203525664226,-5.3957013600378527,-5.3140897220477719,-1.6122708827317389,0.563301115733974,0.4406990009380284,0.9498580889309366,1,5
0.87997008492451645,-0.44035843261142632,-0.17814909616932775,0.47283628199856215,0.84797161047207736,0.23952035040716069,0.045590569899012903,-0.29500609936304811,0.95440709410339331,8.7686958986887085,3.8562827644034048,-0.38948848648334417,0.8429629349162945,0.4229951447606602,0.3703703703703703,1,5
-0.47067453760178335,0.8822696036172053,0.0081133338700516006,-0.88224282817249267,-0.47073127972540291,0.0077236277930973242,0.010633522066991629,-0.0035226156792976236,0.99993725772531683,7.5879377693870049,11.851565094836884,-1.0238736980398919,,0.247319680529461,0.4,0,5
-0.8510429282336579,0.52506651454075481,0.0055758059063392949,-0.52470204765980633,-0.84994498557567177,-0.047762775007093701,-0.020339505527132668,-0.043573808679012241,0.99884314469896462,-12.761200023956363,-8.2020334574157925,-2.4644479580207501,,0.4433281366464965,0.3898305084745763,0,4
0.99564099325897504,0.025020766353683461,-0.089849728955384053,-0.010227951925351622,0.98682513379677017,0.16146685203595076,0.092705995176656689,-0.1598440382312124,0.98277946758173773,-8.9255569681874274,11.892124712534001,-3.0934765254719432,,0.1202694820415988,0.2542372881355932,0,2
0.30844695418295037,0.94257199243043577,0.12813475539828964,-0.95122540485976248,0.30641528616603653,0.035775711777224918,-0.005541263812706098,-0.13291994391175682,0.99111128684212535,8.5350408042988963,-8.6705888806846243,0.39095993457932404,,0.4176681788673763,0.28125,0,2
0.51811242539750035,-0.84833790541891441,-0.10900602221056722,0.85518325814067386,0.51159416032391003,0.083264699112991503,-0.014869756037786683,-0.13636060043841253,0.99054766518499937,0.0048081806929602174,-5.5503941873903031,-0.84636872076723635,,0.0735520034204131,0.3163265306122449,0,5
-0.724856910524043,-0.6682713614588236,-0.16731959454741555,0.67984891467568886,-0.73315480427275581,-0.017014293581167732,-0.11130099945566017,-0.12608497303703095,0.98575588615763432,-13.523552174907875,2.6222660034266183,-3.0291964011078609,0.4730259367113392,0.7606223464591118,0.5643153526970954,1,4
-0.89492848295219207,-0.40591237578356476,-0.18530556814793719,0.43197001828269505,-0.89220345068686613,-0.13181390627432393,-0.11182537147595685,-0.19801046883483281,0.97380025699630668,15.434045753409306,5.623514347004261,0.28303690041349239,,0.3908639317425973,0.4545454545454545,0,3
-0.94193086437808959,0.32371757821086589,-0.0892926440936576,-0.32858124788861182,-0.94334632674262786,0.046174358221346724,-0.069286436392033385,0.072832941575104365,0.99493454676858473,4.8531329540805395,-2.1371423201219386,-0.40345156515328306,0.1234554110946878,0.09991625725072602,0.5274725274725275,1,5
0.37418337854298539,-0.87742801156636985,-0.30017808670994517,0.92734962304527235,0.35511070090785279,0.11797909449781771,0.0030782884771258512,-0.32251585173355424,0.9465590575979036,1.2653160818218767,10.660209456168575,-1.7838187343731444,0.7927297573545022,0.3573398677080276,0.2972972972972973,1,4
-0.35305697240262518,-0.89556743556812468,-0.27075771935039145,0.93087965665289485,-0.36528294562295921,-0.005606644879356415,-0.093882048697719073,-0.25402231789145541,0.96263119778312378,-13.883778310373563,-8.5310355157357947,-2.586703565633186,,0.162688264593541,0.3,0,2
0.78683015349793728,0.61160163971149983,-0.082714834513633331,-0.60587881860068016,0.79098547633542449,0.085163568487153868,0.11751241090819796,-0.016894097449308424,0.99292770268228303,0.0045111752301848366,8.3932872646503114,-1.8497383168841315,0.46088683900175,0.4596074205678876,0.9434628975265018,1,5
-0.4001847970676275,-0.87394460415356878,-0.27581326484925406,0.91017089963742126,-0.41414952464912724,-0.0083129228380091156,-0.10696289847021924,-0.25436391273874731,0.96117529007308822,-9.837350585942934,1.3681537915326505,-2.5454374674318223,0.4792808164830996,0.3751561167978665,0.2838283828382838,1,5
-0.11727705793302179,-0.93371231575042202,-0.33827119755982554,0.98922336339667838,-0.13989793606899151,0.043193805039601831,-0.087654030099804575,-0.32956012941437585,0.94005685578460707,-2.0407919606646261,17.065488580092534,-2.7321971537508776,,0.3858653320261771,0.4375,0,2
-0.9929688618368403,-0.015426316200063643,-0.11736638441626404,0.014560000255312566,-0.99986008447919705,0.0082351598538524841,-0.11747700121732728,0.0064684027200584016,0.99305453724920623,-14.017270511695559,-4.4016417590516035,-2.8930784513529182,0.6320075672977069,0.1324474518795058,0.2758620689655172,1,4
0.35664155854608204,0.93366487766063955,0.03281303004548411,-0.9291090200856561,0.35078703920542686,0.11706785178247454,0.097791755855463833,-0.072238143306944308,0.99258169595165879,-17.823037251488721,-15.651398870334541,-2.3023331617705778,,0.1372230543560458,0.25,0,2
0.28054681297398287,-0.95471967441974726,-0.099014286878169711,0.9588821868241405,0.27416343248089914,0.073344148244049903,-0.042877004576985518,-0.1155195029687317,0.99237936642816282,2.0814987106698086,-2.8066881456155044,-0.7234336362831395,0.1373758010162888,0.111055276058145,0.6242424242424243,1,5
-0.31800183758806749,0.9471459309728304,-0.042301497990307996,-0.94745210568728544,-0.31583482003288987,0.050821982286430679,0.034775547721675439,0.056240127101596905,0.99781145983810737,2.0127425372731018,-9.1249241259737044,-0.34982869063410382,,0.07162361780606326,0.3214285714285715,0,5
-0.95232949619752072,-0.2532182924316832,-0.17014413610277868,0.28039089716745902,-0.94626866790393138,-0.16111037498854069,-0.12020597097401503,-0.2011370292146708,0.9721596679665806,-1.1622271732999743,17.965066926857286,-2.6827857245895204,,0.259731688123051,0.2222222222222222,0,5
-0.73434014153817129,-0.66857013732711279,-0.11729675187362884,0.67287556634164225,-0.73974563407862326,0.0038560448687104815,-0.089347796537533788,-0.076094469812336696,0.99308942342463102,-4.6515958265762212,-19.47131418585343,-0.30580491464235016,,0.1336716699344029,0.2307692307692308,0,2
0.31287644317921687,0.94762336746725351,0.064173863321012423,-0.94657238252724518,0.30554253705325263,0.10317210227457695,0.078160449974499668,-0.093025327094740637,0.99259117091514548,-15.049244564451984,5.6241877400460298,-3.3543544437229116,,0.2162193372484921,0.2195121951219512,0,5
0.98017987754043878,-0.15564991451760837,-0.1225581975041721,0.18231606730277325,0.95076047756200577,0.2506299381744278,0.077512961935802122,-0.26800675069245561,0.96029376875787908,2.2432384967321011,15.73437196550816,-2.1018735164227023,,0.3918818678099829,0.46875,0,1
0.92708456964323338,-0.34039564254197374,-0.15698728377756638,0.37016244394084913,0.89737335308895827,0.24020997119523965,0.059109777745809972,-0.2808057544002916,0.95794267180793435,-21.013205597570405,-13.497357022744351,-2.909102742997828,,0.4481422061974383,0.2592592592592592,0,1
-0.45212754825528967,-0.88468578181387914,-0.11362987091881722,0.88515494920364945,-0.4607245129641116,0.065066420327755725,-0.10991540387473794,-0.07116172152462652,0.99139024273023046,-18.006213117482364,-5.0462197226700516,-3.1863936714665009,0.2187453421093275,0.1779937903661893,0.7014925373134329,1,5
0.19579339717397251,0.97738705964489037,-0.079871654933333758,-0.97666499635065851,0.20168162932011383,0.073824151184766568,0.088263415560707534,0.06355356822003512,0.99406766039342509,-23.547926188836822,-16.688767809869177,-2.7778289777165628,,0.08390957950000809,0.3571428571428572,0,1
-0.98606427502975047,-0.12641932275546236,-0.10814527425691708,0.13582454503818467,-0.9871209994790916,-0.08452115328466786,-0.096067364256670076,-0.098032072412299845,0.99053559971528871,15.155468557824893,4.1804994616198057,0.32693054564380797,0.8557689591230346,0.392666238943136,0.625,1,5
-0.49628965150678056,-0.86035233760443375,-0.11614834043526341,0.86024121158071098,-0.50536901957830682,0.06772895945319056,-0.11696854152048482,-0.066302407415179079,0.99091995189597559,-2.81899439694104,-4.0889357362051761,-1.3584007397977966,0.08829212953601796,0.08901877878287137,0.5056179775280899,1,5
0.10833189744795531,-0.97865080113421776,-0.17466198623249668,0.99205281590270555,0.095115235689867128,0.082366876832711031,-0.063995394012691761,-0.18219687532725742,0.98117729700913148,8.2615311597720211,-2.8378572289683612,0.014374571199493669,0.4654767690618035,0.442884637932512,0.95703125,1,5
0.28957195001764346,0.94831739314033303,0.1297775313006902,-0.95241110778343074,0.27199136811469526,0.13760006337874187,0.095190165110250705,-0.16344668102662283,0.98194908978401918,-31.841206532546003,0.4132548628235293,-4.5364795215453233,,0.6354200809172457,0.52,0,1
-0.37501976992649161,0.92610740469128316,-0.041051761719283,-0.92611169514214786,-0.37232965235214843,0.060726914134222224,0.04095485667437105,0.060792310001378552,0.99730987900425283,-12.320888119030242,-0.9609030146516323,-2.7938685561980479,0.2625899029829212,0.1608000599573961,0.2352941176470588,1,5
-0.78799713923937031,0.61508602256029632,-0.027012837716977434,-0.61490696894415664,-0.78844767144445871,-0.01548189063782333,-0.030820903531190158,0.0044106966305054304,0.9995151913106447,1.9018054247578267,-15.248093894799492,0.084336905442587776,,0.2280510667118905,0.303030303030303,0,2
0.70211341542557615,0.70630139852787965,0.090416183932936336,-0.70265443884102685,0.66665056419217295,0.24870417133466058,0.11538410400239284,-0.23814986814991046,0.96435011735559295,-8.7220136303662485,-13.833618359156779,-1.2973833683180833,,0.2894369453666983,0.2666666666666667,0,1
0.8518966363227668,-0.47957354647394063,-0.21043130599880908,0.52225692662050227,0.80784803790029514,0.27318354682804824,0.038984915273277562,-0.34262335177721348,0.93866363261718222,-0.22177657475461776,-6.767561361743212,-0.74443632450646657,,0.1958001731846049,0.2857142857142857,0,5
0.5073807588496273,0.85429687788191977,0.11287874020550345,-0.85488700207517443,0.48255335595397147,0.19055306961705221,0.10831887754264147,-0.19318152887573101,0.9751655847440156,0.21982573685956772,14.265500949804172,-2.2619973669895419,,0.1152736959475442,0.3636363636363636,0,1
-0.29715145922601005,0.95327833366688608,-0.054419011761870618,-0.95394861070006298,-0.29394572628120363,0.05981603584688993,0.041025095042833519,0.069687363002925509,0.99672494350970542,-15.173333410048933,11.418801061141311,-3.6586442653825442,0.1333119142973375,0.1314634064347442,0.5294117647058824,1,2
0.15526934718214649,0.98761352804308733,-0.022604182177547887,-0.98420381428516479,0.15662235444049319,0.082536598161352906,0.085054581135657711,0.0094317186027909877,0.99633165206774121,-14.860818861894991,12.550833570440432,-3.7004845919598321,,0.07541132192428115,0.3333333333333333,0,2
0.30811520027308115,-0.94165877010753507,-0.13543922637199193,0.95080565666504102,0.29999146739396282,0.077289861848609503,-0.032150063988105944,-0.15259056383139,0.98776641632279583,-4.2887972046100193,-18.015498917693428,-0.39428296454487033,0.4683757490556479,0.4247082378292827,0.8658536585365854,1,5
0.83635210944923777,-0.53096865991866948,-0.13633572974089206,0.54732165015214962,0.8228009992712213,0.15309319669079621,0.030889485177599828,-0.20265931457115705,0.97876199452318879,9.6213571816880634,-6.8878240981917678,0.39511946672314596,,0.0970266600196301,0.2424242424242424,0,5
-0.13156199137920807,0.98011521760417197,0.14854495159737061,-0.99114119911695664,-0.12730632703680905,-0.037844715739451397,-0.018181469614418584,-0.15220794761485029,0.98818124594911017,-12.490387052383621,4.7993374729153739,-3.0368295550615425,0.4220113201582173,0.5399183777639975,0.578125,1,4
-0.62599605472640463,0.77929933569202248,-0.028661557127080968,-0.77973699991736034,-0.62494556290699244,0.038121573455686127,0.011796203916976295,0.046212431150452503,0.99886198284863847,6.1551813547326306,-13.53996335755423,0.47466999252425318,,0.1650635359778381,0.275,1,8
-0.4146534628472453,-0.90176438243987267,-0.12199796847334195,0.90409914806151415,-0.42347133668558817,0.057242968827317317,-0.10328231321592302,-0.08656226411407987,0.99087826608933738,-6.558743894223114,18.809601938600398,-3.3143746770625127,,0.08469418446972922,0.2857142857142857,0,1
-0.5458127660594444,0.83650113045174135,0.048520955879880236,-0.83786108093030176,-0.54547425244862313,-0.021134071494201226,0.0087882574407229762,-0.052189066561635827,0.99859855190290581,-7.9255306822673175,16.881926246111448,-3.3293597823196772,,0.1873306240760259,0.2666666666666667,0,3
0.29811135012482021,0.95295610482496018,0.054811360169194759,-0.94971296487911461,0.29035494332280137,0.11721472274648467,0.095785736241255429,-0.086998098627803999,0.99159287188234058,-3.9552714540547793,21.253822891807083,-3.2072506242372363,,0.2733175818402805,0.3076923076923077,0,1
0.90329716208258481,0.42891212019355796,-0.0094143573660498379,-0.41783660583313048,0.88452493071384697,0.20743244146351175,0.097297522061961558,-0.18343947256992157,0.97820404420748064,0.27357060715252951,-15.088534082338974,-0.10113702066203123,,0.1947926690932567,0.2,0,2
0.95716368455631118,-0.25018231793226126,-0.14576175342190412,0.27992146857908384,0.92826338896856553,0.24488987755544908,0.074038182008447251,-0.27520154159203913,0.95853140747199805,-15.333131167604543,-16.944629782172765,-1.8442926806792748,,0.317464715833226,0.3076923076923077,0,4
0.59380595715403839,0.80454455393154756,-0.010126499269954053,-0.79800829176765975,0.59049718534401707,0.12039867262912837,0.10284576568064854,-0.063412418656612721,0.99267397147385694,-16.48946010989372,11.069440463445806,-3.7673488414875806,,0.175360867488212,0.2380952380952381,0,4
-0.52465052294154857,0.84415028984700335,0.11023664058914574,-0.85122368362560308,-0.52210033852087223,-0.053192828005759168,0.012651846190153247,-0.12174368430276561,0.99248093489012124,-20.839216906544088,-8.967215723604264,-3.1828952484858251,,0.6726367527355719,0.4473684210526316,0,1
-0.9916846286055776,0.10102323855194621,-0.079723915231830644,-0.088174958224198643,-0.98461473531654287,-0.15086086218662942,-0.093737794563219665,-0.14257674519362865,0.98533501795095679,-16.14171613581194,3.9972523882651161,-3.3830654472603743,0.8411306106240669,0.4919639259655771,0.3235294117647059,1,5
-0.74479024513620218,0.66469786177517143,-0.058857822772092179,-0.66697058834144951,-0.74428813977662012,0.034429627870756631,-0.020921879394935727,0.064899287664608146,0.9976724700136862,-16.774290328967705,14.087919304522876,-3.9408302468957221,,0.0953954369917098,0.3333333333333333,0,2
-0.60950012807577503,0.79277184768315856,-0.0047319548439093218,-0.79278554035187665,-0.60948272827219063,0.004678776215005117,0.00082515731653895258,0.0066031400801328166,0.99997785858312138,-8.4846364542639474,9.9615865893498032,-2.9069747644072899,0.4161288261561552,0.1169469224085087,0.1547619047619048,1,2
0.88983948866932727,0.45041300323241451,-0.072895890994397222,-0.43427711846202799,0.88506948388590578,0.16749744199316555,0.13996095450170326,-0.11738882064784976,0.98317383813946069,-22.166697516487282,-13.290284381649156,-3.0709422361808412,0.2388161933935218,0.1630989896662767,0.5714285714285714,1,3
0.76374051655788422,0.64546873816605366,-0.0083982985311748491,-0.63586122421094027,0.75448779149144074,0.16256898854127258,0.11126961360973874,-0.11882037089948246,0.98666143765044789,3.8961551370316774,-8.1993276695315984,-0.18134491016085957,,0.1244158001109027,0.1515151515151515,0,5
0.97242136986759009,0.23156393769345285,-0.027835627974639125,-0.20832933373055304,0.91604786058532151,0.34271738477124147,0.10485975458784799,-0.32746673094676038,0.93902607631035351,2.771094976665462,-10.658114574849487,-0.14865535695758136,0.7039732061141558,0.5321290587665614,0.3857142857142857,1,1
-0.74783079887456749,-0.652338052288021,-0.12330515719829732,0.65417218531246801,-0.75572481936880376,0.030639016849406703,-0.11317176422648706,-0.057750003697484439,0.99189570462564447,-14.306869870982503,-11.961211327646831,-2.1624417605808368,0.3063385914674831,0.2907223536859516,0.7657657657657657,1,5
-0.77104966502775218,0.63555829374806616,0.039345511924981501,-0.63603574164046695,-0.76570643451652198,-0.09566708679507982,-0.030674898801024177,-0.098789227084956535,0.99463548056335926,2.0327388127551247,14.026915973271656,-1.992404611591279,,0.3179896397589185,0.2631578947368421,0,5
0.6793431068209782,-0.72031796814628446,-0.14012482999251105,0.73375293434730282,0.66937768647358165,0.11636212522981337,0.0099787049031683419,-0.18186681285183498,0.98327253995602426,2.7096939234101445,-7.9764309343808346,-0.31740076341859136,0.2523715037246045,0.1482055646748715,0.2763157894736842,1,2
-0.99398205373568793,0.083949632383238881,-0.070371415177645197,-0.08482445378222965,-0.99635032168540627,0.0095314488896338055,-0.069314420519339615,0.015443305996721177,0.99747532070119971,3.2642504647330992,-3.7599266554416713,-0.54351268088501858,,0.1459444470936221,0.1914893617021277,0,4
0.79327432473541237,-0.5970150508502805,-0.11953608147255397,0.60814234333119677,0.7864721261324491,0.10781690528088166,0.029643480956475739,-0.15822333543110109,0.98695827680902526,13.546235003992201,-0.090742543611166682,0.38123314504405709,,0.3243430023996762,0.7746478873239436,0,1
-0.86325918903906074,-0.47464992292120267,-0.1717295059403588,0.48962048740534231,-0.87011592511501701,-0.056303243016664554,-0.1227002479727665,-0.13268657630723213,0.98353389449234874,-15.381960896072112,1.250804595491394,-3.1563725204266668,,0.1981319204156792,0.1395348837209302,0,5
-0.14570764106243575,-0.94522537595976497,-0.29209291668532711,0.98072468378775424,-0.17685294127225309,0.083079069402362343,-0.13018593605082662,-0.27435747812857963,0.95277468283403466,-17.159644204875558,2.1850408975125548,-3.3714111460646441,,0.439870430531748,0.1830985915492958,0,5
0.51968213576665367,0.85426662599114889,-0.012609896221133584,-0.85024431226940722,0.51856946408932125,0.090389824469554528,0.083756117499153723,-0.036252484491584698,0.99582662655185872,18.667465465987391,-2.8219345320160745,1.1317529021506065,,0.2748199444312088,0.1515151515151515,1,5
-0.79256262245332154,-0.59822815914991201,-0.11818442828909399,0.5998143691280351,-0.79972844359305106,0.025634724413813759,-0.10985086288896286,-0.05057159388770003,0.99266071837975256,-7.5451243998914705,8.8212428424412632,-2.766055505918886,,0.06820703614552441,0.1666666666666667,0,3
