axis_00,axis_01,axis_02,axis_10,axis_11,axis_12,axis_20,axis_21,axis_22,location_x,location_y,location_z,dbh,dbh_approximation,score,reconstructed,number_clusters
0.80651221773431869,0.59100648589499138,-0.015791652077115474,-0.58714310459489782,0.80379884416382519,0.095762168143604026,0.069289374163259365,-0.067961398977304729,0.99527897138295418,18.593323935274206,-22.623118876364831,-0.50558222583711354,,0.1316396691964908,0.4666666666666667,0,2
-0.38305815407298621,0.91522621557421346,0.12500969931930112,-0.92308881299923362,-0.38429184203926303,-0.015060659273032502,0.03425629743367832,-0.12116416329829463,0.9920412045970477,-14.89770270054632,3.4409262088012289,-4.9581333094055458,0.5772530510513734,0.5832771769529298,0.4339622641509434,1,5
-0.78718777908314197,-0.61113347814352237,-0.082772413003079262,0.61225558574105732,-0.79053518677149015,0.014043368721236047,-0.074016877744377069,-0.039623103971885523,0.99646952358845753,-16.254825960494983,-13.344564557441965,-4.3744205612344906,,0.08262256360085062,0.2666666666666667,0,1
-0.88801943415171403,-0.45108561083958343,-0.089124947474600841,0.4541669985676805,-0.89075730738220937,-0.016845081098705656,-0.071790124536004224,-0.055436369277553924,0.99587799804013577,-7.2998316615985033,21.698463717271419,-4.8339030301221761,,0.1023242466656162,0.3571428571428572,0,4
-0.90820446746747441,0.41489354552565205,-0.055027185583821719,-0.41633315121024483,-0.90904522054356351,0.017421085220289671,-0.04279430424098625,0.038731549001542062,0.99833286765310492,-12.904899925326278,8.0329679024651011,-4.8768151448994912,,0.2085763792841044,0.7768595041322314,0,1
0.28721352077496315,-0.87746309911651088,-0.38414437803109702,0.95770098325265518,0.25560226991297863,0.13219798142267963,-0.017810675477033657,-0.405864496235112,0.91375970065158307,-13.862212561055346,16.09445636571359,-5.3294579468506829,,0.3922619433739078,0.3333333333333333,0,1
0.20303647063997457,0.95814629975766208,0.20182135628015843,-0.9790113990992374,0.19492108429641797,0.059518495700593782,0.017688188822364056,-0.20966983368479272,0.97761223847636769,-10.197741117541131,-2.5899127782457985,-4.1759968818820985,,0.4125099406822837,0.2162162162162162,0,3
-0.83209951475630073,0.5545727456043662,-0.0077115092664318541,-0.55280184910042973,-0.8304089122516658,-0.069506503898218372,-0.044950118725951817,-0.053573391584275751,0.99755169216471318,-12.089200021973136,-7.0244486531420174,-4.1312336774569411,,0.3019725630657611,0.6181818181818182,0,3
0.38401051844953932,0.92313885026141507,0.018723911400928713,-0.9208335498016309,0.38140421224108328,0.081218227292198727,0.067834322284847509,-0.048430259371518139,0.99652045372755083,9.0953074380501331,6.8870530168652646,-2.4726662633757623,,0.6062566893479625,0.8387096774193549,1,5
0.99420347128442632,-0.082663086542615949,-0.068747885852909349,0.089600853475094,0.9904431468917545,0.10485256235158283,0.059423435970426729,-0.11040465071003938,0.99210869785475719,24.877398500423851,-4.0367593464502125,-0.61705848729777102,,0.1451709690943552,0.5357142857142857,0,4
0.26388798301186922,-0.95196821263297204,-0.15530503713116289,0.96390918727875419,0.25438751231800394,0.078524341807295464,-0.035245015272219855,-0.17042158229825771,0.98474071368326133,-12.471933006148639,23.537219576985969,-5.4927498521225404,,0.5377954519809616,0.8795180722891566,1,5
0.58077237139080606,-0.77649396653227343,-0.24445975654098254,0.8140503279866661,0.55582035633813054,0.16848084456387052,0.0050513497108342752,-0.29685156462301215,0.95491027455304323,14.335663568897919,-12.003829900702968,-1.262516475785995,,0.4588634520438387,0.3529411764705883,0,5
0.086345003862657449,-0.98084490317022888,-0.17460760645785642,0.9947824561418066,0.075323261270128242,0.068806040898356138,-0.054336040161498074,-0.17963764148033107,0.98223108915516988,-23.958015206119693,8.2712343014735001,-6.2550065564925017,0.4619528350853761,0.2962158977944284,0.8431372549019608,1,5
0.45458221081344985,-0.85239390248673019,-0.25841758573169865,0.89069621787150488,0.43375312490059603,0.13608260031453406,-0.0039065434022556309,-0.29203229554693316,0.95640047954621765,2.2653542831693305,24.520352702582571,-3.8795094700246944,,0.4011120201072094,0.6551724137931034,0,4
-0.14994558037778088,-0.97135256716624907,-0.18436516261134792,0.98668739891351898,-0.15889163776382159,0.034661567679564742,-0.062962685381462227,-0.17671343386474272,0.98224643676690748,-5.8560585786583754,-4.9242684505613328,-3.6029394410807867,,0.08148435496580599,0.2894736842105263,0,4
-0.33285587427077512,0.93750091960979354,0.10148395289025419,-0.94291272641639323,-0.33216331667053484,-0.024147907164724192,0.011070561207282302,-0.10372828345838617,0.99454405929819634,15.760327538426496,7.4435539648620317,-1.8467768965969742,,0.5871834560794774,0.2272727272727273,0,4
-0.29825867169941311,0.95383825201153638,-0.035133370969468322,-0.9543422908879059,-0.29737529907778704,0.028261693530639384,0.016509287656494318,0.041958556910041439,0.99898294426036183,-4.0688829967538398,4.790601331563173,-3.7898705554029584,0.1625706566060013,0.1137770564752678,0.4846796657381616,1,5
-0.76995438250200599,0.63700291727301206,0.03738358264836663,-0.63759002403008802,-0.76567951063690698,-0.08493437612733129,-0.025479602101817503,-0.089230994483415302,0.99568500013821326,17.796223955055076,-4.7352793355682818,-1.2452554016400261,,0.1761909573937016,0.28125,0,1
-0.82106842464252261,0.5697493556910519,-0.035104326580574295,-0.56968562400503375,-0.82176346112657206,-0.012771208214991695,-0.036123840563258063,0.0095123943834660805,0.99930204767930497,-7.9835806186477738,12.163432528860204,-4.5055595877500236,,0.2011049293656392,0.3953488372093023,1,5
-0.89363689771535804,0.44342186390292399,0.069210878151694299,-0.44694202318226667,-0.86532612823503929,-0.22683368292098918,-0.040693033254037107,-0.23364019861020141,0.97147122172402645,15.052127970401417,-3.1070443278767299,-1.5366536470160288,,0.2854998001007646,0.25,0,1
-0.94062917982901717,0.33464268608627579,-0.056842050483360607,-0.33592383779753671,-0.94177854794773419,0.014434050880881739,-0.048702374208706892,0.032671689188345898,0.99827883853761767,13.320563424836996,-1.5647879661445789,-1.7404790835253945,,0.3832594216706284,0.837037037037037,1,5
0.73630111262230091,0.67581073720225138,-0.033771571377578365,-0.67214542670030453,0.7362354835088275,0.078599225113155008,0.077982029449271281,-0.035173289648144541,0.99633410198502192,-16.385171865013195,-12.315582405548033,-4.4844371825830605,,0.1724057439149048,0.6829268292682927,0,2
-0.7277886660270303,-0.66831962757451624,-0.15385880865669199,0.68192352188610206,-0.72905067686144176,-0.058867825391542943,-0.072828345450458673,-0.14776327678599435,0.98633769376031355,-23.431914435077982,-26.889061510035795,-5.0306362955309725,,0.7938450269364057,0.7647058823529411,0,1
0.070351171913717619,-0.956370717384047,-0.28355910061341605,0.9969665997147259,0.057924336929861771,0.051984326911990855,-0.033291315138087425,-0.28635611067612765,0.95754470716244722,-14.422037970844055,15.354035712522574,-5.3822057739102789,,0.6237260223668919,0.1071428571428571,0,1
-0.98223168731509924,0.17735032196121062,-0.061382210243590071,-0.17129296344390618,-0.98083186446115722,-0.092884736809956542,-0.07667876569649526,-0.080719991067301086,0.99378299941856352,-12.49881043564092,17.632881137462309,-5.2266844924230194,,0.2271585712844243,0.1764705882352941,0,3
0.83076424153452277,0.55631017777934921,-0.018701900616782431,-0.55200485281569556,0.82772405001244287,0.10081438140921832,0.071564079365930594,-0.073429443209860515,0.99472946041343235,-4.8573306089495807,6.2047701264199251,-3.9392452449609157,,0.6762285918871745,0.9926470588235294,0,5
0.92935999322602769,-0.36022812820465067,-0.08078179647105882,0.36857481631077044,0.91783384854970573,0.14742330629150172,0.021038245468662391,-0.16678345873200315,0.9857690754537749,-7.4823292452842693,13.416480251158202,-4.5083920441839807,,0.5068760922074109,0.5853658536585366,1,7
0.99725119706387266,-0.034664752293835532,-0.065485913776029483,0.044107983139661661,0.98788883227152402,0.14876202773744729,0.059536004048188131,-0.15124156181953663,0.98670231285852483,-6.6024513918739487,-3.3048230294950565,-3.73785204177371,,0.610379390397685,0.9567925262748151,1,5
0.67545511741813036,0.72528790354207684,0.13310838188934326,-0.72979569212540574,0.63164892657773142,0.26156811982426326,0.10563442672188018,-0.27381944877736331,0.95596248742427159,1.8387143081178297,21.96556894934686,-3.839707291119923,,0.5626575351236694,0.1304347826086956,0,3
0.5159668994696115,-0.81782303127008604,-0.25484043669701312,0.85594253692221423,0.50395088595941651,0.1157405634506922,0.03377176540959153,-0.27784706956332561,0.96003149625217621,-10.701438866745962,13.722207963758997,-4.8714585642434773,,0.2402052059582692,0.24,0,3
0.23678294060014107,-0.93833711018024013,-0.25190733752581884,0.97132285952062025,0.22286969335196705,0.082831167792603244,-0.021581047551876186,-0.26429636290308051,0.96420002641711611,-13.449649041021082,10.348138793352517,-5.0770119553791169,,0.298376864705765,0.2307692307692308,0,1
-0.66937102873778798,0.7411693189669275,0.051092724615308907,-0.74277685015759631,-0.66626165016988026,-0.066166187610192662,-0.014999225195813471,-0.082240222124020823,0.99649965835845422,-21.558372611836727,-0.49690227354600852,-5.64695740991937,,0.3783935287408337,0.391304347826087,0,1
-0.54033058849402904,0.81561124260399498,0.20693273321459793,-0.84144772208744434,-0.52287711383261759,-0.1362543754303831,-0.0029302101542619495,-0.24774548384993758,0.96882072082527881,-6.5016447235445085,38.076709864508828,-5.4771103652886772,,0.772789837612939,0.3714285714285714,0,1
0.29552382044020153,-0.95052498625822479,-0.095749266583245313,0.95517959600358271,0.2921779557881124,0.047581314924164869,-0.017251403735936428,-0.10551915774058117,0.99426761810835296,-3.4653675783074775,-5.3919777363914543,-3.2896624625638231,0.9003997120769237,0.719655321922166,0.9989621172807472,1,5
0.039773731740874771,-0.99503306310402939,-0.091253786733582351,0.9986210368843853,0.036452479355946268,0.037778849119050939,-0.034264777182416356,-0.092630556937856628,0.99511080034638466,7.0176916005476704,2.6068657147470171,-2.519558174674184,,0.4907084183798583,0.9817351598173516,1,5
0.69629828180808007,0.71720042935211503,0.02814688061328418,-0.71362790606524606,0.68756633400404088,0.13411841047811726,0.07683693406200362,-0.11347281824907027,0.99056549762373858,22.771750368353032,8.3221033027587588,-1.215438199976415,,0.4292570341591412,0.9538461538461539,0,5
-0.96590215516082811,-0.24935424674184456,-0.069681319501535069,0.24877112182259761,-0.96841196478388269,0.017064448732555582,-0.071735316286986289,-0.00085211221506883148,0.99742333956148144,10.5177578636899,4.9701559889675213,-2.2651626757481607,,0.2703309905384795,0.8260869565217391,1,5
-0.62612027952903859,-0.73228452456200965,-0.26782974190606934,0.7794623849290615,-0.59676465205241169,-0.19055272378390536,-0.020292511997769616,-0.32807213406163793,0.94443469271785241,1.7974546170052736,9.5340282526309679,-3.3317981127896239,,0.7731356371535204,0.3949579831932773,0,3
-0.76283300231360318,0.6465572619543285,-0.0070368739747248303,-0.64634762670481827,-0.76279669348609191,-0.019389426493157783,-0.017904078704679263,-0.010242627631930184,0.99978724363983029,21.424423509835389,-3.0398199536323554,-0.95894219154208848,,0.2612181542803487,0.6458333333333334,1,5
-0.47609714733690556,0.87916008063987527,-0.02022520474434843,-0.87939122895158561,-0.47592847219834017,0.012773245240555764,0.001603976521843535,0.023867173277193277,0.99971385170911542,-4.8787475550214401,-3.6334700282607351,-3.5208665444251865,,0.09266077452027011,0.445993031358885,0,5
-0.69754564275829056,-0.69730359959012145,-0.16491745288956747,0.71209244633147895,-0.70021000459335569,-0.051286424568517508,-0.079714641983594042,-0.15321109446130973,0.98497306378773342,-11.914744963422956,15.476944963551112,-5.059351258239805,,0.2038373170664186,0.2083333333333333,0,2
0.038823939750599466,-0.98656481986184263,-0.15869013174488736,0.998027882129638,0.030445146673359291,0.054894804270208819,-0.049325938349601882,-0.16050840867383087,0.98580119829046808,-9.2151876635863381,19.783057488478654,-4.9640144180960872,,0.2578955938770519,0.4074074074074074,0,4
-0.70203697366840989,-0.69539319475226868,-0.15353303323628367,0.70847366744421503,-0.70384760064238905,-0.051610247122987125,-0.072174442433898298,-0.14500641283124502,0.98679480648064322,-30.307693261364268,1.9722115917326641,-6.935645015989568,,0.3929910043103085,0.2727272727272727,0,1
0.3701533106772999,-0.89197806935933366,-0.25954123059088813,0.92890352001162635,0.35202825005679961,0.11495373709436216,-0.011170367256570909,-0.28363926904423087,0.958865990611519,23.872652735373332,-2.0703735827957357,-0.77079138741067132,0.07962683844563703,0.111681708646907,0.5,1,5
-0.86304882830299967,0.50507788015748611,-0.0065616263563575894,-0.50391531671039447,-0.86181381629422915,-0.057847209345313511,-0.034872246120426588,-0.046618462222571933,0.99830388431104466,13.024578939754592,-6.4079629622741026,-1.5968084402499032,,0.3303095905731043,0.3541666666666667,0,3
0.57459939029522866,-0.80886068881039208,-0.12481957686809722,0.81841003453264705,0.5666737803841192,0.095319683179516543,-0.0063683631039812569,-0.15692422605305426,0.98759011296642019,3.5603124760407918,-5.3877919481180516,-2.5778164738493685,,0.4099926653252284,0.5413533834586466,1,5
-0.99550000976686881,-0.032464975108960729,-0.089026714784606553,0.043790504881939314,-0.99075888651565114,-0.12837141610363675,-0.084036433981636571,-0.13169227077335546,0.98772213885394289,-0.64859184896604205,14.934839002849554,-3.8103062985852363,,0.1619323745127936,0.2424242424242424,0,5
0.48411757716100506,-0.85738882305031905,-0.17468422250491389,0.87495659007848203,0.47229182330088393,0.10673049761600981,-0.0090076057858224489,-0.20451122157846144,0.9788227741968879,-13.955692531850556,9.2157030982768173,-5.0892899010499555,0.4438586704244841,0.3021360538956425,0.8959537572254336,1,2
0.19189786645384715,0.97912184405904501,0.067049409668377927,-0.98031979307258854,0.18800932276705046,0.060212937669519698,0.04634988846351016,-0.077284597683442716,0.99593111147324298,-43.211219584810387,5.5335387970125431,-8.9507930983092177,,0.2800078118232121,0.7058823529411765,0,2
0.98106367772327341,0.18709634756871707,-0.050090088625714006,-0.18222869108965137,0.97925712387772623,0.088590007780092406,0.065625943009136573,-0.077784587555442306,0.99480791791329837,-0.73563482449544604,6.757335406129199,-3.5399178816440959,,0.1103414346307959,0.456953642384106,1,5
-0.99670347899666689,0.07424368958255867,-0.032711611288828733,-0.069851532692722929,-0.9903776577430784,-0.11946906889991829,-0.041266673435355054,-0.11679028041966771,0.99229889250319969,-8.6735160615234452,21.282459290263564,-4.9568092918756985,,0.2472087589261105,0.3571428571428572,0,3
-0.66986547983081879,-0.71455905053860891,-0.20170672329991901,0.739055035813448,-0.66777002442876932,-0.088774143269226974,-0.071259336018596575,-0.20853910368984521,0.97541455251724929,-10.710850905876679,18.904294202422538,-5.0917998507574564,,0.5835185085392584,0.4,0,1
0.99543925071266293,0.086514826794223829,-0.040198045790562076,-0.072785271102729657,0.96116129147292384,0.26621659618552296,0.061668488315482634,-0.26207662337352611,0.96307468092044468,-0.63311632966425313,20.521598861411245,-4.0149692568723534,,0.2273472251726312,0.2307692307692308,0,4
0.80683364611780761,-0.58072625298244041,-0.108519521696415,0.59070113700073357,0.79597715321867191,0.13225935997100305,0.0095725774107479483,-0.17081390649146014,0.98525680668079674,-12.324328674404944,12.236921042717873,-5.0068131699530385,,0.3687279288442176,0.4166666666666667,0,3
-0.98962609926785927,0.12978592549602527,-0.061610041316508123,-0.13119898385576487,-0.9911651272405323,0.019455517918441221,-0.058540672041721802,0.027336863122900464,0.99791066014523722,11.041643329553057,-11.660253490090362,-1.6061322822816033,,0.4331559555850003,0.8850574712643678,1,5
0.4867140522846401,-0.82629159326035018,-0.28346363826060084,0.87355531872352055,0.45916827306464092,0.16144845041276706,-0.0032459880642397706,-0.32620039840274145,0.94529506697294219,-5.5024603413321369,13.627971473906477,-4.280424163158834,,0.2694766057133064,0.4444444444444444,0,3
-0.99355277352847937,0.097627017534383187,-0.057635506948480651,-0.095471208049016237,-0.99466599816391876,-0.039048694347410068,-0.061140286616343305,-0.033294407096646182,0.99757373051246423,-11.11835707135887,15.44863335091061,-5.0106424405628376,,0.3220805744834099,0.1935483870967742,0,3
-0.98819269361612583,0.14334391043759254,-0.054108443187390463,-0.14068418249294068,-0.98878399203545098,-0.050141578462670221,-0.060689052390003911,-0.041937339387406715,0.99727533734927309,-0.58978059652387615,13.110973882558476,-3.7303244411324803,,0.1731987743714754,0.4,1,5
0.31635385738652427,0.94836675817904126,-0.022819485043337234,-0.94701010215115689,0.31712854611782748,0.05100344753885399,0.055606684313328748,0.005475145492999909,0.99843773939164993,-2.9978285709380881,18.672205562743471,-4.2341381732521626,,0.6246656375048537,0.8042328042328042,1,5
-0.99591756974239232,0.090258908363963788,-0.0012343983767590578,-0.088241336408006521,-0.97635459620108322,-0.19734530403824752,-0.019017382241938632,-0.19643073063541991,0.98033326335216153,-9.4941588140773394,21.28220583643596,-5.078955366706543,,0.5249528100693157,0.1666666666666667,0,2
-0.11358582877162783,0.99348229980500891,0.0095487945006697932,-0.9930327863105719,-0.1138274194554795,0.030482845870618495,0.031371082457065547,-0.006019846697375179,0.99948967810138734,17.708210068600962,-17.801909287896574,-0.75469417133313266,,0.2360056524010466,0.2666666666666667,1,5
0.16598534885940669,0.96497097740912219,0.20317449820808042,-0.98534654659051046,0.15409358556001004,0.07312557699885415,0.039256172586951334,-0.21233506457329193,0.97640809770632253,26.116911869375588,-4.0186144907321264,-0.49877231434241714,,0.342980086074845,0.1818181818181818,0,2
-0.97963528400600863,0.19816891393136155,-0.032307768132945419,-0.1928518684790386,-0.97345123823464852,-0.12329170127617702,-0.055882619432263476,-0.1145502873444455,0.99184442556012475,-3.5159032964133567,22.80784863822468,-4.4358197010192431,,0.4330457248149959,0.3333333333333333,0,1
-0.59780196387393369,-0.78290316752786926,-0.17232365555342732,0.79867976435882948,-0.60013638815577475,-0.044124252005729406,-0.068872679577550222,-0.16400898111435688,0.98405162878867136,-10.787156222676623,8.6625016429773467,-4.6910833846823827,,0.862551080502987,0.6222222222222222,1,1
-0.66659152017810841,-0.71711429484673617,-0.2034768619600498,0.74248337976064605,-0.66296638493604598,-0.095885365014903023,-0.066137553673000893,-0.21499455939930495,0.9743732156739795,-6.5400875492551815,24.872241773812533,-4.8994267307385639,,0.1510330644780554,0.2,0,3
-0.25545884699961152,0.96280553716578809,0.088012925712800089,-0.96582100887333333,-0.25827240014964692,0.022026033229719882,0.043938096323409372,-0.079377987652990867,0.99587578480834416,7.4048297932441622,11.544056739432536,-2.8246599780327153,,0.1674153612863701,0.1724137931034483,0,5
0.64338681530585662,-0.74849151679077552,-0.16066690755358376,0.76529651976015645,0.62355016782693939,0.15970731055899828,-0.01935568995360757,-0.2257114031130017,0.97400190953158783,8.7380331141494292,25.887062420933084,-3.2732460361811069,,0.4532031156818299,0.5967741935483871,1,3
0.9498484875332911,-0.28584563545413066,-0.1268074265275711,0.30595464059341226,0.93332498796325347,0.18787289517849654,0.064649892730591726,-0.21724810594161387,0.97397312685448645,22.629469084716664,-23.815176891568836,-0.12652286052166445,,0.5212449391513106,0.6285714285714286,0,5
0.67236655376179766,0.73952235402621525,-0.032092137323813809,-0.73567784178499851,0.67240859323690105,0.081515623335284698,0.081861654570695025,-0.031198904415038978,0.99615525791628012,-4.3976927314042671,-19.033581616604515,-2.8483482864937932,0.4090773407168649,0.3979125557065737,0.9714285714285714,1,5
0.50809187334405215,-0.83285165681553452,-0.21954672846879364,0.86097910739252548,0.48413496695245861,0.15597535192302406,-0.023614082139716858,-0.26827495506207821,0.96305291838566054,20.503862401596784,0.071903535510742814,-1.1504978671649024,,0.5274586612527696,0.16,0,2
0.94113073759469956,-0.32744393423119245,-0.083984550303352098,0.33629696585453572,0.93213197462747022,0.13429196786899514,0.034311594417791039,-0.15463004821926593,0.98737645438617627,8.2054112898222424,-31.944761403941087,-1.1236941071963875,0.2150628217641772,0.4160354751721114,0.7741935483870968,1,5
-0.13850743694674145,0.9896827050401158,-0.036658331316685673,-0.98992942247414295,-0.13725900316629353,0.034636751721328574,0.029247708123099327,0.041086608454274295,0.99872742135943704,3.8802237612913011,4.2772381401808017,-2.9359299565019308,,0.1098213017898904,0.5960264900662252,1,5
-0.68123051755806008,-0.69904885492316837,-0.21738371691132935,0.72712630277664103,-0.68055923419344744,-0.090146927648152686,-0.084925389360016604,-0.21947625653959893,0.97191452867904693,-5.0056868066524061,31.287590645050049,-4.9929685105119512,,0.3381153218082554,0.6,0,5
-0.84793960570151194,-0.47155879840524889,-0.2421378217655461,0.51308414335194164,-0.84488714599568016,-0.15136172690637256,-0.13320317910459037,-0.25258267988496963,0.95836261555768021,20.658825561715833,11.165879632638701,-1.5212827327174967,,0.3652854730641561,0.2105263157894737,0,3
0.42574294760164666,0.89128707427854226,0.15604580670898519,-0.90273665943179837,0.4066238830608831,0.14044052635335155,0.061720873984241545,-0.20065983391921194,0.97771476656851974,-15.081481122570571,20.127142770394837,-5.6669356920148504,,0.2757756025392837,0.2,0,1
0.25197440071738153,0.95944058295413526,0.12642258170021167,-0.9619154515492927,0.23400908736861278,0.14127424075049991,0.10596020693561201,-0.15720532691209657,0.9818650211391704,-6.9041178291725247,11.51494343068903,-4.342722648862277,,0.4869547030237271,0.1063829787234043,1,4
0.92782789094290841,0.37275817855008975,-0.013665471541662708,-0.36309404379053756,0.91095057062369966,0.19578501792576819,0.08542903576812548,-0.17669294893791807,0.98055162110077232,-15.168328595946438,5.3064978581130164,-5.0791686218069776,,0.2378693075901576,0.1739130434782609,1,4
-0.67760421204946664,-0.72546676413651268,-0.12062547801405378,0.73197621329715823,-0.68116119735246927,-0.015173871902183356,-0.071157255286967883,-0.098576860137905148,0.99258211129627805,25.489362672437306,-10.159877938880879,-0.35482084811332704,,0.1019650499850155,0.1428571428571428,0,3
0.75427326949582818,-0.5991380894669126,-0.2685244582417266,0.65613436329375341,0.70259286919725816,0.27541052532222987,0.023654433605054478,-0.38392292182559706,0.92306210943127842,33.157934917624317,4.4888268259364894,-0.14529537420628635,,0.3338387913285304,0.3157894736842105,0,2
-0.51885734506904724,-0.84618583595133701,-0.12147669119314933,0.85456872996330824,-0.51713106314052648,-0.047830422369516783,-0.022345944526851656,-0.12862734767725328,0.9914412056157017,24.010157370297396,-1.0689931629852061,-0.78570994507671477,,0.1571888598143114,0.3571428571428572,0,4
0.99778009227163444,-0.028328388368301337,-0.060269311252603805,0.034684788332836565,0.99363432567517307,0.10718111913182292,0.056849388076872648,-0.1090336152408897,0.99241111331080234,-5.7680125594807974,5.7605569353565542,-4.0125450771261963,0.396344028160838,0.3835180808056341,0.5551181102362205,1,4
-0.80998708950339859,-0.52841740107953872,-0.25435401525071422,0.581718241309231,-0.77892281876669189,-0.23427148809158979,-0.074329015639318374,-0.3377192512145234,0.93830746815379917,-6.5536749493400981,18.242327725904296,-4.6077158573021446,,0.4310480549371244,0.15,0,1
-0.99792570903226008,-0.029247343795691019,-0.057348689029125953,0.034303742546813919,-0.99541691851923453,-0.089265959766057584,-0.0544750630999601,-0.091048070855840615,0.99435542754775896,-21.742297981961769,6.3793830644942791,-5.8909096519338808,,0.1903951649076892,0.1428571428571428,0,4
-0.26054834661658111,-0.96221882964680761,-0.079053671315724078,0.96398357592236017,-0.26380397086974738,0.033810210074669077,-0.053387493173080607,-0.067397246431008279,0.99629683666375879,-8.284705086138322,1.1014771709722406,-4.1067174873211503,,0.4581875845384088,0.2769299820466786,0,1
-0.23465703909997807,0.95509713866607482,0.18090198924475251,-0.97170847605139565,-0.23560252747960717,-0.016555561455171369,0.026808796517307838,-0.17966887531539252,0.98336177659709545,-11.542177249082961,8.4722398464439248,-4.7508305721663175,,0.3579599858473101,0.24,0,2
0.54827918933345388,-0.81871905960665647,-0.17055507022848704,0.83628744434531077,0.53763837321072094,0.10755598580144068,0.0036388149500616012,-0.20160377250469058,0.97946040141377699,-0.96896473686290885,21.904476976131747,-4.1516280697076668,,0.3539704060757447,0.1578947368421053,0,1
-0.99008440679709264,-0.11678638704466103,-0.078062841469586003,0.12467883877749296,-0.98659068139235373,-0.10532812801369318,-0.06471518043200529,-0.11401652156958508,0.99136884065963393,5.0096250734405761,-6.2877804720880439,-2.3856710782933548,,0.292390512831633,0.3333333333333333,1,4
-0.26115840706594745,0.9638416466198485,0.052967600095880911,-0.9650934411593417,-0.26183417675088172,0.006124844194710875,0.019772107879495026,-0.04951912889306772,0.99857744798471892,22.325511182626741,0.24273055649991174,-0.98603294833363941,,0.1294158339044679,0.4166666666666667,0,1
0.025423604719220966,-0.99450939028984964,-0.10151213202564863,0.99901866752696056,0.021591551290722853,0.038671783583340384,-0.036267647507626406,-0.10239569101369445,0.99408238099570523,-12.864943679326482,-7.3238389873917749,-4.2367934560641247,,0.09156190147816354,0.3214285714285715,0,1
-0.11641206274927303,0.97783019783957004,0.17405842651100642,-0.99254841463684251,-0.12088704462514467,0.01529598129213393,0.035998281186056164,-0.17098077855369115,0.98461652287417112,-2.1079206804804325,0.43653126688821048,-3.4141545878539947,,0.4115503607351422,0.2459259259259259,0,2
0.35882956604941818,-0.91370331683338035,-0.19075531797689654,0.93332250748784906,0.34854055895535674,0.086189185978768276,-0.012265379952595303,-0.20896345989375284,0.97784652828746654,-8.8912580771712602,-4.8344140408024705,-3.9309453594088466,,0.8869722266211291,0.8877005347593583,0,1
0.020984182827278233,-0.99417052998974309,-0.10575737029154951,0.99914558743448623,0.017085999848250325,0.037631950778297618,-0.035605606037055301,-0.10645668560075565,0.99367963394125902,16.964089526432481,-16.277027091281788,-0.88208013692542409,,0.1651354519025246,1,0,3
-0.75999209494701214,0.64774465005057713,0.053281178186165221,-0.64933869427608659,-0.76024517722491602,-0.019660382043133758,0.027771851466503211,-0.049539265609315951,0.99838599020068919,21.699187871726888,12.408998441699403,-1.4500926952862188,,0.2450473240094091,0.7777777777777778,0,3
-0.92337636572944304,-0.33361856385402178,-0.18993351748510981,0.36826593890470666,-0.90951088476437636,-0.19279561389657401,-0.10842640570876283,-0.24796895843452291,0.96268120901884058,-15.3346101305695,-0.20027767886205011,-4.8515317295659939,,0.4206346255585625,0.5625,0,2
-0.078435582856350869,-0.98610369372450035,-0.14644918765525144,0.99540318646232551,-0.085565002277968372,0.043024722728003284,-0.054957763078884656,-0.14240131884245241,0.98828209974141312,15.834670430503838,4.5040589736359928,-1.7467961457347889,,0.1886756193364108,0.3666666666666666,0,3
0.97792039724374513,-0.16524370615893177,-0.12793050546877982,0.19482737993406951,0.94233924144203751,0.27210116880761881,0.075590929896798262,-0.29101764828495713,0.95372676365090592,-10.832659061480754,-6.5094571875818454,-4.0180151294383748,,0.3663037182919816,0.125,0,2
-0.75356677358846758,-0.6382430601866077,-0.15742589960709297,0.65326028816637771,-0.75380452613110083,-0.070920605532162215,-0.073403771348952471,-0.1562835004339925,0.9849808900906909,24.975333973140788,-5.6126654745621485,-0.55326147878388943,,0.1817632014254207,0.375,0,1
-0.83413005641937776,-0.54134070245842825,-0.10572271676240606,0.544588299344265,-0.83870057564053346,-0.002220053504282133,-0.087467898083407492,-0.059427167878474955,0.99439317099566638,25.259060724234029,-30.335838862842046,0.41347367864054635,,0.381368497151075,0.9285714285714286,0,2
-0.67956231017705493,0.73323572963676609,0.023673431750888253,-0.73359984399425782,-0.67896604880276146,-0.028920122143018173,-0.0051318104432178735,-0.037019850853372338,0.99930135352873861,-12.847873357915498,25.783758735748503,-5.6780805289998586,,0.3341564366103063,0.4210526315789473,0,3
0.81331512205648082,-0.56920197915016035,-0.12053057357281641,0.58154674446452903,0.8016816540807824,0.13823859632175159,0.017941466967879807,-0.18252570351005573,0.98303737025669513,-11.202044290680972,10.704834313036276,-4.8257440092937758,,0.4193056001729027,0.9230769230769231,0,2
0.21778835949794356,-0.96934964539792712,-0.11370793918680465,0.9756115534109191,0.21295025715553831,0.053238001733025633,-0.027392103211146213,-0.12252939624557696,0.99208680050556375,23.446427303024016,-7.1210816629050591,-0.65993142548197647,,0.1557200424959452,0.4210526315789473,0,3
-0.27705683686563159,0.94034559667990569,0.19745801566592211,-0.96067389878732656,-0.27506632582861956,-0.038002323401363121,0.018578733400557625,-0.20022156527171661,0.9795744767323078,-7.4761687851025345,33.547281860369388,-5.3721946842710233,,0.3813550437965786,0.4545454545454545,0,1
-0.34030965675707375,0.93638442437324099,0.085869361876503097,-0.93986292641131597,-0.34155178476840403,-0.00024058070616804557,0.029103557779783094,-0.080787301679860812,0.99630637597671057,-12.881039670985876,14.730754153396788,-5.1549249265010335,,0.3339195275941493,0.4285714285714285,0,3
0.56740614971465586,0.80301028068094205,0.18227657662657623,-0.82064660011021917,0.53324258873898467,0.20540569437696726,0.067745250708276833,-0.26613310706422993,0.96155278083463069,2.2272438644493922,8.9151594247682038,-3.2725196231706786,,0.7239793962041408,0.301418439716312,0,1
0.58291040028044649,-0.79830495093676956,-0.15140895136923857,0.81250819085616965,0.57423468013122836,0.10042396091680854,0.0067753255659505412,-0.18155918441221444,0.98335667868736554,-8.024805537830014,-2.4465941844537706,-3.9193260427766941,,0.7346412914692901,0.2137404580152672,0,1
-0.32570594908895328,-0.89967949070711839,-0.29067584820388026,0.94274137488700405,-0.33238159659593486,-0.027589387823930819,-0.071793696131528001,-0.28301817652814854,0.95642374340584835,-14.222380573041127,-1.6184115878046594,-4.6753056427245827,,0.2129103090756678,0.2777777777777778,0,2
0.9940204374728927,-0.082065247064450078,-0.072032389315159762,0.097536193157909096,0.96388104130729257,0.24783064627409038,0.049092371204322902,-0.2533744924664299,0.96612178614133126,23.94140532991096,-16.993396240691556,-0.23884234506504282,,0.3528640020272775,0.5833333333333334,0,2
-0.59721385963659313,-0.77024572138370484,-0.2237345180075275,0.79912144076454728,-0.59533694518195834,-0.083539479360413962,-0.068851497938378095,-0.22868198527980116,0.97106334543124984,-17.305571232210202,-0.25374352886834772,-5.1029104859893701,,0.2614915933764647,0.5714285714285714,0,1
0.49434157839066806,-0.82064066256593304,-0.28666235681995189,0.86926705370989676,0.4662732035665193,0.16420745710938475,-0.0010923409441449001,-0.33036071585338578,0.94385412231557242,-25.248458155234836,4.3636228609829359,-6.295559125530418,,0.5325419002897553,0.4571428571428571,0,1
0.84544855611803671,0.53222439562613322,0.044203299179183926,-0.52881958675299079,0.8227220050395837,0.20851462080641661,0.074609541107844596,-0.19966395549533958,0.97701981620212375,21.480415178245604,30.214884382039372,-2.0139428229081986,,0.4290663280839505,0.46875,0,1
-0.94545279120138714,0.32518905929147895,0.019263834681335894,-0.3220871984467929,-0.92430589352429471,-0.20473996139726083,-0.048773519518312464,-0.19977660251735815,0.97862682002917667,6.479087754930422,19.915013130450451,-3.2474517821099607,,0.6842182818687157,0.4477611940298508,0,1
0.23692758622803842,-0.95976337808675161,-0.15073014618072417,0.97128774891431369,0.23055577153873782,0.058686838551267245,-0.021573773270352474,-0.16030687537870728,0.98683143343389434,19.670698066455365,15.225891106319853,-1.7511995187552707,,0.1616085641136707,0.3888888888888889,0,2
0.99543651784153875,-0.046571576722651865,-0.083290018544114927,0.0729669291412407,0.93396568965628401,0.34983412897623289,0.061497692633220226,-0.35431508405150963,0.93310173883363956,-8.35525788269819,20.065489194976973,-4.8750733995805131,,0.2566345286902028,0.2,0,2
0.95556094047531348,-0.28606984719631467,-0.071185192020618043,0.29169037010350823,0.95246720740177115,0.087880298208134464,0.042661657572269279,-0.10473901541139928,0.99358428008087818,10.605172578620511,21.539229930785343,-2.8685199471256033,,0.282313553457069,0.9024390243902439,0,2
-0.9784911922517594,0.20192368284194179,-0.042211526782110632,-0.20111624623312926,-0.97930627209729315,-0.02261594419867588,-0.045904707676068267,-0.013640078388674344,0.99885269488284645,15.307994072183423,24.046183644158976,-2.4764527547444311,,0.1451514244328799,0.2857142857142857,0,2
0.99750894165803894,-0.013483965057285894,-0.069239396289931657,0.031408786014204902,0.96379078514629435,0.26480334331009575,0.063161693085082793,-0.26631842811458684,0.96181344104415689,-8.3409483628513037,-4.1031896091127251,-3.8679266092523021,,0.7158513007006486,0.5909090909090909,0,1
0.52018154260695249,-0.80756944734933067,-0.27792580023982821,0.8540549372208095,0.49230652185743873,0.16800134745111858,0.0011519287354723969,-0.32475510195303886,0.94579743963264151,29.901717058111732,-15.825544778392112,0.2315656741777731,,0.6199330913747334,0.3928571428571428,0,1
0.97141964802884995,-0.21923716941051216,-0.090988631006146722,0.23356696094422127,0.95117731361998059,0.20176271412220445,0.042312435273651798,-0.21724820276251802,0.97519889059497455,21.536907942421628,-15.082768311736427,-0.51532378324714201,,0.3598785039418409,0.2592592592592592,0,2
-0.084872821976108931,-0.91433319642792921,-0.3959689508025841,0.99545276750450773,-0.095058785663734685,0.0061331016422435554,-0.043248026052406574,-0.39364785427844479,0.918243418198327,22.804548251738556,-21.592287784242338,-0.18300389478685419,,0.3378728103313394,0.25,0,1
0.29273291783089472,0.93155141887456272,0.21568354784498453,-0.95460491785227997,0.27171476768369063,0.12206775100262963,0.055107981549432354,-0.24162582439670452,0.96880342245171691,20.038549718829774,-15.543693867236277,-0.64224446728394835,,0.4905663957024303,0.2413793103448276,0,1
0.5078699406665893,0.86129868581145608,0.015254415320626326,-0.85895080454880157,0.50498313983159537,0.084826551567242781,0.065357774841878796,-0.056183648023980556,0.99627895639847563,-3.9798640848416618,19.729705321977576,-4.3693683585000391,,0.765638687596276,0.2857142857142857,0,1
0.49696221099419846,0.86575048069290172,0.059200219794923792,-0.86534212505944752,0.48931406539897165,0.1084193340706831,0.064896590367731322,-0.10510875597561105,0.99234096054526633,11.243329359888994,22.24516974180726,-2.8310947683537058,,0.08683412102958948,0.2,0,1
-0.94473532436372232,-0.29327052246574942,-0.14651814751777573,0.31958587153450574,-0.92349075697134231,-0.21220200871817724,-0.073075560996168049,-0.24729986340708984,0.96617945535181582,35.848276330270224,-12.09422642779526,0.70267512238826513,,0.3100694415306589,0.2307692307692308,0,1
0.66016326072884457,0.74903593443531269,0.055943168559512167,-0.74776240032727825,0.64834840681576655,0.14316331945105668,0.0709638065540978,-0.13634336178954898,0.98811670659658257,-6.2687611984693037,27.299420418883773,-4.9457311957765082,,0.4677837182906013,0.5,0,1
-0.96694694403064863,0.25351168303786303,-0.027302637108903422,-0.24942606857852101,-0.96267816468921075,-0.10505897174480802,-0.052917329328428249,-0.094776462235744555,0.99409113187012343,5.598015012836842,-7.2994440635733779,-2.2888990979902841,,0.1554560250057129,0.2352941176470588,0,1
-0.38552215532960038,0.89520680164808797,0.22355636880442617,-0.92264288155886764,-0.37667505021733866,-0.082740677133528728,0.010138089502909772,-0.23816105648650127,0.97117276028236299,0.023302776604564989,0.29487674116044604,-3.1544773811348454,,0.1792915135948426,0.3625954198473282,0,1
0.26173121472472194,-0.95242545546887347,-0.15614904102693003,0.96493913073637672,0.25492176973237007,0.062508921685160368,-0.019729298326259546,-0.16703485591763426,0.98575357554316156,25.079143125184963,-2.7287903743734194,-0.63394714342293379,,0.5848987899484963,0.8846153846153846,0,1
0.73948272007076543,0.67191972562019087,-0.041099745001996417,-0.66919483547183845,0.74036833970964944,0.063505855898459709,0.07309978724018644,-0.019457745965669546,0.99713480393945431,36.328431562575872,16.980968318682098,-0.050293086858515502,,0.5907512501721777,0.9705882352941176,0,1
0.44556107395012018,-0.881020392385505,-0.15899181608279758,0.89523629899556978,0.43743439064233369,0.084871213282743066,-0.0052247814432996361,-0.18015055393825669,0.98362517229613866,21.857765059053076,-16.213619852953624,-0.44762229449395768,,0.5983864456835339,0.1111111111111111,0,1
-0.93589103125485362,0.35189951306516909,-0.016574387506762333,-0.34912271001249867,-0.93274501093007134,-0.090000432991127491,-0.047130785801386389,-0.078444102962291498,0.99580380183055406,-7.5564281205913746,26.420459435325473,-5.0975971990350475,,0.7492747385451168,0.1,0,1
-0.9424383759532946,-0.31749741834872602,-0.10490613362626587,0.32627354834083155,-0.94182434519473179,-0.08069990366536299,-0.073181139534725201,-0.11028278261093112,0.9912024155922895,-3.011022358364237,-22.173849240574821,-2.5535515905939028,,0.422379727433402,0.3214285714285715,0,1
