axis_00,axis_01,axis_02,axis_10,axis_11,axis_12,axis_20,axis_21,axis_22,location_x,location_y,location_z,dbh,dbh_approximation,score,reconstructed,number_clusters
-0.34426533242654295,0.93367085705307551,0.098692003622466301,-0.93633447083078936,-0.33370874680069623,-0.10916149065826222,-0.068986517691987992,-0.12998924185671598,0.98911256051990804,12.989172896700433,-29.568260099055994,-0.97612463331272004,,0.1908757047919336,0.1666666666666667,0,2
-0.1324973377079397,0.99117086998433812,-0.0049761425623473824,-0.98902666140423323,-0.13253837831695145,-0.065267459769097771,-0.06535073474649182,-0.003726226993255513,0.99785539869286188,-8.395709755519464,-2.3088717247291553,-2.0226007664986696,,0.1169522646685902,0.2288135593220339,0,5
-0.33752575749346331,-0.92135050492405612,-0.19284607878992721,0.94083663634632708,-0.32365901169638511,-0.10035570664515607,0.030046409718853945,-0.21530929200549195,0.97608356304114707,2.6406963688511169,25.613622226942869,0.10313475610318235,,0.3412670862975834,0.6279069767441861,0,5
0.84174824963754824,0.53290104830724572,0.086465929389342416,-0.53907768311686532,0.82098702518062006,0.18808390694163232,0.029242705030084637,-0.20493115233686363,0.97833945387294319,-4.8652942892888156,-6.4273134856498864,-1.8091472993767632,,0.1247347732940704,0.2184873949579832,0,4
-0.98945288165885259,0.1402541493737206,-0.036218345633782324,-0.13261628167902503,-0.97766850668181526,-0.16302519092514503,-0.058274495369960433,-0.15650260261735127,0.98595690502342592,6.7171379729728065,4.8959873036419435,-0.3435791990089993,,0.1867801115688724,0.2857142857142857,0,5
0.70635251071581362,0.7044459125911503,0.069441247390068142,-0.70761403373822707,0.70011374319890163,0.095515055571036941,0.018668418845271949,-0.11660490048726263,0.99300291405422048,-2.1769081556122094,-10.18015958828285,-1.7088900414825801,0.453857874878947,0.3810833517078034,0.3759398496240601,1,6
0.74881440110396114,-0.63970052552285828,-0.17337886360538382,0.65912792963545008,0.74617996952555354,0.09362598706196909,0.069479242035302521,-0.18438733884033939,0.98039478997064067,2.2421829176771046,-25.230785899755674,-1.8760707892851727,0.7285608605180769,0.5662419441912917,0.4146341463414634,1,5
0.078079120248829487,0.99420929641225597,0.073834449335091118,-0.99412291310805312,0.083214812470693358,-0.069245423090812511,-0.074988563226182206,-0.067993896144541058,0.9948635813378427,10.646834064772991,-4.6547253313038368,-0.28004397082809629,,0.3026693678377922,0.6,0,4
0.16765825272789053,-0.94721823539055405,-0.27325505454764398,0.98480743691008032,0.17363408974902103,0.0023484215182256146,0.045221924979252419,-0.26949734214020377,0.96193875069077917,-17.190332519419801,-15.527633215140902,-3.0673444475427871,,0.2913553653074568,0.1428571428571428,0,4
0.75951235298865605,-0.64180426121585865,-0.10596355950421657,0.64504407926144292,0.76413059954922635,-0.0047500149788998903,0.084018578108624134,-0.064743471622306828,0.99435866839631815,9.5737803858290143,-4.1737884636057681,-0.39443075082651113,,0.4410166004558638,0.7142857142857143,0,2
-0.21569928764752846,0.96505567922779223,0.14879970866414324,-0.97350780091253708,-0.20069518546549267,-0.10956278607906923,-0.075870803810063905,-0.16849029206798999,0.98277904058239796,-0.27041343105912818,7.3116157854628732,-0.87535778403116093,0.3779574567058576,0.3939597416752516,0.2530120481927711,1,4
-0.8142246669535288,-0.57187864566497659,-0.099965025668011562,0.58020982532093579,-0.80748625151414066,-0.10640729400134981,-0.019868324676810638,-0.14464013360071523,0.98928483331470463,-21.22053390902208,4.8320125097719187,-2.7037467187321398,,0.2252996855837546,0.7361111111111112,0,3
-0.6579403005921769,-0.7265420316600909,-0.19811924966520789,0.75297543074910744,-0.63885470952137391,-0.15777408155510839,-0.01193991393910572,-0.25298485400037235,0.9673965588638086,-22.420715086432736,11.436120444283889,-2.5551690216195917,,0.287337507660859,0.5121951219512195,0,4
-0.49090899694948276,-0.84136833427818225,-0.2260700837970582,0.87111803766513407,-0.4702551148011424,-0.14146904770234928,0.012716963808156808,-0.2663821560790447,0.96378359902738586,-13.823652906491427,0.12111974473377034,-2.3007907039027891,,0.260086815994814,0.3333333333333333,0,4
0.82101786047820402,-0.52288689266946053,-0.22917017748884422,0.56443694355074703,0.80369233671358409,0.18838674226959143,0.085677357165606857,-0.28402099461542418,0.95498244229241303,6.3455603818697757,13.311692000214357,-0.027003775558015683,,0.3992573546606432,0.25,0,2
0.60148743695643392,0.79668020899114556,0.059274849518199751,-0.79886600256829376,0.59934395011722097,0.050989600885291281,0.0050963834368272813,-0.078022266435366694,0.99693859029338094,-5.476248656705434,32.518140203840787,-0.21721255330262129,,0.1411641963389266,0.4166666666666667,0,2
-0.58766273636258926,-0.76241999247797998,-0.27086576631370796,0.80910553670596841,-0.55410948699028051,-0.19573172174973569,-0.00085951299118242465,-0.33418323042493653,0.94250773457843462,-18.34704781846732,18.670785826783295,-1.8709979452257475,,0.2146604445637456,0.5217391304347826,0,3
0.82819536142405559,0.55950057650568552,-0.032427584021687057,-0.55968763067116789,0.82869476629459404,0.0038393215080496997,0.029020671759494791,0.014969609405505872,0.99946671350519434,11.371526252779404,-18.592693817790106,-0.71660203292689439,0.2280480636339993,0.2051491896928433,0.45,1,5
0.013681912324625138,0.9997782385075028,-0.016008718936144202,-0.99860590406661109,0.012846074121578715,-0.051197917369456447,-0.050980914452842592,0.01668688666282888,0.99856021059075573,-9.0410546173840505,19.589792288146867,-1.1484318851337085,0.4935652547749824,0.4322662004972268,0.8409090909090909,1,5
-0.49384823999646205,-0.85892687224282882,-0.13549370461962143,0.86953394637185089,-0.48691873613765635,-0.082588501046472182,0.004963059479074881,-0.15860256157218752,0.98733003372902017,25.442225247311981,6.961275247976535,1.6173634830344252,0.3048979217735147,0.1952947445314979,0.6875,1,5
-0.83670710353757671,0.5463890548496233,0.037151361082658207,-0.54464679022977847,-0.82310549280441814,-0.16080180847115938,-0.057280858776370708,-0.1547783849758452,0.98628725773078429,-14.623739381130644,-13.538589866300379,-2.8068933002984799,0.8874644054931097,0.2878916853510055,0.375,1,3
0.17252182943555769,-0.98081422091134818,-0.090772696480121831,0.98307606615910204,0.17721665773054793,-0.046429563512457958,0.061625210047122118,-0.081226352133268759,0.99478872792456241,-12.473842550212627,-2.156657392198571,-2.29017945858135,,0.07162445905919378,0.2325581395348837,0,3
0.40897995329185521,0.88879026104318681,0.20685083920587538,-0.91190197304046494,0.40655165676810096,0.056129688615010262,-0.034208030786612956,-0.21158360582496721,0.97676107026017678,2.0771940471055563,-13.718224357105061,-1.4421581759306599,,0.3492717866222528,0.4375,0,5
0.22661153780397067,-0.96641718730658888,-0.12118180974280932,0.97364783281162604,0.22804738601491317,0.0020706020839760409,0.02563412950237692,-0.11845762875470696,0.99262816884998206,-16.864218189829248,-1.3734870295878934,-2.5785072580705242,0.6605316408654276,0.5017526489348993,0.6575342465753424,1,2
0.40343064900597247,-0.87537297644645329,-0.26639418828100647,0.91362792656939229,0.40136837930128161,0.064710400165468654,0.050276468005740697,-0.26949132862550362,0.96168950319764224,0.23378362798378555,20.332040898153863,-0.38970047908468425,,0.4852473257673739,0.7619047619047619,0,6
0.77111066795809735,0.62997219156726791,0.092322129596050712,-0.63657886121960527,0.7599730745415112,0.13118033168227863,0.012477628363075635,-0.15992486931010941,0.98705032544778437,-7.3804510848125533,-0.17870385667787433,-1.8516765017052461,,0.2423097133695464,0.247148288973384,0,5
-0.43299068731840212,0.88089813014321772,0.19114797672410899,-0.89753143540797464,-0.4017067187769725,-0.18184893330437363,-0.083404958785662495,-0.25030021254409862,0.96456903145930439,-11.050407248908771,16.521907493386234,-1.4451811594477217,0.3899867680070422,0.5986701044471096,0.2613636363636364,1,4
0.53844113014045092,0.83877577800861469,0.080847656732381173,-0.84264043782436593,0.53664686719578436,0.044353494474626075,-0.0061840048701971876,-0.092007250556643605,0.99573913447688311,-13.081833269770314,5.686410009500559,-2.0230914347688267,,0.1027464033260838,0.1555555555555556,0,3
-0.93214498313930805,-0.3362643314089484,-0.13428339372503212,0.35599627877809714,-0.9188412727155465,-0.17028612700575918,-0.066123973749060524,-0.20653574745444694,0.97620213333052408,-4.8957641982186333,-17.835329204374656,-2.170899734255292,,0.2311545914476265,0.25,0,2
0.99173965162007971,-0.11226919168169128,-0.062032991251617882,0.1136828240796077,0.99332100551346103,0.019738174054663257,0.059402684398675257,-0.02662721549217777,0.99787890672233626,2.7429655509390987,9.39255980333329,-0.52668518798684261,,0.1269646807007294,0.4,0,5
0.61882766283647961,0.77367014422396119,0.13596628863367341,-0.78552507377265879,0.60912496350377598,0.10916564162309718,0.0016377370971127315,-0.17435964777722684,0.98468067465762854,-18.104809797069052,-12.713854589141535,-3.0161482437432525,,0.1069652788356226,0.3703703703703703,0,3
0.079733637194203441,-0.97273923365432469,-0.21776347354269585,0.99522949969098196,0.090005099477281636,-0.037647377238292222,0.056220903982600344,-0.21372287050683633,0.97527521478693247,0.7065530074171118,11.32892843731979,-0.62382880717811473,1.017626546190874,0.6520062694771545,0.175,1,4
-0.99424947564809574,0.093684007017809434,-0.051877615621507958,-0.083976715703533975,-0.98268521752949878,-0.16515954246923831,-0.066452173727679656,-0.15985327671989513,0.98490153747914211,-25.189075303110968,3.8215246208108855,-3.0263167534051192,,0.2077381972974477,0.7837837837837838,0,3
0.61434437330362845,-0.7701085031457261,-0.17179605459038283,0.78392765923840291,0.62046257013776618,0.021991456046298142,0.089657214272867228,-0.14818600622422903,0.9848870450402637,2.5655759824656919,20.446087579490818,-0.16028391379620846,0.3086953451982866,0.244213365303913,0.5384615384615384,1,5
-0.98483743509758659,-0.14988918211781774,-0.087341052858658522,0.16420954208140168,-0.96782143752170224,-0.19067483148764527,-0.055950448790190066,-0.20212594627478486,0.97776001611985497,10.114093814856131,-2.6640630218702905,-0.29318557015931462,,0.4135808942698043,0.1666666666666667,0,1
0.87291940028748671,-0.48226665639451471,-0.07369255547061751,0.48152831753421999,0.87596190298766596,-0.028657004848558282,0.078372189036661891,-0.010469796764124574,0.99686919068718327,-1.3452005462358951,-18.15503030204254,-1.9121584654361679,,0.07849602110279813,0.2571428571428571,0,4
0.94065057904000626,-0.29583163211957864,-0.16631335962323557,0.33045655792892775,0.9100224636831562,0.25031495942872545,0.077297810276013665,-0.29041825188769638,0.95377266027970653,3.3739652190367728,-12.836111984184152,-1.2850886437195794,0.9308830064456358,0.3885173643073528,0.2777777777777778,1,1
-0.94625092676797906,0.321906782725501,-0.031388004493092168,-0.31445518089792396,-0.93834845377304155,-0.14359706998471888,-0.075677756290703793,-0.12600873992330638,0.98913834960825664,-16.63677778610403,11.649875794914006,-2.1304518018922036,0.1284285020664134,0.1172573134002721,0.28125,1,4
0.78139517663109836,0.6232266305698716,-0.031782776564983906,-0.62295958816936126,0.78202519656901692,0.018919393199842777,0.03664600176710528,0.005015862808656864,0.99931572171900207,5.206350881650625,14.227255979139942,-0.11994319423668995,,0.2041957285929359,0.1071428571428571,0,4
-0.43530318727130929,-0.86037795520865268,-0.2650677448170885,0.90027912114850184,-0.41504448635755409,-0.13128434167209396,0.0029392474411865984,-0.29578344871742185,0.95525049714161758,14.007676398172546,16.13967752234187,0.73567093993178889,0.3356600576517275,0.503293507837391,0.2112676056338028,1,4
-0.94531613948975413,0.32525486465605047,0.024221260036653453,-0.32380742267661183,-0.92702411450372213,-0.18914291989953319,-0.039065962674929802,-0.1866428786376951,0.98165079657387178,-8.5428734881632717,2.8311087361044165,-1.76970941747341,,0.2215395419447626,0.1789473684210526,0,5
-0.40177475079834685,-0.85761030782300107,-0.32106324849889439,0.91554718575303884,-0.36902584941550304,-0.1599789771277968,0.018718981826373351,-0.35822406728038636,0.93344797248720834,9.6276165213387106,14.552644624746291,0.29310145614795735,,0.3306476020972486,0.25,0,1
-0.43876263626387352,-0.89209097203036358,-0.10798632617464057,0.89847030135761474,-0.43345354636025718,-0.069779228471459717,0.015442363715819876,-0.12763902526122789,0.99170046517748023,-24.597301275299788,6.2217210354724957,-2.8900784962186341,,0.3373911287680336,0.72,0,3
0.96698652425038456,0.24892371088748558,-0.054534833603521612,-0.24378872602805227,0.9659707750515566,0.0864148066474381,0.074189749829606313,-0.070266975915420873,0.99476551664999036,14.113828886921764,-7.0591035858484315,0.006023031704507781,0.2821057420123595,0.3081718148528584,0.4,1,5
0.99770887025683819,0.035306828784744691,-0.057709947599956277,-0.025475670031087382,0.98629971171561215,0.16298425968837768,0.062673762032385852,-0.1611406420207705,0.98493943623039226,-7.6596953524347828,11.57231089217921,-1.3577585320475247,0.7816958056174317,0.5468360659732867,0.1219512195121951,1,4
-0.11069594925768428,-0.98282646068788826,-0.14764333709876382,0.99332150535238006,-0.10454519296355966,-0.048812801934469317,0.03253911219473922,-0.15206068130825642,0.98783538880607391,31.22800101658839,6.3805162562679358,2.2011346471777538,0.607699520040346,0.5599101651349875,0.7096774193548387,1,5
-0.95166648824513855,0.30381557440767376,-0.04502212676564972,-0.29759809719753177,-0.94840256751955732,-0.10939809169597467,-0.075935944687449075,-0.090711998487784357,0.99297787771670831,4.2956902187362083,-3.0584589109661127,-0.8409986769305392,0.3298734866953716,0.2774233417416684,0.7975206611570248,1,4
-0.9815673624212693,-0.15820559699584336,-0.10722174270427622,0.18308732173934805,-0.93930929490458104,-0.29013286805215932,-0.05481373593968604,-0.30441589574962757,0.95096078613541513,7.3795742448730453,-22.681053983299599,-1.2794448080432232,,0.1105230587375943,0.2222222222222222,0,1
0.75870215997051693,-0.64661760793115863,-0.079099314595384135,0.64637117089196439,0.76234560081754654,-0.032148006997101117,0.081088481893693914,-0.026736754244322414,0.99634823434211761,7.971773350410456,-11.182383741494396,-0.7758075730769205,0.3274093301187626,0.2911923378867241,0.6857142857142857,1,5
0.2632384393061562,0.96060647577682901,0.089110733176642462,-0.96436805214536281,0.26454730187877334,-0.0029975106370727415,-0.026453432159502074,-0.085146484156897212,0.99601721479234528,11.783449665422486,8.4686040882328317,0.2606500531688215,0.6273905936699491,0.6411042174263338,0.7407407407407407,1,5
-0.37100478730728131,0.92719040928220031,-0.05170486176544966,-0.92603078437471309,-0.37355574947590292,-0.054065593715868381,-0.069443748353841678,0.027821699599447861,0.99719783335402701,-16.928492020724164,-17.680347143647158,-3.1317309666163435,,0.08951498697026651,0.5454545454545454,0,1
-0.97229972470745518,-0.20302289190047643,-0.11582292820584478,0.22803916809944888,-0.93269393895265584,-0.27942826280369842,-0.051297009136206842,-0.29810018719442116,0.95315523145410719,-0.34304587289079225,10.743555951040172,-0.75513597980464442,,0.2607142580241206,0.6730769230769231,0,2
-0.97211374637594095,-0.21064983240218491,-0.10306072101370276,0.22867938211139383,-0.94888403527076493,-0.21754270340652776,-0.051967338820493557,-0.23504411440663825,0.97059448791898417,5.2778480422919793,-2.5493912765003062,-0.75373568891655351,,0.5280983506082151,0.42,0,1
0.14285163196418454,-0.97696037568050498,-0.15856177217531048,0.98805638163287168,0.15011789352372809,-0.034773621591012445,0.057775409645674146,-0.15170050228725199,0.98673651987046129,-4.3700600573202255,7.3573277958043422,-1.2344830399802045,,0.4962067301555206,0.6601307189542484,0,2
0.1466318598088179,-0.98228097152333249,-0.11671842473313615,0.98783868582873946,0.15157647970316246,-0.034630933873414795,0.051709075307485475,-0.11022097705960693,0.9925610851463349,6.3688941447527467,-19.2241969374153,-1.2135473008333404,,0.094574033692645,0.4,0,4
0.98553922763820123,-0.13696436654196981,-0.099765690916547051,0.15386558443493564,0.96997983582933489,0.18832020606136055,0.070977550766385025,-0.20094745676980968,0.97702728053261234,5.830886991332096,10.485192532758283,-0.21773553673925364,,0.1116480557580205,0.3611111111111111,0,2
0.45771029040106631,0.88908879777989747,0.0047328345912659711,-0.88878952677387102,0.45768423756959775,-0.024048196968050068,-0.02354712632254435,0.0068006134011979894,0.99969959712871626,15.9918411396155,15.767296559361872,0.8585688239547421,0.3146696946137529,0.2722296577605623,0.5714285714285714,1,5
-0.98252033004489236,0.18601935341604342,-0.0071134522669088103,-0.17139332323883213,-0.9188595946806698,-0.3554171830573547,-0.072650738452032806,-0.3479854097774116,0.934680707399282,12.068068769335941,-0.22796524376495886,-0.02972163949771877,0.5490185691014065,0.4569352050470942,0.3513513513513514,1,3
0.28145829404355577,0.95810117188815047,0.05313542265423514,-0.95907242830439143,0.28266891048438608,-0.01668425341116303,-0.031004934775114165,-0.046264797331481131,0.99844792680813754,-16.217310743870538,-6.4591831591488367,-2.6893760018365507,0.1210060728663503,0.08378602496994617,0.3684210526315789,1,5
-0.93188462341973644,0.35990748941631018,-0.045361301743945037,-0.35277067568919246,-0.92825889810106654,-0.11784849795387548,-0.084521589003326916,-0.09381906606997592,0.99199500191992429,-26.27641722282808,12.021285513496183,-2.7475052157347313,,0.2117668855341841,0.28,0,4
-0.48608194445568037,-0.86587375031113778,-0.11826661319370697,0.87385349470088969,-0.47999500339790108,-0.077361919004701962,0.010218271538096102,-0.14095192526238765,0.98996370725981631,1.1550410750840003,6.8098434957376162,-0.79808757073320147,0.2328802796487195,0.1775804896791776,0.3473684210526316,1,5
0.82658284280012162,0.56236767280301725,-0.022436679223693672,-0.56236452638878753,0.82685940081135545,0.0070477478246517766,0.022515404681751935,0.006792045053130631,0.99972342409088943,13.10964712560822,-9.2353760252332222,-0.17977348381696434,0.5119762985656323,0.6095360535094383,0.6216216216216216,1,5
0.87435708755643693,-0.47079161490149185,-0.1177070039473925,0.47670605999773258,0.87865597194719447,0.026739770435994313,0.090835102252731503,-0.079491749886242774,0.99268829241547896,-17.339199726360043,12.614268985709993,-2.1293435448872935,0.2714652862966135,0.1927801587304507,0.65,1,2
-0.34245485978042739,-0.93475527927678959,-0.094642679996602502,0.93882763056835106,-0.33655048085785327,-0.073051036377067391,0.036432802447572014,-0.11386984543117254,0.99282743173589705,2.2140035157726001,18.952982651231967,-0.2184563287140785,0.2292373428266462,0.1824774736388418,0.6086956521739131,1,5
0.97338503718548197,0.22786289515777991,-0.024496334291752589,-0.22519250012372427,0.97082911513596371,0.082335697557916102,0.042543004964919064,-0.074627945266078466,0.99630354938337884,14.32823956750995,10.970210781940912,0.5806555319165555,0.3864372840882495,0.2813416987535803,0.675,1,5
0.98906015464375152,0.14204709264338439,-0.039782332355459964,-0.13592155202480288,0.98236546235545352,0.12838781120622242,0.05731790463064141,-0.12157599204907843,0.9909257974066652,-13.407809208901803,-2.3063437183265814,-2.3496693749873945,0.3086218403826657,0.2694721395174365,0.3006993006993007,1,3
-0.42517548591329463,-0.86352934352052735,-0.27118790359712147,0.90470848172936547,-0.39652825382662327,-0.15578160033892224,0.02698831720097742,-0.31158051414717325,0.94983641430429644,-4.3959253332088526,-13.192317375056145,-2.0056454154301955,,0.1897473826172742,0.4252873563218391,0,3
0.7054312234128447,0.70739850718117669,-0.044205667873008676,-0.70852053074736121,0.70548390552332751,-0.017062138114228277,0.019116656185993158,0.043356788227384722,0.99887674032929163,-19.100087745213436,-16.138063422755874,-3.2249820007858374,0.4163797989905525,0.4027606181578462,0.9316770186335404,1,4
-0.080282885119601938,-0.95950556192013492,-0.27000691658029702,0.99661506301308256,-0.072460681906646215,-0.038831247122046907,0.017693912294979939,-0.27221044473339107,0.96207504865563753,3.7579995081697231,-22.103148295299622,-1.6035731468185463,,0.5530200305461219,0.5,0,5
0.96118519695619908,0.27467681937764427,-0.02599350012702981,-0.27141703428279634,0.95826975762587951,0.089732185534342021,0.049556136384954874,-0.079194169711028703,0.99562667342251154,3.5615570439553226,-17.084007604578982,-1.4360564426353819,,0.1541223091472465,0.2333333333333333,0,3
-0.41644432518944763,-0.89259518529994897,-0.17276561925585115,0.90893522406674243,-0.40451780135339283,-0.10100547925216551,0.020270236018562475,-0.19909591549695121,0.97977034756323611,-4.7631504774082245,-11.650325477317898,-1.9817698265469621,0.1738792514164789,0.1247514558366876,0.2285714285714286,1,5
0.9965772032550988,-0.032366821607842544,-0.076067514822357893,0.049534006899152848,0.97048669916826513,0.23601260326092235,0.066183533546934542,-0.23897270889473762,0.96876817881820954,5.6550289842575436,11.827843313268765,-0.1693313568857292,,0.1839960195659538,0.28,0,5
-0.80087262841864038,-0.58646235434588112,-0.1210988851513637,0.59878453302205181,-0.78687856634204545,-0.14926220166220516,-0.0077534549318586101,-0.19205215116361396,0.98135409265465778,-25.299459114893029,-0.3577616098620176,-3.1742797363146047,,0.2378429207183168,0.28125,0,2
0.5324334571730075,0.83199083065826707,0.15590340401468492,-0.84511415210207297,0.51205792637604841,0.15355373636696562,0.047923726895905509,-0.21351331980939339,0.97576399742170139,-12.836029951747818,12.861546392953489,-1.7217440337844085,,0.2610232545007245,0.1111111111111111,0,4
-0.89150334594438618,0.45258885986032299,0.019624171327676226,-0.44374221569365446,-0.86371764607358892,-0.23892399183084492,-0.091184593990713922,-0.22170961140968226,0.97083995489849773,-10.623337521660664,-2.4811156738166291,-2.1975901969509075,,0.4428227946256367,0.488,0,5
0.98176103353790389,-0.18792113644593159,-0.028825674379902556,0.19007626606953543,0.97341062930899258,0.1278388040672073,0.0040356044961987287,-0.13098623296033921,0.99137597341836448,0.024001278773148806,-21.867285994804664,-1.962326860722901,,0.2057105868764882,0.2777777777777778,0,2
0.14813595872438459,-0.97114316622489394,-0.18691358545460579,0.98888517504010121,0.14302285516507179,0.040627250538769914,-0.012721962062374675,-0.19085443037854713,0.98153590769067867,-5.8491830929367996,-7.0386390383295288,-1.9431404502073488,,0.5576188879830455,0.6150943396226415,0,2
-0.34587404198413468,-0.93478035427808182,-0.080974294299491989,0.93773326535164292,-0.34143423323295119,-0.063866950996360999,0.032054174993312833,-0.098022209893321624,0.99466787232378595,3.9466297829987522,-18.631186267124701,-1.455784168224217,0.4439359745140266,0.411021693655226,0.8559322033898306,1,5
-0.9282599703668728,0.37072872717780847,0.029893782959249035,-0.36867646101776946,-0.906546840027315,-0.20554924939756739,-0.049102897123344515,-0.20182427426256808,0.97819009799347389,-21.149844747570352,0.058125577171257041,-2.8447223001917066,,0.2290703048700435,0.1923076923076923,0,3
-0.16422524912196132,-0.96325701145939935,-0.2125229338804078,0.98570642392860963,-0.15204210173167026,-0.072567521157115886,0.037588740025462176,-0.22140264039826371,0.97445777612371454,-1.4016170902157066,26.72018380510773,-0.26680969025190421,,0.1946260166451582,0.3,0,1
0.83981941924082271,0.54218489942245252,-0.027182308663386841,-0.54190689443292239,0.8402591935194369,0.017361033152719078,0.032253074769270758,0.000150147691555892,0.99947972296770338,-4.0261290985398848,3.7005964117655847,-1.3528658773580742,,0.08458169524854274,0.4397163120567376,0,5
0.61812959321527472,0.78597567473003194,0.012571583996856145,-0.78585096953535805,0.61749062085099571,0.033816960853830576,0.018816473417109479,-0.030782655728879692,0.99934897229867636,8.1097650518096049,-15.450927919781417,-0.94459504457984178,,0.1376251391090135,0.3157894736842105,0,4
0.93466561791266112,-0.34667549153372623,-0.078843428780038402,0.34588263535027192,0.93797235299816972,-0.023938829842500096,0.082251962013647206,-0.0048957717396447623,0.99659954152306274,-0.66153723581198398,-16.505242451288332,-1.7791571824901264,0.4518642866859003,0.4178183208803047,0.8214285714285714,1,5
-0.70907465905525491,0.70508705497409785,0.0080853443728595431,-0.70001978206684101,-0.7025077476591739,-0.12827770341694969,-0.084766931056671477,-0.096618369820589162,0.99170532821622259,-6.9922094228087435,16.198023395465274,-1.1748106183968601,,0.2347305441505974,0.6623376623376623,0,5
-0.65521985872710586,-0.68594262250223281,-0.31649590102304997,0.75541757047291969,-0.59802672198363094,-0.26778411830111515,-0.0055884658381551858,-0.41454403677808915,0.91001209366760794,-18.738635097780818,-21.542260198093754,-3.4220142149431636,,0.6699772427771111,0.2413793103448276,0,1
-0.69923899250025734,-0.64917951371235205,-0.29938401818303373,0.71481179894832336,-0.64101504834695722,-0.27954212540690471,-0.010436639856131903,-0.40946998274469659,0.91226389262075436,-25.934086275013939,5.4358723301326508,-3.0282376808149056,,0.2261430375063064,0.4166666666666667,0,1
-0.725881332983487,-0.67451056764422734,-0.13465431505294612,0.68778981748636858,-0.7099716473913501,-0.15127930083947333,0.0064387411955609238,-0.2024246873201847,0.97927666600156549,-9.3492525586451034,16.882414328895539,-1.2915412522523448,0.5338052419127395,0.365256700168261,0.3333333333333333,1,5
0.34772383667870033,0.93096747223508403,0.11130004063638906,-0.93699585260320817,0.34929396794010914,0.0057005407673168069,-0.033569414797257759,-0.10626989037761984,0.99377049905362824,0.65267652624065475,-16.073519740245903,-1.6451634741212402,,0.1779756092685414,0.4,0,3
0.93211009389963295,0.35994763491304599,-0.040105772289321995,-0.35367253326735615,0.92848320042129762,0.11329027207874397,0.078016101303956864,-0.091414696061024731,0.99275215501221759,-4.1158719709338962,19.588936473271819,-0.82011296496063191,0.3260484155776988,0.2212713703828295,0.1111111111111111,1,6
-0.9745250345109846,0.22175915496145884,-0.033523637961039812,-0.2127589577201221,-0.96137273922191469,-0.17463127495038819,-0.07095479561812898,-0.16305009497614684,0.98406304854265192,-17.113784819021827,18.177214906364362,-1.7833770525517525,0.3193104204793888,0.2609750792722047,0.6944444444444444,1,5
-0.99166931389877633,0.12315778368785145,-0.037737675983363389,-0.11478557400498232,-0.97786352665846743,-0.17494912183663563,-0.058448643028522297,-0.16915993481956562,0.98385398946183233,-14.094483682351731,24.610138245208404,-1.2441485821961813,0.5711226806077567,0.3116140996414571,0.2222222222222222,1,5
-0.28820583418924867,-0.93297022104962102,-0.21564777711328731,0.95698541741407084,-0.27277361534657169,-0.098860839707026416,0.033411195669972499,-0.23486404877158876,0.97145384378184463,-2.8713738152152226,-19.553199761575286,-2.0879394823270254,,0.1368708138890982,0.1333333333333333,0,5
0.92684713822761011,-0.36763864554026715,-0.076132835653277928,0.36726825688368575,0.92991437446725711,-0.01932054980559313,0.077899999004557935,-0.010053977545693524,0.9969104812823476,0.32694348217123803,1.8614123012384101,-1.0624245039357019,0.3638742317332573,0.321485697392916,0.82907133243607,1,5
0.87350073956843999,0.48669406464685039,-0.011195776476597854,-0.48102592241790704,0.86640961508103953,0.13397179127385139,0.074903404030712814,-0.11163900005217779,0.99092190092456811,-2.6710305939826227,-16.696680377926931,-1.9770231620010723,0.5750170305112052,0.5049047489011521,0.1578947368421053,1,5
0.84159827119646247,0.53946408755314179,-0.026283990556635651,-0.53936911634807849,0.84199514200116155,0.01118647291760002,0.028165692766522695,0.0047622564923955829,0.99959192406905839,-18.79723177719443,0.67939897650279601,-2.6563699596577965,,0.07261678342268336,0.1875,0,2
0.34579633036914492,-0.93395849453814328,-0.090257566903161862,0.93582158186694919,0.35028047219511671,-0.039262675797852302,0.068285172733723185,-0.07088808982340819,0.99514421764180216,-7.4156080020315907,-11.355569759315276,-2.2104031807214732,,0.1012722805015069,0.3974358974358974,0,1
-0.78192191136027267,-0.59694767598277998,-0.17958729541216603,0.62304571494676575,-0.75775658175183647,-0.19395618035588916,-0.020301763991635299,-0.26354968212944352,0.96443216631772377,-14.746624070292972,-0.48564590405791275,-2.3875006864396813,,0.0744863722484467,0.25,0,1
-0.98842266249575195,-0.11449161062801416,-0.099560591403485069,0.13982612992655366,-0.94210097776026169,-0.30478582823504163,-0.058900710136390116,-0.31517839202420106,0.94720287560082239,-12.782804152924951,14.180085571874496,-1.6469378357946567,0.3205106212397413,0.1843686824184419,0.4166666666666667,1,4
-0.64364225033837708,-0.75973792845906229,-0.092319735918617626,0.76531804852039298,-0.63950212513438831,-0.072974766580913883,-0.0035969693198344135,-0.11762360311321168,0.99305173571288741,-2.8125173648700814,2.5733564355510841,-1.275785082194957,0.3731706207467286,0.3048376459933665,0.902547065337763,1,5
0.70715214562619,0.7048274069573921,-0.056161991934008455,-0.70695054459986995,0.70621388554505704,-0.038508120615017447,0.012520799743781071,0.066934850900502482,0.99767878363163787,2.5410348902071274,-1.4563454530795745,-0.9957491819259211,0.4974411951964278,0.4208395550187387,0.9714285714285714,1,5
0.92162984729228103,-0.37934779852193107,-0.081814866232064756,0.38032412471719257,0.92484500130787894,-0.0039094390813075568,0.077149107176347528,-0.02751311164506029,0.99663987676065735,10.34077822591261,0.00061508309590124072,-0.19478220124512219,,0.08578264335788074,0.4285714285714285,0,5
-0.54964101986032132,-0.82265781910251567,-0.14535770346424703,0.8352224292915299,-0.53754424010665935,-0.11597277066842528,0.017269710341025129,-0.18514940614986652,0.98255862649873993,10.645911316817871,15.502160884849452,0.4116480872215082,0.1991773020448057,0.1544522443257864,0.4545454545454545,1,5
0.94064687778155731,-0.33028313570999523,-0.078080097242393606,0.33133046400230842,0.9435146458233693,0.00048656018857423579,0.073509012670717327,-0.026327996170902836,0.99694697034185398,-17.673553197183118,11.770510663325979,-2.1722540360164051,0.2779129375502293,0.2221202931232122,0.8166666666666667,1,4
-0.88299474947802681,-0.46002552497880123,-0.093256574900731387,0.46811663271684945,-0.87764103890898837,-0.10301953696552328,-0.034454180705333931,-0.13462066405545153,0.99029802899995423,-1.837661667685963,8.7510555302907722,-0.96734356110482145,,0.4297682205978898,0.1951219512195122,1,1
0.65283062340740716,-0.73684689974370543,-0.17569525741916228,0.75324776591527398,0.65601250211435669,0.047596220577997388,0.080187157856755703,-0.1634143304846635,0.98329333177191058,-0.3909627420919134,-14.014147979623027,-1.6671592153598747,,0.07858940459996666,0.1785714285714286,0,2
-0.53879370153274198,0.84142535203842517,-0.041288305071282339,-0.83861824175772459,-0.54036804573801556,-0.068715498517147547,-0.08012984325349061,-0.0023983519946861676,0.99678154885003789,-11.943394042786679,6.4200026452897134,-1.8914652301295194,0.2322900777033153,0.2525509742851274,0.8310502283105022,1,5
0.69564007188184851,-0.71090036437396664,-0.10346768734817754,0.71427197763933259,0.69984082158955496,-0.0061940613538482717,0.07681427179512515,-0.069595232378519306,0.99461352860232422,-6.3536652880012934,32.489178508644315,-0.26928075023550141,,0.2484598597557365,0.7083333333333334,0,4
-0.43854327197237203,-0.84878060932307142,-0.29538326940590637,0.89857641720003845,-0.4084493170517724,-0.16040441967690144,0.015499066414111858,-0.33576871896753091,0.94181693884915607,-25.295896215379354,14.596562633378518,-2.5832952318437181,,0.3798017267426098,0.1666666666666667,0,1
-0.17179185337844854,0.97402813812731059,0.14750167880076759,-0.98380188465221419,-0.16184403538179756,-0.077073730713446087,-0.051199715502637577,-0.15835306863961487,0.98605420479042039,-22.648429155777851,-18.401604498343548,-3.6150191872794055,,0.1837446584081105,0.3,0,3
-0.00088860897049057076,-0.98145160752194804,-0.19170798748795614,0.99880607719442505,0.0084924985617280645,-0.048107147365681405,0.048842916923356482,-0.19152185139237723,0.98027228355475526,-22.745446848825754,25.566120686227109,-1.8825079624887704,,0.1850300711063615,0.25,0,1
0.96103227488468679,-0.265276801595559,-0.077750788839686905,0.26514146137252553,0.96413173143251119,-0.012247853125706882,0.078211073967850639,-0.0088443756239696709,0.99689758999037448,-2.0363097428589247,-2.3194943372716965,-1.4241174619913779,0.3074757576789047,0.3307935967988153,0.8108882521489972,1,5
-0.9233775650559225,0.38278672548439563,-0.029123790006293587,-0.37732051647100001,-0.91893124678467319,-0.11486771318705906,-0.070732596456333452,-0.09507726581944094,0.99295378206784912,-15.730678787194087,4.0127000450106438,-2.320563892815978,0.3462456004748463,0.2972542826186325,0.65748031496063,1,4
0.70578235481083096,0.70178766893968281,0.096774662809457374,-0.70841632533644627,0.6983454130719291,0.10227411225819941,0.0041925689599900933,-0.14074001479892861,0.99003771170592947,-21.118554973064917,9.970352901021208,-2.5509274294891457,,0.4302546777980523,0.7627118644067796,0,4
0.99681681362058894,-0.026391950693235085,-0.075231011038692952,0.038844132593792574,0.9848155247736321,0.16920258723752737,0.069623081275780652,-0.17158626723442355,0.98270584584107601,-4.1417186046426533,26.261599099920915,-0.5268513646139078,0.7890854499267359,0.5558974078814291,0.5609756097560976,1,5
-0.13553604120167795,0.99075153781935366,0.0064320948346497948,-0.98896426969422191,-0.13489380337286716,-0.061264468330146031,-0.059830216475876406,-0.014664655474546961,0.9981008431397409,1.0339765435809156,-14.496442653632302,-1.5630220944217899,0.1792548576796447,0.1399477937982903,0.2272727272727273,1,5
-0.30787632853082797,-0.92450582256457015,-0.22472461007772837,0.95097696004638943,-0.29176460946693328,-0.10254869147647586,0.029240174269442306,-0.24528024116674613,0.96901115344555089,-18.895078966828532,-13.864943769318206,-3.1084445547390578,0.9210204111253188,0.6026139019461132,0.5822784810126582,1,4
-0.32089787612630066,0.94706484339903974,0.0096299270601072039,-0.94464692956755381,-0.31931214105014111,-0.07537861126718054,-0.068313480047669864,-0.033285717290277989,0.99710848430261056,7.7194069574033586,-1.5463560240733776,-0.49499035304762279,,0.1374551578067156,0.4545454545454545,0,5
0.97484346043887571,-0.20810741746551009,-0.07982186689995735,0.21037424416764205,0.97739464762954231,0.021032835662751045,0.073640376360064458,-0.03729618721744709,0.99658722116460507,-0.78845098546610592,-18.86281568241985,-1.884298032874526,,0.08222586906010004,0.25,0,1
-0.92860535985329251,0.37090886928768352,-0.01089478478303268,-0.36231137548517711,-0.91263986539884323,-0.18925893183366285,-0.08014083132695507,-0.17179955404049271,0.98186677323642613,-20.51018312783361,-3.54234256454491,-2.9059390487717218,,0.3699771211043748,0.1739130434782609,0,2
-0.91217605298163273,-0.38350922663386661,-0.14441440874630268,0.40876974081658479,-0.87647053889576509,-0.25437510381424955,-0.029019775319472849,-0.29106711860748158,0.95626240389651762,-19.186812234656223,16.874092380718281,-2.0574200573952863,,0.3809602520944919,0.5357142857142857,0,3
-0.1888125707784867,0.97926308402631468,0.073441305675284882,-0.97954234138788965,-0.18250826085899044,-0.08477933796956913,-0.069617630987779733,-0.087946273266684624,0.99368950808295831,-8.8557487070401955,9.7822220320405382,-1.5172963343904982,0.6342667367671332,0.5741688028085206,0.6097560975609756,1,5
0.87743351878237785,-0.46558096438697416,-0.11551963347271081,0.4733752254620931,0.87935709463292366,0.051448965368172471,0.077629350350797488,-0.099827179261151061,0.99197188379755741,6.8984479920731925,-16.405797183491604,-1.0895163981507709,0.4548633856471089,0.3746016908796321,0.8648648648648649,1,5
0.8871230581275602,-0.45250836161310493,-0.090823248172649099,0.45588534461995833,0.8898242882799422,0.019526611273790649,0.071980777289141054,-0.058727494900765377,0.9956755741924842,-29.477779333179043,14.885138611107038,-2.841686569511785,,0.1606579126853255,0.2222222222222222,0,3
0.66644989628400997,-0.70542729675270954,-0.24128171240108037,0.7413551966749502,0.6613178649457232,0.11424164681357019,0.078974730807255852,-0.25501178502139005,0.96370741482782318,6.2036824882858284,-9.5757594387427289,-0.90939647219378072,,0.3145614380406969,0.2285714285714286,0,4
0.12450558272201503,0.98894464949827932,0.080540921895495929,-0.99110288794087853,0.12780402132911181,-0.037164467537655177,-0.047047055022614852,-0.075197156600717588,0.99605821228122282,-18.692574474464415,-0.83234191939756441,-2.7070389821064249,,0.3312083059162017,0.125,0,2
-0.84200891072195627,-0.52034257250110016,-0.14235378993115427,0.53943469177191394,-0.8093881455165256,-0.23216598202635236,0.0055863742952103135,-0.2722763984267782,0.96220286597056925,0.49540605698215795,-10.291308680648987,-1.453691596057936,,0.2747973494969599,0.2608695652173913,0,5
0.9820850495454676,-0.16341918140003425,-0.093824978602814926,0.17881663735248263,0.96527396115727748,0.1904489173444911,0.059443802580476532,-0.20381450159956926,0.97720319446494441,4.4732844876166951,-24.425741353732288,-1.6115181548972073,,0.3860636264282009,0.3714285714285714,0,5
-0.52175768968356906,-0.80888104472927191,-0.27107262630842183,0.85305748728880337,-0.49176693362499296,-0.17452279614303559,0.0078636274438862279,-0.32229914438414603,0.94660521068324477,0.021676692175269199,-17.6520373559927,-1.7734492303052736,,0.2456948181322048,0.4,0,1
-0.96763146634128117,-0.22340536744644882,-0.11738563430990773,0.24720812885156718,-0.93264471277877836,-0.26279646260080619,-0.050768950904358567,-0.28330880946752635,0.95768399386340564,-20.831858594757563,-4.4244807326653408,-2.9560726632155738,,0.09220581066591854,0.3333333333333333,0,1
-0.88982653292180025,-0.4447650709645613,-0.10194495062659337,0.45446070268434569,-0.88387437512421585,-0.11059637749234419,-0.040917123848343381,-0.1447415650346057,0.98862311743521047,14.747714959285478,18.377532358293458,0.88659394672709368,0.2929199403841879,0.3043866971176219,0.6551724137931034,1,5
-0.5898656752032102,-0.77215442425203773,-0.23629648817759641,0.80750048066419811,-0.56360699304550221,-0.17404060192178156,0.0012078676044041023,-0.29347010494803594,0.95596748823254385,8.0291966848472214,-4.3728309539864307,-0.55611128094658668,,0.5638375531143499,0.3125,0,1
-0.61802510652339204,-0.74063486376062482,-0.2636379454650436,0.78610757587597235,-0.58601165031410851,-0.19653301210365634,-0.0089357068635344001,-0.32871012195917276,0.94438858996942199,4.2435521181220999,5.888277786849204,-0.54061119963703763,,0.6904833298338072,0.4215686274509804,0,3
0.90229499269766444,-0.42190445506687158,-0.088658766895600441,0.42759453334614722,0.90203299488304922,0.059155652264238828,0.055015099792807616,-0.09128585288555606,0.9943038931120326,7.1781643695343753,-8.1787025358605732,-0.74142256245201288,,0.1359382209484186,0.4,0,5
-0.4658591703754198,-0.88092234110430723,-0.083373031133770634,0.8847626719238767,-0.46234687253649714,-0.058569478620204771,0.013047902024782562,-0.10105047451163698,0.99479573473840577,-7.5818085123247529,-10.095318894888811,-2.1932822529354112,,0.07508392654682838,0.3043478260869565,0,1
0.13445641016566545,-0.96364864946562367,-0.23087389230582553,0.9908772865798271,0.12859969425875376,0.040302873058305828,-0.0091474972293632464,-0.23418667558090203,0.97214861223724636,-18.672416796986898,10.406336356755487,-2.3474353325027044,,0.3672804608563184,0.6231884057971014,0,4
-0.1797277048891476,0.98320088839865516,0.031842819400528286,-0.98094456838477739,-0.17669908413666435,-0.080778632209680554,-0.073795025927783586,-0.045754198904136054,0.99622329195364545,3.2550635590570058,-10.608557038765277,-1.2224600906233014,0.1904804968757539,0.2444047807055264,0.2380952380952381,1,3
