axis_00,axis_01,axis_02,axis_10,axis_11,axis_12,axis_20,axis_21,axis_22,location_x,location_y,location_z,dbh,dbh_approximation,score,reconstructed,number_clusters
-0.60618941297006801,0.78108829786881662,0.14978473398647479,-0.79478717309108371,-0.58804804635248364,-0.15004280946086834,-0.029116062455071881,-0.2100013478847739,0.97726746021429078,-6.3904137240520589,-10.177692322388999,-1.0940516558428641,,0.236714622493353,0.1162790697674419,0,3
-0.63726025173756395,0.76842324581668486,0.058524241506646243,-0.77012595633069869,-0.63219246707583832,-0.085080526316502827,-0.028379269566090087,-0.099289475077253719,0.99465381776665385,1.9776458303239934,-6.4090485381707873,-0.74893545117141835,0.3693875603662098,0.2814477500998021,0.5166666666666667,1,3
0.68382168232992424,-0.72431083163574084,-0.088100658060038889,0.72880189884042756,0.68384750178856635,0.034646594985976935,0.035152510892646698,-0.087900019753561903,0.99550885857699134,-9.1316358839564948,-14.394043443141403,-1.0630993293107107,,0.1280566600663409,0.5652173913043478,0,4
0.58776560408732803,-0.79903497961028536,-0.12678602451000159,0.80820632379919355,0.58698654909277159,0.04742709515828996,0.036525782987538093,-0.13034528201416226,0.99079562707644064,-19.140857675468368,-0.62437370382545743,-2.3221860878270428,0.3633662069874647,0.2900574143749165,0.7586206896551724,1,4
-0.10040696776773272,-0.98929732407229498,-0.10587372387464906,0.99491522415002986,-0.10067681606246322,-0.0028063253588490361,-0.0078827392563904745,-0.10561715434019661,0.99437562275575431,-4.2230125661126383,-12.430154442840463,-0.83075612941400834,0.9202940391093846,0.7022584439337638,0.9825783972125436,1,5
-0.31364577932154536,0.94954005255569629,-0.00011707393745413519,-0.94936376878096251,-0.31358992141288594,-0.019230073173745754,-0.018296437898894156,-0.0059202855325023555,0.99981507819167559,-14.343141587788867,-11.733837128246716,-1.5142315307124181,0.2564515124579245,0.1698842992744387,0.8421052631578947,1,2
-0.93100641112512728,0.36469130588657561,0.01507693120818541,-0.36238618347759155,-0.91860615086940989,-0.15760391368692003,-0.043627015351243914,-0.15219392562002212,0.98738730624609061,6.8639649065106072,6.0386228243863336,-0.83708479726421769,,0.1418144620622815,0.1875,0,5
0.9852935002956047,0.16724401323843285,-0.035016543392178835,-0.15576603608619047,0.96337476404154265,0.21827965092948087,0.070240019057721398,-0.20961513314597133,0.97525783036024172,-25.761835515991372,-6.3833266933919575,-2.4400042581521673,,0.2234007760619511,0.2083333333333333,0,2
0.98296071748609315,0.18158052448332795,0.028578680997981415,-0.18295580768231789,0.95144387435360134,0.24755146210499129,0.017759513353003905,-0.24856199846993468,0.96845316489859068,-16.887376422406508,12.941611142687805,-2.6688500747307411,,0.5169124823399964,0.25,0,2
0.78876139753732666,-0.60502964511629964,-0.10860288341203558,0.61329172744170402,0.78652567644330384,0.072461143704568631,0.041577816279048205,-0.12375980294848588,0.99144076795722813,-13.45644341999142,-7.4320100189738554,-1.6120715383364197,,0.07148450108585222,0.189873417721519,0,1
0.28861861219573987,0.93414645015707831,0.20992785987842191,-0.95709971448530318,0.27561359623170317,0.089427524310911069,0.025679431971056418,-0.22673234271086434,0.97361851437947045,-16.429113135291619,-12.794939976273247,-1.5961192211628312,,0.1506158553001413,0.3333333333333333,0,1
-0.37035409631327393,-0.92443571440383898,-0.090865027808524443,0.92845645815750844,-0.37139618503232968,-0.0057861082817575573,-0.028398039537877964,-0.086507130793347098,0.99584640767153931,-16.348991769836701,-8.9403793086098737,-1.7200732500228684,0.3732350821421476,0.31729106767726,0.8522727272727273,1,5
-0.87916536934856104,0.47636869650134295,0.01187932371047868,-0.47612315957627865,-0.87715303157184921,-0.062524364206401659,-0.01936466507090906,-0.060625276889467651,0.99797273787852836,20.876287668974111,-11.947549236463241,0.70638873987522688,0.6377274544219129,0.6717799021068935,0.3846153846153846,1,3
-0.56926638217306236,-0.80881788454819814,-0.14747683127383057,0.82112009867759306,-0.56831867319362062,-0.052684620594076324,-0.041201573699217585,-0.15108777360997677,0.98766133618274621,-33.121372108379106,-6.3810888957314438,-2.9013128644278319,,0.1055110934593577,0.3846153846153846,0,1
0.28846926805143641,0.95718560480096171,-0.024108076482482983,-0.95726605097148032,0.28885412751713119,0.014317844592794594,0.020668552134464162,0.018947585021147226,0.99960682269306811,-2.5681919581918398,17.655094268667142,-1.5986358782301686,0.4695218155666039,0.4425261262335327,0.95,1,5
-0.97933804949197845,0.19766911249547708,-0.042707221666808209,-0.19258306989865984,-0.97603403004983236,-0.10133771939949786,-0.061715038731700735,-0.091019196601233157,0.99393498773532019,18.12348405508655,-11.299374560404878,0.47023615503352961,0.2411167391002058,0.2203859975510186,0.4,1,5
-0.57700543477000976,-0.78712519981971196,-0.2179418455796186,0.8160157114234422,-0.56682759114093317,-0.11324681289758345,-0.034396031107748526,-0.2431879966818786,0.96936913057611318,-32.140387293746215,-6.8506195669108036,-2.8369639066254928,,0.3906941769332334,0.2222222222222222,0,2
0.4253287341217778,0.86996564874027371,0.24950999567608315,-0.90442386466419877,0.39840573060110201,0.15261175200512986,0.033360769718924897,-0.29057295785415932,0.95627109922220499,-5.898716715231183,-17.925712174628618,-0.67601277240927471,,0.3706673221206916,0.1666666666666667,0,1
0.41378156889200612,0.91026715668475144,0.014089595676492869,-0.90979006873143253,0.41291036432710398,0.042273654548814758,0.032662579244820772,-0.030310633320921845,0.99900671740722502,-24.325299523910278,-12.774798449541207,-2.1108079136534603,,0.1521657058075733,0.4166666666666667,0,2
-0.99429106504870612,-0.075187375044223639,-0.075710875033051919,0.091064807577256782,-0.96775164767892741,-0.23487006883730219,-0.055610060108116498,-0.24042380715869469,0.96907374031396165,12.958360181567677,4.6851944165783435,-0.21766518773206253,,0.4512663531425525,0.1842105263157895,0,3
0.4780397503943733,-0.87013134178549112,-0.11978916931620873,0.87826456534045783,0.47529937235194508,0.052362772168641512,0.011373227783846845,-0.13023806925944931,0.9914175180040693,-6.1786054970252939,-16.105682715787019,-0.78607833569781849,,0.08471388395131188,0.3684210526315789,0,4
-0.81253976748811507,0.58163279770484844,-0.038502141296189049,-0.58117670375755037,-0.81344412982217196,-0.02328704934848648,-0.044863852485819845,0.0034548939030231408,0.99898713627766522,-7.3381417390090498,-13.678626077117217,-0.95947027463633705,,0.06656586081555173,0.2580645161290323,0,3
0.49390967956382709,0.85401405036133093,0.16344182518128886,-0.86891049164047052,0.47777185904521319,0.12933912100210071,0.032369521934571155,-0.20589816048210424,0.97803791417296937,3.4221479781226178,-15.395169827796204,-0.20486244644669133,,0.2022028106903321,0.3846153846153846,0,4
-0.05680532206352553,-0.95272692871146647,-0.29847035814846967,0.9983840131609315,-0.053732302647313365,-0.018498700410864419,0.0015867104123108205,-0.29903885861244556,0.95423961529053791,-12.455114784213132,-15.06568283706212,-1.2442911295486621,,0.1172272921683133,0.1764705882352941,0,2
-0.84040349179914697,0.53850097067829905,0.061144709912881928,-0.54055428162871832,-0.82474584292701514,-0.16611852150638451,-0.03902613976120433,-0.17265862026883153,0.98420829160407008,-2.9169322597909275,-10.424962537456038,-0.85232419250566682,,0.4374218947466879,0.1627906976744186,0,3
0.60921422070834397,0.7928110279122853,0.017570068508452968,-0.79173590922527159,0.60683608629940433,0.070030096444709464,0.044858481137444554,-0.056574184797384151,0.99739013344054794,5.4341801312758014,9.4418242034867994,-1.0170435629250032,0.6407307726305853,0.5336561872468952,0.9234449760765551,1,5
-0.38629666039077898,-0.90056165733397098,-0.19940810292167821,0.92184714007975666,-0.38425573566123811,-0.050451758524493101,-0.031188788012750553,-0.20331313521593256,0.97861689570074528,-12.240620434906985,-8.7522542722633592,-1.4945438515230764,,0.07880239246499524,0.2692307692307692,0,1
-0.74164190319270229,-0.6604947058218652,-0.11710692127279534,0.66892045117124821,-0.74125671098473489,-0.055533039039346463,-0.050127013012533285,-0.11952084337628975,0.99156545450366518,21.181858425916904,3.608763221258795,0.56837477019100169,,0.2138514884304633,0.2272727272727273,0,1
0.97887344213073535,-0.14342504257696362,-0.14572591208471683,0.1681996642025011,0.97008233191255566,0.17506896433481456,0.11625685895160046,-0.19588140920693539,0.9737118753891284,-6.0885912684787984,-19.016820866670383,-0.62715707341286953,,0.5485401473418559,0.1914893617021277,0,2
0.89363343473821633,-0.42661387634842635,-0.13935524685115669,0.44796225901755227,0.86681688499905918,0.21899384095544364,0.027369669597362038,-0.25812610946492071,0.96572346600806702,-3.08908149991225,31.717481213111956,-1.6152136637212806,,0.2735695635623095,0.4444444444444444,0,5
0.24081619078469405,0.95827619140789844,0.15399449092978232,-0.97029942929222057,0.23394791649067115,0.061541773494631864,0.022947326012859211,-0.16424102213042563,0.98615328771870592,-15.694708832192298,16.634538077047583,-2.6211037607996568,,0.06540702880712861,0.3333333333333333,0,1
-0.83107284504836532,0.55569116014644249,-0.022918567981357864,-0.55437248073638767,-0.83099727560626613,-0.045985655775977144,-0.044599089961553075,-0.025512006390405205,0.99867915703920485,-23.603867510714416,-10.086545942563358,-2.1520021782336358,,0.07272487869799282,0.2222222222222222,0,2
-0.8081587983479025,-0.55494892512919858,-0.19725883288415441,0.58639079295329333,-0.78943339493960285,-0.18149587569346587,-0.055001768994090323,-0.26234825223751251,0.96340448408518475,-5.6995047739043576,-13.125427866285325,-0.8970391541181989,,0.1169294429484569,0.3888888888888889,0,4
0.62488182170499851,-0.77767096452073625,-0.06892445026279892,0.78018113802676226,0.62529036127430626,0.018148166979402958,0.028984491886302817,-0.065114015686595278,0.99745679815782373,-11.86921836289641,-7.7597078776089958,-1.5019273199293106,,0.1068347434056445,0.6057142857142858,0,2
-0.2276131016569036,0.96829354528075229,0.10295574836673957,-0.97374703180404798,-0.22666183855046851,-0.021003071149885279,0.0029990009886382944,-0.10503342854802315,0.99446416973187979,-0.14325452833516586,26.513700188802243,-1.4299928451558468,,0.2816820791664229,0.3076923076923077,0,5
-0.99305504890388996,0.10035295370808396,-0.061408098232685684,-0.087812659929246931,-0.97959293890512511,-0.1807943881965636,-0.078298190289702294,-0.17414637156507878,0.98160197364719803,-6.6621214391986685,-21.180817674408491,-0.56076950234900702,,0.5482211445901362,0.1521739130434783,0,4
-0.15083528160779544,-0.94430838772238745,-0.29245578588812693,0.9882157828535505,-0.15182749358815439,-0.019441674564773897,-0.026043892593863256,-0.29194191385939061,0.95608139537942849,-31.35868875525335,-12.493926580081425,-2.5415831123319061,,0.3690184351560386,0.5,0,4
0.39163889834622212,-0.89186923455087175,-0.22624818621107162,0.92009911116594145,0.38122318700339813,0.089925009439070003,0.0060497052657196857,-0.24338888666620434,0.96990991896855239,7.5402774030552608,-7.0361926559579517,-0.3722729579495484,0.1632619444026827,0.1938086708671113,0.5172413793103449,1,5
-0.62531646950795317,0.77394477457993249,0.099943978620652352,-0.77978960996657121,-0.61476070861190957,-0.11831075747861854,-0.030124361408844724,-0.15191694127844735,0.9879340898067589,5.1992228832169864,3.8751212832830486,-0.91356834800452136,0.2893816405164588,0.1906040017509277,0.2682926829268293,1,2
0.64704956958151438,-0.755066172538014,-0.10583916852078085,0.76156986430600726,0.64670727557930496,0.042202387298845449,0.036581365273946995,-0.10791095774566205,0.99348730687065534,-10.670120039955588,-8.9520582914072691,-1.3831625759367119,,0.07434814488196212,0.1111111111111111,0,2
0.53637461782056828,-0.83697130630521777,-0.10854170525459669,0.84358215713413098,0.53561807609803358,0.038502217104556494,0.025911648399219157,-0.11221545784239081,0.99334600089719838,13.011692767284748,-10.234189813997743,0.11042048118356976,0.5585857587193973,0.5041383379482263,0.9310344827586207,1,5
-0.16047740864263907,-0.98005093008801281,-0.11724835073025677,0.98676839826702589,-0.16208139204081862,0.0042131384548062256,-0.023132866162072559,-0.11502085370806593,0.99309368828695932,-16.550107753804966,6.4779654294849571,-2.3948298233582253,,0.08143516027665902,0.3333333333333333,0,4
-0.9562924430304065,0.29229840566197535,0.008148953945326198,-0.28490313230587233,-0.92509907854169005,-0.25104163018036946,-0.065840478470605285,-0.24239087633156123,0.96794198920492058,-4.899711834896789,-19.915834288787373,-0.5086359500020764,,0.5925959858585965,0.5,0,3
0.3117675935994127,-0.92276251819602961,-0.22651777544765306,0.95012907218291287,0.30464187110410473,0.066693901992811611,0.007464165999506436,-0.23601412115107001,0.97172095832251126,11.802228994472577,10.342788460928865,-0.45696850934430183,0.1407318986045068,0.09488602318536091,0.3636363636363636,1,5
0.996806663854926,-0.0092251104591841108,-0.079318170877984914,0.016905152333346694,0.99516931915934181,0.096706990587645925,0.078042877439262248,-0.097739058420615796,0.99214736089960576,3.8054619607574867,-14.128205974182807,-0.25154086540506654,0.49769073855362,0.3405801770090222,0.8,1,4
-0.7939154531310848,-0.56966795757258082,-0.21254804490925711,0.60561540431398131,-0.77198697008368045,-0.19304429563867104,-0.054113171569188219,-0.28198321960021266,0.95789207561531753,-19.443534967044265,9.763063201584119,-2.7564537735128676,,0.09299431525469412,0.3571428571428572,0,2
0.64300021130013796,-0.76153500928067919,-0.081333621017713548,0.765227503438067,0.64316654950920771,0.027634354965553158,0.031266535623894288,-0.080007619838956573,0.99630376116814101,-1.3370793366571001,-1.9386603364775339,-1.1384669969470669,,0.09743294205547715,0.5439560439560439,0,5
-0.22380861922790588,0.97453307745914641,-0.013963627655519215,-0.97461549848388873,-0.22369547164689957,0.0092177046855837531,0.0058593578400484743,0.015672169686258373,0.99986001571371275,-11.520796664452352,3.4756276708895446,-2.0169612721663523,,0.07793763464301798,0.459016393442623,0,5
-0.78384000001003418,-0.61290276036798075,-0.099724925257320629,0.6191761228990913,-0.78361375298645486,-0.050699259976173382,-0.047072106559172176,-0.10148740051746195,0.99372255902756346,-26.81267520667782,-3.5835028507035203,-2.6551347799625251,,0.1705208270259272,0.5806451612903226,0,5
-0.52289337477160514,0.82165153472231112,0.22687281482899291,-0.85207086245809982,-0.49646443314068506,-0.16582614985642646,-0.023617027117517293,-0.28002111012344577,0.95970329472986671,3.3010995558159935,7.697476961184603,-1.136026941711364,,0.3465369644066325,0.25,0,1
-0.51017836633577884,0.84377690220168544,0.16660904487417261,-0.85965247446738291,-0.49424682580055429,-0.12929693858782146,-0.026751778727071636,-0.20919037859568188,0.97750894002967259,-11.140124800733258,-11.426453531200274,-1.3213188378871763,,0.3012619308523568,0.1176470588235294,0,2
-0.17688925012959028,-0.98129258246769102,-0.075993820686167654,0.9840423180641894,-0.17783826352444171,0.0058539119798702455,-0.019259009513681265,-0.073745641366126866,0.99709110462988826,-33.765803228798845,-0.80215055606081553,-3.2222558006637341,,0.2236545091030258,0.6129032258064516,0,1
0.22346267578771301,-0.94136404825610143,-0.25278085604071954,0.97425219003071895,0.22368444622683153,0.02824780941140307,0.029951673578327589,-0.25258463367172446,0.96711111051563114,-4.063458443558102,9.4776128456952282,-1.6548841671016001,,0.501346486640868,0.2364864864864865,0,5
0.080234300101702474,0.9938077735148807,0.076867199692632018,-0.99663670929040282,0.078694890187923749,0.02285572035856601,0.016665136722760331,-0.078442485680322777,0.99677933849890044,8.2034267246966568,8.5507739510831762,-0.76058145842655034,0.2664041728303272,0.2483758475384145,0.5428571428571428,1,5
-0.079115014834753528,0.99435680608092569,0.070677836895564047,-0.99684543596487984,-0.079364099952426465,0.00071863393243482444,0.0063238614535981201,-0.070398024398987943,0.99749893580746951,0.97659103150699988,-3.0551557286802207,-0.9511403304372974,0.4694046270459425,0.3607942088090934,0.6523605150214592,1,5
0.92387159413145736,-0.36121337035119944,-0.12643646086681645,0.37999713509427929,0.90504513961441546,0.19103788257950852,0.045425266946259528,-0.224539966019079,0.97340554178770267,2.0718451798211284,13.74049005732363,-1.3049362466031957,0.3554363595893478,0.3302009747176181,0.4838709677419355,1,6
0.48801718312800074,-0.86840303970158006,-0.087837290536919146,0.87258519140157764,0.48780411841546539,0.02534217440518546,0.020840170788254307,-0.089012935542910704,0.99581242439906825,2.6187760957893969,-8.947342178639591,-0.61243868619989517,,0.09750444834537379,0.3684210526315789,0,3
0.9415413783396841,-0.32844311217224054,-0.07499969960487525,0.33335136203023885,0.94046697942734392,0.066322922428018363,0.048751433894738724,-0.087447027813536263,0.99497553488504742,2.4216411481486819,21.246901664385337,-1.2927549291425362,0.4262472197346221,0.3356240054558729,0.8809523809523809,1,5
-0.74586594842034004,-0.62918660193924947,-0.21865087909077288,0.6638054703265942,-0.72931310396289895,-0.16572475359007688,-0.055193156745348158,-0.26875010014536344,0.96162731820614433,23.807448370473942,1.1436200726097858,0.79768079629271516,,0.1613163063565752,0.2173913043478261,0,3
-0.5021105638661767,0.86478907897118351,-0.0049830258038185658,-0.86451962837513596,-0.50208505839890694,-0.022724574510477557,-0.022153866662641433,-0.0071023253049739008,0.99972934495650145,-10.135287520419899,-1.2437372763702006,-1.727136922315607,0.2550283834459928,0.2316423106773695,0.8110918544194108,1,5
-0.15230307225244535,0.97502993986519015,0.161618039057985,-0.98817726338984124,-0.14731846363803025,-0.04246135172945447,-0.017591768013151193,-0.16617426587113987,0.98593947231072832,9.0878345564692165,-11.145705887459993,-0.047487146846497082,,0.6591094261087342,0.101010101010101,0,4
0.74721037218713748,-0.62957114897275401,-0.21287749546883897,0.663999230592762,0.72068933286827264,0.19927846662924656,0.027958566990802888,-0.2902534304207447,0.95654130316511177,19.095932639562221,13.482568496091679,0.14345654172606123,,0.3219543952748686,0.4210526315789473,0,4
0.52094608581751645,0.85328845496166872,-0.022671310075430662,-0.85242636536201455,0.5214387644109163,0.03835240025502392,0.044547360270990204,-0.00065391034896685829,0.99900705958173375,0.040340035179736645,10.431166515775562,-1.3970414817056498,0.8063823874281006,0.7645485603258659,0.9896640826873385,1,5
0.99772771836890273,-0.023409477204416225,-0.063177498964426426,0.032205691962791015,0.98933945471489559,0.14202195868819487,0.059179332571278657,-0.14373391987088296,0.98784531525688246,-15.887350387709382,-18.196595374930691,-1.3244948561256578,,0.6062994544035165,0.7428571428571429,0,1
-0.96022202300830639,0.27718341842226535,0.03380856521035739,-0.27469989286150553,-0.9159302328437009,-0.29259490327885274,-0.050136168498530455,-0.29024327918942622,0.95563863645922964,7.395671894487295,-13.249496223721041,-0.056815219495146597,,0.6282309804522124,0.2982456140350877,0,2
0.79876880185180676,-0.55219246876927841,-0.23885535083543089,0.59989817352181596,0.76117338642307109,0.24644929946425415,0.045722889163049917,-0.34014490035236739,0.93926080732183215,-22.085162778542418,-3.9381242384740913,-2.3647251017432924,0.6917456540013005,0.4716798905514623,0.2121212121212121,1,3
0.97726073779080291,-0.16322076355831319,-0.13535299300723452,0.18753397244416628,0.96321423247037841,0.19248208110317627,0.09895685702307834,-0.21348846505125335,0.97192088965006473,0.52563332567689558,-9.106019981392226,-0.74093644387276303,0.3206974713420543,0.3350406198040106,0.3584905660377358,1,5
-0.37104121867709716,0.91092180383323584,0.18041585668620669,-0.92861509213412552,-0.36429637827865302,-0.070442596728012424,0.0015571458966473655,-0.1936739943158601,0.98106470694974868,-9.7717603086858755,-12.342113079715256,-1.2029258728761394,,0.4141171156062222,0.1290322580645161,0,2
0.96257824397761249,0.27020788186251404,-0.020756319528020109,-0.26466745870906933,0.95377583105457908,0.14234746361150821,0.0582602825384387,-0.13152704921619818,0.98959909802051715,-3.7228889061995694,-5.4114241586548433,-1.1247551224004064,0.1927235873262359,0.15280019504464,0.3116883116883117,1,6
-0.9887549462357077,0.1420010688835513,-0.046897257173014621,-0.13719212726344235,-0.98612793175872349,-0.093434589003183327,-0.059514506730329202,-0.085949977552011309,0.99452029886144344,-25.904825188173191,22.161072420631548,-3.4320406025206167,,0.2774271721635913,0.4444444444444444,0,2
-0.96246462342538042,0.26753234570499029,-0.045697840826736044,-0.26566420216456216,-0.96310258134435256,-0.043080732307040175,-0.055537197830884052,-0.029323400372907066,0.99802593044853438,5.8954456631986609,15.57167357178704,-1.0779073240698023,0.4487841448684031,0.4121467665834751,0.8571428571428571,1,5
-0.89434857967935588,-0.43568535650645784,-0.10158192827150288,0.44401537328281487,-0.89221325210301883,-0.082497642755866324,-0.054689727682981241,-0.11888558742586361,0.99140065099250652,-5.9392115660262643,15.549590045225118,-1.8264964807690514,0.1238654479528603,0.1079875922309709,0.1578947368421053,1,5
0.99795279712975471,-0.027202223373149606,-0.057881376490677691,0.033122327364168515,0.99403482607570348,0.10391186639949405,0.054709470212013202,-0.10561630362876143,0.9929008360742364,-1.3867651634092606,-11.636681430787259,-0.72064045918492114,,0.07332898149526192,0.3823529411764706,0,3
0.76652973062548924,-0.63780455750353038,-0.075083410251135255,0.64086476330404307,0.76723970962913934,0.025210773955718052,0.041527427351898273,-0.067443119707790822,0.99685851472594289,12.315864704932599,11.561309758138883,-0.42876244799748603,0.4600345236763373,0.4334293364039742,0.921875,1,5
-0.35556423668616355,0.93444318331331555,0.019748689806234395,-0.93456321498965911,-0.35516016742630907,-0.021280335098587955,-0.012871316093466157,-0.026022925142903153,0.99957847945472944,-6.1706420838502547,-0.21093852216798528,-1.5204959707635515,0.1349406544536292,0.1056449407736507,0.4634703196347032,1,5
0.99374405328645321,-0.075265783720677465,-0.08250950465687909,0.096463282417182744,0.95076907928021326,0.29450465705988194,0.056281361951486059,-0.30062138926824222,0.95208150313474649,18.147462883997239,-9.6276714461953361,0.41052482828253029,0.6892413033036503,0.5697709355319942,0.6829268292682927,1,5
0.85022998847334275,0.52632797611157378,0.009371673431920852,-0.52364242355697921,0.84380003546271498,0.11747387966903414,0.053921970957977496,-0.10478722114559728,0.99303175142217459,5.2642094136323658,-11.205567121887087,-0.29733136755639145,,0.0775069459411025,0.3461538461538461,0,5
-0.89411425524982768,-0.43973781967594205,-0.084795922694977849,0.44511241597247814,-0.89345695050707319,-0.060080069388632133,-0.049342027787552069,-0.091462164512151986,0.99458535921084346,13.38769720364483,-18.865760857391805,0.61771851249618825,,0.5319103466216275,0.6904761904761905,0,5
-0.96694853182577356,-0.2128639245737329,-0.14035485889362875,0.24785365784868896,-0.91388491089665114,-0.32153216623915887,-0.059825588931554673,-0.34569252125333744,0.93643877517887142,0.69352293260685904,1.9185410865333941,-1.1700604322423573,,0.0762792402152669,0.3181818181818182,0,1
0.0059824418223164656,-0.96964537659942285,-0.24444233272738425,0.99992320910972599,0.003147596654978112,0.011986180334202274,-0.0108529384753184,-0.24449526840955466,0.96958974698157263,17.084232249355576,-5.6999084683588102,0.25322046909879814,,0.5154117518059161,0.15625,0,4
0.13184083997594612,-0.98315572513935867,-0.12658125074488133,0.99126982331067726,0.13094938622948907,0.015375163080056211,0.0014595574860947237,-0.12750324847556485,0.99183707902060336,-11.849279730542282,18.10178642161107,-2.3280889525419997,0.210091098877004,0.2448430638056778,0.8269230769230769,1,5
-0.95334483878962184,0.30173719840691665,-0.0093958209185432372,-0.29808876974098647,-0.94582458072352382,-0.12868157542350103,-0.047714816435710038,-0.1198771270789971,0.99164145269134008,22.825277895414519,-4.8168137147760808,0.75352802720060952,,0.122805841671573,0.4285714285714285,0,4
-0.11663796444379596,-0.95715361100280694,-0.26505197640216627,0.99305137197634841,-0.11659589432115966,-0.015948982517399887,-0.015638346021851525,-0.26507048566699332,0.96410221437457788,-4.6974821250642114,-16.821185472413024,-0.64726245334710653,,0.1629315874222339,0.2380952380952381,0,2
0.33761029938697795,-0.93476103273479894,-0.11063949307731387,0.94084830011503862,0.33869811034661285,0.0093843603017717582,0.028701252907753775,-0.10726323567841688,0.99381629909823843,-25.850999339390707,-10.835183406987667,-2.2787486189868269,,0.2870319391340691,0.5362318840579711,0,4
0.99804502425706076,0.016393397975916064,-0.060310745796465573,-0.012465386568901574,0.99781139381382444,0.064938713515131585,0.061243315499820115,-0.064059963144820153,0.99606504678583785,-21.082919796982829,-4.9085740783143157,-2.2189569154986799,,0.09116238208612333,0.3684210526315789,0,2
-0.1448562626162446,-0.98687445126540085,-0.071382635286660348,0.98928857799980685,-0.14576882888980361,0.007717380592935104,-0.018021448886663516,-0.069500114846739264,0.99741915031561157,2.9395215195336646,-11.609016978734216,-0.43163614936982819,,0.08239556111709587,0.2777777777777778,0,5
0.78625088259119269,-0.5996748542557705,-0.14899536502149802,0.61650076477239979,0.77757493423439727,0.12370945269225404,0.041669613144532838,-0.1891224228474547,0.9810689845860443,10.659165797589955,-17.890141996202356,0.39285979252298614,,0.1244647466534878,0.2666666666666667,0,3
-0.14679836016117251,0.98805516758231027,-0.046874590855644119,-0.98915812255044999,-0.146826512491019,0.0028607380506666625,-0.0040558656857170939,0.04678633394077792,0.99889668580385349,-8.9734627153045015,-7.8702760886616234,-1.3429200339605849,,0.09879891611162776,0.572972972972973,0,3
-0.99717064222042373,0.05601422819660299,-0.050130993738871969,-0.05306758116286929,-0.99688782444313984,-0.058296632034329998,-0.053240418135381086,-0.055471359425947692,0.99703981172278533,-30.554376035649259,-0.60304719429305975,-3.0306054271766611,,0.3542997278036381,0.3571428571428572,0,2
0.54792309193215161,-0.831172228911505,-0.094514608467643535,0.83614679232847844,0.54757979015683667,0.031857732037785615,0.025275027325556091,-0.096483673738491607,0.99501360477915934,-15.095178328316772,-1.0983836773345448,-2.0503423673590802,0.5625265308425744,0.5151498270319144,0.9672943508424182,1,5
0.83071238403133607,-0.53539640495345742,-0.15253728914559553,0.55491278856979853,0.81830209895275285,0.14984482617430753,0.044595202641803763,-0.20912284526668035,0.97687199954185611,11.19547104162393,-20.037307563067415,0.53976271456136327,,0.4200318753623192,0.1666666666666667,0,1
0.98591539296378983,-0.13899404613250974,-0.093013402565278583,0.15273380576462786,0.97487714767271361,0.16213245055252798,0.068141195276497674,-0.17405516965959017,0.98237547578360418,10.390325493959896,8.9575974308890789,-0.56760051564876801,0.1410061815185125,0.2604911898360801,0.3333333333333333,1,5
-0.15001526194181572,0.98820098747519003,-0.030890605976363186,-0.98867971830181645,-0.14985295941613833,0.0075169922751850684,0.0027992504654653846,0.03166857918005965,0.99949450488211655,1.539606094162397,-12.696873556331996,-0.4610632578800643,,0.08339320877081594,0.2692307692307692,0,5
0.069459941024895971,-0.9934714559748139,-0.090497418505181018,0.99757368648734923,0.068745697247548074,0.010989501262039236,-0.0046964476849933445,-0.091041173505356149,0.99583605483327942,-29.740994815159905,-6.0207441611760268,-2.7101151678344269,,0.09732406594898896,0.2916666666666667,0,1
-0.045555543223031535,0.99609728705437739,0.07559687298137574,-0.99890462685132664,-0.046231992200363677,0.007221450837312321,0.010688261629690207,-0.075185089080836126,0.99711231235164288,17.116829339678148,23.03859396010499,-0.11595028406726987,0.2867706723193538,0.2642465445909444,0.4,1,5
-0.21467563283403285,0.97373349404056964,0.075877896984904949,-0.9766605612744127,-0.2134672836173557,-0.023787956536386354,-0.0069656814782954879,-0.079213644080876514,0.9968333250212752,18.769159240572417,3.6123553425686281,0.32668429186662129,0.6642796651226959,0.4602126423908007,0.8734177215189873,1,5
-0.49082519296177585,0.86718473543693619,0.0841502500246126,-0.87037530554566822,-0.48368874829466052,-0.092152169097788533,-0.039210425275918025,-0.11847290575618501,0.99218280228563027,-17.687495917885979,-6.2015802988610398,-1.9237270431134748,,0.1502295120137656,0.375,0,4
-0.99808051097538963,-0.0066456441579102379,-0.061572144877627362,0.013270336432223868,-0.99408214374840953,-0.1078173903020381,-0.060491253765157592,-0.10842751908207097,0.99226220391770781,26.314287914855431,11.401595443771216,0.8359514967741436,0.3737614429737787,0.3828582369704182,0.3703703703703703,1,5
-0.45045476249838901,-0.88355439351049458,-0.12814890031061577,0.89194385941561705,-0.45164494342746436,-0.021283719768272841,-0.039072478719576226,-0.12388897765621754,0.99152653147659331,14.675854779617401,-2.7535022015341575,0.035801283678629087,,0.09070323805449705,0.3157894736842105,0,5
-0.14068653649514587,-0.95629501489113478,-0.25633404561892287,0.9896856402958113,-0.14290260847059061,-0.010058721815932066,-0.027011698230010896,-0.25510525080183111,0.96653591716607468,5.7175568258890896,-12.52210862205458,-0.20186189039940677,,0.1809886124961042,0.1818181818181818,0,5
0.034491625016029696,-0.96709324110368455,-0.25207338378996336,0.99939585710847956,0.032298072775211892,0.012835703697590017,-0.0042718377964066868,-0.2523638197257595,0.96762299161153842,-2.4249368751072709,-15.63334058208576,-0.5617051681074724,0.7006073134673705,0.5812583573297386,0.5384615384615384,1,5
0.5476551613547378,-0.83254007496211635,-0.083371744755578181,0.83581902254963281,0.54893523307181091,0.0087562227342891444,0.038475781807416773,-0.074479080784269985,0.99648004532947765,-11.379919232130637,-9.4242459423696587,-1.4099232258596268,,0.0755355597453527,0.2173913043478261,0,2
0.82918638958140822,-0.53199030485208598,-0.17156994747429807,0.55390906246028326,0.82323171778349102,0.12439569670857621,0.075064517965006586,-0.19818136738509662,0.97728678685637316,6.3665553040395997,-20.104572932670571,0.23413940940739281,,0.5306623180042874,0.5641025641025641,0,3
-0.16229857320987681,-0.95770111034261729,-0.23762945184163328,0.9859306728012428,-0.16715449248066394,0.00028995382289094367,-0.039998519519177343,-0.23423910623986019,0.97135583569782735,14.306910107199309,8.7135917522950948,-0.21635628968404902,0.2294293281697591,0.2732819320723401,0.3846153846153846,1,5
0.92119781701060877,0.38905863472231667,-0.0052877861999513914,-0.38487736602911543,0.91312470558824066,0.13443468734995134,0.057131384136737712,-0.12180579129251652,0.99090834800915106,-10.924220571915907,-8.0494751325693041,-1.447322699523423,,0.1367373763549791,0.2181818181818182,0,2
0.51691678475622294,-0.85104039222952965,-0.09234331828072509,0.85574764295533179,0.51652550992636626,0.029956120771882058,0.022203810791866608,-0.094507398594574951,0.99527651554590779,-1.216275543684546,6.7302438971313752,-1.4144699418736615,,0.07960061080697881,0.2575757575757576,0,5
-0.033363546760866565,0.99075189586363732,0.13152016799769634,-0.99914214790359857,-0.036293554646442967,0.019943574747452376,0.024532468895670376,-0.13074195475719505,0.99111285898032253,4.9113819975598565,-6.1575936661959521,-0.56767235671439753,0.2822512472943473,0.2174704824300727,0.2424242424242424,1,5
0.36694153929602413,0.90106249703407826,0.23117154491367725,-0.92972763109084777,0.34695442986573777,0.12340646491469365,0.030990945859475556,-0.26020953102308308,0.96505469339280581,-7.1770439836926094,-11.206645159885001,-1.0793516426161573,,0.3285340950543081,0.2868852459016393,0,3
-0.94195509348648943,0.33555842232855831,0.011006682480541652,-0.32909783477914795,-0.9163382504894455,-0.22807635965530876,-0.06644709924846387,-0.21845996405362245,0.97358103263526774,0.55617097777476665,-4.9819447003239379,-0.88859437120682561,,0.2225746951300783,0.3166666666666667,0,3
0.051690213398168212,-0.93557464255980904,-0.34932536414915216,0.9985698168411844,0.043637654240816413,0.030888121116745305,-0.01365440341485509,-0.35042237846839186,0.93649223912210822,-19.617393608332613,-7.8946464486591825,-1.9880513628914029,0.7808642342778924,0.6650762095561701,0.3943661971830986,1,3
0.86145105262820343,-0.46179111174395193,-0.21130795782469849,0.50567371686953921,0.81839155574714761,0.27300064752507058,0.046863375818486534,-0.34202957561598052,0.93851989505329458,-23.984348599741384,22.143191184609524,-3.2908050246712945,,0.5463883965790952,0.35,0,1
0.68244595809012176,0.73025598323027174,-0.031523217520516678,-0.72944730594297758,0.68317347161489594,0.034360377387102278,0.046627697122944442,-0.00045457457128380809,0.99891223399404383,0.55359019541386534,-6.1946024395236847,-0.83655542072965727,,0.07386336080754144,0.4385964912280702,0,5
0.97411660379370824,-0.20813319579225817,-0.088189653716933269,0.21896948313803205,0.96569953423843224,0.13955921691503406,0.056117801700300063,-0.15525779330190137,0.98627876888400545,-14.63432016595805,-10.207193202781648,-1.5748323639967901,,0.580094226938443,0.5324675324675324,0,1
-0.59407834227466072,0.7956425977639201,0.11842204129160905,-0.80295094159407332,-0.57768737091507705,-0.1467892600922043,-0.04838087053145889,-0.18229140985989048,0.98205352871313045,-14.817467668013856,-22.483867315271652,-1.0843677176342892,,0.3640463443638146,0.225,0,3
0.48759582829269871,-0.84963784201107506,-0.20091253234758549,0.87281457366724979,0.4799314486992402,0.088659599274440143,0.021095692110307724,-0.21858943700968486,0.97558886309868009,1.972981074956184,4.4107294074895282,-1.1573224263040427,,0.08275572375082706,0.296875,0,5
0.67157067076155552,-0.73275071300899697,-0.1098600325763745,0.74031724153493228,0.66966926647189784,0.058936028277276557,0.03038447068790669,-0.12091098431407189,0.99219822506050637,6.4821119361727728,-7.6567779311978468,-0.42796638929640313,,0.1890515368482751,0.2894736842105263,1,5
0.43079826340638744,-0.88907824282367642,-0.15476670954570743,0.90227442703580574,0.42770001272608066,0.054530334964303449,0.017711989251623296,-0.16313361778516064,0.98644498487501897,-0.095737565063225782,2.9839372617652038,-1.2460498387392192,,0.07245725223844718,0.1320754716981132,0,5
-0.68738030589214749,0.72540379224232432,0.03602295479375401,-0.72547582941160971,-0.68339864492785263,-0.081554356415287341,-0.034541800925182789,-0.082192641466433042,0.99601768743211361,-11.436099272643391,-13.252171557724992,-1.2741619742727626,,0.06631219141099273,0.2777777777777778,0,1
0.92276460465716115,-0.37784924918824375,-0.07573261701402878,0.38192909907109668,0.92288619548513962,0.049104312088707927,0.051338559335586668,-0.074236211317962847,0.99591833864755253,-17.575643655965898,-0.77443692981809664,-2.2005165076640965,0.1135342651797721,0.08251292530691118,0.5686274509803921,1,4
-0.50946491291561602,0.85862916937689993,0.056581375054153733,-0.85917544152248237,-0.50394967171317406,-0.088613142731943206,-0.04757166375618431,-0.093758614939210172,0.99445777131668578,-14.771099734098629,22.178974676875747,-2.5558630711729005,,0.3602989115921296,0.4117647058823529,0,4
0.99089876166367485,0.12419977481703165,-0.051904335741753148,-0.11836430365554003,0.98756828816743558,0.10343484821944118,0.064105660854039473,-0.096349842456738541,0.99328101366382071,1.718745732191584,-17.100858888756871,-0.22937145985932575,,0.1836511406026978,0.4047619047619048,0,5
-0.93591337829071941,-0.34399279981400782,-0.075730456307704128,0.34738367795261016,-0.93699270259424017,-0.037003453585568308,-0.058229963322763346,-0.060939551698892765,0.99644148970733259,4.324319482572327,-5.355636549628489,-0.65629736895027568,,0.09116705346405701,0.2807017543859649,0,5
0.0011783755266012873,-0.97407788245199756,-0.22620983698537289,0.99996069772410456,-0.00083996208493774085,0.008825954385557824,-0.0087871746448097577,-0.22621134671259643,0.97403860918355456,20.47687774085767,3.1214673366553836,0.49800183983181795,,0.6748585543260739,0.1153846153846154,0,1
0.011098663000286089,0.99876893516860477,0.048347014610806621,-0.99985069160082785,0.010444303977594998,0.013766300148183129,0.013244402023207778,-0.048492583521555749,0.99873572838787172,4.0330987814048811,-7.0697036044487733,-0.58130152835211168,0.2329560711035449,0.1357941179748122,0.2962962962962963,1,4
0.69378927720314532,-0.69403713374021692,-0.19227297217133932,0.71982021540120089,0.65985873764386938,0.21551172556222278,-0.022700139596598549,-0.28792169655081984,0.95738487575143549,13.387304175737588,0.89023363089989604,-0.12566855076277747,,0.5972982748721025,0.3783783783783784,0,2
-0.47742582833601538,0.87617596570874923,0.066183499091611295,-0.87842756294223712,-0.47416036624378743,-0.059472378016338923,-0.020726676072887779,-0.086531059151597159,0.99603352388414701,-12.740626931055301,13.555345729784095,-2.3505644145054485,,0.08921998514941987,0.282051282051282,0,4
0.96537604666062093,-0.24532151743107417,-0.088692962625141633,0.25504302320087474,0.95902615504012689,0.12337702486892654,0.054791831968530831,-0.14172574584127187,0.98838841965862123,-8.3778967976575576,-9.852502733207384,-1.228145966107389,0.1649765509067938,0.09326107182217601,0.4134615384615384,1,4
-0.23073026198047372,0.97263475064162497,-0.027298132733301061,-0.97300421353501176,-0.23078422962851824,0.0011999157819575577,-0.0051328987457766907,0.026838055053865533,0.99962661636802697,-10.408801545607957,-13.612689242245857,-1.1671473251448443,,0.06244995659169793,0.3870967741935484,0,1
-0.84313911187918955,0.53632375302791002,-0.03838319889779724,-0.53561086185673623,-0.84400744551969975,-0.027792743088692892,-0.047301613932872702,-0.0028746904820193065,0.99887651562842195,-13.394390203710147,-0.92089786302750365,-1.9410044009351075,0.1886077486973442,0.1048201024457883,0.3705583756345178,1,5
-0.28608506081275537,0.95806943637848663,0.016071498286430164,-0.95817157526715213,-0.28589661076230805,-0.013052214551148076,-0.0079101409485468968,-0.019133296423618468,0.99978565034618305,-10.070605408329763,-18.239918132791438,-0.94911046596265058,,0.1181530751727336,0.2962962962962963,0,2
0.96526511159495532,-0.22029754761597317,-0.14047154463436881,0.23994958652008264,0.96019699524101254,0.14298925224984962,0.10338017346870114,-0.17172862558268448,0.97970496522629846,11.766984589328134,-14.456874086209623,0.2895687045565053,,0.2439394216775083,0.2307692307692308,0,2
0.26930897649306534,0.96280212718199809,0.022016790730653379,-0.96201609562575652,0.2678874662627308,0.052548426963230768,0.044695714976194914,-0.035332270138700807,0.99837564260633527,-23.644315280943893,16.203634144417535,-3.2806834945915546,0.9046520501619897,0.4819467316936532,0.6590909090909091,1,3
-0.68646168426271004,-0.71374903392830802,-0.13904198145024263,0.72492253457871103,-0.68672533556760895,-0.053811080174358844,-0.057076044880315813,-0.13773391033424218,0.98882338920803159,-10.429806996075714,-16.937415597510665,-1.0233512178786939,0.4101240392469972,0.3404221323206787,0.8840579710144928,1,5
0.95568501642145109,-0.2832540471810055,-0.080207818466228084,0.29253737213532055,0.94426757043627774,0.15093257211924258,0.032985379968884752,-0.1677077821031274,0.98528476316766334,-13.398994905856911,-9.430737837332984,-1.5248628239072048,,0.1498645364891972,0.3265306122448979,0,3
0.95952328050853508,0.27822364732213456,-0.043665503923664827,-0.27546698575537432,0.95943529873852673,0.060015392137035127,0.05859192709740374,-0.045557761196992667,0.99724193477497247,-4.4632840091230142,-10.583280307761409,-0.93126044513529826,,0.1356246471316234,0.3870967741935484,0,3
