axis_00,axis_01,axis_02,axis_10,axis_11,axis_12,axis_20,axis_21,axis_22,location_x,location_y,location_z,dbh,dbh_approximation,score,reconstructed,number_clusters
-0.31423369441591897,0.93388428923069178,0.17063797825164509,-0.94882507698862539,-0.31489815792323284,-0.023877257256315475,0.031434989601595117,-0.16940863161197176,0.9850444441567634,-29.423848069340334,-11.066573725051677,-2.011876453391519,,0.2673448851692165,0.25,0,4
0.99714971906535232,-0.046193682480822479,-0.05965384704065213,0.054026801390093665,0.98907001352597723,0.13719188414508396,0.052664432964230602,-0.14002375527953714,0.98874658303226093,4.243512910485058,-3.1892117682344217,-0.90489966072859962,,0.08216530013339557,0.2682926829268293,0,4
-0.84463195156967519,-0.5313873193588653,-0.064995255305296928,0.53041587310527039,-0.8471020577536611,0.032819282555926213,-0.0724973650940164,-0.0067543004161304829,0.99734573317396447,-2.9036206446770381,-4.9065476627615334,-1.1581570383020237,0.2181579795172044,0.1818267109143114,0.8231939163498099,1,1
-0.9076904179247719,0.41879803529176679,0.026576509238610147,-0.41818369990220222,-0.8974511735427031,-0.14037016863611304,-0.034935631433518959,-0.1385265199973712,0.98974234269013683,-4.2604243693167962,-16.298384642815307,-0.70081141358962695,0.5428545690592954,0.2278823251811797,0.2,1,4
0.88597889083536319,-0.4592066236166874,-0.064580816197241001,0.46289600819865334,0.88410204732692632,0.063959796013509165,0.027725269843449075,-0.086561231154018717,0.99586066428652997,-9.8280703239771636,-7.8386268396756495,-1.2827749857176172,,0.09753079624671711,0.5355191256830601,0,2
0.92840819602089797,-0.36427683871376509,-0.073216161726273696,0.3698013859342702,0.92505189019076894,0.086752149342703103,0.036126950083218187,-0.10761684455135814,0.99353583641783838,8.8798687281848849,9.6495365907254005,-0.8625042812288668,0.2535028079925783,0.2342553314791252,0.9038461538461539,1,5
0.61236546440889006,-0.7722278335256495,-0.1693301837463328,0.79056229200060413,0.59693918512396005,0.13665603437204937,-0.0044497714589080495,-0.21754949411990143,0.97603914734099639,-3.6488767734051675,-24.34991234246931,-0.31488452777125098,,0.4878397614072643,0.2352941176470588,0,1
0.87574750278625291,0.48267316646679159,0.0096397996121626601,-0.47455069151688395,0.85699827794541972,0.20088701495973266,0.088701479945313577,-0.18050087526520656,0.9795669867262804,-18.787291964425407,-9.350962129861859,-1.6155718609596725,0.6745550284923945,0.2572785486720671,0.4,1,3
-0.24392106282583353,-0.9659949747156672,-0.085768432036470596,0.96780520645225276,-0.24812930158997415,0.042248456260383253,-0.062093457576701462,-0.07270184672035894,0.99541892889859251,3.3070623265595236,-4.0147653940115156,-0.93494729167066382,0.231788954204107,0.178640604300654,0.5944055944055944,1,5
0.27489467353406111,-0.95212253164332816,-0.13377444897924889,0.96114244087157141,0.26847139106332862,0.064252008030562677,-0.025261172143037566,-0.14623883518963415,0.98892672947207738,19.723151936401113,9.3945504218772857,-0.44283437271924819,0.2630319240677964,0.1315497215374295,0.2857142857142857,1,5
-0.54250565052988176,-0.83701552193955808,-0.071362701570215736,0.83708625113663249,-0.54576830773953644,0.037730126227484354,-0.070528202168841397,-0.039267929654778218,0.99673657623238576,1.2133472968358654,4.3937317258764104,-1.2563116271652517,0.4108562928871719,0.388548100234784,0.9370860927152318,1,5
-0.05927758754171767,-0.98699714250898274,-0.1494081935314778,0.99682766571705128,-0.066490051603204051,0.043745604338035385,-0.053110944976818869,-0.1463410869062711,0.9878074274911901,-11.025992094471702,0.41647282068731811,-1.6952094795136092,0.3172638321946988,0.257621755867163,0.8135818908122503,1,5
0.9978971768536532,0.039233245191103702,-0.051594349489881362,-0.031283526090662629,0.98867915402367101,0.14674764527709969,0.056767644154431064,-0.14482500775354157,0.98782749086383659,-3.0781517673511396,12.302098061795967,-1.4898142832396797,,0.08123797716261523,0.3181818181818182,0,1
-0.54063258020195271,-0.83700641927673303,-0.084478798013007436,0.83818669607952612,-0.54450962000255609,0.030859945559931296,-0.07182949073652832,-0.054125112602334831,0.99594728597768534,-1.0889267504016997,-8.8146636684472455,-0.91524752603889126,0.1226875759847727,0.1143080037284896,0.358974358974359,1,5
0.9300714638336075,0.36698763414864988,0.016945457927932703,-0.36354766619344908,0.91274938096850922,0.18633749474246886,0.052916600114776662,-0.17946766818449436,0.98233965078719732,-10.046306426853176,-12.096722968272363,-1.093340017641242,,0.1518197445178067,0.1923076923076923,0,2
-0.96348835380412867,0.26759111433332244,-0.0092297136283748145,-0.26569849363576814,-0.95979628103623937,-0.090528500422180413,-0.033083267122439537,-0.084770834836374209,0.99585109479161105,-9.6229325631807541,-13.501892574342468,-1.0006673875788195,,0.2601592683103897,0.6932515337423313,0,6
-0.90637210434900795,0.41934144437390575,0.051403905380404423,-0.42234580138760364,-0.89628173123547183,-0.1352888846277033,-0.010659854980902514,-0.14433229466738098,0.98947185720859909,-0.19884011864097692,-12.792399018423664,-0.71224699455200802,,0.2463927262103429,0.25,0,5
0.20817365089186604,0.96781708843315606,0.1413994851869024,-0.9710810310563559,0.18723208594153348,0.14814107167327892,0.11689894010159749,-0.16814942560339519,0.97880560300417785,-8.216419460094043,-22.597802640560364,-0.53131349564758812,,0.598621160610413,0.3157894736842105,0,2
0.20073027406279004,0.97958289042207758,-0.011167715388803989,-0.97789493716646825,0.20103974417232859,0.057484894775182406,0.058556374024236683,-0.00061810634426552786,0.99828391202386935,-17.434131979832802,3.833714054820629,-2.0724988942101881,,0.08489701064541842,0.4,0,1
0.1054725338458863,0.98611995394711771,0.12823018767616212,-0.99295425406603199,0.097433562598855356,0.067442940412362845,0.054012905275489111,-0.13444008816803987,0.9894485680201226,0.42144324306891867,10.985321800990308,-1.3151485870196551,,0.1547382091358089,0.2083333333333333,0,1
0.98670927052735802,0.16230577121392581,-0.0078518842339439631,-0.15250331925800142,0.94163540814163904,0.30010913972956998,0.056103057587466351,-0.29492303193305069,0.95387255551502048,12.5579392340764,6.2225051004205341,-0.68423558526991957,,0.3988437733699344,0.3103448275862069,0,3
0.019657434108505102,-0.99657406161337547,-0.080335079533715228,0.99868909660662064,0.01577372648955665,0.048695768519273319,-0.047261756244555392,-0.081187001866377798,0.99557772028336744,-6.5440216885128626,-16.163120247687782,-0.77088512333982051,,0.07865447986096015,0.32,0,2
0.45304948369404835,0.89109733985943029,-0.026300118250768521,-0.8888158107258668,0.45377758902634507,0.063971511637281778,0.068939248097709849,-0.0056062993931553177,0.99760510698313776,12.655336469876435,5.1779105072914495,-0.66331957149648579,,0.08046493428320876,0.3666666666666666,0,5
0.80456758664006756,0.59334217104882447,-0.024820688613447158,-0.59033120898653768,0.80363666227702701,0.075347055289063519,0.064653400720076817,-0.045969371317302922,0.99684841108165578,-2.8878769289222586,-12.766083604940818,-0.81184696691026492,,0.258224134007822,0.4210526315789473,0,5
0.91323063530497006,-0.38049156435669651,-0.14572568817431128,0.40450439114101527,0.8895499587855128,0.21231360854248377,0.048846742860904097,-0.25283797238169819,0.96627478257160071,-12.044434037861034,-9.0588381182217699,-1.3196653462777002,0.7179616569984693,0.2767103559274186,0.8087431693989071,1,5
-0.87277636266069558,0.48762845921712805,-0.021906769325869518,-0.48749639774227083,-0.87305092526778039,-0.011372953766884932,-0.02467150115167192,0.00075342591116216574,0.99969532827773111,-16.341426656703199,8.9324073148732133,-2.1156414502965823,,0.1234207213859453,0.2,0,1
0.91045765319699978,0.4130684299144432,-0.021007949519870939,-0.40752631829107477,0.90459897890417362,0.12499194880330795,0.070633997728674527,-0.10523858405330148,0.99193531986280359,-0.16717725049041982,-3.5227948667660867,-1.0829436484160406,,0.0758927221754498,0.2925170068027211,0,5
-0.81104329809313358,-0.55581597494424662,-0.18242086123848147,0.57823859361709007,-0.80893907588251734,-0.10610231082341587,-0.088594003577795788,-0.19153635035448374,0.97747886372184145,-14.771526400186962,22.823196575440861,-2.2675731088677789,,0.4523082628882316,0.2222222222222222,0,4
-0.96472633087224802,-0.25517256401527194,-0.064730743048741199,0.25495482052448765,-0.96688167452094775,0.01174167649421312,-0.065583122928818266,-0.0051759104938573913,0.99783368550949592,-12.237238438687555,11.187296808887135,-1.8950839724775399,0.5659303793612974,0.5431381599597273,0.9714285714285714,1,6
0.98494427307041854,0.16579432228485752,-0.048959387699295684,-0.16227421918381651,0.98434516587362075,0.06878715148570301,0.059597455768412064,-0.059806664506049545,0.99642927804565884,2.9709244707243498,19.912895702887084,-1.4183267979156582,0.3363781114945038,0.3461999366463758,0.7755102040816326,1,5
-0.068503763181285718,-0.97263681021636583,-0.22200195909526554,0.99628807320112123,-0.078321983583088825,0.0357175318969251,-0.052127820088699435,-0.21873111872740916,0.9743918041902121,-17.340375289170616,7.097435533412944,-2.0990181551102673,,0.8301042632499058,0.6792452830188679,0,1
0.22725497741634396,-0.95587264876775402,-0.18617909275001127,0.9734550048835614,0.21763376210146473,0.070858302694257067,-0.027212657103724239,-0.19733987162072297,0.97995736966567792,6.0368175567661728,6.6161433178320408,-1.0174936076700851,0.1718907729873844,0.1087144763655305,0.2058823529411765,1,4
0.99682289626614495,-0.04476504083820456,-0.065880229191528944,0.049285637405867493,0.99642103626238221,0.068673462409416991,0.062570275890968058,-0.071702228783728381,0.99546157683879199,-13.014250528385466,-7.3732815599472019,-1.4201046747414923,0.156918125215405,0.1327467305521335,0.5932203389830508,1,4
-0.091786446747839062,0.99184850218166509,0.088384370300366805,-0.99527016624304354,-0.094213817042957601,0.023686554513882744,0.031820502509374723,-0.085792222247604674,0.9958047751551844,17.448887083579702,9.9618969704471994,-0.53844487225752313,,0.2727958428594411,0.375,0,4
-0.45774668384971889,0.8873626899513023,0.055275943293389931,-0.88895233618168745,-0.45572972175973431,-0.045542998385205632,-0.015222267298440458,-0.069984835408706453,0.99743190513995028,-23.407093377316542,-7.9889841431394908,-1.9679251386711967,,0.4910970522688534,0.1607142857142857,0,3
0.91780903837973704,0.3968907327337074,0.010213488070373733,-0.38867825066246303,0.89297651553947666,0.22698493376641327,0.080967811693477443,-0.2122985844631948,0.97384471272605566,-19.367069628035708,-1.956071118701046,-1.9618493675165347,0.8140247846187896,0.5383511903423703,0.6534653465346535,1,3
0.83889265266281532,0.54427687971500505,-0.0046685668082464818,-0.54159122543295957,0.83554601417601215,0.092421873647986527,0.054203891395085316,-0.075003575929933106,0.99570899451363415,-11.910162216000758,6.6146908374030957,-1.821467057024027,,0.1930336646224303,0.3255813953488372,0,4
0.18290953253947476,-0.98052405715433477,-0.071530946084846198,0.9823999178096755,0.17948632352342,0.051720993373951925,-0.037874851732158793,-0.079732258275108076,0.99609651269172594,-0.45529298302122739,-2.3744273429813485,-1.1593417473809673,0.1738362895328004,0.1342291235847973,0.7142857142857143,1,5
0.64883957145898008,-0.7569624080255456,-0.077557226259686821,0.76092412434481704,0.6452855326799215,0.067831101303645169,-0.001299037721672775,-0.10302666717971275,0.99467774598150149,-13.040157722244828,8.3739322315859006,-1.9045073843828981,,0.06853008881434076,0.3478260869565217,0,3
-0.67022973819978005,0.74211367807209994,-0.007706286456763794,-0.741885567288188,-0.6702305717600916,-0.019919481108299886,-0.019947508168631993,-0.0076334459086298033,0.99977188769309877,-17.077177026436438,7.0386100151351698,-2.0838749820382749,,0.4286419630352051,0.7796610169491526,0,2
-0.95058266445184947,0.31022816070235321,-0.01229171879181575,-0.30889200755942364,-0.9489934814217531,-0.06322262162334745,-0.031278198629894324,-0.05630151442239293,0.99792375147814438,-2.8497819291093665,-15.227778343977372,-0.70871363198878656,,0.1220828107295784,0.3571428571428572,0,4
0.15584601937721179,0.98730036562448653,-0.030822171922713085,-0.98634684356159197,0.15722496798613475,0.048991975239251612,0.053215810060190591,0.022766147665216487,0.99832348468826648,-12.132837660367942,4.4030579207108644,-1.8499502935008338,0.1518634669998828,0.1327503464577261,0.6333333333333333,1,4
0.66357520738739251,-0.73105165703636787,-0.15884400802409201,0.74786560390810308,0.65365552242223401,0.11589433333033408,0.019104518626363521,-0.19569857626282136,0.98047798782877205,0.32527361503327912,12.068051525940993,-1.345007354281726,,0.2261325638312345,0.3157894736842105,0,3
0.20063671381554216,-0.95589312101900226,-0.2145069934940371,0.97869604520328823,0.18583463346501158,0.08728997713579506,-0.043577060166366484,-0.22745072036262132,0.97281406734986164,13.239821834975272,-12.523965604734103,-0.31965057426607391,,0.2211441116590745,0.3793103448275862,0,5
0.91544477855833872,0.40072194599364047,-0.037185742016860285,-0.39708702741680763,0.91442137590434425,0.078456611872358209,0.065442723564640454,-0.057056719922165128,0.99622376032905691,-5.4746813629972078,-11.065200527408729,-0.97102108214592064,,0.066694086802525,0.36,0,4
-0.72677270244000614,-0.66880027135092368,-0.15654914892448729,0.6832528520143798,-0.7272951827086841,-0.064863375050623825,-0.070476799035330023,-0.15410358285800141,0.98553797823729794,-18.179086191008103,-3.7486529904446786,-1.8247223207697727,0.3569653503730656,0.3445259157950081,0.740990990990991,1,6
-0.34283936328392317,0.93119915812899989,0.12381154583847984,-0.9387585921337277,-0.34446567796348804,-0.0087007126290907632,0.034546731801627782,-0.11921209923910585,0.99226760438746064,9.2392142512298197,15.907194739904766,-1.0885040757093347,,0.2037191777641918,0.375,0,3
0.97999652938772208,-0.18626804218279927,-0.070078661869410752,0.19472465758820323,0.97017635268705671,0.14436118735310122,0.041098784838207995,-0.15511950602109029,0.98704043926102447,-3.057973376720307,-22.189376226618961,-0.39363958189302994,,0.1696026255367835,0.375,0,4
-0.85565895312942175,-0.51220680722962708,-0.074107641691634626,0.51253058389252582,-0.85851930381812247,0.016031392529481936,-0.071834229335675792,-0.024265028318128233,0.99712138272954098,4.657110623924833,5.1019117995290602,-1.1119215472788821,0.37694389296868,0.3224605504196003,0.8952380952380953,1,5
-0.90481532470250414,-0.40400339480837405,-0.13450087422322074,0.4214130318601037,-0.89488357770223959,-0.14695046422966682,-0.060994137111502755,-0.18964345320139175,0.97995667041756207,-21.717076566948478,-8.8512459649771191,-1.8081777328343644,,0.2456434197137748,0.2954545454545455,0,4
-0.95396769214293231,0.29990938402013578,-6.102583120189678e-05,-0.29813914427756016,-0.94835885622391869,-0.10829834011242534,-0.032537562860999368,-0.10329492339086734,0.99411843650781528,2.3969359923696079,-15.052225584276909,-0.55169363220349887,0.2446501937322906,0.2614646318549921,0.3714285714285714,1,5
0.58151858178433902,-0.81118355903487716,-0.061784889666006114,0.81349302224338516,0.57905647934932181,0.05406196893280435,-0.008077239680361406,-0.081699616125646801,0.99662426767767787,-10.675206709328235,3.9277326334916016,-1.770121468552633,,0.09794413344226641,0.3398058252427185,0,2
-0.82294334732035046,0.56785377685509375,-0.017502434475878369,-0.56775185825903063,-0.82312878819581847,-0.010808583935967458,-0.020544452891100896,0.0010421874536788403,0.99978839726249902,7.0813283772984814,15.767793006841412,-1.1905342720418837,,0.1240706786555981,0.1333333333333333,0,5
0.99865709028500893,0.038128475793419665,-0.035074711077220898,-0.035355546553615336,0.9964394024617873,0.076540855426965745,0.03786821030066051,-0.075197982388273826,0.99644932740875392,-0.71096377227659091,10.88494177186751,-1.361349451589871,0.2427836522083157,0.113804164383825,0.3181818181818182,1,5
-0.92126667305213361,-0.38435780747781817,-0.059470942100308857,0.38272681665320557,-0.92311250467285877,0.037195262213156187,-0.069194659750281884,0.011505631118997823,0.9975368261445775,-2.6470265552224066,-7.2220952420459419,-1.0564406299176028,0.2909551797536703,0.2672694645841787,0.8114143920595533,1,5
-0.96711794360631076,0.25422648535884673,0.0071956442928688049,-0.25094081588228873,-0.94925222663966868,-0.18960199667715177,-0.041371367865139293,-0.18517317397970884,0.9818346630463034,-18.765251964065495,3.0872256623932257,-2.0999406603510811,,0.1651122876360804,0.3076923076923077,0,1
-0.097918147367102956,-0.9435490183093127,-0.31642895958449652,0.994167711016675,-0.1071804096803005,0.011955005337876173,-0.045195119073413205,-0.31341284247505818,0.94854087491454209,-1.9335306140251347,-20.268556814313293,-0.45766095097761178,,0.2423410310396904,0.5897435897435898,0,5
-0.87381883546920291,0.48506073485206436,-0.03401067897031728,-0.48510157705311208,-0.87442483887436595,-0.0075934906415405408,-0.03342308662930539,0.0098632988556107953,0.99939262185382138,-17.918840208937461,-8.1101050369868446,-1.6471748551054237,,0.1118898704934376,0.3733333333333334,1,5
0.88372487968952451,-0.45922543651308878,-0.090234890575092944,0.46776817310990576,0.86054537722878455,0.2016298339918734,-0.014942330579838218,-0.22039431070137053,0.97529640344221036,-1.141131947608067,9.6485955894585285,-1.3278084366738245,,0.09201157151126541,0.5172413793103449,0,5
0.97139526836034307,-0.22849632828699135,-0.064658027858127215,0.23454330675934901,0.96578512305533726,0.11067309221025018,0.037157366181266999,-0.12267242577022812,0.99175138320756617,-4.3332940538704499,10.284940617281114,-1.5051389816098772,,0.1175152672837652,0.2777777777777778,0,5
0.26672949011602548,0.96376504542446684,0.0035094615574556417,-0.96247046886221599,0.26617853508339301,0.052911095518879202,0.050059721039915815,-0.017490702639889187,0.998593060085324,-17.364842704511624,15.802487852616812,-2.2317819147943654,,0.1606416909455421,0.3333333333333333,0,3
0.99731174332784089,-0.044184525535906592,-0.058455233500093746,0.051440994984999919,0.99029553680861604,0.12910683100397233,0.052183432766893349,-0.13176675407742983,0.98990626418088778,-0.31757252081711823,4.6810714825995809,-1.3452195257310127,,0.06576998483277832,0.4081632653061225,0,5
-0.62073115672584256,-0.76561518444917176,-0.16889707046204142,0.77924724579003901,-0.62620653378604252,-0.025280565110570804,-0.086409264540542943,-0.14730501140331936,0.98530942988333958,-11.564331010249115,-2.0527493857848436,-1.6314164635737665,0.7276219548727241,0.2639974826607345,0.2934782608695652,1,5
-0.97933449804236883,-0.1703962936663703,-0.10894514238306773,0.18827032832345036,-0.96485691237993565,-0.18331781720727144,-0.073879797083390902,-0.20004060022261103,0.97699822612198006,10.787562618147238,6.1007090459032831,-0.78683736764627787,,0.5583354994591404,0.5454545454545454,0,3
0.97498168318484224,0.21683892468063004,-0.048903969137484564,-0.21178216961944699,0.97298194912614044,0.091948025024883057,0.067520590084297658,-0.079290651517343519,0.99456219639428445,-6.0425371498272664,4.2789772949623588,-1.5796764075856915,,0.08463690292355638,0.2873563218390804,0,5
-0.98263024002841493,-0.16433699115127312,-0.086204203615874372,0.17866129858591701,-0.963369301700716,-0.19999932231952608,-0.05017919657880663,-0.21192673705793308,0.97599646841096932,-8.9868265826395319,13.851479751298735,-1.7287952123789327,,0.336599199332847,0.2790697674418605,0,4
-0.96285716087962903,-0.26136351533182084,-0.067787908923449464,0.26194556416297904,-0.96508259928256634,0.00031301332967534812,-0.065502741607962128,-0.017455354920452932,0.99769970503475747,0.76665444655254888,-12.646231620477208,-0.68048524923218789,,0.09709314988690747,0.2954545454545455,0,5
0.97146046869182689,0.22564820682067763,-0.073126223255890466,-0.21362745644230768,0.96628520904664372,0.14372266568525527,0.10309154971697515,-0.12399911909484856,0.98691253454430083,-16.75890067372324,-3.2087186078356478,-1.7839467292931908,,0.1894413586699047,0.31,0,5
0.9838595106564606,-0.15835035957826726,-0.083340427838260664,0.17066390305300155,0.97038264218014181,0.17097181039634349,0.053798656912106488,-0.18243544440958012,0.98174488190035047,-18.545045975474473,-11.445189950580767,-1.4656844672136016,,0.5289118989334873,0.4545454545454545,0,2
0.31244303707270288,-0.9456456902132504,-0.090186346892936045,0.9494260282649799,0.30775260629045892,0.062278007148733293,-0.031137845747153101,-0.10508359483067357,0.99397579078149179,-8.4450161078708241,2.2478886606982464,-1.6277644102368725,0.4802671894967747,0.4643435357433013,0.9636638909916729,1,5
-0.14810413226903954,0.98855173734582524,-0.028820627949172395,-0.98855613767031025,-0.14713421482182945,0.033290922232966973,0.028669298547270711,0.033421331800416516,0.99903007257113796,-5.7624230770848683,-17.391445256601312,-0.70284592569529369,,0.09799369413385808,0.3846153846153846,0,5
-0.40207729019037919,-0.87759558937440008,-0.26107438446497028,0.91445315615351708,-0.39920303752573305,-0.066425597709783055,-0.045926875726913237,-0.26544851919125434,0.96303053209393996,4.1194697672816751,14.071396743042445,-1.2443482193972102,,0.2024119552268498,0.35,0,6
-0.99518296384946614,0.089839481983510772,-0.039239469169788994,-0.083701268221529221,-0.9870277782068283,-0.13700460848526183,-0.051038869128341775,-0.13306025899954763,0.98979290829600997,-6.1131407477838309,10.259994521077981,-1.5759703010888408,,0.358809401797096,0.3333333333333333,0,1
-0.53287284595420736,0.84615907615911878,0.0078324886346460548,-0.84613224072125248,-0.53292331595069353,0.007278085472948722,0.01033253389531906,-0.0027490270397886353,0.99994283916313853,-0.48975629526572551,-10.222837812406892,-0.84427059677893201,,0.07547155116874185,0.1388888888888889,0,5
0.072608296215464718,0.98216351811257485,0.17344410918050271,-0.99598620218362466,0.062277166963386012,0.064288720121458143,0.052340427783196072,-0.17741583402770272,0.982743151314588,8.9662330248455415,2.9776178531919615,-0.8235262248893972,,0.4750122726593089,0.4651162790697674,0,1
-0.94857451899868128,0.31273830673185915,-0.049001361296488438,-0.31431110062210221,-0.94889512810780552,0.028400138714326437,-0.037615341712419911,0.042341319721518597,0.99839486112063758,-4.6631915900211478,-9.1239945973614613,-1.0260315363963111,0.2729656162673316,0.2669429025431747,0.8753387533875339,1,5
-0.77385190337491172,-0.58179709467914031,-0.25033052603695527,0.62885316470713759,-0.75287871997834999,-0.19420950090451286,-0.075478002628878355,-0.30771053544959048,0.94848157467210836,-15.970128484106748,-10.671893135691128,-1.384843479427597,,0.2938528229017274,0.1818181818181818,0,2
-0.8851345650440986,0.4640142776034582,-0.035036437380775026,-0.46456595395573119,-0.88549048753883886,0.0092233889342820414,-0.026744647864529823,0.024440676307588248,0.99934347306230609,-5.1798389615305673,3.4044994775977844,-1.5112789957323904,0.1347829978842575,0.08771128306635183,0.4134078212290503,1,4
-0.56863058840420122,-0.8092548675564365,-0.14753241429362957,0.81950225176413427,-0.5728412641125562,-0.016399557416065857,-0.071241233036817564,-0.13022843570489451,0.9889212512881147,-18.088452016922734,7.3381940479571179,-2.1364672171119037,,0.09077557989347451,0.25,0,1
0.20150494348190223,0.96026689576123625,0.19308870152713356,-0.97776180221736619,0.18550601292584726,0.097823194044172029,0.058117259716918612,-0.20850661398007123,0.97629266925935798,8.0881009320040729,-7.2353801122059194,-0.67061630974257957,,0.2131757960199082,0.2916666666666667,0,5
-0.84715366493112443,-0.52588447242487701,-0.076001247727735338,0.52589376773715824,-0.8502780869423342,0.021515573915178571,-0.075936901760471368,-0.021741585224923865,0.99687556416181022,0.71343795819614331,2.7790033440053143,-1.2368113405238106,0.2722133912762871,0.1849543929026068,0.6814621409921671,1,5
0.97756839661103656,-0.18326826219495868,-0.10379197473488977,0.19883054776592404,0.96556822844117007,0.1677629562808314,0.069472607712901369,-0.1846367793724247,0.98034831385612586,5.2313276867570195,10.206147953750847,-1.053982904433701,0.2999175073021648,0.2597007041428882,0.48,1,4
0.014260352958501211,0.99865789919030912,0.049789986124704214,-0.99833906464130917,0.011440662563778552,0.056464353810329528,0.055818942525054024,-0.050512489791149924,0.99716234086054623,-10.652479272901866,17.88365334956659,-1.9003884742149271,,0.1636416374451189,0.55,0,5
-0.29178289079492814,-0.94704941453182034,-0.1340154881880917,0.95450251149615928,-0.2973213818697294,0.022911818579064807,-0.061544294511192386,-0.12123284339654887,0.99071433697868128,12.803044313698436,3.2519582427002756,-0.62005575378352684,0.8666948939695158,0.9048354117543402,0.9620253164556962,1,5
-0.01720636796661193,0.99241675983017652,0.12170832226914326,-0.99896094884622766,-0.022200987435676584,0.039801241653043017,0.042201464212045355,-0.12089702628705554,0.99176758640989304,-24.894323414209211,-1.8426712892677939,-2.2876263692292977,,0.4248174672582514,0.2,0,3
-0.28309492684377452,-0.9557830702207446,-0.079598901215562776,0.95739756280090682,-0.28655091813658634,0.035755811527114149,-0.056983937545602416,-0.066085505176901788,0.99618549320260241,11.095983234815012,-4.5367647757580603,-0.62755093333469036,0.3833596272198228,0.3435426163433498,0.6122448979591837,1,5
-0.38160288959041416,0.91388422184577034,0.13854552940314421,-0.9242277720001405,-0.37944087507031959,-0.042750997526683772,0.013500374806005863,-0.14436153014990308,0.98943291257814769,-0.13044664204733167,15.063760016883688,-1.4748803937177637,,0.3332552994485256,0.5714285714285714,0,5
0.053026160345722329,-0.97265907673092156,-0.22610295613269168,0.99786535829079881,0.042968590208891669,0.049177504802875277,-0.03811762115041048,-0.22822800158703685,0.9728612574511446,-14.147515369051661,-7.9468735510623469,-1.4552974804889423,0.2270191707436209,0.1330970497348375,0.4269662921348314,1,4
-0.59891010080666829,-0.79172061053656051,-0.1203543352080178,0.80028945142617613,-0.597168655040063,-0.054096130856409151,-0.029042814735110948,-0.12871702408484931,0.991255992477727,26.226309233475369,2.2377341345280786,0.0029974985123991829,,0.1862777253180758,0.3846153846153846,0,5
-0.99837751498910521,0.031134423605108076,-0.047675834874243983,-0.016588165774208127,-0.95998969449182336,-0.27954359092231462,-0.054471738731436507,-0.27829918098383388,0.9589485885819431,-11.443158474155553,-3.0623703228833969,-1.5811682650299939,,0.5243458518072041,0.2031438935912938,0,1
-0.74387531771052429,-0.65839402534177904,-0.11474676071817856,0.66621048425680962,-0.74414344453415926,-0.049133742205772123,-0.053038687458998826,-0.11299487311858374,0.99217894367978854,-14.956801242356487,9.1398874462367221,-2.0450472546446754,,0.1798060378985566,0.3783783783783784,0,3
0.0038076930170218601,-0.97374282831842895,-0.227618992556233,0.9988281568116042,-0.0072787683456251237,0.047846971604310978,-0.048247431374334689,-0.22753444536991993,0.9725740391024128,-9.3562921701782145,-17.941250945563944,-0.79524323300852762,,0.1737196501594116,0.25,0,1
0.032375980004522548,0.9923433429137446,0.11919096313697472,-0.99821322947992763,0.026112169487924837,0.053744795988876715,0.05022095588495748,-0.12071803667806559,0.99141566016005267,8.021042932187683,6.6917816062032358,-0.92530302151195942,,0.2266767117661239,0.15,0,1
0.91134710702356214,-0.4049290958077526,-0.074019442635701455,0.41050410197080045,0.90736304734692863,0.090436068990430607,0.030542311388148641,-0.11280393467256002,0.99314774305611664,-11.539752577256206,11.687838954774815,-1.8551949086346022,,0.0790278361011628,0.44,0,1
0.31087852557121715,-0.941810993276604,-0.12785380433135857,0.9491546544495989,0.30061346863573524,0.093471837531168042,-0.049598228550294492,-0.15041142050431924,0.98737855977661593,19.35767972784047,-0.85814099412918032,-0.26792673044666171,0.1626810974333218,0.1605438601361269,0.4117647058823529,1,5
-0.91563708179205339,0.40179274669914106,0.013089046844289827,-0.40086960574330704,-0.91011860420020541,-0.10482216120589662,-0.03020419902162122,-0.10122605884172951,0.99440484279433816,-10.729537975950544,-18.639575235600997,-0.79747427239260793,,0.2111889689753919,0.48,0,2
0.53163212709790308,-0.805500726091812,-0.26179354786343167,0.84686243588493826,0.50048434367070049,0.17983168916388795,-0.013830984216175025,-0.31730742507239251,0.94822186321005075,-11.392725143054056,-0.93774467715495358,-1.657385482463811,,0.4236106938505831,0.2055555555555555,0,4
0.40707645377781837,-0.9107665690722111,-0.069231621677588437,0.91311321393258871,0.40390106218149857,0.055571490085790008,-0.022649929831539718,-0.085838153691060473,0.99605160109782243,-9.0089506168909192,-4.7970477012574229,-1.4093972821438963,0.2535432032994571,0.2359820230056055,0.8827634333565946,1,5
-0.99045413902219448,0.13695300555533227,-0.0156356248088526,-0.1339704965243389,-0.98311503057090188,-0.12464647097529774,-0.032442326593882805,-0.1213619006728832,0.99207801331862999,6.5242708424042197,-8.4574932393395734,-0.67300915063981803,,0.2258663931156796,0.2380952380952381,0,4
0.9981888357772879,0.0040999523961282947,-0.060018651433798212,0.0031925514967774305,0.99265881062081274,0.1209061343018371,0.060073752542376693,-0.12087876607255274,0.99084785318849744,-7.3937631645475994,2.878883703960021,-1.5893655783993865,,0.07169156768078892,0.25,0,5
0.9557189476208533,-0.27505965041772285,-0.10461109821892574,0.28872841538276417,0.94516874021092867,0.15261701962312457,0.056896355850332314,-0.17606317400344473,0.98273321071936237,-1.1285261366355557,7.461979119627264,-1.3167923471725409,0.2861813573335975,0.1750985728637414,0.1428571428571428,1,4
0.63730924761612318,-0.74315606664569789,-0.20385284768839074,0.77060596080770094,0.61397329838160619,0.17088956095107641,-0.0018374086674876864,-0.26599971707147846,0.96397135561555047,-2.5211410042012798,-9.9939445060489174,-0.91437046586166859,,0.08051841208718642,0.2727272727272727,0,2
0.99846580125408224,0.0027444655677094647,-0.055303812118077708,0.0063166577023997476,0.98660540054797363,0.16300270993159494,0.055010395031436496,-0.16310196662922447,0.98507441593016998,1.5667157009846098,-7.0852086160612355,-0.92025005347814204,,0.07391439494396219,0.2380952380952381,0,5
-0.68852157871819086,0.72476262509040323,-0.025635383973691722,-0.72515219069850922,-0.68849924862571821,0.011094366452176997,-0.0096091604505238251,0.026228265552451037,0.9996097949307754,-2.0102957453142567,13.702178762342093,-1.4827881703230068,0.5454916238364433,0.3949293751044555,0.8421052631578947,1,5
0.39772955520245984,-0.90744759886762938,-0.13546237938197955,0.91750269569470477,0.39336018882373763,0.05879256110685252,-6.5661275483408011e-05,-0.14767063742642694,0.98903659109795794,-14.523431827861019,11.118249995674139,-2.0145370015180619,,0.1409743779201003,0.34375,0,3
-0.28081412634435732,-0.9543203491151605,-0.10205928527171959,0.9578054549737689,-0.28543944746486927,0.033660544461464131,-0.061254688538489921,-0.088300583778755576,0.99420866523903528,-6.1384505398132534,14.422204659404352,-1.655946053551429,0.1507984141051685,0.1195919458741664,0.4516129032258064,1,5
0.5688478907922101,-0.81064766817368794,-0.13878917546342406,0.8223998137185522,0.5589361497832932,0.10606095823213743,-0.0084037811100249171,-0.17447274443302335,0.98462614118916447,-17.138779127024378,5.0088695174380335,-2.0773415609305501,,0.0781691946385521,0.1818181818181818,0,1
0.55647821525051544,-0.82598766661737366,-0.089868629385276261,0.83079543329152306,0.55179778861909934,0.072788381607390332,-0.010532994519718435,-0.11516759557730985,0.99329022997077232,14.779206298536854,6.8838396641589252,-0.57126926738687789,,0.07899287651805276,0.4,0,5
-0.73129987884402037,-0.66741452276117375,-0.14056436963255425,0.67888472123683263,-0.73212464608616667,-0.055758746976550831,-0.06569644186644312,-0.13620336780227355,0.98850018721566724,-22.800489940292838,-3.8651130219232805,-2.0753316300906324,,0.1607298716201462,0.3157894736842105,0,3
-0.23053693101204809,0.95536050561272801,0.18476749647851778,-0.97283364959745622,-0.23041686159632807,-0.022422312614727508,0.021152154746977923,-0.18491720906257353,0.98252644348234652,20.870957766348742,9.0049160006666558,-0.37987464933997334,,0.4490021764078383,0.4054054054054054,0,5
-0.99330327984343048,0.10223961332477674,-0.053811297322068671,-0.10111284562295993,-0.99460282891202756,-0.023268114883242333,-0.055899791612414887,-0.017671281430400809,0.99827999033853032,-5.7861991621447855,7.5063238492105597,-1.5006715218434088,0.2490362759114945,0.309100543787974,0.7344632768361582,1,5
-0.88391694523472963,-0.46187622842164494,-0.073220103427269451,0.46206686410314868,-0.88671252553477531,0.015333302241273423,-0.072007270638360085,-0.020279217902479375,0.99719792734265011,-12.281534873925478,2.5705935766987928,-1.8002866494693675,0.1314537985890656,0.0978376438001809,0.5867768595041323,1,5
-0.85387220347472303,-0.51132373887190397,-0.09721262366214807,0.51479212630138871,-0.85721852148286437,-0.012863635754620227,-0.076754979195597928,-0.061028194244867676,0.99518050256016111,-1.6551535669424344,-9.9678414281513064,-0.88549421268958783,0.5980607327994503,0.687373888735834,0.8543689320388349,1,7
-0.52854794824905249,-0.84595792361813082,-0.070655911779679309,0.84598700004927352,-0.53179778438688652,0.038692535053019818,-0.070306913951243138,-0.039323122827408852,0.99675003379069593,-16.634099219324852,7.8887427591380046,-2.0790138270382759,,0.08613282532822197,0.4166666666666667,0,1
-0.0049659765243239484,0.99965940031568712,-0.025620742331958005,-0.99889688210899219,-0.003762558989447573,0.046806645498098799,0.046694303615040976,0.025824920335436652,0.99857534292589767,10.614703674122389,-8.1281837872304123,-0.54905170950685933,0.1575662994282617,0.1454389451849093,0.7096774193548387,1,5
-0.24863884781638104,-0.96583987179730246,-0.073020992893221143,0.96666119495439706,-0.25219895367481726,0.044292459117360322,-0.06119524103946522,-0.059573734245023109,0.99634638186838609,-8.4390100025627817,0.19393843129223812,-1.582104131334368,,0.08152802091697849,0.5243445692883895,0,5
-0.92109134369039736,-0.38011707416802037,-0.08427186069241123,0.38168856428571679,-0.92428686436494112,-0.0027626537843274367,-0.076841242000150189,-0.034710262003729925,0.99643897015296701,-10.211372819246728,9.7192254812201782,-1.7770071008593664,,0.3502210980975957,0.2711864406779661,0,4
0.97107794411651416,0.23815588123840525,-0.017011839465566541,-0.22906162398635802,0.94935812943528686,0.21505793287359765,0.067367639614105093,-0.20494125574586264,0.97645311348068964,4.2931224255973035,17.527594332260477,-1.317581819455597,,0.2461347459398366,0.6818181818181818,0,5
-0.080154370370598221,0.98687948090646904,0.14015765079463441,-0.99642218951522654,-0.083109495932088842,0.015350307084731665,0.026797334796102665,-0.13842579908272815,0.99001020247072868,1.8322636063631899,10.046063716214405,-1.2114012665484155,,0.16479409368882,0.2564102564102564,0,4
-0.03970669348707536,0.98708502891483829,0.15519833821441809,-0.99814151657646433,-0.046368426433160907,0.039540889172458078,0.046226522460158237,-0.15333986670890909,0.98709168464683905,-22.749317042717561,4.8519622993412339,-2.3490219490370019,,0.1939064872776384,0.2666666666666667,0,1
-0.353422956808704,-0.9295122396576706,-0.10535278794210971,0.93361094919872656,-0.35756344328557121,0.022781122931496752,-0.058845638214287579,-0.090307144525493016,0.99417393373131957,-18.238110675370223,6.5391045607531701,-2.1461063504379791,,0.08731343371027547,0.24,0,2
-0.98403947990482876,0.17237262493314132,-0.044203847822264351,-0.16944145237697883,-0.98351204873017772,-0.063195286366546768,-0.054368154327835407,-0.054696692552917967,0.9970217528312797,-1.0932031556000155,-15.270027414813301,-0.64593667190838489,,0.4023035849009573,0.5686274509803921,0,5
-0.99707953376634628,-0.044445595359693189,-0.062104689013059336,0.052870978036429456,-0.98854293237116853,-0.14137726316661886,-0.055109554759204746,-0.14424791129210304,0.98800580821273953,8.9951593656542279,-12.686579171096904,-0.41392510632332219,0.4469905993452157,0.3781980037021447,0.2894736842105263,1,5
-0.9984706183007096,0.0043823557308670961,-0.055110973031218487,-0.005417933586049954,-0.99981129270928748,0.018655427270407365,-0.055018818470198967,0.018925483593093279,0.99830594292777386,-2.3546427103106589,3.4149792209650389,-1.3828533381571926,,0.07275314294173139,0.2417582417582418,0,1
-0.80283765565170251,-0.58235736298007001,-0.12771687613850399,0.5922694786840319,-0.80358381674132373,-0.058905976698398775,-0.068326885535812926,-0.12293474388612105,0.99005983933226493,-0.8067418122165988,-11.405740730946111,-0.81033291066882074,,0.1022406459386658,0.2727272727272727,0,5
-0.42271304690988581,0.90601427520010069,-0.02125589578909539,-0.9059535742151672,-0.42183877745886555,0.036057831309901769,0.0237023488060631,0.034498970501247339,0.99912362583187353,-11.036534290848889,-7.4533228595930714,-1.3423220240137481,,0.09260549967906885,0.1666666666666667,0,4
-0.26109616800093671,-0.95162214709607118,-0.16200024756613701,0.96314224324239073,-0.26806222943795205,0.022353085486556772,-0.064697838737018037,-0.1501929768831346,0.9865375103652877,-4.7430090113937302,14.141732774758482,-1.5965587085880883,0.3648572568711679,0.2599871597049657,0.3859649122807017,1,4
-0.9947607669669285,-0.079370134315637567,-0.064431345493375661,0.086219865826174621,-0.99000441389227745,-0.11161270183417769,-0.054928601295550307,-0.11658319884325635,0.99166083239542568,-3.5705674236780296,-11.300256041366746,-0.89476563999787373,0.2096302581549346,0.163880955591553,0.4415584415584415,1,5
-0.39993259628269051,-0.89987102490268134,-0.17402889694295637,0.91246273183667914,-0.40880826822878713,0.016957677816327413,-0.086404174897564176,-0.15201295460708486,0.98459452577794349,0.068702141633016009,8.7584429561108994,-1.2376568773057959,0.5119324757738459,0.6695961615077429,0.6283783783783784,1,5
-0.86180542266387683,-0.48883401318605735,-0.1353983789398874,0.50208203539158924,-0.86005773615556425,-0.090632887055439912,-0.072145985364223425,-0.14608900722292123,0.98663719713197806,-11.948971125738851,-7.0089990796229555,-1.4067369617920469,,0.2569984136763516,0.35,0,4
-0.082973645411033484,0.9964167650906478,0.016401354014006209,-0.99550267182648067,-0.083630048075924501,0.044502195958812857,0.045714380161412001,-0.0126350823150163,0.99887464185519814,-23.870292958721574,-3.269209440002804,-2.1614962752020359,,0.2194405984310684,0.2962962962962963,0,5
-0.37722399832558112,-0.9126068917233302,-0.15764109954686101,0.92251580599845018,-0.38527836581394032,0.022916555560746284,-0.081649511757824977,-0.13678173129047938,0.98723052789856913,23.211839775155113,-2.8032110693341838,-0.11127253945756542,0.5716883310847972,0.2407901567784005,0.3,1,6
-0.31435298402631184,-0.91727705671288473,-0.24450971895182416,0.94718953721529242,-0.32025986453001098,-0.016297231700462784,-0.063357572741013848,-0.23672013095502836,0.96950987492495444,3.5916487585007819,-10.85360170423313,-0.67313787046860096,,0.7866764138160885,0.6857142857142857,0,1
0.98745398907563542,-0.13604649328779617,-0.080162155177544075,0.15063635216201368,0.96384875750958499,0.21978230605431165,0.047363581641772123,-0.22910024947896268,0.97224984794174185,-25.744318678894757,10.928479582533232,-2.5299530413797999,,0.2400024989183788,0.4782608695652174,0,1
-0.40438203788708588,-0.88915364483051973,-0.21419842043976353,0.91392822712995547,-0.40175969757184671,-0.057657098973804242,-0.034790272913334565,-0.21907747782823414,0.97508701951109755,-5.0786791797441957,-14.135565482702059,-0.83026252155703884,,0.4265333411998059,0.1518987341772152,0,5
-0.75240714326089242,-0.65413825597859887,-0.077373334135608457,0.65543115163567489,-0.7551770579167808,0.010845121561735914,-0.065524775738010604,-0.042552946565810872,0.99694320324833519,-15.91871539816138,6.0986314745668171,-2.0297983519614697,0.280724708791557,0.2959033546583525,0.8041237113402062,1,4
