axis_00,axis_01,axis_02,axis_10,axis_11,axis_12,axis_20,axis_21,axis_22,location_x,location_y,location_z,dbh,dbh_approximation,score,reconstructed,number_clusters
-0.91368047262607499,0.40625602705396818,0.01200143425255998,-0.40085608624234792,-0.89587475740185252,-0.19163198368915374,-0.067099866350540022,-0.17990124939115415,0.98139347277391353,19.522950381163309,12.97427757532664,-3.1370104424562859,,0.5309152611491861,0.4545454545454545,0,4
0.17804006193890656,0.98072096490695893,0.080548900282705949,-0.98341141621704686,0.18021835781910719,-0.020574983814489248,-0.034694708512575237,-0.075549536709017845,0.99653828060154326,8.1724587465798191,-26.283092495372379,-4.8413052571402257,,0.3193603925238027,0.4516129032258064,0,2
-0.78274620362344816,-0.61271454046026863,-0.10903794120232969,0.61446074651357752,-0.78867385202440532,0.020773688333197499,-0.098723714005591878,-0.050739009071420017,0.99382049750012402,6.9438681754832556,-25.274218206943601,-5.0883740202578878,,0.4716422428820298,1,1,5
0.084364631767285966,0.99477458412047104,0.057499006032410975,-0.99639797690040977,0.083723834995097293,0.013468150670575886,0.0085837366887542895,-0.058428128856388206,0.99825471359908979,9.7841604045371291,16.812219125377645,-4.1746292730974393,,0.5845361669861436,0.6136363636363636,1,5
-0.47824574208959053,-0.82247370925560737,-0.30792532821529756,0.87385545974278322,-0.48059293441583723,-0.073532760503759217,-0.087507974784618636,-0.30424895886904291,0.94856466589062727,-12.82620837960636,14.864188540308662,-6.8526161297771999,,0.4533387238232437,0.1578947368421053,0,3
-0.93139900551351207,-0.34624380929797183,-0.11229922996739729,0.34850112407688255,-0.93730822786442636,-0.00050248860527032566,-0.10508500866246323,-0.039604425263836951,0.99367430803756385,1.2696887971933675,9.6093599457979799,-5.172052384222634,,0.08382040675227878,0.3488372093023256,0,5
-0.35121819055557091,-0.84726833709752458,-0.39847477658550212,0.93324841990209617,-0.35108654076899803,-0.076063313371818569,-0.075453093860434764,-0.39859077490937217,0.91401981640664387,-5.4309810950814592,14.489075917220426,-5.9300553503627738,,0.2119056476510557,0.4666666666666667,0,1
0.96738964172697739,-0.23002143588846682,-0.10605385476803111,0.2425092318651072,0.96197829669997126,0.12564644498917732,0.073120130877524891,-0.1472681082584775,0.98639016152353398,-2.3359870457648571,-32.139250408871504,-6.5815939199626952,,0.1292907922954607,0.2307692307692308,0,3
-0.5186837005128182,-0.81257302818220678,-0.26588022245576126,0.84592939531042644,-0.53285007382710281,-0.021777441819105844,-0.12397853431970643,-0.23621149991744059,0.9637600584869076,28.362308713676185,-18.906083266972409,-2.138076640915846,,0.327351175464079,0.1666666666666667,0,5
-0.99074697099154163,-0.099974555324846462,-0.091790673593162148,0.10075091687378758,-0.99490422477491491,-0.003851788431244927,-0.090937848117153053,-0.013064142246129791,0.99577087523546137,-9.3167762864683272,15.381766067413968,-6.3812299181106846,,0.07903608567709705,0.5416666666666666,0,5
-0.89072001712568039,0.45204858301549816,-0.047643779082995233,-0.45141048303959747,-0.89199330948319056,-0.024010656783676605,-0.053351915556859399,0.00012012870813150419,0.9985757651152507,4.7902420957678631,-27.601445769910296,-5.3689664714771927,,0.1200793541544797,0.1333333333333333,0,3
0.92518941107758035,0.37642475194638875,-0.048259297052680762,-0.36629521854126756,0.9189938779548249,0.14587002829696336,0.099259087763914178,-0.11728025581337796,0.9881259915074716,4.6189557663237544,-24.294491652542426,-5.3786509968107019,,0.138083744242686,0.1333333333333333,0,5
0.54014425795509735,-0.83021998794775698,-0.13776411800670191,0.84154833982039334,0.53408166793018974,0.080951613488848301,0.0063696423508876991,-0.15966071399356249,0.98715139875471425,-14.114122872671736,16.543118469478394,-6.9512831260432657,,0.1601309697768975,0.1764705882352941,0,1
0.13410958542449139,-0.91904418132074006,-0.37063784463781002,0.99024367653028667,0.11000259317754697,0.085538825021133844,-0.037842835372790096,-0.37849335829668868,0.92483009117147696,-5.8762850997770784,9.7428876121085857,-6.1275131788602399,,0.6502348157282865,0.2564102564102564,0,2
0.35656693285592628,-0.91668584922632368,-0.18040808247395879,0.93410167632234753,0.34613006309088734,0.087453060074983213,-0.017722321673459353,-0.19970236166082705,0.97969632338882984,22.045199338080749,-20.643712172883305,-2.7912815098934951,,0.1553970376620757,0.4117647058823529,1,5
0.67034382249793756,0.74204927736673032,0.0014246397321500675,-0.72665997064208521,0.65605020365072231,0.20387108023525471,0.15034775257813959,-0.13769894788762413,0.97899670737206457,8.6567204325626932,-23.745605530188314,-4.8198237783563895,,0.6753316152223852,0.5102040816326531,1,5
-0.83092336125588928,-0.49635852829560795,-0.25138531999190472,0.53610931845406462,-0.83512549856517704,-0.1230942740869059,-0.14883939796281334,-0.23705192054586266,0.96002771865169845,12.634736825081948,-25.228115662129753,-4.1233933661546409,,0.3843840219538791,0.1818181818181818,0,4
-0.93202799199986963,0.36212814219165124,-0.01367591903727213,-0.36092193937061451,-0.93098975546614471,-0.054712237187332161,-0.032544981328082374,-0.046057397341922053,0.99840850374004897,-4.1471757815036181,16.097367436206568,-5.7335551666587801,,0.6205456045974947,0.5666666666666667,0,5
-0.75916753194535314,0.65061374950448192,0.019141770966169619,-0.64997731089263644,-0.75620766594822031,-0.075362200644108548,-0.034556529987530053,-0.069654252683272105,0.99697248272876449,-14.928253042951642,7.9209520976279073,-7.3634300851591572,,0.07418823534620184,0.25,0,3
0.90472928898531813,-0.39266388080748132,-0.16516655339786296,0.42213523787719898,0.87843775037589766,0.22393963395721891,0.05715552986791092,-0.27232736811371105,0.9605056220458984,21.948702074757477,-22.022506630419613,-2.7836015537530767,,0.1939654024106542,0.1,0,2
0.84583449462020432,0.5262204634036235,0.087498752024590939,-0.52691531180886009,0.79857826864909975,0.29091751927785225,0.083212149905869226,-0.29217250510046883,0.9527386658320115,10.059838743448216,14.528506909599168,-4.1215602127387649,,0.492250544178664,0.25,0,3
-0.23659550474999363,0.96173979375007368,0.13812724658683645,-0.97125389270844698,-0.23794615228348182,-0.0068923517158023494,0.026238197933240722,-0.13578732536967916,0.99039050845520749,10.482843613294362,-22.471850986611869,-4.4196908655723304,,0.7735333737245724,0.3859649122807017,0,1
-0.98297618002766929,-0.15591612354084766,-0.09720078146910191,0.15737534449639659,-0.9875105051137919,-0.0074835308873596011,-0.094819989679652938,-0.022653139073794713,0.99523665770873426,10.669614853246975,12.030192443635729,-4.0238533034562565,0.1425732229103018,0.1124900199584451,0.5769230769230769,1,5
0.99601206708217904,0.0071111194877682112,-0.088934775011326586,0.026405745685685489,0.92866352911906347,0.36998214318924821,0.085221469251987786,-0.37085506827298065,0.92477230684897527,-10.250507967386323,17.504405991618327,-6.4543706104414822,,0.4912573652361298,0.1794871794871795,0,1
-0.8346813939778297,0.54841871274835552,-0.050436951282406113,-0.54240340225802997,-0.83447027225904191,-0.097251806846120184,-0.095422847191546395,-0.053817099730082654,0.99398098573891325,-7.3568203564994672,-24.939369356264034,-7.6130977944473752,,0.2220263776728232,0.2666666666666667,0,2
0.99459983986513756,0.046101004638229894,-0.092983094762384422,-0.019087635493368484,0.9618991746101242,0.27273730961428211,0.10201382608017884,-0.26948965704774347,0.95758472420604901,14.738916479807763,-23.306976691671949,-3.7815405443847139,,0.3756448305770472,0.5384615384615384,0,3
-0.57343369919536091,-0.78036791360395108,-0.24939870096802921,0.81176476901397421,-0.58228773455236305,-0.044485435566779384,-0.11050679804796537,-0.2279625267610727,0.96737858875307636,7.6677501261000245,12.274562509593116,-4.3433957572097492,,0.5417399771903955,0.3333333333333333,0,5
-0.90689069088801022,0.41611664997450071,-0.066303909346791076,-0.41564912595283687,-0.90927432818968712,-0.021354160949031881,-0.069174264544780803,0.0081932721908485745,0.99757094555500003,-14.282672909729927,17.676504606083238,-6.9544794349432024,,0.1072753844560199,0.3333333333333333,1,5
0.70200540786372057,-0.6795215766482311,-0.21316386701219583,0.70968062378601349,0.69249111020997767,0.12965135750483836,0.059513188057656291,-0.24229422021512306,0.96837580065672813,15.58662129635211,-23.659198953511808,-3.6416244704851009,,0.3438696736602638,0.2352941176470588,0,4
-0.996411670158319,0.0099730023921502532,-0.08404952584991443,-0.0095522423403119876,-0.99993975897572629,-0.0054067629722881604,-0.084098384280443958,-0.0045845002838610874,0.99644690983442075,-5.4082457508470831,8.0396384122010538,-6.1249244987447344,,0.06486697787897278,0.186046511627907,0,3
-0.7343505633768439,0.67873799557461545,0.0066320005627587379,-0.67824131819928613,-0.7333574367693475,-0.046643158366329311,-0.026794856883474129,-0.03875052642797322,0.99888959967863744,-4.0611125038119242,9.9951728546245509,-5.8734567240355595,,0.09775030888019975,0.4193548387096774,0,2
-0.046275770138639261,0.99764922418828084,-0.050542839004135129,-0.99750455090300449,-0.043449784483811558,0.055648783958919618,0.053321890681707743,0.052991902257160453,0.99717031357200792,-2.7024292560873762,15.879516726265317,-5.5234139592161222,,0.09740543456761851,0.2857142857142857,0,4
0.39212494236893619,-0.90403155041733119,-0.17019102626811541,0.9189198869621632,0.3763501977617052,0.11809644359662427,-0.042711484610156364,-0.20270047975957381,0.97830886972756981,-4.0136577379274145,-33.034214002469461,-6.7863470487352613,,0.1518900129947836,0.3125,0,2
-0.69995665535476814,0.71342395152372973,-0.03296886435459908,-0.7138138399235292,-0.70033548784638322,7.9978707284598157e-05,-0.023032206976130655,0.023589613291324894,0.99945637602977622,-2.0871684015987522,13.564686150980117,-5.5846552718695328,,0.6597614713394715,0.8160919540229885,1,3
-0.54749100030293663,-0.82959077674524273,-0.10969388190101936,0.832210610041764,-0.55350970578904002,0.032442350889626423,-0.087630503371857849,-0.073526517233956132,0.99343582890000492,-3.8698675499728847,7.8450677288189476,-5.8899919994822829,,0.5174377279388063,0.6974358974358974,1,1
-0.89548320462835551,-0.43179235741979705,-0.10800551051860953,0.43395414473791383,-0.90092677903117679,0.0038391521584518274,-0.098962773270139998,-0.04343154266617863,0.99414288239081583,-1.6739255499352794,8.0382295678141134,-5.5748833485641054,,0.08144076194312089,0.2976190476190476,0,5
-0.99132768613596445,0.090408565273859695,-0.095371431914586871,-0.078011688827729034,-0.9888884547606106,-0.12654564570707053,-0.10575251820435294,-0.11800811567979597,0.98736542856591047,9.4786663268258629,11.129111483912293,-4.1299220169291671,,0.2256150819317349,0.1875,0,6
0.93768999336863423,-0.32190803152367781,-0.13081550205109901,0.34316771055748535,0.91701747470207351,0.20326060494293102,0.054528880119291849,-0.23548709164534531,0.97034655196035646,20.406708675905893,-21.275486600679184,-3.0052598296203108,,0.2094883668812341,0.1818181818181818,0,4
-0.82360307611493699,0.56575919429359489,0.039931279547191716,-0.56639297015688417,-0.81676256267201364,-0.1099905431130711,-0.029613786837829122,-0.11320534567637662,0.9931301895217044,-7.6891501587659867,7.8842555197120934,-6.4268221235741256,,0.1239752088560865,0.1886792452830189,0,5
-0.48309047258343674,-0.8566491366567428,-0.18104102287705001,0.8712927572099276,-0.49075560289787856,-0.0028052554005246789,-0.086443776714314205,-0.15909492414780718,0.98347154436606332,14.716819896594656,-26.792574110838487,-3.7554910273221713,0.4353692849147886,0.1751165917777955,0.4666666666666667,1,2
-0.19657419280695645,-0.9465509482671548,-0.25573402013976099,0.98048301087857592,-0.19067699244038563,-0.047909810397999394,-0.0034135173614127379,-0.26016069435723627,0.96555929958277786,21.098582475311215,-18.113036910234818,-2.9176071993229931,,0.268287349288206,0.2,0,2
0.98482628025552454,-0.12755255057979531,-0.11767559032635887,0.15347115744415907,0.95667466238546972,0.24742714924276002,0.081017291677878453,-0.26173256807328676,0.96173398674422728,7.1935230074654282,-21.047266217720257,-5.0259647788386701,,0.1120647718045382,0.3333333333333333,0,5
-0.97701767973524467,0.19604946886246336,-0.083672332604655675,-0.19943874834596836,-0.97931342290608203,0.03419656962571526,-0.07523721913356185,0.050098158396481185,0.99590638886510274,-12.137380331155207,8.4351109749212689,-6.9561512536112904,,0.1922114910346048,0.7659574468085106,1,1
-0.9049305436854197,0.42017076173429535,-0.067507348406174061,-0.42202235985725761,-0.90645585359164116,0.015326880633733681,-0.054752524012340341,0.042359372906965835,0.99760104482764389,-17.926324301412315,4.6963974092550993,-7.9127328116436564,,0.08382561779856568,0.2037037037037037,0,3
0.94054950336052157,0.33836223972635837,-0.02962476085371147,-0.31766947348289537,0.90718305136685984,0.27587137751099661,0.12021953811829995,-0.25005980492689545,0.96073792296054761,2.1946210923850735,14.134681772766115,-4.9432649238656303,,0.4300470761625972,0.3548387096774194,1,5
0.99728804412469596,0.0094060748769948452,-0.072993717547112147,0.0031164049837460205,0.98551271109366745,0.16957294681873047,0.073531252307549519,-0.16934055045445881,0.98281073096800542,26.811159653080338,19.064792176747691,-2.6692373753672589,,0.3315264709619729,0.4761904761904762,0,4
-0.54445534961085851,0.83864251483067298,-0.01571956101812183,-0.83793572757276891,-0.54465094630389288,-0.034915084811135817,-0.037842948315539013,-0.0058377229086952458,0.9992666472238676,4.6817677219378346,-25.328877596918609,-5.3932541221120971,,0.1966848338623947,0.275,1,6
-0.93756074076536622,0.34260747116517115,-0.059999817310597739,-0.33260933495647943,-0.93357319741764422,-0.13346203716115543,-0.10173931233946482,-0.10517226709167951,0.98923602166494651,-1.4684376734776825,10.876164244380785,-5.4930880553263632,,0.4436582513545262,0.8947368421052632,1,5
0.4512320968369074,0.88865859293207961,0.08170373303677525,-0.88656428257202247,0.43593616446078465,0.1548012706109847,0.10194786732307604,-0.14228691339401678,0.98456135747097073,10.725911150466249,-24.731883226010972,-4.4702609037406145,,0.1945576823670071,0.1904761904761905,0,5
0.86294575067049473,0.5049745532472143,0.018036961288189539,-0.49554181636729933,0.83876713877613374,0.22562800167686428,0.098807588934925708,-0.20364279383782158,0.97404654554430437,23.074769668229429,-15.935244704971158,-2.6502182736136244,,0.7263052066192914,0.2692307692307692,0,1
-0.99467128154603601,-0.037843276133131751,-0.09590061584305179,0.058685901577012992,-0.97261753716555699,-0.22488017110029573,-0.084764418382114876,-0.22930986208516349,0.96965559892511533,8.3705056161241878,17.541054515613077,-4.2235519665346137,1.115793076973336,0.4259038228251906,0.3529411764705883,1,3
-0.38704332835732946,0.92203034529112915,0.0075831613725931991,-0.92158790372409227,-0.38709500213433379,0.028865117911664771,0.029549918502670365,0.0041835015169878692,0.99955455110341229,-10.741771448563245,9.7913871287819418,-6.7373854260086166,,0.4226864893661964,0.5684210526315789,1,5
0.63111057343825627,0.77414733978368677,0.048942214909787334,-0.7708888538221158,0.61894108539867077,0.15047361183390084,0.086196398690778747,-0.13269449540714034,0.98740181878573841,-5.87871360733911,17.175789346364688,-5.9026453777553174,,0.3983655689973282,0.72,0,8
-0.82387156711207077,0.55194593279282955,-0.12880732967402939,-0.53078757333341031,-0.83106097620249153,-0.16613911588843699,-0.19874655443335434,-0.068507963820385764,0.97765355110798569,33.548397676349076,18.561975735071371,-2.4235961025798458,,0.3055138731749248,0.7272727272727273,0,2
-0.18908172321837075,-0.92528059624416326,-0.32879160597377954,0.97914476596968714,-0.20299870028610359,0.0081887090752985857,-0.074321122293320205,-0.32038624486110262,0.94436699692696968,8.015494354104268,18.662326711707024,-4.2643435339252731,,0.4855875764008876,0.25,0,4
0.99495115162434433,-0.057055148405488719,-0.082564616645499606,0.072017036077551888,0.97886321343775229,0.19141670745502343,0.069898157314733533,-0.19639633249820401,0.97803002417372631,23.736189930754435,-21.514223512010304,-2.6144112478336434,,0.2503851820927143,0.3,0,5
0.80700609960064118,0.59046351072577818,-0.0096952415518001215,-0.58233287339432671,0.79840725928996104,0.15308256882283877,0.098130422253580873,-0.11789270891145401,0.98816584104787419,-15.921714737730911,19.944909112619573,-7.0776862064831798,,0.2727720791542908,0.3,0,1
0.86448444224552656,-0.4760114191555917,-0.16149234640973101,0.50006727985871791,0.84701894774184039,0.18025431418140511,0.050983965421922586,-0.23658408864457789,0.97027243816882225,6.0771865666113678,-32.545240075695055,-5.1018688747797976,,0.1802909168043854,0.3125,0,1
0.32755868992747333,0.94242560605550441,0.067374191675395476,-0.9415035565673725,0.31959510492678822,0.10691128040494131,0.079223466371941248,-0.098452760031148029,0.99198321377847087,3.8193901282429259,17.642779951435415,-4.7027378321657896,,0.2313906533100533,0.7090909090909091,1,7
0.095069580490187239,0.99523815244211966,-0.021512665781264512,-0.99397787368358581,0.096087886695877811,0.052679262122568134,0.05449551809899527,0.016374918440001811,0.99837973765156418,-4.8457956218328668,12.939600583524967,-5.9013721178735112,0.2209520786205433,0.08659939205371714,0.3478260869565217,1,5
0.99257267453780085,-0.076262933639030042,-0.094781067274246178,0.08999129501967594,0.98454775819294804,0.15022409479814375,0.081859957131419914,-0.15763780254117021,0.98409820171994666,-8.6846028397149695,-26.833721847615735,-7.8253374124830311,,0.1317796635886688,0.3043478260869565,0,1
-0.94624477646873695,-0.27600074940063746,-0.16865470445829833,0.30855336136829159,-0.92666443453456437,-0.2146808071464795,-0.09703425268408114,-0.25517956834163236,0.96201233968542199,-25.310711185547763,8.5782017695619626,-8.5455959275835021,,0.2791924114577688,0.2222222222222222,0,1
-0.30094558173291819,-0.89758161761478705,-0.32214747640709168,0.95089726556887033,-0.30804746751994905,-0.030019128704735627,-0.07229209617296406,-0.31536327857657764,0.94621343012892767,9.9848594344186647,-23.224542345143686,-4.5423607289628762,,0.5844802603438002,0.2962962962962963,0,3
-0.26523836109425564,-0.9434929614227705,-0.19866968452616102,0.96279230523735093,-0.27023475736847224,-0.0020378630355053877,-0.051764744564055096,-0.19181816299739182,0.98006438745856128,-18.002027669509133,10.139943453788662,-7.6466329469824759,,0.124188367303583,0.1875,0,2
0.1888528693777683,-0.96633600895322702,-0.17472639047416905,0.98128298383245927,0.17887910501868101,0.071315997003343151,-0.037660315567566993,-0.18492426446538576,0.98203091450487801,5.2159095125855943,15.230739777219144,-4.5900044626341847,,0.09720866271375093,0.1818181818181818,0,9
-0.95148455528114584,0.30646664657947303,-0.027483369439958046,-0.30087453856386981,-0.94537437480471254,-0.12546634411896401,-0.064433322942552371,-0.11111024253835594,0.99171712746006824,17.753513867198567,-25.302365088345944,-3.3244863654884589,,0.4270999050320725,0.2105263157894737,0,5
0.13429437117540483,0.99084088641738322,-0.01411947853910369,-0.98906698364450207,0.13490271734818268,0.059563065035659599,0.060922276180133676,0.0059661256850609169,0.99812468239661389,-15.01814107951083,9.7253886612258835,-7.306544400957824,,0.08293509223555007,0.2647058823529412,0,3
-0.53682124866988612,-0.78057980809156569,-0.32018449396596288,0.83439091831593781,-0.54739212203415433,-0.064448895776673995,-0.12495896289739078,-0.30175657065701295,0.94516042535483313,-6.1006843461545106,13.463416430141322,-6.0317278529591434,,0.3098014334305229,0.3529411764705883,0,3
-0.50388400743409512,0.85855584661643136,0.094777451394833498,-0.86293240950729888,-0.50518988199923287,-0.011438520338289031,0.038060000973264931,-0.087550221966277958,0.99543276767422695,-0.22694282545370648,-27.204868686110849,-6.2332418691398273,,0.4366310357046133,0.2352941176470588,0,2
0.94623592067972329,0.31599657575644441,-0.069164633488507182,-0.30686032156628157,0.94451795451437337,0.11714340206867779,0.10234415207346367,-0.089621413234712941,0.99070362713890292,21.198718107480211,-24.091025351723747,-2.8678587581380284,,0.3040568626559325,0.7241379310344828,0,4
-0.99473153385984747,-0.042528886053322751,-0.093276306723090979,0.04566284083032035,-0.99845302423597959,-0.031724806718602221,-0.091782789847233856,-0.035816926795738988,0.99513469803980248,-17.216204285563546,9.7230011477179836,-7.5798107483420338,,0.4470780191049508,0.8375,1,3
0.15920901761156475,0.98681851578773783,-0.029012163132825518,-0.98533665716680896,0.16065892275095744,0.057448956333771853,0.061352756698442139,0.019440355937766978,0.99792680683831425,7.2349293070279064,-23.402296934074158,-5.0465825638299755,,0.1433340051761003,0.3214285714285715,1,6
-0.80429266755058748,0.59416504274312609,-0.0090114874699029728,-0.59293793732079225,-0.80344780990517284,-0.053816533187734224,-0.039216162613458429,-0.037940990243290978,0.99851017713853796,-17.252072163263875,2.9983118032352105,-7.9242580542461267,,0.1350264079306422,0.4298245614035088,0,3
0.26834979359902583,-0.95599085673516526,-0.11861648331545592,0.96304488972990243,0.26328044533974743,0.05681502852965415,-0.023085247247568958,-0.1294792992739375,0.99131336237289269,-8.0601550218066631,-25.889490666409412,-7.7054139978599467,,0.132805456722952,0.125,0,1
0.43755226551124915,0.89874767758852525,-0.028295352537231814,-0.89528060714808821,0.43836496901875305,0.079427881765404468,0.083789315610791559,-0.0094215692122102419,0.99643895177931285,-5.791049366664061,10.97777535942669,-6.0811936276644909,,0.08720805640983363,0.2439024390243902,1,4
-0.69581010611816074,-0.67609135943760024,-0.24238145539139622,0.71404730403792649,-0.68752971640178318,-0.13205808063368485,-0.077361126025949925,-0.26495917187050028,0.96115133741866887,18.388280785641371,-23.777636191397107,-3.2252850724726243,,0.3419582145580156,0.1904761904761905,0,3
-0.94678832529192991,0.31288702173809968,-0.075455806395296615,-0.31434277781240311,-0.94927626144294497,0.0079496854081088763,-0.069141052407991857,0.031245657118513549,0.99711745736555424,0.263327971491219,11.416630463031067,-5.2432181178457853,,0.07247190922186258,0.3157894736842105,0,5
-0.19020259869403194,-0.90853132421745919,-0.37201317767749487,0.97964488189572807,-0.20041314321958323,-0.011422670456281604,-0.064178476341706939,-0.36661342711433426,0.92815716246438595,13.035127899458001,-23.81592434319845,-4.0564916790747665,,0.4267633884715931,0.1818181818181818,0,4
-0.83883705159819599,0.54435778862237405,0.0051960400504115472,-0.542777284072962,-0.83559287889641021,-0.084719304954593511,-0.041775839434122622,-0.073885984488056319,0.99639130894232841,18.252166332200026,14.482893721522753,-3.236978659007379,,0.4627565454692243,0.3235294117647059,0,5
-0.067100476323941075,0.99318816589956571,0.095261708960930058,-0.9968538067292525,-0.070771484568469448,0.035691525343883486,0.042190213160143999,-0.092567078861934604,0.99481220430012329,-2.6970379860976745,-30.486840014498178,-6.5922746586148628,,0.6918600192450347,0.4848484848484849,0,1
0.99261415918229656,0.092693119287833095,-0.078263124314795554,-0.0833580723379449,0.98984783214791539,0.11512037599041269,0.088139450684262752,-0.10774625204044709,0.99026369336874742,7.3960417833404,-27.951089995772659,-4.9850801419152955,,0.1303141510998343,0.1176470588235294,0,2
0.55881453718467589,0.82354127417731549,0.097499142342274248,-0.82552250143356543,0.54121813763742954,0.15998602163670675,0.078986787869520736,-0.16989025051095538,0.98229241579245619,18.650367929066341,11.484230781066596,-3.1818972538338994,,0.4843294638879068,0.2647058823529412,0,4
0.99396630571112277,-0.060758138555452902,-0.091320488994851914,0.071392048216119552,0.9904326683973772,0.11809447414150402,0.083271595172001667,-0.12390148494076858,0.98879434841982339,0.6293856139767412,-31.792868910734768,-5.9758283173868394,,0.263382180324466,0.6046511627906976,1,5
-0.36453357553556681,0.91273306326129178,0.18448205207258561,-0.93109640600741206,-0.36008462241409539,-0.058297061855444476,0.013219494216281685,-0.19302181205904023,0.98110540975071014,-22.768845441487723,13.915376154626607,-8.0479849635547485,,0.4045385633061518,0.4242424242424243,0,3
-0.087813340903327902,0.98522303639200204,0.14705232307556604,-0.99485087874671818,-0.094238051370828746,0.037295022867841102,0.050601840048358437,-0.14302013227638197,0.98842536164718475,7.0179569447538857,17.022564491862845,-4.3773350087976119,,0.4625638711568543,0.3548387096774194,0,3
0.63561510969540713,-0.75682757255776179,-0.15233337698357524,0.77193415275044797,0.62575413389122603,0.1120242283414104,0.010540215573796703,-0.18879562848319981,0.98195983345618088,7.0845964947741029,-31.637330500137733,-4.9648882811074335,,0.275821125841639,0.5185185185185185,0,5
0.050535833656872614,0.99847781871304908,0.022094683854639304,-0.99344809322433092,0.047986069487953288,0.10372185499709594,0.10250373449560846,-0.027191591956501292,0.99436090115275821,-16.415336648884708,8.5386123478761231,-7.5374985409378956,,0.3979536312600093,0.2941176470588235,1,4
-0.037863580409953412,0.96591461618524121,0.25607675317813977,-0.99827827319600904,-0.04805056754494464,0.033639741726180818,0.044797751543290881,-0.25436213790249457,0.96607094162817009,-6.3491840382865457,6.9079069946090215,-6.293791059158746,,0.6320784021804413,0.3458445040214477,0,1
-0.9598230495029596,-0.25973066766373898,-0.1062059034036653,0.26330022648100448,-0.96448861224384419,-0.020849642370958325,-0.097019092852345681,-0.047976005741344072,0.99412554463468839,-5.2534308316189557,18.782485466371504,-5.7682343295896432,,0.1871459033960859,0.28,1,5
0.97693221271311148,0.20641192411345938,-0.05475006253187481,-0.19178294785743843,0.96079932605824314,0.20020977987385502,0.093929509072366552,-0.18509125487122807,0.97822209885875056,-4.0202280379741184,-27.366688847412266,-6.8612240412450252,,0.132603592472201,0.4375,0,2
-0.78639305705524187,0.61763315696862342,-0.010735139881812249,-0.61644946341007156,-0.7857657439560769,-0.050618718737117437,-0.039699104231017433,-0.033188537752126046,0.99866035371648276,7.8129529965778381,16.021206836862415,-4.2915145733655606,,0.3746366275986237,0.569620253164557,1,5
0.78682402460061218,0.61455463765506857,-0.056837941974915054,-0.60913737915290156,0.78809042992430334,0.088685554519675622,0.099295556950101463,-0.035157809920063711,0.99443668514973604,-17.241131676012472,7.8755779983372305,-7.6496482732426134,,0.5041246213153876,0.8817204301075269,1,5
-0.71231689374847595,0.69897276083717252,-0.063574542768183334,-0.70129618151281159,-0.71244436497795094,0.024631130845230307,-0.02807683522180969,0.062129754697936627,0.99767308518627595,-17.517810553807639,5.6357920806683746,-7.8227134883163592,,0.07242334431502492,0.2058823529411765,0,1
0.85312732552762682,-0.50319607242878228,-0.13772247140654559,0.52163781169520806,0.82692666224898559,0.20996735144204443,0.0082316370129855432,-0.25097013358963693,0.96795982984733764,5.1432739164571135,21.780694274690561,-4.4780155625034439,,0.200059657873194,0.2592592592592592,1,4
-0.86400196479139191,0.50298630528211752,0.022480692499526281,-0.50109795489465325,-0.85469647214916122,-0.13562735747692656,-0.049004534861681028,-0.12844733237565725,0.99050484015403362,-14.687548368392353,6.8482483445648388,-7.3198688355768633,,0.1349277469623426,0.4090909090909091,0,3
0.56074747528676505,0.81161612357248614,0.16383386987033793,-0.82761569655055678,0.5434899341760373,0.14025316492851356,0.024789670886417328,-0.21423809046595518,0.97646685187508853,15.272786304630118,13.945184804454859,-3.5218150783188467,,0.6811300437014258,0.5757575757575758,0,2
0.97322006803830885,-0.20343759354298499,-0.10703197980486105,0.21806930797134316,0.96435296801165638,0.14989706470778097,0.072721909273673391,-0.16922322128049827,0.9828911563805236,10.937881635901922,-21.44472670069068,-4.3443632084359622,,0.09384331075067957,0.3333333333333333,0,3
-0.17999743409064034,-0.93925846137973534,-0.29222331605701474,0.9832988742587192,-0.17993453436958218,-0.027329237507432644,-0.026911848734741655,-0.29226205033800406,0.95595954220348933,20.7679320549856,9.2307002586456299,-3.0307718909762422,,0.6316690350042332,0.3846153846153846,0,3
0.96518762635521327,0.26030791154385718,-0.025546763365714563,-0.24501333786775586,0.9339972261611037,0.2600339319978538,0.091549495889870255,-0.24472223583287012,0.96526147602153434,-7.59147100336632,10.893917584440636,-6.3250415582461583,,0.1054286207845407,0.2857142857142857,0,3
-0.71713225973202066,0.69643775675886199,-0.026377509593010301,-0.69634453194442791,-0.71756954191710287,-0.014079962499034225,-0.028733514973646714,0.008270639247529913,0.99955289086856036,15.524830971771628,-26.6594406231793,-3.5949304493459193,,0.306195715984161,0.75,1,1
-0.65204144197545411,0.75794987251050971,-0.018813524599925944,-0.75797665377715451,-0.65224232829993212,-0.0071650193768981628,-0.017701702611839058,0.009588322855711328,0.99979733635845236,-15.29944359003705,5.7604260358812205,-7.5036020212494332,,0.4923294464535274,0.6071428571428571,1,2
0.99087689598309592,-0.030857010595758853,-0.1311900221205787,0.067666259312350568,0.95575327400657717,0.28628125432235718,0.11655150946074634,-0.2925466187170887,0.94912181595389511,-5.7561133392569817,-1.3134213924398257,-6.5447563708440466,,0.2396099230947787,0.2604055496264674,0,2
-0.68787949357264289,-0.7019082463979478,-0.18478802980929751,0.71983962650238287,-0.69235538520018525,-0.049748695472477303,-0.093019967959327474,-0.16723885380754336,0.98151844166983693,3.9624387952705464,14.97755927203475,-4.7371823878723038,,0.6169379430052719,0.6396396396396397,0,3
0.6025642086589964,0.79641149696977043,0.051430554513113902,-0.79286923296064427,0.59004741227098556,0.15232344106116097,0.090965674116981157,-0.13256235803078698,0.98699162476981561,12.687167482444863,-21.066364026303614,-4.1086153673434307,,0.09278565456433485,0.1538461538461539,0,3
-0.60932992993893986,-0.74703954682310425,-0.26579870572095926,0.78889177824361778,-0.60489393497455413,-0.10841166750226836,-0.079792222053463049,-0.27574488737478042,0.95791333553012015,-19.735711444867473,7.3877195862263569,-7.9565187448472727,,0.396953054428649,0.2,0,2
-0.61293943600064704,0.78959263046622408,0.029132897360833781,-0.79012363661776164,-0.61266453459243952,-0.01862275249667451,0.0031443048725338474,-0.034433210220045286,0.99940205492124645,29.255511770324066,-13.84348486471734,-2.0549960718098514,,0.5310888589190652,0.4285714285714285,0,2
-0.96121769561222414,0.275307818315562,-0.016314006750366424,-0.26659311057401802,-0.94268325442817591,-0.20068979848306295,-0.070630411554760478,-0.18855738382526568,0.97951899316377566,0.66623634971828727,8.8556967438743115,-5.2373400065670364,,0.1592937061957155,0.24,0,1
0.66930945412623843,-0.71003760182033915,-0.21879547211598696,0.74264750817025771,0.6481993111379194,0.16826268644246042,0.02235023994822629,-0.27510771897849046,0.96115358280178542,-7.8866361835418086,-29.16260581701388,-7.5720564230419054,,0.6599946704092214,0.2203389830508475,0,1
-0.46644918861469087,0.88382305266077743,0.035804553147348386,-0.88454760910060681,-0.46602891970975385,-0.019813460792105164,-0.00082563617710377352,-0.04091280459152908,0.99916237956868603,-13.799895597938697,8.2659498514862015,-7.1865974441686289,,0.2437876236006794,0.2888888888888889,0,3
0.53062099157830001,0.84738834149944353,-0.019348436300718592,-0.84330814781080576,0.53008757251202554,0.088535491777114714,0.085280309171398422,-0.030662096456850696,0.99588508609603199,-14.394652663789374,10.275164080922723,-7.2165540849125529,,0.07811555257583722,0.3571428571428572,0,2
0.96070139789705822,-0.24352299222147736,-0.13322678536291935,0.26848341915308749,0.9370743822071288,0.22317763295410326,0.070494522613509553,-0.25017624681537459,0.96563055451392343,3.4656974595334558,11.31203456402927,-4.8500485108166345,,0.5874403873102809,0.2884615384615384,0,1
-0.99508955858295334,-0.054713671201988445,-0.082481419621537835,0.057876144704304508,-0.99765815044358719,-0.036449509292272371,-0.080293974078693667,-0.04104423268964514,0.99592582489338477,17.51549173010898,13.079931150665258,-3.2907757352195706,,0.2900096975273873,0.2857142857142857,1,2
0.9577685212373328,-0.26154285230977026,-0.11947717829160774,0.28597686288707047,0.90970862554617771,0.30107715041191091,0.029944842963765188,-0.32252992576279882,0.94608548946029247,-2.3346577955781243,17.081365139244166,-5.4679804989816523,,0.4217061275666214,0.2222222222222222,0,4
0.83445344218417272,0.54800020800722082,0.058165495364760539,-0.54218943254712204,0.79752643150553881,0.26454150956753647,0.09858028231454484,-0.25228429018486986,0.96261859781779668,29.485986957786945,14.042831213284465,-2.504957054410037,,0.4415191964657209,0.1666666666666667,0,1
0.42538143237864956,-0.85405579892919892,-0.29939827872400554,0.90494746088187339,0.40541650435226834,0.12925769239097115,0.010987721826656955,-0.3259235344589223,0.94533228002373071,18.927717834712588,-21.329286335018065,-3.1731165119325007,,0.2123803230194606,0.3846153846153846,0,2
-0.44768731602437384,-0.87876877594373104,-0.16535267006386312,0.89186023198168596,-0.45216046789928999,-0.011672098297578346,-0.064508865130815496,-0.1526969210411637,0.98616543065759643,-11.702341087438272,18.700974255202254,-6.6141820859090252,,0.1482551479396363,0.2105263157894737,0,4
0.876697641936515,0.48090275782384212,-0.01156642297242794,-0.47078442354752087,0.86269438825065026,0.18471713246438409,0.098809266609881333,-0.15649578268521921,0.98272366351572005,10.859407523004293,22.286035481410639,-3.9688237224120475,,0.6783963186119564,0.625,0,1
-0.61648222153848753,-0.71629715543783268,-0.32690679962130093,0.78078180276332565,-0.60973646535716086,-0.13638628702112213,-0.10163388706835599,-0.33932260155407562,0.93516347505340036,32.972868313991256,12.922349408606207,-2.3905050268806516,,0.4490417720453272,0.1739130434782609,0,2
-0.59613861861282702,0.78915215520707238,0.14784323904197719,-0.80277465154191119,-0.58286212621914901,-0.12579586901427342,-0.013099856493627668,-0.19367658028611975,0.9809779691759245,-12.94466692785937,13.686072311584057,-6.9095604599636067,,0.1136685930738982,0.2,0,1
-0.90418054588242036,0.42623047731550801,0.028020004553216443,-0.42157445020793283,-0.87989071102466365,-0.21924260440067553,-0.068793338192351089,-0.21004741574203228,0.97526794254730154,19.846568151663895,-26.513760969894737,-3.0322378060614277,,0.3431975616273337,0.3,0,3
0.70487020663227618,0.70749104895801407,-0.051131276597221997,-0.70293643464485323,0.70635465058039315,0.083327525177658249,0.095070293209576953,-0.022793052620041086,0.99520958400796455,-4.5373924141041639,-25.041875023629114,-7.0244036453147753,,0.1248132126771517,0.5,0,1
-0.68401561267404409,-0.70262356351238431,-0.19606827794243181,0.723353953080487,-0.68804795846476108,-0.057871110368710968,-0.094242772566309391,-0.18141150693832275,0.97888107805258051,19.843953219905146,11.382589056100283,-3.0885963220011852,,0.6111933975361458,0.2647058823529412,0,1
-0.70445088985939763,0.70962710758959979,0.013353349779076843,-0.70923856351650705,-0.70309995119533031,-0.051294430985894514,-0.027011179118011548,-0.045605118168290708,0.99859429669887068,-0.049772941242864958,23.293126332425246,-5.0713308311685577,,0.07907418344910017,0.2222222222222222,0,1
0.018476975782513616,0.98012729414659239,0.1975071862865036,-0.99873259763277433,0.0088432278759431777,0.049547913643517065,0.04681666147456149,-0.19817236081152539,0.97904847460111155,1.6679228478989148,23.170033751891395,-4.8175983032539635,,0.5716173838456575,0.3809523809523809,0,2
-0.60301138590619352,0.79621253022771266,-0.049222709960705775,-0.79761067790739504,-0.60284905514360565,0.019754067949875057,-0.013945427766759043,0.051172486951936914,0.99859246022767278,9.4137531177406473,-25.422558701218776,-4.6016149397194024,,0.1167587546381999,0.25,0,1
-0.99510515021730772,0.069606649468694062,-0.070147376007463014,-0.055344978231696818,-0.98061972559428745,-0.18794118005354241,-0.081869856452317341,-0.18313893121105462,0.97967211784318442,33.857312602975497,16.491494999325674,-2.4051154905492438,,0.4164167483543194,0.1538461538461539,0,2
-0.73969923551817429,0.6723716964948091,0.027592439662368993,-0.66948888283322128,-0.7311435992924824,-0.13120088786422235,-0.068041727906887242,-0.11552202805667341,0.9909717373856427,32.362138844782329,-12.155404823569734,-1.7703391041884518,,0.4506916640149394,0.2857142857142857,0,2
0.67933672237329645,-0.66407534079688724,-0.31225880192655175,0.73320233041862171,0.63179121260062376,0.25150388933242523,0.030264836094221252,-0.39980470910950044,0.916100559038176,25.956147396725953,-16.80689312098152,-2.3525116778847326,,0.3548952795650867,0.5714285714285714,0,2
0.35200172770000687,-0.90680090925936729,-0.23196313211929911,0.93578710680683308,0.3356664103939605,0.10784503543200577,-0.019931744286626384,-0.25502974708770454,0.96672775571516245,12.787464302618222,20.962756447131341,-3.8149174571810343,,0.4199181254097319,0.4347826086956522,0,2
-0.9931835289739035,-0.074755156525674549,-0.089432345087036264,0.077075610352802318,-0.9967650731091009,-0.02277584945843791,-0.087440425797727289,-0.029513651123375461,0.99573245218466255,3.8360224891318295,-32.054722816523451,-5.4530715951616848,,0.4696481504545018,0.7454545454545455,0,3
0.80652444109675514,-0.57353262213892553,-0.14345263070440684,0.58973310236568099,0.79756583783584445,0.12689996962709066,0.041631645267940949,-0.18694669202651273,0.98148751416033231,21.902917236814371,11.386731662409661,-2.9677058184610683,,0.4295647077079292,0.3333333333333333,0,1
0.63607647508993714,0.77027560047338384,0.045631317672499803,-0.76610516127165373,0.62335878423798885,0.15654618483460525,0.092139023817785937,-0.13453373342290206,0.98661597131873036,-8.7031390876580694,5.2345062491155279,-6.6404429249043568,,0.3134548711096633,0.112781954887218,0,1
-0.88538825149620459,0.46469577957628527,0.012061366277550839,-0.46484355940050015,-0.88523250861615521,-0.016848470940172583,0.0028477001890027331,-0.0205240866577939,0.99978530318788772,6.7986153664223554,10.733892087139184,-4.4568139068076915,,0.1575829504442823,0.2448979591836735,0,2
-0.074123175201022962,-0.91974321038767037,-0.38545840481678334,0.99576414206721231,-0.0893459323474982,0.02170432551600468,-0.054401546588924085,-0.38221686425213774,0.92246991301071479,29.891993318669961,15.310549914860522,-2.5341976820262277,,0.4090413642653405,0.25,0,1
0.12528657875908092,-0.94493241892916402,-0.30233424688500687,0.99091843665332968,0.10418597931272326,0.085005491676543393,-0.048825455280689961,-0.31023862649794043,0.94940406021109147,11.719735536132472,12.467526009706463,-3.9210301622880621,,0.2140980090148138,0.1290322580645161,0,2
-0.95136945875013945,0.29753560944583857,-0.07980422337922026,-0.28146715692677016,-0.94486980263256082,-0.16732392430452728,-0.12518942658638552,-0.13672460343624937,0.98266677479508424,-8.2051730116786743,9.3152927232068023,-6.4626804760561143,,0.1993153003057718,0.2564102564102564,0,3
0.93574969132460906,0.35180523244963913,-0.024608811571319895,-0.33649307194524608,0.91155197023064238,0.23631635174376819,0.10556953972973838,-0.21285225859663376,0.97136449816305404,24.076491077693358,-20.223273444367639,-2.5379797056054838,,0.4508418498694684,0.5625,1,3
0.99378434459072718,0.087984750651660809,-0.06820088048656181,-0.066214222904402417,0.9596705402239184,0.27321810136134311,0.089489402342083746,-0.26700400348889181,0.95953140073129395,-6.7228425532621259,11.857563690580704,-6.1620476675133551,,0.1495708936641054,0.4117647058823529,0,1
0.72380723811751735,-0.620586580628538,-0.30162124923895955,0.68936492300793373,0.66917294753022305,0.2774591307201465,0.029649367193200375,-0.40875403635620861,0.91216284334955811,-20.240068978151768,8.5374588650375767,-7.9625536299277675,,0.3710258481650508,0.2758620689655172,0,1
