axis_00,axis_01,axis_02,axis_10,axis_11,axis_12,axis_20,axis_21,axis_22,location_x,location_y,location_z,dbh,dbh_approximation,score,reconstructed,number_clusters
-0.55862425837573271,0.82913339193998958,-0.02183475038212631,-0.8291843784320021,-0.55890001937855494,-0.0091670553060652898,-0.019804154071715718,0.012984094451981265,0.99971956506450621,2.0810084439944534,4.6853044335499012,-2.3591695893786753,,0.1291585127387963,0.2962962962962963,1,2
-0.8513217746976699,-0.48964908305477706,-0.18840119795061452,0.52129132604744111,-0.82999148434090497,-0.19841746220855158,-0.059216461506162089,-0.2671290163669941,0.96183964323659055,-39.674895794254766,-4.923450184684568,-5.0304297066907884,,0.08953693412316929,0.2222222222222222,0,1
-0.66933306802537107,-0.73714964075726619,-0.092755868704775951,0.74128323392738338,-0.67098444683718639,-0.016704466491183862,-0.049924053780758829,-0.079939222125491191,0.99554874798779558,-11.68890557674912,12.213298573549247,-3.6113410283351826,0.9003975956651941,0.3854688726846569,0.7692307692307693,1,8
0.99710619507870579,0.061282934337433696,-0.044984860727367924,-0.0543658030142537,0.98844181191195457,0.14151729197108159,0.053137512157441696,-0.13866213045819964,0.98891315006855474,-15.205463911529455,6.4976951036916422,-3.4769311528647466,,0.3320363880056875,0.4782608695652174,0,1
0.51850777561765649,-0.83847651767098119,-0.16765087514944405,0.85408529763740959,0.51727735955484322,0.054428279888180206,0.041085167440900308,-0.17140963393670078,0.98434279923715551,-0.41627456116669559,3.9006273303040442,-2.4744793258193818,0.1616545165520619,0.190636873480876,0.1548672566371681,1,3
0.91707761642898333,0.39617593590370898,0.044869513656314627,-0.39405319323323496,0.88346435376260135,0.25340247933577714,0.060751348525153598,-0.25007071688154237,0.966319776373601,7.9430659163155886,-21.650373303586928,-0.84093445766785013,,0.1208743782692906,0.2857142857142857,1,4
0.98831847920746152,-0.14154707264639035,-0.056489024440930083,0.14616398077363682,0.98531051717528739,0.088313506714267742,0.043158711536078351,-0.095538531331628637,0.99448967548664924,-31.850121449898978,-5.9217911408918695,-4.3334376567016548,0.4237875665516815,0.3351066859385639,0.8676470588235294,1,5
-0.095883723811997251,-0.9850881012625784,-0.14285567632695856,0.9946302910952397,-0.10043393274944112,0.024972168273475457,-0.038947343218025211,-0.13969415844396954,0.98942844438235555,6.4094987427382497,-22.668477007658421,-0.8898427062528006,0.7165848852616588,0.6627796343393928,0.7945205479452054,1,5
0.95142612225502676,-0.29924858206294791,-0.072378311834952108,0.30524591939867735,0.9475276069417442,0.094954530032573564,0.040165440134754288,-0.11243540464002409,0.99284692536272412,-1.1902318687870161,18.196638862613998,-3.3065569521554896,0.2959951348974303,0.2477170840677788,0.5945945945945946,1,5
-0.71269076699162826,0.70131073685520573,-0.015333656331506764,-0.68854869921198736,-0.70356485714121408,-0.17577593865299881,-0.13406177478447909,-0.11471591941605648,0.98431077326937966,-12.927529100356926,2.6809051882814545,-3.2296038640917883,,0.4216004169209159,0.1875,0,2
0.87023256183031605,0.49151612894061536,-0.033274364328682512,-0.48853466073284818,0.86971065479054321,0.070265654529402768,0.063475771699808212,-0.044891780261392004,0.9969731964662224,-0.54624832331217976,-11.035445918342745,-1.7355939574898798,,0.1559554359251889,0.7,1,5
0.88253772444590162,0.46818002676110065,0.043984400323573106,-0.46748781717505411,0.86341514423741117,0.18965608214447802,0.050816392264233359,-0.18794081846013364,0.98086489540292043,-26.475888704412689,3.003814265296652,-4.201538452977748,,0.3156740088672181,0.2647058823529412,0,4
-0.65788999263673997,-0.73382803941985986,-0.16934333807279894,0.75266876230273716,-0.6483946430524975,-0.11434212309771438,-0.025893857227130827,-0.20268397919429171,0.97890178911669778,-6.2945132699736979,6.583503005017092,-2.9817307454990019,0.8359433686576762,0.4259817465985709,0.2685512367491166,1,4
0.66073101380483046,-0.7399301741815606,-0.12624525627558236,0.75051470113567609,0.64837144830862492,0.1278364126428905,-0.012736199420106944,-0.17921440331017516,0.98372759790020625,-1.4110221505174461,15.492627960692225,-3.1881987935796854,,0.5532301292968382,0.2933333333333333,0,5
-0.8782193271823503,0.47808740394369847,-0.012776836609889783,-0.47712019308298137,-0.87765888075340359,-0.045510552481176574,-0.032971726006374137,-0.033872160029415607,0.99888214623102711,-0.016159236545587718,13.980502066299676,-2.9636151405985713,,0.07901749797255944,0.3043478260869565,0,5
-0.94745468798138377,0.31687036250535167,-0.043849601911832098,-0.31712063607169344,-0.94838430289807707,-0.0013100358824266725,-0.042001385686470633,0.012664414011541746,0.99903728469870479,-15.754690377142007,12.935890151433989,-3.8990790889956939,0.133814004164248,0.1271013606539317,0.5757575757575758,1,3
-0.22226146640023098,0.97492936079050507,0.010610467578559862,-0.97469675305944936,-0.22244768846155613,0.021983299876869023,0.02379243848336882,-0.0054559478303159289,0.99970203185963735,6.0478725914412985,14.309573193490083,-2.659894037557164,,0.1665377172456255,0.6206896551724138,0,5
-0.17366999311362549,0.98058815901929941,0.091025248601996012,-0.98453249480601268,-0.17504877118620238,0.0073276447272847467,0.023119259567773595,-0.088344723087134008,0.99582162546296193,7.9042574369279626,19.244682488298533,-2.8399428743036235,0.2743346482635558,0.2387868026698358,0.25,1,5
0.37919381573703742,0.925310232776832,-0.0036087706038061464,-0.92429672773964922,0.3789558374457212,0.045475623751504199,0.043446624685490834,-0.013908500433093638,0.9989589302965064,-4.7388624710342171,-11.153110233969997,-1.981291049015669,,0.07429061611978627,0.4545454545454545,0,5
-0.37977163771220102,-0.90959888449453508,-0.16853300126589341,0.92424056135845134,-0.38083775244470963,-0.027239512709956025,-0.039406699039713534,-0.16610983004975624,0.98531956056481174,28.498139856235586,2.0819563503920704,-0.76399249750717113,,0.180900160525555,0.1111111111111111,0,3
0.52217258630223329,0.8453761079441543,0.11258341899067101,-0.85084328050781832,0.50736333286474844,0.13655826770674431,0.058322398177108194,-0.16709782937419221,0.98421380466304309,9.3119063553780155,-4.9372562015487285,-1.4715456326314642,,0.1016914776312194,0.4,0,5
0.6255045067038596,0.77930525413754315,-0.037781383865353464,-0.77816251981287876,0.62663756185597108,0.042290174150449514,0.056632189182766628,0.0029473623502838616,0.99839075927391463,13.39321651282796,6.8499108604449548,-1.8191971966735121,0.5481976361933691,0.2845764388688982,0.9540229885057471,1,4
-0.97868631901026915,-0.12322704977275449,-0.16428080589780283,0.1493329073068177,-0.97617801049046204,-0.15740449367846968,-0.14097081888611498,-0.17858215487328274,0.9737739173870863,14.797172115512565,-11.801557309729759,-0.81921920604389165,,0.3173066332691481,0.2,0,2
-0.25457033711447213,0.9424861893533838,0.21659576713214188,-0.96704970763885856,-0.24741449180483233,-0.060007767835120081,-0.0029675607864481594,-0.22473507096822573,0.97441538445361409,4.7726940083206735,18.672612764973511,-2.9908942777007375,0.4311609916420543,0.5812919627589083,0.3611111111111111,1,3
0.57414094529332615,0.80745918829539487,0.13554273929292321,-0.81819977839173086,0.55973014026242496,0.13134417658019587,0.030187705732790705,-0.18631110895260505,0.98202692076309306,-8.8354113350210621,13.971824633548774,-3.5421131476011967,,0.2971248946090163,0.1666666666666667,0,4
0.81903287010179726,0.57308224825951992,-0.027602435085083307,-0.56971306692355272,0.81802779711176432,0.079104642904402778,0.067913025770992813,-0.049063834769489688,0.99648409974687502,-2.1257868806461908,-13.378310523332525,-1.7608151420928313,0.5488723114096414,0.4679793724982167,0.7984496124031008,1,5
-0.082235842480970753,0.99660995660382024,-0.0024208695913971409,-0.99660412527199449,-0.082224684645269316,0.0043953072509406209,0.0041813517299004455,0.002774100416275755,0.99998741025304549,-12.414957672768402,5.2542174343369492,-3.2837265448477706,0.1417850321072007,0.1270240722438789,0.6279069767441861,1,3
-0.95692007782468025,-0.26133375682165233,-0.12652522357810175,0.28476023722602545,-0.92980567911793532,-0.23318020150735555,-0.056706013358238411,-0.25916416925476965,0.96416718541106705,-2.061459124917612,8.1853128510547037,-2.7822372215258122,,0.3740655957409845,0.2068965517241379,1,4
-0.93805647004875592,0.34553926338405144,-0.02554753333836798,-0.34443470323524461,-0.93797870399859951,-0.039505519264487386,-0.037613750237338851,-0.028258950884894881,0.99889270569364375,-6.1835314623116027,3.2904022421983723,-2.842055294042404,,0.08051081812782748,0.2436974789915966,1,5
0.97497319880048483,-0.19728897190721356,-0.10249060046924502,0.21939564021334398,0.92835805171154429,0.30002813347705204,0.035955732173446754,-0.31500537993206013,0.94840855960800519,-7.2551001446671801,-5.443311790354481,-2.4445736657291843,,0.2691758146205821,0.3302325581395349,0,3
0.24144538160468057,0.96806221417342375,0.067525381830976741,-0.96884615779739558,0.2365165121405578,0.073464699047156967,0.05514753143155296,-0.083159419036657675,0.99500917624034602,5.749287747364817,17.800979989656117,-2.8712090780362578,0.535044896996409,0.54232657627693,0.6290322580645161,1,5
0.93991793456800954,-0.33612137266283171,-0.059805510754941067,0.33950651185485309,0.93867672070323394,0.060177590662731539,0.035911066338330792,-0.076866357069101776,0.99639447934308001,-10.900934277201745,10.382513607805375,-3.3868205629914825,,0.07970553886934817,0.3125,0,5
-0.72409288605754751,0.68849186079971048,0.040846664164945333,-0.68929306482881525,-0.72035257733810454,-0.077247880885165002,-0.023760537446579293,-0.084089963342257254,0.99617484154406732,-31.509874424506208,-10.680924002819188,-4.1408479488089638,,0.2202360964969044,0.4838709677419355,0,5
0.93886188035807072,0.34238645213818286,-0.036192361110280916,-0.33719824942159077,0.93564959600011077,0.10419776433227766,0.069539270901583503,-0.085623308141288476,0.99389785134359732,6.3777067386719759,21.350596105281749,-3.018449906037644,0.240830933665572,0.1689007276382175,0.3478260869565217,1,4
0.83152053767929779,0.55453587196597365,0.032612300140714041,-0.55034670661853824,0.81442089363117631,0.18394866275981381,0.075445993476519743,-0.17090516294112551,0.98239469020776338,26.183188061910197,1.0344084535972884,-0.81007569045087857,0.6758833385229629,0.3949665807727414,0.3157894736842105,1,4
-0.59383804899123305,0.8031259633928548,0.04842580401589449,-0.80455735954250396,-0.59224618800213269,-0.043953475436387418,-0.0066201794749609607,-0.065062583112279179,0.99785922529306603,-18.276299533207123,13.549475781603817,-4.082115952743905,,0.1163300426915422,0.1875,0,2
0.10162359366494067,-0.97263972427353551,-0.20891292917319207,0.99410386515569638,0.091302738077596757,0.058492010582966616,-0.037817330592297915,-0.21362531868819729,0.97618342165918703,18.576012431539024,13.704259828618753,-1.8135712920128131,,0.1485605411148116,0.25,0,2
0.7370462739240029,0.67582870373199344,0.0042840759420203585,-0.67419882941778209,0.73479742644919943,0.074355097305599277,0.047103381050999919,-0.057691466401595622,0.99722262619637625,-4.5342012290315905,-18.904097852791153,-1.726193423342703,0.3179596117317047,0.2276036454166023,0.5555555555555556,1,5
-0.99322011735533933,-0.10405618564643432,-0.051827682847685935,0.10276236134080281,-0.99433834561437118,0.027039813840644099,-0.054347912308641465,0.021530552003820633,0.99828990767116454,-28.946707602868273,2.0109903933753865,-4.3812422837603036,,0.06948335804926163,0.1764705882352941,0,1
0.74991007465997694,0.6614701910597458,0.0095951166147678901,-0.65937606470584875,0.74620656820429954,0.091645855671654217,0.053461062620337001,-0.075052940702847043,0.99574543477505262,-9.7173589958395148,13.421681395979455,-3.5521009353139039,0.8312886722105808,0.482147691032312,0.3287671232876712,1,5
-0.43500272821834574,0.89993858611012778,-0.02971813710009541,-0.90041381849607516,-0.43456584429493716,0.020186194132247488,0.0052518476665436879,0.03553967082475961,0.99935446659018579,13.851842786401928,6.0063669078210289,-1.7762087485976268,,0.08751585587579568,0.2608695652173913,1,5
0.90464689015880262,0.41657661589631412,0.089877289758771933,-0.42204695826498406,0.84652340541842064,0.32446030434873696,0.059079346181911262,-0.33145444206885366,0.94161965978177353,-29.104380755705993,-0.46678988977631208,-4.2480970451988354,,0.3951814739255369,0.375,0,1
0.41002592907090102,0.90974270933512758,0.065168553007763766,-0.91123276151240906,0.40553295271168305,0.072096314825463401,0.039161101057209123,-0.088945078989931189,0.99526638699770298,-18.886050922059145,-1.7375135595297935,-3.4066751054379654,,0.267165497786842,0.40625,0,5
0.86420162338361528,-0.48284295676963529,-0.14148580578658965,0.49858883482371585,0.85957886725746935,0.11195242182952198,0.067562770297359187,-0.1672927077380304,0.98358955972876427,-8.2112763539050491,6.3876995086559178,-3.0768551829975723,0.8776462804089963,0.4813266890763186,0.7562724014336918,1,5
-0.039931871719433375,-0.9855864251717964,-0.1643923481736968,0.99871553323426254,-0.044503891280767288,0.02422162953790432,-0.031188608458610944,-0.16321397666238294,0.98609759584154055,-15.995126625085527,7.4333836069824111,-3.5516877259596873,,0.4406691563377065,0.2380952380952381,0,1
0.22114970935187891,0.97519385469023689,0.009473744137227201,-0.97383234131231633,0.22029838704305651,0.055849724085266977,0.052377257161407877,-0.021576988682989184,0.99839423901163538,-11.457280971121556,-15.527070710973504,-2.2299949198840521,0.1579120857090771,0.1915507436876904,0.9054054054054054,1,2
-0.97633364551244961,0.21437827977133836,-0.028540599199244249,-0.21075029838407158,-0.97271939536535812,-0.096960247581554221,-0.048548165479190573,-0.088650612193787698,0.99487895976659957,8.7126625036523571,-10.478295156594319,-1.2271895717164767,,0.1460607053854507,0.2222222222222222,1,5
-0.037654880420071674,0.99929038172636464,-0.00091813382911432441,-0.99899692223212067,-0.037621509484999913,0.024285209383928252,0.024233434575009809,0.0018316695248106266,0.99970464920167879,-5.6049022394669183,8.4927327943678108,-2.9970464812666853,,0.08497169074935734,0.2564102564102564,0,4
0.99489339963971202,0.089225886695915413,-0.047179068416669412,-0.086049364119923616,0.99413239847582746,0.065546023794395641,0.052750642535365239,-0.061151577608646937,0.99673359242481641,1.8142164287057434,6.3910530042979294,-2.4343439663022783,,0.06701825659462897,0.3055555555555556,0,5
-0.83640767339306743,-0.53617393819474324,-0.11375285442543914,0.54776302272658361,-0.82504236339725656,-0.13878317453245151,-0.019439002614115405,-0.17838891950064742,0.98376802071258618,-3.8282141654303987,15.197686844926329,-3.3019022060414929,0.807589156568298,0.7317419825930801,0.1739130434782609,1,5
0.4357659110808218,-0.8906619759244303,-0.12972785122051775,0.90005454724578748,0.43171660793466887,0.059351347209353852,0.0031436797043153009,-0.14262543628601015,0.9897717424750736,-9.1435045981986516,1.6604906283157634,-2.9300861857317062,,0.1085451083993848,0.4277777777777778,0,5
0.45881152273482728,0.88849368623176628,-0.0084235462863220222,-0.88710260915263317,0.45858983952467403,0.052386256969981781,0.050407811302816741,-0.016562868441861039,0.99859136985487607,-2.4673113609942599,13.188592419902522,-3.0725120233587417,,0.08116664315580131,0.2571428571428571,0,5
-0.98965189080869298,-0.12659998397367886,-0.067539463105995776,0.13472545806954994,-0.98181414388752675,-0.13375364597032702,-0.049377990711771853,-0.14146883374181721,0.98871046475345914,-9.3487741011936265,12.140238381597408,-3.432690893266193,,0.1654188677739534,0.6363636363636364,0,4
0.30260059576056003,-0.93397314018230448,-0.19007117841313925,0.95293193617856564,0.29253041150141523,0.079666074070347176,-0.018804373329723671,-0.20523189753256643,0.9785327096111085,10.080469503824755,-2.2104696349292152,-1.5849874079349651,0.4719700352207087,0.137185906450284,0.1111111111111111,1,5
0.42497077734083655,-0.90271544607582854,-0.067116777503425276,0.90520051323670336,0.42351576334723612,0.035304801832294092,-0.00344517667688831,-0.075757650521428355,0.99712030826031173,-7.7442179211894215,9.3364110552096431,-3.1626213466678466,,0.07097573989167522,0.4,0,5
-0.08782334657688641,0.9930753991630995,0.078027632112519354,-0.99597586924213877,-0.088944157485998987,0.011000215292041557,0.017864145190899704,-0.076747562998158922,0.99689050747333408,-24.915762544362128,-0.63967904686178623,-3.9180625217279692,,0.5609303940497782,0.25,0,2
-0.47610113309081115,-0.84378711384625327,-0.24769137566062754,0.87828445777423869,-0.4703733133489853,-0.085821659977575807,-0.044092202279484391,-0.25840327512650796,0.96503037522247836,-20.527447874090797,-0.98810460787224419,-3.6012323383996319,,0.2840203001587868,0.3333333333333333,0,5
0.99327093866803717,-0.10254628311062507,-0.053824736113728976,0.11007118134337933,0.98040423513785657,0.16337646942392708,0.03601634955391704,-0.16820165143050764,0.98509442543385672,-11.471324777790027,-8.7832137518520579,-2.5751907180218438,0.295264846663858,0.3040231418946413,0.8277777777777777,1,5
0.99260366353766993,0.10385097432091131,-0.062872428489710724,-0.099901242782292191,0.99300014073882592,0.063011603560181775,0.068976146762122395,-0.056264514796356808,0.99603041898959133,-13.891580711840641,1.8500457488668074,-3.2583780080884055,0.268863401358873,0.106792614676133,0.4117647058823529,1,5
-0.90969692028477245,0.41334141812196773,0.040004815826614769,-0.41527139114246031,-0.90571540084220825,-0.085025198475767311,0.0010885416879456706,-0.093960016720723266,0.99557537652095185,4.9902278815573151,-9.7260060053477506,-1.4945996707834142,0.5415714162018015,0.551655247072837,0.7557251908396947,1,4
0.97231192679869793,-0.22473361601037323,-0.064064957971628367,0.2295981007730532,0.96975832062958511,0.082785938969695466,0.043522742634297534,-0.095202948507855295,0.99450599267626338,-2.9336967459387795,-7.5937523863386609,-2.0911709357102897,0.2064102211063481,0.1607567543474323,0.5482233502538071,1,5
-0.1382878472055222,0.99037978042506203,-0.0049357715171160161,-0.9901760452656988,-0.13815187839043938,0.021574472859719775,0.020685035587200116,0.007870770127517638,0.99975506014241156,-21.863509053412383,-9.5507457987022359,-3.2723207909183012,,0.08145329049288333,0.21875,0,5
-0.70902893847021631,-0.6893783586545722,-0.14844340009083209,0.70305107928406774,-0.70739206867589688,-0.072908443214368512,-0.054746180956356097,-0.15605748874425593,0.98622964662269741,10.447119929185398,-3.4794593944298251,-1.4767711773660304,,0.4394256778436175,0.813953488372093,1,5
0.45085038450486159,0.89105180989996668,0.052541439510279418,-0.89140724843970609,0.44642602688729,0.078082776249186039,0.046119933011338397,-0.082039469718072036,0.99556138795526172,4.4878724552444895,-3.8898598659201062,-1.8299831567225942,0.5917590107787292,0.6835207293145615,0.5877192982456141,1,5
0.94846152681988694,-0.30858587576780916,-0.072079743472791821,0.31446676737374335,0.94461967220761822,0.093831375860529254,0.03913290635765794,-0.11166213393530576,0.99297541937603717,-20.550177986097246,-2.3097681672549624,-3.5174330980242203,0.1372470834464728,0.1252008091960537,0.44,1,5
-0.27721271120521057,-0.90410968022518223,-0.32517502805316162,0.95987593320132936,-0.27550903338003385,-0.052277771441358784,-0.042323818437519922,-0.32661974626332257,0.94420772912730899,-4.551553856636799,18.67034670322494,-3.5196827666229744,,0.6128808481200392,0.3125,0,1
-0.55943466370120398,-0.82415887006412802,-0.088289376168040612,0.82732042851765797,-0.56172858498828926,0.0013803493811758299,-0.050732293530655788,-0.07227138923305175,0.99609391158235949,3.080490663677069,13.792401447868182,-2.7972313474367598,,0.1129060590863945,0.5384615384615384,0,4
0.28310955774700614,-0.93844692285776699,-0.19790490466656924,0.95907432391608127,0.27809762619923184,0.053274304380860539,0.0050417771873515569,-0.20488797739531114,0.97877244403469599,8.9729943063927067,5.7029955254318407,-2.0230157413927539,,0.5900941155820234,0.2391304347826087,0,4
-0.40491325366355724,-0.90487414339409444,-0.13133179974552076,0.912033854347161,-0.4099255828277279,0.012460540438129863,-0.065111485409677233,-0.11473360954904725,0.99126015420150604,-12.606469704383606,10.893365952567519,-3.5587029972999593,,0.2089892920434923,0.4666666666666667,0,5
0.86240871290844545,0.50620154836938147,0.0033472866682271339,-0.50159427725199923,0.85363083705474674,0.1404192830677336,0.06822311138934431,-0.12277779301507545,0.99008647128152616,-0.5437659642612922,9.4217510945023655,-2.7457392738827311,,0.1590416640882286,0.25,0,6
0.97796811166962261,-0.19713472694387951,-0.068675119148902369,0.20416408369768249,0.97183408756188183,0.11770952884389142,0.043536185928943788,-0.12913715842284623,0.99067057836055383,-14.006642268081542,5.3458440272685097,-3.371825693672549,,0.07298685022172977,0.3571428571428572,0,2
-0.0042308245692782099,-0.98879938819916513,-0.14919071693782424,0.9994664524417447,-0.0090131891795743567,0.031393834813988122,-0.032386888812894032,-0.14897829478743269,0.98830994992221533,5.2465453331537519,-19.135094815262356,-1.0845169924554658,,0.08876420104111374,0.2941176470588235,0,5
0.75614159180816876,0.65334876075586745,-0.037219483561467592,-0.6517241157596193,0.75696726983827545,0.047499782430350794,0.05920785484335768,-0.011659726084299963,0.99817757974845744,-1.3711463606924625,-9.7822719219644672,-1.845358315965846,,0.07525370970234635,0.5125,0,5
0.99782523556403036,0.053076808167225285,-0.039085185254366689,-0.043743585996392352,0.97678632217978167,0.20970212084447931,0.049308193596650972,-0.20753634196755991,0.97698381194724004,7.2206793814381607,8.3072038934438321,-2.1918708616562266,0.3994826657994557,0.3620420905369136,0.2272727272727273,1,5
0.81903166107920122,-0.53994164208687245,-0.19403649473843021,0.57348305656823295,0.78069861763535919,0.24824756242790411,0.017444826711717237,-0.31459925550256984,0.94906426887657469,-25.345515906929759,0.71436377809172424,-3.9878272026834507,,0.4297544999353125,0.2352941176470588,0,4
-0.44064740522563933,0.86172875919975511,0.25150230582633243,-0.89767384735997224,-0.42405642204647764,-0.11982409894126055,0.003395295842272353,-0.27856722077299495,0.96041073269562804,13.048189031877953,-2.3985363064464935,-1.4111517147817689,,0.2980342558367202,0.1666666666666667,0,1
0.73342144870746273,0.6699738988826508,0.11501284011720443,-0.67616832818991879,0.7016095614005331,0.22481195542986782,0.069924033984719872,-0.24264994986055577,0.96759063208775042,-13.153694200416362,-17.768362769801499,-2.2873118960136276,,0.345821570013278,0.3478260869565217,0,2
0.32261324605670905,-0.93326860928636957,-0.15789362365035137,0.94649473650203186,0.31662319889098239,0.062429670013463119,-0.0082708671070085681,-0.16958612220558283,0.98548066440319926,-13.221925015339588,-9.3275979781701857,-2.6668765187710877,,0.193345912063042,0.4375,1,5
0.99856876750011891,-0.0068588839364221981,-0.053041231928013112,0.010071345963199221,0.99811512209630215,0.060537352379947035,0.052526037008174729,-0.060984905950825369,0.99675566548797989,1.3784248413039346,5.4736794995965985,-2.4379107988982334,,0.06900728114675453,0.3125,0,5
-0.77624985372675925,0.63039601777500864,0.0060848469658403214,-0.63004972477616683,-0.77541800827464302,-0.042003056470490553,-0.021760259618468159,-0.036438622597427868,0.99909895299942164,-17.176782666980653,8.0294395382955184,-3.6563473499097938,,0.5812858359638766,0.2777777777777778,0,1
-0.57689275362324743,0.81365729740916759,0.07180914419345831,-0.81678829204385472,-0.57386346910418318,-0.059477767340365903,-0.0071858748298328796,-0.092965161219252218,0.99564343115515441,9.9619084625864502,-19.647872397754249,-0.82397389549722289,,0.1986842945165019,0.3846153846153846,0,2
-0.95389283334561448,-0.28038498854109062,-0.10711078700433291,0.29389304856511644,-0.94498900553079501,-0.14360590319001787,-0.060953576572479212,-0.16846375760599452,0.98382143902046115,-7.9337064272705513,32.737612000935869,-4.6021345407998711,,0.3986973288971249,0.3157894736842105,0,3
-0.99893859195395696,-0.021869336878771864,-0.040539136763496388,0.023832770150325432,-0.99853394908617255,-0.048599913470445823,-0.039416856445034155,-0.049514489059828297,0.99799530399753689,-3.9442693007212233,12.137227436922025,-3.0816083877607401,0.6249205894191817,0.5372361888891932,0.5131578947368421,1,5
0.99862757242152467,-0.0093220617698640956,-0.051537081444813844,0.012409411104206656,0.99812641451486961,0.059913831155542545,0.050882001882171755,-0.060471148592092308,0.99687223959362681,15.771062913103467,9.3744768461294896,-1.7949350549148313,0.3170796745626731,0.2460682202257415,0.8936170212765957,1,5
0.94067421494178705,-0.31045982694165641,-0.13691865175720025,0.3370928047145344,0.90112862687648454,0.27264562867097258,0.038735801958156187,-0.30262500504594442,0.9523222374635596,-1.4467690238186688,12.362205340102188,-2.9765074335184463,,0.1857331119779849,0.2941176470588235,0,2
0.66814001907760345,-0.72726843758428195,-0.15706538320297683,0.74319514854694657,0.66237618524140363,0.094439188906556074,0.035353727996669117,-0.17982883227881921,0.98306241154769747,-23.882023111266136,-0.7685541283871814,-3.8348341121094611,,0.3720957377587797,0.2647058823529412,0,4
0.61948234919769818,-0.75834617093197587,-0.20286129267386316,0.78489628269237077,0.60276302911252366,0.14357770074350748,0.013395687671723966,-0.24816892587087649,0.96862414784264805,-17.144379048809807,1.2927442881882287,-3.4462039257073465,0.7113802614955073,0.5317371166551521,0.5161290322580645,1,4
-0.47937944196091303,0.87148875595586084,0.10345384897504648,-0.87694467298688294,-0.47109586515110891,-0.095061697636108805,-0.034108520125832993,-0.13629392532331117,0.990081095049689,9.2031692353968886,15.35343873233389,-2.5438437589792362,,0.157330019407384,0.2307692307692308,0,3
-0.47075447560126793,-0.87623613523795141,-0.10295853050930874,0.88125419712908748,-0.47258525932919782,-0.0073629278907620613,-0.042205020361857644,-0.094198768399677071,0.99465839778702003,7.5885692880586069,10.646297050910903,-2.2595691015731942,0.5113355427227192,0.1633998504220193,0.4615384615384616,1,5
-0.87687878653450479,-0.45919307492295786,-0.14221572932898063,0.47707630992431233,-0.86760652833436946,-0.14020380344550082,-0.059006679577623705,-0.19078949639427786,0.97985589748229907,12.58306761779628,5.9811936740405525,-1.8374448990501011,,0.08141559972773015,0.3529411764705883,0,5
0.99626086934530922,0.073727386844939652,-0.045039456483651451,-0.070852344881728604,0.99553289599070249,0.062403511320459515,0.049439108366622908,-0.058979025334255634,0.99703422666151831,-18.635950362922614,-8.4436729943241122,-3.0968470289332197,,0.2014622178628064,0.7222222222222222,1,5
-0.18162732846665119,-0.9767101269611691,-0.1142315256204,0.98192654650384437,-0.18641952861372665,0.032680523595399712,-0.053214385509002142,-0.10623129126078097,0.9929164828584357,5.6116485149795103,-17.190494911227674,-1.142645075499495,,0.7795593594917791,0.7538461538461538,0,4
-0.63913658740873058,0.75984646234626907,0.11890238136968383,-0.7690199387567046,-0.62925754435687076,-0.1124423259479916,-0.010618683070696208,-0.16330430652564012,0.98651859943947495,0.15008165981159868,-15.300531697769705,-1.5735084189707542,,0.7485022506070134,0.16,0,1
-0.99883089896360144,-0.022148696924573462,-0.042968249907417412,0.024421849265481015,-0.99828943913372326,-0.053120325606390489,-0.041718204108242805,-0.054107586701110731,0.99766325005352574,13.52115755638154,6.9625995738410795,-1.8200518434643977,0.6970018745634853,0.5475447178762698,0.9159663865546218,1,2
-0.76349778129270252,-0.6396635603031865,-0.088891324556288343,0.6425760278709316,-0.76620177654404664,-0.0055575198030712036,-0.064553747890693611,-0.06136258828470071,0.99602582616730673,-3.6937854227502882,6.4508642638747027,-2.7967303666094865,,0.1189521897725375,0.5888888888888889,0,4
-0.17999060889488563,0.98351289051851687,0.017486420261455443,-0.98361683004341294,-0.18013464619317085,0.0070314220615959296,0.010065404363238249,-0.015934347328116133,0.99982237633003157,-2.8907377809199617,10.473894335302166,-2.9650140273804646,,0.09032923616023707,0.3653846153846154,0,5
0.98760900884416603,0.14990464618528157,-0.046443973795439075,-0.14689236475796957,0.9871677022430918,0.062630350660901363,0.055236571450964465,-0.055032033400206092,0.99695556394163454,-6.1142188581373018,-5.2138944922814048,-2.396016665986421,0.2864711463323139,0.2308201182722463,0.8443243243243244,1,5
0.68229070555631866,-0.69784452009555586,-0.21792755421025478,0.72978002916038942,0.66788866362577926,0.14610216301900056,0.04359474911180454,-0.25872332475595028,0.96496722176305305,-8.0143808212158056,-13.765096553842481,-2.0661228412593786,,0.2729076908696878,0.1142857142857143,0,4
0.70133338372913656,-0.6821711178737917,-0.20681888406492516,0.71283306070859997,0.67145677379063962,0.20252118035275829,0.00071584065885410021,-0.28946220283395646,0.95718917707142104,-16.370334772865224,8.633192305149338,-3.6276681961853408,,0.2226935100813445,0.2631578947368421,0,2
-0.88666333931499353,0.46106074374156819,0.035371079927779332,-0.46125013225010902,-0.87641030477386717,-0.13839542328211063,-0.032809117849193166,-0.13902506344774565,0.98974521646699998,22.269898338641177,2.4704849430549012,-1.1153858263357614,,0.3517403067313868,0.25,0,4
0.69089736072785612,-0.7162408495150081,-0.098284700871006589,0.72279014394885499,0.68721310588121298,0.072887275401750815,0.015337690493586041,-0.12139683929623894,0.9924855478339254,-19.584575860277447,-2.9806839539669499,-3.4075614754543859,0.1078094222227546,0.1443601630525542,0.5588235294117647,1,5
0.091584533208669452,-0.99080077809226819,-0.099629771698559813,0.9955854419997513,0.089041881594718805,0.029684524591655936,-0.020540227727819729,-0.10190859362109303,0.99458168975256178,11.677159869514867,8.4178826220308238,-1.9691933146688942,0.5250907972480368,0.2238896785735929,0.8043478260869565,1,5
0.69059676949286652,0.72282722957268253,0.024431499223274263,-0.72065864528498735,0.68488765600242796,0.1076104810485765,0.061050953653672788,-0.091922221708246377,0.99389289473976861,-18.69440854696802,17.035324151882374,-4.4468844771863987,,0.1181949112037232,0.2142857142857143,0,2
-0.68840058687911099,-0.71730024513177892,-0.10763359288988085,0.72265836837546382,-0.69099715438241038,-0.016965118694623051,-0.062205422604519681,-0.089461114286042545,0.99404587139089906,-7.4606417681926285,3.4231313735968247,-2.9176702133668968,0.3455566770420654,0.3244731182366669,0.7301387137452712,1,5
0.68449775971875249,0.71820455656072679,0.12508010183645529,-0.72506893281367724,0.65286986971944283,0.21917111096344696,0.07574866076996313,-0.24071383040433431,0.96763577457823935,-9.0622043325603396,3.8609778311809886,-3.0424832498567049,,0.3527000836587028,0.3057851239669421,0,4
0.25126515057384907,0.93331233015627268,0.25650325238750743,-0.96694224120962258,0.23013927163709974,0.10981173805589439,0.043457177446448954,-0.27561569263852437,0.96028509501073367,-2.4025552503185561,-17.35091434476395,-1.6544439517530645,,0.4738598974382777,0.4090909090909091,0,4
0.99949380866508408,0.018922237267501772,-0.025574897398790441,-0.011805014308407696,0.96708708927767784,0.25417160224857654,0.029542648448380143,-0.25374103075620763,0.96682093545466541,-11.138657390545957,18.313889890424576,-3.9916567016208404,,0.3060152187491033,0.2777777777777778,0,3
0.85105274610865633,0.52496414743194042,-0.011039350160745823,-0.52138312697574463,0.84736419858297529,0.10066553464233223,0.062200146671129601,-0.079915948789263017,0.99485907689642272,17.667536713126619,10.336863953564944,-1.7352712121612586,0.2183575522145705,0.1883244694746228,0.5,1,4
0.6667691785409372,-0.73664854397114543,-0.11299462470859474,0.74493819821301899,0.66325717857948396,0.071812226716095745,0.022044123729132479,-0.13205619155486353,0.99099708318493074,-10.071098773915208,8.6916577981854388,-3.2669350920649647,,0.1313465804406379,0.2741935483870968,0,4
-0.68724466710860121,-0.70359950830212392,-0.18067235385579727,0.7239642105020232,-0.68385224434684944,-0.090674857672651127,-0.059754409401872835,-0.19311613039511566,0.97935467055518088,-8.2757958557839348,15.074474701773612,-3.5617026605646527,,0.2696874847018921,0.2777777777777778,0,5
0.94038012054941778,0.33769030721307697,-0.04062616508854943,-0.3352465072497342,0.94041383074291807,0.056847219142940948,0.057402162435905763,-0.039838214841650635,0.99755596754563791,-5.2346847933846901,-8.5700644337526501,-2.1892134582831986,,0.08209680253723861,0.3793103448275862,0,5
0.98994923118278855,-0.12643831298710478,-0.063355131517344218,0.13945300780496236,0.94724296612769132,0.28858901873730547,0.023523994022150288,-0.29452354087676375,0.95535464910924972,-3.8395606214558593,0.85479882834702414,-2.5362644407168129,,0.5870892770569756,0.3323353293413174,0,5
-0.71561793965621745,-0.67705601830002704,-0.17171520761395448,0.6953719319256344,-0.71376793955881768,-0.083625383395055958,-0.065945740819257109,-0.17924976022765823,0.98159089376691233,-5.5009481022174764,-25.848854385725396,-1.4712074907114807,,0.3386620061699522,0.3333333333333333,0,5
0.88942070312352783,-0.45313753433640769,-0.059976560678081388,0.45605102060753394,0.88856748172246236,0.049651757554278877,0.030794146490482208,-0.071513672825014321,0.99696414937599453,-5.8038269506808984,-6.2044451133904648,-2.3370661617174977,,0.07437288679239998,0.2922077922077922,0,5
-0.69812647893074609,-0.70801266690786901,-0.10647761696134449,0.71390551860740814,-0.69966584702100842,-0.028400933334362433,-0.054390531507303032,-0.095842401943934868,0.99390940435835051,4.6833949626759273,14.78924314692288,-2.7425293342915462,,0.09865327144429031,0.3181818181818182,0,2
0.8675094906429156,-0.47679780578685937,-0.14174320456835324,0.49585051466033847,0.85154139816731511,0.17032179636890682,0.039491147812480268,-0.21803921574820026,0.97514068197381787,-10.788274802882064,6.1569224655774928,-3.2144382201753534,,0.5237087180804467,0.2957746478873239,0,2
0.92381882205276056,-0.37140382460478399,-0.092833092644748344,0.38109327647323926,0.9152518313793957,0.13069812463670855,0.036423874696972759,-0.15611945498751995,0.98706636915987478,-5.1058272139603691,-14.271578478446228,-1.9013263159279767,,0.0955700481052532,0.4166666666666667,0,3
0.65027374717544684,-0.72322600800239634,-0.23256868895730842,0.75948004788368362,0.62623989967781735,0.17610691331720937,0.018278692540796962,-0.29114898145182555,0.95650308938265538,-21.801556536589992,1.2526801203836226,-3.753160860171151,,0.2286951032436401,0.3846153846153846,0,2
0.86273142307748196,-0.48392191638710452,-0.14667675506001579,0.50536189160176226,0.83514763138866954,0.21711239555258885,0.017431298040944353,-0.26143452837398407,0.9650637995606719,-3.5693124093881674,-17.107200609236486,-1.7383789117984112,,0.1910140323620735,0.2619047619047619,0,4
0.92147846150864809,-0.38022950447172627,-0.079391239471618441,0.38745490977783342,0.9142317601708132,0.11857057638396853,0.027497961100876961,-0.14002075783311929,0.98976666417450776,21.473440659134749,13.702564876840228,-1.6841197515954187,0.196721254701145,0.1624630601068311,0.6666666666666666,1,4
-0.98934661747383301,0.14524113661365906,-0.0099137645855717511,-0.13773753272078157,-0.9559313474310277,-0.25927520336254928,-0.047134303570513895,-0.25514754796758699,0.96575260092481796,-7.7899764079414142,-15.042823346001047,-2.0246365095356609,,0.430268906227364,0.1333333333333333,0,1
0.69280079375304371,0.71357776375246196,0.10408571109036684,-0.71888994940159723,0.67205223798811342,0.17760357559614617,0.056782927227474175,-0.19787006972557183,0.97858220639978732,-23.089399680982915,0.089500743203531977,-3.8166883329338548,,0.1278799372886429,0.5714285714285714,0,1
0.95744191572454684,0.28837314029322891,-0.012079319978003721,-0.28229611709849917,0.94434048257118475,0.16890812664975965,0.060115557760197412,-0.15830977523400949,0.9855577785094779,7.5591871502883379,-8.5186122347330127,-1.4015948895054862,,0.10747066697065,0.3448275862068966,0,4
0.96120150993544173,0.2758144462877819,-0.0042483545980719984,-0.27290502708214526,0.95308010406390709,0.13100061614673811,0.040180884648301655,-0.12475859271607648,0.99137318404946961,-7.1820531488141457,17.064198406458697,-3.5944076075563145,,0.1103290505087623,0.2857142857142857,0,4
0.90203701761681421,-0.40778093459032971,-0.14157658080912139,0.43045266592071402,0.874259048052768,0.22445850239992871,0.032244708879359568,-0.2634118947247937,0.96414441473608103,-8.5529823033184087,-16.196772062528229,-2.0359835975609104,,0.6671229257020781,0.3809523809523809,0,2
0.98538832092183259,0.16655317268420958,-0.035635623464095337,-0.16194610479344212,0.98099607053508964,0.10686518954712994,0.052757142957919521,-0.09953265928094375,0.99363470833268519,32.933430006303411,9.0053359913196953,-0.9396664050000918,0.2651379362069979,0.322486175484636,0.5652173913043478,1,4
0.74976481328316136,-0.64944794118036364,-0.12676788417834278,0.66167461671969829,0.73766202745123566,0.13431840843820581,0.0062790406358838339,-0.18458630759923481,0.98279624983796809,12.795853377064784,7.6398301629424701,-1.8872087524562051,,0.07727956372765318,0.2857142857142857,0,4
-0.23765519933263868,0.94452377905676488,0.22670429423919508,-0.97124965159757226,-0.23441577538816852,-0.041513353523388981,0.013932713366677618,-0.23005233110205897,0.97307851916109545,10.427640229324243,-13.049291824079916,-1.0271240566134292,,0.1273787930611894,0.2857142857142857,0,2
-0.94230108472758378,-0.33326213236133784,-0.031702000807428528,0.33474875192690157,-0.93899380974804714,-0.078955039979917305,-0.0034552575304210909,-0.085011625021658072,0.99637396835052661,-24.448304888868304,-12.130919054450006,-3.2722423948906303,,0.2278478584122033,0.3076923076923077,1,4
-0.48286276900852126,-0.8637195752032456,-0.1443330929348815,0.87126289971110737,-0.49041152357302742,0.019937330156646529,-0.088002874341788176,-0.11612507462864213,0.98932828785498506,6.3442489837426805,6.8312762886254719,-2.2070489612398538,,0.1378419994292266,0.1666666666666667,0,3
0.80122103547598877,0.59625167620992225,0.05028708509789781,-0.59762719707043388,0.79321555445208869,0.116836712967297,0.029775587861900009,-0.12366496186116757,0.99187720589564643,-15.512517441924441,1.4514672261757022,-3.3524281548241333,,0.1629518186741745,0.288135593220339,0,4
0.28342494167650262,0.92795125055105776,0.24202640152759972,-0.95781946520968086,0.26142519802066722,0.11932618281540354,0.047457080621455566,-0.26563761488272447,0.9629041920452448,-25.992379991733909,-11.559208944481169,-3.4821411729422391,,0.3652614925588372,0.1666666666666667,0,2
-0.59454895044214517,0.79746456871139193,0.10277065329216269,-0.80402634517471205,-0.58848899880163019,-0.084984319462179062,-0.0072925848050435131,-0.13315765069799362,0.99106803917160635,12.785654903480914,-0.26207104142173243,-1.5049989083637383,,0.3614555376862659,0.2040816326530612,0,1
-0.66707925026066306,-0.73859120089940156,-0.097407965925026249,0.7428675473213846,-0.66932639394770488,-0.012246856807829668,-0.05615230189744079,-0.08053084079370601,0.99516918293960299,-13.705847219753331,13.430592139684952,-3.8143757939555059,,0.1301362017527935,0.25,0,1
0.089898213892701126,-0.95821337803356632,-0.27156110416700674,0.9954078551291925,0.077441294693903859,0.056267644550242121,-0.032886366263280412,-0.27537241698041159,0.96077495745901065,-9.2937118093588893,-9.6719738202964738,-2.4113465924263391,0.4744255958032518,0.1791401210692029,0.3846153846153846,1,2
0.01660616174951,0.99695898699740682,0.076138122100916569,-0.99980359085230341,0.01573313626411026,0.012051893715721438,0.010817352300318843,-0.076323303573678641,0.99702444213811081,34.996914057663851,2.0477965098539861,-0.57794191530758088,,0.3033864727944511,0.2380952380952381,0,3
