axis_00,axis_01,axis_02,axis_10,axis_11,axis_12,axis_20,axis_21,axis_22,location_x,location_y,location_z,dbh,dbh_approximation,score,reconstructed,number_clusters
-0.46239229731721754,0.88569776793559329,0.041627241748822028,-0.8866357148943268,-0.46141725577912901,-0.031164485285087619,-0.0083947874024678792,-0.051318417192726035,0.99864705857540148,-12.245411561595274,15.768979599766352,-1.2443350095541692,,0.1080629834180015,0.5,0,2
-0.94731584094906474,-0.28688287856700023,-0.14244617043669691,0.3112696715948754,-0.92941771783217164,-0.19822688345645348,-0.075524095705854721,-0.23212263949204046,0.96975006635888572,1.4356947058935181,-28.162967360804018,-1.0857288746742568,,0.7792373718326582,0.3095238095238095,0,3
-0.88996950583814838,0.45354169999248517,0.047478469290106497,-0.45284122908943802,-0.86669085582403527,-0.20924096555830263,-0.053750348045123991,-0.20771828710763637,0.97671081354006739,-14.68488049055779,14.577712654857551,-1.271543499353432,0.3612071877359872,0.2109688521921919,0.3,1,5
0.11102112850305214,0.99044086196686409,0.08186090625106951,-0.9934862014570438,0.10847846727558474,0.034893977302625716,0.02568027531715842,-0.085201649537303428,0.99603273157851568,-12.751198574509338,11.473854120793099,-1.270320628089729,,0.4122310203812414,0.375,0,4
-0.89087312321456402,0.45221140278032984,-0.043010760623080978,-0.45160632850886268,-0.8919096065345038,-0.023430275760489682,-0.048957148453262885,-0.0014494712531627628,0.998799828117933,-0.60758692235884926,11.981344412048516,-1.1538338053703057,,0.0740686122508908,0.2380952380952381,0,4
-0.076322234589242893,-0.9746739038417801,-0.21020394305799697,0.99638916205715689,-0.082419562782301989,0.020387579694786703,-0.03719615897295913,-0.20788890504449548,0.97744495953330268,18.379866703906131,6.5291267002661835,-0.89177494510754141,0.6019298333034829,0.4814704438330543,0.684931506849315,1,6
-0.99568394411837302,-0.06629038097620632,-0.064954359475796558,0.067352546280506354,-0.99762676868574018,-0.014299122741660932,-0.063852313461720683,-0.018612248431563904,0.99778578175573762,-4.8159934621018836,10.035694360505669,-1.2143340181760049,,0.0792523488607019,0.2083333333333333,0,4
-0.60436946342697762,-0.78733439128444715,-0.12182819040655864,0.79646816379166818,-0.60080655948895434,-0.068336974921146085,-0.0193911253751687,-0.13833305597648934,0.9901959148981021,16.807427628064435,6.7035828768187002,-0.90394615873839379,,0.0973106003118496,0.3636363636363636,0,5
0.891463559750867,0.45297357074053707,0.010376215441147954,-0.44194141356416683,0.86424642768334592,0.24034537485352503,0.099902495530489258,-0.21884482275608713,0.9706319770848465,9.2224917588466351,-26.645472148428656,-0.86904277654764128,,0.4845700753714762,0.3023255813953488,0,5
-0.91718115350752538,-0.36142108265937833,-0.16779014470441597,0.39325168221868573,-0.88893459719995704,-0.23483695691505665,-0.064279437480269,-0.2813717876942769,0.95744350799770284,-2.1629844291066909,-29.039591376000551,-1.1493266880058546,,0.4031462293289358,0.25,0,1
-0.95533833173795535,0.2917402664773513,-0.047077476863828988,-0.28867917735541543,-0.95538840112419565,-0.062428643736292311,-0.063190224509340476,-0.046050189066673915,0.99693850141991325,12.131666851748053,15.766428342777845,-1.0578846927719265,0.1394616481988914,0.1546338466218925,0.625,1,5
-0.99042330118090005,-0.11270823305233781,-0.07974044569820872,0.12303765911349113,-0.9825612202030326,-0.13941012514520124,-0.062637200750044683,-0.14788611413972663,0.98701888448339781,-20.752134734478343,15.898179389871363,-1.3690798694831612,,0.3972317229731597,0.2857142857142857,0,1
-0.97868191896288403,-0.19457408461710668,-0.065746688818091953,0.19492749378942273,-0.98081708406532175,0.0010581921253009804,-0.064691372377640527,-0.011780203776442752,0.99783578465541289,11.186780377189715,8.6149921200062938,-1.0431521032197424,0.1404673576478782,0.1430995177917771,0.4468085106382979,1,5
-0.94905212450495835,0.31410679453401125,-0.025238593467023205,-0.3110649965124711,-0.94663861051468867,-0.084343992243168631,-0.050384848092671165,-0.072196002038809659,0.99611701339365288,-11.117313786280011,21.118466419149115,-1.3170932072247008,,0.1434765217809429,0.2857142857142857,0,1
-0.77816615237132203,0.62697702483902651,0.036840868985637439,-0.6279166565718145,-0.77540438589251359,-0.06684841612430803,-0.013345849665265093,-0.075152170046231467,0.99708276468608958,10.582903736576842,9.3326849859646828,-1.0489809514044706,,0.1533381091041828,0.2727272727272727,0,5
0.39258899800195385,0.91243812845309236,0.11545795941743545,-0.91916321704714177,0.38490592666283308,0.083584735731904239,0.031825446978297291,-0.13893915706107487,0.98978939757899387,6.0136254098746136,-14.613779069899588,-1.1615288022997716,,0.4090822154851853,0.26,0,3
0.9217490245054295,0.38747854483675925,0.015463282784616377,-0.38402370070119074,0.9065360940968874,0.17526581925555615,0.053893720627283634,-0.16748936500789119,0.98439970514329256,-6.8094714351502832,15.87461345837333,-1.2644161210057894,,0.2311420460042866,0.391304347826087,0,2
0.74666109837191519,0.66301250557963187,0.053959444243465493,-0.66206398275380995,0.73281381412090629,0.15701973307113973,0.064563820505043029,-0.1529651309239731,0.98612026741326231,-7.2221166222797963,-24.905013514840693,-1.2436568963653887,0.1981249527419489,0.1470885829025705,0.2432432432432433,1,4
-0.82284913505377644,-0.54986430350742288,-0.1434173931904662,0.56641045287288239,-0.81396593817464458,-0.1289908925769826,-0.045809385693196383,-0.18737315501364499,0.98122005735851348,-21.179145979558271,-25.865554452842225,-1.3361896701225495,,0.2873291403369608,0.3571428571428572,0,4
-0.81757548981735195,0.57574624095868576,-0.0093050777461589421,-0.57450952850624482,-0.81669648572237086,-0.05427385986147145,-0.038847395092222133,-0.03902712173186107,0.99848273077899397,10.777538934075535,6.4679471033668934,-1.0500409059087816,0.190700099282092,0.1249405539798423,0.3125,1,5
0.82956554745114675,0.55822048387028456,0.014522185431450781,-0.55634069743101189,0.82397639620377949,0.10746128084574549,0.048021150174222746,-0.097225459045758092,0.99410320352028203,9.5844745020454329,15.42594175383404,-1.0730375918350312,,0.124526885731196,0.4736842105263158,0,5
0.40029100166687143,-0.84276193637947616,-0.35988808340156114,0.91638095568517308,0.36967585025793775,0.15357639725426425,0.0036135912969843657,-0.39126983569652662,0.92026890506631354,-38.81439231906576,6.3245004665726565,-1.7046077865106652,,0.4521953561993341,0.3,0,1
-0.98860993366736771,0.14239960846582195,-0.048710887520008135,-0.13979004846895346,-0.9887428554526756,-0.053350802621326944,-0.05575967542278118,-0.045933836113183114,0.99738705691254892,2.4301995748657657,9.1905407140195354,-1.1554566903319012,,0.09588686854706235,0.3125,0,4
0.19308594979529387,0.98097124675775715,-0.02032803547278424,-0.98065419652584618,0.19362005371700849,0.028785788765830784,0.032173946414724174,0.014376641929055004,0.99937888177554957,-17.514016456178144,-24.266531848119506,-1.3085739217156671,,0.1040109614899043,0.5172413793103449,0,4
-0.2904357381844021,-0.95339544062872961,-0.081757053357081722,0.95609799781554283,-0.29261819225224905,0.015849673060864055,-0.039034607188903704,-0.073564443526590834,0.99652625258456273,-15.025400375565686,19.552080959731072,-1.3821410251280797,,0.06901026424111298,0.3333333333333333,0,1
-0.082016980638679807,0.98880360896896968,0.12466209438660664,-0.99488963639201389,-0.088621513449573308,0.048382215262149079,0.058888252535461219,-0.12005686254374584,0.99101893194301371,12.47862833195129,14.757901453345914,-1.0515771866920267,,0.4456651347437382,0.8444444444444444,0,4
0.41434182483938675,-0.90335362737043456,-0.11078391627599295,0.90994757130059778,0.40880371463023568,0.069820773331901981,-0.017783972360271596,-0.12973722218854597,0.99138891637232351,0.47580356802401802,12.58698194363134,-1.1388793638705907,,0.1125187138691469,0.2258064516129032,0,5
0.76806615492358954,0.64032251679054153,0.0078393974205840152,-0.63694110807074755,0.76263040720211217,0.11269821143366612,0.066184639535918549,-0.091552916402295431,0.99359833785475582,10.418170138044198,-24.802827199438791,-0.90851507345594962,0.5463359565372151,0.5095863023225905,0.6515151515151515,1,5
-0.99334506434166481,0.10717094900844608,-0.042189700599590908,-0.1061846382286956,-0.99403286777659217,-0.024969589185346735,-0.044613963646991814,-0.020323520080758654,0.99879755144835636,-12.672728364955752,9.7656473979558722,-1.2851656878493831,0.6193598446443451,0.4602114529861672,0.518348623853211,1,3
-0.90265127814103108,0.42883372996458857,-0.036363472262996056,-0.4280388085641979,-0.90333340293079234,-0.02777663608892697,-0.04475989760159528,-0.009507638725418122,0.99895252958915004,7.8084295082381692,8.2515408188313142,-1.1445410917247407,,0.0772602442600218,0.3513513513513514,0,5
0.65772948899522077,-0.72809274022074366,-0.1930618578174734,0.75271918862206255,0.64496585342658086,0.13203359797364181,0.028385601741535066,-0.23216375589564056,0.97226243785420419,-11.88467958483958,-24.968522862766147,-1.3123427545441089,,0.1837040528892994,0.3333333333333333,0,2
-0.9932578777681571,-0.094928272486060034,-0.066538795708296086,0.097819338396077052,-0.99433344135915569,-0.041621922476179248,-0.062210652522311435,-0.047850083361177798,0.9969153445679716,1.3814302192092418,9.2968115385814123,-1.1594656829681882,,0.09925473728452233,0.543859649122807,0,2
0.98993964232477283,-0.1227190219032884,-0.070424045730150625,0.12952980673602191,0.98630860804611831,0.10206546360575697,0.056934468653276858,-0.11016066156859028,0.99228176186098493,-33.329939663121117,-8.731814681322426,-1.4981501325984172,,0.164889530762041,0.1666666666666667,0,1
-0.73039658498105497,-0.65910326520244811,-0.17917509438391194,0.68215528486766008,-0.7171428087980789,-0.14272476700391862,-0.034423770495598083,-0.22647091996252633,0.97340943412121972,-11.668508285281652,13.422360952730656,-1.2503271865017029,,0.3793246586027621,0.2133333333333333,0,4
-0.90775999801079243,0.41790589895472374,-0.036420401292281405,-0.41701877201118759,-0.90841490864766183,-0.02962596052351699,-0.045465699177816551,-0.011705270842833732,0.99889732046530588,-10.707665154852913,12.268841278561942,-1.2680340530003971,,0.08541480667480066,0.5517241379310345,0,4
-0.99760864204031463,-0.028531942995744977,-0.06295177166186873,0.030431178233921004,-0.99910380544284705,-0.02941988002894377,-0.062055948286814745,-0.031265223148246979,0.99758285124781254,-14.257855040183451,13.108108383468762,-1.2821457443192674,0.1951374231426782,0.2294016937663322,0.7628865979381443,1,4
-0.8925222887646338,0.45033991009696478,-0.024452595612714997,-0.44843582520510245,-0.89191304389218684,-0.058278922498569051,-0.048054913702554908,-0.041049817403164997,0.99800082052080907,-6.584222406573196,11.453511596162048,-1.2293685482822228,,0.09584757334336851,0.1636363636363636,0,2
0.73468866566557223,0.67839961756702394,-0.002554100126258914,-0.67544033573899298,0.73182502719134779,0.090622747879202312,0.063347591898472583,-0.064854363471527426,0.9958820181825585,-12.644533272990989,19.304628840541415,-1.2806594691210846,,0.1469114189301028,0.4285714285714285,0,5
-0.89929918939597897,0.43638912740261504,-0.028731471186188677,-0.43492877786948497,-0.89930188713005754,-0.045750125521977339,-0.045803123612858085,-0.028646907147277079,0.99853964797508354,6.035589731857363,18.896340030837546,-1.109641016182461,0.4020011821779964,0.4011270270344353,0.7837837837837838,1,5
0.99049994780136241,-0.11145866591303873,-0.080540792139042694,0.12110254087875606,0.9844932780305925,0.12691398703565768,0.065146204787447648,-0.13546199210650742,0.98863846814511946,12.788918018788367,9.4488979834779379,-0.9977656382693163,0.7797308302825544,0.7955003313027843,0.6804123711340206,1,5
-0.49037055045646816,-0.8604223995275645,-0.13860020792281827,0.86989110991668006,-0.49292909294990922,-0.017617213500021513,-0.053161829661385766,-0.12920605138617772,0.99019170676806101,11.737890749335877,11.240067629109486,-1.0271590348913642,0.8776191815284433,0.5310152878062854,0.2666666666666667,1,4
0.86650834469810911,-0.46952665610571526,-0.16943437601245323,0.49745874191161971,0.84030238262130186,0.21546857278190729,0.041207871387058066,-0.27099192786344972,0.96169916625137997,0.080586713088018527,-26.517806827915571,-1.1678937511979781,,0.3854924453535331,0.2631578947368421,0,1
-0.22743275906159113,0.97376167736920005,-0.007907957559010359,-0.97371075997628742,-0.22729982652657912,0.014904521709466413,0.01271597467885305,0.011089839859521534,0.99985764958810885,9.8233144092664926,11.065560343504714,-1.0886324224720965,0.5896814733891483,0.5310034293506435,0.9404761904761905,1,5
-0.015269392291447735,0.99786600136244064,0.063484557051177226,-0.99973721517172487,-0.016322076590042953,0.016096285797462574,0.017098136147975302,-0.063222093770477647,0.99785300550709521,8.2707208527143106,14.800321537238972,-1.0638252735937399,,0.1653049889029873,0.4230769230769231,0,5
-0.048684355433770796,-0.99264624428356685,-0.11082990230858125,0.99853613503346017,-0.050988418844872124,0.018049049175531264,-0.023567362356426685,-0.10978895597204344,0.99367548252844162,6.567793818044076,9.3794498704857343,-1.135019113470956,0.1241294094850882,0.1182685416928621,0.4615384615384616,1,5
-0.86581690626197072,-0.48783759952840094,-0.11124550021155344,0.50034982834325581,-0.84561058050268634,-0.185991385334873,-0.0033367810574772136,-0.21669615277682808,0.97623339589664571,-15.445068708139328,9.2680853451574361,-1.2897868626714348,,0.2718222187613202,0.2142857142857143,0,3
-0.084343465067536733,-0.99121312465527622,-0.10189563980624784,0.99585847970528618,-0.087335956225960409,0.025264978709126348,-0.033942131628356874,-0.099342701096862177,0.99447421255621415,-16.418563368332059,-24.268789068724498,-1.2979340377897219,,0.09982847567404646,0.3333333333333333,0,3
-0.69009397612201073,0.72367548446180596,0.0080060795077284003,-0.72022177743687721,-0.68563015323061083,-0.10579170235247176,-0.071069651932303898,-0.07877236933049063,0.99435608229863093,2.0864318066203529,12.94372632985108,-1.1436984160990651,0.429601018787534,0.2624644662477263,0.28,1,5
0.2785335667660539,-0.95360868793878972,-0.11423450648661267,0.96041481757290925,0.27596644405386428,0.038024991027746785,-0.0047360712594952644,-0.12030374908507696,0.99272583203274178,-0.94862512107890007,-25.716177124591368,-1.2377978539427248,,0.6808822410526767,0.6923076923076923,0,1
0.0058800768236211068,-0.99042039583657959,-0.13795964702572217,0.99994789129502759,0.0069749619899000422,-0.0074541666111786805,0.0083450219398198272,-0.13790862705484741,0.99040979962471642,13.502485875170441,10.955104074840444,-0.98389640493788488,,0.2017169826483799,0.1379310344827586,0,3
-0.86332689927436146,0.50361678410555955,-0.032199375094705086,-0.5037130520829759,-0.863852612733645,-0.0056413326888784957,-0.030656584130794244,0.011348931246053904,0.99946554498341877,16.14323992713253,7.8766914728905117,-0.89912511486317348,0.1675480761852928,0.1413644877523591,0.3939393939393939,1,5
-0.84713573452929225,0.52872291869596821,0.05303887752520145,-0.5301175180361819,-0.83404103150426789,-0.15281025763493378,-0.036557685302477529,-0.15756786795826486,0.98683124323888927,-3.6780886118347871,19.095693920910499,-1.1933538261405245,,0.1465158731139078,0.3684210526315789,0,5
0.332154885392832,-0.93464709827835279,-0.12691703506436891,0.94322423692996959,0.32928839701598406,0.043556749861765616,0.0010821171616322088,-0.13417881081042252,0.99095654584444304,11.077471568586992,15.289790903973961,-1.0685178717609458,0.06586221983381144,0.1034236979030256,0.3846153846153846,1,5
-0.2872758370859127,-0.9181168352803013,-0.27300928592535656,0.95758506430378565,-0.28196084806646432,-0.059404753849799957,-0.022437425184349758,-0.27849516500744703,0.96017550740402258,-9.9057526103413291,15.984818466444354,-1.2355315385094909,,0.4374379659139241,0.2666666666666667,0,2
0.27010400651852623,0.95224675796810743,0.14237253106504999,-0.96252703363919978,0.27076660806014591,0.01507161150393926,-0.024197834125440344,-0.14110831264965207,0.98969839290806449,-7.8827760470867645,-28.728257997421366,-1.269027076323239,,0.5597353378706599,0.1818181818181818,0,5
-0.19871133831702731,0.9791161418329839,-0.042957942529273596,-0.98000702637130876,-0.19806271063282632,0.018904785628039093,0.010001614225748183,0.045855680769887171,0.99889800493043812,-15.562953463469675,22.020522045296083,-1.402575561934037,,0.1564397629580606,0.25,0,1
0.98893160124905488,-0.12471494418734182,-0.080377053611888266,0.13271533909949057,0.98574882695810195,0.1033725733375761,0.066339481597969638,-0.11289567240188421,0.99138975198165047,-10.238880958234848,-26.68653122281297,-1.212421633475552,,0.1775017278299638,0.2142857142857143,0,3
0.3780544584921004,-0.90355039377311153,-0.20167179358229509,0.92578107039111579,0.36945875127721656,0.080185041062276752,0.0020581835982180605,-0.21701824120827926,0.97616537884886112,-19.518267205506646,-24.26857433869921,-1.3324081719016476,0.7819115571219124,0.4417825902009459,0.6206896551724138,1,1
-0.90843470949493166,-0.40929470800066603,-0.084995415096990309,0.41306812161527573,-0.91013225753695859,-0.032155881202473667,-0.064195837015244103,-0.064320415058747138,0.99586232919846085,-24.017581859877478,16.831338161953735,-1.5162153679019419,,0.2143515481178268,0.5,0,1
-0.96653400034939052,0.25643269113378664,-0.007368927092070085,-0.25203793894567644,-0.95454258406120052,-0.15913934945757821,-0.047842486354910077,-0.1519563428477064,0.98722862922816934,-12.46626934906263,-34.320231286114321,-1.2491788165498197,,0.3468222812054255,0.391304347826087,0,4
0.98924927844926835,0.13890070960059756,-0.045743392528898842,-0.1185712500017089,0.94492482135134759,0.30505399631402308,0.085596283567890147,-0.2963505945102427,0.9512358284740916,-12.770628151798542,-21.170204099375898,-1.3442455450876742,,0.4800163392533166,0.5057471264367817,0,4
-0.67971207762715113,0.73347064131771345,-0.0035085399762847225,-0.73327980671483817,-0.67963116307748017,-0.02005510504091047,-0.017094343860836934,-0.01105895559872665,0.99979271997201191,3.2902771672626892,10.813344531267468,-1.127060919883353,0.5505538399881491,0.6211715362148016,0.7410926365795725,1,5
-0.73614248250020997,-0.66165500905958974,-0.14250226119181919,0.6739478361364698,-0.73597860729342035,-0.064263549337133186,-0.062358316409256091,-0.1433462193180926,0.98770608066459298,8.5817634792420794,10.808452638764784,-1.1010244446677866,0.2838397316616637,0.2192104457464587,0.3877551020408163,1,6
0.63397211172395951,0.76946457010227221,0.07748313954397236,-0.7713888655270551,0.62203630820605305,0.13427601950560028,0.055123313553773992,-0.14489688275015219,0.98791007367682138,2.8069693319365712,-25.152810350606138,-1.1329390450991996,,0.2008652022692776,0.3333333333333333,0,5
0.67360046630053239,-0.72607872855935252,-0.13810174413576481,0.73870054938530816,0.66749226804517969,0.093678014697931744,0.024164232608338148,-0.16511738864679365,0.9859778586910124,5.1944375020272586,-32.359490818576056,-0.8106942382759057,,0.3709688540021238,0.4857142857142857,0,3
0.040981541551080136,-0.97419743638419742,-0.22194564243200385,0.9989604655990425,0.03551166161867856,0.028581638497891162,-0.019962500400519893,-0.2228862419072524,0.97464004727192532,-9.7582119964237126,19.214092242890263,-1.2093809869352006,,0.2905289119456245,0.3157894736842105,0,1
0.44113108733780526,0.89742842830943947,0.0050576522433099782,-0.89628485856241369,0.44026879596586349,0.05326199029816512,0.045572097778338823,-0.028028616819558181,0.99856776462254326,-9.2065990066673997,17.124994035314742,-1.2247424777812801,0.8544219494353702,0.659767265539263,0.6833333333333333,1,4
-0.517114588397803,0.84950530576383421,0.10456212481231354,-0.85432345885698335,-0.5048371023026762,-0.12357559542756658,-0.05219128387778376,-0.1532326193006307,0.98681094150270587,17.238186329053843,-25.044993259036765,-0.71134963908248361,,0.4991025958139961,0.2222222222222222,0,4
0.00088018728817233609,-0.95963453426186462,-0.28124861941412621,0.99974860193132209,-0.0054567717227259772,0.021747564892018779,-0.022404423819956838,-0.28119705598455375,0.95938848101220986,15.727431340081534,-28.010685688986779,-0.59549725068277237,,0.3123267795731422,0.1428571428571428,0,1
0.19218943507102645,0.97912123931892059,0.066217971591262414,-0.980568282543262,0.18889096700524968,0.052972123366726444,0.039358154393184228,-0.075111925141106525,0.99639808027934273,-18.902686452892826,17.908864044717866,-1.3956403161121704,,0.3081550992908166,0.8363636363636363,0,2
0.35358666422051821,0.93527474067621186,0.015415263165214528,-0.93431192764976811,0.35233144954804085,0.054071910552073388,0.045140810103293162,-0.033521770723257877,0.99841804778899934,-6.2311688578619799,-24.48609742084119,-1.2659319266154059,0.1620239436772475,0.1424636913751318,0.3548387096774194,1,4
0.99629541607265293,-0.054355201296248996,-0.066640498232403228,0.066760303961887091,0.97732792614935637,0.20093080048492679,0.054207985828059885,-0.20463537538910831,0.97733610258284354,2.3815768299759013,-29.770163891831018,-1.0216831750453657,,0.2765896118636024,0.2727272727272727,0,2
0.89785315271192134,-0.406874328116481,-0.16826466439816676,0.43696255186736838,0.87035182463176486,0.22704939908688759,0.054068885977267826,-0.27738237593603826,0.95923697441730071,6.4549870935727451,14.601638031221505,-1.088539271197333,,0.4402759345609083,0.1578947368421053,0,4
-0.98971735185564913,0.13255208959438269,-0.053754134538706713,-0.13051991684388087,-0.99064989222885969,-0.039715769336826919,-0.058515935803070344,-0.032291400884947308,0.99776407566417202,1.0693840457828663,17.075698044715196,-1.1278187027186981,,0.08227739113502311,0.5454545454545454,1,5
-0.94716914457571177,-0.30809952158398241,-0.089136391913943833,0.31419631910487439,-0.94713746718181135,-0.06489446294847713,-0.064430463483222747,-0.089472359196259954,0.99390312018586258,-7.1764833293753174,8.4361301212540578,-1.2374031153564495,,0.07832358005389654,0.3924050632911392,0,5
-0.81800330688701572,0.56714465901074196,0.09600794590812628,-0.57494827884386512,-0.80108868047388704,-0.16640733959499748,-0.01746615516894039,-0.19132135733419059,0.98137203529111161,9.0885117880993658,-25.179695112085618,-0.93012356115577632,0.9600502739802541,0.7141157345664396,0.2156862745098039,1,2
0.55917030252279032,0.82876760628714774,0.021744598079593152,-0.82811639985549235,0.55710032081155558,0.062148699439655015,0.039392906302402594,-0.052758765345047184,0.99783000135910782,-6.2028710924108132,-28.734266540265825,-1.2584411993190914,0.3998087259970165,0.2939596380476931,0.55,1,5
-0.98693563722894406,-0.14803518977859104,-0.063589547527217488,0.14984069495658892,-0.98840397272710923,-0.024603919041385251,-0.05920991557523253,-0.033810786510892185,0.99767280037750339,14.625410835997927,9.6162329137965763,-0.93430944910181302,0.2392580626706763,0.1521933678218987,0.3181818181818182,1,5
-0.20296172618871661,0.95028748904809235,0.2361360325345733,-0.97913837584290853,-0.19935703229073681,-0.039304129909485647,0.0097251557420962361,-0.23918708542666495,0.97092479601197224,-14.027654647196286,21.643797229703161,-1.4083406928699507,,0.623721604977424,0.1739130434782609,0,1
0.77843650111892937,0.62768354797662296,-0.0070694642793896036,-0.62518666640109244,0.77625304339122858,0.081073082956946554,0.056375933517841093,-0.058690512225857,0.99668308799470362,10.61449004757813,21.09039173638353,-1.0557959228078964,0.496511831595456,0.5500381073633006,0.6304347826086957,1,5
-0.89992130858174757,0.43604207309627341,-0.0029914629228238376,-0.43375942948086083,-0.89587077018077843,-0.09627211679471992,-0.044658657581173683,-0.085339754075121954,0.99535055667711581,-20.914774883848889,20.636677949193757,-1.5070735504379569,,0.2760371310347299,0.4,0,1
-0.3436545423874805,-0.92995088379108648,-0.13073985326834542,0.93827728487142803,-0.34582371924935956,-0.0064569264236750204,-0.03920831787710416,-0.12488918664446975,0.99139568229266095,6.8984992023466187,11.733632601558229,-1.0841313568963062,0.1459395982993408,0.09471234816614979,0.3823529411764706,1,5
-0.88368132200277649,0.46765889166181251,0.020061958854299941,-0.46807352759861903,-0.88249153719218654,-0.045998473295939257,-0.0038070861312968947,-0.050038463543735499,0.99874003537525835,2.8236641983491033,15.461062853915935,-1.1131561480403012,,0.5037153071292024,0.25,0,5
-0.99862152039123697,0.049274701668557699,-0.01808487730037503,-0.047536468179365153,-0.99512169570038278,-0.086447064377150176,-0.022256307072989236,-0.085468207667351859,0.99609228602253708,16.185987592277755,13.077961384824704,-0.90292155561858833,,0.3220478944656888,0.3809523809523809,0,3
0.94189802135281897,0.33245302553359979,0.047990657269945128,-0.33464452949171863,0.91641761715052628,0.21952628511733666,0.029002693890599538,-0.22283118450905315,0.97442552663473525,18.152845101300535,11.923031986155683,-0.83277212899576858,,0.4850018583654563,0.3181818181818182,0,3
-0.49492322057294597,-0.81428429828615478,-0.30330197378574314,0.86755330206163928,-0.48274465811179479,-0.11961966036764791,-0.049012996436132834,-0.32233317643263271,0.94535657270217366,23.467570593990771,3.0805779480160469,-0.71832326787360923,,0.4772866799942994,0.1842105263157895,0,3
-0.56657209343684967,0.798218858017127,0.2045549257398129,-0.82386175474781531,-0.54399397049942144,-0.15913003840923851,-0.015743951296828713,-0.25868361905251974,0.96583379172166806,-10.691434741313509,19.105294233295215,-1.2185118242628232,,0.304325194009844,0.2,0,1
-0.47611825180058021,0.87892551528723784,-0.028308106249321899,-0.87935222263871715,-0.47611740475986064,0.0072031538288636282,-0.0071469463903663516,0.028322349157483395,0.99957329180780663,-1.3269893028146758,11.028859273051051,-1.1618050603269652,,0.07750207470631079,0.3333333333333333,0,5
-0.99550416077952841,0.087372948935598035,-0.036570940170363088,-0.074487332840202772,-0.96066629191152486,-0.2675292747183256,-0.058507291143922779,-0.26360243431967373,0.9628554686471601,14.081119929231287,7.8356785822159125,-0.9581511201916485,,0.6195446853811812,0.1,0,1
0.073075601926815434,-0.96321861264640996,-0.25859207384325961,0.99732182931008462,0.071361495797133023,0.01602203792221157,0.0030207920515369084,-0.25907034019570829,0.96585373304981337,5.2344049074543459,-26.135718776650521,-1.0484956218190089,,0.3424714815938218,0.4615384615384616,0,5
-0.2266315665998343,0.97391867083089778,-0.010979782670136145,-0.97391911611539272,-0.22647624435867067,0.013786442840877055,0.010940214144066263,0.013817863372105143,0.99984467712055802,-17.249025860245247,12.860418597760122,-1.3266104525531992,,0.1331055283391889,0.2307692307692308,0,3
0.055545068560440586,0.99761273596812661,0.04103138302331049,-0.99734099008039678,0.053494420763271031,0.049490367271381834,0.047177270629722746,-0.043671226012006716,0.9979314250761615,-18.612021999149764,-31.389273663327952,-1.228195959767876,,0.1930452659677408,0.3333333333333333,0,3
-0.4373037470845994,-0.88707640768162321,-0.14785425161433774,0.89813842442359226,-0.43919243996500601,-0.021386239769814349,-0.045965240776876158,-0.14214586737662013,0.98877790682643829,8.1173186010722631,13.333562970778296,-1.0722140367772108,,0.1089740930044151,0.2702702702702703,0,5
-0.7091307312169407,0.69815512698175619,0.098554678797176443,-0.70403120909532912,-0.6935172174051325,-0.15288533540667107,-0.038388314152818417,-0.17780125936485788,0.98331736967510874,-7.6271635175220025,14.74500934984041,-1.2663811920540073,,0.3413438302595262,0.2142857142857143,0,2
-0.95736979894307361,0.28881815058923183,-0.0052099867480732307,-0.284921443399973,-0.94711594083597994,-0.14761831087386271,-0.047569309040339722,-0.13984087565727035,0.98903068219991663,-16.655986839330858,16.017467508933105,-1.3212590832580358,0.4089636189734953,0.2302474432877387,0.5568181818181818,1,3
0.43095294004803231,-0.85615423287457593,-0.2850955857162718,0.90235587731961864,0.4108953448004064,0.13007261928667727,0.005782225410589383,-0.31331285507029882,0.94963236082022784,15.160971771239126,-22.997412629711921,-0.81307462561374655,,0.5997599069487214,0.4444444444444444,0,1
0.79271940260979823,0.60953762082361096,-0.0077354719737970064,-0.60647189047314543,0.78988650963467455,0.090945851818983695,0.061545063099279332,-0.067403195012133252,0.99582579526253623,-18.88133690504991,-25.224388190212686,-1.3056194459251129,,0.09564442399967921,0.3636363636363636,0,1
-0.49170098845347726,0.87000416789771706,-0.036371497006238984,-0.87070477148529846,-0.49172601829682827,0.0088726457543199799,-0.010165572615834543,0.036031524676992228,0.99929894944548181,-9.2963333417826899,12.108742502937446,-1.2790661025467507,,0.08042792167828119,0.4827586206896552,0,1
-0.072880238402677183,-0.99218662360572396,-0.10126289936716101,0.99693129942228975,-0.075382748642777234,0.021105104577935626,-0.028573678141861195,-0.099414008796218978,0.99463581263320267,5.6291636318543734,12.932716066473889,-1.1012720414815227,,0.08144061223099765,0.32,0,4
0.87544116553375406,0.47698209016652687,0.078043906548015379,-0.47911064248987351,0.8351437998420348,0.27016259148584759,0.063684832902698899,-0.27390312018262891,0.9596464571978458,5.4338114762029655,10.033005540825707,-1.1167919254999821,,0.1234329195415046,0.3333333333333333,0,1
0.35584984782202833,0.93435548857859396,-0.018727166579479315,-0.93334670033972411,0.35633657713979922,0.043453201921609723,0.047273912150228477,0.0020161238424846986,0.9988799289577619,-11.020483957163229,-24.077760320928569,-1.3234054057942932,,0.1984146852005098,0.7692307692307693,0,3
0.13590446063775954,-0.93162521602570758,-0.33705256925858634,0.99062250287837039,0.12296470864361664,0.05955448949645803,-0.014036893165973955,-0.34198558053409917,0.9396003556496787,-16.126774193418388,20.641130200299266,-1.4063982387475558,,0.3875875134253676,0.2307692307692308,0,1
0.83890620786354086,-0.53754086223138975,-0.085359216488599385,0.54345830243768378,0.83587394524222269,0.07725167426504323,0.029823613455860772,-0.11119608399910189,0.99335088613425004,0.34416364741577332,22.275850677398793,-1.157911669487043,0.2819346543061272,0.2737465383713074,0.2173913043478261,1,4
-0.24687821079589656,-0.95137144879304636,-0.1842376602533688,0.9683293777639651,-0.24950890105312018,-0.0091391714348103264,-0.037274189373712692,-0.18065900120581654,0.98283923410181773,4.8327745846444836,19.089277440935902,-1.1163062843508673,,0.3548162005136724,0.3333333333333333,0,2
-0.85813217829443,0.51330194098041937,-0.011414112378512267,-0.50959594817080722,-0.85422685735856507,-0.10299730955323051,-0.062618960256068404,-0.082568720185323366,0.99461614317454405,13.133663016941867,-24.849152108346004,-0.83278329913518379,,0.2543304075655409,0.3333333333333333,0,4
0.95117960199019602,0.30710761472388576,-0.030696542743084025,-0.29920244164456777,0.94193312447283739,0.15244634444540361,0.075731523632510955,-0.13581937269566177,0.98783492261048123,-2.3236099217130848,-27.224688695430629,-1.2162684543855515,,0.2346150948739911,0.3809523809523809,0,4
-0.48956605295150468,-0.82811220973488608,-0.27304806881845545,0.86093799908379121,-0.50870927484012807,-0.00079713563941160009,-0.1382419673293224,-0.23546770857090824,0.96200006064931376,-13.59616452382352,-24.514932075743001,-1.3139949649241647,,0.4511638865625636,0.3,0,2
-0.96452263628581769,0.26274227214289558,0.025740678340803666,-0.25872820136870023,-0.92136955326157899,-0.29006527565200751,-0.05249573229104755,-0.28643436377597326,0.95666062600040125,-11.607444261176141,18.731333170306243,-1.2274118273741557,,0.7252258824247286,0.3636363636363636,0,1
-0.40281218660415258,-0.88081890433356325,-0.2487979101435589,0.91457685412910439,-0.39801891250930027,-0.071624878193434313,-0.03593772689656019,-0.25639618377334517,0.96590345104051323,22.224866349173432,4.9893601441742712,-0.74190474289747266,,0.4276637129738521,0.1578947368421053,0,4
-0.9844090026133081,-0.14563839648188429,-0.098632515146161504,0.1641494398005213,-0.96212251638824164,-0.21765850516791843,-0.063197127996826724,-0.23045546409001291,0.97102852794550254,25.972163826809918,2.0837445152226213,-0.65528324584513842,,0.3432173579380757,0.3333333333333333,0,1
-0.97854820381205376,0.20600969746109907,0.0018486125042162689,-0.20526655417734929,-0.97417407072223217,-0.094077211207781286,-0.017579947450478549,-0.092438544365771147,0.99556318783047448,-9.2052806130091263,9.1066615275710951,-1.2716365723091796,,0.1628671975518143,0.3125,0,4
-0.28998226671527139,0.95314089023859638,0.086213272446012471,-0.95701914594728577,-0.28833212893718363,-0.031287980325990325,-0.0049637970346819013,-0.091580711821476951,0.99578528505962116,8.4689257168695331,-30.668717848880924,-0.75542064765847683,,0.3087598365957903,0.6,0,4
-0.99781940917355305,-0.035748053506252167,-0.055484262156551813,0.03805750191350573,-0.99842831144433319,-0.041140411453000257,-0.053926368546809635,-0.043162293462382005,0.99761162944225057,-13.968953175221012,10.147368579418213,-1.2793298290386812,,0.1877746798814334,0.75,0,2
0.029919358294795036,0.97887320450268323,0.20226735155698916,-0.99863968644084067,0.020628313456427599,0.047887883115516519,0.042703731272216529,-0.20342497926900302,0.97815881591121934,17.924952958555224,4.812081255080737,-0.930357958206953,,0.5516819371949435,0.3818181818181818,0,3
0.26276689095036043,0.95159627322225659,0.15943052972939215,-0.96412869080216435,0.2525292959522934,0.081760762337103388,0.037542357309933647,-0.17519556922294621,0.98381760704526022,-19.17670316261265,-27.350587904254045,-1.2856253923684622,,0.6140216101071467,0.4642857142857143,0,1
0.97211692047017695,0.2342703145869619,-0.01030109891734686,-0.22564073736570864,0.94645958062940816,0.23086905352572301,0.063835339559199497,-0.2221073657899032,0.97293029939725439,-8.8653213970282607,-24.807315846789269,-1.2631441616893508,,0.1202232878971646,0.2941176470588235,0,1
-0.98078570190214798,0.19497918716604229,-0.0065210057799330702,-0.19250127991119334,-0.9726647982353902,-0.12987088783195794,-0.031664872917237789,-0.12612020791997652,0.99150946993831501,-10.09908436556662,13.73753812253519,-1.2254621197635753,,0.3812015356051112,0.3793103448275862,0,3
0.10343491688956731,-0.94572298640188113,-0.30807345059117908,0.99455891079852532,0.094478840582144355,0.043889880764293419,-0.012401246683234867,-0.31093694163505436,0.9503496342964205,12.254890543039503,-26.221535534474096,-0.80382142793393119,,0.4966314038057508,0.2,0,2
0.56205203533162496,0.82708824419197857,-0.0047482522057508475,-0.82540861734624182,0.56125930515989886,0.060733901422465965,0.052897296624159748,-0.030216364620167184,0.99814269887576601,6.6302860454307551,-31.058765145806017,-0.79853616323484333,,0.0992034032700308,0.4285714285714285,0,2
0.28775504077591141,0.94975171655842849,0.12316133079165589,-0.95657675296495459,0.27879194262643026,0.085064495611297988,0.046453764057145026,-0.14229100330273631,0.98873419996681766,22.988657907669751,-26.556935431064829,-0.35303995369049418,,0.4116864228383583,0.2,0,3
-0.70836062204171257,-0.67126964509102816,-0.21822532556979821,0.70287583103245255,-0.69917226182891223,-0.13085761131658694,-0.064736352161041538,-0.24607968601330943,0.96708530794365477,26.912637509504588,2.4914094779982814,-0.59850609482153583,,0.1700802660344905,0.2,0,4
0.71320522146779686,-0.68815525215786799,-0.13334414497312413,0.70040995386005911,0.70713914852312043,0.096851025599871299,0.02764432319341098,-0.16247022359047431,0.98632612144343057,-11.508034154979605,-22.658858215671341,-1.3522913448641545,1.086595861003625,0.5001991568142666,0.3263157894736842,1,2
-0.99686623982414158,-0.048775610619664386,-0.062278725962859348,0.049897284517503547,-0.99861667247997787,-0.01658319760469663,-0.061383718498127363,-0.019638769149211057,0.99792101784141596,12.353417120845219,8.2122776620045865,-1.0029360139714665,,0.08443336531027817,0.1333333333333333,0,1
-0.060488276380562471,-0.97222851183102543,-0.22608159855091839,0.99730219958974353,-0.068301767733431148,0.026892214820417832,-0.041587150827722734,-0.22384501179905339,0.97373708955688543,-3.2408134180928929,14.351003554682562,-1.1952407380612451,,0.278528758671217,0.5,0,4
0.65546140819063059,-0.71313301437225973,-0.24861948070312179,0.75506257181603187,0.62569437836896258,0.19592615323135523,0.015838403180716533,-0.31614529680166292,0.94857856622151915,6.7162611760556672,-28.441661642293393,-0.88261694602875052,,0.4115633029846223,0.4615384615384616,0,2
-0.97935732238573314,0.20200415459817889,-0.0073182384850201138,-0.20133894079179518,-0.97806607534310186,-0.05337961393435179,-0.01794062457905438,-0.050804269387695208,0.99854747518668185,-1.429893913906922,13.343745538058814,-1.1762684713640705,,0.1828297047587812,0.325,0,4
-0.51073008901090045,-0.84953901132056264,-0.13205394512622518,0.85898338379011518,-0.5106719965682055,-0.036900654378037544,-0.036087706374917809,-0.13227841912241461,0.99055544886849911,8.28152470749645,26.074700288528344,-1.0467952176655269,,0.2421254678157469,0.4117647058823529,0,4
-0.99566206641999078,-0.077099528643611762,-0.052083703547335464,0.085961901941234362,-0.97645600944614619,-0.19784896520111658,-0.035603383363374881,-0.20146792374827291,0.97884783025434563,16.047837897396434,15.714965109506855,-0.94346768543872639,,0.6922609329239909,0.25,0,3
0.89022612327498563,0.45301974966725084,0.047650349948468541,-0.45179230852111285,0.86474589228597543,0.21931313625885571,0.058147737702799088,-0.21676634468005729,0.97449022181553624,5.6943110510132859,-23.634756518765467,-1.128251235824574,,0.4682526213703439,0.225,0,3
0.12279275773025355,0.98940558387409738,0.077450172677390822,-0.98728578027966041,0.11384598268053037,0.11093187226892073,0.10093922283524387,-0.090087084680673182,0.99080552605804317,2.5549958337202971,21.377815355362518,-1.1465391868250332,,0.5417699448585324,0.3636363636363636,0,3
0.93942103234411256,0.34263770189524079,0.0093557057174284523,-0.33832363965148721,0.92252208287284421,0.18571516218370662,0.0550021712525397,-0.17762998579040049,0.98255908183966678,5.0475488410639242,-29.957532942033296,-0.90536728506327502,0.9698207889020632,0.4060338739827365,0.7846153846153846,1,3
-0.73248617517363646,-0.64204247519376423,-0.22637460817539209,0.67833475928241915,-0.71649028511733504,-0.16279934177306291,-0.057671115203018798,-0.27280603252044289,0.96033895635431554,11.542482081636138,13.675615085815151,-1.063499700919549,,0.4572916465058469,0.2352941176470588,0,2
-0.65071624882148948,0.75372356658950035,0.092027977742054776,-0.75899381896086948,-0.64208368100257374,-0.10796726063663629,-0.022287806058102291,-0.14010471711469213,0.98988581257806108,-18.521120228762715,-22.00683411136729,-1.3191657727327837,,0.6094103255486846,0.1428571428571428,0,1
0.99337298881648939,0.11459844898059492,-0.0087920748994233921,-0.10833070309145955,0.95910481787084845,0.26150030039110106,0.038400050227898185,-0.25881488332043046,0.96516335006791809,-2.6028620269101443,12.396553861376857,-1.1923254020535003,0.9053316625318111,0.7430240247647838,0.4215686274509804,1,3
-0.9085202302355877,-0.40703237537176001,-0.094422649040886472,0.41577889174600652,-0.9030739734688209,-0.10763508545868544,-0.041459672347214149,-0.13704759699629396,0.9896964442324746,17.331088720723088,14.748182562223036,-0.88304253191941018,,0.7621650327216869,0.7777777777777778,0,2
-0.38564587817929885,-0.91432914465109427,-0.12361016092909353,0.92159639403357041,-0.38812539115433375,-0.0043321179133909453,-0.044015260394976156,-0.11558934199524787,0.99232139998564395,1.1217881095764677,20.814615815316785,-1.1426479887313314,,0.6341537021129624,0.7241379310344828,0,1
0.89064125375214398,0.45102272373884583,0.057763827660596831,-0.45018667769260406,0.85677640789369247,0.25152761698246406,0.063953986137735591,-0.25002537780788303,0.96612483567555618,20.560442548470952,5.0699302346053994,-0.82826404709229884,,0.2710652907548092,0.2666666666666667,0,1
