axis_00,axis_01,axis_02,axis_10,axis_11,axis_12,axis_20,axis_21,axis_22,location_x,location_y,location_z,dbh,dbh_approximation,score,reconstructed,number_clusters
-0.002672182105204454,0.99147218767862055,0.13029106071625743,-0.99907738508402855,-0.0082316763380646061,0.042149948022811606,0.04286301501827651,-0.1300582199033809,0.99057943718770347,21.505395653004996,3.6924843163564063,-1.4957042603680193,,0.3422302640468781,0.1111111111111111,0,5
-0.15403144101054553,0.98755651369810393,0.031724555673185689,-0.98713083840096716,-0.15520288469768403,0.038532745286579684,0.042977006154662357,-0.025381032956985797,0.99875361331412371,15.727458775672767,-15.88587736449777,-0.064989590908498179,0.3095448289805408,0.2610611473259371,0.6086956521739131,1,5
0.99459917147585242,0.097745207965334535,-0.034905048622824023,-0.089481970861068294,0.97793300777790471,0.18878561700849966,0.052587688581712061,-0.18464264571943959,0.98139779314575537,-12.588658890323876,19.507431836790271,-3.128180908972372,,0.2568176651430733,0.2173913043478261,0,4
0.74220730666036039,-0.6689811782784767,-0.039906102905635205,0.66995261228977954,0.73913175080725246,0.06962580150135797,-0.01708248301842525,-0.078411976494326782,0.99677467399416753,-8.3002897063238965,10.866610469285288,-2.2632128670893774,,0.07658744725857336,0.3275862068965517,0,5
0.65983254575781891,0.74488570112205776,0.098824611421736985,-0.75002541471115869,0.64490539794936952,0.14682950991922872,0.045638677085465651,-0.17100385948763491,0.98421277739837465,21.587879423229051,-3.3181458211633279,-1.0722717956798489,0.1983273502536119,0.17333784762913,0.3529411764705883,1,5
0.38903614374517198,0.89266016704209572,0.22761525659819906,-0.91955029249045062,0.36140941111324248,0.15430650387947401,0.055480973681188303,-0.26933448300423279,0.96144724131084269,21.211623930555422,7.6134393233122326,-1.7586579212317326,,0.2023663910795431,0.2352941176470588,0,2
0.86460767776318148,0.50144110183462054,0.031786552877618501,-0.49940618128898906,0.85070238477721349,0.16400889800468962,0.055199906189316368,-0.15767775342528506,0.98594659917839722,-17.571285030216664,-7.5987925102543938,-1.1115267327523335,,0.1802394663880184,0.5,0,5
0.35757576493142607,0.92159456812727025,0.15100670293737675,-0.93115949341354565,0.33949801925189244,0.13297779043837413,0.071285132808573654,-0.18816096014410993,0.97954779511676304,14.121387574721059,13.19687856743562,-2.1108131631418008,,0.2200257656545394,0.2352941176470588,0,5
0.17911359552207384,0.98382729971814253,-0.0014711316944965511,-0.98208191452718119,0.17888449332699152,0.059291240548425182,0.058595503733483281,-0.0091750954465398306,0.99823964285424249,-5.6754190739910291,-13.519864817979133,-0.35564917841985683,0.3512534138440091,0.3410590147725611,0.9170305676855895,1,5
0.99001924302814504,-0.14080709766419061,0.0059379863056957189,0.13807076670304072,0.97750394982151356,0.15944432089408342,-0.028255297131937366,-0.15703308355479745,0.98718906439104093,-14.785493939781189,-7.3715375995256807,-1.0401952994138537,,0.4385187058427833,0.6413793103448275,0,3
-0.77740361165839122,0.6267315081687167,0.053397015357179355,-0.62895912320320768,-0.77355223571646525,-0.077636073815657985,-0.0073515930206526124,-0.093939104139989751,0.99555080171402333,6.7395846442917344,13.16170005379762,-2.1901556927648129,,0.1881222197891796,0.3684210526315789,0,5
0.62740851059998237,0.77820073371406928,0.027607587246885949,-0.77680901303072314,0.62303626300179848,0.091616440986242609,0.054095453606969816,-0.078926757387062757,0.995411597715949,-11.978005029691012,14.551164399436066,-2.6611486972383971,,0.08514834609279066,0.4090909090909091,0,3
0.64768342630962461,-0.74298255812900549,-0.16876936214818322,0.76130124023850343,0.62223990792132922,0.18231269456999508,-0.030440119827979915,-0.24656523539650751,0.96864801852825932,16.428447322802601,8.7183390402364438,-1.8750920152511956,,0.3522683612216526,0.717948717948718,0,6
0.7867631930014044,0.61725367874685844,0.0012546759362140904,-0.61474885683893565,0.78338428060919663,0.091612837035172048,0.055565467274707632,-0.072848918783200198,0.99579391134845874,15.616468671821655,2.9883953071382243,-1.432234539983875,0.2124800755331066,0.2415410833857043,0.3125,1,5
0.49906454599987676,-0.84880330454647479,-0.17454950334194677,0.86601194865146869,0.48132957269733889,0.1354442587926197,-0.030949696586911619,-0.21875738304793399,0.97528832846661107,-18.822391033630257,5.8405665308346615,-2.1970618031246176,,0.1531290112647274,0.2592592592592592,0,5
0.46482003802548927,0.88445569176844119,0.040993432991028957,-0.88312678566082026,0.4598074124076208,0.093081813172040465,0.063477655110827619,-0.079468690648679022,0.9948142110505932,-0.24328526005674606,8.954088266861655,-2.0219691357596461,,0.07559765382103849,0.2222222222222222,0,5
-0.80149187252656295,0.5950961948286958,0.058917715283856344,-0.59799257418373752,-0.79822688165885813,-0.072379048199609858,0.0039572079765864869,-0.093243575100813589,0.99563546351435661,-11.490663590982638,5.4882723893180732,-1.9420615150923521,,0.3743514317059248,0.5239616613418531,0,5
-0.90752853792553756,0.41993369645206774,-0.0069024223892129423,-0.41998581681230751,-0.90747296824985069,0.010233551304651962,-0.001966348706458905,0.012186159358413912,0.99992381259416774,-6.7879751818926781,9.3660528696331848,-2.1128972759034244,,0.08864760932769691,0.3764705882352941,0,5
0.93829109418997325,-0.34243466627530394,-0.048459487169237328,0.3458310529864963,0.93031863729350583,0.12209879563127281,0.0032719037326155273,-0.13132300802706773,0.99133423334851545,-6.5591848785100471,-16.682341782803608,-0.10221666287354611,,0.1105866208604557,0.4444444444444444,1,5
-0.09329912637622273,-0.98512404943526699,-0.14431174672110908,0.99393390341845977,-0.10063284573507934,0.044366947095846647,-0.058229448329685844,-0.13929694032362533,0.98853714839842954,-10.64486539786097,-8.670360217836464,-0.83797106823791434,,0.0801820740463437,0.3888888888888889,0,2
-0.99795936309207778,-0.047402739065326847,-0.042779550558171599,0.054465630349973593,-0.98162961531259274,-0.18285730352335255,-0.033325736712556814,-0.18481417334813893,0.98220828575318475,-12.953281050028739,-24.115620877356502,0.39173033565531085,,0.3106848837166541,0.2352941176470588,0,5
0.56924588388256236,0.82216733261336805,-2.9430959051712616e-05,-0.8198733330199931,0.56766025361210193,0.074629446411807243,0.061374599676487125,-0.042458375527863815,0.99721133410229901,-3.9057239127769301,-15.81825086704902,-0.127369761132757,,0.08959557430021042,0.3888888888888889,0,1
-0.9973779395185558,0.067982749903963385,-0.02481111600099661,-0.063818009520082389,-0.98789029499601422,-0.14142145068405393,-0.034124879818314593,-0.13946723904983127,0.9896385106740756,-1.0806032080447556,10.480345727977774,-2.0974216758670901,,0.4953539595081369,0.2676056338028169,0,3
-0.61538926644437075,0.7779583838989077,0.12679433609771618,-0.7877263911669623,-0.6127034391389985,-0.06388762263787319,0.027985414131913661,-0.13919500202466026,0.98986947018645954,-27.808477426068141,1.6243454862495232,-2.2426994085233263,,0.2717721517967525,0.48,0,5
0.92219290741950788,-0.37840700728235799,-0.07980211992651072,0.38670665121417047,0.90001381079316845,0.20107985052779814,-0.0042670143985756226,-0.21629442253828274,0.97631885947519936,4.0120368248232854,-12.498394150245121,-0.36054704318835212,,0.1608091532662118,0.2380952380952381,0,5
-0.79588322645763754,0.6053698046072058,-0.0098635446576211087,-0.60511636017466908,-0.7947979870414672,0.046155719513301934,0.020101753464301736,0.042703155207360483,0.99888555903216214,-4.4332713224378413,15.224005224080528,-2.543373183001592,0.3549854345151057,0.3419670952077549,0.7910447761194029,1,5
-0.38776491149168696,-0.91556884249870996,-0.10663989901259455,0.91960897938817543,-0.39215902129166541,0.023035343457429344,-0.062910241173299922,-0.089134710776079415,0.99403083699168093,6.9125127744168751,-11.606013169993467,-0.40744240263631715,,0.07173965756315913,0.2121212121212121,0,5
-0.96619412442078312,-0.25236091253439857,-0.052753045026434735,0.25464318858202933,-0.96611470887542206,-0.042180751573844398,-0.040320719779443896,-0.054187997927243874,0.99771634267315867,2.6015039888934117,-11.181776494032373,-0.45538347268370738,,0.06815020436055505,0.2790697674418605,0,5
0.71576707063575018,-0.68177760570356782,-0.15118464523432285,0.69761365924409846,0.68820101549241075,0.19928508401602529,-0.031822681055759146,-0.24811017439098651,0.96820899517309722,12.73302230890104,-16.846438998905708,0.00019151321684516507,,0.2182059353046482,0.2727272727272727,0,4
-0.95980473414543888,-0.27898130661066523,-0.030729511447628994,0.27795660087296181,-0.95999966425411942,0.033775326247535396,-0.038923005320155829,0.023876247481221431,0.99895691822173349,-13.384330517359333,4.5261260161503838,-1.9353195741268117,0.2934202175714178,0.2680739660260561,0.9166666666666666,1,5
-0.9938623342711983,-0.10687998539746492,-0.028536454552800648,0.10578774365000358,-0.99368592317783044,0.037379665216068857,-0.032351411258977433,0.034131434187006419,0.99889360363849167,-5.0160301421784093,-8.3145824088969462,-0.77319925957964664,,0.06736856046740539,0.3417721518987342,0,5
-0.60307138291260043,0.78911685359398065,0.11661688765277871,-0.7976642378856732,-0.59768460695136383,-0.080652800395663818,0.0060556345788728488,-0.14166051668453969,0.98989677608451543,-2.4985354686134942,3.1642633205578381,-1.6052176188989813,,0.5066041716658207,0.3412280701754386,0,3
-0.77566487780926352,0.61648998754184159,0.13521868433689707,-0.6305867501696909,-0.76599293749468567,-0.12496067468884467,0.026539552437240408,-0.18219471718171096,0.98290423602073684,12.563432717216001,13.445271063436552,-2.1390425290877184,,0.484157746289707,0.2857142857142857,0,4
-0.10611764558940691,-0.9925372745479969,-0.060073321261560633,0.99260836344727998,-0.10931572813818494,0.052713455551032337,-0.058887028360015213,-0.054035453310322987,0.99680112744542693,9.6180900851202757,5.4939938850630687,-1.659190102729823,,0.06953580862120071,0.2758620689655172,0,4
0.38797482209086415,0.92116508388044516,0.03050287958692964,-0.92007545640665056,0.38514555671291029,0.071582502487660113,0.054191253368562682,-0.055837159525130187,0.99696816382194942,-18.75501336144163,-20.595576142458594,-0.080934640948120001,0.1655948943153625,0.2037462201427467,0.3714285714285714,1,3
0.73339666842370943,-0.66932733997160987,-0.11887068062198292,0.67976742826418113,0.72032530798125416,0.13801338396262092,-0.0067505715392103694,-0.18202297285848645,0.98327110561414011,10.853196807195976,6.7472989468648272,-1.7482980446437089,0.1104576195682403,0.1175295646185734,0.1724137931034483,1,3
-0.95106328151008723,0.30899614035170825,-0.00014075160127169158,-0.30899560139678767,-0.95106054960477504,0.0023556958424385565,0.00059403762789288846,0.0022839074438317734,0.99999721543916598,20.852725834822525,2.7321714806131703,-1.4369961541047052,,0.1417170314373647,0.3333333333333333,0,5
-0.39148650049437822,0.92010599785062541,0.01196965538221942,-0.91923309999576319,-0.39164008258593619,0.040355341458838422,0.041818988544004884,0.0047956679810978002,0.99911369411382323,-26.29098384466446,2.2902258790010017,-2.2249525251041842,,0.1392754769580553,0.1707317073170732,0,5
0.84192599372107046,-0.53587946340310233,-0.063196691365856719,0.53782392417129188,0.8239143586223997,0.1786352603626517,-0.043658306034253663,-0.18438636163947467,0.98188371101448479,10.963034854244494,5.0004421844565865,-1.6173288714537974,,0.180798652673353,0.3829787234042553,0,4
0.030490267899793588,-0.99688349926227371,-0.072757353319120421,0.99816728056699622,0.026561016388702906,0.054374556677610153,-0.052272589077703033,-0.074281904303831359,0.99586634400611707,11.936409190613992,2.8401770168071674,-1.4465357637697205,0.2752703392291923,0.2875633848154883,0.8679245283018868,1,6
0.98990105543573237,-0.13591171477044273,-0.040297719977423756,0.13960990542441451,0.98399025302914722,0.11078021597297445,0.024596234561555973,-0.11528741358791357,0.99302761165719866,-13.009026445108702,-18.596443783593948,-0.075509046079052289,0.2642187829866499,0.2605432963107032,0.8289473684210527,1,5
0.9004004764247433,0.43493011154359262,-0.010713548747937968,-0.43252394967105134,0.89753228604146429,0.085783614252009491,0.046925632814592382,-0.072605740722494219,0.99625618763402857,-1.1066838225593021,-14.176405539902548,-0.23077447049983602,0.186180883384494,0.1646538355733236,0.6521739130434783,1,5
-0.76674223472835712,-0.63526265621136324,-0.092453789035641554,0.63979864676565101,-0.76799480775369844,-0.029011495311353476,-0.052574110364374593,-0.081396147861198906,0.99529424294162949,-33.331225233173406,0.92730436263506177,-2.4113561194991688,,0.2524294063804661,0.6,0,4
0.98752117189487509,0.15691214419617674,-0.013435552207873163,-0.15390277306937605,0.97962801135808097,0.12900734786890014,0.033404662862067641,-0.12532971860803604,0.9915526159174316,16.91067443343001,-5.902726302375779,-0.83670794387208913,0.1133344181508595,0.0866558643875532,0.2307692307692308,1,5
0.61697866295048243,-0.76829462438410867,-0.17047199067975038,0.78649614668137369,0.59436572800665455,0.16778913143130314,-0.027588778863635376,-0.23759787775483482,0.97097173376325041,-43.558513799684476,-6.10861963204262,-2.2630632078816921,,0.2498917428543805,0.3333333333333333,0,1
0.90739491490858559,0.42020027451698022,0.0081361965251113087,-0.41868663032563608,0.90210383470233857,0.10445179271750205,0.036550977888490294,-0.098185542271713014,0.99449666932785874,-5.9332244131430896,22.814624921022702,-3.211983053131243,,0.09507793019410093,0.5384615384615384,0,2
0.67515406489169782,-0.72088013310595545,-0.15652099652556448,0.73672434656429053,0.64815071662764345,0.19271192416269928,-0.037473001476193944,-0.2454230678404353,0.96869153600728486,-0.7942738027430104,-18.748309399664102,0.14195541665991074,,0.3702423063677514,0.4102564102564102,0,4
0.96909646229440793,-0.23841449752878033,-0.06332909391870091,0.24666508443175797,0.93353938537443948,0.26011642023714848,-0.0028953222166406278,-0.26769897893494904,0.96349824794155636,-28.971249471487337,-5.4323138680912324,-1.7548342017555263,,0.2102273667168159,0.1538461538461539,0,2
0.94524537458648172,-0.31959104673819044,-0.0661267318688184,0.32635153153936869,0.92711622626750834,0.18425574849486689,0.0024206785766189977,-0.19574745422682488,0.98065135215271426,-9.5518752298298182,20.154912205047495,-3.0948198691027486,,0.2582279238285191,0.5,0,5
-0.94181068941002344,-0.32106851473802039,-0.099537099399867435,0.33066037995784386,-0.93816535074261598,-0.10251579289124051,-0.060467664409598103,-0.12946344468577628,0.98973879283927346,-12.343024382510125,-21.906985736272528,0.24115543845662801,,0.1958324248086887,0.2666666666666667,0,2
-0.56835578490678729,0.82091163878894713,0.055459742731417926,-0.82218407783759473,-0.56922165471472541,-0.00022350430451421874,0.031385409242735536,-0.045725147399163363,0.998460899075167,8.1684732263864639,10.005244075914039,-2.0053322017138657,,0.08295082526497606,0.2,0,5
0.64487754110255358,0.7637942461116749,0.027409972422883622,-0.76191506854635005,0.63964090930799899,0.1017100558531316,0.060153015747638504,-0.086474601741405796,0.99443640216462803,-30.332074528524778,4.4659945110003276,-2.5494701306528942,,0.2131339960123763,0.6551724137931034,0,1
-0.97051940687460536,-0.23635204531207865,-0.047220668743264818,0.23736258676917874,-0.97127234796263295,-0.017000837785186192,-0.04184594702008889,-0.027708063085522108,0.99873979592186091,-19.702961355898271,1.1013083065073916,-1.8847311464461751,,0.0750564458963757,0.2394366197183098,0,5
0.67178762231455669,0.74025731344284762,0.026842138501465027,-0.73865150970075555,0.66672846745570225,0.099333266839286408,0.05563575937963619,-0.086557845274405548,0.99469211402307944,19.082376991897952,-6.4130397054105863,-0.80075671351214706,0.2287326378593823,0.1956480735648742,0.25,1,5
0.74246234560485758,-0.6677600115232144,-0.053350092497113671,0.66970062097787508,0.73801468832546246,0.082676466287087538,-0.015834886194172282,-0.097112753160375986,0.99514741096624992,-10.796904163434695,9.4416027110462988,-2.2146555364944058,,0.1150718609689274,0.3793103448275862,0,2
-0.0098855973928592949,0.99941895924703683,0.032619301981426298,-0.99848433402707315,-0.011632075886284213,0.053793396556519921,0.054141570596885853,-0.032038082154600286,0.99801916395686352,23.676138748609741,-13.951940090528645,-0.21233923623688089,0.5266181691677448,0.2981350500217457,0.3571428571428572,1,5
-0.025290128365230678,0.99350372998888747,0.11095380978333658,-0.99813744903163537,-0.031258759203839803,0.052388193456682851,0.055516144029359844,-0.10942224852013889,0.99244381668732595,-6.857073960438953,2.792635863630152,-1.6528398892264418,,0.07745670046896574,0.2149122807017544,0,5
-0.3217535224051416,0.92089372621204069,0.22006684403423257,-0.93844358860233934,-0.34102700606004926,0.054992837250704078,0.1256912957648513,-0.18882617975540977,0.97393345358290795,-16.596858384758278,2.041792787774682,-1.8473386561276326,0.4606358455831144,0.2669261642703231,0.2594936708860759,1,5
-0.47815828437860364,-0.87441481453171788,-0.08223981522091961,0.87612722469675941,-0.48143650364103585,0.02489937965186852,-0.061365635540287816,-0.060146696412649678,0.99630147730763707,4.9338880397065683,-17.234679354750533,0.047604669159973259,,0.08962480326169339,0.3333333333333333,0,5
-0.86282648685620777,0.50549542195120034,0.0021981732767313131,-0.50547553599574413,-0.86273327169498326,-0.013630275869821127,-0.0049936048293395983,-0.012871685858905989,0.99990468726472126,-6.5007736532908309,17.980190264198264,-2.8141904065607846,,0.08978469920172508,0.1538461538461539,1,5
0.94973021533386415,-0.30992160081340975,-0.044284528123770095,0.31298431368271101,0.94322463185915972,0.11121201932666554,0.0073032506771875975,-0.11948177770440883,0.99280953224983692,-8.3143852499997575,-6.3771617126846012,-0.96276711319790309,0.1618254098314745,0.1636273393079097,0.611336032388664,1,5
-0.8136724693737315,-0.57918853556757866,-0.049777031353193744,0.57868617666476085,-0.81515334606943846,0.025442706792294677,-0.055312037752863662,-0.0081032498962634071,0.99843623523024427,-21.051467123360748,0.72572418192296184,-1.9100324018030996,,0.08097003774565519,0.2727272727272727,0,5
-0.21639519149376812,0.94922604312587311,0.2283485059070311,-0.97507747455490112,-0.2218574013141982,-0.0017922326151286448,0.04895957224089402,-0.22304531497816499,0.97357780775461389,-20.059549305728066,-5.2581780738153094,-1.4106477042585357,,0.3604506069266454,0.3333333333333333,0,1
0.99595759430916664,0.079275380086377911,-0.042236056279651296,-0.071672191907767926,0.98478379525641346,0.15831605574770488,0.054143949292913968,-0.15464892729189758,0.98648473989334062,4.3645738036334762,19.932197174721654,-2.7576618205621712,,0.2540157868358389,0.1428571428571428,0,5
-0.08404476047591862,0.99465076982628298,0.06005267954495682,-0.99538416129876361,-0.086603537193250119,0.041354549703456242,0.046334109164888004,-0.056299852838183805,0.9973381958484776,-11.462435019877846,-10.957349131450318,-0.64352267526487239,,0.0960497692505539,0.25,0,3
0.99172647621021215,0.12728551566166285,-0.016643133311395962,-0.12318468877516034,0.98011562224180937,0.15555995464424049,0.036112724004749255,-0.15222274646154516,0.98768623895681629,7.4326640228375265,-17.007777175345442,0.028413004187461031,,0.09711065101146085,0.2727272727272727,0,5
-0.17980188462500352,0.9795410914188879,0.09039099793226997,-0.98241312394490588,-0.18351026415506874,0.034473712456720706,0.050356093832908198,-0.082602864185399943,0.99530951499634535,-5.4129904382562675,0.68469467124428274,-1.4385832396829892,,0.5023607188604674,0.2735694822888283,0,1
0.76872262934506552,0.63841978796427945,0.038544694426793098,-0.63665475603520638,0.75805357190368505,0.14151149685385161,0.061124796527777109,-0.13332275297079021,0.98918592933266536,4.5650979563993648,7.5411454127757978,-1.8610627423459283,0.1606504981331583,0.1134825569311118,0.2711864406779661,1,5
0.49355632021944212,0.86722578833172348,0.065738807593885895,-0.86765710934427398,0.48578531332102265,0.10575334493970286,0.05977708068970413,-0.10923397554798746,0.99221703231208425,-22.801965173825124,3.1632231246760627,-2.12796826498862,,0.3074113324887607,0.5727272727272728,0,5
0.089479138198425609,-0.99008576161317874,-0.10827589056718494,0.99489917790066418,0.083768009507355412,0.056200946573490937,-0.046573701161147049,-0.11275240677708639,0.99253099957942081,-33.557200038409562,-4.907672776101875,-2.007441987900739,,0.2370773291264772,0.6666666666666666,0,4
-0.32115423711753099,-0.94116748935365235,-0.10518418590833367,0.94496527659890017,-0.32579710358765002,0.029947843265612877,-0.062454639570013577,-0.089777526573415395,0.99400171716075947,-10.27708087696494,-12.655126038422136,-0.4865599166494019,,0.08212040448249643,0.3529411764705883,0,4
0.24842087437090821,0.9647396614207987,0.086973874574365714,-0.96666490657732562,0.24116130125480764,0.086024328936293998,0.062016349204425142,-0.10544483135162197,0.99248947600092174,-13.199121096456832,0.90638882994779235,-1.6374013539443995,,0.2127050684323299,0.6461538461538462,0,3
-0.30394663150568757,-0.94802585507899806,-0.094145755603113168,0.95069628165241482,-0.30821460112639815,0.034356072312887884,-0.061587541342538271,-0.079061607333968553,0.99496544512719176,-2.5879650140120991,4.540645509046052,-1.680126341237127,,0.1114735498767799,0.3032258064516129,0,1
0.40834454606351922,-0.8936321582846819,-0.18621572806731318,0.91121775528764126,0.38694124756587628,0.14127516901676399,-0.054193488065729829,-0.22737202249094843,0.97229883741555767,14.131883873179721,-15.438018676329232,-0.11153958438155794,0.2043485288443619,0.3213442227909638,0.3666666666666666,1,5
0.90673849296688047,0.41648250666521264,0.066088024739832912,-0.41751922889946225,0.86467315300678971,0.2793170814119621,0.059186137493083164,-0.28086057058825348,0.95792188669927136,22.531536600946765,-9.2882957232184147,-0.57586815787521595,,0.578641254746756,0.4285714285714285,0,4
0.98821636204856045,-0.13459719298512487,-0.072883588139133176,0.14385944111266641,0.9793678722847049,0.14192614959647973,0.052276983293424499,-0.15073873548977432,0.9871904328146035,-10.768131333733887,-16.809339634504898,-0.16301987015983649,,0.1635169751720907,0.392156862745098,0,5
-0.69189384210902338,0.7215610588307152,0.025150539372149599,-0.72145539413693127,-0.69230487785275197,0.014699332366163869,0.028018306914200694,-0.0079746147482279688,0.99957559994093403,0.22398169114348115,20.099556144640921,-2.8658386074305855,0.2024901381957728,0.1560751423417863,0.5,1,5
0.58957187630460572,0.80404072419110484,0.076964384704286654,-0.80236308939416268,0.57204802178250291,0.17021907517249482,0.092835744455038158,-0.16210976101693481,0.98239602499934342,18.742969473453773,6.023047604235467,-1.6563347832818038,0.7557520386780464,0.6888739113023835,0.515625,1,3
-0.85071567750566179,0.52230010935966553,0.059037545756605303,-0.52533815355086766,-0.84858693055764089,-0.062610268411223663,0.017397139703033832,-0.084278212188215504,0.99629038060221708,4.5276814572863309,-6.9997657918896365,-0.79427844378944845,0.6350483773495703,0.676790278886807,0.5492424242424242,1,5
0.46879080237164111,-0.84122699002707946,-0.26939252933541979,0.88187494548945256,0.42835906599658841,0.19699007867531551,-0.050316638696654134,-0.32991765916439253,0.94266779622609365,16.186940986147466,11.475020121331866,-2.0283240628290926,,0.3758665691655459,0.6111111111111112,0,3
0.78924894881253027,0.61017132621039549,0.06911620265151168,-0.61104574278517343,0.76920424625981987,0.18694364862166388,0.06090317744119373,-0.18977823954951051,0.97993623403314212,5.5108000482285942,14.325021899828803,-2.3323342667599287,,0.3786492553249341,0.4210526315789473,0,3
-0.8873613122981191,0.46107102923602672,-0.0018459241017162108,-0.46105113383774832,-0.88726830196962592,0.013667929867451661,0.0046640565482172274,0.012979457583655247,0.99990488560529955,-3.5562763194268801,20.781717893614879,-3.0063192465802371,,0.1908052383836442,0.2631578947368421,0,4
0.99462649677603243,-0.088784193238765782,-0.053249403207724783,0.097877239542109445,0.97402473902638831,0.2041956261632287,0.033736892130928162,-0.20831028490095735,0.97748076570018927,-9.157652132138633,-23.214058445512816,0.40255274323685036,,0.1722365725744745,0.1304347826086956,0,3
-0.92074912677934928,0.38997585889485176,0.011826876776549266,-0.39015501458143154,-0.92035144528692925,-0.027060705002314795,0.00033186145894960968,-0.029530435782122378,0.99956382649158004,-23.843613141025163,2.9616216859415916,-2.1697064151866963,,0.07342263473943265,0.3076923076923077,0,3
-0.47646421413126705,0.87900029828385884,0.01844798821448413,-0.87846004361180918,-0.47681883921021956,0.030850386573870462,0.035913847326798608,-0.0015067153368808794,0.99935375387251191,4.5741704031418742,-18.096215728119713,0.10717185450265888,,0.08444663523668557,0.4642857142857143,0,3
-0.9467030484533806,0.32208997652486082,0.0033741771280225586,-0.32201521799727328,-0.94612852006961634,-0.033867726363701001,-0.0077160499768461144,-0.033149216176142297,0.9994206281839807,-11.949365094018377,3.2189023219666852,-1.7865213423235984,,0.1750057122089952,0.3545454545454546,0,5
0.037744752472957825,0.9947502766863795,0.095116879117882663,-0.99737517910774065,0.03161575695001255,0.065139818945705238,0.061790660787506252,-0.09732590068860647,0.9933325642978762,3.9776240583250293,-23.23018123603304,0.50286098292235604,0.1610451358601435,0.1559841453134365,0.5,1,8
0.0025370858381605988,-0.98678600952522144,-0.16200905715650415,0.99794553328413071,-0.007873093070313579,0.063582442574647569,-0.064017777169329909,-0.1618375290555186,0.98473871580003514,7.6049707797849067,11.346139456775438,-2.0730367191291856,,0.3604776199295482,0.25,0,5
0.11138298424168584,-0.98653078277551887,-0.11979501432755353,0.99218820788943995,0.10357908556244898,0.069526492498820591,-0.056181767029509222,-0.12660326879812092,0.99036115704477867,-7.5930828182539871,13.279318283585408,-2.4449124792827659,,0.08218592782792818,0.2954545454545455,1,5
0.4847581534079447,-0.84444307724707124,-0.22787150325131733,0.8736370920966765,0.45495265449942296,0.1725581452055818,-0.042044785852487755,-0.28272596529753724,0.95827880313048397,16.44993841443592,6.0447398981102003,-1.6497404444596855,0.8397580026600355,0.7523400532686436,0.4848484848484849,1,5
0.52943956356913002,0.83539026260603588,0.14770530684692859,-0.84388616500379998,0.5007784908488242,0.19255400182377735,0.086890097496241242,-0.22659217163483439,0.97010623063193502,20.250077126043646,8.4067208049515134,-1.808682687193593,,0.3389062527630864,0.2,0,6
0.99049804766148275,0.1374644450773371,-0.0041405215094026523,-0.13528068171120408,0.97929847355448918,0.15057767712911135,0.024753883221465264,-0.14858676264535406,0.98858950997470663,9.9921969626656306,-10.906385497341256,-0.48673863117919836,0.2312177804789955,0.2843658264878438,0.2413793103448276,1,5
0.49454927394883602,-0.85875447964830098,-0.13402148827950908,0.86840441176296823,0.48183158382471758,0.1170986868396776,-0.035983235920245001,-0.17429592224988938,0.98403563869392863,-6.364058017050124,14.364791280449358,-2.5088452153191456,,0.08881254043822825,0.3714285714285714,0,5
0.99931039019344703,-0.020696461891305352,-0.030828566567452399,0.023723288219331829,0.994573557489698,0.1012948386560243,0.028564832355268736,-0.10195633971200235,0.99437867794168211,-16.186680098257167,3.4120685472288814,-1.9368427283312308,0.1389792700183314,0.1218189095647286,0.5306122448979592,1,5
0.55076720328699014,-0.7991123288001919,-0.24098749706771741,0.83410852130104607,0.51647981287325395,0.19367905820556036,-0.030306145852144663,-0.30768179805432838,0.95100654501935245,-10.465940237141291,18.990360315483901,-3.0206965971424431,,0.2807811702620916,0.2666666666666667,0,2
-0.40118391143743143,0.91510169765294802,0.040501261171170477,-0.91508447428110185,-0.40236576043400518,0.026873774577525152,0.040888557487910163,-0.02628074928644283,0.99881802550990273,-3.1902461993781017,7.412666964163952,-1.9187539389051798,0.2146744372980193,0.1891632079962521,0.6521739130434783,1,5
0.65078879664744493,-0.74521138450642721,-0.14537515110975535,0.75865272371948445,0.63058939832546279,0.16371638742819303,-0.030331286671980425,-0.21683404511640816,0.97573716231743324,0.036746151195448093,13.394761051805425,-2.3048563664040218,,0.1573255503843671,0.1428571428571428,0,4
0.87560024820569649,-0.47726364455517789,-0.074455482860776565,0.48302850255873725,0.86423785209309834,0.14062859142212777,-0.0027696674866337116,-0.15909854994756117,0.98725882135668785,15.058788845859169,-13.904432494084489,-0.236141254790704,0.4977375878405151,0.3399059728044201,0.7333333333333333,1,5
-0.47664117969030156,-0.86432421739585974,-0.16048935493195166,0.87705078781988155,-0.47999132641731501,-0.019754547544131019,-0.059959164503556296,-0.15017314602545542,0.9868398678635022,-13.404705744179703,14.028775667698291,-2.6592612997330951,,0.1134001886846751,0.36,0,2
-0.99469141250171456,0.10241350572822654,0.010023359706121636,-0.10282217844474416,-0.99304133305464171,-0.057415245927688388,0.0040735138665503835,-0.058141075751264357,0.99830006600984689,16.383088227858472,2.0789889181048702,-1.4028528966661298,,0.1251239528950681,0.3043478260869565,0,5
0.99615905070426725,-0.084634095986151014,-0.022454743298067355,0.087464931387231007,0.94969028164463187,0.30072953750366549,-0.0041269210559565332,-0.30153845318026773,0.95344508482463275,-9.3852251989464008,16.96329985381319,-2.787979274026001,,0.6129620824242161,0.4923076923076923,0,5
0.98558882913974444,0.1691173275983586,-0.0037402380854684005,-0.16580762158030385,0.97020725344458658,0.17665140245521224,0.033503619219858762,-0.17348548893063098,0.98426637280243867,16.436785553172456,10.426051780181226,-1.9786786543698618,,0.4125721362393138,0.4347826086956522,0,2
-0.69380612238767025,0.70420504666655581,0.15075913500262561,-0.71890627745989744,-0.68960661717385052,-0.08727243424353405,0.042506808468044679,-0.16893183773165094,0.98471072170179441,-14.494802983069263,20.186208828101098,-3.2389906006968618,,0.3395841043102086,0.1395348837209302,0,4
0.99949277906430734,-0.023289359986726703,-0.021720734557492179,0.028782653722928674,0.95250562140300388,0.30315771479601855,0.013628772614375872,-0.30362912723763308,0.9526928201943895,-24.734540483821633,3.540894430948212,-2.2535876573777887,,0.2755104680987451,0.25,0,5
0.96269804729329089,-0.26586776847482085,-0.050267279853835563,0.27036605867571861,0.95255036070641652,0.13982133111308098,0.010708130268287555,-0.14819628876694257,0.98889999289203268,-45.562450488900119,-0.26134898206045554,-2.8612511382249353,,0.4669833247138228,0.85,0,1
0.66438179572365974,0.74728859503560163,0.012513402443842997,-0.74491414008556223,0.66072253991257202,0.092458905206944234,0.06082559832498307,-0.070749423893033125,0.99563786870890536,-7.7569487697875772,19.026886084906899,-2.9465605320294985,,0.2903805169068683,0.1904761904761905,0,3
-0.44485150951629043,0.87356751510401631,0.19745108517319512,-0.89382730242045316,-0.4469261466578191,-0.036466051080005828,0.056390495022244087,-0.19270914868938693,0.97963426649059093,-18.65330611875191,24.308013507219048,-3.6839005081809839,,0.1753988923015886,0.25,0,2
-0.38093017502031257,0.92459787681129646,0.0033117903071859388,-0.9235146632034954,-0.38065281817492969,0.047160352666413954,0.044865004258673014,0.014906314485095282,0.99888184145140124,-17.794411632821202,2.9003325846181385,-1.9417979538024537,0.1574134798222069,0.1245800173539956,0.3636363636363636,1,5
0.97738696697635019,0.20911737101980823,-0.031379004486066786,-0.20146236833126135,0.96595950418062315,0.16228108463245228,0.064246641399623994,-0.15228972854690448,0.98624551083793521,2.7731553220729652,25.053060485885879,-3.2011063256879426,,0.3345886040368853,0.2352941176470588,0,3
0.84761248317880022,0.53031374214773497,0.017900090746520506,-0.52832600049227962,0.84034386161318375,0.12121811520096185,0.049241400907159845,-0.11220307098429917,0.99246448566101952,13.267425116805457,3.6916708661113571,-1.5026357276877642,0.7357376146442742,0.6057766989653024,1,1,5
0.46839679622625635,-0.86324874110192951,-0.1881649602633603,0.88343909055608971,0.45475969862726262,0.11282282473803681,-0.011824320801097304,-0.21907813101807874,0.97563566865260587,5.3889529419803957,-15.657328716366402,-0.02399240749323225,,0.3804434243032422,0.1818181818181818,0,5
0.19300674585117791,0.96958849638024291,0.15048768635020676,-0.98105546432064095,0.19330450873249297,0.012788386540180476,-0.016690475803593275,-0.15010501187764838,0.98852916670509039,15.13828553425633,15.044399649492952,-2.2206230705712695,,0.276718939252401,0.1818181818181818,0,2
0.7079674432549401,-0.6782957567983523,-0.19671544321789389,0.70624323591321869,0.67931336378016438,0.19938366411645367,-0.0016096639052450188,-0.28008609408363599,0.95997353551183051,-31.679166435219884,3.2725651506173716,-2.5228213829488237,,0.3254407872108732,0.375,0,4
0.9741043428280719,0.22581415275627495,-0.01134450080233978,-0.22139437833785863,0.96281642324401828,0.15481945734301891,0.045883096276097761,-0.14829869704943288,0.98787764319755578,-29.268598779653161,3.6685241623430693,-2.4552580613844723,,0.1012033850945163,0.2631578947368421,0,3
0.73535794366883755,-0.67443981770473194,-0.066178750196317804,0.67753296781988304,0.72965904246172297,0.092448684528354516,-0.014063150440786897,-0.1128211595767817,0.99351578434941346,-13.891080947395778,16.740493211101938,-2.9094393254271376,,0.08703952334494244,0.1666666666666667,0,2
-0.98593504413689859,0.16689980685107142,0.0087488979790270906,-0.16544725398429544,-0.96726855668712131,-0.19240256077679896,-0.023649416310522843,-0.19114390839754425,0.98127708186356999,-12.909916314753289,-9.5797451027822369,-0.81631808274447937,,0.1528744414825841,0.2702702702702703,0,2
-0.14170146641712064,0.98542188118018537,0.094150998436246511,-0.98846105960232189,-0.14599584657557579,0.040372595068140615,0.053529693302808511,-0.087343739752688623,0.99473898237724723,-8.9384896410519445,6.2432402972584065,-1.9242817174087776,,0.08233391139054051,0.3272727272727273,0,3
-0.46808741971888823,0.87555177924563532,0.11959619291898875,-0.88310249194054036,-0.4683777838344777,-0.027427000177046898,0.032002440990052845,-0.11845392973686387,0.99244370636352608,-8.3688318409763038,23.228193377076476,-3.287195405948661,,0.1521082922490504,0.1333333333333333,0,2
-0.045049650088541317,0.98205157983656943,0.18315355188310817,-0.99808453137870878,-0.052027717434153832,0.033472150231721669,0.042400439260025229,-0.18129481834594788,0.98251432131621697,-7.0193031170973592,-13.85494966287955,-0.34159403639328118,,0.3885768518766642,0.3617021276595745,0,5
-0.78755860744558637,-0.60614691452280989,-0.11107365958158645,0.61085718997219041,-0.7916645028920184,-0.01099128382003477,-0.081270740722895335,-0.076506423751281291,0.99375139437745752,-10.426950393098439,7.2189340123402328,-2.0468833195381877,0.352205920466414,0.2506912789301663,0.4947368421052631,1,3
0.9991117870593792,0.035072968502000708,-0.023356451774011581,-0.029411123303449596,0.97735957126437345,0.20953103417859076,0.030176527054042303,-0.20865798651951509,0.97752300324676689,1.7649542985826294,13.157866096714599,-2.2513771719985787,,0.4613789240599571,0.5365853658536586,0,5
0.33816711683420969,-0.91312814365264328,-0.22768397914986496,0.94073862807802877,0.32142598582030607,0.10814882931087656,-0.025570192293111915,-0.25076349197784459,0.96771061601967101,6.9762160906031641,5.0692285999521918,-1.6704375318186337,0.3123990372534484,0.2498463794348712,0.2432432432432433,1,4
0.89468270983711873,0.44667359071724183,-0.0050549059612732816,-0.44398213725520885,0.8904247677417475,0.10011790444447578,0.049221037339822783,-0.087329470099287043,0.99496273957137238,-9.7795549908900803,-10.704378532273854,-0.62867120954021394,0.1393192619733862,0.1302206664196752,0.4324324324324325,1,4
-0.1898740372212819,-0.96030886221635103,-0.20433976396684789,0.97755670945950113,-0.20426014858173036,0.051581697258626394,-0.091272831554643885,-0.18995968216994177,0.97754007046764635,-31.450916488123173,0.27186488542507914,-2.2812085628057361,,0.3729925818673409,0.359375,0,5
0.82836373276372599,0.54214311063896958,0.14104741695064493,-0.55762719742187106,0.77394849681084188,0.3000927073083729,0.053529757492227367,-0.3272377910189182,0.94342460917228732,-1.3781725697620508,-10.06606147593302,-0.57496702716537795,0.1676478152333597,0.1486722391502948,0.139344262295082,1,5
-0.15049117397230982,0.97709340328184069,0.15046889319572157,-0.98698665340043179,-0.15721572420355817,0.03377220858288392,0.056654678234467439,-0.14342837001883635,0.98803772706708326,-1.0432582007818942,17.401076158159348,-2.6514104389911695,,0.2801565332220803,0.25,0,5
0.88579611570408556,0.46068520314580758,0.0559855785543137,-0.46230307873957044,0.86543897221864496,0.19310942170969028,0.040510551606586627,-0.19693788098698109,0.97957866771428259,11.277448493970073,-9.6250343871166972,-0.5368508767637864,,0.1687040206591991,0.2647058823529412,0,5
0.26066971683317436,0.96257589846743408,0.074154827325841693,-0.96348997972496186,0.25451336766287219,0.083126437734917139,0.061142110657926282,-0.093115978062394605,0.99377616037706307,-26.052753098752753,5.7920578942078249,-2.4622802210112735,,0.1693714901440993,0.3529411764705883,0,1
0.94749914450946393,0.31961597696745753,-0.0095393092502821328,-0.31688992431322716,0.94256865309051496,0.10557040342771531,0.042733441501850149,-0.097004955946956822,0.99436607519521591,-4.9584962133666135,14.359138280798932,-2.4852941392457768,,0.07086386980970562,0.3684210526315789,0,5
0.57231893307477077,0.80914672713892688,0.13316385697523064,-0.8186423214526658,0.55431909927249701,0.15018350677860151,0.047705223725990752,-0.1949664333727503,0.97964907057944084,12.672004859769558,-9.853343532558192,-0.52830515451817728,,0.438550103123854,0.3076923076923077,0,5
0.075633805757873845,0.99703819811983607,0.013941266675991347,-0.99555012434435175,0.074718023770414366,0.0574209616933542,0.056209228286163558,-0.018222195635946424,0.99825271061073473,16.31482859330406,-7.7390675569166021,-0.66242898697513863,,0.1010649971731793,0.5714285714285714,0,5
0.74930730959590619,0.65382123239495449,0.10514918856410005,-0.65783895599134679,0.71666515413599452,0.23160087397815896,0.07606880941858285,-0.24271146020897946,0.9671115154504496,12.131964505035734,8.8273971580586768,-1.8943007882968066,0.1599390427859733,0.241489694924151,0.2173913043478261,1,5
-0.68909492067341049,-0.723328778329697,-0.044087058670036511,0.72219295833405617,-0.69049335625642672,0.040697123957845964,-0.059879222062508411,-0.0037951819197929613,0.9981984148251215,7.8957513338081053,8.9267690235622705,-1.935260851530513,,0.08273085041866024,0.2571428571428571,0,5
-0.48545758988425519,-0.87004939579346707,-0.085702843028650985,0.87197668465914591,-0.48893810693679529,0.024416981711663302,-0.063147366014862705,-0.062877471835994278,0.99602150262978695,-1.1460820957782041,-12.398278602945801,-0.41606761347836102,,0.08613689492038704,0.2631578947368421,0,5
0.97958439327678726,0.19946417404254546,-0.025069098948177968,-0.19749511595561101,0.97812472189116262,0.065327693966767353,0.03755123995593402,-0.059042964854934335,0.99754891242430344,4.5703322104522428,5.6903001382745542,-1.7309965443292459,0.279034671796034,0.2145734685722221,0.8160919540229885,1,5
-0.3651482436496219,-0.92991780311232186,-0.043813692087608339,0.92893988038682263,-0.36704692630170505,0.048448452187712834,-0.06113475923327627,-0.02300941866328195,0.99786427326879779,11.560944530664907,-15.172150307615981,-0.14038072267730206,,0.09058630754791118,0.4782608695652174,0,3
-0.051248514099168536,0.99382784198203344,0.098386026975182547,-0.99737622938932713,-0.055976030428388043,0.0459057846747917,0.051129706157531145,-0.09577528135596472,0.99408895408279752,13.395974505223549,4.7639759911553137,-1.5741072320081526,,0.1901242837671753,0.3333333333333333,0,5
