axis_00,axis_01,axis_02,axis_10,axis_11,axis_12,axis_20,axis_21,axis_22,location_x,location_y,location_z,dbh,dbh_approximation,score,reconstructed,number_clusters
0.5917755436329577,0.80311413325948422,0.069349801130094299,-0.80580009193541791,0.58700269860688925,0.078192350425735913,0.022088861328470329,-0.10215439680746161,0.99452328349723096,0.1134245299339563,11.526684692351067,-2.7729259825542747,,0.06780370437951218,0.3333333333333333,0,4
0.10739891089369209,0.9896038400717323,0.095654135582992891,-0.99314398269298909,0.10231875505631852,0.056532309385279457,0.046157378386955675,-0.101069837632233,0.99380802187416295,-13.243634293906002,-10.994566431485774,-0.69875475629177519,,0.1038387693299442,0.375,0,3
-0.88618930416907626,0.45323864219153565,0.096141824409058219,-0.45925160878245802,-0.88673159338208796,-0.052868148528099998,0.061290105294848601,-0.091004475287964792,0.99396262931284751,-8.1631748196272049,19.027666396418464,-3.0242671771336695,,0.1812950503858553,0.6730769230769231,0,5
-0.7801404957209902,-0.62554794047075202,0.0084012563948353894,0.62559353407955309,-0.77997767903927784,0.016356965438626213,-0.0036792735786262908,0.018016502804534484,0.9998309199922909,-5.3517411120033511,2.2733686953509928,-2.0006074299007977,,0.119253937052736,0.621580547112462,0,5
-0.97195837224831638,-0.23514639923920089,0.0017588465659472061,0.23339481262284384,-0.96557728414533583,-0.11483627381305243,0.028701638579561841,-0.11120557210570461,0.99338287516721946,2.0609482175687841,9.8699831576985844,-2.6783362627588803,,0.1197547726506463,0.1481481481481481,0,4
-0.99608949165295813,0.080496495919442732,0.036414815161474615,-0.079038063592425378,-0.99607435910023345,0.03986045216278352,0.039480490398587906,0.036826421055445042,0.99854148916814445,7.5057708126141813,2.0239795288750244,-2.159970420475231,0.1053573390486284,0.1088384262853485,0.5849056603773585,1,5
-0.97940841046744209,0.196845643518265,0.044843707847579524,-0.19804502904312676,-0.97989792156179811,-0.024046409091097534,0.039208825243127125,-0.032432328728437022,0.99870456696477805,12.678700778618627,-12.902909790028996,-1.2156358471773934,,0.1564919732452301,0.15,0,5
-0.73684907055977433,-0.67604824448177026,0.0034954754059747981,0.67603229619147254,-0.73676753946943274,0.012406743740568523,-0.0058122045114105793,0.011504951858893222,0.99991692372988783,-9.6397442847457953,-4.7634190613996292,-1.2652084365579515,0.1340698829928644,0.1040255096615505,0.3009708737864077,1,5
0.2588779511282705,0.95585468197263201,0.13901091097690282,-0.96501686724036284,0.24975841910747876,0.079769530690173993,0.041528934024680657,-0.15479844649069555,0.98707283854984151,8.9224447809828078,-9.4188742422844669,-1.3491570993694069,,0.09930951391226939,0.2631578947368421,0,5
-0.7371577277972694,0.65979976290282372,0.14581754771681169,-0.6725652910906843,-0.73725830378134838,-0.064079034992363379,0.065225865796249366,-0.14530817726069936,0.98723407561342957,-14.609162308802158,-2.2473008722164529,-1.3559101869406611,,0.08611510169019795,0.4698795180722892,0,2
0.44138247477465775,-0.88094803174604464,-0.17062261375494212,0.89478536206586634,0.41782699593499972,0.1574158737249533,-0.067384469979776332,-0.22215122513887511,0.97268091704054771,7.2320440454050141,-9.6614187468176063,-1.301085469039053,,0.4325193453337577,0.7142857142857143,0,3
-0.73815372642695909,0.63704813130100435,0.22203322852197532,-0.67273929007931332,-0.7197138819621639,-0.17156274564873811,0.05050667030774502,-0.2760101565465482,0.95982679152937456,-30.772032345819742,4.2309865662465924,-1.430543806662288,,0.424920502478486,0.1724137931034483,0,3
-0.99924858287113527,0.0066678825867808565,0.038181264670483869,-0.010679071741115471,-0.99432612783025343,-0.10583718127786526,0.03725891915738766,-0.10616539387156483,0.9936501809426288,-1.8341378582287087,14.759327311154658,-2.9172422823823019,,0.1090863327601114,0.1818181818181818,0,5
-0.47577795961594466,-0.87947800137064802,0.012400735816015886,0.87912306877876822,-0.47504432952677644,0.038412431912817714,-0.027891989615113091,0.029177561405057527,0.99918502131775566,-18.445970151716075,4.783617288665063,-1.8117365155328531,,0.09049224007276133,0.4727272727272727,0,5
0.65528679481860397,-0.75536591381963103,0.0046424967199205748,0.7525003699246634,0.65331240115189138,0.083223192466976903,-0.065896963508236137,-0.051041578547142814,0.9965201189438222,2.7862081875750091,12.762629674741797,-2.8496559797648886,,0.07711587488785744,0.4545454545454545,0,3
-0.056418501064130981,0.99552691973864071,0.075783275287954269,-0.99626502305715514,-0.061104646543773088,0.061010048382921879,0.065367855790155596,-0.072058131022485955,0.99525608221348871,-6.5644628235564229,-7.1242162380250553,-1.1634069791872146,,0.09734027366832863,0.3961038961038961,1,3
0.36284924253093093,0.92772341610891451,0.08757676859724782,-0.93112631013904545,0.35726580022545718,0.073245768178856599,0.036663629956355033,-0.10812220490015066,0.99346130626509732,3.7389631063420059,3.7983360600042082,-2.2399189183657389,,0.1018157684785583,0.325,0,1
0.99723522843822143,0.064509808823056541,0.036883380097032209,-0.06787124390587819,0.99280693263055453,0.098630060181367343,-0.030255469132674816,-0.10086069148248021,0.9944404092258311,18.130362404969745,7.1418591768333215,-2.6757893113357301,0.5805809156918912,0.4928374899397853,0.9130434782608695,1,5
-0.67302587861206553,-0.73570485559001797,-0.075990342674108924,0.73769045470088079,-0.6751332171533716,0.0028164053946786258,-0.05337564764633327,-0.054161836724857769,0.99710457610068393,-11.822027514962624,-11.487440431084432,-0.70310568572980325,,0.2479138348725126,0.2647058823529412,0,2
-0.28016338532018531,-0.9566928104636816,-0.079040141276659023,0.9584455322246842,-0.28338535490336603,0.032785703970393751,-0.053764665761764523,-0.066570316458570714,0.99633215028028166,5.0327659989975064,-5.9260457432499516,-1.5094505896282897,,0.1231633924655191,0.2405063291139241,0,5
0.59121656257334665,0.80334075154002849,0.071460569925385006,-0.80614518757358411,0.58594769633860277,0.082433207552773669,0.024349798580477366,-0.10634347215786065,0.99403126371281836,-11.326493292741372,-8.927133139405548,-0.89736031647574332,,0.1116453768599011,0.3571428571428572,0,5
0.97235983287409022,-0.23333081379873755,0.0085490786106823119,0.23019055517659004,0.96411863164639555,0.13224058537293645,-0.03909812937425719,-0.12661751634075893,0.99118078110662156,15.566974086978103,-8.8608746272719596,-1.5560485393621044,,0.1282720810083589,0.3157894736842105,0,5
-0.61887793756091158,0.78169280234494032,0.077113300814232941,-0.78212192004470105,-0.62232750884632249,0.031524179905604702,0.072631952926676888,-0.040802383450532671,0.99652384061737953,-35.255114318250712,5.31340184964274,-1.4226180773828403,,0.1077837126321411,0.2727272727272727,0,3
-0.67177938803340231,-0.74060600395911436,0.014669720964664856,0.74059046219471103,-0.67108919349104124,0.034132999952685733,-0.015434413487179657,0.033794101249447969,0.99930963049549848,-10.609559428943482,12.439485223832166,-2.5770966027065549,,0.0976109766174679,0.475,0,5
0.99600264204046474,-0.088063097448164873,0.014954193935171953,0.082600246142597339,0.97175595163820583,0.22106010448045443,-0.033999064481219053,-0.21894122801236421,0.97514552877549565,24.770686053234428,4.7892616010955065,-2.6929561705783627,,0.4487502838427224,0.5853658536585366,0,5
-0.97808885887414199,-0.19797581691009652,0.064403106020281931,0.19541939145890561,-0.97973712140043989,-0.043891165304788968,0.071787503007909995,-0.030343844001070427,0.99695827673134274,11.405438500514684,-8.1111814129973148,-1.4876181352760778,0.674780974630231,0.5618578118388148,0.9285714285714286,1,5
-0.49947066021933467,-0.86632875129823628,0.0018852729511498899,0.86577075728860264,-0.49906835646886477,0.0370374323541173,-0.031145712449409779,0.02013132498135271,0.99931210057244524,26.80306897709416,-8.8574057678558109,-1.8583127646326527,,0.09546109927867388,0.375,0,2
-0.018366853020142088,-0.97087969417234876,-0.23886246702640659,0.99892972663312829,-0.027962225718567834,0.036844472876212807,-0.042450676776685285,-0.23793010187168109,0.97035416558312892,-8.0105413373333842,-8.8227016204411743,-0.98385931415232331,,0.5143835745936283,0.2601626016260163,0,4
-0.99594963376237844,0.075439979872939378,0.048919693839561414,-0.081478537424466951,-0.9873183657919713,-0.13624864222825486,0.038020717349304442,-0.13968269043315173,0.98946610404076085,5.8129071179496181,25.418613242528682,-3.790175191234785,,0.2412054414430602,0.3846153846153846,0,6
0.9830772457982152,-0.18178194537754055,0.022681559217809764,0.17720338516257347,0.97502326054041355,0.13389772847985387,-0.046455237387390928,-0.12761256105845081,0.99073555764360377,9.6433808316355272,12.3709985260374,-2.958675447947694,,0.0714175511287283,0.2608695652173913,0,5
-0.43836913884806433,0.89693882760828525,0.057734198134902298,-0.89688365951308635,-0.44072046358541206,0.036948264850638131,0.05858497592403801,-0.035583879857780359,0.99764802815935316,0.69684041379495287,15.226087536072818,-2.9735915774513049,0.2166917450891125,0.2109983770405707,0.7631578947368421,1,5
0.7752833528337153,-0.63158321040301679,-0.0061944455710275757,0.62850460022265142,0.77045819538914861,0.10665897363402307,-0.062591455629976797,-0.086584164226007843,0.99427636610119874,3.9022008473418586,-11.28509799600071,-1.1189011849148567,,0.2760624809709481,0.3698630136986301,1,5
0.99873905094410498,-0.037288109128175047,0.03361406010757681,0.028307985154954782,0.97125948230391934,0.23633382324837054,-0.041460416010181918,-0.23508427202254614,0.97109032481633439,-11.24212546923887,-16.984906856211555,-0.33302439908107084,,0.09900700881064091,0.4285714285714285,0,3
0.08107013270612845,-0.99408759540960279,-0.072232168981449837,0.99523945932191127,0.076804691600860772,0.059995482802680758,-0.05409299577247359,-0.07675214655532854,0.99558176751460659,-8.2202843455627477,8.6433320419015267,-2.4102451332399806,,0.07221239024935766,0.2432432432432433,0,5
0.61950984270228415,0.77812101547841528,0.10361100359437028,-0.78350028146624962,0.60480048034258127,0.1426313006310069,0.048320427743354141,-0.16954074509752684,0.9843378850854394,-10.027292895203066,23.315214937788117,-3.2179925124482218,0.9343607631239962,0.7204967169343069,0.9696969696969697,1,5
0.244064502162716,-0.96973099295751286,0.0073702158518420911,0.96794215668680283,0.24406521362441064,0.059330875663293807,-0.059333802276342482,-0.0073466180047604837,0.99821116358780759,8.8536916865096327,4.0010474434250245,-2.3275291081790628,0.1905577998168162,0.1456906241856904,0.6964285714285714,1,5
-0.22914308882638679,0.96537153426535816,0.12470463372806304,-0.97193999840277012,-0.23391246420911874,0.02485153098786657,0.053160928772226668,-0.1155108649338472,0.99188263203582072,-5.4979162077749484,21.297485186552183,-3.2167574213573187,0.5079593980466839,0.4811601038948931,0.8160919540229885,1,4
-0.45265240520125594,-0.88856069065336418,-0.074603613123869456,0.89129551757517733,-0.45334639002990784,-0.0083277246141764787,-0.026421589958150391,-0.070263430548678119,0.9971784945091906,10.208481434958463,-7.5188120369278177,-1.5096501388005987,0.3923035289048032,0.4119018193211499,0.6624203821656051,1,5
0.73912019980469568,0.66239620155721779,0.12219902783262343,-0.67356013447999785,0.72569558414562463,0.14029491933363067,0.0042515267793501238,-0.18600320242972337,0.98253993975101739,-19.819826085427355,-12.100400618038593,-0.46750926365432294,,0.1487363692484401,0.4,0,3
0.70744692767773576,-0.69628194954554012,-0.12128598953051019,0.70421042360218267,0.67985022569693088,0.20467376458615189,-0.060054340470677779,-0.23020668399699959,0.97128696008632676,3.8613051265076752,5.8576992796638558,-2.4185696859453101,,0.09744258694818023,0.2352941176470588,0,5
-0.08943307246830684,0.98922264541250993,0.11593223603448184,-0.99433755651541245,-0.095385485382076474,0.046844774323137987,0.057398164185265076,-0.11108630420309197,0.99215184511578647,-4.8642821833909728,15.385055141564308,-2.9141562614548637,,0.08784173040739993,0.1818181818181818,0,5
-0.014135237832343399,0.96492111781722423,0.26215917195814853,-0.99839622129121386,-0.027994549757573588,0.049206610280501571,0.054819525379644726,-0.26104317952061051,0.96376930749164291,-12.143613318945743,-20.517929053025291,-0.081273407248924914,,0.3018632302515485,0.1111111111111111,0,3
-0.75434994540470091,-0.65621683501406325,-0.018320079477204095,0.65557941103715278,-0.75448547914799313,0.031101407990706882,-0.034231501458530399,0.011451078505979814,0.99934832621511149,9.2530729171684136,15.253394483176374,-3.1228784581153524,,0.1610770057684096,0.4285714285714285,0,6
-0.74376152816771912,0.6371379427323246,0.20217327011363162,-0.6634178062206626,-0.74061953961239502,-0.10658101113090765,0.081826668067212852,-0.21339620304762749,0.9735329768004124,-16.364084855689473,-11.735972454979606,-0.57604671208474223,,0.4793543371966016,0.4444444444444444,0,2
-0.62019148737047947,0.78237994668906274,0.05695733501500156,-0.78147354832242599,-0.62252673647183665,0.041947057704701994,0.068276000655789815,-0.018495442588467952,0.99749501569577081,3.894009248325089,2.3940382837415819,-2.1384552094752922,0.2154066859011315,0.2045446050790486,0.7958477508650519,1,5
-0.9905470957381044,-0.13433239878048717,0.027771527914153816,0.13068474607943326,-0.98568039223961723,-0.10656294617036828,0.041688706707698087,-0.10192630176865507,0.99391804528381711,2.4674285305616959,20.664831056715645,-3.3639151589157712,0.3863766916720711,0.2558671162704536,0.5344827586206896,1,5
-0.9962653152423403,0.075277176948432695,0.042293832597143012,-0.08120808348566054,-0.98332004509362925,-0.16274807554515058,0.029337157695775894,-0.16557486387655093,0.98576076997950923,-27.400095535683072,6.5704900442483236,-1.7465530724702529,,0.2232086918171236,0.3043478260869565,0,3
0.3699202728410263,-0.92906291094031845,-0.0010484542541575814,0.92588176025170532,0.36855986456229756,0.083105909940421385,-0.07682420044767975,-0.031713305550245208,0.99654016902313147,8.1402354659213856,18.215486047132995,-3.3017545595623301,0.4816610688845443,0.342933858333088,0.8148148148148148,1,7
-0.38507932928389677,0.89828158465991126,0.21166980138683486,-0.92154935788823222,-0.38660022558278662,-0.035875431079293925,0.049605353884948439,-0.20887905649015243,0.97668257311458762,-20.816455807722335,-6.2805059390452236,-0.88014911737532531,,0.4204590863596153,0.3376623376623377,0,4
-0.90756457009473956,0.39962298425296711,0.12894968617838912,-0.41933552708777883,-0.8786187816787544,-0.22844419932088059,0.022006063500024018,-0.26140104616871013,0.96497939160955049,5.9824515143804797,-12.166082391409846,-1.0957557738288917,,0.3474389054926764,0.1836734693877551,0,4
0.96430620903415709,0.26049363100523987,0.047503720105684634,-0.26401878479236024,0.95957849939228324,0.09748427965995482,-0.020189514480012011,-0.10654657061473584,0.99410271692381003,2.5847505425070922,7.1704323842644468,-2.4887311192323112,0.2855960348908455,0.1747243391221715,0.5689655172413793,1,5
-0.91888090826418001,0.37904893927434197,0.10945217248913797,-0.3912558161856986,-0.91116956011142836,-0.12918559914793143,0.050761823533624274,-0.16152997976023897,0.98556141508796802,-1.4655923648799201,18.325096280474284,-3.1221647165336139,,0.2293608298775916,0.4375,0,7
0.20003327721468195,0.96179376937570893,0.18692092765878296,-0.97848341213062273,0.18625191669994157,0.088771818224098992,0.050565800616311982,-0.20065634481785971,0.97835583050972164,-15.715497596886429,-13.444290465052545,-0.47655083415859767,,0.1473776232079548,0.2758620689655172,0,2
-0.99815028968694386,0.054707045327177649,0.02651675676699301,-0.05703199392253884,-0.99367305844324239,-0.096753318254580237,0.021055898629345322,-0.098086656154762905,0.99495510301585333,1.1427451999437113,20.371014893010326,-3.3117779486241896,0.7696041658273067,0.3198997888361815,0.4615384615384616,1,4
0.3283577561017299,-0.93216833063621463,-0.15245782159905508,0.94201756042825824,0.31136285978107192,0.12512427979311477,-0.069167187687732251,-0.18470347291766054,0.98035734670553898,4.4115176603970996,13.333099076394527,-2.9070563903917241,,0.3957240468206639,0.4285714285714285,0,5
0.72709266076480428,0.68159302719859027,0.082263041131599157,-0.68651044924545479,0.72072458801139161,0.096226146720183772,0.0062980742105297879,-0.12643976237747431,0.99195429368049315,8.456258212001222,10.817972594532593,-2.8222555627985106,0.1120978928429174,0.1023195451858749,0.3181818181818182,1,5
-0.38833538956126096,0.91157295043345277,0.13501992909327715,-0.91915008503965667,-0.39365442015604374,0.01411802617935737,0.066020802675337692,-0.11862105011193724,0.9907422975145681,-11.241898034153369,-18.768098945726823,-0.21444190969955892,,0.1118309618560482,0.1,0,2
-0.98298872142357363,-0.18192521338314877,0.025226777232632842,0.1816510425528573,-0.98327995865582141,-0.012783647572882308,0.027130652286834412,-0.0079837109982406652,0.99960001403820931,-39.157925945002098,3.2278727851057942,-1.165841586328253,,0.09191635256975775,0.25,0,1
-0.66179015640505723,0.74047675876757424,0.11716637149983553,-0.74684464619087154,-0.6647792491717619,-0.017077011643151577,0.065244642242883413,-0.09880647547451514,0.99296546619854864,-8.1429534510278234,-5.6749548766127651,-1.2424485161155712,0.5200256439551956,0.1592379969157228,0.1818181818181818,1,4
-0.99131500158639163,-0.12786071089909334,0.030760465506090896,0.12051312380391856,-0.97685890673863285,-0.17670105635345115,0.052641757387024396,-0.17145936817153667,0.98378378236552744,0.91197741784460706,12.999514600805021,-2.8522459521491457,0.5052099362459082,0.5221663636181803,0.6346153846153846,1,4
-0.94116565003982677,-0.33729265783283552,0.020997194030968391,0.33753179279868961,-0.9412708211148415,0.0090294057333046591,0.016718493808199893,0.015585387061473745,0.99973875971422177,5.4582309884157167,-10.0276007263612,-1.2370707183174812,,0.07033547907368576,0.2272727272727273,0,5
-0.86337415598192135,-0.50430298703765397,-0.016234655752616952,0.50421606578023626,-0.8611365774422417,-0.064884158314370305,0.018741018958599417,-0.06420507967414775,0.99776073381970221,-17.254480696259325,-5.8222686609255909,-0.9895439894375937,,0.1786984808210716,0.1951219512195122,0,5
0.44025538754840043,0.89538205259264636,0.066829436849246693,-0.89711198929997471,0.43559927554472305,0.073779060709359343,0.036949592539709974,-0.092435118001180677,0.99503290225562757,20.974054152951553,-2.7851455898287183,-2.0935825454486898,0.3736729819546707,0.3125909241600108,0.2903225806451613,1,5
-0.12731819511425357,0.96956975744522478,0.20910419087253332,-0.9912912951583045,-0.13153526351056616,0.0063279219794026287,0.033639936626284131,-0.20647750458782146,0.97787289294824276,-5.6656261463973365,12.205085006885765,-2.7013395334701591,0.5279276701359855,0.5897282937261795,0.3622047244094488,1,5
0.79471107699882682,0.60512498577232265,0.047519003455581924,-0.60697819712677803,0.79181684353956661,0.067849498891037238,0.003431079726753486,-0.082763747384257166,0.99656328941559136,-6.6220880185961732,-2.5292268511973286,-1.5304518042239215,0.2108157724782313,0.1618848251525222,0.8236994219653179,1,5
-0.0086360866911797795,-0.98915428797325822,-0.14662609791840714,0.99884869138483356,-0.015452735721980209,0.045414806809145586,-0.047188025233821873,-0.14606507981999842,0.98814891728509646,19.852198311304935,8.9632381320705949,-2.8592643849682129,0.4422527734232692,0.4166526682503384,0.425,1,6
0.696679172128847,-0.71716577209521082,0.017646145668216432,0.71441275124336956,0.69582088506592188,0.073808649675740204,-0.065211593928867731,-0.038814317476371006,0.99711629049780304,-1.6839243719898562,6.2910040144376076,-2.3792541398923701,0.1317220872559878,0.1086571407666283,0.6453900709219859,1,5
-0.35855188618881895,-0.93296815329788407,-0.031795751954879235,0.93277964605178287,-0.35941044007723144,0.027317896606478719,-0.036914452751618636,-0.01986354689945841,0.99912099501643004,-24.836764842248837,-2.6928240850714169,-1.0583699091694432,,0.1920141861192695,0.2666666666666667,0,1
-0.53687529132012701,0.82123308691236785,0.19323855342635959,-0.84059202073187977,-0.54022212478763287,-0.039561478382776454,0.071902546907772091,-0.18367436633977691,0.98035389064248468,-24.165150584435338,4.1098887333283747,-1.5423743402371533,,0.248202057679982,0.5925925925925926,0,5
-0.98767794495033134,-0.15334627049743502,0.031260172475813336,0.15365646007630465,-0.98809385674611605,0.0077603181252943708,0.029697968541787644,0.012468022502159807,0.99948115493958967,-6.2414163613158724,-16.298731147200641,-0.50713964771071252,,0.09469041779495532,0.4444444444444444,0,5
-0.80290253681510693,0.56347424118399481,0.19453610435594854,-0.58922261285930344,-0.79964148638794752,-0.11571605654588843,0.090356122488312748,-0.20753378705501607,0.97404594263283151,-5.259354660447972,0.56128233669351202,-1.8375938183840024,,0.2576691991153867,0.3333333333333333,0,4
-0.32553025120138013,0.94212615459904303,0.080177081346144166,-0.94349224537828391,-0.32922450324000757,0.037863034445412093,0.062068014820925214,-0.063320891392889364,0.9960612562736284,-2.671060972643768,10.557267819051464,-2.6626263611416907,0.2080642196011258,0.1712715368212523,0.4343434343434344,1,5
0.49222572994086983,-0.86811796487623349,-0.063914238189345426,0.86848659444381837,0.48482906558502609,0.10330446474054071,-0.058692981314267707,-0.10635777462459914,0.99259415559499731,14.220016489778843,8.9999089306054003,-2.7740882845013539,0.262312828779465,0.2402758580591639,0.5142857142857142,1,5
-0.49807038116271807,0.82367583615323647,0.27107934695526259,-0.86348890688371627,-0.49976090960615482,-0.068014269961489085,0.079453150328923,-0.26794990234537408,0.96015105412425295,-28.625507919276689,-24.652038046581829,0.63205362241211027,,0.4665767407632119,0.7272727272727273,0,2
-0.96699888440516457,0.2503995748540353,0.047044770932453767,-0.24969403478014254,-0.96810957850891088,0.020414039152354079,0.050656160083269154,0.0079935544170978163,0.99868416255260606,4.9029658183453098,4.7006015510865984,-2.3273307272761614,0.5105733671629431,0.2491178438029145,0.7282051282051282,1,5
-0.83783554129966309,0.53642422240412191,0.10139358635157962,-0.54458588028247612,-0.83423186804063676,-0.086506701141540798,0.038181471056821112,-0.1276959042552431,0.99107816609204635,-6.7601080923297454,-10.620310108596726,-0.88836163806431312,,0.2870844002808123,0.3255813953488372,0,6
-0.93204313684066986,0.3383618929778478,0.12964112175021444,-0.3566693866008091,-0.91979825901806678,-0.16357906763745314,0.0638947551056364,-0.19870176669517345,0.97797498341328215,11.351644833394918,-10.044902140225338,-1.3549251315537285,,0.1589290525365357,0.3333333333333333,0,4
-0.17922127370451524,-0.98349464808117437,0.024859852119846863,0.98291605559813078,-0.1779252257139822,0.047102459617769731,-0.041901822145896148,0.03287691059570487,0.99858066577044124,6.5700358340374772,-6.2206148688646712,-1.5250787286442049,0.2187817270747,0.1542562055666006,0.4069767441860465,1,5
-0.62453744746938478,-0.78083100733295507,0.015997334022543535,0.78075097603291854,-0.6236995686032627,0.037772497240058218,-0.019516406740773224,0.036080273162875841,0.99915830765520885,-8.6826739716441299,10.303178334226281,-2.5195144224480122,,0.07491008685786296,0.4107142857142857,0,5
-0.81588127674336675,-0.57691086681945436,-0.038879223310649649,0.57813598362842789,-0.81505980359786201,-0.037898561885712688,-0.0098247999269182699,-0.053398205069464438,0.99852496463621543,4.5161355295974488,-8.3882463395119657,-1.3213197514147395,0.5490997535716451,0.5284207305905626,0.7518248175182481,1,5
-0.18665340383896986,-0.98230843889136055,-0.015186761278979598,0.98157582790746545,-0.18711253043879938,0.038701356831045648,-0.040858302743761801,-0.0076832177899461614,0.99913540987260141,-2.1228929603971802,-13.185355967483209,-0.84437062201319535,,0.3553483382309354,0.7278481012658228,1,5
-0.95331263282858103,-0.30194148682629235,0.0051344544567234881,0.30133835790566915,-0.95224554018533469,-0.049230328577580043,0.019753939965361077,-0.045384686076578334,0.99877425483718585,-0.54325782004888112,8.6468560038028759,-2.5427780041287869,,0.07365923678959976,0.282051282051282,0,5
-0.99121464545347471,-0.12701149490284386,0.036899956654283632,0.12700768182835931,-0.99189869048144519,-0.0024569448063593733,0.0369130789169555,0.0022512182790932829,0.99931594434449533,-1.2279359085596226,9.4327157993553445,-2.5974615647403563,,0.06942002942864722,0.3061224489795918,0,5
-0.71822759078853959,-0.69525629752788554,0.027709359030966777,0.69571543346207265,-0.7169116575944724,0.044918936405788104,-0.011365010900608024,0.051539848204698077,0.99860626904414418,8.7855473048981914,5.0728859172689811,-2.4136612536512949,,0.07811821251881694,0.2068965517241379,0,5
0.99571887683311733,-0.088016958347149621,0.028230008174146573,0.082655076019564108,0.98455719539337805,0.1543219602238361,-0.04137700721894174,-0.15132793543309603,0.98761723315825178,0.24177953889764428,13.873908518265488,-2.8992699832718274,,0.07022641880013426,0.3571428571428572,0,5
0.95110844961719743,-0.30717881064655495,0.032154243212024848,0.30428453311357467,0.94978348904587573,0.072953730841516573,-0.0529494095776726,-0.059602870951073875,0.99681686271840542,0.1551806602667688,6.4943470083458674,-2.421796784911086,,0.08574421888165842,0.3793103448275862,0,5
0.32120350052471458,-0.9261563183567384,-0.19764307531143577,0.94611455795397348,0.30475865362815524,0.10949614726698227,-0.041177111096194326,-0.22216353662706709,0.97413952209892696,6.1523137257832001,11.135324698000344,-2.8033962896435538,,0.2929243449313504,0.2727272727272727,0,4
-0.98164852877564901,0.16852179853195351,0.089255640562152253,-0.18524122068505353,-0.95383584188082515,-0.23639559408459776,0.045297418378046767,-0.24859121095295011,0.9675487345478937,-15.832880860344259,-19.848639442609194,-0.020298886280959719,,0.4598927866389462,0.1666666666666667,0,2
-0.75207884383184154,0.64824379494520168,0.11898485187453217,-0.65596587572466269,-0.75374368929946767,-0.039739410237260131,0.06392325512157486,-0.10793717226364455,0.99210049102819764,-6.0222626877991177,3.578631216987854,-2.0872082862725287,,0.07884148805718873,0.2315112540192926,0,5
0.99616849295468002,0.077727894959978297,0.040083762167399825,-0.08175479176059447,0.99042874211558374,0.11120728760079038,-0.031056201773299708,-0.11405823572383395,0.99298853527872233,-15.875968167609535,-5.7424313024529692,-1.0236585193025522,,0.07641862886609321,0.3076923076923077,0,5
0.99783981434540869,-0.058753215918956256,0.029389871151473353,0.051082019735103741,0.97522419894509882,0.21524030536048047,-0.041307773686101661,-0.21327405236237915,0.97611876655560015,-7.7081085220139585,-6.671054359418255,-1.172595636624848,,0.3433288241922602,0.3529411764705883,0,3
0.49615475775407891,-0.86748849669526329,-0.035974497347197751,0.86629635416634654,0.49185560771426179,0.087227793266427503,-0.057974848995817375,-0.074443060532371472,0.99553862186380571,2.7987930291893526,13.076269391110372,-2.870568930412603,,0.06659764817011822,0.3214285714285715,0,3
-0.049142069968495794,-0.99833557490633629,0.030185043244083158,0.99744507912472491,-0.047484524443493173,0.053371659785393072,-0.051849504231804219,0.032730716686486312,0.99811839432810046,-3.1336031619533302,3.0167897057393209,-2.0905780859912224,0.4146397017169432,0.2842024398832431,0.8472468916518651,1,5
-0.015455663251730263,0.98727682155344643,0.15825801748023327,-0.99863751462831152,-0.023131668515096095,0.046776492907203045,0.049842119241049802,-0.15731943152399322,0.98628918660529208,7.7233362805690575,6.6052451937642012,-2.5151661834209773,,0.09757222545187674,0.3333333333333333,0,5
0.84263883261577144,0.53137294123496892,0.08719286146943743,-0.53839705114259784,0.82856440816334043,0.15365427701788506,0.0094028234528337178,-0.17641944010860117,0.9842701702596105,-21.97019076682923,5.2566780120638343,-1.6991743892122722,,0.1252972817549762,0.4,0,5
0.34581571936845945,-0.93814431184606473,-0.017226096149435315,0.93624461997038189,0.34378392381759915,0.072516379536569309,-0.062108774051590751,-0.041205143798436206,0.99721844964398809,-7.8510759864505308,-7.8452143361818489,-1.0760992940484317,0.104352168293575,0.1135356388654866,0.4594594594594595,1,6
-0.92674669106261531,-0.37513307675122126,0.020389834027188303,0.37544550220184164,-0.92673130398887815,0.014483269088206496,0.013462744181658264,0.021077593179414787,0.99968719586921895,-19.09710513369253,8.9525125592301968,-2.0946951646589489,0.3057960643470817,0.4125177715287482,0.9206349206349206,1,4
0.87882274464349208,0.46890236090410364,0.088324172432229564,-0.47710592105009586,0.86602776240062607,0.14955218102824797,-0.0063658146548674537,-0.1735698438379315,0.98480098787209602,-21.621704510322793,-16.529497884092152,-0.1130097018409532,,0.09064406466033539,0.3333333333333333,0,2
0.8165956833173168,-0.57418641551833194,-0.059003815315083238,0.57353689151140086,0.79563468807187199,0.19498942846271763,-0.065014798799709367,-0.19306839039829127,0.97902894368146642,-17.888503420216995,-18.509594897747427,-0.053837195170563519,,0.08648371291904033,0.2631578947368421,0,2
0.18201384799673917,0.95770139316913927,0.22288786566188332,-0.98220928512524974,0.16642638450967723,0.08698953243226358,0.046215574768324989,-0.23475583072828443,0.97095510740090663,-2.0317661887043883,2.5588786203066736,-2.0577854807661544,,0.0754978807155163,0.3372781065088757,0,2
0.83511205564229307,0.54657495440273463,0.061997368819589095,-0.55007116542901968,0.83041166256070265,0.088533517080991816,-0.0030931350542072154,-0.10803837236287329,0.99414191271302765,-4.3403967866185722,12.605883072770952,-2.7703786156336907,,0.07462477314890363,0.3142857142857143,0,5
0.25701720116213328,0.95850128954731195,0.1233589730944781,-0.9649813017367066,0.24760805449777096,0.086610268711975719,0.052471378915701312,-0.1412994312938651,0.98857535125589435,-0.68222700696086924,20.537578972760532,-3.2748587370338265,0.3026173769567491,0.2663188142550229,0.4897959183673469,1,5
0.97583725296633028,-0.21818536661313528,0.011696218150252831,0.2111883091310216,0.95556696377268391,0.20564842774170458,-0.056045997265698727,-0.19820929226993025,0.97855603960547222,-23.557205599611198,10.840610613671883,-2.2222365170490024,,0.3683171184690269,0.1627906976744186,0,2
0.98686511130642351,-0.15881760095999245,0.029567240511616508,0.15504674717793784,0.98255407866314115,0.10270340155985962,-0.045362520605670545,-0.096770099347565336,0.99427249262793194,-1.1767750498073122,4.890255164775458,-2.2869354356498,,0.07064031631906437,0.2,0,5
-0.93209735479573974,0.32889323569592149,0.15173582535529395,-0.35803559323986445,-0.9000182306011888,-0.24855119906949638,0.05481820095701493,-0.28600074143080984,0.9566600967662775,9.5199269390732546,23.60880816486927,-3.7164233737969199,,0.4728265335520706,0.4444444444444444,0,2
0.50193112548514185,-0.86465823423654287,-0.020767359874637643,0.86294408260622668,0.49903025441448967,0.079349325604619964,-0.058246506883393528,-0.057748966622386391,0.99663052396057428,-11.288771548127182,5.6875600861040967,-2.0785557573191444,0.369347051088785,0.3496832768194661,0.8651911468812877,1,5
-0.85614717919981353,-0.51673119454590977,0.00093815316455138961,0.51645845048352745,-0.85575153488784683,-0.030983535325222838,0.016812985230382525,-0.02604194924064682,0.9995194547418228,-8.6000005235450487,-11.844887244778468,-0.75928132497015055,,0.1479263533132206,0.2,0,4
-0.70991315953016221,-0.70428170508894838,-0.0032535830872413435,0.70420496989376491,-0.7098921154127994,0.012187897754008472,-0.010893406392115917,0.0063611596225811064,0.99992043150714305,-8.3976485096098834,-16.670122434997456,-0.42690632888378161,,0.1489376700485763,0.1428571428571428,0,2
0.53188848700752656,0.82737325328818367,0.18041102275684892,-0.84584165302371039,0.50887169580680103,0.16000467248436581,0.040577523322183,-0.23770380087419529,0.97048975659251502,1.2039376117360203,27.77434530340846,-3.6983585364527296,,0.2477286450268771,0.4,0,4
-0.80683828091375509,-0.57505782304961295,-0.1353531994508349,0.5899934888860453,-0.79610194946132817,-0.13464534576414658,-0.030326086529745069,-0.18849452568526881,0.98160589966772138,3.9701731227017154,-3.4502434161640343,-1.6686954582862048,0.740677052888387,0.6227392947093642,0.12,1,4
0.97518208710184862,-0.22121506667242347,0.0091537573049897125,0.21696025921731243,0.9630328672052384,0.15967448951794272,-0.044137771987722035,-0.15372570038732669,0.98712727959690494,-8.0414550845580663,-2.6001922983501968,-1.4966667147008383,,0.07857526643292959,0.3066666666666666,0,5
0.61104462554853933,-0.79141403753454209,0.016979010027716849,0.7889070508509467,0.61059524162887635,0.06927565241726405,-0.065193026512879337,-0.028935654363603066,0.9974530551362516,-9.4326218097280616,7.1977643234014819,-2.2415119145594109,0.4190424139612826,0.3876667815136409,0.9606986899563319,1,5
0.68134660840366612,0.72858391758520946,0.070230152021830347,-0.73183340368315197,0.67629400801497219,0.083942146604536791,0.013662667029300963,-0.10859046808644578,0.993992676919912,14.044067043418867,-4.7712864836721023,-1.8055655925390994,0.3436957712747795,0.3325823324754008,0.883495145631068,1,5
0.83283566142970955,0.54063247210552956,0.11874885749345748,-0.55351856759330009,0.81398388926047061,0.17620279042585932,-0.0013987066879370758,-0.21247766501320051,0.97716492235964891,0.31512588588001411,-6.6297530815528294,-1.3410639138172311,,0.08182906728117752,0.4615384615384616,0,1
0.89956463562991473,-0.43399454484117794,-0.049317353660945945,0.43550245736878729,0.88252704314799812,0.17743626387579658,-0.033482472276816735,-0.18109321677123164,0.98289580876595517,-18.356458119550563,-8.6349681415045705,-0.75364492651518145,,0.1197948225260697,0.2142857142857143,0,2
-0.6987493895479846,0.71261749830390331,0.062654542671745653,-0.71245303991493081,-0.70112590493164861,0.028864014789206541,0.064497724938897494,-0.024469706677102854,0.99761780103045616,12.183356538831552,3.2569285162220365,-2.3258030207457172,0.2075076903406959,0.2123642305010636,0.7058823529411765,1,5
0.39739232295847515,0.91272955352602581,0.094889956127346589,-0.91678975175154198,0.3904186620967276,0.084082217917636135,0.039697515501786164,-0.12040776721949484,0.99193047985037863,-17.149520233654815,-4.7946908787489395,-1.0815108003654517,,0.09086885360297156,0.5471698113207547,0,5
0.79507384168588469,0.6028158483617313,0.066862838937455607,-0.60651099959739541,0.78996895185236982,0.089963673094410654,0.0014119611248489851,-0.11208081045922193,0.99369809212485993,21.956562607280919,-2.1133547469877279,-2.169785963716421,0.2423404482044351,0.2292030668760606,0.7916666666666666,1,5
-0.99260369085185451,0.11113443615663271,0.048857445772623749,-0.11064787581362746,-0.99378028597774415,0.012561480005438594,0.049949579429757356,0.007062598823539829,0.99872676904779578,-19.679297716659804,3.9063797011904793,-1.6582449129610044,0.3286214671668172,0.2872625198760602,0.7262569832402235,1,5
0.99955803335519766,0.003368152013865448,0.029536308284933102,-0.0057600129153511405,0.99667520845973101,0.081273311074232413,-0.029164365350648386,-0.081407520498817915,0.99625411186098989,-10.176781386638705,-1.7965329473099776,-1.5119171189769576,0.1944633190935892,0.1907211834017631,0.7330827067669173,1,5
0.44117958933429929,-0.89168123860596515,-0.10131702064782384,0.89506659877031125,0.42904109855679112,0.12157104719023219,-0.064933456095967068,-0.1443201457431163,0.98739826909516049,2.5111230320782458,4.3908301188262904,-2.2601381971178491,,0.07466090720287581,0.3157894736842105,0,1
0.24702568963089422,0.95641951083174193,0.15569209344970941,-0.96805003289776015,0.23642895185848628,0.0835492940110419,0.043098056441409779,-0.1713565581571643,0.98426596380627895,-12.883165522270312,-14.25474248035176,-0.4806022841299436,,0.08131442616053576,0.5263157894736842,0,2
0.89259557342514206,-0.45080281604552225,0.007068475597326835,0.44715055212528698,0.88715291484087955,0.1140880774813197,-0.057702045335448766,-0.098673840174381716,0.99344549283256955,18.903245868966717,-10.954956258594033,-1.5231153495001881,,0.1166759926318123,0.2105263157894737,0,1
0.94675935494598351,0.31322353801704705,0.074415986550939506,-0.32103852081071227,0.93584065109444559,0.14538412538786821,-0.024103775180164638,-0.16153417901858741,0.98657271249049627,-14.20028062858186,-8.6842861264643911,-0.83948612440041259,,0.1251762249131751,0.4117647058823529,0,4
0.94423715817249765,-0.32841792210688253,-0.023619008559282832,0.32124229313281821,0.90311471838032209,0.28493366692548083,-0.07224664856652184,-0.27663238039649252,0.95825620159072056,-16.748813724260589,-9.9183650560552312,-0.67005860665319994,,0.6314205174687572,0.5128205128205128,1,2
-0.99911626209889726,-0.011942242164016853,0.040299846918113717,0.012141441345789032,-0.99991523567190177,0.0047017946842111361,0.040240280957942909,0.0051869377576461038,0.99917656871301963,-37.877047470751599,9.1470806520448225,-1.7318718863787355,,0.2778506232818027,0.2857142857142857,0,4
0.68935217057796738,0.72157747300788277,0.064183606684289726,-0.72430923552077231,0.68493685786431457,0.078978681163178521,0.013027519286485214,-0.10093290437968613,0.99480793752096774,19.323428075235494,-5.0768069632610917,-1.885508148904151,0.3566902867266577,0.3360465303489986,0.9240506329113924,1,5
0.95956211011526793,-0.28095251922312592,0.017499679234574173,0.27825199661538935,0.9560781225803312,0.092143637343111623,-0.042619047510279014,-0.08354822239550308,0.99559194016618446,-7.799215856439397,-20.577703804196222,-0.19074952172590864,,0.2324785153136962,0.4,1,4
-0.98156362157509236,0.18482329774401809,0.048715556154226701,-0.18529237119092218,-0.98266937991667125,-0.0052561347615227138,0.046899829198358139,-0.01418585158570811,0.99879886245227223,-28.760623678996616,5.1843012775254538,-1.5682605227679458,,0.07082538182674553,0.1428571428571428,0,1
-0.39626966550645953,0.91288704882170113,0.098018305907650496,-0.91628924711710358,-0.39997773639846718,0.020780423555166596,0.058175319655095495,-0.081578468232526485,0.99496763048044101,-8.7924559187997211,19.27614109591379,-3.0294880337036587,,0.1255486588332842,0.3333333333333333,0,4
0.99711286698091328,0.063810926954129071,0.041159398712319099,-0.068037507827006335,0.99147368756726084,0.11113426290064364,-0.033716880487300233,-0.11361378641271552,0.9929527075884188,-3.597624851466144,-4.6208856614001199,-1.4091558225490775,,0.0666132869363876,0.2888888888888889,0,5
0.96466906924466578,-0.26241449876651846,0.023499312324987798,0.25935853438712009,0.96153549666232163,0.090457942154949456,-0.046332898497671943,-0.081167231660688857,0.9956229924129637,11.003856740640147,-2.1629396877590792,-1.8939462986019224,,0.1292612409644973,0.5098039215686274,0,5
-0.33596862649841747,0.92849113063101374,0.15820651803357724,-0.94013299582477661,-0.34078911320658717,0.0035679800165525771,0.057227896783802516,-0.14753643841237851,0.98739959852649939,-21.225519382305343,12.844792301314145,-2.3846337364664776,,0.4446332489127917,0.9027777777777778,0,3
0.97842988292139377,-0.20472881555152142,-0.027587611156105172,0.20651291211986106,0.96597197904750065,0.15572589002099699,-0.0052327176690494144,-0.15806406225935143,0.98741499425918633,27.42595187693264,-3.0881931673776633,-2.2700809137741209,,0.2347034825082828,0.3461538461538461,0,5
0.57568714712981717,0.79354246833050879,0.19716657826684214,-0.81751535000416919,0.55390389114925409,0.15766778959976424,0.015904752028624413,-0.25195402422989444,0.96760849962020734,-23.075517207872881,-11.27248542071079,-0.41407136254744104,,0.2996190776915292,0.1363636363636364,0,2
-0.46815515147389913,-0.88191965455650478,-0.055213015271640214,0.88313302827425166,-0.46909832088544562,0.0047769983887896491,-0.030113261523807236,-0.046524060972701668,0.99846317069334478,2.6485749112169161,-12.155693680653435,-1.0072926820596648,,0.2821959337179984,0.1818181818181818,0,1
