axis_00,axis_01,axis_02,axis_10,axis_11,axis_12,axis_20,axis_21,axis_22,location_x,location_y,location_z,dbh,dbh_approximation,score,reconstructed,number_clusters
-0.40839943622605146,-0.90817727163035056,-0.09178204499952905,0.91204887326748396,-0.4100810989819389,-0.00058739192892395722,-0.037104625880828787,-0.083949601260622245,0.99577894694878266,-12.416039596894933,3.6625718029180518,-2.2164336823207007,0.2611138202140067,0.2684574674827616,0.8436911487758946,1,5
-0.40933122313924547,0.90952206942497449,0.072232644920702069,-0.91234459946875313,-0.40727509651008137,-0.041884693897693788,-0.0086764960398046671,-0.083045776482702519,0.99650796154614618,-3.7309789030621183,-22.154740927642443,-1.6258663235527184,,0.2429855579229693,0.5263157894736842,0,4
0.97119469722185847,0.23714249264631709,-0.023330200805707319,-0.23268862899392634,0.96491826955566817,0.12160894298784972,0.051350384858051899,-0.11267728812492192,0.99230386813503046,-16.334090013386451,-6.343303726800702,-2.4180013906539646,,0.2171667017518486,0.44,0,1
0.63361807801963754,-0.741391900323913,-0.2210569640178674,0.77352563638609517,0.61214746124358443,0.16411451960908241,0.013646283750028207,-0.27497915525932209,0.96135333936731238,15.392356253193276,-3.251048976564217,-0.19062328373708753,0.3338283993033984,0.2488026632841878,0.1666666666666667,1,5
0.99707972999808003,-0.039815955798736168,-0.065166722265201121,0.060103357801496789,0.93557057715002712,0.34798747326901219,0.047112614106436829,-0.35088799471483673,0.93523153109647661,-12.534076742229681,11.759734816141249,-2.0317884184679245,,0.3644374345815874,0.3043478260869565,0,2
0.74646878857174259,-0.65557946100055009,-0.11401718292636186,0.66478838936185303,0.74219703346121013,0.084852583290391567,0.028995604113530717,-0.13913710445315333,0.98984853442659804,17.848893164810747,1.4237124367194571,0.10830726938793622,,0.1048030401752243,0.2083333333333333,0,5
0.088638014568336351,-0.97161102358656515,-0.21935204858503493,0.99605380918558817,0.085469623696213887,0.023911349441393108,-0.0044845936565314189,-0.22060589808592099,0.9753527188404415,-11.187209412341414,12.923606053820611,-1.9081410724662533,,0.2334842814519053,0.2142857142857143,0,2
-0.1058249913474244,0.99397770844526645,0.028449715643810949,-0.9943327561701153,-0.10548350963450451,-0.01325138492117418,-0.010170605363462022,-0.029690811862991263,0.9995073859044048,-3.359548041494008,-17.621373090044745,-1.8565779752146472,0.4250709376295512,0.3454695602202164,0.8636363636363636,1,5
0.018577759515322031,-0.97865640988400193,-0.204661912050943,0.9997833889172385,0.020104602008207708,-0.0053833282692427797,0.0093830750052272191,-0.20451756983459554,0.97881792052066507,2.0342539731933202,-17.77402883082398,-1.366258573283232,0.4809467889846601,0.1823978184476469,0.2222222222222222,1,5
-0.360465965561937,-0.92914591071457353,-0.082171553921572715,0.93212407289726451,-0.36209883114605784,0.0053990006550449802,-0.034770683009037101,-0.07464792753348326,0.99660357540901923,-8.1412270109215754,5.3023757442320427,-1.9111565561871411,0.3696112923713584,0.3052152420622269,0.973404255319149,1,4
-0.80870118017191828,0.58571794705144486,0.05419305943005337,-0.58755706641810179,-0.79998280487379259,-0.12167253432231759,-0.027912271328268002,-0.13023823711991028,0.99108975713665681,-6.5158925979759799,-7.312672202638633,-1.9101304657213363,0.1765902294260233,0.1168464112651197,0.2972972972972973,1,4
0.603520371911061,0.79660215307596083,0.034469847737985407,-0.79724027200137992,0.60216578682642796,0.04247721595016523,0.013080878697642991,-0.053116615954467761,0.99850263681276563,-15.974024857526716,15.628927832531737,-2.1265424594496061,,0.3049096154020156,0.8837209302325582,0,2
-0.69124635663988498,-0.71022193449413973,-0.1332789488084562,0.72104266500525993,-0.69008169232641248,-0.062327627566173743,-0.047706914322746569,-0.13918355391107415,0.98911677199736425,-5.3394155971030139,-17.171539410415846,-1.9770272686642127,0.3048372279084827,0.2778425843793177,0.7638888888888888,1,5
-0.2515544221522284,0.93590202587293758,0.24659231671443294,-0.96782195733601717,-0.24493347583616665,-0.057690998544802481,0.0064055908346455333,-0.25316988442890814,0.96740062953479333,-28.677057296104216,1.6322145195727171,-3.2541369450251798,0.6268952110278778,0.4463116861704275,0.1388888888888889,1,2
-0.4423372937118159,0.89672167769737399,0.015098057468168219,-0.89680557778217829,-0.44208808942774758,-0.017259109041200926,-0.0088019458348148061,-0.021174369736291079,0.9997370513368955,-1.7828310554841278,-5.8366187389465622,-1.7184718332341298,0.1738972041517873,0.2064285370500899,0.8152173913043478,1,9
-0.97889389259047033,0.20374646870799959,-0.015941252714168814,-0.19958425859860976,-0.96984246150812226,-0.13989897632044976,-0.043964426172988201,-0.1337646303956567,0.99003745024438028,-1.0600300770480713,-9.6061526614739172,-1.6658079407682729,0.1451262712113647,0.1084303220391549,0.2682926829268293,1,5
-0.55754309460940654,0.82806109245008375,0.058826225645884613,-0.83004022842318481,-0.55492750377117761,-0.055575936856495908,-0.013375980433376075,-0.079814113593171601,0.99672001606207494,4.0740434349280639,2.6511893893728682,-0.9674604618050171,0.7266132064846208,0.7248663034771587,0.9911242603550295,1,5
0.78744320767869869,-0.61376030585261843,-0.0568461224744699,0.61602928791446954,0.78677443971988792,0.038650969393388704,0.021002645363712723,-0.065454319667667613,0.99763451269719494,-21.550122810055967,4.5434817582167435,-2.7928998508056861,0.5130893444738731,0.4804292197649923,0.6517857142857143,1,5
-0.22368586407736665,-0.97006167100063467,-0.094577950217890255,0.97440612153860684,-0.22479225760253896,0.0010729538867298835,-0.022301222389167926,-0.091917329037617568,0.99551688087271473,1.3009909706432887,11.861225170388984,-0.97807882521506306,0.3197958927886609,0.2674297272475492,0.8650793650793651,1,5
0.28230879072970688,-0.94876113779995053,-0.1419649607377643,0.9591856917225744,0.28166940003492896,0.025003157373638757,0.016265161278583566,-0.14322937018819698,0.98955585594956463,12.727831135955382,-0.84084537304420981,-0.40914732672476051,0.6116634380985528,0.2149517809025037,0.2666666666666667,1,5
-0.88326163277606839,0.46824680210001074,-0.024368430168305043,-0.46771586049429215,-0.88353782481025289,-0.024551699974768939,-0.033026684784249249,-0.010288073322078699,0.99940151772922681,-15.497053066832104,-2.2827964884958813,-2.405203388720865,0.1736582455418777,0.1606135286422007,0.7615384615384615,1,5
0.35821980917566576,0.93355376625534858,0.012487346579879724,-0.93354064201441733,0.35795826022397098,0.019176903940410432,0.013432722042139675,-0.018526992413351335,0.99973812197527856,-11.797892483959513,17.435534775156956,-1.7629347880196689,,0.0916790395951145,0.28,0,2
-0.58601716292941319,-0.78822397466182392,-0.18784794521229145,0.80910707145799976,-0.58178186789796749,-0.082919268579827232,-0.043927572990359237,-0.20058121535545204,0.97869175146095344,-6.8545942726629558,14.564290309446498,-1.5098556906323726,,0.1866210782883335,0.2,0,4
-0.1253027668511901,0.99081736561438272,0.050795320812180501,-0.99164295691581117,-0.12666355016570024,0.024506959392985715,0.030715836610853212,-0.047300032308626963,0.99840835549633689,-13.917275988393328,-28.992917239418119,-1.8864717651119201,,0.3292417165556561,0.3636363636363636,0,4
-0.99890226975825469,0.021524721585191652,-0.041604589079674341,-0.01097075059632514,-0.9709713003862418,-0.23894429572100179,-0.045540071400490857,-0.23822556577104043,0.97014157817810687,10.127921793838093,-14.627019977289505,-0.66895527007758404,,0.2162922938573653,0.1818181818181818,0,4
0.95484954104898312,-0.27108106217630301,-0.12156237776514114,0.28361120167257353,0.95357843002176768,0.10125642736666586,0.088470561456262836,-0.13116110523546753,0.98740555205499314,2.2312167411804258,10.988439791242028,-0.89141129738450753,0.6452219743320372,0.2348111866971451,0.3333333333333333,1,4
-0.17210472224045786,-0.96616247497784391,-0.1921198493837166,0.98484878255028041,-0.17297356404673744,-0.01237019200336721,-0.021280039750099448,-0.19133796822809718,0.9812935044229012,-31.764952020479495,0.012058043093973032,-3.4830529355866466,0.3920097352818402,0.3308032774912577,0.4054054054054054,1,5
0.87885193717319243,0.47665707848345212,-0.020427972453154426,-0.47411722343669194,0.87734244809033768,0.074047871134390125,0.053217769284410035,-0.055391861410078902,0.99704544065048417,-9.7407342412559696,-30.194289168236626,-1.6181989772650818,,0.2558034846147512,0.52,0,2
0.98627913874301221,-0.12238636886967098,-0.11079276689043716,0.14314823792639439,0.96830575781643091,0.20467667516870566,0.08223163903820889,-0.21772812426153013,0.97253916190899248,3.7427757569567621,-18.302591239571338,-1.207272561965701,0.4550333087390257,0.342337764658421,0.4705882352941176,1,5
-0.92845344989012124,0.3708912147631987,-0.020344488162895802,-0.36797460793197395,-0.92586244586919486,-0.085868616190211272,-0.05068411293927793,-0.072238757883774138,0.99609873132886173,-2.4769982956270877,5.9892007816012578,-1.5078234188669648,,0.1316419582764192,0.4262295081967213,1,2
-0.48072527152251904,-0.86559102767871798,-0.14019766803232744,0.8768477532240504,-0.47569920355354445,-0.069629630219179936,-0.0064211358447332648,-0.15640473311452532,0.98767217662230389,4.995696578641903,5.0502531316187547,-0.9302349257789444,0.5512560004437097,0.3238618090211953,0.1818181818181818,1,5
-0.91230305879955953,-0.38968140461670453,-0.12590286653178465,0.40652798423515429,-0.89885334196814215,-0.1636999317849735,-0.049377392991836369,-0.20052698703330463,0.9784430492024947,-3.0258936723882126,7.3700491937078727,-1.4330682922697946,,0.2646540046566306,0.2580645161290323,0,5
-0.55148327934839392,0.82033369145726154,0.15138965373909236,-0.83411559439138505,-0.54463668788729191,-0.087304372171532585,0.010833641689031335,-0.17442337247989867,0.98461115133868504,-12.625308072328906,-8.2250723128027676,-2.2278559395307234,,0.3860694955128786,0.1739130434782609,0,3
-0.93461375724951101,-0.3420953075181179,-0.097303264765555952,0.35333516707638446,-0.92432868748010422,-0.14412056483517885,-0.040637230061300038,-0.16907772791054373,0.98476461017725081,-6.5248478174755409,-13.232114898363337,-1.9547325727370488,0.4518460351862942,0.4336595227501079,0.8029197080291971,1,5
0.53178604492541326,-0.84362681859099831,-0.074144408936997697,0.84683713353257251,0.5305858646520607,0.036681187300312695,0.0083947419806495727,-0.082294782249275597,0.99657267528345495,2.1064086604491981,5.5298921299017643,-1.1344677639816423,,0.06831686767056813,0.35,0,5
0.44776751257726777,0.88699415079305821,0.11289655060836698,-0.8931974467016589,0.43788425889176597,0.10225310274239084,0.041262281638360786,-0.14662452821308614,0.98833125612837247,0.20201234165912274,9.8949761302520756,-1.0162296624153406,0.1477857963267347,0.2097207177165765,0.2972972972972973,1,5
-0.092676755086903401,-0.99062901927930191,-0.10032529705060139,0.99568141961302925,-0.092753640911956342,-0.0039080346671034596,-0.0054341240274346147,-0.10025421816215589,0.99494701468809399,-10.820150693775823,-3.4099113765709825,-2.1233463561134966,0.2587548339919654,0.2267117364249756,0.5230769230769231,1,5
-0.46725927796662436,0.88388694124035461,0.020313597881239365,-0.8839890500954054,-0.4666706253768601,-0.027962237424693226,-0.015235697080656609,-0.031022612964450275,0.99940255704061842,-6.3002394255380558,19.111989389287974,-1.4331215437676654,0.228333468776704,0.2220458143312319,0.5957446808510638,1,5
0.19993661941253063,0.96631067780094959,0.16207721056878391,-0.97973588825610136,0.19918597354519563,0.021036568300949694,-0.011955646403136238,-0.16299884021281147,0.98655382043168927,11.758470656101666,-7.4486914398598678,-0.69353662047607578,,0.4117393715164736,0.5185185185185185,0,2
-0.83810127539878854,-0.53622622384029706,-0.1002381615997623,0.5442059105541508,-0.83457509700726107,-0.085582325121774244,-0.037764786413429501,-0.12627685584182552,0.99127593362587585,3.364470414745413,15.319146735439469,-0.89371316040505522,,0.09028377034624344,0.1904761904761905,0,5
-0.80476599822936612,-0.58818095206111354,-0.079967841826415961,0.59203584353245819,-0.80508803299978193,-0.036425528044953748,-0.042956350714457199,-0.076657855129301317,0.99613168064281177,-7.5589157713629342,20.200043875750769,-1.5023968984662661,0.2556297336372917,0.2940224341576315,0.9367088607594937,1,5
0.5699328656392979,-0.81301284179113209,-0.11910771489238281,0.82161053502643655,0.56588986479932846,0.068737105343256125,0.011517699325390408,-0.13703568878253922,0.99049914820869223,-6.6760973628219462,17.27396528541172,-1.468962638271569,,0.1624056261990125,0.3157894736842105,0,5
0.78624340987968555,-0.61163532153215749,-0.087883638266857605,0.61758246899499147,0.78250815007152696,0.079201572343530854,0.020327184035566059,-0.1165471086123189,0.99297712816725736,-17.106083135546658,-3.4613143901707417,-2.4820144277484317,0.1492078930707426,0.1673462163723047,0.4347826086956522,1,5
-0.0032411834032755639,0.99818825348334628,0.060080823379947905,-0.99987856237313455,-0.0041507861025238107,0.015021034630286935,0.015243202969832654,-0.060024841379192846,0.99808048932970472,-12.885797479204301,-10.187208496890156,-2.2713826872344449,,0.1256384621647279,0.2888888888888889,0,3
-0.4873097111000641,-0.86373196575469235,-0.12843806601279825,0.87257816126715071,-0.48732895659037334,-0.033434122512450225,-0.033713468335540585,-0.12836502406058264,0.99115378355264128,-1.5836540133251531,22.246461007707708,-1.1664357793587148,0.2944455578171599,0.2622042651530893,0.45,1,5
-0.88460052598777839,-0.4565361622317286,-0.095166391109841236,0.4621481177248723,-0.88551467723352772,-0.047779427449056742,-0.062458199665889017,-0.086246675174912621,0.99431407729940646,28.235940248097958,4.1559639537762196,0.84926073397885726,0.3541284643339865,0.1530245644003721,0.2142857142857143,1,5
-0.31219618808067445,-0.94734634172150001,-0.07119304021312188,0.94940922353337398,-0.31380053540856873,0.012302448823387451,-0.033995094023293489,-0.063750551403001163,0.99738668568322153,-11.575307278244702,5.0194714720029667,-2.1448488154524208,0.4133447717853431,0.2987819063104585,0.9575163398692811,1,6
-0.67741253600876539,0.73526302041214264,-0.022372904875890668,-0.73309345005400506,-0.67729919735089195,-0.061966045184061277,-0.060714492059876828,-0.02557514579137193,0.99782747124523541,-8.9633655872385649,7.6535404083319536,-1.9113089491881192,0.2132190044273748,0.1534457035703639,0.2571428571428571,1,4
-0.10771779321827082,-0.98121735685930844,-0.16002929613735875,0.99391685558123732,-0.10999872646105292,0.0054373126130852151,-0.022938204282197425,-0.15847011950200282,0.98709729004254154,-14.115521811515519,8.5421839301666331,-2.288115627244772,,0.08546164508036506,0.1923076923076923,0,2
0.088283777924744705,-0.99190269501779316,-0.091296320691331603,0.9959811801041456,0.086514367575252007,0.023167932178102181,-0.015081890918891049,-0.092974769800706028,0.99555423194661685,5.4672837425876679,-2.7818787183367006,-0.95797065672946713,0.1650990592958261,0.114219647954168,0.5128205128205128,1,5
0.84298472348049514,-0.51585036532889328,-0.15256197615578787,0.53691140190134345,0.824339319990949,0.17941803706760537,0.033209975712820403,-0.23315892885949205,0.97187139653672672,-2.2253566158161906,-13.522818071643197,-1.7903395522103949,0.321469863429672,0.1469320789987295,0.4571428571428571,1,4
0.56536768778352031,-0.82031530158553823,-0.0862680914066392,0.82478409483764914,0.5634363330987362,0.047651814730298357,0.0095170643140005031,-0.098093345996953921,0.9951317103569588,-16.127771435402675,11.727671549969767,-2.2831079103974892,,0.08546577654499869,0.4545454545454545,0,3
0.35159531105508768,0.90623493124913657,0.23477433127995115,-0.93549972001511417,0.33076109029842399,0.12424723335447027,0.034942969188643813,-0.26331606583812905,0.96407657287987836,-37.742789021766221,1.3806128387637446,-3.9619773261861284,,0.3545900289664433,0.1818181818181818,0,1
-0.67859330150647812,0.72898343946009725,0.089968195177322713,-0.73434969127816219,-0.670740403923614,-0.10410495408027137,-0.015545483916755712,-0.136713040845832,0.99048870886672924,-17.452913306007957,-22.944547565084971,-2.25290322001428,,0.1570700927937581,0.5714285714285714,0,2
-0.81814931341516406,-0.54689091465580153,-0.17760075570007275,0.56974688776755766,-0.81270690652601285,-0.12204903917729651,-0.077589850093154764,-0.20104181543116836,0.97650499415551506,0.81109070938824768,-5.966504038337999,-1.59042058943264,,0.7729592316472668,0.4322033898305085,0,2
0.31140421235631005,-0.94730980108819418,-0.07504370252720928,0.95027208075475877,0.31016204560146282,0.027972808338412279,-0.0032232072175926219,-0.080022785696089602,0.99678782331280047,-17.16902911910055,-5.6743463826447851,-2.4535840704760532,,0.1149535300949988,0.5714285714285714,0,1
0.7718488980374395,0.63568029883484811,0.012642637051945937,-0.63391796772092368,0.7678734649600335,0.092294918662109329,0.04896211595675784,-0.079252126050407101,0.99565145091920926,-14.215627969052816,-2.4951334994276815,-2.3346943849852702,,0.08029796385997079,0.2575757575757576,0,5
0.87883357478458768,-0.46502581107384361,-0.10678268991955425,0.47455779775688023,0.87512718415601043,0.094590211646403841,0.049461544855388478,-0.13380361200761939,0.98977277644630757,22.916885996581364,2.2354214892567601,0.51879513712287351,0.2094575206415113,0.1776438952936528,0.5263157894736842,1,5
-0.54262664719915521,-0.83713545686143576,-0.068996729015213545,0.83901323540200623,-0.54410199260155045,0.0031324857988930454,-0.040163572670535198,-0.056189398576757484,0.99761196811080866,-23.109695174012927,-2.3671165374678398,-2.8791846490000879,0.2294932747095947,0.1980478561944332,0.7142857142857143,1,5
-0.71363810985797005,-0.68294838973677818,-0.15589145298664056,0.69940448803308897,-0.70716353105135221,-0.10369716712695738,-0.039420937045137529,-0.18303343221096363,0.98231601453684858,22.644069694610607,-14.78819484217496,0.43882512447664973,,0.2881602018906147,0.125,0,4
-0.18946783818180479,-0.9729058604534655,-0.1324995282633713,0.98148760415573155,-0.19150665389767457,0.0026989630524933339,-0.028000378271656735,-0.12953527785209246,0.99117939375696562,-11.76356691182594,23.825162851709184,-1.7962376263404445,,0.08797150560379759,0.375,0,1
0.86370318817976588,0.50244716745342566,-0.039542972145995163,-0.50159687996764113,0.8645876927192977,0.029810930965852158,0.04916678487391142,-0.005913164664734895,0.99877307820586148,-3.2989556697727576,9.1822456857881232,-1.2848210865223919,0.2403865301278142,0.2546712086685919,0.7510373443983402,1,5
-0.92769895093319321,0.37031449844597597,0.047347953262630416,-0.37288580152641343,-0.91293585036618352,-0.16584424058790889,-0.018188882798547409,-0.17150890751468612,0.9850146492238897,4.2269698626567003,-14.053077280050678,-1.3552703932870998,0.4578107699008747,0.3125708100116482,0.5833333333333334,1,6
-0.96562627536900647,0.25992846190048413,0.0017581271369196405,-0.2565705355899997,-0.95202345182977144,-0.16680200068700965,-0.041682809214852033,-0.16151947826865021,0.98598884453921842,-19.887394802188709,13.265212240803809,-2.5559220010828705,,0.4761855874103977,0.53125,0,1
0.47931080461259179,0.87196677581831339,0.099674943946038375,-0.87661227608906245,0.47014060598241059,0.10256085031066316,0.04256841542252035,-0.13653480316574185,0.98972025215861337,-0.022319132983127318,-24.265568235660396,-1.2261338136554381,,0.3652026203688026,0.4722222222222222,0,4
-0.00935726673123158,-0.96874473426318386,-0.24788320111833811,0.99976298670312003,-0.013936605091138447,0.016725473296485088,-0.019657364466742943,-0.24766794478875842,0.96864553741104631,-24.34735424406507,1.7203658861312088,-2.9926201333476312,,0.1080505810334174,0.2222222222222222,0,1
-0.68690449203444026,0.72416276570845217,0.061241387838562998,-0.7255170251044617,-0.67840022063875094,-0.11575053745389816,-0.042276058312950213,-0.12394123365038609,0.9913885744221288,8.5254810318203127,6.4268614374763828,-0.55381512388099197,0.6909550382411617,0.6899856240189794,0.4767441860465116,1,5
0.90147293707848009,-0.41839020907265517,-0.11088812680913471,0.43105640685786317,0.89101005141732847,0.1424481041645636,0.039203543486363214,-0.17621214834803514,0.98357122820499554,-4.5855630151364357,-17.767549743722849,-1.9228208472122266,0.2070015312928841,0.1365627041099781,0.3333333333333333,1,5
-0.98822054325507491,0.14959713488191129,-0.032262286400193574,-0.14412730710036153,-0.98065381053239187,-0.13245913798714806,-0.051453641626642246,-0.12624896484099785,0.990663273589939,-1.8538136218712051,15.240951735188466,-1.2032336685946545,,0.1877641678616649,0.2857142857142857,0,5
-0.99016813352124999,0.13857013059179993,-0.019115079566005354,-0.13751486903927004,-0.98931326249164864,-0.04846575544900087,-0.025626707790030488,-0.045360638949440084,0.99864191995026053,-11.486254432355247,15.995633786436869,-1.7482252348440011,0.6344453480517989,0.3946459298697982,0.28,1,6
-0.67005922209558344,-0.71593993318681859,-0.19608837536456339,0.73915542155837366,-0.66783208075456058,-0.087461847087148159,-0.068336678771529158,-0.203544402977548,0.97667792764605332,10.054663033611225,10.889182964253559,-0.39624530339489045,,0.2863274881571938,0.2962962962962963,0,5
-0.89769264904297585,-0.423397103603526,-0.12199508397616225,0.43776173297074311,-0.88849660779791861,-0.13761701594659337,-0.050125572322494413,-0.17694256297380295,0.98294392332808378,-15.625026508094068,17.178136657769215,-2.0365817872548773,,0.2174774859695634,0.2,0,2
0.39094439617488302,-0.91760258946885442,-0.071888572802004932,0.92041422666839923,0.38971944954947119,0.0309257496153265,-0.00036117290699458354,-0.078257513651471738,0.9969331126566221,-21.827260532654666,2.5015681003050747,-2.8332923542111415,,0.08313467961470146,0.375,1,5
0.75218946825942579,0.64560831399852769,0.13191250409108765,-0.65712755612814133,0.72006314596028975,0.22291801364364366,0.048932390261045476,-0.25435992358417953,0.96587092846694156,-16.914709188198195,9.5063411572480145,-2.4419773781970879,,0.519921169586085,0.2142857142857143,0,1
0.50929586254280479,-0.84562514013247625,-0.15979939540784369,0.86051505699837738,0.49791953408112433,0.10765674274989726,-0.011470007666168932,-0.19233891950504439,0.98126152424711532,-2.9221888687140813,12.893267455699259,-1.2699160317129958,0.7838815331376766,0.6367276426324386,0.7202797202797203,1,5
0.43247865594056378,-0.87360345504113801,-0.22311256238954869,0.90162024737589741,0.41721503967191881,0.1140725216403376,-0.0065682324615949214,-0.25049673453309923,0.96809516283812969,5.7681465569697545,14.811142843853842,-0.71856784950575314,,0.586128217522515,0.6363636363636364,0,3
-0.76484214286562835,-0.62784184794561837,-0.144329866850017,0.63943238809321223,-0.76711961679706542,-0.051514217285467755,-0.078375490774376361,-0.13168943576974451,0.98818782372204994,-30.527683266061963,0.33718996505651438,-3.3747238592470783,,0.2920650248397609,0.2142857142857143,0,3
0.98775088554310408,-0.14226689158548242,-0.064096175138770459,0.14868851249708159,0.98273711442052647,0.11008855613470496,0.047327733520849569,-0.11827043374835265,0.99185290751237787,16.663939315405774,12.743956213117515,0.02219318995844238,0.3386662593073723,0.3950744471427622,0.7878787878787878,1,5
-0.4369967989335416,0.86860290252720429,0.2335868049423028,-0.89945496828949967,-0.42089823377203628,-0.11758161772537278,-0.0038154608074346418,-0.26148360279163974,0.96520037698393535,-18.397080628681913,12.114407377050327,-2.4388010379241991,,0.340086338383176,0.1875,0,1
0.83018457624530173,0.5571682229264423,-0.018898167249783708,-0.55426617841740522,0.82855102130309888,0.079323442689780643,0.059854597375437586,-0.05537848371510342,0.99666978017518038,-6.5928961491783253,6.5301506632171549,-1.8074733741404108,,0.08723727668075132,0.2461538461538462,0,5
0.030577724872450376,0.99935140433959613,-0.019020341377101891,-0.99944478657092872,0.030821446789353786,0.012655315642122956,0.013233341898986129,0.018622810268264931,0.9997390007396415,-4.2863641778966857,-8.6724022770797795,-1.81166163365549,0.1745470881376218,0.1459656779712983,0.3333333333333333,1,5
0.90888930259362244,0.41655832328418668,0.01998496768933895,-0.41534868663784935,0.89986059351726766,0.13317800397574142,0.03749272114811765,-0.12934479323658915,0.99089061975754511,-13.04816708782349,-6.2493308037480757,-2.1995246317359358,,0.2098499617233169,0.375,0,3
0.86756326646690074,0.49635657567194608,0.031050418105097278,-0.49583067488029653,0.85842652526762209,0.13136149574630446,0.038547639681715061,-0.12936015810200754,0.99084813617970369,-6.9804170557135778,10.261831839744854,-1.5761862529500925,0.626497766142398,0.3216988866873638,0.2631578947368421,1,5
0.93246756016735821,-0.34841416836443306,-0.095455835434267944,0.35923434692547235,0.92219867899918084,0.14317918997254661,0.038143586938867095,-0.16780096464289393,0.98508268842790614,10.88944938572104,-6.6447007881420603,-0.75241338767713239,,0.09967118591898344,0.1904761904761905,0,2
0.26515819684515124,0.96028157697017136,0.086893173365406598,-0.96304211084080271,0.25933623482773849,0.072764071166094416,0.047339448593328386,-0.10297577500099088,0.99355672529042172,-15.918303494522451,-30.555552010752798,-1.9263534283685937,,0.3932360101157438,0.2857142857142857,0,4
-0.6672668660208434,0.73686339053370309,0.10856920927176701,-0.74406807402997333,-0.6529318856799663,-0.14157208012786054,-0.033430984431326707,-0.1752492406647701,0.98395633690035966,-39.574043137930907,-2.2143755329333414,-4.0457690794081316,,0.3588850349676851,0.1851851851851852,0,2
-0.88800129445548548,0.45874238144090534,-0.031766783206797176,-0.45783854962653681,-0.88846212767105615,-0.031920372336295182,-0.042866811419208672,-0.013801274004430559,0.99898546601770111,7.1703366343324273,14.897033236516616,-0.64144063732714707,0.2436189995812407,0.2517386840906348,0.5909090909090909,1,5
-0.41008795963269357,-0.8928348458273303,-0.18620903157683213,0.91023488789031715,-0.4135128991353611,-0.021898198920704274,-0.057448361435260636,-0.17847414469652478,0.98226608688442874,9.2013555612880111,-4.8985389170576701,-0.83219394777184919,,0.1572093240637273,0.4827586206896552,0,4
-0.64139498043462273,-0.74760211224285467,-0.17234721014072779,0.76427477228200347,-0.64224432472920889,-0.058363514342562123,-0.067056330995379179,-0.16915468992358679,0.98330572018589102,13.866292645911013,22.464259420754743,-0.17838474631907791,0.4788847929114426,0.3222396595666291,0.2727272727272727,1,5
0.89096318576445177,-0.4161389146079858,-0.1816948137987025,0.45230352685313496,0.84865576803602927,0.2742351308191408,0.040076442066044951,-0.32651461089522993,0.94434214544478656,-26.69428959183842,0.90826761264408151,-3.1204586050689165,,0.3498209717069296,0.2380952380952381,0,5
0.96312398290681089,-0.24842425330337051,-0.10333239530942746,0.26627614535456234,0.93515259932703232,0.2336378188286542,0.03859025738236295,-0.25253713854116155,0.96681734867171565,4.7487464982355867,6.9462954088405411,-0.83008624703178002,,0.2920795251919002,0.25,0,5
-0.17963637202843558,-0.97560576666898924,-0.12619097387164915,0.98300328890372701,-0.18296032489169373,0.015167515287022973,-0.037885456958015817,-0.12132150492694875,0.99189000629774615,-13.396296564448594,14.870154591193572,-1.9442794776732999,0.4947096866268826,0.446290240919103,0.6764705882352942,1,5
-0.0045101656559793724,-0.99560410592949022,-0.093552780087480206,0.99980463025164379,-0.0062899883548793575,0.018738659873893591,-0.019244732607381475,-0.093449988244174179,0.99543796389530703,-4.1287557064985707,7.1214805389401503,-1.5286763282165463,,0.101661867274244,0.3516483516483517,0,5
-0.16431084628064832,-0.97982392453850542,-0.11378498449488049,0.98605755192093503,-0.16623318552287389,0.0075519752788230036,-0.026314446492968911,-0.11095767180722939,0.99347669573719222,-0.43770976484117635,2.1971996442743298,-1.3465492917114157,0.9121659420636181,0.812275503228028,0.9946788293424553,1,5
-0.81207877378291005,-0.57577893245234535,-0.094903562184368809,0.58083628820255662,-0.81320397439012504,-0.036448626080850303,-0.056189602937922384,-0.084722588370178029,0.99481898430897264,-11.432728226990717,-25.847453058090302,-1.8938961408491457,,0.1836094204071778,0.2608695652173913,0,2
-0.25246919436471482,0.96721933966963247,0.027314004940171919,-0.96760164282813022,-0.25244133824994475,-0.0045201259805428655,0.0025232306939383868,-0.027570268617060724,0.99961668333179021,16.087687161206457,-0.25038962173394497,-0.11664569525618215,,0.07911367089013292,0.5555555555555556,0,5
0.48527532100428944,-0.87138548241189917,-0.072077762631515871,0.87433627774907297,0.48423470101922317,0.032447307141257244,0.0066284414517551113,-0.07876608007641922,0.99687108915512024,-18.289633846810247,9.2330849261234214,-2.5386161426075846,0.2970073393298956,0.2056472552701732,0.8461538461538461,1,1
0.93264608669718219,-0.34946655194228426,-0.08969061289790814,0.35804147833256417,0.92712080806527997,0.11069465680787843,0.044469953472695029,-0.13535189812467621,0.98979911442281243,-11.808526597505248,9.692431805939739,-2.0090308318216628,,0.4174682535441643,0.4976525821596244,0,4
-0.16784984515998827,0.98574743249045427,0.011332643921227441,-0.98575660408127552,-0.16795172121415947,0.008725643320276831,0.010504617552267699,-0.0097066307068217304,0.99989771193377697,-4.1615633673925556,15.434147169062228,-1.3140188495752911,,0.08563020768523857,0.2580645161290323,0,5
0.51305622866981804,-0.85033840276406558,-0.1170380579459621,0.85832468220847535,0.50710058560791038,0.078279856846032364,-0.0072143007162449339,-0.14061862202700356,0.99003755333037946,-10.373864452194695,-28.201810039386892,-1.7715010995064449,0.2799497375126047,0.2948323163886802,0.4705882352941176,1,4
0.026750107185732945,0.99955602762767493,-0.01312171477877306,-0.99942691685442486,0.027014421274769537,0.020397522154631934,0.020742941749212526,0.012568559041232524,0.99970583757984388,-0.26739851224169475,4.1415368332828315,-1.2930585404249426,,0.07186771907640213,0.2553191489361702,0,5
0.43310095077037758,0.8952254920308973,0.10485649650752624,-0.90055756261434128,0.42492131699082453,0.09185831908379602,0.037678148307900602,-0.13421323625045781,0.99023591348489648,6.5504207517281579,-13.742264788185041,-1.0985423464114625,,0.2252843612723248,0.2941176470588235,0,5
-0.47551915777980586,-0.87756092696137888,-0.061386888299298357,0.87878524916442657,-0.47705459288815183,0.012466003984331233,-0.040224575018286163,-0.048018068214018814,0.99803619608188232,-5.3511972591836177,10.600258642740387,-1.4342522474696358,0.1609435925240176,0.1611119484046653,0.625,1,5
0.78325209967609533,-0.60546947824998842,-0.14114835904350459,0.62042946740167515,0.77576611379349902,0.11512694154456381,0.039792264734005059,-0.17774601992004879,0.9832715434049335,-12.986759476899188,5.7094020653365911,-2.2479428892313393,,0.2706843073190457,0.1830985915492958,0,2
-0.90226816231523932,-0.40218220833457147,-0.15544013179166274,0.42805534655803562,-0.87879785758116702,-0.21090980487836997,-0.051776283715251004,-0.25683418154497933,0.96506757257445952,-4.8657335550025316,21.836917591548403,-1.3914803476057693,,0.5941287862017475,0.2380952380952381,0,1
-0.64673351023957648,0.76041130606532248,0.059248732823810463,-0.76215912522459084,-0.6413404133749141,-0.088294631824261574,-0.029141629502881041,-0.10226005955467662,0.99433075264209358,-0.10915206991163143,10.909979271304445,-1.0612396233401951,0.477480489108313,0.2392548915398389,0.2121212121212121,1,5
-0.48941434570432879,0.87053042049355334,0.051481892099283465,-0.87149363072063113,-0.4861372054224829,-0.064571426477911684,-0.031184127888677544,-0.076468323502854596,0.99658423912305927,-4.8710584103463885,-23.824378214189064,-1.5923082968886539,0.2738284384748952,0.3140364857692063,0.3333333333333333,1,5
0.36551333486678095,-0.8912329234284061,-0.26852165318986848,0.93074401076083424,0.34661810485887223,0.11649667727827533,-0.010751207718169358,-0.29250600947894978,0.95620324510602883,-15.538079164498502,3.4409175701270187,-2.4458357743459946,,0.2884731227735137,0.6344086021505376,0,5
-0.90644692336809418,-0.41697528951863405,-0.066974495499164066,0.41916100263843303,-0.90764187520517603,-0.022142272719286898,-0.051556076108056688,-0.048143891667407727,0.99750896572986125,3.8720123950238925,3.6228211875695115,-0.9676431047802756,,0.06948125338551574,0.2857142857142857,0,5
-0.95974826715942796,-0.27467282786495861,-0.058635324823378562,0.27618677159994964,-0.96090935002345268,-0.019341360621832275,-0.05103068564769208,-0.034757138405992406,0.99809208515655212,2.0081298561526184,17.137030626123792,-0.94409751064917513,0.3551304332848141,0.2325048899214387,0.6206896551724138,1,5
-0.08228860457462514,0.99596989871588326,0.035672768452044153,-0.99619847671081785,-0.083228743096436825,0.025721028782542066,0.028586370112450615,-0.033420610025244962,0.99903247308049703,5.9155820769443004,-6.8354816114542531,-1.2245521751894424,,0.1788077346048126,0.2592592592592592,0,4
-0.17667057827140412,-0.98139796830847403,-0.075136772443636729,0.98388257223152076,-0.1782274693137198,0.014493213622703734,-0.02761504720861235,-0.071365236509285696,0.99706790750963403,-3.2142041369862735,-5.2229858811086878,-1.7473548416262821,0.4408238634196033,0.3901705183566204,0.9627862595419847,1,5
-0.083018024602791451,-0.98131595441230168,-0.17357132599287176,0.99632272385819087,-0.085434211756669751,0.0064826989218586496,-0.02119050529943229,-0.17239487543830867,0.98479996415910009,-8.2854840811554258,13.495485348002438,-1.6340865077027704,,0.09480049281398412,0.4583333333333333,0,4
0.79848534826965156,-0.5948885587429481,-0.092351238624247545,0.60136967730715851,0.79528618548730945,0.076644597908334028,0.027850669905384498,-0.11673682302420356,0.99277230739784372,-13.109510256907971,10.638782219501167,-2.0686666281927226,,0.08641657747343279,0.4615384615384616,0,2
0.93278059785804968,-0.33480224963844069,-0.13352082195903894,0.35545062483722994,0.91586723088963973,0.18666030291780172,0.059793056138660816,-0.2215731685461528,0.9733088520187293,0.35168725719654975,13.470381605023151,-1.0614761902945788,,0.2855604641659033,0.1764705882352941,0,5
0.99808223891068393,-0.039358349022919736,-0.047778287257154169,0.041359518389877795,0.9982760773604995,0.041644490731574405,0.046056862784979925,-0.043540713498114121,0.99798946470315097,18.435895979245462,-0.82669661135682349,0.077525869104235645,0.2199826385031565,0.2004480546421489,0.7857142857142857,1,5
-0.97609939145601265,0.21721674949140471,-0.006845563496949883,-0.21289788721804684,-0.96206789483898159,-0.17058679708049812,-0.043640206430472769,-0.16505226281538679,0.98531887372678861,-6.5527157911519485,-12.766227963682214,-1.9476088730543901,0.4633500237969769,0.4308638438184333,0.6402439024390244,1,2
-0.41836857540418543,-0.90650664169646977,-0.056687244371741934,0.90770115658774719,-0.41951079921426571,0.0094498503625612025,-0.032347263308343359,-0.047501556846034944,0.99834726255630357,3.5221762302955293,6.0751487743738899,-0.99566488459124469,,0.08261775030654772,0.1794871794871795,0,5
-0.95373972695189346,-0.29119622173773535,-0.074734822401582746,0.29471519224113457,-0.95469761006992793,-0.041175584865785556,-0.059358981595033312,-0.061296278618168332,0.99635298841904674,-6.0902065356849429,29.479106361968363,-1.4187213889580839,0.6571892911996803,0.5433933350785248,0.6666666666666666,1,5
0.34067268466820688,-0.92043771440655409,-0.19166777459707771,0.9401363567672848,0.33149429409457382,0.07908959265970178,-0.0092602702603051118,-0.20713750718008528,0.97826801057477464,-0.03181817137118808,-12.310619940187769,-1.6313232190885107,0.2907113743644586,0.25237939492319,0.2461538461538462,1,6
-0.41958154941678411,0.90633894225217204,0.050010450370145725,-0.90770584781295161,-0.41865792267787,-0.028207049211530239,-0.0046278758822833619,-0.057229935665389975,0.9983502978556944,-2.3952013437182211,-6.3875569395903966,-1.7512347967173163,,0.07982078819113236,0.2571428571428571,0,5
-0.74542354922023368,-0.63651920664387585,-0.19795714647711116,0.66408530942353439,-0.73484497559434214,-0.13781713845381896,-0.057744558841144343,-0.23419257336047439,0.97047380413231166,-7.4685126448910362,14.155073311793963,-1.5487416766495297,,0.16497819332558,0.16,0,4
0.99853081458489634,0.03037913576630798,-0.044870039386164955,-0.023845576947796789,0.98992501302259084,0.1395702584802743,0.048657998154984443,-0.13829525191529934,0.98919503765093475,-20.357964775667909,4.9977095586648375,-2.7223733494750784,,0.08324664852897434,0.125,0,1
0.41852772101984825,-0.89999248197681292,-0.12185269436146293,0.90816866307313493,0.4159113738892275,0.047406840028942229,0.0080141219036547369,-0.13050387524817483,0.99141540859284727,-14.079893743643092,-1.1999995842408142,-2.3314464357107347,0.2256660513656348,0.2100481146042561,0.8092485549132948,1,6
0.97854259698843371,-0.19908689799624357,-0.053092305707741018,0.20541943617955763,0.96268788939477767,0.17616720140905984,0.016038738067678308,-0.18329330227496279,0.98292742571480574,-9.8499866343017395,18.96268983510161,-1.6433449740914396,,0.1501141853901882,0.5,0,3
0.67949718656907121,-0.72743912772001706,-0.095477164320365501,0.7334535868580756,0.67673202550991218,0.063871758816203827,0.018149638281261038,-0.11342874905063872,0.9933803448423304,-14.009194081711222,10.909550573230105,-2.126110500406341,,0.07594500479602308,0.2222222222222222,0,3
0.87810697516445757,0.47757901222482979,-0.029093422794201268,-0.4757856203759927,0.87800032940048134,0.052378096720644897,0.050558714490758397,-0.032151339863236802,0.99820344005319894,-10.199877341284374,21.544054520662058,-1.6831608145453176,,0.1219239155203694,0.4,0,3
-0.99482277733534663,-0.080380586475977372,-0.062182015185792403,0.085721903995592472,-0.99236961368223175,-0.088624517011657133,-0.054583851734360214,-0.093496048889549432,0.99412227214356552,-25.486962961760796,0.7316483794173374,-3.0417839115963532,0.7190843520137747,0.2990947743465828,0.3863636363636364,1,4
0.74637151775766331,-0.65415268121117598,-0.12253092321676216,0.66512326493906559,0.73959693623269529,0.10299230239201582,0.023250804651031552,-0.15836868875961579,0.98710625492073545,-17.365806649443808,16.193387815765668,-2.2026576396397375,,0.1110465828589823,0.4,0,1
-0.083313539850033189,-0.98654552904984127,-0.14066546551811385,0.99615346681367034,-0.086294499309635092,0.015216108044018064,-0.027150039277407684,-0.13885668331294004,0.98994024913959711,-24.363073048639393,3.1045190253822743,-3.0008908135929406,0.2437642590594642,0.1782027853398974,0.6111111111111112,1,5
0.69009819118318283,-0.70109809646960775,-0.17951586462592442,0.72339292657537424,0.66082497130228046,0.20003257505730709,-0.021613891514861358,-0.26790262490321776,0.96320352120595543,5.4159338001728408,7.9189753013357702,-0.70443514742882973,,0.4008390146845653,0.4230769230769231,0,3
0.18092584481536031,0.98348606348028134,-0.0045827522197846539,-0.98310885400247383,0.18098338046453369,0.027239625136416843,0.027619193684661106,-0.00042300790729016941,0.99961842780358934,-15.298609897403676,4.6498350391496981,-2.4165581782119445,,0.1178384533258317,0.3333333333333333,0,1
-0.7940340168267972,-0.60025545928486546,-0.09593416346962709,0.60600119765009786,-0.79404497867129531,-0.047488106864245511,-0.047671045389722118,-0.09584339020307131,0.99425425117815491,6.987130077097925,7.2713249040081829,-0.64292760258913029,0.2026579652535988,0.1295564449458451,0.5135135135135135,1,8
0.2501774941306788,0.96800306815988924,-0.019526429871707003,-0.96782154353514915,0.25059267452665701,0.022907888222583096,0.027068086370032496,0.013167061426814768,0.9995468709338482,-0.45620055912802077,7.6988556181784098,-1.1603609555587866,,0.07770640023656146,0.2195121951219512,0,5
