axis_00,axis_01,axis_02,axis_10,axis_11,axis_12,axis_20,axis_21,axis_22,location_x,location_y,location_z,dbh,dbh_approximation,score,reconstructed,number_clusters
-0.14095633239802269,-0.95738365383204926,-0.25208699238971921,0.98968072410200991,-0.12963970252018703,-0.061037790518657875,0.025756100205976004,-0.25808930025414401,0.96577768476834636,22.289145379385459,-5.2445479858270634,-1.4355173437340278,,0.2401038811095369,0.1111111111111111,0,4
0.035615354383070008,-0.94103331073328345,-0.33643402714726006,0.99809641355263234,0.050454799281177923,-0.035466357056622107,0.050349734711715229,-0.33453044901750123,0.9410389380331764,-15.420117441766404,-17.575270503222658,-4.9021622618047083,,0.6432106707408836,0.25,0,3
0.99648608041112952,-0.076261319260574292,-0.034636725184413547,0.077635931201562841,0.99616916961320612,0.040244846857719792,0.031434912650268591,-0.04279248411545996,0.99858932978972803,-14.480125611413845,19.448769810803924,-2.848953771631153,0.5486763230858094,0.3579329392359069,0.8888888888888888,1,5
-5.6861000404708741e-05,-0.96615029784200113,-0.25797984174473698,0.99881199306339086,0.012516450667088029,-0.0470950207074518,0.048729860245680941,-0.25767603777323034,0.96500179288845134,-13.864090226319723,-21.251240607245904,-4.7506615327995636,,0.2906052622663591,0.1764705882352941,0,1
-0.67440919584542014,-0.73664273678649961,-0.050296271221932108,0.7382490410846716,-0.6715744439676159,-0.063056479025953821,0.012672406902285646,-0.079657043312463052,0.99674177476115633,3.0254483420889673,-5.9427862581281268,-2.6784374691555399,,0.09156934637317951,0.4642857142857143,0,5
-0.85709175248279734,-0.51084187765844968,-0.066590568824409516,0.51516299990104875,-0.84967396621301972,-0.11252215192036522,0.0009007546397515855,-0.13074680558326135,0.99141538291013698,0.53261032120301555,3.2105666524331675,-2.399354550338999,,0.1149043261120217,0.2592592592592592,0,6
-0.87736403033923849,-0.45865613611043904,-0.14095001622962386,0.47979581770808566,-0.84186300927897295,-0.24710857313655121,-0.0053227414664167973,-0.28443140195132322,0.95868161868645818,-4.0360860084402157,-13.57638921468261,-3.6578199128055804,,0.2693960711251226,0.2222222222222222,0,1
0.98548615275241302,-0.14790245224025425,-0.083318109403458004,0.16489847194209115,0.95062241368068845,0.26291732647177285,0.0403179449428002,-0.272840413482352,0.96121411354930109,-2.8803154596524521,0.26468580260039831,-2.7812730584587926,,0.1121228083681172,0.3203125,0,1
-0.59534417924896477,-0.79998542303627762,-0.074757147911386754,0.80220047458159915,-0.58659453099453318,-0.11127108693798524,0.045163113438221679,-0.12621481346011629,0.99097432562493504,-1.2433274414775879,-12.089731277996041,-3.3627262001706106,0.2246241435002619,0.1454780234793095,0.1153846153846154,1,6
-0.99537270573086367,-0.085054111799728396,-0.044709895459268484,0.093944858962708808,-0.95915084031986497,-0.26684083081150278,-0.020187623943796733,-0.2698063445874756,0.96270296367043984,3.212765694717016,-14.633123645653125,-3.1172687678502595,,0.5707877527747287,0.25,0,4
0.91587428809739269,-0.38024934679194505,-0.12878168606752222,0.39841038817855801,0.90036993609490856,0.17493753390242339,0.049431275459019319,-0.21152875086084622,0.97612096410524118,-12.534398647428128,24.240729959814288,-2.1712406022766393,,0.2929385148012016,0.3571428571428572,0,1
0.49762205424029621,-0.86079626731721881,-0.10678050995575272,0.86536583755547525,0.50109577393657567,-0.0067076474873926165,0.059281180197247395,-0.089066332110664642,0.99425999122904207,-2.6543445099471001,-13.76035023953346,-3.5365645494651794,,0.2260981859887497,0.5303030303030303,0,4
-0.7214057650033362,-0.68041919928343841,-0.12885431877292589,0.69251209698280991,-0.70903488549816651,-0.13302829277665798,-0.00084720270396930789,-0.18520055181636316,0.98270038050999675,12.84394009122596,8.7086752062195778,-1.2846357685348813,,0.3375120886692285,0.2,1,7
0.51327800011204594,0.85754841510318203,0.034006034096878544,-0.85761579930674303,0.51400192246511101,-0.017238459375053271,-0.032261980417107212,-0.020315990160206798,0.99927294827958568,18.253399255098902,-2.4720490745979045,-1.4969310534740048,,0.248089685723336,0.4146341463414634,1,5
-0.98988271633037161,-0.13621331257876373,-0.039725827703469156,0.13951322149142989,-0.98539822745113492,-0.097603249767848621,-0.02585089823369658,-0.10215804820219412,0.99443223210434539,4.1964117133303551,-6.3782582699868229,-2.6272902640186953,1.050585339513764,0.9379867803029613,0.9319371727748691,1,4
-0.19114588334883156,0.98148854666683261,-0.011978482400766691,-0.98014920321265697,-0.19151105524918108,-0.051293812092105644,-0.052638300888136876,0.0019360989581337987,0.9986117668045158,2.1174994033261583,4.4241217014103249,-2.314698592301311,,0.06506361380131553,0.2028985507246377,0,5
-0.9885417623980356,0.14858290647731018,-0.02661397936686517,-0.14569295224166956,-0.98529756237170796,-0.089231593348297292,-0.039480978484474599,-0.084331687325253188,0.99565527109074448,-11.985384711974843,10.688153192098119,-3.1992193194940661,,0.07300567897143863,0.1935483870967742,0,1
0.98044100315159255,-0.16994628541741039,-0.099265801824815966,0.18988081809652974,0.94946458331414496,0.24992454851632703,0.051775614511970221,-0.26388494671906065,0.96316354822895323,-0.31924921239336795,-5.1626044973255913,-2.8734748759731392,,0.2341589453553201,1,0,3
-0.075688946882617805,-0.94797087000857394,-0.30922873885683261,0.99606436539357213,-0.057536825290398462,-0.067418793586078093,0.046119012488347093,-0.31311458501751249,0.94859490475988262,-29.20309872022208,4.24473894128956,-6.0377445159398864,,0.4657857387345435,0.2352941176470588,0,1
0.35234304957029516,-0.93397635301286275,-0.059519303022595886,0.93412926712707223,0.3548535639095603,-0.03848974509296104,0.057069148549299717,-0.042037128749174466,0.99748483301270408,-10.696633064127131,7.9117337829310879,-3.272199215202666,0.2484938223662199,0.2219092562271787,0.7857142857142857,1,5
0.09157264932169748,0.99488820697924918,0.042566483409133292,-0.99546398318510976,0.092565949932695013,-0.021977331373328371,-0.025805194776260178,-0.040360878665762184,0.99885188661577207,-6.1370534198123536,-11.1520381751826,-3.7325794454264365,0.2496533200989289,0.1816592757910575,0.1509433962264151,1,4
-0.75460265723149578,-0.65392959977046883,-0.054322262868918267,0.6561819687590783,-0.75198316025932654,-0.062821577199678888,0.00023146193052856276,-0.083050618483126212,0.99654530313224843,6.2606955276338301,6.5636797681898775,-1.8448535705815452,,0.1986609322971816,0.8598130841121495,1,5
0.95357042444832441,-0.29029373586880286,-0.080205938263801527,0.2948878421227793,0.95407167891932576,0.052805227508555333,0.061193187411784263,-0.074005259268468807,0.99537862917333819,1.6036221833849611,-13.492786365044125,-3.1549111028149213,,0.2527001835804324,0.3783783783783784,0,5
-0.85570872504236017,-0.51376073939254696,-0.061745287635592207,0.51742457930127606,-0.8508925680206979,-0.090849559283683504,-0.0058636696083534346,-0.1096892900239837,0.99394862897071257,-7.5684598385507558,-13.918689445554142,-3.9781924080856212,,0.1226387059618335,0.3333333333333333,0,2
0.34955136326607578,0.93691144224963241,-0.0032853950360745708,-0.93623964926540493,0.34916309465570777,-0.039248598367857677,-0.035625322205143764,0.016795318162040059,0.9992240758236447,-1.1307457543076831,9.2738559155666778,-2.264178626624517,,0.07058884731632054,0.3529411764705883,0,3
0.36998556605976607,0.92210719086982151,0.11326521731582563,-0.92792827115440846,0.37274298543273848,-0.0034337156375635705,-0.045385069128788244,-0.10383157206195025,0.99355885590302073,-15.117593831839512,11.838702273527964,-3.4545326456989329,,0.2190686625540779,0.2592592592592592,0,2
-0.94499281468346841,-0.30694280346790104,-0.11302519894201346,0.3265333134025406,-0.9054417740486933,-0.27120322462299978,-0.019093858566944719,-0.29319159129623851,0.95586302123170619,1.4734605629778113,-2.6880876746889766,-2.6160512294685625,0.4972623424746232,0.5663792176039724,0.3671232876712329,1,4
-0.35651389012137397,-0.87878509529013438,-0.31722957372608773,0.9336755768407764,-0.32280111675621098,-0.15507854858744097,0.033878656430992124,-0.35147716187094369,0.93558326263437308,10.74642696287351,-15.711731658931757,-2.6771042139903196,,0.6227609132397067,0.125,0,1
-0.46596801308654368,-0.87375194635210096,-0.13939636661726401,0.88477531575894097,-0.46134879248229294,-0.065802221077991482,-0.0068155266741074891,-0.15399619450183202,0.9880479344015195,-11.329075457366743,-17.528058991906605,-4.4391655631599392,,0.2950937562722978,0.8181818181818182,0,3
-0.47411582676176822,0.87080959714097661,0.13001856921677357,-0.8788839267465488,-0.45923846543673219,-0.12908553431691813,-0.052699393929852484,-0.17547272548885606,0.98307278290518296,-3.7999559932007498,-12.066480043830602,-3.5715826180603227,,0.6625782550728959,0.2291666666666667,0,3
0.94777824398095467,-0.31610513305181259,-0.042354989017514638,0.31586016680307527,0.9487229805966052,-0.012532402603917464,0.044144708216403192,-0.001500315363211373,0.99902402062728191,-6.7183888485022196,-17.991523247822709,-3.9834285686318434,,0.06432803944185236,0.3333333333333333,0,2
-0.071967214375812563,0.97560577524017322,0.2073983880675217,-0.99607668812644246,-0.059564252020355285,-0.065447163821765991,-0.051497101142135279,-0.21129474957810979,0.97606484281254624,6.7432029995663383,-4.8001433305254677,-2.3452367537669501,,0.5120834635984675,0.2389937106918239,0,2
0.98723666195824999,0.15598854658988257,0.032114585756451791,-0.1589193356843431,0.97807166820274971,0.13461224537439823,-0.010412397955300043,-0.137997772416319,0.99037780507085016,5.4987548115993992,-14.229650366389633,-2.9984589209726078,,0.4057179267841408,0.1052631578947368,0,5
-0.929480302736714,0.36476116161877131,0.054915041646080548,-0.3658747055483475,-0.89271576200019365,-0.26304803385755104,-0.04692618314306108,-0.26458999083664902,0.96321859932451781,-19.886645887276451,11.94345066925591,-4.12850416946993,,0.371793429645788,0.1739130434782609,0,2
-0.99419058861841869,0.10746578773681022,0.0060148124384016245,-0.10700828187673112,-0.98084988174118182,-0.16273517474135651,-0.011588835677165706,-0.16243341390987462,0.9866514505808176,3.1274992148902183,7.4498425099297991,-2.0381705645048718,,0.1420987061623776,0.2564102564102564,0,4
-0.099641941585897689,0.98741214921691922,0.1228361960328356,-0.99449809042486603,-0.094816814555377202,-0.044534478989499596,-0.03232694879334419,-0.12659786434373962,0.99142722835582697,-19.941170909692989,20.650614056551614,-3.3965366150606831,,0.3174245159200337,0.5769230769230769,0,4
-0.99898076942966263,0.030912198660877077,-0.032891614184595831,-0.027821317295023917,-0.99549839162055265,-0.090603126794061822,-0.0355442908733236,-0.089595693282890063,0.9953437673143235,5.4648770634231756,-8.4008097938737123,-2.6458413801491378,,0.08544346150266875,0.36,0,5
-0.16193340083784824,0.98677686380818208,0.0069996247025248407,-0.98495934704090926,-0.16119376897756937,-0.062222612606275776,-0.060271538638343801,-0.016970265044880521,0.99803775065599221,-5.9567475639782845,24.29513228225289,-1.7448946881974192,0.3285239357236204,0.2868484961431788,0.4090909090909091,1,4
0.47012897053549696,-0.87480500595733102,-0.11702543576175449,0.88093150700252276,0.47324188196510969,0.00134205975488423,0.054207296865813138,-0.10372233465419016,0.9931280110138806,11.394620546895789,-10.479882443626328,-2.3390179030298497,,0.1737831692237814,0.3043478260869565,0,4
0.10833849212306129,-0.98410808105348713,-0.14069134987527282,0.9930048447631501,0.11381205221045414,-0.031435569798540133,0.046948369528828048,-0.13630150981141012,0.98955431837859043,-1.2886016900988029,-15.777425372333076,-3.4872111265351533,,0.385122675916483,0.4230769230769231,0,5
-0.88748241362638158,-0.45727152570808388,-0.057251351778750285,0.46025967679791396,-0.8732541706236987,-0.15996306886965023,0.023151574844334041,-0.16831489911745148,0.98546136368571569,-14.325621521139359,17.907910366333557,-2.877877262734907,0.5406610892436984,0.3770720795036727,0.7738095238095238,1,4
0.93957502950755056,-0.32069712232487935,-0.11980033246375858,0.3349924507640481,0.9333954787998664,0.12865822199558474,0.070560767122973586,-0.16101625970227282,0.98442619949618793,-13.494691815529352,12.748266671655688,-3.1921095826774306,,0.3955714825007694,0.15,0,2
0.33570421629383806,0.94050729628843788,0.052428091618446741,-0.94173456935364508,0.33633852977655015,-0.0035205499645931766,-0.020944690182586538,-0.048191482815544397,0.99861849619221177,-22.981073819103596,-3.3906396269142069,-5.3402406000490261,,0.07798510856605925,0.3846153846153846,0,2
0.71025099438205885,-0.68973305602816504,-0.14075452533166899,0.70194851974744576,0.70899275266465245,0.067805252697467566,0.053026414207120245,-0.14696117885702273,0.98771990528959575,-0.01945007569931486,7.4236368023051602,-2.283540203685809,,0.1735321018855868,0.1857142857142857,1,5
-0.85185051754635044,-0.49666419126965666,-0.16635918028913507,0.52373630018811868,-0.80333826991682711,-0.2834570725035801,0.0071402815963997847,-0.32859139550130789,0.94444518696493307,-2.8139270574845954,-16.02203680567532,-3.6070475032439622,,0.4147440672273385,0.1333333333333333,0,4
0.20368720765733356,-0.91382378438161282,-0.35133689321679062,0.9775255149701163,0.20975318439653928,0.021153468224398786,0.054363489762592372,-0.34774946834463988,0.93601010584654143,-29.753476366084048,3.1007338277843242,-6.1887222855544382,,0.5246832274964571,0.1785714285714286,0,1
0.55719622698105142,-0.82125802984265739,-0.12275020593480683,0.82821072220098602,0.56031473171821777,0.010695842690623514,0.059994702011108826,-0.10762271989918441,0.99237996044463739,-2.0658378243439759,8.9056072330967186,-2.3605557550493677,,0.1237041021315234,0.2045454545454546,0,4
0.76525266847380635,-0.61158249249819352,-0.20088605791198075,0.64125918378971647,0.75156161479144945,0.15473137489667482,0.056347250146436045,-0.2472286270676719,0.96731742120111197,-11.005589813072019,-4.2879643002744707,-3.9903544416692642,,0.3157293843647502,0.4210526315789473,0,1
-0.94713832221439931,-0.31118738442417743,-0.078047487904043103,0.32037702461885303,-0.90454220336605384,-0.28135736071063566,0.016957614492124011,-0.29148896051981638,0.9564238731889817,-9.6142740899168935,18.310158540832113,-2.4264889319794745,,0.518042681167634,0.1875,0,4
-0.34394028312315272,0.93834009177099909,0.034970756645500381,-0.93650140392741577,-0.34007970598713516,-0.085503883056169322,-0.068338876835553272,-0.062158392441382916,0.9957239236665747,-8.2889674253879218,-4.0874187719791779,-3.5697573303445433,1.349476956551716,0.3182025796100642,0.6312056737588653,1,3
0.050275644547370789,0.9929339490491087,0.10749201082447259,-0.99872954841714234,0.050351114391475979,0.0020135535819318573,-0.0034130168234631987,-0.10745668013333849,0.99420390927157609,1.4109457767660922,-14.967673388601234,-3.2630081014839813,,0.3583454606918785,0.4705882352941176,0,4
0.95521765223526878,-0.29500881150928582,-0.023000825855172657,0.29583115532882226,0.95036691975853738,0.096367242180545321,-0.0065699615642272639,-0.09885605171434092,0.99508005539478905,-27.828463426695407,1.2977724895068548,-6.0844968893398628,,0.2785750551705325,0.5,0,3
-0.98926481999494464,-0.12513664128632424,-0.075471431203792613,0.14307746341207048,-0.93447857954349856,-0.32600402426647151,-0.029731387184903372,-0.33330257332031554,0.94235101699638357,-23.95027163239526,-2.050751461507061,-5.4693903202783458,,0.5914645436986464,0.1904761904761905,0,3
0.48988130061315843,-0.86883137239334418,-0.071752056797408745,0.87009892131871858,0.49239532875314562,-0.021787779650154267,0.054260284090321749,-0.051757961389334327,0.9971845039927455,5.8076478342350146,3.6483833136298847,-1.9968974497490475,0.09220620558669552,0.1521270939562282,0.6875,1,6
0.9798281352827064,-0.19655611178517671,-0.036090445110968379,0.19642797162768286,0.98049256843204102,-0.0070975497021108129,0.03678147999535792,-0.00013479403859219935,0.99932332333430463,-5.7894083838316064,7.9773990268146413,-2.7351346707067612,,0.06691787476706244,0.2608695652173913,0,5
-0.095971600816569635,-0.9930754040941544,-0.067754657551631792,0.99437491414663304,-0.092587587565430951,-0.05143995280608029,0.044810511630454866,-0.072310306402666627,0.99637504868165572,-4.1828702504475457,-10.114767181913336,-3.4879686094588247,0.1576099546482813,0.08819143332540809,0.2647058823529412,1,5
-0.27487541769362067,-0.95570986448827655,-0.10517680194585827,0.96060810116996054,-0.26832094942983958,-0.072359823546722712,0.040933857800127052,-0.12092362472598195,0.99181747124595976,-17.426959429420556,7.5913919382416193,-4.1428310731986535,,0.1401337677938272,0.4,1,5
0.26335843857814784,0.96448657469697696,0.020198516256728794,-0.96394375432627166,0.26392264732658666,-0.034018740768867912,-0.03814146464221476,-0.010511111141047566,0.99921706611603089,-6.7677975654370055,3.5531317255129964,-3.0640395219480165,,0.08091011844176181,0.3,0,5
-0.99568485108415761,-0.08416787862072482,-0.039082547639636762,0.088199368697977246,-0.98926195127196115,-0.11654039268368921,-0.028853919712854108,-0.11948455956347299,0.99241669239444275,-10.869709532607081,4.3867908900478101,-3.4860132174439675,,0.07150720303922307,0.2253521126760563,0,5
-0.70260310215237154,-0.70817300673576744,-0.069569198476668051,0.71148569076127655,-0.69753446101440764,-0.085051675699471058,0.011704387545382836,-0.1092550604235864,0.99394483704279357,-14.430679867883804,-10.670722099072943,-4.6015309103084672,,0.7074234239010337,0.9491525423728814,1,1
0.95062202038828059,0.30987728058643765,0.017141917315682077,-0.31003907343977921,0.95069267212889774,0.0076951998686797781,-0.013912127569382806,-0.012629890607991396,0.9998234537005638,-8.6880017494825754,12.086691685996186,-2.854192371941318,,0.1289663205237475,0.3125,0,5
-0.99739178438847054,-0.071419258261682383,-0.010436377903040611,0.072154194779941783,-0.9828940826683189,-0.16944909097207581,0.0018440743049529791,-0.169760159651656,0.98548368204907533,-1.4219323048277355,-20.272869513599364,-3.7340653353774744,,0.1833133150647058,0.5,0,2
-0.18012506689997188,-0.96813204858487945,-0.17399797923287741,0.98217954340522751,-0.1673726828445406,-0.085496956400324606,0.053649834953883022,-0.18629740078773227,0.98102750912966563,-3.3222866641842099,11.680970452366063,-2.3106400133519389,0.8201369505872234,0.184293492746451,0.2244897959183673,1,5
0.88845657252191967,-0.45197832529858278,-0.079752819404020292,0.45654371046520409,0.88814240393097865,0.052639441242901791,0.047039974248139896,-0.083178505636910316,0.99542381778956057,10.83765470102076,4.5027430700876936,-1.6009852447872119,,0.1470259503762185,0.2777777777777778,0,6
-0.70487198791075867,0.68382039231600156,0.18853421894055405,-0.70783012560237657,-0.66077579998554514,-0.24970353510350279,-0.046173519992075265,-0.3094592270497884,0.94979102588163522,-2.0488067603337412,-3.0109301201085481,-2.8624209472308677,0.4421825967308849,0.457753721326059,0.3090379008746356,1,3
0.2516214187521203,-0.96581032906257003,-0.062426516010599321,0.96627211725238416,0.25434767165324346,-0.040316961011088837,0.054816576377642312,-0.050176390868867556,0.99723491352519855,8.5544845445181483,-16.360561368433473,-2.8412752213757977,,0.2426209469512123,0.6363636363636364,1,5
-0.99927731385170249,-0.016179648541524497,-0.034395770007358516,0.020679457572648597,-0.99065920904228644,-0.13478386985916579,-0.0318937306665023,-0.13539774928995035,0.99027785970978321,3.4154949505758769,4.7664226663836669,-2.1286064615496518,,0.07039569392015817,0.2025316455696203,0,5
0.22680676063473099,0.9631734421359831,0.14441472810729286,-0.97316032862059076,0.23005114157993489,-0.0059537430943537263,-0.03895726029182061,-0.13918833507766459,0.9894993376697454,-9.4882463189363921,-5.3367481626150299,-3.807951153375579,,0.6835605667702995,0.3175355450236967,0,3
0.25298494964442636,-0.96266233726325001,-0.096331924450131862,0.9660165856602303,0.25680573601711337,-0.029372949767800752,0.053014823236148104,-0.085627322529480229,0.9949157703814302,-3.5098349324126059,-7.4879509072709025,-3.3266178401188653,,0.1123889214168825,0.3474576271186441,1,5
0.23928073902828959,0.96098860344682957,0.13872862709400341,-0.97036961988960446,0.24162532381595089,-6.0713593655261823e-05,-0.033578694515707906,-0.13460351754745606,0.99033043189557279,-6.8747588567774214,17.674501920086488,-2.2432231078233369,,0.2784910874778632,0.25,0,2
0.15455766536593116,-0.95745055948125024,-0.24372187884076915,0.98610994003831776,0.16468306307114355,-0.021602659445816401,0.060820343917631768,-0.23699771072005635,0.96960454355329562,-8.9870793098884594,-12.63591361518065,-4.0590590754867604,,0.1932657748473858,0.2058823529411765,0,2
-0.11594636824831107,-0.98369656139528971,-0.13746823192690233,0.99286773873276302,-0.11091889189832776,-0.043711014672910616,0.027750550872286908,-0.14155590598462728,0.98954122319747484,-7.501341588758117,-7.9554547899099175,-3.7261512180750684,,0.1786759051387474,0.3333333333333333,0,5
0.74668831090671794,-0.6617904732735902,-0.0670069835135845,0.66271329541961022,0.7487987511645795,-0.01056022388238285,0.057163401135274849,-0.036521223126881892,0.99769662013658444,2.2392134317439907,10.076669898346964,-1.9565775163930164,,0.8436255628206542,0.536,1,2
-0.90716851566370227,-0.41185298809954873,-0.086153353863850021,0.4203982205242886,-0.89574604649636391,-0.14458338897033385,-0.017624425338954572,-0.16738021501840725,0.98573487472639676,-2.1418009393142716,11.839800858989621,-2.2106403366226375,,0.1734032131530293,0.1379310344827586,0,3
0.94745284432074983,-0.31517510949258465,-0.054751786681885191,0.3168443066734884,0.94815165894160991,0.024861958387656913,0.044077126915416737,-0.04090332508012634,0.99819042515958456,-6.2881315035175804,6.7869071861901107,-2.8392507553222943,0.27250035821591,0.202193659610873,0.6836461126005362,1,3
0.32403136557338891,-0.93649412842501989,-0.13409855163314213,0.94426671700142595,0.32884644535705826,-0.014845286773100748,0.058000355929883222,-0.12181446055985701,0.99085679889200817,1.0655246453135856,-6.9999301774422067,-2.893740057153857,,0.1087517580138857,0.21875,0,5
0.55705890267673941,-0.82796401380324003,-0.064505587319365287,0.82829037114958393,0.55954398565551822,-0.029079016104792143,0.06017009231730041,-0.037230632059724218,0.99749357894021684,-10.02689599960145,3.2796939700619885,-3.4242266309914431,0.3720801235069319,0.2409087983281125,0.7031463748290013,1,5
-0.88226189152001522,-0.466250538191609,-0.064995310658236952,0.47074255103794355,-0.87493337506549684,-0.11354752238066922,-0.0039249730973309385,-0.13077471021774253,0.99140434221040807,-4.6716893095779541,10.787402424825627,-2.481282385746522,,0.08369660558162575,0.1746031746031746,0,5
0.99209094572236523,0.12126173300946347,-0.032421405324955917,-0.12269130270043986,0.99135507143820589,-0.046496952323985534,0.026502823573583818,0.050107029859008327,0.99839215036043649,0.46050019344831733,4.9646177533725293,-2.3595912812122335,,0.06620665042880386,0.2205882352941176,0,1
0.81522552031227802,-0.57699671775420791,-0.049821067154827266,0.57654265460494414,0.81669959788547053,-0.024501719017113396,0.054826256963782759,-0.0087495436784238295,0.99845757397736234,-11.493635536430551,9.717136073848339,-3.2598988315342372,,0.0743396686069716,0.2962962962962963,0,1
-0.12658265019221851,-0.98464944722330539,-0.12017611556858644,0.99093342774395377,-0.12002097064328246,-0.060381357929936569,0.045030816669623518,-0.12672976244230919,0.99091462440584832,-16.731660789155811,8.9546415271284783,-3.8834231508765629,,0.08883025656183008,0.2631578947368421,0,2
0.2772831711197265,-0.94739703880748527,-0.15985272557137301,0.95915777934014346,0.28264315830907194,-0.011366591061401945,0.055949953932714042,-0.15017222086618096,0.98707543112725005,1.9378905645658449,8.1005952240334143,-2.0964586428960059,,0.0690174918806525,0.1428571428571428,0,5
-0.82947026036388938,0.54329711372540124,0.12964310004590002,-0.55590658085125022,-0.78043961408772466,-0.28615010419162329,-0.054285914730573273,-0.3094224539044525,0.94937389077307854,-7.467281816936854,-10.204931386179837,-3.840926810648027,,0.3450054338163971,0.15,0,1
-0.62737260540029693,0.77105347495644039,0.1089961134666786,-0.77652390488562739,-0.60894290997301959,-0.16186153815767249,-0.0584314909481191,-0.18618558255458081,0.98077555521861948,-34.597543956879939,1.7742125457685096,-7.1712328103918201,,0.213092338772264,0.3333333333333333,0,1
0.88952165097888558,0.45603895715353832,-0.027923144488251769,-0.45678015644231562,0.88899789866393575,-0.032165584895056824,0.010154856982369951,0.041366722488257436,0.99909242472868764,-1.0375435615305393,10.316799787821671,-2.1965820337327262,0.1767764061157978,0.1121828264673192,0.4927536231884058,1,5
0.98924142740066356,0.14581938130620212,-0.011751865799709639,-0.14398135177720467,0.98469063171580873,0.098253397658964181,0.025899201816017906,-0.095504281823372353,0.99509203770239052,-10.067395421724521,-12.82447042763396,-4.1725129120941995,0.8973950267005695,0.3124965870186904,0.2258064516129032,1,4
-0.93017615888973282,0.36689651302327603,-0.01261991143006011,-0.36257595675897958,-0.92352427650139624,-0.12506632757413916,-0.057541194056536432,-0.11175803972839027,0.99206811839843689,-7.2940244629305768,15.021764922095349,-2.4354452889509211,0.5422226101487559,0.1870793349781647,0.7228915662650602,1,5
-0.16185000183216447,-0.97688194255304739,-0.13966476728478494,0.98524318166152502,-0.15197956776622615,-0.078727911004079054,0.055681683670696008,-0.15034587222593074,0.98706416651007067,13.68944625410065,-11.061221910742489,-2.2323171651895191,,0.3056317572935823,0.7741935483870968,0,6
0.16588516196050543,0.97142847558768741,0.16973164071179847,-0.98301008002599055,0.17660334020207982,-0.050024422003299207,-0.07857032269650302,-0.15854960437304977,0.98421985721916672,-25.832792713472834,1.8969808364653087,-5.7217650872063786,0.6820611345661834,0.4245571193481659,0.1805555555555556,1,4
-0.40170313696125354,0.91120538641779936,0.091319951372506439,-0.91403425599688737,-0.39280667993271534,-0.1012140853066105,-0.056355732802482857,-0.12412757938277029,0.99066461298305664,23.04596316142079,-3.6722317373220741,-1.263741004668504,,0.1776419833225306,0.1428571428571428,0,2
0.1674532238231371,-0.94315190773111812,-0.28709562304986619,0.98418040349456459,0.17701165886581272,-0.00747034154835516,0.057864939371905073,-0.28130295335940886,0.95787279803884207,-12.669429380619505,-20.235512901274642,-4.6127140325307225,,0.484665701516409,0.5161290322580645,0,3
0.021171796029356305,0.97484634068725995,0.2218701582041846,-0.99791620291075633,0.034134716974710294,-0.054754662497672996,-0.060950857426856499,-0.22024857126827183,0.97353765198538467,-12.067803767740184,-15.594228025225711,-4.4694795732310117,,0.316632259117051,0.2941176470588235,0,3
-0.47876626473127154,-0.85521654402132508,-0.19846290985342077,0.87699999259752037,-0.45540134736867993,-0.15323389246096977,0.040667883387449297,-0.24741518879610425,0.96805570480927039,-11.521667291294884,12.52130154556577,-2.9812342413603585,,0.3894468840266423,0.2,0,2
-0.0097130424678592304,-0.96419942863427355,-0.26500022382510829,0.99878021922393556,0.0034756563129902979,-0.049254375441993029,0.048412090359789238,-0.26515539148682971,0.96298955750956183,-34.648412555953954,-1.8677822664000081,-7.1265779838975032,,0.6846868774124474,0.2592592592592592,0,1
-0.036887188580891295,-0.97114175287596693,-0.23563325558925996,0.9983145169289247,-0.025239176576298022,-0.052260015831601433,0.044804694034961866,-0.23716382478520243,0.97043591215787606,-6.8283416216360804,12.108183966862235,-2.5933909904734853,,0.3370313214430079,0.3809523809523809,0,4
0.21223559945514864,-0.97612164378706945,-0.046288085446942961,0.9757129211889447,0.21429911012670541,-0.045389280935460359,0.054224955037783421,-0.035530661819504622,0.99789640059568252,-0.90819077126006564,-6.566434050208005,-2.9782141873888444,,0.0665803891053184,0.2705882352941176,0,5
-0.84997310214657218,-0.5255669277687619,-0.036402335955777999,0.52682526978409105,-0.8480619631759585,-0.05697404436283058,-0.00092776303651387261,-0.067604075689585402,0.99771179616455596,-0.31843942982122259,4.6824136029025007,-2.4383350266226049,,0.07129650284896308,0.3365384615384616,0,4
-0.99531193781668459,0.096495489762478917,0.0065396402879061349,-0.094615110849356018,-0.95743526176191918,-0.27270075235292085,-0.020053110446011355,-0.27204106305920872,0.96207667717862067,7.7949555444522813,6.4948735872342098,-1.7865746888495937,,0.2288291703425314,0.4545454545454545,0,4
0.65870803571103032,-0.73671915389562648,-0.15280252606887085,0.74994291172783512,0.65927078819136387,0.054292328985905268,0.060740043125536797,-0.15035596469994025,0.98676427328934957,-10.357546931401949,24.806080474914655,-1.9187920644518424,,0.301382967598346,0.3571428571428572,0,3
0.52816655011864033,0.84884539944777782,-0.0223960526011945,-0.8487982690595961,0.5270207630342304,-0.042315644533083625,-0.024116255455739262,0.041359438670747047,0.99885324400315867,-10.815225754744425,-6.9688634354959529,-4.0275022175196984,,0.7127371873167788,0.3571428571428572,0,1
-0.97920780174092514,-0.18095979535641424,-0.091682241869792458,0.20100502404584281,-0.92648500643781639,-0.31815485719104009,-0.027368984600028318,-0.32996830955485051,0.94359517451684749,16.681653690291039,9.8066684186234507,-0.98690323899156152,,0.3662481374604347,0.125,0,4
0.11143373471582278,-0.9870307727983787,-0.11555421375405826,0.99346718752215268,0.11352302227451407,-0.011639189425540736,0.024606301715354099,-0.11350232139782503,0.99323298019809914,-6.7187021429988683,-13.29972282403175,-3.8817324759228851,,0.160761443519407,0.5111111111111111,0,5
0.52004087625347994,-0.8470294291176248,-0.10999378725266333,0.85217594222787041,0.52325518339457999,-0.00042016514193193302,0.057910711561462457,-0.093515556242668815,0.99393218592973964,9.1143589271795129,-4.1590662298627663,-2.1860866644848387,,0.4018969257940999,0.803921568627451,1,5
0.3467656276547425,-0.91348137078379665,-0.21285061594500485,0.93749923544842995,0.34460457684664136,0.04840319359253286,0.029133880806054911,-0.21633185351977816,0.97588510908911608,-5.6231611748580947,13.25493486224709,-2.4484531037371919,,0.3421854442866241,0.4505494505494506,0,4
-0.6357809522652802,-0.74778880143451665,-0.19129686141122124,0.7716639410413948,-0.61006199026838004,-0.17988643674898644,0.01781411892622645,-0.26198526004131106,0.96490744669526252,8.4024281022118945,10.230952291524074,-1.51577391433715,0.308241131558759,0.1812663621181616,0.125,1,5
0.91741874044971594,-0.37799134726173739,-0.12435994558905672,0.39485634249365953,0.90347516005923567,0.16679659453498391,0.049308452259082536,-0.2021266349375925,0.97811732424317022,-7.7618143720888266,17.203506565611235,-2.3463145844821955,,0.3275001342700563,0.2083333333333333,0,1
0.15176374449267571,0.98471944978678816,0.085412944388815373,-0.98749418087290297,0.1547877412192088,-0.029933224190013763,-0.042696704787561525,-0.079802007367360844,0.99589589366581077,-15.229235930752353,-3.3153664533827247,-4.4834419163785633,,0.318989850581203,0.2051282051282051,1,4
-0.73280633650096139,-0.66345370663971803,-0.15107631293508131,0.6804084846398597,-0.71244331258706417,-0.17166484899378923,0.0062583715237676321,-0.2285906942462653,0.9735025050249646,10.444659473247643,8.9243268619898846,-1.4260376744741978,,0.5999831063364225,0.4745762711864407,0,2
-0.9955006513137965,-0.087949321959452681,-0.035261452050073305,0.09026843344905118,-0.99340476260159671,-0.070700689976263484,-0.028810816657312818,-0.073565578957404038,0.99687413570430305,1.8540947181307954,14.187326143549271,-1.7503835895216018,,0.08012038054017029,0.3333333333333333,0,2
0.15348713274331383,-0.97146884945012846,-0.18080369086465117,0.9867192371960738,0.1605223227236573,-0.024854191891924331,0.053168101615864299,-0.17458768128205976,0.98320511314532932,-8.7207756376830083,-19.167121898795525,-4.1853231673127178,,0.4816539560158509,0.3,0,1
0.49203572902240467,-0.86688356922540966,-0.080085696428290304,0.8689895379496072,0.49460644576330609,-0.014887805194761608,0.052516895372043314,-0.062268300253044466,0.99667679539762444,13.244140289099894,-18.823238936556624,-2.6683031887932467,,0.454621467186229,0.7777777777777778,1,5
0.32034050965759997,-0.9104042315284725,-0.2618130880749866,0.9472968186405919,0.30881527619796029,0.085216562827840667,0.0032703617113397374,-0.27531302257944329,0.96134907517116197,-10.641942228295864,-16.721059029788943,-4.3653817783659443,,0.5275681863102296,0.2,0,2
-0.4662300547723357,0.88456405286907558,0.013265458862060119,-0.88278925537449238,-0.46421442401265617,-0.072028460582938769,-0.057555769670249904,-0.045292437673789578,0.99731435789686307,-8.9021840774362619,3.672461885315653,-3.3000749236340829,0.1859829568386056,0.1240695244399565,0.5637254901960784,1,5
0.3654100146833662,0.92827160939506537,0.069190608901771838,-0.93024653886681896,0.36683291161606141,-0.0086597853083660789,-0.033420025365137822,-0.0611999521762761,0.99756587138805819,-8.0555660166802348,16.034157699445245,-2.4397778989763101,,0.2533152565964091,0.15625,0,1
-0.86492940471868818,0.50188806333323932,-0.0023445120145939315,-0.49971936116372861,-0.86160751376776978,-0.088955338777601631,-0.046665671870135615,-0.07576849016928662,0.99603285636889327,-0.8343323720230752,12.792902272554999,-2.0385788927532968,0.1924899577800844,0.2556625774287626,0.2142857142857143,1,5
0.029753748643490435,0.99955072484014018,-0.0036142652379082094,-0.99841664249757023,0.029546910808537573,-0.047866356092258353,-0.04773806055485022,0.0050327460915768592,0.99884721005829469,-10.984193228171494,-7.9197614898530633,-4.0811520318311754,,0.1688350552504141,0.1764705882352941,0,1
-0.023074583746378313,-0.98673870272504727,-0.16066827978609138,0.99894910461832753,-0.016390738069086107,-0.04280222059416397,0.039601135932852187,-0.16148707765651399,0.9860799530376767,4.3861037530468039,-10.949771596804487,-2.8301047983099794,,0.2175290349856408,0.3448275862068966,1,5
0.83481259441685451,-0.5378658126833521,-0.11742359111132582,0.55007770101928088,0.82361059985141216,0.13813074478095652,0.022415509013740075,-0.1799053844632687,0.98342849134890398,-4.4987654681816807,13.82737705625671,-2.3028644248291181,,0.3348669073518442,0.788235294117647,0,5
-0.86050930231798728,-0.48283809507859254,-0.1624534227558343,0.50941805027422538,-0.81813725014574257,-0.26672961961276093,-0.0041219751353590486,-0.31228002476117078,0.94998115531632799,-10.570362008577428,6.6132984838154067,-3.2820965547156677,,0.09572242502878077,0.3454545454545455,0,5
0.81268905481236409,0.58268249567153318,0.0041963586809106055,-0.58269594073616215,0.81264843965190381,0.0082434325935042251,0.00139313954222139,-0.0091445486120640008,0.99995721728126796,-1.1108226610896923,15.135881008499842,-1.9421608222353397,0.1384221244195644,0.1569483600379183,0.5869565217391305,1,6
-0.31757050160431483,-0.94262922061967924,-0.10295207110456545,0.94793248972835031,-0.31285184428347573,-0.059562726984567868,0.023936821597579091,-0.11650697817025098,0.99290138110964588,-1.4228932951530162,-9.2630807889044906,-3.2117677825300479,0.5215559599776887,0.2014465491836212,0.2758620689655172,1,5
-0.53959463412588904,-0.83556045441615523,-0.10332646243057005,0.84158616808784992,-0.53181883847209022,-0.094347468060385173,0.023882054052293281,-0.13786750908776424,0.99016271260443778,-0.67603032830244569,-3.6242544699583705,-2.7935648009792344,1.233988783547368,0.6069147605412807,0.9763313609467456,1,5
-0.99946028713964119,-0.0026952300319117305,-0.032739428306270926,0.0048158629909207089,-0.9978822317301328,-0.064868012617487564,-0.032495259568113222,-0.064990671117976018,0.99735664171510729,-16.064841328486544,6.6320081206570745,-3.9747608984203056,,0.06952932749416733,0.391304347826087,0,1
0.040375970583858362,-0.99351293625735382,-0.10631004886041763,0.99825835242440486,0.044689659492852356,-0.03851098738447304,0.043012124038758218,-0.10456997572776758,0.99358697523768424,-4.9900858081870814,-14.964759109720067,-3.7777883231652898,,0.1562794153002478,0.3714285714285714,0,5
0.5170329112883697,-0.85312716350158135,-0.069649203444261301,0.85381719273893109,0.51978643430930549,-0.02860531578973028,0.060606683031535533,-0.044677797660194439,0.99716133316938804,-12.187257021175213,-3.4041692434489828,-4.069225103348467,,0.1125725833040726,0.5384615384615384,0,5
0.39114517582944591,-0.918126475375872,-0.063633533920639515,0.91797773472310529,0.39415141273790888,-0.044289303328746643,0.065744429254400757,-0.041090619983008309,0.99699008569364633,14.27324919174688,-7.4954434871493607,-1.9983212943421096,,0.5255780883843094,0.4545454545454545,1,5
0.82257648817409623,-0.5663292098373216,-0.051372630730818686,0.56597323013256451,0.82411280007748466,-0.022636155189387514,0.055156358441082444,-0.010455564713678695,0.99842298515711092,-9.9956891652015152,12.905091838203036,-2.8513273036059941,,0.1269021938191437,0.459016393442623,0,5
-0.48002403245929537,-0.87445955653090257,-0.069981513653928087,0.87685609433074685,-0.47586998577224127,-0.068345786089235624,0.026463523887534233,-0.094171336578092485,0.99520422088662297,-5.0300762762626725,-8.8672430228090082,-3.5395494388294981,0.1763739642271657,0.07031898587766146,0.32,1,5
-0.96183095597743573,0.27341462812538686,0.011209516072908156,-0.26997372897106381,-0.94144576379180855,-0.20197539331294112,-0.044669875632140962,-0.19729246048826887,0.97932644569902993,-8.9129541789667126,16.108115676620276,-2.4928144232260525,,0.08478630997356693,0.2222222222222222,0,1
-0.04439552255534418,-0.98890965457238278,-0.14172767080061896,0.99786722418707174,-0.037100360676041298,-0.053708157023827176,0.047854367305674009,-0.14380979914887004,0.98844762187914414,19.052635036336547,-6.5873112265473894,-1.6522236641129855,,0.6695877435178035,0.2941176470588235,1,4
-0.58504551486891632,0.77331115404785356,0.24435958044844683,-0.80887883978995978,-0.53461732054202793,-0.24474342303014088,-0.058623954760937562,-0.34084333586215071,0.93829049463721426,-20.424093485858787,8.7602444260040659,-4.4030988066636594,,0.1304039296935063,0.2857142857142857,0,1
-0.078942238052494229,0.98983903389600481,0.11826584471895904,-0.99495310495230305,-0.070862077136184337,-0.071041431360286775,-0.061939018373204674,-0.12327713899896883,0.99043743113999616,-9.7072040857551904,-10.585072568261545,-4.0822816727988807,0.8177134658863221,0.6616741593881621,0.5575221238938053,1,4
-0.85479938885829809,-0.50482780991054255,-0.12027837356900237,0.51894975950127042,-0.83015878372851348,-0.20378307317333244,0.0030252142160464711,-0.23661207944506832,0.97159949152911107,-7.2859718864894987,8.7696207640308632,-2.8365639788601982,,0.2829222095939655,0.3471074380165289,0,5
0.98791965932856196,0.15496482400293621,-0.00080624678413360868,-0.15226172945366312,0.97162870347638797,0.18098074020340651,0.028829021071091757,-0.17867167067706169,0.98348630983941532,-29.40620255042511,0.66649371495026999,-6.3626058004205222,,0.258986306852994,0.2142857142857143,0,2
-0.8598761026018269,0.51048786151641035,-0.0039027450205913784,-0.5002617949920225,-0.84412545646259285,-0.19284799771628353,-0.10174096837387095,-0.16387299044144668,0.98122088153388054,-0.7879185810892767,14.198126550323567,-1.9667821979506226,,0.1777144605912047,0.36,0,2
0.34184035772146504,-0.89369600064306931,-0.29060734379475606,0.93806230426408632,0.34306718079643755,0.048415108996436619,0.056429452873594368,-0.28915803273464025,0.95561673748078502,-27.36883023332263,3.3384514968466994,-5.840663144115295,,0.6182750540523817,0.5277777777777778,0,3
-0.32320988806879014,0.93699677550941729,0.13256097064941658,-0.94474720672277646,-0.31139727367157405,-0.10239361962262528,-0.054663366563651769,-0.1583312370786833,0.9858717643390863,-7.9916627666629925,7.3739836619532619,-2.9783563474929715,0.5914763868393459,0.6008847241364463,0.8065843621399177,1,5
