axis_00,axis_01,axis_02,axis_10,axis_11,axis_12,axis_20,axis_21,axis_22,location_x,location_y,location_z,dbh,dbh_approximation,score,reconstructed,number_clusters
0.50310050739409928,0.86422522764972642,0.0021529871289386465,-0.86011070404705481,0.50045928592125433,0.098742492974741344,0.084258271068651122,-0.051529205592226332,0.99511068968610417,-3.9413972309245904,3.8493667877197906,-1.5928352394177734,,0.06606224067094324,0.29,0,5
-0.52975952192972608,-0.77026512509603329,-0.35503026066179338,0.8438569872662478,-0.52073238856439552,-0.12939538068243253,-0.085207006558852952,-0.3681432011606518,0.92585654907899606,-22.581826790530151,-7.4273383372892772,-2.2457174969767153,,0.4229892370927727,0.1052631578947368,0,1
0.64550936565586436,0.75757422501964689,0.096948194601264304,-0.75742985020535125,0.61868795604909255,0.20862702379532519,0.098069775509393151,-0.20810215430330614,0.97317820182423898,-3.314506588245004,11.095245785648512,-1.7618586732234196,,0.483145917449744,0.6526315789473685,0,4
-0.91136061241745348,0.41080108053349434,-0.025774141432804591,-0.40659889086553086,-0.90824125497283559,-0.098869432648768157,-0.064024808324625287,-0.079625969368557772,0.99476657006611979,-7.8923315760712258,16.36127238241793,-2.2191009682893132,,0.3228282687738228,0.5,0,4
0.93883380546860873,-0.29601242050060228,-0.17597651155397312,0.33510538418017066,0.90302428446767302,0.26879643441665579,0.079343980255538155,-0.31132585593076256,0.94698508131130898,-15.595873441931365,0.36501612562789904,-2.2121113655186231,,0.5940552386834592,0.6578947368421053,0,2
0.22939583062616273,-0.95527295280442426,-0.18663102242567009,0.97315889498604746,0.22147024326051504,0.062551550417756882,-0.018420586333493659,-0.1959707044189167,0.98043672157293538,11.276511158267351,-2.1885122714458731,-0.379015475176191,,0.1744294109612017,0.4838709677419355,0,3
0.37947937369420803,-0.89438154773952316,-0.23680593743338765,0.92490418475122582,0.36024742953895145,0.12154850283013535,-0.023402007826698622,-0.26514795223352572,0.9639237052049533,5.9766185710612829,-8.8570971931816356,-0.50825483825638873,,0.5017055565122732,0.2857142857142857,0,1
-0.81625904920216685,0.57474509516710603,-0.058217181114598497,-0.57387906178999604,-0.81830227574728587,-0.032314206563803266,-0.066211683520430442,0.0070328577526116249,0.99778081354434878,-7.782387673063826,8.3660942267374896,-2.0347501919470092,0.3151277354564765,0.5994602020781328,0.8760683760683761,1,5
0.83485182849125228,0.55031714823411482,-0.013170452698530979,-0.54292897571971843,0.82712012142267444,0.14525987767335488,0.090832548069237559,-0.11411985408863749,0.98930587136337045,-23.844014270601853,7.1934237203800633,-3.0816991087508057,,0.352662796106032,0.8636363636363636,0,1
-0.97847694154499887,-0.18350688693478803,-0.094382717232802837,0.19307268825508378,-0.97556903910104042,-0.10482359942983736,-0.072841004349882027,-0.12079019991280202,0.9900019776194009,-3.9056337109364896,14.169968006948618,-1.8410277997587996,,0.4850915244361497,0.3125,0,5
-0.41896246562786033,0.90731685555693298,-0.035306883426662071,-0.90800028351963902,-0.41853975996950815,0.018972465652141699,0.0024367033629965882,0.040007411150265203,0.99919641188796027,-6.5661105548419281,-3.4631616199502067,-1.4292767393582253,0.5601096530314953,0.5942057717137162,0.9559395248380129,1,4
-0.97226443300427867,-0.21855703939834228,-0.08327480317779036,0.21675005669516206,-0.97575785680525395,0.030265786053913994,-0.08787084406964718,0.011376529007072991,0.99606691007694759,0.31015467348336673,7.7347686595292728,-1.4203171953956137,0.4286830199552072,0.4229526059155774,0.7611940298507462,1,5
-0.90618991991966036,0.41999490195152994,-0.049235265518986264,-0.41864017263510078,-0.90745066687019105,-0.035688836530475616,-0.059667703928116274,-0.011729003860974068,0.99814938540099085,16.675369181572538,-2.757012451347467,0.0089096619336364816,0.4088165174982247,0.3250114763487501,0.5666666666666667,1,5
-0.99160913818760033,-0.040498101935881672,-0.12276490053120423,0.059722053815295183,-0.98575807115832714,-0.15720782879455583,-0.11464987287794318,-0.16322049162346705,0.97990534122601147,9.9104793556631758,-1.4610330898081911,-0.50894012517514864,0.5938844301721922,0.2568945355318945,0.15,1,5
0.74645955887789972,-0.65501121186966715,-0.11729637370712884,0.66527356590064701,0.73842911406857203,0.11015228554025795,0.014464075278073304,-0.16025840327712984,0.98696911537566145,2.3182013468984142,11.900740797043266,-1.3863905710060802,0.7724586973023213,0.4950914701041785,0.6071428571428571,1,5
0.74976628172920456,-0.6270195671465294,-0.21141661523480496,0.66141533975507805,0.71957452232571883,0.21152365152953453,0.019500541496003054,-0.29842749410048031,0.95423307406852642,-3.7280678248553678,-4.1035188989075841,-1.2262889080241903,0.6595415803073983,0.7465037097649853,0.454123112659698,1,5
0.34645633608302345,0.92980878481681362,0.12419191143310371,-0.93668875277934471,0.33573076993188838,0.099493871859617472,0.050815230045761946,-0.15079944893275346,0.98725748343427333,5.1490181094393499,5.98260047966708,-1.014419290369944,0.5372841956145649,0.2312775448799123,0.4,1,5
-0.67191820626155108,0.73658736809078684,0.077233239368475218,-0.74060258755099351,-0.66741651066630003,-0.07786532349380075,-0.0058078745710735992,-0.10951826541316795,0.99396781544165591,-24.220100231657057,8.2987502858186275,-3.1669874275231531,,0.3902133994930219,0.3809523809523809,0,2
0.99207925301296096,0.11981872960904641,-0.037712435298172198,-0.098647842614373163,0.92902989483955256,0.35661191461018127,0.077764766371246033,-0.35006703148009172,0.93349114327986038,-23.829982281288775,3.5282781839229882,-2.8646604693537472,,0.2799493488893947,0.1111111111111111,0,1
0.9639485823378543,-0.25622837180173019,-0.071764560144096198,0.26333767056402058,0.95731313843994326,0.11918400157815728,0.038162833631120711,-0.13378556145601511,0.99027522521526445,-5.8508956669774124,6.9655576933129142,-1.8550120939300596,,0.1032650043255257,0.3289473684210527,0,6
0.99693916826792028,-0.0020223172604383554,-0.078155006277044373,0.026596453462064167,0.9488148417986656,0.31471101767464782,0.07351818439343405,-0.31582638619258901,0.94596446568992298,-16.726963782162777,4.4087649123976718,-2.4452019898145383,,0.3968561618341557,0.2676056338028169,0,2
0.38477437113851404,0.90767854554695759,0.1675360894515574,-0.91713861567349753,0.35553401470783552,0.18014528588400219,0.10394923258716877,-0.22296910624453731,0.96926742166702895,12.216667876118551,0.90551801799259379,-0.36293440493005674,,0.3324740107702229,0.3846153846153846,0,2
-0.96759882653684426,0.2392296771222828,-0.080756872577460559,-0.23795836881814647,-0.97094947537215082,-0.025158119642642366,-0.084429411900893994,-0.00512619337470683,0.99641627673756694,-2.2776325558607429,3.2790931451765339,-1.4836700021778013,0.8708907098608224,0.7380181011703553,0.8869047619047619,1,5
0.80423263736215111,0.59404334082439514,-0.017954782753088934,-0.58872316019224558,0.80043694659473119,0.11271971956742595,0.081332070272276916,-0.080082480907469278,0.99346458950328465,-19.468198517589748,4.5621723236345524,-2.6655496680681967,,0.1698652031437092,0.4857142857142857,0,2
0.47921323618410805,0.87753814790356932,0.016777164239757156,-0.87237073046520475,0.47411435775335997,0.11910031234100035,0.096560773058002966,-0.071710353130440468,0.99274047079805705,0.48811143513207245,13.779683669049801,-1.5589465580252617,1.227510193547331,0.5888956070200487,0.1666666666666667,1,4
-0.46540790687102623,0.88497325182665654,-0.014758854064000591,-0.88507528386661594,-0.46521720336202632,0.01465249413728612,0.0061009925715625147,0.019882083577115649,0.99978371693195356,7.7178167161760634,-14.395305775971641,-0.10505197612805584,0.1926405957217081,0.1442003113439887,0.3846153846153846,1,5
0.43641627476039552,0.89369875302977442,0.10413152239972286,-0.89723633466569208,0.42363880568758017,0.12448743740343225,0.067140113791471459,-0.14775892916715966,0.98674186288585175,23.48346393572335,-1.281945888932627,0.40784159912530804,,0.2183488632760781,0.2857142857142857,0,6
-0.53697581816969764,0.84357901256071643,0.0056053784948991115,-0.84356491145214529,-0.53700166032134589,0.0052399407298981265,0.0074304015852945399,-0.0019147791531075177,0.99997056094320913,2.8390989032180003,5.4207949480407152,-1.1736217146500867,0.857289244430349,0.7785739224298269,0.664179104477612,1,1
0.19014956300731256,0.98159616010294626,-0.017666979347869653,-0.97920007506459672,0.19092142912421084,0.068674747139365874,0.070783873033445591,0.0042410343454105581,0.99748265997262542,3.8801661203074325,8.225175190666457,-1.1775869251115858,0.415379625126858,0.1871078092239696,0.1304347826086956,1,5
-0.71877897378390976,-0.68168294993091483,-0.13662043265791807,0.68963460057926329,-0.72398371259998751,-0.015865105540775318,-0.088095996106695038,-0.10562168178658127,0.99049641887618367,6.0693156134210708,2.3836224997518451,-0.87246559841441329,,0.07404383549549587,0.2857142857142857,0,5
-0.96488815802838657,0.26206262906844552,0.017720636058612405,-0.25658481190164129,-0.92599181483960358,-0.27695377439467544,-0.056170070304271132,-0.27177626330456417,0.96071982695592428,-16.895613320050913,4.749443329883114,-2.4700281711610259,0.8095304260961618,0.4440479424821083,0.2641509433962264,1,1
0.28398951671959177,0.95879786137276968,0.007524321921355037,-0.95669966934293726,0.28282809449324675,0.068804154267264828,0.06384118633364505,-0.026738174812850918,0.99760181081190391,-6.2777856326090573,14.8638031672055,-2.0620152484681991,,0.2599533495030939,0.3333333333333333,0,5
0.83053828214618275,-0.54194875503944528,-0.12844340699648488,0.55628227822342502,0.81855181031490121,0.14325837066208499,0.027498887690689984,-0.1904323521395323,0.98131510252027643,-5.301801246399525,-5.1435126691071673,-1.2765969106807267,,0.07551151894148661,0.1904761904761905,0,4
-0.98508876868083139,0.15657375978472188,-0.071307612256758843,-0.16010938227271357,-0.98598571264288237,0.046873875158322191,-0.062969068018624508,0.05759194571278245,0.99635237956351663,-4.4579776665916384,-9.8742069286899223,-1.0416842801367754,0.9605664893636831,0.241229694700279,0.576271186440678,1,1
0.04353150040486916,-0.99574349909459103,-0.081239722324495736,0.99770251937100229,0.039103534525816615,0.055322657459156523,-0.051910416230808346,-0.083461353921731776,0.99515803322301288,-21.107168453108777,10.471623108499562,-3.0095065857805592,,0.4251221147405463,0.6956521739130435,0,1
-0.9652104415889291,0.25359390549800431,-0.063709768026371558,-0.25538719764142465,-0.9665963867211248,0.021651892723864627,-0.056090843535863154,0.037169292055877795,0.99773356212943942,-16.256120554669,1.3510484200070323,-2.2956085837498694,,0.09943951246876806,0.3561643835616438,0,2
-0.78939629377472287,-0.59203885262807932,-0.1623067723588906,0.60770037853699965,-0.79106925719868515,-0.070069110463240561,-0.08691226208493652,-0.15394618310938993,0.98424937460245865,7.4494596168417813,-6.099974466227188,-0.55320039303958046,0.165233285490298,0.1777097081247072,0.35,1,5
-0.99114061469266401,0.12009221661172931,-0.056728664852349765,-0.10527428665474198,-0.97075829225522159,-0.21574443813702737,-0.080979049611513587,-0.2078610053064496,0.97480059294042709,1.6337664187946401,-6.2533792908135357,-0.8389436668711524,,0.3256232724535074,0.2741935483870968,0,4
-0.29120875086822695,0.93504534785158333,0.20220697534674545,-0.95613877872318864,-0.2914476277515059,-0.029273129312556066,0.03156103989885288,-0.20186252187846046,0.97890521656663554,-3.9697479116490295,13.039135119774457,-1.8352552650912455,,0.3987649728333234,0.1538461538461539,0,1
-0.54290407172396471,0.83977657530472094,0.0055201879510531991,-0.83972501515800457,-0.54276259370778268,-0.01645192358023163,-0.010819788511313821,-0.01356725621027241,0.99984941953050854,-21.625232298122022,7.7154664839424836,-2.9727341854142093,,0.4965553935905791,0.76,0,2
0.2646998275454584,0.96356621800106634,0.03839459368877627,-0.96161021021575266,0.26075508828551253,0.085513668743836604,0.072386496711891415,-0.059556086677485499,0.9955969403495788,0.54002215090869166,-2.4253762831992662,-1.0686486351079707,0.2334455774751628,0.08543010237845033,0.1935483870967742,1,1
-0.91709710791388133,-0.38006709114986098,-0.12034076982002523,0.38331852172371411,-0.92360657321379913,-0.0042200497399356562,-0.10954362400221915,-0.049999041402253558,0.99272367268002326,-12.223578017992294,11.601234829469005,-2.4630351280810401,,0.1380486221888871,0.4545454545454545,0,4
-0.86061326536509342,-0.48371685655078139,-0.15925705688057501,0.50281119209821779,-0.85670478142308193,-0.11505573687391171,-0.08078188273617401,-0.17909472403021964,0.98050974867470764,2.6255968065668789,-5.0603295061392233,-0.83145113866617171,0.5061881836491663,0.4050146189352944,0.3993399339933993,1,2
-0.78226508139973527,0.62010563500821914,0.059416696758728703,-0.62294206814756969,-0.77836853337418355,-0.078010294096042168,-0.0021265358435738897,-0.098037889022437083,0.99518041086093012,-14.815895472975768,15.355708661371786,-2.7378146755842545,,0.1625514287709203,0.4666666666666667,0,5
0.1353882097972062,0.99050211449610781,-0.023991536562855052,-0.98907624132273075,0.13653872624937047,0.055546062732639782,0.05829426643167062,0.01620917681249015,0.99816784214292043,10.49851716638288,-11.379738718632286,-0.1034847921189922,0.2111487780674036,0.1368175937736585,0.5600000000000001,1,5
0.99459823067989406,-0.053466158514867475,-0.088970385084510203,0.076733830947190357,0.95594568114822798,0.28333685584868235,0.069901922123722537,-0.2886333740018851,0.95488454626498953,-15.464719235676403,6.9689132805371194,-2.4836235792423182,0.5848495247538703,0.3224612844365948,0.35,1,6
0.067378816557415414,0.99741378250922408,0.025016825137588145,-0.99623646517021336,0.065886704848411498,0.056319158280082673,0.054525228513788368,-0.028717391679273851,0.99809934919859455,-3.7757961886891769,5.0996823959455826,-1.6437504204549955,,0.5106514564938464,0.7927170868347339,0,3
0.9401900531601175,-0.32931961106320473,-0.087127823959709361,0.3365708128595753,0.93749722277480585,0.088425365255504415,0.052561886094575232,-0.11246133139308095,0.99226493290424955,4.7012523186989608,7.1095442656050007,-1.0952034093484868,,0.08781835275746371,0.28125,0,5
0.84416022029216875,0.53429688754671967,-0.043821894461177124,-0.52838287147525997,0.84305012081098396,0.10038941643492959,0.0905818061634759,-0.061590013463829807,0.99398269936336869,-20.610929973004907,-11.994581299956511,-1.8530442024554772,,0.1861997359264671,0.3333333333333333,0,2
0.72437049360803785,-0.67086645340766182,-0.15882565813581193,0.689410694877582,0.70470807604684238,0.16762882014369693,-0.00053082808695118151,-0.23092147853022202,0.97297224470945642,1.9836410038353187,15.605856922998413,-1.5327071302525017,,0.4194842810780466,0.25,0,4
0.264597480077645,-0.94977121536623099,-0.16710120286314967,0.9632650720462983,0.25204854572462104,0.092692672707942639,-0.045919217242875239,-0.18548899983517869,0.98157284825322322,8.5187983599649311,5.6485515926234591,-0.76912229697187517,,0.1292708669910014,0.12,0,4
0.8166641147574436,0.57662697472595958,-0.02368661406423344,-0.57110489250731555,0.81338783706558271,0.11063194958049057,0.083059770175747269,-0.076821601989025184,0.99357914432932359,-17.004558671557106,16.770022537492331,-2.9494782603048408,,0.1099263101977344,0.5263157894736842,0,3
-0.2241224599241734,0.97431120228282786,-0.022063636684057451,-0.97388521881913703,-0.22306669410965088,0.042294568736320141,0.036286409620368686,0.030966612426615369,0.99886153464415717,3.7835595869101337,-6.8851239024823059,-0.69307443935472168,,0.08333189216912011,0.2222222222222222,0,5
-0.34460934652086317,0.93173645695090279,0.11450577749197803,-0.93851446146514095,-0.3446617311308186,-0.019972398821961584,0.020856747379680615,-0.11434800340402124,0.9932217930584557,-13.289202927446325,5.0919242083455805,-2.2637237174300968,0.6031398757526792,0.29112831158099,0.592,1,3
-0.46071396698845213,-0.82683148378287563,-0.32263344223308621,0.88010534666556739,-0.47257648675081459,-0.045673219077891118,-0.11470492313952083,-0.3049937074689637,0.9454213975851673,-18.914541390947349,7.9366134782260538,-2.7646932521049337,,0.4625731250589992,0.3269230769230769,0,3
-0.10273257221662584,0.9946539909760771,-0.010462162353858684,-0.99343073036608576,-0.1020618296110883,0.051756805356814421,0.05041232557680439,0.015710543332423194,0.99860491499798809,-11.193056662069093,5.3106308424780417,-2.1505597812731443,,0.07516480317289469,0.1486486486486487,0,5
0.11414284820942548,0.99326594579052929,0.019853743613837418,-0.99167416044151435,0.11271523804877581,0.062270656205184953,0.059613502793046953,-0.02679619458900304,0.99786181119446082,13.829790326549126,-1.9248075144414372,-0.15971809115989458,0.3079881580280097,0.2433055473874271,0.4035087719298245,1,5
-0.96025886393357762,-0.24749750842797114,-0.12902673195482534,0.25915414926958946,-0.96227250899579453,-0.082889959267058305,-0.10364381869340462,-0.11303363107007394,0.98817071252580824,-7.3980604272598063,13.463260294238733,-2.1234020257253978,,0.2787734255985941,0.4516129032258064,0,3
0.87647395673944095,0.48073164241663707,-0.026277198041509017,-0.47303416007679017,0.87003067792006439,0.13887153372235941,0.089621908917161083,-0.10928727033537428,0.98996171945418576,-1.6424537598046949,9.5046714480258991,-1.5980629827598984,,0.06999463404675389,0.21875,0,3
0.96754534655433422,0.2482233379589617,-0.04734106941719942,-0.2427467770815771,0.96504400249650968,0.098813336458311279,0.070213991323383254,-0.084114491843126443,0.99397924912163627,-10.013877482548235,8.3229587420670779,-2.1896045699446449,,0.09623837645849231,0.4307692307692308,0,5
0.23490572713314067,0.97032136812780168,-0.057408552626259685,-0.96944739638264632,0.2381681121244868,0.058717084515211036,0.070647328378070834,0.041861592440439854,0.99662257754447436,-13.881138447501426,5.7865032280430704,-2.3375324061648586,,0.0809566883278076,0.3461538461538461,0,1
0.39593809790178225,0.91124203047716579,0.11345036148805736,-0.91395958249336062,0.37909070479940798,0.14480372613731374,0.088943263929769908,-0.1610223569152443,0.98293483831583606,-12.536302826989457,13.804745358365084,-2.5208877498692774,,0.5415724789803222,0.1764705882352941,0,5
-0.60151193964373684,-0.77659007146351433,-0.18732657945503245,0.79128927330571186,-0.6114109228375072,-0.0061619304041471215,-0.10974822284368521,-0.15193598763716556,0.98227836342015129,5.8515499148915975,-3.70233348094929,-0.71117789810534193,,0.1391680891267562,0.1891891891891892,0,5
-0.7005226290019162,0.71351808315976117,-0.01264876516754347,-0.71339626520504973,-0.69972920193840882,0.038010692523597983,0.01827060611282116,0.035650932086795623,0.99919727581374629,-30.73725324966685,-7.5299829330931107,-2.8468731320466905,,0.227841807664753,0.4545454545454545,0,2
0.92507265729689547,0.37971216617454173,-0.0076973749224169552,-0.37030855239312022,0.90629299822682086,0.20372672232564404,0.084333592038822916,-0.18561161661942308,0.97899753474140672,13.460935531469808,-4.6668195557926424,-0.15840967530502906,,0.3057036250144464,0.2941176470588235,0,5
-0.34780683997293865,0.93754999539090211,-0.0055143640212762636,-0.93692990748971017,-0.3473481258670395,0.038879659308939767,0.034536220397757382,0.018689184015785752,0.99922868447691315,4.4557367712445881,3.255250402329819,-0.99942489533611412,,0.08308698755750463,0.2962962962962963,0,5
0.93092302215077471,-0.35444455529835195,-0.088041944827569163,0.36181896145518022,0.92786688184992983,0.090277841675476311,0.049692715373200941,-0.11589696624778899,0.99201740269684568,-6.0810295622668065,9.099201026980472,-1.9133723223118899,,0.08186910640973698,0.4067796610169492,0,5
-0.65320651126072149,0.75702610798096948,-0.01525534272912416,-0.75717319118858695,-0.65298402341883832,0.017338503540909767,0.0031642047798923706,0.022876559945325926,0.99973328983943455,13.386449152122671,1.1243810991286509,-0.32547739891738975,0.2788070172253757,0.1054775162867966,0.44,1,5
0.6064531346226566,-0.76442844181812708,-0.21877786187332629,0.79509527160965077,0.58089096262254047,0.17432497987217344,-0.0061728899495641478,-0.27966917399486207,0.96007658472993784,-1.2496139953246233,13.999070284624933,-1.6683096201662615,,0.4183937875601977,0.1153846153846154,0,3
0.46469338676481409,-0.85724335325191325,-0.22179695580071079,0.88475736438228481,0.45957543410210261,0.077426265189385848,0.035559281043915481,-0.23221596343765727,0.97201403480421011,4.4338605990887947,4.5175690693946287,-1.0232745093707789,0.5940513487571077,0.2134140383007886,0.2978723404255319,1,2
-0.8904940908271719,0.45401744683266376,0.029806579364915653,-0.45194429803225872,-0.8750506499101659,-0.17329948519232344,-0.052598723159565305,-0.16779308109497454,0.98441802922266608,-8.2793041325504788,1.3279738893311639,-1.7565012371582465,0.4497822707751816,0.2325003973654654,0.2022471910112359,1,6
0.74169539759606307,-0.66404597764703899,-0.09450331610904851,0.67051979941089379,0.73764322711829466,0.079282205345736365,0.017062701509236028,-0.12216959137730213,0.99236256235304932,-1.0501329136371054,-18.381532697543715,-0.39240884722769426,0.6294751849498791,0.5609450851489914,0.9858156028368794,1,5
-0.97407266073802767,0.2241748248676213,-0.030464725475691162,-0.22445071501941768,-0.97446748440667541,0.0059159412942318039,-0.028360679293875219,0.012600386093131532,0.99951833506959364,-11.021377408660257,9.4451307026304683,-2.283919393435569,0.4747406413869797,0.2646137659893573,0.8844221105527639,1,6
0.78484358164224499,0.61967078000123621,0.0053550693396429323,-0.6125123568008477,0.77440737231464152,0.15849868917755564,0.094070001175953849,-0.1276767250417703,0.98734466563675916,-16.799456820663064,5.5628828668068486,-2.5026141647692941,,0.1288059339074107,0.1785714285714286,0,2
0.49708030341606102,0.86672254133303905,0.04126994428146185,-0.8611361287470829,0.48691802710922627,0.14613487825480387,0.10656331320996082,-0.10817980967471283,0.98840345459557077,-1.6949694581886234,-10.338736528123002,-0.85411444140939996,,0.2255257653528631,0.2121212121212121,0,4
-0.82322962142461531,-0.54886142502142843,-0.14506593856770877,0.56070296634773198,-0.82609746498528691,-0.056348574726745954,-0.088911045084047388,-0.12772671791104795,0.98781613248303068,-8.7293994975427722,14.572409735266865,-2.2579663079700092,0.765930223208976,0.7091844223948321,0.7849462365591398,1,5
-0.5874949291643039,-0.79378037174961946,-0.15736082622833977,0.80459276001053637,-0.59376249526121994,-0.0087515575640825134,-0.08648814222110067,-0.13175287718378625,0.98750239524212624,-3.1705673694633156,2.3493688970027429,-1.4879592139991105,0.674073422480498,0.464038218819948,0.8007968127490039,1,4
-0.14479335824962455,0.98930669759052847,0.017525453184406434,-0.98885179225719066,-0.14530328572008117,0.032543633919565156,0.034742140931987839,-0.012617973746659541,0.99931665170855155,-24.294202677629738,-4.1679056598497937,-2.5614955864399938,,0.5413638909864965,0.6024096385542169,0,5
0.18816952974265561,0.9819774007281018,-0.017680852233671201,-0.97990086625510842,0.18892476564488561,0.06404471280686011,0.06623081147710648,0.0052742189285327045,0.99779038992454594,-7.6676086144296427,3.789958242220175,-1.8427168055236451,,0.06643497604576458,0.168,0,6
0.34853531669228283,0.90742699088031253,0.2347325909202041,-0.93412907864452688,0.31572020280995361,0.16650410796244575,0.07698050044614009,-0.27730310088338983,0.95769357980072045,-23.018871429167611,-6.7060890274990514,-2.3205646065196222,,0.3760199531330842,0.1666666666666667,0,1
-0.95890508284550224,0.28372236340240803,0.0016317470426560629,-0.27807261064457717,-0.93863690780458697,-0.20404994123094336,-0.056361913579727793,-0.19611826996074061,0.97895912012976094,-1.9307859933667151,8.4336922256414777,-1.6031521747768038,,0.427489378188484,0.3267326732673267,0,5
0.7796504190922704,0.62615237856448736,-0.008855666394031167,-0.61758168976534378,0.77116500379450792,0.15458781772571706,0.1036247097744071,-0.11505535946079083,0.98793936240212532,-18.945091315502065,5.473980831064905,-2.6563115581274555,,0.2569221460256067,0.3076923076923077,0,2
-0.49700198915788479,0.86753104603794773,-0.019465531932353633,-0.86744055558647282,-0.49610163922571027,0.037815950092439876,0.02314962844057215,0.035679794252025006,0.99909511408333673,-17.371846791042884,12.372037302295599,-2.8376024014356211,0.5143155035163518,0.1711934491972834,0.1764705882352941,1,5
0.37462870315196539,0.92565786022536711,0.053017549713939946,-0.92069038428245531,0.36464886865154528,0.13914172228692501,0.10946483939832209,-0.10093923119452312,0.98885222381372884,-8.5214039113114097,-15.022442843936226,-1.0468837882876887,,0.2169489086666484,0.4473684210526316,0,5
-0.58611415682398094,-0.73479352194632874,-0.34139226012934754,0.80552256755506135,-0.57380463538038917,-0.14792441845577886,-0.087198556926223011,-0.36169976571970391,0.92820778446870145,-9.3353568732781085,-5.2354162894521528,-1.5446507511461924,,0.1210258884958425,0.75,0,1
-0.80100236367124777,0.59691942770179607,0.045633433195788962,-0.59537656930692107,-0.78631599214616876,-0.16502697117594736,-0.06262550689132465,-0.15935607088324602,0.98523280931932944,-5.9959438988221976,-11.332115780341066,-1.0580885701559555,,0.6698682941707599,0.4696969696969697,0,4
-0.41055331394078892,-0.89887005347070914,-0.15322729321436249,0.90781732385926373,-0.41869171232223695,0.023768814309456252,-0.085520073159699242,-0.12934402578487078,0.98790507645245029,-21.853155272913174,-9.7076970306813095,-2.0778228003623131,0.1555837688499375,0.1394452819005543,0.5757575757575758,1,4
-0.054475781450527679,0.98904010868011372,0.13722992624564295,-0.9975720026777416,-0.059879699886933674,0.035560104259857658,0.043387656180940939,-0.13495956788416677,0.98990071538899516,-18.229324507787151,-3.8154163822479474,-2.1892680870341898,,0.5045157153586654,0.6666666666666666,0,6
-0.069352921823947491,-0.98557131113982366,-0.15440000936726045,0.99686266168630699,-0.074385102904599681,0.027049772671192452,-0.038144540502836166,-0.15203962353281722,0.98763806473111693,15.716700534320266,-5.1632265399351871,0.023227671329516482,0.3477932499730176,0.4075858462537519,0.803921568627451,1,5
-0.56812047941397104,0.82106510573015024,-0.055598678246665478,-0.82292694080285367,-0.5663572821969598,0.04506305585875417,0.0055109864176669712,0.071354895100544602,0.99743576633981479,-13.132271880645794,-3.4912650286414428,-1.8673405785151325,,0.1619085001931293,0.7963446475195822,0,5
0.33955176974035978,0.94049376310527577,0.013269409416735966,-0.93816811916304554,0.33763353719723271,0.076447202340963527,0.067417919370632379,-0.038406719721477078,0.99698532989606825,-5.2373110769425706,9.5116840029269376,-1.8635278291738935,,0.141198102454526,0.2459016393442623,0,7
0.35591364718472956,0.93227135992381516,0.064773352649559426,-0.93128780133445366,0.34807138580591512,0.10746786249288168,0.077643459694316977,-0.098571912069057882,0.99209630143335714,-10.149006883411161,5.8826012008171187,-2.1101519627141005,,0.07281716436078232,0.1538461538461539,0,5
0.98802305570122217,-0.13533168859114825,-0.074133497596494957,0.14500620692236921,0.97857069064445878,0.14619371862571651,0.052760225139853956,-0.15519258189326129,0.98647433882919433,1.7409878190032071,9.7516260821418737,-1.3678910031490117,0.7256154147115338,0.3172661313139304,0.4210526315789473,1,4
-0.97749524702082968,0.2016585287953726,-0.06194255254486479,-0.20346974435934437,-0.97877690573363418,0.024409668839131385,-0.05570552200662432,0.0364637706028723,0.99778118255025749,1.300491977306764,-15.096910033008623,-0.43799619636754755,0.1627619563797381,0.08469011308157093,0.4761904761904762,1,5
0.16677009725122138,0.97633517880479903,0.13768570474461087,-0.98388957788683218,0.15566089138887851,0.087926022414820643,0.064412989283916589,-0.15013096123125874,0.9865655889454531,4.0652629602493597,1.6881916109793638,-1.0068933473982049,0.1576753564797191,0.1668618424076596,0.1666666666666667,1,5
0.7189073306570557,-0.68951078347600536,-0.088017778873667851,0.69491700294392178,0.71587882740796016,0.067881245483881678,0.016205213574216157,-0.10996537609316369,0.9938033040364197,-2.9701673316334536,-12.475187469422851,-0.83385526048506109,0.2537544282809676,0.2918268408669354,0.7192982456140351,1,5
0.75913352259540112,0.64845202866653417,-0.056800188293292864,-0.64443812345530749,0.76098773970599365,0.0748142035616505,0.09173766897681114,-0.020189763134287379,0.99557851199957159,-3.2808289693871262,-10.153155090866852,-0.96186048775372013,0.2694353311611626,0.2215985136911564,0.7099236641221374,1,5
0.94666240307660732,-0.29548004351573376,-0.12853730386609066,0.31339940749536033,0.93703306391506735,0.15410985857984108,0.074907315949649944,-0.18617352393367231,0.97965724261260767,-3.1989753621193566,-15.656816179700455,-0.66591799088790493,0.8479445838400117,0.7447092229618644,0.6933333333333334,1,5
0.23619453041127395,0.97064479859145625,0.045396241817463254,-0.96888667164645359,0.23169603002941552,0.087037734198831193,0.073964594973919634,-0.064541650396933686,0.99517014326917197,-15.957655414559976,5.6935600211559114,-2.4411087715657165,,0.9024858785973766,0.7402597402597403,0,2
0.60293559612420433,0.79659988489254785,-0.043557896132954917,-0.79205888443263939,0.60424403276713989,0.086786361005782131,0.09545360400567808,-0.017826167689170617,0.99527425226810928,3.9445331378651551,9.4756457504543903,-1.2211128589821434,0.2465047818562812,0.2058012458232849,0.7666666666666667,1,5
-0.99681792845467787,0.029534061526374888,-0.074038886546746119,-0.026209566762863502,-0.99862143012424975,-0.045478543366098099,-0.075279984866022914,-0.043393300247334968,0.99621782024425576,1.1629742717028846,11.395600455216114,-1.4499311855798684,,0.2906060518845849,0.4,0,5
0.18500234277339067,-0.95832833640434867,-0.21767161692060291,0.98273425406656456,0.1797884316584161,0.043697891551416873,-0.0027420890921402387,-0.22199756639720147,0.97504336388754009,-4.6189133848880939,12.279899895398527,-1.8826567980754232,,0.2444837456888289,0.2857142857142857,0,5
-0.86543151764938164,-0.49312703356314963,-0.088622892236127987,0.49241074265925849,-0.86979989197243079,0.031301891931719394,-0.092519991206471586,-0.016549220342838365,0.99557328938315648,6.0538277650303236,8.562245537339944,-1.0485027170365768,0.1867011612967791,0.1413941986919753,0.2105263157894737,1,5
-0.84951227104320748,0.52587935908083383,0.042187688248405263,-0.52702862706884512,-0.84230671578831184,-0.11296115610172112,-0.023868967236587643,-0.1181960076764047,0.99270336766448963,-13.081715686945632,0.97566722895811531,-2.0665408418444846,,0.3458712064250811,0.2352941176470588,0,3
0.98169742616223588,-0.17220250774871093,-0.081341623978748875,0.18087314581899672,0.97674463867784456,0.11512956151931819,0.059624395912955992,-0.12773490963376349,0.9900145071022306,-6.2445603632214359,-20.467187945402646,-0.55593125000699517,0.1755156469403121,0.1219933428566002,0.6666666666666666,1,5
0.53317394397439832,-0.81752216914494447,-0.21767647650431204,0.84583074528288571,0.52034803156576648,0.11750862257652642,0.017201622045194098,-0.24676999210232009,0.96892139784238285,-15.585532222295152,-5.0925494982875499,-1.9397950818226806,0.4418492478328657,0.4922985988868581,0.1639344262295082,1,3
-0.98912537326979766,0.13557763036795559,-0.05700615841900511,-0.13224295174098202,-0.98947776857673098,-0.058698783694766464,-0.064364568426386451,-0.050521793675825703,0.99664675321553187,-0.73629275727935761,7.7993601438285411,-1.5016908243636706,0.6797590936574325,0.6383765262619688,0.6929824561403509,1,3
0.12987763106252112,-0.95986337028749336,-0.24858421375848153,0.99046765240381196,0.11399245915998552,0.077327542288250534,-0.045887149522168033,-0.25625774063429529,0.96551868955175391,-13.658229778755972,8.988440489832211,-2.4552232749499003,0.2283945858817008,0.14610319122383,0.288135593220339,1,5
0.99686973994725769,-0.047910015721892969,-0.062891589032365428,0.057591027004133974,0.98503169250249178,0.16246796107013523,0.054166365819547958,-0.16558138530404259,0.98470747415397319,-13.875190651374654,7.4600155259289096,-2.402028858321879,,0.3868686587305286,0.2727272727272727,0,4
-0.61148787452908393,0.79125017790630892,-0.0023948417778339661,-0.79125006395112207,-0.61147288142907907,0.0049245887308049276,0.0024322009069059265,0.004906245005793744,0.99998500646694422,7.922054727689563,-8.2116474939490498,-0.44672820398844659,0.1612226468646616,0.1360009369425939,0.5454545454545454,1,5
-0.96525968225147729,0.24833916215723895,-0.081249039125497691,-0.24165281713908279,-0.96672707773779187,-0.083920635944284699,-0.099386426580902285,-0.061371147191402103,0.99315453002233678,1.6214329620062891,-17.519573027566206,-0.27974616978034544,,0.583168813765882,0.6666666666666666,0,5
-0.75795972119983734,-0.61903830368954604,-0.20564201808928834,0.64561951742530344,-0.75694832430040215,-0.10101818182056349,-0.093126257082436006,-0.20933421341000052,0.9733995517452394,-17.109039959455668,2.1612786119199221,-2.3968787867034664,0.4799929811453927,0.3902515208111558,0.5555555555555556,1,2
-0.66754341838518672,-0.71423948882752253,-0.21035146105986063,0.73657851201000901,-0.67475916867525609,-0.046391377795849252,-0.10880202303146527,-0.18590862510404341,0.97652450194359364,10.639104978337999,7.7137831349457819,-0.69009918527144676,,0.2711753980714149,0.3103448275862069,0,3
0.94205583549864536,-0.32736526732774407,-0.073231035431600616,0.33526179268100553,0.92623126810889267,0.1723228607750899,0.011416355428419822,-0.18688932480167869,0.98231463752908843,-4.2311970049027048,-8.771409813911033,-1.0800200542825995,,0.3825305295084647,0.6515151515151515,0,2
-0.86875887029696996,-0.44991548217148081,-0.20696396831993699,0.47049355821988931,-0.88026736068309097,-0.061361106489469609,-0.15457631433670457,-0.15068321943211924,0.97642241393141482,-11.688840805009132,17.149416409680633,-2.5461437381618106,,0.3573372363878098,0.3571428571428572,0,2
-0.99695722989080626,-0.011256956617837852,-0.077133408430809403,0.024758461545214525,-0.98400745795456224,-0.17639824622630021,-0.073914141748139622,-0.17777121144185407,0.98129205440181311,0.93583186370219951,-4.5442116392485739,-0.95754067385452768,,0.3023232902252532,0.2777777777777778,0,2
0.20167795094179961,0.97869097333641886,-0.038600295513512996,-0.9773032689835045,0.2036881855179945,0.058218927459573307,0.064840762935617996,0.02598272099300953,0.99755730345265203,3.8354265989875902,6.9951072539387349,-1.1433363977440956,0.3321110702829713,0.3344392532950423,0.6329113924050633,1,5
-0.55401737909788895,0.82523578075837756,0.10977545178052624,-0.83242067783370466,-0.55100193135580977,-0.058929506675727279,0.011855748495276689,-0.12402732682066461,0.99220797387913484,-1.4219830770605382,11.792893592759368,-1.5970044598724646,,0.224332341161305,0.2,0,4
-0.9117384002521729,-0.38021364588407802,-0.15546920270312362,0.3999482986042095,-0.90798636569095459,-0.12490843911813855,-0.093672023300482701,-0.17606346356603486,0.97991183728329589,0.4570174183847972,-18.720168130624504,-0.26491462484791495,,0.3146845054632627,0.4,0,5
-0.84713734505893246,-0.51901968895956785,-0.11391611421926379,0.52358292768335168,-0.85188593563445547,-0.012299207565448883,-0.090660004660450627,-0.070063650636556313,0.99341423807717033,-22.152918643569755,5.7898762575364158,-2.906567496687237,,0.2057107627420126,0.2857142857142857,0,1
0.11091183741648857,0.98838561153367466,0.10388670383693251,-0.99277626022212029,0.10537430290400633,0.057372061378999521,0.045758730973218253,-0.10949949406594923,0.99293302862731958,-0.19531132220869962,11.657471096585287,-1.5365283400649461,,0.3737150340558302,0.4375,0,2
0.99679157427398413,-0.038423624766556023,-0.070215258428573679,0.051994851663509208,0.97778455437578626,0.20306132232563348,0.060853043119322769,-0.20606064710163369,0.97664523592713726,-9.6720999368975171,20.143833066174423,-2.4817602947761745,0.5325397303266226,0.3166377034792117,0.59375,1,5
0.65567281459753113,-0.74142090178562492,-0.14278727742043634,0.75503609904722047,0.64475930757459532,0.11918860864815267,0.0036945004135748682,-0.18595827943739754,0.98255069537168149,-7.8125758336835762,-17.319719619289064,-0.89226473601463285,,0.1524691066567672,0.4666666666666667,0,5
0.045113085379415878,0.99388656050807822,0.10076861797688783,-0.99894302246576361,0.043991477811339698,0.013326205271544347,0.0088117759001502399,-0.10126329404772892,0.99482063603651105,-1.6994084526009525,-12.800141301966118,-0.74820368899702305,0.3444781977744177,0.1859192282666592,0.3103448275862069,1,5
-0.16506758492189125,0.98575881193392489,0.032128758187498177,-0.98357994428565121,-0.16693773021330588,0.068573226774479565,0.072960164522079721,-0.020281985254062062,0.99712860527971225,9.2836962527631872,1.3200054075787493,-0.59783403705196292,0.6353978579344023,0.3661298621440442,0.9166666666666666,1,5
-0.9507837379394698,-0.26509130541042703,-0.16042719054338825,0.29022063459546427,-0.9432559304955942,-0.16136986348105889,-0.10854615112870143,-0.19998712303717273,0.97376736631212835,-6.1559868490450791,-12.878633418544196,-0.99976365682610868,,0.4783821857356578,0.303030303030303,0,4
-0.91298015782893838,0.40396950252256836,-0.057235237767610435,-0.40586021513719434,-0.91356420010236816,0.02603724371184625,-0.041769811819502491,0.047000992787262809,0.99802113679900295,11.189660564916416,2.8142772228227972,-0.51323138051355732,,0.08793387346460632,0.2222222222222222,0,4
-0.72755465421926446,0.68466819042177374,-0.043516596241663763,-0.68585071561000266,-0.72740662789791521,0.022099628671777945,-0.016523347758044392,0.045924576369926244,0.99880824599324791,-9.8381492753419213,3.9683878821148006,-2.0119565795586247,0.3404882744437467,0.3489433715146661,0.6246973365617433,1,5
-0.98055949956076727,0.18255049396263767,-0.07196099620721344,-0.17907550431872346,-0.98245208913138271,-0.052152241700393953,-0.080218648543418161,-0.038251924335625916,0.99604305063109022,-3.7182768162867021,10.207898258705027,-1.767402013669618,0.3779151610726542,0.144454109658438,0.1914893617021277,1,4
0.67075551852295945,0.74156003309193774,0.013257137386323116,-0.73338431620190303,0.66048278188462739,0.16096564721396492,0.11060957969390763,-0.11769117279825006,0.98687096863030122,12.315478627239925,-3.9783682369137074,-0.25730496751250936,0.1568479632402792,0.2082291212947039,0.28,1,4
0.5621326285552446,0.82703188055453214,0.0050176149719031969,-0.82042919667152348,0.55685830536771508,0.12963317859219559,0.10441667090312334,-0.076987637250607824,0.99154932431426612,-16.315640897100916,3.0617710428926537,-2.389560299476309,,0.2889258951950938,0.2702702702702703,0,2
0.00063084683796001432,0.99125382038876397,0.1319676687562015,-0.99798565151791985,-0.0077475543421682697,0.062965186937448028,0.063436908788336036,-0.13174156127203981,0.98925220224014898,1.1013858157731684,18.570240264136057,-1.6704793765532191,,0.4750604239718502,0.2,0,5
-0.20802569808153648,0.97810623734520385,0.0057876941952209292,-0.97707180824939011,-0.20807271963802379,0.045126764416513303,0.045343031018632074,0.0037325338369872509,0.99896450273730897,2.561887491803319,18.193485998322501,-1.5426196960520799,,0.3075964236654375,0.3684210526315789,0,3
0.60383210738228688,-0.78544322205272188,-0.13588867143991473,0.79704403633616638,0.5927243373218315,0.11575259862028167,-0.010372571292521988,-0.17820439073668942,0.98393882171959568,-13.509541577161604,-19.539255575405594,-0.98161701937698376,0.6950456125451377,0.5500038898907268,0.4,1,3
0.46055992008359381,0.88704245577077523,-0.032252777752388266,-0.88404374935188168,0.46165931263321769,0.073057020818615939,0.079694474365921308,-0.0051342690985329226,0.99680611456609869,4.9600868195934318,-10.661095524133794,-0.47188910722931549,0.385683270703448,0.2106110221649461,0.55,1,4
