axis_00,axis_01,axis_02,axis_10,axis_11,axis_12,axis_20,axis_21,axis_22,location_x,location_y,location_z,dbh,dbh_approximation,score,reconstructed,number_clusters
0.79091673290931019,0.6104247997208927,-0.042805204003392189,-0.60747740731746658,0.79166378250414116,0.065112633721001595,0.073633696110629074,-0.025495477186059223,0.99695940711753339,-4.0241147595428481,13.236032309158556,-1.4464342271000408,,0.0754745999081701,0.1739130434782609,0,5
-0.78849585120714016,-0.60696359607074557,-0.09934528511205637,0.60957374653801766,-0.79271327802902269,0.005050382964211066,-0.081817725223398086,-0.056576071632356111,0.99504020419172945,0.072756857511276612,-4.9288316851438045,-1.1710391361475849,0.2135806682487353,0.1831207884644845,0.7386934673366834,1,5
0.80709029204529958,0.58614443103967984,-0.070992721087472677,-0.5844972749824191,0.81018616628168727,0.044286696692221635,0.083475721167053679,0.0057516890521679357,0.99649321224416176,-22.05890927375745,14.208847990669733,-3.4785806850950065,,0.07556015290545723,0.3076923076923077,0,1
0.52224745948032092,0.84132841378494216,0.13937033839545254,-0.85039644872076514,0.50153141077484409,0.15903497731412572,0.063902042764378914,-0.20157565369931688,0.97738620041733326,5.2551556488906757,8.8912108030609414,-0.45362505380314833,,0.1908156311573723,0.4285714285714285,0,1
-0.16727084144938081,0.98497522635670531,0.042944953887193563,-0.98589096971219392,-0.16683114925824849,-0.013651500910956715,-0.006281834188035346,-0.044622540276513502,0.99898416777169441,8.9181516230678533,-20.219870160359406,-0.14318039673493166,,0.342773348935652,0.2,0,5
-0.83778334756063433,-0.51634814205990687,-0.17749270052984512,0.53779025517031631,-0.83653434183437658,-0.10484243594828317,-0.094343542407209394,-0.18328909166397814,0.97852154032655336,6.5638271965879227,2.2917905064860089,-0.42131866504198967,0.4229166079171922,0.2140921861839009,0.2222222222222222,1,5
-0.27343775102213758,-0.92669665439422488,-0.25780827576031357,0.96013426492395415,-0.27913781538892196,-0.014975758372715137,-0.058086053703907264,-0.25162549702772691,0.96608002753946642,6.0979093126600814,3.3689533881580735,-0.46033636900007308,0.2555622794653549,0.2970975775277515,0.4146341463414634,1,5
0.64276889935318438,0.76046331106283616,0.092432107796184187,-0.76147986125095912,0.62108312674990962,0.18548361268795938,0.083645459730443406,-0.18960828619526396,0.97829041438244646,-12.888345413102821,-14.227925357489234,-2.3641536545171333,,0.3688769572496556,0.2222222222222222,0,2
-0.96192472744243651,-0.25137731585642542,-0.10728589752439091,0.25829572705075182,-0.96443246059538335,-0.056154664430108955,-0.089353993319373395,-0.081728049179909015,0.99264111835805413,-9.2942672321454705,10.110769445190726,-2.0808575092078163,,0.07651727533627514,0.3157894736842105,0,4
0.95480130682561748,0.29392487667579559,-0.044301595402552837,-0.28481180526093075,0.9473004900444808,0.14664248069879365,0.085068796089416268,-0.12739681484481813,0.98819702058814796,0.49789432117681653,6.4330314215615942,-1.024478735990427,0.2117361286692688,0.3858111933743121,0.5555555555555556,1,5
-0.98264268595713899,-0.16464732991685346,-0.085467002323656616,0.17040404568119882,-0.98322359809142013,-0.0650677905852238,-0.073319935559307312,-0.078502311478156422,0.99421404845343375,-15.36219544380438,6.8108867669584958,-2.7108981436221748,,0.3312320248267794,0.2866666666666667,0,4
-0.48964541942353446,-0.83373311830907804,-0.25521843717132214,0.87070399171406332,-0.48301001751747974,-0.092606056988515761,-0.046064325141560669,-0.26756384361939661,0.96243839674904286,-10.123713502347902,13.333813344004948,-2.1742295936370097,,0.6132534054483312,0.234375,0,3
-0.90857273492686241,0.41621240433424866,-0.035536176297183371,-0.41256287082956078,-0.90742310641555546,-0.079844746577427184,-0.065478721432170733,-0.057883852855923845,0.99617367793882261,-10.858830079369817,15.573734392155224,-2.23615940800916,,0.3727817217410302,0.2,0,4
-0.35931720273799983,0.9224721129849478,0.14119613515116403,-0.93210768321371162,-0.34738903410301136,-0.10245060214046717,-0.045457834423855842,-0.16842226619441802,0.9846662000594063,11.003777757050168,-0.32283047658816155,0.029079315940301248,,0.2267825625254082,0.4333333333333333,0,4
0.28846635477453647,0.93996475442881244,0.18235520994661408,-0.95640893874236999,0.27381895519484672,0.10151414517049333,0.045487405474314783,-0.20368956823456866,0.9779782491117226,3.0946595698595512,-6.3978268254278792,-0.85147072269422719,,0.4017721162119391,0.1818181818181818,0,1
-0.022004083876741066,0.97898920031375236,0.20272139986144827,-0.99930659469798622,-0.027629102894078116,0.024959216061072459,0.030035813387690985,-0.20203162708424705,0.978918317109161,2.7162256309292698,15.211035524282124,-0.64156290839451391,,0.3585205593974362,0.2222222222222222,0,4
0.47349163573497838,-0.86364603941274687,-0.17297742481517603,0.88064507190965846,0.46785349523242248,0.074681753595087386,0.016429492087287768,-0.18769290238440292,0.98209034522505712,-18.871282126810296,9.1426003536543607,-3.1049074197052176,,0.3785801837243308,0.5645161290322581,0,5
0.99675344792169207,0.01381391094153349,-0.079320488656571,-0.00028529734685781141,0.98577159252782554,0.16809011264966714,0.08051386626936817,-0.16752176942013625,0.98257517478750922,-12.48688282184,17.432079660320383,-2.4205390366869337,,0.4652882111608521,0.3103448275862069,0,3
0.98727241461316539,-0.12430588154416397,-0.099202959418647485,0.13484744073977137,0.9849879312661729,0.10777264488690289,0.084316944144243094,-0.1197782245381559,0.989213743261113,3.597694685858678,28.702372508653863,-0.35050307326645014,,0.4513458337048081,0.4117647058823529,0,1
-0.9848412530601427,-0.14287265308729644,-0.098362143483782888,0.14826404817665034,-0.98769104631924576,-0.049841438974656829,-0.09003042979570354,-0.063669474794359873,0.99390176561379084,1.1669196125787071,3.4893332608821424,-1.0000826924987705,,0.07081136366906136,0.2083333333333333,0,1
-0.99197032035127031,-0.0080355435727380593,-0.1262153460625523,0.031665991408096707,-0.98197175607565323,-0.18635647361398755,-0.12244242945295374,-0.18885682489438693,0.97434129090399846,2.4844804611451243,-7.2490880719919826,-0.90091556127611927,,0.6404005146005817,0.5811965811965812,0,2
0.7754909642007517,0.63031876440502177,-0.036221812239514567,-0.62195291936590225,0.77254578490301917,0.12785764083858694,0.10857407856030474,-0.076624183307259577,0.99113087127648081,-22.215741372950149,0.90541482905396897,-3.3755076053172637,0.3648626939197983,0.2381769107411158,0.7857142857142857,1,3
-0.43676733806509016,-0.8767389622293803,-0.20140279170975831,0.8978796968194811,-0.43861472943753149,-0.03780435371484675,-0.055193681150032002,-0.19734718449825972,0.97877870140891321,18.503806306160449,-3.1567175487306862,0.86691059932292058,0.4338454456366937,0.3567011158695649,0.24,1,5
0.81003641794713332,0.58581500471103531,-0.025725121083980913,-0.58267879797267164,0.80907023634734276,0.076751358619737003,0.065775527306880119,-0.047181912977992208,0.99671833889782391,4.9806770196916403,14.798407671688283,-0.39653598746313162,,0.4306954309865811,0.1818181818181818,0,3
0.63762330651302801,0.77032422797494782,-0.0060912056437333771,-0.76863779746900884,0.63671424776348218,0.061570309378579609,0.051307458457655372,-0.034576733359070001,0.99808416189058546,-9.3695413839257995,8.070793983928775,-2.0846105019392982,,0.1146193440831403,0.1458333333333333,0,5
0.50851319566915065,0.86058361736652644,0.028463438841622005,-0.85870904734386622,0.50441299722735611,0.090478175478418993,0.063506707048441122,-0.07045115860266471,0.99549160338568632,-0.28919862715465716,7.8070487368525914,-1.1231717022573511,,0.06608091788866916,0.391304347826087,0,6
-0.88081313348248524,0.46855962893487685,-0.067971302894499083,-0.469117889084807,-0.88309470755294506,-0.0084937407891074006,-0.064004921884023527,0.024405155692769746,0.99765112055779881,-4.2861372938217066,-8.1125321378897102,-1.6110343840077752,,0.15413184714847,0.7098214285714286,0,3
0.98604793605040231,0.14754805996784717,-0.077065153023057428,-0.14005625081060502,0.98557939219830892,0.094960561723746409,0.089965073331930392,-0.082842209493331959,0.99249355358442704,-20.814562632967391,-17.057638415972043,-2.9116154019037301,,0.2192555627294013,0.6428571428571429,0,1
-0.33642548645192533,-0.93416181335126414,-0.11899411137473902,0.93972314982858718,-0.34122876433942567,0.021984814386928699,-0.061141587661954475,-0.10442526927744569,0.99265153472631507,0.86696428276753923,-12.772377877173007,-1.0682037662728614,0.5824104021108822,0.312161951887952,0.391304347826087,1,5
-0.79274851253270417,0.60176756818674981,0.097085476544072485,-0.60685303748217412,-0.76420424176513868,-0.21845198045984254,-0.057264184058128734,-0.23209409890553842,0.97100625254288764,2.1575394814478925,6.7696300930199964,-0.82561733436835527,,0.3823200381191616,0.25,0,1
-0.10415577831194918,0.99424146193351015,-0.025208911451101126,-0.99449298923117535,-0.10381878787912012,0.014330165852229319,0.011630486416064749,0.02656265528194781,0.99957949015078296,-11.970271644519626,15.384859881701978,-2.3821990553329893,,0.06106301319622751,0.1363636363636364,0,1
0.96392060794967649,0.26319677203958081,-0.039806039213544406,-0.25364212814469345,0.9535264359122011,0.16264380359178987,0.080763434796671044,-0.14667922553831148,0.98588157118151076,7.5634078720400995,-12.923948872995643,-0.43516379026223773,,0.2192002907969829,0.4230769230769231,0,5
-0.36054499287086805,-0.91682156552257221,-0.17159698455534153,0.93085647873816901,-0.36536597435320223,-0.0037310556297413949,-0.05927498719462241,-0.16107737823069906,0.98516016673198992,-3.6192665078426596,17.025430053630529,-1.346258389474061,,0.2653018741161427,0.1363636363636364,0,4
-0.70606614220100727,0.7081168015217798,-0.0064185855101579542,-0.70685984917242872,-0.70530093597635146,-0.053849264979326905,-0.042658603649418418,-0.033484102398702503,0.99852844647573014,-7.7571641897230617,-10.354560028473248,-1.9541374382160639,0.2662496780878796,0.1289115356355081,0.3333333333333333,1,5
0.34976181221995789,0.93637016426553066,0.029624148695841752,-0.93568578629667698,0.34758843106596654,0.060616762627746394,0.046462716612135066,-0.048920323613426006,0.99772141297186645,-7.740140365936627,12.276672057902081,-1.8684768520421402,,0.1027293211347774,0.2962962962962963,0,4
0.5006172939220489,0.86566804524692653,0.0010772485919066702,-0.8637869165957508,0.49944665294638974,0.066522203651503381,0.05704811779689594,-0.034232678817357247,0.99778436345576071,-14.301235315685574,9.9513950214146778,-2.6274282054061957,0.4904339532644564,0.4538846501983924,0.5333333333333333,1,5
0.99469958054176699,-0.044410855493111294,-0.092738451488051099,0.064231068117664256,0.97266809158580325,0.22313931410509896,0.080293924791951812,-0.22791327193737534,0.97036509939110205,-10.799297781702169,-17.805578106490238,-2.1384611178667021,0.8003483205715056,0.5377411180416155,0.3153846153846154,1,3
0.1740508649437503,-0.94201700310090819,-0.28689765122969713,0.9845497352809619,0.16079214334999015,0.069337618902762535,-0.019186327697632326,-0.29453327911409399,0.95544860265938913,-4.8696223186926906,-3.6621707421674015,-1.6768918228083649,,0.1446161151702255,0.1734104046242775,0,5
-0.9857451756828246,-0.14967747131520182,-0.076831654926363693,0.15615575097670195,-0.98392297699802755,-0.086665776245533899,-0.062624516404832312,-0.097428075604651374,0.99327032575680796,-14.672822088847193,-10.041859635004721,-2.5660520071706978,,0.2035807370089014,0.7,0,4
-0.97647024368497282,-0.18104609780741884,-0.11716728923431524,0.18494032826042603,-0.98247649208174603,-0.023173637816997775,-0.11091861061488745,-0.044297324698609634,0.99284178439659254,-20.848516776395275,0.059327908007982086,-3.2382975916292653,,0.08491259498518824,0.4782608695652174,0,2
-0.61562149563136681,-0.77599381177404392,-0.13727264186643626,0.7851012090137407,-0.61898208993356507,-0.021846371475389426,-0.068016657678569278,-0.12122201297564687,0.99029235978491248,2.1966537768993528,-13.552953741828091,-0.9238416088385436,,0.07048531470285285,0.1666666666666667,0,5
-0.38503067484182307,-0.91560416514535214,-0.11584641642852832,0.92178963157051252,-0.38769016275880347,0.00046133409817614542,-0.045334915462013944,-0.10660839773926903,0.99326703105031977,-10.587547679300387,-14.949738010329563,-2.2254157407862287,,0.08857668762867082,0.3461538461538461,0,2
-0.84321376511861335,0.53713628395004931,-0.021798137049370565,-0.53254357404712049,-0.84016604648038284,-0.10255903705983774,-0.073402234677223913,-0.074870733974324463,0.99448805178269228,-13.360840013427131,7.6957419664028315,-2.4942912275116877,0.7541268294442209,0.3840616038303142,0.2477064220183486,1,5
0.8576708788150238,0.51310172977200252,0.033574968914996589,-0.5067993357626206,0.83248681936857527,0.22387525287123322,0.086920060418929967,-0.2090270568193773,0.97403931779687292,-3.8862333947714132,-4.4258222114262704,-1.5669653183807293,,0.1078868685066036,0.2967032967032967,0,3
-0.77590711518501498,0.63056626159930373,-0.01882387680437821,-0.62631497415183324,-0.77356010035263312,-0.096614306888844786,-0.075483122341727146,-0.063174052229551844,0.99514387772142865,7.4217058026780443,5.8810351523568167,-0.24269932704891853,,0.2067501897565582,0.2307692307692308,0,3
-0.097447911359497152,0.99419684049122325,0.045569144483286986,-0.99524062634806543,-0.097346419887290397,-0.0044463694668419465,1.5426597183751564e-05,-0.045785553315368377,0.99895129154009499,23.209371015244109,-1.7078585298376123,1.2903493367365049,,0.3543459610852939,0.7083333333333334,0,5
-0.36721282004964245,0.92462472400793938,0.10111312745845863,-0.92991364329762249,-0.36256707063071464,-0.06169064194190229,-0.0203804023544806,-0.11668007133827094,0.99296042224872449,-19.356010228019269,2.9302361985785752,-3.1363084428748143,,0.8105927249790467,0.4702380952380952,0,2
0.7717759571473094,0.63527978927421125,-0.027954629474679624,-0.63104845566299128,0.77057088255900441,0.08943355945946016,0.078356356313362407,-0.051381945194287987,0.99560041037222524,-13.064697195866097,-9.0283234729444501,-2.4753704401769991,,0.3992694144134994,0.5476190476190477,0,2
0.89737883105561234,0.43977665561276469,0.036162504771032535,-0.43622121936745017,0.87179488849941056,0.22290069573663329,0.066500235690093334,-0.21580121770822372,0.97417018692259838,6.0243411562076581,5.9704530780534588,-0.41107357145277029,,0.3505444405079002,0.3402061855670103,0,4
-0.27491072754842394,0.9604374360328809,0.044542376961493248,-0.96145894887667904,-0.27439281724191283,-0.017472019659880562,-0.0045586734633363832,-0.047628912570304313,0.99885469673202354,-13.327142218740015,12.470978833818528,-2.5219850070284338,0.7312822746634964,0.7704477833315239,0.6153846153846154,1,5
0.99307360098372133,0.064983588288734129,-0.097887467442691195,-0.058997958115684354,0.99627753633996763,0.062851503741306408,0.1016074011448161,-0.056641008443386702,0.99321081961238789,8.3074821380979458,13.414125981289502,0.014590982168446601,0.1634082189940823,0.1622242176138317,0.3333333333333333,1,5
-0.67736044781104021,0.73176079367317837,0.075557690436026184,-0.73449759750641119,-0.66697165298616634,-0.12514828552644952,-0.041183771057738849,-0.14026744082537412,0.989256762446314,0.7797876250656316,11.780941962514323,-0.93112602372938547,,0.1344015684869093,0.1666666666666667,0,5
0.26909360622583139,0.9629687604420718,-0.016727148622415047,-0.96210008152012039,0.26956649941877392,0.041198732141724898,0.044182170921703776,0.0050068756492758319,0.99901094436891835,-13.47394091795085,10.829945327969362,-2.5175743771001065,,0.05885222880776992,0.15,0,2
0.90219769984330456,-0.41847174300105222,-0.10450220431699464,0.42669525824548149,0.90132130559990242,0.074505440489322491,0.063011641688433456,-0.11180923209354113,0.99172991718026748,2.578130257110014,-17.464377834227083,-0.86035779319359229,0.6552110382175518,0.5551428581525911,0.896551724137931,1,5
-0.95488603563417018,-0.25678790190980832,-0.14917316241072104,0.27677281732955755,-0.95160664630286973,-0.13357244588485495,-0.10765438466832633,-0.16883353975132401,0.97974780903899994,-26.506978272319806,3.6924994945952663,-3.8436299365577193,,0.5008028462365801,0.6486486486486487,0,2
-0.70472877203874551,0.70205021501316622,0.10238580693010792,-0.70795789925992314,-0.68642085351268201,-0.16619875071250645,-0.046400115692085402,-0.18960988229226944,0.98076252059347857,-25.105540692689353,-7.7955168067925484,-3.5376810657630844,,0.2247649600468528,0.3870967741935484,0,4
-0.32458254826020078,0.94369579626210764,-0.063909416224382981,-0.94585317692102444,-0.3240405939581289,0.018959461376015254,-0.0028172811929269392,0.066602834658068572,0.9977755886682087,-4.4589574575917119,9.7109264158804329,-1.534244509294926,0.3024126956529614,0.2988102297427654,0.689119170984456,1,5
-0.054842565901846392,-0.99049966235407916,-0.12610595482274728,0.99813312386347719,-0.057783716048646301,0.019781537001609718,-0.026880476406460192,-0.12478566037836467,0.99181952942664797,-1.5671834194737659,-19.943567876798831,-1.2236505144284204,0.5798525134251821,0.4286184709360025,0.6764705882352942,1,5
-0.91895861978149485,-0.37552262606410924,-0.12040686211011492,0.38422947422653486,-0.92135112690860388,-0.058989932021025669,-0.088784943908804453,-0.10047317183288235,0.99097042109083644,-8.8753831107998842,-6.8209267185703615,-2.0673199945141008,,0.1437051619984438,0.2413793103448276,0,4
0.31557524570377432,-0.93407927279631353,-0.16705740459887988,0.94888172725923325,0.31174903169400581,0.049355940993816801,0.0059776226493323667,-0.17409323183329434,0.98471103104276358,-1.1260922644612712,4.118093976801017,-1.2331787646308818,0.5219308307522108,0.288814130322909,0.4601769911504425,1,5
-0.58105216076599575,0.81362995030475438,0.019613526869218283,-0.8129481413409152,-0.57908366139061296,-0.061460821673588059,-0.038648492331760764,-0.051656723449363048,0.99791676855485167,1.0199798936570625,17.347729134799152,-0.78642629249777041,,0.1793654024240924,0.3076923076923077,0,5
0.92861046699726779,0.37098484315439934,0.0072695758350359973,-0.36294629906369724,0.90406687700965138,0.22568355254643632,0.077152994621601578,-0.21221057476883798,0.97417354068830952,-6.8268987770259359,10.773771634751039,-1.8085959775753941,0.3673127964484902,0.3103963197118894,0.1333333333333333,1,5
-0.49797814381160271,0.85684571206766347,0.13354098246309967,-0.86717423696033269,-0.49111349077508704,-0.08256138280681502,-0.0051585887814087393,-0.15691706373102846,0.98759831109202334,-15.99487364897835,5.4478985249884335,-2.7945994200711852,,0.5573082426324044,0.3125,0,3
0.4107928353064913,0.91162574469222835,0.013702119368659799,-0.91004925244367818,0.40907804289516009,0.066824493621477812,0.055313692586513599,-0.039920626691030324,0.99767065656810772,-19.768242284461046,11.311515069943754,-3.214484371426428,,0.09381148000242159,0.1538461538461539,0,1
0.7751029125872797,0.63160270455007228,0.017131798030252457,-0.62650932637156931,0.76477402913809633,0.15035540670466105,0.081862927312413764,-0.12727414490349509,0.98848356241817481,-0.85498074307538274,13.275137318705678,-1.0950195691555646,,0.2277649760756699,0.3333333333333333,0,4
0.12887672912524617,0.99120392049653128,-0.030092801170438263,-0.99133763638448846,0.12954986226443047,0.021599163754223334,0.025307694039413929,0.027048496808005758,0.99931371422733617,-3.5123466563807999,6.6495423841734738,-1.4463912344255254,0.204342080080072,0.2255387407769206,0.5625,1,5
-0.63488453249893528,-0.73578423778059643,-0.23567601877839453,0.76923132303097375,-0.63046784004403345,-0.10389164710518227,-0.072144314132334172,-0.2472485755344952,0.9662625625752751,-29.860227392644315,1.7721201050512547,-4.2193009385174038,,0.3248598211368591,0.2608695652173913,0,1
0.95679480256851168,0.2862165573279935,-0.051222925425948328,-0.27812474376308699,0.95226597733135754,0.12584170741002071,0.084795829405684794,-0.10615832858736762,0.9907270444410694,4.9622161851536815,11.754376803800872,-0.42769829683417132,0.3742689267689045,0.3181221071307162,0.4666666666666667,1,5
0.87768363847570374,0.47857046210542659,0.025332657820456319,-0.47121556143478982,0.85214729406958978,0.22759807528090295,0.08733456024819472,-0.21169624940011192,0.97342558656333866,-1.0899974630056866,-2.837798055521938,-1.2968066284853359,,0.1151745472324161,0.2,0,1
-0.71455144449327745,-0.67757170338920358,-0.17410577227313231,0.69534921808871963,-0.71521930906993803,-0.070361955891850667,-0.07684853984284036,-0.17134154983474939,0.98220994457613264,0.23828169978398364,9.3152007220120829,-1.0454796870383503,,0.5387544619326649,0.7108433734939759,0,2
0.99242636040684562,0.1000055641950334,-0.071335869656537959,-0.084361974992073055,0.97697403263988147,0.19597141812724539,0.089291524486136892,-0.18846916638378772,0.9780114503304862,-6.9689795814291795,-9.6822063261281315,-1.8819533103297834,,0.1957420370155309,0.3043478260869565,0,2
-0.98515964854602633,0.16375550316148649,-0.051425694560198458,-0.14983079011463399,-0.96663514301865838,-0.20776726069071277,-0.083732915930922705,-0.19697876907328485,0.97682555419280426,-7.7138758572366779,1.1342142147074161,-1.9451753500602258,,0.1768783497198861,0.1743589743589744,0,3
0.87880487031518728,0.47081845619920409,-0.07766583040503261,-0.46933864025691341,0.88222307052447579,0.037465912455930873,0.086158230437357056,0.0035263488996475482,0.99627522512172284,-17.810383824691552,-14.147239364584323,-2.7574903089891367,0.2648586846697931,0.2138269677648189,0.875,1,2
0.73725772713560278,-0.6578364456103567,-0.15395536562776457,0.67397613475424767,0.73196904154679587,0.099887396596318331,0.046980991481347247,-0.17740499723457182,0.98301589681735668,-2.6114985507343449,12.162696564044486,-1.3254796017513244,,0.08188033224529453,0.4736842105263158,0,4
-0.99098935076917916,-0.093229973046047077,-0.096167971736506958,0.09528043913014958,-0.99530624383064481,-0.016944583526838714,-0.094136839660390714,-0.025954828405626237,0.99522088116216079,9.8391241441573509,11.217643499241712,0.12505601966864402,,0.09173412033180302,0.2,0,3
0.19743027531744162,-0.94560801871895594,-0.25854740633487333,0.9803158331316848,0.19083470406408529,0.050625912694032223,0.0014675487760096658,-0.26345320392658711,0.9646710608499699,15.065377560553841,-1.3824192549755849,0.52450441323338159,,0.2971306029864424,0.1428571428571428,0,4
-0.459742042894281,-0.86138312667119166,-0.21600084046492904,0.88608161428821763,-0.46114151879539012,-0.046988003399460326,-0.059132282348814361,-0.21299673408116732,0.97526189531580554,-29.634646615732954,5.3285428671805404,-4.1851109089028684,,0.7228249164856577,0.8787878787878788,0,1
-0.19078289263034262,0.98158626762078038,0.0095019523206383762,-0.98162775555961945,-0.19080239381548356,0.0011815368228463151,0.0029727755686926247,-0.0091019631171308894,0.99995415738564308,-7.8330214384288954,5.2603864120109023,-1.9401444651140234,0.3752522039994594,0.4226391460254731,0.8021201413427562,1,5
-0.71318779331628135,0.70092154599012846,-0.0084945765909851707,-0.69925331613083108,-0.7122342150562635,-0.061377705913649598,-0.049071084608838418,-0.037833969788997703,0.99807846354147733,-6.288116969178799,14.484721895280401,-1.7053413933795083,,0.2425469028758755,0.5769230769230769,0,3
0.97792843284052167,0.19363405026867261,-0.078497355488128737,-0.18700615152905201,0.97871646616554397,0.084514958124120243,0.09319162801654253,-0.067970092194860401,0.99332541849821165,10.027381610923428,-5.6083641452637405,-0.14757523800572536,0.7598471832997292,0.3823228548952918,0.8,1,5
0.97233610128506576,0.22642177017726528,-0.057408084165484763,-0.21141684313520778,0.95756546001537934,0.19588595719008889,0.099324843702372004,-0.17832995198599738,0.97894484198455767,-13.386444752521667,17.804817877557134,-2.5112020493323843,,0.2103086050320555,0.2222222222222222,0,4
0.56462335212747983,-0.74639601024429181,-0.35226902521188447,0.82470591005519811,0.52705547602696179,0.2051162770479712,0.032567347947835015,-0.40633178694435906,0.91314503052157547,2.0156261506529072,-5.9965065722658979,-0.97158092136418706,,0.5434459505601241,0.25,0,1
0.99349718718201874,0.073079737464429417,-0.087308023878383406,-0.070316171159971089,0.99693404962372156,0.034323997061090857,0.08954873050367565,-0.02796162858236638,0.9955898614350206,-2.1131161665518308,10.615642908533591,-1.2724462649561998,,0.07315249769537738,0.25,0,5
-0.46523998705166025,0.88453030511672892,-0.034027838283918567,-0.88496485406571057,-0.46563718772324741,-0.0043836603015823686,-0.01972210730691204,0.028073986879152562,0.99941127157146026,-7.2303633668658902,19.465628070310469,-1.7190491894949169,,0.1761385681722755,0.4210526315789473,0,3
-0.99547698183213673,0.028501376361271008,-0.090626983773551537,-0.022933325844409814,-0.99781898035685068,-0.061897859456749325,-0.092193498730075985,-0.059539516164699768,0.99395945833156574,-1.5195739861689641,-16.373181571943046,-1.3147558830873307,,0.1251750140848934,0.3846153846153846,0,5
-0.84441268660281832,-0.5130984096542196,-0.15393906818777547,0.53363127503077168,-0.83087226433563566,-0.15776229798911359,-0.046956117953285574,-0.21536318712371344,0.97540443951146405,-1.833419706872317,11.76960966104577,-1.2490317022394963,0.7715744722819955,0.3361982394949279,0.574468085106383,1,3
-0.99421823556407884,-0.033338857131754669,-0.10207164482361161,0.049742869895545445,-0.98542875851741396,-0.1626524170782036,-0.095161688543257253,-0.16678933566620954,0.98138961200005559,-10.749740862312436,9.8082715131814737,-2.2374917395486564,0.5522048053380926,0.3460354705484957,0.4307692307692308,1,4
0.95661866966143383,0.28434189966709317,-0.063485470376284686,-0.27597345864151196,0.95421866481516904,0.11534899151617421,0.093377572150013674,-0.092824693977764036,0.99129420718942174,-2.5761610898886871,-11.543077228245942,-1.4340932115791498,0.1670573753334143,0.1266884094773978,0.3692307692307693,1,5
0.91425421545868102,0.40214318668716537,-0.049194378917941504,-0.39637096308268116,0.91297299873413551,0.096800636399282672,0.083840856036529604,-0.069001166537168451,0.99408729489696745,-1.4405019942255826,14.399499495790536,-1.1140400035488547,0.2188258291179005,0.1764684196985721,0.4444444444444444,1,5
-0.53494054127011725,0.84280118374381674,-0.059369874394800563,-0.84454841977042616,-0.53539973342568337,0.0092245385240695421,-0.024012162936916291,0.055075313233130356,0.99819343110609704,-11.698445802241562,-2.5570963836085823,-2.3537300213542216,0.1730572663626653,0.1446108925847579,0.7549407114624506,1,5
0.73105971662187696,0.68182051291466028,0.025932198162330142,-0.67775748464835261,0.72126881915374963,0.14288485755913299,0.078717740922101348,-0.12203310487464054,0.98939953435342587,2.7240895954765159,5.1618656640575411,-0.78857506840698077,,0.1230636881681141,0.2558139534883721,0,1
0.21091839823339109,-0.90127048842041801,-0.37845070483364368,0.97750070089199015,0.19351417604551971,0.083932374118045064,-0.0024101954959269731,-0.38763871113685822,0.92180823417120061,-18.149774512211199,-1.995778117952147,-2.9743061140801976,,0.1418781083304639,0.1724137931034483,0,2
-0.76307567009293631,-0.63589094755250652,-0.11557778563804072,0.64027952537156574,-0.76814120369461469,-0.0011047970637119004,-0.088077528928665716,-0.074845133491529908,0.99329781782225623,-4.5030698085900891,-13.226334319980966,-1.6572887027111536,0.1945122629207809,0.1292455553759279,0.5609756097560976,1,5
0.99496941368125302,0.079806800681068477,-0.060553615943512364,-0.070246790369280707,0.9867503514499425,0.14625023882451466,0.071423065473252445,-0.14126081720868486,0.9873925902294064,-8.3619485461144905,10.234399089219609,-1.964636344447813,0.4289792756000336,0.198002765859673,0.3066666666666666,1,5
-0.76787942182867674,0.63716796598010172,0.066167791718000746,-0.63841791990469443,-0.7526697800899983,-0.16096820084673871,-0.052761283879564566,-0.16584687295228917,0.98473908303434721,-11.578752514807649,12.730801504620686,-2.3081572183392636,,0.2023105777059903,0.2083333333333333,0,3
0.54494469760860154,0.83789157446192852,0.031192723413981834,-0.83321335296665577,0.53699214469548828,0.13188989716200247,0.093759186143724776,-0.097862893790502239,0.99077347008921068,-14.986027144638353,13.387626424061335,-2.6854787530917443,0.5814035429462774,0.2016011537733311,0.2272727272727273,1,3
-0.96961903445632391,-0.22053439594855684,-0.10584662594334847,0.22548864235702876,-0.97353432210926705,-0.03722627893347865,-0.094835648297303746,-0.059962520617919277,0.9936854109491472,-8.8317660143026995,5.1349598880271508,-2.0392462456226688,,0.1001093065307302,0.1449275362318841,0,5
0.29933174990572869,0.95414042270887478,0.0040690602482167876,-0.95355921958762369,0.29899404130191481,0.036433199219809254,0.03354576333631016,-0.014785703191874205,0.9993278064495682,-17.389919399045006,10.802812300258243,-2.97189450004791,0.4154750861750934,0.3892928331871509,0.9134615384615384,1,5
-0.95760527326422717,0.28308206931421737,-0.053447943359170531,-0.27619756666730494,-0.95489863993403357,-0.10901142884666642,-0.08189654927775708,-0.089627727210461028,0.99260255174540168,-7.9091200501549022,17.438843911394635,-1.8570241852823257,0.5494674435988833,0.3159519464934633,0.3793103448275862,1,3
-0.078490853461561885,-0.98005727217481931,-0.1825566464967214,0.99675813521520173,-0.080398157318592262,0.0030587876829527832,-0.017675005097314685,-0.18172473567742009,0.983190579001743,-3.9029443002303847,-15.336147045193583,-1.5958423121054737,,0.3256837180691502,0.5833333333333334,0,5
0.89024082412270988,0.45476760956069484,-0.025645591429487462,-0.44783581529487282,0.88417075158120417,0.13298558037435268,0.083152616341840513,-0.106904178322357,0.99078612175016201,-12.110662414341757,9.4222331469149339,-2.3627161854381162,0.6994392005716795,0.4632043717060809,0.2121212121212121,1,5
0.85646432924200788,-0.47496071441645277,-0.20219093079821715,0.51211376731827951,0.83100764353588374,0.21717685352729366,0.06487173544091264,-0.28954898747180796,0.95496232480393395,-11.296366790531609,21.443221609112406,-2.2065439620890719,,0.1953991374615557,0.2352941176470588,0,1
0.61864006287277684,0.78356161295338156,-0.057581866196415379,-0.78239086806624536,0.62109137822741267,0.045935056962192418,0.071756547961239051,0.016634259751132533,0.99728345981832978,8.0796011337027043,10.463215875983837,-0.11437505303332099,0.5120040733710259,0.5751363141112111,0.7352941176470589,1,5
0.79092739171572424,-0.59932215294169555,-0.12347800624845073,0.60924442864348383,0.79009699332982175,0.067586739069516011,0.057053371509810887,-0.12868449061369744,0.99004303677913785,-17.228478498330006,7.0376371527226844,-2.9323718502478608,,0.141491800243893,0.4117647058823529,0,1
0.88262151796425725,0.47007500013069403,0.0029580869828262002,-0.46225020187495341,0.86675112706432755,0.18726247514994138,0.085463482804263899,-0.16664926637956046,0.98230545917352985,-4.8678954049691319,15.193113306662756,-1.5272737025525469,0.6401818363381688,0.6298993516187195,0.3061224489795918,1,4
0.32892996404021496,0.94318826193398342,0.046914617193958959,-0.9429738991286255,0.32535844630598221,0.070300120764584528,0.051042181758431164,-0.067363075696631886,0.996422055011846,5.8722835028951463,8.9227114348217107,-0.37149479603255092,0.905039424010506,0.3928355943579805,0.3793103448275862,1,5
0.67075013712616105,-0.70548268766483246,-0.2288851916364146,0.73875689854580862,0.66288150816736169,0.12176350430543398,0.065821716752236206,-0.25076340150621279,0.96580806481868842,2.2055576929414715,12.222938102957203,-0.73629600504676673,,0.4402880558128762,0.5862068965517241,0,3
0.8441830384765775,0.53438331135923922,-0.04230217593915539,-0.5310303227387253,0.84444164215810547,0.070179123115972616,0.073224271115922682,-0.036780287248143577,0.99663705359046606,2.652328765669826,-11.538214341833875,-0.87131413449768869,,0.2442416339275685,0.2083333333333333,0,5
-0.15913164166810867,0.98661205455168044,0.035689976650654182,-0.987237345006724,-0.15925466700827104,0.00061291121603096433,0.0062885009411389886,-0.035136944223939995,0.9993627218915645,1.7089857380357327,5.5425216145481437,-0.91276822877881481,,0.5812049943977825,0.7109826589595376,0,5
-0.9763454582802088,-0.19445757337322192,-0.094529351279941387,0.19829270626676712,-0.97958923536194575,-0.032938315142086394,-0.086194830106046005,-0.050903655279319768,0.99497701940406325,-5.0300034164531553,2.1556173738266375,-1.6906964532707773,0.2192227910693504,0.2282853990290561,0.7738317757009345,1,3
0.57991244618189097,-0.79492162518701048,-0.17832881027298397,0.81466453916226234,0.56713417747436146,0.12116316838057072,0.0048211404122595674,-0.21554218740312006,0.97648262762560389,-26.094863366712598,-1.5046111222697136,-3.7759159813310865,,0.5495896071561889,0.5662650602409639,0,4
0.94667724023520028,0.31729391806116736,-0.055917549857428521,-0.30457777320393886,0.93795139917258785,0.16576957760793867,0.10504562290164565,-0.13989904342624246,0.98457791705767383,7.0108339753357072,10.909912417406142,-0.2058434192548613,,0.1702435780268676,0.2631578947368421,0,4
-0.43183508323836028,-0.89083367537730418,-0.14118719381828573,0.90026827130338705,-0.43527699957344912,-0.0071395606830265516,-0.055095377019578604,-0.13018946369080442,0.98995717229331248,-5.7176947537596146,-7.6548453886684991,-1.7419655641120326,0.2167508525401419,0.1732777258909971,0.7315789473684211,1,5
0.68621697506767754,-0.69879619129972681,-0.20196570539069253,0.72638981445509332,0.67292832517950119,0.13973298331819917,0.038263567330549531,-0.24259297639483443,0.96937327548217134,-15.638030949511917,11.038886430900066,-2.7612610938245616,,0.3491557299028261,0.25,0,3
0.75868094895356264,-0.63905293398361851,-0.12654866756252955,0.6497490507173489,0.75635086206924274,0.075891663172040436,0.047216403789644229,-0.13980243565132663,0.98905302699053055,9.3161266414967745,-6.6942797106885195,-0.24623689813572369,,0.1272839209706391,0.1904761904761905,0,5
0.36762043916153803,0.91345014544825409,0.17453952128741901,-0.92854441593030446,0.35012245095045208,0.12336748755283011,0.051579844467848628,-0.20742010780300846,0.97689120096542015,-8.7861924828529538,11.076718746065922,-2.0047391169102577,,0.09000737432573265,1,0,2
0.59010526051018297,-0.79302904616223624,-0.15126372156344492,0.80655873340286854,0.58727210030699717,0.067634974477477475,0.035196464165735943,-0.16191482990764769,0.98617685876632089,-3.1408097293786428,-21.395884106809806,-1.2491151743161224,,0.2495946349047688,0.4,0,1
0.79338783443628402,0.60381177097439476,0.077117374185518145,-0.60469662728903195,0.76726245039459195,0.21365935776313716,0.069840769710634326,-0.21614735123811163,0.97385963538847575,2.6136760532877661,-9.0746648993485728,-0.90673594402554047,0.6151874314506479,0.5179701513961341,0.15,1,4
-0.50981265316470081,-0.83619642060271848,-0.20215490309257775,0.85868479017147104,-0.50894319594129667,-0.060309654560732638,-0.052454645183668616,-0.20433396554723807,0.97749482900033557,-11.44831566486304,-4.0158122291707263,-2.3227481093827818,,0.2850846431605172,0.16,0,5
-0.71228074319667356,-0.68045113164978877,-0.17216968463616644,0.69839417974546103,-0.71154345447229117,-0.077145849501472269,-0.070012231566061719,-0.17519180869595752,0.98204181051367667,9.9640699452806931,-7.7239123162449799,-0.20430540893836194,,0.2558411408613404,0.6333333333333333,0,5
0.98766928728567227,-0.12115086815145894,-0.099155665994234254,0.13194768761840131,0.98505106018654431,0.11074392334354763,0.084256671455553947,-0.12246173268214258,0.98889025545998699,-5.6978249038035216,8.578024765272195,-1.6707728891484537,,0.06941790659904326,0.2571428571428571,0,5
0.33996969001647537,0.93429452040639849,0.10730498128549029,-0.9385496346206933,0.3298477236750702,0.10161231490197126,0.059541525202706197,-0.13525615817755693,0.98902000912599486,7.7360429295803472,4.8148856427190898,-0.23231116158059256,,0.2005969759958694,0.2,0,7
0.9776939517385812,0.198118276880139,-0.069740125464768959,-0.18964852345154865,0.97541335730065915,0.11225960962031031,0.090266130339372433,-0.096529429530592459,0.99122857855696145,-9.9808106890392114,-9.8104904442958087,-2.1603951206161853,,0.1585861323338181,0.2592592592592592,0,1
-0.49418884527124751,-0.82493067011637833,-0.27434790815826188,0.86747288442614556,-0.48867289563184441,-0.093218001803148043,-0.057167997995856458,-0.28405666789591749,0.95710168186510591,-33.18811541815451,-3.1647421784031473,-4.4845677530194852,0.6354563830933208,0.4481006968094893,0.4864864864864865,1,5
-0.89624537054980247,-0.4323923352521632,-0.098899465030041059,0.4345730185561989,-0.90063642696360169,-0.0005638875687915192,-0.088828640150578439,-0.043484420674738164,0.99509727054573993,3.5368850283418558,1.5478207816570946,-0.74882187259580457,0.1451202027504841,0.09624026545379187,0.25,1,2
-0.71489904485349987,-0.6876417428020638,-0.12676036140566022,0.69495026399420889,-0.71877409721700847,-0.020197221201276983,-0.077223611945650264,-0.10253112076835269,0.99172772625960848,-4.4139234797258569,-9.9105255541153898,-1.6297397702362018,0.3264856961544204,0.2864098374830522,0.7942857142857143,1,5
0.14946577701302299,0.98691082445747391,0.060555809552530301,-0.988635239952949,0.15016474606205815,-0.0071352199189760697,-0.016135173536960139,-0.058801136118162338,0.9981393101998064,35.382343219543095,3.3174325164048253,2.6363160666741425,,0.3369045995250782,0.1818181818181818,0,2
0.99157603567690777,-0.079731257796304078,-0.10207787224215653,0.09081281434992397,0.98988892047426935,0.1089631032603736,0.092357989481760605,-0.11731518082713709,0.98879075143651196,4.4460739616499652,-12.061192583063603,-0.72471869175197967,0.3931436794446956,0.7188920384702024,0.855072463768116,1,5
-0.53006723953290535,-0.83822285802992003,-0.12810605703914707,0.84576519353330071,-0.53348159109679161,-0.0088673202498254968,-0.060909432615505216,-0.11304792009138157,0.99172083208001094,1.8981493307850625,-20.277126471403498,-0.81155974095006889,0.2092189155145299,0.1425251896291601,0.5625,1,5
0.99765526951815797,0.004822426727768443,-0.068269373829753344,0.011772788737122014,0.97055297832390175,0.24059991211959078,0.067419319545679174,-0.24083949108702873,0.96822051976031709,-0.75606244067074946,-13.400237006641639,-1.244712962224322,,0.646550333702376,0.4857142857142857,0,2
0.21263126367488827,0.97336210881801621,0.085756345685694707,-0.97467915745759581,0.20506374037849748,0.089159421261754107,0.069198885292834911,-0.10254300317098367,0.99231872237447205,9.3171835276273889,-1.6073169381148198,-0.1646917679566722,,0.2038366210298891,0.25,0,2
-0.018584492309507542,0.99971534611236745,0.01496139676057286,-0.99982729328440045,-0.018582175206900167,-0.00029388461940953902,-1.578566806518077e-05,-0.014964274523326857,0.99988802885063244,4.2709958571990363,8.8113328368834427,-0.54915739200566505,0.4967803911250582,0.4660627084553323,0.746031746031746,1,5
-0.29265948514371359,-0.94844001922103194,-0.12170437829192175,0.9556946655270383,-0.29432607457122384,-0.0044573658874704032,-0.031593227732805033,-0.11761671551059866,0.99255638439028748,-14.605700441207556,-5.5388415639687265,-2.598070733091411,0.1813765883131719,0.1821391354267141,0.8487394957983193,1,5
0.41404751054842748,0.90954215651451686,-0.036023943864780868,-0.90835605894989768,0.41541509932508791,0.048161866883853537,0.058770138485974566,0.01278126659022037,0.9981897164600978,-17.541837143110765,-0.69830857779438649,-2.9431638997743956,0.3450819025087553,0.1540020190572978,0.3928571428571428,1,3
0.11404098068115659,-0.98498000404147645,-0.12964970637734657,0.99341019370336847,0.1115556730582196,0.026296746086966836,-0.01143860881029282,-0.13179424663838582,0.99121109496489423,4.970007601183414,3.9119437158942048,-0.55742285450179263,0.4394343535245245,0.3692133244679021,0.8087431693989071,1,4
-0.62951535768545497,0.77398518247597869,-0.068244792810739308,-0.77607782474198739,-0.63059802313295521,0.0070244689873920317,-0.037598196524566835,0.057385281461674646,0.99764387688677036,4.9223420045168504,-6.3955831543319457,-0.65851682525264321,,0.06964351815793542,0.2380952380952381,0,5
