axis_00,axis_01,axis_02,axis_10,axis_11,axis_12,axis_20,axis_21,axis_22,location_x,location_y,location_z,dbh,dbh_approximation,score,reconstructed,number_clusters
0.84998747142676756,0.51691324547522266,0.10159721979366577,-0.52589226940138789,0.84392363301737439,0.10597274469699317,-0.030961579439495186,-0.14350469778731406,0.98916519465233088,12.559358134746859,5.1151707223775027,-2.0571648206173769,,0.3681639965042973,0.4260869565217391,0,3
0.19859536468126907,-0.96788210884894255,-0.15415610431389684,0.97862878519278007,0.20439360230593612,-0.022560056039510352,0.053343996093438678,-0.146381278538364,0.9877889143811327,4.0226959327255685,8.6694200375440396,-2.4082829296292712,,0.08302208108954456,0.2647058823529412,0,5
0.91128923707465759,-0.40937154082395871,-0.044349385061188518,0.40980684807720602,0.91217197551195639,0.00079646697320475671,0.040128215271968595,-0.018900493486454912,0.9990157644827502,-1.4517195281574675,-18.365850754579956,-3.7883531844176872,,0.07725338923239428,0.3548387096774194,0,4
0.68589931506216206,-0.70832399894066356,-0.16679101331296439,0.72662191708258939,0.67910495159883844,0.10410117352442894,0.039531243497782517,-0.19259692946318685,0.98048136318283607,7.7714504779602835,-7.3424062509235402,-2.9145475078871907,,0.4501310344997075,0.25,0,4
-0.93730464202973396,0.34838943767012953,-0.0092091123026782646,-0.34647779414804453,-0.93436091771458063,-0.083203447103302922,-0.037591836771003174,-0.07479622428610766,0.99649002937346276,7.5059991146218961,-17.079213371000357,-3.2897740663919448,,0.5258474243834144,0.6875,1,5
-0.95920428511083045,0.28063495249243203,0.034222256860008633,-0.27890874224575601,-0.91954200964520716,-0.2768617091555734,-0.046228269748201038,-0.27511182442277049,0.96030017762096853,16.769873683566406,-11.616419615572502,-2.6298745884786845,,0.3163393467951693,0.2727272727272727,0,4
-0.40822556493396145,0.90969127639030445,0.076247424833402203,-0.9112018773642192,-0.40098708890017876,-0.094448362734784852,-0.055344618729099813,-0.10803303288687865,0.9926055797661989,-17.539130608791368,11.775192305439834,-3.9117876238548495,,0.165684155925804,0.2,0,1
-0.25368450216644634,0.95056744842405072,0.17906897932682272,-0.96606643609637688,-0.23968785831921843,-0.09625680039555401,-0.048577920999210461,-0.19741138916216075,0.97911640218130269,-5.3124401278029358,-11.307579711287698,-3.8767582073946651,,0.6356083113621609,0.4262295081967213,0,5
0.99098003177029381,0.13181100049095251,-0.02417512734447997,-0.13265659686230766,0.99045053767062918,-0.037549430579877141,0.018994839863996936,0.040417726031234738,0.99900230404189017,-7.0052545367284216,11.306056046734881,-3.0387964476198248,,0.076450360009094,0.3684210526315789,0,5
-0.40142151964577655,0.91582452027856476,0.011234394590363364,-0.91385110546146442,-0.39967758731677022,-0.071651819540783479,-0.061130357533183327,-0.039029146201040109,0.99736643473433717,-6.0109579779903157,14.432844416498096,-2.7316706653832048,,0.2382690460005276,0.4848484848484849,1,5
0.96753316302211367,0.25054264726867304,0.033286038394932355,-0.25246558229800398,0.95186785060254397,0.17380657278774714,0.011862049036879473,-0.17656720218913255,0.98421710760570935,9.9141736351383631,-11.913916908390705,-2.9596407616814764,,0.6580714581008604,0.391304347826087,0,1
0.4649999856905831,-0.87882447920391449,-0.10696984649763008,0.88360143794034296,0.46820655658434679,-0.0055784622601265056,0.054986472677525884,-0.091924725310429403,0.99424661563371008,12.556825122724272,-2.6907645289556124,-2.4653210921595199,,0.3983369129976593,0.943127962085308,1,5
-0.99993972022393274,0.0057524095938206723,0.0093523100006690108,-0.0068070489692798868,-0.99311332504030392,-0.11695976962922675,0.0086151031806658562,-0.11701638095265503,0.99309261732525733,8.3844649644200313,7.6879484947074976,-2.2078425381828484,,0.2505553409576803,0.5625,1,5
0.48208778845550576,0.83532086466210398,0.2642544555579579,-0.87423377578955219,0.47844177908385521,0.082515267046871371,-0.057503647630567929,-0.27079977305608799,0.96091665269259896,1.3576486890179866,-3.0542429029946185,-3.1411682918256569,0.5811002670619674,0.4340142779033667,0.330316742081448,1,4
-0.24404335735229962,0.94302693792305226,0.22614825686635309,-0.96825775348634413,-0.22395240376432718,-0.11100560193863296,-0.054034827156162001,-0.24605998293028461,0.96774724089224473,2.4018301028889222,10.946745630065454,-2.4097202758780849,,0.1419110806044941,0.5714285714285714,0,1
0.0740569177699264,-0.99604995910115002,-0.048990324606150902,0.99594261212818758,0.07638873577748917,-0.047571781484401325,0.051126179963899475,-0.04526853234769853,0.99766571240139579,10.766705113074295,-4.7711851213967975,-2.655403396192118,,0.1335037722482883,0.3846153846153846,0,1
0.97630255001509814,-0.20483533744271279,-0.069827038951595907,0.21479774635729529,0.95651337536244352,0.19734257247885703,0.026367764293636152,-0.20766474733925328,0.97784461634693287,7.3269758063778134,9.1924142177497323,-2.1765934945326633,,0.2465527557514582,0.2,0,3
0.18594713527247611,-0.98036557592734852,-0.06562774124254904,0.98115890766576441,0.18883274231367994,-0.040858210171526362,0.052448649096852193,-0.056793775776354735,0.99700732506886924,-7.2990155874260854,2.4169150048862353,-3.4917125879908335,0.3706734295335726,0.2673312080623,0.9267990074441688,1,5
0.8866970866970626,0.44497256769158505,0.12556946461978524,-0.461219927057261,0.87026566928978033,0.17295619023586747,-0.032318034102288652,-0.2112748893209232,0.97689224882491255,10.243137148473291,-13.577464597506733,-3.0008627506264962,,0.3560357065362419,0.2608695652173913,0,3
0.99764743567354652,0.059630439760026702,0.033820182554547711,-0.062444542389417497,0.9940386302845946,0.089374944071051649,-0.028289100724012931,-0.091276569589096607,0.9954236859871648,-21.218972102770561,19.237098490855089,-3.684779732954433,,0.4620564060185977,0.32,0,2
-0.92932043500591044,0.34896383494143485,0.12077984510419222,-0.36491119094508495,-0.9179604956187678,-0.1555260467136812,0.056598160778115372,-0.18860745050584143,0.98042025571191727,14.847011863433465,-3.6454224113475937,-2.3615085200616242,,0.3456833365622458,0.5,0,2
-0.86290079876063475,-0.49135020139629387,-0.11822517111884917,0.50412314482046838,-0.82043683211133078,-0.26970958338821854,0.035525573247743046,-0.29233266000046387,0.95565660649758155,-5.2384468385336138,11.626532166628815,-2.8961509298604278,0.885525420215922,0.4747989740982627,0.1721311475409836,1,5
0.44809245018202554,-0.88575766307114578,-0.12102280115999688,0.89230822070233173,0.45142664637909458,-0.00014901665262245214,0.054764909905046934,-0.1079228671304974,0.99264971636193267,4.9206076877926002,-6.4519650004543827,-3.0282281344084585,,0.1218029232729952,0.3146067415730337,1,5
-0.98257220237585474,-0.17763921533277288,-0.054737339122562984,0.18522839312366693,-0.96036612339393557,-0.20829630677985631,-0.015566293684946799,-0.21480507026897774,0.97653288336218003,-12.709421008315521,10.10424855495231,-3.5316293770849705,,0.7963749023591877,0.4901960784313725,0,1
0.84729447539483604,-0.53010833265265089,-0.032821145891256218,0.52909409487265335,0.84784077444680217,-0.035006570188089892,0.046384380304970489,0.01229539904487263,0.99884799265256097,0.83950512350363904,9.4453924652270036,-2.5938094864746719,,0.07185379290005157,0.225,0,3
0.23545220838206915,-0.97046009342649353,-0.052625703174852635,0.97036982095465019,0.23776335252286482,-0.043023235321484866,0.054264796585324369,-0.040936478399209268,0.9976870935257327,-8.5043315020001042,6.9429502135852825,-3.3607690627675604,0.225400594574156,0.2293126750992935,0.8284960422163589,1,5
0.89494123605146825,0.44588038228418603,0.016458089463219618,-0.44598932091472171,0.8928523442720887,0.062515733682506111,0.013179895473656774,-0.063288040117741404,0.99790826949843425,-11.759210096233181,-4.8302728392210641,-4.3878528521249134,0.7524554847991297,0.3644420626212998,0.3636363636363636,1,5
0.59582841376700191,-0.79896074644905246,-0.081548923852313965,0.80137257624014169,0.5981440752684245,-0.0050654981511135512,0.052825139830727501,-0.062332903468822309,0.99665646726793977,-3.9709023608879668,6.3573181393181457,-3.0507773579475672,0.259424256221734,0.203637636211094,0.4981818181818182,1,4
-0.99606764597403386,0.088560730088958303,-0.0024983454239945724,-0.083643898430748501,-0.94931430054832977,-0.30299514357451751,-0.029205186167075528,-0.30159468805094464,0.95298882534917506,8.0534911585277484,11.384068582062129,-2.0398550467785221,,0.3114542438702093,0.3684210526315789,0,1
-0.99322133808702873,0.11463818841162168,-0.019221324780350213,-0.11282798472821172,-0.99056988223231424,-0.077724862665865577,-0.027950302874577532,-0.075029288760848287,0.99678953967086681,-8.4203755817979822,11.990540747189794,-3.0708430416063468,0.1588077851438982,0.1395111173735861,0.5604395604395604,1,5
-0.4177525086987407,0.90282056216060691,0.10196996624454392,-0.90807056312738521,-0.41120250818674497,-0.079500626679559011,-0.029844494591485873,-0.12580751090827128,0.99160565566239234,-24.795194965700667,-1.7404076167556404,-5.8396160652959015,,0.2050138125391591,0.2777777777777778,0,5
-0.9039411107428309,-0.42205557986894515,-0.06898953406499804,0.42764851682969907,-0.8930970522301267,-0.13962235262026162,-0.0026859565103688307,-0.15571365643175497,0.98779858414470167,-18.004887755701365,12.68027797143548,-3.8760030403482908,,0.06856296954145333,0.3529411764705883,0,2
0.48687154158330936,0.84821664930118501,0.20852965699046941,-0.8729259830949575,0.48094924405507672,0.081780515286668229,-0.030924586238048616,-0.2218475613819573,0.97459085234516984,-22.669358967799816,5.3306058753494341,-5.0363954032683411,,0.2463362182852536,0.1666666666666667,0,1
-0.68252096622412284,0.72838959099977052,0.060114344275525818,-0.72887032970285615,-0.67227683961934681,-0.12958353826884195,-0.053973819054605063,-0.13225904367796415,0.98974459949122762,-5.2678379076613195,8.1634489264300587,-3.028951899193153,0.5033803514254956,0.2590073058775776,0.4621212121212121,1,5
0.88242399455135923,0.46722311132739874,0.055049596561372767,-0.47042232870594652,0.87492247623820774,0.11494995966975823,0.0055431484644728477,-0.12733116199402938,0.99184477046075759,4.3892463634965413,22.843102686984675,-1.6649809433711631,,0.2376585774561439,0.3571428571428572,0,3
-0.92439370052707004,0.38141149736185681,0.0046428553773371203,-0.37939787874353031,-0.9181194891511445,-0.11451573361660704,-0.039414921422958236,-0.10761911224790234,0.99341058512993219,-13.327786254295757,16.450620310600833,-3.153389866624797,0.569327115490502,0.3906407882605167,0.8620689655172413,1,5
0.99500434638481239,0.099706916473793428,0.0049881341822428866,-0.097781518216305388,0.96328025059334932,0.25005985985785167,0.020127726415231102,-0.24929839474834589,0.96821752979650766,7.4235027808568912,-8.9372280042280554,-2.9780855030381628,,0.2492665480779017,0.1304347826086956,0,2
0.85289947525197241,-0.52060404379660419,-0.039165223062498332,0.51967091200710891,0.85377071059998288,-0.031901676057877588,0.050046261884496387,0.0068558955815718383,0.99872336929059824,8.961626952232038,-13.201466172712983,-3.0645474050079669,0.1677210628147382,0.1066156394130091,0.5862068965517241,1,2
-0.55229681116153406,-0.82362898548326746,-0.12885467260679323,0.83325860474401037,-0.54068387833631659,-0.11550342560835007,0.025462325126850163,-0.171161438352808,0.98491392112211085,3.5687357625161464,-15.482403390739204,-3.4321503150794785,0.9598436172382534,0.2829500775043575,0.358974358974359,1,5
0.06525916663922654,0.99716282913766841,0.037517107507296588,-0.99647685002414443,0.067106923966023801,-0.050304553688275459,-0.05267948875522583,-0.034102095859033003,0.9980290168740128,-4.6450644279538125,-4.6619986864184586,-3.5689771283550136,,0.2177715642257091,0.1056910569105691,0,5
0.23783925508311332,-0.96284191279586184,-0.12793724909156415,0.96837494002201696,0.24527838283179978,-0.045700004953759213,0.075382121745585853,-0.1130219707801285,0.99072880741508207,-1.6503616363667211,11.591845516238694,-2.5986304887586922,,0.203820330629729,0.15,1,5
-0.71982503600553793,-0.69005269908015865,-0.075360400953119813,0.69405731127897574,-0.71364286379344666,-0.094859430827346825,0.01167759392281148,-0.1205866304731876,0.99263412108958748,2.7374514607308171,-9.0043175528866257,-3.2981530156373959,0.6293455758518528,0.2686860237574619,0.36,1,5
-0.63771522074553899,-0.76484806544495343,-0.091250939801083036,0.76957562325427931,-0.62761476679103845,-0.11769904247111712,0.03275144763603751,-0.14528296972096422,0.98884791620693702,-0.85790468206599935,-9.0463634882483905,-3.4941714785462454,0.2787547908305951,0.1202969191032032,0.2238805970149254,1,5
0.12171844837438302,0.96494155896658462,0.23253474386523368,-0.99120110814602336,0.13044433483703921,-0.022464165219698455,-0.052009446597980472,-0.22775439246710397,0.97232862457942304,-7.1917067725395958,-16.636491738415575,-4.2419493209428945,,0.3221194676708219,0.2222222222222222,0,5
-0.98223136300091674,-0.18512478626923706,-0.030827958838208894,0.18711497363078436,-0.97867263290575468,-0.084781272958528525,-0.014475364607218676,-0.089043198000110652,0.99592257365188819,0.71262330273111418,12.989881424238144,-2.3822337698126148,0.2588754284884349,0.2374137998556666,0.1428571428571428,1,5
0.97900326683323136,-0.20127581798739616,-0.032259085904063019,0.2010296687823408,0.97952634328107846,-0.010733829123917418,0.033759084690250449,0.0040234204234299705,0.99942190104528572,-4.9323171995227009,5.7403817883925798,-3.1638848764082139,,0.0804574366972578,0.2156862745098039,0,4
0.50197322563249591,-0.81954103042343251,-0.27636095997916643,0.86321466164943406,0.49457779742377472,0.10125833402195311,0.053696635477104487,-0.28938780511270129,0.95570464558381896,-1.9121474053415224,16.1412499616766,-2.397921099428836,,0.2858062762582539,0.3571428571428572,0,2
0.75716937060244283,-0.64878791359924659,-0.07595253378944293,0.65120375317918466,0.75883943184361002,0.0098177657646733169,0.051266129821194967,-0.056894286591913999,0.99706309935046378,-10.348360170163589,13.901191455638152,-3.101247197095693,,0.07983941326658922,0.2380952380952381,0,1
-0.37750413859064497,0.91337511232096136,0.15243532904024124,-0.92435984550372396,-0.36187464247614715,-0.12085370972002833,-0.055222290492764614,-0.18652787278428976,0.98089645289770577,11.977799476116827,-19.982079772562141,-3.2266886691553958,,0.4316637338372049,0.1818181818181818,0,1
-0.37887576935357509,-0.90554049913343093,-0.19091766766309248,0.92448377220795908,-0.36092726345270243,-0.12272434730194316,0.042224475377213702,-0.22299756708476004,0.9739040911472745,6.8136674591075996,-12.081670636148548,-3.1168623838561609,,0.1361908712142901,0.2,0,4
-0.31319661955812877,-0.9251364415713893,-0.21454706237557206,0.94913170767105604,-0.29718742879139654,-0.10406072103240073,0.03250967534112463,-0.23622488574446474,0.97115442869001456,17.76293854497229,9.8567348883684307,-1.6254500039155397,,0.5822087522600049,0.325,0,2
0.95142997079970271,0.30784952875276655,0.0031109983569101106,-0.30626033424161198,0.94539134150836712,0.11153393685881637,0.031394558991857863,-0.10706950568537196,0.99375575601754229,-12.427861607135632,23.010314008430576,-2.5878331857421739,,0.2000192689280862,0.2666666666666667,0,3
0.56271189317636072,-0.82567070107005214,-0.040289188033056866,0.82479427863030108,0.56404593207188602,-0.039580101716355703,0.055405082949092486,-0.010958097811402261,0.99840382454984533,8.117398941111075,4.9384721674743757,-2.3270522041280874,,0.1019048660250248,0.5394736842105263,1,5
-0.99896090875462373,0.038421895389384286,-0.02451246080717628,-0.036696454599776912,-0.99705563223305571,-0.067330798689362426,-0.027027264011413532,-0.066361315440760765,0.99742954779424342,-13.691956635102379,5.0187386566829515,-4.0018675224893068,,0.06982059091127826,0.2926829268292683,0,2
-0.91317428185607696,-0.3888638180886751,-0.12205597870705216,0.40756543152272118,-0.87255979523249494,-0.2693136141592643,-0.0017748195222953734,-0.29567606383561856,0.95528661421080274,-8.1731730631344277,5.7549723740716194,-3.3882566088463304,,0.08830609321986352,0.2608695652173913,0,5
0.33131336594089961,0.93530632614411902,0.12423175851489078,-0.94327293787771649,0.3313603225543677,0.020892613627943601,-0.02162448187709004,-0.12410645797643273,0.99203324988232677,-6.4589709182033639,-13.156863653635614,-4.0350029852568534,,0.3814736125725172,0.5,0,2
-0.82903434725559888,-0.55048822381992257,-0.098309544328469362,0.55904491941777268,-0.82000833889999947,-0.12269923474757702,-0.013070162342546604,-0.156681331274826,0.98756272270994971,-1.7166417844025814,-11.364097294683479,-3.6482895637669523,0.5394874397498624,0.2827659088044019,0.5104166666666666,1,4
-0.79825860804258719,0.59726448357088691,0.077835283456234944,-0.60025422673917372,-0.77817681051859489,-0.18475853120455074,-0.049780096099417998,-0.19420604582738432,0.97969686832020864,0.41131427795222525,12.34837771015073,-2.4182766636101629,,0.06590305262018631,0.2631578947368421,0,1
0.51972429358436678,-0.8410370522378029,-0.15014438191746507,0.85290975226644472,0.52092606090825766,0.034365586789657475,0.049311389627774253,-0.14592023790329062,0.98806663288627672,-10.264909868530513,23.795441319790186,-2.351453261911407,,0.3835657813574299,0.5,1,5
-0.99968422844191351,0.0027734928557559854,-0.024975010347847888,0.001110906606529744,-0.98804069871625477,-0.15418931080592649,-0.025103969626487518,-0.15416836711100665,0.98772562247383144,-15.892870655791524,5.3146402855140398,-4.266181204046477,,0.06898337600125813,0.3571428571428572,0,1
0.89089954702715002,0.45011409476342001,0.060788969411612721,-0.45420039088631786,0.88289766085680543,0.11913742221610198,-4.5005946160615561e-05,-0.13374984915463853,0.99101512391364477,1.7807827070797939,15.19584550464349,-2.2182064253115161,,0.4463553511848036,0.4897959183673469,0,1
-0.5474927311475708,-0.83082042818808977,-0.09994561243963547,0.83437289459447428,-0.53288075611674501,-0.1409254147642823,0.063824619909661054,-0.16054755017067721,0.98496238609785602,17.960380211961755,-8.9541809537062047,-2.4364385955766301,,0.3102627002027057,0.3529411764705883,0,6
-0.059084539464173531,-0.99153300840147995,-0.11563438263171374,0.99777605247897638,-0.055078483276139401,-0.037540774891720481,0.030853951056182802,-0.11759529722872036,0.99258217784418834,3.4288806981079918,-11.968915741274957,-3.3216659534432034,,0.1399087856437659,0.2580645161290323,0,5
-0.075129379571107782,-0.93898610976786701,-0.33564961192926795,0.99604769597589282,-0.054673212236370755,-0.069998765738208818,0.047376826259008617,-0.33958198645800475,0.93938251570212838,-23.124368074457106,12.488892801654032,-4.4653075293624296,,0.5533434193328892,0.3125,0,1
-0.4884019026884403,-0.86461626989473439,-0.11790796106975548,0.87256357806175255,-0.48237209869474507,-0.077135987975125775,0.0098175195636620947,-0.14055555568579575,0.99002411691608505,-3.595777907481875,-8.626148955185954,-3.6836502201797039,,0.1406934837948674,0.3768115942028986,0,6
0.84038706247599071,-0.53054051423616178,-0.11079868219885954,0.54031036609117078,0.83616071881236009,0.094339602551749002,0.04259452450022063,-0.13914745800490189,0.98935518971367098,2.1511726829077173,7.676778865182027,-2.5693162199819866,,0.1666441862572816,0.36,0,5
0.71477705004244541,0.69074492788361952,0.10938561759058778,-0.69935221891666355,0.70586940345107374,0.11249381835445833,0.00049257381180788074,-0.15690707401095744,0.98761324793481864,-5.7829124673672281,6.7019152744023129,-3.1519227874435343,0.6086002004209089,0.4377393037956231,0.2,1,5
0.8565774969216603,-0.50942930630555405,-0.082199596376535816,0.51515500743700138,0.85343591782867789,0.079135658666026537,0.029838064280488685,-0.11013135810006466,0.99346906035519267,0.6439652361791175,8.1404601761506505,-2.6545216573015584,,0.1479601138643989,0.3875,0,4
0.25447868947902091,-0.96480405921180679,-0.066285171263718967,0.96525215881280579,0.25761107168970387,-0.043872607058394943,0.059404263384526229,-0.052817261111332905,0.9968357289044365,-8.6322083898420114,-4.4974639281890889,-3.931288172508999,,0.1151270445712032,0.4778761061946903,0,5
-0.22235216790625914,-0.97289352940281149,-0.063542850687763372,0.97401252151319884,-0.21878002462157983,-0.058608094680522825,0.043117529647313767,-0.074923169131594677,0.99625669250670079,-0.11582904598647288,-15.061406526518812,-3.6183644301194433,0.1432687455495111,0.1514058173065423,0.3548387096774194,1,5
0.5997998980742022,-0.78718150220011807,-0.14347600797395629,0.79806180941799709,0.60148478637928782,0.036240862334327675,0.057770499553404339,-0.13623998806601748,0.98899000754968325,-29.678198421753059,-4.016295084858915,-6.7805767867891502,,0.4385736114320073,0.25,0,3
0.24300630741950752,-0.96150137239225963,-0.12830839973336622,0.969459013978065,0.24524733180075606,-0.0017223418034972675,0.033123326690024081,-0.12397119476883048,0.99173282092334469,-7.5088738328732312,-5.1195045197248161,-3.8523250980032357,,0.151506925142312,0.2261904761904762,0,3
0.16770867260238284,-0.98446944604333975,-0.051900972448184785,0.98459509044964655,0.16990650624915579,-0.04128301099312779,0.049460175863010394,-0.044177923687358074,0.99779857790150961,-9.7561128874641465,-8.5097621342055465,-4.200296623709459,,0.08724675869466941,0.3684210526315789,0,2
0.74323125496728204,-0.66389724293096197,-0.082751147837519537,0.66697233825493341,0.74495483514469718,0.013791069475722641,0.052490014693332206,-0.065442680440252379,0.9964748134972049,-13.624620187098465,17.98295703544353,-3.0646950942366491,0.38691908351026,0.4221549972974045,0.7173913043478261,1,5
-0.99173350821857575,0.11582602443186719,0.055217576375510433,-0.12494187038839487,-0.96969563240982637,-0.20995216004880007,0.029226318624252866,-0.21511557951393465,0.97615117156619657,16.367380161194507,7.4646383620694827,-1.7735721882693991,,0.5860837815352837,0.3611111111111111,0,2
0.65233055751559776,-0.73904376115201675,-0.16816409495986487,0.75672116635509157,0.64760317965274716,0.08934874422084392,0.042870970616253029,-0.18553824620797885,0.98170140015815799,-7.1841996083162458,-21.341016803646294,-4.2518797908839101,,0.4867775068989262,0.5600000000000001,0,5
0.86233945563415837,0.50529145701783684,0.032422318260360239,-0.50624655376991246,0.85926029133135806,0.073390588887389668,0.0092244269562710354,-0.079701287354360509,0.99677611063938876,-8.5167883742702166,-2.565773660429794,-3.7261464916103963,,0.5816817797343824,0.336,0,3
0.3413126990507267,-0.92555531359198384,-0.16386885899508921,0.93833912836743238,0.3457115967246901,0.0017810291160769186,0.05500292393459838,-0.15437245017071383,0.98648052438298806,-19.001338077093994,10.954192960690715,-4.1018364858222531,,0.4705568585404036,0.4761904761904762,0,1
0.19402283684106969,-0.97199442929340074,-0.13259701432060472,0.97896954733286057,0.20053057163131713,-0.037498203105085524,0.06303779960497248,-0.12253293134423998,0.99046045683669282,-0.045606830651703456,8.9791771340199578,-2.6517568108565857,,0.1316024484302104,0.1733333333333333,0,3
-0.99917392517041737,-0.0077847134458000769,-0.039885655267392565,0.012616298183869099,-0.9924059905250916,-0.12235676928575931,-0.03863025083633554,-0.12275890275853565,0.99168440318169926,6.2997876913591737,-14.343588607982296,-3.2458478421580255,,0.3041278029417925,0.2083333333333333,1,3
-0.7894456694097447,-0.6095475537969286,-0.072300170887635615,0.6136809683732698,-0.78126128973966957,-0.11413354551031395,0.013084498715909594,-0.13447147212137442,0.99083107494611045,-15.171081826847947,5.8188617172878789,-4.1379301444410732,0.2093577091460496,0.1550110212614241,0.5595238095238095,1,5
0.99680107386333328,-0.074120431085733587,-0.029896167656917442,0.074719554578299402,0.99701497066548417,0.019445730444604986,0.028365600796140852,-0.021617353320162184,0.99936383901305192,0.1467582161161495,15.281730082835525,-2.3330288871690934,0.1736763039901318,0.1446812010499114,0.2307692307692308,1,5
-0.56522536237217735,0.81736558165731621,0.11150693096501633,-0.82038640923514494,-0.54277146899328477,-0.17990350743978323,-0.086524154277895116,-0.19316479588389826,0.97734381481525023,-20.58261113972079,-4.5119048024699548,-5.1449670530116975,,0.5382015335431466,0.75,0,4
-0.77319347852259057,-0.62203450099864932,-0.12347033788524832,0.63405847382982294,-0.75460924391092044,-0.16892229210138221,0.011903635357818309,-0.20889702863264997,0.97786519259748572,-20.368393424968581,6.930015040670054,-4.6362588009480383,,0.5122943411361814,0.5121951219512195,0,1
0.71956440416421719,-0.68708395919433973,-0.10071097893290902,0.69344331253504321,0.71866125539752823,0.051598181081061081,0.036924796007836533,-0.10696556926543453,0.99357683468944646,-26.308119663382968,-2.5941642603489323,-6.150201782302303,,0.2306563418716328,0.71875,0,4
-0.86288022639315731,-0.49276685941573245,-0.11233226233478,0.50520002000880093,-0.83456762541671237,-0.21970393348644804,0.014513947870975414,-0.24632844104541812,0.96907772879647425,7.968368033695576,-13.781500425399386,-3.133281761051304,,0.461532111382531,0.4423076923076923,0,5
-0.98969399688424986,0.14110339838159419,-0.024405398920001417,-0.13813977591916196,-0.98566330290143245,-0.096877528986054673,-0.037725254674859342,-0.092507752532451429,0.99499704566451497,-1.1740396815037422,8.0710906346742082,-2.7803156550340749,0.3447149759717021,0.1937298963237803,0.8253424657534246,1,5
-0.92778791904793212,-0.3702916120183658,-0.045756959443883326,0.37310475677980653,-0.9212876524063971,-0.1096444343858486,-0.0015549073897321659,-0.11879892083832747,0.99291711571039987,-10.025341752538782,-11.975921870374194,-4.4046566418201021,0.718452082476588,0.7098913308257551,0.9465648854961832,1,3
-0.96189066801441414,0.26115213589286007,0.081030270303024066,-0.27340883161249124,-0.92264682745045912,-0.27197507715210717,0.0037354495146401465,-0.28376468017390638,0.95888667354527557,-18.123662137551985,6.7198115468027959,-4.350395448247399,,0.09987307697835068,0.1764705882352941,0,2
-0.71930895897767433,-0.68947833136148429,-0.084936753631381021,0.6944809096630491,-0.71069533103193494,-0.11228718788442618,0.017055428696995389,-0.13975613414942489,0.99003905747175958,2.8318754629426421,-3.2917253336996812,-3.0501122342712694,1.339984507172453,0.607963730090425,0.9895287958115183,1,5
0.32322051646981015,-0.90908225128231224,-0.26286490472573953,0.94473195149381439,0.32608249966726105,0.033937342816427178,0.05486380919766834,-0.25930611989352215,0.964235603276548,8.8404828505893889,-2.7040826697128715,-2.6405678309834877,,0.5734676725210807,0.2395833333333333,0,1
-0.15440199741956381,0.98744159554271915,0.033453229812638936,-0.98556727035378833,-0.15155368287999521,-0.075423052264487145,-0.069405898886410841,-0.044615878312077528,0.99659030930579007,4.5882844752668799,5.3061591065471356,-2.5447691629677802,,0.1712429806605107,0.2452830188679245,0,6
-0.91244690860743416,-0.40766004016152896,-0.035410882906772821,0.40918743773955418,-0.9095368378997476,-0.072858639154645757,-0.0025059467023671234,-0.080969328506718855,0.99671344330870559,6.7701594551150883,-5.1665327746135539,-2.8781090418326016,,0.0961033275119411,0.1818181818181818,1,5
-0.99579641468831559,-0.087748565913451079,-0.026261943454900769,0.090411505471677853,-0.98759628114841569,-0.12837190167697876,-0.014671747416052542,-0.13020666128102612,0.99137831587432212,3.2013585719475794,3.6723964217638989,-2.6697836957306449,,0.1176888427565963,0.2528735632183908,0,6
0.89768127240410234,-0.43873166062023622,-0.041022714980380119,0.43841517234551836,0.89861370985226618,-0.016897843732150288,0.044277193138239072,-0.0028161027958420745,0.99901531506420971,1.7799021913591124,-8.9880739928309765,-3.3365653662629442,,0.1162835824106652,0.3968253968253968,0,1
0.79466012971752087,-0.59375474814216167,-0.12637474943980384,0.603236008174727,0.79567404132210662,0.054855614184594413,0.067982326223479841,-0.11982536886981257,0.99046468099395635,2.0823294441995968,-13.680983409311718,-3.4508276116265137,,0.294295121593406,0.2413793103448276,0,5
-0.41631788619961679,-0.90478735326718762,-0.089661937286912907,0.90862847631076071,-0.41046553733764773,-0.076891707584779839,0.032767509326620287,-0.11348078262805315,0.99299969904660901,-14.705673301795196,7.4219564570274388,-3.9362138728028042,,0.08200146553178947,0.2413793103448276,0,4
0.58705442124034612,0.80799325147065015,0.050139925010412111,-0.80885788946656301,0.58798410877350205,-0.0048582381095035529,-0.033406902727733799,-0.037704023760311241,0.99873038676232462,21.476271371866201,0.11888724571508066,-1.8935666935492799,,0.2629788571569635,0.825,1,5
0.9947749905889568,-0.098937063695870409,-0.025182841896420075,0.098914507905394938,0.99509362792269873,-0.0021428470489669297,0.025271292499086544,-0.00035929776087407117,0.99968056532101535,-3.6397768063386113,7.6100072164956707,-2.9470923880311761,,0.06932023327474092,0.2790697674418605,0,5
-0.67730111980812979,0.70431147298146357,0.21262300471335219,-0.73563293081310954,-0.64426390921360166,-0.20920852369853923,-0.010362635281029306,-0.29810965148999918,0.95447538023698797,-8.3644649783843388,-17.880539150926481,-4.3637988794013669,,0.572729801822108,0.1052631578947368,0,2
-0.72087216575309088,0.66920389488651577,0.18030382056729843,-0.69259673824656043,-0.68598471173028674,-0.22301285488182093,-0.025555406720948352,-0.28564159770774211,0.95799571963881658,0.57230556989455583,-13.670926028147258,-3.553684343859743,,0.3330335348764114,0.3043478260869565,0,2
0.90955980771086054,-0.38659268813480796,-0.15246983202484479,0.41284752140223224,0.88253225767903076,0.22515269980167926,0.047517157627688274,-0.26773663857726859,0.96231970368185293,3.4086624519525541,-5.0321458292537535,-3.0484210099216673,,0.1901105494736473,0.4090909090909091,0,6
-0.61824915479694154,0.77281167849729981,0.14328325851631651,-0.78396955926851786,-0.59329524289688285,-0.18273610725922393,-0.056211322108568634,-0.22530615689349223,0.97266511345513562,-31.485024222468983,-1.9955025780814428,-7.0055112455644428,,0.239840688614009,0.2857142857142857,0,2
-0.5304046454039788,0.84728890188429928,0.027792604728171782,-0.8429569632302123,-0.52364636515977747,-0.12336142993922407,-0.089969274063852564,-0.088859445185359306,0.99197254434070525,-5.6560730896482072,23.844443033205724,-2.1408910594587325,,0.2990011152537572,0.2,1,4
-0.080553820508988988,-0.93766279108738748,-0.33808219741893436,0.995672706442294,-0.059929265449398604,-0.071023550943138281,0.046335123257445036,-0.34234043487865295,0.93843278022446108,-26.685742906739637,0.51263319077802438,-5.9199440060938606,,0.5720308596598042,0.4102564102564102,0,3
0.28472098989571548,-0.9511019563742007,-0.11974567421820316,0.95701311672573985,0.28922833908658357,-0.021745396848565225,0.055315931951737805,-0.10840680998158901,0.9925664266042481,8.736539984262869,-9.9990406743952551,-2.9256063387505948,,0.1889236740167083,0.5,1,5
-0.97861700444527311,-0.20193732550768484,-0.039116175392849631,0.20566667229332028,-0.96356566689881284,-0.17100416802417129,-0.0031588792874741637,-0.17539248028535995,0.98449352427580639,-13.498742354557834,11.370392899351287,-3.5008251705313622,,0.2380139071706557,0.1666666666666667,0,3
0.55225927525134877,0.82228928730979789,0.13729537819751952,-0.83361280511120961,0.54664902355952794,0.079148823086862358,-0.0099691551034048441,-0.15816185702298646,0.98736287297506031,5.8324357336957835,-13.411744487233118,-3.2244826333732073,,0.4925813620213608,0.2105263157894737,0,2
0.95290815435541765,0.30239276897738032,0.022905515343305781,-0.30276298221577808,0.94431339276890114,0.12886734589139937,0.017338568647908902,-0.1297336868645832,0.99139726877259549,-19.194967615994756,18.49485714774416,-3.5577720752050359,0.381142759511129,0.3678960339654672,0.7073170731707317,1,5
-0.74470851223668399,0.65186827761353949,0.1430978002744388,-0.66723643112412367,-0.72262406664637413,-0.18058240026148814,-0.0143100238633095,-0.22996131619169119,0.97309455669653078,-2.989626629655397,-10.875314927833864,-3.6995185677192706,,0.2200756968035418,0.1944444444444444,0,3
0.47519532184895696,-0.87188704600004951,-0.11833167416281086,0.87812583396413479,0.47842815327949989,0.0012336427197661953,0.055537607237428704,-0.10449632130785648,0.99297335967057343,13.575057939287143,-14.863765781629107,-2.914624348973657,,0.2798491071944063,0.5238095238095238,1,5
0.094785385792697546,-0.99197170964718373,-0.083712949415080146,0.99420511339021456,0.098610937092986031,-0.042802752182455696,0.050714131648674138,-0.079170766986845803,0.995570221785402,-2.1066593739803188,12.968086104374231,-2.5776983264437883,,0.0707327172016661,0.2272727272727273,0,2
0.75012231654520245,0.66129901703763183,0.000346822606505122,-0.66128600529899595,0.75010404935555941,0.0066883732018856046,0.0041628615824402517,-0.0052464469361204295,0.99997757243749763,0.77715416713616681,10.463031111091693,-2.5197904494646925,,0.1162200381385728,0.3265306122448979,1,5
-0.051541132483721518,-0.9968571604689439,-0.060160728752986975,0.99755924894372028,-0.048548729214240735,-0.050185313972554282,0.047106862654362709,-0.062600499306933122,0.99692633678591647,0.12791140971538212,-10.193135221364106,-3.4899374979077571,,0.08238973483082383,0.4776119402985075,0,5
-0.9556083960185815,0.29462029511541249,-0.0033875012766737384,-0.29157801292459096,-0.94726881278493058,-0.13290620265425385,-0.042365738961327289,-0.12601856224832012,0.99112283100084286,5.8725946388653325,5.5555150386001007,-2.4686694795476196,,0.07343147096727706,0.12,0,5
0.31491699069491175,-0.91138456842842841,-0.2649631246082893,0.94753625597797653,0.31800891626567251,0.032332225144124982,0.054793545047739305,-0.26124413410842284,0.96371633264931311,-3.4341022492015498,5.4220049061744611,-3.0689315440585498,,0.08206263825457243,0.2857142857142857,0,1
-0.3364235463300293,-0.92843980765769618,-0.15753958560078324,0.94094074383054094,-0.32464743198167828,-0.096096625889413548,0.038075110956568667,-0.18056458253002272,0.98282588359353029,2.2179321298492316,13.229040321822829,-2.2649397675050098,,0.4587650733868684,0.1379310344827586,0,1
-0.58940259430654163,-0.79148232874904101,-0.16174147613618772,0.80706058160735383,-0.56812185671812243,-0.1609061016082147,0.035465468279978749,-0.22537364352813741,0.97362668480405445,12.462941123370543,10.459644935772337,-1.868333636664234,,0.6701174752817238,0.5714285714285714,0,4
-0.99700269704751399,-0.072529534862554465,-0.026927470222896835,0.077357398684254647,-0.93997906429449318,-0.33234799767240186,-0.0012062125802557693,-0.3334348890873165,0.9427723584145542,-28.982720745865659,2.2102675977088801,-6.1751571216237942,,0.3927348289769046,0.2222222222222222,0,2
0.062040396897523824,0.99165027512227533,0.11305185094775302,-0.99723224346860462,0.066239202481175874,-0.033767153288822523,-0.040973671294756861,-0.11064402335676801,0.99301513500855332,-22.749083047516063,-0.95069715329692783,-5.4926613807257958,0.6427439427219096,0.3624604353680757,0.8555555555555555,1,5
-0.96726482846705208,-0.252301147072304,-0.027255876368318201,0.25339475652029597,-0.95441947505492331,-0.15771671757903741,0.013778569542057596,-0.15946032993157133,0.98710817755679137,-3.124686956034592,10.501533073446721,-2.743699834142959,,0.136485973304377,0.2340425531914894,0,5
-0.20456982237276697,-0.96836340036480872,-0.14291085545989446,0.97865541822399704,-0.19941150615044997,-0.049685245250693927,0.019615304106414631,-0.15002458481433403,0.98848766496911777,-6.0478600912133915,-18.402512069238686,-4.1043241824763541,,0.2652153642495726,0.3,0,4
-0.3610203271718545,-0.92962443058688193,-0.073910360740174028,0.93076170651612522,-0.35427472276228977,-0.090399482824257818,0.057852995185363312,-0.1014289843571268,0.99315919775248729,4.1232828410182494,-19.988029337635425,-3.5602433679994223,,0.142126047516683,0.2272727272727273,0,4
-0.99775250061509968,0.060817586465672022,-0.028127721073792626,-0.057390813325306232,-0.99229937385562206,-0.1097645078866535,-0.034586732458768525,-0.1079035394332821,0.99355955237499216,7.9994095618887293,-5.4478052191278721,-2.8224318246226492,,0.9482780732284712,0.8805970149253731,1,5
0.06206741350310193,-0.99491228002106402,-0.079354843861759228,0.9967793831087266,0.065835929877203922,-0.045787462766474364,0.050778908913271803,-0.076257362926428984,0.99579431460974188,0.47627688667151336,-7.5055907711061263,-3.3285295571524802,,0.09370263878142564,0.2346938775510204,0,5
-0.94550785003896154,-0.3207011458896778,-0.05626438073726131,0.32536181770573253,-0.93720358702363327,-0.12565478124311885,-0.012433547117439716,-0.13711386324906014,0.99047725638249551,3.3625848423449898,14.380466549275296,-2.1529884095943888,,0.1129742236390888,0.1666666666666667,0,3
0.73596954493643663,-0.66446539374296365,-0.12974809996320746,0.67685624441788372,0.72630394088541839,0.11978401331909133,0.014644224751490352,-0.17597819743456444,0.98428513181349497,-3.0316707892841044,13.423242441377685,-2.6263617677585032,,0.3436463002573012,0.3181818181818182,0,5
-0.9937168619159904,-0.10660094281444388,-0.034103333193532592,0.10939764358901377,-0.98947044337586199,-0.094764957989475609,-0.023642206348150181,-0.097900360962805813,0.99491535589835212,9.4980573724089652,-7.3082742678859418,-2.7885563119240664,,0.08656852138393852,0.1904761904761905,0,5
-0.74155237671147767,-0.646967100256711,-0.17757714880857078,0.67037172507090703,-0.70409490918117457,-0.23420527126990484,0.026491938755304228,-0.29271817512852905,0.95583170439696585,2.2203419784749112,-15.905316924582326,-3.5158109095248582,,0.3437513938973306,0.2692307692307692,0,5
-0.11397384365906632,-0.99035824876641909,-0.078743266771785933,0.99207546277862513,-0.10923552531394932,-0.062079595375330837,0.052879477249288008,-0.085194712921046231,0.99496011064572065,4.2245394821137623,10.664962351905126,-2.3149142378659704,,0.5919489201881877,0.8441558441558441,1,3
-0.41284854722525577,-0.90089501926111071,-0.13395611715976374,0.90936154273867342,-0.39945236847384891,-0.11618687494107977,0.05116308866690427,-0.16978212388575231,0.9841526145709858,0.023962066418458168,-18.492254803300121,-3.7173692987072018,,0.3011526422704403,0.7352941176470589,0,4
-0.45423713302273261,0.89044922698177764,0.027727263673914052,-0.88517122136952564,-0.44758929350482451,-0.12702650589162176,-0.10070022761876168,-0.082243531705578909,0.99151170726831195,0.56693878374807116,14.341870935238092,-2.3377112826499511,0.1821565533394615,0.1437737683188751,0.2857142857142857,1,3
-0.37124120814639727,-0.91186567726272449,-0.17515978991822878,0.92709454116649259,-0.35350105138245158,-0.12463032701069951,0.05172694765106306,-0.20865759823619198,0.97661984906360055,-9.7925949863851542,11.347598197775403,-3.2184798554221339,,0.2837629705723921,0.2380952380952381,0,3
-0.030704610862811087,0.98529142363038069,0.16810127123904015,-0.99826959309824626,-0.021790864854952751,-0.054616643107529748,-0.050150237957814696,-0.16948737041234427,0.98425554857642739,18.578012385230544,5.2883578024709479,-1.7922654841926053,,0.2017635828313289,0.3571428571428572,0,1
0.70738887908561265,-0.70033022162565284,-0.095595786642329456,0.70558367714758574,0.70766943107970304,0.03681916427924288,0.041864642467040483,-0.093496294007273453,0.99473905860683554,15.640152671516157,-8.658556929712482,-2.5457767537937008,,0.1368519671068862,0.1111111111111111,0,4
0.34877103496840617,-0.90095533392457727,-0.25814385803253181,0.93601756834085059,0.34873229466675193,0.047506824917509398,0.047221572658561986,-0.25819619077227879,0.96493774418163225,-4.3264442498795077,-13.276319644344337,-3.9165640548198679,,0.2712538324306107,0.2063492063492063,0,3
-0.181561990489957,0.98336264731269962,0.0057573847781995768,-0.98194269789528232,-0.18097723298812526,-0.055097905496454207,-0.053139266643971644,-0.015657107335690295,0.99846435756636776,-14.670193985815532,12.045953320569673,-3.6034010797987226,,0.07289440892294549,0.2352941176470588,0,1
