axis_00,axis_01,axis_02,axis_10,axis_11,axis_12,axis_20,axis_21,axis_22,location_x,location_y,location_z,dbh,dbh_approximation,score,reconstructed,number_clusters
-0.11002387017653975,0.99252759403088486,-0.052760999598559608,-0.99392819893133699,-0.10980361708912524,0.0070640670476514109,0.0012179328737185874,0.053217861300582467,0.99858218283629885,-4.5767604329206488,-29.127189272597661,-1.1600593364979375,,0.3518610095931976,0.125,0,4
-0.92723808493536686,0.36084630062117695,-0.1000973584736659,-0.35471026950897983,-0.93203320377516119,-0.074126457931539158,-0.12004231983038881,-0.0332273138941514,0.99221257150931053,-20.960889364535046,3.5924644372875396,-3.7102964333669641,,0.09403598854049233,0.2307692307692308,0,1
0.95895963556241814,-0.22795141468033234,-0.16862553159955004,0.2524342808631071,0.95719443876860966,0.14161829061097286,0.12912533139210794,-0.17837308915776254,0.97545358160047613,6.2226269430797645,-26.162608530858449,-0.35647262817322167,0.4133504867032907,0.4367006554789012,0.3114754098360656,1,5
-0.7840065143845214,0.61522705745240835,-0.082640505692331431,-0.61600534002193574,-0.78751851383854332,-0.018761967540515175,-0.076623798307659308,0.036197488034154499,0.99640279776450047,14.666381889665583,15.324407424332961,-1.2258658399094926,0.2140063095468676,0.1748832517399415,0.5384615384615384,1,5
0.99099748032749657,-0.064859340289856002,-0.11712070680165143,0.083980786122159326,0.98245459782427791,0.16652384446751506,0.10426515020301795,-0.17486059931014092,0.9790569693649297,-21.140455939241178,18.998947256683422,-4.2597532485071898,,0.2238161157404994,0.25,0,2
-0.56147193020421349,-0.76381573275676951,-0.31833127082646906,0.8193690439471889,-0.56695571592110006,-0.084826800042574285,-0.11568768911956358,-0.30845865618852858,0.94417668685926714,-7.2278961267653781,9.2047887591836375,-2.4284893265566709,0.7841632114926668,0.4406271834023546,0.1515151515151515,1,3
0.42481362163344072,-0.84115777823636817,-0.33464455618930516,0.9032733249603716,0.41845213810024062,0.094842546013760784,0.060255184753805299,-0.34256590640604345,0.93755955143046299,0.30808846241609972,-27.212306997320781,-0.79250522068969931,,0.2338725477280557,0.103448275862069,0,5
0.35963362381874731,-0.88323803493626618,-0.30092229937463832,0.93292188872203063,0.34654224739609291,0.097801944321085452,0.017899892801785427,-0.31590986754387507,0.94862033998122575,-11.91598060103958,-30.273786034039592,-1.8400082461588148,,0.2725921800396077,0.5,0,5
-0.71865815486858908,-0.64512953719417199,-0.25949631342373547,0.68550533404806713,-0.71990449025912118,-0.10871964816170021,-0.11667430493696454,-0.25601836876362927,0.95960497154979729,3.8598806182775016,10.908564183826613,-1.6088794618836948,,0.08821296799513882,0.4,0,5
0.18200637529169722,0.98178177660468013,-0.054573093005044364,-0.98202596391843255,0.18431227703355196,0.040669284783260706,0.049986853704274865,0.046190125153181889,0.99768120499239732,3.3693032841000869,16.382573594748301,-1.8913402277057751,,0.137601972275294,0.1481481481481481,1,5
0.77635184797105716,0.62792126451846331,-0.054705518162789506,-0.6173779667421917,0.77505057997964388,0.13468869534780983,0.12697343947929574,-0.070791835961161745,0.98937670360083052,16.582761518403359,-22.627781999643833,0.26138466498421781,,0.2369512279312809,0.3125,0,8
-0.70378735500078105,0.7103449466212276,0.0096651823930385961,-0.70977225352430162,-0.70251311803212657,-0.051948696998239188,-0.030111576976973826,-0.043420914343958131,0.99860298273612969,-7.6343905846471039,12.403526475730626,-2.6057225508931805,0.6677328400700464,0.237969995314617,0.3703703703703703,1,3
0.85649675576422835,0.51024090091848595,-0.077894354065264446,-0.50105915961248593,0.8581568063488475,0.11183297494736189,0.12390732800679002,-0.056754900643378813,0.99066939758891248,-10.156184637160449,-36.264294834899317,-1.4208100702631874,,0.3234321414225924,0.5789473684210527,0,5
0.5537854705247246,-0.81380843231126954,-0.17617459559988796,0.83143173513012458,0.55193516007507559,0.063944107558174493,0.045198699696124715,-0.18188846739685002,0.98227982926139989,-4.4437130056763774,15.479722667455258,-2.4692617646836306,,0.1108200951332211,0.2916666666666667,0,2
0.32240918873590807,0.94488702522396562,0.056928240637295513,-0.94435564764042579,0.31692322074037022,0.088045913733584197,0.065151560136997785,-0.08214731717441992,0.99448835714288764,9.0640305523369822,15.628676432075665,-1.554553803416165,0.4111152639096691,0.3261654894968298,0.4324324324324325,1,5
0.56925983566067317,0.8190492627681315,-0.071425098267797735,-0.8161916431941344,0.57343921420284683,0.070701267276341587,0.098865773064507223,0.018049176529764829,0.9949370764741633,11.960820650790964,14.175560314655094,-1.288573852304278,,0.0750531282498636,0.4166666666666667,0,5
-0.96266982623483832,0.2362707877762254,-0.13207164911739824,-0.23845106279423695,-0.97115425203575056,0.00071372626565019361,-0.1280933109466931,0.03217970783716384,0.99123991550695223,-0.86686632105760597,11.073143066912687,-1.9574641937953905,0.4799368091148296,0.4353471078086903,0.967741935483871,1,5
0.97485041735857603,0.17262917356376486,-0.14094620324968252,-0.15992447723506154,0.98234662400768957,0.097052933401246225,0.15521219461402352,-0.072071344759106787,0.98524864674239032,0.2786419873270054,23.932665482523522,-2.4404416430425688,,0.2860237623303419,0.875,0,5
-0.96026243565971292,0.25475650280347906,-0.11399639880372255,-0.24845297719819778,-0.96634530417267894,-0.066692362566976304,-0.12715019772783781,-0.035719425845807375,0.99124010705530763,-16.867025568260967,8.7687279380631811,-3.4544696582272625,,0.1252519069768114,0.3846153846153846,0,1
-0.97518572254671987,0.18702320615908452,-0.11846994090911969,-0.1812502420483586,-0.98173362522718133,-0.057857055366730727,-0.12712653656276959,-0.034948668876998164,0.99127061605057287,2.5205208402970158,12.833013358312735,-1.7840751886358208,,0.09334471744440638,0.4090909090909091,1,5
0.35956921272498787,0.93284185698831157,-0.022716758371993457,-0.93055853614091999,0.36027856152038257,0.065269969542455397,0.069070920622222504,-0.002329798146455387,0.99760903161759518,4.9593594040040188,14.669821270833681,-1.7169225659520144,,0.1122358513251621,0.3529411764705883,0,5
-0.86249913330242478,-0.43747536580170671,-0.25438268291931571,0.48876444889289516,-0.85041811952689017,-0.19467494825676041,-0.13116614864739495,-0.29224018597210555,0.94730729710690953,11.643093263962555,-25.42693209435572,-0.038316347189291139,,0.3686281016368617,0.1071428571428571,0,1
-0.33894445144993401,-0.91824024505521384,-0.20482068057753369,0.93841254918583572,-0.34549343336563487,-0.0040218194597189194,-0.067071203670758028,-0.19356947037734631,0.97879125137895906,-2.3072099127413961,-23.454778432446766,-1.1307251494403818,,0.1584911881511367,0.3636363636363636,0,3
0.98056185854758215,-0.10847106811008352,-0.1635006695544976,0.13887254759771125,0.97234444157425026,0.1877783333171861,0.13861045085213758,-0.20683402602743192,0.96850752634755,-2.8413683600581736,23.063554947343569,-2.6250649473919445,,0.3601348605673327,0.2222222222222222,0,4
0.90595778299891472,-0.35430525532377882,-0.2317504724345662,0.40721123577947971,0.8790174236314765,0.24800681121136881,0.11584258663652965,-0.31905509712623986,0.94062975719414965,-22.331543599714923,11.224271901960922,-4.123965099255936,,0.2399621472567,0.35,0,1
-0.21766688480946675,0.97599170201080487,0.007831019307501982,-0.97601941691229066,-0.21763695687178219,-0.0045003126315579138,-0.0026879485735660413,-0.0086227959295168497,0.99995921032951307,-0.24180145670147185,22.948705473717492,-2.4345806322176609,,0.08901531582389449,0.2857142857142857,0,2
0.98197104754770048,-0.1349067895281662,-0.13241231029355421,0.14680497297087389,0.9855410575825333,0.084599785638760194,0.11908468284835973,-0.10251332575966036,0.98757777230585753,9.1335776328619467,19.905396930313479,-1.7328726879017411,0.3272556926789945,0.2315331047779618,0.6896551724137931,1,5
-0.336951566253266,0.94147910261804235,-0.0089856181198568752,-0.94047134321200976,-0.33701097218215031,-0.044014284338600086,-0.044466780819711109,-0.0063799657026358553,0.9989904911665396,-0.68441710734203853,15.036992527264291,-2.1381050427289483,,0.263512086823683,0.4166666666666667,0,5
0.50363918451248635,0.85678842347785977,-0.11073016399302149,-0.85908362937532479,0.51022740562660374,0.040537788381522694,0.09122987209745162,0.074710052482039963,0.99302342293382651,-22.089861254555998,13.235876613037073,-4.1736106966931192,,0.7087133775278804,0.9558011049723757,1,3
-0.56552708123936679,-0.79757985594249159,-0.20987018316005643,0.81968266103081389,-0.57167262970888999,-0.036204138536426872,-0.091101347906190525,-0.19250137099895068,0.97705873240721719,-1.1322814818878761,13.016561386708787,-2.0860766305202825,0.4022158530387849,0.2474748271374469,0.2747252747252747,1,5
-0.41786747413672171,0.90849523859829595,0.0048140941851284131,-0.90786674198977835,-0.41736761328476912,-0.03977755862094106,-0.034128475610014412,-0.020992303951742407,0.99919696272923875,15.164711208529749,13.000128762797065,-1.1083306871048819,,0.1934053601547784,0.3333333333333333,0,5
0.50045033540315109,-0.82383477393926763,-0.26616860641952073,0.86513592548079632,0.48758655437535098,0.11746992140483828,0.033004427541764574,-0.28905988521551901,0.95674191427042188,-17.514714149639449,7.0061367325364508,-3.4669331964724588,,0.2635940080193656,0.4468085106382979,0,3
0.92923873702286353,0.36665302072543565,-0.045617233684948758,-0.34252857613453891,0.90115478927882708,0.26569572877838771,0.13852633015928492,-0.23126955734109625,0.96297707537607258,4.2250346818399285,-26.716534503443103,-0.52166611120511808,,0.5517944355725667,0.5862068965517241,0,3
-0.70343584954625304,-0.69366562282010402,-0.15493872753685442,0.70327268233094298,-0.71084334584282638,-0.01045332282184405,-0.10288605279717351,-0.11631741653155178,0.98786877607870749,-8.0711253003958987,7.1856802919822336,-2.4607683481944407,0.3651766734213459,0.3206183398029125,0.9090909090909091,1,4
0.80896348855352962,0.58253229127100026,-0.078956974447246198,-0.57182925166234233,0.81092599438121071,0.12413838479749653,0.13634288074773165,-0.055273513217491688,0.98911852556000923,-2.8777826417016934,15.805055589263818,-2.3705832522817127,0.40617551303615,0.2010389926019461,0.3823529411764706,1,5
-0.99079781945227785,0.025517332805724737,-0.13292308563636832,-0.02233161848247827,-0.999427835508227,-0.025402764166386343,-0.13349524255404935,-0.022200615708170876,0.99080076346236889,-2.9200639225722904,13.549151033270819,-2.2856282104048935,,0.071997218620532,0.2894736842105263,0,5
-0.78324877967123241,0.62163717562723309,0.009411217866089009,-0.61475355145805544,-0.77214016408586927,-0.16086527896086225,-0.092733058362347437,-0.1317831130442913,0.98693150269059793,9.3333494983752807,11.485640253408736,-1.3065738501346034,,0.1347932158328156,0.1515151515151515,0,5
-0.89455018861102531,0.44467478536606364,-0.045213884102391626,-0.43250546342498897,-0.88668987861972592,-0.1634627886121828,-0.11277847384813658,-0.12667041648696356,0.98551287227691964,16.801749197962224,12.551838531896331,-0.99044775108759597,,0.278384777690994,0.2580645161290323,0,5
-0.55919471067640547,0.82899957129565216,-0.0078093753371618812,-0.829021991355256,-0.5592156607721106,-0.00061854391758201638,-0.0048798976318914734,0.0061282574062216629,0.99996931505935005,-23.259077746584861,-36.132309426377574,-2.5991722855150683,,0.2078382217358871,0.25,0,2
-0.98590673278555274,-0.065042021925630134,-0.15413451797681013,0.072798786002892107,-0.99632094067989541,-0.045220790785154702,-0.1506261962761552,-0.055804287886823629,0.98701450366690302,20.574542779403409,21.477444739575485,-1.1440398066478041,,0.2921023789948731,0.9090909090909091,0,3
-0.37280602666632323,-0.8926004566922594,-0.25353518728973296,0.92613688090997415,-0.37481491431747999,-0.042240476128065516,-0.057324901217657702,-0.25055579162723696,0.96640346180176495,-10.586384630844403,-30.587386372311652,-1.6583985715659011,,0.2385022481003932,0.7954545454545454,1,4
0.84140665761037936,0.530184338661148,-0.10459160371354921,-0.51805393732512739,0.84644200520669399,0.1231099096076548,0.15380167278304857,-0.049401405446739134,0.98686602261351775,16.530557272060804,-24.878337296653793,0.33563906973506147,,0.1662587578942428,0.1764705882352941,0,2
-0.030302072649199516,-0.97054013656075044,-0.23902641635978775,0.99949043189971543,-0.031821761073904747,0.0025004125810359247,-0.010032992279609652,-0.23882884843920196,0.97100984558299996,-0.1451245692942206,-23.766468198529143,-0.92284184908767941,,0.2042616937368457,0.1666666666666667,0,5
-0.95352736685164718,0.26519721187901485,-0.14302447160035814,-0.25575712908676951,-0.96333199202412501,-0.081115744859582603,-0.1592917185112217,-0.040766554360507995,0.98638949531070808,5.2528223838301171,16.012097251398462,-1.7629326623497348,,0.2410777097284488,0.2222222222222222,0,5
0.83142453455464316,-0.52091293779434167,-0.19334672114898713,0.5509383769320424,0.81803282783521636,0.16519442305176971,0.072112052835034288,-0.24386882503179538,0.96712349160462929,6.0520994172947127,-22.244362645909039,-0.47981511410651084,,0.3021540137782088,0.2666666666666667,0,4
0.87045088776311075,0.47850377475029027,-0.11553955834317635,-0.47244901320663391,0.87799892819733483,0.076875301654103223,0.13822873041625786,-0.012329624246307099,0.99032358270085374,-11.553830557286716,-27.54123225057495,-1.9031993762874833,,0.1094187660676237,0.4615384615384616,0,4
-0.26116868676430521,0.96489837750264673,-0.02760503842719543,-0.96514446895520334,-0.26152360735364255,-0.010077541461841076,-0.016943172636362188,0.024010911883901646,0.9995681092409443,-5.5257054512374806,8.5009961280355881,-2.3010968788256654,,0.08368843105030628,0.352112676056338,0,5
-0.028435430368445785,0.99207229689626308,0.12240908475572865,-0.99939813597406058,-0.030649999073857785,0.016246333997138745,0.01986937621908013,-0.12187343963204782,0.99234675018408713,4.448967156701265,13.189932402451534,-1.6659427867687182,,0.3225607687466782,0.4912280701754386,0,1
0.56490699292037705,-0.78871698320335204,-0.24249867990622087,0.82464109027616406,0.52925926507591725,0.19962891213308556,-0.029106040228727717,-0.31274614424146402,0.94939069285742439,5.6293474052435251,-23.939318404871575,-0.49407346935562291,,0.790572309054712,0.1463414634146341,0,2
-0.9290470905789382,0.3640292296988929,-0.0659865396246926,-0.35574736720570316,-0.92799261318212789,-0.11078592241623662,-0.10156433533982846,-0.079450801155409451,0.99165127740690295,10.579915868067825,11.424436121621648,-1.1978709446516482,,0.1048379797743864,0.4137931034482759,0,5
0.78177899820977004,-0.59067793090490261,-0.19980285258232339,0.61581467720078509,0.78169787735172991,0.098593670627959457,0.097948360385580177,-0.2001199902201295,0.97486312280856802,13.465757667979057,-24.533178091252054,0.097863202206676339,,0.1987070762666051,0.6363636363636364,0,3
-0.77530165713424071,0.62599345851023203,-0.083901909080181331,-0.61596391931798045,-0.77878508703178462,-0.11866860711800772,-0.13962732735153546,-0.04032341899311425,0.98938275269855636,4.4082332716272692,-25.142226477876715,-0.55307136517116107,,0.6005285548877465,0.5476190476190477,0,2
-0.93097859641235925,-0.2904624103339879,-0.2211570509955417,0.33836364912062167,-0.91397045515712727,-0.22398224941644629,-0.1370725865220738,-0.28335418698661285,0.94916885259752626,-21.962634382899164,1.5804291562265094,-3.7612279842042784,,0.4079110348610443,0.28,0,1
-0.2658673858240046,-0.91748797458501419,-0.29585528497391872,0.96215519945315042,-0.27157711230352077,-0.022433105851612133,-0.059765419101505214,-0.29062293193203076,0.95496932208048002,-4.3791904164139019,-23.951602319728785,-1.2994961043967017,,0.5620104265226065,0.2741935483870968,0,1
-0.77614139233978541,0.61776154683429996,-0.1263930787256746,-0.62301135276842934,-0.78220852675291275,0.0025836014963477975,-0.097269694244987479,0.080749563020075535,0.99197687203561136,-3.4080670600127942,10.103934551407397,-2.1662021793686455,0.2541477115580373,0.2113750382286328,0.5145631067961165,1,5
-0.9484016240069878,-0.24361445003069046,-0.20294422710969892,0.28535669424073384,-0.93482311425667963,-0.21137005961924724,-0.13822415358000636,-0.25837520157261223,0.95610477385033654,-18.009649346174399,13.109063204495794,-3.673832029299692,,0.1285878080340309,0.3809523809523809,0,1
0.63740849152878598,0.76424057568723869,-0.098217907737009585,-0.76202833159611782,0.64411544017786193,0.066544132493532707,0.11411939700083783,0.032429033252900481,0.99293762192317381,14.691279061058824,-20.436857613952263,0.10683355399020456,0.2038522678421078,0.1211570357126992,0.2916666666666667,1,5
0.5241139915073546,-0.76752334512509846,-0.36906969341062035,0.85026400162172711,0.49627193934509417,0.1754003699108653,0.048535053852220872,-0.40573646238246786,0.91270053776741233,16.508098406214931,19.067164134109571,-1.3038673704911081,,0.4641717119291028,0.44,0,5
0.47623307026863748,-0.84544389201816361,-0.24171613150902518,0.87860966384153694,0.46855702822726442,0.092192027329361229,0.03531460585607938,-0.25627902127957286,0.96595752591157713,-1.4033446601304216,-28.088409775545426,-0.92891131853008124,,0.2549703839395623,0.5918367346938775,0,5
-0.39296623157269656,0.91622672506710645,-0.078141724554560893,-0.91879193312832874,-0.3946772078050777,-0.0071613725987477103,-0.037402198623403472,0.068981808558448474,0.99691653894703891,-13.140874476132753,11.47395578309429,-3.090716605496894,0.2851499007958003,0.1742561282177595,0.881578947368421,1,5
-0.85305025617492936,-0.48691317541920703,-0.18767210779194352,0.50489111546265664,-0.86102258628197181,-0.061033330559438277,-0.13187199083490203,-0.14681847811324034,0.98033367407110428,-15.972689193738132,6.0537662857078454,-3.2527325139020133,,0.113225963423842,0.2452830188679245,1,4
0.96716526558588689,0.23621222101292069,-0.093782384744287434,-0.21964920381979902,0.96251737250698632,0.15910542066057098,0.12784981934093922,-0.13328201028793038,0.98279719648974317,-9.2841727400035019,8.4209167081953975,-2.6679155759241988,,0.2498634225666898,0.1904761904761905,0,5
-0.62952671180022524,0.77349990500970101,0.07344396557907848,-0.77398487081374034,-0.6160029233281642,-0.14658723751607591,-0.068143516796793827,-0.14912509983614564,0.98646751883547867,-3.8496411377018096,14.666327430095354,-2.4134845903921964,0.8658400808138714,0.4259844147698782,0.4096385542168675,1,4
0.83899602482825952,0.5435276036258303,-0.025756832474916665,-0.52865949494937947,0.82542662973819703,0.19796468705026213,0.12885964737746822,-0.15247499144385512,0.97987068956161261,-20.850938597475114,7.9059380848980796,-3.8172192164482492,,0.1532355822153783,0.1923076923076923,0,1
0.98148857599507267,0.14561576007980842,-0.12440347908135561,-0.13209004586987688,0.98502049161116367,0.11084606843815617,0.1386809106303365,-0.092361688607789663,0.9860207520657257,10.44422594741606,-25.247238733458008,-0.13443973024886494,,0.4816357521980464,0.6666666666666666,0,4
-0.95252292738703448,0.27876393948255845,-0.12243667279944456,-0.27744946525950165,-0.96033195658027803,-0.028005845781031088,-0.12538686944513117,0.0072937791890609147,0.99208111248823294,4.6399828454733365,-29.691148519974899,-0.39667918772734745,,0.6289317847816409,0.7666666666666667,0,1
-0.95837735622997411,0.2683868994044451,-0.097372045750885733,-0.25501949895228004,-0.95806206518600756,-0.13069863964727879,-0.12836626589479205,-0.10042684640866383,0.98662888174867314,-4.1928063886364493,11.32343819577569,-2.2961041150930455,,0.1461351029913476,0.3777777777777778,1,5
-0.98713425517279552,0.028330866086412453,-0.15736366890500267,-0.0057531056002882077,-0.98983342312700551,-0.14211508096126138,-0.15979006239563667,-0.13938133478865705,0.97726146934795799,-12.990280380508173,7.4394726090948655,-2.9779240677092518,0.6711559542389284,0.3519397473020529,0.3725490196078431,1,3
0.85581706821993553,0.50827653883118573,-0.096083847847722614,-0.5015127373468159,0.86080303721885465,0.086620467521820663,0.12673641947892408,-0.025944001013438363,0.99159708994584927,-10.153826438228815,14.837328915564173,-2.9408348805478335,0.5749741185393462,0.5143963825375082,0.8333333333333334,1,5
0.018116533361237492,0.99976873076304029,-0.011587761105137238,-0.99963745419814865,0.018342609414363942,0.019710627694605437,0.019918619008717001,0.011226471766795499,0.99973857330226779,22.640936689622396,-21.272214690464907,0.53682333060263254,0.5352822525927248,0.7557043819113728,0.9428571428571428,1,5
-0.79336770411188284,-0.58637302292977989,-0.16350646486433604,0.59581559069230849,-0.80304436319046291,-0.011114523651514614,-0.12478568812254134,-0.10623760505685487,0.98647965174734753,-14.632563346791539,7.5847161643534546,-3.1316383657368716,,0.567069630086808,0.9963833634719711,1,3
0.78059073469064622,0.62333954392185476,-0.046107677217703931,-0.61345369523366022,0.77816971632360987,0.1346345290072371,0.11980262400834606,-0.076809540944646926,0.98982201718318419,-15.799684525659274,-29.897892592915074,-2.2061745899146712,,0.2678762533711072,0.1764705882352941,0,4
0.63254664910405278,0.76828878693145208,-0.098066694563615164,-0.76711398309544687,0.6389246416252069,0.057545106338772016,0.10686848762228297,0.038828368488772788,0.99351471260058699,-5.6071906091101562,16.351101988560043,-2.55458646330987,0.253730109831514,0.2934762024647784,0.4583333333333333,1,5
-0.98395073924148568,-0.083401238892234414,-0.15775036005465848,0.11036417892339712,-0.97911675314230084,-0.17073409655555968,-0.14021658516986607,-0.1854039294818727,0.97260716230962552,1.9224163001268491,-26.730080337048705,-0.68504016389122524,,0.3318876910012008,0.4285714285714285,0,2
-0.81367480359720012,-0.54877046233882454,-0.19179231907323868,0.56519487884976605,-0.82397727178160229,-0.040202046084073184,-0.13597081640211017,-0.14111142849457861,0.98061179976337376,4.0170606120211962,23.724817364798742,-2.1155192955488427,0.291162530766664,0.1890081125530149,0.4166666666666667,1,4
-0.98346754829082994,0.1229167754918223,-0.13297762128086851,-0.12239868811904663,-0.99240731117918046,-0.012095034718696144,-0.13345464624943379,0.0043812122526811562,0.99104523729930505,-18.811877749541591,4.5633040208044156,-3.5343590382467274,,0.08231508289048038,0.3076923076923077,1,3
0.96932885246394052,0.21228603448936198,-0.12383947408529483,-0.20171624785094988,0.97506075255028046,0.092558544656966057,0.14039989720037235,-0.064739233829748638,0.9879760627005405,-18.147141304596744,18.930596254659083,-3.9240787013923129,,0.1658426771901332,0.5405405405405406,0,2
0.56660833089094476,0.82392379550733352,-0.010226366009867696,-0.81813756547600658,0.564018723960936,0.11195446832739957,0.098009812375959612,-0.055067760243791182,0.99366071596886718,6.4504083803801553,12.355285951632544,-1.5327639645681017,,0.2640506050103932,0.1764705882352941,0,1
0.70606266169445187,0.7029767114863088,-0.085435711905744352,-0.70095925810782178,0.7109373360360236,0.056782239326521218,0.1006560292971975,0.019795134197509199,0.99472434193007675,-13.869954034980649,-29.724757719165424,-2.0504249519744207,,0.1802423192389637,0.2608695652173913,1,3
0.98461279854759298,-0.068041555689549504,-0.16095957143215425,0.11232028749849711,0.9520342933887096,0.2846310897075634,0.13387228971124615,-0.29833043912950941,0.9450275970236327,28.807765629449587,-14.786986707044269,0.47509194556287676,,0.1740461847693907,0.2777777777777778,0,3
-0.82102182428316983,0.56824111300361491,-0.055001832179922917,-0.56441718240387806,-0.8224016379142971,-0.071335756554119764,-0.085769506574323848,-0.027524233836640474,0.99593474098140711,-6.1264222450465837,14.288309855381241,-2.5326449727488405,0.548421631713768,0.3092967237885369,0.375,1,5
0.88354998615518221,-0.41681344875245452,-0.21355554524353115,0.45909339098725149,0.86097473684028314,0.21898803819987855,0.092588769929206838,-0.29152881754963728,0.95207051641204921,20.665417690429585,-19.017847677999409,0.41592181688623786,,0.480604502461107,0.32,0,3
-0.14686760802936832,0.9885434313605983,0.034810774561146653,-0.98912987739055536,-0.14651619527047027,-0.012453520659286439,-0.0072105038019338527,-0.036261395964310897,0.99931632619388455,-1.3427771701761837,20.03217258487923,-2.4241657868921926,0.3655620752736126,0.4400220908661497,0.4423076923076923,1,5
-0.98692478250709803,-0.079602811367075491,-0.14015300958515264,0.081472415200146628,-0.99664628535924293,-0.0076437844735227755,-0.13907450965138432,-0.018962444517534295,0.99010035171347488,3.688752234998204,14.319248758136318,-1.7738928676906975,,0.0810174078889182,0.4761904761904762,0,5
0.90282075922689964,0.41599861067693339,-0.10890285865772741,-0.39240766468700522,0.90057939659531439,0.18701062836884391,0.17587183232074038,-0.12610276104384147,0.97630281790705908,-0.40248794375306524,-29.256119827802397,-0.81075963723244071,,0.4113238126422187,0.4347826086956522,0,3
-0.71801503957597101,-0.64421600741967611,-0.2635149686962176,0.68631845671466218,-0.71831248041212226,-0.11399191399826999,-0.11585067507581026,-0.2627030952776091,0.95789650005417726,-21.321607777635094,4.7299133419071113,-3.785892248396634,,0.5836840776000378,0.5217391304347826,0,1
0.26481163940733932,-0.88637861057893041,-0.37974696093920313,0.96290823575800955,0.26421335671384305,0.054763415191162082,0.051793099383928169,-0.38016346594875045,0.92346803627090324,-11.520359351715385,11.751753602276333,-2.9830389154835597,0.7480258012746639,0.6578530638255382,0.5104166666666666,1,4
-0.53687642438331362,0.83713250264324424,0.10475150576314125,-0.84205056320331573,-0.52403730284701222,-0.12781140103216909,-0.052101381463119302,-0.1568249924058214,0.98625116872252527,-7.6817159977499836,-28.034957228942169,-1.4573679343260835,,0.2874547101503279,0.1578947368421053,0,3
-0.65907448484390529,0.75190916985525103,0.015919287525769463,-0.74578578726828149,-0.65068196028042036,-0.14288647967620705,-0.097079261103340725,-0.10604521136391142,0.98961104996377869,-12.484214513625586,24.150054828594378,-3.4117966596214582,,0.279928518251722,0.4375,0,3
-0.067117926034503839,0.99709935489127977,0.035889559487676373,-0.9975759816479991,-0.067725289289739879,0.015982679051104686,0.018366949770075074,-0.0347298382664478,0.99922794871346965,-9.8221786884190525,22.743589814918046,-3.1371341478250945,0.2757766747681456,0.2182772366662771,0.4848484848484849,1,5
-0.94274800961348149,0.31921006599810842,-0.096597743945197684,-0.30921793135614134,-0.94513252688058813,-0.10539818575356437,-0.1249418316563649,-0.069494175279640524,0.98972728481362704,-5.7108716571924578,-31.807969184983246,-1.1738609268686524,,0.243675298042155,0.2105263157894737,0,4
-0.48291293912284017,0.8699335140079939,-0.10005385766398256,-0.87473050638532557,-0.48452325885743236,0.0091516569563156978,-0.040517088081607103,0.091939615138839123,0.99493993423799709,-22.800658352642117,7.5610273993219543,-4.046382201249231,,0.09553180870922992,0.3684210526315789,0,2
-0.81103361493852166,-0.54115055812269552,-0.22221734604492241,0.56526752860817975,-0.82276194356570498,-0.059459274475765801,-0.150655555957802,-0.17383572033238409,0.97318243191889076,20.731660385426519,-29.823235836539435,0.69026277773010547,,0.2392824194392318,0.2727272727272727,0,4
0.18832832759395007,-0.93126495539046927,-0.31189425112889435,0.98201892948260372,0.17433141317000286,0.07243880534624747,-0.013086755270412117,-0.31992833766913759,0.94735135804660919,24.591068768607471,-20.861365325608247,0.59077580518901396,,0.2691797896507288,0.2916666666666667,0,5
-0.58322943754136114,-0.74386102217664685,-0.32636513734083539,0.80203821130386987,-0.59101760023876448,-0.086214290094516075,-0.12875609031683458,-0.31204002290463773,0.94130382624952547,-1.7451128534852407,9.6282661834620882,-1.9807929394445967,0.5544959666262883,0.2839512045586372,0.1666666666666667,1,5
0.96691914595573347,-0.16213961879148928,-0.19692158135254251,0.22020887411233103,0.92021894795614567,0.32358173555481246,0.12874555117135136,-0.35624125510759641,0.92548190215311599,11.588265132005878,9.1723549864270559,-1.0740427702972601,,0.4048380618333339,0.2,0,1
-0.92803927892451277,0.35690592566558682,-0.10658919737976928,-0.34079667126294688,-0.92908209413596554,-0.14375009986788326,-0.15033537717173504,-0.097080495367102379,0.98385702812446929,-9.3755298570576322,38.411951874092736,-3.702766069846037,,0.5681337404872268,0.75,0,3
-0.9682594572048453,-0.19706442772145402,-0.15375056051993632,0.21288040751939019,-0.97253413557960844,-0.094123786721546115,-0.13097921830487874,-0.1238667286208875,0.98361652991041326,-6.9873551838760566,10.845427473902042,-2.4661618938201175,0.266733381771684,0.08850030600186089,0.4545454545454545,1,5
-0.85707055812200783,0.51493061075137347,0.016629026178589315,-0.50401587145728866,-0.83134111981219838,-0.23417929846284541,-0.10676169593810639,-0.20908947515505874,0.97205119806510276,-13.449386731879812,15.315160004892178,-3.2108720493502445,,0.3851336817264101,0.2272727272727273,0,1
0.77615843398307172,-0.59855201261193425,-0.19827650782467898,0.62638242599020555,0.76797224071881443,0.13365513045128097,0.072271306668495391,-0.22793447673295769,0.9709905934399683,-8.9498777015845867,-28.81113422468086,-1.5612042554941652,,0.1693007576355017,0.25,0,4
0.97786986964324085,0.17441127961658068,-0.11554749493788212,-0.14838436350434633,0.9675235336562289,0.20464675049649869,0.14748762223089421,-0.1829724497400444,0.97199201844706806,-8.8125591947652708,9.9420858743170815,-2.6701315610521639,,0.1962534385442206,0.2666666666666667,0,4
-0.32463415004264329,0.94574770194351698,0.013189120313657583,-0.94580259487099139,-0.32471331844371115,0.0043257786088679315,0.0083737782028543758,-0.011070008754760564,0.99990366273195508,6.5995050031383444,18.619191920171108,-1.7968007697807244,0.9364466233938833,0.5181954233652022,0.4117647058823529,1,5
-0.28867260807044343,-0.91708403049450737,-0.27500001156683285,0.95529595161945635,-0.29505009003727495,-0.018843810349127615,-0.063857420628193579,-0.26814608962456649,0.96125954062873609,-6.8583829854747442,-26.631974514653198,-1.4379348103729932,,0.3520506866493933,0.3055555555555556,0,5
-0.068956605721140221,0.99592327280936332,-0.058153428137165591,-0.99650376341307456,-0.066006004928352693,0.05121969169153856,0.047172407517501312,0.061482046079189084,0.99699283948226936,16.155662178099533,15.078615483624679,-1.1511851956215171,,0.1419068893829435,0.2916666666666667,0,4
-0.029841883639229152,0.99690015323752723,-0.072797983872202238,-0.99937104327273685,-0.028361353708771485,0.021287355020468895,0.019156718112042108,0.073387451862022418,0.99711950239696689,21.950817815018898,-17.592972624671106,0.4145824277119905,0.228096129310059,0.2714536426941352,0.4347826086956522,1,5
0.60975303491183119,-0.75663782636390908,-0.23600939839572221,0.79186167705419741,0.5943326205516577,0.14044152007548888,0.03400471774218853,-0.27252144110784887,0.96154861723564222,4.6249687870859768,-23.238988958975298,-0.58459640310668592,,0.1999702546496323,0.5,0,2
-0.85189385763960301,0.52370675886187257,0.0028435960173660057,-0.51417255217938584,-0.83532852501556643,-0.19455806814588045,-0.099516038412179805,-0.16720492222931882,0.98088688036951266,-18.532725858289588,17.470200867723996,-3.9008422631078172,,0.358881323279034,0.2758620689655172,0,3
0.50185178188939239,-0.83147493540105299,-0.23831538098548433,0.8637069031587169,0.49651979617411429,0.086478190563832685,0.04642385647940634,-0.24923387371509231,0.96732998596267483,-4.5782468846073581,-26.661084981506328,-1.2460589723076616,,0.1183948561497022,0.2727272727272727,0,3
0.90449633757898762,0.41669451070506658,-0.090840850141683624,-0.40128066949256302,0.90365396963434674,0.14961058604152391,0.14443060478236222,-0.098869549975475951,0.98456315820258511,7.5287800494521262,-23.988704190387125,-0.3206596229989721,0.5580784850218468,0.354285598623609,0.5238095238095238,1,6
-0.71871844390804451,-0.65539812419488064,-0.23215748359299479,0.68681196915526443,-0.72121663899423516,-0.090199105665897811,-0.10831951537681377,-0.22427629932672694,0.96848697675747875,26.062474373265722,16.636864072773889,-0.70190932803441464,,0.2483328181129776,0.2307692307692308,0,5
0.8303642416060476,0.55026700323881239,-0.087757913652224726,-0.54326293742522491,0.83449058856905989,0.092145745478460592,0.12393791624087654,-0.028838910108428921,0.99187081325222393,-10.588115235379448,-29.142918110514465,-1.7271798937918021,,0.2128728658712814,0.4137931034482759,0,5
-0.89937100804216774,-0.40395817179737376,-0.16718129480100402,0.41927192806998237,-0.90530765742452757,-0.068037458366663472,-0.1238662190659589,-0.13128534132430611,0.98357578199529994,-7.283760062188577,5.8566351434677424,-2.3494129595694768,,0.1749366425077138,0.6928327645051194,0,5
0.62137491281127999,0.78118659331200868,-0.060338413621458094,-0.77631531198791681,0.62425277876900198,0.08742427907786425,0.10596109711530359,-0.0074816193941986851,0.99434212988757709,5.4894803834503723,-27.341124449725204,-0.40681014025819345,,0.1305437981472373,0.3076923076923077,0,4
0.98521359208577775,0.044838545427201691,-0.16535925378827021,-0.0047923007612758438,0.97198154700779671,0.23500831076739739,0.17126357412729146,-0.23074093074334454,0.95782431116402678,-17.978461620827755,-31.095864687843921,-2.3714433858556738,,0.2933550605625692,0.15625,0,3
0.17585787325341398,-0.9633406316137112,-0.20260512307659528,0.98430718614082013,0.17512800971803197,0.02166895299136095,0.014607249101975577,-0.20323633458192697,0.97902074573492859,-25.818048435252006,20.256805760427071,-4.826253142140259,,0.1520565546361135,0.4705882352941176,0,2
0.55568552884768596,0.83139027403496513,-0.0019507099563509638,-0.82575240626731605,0.55218708516269721,0.11498863649623023,0.096677590852303041,-0.062286717842495655,0.99336489177311105,-13.279686275063169,-30.814111444293058,-1.9771837098780098,,0.6237636565678795,0.625,0,1
0.98972990959258833,-0.024344430063535288,-0.1408618286929777,0.04368276386379611,0.9897631627833815,0.13587015028422514,0.13611216771129611,-0.14062798555735528,0.98066163760953384,-16.863664653500113,-32.622446088738322,-2.2264617010471088,,0.1843205785530494,0.375,0,1
0.77992532470508624,-0.60603567400476821,-0.15632418148594823,0.61932247566404752,0.78334312385489246,0.053039810016754799,0.09031145564667302,-0.13818217013364689,0.98628065419338629,0.80627801285730483,13.40017858604123,-1.9356144283179151,,0.07298777737981185,0.2857142857142857,0,5
0.92578140967451417,0.37548374668889123,-0.044053802032778144,-0.35932521801263878,0.91013827881851717,0.20623700232848155,0.11753369389770815,-0.17510074072299406,0.9775098779025303,-5.3078797127797621,19.554583120365333,-2.6360094512095746,0.7263606283823808,0.5488691454709329,0.5,1,4
0.74270452319930635,0.66818396210632169,0.043819904189643911,-0.65902870826446147,0.71779864779106051,0.22460245526841691,0.11862189048639843,-0.19569183430389653,0.97346471589072492,-15.457855594458646,23.273850028409012,-3.7614316566677273,,0.2150154045884108,0.3333333333333333,0,1
-0.97703276772893921,0.19185766594262235,-0.092723280803573158,-0.16775539685956878,-0.96085444448750401,-0.22049232034948332,-0.13139671840810094,-0.19987339124470682,0.97097143617303328,9.1173587379217711,-20.667836716250601,-0.28546798980517613,0.9257014848667267,0.3933499986497496,0.1428571428571428,1,1
0.74148637858806865,0.66811519879088577,-0.061806403494844231,-0.66042330721609854,0.7429971833186424,0.10861050071846422,0.11848630998601906,-0.039714817451173182,0.99216113994689281,-24.007303424055337,33.513104858420377,-5.0414970942890411,,0.2422159840849273,0.55,0,1
-0.81775191006547598,-0.50534630289203142,-0.27551211903947664,0.55488412220109629,-0.81935322696012969,-0.14409684382089247,-0.15292293651831992,-0.27071276959792506,0.95043630605277063,-17.546681774464531,-36.040147404013744,-2.165895735062664,,0.291031156635728,0.1363636363636364,0,3
-0.97765123655417407,0.17293156535925583,-0.11955222024911395,-0.15935842701801106,-0.98048815451864124,-0.11509939438144552,-0.13712385424294551,-0.093475411478247034,0.98613355892928245,-19.606078511112603,9.8285061912717122,-3.7224788049142168,,0.1217018481386984,0.3,0,2
-0.92835225852557313,-0.32856397911175489,-0.17380390018845637,0.3501389777611249,-0.92995167932566891,-0.11221662252876605,-0.12475888883307273,-0.16503207491157426,0.97836579759695108,-13.820842944001653,13.526559962268472,-3.2082857401738876,,0.1957920693342225,0.28,0,3
-0.98866928552423783,-0.031736885995890647,-0.14671678134514296,0.058145742994044028,-0.98205830266684024,-0.17938941645146392,-0.13839117180176347,-0.18588776245468666,0.9727762452573181,-18.207005719706654,2.8795127931829883,-3.4255605233085951,,0.09981138146058049,0.4222222222222222,0,1
-0.90611575184243065,0.41933322246926813,-0.055802265156233807,-0.41461869587725125,-0.90651266109097706,-0.079536987061388245,-0.083937960971630199,-0.048933054424337249,0.99526879529734613,-12.54390933420115,16.637331348334676,-3.1571822912758511,,0.414058151410536,0.4782608695652174,0,2
0.70331924986914462,0.6999806749606643,-0.12397212366140005,-0.69950807409338567,0.71252937390308235,0.054684052551403267,0.12661155966840851,0.048259154643395141,0.99077775860756911,3.4258681254628938,8.8455008726137123,-1.5491457284749983,0.09271452414715975,0.1509708403872218,0.2525252525252525,1,5
0.93859761994597446,-0.30656571571660024,-0.15827814055933534,0.32287848296664085,0.94216883527511519,0.089818545264846644,0.12158944472655836,-0.13540807872317376,0.98330089959665234,-5.2106712953535208,-27.781675531452581,-1.2486843847748057,,0.1295334572533746,0.2352941176470588,0,3
-0.38052563902701825,-0.88607874129103348,-0.26469737867077392,0.91883442401685844,-0.39464322172267147,0.00016967604383245742,-0.10461137263552638,-0.24314849738472566,0.96433151402142969,-9.1215045564845454,16.963079518313968,-2.8951546722765,,0.1217959851417802,0.2,0,3
0.97481287547506323,0.21155985453061338,-0.070585308379469275,-0.17422135180307183,0.91994504508981234,0.35120938852857214,0.13923641184671953,-0.33006596608206817,0.93363251852662121,-1.0815158913738301,7.006441891276646,-1.7799265243317721,,0.223210681788614,0.5681818181818182,0,1
0.87970215582072242,-0.44287337222729667,-0.17316839554721214,0.46329909125192259,0.8802789695283626,0.10228825861860437,0.10713575075350064,-0.1702119619125107,0.97956613811032556,-6.2280226165719101,-30.782229640957979,-1.2630080126604246,,0.3815099389554713,0.6341463414634146,1,5
0.98881016552027123,0.064770826294328426,-0.13438451036084831,-0.038153215711146007,0.98066686622093724,0.19192923077870666,0.14421785151177979,-0.18465437324243694,0.97216458161556663,-9.7329485889056073,-27.028090939242198,-1.7135163739136536,,0.1773961999946133,0.1666666666666667,0,5
0.96746147894164813,-0.20554922740656473,-0.14753915370709003,0.22452758488103583,0.9662742030156225,0.12610126174631753,0.11664326123496924,-0.15512472304274499,0.98098454111641487,-15.086894551464651,-32.361147541292574,-2.0466632288318758,,0.1417469913673102,0.3529411764705883,0,3
-0.90062698255756424,0.43199064140496468,-0.047488146181802346,-0.41477472010240612,-0.88703098759791987,-0.20282494571681781,-0.12974193559997374,-0.16297273630760012,0.9780628391709737,14.244687648535692,11.855091256544616,-1.0460234975513858,,0.08828853935819653,0.5714285714285714,0,4
-0.79013242620202195,-0.57305680016373606,-0.21747793646760419,0.60327686052345542,-0.78982516044424544,-0.11060400302966504,-0.10838717000212879,-0.21859121600678069,0.96977837760160823,-7.8518412115928049,15.047913111653514,-2.7455059029267073,,0.1505234711237259,0.3684210526315789,0,5
-0.99459073637101136,-0.0077996183490226098,-0.10357814961940533,0.018589448589644345,-0.99444337937594607,-0.10361851965976981,-0.10219442022979183,-0.10498348045744496,0.98920916357711652,-24.267058082119796,0.74641659850216047,-4.0141101093644984,,0.2111540094064259,0.1111111111111111,0,2
