axis_00,axis_01,axis_02,axis_10,axis_11,axis_12,axis_20,axis_21,axis_22,location_x,location_y,location_z,dbh,dbh_approximation,score,reconstructed,number_clusters
0.92072816923542766,-0.38512517377937394,-0.062755389392356656,0.38927303213844722,0.91767968552668044,0.079564446968442532,0.026947074537300997,-0.097686208305274913,0.99485238094946571,-7.9767237985509487,-4.3515260945943437,-2.7873656823359885,,0.1610471898292951,0.733201581027668,1,4
0.74122942232466937,-0.61126888065052942,-0.27736131494584071,0.67110234500891908,0.68356125205320362,0.28699417627364182,0.014162838831492051,-0.39886635636476697,0.91689969121847092,-24.008777214124255,-5.0835383795391875,-3.4279533373049391,,0.3929304036221629,0.3157894736842105,0,2
-0.023681697179255112,0.99952820687412458,0.019558652348994534,-0.99697173487321822,-0.025061630939825275,0.073615721952058094,0.074071162287335554,-0.017756078329258306,0.99709487241674699,6.0060961724354387,16.692422782388931,-4.3482866790535128,0.4720829735838465,0.4286166905944921,0.8275862068965517,1,7
-0.67385305200323398,0.73525521457638421,0.07295089954321074,-0.73886251344397313,-0.67083342354925923,-0.063755031773469861,0.0020616821246433733,-0.096862207735611119,0.99529566570914041,0.31799300651532353,-8.5325677518464982,-2.0374245613209157,,0.1380090737771844,0.5,0,5
-0.86366099132080487,0.49838502965109915,0.075511947997906989,-0.50303460871982086,-0.84254501424025841,-0.19254630977762285,-0.032339983006524103,-0.20427985999250298,0.97837818061349935,-15.081047278318295,-10.096840562819116,-2.5883223475906183,,0.4232444051693804,0.303030303030303,0,2
0.88450674331722501,0.46524066595002661,-0.034625767467783085,-0.46011681292837081,0.88220830322474542,0.10000514077763553,0.077073597859420792,-0.072523323611731777,0.99438424567433303,-17.273352407198132,-8.5898286650976594,-2.809830236372469,,0.08038305846106994,0.3888888888888889,0,1
0.7596780227311537,0.65019971914751473,-0.011385385359245832,-0.64528331700452513,0.75587309290973037,0.1107488519611666,0.080614778886522492,-0.076786669647615338,0.99378320814426402,-15.709509810894691,-5.6217542728584631,-3.0143139097268223,,0.3633677023523562,0.8805970149253731,0,3
-0.9449246802752177,-0.31651418787323188,-0.083283356570971662,0.32030315299729778,-0.94660813685756007,-0.036591329779740778,-0.067255027966454994,-0.06125197229484703,0.99585388341022374,-15.725652185640545,13.907910555749893,-5.0611501672968675,,0.163467713603711,0.5757575757575758,0,3
-0.81952806167267789,-0.54789883988452348,-0.16787083541883038,0.56750536439337018,-0.81662066694596191,-0.10520621512762218,-0.079444430363435334,-0.18148704518484182,0.98017908308344515,-22.528539346578604,2.7419347234705067,-4.1435262146673448,,0.2450515751776493,0.125,0,1
-0.49296115960183806,-0.80217762059190989,-0.33689814506095483,0.86657766263434588,-0.48725662590975416,-0.10781528245213919,-0.077668846696754057,-0.34509715375317529,0.93534779880227004,-11.001837481557969,21.197133159355044,-5.6176521527727301,,0.5122640784986841,0.4146341463414634,0,1
-0.99324751439595682,0.11104876279896569,-0.033578972990176037,-0.10372123682536255,-0.97965672171886942,-0.1717981740952346,-0.051973841282639377,-0.16715525678798887,0.9845597188339924,-6.5138611822552175,19.975305750627371,-5.3160642800577724,,0.1750701746734157,0.1578947368421053,0,2
-0.95422916742381225,0.29898367527676933,0.0074470098464917795,-0.29350239744080392,-0.93136954789384097,-0.21542309057415901,-0.057472069165454408,-0.20774871160615482,0.97649241374002671,-8.0505945818368776,-13.891363240344353,-1.9321996205553977,,0.6413946009276129,0.336734693877551,0,2
0.29599814953955,0.94691489646908922,0.12544829338853991,-0.95178283755326654,0.28130753502580458,0.12237442901504723,0.080588619594923208,-0.15562213718697204,0.98452385690197697,3.0588779059595153,-6.5441799119640534,-2.0576077510720268,,0.4483728794652113,0.3282442748091603,0,4
0.82055010602041012,0.57140683588896968,-0.013847433309106146,-0.56603012035577138,0.81571824321113839,0.11922101552396464,0.079419307223905819,-0.089988752585478227,0.99277117104002588,-11.24785040885215,-21.384782937639457,-1.4428294714238372,,0.1784187485821363,0.3636363636363636,0,1
-0.29862491757448495,0.95436179934557452,-0.0040883436145076786,-0.95363147760481126,-0.29822236261304053,0.040625452105313375,0.03755214407856191,0.016030545448434547,0.99916608133369345,-15.368972793620081,-7.9426044845990145,-2.7975989737873221,,0.08877799644291751,0.3,0,2
0.35822316215016459,0.93353202851441774,-0.013932617732921653,-0.93053494444284124,0.35820885144107173,0.076099513270618396,0.076032119988157662,-0.014295820613841751,0.99700288176267637,7.0914720423719055,15.32646930777921,-4.1130683714418739,,0.1166739946441413,0.2857142857142857,1,5
-0.224366889789642,-0.95564417559215253,-0.19079755874465121,0.96983189882701348,-0.23812000869349292,0.052201048623577481,-0.09531834442389811,-0.17332937176545365,0.980240451164754,14.130912773481752,2.5956251995497079,-2.3911610720694321,,0.1121491874873725,0.2307692307692308,0,4
-0.12215202374026046,0.99233676838224005,-0.018617766054241761,-0.99136834220146042,-0.12108986228333138,0.050259877963749776,0.047620302150301837,0.024596409674898869,0.99856262870899426,6.5624187417878046,-8.0093406496870578,-1.7540437463669463,,0.1060225622379249,0.4736842105263158,1,5
-0.20286216152857592,-0.96513982231812145,-0.16538460265605145,0.97707693915114058,-0.21064775930964494,0.03079247435438023,-0.064556939200935026,-0.15534685343955948,0.98574832321817074,20.882650869884358,-0.82027944625212501,-1.7532222222847513,0.2480343774210887,0.2682067689951035,0.25,1,5
0.99072071210568335,-0.052900425144362384,-0.12519590897610328,0.06894274229441702,0.98944092244762238,0.12748944768459339,0.11712970968004932,-0.13493778568489542,0.98390671565180576,-4.11440721042913,13.874281820834218,-4.5166426805771689,,0.153241932300276,0.3076923076923077,0,2
0.9931090893591441,-0.10033743833099057,-0.060553572160757858,0.10553605529540955,0.99034956871586477,0.089832470616066945,0.050955644093051353,-0.095604028228296542,0.99411437577453166,1.402149385176803,-14.343550617739362,-1.3986305656753482,,0.5371643850793124,0.5692307692307692,1,4
-0.94067436299039597,0.33564231450076026,-0.04975921552019083,-0.33750846899727743,-0.94065669586882772,0.03539793598859442,-0.034925294096486016,0.05009208753597106,0.9981337618769146,-19.32072260579476,6.4972736537820488,-4.3815377439237304,,0.07434938710623765,0.2307692307692308,0,1
0.87192337790829133,-0.44677533175382095,-0.20035325301391449,0.48918802015744778,0.81247314536880666,0.31714739316121376,0.021088005866626739,-0.37453863751391558,0.92697146936558272,0.39427030767127941,13.684295177611208,-4.2856075029792304,,0.6582221130023087,0.4772727272727273,0,2
-0.37256119766106932,-0.92283384216034647,-0.097856291371187079,0.92505091705313958,-0.37771446533849656,0.040156986107022626,-0.07401996255399941,-0.075561117233844524,0.99439004555852106,-3.4444473289044391,-6.6239573463149473,-2.3698119131676059,,0.0998569010992898,0.5126582278481012,0,5
0.59154664753783681,0.7993717210423309,0.10524930111201812,-0.8022130797190915,0.57045341463070975,0.17617342723513685,0.080788232524030681,-0.18864716624955025,0.97871625517902638,5.2608051129440696,27.949747566078056,-5.5139478013686425,0.2884649059741461,0.3018866043259383,0.76,1,5
0.99536950380282752,-0.092403901838779584,-0.026477723170301948,0.096068610001969007,0.96555411995851814,0.24181824497630827,0.0032207253225893916,-0.24324218457352625,0.9699602396862953,-12.822031412659916,14.359138893953423,-4.9683544765657857,,0.3479988826965007,0.2439024390243902,0,2
-0.20647064395366807,0.96545548389483626,0.15895150770831409,-0.9783441069629264,-0.20612666017890063,-0.018831047087375846,0.014583605736326687,-0.15939732927775346,0.98710678746670921,-5.5587648520050497,-7.3181122688250229,-2.4052279744029379,,0.2539791883970403,0.2727272727272727,1,4
0.98915217768553254,0.1392931371164981,-0.046641090598458411,-0.13194728148253554,0.98207036030058004,0.13463923027282046,0.064559153412491771,-0.12702452271641695,0.98979638630342992,-12.335304029360341,-8.6307185975692384,-2.5981895832956887,,0.07451120142408836,0.2857142857142857,0,3
-0.71399576309566348,-0.69652424850487549,-0.07116193874650642,0.69593124246395077,-0.71715910906864455,0.036912302047572808,-0.076744746035312575,-0.02316858917992537,0.99678155100873944,-5.6289764951571266,-26.791758564059087,-0.66999204640515109,,0.1322952664568293,0.4,0,4
-0.97113181679684701,-0.21553308321226608,-0.10221782841495887,0.22838428995692833,-0.96380674573411773,-0.13753971418568428,-0.068873873898055521,-0.1569141386823521,0.98520776619749117,-14.187301742185259,-12.086976707556325,-2.3868914910263133,,0.48135771322203,0.3333333333333333,0,1
-0.63737763500290612,0.75726442778005554,0.14247925047897089,-0.77054219442361516,-0.62729228510890434,-0.11300051174968503,0.0038048667445788717,-0.18181027325703025,0.98332626707886817,3.3602174558430078,-9.2728786824404921,-1.7547595063570838,,0.1210046566369803,0.2105263157894737,0,5
-0.89276584570686901,0.45001936015348304,-0.021253710884209683,-0.44870033769460405,-0.89240494631178369,-0.047764199470014777,-0.040461731204288705,-0.033105698683350913,0.9986324954770095,-2.7513389247848439,11.871732031743113,-4.2094781333855815,1.084354886937326,0.6252229371973678,0.1515151515151515,1,4
-0.97002637333497466,-0.23280742665148271,-0.069638618097367544,0.23106584890548745,-0.97240478372614636,0.032210402917272916,-0.07521574638453607,0.015153833918227264,0.99705213144218074,1.1232437067372385,5.1678812834903054,-3.2912649266791369,,0.08143788716764563,0.1538461538461539,0,5
0.95160065857170895,-0.2929597695634838,-0.092901883851728484,0.30213748860504253,0.94710591480167805,0.1081819029556888,0.056294978331352774,-0.13101511197181276,0.98978074130066052,-14.571619182947526,7.4720235308927299,-4.3083225692903344,,0.09864876443691316,0.2285714285714286,0,4
-0.97052361799998921,-0.22552542854039964,-0.084983457130675455,0.22586126223407518,-0.97414240192050428,0.0057681021646741725,-0.084086842765337275,-0.01359639151469659,0.99636566631510182,6.6639261731365123,7.4365289476545637,-3.2895103759949511,0.1630867128812383,0.09838980294346462,0.2432432432432433,1,5
-0.89763324378160292,0.44026187464316036,0.020592265387953244,-0.44040261778030548,-0.89412373969571246,-0.081168173348970474,-0.017323218822495396,-0.081928138317945196,0.99648767490691192,-9.3468618722106527,30.260898804634177,-6.1989000541385542,1.123860309663661,0.7276666637188575,0.55,1,5
0.93716788318440769,0.34796325012422002,0.0252573809142057,-0.33840472121611487,0.88904090496438781,0.30836425531949241,0.084844583718109726,-0.29753629335442594,0.95093298962156536,-6.2582514988327569,-15.838725234907571,-1.6579449351235038,,0.4146554771676989,0.3818181818181818,0,5
0.80774654343521934,0.58809704268835794,0.041077852301017008,-0.58411607469008331,0.78896208132609702,0.19064953584586403,0.079711560373044318,-0.1779907374297946,0.98079833020458029,-16.59441987603617,-11.625563305281437,-2.5226493986293899,,0.4214427938338627,0.4186046511627907,0,1
0.99437314781733854,-0.084876196278419219,-0.063388281291925169,0.092541692333006936,0.98720630269075693,0.12984510428887261,0.051556552250708952,-0.13498054390523231,0.9895060255941176,-1.4648448921998427,12.808843246299253,-4.2517241954732556,,0.07715318449177769,0.2083333333333333,0,5
0.97266159729696799,0.23209287560245881,-0.0078939368057208033,-0.22175882128060206,0.93837031114662461,0.26511164505322055,0.068937959992656367,-0.25611336601819218,0.96418540821715504,-0.71978245315171263,-4.817922182454069,-2.3778652837746468,,0.1293190416024043,0.4110429447852761,0,5
0.26475255232755185,0.96423326468840065,-0.012660857174638789,-0.96268354205106621,0.26504519999408405,0.054694056570252864,0.056093528147735626,-0.0022919922438380245,0.99842288779429211,-2.4285316577731866,16.807449841465711,-4.7640815117550366,0.1778877670617385,0.1087773811831525,0.4166666666666667,1,5
-0.99827347994177151,-0.0063500693075889203,-0.058392943621078018,0.0087356020360771485,-0.99913367109795082,-0.04068902229593846,-0.058083978014706071,-0.041128869399983607,0.99746411845232108,7.1464166068545198,4.6568394875192425,-2.9621593341140366,,0.07089023388973135,0.3888888888888889,0,3
0.43906009040458266,-0.88969461221969459,-0.12517880811529983,0.89806550165636256,0.43047166287129474,0.090401892676692991,-0.026544147163276979,-0.15211063227818644,0.98800696546092448,-8.842188634915539,3.4486713919125429,-3.6036795347999484,0.2036110870099598,0.1355401371497279,0.6372549019607843,1,5
-0.68466503421696367,0.72841970060097361,0.025269164946099307,-0.72884899795952585,-0.68441614474212986,-0.018806355035359327,0.0035957049490101972,-0.031293459264019059,0.99950377203550922,12.001815289034932,4.1699878082339747,-2.6261845782124591,0.8733301412762359,0.692297945951752,0.611764705882353,1,4
-0.94929551890371033,0.31401359062293277,0.015280140491153733,-0.31224007413019272,-0.93603618899256658,-0.16230338568078306,-0.036662704435270817,-0.15884494892934542,0.98662258655634172,-8.4820402098111369,10.155017675320869,-4.3018176827789718,,0.1382454690682206,0.4347826086956522,0,4
0.99806328531144883,0.039256996098063685,-0.048255225319902888,-0.020153329198735446,0.93794061628356329,0.34620982604169004,0.058851693565481859,-0.34456681294484304,0.93691525208073545,-0.31266331002688225,-2.889276991863817,-2.5497041390069084,,0.1238471579215547,0.1900826446280992,0,2
-0.99598651711500652,-0.065699383078129531,-0.060781977495569302,0.06586808077238715,-0.99782803987109381,-0.00077381029521721915,-0.06059912260487757,-0.0047742968240246783,0.99815076638219069,-1.715727401141391,-21.237482708930603,-0.9310367695812285,,0.09159201352290798,0.2857142857142857,0,3
-0.99598237333225226,0.069993470667459506,-0.055857193586664335,-0.070714827642435224,-0.99743545978007364,0.01104159068314362,-0.054941106313536395,0.014947161511031787,0.99837771269184872,-8.4897218606603193,15.514876238783032,-4.8933414070743551,,0.08449732667175198,0.1666666666666667,0,3
0.53771563142533574,0.82656332922701836,0.16629781266751895,-0.83955622862938506,0.50678856326394572,0.19573117052342728,0.077506378385636565,-0.24486407438008281,0.9664545237037947,3.7261147963213186,-15.126179886034288,-1.2232096397166787,,0.2170085460226321,0.2,0,3
-0.77719013579948548,0.61560722446798555,0.13039646467140181,-0.62920021141954774,-0.75724881324593374,-0.1751608654557891,-0.0090877260947642407,-0.21817877994994775,0.97586650378726381,-11.6517070432268,-11.442981275371363,-2.3150921239964792,,0.2214965576832844,0.1935483870967742,0,2
-0.98995955743937769,-0.1226102829417582,-0.070333442624219533,0.12228547016402005,-0.99245486795777926,0.0089218189665720045,-0.070896674260482365,0.00023148185614507217,0.9974836379585148,7.0248150414383206,11.555032440222623,-3.7113580347418416,0.3500252260673105,0.1523967110223047,0.3428571428571429,1,5
-0.4517302374877773,-0.87282195908396965,-0.18472038404046937,0.88832742717077229,-0.45920320264698483,-0.0026078372091262649,-0.082548014363722833,-0.16527022242247502,0.98278765707808546,1.553913543596356,9.4399541082931293,-3.7574435722175563,,0.2036896649767101,0.2325581395348837,0,5
-0.70749778709247346,0.69571592348508415,0.12420239558297679,-0.70670998353161263,-0.697178578998915,-0.1204285188890145,0.0028072114279892972,-0.17297798355383417,0.98492169067883151,-4.6661803100940382,22.486993869605012,-5.5579005032324016,0.5006387229277887,0.3725048418248122,0.3571428571428572,1,5
0.95913106619595934,0.28138750400441009,0.029810576109359596,-0.27801216336908652,0.91748872409971682,0.28447087402529464,0.052695681764676774,-0.28113255546101895,0.9582210869018245,-19.095106843450434,29.470866634998313,-6.6721253094704576,,0.2116244627609882,0.3333333333333333,0,2
0.91791527943472506,-0.38566414694995332,-0.093245404914324981,0.39544034950971779,0.90847307704477609,0.13529079149901382,0.032534132229151705,-0.16105848019325814,0.98640848343773613,-16.023357434716747,-2.8546365269850966,-3.2842545408808426,0.08072090932912537,0.1103697221382598,0.2285714285714286,1,5
0.89681113114441258,0.44001098246157894,-0.046044873424469501,-0.43684468757752759,0.8971748804514651,0.065145627805646256,0.069975095503840026,-0.038308865815835334,0.99681287953614051,-13.138738865776016,8.6169029154346681,-4.3729881588519275,,0.09946481273613711,0.3484848484848485,0,4
-0.13453671219221452,0.99064922729311822,-0.022671160889049542,-0.99002445578853548,-0.13341519901221091,0.045298582904397491,0.041850328709864236,0.028539326132199686,0.99871620435977504,-13.289962991010777,-10.771878394886045,-2.4401027674908424,,0.1146028014187473,0.5918367346938775,1,3
0.94955523239447859,-0.28155275715717126,-0.13810469061354499,0.31141889116999172,0.89843762756677048,0.30956114677821939,0.036920656206532711,-0.33695381628553828,0.94079699767584846,8.0361920886770992,0.4088154357136522,-2.4586597460554351,,0.1031946046500709,0.125,0,1
-0.99681417908210768,0.00056037963736765698,-0.079756995652586329,0.010229814190472379,-0.99081794673357715,-0.13481523405122936,-0.079100210382103645,-0.13520163610445449,0.98765564561348296,-11.415893443733291,10.379853037219668,-4.4794824623084342,,0.3685829811978973,0.3220338983050847,0,4
-0.99131569955626264,0.12209517649825842,-0.048846204449667183,-0.12160344275846754,-0.99249459124517636,-0.012926293295463312,-0.050057831780528542,-0.0068741708540980967,0.99872266383240849,-0.15748162508397739,-21.774478859101357,-0.84524020077475492,,0.1162663775264235,0.3,0,3
-0.9258260550837103,0.37701717783082317,-0.026536076360622284,-0.37407184391198112,-0.92409713809612937,-0.078196770744283398,-0.054003438042645013,-0.062470208764057955,0.99658471877535282,-8.0841701119098115,-23.269923554037963,-1.1164473694135855,,0.3636309372351338,0.3055555555555556,1,5
0.8698697191547563,0.49328149810542182,0.00018794812413356883,-0.48735775069837101,0.85936458140791538,0.1548384288728866,0.076217416197684809,-0.13478085861304714,0.9879397884586284,-13.18227386036528,16.577681625789214,-5.2133734487909678,0.4721953940843845,0.4714608692711609,0.7007874015748031,1,5
0.93715242904260743,0.348811943170793,-0.0086921252266609385,-0.34025595283274673,0.91911477432782684,0.19863010389713739,0.077273613228708668,-0.18318913699704872,0.98003598341329079,3.9392450568857624,16.96771459624977,-4.49573541411121,0.5656514176436011,0.6115573641961145,0.9139784946236559,1,5
-0.079219008488298701,-0.95343368365659065,-0.29101298865025826,0.99488596633355975,-0.093968364322560977,0.037038635221640637,-0.062659896957066336,-0.28659057447091119,0.95600187235055278,3.1356611773857939,-29.559719106495386,-0.022179541651842338,,0.5380683817534803,0.4736842105263158,0,3
-0.85811871056578248,-0.50700889103255042,-0.08108182898074319,0.50707224266485462,-0.86163924623248267,0.021343618970412807,-0.080684690590928948,-0.022798986070935605,0.99647889437678649,6.3836399261457473,9.2684882205856738,-3.4945377862837468,,0.09264312636486802,0.4615384615384616,0,5
-0.61208652741000757,0.7905225934805391,0.020593983586496136,-0.79078356959571361,-0.61198467478265151,-0.011666357127815982,0.0033806834545098419,-0.023426203874614759,0.99971985273445729,7.751637483323341,-15.178602154709766,-1.0133788038651519,,0.09648316655627599,0.4444444444444444,0,5
0.66842898238939286,0.74370118780978556,-0.010546978344221192,-0.7387075623742827,0.6654598963003181,0.10711798965166211,0.086682367254964643,-0.06380963615538407,0.99419037288679812,17.368196282748521,17.707162908718129,-3.8890751152823411,0.2796593934321329,0.4024731254495449,0.7777777777777778,1,5
0.3578183618043777,-0.93063633160384807,-0.076694447351591588,0.93313844321443384,0.35328967862504723,0.066626186836372767,-0.034909393448985103,-0.095406610231918723,0.99482607171961479,-5.5904611315320993,9.1710525115596013,-4.0473812163933669,,0.1647848637329071,0.7784431137724551,1,7
0.74428153294014165,-0.63379773821851004,-0.21058353865716373,0.6678485376032014,0.70857717533223297,0.22780851041929565,0.0048301703424817625,-0.3101915756871777,0.95066179886811863,-9.9260492264961702,-15.57495652762247,-1.8500070699181137,,0.3939175788346957,0.15,0,1
-0.97229141371959127,0.22978802828024947,-0.042975212230257423,-0.22886972858152771,-0.97312936158077801,-0.025256543081084996,-0.047624092077206505,-0.014720994819105285,0.99875684636720197,2.8334003953684994,11.800240536794787,-3.961828223651779,,0.07214771361023317,0.3,0,5
0.64134435071661955,0.7557551237038036,0.1323314656433878,-0.76303783295288952,0.61020775521988324,0.21311912385346818,0.080316183216315257,-0.23765666088910753,0.96802304840773445,-10.400385049965626,-19.375819114340693,-1.5619330862824254,,0.1777932219852322,0.1764705882352941,0,1
-0.80742931713397437,-0.58388709652989634,-0.084461567227059817,0.58455070536576448,-0.81112918089543762,0.019233428094941881,-0.079739392328702127,-0.033842434986031414,0.99624109476836209,-8.9709067396706299,-12.6538819192694,-2.0870315150825847,,0.3541597053027588,0.7784810126582279,1,5
0.47601250575699444,-0.83498478921042729,-0.2760661082968448,0.87939087452365616,0.44865936300344866,0.15929992402339174,-0.0091533691866053195,-0.31859877240277829,0.94784547161231691,-27.700129295895991,6.200895937136071,-4.675938571363309,,0.3703246581623538,0.375,0,3
0.066204854086472018,0.99780600013950027,-0.00032152915821085845,-0.9961697920515693,0.066114730627004514,0.05722401417281537,0.057119722507386853,-0.0034682098738800186,0.99836131176090159,-34.569518716233283,-2.8703801448441357,-4.0872823192090877,,0.6401387357846007,0.8448275862068966,0,4
0.92010159432739391,0.39044513111638351,-0.031075001266271222,-0.38446762867445056,0.91546736052657718,0.11876091239101992,0.074817769397606454,-0.097324772786854474,0.99243649166299497,-3.5301163170156724,17.065181017825232,-4.8533901985575838,,0.1606987475151013,0.2142857142857143,0,1
0.54457975503411304,0.83859354164323652,0.013919853491933419,-0.83610549130955181,0.54150775049499356,0.087732340421664307,0.066034065519216853,-0.059415722398229412,0.99604682325827343,1.2085181373894502,28.824928842160062,-5.670782014147508,0.5002745755700001,0.4772054359731597,0.7884615384615384,1,5
0.68613759927750484,0.72697867222847823,-0.026780683012593402,-0.71729402978922041,0.68221595494092901,0.14167097674815865,0.12126198780509471,-0.07799615983466994,0.98955147888556105,-11.75731996069538,15.755648244245851,-5.0990623295758359,,0.1551860748601915,0.2,0,4
0.79507334526654005,-0.59567194642767218,-0.11416351381130269,0.60650147027295787,0.78202160455520719,0.14352064856891195,0.0037871101667697892,-0.18334978115059028,0.98304044451315264,-17.135521545610892,18.927811181432165,-5.7096812746933372,0.2163359584418791,0.1899110323939186,0.2,1,3
-0.86937160551314474,-0.48372105178600899,-0.10102947879967888,0.4886960687794199,-0.87191637810007949,-0.030626491153576695,-0.073274578723031739,-0.075998510905655903,0.99441191789574046,-5.2062303255987681,23.739312102249915,-5.6927479576057118,0.2282675809984927,0.1892502057195661,0.4615384615384616,1,5
-0.67408515590344087,0.7305107937271782,0.10937633582600782,-0.737884188131398,-0.67271667296548565,-0.054582074162831319,0.033706490418062,-0.11750003473334611,0.99250068732538432,5.1078266010634117,2.3643562458534375,-2.7862278317489082,,0.3876466753050665,0.2311827956989247,0,3
-0.99062994490586709,0.11333649880647738,-0.076204660579841016,-0.11221384184384911,-0.99350489703354439,-0.018869903789116082,-0.077848352291124606,-0.010141874020920568,0.99691362536425443,-14.571633051890975,-8.2491859342947755,-2.7287252631765373,,0.1216155944668989,0.3214285714285715,0,2
-0.25254915211813805,-0.93564268696056685,-0.24655970494308357,0.96591332944077946,-0.25875868098449062,-0.0074421115145283778,-0.056836306820883982,-0.24003480446047284,0.96909902841483875,15.580914896281296,3.9180226094547765,-2.4556707875273776,0.8859396275792738,0.4447646035341827,0.1176470588235294,1,5
0.76650775756447143,-0.63523613306345339,-0.094556400333754537,0.64219044641937739,0.75983703967108529,0.1011884562169191,0.0075688916736578087,-0.13828495360838444,0.9903635612664472,-29.779583866008849,8.548683547776557,-4.9861008774027491,,0.1616246234701095,0.6470588235294118,0,1
0.97426771746657681,0.2253935974507642,-0.00037540733769447847,-0.21444169832581159,0.92743825149784309,0.30638708797494202,0.069405855096006816,-0.29842254587551881,0.9519069342071026,7.6387090510046693,19.899934322382819,-4.5551095886981479,,0.1135763664639436,0.5,0,3
-0.67039953905273808,0.74157212725020316,-0.025203930714971467,-0.74196842524591822,-0.66966899865305263,0.032035732879243932,0.0068785155352643372,0.040177261338056387,0.99916889147701382,-11.408845951982405,11.41358769066697,-4.6064794258805257,,0.07137540469775217,0.2857142857142857,0,3
0.47734828050640071,-0.86858573294711572,-0.13303173913883873,0.8773299890435714,0.46260859565587747,0.12761417456577134,-0.049302225328974443,-0.17762914103833924,0.9828617292537094,-17.389826194193454,-9.5885969552255652,-2.7251702155018749,,0.1311434679035663,0.3846153846153846,0,2
0.97783066580716183,0.20701467730147793,-0.031497815620896145,-0.19827144655205359,0.96372064657591683,0.1786923301248636,0.067347030292946836,-0.16848572267424361,0.98340070101950749,-4.7725701313888171,-16.466417420029774,-1.5250323080684107,,0.1133854458821671,0.3243243243243243,0,5
-0.12895041842688898,0.99162886718070264,0.0066316937087880726,-0.99042002890596392,-0.12912057999054721,0.048949383702093681,0.049395910047699089,-0.00025611876463004879,0.99877924411440278,-6.5217583762858089,-13.149147243408095,-1.9069357270068859,,0.08122792441207274,0.3636363636363636,0,5
-0.38092353306471238,0.91865771161090881,0.10471518922919296,-0.92426253676587256,-0.38142099889801201,-0.016024504072110712,0.025219537835008247,-0.10288843714165052,0.99437314143833211,6.4197782010760269,-9.9302501676529396,-1.5687625634059525,,0.3383724502768836,0.4285714285714285,0,5
0.42056573940299008,0.90724017332441476,-0.0063029157303165538,-0.90388009409240611,0.41958718846203918,0.083350865514555117,0.078263876366561597,-0.029357438321632994,0.99650032938844124,4.3222892410274971,5.6429413879591399,-3.2075172292168999,0.3017939175407637,0.208129234079499,0.6363636363636364,1,5
0.98620766858864273,0.16548201986727148,0.0031836327680775725,-0.1608615137567104,0.95378866986651811,0.25379272374549672,0.038961619689813029,-0.25080445437612608,0.96725338865068855,-20.62917150183219,-2.0610578659167156,-3.5614830978885639,,0.4852493696987683,0.4875,1,5
-0.49568991702604676,0.86813725014695309,-0.025084279260126324,-0.86813509366997044,-0.49443852161036406,0.043266701820122329,0.025158801588010763,0.043223410960340575,0.99874860272623656,-2.2479500739379494,-2.4384009380021952,-2.6994701333016837,0.5040967428036759,0.3925704610440789,0.9359331476323119,1,6
-0.35953343031521284,-0.91599992145012243,-0.17798836026309803,0.93052357407922748,-0.36619837142613659,0.004962947477697926,-0.069725107160887367,-0.1638380196053881,0.9840200774187422,19.354814170855658,7.0791862802704681,-2.5812979163140488,,0.1226231161972322,0.1333333333333333,0,4
-0.80272222585465214,0.59632973061937822,0.0052801987057604291,-0.59622691132619776,-0.80233875942001964,-0.027676440211222751,-0.01226777605659077,-0.025364690255610053,0.99960298827027383,-13.315904745081687,-11.717085677131122,-2.3593883035779579,,0.0717092358884197,0.1739130434782609,0,1
0.55860194538092323,-0.79703953520407433,-0.22954704515266811,0.82935758966112783,0.5329310476003154,0.16778106858377773,-0.011395397673288817,-0.28409941539063921,0.95872710772490621,-17.13685570314939,-2.6236430781040365,-3.3555624854499442,,0.238735159753882,0.625,0,3
0.98379640676905067,-0.16734857193310043,-0.064335724914366066,0.1741682343844545,0.97719805566310558,0.12144705076554264,0.042544754784894605,-0.13068441177201839,0.99051074116341342,-6.1194283049572578,15.070316892846387,-4.7339275448032767,,0.1030792332900948,0.3103448275862069,0,5
0.81091517433925875,0.58496321355665493,-0.015317271682665208,-0.58020197714654931,0.80716525959434859,0.10885728923330036,0.076041079302993267,-0.079386916361947668,0.99393937026811463,-5.7285359010262544,16.55320458444281,-4.9148977876862032,0.2454503115943419,0.09670215298728117,0.2941176470588235,1,5
-0.99295881050928991,-0.086362701244483031,-0.081081961407784453,0.10041315927286339,-0.97676951274805524,-0.18931063470066917,-0.062849010149880841,-0.19611935855413098,0.97856384519534378,-18.099129406830365,-11.997679476196137,-2.5396260450689039,,0.3145258058457057,0.2,0,1
0.85374548508319192,0.52061977549567062,-0.0085846411051049322,-0.51378063698749676,0.84497827197426534,0.14846271231560751,0.084546459161740695,-0.12233874796736478,0.9888807445738792,-1.3737647269485438,-14.382034682752911,-1.5346694762249729,,0.1257126664358025,0.3181818181818182,1,5
0.75157333936445458,0.65854496190216294,-0.038158206323685016,-0.65477696786909756,0.75179047948702193,0.07796279433693884,0.080028981654853448,-0.033609643050051402,0.9962257545302341,-8.9159249066692183,5.3946599039203953,-3.7942375123683401,,0.09181481145934958,0.4936708860759494,0,5
0.77607935421675589,0.62838197352609038,0.053262851087418843,-0.6250295531668566,0.75519625561728188,0.19752638600875097,0.083898114558935588,-0.18658700611000317,0.97884952649749102,1.574122427205463,-12.658132797790223,-1.5193227922908072,,0.1083806340252956,0.2105263157894737,0,5
0.63145622572841287,0.77536418150952235,-0.0085686067068148509,-0.77125433613403915,0.62917520104714464,0.096464062643698362,0.08018593382426864,-0.054304257838160772,0.99529958484738446,-8.9101137359709153,-9.7911464874477403,-2.3262954657595145,,0.077085613455257,0.2058823529411765,0,4
-0.86409938527078256,-0.46863237145212411,-0.18361904259039843,0.49838794642315787,-0.84761255581153327,-0.18210549165455828,-0.070297277577183723,-0.24887076095395236,0.96598221365998083,4.6672583957428335,-7.7144468126007624,-1.849511508021541,0.3546783882729154,0.2407306058799631,0.1212121212121212,1,5
-0.571802598934809,0.82025451113214565,-0.014977477049324504,-0.82027484814322515,-0.57131867224491839,0.027279080774702525,0.013818876763589127,0.027883896995730784,0.99951564616734445,7.4825193352365904,9.2678551666218976,-3.463564022880091,,0.09358484180817465,0.375,0,5
0.06772471576473349,-0.98683258989942801,-0.14688363553157954,0.99664760577042555,0.060142635352567621,0.055465424589802949,-0.045901119666791425,-0.15014760379451911,0.98759748090408739,11.515742949370166,16.17451578421019,-3.9848122582464351,0.1878202763753259,0.1470630205696471,0.4333333333333333,1,5
0.77552036457403517,-0.60683569035800344,-0.17412239671759902,0.63065812320406545,0.75730637635642195,0.16958002230991437,0.028956791391337663,-0.24132446464797247,0.97001237466059542,7.3514862402850261,12.825330534025571,-3.8520233100272763,0.2673509374891551,0.3273243365544902,0.25,1,5
0.92783049141081408,0.37056901896880023,-0.042534472946873979,-0.36166755664993577,0.92166540774236982,0.14046157708767301,0.091253261175876912,-0.11494119518950485,0.98917205984256074,12.490490800891106,0.72475783578557673,-2.2729380759982005,,0.5416152710888755,0.25,1,3
-0.40036376726441386,-0.9102744836593023,-0.10540027637837468,0.91307982190458536,-0.40600250955030898,0.038042096019314797,-0.077421526028215615,-0.081008188707332951,0.99370195766629132,-13.705769294513633,-1.6791219689059904,-3.2806134892515879,,0.3836848531738604,0.9069003285870756,1,5
-0.7136137998956833,0.70051873879727289,-0.0053703996427757628,-0.70048419381202498,-0.71363284723499809,-0.0070748545418628595,-0.0087885617687038075,-0.0012868337691098073,0.9999605518423661,11.599157809886739,7.9523352986165188,-3.0385675691375811,,0.1372536669838373,0.4444444444444444,0,6
0.79337436259978755,-0.58247946991247734,-0.1768467921672934,0.60868444912380359,0.7628023406834229,0.2182563411283725,0.0077693091220749138,-0.28080287779574475,0.95973401609893683,-11.370587647070078,-13.460663640563546,-2.1129098590111162,,0.07959248659390311,0.3333333333333333,0,4
0.41733672261798477,-0.90632540411963258,-0.066365064618847572,0.90831844125820149,0.41376843614981645,0.061264104632373063,-0.028065445386640912,-0.085848372689991279,0.99591284140818737,-8.1889804786397828,0.74963746514573371,-3.2763700860808105,,0.4098956367580641,0.9762495568947182,1,5
0.62425002243982142,-0.7755381247389399,-0.094087866169301135,0.7807425352211419,0.61509333350299011,0.11000583973882772,-0.027440903417124133,-0.14212954709204215,0.98946762891115536,-11.804639794320931,-9.6146125443091801,-2.4783062103001248,,0.4101092477271974,0.7857142857142857,1,4
0.41919703140223569,-0.90119667829841144,-0.11008358591299174,0.90731733065556064,0.41151348519179132,0.086208543644895705,-0.032389973072258424,-0.13601911089701801,0.99017659592375906,-8.5541362548394435,-10.94037395939878,-2.2024037992738723,,0.2548233705799247,0.7847533632286996,1,5
0.97497579686068625,0.22134646215214582,0.020686692065144917,-0.22091417230133717,0.95423102394284387,0.20159385263793703,0.024882202721714829,-0.20111911057311258,0.97925072343603337,-13.051789738498799,25.920509855885388,-6.1334532593299862,,0.4517319737078582,0.6923076923076923,0,3
0.90489751427182841,0.42356253919819292,-0.041895871546576285,-0.41045930325029123,0.89445281524111764,0.17741849306801671,0.11262170767642148,-0.1433490031190304,0.98324331386733965,-9.0877267680213087,-7.3273619842453162,-2.5419747541504147,0.1508963987594918,0.1633605279432905,0.4078947368421053,1,3
0.93136772102214527,0.36260322837111025,0.032757701580940699,-0.35719997626540761,0.89265320468193898,0.27491531992062307,0.070443915237653157,-0.2677483052157657,0.9609102454756514,-9.9731620484268451,12.157038210251704,-4.5918175151372926,,0.363694361436431,0.2173913043478261,0,3
-0.21796110394813176,0.97594347961279626,0.0052231950929944784,-0.97504176947837351,-0.21798526480890001,0.042142283975554189,0.042267066827427882,0.0040925453524033656,0.99909796623471503,1.6876572106605292,-8.2189015293466934,-1.9609294663948396,,0.08092149587273041,0.3142857142857143,0,5
-0.72608066752193545,0.68752521176535131,-0.010767889204050746,-0.68759371703823779,-0.72586873905373139,0.018150866483081261,0.0046631041636904505,0.020582926214606351,0.99977727450067755,-10.567403379818114,-10.794924869269767,-2.3008564585485605,,0.08384707555410499,0.4642857142857143,0,4
0.63289347645297944,0.77238613697136094,0.053530392093827463,-0.77023390010059367,0.62108967690845895,0.14487012243238184,0.078648500297777105,-0.13291827809674167,0.9880015914707353,-23.002142139320579,-2.3807000794011812,-3.6400316717849472,,0.2001279374518745,0.2727272727272727,0,2
0.99469713380621927,0.098291910056386392,-0.030270652704551395,-0.085503995182615478,0.95389195428539897,0.28771375767834517,0.057154866857543958,-0.2835997883762425,0.95723794389245076,8.5272771223144908,19.747055889955799,-4.5187311285467198,,0.2212642369071392,0.2608695652173913,0,7
0.78841442228974501,-0.61026630647963453,-0.077315806283279262,0.61506564851543399,0.78407380935002235,0.083201619621460693,0.0098461536559868654,-0.11315165339954379,0.99352894099323186,-18.552907466195418,-3.0268453265900743,-3.3769118473134201,,0.0728325511747481,0.3,0,5
-0.98228946550608653,-0.16586267752575964,-0.087160645705228162,0.17347762156490354,-0.98084763031728617,-0.08856320295217561,-0.070801982824992463,-0.1021151228024038,0.99224975733083409,-2.5441751945920368,26.096310106922161,-5.7021528213554022,0.5713546276505409,0.4128436235402838,0.7105263157894737,1,5
-0.7915809169773107,-0.58265964041764795,-0.18413960819372394,0.60630932762881529,-0.78643158945293323,-0.11795912148209566,-0.07608318544629121,-0.20501975158240532,0.97579621353714763,-20.47817427119173,3.264103871267944,-4.0989558690604984,,0.1536133086029929,0.2826086956521739,0,5
-0.99815313559845087,-0.019575957258540097,-0.05750738902428542,0.020087849999998658,-0.99976346061538879,-0.0083367320166567744,-0.057330586752241092,-0.0094765350076813359,0.99831027196302524,-10.828315838337847,5.433432581245313,-3.9155352240913079,,0.07469723672468245,0.296875,0,4
0.13707267813046639,0.98987834921759343,0.036768664109444571,-0.99006952145334992,0.13574111275322476,0.036560812322074317,0.031199737166763625,-0.041415022138928823,0.9986547813643889,-15.330452354220615,12.285810661544977,-4.8652048903941871,,0.1865887382103829,0.4418604651162791,0,4
-0.11082803629748708,-0.97657642650531906,-0.18443326588374931,0.99174679704454716,-0.1207105185469349,0.04321181856869185,-0.06446267852274129,-0.17812201971186206,0.98189465278686683,2.4907906237268644,14.675023473102296,-4.3002168467764053,0.6524841575603316,0.548877503177817,0.9015544041450777,1,5
0.51913293319163001,0.85311908307065587,0.051853908016051213,-0.8515328209195524,0.51104761608025939,0.11714174744928489,0.073436044097180311,-0.1049674435211515,0.99176054732379293,-3.2408358129491819,-22.65873351634097,-0.90526516340302354,,0.2330967846422113,0.3461538461538461,0,4
0.8441228232971355,-0.53058779994747562,-0.077027564778914009,0.53583644453475177,0.83978910632702275,0.087370255824367624,0.018329317969531717,-0.11502540346096178,0.9931934316443165,-15.119204266118258,17.18275089293962,-5.3941887708825895,0.299647310525206,0.2992243950119789,0.8428571428571429,1,5
-0.92476915789208602,-0.36701830901121313,-0.1004965942811604,0.37875863561578621,-0.91323005370142141,-0.1501757802142788,-0.036659249283509832,-0.17694188273851105,0.98353834169030763,9.8812626370968903,-9.6835474450739767,-1.4159806176779317,,0.452050490856308,0.7948717948717948,0,5
0.31665436105430378,0.9480003144912813,0.032022169659819653,-0.9458553599781957,0.31303920475048164,0.085814301195682299,0.071327789996661423,-0.057461813525311912,0.99579640808780467,11.552370588363225,1.301963151116984,-2.3659524313708049,,0.1183163105136505,0.5370370370370371,0,5
0.42987363336162848,-0.89671637800645998,-0.10539637923310427,0.90247747735024841,0.42321587013276507,0.080141937481563355,-0.027259167558906533,-0.12956876430198211,0.99119567851219614,-10.773777724235641,-3.224734267045533,-2.9989254912917835,,0.1536148809189083,0.6108247422680413,1,4
0.80619153411391187,0.59145077812766766,0.015530208473608219,-0.58828895532008085,0.79853342699312646,0.12751655195707171,0.063018373284819157,-0.11193901476603002,0.99171484893680228,-14.335416469085651,3.7829057977826537,-3.9035710849050589,,0.3780260003988019,0.6242424242424243,1,4
-0.30462848910374307,0.95184597193348375,0.034506946262673387,-0.9518188796787167,-0.30556064977896957,0.025952063382498777,0.035246331915904344,-0.024938625075536229,0.99906744570415151,-0.31409899183759876,-6.1032111144032974,-2.255069231600261,,0.2000487351437525,0.358974358974359,1,5
-0.92151858339632686,-0.3820572090834064,-0.069539840685941781,0.38243288011674953,-0.92394549615177068,0.0083553782958513383,-0.067443255117436596,-0.018894685185451277,0.99754418358832964,-8.7979785901781717,-5.9884313688733837,-2.6645402600473922,,0.7201933569266393,0.9541333333333334,1,4
-0.80202487842102377,0.58796540290600174,0.10513219953622781,-0.5972047118548226,-0.7864043238070596,-0.15784413716055337,-0.010130475415318885,-0.18938036984636078,0.98185154121420759,2.2328567360983858,-10.071217176743609,-1.7510420727796057,,0.1609375554782843,0.1666666666666667,0,5
-0.26985987920479693,0.962146186620085,0.038083607602233907,-0.96188342945435745,-0.2711807259534012,0.035231832375146127,0.044225713523883166,-0.027124333057510205,0.99865327157101347,7.194351804250017,5.7400615884480963,-3.0477697538503565,0.1615875327961698,0.1024452148223492,0.4285714285714285,1,5
0.88795084311347106,-0.45346605994589445,-0.076888443157756448,0.45925454844268315,0.88326635534721609,0.094476479857973514,0.025071097877520192,-0.11920183718715674,0.99255345551885676,-14.387202797285573,-9.1004490288727169,-2.6332372014495689,,0.1453415545654191,0.8181818181818182,1,2
