axis_00,axis_01,axis_02,axis_10,axis_11,axis_12,axis_20,axis_21,axis_22,location_x,location_y,location_z,dbh,dbh_approximation,score,reconstructed,number_clusters
0.95010869974257295,0.30941358717899864,0.039454920383920851,-0.31035080707348228,0.92507092382942935,0.2189204477297727,0.031238361389731198,-0.22024308832376605,0.97494468910974352,31.410243538102176,-1.987903433427908,-0.40045939812262893,,0.3861381247714554,0.375,0,3
-0.77872705638555983,-0.6254333762438945,-0.049165674339393152,0.62524240819168853,-0.78014599712551425,0.021074965425779142,-0.051537390812322517,-0.014328818834886008,0.99856826621871864,-9.5259596512348139,-11.699726257080217,-0.54587073370590067,0.5018858054044242,0.4468468440805471,0.977491961414791,1,5
-0.099890524626696439,0.98364552490104051,0.14987783168954677,-0.99333485488075512,-0.10729247707355309,0.042121140089634912,0.057513034773283761,-0.14467137140974992,0.98780688655505411,5.6357464259351149,18.964643760090109,-2.646840773518484,,0.08277985215625838,0.1538461538461539,0,2
0.47031025805823207,0.86830319103610409,0.15766365973717011,-0.88184413874018086,0.45550677711223159,0.12192001875990874,0.034046675825812528,-0.19637500971698685,0.97993758955551125,1.4242579047914907,25.640678444722173,-3.4582802105853117,,0.3407037750680053,0.25,0,3
-0.90556869138259666,0.41995071282258423,0.05988943134990888,-0.42260304193667053,-0.90536163669904812,-0.041556897616332411,0.036769744811254786,-0.062942081260671606,0.99733960127585974,21.34713480275115,12.040605289727848,-1.4991708740065626,,0.2228509350933193,0.3103448275862069,0,4
-0.95536668748277664,0.2933416410100988,0.03500248702149189,-0.29542193977883896,-0.94887911488128251,-0.11114991155832094,0.00060823144895160732,-0.11652942543244933,0.99318705341083069,-0.18538402278168375,2.492435654210964,-1.4083144445981639,,0.1595906367427213,0.4377224199288256,0,5
0.86266436800858926,-0.50457599149676591,-0.034831838501521294,0.50568840523998526,0.85917815455896684,0.078052133439695318,-0.0094564778951391325,-0.084946851228887885,0.99634060817178138,3.7182533870759653,2.7703294349171594,-1.2905245527186349,0.3678676194803632,0.2473687905903672,0.3791666666666667,1,6
0.039457926663471775,-0.9832795967622403,-0.17777600123331941,0.99649536766106717,0.025589867104422744,0.07963755980450106,-0.073756723445782157,-0.18029529470473443,0.9808432863887474,10.492704648109832,-9.4683541512508391,-0.095021614769720389,0.3631763110276228,0.2043447940617733,0.2916666666666667,1,3
-0.89611702272711402,0.44300446369267465,-0.026857526450864831,-0.44131933300523579,-0.89585131794034001,-0.051842670266587787,-0.047026884805470688,-0.034604353670051997,0.99829405027405194,-25.005995388179688,4.6584499814994293,-3.1679036923610622,,0.497195378022418,0.2666666666666667,0,2
0.58306346035523593,0.8109501364002466,0.048957915304872313,-0.81043990055382242,0.57636882649034793,0.10481480544488474,0.056781764580611495,-0.10079113117015855,0.99328595031267386,9.2176005219521411,-19.700112079818002,0.76310696848600124,,0.1364771341945324,0.2352941176470588,0,2
-0.46699197772679107,-0.87454545120629856,-0.1307239324423525,0.88120301863169004,-0.47254837682292639,0.013389231360146612,-0.073482873468708465,-0.10894166024248964,0.99132839259772665,-0.49541170241559646,16.348368451735897,-2.6873727827615057,0.1609577199703267,0.2277850574572551,0.3095238095238095,1,5
-0.4134326128060245,0.89257842748903704,0.17993672623892884,-0.90755054301766269,-0.41993744805388711,-0.002133445648616904,0.073657902065770817,-0.16418370961574755,0.98367587291753911,-9.0156884307019087,6.7787643063488732,-2.2786993075839126,,0.732348095683328,0.4896755162241888,0,3
0.41340377263075628,-0.90279603574567202,-0.11856069591798729,0.90807913453062061,0.39919142898396043,0.1266431540031398,-0.067004523763529084,-0.16001725178130988,0.98483748554143669,-3.8758836433458934,-22.478672432419941,0.55908151485899227,0.2981987546131416,0.2686811902870879,0.6041666666666666,1,5
0.92024109136527776,-0.3832474550194,-0.079232076736620929,0.39135105024964773,0.90075237893962212,0.18838659002994712,-0.00083019957992230017,-0.20436863765207877,0.97889364627261377,-4.2027005163664315,25.327581139159356,-3.6893426540771315,0.4214259864116382,0.2891154334404913,0.8103448275862069,1,5
0.88335299264230116,0.46870672354664095,0.0012238022970891002,-0.4644683119164868,0.87500865268202732,0.13648825941095119,0.062902127271965841,-0.121135729798251,0.99064093260419295,2.931382811686476,-15.00007749500049,0.1620152767492358,,0.2111738509916292,0.3076923076923077,0,5
0.48404126022835531,-0.86244220528075399,-0.14797804211104007,0.87395394786370117,0.46803200911060111,0.1309600529220514,-0.043687016492295005,-0.19271606315604617,0.98028157362649526,8.3958357464832218,-9.9300425881624186,-0.1160729284529886,,0.1974249909654111,0.3181818181818182,0,1
0.54644283445026021,0.82661721138635591,0.13455190269115874,-0.83420117698064755,0.52298446528945397,0.17491610957829842,0.074220111843549014,-0.2078250102989278,0.97534616423718123,1.8482585023346156,-4.767348431703839,-0.87742421706697671,,0.7068574912908018,0.3476190476190476,0,4
0.90620026365039141,0.42143650320538129,0.034530507178172368,-0.4205316991016419,0.88968739073621306,0.17779042948278906,0.044206020072463263,-0.17563490692629805,0.98346235680799876,8.2643725819197016,-4.3639410341179259,-0.62244070991397182,,0.08832002370084381,0.24,0,5
-0.10367961538282587,0.98734685579879022,0.11998634796639719,-0.99170007112930891,-0.11184366454915873,0.063418953179154386,0.076036216871921067,-0.11241521713922578,0.99074785524842179,-24.339747279106714,5.3941980419824498,-3.1702595401841469,,0.1534097556381221,0.5454545454545454,0,2
-0.39541672708649095,-0.90218944322439154,-0.17233635853954557,0.91726227313742803,-0.39761453737920027,-0.023078170280238921,-0.047702559878550932,-0.16720313453756711,0.98476777850508812,-2.5141005315933072,11.040811234249395,-2.2898766137960602,0.6957295672459124,0.4030522631076866,0.5192307692307693,1,2
-0.15156253252721061,-0.9874229079998923,-0.044997772066798551,0.9864747470477927,-0.15397804028878811,0.056199079581599413,-0.062420927347587446,-0.035871490990223846,0.99740506513813465,-16.359271014566211,-12.930104363893642,-0.8304872718853511,,0.1683377563576302,0.6491228070175439,0,2
0.97414118815974482,0.22527747699096004,0.017291728985467814,-0.22358096433662536,0.95011159611861506,0.21748449900450684,0.032565286994344946,-0.21572670970819566,0.97591059467630048,23.162706358435237,-6.6604744732173549,-0.072498418208410048,0.8341480940040616,0.567028609863329,0.7567567567567568,1,5
0.06513302095577192,-0.99579660946533899,-0.064395668786894275,0.99515220016058792,0.06005445663983474,0.077881710004572682,-0.073687095862960503,-0.069156162523889508,0.99488071500469522,-16.710669970654276,4.1138680999353499,-2.5719213730826045,0.3813853816470625,0.2870365192224193,0.3384615384615385,1,5
-0.50820402863119718,0.84187763111181968,0.18157841148268028,-0.86003489051088977,-0.50722156748771963,-0.055373897995570652,0.04548244042423661,-0.18430500728101012,0.98181618030271012,-16.231328547472096,8.5379242349871252,-2.7796586654068203,,0.3923886351726307,0.5714285714285714,0,2
0.79319093074394587,-0.59380768775728865,-0.13505768155086864,0.6085780187835883,0.76494955696863076,0.21091460439461845,-0.021930399882264261,-0.24948868762699086,0.96812935721791138,9.9745573903247404,-10.45435496210464,0.0057369759919595024,,0.4745132321894106,0.3703703703703703,0,1
0.60237132440486951,0.79788666438512224,0.022927239936533287,-0.79589929238515922,0.59818842451876697,0.093353763462213621,0.060770913400464727,-0.074481404176744134,0.99536898510870542,-1.3575779317935222,11.411188377515952,-2.2605754683485859,0.2453179727739265,0.1960046772418659,0.8157894736842105,1,5
-0.32916420293173387,0.93882506353919559,0.10128389595064213,-0.94185600853956053,-0.33409668740599641,0.035870080042646982,0.06751434429987728,-0.083587699663072584,0.99421069687405406,4.583152165934683,6.0148655843176497,-1.4675164595154666,0.4327872242427836,0.1502626279795212,0.1956521739130435,1,5
0.64942915127399692,-0.7586407484980654,-0.052019152182929275,0.75947216311746957,0.64368012982412692,0.094222735681290762,-0.037997512092340882,-0.10069808929612094,0.99419117069450103,-10.12759128460811,10.405994768303465,-2.5775499867225018,0.5603647264401683,0.4179066544077663,0.7212643678160919,1,5
-0.7617085734556428,-0.64494113826031108,-0.062056243067588793,0.64610290337270149,-0.76324832302411316,0.0017423129008589623,-0.048488012719999501,-0.038767584144144544,0.99807113325759089,0.42545226340170045,-14.86904696071243,0.036983862418228111,0.1348476496350523,0.1222262504387363,0.4,1,5
-0.14075766469553561,-0.96641975910842792,-0.21498867187428264,0.98800774431010396,-0.15103666247251007,0.032072165072315958,-0.063466345512562569,-0.20789606969342608,0.9760897741464698,-11.578965255928413,9.6881293325968763,-2.6045974829787437,,0.09895059114452123,0.25,0,4
-0.21464005192282268,-0.96315460233217043,-0.16205819978306363,0.97205784932156836,-0.2268065987162978,0.060516975726420105,-0.095043072777008672,-0.14454057833391878,0.98492377143208454,4.873366579263835,0.47224023162099005,-1.094426310535779,,0.2470919566526019,0.3435114503816794,0,5
0.63559959451166081,-0.77105272874967856,-0.038611461307333651,0.77135496952761362,0.63218452425007021,0.073172660767306066,-0.03201041145732917,-0.07629165607317398,0.9965715813587831,14.62349891332728,-3.0750322789298381,-0.55169988535499315,,0.09775522670631336,0.2121212121212121,0,5
-0.82664371433778627,0.56271687859410446,0.0031438974437491317,-0.56250233274302774,-0.82646013535394403,0.023553562987218557,0.015852293350837092,0.017701955147629622,0.9997176329241525,1.7096061667954736,19.480784499495083,-2.8321140926889368,,0.1530127717783428,0.4838709677419355,0,5
0.71632582278482493,0.69620332835142784,0.046671631683903737,-0.69615243174790387,0.70852282280523449,0.11561661357946301,0.047424754961137329,-0.11530973574029607,0.99219683403061687,13.427781347400172,12.409351407962978,-1.7878277711602955,,0.1398251706267667,0.3333333333333333,0,5
-0.65677592727413159,0.75014194446903903,0.077022363644681291,-0.75350172801529791,-0.65685423987259184,-0.027886438269507034,0.029673679097213662,-0.076351625454918304,0.99663930389044297,11.499152566995448,9.8220321338227148,-1.5607769523983859,0.2548758042578315,0.1244337568154717,0.35,1,5
-0.94006968824915416,0.34019171644543555,0.023207268194388047,-0.3409269694692339,-0.93896437400542854,-0.045985930860616239,0.0061467653007055137,-0.051141963303159128,0.99867247727462494,11.900498081227076,12.0291410184045,-1.8002407070154516,0.3617361720109566,0.2392373072191326,0.3389830508474576,1,5
-0.59651413268094733,-0.76386440312552328,-0.24633729549052907,0.79982924900210217,-0.59125414035054114,-0.10340074448029139,-0.066663797916357362,-0.25870777946562373,0.96365254261654709,24.998041210614058,-3.9759802811411236,-0.29327842200763871,,0.3297558312749236,0.35,0,3
0.6426137516528232,-0.76185995078045132,-0.081344831326231909,0.76513164350441965,0.63251982536455875,0.12038371413532255,-0.040263312021127061,-0.13959973466163017,0.98938909423315002,9.1554752231696881,-22.309637407476284,0.98311320491812104,,0.1201664398918579,0.1666666666666667,0,5
-0.41403466178684822,-0.88642658385436846,-0.20693769660292494,0.907887035487845,-0.41855042170856255,-0.023593967039830133,-0.065699540577863633,-0.19764477206305872,0.97806958568600777,9.7142496791077821,-17.61072140130938,0.64011504915194761,,0.4148100378628682,0.1666666666666667,0,4
0.0031677981941372869,0.99975821367699891,0.021759578120358267,-0.99888623624179407,0.0021391488565048384,0.047135030379439787,0.047077086797105636,-0.021884657354970562,0.99865149560352218,-1.1518240685952863,25.196529894211913,-3.5550913822133703,0.301913098472995,0.2593788078761175,0.6857142857142857,1,3
-0.8163338554927243,0.57340603801742951,0.069314875326576889,-0.57754831311163024,-0.81165269065246726,-0.087509175396191782,0.0060813155069538221,-0.11146939186056962,0.99374926026636135,11.556647085315911,15.504369870932841,-2.0474514781002595,0.4502298920702252,0.3768312417740551,0.2692307692307692,1,5
-0.12979333300101228,0.96655329226148545,0.22119770325880767,-0.99055345069699752,-0.13635081355206,0.014571100025786772,0.044244231496981208,-0.2172169166114245,0.97512012548047955,-13.391267706267813,14.733811431460371,-3.2530157977836258,,0.2410067349399,0.3269230769230769,0,4
0.70993115948887564,0.69868559530628072,0.088522244087514551,-0.70149141134181892,0.69036458583012583,0.17693653790346001,0.062510387940280895,-0.18771035544984627,0.98023327522404002,-10.204989479479998,17.77899430572322,-3.3180795838370933,,0.121725099657957,0.6216216216216216,0,5
-0.14949598337605127,0.97444576742723521,0.16764962659538718,-0.98687280092932528,-0.15752713502110829,0.035598827479966386,0.061098492128155588,-0.16012697485179342,0.98520369781303474,5.3570861953432658,2.961409515590204,-1.2274299228957994,,0.08022517600131908,0.8571428571428571,0,5
0.75697001115690299,-0.64433319815366763,-0.1087710070109843,0.65246421588865378,0.73614573807335015,0.17994415606305658,-0.035872680328089393,-0.20718151962351264,0.97764460246685236,17.504707552504438,12.092418681804173,-1.6284387941347362,0.2051760375770129,0.1695118380340206,0.3,1,6
-0.72087624357918512,0.68658934388807269,0.094511979677234875,-0.69161956016346537,-0.70385472649087621,-0.16202131957168059,-0.044719407894768491,-0.18216365404712337,0.98225077129098848,23.755530371288845,14.701202291441957,-1.6616421128542118,,0.5493239080923107,0.4722222222222222,0,2
0.53841777431489179,-0.82867022024270187,-0.1530096937605892,0.84169317883344452,0.52007268262068262,0.14517919099160476,-0.040729510272631692,-0.20695427242421868,0.97750244813929388,-14.332474919922998,-6.7272490513622554,-1.5164953114189734,,0.8466833180938296,0.3733333333333334,0,1
-0.9487296191061676,-0.31360843701176161,-0.039520350020009649,0.31414577545215405,-0.94934062124662333,-0.0080508767620853829,-0.034993450761948097,-0.020053256247140473,0.99918633163072035,-6.4656862401062272,22.887222703325843,-3.6591118701743905,0.3741036196855214,0.176322511915129,0.6140350877192983,1,3
0.8751316189812488,-0.48080172051805087,-0.054537647603659249,0.48363494041714217,0.865483507973968,0.13052027364659521,-0.015552937567106724,-0.14059873033550729,0.98994449499003589,-25.778193742547604,-5.0590538034560204,-2.3166378151641274,,0.2206331535791075,0.4074074074074074,1,5
-0.3068010668087201,-0.90283940412754105,-0.30125423774555948,0.94970704455334465,-0.31124227437620455,-0.034420577666255892,-0.062686800291469544,-0.29666354173668563,0.95292240401486161,5.9595320717650351,6.5999911655990182,-1.4291789800486285,0.6958277129467175,0.3382054193344506,0.1428571428571428,1,3
0.72896539982430708,-0.67429031660371763,-0.11807630919641697,0.68368589127298152,0.7084658375919497,0.17507072582075753,-0.034395463847115622,-0.20834760833663654,0.97744985864603118,25.011956778591323,5.6754918181353613,-0.94109613090891053,,0.2253578826770042,0.4285714285714285,0,4
0.80183475554758854,-0.59578585845620602,-0.045828328133822809,0.5971738279492993,0.79626953272261314,0.096634623557461635,-0.021081840724196901,-0.104852477897822,0.9942643078529807,9.9350328528863265,-21.655687088522484,0.91068608227006909,,0.08966015166314086,0.4,0,1
0.82510629704842497,0.56496527896674464,-0.0037191575746182465,-0.56263634999946988,0.82226805201046249,0.085531212444307031,0.051380309752963135,-0.068479808739128248,0.99632855000985587,1.2938207439979439,15.167959701434604,-2.504365747829604,0.1806955470643469,0.09442232226254191,0.3478260869565217,1,5
0.58710688804499112,-0.79781843903945004,-0.13708114508852687,0.80864998347711559,0.57021251714684262,0.14471658340191135,-0.037292173878534868,-0.19581476864046093,0.97993156401337334,-0.051830766773199921,-16.590778274177456,0.16290261121357644,1.352930473077585,0.9060891498829964,0.71875,1,3
-0.60312368200760935,-0.79142528483920949,-0.09943763230669625,0.7959710409333427,-0.60523957584878785,-0.01073116125459119,-0.051690678048142195,-0.08562169318319432,0.99498592927707674,-2.5329774936458942,-21.890204390153531,0.56542840551476392,,0.5492524231869799,0.3478260869565217,0,4
-0.083880538546680816,-0.98130416340213411,-0.17322296078394692,0.99577803989830782,-0.089049922672993165,0.022275693664136769,-0.037284722198285353,-0.17062312317377137,0.98463069184797669,-0.96048119061445703,18.780186939122462,-2.8984917831110804,,0.6356239433064019,0.7037037037037037,0,5
0.95321291781138695,0.30198640382046682,-0.013760277071553211,-0.29887072728626685,0.94826024744168724,0.1071391221413053,0.045402881944671715,-0.098013851212028449,0.99414881344882466,4.8050484492636318,15.000575582160687,-2.3188952372407829,0.275957838620247,0.25465233043154,0.4411764705882353,1,5
-0.17480912343461372,0.98407946868314844,0.032083791551431956,-0.98294796060386502,-0.17631090888163678,0.052228059068238783,0.057053283067026422,-0.022406756249509486,0.99811966224779403,-0.92338260281523599,-17.896920376714533,0.2669519733568495,0.2494019861184479,0.1806398535226312,0.7631578947368421,1,5
0.97050503981151393,-0.2397778632875229,-0.02503086050703832,0.24107234603711314,0.96609694180307293,0.092416573269694033,0.0020227893155869959,-0.095724998386107499,0.99540576299686201,-1.6259623492324822,2.7102206217981117,-1.5005584764948769,0.3663369850941522,0.320583453248773,0.9289198606271777,1,5
-0.45288504125989815,-0.88294176003808711,-0.12372949439751718,0.88936159555360617,-0.45715169072178102,0.0069486707045837972,-0.062698419097806435,-0.10689331153566999,0.99229165480294845,-3.3673200563906303,-11.31081927831257,-0.32338382345846933,,0.1556631906591563,0.4210526315789473,0,5
0.22925745973368652,-0.9708067894979544,-0.070535059517471507,0.97178366868969612,0.22415303507182144,0.073429681574193786,-0.055475385753087324,-0.085379121175887598,0.99480293889934857,16.340701491426262,3.4858561048048173,-0.96739001225693244,0.2582910591651111,0.1031955754401127,0.1818181818181818,1,5
0.0054504955835747663,-0.99796979495642102,-0.063455342190650701,0.99793062565365631,0.0013627326738474116,0.064285374247660246,-0.064068389088500904,-0.063674416481808216,0.99591204943273282,8.7915976595354479,-6.1553139888128303,-0.40736348438531705,,0.103392123357029,0.4102564102564102,0,5
-0.88329159978154648,-0.46228639774443064,-0.078020742215358069,0.46561394871111994,-0.88445192176423948,-0.030796896810933772,-0.054768608901412233,-0.063530186116702067,0.99647594799422146,-7.2136879452702161,22.511978615496719,-3.6768325697335458,,0.381041214947899,0.2857142857142857,0,4
-0.57041893428535484,0.82103059643629761,0.02304341824071178,-0.82063393128820161,-0.57086902172551357,0.025855576818648699,0.034382993284906668,-0.0041617003269668607,0.99940006505060708,-3.7499423497297197,6.9918290648755779,-2.030914875001304,0.1159852153448402,0.1040196003820115,0.4940476190476191,1,5
-0.89014607540910295,-0.43967647627090484,-0.11968525660152619,0.45384964604402456,-0.87893975277013403,-0.14657902232615164,-0.040748781815978831,-0.18479585280621799,0.98193178457881569,-9.7989879520643086,-15.058909532813756,-0.32317628746214305,,0.5774683586124667,0.3012048192771085,0,2
-0.065794612237737707,-0.96618564959658271,-0.2493117717118796,0.99687396849054444,-0.074599412704034432,0.026023423489761149,-0.043741970079090364,-0.2468202142002226,0.96807356224398422,7.198356439379249,-13.682451861308,0.32255853846092158,,0.4148368968775917,0.4230769230769231,0,2
-0.19309438211054916,-0.97552842780388871,-0.10516104860554755,0.97923486032274398,-0.19834720530588509,0.04192224321337247,-0.061754740109900189,-0.094882415092672326,0.99357117479330104,-1.4921306123135807,-18.969542810757407,0.37878644495436553,,0.1151976703324162,0.4375,0,2
-0.64557612440504863,-0.76239282423758015,-0.044594272605369217,0.76149528944610156,-0.64704717992177363,0.038142772666344638,-0.057934374507313459,-0.0093342651732624023,0.99827675508554248,-18.599355673522698,10.007074791861234,-3.019591667427914,0.6043768877024996,0.5611242170893527,0.9333333333333333,1,1
0.6865167777230532,0.72666689796678097,0.025493789520034855,-0.72481798188967117,0.68114410793702429,0.10335181349187532,0.057737397188823952,-0.089431111040907937,0.99431809263627935,9.8671352536106323,8.0575248573904155,-1.4188901071910656,,0.07848313238107953,0.4,0,5
-0.78402492463894047,-0.61821116395818143,-0.05585583498950767,0.61849751457060187,-0.78566053647603673,0.014083532730637697,-0.052590322445224255,-0.023504854427487877,0.99833951129034793,6.2037633790270439,2.0166720337232551,-1.1534732292745344,,0.08246011979120513,0.2045454545454546,0,5
0.19861788779547959,0.95830255918142948,0.20544376289872096,-0.97755827311315957,0.17868748755523151,0.11158227663574841,0.070219351433062752,-0.22299548618194626,0.9722871262270204,-15.176310270877098,20.115811711371695,-3.9005947310500155,,0.2680283466406964,0.34375,0,4
-0.96197957082032814,0.27232364230294109,0.020859989626046859,-0.27303906378452725,-0.96075587403174878,-0.048967541914627405,0.0067063381966525996,-0.052801366993210419,0.99858251570495782,-20.012634026853654,2.0942910982470235,-2.6034950925748208,,0.08154641532854648,0.2777777777777778,0,5
0.48418591938098615,0.87393263314465064,0.042494096037529565,-0.87279114951652581,0.47899143825061119,0.093823298856054074,0.061640934441412935,-0.082516391144236645,0.99468157738731677,-8.9874184437027882,19.85039742261225,-3.5223469179609999,,0.07052987628731128,0.2857142857142857,0,1
-0.98222738407961241,-0.18299338509514149,-0.041746700175505344,0.18717572538003738,-0.97150646374253247,-0.14539751970008633,-0.013950404746068609,-0.15062739431425279,0.98849217209319362,4.4938030696952005,-21.492815815582762,0.74670972771905908,,0.5954884124826495,0.25,0,3
0.9994181454777521,-0.025298045624489666,-0.022877486255991262,0.027551516381950733,0.99416961500921908,0.10424821599181969,0.020106825579064815,-0.10481786813326834,0.99428815244129842,-2.4280428484257661,24.618756870755856,-3.577194408886752,,0.2770071113514436,0.8048780487804879,0,3
-0.94304899331037173,-0.32598511263825125,-0.066274448730414215,0.33121984502912821,-0.93863885802808544,-0.096179563622481576,-0.030854666991784352,-0.1126534532890909,0.99315516863522779,-15.308163332483701,17.141965118931509,-3.5533332816472591,,0.2856333327836326,0.3125,0,4
-0.43742066913187971,0.89495445463297385,0.087861722887811466,-0.89859805383679958,-0.43874849722711345,-0.0046145229076294987,0.034419411048623415,-0.080970860891715263,0.99612199244345556,-0.53775166301805855,9.7506094530349312,-2.0688264454297705,0.09253715460119517,0.1233318455125751,0.3636363636363636,1,5
-0.96764697608343198,0.25195774221090261,0.0132900645813013,-0.25221467815613152,-0.96451367114452757,-0.078109758019761319,-0.006861909296240214,-0.078934620511477649,0.99685617813479965,21.779770237092837,4.0568681490984222,-0.89481698386808295,,0.1878292797107587,0.4,1,5
-0.99503965250219439,0.099308884474552675,-0.005816821531701287,-0.097931632962291834,-0.98815862655233833,-0.11811826292125648,-0.017478135302447906,-0.11696270446008018,0.99298249760594115,9.3960582567870592,3.4636532396289037,-1.1376185222182642,0.1785637222491317,0.3071264233530887,0.1428571428571428,1,5
-0.22975450424256191,0.96908566448408795,0.089921313778703993,-0.97234497276133613,-0.23253986478996802,0.021690210446635345,0.041929962151313449,-0.082451113848733937,0.99571265538763343,-16.347377037151841,2.7442756509020767,-2.4228599215713085,,0.2342714391939095,0.2394366197183098,0,5
-0.99984158087630282,0.00029441039613246786,-0.017796810761918445,0.003032563324198182,-0.98242665300736087,-0.18662442235795446,-0.017539005401151306,-0.18664882743610822,0.98227012501972455,-14.169417537184637,4.4618560492895725,-2.4001981530957681,0.374960037037978,0.3985588445193471,0.2777777777777778,1,3
0.41988863830398354,0.90707883276758805,0.030025365413563914,-0.90538739146849379,0.41635099782304813,0.083219697077252588,0.062985734838167537,-0.06212759255551252,0.99607879178815628,-9.2516172980498403,26.879315613122603,-4.2064527386528638,,0.1408816951649567,0.375,0,3
-0.92841943093939228,-0.36795794952658417,-0.051422831839242039,0.36985540539719702,-0.92847109358579083,-0.033888161267334432,-0.035275194579904683,-0.050481439715975726,0.99810184094187115,-4.5001929709189428,-4.119723059102169,-1.1752699894730332,,0.09253233258623091,0.2745098039215687,0,5
0.41453611006001756,0.90997411329734279,0.010340531177094709,-0.90769919433525081,0.41263315897413722,0.076263023269218716,0.065130530931706745,-0.040999868825885938,0.99703411410884768,-11.042449796813861,-3.7501775519825178,-1.4843876327548393,0.3230519300115405,0.2735195804500427,0.9088098918083463,1,5
-0.013038431863571088,-0.9701609896261697,-0.24211082896498276,0.99467665956206641,-0.037336262937688561,0.096043460955434617,-0.10221713269794513,-0.23956973447708266,0.96548329871913985,-8.1826384844457642,-17.38370067436437,-0.11334296750006163,,0.6687446054950622,0.1052631578947368,0,3
-0.13226947261605207,0.99111231076568507,0.014183584264048798,-0.98964653255193635,-0.13285117075806777,0.054316728879228143,0.055718284447749622,-0.0068522899029895201,0.99842301601139238,5.4985786956515623,-6.1685958296757235,-0.57698757247689914,,0.07245057780616763,0.3333333333333333,0,5
0.95941764349276337,0.28195250852126696,-0.0045352280381642292,-0.27989522147895834,0.95412706561834948,0.10630243481577974,0.034299421978191226,-0.10071904285229889,0.99432350070732978,11.223026902343118,-21.666600074677714,0.95142753855132634,0.631915645243268,0.6868822839777018,0.6825396825396826,1,4
-0.99358612688485481,0.112952116015395,0.0053317867173486031,-0.11246946655638253,-0.98225622620090602,-0.15007773046684192,-0.011714416523126948,-0.14971481415411114,0.98865982363415761,-22.672275742898357,5.5830951346543491,-3.0578442495740106,,0.2689725349747308,0.28,0,1
-0.49364271965589634,0.86931424676003588,0.024690194627848598,-0.86831245174304772,-0.49425907868542623,0.041730675587754111,0.048480423664680208,-0.0008387592411033941,0.99882378075625933,-15.907209167568169,-2.993168699951323,-1.94481083335785,0.195034273821157,0.1790350530145906,0.75,1,5
0.18837460423318661,-0.96794027424282392,-0.16615244198842313,0.97923163416119374,0.17220282058138875,0.10701212661101296,-0.074969428022279697,-0.18286009428669775,0.98027637469209239,6.8520895892137874,-11.996414132032246,0.10088778211771998,0.9165100350603774,0.6255529470212838,0.4696969696969697,1,4
-0.5546994767311092,0.83191386376255372,0.015093501710772556,-0.83109893327999429,-0.55484118597171805,0.037760050984517984,0.039787606300072567,0.0084012873511692971,0.99917284028127684,-5.8958856988706208,21.439733131394156,-3.5059328575728341,,0.1051092235614248,0.25,0,1
-0.97972462319796472,-0.20031753508368458,-0.0035422927043085349,0.19864954824458436,-0.96896511631661586,-0.14712226324981992,0.026038811067879052,-0.14484297877192256,0.98911197132511119,-3.2727476919213156,16.850910561778779,-2.8872828384969131,,0.235163234644324,0.3793103448275862,0,8
-0.085666318220300741,0.993461519928031,0.075468472522401464,-0.99461210676256462,-0.089711746444237281,0.051947662423417008,0.058378412139339704,-0.070611691469693247,0.99579413034214959,-11.977120928692248,-23.325931565122662,0.29062004625169474,,0.3866325848113028,0.1333333333333333,0,1
0.50889235077865791,0.83744094241947187,0.19930188980177463,-0.85864850061122588,0.47733792924679963,0.18673846336647235,0.061248083374629614,-0.2661600444506359,0.96198103048915184,-16.128881079935603,12.621565379007462,-3.1356089218629934,,0.4613896919989861,0.3571428571428572,0,1
0.94470077885049175,0.32776069385674872,0.010647347172750336,-0.32474969090610245,0.93052210882090491,0.16931108425583774,0.045585926508795872,-0.16340603586783181,0.98550514496185948,11.843810239202,-8.0572505748891921,-0.14503343810816177,0.6477319551660075,0.3430926830805238,0.5454545454545454,1,5
-0.3083803957514501,-0.91401179960957191,-0.26359810638669312,0.94987071266559675,-0.31085811556586329,-0.03335957444259393,-0.051450565947612638,-0.26067155993953717,0.96405558818065984,6.3875219960866723,-5.4306644928257617,-0.60045371731362962,,0.3508328590164875,0.196078431372549,0,3
0.64990462246442715,0.75550950261289629,0.082640021545168946,-0.75864302243266268,0.63835192194155754,0.13025969548465655,0.045659021163469836,-0.14735065393521418,0.98802987736771408,-34.106784757904194,2.5535644980361005,-3.6006457175523283,0.874283472033871,0.6256280941668232,0.5487804878048781,1,5
0.96960288948527973,0.24441009574778932,0.011573322701494857,-0.24249290904881654,0.95352938902921525,0.1788264335007933,0.032671482409570227,-0.17619707532796255,0.9838125659306417,-0.62481944457337879,33.221038575945606,-4.2793410672139407,,0.3374565562604324,0.4444444444444444,0,1
-0.30771380477706395,0.95143748577581244,0.0088839749112869324,-0.95012397640498047,-0.30776032278120946,0.050477848428734116,0.050760652182685155,0.007091853227971681,0.99868566716849483,-2.1906702665537972,6.5962231401351721,-1.9222093970954959,0.256798561374421,0.1793566295201786,0.6298701298701299,1,5
-0.67878823354728746,0.73409846564035375,0.018600450054576913,-0.73387919946387425,-0.6790415213013562,0.017998137209281381,0.025842882811667803,-0.0014335596322908692,0.99966498904121093,-11.452285816549928,22.567966172634261,-3.9142716265039983,,0.2207408646630164,0.7380952380952381,0,4
0.19768799489329156,-0.9574263694130497,-0.21036683157669328,0.97235900236412465,0.16432438591560769,0.16587786686264799,-0.12424744342043413,-0.23734414537966841,0.96344710776330678,-5.2745338521045522,13.368812438979909,-2.6482763914221206,,0.2856912141903517,0.1428571428571428,0,2
-0.88296879580447696,-0.46341703468786644,-0.074904990465898907,0.46866976528434734,-0.87932841327294387,-0.084440468492311321,-0.026734934896242797,-0.10966400308210109,0.99360910306020345,-11.028951109319529,23.971321586426175,-3.9852402969395837,,0.330819574103381,0.2222222222222222,0,3
0.9835965124465037,-0.16553263521711409,-0.07167180325032059,0.18010010892899539,0.92343818761917229,0.33885965296916382,0.010092148772131462,-0.34620927244182248,0.93810302643604404,-13.868155089316964,-13.008244917028094,-0.66130027473738517,,0.6447008461889587,0.2584269662921349,0,2
0.069700549737803527,0.99133612786079539,0.11133065599470608,-0.99627880343587705,0.063503719841134731,0.058273693813885787,0.050698907193585586,-0.11497808123421732,0.99207341545123207,1.6517889714869993,9.559812037997057,-1.9527159783298644,0.2188479014908168,0.1821279350317454,0.6097560975609756,1,5
-0.62432698444661405,-0.7794198802525093,-0.052158093896938457,0.77885578795491472,-0.62622189335756029,0.035068530747691472,-0.059995650350059312,-0.018729403269646842,0.99802291125616804,2.3748641704765885,13.906961659192442,-2.2985082581719403,,0.07789604213325182,0.3076923076923077,0,5
0.60467245405132175,-0.76447194507901151,-0.22350362077305602,0.79562135900163122,0.56677237325227225,0.21390589056495182,-0.036849374648026144,-0.30716725428518682,0.95094184968532625,-20.989613357572964,5.178574585042516,-2.9142788872593619,,0.1472989426975316,0.2285714285714286,1,2
-0.95789269015785361,-0.27597103790097571,-0.079256421708326238,0.28681816137273869,-0.93247606491725876,-0.21959902245498525,-0.013301746085060909,-0.23308447952680539,0.97236551201428689,-28.018684612656706,-2.9425970573560432,-2.7935974947274604,,0.4454217748850788,0.1875,0,3
0.70218274715205697,0.71155582132962003,0.025053996366305547,-0.71057130576232452,0.69811741083359513,0.087866376494224491,0.045031200619325952,-0.079500904541581652,0.99581715045878516,-18.336135934671542,22.987916321546606,-4.3337873994362006,,0.16152319966161,0.6538461538461539,0,3
-0.68481461341359096,0.72531765168755968,0.070308245644724529,-0.72862281157796127,-0.68308524985841956,-0.050033387593570726,0.011736426347991564,-0.085491786601436581,0.99626974797003343,-21.337717423446669,21.445701843932191,-4.3780718243735084,,0.223329128277418,0.3448275862068966,0,4
0.46593899392595128,-0.87801869824638801,-0.10947154638987504,0.88247029162155355,0.45212836228723474,0.12971556738045337,-0.064397502627372039,-0.15704492842871787,0.98548965094016905,-3.3115302019963782,10.316970975351317,-2.2685855561631154,,0.1173837532674236,0.2463768115942029,0,5
0.018449968339011316,0.9956971885315814,0.090811383750025496,-0.998028640148788,0.012891258400418973,0.061421892673658975,0.059986932835829579,-0.091765593809218851,0.99397215437948316,-4.8121853053268131,-7.4119640894225318,-0.8351749719434719,0.3756122482344015,0.3655360412293235,0.8941398865784499,1,5
0.60252911298677969,0.79796097689267353,0.014729133031330577,-0.795639072139254,0.59912397969302567,0.089492590990414275,0.06258701853220866,-0.065640965206806484,0.99587857131176782,15.727103226445864,-2.3348335546677244,-0.57763894942125904,0.2087062845211489,0.2127364891603375,0.9166666666666666,1,5
0.99723642913370536,-0.070689793655951266,-0.022857328836417945,0.074248066157945478,0.95902969688900874,0.27340311841085918,0.0025940471203250502,-0.27434466198170498,0.96162793083483289,-34.050333424712171,4.9567030059693691,-3.7143898447678301,,0.4092661077769592,0.2272727272727273,0,4
-0.40445143187544247,0.91069887907395608,0.083943974812639377,-0.91354612746288277,-0.40661751200142299,0.0097812029599642445,0.043040820757459824,-0.07273067157130654,0.99642246921740574,18.094373230912868,2.9201139840540487,-0.898022332088659,,0.1593587642602144,0.5526315789473685,0,4
0.64510907685537999,0.74926556589157356,0.14978448093170191,-0.76336808110365728,0.62347230723852065,0.16897175757739849,0.033218243645910792,-0.22334590633332732,0.97417306183923247,1.0402591287014411,8.018019396771578,-1.7990718755801911,,0.4364800864326413,0.1612903225806452,0,5
0.87426947338411609,-0.47758873706303456,-0.086959106131535693,0.48516469240964616,0.85359616806775773,0.18970715089077064,-0.016374038833273364,-0.20804465888499937,0.97798226505479668,-5.2578852250768575,9.6255152698473516,-2.2918249399260935,0.2225430677165226,0.116661682580554,0.4222222222222222,1,5
-0.92272048877445301,-0.37714261833532614,-0.079689052140240052,0.38335806162508751,-0.91945132549378494,-0.087440589172181102,-0.040292631868507109,-0.11123266374090396,0.99297723958518447,-10.146831175774812,-24.5254946010166,0.51198254040988389,,0.1739056200953996,0.25,0,1
-0.21062768507902568,-0.9560984299879397,-0.20374437526677486,0.97544760410977005,-0.21927037752290127,0.020554152317100977,-0.0643268988430266,-0.19441268918350471,0.97880833484890073,16.784320372383132,16.834734027035662,-2.0197497755366198,,0.4155199543478844,0.4375,0,5
-0.86269078685489953,0.5037601679924556,0.044612771936848775,-0.50481980684774119,-0.86307324931773577,-0.016171855995419267,0.03035735314360492,-0.036472722085694659,0.99887345127086824,-8.5412103658903735,24.678518358991148,-3.9196329199568511,,0.1337985099884428,0.1875,0,4
-0.89648347691189778,0.43806429442779232,0.066460887531212029,-0.44300502179543971,-0.88890329450876715,-0.11660824874545782,0.0079953916713315504,-0.13397987520124421,0.99095179840044778,-2.9893215146179544,-9.7445154325443166,-0.46399707855183758,,0.1693469191275249,0.3181818181818182,0,3
-0.4573159733134694,0.88889335466693831,0.027031547889666229,-0.88758532366820464,-0.45811011523284617,0.048243295183444793,0.055266570014456763,-0.0019303756902359216,0.99846976914102514,14.367749410096017,12.165827252549969,-1.7112537868478661,,0.09836730957361731,0.5925925925925926,0,4
-0.7109296291262025,-0.69716853494811137,-0.092385584962075343,0.70089562020014173,-0.71316619165640849,-0.011803078520223505,-0.057657540831531053,-0.07314381010447657,0.99565334882611711,-9.7764050576469206,-10.948220676897661,-0.60547643287950859,0.3756690812640534,0.4409820106271329,0.8721311475409836,1,5
-0.4224218459924306,-0.90591845055250064,-0.029521940601927515,0.90424969717218784,-0.42343827676811119,0.055068238864698651,-0.062388053282293528,-0.0034331787324501546,0.99804606311103539,-15.602961202150382,-7.8574713571599641,-1.5370508896421835,,0.690483979332933,0.5853658536585366,0,1
0.31682016097155419,0.94842992574133489,0.010279180913102596,-0.94642882926716831,0.31540124314915335,0.069242522715059526,0.062429614238238985,-0.031665940350074778,0.99754689688646225,-17.141277378132855,19.166828301732611,-3.9384274304457305,,0.2184598112606688,0.8048780487804879,0,4
-0.32988449590276642,-0.94138209275478646,-0.07054058975934363,0.94086145439524027,-0.33396985290880177,0.056954903049222627,-0.077174756211151302,-0.047580382393290294,0.99588160150444449,1.738463987554796,-20.765268754730229,0.61604368197287129,,0.1104214492676458,0.3,0,5
0.91617721234001581,-0.39921383682466149,-0.03532177906915164,0.40073785006748497,0.91135726327973032,0.094005926358766229,-0.0053377066393063477,-0.10028086135954579,0.9949448516037559,11.872823497467351,-25.586271721180044,1.2867354781539455,0.3543773188966083,0.255927481616183,0.5384615384615384,1,4
0.61746634768367048,-0.78349248995383958,-0.069819966085072141,0.78607189686939527,0.611374631595062,0.091170350411482332,-0.028745128810615677,-0.11117813646546797,0.99338468859839313,5.9651356184172988,22.450208887908413,-2.9847238999439569,0.4769526786113158,0.2996826054510146,0.5454545454545454,1,5
0.96824669819671261,0.24957106799655218,0.014581270528591194,-0.24777432664667737,0.95024608217680029,0.18878629813212291,0.033259802854995517,-0.18640457431808269,0.98190993486538514,10.421233891729356,-11.909680155549397,0.25766368793833294,0.2776582912598815,0.2276698565599749,0.2580645161290323,1,5
-0.39990479241225768,0.91077028167748819,0.1028282598258814,-0.91531217275016785,-0.40268495596664633,0.0069607940285395303,0.047747077618183822,-0.09133630303033867,0.99467476912188446,-5.1751519441943277,-31.821579926805818,1.3305697506786924,,0.3900910746962992,0.2105263157894737,0,1
0.93410468704481675,-0.3529599699575498,-0.053550847317956965,0.354756916354033,0.90094931545063361,0.2498756916709037,-0.039949517392369398,-0.25240758823102061,0.96679596889080832,-0.15000553777536949,-18.775742683595965,0.39945118430601728,,0.5217793750114145,0.4230769230769231,0,3
0.86448936136590848,-0.49926707840187845,-0.058228244943647874,0.50227727286996804,0.85356369962393097,0.13837106577105046,-0.019382601566157967,-0.1488670383542354,0.98866724414646567,4.7854418359665285,-24.470382977148468,1.0449761353246596,,0.2495380237947625,0.5333333333333333,0,4
-0.32745939813725106,0.942337126406809,0.069073024886321721,-0.94314850002013961,-0.33039464238305039,0.036197889363002236,0.056931972399954962,-0.053292780748740609,0.99695467802639692,1.2210911355438012,6.2591594515164708,-1.6840583689767046,0.5448823257995012,0.3534818441896853,0.621342512908778,1,5
-0.95121531887525279,0.30680461872549114,0.032562909356459571,-0.30852624265232753,-0.94555996913958629,-0.10357558764294446,-0.00098728510987319915,-0.10856919770105196,0.99408840380454178,10.565829681783081,4.2166086337969828,-1.1524141329972957,,0.1478762194576742,0.2222222222222222,0,5
-0.65603284426163677,0.75295809330149521,0.051720566332595815,-0.75448770196614612,-0.65602315943202383,-0.019542821461344163,0.019214963747857833,-0.051843263984850736,0.99847036067555162,8.887090573959938,-7.8506381507565353,-0.26346356014305661,,0.07885757170164483,0.375,0,4
-0.013033229857221969,0.99989596088967625,0.0061808022133220094,-0.9980178880792655,-0.013388847718936604,0.061490111648637727,0.061566468091743119,-0.0053671364125123357,0.99808855511594663,-7.1548355077953332,-5.9689397409754719,-1.1311703701492026,0.2433354288227195,0.1713797874634375,0.8137535816618912,1,5
-0.83411576823832601,-0.54944235422636301,-0.048620824328467489,0.55075849080891759,-0.83445383041613508,-0.018758723456685739,-0.030264995920556984,-0.042425278856275957,0.99864113961717826,-15.489918806726706,-14.835599471803437,-0.64144620628681814,,0.1676435010183118,0.4444444444444444,0,2
