axis_00,axis_01,axis_02,axis_10,axis_11,axis_12,axis_20,axis_21,axis_22,location_x,location_y,location_z,dbh,dbh_approximation,score,reconstructed,number_clusters
-0.79132699876981527,-0.60766771003112874,-0.067390913359902799,0.60906043715958147,-0.77388485379827288,-0.1736306912634005,0.053356957418292036,-0.1784437929633608,0.98250233986892499,-21.201854514553421,-14.135607017118566,-1.1425352896057444,,0.3452121397522254,0.1111111111111111,0,3
0.97548612350165587,0.21526108137929598,0.045710936318655311,-0.21967355058373358,0.96484942652096917,0.14425364922972667,-0.013051974166690485,-0.15075891676969966,0.98848439288881995,-25.985065045030478,8.0330348201837225,0.068990628384461058,,0.6522217383662328,0.5294117647058824,0,2
0.56760655877439481,0.8185183087643727,0.088603457346771192,-0.82110534778686695,0.57065838167016092,-0.011619779059960414,-0.060073307484264031,-0.066157309853896451,0.99599920084345306,10.18972119368564,13.450802726779905,-2.2067435379610618,0.4914702764113582,0.3559783549251263,0.8108108108108109,1,5
-0.99438102860921906,-0.085422659720731514,0.062524708302470755,0.07976481859938081,-0.99292272351864097,-0.087988856306546667,0.069598445786388255,-0.08250717742452679,0.99415724209883327,13.420167884377239,-0.96838538754691528,-3.0256878059657151,0.5532345881372194,0.39780633941011,0.8796296296296297,1,5
0.75133600410140045,0.64642445203241028,0.13277664235676928,-0.6578525140996998,0.74957903366351131,0.073221185354926249,-0.052194622650651001,-0.14236116080825564,0.9884376668559739,-9.8373040626268811,20.65048936102739,0.016379180685561913,,0.2099475708517128,0.3571428571428572,0,3
-0.62934165169046963,0.7670348906526111,0.12484615320084132,-0.77695275187222879,-0.61760788326726601,-0.12208572350728673,-0.016538041168224191,-0.17383319316995741,0.98463623442703652,-15.84262972395409,23.217707297319755,0.54354582392269035,,0.1622224336509047,0.375,0,2
0.34216886210366809,0.91916432183794727,0.19508310861493747,-0.93816644978831798,0.34580551412424698,0.016194409308426961,-0.052575491421998341,-0.18856165002845018,0.98065300786786114,-2.3599291585226418,19.434194552814908,-0.66904293198225284,0.2555380963522096,0.2808832817643855,0.5370370370370371,1,5
0.98401558115103416,0.16650098842844346,0.063172437853417154,-0.167972413814792,0.98561419177377196,0.018706500778267937,-0.059149000407655465,-0.029018715107433011,0.99782729463784925,-2.690195468939153,-5.843411607828414,-1.7013370652532189,0.4848646305498894,0.3889183248717042,0.8306264501160093,1,5
-0.98921351020624948,0.11701697247513243,0.088111630209556618,-0.13119843709575887,-0.97530196898420185,-0.1776880395501361,0.065142930000589877,-0.18733151749851018,0.98013432815234314,-20.028416986022645,-14.40771238867241,-1.1972964178348633,,0.4480836608578649,0.5,0,3
0.9351480507533001,-0.3536165327040956,0.021294857844963554,0.35175130263534793,0.9339912471739682,0.062700648296108719,-0.042061196685778748,-0.051143895048673761,0.99780517022744042,-1.4316088005795973,-18.375256598533777,-2.2991972262871236,,0.125594878976575,0.3157894736842105,0,1
0.26703582493060735,-0.96348080055454444,-0.019915199381507501,0.96364143401017477,0.2671663667389727,-0.0041616273634242423,0.009330319525361265,-0.018079807694548661,0.99979301142350652,-1.4618852438738459,-15.012077969476687,-2.1845612627351567,,0.4453990626039167,0.2142857142857143,0,4
-0.23936610362600233,-0.97092908383495635,-0.00076328128406508058,0.96999888495232112,-0.23910222207859605,-0.043957827384123897,0.042497430818351591,-0.011262395859250245,0.99903309595495848,22.436286022823424,-17.693979787017678,-4.4701252775023228,0.6927256753906363,0.6324283768619476,0.9743589743589743,1,5
0.89616901907582813,-0.4435755440187405,-0.011037481467632577,0.44204071677780121,0.8903580168617018,0.1089155935606439,-0.038484983555117445,-0.10248579686267777,0.99398972202039693,25.626518673798966,-4.8487848333181649,-4.4593648322905262,,0.3822503671527076,0.1111111111111111,0,7
0.8990620062770277,-0.43700964541023302,0.026647301693585642,0.43677985759492549,0.89945609444832575,0.014215841836574452,-0.030180537909108112,-0.0011419186434941996,0.99954381152270133,8.7418855171775416,-19.732297919219253,-3.3168769660395339,0.2180822871329271,0.2228562077918916,0.631578947368421,1,5
-0.073470678534181669,0.99265699271193142,0.096094506689153369,-0.99691655900789711,-0.070438370255532887,-0.034580491199503606,-0.027557825958907278,-0.098338857100584917,0.99477134830702152,-3.992378691676302,8.2749416078063263,-1.0057898018613429,,0.07264657120256424,0.1481481481481481,0,4
-0.53368057821045822,0.82665345343974883,0.17840714211345193,-0.84567944539918571,-0.52250479802528338,-0.10869687976149695,0.0033639367232906614,-0.20888466663854582,0.97793449677011945,-11.692857870293603,23.909149659533472,0.31521478076690257,,0.8674563881254669,0.5625,0,1
0.61974545999833175,0.74053432248106021,0.25985473256989788,-0.78247695103237891,0.60852725491783322,0.13200151940503918,-0.060377031349086348,-0.28513768121678251,0.95658304231038294,0.42206991621240475,11.549451174218973,-1.2740073214941328,,0.7410722680927678,0.5890909090909091,0,1
0.72014990117265831,0.68634514423069015,0.1015601439146474,-0.69093017983699467,0.72276985465903187,0.01480620770421957,-0.063242441694077875,-0.080833657514153945,0.99471921333683699,-2.470352766266783,9.5644420517039155,-1.0933963908835354,,0.1244331271836192,0.6455696202531646,0,5
0.90833445604350493,-0.41597835542097544,0.043480153925774943,0.41638025976771065,0.90919053937648664,-0.00020587390816260222,-0.039446105510206421,0.018291280150738644,0.99905426971237321,3.826496280897798,19.973634775901925,-1.2968815706986616,0.1862162874072506,0.2090477784440571,0.6551724137931034,1,5
0.96140193402132312,-0.27349827672188715,0.030083448775329036,0.27313355735578126,0.96184784164741521,0.015709531004637074,-0.033232229931738064,-0.0068863741088899802,0.99942393244578498,16.394414371905512,-2.8738120910821938,-3.4325259927028808,,0.1017716408374616,0.5,0,5
-0.91172072197975307,-0.40617246380337235,-0.061556922930047539,0.40680084097350433,-0.87174433110847271,-0.27308404743501752,0.057257321767327993,-0.2740177929042919,0.96001867079546577,-25.645742222114894,10.959586556262419,0.22617303827596058,,0.3747912423008417,0.375,0,3
-0.31668970774739369,0.90150530903536474,0.2949505158292185,-0.94834524474573367,-0.29480755621495308,-0.11717423593402428,-0.018679555000733535,-0.31682279365541088,0.948300791756158,-21.519773728168218,12.431585642636904,0.19792919957263175,,0.3462626494388526,0.3725490196078431,0,3
-0.95494045802859062,-0.29679730323649789,-0.00028707436128090369,0.28770305628121057,-0.92544139778457846,-0.24654648785366531,0.072908662219225817,-0.23551980820743984,0.96913092351618557,-6.5083958668989403,8.2406598936075071,-0.80505419424629476,,0.5319212561179906,0.3221288515406163,0,3
-0.98907290430493389,0.12921854378315623,0.070974346861128884,-0.13719505154213682,-0.98296856010576894,-0.12227153256560611,0.053965802154268848,-0.13067278900426138,0.98995571335878163,27.296650574811185,4.0442263804174834,-4.4423579574705974,0.5484232539464988,0.5675769653264935,0.7777777777777778,1,5
-0.78685275544847444,0.59062002217022946,0.17897131237932828,-0.61436624526305661,-0.77712144799263383,-0.13651509715487306,0.058453895717183506,-0.21737121355291775,0.97433715806901999,-28.094255630931112,21.529609364230588,1.0612592303523469,,0.1805651544672567,0.25,0,3
-0.87433213198058735,-0.48437579302199973,0.030387729770262516,0.48089878437564931,-0.87309261945786842,-0.080284724787606246,0.065419279821046061,-0.055582092282567476,0.99630866143238406,-16.752413834935719,-13.657288599089274,-1.2860753550269499,0.6028238595415046,0.58830934141692,0.9396551724137931,1,5
0.26197700450803107,-0.94288078576652246,-0.20577626914031011,0.96494239685044936,0.25944024021489703,0.039710609637068031,0.015944273878421022,-0.2089655129191007,0.9777930223421254,11.766718510168312,-17.823552778281226,-3.526160862240777,,0.6409432652036686,0.2777777777777778,0,1
0.75142720609568292,0.65551170363742217,0.075243340792398264,-0.65680462312072829,0.75400083602407719,-0.0095092755891942049,-0.06296698330454327,-0.04227464570351358,0.99711985906618472,-4.0563938140954017,5.2598363048702659,-1.0655241450865685,0.2171690109551765,0.1872175495256501,0.6972477064220184,1,5
-0.97266160158596837,0.20775991526148563,0.10375560905685462,-0.22254166522769442,-0.96157586409450591,-0.16077022370012709,0.066367281380988227,-0.17946496928772601,0.98152315752642949,-0.074607131496346665,-14.509209425249944,-2.2657677022827007,,0.3184505313553778,0.25,0,4
0.028167351577885,0.9535044326341523,0.30005982278890841,-0.99902710541271489,0.037042860175677594,-0.023930506904319779,-0.033932918468359198,-0.29909383721004434,0.95362017259870879,-12.153845198130918,-8.9662832373675077,-1.2669747618291236,,0.1525389878303978,0.2,0,2
-0.89679717187543173,-0.44243155291122549,-0.0030254759606615721,0.43680787374717583,-0.88426892617563324,-0.16512827629653226,0.070382625332524262,-0.14940812290084488,0.98626745807744642,-16.25979305982775,-15.246839752750626,-1.369804818905848,0.326216215443018,0.2896948048221848,0.2142857142857143,1,5
-0.83692816993969654,0.54002491459110802,0.089018705799718184,-0.54685251929515244,-0.83175815882636117,-0.09555463027152114,0.022440153785915986,-0.12865246537337835,0.99143581872525488,4.5653314578957733,18.415557639608657,-1.3856862163426529,0.2412250202729014,0.1608816624942961,0.4444444444444444,1,5
0.89707494852882441,-0.4417641460817498,-0.0100486794490232,0.44032192505231937,0.89177683373923,0.10416660272972826,-0.037055890762824915,-0.097869903661421162,0.99450909644762797,-24.608400577716036,-4.618738889294038,-0.60976382427872489,,0.08808367312174775,0.5,0,1
0.033261107665774635,0.92524046929713211,0.3779203258514533,-0.99887284836122692,0.043585730709712958,-0.018796725385825407,-0.033863424569518782,-0.37686915243002217,0.92564729266773182,-19.272268816940198,-15.493777392765256,-1.2836481738651195,,0.2950910283675748,0.1764705882352941,0,1
-0.1939216145810386,-0.97076389373940675,-0.14146331683581018,0.98009933767366408,-0.18547955587591761,-0.070729220579033469,0.042422820391015595,-0.15236402778864175,0.98741354423873151,-23.151255005384062,11.410075006868194,0.18934237088811115,,0.5436053142130518,0.3,0,1
0.050862060074241565,-0.99819025202116995,0.032082263244937993,0.99833897585045006,0.04994668861878801,-0.028716155625239177,0.027061783808155718,0.033489536663428077,0.99907262538375552,20.329848779382079,-13.743437088395323,-4.1080205141724617,,0.09464607974373493,0.2105263157894737,0,2
0.98111058078600566,0.16199491400652449,0.10573398746744683,-0.18431177101125129,0.94877600032593246,0.2566189242285607,-0.058746909165023883,-0.27125956027676962,0.96071174221095645,-8.2285614507712328,18.475813221729581,-0.22605909439857549,,0.4826392005558039,0.25,0,3
0.64136464133119775,-0.76600080010549665,0.043522075867807632,0.76714764326448881,0.64111987663826342,-0.021208423163432681,-0.011657198799244576,0.046990190647382142,0.99882732827004594,7.3988364199069281,3.5096260963483674,-2.1276321328958776,0.4000777189116,0.3683289919286182,0.9159663865546218,1,5
-0.69058404277673346,0.70868893724941495,0.14440799867887882,-0.72296856726868153,-0.68200408120074563,-0.11039422071376116,0.020251681500914435,-0.18063893114670262,0.9833409611882159,9.9027844095862747,-24.402425113592447,-3.6855925958104439,1.021991484508886,0.7636398208252198,0.5581395348837209,1,4
-0.14427562480400949,-0.98110195762437902,-0.12893212490695816,0.98881628351424888,-0.13796758385387284,-0.056633058036743608,0.037774350351545471,-0.1356609544089061,0.99003495084990978,-14.491433927026391,-7.4322913116360292,-1.0952861182198346,,0.1136865959089911,0.2682926829268293,0,4
-0.65018407521387833,-0.75426252077118117,-0.091371319888564131,0.75683380719953675,-0.63239051973428428,-0.16518116971997024,0.066807608983780353,-0.17655106997723424,0.98202162047063157,24.255759984035599,-17.890939790005966,-4.6707418541111752,,0.3385425333448504,0.25,0,3
0.43406531639111279,0.87504966958347696,0.21418537967875306,-0.90054748281437558,0.42793539728975111,0.076717188055583058,-0.024526155487071967,-0.22618437503132535,0.97377569090048322,-12.285741693783489,-4.6750389908971712,-1.0286572770993903,0.2463532821966135,0.4508038751753413,0.1029411764705882,1,3
-0.28651083067739069,-0.95787750706573127,-0.019550584699486971,0.95685023785340428,-0.2850520632922382,-0.056417581769531801,0.048468198072917731,-0.034871229837475426,0.99821582391043395,-21.798433503043164,5.7899865291666499,-0.15937471103539158,0.4581771111892902,0.4511923627652192,0.9148936170212766,1,5
-0.99775867693116738,0.020106645148644828,0.063822765761380171,-0.02826722241011138,-0.99115595117646582,-0.12965664111294931,0.060651354030910258,-0.13117013100680092,0.98950280948862157,-17.726088727030827,15.616054349763536,0.21126556234715652,0.5983839182035959,0.479229196237041,0.9745222929936306,1,5
-0.79355326736785414,-0.60716841121252219,-0.040245897622784778,0.60433874216704608,-0.77867736262643916,-0.168630512212604,0.071048550764636939,-0.15813944909096431,0.98485735925333395,6.8710863078717006,13.988038637135729,-1.817300731979071,,0.4308969769460014,0.6024096385542169,0,4
0.7946511818804407,0.60012313685353413,0.091551732638402772,-0.60420210166561938,0.79648862037220969,0.023360178946731387,-0.058900929354874454,-0.073878943080210493,0.99552628407816723,-4.3229334760977833,12.819562035920081,-0.80703836929722872,0.1290355553313864,0.1171353667491873,0.3404255319148936,1,5
0.99643406371192045,0.034397229724676313,0.077045358470298461,-0.049378346292651643,0.97815826364076852,0.20191134239730169,-0.068417363234429915,-0.20499571180526008,0.97636869191381981,-5.7582955245851233,6.308251821524367,-0.93103111862270505,0.751616462754692,0.4140974918325879,0.3617463617463618,1,5
0.90819351463856046,-0.41694180046515494,0.036661628350833766,0.41678131013035885,0.90892381977711056,0.012281260839571654,-0.038443198286321804,0.0041261200494892864,0.99925226826805702,-8.8952651576497992,-12.953814715454932,-1.6221372073060882,,0.849829390807209,0.8018018018018018,0,1
-0.4246075999154989,0.9000967554702558,0.09764331459920203,-0.90529624489696514,-0.42353786113108421,-0.032471359133269456,0.012128275617530269,-0.10218371191352228,0.99469160745937768,-2.719654599198118,-27.759103180780158,-2.7889209297498558,0.323234305329562,0.3161348752348077,0.8913043478260869,1,4
-0.82884172759128838,0.5344303436169856,0.16554636336966155,-0.55871137545839011,-0.80617165067784391,-0.19475335318488249,0.029376683558277324,-0.25391234208835223,0.96678101605189037,-37.059494854528999,-4.702166173941567,-0.28578746050471254,,0.2697607287747136,0.2666666666666667,0,1
-0.32031973840393929,0.94158143651959336,0.10401761192476551,-0.94722212749553003,-0.31686233400315411,-0.048667262845944262,-0.01286492797004532,-0.11411686856802938,0.99338403144833809,10.998604780629465,-5.2029435195687821,-2.8400388474502685,0.7038613371274013,0.6109413662932118,0.8571428571428571,1,5
-0.98995707744166717,0.12357159860426362,0.068666184119554399,-0.13033701032349718,-0.98591411355008374,-0.10481232963104008,0.054747132921152644,-0.11270945266986253,0.99211860718150735,0.0508394027761555,-12.890689555048288,-2.2465699515682971,0.07612717581484602,0.1200983165843259,0.3571428571428572,1,5
0.30940577471427422,-0.9505667346227803,0.026285920224417773,0.95082242885453039,0.30883654949138384,-0.023594374020678075,0.01430997416598956,0.032293478085223558,0.99937598325781662,-7.4501383627165474,7.3147199915421073,-0.76812101527135668,,0.08262668137927977,0.5975609756097561,0,4
0.98496103350981556,0.15386371553073344,0.078598470152758657,-0.16152605018679203,0.98150000939334936,0.10279623860779256,-0.061327787978456665,-0.11394598985455241,0.99159226187871008,-19.20939627847298,-2.2318596466625618,-0.63728404034856656,,0.3961401062181571,0.25,0,1
-0.88733916408351965,0.43392165231086205,0.15601668993852175,-0.45981393736001991,-0.85806714387198213,-0.22867426531390891,0.03464608048592413,-0.27465027992556595,0.96091980562572021,-7.946016948438638,-29.346296415492198,-2.5247274247467555,,0.4602986998854853,0.24,0,3
0.83915788297859528,0.53635259954986858,0.090221596034321158,-0.54366020337395748,0.83198479686741744,0.11061139655961873,-0.015736286165076004,-0.14187031661901753,0.98976016416107093,10.421003845451759,-17.909204466260494,-3.3647951068779589,,0.7241058913806658,0.6097560975609756,0,2
0.56004371448769175,0.82299673282084984,0.095012712986397657,-0.82637783768909889,0.56307999889045679,-0.0063705749986392888,-0.058742720733030371,-0.07494859982501384,0.99545567462602347,-17.638416821443382,-7.0278597573341379,-0.94515408001052748,0.3363260728002084,0.3040932279274909,0.8666666666666667,1,5
0.83966585982952835,-0.54237663332274988,0.028086143598216956,0.54204872148338279,0.8401352304278743,0.018867382757940792,-0.033829386263581958,-0.00061823893736698797,0.99942743128535705,9.7893241661560317,-3.1998236701880289,-2.6191919235349022,0.2665186634327003,0.2365147979535745,0.4444444444444444,1,5
-0.94886977769750269,0.29327791303301332,0.11676562293454353,-0.31391106947487774,-0.91563172703364448,-0.25115409793695248,0.033256359293076958,-0.27496655465053571,0.96087845661674809,-5.2309035545135236,10.596653090524255,-0.82135293526623088,,0.09787415505377536,0.4042553191489361,0,5
0.99888921131270492,0.04178900999172163,0.021772050133003693,-0.043268179027262689,0.99642226418536661,0.072598458106027039,-0.018660337798308495,-0.073459853522993154,0.99712358397223422,-1.043289410022086,5.1559616013505121,-1.3669379618650983,0.772438740929873,0.7225505045453973,0.839622641509434,1,5
-0.97366428618019984,0.21694393840874909,0.070094118190482807,-0.22279321835105906,-0.97064776711155121,-0.090587493938933394,0.048384291603554404,-0.10381830180204199,0.99341870353691297,-20.653041335711361,21.935206261796946,0.74333567638458065,,0.2061158039718088,0.4347826086956522,0,1
-0.71950002738757379,-0.69191751401389734,-0.059748342153634254,0.69380765362973296,-0.71230617184263301,-0.1060700585447989,0.030832618346226724,-0.11777126710586391,0.99256197705241267,-29.978279043784624,3.01251544313505,-0.11364825189765808,,0.1709262504907015,0.2,0,3
0.84820131214659722,-0.52280823178786551,-0.085006392980980117,0.52798710957097827,0.8473386554004777,0.056980831785742606,0.042239154817242379,-0.093213496012953714,0.99474976650480718,25.94498548436983,20.012531804414945,-4.1076753301440183,0.6007120482782757,0.4561730897469414,0.3333333333333333,1,4
-0.13754896885255535,-0.97329119034589462,-0.18380571254090483,0.98961750470421772,-0.12723083230294543,-0.066854391736799135,0.041683036724744715,-0.19109310324177251,0.98068646893022471,-28.077705974450804,14.018329856929515,0.50762422981278721,,0.2234716524974662,0.2307692307692308,0,2
0.99385204953898565,0.094440395540456523,0.057785078673652089,-0.095830435061931341,0.99515957138768907,0.021770511967169066,-0.055449358364177775,-0.02717423716746797,0.99809164383405569,-13.023071715075371,-1.4216204424029397,-0.86588339764131672,0.4066147428520923,0.3590752768556826,0.8626262626262626,1,3
0.85181423962955016,0.50925825336202046,0.12275395124799492,-0.51985187058667315,0.85066071395036624,0.078296758483285142,-0.064548693339742017,-0.13050816497107354,0.98934376485830988,-0.23816667418678136,-7.6500232035192894,-1.9790055452671715,0.5896347763806471,0.345267219852701,0.7410071942446043,1,4
0.85916394878319635,-0.51163514246482511,0.0081725214140252085,0.51045782226273628,0.85808064334152812,0.055950167232757558,-0.035638754215731844,-0.043898639131377301,0.99840011452341237,-22.601483385595159,-8.6380815536830688,-0.85106537470775911,0.5922818112376805,0.4461914269082297,0.7395833333333334,1,4
0.6914174823630036,0.7115001052899137,0.12533740565069601,-0.71976472906681488,0.69335592829194836,0.034587447055039099,-0.062294461023273184,-0.11412780938426953,0.99151109083608724,-14.640678241512473,15.48739002936731,0.046058958607072771,,0.272751143217832,0.5384615384615384,0,2
0.47667044830111727,0.8736574066900662,0.097509073690606143,-0.87738092160106029,0.47970952663766547,-0.0090270960746703099,-0.054662620929536415,-0.081249651006359322,0.99519369576201544,-4.40704852229966,-13.210164011567795,-1.9219009299755057,,0.09404614161457714,0.4081632653061225,0,5
-0.86015788144981375,-0.50737836810780601,-0.051919269602211833,0.5058392253087719,-0.83564259315619727,-0.21407506777345112,0.065231105454293531,-0.21040115988141717,0.9754364432405449,14.157866980281337,33.495096463814043,-1.9633283884819681,,0.2155440582998997,0.1111111111111111,0,1
0.93598387960839191,0.35132767974668033,0.02242852106219222,-0.34931494245129796,0.91892855528906703,0.18316490180871048,0.043740691506532078,-0.17927401294711443,0.98282632249465529,-27.527796609738996,3.1207908856805751,-0.1584394942288008,,0.1993516400636469,0.5714285714285714,0,2
0.091578409648311029,0.97450318896862698,0.20483390729140358,-0.98969584958577761,0.11180773708481771,-0.089449176858475116,-0.11007052375169588,-0.19453165453969035,0.97470093627895849,-1.894219821609797,2.2092825570510626,-1.4018434303090477,,0.3330698628986059,0.625968992248062,0,2
-0.94553256168191602,-0.32205132565120181,0.047445952888912415,0.31919014329180978,-0.9458440081076549,-0.059133448675013169,0.063920475785051153,-0.040768320705542899,0.99712191671944617,-7.3247424958592671,6.3877747177195845,-0.80069137013113878,,0.07721705376035301,0.5357142857142857,0,5
-0.95817729530819429,0.24030571913451765,0.15540087550305204,-0.26716081213670501,-0.94577310653721114,-0.18476561208571426,0.10257373549953701,-0.2185552385604031,0.97041858828212668,-12.796783221255303,-18.162029381778151,-1.6797188824164495,,0.23605813404225,0.5909090909090909,0,4
0.15359317562472735,-0.96489377095729678,-0.213047288575377,0.98789021747225569,0.15473434352774693,0.011410572100365595,0.021955742395375538,-0.2122199182471935,0.97697525642926242,-13.390074007006778,-8.2614781502083439,-1.1834906057415913,,0.2655624531935938,0.4651162790697674,0,2
-0.065408197141687066,-0.99750894445095273,-0.026413509555140068,0.99722179577484471,-0.064398037347009246,-0.037437719180619597,0.035643481567713554,-0.028788861147993925,0.99894982040918001,11.289388338707001,-20.818605236731479,-3.6046036037125231,,0.6604213487127817,0.2692307692307692,0,1
0.6946831589790845,-0.71621058915611913,-0.066766013895431339,0.71928276912172806,0.6925427324585981,0.054925966203225068,0.0068997590841298074,-0.086179787069960448,0.99625570895486337,-28.811750594220271,23.009516169936042,1.1703887024094353,0.6717948237531318,0.3366659435121438,0.8135593220338984,1,3
0.72377274371750711,-0.68856635267552635,0.045048789270685723,0.68975568239590745,0.72380146077323892,-0.018669332743361803,-0.019751305126205695,0.044585012567549286,0.99881032363515532,-1.826031584274219,-9.9215312416322536,-1.9460525078168311,,0.08924189060379792,0.3728813559322034,0,5
0.81972024325413495,0.56212682969508432,0.10987333678529264,-0.56749716753861179,0.82305373054496311,0.023011333548300723,-0.077496371753995832,-0.081215663347484673,0.99367918786296083,24.246065693425635,6.37697499315051,-4.0391051839697409,0.8090326519827952,0.7139594714693474,0.9074074074074074,1,5
-0.40298779243489391,-0.91493353448230863,-0.022303959921086431,0.91355368964876948,-0.40067758038342743,-0.069836471182347357,0.054959032720487078,-0.048519110232904034,0.99730907980657446,-1.2887019956558592,-11.173927664400697,-2.055517555642032,,0.08568429380129476,0.3043478260869565,0,5
-0.8126157512092923,0.56937190029858109,0.12438360035367486,-0.58279976533398437,-0.7937927931704758,-0.17388914582937634,-0.0002727878528253612,-0.2137957919627983,0.97687833680852509,-22.901411312410733,5.2591324207529393,-0.15963133372322816,,0.5820730255414306,0.3529411764705883,0,4
0.0028932876806029022,0.98524722681018306,0.17111262650441594,-0.99940305850597733,0.0087397135199268079,-0.033423705008371649,-0.034426088004510642,-0.17091377788356349,0.98468437836408906,-0.73240620384732902,-8.6656868356475769,-1.9667634625641579,,0.1880617864237998,0.25,0,5
0.99613671697026329,-0.080320193156873013,0.035500812313920577,0.077710127036222543,0.99454161581423695,0.069628374744932428,-0.040899599750116637,-0.066600607991588345,0.99694111248128936,15.86766789146689,7.8218667483487225,-2.9467672024294815,0.5118621403336209,0.403106852685723,0.4285714285714285,1,5
0.16582847073281143,0.97294941156441872,0.16084265861663785,-0.98542298979608989,0.16976802204828689,-0.010970408886993103,-0.037979592885555462,-0.15667884741171534,0.98691908953975727,-14.577594170783653,-14.278586804692907,-1.408727206459446,0.2857501673982855,0.2326968276485062,0.3555555555555556,1,5
0.79937284398457475,-0.60081535941645348,-0.0048949146357360257,0.60061610071125893,0.79883465447188218,0.033518567707949566,-0.01622824286286887,-0.029733797336823402,0.99942610803876708,-10.269881594580708,-17.719844438229448,-1.7838762759359152,0.3195182460062478,0.258959519058293,0.28,1,5
-0.99768665501682918,0.031197093072583018,0.060399335966144399,-0.040112250987717236,-0.98748420223277644,-0.15253182507724766,0.05488484054845167,-0.15460171966869671,0.98645119623499511,-11.479531717094414,21.387777873273372,0.14746096554328597,,0.6834866097414215,0.5185185185185185,0,2
0.86458259726394215,-0.48889670971622501,-0.11609022240044962,0.50138950852995146,0.82406247888492323,0.26368464428201044,-0.03324895854655157,-0.28618357416645346,0.95759775930861735,-10.641436032129162,-15.286433488306386,-1.6527393477790515,,0.597223611849498,0.2173913043478261,0,1
0.92310021396310515,0.37376648095032605,0.090468849331012138,-0.37906699324049847,0.92399681235741837,0.050379612830353797,-0.064762717800257566,-0.080799186080912494,0.9946241912962831,-19.133777149793563,-6.1354190829462114,-0.85277973695127129,,0.1289855216835336,0.1818181818181818,0,1
0.60406994882147014,-0.79368502230024485,-0.071858070577264302,0.79679783316197994,0.60315869780356379,0.036232559008218999,0.014584580871626106,-0.079143354996930496,0.99675654969537553,-18.303622607360278,-6.1292500097069551,-0.8832987938290584,,0.2193706573060948,0.125,0,3
-0.52187630407630115,-0.85084726106207109,-0.060861002183923686,0.85075256410088596,-0.51396189247379509,-0.10983281732033778,0.062170715931438997,-0.10909679843114817,0.99208502188705838,8.0399547607718116,-20.419888384535067,-3.2912541703828007,,0.1770184945109425,0.3076923076923077,0,4
0.079843628790892185,0.97740922317645706,0.19569416289480368,-0.99673193892199641,0.075868278742009881,0.02773889351656026,0.012265271065108387,-0.19726939633486085,0.98027258882179269,-0.66179427122172907,23.726762789822754,-0.6404719774057841,,0.2326577282919122,0.1111111111111111,0,4
-0.39137060115010203,-0.90192825138058053,-0.18263209443297668,0.91877869484668462,-0.37182552082772441,-0.13263292184452,0.051718105642325436,-0.21970710371483107,0.97419403925809833,-22.099936454976188,15.552184215133309,0.38459182395737518,,0.395794324010932,0.2777777777777778,0,1
0.96908257153323218,-0.24671229606838468,-0.003465908135496945,0.24257695603655877,0.95008253483120997,0.19621314280327984,-0.045115296192925952,-0.19098748644183086,0.98055514382009956,4.5980003372036338,-2.7259873221883488,-2.1511407507209648,0.5893285128146361,0.4389393571627361,0.4340425531914894,1,2
0.38081064186848929,0.91916230011720468,0.100617697662785,-0.92300902093544679,0.38436234562836147,-0.017886713919922383,-0.055114447393567592,-0.086059591599742233,0.99476436626076825,-4.0783990591263892,6.6193387743959207,-1.0568708944179139,,0.08670001291232192,0.2677595628415301,0,3
-0.4123458613089418,0.89830682101724546,0.15170941294223728,-0.91102339571152702,-0.40707916817689627,-0.065748941456468007,0.0026950190401224066,-0.16532212843505767,0.98623594069678722,-3.1244406618530984,10.081840918815439,-1.0205140296949722,,0.09761159686788498,0.4947368421052631,0,4
0.5449489352336121,0.7768422898036681,0.31551024509569497,-0.83606947904373452,0.53189971452126006,0.13442663390764648,-0.063391515199517481,-0.33704413726512927,0.93935231161471766,17.168310395724248,3.9320752164747321,-3.3371523170470176,,0.1727732821008097,0.125,0,2
-0.7925378479183971,-0.60945504211796275,-0.021173361893360249,0.6058808694713369,-0.78299879839606989,-0.14078797434073428,0.06922522391102863,-0.12440833311037648,0.98981333342563371,2.1573941581673672,-30.705915552938595,-3.3749222037221691,,0.4086511232144164,0.3,0,4
-0.0060465775814890288,0.99515752747076669,0.098106750113440375,-0.99923921116310621,-0.0022329046167210531,-0.03893601175140949,-0.038528402168845587,-0.098267541208898787,0.99441392416391305,0.244653920523454,-10.275996974340869,-2.1052060756967594,,0.0883793505051831,0.5652173913043478,0,4
0.94089937844607718,-0.3382986780252068,-0.016197656811467016,0.33812922774088999,0.9355354239148177,0.10218657420557194,-0.019416101234127129,-0.10162418534442991,0.99463336962216709,3.8774492209716054,-22.001498669850484,-3.0193892654878209,,0.2355736835616831,0.35,0,4
-0.89120342703331334,0.44078458816866684,0.10707660097826183,-0.45236518701272216,-0.88108543852185539,-0.13803690667244159,0.033499092868672642,-0.17145669090977556,0.98462196497907106,-16.995893426321107,-18.361478169815495,-1.502659314065417,,0.1668675956864452,0.3157894736842105,0,2
-0.7491952337669836,0.64060289732895304,0.16832833877450526,-0.66206815803655272,-0.73169301069970327,-0.16214528117490562,0.019293932075135113,-0.23292330503183634,0.97230369646429149,-24.974458245697853,-0.0011178858942641466,-0.37324806152872902,,0.6199902044532027,0.4137931034482759,0,2
0.15595799223228995,0.97790866133861742,0.13918245125656006,-0.9871036245387228,0.15944919771607688,-0.014226305571527193,-0.036104557626261781,-0.13516879605371623,0.99016456081400894,35.40320251771923,-5.0277949030143878,-5.4423834353663825,0.6852391260389057,0.5609670151115504,0.64,1,4
-0.68950286822989937,-0.72417797288661689,0.012331191693132246,0.7215894401205476,-0.68830607436617586,-0.074454199996638451,0.062405725773017,-0.042438326739578314,0.9971481904984274,-18.517332944242117,-9.1336979844759778,-1.0171941223940855,,0.08025854728375455,0.5,0,1
-0.95897854151356221,0.27809255662614607,0.054997153250452104,-0.28284654619150801,-0.95160902863956887,-0.12015859486191764,0.018920576736848261,-0.13078526889825631,0.99123015753918364,-13.730924100059214,-11.905193178710199,-1.353318942326426,,0.2680156002020015,0.1666666666666667,0,4
-0.42258675588306327,-0.90510931922227533,-0.046878075997387574,0.90526215422559941,-0.41902614652448472,-0.070125035869278846,0.043827683934413331,-0.072070859477528462,0.99643611201878601,-15.2525705743701,-10.184562050512644,-1.1969189469925046,,0.1480374243370047,0.2222222222222222,0,4
-0.42019020264399748,0.86500646698997297,0.27423348750202198,-0.90742181981517911,-0.39884407425036977,-0.13232174937883501,-0.0050827674849244168,-0.30444575296904874,0.95251611481056009,-4.4012383105794468,-22.599868248901327,-2.3447121726982458,,0.3708048531243859,0.3142857142857143,0,1
-0.44722664744526319,0.85953663311962214,0.24735622519001416,-0.89441569030953993,-0.42885923834709194,-0.12688706243136197,-0.0029830760932909313,-0.27798656444104447,0.96058033044992419,-3.1927917169223146,4.594359088958436,-1.1953121770014095,,0.08803678719872365,0.2058823529411765,0,3
0.79369742482972383,-0.60615612558055687,-0.051177624405907417,0.60776525220968125,0.78660316446888612,0.10898100684998466,-0.025803023566367992,-0.11760192629673208,0.99272553654377738,31.057535752713434,-7.6104310368598611,-5.1002749155219167,,0.3506615236474513,0.1,0,1
0.20821778731982848,-0.97797800090903519,-0.014296250613532978,0.97784795150063408,0.2084656960286802,-0.018853045517761065,0.02141814160125757,-0.010054019954634718,0.99972005076076353,24.312129528987271,-3.844935753015879,-4.2903676452758415,0.3194418688524752,0.1214133616248204,0.4,1,3
0.94835616946780976,0.29967110813269016,0.10400866686419816,-0.31044552670084063,0.94416988057803974,0.11030327085217149,-0.065147147165320579,-0.13689581279124399,0.98844088627314697,3.149159554441419,24.717967184732476,-0.9753483787381596,,0.1885275747897018,0.4117647058823529,0,3
0.67339286480175375,-0.72026203816989531,-0.16662726669256381,0.73913787559721766,0.65144147432957134,0.17117010948453093,-0.014739419653381946,-0.2384252543139308,0.97104899341568685,12.640240140104472,6.8793047311501914,-2.6597296873637033,,0.550816125666055,0.2758620689655172,0,1
0.7329998476418168,-0.68022835782525681,0.00077753934233237777,0.67993375784509702,0.73271509845202076,0.028612400163079473,-0.020032680792138029,-0.020444209713299518,0.99959027905911546,17.549960733434464,-20.816543746180454,-4.1615935743081769,,0.1616214653541782,0.5454545454545454,0,1
0.84532551429032465,-0.52972501546609796,-0.069398723902105386,0.5333439793416026,0.82917073441561262,0.16739203352829687,-0.031128356684263558,-0.17851414839758889,0.98344482520984433,-26.735603405874517,9.7856124715035389,0.20012970566563282,,0.6574455313899583,0.2857142857142857,0,1
0.92756405587037771,-0.37275126806431014,-0.026103915678387837,0.37140805849945546,0.91204587966925454,0.17386307100704748,-0.040999711449724807,-0.17096433995071988,0.98442380006085528,14.216928863530395,10.384947264849536,-2.7855064620261856,,0.7187312412145115,0.525,0,1
-0.1056128786769169,-0.97938410968674061,-0.17219955154031796,0.98789656877507359,-0.083552727095966547,-0.13068783875045539,0.11360585046560297,-0.18391766496978679,0.97635444550227246,-26.179641125031921,-29.914619447860151,-1.6357164136751674,,0.3824354829153746,0.4285714285714285,0,2
-0.99201931507272934,-0.1144018251289446,0.053008498656337437,0.11083639834957705,-0.99164961408687968,-0.065926744817535701,0.060107997167818158,-0.059525333165879539,0.99641545722051317,-1.0371348829904907,2.6476885888350954,-1.467391047083904,,0.1140147226322696,0.3620178041543027,0,1
-0.57570732623407384,0.75311164630604688,0.3184084212432341,-0.81762873463019226,-0.53341536533096212,-0.21668248737695975,0.0066578395477632163,-0.38508557000624066,0.92285685615133428,2.5597795117672026,4.4854841968503143,-1.689959326398943,,0.2953589373648962,0.4756756756756757,0,1
0.44996949854927615,-0.89290256349836983,0.015889067730776169,0.89303419512865023,0.44981032186434139,-0.01267283217051637,0.0041685376617339289,0.019891868749264654,0.99979344709366103,25.583988817235532,4.535137382909264,-4.2121980595900617,,0.1299641684102058,0.3333333333333333,0,3
-0.74310063980803753,-0.66663939249931747,-0.058252549171917863,0.66614216481656274,-0.72863470992518697,-0.15920450918784512,0.063687168019853968,-0.15710945184927688,0.98552552720324338,13.24969582926726,-18.282034336803431,-3.6538956971293479,,0.4455370600505268,0.1333333333333333,0,1
0.78240389333786475,-0.6224602526521289,-0.019682011025264737,0.62242368494111733,0.78052064036497881,0.05810582060830094,-0.020806347927292058,-0.057712770098923151,0.99811639203723979,9.106551731939259,-21.980555165902668,-3.5235096821938972,,0.2425413064291048,0.15,0,3
-0.42450129610473986,0.84592957680371772,0.32280303699636786,-0.90541475060564292,-0.39472150372261527,-0.1562660036114025,-0.0047727341343686619,-0.35860575230695885,0.93347690674233741,-10.633842853430071,-26.187904535874189,-2.192434845413338,,0.4445406592748694,0.3809523809523809,0,1
0.14225842470223701,-0.98942097595562128,-0.028437175321470474,0.98954917947762033,0.14284317562095819,-0.019704024301880292,0.023557631383628468,-0.025336920048542263,0.9994013600581334,-3.771310121367478,-15.905481910564204,-2.0410692642285202,,0.4300927469637339,0.1875,0,1
0.47516188673354431,-0.87932404693560318,-0.031786819227662966,0.879897744920769,0.47489521358180931,0.015952886899674737,0.0010676512372794127,-0.03554935439472108,0.99936735163950341,17.34800747990349,6.7543267432020651,-3.1744806888136381,,0.4498635880467033,0.3666666666666666,0,1
-0.085575527633840659,0.96988337084205312,0.22804182957134397,-0.99596591762986719,-0.077071923365811409,-0.045954429039984764,-0.026994814129500284,-0.23105446455922599,0.97256625194243862,11.233070629984146,-23.272265086062486,-3.7652529858484742,,0.1915578585388557,0.2666666666666667,0,1
-0.79526339272384716,-0.60540624981739166,0.032239864692620135,0.59685766219918812,-0.79114795865071563,-0.13358831759149564,0.10638170551122371,-0.086995288406028173,0.99051236868989967,31.938239899323751,4.0083619137777999,-5.1623152271049273,,0.5688398350861605,0.25,0,2
-0.59564196591935559,-0.8026613208484068,0.030748210510790901,0.80122547018244195,-0.5964213316221153,-0.048159538172906691,0.05699468717915758,-0.004049592571301267,0.99836626867766121,20.888155069178584,-5.6742703362670808,-3.9260615049630698,,0.1001790019576309,0.1764705882352941,0,2
-0.9941233240493158,0.082700205537401345,0.069853364881090146,-0.096733528427287344,-0.96830345106277294,-0.23028471755184249,0.048594660809046855,-0.23568857134786211,0.97061292814224243,-0.34620401866782813,17.355934718433023,-0.97763435968737533,,0.6426404720928633,0.4148936170212766,0,2
-0.41501576653319039,0.86626951811162178,0.27809896713135696,-0.90979787273139545,-0.39331326269234712,-0.13256133736398937,-0.0054538337247294049,-0.30802889374368747,0.95136136999393872,-19.202321909829774,14.905982661027748,0.22787671834189435,,0.6014767624895428,0.4864864864864865,1,1
-0.8710867716728653,-0.49112789912191313,-0.0011058574235013798,0.48674419451429957,-0.86300704262092509,-0.13527355060510041,0.065482251970828395,-0.11837327017017267,0.9908076723492043,4.0004845406567355,-34.312899013544431,-3.6921134101349549,,0.4798311271334845,0.7333333333333333,0,2
-0.76718058202213957,-0.62215260771681025,-0.15607718372440738,0.63821363146254506,-0.71604843497204429,-0.28276845543567153,0.06416630878865158,-0.316545054431841,0.94640473019273352,-8.6057186768805334,-20.371236462113988,-1.9837614496719937,,0.7179114976691119,0.2575757575757576,0,1
0.34847718117005289,0.87173776692119276,0.34443710590908588,-0.93599213932572722,0.34317079425143054,0.078438007963559875,-0.049823381300584731,-0.34972427953474267,0.93552688843222576,-14.006012751718536,-17.611948156335348,-1.6053616722588433,,0.1475763563873029,0.2857142857142857,0,1
0.87140148343784063,-0.49040524478850128,-0.012733834703672127,0.48938938775154023,0.86721032373691675,0.091892772078573548,-0.034021784469702901,-0.086307301475843853,0.99568748505414817,-18.138955383553508,-1.0602290910788561,-0.60544748913588586,,0.3385237196630662,0.3333333333333333,0,1
-0.077945664779788232,0.96511636539442258,0.24994974412848606,-0.99657965032382489,-0.068524668462280239,-0.046188422495008041,-0.02744947909304786,-0.25269501589859922,0.96715653078368158,24.946513430792919,22.807654295078333,-3.8838421841709243,,0.258672355489403,0.25,0,1
-0.9640891801720165,0.22782326319692633,0.13648667854979318,-0.25195428349260096,-0.94709594508780359,-0.19881727748858305,0.083970778875633714,-0.22606598935829822,0.97048600028566867,-13.699447638060732,-10.171716067225711,-1.2536457985620639,,0.196940880187395,0.4,0,2
0.2770135552235457,-0.92852986649148661,-0.24717560004117048,0.96074965775408339,0.27166191586018656,0.056212975340077055,0.014952770573464622,-0.25304562929336311,0.96733878457741096,22.498129510881302,4.74482145503098,-3.8209389539149052,,0.1742607170281755,0.2,0,1
-0.61853729893459375,0.78050617193421901,0.090673730480718431,-0.7857210907229657,-0.61545725915549565,-0.06208646991027772,0.0073469326804871506,-0.10964705981191733,0.99394343141588892,0.017726650374682591,-19.117871465981462,-2.5099883234484843,,0.09113686965443757,0.3076923076923077,0,2
0.76626946004518259,0.63892733848212113,0.067845196898659865,-0.63930897630927863,0.76872072883428988,-0.018774287492780733,-0.064149414747504241,-0.028987880236957548,0.99751920051040677,15.275358238660276,-19.089234609524915,-3.8922987144081111,,0.9582946418323163,0.6119402985074627,0,1
