axis_00,axis_01,axis_02,axis_10,axis_11,axis_12,axis_20,axis_21,axis_22,location_x,location_y,location_z,dbh,dbh_approximation,score,reconstructed,number_clusters
-0.42063950042221526,-0.88998341570048212,-0.176045251178924,0.90118285413526011,-0.43225797951106049,0.031976593965601062,-0.10455560289709195,-0.14519834340348717,0.98386257524905774,2.976265344216503,-12.100089919501366,-0.36390168733385647,,0.2700533751022759,0.6666666666666666,0,3
-0.5734549389692658,0.81918111465804333,-0.009577805560823183,-0.81887547978012254,-0.57350996627039619,-0.023005808036299452,-0.024338890414916877,-0.0053497641195349357,0.99968945099827689,-22.197207867566053,-6.6900906490111369,-2.0742053352261736,,0.09150109781467065,0.3333333333333333,0,2
0.34693680364390572,0.93513296417474556,0.07184144758495907,-0.93424936256873314,0.33783401874449231,0.11422041988567852,0.082540794866930126,-0.10674509399826534,0.99085443032265652,0.22683787229472233,4.6080677734429036,-1.2835152578813602,1.033295243278542,0.7305192532251762,0.7916666666666666,1,4
-0.98906277040587731,0.13851595970872854,-0.050677066835196093,-0.12946457836455855,-0.97991759068492867,-0.15165895428602358,-0.070666534837475245,-0.1434393403924217,0.98713291733274178,-5.8752560714634781,-13.004366208357245,-0.83414844516851028,,0.1125337775056068,0.3571428571428572,0,5
0.65712099664880286,0.75331215132461937,0.026698285150115412,-0.74782357712940528,0.64706915308151625,0.14853083390242336,0.094614445264260216,-0.11756833671121852,0.98854731447224808,-10.214000653325305,13.513013150680809,-2.2758290220877968,,0.3359334815916284,0.2857142857142857,0,4
0.988208655834799,0.14644455964944753,-0.044695005115326106,-0.13275324216109088,0.96493307395375472,0.2264525104428661,0.07629042684962789,-0.21784892411769452,0.97299620607269832,-24.7107368922915,-4.8881745756536503,-2.255938637714431,,0.3455640013524383,0.1176470588235294,0,1
-0.44696888321088252,-0.83195465596060658,-0.32874042627380545,0.89323584164267555,-0.43499116460250692,-0.11363282062262639,-0.048461826689836743,-0.34443306627445275,0.93755923237449978,7.7536663117710392,-2.6961914539089906,-0.4333090443378097,0.393520233579506,0.2865303399344756,0.1111111111111111,1,3
0.95686628987873412,0.28533454654384088,-0.05469094844970053,-0.27143910311422026,0.94512180160957471,0.18183947157539934,0.10357469089625551,-0.15915079852420919,0.9818061451910215,-1.8059249497453873,4.940448925468016,-1.4453218667781991,,0.09860304499737477,0.2307692307692308,0,4
0.61644656844813139,0.78580313636511667,0.050070541511663749,-0.78453086913370562,0.60753931572279962,0.12412612628849308,0.067118876814484141,-0.11579901005544171,0.99100234391516184,-1.2715434198196967,2.4201235786967294,-1.3225158858380439,0.6865626278596024,0.9312215752970545,0.9653061224489796,1,4
-0.57643978457248457,-0.80762603642722675,-0.12432763187189561,0.81364407590156851,-0.58134962307287741,0.0039916792587455655,-0.075501606024699491,-0.09885747841144521,0.99223319156830303,16.826368948218576,-2.3408856684365911,0.057379972535358079,,0.1182396568427846,0.2222222222222222,0,6
-0.22987305390141566,-0.96811106744757758,-0.099595884330361331,0.97241615358536948,-0.2326372731666016,0.01693290819208541,-0.0395626507740632,-0.092956227435916444,0.99488388088490542,-8.9785660256600011,-9.1918808569847261,-1.2008462149428025,0.2068378966254048,0.1728079121552082,0.5671641791044776,1,4
-0.93976873786802106,0.33527401544253282,-0.066528594566447621,-0.33648138328686905,-0.9416600629608527,0.007523597937027374,-0.060124853657215774,0.029456075665356237,0.99775615336568868,-2.7359402259383163,10.613835574803291,-1.7554980634609607,0.1927813061692716,0.1746140176125769,0.7916666666666666,1,5
0.19215057611394373,0.98116050142941869,0.020055586100955699,-0.98048165646011209,0.19107030786079243,0.046344997564121033,0.041639854038119921,-0.028569352263488605,0.99872414342846982,4.0587483518116025,5.7519863856036437,-1.0514845945974416,,0.0705805110192865,0.3,0,5
-0.92861366510023302,-0.34324107221078703,-0.14093341454992375,0.3627610413415851,-0.91966227267098077,-0.15041851983853169,-0.077981330290527173,-0.19080584522816674,0.97852544246579731,-11.069104596396848,11.166009969243335,-2.2387374352225091,,0.08090164224998103,0.12,0,3
0.50357013333176648,0.86059150045682486,0.076153727142517308,-0.86212231555216268,0.49480907726704154,0.10912877751132088,0.056233742923651651,-0.12060782062374319,0.99110621013148081,-13.456111584929785,-11.652712013148092,-1.3117269672202003,,0.3690549497976455,0.4666666666666667,0,1
-0.80211261072802287,0.59542519156183282,-0.045653049894084134,-0.59537849788647224,-0.80328405434836014,-0.016098828656490666,-0.046258015148999909,0.014267770786555134,0.99882762614540221,-14.653737184142283,-1.6122452721638323,-1.9155228085253346,,0.06866592883678785,0.1780821917808219,0,4
0.99615978527958315,0.047715534768098825,-0.073409195156512383,-0.043899195481684888,0.99764230649342056,0.05275119838019298,0.075753170414137719,-0.049326017843324896,0.99590581941061318,12.832130201508656,2.4336153809331957,-0.38625149394477026,0.5514314866630446,0.4996590544298695,0.9130434782608695,1,5
-0.8553589602253685,0.51543911683220323,0.051803146636221972,-0.51766932042604885,-0.84670888136703359,-0.12289241190496127,-0.019481371918024605,-0.13193402538171942,0.99106704571122084,-12.121335918245059,20.685542744322426,-2.5715869897944588,,0.18299632346719,0.2105263157894737,0,3
0.31943566368983678,-0.9387170922157454,-0.12950319511521133,0.94751336921032014,0.3144760027376316,0.057647713483438563,-0.013389246832476638,-0.14112074434389915,0.9899018454296783,2.9454103480214502,13.942329383096116,-1.4541888647990582,0.6657202840652888,0.6468888758032038,0.98,1,5
0.83942489546179211,0.54336745699405786,0.010846730326262955,-0.53729399795054056,0.8267099987711467,0.16693033786024558,0.081737412763584733,-0.1459533645094275,0.98590902762024379,-9.268279295414187,-13.199995335972995,-1.028174012503817,,0.3600813673053617,0.1176470588235294,0,2
0.98122270847367432,0.18729004913080216,-0.046091581358941126,-0.17824730129074332,0.97181543366856937,0.15428111506641756,0.073687827747553822,-0.14316843360235493,0.98695131777696865,-24.164093537958411,-2.3808336501695626,-2.3985900147658148,,0.2162955107284578,0.4210526315789473,0,2
-0.66155263191886526,-0.74445565106303713,-0.090188130047864884,0.74704528725203312,-0.66473349593050557,0.0072607287881289043,-0.065356361555310966,-0.062571263278895214,0.99589827945224108,-1.9958546328913203,-2.2069185620136209,-1.1682406954583724,0.2591685602841408,0.2234303487770313,0.9070034443168772,1,5
-0.8535087478947021,-0.46212241186111874,-0.24076065650948658,0.51138225538143345,-0.83157476814815567,-0.21672931010903648,-0.10005501560748975,-0.30810108963618243,0.94607754038280689,-2.8276787890819213,1.9777238721045891,-1.4318027457956479,0.6328560657445741,0.381776808575145,0.2097902097902098,1,2
0.083603197023093656,-0.98801855778596537,-0.12972985361149236,0.99646469767818191,0.081806695410868602,0.019125137047442318,-0.0082832197029809682,-0.13087014195948149,0.99136491475886834,-6.1222636283171763,6.6071714490773079,-1.8057039765967591,,0.07464203118098134,0.1411764705882353,0,3
-0.57457566706350993,0.81814516922108982,-0.022389392549065877,-0.81807571111050603,-0.57492578583564535,-0.014576408072815754,-0.024797856955023942,0.0099409688390812764,0.99964305801069753,-6.2837469272485817,-19.348743077242354,-0.61319232802862955,,0.08222820048051074,0.1666666666666667,0,1
0.38979867709607124,0.90651082369695124,0.16215769440401959,-0.91959342310691217,0.37378654467221556,0.12096096560675071,0.049040060284062596,-0.19626957365389194,0.97932289207648737,-0.93974880859046284,-8.4799276043738807,-0.71607472281555817,,0.2000091325393202,0.1764705882352941,0,1
0.75458175137593042,-0.64089369132870755,-0.14093139077401223,0.65338095592393486,0.75370824616928789,0.07083223907474584,0.060825216204787924,-0.14553060183851402,0.98748222110687223,15.007137381089811,3.5307143224855055,-0.30380435657525834,,0.1362340807838063,0.2592592592592592,0,5
0.54958202379406151,0.83459787462687296,-0.037496490378820323,-0.83409380561573698,0.5506903481260973,0.032057197541484797,0.047403824274836463,0.013657530855288876,0.99878243341333184,-7.1880590580602366,-3.091450818975642,-1.4814277719424087,0.3360443278394448,0.274091897465548,0.9347319347319347,1,5
-0.43164334724571168,-0.87254638724457478,-0.22879428070858207,0.89984605746327839,-0.43420744002137052,-0.041724955337076625,-0.062937219880696824,-0.22388993085113787,0.97258017932567442,17.428456611123369,4.6349181531925732,-0.19470954516970473,,0.190389574727686,0.3157894736842105,0,4
-0.89215300560531818,-0.44083345612492297,-0.098635077687160469,0.44654319057930042,-0.89362689740940215,-0.045057154522939249,-0.068280257297810565,-0.084242698125125345,0.99410310042567707,18.22575747724612,-2.9711268283962693,0.14478310730394259,0.3947459084657719,0.3474985233337377,0.7142857142857143,1,7
0.98002826608274862,0.18650241088758643,-0.069003249285511256,-0.18373781683518273,0.98196725865542767,0.044505253548146002,0.076059268623103138,-0.03093790008810892,0.99662321566109269,-2.1744760026994308,15.335776020610529,-1.8926771225219892,0.2118750439159826,0.2261734008238911,0.7,1,5
-0.70793796923248642,-0.69633624988200382,-0.11806633228507746,0.70121301533292546,-0.71295175079481077,0.00032888648555857341,-0.084404613894558611,-0.082556817640223948,0.99300565608380575,0.67182627794102101,-13.606149159071313,-0.45503157179956832,,0.1259869390226272,0.2857142857142857,0,5
0.26142743834452459,-0.95166785232174422,-0.16119551277234484,0.96521484371547317,0.25706174226455575,0.047744802180199095,-0.0039999939918691748,-0.16807010299642988,0.98576693012437544,3.7804750777406624,21.092104493883443,-1.6749326941233884,0.198252157773064,0.1785299534863143,0.5294117647058824,1,5
0.57744346538429692,-0.78616291383170256,-0.22024285959054504,0.81579378214976994,0.56625532466986583,0.1176240293851462,0.032242042285611436,-0.24759398255747478,0.96832725383032625,-24.133692115334718,11.709307556579438,-2.9169778317293455,,0.2585097560665092,0.2941176470588235,0,2
-0.94748775109919681,0.31635306445531147,-0.046772856730362675,-0.3120018578385978,-0.94655219228542997,-0.081815572997498781,-0.070155557315503117,-0.062926035068000541,0.99554935180952797,-14.447689393073965,8.2786118906858164,-2.3681468199241982,,0.2389798751564666,0.1428571428571428,0,3
-0.61601406531529401,-0.77178540180035116,-0.15771482143918489,0.78515915269558612,-0.6177459643957417,-0.043761037591943254,-0.063653564488353284,-0.15078865023815449,0.98651457499992479,5.4759077181542146,-5.1524468277414393,-0.48752325774474486,,0.06777537555311355,0.1363636363636364,0,2
0.77451327233454004,-0.62372699537361076,-0.10532723398936879,0.63100884194204521,0.77347595224725785,0.059689133736030381,0.044238358565868899,-0.11269244223729726,0.99264463988579132,20.014244678599052,-2.0479973282644823,0.1906428551131254,0.595123594930124,0.510874395198782,0.9655172413793104,1,5
-0.34994592806949831,0.93532522736722334,-0.052005446618873512,-0.93674399862606983,-0.34980942444977242,0.012001983342748167,-0.0069662375510879523,0.052915835215650887,0.99857467718634418,-2.0509782836092887,-9.1713523793921983,-0.75582310669170516,0.2145311076653745,0.2000111874709307,0.7058823529411765,1,5
0.0057797780305731024,0.98912188785138877,0.14698464252847074,-0.99959145689777085,0.0016003300490586903,0.028536962710260405,0.027991310489329006,-0.14708953027676414,0.98872703847930243,-19.437626995256533,18.068615429171714,-2.8597932415930298,,0.4114247556243954,0.125,0,2
-0.47035227047944611,0.87272124033674592,0.13086778946678015,-0.88233990449598043,-0.4624479349346301,-0.087282302952662635,-0.015653580703922945,-0.15652330222617858,0.98755021202537263,-25.057906588467741,-7.2075905344901976,-2.2027424507115008,,0.7262145109151178,0.3333333333333333,0,1
0.65852620578404486,-0.74539493029681736,-0.10358394751829104,0.7518609076892897,0.65757646721115137,0.047941268847816083,0.032379187517704293,-0.10945130267796724,0.99346464484539632,7.3212666370959028,-8.568728557528063,-0.27270682312725975,0.3650102742730007,0.3882438834188074,0.8941176470588236,1,5
0.89814827351350557,-0.4356133592350897,-0.05975516748055993,0.43897400784820428,0.89612822406209836,0.065238228616314536,0.025129648194787888,-0.084824567757404351,0.99607895946374447,-6.8240837583231295,7.4419682273136001,-1.8716768227195073,0.736354376997833,0.5789916934595313,0.2421875,1,3
-0.77229461994650239,0.63520306305716601,0.0088367802100417486,-0.63382179413381001,-0.76952916258089399,-0.07806920787702043,-0.042789639898985182,-0.065893373114002882,0.99690877721934712,-12.95571259132541,21.183218167032674,-2.6233583460238998,,0.5056732196526571,0.4736842105263158,0,3
0.42070158125755275,-0.89991169793994552,-0.11475676641592258,0.90711073612439452,0.41904685281217635,0.039368103282601548,0.012660645135773292,-0.12065931816090385,0.99261323636434151,0.11024710070347767,-7.2414167416527668,-0.7200116899457486,,0.06668751940503799,0.2105263157894737,0,5
-0.93827997329158253,0.3450479617134149,-0.023928974849869514,-0.33963250766018743,-0.93221998918930571,-0.1249626003904549,-0.065425159230990931,-0.10912284762280408,0.99187285105818435,-2.8878019237542487,-24.048194484678696,-0.20797293580899348,,0.4045146664946792,0.2608695652173913,0,5
-0.14349265725718213,0.98430216789606406,0.10275747947658873,-0.98959064549837716,-0.14385862874868854,-0.0038793397186627394,0.010964107596088532,-0.10224449720965799,0.99469887460224204,-29.448180066665088,-5.1987477361445951,-2.5212800145802654,,0.5332607625322046,0.21875,0,1
-0.99378859037702916,-0.017532613788199255,-0.10989470000955621,0.037094049273501357,-0.98322570648764906,-0.17858119052788748,-0.10492029901278196,-0.18154838901961232,0.97776884451257262,4.3716211254830002,-5.6155526276833569,-0.54151653330798533,,0.51092663332766,0.4782608695652174,0,4
0.65740681440530979,-0.74504904388213133,-0.11277500868447633,0.75249790396199501,0.65695987678109014,0.046374829730993404,0.039537133258066688,-0.11535008673640529,0.99253774365695402,-5.4259965310843308,10.582651119503794,-1.9029359077174555,0.3021657547430232,0.1064061291963593,0.36,1,5
-0.65007293608999206,0.75986707673648091,0.0026839253512045383,-0.75921743217379711,-0.6493625023102042,-0.043786199616490155,-0.031528851021910435,-0.030501906258201938,0.99903731925682016,3.2198273484702624,17.713586057856372,-1.6195549777571967,,0.109197781299033,0.2692307692307692,0,4
0.78004387753897086,0.62400367876013607,-0.046378421790574997,-0.62168481594329428,0.78128475320957391,0.05569671469492668,0.070989708687386854,-0.014613120682198309,0.9973700005336078,-9.583434040394847,-6.2871686474318595,-1.3878051166011744,0.1707917270832016,0.1622762079977972,0.7173913043478261,1,3
0.9545316325575296,-0.28065808031004491,-0.10050076817486134,0.29371767449145991,0.943069020466487,0.15604726952981071,0.05098323389493515,-0.1784709068533607,0.98262345039621035,-16.863284064817478,18.893730269135634,-2.7743708748278646,,0.2669428312865742,0.1111111111111111,0,3
-0.65388407661875925,-0.75010249049321553,-0.098903327043673994,0.75333581199654887,-0.65760075917465999,0.0068114533259090266,-0.070148191052462366,-0.070053517319162595,0.99507373395305798,1.4595074115164655,-7.8733741319981432,-0.61785332997755316,,0.0861289676185097,0.3125,0,5
-0.99138049029597008,-0.10783527838236304,-0.074406156981261629,0.10674798876229288,-0.99411491713088296,0.018449889784573036,-0.07595781958249774,0.010348153171255509,0.99705733304069177,-12.518134160551206,-6.9648527071236019,-1.5286349520202127,,0.3539404168779304,0.6752767527675276,0,1
0.63579131578987447,0.77070527711537806,0.042222962860114441,-0.76921063772692966,0.6281301307392414,0.11733513397628331,0.063909291765039733,-0.10707901140751157,0.99219438001939919,-17.216322847937548,13.147343265143155,-2.6253833178838955,,0.1042878076005483,0.2222222222222222,0,2
-0.25270717091380057,0.96754236148897188,-0.00092978120309710453,-0.96751141175336086,-0.25270659550170227,-0.0078131118612796667,-0.0077944785432361744,-0.001074855470066847,0.99996904491586991,2.4363385563038715,3.5098514858583241,-1.0777710091353614,,0.07415369827013699,0.3125,0,5
0.82040337945780439,-0.55480875035958854,-0.13829513909984945,0.57023543043136282,0.81168329476674739,0.12649815365196951,0.042069571604346975,-0.18264030092241612,0.98227932464447087,-10.996930156871937,0.11458136362081023,-1.825634279375721,,0.1431007752824504,0.2093023255813954,0,5
-0.88806976581852526,0.45564642590977822,-0.060978894665897121,-0.45601834985310852,-0.88992994223916455,-0.0084830715808234276,-0.058132225454368934,0.02027393552920527,0.99810300665907259,-6.816505498833096,-5.2199788498437565,-1.294981389146231,0.1829753941462451,0.1707694328542373,0.7769516728624535,1,5
0.76033209955849568,-0.61911541169238016,-0.19644644406541245,0.6470641975794329,0.74832017678412244,0.1460302613456049,0.056595252379111567,-0.23814495590449852,0.96957926823204643,-8.1826800513299602,-25.561263950670526,-0.44459652466852351,,0.2515947157346962,0.6296296296296297,0,2
0.67135365765231769,0.74112528194890925,-0.0041931864977673263,-0.73958007190756658,0.67029902611662373,0.060996170570825417,0.048016492937885541,-0.037848805043967704,0.99812919222047147,25.104072846533871,0.765762047171479,0.32305472795089868,0.4052584317904994,0.3719806862310194,0.5098039215686274,1,5
-0.1270522832045213,0.99096404426688789,-0.04298814141983099,-0.99178835255183462,-0.12628057337720072,0.020225739295345147,0.014614413263486494,0.045204864315012451,0.99887083207350968,1.6946475848895064,10.788781011980435,-1.4375643974446055,,0.07380917418834071,0.4285714285714285,0,5
-0.99686808379279357,0.030217719024272956,-0.073081550149503086,-0.027923722894702491,-0.99909096650420148,-0.03221034537848088,-0.073988439738814027,-0.030068756320660271,0.99680568852627716,14.1972014497772,2.1168220177978347,-0.2795490604626778,,0.07538803647633022,0.375,0,5
-0.98049337674086012,-0.17575747608097739,-0.087988907078964243,0.18113252477690761,-0.98178735145294771,-0.05731147350181845,-0.076313476105134379,-0.072131173071365809,0.99447139085853054,9.7442802355039255,-2.8464984349423279,-0.33147605675625824,,0.1147015432858341,0.1739130434782609,0,5
0.16175517042810073,-0.97145486616038301,-0.1735243725045223,0.98683010510423486,0.15900870399558173,0.02970817587147815,-0.0012682664315052986,-0.17604452580798302,0.98438138769142802,25.593852128703521,2.9511429819514596,0.32471983033347573,,0.2371096773315939,0.2222222222222222,0,4
0.43952208619735422,-0.88606181211721979,-0.14735942742924102,0.89820932843567824,0.43471624849462842,0.065128992053340662,0.0063512247522050395,-0.1609852428090999,0.98693637765655517,10.481246744439774,5.7057430357777017,-0.63979421011458049,0.4343190261224366,0.2153587625831502,0.7674418604651163,1,5
0.6503286423489435,-0.74111951525792763,-0.16677686003889858,0.75813929191383223,0.64705072227903171,0.080933162885041196,0.047931941301945662,-0.17907324451753764,0.98266744227179403,13.840393835928095,4.2348041642021466,-0.40162721851890842,0.4902608757170596,0.2513135914141485,0.5818181818181818,1,7
-0.81763447769639497,0.57039228746028448,0.078271957225857058,-0.57371754385471041,-0.7958223091379395,-0.19368797627027698,-0.048187558098129024,-0.20327196236613948,0.97793582026652315,-17.509649869687102,6.3093708557204691,-2.4555383713827408,,0.799547544109894,0.4385964912280702,0,1
0.09946742122778239,0.99460746271413758,0.029363705958878383,-0.99461470161146703,0.098517983316535301,0.032183882636727876,0.029117476755837087,-0.032406821451469593,0.99905053449301839,-32.319073284858042,-7.7454383249648169,-2.5993481126918452,,0.1910430721096399,0.2083333333333333,0,1
0.40757737051495746,0.91305201259354907,-0.014721051014853142,-0.91211014781401789,0.4078278334704693,0.041611735141338126,0.0439973328601043,-0.0035327815743360744,0.99902540215729496,-13.216932707253388,0.0073967442542879104,-1.9400553538878627,0.5893306803715919,0.4052313415870405,0.9803767660910518,1,7
0.33438319062073663,-0.92655138761419309,-0.17230904776159756,0.94242990241132318,0.32946390560243544,0.057266167552686979,0.0037095648368835068,-0.18153804288743974,0.98337692575803237,-6.4122574673422923,13.630480376637161,-2.0608537135869143,,0.2247434453106885,0.2631578947368421,0,4
0.13675237440577298,-0.98274268340225068,-0.12456165667542519,0.99059223796978058,0.13502033727306811,0.022282876759712498,-0.0050799772051534804,-0.12643704655681484,0.99196162581502378,-8.7902863480604889,11.937099689773367,-2.1263841779150661,0.2565330080447877,0.1813174664039375,0.75,1,4
-0.93643928447902125,0.35016626609460849,-0.021565077643685673,-0.34352480254964546,-0.92768537309013932,-0.14625511474077035,-0.071219214525614458,-0.12955089595972924,0.98901182441788127,-4.0762303198722645,-16.080198368155116,-0.63820793507736007,,0.2804681891952379,0.3571428571428572,0,3
-0.10035313028097537,0.99494976501256149,-0.0020528868106564958,-0.99458605474929584,-0.10026007164895925,0.027322110664726802,0.026978305006793529,0.0047836319249462481,0.99962457348975109,8.7451266470532012,10.087687420931736,-0.87622717994133392,0.3163164327096734,0.3334241654576829,0.4509803921568628,1,5
0.99588750526162506,0.0036672928006813523,-0.090524183659887916,0.0022968316548527892,0.99783728040703878,0.065692361764766505,0.090569318359609602,-0.065630121083217308,0.99372525668741918,3.6121971935926975,-3.4580538147529505,-0.67919734171482771,0.1254534015071366,0.09754737038238021,0.2686567164179104,1,5
0.63726311535191638,-0.76018716411670695,-0.1265353599756551,0.77055749727656364,0.63103437953681185,0.089647951641237345,0.011698940244680723,-0.1546321032476427,0.98790285324133087,-2.3948735675977799,-12.161170862443061,-0.66835529208167854,,0.1015106221244905,0.2857142857142857,0,5
0.64809969565736958,-0.7499745552215753,-0.13230627728503375,0.76145077827730401,0.63527523207482905,0.12891117784412331,-0.012629202259529319,-0.18429201293727121,0.98279039332800577,10.564239465466521,4.3340074830904101,-0.59171812877761554,,0.7238928843143698,0.7766990291262136,0,3
-0.56551979810025166,0.82139765735565751,0.074116438441737501,-0.82431355525921512,-0.56007232368221582,-0.082620547451079981,-0.026353758224645224,-0.10781874018852641,0.99382121062673845,-5.5118094530746369,-6.2173885482790858,-1.1491278119128285,,0.1749692623402814,0.2608695652173913,0,4
-0.54737533320886578,0.82701936023900857,0.12813751357172379,-0.83664693924907563,-0.54443470130810212,-0.06010619815552308,0.020053519382804551,-0.14010650877606723,0.98993334248268727,-20.777249948109279,-5.7409581832012515,-2.0482470583501424,,0.3815028045904015,0.5578947368421052,0,2
-0.52124075990245133,-0.78231605026948514,-0.34101270901106967,0.84736967835240506,-0.52189356179040547,-0.097937420686205506,-0.10135432119676899,-0.34001280513015608,0.93494309662260511,-23.20561336505105,-7.5001379516939952,-2.1017912494926798,,0.5297601983330974,0.1428571428571428,0,2
0.016520887675894994,0.99198045360187792,0.12530698281505603,-0.99959742300576715,0.013495120401799133,0.024957436678683376,0.023066256536985134,-0.12566885611460477,0.99180405646086012,-24.054725689740163,-7.8288395759000435,-2.1308979318118095,,0.2635735607239931,0.4285714285714285,0,1
0.68593254669850678,-0.69753631990339904,-0.20721878243857003,0.72681993923794719,0.67048932100726633,0.14891892539688048,0.035061621551880369,-0.2527590806100502,0.96689375314111703,-13.295150021004172,-24.224450066141753,-0.77666383971456088,,0.1698061818344525,0.2307692307692308,0,1
0.38408969126425746,-0.91426508020711594,-0.12881953337286611,0.92325982553067687,0.38154950827118428,0.044847154860497992,0.0081488419785463277,-0.1361592297712246,0.99065345127472093,1.8867357116371484,2.338808209941527,-1.0881898878001053,0.4338372183939142,0.3941130462868436,0.9497126436781609,1,5
-0.9704901091635344,-0.21136814696671527,-0.11607090274313993,0.22998006047056027,-0.95603805132017561,-0.18193519784219431,-0.072512894037597794,-0.20326030324630032,0.97643593201116596,8.2802674054191705,1.8862539009458794,-0.66439379892497485,0.7084304835800216,0.5350671992704699,0.4015151515151515,1,5
-0.16889073032261309,-0.98026450456570613,-0.10274931775756017,0.98501105473954254,-0.17157229888085879,0.017781121945222307,-0.035059139350360209,-0.098206147186858744,0.99454834442711981,-12.22451549541039,1.8504843462157525,-1.9961748968223068,0.1619251879515591,0.09526187896205431,0.5205479452054794,1,5
-0.63941067438713728,0.76886456285166649,-0.0011284815906453215,-0.75782711029798233,-0.63047805326628081,-0.16791514299481414,-0.12981548589129988,-0.10651154087926366,0.98580080710168294,-14.961270938141286,14.24209411004113,-2.539670438385381,,0.3106904338838994,0.1914893617021277,0,2
0.92862347935355527,0.36485616377506042,-0.067367747094900524,-0.35272539808487696,0.92446882959095511,0.14471412046028567,0.11507922114422402,-0.11062261464128999,0.98717749669994148,-2.3413129561858628,8.109611172765149,-1.6057215752800758,,0.1375329769467557,0.2307692307692308,0,5
-0.93815503480682871,-0.31557940300181908,-0.14238950476636955,0.33265569228795472,-0.93562084710458027,-0.1181262919579224,-0.095944364373412666,-0.15818745482598204,0.98273669315878243,-11.377987832594664,2.1811381799959069,-1.971612071461619,0.3388693929944118,0.4620175532174907,0.6408163265306123,1,4
-0.70516725189830431,-0.69080655856183448,-0.15976684730615592,0.70579293252672248,-0.70542834166543122,-0.065016852972822101,-0.067789993697619719,-0.15861006721868195,0.98501135187944044,-7.8976160140563767,-12.205462067268552,-0.97791580410530543,,0.09245294877424567,0.25,0,1
-0.54599217501979702,0.83673828517853965,-0.041971263188371861,-0.83749474391195566,-0.54644476881090054,0.00081765460253371705,-0.022250814299678914,0.035597145330459108,0.99911848371818424,-4.7595728769553221,-9.7638902948481157,-0.88914447855294954,,0.08416879652905689,0.3773584905660378,0,1
0.98993062589916481,0.12972441214686498,-0.056647443014119205,-0.12018572784367193,0.98168597804769508,0.14781079570595401,0.074784669081131919,-0.1395142193387138,0.9873920375781523,-6.3906549310361891,-24.214728391125011,-0.41085292328135598,,0.2523711753243783,0.35,0,5
0.77213393615354275,-0.60358063948441099,-0.19874505347209456,0.63501995651768817,0.74452547843091577,0.20598899677285912,0.023639785623174616,-0.28525817009650228,0.958159139667772,6.1203381885188648,10.520977115912869,-1.0685464157100717,,0.3898522481503218,0.1666666666666667,0,4
-0.2554874536655391,-0.9618159856960049,-0.098163998895325552,0.96596306667191267,-0.25819875466652675,0.015772029496832596,-0.040515612364781885,-0.090793241754423382,0.99504526148634564,4.6135957760517838,7.7917287126178945,-1.0551660748198686,0.1772946559326241,0.1550426134787146,0.4489795918367347,1,5
-0.63163835984352401,0.77422388635938655,-0.040129243261621324,-0.77468313512063669,-0.63232159495827789,-0.0059532099812656522,-0.029983704471666105,0.027327172191560771,0.99917676270326106,-12.677664770352841,10.120699432592957,-2.2956609751862791,,0.1012722898685252,0.2631578947368421,0,1
0.99269215719579473,-0.091592040997499471,-0.078569581059541926,0.097986867058330915,0.9918190914983791,0.081813590701197508,0.070433336752226391,-0.088914496935215664,0.9935458506323227,-4.9082201539257451,14.28525391345079,-1.9966588891472286,,0.1458131322799924,0.1428571428571428,0,2
0.35770276949124552,0.9337481435391416,-0.012772358259152286,-0.93254554207152529,0.35789389434807151,0.047652621658174188,0.049066696045469989,-0.0051346689843345273,0.99878230586730143,4.2201964721799357,9.7128143360795498,-1.1613997674875267,,0.1890033645096435,0.3809523809523809,0,5
-0.44273242488424686,-0.89142994749179594,-0.096647031360969193,0.89466249980128387,-0.44635506480229747,0.018605579127088465,-0.059724462370390002,-0.078229181512466175,0.99514480542002415,-12.609618010199169,-10.400343146653597,-1.3444108483098034,0.5185027789374511,0.5792742838006649,0.9856459330143541,1,3
0.43022791553432255,-0.89670992460209764,-0.10399640289496154,0.90261905333284287,0.42904086641222983,0.034681111700241733,0.013519809743968932,-0.10878991712627918,0.99397282089408456,-13.671178105474025,-5.4472880903750873,-1.7123596503872351,,0.08627596944433831,0.4146341463414634,1,5
0.41554073796621194,-0.89227935206748898,-0.17653173359064669,0.90953272634435722,0.40948221186598682,0.071235790680957978,0.0087243795824146764,-0.19016276196816836,0.98171381224954835,11.178629266655053,-13.53599632264755,0.23063423837858299,0.2201641540581404,0.3135936153024558,0.5294117647058824,1,5
0.9055387572446445,-0.40294674003839503,-0.13279112854500033,0.42052277349162814,0.89392926778781723,0.15508404549548521,0.056215265744578184,-0.19627630749728042,0.97893587890755118,8.1513635095535424,-5.0111965472057243,-0.33547448400216406,0.4993168059265089,0.2153150627453194,0.103448275862069,1,5
-0.67509962014386771,-0.73130965081928512,-0.097091181371844457,0.73475708155474972,-0.67833022897729878,0.00036271304384478964,-0.066125138841081468,-0.071093565631358477,0.9952754246634784,-13.695800441372977,3.0525149668876175,-2.1584166478107401,,0.07519464155829422,0.3548387096774194,0,2
0.6081271433528298,-0.74858741238963178,-0.26419360993279511,0.79361475656502245,0.58122000918558125,0.17988585015101446,0.018894329301854088,-0.31906141561478141,0.94754568089677094,-1.1417171754027509,-11.102218998551002,-0.64713203214099713,,0.4020368628673827,0.2,0,5
0.99713497939491558,-0.0045160793970271959,-0.075507866437754215,0.010642050216400937,0.9966632974890054,0.08092600450742074,0.074890450888571783,-0.081497708343383671,0.99385589694909204,11.176086663258422,-5.50720751628557,-0.14924273554345979,,0.1297361403677769,0.1666666666666667,0,5
0.86139560191155684,0.50767864952733066,-0.016124696013614881,-0.50207816129396221,0.85584136358722207,0.12431041921270225,0.07690992757180265,-0.098984590655663868,0.9921123494109072,3.8859564235873441,-17.362106720349779,-0.080709744315433887,0.4410885822905355,0.2872291033077735,0.2,1,6
0.83656385148534107,-0.54055945275951411,-0.089198657054616645,0.54548343131100263,0.83698545937972246,0.043625301742110455,0.051075909714728716,-0.085151739966075723,0.99505800465478567,-10.598950543305385,-13.938436866807113,-1.064382646653613,0.5433820043887313,0.5125292457543538,0.9692307692307692,1,3
0.9328146929958272,0.36009398637544249,-0.01375025481012114,-0.34558751814698907,0.90474457469053304,0.24901108784359594,0.10210786371335544,-0.2275292850256625,0.96840301973073484,-9.2653743297708626,-27.124517534352471,-0.42493120400098155,0.3942417159121389,0.3078669703773321,0.3333333333333333,1,2
0.8786298744168114,-0.42651040430128001,-0.21470542332474393,0.47433825182278161,0.83128398173238349,0.28977605935077272,0.054888674970400397,-0.35644889779309719,0.93270114003472782,-34.721052343138737,-9.9941780317262268,-2.6581277344900593,,0.2946410722714574,0.1764705882352941,0,1
0.44678669209003391,-0.87629864414580871,-0.18022857165128278,0.89463824515672008,0.43807942265057176,0.087799941646025947,0.0020154587936374946,-0.20046721856293193,0.97969833735058087,-3.6935005747259257,12.153523069830706,-1.8538751655849826,0.6126368519679812,0.3118480810563178,0.5185185185185185,1,5
-0.99830860135032151,-0.012247522397907143,-0.056832514154120946,0.020225504869600706,-0.98965949775762196,-0.14200354731802509,-0.054505645787710437,-0.14291282900161764,0.98823330134337228,2.7996743394775283,6.5283454015361482,-1.1696137524501573,,0.1614345581076905,0.3,0,3
0.26134106597210299,0.96378217677219391,-0.053148499252721228,-0.96447127110904807,0.26294140336158656,0.025631730404652997,0.038678345903907244,0.044561576885148745,0.99825760774644101,-4.5955537609782224,1.6699300411800402,-1.5261500840041957,0.2162383064408972,0.1773075727356949,0.5945454545454546,1,4
0.3586666132104358,-0.91072454514596335,-0.20479029136371113,0.93345996609921944,0.34915592489662256,0.08211352994256442,-0.0032790636163260744,-0.22061492011707237,0.97535547610270723,-1.8318789484682558,-15.084125684859895,-0.5345769260671539,,0.2069396078826498,0.1724137931034483,0,5
-0.60971898726723239,-0.77031143083566045,-0.1867165126327566,0.79014615872371885,-0.60930076490966056,-0.066495306109945321,-0.062544419574995652,-0.18807678592644181,0.98016086341763686,-10.066855387876611,11.813559910413407,-2.194220883816314,,0.1043517290321536,0.2,0,1
-0.16583112627319432,-0.9808493681132191,-0.10214966779614529,0.9852035803849114,-0.16932709029598034,0.026499843181585526,-0.043289060462379847,-0.096243719607026254,0.99441601137576674,7.9151073636512983,4.0259981699800598,-0.75305105945492101,0.2785507417628474,0.1962489114553033,0.3548387096774194,1,5
-0.23099629570281893,0.97270536039990763,0.022022561632577018,-0.97291143941406855,-0.23071359230165439,-0.014648187072480416,-0.0091674657796058968,-0.024809679090040542,0.99965015750242781,-1.4339491175978809,11.285292416092565,-1.673405612571452,0.4083296140423497,0.3038392545827869,0.2068965517241379,1,5
-0.64768508863165086,0.75921152396575464,-0.064045982245626215,-0.76111958783384026,-0.64854823823158059,0.009063978285418663,-0.034655432183946754,0.054617255188351213,0.99790578536043928,-1.7135549031599386,-8.2425916912173705,-0.79069922905996759,,0.1127001964351736,0.5342465753424658,0,5
0.36382349252531887,0.93087822973516754,-0.033138915066736309,-0.93021883227137792,0.3649474322524065,0.038811026526622001,0.048222301628542498,0.016706079656711378,0.9986969092413126,0.53066380675413005,-3.366434843511882,-0.90186621764811636,,0.07978703921360734,0.2068965517241379,0,5
-0.99677374036917499,0.038340564687102591,-0.070513201671160111,-0.032671343637064192,-0.99627003398381586,-0.079866154851944107,-0.073312303301645482,-0.077304724857928039,0.9943084459559054,-11.767161484136993,-19.99181914528782,-0.90047088813330101,,0.6883820777039673,0.6122448979591837,0,1
-0.17368826973310639,0.98203258403873173,0.073786101965957376,-0.98478397379145566,-0.17363358119204281,-0.0072044740221582481,0.0057367168859304646,-0.073914703331862799,0.99724806678716282,-0.47215303554164784,13.963595677049975,-1.7227807119925871,0.6110371688561723,0.5707314942078889,0.1304347826086956,1,5
-0.87460149445100899,-0.47603914716539913,-0.091972584339582553,0.4789172502456987,-0.8777929950785156,-0.010850124800595887,-0.075567806115839742,-0.053536792555484596,0.99570242468405712,-8.1932347844231295,-3.9350562737005248,-1.4988769946477767,,0.0857490634895786,0.3826714801444043,0,5
0.71908230690105734,-0.64517272960054217,-0.2582107373476929,0.69305286046387959,0.69305733365594713,0.19836649129463385,0.050974194497686989,-0.32159552429331989,0.94550407204295916,0.51825228614620855,-10.820118725036309,-0.55295431787318217,,0.5176786306848766,0.3064516129032258,0,4
-0.93398715159885326,-0.34538261084122457,-0.09153607363634797,0.34784296842830709,-0.9374768132092145,-0.011937085493485652,-0.081690084852712522,-0.042989264050392065,0.99573021105777559,-11.490093815170432,-0.90838874879723275,-1.8081274858508587,0.1977365052563895,0.1972831283640575,0.7491082045184304,1,5
0.70418472714684499,-0.69340117563839598,-0.15270455028063956,0.70736259811354896,0.70371390451989568,0.066519887067041192,0.061335347420323941,-0.15485977595441777,0.98603064097834947,34.416970853117057,1.8734605517512861,0.81568315476578379,,0.6026937344482294,0.2666666666666667,0,5
0.43786551911233468,-0.88670715755719032,-0.14840553867471457,0.89890423303226308,0.43466701916301698,0.055097752119440645,0.015651421953400128,-0.15752777275383584,0.98739051737499051,-24.35375000266097,-3.6669838280634841,-2.323405238057433,0.4673623861497899,0.4635472597872514,0.8910891089108911,1,5
0.67705502127388972,0.73583026718287214,-0.012260345239663115,-0.72964820603529423,0.67335290982446727,0.11920299602107275,0.095968711553764491,-0.071761248097465272,0.99279420308249422,2.813375027715435,8.9816333275587361,-1.2282159033300508,,0.175035568381426,0.1875,0,3
0.94416650122667289,-0.280544409812993,-0.17275546904240696,0.32300318319271404,0.89155389066504542,0.31749110804460984,0.064950455031174512,-0.3555650350677067,0.93239205500076194,11.110149324962268,-4.2221518204039885,-0.20069869076628621,,0.487981662195178,0.1052631578947368,0,2
0.69540411972899374,-0.68494461456713873,-0.21740281791967589,0.71820606482595406,0.67268996807456705,0.17795576781620256,0.024354849848839601,-0.27989119640908755,0.95972275135141449,12.903148035324321,15.434722420063173,-0.82807738077601811,,0.4034087016805299,0.391304347826087,0,4
0.76665813758237233,0.63349527739786438,0.10449417971030997,-0.63813129957492676,0.73384690783444562,0.23293166458134709,0.070878378801598918,-0.2452599628484535,0.96686286827141721,-0.46877010927342322,7.0434648696656108,-1.4119308216172761,,0.08549954010629364,0.25,0,1
-0.99716370101157348,0.00012194576246935921,-0.075263128516761785,0.0084355942107041827,-0.99351665962155666,-0.11337322349097761,-0.074788997420823358,-0.11368655234307108,0.99069772063992012,-16.927891598884521,-2.6149491795429345,-1.9600905798434671,,0.07417091863569848,0.1923076923076923,0,3
0.96496919094817113,-0.22025534312782025,-0.14255540798047095,0.24933221620612167,0.93897237887377727,0.23699012146894199,0.081657250030699013,-0.26423182158053243,0.96099616959780754,2.8320672807197438,-8.5899808136067488,-0.51511668541337385,,0.2277997373489723,0.2777777777777778,0,4
-0.1903649401517577,0.95674588770677227,0.21999658160343791,-0.98168617567902727,-0.18718706169323812,-0.035401361772363006,0.007310406397976167,-0.22270678097182459,0.97485806539591413,5.2251645905266244,5.977168998615662,-0.95856371357153924,,0.2106404010998779,0.1538461538461539,0,1
-0.96227602042431437,0.26842715254529087,-0.044404102206562081,-0.25847577727294285,-0.95287346641237847,-0.15881570945723572,-0.084941939461562393,-0.14134716404542466,0.98630920412253265,-13.595133805165606,14.284234746337383,-2.470680415152235,,0.2389916790395549,0.24,0,3
-0.58060841169853394,-0.80912712220449734,-0.090593445557471619,0.81243210546168187,-0.58305541766530444,0.00067375532402405049,-0.05336615294364816,-0.073209835706729884,0.99588773146162901,-1.1065038034101902,12.177640011908824,-1.7023496663709434,,0.09083733018237404,0.3333333333333333,0,2
-0.97765847736860378,-0.16681502461173758,-0.12789311628499792,0.1886712074214939,-0.96463727337571625,-0.18406006167655881,-0.092666483258070739,-0.20407762831346404,0.97455900001104767,19.723960382452361,-12.711912283488614,0.69259160999690939,,0.3331508310427846,0.1818181818181818,0,3
0.99641109302046416,0.054062731849386973,-0.065131825790040676,-0.035538476742396977,0.96555102029190687,0.25777556882700697,0.076824152299866208,-0.25453575041286086,0.96400705463454384,9.043868538639865,5.9334323699687532,-0.72155169028039912,,0.4271555872466306,0.5882352941176471,0,2
-0.79649938097767281,0.60271482655475361,0.04820346412091496,-0.60352580242661324,-0.78766580274692255,-0.12385147955659657,-0.036678902757520795,-0.12773966116331587,0.99112927363608094,4.5229674411943455,2.62771711622272,-0.92654785334036327,,0.1175554943417489,0.2413793103448276,0,3
0.64834047817044793,0.76009341043185219,-0.043733645900954451,-0.75859443406756322,0.64981007032432736,0.04776355416848263,0.064723326300706943,0.0022090548132316112,0.99790080223908217,-19.689155853804692,10.248603535480113,-2.6810414418861099,,0.1785905836941268,0.44,0,1
0.80309373226373693,-0.57402766287431684,-0.15978954738576881,0.59258587570978805,0.79747890231302099,0.11344329100868414,0.06230920564381149,-0.18579462484331208,0.98061099334617341,-9.2011679109856885,-11.239617371526728,-1.0888671699160157,,0.2269835134650071,0.125,0,2
0.86458703593616337,0.49939232236890302,-0.055646793709179125,-0.49708505186442137,0.86622712917508926,0.050566905126059096,0.073455486548411331,-0.016058301282388575,0.99716920452642333,-4.0362363651278246,6.2677055391650045,-1.6570865051924308,0.1716124625917516,0.1277880756342276,0.4117647058823529,1,4
