axis_00,axis_01,axis_02,axis_10,axis_11,axis_12,axis_20,axis_21,axis_22,location_x,location_y,location_z,dbh,dbh_approximation,score,reconstructed,number_clusters
-0.76714209921747056,-0.62426178152980871,-0.14761513380897548,0.63880847817478514,-0.76441712182366151,-0.087121708401775799,-0.058452782827058687,-0.16113252925482946,0.98520027415531797,-11.225104351303836,0.77520072914005633,-1.9700371414235354,,0.09345996939833046,0.1954022988505747,0,1
0.26973529176061711,-0.95115858894023519,-0.15013397704728387,0.96288257702298619,0.26804154173699579,0.031794256852868269,0.010000762190283133,-0.15313742386651907,0.98815429674071553,-0.85853951654905014,-14.537294054874602,-0.91554138508239835,,0.0798675137089109,0.4482758620689655,0,4
-0.8228156073201689,0.56826892798479156,0.006700883326674463,-0.56792118530268387,-0.82176257321168467,-0.046602580968281911,-0.020976263602850712,-0.042150904563564157,0.99889103390196521,-14.046320661699728,11.380064706544573,-2.242478351776521,,0.1556776717743485,0.25,0,2
0.67969163244878961,0.73252323617075255,-0.037802027049189522,-0.73192477321805005,0.68070611179580864,0.030419002507274653,0.048014697008368849,0.0069926986035273118,0.99882215185559176,4.767248211483067,-3.0028647367583936,-0.67827347741860489,0.181033438752114,0.1420239372875015,0.3623188405797101,1,2
0.29821221612506638,-0.9474391655745501,-0.11588141218150141,0.95440475119782542,0.29768834592626886,0.022208547694544046,0.013455298019569914,-0.11722063058644763,0.99301474244853083,-14.782219357734487,21.646175661339182,-2.4223101891411423,,0.1082097067571956,0.125,0,1
0.61083040148350765,-0.76570384268457359,-0.20145432713539443,0.78747142246559021,0.61397760641340438,0.054039408054552492,0.082310263172441889,-0.19164843886905078,0.97800608201357253,14.141327809826681,11.533172903987991,0.056000590317311846,,0.2499525834580348,0.1578947368421053,0,3
0.5166744474610464,-0.83227201867714629,-0.20092486722128286,0.85574505995251193,0.50948533705077093,0.090139246153570954,0.027347901339848008,-0.21851310774717878,0.97545072352988471,-7.0401673983740745,-4.793060413775577,-1.5907522901628255,,0.1213856406464978,0.2109375,0,4
0.74954263302811985,0.65674653447383347,0.082884442025526833,-0.65712732893756975,0.7231229622600277,0.21278358727979202,0.079809240296145417,-0.21395600227357928,0.97357758512327086,-4.2335344404953492,-16.916794054311797,-1.1153413082860029,,0.3741089747219959,0.2962962962962963,0,5
0.5876177910047119,0.80426298755718661,0.088692607021835887,-0.80775918331608909,0.57668332754226237,0.12231697144430433,0.047227465136992788,-0.14351789637662163,0.98852019704018268,-13.233981942194394,-14.416688748123985,-1.8884199165382718,,0.2115654527277526,0.24,0,1
0.81751114232606537,0.57575042777707952,0.013673956532135675,-0.57208168616174215,0.80910986746097324,0.13440151314484944,0.066317995529650425,-0.11769735465080412,0.99083260754636704,-1.5321531027791186,-11.284878093951473,-1.0549600452341996,0.1440397877752483,0.08486753449834032,0.2631578947368421,1,5
-0.80187380731017566,-0.58487950133519673,-0.12212438768638829,0.59443508457655814,-0.80158129490803276,-0.0641432605814624,-0.060376546558606449,-0.12402982129896456,0.99043994065980767,-27.628232771249319,-2.6378181881437501,-3.4231606345319228,,0.1303533285663317,0.5,0,2
0.15622846405240393,0.95916740416100299,0.23577649970866413,-0.98757865748138896,0.14763861376434595,0.053770205625416019,0.016764912975736703,-0.24124827568458435,0.97031861116446205,-26.411225439738931,0.44474500251426324,-3.2488363506883884,,0.274495414826463,0.4444444444444444,0,2
0.60678916816859196,0.78908181707904246,0.095691124711247147,-0.79446702087128485,0.59827738335975689,0.10433755463928671,0.025081031501355107,-0.13933434076148504,0.98992771622143638,7.159207923519662,-7.3690315630838956,-0.33948624286478274,0.712806315103314,0.2722185178582291,0.3043478260869565,1,5
-0.7037126211326753,0.69142954049912975,0.16344337668973064,-0.70914317466931931,-0.66941571755452867,-0.22135617206410527,-0.043640631050639443,-0.27167588707155604,0.96139882863741,-0.52598195609347143,-5.3657228061464224,-1.0764237191516612,0.7984609789349897,0.6467765339519592,0.3461538461538461,1,1
-0.46476553556349126,-0.84958331130255338,-0.2494016722248881,0.88456356130707947,-0.45799432430789794,-0.08825250653374675,-0.03924669362020667,-0.26162835484316516,0.96437041689484682,-5.1808742207205958,-19.797054773246078,-1.0779567737766043,,0.1230583236763969,0.5833333333333334,0,1
-0.85958655942634499,0.51056256613691831,0.020900069695174155,-0.50968680910785946,-0.85375716222123543,-0.10638639282065775,-0.036473325527387343,-0.10210080320755405,0.99410518684359817,-2.9598354353328871,-12.971930681610315,-1.135672322574109,,0.2421001574842511,0.1153846153846154,0,5
0.92419668170186542,0.37773552770607954,-0.056359246267769822,-0.37603629060892718,0.92580012502839448,0.03861135380283981,0.0667622773453692,-0.014491363152554084,0.99766367014021373,5.7498902155922886,-2.2757333361077552,-0.60374674698360464,,0.08510085805881847,0.375,0,3
-0.99049374356252462,0.12112111727358699,-0.065205972992457756,-0.11946341445979264,-0.99242189303260364,-0.028762455305324289,-0.068195575876320261,-0.020699303852568435,0.99745721825595879,-8.3982561935093631,-14.195022450991571,-1.5178022201307606,,0.1779065531113545,0.3333333333333333,0,1
-0.98621124971786989,0.15801111767323545,-0.049192048357147584,-0.15103103274680388,-0.98087306615862779,-0.12279110404262084,-0.067653514892803912,-0.11366844230579934,0.99121263467856469,0.2041056066418501,10.647913875711648,-1.1283204723833653,,0.2287826246745028,0.3809523809523809,0,1
-0.79511614756104876,0.60126239738862097,0.079207584069733147,-0.60645151808948261,-0.78773359446729219,-0.1081311257437038,-0.0026207049886686692,-0.13401236373606318,0.99097619460370201,-19.882884541941799,-8.1633763155317904,-2.5693758677935348,,0.4626749973925012,0.8222222222222222,0,2
0.27194606526316673,0.94917365915144325,0.15847618862448287,-0.96229754096951736,0.26731083258311683,0.050282814437361968,0.0053647210461343058,-0.16617546015215962,0.9860816072776718,14.597458582865276,2.2560270959284754,0.14574804398002564,,0.2374848021310715,0.2105263157894737,0,5
0.98460078747559132,0.16889999636562175,-0.045100781923795678,-0.15988496285184506,0.97434428524465388,0.15839827166022899,0.070697156635249184,-0.14874812616895897,0.9863447201688228,7.1833868887892605,-18.030674374597051,-0.033057926256895083,0.3312462328699144,0.3638298801051004,0.3703703703703703,1,5
-0.53704790312020056,-0.78506209288990991,-0.30863742492042573,0.84127847691533197,-0.5253063442727548,-0.12768621282587203,-0.061887591916440145,-0.32822363561161988,0.94257051247780699,-9.4949126935922052,-19.426976211951253,-1.4310068385907382,,0.4599019317036739,0.2926829268292683,0,2
-0.74422313844516097,0.66780047310114377,0.013207888882117538,-0.6674436237543685,-0.74277926730968535,-0.052895833148961437,-0.025513316375388593,-0.048181824174417277,0.9985126852007209,8.8154671117352983,10.134970261065211,-0.409832512849579,0.8891126731334132,0.5370285781436424,0.4615384615384616,1,2
0.24674784880424419,-0.96416752099388248,-0.097449938794185467,0.96906272136774496,0.2448972267791345,0.030704891649881279,-0.0057394395039593853,-0.10201146884738907,0.99476666563459992,15.230946508213918,-3.4195070834847869,0.26606023166133275,0.3087474334701013,0.286982351874347,0.5185185185185185,1,5
0.21570248442719184,0.96911143475575812,0.11956364513334548,-0.97641980321958488,0.21297175762493858,0.035318526792193231,0.0087639085209490521,-0.12436260482870198,0.99219813365459208,22.587916107771324,8.2037757846673394,0.7915817482468912,,0.4688122729498477,0.2352941176470588,0,5
0.72344198918825953,-0.64432841678400032,-0.24793664433471335,0.68896095836754923,0.69684301923875247,0.19935547241921409,0.044322523897027698,-0.31504078761779969,0.94804262352098612,-5.5427794627577081,-6.913174598581775,-1.4338180305240009,0.2035138023286608,0.1003231050993624,0.1666666666666667,1,4
0.99693520533422297,-0.058309194721726312,-0.05215586425429948,0.070344687515612972,0.95986530307824469,0.27149627048053265,0.034231875548089138,-0.27433307813206115,0.96102525509949377,-47.314481000150806,-1.9726756984528908,-4.8869762162558761,,0.6373114028195865,0.3529411764705883,0,2
-0.97923889940872855,0.19866791722039587,-0.040276997803855519,-0.19107716871978886,-0.97098149350707075,-0.14382091245993231,-0.067680820612720252,-0.13313901732432931,0.98878375218603831,-8.7063478478385434,15.480796576669073,-1.8948782010699101,,0.1462326764014256,0.1578947368421053,0,5
-0.73664157720119749,-0.64737151027135575,-0.19562544422317837,0.67346653233127562,-0.72858621848787009,-0.1249197824975371,-0.061660494388375515,-0.22376829515936558,0.97268994726647162,-5.0939292780894672,17.44170763896383,-1.6377304357214646,,0.1823383485476411,0.2258064516129032,0,4
0.210843883236562,-0.96816122960653939,-0.13493958051098379,0.97730160220407591,0.20586253395805881,0.050021949599283022,-0.020650308256129592,-0.14242349033470678,0.989590376958975,-9.2845566061528277,-13.02978538362065,-1.6015315635037339,,0.3739572491442716,0.2352941176470588,0,2
0.69197654850064561,-0.69573265524883898,-0.19267726577241182,0.72123937991553844,0.67783328296723455,0.1426737444693626,0.031340280537700278,-0.23769331694908855,0.97083452446519281,2.2689968508501956,-18.023263962325444,-0.48735262470833596,,0.5468360646883027,0.1818181818181818,0,3
0.94115172652034074,0.33507735007768308,-0.044233439078371538,-0.32885082854832554,0.93806178893234549,0.10907434486682749,0.078042041431923032,-0.088109304900025387,0.99304893643725944,0.87652892716738084,-6.3083953717683974,-0.94656515331291102,,0.1007853201458994,0.5,0,3
0.98811113467359823,-0.10665234188136305,-0.11073239591589495,0.12565632139709365,0.97524106266275046,0.18197625831239339,0.088582585348385201,-0.19372699261499277,0.97704809395717374,-1.2209248214249135,-19.638041977834906,-0.75586785456894001,,0.5569083092836362,0.6829268292682927,0,5
0.069325343325982475,0.99750261715979094,-0.013510201038627781,-0.99759410420300443,0.069318908693408829,-0.0009445406087455505,-5.669337011148123e-06,0.013543177504718973,0.99990828694982614,1.427784668425216,-12.737315562378537,-0.77111722264738014,,0.3652841372436895,0.5625,0,3
0.60125208356102822,0.79891305683583003,0.01529246974011584,-0.79768585534288716,0.59898697138163925,0.070084836455098609,0.04683170079560469,-0.05433724074961143,0.99742380965581023,-5.3417088596968911,6.1565844183594765,-1.531795746326706,,0.08520864918337553,0.2121212121212121,0,4
-0.39271193130576065,0.91783038287947805,0.058006269259546495,-0.9178899291169681,-0.38726188410076762,-0.086638970148379485,-0.057056262020462385,-0.087267527672297091,0.99454962750896347,-5.343682743198686,-12.798631998875305,-1.30335127657294,,0.2343359008063084,0.34375,0,3
0.37505654198344368,0.92527773896326726,0.056512795847004964,-0.9264033059584641,0.37192666261154006,0.058715179875988732,0.033309233324252494,-0.074375153227845422,0.99667388425587067,-46.696480744788126,-10.544611789328318,-4.6828533753581612,,0.4093271237644868,0.6363636363636364,0,1
0.26583913039833129,-0.91923576519897909,-0.29040517338385469,0.96399718938770129,0.25543563329171343,0.073905724389072627,0.0062430442631207341,-0.29959680442873377,0.95404548066348471,27.328398165532263,1.2309834196500786,1.2864594760645378,,0.3162107267575803,0.75,0,4
0.55675513195049497,-0.8167456948659173,-0.15149321095275925,0.83004242618555957,0.55412534460708307,0.063045009287580681,0.032454487806417971,-0.16084642483459621,0.98644570749694671,9.4720020033396626,-1.1188035039166782,-0.25890916368926686,,0.6938099253770877,0.4,0,1
0.75104814403469566,0.66022191634711991,0.0058057313902248678,-0.65841335388631983,0.74827789773659237,0.081068139136612316,0.04917866169596833,-0.064708646515300172,0.99669165256861214,3.3013991581117414,-11.08699361769489,-0.58515110522564351,0.4311168745192828,0.4430687210984126,0.4747474747474748,1,6
-0.35583263921305425,-0.92173746853074079,-0.15421793662610561,0.93445246455245357,-0.35329815881004245,-0.044485980637489181,-0.013480517887580069,-0.15993889485667712,0.98703486541738072,18.01476263987329,9.5859148661403921,0.36845891821295618,0.2216031782014427,0.2037041316877175,0.46875,1,6
-0.42402764857837189,-0.8947970510491613,-0.13978122432866522,0.90369506280190115,-0.42817641798320399,-0.0004342240662259507,-0.059462481520401039,-0.12650372530797768,0.99018231693695624,-14.985059700433949,16.882154080101873,-2.387218993127842,0.3347060550671629,0.2575093940174973,0.4864864864864865,1,5
-0.87267887543104439,-0.47492173315333652,-0.11349417498285543,0.48398807080817607,-0.87209443544062215,-0.07215845750071459,-0.064708018759561725,-0.11790098834248017,0.99091484460375223,11.924235774015662,20.485819316471684,-0.29679713738752561,0.2955140381712262,0.3477091846361017,0.2857142857142857,1,5
0.36961519548489202,-0.91392158035436033,-0.16772582457467342,0.92887587811754746,0.36807789173729111,0.041331206921480707,0.023962685951711797,-0.17107311471069905,0.98496689239037871,18.909317141347906,-11.199853695126754,0.81062318037673575,,0.2107217268995959,0.2,0,3
0.82027909230991214,-0.52596593953788029,-0.22472659202965364,0.569276492468624,0.78880811676194718,0.2317456149597906,0.05537585973913136,-0.31802764876108791,0.9464628512422697,14.883471399417283,-5.0846418099876844,0.27598281627844962,,0.2822392134291857,0.5,0,4
-0.95858582716747864,0.28432848872615496,0.016447566760508799,-0.27778973727334499,-0.92067983613681292,-0.27419245284415938,-0.062817782667382832,-0.26740596446188603,0.96153417846219147,15.418294759598369,-6.8386991441592961,0.36458283577751316,0.6425869805933716,0.4381159308613517,0.2272727272727273,1,4
0.37257417155627931,-0.90701315696015561,-0.19625396757855548,0.92779519980929914,0.36853497818479281,0.058120883210402312,0.019610045894262438,-0.20373782897514842,0.97882906737822128,-0.19496378076484422,-10.890482900215323,-0.95023225404118961,,0.0846639186402183,0.4516129032258064,0,5
0.13977804841440847,0.97813273894157993,0.15400792899101989,-0.98885139376984332,0.12982820110131443,0.072921596514580786,0.051332428550556572,-0.162483793682448,0.98537505477339038,14.790380050954509,-21.005419543820484,0.70730789062859434,,0.3388975465008,0.1578947368421053,0,5
-0.32556260560916406,0.94507845466482121,-0.028908551629690138,-0.94543700193044122,-0.32578795496860602,-0.0033292308651304554,-0.012564442277781012,0.026247341307799259,0.9995765162630228,3.7869997119245591,-16.541542136950174,-0.36564630376356938,0.517862992523911,0.5093716711218492,0.8734177215189873,1,5
0.86397030592643143,0.50350224604768534,0.0063873861888058053,-0.49808151065808332,0.85266807354651497,0.15770848136684601,0.073960254312369772,-0.13943688385578376,0.98746505568685239,0.44873749521744533,-17.974435806489502,-0.66699482535835286,1.048163472554201,0.6628826489191155,0.2564102564102564,1,4
0.92263522196174685,0.37605291046584777,0.085606400028055848,-0.38524186813458861,0.90911375600069266,0.15843257773098832,-0.018246923898858878,-0.17915464599188721,0.98365169780148864,-24.392223755287652,-1.3696172836984566,-3.1201857314602672,,0.4973610304260753,0.4047619047619048,0,2
-0.23893950674907255,0.96881634561706342,0.065595735987253614,-0.97097565983384027,-0.2376359048605973,-0.027119084264116165,-0.010685510036914375,-0.070171683650064307,0.99747769633659822,-3.4857099347082463,3.524304914956943,-1.3971670230459348,,0.3210169881008603,0.3135135135135135,0,5
0.42515316245313084,-0.89055319246207176,-0.16173991421944453,0.90485376207013868,0.42253189686997683,0.052023700319905983,0.022010400351146847,-0.1684690105718879,0.98546117871446903,-2.0200362166307886,-10.115469211238088,-1.1085007207052149,,0.08870794583132391,0.3333333333333333,0,5
-0.99086831277941079,0.11154454085423526,-0.075748281401630951,-0.099582529207210821,-0.98416900409112829,-0.1466106792255279,-0.09090273156719679,-0.13772867091456834,0.98628976807109148,-9.0977507597107152,-10.025585282491635,-1.6571844411023491,0.3464742960453766,0.1666854344648929,0.108695652173913,1,3
-0.16138294951558435,-0.96825927879195839,-0.19086516874203707,0.98489065910291707,-0.17032508181658651,0.031301056148213706,-0.062816663533420081,-0.18292986507798281,0.98111708335197134,13.142461584634759,14.578264819429354,-0.084180766887044456,,0.3132310889768522,0.5600000000000001,0,4
-0.82234705705727373,0.56889514037359934,-0.010180226350332616,-0.56675687622224125,-0.82057617923117521,-0.073765692114786646,-0.050318595012661713,-0.054891286536837829,0.99722363873821329,4.810482697418891,7.1332742192518834,-0.72495179481555461,,0.08304431985896091,0.3,0,5
0.99755896444595571,0.017128951926838231,-0.067695727039448914,-0.0050294092544438968,0.98455427894827929,0.17500736226565961,0.069647810418295444,-0.17423969355609117,0.98223709545782034,-12.700116837582431,3.5636040474059887,-2.099791482856606,,0.6210165313015946,0.3552631578947368,0,1
0.75250575715682233,0.65856312981408438,0.0054488067788940279,-0.65448275115139509,0.74687005407984375,0.11763269428212225,0.073399004701274653,-0.092085429728308438,0.99304222455070545,-20.842380113205049,16.244308783572684,-2.8060301318079399,,0.3400769977070658,0.45,0,2
0.13243819882900487,0.99113893083320814,-0.010185444405337129,-0.99110807483234664,0.13255322420589188,0.011594255247402728,0.012841631245615352,0.0085593539141558053,0.99988090789229689,18.15536515326043,-7.038121674973417,0.63735840565688695,0.4730065219764979,0.4072157248169878,0.82,1,5
0.0051388964759522234,0.99890123452383295,0.046582350839882415,-0.99997808581270942,0.00532769824619868,-0.0039298251544934168,-0.0041736839071597346,-0.046561135060884121,0.99890672290483828,23.44375366809432,2.7218147199691747,0.93906404138266319,,0.2253800286331905,0.1666666666666667,0,7
0.99705650349012132,0.036478044663213013,-0.067436496836668941,-0.030150786219283354,0.99524941571123282,0.092571759283316346,0.070492970843996208,-0.09026601123345282,0.99341974425596602,-20.535134048280526,-5.5877689887809838,-2.7311810118671325,0.6837053751713924,0.5809830908969402,0.9642857142857143,1,5
-0.97095992719194713,0.23207900358435005,-0.058104697595833449,-0.22997745079601853,-0.97234637970092153,-0.040655749997700164,-0.065933238300366223,-0.02611233382533764,0.99748230766736912,-3.5298781595929998,-5.7168817493073618,-1.2972796381460461,,0.07289647244540645,0.3355263157894737,0,5
0.96322767524730846,0.26430371626438387,-0.048332092924912272,-0.2566511271479911,0.95830757702360125,0.12560567962007485,0.079515058770851535,-0.10858238065170271,0.99090222627698099,-17.05334361183143,-5.7847872445311976,-2.3820207632349568,0.6307545922489578,0.4194653027439411,0.8679245283018868,1,5
0.48871778273580108,0.87243997854454425,-0.0018473426854639762,-0.87130676599493284,0.48818877950513612,0.049962336782190371,0.04449099200123386,-0.022807880271535439,0.99874939410658237,-14.927606384109549,-1.6739210996448157,-2.2811814781607311,,0.09520134425916127,0.1777777777777778,0,5
-0.78634496590174097,-0.61037966488687878,-0.095384795924566584,0.61498294281279542,-0.78808419097662474,-0.026819544776757933,-0.058801144974426345,-0.079749436520267836,0.99507911882643585,0.26800396338804627,9.0714219666701528,-1.1105418678685293,,0.08968558947819405,0.4390243902439024,0,3
-0.9568781906899958,-0.27048562592149522,-0.10593231023487162,0.28789311936322853,-0.93166871109318239,-0.22160993793888895,-0.03875151616582187,-0.24255089968875673,0.96936442118277932,-23.833860311669529,-3.3171197357443538,-3.0998182764388353,0.7767151927329584,0.523902784472724,0.54,1,5
0.99553427747732304,0.070058839001606435,-0.063271331939935727,-0.064456222733375104,0.99415367116175002,0.086624900961342274,0.068970266917361508,-0.082159827125936627,0.99422978485256919,-4.0797440551919504,-7.9446555639370899,-1.2956046599041191,,0.06998998151261203,0.1851851851851852,0,3
0.76270774072903247,0.64604134067655539,-0.030124547612420137,-0.64539061201056758,0.76329739943673092,0.029121091012315001,0.041807417531328266,-0.0027687813134460028,0.99912185127210495,-15.284637005927809,7.2030568359160467,-2.3217958984873608,,0.1132023551220579,0.4411764705882353,1,2
0.18114425909594484,0.98299809136907823,0.030025152145020079,-0.98235390353592345,0.17941150693176353,0.052842401423553058,0.046557121950517776,-0.039067423068640535,0.99815137672121712,-6.2749155876372464,-11.596319440719112,-1.4008518194818251,0.1734753937942529,0.1371215281962815,0.2608695652173913,1,4
0.99871276552968524,0.02250793276996526,-0.045455526951856472,-0.017439597901258826,0.99389200609558159,0.10897036589982982,0.047630582539904293,-0.10803736937617053,0.99300516334266165,1.9405281411623927,21.544962334652645,-1.1570191334513527,0.1916285267419132,0.2621110940873518,0.7,1,5
0.26695123129585263,-0.93700709390055914,-0.22528814014425411,0.96364492369776211,0.26225437854197831,0.05109894291562888,0.011202729183645489,-0.2307386983485642,0.97295125877057587,-21.224721850179613,12.50327140889241,-2.8185095489712211,,0.1185451492044961,0.5,0,1
0.36184542151057064,0.9320815507721556,-0.017084309819621262,-0.93015863217486294,0.36220101434245089,0.060127732369424917,0.062231904377314191,-0.0058658264102188417,0.99804447904795268,15.942360048476257,-4.7708553974431789,0.36051762784439584,,0.1802773896199913,0.3809523809523809,0,5
-0.20960754730654332,-0.96060774490327894,-0.1824758519475182,0.97756563973348354,-0.20983704179543491,-0.018271176836913424,-0.020738758993732551,-0.18221189950817759,0.98304055234411447,-2.5834490668694379,-16.133265448566238,-1.0025748348572332,,0.07790100521317618,0.3214285714285715,0,5
0.68952585172939429,0.72372754774197068,-0.027794539684030034,-0.7226014378582678,0.69003554467738637,0.041208119187205412,0.049002671376341893,-0.0083296891404354388,0.99876391328321745,-2.5183469614061607,-21.294853586349767,-0.80522214132170589,,0.3460205792087839,0.5862068965517241,0,5
-0.93371170009713256,-0.32693358968784647,-0.14593453681545651,0.35167948429764057,-0.91391771034612901,-0.20267204799832464,-0.067111857565325048,-0.24055944514715807,0.96831149529716087,-4.9707127857183764,-8.6502246109593059,-1.3648447164953985,,0.1427743488854223,0.3146067415730337,0,6
-0.90015544178179197,0.42846468350700434,-0.078346637565829672,-0.41967643608154331,-0.90131058638714456,-0.1072889363557932,-0.11658417400540699,-0.06369648227104778,0.99113616043295105,0.97214024977258251,7.1885411268112192,-1.0654925460960929,,0.2926793216291319,0.2222222222222222,0,5
-0.55653065017142289,0.81471530792161817,0.16282690950194934,-0.83017398187863911,-0.53753991967983439,-0.14785802163684506,-0.032936229771150072,-0.21746218473283974,0.97551289226728399,-1.5976198750653257,5.7604422676272469,-1.2682958837030871,,0.1077553154539064,0.2962962962962963,0,5
0.7994329906737363,0.59924034121687708,-0.042636919221812106,-0.59766571597747498,0.80050469533972701,0.044586149017188437,0.06084887318248778,-0.010161013597657712,0.99809527021977706,-10.988216866632914,-14.280536948485215,-1.7008949399646747,,0.08779183975500733,0.3478260869565217,0,2
0.46509955133238629,0.88505320030655343,-0.019058855619999725,-0.88498357302933572,0.46538380541308089,0.014899299563163345,0.022056355515957672,0.0099371166024434781,0.99970734262332317,10.503703911272094,-12.016141286043061,0.092335615561865259,,0.1496372822656365,0.1818181818181818,1,4
0.91840258292797639,0.39519141683560111,-0.018985250345806455,-0.38914327982206709,0.91092962538027167,0.13702089393185152,0.071443708194265126,-0.11845236031430245,0.99038620491979024,-4.111428381798607,-6.9099223816544777,-1.3369459716472356,0.4377294055073342,0.5108647041824115,0.5594713656387665,1,5
-0.67928326055136512,0.72846993017085937,0.088914637555182363,-0.73268297460449161,-0.66627672453778486,-0.13874791913363693,-0.041831933488901289,-0.15939538003362527,0.98632814122102186,-3.8993841126345865,7.5005269478397105,-1.4505459977280406,,0.09022142197700285,0.1388888888888889,1,5
0.18018805912128277,-0.97280615314283081,-0.14553505336362899,0.98354009901233697,0.18021263985000988,0.013125474204568261,0.013458714088250128,-0.14550461451699689,0.98926602598560553,19.179673157027526,-0.40832177423533023,0.6193384652757512,0.3602024735405999,0.277231225994765,0.4210526315789473,1,5
0.7933967465396039,-0.60149642350016064,-0.093400509082594105,0.60671793907610494,0.79382969293596561,0.041566344756728456,0.049142089735951695,-0.089646367074782352,0.99476056610959296,-6.9632587061788183,-12.954946157464567,-1.4404473601743539,,0.09778744723119608,0.4035087719298245,0,4
0.96251002968752752,0.26076837028311972,-0.074661233654431211,-0.25036369582944479,0.96000039125897563,0.12536853111222046,0.10436696106305401,-0.10197600620979581,0.98929693803021712,2.8832279809989561,-2.4815758998848474,-0.87038914612071427,0.6905282720089063,0.5082290804841149,0.1494252873563219,1,4
0.27926886919366223,0.94106823176246068,0.19078648240053322,-0.9595523963943271,0.26614386214341884,0.091796749491955834,0.035610353455101142,-0.20870560081334805,0.9773299723818677,-1.4286180426832986,8.3527199934761249,-1.2507798520833042,,0.2504541470528637,0.2,0,4
0.23871540253709764,-0.95309103302764175,-0.18609792947223472,0.97105064397412433,0.23599747647741495,0.036957244671769272,0.0086950232310474638,-0.18953277779474828,0.98183589398250093,-0.88982379917606924,-12.301083613011043,-0.9799648525862481,,0.0849850535625775,0.28,0,5
-0.55095909005750054,0.83448478664464087,0.0089006708544841669,-0.83391773509339617,-0.55011284732048493,-0.044238742179784761,-0.032020183942502216,-0.031796164416445775,0.99898133703722947,-13.147549639190931,-9.8656333899825075,-1.9758621424309626,0.5209844212043847,0.3208015389634722,0.1,1,1
-0.57844932875972332,-0.79876151887483515,-0.1654581820950265,0.81438394017466431,-0.57709543875490465,-0.061152698663851042,-0.046638739723685513,-0.17012022376263508,0.98431902217926093,-13.786649688168662,-11.133430291319893,-2.0039671796979301,,0.5148466334641562,0.2222222222222222,0,1
0.1885984366365788,0.98045037937151813,-0.056104218098857329,-0.98183557027934854,0.18945414607762442,0.010297546709001886,0.020725410308708652,0.053143015761658627,0.99837181312539636,-13.600622793242241,-7.3289916741075851,-2.0735265526196494,0.2204219182165507,0.1778200870986717,0.5,1,1
-0.18622614254677616,0.98249747665673537,0.0043049036337474518,-0.98250316964139583,-0.18623573297425486,0.001942526229699999,0.0027102540026342626,-0.003867832298604679,0.99998884713608249,8.0364260277068738,14.54305373392797,-0.52770998456721252,0.3225841694802872,0.3807001000953932,0.5384615384615384,1,4
-0.54046632001927664,0.8376136299732968,0.079369791531658795,-0.84078460932400412,-0.53417929642372797,-0.087941571490015996,-0.03126335952362902,-0.11426235668499433,0.99295856721017739,-12.702784540781574,0.19126611384714984,-2.0906457605047404,,0.07340711209233006,0.2947368421052631,0,2
-0.99529177901793153,0.071851428194605368,-0.065051109796196147,-0.071374168521852355,-0.99740308351612805,-0.009634161112091609,-0.065574405732232957,-0.0049458324794718093,0.99783542533523506,-11.533037806069427,-10.989512319851741,-1.8413666214312716,,0.07803891302118376,0.4482758620689655,0,2
0.85733608888576207,0.51335895606410575,-0.037913228863240118,-0.50997621817755667,0.85708141724457543,0.073045883575646287,0.069993482463597781,-0.043290027059373931,0.99660768909828135,24.738740193388765,-1.8996740803992427,1.1482576430816445,0.1657468938032538,0.1595094119769538,0.4,1,5
0.93409499519550221,-0.32364327857650205,-0.15073675126845085,0.35160818338654382,0.90717595534627127,0.23109191118945152,0.061953412547886284,-0.26886207295531955,0.96118414489619963,-0.44415346727847749,-13.75424639502859,-0.89557217954555046,,0.6331216837889648,0.3023255813953488,0,2
0.31775087323560219,-0.90435962810276938,-0.28490006250584365,0.94817421183149275,0.30299938230351398,0.095692415276327811,-0.0002158141340524418,-0.30054124073329835,0.95376879590535435,16.491060151146232,4.7145121280208997,0.29151858300708527,,0.3682211921008992,0.2857142857142857,0,5
-0.80801645427096691,-0.53879993602989973,-0.23833597831958181,0.58599233822067354,-0.77686851609814189,-0.23040895868463987,-0.061011385609932661,-0.32583728704623166,0.94345517815967772,-30.714433281663066,-6.5409051248739338,-3.7393509241725882,,0.2992641896858619,0.375,0,2
-0.98264825337790052,-0.15691052536177533,-0.098901451779293881,0.17257361964299928,-0.96887674603088536,-0.17747167887839188,-0.067976142408008047,-0.19146001679539582,0.97914365954748006,18.082849761883551,-10.494673854302993,0.73455422603775811,,0.4203731720317472,0.4444444444444444,0,6
-0.41342369486537062,-0.90659336283204406,-0.084671854785114575,0.90989877697309485,-0.41482890457896504,-0.0010934297796660738,-0.03413303658821009,-0.077494866892604569,0.99640829052079172,-4.9985528358071347,5.033409310588385,-1.5042400775297808,0.5075814963164433,0.4230006475654083,0.8729508196721312,1,5
0.95388336401976848,0.29876696586328311,-0.029065924295951812,-0.29482763591059075,0.95068005569129721,0.096354018152667059,0.056419792180602529,-0.083341057226556214,0.99492264786296702,5.679661425491612,-5.5071813261084346,-0.53586709816674871,,0.1175222116475455,0.1777777777777778,0,4
-0.60519008443911493,-0.74305478303859063,-0.28568260552587055,0.7862380591992234,-0.6141519172847727,-0.068169910973067127,-0.12479854151077034,-0.26587029149363517,0.95589660117497743,-8.8822350141003206,9.6461995130675948,-1.841193896155495,,0.6422207650069691,0.175,0,2
-0.77479808959206453,-0.6257331484698897,-0.090254901642216986,0.62941920534936435,-0.77687449930587038,-0.017247500271865054,-0.059324398874848507,-0.070171498731408891,0.99576933898565378,5.8904528471466167,18.04344944617317,-0.74763342674499433,0.2518750014742912,0.3102539178252078,0.5,1,5
-0.89473177178982444,0.44616451239997817,0.019806171379920155,-0.44016391841745572,-0.87345801419953928,-0.20815096049259213,-0.075569712671363698,-0.19495723968472414,0.97789615666556329,14.03753637852374,-16.713776592509134,0.50213121169099451,,0.389053669985376,0.64,0,5
0.3431589228908824,-0.92058980117909617,-0.18643060801649838,0.93922111037188805,0.33848352389657327,0.05738126769560762,0.010279079344301204,-0.19479045668509998,0.98079101673712488,-6.8742128757904304,-6.6854039858627585,-1.5459258623858754,,0.1513119570774863,0.2356687898089172,0,4
-0.28272765143474371,0.95918644741981351,-0.00514142007157417,-0.95915837232028966,-0.28276132596678882,-0.0078261961000630782,-0.0089605759908208717,0.0027187540642273971,0.99995615726603304,-9.5790566075597905,-11.483772941447608,-1.6743701545502492,0.4543620946589716,0.4088568254806142,0.8755980861244019,1,5
0.99760801112188835,-0.0020402370277711143,-0.069094815856903996,0.0065548085196420122,0.99785230208969988,0.065175284422513163,0.06881344803670128,-0.065472289154688723,0.99547882384415576,-18.631712457653855,7.8923760235138722,-2.5766042925110506,,0.114402546873162,0.5714285714285714,0,2
-0.24090587298099295,-0.92845659973576666,-0.28272372162654608,0.97053053689084923,-0.23222525981839442,-0.064357638743504253,-0.0059023152767312802,-0.28989613848648998,0.9570399111661938,-12.165946909045802,-15.007845774104769,-1.7780114689090938,,0.1742358870156362,0.2608695652173913,0,2
0.33042272617018226,0.94382061518438298,-0.0048444177396451266,-0.94361995522832376,0.33045283596484282,0.019552577776032389,0.020054977565679512,-0.0018893268018199394,0.99979709357402846,5.8642905208959508,-12.159129884819654,-0.33279879850376376,,0.1022419903353957,0.2352941176470588,0,5
-0.91225354001314629,-0.40313735011768526,-0.072620628430034445,0.404419350414643,-0.91456786605481488,-0.003256898853180258,-0.065103515601543815,-0.03234030488465614,0.99735431865324897,-5.3174426844579203,2.35373627771656,-1.5305220620696971,,0.08838534457222855,0.5235849056603774,0,5
0.48657228405089109,0.87107702998971981,0.06687466050595596,-0.87193240121784132,0.47941214386934788,0.099488109928192986,0.054601282951845971,-0.10671834019925315,0.99278894824888542,-13.667235787032263,7.7485189584300258,-2.1965868724603324,,0.3989243723680806,0.5892857142857143,0,3
0.83150234481012686,0.55529571054589455,-0.015827963374779461,-0.55116653184447817,0.82820984013837451,0.10140963895261673,0.069421212534738014,-0.075598508896010455,0.99471883499957348,-2.9071956687389617,-18.061465576538964,-0.95720250393497452,0.5069486061983272,0.5574950333249123,0.63,1,5
0.90009297761852936,-0.42347288602097288,-0.10248583534751089,0.43154110140922308,0.8989060072706837,0.075764555612708964,0.060040898030621369,-0.11242199472409706,0.99184494033388648,-7.8993509782626097,-8.7304637336632389,-1.5882647496413289,0.1595197861216685,0.164332007847174,0.4020618556701031,1,5
-0.077002170091770614,-0.98488667498339932,-0.15514155871752189,0.9970176831454538,-0.075261274626593766,-0.017072786440759935,0.0051386084137044858,-0.15599351903756992,0.98774471232289873,-8.7534254165378833,13.181236028051934,-1.8739719503808925,,0.328707541834172,0.1914893617021277,0,4
-0.9293090364508515,-0.34044898948938346,-0.14310555658830507,0.36234949589982357,-0.91541256648424663,-0.17527885195844109,-0.071327116806546395,-0.21474244731394634,0.97406268983555833,-8.5901901083809395,7.220453669819709,-1.7962482019726518,,0.1368144978244091,0.1384615384615385,0,5
0.43558216306255676,0.89990795234438425,0.020829222959180382,-0.89937868646583252,0.43413580304940552,0.051420646064035166,0.037231136871432292,-0.041131275423778153,0.99845984427480872,19.548159517974746,1.190202699987724,0.62911009638474968,0.1729727403273194,0.09464298820336418,0.25,1,5
0.98704253271544662,-0.1334121037114499,-0.089152953927289127,0.14545227917140757,0.97852682850923578,0.14604410419972211,0.067754506082761137,-0.1571192428410399,0.98525269369565238,-24.955905673094733,22.923383275758983,-3.1778785068053059,,0.2416865592265212,0.4285714285714285,0,1
-0.011744714156176811,0.99246393137989231,0.12197297487295211,-0.99993071823553148,-0.011560918300990259,-0.002214474432354644,-0.00078766640364000924,-0.12199053273924969,0.99253095140838321,-9.7962611097403123,23.113253253755374,-2.049178225572299,,0.3409846446090215,0.53125,0,3
-0.58782759683080621,-0.77145750534949697,-0.24354062052160938,0.80759424310828964,-0.57724630722703418,-0.12074037970414674,-0.047436851734367416,-0.26765653033819997,0.96234594967966092,5.2598142672390242,12.299494335418165,-0.73583416301027205,0.5581195018139087,0.5804246661272955,0.5087719298245614,1,4
-0.26261289757105727,-0.95891526450544839,-0.10731254133501271,0.96444599939347109,-0.26427663537689872,0.0013320089314525741,-0.029637481054588997,-0.10314734845022025,0.99422444358626938,-5.2226752269217203,-15.338991100702103,-1.2397195510134584,0.1344313759826571,0.09212159752589411,0.3157894736842105,1,5
0.36390307033919278,-0.89369862233177055,-0.26244490438948465,0.92980489587735826,0.3652192105512192,0.045582714342622357,0.05511271178417345,-0.2606102467030823,0.9638697465493743,-6.0416614081334661,11.388762983302998,-1.6400014598968331,,0.5974390073996344,0.2686567164179104,0,4
0.46990652581160974,0.86681701892395013,0.16678163179276806,-0.88181827507457422,0.45245341496949454,0.13297532488000904,0.039804355844110462,-0.20955706379465686,0.97698590075271652,4.8694714648078428,9.3502515360616396,-0.75083912395826446,,0.09259394861001442,0.25,0,5
0.035851088717053489,0.99934502172063921,0.0049220930484696569,-0.9993385955613554,0.035819981357859292,0.006268999679431027,0.0060885843395698516,-0.0051435880179544089,0.9999682358170392,-13.933250326991836,-0.96286417047953121,-2.1973259364921618,0.3170995925731321,0.2320064107395195,0.6621621621621622,1,5
0.8538237468830211,-0.5042953005932892,-0.12911722990431007,0.51758537528846504,0.84890061159903396,0.10711270192784937,0.055591263217677732,-0.15828455839502997,0.98582737334056225,-22.351852630579575,-3.1968702980931267,-2.9436600059727049,,0.3795876631986419,0.2962962962962963,0,1
-0.70816082646312573,-0.66960736817641231,-0.22390671349229904,0.7025547653146883,-0.69980329903136917,-0.12919808202305624,-0.070178669100283433,-0.24879974909286331,0.96600913000584121,-44.000000964601924,-8.3544039770110672,-4.5981234698241344,,0.2697479196272137,0.7333333333333333,0,3
0.54921142837603454,0.83004456861647102,0.096916567476640431,-0.835153548439169,0.54103039446785872,0.099018497218547621,0.029754957076462928,-0.1353223055237073,0.99035474258324641,9.6755186450074397,-2.5368347333847003,-0.24182270348472418,0.3605753083434642,0.2317297771836882,0.375,1,8
-0.89005754638461887,-0.44457046612639906,-0.10077035661318809,0.45027393404575494,-0.89188788438247213,-0.042301134863234925,-0.071070024924379527,-0.083024709213069578,0.99401003476692018,-32.333828562098162,-6.7568043081524083,-3.8825316212275389,0.2887989214016765,0.1737605848583282,0.5333333333333333,1,5
-0.79733901955195641,0.60225144867580327,-0.039289699258477855,-0.6013913065273343,-0.79830374207209731,-0.032243322208362984,-0.050783701453037462,-0.0020803753465919346,0.99870750858554491,-2.1479608655252833,-7.0483164245105732,-1.1777952664512779,,0.07474995651709912,0.2307692307692308,0,5
0.9576882609081695,0.28619471230589283,-0.030426658818064275,-0.2758759091677041,0.94296535537733472,0.18630303620442476,0.082010228993560627,-0.17002624858015841,0.98202107774435243,-0.34247588366059212,-8.8735824592709296,-0.99164587889832223,0.2057998377405553,0.1360414743408375,0.1666666666666667,1,10
0.94257010700055499,-0.30558286312280081,-0.13483585263064754,0.32761151623342605,0.92446602735520456,0.19502117499728458,0.065056036001263542,-0.22799490790751778,0.97148650744518561,-1.1812060812103997,17.626073321649667,-1.3425366292006204,,0.4169714672931769,0.2857142857142857,0,3
0.54493213747904712,-0.83096726530106335,-0.1119927209268031,0.83784841825727518,0.54482642102590817,0.034266586872367909,0.032542181338970584,-0.11250588851332134,0.993118035020777,-7.9895018622899094,-12.80013175479329,-1.5151894479169017,,0.07332430953331326,0.3636363636363636,0,2
0.62163980604208913,-0.73294806734312379,-0.27631699571675544,0.7824267136869234,0.59770985579710623,0.1747894905081061,0.037045772404345902,-0.32485390387215929,0.94503838646162031,-6.9893946632183379,-21.76485859477889,-1.1441854253941559,,0.4416071719712295,0.2352941176470588,0,2
0.085353098581183603,-0.94474993470722668,-0.31648445369920064,0.9963504451395806,0.080677797744645979,0.02787262853110559,-0.00079939524001191621,-0.31770844153368771,0.94818811801534675,-1.0993354706081111,1.5384544863558252,-1.2333614407624269,,0.674934521354286,0.4244186046511628,0,2
-0.96475617667313562,-0.2366669307111981,-0.11504035587034474,0.25511804530580318,-0.94836753663516327,-0.18845105045050697,-0.064500407210968697,-0.21115818564359354,0.97532144347662419,12.636985313533312,-10.106485521334449,0.21994597758024267,,0.3760695089278272,0.1,0,2
0.076982827133998316,0.99441914535519838,0.072140194603936211,-0.99702606240765246,0.077038928191809866,0.0020085873019164906,-0.0035602256036927201,-0.072080280896331242,0.99739247936785502,-11.041031002887191,25.454270162699313,-2.1621735082902029,,0.228292809025966,0.3333333333333333,0,2
-0.40082028430027483,0.91485540014528988,-0.048812872466685239,-0.91590013992737596,-0.4013997144314243,-0.0022809943850221589,-0.021680253099543582,0.043793447904602247,0.99880533666283888,1.6801591920131387,-11.564555343344223,-0.76125854537061832,,0.09102740374501328,0.2307692307692308,0,5
-0.89567455013388264,0.44145619417927234,0.053698499636572757,-0.44076510444554118,-0.8651855053900519,-0.23912374195397471,-0.05910349351415238,-0.23784547480183985,0.96950312385814885,-10.569046489911852,-15.941788489945914,-1.6348995468961383,,0.271864856301084,0.4482758620689655,0,1
