axis_00,axis_01,axis_02,axis_10,axis_11,axis_12,axis_20,axis_21,axis_22,location_x,location_y,location_z,dbh,dbh_approximation,score,reconstructed,number_clusters
0.29974321407166432,0.92758516277814618,0.22302414983994226,-0.95391027168653786,0.29494838111716232,0.055323105907762363,-0.014463719746478008,-0.22932775294369803,0.97324179037939507,-0.66956385457436329,17.041224133106677,-2.4449627496825417,,0.574064348501291,0.1176470588235294,0,1
-0.6860823817523497,0.71922172808421625,0.10959503319301261,-0.72750432021517908,-0.67713091357321586,-0.11059471032446716,-0.0053319337274650011,-0.15560794239066414,0.98780450431635014,-15.603495081866432,12.403302621132989,-3.5955137718019783,0.3779482162986857,0.4110805286696583,0.4805194805194805,1,6
0.31800224526696996,0.94615660599952034,0.060516517816480618,-0.94796125766482908,0.31836239408114936,0.0038522722427818258,-0.015621330662892719,-0.058592345561391299,0.99815976229756564,-7.1978417669813775,16.606432897832452,-2.8441294790553493,0.05923597832440717,0.1144794623143338,0.4242424242424243,1,5
-0.83628094709441214,-0.54493678793454026,-0.060647132516386093,0.54824079545585958,-0.83269943061048257,-0.077741163220691079,-0.0081368129387749538,-0.098262685779321193,0.99512724656630458,-13.408779929575667,10.858014804320254,-3.4025951150908855,,0.08995613098833929,0.2941176470588235,1,5
0.98768703536984948,-0.15519624752558883,-0.019709005969255958,0.15579735458749075,0.98720705033664713,0.033903157215202928,0.014195226868906939,-0.036556319831120787,0.99923076964960766,2.6299791436753019,5.3104375698087205,-2.3414399942672941,,0.09981056523779611,0.2705882352941176,0,5
-0.895124916973002,0.44554491132079443,0.015527878484215697,-0.44522011959145458,-0.89158791558573225,-0.082764931537814834,-0.023031025271276939,-0.080998276386806844,0.99644811761441887,6.8149731964025371,2.2256088700075587,-2.1491394062006619,,0.07636387288166366,0.21875,0,2
-0.0049741071256701993,-0.99468972428568236,-0.10279888452106693,0.99986180191003626,-0.0033163909831787223,-0.016290446036323479,0.015863017982654892,-0.10286570833528533,0.99456875614970019,8.2169119358664471,8.5627477367998743,-2.0755452264243819,,0.1043232291433573,0.2631578947368421,0,5
0.90061743644231762,0.42478945438939336,0.091881187495749903,-0.43417135892496783,0.88889278518612413,0.14616719034482947,-0.019582243623094978,-0.17153290029500609,0.98498375613563738,-19.249470816396727,-2.0736582356859841,-4.0274585899781119,,0.2062382327594156,0.5769230769230769,0,5
-0.98712896348264212,0.15892170194738434,-0.017896985886798528,-0.15582427860184977,-0.98095147322030329,-0.11598707421575222,-0.035988937910122899,-0.11170541543302184,0.99308947054685759,8.161534868378169,14.668376220229158,-2.04228357379559,,0.153457007624631,0.45,0,4
-0.96829910796374441,0.24973241476526756,-0.0055279772182523883,-0.2491510545811611,-0.96715813192882139,-0.050288168042277502,-0.017905013759069575,-0.047316686902839952,0.99871945090842518,-15.494158810773117,-0.57261724185798923,-3.7215252697050634,0.5540844777067228,0.2889998089556667,0.8061224489795918,1,5
0.93577281564223436,0.34051324891497381,0.091542147770164922,-0.3524010870343271,0.91196355803881779,0.21008556034674436,-0.011946186087202122,-0.22885190871511249,0.97338794553632135,2.4544497146640221,7.7820365007295047,-2.3743837081672576,,0.3430019361318951,0.359375,0,5
-0.18599210938431429,-0.97849904897554651,-0.089143403573821042,0.98247985195358922,-0.1841179634676478,-0.028877604363595787,0.011843806483884002,-0.092952604495397578,0.99560008917511411,-10.95846822185614,9.5012100069385781,-3.241698999766117,,0.08849063844355336,0.2264150943396226,0,5
0.98856529396761905,-0.15062688429263063,0.0070852869390765445,0.14931398723308781,0.98435095136711903,0.093587059785018467,-0.021071136164714482,-0.091458986824377891,0.99558588828377115,-11.344143088296994,8.2612763110029643,-3.313657566453188,,0.1508542536359171,0.2040816326530612,0,2
-0.95964011269750948,-0.2750799541401614,-0.058496777109147705,0.28109801511800331,-0.94460238737206881,-0.16944095038598658,-0.0086463864492301642,-0.17904566066016298,0.98380277057961951,-19.118705980164588,-12.172706271975603,-4.0993859335819032,,0.561361138933032,0.3461538461538461,0,1
-0.13279159337819652,-0.98443853906302148,-0.11509628810497012,0.99098642626270728,-0.12980176573006022,-0.033127097313609667,0.017671889857807613,-0.11845785926151613,0.99280181299594261,-16.668867751139725,-18.092770106202394,-3.873487580741648,,0.1427051216649268,0.3333333333333333,0,1
0.58028844833269233,0.80341331782333902,0.13338799599563575,-0.8143854822633253,0.57373150548547891,0.087226405933628515,-0.0064500395633253277,-0.15924572319990712,0.98721790737008563,9.5932992062302898,4.3323696059538026,-2.0217524038509098,,0.188630191312966,0.5882352941176471,0,2
0.33590988011509404,-0.93567072809885343,-0.10809644314233061,0.94156465240418086,0.33660896485797587,0.012264180373533599,0.024910997251329125,-0.10589944927242041,0.994064760898273,-7.0237321775341535,-14.74044003813116,-3.1873143470827343,,0.1400301906732502,0.3636363636363636,0,4
-0.3715094850459435,-0.89924091385320004,-0.23096857226332687,0.92833962208734011,-0.35634026196017282,-0.10586389265887793,0.012893742033745496,-0.25374671733564796,0.96718475735391429,-22.132851346767367,0.81566507963850421,-4.5725798225725267,,0.7277962241952347,0.6,0,1
-0.96194218168582646,0.27325088825871546,-0.001091402462617041,-0.27285229726073457,-0.9607399159595883,-0.0503034567550142,-0.0147940181510043,-0.048091225268095908,0.99873338338075035,0.82736054111135304,10.995295516392019,-2.422394398986973,,0.06765030520471266,0.2285714285714286,0,2
0.067076943206139453,-0.99683674457523985,-0.042628492288142486,0.99746459389217701,0.068014579813386086,-0.020938024365373425,0.023771151037272061,-0.041115953077222891,0.99887156871187222,-2.8969747123663461,-8.7026673763623581,-2.7972593998981838,,0.06998648830180419,0.4166666666666667,0,5
-0.36555037394191281,-0.92907316311652144,-0.056533014138544203,0.930700367561759,-0.36398959782692702,-0.036171791415397316,0.013028811585661548,-0.065837908916164548,0.99774526800091212,-13.68815155212984,-7.6474329100455698,-3.5802516209693804,,0.07072153502598344,0.4285714285714285,0,1
0.29193967512192487,-0.93797246909163978,-0.1870263973770456,0.95601225224029951,0.29200188983849479,0.02784726013769619,0.028492098134990512,-0.18692924746245343,0.9819601095701318,-13.226055553157307,-14.129428429406913,-3.585098267610022,,0.1282202303484068,0.3636363636363636,0,2
0.99210332610357921,-0.12111721299429533,-0.032582373313025499,0.1250195748769326,0.9757844418024485,0.17948489918061344,0.010054662192531608,-0.18214099992252814,0.98322101275115925,-10.662986124046569,19.68642716123431,-3.0247367291267095,,0.2534329869708113,0.1785714285714286,0,5
0.039733087208498566,0.99407070924676755,0.10121613902195116,-0.99920345111037034,0.039904286315494461,0.00033350079046439644,-0.0037074344239695464,-0.10114876643479231,0.99486440381526975,6.3350993808506342,7.4180300703770792,-2.1663713228868478,,0.2613786210204262,0.6511627906976745,1,3
-0.75550789477885416,-0.65408519286761579,-0.037153484334021519,0.65512807579807808,-0.75394327513223891,-0.048751842877799802,0.0038762388900108842,-0.061172692880137526,0.99811967038920757,-6.9656351929952223,7.3375088913574587,-2.8946249560907975,,0.07801224555190328,0.3373493975903614,0,5
-0.89765782169139174,0.43922185541143854,0.035980507016980488,-0.44035885826095306,-0.89080293229683705,-0.11204557895100949,-0.017161325921258075,-0.11642292532096174,0.99305145453412147,-1.7773296481822873,2.1126031235374021,-2.4995727999719768,,0.2033000262959601,0.3393665158371041,0,5
0.67617492621391384,-0.71445785812210461,-0.17982613304851638,0.736211117679338,0.66450847207543895,0.1281471058795533,0.027940282120052021,-0.21903985826223515,0.97531578533699104,-12.936564277530699,19.546917840084031,-3.1855667584144092,,0.3527858214870056,0.1481481481481481,1,5
-0.99088496908009505,-0.13459062617996365,-0.0056869495888377071,0.13338156975149129,-0.97431787975813289,-0.18142223136717914,0.018876835056987111,-0.18052709638196576,0.98338885115204,1.3577436115182047,16.295427786915791,-2.3600782021685278,,0.2155172406549733,0.3571428571428572,0,2
-0.87175898423069231,0.46681853895241399,0.14871692944451373,-0.48976274620600002,-0.8222873560357381,-0.28978605303311683,-0.012989451175023835,-0.32545960700844051,0.94546671986066366,12.771772293272074,-10.088005362890149,-2.1281073026492741,,0.5193878695526679,0.3076923076923077,0,2
0.41528091112218379,-0.90423912090487124,-0.099465456731036808,0.90954080119157621,0.41472340377250311,0.027203480129098286,0.016652201815793258,-0.10176497721973944,0.9946690874789218,-1.4022693555019805,-4.8782951387427671,-2.6501924818961968,,0.1512092621861909,0.7175925925925926,0,6
-0.27391572603517172,-0.95949646655393317,-0.065853668851041547,0.96163672491456831,-0.27217171595635747,-0.034312772096635677,0.014999477531182618,-0.072726114318653431,0.99723915284644848,-6.4727765575053846,20.216019481355307,-2.7475268206582575,,0.08222339608981216,0.2941176470588235,0,1
-0.66718170946932931,-0.74057827358413642,-0.080077382853867562,0.74488094765856205,-0.66264241055580619,-0.077829361734979507,0.004576064342559384,-0.11157444343545672,0.99374554248419233,-10.0772467199776,12.879723827105483,-3.0983616989597449,,0.08539933164243226,0.1875,0,6
0.5360396812428958,0.82275861480676848,0.18902307238605554,-0.84019282085166891,0.5417252793788796,0.024693024747733269,-0.082082177860555744,-0.17205226950878683,0.98166212753398285,-7.6933641069728491,-11.703266772842168,-3.153171318707237,,0.5382938002747144,0.4444444444444444,0,2
-0.063789927600700888,0.96616770783696782,0.24990159157107755,-0.99777657314062684,-0.056901457711379923,-0.034700636911563519,-0.01930686998053998,-0.25155950477646499,0.96764924447248679,-13.721305101892545,-4.3818809217400894,-3.554634828929248,,0.63469737982598,0.1875,0,3
-0.67608455740921969,-0.73155123556750079,-0.087991255090733397,0.73680977347989429,-0.67049018341279132,-0.0869153131018289,0.0045857319248715778,-0.12359491772214858,0.99232215906729027,-15.83312464997446,-7.6223425175856985,-3.8503342534865626,,0.235213450513741,0.2857142857142857,0,1
-0.68738950176353708,-0.72387004164223656,-0.059226984374898234,0.72628884706313968,-0.68505191026850087,-0.0566426594465229,0.00042836546681486394,-0.081951467652178436,0.99663622924951012,-8.9869679367194664,9.6908306495541492,-3.111994591794859,0.5670258406392394,0.1788006352833798,0.9022556390977443,1,5
0.94419109778755328,0.31696956755985395,0.089629593883127384,-0.32931366467163276,0.90216836358443764,0.27864808272786973,0.007461978241356481,-0.29261328915190704,0.9562017474845087,10.049640926480503,12.127139852034025,-1.9657260303283306,,0.3804506391060946,0.1923076923076923,0,1
-0.98590063173364306,-0.15293009119741494,-0.067914148404831065,0.16616416645453921,-0.94262345279486792,-0.28956950120402791,-0.01973357883586296,-0.29677165202800571,0.95474455872704322,9.3580902503569412,11.235844557707058,-2.0122872246038841,,0.1703128548638521,0.375,1,3
0.77607960193353143,-0.62678953722343267,-0.069536519109926101,0.63050329873666267,0.77343928771571302,0.06524767045646887,0.01288571864029418,-0.094480390796420038,0.99544332536316571,-10.139484802462091,9.9312113096073933,-3.1763590385812366,,0.2531873638414463,0.2564102564102564,0,5
0.98108903269036396,0.19290415259239596,0.015883886403988075,-0.19297299856778036,0.96845987848653747,0.15762894907218089,0.015024372148098717,-0.15771319435751222,0.9873706581457159,2.6511204309573646,23.376928464153217,-2.1756906421248847,,0.4997719470615422,0.6557377049180327,0,4
-0.98406394989337886,0.17741453068839919,0.011925888682063653,-0.17701785015846289,-0.97110374877509564,-0.16006932823071521,-0.016817349539033185,-0.15962955057122533,0.98703372958522084,-17.844842074515601,11.407961494245441,-3.8072501996815573,,0.3728180791656243,0.5172413793103449,0,5
-0.62771197306669257,-0.77135681195086203,-0.10481577899210663,0.7778102483609165,-0.61604869541005269,-0.12447980731147351,0.031446723413560113,-0.15966425254444014,0.98667037557939086,1.6589384057733272,15.185903356296782,-2.3657377079718493,,0.2151695238956804,0.3571428571428572,0,4
0.095068554123552626,-0.99254349410220777,-0.076284876169779317,0.9949840633142415,0.097138580593662399,-0.023891628469634454,0.031123684992938425,-0.073630893486565471,0.99679978318458262,-24.810195690576549,2.8761858440254695,-4.9418510896012702,0.4276020967562109,0.318816131071899,0.875,1,3
-0.05160914705643227,-0.99240201754923751,-0.11169033756019499,0.99856179399926193,-0.049653835507438598,-0.020219796843085551,0.014520313532529609,-0.11257323031521745,0.9935373311110729,7.4769503812787095,-8.1845072414073474,-2.3104182136382563,,0.143654793529285,0.3928571428571428,0,5
-0.99977150861127428,0.016401344158612576,-0.013708627900991229,-0.014924783891049401,-0.99471027654569044,-0.10163029351626537,-0.015302986471358028,-0.1014024735604981,0.99472778033031262,10.936089353252928,3.0229752991584737,-1.9812789665251649,,0.07154966852846416,0.3333333333333333,0,5
-0.85302963181311531,0.52005537611568298,0.043391854327252392,-0.52123873685013611,-0.844995656848197,-0.1195513241857231,-0.025507380415416229,-0.12459833739203979,0.99187934138355949,8.5069729695063039,-9.6063721373459323,-2.2664277635198253,,0.1552396380556322,0.375,0,5
-0.66794144805746669,-0.73548203153253189,-0.11366795177038862,0.74358419214513327,-0.65326463120740397,-0.14257584229218315,0.030606717543132857,-0.17975400664863009,0.98323533598777879,-14.641920914140574,8.1502118895771236,-3.5665633085784445,0.3378076560782589,0.3408905110870611,0.4516129032258064,1,5
-0.16605435558305559,-0.93627360758345135,-0.30954431465392107,0.98596675361659603,-0.15216513036334975,-0.068668288636431291,0.017190455335665603,-0.31660307143831434,0.94840233203065161,-12.216535732638491,7.5951502421523847,-3.4047598931205512,,0.1281270561304846,0.2592592592592592,0,2
-0.54481104791725332,0.82713552624222275,0.13794108632059587,-0.83855335700888001,-0.536791154728127,-0.09318542619306211,-0.003031421521819364,-0.16643941069844531,0.98604702375186537,-10.890559748757671,-14.538505187201492,-3.4069504070619478,,0.3174758414227099,0.16,0,4
0.39138882985472817,-0.90729533404011531,-0.15372039778110541,0.91825714681599657,0.39598382480959526,0.00078918344410396676,0.06015476860807735,-0.14146373145862659,0.98811407058877021,-11.93378067917317,-7.4042901928164229,-3.3744930947528227,,0.1932676743543867,0.1833333333333333,0,2
0.025805590903070164,-0.97269303929878315,-0.23065628709800531,0.99952687523238748,0.028968621346160916,-0.0103365693284096,0.016736103678026849,-0.23028041661634369,0.97298038652209229,3.9960492432535886,5.0276496948309752,-2.2893888574946186,,0.1116126448934828,0.3,0,3
0.67628924651613531,0.71252082184914278,0.18694098929357422,-0.73662627443431139,0.65282491761659422,0.17663906349365119,0.003819274756416993,-0.25716474363782721,0.96636003009749216,-8.4859665774127784,15.435473779921695,-2.9590614592392805,,0.1576179208250992,0.1333333333333333,0,2
-0.099807716735046681,-0.99045430805974544,-0.095071990228607475,0.99499387172727216,-0.098863771224039748,-0.014599656315621979,0.0050611170022242863,-0.09605320601235813,0.99536333401900912,-5.5521210382148167,11.354955716816406,-2.8474276606293056,,0.3385645878126268,0.4733727810650887,1,5
0.79790635918415198,-0.59481353930905712,-0.097684673455586402,0.60252111291371802,0.79178129969879008,0.10025308943124908,0.017713002758047443,-0.13884965575012409,0.99015504979339775,-11.163482972547076,22.234238416529262,-3.0540782765034264,,0.1141688236742221,0.1764705882352941,0,2
-0.1301773940330847,0.97493536362275612,0.1804297171768558,-0.99051328567193619,-0.11979915244605098,-0.067317115064403563,-0.044014508859481168,-0.18748119860661491,0.98128157181253861,5.4293868697285887,6.451078625185394,-2.2037913383157979,,0.3051692021350157,0.5217391304347826,0,3
0.093803324138350588,-0.98988646775276801,-0.10642235357547664,0.99542889042437854,0.095178123965651923,-0.0079024570147395046,0.017951615222211725,-0.10519460859914458,0.99428961265447513,-10.381339720477204,6.9215841461091339,-3.1959468011379939,,0.08043856069340946,0.2424242424242424,0,5
0.47719020970118575,-0.86023496546308742,-0.17968112855850857,0.87856856947750528,0.47167874013637678,0.075076193494411442,0.020168601626994572,-0.19368781659691761,0.98085587993870438,-33.468450670600127,4.2919309324740098,-5.9118492594365044,,0.417813859186515,0.5161290322580645,0,2
-0.83807415087485182,-0.54155105083044797,-0.065986187795885651,0.5455454580140231,-0.83266857085640511,-0.09509576409189717,-0.0034454137147711689,-0.11569576678681771,0.99327872154393004,-11.13867356394309,11.054791215735177,-3.2366258530577672,,0.1251097200862737,0.2666666666666667,0,4
-0.96905094319605456,0.24283075211962074,0.044424039841667866,-0.24684901425283981,-0.95142457134526315,-0.18400230760205741,-0.0024152956829696791,-0.1892736401760691,0.98192141003303424,-1.8911701555401443,23.631223357606505,-2.3920949344775018,,0.3471116285213839,0.5862068965517241,0,5
-0.81361538798765709,-0.57264669618031416,-0.1005274180682396,0.57972740899280284,-0.78593156053358237,-0.21500631018586649,0.044114982627072856,-0.23321094209110488,0.97142499700017682,-14.711557519141142,14.278052308507913,-3.4555814850900619,,0.3391195944381304,0.5294117647058824,0,6
0.93152299876060796,-0.35566554932703293,-0.075940238358485873,0.36162633835367358,0.92801080261798019,0.089567525550536944,0.038617278373264431,-0.11089620032368808,0.99308143601862253,-9.6186132327830123,11.933493163990899,-3.1018414679741104,,0.1267705529455045,0.2068965517241379,0,5
0.21729958965240581,0.97594377365115892,0.017738066648626188,-0.97596730374439988,0.21753824726048046,-0.012842624370605613,-0.016392387220364915,-0.014521076074905565,0.99976018523986243,3.2126282465096265,2.6390781090821607,-2.3137298164576365,,0.1005535214686242,0.3837209302325582,1,5
0.29260320972222892,0.95591703609624878,0.024616696797328509,-0.95612666864407414,0.29285902557699772,-0.0074420861104690225,-0.014323238734082642,-0.021359102018898502,0.99966926210277751,2.4139571625513145,-5.0468984376560115,-2.4670505171655743,,0.07037999669120551,0.1276595744680851,0,5
0.024080012113191166,0.96324162875053576,0.26755507406633827,-0.99952077945478413,0.028404597249150301,-0.012304076284498963,-0.019451592601372546,-0.26713057387189648,0.96346400661786091,-22.028994990320058,18.426744920063296,-4.0330357987233159,,0.3413553550459307,0.3,0,1
0.29294063825411071,-0.95328798102838963,-0.073673656662957179,0.95590912142247164,0.29366056351135078,0.0011068059972014401,0.020579942677123486,-0.070749548867911835,0.99728178931252631,-9.8747969490615404,16.494655957716994,-3.0626644741018003,,0.08949730103603427,0.3448275862068966,1,5
-0.7911344508086916,-0.60806856659887987,-0.066021958907721792,0.61164092116596003,-0.7862825742830758,-0.087493410803529278,0.0012900770849740746,-0.10960078326892951,0.99397485079248948,-18.6456911887709,13.549489421217269,-3.8031328646851219,,0.09697046431108547,0.2857142857142857,0,3
-0.5175241694826973,-0.84708661822454379,-0.12088422240371785,0.85478094187899667,-0.50536885554866284,-0.11811799711259663,0.038965053595508954,-0.16445844784121613,0.98561409462931171,-9.4787480110451003,7.5073586044166927,-3.1199904740738691,0.3101903736605734,0.1162372440891001,0.3798882681564246,1,9
-0.98030475967520814,0.19747157807387827,0.0027484561384191471,-0.19670490966517232,-0.97506943252098432,-0.10269751835766337,-0.017599905447161689,-0.10121550086927589,0.99470883464058613,-10.313145975080472,5.0432447431255518,-3.1257380943987725,,0.09132614413215201,0.3393939393939394,1,5
0.47363163591770752,0.87942332531896317,0.047829785101474731,-0.8806406631865219,0.47214568796156842,0.039376029277982588,0.012045571813710512,-0.060770586834705966,0.99807907501131699,-14.86024553869844,10.102575193962842,-3.5387010865037447,0.1327310209829411,0.1650598116547657,0.3947368421052632,1,4
0.19550885720697428,0.9803814089006273,0.025071494483659456,-0.9804761420089404,0.19594851515626283,-0.016453399628039312,-0.021043329225363751,-0.021365216827289223,0.99955025176578061,-16.128139278811748,8.6777403809529954,-3.6830627830108407,0.4251671883189262,0.232807931718283,0.8558558558558559,1,3
-0.99899444938947668,0.044823160693075112,-0.0009870939669441468,-0.042020252472053481,-0.94374763313114707,-0.32798582795837961,-0.015632929066611293,-0.3276145436711283,0.94468212765139004,-17.351619492189343,12.817036518916426,-3.7123168175205317,,0.5473475714548077,0.2291666666666667,0,1
0.90467706154713978,-0.41920401417482789,-0.076337466621207037,0.42590946472510371,0.88431923454566097,0.19126060564097563,-0.012670523588584963,-0.20554193224811279,0.9785662838661997,-17.174194817987988,14.10978089412013,-3.6521096287766577,,0.3578539621335791,0.303030303030303,0,3
0.97556902676742352,0.21968234872575251,-0.0021770784091479927,-0.21946066925638916,0.97494463720590341,0.036331378077196601,0.010103893388217459,-0.034965984067194721,0.99933742614625043,-11.424676882098964,12.462771103741153,-3.2060558872450602,,0.1315637203114357,0.1666666666666667,0,1
0.83581723330915203,-0.54851687688721362,-0.023211813227988865,0.54898854261839747,0.83468656625920157,0.043702587796961415,-0.0045970182903585944,-0.049270395536470661,0.99877489733498859,-3.2328205433287445,15.145814832053166,-2.6334652253976443,,0.2476820586867313,0.3214285714285715,0,3
-0.89306262169689632,0.44983999788329265,-0.0091175672317114209,-0.44923732261763988,-0.89262584649131937,-0.03748234441693786,-0.024999633901324099,-0.029378129280376204,0.99925569491736432,0.064336329098242148,2.0999229557276751,-2.4297912442001226,,0.2789506872376724,0.9264264264264265,1,5
-0.98142526201761759,-0.18831822462195488,-0.03661558887803773,0.19142425828064649,-0.97390335034334696,-0.12193858098119809,-0.012696787599815849,-0.12668271573201625,0.99186202725954076,-2.8622757153472125,10.980478884609328,-2.6412116768749536,,0.2480440647386846,0.7987012987012987,1,6
-0.22696723328254045,0.97144068539400252,0.069201660220687217,-0.97365327435622284,-0.22472855058188154,-0.038683069795108688,-0.022026719035649522,-0.076158212391030086,0.9968524215418888,1.8636995468270676,6.297131855650238,-2.4004017656600509,,0.617330107798847,0.9371069182389937,1,5
-0.91111922867862338,0.41118855715901054,0.028030725883620052,-0.41118554654305206,-0.90226513120790264,-0.12978474224838166,-0.028074854339128905,-0.12977520359405412,0.99114590201743724,-8.2238808053670081,17.844433342678332,-2.8944340354179099,,0.129212994305672,0.3888888888888889,0,5
-0.88449106861664295,0.45944626691162921,0.081146024907918002,-0.46619673252645272,-0.86350278110916578,-0.19241505553982813,-0.018334560781426975,-0.20801940976193475,0.97795284602236732,5.078944873659399,-12.026530741316082,-2.446213861820282,,0.2830512253483178,0.3478260869565217,0,4
-0.48174979184299321,-0.870342477609506,-0.10208383676065999,0.87607253476196023,-0.47563577777366395,-0.079167674826241596,0.020348265159078612,-0.12757185649737338,0.99162057740590825,6.2100245044670999,11.002468289886474,-2.1605175207383214,,0.174292877366424,0.2142857142857143,1,5
0.4016497250482105,-0.89662619573792612,-0.18638391423412082,0.91526493068808945,0.39992938503850817,0.04844165186333349,0.031106350175240299,-0.19004723649465632,0.98128204043461431,-10.075901892402715,-5.4543305728513429,-3.2164504985742992,,0.3296119148655748,0.4916666666666666,0,2
0.05257955588789321,-0.97209096375922277,-0.22863627988640881,0.99768491553723682,0.061023578619932434,-0.030015532010485617,0.043130031440835978,-0.22652876424436974,0.97304908373515764,0.56525479806481504,12.877317768200138,-2.4097238662310496,0.7137284659912756,0.6136728816529995,0.2307692307692308,1,2
-0.60478810826617424,0.78500856324556445,0.13413761489961881,-0.79638622288542726,-0.59626857262313249,-0.10115717127449034,0.00057279848709396392,-0.16800400272942367,0.98578614667116637,6.2180608621807325,13.005981002389841,-2.1369456144873546,,0.277244800882207,0.1739130434782609,0,4
-0.7162594742207572,-0.69587665380726427,-0.052230721563186311,0.6978339455722411,-0.71429182188217299,-0.053056362477333467,-0.00038729327967673591,-0.074450492800604159,0.99722463573944276,-7.5694283146679462,5.905709612170253,-2.9699902445718802,0.3226077595719984,0.2130130383799156,0.8458083832335329,1,5
0.82901486924925072,-0.55814987356524604,-0.034685230325718394,0.55886495866265395,0.8291138304066149,0.015498845358985556,0.020107325596366958,-0.032233133070980989,0.99927809972489168,-5.3436277869486366,-5.1389975356583468,-2.8648301505605218,0.3329762503102785,0.3152373088252305,0.8663484486873508,1,5
-0.25402948051692609,0.96659886509131709,0.033994955985815145,-0.96686185644131561,-0.25286021341170339,-0.035211688858103836,-0.025439606662697081,-0.041813233282833838,0.99880152179263415,10.014638528284545,-4.0083228281927914,-2.1602538342315993,,0.7662832545850133,0.8056426332288401,1,5
-0.94301309959174195,0.33271785986357821,0.0050119583174568459,-0.33177736975595584,-0.93898008097874752,-0.090775461678609351,-0.025496488311047418,-0.087265303832309099,0.99585877303504189,-5.2813938408254009,16.57252036410971,-2.7253512960519597,,0.5071708396342398,0.9395348837209302,1,5
0.28849071218009353,0.94307726777930712,0.16546412295038546,-0.95734390008744452,0.28705148185283436,0.033077238872887174,-0.016302329624461813,-0.16794854498926068,0.98566095605172788,-11.141677835509663,13.410971705052628,-3.1841147071145364,,0.4316152667254438,0.2,0,3
-0.13170858442614949,-0.98981343863921334,-0.054057427590257445,0.99116782641771162,-0.13064579861336137,-0.022759946815978899,0.015465725422656552,-0.056577663383115331,0.99827840773165955,5.3652989153322634,12.663099879060944,-2.1822207940080087,,0.07126510879853974,0.3333333333333333,0,2
0.61693093536437982,0.7789091601205933,0.11267981749481096,-0.78663569046556914,0.6058210593778327,0.11910136229312526,0.024505335667749432,-0.16211528087923452,0.98646749780682486,-3.9123949030957226,22.628044499599795,-2.5404618262531824,,0.2823486871819081,0.3333333333333333,0,5
-0.276141889421058,-0.93301442813386815,-0.23071569907789111,0.96111618112693631,-0.26835695299394036,-0.065117065012049349,-0.0011590008384365755,-0.23972614098975512,0.97083986014337986,-8.546215987141764,-3.7409446340089527,-3.0026641345939096,,0.5419039711958606,0.3009708737864077,0,2
0.450202808342474,-0.88244365037774786,-0.13642080218407107,0.89274868474742586,0.44787643868667665,0.04905590230626778,0.01781059354126421,-0.14387459670607386,0.98943563872561879,-12.033379343062728,12.987856762377122,-3.2641579498043258,,0.4329199738036403,0.2916666666666667,0,4
0.17812462140308466,-0.97965481113066211,-0.092455774717183983,0.9838351799480981,0.17906604120765632,-0.0019213491905158747,0.018437948543743952,-0.090619004158977723,0.99571493819201773,3.6328673391509239,5.8978766930328126,-2.3006495606396666,,0.2134854379828807,0.5943396226415094,1,5
0.01553965280078399,0.99274725489146298,0.11921160638249882,-0.99754040555581258,0.0072426951356751703,0.069718596161401747,0.068349531632455524,-0.12000179695586399,0.99041804822659996,-5.546493430434972,17.963212000367474,-2.720832140423862,,0.3944457108024034,0.9375,0,2
0.50570371738702224,-0.86233422537976279,-0.025366000071583749,0.86241446734394833,0.50607946605137732,-0.011174102067149791,0.022473022422476324,-0.016225220486561793,0.99961577892876496,-0.87410878675860693,6.6794615619779396,-2.5632581936791978,,0.222291627272557,0.856,1,5
0.20621198376345226,-0.97602860480415476,-0.069604456440634774,0.97826825352410973,0.20721173651918626,-0.007383792764641536,0.021629653238774096,-0.066569203485979805,0.99754734185802518,5.5243370484334218,3.8477666706389626,-2.2166150173750117,,0.07571320601448303,0.425,0,2
0.81906184956384132,-0.57037069787038897,-0.06176531065173621,0.57350584286722484,0.8168563791655894,0.061941133454575178,0.01512398050164613,-0.086156385876664993,0.99616682457631411,-11.018805881700072,18.802512190994271,-3.0548901611146504,0.4457561612875671,0.4699876009183993,0.5208333333333334,1,5
0.38629472904188117,-0.92058728130685485,-0.05740592138894203,0.92170841845959639,0.38763346798427895,-0.01392428953990545,0.035070980242499536,-0.047532641358699175,0.99825381258991219,10.074953905351364,-7.0876611828308844,-2.1821015124115473,,0.1064727589675099,0.3953488372093023,0,6
-0.82083005401906795,-0.56103111094326708,-0.10715463113097863,0.57106499564383362,-0.80246447080781846,-0.17301891180282852,0.011081207937808282,-0.20321138168146505,0.97907218384843697,-15.376823428608377,18.313972680135898,-3.3988908858912419,,0.3350712445172691,0.1666666666666667,0,5
0.35095182106178058,-0.93516836135533687,-0.047884811928141278,0.93635197036344808,0.35095880746180752,0.0085383289626404721,0.0088208213851280991,-0.047833580097661442,0.99881637037301885,-16.367940038480317,20.526482679149542,-3.4086639281161588,,0.1330311194424585,0.75,0,2
0.48183073553261407,-0.87279237297438916,-0.077926991304906865,0.87592181602737462,0.48222023519594526,0.01498722705751572,0.024497234607329471,-0.075479258378060535,0.99684641096374083,-19.91832584866982,11.126810403817691,-4.0131839785956629,,0.432997582453337,0.4482758620689655,0,1
0.92296796610012943,-0.38132205247301931,-0.052188368922167293,0.38475454202716952,0.91757019817855423,0.10014426495827822,0.0096992753572360344,-0.11250966052892784,0.99360329123106861,8.5774704423196351,9.7628886372429164,-2.0478303434347054,,0.1529497463132058,0.3829787234042553,1,5
-0.99434263841018078,0.10087420631874593,0.033273291677305167,-0.10613145673000698,-0.95630764020550008,-0.27241844867217468,0.004339508249403364,-0.27440862192021342,0.96160338855684269,-5.0424869419849969,2.7675801844935743,-2.7545891428030091,,0.3633950639089598,0.3184357541899441,0,3
-0.83026517930667798,-0.55417800432612074,-0.059552258999714676,0.55662257356221689,-0.81888137109666725,-0.14001646571677806,0.028827810042130548,-0.14939892768009286,0.98835667538405081,8.5030275923469514,12.081671532260575,-2.0436931793439621,,0.1596968787973243,0.3333333333333333,0,7
-0.33342418146605651,-0.93485217483892558,-0.12198248404021843,0.94271969301846148,-0.32917588828201505,-0.054063064738552866,0.010387281110508139,-0.1330212230160224,0.99105875639058538,12.04865120388072,-7.3249324109168956,-2.1050111512553173,,0.1120269521677251,0.3,0,5
-0.99263743113490965,-0.11918413393345068,-0.021588712986723019,0.12006904927012874,-0.99170751549614478,-0.045821688269133569,-0.015948470687097174,-0.048076459177018825,0.99871632626874851,-3.3554552811834748,-12.180732532041146,-2.9121975477762474,,0.7657627535452496,0.9831932773109243,1,5
0.37405895899668173,-0.92390062518996108,-0.080545204499808898,0.92713725905349653,0.37462447256352582,0.0085444386163105977,0.022279992573755642,-0.077872583943884424,0.99671433349822669,-12.172766625115022,11.472666601691163,-3.303138055012401,,0.07034477599663309,0.2173913043478261,0,3
-0.48147626839316132,-0.87394385860260515,-0.066353108329507152,0.87641800020950955,-0.47933859523940725,-0.046108567779503555,0.008490693903424924,-0.080353239665260076,0.99673028698456667,-16.568049868951462,15.030300131403507,-3.586227216252083,,0.07022647511661845,0.1666666666666667,0,2
-0.6934014998597795,-0.71306490106303189,-0.10359926092486006,0.7205409059950969,-0.68541004956391915,-0.10504221410724135,0.0038939414445281176,-0.14748393413777428,0.9890567862318479,-0.41190017173389309,5.7415787038377673,-2.5288426852765329,,0.07797009715530293,0.2461538461538462,0,5
-0.42538232610601123,0.87170087332035229,0.24328473870995915,-0.90493404273438194,-0.40612069364308312,-0.12712340655940604,-0.012010617679627682,-0.27423269252114157,0.96158836069055975,-8.8508098873304508,-8.7604043044190156,-3.1854387234215236,0.6354442421296473,0.2524682435199119,0.21875,1,3
-0.96395081606487887,-0.25942631221957235,-0.059133854398379801,0.26574022271742637,-0.94987803320427033,-0.16466285575709563,-0.013452071883113949,-0.17444113782059098,0.98457571125734711,1.9425999883932081,14.185559758215708,-2.3342726034995458,,0.2060571467790202,0.6857142857142857,1,5
0.72834101263076567,0.67869649710629198,0.094289098710503588,-0.68521236364871585,0.72177935442209862,0.09756321147316814,-0.0018401149230291521,-0.13566734443360803,0.99075273687807797,-20.353477495223711,15.150620205551505,-3.9534045978833765,,0.2562944430962279,0.4285714285714285,0,2
-0.99462181840320119,-0.086940637493431228,-0.056291774785877331,0.095734115907011211,-0.97912382067531889,-0.17930845723966271,-0.039527426020562861,-0.18373314708674857,0.98218110002880155,-12.712202604871852,7.3037843415679191,-3.4188122412637028,0.4460452104269959,0.3912671641677044,0.5618374558303887,1,3
-0.74694021238879493,-0.65500817900947494,-0.11421297889151953,0.66436215584463165,-0.74210330641786515,-0.088913488769401097,-0.026518766903005662,-0.14229184106745241,0.98946944721278762,3.8574032418646684,12.451768482724988,-2.2561408271764662,,0.2671975271485769,0.375,1,3
-0.87816810981321392,-0.47542593936507249,-0.052829414968597957,0.47815865873979363,-0.87558394756412605,-0.068680767614972743,-0.013603969246045677,-0.085574102080354028,0.99623892971209083,-6.884131853329456,11.943499728033091,-2.9339410460600654,,0.08741452648224567,0.1929824561403509,0,6
-0.4504270774386171,-0.8495770595034523,-0.27447088711842332,0.89271786071337333,-0.42407545053240076,-0.15236414742018572,0.013048719226218808,-0.31365400080536143,0.9494476808678538,16.444714357507145,-4.8513646035640097,-1.8984530896331464,,0.2953654234737809,0.3333333333333333,0,4
-0.99278288258150937,-0.11915106368275252,-0.013607794693322777,0.11979638724755379,-0.99057411546226604,-0.066420985980200131,-0.0055653980613322848,-0.067571782567995661,0.997698892725155,6.6527947796360483,5.6980158545467789,-2.1586511884065098,,0.08902457463051339,0.2727272727272727,0,3
0.9831802879603635,0.17919346704312389,-0.035301880052505445,-0.16971983041051397,0.96781192567578922,0.18583663709061035,0.06746629181749228,-0.17671948927264833,0.98194629261462729,12.078314906268606,-3.114258550846047,-2.074203194355889,,0.5216228351948867,0.4666666666666667,0,2
0.82427374244733254,0.55795279275476606,0.096236576045830552,-0.56612009557802456,0.81487632200350357,0.12443720191635049,-0.0089908227986204136,-0.15705177775243204,0.98754944393189958,7.6046351900027389,28.308076520242647,-1.8895428462647716,,0.2516293213386151,0.5789473684210527,0,3
-0.3737336148905866,-0.92509902881806061,-0.067193541212641386,0.92751887297305058,-0.37318603254377841,-0.020998223568564758,-0.0056502548275287317,-0.07017101961717781,0.99751897356705388,6.9141390733148054,-10.881943613639899,-2.3593901074896246,,0.1272210486862248,0.25,0,4
-0.68511920214438571,0.71531095744973761,0.13762962255771857,-0.72708320510856128,-0.66004633433341531,-0.18891492630833423,-0.044290988949247538,-0.22949743067267891,0.97230100154866483,7.4637956777448862,-12.833319608555243,-2.3747603556525174,,0.4696932831153512,0.1111111111111111,0,3
-0.87570818442991583,-0.46509604903803786,-0.12969518453539075,0.48152253834498471,-0.82138774538746417,-0.30570936654460312,0.035654183320680474,-0.33016334880859627,0.94325020133325688,4.1618779636956296,3.1248803459270031,-2.268823760584036,0.491152106288582,0.4120449262039613,0.1891891891891892,1,3
0.26262245982708043,0.95440095401474512,0.14194457569811855,-0.96489195205969569,0.25921447323711128,0.0423246702862334,0.0036006172810875894,-0.1480765877515835,0.98896934215123355,-12.591554325640027,-10.636992903809926,-3.5455419223884466,,0.6427600648639982,0.1587301587301587,0,2
-0.949386524898719,0.30493600010134475,0.075360879658666655,-0.31345503683017711,-0.90424756272349993,-0.28996945562318088,-0.020277234193248877,-0.2989153411098267,0.95406417636481311,-0.46767735571562752,8.243877619593821,-2.5294824331838655,,0.2227377852158144,0.3670886075949367,0,1
0.83538457914790987,-0.54883961501442557,-0.030127759835176331,0.54920394949367457,0.83567444114614908,0.0048218539609321646,0.022530574391672598,-0.020574387132741723,0.99953442552605098,13.815207849429978,-6.1644308779498429,-2.0115128693096347,,0.09882697248679488,0.3783783783783784,0,3
-0.8033482758671262,-0.58525740625022726,-0.11002416139454231,0.59550947739740034,-0.78954911776340786,-0.14825873656853922,-9.9955943680700505e-05,-0.18462383125772555,0.98280925460667501,7.5474228577755618,11.280726672768633,-2.0957715038375184,,0.1835962058640777,0.12,0,1
0.42890266510924369,-0.9013183737686804,-0.060561480903043613,0.90280210568308816,0.43001393854500608,-0.0060308068443950483,0.031477957944739135,-0.052088403354233787,0.99814625000529666,10.069171994459907,-12.733583042160959,-2.2754312471728584,,0.09786783816461907,0.3333333333333333,0,4
0.48558539900419956,-0.87017028906033145,-0.083728658836694864,0.87358144506059532,0.48658787964303091,0.0093645197603548658,0.032592623701922889,-0.077691076843860077,0.9964445882531886,2.1936312890752321,-13.73272622989721,-2.6224407924009911,,0.1822276504454253,0.4,0,2
-0.66545217412738578,0.74479007357874294,0.049609981331455659,-0.74577067384801732,-0.66057005246968259,-0.086448295578782128,-0.031614964453738417,-0.094524875449654627,0.9950203726275243,13.893204136500259,-17.962069804194535,-2.1896330792622063,,0.3912150681537058,0.7941176470588235,0,4
-0.081479774690035506,0.99208682636885004,0.095523689532205955,-0.99645468869947473,-0.079071708428559997,-0.028735314423590969,-0.020954705564500509,-0.097526375261120971,0.99501231471933693,-10.711538220073519,-10.709056603669106,-3.3844062395473902,,0.6178473088607972,0.3125,0,1
-0.65937136683647057,0.75175321046768429,0.0098240087404822471,-0.75141285874678965,-0.65853170072929557,-0.041409115476635894,-0.024660014318338874,-0.034685871563357895,0.99909397656462129,0.99208216593542409,2.5568970292789439,-2.3931719392637278,,0.1344033381471555,0.4375,0,1
0.1450191648786969,-0.98838057141729652,-0.045533370869093655,0.98925561274438045,0.14570127948355552,-0.012019559500824407,0.018514169482435235,-0.043301076218403026,0.99889050567452198,4.0300182905050548,7.0904351950590687,-2.2768048959906024,,0.07517646156739269,0.2535211267605634,0,4
0.56776414362818795,-0.79997999198296821,-0.19410278111629406,0.8197469903324065,0.57099366549340802,0.044509614774373346,0.075224657201689207,-0.18438613395082451,0.97997092026016575,-19.836394666375316,0.42982016597734268,-4.1801557060119334,,0.2577808632548824,0.1714285714285714,0,2
-0.95816670272651605,0.2843245609831655,0.032804173635778235,-0.28409542209701127,-0.93090849898154737,-0.22956297102852491,-0.034732706916064129,-0.22927911057410444,0.97274083317429927,-0.83329944671170975,-8.7427471528333882,-2.7168901203884079,,0.5984345466070146,0.2876712328767123,0,3
0.73650393657131275,0.67494837196554858,0.044795609115354858,-0.67634296511491221,0.73587108158681902,0.03246451638041653,-0.01105192085244552,-0.054207439206268297,0.99846853159234339,-17.707157473504576,-1.3222226198224249,-3.8904414341637601,,0.09512506020289951,0.25,0,4
0.21606331356039118,-0.97186104613269453,-0.093822979824610936,0.97612281623600861,0.21720959196432837,-0.0020593159481437648,0.022380620116261896,-0.091137808666629697,0.99558676551803194,9.6611507435812332,-9.7535104667412362,-2.2282431815869668,,0.09597041018210054,0.3333333333333333,0,4
-0.69056662865944862,-0.71700346927344139,-0.09499345467859216,0.72293310584846482,-0.68026587012182804,-0.1208555766842654,0.022033062660849787,-0.15213274137161648,0.98811445346808946,6.0285369046996395,-9.60620711981535,-2.3872331240960771,0.2083859475000377,0.1408651472286604,0.1304347826086956,1,4
