axis_00,axis_01,axis_02,axis_10,axis_11,axis_12,axis_20,axis_21,axis_22,location_x,location_y,location_z,dbh,dbh_approximation,score,reconstructed,number_clusters
0.91785458250941765,-0.38017963687525369,-0.11404564468608155,0.39676178715057925,0.87077701490122272,0.29039193269923164,-0.011092773482865449,-0.31178651995414569,0.95008742563584236,5.2386435049988407,10.448680449047554,-1.7454333120120329,,0.1618141164561133,0.15,0,4
-0.016311816312799148,-0.96801940926540375,-0.25034445856466486,0.99892375548590329,-0.026650089776666622,0.037961868247411164,-0.043419527571309402,-0.24945579969275794,0.96741229505580006,-20.958546356824407,-13.220829540989048,-0.9739396286022407,,0.2734122599167407,0.1388888888888889,0,3
0.074356092967083121,-0.99113094262976753,-0.11013912111733049,0.99623188287894215,0.068882567669775921,0.052699406132284236,-0.044645346612465692,-0.11364262595103222,0.99251808376109985,6.4250049381283949,-8.8463268440570726,-0.53726411371525418,,0.0992282245432012,0.2941176470588235,0,5
0.34915547388921869,0.93679431985719741,0.022513492320967748,-0.9359212874182461,0.34744216036523828,0.057751960642986162,0.046279572281602621,-0.041235269903654281,0.99807707803826706,-16.704874874865698,-2.2829915170200383,-1.535280675066798,0.2426363730169727,0.2114260747021296,0.8484848484848485,1,5
-0.99575175835846885,-0.090938583987946894,-0.014443326081083296,0.091302507971020241,-0.99545890862050523,-0.026933497475712401,-0.011928443495241031,-0.028137789364830176,0.99953287942190361,-7.1845901344793734,12.14636584442993,-2.1565290776120678,0.1474825845696812,0.1306564016548333,0.4222222222222222,1,5
-0.20189462957462492,-0.95932647262655335,-0.1973101048269465,0.97390226838097216,-0.21797342549318355,0.063261026083722388,-0.1036963364411824,-0.17938869723776668,0.97829789180597504,-32.886434221706253,-9.1311956482289727,-1.5753546598248402,,0.3602089208636638,0.4,0,3
-0.040820539380087027,0.9968863837066414,0.067462741902577616,-0.99760882054017885,-0.044432589697206988,0.05293756844843886,0.055770285503592816,-0.065140486282301402,0.99631641173964092,0.79680889743191929,6.2738156121665547,-1.6345281674858148,,0.1201877571314068,0.2769230769230769,0,5
0.84604115876387243,-0.52847190675531885,-0.070226785829077834,0.53244643923510504,0.83100504682167786,0.16103229956365817,-0.026742232953571324,-0.17363195537486703,0.98444745773929376,14.521280788937904,26.088387208793819,-2.1445737364003876,,0.5962346327645967,1,0,4
0.15765904798577521,0.97957963477956023,0.12476924185616826,-0.98686602720709937,0.15179226414977984,0.055268009632701079,0.035200410973395269,-0.13184402781099877,0.99064528636534543,5.1290739325545474,12.556025284262224,-1.8461379304638592,,0.1326512070257149,0.1111111111111111,0,5
-0.5745364098382777,-0.78349559620652165,-0.23673310815162826,0.81404898545950144,-0.57705511657893449,-0.065815208747137782,-0.085042125105735916,-0.23052558026184486,0.96934297016197568,-24.673288077294522,-4.2199390136191814,-1.6138729295725818,,0.1296974920388473,0.1666666666666667,0,4
-0.99856955746810361,0.053468075401900357,6.173146168216721e-05,-0.053231425854455929,-0.9940400528294705,-0.095135633031405362,-0.0050253556548989047,-0.095002833029343772,0.99546431755083109,0.35329165679151475,-4.6213553767298761,-1.0073520558696532,,0.1909104566793342,0.1764705882352941,1,4
0.21935198641659762,-0.96123272159201145,-0.16708189906721629,0.97468219862637973,0.20828878352688662,0.081304331605002889,-0.043351098439823779,-0.18068601937533649,0.98258498088783974,23.184603474919061,2.0306292777238864,-0.61706775468136421,,0.2485210092648598,0.1578947368421053,0,5
0.88184631264974889,0.45249047393486835,0.13266292573375371,-0.47144155010814737,0.85171392552823,0.22874932544801063,-0.0094839705645036344,-0.26426456451724845,0.9644035951005373,3.8957927340152696,-6.4786024021732951,-0.77717067765848469,,0.5061602341709943,0.6329787234042553,0,2
0.5668126468452106,-0.82087471319980299,-0.069915152903123237,0.8229733305261181,0.56026248262037859,0.093919368666947833,-0.037925197680100199,-0.11077299218307,0.99312185736883996,12.236364409637947,9.7635869991001005,-1.4523606592570113,0.2155550563168702,0.1354679058745275,0.25,1,6
0.42203650247850383,-0.90401504669581834,-0.068132121083014002,0.90588738612794129,0.41758735633902783,0.070631745554454728,-0.035401048430791178,-0.091529203936997594,0.99517293502017135,6.8969177612522259,-4.1063416728774378,-0.84672328657261298,0.243335041049841,0.1626337809064731,0.547945205479452,1,5
0.32836427462260498,-0.94417055758432056,-0.026811589704512109,0.9437750169177086,0.3268117595710624,0.04982761531564573,-0.038283424527441295,-0.041665717286262817,0.99839789032703408,-5.7023180420893755,-3.9925202713527614,-1.2176961046609496,0.1990891367564498,0.1767096273691555,0.7546583850931677,1,5
0.8476156096912415,0.52321187531730662,0.088301255566903145,-0.53029346731860061,0.82954242624069263,0.17506627769482264,0.018347117674460182,-0.19521448868783231,0.98058894888703896,-0.64253558995168014,15.450933608343728,-2.1500199821919632,0.4611502629944311,0.455502995613026,0.2307692307692308,1,5
-0.35543081199079202,0.92041612459957445,0.16279771332751486,-0.93418395475130467,-0.35560532274976886,-0.029072205235345212,0.03113320691447535,-0.16241616917392859,0.9862310639084978,-29.58033226315154,-7.6304337020515218,-1.5556448285451521,,0.1670138253716092,0.3529411764705883,0,4
-0.976358495607211,0.21615742671631036,-0.00023437364331825767,-0.21612410858098194,-0.97622592667219021,-0.016532083446975064,-0.0038023342432933378,-0.016090586328804415,0.99986330830063774,-10.683296587979603,-17.325553618277034,-0.44806191851793997,0.1921946510228726,0.2215718959053772,0.5098039215686274,1,5
-0.99620649075642143,-0.086455394864962481,-0.0099041644533937514,0.086395450049054259,-0.99624081814516652,0.006329176271117125,-0.010414124331782647,0.0054494917371176073,0.99993092214122969,4.8342615628356507,5.664059239524434,-1.485453039345868,0.2245860635745614,0.1909861144328578,0.6461538461538462,1,5
-0.4409747176160092,0.89719332184582345,0.024195901693028949,-0.89664818758653331,-0.4415741135064381,0.032161000898434794,0.039538919070541391,-0.0075130231106408591,0.9991897859578398,-6.8008904795974248,-12.41092843858253,-0.6580631859374223,,0.09222287040880073,0.3968253968253968,0,5
0.19911599411369835,-0.97583897458705882,-0.089950634044394268,0.97909441644033568,0.1942047187192068,0.060486783040179265,-0.041556522754792581,-0.10011404948391942,0.99410775699239939,12.653422354385063,1.2197657140223663,-0.97315945441417662,0.1799628731055759,0.193542706450255,0.4393939393939394,1,5
-0.99836989090150785,0.057046672220094845,-0.0017994804595299753,-0.056813212924011293,-0.99631230652428726,-0.064296552827542888,-0.0054607489012145471,-0.064089508165277156,0.99792921350392905,-12.869821234479737,8.5004222191629708,-2.1070411504410642,,0.07604875799647551,0.3611111111111111,0,5
-0.64519818921071725,-0.76378447651947068,-0.018776849232219128,0.7630779041179423,-0.64542900494895783,0.033667667242714749,-0.037833964716636415,0.007394119181888174,0.9992566827974404,10.45187993365993,-7.9507437172387165,-0.47815809815384025,0.3580885619307572,0.3654836065088962,0.7983870967741935,1,5
-0.72697701729133857,0.68638627687211062,0.019449813670854521,-0.686279716934869,-0.72722575979031157,0.012761050944180332,0.022903415771118436,-0.004071021867566969,0.99972939354955914,21.990284336913295,5.3801267400486159,-0.86842305566425193,0.1846202291833053,0.1816732408964649,0.3714285714285714,1,3
0.98834055037426849,-0.14956733392615748,-0.02850559783816084,0.15225448646447781,0.97235310449537793,0.17705369674096011,0.0012360571701166194,-0.17932945324297139,0.98378830007387819,7.2381497925536697,-7.1710810175046236,-0.62770904562649643,,0.08642405017607929,0.3055555555555556,0,4
0.94355057575831836,0.33116236248286601,0.0066182067747282735,-0.33057187862857412,0.94023465807345818,0.081737511691162876,0.02084572009122029,-0.07931126926392329,0.99663191727017486,-2.1057674432671862,-6.8971882488757101,-0.93192729658044193,0.3159576177029323,0.2660550701225946,0.8738898756660746,1,5
0.13383889207153349,0.9540808914305029,0.26798657349994526,-0.9901321404887885,0.11740419901288729,0.076515347644981885,0.041539082081269801,-0.27558284899702945,0.96037940315196602,-19.383841034168476,11.981857668848328,-2.4646245321622935,,0.08635624627186547,0.6363636363636364,0,1
-0.014392734631772224,-0.99365071869947297,-0.11158449004157599,0.99932769338032335,-0.018058059689990268,0.031907173541287796,-0.033719585302617358,-0.11105023956863819,0.99324258560472845,13.424547233353161,-5.2680852016361222,-0.54482971621853493,,0.1896887836658867,0.68,0,9
0.98161042003090948,0.18587474427338246,0.043492099604936954,-0.18975182318704814,0.97496842491014846,0.11589139754707731,-0.020862139965312804,-0.1220129086184252,0.99230923670322624,19.048634817252683,3.7878161343166492,-0.86769394442174641,,0.1134094156371536,0.2727272727272727,0,5
-0.75875418741301914,-0.64574168290361778,-0.085497146408602787,0.65013412326175435,-0.75885920766384618,-0.038188017943737287,-0.040220701807409671,-0.084559930845552966,0.99560630433998187,-16.864504425285677,3.7757255205247873,-1.9751302015834309,0.1990942517147213,0.1731338504888201,0.3229166666666667,1,5
-0.89745143805596383,-0.44010228687986641,-0.029847837683718952,0.44054822333381444,-0.89767139676525809,-0.010164956809022629,-0.022319929406280768,-0.022271966967952608,0.99950276649876091,-6.6257178065920073,-13.451992239808231,-0.59863241650622045,,0.08828875364326939,0.3076923076923077,0,4
0.081162860733791031,-0.99435990635660321,-0.06827127264080618,0.99582250047791943,0.078025832751522112,0.047429072996803601,-0.041834645682877002,-0.071835548678349764,0.99653876812027209,-5.1006147497963781,3.55422589444554,-1.6344207911537192,0.4521486982050852,0.4315120656577804,0.8568398727465536,1,5
0.37984148156219505,0.91369816856598207,0.14448565895550888,-0.92225820263132552,0.36191754612944471,0.1358510120789638,0.071834925794310722,-0.18485493383410753,0.98013692761435878,16.60935241384804,3.5075797930401267,-0.93977231225812485,,0.2068052341272806,0.2173913043478261,0,5
0.53503002615186634,-0.81790847096549901,-0.21158592637227361,0.84396162590420853,0.50607225003479428,0.17781915460896314,-0.038362027019681916,-0.27370898938032845,0.96104721216771738,-42.578244026128964,-18.445850871086698,-1.2436182072081958,,0.5429932472975909,0.2142857142857143,0,3
-0.99000442079384465,-0.13903232301347693,0.023690925818138746,0.1339347651607232,-0.97942704306259754,-0.15094418173284532,0.044189653653160917,-0.14626236862273384,0.9882583640095749,-7.52675853441899,-16.780354723240752,-0.40995099653257389,,0.7455051120663072,0.5,0,2
0.99439914823884601,-0.10533467824922331,-0.008656762673743372,0.10566221422527358,0.99267053188923471,0.058657579252434665,0.0024146359703501831,-0.059243739558504087,0.99824062673097735,-7.1696007660366812,-7.7076139332440334,-0.97935182064501503,0.4031754791494173,0.3297197236952522,0.9730639730639731,1,5
-0.99998339814487869,0.0057128076610410885,-0.00075316880534145804,-0.0057018214637133708,-0.9998876831040816,-0.013860389920493703,-0.00083226595348195322,-0.013855865378248238,0.99990365652296875,-11.102860741428612,11.167650484614967,-2.2008445003174755,0.1959440507719855,0.1792202330122976,0.3650793650793651,1,5
0.85426125444472534,0.51060141808961257,0.097590475966678997,-0.51897545704234749,0.82682423503722013,0.216855157519493,0.030036380311431826,-0.23589802076319777,0.9713135125477228,5.4451567124813351,9.6251451643879786,-1.6833918345645784,,0.464714883681128,0.4342105263157895,0,3
-0.96657026476895846,0.252880885868289,0.042345965887379176,-0.25639058326368636,-0.95480521450167288,-0.15036911642395553,0.0024066736738578595,-0.15619942356770633,0.98772260680767243,8.2773731641396555,6.4076098367435046,-1.4123611368285605,,0.4636901588794348,0.4285714285714285,0,1
0.68019323366473294,0.73299759458413294,0.0071896599773958927,-0.73201262758771513,0.6786965853339948,0.059400825820068177,0.038661064766049927,-0.045666961688423505,0.99820832028254758,-7.7131129014109412,5.5863411660265117,-1.8186348585302652,0.1643541049297823,0.1322929853628309,0.6578947368421053,1,5
-0.7131595695759031,0.70066366355427756,0.021768300278397958,-0.70055390736969847,-0.71347006801678037,0.013589882750719503,0.025052967715630502,-0.0055581128837384804,0.99967067386705477,-20.710968728423193,-5.0552683905152493,-1.4172341950710767,,0.09396204952346569,0.4647887323943662,1,5
-0.84081620295175896,0.54131938779838262,0.0011971830983585558,-0.54110758918426871,-0.84054516453860939,0.026199299569854218,0.015188475268292546,0.021380990724155516,0.99965602256710218,3.6588821747542033,16.74022821208786,-2.0838729005665786,,0.105324807227845,0.4074074074074074,0,4
0.099552553132915403,-0.99003783622378871,-0.099570939585989227,0.9942412797783744,0.09498477613343595,0.049620256826638259,-0.039668208295542552,-0.10393736165691193,0.99379246228899454,-0.30564931775223153,-6.504986449413332,-0.90067565134810579,,0.09249660106162481,0.26875,0,4
0.93138832756884404,-0.33135329874628638,-0.15073411915842427,0.36139660589671357,0.89135310934830092,0.27364598974121845,0.043683824407293646,-0.30934547978767984,0.94994583930879095,14.09374798047098,-7.9068315249369858,-0.37272060773077392,,0.4179278999074643,0.2916666666666667,0,2
0.1055440530823693,0.9939799961526683,0.029397620775964483,-0.99349478202508501,0.1041290794750475,0.046100465253705494,0.042761793085356693,-0.034072012796731971,0.99850414470652293,-13.459166079986739,11.42177104107931,-2.2782828358717206,0.2999485177067462,0.2795434772460436,0.8017241379310345,1,5
0.91974057991343838,-0.38871582921226044,-0.054564363648043714,0.38984288838051417,0.88835568181912516,0.24258339794556072,-0.045823444213951868,-0.24438532423102066,0.96859487158505508,-37.66912899400014,-17.419977860382151,-1.1931003172370924,,0.3067498506660327,0.2352941176470588,0,2
-0.64032734241867462,-0.750040810304893,-0.16558888075054101,0.76680791281139993,-0.63672647178963193,-0.081148166782445047,-0.044570387039624383,-0.17893625401104865,0.98285059780194062,-4.5231497690624183,-5.6130233592173484,-1.0700712331168225,,0.08683806675309644,0.358974358974359,0,5
0.99800266572738217,0.063022401813907017,-0.004342357728954558,-0.062118816340063186,0.99154417061405853,0.11393599245975378,0.011486159390730675,-0.11343868207488138,0.99347860246286435,-6.8835691388344644,-8.7640465378560464,-0.89597210801057559,,0.06954605864541329,0.3090909090909091,0,3
-0.99961657182190256,0.027074024851392913,-0.0058057314243785867,-0.026644174985840943,-0.99756546770072052,-0.064445524207390206,-0.0075363969076569183,-0.064266125053464893,0.99790433804661949,11.180496975335249,7.1910012980170084,-1.3648132168434954,,0.07350513486482324,0.4615384615384616,0,5
0.90827595049063081,0.41768472906616294,0.023963824095235765,-0.41754862794468672,0.90141010232183094,0.11451188031665419,0.02622863057520974,-0.11401444880835197,0.99313280300324247,-11.553394089065126,-0.68010305790532377,-1.5513003844395774,,0.09617967586737071,0.3466666666666667,0,5
-0.88376535301248815,-0.44837765188300915,-0.13385171686082706,0.46543243163383502,-0.87183340096355633,-0.15257513738395892,-0.04828511569963885,-0.19713955020796173,0.97918565417681391,26.36444689484328,9.6470928856511318,-0.94444939004085993,,0.4277132944933353,0.6176470588235294,0,4
0.22836723491396413,0.97295663370505125,0.034695748256578909,-0.9727240521592847,0.22653294233155377,0.049907358069013155,0.040697965164981989,-0.045146594200919557,0.99815102097001651,-0.80642838886901302,-12.671855421399009,-0.5085328062239447,0.4670528910815629,0.3679372245554912,0.9085365853658537,1,5
0.88333540913515185,-0.4684186211631523,-0.017393973543865592,0.46812859735471435,0.87967595969305312,0.083820178219882607,-0.023961871937331548,-0.082183947859156184,0.99632907586175667,-17.008947311346422,-0.8516109981104969,-1.6614344349825805,,0.08547602387946189,0.3207547169811321,1,3
0.92239085671535148,-0.37412628369394124,-0.096044944152630485,0.38611252010669733,0.88626459672794289,0.25583624919763287,-0.010593831449318563,-0.27306517250652573,0.9619372028875931,8.0076758260835401,-5.5153322225598576,-0.71687192588466819,,0.1537734913736425,0.1724137931034483,0,5
-0.99915786047747335,-0.03582365749984795,-0.020005884369698673,0.038621059112253261,-0.9857507913520861,-0.16371863407012047,-0.013855816075857841,-0.16435340858063083,0.98630419924524448,-11.900227386073368,10.702224924931537,-2.2059368647798201,,0.1875807461801248,0.4,0,4
-0.34331053359204827,-0.93826745962031999,-0.042332632121975432,0.93826172467012503,-0.34464858635387458,0.029703332192175261,-0.042459551855688199,-0.029521621600233042,0.99866193494811228,21.1807185175599,5.497318207217762,-0.89717522733917565,0.122428608549344,0.1246291495116749,0.3333333333333333,1,5
0.97223165563483538,-0.23331206013066194,-0.018195889072341952,0.23401335691796474,0.96864992603740996,0.083397059730575387,-0.0018320932104714672,-0.085339342540860244,0.99635025972253433,-18.414710228860276,1.5796323431164241,-1.8810457381956542,,0.07226689546980339,0.4090909090909091,0,2
0.60146400959656521,-0.79461153425184772,-0.082665317963152893,0.79854155515829461,0.59486827113695284,0.091995242702582872,-0.023925506168043217,-0.12134351910365559,0.99232218584799659,-39.461336901016075,-7.968391767430175,-1.7790430687115444,0.4634494908897689,0.3120788946313067,0.4117647058823529,1,4
0.74048463261654562,-0.66783015449555894,-0.07540154909004966,0.67191145024246957,0.73317038877462359,0.10486269144519718,-0.014748284368105574,-0.12831237574960294,0.99162413359986989,0.84959091160772737,13.625781758298288,-2.0099085619219181,,0.3211880373781834,0.4,0,5
0.5320376234857972,0.82227438420591914,0.20199208963314003,-0.84544317056575802,0.50279743446903591,0.18005717212895209,0.046495295883610933,-0.26657002263970547,0.96269341458772006,-9.1199748163018981,14.033931686482738,-2.3183935181330226,,0.5350210503445884,0.3404255319148936,0,3
-0.28286861476972236,0.95752303703723551,0.055990894985245704,-0.95845358007295267,-0.2844165473992869,0.02177067777562822,0.036770662539578176,-0.047506432285107543,0.99819389763108779,-1.7631017357449634,14.136932159352513,-2.1034519706719408,,0.1647118600655708,0.7692307692307693,0,1
0.79817727411707073,-0.58406082027296624,-0.1476008038769159,0.60152056446378521,0.75928680828300699,0.24830737664147695,-0.032955266805339847,-0.28697822389420591,0.95737006920015799,1.8509816748958006,4.5666380288513126,-1.5217945708219447,0.7201513087598594,0.4610361458406148,0.6911764705882353,1,2
0.99948496912260509,-0.029591947486003981,-0.012414231428904516,0.031262050928239013,0.9852059169109556,0.16849921499936754,0.0072443543359644999,-0.16880052703599149,0.985623610412528,11.168387904653695,-6.2279417620734652,-0.54927677387713236,,0.1219984880764945,0.5666666666666667,0,5
-0.9386301654620901,-0.34329655807368692,-0.033479631111601411,0.34470862242872108,-0.9370508162663217,-0.055782912777243537,-0.012222033705669025,-0.063900242169963387,0.99788144633654641,0.57282428698467103,-15.597207826821169,-0.28490686542744537,,0.09562931854046837,0.2916666666666667,0,3
0.67298092811416199,0.73839248625329756,0.043280557289336399,-0.73874249441415907,0.66808128218245122,0.089033293459237411,0.036826584709254873,-0.09189089531681742,0.99508786849027875,13.21034348488498,8.6859833885826276,-1.3579617942206044,,0.1249713772245111,0.4193548387096774,0,5
-0.81091823359099735,0.58405093868276037,0.036001659037363319,-0.58493035027060891,-0.81078665076355738,-0.021942932254277223,0.016373874372272543,-0.038852386894493413,0.99911079879593023,8.6075808446393971,4.2639688889605436,-1.2949316836573557,,0.068736150078929,0.16,0,5
0.12035718488352823,0.9908075242464669,0.061762431489533504,-0.99169201047008293,0.11715315664707353,0.053123387104281508,0.045399387845182382,-0.067643091178725495,0.99667612984312515,-15.993602116216296,0.95524314984548953,-1.7630709863854366,,0.112976025353193,0.1388888888888889,0,2
-0.056591923206038952,0.99784440522142082,0.033224948399520046,-0.99769491480728967,-0.057768924435759351,0.035603487711326251,0.037446110552590388,-0.031133492220509228,0.99881354339368011,-4.8808544064321824,-9.3234991393545226,-0.81950319512300884,,0.07161355102073338,0.3333333333333333,0,4
0.49903039562713719,-0.8621387936551661,-0.087666211935039068,0.8665319992732855,0.49532688814882447,0.061429374994752567,-0.009537215299388566,-0.10662070320354404,0.99425402547473563,-11.986542326206827,18.493689168632056,-2.6662271302237994,0.4313775022395452,0.1853053064588355,0.375,1,6
-0.60403946374442585,0.79660690184298555,0.023532321931036614,-0.79653290712398461,-0.60441696777285137,0.014678451447110535,0.025916290397347132,-0.0098779048583948707,0.99961531245156954,0.60686168657527617,-13.44298969367137,-0.41106557647645198,,0.08884513881462339,0.1,0,5
-0.079424016663203742,-0.9703253427663342,-0.22838685330482281,0.99657030863425822,-0.082628560505630305,0.0044878655713383852,-0.023225966625786194,-0.22724711257607424,0.97356011848274426,-23.653502711088951,5.8596852769011099,-2.2173716457251911,,0.3381679371924751,0.2093023255813954,0,4
0.96964746812376379,-0.24304754964096262,-0.026677259505078942,0.24449736759320828,0.96283971088924025,0.11472021781150368,-0.0021965430041760471,-0.11776068846712376,0.99303957395996223,-20.504483462856374,-1.7506752202440854,-1.6819664254608506,,0.1130348894344875,0.1111111111111111,0,4
-0.3641271374357809,0.92700857091752298,0.089813903312772406,-0.93075180696505611,-0.36565115457028863,0.00055406921805427464,0.033354184356797358,-0.083392701160636337,0.99595841066734625,-20.085929954623477,-2.6945859820576614,-1.5891714879051764,,0.09836468156269074,0.1666666666666667,0,2
0.35315720583999777,-0.91835159230824082,-0.17863465752256352,0.93490024640218383,0.33922282024106554,0.10435232390719835,-0.03523517050364007,-0.20385836046779104,0.97836611328631118,-4.2147096843214014,-16.706001051184312,-0.34342981407573114,,0.1389752551990129,0.2444444444444444,0,3
0.68199856329574826,-0.72376623893929226,-0.10507326507826466,0.73093374921114285,0.66966899918634615,0.13145069719442484,-0.024775268448153503,-0.16645078221633439,0.98573846590913416,-5.3193486339617149,-11.652557244974416,-0.68437007060873301,,0.06868195893558075,0.3055555555555556,0,5
-0.14860422266241499,0.98739303865764394,0.054513963507743297,-0.98815425851028826,-0.15040265068588227,0.03049924678811643,0.038313788573845715,-0.049335888327713823,0.99804710496450721,3.0292526467101815,12.195604306487521,-1.885344690139005,0.1383674459122437,0.09220598365825659,0.1428571428571428,1,6
0.26619511190803358,-0.96331813953758527,-0.034034165688531612,0.96320479604229303,0.26447287667005515,0.047860405211306183,-0.037103682800959187,-0.045522077541679182,0.99827403911896628,4.6180827850864006,-9.0081159421196055,-0.6012569591744773,,0.0745997807830851,0.2692307692307692,0,1
0.57704387122135459,-0.81218894222118365,-0.085845750154026679,0.8162153681559543,0.56982826164147427,0.095332182502529242,-0.02851040988678873,-0.12507947220983309,0.99173700251619001,-8.2606918750050049,25.643415295502336,-2.9967551711057303,,0.1473141436463046,0.3333333333333333,0,1
0.82958825844825512,-0.53711377182914566,-0.15261755323769263,0.55832699386115847,0.79432300929880229,0.2394199758258643,-0.0073681321074886667,-0.28383050049274833,0.95884615951636543,-5.5484921482151277,15.595591999174474,-2.2962345828456958,,0.3829001571775342,0.2318840579710145,0,3
-0.08370261671045591,-0.99500592048332925,-0.054379133488344757,0.99561970892767682,-0.085786062977830785,0.03717723219296503,-0.041656537909294689,-0.051029105438801778,0.997828022881461,8.497457919926271,-9.5130855225875237,-0.44012047733946319,,0.1078287855763531,0.4102564102564102,0,5
-0.50785453273360492,-0.85699165044413506,-0.087459045564025312,0.86077666684823473,-0.50883167384284722,-0.012403930987016516,-0.033871867258482381,-0.081582098301800729,0.9960908883455869,12.215780213284544,6.1035625021941682,-1.2652161570667684,0.3950427710290684,0.3821710934146263,0.8888888888888888,1,5
-0.97326013444919501,-0.22899715976596366,-0.01802807563374751,0.22949277278477298,-0.97273715112526959,-0.033399132627218421,-0.0098882724219626905,-0.036643357376415428,0.9992794836424358,-3.3734667426919525,13.79095070554963,-2.1309920245531546,0.1458478542635979,0.1248514695694542,0.2653061224489796,1,5
0.95559386930760748,0.29453367597540631,0.0095010872077690191,-0.29400929234241585,0.95071582775632246,0.098478174586669451,0.019972304775040455,-0.09689854782206532,0.99509385410218887,10.092951616544108,-6.4497420452806677,-0.57603329903029343,,0.07130809944432809,0.3809523809523809,0,1
0.9374719174609828,0.3473840805229878,0.02169572702691501,-0.34604374190707005,0.92352524675739878,0.16539300858451936,0.037418346555951047,-0.16255897145615819,0.98598907100440791,-10.542667297111734,17.814781069043249,-2.5791374759526891,,0.1751576402188816,0.3448275862068966,0,4
0.80203815611793772,-0.59275016885729703,-0.073362343546148581,0.59702021558808893,0.79205662097435636,0.12733095204951272,-0.017368313392186755,-0.14592308415850191,0.98914346542833753,-18.422189038138491,4.2628030904081564,-2.0317187895383544,,0.09346893588620324,0.3333333333333333,0,3
-0.26929810185969172,-0.95483184062963289,-0.12559732662199857,0.96215901653904912,-0.27237936231058463,0.0077142647016959784,-0.041575945297438792,-0.118767163421146,0.99205130999637214,10.022764095703504,22.318082128192497,-2.1388850520700551,0.4472725607447552,0.288232557409624,0.3333333333333333,1,5
-0.76850165572039686,0.63859415216267823,0.040033910359075636,-0.63901367359474703,-0.76280230304120333,-0.098965506283665003,-0.032660834556919274,-0.10163737156511961,0.99428522798409291,-21.896408520063897,20.265700438791985,-3.0205775183300045,,0.2188181232914992,0.2857142857142857,0,2
-0.76197251674996214,-0.6425519855124795,-0.080776417546824367,0.64693386756258808,-0.76092890893689313,-0.049636342981938392,-0.029571180535113057,-0.090078529395629492,0.99549555690805591,5.7633807699711186,-15.508784469328898,-0.1483371823409371,,0.1136836744071586,0.3809523809523809,0,5
0.99813260692194572,-0.060016232256397989,-0.011373252171030256,0.06079525369673211,0.99413104135899522,0.089484131187764687,0.0059360026237978919,-0.090008468891683679,0.99592330999963286,-9.370885304076106,-13.700586153944595,-0.6288649816663342,,0.06495517455839675,0.2,0,3
-0.18446357769375665,0.97133620121190956,0.14993055965891439,-0.98012164972306981,-0.19313708786742037,0.045383003803400185,0.073039306188835668,-0.13857867622873388,0.98765439818093492,4.4029092133120811,4.6038420875236383,-1.4437020281842634,,0.2258084821632027,0.2093023255813954,0,5
-0.98745564285548904,0.1556808673836563,0.026359456055215523,-0.15750989297267057,-0.95953631249422899,-0.23341100792532715,-0.011044772908133157,-0.23463489198252624,0.97202082305666593,2.2600401749960044,15.411187634317184,-2.0567586173355892,,0.4716480059169617,0.3783783783783784,0,4
0.4532873587180713,0.89003750382864311,0.048619051871377626,-0.89063559000781767,0.45003716382859277,0.06507531778287462,0.03603909318809545,-0.072799676864623519,0.99669523466834409,-30.98427354418007,-7.7858788248734063,-1.5959328689539463,0.2999918652501533,0.2920174078351298,0.6172839506172839,1,4
0.88244521653007368,-0.46624615151323873,-0.062489727334055514,0.47037300949992433,0.8727675611776835,0.13048377711402245,-0.0062985519903221579,-0.14453826605799486,0.98947916495890564,-7.4028836393326074,15.479433590274054,-2.3464431218278117,,0.288688246334266,0.3333333333333333,0,5
0.50509960051128666,-0.85106286501792006,-0.14340987884670942,0.86177228285970708,0.48825665281846464,0.13767343052774725,-0.047147916794994325,-0.19312545343894635,0.98004062832920036,-27.910157864608024,-16.682973653066952,-0.95791549656203934,,0.171261843253059,0.4375,0,2
0.94699225706780032,-0.31880256521329464,-0.039630663217471551,0.32123816897143564,0.94101934275860433,0.10624798986354682,0.0034210889367378003,-0.11334690541690115,0.99354958365594415,20.861313212376103,6.884458395792473,-0.96713615352072857,0.2426932030876846,0.1764974157363408,0.25,1,5
-0.55931488033631471,-0.82758649184419497,-0.04761788688499189,0.82806603041866844,-0.56045233587879395,0.01413606998682246,-0.038386376503164295,-0.031524240276675046,0.9987655923057901,5.5344769666005291,-12.524402913816662,-0.33794204280268653,,0.07623437755010649,0.2727272727272727,0,5
-0.48726334172400243,0.86964785749481244,0.079290855504522334,-0.87279880739624194,-0.48793184763426778,-0.012031370325373903,0.028225478200635274,-0.075067409832035623,0.99677891548801034,-8.9573708333026332,23.297956328929427,-2.8829726869227317,,0.3165310096133147,0.5,0,2
-0.80597927160342031,-0.59139032318064955,-0.025591002205994574,0.59113904699048736,-0.80638455067743509,0.01727957036300419,-0.030855159516666002,-0.0012008651207889248,0.99952314483165594,-12.206621417692338,-9.1704748679640282,-0.99572090380432543,0.431590370358074,0.3061534660321665,0.6507936507936508,1,1
-0.88528953475354988,-0.46364011507878194,-0.036059441836726602,0.46416344625051459,-0.88571929911782876,-0.0073224541696940348,-0.028543560056309553,-0.023219966837947636,0.99932281987321592,16.645330121662759,-0.76768559455584306,-0.68690399935742197,0.1857351389712413,0.1627072689975076,0.4333333333333333,1,5
0.94769616088780384,0.31056278773384222,0.073639266111915805,-0.31799685328725913,0.89893102262244051,0.3013320724157551,0.027385907651902446,-0.30898830308274933,0.95067146828971572,3.4576265943919711,14.550713109455851,-1.9952959284774749,,0.4928729103947279,0.1153846153846154,0,4
-0.87607010369358163,0.48194147171383123,0.015283692506173903,-0.48210900449901689,-0.87493605746870518,-0.045363014913972093,-0.0084900645041003902,-0.047109586958757617,0.99885364574660862,2.1932319331012571,3.5572747541287395,-1.4574964857838242,0.330000720599269,0.1874754549009668,0.22,1,5
0.17735729281897122,0.97447766868411623,0.13761418502427614,-0.98410622033940143,0.17434207019538145,0.033760770863330361,0.0089071753784942288,-0.14141469441312943,0.98991037292818518,-5.5595165311885513,-12.958272009730326,-0.60058181448335179,,0.7130320284441684,0.743455497382199,1,3
0.78032590656432022,-0.62387133767030112,-0.043313203276136331,0.62397226940225881,0.77207528493781907,0.12065803497977064,-0.041834035922506854,-0.1211788282731512,0.99174876103617082,12.245954772939076,-5.1055080469843217,-0.5876684962275015,0.1389617617950343,0.1436673170219699,0.28,1,5
-0.40285613215357013,-0.90854587214729798,-0.11068574881334874,0.91396815042434676,-0.40576480672153714,0.0041402459025396124,-0.048673984798504141,-0.099495325670808349,0.99384683094202009,-31.581815113183001,10.688696536270569,-2.6647328019472938,,0.2098386307621995,0.3043478260869565,0,2
0.78462787831447844,-0.61479292292273569,-0.079929684697484099,0.61981687416136921,0.77505398179184937,0.12295677213325396,-0.013643132944795858,-0.14601707856521032,0.98918798905502903,-5.8250149090856329,-15.140651373219917,-0.46764518899610563,0.7202214752948419,0.5354540553211695,0.8,1,4
0.2054245363681928,0.97866809080194905,0.0030867303060520658,-0.97780612419559088,0.20510884822336964,0.042726383723415487,0.041181832687615973,-0.011795271364069972,0.99908204279225166,-14.063145429642047,0.35358201110840071,-1.6696997299173382,,0.06727098741735212,0.23,0,3
-0.73243054345424696,0.68042206845273601,0.02390204547345939,-0.6805611859938977,-0.73268517034453107,0.0029855109753245588,0.019544081812523019,-0.014080124988952034,0.99970984737892821,0.44331007926404326,-6.6376062829518903,-0.88620494359944824,,0.091993289528849,0.44,0,5
-0.99595040981480532,-0.08717203747181318,-0.021995842169230163,0.086948752996320697,-0.99615301035914505,0.010913033711923179,-0.022862535775930188,0.008956329349994227,0.99969849885976558,13.149082925119433,3.8212347680168888,-1.0886969463291603,0.5759416947415252,0.2749117930710266,0.3461538461538461,1,5
-0.80540799472001634,-0.58493664345709184,-0.095744896376951313,0.59191575214117043,-0.80216735946833828,-0.078506495086370157,-0.030882104983866687,-0.11990267113265177,0.99230521768608126,3.8088587275366406,-8.0654152739272682,-0.67563837162648022,,0.2151609258903924,0.2666666666666667,0,1
0.58887878849184949,0.80124165794650604,0.10598857502347316,-0.80782534465477762,0.57940253031929412,0.10821700602488474,0.025297924771848997,-0.14934695654995528,0.98846117858593951,-25.141540873447742,10.611934221725672,-2.5228804445206805,0.538580112042657,0.4750293454185233,0.5135135135135135,1,4
0.50377174928542645,-0.85553806482878181,-0.11945143051016384,0.86369982600956519,0.49639052956170832,0.087287185270769022,-0.015382950723061277,-0.14714299776227863,0.98899560314320023,-12.223454362796801,12.400721379413667,-2.3098003310631157,,0.1410735141496715,0.1666666666666667,0,4
0.27263914419791691,0.94822777229370636,0.16288642945912082,-0.96115109111974906,0.26085205014646462,0.090248479065860657,0.043086855192067113,-0.18116373750091402,0.98250863768434982,-15.510203464123535,-0.92016777679313144,-1.5984783273000294,,0.1034491087069219,0.2542372881355932,0,5
-0.94682417198470548,-0.31498869856899342,-0.065620935068697483,0.32102132645557324,-0.93855168482638729,-0.12675189493753256,-0.021663224741081771,-0.14107747759072997,0.98976151168372672,-12.879129294454319,17.69023970752632,-2.6475838191578265,,0.2475112325983319,0.2941176470588235,0,2
-0.15136939101022873,0.95419286948952753,0.25807610366040107,-0.98770375220155804,-0.15633165715595218,-0.0013079976440621788,0.039097382932308584,-0.25510072674576095,0.96612370525809443,-18.534852854959574,9.5725818935685894,-2.3077146459759232,,0.4525926839221534,0.25,0,2
-0.32140224738065887,0.94261403913583042,0.090439861801624638,-0.94569095687267568,-0.32441933873915546,0.020511137006330268,0.048674525862149057,-0.078935833916443834,0.99569067719649307,23.962812042994319,-2.1247763430943212,-0.40663243836180479,0.330804470831368,0.2859519731080498,0.6111111111111112,1,5
-0.2403390374200865,0.91670065542092483,0.319213181812456,-0.96996069702311771,-0.23953798157916353,-0.042400490697716973,0.037595123652052309,-0.31981473345020589,0.94673393461191624,-15.152426389497204,12.267100706660637,-2.3761861407551153,,0.2321319212791232,0.1,0,1
0.90234854523120778,0.43054560104725798,0.019939617297666985,-0.4305348679597788,0.89822986171949615,0.088446837061761846,0.020170036935462064,-0.08839457525340208,0.99588130250336171,-15.803654954534659,10.770841929300783,-2.3053973507018535,,0.1034530460644659,0.5333333333333333,0,2
-0.77617638018345692,0.62574655395008727,0.077404632063564585,-0.62966199173085546,-0.77564892249298956,-0.043526143925185341,0.032802484888149942,-0.082522719629532698,0.99604919443273887,0.48437808548509531,12.222058680650495,-1.9479753941899265,0.6592378320472733,0.5355288077665602,0.9206349206349206,1,5
0.3394642921716951,-0.93711043866284294,-0.081166619305612073,0.93953404777130234,0.33366477772310565,0.077094676764744879,-0.045163784372437198,-0.10242969225826391,0.99371444123804287,-11.205636412014849,-11.682763335018995,-0.80578837525336333,,0.1224340510878508,0.265625,0,2
-0.72318057590048246,-0.68442566308519115,-0.092581673946001281,0.68982494232881342,-0.72237411948273766,-0.048137100479666801,-0.033932338282186156,-0.098676963937570111,0.99454082530923182,0.77073641736956444,3.1449080388374178,-1.4802559265122213,,0.07779002890555324,0.2976190476190476,0,3
-0.70435445969709154,0.69851581289526599,0.12633469135628034,-0.70981682801461765,-0.6947580739345709,-0.11606588374709599,0.006698191702797571,-0.17142601272267166,0.9851742264137453,-20.873449014487274,5.180884028885588,-2.1508652787061968,0.9356302168722228,0.5366722695906302,0.1818181818181818,1,3
-0.9218438771405848,-0.38636368903768276,-0.030446115870613039,0.38635087378335486,-0.92232869694734976,0.0065404215645291945,-0.030608307781583671,-0.0057336358967411405,0.99951501084983785,19.965765406897805,8.5069440546976498,-1.0952755211665939,0.3127590329310441,0.1579030692048482,0.4117647058823529,1,7
0.687689134911046,-0.72562489717840839,-0.023498134396613166,0.7255460884392666,0.68574314832079708,0.057785881334124392,-0.025817189540639003,-0.056787702241819227,0.99805241826184543,-3.1355194399441979,-8.8338341920890802,-0.81062723782103019,,0.0832901546066179,0.4166666666666667,0,4
0.99434190277695589,0.09920617573439873,0.037977823503442705,-0.104183632154894,0.98054616059364097,0.16635804079179023,-0.020735263994383094,-0.16937343841708133,0.98533379480552608,26.755474416914069,10.699476873072102,-0.97399512796097765,,0.2214769200636743,0.25,0,4
0.15301983154861107,-0.97945708596682501,-0.13133448862431948,0.98740610097172743,0.14613405562204534,0.060613773610170577,-0.040176148603951294,-0.13895558476300884,0.98948331089843311,20.320243029349832,2.2932630278654496,-0.74062218857748208,0.313305753014643,0.3456331692316017,0.9565217391304348,1,5
0.047339550072313663,-0.99761251620386204,-0.050281552405911104,0.99822514297694742,0.045427732713316064,0.038508246249061705,-0.036132131512018079,-0.052015272890997985,0.99799242505064722,1.0678994804523463,-8.180964248857018,-0.73861263015724998,0.8607907207002418,0.7183784132943751,0.4186046511627907,1,4
-0.99510010155935369,-0.097699896909513834,-0.015182819910570163,0.09795428293984372,-0.99504526891906653,-0.017025605878391158,-0.013444193181722198,-0.01842940437604125,0.99973977150258442,16.988880125713099,2.407912547681744,-0.84106178677708676,,0.08070391462415374,0.2608695652173913,0,5
-0.7769709512364763,0.62250614229395296,0.093820273613896069,-0.62924329392970391,-0.77248397145407421,-0.085565126605632008,0.019209840686004662,-0.12551739581764146,0.99190542158412276,-11.05177602976544,13.107062656496941,-2.3166765533425577,,0.215044749332009,0.2222222222222222,0,1
-0.65944879855009164,0.75065041437981905,0.040635421521695594,-0.75132785530577206,-0.65992550153277396,-0.0021877541783176862,0.0251741123471853,-0.03197323596575613,0.99917164503873346,-31.545979239659687,5.0736521830178241,-2.3376427360833638,,0.1701725052040709,0.2222222222222222,0,1
-0.63920062253823162,-0.75595835709424863,-0.14124279268728102,0.76827972785767973,-0.63587113538411999,-0.073580968655217543,-0.03418806677288358,-0.15554697529902409,0.98723670645172945,-20.037083300797072,-13.322262500205699,-0.92799814033047079,,0.1402032967583018,0.3636363636363636,0,2
0.51778890223043383,-0.85534960283625139,-0.016483617772485571,0.85496492543578528,0.51667721118962273,0.045603023056550472,-0.030489817998549329,-0.037705654286605536,0.99882363539978092,-5.2490249390896375,5.2416945411290827,-1.7284608348886137,0.2016692179861316,0.1918845187587256,0.8041666666666667,1,5
0.35953808164243817,-0.93193633346945381,-0.047191505680432067,0.93295820339181346,0.35804016098846086,0.037366212589400503,-0.017926476865096286,-0.057462278747607044,0.99818671998195685,-12.508141773240983,3.6352097804389989,-1.8288674251444867,0.5904674945069028,0.5237010182346524,0.9825997952917093,1,6
0.71010331117962133,-0.70370373563072863,-0.023544424203927879,0.70367455560711978,0.70812102139760602,0.058367275471214508,-0.024400968072177533,-0.058014407815367014,0.99801749545935925,-4.4039629327589562,11.411913053074771,-2.0271629288998341,,0.07422846880615812,0.4,0,3
0.98427711358985914,0.17659432337574177,-0.0036067457185485238,-0.17614631189090987,0.98288260935262106,0.053983822015605788,0.013078244165200743,-0.052499725557818545,0.99853529649477513,2.0034817058962315,-4.1385131723479764,-1.0015580784715388,,0.06838857266512845,0.2531645569620253,0,4
0.92572624542743587,-0.37723824678723428,-0.026874219760179622,0.37812148096383413,0.92181408621654937,0.085340120028432179,-0.0074205229291251897,-0.089163308673713831,0.99598937756675732,-15.974630639656526,-7.7942357023143618,-1.1363989091017885,0.1008269439070867,0.1076655486920693,0.3592233009708738,1,5
