axis_00,axis_01,axis_02,axis_10,axis_11,axis_12,axis_20,axis_21,axis_22,location_x,location_y,location_z,dbh,dbh_approximation,score,reconstructed,number_clusters
-0.81790310617930451,0.57487962821409788,-0.023407733052702204,-0.57495211199905838,-0.81817638990797581,-0.0041789837251008507,-0.021554067135188218,0.010040321786328518,0.99971726709523212,-7.706946826384665,-12.3687373047197,-2.5990413307365494,0.1717491011306465,0.1117920806080821,0.6938775510204082,1,5
0.68697305763734362,0.72350760146739601,0.0678584460424448,-0.72511655105318729,0.67636914050048413,0.12934748999252907,0.047686533414895781,-0.13806352305200975,0.98927471317796167,15.570802156052256,8.5430735519564127,-1.120794023288457,0.3885860044663283,0.4116516793934317,0.3571428571428572,1,5
0.072441390502134648,0.99444459890181314,0.076368741361447265,-0.99705781118976933,0.070282076956098075,0.030596581577131705,0.025059251536831712,-0.078360509019221605,0.99661008651260652,23.226478408814742,-1.5009859830264485,-0.76697571009615118,0.2985534321338498,0.1410353358588234,0.4814814814814815,1,5
-0.25075255629146248,0.96499067082791201,0.076916582921976909,-0.96801542677232277,-0.24926733586514399,-0.028494364381247497,-0.0083240040902633951,-0.081601473551584508,0.99663027772093893,-15.278729779191128,15.882659984047105,-3.0231122901014551,0.6326080745808231,0.5388362880295415,0.4973544973544973,1,3
0.76226258463449537,-0.64445687335735558,-0.060258530091596339,0.6472395186005544,0.75979085109001876,0.061634958924518465,0.0060628069457232649,-0.085983725101706251,0.99627809440415438,-23.782449267730271,-4.397647575503238,-3.0415484347330768,,0.1174722800702206,0.4411764705882353,1,5
0.24333763905766492,0.9691487034538977,0.039212039113926248,-0.96932200483766895,0.24153855176520572,0.045540959022079469,0.034664742250956983,-0.04909092181653877,0.99819258514571174,-10.058081977539333,4.911704368206915,-2.587935778217664,,0.1182925710140544,0.293103448275862,0,3
0.89466036506383095,-0.44382928892735951,-0.050974439419064238,0.44598615661285657,0.89395995471796796,0.043953924402059079,0.026061068541907664,-0.062057728373537513,0.99773225820135303,-14.172248750741179,4.9974262827338842,-2.765734013478975,0.5026728395703698,0.4614646588860803,0.847926267281106,1,2
-0.96270563354339866,-0.26110182566370443,-0.070878062747817133,0.26683054309204102,-0.95960278763722129,-0.08924097283244084,-0.044713805664575841,-0.10482521926499605,0.99348495156647243,-7.645927373078556,15.037751835515794,-2.5858566745883222,,0.1184273140198788,0.2068965517241379,0,4
0.47475367409835745,-0.86777422692266004,-0.14689057157929328,0.88011840097525529,0.46823517677302467,0.078405481294965912,0.00074107683248293135,-0.16650438529094386,0.98604043552179688,0.27513296309657387,8.1265055470718721,-2.0509291167813286,,0.07932933186938045,0.1707317073170732,0,2
-0.6523288006525908,0.75592551432788146,0.055170215037474199,-0.75785766958916823,-0.6494838815642805,-0.061825886431749133,-0.010903599590422383,-0.082141976944339654,0.9965609901755379,5.8810146620873551,4.7294407597602923,-1.7502498905795754,0.1789120686880122,0.2019083761747324,0.4516129032258064,1,5
-0.88975779353614248,-0.42946189210793889,-0.15457539283069782,0.44532920220957567,-0.89105983860807014,-0.087716963462851086,-0.10006483148978164,-0.14688378823692327,0.98407935770043109,-14.826889023742197,6.5049038321908661,-2.8090719417811854,,0.2100122011090858,0.28125,0,3
0.77844128007405122,-0.60791360838461284,-0.1564295950818532,0.6270669849328081,0.76444286909603454,0.14971338048250965,0.028568687123321918,-0.214634910089256,0.97627643907196049,-24.811201296209681,-6.0356554283752599,-3.1394860826132489,0.7268362225857586,0.3177087827618106,0.3333333333333333,1,3
-0.68201229514517547,-0.71081730357945494,-0.17204066438735502,0.7306317703130385,-0.67258596623415356,-0.11749610305922729,-0.032193873330881181,-0.20583216210520236,0.97805760339718884,3.3509951468897632,28.654216161727927,-2.2647879929313479,0.6351495470710393,0.2830482063356403,0.4242424242424243,1,3
-0.96993417191398956,-0.21715477651603232,-0.10987040179136218,0.22919228328287114,-0.96688128493684333,-0.1123008375857585,-0.081844971972060879,-0.1341058681607589,0.98758139749984253,-12.058006709945037,-10.565920717699248,-2.7343960162214942,0.2064476516982655,0.2068515358948656,0.581081081081081,1,4
0.29588817483137692,0.91257221804038857,0.28224481369159554,-0.95457346792658426,0.27159366867444851,0.12258210908028165,0.035209122760624753,-0.30569400713262412,0.95147858182810829,-11.519490744243132,-0.67626174119181404,-2.6585755612884459,,0.2146166954414201,0.3636363636363636,0,1
0.9947104287320232,-0.091627786858323026,-0.046427488056123477,0.093649146694632868,0.99465842385984782,0.043410334806491681,0.042201899188577995,-0.047528607386397186,0.99797797129234689,4.2484843929462972,-2.8754406440151592,-1.8939472209842974,0.3028665681256097,0.2406900550330052,0.8691588785046729,1,5
-0.97765422048977069,-0.20318195264399627,-0.053938105994846837,0.20374300733376793,-0.97901134413309665,-0.0050571752292653174,-0.051778490912063435,-0.015933680631925216,0.99853147456672053,-24.675648291558538,-4.4317858450496583,-3.0529244286218251,0.119668985974029,0.08840521682843047,0.2962962962962963,1,4
-0.85026026147630629,-0.52441507498478523,-0.045236234181732664,0.52503411906218556,-0.85107846291429567,-0.0021502985918121571,-0.03737193565815531,-0.02557887980622308,0.99897400333192898,2.2649580970702394,16.199359108156866,-2.024495106498962,0.3252347275630952,0.2293163565361114,0.6923076923076923,1,5
-0.52925985681962429,0.84575727963376424,0.067665559228953079,-0.84844909652490175,-0.52716714447354129,-0.047211570548879214,-0.0042584698367251258,-0.082397971662586875,0.99659040718870218,-18.791756641555622,20.489382456779662,-3.3349461633416286,,0.1551583160160263,0.4375,0,1
0.40687538381630178,-0.90737072420746423,-0.10550256345492692,0.91348356607726755,0.40409651020879872,0.04747404494911215,-0.00044334083631528652,-0.11569087815508212,0.99328516759317975,-31.952166971040523,1.9822598332651926,-3.5006456134846498,0.7561020500085686,0.4548098495386135,0.8783783783783784,1,5
-0.52424959973647856,0.84827360201626834,0.074794741115176283,-0.85156231221423151,-0.52242800428417502,-0.043710510818388539,0.001996394873867614,-0.086607600486321698,0.99624050206037518,22.996756795544236,-0.44528729469860717,-0.74895176869772007,,0.5877734411546502,0.944,1,5
0.13096009058493643,-0.97637532814340333,-0.17187400404612427,0.99130927949179637,0.12678707311898449,0.035084903924302996,-0.012464632663722509,-0.17497501731042403,0.98449396963606461,-2.5376619862796441,21.246586514103626,-2.4318402541932742,,0.1352865926371645,0.3809523809523809,0,5
-0.9347294550515145,-0.3201464779852054,-0.15423060167413688,0.35182076772094278,-0.89482003257903309,-0.27480767219185065,-0.050029923639201279,-0.31113235435892173,0.94904882108968946,-16.021478218237309,17.450452815929602,-3.0919770606013706,,0.3559899012518672,0.2,0,1
-0.96694708552510689,-0.24542829333917812,-0.069125151884970606,0.25179176958922317,-0.96182640311949874,-0.10719549910950243,-0.040177587802523743,-0.12105751976158312,0.99183206156463055,0.78316952363865056,-11.17137933543008,-2.2153383569416056,,0.4121199876009788,0.849802371541502,0,3
-0.94104106426284029,-0.33214611326564786,-0.064192482531727837,0.33455395825798406,-0.94186551152995246,-0.031032357376420783,-0.0501534085080746,-0.050678571733487825,0.99745492027563742,4.3302774620297821,3.0224653907359218,-1.8519395318025422,0.246345045749478,0.2102501201069891,0.6606334841628959,1,5
-0.22315652936334615,-0.97269179834444697,-0.063810883366015647,0.97417425994454632,-0.2248512987264569,0.02064956954807495,-0.034433626936486821,-0.057554833806300623,0.9977483482529691,-8.0180091428985634,7.4143707035127271,-2.4984679264247736,,0.2254473382235339,0.8354838709677419,1,5
-0.99842062599443404,-0.017933904906555269,-0.053241230674034128,0.032870962456481898,-0.95501432803759534,-0.29473230747592838,-0.045560436960894395,-0.2960169054255235,0.95409550794783116,6.7748391243004962,-6.256536760206723,-1.8089566459886126,,0.4221524902238822,0.2941176470588235,0,1
0.9984679758331485,0.031479933448082788,-0.045505109886244462,-0.030011234402037602,0.99901759657788347,0.032606249974736261,0.046486848089764665,-0.031190631892497989,0.99843182913848738,13.569614778001061,-1.9468640529377557,-1.3493194787674634,,0.270464371866741,0.9278350515463918,1,5
0.63577093552929698,0.77093778101767585,-0.038082218104329352,-0.77051849361436597,0.63680515048205721,0.027936558803369919,0.045788301283757743,0.01158180120135386,0.99888402397199338,4.6244814011422015,4.6493476806058034,-1.8112577030643913,0.3297419065829083,0.2381489097799677,0.9238095238095239,1,5
-0.50681503704543807,0.86188220282378414,-0.017250700862641907,-0.86205168056443271,-0.50676573764898991,0.0074422564530063117,-0.0023277157619221987,0.018642843149486787,0.99982349749275035,-5.5289968195022041,-12.869838516186405,-2.5244396963358731,0.6140704163675563,0.5610824958518104,0.9851851851851852,1,5
-0.87025743265767275,-0.45733351005520106,-0.18302475648027847,0.4900211514493843,-0.84168140912991152,-0.22682962032615092,-0.050311748491732429,-0.28708616494996009,0.95658259541872759,-13.191734509765423,-15.446148409140649,-2.8745089215026538,,0.336795487995344,0.3658536585365854,0,1
-0.29190881831586302,-0.89603329478402716,-0.33453486578818176,0.95580339098956113,-0.28610780910060735,-0.067691944458008024,-0.03505880149537613,-0.33950943464082206,0.93994905405962148,10.725358606267996,17.167222423774479,-1.4617495302403309,,0.242697587427638,0.2352941176470588,0,1
0.30785866898688535,0.93065425052275297,0.19775162682910402,-0.95129415208444956,0.3046310711897936,0.047321735763684578,-0.016201115379886707,-0.20268837275407003,0.9791092622433698,-12.205780804349402,-4.251150756326747,-2.7073203903668692,0.5311567615609574,0.3900442773746599,0.2065217391304348,1,4
0.92305734151769558,-0.35441928274308709,-0.14950624164281523,0.38327696654671406,0.8803785678458933,0.27934270026682706,0.032617651433437769,-0.31515162905733013,0.94848064794041942,-14.921737832067,13.989966942955085,-2.9516887040279514,,0.7731228314725631,0.4375,0,1
0.95793646359102358,0.28675183000708093,0.011450751517436185,-0.28268210114158426,0.93595752934955412,0.20993887907688341,0.049482940665476309,-0.20434502989177236,0.9776474555490996,10.780893843920079,-3.2436389169089899,-1.5237682665701395,,0.3447215982078181,0.1212121212121212,0,1
0.94218866814301439,-0.32385778991963876,-0.086003753006831885,0.3342956878890091,0.92606924177047822,0.17504900029839093,0.022954447972173185,-0.19367986822336236,0.98079620817133795,4.1297718747099026,29.413906180534273,-2.2254568222438076,,0.5556172787997002,0.40625,0,4
-0.91212054267576004,-0.40485625176032397,-0.064245863987186111,0.40816265937561458,-0.9114873056673648,-0.050932652578437924,-0.037938886650835023,-0.0726794814086546,0.99663350027071951,1.2194821746650992,14.945179771423895,-2.0809543238967025,,0.2899548497694084,0.125,0,2
-0.067553614747172627,-0.96099451931646906,-0.26819031111935998,0.99728879212287169,-0.072901592587092015,0.010021122909618509,-0.029181744990569115,-0.26678622835891325,0.96331382950590494,-6.401288768142205,-3.4788686541738105,-2.4349693364293183,0.2037170274901309,0.1609224401182368,0.2155172413793103,1,6
-0.62324206446597563,-0.76603458914262701,-0.15735417794668191,0.78071657276336048,-0.621123003020565,-0.068467862032841789,-0.045287548982273385,-0.16552106619944931,0.98516588174346398,2.8124485043661198,3.1112058667364608,-1.9211839547249143,0.2114451510693373,0.1617640103071612,0.4245810055865922,1,5
0.3136564613690917,0.94933461009729336,0.019581172407184592,-0.94885857450623579,0.31258673306843282,0.044237313385858866,0.035875197942504503,-0.032455082514526022,0.99882913343152036,-35.36419644439821,1.1981671663337232,-3.6775200382270179,,0.8529775293287782,0.5882352941176471,0,1
-0.96673759384810609,-0.24509137794024072,-0.073134404353405166,0.25121063533740989,-0.96361043947071667,-0.09136814344412722,-0.048079531342851124,-0.10670115933018616,0.99312799842892652,-1.2256373975122132,-12.34728717992436,-2.3418881637394526,,0.08042958828415646,0.2926829268292683,0,3
-0.61955764944835623,-0.7832170509293529,-0.052147580418981723,0.78380141265998571,-0.620877849854367,0.012885692547464784,-0.042469571721852784,-0.032889917812976607,0.99855625218813659,-7.1448761022258784,2.5012304943962995,-2.4351025573991718,0.2611543920474086,0.2172361767453329,0.8599348534201955,1,5
0.72059030949713243,-0.68912317971756432,-0.076543118794452358,0.69312900772869046,0.718802317650996,0.053808984236827347,0.017938352875033082,-0.091828488583399703,0.99561325030386227,-6.1094557393954263,15.651680036326276,-2.4973761027522339,0.6707529820602455,0.6371820203158313,0.992,1,5
0.96765590074424079,0.24674762303060102,-0.052513505725654532,-0.24326644525618876,0.96779309860945217,0.064791626745522177,0.06680938831681997,-0.04992122607330246,0.99651611969905884,-1.9071188153573675,25.662557260343441,-2.5226939976050922,,0.07928513816347132,0.3333333333333333,0,2
-0.83795688926104217,-0.54205150918888978,-0.063312029867997249,0.54296801868485733,-0.8397472843410253,0.0031983006918611815,-0.054899748864631739,-0.031696369317669525,0.99798865612124099,2.9695062021808671,6.455268007125528,-1.8829138495676585,0.2095867809737914,0.1551611491154169,0.6906077348066298,1,2
-0.99702059438210411,0.072275610641626242,-0.026947550618505511,-0.069752641161433107,-0.99393123975979125,-0.085060329652369815,-0.032931799661743935,-0.082927237599871279,0.99601133017405719,1.7434697593060391,18.839689146368453,-2.1092471649301112,,0.2959907105358728,0.46875,0,7
0.98295040408159051,-0.17459725616289518,-0.05765675377808685,0.17883007811652255,0.98070668614448964,0.078956943407988131,0.04275869825751262,-0.087921521210009568,0.99520927438978468,21.433123754808381,-1.0074899076282853,-0.8809648462405032,,0.1377426764587412,0.391304347826087,1,5
-0.92671992662720559,-0.36544091098872922,-0.087424928754879422,0.37456004070456489,-0.91695048961787962,-0.13750118362009314,-0.029915773422439555,-0.16017097166858787,0.98663585295451284,-17.353588135511099,9.6064720378385111,-2.9697529211156843,,0.3647166515669007,0.3714285714285714,0,2
0.91788554728198646,-0.35961457137276059,-0.16781979068999725,0.39554452745822727,0.86325677607761131,0.31357975915855407,0.032103720792089604,-0.35421052865841651,0.93461449405561303,3.0927562177122878,-10.041987072974715,-2.0556071351204586,,0.1760364411518391,0.2,0,1
-0.13810709247578851,-0.92698977574932406,-0.34873541068280289,0.98972557575114006,-0.14232981132817876,-0.013620187640434317,-0.037009670519468289,-0.34703339963684227,0.93712224593408178,-14.124418474500207,-38.857223623222019,-3.8220049805596674,,0.3991935403588343,0.3636363636363636,0,3
0.46279423861051261,-0.82686248032188514,-0.31956209309750216,0.88646563996043759,0.43184093768107923,0.16640935584353028,0.00040234120900502695,-0.36029410650004651,0.93283867573277957,-12.21399389763641,-12.063794419036627,-2.7728140914185273,,0.2871338881009328,0.15,0,1
-0.91839261654031323,-0.38637633408557887,-0.085254503358048572,0.39232123296391869,-0.91720457990341986,-0.069424842598763498,-0.051371704759614993,-0.097206414720333936,0.99393755381679338,-14.963114136656294,1.9599939891426927,-2.7853460432353212,,0.1435398398340314,0.2222222222222222,1,5
0.88434043241044547,0.46624190691374473,-0.023674539943647082,-0.46378381999980078,0.88321143871430274,0.069585363623436078,0.053353237113604852,-0.050557281984384972,0.99729503825490529,4.9625037562862158,17.193824786809007,-1.8606764810151553,0.2372154183966722,0.2595379134372001,0.4918032786885246,1,5
0.16257755588985548,-0.95521961314736603,-0.24723274253115726,0.98657604635065421,0.15346895856529189,0.055812037447102537,-0.01537020129968994,-0.25298768629220142,0.96734739752403653,-12.570480634628366,-9.5074818553253397,-2.7505332392232615,,0.06101780483988337,0.1428571428571428,0,1
-0.7954737833865585,-0.59422370918230294,-0.11882610567674153,0.6038407584663642,-0.79375948103637561,-0.072953578936398575,-0.050968601701833198,-0.12978470522557495,0.99023135273029539,13.838610250017492,9.0279970708033268,-1.2431326652745172,0.4868227215751886,0.1428513658657409,0.6129032258064516,1,3
-0.62842213716481676,-0.77494244074770169,-0.067452435457883,0.77677458316192571,-0.62977693188611716,-0.0015043329838483443,-0.04131421637671117,-0.053340693584771261,0.99772135685925589,-13.809181322867163,-17.394669151894767,-2.9515561030623774,,0.1281706618471257,0.5517241379310345,0,3
0.31342490929935146,-0.94608427690783337,-0.081788551879076757,0.94955307290139013,0.31127304547231371,0.038184458958057679,-0.010667144614280281,-0.089630531350506082,0.99591795840601527,3.429415217728399,9.7245852864211368,-1.8695675909114897,0.4295377835167141,0.366776203316133,0.9375,1,5
-0.45324357603473214,-0.88469343168748393,-0.10903115477821039,0.89025861791858418,-0.45542272942952516,-0.0054525902699981777,-0.044831395304395109,-0.09953727667554306,0.99402337826988596,23.719699307315832,-4.0373548676554813,-0.77650471923032516,0.09239514582685203,0.1287940102191967,0.391304347826087,1,5
-0.9984029602902923,0.045725221814031818,-0.033177296056777071,-0.040017208946755672,-0.9869485672147168,-0.15598445006131123,-0.039876708385887812,-0.15440767391187407,0.98720216691690477,17.050604678641047,-11.950124929397118,-1.3712626901467699,,0.1658457520251253,0.2272727272727273,0,5
-0.50500468034911328,0.84738550445625183,0.16403682410639919,-0.86274417319471086,-0.4900040713505272,-0.124773802051883,-0.025352799531113416,-0.20453316820831643,0.97853125584142919,-23.003976634070714,-5.3012904158760019,-3.0686848161223299,,0.2584190230586996,0.3043478260869565,0,2
0.91657643337692707,0.39432990424367126,0.066268909733071868,-0.39599740688646967,0.87219197704855411,0.28717104469519111,0.055440919159269617,-0.28945652832733421,0.95558423108141766,-9.3404361830071476,20.659217861656913,-2.8148625405158803,,0.524844764777704,0.2258064516129032,0,3
-0.89522079785226705,0.4444035848626926,0.032942022614566344,-0.44522856433188041,-0.88887246227914307,-0.10806142375883687,-0.018741627349928801,-0.11140556342930963,0.993598284942801,14.942412040427662,-8.346827020559255,-1.399064414289499,0.2567653679080459,0.2333486492601776,0.4545454545454545,1,5
0.73157843599148742,-0.64953687169066376,-0.20711070543686541,0.681406269876628,0.70639173713633374,0.1915625461261504,0.021874354049200687,-0.28126956113276774,0.95937945913757794,13.873672261058797,-4.6690138937107299,-1.3760553363104162,,0.3123380092740881,0.1363636363636364,0,4
0.99614212956057391,0.077749941734542583,-0.040691574985496734,-0.072909504481604048,0.99133098979323775,0.10930266616970849,0.048837095232743218,-0.10591418807617325,0.99317527299736663,-12.241294432858099,-16.887567096612219,-2.8886719764232076,0.2281268229701164,0.2041535415320612,0.7538461538461538,1,4
0.24560246251511905,0.9690012354249472,0.026758851833285767,-0.96895431418242617,0.2445944907880242,0.036070377089954551,0.028407172224174937,-0.03478707836357238,0.99899093676827388,17.175734824777663,16.016040393116008,-0.99868221386780065,0.6201933903493484,0.5427189812521951,0.9056603773584906,1,6
-0.20417952484057039,-0.97034170058452474,-0.12941292726235443,0.97891074677262191,-0.20328337459766993,-0.020239057914115104,-0.0066686946958430405,-0.13081610649654724,0.99138422157715322,10.364175761730873,-4.9487821949406108,-1.5742617995461756,0.5483276748593104,0.471264748863162,0.6634615384615384,1,5
0.86430250885218507,-0.49564910682086954,-0.08551687610929154,0.50209685644339008,0.86026315544392784,0.088577932552761862,0.029663444531670944,-0.11949588400162588,0.99239146195701733,0.30671889041140488,-28.415595806091623,-2.8670022989222046,0.2862353469101441,0.377755488938901,0.6794871794871795,1,5
0.34815222081320957,0.93493769272435123,0.068421793794793406,-0.93651719563109936,0.34364829759940313,0.069580096610262335,0.041540022028057913,-0.088302651604009824,0.99522714406793089,-0.68251898582937376,27.112894973324398,-2.5041745095225614,,0.0989665397323784,0.2727272727272727,0,3
-0.89665202560250667,-0.43764137543827941,-0.066971422916155265,0.43996678084249102,-0.89768250137591643,-0.024399968823241022,-0.049440638527624245,-0.051343482818858893,0.99745650032169975,-7.2821140850064809,-16.598386611692955,-2.7031435324677333,0.1507291274077087,0.1178444510946616,0.3939393939393939,1,5
-0.63079806325883181,0.76590021154035182,0.12446151755202053,-0.77561822373609124,-0.61769768899356003,-0.12986891860828934,-0.022587040474091019,-0.17845568350282426,0.9836886675306179,38.106835230738767,12.016621477326574,0.35132828933237725,,0.4169488537464133,0.2857142857142857,0,3
0.43737858416061026,-0.89144428346576221,-0.11843590500297657,0.89927688059141719,0.43341727725787466,0.05874143178491148,-0.0010325460912909738,-0.13219891546674981,0.99122266953393745,-9.5114031022950165,19.809290214557617,-2.7870039092644641,,0.9749840004315349,0.6166666666666667,0,1
0.24334838964410416,-0.94130568337184706,-0.23393411831000924,0.96987239965541605,0.23332316652409402,0.070055894468737057,-0.011361762375007115,-0.24393423379064727,0.96972521878143614,-17.693095874333594,14.42006570339899,-3.0917246115929777,,0.437462835991069,0.3611111111111111,0,1
0.60158589655456085,0.79125727064155205,0.10957344898982913,-0.79752150755055495,0.58715727768840287,0.13858490629153569,0.045319466688558657,-0.17075790732620566,0.98427022865910152,13.208131244522722,-11.382115694918699,-1.558843017501423,,0.2310481791713288,0.3,0,1
0.57694325459839602,0.81618287881471019,0.031336708556317448,-0.81672787371497513,0.57602801455939134,0.033871916683028511,0.0095948564568043675,-0.045135737199019192,0.99893478463665253,4.2271210521674227,22.857202439075571,-2.0340365949093284,,0.231405249909393,0.7419354838709677,0,3
0.19906503296359596,-0.94845675480907909,-0.24658243430592058,0.97997176246777695,0.19128788977121061,0.055356011350863113,-0.0053345493719864417,-0.25266326896466057,0.96753956771756411,39.729677804467194,5.3753093018379055,0.38482926556629465,,0.4714095075570786,0.5600000000000001,0,4
-0.39923629501440328,-0.89998092591732715,-0.17505631587624459,0.91204542644777897,-0.40935597603673096,0.024511731450576141,-0.093720439813640727,-0.1498733394170105,0.98425325058804491,19.617475775950219,25.399031165887934,-0.87119369470956343,,0.6021611482885114,0.3225806451612903,0,2
0.95273278616828394,-0.29117046196012591,-0.086717934949732858,0.30232813840046019,0.93679811008843783,0.17608803953149024,0.029965561755644885,-0.19398212035303253,0.9805472972233471,23.357839396912127,-8.5429496487264398,-0.93101883650571593,,0.3363484448943354,0.4705882352941176,0,4
0.8523368768092181,0.52236505216329499,0.025624221150049566,-0.52203644132981097,0.84679369378357505,0.10207053488679603,0.031619651402498922,-0.10037525814067798,0.99444708516762104,12.014854079191503,13.753785278309255,-1.3381530822910224,0.6237766442827043,0.3006131561426518,0.1818181818181818,1,4
0.98254876106910272,0.18141770738294294,-0.041055420707721543,-0.17838313668552438,0.98158364298274048,0.06835940589973527,0.052700936118864353,-0.059842854850417591,0.99681565199165456,6.7602799335492092,-14.474187502198188,-1.9140555626776639,0.3187889215040923,0.2658482908726004,0.5666666666666667,1,4
-0.39590431565991874,-0.90442494288369413,-0.15898206040832985,0.91821502409222822,-0.39213155011393747,-0.055803377465426032,-0.011871915311340873,-0.16807251439502838,0.98570314371608525,-12.272513478247273,-37.905917379000975,-3.7913429974142163,,0.4378615769941409,0.1666666666666667,0,2
-0.85147382030082852,0.52368345439478081,-0.027349093869121276,-0.52387263177526433,-0.85179656110428947,-0.00029011681313783618,-0.023447793481917927,0.014080414910669319,0.99962590147353281,13.8596036304557,17.003425704755507,-1.2322751502292661,,0.1296062311296257,0.7,0,2
-0.98064010255758094,-0.16515650605292853,-0.10520607284870356,0.18611436289836031,-0.95313391989873486,-0.23853128654625255,-0.060880482741147685,-0.2534937065231837,0.96541934286316433,-5.6071774611002407,-1.5370905951336056,-2.3893270854540587,,0.6156241691909793,0.3188790560471976,0,4
-0.70666105042114224,0.69413659033069297,0.13712969693603014,-0.70740382917771416,-0.68914767608783767,-0.15702007198903006,-0.014490765417850653,-0.20796604171549851,0.97802870265181518,10.990036082054205,13.401640476695503,-1.4149532692402429,,0.2292549556872771,0.2653061224489796,0,3
-0.90651515297483332,-0.38898532507024441,-0.16407527024817184,0.41916474572207574,-0.87561506299583136,-0.23999828624086852,-0.050310966704705196,-0.2863366520981947,0.9568072576514226,15.565368258006421,12.900502001723178,-1.1114921290710424,,0.3353405746133835,0.32,0,1
-0.51339683660183044,-0.84001938927673969,-0.1754739690277918,0.85741126652256261,-0.5106060919080494,-0.064244368987199776,-0.035631561955777824,-0.18343621383336903,0.98238564079849544,12.282523405976681,19.169497531612322,-1.3627783100942372,,0.4649941086274023,0.4705882352941176,0,4
0.090368175855740238,0.99168957211317943,0.091571749762061186,-0.99567043901087871,0.087953847213362496,0.030074867252462681,0.021770844549322769,-0.093893095179294381,0.99534422036060577,20.032169051495458,-9.8004682618432728,-1.1444406237526306,0.9630149046663642,0.3440049415618771,0.5,1,4
0.2540195868623456,-0.95692053706436431,-0.14063120292001488,0.96713855033185159,0.24967776688627877,0.048000387338898491,-0.01082007173203583,-0.14820289628454733,0.98889778419237262,-18.247328211700591,15.730776295722919,-3.149234087489774,,0.3643640477253522,0.2142857142857143,0,1
-0.9222996816804554,0.37850304721298639,0.078094432724845522,-0.38510301876383052,-0.88305184464701458,-0.2681699174114997,-0.032541698036770435,-0.27740743125588696,0.96020110131830994,2.2414273087645542,-11.74254030632213,-2.141026627520453,,0.2656739515319121,0.4545454545454545,0,1
0.82969181620973498,0.5582057044608052,0.00422866669409298,-0.55597736207754045,0.82565368139054685,0.095839299160306715,0.050006629279457343,-0.081868125138269868,0.99538783753592952,-9.9646657735575168,29.593741741822079,-3.1905688991859718,,0.2908050035548572,0.5625,0,1
-0.75468442977981431,-0.61288091417425983,-0.23415464225344898,0.6542631987278329,-0.72962312765201032,-0.19897175273320444,-0.048898652725217845,-0.30335964899146151,0.95162064139311153,-14.038033825678371,21.231434449445686,-3.1180533669880321,,0.4136516839590823,0.16,0,1
0.86654624219439991,-0.49010926300789026,-0.094289556434572527,0.49714079202088901,0.8643162924580392,0.076212725318243663,0.044143437197495576,-0.11291703549709962,0.99262334248542605,5.0161934441297698,20.921989915467307,-1.9527658864050927,,0.2179157163234037,0.1538461538461539,0,3
0.11994238879780354,0.97671087337657314,0.17790360647679168,-0.99238077392242219,0.11286649519142918,0.04941208164344664,0.028181960872374536,-0.18247472178681565,0.98280656946838407,-11.066194052749575,24.8889786255811,-3.0765005064530415,,0.3012626889565119,0.5833333333333334,0,1
-0.40141607179756778,0.91159067262187088,0.088699396229141303,-0.91589184658651734,-0.39981245401335841,-0.0359461676977521,0.0026949320861037983,-0.095668423236825714,0.99540960922447919,-1.7258367349963086,0.23532703534824925,-2.1866564125790342,,0.1804495770975754,0.2934362934362935,0,3
-0.77870254212867196,-0.6156618555280261,-0.12075939106393545,0.62545217531017827,-0.77690681324552813,-0.072286789473908125,-0.049314574743282491,-0.13181913055572328,0.99004635726688262,9.5082125619025444,12.36665526355209,-1.5081213144726551,,0.7070835542384168,0.148936170212766,0,1
-0.64320050285745112,-0.76209710628213501,-0.074169493191732161,0.76432068402642073,-0.6448313839416312,-0.0025255204028288942,-0.045902125150221629,-0.058313693763273979,0.99724245197764072,9.8376758118385208,6.1186422892635566,-1.5010525107534545,,0.1131339659785639,0.3076923076923077,0,2
-0.78084853536421384,-0.61447424978564102,-0.11268079326103519,0.62276819102171843,-0.77988980788758733,-0.06270301272346343,-0.049349215506419949,-0.11913556943010721,0.99165083120293207,-15.346535458594303,-35.550478129226477,-3.5887078999462605,,0.3553881999489041,0.1333333333333333,0,1
0.66079875292249446,-0.74343473756543121,-0.10319786391730423,0.75050916228363518,0.65612457518198475,0.078971761855590919,0.0090003035722385511,-0.12963538414830325,0.99152088314484321,-5.2686949517028454,27.686668537569489,-2.8549392020259332,,0.1926449046692695,0.1666666666666667,0,2
-0.7953545904037177,-0.55945866279080669,-0.23327468819410571,0.60411400406149607,-0.76311040335125191,-0.22958393322242029,-0.049571621120572409,-0.32352514110253078,0.94492017517569538,0.65050586777400909,-4.1748213535303433,-2.0997703763518323,,0.7749920318075969,0.3376764386536373,0,1
0.91361419616281181,-0.37752958309519846,-0.15093215183566971,0.40534558483845418,0.87468203917473719,0.26575606709367189,0.031686865129761078,-0.30397819696993117,0.95215187777221744,26.759032310120642,15.392567673905152,-0.33338244072003292,,0.6472200424908068,0.1538461538461539,0,1
0.049995202254304913,0.97430024842560781,0.21963493726944083,-0.99843194328728191,0.043211112006984055,0.03558727894490836,0.025182024841818879,-0.221069730440239,0.97493283866528346,-16.978819832519232,10.961075659591659,-2.9852999199450285,,0.7177621230131164,0.3,0,1
0.76407815676145763,-0.614164994245187,-0.19744855077670997,0.64460773215540246,0.73906757693446135,0.19560160625540116,0.025796162611566205,-0.27673177730075321,0.96060089601586607,-10.293160238246157,-2.5078907012544813,-2.6185792350081605,,0.4579625042671334,0.2272727272727273,0,3
-0.54058235465525017,-0.83935148947964522,-0.057094613963899095,0.84016255086213354,-0.54212656994199948,0.0150223264428603,-0.043561519305675422,-0.039847951907516992,0.9982557461715702,-8.8892469563175514,-3.2753717090369245,-2.5411931388163334,,0.09048666868848645,0.3609467455621302,0,1
-0.79535092571874755,-0.58821455685574842,-0.14635757602983029,0.60393598869994514,-0.78961481921902121,-0.10848851931302707,-0.051751584626480024,-0.17467705164877517,0.98326481738946625,20.239387724499966,-4.7987285972826301,-1.0114822917881479,0.5822154821650001,0.2154717131637205,0.2222222222222222,1,3
0.22129639201468421,-0.90429093009505257,-0.36508330642348991,0.97512683989938165,0.20039942281439321,0.094698032944214763,-0.012472088402858282,-0.37695886391419786,0.92614602624391196,-12.824006174394206,-8.4790113944279142,-2.7500866889492701,,0.5016313380199101,0.1904761904761905,0,1
-0.37854505638697711,-0.88782681352159587,-0.2616623577763334,0.9247147176029471,-0.37500432599321071,-0.065379251562551588,-0.040079063530501217,-0.26671202574774794,0.96294255487440739,3.2340360016416336,19.475750676598452,-2.0403551205558159,,0.2570304343446818,0.1,0,2
-0.97325386013179283,-0.21322264748448533,-0.085516234355069817,0.22454134216169644,-0.96158439645155624,-0.1579133754978353,-0.048560368602269498,-0.17289173230841107,0.98374302513441436,26.194164345234153,-11.86773102141005,-0.84684028025968827,,0.4910409100176972,0.4615384615384616,0,2
0.43615915699135127,0.8995848748465517,-0.022632779765380643,-0.89905700598580407,0.43669605642398102,0.031512763947095769,0.038232051480871242,0.0066035786553664613,0.99924706804098617,25.863382623201268,-5.1833336820317557,-0.68705341667407771,,0.08649237635606209,0.3636363636363636,0,2
-0.079719770503884541,0.98653060648499624,0.14283599216987888,-0.99632760856984748,-0.074367333212271791,-0.042435788579737746,-0.031241872419834938,-0.14569441382304502,0.9888362266768258,6.6205588573975573,-4.583564803829562,-1.787616696546209,,0.2263416942852866,0.4523809523809524,0,2
0.71943678095890917,-0.64920925593749335,-0.24685635541458012,0.69436586621974083,0.6806355270572183,0.23364786139926977,0.016332851324620239,-0.33950349234231714,0.94046297994922656,41.033552566032633,4.0693716086336744,0.43859473563708168,,0.5849746455273581,0.2307692307692308,0,1
0.3036615793700681,-0.93204765108935139,-0.19767858081567194,0.95274413706938421,0.29524375860562913,0.071482391428487099,-0.008261627829325411,-0.21004356477465166,0.97765712108201142,-38.518698995234175,3.0941952769633696,-3.9076076503876473,,0.4125762052222532,0.4666666666666667,0,1
-0.75039527058766076,-0.62591201183367851,-0.21246432952848432,0.65918405704049887,-0.73237299760307795,-0.17060530860881912,-0.048819225959652643,-0.26807451543218203,0.96216045301836317,21.131818496364705,17.478647126317952,-0.73808718639355331,,0.4553752937543044,0.2,0,1
-0.088247230130400353,-0.92059100187517706,-0.38042690972218435,0.99573702211194259,-0.091817728506660187,-0.0087913325223635437,-0.026836713098918726,-0.37958096896227045,0.92476920300781618,8.029083987757426,15.961327961270536,-1.6355267256862105,,0.6620815868442256,0.25,0,1
0.95683152539283045,0.28896279765257193,0.031207909049284409,-0.28639367594136789,0.91909662765078082,0.27062899220474007,0.049518626750148106,-0.26788409921785428,0.96217774604852457,-33.995987794627069,-6.9778187389759827,-3.5344669559342861,,0.2343874225522397,0.1578947368421053,0,1
0.79699594580456057,0.60392182607097145,0.0087115076879396916,-0.60194497593559415,0.79303747705730077,0.093561776001140795,0.04959544653484315,-0.079812204440763326,0.99557536314701722,21.733956302871277,18.648185501331948,-0.70436916927190651,,0.3217240586544188,0.3478260869565217,0,1
-0.41965994479006447,-0.88220073844454561,-0.21355886267420249,0.90681426827180001,-0.41777135536548488,-0.056169186345951395,-0.039666277837485407,-0.21723018142970962,0.97531412102898196,29.443145746231991,-27.638183289270078,-1.3573152957587027,,0.4065870867844191,0.1428571428571428,0,1
-0.89121600251758215,-0.42798341985118565,-0.15021394472240326,0.44873631158679955,-0.88021077286125082,-0.15448209605800536,-0.066104156601959257,-0.20508336761298723,0.97650962760664117,10.064501855075752,25.792363481319157,-1.6528323497498625,,0.5080945200331608,0.2580645161290323,0,2
-0.99897560687767673,0.0088849601425619162,-0.04437109810048924,-0.0072771380550059241,-0.99931564824880159,-0.036266767526296623,-0.044662961445772267,-0.035906721492544334,0.99835661325327607,23.241766488401996,-30.821262408216494,-2.0219620893995685,,0.1831072984006391,0.1,0,1
0.98130952368030078,-0.1752770801429529,-0.079432763460070707,0.18829397888006666,0.95975152829001387,0.20838037686523389,0.039711412111075671,-0.21944235945127999,0.97481693390431079,39.075062982831774,0.15097444012040695,0.25744769350902941,,0.3828056960729911,0.2941176470588235,0,1
-0.82763679545539837,0.55746927501450727,0.065156290740946282,-0.56073956779258127,-0.8162553998300679,-0.13891817505296122,-0.024258440182917455,-0.15150950354039086,0.98815808371780089,12.95878458390872,-3.262373943015354,-1.398915043088947,0.7314447872030491,0.5839709561572091,0.1204819277108434,1,1
-0.12076219696820124,-0.95292716575376091,-0.27811204316231464,0.99228036566258238,-0.12384261389300191,-0.0065332154931800179,-0.028216443857169791,-0.27675408534049273,0.960526422615954,1.3666697162206525,32.308622879549191,-2.5220038314480133,,0.3320377436972745,0.2608695652173913,0,1
