axis_00,axis_01,axis_02,axis_10,axis_11,axis_12,axis_20,axis_21,axis_22,location_x,location_y,location_z,dbh,dbh_approximation,score,reconstructed,number_clusters
-0.75956799027304389,0.65042664383498394,-0.0012841892885267644,-0.64975396245428907,-0.75886933119425104,-0.044012798681073509,-0.029601628798426573,-0.032596305961713437,0.9990301418926909,-7.5786465447085591,-8.3499755727024443,-1.5184522354159737,0.1998129253367452,0.1646013593398706,0.7977941176470589,1,4
-0.5997723486796106,-0.77933864718613999,-0.18139570767088964,0.80007308128026466,-0.58762706402414122,-0.12073731087394639,-0.012497774603832472,-0.21754472328338964,0.97597033715247006,-4.4786709373818203,-7.8133270653619968,-1.5217377326210901,0.7408330312640183,0.2087516056406894,0.3846153846153846,1,6
-0.9257067695227964,0.37802573475945239,0.012787522013437674,-0.3774743619949989,-0.92114732124137022,-0.09487211711728262,-0.024084910133452438,-0.092650722767947474,0.99540733404694148,0.39937681324668056,3.0912030025899422,-1.4831572223841674,,0.07365996675086683,0.1965811965811966,0,5
0.94168922228908614,-0.33399964499448626,-0.040812323728657368,0.33570807473765446,0.94081327707224849,0.04658826290508717,0.022836312760882712,-0.057572691687408487,0.99808010098957112,-8.9220088461169507,-21.053512599667421,-1.585125754335454,,0.1624514688851238,0.2727272727272727,0,1
0.84522055880511238,-0.53341656843601082,-0.03269512947097819,0.53376950862670347,0.84562630009465023,0.0025044457749174996,0.026311948494568287,-0.019568472249583347,0.99946223353373176,7.3690008469574639,-1.9991710996139762,-1.3203509069211996,0.1802758508287309,0.1092926575873377,0.5238095238095238,1,5
0.9751559825661078,0.22094812067166805,0.015897724276998346,-0.21965970878594365,0.95519672207090933,0.19836540646258013,0.028643009646402717,-0.19692930233118733,0.97999919789852274,-17.075131010068446,7.0115218928211762,-1.5652717946527137,,0.49077496341229,0.336734693877551,0,4
0.32351114308343276,-0.94183377682722347,-0.091047664045930121,0.94581098927121254,0.32471324803630802,0.0016967980205791792,0.027966281030237478,-0.08666281426933338,0.99584509023655776,13.291141866743239,4.1283121521099266,-1.2445785064060029,,0.08657623704891076,0.1875,0,4
0.36626109716031058,0.91771312551839601,0.1538032117941032,-0.92946054337679296,0.36867092351595243,0.013595898631973255,-0.044225637504072178,-0.14793366555707008,0.98800795724640089,1.7399315656828551,-6.4425362523316201,-1.4302852584620338,,0.1984155725725115,0.2682926829268293,0,5
0.20091172314941974,-0.97447719486327988,-0.10014327831923805,0.97917563682940822,0.20281232583907172,-0.0090682262581252594,0.029147070879477589,-0.096235945358995836,0.99493170171625667,9.8935753157733881,9.555194490011294,-1.4052717231811189,,0.09167436380394041,0.3846153846153846,0,5
0.7971581933059968,0.58314220632979108,0.15647358256889024,-0.60376950672726015,0.76945166078064586,0.20834232519636273,0.0010943452109557217,-0.26055576930616892,0.96545817801178202,-7.2332936356027995,11.916494241488877,-1.594053507742232,,0.4137741387313888,0.1851851851851852,0,1
-0.10707367142601265,-0.97485082399809664,-0.19545101646598764,0.99355102908823389,-0.097534835714543869,-0.057821349170086564,0.037303907101889799,-0.20038170268856972,0.97900745234271014,-19.55111003029791,13.893516131507402,-1.585181143413112,,0.1680421411586967,0.4,0,2
0.15680772214808736,-0.98605523335668777,-0.055735222656915571,0.98728035505468892,0.15800222523526958,-0.017686077682451232,0.026245738660109836,-0.052252976858652454,0.99828892992539631,22.454608299605301,-0.357453251658574,-1.0153300100408635,,0.2164268766782404,0.3333333333333333,0,2
0.87391771290710885,0.48605624918793755,0.0041417016505394394,-0.48605115059224679,0.87376267062634261,0.017119416692008484,0.0047021351704901434,-0.016974040334438334,0.99984487390772936,2.9331033728424636,-17.150142413915521,-1.4023897971527028,,0.1045147240963245,0.25,0,5
-0.92087680238660441,0.37595562502617574,0.10316628731034728,-0.38958465732101905,-0.87760536719737126,-0.27934318364053856,-0.014481353744993628,-0.29743266040827643,0.95463296764576866,-16.828379956459841,2.9280765756153344,-1.5175466867220699,,0.34141279803901,0.3620689655172414,0,2
-0.72488688943190216,-0.66550141527608542,-0.17789565423379036,0.6886126678193859,-0.6930098421110783,-0.21342434832006899,0.018750766608576139,-0.27720971303817099,0.96062645380443512,10.550012448066701,11.003835574506997,-1.3742048058649203,,0.545176444393012,0.2,0,4
-0.43757004132890598,0.89239027815688599,0.11032701565118087,-0.89870911540645682,-0.43004583148028225,-0.085921526474898091,-0.029229861730148327,-0.13674858053197081,0.99017444973384727,-24.757907300121587,17.52171636828577,-1.5674694656852248,,0.2368378971495435,0.1818181818181818,0,2
-0.35351254656893721,0.93442808132789668,0.043278634962413028,-0.93509742570412657,-0.35177531359515779,-0.04297596056567695,-0.024933588988735676,-0.055662281402159709,0.99813828028447316,-20.144944921254226,-3.3765504574663967,-1.4901715614775704,0.5961513709500454,0.5252702218319174,0.9755102040816327,1,5
-0.26532387103600658,-0.95738762100550123,-0.11407097178465207,0.96396883496789054,-0.2610564999023649,-0.051123273265449312,0.019165820335059983,-0.12352508653772679,0.9921563507465595,-23.322984395048312,-8.6918121402420692,-1.4682292356850752,,0.1800803247261248,0.3333333333333333,0,5
-0.88485770739338709,-0.45941577660694782,-0.077226820931285675,0.46575827460780134,-0.87590946886079191,-0.12590405868901808,-0.0098013928031479534,-0.14737620759348838,0.9890319439403753,-14.338560790926913,4.9383684911940851,-1.5473733433328352,,0.5500174885087161,0.7619047619047619,0,4
-0.94085429119356823,0.33864518613903932,0.010613229833777271,-0.33657734223779362,-0.93060027144397695,-0.1438708708548751,-0.038844503276424407,-0.13893369891157645,0.98953955548626527,0.21654047282798991,9.6781523165431729,-1.4999673123818118,0.1803255231346929,0.1617959408916423,0.38,1,6
-0.83072726888764548,0.5566439366018695,0.0063033777332218328,-0.55554704658692733,-0.82826205788557772,-0.073139883071344849,-0.035492023822485369,-0.064261118193833192,0.99730177225023597,0.99340926250754702,15.873209971614971,-1.4303952677903773,0.4300345368984008,0.3870911597428898,0.8288288288288288,1,5
-0.72979442267180761,-0.67722349197655862,-0.093639962367567803,0.68366619426845998,-0.7227563332284429,-0.10111289528371903,0.0007971521834676242,-0.13781010374153349,0.9904583483696543,9.3681560826760961,7.8598528988599616,-1.4178999201319236,0.2801284446945953,0.2950167625430977,0.575,1,5
0.99960325342574208,0.023078953220298664,-0.01614613448865734,-0.023067700943179257,0.99973351539442246,0.00088281951996554042,0.016162206342779793,-0.00051001506257260525,0.99986925293798667,2.8462490024542833,-5.676424756920885,-1.4109747777150432,,0.07181283382370478,0.3235294117647059,0,5
0.79361748771465124,-0.60698308720449756,-0.041747036316154847,0.60837867412719138,0.79246760395520899,0.043249110380792488,0.0068316953039128268,-0.059721256929060176,0.99819171475728374,-1.883694344099065,-13.794042380623171,-1.5138168077273264,,0.09291796878975092,0.5277777777777778,0,5
0.2332188703242247,0.94988156682889135,0.20816812321626962,-0.97229228158807723,0.23130840739711531,0.033825136092290146,-0.01602116378245674,-0.21028891950386167,0.97750800132017046,5.5243353916615128,-3.083221691577946,-1.3565234429103694,,0.2966362120099559,0.2,0,1
0.69780675060792041,0.71476855013580454,0.046601057313916464,-0.71617197883442463,0.69505629171034489,0.063201646230517106,0.012784190955990721,-0.077476906821472485,0.99691217936735843,-12.605872509811038,4.6239036819657358,-1.544096175785268,,0.1170824063912634,0.2727272727272727,0,4
-0.95617207771495627,0.27513366172804854,0.10018196435676001,-0.29261200143420624,-0.91030206693942328,-0.29279406336618385,0.010638346437837821,-0.30927595300949051,0.95091283011385352,10.096400956381874,-14.184632256651687,-1.2461743292212237,,0.5953410600383586,0.24,0,3
0.739642730786918,0.66957062132114653,0.067851410137784771,-0.67296292226238386,0.73688818377349508,0.064161591899464882,-0.007038185429824176,-0.093118138290103125,0.99563019051615809,-12.302308787672589,-12.639299604336861,-1.5002380703048872,,0.1295074443788881,0.3076923076923077,0,2
-0.88061936413468134,-0.47034457186206702,-0.05731944897606496,0.47382432443506856,-0.87420615492561127,-0.10608538195166128,-0.00021233153694255591,-0.120580190786331,0.99270356728746112,-8.2688165017419237,7.9758735858698389,-1.5763993993347361,,0.080550350995125,0.2727272727272727,0,5
0.92427418901735081,-0.38033376091501447,-0.032610639744726416,0.38094187371328908,0.92447995650006298,0.014835729892754713,0.024505353866613188,-0.026135040422451458,0.9993580175762784,1.1936998099389107,-2.10801175172739,-1.4328529796431042,0.1799726351165575,0.1581435614315496,0.7111111111111111,1,5
-0.26128939855236449,0.95557586288278296,0.13639142377719429,-0.96483079498345958,-0.25433691009168369,-0.066439997114699056,-0.028799084286311154,-0.14895471271779676,0.98842455771972271,-2.7640111657126312,-8.0854692198719444,-1.5108464295037702,0.3613950866287856,0.1995481259246482,0.2537313432835821,1,5
0.17979234940352168,-0.97932274898228378,-0.09274515848142352,0.98335820002829744,0.18143024007697059,-0.009471980928950954,0.026102902770909365,-0.089498722400910405,0.99564482480226646,0.10747106100959126,-9.0775138242754423,-1.4915126224982067,0.5796994167577876,0.384593428061432,0.3134328358208955,1,5
0.39106889680617829,-0.91078728258976915,-0.13240711394613133,0.92000972356504918,0.39082959564308373,0.028884870005356389,0.025440646543696901,-0.13311180654701074,0.99077445488932048,5.9377578606928605,9.8302030430791145,-1.4594850029767996,0.4711723598388866,0.273537629274725,0.2105263157894737,1,5
-0.7712628618103079,0.61506798480615266,0.16384435314856968,-0.63564440360757546,-0.73078009639023189,-0.24883055054043035,-0.033313513092201028,-0.29606050865723821,0.95458807087616238,5.916611584042025,-18.311342969832552,-1.323149745238839,,0.3744665067301455,0.1428571428571428,0,2
0.99754112512170534,-0.059667748168885426,-0.036762256723150422,0.062228429120840666,0.99539055509094176,0.072974416372457954,0.032238584027169177,-0.075082638900100113,0.99665604449866319,-9.6876051665594236,-5.3804647954001696,-1.506014977410151,0.721398444824621,0.7034675865307489,0.8343373493975904,1,4
-0.64907864862385511,-0.75941241056419484,-0.044606037502879579,0.76058884095299217,-0.64675479221686016,-0.05668204091516655,0.014195876810292577,-0.070717956882279262,0.99739533167946093,13.626546359615265,-4.8176226167772418,-1.2106498175546005,0.325772494007168,0.2653531764336431,0.2777777777777778,1,5
0.20714265957582512,0.97073865544873827,0.12148407879811803,-0.97677548855910201,0.2121709071888985,-0.029885633551336242,-0.054786526938462234,-0.11247208080325191,0.99214337043887224,15.868221798349827,0.65343146112305617,-1.1385309157646859,,0.5209636912579905,0.1764705882352941,0,4
-0.21481218325527329,0.97643114620582083,0.020927079210702384,-0.97630600810265877,-0.21411295967955885,-0.031340373959348689,-0.026120958400393832,-0.027163527319693341,0.99928966687132204,-12.020636186869792,-9.5968542191100461,-1.4987245788025478,0.1103537660349673,0.1257138866602696,0.4615384615384616,1,2
-0.038901980637751118,-0.99865330190493118,-0.034325187498984291,0.99908336229236161,-0.038258744060980981,-0.019201658612409682,0.017862561211965351,-0.035040706289353601,0.99922623955223122,1.0445229192261509,-3.5860639151671898,-1.4426869705552416,0.5091465682884364,0.4778526136475587,0.9771689497716894,1,5
-0.92904235923803902,-0.36500119645040874,-0.060451809991002657,0.36607243564315473,-0.88322776427887872,-0.29308648598872822,0.053584201064366871,-0.29441950172619802,0.95417288286745483,11.403616651649331,-22.937605813954224,-1.1209986404659007,,0.3057506443523214,0.4,0,2
0.38961937029874522,-0.91862304643031434,-0.065790917725017162,0.92058579035072585,0.39053852256456373,-0.0012103707773741593,0.026805762297316613,-0.060094600091675908,0.99783269647144901,-15.408070232648534,11.266977015953302,-1.6228241659007081,,0.3880273041958125,0.6666666666666666,0,2
-0.95714545945218421,-0.28547492077108017,-0.048750785232780078,0.28931728595587136,-0.95007676737844227,-0.11683169148333553,-0.012964470571363908,-0.12592936789515849,0.99195449331324126,-1.4512374899114475,7.199055124389302,-1.5315051054605859,,0.09557091029090685,0.21875,0,3
-0.53651164119040085,0.83684533485757728,0.10883540046461457,-0.84358899751208916,-0.52837852259621099,-0.09577964363889839,-0.022646459849873318,-0.14319924017310795,0.9894347454330239,14.42678239160014,1.5444254278637075,-1.1773572915793742,,0.08501137965906655,0.1666666666666667,0,5
-0.061409561436120037,-0.97251712597867035,-0.22458696632354233,0.99811137457441657,-0.059474728988570653,-0.015376623716078407,0.0015967809471581058,-0.2251070773874615,0.97433272243145097,8.8159749671168175,4.1563408164877638,-1.3374220176078615,,0.5533750160452506,0.3493975903614458,0,3
-0.19466593594149209,-0.97826153882158784,-0.071481011789447393,0.98082695310640133,-0.19346032706641464,-0.023485951361827143,0.0091466630000852506,-0.074682417701732826,0.9971654200994875,7.1152707521665581,-3.8890145465890917,-1.3269504882998049,,0.3190528633508837,0.9385964912280702,0,5
0.9099091930111699,-0.40155737873618325,-0.10400448094331483,0.41407499566931616,0.89418261127010479,0.1702332390094061,0.024640585123297799,-0.19796244412691877,0.97989984808656783,-6.0783292850331758,11.567273871051436,-1.5730958397452908,,0.1242655202662322,0.24,0,5
0.79257579156244429,0.6096059721546474,0.014288923771673784,-0.60975236635293328,0.7921361161743159,0.026877968287596764,0.0050661974066976796,-0.03001553207354702,0.9995365933662349,-7.7269254069290669,9.3654146551003468,-1.5929841251996768,0.3268348868056089,0.2821973328396006,0.7086614173228346,1,5
-0.98558888595064298,0.1687200730757332,0.012169011130282126,-0.16754642615219639,-0.9637603228249656,-0.20759151050065366,-0.02329684472619082,-0.20663875989183553,0.97813990816046659,-11.363305902875943,3.5913758587242639,-1.5349940605718357,0.597286002607631,0.1986101221647991,0.1692307692307692,1,2
0.95543100084351396,-0.29378141700970517,-0.029053083260312362,0.29475165955029425,0.9548109733167649,0.038176752431800548,0.016524582279388786,-0.045038697290900195,0.99884856406105405,-8.6941087921599465,-17.942220762779542,-1.5537119646351103,0.2614941878910462,0.1420750305318494,0.6756756756756757,1,3
0.94448755936808793,-0.32056064009814189,-0.072000876513998335,0.32734314332206171,0.9368958559368662,0.12277060579943418,0.028101898849483799,-0.13952430307368488,0.98981980791094315,-4.6785374227852845,-2.9695541195464843,-1.4849633390300203,,0.09266413003044457,0.22,1,5
-0.32328252737636309,-0.93926461133782269,-0.11519721082370116,0.94624683808241539,-0.31953907625106381,-0.050116865101957751,0.010262987488155916,-0.12520690331218171,0.99207756876707553,-21.65081619380657,-2.9921894322265059,-1.4868774908767315,,0.1028089166378631,0.28125,0,5
-0.97958675479457746,0.19805020517982325,0.034436986791230528,-0.19995430881501347,-0.94234877046188481,-0.26832269601225422,-0.020689712838502058,-0.2697311829158881,0.96271336582882039,20.124653962589559,-18.806666823794775,-1.0052208584485367,,0.424068734593317,0.2352941176470588,0,1
0.83766500890419426,0.54494209768681878,0.036816341836563508,-0.54618149987369391,0.83553811426347679,0.0596810590451924,0.0017612646760562288,-0.070101139660659659,0.99753833418321203,-5.3436465679239049,-4.9344444425083172,-1.4960046942295442,,0.2887113479812984,0.2891566265060241,0,2
0.86115448082038204,-0.50104252052937936,-0.085844934530500086,0.50769435446053268,0.85623346964885483,0.09544992353054628,0.025678835874747483,-0.1257801179624615,0.99172574803393465,-5.8487185843233913,-5.7715537791824953,-1.5073794593759233,,0.08089250368846423,0.3108108108108108,0,5
0.65808292183924477,-0.73949221411128196,-0.1416973297289538,0.7519718937350115,0.65505588633570966,0.073756740773420371,0.038277134376834658,-0.15509046084698797,0.98715845229535737,6.800441018075257,-10.826783560206513,-1.33212868655328,,0.202130402290078,0.1428571428571428,0,5
-0.92299713689521379,-0.38267993421119445,-0.040402391455877117,0.38474130314531679,-0.91967665182180713,-0.078542891135183285,-0.0071003476873661162,-0.088039332380167992,0.9960916930768835,-3.8455340814679686,-9.1679977372027661,-1.5342181096567251,,0.06971729865217891,0.3214285714285715,0,5
0.88989587763786426,0.45615604744782345,0.0026433576972228396,-0.45612219098445989,0.88972177075008396,0.018647185977279254,0.0061541737603212198,-0.017799748035140301,0.99982263182787245,-6.7647548300007134,-4.7433456785646229,-1.5038405857080985,,0.06432444456178518,0.1476510067114094,0,2
0.68798228454869159,-0.72064798798123508,-0.085713788655984863,0.72531486460654016,0.68676070014266566,0.047729319294889376,0.024468823591688629,-0.095006411142381092,0.99517589325399392,2.3383862263282884,-20.871644334026772,-1.382045612186539,,0.1388585993569845,0.1578947368421053,0,5
-0.9938680446828555,0.10980355745766977,0.013018775976192313,-0.10891721755729986,-0.95188186063018132,-0.28645761138918957,-0.019061728092014309,-0.28611903497122371,0.9580044615497787,-1.8851249937117229,-18.276522998644609,-1.4799868779758851,,0.4117811233936773,0.2631578947368421,0,1
0.81979936515963925,0.57263210039696999,0.0046344879768503546,-0.57265048866339496,0.819762849040646,0.0077646098638462528,0.00064708378734984506,-0.0090193640417414143,0.9999591153416495,13.456418105254624,2.2843966464550314,-1.209543047529549,0.07727028778934097,0.09032619549285099,0.375,1,5
-0.92520579922657342,0.37123537248205291,0.07860360866797661,-0.37880574987079313,-0.89135298880301295,-0.248990066502182,-0.022370358565365338,-0.26014255240165229,0.96531104805011381,1.2140534554965505,13.428995728137346,-1.4772462401059498,,0.1155930831397819,0.4,0,8
0.93619452138425552,0.35107332611021186,0.016951041974377658,-0.35148231032209631,0.93511344117738104,0.044978190937801636,-6.0504097248305832e-05,-0.048066327333265949,0.9988441442567223,-8.2630678122050778,-22.208558243468502,-1.5892003137879727,0.3889227891488137,0.3624679885355035,0.8541666666666666,1,5
-0.99919056089718672,0.039514125616059173,-0.0075403508382732819,-0.036144791814054764,-0.96415346844502037,-0.26287191426654133,-0.017657209255275551,-0.26238659104884815,0.96480127477065425,4.5118432318759885,9.5872444391863585,-1.4513005013789606,,0.1026600950193967,0.2,0,1
0.85138414859666633,0.5245150074656626,0.0053887346962739743,-0.52401515686428934,0.85002240818820762,0.05357257651462264,0.023519075126907929,-0.048434621101199768,0.99854941819819731,-2.7872632627108871,-20.153284048249375,-1.5167953332139936,0.2755322404896527,0.2713939250020213,0.6724137931034483,1,6
-0.99159146987504132,0.12854752506694253,0.014895995106770581,-0.12794317266779645,-0.95658387020903413,-0.26187371732116616,-0.019413949591866556,-0.26157758515414009,0.96498718411498852,-33.028308065460052,-6.7463158009648199,-1.5560112250649518,,0.1076304040435939,0.2352941176470588,0,1
-0.55002198013933168,0.82118785754590751,0.15207341642368552,-0.83464596998752416,-0.53417354669889761,-0.13425619833253646,-0.029015963661295524,-0.20077132421310415,0.9792083277967577,2.6604481085680098,-27.866053284696218,-1.3751780179926762,,0.3101433197724149,0.2972972972972973,0,4
-0.99970660157558489,0.021334836569730797,-0.011468893352806981,-0.020825496540966944,-0.99886520112882216,-0.042832332036667121,-0.012369699269479303,-0.042580919699085916,0.99901644421779279,4.7112600062541139,-6.2534870732789223,-1.3643292904738515,0.5734123191887023,0.5134395284032657,0.9827586206896551,1,5
-0.32574008504386343,0.91008459425841637,0.25620192873807701,-0.94513073559859395,-0.30629935978068829,-0.1136159972222284,-0.024925681986206587,-0.27915360196750921,0.95992290153224691,-14.460374942486499,8.3075839991923512,-1.5881922810419309,,0.5105790665238108,0.25,0,1
-0.84397754947068593,-0.52165731606061427,-0.12480200555236975,0.53613033820250999,-0.82751135968756506,-0.16670095994594825,-0.016314301956245246,-0.2076020091147357,0.97807732279365622,-6.3941286891388813,17.702120603508515,-1.555352876332994,,0.3978678546288866,0.3939393939393939,0,5
0.85221712461405263,0.50277714385941807,0.14471045617757849,-0.52221349598232114,0.83432009546675356,0.17664383067140968,-0.031922360947756696,-0.22610865068129007,0.97357888276123128,7.3287115807497312,3.8929175997064949,-1.371463062461151,,0.539434805096919,0.1481481481481481,0,4
0.74426708786144458,0.65909884211658787,0.10795933607991906,-0.66243722770261459,0.74908984314861227,-0.0064285492344951138,-0.085108291487480101,-0.066731725679464865,0.99413452586051998,3.1359053183673229,-6.6209746361881718,-1.4012715536849936,,0.2096101113646872,0.2368421052631579,0,5
0.79795543380718359,-0.59830002425585516,-0.072829984436590417,0.60199091971306551,0.79708212372084108,0.047613240046152423,0.029564475990760404,-0.081836232929664368,0.99620719367974564,13.09823219582757,-12.824478835575158,-1.1694978178748721,,0.2034567142028422,0.2727272727272727,0,2
-0.62189927650797205,0.77416572918375348,0.11793520948490194,-0.78229291223532749,-0.6073507894105028,-0.13835757322535164,-0.035483648984150719,-0.17830435317127227,0.98333537935688176,-2.0748170547219584,10.036539710933532,-1.5223885831553075,,0.08630711350697433,0.2222222222222222,0,5
0.66631630984120538,0.74562597119187501,0.0080303377121656028,-0.74565483085330431,0.66633170550783771,0.00096512182921400409,-0.0046312487223250324,-0.0066309365242488254,0.99996729057308764,-1.8262630233853789,-2.5739073366959144,-1.470300426619175,,0.07554698086604358,0.4068627450980392,0,2
0.9971772624875247,0.074955651752415892,-0.0043769222357176773,-0.073275997118437033,0.98423249998273854,0.1609876213378767,0.016374841195742142,-0.16021247219894999,0.98694672010585993,13.110298410780397,0.24346539760579905,-1.2203069503228643,0.2883265876286232,0.1751606611363244,0.2666666666666667,1,5
-0.80204968857750392,-0.58310429700870903,-0.12925043853971063,0.5969146425110059,-0.78992411330571266,-0.14040229618542624,-0.02022885584224399,-0.18976109724640972,0.98162188207229306,-17.399325956058131,15.871452249093732,-1.5669891121222892,,0.2038289880574262,0.4705882352941176,0,2
-0.83005682706091122,-0.54199376477506422,-0.13133325090975453,0.55763740798363548,-0.80952091349150712,-0.18362029255277645,-0.0067959595984958179,-0.22565161103973386,0.97418435902466982,7.7420512254897442,-12.681841099876076,-1.3149618047592768,,0.09501324860948257,0.2727272727272727,0,5
0.76255169858146044,0.64681300969115041,0.012158843892713982,-0.64692023593447501,0.76232098708599516,0.018997920589342448,0.0030191603161478175,-0.022352698774683724,0.99974558840160677,1.9640952877402096,7.6583654366899454,-1.4726824693420812,0.434778769784589,0.3060297465137564,0.6559139784946236,1,5
-0.97418044736804554,-0.21960623654793823,-0.052398061367256998,0.22559744927501965,-0.95594643756564679,-0.18780894383962243,-0.0088457247527129156,-0.1947806699208125,0.98080693501769201,-8.5032856891965949,7.0909362634655739,-1.5676519964627551,,0.1285888228931048,0.2857142857142857,0,4
0.73250218504849152,-0.67770721583797933,-0.064447486377058411,0.68035556848122336,0.73205569423208561,0.03479599084623284,0.023597655302546094,-0.069335345557042308,0.99731427369746795,-5.0888980858798289,15.849618647285434,-1.5713939616023165,,0.07779784104517647,0.1904761904761905,0,4
-0.51610238480778492,-0.84028324715637248,-0.16601925473890369,0.85644613149149129,-0.50360522495469406,-0.1134980231175502,0.011762323281447801,-0.20076314887617117,0.97956919398496167,7.1311360386473019,2.3061432515064442,-1.392882843379202,0.5240624808564995,0.2449466942307873,0.2857142857142857,1,5
-0.070198172894923583,0.97732971883152531,0.19974693291989915,-0.99721838571775534,-0.06372546958637211,-0.038659484120600968,-0.025054095647000594,-0.201905139148781,0.97908457605899502,-8.8318991797475608,-8.2225391442076514,-1.5080736405446917,0.5249604995173863,0.2395930454490342,0.5588235294117647,1,3
0.34342281613898579,-0.9285924726354936,-0.14062997233828936,0.93915449925011696,0.33841868307388484,0.058835546099266008,-0.0070424351917362377,-0.15227874018140899,0.98831249582069536,-1.0201609456951128,-4.6929852737868147,-1.4564201404536186,,0.08450223196810858,0.4251497005988024,0,4
-0.49822179619738965,-0.8620653592780132,-0.092835112574481973,0.86699476466894532,-0.49412204487923561,-0.064525055606349399,0.0097529395818242923,-0.11263534568345987,0.99358852603695069,-18.896901514680977,15.386149078091609,-1.5795078773630069,,0.09835123826268939,0.25,0,2
-0.98970606640488157,-0.14037536326147385,-0.027868611565440758,0.14244531855026121,-0.98503374905225327,-0.097045579245922553,-0.013828714491620576,-0.10001635174945792,0.99488969038694797,-14.278432086981056,3.3950899157167767,-1.5261547262720543,,0.09454006369699672,0.6842105263157895,0,1
-0.33587638291282612,-0.93591853085122534,-0.10603564971593825,0.94180705887044891,-0.33207389218362438,-0.052214882857412631,0.013657205541087399,-0.11740286938274959,0.99299045664976338,-3.2315310498720966,3.7808404916270786,-1.4974431695962775,,0.9471580969917492,0.5942275042444821,0,1
0.9887208402298453,-0.14326059753462597,-0.043674950363001223,0.14816408919072144,0.97819724673386865,0.14552508085056082,0.02187470615740009,-0.15035473945406669,0.98839007965186809,-6.2769575653918235,-9.5141370021367955,-1.5388735876806463,,0.190107036795505,0.1794871794871795,0,3
-0.44790142706707969,0.88919824731289487,0.093331605616484528,-0.89047528447769553,-0.43428885934931649,-0.13581956552514118,-0.08023764307133098,-0.14394326528444051,0.98632766209491041,-7.9995370784028683,-15.584458460078372,-1.5389163774013945,,0.302172249919984,0.4347826086956522,0,3
-0.22402649819928008,0.97126466192083283,0.080355986761275325,-0.97391284269931122,-0.22005288111491,-0.05541213168949112,-0.03613727895005605,-0.090673513314735901,0.9952248042795393,-22.253600404628287,-6.8170541749134115,-1.4619130161107843,,0.4293093781567185,0.3387096774193548,0,3
0.99335886004303187,0.10965482188423177,-0.034842434064598679,-0.1046534570832484,0.98694666874876325,0.12240885166622274,0.047810345057667084,-0.11794953617228013,0.99186797398757165,4.1441467033503798,17.768774241549249,-1.3274175443518585,,0.1383424661181856,0.25,0,4
0.60925928850304401,-0.79136775509295865,-0.050400352894551019,0.79279285760840534,0.60923820878149726,0.017558185720934181,0.016810838701950697,-0.050654527535483843,0.99857474159037929,-0.61254567811332572,-20.664019097139757,-1.4846803628094325,0.3402993707696307,0.3325169204059564,0.759493670886076,1,5
-0.60643069731149235,-0.79347604815672712,-0.051357281468940745,0.79509455707685439,-0.60447043567993164,-0.04939774990496356,0.0081519730775573371,-0.070790206882704557,0.9974579148738284,5.6855601970358718,18.112612373909052,-1.3081535930573192,0.2570665659909727,0.2327294820843637,0.6666666666666666,1,5
0.96675697739360111,0.25484801396968904,0.020819136305208687,-0.25566375455326756,0.96473450333912514,0.06263691143997227,-0.0041220466416828014,-0.065877369731324117,0.99781921252738315,-0.57894449077265087,-11.462761519704966,-1.5180584875896093,0.09300598806492617,0.1604158907521931,0.2678571428571428,1,5
0.78430976495751126,0.61814709820391645,0.052462916182486503,-0.62023116499071673,0.77954089370356727,0.087345847171464569,0.013095593402012724,-0.10104533648774001,0.99479562997005933,-3.1252137849846404,22.535080348419903,-1.2682478166063849,,0.2830133324390455,0.8157894736842105,0,4
-0.893383170955936,0.44417205299495849,0.067658681563864356,-0.44863590605013748,-0.87374157383478035,-0.18788689670994257,-0.024337905729309845,-0.19820910546936085,0.97985754926608903,-10.646792183090204,-16.669715248310819,-1.5493196828748523,,0.1292459819193383,0.2727272727272727,0,1
-0.084011303712558438,0.99581916173698282,0.035864996388783189,-0.99616456363541228,-0.083048101456891968,-0.027553130520372407,-0.024459415479180215,-0.038042212893796626,0.99897673998575043,9.7174884216636563,-5.4579051930919134,-1.2721029202854623,0.1596992399771303,0.1484363841402374,0.2666666666666667,1,5
0.58096522926536354,-0.81092337417437177,-0.069876201973894755,0.81348344653624594,0.58134216723951948,0.016910552940994028,0.026908820043905123,-0.066667576878955359,0.99741232677209957,0.43909218526111793,-7.6059561147657604,-1.4665188899978399,,0.06955980950904643,0.1666666666666667,0,4
0.90150309521864425,-0.42805372067601222,-0.063735245560262124,0.43265715399888988,0.894837420132368,0.10988074728736022,0.0099978200016327592,-0.12663334373801619,0.99189920851311486,-8.612444580878952,-0.15204529566400821,-1.495487967440112,0.4755506324126882,0.3284787164857588,0.4611111111111111,1,7
0.97123957265894856,-0.23809712795995627,-0.001857460224136972,0.23791874012324091,0.97014485332013556,0.047049300469008896,-0.0094002978375026854,-0.046138067077778323,0.99889084146712093,-25.151949328710405,-7.9536319266047837,-1.469391851562283,,0.1286468676592069,0.3043478260869565,0,4
-0.43596574878452854,0.89994383068964301,-0.0059133315818626978,-0.89952480344281249,-0.43594902153616494,-0.028347462193820786,-0.028089034834168847,-0.0070393341526029645,0.99958063901656913,8.1124149001255255,-7.9730781179975532,-1.3071499329146077,0.2177203205728205,0.215175763064074,0.7894736842105263,1,5
0.24318448271343571,0.96751991840340568,0.069039951188178864,-0.9699553974743903,0.24306904343424679,0.010196422620568284,-0.0069162329121988603,-0.069445285056852976,0.99756178661057171,6.7496728609913772,15.974726623505855,-1.3336084252962854,,0.1406465702785638,0.5,0,5
0.82022453886621727,0.56918057559792734,0.057141737842958056,-0.57203484420346018,0.81660135332786465,0.077060799114871542,-0.0028005104578267535,-0.095894223523169175,0.99538759035667257,5.7188618299014005,22.330063500938973,-1.172795853969421,,0.1355482909492494,0.2,0,3
-0.86471168705654966,-0.50077845415545541,-0.038660549937745349,0.50225751249786887,-0.86263769618462771,-0.059946611753554237,-0.0033300761657252672,-0.071254087426271456,0.9974526382830311,-8.8406795302533308,13.57338079853667,-1.6153329644798031,,0.0962205940503847,0.4642857142857143,1,5
0.90107236974438598,0.42977099520425016,0.058012724159324194,-0.43319707323930445,0.89823984140352253,0.074198942393242817,-0.020220786832810842,-0.091989559171264737,0.99555463977791725,-14.040763924324136,1.4393642603870149,-1.5184955091188455,,0.3018459269670018,0.7866666666666666,0,5
0.25076669804727564,-0.96395731803355689,-0.088895175122272047,0.96756131790984756,0.25249188120782923,-0.0085408435584883487,0.030678318647306482,-0.08386977365943174,0.99600436837962225,-13.523010970538461,8.9992228720916962,-1.6045861124866549,0.2793195086089434,0.1998194305035426,0.3370786516853932,1,5
0.61394616941598146,0.78795455888384436,0.046879784487660676,-0.78922418466974864,0.61171495226505823,0.054129506812160604,0.013974526532710493,-0.070231263049469778,0.99743284600952575,1.9641956984107098,-22.940478939413758,-1.4125118379649173,0.3885113287585189,0.3692823139067635,0.6551724137931034,1,5
-0.048174106795138533,-0.98549063805061621,-0.16274967818426128,0.9987635761339575,-0.045525002475388161,-0.019969805650650277,0.012270877010199025,-0.16351047814805611,0.98646528023706681,1.0773699162711179,-28.258815204178287,-1.4300476735065151,,0.217151716512299,0.4117647058823529,0,4
-0.32952596724917604,-0.93954567926609589,-0.093094325718091689,0.9441400221942744,-0.32828353218202233,-0.02880175322945858,-0.0035007712708126988,-0.097385004341049464,0.99524062694908288,-21.272508302115437,17.567474804836198,-1.5773105602038437,,0.1682444331023064,0.35,0,2
0.62154136633281198,-0.76885938021870726,-0.15013854730497295,0.78188614999446138,0.62069076916944099,0.05828393873690136,0.048377457394747102,-0.15361712963583815,0.9869454894260703,-11.118519785750268,9.6799310134043566,-1.6183274440775157,0.6399818118356502,0.6602298885234917,0.7374631268436578,1,5
-0.92399668427179438,0.37174756674716974,0.089631880892289004,-0.38236469410914448,-0.90137854671280571,-0.2032583484748679,0.0052314580712463131,-0.22208210676114604,0.975013933081461,2.3600220168472594,-11.829443306125217,-1.4533527081504229,,0.3847980132160576,0.5595238095238095,0,5
0.66968771749672362,0.73971236075832136,0.065908909681320876,-0.74251794546139216,0.66856043530312326,0.041158778104940744,-0.013618432428964489,-0.076502076368226701,0.99697641426942885,-5.6039014995415233,-10.146342153696123,-1.5377816959131996,0.4024310809806538,0.4222074482583671,0.7080745341614907,1,5
-0.97500074579489349,-0.19693978620262431,-0.10289930179484932,0.21281764960008265,-0.96081684034285164,-0.17759405207460155,-0.063892047377582847,-0.19505312077494286,0.97870939831895809,7.6820981406788897,7.9338098614342547,-1.4179233996349341,0.64828357250665,0.2896258999205392,0.3125,1,3
-0.44542034571464306,-0.87040612280157037,-0.2097472217050437,0.89493138282966622,-0.42592061343400101,-0.13300169577334203,0.026429825009419036,-0.24695103247717107,0.96866746198498344,6.7201478032957045,-16.225469471426972,-1.3325256527949831,,0.2352140117125986,0.1818181818181818,0,5
0.8193912981107464,0.57271796879424441,0.024331641962323975,-0.57321960417799234,0.81832444743394706,0.042004572583854635,0.0041455960263162284,-0.048365555430715648,0.99882109863652058,-11.903874950257975,-6.2677428254981971,-1.4892333189873104,0.2240963356898508,0.1717370009408833,0.8229166666666666,1,5
-0.77409288372422302,0.62892859765130227,0.072312007466832431,-0.63236505365732787,-0.76277093053200706,-0.13525881283044394,-0.029910638249317875,-0.15043047095486581,0.98816801563692369,-21.053502116318345,-8.4173484284045177,-1.4560886521530771,,0.2482357043955116,0.2142857142857143,0,3
0.98674584957384337,0.16086430126022452,-0.021337875453181422,-0.15804659879305047,0.98251555435449212,0.098409644148501688,0.036795393172845692,-0.093732929280727684,0.99491720108243697,-23.912251683712462,-2.9286975583659802,-1.4703035116606666,0.6022677034228655,0.4337184977018301,0.3773584905660378,1,5
0.33817030637017997,-0.93909801439616247,-0.061120890427791855,0.9409681996331154,0.33843738164155851,0.0062438759453990588,0.014821982617522227,-0.059624307667205133,0.99811084092223645,0.9894130640136487,6.7893862009114505,-1.4911303820157533,0.5243536983133597,0.3706100582079447,0.7210884353741497,1,4
0.006693584960772915,0.99834021773203652,0.057201447351651794,-0.99957778937670005,0.0082973591913215097,-0.027845947914189938,-0.028274350658547429,-0.056990907074734878,0.99797424696513903,-10.782640150241594,19.265883768104466,-1.4839570101002184,0.5647078046000369,0.4543357035524481,0.6571428571428571,1,5
-0.38406445945707318,-0.90798222881349666,-0.16751944108318667,0.92329290397751151,-0.37670799432614677,-0.074975332447059992,0.0049703568002300302,-0.18346487175927939,0.98301370101521524,-2.5756226760832095,-16.954003592273292,-1.4810307456407965,,0.11536386992931,0.1428571428571428,0,5
0.29457663931765321,0.95209068139556507,0.082145833540401364,-0.955312002952034,0.29559919995026562,-0.00030000756148020085,-0.024567877077423823,-0.07838652555441443,0.99662027474229942,18.770137181080997,-3.2123818038273639,-1.1203813072754722,0.2084879172241386,0.1469347389104184,0.375,1,5
-0.4020554448133789,0.91463593277134314,0.042338277945749729,-0.91521272807342324,-0.40007770459713343,-0.048202620848778167,-0.027149248024914613,-0.05812865702718658,0.99793986670735668,-6.6476388602848475,9.3612323081484146,-1.583623228924113,,0.086828218065938,0.3846153846153846,0,5
0.59910226493904872,0.80049894327279447,0.016670871724113114,-0.80064771339135898,0.59911771677767311,0.004604398364233808,-0.0063019985790679599,-0.016106000814845933,0.999850429590177,-24.2973026351054,-6.5957916569388058,-1.4740040344577288,,0.07396972582533456,0.2380952380952381,0,1
0.96643847744817357,0.25663838577381293,0.011550249134462221,-0.25435126027742122,0.94957424836630211,0.18334171166120414,0.03608470178543878,-0.18012630509446476,0.98298138767225474,-7.9418598478632605,-10.539495015840219,-1.5214125237329896,,0.50438260935907,0.3238095238095238,0,4
-0.77426976190465646,0.62919286604839053,0.06799024278467336,-0.63240627477516109,-0.76519364572483328,-0.12058601978397748,-0.023846161643127983,-0.13636356498768443,0.99037181841909205,1.2174573720038468,-4.9427925005428373,-1.4387203377428714,,0.0857607484533932,0.3684210526315789,0,5
-0.19565032354384301,-0.95676570914495518,-0.21522158047357065,0.98065275180168021,-0.19231168316493957,-0.036556762740442131,-0.0064133673668878618,-0.21820997759639663,0.97588076853496697,1.4391449106883871,-9.5923417339732904,-1.4658086563732444,,0.1179523701949463,0.5,0,5
0.64326438061344504,0.76465846595980513,0.038837701657014036,-0.76562886424370191,0.64274379193563291,0.026322237083936936,-0.0048351702038604899,-0.046667422943654308,0.9988987800397483,-15.245940178227739,-21.548995621772903,-1.5626806468905541,,0.1034461828582128,0.2222222222222222,0,1
0.99234116838714104,-0.12162411124745645,-0.021600488126656502,0.12168910793551303,0.9925667824232185,0.0017156456153776401,0.021231263125460489,-0.0043310499056065975,0.99976521017327435,3.6600673225826017,-10.202154299718028,-1.4079940530198174,0.5288749741072256,0.4843683327316521,0.9771428571428571,1,5
-0.98604050338499194,0.16204825461576441,0.038268640689973432,-0.16649916633881623,-0.9575812790499969,-0.23519379588214726,-0.0014674102197487356,-0.2382823056564595,0.97119482572668714,-3.0984303881844402,14.291413064063558,-1.587765431303696,,0.3285092966232194,0.4,0,5
-0.99671039499097924,0.077323243239984518,0.024279715232638291,-0.080897275758162204,-0.96730820196075984,-0.24035489009868544,0.0049009480547822035,-0.24152838026677834,0.97038137978522232,1.9819356959646395,2.9026863291407641,-1.4715593360470405,0.7118293726553444,0.4522315617648429,0.2619047619047619,1,5
-0.62112601521259747,0.78345766398317063,0.019913863817802739,-0.78335974250511275,-0.61988703926188893,-0.045689959262979446,-0.023451802669377894,-0.043978941564836144,0.99875716050018537,11.863508770923463,1.5806394712856366,-1.2410800761614369,0.6414898938913489,0.5608146542130058,0.9761904761904762,1,5
-0.77462382438054789,0.63149053300839197,0.034316722204083404,-0.632069497887084,-0.77123895451061852,-0.075356651240205852,-0.02112061890249646,-0.080063610748864908,0.99656597257333146,12.035882892485615,-0.24646079689202838,-1.2711199162107119,0.3098268613238209,0.1386567752576705,0.5,1,5
-0.82231714879992757,0.56901591293483011,-0.0039239796763481877,-0.56779027754787881,-0.82096174312732628,-0.060299395050406039,-0.03753275251911576,-0.047357229102684348,0.99817262301670762,4.8356263166334159,10.61404687855185,-1.4701656807592955,,0.09778125269001399,0.2777777777777778,0,5
-0.069011557599754705,0.99515621107796959,0.070010859661882474,-0.99654112542007167,-0.065510609638591025,-0.051128713765135642,-0.046294602970030643,-0.073297173054083037,0.99623507976688241,-19.964447910146895,9.2593098842952841,-1.5586892938275516,0.7991972874034985,0.5755104543951776,0.9617834394904459,1,3
-0.95172196867402603,-0.30554029179855163,-0.029502956307659815,0.30679191891587609,-0.94998622153697343,-0.058351498505335511,-0.010198668106681207,-0.064585671611895601,0.9978600494013623,9.3451060261373371,1.438267866177116,-1.3224041754034288,,0.07243187551249827,0.28125,0,2
0.93909624007219217,-0.33468702769069525,-0.077992598224705889,0.34230555355125042,0.9310894161409432,0.12609285133698125,0.030416441117337586,-0.14511062209874917,0.98894779814905798,-13.31117197977675,6.713295637034542,-1.5547120091500011,,0.2342591369197594,0.2121212121212121,0,3
-0.44427249013617598,-0.89517650186023945,-0.035790851141969268,0.89582566785350848,-0.44340002630783465,-0.029879583079866417,0.010877836320548239,-0.045337039906423134,0.99891252143994369,10.745849234338495,1.879645547474051,-1.2815899397981645,,0.06710598332138906,0.2222222222222222,0,1
