axis_00,axis_01,axis_02,axis_10,axis_11,axis_12,axis_20,axis_21,axis_22,location_x,location_y,location_z,dbh,dbh_approximation,score,reconstructed,number_clusters
0.9809489449607578,-0.10817100619527874,-0.16136356713668684,0.13425421326625486,0.97783841624501855,0.16064818061743474,0.1404100195877559,-0.17925140204231033,0.97373197609261586,15.346259144465144,-12.238069808968611,-0.3626098973805959,,0.4215659402261495,0.1052631578947368,0,2
-0.98086920788265142,0.18534849986179139,-0.059510760595407233,-0.16412978940471773,-0.95178764199715327,-0.25915573844980272,-0.10467573385280543,-0.24443039528766275,0.96400040072704019,2.5156253404461317,12.103600578638655,-0.24541884076916859,,0.3018282675438214,0.2941176470588235,0,1
0.6564192656549247,-0.73743956703415958,-0.15904915167809333,0.74940844530413242,0.66162613875395493,0.025255388026641568,0.08660675368522272,-0.13577090074829928,0.98694758357579593,9.01263930417905,9.8786218280017515,0.10026656130009082,0.3363749352189359,0.1977681161994808,0.3846153846153846,1,5
-0.24394404505842576,0.96969346319828831,-0.01363415971169959,-0.96862259578975618,-0.24431589760828146,-0.045607116784285515,-0.047555964989141095,0.002080770619547942,0.99886640777812807,-21.654246546945764,16.722770267343073,-1.818937752057701,,0.07948855669473841,0.2777777777777778,0,1
0.96762542198595058,-0.18686762087730821,-0.16965121571673622,0.21120633508883188,0.96751634957610233,0.13893882582373701,0.13817715710223591,-0.17027215148282263,0.97566104138914755,17.092342666493607,2.7591164598108939,0.43682428581154747,,0.4160304769976053,0.3888888888888889,0,3
0.90324959186892839,0.42883908238350432,-0.015401824862303317,-0.42098835539076607,0.89252390045903152,0.16177110908557121,0.083120270776707916,-0.13963569933892833,0.98670810884280047,-19.253334889215257,-26.733040273159585,-3.612734130686869,,0.5164226639059053,0.1818181818181818,0,1
0.88850545279871485,0.45803758078162443,0.027561475625732839,-0.45143384882658116,0.86176952694533815,0.23143198258241646,0.082252905605641816,-0.21807076149755883,0.97246059174616661,23.95016042895374,-1.7495458085949027,0.86641788562937783,,0.3247318079230002,0.5,0,2
0.95478845825906311,-0.25508704434678742,-0.152674817116979,0.2768202641057686,0.95011214579454806,0.14372700440102842,0.10839530135432701,-0.17949236813887345,0.97776937384242368,8.2446664691344136,8.4996920559224467,-0.043266380527118134,,0.2529662084931497,0.1,0,3
-0.97093905544305636,0.233387737478191,-0.052985985035258303,-0.22108408847846672,-0.9594512754483695,-0.17485730142645656,-0.091647020884429498,-0.15806142488067174,0.98316703032989305,16.296244739285154,-29.780971322642088,-0.68314432453609331,,0.2679525698125079,0.45,0,5
-0.61875055879123975,-0.7467964544629575,-0.24380894486684523,0.78536607342676201,-0.59540023750828175,-0.16940687083265413,-0.018651453180872891,-0.29629986968717631,0.95491282875328665,-4.6979837182743642,9.4249993916290293,-0.93580350495666476,,0.4469293830017181,0.3333333333333333,0,5
0.95929940880703934,-0.26039977439403239,-0.10925475622599043,0.2622507980782538,0.96499604244969817,0.0026752502197996578,0.1047337728232039,-0.0312185129683758,0.99401018167736066,-3.9154706042595766,10.895627703927856,-0.81720779238052332,,0.07007699805043341,0.2727272727272727,0,1
-0.72864148044811694,0.68453331051807709,-0.022265214158833594,-0.68131360389491236,-0.7277682204764413,-0.078518726506997871,-0.069952599080399899,-0.04204240782491276,0.99666397036623178,-16.79429171034235,18.836308311309782,-1.3641097564162177,0.3820553603257758,0.2526232204805123,0.8378378378378378,1,3
0.65449831814784887,-0.74272045020907818,-0.14141529048466911,0.75099358738327382,0.66026072633637189,0.0080252705231475801,0.087410429874474754,-0.11145450237201088,0.98991783025166735,-11.42659249189157,15.719022399571861,-1.149130629740188,,0.1134634982842218,0.4146341463414634,0,3
-0.80547850503568785,-0.5755551079419734,-0.14121152802578862,0.58792949051624999,-0.80601548812325696,-0.068395519493105475,-0.074453288085735328,-0.13811354251966881,0.98761397178548016,11.618283098328213,4.095612581208675,0.068052484767043564,,0.1242994630796596,0.5283018867924528,0,5
-0.97214290174789464,-0.20054877591929818,-0.1213192773571159,0.21728157805696924,-0.96519335270801121,-0.14556959753101151,-0.087902755464518617,-0.16787489498295602,0.98188142115848454,-20.215308577167843,12.637917963364476,-1.9114409747696712,,0.1530516816403401,0.2857142857142857,0,3
-0.97356385814593449,0.22797346038685815,-0.014195614507506579,-0.21508347174698825,-0.93589069997286345,-0.27901200312095459,-0.07689287543892806,-0.26858276017560545,0.96018268399465934,13.529503614213912,6.4498925765825028,0.31931522631563636,,0.4189175155504191,0.1764705882352941,0,5
0.99335161109131276,-0.024425645799299862,-0.11249873141320713,0.050750817876086915,0.97005950997104284,0.23750558224944651,0.10332923703967822,-0.24163595539991037,0.96484979858565068,-17.719359912113919,-26.707887241385428,-3.4970819284753665,,0.4677191095198237,0.32,0,1
-0.79695567157094604,0.60403066491484236,-0.0029348583333155278,-0.5963940431052368,-0.78763188158762931,-0.15475840673553171,-0.095790411312887264,-0.12158525794381804,0.98794798554946384,-7.0395359143230598,18.314150273088025,-0.66975613559902125,,0.554011456572285,0.36,0,1
-0.972794918729326,-0.17881032379886469,-0.1472987243575104,0.21165109822092526,-0.94450310196849963,-0.25123236852316433,-0.094201160907288833,-0.27557350829647603,0.95665321972431128,3.0562854108986723,5.2708430371075856,-0.60735836565695656,,0.1907081881805999,0.21875,0,2
0.86440326633612274,-0.45453687085930833,-0.2149493572376269,0.4927628157650748,0.85082372246834892,0.18243848465818713,0.099958994326250411,-0.26361947256325569,0.95943367313157923,12.934505505068708,-14.966374639531628,-0.6561770208845058,,0.1511671331460172,0.3888888888888889,0,4
-0.98858047095036938,-0.082495513909037671,-0.12610766289337569,0.11155223169999447,-0.96324878434992967,-0.24435195733026899,-0.1013151126846151,-0.25562916428542859,0.96145149555681519,-9.8143845419367839,15.252700722919666,-1.03175054009748,,0.2028057354704433,0.3214285714285715,0,5
0.88540340343805712,-0.43909283201162108,-0.1525067147909199,0.46022147729997553,0.87416448150735038,0.15502467901212638,0.065245727922466745,-0.20744624399347239,0.97606815891149101,11.884765978527058,-21.252484095430525,-0.93342249080976147,,0.3135861703604584,0.1904761904761905,0,4
-0.70126439030809162,-0.68324694172796607,-0.20347449841491644,0.71056867705395954,-0.69296497023208403,-0.12203157468881773,-0.057622999536698243,-0.23015900297539521,0.97144553283947188,-13.664624498279933,11.228943541252288,-1.4982401694769754,0.256472724244361,0.1876909301867046,0.5402298850574713,1,5
-0.92768213358188834,-0.31440941788236654,-0.20137670416368045,0.35476358182603229,-0.91039639991390653,-0.21288775454159448,-0.11639871151743562,-0.2689332872120323,0.95609948592518901,3.9510441427854577,-25.427959777645775,-1.7828911678024366,,0.7260655601838679,0.2105263157894737,0,2
-0.9935376524424181,-0.030286870126486606,-0.10938756180275194,0.051849194185352672,-0.97841662479478886,-0.20003142100056112,-0.10096828334451931,-0.20441040536899147,0.9736641063197029,4.3029512718386309,4.5577366770915946,-0.56717682590098817,,0.6196039912843154,0.6030534351145038,0,1
0.97025643486325208,-0.23109212265435691,-0.072103269368001571,0.2363671007466647,0.96868572867948988,0.076016792469173033,0.052278526098839227,-0.090798622785749877,0.99449613664867653,3.7997686330418872,-27.835633590993869,-1.8617213920549232,,0.2910010435438984,0.64,0,6
-0.67512136409967982,-0.72094305649455015,-0.15637216193582609,0.73636822023182191,-0.67134589944625411,-0.084003139996787796,-0.044418329198738685,-0.17185980504177417,0.98411951481626292,-15.485450327113496,9.5071799715600811,-1.724536207059447,0.1686746372397869,0.1268229721207007,0.3561643835616438,1,4
0.9888442489359236,-0.08314871004707193,-0.12358536872889508,0.1064803027454571,0.97477571160174392,0.19614855900197029,0.10415851608766681,-0.20711978198332873,0.97275505623851344,-13.476987536978065,9.5022371112458259,-1.5383159541646341,,0.446193989001256,0.3076923076923077,0,1
0.80832541590832641,0.58819640132186024,0.025199513262055967,-0.58553859104407457,0.79874387872775554,0.13839354968010847,0.061274630923011796,-0.12662231109466407,0.99005667006403975,-17.513831173368587,-28.638059345344477,-3.5657679246551863,0.6860592890080441,0.4526544374672804,0.5227272727272727,1,5
-0.39782444333928318,0.91599495832992217,-0.051855073001147084,-0.91463169346223883,-0.40039919803948998,-0.055940571356860223,-0.072004010972917684,0.025173766573522778,0.99708660801372451,-12.341708286332778,11.454402769008482,-1.3909806508406695,0.6486776914023322,0.5736546261697094,0.9323308270676691,1,5
-0.90445114215481415,-0.38492505222857443,-0.18385003568583005,0.41683952690093828,-0.88907014706129062,-0.18920645448138562,-0.09062527389119375,-0.24776395575475402,0.96457248662861095,-6.4667716340357702,16.283055594015167,-0.75629964158353469,0.6309292387552188,0.3874578254991711,0.2272727272727273,1,4
-0.81112210748863856,-0.57067871518889368,-0.12808876130848873,0.58033577095979771,-0.81252428128908105,-0.054906149565963853,-0.072741457833114975,-0.11887008179527829,0.99024167957438403,9.015351410461081,7.759345055364145,-0.011115733693345524,,0.08214129556803629,0.2727272727272727,0,4
0.9302490018271089,-0.32712485867193752,-0.16621107495751514,0.35362280860597639,0.92014192090313962,0.1681955844554241,0.097916820992559217,-0.21523980169928034,0.97163991474782774,-12.108736000870437,-28.159715973949517,-3.2098010816530116,,0.276870533718185,0.2352941176470588,0,2
-0.37773801948773583,0.91513702253730644,0.14084821125962649,-0.92367420039710213,-0.36186865350648517,-0.12600416314621413,-0.064342522131613372,-0.17769442194665808,0.98198000603616453,23.104685896159062,-8.9204843956694493,0.55580080581310798,,0.5150961842220709,0.2307692307692308,0,2
0.554296659776219,-0.77974919831329703,-0.2911123506323548,0.82958316771192842,0.54591606173056229,0.11733465555254297,0.067431304376879483,-0.30654011364642242,0.94946625949302121,1.704475538386417,13.835667944850162,-0.2275925111081982,,0.5121423667071933,0.6486486486486487,0,4
0.0263489785330722,-0.96713487921213515,-0.2528949519891438,0.99945548523861927,0.030513103285849268,-0.012557211247022963,0.019861126773145436,-0.25242637726512412,0.96741224909761447,-16.565269399820689,8.3950088805134531,-1.8343657039391292,,0.3161580133011128,0.3288590604026846,0,5
-0.73216749028175798,0.68102997163991708,0.011355346874801961,-0.67502482339261449,-0.72328354753695101,-0.14561043117213196,-0.090951932240513636,-0.11427636496886956,0.98927683609352757,-26.379296462190847,18.263677666335905,-2.1323294605756846,,0.1910067352722217,0.2105263157894737,0,1
-0.43042910899244219,-0.88913273849983998,-0.15547911583150512,0.90234494509178576,-0.42815002233928695,-0.049610063879914755,-0.022458454961850911,-0.16164940983078879,0.98659266473154128,-15.37915255147802,11.820030817318614,-1.6096250417153484,,0.09327318285781327,0.4117647058823529,1,3
-0.89721930123687443,-0.4167539690860923,-0.14599196806332335,0.4362118958621034,-0.88788153360768818,-0.14623803946596231,-0.068678289119659827,-0.19489102475344322,0.97841748812771545,20.579547241645738,3.9689822134675019,0.8357576869037141,0.5917806465303992,0.3636947849944466,0.4,1,5
0.99076415195261613,-0.060145094780147582,-0.12152762146730613,0.070922613815552094,0.99373329237338726,0.086395176244501187,0.11556979733123975,-0.094216300089928359,0.98882097001539204,7.4218868765781796,-28.055833537822295,-1.5559641672717697,,0.1837965294383749,0.2857142857142857,0,4
0.91008766347177927,0.41414157149770342,-0.015073272832776173,-0.4058459221031479,0.89803651236463944,0.16976309955995103,0.08384230619874615,-0.14838187631031241,0.98536961921601163,1.3990921340864544,11.542109469304119,-0.38852147622425981,0.3571166311483663,0.3921700934546614,0.12,1,5
-0.99029506435008896,0.12048092647411325,-0.069282262374952594,-0.089531573196126563,-0.93431299567350889,-0.34502655479922084,-0.10630043708696155,-0.33547514434236769,0.93603239506097624,-2.9166504294792905,-16.526218921679607,-2.1135966403458792,,0.3782752175071298,0.1428571428571428,0,3
0.56350119442010449,0.82038956995134338,0.097094579674488146,-0.82524510938552453,0.55361325475419965,0.1117267810139332,0.037906639555484255,-0.14308500157427925,0.98898421069403275,-6.0706186922120065,-23.233921988858715,-2.6465102595095344,,0.7704265126526229,0.6382978723404256,0,2
0.98688492272346895,0.14982063161907394,-0.060099314824346592,-0.13446220830263031,0.96895132284705554,0.20749276732291866,0.089320008057961447,-0.19669039705640046,0.97638866434751403,6.0234761336935456,-22.74965871148121,-1.5358009759193672,,0.5663442525688492,0.25,0,3
0.83633252452276186,-0.50411931046517333,-0.2154335842934017,0.54388569119425956,0.81229859827595052,0.21061657615930571,0.068820515397129217,-0.29331673674552622,0.95353501697915066,26.915635836663053,1.6661221401054473,1.4327089338274808,,0.6774811806353351,0.2222222222222222,0,4
0.94653273928011117,0.31480492247387498,-0.070523997739113747,-0.30975546825704098,0.94793120651456864,0.0740133609606764,0.090151668624325484,-0.048210875350398925,0.99476046772185189,16.052637839559232,9.2179014429833757,0.67822888500764411,,0.0765178849077227,0.1666666666666667,0,1
-0.99467169888158768,0.0010421758259182414,-0.10308794941002672,0.015447343299892119,-0.987153292371859,-0.15902753517669321,-0.10192934331678802,-0.15977262352777147,0.98187734353230771,-20.320052107767779,-26.25494159701482,-3.6953088864380033,,0.7869180704256217,0.5526315789473685,0,1
-0.9166291943910414,-0.35425320120754483,-0.18519068395639549,0.38801715875630916,-0.89987437426815187,-0.19917026647113725,-0.096091646362792354,-0.25442244391898572,0.96230744335143692,-16.148155093740407,-29.857707859932969,-3.5372513947165185,,0.5751349658816549,0.2333333333333333,0,4
-0.71787626786604752,0.69611597901597089,-0.008729707518233926,-0.68857925233349815,-0.71183907442664018,-0.13836092430765107,-0.10252939720176996,-0.093314928484477422,0.9903433984388349,16.630468819891828,5.3960656672136755,0.53323613691063632,,0.3182677239087509,0.3636363636363636,0,10
-0.97145925661397825,0.22459918628197792,-0.076302806373623105,-0.21244606510410705,-0.96690104391328568,-0.14131185619466011,-0.10551579104948601,-0.12106847979912903,0.9870201826904702,25.790861508973066,8.5123452305512419,1.6218827438299765,,0.2362786596984868,0.5,0,5
0.13711811993501116,-0.90484391706716372,-0.40305844108769184,0.98989121074383457,0.14006020742204475,0.022327767219310464,0.03624930451186343,-0.40204554971227607,0.91490183291922644,-6.7508359917099705,-24.805627806419356,-2.7436971351787141,,0.3902345689733215,0.2758620689655172,0,2
-0.97983215871664753,0.1523375408853016,-0.12931440129271332,-0.13175102569182842,-0.97907475351781281,-0.15509446880267683,-0.15023517555427882,-0.13492924316489893,0.97939955654733768,-10.733512305691134,11.56229513418047,-1.2628387972181698,,0.1758883363191962,0.2352941176470588,0,3
-0.89183493238402356,-0.42786058505225816,-0.14685289625445777,0.44332446627583855,-0.89124544553547946,-0.09562935435056881,-0.089965943449875727,-0.15038908062423598,0.98452488716546405,1.1766838030544979,9.1646627504006855,-0.54275481388248958,,0.1244041367990595,0.3809523809523809,0,7
-0.87681854173884188,0.47612160400198567,-0.067063127466194153,-0.46973257143602432,-0.87800580043309095,-0.091962632291316626,-0.10266721090528866,-0.049132805826900314,0.99350159093808454,-14.172480797981093,8.4612786535381002,-1.6379821232579137,0.2834168904036624,0.09116654788400322,0.3417721518987342,1,4
0.35744764750150032,0.92276345598891096,0.1440096649084579,-0.93389230230960596,0.35171452902595779,0.064358820366084299,0.0087376760359132062,-0.15749442645202288,0.98748121939307865,1.9249253870549043,-25.210426844381683,-1.9765353655685798,,0.4961954240242348,0.2608695652173913,0,4
0.69848399436391007,-0.67270073124585295,-0.24411848721211696,0.70938650457077168,0.69580989568242591,0.11233599691672569,0.094291551850101407,-0.25163925618175453,0.96321689561489399,8.0074612292319145,-23.278153197528379,-1.3614202502404804,,0.2510315744137776,0.2142857142857143,0,6
-0.37505238490163489,-0.87480443615526715,-0.30668046410337318,0.926305788429021,-0.36650120501863814,-0.087375357182535335,-0.035962409575628539,-0.31685022518999528,0.94779356396557335,6.0737923798988041,10.963939014175089,-0.056248005156906838,0.4944495776659221,0.4209699401388622,0.4878048780487805,1,4
-0.97007965797291373,-0.19797788063263991,-0.14053546160084057,0.2130598549989558,-0.97172198545874056,-0.10179332573379209,-0.11640857088280536,-0.12869009968264894,0.98482886983916718,22.222782372893565,3.8555274414072205,0.97725262208495178,,0.1867385509260782,0.2631578947368421,0,5
0.05903706633879402,0.99783159459120419,-0.029098687834400318,-0.99679458826628875,0.057348998593399494,-0.055782086402129283,-0.053992347616576168,0.03229862529441916,0.99801885012405545,-15.060752292209466,26.253781102245064,-0.83782737990462486,,0.172513381101223,0.3076923076923077,0,2
0.95410230700237864,0.28925507961365271,-0.077590506445296928,-0.28516034185179095,0.95661711669102312,0.059726639690534586,0.091500640477037737,-0.034859589375844456,0.99519467533786532,-14.266825536008,15.005923426186561,-1.3695427769112767,,0.1538520920433418,0.25,0,1
-0.67972914018106134,0.73309576745999294,-0.023214041461142372,-0.72830957676020447,-0.67836025542761769,-0.096915036271725555,-0.086795485989121512,-0.048968965564137969,0.99502190127830403,4.6228190083430052,7.8675070936982276,-0.33699381454942762,,0.1413899223150144,0.1379310344827586,0,1
0.92455279354350017,0.37438839524340845,-0.070960985463676504,-0.37111375775453698,0.92694128290352151,0.0552669598809373,0.086467975321604357,-0.024762624179187072,0.99594683677771856,-2.7597571888439694,15.552013982494623,-0.49607481070886178,,0.07214215709676144,0.5,0,1
0.69613100352046686,-0.69690459583814923,-0.1724111662197497,0.71669615530522857,0.68859815934885549,0.11035939430819841,0.041812042622811199,-0.20039101586906233,0.97882337214161053,3.93810543180658,-33.65073038732401,-2.0423443274814446,,0.3920400722086105,0.4375,0,5
-0.39043884307583832,0.91866118622531312,-0.060159244848164144,-0.91857508959676404,-0.39309759700151864,-0.041159251741598887,-0.061459861616322838,0.03919061309461902,0.99733985243515155,-6.608076023856464,11.554707462650512,-1.0354430461749655,,0.3275525096251189,0.1578947368421053,0,1
-0.14812802915223319,0.98705949812800808,0.061413631506035349,-0.98807471761160348,-0.14506951583938629,-0.051606084824132134,-0.042029030398340252,-0.068325564245090592,0.99677739635003992,16.595676343394437,-19.33303652393305,-0.42379139635044411,,0.1712844870798909,0.1904761904761905,0,4
0.35382699938967144,-0.92466742777885369,-0.14070039981371588,0.93396057933203103,0.35737604022808489,4.6094153285682212e-05,0.050240329981779831,-0.13142493627821294,0.9900522185054631,-4.5176687173271066,-25.628258030458486,-2.5653911635574009,,0.09596037186031947,0.2916666666666667,0,2
-0.98069575662895125,0.19406078936522919,-0.024005061152070292,-0.19075355331417998,-0.97644998922494652,-0.1007893865474829,-0.042999009616324947,-0.094264672988069897,0.99461814612366128,12.094016114173426,7.1837911497118903,0.24125466406492277,,0.1898559467362918,0.25,0,3
0.90094769225801152,0.43392670123794808,-0.00093475543195187531,-0.42788273289940326,0.88875299377577233,0.16442166201915648,0.07217771610062873,-0.14773535124456957,0.98638970153339611,-16.230103688968931,-24.879072228417154,-3.3396748451175338,,0.3362692704065248,0.4912280701754386,0,5
-0.025586744740100593,0.99894305669477923,-0.038184918160134557,-0.99925829725724102,-0.026657081153662849,-0.027789483387186207,-0.028778009941005246,0.037445553883715947,0.99888420582076343,-0.65597683502412163,12.972114614787117,-0.42837398659655301,,0.1212302597045464,0.3888888888888889,0,5
-0.97611122736871936,-0.16475785682898159,-0.14163940277286635,0.19326961993025102,-0.95625851970241171,-0.21958255283279982,-0.099265934825346083,-0.24171158869544032,0.96525736571837517,-15.914795699844825,14.868267947301838,-1.4674625309995548,,0.2607690327037769,0.3103448275862069,0,2
0.46113256928060969,-0.8143495927082316,-0.35240813612145788,0.88318631858234176,0.45957097580611311,0.09368268178049978,0.085666097247587031,-0.35444218012611495,0.9311455636632826,-4.6137303091453878,15.286957980715776,-0.70125410836405233,,0.5809271045579341,0.2666666666666667,0,2
-0.97159387599079716,-0.19634582915875815,-0.13211228371782477,0.21679976443251692,-0.96230192339884779,-0.16423419365309805,-0.094885205797239497,-0.18821084877030289,0.97753438513741164,-21.802212967424278,12.386389490861772,-2.0392789906780329,,0.2024197378000622,0.2380952380952381,0,1
-0.66305411376879375,0.74346251466015356,-0.087308255677691404,-0.74425357084300381,-0.66723949181693087,-0.029632462727934541,-0.080286141405088926,0.045331554739338337,0.99574052124195334,-3.5423522264659657,8.9926925498144747,-0.88242692251622745,0.4926765525594938,0.1575313550340814,0.288135593220339,1,5
0.97494082203097066,-0.18625917325372757,-0.12164667655309162,0.19861748287256781,0.97508129966720114,0.098830939167281293,0.10020723045239698,-0.12051547377063052,0.98764089199814942,-8.9156718260966699,-24.130014490902081,-2.8651261625363573,0.4200344724705048,0.1982618237094242,0.2702702702702703,1,4
-0.99404496216171823,0.048411547861240925,-0.097626508872267745,-0.03932292491808595,-0.99489285316390208,-0.09296191854343798,-0.10162834632519989,-0.08856936692259347,0.99087191223999083,-3.5926716858238454,12.893873914743462,-0.71507876048065522,0.2702588012527519,0.2062829453100202,0.5526315789473685,1,4
-0.81630411383001333,0.57517544509553875,-0.053111214478155859,-0.57259157795109616,-0.81787555672630641,-0.056731460135516186,-0.076068906944097348,-0.015899090187258921,0.99697579726267527,17.302378400996229,11.674509102157881,0.92790918202903083,0.3141137003080751,0.3111158522601539,0.1875,1,6
0.2254492721832537,-0.92398728897286142,-0.3089014656627917,0.97281966706773237,0.2307059731182465,0.019916057184775321,0.052863229548198006,-0.30499548157987955,0.95088550056123444,18.858639323853403,-9.1716793120750175,0.013122415596040797,,0.4278718409486982,0.5471698113207547,0,3
0.57798941749807331,0.81494122280345804,-0.042415051996239163,-0.81393471532990147,0.57945091478460287,0.04179613063574588,0.058638830488605076,0.010365362072433736,0.99822544889821208,0.32524273124236119,9.9990966773931476,-0.55848734798401201,,0.1371444116643014,0.32,0,3
-0.98625009603239711,-0.12558834031429345,-0.1074165576305097,0.13412347464305316,-0.98802346617093884,-0.07629235771188593,-0.096548649010546439,-0.08965042706348518,0.99128258297095739,9.8200613157818282,7.5602569946296567,0.036068322312398572,0.4117187614336155,0.4114537075067877,0.7450980392156863,1,4
-0.99268354129973235,-0.036640083482559177,-0.11505168888379783,0.066878571985417426,-0.96018178553338629,-0.27125300982497902,-0.10053180313619393,-0.27696289103833016,0.95560709161552171,-18.756837431166765,-27.65839894117962,-3.6064844620953123,,0.557683503232143,0.3421052631578947,0,1
-0.16346130446919091,-0.88803520427293059,-0.42973698690381074,0.98653103794695518,-0.14445305731062302,-0.076745197901356421,0.0060756158975868377,-0.43649374589511503,0.89968677698736721,-10.782353165335294,18.125068323272718,-1.0209828430613475,,0.3626280294584911,0.2352941176470588,0,1
0.64134356438173945,0.76584249240974434,-0.046515688168165113,-0.76612759946557341,0.64250783109616294,0.015237726773511179,0.041556392567757679,0.02586433451176676,0.99880133281700179,-3.6995808718911838,18.65151447975661,-0.40763231560602875,0.2153646198383934,0.1329021928878298,0.5714285714285714,1,5
0.47032761564378939,0.87889490441989493,-0.079596990819818095,-0.88198024496215854,0.47120992296434044,-0.0084885803542049977,0.030046321893330234,0.074195387219707837,0.99679098263176436,-10.833819127979458,9.0674554798169424,-1.4120048466204393,,0.1105998904826155,0.5510204081632653,0,3
-0.95606796907993252,0.27632122716184365,-0.097880630970314464,-0.27356682628919032,-0.96098759926858934,-0.040792469967552078,-0.10533389793145384,-0.012223480345899273,0.99436178349471993,-7.460329183584915,10.343614004636212,-1.144036102393523,0.2022383596251319,0.1725155764795301,0.6170212765957447,1,5
-0.11172662155107371,0.97409777658688235,0.19659777131309383,-0.99313895170685029,-0.10257828249480748,-0.056149074462845776,-0.034528026868065262,-0.20152225090274248,0.97887516964712629,-4.3681890207653185,13.29379103137677,-0.76434702276275401,,0.2878084112469243,0.2083333333333333,0,1
0.89074151035850035,0.45305026022285333,-0.03640087136681134,-0.44888513327952689,0.88945280904313606,0.085882696778201387,0.071286035412832696,-0.060159473046894063,0.99564006496215318,18.830723136533216,-26.315154519117876,-0.31641588360016548,0.5160628188394719,0.48949351806512,0.6481481481481481,1,5
-0.66774338546163992,-0.71738296157321502,-0.19869689886022401,0.74163785979976027,-0.66407347221715685,-0.094761323381851295,-0.063969180734620587,-0.21063738970536861,0.97546903281152364,1.674485791950727,-28.584723577177286,-2.1362462235520612,,0.4041406988346341,0.2631578947368421,0,4
-0.81585595358451601,0.57226653062798571,-0.083006511333201,-0.57004056474231901,-0.82004649029438237,-0.050769166864575076,-0.097122693274836039,0.0058967515526783107,0.9952549476250635,-22.718004235141766,21.955645909206535,-1.6837337593646637,,0.2800937715510172,0.65,0,1
-0.60881778660680119,0.79206218010703999,0.044479271074040837,-0.78917275659576913,-0.59897117085174123,-0.13579358134878447,-0.080915159013810717,-0.11777537659704886,0.98973819654956863,6.6561883417787895,6.7032437173862967,-0.27411356817382565,,0.1095172196091876,0.6923076923076923,0,1
-0.54865301915303555,0.83437943361259792,-0.052828262687495818,-0.83261272833353306,-0.55102937430705845,-0.055880884636537669,-0.075735785407224962,0.013326267860577626,0.99703886654114882,-14.036529644152543,-25.952282865231918,-3.2393984654357109,,0.0980427580629083,0.375,0,1
0.91912776416884834,-0.34107261137792927,-0.1971639594393792,0.37939457952126648,0.90114509013387889,0.20975528493338136,0.10613155121760189,-0.2675948435516699,0.95766857186643739,10.109253490892018,-19.935200950800962,-1.0774978018281209,,0.3219389815716401,0.1111111111111111,0,7
-0.60022529285026771,0.79852144760065413,-0.045750361141372313,-0.79580142821780897,-0.60195804461396041,-0.065928744649299778,-0.080185314548895728,-0.003163897326591831,0.99677495207514177,-16.710668584451113,10.089711065942227,-1.7595488034563052,,0.07574957228538463,0.2058823529411765,0,1
-0.8722103684771767,-0.47495943575182747,-0.11688715716969947,0.48279153318798984,-0.874312394333013,-0.049901629208522355,-0.078494640599842444,-0.099956848219521444,0.99189072981408677,-20.636538260719831,8.9860431033046453,-2.0961770038481808,,0.09585930032975382,0.391304347826087,0,1
-0.62802256403594192,0.77635108496493754,-0.05354112377870663,-0.77345269522535842,-0.63030034734262952,-0.067025371229038413,-0.085782208588675135,-0.00068191900268635202,0.99631367935812454,-6.6098489373694473,14.816550020560497,-0.8581159388852414,,0.1118415117530696,0.3529411764705883,0,3
0.99392037550675738,0.016679432296882395,-0.10883052738436039,0.0103109680447699,0.97001350960420851,0.24283219540107098,0.10961738498287593,-0.24247801492831852,0.96394421061902547,-5.3747419375435319,15.416575929025173,-0.74160249702702696,,0.4170293979733704,0.4545454545454545,0,3
-0.19821806884050971,0.97482577099569656,0.10209952687346265,-0.9792099095270097,-0.19236867640586258,-0.064360278293077208,-0.043099307062233763,-0.1127342385458053,0.9926900025638683,-9.616595042862782,17.393408744556993,-0.95814404276690901,,0.5892010467985188,0.4814814814814815,0,1
-0.85440541416124172,-0.48722644179679492,-0.18055963742208087,0.51402786852179116,-0.84334403771349109,-0.15667221973295664,-0.075939045522727538,-0.22667427835363732,0.97100568118727126,-11.564326942424765,9.7133985240487863,-1.3921193447143507,,0.09657381176713292,0.1428571428571428,0,1
-0.9181455489272583,0.3943577771160317,-0.038609514541963173,-0.38161353111035956,-0.90627131958768858,-0.18177845902711534,-0.10667644472209586,-0.15216516986778661,0.98258124204594988,-3.7035192846060276,-27.471403119891118,-2.5718210363360487,,0.421267407247998,0.1714285714285714,0,4
0.19655118186998835,-0.93984221700075721,-0.27939978534102877,0.98018062747720036,0.19554096520702119,0.0317752803970116,0.024770353730071179,-0.28010772582884752,0.9596489418048032,-9.9437775603647349,-24.759914735063653,-2.9520010804484076,,0.5997295422593391,0.3243243243243243,0,3
0.98437712492105467,-0.1119123279419519,-0.13593125757812399,0.13858615443332362,0.96866789435557066,0.20609800640502862,0.10860733737432406,-0.22171635325198102,0.96904401601222501,28.075009934469289,2.9536855019158192,1.6290433163202518,,0.2945106589988237,0.1,0,3
0.62536927494342864,0.77829830365826247,0.056258514728017739,-0.78004343403391496,0.62156353454215152,0.072048688732314001,0.021107130958723786,-0.088941121255242464,0.99581321841626125,-2.1568084749112972,-24.238365442550755,-2.3264886267999203,0.5175019174635859,0.2142496185334982,0.1875,1,5
0.1509596560579802,-0.97993049629547635,-0.13018219798789141,0.98779231625603081,0.15465244991185861,-0.018680462569383032,0.038438550810382596,-0.1257729786812824,0.99131409535284809,-10.473969682720039,16.277113418315377,-1.0424542286134868,,0.1319539787576866,0.3809523809523809,0,1
-0.94529073638076155,0.32530502485990737,-0.024537002946863611,-0.30448583174471661,-0.90678713629646002,-0.29159126824031478,-0.11710594339933167,-0.26816735492628874,0.95622825087548635,-12.270234443736655,21.505217012687829,-0.86412632849702364,,0.3078063126813462,0.45,0,4
-0.19487510585425424,-0.92756422071631195,-0.31882332029704741,0.98081121143654126,-0.18238370308583257,-0.068887969697783824,0.0057498381435577752,-0.32613003740170787,0.94530743045089982,24.088153614033747,-10.171314934853651,0.60616040239279578,,0.2998871607009495,0.1363636363636364,0,4
-0.47434806619547204,-0.86377109138492436,-0.16998062767360564,0.87987736421932361,-0.47141978964135611,-0.059826464620230037,-0.02845586110227917,-0.17794067444571618,0.98362969675926926,-14.337493850371459,13.491471252217115,-1.470235789885405,,0.08098417078566096,0.3478260869565217,0,3
-0.93245616742843285,-0.33155131142466621,-0.14352429660953855,0.35046810587678728,-0.92657710606568144,-0.13648066997961419,-0.087735982286720582,-0.17756293083729899,0.98019069726490105,4.2567256079546576,9.6841057924230913,-0.26973876035358368,,0.8736216432302606,0.4827586206896552,0,2
-0.82690743147409485,-0.53455544877490047,-0.17456967651336477,0.55582269645649829,-0.82406517264367229,-0.10944277655278539,-0.085353558078990602,-0.18752883357185401,0.97854366622161371,-5.9499583840922323,8.2412486232014679,-1.1310704756846572,0.6679163778615661,0.3401755863899956,0.5,1,8
-0.55693884710980979,0.82950447053787546,0.041730731334059822,-0.82730023146859366,-0.54961386344257657,-0.11618488767364235,-0.073440095261430402,-0.099231721084562449,0.99235055194149435,-21.732125933665049,9.9651545755032451,-2.1471729042598193,,0.3493118831701622,0.3333333333333333,0,2
0.31981198171476033,0.94368377799787695,0.084742099899238726,-0.9471424972546344,0.31602579129423974,0.055215841305779112,0.025325604552176424,-0.097921531751215596,0.99487184469838275,-0.18382845583134746,-16.202375946981824,-1.8800080138921613,,0.2537712894503377,0.2222222222222222,0,5
0.40196015407067132,-0.90665431505804972,-0.1280858599772095,0.91357621226425567,0.40652892846037941,-0.010617660276704292,0.061697154913155555,-0.11274831844189478,0.99170624570189503,-5.0701812463024938,7.5160722300140144,-1.084798264689989,,0.08204774461944797,0.3493975903614458,0,5
-0.9805691489575229,0.18217926129472703,-0.0727657946210023,-0.16590649810125249,-0.96806097032926974,-0.18797072009472904,-0.10468609267948351,-0.1722459708650958,0.97947544508284745,-1.7464229492210781,-22.350574010591764,-2.2385872895954777,,0.6133958412207742,0.1351351351351351,0,1
-0.77281430634758197,0.63162503742566412,0.061707860127654696,-0.63150025905090712,-0.75570839622043962,-0.17352879501848809,-0.062971983636717785,-0.17307406500963557,0.98289363478348835,-18.877914735772848,10.578362420367162,-1.8798719456218389,0.6872192854188824,0.349608675385529,0.6995515695067265,1,4
0.87301176151679605,-0.43162998577962358,-0.227037485075094,0.4784595263369209,0.84819368034015907,0.22725307982174039,0.094482516429184399,-0.30702285909504962,0.9470005375301066,13.78393409587504,-15.073136750637884,-0.58121774093110878,,0.1858949234873121,0.1818181818181818,0,3
0.90940977226328445,0.40993678132891703,-0.070183341511563149,-0.40731553372110518,0.91197487460033111,0.048947768970622391,0.084070934939088418,-0.015926814226256622,0.99633248189902424,-9.6549083367764883,13.526863242509162,-1.0720001384160249,,0.08939453066423846,0.125,0,1
-0.99441053537534396,0.0068636568154678617,-0.10535927747304524,0.028746307271452661,-0.94258713359413149,-0.33272082201307335,-0.10159398088852452,-0.33388978091268301,0.93712127136742751,-19.756913253104319,15.351528025760629,-1.7507320033495406,,0.3514641897694457,0.3181818181818182,0,1
0.99552606189287352,0.028869215604921367,-0.089969041800064889,-0.024730598842286851,0.99859900069292129,0.04678069362461075,0.09119351716524117,-0.044346411415743484,0.99484528356000024,-8.6858209104049386,11.585740371517717,-1.1473570226429481,,0.2763569620711155,0.3214285714285715,0,3
0.78649678074565876,-0.53929057481079068,-0.3009792182144167,0.61023845187630454,0.75359071501075869,0.2443564324939777,0.095036023319190074,-0.37585463968111354,0.92179251683980046,-13.318288274115073,-23.390779392039473,-3.1065115013746452,,0.402820886692133,0.119047619047619,0,1
0.98336095683955838,0.17530705520485218,-0.047630504500704225,-0.15763438532742596,0.95376021473589079,0.25591571532321555,0.090291910634526587,-0.24414931739071349,0.9655249772489658,-3.1147930273386719,-25.6120280884751,-2.4569507585904935,,0.6023977758902452,0.28125,0,4
0.96699309529949085,0.2421478598448116,-0.079301750394843218,-0.23561740530803901,0.9682537822811389,0.083480844594284037,0.096998927617864966,-0.062040527648023737,0.99334897240100761,23.168830045487635,-6.1079923953156463,0.66895050680324697,,0.08578420070308794,0.3,0,4
-0.9686527421094665,0.24769669863023491,-0.018926454805268129,-0.24532747382913811,-0.96580046742470949,-0.083927872049921443,-0.039067835727446869,-0.076653784054650967,0.99629207645232121,4.4942454237102236,13.886851785938932,0.013537604717505168,0.6534597686767785,0.4501230236614636,0.8571428571428571,1,3
-0.12028255683366218,0.9908303252405215,0.061541637168010498,-0.99008460359663719,-0.11519927821319759,-0.080384103030687049,-0.072557454768249943,-0.070600232881489311,0.9948623135261645,19.779278061889578,4.8931936869309594,0.79595110482976095,,0.2528330324618716,0.3684210526315789,0,3
0.4289544931712943,-0.85904953592691358,-0.27934197252097981,0.90170152946981563,0.42573344269150154,0.075401508776924503,0.054151588526585477,-0.28422689984903937,0.95722655357143682,15.031567772437739,9.6081509662681466,0.59986479452555308,,0.3230592605201196,0.2631578947368421,0,3
-0.51726308189412007,-0.84255598429360778,-0.15012767046893019,0.8551509908486733,-0.51580849634919146,-0.051559460281495578,-0.033995396157863143,-0.15505163148131254,0.98732127730291219,6.7816735722752135,8.8971727334462027,-0.13754379328639968,,0.09420356909446319,0.3125,0,3
-0.50336235517225658,0.85437540782919053,0.12910848884617296,-0.86109224956256247,-0.48358806231640422,-0.15704370005941098,-0.071738951335544449,-0.19022420582504468,0.97911606787934302,10.121536887767549,-24.770688856632269,-1.199064150117821,,0.4667320033753538,0.2105263157894737,0,1
0.96210878391790178,0.25449884455041499,-0.097862280938669485,-0.25294258784088614,0.9670701487743445,0.028202386528843403,0.10181716537191066,-0.0023802252142092672,0.99480028114368657,8.9862167240072477,11.570268977704046,0.17817943860812541,0.184409005808918,0.1401596539455646,0.2380952380952381,1,4
-0.97926475179697559,-0.1518703254948798,-0.13407442008857859,0.17681235468048564,-0.96376634924894855,-0.19972935509758602,-0.098883452206886366,-0.21929393126448954,0.97063496464438936,-2.6526475431604255,11.993715769037697,-0.66264149339719347,,0.7378575105160574,0.1617647058823529,0,2
-0.26871098352350292,0.95964521712400963,-0.082918421263579095,-0.96192497247574238,-0.27181720048944968,-0.028561457344139937,-0.049947519071266211,0.072086522797891905,0.99614696635061573,-25.14310210577943,11.470124279255307,-2.3472871496916485,,0.09842091188796293,0.5454545454545454,0,1
-0.28389948826081585,0.94911864694613879,0.1362896715983192,-0.95780164832949233,-0.27405094652677886,-0.086672262951212858,-0.044911947436671901,-0.15514468320541139,0.98687032798161378,21.736629568810937,-15.717058518783411,0.19594762856407041,,0.460433016392841,0.1590909090909091,0,2
-0.55389190631994312,-0.81318878734221933,-0.17868338550114174,0.82928734285598682,-0.55793331175375782,-0.031510674609419996,-0.074069285754055914,-0.1656333776035929,0.98340191434199908,-5.2478769862538508,10.221080766607072,-0.95917373892312252,,0.1148136498448353,0.2962962962962963,0,4
0.97584733031516357,-0.14370236700333025,-0.1645345484523221,0.17446466949882219,0.96594106657997447,0.1911018968796733,0.13146888230085507,-0.21519174150506498,0.96768199702928359,22.017137447546357,5.1333431339390403,1.0516252223225009,,0.6521104018547819,0.25,0,3
-0.12173341604075341,0.96404094891239178,0.2362329871951506,-0.99192674543983128,-0.10964020121561135,-0.063720938148654441,-0.035528961428575381,-0.24208278562817229,0.96960487715476718,-6.3066513453542292,9.7306972054351029,-1.0783482968022817,,0.4639355879357236,0.1290322580645161,0,1
-0.94594178176771737,0.31462873760471377,-0.078758510520326147,-0.30680094490984516,-0.94678028687123983,-0.097366670860409121,-0.10520135792157013,-0.067940016671158232,0.9921274254984489,-8.3618417018765179,10.616054087499192,-1.1827765139952089,,0.07080813658298934,0.2692307692307692,0,2
-0.14326275360725679,0.9863032723567805,0.08174128924340171,-0.98966901031685739,-0.1423061081364376,-0.01744194959037387,-0.0055707672109844052,-0.083395602554137277,0.99650094833237057,24.012868756208388,-13.315286569120367,0.53155260879417165,,0.291485161838703,0.2580645161290323,0,3
-0.9365583413885924,0.3504907719859946,-0.003833005101659682,-0.33441306409415972,-0.89676574115714891,-0.28979149064460824,-0.10500655093184984,-0.27012483084590766,0.95708212814881555,-7.8574635063811655,8.2356151936764377,-1.2834302050037201,,0.1785441366502437,0.125,0,2
-0.73250683575264075,-0.66451888468064413,-0.14781200045478921,0.67776924794111548,-0.73221987690020729,-0.066954450319453573,-0.063738388126690262,-0.14922702092797463,0.98674652981602795,5.8959164290718142,5.5393601346458547,-0.39504964823970828,,0.06899145263038915,0.25,0,4
-0.52478748997876001,-0.83627710052871007,-0.15886693014308104,0.85054451700855738,-0.52265603064896371,-0.058349791884370179,-0.03423616433645419,-0.16574463719096072,0.98557424900103985,-4.2930012319508331,20.982840745870515,-0.29551461574252297,,0.08596556032348115,0.4285714285714285,0,1
-0.96077803190865818,0.2756381746067656,-0.030482291599807629,-0.25677069099371119,-0.9257212496242857,-0.27768503784082993,-0.10475870201724279,-0.25896672507003943,0.96018844486806909,-8.0078277432953389,-22.661905883082373,-2.7429431472461911,,0.3546045799473637,0.3720930232558139,0,1
-0.8139577892828963,0.57970418982680327,-0.037626713422122107,-0.57294431840912186,-0.8117900562803988,-0.11283489055684197,-0.095955850621040978,-0.070284826396011468,0.99290106149106094,10.754345539921285,9.0423178876488421,0.20571159100855782,,0.09457216812777199,0.125,0,7
