axis_00,axis_01,axis_02,axis_10,axis_11,axis_12,axis_20,axis_21,axis_22,location_x,location_y,location_z,dbh,dbh_approximation,score,reconstructed,number_clusters
0.74379273743101471,-0.65600326458075697,-0.12818767727151853,0.66835719186321474,0.7275102957037477,0.1550078505423623,-0.0084278009940566244,-0.2009688694908614,0.97956137411903366,12.946625347558848,16.343640656465571,-2.0360113757523086,,0.1322718762999274,0.2272727272727273,0,4
0.80322672146990914,0.58880796979160266,0.090177650371863941,-0.58992835778106401,0.76533664662911183,0.25737977778419441,0.082531003886030574,-0.2599326682746812,0.96209336416023916,-27.732212872641561,-3.0178977792844752,-5.2344392666168691,,0.5396426644647703,0.3488372093023256,0,3
-0.99884196435826955,-0.012763822967165777,-0.046387660645654506,0.014391406043303172,-0.99928635864868343,-0.034923643148334675,-0.045908797294313103,-0.035550783984580378,0.99831283878805832,-0.048830153113985406,3.6728734258050175,-2.7192491806452956,0.7577100460552345,0.3100824222042443,0.2523364485981308,1,8
-0.29986794075212786,-0.9424976805972668,-0.147571474810861,0.95332586221530113,-0.30178577135052409,-0.0097544165291296777,-0.035341456400845746,-0.14360874026027612,0.98900329179448399,8.8584429663037341,6.9524892023570235,-2.0524716901395617,,0.1070102786051146,0.3043478260869565,0,8
0.40891785427786376,0.91248313072989451,-0.01267772006939474,-0.91006491045592897,0.40878434823605375,0.068390170302954328,0.067587330244877092,-0.016428413514242714,0.99757809720330914,1.3065512337399587,12.498229898704382,-2.9686572416973247,0.3115220969055346,0.2435925797711226,0.7032967032967034,1,5
0.93859773900922616,0.34032719233559505,0.056671743256575834,-0.34224648487236409,0.89766227661592435,0.2776144461897227,0.043607658952058509,-0.27996399643112446,0.95901956850891934,-23.304499601565084,-2.3766137228509203,-4.8901672610847386,0.6768426992441506,0.3561078151565075,0.2777777777777778,1,4
-0.20472038282488225,-0.94914095345877025,-0.23920914556807907,0.97812305189843551,-0.20759538127560076,-0.013396007536916429,-0.036944014412686327,-0.2367184152963491,0.97087565200630144,6.4507744296976979,26.663677385020183,-2.9956554548620979,0.2461296776180597,0.2744831170454688,0.4761904761904762,1,5
-0.64403544564612292,-0.75978113248334567,-0.089168242517860319,0.761776101330084,-0.64763603634937883,0.016270705700842096,-0.070110742356196271,-0.057447324950692304,0.99588367225408003,-4.6985973502344507,11.403689911608147,-3.5150054394770955,,0.07952188881639219,0.32,0,5
-0.94448688241399648,-0.28894481161847185,-0.15638230330397085,0.32205302256857748,-0.90839486138392134,-0.26664700723190116,-0.065010611459458023,-0.30220799402076054,0.95102258056663147,-8.2781593924877939,19.885552279169978,-4.2783512057733253,,0.5817678473131251,0.1621621621621622,0,1
-0.73961768878909551,0.65918269134638052,0.13580815093218149,-0.67284603982195934,-0.71952609456127692,-0.17193139893952664,-0.015616693830084382,-0.21854148044418989,0.97570269047444902,-13.695966323241842,3.494875871475918,-4.1644154410402674,,0.3791774263772439,0.2195121951219512,0,3
0.046506518938863269,0.9971662112115075,0.059132824338746309,-0.99737860099573095,0.043068268577744331,0.058146801438383765,0.055435277323999263,-0.061682018934233626,0.99655519594662134,-3.7523119178125262,-7.0160703111081162,-2.6163164192047881,,0.1002550040629906,0.1346153846153846,0,2
-0.72116230208282883,0.69210162398487673,-0.030336053337404353,-0.69276397605444073,-0.72057790373035835,0.029078482367617661,-0.0017342248516753712,0.041986030213125969,0.99911669274970327,-22.960106025927892,7.9054950217178295,-5.2382279979739259,0.3904939880380154,0.4699795606230653,0.8987341772151899,1,2
0.99882045351717041,0.021190165068306475,-0.04368842569986766,-0.017664244608200878,0.99667282381786959,0.079569194575140806,0.045229150977843718,-0.078703615973428426,0.99587151015305742,-11.47687685610199,7.1638283344668618,-4.0531078540548462,,0.08637462816556815,0.1590909090909091,0,4
-0.59259316014516916,0.8048792894289396,-0.031665059569315868,-0.80550163835798727,-0.59210189473685904,0.024134142860718646,0.00067612998876432457,0.03980798534701542,0.99920711924548022,2.0891237532804756,11.64134936378038,-2.8812740701590567,0.1461510088153465,0.1159504100603001,0.5208333333333334,1,5
0.43271868291184457,0.90135640369565195,0.017640152376904545,-0.90013936893937863,0.43088296445498164,0.063945190811394687,0.050036566073792726,-0.04354887437499462,0.99779749328018208,-3.3586533782801151,10.872420330406227,-3.362556750523531,,0.1772635162307822,0.1176470588235294,0,2
0.27496799980478359,-0.90108561410294141,-0.33531673853251359,0.96065582105354241,0.24328689632265976,0.13398462431798905,-0.039153448881315008,-0.35896546092126047,0.93252925171615164,-14.306509414768087,-11.951971291352594,-3.4892691851396469,,0.4250808378198335,0.3157894736842105,0,2
-0.92315289982486448,0.38323250696074096,-0.030357357485945501,-0.38364170027314887,-0.9234398997996397,0.0088202760477876802,-0.024652978653123905,0.019788811652478918,0.99950019188437955,-15.699169813643628,6.7019129494306267,-4.5204709501178124,0.1635851870326475,0.1121358444046475,0.4814814814814815,1,4
-0.58953517102267661,0.80695238984960793,0.035722858833923933,-0.80758327288227816,-0.58972076512233107,-0.0062190468947438933,0.016048036889598296,-0.032515530128502765,0.99934238417693999,6.6070458280371165,16.864961524233365,-2.6440497443103839,,0.1701642250027442,0.3333333333333333,0,5
-0.98971189240033031,-0.13196954207048844,-0.05526671699188087,0.13107367502718742,-0.99117987730515877,0.019548466441022202,-0.057359059931473493,0.012103338012055124,0.99828024494765066,-6.8836710650406507,3.9962733502167938,-3.4076344854533795,,0.07633211719204117,0.3791208791208791,0,5
0.99838520511563611,-0.016839174683684528,-0.054253335401424865,0.02513773132778661,0.98741877775213716,0.15611614844776955,0.050941895036395728,-0.15722785865884703,0.98624759761007907,4.5703014550492798,-2.1787533245100095,-2.0438748698625835,0.9424201610153378,0.5339308866653758,0.9686609686609686,1,4
-0.97888987813102535,0.20272375333499817,-0.026032409154686444,-0.20131631002582717,-0.97832399724721519,-0.048517004522296819,-0.035303679839518917,-0.042252056092009466,0.99848305641397173,-28.496380639667063,-7.4774267138562873,-5.1031646177572538,0.5611074921017002,0.5863025152220688,0.7894736842105263,1,5
0.6348409244441906,0.77259551596621878,0.0085539090325662103,-0.77076486429189262,0.63248762582298412,0.076687203325621664,0.053837947805851445,-0.055277227586928372,0.99701850709320172,-26.590259981206007,-3.8344616178086786,-5.111991042666066,0.287801997343646,0.2641572929775176,0.4090909090909091,1,5
-0.5018575594381669,0.84595238370116355,0.18028742203793352,-0.86472675182261649,-0.49544625769428013,-0.082344704863387616,0.019663029193691894,-0.19722466946873146,0.98016110667373246,-10.677535924545838,5.3720828889417938,-3.8657044115849959,,0.31578177492024,0.1911764705882353,0,5
0.65540157861324999,-0.75143779779616093,-0.076092094165658694,0.75526050952526247,0.65131496696698055,0.07328285308612191,-0.0055075859413006769,-0.10549905140832683,0.99440415156466544,-6.7939542013946363,12.466771720856642,-3.7461408395497058,0.1553803183941766,0.1069262416313256,0.5555555555555556,1,5
-0.99560300967419779,0.091065891885052125,-0.021946536466133357,-0.088955643278998783,-0.99256193864323627,-0.083112523037150471,-0.029352012818524838,-0.080794809808312176,0.99629847839467267,-13.203814616654661,20.839462697453641,-4.7857548709317692,,0.2585898956228224,0.2666666666666667,0,5
-0.49311370375523123,-0.85753118953964869,-0.14655761370707887,0.86690029722887163,-0.4984815556390198,-0.00011555170631031285,-0.072957178079281593,-0.1271078190136947,0.98920212924977557,5.7381636774686715,8.736965569026772,-2.4249390125400083,,0.08075681128434369,0.3333333333333333,0,5
-0.93705748245126874,0.34865301968098861,-0.019087861310709622,-0.34365024772849673,-0.93053772184240624,-0.12650713602198971,-0.061869069964171859,-0.11198491012485336,0.99178203154024491,6.6948343484865491,12.640356195558459,-2.4681285239339297,,0.4259156348229272,0.3548387096774194,0,5
-0.64292208836818188,0.76545915518140961,0.02689739833623481,-0.76593101863236313,-0.64256765364582669,-0.021365513915839036,0.00092896990605678741,-0.034337912532063405,0.99940984824938262,-6.2070080834488071,16.05026879945693,-3.8237336400991806,0.5082335861266193,0.2519095523455475,0.375,1,6
-0.26422706608487018,0.96444446091134006,-0.0055623165691841584,-0.96362011740306652,-0.2637517344547966,0.043258431642705562,0.040253284142810257,0.016790008621815261,0.99904843162190959,8.7656977885643776,-3.6809710393659585,-1.6454179877698605,,0.07127331908690215,0.125,0,5
0.71079656316280038,-0.69639810839166683,-0.098984445366223708,0.70297895523631171,0.698449825674611,0.13412095104781063,-0.024265907994849688,-0.16491669304110371,0.98600895029688829,-16.440039857160087,7.5256168730352515,-4.5978741562448446,0.15509957594476,0.2361799606503858,0.6388888888888888,1,5
0.77712232813394533,-0.61758213520296068,-0.12113295750467425,0.62928641849088585,0.76524203294507753,0.13565852172642559,0.0089157511512434878,-0.18165059122457439,0.98332272021405664,-12.221313904741022,-8.7576591598439393,-3.4722943317147368,,0.07827291695802188,0.3414634146341464,0,2
-0.71862622389725572,0.69485832749867171,-0.027354250728544121,-0.69539622971628201,-0.71810697466068751,0.027321358678789955,-0.00065880463824940626,0.038655887642424801,0.99925236468422984,-7.4030870374261637,9.8860283833629889,-3.6926463668306901,0.210354874181496,0.1491375009316132,0.492063492063492,1,5
-0.89017692155861095,0.45256711921639298,0.052612269753444491,-0.45504662038608046,-0.87735254526892281,-0.15226649199790795,-0.022751298856119481,-0.15948515264537233,0.98693812596638564,-12.215873421691542,-19.725923731244066,-2.8961466985187228,,0.1155371042974825,0.25,0,1
-0.12780261971430837,-0.96307742174274003,-0.23695647305679834,0.98171191834075233,-0.1568281141725853,0.10791965526627556,-0.14109642015969462,-0.21883057906615316,0.96550762704584148,-11.858844905158294,-10.735351113710895,-3.281860718122168,,0.2229631712053972,0.25,0,2
-0.661564054412627,0.74986650970091118,0.005763639310420174,-0.74975822999666131,-0.6615727956630042,0.013565861229995915,0.01398565198341181,0.0046533501491953745,0.99989136803504242,6.0905446310180862,14.894179359837187,-2.6022928400764571,0.179642561870962,0.1098779287963342,0.5294117647058824,1,5
0.60076816148158507,0.79930191255417415,0.013930855583060895,-0.79613096206929002,0.59662320267946223,0.10107544340307985,0.072478323550312015,-0.071813693761994882,0.9947812251965733,-1.7467984530282381,14.970901833781429,-3.3027599201877629,,0.09621462485174255,0.4210526315789473,0,5
-0.99761196362857196,0.050007306332932829,-0.047640731926256522,-0.04875915901011732,-0.99844525874774237,-0.027011288321382523,-0.048917424684577542,-0.024623862359081171,0.99849924935612755,-7.0830165881531997,-13.617589173950783,-2.6729365143893915,,0.06125631932567882,0.2222222222222222,0,1
-0.95855814445691101,0.27642835802024274,-0.068946693739114884,-0.27228402654905093,-0.96009957474801011,-0.063798240218090857,-0.08383133412727338,-0.042381239374538998,0.99557829323841662,6.3745623316746238,10.139111091894522,-2.4220246717584275,,0.3381055857759654,0.3,0,5
0.41750773771480781,-0.90414028337434371,-0.090651182717191831,0.90833984502491338,0.41256973414821191,0.068592568146929253,-0.024617369647885759,-0.11098000921173229,0.99351770123485172,-20.854068592341591,6.1481060638616656,-4.9778132179527255,,0.1160920709139077,0.1612903225806452,0,1
0.99245111948219644,-0.10538304795863518,-0.062731081940967479,0.11395158630669436,0.98147917027514664,0.15399244882200866,0.045341056634405574,-0.15997828452311574,0.98607866677274669,-11.97653876091451,11.326212386046642,-4.2509607917136387,,0.07240216758386758,0.1666666666666667,0,1
-0.72098838225900175,0.6925954094236848,-0.022076038883503374,-0.69293444999311538,-0.72041632156738611,0.029020193522010278,0.004195314086699169,0.036220470242044417,0.99933501733660801,16.134165688418051,-2.3787036893211271,-1.075051707853647,,0.08195845449095439,0.2777777777777778,0,3
0.57182109861357244,0.82009496070523824,0.021561229237714596,-0.81817727035264087,0.56816595846554241,0.088166875408137294,0.060054853747798585,-0.068056587240367866,0.99587233894436755,-15.422022097912182,-18.049415638071139,-3.2718820565243614,,0.3406146772206012,0.375,1,2
0.40721419407368276,-0.89726796854440105,-0.17054850561973134,0.91309368210785669,0.39567531370933717,0.098493521694237196,-0.020893248661626288,-0.19583472303251059,0.98041431722264349,6.0960952150398002,-4.6157609861121989,-1.8457939183105943,,0.1159530336762995,0.1212121212121212,0,5
0.66406065399394554,-0.74182384923564082,-0.093385354967200823,0.74764252499399197,0.65759996838209167,0.092698092776929419,-0.00735544952680269,-0.13137601869857746,0.99130532081350653,-14.167290155133324,-6.5853371752806824,-3.8889380820015647,,0.1084952303024529,0.75,1,5
0.47949841749273814,-0.86955225875746411,-0.11815302328655136,0.87731824506183664,0.47196543492900445,0.086955880272100078,-0.019848539079234239,-0.14535301002066747,0.98918074080238361,-17.180569274942602,5.0728327021626018,-4.5406768120203918,,0.07469347530220397,0.4,0,1
0.99215513784234444,-0.096739734709622049,-0.079180844788047697,0.11285857566706996,0.96554721271474642,0.23448138927680987,0.053769176592516267,-0.24157815246229233,0.96889053659402957,-4.0032241806277753,16.740904385231886,-3.651604591519229,,0.3795582274922707,0.6206896551724138,0,3
0.22661721200461635,-0.96904863744547365,-0.097925366929751734,0.97307172498275507,0.22090745216663657,0.065812731415217984,-0.042143294393547422,-0.11020270342562805,0.99301526015230135,-11.000279067729117,11.455804964472046,-4.1362312356240842,0.2141974620656295,0.2006488161806216,0.3333333333333333,1,5
-0.98891907674527713,-0.12585740713436133,-0.078733555227012059,0.13538949561007718,-0.9821555798696171,-0.13053773940675495,-0.060899459174267402,-0.13975095706431692,0.98831216013559675,-12.722876634033403,14.518606318487697,-4.4900488557485971,,0.2078860285276308,0.45,0,2
0.56300536179789518,-0.79820324534625509,-0.21423478173613225,0.82635164496350677,0.53962925496496572,0.16106901021631698,-0.01295845102352223,-0.26771598066731694,0.96341072873536582,-12.399878276395212,-7.1361441658318592,-3.5839956243791451,,0.07867656327444111,0.2413793103448276,0,1
-0.829775547390183,0.55438436312478123,0.064269112924110333,-0.55807783117518883,-0.82518721896686298,-0.087265044574169809,0.0046556744000070807,-0.1082775672818012,0.99410979932772792,-22.360094455584512,-3.1798696610509793,-4.8076484278432075,,0.2228339488078912,0.3461538461538461,0,4
0.98945132879082498,-0.13358935535139324,-0.056035275415299478,0.13830829771645503,0.98619051647367062,0.091099286496491613,0.043091562246520415,-0.097888453630612549,0.99426403329747359,16.2826313321901,-1.3283028258801841,-1.0819850770387573,,0.07281813180087526,0.5294117647058824,0,4
-0.98511206960447206,-0.15452952955359259,-0.075331499490854381,0.15615843298256477,-0.98759917209810577,-0.016199354294759227,-0.071894047931835528,-0.027721828350285027,0.99702695354984927,-4.8226226827557879,-19.118709333501961,-2.2386330512728509,0.3299765398023091,0.3095561399868998,0.7619047619047619,1,4
-0.97064516849656213,0.2391504237828358,-0.025593586672664693,-0.23750418372886184,-0.96983560469953745,-0.054869504903642181,-0.037943636957574182,-0.047180235921133559,0.99816547012650092,-15.450932294797566,2.4290161185661217,-4.3290440818823939,,0.1849858829131676,0.2950819672131147,0,1
0.41905464641716306,0.87645629558879312,0.23710243617254759,-0.90544348290240151,0.38395970140769037,0.18096145159808671,0.067567022916182495,-0.2905155927272885,0.95448173780149248,-7.2502873772743603,-10.149802592993593,-2.8359679736101508,,0.5169153454013994,0.189873417721519,0,1
0.7441402906639446,-0.65249521625851081,-0.1431964404946546,0.66794971253641877,0.72994587658567711,0.14499034029232236,0.0099201478363854893,-0.20354117523323592,0.97901612890267387,0.06027350109407871,18.990971690074964,-3.3706242710043366,0.2242975636613445,0.1877518847889347,0.3846153846153846,1,5
0.03577788858633154,-0.9970934229782783,-0.067265507816153966,0.99816541441304252,0.032364354203665034,0.051169854862211706,-0.048844121017212951,-0.068972852851254013,0.9964220980144991,-31.626963818856979,4.8064208895467502,-5.7921104669560091,,0.1982667339936524,0.75,0,1
0.030880344888850365,-0.99578110989475743,-0.08640824889042753,0.9983172840630391,0.026482517950489694,0.051587562299441656,-0.049081612040991845,-0.08785589006871658,0.99492328243924943,-8.0169848094132057,15.649292651160065,-3.9929311725481833,0.1957896932042366,0.1304101520384778,0.4615384615384616,1,5
0.49023479187663732,0.87155447201002745,-0.0079152481320964429,-0.867925092461445,0.48898503870553622,0.087176062069456828,0.079849124663095933,-0.03586689617833988,0.99616147438508651,-9.0508357195730387,-7.6207789569147728,-3.1615557373271042,0.5256835186897405,0.3425996337422614,0.9135802469135802,1,5
-0.78804052740727559,0.60953959146799908,0.086334312973967889,-0.61538919404698111,-0.78382376578164659,-0.083165161252083467,0.016978427897461536,-0.11866672081465283,0.99278897171414382,6.8857928584147272,-5.42038622464867,-1.7317032879608625,,0.3708798730383129,0.3404255319148936,0,5
-0.88806073100448557,0.45782561283693868,-0.041759385511065096,-0.45929577001549776,-0.88749106658073085,0.037510030462124734,-0.019888028903116566,0.052491094195873646,0.99842333272839245,-16.865166900159871,4.157167603679615,-4.4955018907574473,,0.0787324789078394,0.2916666666666667,0,2
0.6504123870070132,-0.75249513804256363,-0.1035122893677089,0.75955912730281605,0.64328502093199891,0.096199344984798471,-0.0058016341513143837,-0.14119294977732733,0.98996509634145846,-6.9205136889936245,14.248007274662088,-3.8193632954806613,,0.09301731251636196,0.32,0,5
-0.88815496115314629,-0.41747344444225065,-0.1920851065662722,0.45450396520509118,-0.85973319161085549,-0.23299138365068647,-0.067874226271114516,-0.2942358958865065,0.95331963526403996,-29.530233035333559,-5.0210744223772856,-5.294965912314006,,0.3152825491128874,0.1666666666666667,0,2
0.76206755843550289,0.64084338659568651,0.092589363518289225,-0.64348915637839843,0.73368035739834625,0.21825406935782726,0.071935679628176014,-0.22590459717412931,0.97148976884577942,-19.112794500709924,6.284046522313945,-4.7953909901984186,,0.6830781293442592,0.3783783783783784,0,1
-0.10082735216399658,0.97965056566990616,0.17354715278053065,-0.99490393329186666,-0.0992977536237383,-0.01749627519362465,9.2606528351648037e-05,-0.17442684801346039,0.98467013061030684,-7.0770531926268117,21.338812025377177,-4.2155282056175114,,0.2813919405681097,0.1666666666666667,0,4
0.97288583240743387,0.23125450985555426,0.0038090382463338772,-0.23015122057200973,0.96635237255512241,0.11486299546111797,0.022881712569403634,-0.11262523575360026,0.99337404007822638,18.057528089769232,-1.3230993456486053,-0.9464181132798325,0.2104114250681281,0.1956956376521874,0.24,1,3
0.45920062927564137,-0.88525654021949396,-0.073862304807449985,0.88810544785782985,0.45561339709093596,0.060705402366701397,-0.020087198861489883,-0.093473474258052081,0.99541911477127598,-8.8432726616282675,6.9463081414048178,-3.7668332464662417,,0.09849310441171615,0.35,0,4
0.74745942119378417,0.664303512835131,-0.0022927066008180739,-0.65126847241508701,0.73346439807724229,0.19462618937673229,0.13097247995961553,-0.14398201133507343,0.98087480847717479,4.4102224158673238,-7.1887551243873578,-1.8695195865254191,,0.2729227484075237,0.3809523809523809,1,5
0.85991859901713208,0.5094821363218992,0.031111988578149469,-0.49974940237234339,0.82795330376265464,0.25444815113690983,0.10387751389448548,-0.23435289534669626,0.96658583816944155,-5.3296872106159139,14.702448191067386,-3.6317199165985432,,0.3906411139614646,0.35,0,3
-0.73058286876971512,-0.67894055639449202,-0.072721336229125993,0.67905406801515644,-0.73359294454330282,0.026962277877673045,-0.071653643119378399,-0.029683540877449399,0.99698778469382277,-10.407439332406776,-14.285365571874408,-2.9575800109943446,,0.08268775622952404,0.4705882352941176,0,4
0.62795064133861411,0.77733211303779448,-0.037852055196765072,-0.77481138051381249,0.62900281357111099,0.063425429804652711,0.073111672588595314,-0.010499836180718361,0.99726848780630495,-19.881087281391618,8.7262892346862948,-4.9904175491720135,0.2604731886725195,0.2417454373389148,0.8472222222222222,1,4
0.37659449569402542,0.92486920553656227,0.052853935171675956,-0.92507346105647426,0.37242445000104984,0.074425269165871819,0.049149541828582125,-0.07692191944813026,0.99582495492252898,19.11280140620881,22.189917061054,-1.7348346362256772,,0.6052504888085507,0.7714285714285715,1,4
-0.50580615127928219,-0.855339268227851,-0.11204853214336576,0.85904611305113954,-0.51128350737602135,0.025078890266546687,-0.078739526159149573,-0.083569799046766632,0.99338621678957983,-5.6869620639682648,17.504350271149072,-3.8556367628641106,0.3561600304037322,0.3024305005777498,0.8876404494382022,1,5
-0.22542289768961749,0.96825534069017527,0.10800977928951608,-0.97312784899297711,-0.22911819858580942,0.022957364637458979,0.046975596978856199,-0.099932208530319755,0.99388472520043003,0.099843905965629365,-4.8159220856933409,-2.3609747671984787,,0.07608865723635311,0.2473118279569892,0,2
-0.96613452055885984,0.25532933326547463,-0.037296377286687284,-0.25533142568443806,-0.96684173687231745,-0.0047873687630613252,-0.037282049869274386,0.0048976949608358624,0.999292780591162,-9.756579445571063,4.5659540557827194,-3.7497669033413339,,0.07891614530085536,0.2857142857142857,0,5
-0.91554103935837716,-0.36209683506713586,-0.17512991544834833,0.39662106736878699,-0.88514465779900653,-0.243332413971348,-0.066905412111626025,-0.2922410251902402,0.95400149319900462,-4.6612040044063985,8.1657499843691159,-3.3804244361560301,,0.2436612260145957,0.3333333333333333,0,3
0.89964724689510445,-0.42614459290275775,-0.095055863016448819,0.4362359281164595,0.8864003136399492,0.15489576817773659,0.018249552718634751,-0.18081833402269468,0.98334718380988251,-8.2825297278739924,12.581549645422413,-3.9397269208245143,,0.4180318385845818,0.6666666666666666,0,5
0.29581130333791011,-0.94154234750713806,-0.1612255583593179,0.95433525988542867,0.28391953711859158,0.092918825766232963,-0.041711923438481735,-0.18134967409155059,0.98253366921950802,-16.218808892803768,17.10209031984931,-4.981544863128045,0.1960286310802175,0.169856613492272,0.5,1,4
0.9992640420466391,0.0023009722441950757,-0.03828942150703224,0.0050933765057081092,0.98140093881611712,0.19190168005156838,0.038018834653140543,-0.19195547092379231,0.98066694927179077,-9.5425050416402115,-5.6932144994608436,-3.2928078398106955,0.1230250160520799,0.1943084781260233,0.2982456140350877,1,5
-0.99638797773933085,-0.032190796014237029,-0.078579580480545946,0.036079113111176626,-0.99816771844719088,-0.048574720246679561,-0.076871941653894382,-0.051234348848229118,0.9957237297988133,-8.7909054278692995,17.237602129688028,-4.1706177849012613,,0.132524530154938,0.15625,0,4
0.97239496090793187,0.23334093751037416,0.00021652399958237958,-0.22793932545123796,0.94968565556430762,0.21480414225109176,0.049916970197492687,-0.20892381984152075,0.97665712181355213,-15.044682096079818,5.2055044313763359,-4.3296513359249831,,0.2880868072942653,0.1136363636363636,0,3
0.98796705014131481,-0.1325388168748278,-0.079715555925367915,0.14802530092120159,0.95967848412744672,0.23896802587382929,0.044828764451603179,-0.24789245475461388,0.96774981929911785,-3.0178604336820825,-4.1083201596437871,-2.6917353921627276,,0.1390562531219414,0.3680555555555556,0,3
0.89940516462701792,0.42816167155472012,0.088022342923347555,-0.43175350170842991,0.83872777847742097,0.33185030868275556,0.068258798735081463,-0.33647183629807598,0.93921639666982226,-1.8304392540743222,3.3990114842510457,-2.8687426658431701,0.9150425014502775,0.3745140738021646,0.22,1,1
0.99783071915548771,-0.042283604539937097,-0.050457434504268497,0.050193036331564897,0.98459206977825098,0.16750855271776061,0.042597124474083245,-0.1696777914663283,0.98457855556052443,-17.614272536526261,1.2213821418984949,-4.5073533721916821,,0.374964444186236,0.5344827586206896,1,4
0.88624323562938145,0.46214843369271486,-0.031492102764587374,-0.45822526401521135,0.88461542960025952,0.086516756361638025,0.067841983456816204,-0.062244412990399747,0.99575252865966957,-0.59944107197738616,5.7524078922936086,-2.8253058327137826,,0.07135450923640338,0.2,0,2
-0.30232702842529557,-0.94933791371650456,-0.085766505489757755,0.95101602312280475,-0.30650280437351479,0.04030576478440661,-0.064551465105103956,-0.069379798872331047,0.99549964935263502,-29.44090770816814,-6.1029917223197705,-5.2519207636889664,0.1468648616565711,0.1430476114998221,0.6491228070175439,1,5
0.37972618760851884,-0.92006244975700324,-0.096400783147448862,0.92470051103916928,0.37443823643637691,0.068738431596270466,-0.027147510534102456,-0.11524363601326286,0.9929662214950935,-8.1227035968758763,9.5003236758644416,-3.785906043397036,0.1285067528521466,0.1112178535187857,0.4705882352941176,1,5
0.36169202138087519,0.93214619657206732,0.016803270087835467,-0.93123273474285728,0.36035899305746105,0.054286184853531282,0.044547451248702429,-0.035282635089247456,0.99838402443568897,16.642128372808866,-3.0099029249949427,-0.9951953136775985,,0.323356845402487,0.6909090909090909,1,5
0.99867241420603514,0.007184972723422443,-0.051007698152857564,-0.0010382284864067001,0.99283084370784236,0.11952337789731324,0.051500788202700036,-0.11931174271352174,0.99152023522728117,-15.558642040663853,3.9707568251373773,-4.3647571687222673,,0.265067816613725,0.1333333333333333,0,1
0.072378085095915271,-0.98859109099638587,-0.13209491890463396,0.9972002409209112,0.069232518743850557,0.028258412122005496,-0.018790750520486458,-0.13377037471337133,0.9908341912469103,-17.921362396641225,7.9792386727666749,-4.7771515332059327,,0.2068758295690032,0.3928571428571428,0,3
-0.35694496018335481,-0.9089222358848067,-0.21552416225070012,0.93228939418187406,-0.36109043990916967,-0.021217438634202397,-0.058538712795012646,-0.20850434844473925,0.97626797334744964,-26.926687244295998,16.65634092290739,-5.9101585602076749,,0.3366289219061417,0.6285714285714286,0,3
-0.98905767329636163,-0.11250640602241399,-0.095431795003065048,0.12729225983491202,-0.97778547822030093,-0.16652999479859068,-0.074576132104772958,-0.17685549803559147,0.98140742474003817,-22.644359406516717,22.423235247716981,-5.7012642494848098,,0.3983745236614928,0.3214285714285715,0,3
0.31256905209246982,-0.9451386911664752,-0.094939149638788786,0.94941473911301899,0.30766872698062525,0.062861813472720393,-0.030203324799968841,-0.10978528543590445,0.99349632625027029,-13.396867630768723,-4.6082917758107778,-3.8576367455241982,0.7035260337927824,0.6458462022771997,0.9908116385911179,1,5
-0.68936230443179936,0.7241847006735318,-0.018333917717296356,-0.72439723045105031,-0.68893719255391372,0.024783002860395427,0.0053165537075781583,0.030365507180309032,0.99952472217067012,-15.79543628468058,4.759914984783495,-4.4174818048239883,0.3129677059984753,0.2878279620340079,0.8418079096045198,1,3
-0.87184622711463,-0.48138338973180095,-0.09030054460691507,0.48578690271249447,-0.87340843067411988,-0.034187693405264979,-0.062411869215606083,-0.073673233386976705,0.99532759092839462,1.5655197594167425,14.397474483855655,-2.9918211424000329,,0.1870661197845946,0.3968253968253968,0,5
-0.99472748454752369,-0.078109659659371222,-0.066453837764669108,0.086160520399718707,-0.98796480663198483,-0.12845974303677549,-0.055620106168591796,-0.13350813430095523,0.98948571584701095,-23.011666800255316,6.6128667749143091,-5.1841988748413756,,0.643541020614707,0.3783783783783784,0,1
0.8186292309704496,-0.56807964579784043,-0.084449382655721758,0.57409836062613906,0.813521586823305,0.092702211941645754,0.016039156059844788,-0.12437099260958831,0.99210614435663869,9.0611819405560627,-2.6388510922843693,-1.6513462247568698,,0.4256328476211849,0.9285714285714286,1,5
0.52110990201678231,0.85262586732365342,0.03838750305303916,-0.85177260346870831,0.51668379354331073,0.086725368087038304,0.054110091482074449,-0.077890871482356044,0.99549239582204774,12.90618609310275,7.8894781054724881,-1.7390286969564208,,0.3384037731389826,0.4210526315789473,1,5
-0.20872459032315921,-0.92973197764214011,-0.30336857969154241,0.97611245417577108,-0.21718340334207878,-0.0059871625754275388,-0.060320164102744607,-0.29737151689828389,0.9528544793095276,-24.105796232656658,9.4924396628357588,-5.3744877996523241,,0.2883760172222588,0.1739130434782609,0,1
-0.77120413780434172,-0.59738267591156657,-0.21995025881821051,0.63252023500624843,-0.75808092630267609,-0.15884414211332065,-0.07184935727688968,-0.26162424906115339,0.96249177771141781,11.038490518208366,-8.7675315851429279,-1.2561711819670884,,0.2462440783724579,0.3571428571428572,0,1
-0.08665127526713351,-0.98480492316493673,-0.15050189302690717,0.99596944321774439,-0.089145753161335176,0.0098945879062686138,-0.023160843488871912,-0.14903790794090435,0.98856020419875423,-17.065063983545663,14.332500822474017,-4.9557974251861667,0.5766787948354919,0.3370507033061323,0.6304347826086957,1,5
0.79295089898065396,-0.57873257932375188,-0.19051895820376977,0.60922885058561904,0.7488523452653173,0.26088382971115637,-0.0083114030041979738,-0.32293771322022952,0.94638372447976427,6.17093964621791,5.5753322051530754,-2.218406098316545,,0.2538607033456309,0.2,0,5
-0.32485748213268861,0.94572050260313767,-0.0089636632288520798,-0.94537417536232526,-0.32443761059183163,0.031747525753489672,0.027116136531877662,0.018787437013422975,0.99945572555769202,1.1375806158862187,-10.55626000844806,-2.0690374988024689,,0.136193108638113,0.3333333333333333,1,4
0.78531682005374093,-0.61618559829377262,-0.059939974941825881,0.61898388903334256,0.78331499558898343,0.057241268352392287,0.011680636020346883,-0.082054409636396014,0.99655939943456628,-8.1947135087792624,1.7807192305894441,-3.4845902978785324,0.1740940867066884,0.1254013694842445,0.7031963470319634,1,5
-0.24920299441293819,-0.94091232138277703,-0.2293073724189843,0.96841443149904438,-0.24004214881343461,-0.067477816039137717,0.0084472741170095351,-0.23888024251306875,0.97101229307197212,1.3645617545914142,-16.896069525777989,-1.7534129853795632,,0.2843021193807372,0.2,0,2
0.076458668494460993,0.99689025067543846,0.019076166289785961,-0.99470879701089687,0.074946758795775073,0.07026658163837679,0.068618373349918924,-0.024347719693420422,0.99734583138675714,-37.69657472196603,-4.7367818702438589,-5.904320127233615,,0.198579092233311,0.391304347826087,0,3
-0.64782652090363646,-0.75663283396460557,-0.08847346144793336,0.75824447282073359,-0.65163847855953272,0.020799343677743932,-0.073390178162321962,-0.053610146682381829,0.99586135276051124,-13.228633165964691,-11.980621431640911,-3.3712882907225965,,0.09039810023482442,0.375,0,2
0.29368730864009918,0.94941538457057295,0.11116740657425565,-0.9542043232044175,0.28424955288331033,0.093253961115000505,0.056937459740798127,-0.13346392481247091,0.98941675064247625,-11.619102122683676,18.580365388865278,-4.5518993991776737,,0.2486318280855616,0.2857142857142857,0,4
-0.85166713023217555,-0.52057012441743211,-0.060579244350781908,0.52086000957563405,-0.85355560128617802,0.012152610331272238,-0.058034039209440863,-0.021203327026968394,0.99808940942984981,-9.7653262994655297,-10.130867987032453,-3.119908012589121,,0.09435457429296197,0.4285714285714285,0,3
0.1316974085008491,0.97866978219092704,0.15767450656502743,-0.9905007531172626,0.12357145747199937,0.060318761363134077,0.039548080462866134,-0.16412054205555818,0.98564719702695514,13.116478900767261,-6.4282250996429919,-1.1649740701222508,,0.2356034555122682,0.25,0,4
-0.52916886236960525,-0.81572261967766779,-0.23361704313825016,0.84766691293154728,-0.52052570367679452,-0.10253680574738731,-0.037962083972790862,-0.25228872261355495,0.96690706927939141,-8.2580587623547217,-16.808821568984737,-2.6184940469751994,,0.6637327449280298,0.2307692307692308,0,4
0.23124952062201334,-0.96214864993156024,-0.14419998143884663,0.9720798698465678,0.22243976409776467,0.074707951298437339,-0.039804344626785164,-0.15745007711336798,0.98672442321340426,-13.95768426481435,15.543374149024636,-4.6838514428975051,,0.1311904073910974,0.3793103448275862,0,5
0.6991265391852769,0.71498404966340268,0.0044599253063643887,-0.71131482776067545,0.69487931815059123,0.10570690145099541,0.072479638620913875,-0.077074911180555608,0.99438732898800108,13.159507957399663,-4.4332422600791457,-1.250860087079225,,0.2492403297423137,0.4464285714285715,1,5
0.22870955445050534,-0.97056993908214595,-0.075405126172765333,0.97278721623204634,0.22490416175990646,0.055705923909219711,-0.037107568480800282,-0.086093619816762015,0.99559575982839998,0.17287384872536374,1.9891733906623799,-2.6465886179928879,0.3970588694212574,0.3502077546198546,0.9302788844621513,1,5
0.65953244178327208,0.75166619004329016,-0.0038596607621882058,-0.74718421260275258,0.65614305618249957,0.10579244897767845,0.082053096666730579,-0.066889674608971147,0.99438074235078899,-9.9043226780508888,2.1867006937821549,-3.7100811718916611,0.1758207305742601,0.1270223365183961,0.2146464646464646,1,2
-0.37451856624285784,-0.90529433121690139,-0.20044454945429716,0.92484901864680724,-0.38017573396230525,-0.010986537865019625,-0.066258103258628964,-0.18949560726508824,0.97964344461635799,-12.514817864649032,8.9377119020036062,-4.2450309301395395,,0.3034911355490959,0.1590909090909091,0,1
-0.48796754067784909,-0.82615516882082674,-0.28170075661141181,0.87042860805619404,-0.48464969976154171,-0.086421680141056625,-0.065128469367605801,-0.28737137218532716,0.95560241571804017,-20.521081444596515,-9.4697965833979527,-4.3210143296178973,,0.5769511520453565,0.4074074074074074,0,5
0.57420188264571903,-0.77135440487976203,-0.27441679984778683,0.8186259548069359,0.53602015431461258,0.20623758213519713,-0.011989332030803174,-0.3430667227247895,0.93923451793273005,-17.577901533983056,17.811178278794102,-5.1353113181489478,,0.7578287673002944,0.3684210526315789,0,1
-0.84495473632703066,0.5314459544090514,0.060138931656369805,-0.53426064522595296,-0.83346765029515468,-0.1410575729063191,-0.024840622400927673,-0.15131712875192149,0.98817309719755475,-25.362521879692988,22.555262690620239,-5.9406143160447566,,0.3819764439166216,0.2,0,3
0.80765814212717524,0.58776621519589656,0.047108404026994989,-0.5881512500667857,0.79733426509459904,0.13541113968552607,0.042028948363681026,-0.13707277621886368,0.98966894541513051,3.0072630765906281,2.4198024606658115,-2.3998545712237478,1.018153069506114,0.7150353842413614,0.2222222222222222,1,6
-0.12500886330668787,0.97459185503137868,0.1858588179271202,-0.9911842465220545,-0.13096301567617497,0.020061853640923718,0.043892750441020652,-0.18171242288709522,0.9823716312207027,-1.3892266636525301,-7.1179550347221952,-2.3565857260119554,,0.08336844657743564,0.2068965517241379,0,1
0.99085994076898054,-0.08575250943809723,-0.10413013446818864,0.11450862244813308,0.94273851122361163,0.31326007540208645,0.071304650369558117,-0.32232065801148863,0.94394122711889072,2.7033640417822014,9.1000192260143784,-2.7209392782903934,,0.3243467563362559,0.2142857142857143,0,2
0.085670546872299885,-0.98774879147387196,-0.13043344026938011,0.99564999115555275,0.080062903155989407,0.04765528984469973,-0.036628575054849372,-0.13394870839295001,0.99031110819242596,-12.98430060043537,1.2602291277699171,-4.0114036812791838,0.2222309082768915,0.1660268252919313,0.7326732673267327,1,8
0.26598961441129237,0.96377407354913769,-0.019724608483635556,-0.96219832609893596,0.26668558875256454,0.055255569892126176,0.058514154507585736,0.0042815775362281391,0.99827739722787634,-13.068431562314114,4.547440162219293,-4.1096684321346872,0.134142029383136,0.1027271828069134,0.375,1,4
0.94862680451559456,-0.29869927121944922,-0.10433566565419003,0.31313771976583438,0.93355053733780013,0.17443670111579165,0.045298501237754273,-0.19814676280291865,0.9791250717739477,-2.8348314235906367,9.5080062779298213,-3.2728999163319328,,0.135985948786838,0.2439024390243902,0,4
0.88912029889430033,0.45723889089975756,-0.019942185007392244,-0.44996518495334992,0.8812784523379753,0.14449782619361581,0.083644643725747078,-0.1195026614496192,0.98930414306342096,-6.1113858501835727,-16.860411217718628,-2.4217371846141744,,0.3135617132886112,0.2857142857142857,1,5
0.99365352985661815,-0.099176456629211568,-0.053072526357413705,0.10355353823965785,0.99078416060072716,0.08731215162142246,0.043924108659504912,-0.092253875545630318,0.99476625150096476,-1.4336475735379615,5.0219883221460826,-2.8813713155513225,0.3051204352759445,0.2631875720905044,0.9295774647887324,1,5
0.97889473963796036,0.20088510068428261,-0.037553495605534573,-0.19479825077198579,0.97274604606292858,0.12577269721649922,0.061795875309795571,-0.11580287644097746,0.99134805371407853,-3.9061081838319764,5.6383442294268145,-3.1620211185671727,0.1733295999286762,0.1460124052482833,0.6124401913875598,1,5
-0.22055079472994671,0.97508090587759155,0.02397027194097278,-0.97482941437393889,-0.22118297777177087,0.028030398059535479,0.032633722057904851,-0.017184799589975222,0.99931962997216228,3.833998821836532,-5.1356809572982387,-2.0137686975210007,,0.2122654637188996,0.5369127516778524,1,5
0.7360124505374166,-0.6545833069625383,-0.17264520526181804,0.67683547235869979,0.70649004754402689,0.20679834641073827,-0.013394626194255452,-0.26905855676270013,0.9630306729392839,-0.47703667775304481,-3.2363565484717913,-2.4694820118162837,,0.2843637327992827,0.2686567164179104,0,4
-0.97021481059809367,0.24218487260863075,0.0054505757170031765,-0.23753908270121454,-0.94670762441501621,-0.21753128065623656,-0.047522683905384687,-0.21234679501706166,0.97603813099715064,11.448790117309235,3.1143086434037315,-1.6469271369709253,,0.2998778935932202,0.2022471910112359,1,5
-0.22254785429153526,-0.96609690125664427,-0.13087868402663447,0.97212472977249742,-0.23006238023033346,0.045219586104952011,-0.073796763580683378,-0.11716688348276368,0.9903665781416261,-23.601679734276708,16.439772285115783,-5.6569215992880499,,0.1963726713442115,0.3333333333333333,0,2
0.90354711504887197,-0.42229279643894851,-0.072604441755541621,0.42777777123211652,0.8987612854002015,0.096095422916295123,0.024673656529668953,-0.11788530842115731,0.99272063780899877,-16.973304751827492,21.235678053882278,-5.1693707298094367,,0.2327532334168518,0.6521739130434783,0,2
-0.98597791092300402,-0.15690615106755335,-0.056815657428877536,0.15652109791446064,-0.98761119238524009,0.011192791566763897,-0.057867997023927351,0.0021429961668947071,0.99832194330680113,5.0995928172478964,5.1855758219257835,-2.2926083776796946,,0.3553411004620975,0.927461139896373,1,5
0.75932129924802361,0.64406927810365877,0.092768149228740465,-0.64717206047151044,0.73261394759234055,0.21082013171950031,0.067819530028993907,-0.22011717060738287,0.9731130163297822,-6.6752185278179939,9.1026821714562267,-3.6085542034986542,,0.2253989144343298,0.1666666666666667,0,4
0.031086148900796483,0.99784433629474512,0.057795604253412361,-0.99814810178697244,0.027966711599908368,0.054020643659172411,0.052287840322404203,-0.059367866449680583,0.9968658075125415,-28.950502475915172,8.4688803627090739,-5.7295722146352448,,0.1186158134232776,0.25,0,1
0.099071001923004554,0.9867675536920506,0.12835393082635715,-0.99459947803059734,0.09418624057353607,0.043598513597219106,0.030932424399567247,-0.13198010102750041,0.99076961906062466,-11.078155276164654,22.724405334423366,-4.7166424945449759,,0.2498957725457249,0.2413793103448276,0,5
