axis_00,axis_01,axis_02,axis_10,axis_11,axis_12,axis_20,axis_21,axis_22,location_x,location_y,location_z,dbh,dbh_approximation,score,reconstructed,number_clusters
0.30360297661688751,-0.94517574052867281,-0.12028321622504527,0.95148634547891187,0.30738261826355501,-0.01377172308127045,0.049989668498111331,-0.11026670170780085,0.9926440890560585,-4.5346792171504964,5.5070511757284395,-2.079440718697334,,0.07128507905930385,0.2482269503546099,0,4
0.78739940881384507,-0.57368118726938155,-0.22559270017622565,0.61390869347876609,0.76291664690252181,0.20266796971945952,0.055841624893997424,-0.29807395936613829,0.95290798489517969,-6.4063920888770012,-8.4893536359503727,-2.1846043982617163,,0.3729937950233447,0.3670886075949367,0,4
-0.77218934288755281,-0.62520760313818391,-0.11330962760991443,0.63434817221212347,-0.76878302652173036,-0.081086710028388048,-0.036414490824790792,-0.13449204850212002,0.99024536037674793,-8.2425528935131585,13.39355582618748,-2.6427409050859301,0.8514595190576341,0.2563124150006016,0.9512195121951219,1,5
-0.9922832583113349,0.10814122774744463,-0.060658141550121572,-0.10202348161548926,-0.99011787972471266,-0.096217427987307189,-0.070463781292896654,-0.089286388160312882,0.99351034036651631,-3.1523881084454635,21.283744036814465,-1.9640453422977988,0.3366627488920336,0.3912948211946372,0.5454545454545454,1,5
0.10636220880319597,-0.98667695679420786,-0.12310834037475062,0.9936894001017017,0.10991083886890139,-0.022382663484362301,0.035615399254046554,-0.11995078336740668,0.99214079288451762,18.12671665528498,3.9347306260349959,1.0830040206187004,0.1026859053884219,0.113125386864385,0.5789473684210527,1,5
0.92972828183541478,0.36760449846745091,0.021731421073226082,-0.3657425005391251,0.91492760446056087,0.17070413555461397,0.04286893111282309,-0.16665656693498129,0.98508265817782514,-5.7779927484950182,-10.10467365469481,-1.8899753644122004,,0.5618033734477542,0.1492537313432836,0,4
0.94674263793424773,-0.30798748395484193,-0.09392596682743598,0.31316665810461858,0.9485737747303058,0.046199979929489092,0.074866693321446881,-0.073153972011547164,0.99450664885160345,5.2277744535046642,12.859358301513593,-0.70237025840344391,,0.09865769747981341,0.2916666666666667,0,5
0.64430924903296349,-0.74568090600389136,-0.16978097075877874,0.76348379506885766,0.61433303185047528,0.1992170189633819,-0.044250268675251614,-0.25798238776826954,0.96513574243395872,0.46066474452327427,16.673840730401142,-1.4510006992416837,,0.6877946633125179,0.8604651162790697,0,2
-0.41181704666903729,0.88410641780576915,0.22082246730675487,-0.90919786381978096,-0.38231702031645659,-0.16490282108530827,-0.06136745471615087,-0.26868110832545911,0.96127233265639345,-13.287113641160136,14.34818340936069,-3.5852038653269998,,0.4194787780750062,0.3611111111111111,0,2
0.012696072687509817,-0.96225130425180438,-0.2718662119573057,0.99938509066445735,0.021098403182721995,-0.02800531986487036,0.032684098517595024,-0.27134348130891317,0.96192747380207999,5.9396588326528112,-3.4095516758948272,-0.52069606029911131,,0.2935665994954146,0.2666666666666667,0,1
-0.27017672181874303,0.95797022705902823,0.09642397552347215,-0.96122616004992922,-0.26263260185738324,-0.084073691945155793,-0.055216014189229584,-0.11540000221011648,0.99178325821066338,20.794625009607614,8.2269405468995256,1.4172948581433342,,0.3262289484106132,0.375,0,5
-0.93649266802544451,-0.34150469368416025,-0.079724694582497549,0.34737633005996416,-0.93452658299441149,-0.077393481578621165,-0.048074609188796809,-0.10017289987056054,0.99380794023939378,19.276531585381495,-2.239470192793048,1.1781454507101297,,0.1017866576375485,0.5,0,1
-0.35251404313323137,0.93300516546004197,0.072354755329148687,-0.93391070200581205,-0.34582772047142613,-0.090631056666837892,-0.059536963920514316,-0.099521600561968002,0.99325263702076838,6.7809995061135551,12.785864273891248,-0.46530693064614714,0.3450647262878164,0.4276998750434807,0.7884615384615384,1,4
0.9757182547537353,0.2135498487554234,-0.04868623457260482,-0.21294333484589595,0.97690992410353761,0.017382069287834805,0.051274003988683876,-0.0065925931585546381,0.99866286314772512,18.660233491629953,-1.627172506961059,1.1213237272617265,0.2202773940733838,0.1855331999875343,0.6578947368421053,1,5
0.73189641927233884,-0.67508504559388249,-0.092670451988935573,0.6807651313624894,0.73034628669305424,0.056152804334950242,0.029773602021601876,-0.10418484884651935,0.99411219180406707,-11.50314290150936,16.12427752437641,-3.1871753405945231,,0.1752669524313205,0.3125,0,3
0.95627516898633558,0.28768147245602882,-0.052698876512560236,-0.28794843983926754,0.9576423326730984,0.0026189056031052575,0.051220085652864449,0.012670164874905215,0.99860701466981261,-13.67097703560272,-8.9553826051766272,-3.3543930581480152,,0.5600502929263582,0.9826086956521739,1,1
-0.99597153748882949,-0.058961067571852759,-0.067559522074431347,0.064118813894452245,-0.99497446680054269,-0.076906359423300166,-0.062685518398644405,-0.080928381460181345,0.99474676318012178,5.6727538367424399,-2.6318492726611842,-0.54663496218392515,0.2017518154021006,0.1424657646760492,0.4579439252336449,1,6
-0.25286785549766966,-0.89395862612288834,-0.36999435460083602,0.96738247488171369,-0.22763671063974128,-0.11114258977030779,0.015132579018195747,-0.38603044277569365,0.92236191503263032,-24.310060237498885,-4.0584042584434483,-5.0978254796323643,,0.5091775412013666,0.1020408163265306,0,2
0.57036783634009069,0.82043770560385443,0.039528502276285765,-0.82138464030675895,0.56954002704369433,0.030845263221507699,0.0027935527307682219,-0.050061250669063688,0.99874224264551303,-11.51651301862959,13.521332024434487,-3.2899365029516092,,0.1310859971615684,0.32,0,5
-0.28275623993865995,0.95880900928452062,0.027095986614014963,-0.9591405925001929,-0.28233641774743556,-0.018315868309338703,-0.0099112357519293582,-0.031167786709703819,0.99946502513969326,-10.276305072429581,-12.673301675285687,-2.4743674335833865,,0.1420054818551493,0.2666666666666667,0,2
-0.79434963942652559,-0.56693410109456355,-0.21816135166213124,0.60667830127739097,-0.75862278845941,-0.23755610619230308,-0.030823515408341964,-0.32105636552818662,0.94655835586175185,4.4238013546735244,23.746661207376061,-0.86240475061109001,,0.2910934330336323,0.125,0,1
0.36127228626276831,-0.90976316277878977,-0.20448306245067202,0.93005577434332298,0.36730817199647203,0.0089979661730638111,0.066922281708813744,-0.19343136879871178,0.97882874588742153,-0.70176577996437717,-19.411758962259153,-1.188224694776377,,0.490434114701974,0.4375,0,2
0.52776065394424576,0.8490814963243225,0.023006624002472907,-0.84938735457111869,0.52746353607862773,0.017981657379309627,0.0031327373044397061,-0.029031546756578704,0.99957358671080421,-5.7233133440643522,-24.267929009696669,-1.8293260740822312,,0.1260146108433609,0.4,0,5
-0.99554756251273779,-0.070277962966187241,-0.062817662295472892,0.073559228749297184,-0.99595801073575108,-0.051542998720415574,-0.058941417023629858,-0.055934325530995734,0.99669316270687713,-8.5017517163199656,-9.3518383544991526,-2.4943171191140463,0.1137005764661779,0.1105503245976428,0.3625,1,4
0.81977372916713698,0.57185085607245822,0.030945619667464067,-0.57025388446828984,0.81012115654872363,0.13606696498778098,0.052740309216320808,-0.129190983127137,0.99021621359297662,14.18600710552133,6.9586847303142054,0.63437422507505103,0.264733840303783,0.1571047606499487,0.3125,1,5
-0.0022039425545922761,-0.92254155145530903,-0.38589147240597099,0.99949352764889188,0.010218497098352734,-0.030137526524674749,0.03174635136815844,-0.38576245042186674,0.92205178868614901,16.31498372220786,-0.92424894226339582,0.86868991681424657,,0.2560733099917109,0.28,0,1
0.2589849626787511,-0.9572353035022203,-0.1289471319390223,0.96515873788419049,0.2616377804003101,-0.0037792265078127785,0.037355050422721511,-0.12347568827997242,0.99164426817871754,-9.990308093935619,12.265694824673629,-2.9158704104148021,0.2822135421172043,0.1591311201698801,0.5,1,6
0.72806495385747383,-0.6711306053897188,-0.13966078001265983,0.68129684418099135,0.73096405281234855,0.039066143976193665,0.075868524920002914,-0.12359313898989763,0.98942847286758762,13.048052647539906,-11.180615774155703,0.48348972357977815,,0.1665549106843545,0.2222222222222222,0,5
0.39275799658409705,0.90997380777227965,0.13299934318508724,-0.91955701869325102,0.38662870240941694,0.070236285815741165,0.012491816970577116,-0.14988634241193785,0.98862431634425441,-13.000145203536865,3.5974189141445034,-3.4372758202525309,0.9200757684337015,0.4571780336199662,0.2294117647058823,1,3
0.97017385770719078,0.24221540302301983,-0.0097151613442415484,-0.23637755801227686,0.95415542162189348,0.18361122367028795,0.053743240409388125,-0.17583836307229386,0.98295093172668369,4.3042665681788659,-16.228755627847665,-0.69741278028635656,,0.3795339257945413,0.8888888888888888,0,1
0.10566508637354569,-0.98176369883913006,-0.15803458217548924,0.99361944641917921,0.1105428891549383,-0.022375552617162769,0.039437104601067419,-0.15466191935634757,0.98718002688551953,5.4910452491337223,8.7064969132867009,-0.44966544078015519,,0.2116471461684598,0.2647058823529412,0,6
0.63112116421808928,0.77440071437407565,-0.044605040667223858,-0.77552355128564499,0.63111678868670718,-0.015963096162084574,0.015789156953597953,0.044666907377826207,0.99887715456305992,4.9462533035711242,-5.7383754625675865,-0.64558986561559195,0.1302416873196204,0.1123464879645117,0.717948717948718,1,5
0.68931448233193293,-0.71289808752662098,-0.12892579745088112,0.72139847922336675,0.69179208081219234,0.031748245616899186,0.066556582106303455,-0.11489139970608538,0.9911458962493378,-19.708714360632047,4.8143312066242858,-4.5397639720065772,,0.09593308490005367,0.25,0,1
0.88461651113613782,-0.45527421731269441,-0.10089110602843904,0.46049942352576478,0.88696027608787964,0.035238467255993437,0.07344323765852441,-0.0776328261267549,0.99427321956784454,4.1825014843938924,-20.865667560486642,-0.64842120436406259,,0.2671156383436608,0.8235294117647058,1,5
0.88943121303624628,-0.44301954199298638,-0.11245355792146196,0.45623774568513453,0.8753556393899824,0.1599988249966276,0.02755424992659784,-0.19361350676148509,0.98069086531409189,-5.4135568060774517,10.601013385925084,-2.123514908380594,0.4934292924591969,0.4117177853242565,0.6037735849056604,1,5
-0.28152167439465875,0.95280175771662923,0.11364135399638164,-0.95753164483353237,-0.27126428738107944,-0.097718143320608658,-0.06227917780783198,-0.13632496793961979,0.98870461065367909,9.3610659833968484,21.544037437967368,-0.17476785466955716,,0.2108426988144257,0.2307692307692308,0,4
0.32961359668614637,0.94307392433157577,-0.044344674149933941,-0.94403714498967251,0.32861558196088336,-0.028384294464681482,-0.012196137067543885,0.051218868967903355,0.99861297893742496,2.2004417337432352,8.2918349677130649,-0.97204273167636368,,0.09938891684394695,0.25,0,5
0.90087578954102998,-0.41489724705444853,-0.12760519662405989,0.43168635019753399,0.88713814608058861,0.16319560294881666,0.045494031168462623,-0.20210438925301877,0.9783067560702553,23.975283567719792,-3.1425459843235668,1.6474742890042771,,0.2612376985386389,0.3125,1,5
0.67468978455448847,0.72873567033007325,0.11720928890833417,-0.7380761108455175,0.66742066974392011,0.098961124679003559,-0.0061114005738373825,-0.15327743600137864,0.98816429726835886,-9.0516528393011022,-16.34733884025086,-2.3749275634510782,,0.5181395354927931,0.34,0,3
0.021833699439553298,0.99964081996055887,-0.015540934250058151,-0.99929626963572504,0.021346674090303094,-0.030842908381130574,-0.030500082965586945,0.016203412414172527,0.99940341922830533,-28.150535607557746,7.658572372052534,-5.9293363731081916,,0.0869710715872184,0.4545454545454545,0,1
-0.036368414425908734,-0.97395771013278809,-0.2237939170420892,0.99890089230422452,-0.028803024355551991,-0.036978279324460933,0.029569338612314897,-0.22489278481282945,0.9739347460447032,-13.563175492136521,-10.877829382031122,-3.1359122491835034,,0.2458300215471528,0.5,0,1
-0.71969253314810311,0.69387350088018274,0.024129287331875564,-0.69129290225392459,-0.71292259464143204,-0.11770937661492079,-0.064473103106729671,-0.10139496450024756,0.99275489429656349,-12.11172674942776,10.910700096661373,-3.1393481004151567,,0.2022611469791768,0.2340425531914894,0,4
-0.30893250553333973,-0.94404188080795093,-0.11552330633028096,0.9509412214756684,-0.30449471732466499,-0.054715266788496524,0.01647726686247147,-0.12675919849052056,0.99179665520447469,1.6596230057621066,19.592920550697613,-1.209235517599456,0.1424295054031621,0.1165213166174394,0.2173913043478261,1,5
0.32211167621936826,-0.93017395140995607,-0.17612634147548287,0.94498189916985909,0.32712203390188166,0.00062062647685044768,0.057037516464835666,-0.16663611569610523,0.98436737383013573,1.0355974850005982,-7.7592718025735987,-1.082601126058045,,0.07111172033424978,0.2195121951219512,0,5
-0.29068518194311949,0.95637865248651133,-0.029017202945498068,-0.95556612815720499,-0.29172239541718914,-0.042325154821985622,-0.048943842486501007,0.015424560938381895,0.99868242359746884,-4.9572597131411715,3.9567361256412843,-2.1135534411920891,,0.08303909901993259,0.3849056603773585,0,5
0.93835063722623258,-0.33276543805228559,-0.09362288638465241,0.33974924569044929,0.93774447903600489,0.072150828756588278,0.063785042681601456,-0.099511081168693699,0.99298993602893249,13.953865609627064,6.1178101448338396,0.60595578251926185,,0.1578669712374195,0.3076923076923077,0,3
-0.68422864080002932,0.72879465763725571,-0.026258600654647923,-0.72627634489903015,-0.68423816427254924,-0.065884788783432222,-0.065983618793226659,-0.026009258973063821,0.99748166925443915,-13.015027617293518,12.160535263496262,-3.4342644794699844,,0.1081395660997622,0.2,0,2
0.84617996555776909,-0.51547179859954273,-0.13516024096311047,0.52458817535727642,0.85036236378609886,0.041122944099892721,0.093737464036409188,-0.10570087560976917,0.98997000597561102,11.260432013347375,-4.2675305678923738,0.25726173237375738,0.4837610503520743,0.4921619715152034,0.7096774193548387,1,5
-0.4046434265810061,0.9076909569435766,0.11117924270130912,-0.91283821652822472,-0.39365328960470636,-0.10845956863718215,-0.05468169502084106,-0.14537611312126877,0.98786421028570515,3.4885788359579086,-8.9420082302360147,-0.68964158833870937,,0.5097059707801018,0.1851851851851852,0,1
0.46747150382269981,-0.84564192511375358,-0.2576045954629898,0.8833778583756684,0.45786633795137893,0.1000098790250914,0.033375926134913601,-0.27431396439281186,0.96106081831158729,-1.2902934372558441,19.839013964803105,-1.6213463502387746,0.8976081803657172,0.5626634381504657,0.4358974358974359,1,4
0.99086377933599201,-0.065965307272366824,-0.11763311199001471,0.085591146278566871,0.98163495354351726,0.17049039169506386,0.1042263233483465,-0.17900110675098499,0.97831256626050067,1.1424331863535764,6.6865827946758367,-1.2645683072553449,,0.2303896668662214,0.3809523809523809,0,5
-0.99198138381149648,0.11058565532765333,-0.061186166795968118,-0.10647362507954572,-0.99206761947248112,-0.066822193593347928,-0.06809039090687391,-0.059771659086560465,0.99588706560342022,-14.39153849816196,-3.3602098527387634,-3.6535167460836608,0.2556692571758795,0.2284660048522598,0.5365853658536586,1,5
0.47069137642638026,0.88108010052656749,-0.046340960433908375,-0.88229362277224377,0.46987537615879632,-0.027840511760081958,-0.0027552446848414735,0.053990622664745955,0.99853764139916279,3.6345720091304274,-7.7738646204170587,-0.69501480963312778,0.2277356132292404,0.2102003934001921,0.8781725888324873,1,5
0.91941639826417187,-0.38476664391000071,-0.081413244236868229,0.38693452715753657,0.92202722930639081,0.012143315484391572,0.070392885267694466,-0.042666358548798515,0.99660645369768386,8.6021795461470276,-11.84021243751574,-0.059459310085477113,0.1499518801260944,0.1425445700361661,0.3636363636363636,1,4
0.51879181606065838,0.84275581119408816,0.14358862868305119,-0.85488847479792118,0.51051966323074105,0.092387061390953373,0.0045549145073356737,-0.17068191513269879,0.98531565328095017,-15.486883898513454,-6.2611654788070821,-3.7163109738650517,,0.4257565100632706,0.4285714285714285,0,2
0.13371649565891039,0.97036421515298421,0.2012788829938037,-0.99074896625938436,0.13564022216395857,0.0042680191275363873,-0.023159979375243202,-0.19998754981709382,0.97952467823607836,-21.591128527409055,6.0029574980592093,-4.9344296247436157,,0.6187118785231077,0.5277777777777778,0,1
0.80963510019850571,-0.54098811162168303,-0.22764636524786055,0.58264617392136009,0.78759968948834636,0.2005247244921731,0.070812714545886682,-0.29498913912526853,0.95287300688852372,9.5434557569884717,16.631684324181105,-0.053034768347427381,0.3882478214586676,0.4163540837029526,0.6274509803921569,1,5
0.88558993073910319,-0.45406136534968916,-0.097768865546698697,0.45871841429211024,0.88804901710666329,0.030762958330161589,0.072855274090790484,-0.072091745107657798,0.99473357705693721,-11.348265849554474,8.8820713515910032,-3.0519243620477758,0.2854961018996282,0.1941500915346024,0.3076923076923077,1,4
-0.32638034441649283,0.94500403583659887,0.021053337766529939,-0.94394763024688588,-0.32469010979575569,-0.059491209032166051,-0.049383622081213913,-0.039290009587175122,0.998006790065468,-3.2012327488640251,9.8851864159637604,-1.7787681481274362,0.3983421304864904,0.1438209000679962,0.2432432432432433,1,5
-0.77402576495596043,-0.60703831192665281,-0.17996833898655451,0.6328403901290075,-0.75067832835280013,-0.18972371481396519,-0.019928768293733745,-0.26074227734428657,0.96520272948205477,8.9947338408320299,7.7115205578167174,-0.0019012832154387286,0.5049015714402503,0.4174287066949622,0.2840909090909091,1,5
-0.83473601036322653,0.54888896352975136,-0.044007939262352962,-0.54558723098435602,-0.83522811702309741,-0.068764568789999467,-0.074500781134875002,-0.033390092082636894,0.99666179587712023,-4.9848732258809543,16.131661907910342,-2.2266310644398972,,0.08753088907021868,0.1111111111111111,0,4
-0.29377597698582669,-0.92412903609184616,-0.24429735978511227,0.95542266676384069,-0.27602977693764064,-0.10476206411495463,0.029380319601606163,-0.2641838127056802,0.9640247454938049,3.2644602402796874,12.040683541905928,-0.96613315858758575,,0.2698028119771992,0.2368421052631579,0,2
0.26446143951187401,0.95542955313509936,0.13120410057376833,-0.964082955492649,0.26538501573535239,0.010716732324065441,-0.024580519519861937,-0.1293257995111991,0.99129745063776009,4.090252657447615,-11.31489331159305,-0.64612399779724339,,0.4980023135206885,0.4923076923076923,0,4
-0.44394404824882394,-0.88983266677891737,-0.10541113393549065,0.89605083891269077,-0.44052300597053179,-0.055067007314273171,0.0025643923859691767,-0.11890040514568045,0.99290287417646417,-1.7025674039518748,-4.0286022524270093,-1.5671836724798316,,0.107848894132597,0.6059602649006622,0,5
0.92492686627607112,0.37967492870601355,-0.018900808258193489,-0.37736177220876005,0.92302482306931533,0.074988458267426145,0.045917152744844973,-0.062226397211674424,0.99700526105626119,-6.0218792411801756,-26.501637199945961,-1.79121021371487,,0.2411577909932793,0.5416666666666666,1,3
0.11360854702673381,-0.98054814006538338,-0.16005762417576849,0.99265839190654548,0.11875628966454875,-0.022940371457783455,0.041501988144975625,-0.15627632155712826,0.98684106942333272,2.3204915239573261,11.360698899452167,-1.0609013306387103,,0.08792663762353992,0.2608695652173913,0,5
0.60072886658279145,-0.79394842641279728,-0.093652149205433549,0.7972244887705765,0.60367022138282789,-0.003921520126160454,0.059648498377132944,-0.072306016431897574,0.99559725623823525,0.87000420196980277,-6.2233943220360848,-1.1710773778626953,,0.08975740762210152,0.404040404040404,0,5
0.69413564980544051,0.7148287662748144,0.084826496893388711,-0.71957707358653311,0.68583338165073005,0.10881823276530511,0.01960955985785072,-0.13657381710836664,0.99043579178189556,25.476555644761742,-2.7370180966552033,1.8315458896056076,,0.2868001056876638,0.2727272727272727,0,4
-0.19780679907228785,-0.94708574240410015,-0.2527866032361098,0.97770432845775523,-0.17208111788610381,-0.12034257343949131,0.070474934237259756,-0.27095513540426513,0.96000864487894622,-13.21706176966053,-6.0469888522872157,-3.3260688743350784,,0.5441825957825681,0.1428571428571428,0,2
-0.58535246815019604,-0.76080887544339193,-0.28023622727448316,0.81044486199411025,-0.55897079986950327,-0.17530194112044559,-0.023272595425139854,-0.32972943444559161,0.94378858139011657,4.2923908110954905,21.009625221340563,-0.8393511418872035,,0.371522519371795,0.3214285714285715,0,4
0.18061601440112515,-0.95253468105824635,-0.24506231191906649,0.98277728558983424,0.18467982539052544,0.0064937679664961896,0.039072525776178958,-0.24201455219674362,0.96948558228293402,10.21301814123456,-12.074207557482575,0.15763530379677554,,0.1143820450979514,0.3571428571428572,0,5
-0.62221975013151753,0.78107451434482611,-0.052585031969813262,-0.78023630035032665,-0.62422422050003035,-0.039691789538455029,-0.063827095828551658,0.016331735429040487,0.99782732787590511,-3.4582682184447915,-7.4284956727433986,-1.7981661378327642,,0.06828118003896584,0.202020202020202,0,5
-0.60051327590860037,-0.78095309984270178,-0.17174417400190567,0.79953722476141387,-0.58943288481551637,-0.11536507495284165,-0.011136951034194013,-0.20659411933579713,0.9783633467058791,-9.6127539024889952,-18.286008918412719,-2.4850561466340846,,0.2236621725909287,0.6071428571428571,0,3
0.18912772183589152,-0.97320886702415899,-0.13074863662279082,0.98099989609674831,0.193125453563461,-0.018486834344374148,0.043242440857732316,-0.12476802607824032,0.99124317449211463,-17.737149906405886,13.760795864044782,-4.300073143401753,,0.07014950310003562,0.1578947368421053,0,1
0.62420736268795363,-0.72882167583350599,-0.28139675407045867,0.77861072234661355,0.60996770178467452,0.14732530613037303,0.06426905486340212,-0.31106007074962755,0.94821470193843871,-18.438230569506668,11.103879571081197,-4.3301310352624247,,0.3578564433225691,0.1111111111111111,0,1
0.53483739914297046,-0.83957008083564622,-0.095241985718534053,0.8427452653990084,0.5381857195370392,-0.011685415437823487,0.061068601797797252,-0.074014935330823928,0.99538556108798137,5.7434175341915026,2.0947681723164751,-0.53582589048201412,0.4499495092697405,0.3861971078934018,0.9586614173228346,1,5
-0.28135294004141737,0.95716359124136097,0.068398704168944016,-0.95813474169204871,-0.27626422151298879,-0.075205695758584309,-0.053088039074361243,-0.086694518360519987,0.99481944120200794,-14.596588395754651,13.080182544149981,-3.8091074023837077,0.781837964366989,0.4958867536941971,0.3636363636363636,1,4
0.91394103093383683,-0.39186751766478795,-0.10560132847096136,0.39972667380201854,0.91417014581693945,0.067167929461979678,0.070216652061811796,-0.10359919447694474,0.99213750492406927,-18.956760743152866,9.3820864655720957,-4.3543465695744707,,0.2488270437810461,0.7931034482758621,0,2
-0.96062483591588421,-0.26435588188249409,-0.085532989750794472,0.27266327749077807,-0.95611387207465015,-0.10724271879436413,-0.053429034518393016,-0.12634172446404607,0.99054687265665697,-13.750885761284403,2.0396448724643386,-3.5399561284570216,,0.1006646739646527,0.3140495867768595,0,3
-0.97902045380669267,0.19495492314103274,-0.059258155313958442,-0.1919485393973451,-0.97998188816427867,-0.052832348927555617,-0.06837184545823688,-0.040349433862833642,0.99684362561817341,12.224483507511655,-6.1680017712760868,0.37408139345152513,0.1016818828795077,0.09854865759635099,0.5555555555555556,1,5
-0.9289423303869544,-0.3534439523623053,-0.11019763769594343,0.36671858398064133,-0.91930535419395987,-0.14281157485845114,-0.050829390892350772,-0.17307523880910869,0.98359612378896732,3.8111450755446121,10.658652395034679,-0.81541192038385835,,0.1429407234379513,0.1515151515151515,0,5
-0.0038641270440322004,0.99951800334974616,-0.030803076176311787,-0.99947625727964562,-0.0048499895297435796,-0.031995136127736315,-0.032129109176237347,0.030663310018611292,0.99901325404733388,4.7022516171441247,-6.8033514943763453,-0.63243201414354777,,0.07155879895359155,0.175,0,1
-0.67822742526852919,-0.72259607496430744,-0.1336505595192175,0.73470777588235503,-0.6703888685233631,-0.10384242397964934,-0.014561719391128556,-0.16862288517915713,0.98557307132562821,-6.4999080351651219,12.980050633863097,-2.3362638757781387,,0.08990154737737566,0.1875,0,5
0.89619842453386278,0.44127219831694048,-0.045904584254269729,-0.44161881283641574,0.89719826899485722,0.0028443385148741382,0.042440641041075471,0.017723236306248665,0.99894177952614205,-6.8230869070660836,-12.429864092378585,-2.0064434937821791,0.1647792155682561,0.1555375376538866,0.6,1,5
0.5447521709426898,0.83846651228529867,-0.014797973826032262,-0.8385682121050001,0.54479502856118767,-0.0013154854771893381,0.0069588720531800485,0.013125724023614962,0.99988963864448821,-1.1808269812660461,-9.6907596728081238,-1.241067469688212,0.2022624826939093,0.149763220127774,0.5619047619047619,1,5
0.59509056971740126,-0.77838739820039793,-0.1999506743080291,0.80069835432857694,0.59558992471933336,0.064457636850330555,0.068915594816624126,-0.19845830770122863,0.97768345638833243,-13.332726970740913,8.7837124762082972,-3.373167220001057,0.431167567879871,0.3163908661135219,0.2333333333333333,1,4
-0.9978983748408311,0.025533242338734198,-0.059555747209649082,-0.013129746339937015,-0.9797021907939848,-0.20002806581706323,-0.063454261094721368,-0.19882572994745409,0.97797846901646268,-2.0006962154182926,-18.578502663298973,-1.4022548187432993,,0.1658340505924737,0.25,0,1
-0.051143492782805014,0.99817250870564866,-0.03218673655786361,-0.99832542985781225,-0.05197052091730734,-0.025404744729998114,-0.027031079245709154,0.030833550231101754,0.99915895278727107,-17.159775277891587,8.444060652701614,-4.0137200693609687,,0.115152847141854,0.7391304347826086,0,2
-0.77108747112391152,-0.63269769003351783,-0.07153841556801889,0.63615767114328237,-0.77027687187272664,-0.044462997014632716,-0.026972751459339465,-0.079794571771634376,0.99644633422703444,9.2970917256761592,9.7300328131665257,0.074282728045547183,,0.07954798560149925,0.4444444444444444,0,5
0.62135391385463556,-0.77577327676838903,-0.10997789227641899,0.78062538193221109,0.62499685330062771,0.0017165219207359585,0.067404204770303178,-0.086918101776045656,0.99393255141530246,9.7308674286232133,12.112315914941316,-0.0032642384168326622,0.3705608877883168,0.3674682239924692,0.4328358208955224,1,5
0.45799112270185333,0.88694857319722065,0.059719008947832407,-0.88869907358538414,0.45844146846864847,0.0067362153164999689,-0.021402993593817681,-0.056157354742941042,0.99819249815529021,-10.910862445893917,-17.759226486945668,-2.6372509592057236,0.6191505648281008,0.5361795147089656,0.6981132075471698,1,5
0.5392542108042544,-0.82540346273789011,-0.16707489287795949,0.83801479729389017,0.5455642591322617,0.0095309324804822571,0.083283225480054845,-0.14515082796101267,0.98589813951334304,9.7505747882591223,27.509162186024007,-0.18849756665726444,,0.3953808466850361,0.2,0,4
0.19152960395122401,-0.96227536119676194,-0.19324217977431646,0.98035843963081803,0.19700310008677011,-0.0093331881386057251,0.047050405470259432,-0.18765902000661736,0.98110669733482125,-10.298872114634962,14.143384836053594,-3.1148642616762063,,0.4181359571265129,0.6170212765957447,0,5
0.40521909577595139,-0.90446078710001765,-0.13322225421053766,0.91228854266435844,0.4095131992971599,-0.0053436433962350642,0.059389387451477364,-0.11937178979902058,0.99107178168804544,-4.6620488409512166,-7.2336355827543475,-2.026863516227428,,0.06756095130933434,0.2424242424242424,0,5
0.84805504922812058,0.52990463479283645,0.0019265263455416053,-0.52913311013990372,0.84661255763058274,0.057143057459989863,0.028649349597540359,-0.049479847284259894,0.99836414172403221,-10.366277272173795,3.9732839774856958,-3.05257940262267,0.3754054109807786,0.3018131570478812,0.2,1,4
0.70516361461773258,-0.69715074439961,-0.12932562082714055,0.70597751496686145,0.70728232472356722,0.036707785207543794,0.065878865962238367,-0.11718597491465407,0.9909225107458367,-3.0585493898245164,-18.511987709402533,-1.5622467196302996,0.1950823987960056,0.1809847586563492,0.6212121212121212,1,5
0.94287795659735651,-0.3228365956537424,-0.082205179091691172,0.32436314418089346,0.94591619224159385,0.0055774503360213777,0.075958604910041805,-0.031923185333985436,0.99659981967600886,2.1595809158004857,-11.78085703179865,-0.87106476809422861,,0.1063811036058274,0.2666666666666667,1,5
-0.23095884961380653,-0.93433963306122036,-0.27141750104974915,0.97289403960845744,-0.21844088231546702,-0.07589972745390447,0.01162744509356135,-0.28159018275547859,0.95946431486341976,-14.799030121396404,10.877964027341214,-3.6637539427036732,,0.3384618663429353,0.3055555555555556,0,4
0.55786112218562267,-0.81434684515937694,-0.16009429762726984,0.82733337171040644,0.56092800924331976,0.029652327069183956,0.065654096658848041,-0.14899323550180849,0.98665624984926448,-33.031453444670568,-0.49204961616354798,-6.6189275735488993,,0.3411615448277631,0.4285714285714285,0,5
-0.99347255913209875,0.095011542976948624,-0.063127497595415916,-0.08465255244485928,-0.98501108788652447,-0.15029005990143632,-0.076460575567348088,-0.14396514662148752,0.98662445588084025,-12.852911930563105,10.060051490354994,-3.2455338646277063,,0.1130751960058977,0.2142857142857143,0,3
0.93377179616245221,0.35714401041432386,0.02276814697602669,-0.35497290992502883,0.91626107949664004,0.1856336914975569,0.045436394123060497,-0.1814215809236211,0.98235520259439169,16.127662493053748,6.5233470577762613,0.85409089243437819,,0.3482787209321032,0.2777777777777778,0,3
-0.8627053390833056,-0.49281398062827014,-0.11346311477515239,0.50424620258945463,-0.8553232485684914,-0.11898700614923968,-0.038409179778735709,-0.15986407024582908,0.98639151149691207,-14.421934993174654,-21.074235569811485,-3.0859337588883853,,0.3435749757832676,0.6086956521739131,0,1
0.87184003734855819,0.48839960551309275,-0.036888678625280349,-0.48746592526176113,0.87256678057333259,0.031688880519577842,0.047664672292578592,-0.0096456609179666666,0.99881682016308448,9.2009088374710419,20.45190048311699,-0.21225402525118997,,0.1717565889672495,0.3846153846153846,1,5
0.41382097574167614,-0.85793182128991818,-0.30447527002101793,0.90954562115805793,0.40377020066904629,0.098470239584765668,0.038457288885335859,-0.31768319922501848,0.94741670972267922,8.1203152354264869,10.711142406256769,-0.15699546773907716,,0.3173978470079853,0.4285714285714285,0,4
0.81816593619550571,0.5730293608706879,0.047348204078535884,-0.57402185546731732,0.80926803061666053,0.12483654940637536,0.03321762025176489,-0.12931591627468991,0.99104691286681601,22.067094496764113,14.219198088927179,1.6063347490510818,,0.3179729292110663,0.25,0,4
0.99861919564966872,-0.012179589718101295,-0.051101464502565974,0.019377616220617382,0.98955860139359408,0.14282255563306578,0.048828373612222177,-0.14361557019436441,0.98842822598716396,-16.120272474251319,11.808232623619148,-3.9637128792186616,,0.3999486803766978,0.3333333333333333,0,3
0.53422913339813793,-0.83950203893936537,-0.099174390067817308,0.84279185773713983,0.53804265741785295,-0.014559647341776229,0.065582906009542405,-0.075805180663223851,0.99496354557539446,-19.316929112041198,-7.4342891161603744,-4.2187505979169986,,0.3392405961102415,0.8909090909090909,1,5
-0.70357288685922359,0.71062085845884393,0.001785609082674944,-0.69743294424170188,-0.69002952697240705,-0.19351108545142812,-0.13628089067412055,-0.13739449563011763,0.9810964638645967,-1.4872709874571879,-12.517044291512338,-1.3083358787429822,,0.3583020075470265,0.25,0,4
0.36668058942662901,-0.90705502273374949,-0.20687322463580812,0.92985385055665914,0.36454934414963303,0.049755324187739293,0.030284681650868617,-0.21060617610495211,0.97710177394361297,2.5756100254022418,22.434446660096956,-1.1124411094440292,,0.3588632133964665,0.5,0,2
0.8930856229796893,-0.43701900827460638,-0.10682909918958854,0.44490388764426902,0.89317655555734921,0.065545185648711618,0.066772754818076249,-0.10606614450138224,0.99211459630660381,-23.76597513241699,-3.0201397127733025,-5.0819547033922188,0.3408817988183634,0.3715153983837081,0.7217391304347827,1,7
-0.43993054653964325,0.89779493209552985,-0.020624599994013483,-0.8962601193350892,-0.44038874215755497,-0.052683529402817897,-0.056381847351622084,-0.0046920874319459818,0.9983982530056571,24.097908357849523,8.2585998720197065,1.7597682497432143,,0.08974277815573797,0.3333333333333333,0,1
0.99266612652589337,0.11063299338873779,-0.048726810093894339,-0.10531917841312043,0.98932909434493765,0.10067677855896384,0.05934502427722356,-0.094806560197450596,0.99372525591184524,-10.43805546159637,-4.523486951121316,-2.9271975240671346,,0.8893719461751649,0.5,0,1
0.99482611662896514,-0.075739624172926054,-0.067708987609304008,0.077109329075447722,0.99686291051943154,0.017846260119766814,0.066144909422171522,-0.022974920258229212,0.99754548968789425,-5.6156473384106942,-12.237057446487169,-1.7851400357936409,0.3135405543156313,0.1046913161792591,0.4444444444444444,1,5
0.50823331647037706,0.86120926417613552,0.0041832196595801285,-0.86120065317549599,0.50818417433129215,0.0090708284804438735,0.0056860354923608568,-0.0082126887449568663,0.9999501091274291,-23.21237604989091,-3.6450694624111151,-4.972928913782467,,0.09101070802597895,0.2926829268292683,0,2
0.97822441433017204,0.20734484791683874,-0.0092254675076453973,-0.20639240398531383,0.97649507492856014,0.06212523011972565,0.02188996997610234,-0.058868350432204425,0.99802572438381376,-5.9827051570057392,18.036891595760924,-2.3253095898925884,,0.2510286832497665,0.4722222222222222,0,4
-0.30312117877630468,-0.93756472428366877,-0.17055772851487019,0.95294048161168721,-0.29734235923078295,-0.059092807622908632,0.0046892945044653168,-0.18044364545741323,0.98357414633117002,-15.114167125048741,0.70568057071923895,-3.7562474734187239,0.3464218363054232,0.324145809837775,0.8518518518518519,1,5
0.70889941540407464,-0.66666125304695822,-0.23027025975062806,0.70210306396846034,0.6981042581600817,0.14036285942108537,0.067178169116626676,-0.26117660389978076,0.96295060889409878,1.133430982719035,13.704596211159107,-1.2620665287192316,,0.5886556823784012,0.5,0,1
0.81572600988934707,-0.56970125612234968,-0.10015765353991592,0.57827266830451451,0.80731993244899181,0.11762333000953704,0.013849111234367509,-0.15386684322222383,0.98799453271505777,-1.9617543377735736,17.132659786864135,-1.7895887057455002,,0.2063925385394709,0.3333333333333333,0,3
-0.82817386699913742,-0.55165631011112437,-0.099011926222425578,0.56045647784783437,-0.81641055390736161,-0.13914863961633286,-0.0040721564429565017,-0.17073114239427797,0.98530923803577997,26.667670730461026,-0.31814177492485107,2.0046918446905035,,0.2917571579250121,0.4545454545454545,0,4
-0.44715909965111911,-0.88581416124690993,-0.12402423687986855,0.89421718488957569,-0.43952870614307249,-0.084794709294619131,0.020600141925797993,-0.14882132982415422,0.98864950611529001,-5.28055003169976,19.278787956782839,-2.2417251533374452,,0.4982071774789863,0.4090909090909091,0,3
0.18133777419109176,-0.9697198081782068,-0.16358516215795157,0.98184946020743824,0.18792550144728293,-0.025605534482804327,0.055572017614833574,-0.15597275253264598,0.98619686235842741,0.33814480218707732,19.626384355632574,-1.3947755740987913,0.1874257567098682,0.1614911637228581,0.2666666666666667,1,3
0.98956332584036566,0.13445350624147728,-0.051833182529433655,-0.13140090626951065,0.98960797691438074,0.058393953959118859,0.059145802753093564,-0.050973588129554201,0.99694707348479261,11.321075951933228,10.587009696662593,0.33482700286882211,0.8209618967690379,0.7116984889036564,0.4189189189189189,1,2
0.99790990739038055,-0.0096040120415044374,-0.063902892617074242,0.012347036897711871,0.99901294938035812,0.042669399459156564,0.063430019801110168,-0.043369227835703579,0.99704350088898619,-7.1314145285795689,2.0112934298571341,-2.4244221162216153,,0.8888782473866039,0.3639733135656041,0,1
-0.99061591735008359,0.13405427677793313,-0.026637476798642128,-0.11946930986746282,-0.94396985851317683,-0.30764913492224444,-0.066386657488120518,-0.30157976904321443,0.95112693927330039,14.17248926577494,-2.4816391663122448,0.63061109275578187,,0.6755892345926007,0.1318681318681319,0,1
0.94881915804333539,0.31575149751047615,-0.006572453866499183,-0.31195867540589278,0.9402601584529271,0.13635475519789259,0.049234034660348064,-0.12732567001971018,0.99063827080579459,6.5460508072469965,-10.941435585316894,-0.31847168130323283,,0.7322055520095194,0.2330827067669173,0,3
0.35370370464075646,0.93503866407181224,-0.024421015830743072,-0.93532802739135601,0.35336465157297786,-0.017172774816633221,-0.0074276846728620642,0.028915734635466709,0.9995542555513891,-10.22221594761138,6.1491699629593173,-2.9373191877533666,,0.07876646306961813,0.1746031746031746,0,2
-0.94830549435347633,-0.28490356876251505,-0.1398093197372493,0.31341151778482151,-0.91000306305147871,-0.27141784347522485,-0.049898996972123209,-0.30120488333244222,0.9522529644783817,2.7763920136844851,16.806439054979911,-1.0693436826509775,,0.09872633707374141,0.2666666666666667,0,3
-0.67395022431057239,-0.73338805872271551,-0.089067673567107,0.73872653922875864,-0.67039456682657617,-0.069672268575879409,-0.008613674641599723,-0.11275229528632606,0.99358579122128876,-2.506284810066747,-21.506110558722693,-1.3987805455609734,0.2903218115632237,0.1380519783426433,0.6129032258064516,1,4
-0.8436685808164075,-0.53069646018867977,-0.081145504412975258,0.53560119953082197,-0.84237595397163922,-0.059448357685622434,-0.036805988702599553,-0.093616341060618308,0.99492778626493683,8.5859192588446387,14.101022837672264,-0.23829078664242498,,0.07813149655711085,0.5,0,4
0.92774136471126845,0.37288329583611779,-0.01593762498199524,-0.36881211295333288,0.92248521576386355,0.11401163114347471,0.05721525620471006,-0.099895317124937502,0.99335156922105716,-16.209539472306794,9.1631038235342945,-3.8416480749087678,,0.3082521440848717,0.3636363636363636,0,2
-0.67454089404521878,0.73209177911945467,0.095058977516008225,-0.73449909451704287,-0.65259592622456419,-0.18609040068941674,-0.074200151039747961,-0.195346318165496,0.9779233883923949,-14.602717360109224,11.910618537348345,-3.7140522007474637,,0.2730102724969983,0.2,0,2
0.99883054116717984,-0.026940972758472584,-0.040146407292647505,0.030712163437935102,0.99485995095893942,0.096490626461535459,0.037340501451392734,-0.097610767668353193,0.99452391876040569,-10.229372556468322,8.8419444584281894,-2.8733922421174563,,0.1621211507586073,0.4893617021276596,0,5
0.99636976140056865,0.069883554725325897,-0.048616739355154745,-0.059335420235390623,0.97958865776608006,0.19205564162903577,0.06104593739196968,-0.18847373916544277,0.98017908729626191,-8.0746678332711479,-13.208790307131766,-2.1697730682550898,,0.4827891958965466,0.4523809523809524,0,1
-0.1231595003040593,-0.98291233385227184,-0.13680307542572318,0.99214392110728311,-0.11890353917959358,-0.038889435331898418,0.021958535805501885,-0.14051794309499593,0.98983459748264579,-1.9610779030078798,3.7431816058883776,-1.6531895448197726,0.4058935652701082,0.1867288868597503,0.36,1,3
-0.99889421642911669,-0.0018179684851413406,-0.046979137657565583,0.011636611856473807,-0.97772047066530943,-0.20958833580738159,-0.04555143959265439,-0.20990325445926991,0.97666047842555992,2.8262531553522008,-2.9826301667261954,-0.89971660333489345,,0.3579521165538138,0.2608695652173913,0,2
-0.48977185603672724,0.86832005080878361,0.07838251334176366,-0.87184688310767799,-0.48752267458473503,-0.046953745124052891,-0.00255762580673002,-0.09133417284444538,0.99581701502889286,1.7083735698505675,-9.2286477963724529,-0.89118037972948094,,0.4328520246903749,0.2545454545454545,0,2
0.9812365898068548,-0.16975854828762713,-0.091415480677469782,0.18051543531491948,0.97543852335509806,0.12622941324387305,0.067741659540348761,-0.14036282427375404,0.98778000846575931,10.77770120828446,11.645588818948927,0.19617190126070325,,0.96049267397912,0.7592592592592593,0,1
