axis_00,axis_01,axis_02,axis_10,axis_11,axis_12,axis_20,axis_21,axis_22,location_x,location_y,location_z,dbh,dbh_approximation,score,reconstructed,number_clusters
0.65261108359184161,-0.72244318357884474,-0.22841764396286399,0.75690264534639007,0.60783442009035971,0.24007437018776798,-0.034599986137563495,-0.32956511383014975,0.94349863630288344,-29.804248723815562,-8.6443756556337394,-1.1390906669904917,,0.4231864856972182,0.2380952380952381,0,1
0.10593022624580377,-0.99311026541926506,-0.050107762735815034,0.99351922609516574,0.1036163323148955,0.046724758499876867,-0.041210854720273658,-0.054732589893819662,0.99765024385139045,7.5238432540079589,12.440515340877418,-1.4036265675296902,0.6768527226935656,0.3953262954430213,0.9135802469135802,1,5
0.60458539772045172,0.7961778457366756,0.02402779268489905,-0.79604653173088347,0.60287363803672711,0.053416251081413395,0.028043112923391757,-0.051421926436754438,0.99828321096725769,0.45522348455849776,-5.2351727951319722,-1.3741501052684562,0.2028653791556473,0.1805574690189079,0.7884615384615384,1,6
0.66012400790172965,-0.74815178800936832,-0.067120759010461606,0.75106122062215153,0.6559755844120414,0.074853694183009786,-0.011972346024057908,-0.099824519801821429,0.99493302698071806,6.9557462264842362,-7.1641017637514022,-1.3901650202853411,1.016113204847272,0.6673059723125458,0.5882352941176471,1,3
-0.99517823115772797,-0.097988854541099624,-0.004297978071198999,0.09736917302428004,-0.981708572377886,-0.16360783313870614,0.011812382246824944,-0.16323744455699535,0.98651609430366538,27.254963028386939,-0.33460677593989685,-1.3775320495419716,,0.4478341606300468,0.2,0,4
0.84672695766940931,0.53083647110027932,0.035582300455529278,-0.53162080237646459,0.84156984735111817,0.095600808103379786,0.020803404445171713,-0.099864072514680727,0.9947835872109434,11.75398118903345,8.7810398278657864,-1.4107394668410318,,0.1089053507691647,0.2083333333333333,1,5
0.74279894561479143,-0.66519586371379436,-0.075922258209380422,0.66895607056123063,0.73276114523072267,0.1247352384029351,-0.027340483770978242,-0.14344185908659216,0.98928101720843209,-18.374516262464152,9.4204306766250099,-1.3186822751164675,0.2186041967192583,0.1811988568169833,0.4523809523809524,1,3
0.11374782272339182,-0.95544409193104585,-0.27237477860431136,0.99267191267787669,0.09804134278457971,0.070642543027864504,-0.040791011339938531,-0.27841422790341797,0.95959450347259145,0.11604955766975303,-10.287203485561959,-1.4885571060956371,,0.1218362613169444,0.1388888888888889,0,5
-0.23322774811879327,-0.96957002654704527,-0.074422987906949484,0.97139663849542457,-0.23581238663053194,0.027947970076586351,-0.044647376487604848,-0.065775998154142729,0.99683505648607673,-34.779601647989097,0.30422035769711092,-1.4210793315119565,,0.1514720731368348,0.3333333333333333,0,5
-0.79210797497925978,-0.60674195420541155,-0.066551911927853896,0.60962887180564274,-0.79182634814911013,-0.036927943861284888,-0.030291824560990048,-0.069822885817196284,0.99709937818701078,0.25684121440854346,7.6508473053010828,-1.3752668151734266,,0.0861507583358712,0.288135593220339,0,8
0.99245867844028068,-0.10947992326268532,-0.055135451308263236,0.11983621491574271,0.96118774587679645,0.24851035948416633,0.025788625074580528,-0.25324348674482855,0.96705877961894482,1.8180239822833182,14.92490648400719,-1.4064619212620595,,0.3510011625692903,0.3333333333333333,0,4
0.85803968352593885,-0.51279100876171457,-0.0285181140303798,0.5130398538745955,0.85325517480990598,0.093518527557117107,-0.023622231711683747,-0.094873536843845654,0.99520902436407754,-7.8238932652168653,5.7973444781763197,-1.3034055917907759,,0.07701185354764895,0.1944444444444444,0,5
0.75894278856230801,-0.63125942730339013,-0.15974160112463506,0.65114271898169196,0.73737706552545301,0.17968923939457146,0.0043592667268218411,-0.24038843291154013,0.97066698620893499,-14.517227624593223,18.651518619794256,-1.357981931838911,,0.4702867763285181,0.53125,0,3
0.86142794271639822,-0.50247899657080808,-0.073869868773316749,0.50772408653741852,0.85560766180326808,0.100756047030879,0.012575828288334557,-0.12429958595561796,0.99216503741772921,7.0936548753847433,18.861422878180523,-1.4395869108843695,,0.1640703118656224,0.2727272727272727,0,2
-0.22466215318566066,-0.9514927832040363,-0.21021037185785735,0.97366217243933539,-0.22779747300177153,-0.0095018553304213882,-0.038844444734037843,-0.20680859461019316,0.97761000112962237,12.075015861943275,12.549349061841797,-1.4268439196067493,,0.4511787894446548,0.3214285714285715,0,2
-0.89284483920035229,-0.44029552641911623,-0.094699221372775338,0.45027471171818911,-0.87690578283353204,-0.16819313904024738,-0.0089876081578102191,-0.19281104078455552,0.98119474389703998,-2.1994237299367509,11.943948419793248,-1.4046577706149543,,0.2793226351432906,0.3809523809523809,0,5
0.91211036388977351,0.40955495399568531,0.017872429674102665,-0.40975296121195431,0.90948346836269633,0.070301717994617083,0.012537737551031795,-0.071446206565162443,0.99736565245879039,-5.1039463637416143,-3.9007271593794552,-1.3931963154316875,,0.08571260036494815,0.4027777777777778,0,5
-0.028675845510722966,0.95785335926039272,0.2858227388396965,-0.9987400381185173,-0.03923592348199581,0.031287035134978373,0.041182910815865809,-0.28456543089787839,0.95777162381991499,-2.7450111298495301,-6.1288799687359097,-1.4913526168836924,0.4750090867138118,0.3023765403732547,0.2146892655367232,1,2
-0.88189510012695715,0.46760243875137053,0.060074883652269387,-0.4709282146527497,-0.87971450797360429,-0.065795144993628846,0.022082776456706844,-0.086315373685858857,0.9960230957409737,20.536659935751906,0.3924033953195234,-1.3736876720762348,0.1157204630891793,0.09319794124610244,0.3181818181818182,1,5
-0.98339192945318243,0.18071565875412324,0.016797731019736448,-0.18109502044984352,-0.98315352198326222,-0.024773893117150361,0.012037717998811318,-0.027404431995071518,0.99955194484949617,6.9007722881773885,8.0460730457817604,-1.4230892449590526,,0.07513370528894701,0.1785714285714286,0,3
-0.98066948576369295,0.19227328026055371,0.036309026285783724,-0.19503954575314436,-0.97542761820182866,-0.10247212909624105,0.015714174632552393,-0.10757298613943965,0.9940729939841757,32.987753609979642,1.92900331014274,-1.3847428940050219,,0.4527747215147361,0.2142857142857143,0,5
-0.9997349961018196,-0.022640462505843589,0.0041649762084445966,0.022683289693454907,-0.99968713813872223,0.010540123751442889,0.0039250398696343515,0.010631805939463961,0.99993577731996786,12.526420275213532,-3.1112729973448316,-1.4036639176505756,,0.08108776070757621,0.2142857142857143,0,5
0.073235602217343307,-0.99611377291776537,-0.048927476650612312,0.99629977296311667,0.07086029575657686,0.048637237575053109,-0.044981206759098502,-0.052308411262660268,0.99761742223643568,-2.5700965300339624,-19.356672047517389,-1.2543232203853725,0.2091577500658026,0.1148398185480557,0.4615384615384616,1,5
0.71254877340293876,-0.66543713396299708,-0.22241327807727479,0.70082671798456664,0.65993883599688297,0.27078154313405528,-0.03340893414863564,-0.34881822413141139,0.93659473073088584,3.1562414702152219,-8.8747611910638895,-1.5096282003087094,,0.4274301281249578,0.1923076923076923,0,2
0.99910093811548095,-0.038047415711970234,0.018700524442014994,0.03174627914052161,0.96378322115452753,0.26479062744314757,-0.028097850762967065,-0.26395889221362512,0.96412458427521586,-28.689596003821485,-1.1734962441255608,-1.4127629767490073,,0.257120028312613,0.4186046511627907,0,5
-0.98166506907732942,0.19006658759403763,0.014435526791893387,-0.19008756954152678,-0.98176713584292963,-8.2973285576602127e-05,0.014156555343610039,-0.0028254661790397318,0.99989579891190372,2.1983869991731799,10.875499680497514,-1.4216211244015013,0.3354803158645362,0.09054862332470831,0.3157894736842105,1,5
0.52117375288360779,-0.85148274040497507,-0.057922897869928804,0.85279764957886406,0.51691991635617829,0.074363760979981083,-0.033377959464023783,-0.088152951548748193,0.99554757242196268,-13.77527621542627,21.762984299859571,-1.3501607384557064,0.3511741587810247,0.2511794608204568,0.7619047619047619,1,5
-0.25711957135714125,0.94904120110390866,0.18223700127133999,-0.96550766174517355,-0.2602875290731147,-0.0067347843603399694,0.041042430928098256,-0.17768286584885709,0.98323156888255447,-7.6725453146861495,-10.331871718758549,-1.3729498174229731,,0.4198077896280765,0.456140350877193,0,1
-0.99946884175603012,-0.018092149940756978,-0.027105506255789533,0.019813930059452554,-0.99771054206173659,-0.064661290077429379,-0.025873587583877904,-0.065164011305317196,0.99753907647577489,-20.310827870149932,-5.9996903573491007,-1.3098917396271494,,0.2249860301351327,0.4117647058823529,0,5
-0.81402191328078766,0.5497946869187067,0.18733426524436519,-0.5801488351541797,-0.78527486661044676,-0.21626537619136588,0.028207335356846691,-0.28472651106966773,0.95819369655939624,-16.33875741710299,-14.980562868784116,-1.1635858849358995,,0.1734677584921017,0.5555555555555556,0,1
0.036818659399255327,-0.99679272826997478,-0.071053804881531402,0.99832948481102102,0.033520913793140858,0.04705941027505129,-0.044526689490735981,-0.072667772819688961,0.99636176598483683,1.8276917429767501,8.017452834606571,-1.3940404888906806,0.5784294553888514,0.6442877857829321,0.7976539589442815,1,4
-0.242647264953231,-0.95910351968335616,-0.14574890511326549,0.96900879366302561,-0.24679101479638632,0.010777421746377048,-0.046306183328427147,-0.13861685881150621,0.98926290936170569,-4.1093082692123684,1.5574976636390419,-1.368945926610158,0.3572017495413791,0.1747823144054287,0.256198347107438,1,5
0.88885262943022925,0.45384779051866042,0.062953841791414819,-0.4580096278606991,0.87618140725857085,0.15011103344290191,0.012968575167398522,-0.16226005243349959,0.98666280534051076,9.5333238420782447,7.151055223029152,-1.4320484503611965,0.9462504566742224,0.903259831254949,0.7333333333333333,1,3
0.80283951174105161,0.59442382406304106,0.045924239500078068,-0.59590083062369292,0.79763864804551732,0.093138537706540334,0.018732817443800627,-0.1021415906004523,0.99459347324433356,-6.3042828435771066,18.109603208924096,-1.3943239143924502,,0.07484773687380829,0.2941176470588235,0,4
0.33492598254550449,-0.94046027645505736,-0.057957351785651159,0.9411992998727744,0.33102468333115054,0.067576156627257772,-0.044367376921883812,-0.077182429578168149,0.99602932106915576,-8.5049104506590982,5.1965276506888385,-1.2991676291966652,0.2523024697298851,0.2053773174958512,0.5266106442577031,1,5
-0.72783064044460999,0.68550689752963212,0.018516270393584743,-0.68498558385262276,-0.7280272143931944,0.027769137850660042,0.032516284290671299,0.0075278511001178839,0.99944285615223849,-9.7666612567162705,1.5032149807761419,-1.3971678317801437,,0.074635902507546,0.5194444444444445,0,5
-0.81305454590281934,0.57902402681141196,0.06060925475419892,-0.58144687606680412,-0.81285743736939131,-0.034384834235793554,0.029357038319914625,-0.063197807623092822,0.99756914618121584,-4.9610580947716061,15.259457982039155,-1.3726271801713905,,0.1827595449380793,0.303030303030303,0,5
-0.54726788927932268,0.8317396890601455,0.093311022960249554,-0.83695114104537882,-0.54428655283117833,-0.057139617692043197,0.0032626471759895481,-0.10936744510724423,0.9939960347426543,-7.2444790497629974,1.3569705475581155,-1.3959888760325061,0.4778567307488542,0.5875940114056488,0.7852474323062558,1,4
-0.36743706418671807,-0.92720537779168011,-0.072664924523686891,0.93001517276126366,-0.3669610919575611,-0.020281405847516629,-0.0078601714792328591,-0.07503162255677169,0.9971501759117406,5.4045830063729694,1.511379660838776,-1.4241568109307452,0.5994103984302084,0.4358556631266642,0.8650793650793651,1,5
0.036178202080815076,0.9868586647367027,0.15748369289641173,-0.99046079261556186,0.014441951649382638,0.13703593807432315,0.13296073099059186,-0.16093913715019265,0.97796729911986258,4.509965060827823,17.735699338691951,-1.4067350982810083,,0.3889163976163285,0.5666666666666667,0,4
0.32729161522944095,-0.94396471364926127,-0.042553707072017562,0.94419380298173361,0.32493778127649708,0.053976853465149494,-0.037124937863846616,-0.057845118066910575,0.99763504414411519,-12.656538504772827,-4.1931535662485091,-1.3830433527335892,,0.1118967569136524,0.6904761904761905,0,5
-0.9379085869715208,0.34055323302403717,0.06596194328522062,-0.34551575532965068,-0.93403098509385751,-0.09058135406131361,0.030762725888124409,-0.10774792045081814,0.99370218895525142,6.5918331441995894,-19.212086047282135,-1.3149655811982959,,0.1959338976568228,0.35,0,5
-0.94453664171421448,-0.32750446186957238,-0.024317892892981415,0.32829842114625407,-0.94353047975658055,-0.044388967584228188,-0.008407088206365352,-0.049910532213537535,0.99871830845441678,-11.239385420750915,-9.3188349683087903,-1.3538232869831011,,0.1287412028828338,0.1724137931034483,0,1
-0.69195243747251745,0.71489514521913777,0.10063178234508563,-0.72117266522322776,-0.6909039732472988,-0.050613107846895745,0.033343833172978614,-0.10759475402268806,0.99363552558074786,-22.046705035387884,-7.2797469913512538,-1.2554473129825638,,0.3439529982408358,0.7333333333333333,0,1
0.93554611546905075,-0.35300606800784662,-0.011839838698590345,0.35243318941767443,0.93076411475611609,0.097308836593339665,-0.023330512803084267,-0.095209656190446565,0.99518380640987214,9.4626958164939943,4.013957002518536,-1.3723211693666515,0.7590580037934352,0.8128199664989184,0.4274193548387097,1,4
-0.73384958213898699,-0.67926954682842322,-0.0075943101032092146,0.67891344446423763,-0.73375609310830281,0.026048622845477532,-0.023266407546935729,0.013959891759950428,0.99963183007640954,5.5336739017960772,-3.2617133980421245,-1.3289628485546272,0.2434224430231363,0.2043030333163193,0.8606060606060606,1,5
-0.99363932490154938,0.11109184546374393,0.01842535971571219,-0.11216902836629772,-0.99087150910040445,-0.074778081871956767,0.0099499288718309237,-0.076369197485294818,0.99702996173179192,-37.827608532160809,-5.4543158564793739,-1.14284789333707,,0.1383155618463603,0.2727272727272727,0,1
-0.82845843816204112,0.55938720658545171,0.027250125626063562,-0.55916390564167551,-0.82890397997943188,0.015934823557396824,0.031501474023587862,-0.0020359476375473289,0.99950163184036789,3.935012440200659,7.2146718053660548,-1.3927134259394842,,0.06700968762742539,0.282051282051282,0,3
0.085496836152921932,-0.98836063565896992,-0.12583141454992786,0.99527184199837393,0.078879234170420129,0.056674746950038345,-0.046089603307072249,-0.13008197529436349,0.99043143537072376,-14.823096834312881,9.4155920770867283,-1.299312237164197,,0.1599762051631741,0.3,0,3
0.39078452228671295,0.91350476811198333,0.1131215973093376,-0.91979683427830483,0.38279207124400938,0.086278698670816001,0.035513952085815419,-0.13776526713722809,0.98982801050377134,2.7048014897859853,-3.4093909716380435,-1.3396265216912475,,0.08210827490130966,0.1864406779661017,0,5
-0.35259927745730368,-0.92344440255470595,-0.15140734766505676,0.93543265459535374,-0.35219870423219701,-0.030361512706873026,-0.025288302696611354,-0.15233682459452005,0.98800505748664114,-14.04402482844206,14.825953787315399,-1.4073834061423403,,0.2192699565532557,0.1304347826086956,0,3
-0.96030159624993316,-0.27895298441637512,-0.0024651014233083471,0.27886568771742459,-0.96016054642939475,0.018045866404632266,-0.0074008414195589952,0.016642042110377338,0.99983412123245641,-2.6875910473535378,21.033015933686524,-1.3853601870706567,0.1889325245563582,0.1491713390512036,0.8611111111111112,1,5
-0.21638567967674338,0.97613742138425397,0.018247525972956764,-0.97540260066346363,-0.21695198316822373,0.039007737928877122,0.042035749663673509,-0.0093579684053037588,0.99907228175820151,-0.79711747280719569,3.8353723365940104,-1.4168231610030599,0.2933067562064235,0.2527750517183912,0.9234608985024958,1,5
0.10972693359253202,0.99151951335960631,0.069635153992144427,-0.99309429045861941,0.10643546188079203,0.049347975771196102,0.041517831143644025,-0.074569075905177279,0.99635120445341774,-17.07830981159217,13.006856543319937,-1.3511482102011021,0.8306981855555409,0.7400810196284434,0.6538461538461539,1,3
-0.99273658876760151,0.11965877307732459,0.012483723310575054,-0.11958307242430952,-0.99280195103939994,0.0066464127108965161,0.01318916644932638,0.0051052950933835172,0.99989998592378282,1.4750977704859707,-19.88472859404186,-1.2620906803695444,0.4151769751272769,0.3534279187132779,0.9166666666666666,1,5
0.13388380686659315,-0.99081785605410899,-0.018844160454819396,0.9902437533155054,0.13301657352018065,0.041519877029812594,-0.038632049887744616,-0.024219151374244109,0.99895995787027503,-11.483872867409861,16.00956567013797,-1.3675310663126186,0.2538779477706399,0.2660967234288261,0.8295454545454546,1,5
-0.89848805572919177,0.43100466114310437,0.083391820851291876,-0.43703306224942379,-0.89613268099623467,-0.077125356086001406,0.041488748027237607,-0.10574119407032841,0.99352779712684092,-5.0788731900803112,7.897371711729865,-1.3324900176126568,0.4117178182269615,0.5077006517979825,0.7046413502109705,1,5
-0.98800500589149365,0.15375789261312037,0.014304502526175945,-0.15414451200539958,-0.97644085055076013,-0.15100574424281288,-0.0092508243938860188,-0.1513993917916471,0.98842938362492694,-1.6388658098773836,-4.0628575800436515,-1.3440268341130996,,0.1488477804049588,0.2658227848101266,0,5
0.969447033990672,-0.24095249148488226,-0.045982008806875967,0.24486854230042435,0.93946227345686317,0.23968736667360471,-0.014554905645634433,-0.24362375417534582,0.96976059990244856,-3.9879247534095654,8.6592304641507205,-1.3515202948078013,,0.290749643887473,0.3043478260869565,0,4
-0.68870620426110551,-0.72332881331192189,-0.04979148566799263,0.72437229588292085,-0.68939477007452654,-0.0044303443654452324,-0.031121394081334221,-0.039118778440240719,0.99874980851251083,7.3839781098905553,1.3615466089128754,-1.4353207248280995,,0.08381251332763751,0.34,0,5
-0.97667465373363993,-0.21325919496831444,-0.025042693859499813,0.21468485029456708,-0.97207220034117559,-0.094794790879377838,-0.0041274457323485858,-0.097959956540068574,0.99518179801802764,-0.1918279562419383,-25.740980476188462,-1.0881912760573902,0.2634606861955271,0.2097086392309797,0.2222222222222222,1,5
0.99835908860149802,0.05543359665269517,-0.014361287161370695,-0.052922155284288806,0.98896918938437761,0.13834445391294856,0.021871801179844819,-0.13735741265236698,0.99028004397877056,25.662601642963125,6.0520205002539607,-1.4031882710859558,,0.1914721680412597,0.48,0,5
-0.13243160897579689,-0.98415361938085444,-0.11791319859814836,0.99040910246642688,-0.13611499952869888,0.023717433565850134,-0.039391353057870719,-0.11364136730463549,0.99274063125340251,-17.246957473159281,1.9840638116396949,-1.464641275940656,0.5428127615270988,0.736628380036405,0.9651162790697675,1,4
-0.50799832550346802,0.85173551059345742,0.12839128194614569,-0.86110131815222546,-0.5058126155178857,-0.05155693803413626,0.021029055189733973,-0.13674874031250736,0.99038253259070042,-31.721343859663712,0.60734997869470642,-1.4603921375700988,,0.2321123944581917,0.1153846153846154,0,3
-0.91255314501249529,-0.40517722029060921,-0.055481327357757883,0.40844949824481036,-0.89622773693170665,-0.17304580589495661,0.020390314155656317,-0.18057481472189668,0.98334987231238646,-31.454912756470303,-5.3948187420982654,-1.2279656629791622,,0.4733163322304901,0.28,0,3
-0.28897594938787502,-0.95711369416516556,-0.020646479527673206,0.95649091180028212,-0.28955976866060112,0.035780944882515146,-0.040224822172913122,-0.0094083375114699507,0.99914635908180593,-13.361071034985555,10.999732796037621,-1.3500745349988976,0.1366193017785277,0.230705350193438,0.8130841121495327,1,3
-0.8012953757566259,0.56684901455778292,0.19133195103253742,-0.59655300374310061,-0.78123986637321441,-0.18381725956570641,0.045279515414053048,-0.26143157017474389,0.96415937458484335,-15.430860305819179,16.77923110614724,-1.370334912108411,,0.4076708009531906,0.1428571428571428,0,3
-0.46768530111704815,-0.87472240829062942,-0.1270085333877112,0.88212034871360534,-0.47100365029790037,-0.0043876863426183963,-0.055983475280155674,-0.11408886816992604,0.99189191984573688,11.284168858944632,1.7075575676401997,-1.4123799542347057,0.760420798249824,0.6595494338905343,0.903448275862069,1,2
0.82520890995267226,0.5597642780190385,0.075459976070411813,-0.56464126024931527,0.81410980876464345,0.13566674794238051,0.014508692525089975,-0.1545612251731362,0.98787667525566769,-32.938720788371235,-6.9168104285362872,-1.1617258821502796,,0.2509855175536873,0.8461538461538461,0,2
-0.67483060536921879,0.73624504749494213,0.050466663216264536,-0.73717360710956503,-0.67570331773444159,0.00031525186948213555,0.034332594397836404,-0.036989950551990919,0.9987256963351222,-2.3629343805876517,14.707410702904316,-1.3794818918248766,,0.0809564195725016,0.2727272727272727,0,3
-0.61267361823743338,0.78829038515210503,0.056826984722031432,-0.79020430660982377,-0.61229866588672988,-0.025835974311398276,0.014428836790953399,-0.060733947921053633,0.99804969627708584,-17.793687953039253,15.813525431122216,-1.3840619305979049,,0.190487564586624,0.25,0,3
0.15223380170114834,0.9868930947118888,0.053543339731529374,-0.98784642106628306,0.15021391920553065,0.039940291228917471,0.031373842706174257,-0.058972858900556549,0.99776644757525457,8.6884392290832775,-9.8112445920684817,-1.4582543549277966,0.2390774679518958,0.2813152039257024,0.847457627118644,1,5
-0.90606985150028496,0.42142720029459679,0.037901702522571273,-0.4225835124747373,-0.90580931715733659,-0.030539416095829042,0.021461574657173806,-0.043687478787614004,0.99881470003720763,11.39905318831571,-3.5376072771666793,-1.3768482194679803,,0.0957667847478403,0.5882352941176471,0,5
0.66437526109507283,-0.74670227741459416,-0.032267961644822915,0.7464751892998569,0.66078909589021118,0.078310679427140067,-0.037152445472627159,-0.076114910868078436,0.99640665199452971,-14.025075443654945,4.662294327895288,-1.4111783716280595,,0.06615298475971583,0.2857142857142857,0,2
-0.39381151504880657,0.9075878458284935,0.14559118352206821,-0.91707878979962187,-0.3986786866394344,0.0046688455870623514,0.062281489341726837,-0.13167994123574309,0.98933382089238531,-13.240070499387135,15.851750343940761,-1.3894383628940001,,0.2916040822965155,0.6,0,5
-0.72995385976065641,-0.68151507539757006,-0.052005428816261585,0.68310862700725949,-0.72998759680822956,-0.021925150270918618,-0.023020997562576091,-0.051529705141689669,0.9984060913071563,-7.6318743510749902,17.814073531257783,-1.3834740308659976,,0.1889962688286826,0.36,0,5
0.2758808351022442,0.95825712640781058,0.07505361091868043,-0.96061760978931898,0.27217551637619147,0.055984784075755266,0.033220063003305413,-0.087542949310598556,0.995606679085701,19.857010555618416,4.4224529667016652,-1.4243551425562506,,0.2297822764342158,0.3448275862068966,1,5
-0.017768881247555483,0.98977137601176246,0.14155172230315649,-0.99899574431766058,-0.023399037934351628,0.038209787475826325,0.041131128046910041,-0.1407306230055366,0.98919316720954964,4.0207644270387997,-9.2590902095994263,-1.4904849722674198,,0.1302095256979137,0.28,0,1
-0.93239506216383727,0.34181234563684865,0.11748943962215951,-0.35290489458962404,-0.93116324869416489,-0.09161408000965543,0.078087024704364738,-0.12688311413093767,0.98883926495728081,2.4802274245985574,16.652348003314245,-1.4085885253997217,,0.2039136731631061,0.2352941176470588,0,2
-0.31583692197797636,-0.93349231043825076,-0.16982092058440124,0.94732821047949423,-0.32026124875597123,-0.0014121526068273896,-0.053068826491610287,-0.1613221587319047,0.98547392697974578,-15.652950316309839,14.930997235677607,-1.4073338897472396,,0.4232661619398689,0.1363636363636364,0,5
0.97187659181681207,0.23017801426091675,0.049739039289462432,-0.23544876783845695,0.94579371058706996,0.22369205336197145,0.0044461221181888756,-0.22911206595210978,0.97338989784837338,-17.685334831204084,5.1255255597392457,-1.4987779693223766,,0.2540942764710449,0.4615384615384616,0,1
-0.9999788927273674,0.0028717805201799226,0.0058281194557892515,-0.003606325455234414,-0.99147849838130875,-0.13022051168788831,0.0054044903976196799,-0.13023878118359536,0.99146792754952628,-0.27570371605346405,-16.329747069685535,-1.342003991835641,,0.6242751776445916,0.6290322580645161,0,3
0.96962972709912143,-0.23891071973300673,-0.052343675093932882,0.24432064828521161,0.9363611358271835,0.25206198470598562,-0.011207727119113093,-0.25719543407510792,0.96629441452579012,10.999327886519842,2.7932570488206947,-1.386975269151026,0.5716502401259052,0.3001862449852072,0.1333333333333333,1,4
-0.70972734268256787,-0.70412581266272456,-0.022224738261649637,0.70403783927950103,-0.71004548944438572,0.012888901517787323,-0.0248559834123082,-0.0064994508799677431,0.99966991413509421,0.72173160617195353,13.905811862791973,-1.3861327392399247,,0.07523073734092908,0.3076923076923077,0,5
-0.12635705565445099,0.97595941822823518,0.17758690395956342,-0.99088627407243723,-0.13260093668379822,0.023693531721204,0.046672115242212292,-0.17297458068220475,0.98381985551046602,13.98924059572184,27.178010590613354,-1.6288561018301406,,0.5669524765484046,0.125,0,5
-0.71915600571548477,0.6925749937692256,0.056165091016636096,-0.69279892713171232,-0.72089234970538951,0.018543643153157301,0.053331847975656509,-0.025575342457142554,0.99824927540654995,-2.0687354792507091,25.356547967780752,-1.4599865910003249,,0.2786387557288151,0.1428571428571428,1,5
0.91065143864805764,0.40455736456028957,0.083948174895322178,-0.4131330426167481,0.89447651483398871,0.170976178190618,-0.0059199988556550374,-0.19038146756046029,0.98169234000427785,-4.8194337516246293,13.54571871813298,-1.3914106439557741,,0.413364490855801,0.5769230769230769,0,4
-0.93400358082031376,-0.35702662792834233,-0.013011455143336985,0.35726200759389681,-0.93348988672538991,-0.030991761992442531,-0.0010811775101666149,-0.033594915263098726,0.99943494671922262,-3.7308320075193162,27.60819804167706,-1.4615355768803915,0.4034139977323374,0.3559995713035334,0.8275862068965517,1,5
-0.025552669574961329,-0.99510243585440128,-0.095489283347549928,0.99880178035711398,-0.029401789822664372,0.039122094916841453,-0.041738047786777567,-0.094375192248067521,0.99466137878932837,-2.440951942235027,4.4376249228941704,-1.3898462229836035,,0.08282544894793631,0.2705882352941176,1,5
-0.94844753031472318,0.31644907302468706,0.017529016564553936,-0.31640591019641984,-0.948609334589958,0.0052564552290647422,0.018291589123951145,-0.00056081246073943721,0.99983253760652679,-5.7056912872151537,2.864272873388535,-1.3658275304385539,,0.07564138918985386,0.463768115942029,0,5
-0.85283591762931166,-0.51531941122867186,-0.08436114041609255,0.52204888900549462,-0.84502911926543212,-0.11571838696428763,-0.011655689147269816,-0.14272943636272964,0.98969311046711794,9.6383465290601418,-15.041389223816998,-1.3853875708107894,0.6872904755928914,0.6675589381310079,0.391304347826087,1,5
-0.50118607698650341,0.86522085274067118,0.014331511350297343,-0.8644926759442938,-0.50135945295315187,0.035932049387562261,0.038274397102403504,0.0056191562730930509,0.99925146765427653,-12.493948027610948,4.8760472135070012,-1.3397754259189925,,0.06705445989138002,0.2235294117647059,0,3
-0.34128912697458186,0.93776676012235538,0.064150100690080744,-0.9391020225326614,-0.34309573144337829,0.019305707456546355,0.040113876451825126,-0.053654661260257329,0.99775350374782146,-20.469999703873093,-5.1280072197341928,-1.3280737986921272,,0.09847928408458068,0.6458333333333334,0,6
-0.91050595005239876,-0.41320009148855946,-0.015639671129078967,0.41323076394068309,-0.91062531507914712,0.0013679437140948784,-0.014807114917466975,-0.0052172723574301621,0.99987675711408075,11.167358653821715,-2.603624208587604,-1.3818066749395259,0.1701474735552437,0.1294307384435577,0.391304347826087,1,5
-0.30161679848976314,-0.95251859745552903,-0.041660873372237589,0.95269101296758041,-0.30281458096057329,0.026137394064416168,-0.037511873848045794,-0.031806462535536588,0.99878987192571389,-12.717324063137315,2.3857540387578267,-1.442881313007444,,0.07093270170922071,0.217741935483871,0,1
-0.46790970842817997,0.87353175315383047,0.13417444238993786,-0.88242787188458216,-0.47016349272165625,-0.016350566749231351,0.048801185230519066,-0.12604985657972165,0.99082282875210748,-6.7722119439999897,9.365922916851563,-1.3414784630625847,0.7396119531358739,0.6481234053756498,0.631578947368421,1,4
0.32418488872676965,0.93127746236253572,0.16621205135852507,-0.94541347364801387,0.3127928918717125,0.091400058201999979,0.033128866053783908,-0.18676963053486084,0.98184498946822729,-11.542451592830782,17.624690756469295,-1.3588205265388642,,0.1534030205347211,0.3333333333333333,0,4
-0.22898288473570727,-0.97249431802361042,-0.042680673728348426,0.97257716583314291,-0.23039758881314379,0.031790054562090046,-0.040749171747225116,-0.034230870291033277,0.99858287213482333,-2.8957097673086487,-23.038796161894219,-1.1465185295448177,,0.149180471770098,0.4705882352941176,0,3
-0.99299133497544234,0.11780114092408007,0.0095446247005241402,-0.11798674839377378,-0.992770704837039,-0.022033039300873077,0.0068801066236764165,-0.023004756341994091,0.99971168109535102,9.4820686487922501,13.710768365476259,-1.4361987106364906,,0.1106340511384485,0.3636363636363636,0,5
0.81677746277643581,0.5756610712909499,0.038586361588578748,-0.57652485309519119,0.81176865350945893,0.093009391692504564,0.022218687271237072,-0.09821397140731683,0.99491725573353418,-2.2169621362843071,-11.787268018334377,-1.4392026255803636,,0.07861619706288317,0.3684210526315789,0,5
-0.015897655832711719,-0.96567692148090012,-0.25925922907043342,0.99938370301139712,-0.023462406429908732,0.026109952886702065,-0.031296624326797098,-0.25868436134348877,0.96545477496465804,3.5978874789459114,-11.312131582900784,-1.4607311633013389,,0.5042914664414067,0.1818181818181818,0,2
-0.88552249542221451,0.46123233743397679,0.055808968870643676,-0.4638790767142596,-0.88442594378930717,-0.051058320958687363,0.025809151244097502,-0.071101904739494182,0.99713509960008717,-19.097140152000357,19.794470684445091,-1.3529672146194973,,0.186232481647345,0.53125,1,2
-0.84973138348007138,-0.5193555388067862,-0.090699505179232656,0.52392907792072929,-0.85102403096329382,-0.035446015743988521,-0.0587783738987337,-0.077639700113417476,0.99524729576528892,-17.904683284632782,-6.1614691424482784,-1.3229170551955687,,0.7918989518845203,0.2758620689655172,0,3
-0.5990350588739628,-0.79936105916689215,-0.046678638877461182,0.80045181937746568,-0.59933043154050547,-0.0089397250951821893,-0.020829860661406546,-0.042719210164236972,0.99886995449246085,-2.6283555905934173,-20.629752687872863,-1.2049918819562915,0.323682523428195,0.3772375629705193,0.2972972972972973,1,5
-0.99758328253932715,-0.069478971581102875,-0.0005166295502477238,0.069480808835880883,-0.99756603326426885,-0.0058674083633987817,-0.00010771059217241342,-0.0058891243341777869,0.99998265315604562,1.5280013978029499,14.07838486171657,-1.3935133139892257,,0.07867555212999071,0.35,0,5
-0.28667998367711861,-0.95761886542233543,-0.027940929585928961,0.95729701939139755,-0.28747771369972713,0.030642793448459417,-0.037376511651492611,-0.017963093086009029,0.99913979185274659,1.9959601214973948,-4.6980239032370958,-1.3719689117071803,,0.07969026686236499,0.415929203539823,0,5
-0.54209096045973282,-0.84008345414760532,-0.019929391743674262,0.83971386523673064,-0.5424481922017963,0.025111417845147366,-0.031906349164932714,-0.0031223139547160881,0.99948598591402671,7.9633301097789495,7.7248886199493079,-1.4275860660853361,0.8061639332922099,0.3744939796611211,0.4444444444444444,1,3
-0.98041486735698991,0.19185653138772066,0.044472005005953961,-0.19680086080467865,-0.96298932011382421,-0.18417652003785445,0.0074905975672583808,-0.18932152733006669,0.98188657707369531,11.628045119772631,4.1611224413164507,-1.3813631324837226,0.4084742752879075,0.2693314855313852,0.28125,1,4
0.05551533125858981,0.98927175095645892,0.13512753514658427,-0.99675644415627274,0.047013499722204533,0.065317087173379348,0.058263530859308486,-0.13831534117158742,0.98867296279831307,14.100658147975661,4.102230597332607,-1.3968617313594205,0.7014955758578154,0.2815287642215829,0.2105263157894737,1,4
0.087598083482765932,0.9903860292086053,0.10706114569982049,-0.99603768173443674,0.085424658794318903,0.024729824806580997,0.015346411151678183,-0.10880322062460297,0.99394484094766455,-9.4171667013062237,5.294895434566909,-1.2859998245846074,,0.07260174335332867,0.3164556962025317,0,4
-0.7830772127883372,-0.62185663410794445,-0.0091872426541778143,0.62159502499899766,-0.78305774656145444,0.020980716064817165,-0.020241139003135438,0.010718776331045008,0.99973766765378025,-8.5577781419769074,7.213432059935883,-1.2893751101585229,,0.06589906533246345,0.2,0,4
0.47433037630875136,0.87984941150680662,0.029592350057481048,-0.8797060438032156,0.47243482224650429,0.054061217383718281,0.033585273661143687,-0.051675446781234799,0.99809903195678251,-13.261648353855097,-8.1764787853499818,-1.3314225441042271,,0.06435037667240461,0.2558139534883721,0,1
-0.95472018495252375,0.29488175046691661,0.03942235007942245,-0.29747958108321937,-0.9479598969022367,-0.11348097947961358,0.0039073370432844918,-0.12006992590431294,0.99275774769606406,-12.831493038601062,1.4641882858921214,-1.4313484339478839,0.6839740733622401,0.671198967511404,0.9799398194583752,1,6
-0.36232556147395301,-0.92760833750424576,-0.090900823402169997,0.9313560733623889,-0.36409622799162084,0.0031307144976154794,-0.036000723792396126,-0.083526696061089867,0.99585502907378076,-3.5557361723072631,-10.377706806017686,-1.413043203493894,,0.07119877972409498,0.3333333333333333,0,5
-0.93128778870628748,-0.36422486954506023,-0.0065801984343883549,0.36426354084428292,-0.93088991076389815,-0.027496306107671464,0.0038893981716411632,-0.028003900493772865,0.99960024716833495,-25.385673314273554,-3.1881880296360938,-1.354449869477603,0.8829110380508185,0.6606720814987472,0.3225806451612903,1,4
0.58819232542404276,-0.8017865340670236,-0.10567943083233459,0.80730855094728571,0.57441021912107648,0.13529894211216595,-0.047777524838056432,-0.16489770755855371,0.98515280751885503,-16.309854420302262,29.761047243204612,-1.3969577322489999,0.8373414090620026,0.3412409144238622,0.5555555555555556,1,4
-0.95439060488275684,-0.29734053691665396,-0.026966245894484375,0.29854776416068968,-0.95129334032682622,-0.076877910770801805,-0.0027938908674177841,-0.081422268182273785,0.99667577898626369,4.32401743607352,9.840571080695117,-1.4202320405910061,0.7104662693815563,0.3697393233572346,0.7,1,5
0.23794139851933907,-0.97099231190437962,-0.023618236455097117,0.9703604904110712,0.23658840502331474,0.049258961191949363,-0.042242271717404099,-0.034638949624834964,0.99850675192962079,0.38629458497838959,-8.3750679699352428,-1.5258622348969679,,0.08985673870060068,0.3703703703703703,0,5
-0.51791455006306508,-0.83913795974200578,-0.16616859917865467,0.85519200734677769,-0.51251093975233086,-0.077325074874659991,-0.020276819355160691,-0.18215383925189821,0.98306094899687269,-4.0635802448225338,-22.064504885182767,-1.1456960594283203,0.2244301675366225,0.2066103167702739,0.2916666666666667,1,5
0.96845505123460363,0.24349152374836905,0.052978218173874429,-0.24913760233076071,0.94183348709258563,0.22556626010088637,0.0050268124155338047,-0.23164965023439679,0.97278629241124748,-16.597920588135729,-17.250264998632304,-1.0770438339593496,,0.2035429058904445,0.4615384615384616,0,1
0.74564257374705101,-0.65948939996281242,-0.095346125000245571,0.66560823613504938,0.73042072403068048,0.15313798319060123,-0.031350090989685712,-0.17764936600839795,0.98359436484343088,-8.5786323196265215,-10.830871317311701,-1.3822289507526457,,0.110287408690841,0.2075471698113208,0,1
-0.9999340361091511,0.008912725358515762,0.007244774471663158,-0.0089677147837779123,-0.99993095699264045,-0.0075935063928668682,0.00717659543365823,-0.0076579745667746755,0.99994492443509875,1.1681253626048449,-13.41429305843236,-1.4378977640054968,0.6476801118288417,0.5657256019286523,0.9144385026737968,1,5
0.65314319302255375,-0.75696360799134454,-0.020250076173423281,0.75567832233210852,0.64985436230065718,0.081483623852510539,-0.04852053756538624,-0.068523017851907356,0.99646894254604534,-21.843441473802674,-4.6626077953671974,-1.3339515412549987,0.3152044048278596,0.3720962633246542,0.9311926605504587,1,7
0.8561151976615895,-0.51616412401641398,-0.025325193211984402,0.51625113755562191,0.85197620871352631,0.087300073073574375,-0.023484703646906465,-0.08781307911975722,0.99586009651462759,0.39893606822636224,-2.8739777322084592,-1.3232688399938304,,0.08970966982240514,0.343558282208589,0,5
-0.87638604213629512,-0.46848162108353286,-0.11168023932471596,0.48145562476630377,-0.85808289048954589,-0.17858956976821316,-0.012164971416693326,-0.21028248561411941,0.97756497979130763,-0.51096919283021081,-5.7999841391337403,-1.4710278578257343,,0.09162160649223954,0.3928571428571428,0,5
0.12036181772651139,-0.97776291670040771,-0.17173442159066829,0.99068125459807488,0.10719399794922994,0.084024392837111578,-0.063747036178592772,-0.18024740089435926,0.98155345745877398,9.08182168371928,-18.412753173138697,-1.3349736855553469,,0.333798059654571,0.6,0,7
-0.64857914577218534,-0.75340024908581837,-0.10831969510134916,0.7605010139038958,-0.64729576808223188,-0.051443138259448233,-0.031357607060636457,-0.11574218461849015,0.99278418962993686,-13.099773818289346,-27.633970352236677,-0.85238905238602913,,0.2043541576085241,0.4285714285714285,0,2
-0.9829692082364645,0.18329017490430535,0.013275821726969285,-0.18347366163909293,-0.98292139639216625,-0.014245841471021667,0.010437966455243553,-0.016438987134947243,0.99981038630245078,-8.9857900589703288,20.048029593875512,-1.3751658710722474,,0.08754821440580521,0.45,0,2
0.0062874249782107197,0.9721943186519495,0.23409116828282117,-0.99916028642244092,-0.0033702965629973632,0.040833358143859411,0.040486915458832012,-0.23415133542636521,0.97135676339575683,19.613951127706596,-6.3630325788007482,-1.4312082862149476,,0.4555234078354659,0.4,0,5
0.49280093825734467,-0.86080258721789704,-0.12714614068722377,0.86874916600416119,0.47846657835712325,0.12784607918235738,-0.049215056839908032,-0.17346077145626188,0.98361030847894404,-2.662172072041705,-9.2795903180692694,-1.454436376729535,0.4452452248271825,0.2646177179102163,0.5084745762711864,1,5
0.28118733248290467,-0.94316994789940012,-0.17709921916990295,0.9595888688923977,0.27420746192711093,0.063241367168175744,-0.011085429579242898,-0.1877251107415655,0.9821590482442798,12.744612563913053,-7.3061697115912114,-1.4390882193658177,0.5011074102611892,0.297119101163466,0.4444444444444444,1,5
-0.74702764467666072,-0.66298274947914348,-0.049026237688776252,0.66461725797262972,-0.74649205439830624,-0.03214829894629271,-0.015283929265223659,-0.056599351703639063,0.99827997820899128,1.3278237788323459,18.465497207372444,-1.3938211007533468,,0.4559863644238547,0.7254901960784313,1,6
0.09466439349182959,0.97812817618865189,0.18521318406281559,-0.99470170620445664,0.085443908801169643,0.057165147797603247,0.040089503348986928,-0.18964337424397354,0.98103426154573892,1.2785762759533503,-8.1104470490320697,-1.5149267248783871,,0.07366054567364214,0.3488372093023256,0,5
0.37755407850695866,-0.91020206696146733,-0.17025015448402081,0.92432526704890072,0.35944004104096267,0.12816262166267214,-0.055459160629598089,-0.2057548400294453,0.97703082208634384,9.4564864716173549,-10.909968528105974,-1.4447236105920824,,0.2172841767247717,0.2307692307692308,0,3
-0.061692438470009082,-0.99206676571423436,-0.10953344421190631,0.99684286415083467,-0.066738657691404218,0.043014599394981173,-0.049983469539291371,-0.10653395672201538,0.99305194669663022,9.4764166189010179,-13.005682076440435,-1.4033105516509872,,0.2054335641631981,0.25,0,3
