axis_00,axis_01,axis_02,axis_10,axis_11,axis_12,axis_20,axis_21,axis_22,location_x,location_y,location_z,dbh,dbh_approximation,score,reconstructed,number_clusters
-0.97932498631519493,-0.13884692919342695,-0.14711934418117484,0.15054253113850852,-0.98601140973758339,-0.0715433168487183,-0.13512778210699189,-0.092211876246286129,0.98652797850947227,0.40524752864243685,6.5154210660967076,-7.2841845599809254,,0.07368907790862449,0.2424242424242424,0,1
-0.6201444842495335,0.78271326716873235,0.052732912426003996,-0.78222792544041508,-0.61186123796756997,-0.11724034345726693,-0.059500347192811436,-0.11395510901596924,0.99170254704376637,-13.472104718369138,15.945893294409057,-9.1095970439359935,,0.4760651330099501,0.5172413793103449,0,2
0.85620655172183713,0.51404992547503858,-0.051604407832162996,-0.5047748911926645,0.85364806210245558,0.12840286324750333,0.11005748502503129,-0.083890763423813408,0.99037855883603176,4.7739917126285141,-23.207274889154085,-8.2818048381228468,,0.2771694418245595,0.3095238095238095,1,5
-0.6350960953595971,0.76610196980606982,0.098695093688868266,-0.76800931262100114,-0.61262801727083882,-0.18667781920255078,-0.082550865449204369,-0.1943571051288378,0.97745110890495523,-23.986284524257854,-8.6595329596357793,-12.377519843998327,,0.718726885033907,0.1935483870967742,0,1
-0.2271004737626825,0.96936642541449847,-0.093563390788707693,-0.97349050169300744,-0.22864809903744973,-0.0060241115573973873,-0.027232662930028555,0.089714993650313782,0.99559509941745972,-2.0253472484712871,16.080454858497767,-7.0539536152876749,,0.0945936601565881,0.3809523809523809,1,5
-0.0096539755379781225,0.99952530592180111,0.029256855234997287,-0.99975487973599009,-0.010230906012291817,0.019634383266201837,0.019924387076860738,-0.029060133931162808,0.99937907093130285,-14.951437405113415,19.136449418323281,-8.6527152297695409,,0.4662568353717271,0.16,0,2
0.98982833548196791,-0.023657154945239074,-0.14028615504351552,0.030517388787292609,0.99843079160172121,0.046953629925341397,0.13895522753247372,-0.050757200488774336,0.98899704314014047,13.330234869151626,-25.866224105470035,-6.908599127870545,,0.1460758917359278,0.5357142857142857,0,4
0.79849046693554782,0.60167802856328034,-0.019912914333548311,-0.59381725823151288,0.79263381899016128,0.13824866299347172,0.098964832336845623,-0.098565607273925659,0.99019734549394889,9.0627889412499805,-32.093826706804208,-7.8502534516076761,,0.3094832032292369,0.2727272727272727,0,4
0.89505569469425295,0.44295861624346683,-0.051603950343580222,-0.42130105284002139,0.8778362178788357,0.22783546136647198,0.14622149729529976,-0.18218462853889864,0.97233123720924775,9.4908081616658144,7.1298511953602475,-5.8491837107213511,,0.3352856534253121,0.1224489795918367,0,3
-0.81214365422937529,-0.5570780153081939,-0.17345538260671206,0.57303435038142647,-0.81751446142646333,-0.057460757404832495,-0.10979215900005759,-0.14606228198574728,0.98316402070215247,13.000793787067771,11.410603313688309,-5.0575001554288201,,0.1366645639425052,0.4642857142857143,1,5
0.1536513196849319,0.98743562635829674,-0.036907394346882567,-0.98776002462042356,0.15450263467367917,0.021425910499943149,0.026858997020341956,0.033163529324984883,0.99908897231516436,-23.148723863184678,6.4516456080467321,-10.651747811859558,,0.7846265505602324,0.6785714285714286,0,1
0.90777918564080629,0.40590067433760552,-0.10574305031343169,-0.39730797728780176,0.91291263700412639,0.093471323846652951,0.13447424028708013,-0.042838764810010928,0.98999066608163688,-18.727338860646476,5.2491297498071292,-10.175334234712787,,0.3829245514636243,0.3846153846153846,1,4
0.98933377838803127,0.083350893000244203,-0.11946256140115476,-0.067975168464079985,0.98951180607033529,0.1274588644218396,0.12883342506020221,-0.11797887219111219,0.98462324485245212,-1.4801262539519244,-25.138676228124854,-9.5603719656655084,,0.231889501078978,0.3,0,6
0.92666514429444913,0.35628691854112371,-0.11979708688536592,-0.35245829736657402,0.93435459851634506,0.05248459630042044,0.13063253410695522,-0.0064121687308733933,0.99141011953931757,-1.275688794334026,-24.156780212365366,-9.4732925079053842,,0.0826259361041022,0.391304347826087,0,4
-0.76161522750832522,-0.60186092267679236,-0.24022005532861143,0.63901164379926434,-0.75913739720940643,-0.12399407746779442,-0.10773283768843726,-0.24793918994940545,0.96276673902395937,-6.063674927482567,-26.684794871197223,-10.467931583665386,,0.5502503975609707,0.6140350877192983,1,2
-0.75423977133111708,0.65658623428601337,0.004109049585576314,-0.65389584343120388,-0.7505525379219069,-0.095347332224768017,-0.059519688219776587,-0.074601640498702076,0.99543558402797894,9.6225489864334932,10.804151007314733,-5.618130641986447,,0.3870518939852625,0.2666666666666667,0,2
-0.98147807084346017,-0.094025098488375425,-0.16691338264995761,0.13641944867916245,-0.9547285464508336,-0.26435418781239867,-0.13450104265571047,-0.28222806991178401,0.9498719840475327,-18.402047213585078,3.664540238106532,-10.198197166697145,,0.3867269031490197,0.5573770491803278,0,3
-0.91855035104773586,-0.3585670002781195,-0.16641802456955043,0.37233361895414696,-0.92618784030795342,-0.059529494052927331,-0.13278903865375546,-0.11664386300719139,0.98425671470209986,-9.091048006385682,5.565396617094259,-8.7453961293651457,,0.2309986062785119,0.4210526315789473,1,6
0.97883345489470397,-0.15012951012782891,-0.1390906099191222,0.15513691631530066,0.98755537176058084,0.025824889215618232,0.1334826010200385,-0.046856353844463551,0.98994286568939205,-7.5985553490255402,12.612418748851818,-8.2891483502836092,,0.2290060482937566,0.7886178861788617,1,5
0.33827038806212656,0.93968436282205858,0.050660071338298314,-0.93947983517255895,0.33410915528340851,0.075820258901898335,0.054321118033797626,-0.073241863872450713,0.99583374391112556,6.5772809395609535,13.815519680312226,-6.2449890478384313,,0.3321305645573311,0.3617021276595745,1,5
-0.87715066835085709,0.47850391766813793,-0.040505626620109474,-0.46587459571517426,-0.86838321112350025,-0.16991603722445206,-0.11647989559948568,-0.13017142318912406,0.9846257332134124,10.438181615074948,10.019282217272828,-5.5482564269183925,,0.3236432353499317,0.2272727272727273,0,2
-0.52348476737541416,0.85137543527095572,0.033519644137400793,-0.84571098289837476,-0.51441276566554828,-0.14195928967625329,-0.10361771919403057,-0.10266145692279752,0.98930480314790492,24.396780186538063,8.5903750688873863,-3.5012474246605492,,0.2550221347552552,0.3,0,3
0.97061627302621001,-0.18759416514179877,-0.15070660151918258,0.20051497551357472,0.97677308427008036,0.075551879131536701,0.13303306029517914,-0.10355081385613173,0.9856872900764384,0.85554105643801293,-25.286900464838379,-9.1467695197171057,,0.3618620058421601,0.2857142857142857,1,5
-0.9769017428448119,-0.17225504112523549,-0.12645625976483865,0.19030790698060146,-0.97047045836765777,-0.14822277145004273,-0.097189944785619001,-0.16886470987927657,0.98083577850216919,-14.54759347738365,17.287211333645516,-8.7204877138954338,,0.1865932923752008,0.1111111111111111,0,2
-0.47863341494798323,-0.80732126319588648,-0.34517014947273539,0.87515999979951931,-0.47034135373866254,-0.11346358761377673,-0.070746228494091318,-0.35638657235519045,0.93165636486785264,-4.0367909911587558,-21.435242540428359,-9.8500141595576327,,0.7501147210158937,0.5384615384615384,0,1
-0.9301889991034169,0.34402664866675065,-0.12803941172196673,-0.34526275593700817,-0.93841434617184116,-0.013120375820013443,-0.12466777975790402,0.03200281090780048,0.9916822902443273,7.7706597996207529,8.5873401727927892,-6.2443372665020762,,0.0886411840641514,0.4901960784313725,0,5
-0.76206223221136304,-0.6323649695595237,-0.1391966217658227,0.63844947051708956,-0.76966277675875028,0.0012180593004219313,-0.10790471645615347,-0.087941772474711716,0.99026401369560213,2.1468519909378321,-5.2430522019119916,-7.7347469560262159,,0.345781189686869,0.9751332149200711,1,5
0.74200169486772305,0.67032538763495275,-0.0098670920476858319,-0.66089539726993984,0.73387424797015777,0.15699000615849848,0.11247559148915677,-0.10996573492814571,0.98755089917476069,13.451748148443905,-21.812646615377634,-6.682888519011116,,0.3205007765231108,0.3636363636363636,1,4
0.7214555322302304,0.68387427288735303,-0.10871013704889432,-0.68482816742812891,0.72790086000061482,0.034215772786786919,0.10252948898451759,0.049762605369495012,0.99348446741527574,6.4915590005345978,15.608713604378144,-6.1190333870459899,,0.1351304516909976,0.53125,1,5
0.38807794735707885,0.91893636549985735,0.070366632270061888,-0.91961355240836307,0.38105647932083792,0.09542994181325265,0.060880382735239276,-0.10174436460817711,0.99294595183649881,0.50895293336713543,24.132983358554142,-6.3374172875228467,,0.4407777628530932,0.3333333333333333,0,2
0.14434532983956819,0.98337004806369099,-0.11021694209475592,-0.9891181517533979,0.14659081822517256,0.012506553642635072,0.028455361980615882,0.10721231544597384,0.99382886443857321,12.395016361793264,-28.065004399892278,-7.3157039110853113,,0.08540513903439101,0.1818181818181818,0,4
0.18511104539511011,0.97812869791383183,-0.094858585220953043,-0.98226440647957203,0.18709287591210727,0.012364932117535768,0.029841860465859963,0.090887326401034668,0.9954139627630344,-12.150899243625579,11.101036102848209,-8.7820609939831407,,0.07475863758526993,0.2790697674418605,1,5
-0.20500854869860696,-0.95030303925632775,-0.23429816162461906,0.97858449150702365,-0.19447676422669241,-0.067462442572559664,0.018544215875340463,-0.24311092479792185,0.96982121563794821,4.4462502579689556,-30.287303771404297,-8.55696264959297,,0.2257081748790272,0.2352941176470588,1,5
-0.52073878585624389,0.84416996369583441,0.12731138715267437,-0.85049773664292072,-0.5000383356967012,-0.16314184870517778,-0.074058874351659615,-0.19323233483929744,0.97835399927752065,-28.439269991141568,11.271914941647445,-10.894035719960016,,0.4964249161998678,0.4642857142857143,0,3
0.86921449610865098,-0.45908890176510253,-0.18358523914164782,0.48237044661489548,0.86890576846280965,0.11100233224847757,0.10855833448948352,-0.1850409300889044,0.9767164082806753,8.52411242776334,-23.246571696960416,-7.5674093593920242,,0.1677431187046596,0.3636363636363636,1,5
-0.15883391322798893,0.98299613684453901,-0.092143274075741563,-0.98720052583511664,-0.15948360952180193,0.00031636176875650933,-0.014384359546222993,0.091014137597468528,0.99574570898288872,4.8317442368498185,-25.027818898611933,-8.3294315840837907,,0.1387464540622349,0.2692307692307692,1,3
0.18736699892112127,-0.93873689212106315,-0.28925188864755819,0.98218250095142834,0.18339583587245187,0.041030503402248182,0.014530744650215154,-0.29178590568348495,0.95637327582088905,1.9587347633643604,11.493746531608997,-6.7516449662871905,,0.4482633736033872,0.2890625,1,5
0.93411162111047941,0.34556596290278097,-0.089552468360317661,-0.33246968169533075,0.93350680467439651,0.13427194934164075,0.12999765405482258,-0.095651507618398329,0.98688976032309217,-8.0956192156810669,-25.90361812400829,-10.782525579551237,,0.07493809666010581,0.5,0,1
0.98669888761295632,0.12262743475710808,-0.10671371715128991,-0.089382259767365871,0.95758515743328976,0.27393699622785744,0.13577966277109918,-0.26075501626690378,0.95580892686217023,20.076591445256117,5.0037225484422079,-4.277526102753594,,0.4779264024217253,0.3793103448275862,0,1
-0.90164654351696449,0.41645266838117173,-0.11662197718316984,-0.41644129801717844,-0.90880108640073343,-0.025636510343932255,-0.11666257270297838,0.025451136616045561,0.99284544808105624,10.663345265614929,15.11791761714947,-5.3231064440002314,,0.1041306248797635,0.125,0,5
-0.1117908459116958,0.99365437624481334,-0.012401102365445836,-0.99369849433217561,-0.1118805053793593,-0.0067863744390962528,-0.0081307522601512059,0.01156430220938261,0.99990007389843427,-17.017034427859606,5.4534695974336556,-9.8901028009933452,,0.08377232655775603,0.2777777777777778,0,4
0.59925504036068877,0.79929963869037235,0.044871864143916043,-0.79289358359378403,0.58484714850457264,0.17109523073972238,0.11051317431925199,-0.13810829256605664,0.98423215646836704,19.1500142894307,5.8504837629415078,-4.4263098493311626,,0.4054470241389732,0.1785714285714286,0,2
0.14748275522029244,-0.9494042752756503,-0.27727307658867839,0.98878089739999286,0.14824265313150958,0.018342647829556229,0.023689108246185597,-0.27686754573414835,0.9606160462274469,20.276260176631602,20.488989931215848,-3.6430244448730766,,0.5968161359540712,0.4333333333333333,0,3
-0.62212995716504926,-0.74642681985503678,-0.23622302808767476,0.77834835064864638,-0.62221448864550211,-0.083803193030748263,-0.084428439760225391,-0.23600028118778416,0.96807835728258118,-8.8569808687167182,19.22632809985344,-8.5644087596475895,,0.4028753727318975,0.6041666666666666,0,5
-0.28863577179755157,-0.86821933076182944,-0.40358962440864832,0.9566296624250773,-0.27884604454645812,-0.084288625622199048,-0.039358356257802138,-0.4104145186665269,0.91104930857797595,-15.259210561322218,8.2647588072376692,-9.394873635313731,,0.3070437845466061,0.1923076923076923,0,3
-0.99282146862653231,0.049556343512692412,-0.10885632848808373,-0.035917409601184384,-0.99164945336548294,-0.12386000697351286,-0.11408536769364556,-0.11906103668954809,0.98631080214129985,-8.2274693706071815,-27.746966484164084,-10.906552259872814,,0.2290072427888975,0.303030303030303,0,3
-0.95277376213632681,0.28964298049415188,-0.091263914199728291,-0.28298247937040621,-0.95584323706193031,-0.07927561120767436,-0.11019561948629679,-0.049705633618705523,0.99266624574052875,-16.185121940118925,22.626862892822114,-8.8082854051592658,,0.2725647179195171,0.1578947368421053,0,5
-0.87200192786483988,-0.45627878482679357,-0.17726338684846096,0.47802596025625688,-0.87171577665048805,-0.10771622932372008,-0.10537466071635079,-0.17866526034912703,0.97825094205080754,-21.058580574328783,5.1696454486473318,-10.439655837281149,,0.1273880915196941,0.2647058823529412,0,3
-0.15345035389798428,0.98814337258474905,-0.0050659752684748616,-0.98815615090523468,-0.15345162839092213,0.0001384641680074699,-0.00064055970437858071,0.0050272219974600565,0.99998715827867168,0.77699074500148224,19.821705192035978,-6.5037050315714602,,0.283095122427874,0.6578947368421053,1,4
-0.92142881077717587,-0.34706273272216653,-0.17468945653696721,0.36761630958736469,-0.92428516071277389,-0.10273845731530784,-0.1258061826585874,-0.15888486788106795,0.97924889745319077,-7.4232470114938884,18.41620168661516,-7.6656938758768325,,0.1393421829875172,0.2777777777777778,0,4
0.17397885241765337,-0.94226483463640764,-0.28612644113932928,0.98415610431085987,0.17645708423327847,0.017310683740433784,0.034177788973367894,-0.2846047765437385,0.95803548990075493,-0.20711519913960971,17.832314356599245,-6.7800373162874799,,0.1299813696552967,0.1875,0,3
-0.94562956750742899,0.31154456878071052,-0.093406117138837313,-0.30320705653256841,-0.94833372571916297,-0.093427113476058046,-0.11768688085155905,-0.060026047070029086,0.99123492258322821,5.1104882363705189,13.319645483822589,-6.3344513524936685,,0.1225600797952427,0.2608695652173913,0,5
0.94349871834504762,0.31944730078501754,-0.088111239364903865,-0.30586677497516312,0.94182223406210086,0.13934272637122874,0.12749778212794849,-0.10451938311835116,0.98631638641209551,-0.36430632674212626,-24.359344267756011,-9.3477353352889345,,0.08652613919091692,0.3125,1,4
-0.99129741745746958,0.048680066993977561,-0.12230977565025129,-0.036233081107161877,-0.99412377070298485,-0.10200535454947314,-0.12655668285647653,-0.096685984510391815,0.98723615534664422,-14.490347763698988,5.1606305157352317,-9.5397804117740677,,0.1539183753238944,0.3506493506493507,0,5
-0.93093497641359435,0.33022427301612861,-0.15592305538562654,-0.30929233876231343,-0.93998098559275722,-0.14413186985190674,-0.19416054921831649,-0.085951592393845949,0.97719701436926387,-12.650646996196787,19.781563556182288,-8.8100742745320435,,0.4466173913491856,0.5526315789473685,0,3
0.76343711916159773,-0.60569714080561632,-0.22426488513840229,0.63787808430514248,0.76156035784387266,0.11461837079593398,0.1013672267029215,-0.23055757411244049,0.96776437750619038,8.7398728407399915,-28.485777440980765,-7.7700471467888175,,0.3162734562366339,0.1875,1,5
-0.25380535453298947,-0.94548978710242682,-0.20403897788263681,0.96650134507175045,-0.25622812906476561,-0.0149095892119118,-0.038183661229399937,-0.20098808014650399,0.97884922212470571,-20.229006811764908,11.909112437491009,-9.76796962747094,,0.08110759745573853,0.1111111111111111,0,2
-0.54400817049316152,0.83747002734185227,0.051952514286805446,-0.83634265722222223,-0.5361960211412532,-0.1141261872786532,-0.067720529731805826,-0.10553568219482241,0.99210692449781723,-20.020896283492004,3.4867213203951435,-10.494943551681521,,0.4523810461986138,0.1590909090909091,0,3
0.23187410213858656,0.95716691582572921,0.17339520179660525,-0.97202312380012046,0.22112121948260313,0.079224068895651784,0.037489299210318634,-0.18691415554523327,0.98166065975036987,-10.711172511299688,-26.077450742336531,-11.348735109588093,,0.1978334107339136,0.2,0,1
-0.096599762909023612,0.99172169518629971,-0.084596483985637599,-0.99532200054862829,-0.096112367076784944,0.0098248724558880878,0.0016127708447095394,0.085149822029814956,0.99636685351254706,8.075785294631908,-25.138840406690569,-7.7058898528980251,,0.2616994046883604,0.5333333333333333,1,5
-0.91395832420269085,0.40529925584039111,-0.020314891972027519,-0.38763550029447408,-0.88674846265065177,-0.25182510378864204,-0.12007872639257515,-0.22228287653783074,0.96755951872016932,20.311040807287597,8.4974182243870775,-4.4907613106578257,,0.491373120178533,0.4318181818181818,0,2
-0.71238963088116369,0.69966058444111412,-0.054553463616146672,-0.69771517273129524,-0.71447479417540027,-0.052146967587382589,-0.075462252507721442,0.00091382029888262251,0.99714824042311934,-3.0735705266837949,13.188418847020101,-7.4021634805778058,,0.1332454450059229,0.1666666666666667,1,4
-0.15722166960113196,0.98699104610477029,0.03361579267018041,-0.98724993411994233,-0.15622320511935286,-0.030526672966568795,-0.024877986011808715,-0.037986643590197017,0.99896851838321155,-12.01287175061502,12.191231636566727,-8.7021483539602809,,0.1112774099809842,0.2857142857142857,1,6
-0.26266283652998795,-0.90414110976233242,-0.33695264940902048,0.9639877908312714,-0.2609754185776364,-0.051179781422675992,-0.041662614347470761,-0.33826126668001033,0.94012953470772764,-7.2526948350055411,8.3808227559353554,-8.3029931341687604,,0.1975578972877791,0.2790697674418605,0,1
0.99130016375607666,0.010133980179756547,-0.13122990430115888,0.0030840017426223758,0.99496948975681831,0.10013093121662406,0.13158447579568994,-0.099664521765636768,0.98628216491570009,9.106757883791655,-26.023157698765466,-7.5745942934981869,,0.1140325592171401,0.3125,0,5
0.9205716906889686,0.38492042677736149,-0.066211987974896441,-0.37530765577980085,0.91871904668967641,0.12287992823355454,0.10812920888975645,-0.088269917294323569,0.99021032911484452,17.634059450057315,-21.541689663724828,-6.0613096984827175,,0.2537585865114602,0.35,1,5
-0.17549318487746088,-0.93925849714362464,-0.29495019512634035,0.98418121467067154,-0.1747696816220024,-0.029032655323060243,-0.024279183489751562,-0.29537947445488633,0.95507145665642612,16.152731905711065,18.774273996022892,-4.2578296181541049,,0.1438972584652229,0.1428571428571428,0,4
-0.98963330722975551,-0.042155736937138963,-0.1372909722625047,0.046621181023207926,-0.99847776009252998,-0.029472497020221627,-0.13583954763432615,-0.035567631969143497,0.99009219815864113,-4.9874023998368315,15.349013221434834,-7.5256046745407987,,0.1967786860205821,0.6904761904761905,1,5
0.98042920161254787,-0.1177857589341772,-0.15775010496884548,0.1446507361643522,0.97452933016255161,0.17137312852381578,0.13354679012425916,-0.19083788839019653,0.972494809858787,-22.378980018082796,3.2663719814530952,-10.784701357024367,,0.6121227353588501,0.48,0,1
0.13715925328102072,0.98927551257906177,-0.050212542764007231,-0.9905350148523121,0.13671152540113907,-0.012261450730831852,-0.005265319641169261,0.051419053218901119,0.99866328528445891,7.0011427297112601,-21.95261239654214,-7.8173747770175854,,0.1841693158232285,0.2380952380952381,0,4
-0.31652277739254447,0.94853300016095143,0.0099236584671633481,-0.9456607291943675,-0.31470896780602986,-0.081756044681970758,-0.074425242030421987,-0.035262064433700092,0.99660296515743196,12.852181694883532,14.339493473207517,-4.9598277465535272,,0.2277831780399956,0.2307692307692308,0,2
-0.27877407208874611,-0.94416705392066236,-0.17559496297398386,0.9590336264679552,-0.283291423561849,0.00068748819913408963,-0.050393650738771667,-0.16820982024566047,0.98446225744725258,-6.9290396324137928,11.674335518989507,-8.0523276039158045,,0.07288122108807553,0.1176470588235294,0,5
0.85224752487680211,0.50835718503793925,-0.12347926450083058,-0.50977098060117654,0.86002235883672784,0.022250609830415359,0.11750618570219599,0.043983118593529505,0.99209766736975435,-2.2832362918893119,10.542490207601151,-7.7285069288578603,,0.07916879389030394,0.1875,0,5
0.86104789568767448,-0.46808338776391017,-0.19873213990516964,0.49291393010979095,0.86432912554449159,0.099854996065369767,0.12502951185839056,-0.18393777435577363,0.97495359701346662,15.696170912079914,-30.448710596119241,-6.8192086372984795,,0.2713156151607463,0.2307692307692308,0,4
0.52974604646862677,-0.81973398612252835,-0.2177276239858659,0.84687975903743551,0.52530223238096208,0.082778248279813102,0.046516663504126511,-0.22824056749677266,0.97249290144720124,12.039075472234458,-24.665793092757642,-7.0337516816984875,,0.1289650342902007,0.4,0,4
-0.98764729814380148,0.09914877122220668,-0.12133563217115954,-0.094140621856678264,-0.99447945671853177,-0.046348176676672626,-0.12526115832805615,-0.034353039602641175,0.99152887546675772,-5.8547826934669045,16.991954466135923,-7.5624146649579265,,0.08541888080345073,0.28,0,3
-0.93817837890531608,-0.25588119769177481,-0.23312259011605124,0.30156348612878586,-0.93482241933080845,-0.18752735307242191,-0.16994349998881167,-0.24623536907665797,0.95419460794286381,12.014159311086537,9.439334302052913,-5.3428405052079331,,0.2669198064779177,0.4545454545454545,0,5
0.85055659108111847,0.52587234764090807,-0.0034291916113314697,-0.51265487470884452,0.83059651346080143,0.21747278281205942,0.11721119744173981,-0.1832149170056899,0.97606036154577691,0.49045330903690332,-22.720839657062776,-9.1349223703043592,,0.2482418513237791,0.1904761904761905,0,3
-0.90220559575630599,-0.40670846376178094,-0.14357328613130055,0.41262720993754437,-0.91080977533111029,-0.012819468805310026,-0.12555416602074931,-0.07080804096869743,0.98955665463328013,2.5400995519556742,-10.068614016888718,-8.0079792105363872,,0.3305975044562017,0.9466666666666667,1,5
-0.86005432898608947,0.50331563849709349,-0.08354591095051507,-0.49691197844643842,-0.86347575206850047,-0.086533873518905222,-0.11569372009203834,-0.032908868622338806,0.99273962824965534,-16.570159492281935,4.5208026953937477,-9.9104570624738066,,0.2703289008691323,0.4727272727272727,1,4
-0.11303742805877308,-0.97063245631879558,-0.21235624454768914,0.99336186859618991,-0.11498712728394281,-0.0031872524330828649,-0.021324583863313901,-0.21130687470957171,0.97718711965699234,-9.014249813265435,15.270588005399585,-8.7612275858199347,,0.07511522644758173,0.1666666666666667,0,1
-0.080321814544244696,-0.96210794797668775,-0.26056995711019348,0.99670424914675604,-0.080502970364935783,-0.0099955737817024604,-0.011359834555271129,-0.26051404607527479,0.96540322454214333,-16.800928565794472,11.158420812130167,-10.587669512499422,,0.2890037481374756,0.4117647058823529,0,3
0.92117326809651945,0.38123681403530196,-0.07809162418971774,-0.37092725657702835,0.92086330309984621,0.12009890645746553,0.11769783546274323,-0.081665590233905447,0.98968578392292328,-5.6213531761332574,-24.064699334059252,-10.273443823789425,,0.2707528892485957,0.3157894736842105,0,5
0.1259715531066819,0.99149489432531968,-0.032696212849681341,-0.99203257320348981,0.12595591691602498,-0.0025457213329727821,0.0015942117651455391,0.032756396637369747,0.99946209381255768,-4.4374270705410215,18.549261020918895,-7.2888676335573734,,0.1364405581767254,0.2692307692307692,0,5
0.34626542016276346,-0.85864972601399325,-0.37791653419187443,0.93719749971523847,0.33462970529189001,0.098406335485924659,0.041965525458529156,-0.38825714204938477,0.92059507185332723,-24.895041476347753,4.1704956709800358,-11.371135816297931,,0.661961458965068,0.391304347826087,0,1
0.98975364975997659,-0.036052866135031822,-0.13815897954984416,0.045303282333291409,0.99689496538952416,0.064405283873682759,0.13540799605870724,-0.070004420035230885,0.98831374359506685,-24.96288196976818,6.7156710833871323,-11.701060114714307,,0.0988662944174563,0.3684210526315789,0,1
0.63822848949445676,-0.70624580143632354,-0.30640049469801522,0.76453775564529136,0.62812516728337486,0.14470934461220272,0.090257494926929346,-0.32661237297260648,0.94083895669275841,25.18204369175163,-18.447946540493295,-4.82071717446218,,0.3727988810245214,0.125,0,2
0.56357040862305818,-0.73698738710541867,-0.37314606492895863,0.82288868129920301,0.54045479764281357,0.17539335761232383,0.072405888670039692,-0.40590417952072499,0.91104291025917583,0.38122787803611025,-21.71281039448256,-9.1128972913173811,,0.2852062771902146,0.3333333333333333,0,2
0.88618599218312921,0.45496716587994118,-0.087631416909559307,-0.44639292388083796,0.88905191129931649,0.10158767899775024,0.12412793709523846,-0.050907533688123632,0.99095947356401703,-8.730660795893769,-25.269977987966364,-10.860189461137253,,0.3830268478602835,0.819672131147541,0,2
0.61172052545486955,-0.73054904191872083,-0.30347338612942254,0.78808024849945091,0.59612294381062658,0.15351533404711512,0.068756968099698001,-0.333069862362526,0.94039191091988117,15.757814123358097,17.578276509341809,-4.3838918369030031,,0.4622614165306624,0.3488372093023256,0,4
0.98275405258609994,-0.02281612793336299,-0.18350448613515155,0.051751635238890231,0.98663954574371449,0.154480338634854,0.17752813967283743,-0.16131283606944199,0.97080478395171499,19.297350350436215,-23.640191216664643,-5.9518413477464254,,0.146572144167449,0.2,0,3
-0.88316050137757207,0.46053909236756935,-0.089057695949150431,-0.45627274608158641,-0.88748630539349049,-0.06467796318825722,-0.10882421600767128,-0.016486422907003601,0.99392428678951594,11.544877534670897,7.5775926869172938,-5.4713698105303106,,0.2265009343049278,0.1764705882352941,0,4
0.25838507808916311,-0.87405493002652102,-0.41141843750273283,0.96558373207209003,0.24678699232629397,0.082123302273329549,0.029752441556820913,-0.41847838619799071,0.90773929765463668,14.917583742382771,-23.822474164821898,-6.5696759540747314,,0.2331015703048737,0.1578947368421053,0,1
-0.99009092653549435,0.042388184625132767,-0.13387755224933229,-0.037043015006371686,-0.99842357557940731,-0.04216845700842043,-0.13545394874762703,-0.036791378493050836,0.99010030917945746,-4.9217643719615403,13.172719119488713,-7.6499842282525563,,0.09183935079761901,0.4210526315789473,0,4
0.47755350079708736,-0.82080560558450011,-0.3134019969903023,0.87634692730110475,0.47053749823673685,0.10300740635035444,0.062918335057122812,-0.32384042458312101,0.94401729990475536,15.485043593423287,14.089189893804354,-4.598701044110217,,0.3864374446474113,0.1111111111111111,0,2
-0.78077973306792692,0.62476538388340441,-0.00715706164546559,-0.61251272065393525,-0.76762806402729655,-0.18861421567532483,-0.12333359423729436,-0.14288236566744458,0.98202517997950733,21.617643597630536,-21.318979154138695,-5.6227806201211221,,0.2785249198435973,0.4,0,2
0.61952720002790362,0.7788103061230528,-0.098186330525707924,-0.77918280184061528,0.62529334759835398,0.04338652746019319,0.095185134035707539,0.049625966245122534,0.9942218332609899,-11.696118905282958,9.3451393591744125,-8.8204591800298786,,0.084158693531405,0.24,0,3
0.39963447352293568,-0.82769709694863147,-0.39396675402228082,0.91532501936708632,0.38362497109289595,0.12252342826829943,0.049723198737494326,-0.40957221250565956,0.91092162464754878,-9.9166185318884974,12.429746073071289,-8.526898647691695,,0.271221931198426,0.2,0,2
-0.62241451501049405,-0.72398075083481284,-0.29740888339945654,0.77029977527710303,-0.6339549402237995,-0.068843227509198371,-0.13870265935552811,-0.27194302010991028,0.95226496633090763,-1.9583828244607417,20.180279302488849,-6.8922599431078497,,0.646674454511162,0.4444444444444444,0,2
0.98150763259639806,0.14402913372342432,-0.12608876156856361,-0.13335783810246904,0.98702970304544391,0.089375904597713524,0.13732608700334312,-0.07090820788106196,0.98798460103558627,-0.75727248082211485,-25.584849523331243,-9.4460748241949961,,0.08145828748445294,0.3333333333333333,0,4
-0.39570171956550465,0.91089635635535215,-0.11699562859973321,-0.91518529578858798,-0.40172791404224706,-0.032412304015935103,-0.07652465945862949,0.094247074531833092,0.99260337770779972,-10.392392779239469,8.9478929941889103,-8.6963011174995621,,0.1566668298257848,0.3658536585365854,1,5
0.84806845304442802,0.52616122069618099,-0.062723749778976559,-0.51628651694517691,0.84713879486254251,0.12571433752543112,0.11928173108841432,-0.074230937447568798,0.99008163125785087,5.419060678464227,-23.905916349752864,-8.152360975175192,,0.55845606457827,0.4285714285714285,0,1
0.87742263810873233,-0.44293848748775999,-0.18421457715492476,0.46509395488090166,0.87954746987798393,0.10041843139822064,0.11754627713183544,-0.17378649122786441,0.97774287427684869,19.341770043584255,9.4958671639001437,-4.227815789689533,,0.1953972869597057,0.2142857142857143,0,1
-0.20461671869656473,0.97647332809488663,0.068057607577308415,-0.97861104668440968,-0.2025624897952458,-0.035900655080315563,-0.02127011370669497,-0.07394780082765802,0.99703525765925527,-15.445368401126917,11.51211768258813,-9.4030699345378199,,0.2076053945797299,0.4166666666666667,0,2
0.70891538481444771,-0.66377947770195556,-0.23840256323098091,0.70099748472769208,0.70037567774613241,0.13444863862120357,0.077727109677591999,-0.26243230556348129,0.96181483738701123,-2.8401690079365811,22.218592152526121,-6.9058423643176781,,0.3203953570093966,0.25,0,4
-0.36419600655870371,-0.87064209285088201,-0.33067146076268639,0.93131965886386436,-0.34131508578178799,-0.12707362130460886,-0.002227514397020321,-0.3542405374516121,0.9351516881263725,7.012972539399108,-23.4998940925108,-7.8443259788158644,,0.364537038718672,0.5714285714285714,0,2
-0.80263727515414185,-0.56476994150634463,-0.19185493922246324,0.5853526316659623,-0.80762702400607778,-0.07142049213510257,-0.11461108643960856,-0.16962754276946851,0.97882112543565669,-15.14637966370965,4.3968380839442718,-9.7302748398277554,,0.1150618151632235,0.2375,0,4
-0.27915033829130464,0.95815893340061087,0.063297290435325101,-0.9582993377474156,-0.27378142166977248,-0.081890856762791314,-0.061134833807870541,-0.083517611873675845,0.99462924781156647,-13.254526388715371,11.808496921488311,-9.0778046190669333,,0.5730933775976175,0.7619047619047619,0,2
-0.74821316321053899,0.662405168563449,0.037369172574588494,-0.65489658537565643,-0.72836556782371686,-0.20147968153673068,-0.10624276380905537,-0.17522269336266086,0.97877958850241142,6.5312387235621641,-29.085032712714899,-8.1015824573097266,,0.3273690949661017,0.1,0,3
-0.13380641730022674,0.98991505143169933,-0.046519174952410293,-0.99092831499992673,-0.13424159087357515,-0.0063458499145699464,-0.012526660396297091,0.045248052208985125,0.99889724023575543,0.86169263713939082,-29.157811037317774,-9.1955381142600707,,0.4450771018255223,0.3333333333333333,0,1
0.85059903694645678,-0.49323641341655888,-0.182206253530802,0.51473593413293428,0.85184429904354253,0.096995918982777041,0.10736943912518783,-0.17629274139052611,0.97846444640311658,7.6891701451852468,-36.771952172406749,-8.3919931679482414,,0.3145550020542495,0.1111111111111111,0,4
0.20304377763461778,-0.90338977345219806,-0.37770377491607043,0.97892049791837954,0.19598363131236235,0.057489781812531927,0.022088076400999135,-0.3814149098810975,0.92414002369840986,20.455528584316014,22.95375200675295,-3.560721119218401,,0.1655442148147567,0.4285714285714285,0,1
0.98900735174907228,-0.050011507121668117,-0.13915210146348797,0.067426877449785427,0.99006391375347524,0.12339798572311407,0.1315981549401706,-0.13142410676344563,0.98255260916541864,-18.898699002042395,11.469997322141456,-9.6682354365862757,,0.1871669625986464,0.2692307692307692,0,3
0.98272098070020497,-0.1086587805024202,-0.1498423955739947,0.14485975525869718,0.95543814598775223,0.257203422407007,0.11521773039778659,-0.27446533225748876,0.95466939617375857,2.8006673712466568,-23.86435285814385,-8.7215812096914256,,0.5918621215774658,0.9090909090909091,1,3
-0.8772156140088615,0.47035054735966447,-0.096245151241607096,-0.46420038955176451,-0.88211162444153723,-0.07998175020029924,-0.12251842669185016,-0.025484203412636439,0.99213899756907897,6.5776522029122138,18.273202854900539,-5.8543407621736367,,0.1224338430509888,0.1764705882352941,0,4
0.65878305904039602,0.74605430113075966,-0.096994128098930835,-0.74679171040006165,0.66409222068573437,0.035828252852202772,0.091142868065081747,0.048831364807716264,0.99463987222104022,0.29702299195703497,16.830545782686752,-7.3550972221150124,,0.0876683151797753,0.2666666666666667,0,4
0.94281044872243469,-0.25189109298914064,-0.21831018082659051,0.30345468734696851,0.91961367136898964,0.24945129416061154,0.13792646775349662,-0.30143253424935113,0.9434589110231878,-1.6912881360359826,18.501762901752855,-6.9050909793424324,,0.3030685105213299,0.3,0,2
-0.6926188091968456,0.72083377500908319,0.026035628528940761,-0.71557303173902742,-0.68212721395652587,-0.15052474955210804,-0.090743712699889484,-0.12288666642911987,0.98826334841446872,12.607244491848068,5.9352100157488934,-5.4190934054690834,,0.1868635060339582,0.3,0,1
-0.88159441320556631,-0.41768530562386275,-0.21984147941330956,0.45555882713327289,-0.87483236902657091,-0.16472547199602916,-0.12352103313075516,-0.2453717823411202,0.96152755696602499,16.51030845519141,15.36279232208279,-4.387927848857009,,0.3823253051719933,0.2142857142857143,0,1
-0.083098108409182594,0.99520027000413058,0.051682946534825823,-0.99652192105074477,-0.083308683481905163,0.0019297983951407406,0.0062261741181796181,-0.05134282657020043,0.99866167890614144,16.064074907389255,-28.01975447580794,-6.6477335056032185,,0.3609326270818196,0.2142857142857143,0,4
-0.12749871439864019,-0.95474183019532655,-0.26872312051993402,0.99176700729789102,-0.11946277172074421,-0.046117777572022615,0.011928162560894986,-0.27239068238116071,0.96211279748782363,-6.5702979289115211,7.2729344620079699,-8.2667090702266925,,0.5321010067657936,0.4531835205992509,0,2
0.50767290499649687,-0.78951252415195039,-0.34487417377883417,0.85973178983094833,0.49023448204093661,0.14328782981163923,0.055941675756920405,-0.36924263950046499,0.92764777911028129,-7.7247182525961682,14.274877019429553,-8.5797475452665317,,0.4936415214562183,0.1702127659574468,0,3
-0.31202426977056968,0.94340726332265834,0.11235475327814953,-0.94986849640652571,-0.30730732930753263,-0.057550368272298202,-0.019765996270065134,-0.12467935219563334,0.99200018373361609,14.408597266078988,20.280044782310259,-4.4885456219070639,,0.5102425665193937,0.1538461538461539,0,2
-0.94044761958961831,-0.29354639374963631,-0.17143158846841763,0.31378496544150231,-0.94360052246954496,-0.1056269352867832,-0.13075653051032138,-0.15312925491814616,0.97951731021821054,-13.827746651890983,2.5491485241627165,-9.6807529236506245,,0.2143892541504266,0.1797752808988764,0,1
0.95670301172616212,-0.24394079709171146,-0.15878361020065043,0.26061385729951042,0.96084708678832143,0.094091940111086791,0.12961390642042311,-0.13139925161376764,0.98281965382148362,-2.817814180881423,9.4013788019563798,-7.7441903047234248,,0.08633999367479867,0.2545454545454545,0,1
-0.92741328215637864,-0.27707200382849206,-0.25126820088184199,0.31322462625758934,-0.94246415451998267,-0.11684027965872383,-0.2044381020889382,-0.18706261555799808,0.96083954970373386,-1.2866237029236272,-27.809032779054199,-9.6073864180859054,,0.740800479130323,0.543859649122807,0,2
-0.66901329606782711,-0.6951562157067207,-0.26301909711801014,0.73603974575840192,-0.66882592460044421,-0.10448624429210258,-0.10327972864202117,-0.2634951960599522,0.95911604058370237,10.872507041453641,11.321331063889913,-5.3888806628845858,,0.08053972638048676,0.3333333333333333,0,4
0.548604896774878,-0.79783658367261789,-0.24997890508647136,0.833119915528582,0.54679965703480504,0.083194599682124282,0.070312684376821477,-0.25390336906040739,0.96467051659906156,1.409342489493677,13.068905502154983,-6.7623843990800081,,0.1698919785467588,0.3958333333333333,0,1
0.72412314057587868,0.6896044291550566,-0.0095607830355760801,-0.68422818731758139,0.72007786044114108,0.11541084256951266,0.086472336400852473,-0.077029904532174981,0.99327183028873867,10.65951889268687,17.45659069985761,-5.2541274254633556,,0.1723363462136474,0.1875,0,3
0.69192354176259774,0.72028848511484123,-0.049257593989859343,-0.7116323596462667,0.69193089730454249,0.12170052612712155,0.12174233881024962,-0.049154161230748138,0.99134387140624036,-5.1500771816800617,7.8379967038355396,-8.0316957447316515,,0.2291428734281538,0.1910112359550562,0,3
-0.2845132196404086,0.95095323330358195,0.12140912617802511,-0.95809088074632165,-0.27764199119212501,-0.070546360342760295,-0.033378017924784648,-0.13639234874557671,0.99009243766583632,-14.258255305941388,11.957056274926423,-10.08327861957661,,0.5840309372973506,0.2647058823529412,0,1
-0.30243005328164718,-0.91743738562296595,-0.25854343219923082,0.95316464631480713,-0.2921245765193789,-0.07836063303051842,-0.0036359163397875964,-0.27013306953179927,0.96281613242492947,4.8921214311962231,10.639902853398185,-6.3947267351366044,,0.1617964040100558,0.3260869565217391,0,2
-0.97198322154055916,0.22271336109265472,-0.075149024174965051,-0.19441967741043123,-0.94144790305644055,-0.27545750101650224,-0.13209695711582703,-0.25312962019772622,0.95837142554402932,22.692468533056235,-23.617706060515882,-5.5161526733782322,,0.4118340509524632,0.1666666666666667,0,1
-0.11777604412589085,-0.88151618420076328,-0.45722863036142275,0.9927971021282157,-0.11471053904665951,-0.034574647322039576,-0.021970831478913124,-0.45800732442151104,0.88867686666210377,16.5478748085959,9.1936425463803495,-4.6932742360176727,,0.6166933268258248,0.2727272727272727,0,1
0.42573876313095727,0.89373545377635566,0.14136281063594144,-0.90260420258090002,0.40847840366405969,0.13583463189981668,0.0636565711534927,-0.18542473514402552,0.98059446691573138,-25.076378948546083,5.9456118681967602,-11.78561313778302,,0.3231984580494012,0.1764705882352941,0,1
0.032676708545764536,-0.9091562322292237,-0.41517126359777956,0.99946501256464737,0.029147978402532988,0.014835228821822069,-0.0013861377152057136,-0.41543391863665535,0.9096223050631661,27.735435783002011,-17.571133963579729,-4.4575643671653395,,0.2160198855380724,0.25,0,1
0.80353253512786227,-0.54175788582125972,-0.24664520701093709,0.58449359590881833,0.79653404837726594,0.15459866143437972,0.11270626128378432,-0.26838759830923881,0.95669503800387146,6.3672750558114162,25.55716500038282,-5.4357353695940551,,0.2847468038321773,0.1578947368421053,0,3
0.15245035139551671,0.98402573808974603,0.091936049166329303,-0.98795052572051778,0.14922125670803646,0.041070369794141477,0.026695488156927339,-0.097089460413603113,0.99491757828910576,8.6270041776384545,20.32237270848389,-5.3602463979196751,,0.3779714590450906,0.4193548387096774,0,1
0.48023998440601279,0.87598291775761572,-0.044983165457377697,-0.87426201316115015,0.48218488406921028,0.056246510279086087,0.070961184609089289,0.012315249571807185,0.99740305037976396,-13.008282102250922,16.611248374729463,-9.1421304688075935,,0.07201353687713999,0.2307692307692308,0,1
