axis_00,axis_01,axis_02,axis_10,axis_11,axis_12,axis_20,axis_21,axis_22,location_x,location_y,location_z,dbh,dbh_approximation,score,reconstructed,number_clusters
-0.63831575709450494,0.74076575021185798,0.20933011622299683,-0.76969381764305822,-0.6102558863371248,-0.18750781389837096,-0.011154430820293937,-0.28080928849301762,0.95969876636844842,-17.357683419011195,11.856876443293947,-0.34868803474432514,,0.2217937209106803,0.2222222222222222,0,1
-0.80061058927023931,0.58445417148177792,0.13204546863072969,-0.5989464702482471,-0.78683468691787284,-0.14884321025837588,0.016905919836736834,-0.19825361762248367,0.98000494538245697,8.8255828056447321,0.7200385040527435,-1.2889274760658442,,0.3254415298200571,0.1142857142857143,0,2
0.81230062769365197,-0.58124738929732123,-0.048157685612452553,0.58257051374021929,0.8046470402843362,0.1146941022115584,-0.027915708283264916,-0.12122133886699528,0.99223288608790683,1.4892785391071064,-19.329039305136934,-2.1265295555984647,,0.28094473393349,0.3333333333333333,0,6
-0.49748609747043071,-0.86743916192645953,-0.0075420938711665535,0.86549876850567631,-0.49574965413551647,-0.071722814638526103,0.058476187792961501,-0.042208776111564303,0.99739608715914119,-2.4426598208775117,11.083260616785997,-0.58493082547548281,0.4915504155168486,0.3247535303446146,0.6741935483870968,1,5
-0.58464791726236165,0.8057922929245579,0.094263426121521582,-0.81109214621562375,-0.57800127775662857,-0.089688646210317371,-0.017786039135154048,-0.12889260481148562,0.99149904348758422,10.526298483619604,-11.404584671364425,-1.9596246357964029,,0.1338738832384029,0.2857142857142857,0,4
0.33650405633190045,-0.94043656355245553,-0.048415803265332798,0.94166042893036905,0.33639943013313145,0.010538500499596459,0.0063762574330594275,-0.049137494235611555,0.99877167060414507,10.109525956044477,9.3683272696536548,-0.77726040011501818,0.6124964292455271,0.426848138543128,0.25,1,8
0.81405847327151692,-0.5756347574085805,-0.077158461350728832,0.58069535530496119,0.80902776947491695,0.090922893408019623,0.010084960192885161,-0.11882211192200691,0.99286434083227215,5.7944968820291312,7.2742726876275219,-0.84313224000864528,0.6633323511720765,0.4232700330888469,0.2083333333333333,1,5
0.69115824943171766,-0.7215460983808395,-0.040884008534776028,0.72269969699678926,0.6898655621665688,0.042316121010241119,-0.0023285624820848774,-0.0587939967002757,0.99826742095932153,0.68697178547280557,-7.6851718951378389,-1.5974139161832472,0.7377156237900906,0.2777929463842443,0.3518518518518519,1,5
-0.97922069029719749,0.1950845444352976,0.05539729430533645,-0.20230735710791403,-0.95868238648884785,-0.19999953773961171,0.014091591602462749,-0.20705096560634492,0.97822866687068089,-15.672788911185462,13.690580171094638,-0.30629828800476105,0.5801055367802177,0.2899354918704368,0.2333333333333333,1,5
0.6565483574932548,-0.75412057225832085,-0.015697667651282179,0.75427612847495018,0.6564940516296166,0.0091149431029074468,0.003431659328658809,-0.017824776904953949,0.99983523694783794,-7.1861869239047405,-15.60148602885617,-1.8489568442751705,0.176149273203814,0.1385941805478535,0.3571428571428572,1,5
0.71091500168567734,0.67730256048594906,0.18937027733366824,-0.70166557320675571,0.70131084201344751,0.12581147106215818,-0.047594997160291357,-0.22231586635588244,0.97381228776995066,0.41704117913364486,10.049205239068371,-0.66152376599406493,,0.153399522334014,0.1578947368421053,0,3
-0.73983754065951901,-0.6674885082352976,-0.084258559236978017,0.67223001269393157,-0.72831800145691195,-0.13288979941036116,0.027335388498995177,-0.15495799471994456,0.98754280738000577,-19.155014431596985,1.7243693929355639,-0.71982109181278064,,0.4523842238092897,0.4423076923076923,0,4
-0.98342403157350355,0.17756029679631521,0.036735747240553777,-0.18088381386767463,-0.94665428464693568,-0.26669591530483489,-0.012578553350914344,-0.2689200742994165,0.96308035678981396,-9.1842018034469604,15.58295645957573,-0.25067106955622748,,0.6277765366982738,0.3,0,3
-0.032074385302760321,-0.99848555177453402,-0.044697166632268567,0.99909103741051963,-0.030773384497727877,-0.029497419760469688,0.028077264350723823,-0.04560265018677865,0.99856500315328534,-18.428711129304837,-4.3057838139579454,-0.95555753885667916,0.1494415326653651,0.1396791321463985,0.2173913043478261,1,5
-0.073566734737899805,-0.99719097250276578,-0.014074796587925719,0.99698038194713701,-0.073184735777009291,-0.025963675814297395,0.024860682865603272,-0.015942358929509674,0.99956379868381517,-26.322598706354388,0.32542674602876759,-0.53868477196811526,,0.1832412184772707,0.391304347826087,0,4
0.083393515821363728,0.98534122573378269,0.14882268102812674,-0.99580635538984441,0.088037356252271839,-0.024882252094745424,-0.037619464166144832,-0.14612355311022979,0.98855079947481461,12.633493129198902,7.7645785043709159,-0.91965702772355562,,0.5527987306908859,0.6521739130434783,0,4
-0.051029563434056423,-0.98875548549981629,-0.14056519323698913,0.99760687425432493,-0.057041346915536188,0.039074405722635437,-0.046653060952581697,-0.13823485318863665,0.98930006432207973,-14.926385869564376,4.874084992993958,-0.67940302553011644,,0.3273236125707971,0.1583333333333333,0,2
0.5085377989421952,-0.84785343735421359,-0.15011281029170023,0.8608708369350776,0.50410394645160961,0.069141979192177266,0.017050195357426915,-0.16438905054338948,0.98624820957998016,-3.1476898583644219,-27.881557397182014,-2.0236068290228157,,0.203163382354746,0.1428571428571428,0,1
0.30164323318013586,-0.9532819275287826,-0.016276563631260694,0.9532003881296226,0.30189665257121051,-0.016353324916798802,0.020503169173830348,-0.0105819569695857,0.99973378568523075,3.5252431684677257,-10.581047568317018,-1.7856656330895413,0.2803952723590449,0.269927648593217,0.5757575757575758,1,5
0.890128331034716,-0.45560070345949588,0.0099776398293302797,0.45567631557786931,0.89011526787251982,-0.0073420243537459812,-0.0055362180890364309,0.011081918040008383,0.99992326774699358,-0.99311095822643092,-18.572827767838209,-2.0761967830774344,0.5997433863311663,0.5532993010768499,0.9659090909090909,1,5
-0.9290160659811082,0.36511629026486764,0.060160150699675986,-0.36974803661626432,-0.92238470081250468,-0.11177143251048219,0.014681231808138566,-0.12608155412370481,0.9919112375320428,14.53533979909427,-2.6509777252465425,-1.4905010336382398,0.6275748246329429,0.339107927076947,0.1785714285714286,1,5
0.22386870992352598,0.97285254500857121,0.058657705269826957,-0.97391337573180503,0.22559132192451214,-0.024521256962707707,-0.037088236515858033,-0.05163798159007383,0.99797694440775886,-14.629438765156475,-8.452943769444774,-1.2311736927275589,,0.07544496520376588,0.3,0,1
-0.57315300000779612,0.80817813818334439,0.13543904734073303,-0.81936284554751126,-0.56282324179292176,-0.10897029794393985,-0.011839168819961294,-0.1734303764056597,0.98477496851892166,18.828371035534332,-10.760033870203319,-2.0362881907952892,0.4778720594443053,0.3501167553013076,0.3043478260869565,1,5
-0.72526416452930653,-0.68777561794214581,-0.030928805568708716,0.68779518853227783,-0.72183150329951717,-0.076792313913624968,0.030490494936231165,-0.076967397050045613,0.99656728298187947,-6.34339900977219,8.296580089270039,-0.65564730586033326,,0.1128441879415587,0.4,0,4
0.99896280934465864,-0.031360706478434655,0.033012295215594775,0.026572701925902165,0.99026635126928153,0.13662519919905805,-0.036975627899810695,-0.13560626693851072,0.99007259496888278,-7.0843709232051051,-13.156372737740993,-1.7484936845831522,,0.3604023677107667,0.4827586206896552,0,5
0.70904142537411941,0.69884462913069711,0.094214868458305248,-0.70360721327584808,0.71001142982068066,0.028647145585351187,-0.046873729632200815,-0.086602273983836076,0.99513963824741525,-12.087702601561379,8.3884612855276135,-0.56491146197979247,,0.3025138478868289,0.876984126984127,0,7
-0.6790234541631448,-0.73367265759239475,-0.025526068981809022,0.73317288804664582,-0.67597802092670278,-0.074237668722548847,0.037211086112774489,-0.0691241399608752,0.99691383195589023,-13.939702136060632,7.1347054621764707,-0.58363574691583553,0.2323115201426377,0.1049298236563956,0.3650793650793651,1,3
-0.83646187031062225,0.54587769285086252,0.048467349466164676,-0.54796726693016595,-0.83181112125316092,-0.088442822957231812,-0.0079632838414917684,-0.10053757012868085,0.99490139365822627,-2.1775254093450243,-2.6284122740340505,-1.2952100137347289,0.6276081247301283,0.6139216598756939,0.5804360636417207,1,3
0.064663323071244255,-0.99015362580153976,-0.1241549514173698,0.99790480432456097,0.063891725738233887,0.010190627466020256,-0.0021578126296703509,-0.12455378233620969,0.99221051150973028,9.7761291347452186,-6.5252824339921665,-1.6907407484718091,,0.1529977648388092,0.4285714285714285,0,4
0.91934930416837646,-0.3857088031798539,-0.077624584215878201,0.3933706528864756,0.89734886802830038,0.20006133683447613,-0.0075090860157015936,-0.21446148418281191,0.9767035811490179,7.7851360299683217,3.9369333116276497,-1.0929967007628549,,0.3119771704219387,0.2857142857142857,0,1
-0.91040459481973735,0.39680167008308148,0.1170978580093885,-0.4136891674180822,-0.87651733166963808,-0.24612728423251146,0.0049745846101455337,-0.27251752586212663,0.96213795871794894,-14.371601409027765,13.264695291465877,-0.34094120231931602,,0.1249810879525812,0.2222222222222222,0,2
0.27558061299299275,0.94023412940559126,0.20003776554270108,-0.9605138555982552,0.27762901908928256,0.018310132803938402,-0.038320476852220231,-0.19718496306877206,0.9796170840657008,-7.8853632920936292,8.5531006571605452,-0.62307915536752512,,0.1047742058736453,0.4482758620689655,0,3
0.18799678069981232,0.97663921592092706,0.1040819502693088,-0.98153358691339865,0.19063033184025177,-0.015871179647162278,-0.035341593164763672,-0.09917619930120182,0.99444208141286139,2.5809062096583846,3.5627248583527096,-1.0567387164974544,,0.06776767299763882,0.2272727272727273,0,5
0.83555832459572665,-0.54935987732823666,-0.0067831689265507415,0.54940152565771483,0.83548306033473474,0.011225840666995744,-0.00049980371820502925,-0.013106527976934514,0.99991398086067007,-23.001642553335621,-2.0539453645748309,-0.76682532457803643,,0.07364726493153961,0.2727272727272727,0,1
0.45950113034103796,0.87390589048265677,0.15857870536432345,-0.88741808031653535,0.45911162267611794,0.041299741536956071,-0.036713239337135335,-0.15970288821251322,0.98648219728181508,-18.156711721323056,11.088698588359447,-0.33953189322557265,,0.3602288241509171,0.3720930232558139,0,2
-0.55420824578839567,0.83089004026322411,0.049748982819017504,-0.83197996428032139,-0.5511047035380644,-0.063976126596862332,-0.025740227976157166,-0.076846253842331916,0.99671063701263651,0.18019097612621257,8.9880289937371138,-0.71361920650443156,,0.6173868429040867,0.8940397350993378,0,5
0.48224196148237225,0.86478749996543303,0.13994738471715579,-0.87576502219115482,0.47191217349990666,0.10165887275157842,0.021870447918640918,-0.17158519868022198,0.98492649629386475,9.8157996282991444,3.3526829858429004,-1.1284604099372784,,0.5163489615424078,0.3,0,2
0.92248282187572761,-0.38537425535739611,-0.022630215463565612,0.38603251875182765,0.92056672264736461,0.059462623726256096,-0.0020827410580046557,-0.063589248006428109,0.99797398249035663,4.9395413817652241,14.769879349235143,-0.31722671266822888,,0.2660076832887047,0.3125,0,6
0.89845710981720917,-0.43632017759720015,-0.048984940955933587,0.43903459617383167,0.89402400544887772,0.089273182107657834,0.0048420224482200909,-0.10171420895181886,0.99480187701668421,-12.980804339156574,15.338159614431909,-0.24984843260146561,,0.3886399236766296,0.5,0,3
-0.36199757905750674,-0.91539312206476053,-0.17610560704598582,0.93175079131732319,-0.34958993773877989,-0.098119000766103387,0.028252710242501779,-0.19960537945738588,0.97946897697457813,-3.366311389099518,-8.9366764211216658,-1.5804105317930235,0.4253033910052098,0.2974163532423124,0.423728813559322,1,4
0.30213195277611682,-0.95157080372410174,-0.05682683003264076,0.95314560217225841,0.30250437408381337,0.002136520499416024,0.015157314121388906,-0.054809754241636678,0.99838176399040779,-17.985972795335968,-17.221324758918335,-1.3543396920799247,,0.3572499214936654,0.4571428571428571,0,3
-0.77888339172691612,-0.62473470753806859,-0.05520151528083455,0.62626347863146981,-0.77001316621854499,-0.12195810421002372,0.033685567004089652,-0.12956183484119158,0.99099899774328626,-4.5753441457166648,17.681510123105394,-0.16829362359029396,,0.147527404921653,0.3103448275862069,0,5
0.84840468821076387,-0.52829494025680412,-0.03337575648666586,0.52909709411107386,0.84825674571382348,0.022732319595948593,0.016301841160275971,-0.036945222289961908,0.99918431759347159,-16.971238753582547,-13.915491565555795,-1.308000410606371,,0.2582687983828461,0.2,0,2
0.9489829288072551,0.31288386641058802,0.039180185966449128,-0.31532744877634583,0.94164061401617605,0.11782000714411915,-2.9674994940063521e-05,-0.12416376353510102,0.99226173913146243,-8.6306246420956789,13.218134372799863,-0.39090814154998133,,0.1999927092589487,0.1538461538461539,0,2
0.72685562194867748,0.68101018386049494,0.0889158833949064,-0.68602302030317075,0.72605114778072966,0.047139648072518928,-0.032454898793824176,-0.095262061097690726,0.99492302177590752,-3.8071254945987385,-10.344873694947978,-1.6604072987649443,0.8387362143240009,0.7261544028660382,0.9090909090909091,1,5
-0.67292395693525386,0.73818506157008212,0.047499084805661118,-0.73894428200818096,-0.66791437838350376,-0.088609995124661778,-0.033685253005064621,-0.094726965661065879,0.99493321670684653,16.802717927084355,-1.7482775543038316,-1.4867494597728101,,0.1830542528401303,0.4285714285714285,0,5
-0.42360837607887808,0.89726426920626434,0.12438960937941571,-0.90573781404408138,-0.4174290182303767,-0.073430422509153645,-0.01396266186887344,-0.14377011492299763,0.98951260635151239,15.270530561304547,-0.078753515304438554,-1.3453794819247105,,0.1438874446961785,0.25,0,5
0.64530686176286955,-0.75382923062331264,-0.123776190035167,0.76384796775929498,0.63899488869799648,0.090674221076505829,0.010739474463513071,-0.15305888826102312,0.98815871215738837,4.3572549494836119,11.739657715870711,-0.54283887072875148,,0.2592381719758944,0.2380952380952381,0,5
0.64556335222620354,0.718008747844333,0.2602141354374905,-0.76268363465772371,0.62375225483260421,0.17101695242439152,-0.039517485848060148,-0.30886333969938151,0.95028511811034577,0.54006404443146205,7.5284671803873469,-0.79187765021908318,,0.2425353131137301,0.3636363636363636,0,1
-0.45001374838600561,0.87784609571873129,0.16393248151284101,-0.89265846159100659,-0.43695181843174952,-0.11060732036879853,-0.02546560844659564,-0.19611053159014341,0.98025107099450659,-5.8176675769998889,7.3946956151385592,-0.70961365116004516,0.6987520675168036,0.4987094211142282,0.5857988165680473,1,5
-0.96606277189633627,-0.25786880800279649,0.015046548281359684,0.25602869331304506,-0.96363477198442826,-0.076533224307701833,0.034234908447098478,-0.07008355072151437,0.99695349287811974,-7.7462325254299822,-6.1385439185097299,-1.3405868632942954,,0.220128481195667,0.3230769230769231,0,5
0.51054618268753071,0.83919014342595899,0.18735660788963057,-0.85963884269649038,0.50298885692885109,0.089572707522138958,-0.019069752767916968,-0.20679002147619682,0.97819948453638272,3.9681295671559651,7.4812745405447512,-0.85659672134004716,,0.4595698013312237,0.723404255319149,0,4
0.84689750169163291,-0.531755674202535,-0.00072428024803905164,0.53175449409531617,0.84689063403028175,0.0036622399185882526,-0.0013340306985229382,-0.0034866811145270026,0.99999303168417164,-16.463645409883885,-8.7816351826372756,-1.1635557265195029,,0.07772095511689234,0.3043478260869565,0,1
-0.065708970875159214,0.99046092196338087,0.12111768330833345,-0.99691982184214556,-0.059954807468790366,-0.050559765422775363,-0.042815884491077288,-0.12406684941929717,0.99134969456313304,-14.570924258370294,-7.2501133795515802,-1.1800722298231003,,0.1272741227844885,0.1428571428571428,0,2
-0.996047006252894,-0.088775577723712654,0.0030427182697013383,0.083994191594214229,-0.95244029919099527,-0.29292055621857976,0.028902199104603926,-0.29150707243013646,0.95613194152801406,-11.954222738658654,10.401203542906059,-0.49759919508224881,,0.1613789509763058,0.175,0,3
0.41563940314504522,0.90270529162189839,0.11120720763984804,-0.90842622483835911,0.41804094218641896,0.0018880364977560792,-0.044784825322383169,-0.10180828617412616,0.99379544791024732,4.9811344428908679,-3.5502249763697455,-1.4492018903572921,0.2342314740096098,0.1665939815966582,0.2285714285714286,1,5
-0.37234563280268179,0.90757013492280814,0.19410095293163068,-0.92790932077152655,-0.3598654803584454,-0.097371086425642836,-0.018520857380127796,-0.21636378218773611,0.97613712745665171,-15.263853625496292,5.5996663308073096,-0.62447392142877778,,0.2265536271306487,0.4736842105263158,0,2
0.70384141233916087,0.70643771249779952,0.074518619400066807,-0.71011114459030611,0.70247605921912493,0.047639779099136061,-0.018693009523914592,-0.086447351520132387,0.99608103425880679,7.0103058009113575,-12.917392629406361,-1.958350909540681,0.380159063275202,0.2110314722102701,0.1875,1,5
-0.8808232479902629,0.47178257154151276,0.039643549154443833,-0.47343977817050181,-0.87812237915606883,-0.068962770181823216,0.0022764546446838838,-0.079512844339530889,0.99683124215650865,-12.195965233211018,11.934455882095682,-0.42451921186621183,0.2433012522267911,0.1908057522461558,0.4931506849315068,1,5
-0.34714815058416809,0.93234928646136095,0.10105923797942874,-0.93780927790853674,-0.3449670643585791,-0.038877792844935664,-0.0013855737660898424,-0.10827064488038882,0.99412048949939869,7.7233951339097731,6.0500962383745449,-0.94400999080963544,,0.4581769138980992,0.6756756756756757,0,5
-0.63042689847832512,0.77092017851384209,0.090796497923581146,-0.77596420751422945,-0.62270395627079744,-0.10059488804860853,-0.021011290579465998,-0.13387255583159755,0.99077578919920262,-11.960777163939435,22.079486342217685,0.13527273638714166,,0.1783970664537103,0.1666666666666667,0,3
0.99696111709599233,0.072805894775207033,0.027709794021152558,-0.073059700289233365,0.99729337501334669,0.0082585923823542927,-0.027033519792298854,-0.01025796473341418,0.9995818940773038,2.0287171689185897,9.1947837303595339,-0.72461806739841195,,0.08491654120453637,0.3076923076923077,0,5
-0.047006199273801355,-0.99804295598061421,-0.041239244019627821,0.99825819515751513,-0.04546272449102224,-0.037599421308241031,0.035650989196554982,-0.042934819195288777,0.99844158981383391,1.2283330128277321,11.771236735401727,-0.56617238734452613,0.1827315851876457,0.1992042422351288,0.2702702702702703,1,5
0.60119659155886429,-0.7990643650488809,-0.0076680380170754715,0.79902819462074282,0.6012436907264489,-0.0077439371609701558,0.010798263708526228,-0.0014713499466457497,0.9999406145517914,-4.7730724366776984,3.654558349925908,-0.91345448415057617,0.4312752728042978,0.3998884108009776,0.8453541260558805,1,5
-0.25331223567505329,0.94548726628084601,0.20466250403549638,-0.96661471751250727,-0.23894269906427157,-0.092533099224534815,-0.038586255914805807,-0.22126955476218205,0.97444901610593448,7.2469491504042542,10.433546153267642,-0.62117014579210406,,0.2267249992800861,0.3846153846153846,0,5
0.32738946354198095,0.92990210223711245,0.16762523502353008,-0.94410841806877976,0.32914192794598807,0.018024599847578655,-0.038411379737797915,-0.16415745954112995,0.98568600192132305,-4.6012220760745102,-2.6277285470051686,-1.2350342265657372,,0.07609917407903161,0.198019801980198,0,1
0.95968110296361686,0.27575193641409756,0.054525683658362328,-0.27982637186263615,0.95559696529871729,0.092366885419376696,-0.026634230319836728,-0.10390047870803079,0.99423101354741117,-0.67115450614247352,9.9120439563025329,-0.64976980746674085,0.2466490491518583,0.2170322489479013,0.2105263157894737,1,5
0.51042107315418295,0.84829564461931439,0.14094263868693133,-0.85850633439073221,0.51209759621631823,0.026887278784922499,-0.04936802498704753,-0.13472398179007067,0.98965258896216102,-13.677972522382486,11.232675564021251,-0.42323095781494813,,0.1573960242011281,0.1935483870967742,0,2
-0.27355620434245409,0.95999875502541099,0.059744400703430449,-0.96150942484807955,-0.27126228610860564,-0.043776684016151465,-0.025819159437645064,-0.069420187876405942,0.99725333216848155,-3.8778310196195025,7.0090957811951062,-0.78352970567167401,,0.07005750241593636,0.2054794520547945,0,5
-0.5309557395381207,0.84390925316787979,0.076832122638642836,-0.84724656027335454,-0.52695052762067596,-0.067055257402092186,-0.016101824632530209,-0.10069912540793753,0.99478661902218024,-0.45706865571311955,1.918974385351029,-1.0691259073514554,0.5931089131052636,0.6233918370882571,0.7806122448979592,1,1
0.19635814943159646,-0.98053017323511349,0.0020140822521547879,0.98009920638774617,0.19620997733793807,-0.030119602108218221,0.029137995639891851,0.0078882297485223015,0.99954427267706647,-3.9239641622097312,-5.4097036675161378,-1.3900749549002567,,0.765592105718688,0.8007968127490039,0,2
-0.96590820703676072,-0.2530338742123715,-0.054728366320461998,0.25709209534984434,-0.91270556329751018,-0.31760385582420164,0.030413649693115455,-0.32084640129951808,0.94664280311292293,-2.1033945208074529,2.3889459243204443,-1.0148419329288512,,0.1062258065754577,0.2634730538922156,0,4
-0.86041134402982,0.50052712099923369,0.095733589763556906,-0.509598893308017,-0.84467208332380483,-0.1638231961373835,-0.0011344620058872047,-0.18974106776773922,0.98183350940896064,5.348217274100457,10.656815958582833,-0.61460488430013149,0.9049026046577799,0.6382148082117107,0.1363636363636364,1,4
0.10941541852779853,0.99221859085055031,0.059418298182777246,-0.99337595209854501,0.1112628720698466,-0.028719176364938575,-0.035106751212526086,-0.055882387827648129,0.99781996109016813,-0.84928623813999127,4.5299436110084601,-0.94711040641549016,,0.06612050031403813,0.1951219512195122,0,5
-0.17222886531481088,-0.97145891207507173,-0.16310977929692877,0.982593710103005,-0.15772393798523549,-0.098146626291702635,0.069619098086561776,-0.17717432527414811,0.98171403150065339,9.1069249111690169,14.989121991765323,-0.41882862556119155,,0.3652688673881976,0.1875,0,3
0.070226406878477754,0.99520603876015545,0.068067556091428907,-0.99688934758641701,0.072464865162648037,-0.030991482470008339,-0.035775416778398163,-0.065679401126080367,0.99719924579897901,-22.662699549219333,2.3424620936959046,-0.59235072590392635,0.1507848922906426,0.1130062759992448,0.4081632653061225,1,4
0.98823961461441412,-0.15211170283797582,0.015636302839481506,0.15192160210988365,0.98831085269118812,0.01270768528037239,-0.017386515439352119,-0.010182745825667095,0.99979698977758957,6.6600476690810595,11.339429059818704,-0.56435804913810117,0.1233188769015112,0.1118246899160968,0.3571428571428572,1,5
-0.10050584593886225,-0.9928809856355808,-0.063921227267867767,0.99432018848805881,-0.097975142539189222,-0.041572036388610935,0.035013393111553021,-0.067736399430012889,0.99708868336526268,-11.160718089905977,12.156668601844453,-0.43251624432486929,,0.06736008762983595,0.2580645161290323,0,1
-0.247131201336907,-0.96751705792709508,-0.053262669346135112,0.96810064728528,-0.24418917962060435,-0.056149632964413471,0.041319560157379309,-0.065439950919257125,0.99700065535188409,2.9088731570722972,2.1249444561847053,-1.1330570509919573,0.5465466136210544,0.3489251301481769,0.2222222222222222,1,5
-0.67637972403692448,0.72367283337866828,0.13714262335767094,-0.73632879699000842,-0.65975455598625476,-0.15014602418521308,-0.018176128162524782,-0.20253778927664362,0.97910575132615241,-21.158478395657689,9.2847158700074992,-0.31049843073716388,0.8821835114594903,0.6002950706247727,0.8933333333333333,1,2
-0.85925207155698446,0.50635240077051302,0.072753857347700915,-0.51155196797766733,-0.85032798986407321,-0.12351879902225911,-0.00067939915188333514,-0.14335116284028981,0.98967165389796341,8.3190412768824302,2.8852649136277262,-1.1505943189465542,,0.1247693898850978,0.3043478260869565,0,2
0.63942793740483406,0.76241123586144066,0.099302670147533148,-0.76784076435260518,0.63985794244619687,0.031660291958949545,-0.039401439879857218,-0.09649311333328249,0.99455347046533593,0.38430972935461039,3.2139041008254106,-1.036489236015752,,0.0674930117695525,0.2954545454545455,0,2
0.49568110019910855,-0.86695815639281582,-0.051805424130792699,0.86832661472416162,0.49590464834560105,0.0093525349987789944,0.017582294135834748,-0.049619903397686058,0.99861340273387356,-10.739665708733055,10.712352392668038,-0.50589941054955634,,0.06213228787440072,0.3666666666666666,0,1
-0.16555037536145981,-0.98054493152754818,-0.10547374305161339,0.98511662352999096,-0.15940506829805912,-0.064306004741105677,0.046241877800883222,-0.11454982084896098,0.99234068105712625,-10.551620516255309,5.6769285775823786,-0.73024239322276752,0.4457465447897929,0.3223154539832541,0.4409937888198758,1,5
0.17980243671637078,0.97830765738237069,0.10288445586129129,-0.98299390235081552,0.18265722720939265,-0.018955877433991318,-0.037337269476645993,-0.097726479805602437,0.99451267636608554,-12.149591552179025,-4.5772593169121665,-1.140557674824425,,0.08324666303700989,0.2653061224489796,0,4
0.99940198826598725,-0.022354692159648141,0.026380553224644644,0.020617461904796498,0.99771235343637488,0.064381519592610278,-0.027759432893976952,-0.063799118637303781,0.99757660675584581,-8.3035646014747808,7.5009290493025231,-0.69110011812144334,,0.563295390106696,0.7177033492822966,0,5
-0.50401518855711069,0.84991659280862786,0.15365700430606347,-0.86333350578521806,-0.49062211634659142,-0.11808978253937621,-0.024978940977260233,-0.19217628422926,0.98104247017521629,-1.7927819927347941,3.7530991506855718,-0.96682677186556532,0.503905019545144,0.2014945938460692,0.4291845493562232,1,7
0.23301639460470219,0.95211378856276174,0.19794618832927946,-0.97243646606108747,0.22988929815701334,0.038964471862190521,-0.0084070993838166932,-0.20156945260019102,0.97943814325275813,-16.653719171903781,8.8227305604188384,-0.47352626383413271,0.7791914183692659,0.4099529754489245,0.7464788732394366,1,4
-0.72091994202819898,-0.6711782330289694,-0.17261001330794612,0.69136057259738193,-0.67931294565202349,-0.24607820002469111,0.047906114890265625,-0.29673843933282723,0.95375641690026891,-0.26224684641425744,12.143276713240747,-0.53503570095482278,,0.3826846949179308,0.5,0,3
0.47450762032617966,-0.88023558794726886,-0.0052752216553578236,0.88012640111038454,0.47453271067098318,-0.014008018122941031,0.014833621299930199,0.002004049494413108,0.99988796745673247,-2.3203234558108945,-17.952474970136581,-2.0640660166375873,,0.06603893766293491,0.3333333333333333,0,3
0.73114771667076861,-0.68165764210882218,-0.027674453233323907,0.68216402161595202,0.73100268078845121,0.016950760833955299,0.0086754838408898433,-0.031272026393245521,0.99947325944488774,-12.631999182458701,7.372962423276471,-0.59542734443467449,0.179754659671077,0.1705387516198537,0.4935064935064935,1,4
0.16122498554914078,0.97665867222431491,0.14193076482467884,-0.98603039754994115,0.16550242683248118,-0.018788342664144458,-0.041839683820333269,-0.13691889819012626,0.98969826521835302,-11.273034635366276,9.4433428287248145,-0.55284294175805659,0.5074016746829607,0.3091439803064753,0.6220472440944882,1,5
0.91183376428438179,0.39841727440126395,0.099110351475722738,-0.40912754030429965,0.90192493755403558,0.13836929855535848,-0.034261378774459124,-0.16671857268107912,0.98540909040238511,-12.524313041353947,-1.0271264642184241,-0.99547816347072959,,0.08334013446346844,0.35,0,3
-0.65321272960203935,0.72426976401712539,0.22078595701816936,-0.75700618829160982,-0.61854034406710756,-0.21059314720462877,-0.015961227210316137,-0.30469846027165953,0.95231511987052864,0.864398910375893,5.0144036327446555,-0.95160174085093641,0.1466510635187679,0.2424163706285715,0.3738317757009346,1,5
-0.91597858656894071,0.39977478120161491,0.034107964793676865,-0.40116450757391048,-0.91402256191757358,-0.060247773142392935,0.0070899090366262846,-0.068868574987698911,0.99760054759859484,-2.4346808040565215,-10.584098073576499,-1.6962003543963575,,0.08688450673627238,0.391304347826087,0,5
0.55712435381874137,-0.82377581792849763,-0.10490879933678331,0.83020995079073057,0.55541690439094238,0.047576253791536703,0.019075953189909792,-0.1136022187856318,0.99334316522382082,5.1244062886854289,-10.065040663539222,-1.7822576294699644,,0.08483757362909569,0.3888888888888889,0,5
0.99392715488708361,-0.11003412800258076,-0.0011408123328729668,0.10800751446178229,0.97353271741047365,0.2014160493882414,-0.021052021229682697,-0.20031609722159208,0.97950511667681173,-7.6513675090357802,9.9131864635377145,-0.5546362058177694,0.7520883506228249,0.4361100389219549,0.3176470588235294,1,5
-0.97913246959071987,-0.19406070917853488,-0.060332811523269206,0.20229399806296955,-0.95906890993276273,-0.19815136726271115,-0.019409928925102526,-0.20622140323813781,0.97831282701680666,-10.56921930512544,11.761420147058143,-0.46094239170807239,,0.5420854301319895,0.9333333333333333,0,5
-0.64016418374817752,-0.76195015937182198,-0.098090634003892452,0.76801407869746807,-0.63165587584583305,-0.10566564925231806,0.018552432953929068,-0.14297835200718134,0.98955191783392626,-3.6616781651445951,15.107717588580137,-0.31567376036646549,0.6034725441535164,0.6002823651955908,0.8148148148148148,1,3
-0.99624763560016527,0.071668427585225167,0.048520975346150345,-0.084348116849862181,-0.92960239557886837,-0.35878235926242397,0.019391847383949248,-0.36152873000840524,0.93215928554810168,6.4093198333210761,-4.1220910722698463,-1.5092840194309591,,0.3575330417457878,0.21875,0,2
0.57224459793725346,0.79698143474429017,0.19327884727658118,-0.81730613463450863,0.57362008356370964,0.054503963352779773,-0.067429981613741363,-0.18915758616903441,0.97962880989396939,-9.5965689560806986,7.9490572179790577,-0.63556441051317725,,0.4099277355106776,0.9545454545454546,0,6
0.5696524846055957,-0.80108431779591016,-0.18373884337323423,0.82188263765872216,0.55583974049687024,0.12470410097312337,0.0022308513653667449,-0.22204976619180322,0.97503278131371174,-15.17176055243403,-11.233384938302057,-1.2972678926041088,,0.3910155827642161,0.4285714285714285,0,2
0.99821166453054244,-0.057361944187012875,0.016824986010361687,0.054781686168603738,0.99044104894922957,0.12659184577560309,-0.023925711184569851,-0.12544375598424784,0.99181219211546112,-11.324632623312931,-13.310673087728345,-1.5321805507959494,,0.1605240590336606,0.4210526315789473,0,3
-0.9985421572001506,0.030375322394036092,0.044619503398489094,-0.036623852346179188,-0.98850766307704308,-0.14666728836822612,0.039651654863254719,-0.14808760862213122,0.98817903562015719,-5.4960814652034919,13.822701554809054,-0.39004015908469059,,0.07497285790962185,0.375,0,4
0.81139639626288063,0.58284620927425823,0.043888318106756773,-0.5843975259359443,0.81034924788518914,0.04258671309055935,-0.010743361278473354,-0.060202930049439406,0.99812834214939727,-0.75828986074798521,-10.091679082391122,-1.7084756110372852,0.2237405697213981,0.2723768733694679,0.1836734693877551,1,5
0.99474883123177493,-0.10164816038515803,0.011933744313090518,0.098716308292228896,0.98370139812300539,0.15028855514641598,-0.027015796123206186,-0.14832130939671795,0.98857014720184222,3.4719416845438458,-2.8723981511615984,-1.4021858448367552,0.607987897343644,0.4654322632470069,0.7943548387096774,1,2
0.93984253594509726,0.33966334886894473,0.036398036532526774,-0.34009248210289816,0.94037194767916177,0.0061403285898299605,-0.032142047933812118,-0.018149640581420958,0.99931850743463513,-18.861079704218731,-9.9597581315272432,-1.1220914480340276,,0.108762656346526,0.5294117647058824,0,1
0.9657264464179951,-0.25947359886066368,0.0067736388424017744,0.25923944875302396,0.96549846571767961,0.024649967688326498,-0.012935953737553761,-0.022049131300409638,0.99967319505416286,7.3449384532229915,-5.6221809726126137,-1.6028268825389309,,0.06972670840476833,0.2758620689655172,0,2
-0.99978191960648399,-0.019394934646907787,-0.0077427216156233485,0.02059132545589509,-0.97732680717205944,-0.21073279122822472,-0.003480020681587362,-0.21084626743888865,0.97751303876886764,6.0371723750571205,4.0482581977803154,-1.0856895127352351,0.8605140325196874,0.6860524820536917,0.2569832402234637,1,2
0.34739196424235202,-0.93402816494463725,-0.083127674513330224,0.93669542017057905,0.34978911742841451,-0.015788070183328957,0.043823658123246165,-0.072380663293484249,0.99641383298802744,-6.631906282307984,-8.1689768167716288,-1.4553559224003101,0.7350534016217357,0.6309500728766106,0.52,1,5
-0.0084054543036429247,0.98815850263779392,0.15320614218295409,-0.99949825067911724,-0.0036233357973202429,-0.031466145729743163,-0.030538422148744769,-0.1533937583552018,0.9876931505636416,-2.7979461894259838,7.3093500578184454,-0.79523342613327086,,0.07884236010793411,0.36,0,5
0.73701774614009063,0.65704944080928285,0.1584009918112595,-0.67490454147733603,0.72800810282829131,0.12044941722407645,-0.036175983301751265,-0.19567890675430957,0.98000054269555925,6.9074623079798139,6.2828635628998475,-0.94524502129694543,,0.6347291225100603,0.4666666666666667,0,3
0.95510270356152183,0.29283990789847436,0.044984597269351695,-0.29462036123681534,0.95478126050343892,0.039894703108984755,-0.031267689299999089,-0.051356917094764622,0.9981907626663159,1.4460067278005451,-2.2865225108461522,-1.3096939700306836,,0.06535978478062102,0.1219512195121951,0,3
0.99854670794489198,-0.041861012367909414,0.033943006583861852,0.03683518847322368,0.98986579883205494,0.13714543081240346,-0.039340067902336413,-0.13569582140254505,0.9899691930112412,-7.8494198636054753,15.534060165791892,-0.25504741791421842,,0.2150091077199029,0.1,0,5
-0.46717099800969947,0.87686372204084317,0.11340754643012486,-0.88409622686870382,-0.4616523677604924,-0.072463459603122643,-0.011185716568175288,-0.13411601063933704,0.99090250551456704,-9.5210302165080432,6.3613242113848427,-0.71478576164168584,,0.2818990708885475,0.2375,0,5
-0.96444611691914539,-0.26233381134709011,-0.032010294964122672,0.26235950900072019,-0.9358161615042071,-0.23540518240776137,0.031798987349942291,-0.23543381934556423,0.97137003305222336,5.5146391551997898,13.422122234232859,-0.40328674903432593,,0.4078970821807252,0.6666666666666666,0,5
0.28709670959102085,0.92474520022483686,0.24984353904621229,-0.95684237497042057,0.28911520967448062,0.029411987281499942,-0.045034973109518942,-0.24750497004304431,0.96783941901589121,-10.076167543330056,-13.447994278841824,-1.5877982936839363,,0.1777959274269278,0.25,0,4
-0.9092871168266875,0.40488270760747863,0.096264906655784951,-0.41560187414017552,-0.89549625620773454,-0.15925306065851697,0.021726053120244084,-0.18481463199208176,0.98253322102484042,5.8850972559746877,-11.537919801381404,-1.8680778377465357,0.1622949450069054,0.3638729543475888,0.4285714285714285,1,4
0.86611519434823836,0.48320965490090745,0.1278784560809961,-0.49368210763477294,0.8670172441802152,0.067520921908946721,-0.078246065207152646,-0.12161220212088648,0.98948876980737233,9.3139588564274369,-4.2923289990541464,-1.5859162498346118,0.3110627212712386,0.3105033700508559,0.3870967741935484,1,3
-0.87216837036682948,-0.48649121864340478,-0.051464822107205224,0.48599872401695132,-0.8496164772534851,-0.20483427895075568,0.055924717125495189,-0.20366181714360601,0.97744272990912373,-7.8963683881008073,13.288705730611889,-0.38616915338702307,,0.5139188001543202,0.8041237113402062,0,3
-0.29124759956028451,-0.95347228766737613,-0.077880885977956879,0.9555447139118064,-0.28603794793339854,-0.071530357592100746,0.04592532488263603,-0.09525171385539298,0.99439327006071077,3.5979620316724179,14.680938628400208,-0.32809282073190704,0.7194352361554952,0.2696581193362205,0.1538461538461539,1,5
0.28420781343033841,0.94320024472561492,0.17204423016970358,-0.95801299782917182,0.28647091208009817,0.012062857139158658,-0.037907977729088743,-0.16824896695533256,0.98501536553647429,-3.6131912085438884,10.501788536286817,-0.61316483055618054,,0.09829340633619661,0.282051282051282,0,1
0.90268909324416013,0.42746905576608812,0.049219988830623146,-0.42831629441875257,0.90359642770857973,0.0076581830536907322,-0.041201369800362216,-0.02799468154389877,0.99875860193133326,-9.741003682621665,-11.659944122979354,-1.5302177625818461,0.3338676252049174,0.2910223740656056,0.8461538461538461,1,5
0.25331964953570402,0.91244845189629054,0.3213517975539763,-0.96670148625744012,0.25122984724884539,0.048701132625217497,-0.036295889943151714,-0.32298821415554074,0.94570673143943007,-0.78515069260998871,3.0729218003394894,-1.0150584043285176,,0.1471999632270638,0.303030303030303,0,2
0.70183016558023203,-0.70692354924065581,-0.087712679873657398,0.71109108222418016,0.70256481334115284,0.027425459634357535,0.042236139298811981,-0.081619719332437127,0.99576821095736234,-18.569977864687768,-1.8618835378152323,-0.88577102465323287,,0.4948962417990624,0.2258064516129032,0,4
0.98955742871991059,-0.14407628685478258,-0.0042566220618003373,0.14202842902481175,0.9696061051332584,0.19922832689418521,-0.024576830836838499,-0.19775243223396965,0.9799438529485075,17.261709198579442,-3.7413873598044343,-1.6025647750587191,,0.4037155517483327,0.2333333333333333,0,5
0.43589392445715969,0.87765149261353181,0.19930966894402474,-0.8991278731671688,0.43439585644808987,0.053565918218726229,-0.039567086261445408,-0.20255393704880523,0.97847143457068253,2.935241268558392,10.200361177525508,-0.67045581082511996,,0.07282125161624953,0.4545454545454545,0,3
0.28926093917556928,0.9138261431899497,0.28504366172544493,-0.95649691411761972,0.28773330804132946,0.048199551108545756,-0.037970545831466709,-0.28658563025067341,0.95730189291732115,-11.998001037089836,18.102740320363097,-0.076127553624890404,,0.4828932873482339,0.375,0,1
0.70736256758545923,0.70232013740103938,0.079903833324153975,-0.70611382528542321,0.70725664285228562,0.034515313733243146,-0.032271717024298402,-0.080836042346851655,0.9962048336250956,-2.5474971052689424,-6.9163455302512871,-1.496800671280472,,0.1084606025574369,0.3508771929824561,0,4
0.66307192435406026,0.74668995504190505,0.052817934197765024,-0.74849493376886478,0.66226455055741151,0.034073438296285966,-0.0095371513432769145,-0.062127096459642123,0.99802267841454784,-13.696063571166288,-5.7519911637318426,-1.1659603435081449,,0.1479262600438162,0.2083333333333333,1,5
0.99289180845877312,0.11345542403607876,0.035968367383867876,-0.11401379611012386,0.99338239554756091,0.013866164312758457,-0.034157151403863488,-0.017868491066199588,0.99925672678996336,-5.2704051486408687,-24.753020543249487,-1.9477050489410705,,0.1280316489012839,0.1,0,2
-0.43127545665527195,-0.89444150981282233,-0.11821956695296054,0.89979058020781433,-0.41679567858940891,-0.1290669364263333,0.066169420853379901,-0.16203625468688482,0.98456379169202424,5.565869144470331,12.180869190563861,-0.49634103978037819,,0.2099576521907194,0.2,0,3
-0.39786093265331907,0.89737473952714453,0.19085401522321019,-0.91638269855366528,-0.37869461595795706,-0.12974258220013402,-0.044152327908436727,-0.22651482225904279,0.97300647851760014,-1.2824663408172265,7.4273348546593114,-0.80048937800161091,0.6926661226822149,0.4874000144314403,0.2676056338028169,1,5
0.31404875570013119,0.94148246189520135,0.12240977488317248,-0.94881067206367009,0.31580043992660872,0.0053282943092731218,-0.033640565115426374,-0.11781704497189681,0.99246534261545083,-9.4874219850096448,-7.3347462984245153,-1.342214665673932,0.3606326016944923,0.2859640448113181,0.1777777777777778,1,4
0.81824483227236211,0.56601380384482469,0.10051750253904868,-0.57399676927031273,0.81404914405639439,0.088609818464413112,-0.031671806497557187,-0.13020124775963249,0.99098160010921377,1.6115708613282418,13.452590454022662,-0.4623015884688324,,0.2412262360476679,0.3125,0,5
0.12021192460994522,-0.98626634890856812,-0.11325979954129969,0.99109422592289331,0.1258110298699055,-0.043632787045694045,0.057282881595411693,-0.1070059520477077,0.99260686966315637,-10.411007834413004,-6.3449177043601077,-1.2774148618378804,0.6959911531872705,0.5847679298512508,0.8661417322834646,1,3
