axis_00,axis_01,axis_02,axis_10,axis_11,axis_12,axis_20,axis_21,axis_22,location_x,location_y,location_z,dbh,dbh_approximation,score,reconstructed,number_clusters
0.70367108875726603,0.71015459599565611,-0.022966249876951346,-0.7022827676103327,0.70005337496445663,0.12932202642413734,0.10791623216520965,-0.074871369608952784,0.99133665565646489,-25.372438906680209,-17.199339464092962,-1.2175483522132797,,0.2352890517054619,0.6153846153846154,0,2
0.082854752094948275,-0.97224820127129397,-0.21878876840463871,0.98702093181204442,0.049753214557466487,0.15269020206314202,-0.13756732977044037,-0.22860020290002522,0.96375161582946212,-17.840741055310989,-5.28331253102467,-1.4303775207465907,,0.2035970966180975,0.1428571428571428,0,2
-0.94067179659343547,0.33706692135640415,-0.039018734231064285,-0.33623472375778324,-0.94140758820751358,-0.026418997044551761,-0.045637502486507185,-0.011732152088534925,0.99888917051601178,5.8683870505823101,10.581640877292925,-1.2904372980358072,,0.4832764670103815,0.4444444444444444,0,3
-0.54247941437968994,-0.83336549686146477,-0.10591521899666385,0.83329311914114923,-0.5497910143784478,0.057900069954454521,-0.10648315625619893,-0.05684882716081241,0.99268804177554026,-21.392286451480288,-8.2334257225411669,-1.3994626560272068,,0.0876049482401674,0.4615384615384616,0,3
0.34005933011008455,-0.90139497407042957,-0.26804244575374286,0.94016777500564819,0.3194833816535676,0.11838464295730168,-0.021076215172735325,-0.29226267221075036,0.9561058119194874,-23.460082110606852,1.5776698621148353,-2.1152016252998234,0.9094245078388028,0.578818840367946,0.9508196721311475,1,3
0.64728934081015665,0.7613050292816117,-0.037830697377625941,-0.75495171060717836,0.64715530928377429,0.10600905771262295,0.10518756544786283,-0.040058183388008366,0.99364526769808803,-5.5465093966280472,6.637316384906276,-1.5985432288694368,,0.07845882411811711,0.2432432432432433,0,1
0.36504615534395657,0.93056601514646342,0.028074827212782493,-0.92639220438066527,0.36008522903818568,0.11016402085639776,0.092405563313727693,-0.066223253340115321,0.99351683054980178,-9.4991185858605824,-16.618733882169838,-0.94698437635517962,0.3658946392815636,0.3729487676261052,0.5176470588235295,1,5
0.27260018619753612,0.96210517491701741,-0.0065399451804647769,-0.95829168774023599,0.27211349739549112,0.087357230628974172,0.085826451010386495,-0.017546422230443268,0.99615558191171749,1.7131089916735023,-5.4422848830318342,-1.1426767985092707,0.3205813189682012,0.2536570546203015,0.3184713375796178,1,5
0.72654649236073121,-0.64709388495484843,-0.23108374778932472,0.68647243441831518,0.69815133332948998,0.20332317269324912,0.029762244910472489,-0.30635636083538098,0.951451516869668,-22.936207880730716,-3.1848130184069872,-1.8495360402141277,,0.5689668046050896,0.5,0,3
-0.31263859576179004,0.94978138346298002,-0.013131339126089988,-0.94807946966831802,-0.31116980410845846,0.065716605242095771,0.058330332019781078,0.032995100215818925,0.99775192093436305,-5.2346197289327003,-3.50642176018318,-1.3391751859365475,0.4645850658424986,0.4006684955839847,0.9584988962472406,1,5
-0.94867997287668782,-0.2821443082984223,-0.14283171341649673,0.30322384360201687,-0.93980731089519887,-0.15753577072892258,-0.089786467431940742,-0.19276101183263433,0.97712925582205001,-16.846801884037504,11.034616956548646,-2.3863827072643633,,0.3241409907825601,0.2,0,1
-0.80212437427254679,-0.58068971045898343,-0.13926933749012085,0.58790490797283323,-0.80881469482724144,-0.013660476308369123,-0.10471058866862548,-0.092834528051682436,0.99016031177890185,-9.7458442061573436,11.896253347192877,-2.005985924495334,,0.09425494246154953,0.4285714285714285,0,4
0.98472923640203047,0.15663383530628769,-0.075987976761559703,-0.12304791488321452,0.93497610125773334,0.33268438604746825,0.12315657358811895,-0.31825387933869781,0.93997176908027535,0.0031617476057020418,-16.823251597865241,-0.62418358839982147,,0.2596711890318885,0.3181818181818182,0,2
-0.50214708469660252,0.86398895114148322,-0.037032386314455414,-0.86409493771647017,-0.49958078708521136,0.061310486770950495,0.034470914456588071,0.062786379739243989,0.99743151472959113,6.5535152935853676,9.4808699286424343,-1.2391622795005004,,0.07243914062756721,0.3,0,4
0.58565876289567287,-0.77639306682434628,-0.23284677199951759,0.81006986963079519,0.5506706693354001,0.20136687972466658,-0.028117961516721489,-0.30655443190531079,0.95143773339055449,3.2355561174868188,-9.25789534446678,-0.96627559886165926,0.5738432503127782,0.3105581750051019,0.7555555555555555,1,5
-0.97706117624892397,0.21289867022616793,-0.0050610357633419081,-0.2067941698459107,-0.95418637047724353,-0.21625110800457195,-0.050868744674987539,-0.21024396926283948,0.97632466126990625,-22.493696933441075,5.5164034550595433,-2.3193457400145108,,0.6123192083127841,0.3793103448275862,0,1
0.16636779440060062,0.98479528985951925,0.04999994056780134,-0.98077064358988852,0.16001501501459817,0.11173244668471494,0.10203284597890144,-0.067627154608057516,0.99247965535876981,16.112216964910843,-5.536680739561171,-0.12664440233241975,0.6657230028723449,0.6119259852304441,0.868421052631579,1,5
-0.87721202929636888,-0.46251316038089779,-0.12876580342707242,0.47563754037271483,-0.87370819010273637,-0.10199474856870762,-0.0653298235566242,-0.15071687039569828,0.98641595644646074,-15.398336771778528,3.0154152733427102,-1.8802759190621741,,0.3070073905456351,0.3266666666666667,0,7
0.9383364979326968,0.34477376192266201,-0.025606048838094884,-0.32815834667780458,0.91152443027937491,0.24786147847043982,0.10879667344681666,-0.22417463302871263,0.96845702937887257,-17.564486789142709,-7.5168743465136405,-1.4214429802543889,0.4129009829879,0.2350237258106661,0.4488188976377953,1,3
0.97595878135671577,0.21122218029920828,-0.053755442909198557,-0.20242950898125178,0.96985570554591349,0.13565472462708089,0.080788309713254527,-0.1215117318191479,0.98929679472036514,-7.8926541517898157,-7.2262744142182767,-1.3340544407982959,0.2865366764777411,0.2110522002586029,0.3577235772357724,1,4
0.79225176549397669,0.61019216392387721,0.0016319183722528084,-0.59935727756403179,0.77767676961900534,0.18970950378402635,0.11449014762288452,-0.1512757914566813,0.98183890787462991,-21.11090137187016,-3.2209074187039395,-1.7420235496544003,,0.1169283043210907,0.1666666666666667,0,2
-0.56634664554639069,0.79957603684763934,0.19982401851972895,-0.82374347114755553,-0.55693898280083309,-0.10613982842717386,0.026422922248064605,-0.22471566642269433,0.97406606472255119,-0.79849235461658141,1.4634532811965917,-1.3502844674381387,0.2277562886682092,0.1270272865608807,0.1623711340206186,1,3
-0.99597081844437774,0.055813245623167106,-0.070192666427800365,-0.052074261113822538,-0.99718133359363692,-0.05401536135087244,-0.073009589347467652,-0.050142492413360572,0.99606994248290137,-1.6725055379269076,5.9452805749529878,-1.5191291143408736,0.2422725749491673,0.1664506851614601,0.4672489082969432,1,5
-0.424298330290728,-0.89643840648309103,-0.12794182386755396,0.90043210762733472,-0.43264093184486596,0.045208889017555771,-0.095879854329758901,-0.09602086999429911,0.99075074870486046,0.074180608456805935,8.5828373024705442,-1.473233258989922,0.2109949375385148,0.2023870005376992,0.6513761467889908,1,5
-0.29815574952966556,-0.93741684618492183,-0.17986885642355074,0.95042977828738961,-0.3089806577145352,0.034845224965200421,-0.088240498451592361,-0.16056341316441258,0.98307324487344638,-31.024057656845734,-18.452796155984156,-1.2810645475555187,,0.4479258402552536,0.3571428571428572,0,2
0.96181329575901653,0.26858020045499892,-0.052724377898005784,-0.26043330499121387,0.95729030640257917,0.12557771664993031,0.084200224183386671,-0.10705113353537805,0.9906817738589212,2.0728684494786576,-22.507433982565171,0.0099296489307204739,0.2260230141752764,0.1603011967173417,0.3125,1,4
0.99776233818564486,0.034570182382150226,-0.057229528989679132,-0.017721514162083802,0.96207978715246678,0.27219190121763059,0.064469096737264087,-0.27056863388561903,0.96053961392706344,-0.88507479618989049,-6.4114752340604575,-1.2280643290051172,0.4631250971164859,0.3456136414977094,0.3333333333333333,1,4
0.43312013463262611,-0.83374629441689441,-0.34245301213730583,0.90030398110055343,0.38200419142640968,0.2086277530606859,-0.043124130023819804,-0.39867269066083888,0.916078814912198,15.237278616778932,-2.8356104409595591,-0.30846557516861128,,0.09585301019911553,0.3333333333333333,0,2
0.93541819151770356,0.34990827393996982,-0.050566854817157073,-0.34203319539258442,0.93185873844339329,0.12104786175817399,0.089476813908892963,-0.095934828998851016,0.99135786089467937,-13.556223271476174,3.2075099886913834,-1.8097912412792214,0.2460070721934712,0.193895953816641,0.7228260869565217,1,5
-0.73143058292552199,0.67587193088166042,0.090589378006073529,-0.68190318545914674,-0.7257456360098018,-0.091111566079161224,0.0041650956651755186,-0.12841497131964238,0.9917117762329315,6.2460419391436446,-9.1723837619608286,-0.69264863367214269,,0.1730653154068447,0.3,0,1
0.056931274181517146,0.99427470126562045,0.090424822052522197,-0.99740370418330992,0.05264137882077579,0.049139964563077967,0.044098536273689461,-0.092987653261112843,0.99469021078902231,-23.91479575330424,-4.6156886469524769,-1.7983466870398974,,0.2166004382971049,0.1875,0,5
0.059065110900125735,-0.97986379202373364,-0.19073086209427664,0.9953797111818391,0.043321101243057498,0.085688463369633455,-0.075700351663093995,-0.19491082901665283,0.97789530395136193,-17.708989792287678,5.0172396435469055,-2.0507405135849912,,0.08347194209723278,0.4545454545454545,0,1
0.90329416327067635,-0.39100753259561916,-0.1765581039052459,0.42547751449553733,0.86924443146420405,0.25175981217655369,0.055032165683622569,-0.30253467209885138,0.95154833451496934,3.4426963424849926,10.653380775686177,-1.4019147002278434,0.6878315454534083,0.5296531362480863,0.2962962962962963,1,5
0.6245774584048871,-0.74355104732837629,-0.23881967772644794,0.78089185118855697,0.5987270362875573,0.17813998081740504,0.010531628544467306,-0.29775455669929091,0.95458436440422012,-8.8454750005135132,14.856096910607745,-2.138414802104923,,0.3548968053778591,0.1578947368421053,0,7
0.91706372772708877,-0.3871206175563896,-0.095560173451370967,0.39766536871734726,0.90552621629275221,0.14793419526745211,0.029263865264055486,-0.17366605618050973,0.9843697105866861,-8.7903625161992789,-13.977954937152656,-1.108989310972482,,0.06914319829290345,0.25,0,4
0.037676977377575145,0.99528825371968022,0.089340569638427819,-0.99673261285521397,0.031037953436217611,0.074570395716459612,0.071446090491417938,-0.091858246522129261,0.99320567794358272,3.0842079250467975,6.2170865529095067,-1.3237605471244969,,0.1428266772484689,0.2258064516129032,0,5
0.92723246766646938,-0.35005958898819917,-0.13303471375006637,0.37117791668100714,0.90621070921559788,0.20250704844846787,0.049667948150657705,-0.23715065814872993,0.97020238108660994,6.5951379637914513,-7.9029709252088827,-0.69303000128521686,0.6060987242210533,0.5049057514586951,0.5909090909090909,1,5
0.4265110544262315,0.90377087662129674,0.035868133815371003,-0.89850589593529118,0.41880835251874904,0.13147896725351746,0.10380498746083666,-0.088304962667476519,0.99066985325412604,-2.4129110702309102,15.797657494523706,-1.823273370807025,,0.08699002992562527,0.1538461538461539,0,3
0.2109178644657011,0.97666875507758288,0.040395510944063066,-0.97297107649096748,0.20578541603571582,0.10478381009972372,0.094026266336783709,-0.061404441225461029,0.99367427049136814,-25.874303523536973,-4.661863539579552,-1.878408833919212,,0.2985477639302921,0.2857142857142857,0,3
-0.091435375441708308,0.99566115409803191,0.01727536795580592,-0.99376574822784547,-0.092345140355391972,0.062466092417351578,0.063790357946824555,-0.011456058349955828,0.99789756436224364,-2.0490714734367108,8.106196451821992,-1.5376977590652969,0.7093335501506385,0.4534827145191024,0.4418604651162791,1,4
0.81127009124724148,0.58464589499106534,0.0054787332285450661,-0.57388599035853149,0.79447785606821375,0.19864492514902835,0.1117842078198026,-0.16429885479622733,0.98005621124236975,-4.1476917262471735,-6.9432007177819921,-1.3128351916194383,,0.726118948005496,0.6153846153846154,0,5
0.87042962762978571,0.49202851613787524,0.016130798226756116,-0.48248324693375139,0.84611843578435553,0.22648070349170948,0.097786398709311967,-0.20491835430969907,0.97388207104067159,9.0316624677758401,7.7087959639646417,-1.0524501450515762,0.6310750190297825,0.4450850287559215,0.6875,1,4
-0.72158171811257255,0.6864005388879395,0.090410863838675998,-0.69220951298516853,-0.7177076081661159,-0.075774529449616018,0.012876886989692068,-0.1172607751757639,0.99301767173934796,8.7901282821931215,5.3008502645962219,-0.92319325777914119,,0.3303068603554812,0.2857142857142857,0,4
0.97782066114741228,-0.19144830499894225,-0.084937042250537859,0.20297225134505573,0.96621914500752892,0.15881696699294889,0.051662557206910042,-0.1725343743546538,0.9836477366663795,-0.49372465943589938,12.081367768851418,-1.5728460531377793,0.2933233103384814,0.1510342722156825,0.2954545454545455,1,5
0.3661178308946561,-0.92630523929938158,-0.08897380259102465,0.92948994302568622,0.35941607899759687,0.08287658277281737,-0.044790397576917322,-0.11304284941785553,0.99258003933203953,6.053202182160434,-14.502435766500456,-0.35247900886594385,0.2054007980846023,0.08937241181737757,0.375,1,5
0.87893430616010904,0.47687864577950573,0.0078257686108714839,-0.46675745187492279,0.85667546056660981,0.21964661705160587,0.09804063736061347,-0.19670768277444164,0.9755481130951118,-9.7250388182155536,-10.653699789564669,-1.2575022589951363,0.573821085121814,0.3763259231717389,0.835920177383592,1,5
-0.94307452870496344,0.31535567212334054,-0.105646738556134,-0.30994861142534003,-0.94855443504150527,-0.064624624088620769,-0.12059142417027645,-0.028200776988021755,0.99230157945750419,11.942896597404083,2.5670832460467912,-0.67351324096323462,0.7378472210608027,0.4236136612068834,0.2222222222222222,1,2
-0.23931292954470887,0.93583393164705286,0.25873572256406602,-0.96901524869756539,-0.24698332495687081,-0.0029470298345451325,0.061145478527247908,-0.25142412289052329,0.96594365305871033,2.0753916051833294,-6.6599321332495469,-1.1018937467832373,,0.07881861841848654,0.4,0,1
-0.97310475308990052,-0.20294997211762872,-0.10898829446917128,0.2094620083929836,-0.97643638349330941,-0.051938964472601663,-0.09587912470304838,-0.073370960249694611,0.99268519463031035,2.7820433410581518,17.790647353766385,-1.7455616146836945,,0.3795860050823872,0.1538461538461539,0,4
0.97679529947920685,0.21115421180454724,-0.035844689321123821,-0.18986629696543261,0.9311590262485806,0.31127746001345924,0.099104652726103956,-0.2972486613476954,0.94964282819123236,-20.238641841612967,5.7039064453982373,-2.1789066714850351,,0.5159840167672456,0.1764705882352941,0,2
0.53564073915486388,-0.81292233087435217,-0.22857445728567694,0.84433318559195969,0.51115227913267203,0.1607010244074657,-0.013801096542125744,-0.27907101516152766,0.96017128588130052,2.061055423779814,-3.6113165937665332,-1.2169205236319789,0.2936401508891646,0.3861751962891787,0.3439490445859872,1,5
0.51937865640762182,0.85212632423777801,0.064238141389883471,-0.84821254158758996,0.50493773358011496,0.15991675803522898,0.10383301768577503,-0.13754494810057599,0.98503811687176646,-25.046495180733391,-20.629336421899591,-0.97036167287315722,,0.8319659018834999,0.3225806451612903,0,1
0.82474831440961927,0.55985779906670852,0.079683515877967889,-0.56143885930097359,0.79379890805469588,0.233815527367188,0.067650758645525555,-0.23757638433850162,0.96901023547707243,-20.729350278315547,-5.6208637127930023,-1.5404529197395329,,0.3886425953307392,0.1739130434782609,0,5
-0.37538913271382468,0.92656220251679167,0.023779905542159769,-0.92652360099814723,-0.37582504192602711,0.017594165360307185,0.025239172605070043,-0.015427985238888327,0.99956238496538063,-13.418337525405844,-1.5858839304943422,-1.5273408615468929,0.649604242643715,0.4251112257092874,0.1016949152542373,1,5
0.84405279828165525,0.53436826762415635,-0.045004758295813407,-0.526440464676321,0.84166073409650677,0.12028152739098263,0.10215336932419711,-0.077831633906056949,0.99171917693429068,-1.3751583925547637,-7.6629212118955037,-1.2514356399468807,0.2392934907004025,0.2334070880197175,0.6888888888888889,1,5
-0.37083188540636447,0.9286825458662451,0.0056957676700225869,-0.92742048646907305,-0.37063583509725651,0.05020277899905505,0.048733500217301669,0.013334419565511428,0.99872280399088809,-5.0626891555760096,-21.313547075106726,-0.52363053136516946,,0.3903088931317009,0.3333333333333333,0,1
0.99756138955523654,0.0028340342600825952,-0.069736950882856349,0.007882758536511698,0.98820718954804954,0.15291962805147077,0.069347935704534805,-0.15309643619417726,0.98577499716627115,4.5207158099407128,-7.3194859959456213,-0.94614543180075239,,0.07461078869183799,0.3076923076923077,0,5
0.98409913183852427,0.17122533684333882,-0.047231162779962053,-0.15855158088934285,0.9666867105723248,0.20094327508117379,0.08006431734644523,-0.1902595270301681,0.97846360047888548,-3.6921035399461215,-20.403241493391153,-0.52947890098620964,,0.1306685807921413,0.2857142857142857,0,2
-0.47415917470296687,-0.87518205685187667,-0.096069997447278593,0.87454064925398911,-0.48077975918144916,0.063478153437539403,-0.10174345112788979,-0.053918369095760102,0.99334841804204865,-10.333256056538152,-15.124524117745736,-1.0611199673740803,0.4316640102808465,0.343544081446782,0.9375,1,5
0.99374349557303088,0.092402101981178916,-0.062735289556624968,-0.083477931329800859,0.98767232833318774,0.13241905763823197,0.074197708773188001,-0.1263535650243402,0.98920648836249025,-25.619824106127172,-8.9490148394901219,-1.5269272893987054,,0.09647089053977898,0.3157894736842105,0,3
0.50595900820750361,-0.83911195474428357,-0.19974135630586107,0.86255365778018678,0.49151077396321136,0.1200764195339946,-0.0025825304835095878,-0.23304138362812421,0.97246338956949407,22.424519802699898,-2.0702024158790713,0.084685146387529178,,0.2306876864953883,0.2105263157894737,0,3
0.98171193710814353,0.18140169903585396,-0.057750291135913373,-0.15539365498236615,0.93881541512368405,0.30737343463182915,0.10997492682697589,-0.29277814111209088,0.94983497280124995,5.6178107323314066,-12.066876365104008,-0.57418506308124417,,0.3285333030207261,0.2432432432432433,0,3
0.21982325773848244,-0.95978048602861687,-0.17464006984627842,0.97340804956262106,0.20397151017919637,0.10427076331317472,-0.064455445106947978,-0.19291718864292612,0.97909573276680928,1.4422553223799506,10.788179630730674,-1.4571688401678078,,0.2179904032855073,0.2173913043478261,0,7
0.98516735078106232,-0.14632755422023319,-0.089630005193283305,0.16255192588653236,0.96315422907425441,0.21426806203202076,0.054974197089203397,-0.22565942899046629,0.97265392599942468,6.7065795814873983,-4.4001949815963934,-0.8417619371741617,0.7277190461403643,0.6641519403148628,0.7,1,1
0.98958071360044919,-0.1100324677298099,-0.092859395406797218,0.13131508618550269,0.95423468523167865,0.26868664581793977,0.059045401261415741,-0.27808096221440504,0.95874116373700735,-3.0355269858363192,-9.6553316771235451,-1.2662281943419946,,0.1141012237738557,0.2727272727272727,0,3
0.56048953405857416,0.82592255114897972,0.060855745122074922,-0.81747533560867613,0.53999495717950086,0.20034850109793903,0.13261054966436248,-0.1620413086971019,0.97783283663080478,9.7021882401991526,10.622458877771209,-1.1320991233740254,,0.4603172749858276,0.1538461538461539,0,5
-0.97162483395532262,-0.22104303483280499,-0.084173385301988576,0.2185898708499435,-0.97509835536621503,0.037438826422712353,-0.090352921386630633,0.017977044084285791,0.99574754605918825,0.23808291950448518,14.227562169034771,-1.6614733519632603,,0.2494494647929965,0.7818181818181819,0,5
-0.96472706099472771,0.26301652481858989,-0.011135773741746454,-0.25923491658605008,-0.95651665408970199,-0.13369049506851952,-0.045814362454354121,-0.12608805701332021,0.99096056736456839,-22.846387205853727,-1.3945296116277175,-1.9672415012919477,,0.2505779211045142,0.1666666666666667,0,1
0.91271866974579752,0.40533287431551274,-0.051477090988006083,-0.39743778562136556,0.90996813480891059,0.1183266672934669,0.09480420063398072,-0.087540017315043919,0.99163950552135371,-3.1566394157776121,-12.220830830331488,-1.1365081493685634,0.2066301536897601,0.1596267369039318,0.6422764227642277,1,5
0.76384576668027571,-0.63670927022924317,-0.10555069838123439,0.64538032205751339,0.75477826198964459,0.11744792517891497,0.0048871899453755488,-0.15783244416797246,0.98745381408063937,-5.4164818485068009,-16.417294200585594,-0.96826595453423614,,0.09257040708644558,0.4722222222222222,0,5
0.49124075891321811,-0.85656753001329144,-0.1580334879362425,0.87017266173346131,0.47459658453380721,0.13250517242941148,-0.038497474645340958,-0.2026083623046539,0.97850283391013126,-2.55996684290416,8.9362395298744755,-1.5626515268730206,,0.0749641083420743,0.1702127659574468,0,5
0.9991257558088793,0.0051944985795453948,-0.041481818473193176,0.0026280109023579857,0.98248407560583151,0.18632802993551953,0.041723106763913657,-0.18627414840890258,0.98161149341096543,8.727902202323758,-18.471702231210031,0.17729564602282863,,0.3844020189678817,0.6363636363636364,0,7
-0.10143086641239195,0.99482049664768046,-0.006630142418874667,-0.99256874595678402,-0.10074644756067765,0.068245423683069947,0.067223982986800018,0.013503064599071871,0.997646532273743,0.31629946612087945,7.6337570328230457,-1.447246691265456,,0.07942375247235986,0.25,0,5
-0.75912084303502447,0.64422653586491663,0.093315144308323078,-0.65070231095266107,-0.75494688924887343,-0.081496606888361814,0.017945701174944033,-0.12258615297389409,0.99229561467760252,18.045836382425623,0.49016324509216053,-0.30815495779046098,,0.139940308993437,0.2666666666666667,0,5
-0.28147332172649514,0.95950953538246642,0.010687406906026653,-0.95800565793262382,-0.28163281761369757,0.053926945139228619,0.054753342595065431,0.0049404000942994356,0.99848768841762614,-10.171915355656253,3.4182974879378256,-1.6611565332321547,,0.09942292730009381,0.163265306122449,0,5
-0.77369642296693364,-0.6127370143059363,-0.1610813346965406,0.62423845354554697,-0.7807117415814665,-0.028557480139150864,-0.10825986423063894,-0.12264798349863142,0.98652788807031877,-10.934805330443091,10.526237317427757,-1.9985554733172721,,0.3010746301143853,0.1052631578947368,0,3
-0.87489139880440203,0.48428537058344001,-0.0057201518282005192,-0.4838336395368128,-0.87448209983248726,-0.034439313656435822,-0.021680626158831772,-0.027363057421001234,0.99939042097567499,2.579921340901683,-25.964961372122524,0.37636736738183457,,0.2259745622117822,0.2142857142857143,0,2
0.36232214040440786,0.93196962555435314,-0.012461284719000995,-0.92652144491789767,0.36159409228104372,0.10396020649604357,0.10139368165729375,-0.02612143701114859,0.99450338956106776,7.635106788047147,8.4194423843761239,-1.1628093636106036,,0.06598011755803113,0.35,0,4
0.54063972868730614,-0.7761729564975216,-0.3244444873423068,0.84091372256439745,0.48764075697461906,0.23467126654132167,-0.023933135352550861,-0.39970243149012336,0.91633245674977581,2.7482430152817154,-6.195475822889005,-1.0680519499686028,,0.4862005432357871,0.3142857142857143,0,2
0.65380800308700515,-0.71604141251891129,-0.24458084687339257,0.75664570901909001,0.62071847190040186,0.20541628383511801,0.0047292834956748605,-0.31936385863079941,0.94762036685482098,-13.690628297003229,10.008533969867473,-2.1144019493242472,,0.4014286444915293,0.2586206896551724,0,4
0.68508428035429936,-0.68968001185469152,-0.23452294143546865,0.72837940607089824,0.64363405717861466,0.23494391086299959,-0.011089166931607823,-0.33177806088996936,0.94329229228741962,-4.9421890297738704,10.798116392104111,-1.7520096305763544,,0.3672490333095437,0.4210526315789473,0,1
-0.9077768822084562,-0.39382409546650454,-0.14437352235740067,0.40846105029674762,-0.90825557690718828,-0.090726938708784441,-0.095397602267411841,-0.141330778130523,0.98535521951966576,-19.524593413490098,4.1907626484536218,-2.0717219233892212,,0.4944567648415402,0.6521739130434783,0,1
-0.80387841640405355,0.59207521321908096,-0.056801703594954185,-0.59454229186441909,-0.80264228164380669,0.047799904834909805,-0.017290310127728255,0.072196326840099315,0.99724056053014765,6.836931750045621,4.6107258106154259,-1.001139042867637,,0.1827242541119361,0.5370370370370371,0,2
-0.99680263074541076,0.059302173379642407,-0.053551541261469049,-0.046342702599908407,-0.97504222071430457,-0.21712904398134689,-0.06509123792619434,-0.21395307910139552,0.97467287368032751,-1.6275540089727543,10.353807411764272,-1.5431909603791891,,0.324153802811988,0.3157894736842105,0,1
-0.66804595324068206,-0.7351027257002738,-0.11549280075734675,0.73675112669248921,-0.67520372094862713,0.036023777348804097,-0.10446234573326466,-0.061023912404534475,0.99265487478717784,-15.41762110261811,0.79328198274236461,-1.7525349413927958,,0.0803356902350765,0.2586206896551724,0,4
-0.99218988180965895,-0.1062098914177083,-0.065411752763358005,0.10629770221767787,-0.99433203304417295,0.0021462910997435873,-0.065268958454827067,-0.0048235907041921013,0.99785604975614695,1.2638255013405475,-8.2716114432223034,-1.1321958632307474,,0.07209307752982307,0.2105263157894737,0,2
0.082522742942482866,-0.96463128155629152,-0.25035272624901661,0.99384279880321769,0.061019418962108045,0.092483089138031729,-0.073935702906209599,-0.25644321233480316,0.96372734250054937,5.6869997397724701,-4.798336734489558,-0.9082007055567819,,0.07940164000985092,0.2592592592592592,1,5
0.30555281414350371,0.94729436067604533,0.096285367529798188,-0.94678197151253229,0.29151732539327646,0.13646079075834697,0.10119968472198046,-0.13285722873413178,0.98595516154907303,5.9238318828154357,14.31405835826536,-1.4168057570689014,,0.299613295233509,0.2631578947368421,0,4
-0.75199819376647392,-0.62799798156550302,-0.20029291480632821,0.64854094788397487,-0.75922934388844998,-0.054455874765439796,-0.11787007885683382,-0.17084887628652434,0.97822150149233378,-26.738635127399206,-8.1660736359070452,-1.6019339000071691,,0.1476304656822235,0.125,0,3
0.87344101728571188,-0.44124175885056244,-0.20592838456454127,0.48515517497598315,0.82467716444997208,0.29074392621132422,0.0415360748858465,-0.35385489212559285,0.93437758417133565,-7.1970074624336569,11.370142786208248,-1.892647521879687,0.7972412163653293,0.4966504514087319,0.2,1,4
0.42791005635344476,-0.89313840851845672,-0.13855239767218219,0.90326638980494733,0.41722160941049369,0.10017962711876521,-0.031667218386355764,-0.1680175939300293,0.98527522825332181,13.637913282216047,2.5094920777925287,-0.54672497937737485,,0.101147530601591,0.2307692307692308,0,6
0.94514239032438685,0.32442399995990245,-0.038143548103471467,-0.31406482916053413,0.93459806088745689,0.16700223851724294,0.089828420314893492,-0.14586134798301698,0.98521841338269189,3.5653026378227639,-20.271175733707079,-0.056581430496986863,,0.1259481662777807,0.2631578947368421,0,5
-0.97073395121143979,0.23734316086571283,-0.036658149921904144,-0.22941942110601618,-0.96159616426092487,-0.15066368539915537,-0.071009331674117895,-0.13784426309769879,0.98790517457205707,-1.0874628244388489,9.39134049708459,-1.5235483724653731,1.268644422310825,0.7495966729542025,0.6764705882352942,1,2
-0.99648825511199257,0.046267440338998211,-0.069788834266905048,-0.046584770236448844,-0.9989100564223915,0.0029254675236845295,-0.069577414481091296,0.0061662908374565863,0.99755749721579179,4.654226852096337,-8.6835125130513422,-0.86273427815225234,0.5401096989842696,0.3701286939488784,0.559322033898305,1,5
-0.86669924320189273,-0.48153972440585563,-0.13019952247377456,0.49409682886659373,-0.86459032987722417,-0.091388649113380516,-0.06856198317757714,-0.14353764419804704,0.98726703538649185,-18.581552064601475,3.8681103702885773,-2.0362895773594745,,0.2281264880631276,0.48,0,2
0.98227291228203539,0.18745615643197747,0.00033942999116402789,-0.17700913259512044,0.92693127172046708,0.33085674314512753,0.061706505126217878,-0.32505169884562657,0.9436809314077933,1.4742856418615904,15.55555424531377,-1.678343716438627,,0.2986020473290069,0.1875,0,5
-0.018723081005160645,0.98346140848650998,0.18014745142633576,-0.99406166058998369,-0.037628257494899529,0.10210548067063679,0.10719543452385664,-0.17716594553024947,0.97832579775942452,-24.469779279785865,-11.88404345950039,-1.3839585714043534,,0.2666923888266128,0.4090909090909091,0,2
0.56402577865121228,0.81151855705817655,0.15268448698904757,-0.82074100957893137,0.53058339743385441,0.21181466795976461,0.090879679864370941,-0.2447833530241863,0.96530927368900077,-20.59766960595805,-7.4405955989872457,-1.4318507091999839,,0.2834529995861536,0.32,0,3
0.68731547457395392,-0.69710660060745044,-0.20405838821451258,0.72627922574697723,0.6553986854533671,0.20729459557443769,-0.010766831453668109,-0.29068015153347276,0.9567597006798132,23.594762745837389,0.71395805540639057,0.028043478629045597,,0.2579099327934092,0.1538461538461539,0,1
0.49507459564361361,-0.86050242064067484,-0.12015293928928251,0.86829246657696035,0.48504750647713579,0.10390913793316868,-0.031134181120012247,-0.15577066646790264,0.98730246745064631,-2.5272228549387541,10.550005339023715,-1.606900580884763,,0.1188904913831312,0.3333333333333333,0,5
0.63642266551609339,-0.76288976310049039,-0.11386571114198847,0.77120004351298732,0.62651825705586883,0.11280676602600262,-0.014720180126603918,-0.15960602410985744,0.98707103764870263,4.5533217725789674,18.8178529578278,-1.7414918672426696,,0.2161835570564399,0.1666666666666667,1,4
-0.499257826587162,0.86157796104304485,0.091788014666253234,-0.86568640183988266,-0.500465622878567,-0.011009722352766836,0.036451011796386538,-0.084956326201625576,0.99571770415983996,-19.589704046678545,-3.9092081101068406,-1.5977323220295514,,0.1257200436304866,0.4736842105263158,0,5
-0.60748068517809106,0.79264398794141133,0.051795033699130133,-0.7943249245798002,-0.60649992319244606,-0.034724017032207316,0.0038899006225182418,-0.062236255895530675,0.99805386484159975,-1.596021198021297,-14.024463506119456,-0.98583256423344579,,0.1949850009423026,0.6097560975609756,0,8
0.88375602569989142,-0.43908147482622262,-0.16181083246668496,0.46644527292016941,0.85426579151223914,0.22947497646235004,0.037471247771605543,-0.27827579110730544,0.95977001915773652,19.210975329169113,-2.1627967390298153,-0.10774257219340412,,0.6260039987200651,0.484375,0,3
0.84321442531352675,0.53403423783212278,0.061618712792812357,-0.52787081954949389,0.80084853519338228,0.28283214376509735,0.10169479244939364,-0.27101486398660601,0.95718812815819909,1.9423140324418833,-8.992056304218556,-1.0849891803943972,,0.1022671916817191,0.2368421052631579,0,5
0.84860647625327268,0.52890752451723566,0.011130092993960769,-0.51936823432167745,0.82893085900333086,0.20767828044738779,0.10061652766115319,-0.1820177505109061,0.97813386244438094,-18.352958915657805,-9.1919002310196731,-1.4124759511285385,0.3301531809425352,0.3148463733462975,0.5722543352601156,1,2
0.986202908281538,0.15892957376903497,-0.046316457967228622,-0.14932874000547308,0.97484596866837969,0.16545774318353187,0.07144754093329643,-0.15625852921553621,0.98512868242782559,1.379313809153671,13.228148079697982,-1.5465904404845545,,0.09895752334345054,0.3333333333333333,1,5
-0.84738302178872527,-0.47585965570081568,-0.23558353605570545,0.52142629855830158,-0.82954114986523309,-0.1999402306992169,-0.10028274804769649,-0.29226540807383994,0.95106482517619928,-19.868270333110658,-17.040473050122891,-1.074919749922753,,0.4486430142729714,0.1,0,1
-0.99771474276070626,0.037812047522030427,-0.055995902886988753,-0.039958079806915014,-0.99848935604569977,0.037714158105255309,-0.054485263476297646,0.039865460308839966,0.99771844782898689,-8.3512322540733521,0.59868370184272068,-1.5203001762610817,0.2314219448965086,0.1924554682951556,0.3722826086956522,1,4
-0.99616392500644024,0.036985658002542242,-0.079306340338486256,-0.028108898003148041,-0.99350514414411262,-0.11026068389156847,-0.082869321035069735,-0.1076085018077417,0.99073360999306037,-9.0773510763462948,-28.926983091605422,0.014097201503204931,,0.4439065337509931,0.4285714285714285,0,4
-0.35004469660036547,0.93637018601030453,-0.026068853695261591,-0.93535428577710367,-0.34788476038734262,0.063941798290674548,0.050804236637923557,0.046766101411900164,0.99761308196032061,0.54417142827783627,-6.7767591556875448,-1.170740363731543,0.2194667763544668,0.151227345460178,0.3472222222222222,1,1
0.80450989854277077,0.59261498157337067,-0.03963971192498459,-0.58511452886559434,0.80225152051253579,0.11846301509635898,0.10200397667295244,-0.072110896888887208,0.99216692511531823,4.4403078212906255,6.8486729204166439,-1.2682641752924459,,0.07865303466524265,0.3,0,2
0.54564419001003472,-0.83162440336029775,-0.10331151747952781,0.83769491654231454,0.53785641812221918,0.094750727089041975,-0.023230254141069044,-0.13824371674823505,0.99012576477545322,3.4229853753433996,-3.3788271801262781,-1.1126909584984928,0.1740757662434352,0.1308261368469473,0.4285714285714285,1,5
0.097539547378086913,-0.95274998766209895,-0.28766907673079678,0.99256407279119352,0.071976803147740895,0.098162626354384649,-0.072818940540474233,-0.29510472856005299,0.95268599290640432,3.3066947644096363,-22.932104434201865,0.13979542781868012,,0.2721250972231063,0.3,0,1
-0.3465474200622724,0.93086321427864804,0.11575215743564332,-0.93677671195913825,-0.34982139487320846,0.0086245939028148175,0.048520898375942222,-0.10544509467863318,0.99324068303156277,-4.0690599600036661,16.267992130757186,-1.9050583149830844,,0.8016763814889483,0.8367346938775511,0,4
0.89283806953890454,0.44900270834193606,-0.035167449205907073,-0.4411331857903269,0.88758087543142394,0.13267140597305038,0.090783775954301205,-0.10294055308766922,0.99053599053920593,6.1362961948918056,-13.497196045615794,-0.4101218572320442,0.2350454515884458,0.1694721090542058,0.6304347826086957,1,5
0.1661070803754478,0.98192167885099091,0.0907648304774238,-0.97756878238079226,0.15188305275364952,0.14591372108464276,0.12949020643924905,-0.11296616700890169,0.98512483043908572,1.3666702494584155,7.2376214888671324,-1.406564877940581,0.4137189164790423,0.2353019720845451,0.3,1,2
-0.49401129398212101,-0.83851943266528439,-0.2298651832287836,0.86329719482689249,-0.5044700018630266,-0.015098696113861046,-0.10329953931228902,-0.20590089427442959,0.9731053524232931,-2.4844333245898902,5.5876887460652176,-1.5268334854023982,,0.0797333679327894,0.2195121951219512,0,2
0.23716964268101792,0.97000394323241246,0.053318952579082077,-0.96655944640487523,0.23010503307451882,0.11320119398344503,0.097536645195850494,-0.078383824015843581,0.99214040285465332,9.8891139000510986,4.9266161292428343,-0.86991791922493422,,0.6163993381047371,0.4482758620689655,0,3
0.86837294787533581,0.49398419389121162,0.043681112439484582,-0.48601022505636043,0.83021348101255221,0.27301948114683711,0.098602659898031964,-0.25831219895829943,0.96101629712006587,-3.8579735744612123,-3.5521125046728415,-1.2660291343235588,,0.1426327016396794,0.1510791366906475,0,3
0.88694256288697604,0.46143696068968476,0.020219333543652754,-0.45628993883260588,0.86857859204559951,0.1933150825989064,0.071640643908468429,-0.18068525327085089,0.98092836506588466,27.899307539817585,0.23017343164338594,0.28155460891681261,,0.2446045945016425,0.2307692307692308,0,5
0.73245309843180806,-0.65598138272730244,-0.18221109766646718,0.68074290330220066,0.70169440793150173,0.21027139006852164,-0.010077608909520102,-0.27805284280660392,0.96051291423167851,-11.992441567629465,2.9785372091362072,-1.7001398942282904,,0.1162069966273315,0.1888888888888889,0,3
0.87569948902090544,-0.44727587240744865,-0.18191948463724342,0.47361468661758882,0.86900512638774108,0.14324531033143539,0.094018793592811928,-0.21159958476798035,0.97282376727615494,-24.395288759405162,-14.465174843954074,-1.375360755486039,,0.1023109984535185,0.3636363636363636,0,2
-0.25622776546237169,-0.95957584731197176,-0.1164539628422841,0.96195509892696496,-0.2649521749339106,0.066653826943428515,-0.094814133200561881,-0.094944922209156152,0.99095698286662492,-15.277443456326093,-4.050627231886974,-1.4242792729102038,0.2155912288339488,0.2043696100125309,0.7867132867132867,1,5
0.85837422492011561,0.51233649304295747,-0.026551984657167745,-0.499183736253974,0.84603837422920292,0.1871754973043499,0.11836083580439113,-0.14741230351653531,0.98196757854810834,-24.937177262420985,5.0176445501417053,-2.4092248247190091,,0.1668973832745645,0.25,0,2
0.76395867075795754,-0.62075705841402962,-0.17614716518552614,0.64526409617653213,0.73544094036851482,0.20678701461977569,0.001181337893700545,-0.27163817415642677,0.96239872546764405,-2.0291032377783367,-9.6215305650626242,-1.233564318419448,,0.09566625655740527,0.1714285714285714,0,5
-0.96870762303022384,-0.23426034985488373,-0.082022128532495728,0.23409964799633101,-0.97214211881667745,0.011707076091601163,-0.082479669562430524,-0.0078606175640381411,0.99656174660699481,-3.3733519379780277,-15.855062621565768,-0.94200359890833651,0.2016288693986179,0.1952259815287346,0.2608695652173913,1,5
0.69737551335029402,-0.69328458621005729,-0.18172472562357461,0.7162978869121831,0.68275660543785666,0.14408592900112316,0.024181203124642295,-0.23065103566757497,0.97273602234158085,2.4866980267482819,9.493955903331436,-1.4058107449958217,0.8864314601671659,0.7077017269251356,0.18,1,5
-0.60141848346551086,0.79455340916902018,0.083550510015995574,-0.79762150997382286,-0.60313035474902954,-0.0058053430035618567,0.045779193670534131,-0.07013312454324068,0.99648663326141951,-17.29500347584521,8.5634367164491323,-2.2422417217815882,,0.2816443133743548,0.1875,0,2
-0.94279344968206613,-0.32264695186917081,-0.083901464147669191,0.32184959294159565,-0.94650565739370551,0.023235318914076698,-0.086910015302718982,-0.0050975456096658918,0.99620312400074262,-3.31020032438219,10.222325039918173,-1.6350661910127964,0.1683782850506606,0.1217292322150567,0.4,1,5
0.44713400293628774,-0.8798684871510003,-0.16094293627489173,0.89349856271935379,0.43098961250844164,0.12612799977909159,-0.04161131861192454,-0.20019839966502054,0.97887133931632919,3.3609354865356589,-14.234298541720733,-0.58682930369846265,,0.1078503181643493,0.4583333333333333,0,5
-0.99343167568289348,0.0028550825252071652,-0.11439123329019904,0.00031130877421677321,-0.99961753570280698,-0.027652945635054701,-0.11442643416940677,-0.027506923114417107,0.99305083472300271,1.2811518805214963,-11.832938949563898,-0.9111150892611658,0.7330040320836441,0.3463232787594955,0.925,1,2
0.62573819075498283,-0.76979994899916782,-0.12593551981692599,0.77969507243866809,0.61250866309784679,0.1300335789130983,-0.022963245535884622,-0.17955828065273685,0.98347928966678899,8.8589606483579413,-4.1022411214540622,-0.7070946662991312,0.4690163066195414,0.2745309602544864,0.6176470588235294,1,4
-0.43684009568274573,0.89940379687078409,-0.015605799508716206,-0.8983793107061675,-0.43533046069369363,0.058326701323899582,0.045665576740040639,0.039499369192850325,0.99817556318233225,6.5601242179042645,3.9080210065428083,-1.0105013803129625,0.2450308652165236,0.3238636089570383,0.8292682926829268,1,5
-0.99313694015974441,-0.085365980898560817,-0.079947904258758043,0.088285660694468637,-0.99552428566440165,-0.033720005458552998,-0.076711538935691867,-0.040546836591899789,0.99622853494391972,15.212099191913133,1.6685099739516884,-0.46395521637510417,,0.09602551195026007,0.4074074074074074,0,5
-0.59223783422079745,-0.79912429285169939,-0.1032216658058395,0.79921252754357985,-0.59888484132944886,0.050953730415010258,-0.10253625473394271,-0.052319321479487577,0.99335240728810048,-0.73048181568235648,-18.25742885974606,-0.58272870181207048,0.2380672623624246,0.2174682331944317,0.7413793103448276,1,5
