axis_00,axis_01,axis_02,axis_10,axis_11,axis_12,axis_20,axis_21,axis_22,location_x,location_y,location_z,dbh,dbh_approximation,score,reconstructed,number_clusters
-0.26055486015945595,-0.95296618403493916,-0.15481155297061455,0.96512581333542136,-0.25288194129466379,-0.067697032436318333,0.025363936621277082,-0.16705141679413898,0.98562188229875602,7.2599478040843399,10.014143389483243,-0.56909518232755074,0.3251102424661044,0.1935175349804192,0.4090909090909091,1,5
-0.24132053462418901,-0.94785744702542662,-0.2081601779571107,0.96992006584835777,-0.24263331539951069,-0.019599492926064988,-0.03192906878399307,-0.20662849362244778,0.97789835882360732,21.989389014244697,-10.268434892524526,-0.19320776199168976,,0.2866938870133501,0.3,0,4
0.93949935851304667,-0.33294247078242972,-0.080562190280958346,0.34218669627800297,0.9230157487873224,0.17592666762297432,0.015786710991213183,-0.19285030111428328,0.98110118801080382,1.4796822995178751,-33.540441671935739,-1.3681310894936431,,0.4273020140143651,0.8863636363636364,0,4
-0.42126652483953775,-0.90109097254196657,-0.10280843473661536,0.9068824344421248,-0.41976816217160912,-0.036863805112819399,-0.0099380657044208908,-0.1087646506473654,0.99401784974899321,-8.3354177336405701,15.128332059760222,-0.89353115018005558,,0.1180446826981966,0.2941176470588235,0,2
-0.50011216800701974,0.86495380062316474,-0.041746163881995209,-0.86546621052433892,-0.50087430508408382,-0.0096524062895194957,-0.029258466329599438,0.031302608422942232,0.99908162271856471,-9.2658227563580962,10.652663520741751,-1.0852431439520847,0.2354351766056919,0.1794712364690648,0.4230769230769231,1,5
-0.93680408922043212,0.34921854261807411,-0.02108335626950043,-0.34633276740422353,-0.93421778464304783,-0.085385859946302017,-0.049514771957571369,-0.072687965636313481,0.99612486516984666,-16.01810885239032,8.8485311111468263,-1.1842866877472804,,0.09453590036870685,0.4814814814814815,0,3
-0.060987926900930939,0.99793407614587715,0.020200307898670132,-0.99810758725604343,-0.060814260891978979,-0.0091032924857966623,-0.0078560189820511689,-0.020717271515252406,0.9997545086803642,-2.4195322727012027,13.204076560878576,-0.73194432755073646,0.1615308934781554,0.1246936044005168,0.5405405405405406,1,5
-0.95256628223434858,0.29793984560656162,-0.062042939567454179,-0.29340973044816671,-0.95321934192301183,-0.072688487824383335,-0.080797326865229044,-0.051036600433410878,0.99542305447866475,-7.4115564618745378,8.6543078863284908,-1.0324348675689019,0.6829296062181104,0.5035837720487881,0.668693009118541,1,5
-0.54036403283795253,-0.8366374555950401,-0.089691024693463225,0.84095867867029395,-0.54055594135542329,-0.024244072151081868,-0.028199517446563814,-0.088527070214772352,0.99567451762861303,7.2103890851803492,7.8558643898433074,-0.62711520571640667,,0.08127646269412034,0.25,0,3
-0.86296060960287246,-0.49803543441253728,-0.085203828220067404,0.50278323194208419,-0.86312791339424455,-0.047108670089174506,-0.050080015492329474,-0.083491982784058241,0.99524925564356748,9.763561505001304,4.171473403386238,-0.62200661449041705,,0.1205287465704459,0.5,0,5
-0.97243062210827214,0.23141619091452292,0.028726847525166306,-0.23280834503537889,-0.97050156004818977,-0.062665751618567592,0.013377580798075809,-0.067625945661743694,0.99762105621590991,2.7725965649088717,14.054407475488594,-0.557290215207769,,0.4501230236614636,0.8571428571428571,0,3
-0.99810649765240533,-0.0166987043000206,-0.059199430898882417,0.020983449919502736,-0.99714679531042627,-0.072511815806974092,-0.057819669434603371,-0.073616722807044899,0.99560909193800839,20.373049117771568,3.8849181555689678,-0.15104537398019854,0.215729817517918,0.1180132171033904,0.3636363636363636,1,5
-0.13620088527323645,0.98465915140333105,0.10906729302801448,-0.98965284698878087,-0.13021737860387397,-0.060255097348989727,-0.045128276033852686,-0.11614555465969154,0.9922064547436712,17.959591839635049,4.8744743139015467,-0.25894892627663113,,0.2528330324618716,0.3684210526315789,0,3
-0.15919194256217475,0.98254318792661155,0.096264267941397128,-0.98712882972559146,-0.15992706812423654,-8.0036058696231839e-05,0.015316623252733095,-0.095037975253040904,0.99535580789581801,-18.460785330020631,19.236422064635359,-1.0430943178997063,,0.2213184150072692,0.1666666666666667,0,2
-0.70975789649188925,-0.67729965766796674,-0.19367215104465746,0.70357788879458882,-0.69520878561135613,-0.14718321510326146,-0.034955439730585791,-0.24072789230091088,0.9699629885215223,13.48946490197282,9.6095267482820041,-0.33219992401839143,0.3808869834200285,0.34456326534895,0.2631578947368421,1,5
-0.23760543474613885,-0.96260115096401933,-0.13016405625918515,0.97136167622873015,-0.23540881336161654,-0.032236385433043288,0.00038901569445773274,-0.13409591624811512,0.99096828098197387,-17.323804824351949,9.9019071182930691,-1.205168640249789,,0.1211725501208952,0.6271186440677966,1,3
-0.19471577775893706,0.97368706981748332,0.11840293899213264,-0.9807251465916017,-0.19526483712581866,-0.0070590527061187977,0.01624662225240904,-0.11749524863784905,0.99294053891102474,-2.3626594895162123,-15.947649653165017,-1.4491408997524373,,0.2390385192981628,0.25,0,5
0.32157876208048447,-0.94075913683613233,-0.1075144001430417,0.94671475903421376,0.32158161475161295,0.017788481681570469,0.017839977734670807,-0.10750586734257857,0.99404437711872085,-13.147381149890652,16.090425553122831,-1.0035623553581716,,0.1184738250226227,0.5757575757575758,0,2
-0.43259978386670611,-0.89605492109671669,-0.099714619674532656,0.9013372146571127,-0.43242551867557405,-0.024482570786570245,-0.0211814180978924,-0.10046765238880818,0.99471483267861449,-17.187401430941868,12.224029541946743,-1.1627289407187689,,0.0970698695797699,0.4285714285714285,0,2
-0.507446357239419,-0.85558490939579568,-0.10233600216264616,0.86124864103018994,-0.50737274155397494,-0.028699816230340826,-0.027367368307823145,-0.10270035999056873,0.99433578996720851,4.9865555833050124,9.0319674274255739,-0.67710614618891596,,0.09420356909446319,0.3125,0,3
0.6240402525639579,0.77053373108693068,0.12981345245068648,-0.78139192282550762,0.61522939696150258,0.10449618202328195,0.00065278095001193798,-0.16664500704083757,0.98601674200055611,-4.5076297108538759,-24.023443216799031,-1.6063930063766221,,0.2388630635509685,0.3870967741935484,0,4
-0.1119969444279918,0.97244037737720435,0.20449057896459355,-0.99369324670362047,-0.10845610134024654,-0.028478158958974736,-0.0055150606897637396,-0.2063903741179697,0.97845418777632776,0.69960150966998824,-27.06865715608533,-1.3700412500484256,,0.2993992167539851,0.1724137931034483,0,2
0.91193394297925157,0.41030696035744424,0.0049680906343313701,-0.40868141422664789,0.90710139751833918,0.10073011608245172,0.036823705788843496,-0.093889578242272537,0.99490138294680541,16.555602586123666,-26.308422370705127,-0.52906005176815418,0.5165695288422636,0.4615374036400565,0.4102564102564102,1,5
-0.97372441601000947,0.22730699349662639,-0.013866952566772886,-0.22251356825235083,-0.96261423562761483,-0.15447182691567971,-0.048461052501682915,-0.14732740435705088,0.98789987464106976,13.946114626659408,-29.76649253052592,-0.69227087798544928,,0.2423710138151166,0.3888888888888889,0,5
0.87200109880088084,0.48927268753746495,-0.015043966229801975,-0.48547104077271436,0.86834532634148098,0.10146064651856564,0.062705280966714946,-0.081170385306305451,0.99472579954885654,-1.4684587196199548,10.206252036810993,-0.84339495964751354,,0.1648291644385214,0.2549019607843137,0,2
0.40046800750732797,0.91620750400574735,0.013754438071751597,-0.91605702835705682,0.399958805211165,0.029537686634133083,0.021561441527634288,-0.024428748179477013,0.99946902928586756,-5.3609704492444319,18.919365316759702,-0.73098374416636869,0.2281266810111707,0.1366597388371532,0.2941176470588235,1,5
0.99877732977223654,-0.015644138269824297,-0.046894631577992035,0.019367592869972798,0.9966044228009161,0.080028250012580432,0.045483424227557488,-0.080838637986099957,0.99568889354511136,-11.25277604514967,-23.753086917571324,-1.7913499315306738,,0.1418572712459789,0.36,1,4
0.93665467644474343,-0.33228919299489212,-0.11073350582816988,0.34493040842565509,0.93001839473399883,0.12684162881210534,0.060836094857450299,-0.15700215818644192,0.98572272566239194,6.4628114101447878,8.6553239125559891,-0.63826669894698218,,0.2437491584414709,0.25,0,2
-0.75353927657727082,0.63976257614763121,0.15126931220955089,-0.65631007574642897,-0.71883823663507418,-0.22919134805898422,-0.037889881619250075,-0.27198425636849688,0.96155546962125671,11.556261612893563,7.0364421400941835,-0.48778131642497496,,0.5327385331445874,0.4838709677419355,0,2
0.97200663669866882,0.2349462628069138,0.0018307940375031613,-0.23150808580636956,0.9563947174652121,0.17808186491304687,0.040088706888771176,-0.17352059819428534,0.98401397224952269,-19.882127262485113,-28.299004803462054,-1.9595040859730835,,0.4148727657926621,0.3191489361702128,0,4
-0.49069245189857735,-0.86288084760507744,-0.12106841242085992,0.87094674777541059,-0.48985325121605905,-0.038672403758929177,-0.025936078909494318,-0.12442039667756069,0.99189056084902849,-16.092332670392466,13.899660771919587,-1.1005481097735479,,0.08253037544233927,0.25,0,2
-0.70039610089661641,-0.70418846748013719,-0.11646417525055966,0.71276434154182366,-0.69864202167824796,-0.062179731197406218,-0.037580517229912395,-0.12656195247113969,0.99124657725079979,-0.62278309843679569,9.3643277786981383,-0.85300961661118335,,0.1266278112153411,0.3055555555555556,0,7
0.81190096334844186,-0.55662309125765519,-0.17603283782477755,0.58139061376925183,0.79826290817865708,0.15735718492387302,0.052931842353020085,-0.23010228965598201,0.97172586482000667,-18.515709698844127,-29.532485129141882,-1.9747913632445671,,0.5730305251340601,0.3214285714285715,0,3
-0.51712032822069665,0.83787141970880707,0.17480861013138568,-0.85543822838573647,-0.49914002912301464,-0.13814727193595977,-0.0284956761139477,-0.22097673036368282,0.97486269857892527,7.8355814681499005,-24.690519131768376,-1.0277107632547755,,0.4667320033753538,0.2105263157894737,0,1
0.16229886508834354,0.98669711892197232,-0.0093741080703306605,-0.98668042657492427,0.16238729547399117,0.0095969829929785349,0.010991551526537007,0.0076916695015607781,0.99991000795837492,7.2149154254934356,11.60918603629778,-0.54168505800894884,0.6487622254358221,0.2595999679603166,0.2380952380952381,1,5
-0.98061188625216122,-0.17458675116975339,-0.088993229276000077,0.18808424366165441,-0.96599981563895554,-0.17739411904493646,-0.054996780153055411,-0.19069300590608004,0.98010791838006361,-4.4219258102733567,12.247137155350043,-0.83159956822504832,,0.7378575105160574,0.1617647058823529,0,2
-0.28297880673703374,0.95850582842734366,-0.034490169737142022,-0.95899354494471001,-0.28335465590890113,-0.0064435804586623936,-0.015949159603675909,0.031252453432660227,0.99938426466618746,-26.968555309295514,11.994491250590828,-1.5055129247166423,,0.09842091188796293,0.5454545454545454,0,1
-0.29784968101646125,0.93685914046375407,0.18324987980325819,-0.95455751530240796,-0.29022780047277108,-0.067733107210808774,-0.010272171050258346,-0.19509683432145614,0.98073019110235438,19.61861545970282,-15.77212870409663,-0.39662350334898006,,0.460433016392841,0.1590909090909091,0,2
-0.74676617158690972,-0.63433912246787449,-0.19988537385241273,0.66466200516124097,-0.72252600803974698,-0.19021195178323513,-0.023763498658037188,-0.274900064410389,0.96117909398753298,-6.5738261574912729,9.7413981681644,-0.96454213767277197,,0.5389501096412336,0.6179775280898876,0,4
-0.94753256682800235,-0.29310272820792171,-0.12756498546784353,0.31389212646213183,-0.92860101246412474,-0.19791890408872945,-0.060446403908082293,-0.22757625176559124,0.97188233952825054,-11.486646136938747,15.547203495876353,-0.94310206808514274,,0.1471183757681581,0.2,0,5
-0.23721424020900148,-0.95883419755281629,-0.15609736014844511,0.969020456838105,-0.24491876677718372,0.031845751829937249,-0.068765968846055084,-0.14370726941804551,0.98722817131860285,-7.131265861221749,10.445344415567719,-0.99675883296196177,,0.2235580398749397,0.2962962962962963,0,5
-0.60038625534097878,-0.7806957447870263,-0.17335079598625536,0.79955651655288562,-0.59024743480820407,-0.11098352373280844,-0.015675497933174062,-0.20523674079892765,0.97858681729869101,11.770239881113751,6.2937971418634824,-0.47804952263503098,1.046879270974803,0.6404875351578881,0.5,1,3
0.75221229334216455,-0.62108724982168007,-0.22006202274328035,0.65766237488872537,0.72829909938319692,0.19251135679057055,0.04070462382387998,-0.28953592168600917,0.95630125151690037,11.648566518569881,-15.017574619585648,-0.86755730674705778,,0.1381547803433211,0.1578947368421053,0,2
0.98323538330596127,-0.14181580416639314,-0.11461439134690055,0.1638148370011516,0.96307338897885875,0.21366877782929247,0.080080460747097168,-0.22886224050597911,0.97015936560810323,20.209015580732984,5.0891184684466593,-0.12366244833377579,,0.6521104018547819,0.25,0,3
0.52153786383929635,-0.82683088895067924,-0.21059187462714371,0.85274423899547758,0.5134272583053433,0.096019338099592066,0.028731854133855421,-0.22965872834727888,0.97284703270963557,-14.403494431365266,-27.76383234486584,-1.8745654238894618,,0.3260776387519513,0.4666666666666667,0,1
-0.98981639515719588,0.13585024118714412,-0.042523121327220338,-0.13290152773980166,-0.98894010491720519,-0.06583808024824557,-0.05099693914777103,-0.059516223466736032,0.99692383427311859,-5.3490204097966005,13.142150756919486,-0.88848092002614321,0.2519703394590332,0.2008045107603692,0.5348837209302325,1,4
0.53855053848342505,-0.83894931393968553,-0.078277494462614214,0.84209807675447157,0.53909077204703004,0.015873519463496862,0.028881596660048879,-0.074466019994819554,0.99680522934046545,-6.9115731544810304,7.7920136610834367,-1.0323950712798842,,0.08191363981626798,0.3218390804597701,0,4
-0.92918187321520584,-0.35730178387937939,-0.094638690422545135,0.36624955571370343,-0.92452378862721762,-0.10543731408704687,-0.049822780209417578,-0.13263181933076607,0.98991236535019356,2.4637695832092388,9.8561944200389107,-0.68681303420575723,1.054293137007403,0.8855889534027008,0.7087378640776699,1,1
0.99779086475391932,-0.0092040384753222359,-0.065792673523526496,0.02628592297577725,0.96423198505273988,0.26375315970537067,0.061011805963600688,-0.26489991445260974,0.96234380283558862,-6.9078697970291048,15.636546373912152,-0.87437704396971938,,0.4967353777771439,0.6923076923076923,0,3
-0.58499154677270315,-0.79223891521676559,-0.17361564278786212,0.81043679317770378,-0.57925682180008453,-0.087485648319621648,-0.03125851033430329,-0.19188286951738892,0.9809199100423297,-15.462948281973841,11.615225150933853,-1.1378800927687871,0.2583229245619594,0.1937149257632415,0.5795454545454546,1,4
-0.12049198134250248,-0.94262667823862212,-0.31134647565851753,0.99269749806263619,-0.11623535990730521,-0.032264817485957449,-0.0057757919232753552,-0.31296051920336693,0.9497485739118634,1.7975337086022287,-25.248744231284601,-1.3146143523873342,,0.7497269262121409,0.2459016393442623,0,1
-0.84658483633769421,0.515363114942195,0.13302245915692884,-0.53218240143168438,-0.82370277375264778,-0.19569269817394641,0.0087181700765927937,-0.23646268261455486,0.97160145802754083,-20.668400871253034,10.973565985870291,-1.2709010554335372,0.5478248018691743,0.2910753270816003,0.6090909090909091,1,3
-0.13586353704907445,0.94959353878949926,0.28251231900529739,-0.99069492228942579,-0.12790370041486473,-0.046521117464366477,-0.0080417815478674715,-0.28620404348894274,0.95813494625763229,-8.1191301314044306,10.02585636300859,-1.0556561780431717,,0.4639355879357236,0.1290322580645161,0,1
0.87550720475741928,0.48055863453787462,0.050502803773097252,-0.48222864573364288,0.86231176973612467,0.15451195749342389,0.030702893214598206,-0.15963023067591733,0.98669930667990546,-18.530631123659525,-24.507578169498597,-1.9103849438123743,,0.2307137016677877,0.3571428571428572,0,4
0.70620934955998416,0.70769405443946964,0.020916020297602127,-0.70713928669268722,0.70358103106864522,0.070198019460237279,0.034962605878596502,-0.06436503733710941,0.99731377116671294,-10.498341063797202,11.912543492966886,-1.006754164504766,,0.2683105859797744,0.4117647058823529,0,2
-0.9970712838512289,0.04824952749706532,-0.059336649851259624,-0.043339169626969334,-0.99573662636567539,-0.081426576066708764,-0.063012469363657189,-0.078616499605443271,0.99491149088473219,-10.130857996657284,10.945461637921319,-1.0626255703104999,0.2233644254134839,0.1653997825857919,0.2692307692307692,1,3
-0.81648061134479699,-0.55788854340950533,-0.14872721482784029,0.57340851197492526,-0.81364454134973585,-0.095839651118309943,-0.067543243131552674,-0.16353266788075679,0.98422303206289241,10.42116767694133,7.321757716972618,-0.53091682598559009,,0.144324475076919,0.5,0,3
0.021468991213834821,0.99584259088361204,0.088524666610367828,-0.99967738990503674,0.020180685509430828,0.015422582307264981,0.013571975866291457,-0.088827214943315289,0.9959545809706889,21.94340250064824,-13.362292435299587,-0.21961506219835972,,0.2391000754471203,0.2580645161290323,0,4
-0.87035960194967665,-0.46518933226855558,-0.16147150967751414,0.49021029685173234,-0.84955763726364475,-0.19479652416701196,-0.046562089241534863,-0.24869802192729268,0.96746124766572139,-17.648500153662859,15.218106634575761,-1.0995215611441926,,0.2822013187062701,0.1052631578947368,0,1
0.93212076322539683,0.35891202106750703,-0.048301593113910316,-0.35868121471673586,0.93336011356351511,0.013663257958104788,0.049986687962208114,0.004589067654796759,0.99873934111189833,-16.642756339523107,26.629122426048291,-0.83807962622757959,,0.1660293549589336,0.25,0,1
0.98696724901776811,-0.13330785695981598,-0.090136921619728735,0.15080527285029574,0.96167468364195796,0.22899688321610145,0.056155311831096816,-0.23960554692018751,0.96924494470604849,7.9260355544611949,-19.545233768394123,-1.0469651265241069,,0.2023467547030761,0.55,0,4
0.047286992267367885,0.9903935987778173,0.12994021649292972,-0.99876795233630555,0.048839909318983653,-0.0087886656357157554,-0.015050506577815249,-0.12936453438882303,0.9914828790726109,26.510923513784334,3.0412341803764011,0.26521724728886092,,0.3146369337667397,0.2,0,3
0.71901571446305268,0.68509350863573049,0.11689006279565327,-0.69374881365772501,0.69744089874825832,0.17969077967921018,0.041581076268979382,-0.21029283672633156,0.97675377496987814,-0.38790501613236694,-25.074408083864039,-1.4162706995910022,,0.4915150944599107,0.3243243243243243,0,3
-0.59143049351360333,0.79761903144869084,0.11838011662906238,-0.80431849238257591,-0.57311423429974406,-0.15688160266404921,-0.057286422070837714,-0.18799988062196438,0.98049697130202862,-9.8881268212051072,8.2442348834467047,-1.1631480943712627,,0.184303881646805,0.125,0,4
-0.62478769412969948,0.7807094968779138,0.011533375426494052,-0.78004334659441044,-0.6234705219928306,-0.053074340690965734,-0.034244922220475302,-0.042156727702974697,0.9985239584564265,-23.366154067450584,10.401946106600903,-1.3665958819794213,,0.1599474876390292,0.4705882352941176,0,1
0.99710167762467328,-0.065433383891364494,-0.038816449484550375,0.07228326698943395,0.97393228123093722,0.21501404812159616,0.023735496442996901,-0.21719664787658949,0.97583925026603446,9.6371288940507807,-21.264776720044399,-0.94626510195846814,,0.3795320005336646,0.25,0,3
-0.90358795774552159,-0.42228121179041228,-0.072162183906113841,0.42567305020049007,-0.90398628494932198,-0.040140390587730793,-0.048283091763990184,-0.066987870486719364,0.99658485251250217,8.2788736025232748,7.8448949395952736,-0.59733129038456156,0.3374116039667031,0.3264790848619066,0.6363636363636364,1,4
-0.95826859944139786,0.28235717674718869,-0.044673438013876091,-0.27181868255295949,-0.94836474743570687,-0.1634591986900174,-0.088520591614585323,-0.14449474232845291,0.98553811407760306,14.310822987166823,5.1404970913502392,-0.46022953916766052,0.7875382495437667,0.3615514526285054,0.5333333333333333,1,6
-0.93820746349316386,-0.33195932853186511,-0.097825148333121156,0.34428064501897498,-0.92401694374285881,-0.16632355558195999,-0.035179438753942673,-0.18972530636891874,0.98120676476070912,-8.158600521153561,16.501512805880481,-0.8294517436319282,0.7051179069164742,0.5320820194597284,0.2285714285714286,1,4
0.098555840012727866,-0.95330229487062057,-0.28548464230811499,0.99505056082184595,0.098064851581843165,0.016051987177892461,0.012693612862922244,-0.28565367051490487,0.95824884696713641,16.60231763270837,-9.1673900401750092,-0.58094627124088438,0.7460067346557324,0.3442224121389252,0.5833333333333334,1,2
-0.9393701415757425,-0.30058911215359385,-0.16501491681264219,0.33787436132731558,-0.8934948627319993,-0.29581725140563425,-0.058520535486507951,-0.33363620296100932,0.94088374999259716,-5.0457652185434672,-16.355425860510152,-1.5509827278263684,,0.4073389052742385,0.1785714285714286,0,2
-0.94574173669161876,-0.31722993010598882,-0.070269046702446852,0.32105684147472768,-0.94563093806826359,-0.05200609108948321,-0.049950695908995008,-0.071744689093238057,0.99617148501908126,-22.001473831812532,13.002850688581816,-1.2763973901771657,,0.07406262925428198,0.3333333333333333,0,2
-0.99290221899306774,0.11137661293066876,-0.041718504416347002,-0.10429771954567055,-0.98397246786051906,-0.14463805927229148,-0.05715915688861601,-0.13926030512882784,0.98860477350618259,24.073328482388089,8.4591073231255631,0.18247843373093739,,0.2657266983483849,0.5,0,5
-0.71350846757647013,-0.69320795212023556,-0.10182534956456926,0.69942862698931407,-0.71327160688968971,-0.045201886607124354,-0.041294823459128903,-0.10347149328326828,0.9937748173671993,4.0549263796839865,5.691142064162289,-0.79941321524082953,,0.06797729829140739,0.25,0,5
-0.51503121490527382,-0.84992325088661669,-0.11123540477529142,0.85674158691266222,-0.51452923233854364,-0.035405117193452101,-0.027142235124817404,-0.11353473773006273,0.99316321035416666,-5.9269165474547396,21.26336639637886,-0.62870574089323483,,0.08596556032348115,0.4285714285714285,0,1
-0.77380009432373942,0.63325545059814647,-0.014864330200592874,-0.63147835829952326,-0.77304430128356871,-0.06031244691056406,-0.049683971498991557,-0.037283274275997522,0.99806886557759611,-14.134189180038362,11.819914080677641,-1.0845887852999381,0.604572840877698,0.5500923252351292,0.7766990291262136,1,4
-0.99299300485341135,0.11615734234717562,-0.02173393961146115,-0.1047305725661533,-0.95021754083852417,-0.29345891067192686,-0.054739377802083843,-0.2891264375694988,0.95572459611344718,-13.960333438465259,21.871167666581751,-0.84165454580107979,,0.348727122820533,0.3157894736842105,0,4
0.23371036304100712,-0.96048788524342155,-0.15113731672839906,0.97146198374681991,0.23714549753138423,-0.004860775173295172,0.040510249837956577,-0.14568814399673047,0.98850082668496231,1.8160702657941685,-27.95288223653106,-1.3220244809042379,,0.2878996621877621,0.71875,0,4
-0.96792117685665024,0.25091905749294263,0.012970041607139892,-0.24573887633237132,-0.93465611909785473,-0.25696370111718209,-0.052354560941154496,-0.25190785144530609,0.96633401799215812,-10.317604684028337,-22.370578350864452,-1.7649886379057553,,0.3546045799473637,0.3720930232558139,0,1
-0.85309539771472065,0.52175166788172056,-0.0018545782822542278,-0.51696316043071122,-0.84573584958522208,-0.13221181295123774,-0.070550217260138923,-0.11183054050216011,0.99121975215163127,-6.1623135434751273,-27.325860525067849,-1.6780697173229651,,0.3831322026609907,0.3846153846153846,0,4
-0.78319069253822438,0.62068023922985316,0.036991617308109084,-0.62023658404103665,-0.77566945556988087,-0.11680528889152068,-0.043805466994470833,-0.11442436945641224,0.99246568945021951,8.9071943154105355,9.6915689492774799,-0.53392799339616748,,0.103949678850744,0.125,0,5
-0.043241013520327359,-0.95709565080579406,-0.28652771237416158,0.99905797921597406,-0.040374645264699222,-0.015907299728294928,0.0036563526404027151,-0.28694564507652853,0.95793988739220237,15.248894423405096,2.8398325211787454,-0.44524012210073288,,0.3284351367948676,0.375,0,3
-0.98138305275634763,-0.16196442752307844,-0.10322222619065603,0.18466945833098963,-0.94341173353402752,-0.27544780302275224,-0.052768313620698594,-0.28938179840384476,0.95575817016135689,1.2024549233926796,5.4431536583835074,-0.89894122912615626,0.5782820996846183,0.2065802384162193,0.3673469387755102,1,1
0.88975524847911758,-0.42801098565292905,-0.15856290223211825,0.45388818083137383,0.86634841626002956,0.20838891752040198,0.04817797323933537,-0.25738496033013869,0.96510717803278356,10.821954855565684,-14.936956704830228,-0.89267224960416247,,0.1481056109954224,0.4,0,4
0.81282985037925792,-0.53994964195466688,-0.21854523212703808,0.58055495110184552,0.78157947772163194,0.22823117393449091,0.047577127735581488,-0.31239062751210844,0.94876156791842281,25.045469963540029,1.5304859131296982,0.15516795442817363,,0.6036279104297354,0.32,0,4
0.22489139070182948,-0.9693352645655644,-0.099060624154125518,0.97419264121393179,0.22569616708888066,0.0031524539666710478,0.01930181838120448,-0.097213090841696284,0.99507640650162299,1.7544789406253842,13.631834306758321,-0.62673062360429732,,0.08166034027189913,0.2608695652173913,0,5
-0.73025760958000363,-0.67242514445989865,-0.12069900061137036,0.6822529833750639,-0.72696374599253277,-0.077811173287190935,-0.035421608183763213,-0.13916945466081554,0.98963486830400593,18.761948431198743,3.9212162339719705,-0.25211740088269047,0.3582009544628832,0.4247997388557803,0.3684210526315789,1,5
-0.98798273696885763,0.14854085859192301,-0.042728500796308549,-0.14500354918141467,-0.98646751045795378,-0.076523339810023433,-0.053517120403837548,-0.06940795444083922,0.99615182260738744,15.604325022837966,11.898501787080871,-0.17168407995237603,0.3658750010787157,0.3582480118090709,0.5,1,7
-0.57923028630972395,-0.79858288493826612,-0.16357766138819865,0.81502733173514996,-0.57102700068915135,-0.098278242803961233,-0.014923938697197931,-0.19024599961005431,0.98162301098035287,-18.444035093938588,8.8178105371529316,-1.2484099120192826,0.3813982999649352,0.2735016217948768,0.2727272727272727,1,4
0.76788301798912828,0.63984394747042028,0.030909441427806134,-0.63933126797878981,0.76245791806944263,0.099566324416666435,0.04013976169014586,-0.096216662063709865,0.99455072946168865,-15.702428093106363,-31.717172445202863,-1.9312446511338877,,0.5426169513506736,0.6904761904761905,0,4
-0.81812716449070533,-0.56513710755857605,-0.10624496403466083,0.57433061142100306,-0.81221095477031879,-0.10226296365676497,-0.028500728186778151,-0.14468384364335427,0.98906738591534282,-8.1449774257612724,8.330956940517483,-1.0800289951699167,,0.08424481692755914,0.3333333333333333,0,3
0.98624021913496152,0.16016046290294708,-0.040973848773796714,-0.14880694820495269,0.96801031162117557,0.20202110969154691,0.072018902564207038,-0.19314415009983921,0.97852369156585017,-0.31146635449246224,11.75214924718092,-0.75115583848927869,,0.3972306120237949,0.3207547169811321,0,4
-0.61951383908638735,0.7818350159759041,0.070261020305746075,-0.78491771471886373,-0.61579554428796324,-0.068556755725518795,-0.010333648966512584,-0.097620978427025662,0.99517001576111985,15.284393931474135,5.6889610915944075,-0.39716888088047408,0.2275977810905659,0.2333872458898211,0.3333333333333333,1,5
0.45050230043848599,-0.84413671296602322,-0.29065596006713879,0.89276059237258965,0.42781850118707593,0.14124395473289172,0.0051187895224688524,-0.32311691361635958,0.94634521086592027,15.426111989288565,-14.893912396259216,-0.65340461171042463,,0.5106865236758339,0.3076923076923077,0,3
-0.69601493948811244,0.7168493428052678,-0.041112330620085166,-0.7172836654136564,-0.69675865134297277,-0.0056147225641423127,-0.032670282216556261,0.02558127241514874,0.9991387547090308,-5.3584304821768267,9.2544218535112446,-0.91919881951616966,0.4763520190158594,0.15575454361507,0.3684210526315789,1,5
-0.9696673845456294,0.24187740868827134,-0.03522048430509777,-0.24008980160433499,-0.96954471707856782,-0.048372810034472247,-0.045848124433064318,-0.038449457100029755,0.99820818907414455,-12.899313128308554,7.2704151461820219,-1.1878029431425197,0.1775452621349005,0.1251257207733508,0.3125,1,5
0.98963494682799635,0.14037798396871018,-0.030276948882444234,-0.13336819656158297,0.97660291277934741,0.16869995523652651,0.053250316080381686,-0.16291338916054629,0.98520233021931314,-23.431938507275905,11.644364993550225,-1.3558108848504604,,0.412444739495756,0.125,0,1
-0.98091134398473856,-0.13862953016288826,-0.13636270974453371,0.16205632912080847,-0.97036661599336094,-0.17923832390837097,-0.10747409657188702,-0.19791534536869729,0.97430941421790995,-12.521628467636098,11.915689559795736,-1.0204722504073631,,0.2263740940039314,0.3870967741935484,0,2
0.48715177702782564,-0.83589115612269482,-0.25292117597088981,0.87320475197811853,0.4708645696398891,0.12569812321859147,0.014021671136706307,-0.282086036828674,0.95928664150233389,0.094191302845251693,13.879490807959577,-0.67726805828059611,,0.4819012282582034,0.3947368421052632,0,3
-0.58039117375925575,-0.77836942548599908,-0.23934728511296641,0.8142355263844141,-0.55934477248688041,-0.15541535659353248,-0.012907090913455089,-0.28508676391617027,0.95841480792189127,3.0694799450579162,18.011634478919571,-0.45957004611566554,,0.3362421140883902,0.2,0,3
0.98918968375519811,0.14499338582145851,-0.021924589399160099,-0.13753835380598683,0.96921170158195402,0.20423486173754329,0.050862272704149468,-0.19901154636011423,0.97867636817832959,-1.8965558396313853,16.092315815004937,-0.64549749894701824,,0.5650156853931342,0.2083333333333333,0,5
-0.95993953817352651,0.28018494670711591,-0.003532518920947234,-0.27258886248353675,-0.93668592683837126,-0.21980624766569334,-0.06489526254764498,-0.21003778255749891,0.97553715193077095,-7.9499192810951342,14.09339737091001,-0.9503628498144131,,0.5433339448807682,0.1153846153846154,0,6
0.79814177016335519,-0.57475123791393634,-0.18063977755994412,0.60017275952822369,0.78467469410059831,0.15517178596127543,0.052558286128689763,-0.23226415770525757,0.97123168585290942,5.7408585919676662,-23.156916726585543,-1.144354329664353,,0.27272558007945,0.4782608695652174,0,5
-0.78819898418840129,0.61490517066558803,0.025179205966381481,-0.61139957792176258,-0.77772427982610048,-0.14606676790449308,-0.070234731020086025,-0.13052423398625509,0.98895424914443764,3.4371274238051068,25.606510165555484,-0.1656081674060893,,0.321179830655565,0.1666666666666667,0,5
-0.96545781513178131,-0.23285941345377723,-0.11690894220259873,0.24894644613244396,-0.95682358039283455,-0.15004766896644306,-0.076921220472597002,-0.173968760328399,0.98174232682043738,-8.4494495856788348,-25.024186968256942,-1.738245067659423,,0.2428836628559261,0.2666666666666667,0,3
-0.060995752397651495,-0.91946340537724514,-0.38841545329907279,0.99813473072565118,-0.057187673016656337,-0.021368887995690127,-0.0025646654122415129,-0.38899436528955,0.92123656368182849,-7.9078913809791143,-23.664202716347521,-1.7402996281352248,,0.4034967484649707,0.2439024390243902,0,1
0.93676783615542258,-0.34214861054446211,-0.073487069931953003,0.34601591097863948,0.93698533533187678,0.048285305452436367,0.05233555669248198,-0.070659816554438065,0.99612658825582157,13.563522795976866,7.6998805195279987,-0.37713620623767757,,0.0938980455824457,0.4117647058823529,0,4
-0.098262478853288038,0.98554722417111718,0.13798968866626579,-0.99514233545014008,-0.096472946972475923,-0.019613839432567556,-0.0060180930906558383,-0.13924668552985983,0.99023943726984542,-0.30337805461771439,18.961698318286409,-0.50149003866061503,,0.6154273934057481,0.25,0,1
-0.68829981233039361,0.72528063117889785,0.014538720118513352,-0.72469279173699419,-0.68656464138375806,-0.058731174056317489,-0.032614811825097734,-0.050960761751875208,0.9981679592189292,16.437757361784616,3.9945330992300052,-0.37894780029512803,,0.152066320180677,0.2121212121212121,0,3
0.62855985374609014,-0.73952634331271982,-0.24085949805895537,0.77640508821008658,0.61489740205468379,0.13818944948109829,0.045909141357492342,-0.2738648799917921,0.96067183691773739,7.7827137754052984,-20.397675452141851,-1.0513615905739986,,0.3828793878846158,0.3,0,4
0.86841442174581773,-0.4777068927704281,-0.13286277395681739,0.49583436288034771,0.83781835355623746,0.22849221218972837,0.0021625658180187738,-0.26430386119755983,0.96443703385194846,-0.71818621718657449,-28.471778422220716,-1.4607920227649915,,0.3675720684938244,0.5,0,4
0.081150150370107726,0.98634680862360646,0.14329907959556509,-0.99669519660071759,0.079779695990798538,0.015293305093177962,0.0036521456660678193,-0.14406655831817086,0.98956126066373018,-3.6157323937126296,11.318762604770514,-0.83041014298027727,,0.4931647442694692,0.2318840579710145,0,1
0.87210575810371627,-0.46649714026986239,-0.14768874297786055,0.48595236567968142,0.8610521853250962,0.14979797207304138,0.057287389298704812,-0.20240936803150913,0.97762395774675115,3.8049731414355712,-22.595674154493992,-1.2360289085547895,,0.5881849049973125,0.15625,0,2
0.83740811107064483,-0.52982102426317634,-0.13430315618708469,0.54494801819044347,0.82827679385274999,0.13034266467782599,0.042181903506146166,-0.18233824342064625,0.98233062255173043,14.753829021280895,14.804233337251489,-0.1355891246783508,,0.3258412819718514,0.25,0,5
-0.40454486336931567,-0.88864338157961931,-0.21600091179493028,0.91293891953950934,-0.4062946303151897,-0.038304080292794938,-0.053721343165778493,-0.21269135796214844,0.97564153434377821,4.2747751109227075,11.181029146949511,-0.60527418661750754,0.5724999175767522,0.2651510317879183,0.4642857142857143,1,4
0.96719750478346145,0.25201118960284474,-0.031927214967890929,-0.24816944445096231,0.96423921279690961,0.093030464610779767,0.054230190683304799,-0.082055474038944323,0.99515123755070367,21.198116353372487,-6.1580258156592711,-0.23095492417812455,,0.08507329147464797,0.2666666666666667,0,4
0.89069902666456757,0.45166996872246451,0.051473131370068016,-0.45298446920088831,0.87232028455644317,0.18401736824048923,0.038214062353823047,-0.18722061987295688,0.98157430942990975,-9.48858252961986,15.324252561215108,-0.89233808598820663,,0.180204107386118,0.1111111111111111,0,2
0.50729512254252052,0.8611986373856656,0.031441463223614186,-0.85256744002277163,0.49622399792013094,0.16398324335485973,0.12562013715000653,-0.10999386734375038,0.98596193146042832,19.631761174457171,2.7088520926337076,-0.22409342436410823,,0.3335575434714773,0.1538461538461539,0,2
-0.82434541761733615,-0.55767702116179052,-0.097216112457816556,0.56348125533328897,-0.82481918384705966,-0.046499342424281005,-0.054254099765085141,-0.093110976936028128,0.99417646252197012,-16.618222549910879,-28.820972943635336,-1.9300938789140309,,0.1185774504728078,0.3636363636363636,0,2
0.26432096203643929,0.95163380504674289,0.15661267547804233,-0.96415120101208285,0.2567983386887901,0.066836179077178884,0.02338569252963334,-0.16866450230838959,0.98539605999109503,3.7150514459809969,-20.73565666699869,-1.2437361713606245,,0.6167346424542725,0.3283582089552239,0,3
0.31313740417998881,-0.9191709738960242,-0.23889262619523033,0.94956239649704843,0.30742440106725255,0.061818223746922203,0.016619905601470877,-0.24620105275054524,0.9690762716950212,9.4402668290062746,-23.65990789587914,-0.93760407485135133,,0.4786806399609783,0.1666666666666667,0,2
0.26156723913178243,-0.89422063780124839,-0.36325202042563642,0.965071789241008,0.24807790327590801,0.084224672854157592,0.014799358909682928,-0.37259469244281945,0.92787616314856602,-9.0807175717720661,-24.535353074825213,-1.7690253086757315,,0.3901315977658857,0.1612903225806452,0,1
0.56141860505000818,0.81083736962261421,0.16538412840168032,-0.82679524813007566,0.5411717385078374,0.1534365246932152,0.03491085179754113,-0.22288093113562951,0.97422036673582479,-5.7138197659120395,-25.268140641260672,-1.6492984072816703,,0.565437479513939,0.4107142857142857,0,4
0.82401071690332717,0.56654950439408924,-0.005291266320804751,-0.56486237319254684,0.82221066112741192,0.070000914849088575,0.044009519194714068,-0.054692666777522617,0.99753289390426314,2.1943964344466731,-19.940339854669809,-1.3312822644579991,,0.6208251111626173,0.2647058823529412,0,1
-0.61944123502099002,-0.77123574645785287,-0.14658778851347076,0.7837063552288912,-0.61840220405818769,-0.058164102243767245,-0.045791976693723112,-0.15091102478472193,0.98748618090022255,2.8342235343798201,11.512932979494064,-0.62164048650583592,,0.1671990695116136,0.2,0,4
0.73071844492209215,-0.6731848063598177,-0.11345823344709437,0.68206369694719782,0.72696115396424088,0.079477002546027811,0.028977017744437488,-0.13546105386152599,0.99035884169797961,12.154347775711049,-17.837610604218227,-0.84057769606426158,,0.3447663071595015,0.4565217391304348,0,4
0.99830242523891199,0.039216345166168107,-0.043062118316611164,-0.022316822730293704,0.94047862684879802,0.33911931803396744,0.053798022132142541,-0.33758262797781297,0.93975727829172051,26.575910600471275,-0.78747312799269886,0.24745732209250534,,0.5426994592010689,0.24,0,1
0.94386717533356079,0.32679289145377716,-0.04817843317424983,-0.32575811710546415,0.9450330705774409,0.02818057229506005,0.054739423341396219,-0.010904201495486477,0.99844113192616313,-12.657961954728206,9.4013492917071204,-1.1016598767599841,,0.09568239637626118,0.4482758620689655,0,2
-0.87575294351636557,0.47977589469913634,0.053589857137947887,-0.48168406265945846,-0.86099586884010715,-0.16329904353715374,-0.032206299109046439,-0.16882299815461616,0.98512006861691037,-3.4343413942338663,14.034422031162425,-0.75246891447830822,,0.3986177123309737,0.8333333333333334,0,3
0.93246002748146428,-0.33983228937007776,-0.12260633038615712,0.35164498381841375,0.93157200107354166,0.092300661813368379,0.082849879327705822,-0.12918057871572605,0.9881539736185122,17.637305817320918,9.0445010332829447,-0.18686282628958731,,0.1465576692994819,0.3076923076923077,0,6
0.60129101923728956,0.76799685660224837,0.22052196814296821,-0.79839569153196166,0.56648312874317186,0.20411071650589258,0.031834414205127393,-0.29879373001857573,0.95378659928403475,-12.849762539660595,14.427299669404857,-1.0032186289510008,,0.6280977187440269,0.2142857142857143,0,1
0.93795171632497898,-0.3408406874186769,-0.063829488819757377,0.34588381965828507,0.93270048036002651,0.10214791840645618,0.024717628155279225,-0.11788740278817282,0.9927192952301459,14.405050375869314,-19.337055384211773,-0.6901458904045753,,0.125582544740656,0.3636363636363636,0,3
0.70267725261874447,0.70955766945601151,0.052655411576840117,-0.71034521551115659,0.69537393100089073,0.10892552907733417,0.040673744019719106,-0.11394301119648351,0.99265433900572664,7.0816248574808611,17.586914557131887,-0.3013597799993199,,0.2280341029484618,0.2142857142857143,0,2
-0.10694636419572165,0.97888807546125101,0.17418556457147544,-0.99424363854679942,-0.10414739440007068,-0.025157651895534851,-0.0064855527549197729,-0.17587340890380135,0.9843914270482137,19.892294380630293,-7.0924763913112008,-0.33927110389521409,,0.6928721076684979,0.1935483870967742,0,1
0.55862156192044632,0.8205563945273886,0.12095103950679138,-0.82247522630077441,0.52918612230964313,0.20855826542329445,0.10712820673870524,-0.21598437757184191,0.97050208447269848,14.949833982110171,7.6745977211918799,-0.34510606780075465,,0.253567761523001,0.375,0,2
0.15798761262544533,-0.98161303636512665,-0.10712497885623602,0.98739793615374727,0.15806257185088751,0.007844683499256792,0.0092320060784597483,-0.10701434585101105,0.99421461458069871,-7.2278406100754742,18.501726230588485,-0.74864327604245051,,0.06494886837473726,0.3,0,1
0.89794450293280514,-0.43333366842603849,-0.076925947905691516,0.43735918193571949,0.89810540702374841,0.046082793439902382,0.049118383821896497,-0.075024060694811337,0.9959712720192212,5.4177051988764457,-27.99492263994933,-1.1540034811936766,,0.1156462434136308,0.3636363636363636,0,3
