axis_00,axis_01,axis_02,axis_10,axis_11,axis_12,axis_20,axis_21,axis_22,location_x,location_y,location_z,dbh,dbh_approximation,score,reconstructed,number_clusters
0.47227284144264753,0.88019383164017784,-0.047086961871320374,-0.8812250190352422,0.47269018147831299,-0.0025412910768128987,0.020020715822003893,0.042694391629145297,0.99888756117062172,-14.520961636692274,0.50873579680642778,-3.7734251990001426,,0.09198461929979547,0.4252873563218391,0,5
-0.92012559357625168,0.38915277842664364,-0.043920463212228096,-0.38373033131728185,-0.91829571949037525,-0.097385853145029219,-0.078229948696660695,-0.07275360203096283,0.99427711857330825,3.2015451473791035,15.339332030488951,-0.9980940602979782,0.1707120182149771,0.09270995297182234,0.5,1,5
-0.20999836421428419,-0.96018233633910233,-0.18425679908678261,0.97754953467257488,-0.20287806553918392,-0.0568981351584558,0.017250921388615583,-0.19206866351766147,0.98122985798730289,7.7437814592420411,10.53025929620819,-0.20798520170642637,,0.1344894410472275,0.2105263157894737,0,4
-0.41334806006695229,0.89829271670404043,0.14904219655977793,-0.91056942024443555,-0.4073061112268016,-0.070463200842809728,-0.0025907826232862328,-0.16483909388787749,0.9863170691880091,-16.388090246386618,0.39557385464629635,-3.9868544017500747,,0.4097416538762041,0.3396226415094339,0,2
-0.63394208303066701,0.77322960522133644,-0.015277858881266473,-0.77036001573408674,-0.63308716634516338,-0.075802941679265337,-0.068285295056236553,-0.036285223139850054,0.9970057678172054,-3.9072039329761097,-11.798621342296302,-1.6280823411162544,0.4497038596049274,0.4448158800030072,0.9620853080568721,1,5
-0.14807024607186003,0.98859251658825376,-0.027568793479635197,-0.98839293370538972,-0.14888308885378482,-0.030219769267970362,-0.033979564880559344,0.022774151994311424,0.99916301331237656,0.76331158578357761,-7.379263946781812,-1.1474719118356922,0.1876179883321057,0.1189084175149978,0.4466666666666667,1,5
0.99108566720717284,0.12408345116968436,-0.048502550472471533,-0.11001594427805171,0.96758405047519414,0.22732707113457964,0.07513782177520649,-0.21996454807954449,0.97260984229393854,-3.8686631267883551,4.1614800753452768,-2.1290793492146078,0.2745530992422107,0.2144051084515449,0.2894736842105263,1,5
0.65074581101398654,0.75914267960783499,0.015240782315410876,-0.74727370779218782,0.63675582460929159,0.19006321440157126,0.13458044096474706,-0.13507187651016633,0.98165355043709657,17.923141990216127,20.139260677243168,1.0302171723113447,,0.6087121324743104,0.1666666666666667,0,2
0.919497317965284,0.38549804734578796,-0.076915133408415215,-0.38592196154577529,0.92247858377306446,0.0098743139864244447,0.074759092097956989,0.02060383393026621,0.99698874626349887,-15.452017208101193,-8.9240847917878945,-3.5269479205075451,,0.0769418461724098,0.1666666666666667,0,3
0.38636075144404913,-0.91671804540589297,-0.10175163374997345,0.92095505462729021,0.38948278971584849,-0.012039263748452734,0.050667120502692557,-0.089057182429937515,0.99473698089374685,-3.3914299119780198,-8.5333671574271914,-1.8307888714276643,,0.06985323718584349,0.4408602150537634,0,5
0.23753188547146081,-0.89688831192724194,-0.37305490120446766,0.97023245058525465,0.2377174821081279,0.04625354615057288,0.047197406874786407,-0.37293666302533751,0.92665562651711231,-17.486139656287996,4.0734185714846003,-4.1019602351201714,,0.6856115368142013,0.5039370078740157,0,3
0.74620160729734109,-0.65107261400520189,-0.13887984936376074,0.66489652261078414,0.73925394256567145,0.1068467248969307,0.03310249970854727,-0.17206992675522031,0.98452839716257134,1.1793768796730819,5.147987682365728,-1.3297270283865523,,0.6214052483194538,0.7254237288135593,0,3
-0.25608672130674009,0.96548604518810222,-0.047500397023634448,-0.96578228424891566,-0.25763291244842484,-0.029830552363138016,-0.041038647654518118,0.038235833590771005,0.99842568598184034,-8.5297565364687262,-13.644595500342739,-2.2583096628913575,0.4286696921112133,0.2681204438549157,0.8508771929824561,1,5
-0.81240982079383872,0.58308384068459729,-0.0018755826354926409,-0.57114148586054647,-0.79641008435104588,-0.19881745565459563,-0.11742097856316128,-0.16045003046574749,0.98003474505591415,-9.716699561184722,-8.7649032907120681,-2.9218883493011085,,0.2088215073248604,0.2093023255813954,0,2
-0.35671785589853228,-0.92646189709359794,-0.12008632110646514,0.93416307229618722,-0.35505771214012388,-0.03568438605285084,-0.009577350432241255,-0.12490946434739038,0.99212191794917315,-3.950553998838505,14.633885976641128,-2.2626985702547335,0.7132182903830224,0.7061086384608446,0.9227053140096618,1,5
0.41124717327572446,0.88239263682731095,0.22860226802390268,-0.91139171319808632,0.39377606772125234,0.11960582596113341,0.015521197975140764,-0.25753377052909715,0.96614463174541487,11.968293533271199,14.890217515588635,0.17858799062106778,,0.2357444254062868,0.1818181818181818,0,1
-0.037681614109494756,-0.98623805746174498,-0.16098009185047213,0.99916739200802018,-0.034663543061181343,-0.021516540854335672,0.015640291109624508,-0.16165683652889209,0.98672308602640724,3.8908362855899137,8.4935993652544681,-0.7570145043268981,,0.07312493692318214,0.3255813953488372,0,5
0.99492957407552174,-0.013926346412786778,-0.099605218264358517,0.018614730766317034,0.99875429876111443,0.046296247198778895,0.098836402344465016,-0.047915629827687468,0.99394942426152533,-12.125154223387407,7.5233008513423405,-3.4085014986279316,,0.1164869658347545,0.5408163265306123,1,6
-0.17949988676271739,-0.97866209519438385,-0.10000147039873779,0.98373658936961728,-0.17789562260199931,-0.02480867175966454,0.0064894828456041748,-0.10282825919359433,0.99467795578448959,-10.415146439500745,-11.032959391978773,-2.7013371831741191,,0.07961169907539598,0.4285714285714285,0,2
-0.79898248800598237,0.60128212152952309,0.0093163398782523874,-0.59678818054463967,-0.79091510421703015,-0.13526701550482823,-0.073965204129980699,-0.11363585811846912,0.99076538107045831,-7.4582719013629299,-1.1788127161438524,-2.8739414185848964,,0.1771311122191637,0.3258145363408521,0,3
0.63415186191989048,0.77224501505849841,0.038588246148738188,-0.77262575165445946,0.63094699559811973,0.070394151931020624,0.03001439494505417,-0.074454855201024558,0.99677259725229028,-6.6093038478386941,-12.314577272496882,-1.9997964905282501,0.2817436723014095,0.2928319466108652,0.2407407407407407,1,5
-0.82546373992242283,-0.50916616321817743,-0.24363791229397735,0.56163155695194744,-0.78400331572795856,-0.26440271398625842,-0.056388015650659359,-0.35508959314692395,0.93313009410785497,-0.034052970567931946,-16.534141542250399,-1.1124108834394544,,0.1337294639037798,0.1923076923076923,0,1
0.94225326062310122,0.33127838836356571,-0.049126594105157108,-0.32468140296114645,0.9395794816932922,0.10850061821089263,0.082102249764035309,-0.086284569792070637,0.99288176214465806,6.9821214885060456,6.851439821719195,-0.36954371511526779,,0.5760133944348812,0.3048780487804878,0,3
0.031669329359162807,-0.98019672448399142,-0.19547745365845673,0.99923721971559309,0.035520393631666258,-0.016225916655206278,0.022848026457247629,-0.1948144834120521,0.98057395679260384,9.198764940478581,22.640521943328341,-0.16409161080702206,,0.2507747996915337,0.3478260869565217,0,5
-0.97242063022428571,-0.21124242140201641,-0.098867372345060975,0.22077785263291524,-0.97037145344268771,-0.098165075919724357,-0.075201447466140839,-0.1172854711536746,0.99024686849050869,3.9054232839048781,11.963974475540887,-0.91524030553625491,,0.3573775424188979,0.55,0,1
-0.64399511206289817,0.76405791690244107,-0.038546014810830982,-0.76220316948608779,-0.64512799026392653,-0.053443471101606667,-0.06570102026952436,-0.0050374395012363852,0.99782663831890872,-17.401072470802834,2.1099943941051671,-4.1017767644252272,,0.101573945941782,0.6774193548387096,0,2
0.035396857981582347,0.99128977696301057,0.12685283021539936,-0.99922887373189495,0.037263629236582045,-0.012372543659564713,-0.016991772877512749,-0.12631706149504818,0.99184438276865583,-0.52586558250198767,6.9315512341799854,-1.5945429154833417,,0.3289351846761785,0.125,0,1
0.97781572757570689,0.20871110146893115,-0.017778611566018947,-0.20852947786217255,0.97794797658837174,0.011541748101485077,0.019795448166676752,-0.0075783382303728697,0.99977532927230472,-8.027705123290275,3.3530975228775022,-2.8518828114739012,,0.134641070403136,0.4595959595959596,0,4
0.59910602396300838,0.80003825075973067,-0.031792599336092506,-0.80016396480012864,0.59966650443137026,0.011735113906543131,0.028453496912918652,0.018408714902767635,0.99942559389333974,16.500783274155221,7.992015631647825,0.80292243463035029,,0.1208143106062,0.5172413793103449,0,5
0.59123569335623538,-0.77915985529694076,-0.20820728804540331,0.80548129919771472,0.5834371944978809,0.10392745892786245,0.040499772151610207,-0.22915270011521086,0.97254758674605502,12.184035081758802,11.651614982317724,0.39799448611103222,,0.3906682993756451,0.4230769230769231,0,2
0.52650245251651084,-0.82070302230167569,-0.22190474685998679,0.84809418321940833,0.52525280213086389,0.069611423222632293,0.059425784668812723,-0.22484671009061075,0.97258034787770897,4.1283206405435884,-16.498215308998603,-0.4386584626537649,,0.4616424984255605,0.4166666666666667,0,3
-0.64612034087604653,-0.74347341689990631,-0.17255660946309653,0.76230319931846235,-0.63979338199957092,-0.09776635749780084,-0.037713888888025925,-0.19470928768995344,0.9801356823788292,-5.2687343016491006,-17.225665316373163,-1.8833865267252659,,0.1708095014504679,0.2857142857142857,0,1
-0.35036747627650733,0.93440701479021704,-0.064235210581622765,-0.93548624425824223,-0.35248429416892513,-0.024906006661882977,-0.045914250197930911,0.051364901197889785,0.99762394144972899,-9.7972324693434043,-11.515262341203549,-2.5987444694667978,,0.08138497497616079,0.4772727272727273,0,2
0.65744980354583749,-0.73820569198183161,-0.15103679069407119,0.75035538558100334,0.65970885369361809,0.041845234947789405,0.068749917433573449,-0.14084241081392065,0.98764207290343775,-24.325607414258947,-9.2432107376770123,-4.4679280235011891,,0.108962350723122,0.5217391304347826,0,1
0.94394108837526913,-0.28054440076838227,-0.17398293271014259,0.31934732687114969,0.90954059279789901,0.26599472715281053,0.083621208417265419,-0.30664433673289393,0.94814384154118747,-14.938251412010647,-20.038384048010606,-2.9762820673122699,,0.6992751434561847,0.3928571428571428,0,1
0.18310662013050025,0.98089029376015557,-0.065773834246611776,-0.98308215902752272,0.18237923840170395,-0.016949395322519933,-0.0046297155603066131,0.067764629469439841,0.99769059368458546,2.9068800000421415,2.9990456969670105,-1.0751020113929801,,0.07627520914714014,0.34,0,5
0.99705707882756844,-0.014250786679850989,-0.075326599809368358,0.015003955051210457,0.99984285029664521,0.0094422477991621383,0.075180202797389462,-0.010544656925898926,0.99711420976619214,-12.455032496508638,6.7332670175678233,-3.4609313972360898,0.2093698901528521,0.1632890682959952,0.3283582089552239,1,5
0.039564340681147586,-0.9903303636732036,-0.13296779209028964,0.99895763465551712,0.042234229495571887,-0.017318025937434436,0.022766359171382186,-0.13214401479376872,0.99096904706669031,15.797223103822926,-1.0647224419207444,0.72086027319164303,,0.07744476194563754,0.45,0,5
0.75046656684821567,-0.6321307524264661,-0.19290060621937952,0.65634179224193423,0.74708140927436117,0.1052844702379286,0.077558905353928939,-0.20562120453247448,0.97555345135308513,1.6680339082506546,11.349572135194242,-1.301028143151709,0.3309913096500849,0.4431917801922041,0.7094594594594594,1,6
0.21474222348071037,-0.91087541075492306,-0.3524085179682952,0.97596952601709486,0.21380267401657405,0.042093952883150119,0.037003536865101688,-0.35297932328312398,0.93489910449954983,-22.190444097002423,5.2882355221242276,-4.6350793906455134,,0.2197246446485714,0.2352941176470588,0,1
0.80195439657328116,-0.58287434180419551,-0.13086881784103829,0.59233721708535303,0.80428143704594102,0.047623432036086502,0.077496884275202974,-0.11571029206445901,0.99025520005602286,3.90870326942956,20.081982507870169,-0.96370110429594547,,0.1051715658653729,0.25,0,2
-0.86022248603720985,-0.49368814825976703,-0.12762949025912612,0.50556577553557114,-0.8583668455058665,-0.08723305075156107,-0.066486999654659318,-0.13956493400618269,0.98797829332064346,-15.537406171882296,5.983420419474796,-3.8771637004094939,0.6560964240110331,0.7116355752396628,0.6225165562913907,1,2
0.97443088958252799,0.2213715401889173,-0.038458843219610489,-0.21140180713291451,0.96126849646187484,0.17683934418241098,0.076116472385036243,-0.16418745050799047,0.98348805977873732,3.4832963668731178,7.2601389475050997,-0.85384875683337969,,0.08325101591402762,0.4,0,5
0.95041167065036425,0.31081655074842079,-0.010522740728421708,-0.30259962634428267,0.9320353368016685,0.19935796219188348,0.071771320371606481,-0.18628795649170196,0.97987023367293979,4.1706454478449997,3.6980291506697114,-0.88144092445901367,,0.1600317185206745,0.85,0,1
-0.98079057027613592,0.18921573500905192,-0.047405304369832951,-0.17693622440360338,-0.96528220722380675,-0.19215575169880714,-0.082118388630135375,-0.18007683371861083,0.98021880425069907,-2.1968677819455138,-19.142269288673898,-1.3442091134084249,,0.4393249404553894,0.2307692307692308,0,3
-0.75621282551050184,0.65296791177059943,-0.042131564549236833,-0.64859089496035138,-0.75653575930839145,-0.083567313359987863,-0.086440809274057923,-0.035868524999208617,0.99561108642201657,-7.5446037512468216,16.185901802103075,-2.9036628584690174,0.1735642882112167,0.1391131612954437,0.4,1,5
-0.99458530405150158,0.06634669989336868,-0.079988676561383518,-0.062601464536131149,-0.99686158226881039,-0.048456603620710074,-0.082952574418844072,-0.043186817546357496,0.99561728047855003,-4.1777592839865321,3.1168964756958526,-2.2036291728576867,0.1331060009528554,0.104787444657045,0.5391849529780565,1,5
-0.44741840774606684,0.89209065025983303,0.063174679492372127,-0.89419818096884562,-0.44504912163674776,-0.048382770511492333,-0.015045981589206163,-0.078138025629964164,0.99682900609315617,2.9708112117106173,-9.693679452146803,-0.71041297978565365,,0.2172815621401167,0.3,0,5
-0.37253217033172892,0.92596536982553868,0.061708313473843771,-0.9277229955469718,-0.37326912958455827,0.00044769692932268129,0.023448360311242762,-0.05708143991737441,0.99809412562927879,-16.622813967810597,8.9007627270499885,-4.040842927022636,,0.2353136143788949,0.5555555555555556,0,2
0.0499096425010251,-0.99410084971641788,-0.09629396750843125,0.99846631558999988,0.05197572236481332,-0.01906674898312876,0.023959219886082524,-0.095194668326281817,0.99517030246320082,-24.645783034660706,8.6648067627885883,-5.1205010204251824,,0.5740652196582643,0.8837209302325582,0,1
0.32520686942096805,-0.93990153056088011,-0.10404616730437598,0.94465861398316719,0.32791474511891949,-0.0095928598966751183,0.043134616131555906,-0.095168444260220794,0.99452620483739607,-8.4751684233146527,-7.3771464215596456,-2.7781221014411175,0.3239266781068716,0.2114919095109793,0.922920892494929,1,5
-0.11412159542642117,-0.97518205708630057,-0.18972669025274291,0.99342391425043652,-0.11024212102422067,-0.030912802322385941,0.0092297374106787809,-0.19200684958879224,0.98135018299194154,13.500996953445169,1.3826085583109886,0.49976123667972788,0.9685489392162772,0.7317302381791206,0.9931506849315068,1,5
0.12663889723434774,0.9809124547293574,0.14755794070159486,-0.99192742866650607,0.12620560058852529,0.012333800677156309,-0.0065242598294787879,-0.14792870761592106,0.98897650704997109,-9.2697025129033825,14.727792246455216,-3.1705208520109021,,0.573776280932714,0.4333333333333333,0,5
-0.99510509427739569,-0.040584964018329894,-0.090103895802609094,0.056434805886190813,-0.98186056402018818,-0.18101089886121957,-0.081123141135957838,-0.18520986344573975,0.97934485369283819,16.803867250922579,1.0140227966461066,0.88503620176515774,,0.281935060499763,0.3076923076923077,0,5
0.9883318735678478,0.13442607066665829,-0.071622197781069374,-0.1314358739159168,0.99030439455544739,0.044964621338646593,0.076972194575880851,-0.035026242294759924,0.99641780574861349,8.637377146493538,5.4889245212959041,-0.18509128804462821,0.5260859655547909,0.3964788856513625,0.8516483516483516,1,5
0.70357423279817244,-0.70409420476874762,-0.096097085041781882,0.70699915344840025,0.70719483682923723,-0.0052592571066066894,0.071662374826038877,-0.064240279989529595,0.99535807148038891,-9.6929174291837636,18.562195403314412,-3.2184445216112261,,0.188906593234041,0.25,0,1
-0.090956043741270365,0.99291302159024342,0.076490062514490559,-0.99546214110562892,-0.088494578029766402,-0.034983357253581877,-0.02796647515033461,-0.079324909176551342,0.99645643911402326,8.2058422320096067,6.8986239933153817,-0.2027821048586203,0.2396164595587345,0.1657236871583498,0.6296296296296297,1,5
0.5285422870373504,-0.83594208382971835,-0.14779676348201276,0.84667472335059946,0.5317191096355649,0.020413262540572907,0.061522058259744286,-0.13592505630233528,0.98880706683189423,-15.151549441260489,-1.48434036289641,-3.7524161660305788,0.4778454155028424,0.3965330576041849,0.9269162210338681,1,5
-0.99660599129880811,0.055912658289852195,-0.060417487123199401,-0.049525139773461291,-0.99350039299282278,-0.1024901441775028,-0.065755293610011811,-0.09915010724184023,0.99289752623127858,-18.903147323174757,7.3036275385812512,-4.3480043508524924,,0.1689933193641925,0.1333333333333333,0,2
-0.93322376344536706,0.35871610883691013,-0.020400014749264006,-0.35152849414713777,-0.92331848768006231,-0.15463081229446712,-0.074304274059503336,-0.1371339621286686,0.98776168749723314,6.9017045250754787,9.0666905729184872,-0.31603267763247861,0.7965484811330983,0.607405224453498,0.4626865671641791,1,3
-0.9861035807802917,-0.14312204500612843,-0.084355250017719735,0.14715731816100791,-0.9881470604881174,-0.043704811638472452,-0.077100270323444076,-0.055510963619434764,0.99547681099767238,13.69717789969966,-4.4858364885909738,0.63703920343727793,,0.08290401784579733,0.1923076923076923,0,5
0.77610134970053557,0.62796902818353317,-0.057633277151622843,-0.6285150119844779,0.77772826291220065,0.010374429031122408,0.051337848641702065,0.028171771506230462,0.99828391582106646,-8.1598170672820789,7.1738178492879934,-2.8334488072174366,,0.06996012287336731,0.3888888888888889,0,5
-0.37665580171791452,-0.91135589871163314,-0.16601455633692408,0.92629750397569688,-0.37250220391597311,-0.056701342189894546,-0.010165685448009542,-0.17513575865954212,0.98449181046777523,-0.20499228102641459,-11.882235632056139,-1.0830341231102718,,0.1974497766116294,0.225,0,5
-0.7932682782227537,-0.5817498828910046,-0.17970117562723337,0.60508387698053678,-0.78608818265116898,-0.12624924124280745,-0.067815489261008957,-0.20888380227409775,0.97558629375560912,17.692920592281165,12.744358456044319,1.0702008131677323,,0.3322191059617653,0.2173913043478261,0,4
0.96052406222555953,-0.26200580765223058,-0.093522631711320955,0.26942919652452746,0.95984429159060358,0.078146298447713827,0.069292380142816273,-0.10025912755172954,0.9925455523031218,4.5058774536080008,9.7488958569240562,-0.66903658655621978,,0.07357751782542998,0.4166666666666667,0,5
0.23408459526986619,-0.92095009016066653,-0.31153705026915124,0.97179073114765646,0.23112343481005262,0.046954581641276923,0.028760686932807897,-0.31374016210020689,0.94907319716262661,3.6142631209251022,10.87618157788082,-0.90793677775907078,0.2072769241940482,0.1695833483813595,0.3,1,5
0.54991338555478808,-0.78463872370395471,-0.28624699413600896,0.83294761938592521,0.54047591925472105,0.11867621524587328,0.061591653225022372,-0.30369039163265238,0.95077789955541947,-2.6011982198350996,15.397452509334812,-2.0011065425418897,,0.5009043841986837,0.119047619047619,0,1
0.56386780587456886,0.81503638538079071,0.13329961741736218,-0.8253298850432933,0.55030405730680243,0.12647539431089291,0.029726727916541497,-0.18133156100659051,0.9829726276098889,-19.45463033919135,16.531568725287677,-4.747123974904718,,0.7213690572949482,0.36,0,1
0.095330862819924631,0.99418506067830015,-0.050080851810778586,-0.99529351628494711,0.094316071127448595,-0.022255227885311972,-0.017402385904059681,0.051966757173856015,0.99849717731883425,1.1340474567501666,17.0729759321231,-1.3624554282559351,0.1980672258970848,0.1089824116962733,0.2608695652173913,1,6
0.85827634277968712,0.51270322132908142,-0.022296328475947234,-0.50978432736815082,0.85677461743144578,0.077827980154961438,0.05900558443509013,-0.055431595358440326,0.99671745206025708,8.797184288242212,17.060832447672169,-0.19055323279144926,0.7621783680827849,0.4494370313550484,0.8899082568807339,1,7
0.56801915974875095,-0.81131467434019977,-0.13828497155721731,0.82057913321985188,0.57120477242362,0.019364763996452282,0.063278118512490503,-0.12447331907175085,0.99020314711516799,8.5592707486426569,3.7932576323305134,-0.22880553870077183,0.4065011442597627,0.341810578295882,0.7988826815642458,1,5
-0.49263223067891793,0.87023289581722119,-0.0028622253386373282,-0.8689124937264463,-0.49206087564942425,-0.05354598865659109,-0.048005869874457145,-0.023891456479202124,0.99856128242832498,-7.5106725099330003,-10.770639085303612,-2.3042126776188332,,0.2231850624046688,0.3269230769230769,0,6
0.7078095038859995,-0.68100067822915966,-0.18773327478121854,0.70325389922379256,0.70438148333687955,0.096336281631945533,0.066630769432654419,-0.20021189321207286,0.97748429060586473,-0.23429032404775738,15.820342114788788,-1.5940877370548083,,0.1448828401816631,0.375,0,5
0.91790128686678807,0.39185251380415009,-0.062520676529148195,-0.39104597591825618,0.92002705691904618,0.025164642954275354,0.067381542624316601,0.0013498008171377669,0.99772636817482219,-5.4051710994949431,6.1578058243035958,-2.4513418598746042,,0.08743591862715568,0.3230769230769231,0,5
0.91378372860183232,0.40509838990485653,-0.029909728167044212,-0.40317155815042643,0.91348272436210187,0.054790573920615981,0.049517593248165966,-0.038007983220451867,0.99804979894313084,18.986167109442636,-2.1893889341962995,1.1759968215585461,,0.1276221911574254,0.24,1,5
0.53200152882734919,0.84624107511048952,0.029161895020823954,-0.84529554243879901,0.52876363086327116,0.076710290114080246,0.049495648884112384,-0.065460411487650944,0.99662686862707428,-39.207172179144138,-8.442459648871532,-5.992716265867843,,0.2671086282695078,0.6818181818181818,0,3
0.59600953693531478,-0.77905861331265425,-0.19452585665025646,0.80027211160851119,0.59617663814745914,0.064327004507033672,0.065857264320697953,-0.19401312623262837,0.97878584357643639,-1.5619269299381124,20.433135765444952,-1.7949385649528966,,0.1629518013755343,0.4782608695652174,0,5
-0.62038798425291464,0.7834542188306981,-0.036307519758118356,-0.78090494947781486,-0.6213437285812996,-0.064182792349193066,-0.07284372914435841,-0.011465511286861088,0.99727746047690979,6.2407299579276012,-17.290649745504762,-0.074228101648009276,0.3113672982094202,0.1787061092225291,0.4516129032258064,1,5
-0.98211449588152111,0.17374308815552128,-0.072556573083133874,-0.16946585072099163,-0.98361586065614215,-0.061491170952316175,-0.082051462014981508,-0.048095508978065353,0.99546691537054344,0.40372028954444639,-12.790526160338747,-1.0261525697138376,,0.07781939452183327,0.2580645161290323,0,5
-0.81260425039870432,-0.57377860479359011,-0.10223719927248437,0.58021817428152689,-0.81298195097094039,-0.049063404171498834,-0.054965466134402521,-0.099189011874326979,0.99354936337155542,-26.186179650906663,4.1181785204918819,-5.0361363085521713,,0.2519147930017053,0.7407407407407407,0,1
0.49578181095985929,0.86567669342362397,0.069312757732631514,-0.86784914474529418,0.49089866196106513,0.076526894943519622,0.032222009344902845,-0.098093660080435172,0.99465540563845534,-7.1766548481727934,-13.478156964183128,-2.0987855086100216,0.2781023413243557,0.2199040273633209,0.4426229508196721,1,6
0.34968522221819354,-0.92937313495103269,-0.11826166493629052,0.93562488740919714,0.35292668061318749,-0.0069877157845497848,0.048231892174587794,-0.10820505599392305,0.99295787948664382,16.863321416337676,-0.12518246614082551,0.89451503858045733,,0.07310072473286837,0.5,0,4
0.97276456258523347,-0.20022274553657857,-0.11679023053386944,0.22031220850501948,0.95525890495934784,0.19733969514395372,0.072053012164660063,-0.21769537584813861,0.97335352610053116,1.9473159695648645,-12.959679500978039,-0.79567249781882166,0.8991473025750391,0.2878868461087739,0.3157894736842105,1,5
-0.57160491158984161,0.81959658237881194,0.039105846101831231,-0.81849057954898385,-0.56617965068117138,-0.097538578747663876,-0.057801351506145494,-0.087761297321298448,0.99446315087917925,-10.904070501741643,-13.529347362272496,-2.5619696148042568,,0.4729745587292127,0.4657534246575342,0,4
-0.95893638689138205,-0.26967173484574325,-0.087853066656720949,0.27308683397729833,-0.96154391300043207,-0.029272589227360171,-0.076580591561822176,-0.052062066777120782,0.99570324605222482,-0.73813279265878207,-5.0482974323161942,-1.7019661319972499,0.1258259209178105,0.09450131684258334,0.5673076923076923,1,5
-0.47311316443609902,-0.83171287865354604,-0.29054710654056004,0.88076995083957899,-0.45409010797972343,-0.13433714130130742,-0.020204636480400589,-0.31946183076667223,0.94738371916974573,-11.265341625428581,18.311587636230204,-3.4545883492885183,,0.6257772756666549,0.4347826086956522,0,5
0.62360204577287581,-0.75265134683007096,-0.2112733741453568,0.78052004931375241,0.61456254223837159,0.11446106017666741,0.043691430820482574,-0.23628125569411887,0.97070192493909746,20.335449909150743,9.5284892465462807,1.3606765306304467,,0.4118226448204637,0.3,0,5
-0.81515225282058612,-0.54105466425668247,-0.20684935341357105,0.57614904800146194,-0.7942159315556,-0.19306301704438422,-0.059825406045701288,-0.27655181132901585,0.95913503556178592,-1.4684884520014869,-13.742517655095334,-1.2778323039738877,,0.3025694910815376,0.1621621621621622,0,7
-0.015927782078727512,0.99008955375769458,0.13953129146517934,-0.99936729074115571,-0.020202357343346931,0.029272563168482851,0.031801320015585402,-0.13897676171813753,0.98978489367518929,13.218516533187913,11.206846616230001,0.49524879913715764,,0.538643242501728,0.4651162790697674,0,3
0.90483363397668604,-0.40222059150753386,-0.13962338841280869,0.42010361523010753,0.8967315944769475,0.13923146173701129,0.069202942821372834,-0.18463759973028432,0.98036723194459174,-12.609350699594666,10.007164919531721,-3.4438981038901813,0.4685249803181795,0.205671506950688,0.3170731707317073,1,5
0.83237567758852982,-0.52654379250505134,-0.17292300579573414,0.55249742512841749,0.81289745151079418,0.18423986689563915,0.043558312473082894,-0.24889629949368797,0.96755015658767995,2.1987629019326618,-7.7342326109709649,-0.85112986143755964,,0.4098497701339673,0.3565217391304348,0,4
0.61556086392828935,0.78794456445384564,0.015105831572549001,-0.78689449187488969,0.61345957638527537,0.066816216580693463,0.043380657634685044,-0.053016143662460033,0.99765094449629244,-15.648690154939757,10.633409051511899,-4.0079203466636963,0.7458606143887315,0.7682117146525451,0.7268292682926829,1,5
-0.46153287365377299,-0.88121942139556797,-0.10217503556227124,0.88687828104355682,-0.46104062719865363,-0.029806956998296719,-0.020840373080072652,-0.1043737104233297,0.9943197712116314,-32.889265681761131,-7.6176129195816005,-5.3400007317028777,0.5358328268952588,0.4821617249595304,0.9156626506024096,1,5
0.99599687328498421,0.05123831797633447,-0.073245226311958594,-0.046969573490697171,0.99716059307018412,0.058860944555956689,0.076053189102338034,-0.055185019696231456,0.99557547480263353,-15.720604820471138,8.3116034761330013,-3.8749736577724132,,0.07296135629108459,0.2058823529411765,0,3
-0.92303642354202264,-0.37141996328202642,-0.10025453451254995,0.38200933359743289,-0.91572030749736166,-0.12460011027836548,-0.045526144787310166,-0.15330860808354432,0.98712909025531681,3.0868488205899305,5.6196651959005157,-0.96454628141817189,,0.08150946192737191,0.3968253968253968,0,5
0.40845053075749277,0.9104286402823254,0.065481714070399766,-0.91270391312882182,0.40643493864410385,0.042216200784755964,0.011820781837837319,-0.077008646287535037,0.99696034901780473,-2.7387094851624836,-7.0425057235645045,-1.9234467922891989,0.6286191919808846,0.2291779219076328,0.2105263157894737,1,6
0.76262309260631667,-0.63200927187614775,-0.13773270812032504,0.64260145890134057,0.76459282291466779,0.049610282857971338,0.073955281362765107,-0.12634118651477366,0.98922622334256449,-15.492132542160373,17.536474866743305,-4.1518933146130941,0.2004063315341113,0.1357796545650711,0.1904761904761905,1,5
-0.094708846524119997,0.99535687252006866,-0.017173547016828914,-0.99531733108387066,-0.095011867323687965,-0.017780762406238868,-0.01932989483033639,0.015409133484219196,0.99969441019299221,2.8446750357469135,-21.280282631255282,-0.63619215591573863,,0.1221363622759369,0.3529411764705883,0,4
-0.38625506704073498,-0.91494806030350129,-0.11694900654651878,0.92234930675323334,-0.38434018089566518,-0.039425647501553036,-0.0088757826239018369,-0.12309619123249772,0.99235505147445346,9.2176980659486567,-8.9670010189543117,0.076739091085503461,0.3218571255334426,0.2582887238339384,0.52,1,5
-0.98965920786463057,-0.11830501624427694,-0.081108417690109319,0.12646796688771855,-0.98647838590389225,-0.10424129458011482,-0.067679432917532784,-0.11342097370368803,0.99123921284625771,-1.011261665712637,-8.0539167196824817,-1.3857234871452473,,0.1139934988447211,0.2934782608695652,1,4
0.91239040122533843,-0.3977142314716835,-0.09678401643223189,0.40091614434908912,0.91598508904275466,0.015413041607596678,0.082522729911986933,-0.052864985919087247,0.99518605914253466,4.1872155567692761,5.6272739257288329,-0.78121341362448971,0.2430479121740094,0.2280982919547855,0.8829268292682927,1,5
-0.64186221184131398,0.76652487290797344,-0.021272522736879025,-0.76359652165855851,-0.6414590004315861,-0.073828875626415491,-0.070237120677933348,-0.031144341038544885,0.99704401953983346,-3.3117673217543833,2.2556275430632611,-2.0171082708319878,,0.08108516127117366,0.330188679245283,0,5
0.096129705054913778,-0.96624325677651746,-0.23902520482151374,0.99497763314022991,0.10001195228346964,-0.0041375054220298274,0.027903214093068354,-0.23742699537828524,0.97100454814018178,-19.261936273868752,10.948586728792057,-4.6915093067289213,0.4565182110294737,0.2750399615996069,0.4090909090909091,1,5
0.38166406521190321,-0.9095704760438883,-0.16435963748809415,0.92311526632405083,0.38410420583879201,0.017948931344960659,0.046805410001401239,-0.15857335263607364,0.98623716489917124,5.3297392319319732,-17.105764190142729,-0.207219366093149,0.3317342480841527,0.3185623887812182,0.5555555555555556,1,5
0.76436824882376297,0.64109075228603551,-0.068875449351865042,-0.64146640692443635,0.76690475593841612,0.019440784616215852,0.065284216909981332,0.029321368528189957,0.9974358266926685,19.628384768036415,-0.23266774735412513,1.2767019928494852,0.095942498408707,0.09238554936349778,0.4,1,5
-0.28301298970615807,-0.94870818062827311,-0.14091286551118884,0.95910417297814243,-0.28067035063832246,-0.036651598170813177,-0.0047783923547254255,-0.14552299571391952,0.98934333003510544,-8.9902775843870693,2.5226948566763379,-3.0096555277700694,0.1237042581852636,0.08991370384228529,0.4269230769230769,1,4
0.99442599132817477,-0.026037049653573743,-0.10217152155230702,0.034102263288238781,0.99636972194834172,0.078002646257693126,0.099769651746389493,-0.081052138959564202,0.99170387080039302,-3.8414598497051844,11.758923559532056,-2.1946325051003921,,0.1456816761475134,0.3636363636363636,0,5
0.86047540280904267,-0.49524356786960827,-0.11964902692624735,0.50358743974933495,0.86236733764351159,0.052175334137433249,0.077341914169013287,-0.10514933879689234,0.99144432262394377,5.440373920071508,17.433137324887916,-0.72165863063932323,,0.09988509395060149,0.5555555555555556,0,5
-0.58243331330745274,-0.79698283291901406,-0.15996812051807716,0.81203218415245448,-0.57942703124778283,-0.069771393564809187,-0.037083250266087865,-0.1705364462270873,0.98465331617678464,-4.7352167028068228,-15.126924753215066,-1.7598643249503654,0.8128642986661043,0.3928859204085259,0.8243243243243243,1,2
-0.8509971059457978,-0.49137638979455578,-0.18534607960338847,0.52183867650572158,-0.83087618600744428,-0.19320755479142032,-0.059062012957853668,-0.26113982285011922,0.96349243460816791,4.1563240865730222,-6.1989300528767748,-0.71328533789727944,,0.09214410495838085,0.4444444444444444,0,2
-0.98906686641573649,-0.10981056891952463,-0.098429531707342255,0.12485461539473654,-0.97874694991989442,-0.16268292177464849,-0.078473299747040079,-0.17319366898381222,0.98175653511995409,-10.229025582256439,-16.194980987207874,-2.4709989826822834,,0.6013494114514235,0.25,0,1
0.14777259115180566,0.98509108404179435,0.088084149798041439,-0.98888581156999822,0.14569068132058893,0.029649233580120251,0.016374155850827559,-0.091486510031289034,0.99567168559845454,-23.398301032364827,9.6050548122182295,-5.0675777752405242,,0.2044401120967426,0.5,0,2
0.8812357399667039,0.46801662519232612,-0.066211850517277973,-0.46848567854406448,0.8834230022481051,0.0092178141689255831,0.062807162047366985,0.022896236427216405,0.99776300931284578,-21.487069512698177,-7.7043531480321841,-4.2927620249746026,,0.2170470605064714,0.3666666666666666,0,1
0.035713917520744751,-0.93246808101008338,-0.35948267551120583,0.99910170883806149,0.041524901026439028,-0.0084532828895248682,0.022809898995552885,-0.35885785555302785,0.93311347006443723,-12.385038295814182,20.325097662861911,-3.658713814253026,,0.5876914045930218,0.2272727272727273,0,1
0.93383322278479408,-0.33244425966921204,-0.13204668203462724,0.34260980602138819,0.9373627569938181,0.063004623790114414,0.10283011641222251,-0.10407629900191766,0.98923914760017029,6.1431708176990352,8.0290977617162334,-0.4590950818593586,,0.07742127100666404,0.2571428571428571,0,5
0.3011844923390265,0.95239797516130631,-0.04718048837313036,-0.95356437914880632,0.3009031311054356,-0.013125567016191388,0.0016959932294938241,0.048942850341895001,0.99880014067248535,-10.615490107447624,9.708542143715734,-3.1544832560113885,,0.0792426841024039,0.1794871794871795,0,5
0.00030109939519282685,-0.98668884190510264,-0.16261930573927474,0.99996202692967084,0.0017134005051231754,-0.00854452792230629,0.0087094223608826463,-0.16261055783275127,0.98665189020417099,-8.9871759563084535,-8.1071055854180774,-2.8457691143702282,,0.07919038134454284,0.3230769230769231,0,3
0.90888592394783829,-0.37365470318880872,-0.18522564626521984,0.40558069308455136,0.89535947818807415,0.18394484558104737,0.097111681308378453,-0.24230882692065436,0.9653267600920411,0.14781299871690595,-9.3617881729012549,-1.0759804460385991,,0.466271091401128,0.2727272727272727,0,3
0.55382633651630364,0.83256808559982365,-0.010333045125979153,-0.83245429753844991,0.55392189064824315,0.013797882824653164,0.017211376780988132,0.00096015692532116495,0.99985141226483376,-11.277575623287351,-7.8428457956206188,-3.1008204976870082,0.1354975678507183,0.1766215780579308,0.3,1,4
0.0087195589118628774,-0.9929797461658757,-0.11796267628676624,0.99979045776632713,0.010842086150198365,-0.017363459543266239,0.018520525148643031,-0.11778655641568575,0.99286621318078583,-8.2824954089431664,8.37338565221126,-2.8468437639590336,0.3525479892422931,0.3110635376192329,0.8014981273408239,1,5
0.45177915533676155,-0.85200847619141162,-0.26453194760027121,0.89072849703943435,0.44739677534368055,0.080242569587146692,0.049983390892116578,-0.2718780644150362,0.96103276672799287,-5.2183235823922924,16.260271743977345,-2.5696480608159917,,0.4590124277595888,0.425,0,2
-0.99202197802141623,0.11367204363158358,-0.054507445538168248,-0.10238468750771172,-0.97873927325550303,-0.17772678681402537,-0.073551144698265722,-0.17072815082437104,0.98256914648775029,-9.0853182432307698,10.131658249708561,-2.90967151019374,0.4948412820838712,0.1954449234707139,0.3793103448275862,1,4
0.85868911522950997,-0.49848259456563421,-0.11902985466460754,0.50643208877985157,0.86094936119264509,0.047882532473283432,0.078610068314691611,-0.10139674736939128,0.99173542680619697,3.4891928887754267,-11.608370554429289,-0.55844010607909156,,0.09701882365907971,0.392156862745098,0,8
0.9028747934346385,-0.41027799129406045,-0.12840980196258067,0.42696546367998955,0.89063032794989716,0.15645482338486602,0.050175693367304722,-0.19608566698147276,0.97930220616495134,-6.7809769708401024,-6.0272824743452045,-2.5831131863675956,0.3119813188502423,0.2887947245386034,0.3333333333333333,1,5
-0.48920014452030858,-0.86239019419338236,-0.13025502508698614,0.87142023038518246,-0.48949474075834087,-0.031963742668249515,-0.036193931490606429,-0.12914353150284666,0.99096515962683007,9.7967814143598915,15.537739978474329,-0.11090258831584095,,0.09692717758853386,0.2307692307692308,0,4
0.21690064090829334,-0.95595503876515664,-0.19774750525121443,0.97542933194307047,0.220252144737584,0.0051585970562729871,0.038622925299183389,-0.19400761994829427,0.98023941618531729,-1.0645121920125189,9.6423688794638949,-1.6679530051969107,0.149485317467147,0.07842922773915502,0.2105263157894737,1,3
0.97152966702752463,0.22606089788279768,-0.070898353533843966,-0.22552005100702591,0.97411285363608446,0.015647842495126321,0.072600362803329557,0.00078665709627740181,0.99736080156151996,-0.18353114742547844,5.6229201557017046,-1.5392734417840157,0.4292484398748163,0.3669881106441485,0.8317972350230415,1,5
0.63737601589666837,-0.74674097703257647,-0.19007821437535394,0.76759515204876239,0.63690139053507755,0.071793462694883986,0.067449958568757989,-0.19166254708449831,0.97914042462465789,-22.152588932961457,4.3701632560516872,-4.639509493582012,,0.09702992230676191,0.2307692307692308,0,1
-0.56455593403751148,0.82479330235744275,-0.031505645991459115,-0.82335120245115689,-0.56543209568980313,-0.048778505369404042,-0.058046487966702726,-0.0015979831487093425,0.99831260218660456,19.425249009236353,1.3953353508559017,1.2010475559306466,,0.09648237332434333,0.2727272727272727,1,5
0.86478580261345561,-0.48322423920906282,-0.13652783686495285,0.49611555558354803,0.86421515657892123,0.083675077814708232,0.077555600095855132,-0.14009460296561196,0.98709605971945746,-9.6097398510388459,6.8340608668696383,-3.0515654879454579,0.1252067845050153,0.07436400888462495,0.323943661971831,1,5
0.93349218000343992,-0.32880536182046788,-0.14310619801580352,0.34877620988187458,0.92525371559936331,0.14920025867942935,0.083351696400623204,-0.1891893120862945,0.97839659591571293,-22.772216181574148,1.520426629973902,-4.6500659200541286,,0.6056098022055652,0.5483870967741935,0,1
-0.99474925968912475,0.062390421464309932,-0.081125493264719059,-0.05975811233332514,-0.99761712148803594,-0.034482559711869476,-0.083083562503637839,-0.029453594405958714,0.99610722686780739,-0.98075902133954707,12.23544390862563,-1.7492820726197849,,0.07275600258785772,0.3611111111111111,1,5
0.89320503078732405,-0.4036048399719725,-0.19821177091034348,0.44202582391904394,0.86897556739433335,0.22247389568303783,0.082449645025957474,-0.2863295241900411,0.95457711035421289,-8.0322241149287663,7.9739189554789096,-2.8081794414671415,0.3370498022537955,0.2377012025252691,0.4159663865546219,1,3
0.062443250923795199,-0.95436185063769408,-0.29205187631902757,0.99803041585175079,0.057946566180681607,0.024030907237346903,-0.0060107777242243672,-0.29297722354351119,0.95610052663717648,-14.118521320267604,6.4203756340989973,-3.6728235817009125,0.6554213984046269,0.5220856911471523,0.2916666666666667,1,4
-0.95802049457754213,0.28076508139558493,-0.058031896732157313,-0.27503856472096005,-0.95717119432161357,-0.090427278390811258,-0.08093528208164491,-0.070670176382018585,0.99421084599017451,-0.67198908952718517,-3.9621636248217262,-1.6919269400019927,,0.1046632929379495,0.2827004219409283,0,5
-0.78407293928513844,-0.60117571783267476,-0.15432881185679978,0.6206039069920587,-0.76296127880217113,-0.18094440492799727,-0.0089675251298887496,-0.23765067501886747,0.97130929170688007,15.225349086289521,9.1210914631169508,0.70781546243283588,,0.3407588251093932,0.25,0,3
