axis_00,axis_01,axis_02,axis_10,axis_11,axis_12,axis_20,axis_21,axis_22,location_x,location_y,location_z,dbh,dbh_approximation,score,reconstructed,number_clusters
-0.012470430417729375,-0.91657665625758411,-0.39966451127021824,0.99992220773259566,-0.011327644357017464,-0.0052213941138009338,0.00025855051204047347,-0.39969853349366541,0.91664661428199534,0.96850624163251253,12.929123089819086,-2.0789708858588658,,0.4195987990507358,0.5348837209302325,0,5
-0.45510204326120796,-0.85559012061061246,-0.24667321648892279,0.88630125981801355,-0.46193461577834971,-0.032961911211429093,-0.085745011892677345,-0.23362781567960986,0.96853798927884027,8.5586751370270377,-9.0376504881174267,0.68088812545162569,0.3124969303167799,0.1510671613591058,0.32,1,5
0.85703051037203448,0.48744190445949842,-0.1670302190274234,-0.47504444678050783,0.87302363550554718,0.11028374962649919,0.19957825000348417,-0.015169760234630821,0.97976446174576692,-3.9103143028757836,17.140961090237735,-3.1564069641428159,0.3696882368295524,0.1962511994882417,0.4444444444444444,1,5
-0.47107993520215308,0.86476504445868463,-0.17396871136013281,-0.8772796031330673,-0.47987862279804105,-0.0098491272782800579,-0.092001046606131578,0.14797947581953858,0.98470192553866354,-9.3751599373020227,10.612452286977161,-3.2624259502030872,0.1685595791879446,0.1348470097217586,0.5142857142857142,1,4
-0.54637152116823295,-0.77925233289085827,-0.30699179555888112,0.83038175772217038,-0.55182833552538546,-0.077146772800430141,-0.10928996888347062,-0.29707118641065999,0.94858020899975182,2.6188053391918773,-9.2838034555206441,-0.10780072310053383,0.1348900931412293,0.0970289366045103,0.25,1,5
0.36381350034240167,-0.90117589390417729,-0.23563052691579778,0.92832013296438776,0.37158155647654256,0.012201541683397399,0.076560222711215278,-0.22317964766635268,0.97176611237783572,-8.3598901062547277,-7.3170911901540734,-2.0745440872350116,0.1645154844628549,0.1423989152080904,0.7088235294117647,1,4
0.12275863234773078,-0.96004896824144526,-0.25146828182228081,0.99208609899399214,0.12544376834150769,0.0053882434209823358,0.026372151353203362,-0.25013964012690509,0.96785054118401226,1.6223500756109315,-15.647482707294833,0.010996915907534615,,0.08313088100492083,0.4074074074074074,0,5
-0.83883666851997807,0.52175899167651463,-0.15530807497039098,-0.49372844079626604,-0.84934119438795452,-0.18668626694143389,-0.22931478429266142,-0.07991927252138302,0.9700657913690498,12.015843927713561,4.9740147889160289,0.10441054003989016,,0.1871423785222697,0.4705882352941176,0,2
0.88112738400414725,-0.41914265749266705,-0.21893826944596317,0.43862000529857964,0.89743383729031911,0.047169891225734846,0.176711697716598,-0.13759338776394217,0.97459788401871672,-5.3225672850302095,-8.3052570395206473,-1.6459415114921991,,0.07118896823758014,0.1829268292682927,1,5
0.95122647913012437,0.27050323766942086,-0.14831110481709392,-0.24356659581606302,0.95358446712551737,0.17706489618079693,0.18932379355031087,-0.13230518684958159,0.97296034797334663,-6.5846023542743932,11.460731022699379,-2.9317222677086003,,0.08006784012276262,0.2592592592592592,0,4
0.70997615286655735,-0.65861418970812258,-0.2493215022333907,0.68758844900974136,0.72480651241414307,0.04333179375958824,0.15217091426806839,-0.20219512525567557,0.96745084845363649,12.882149921381895,2.8751072249353444,0.36709653801417308,0.3742344920190346,0.2990679420188582,0.6991150442477876,1,5
0.62748701651622407,-0.74415384889630176,-0.22911807714885637,0.76816197259959551,0.63972764071079247,0.025994798758639297,0.127229037391105,-0.19231119281889,0.97305147713834228,-7.2485197052135675,-0.011515915002004547,-2.3340163845219903,0.2612005205653692,0.2192565431343434,0.7974504249291785,1,5
0.4909324661893576,-0.77700251160897049,-0.39402082507728953,0.86720130758346359,0.47911405253568706,0.13568941295607129,0.083349899620621129,-0.40830971286045076,0.90903023746025624,-19.966673338662186,10.867301674874257,-4.885862866401971,,0.5247100283664392,0.25,0,2
0.98277091952417528,0.03123433588230028,-0.18216952544154719,0.002380725485882639,0.98339649589375533,0.18145430281490624,0.18481247761925537,-0.1787617076609935,0.96637911814688837,8.6453149073391398,-16.041325452830456,1.3363563582506377,,0.4035255674382695,0.6842105263157895,0,4
0.17082636174023444,0.98333741312312828,-0.062176250183709959,-0.98471213382853195,0.172565628993612,0.023730090199932125,0.034064169231795879,0.057171983019235803,0.99778304091229886,6.2697915178572883,2.6005684092717938,-0.60791346105580146,,0.08468001594539962,0.3972602739726027,0,5
0.8479190140280628,-0.48186827213892147,-0.22098939783512023,0.50253314181257913,0.86335262631771725,0.045636432926763906,0.16880102792831839,-0.14975049561237239,0.97420788440362815,3.8225225360687509,-16.037458052875316,0.42184316706576852,,0.09938129602054033,0.3809523809523809,0,5
0.22503836018409837,-0.94175022182153045,-0.24992850206559378,0.97335815815411286,0.22885805466407066,0.014067223258757221,0.043950340163489303,-0.24643561129527694,0.96816210268995695,6.9716421563025737,-20.189752466402787,1.1826547351018781,0.6925718217993906,0.5579222311874551,0.9444444444444444,1,5
-0.61554213230314314,0.78791389044646176,0.017308512391905468,-0.77802674172286068,-0.60402393669841592,-0.17271211034393852,-0.12562751499495917,-0.11977806617602774,0.98482025889972546,-5.2877698305272993,13.341048187044336,-2.986387569810284,,0.448439449785023,0.25,0,4
-0.78224195710372224,-0.56255959998600957,-0.26762701098753089,0.59853835727190419,-0.79781301766815216,-0.07243082019063278,-0.17276966001236885,-0.21684345805861494,0.96079631518672726,9.3557382790293246,11.807374966611231,-0.71946386260469553,,0.112775991846865,0.2222222222222222,0,5
0.87615540241846346,-0.41641944252676077,-0.24278912392988877,0.45207296707125832,0.88465510518484158,0.11408495656214515,0.1672774439556331,-0.20971455065421543,0.9633473226140048,10.703403600434706,-7.8226468302513048,0.94784480131963111,0.6913747822606989,0.3744143809613864,0.8539325842696629,1,5
0.87793693752023871,-0.42934139130342219,-0.21187898303330011,0.44187938024018175,0.89697476462287362,0.013374787784953322,0.18430775093884846,-0.10536717393657971,0.97720438578655666,-13.640833715847462,-1.002675277706387,-3.1632796909046585,0.1984365051944771,0.2191583944793071,0.7916666666666666,1,5
0.60553923990325176,0.79092152351298994,-0.088121351449483118,-0.78571638505183672,0.61176300845010123,0.091628509499803334,0.12638034340223339,0.013753731710791443,0.99188650745211859,-1.2772660365309099,-7.0079192621541262,-1.0909455870091103,,0.547761199469187,0.125,0,5
0.98062305411995054,0.029503907966097802,-0.19366968049539857,-0.023838547082706291,0.99921884001794725,0.03151877894485379,0.19444832064445133,-0.026291237474051841,0.98056036093176702,3.6403454002867459,-12.271781177650814,0.18845330088104445,,0.08245494110568317,0.5357142857142857,0,5
0.66447935225288823,0.74632934770983517,0.038205957344275288,-0.73467199699209851,0.64302951914757311,0.21626394600229021,0.13683657137338248,-0.17177177373436911,0.97558711065846127,-22.068079746844557,-7.9777917422076836,-4.1738336724107681,,0.4462721701905014,0.2727272727272727,0,3
-0.52043409851136646,-0.82158589321704345,-0.23269071570093594,0.84759840013505028,-0.5300915697968388,-0.024080691826151118,-0.1035630300597864,-0.2097606914964662,0.97225261691998555,-4.5660498414668114,4.6509500330878506,-2.2225479370447747,,0.06610138251429802,0.1791044776119403,0,5
0.63940338825866094,-0.66143114705952388,-0.39201038861599991,0.7605452375866455,0.61892821049106961,0.19621114097470532,0.11284612827925235,-0.42359970249971329,0.89879310376445243,-8.0530050528469079,20.726837490110359,-3.9047298388970839,,0.5906124029314876,0.1111111111111111,0,2
0.3932131374583181,-0.86527536631255375,-0.31093724283665564,0.91609158575702021,0.39756189125405056,0.05216080068106814,0.078483342406993534,-0.30535730394928851,0.94899804103562213,-24.402052279011659,-1.0177112895235265,-4.9222750418415249,,0.1418935238461239,0.1428571428571428,0,1
0.71085809164189495,0.7025495546142605,-0.033239988846994563,-0.68893775320862483,0.70504193253502767,0.16816850350504492,0.14158229321174379,-0.096643658242941313,0.98519767436303207,-13.00418998321148,-9.8292695880355012,-2.7174488107101258,,0.2798150865152963,0.3611111111111111,0,1
-0.97853759513996064,0.032911292231337555,-0.20342325762155913,-0.0026571963737306338,-0.98909703922038794,-0.1472412520759547,-0.20605124169763009,-0.14354056516931696,0.96795608988514514,2.1989661116768113,14.872033188437209,-2.0766818461039831,0.2858781212162925,0.2632575362879117,0.375,1,5
0.78022831333525544,0.6166194619898141,-0.10499627691215675,-0.60587868459047978,0.78674468143265597,0.11808397772915018,0.15541814124783554,-0.028517456633097373,0.98743706434296219,-16.417249844561624,-8.7838444585844488,-3.2488474202115154,,0.576588292079991,0.4782608695652174,0,1
0.4386788886408497,-0.82701374602064337,-0.35158085350845281,0.8952394449387695,0.43620552727726208,0.090945446276821551,0.078148377376331166,-0.3546448954456683,0.9317294828692384,-17.910818647912013,11.006141974045299,-4.6006074424799142,,0.2086300501084654,0.1785714285714286,0,3
0.6844472314115676,-0.63559756336213069,-0.35713824334725414,0.71810056562681135,0.67235695817183561,0.17963211974580134,0.12595064533178688,-0.37940988158723399,0.91661582830238519,-1.1410614051968668,-16.654118457036223,-0.46023275806959174,,0.3748479497681187,0.360655737704918,0,5
-0.66324192856907183,-0.71521545840853873,-0.22040188801696123,0.73450920653142959,-0.6785467998028778,-0.0083944027686357059,-0.14354918916018566,-0.16745473576682288,0.97537302698030159,9.6327461213848871,-7.9436676001675615,0.80177629808350781,,0.09532900132749363,0.4230769230769231,0,5
0.98074259644891171,0.019741781194825152,-0.19430445590851231,-0.0097301838049785837,0.99858162739298706,0.05234555335742766,0.19506225425173551,-0.049446895842202444,0.97954362917524107,-4.7605781548949935,6.2849697321800928,-2.3271941494031023,,0.08202083577785671,0.4536082474226804,0,5
-0.97555428518757215,0.1028843580408305,-0.19418714046684396,-0.094518234693906397,-0.9941697424207423,-0.051892451911826523,-0.19839390102145585,-0.032269678114288713,0.97959100032201596,-3.3056611969679013,-13.129023523461347,-0.95717316746010417,0.2475221262256156,0.131026773220589,0.32,1,5
-0.20228004569450819,-0.91393751531757883,-0.35185366448135702,0.97865562283558305,-0.20195257301643249,-0.038056932933970861,-0.036276094140989472,-0.35204172529286115,0.93528106398381738,13.145280175935905,7.7390003131353557,0.12496202882769825,0.5056012917778929,0.11929191007218,0.3181818181818182,1,4
0.32113267714544869,-0.90179293273279015,-0.2892115318285079,0.94371813348494804,0.33025465652693758,0.018109289714441649,0.079182625626359276,-0.27874965168672317,0.95709390525875149,-9.2264111938080067,-17.369815040428016,-1.7848088615407824,,0.1566592227172224,0.4038461538461539,0,4
0.69356410340120889,-0.63694146833140175,-0.33656262477154908,0.70761202691258451,0.6899579251592789,0.15245747236054358,0.13510756397012028,-0.34389479122217065,0.92923749317831517,-4.4571947806936594,19.474591246136427,-3.3722772986578509,,0.258864311565518,0.1333333333333333,0,2
0.69568158250672207,0.70714618815086872,-0.12637802160438366,-0.70767390253879303,0.7048714529150244,0.048516827297097838,0.1233887491891251,0.055682164551655783,0.99079499046189412,-1.2652560003555786,-3.3377169101895734,-1.3373866422814826,0.4437914124185391,0.3966214607120901,0.8,1,2
0.96030809028299235,-0.18547235015809829,-0.20834677598625151,0.19904869108891174,0.97890858115130719,0.046017478463369364,0.1954174769891999,-0.085662109915455004,0.97697185865919878,-11.876865280218146,-0.53897141156888084,-2.9675259388044211,0.2325465142393973,0.1961722776803375,0.6980728051391863,1,5
0.18135170299623224,-0.88841300766465869,-0.42170355420911526,0.98229036970962014,0.18417595328360434,0.03442161832064513,0.047087040638618689,-0.42047775927426828,0.90608016453269014,-10.807077989977438,0.9273375801828353,-2.943426079356493,,0.2862310658168692,0.2054794520547945,0,5
-0.010393534511163833,-0.97726125769897876,-0.21178387247610528,0.99994595746612736,-0.01020813185053074,-0.0019688045286039495,-0.00023788130426510569,-0.21179288997681714,0.97731454259504025,1.1237264149298369,5.4902912786329452,-1.4746866471064748,,0.07077340028948055,0.3076923076923077,0,5
0.055926194073536224,0.9983861787847389,-0.0098640168317799676,-0.9983166018532057,0.055764757125997398,-0.015945354400177813,-0.015369556946051018,0.010739174748881071,0.99982420797107951,-3.324912481849791,-17.17717074673406,-0.81978119573611652,0.8288204373437278,0.4083514461668191,0.5168539325842697,1,5
-0.73143908241031486,0.67408409314274187,-0.102992738067712,-0.67110437152801983,-0.73837136342665322,-0.066533090920587679,-0.12089578668728865,0.020453973780005217,0.99245445422843903,7.640105255017132,-10.93105130544928,0.81751949854890393,,0.6811711104529741,0.125,0,2
-0.68437066090206589,-0.67547976791219277,-0.27452482881838031,0.71412575287924074,-0.69695867120572674,-0.065368338710772397,-0.14717746964507977,-0.24078142322953186,0.95935556424947777,-14.755746263419546,-8.5803784148416469,-3.0106488545752068,,0.456579306297751,0.3333333333333333,0,6
0.98149175104349262,0.052736644504302078,-0.18409994285714984,-0.03615236783916035,0.9950741269199409,0.092306490747614114,0.18806102449258599,-0.083942410383215621,0.97856360181945012,0.38043501283595199,4.5828317331290789,-1.5395983050928048,,0.07464656906517339,0.1379310344827586,0,3
-0.88106276293308916,-0.42251752299951462,-0.21262020254685771,0.43887662402840788,-0.89789054588181116,-0.034349330379089243,-0.17639647574183454,-0.1235779526227031,0.97653098925299975,9.2995268481590543,1.913268170117163,-0.12226068667379485,,0.1141353823804745,0.7755102040816326,0,5
0.96450483992792579,-0.15237763634885423,-0.21566517961030007,0.18505159219348818,0.97265228022993822,0.14036897801920856,0.18837813562688632,-0.17529574354284394,0.96632555606974424,2.2672134892471214,-12.91991319426473,-0.03602942008365851,,0.1240857958818342,0.1875,0,5
0.94989326529281182,-0.19690376390619402,-0.24275850615566988,0.24861216838453007,0.94667349432807602,0.20494215005169436,0.18945916257204531,-0.25502588671788395,0.94819144840124725,-9.338288740274594,14.475769154227619,-3.6731731418697371,,0.1250113264398739,0.2941176470588235,0,3
0.31062442284217412,0.93416613003013005,-0.17563060507353342,-0.94865483126891137,0.31628163524768588,0.0044652340590513812,0.059720005392820408,0.16522581126924174,0.98444601286525701,-12.564379006558747,5.1836239649023303,-3.4171149793733173,0.4904286893427132,0.4105208138192353,0.9502664298401421,1,5
0.48894126709240232,0.8710945789547041,-0.046159201139106154,-0.87026778876647648,0.4907341011169491,0.042591288269379461,0.059752934401429307,0.019346227453028778,0.99802570623894882,-7.7723486265923238,17.476029968175851,-3.6704399737647768,,0.4288157234988424,0.6730769230769231,0,4
0.96821338732286,0.15865144625622307,-0.19337154705282716,-0.15491002957720032,0.98732891122547339,0.034416620907830549,0.19638156569593271,-0.0033674410360349065,0.98052176977142347,-15.566641179184646,7.3043687107750808,-3.9368603521278462,0.3962954059954482,0.360663257112302,0.9719626168224299,1,5
0.93816635252075764,0.3317098775126826,-0.099057822297984974,-0.29137473756388355,0.91112613250389596,0.29146171786028968,0.18693490125569404,-0.24457662976869693,0.95143975892513033,8.5593120257187483,-5.4362431492759269,0.39989038996380194,,0.4722583750658192,0.2692307692307692,0,1
-0.56099550593272129,-0.74021073784194857,-0.37063743187482739,0.82028067613139433,-0.55734167108968569,-0.12849075465720597,-0.1114614493388266,-0.37610945913448368,0.91984673726705901,-16.433444988223396,6.6106735721202643,-4.0532894664622843,,0.08053229194890019,0.2758620689655172,0,3
0.96814728034898478,-0.042678246229032796,-0.24671726905848687,0.0938393186441632,0.97539246529983781,0.19950869883968264,0.23213148392508715,-0.21630558461380062,0.94832846009999028,-18.578736878348877,10.364373210920904,-4.6586024390512355,,0.6155817399300716,0.3142857142857143,0,5
0.57362149454136158,-0.69441861300815277,-0.43444351866263281,0.81120023501774785,0.55516930153804411,0.18368784754825876,0.11363344449274911,-0.45778798208078275,0.88176958654464821,2.3621058220012685,10.045077348740659,-1.6577689908742084,,0.4420335109935698,0.3428571428571429,0,3
0.78813630457818773,0.61538628247922111,-0.011869656365905068,-0.59514163291768984,0.7668440598794215,0.24032607972443165,0.156995548261427,-0.18234558169599968,0.9706196405709312,16.351507812541531,-2.0495875153322234,1.3914391822937457,,0.2777425748036845,0.1403508771929824,0,1
-0.7712279557089361,0.61568928850975713,-0.16166057140615461,-0.61770433314074435,-0.78520071931164026,-0.043602605560116317,-0.15378165414692302,0.066230887105878808,0.98588268695672154,-20.76600584895235,7.2888246108157677,-4.6947773281275058,,0.07995354922241349,0.4583333333333333,0,1
-0.98096972042530306,-0.033309293743879149,-0.191282248415756,0.04100470088581664,-0.99849521434335187,-0.036413204180470539,-0.18978151151776548,-0.043563722105760233,0.98085940888708656,12.759748046125706,10.81554276942922,-0.042380221436893135,,0.1001694657877946,0.3125,0,4
0.28158688077393534,0.95783584813378153,-0.057090424817523931,-0.95800603310537602,0.28399819538420606,0.039616480815638545,0.054159663124017328,0.043537490147620823,0.99758268722043253,1.5444062289220055,-14.263855539506984,-0.077593411605066151,,0.08093551832111207,0.4444444444444444,0,5
-0.20148593130226011,-0.90200582225568127,-0.38182314767980252,0.97871718430903287,-0.20089627539299224,-0.041873137826308728,-0.038937034112255672,-0.38213372417267016,0.92328637173114725,7.8780637738937989,-15.2887661438187,1.1546922864311975,,0.1132757157309234,0.25,0,4
-0.781161490197956,0.60800550672118037,-0.14183099107186739,-0.60717953651617973,-0.79272066209534631,-0.054101407773842682,-0.14532631099599441,0.043854939104224715,0.98841135548336334,12.166397960574628,13.300685256292688,-0.4247524338482872,0.3522619278027344,0.3208806018421425,0.5555555555555556,1,5
0.9740672787548974,-0.1002617402810248,-0.20283125965898305,0.11497128200148124,0.99142843138008008,0.06205859945382447,0.19487057441790778,-0.083769021046295564,0.97724521505044015,-11.950720945393035,1.8650440609872991,-3.2077804025210441,,0.07846160907785782,0.3636363636363636,0,4
0.35633337008209354,0.93257361466270849,-0.057731989406814843,-0.93394017109364569,0.35734272245067428,0.0078699129037593692,0.027969379390864239,0.051113911476928175,0.99830109780066834,-36.104254316019038,-8.4638431414222151,-6.6542941723676998,,0.4469435371687025,0.3908045977011494,1,4
-0.9793672885784962,0.027015709639881501,-0.20027447539579105,-0.013829203865728451,-0.9976604022949136,-0.066951286867336549,-0.20161465021879196,-0.062800263736754278,0.97744956887388812,14.075344269230452,6.0937942843703174,0.43314784409878343,0.9497440078800488,0.8046573473671401,0.8591549295774648,1,2
0.54833520343288356,0.8225257594621006,-0.15093004902110085,-0.82910162174176305,0.55827688509077811,0.030288948455093365,0.1091741979654328,0.10852785170006689,0.98808031045253197,-18.203805128036038,19.73342355156251,-5.0867040669442085,,0.1118584069877077,0.2941176470588235,0,1
0.61075518243840332,0.77972196361580492,-0.1378831627855473,-0.78308186178044537,0.62058512254407128,0.040705078644207499,0.11730688332363023,0.083112966088770127,0.98961170667733278,9.7462231112549542,17.83942003677457,-1.2111925441988884,0.1939549226724779,0.2708986285741051,0.6896551724137931,1,5
0.20739279541890873,0.97237887204478179,-0.10708668268859869,-0.97738949453710822,0.21057452728199869,0.019187090150909424,0.041206848664111922,0.1006861344023135,0.99406453410344164,-14.114641424651161,15.867589929847078,-4.3852048444768634,,0.09623541467688818,0.3076923076923077,0,1
0.53942306899612535,-0.80402976052048192,-0.25011776592672719,0.8352162164520649,0.54863062554466757,0.037660436667194333,0.10694215450559412,-0.22921732245151655,0.96748271027334576,-2.6356438872779226,-3.5925531568440516,-1.5200844171458889,0.5739429381490417,0.495083813070889,0.9606694560669456,1,5
-0.97752340687651129,-0.075567049703118075,-0.19681872372237955,0.080614761064763049,-0.99658726431583666,-0.017750631029605141,-0.19480567062334475,-0.033218151704218761,0.98027919751994441,-14.139991544252389,15.183649958447765,-4.3030289170382119,,0.09272631712089552,0.3333333333333333,0,1
-0.79208836256546622,-0.54936354888873373,-0.26607464561798083,0.58962715434551016,-0.80137483355870809,-0.10068860410775553,-0.15791087596101241,-0.23663910769593466,0.95867934574710512,-15.224550479845197,14.209624768136287,-4.3663862562280364,0.3024151540666034,0.1267385038389805,0.2916666666666667,1,4
0.76686833593827231,-0.60367872936503908,-0.21791041059912125,0.62095647112284702,0.78371776080772226,0.014125592560709624,0.16225293928285722,-0.1461453492477344,0.97586654855432564,5.7088566009834594,-7.8824381817617137,0.26457858422811747,0.1973723788492952,0.126651295827624,0.5714285714285714,1,5
-0.25934465081783914,0.95555139772762465,-0.14022082011226558,-0.96439414106635024,-0.26401587968291662,-0.015477595166960446,-0.051810160867051223,0.1312141058577124,0.98999927558301359,-11.236936008799713,-20.832546555122871,-2.002750797689012,,0.1331761503138738,0.5384615384615384,0,1
0.5155194573981402,-0.81209525468327748,-0.27338797772548479,0.85093247565661734,0.52270618331435037,0.051886104091994192,0.10076512748380576,-0.25938300492871125,0.96050343353749912,-6.3807109109850586,8.6190981447774728,-2.7641041077079263,,0.07989364520373742,0.2941176470588235,0,5
-0.94601838240566039,-0.18746429635143674,-0.26439810465288593,0.23791232793240108,-0.95563078448394467,-0.17368801905826964,-0.22010666588807209,-0.22721562741163048,0.94864435606373365,-12.116055604211024,-17.135369563363053,-2.2864102435899891,,0.4028145683881329,0.7798165137614679,0,4
0.6389760760471711,-0.69250940973532948,-0.33487354578614437,0.75859605173519484,0.63942446081795856,0.1251734364768991,0.12744255384734321,-0.33401658092928305,0.93391183691672885,-26.519456875423575,-9.3268105264829178,-4.8913084596909693,,0.08250533689359907,0.4545454545454545,0,1
0.81161528686984874,-0.53412205656433742,-0.2366310520845803,0.55904594678049024,0.82767328437436682,0.049239859070197234,0.16955310527229464,-0.17225145289497681,0.97035106094036472,-4.1104649749863293,-19.526436406952037,-0.87066094433930363,,0.1184435420659226,0.1052631578947368,1,5
-0.57663680770205916,0.80136909892485364,-0.1590520647195359,-0.80886292017677541,-0.58737907944150258,-0.026955396445847289,-0.11502507711920215,0.11310784377231249,0.98690214677591026,2.0357340247468438,11.315435832409772,-1.8400211642013165,,0.07331070728831333,0.2222222222222222,0,1
0.95687282312487365,0.22268985169556629,-0.18655731107850376,-0.21651909281274026,0.97483378989690439,0.053090154669079029,0.19368500926138549,-0.010407306426036012,0.98100856528389835,12.180305415292461,-4.5317667298102728,0.9109028461831753,0.1395248664323042,0.1392469909779402,0.3448275862068966,1,5
-0.090857376799457518,-0.8817821711365359,-0.46282301125469077,0.99570747792745029,-0.088673779677476944,-0.026525067333887858,-0.017650934266446372,-0.4632463313005819,0.88605376871613972,-25.391009205481136,-6.7996936546496638,-4.7568057437871518,,0.3315281487126217,0.125,0,2
0.55710130152477599,-0.79961545547438895,-0.22417239617286702,0.82292310384672707,0.56781028079650353,0.019724354921350232,0.11151549217336683,-0.19546510785375487,0.97434987895367997,1.2396004744620339,11.28355711527006,-1.9187000428352798,0.2092267938037481,0.1816327301346266,0.6875,1,5
-0.015321192323708568,0.99217425768632117,0.12391732506142025,-0.99987756066574418,-0.01480861003416797,-0.0050565547536875538,-0.0031819401158784026,-0.12397962515451351,0.99227966209312468,10.365787063378967,6.2889992168832025,-0.20189001528397052,,0.6419671858611558,0.3647058823529412,0,1
0.87278027779013856,-0.41565546566229089,-0.25590060680981774,0.4556745582876105,0.88175950427057026,0.12190518265401749,0.17497223674046078,-0.22300383515442609,0.95898592579685871,3.7805358871963191,8.8281995294836459,-1.2518111309436848,0.873217333146816,0.8853666949072889,0.8942307692307693,1,2
-0.39763334685848223,0.91437930309418247,-0.076145988332406822,-0.91301106111394459,-0.40254323496604361,-0.066104056355577048,-0.09109623345512477,0.043236952437350928,0.9949030315534374,20.749069529002902,5.2196405764325489,1.7833700924123626,0.836100598069433,0.5424093623849705,0.8333333333333334,1,5
0.055979322239365845,0.99833226676487496,-0.014106757874375722,-0.99728289815722648,0.056586967667013481,0.04716710859671245,0.047886705093824672,0.011428045605325298,0.998787396420729,-6.012676103943436,-13.478129882953874,-1.4075014012508404,,0.5559746543291141,0.2857142857142857,0,3
0.59341351559084232,-0.71270891300451056,-0.37404064597052222,0.79590752774702922,0.58883957498224082,0.14070949580730238,0.11996502319313002,-0.38120068239532662,0.91667575126192191,13.188084856418785,-20.402724459757899,2.2695463267997527,,0.2227534273069761,0.3636363636363636,0,2
0.78511137647074913,-0.55686941271127954,-0.27110253359716407,0.59371263365076765,0.80132265491205779,0.073398306303084526,0.17636733025046356,-0.2185828445036043,0.95974793821557036,-7.7255819581434899,6.8784887753806991,-2.8544328058034019,,0.1052143096251094,0.3655913978494624,0,5
0.94094863821852437,-0.22025675094043126,-0.25710430548683832,0.28307536608343176,0.92841920503821596,0.24063689831972532,0.18569867353170758,-0.29920685717638834,0.9359440470814443,10.903345335246636,15.982757762945672,-0.8892461575919367,,0.1984457615602162,0.25,0,2
0.98026149968757892,0.043716570725672657,-0.19281144591088684,-0.030376237197811417,0.99696997202299042,0.071611166016068595,0.19535781643937852,-0.064340782777845482,0.97861922484057773,-21.882410066172472,-9.6406314116713361,-4.0582570261545055,,0.218081396736453,0.2666666666666667,0,1
-0.28163274656680615,0.94152224740856061,-0.18498338762161767,-0.95796828843400372,-0.28686956711634953,-0.0016154928979181418,-0.054587126834649884,0.17675324352670518,0.98274031996592415,7.8836695526678104,14.446503977297825,-1.2413571762265918,0.1909864555356437,0.1309387152727811,0.3684210526315789,1,5
-0.92705523209877116,0.36370431679946602,-0.091037171417655369,-0.33953276847136848,-0.91740253732267385,-0.20758151085317958,-0.1590160236342929,-0.16152942287816899,0.97397235575358321,-13.196330700378901,14.152940513059843,-4.0823759684385905,,0.3999900712487918,0.1875,0,3
0.97179302524961886,0.16112103046841794,-0.17221593891678044,-0.13776058388139126,0.9805230588012176,0.13998768762916897,0.19141665968470803,-0.11231449015999105,0.97506159687234617,1.4670930185956987,9.3183430864151315,-1.6666429893208596,0.2736060032103608,0.3033211880808449,0.417910447761194,1,5
0.15064916159455891,0.97941088615953809,-0.13438432268328782,-0.98809946485505762,0.15344705472666853,0.010651241658181505,0.031052820548327639,0.13118047670251995,0.99087204263118378,2.0366421861597508,8.3380570179273672,-1.4690373351546244,,0.1368511149560314,0.2777777777777778,1,5
0.87410000735206961,-0.43787871230336178,-0.21026509567367949,0.45382552748517924,0.89051163555247648,0.03211569006656715,0.1731807372368841,-0.12349599287913243,0.97711676476912768,5.0515011035297182,11.909484213630067,-1.4943871855380302,,0.07830287162680409,0.3888888888888889,0,5
0.62772943876517773,-0.73524548404491108,-0.25567524303130834,0.76739773420756552,0.63960509693177192,0.044788810120300927,0.13060041822539822,-0.22431985683497141,0.96572466707073845,21.509985047622955,3.0687100532316012,2.0644579535720617,0.7130782791888221,0.4964022068416279,0.9058823529411765,1,5
0.91226573818673296,-0.34513430925167915,-0.22057545536161108,0.36701365572063926,0.92786546404420478,0.066080686653551476,0.18185763510281294,-0.14123735062439791,0.9731288770473383,-23.651029273856309,10.18883270984529,-5.3758707612948067,,0.2373872932942531,0.2857142857142857,0,1
-0.3552202337870734,0.91983632874834176,-0.16649238367874505,-0.93209718398962194,-0.36202730729627486,-0.011448509528609128,-0.070805544322990577,0.15112033975141181,0.98597627649276842,-3.0767303076706467,1.276626457377964,-1.8577825323526223,0.1421960191288116,0.116195221598283,0.6332574031890661,1,5
0.63923710563309444,-0.7338486451120666,-0.22987407171972968,0.7581620863944879,0.65143561057099142,0.028668729200227859,0.12870964818451014,-0.19260792129915913,0.97279803408366117,-8.6789298108970225,-10.252710988766889,-2.0183114384732477,,0.07067204228434171,0.2888888888888889,0,3
0.96725332459414504,0.18121328028427028,-0.17771537105773394,-0.16143338732144982,0.97953831125146174,0.12018301980128998,0.19585777370198082,-0.087558231133623349,0.97671556178923191,-5.5952611403176604,4.1348837180608351,-2.3419006037275385,0.3770907085189921,0.168747803497403,0.2240663900414938,1,5
-0.30408929040042504,-0.91897370615670815,-0.25103193194566242,0.95074315004080534,-0.30939264567558245,-0.019069699849540812,-0.060142880827692681,-0.24446578123424406,0.96779094627469953,-16.286569480001596,5.3283864507743797,-3.9453588752808169,,0.07194502965680899,0.2142857142857143,0,2
0.95702927296641693,-0.20934332132786496,-0.20067472312374085,0.22008014649069246,0.97493955776401275,0.03252057544919381,0.18883776054064802,-0.0752876651406435,0.97911800497777779,0.35380116310708248,-11.346748823239063,-0.43118096341608408,,0.074843186479576,0.3023255813953488,0,4
0.95151522048294934,0.24257739449706167,-0.18914278434109574,-0.24191256591554794,0.96992361590666887,0.026953473963279951,0.18999235679742763,0.020109375563413856,0.98157960317694559,-1.3034480891447977,-11.43463710137824,-0.73930016036497215,,0.07616597937618463,0.3846153846153846,0,5
0.28282087472224055,0.9460894764159764,-0.15788304353632127,-0.95734445261880385,0.28858971492436458,0.014407479997495394,0.059194187732842012,0.14707371979663542,0.98735270753861371,8.3259292158549965,6.2043269070735994,-0.51803665148705502,,0.07345129700042199,0.358974358974359,0,5
0.20032544335052802,-0.94208299208378299,-0.2689783500077314,0.97910162223179031,0.20233119289584264,0.020545114368682251,0.035067507603068079,-0.26747284798239374,0.96292707174671155,-0.82994597426632211,-14.175804720109102,-0.48512247248496865,,0.130660414448331,0.4047619047619048,0,5
0.5466830756957034,-0.78629750326033432,-0.28787818797965692,0.83010154046647933,0.5540279220729537,0.063122849101599321,0.10985921564923014,-0.27347632060215005,0.95558445718149199,9.8325612147608403,9.3436236230225784,-0.4527209995655605,0.4740402009462406,0.4031721926769564,0.8582677165354331,1,5
-0.6286854209639241,-0.70429385744714834,-0.32973444440887439,0.76743406835154626,-0.63042153028957737,-0.11667752517405029,-0.12569642875120762,-0.32640290517941606,0.93683592549049344,-10.929703974218073,-6.4948646934138905,-2.5173371992245697,0.3607463345982002,0.3702715307189076,0.3061224489795918,1,5
-0.86183335199605871,-0.42178482949745,-0.28167504503069563,0.47328348293307948,-0.86844500491960441,-0.14766860943654042,-0.18233490661409554,-0.26057787902275015,0.94807866276698494,4.4508195998805213,16.491446691990856,-1.9388819083770266,0.6245915140417883,0.5512618029681587,0.3333333333333333,1,4
-0.032777529534131183,0.99934968180845085,0.015028207710437721,-0.99944047675998582,-0.03267288780955839,-0.0071565226162430481,-0.0066608536548956243,-0.01525437221038352,0.9998614589817213,-13.741831368301046,-13.091452651741928,-2.654979483079801,,0.6751146155738357,0.3392857142857143,0,1
0.9571013422936433,0.22865695118203949,-0.17796915254010029,-0.19509780551336789,0.96266888805531592,0.18763117612542463,0.21422853886346516,-0.14486065941613149,0.96598215433306489,-11.421249016355864,-8.1623009344960309,-2.538670912474903,,0.2054614792587894,0.1111111111111111,0,2
0.61579654937095241,0.77464467809724125,-0.14394524124975161,-0.7771968718519674,0.6272222534196854,0.050569429487071438,0.12945899801228317,0.080733311035487532,0.98829271995846579,-17.505247210856229,12.071117625351148,-4.5844609359027553,,0.1535299319830009,0.2068965517241379,1,4
-0.95437063698251479,0.27169868553591464,-0.12392139259887726,-0.25418751592800098,-0.95690676319848422,-0.14042134200808762,-0.15673351272762681,-0.10251473466315103,0.98230613108389131,-1.5733575524929877,13.516867083119285,-2.4335165502870266,,0.2619518810145268,0.3018867924528302,0,2
-0.03728857644799638,0.99902260796012665,0.023735855809900536,-0.99927594313276935,-0.03709729988188009,-0.0084486577388007481,-0.0075598639270463069,-0.024033708120477972,0.99968256428297475,7.0025064114908941,-12.473517203661714,0.86799706108175134,,0.2390652554733741,0.1851851851851852,0,1
0.070386468606546945,-0.96520167745962149,-0.25185604393429373,0.99736041617761995,0.072608382430100579,0.00047227416772633392,0.017831020136403131,-0.25122449050603651,0.96776459435695339,1.6292714322229687,-17.236856895389369,0.062561725955729966,0.6423628643910608,0.5249539993887536,0.8372093023255814,1,5
0.93505437587904561,0.30632599946888256,-0.17843120858985181,-0.30233820566625053,0.95189816015552808,0.049814677425728184,0.18510787002166371,0.0073671393299860463,0.98269059307298368,-7.9036150106829597,8.9186935538907157,-3.0006444902795621,0.4378933245559439,0.3596960375011456,0.7428571428571429,1,4
0.98016651609042993,0.066415063159012314,-0.18671539872418624,-0.019504612751477059,0.96992654901664987,0.24261504403904061,0.19721351580599741,-0.23416133092001998,0.9519849265010456,19.120150148698087,8.3790391212809716,1.201398890456667,,0.3264200987654745,0.3,0,3
-0.074422648261181376,-0.93312690478204785,-0.35176049948461585,0.99711837963436201,-0.07483240769348648,-0.012451817302662765,-0.014703959369351965,-0.35167355648480281,0.9360072132458136,-16.905081615395122,3.4948405133445148,-3.9246197130390157,,0.1149967549996924,0.2857142857142857,0,1
0.95815916382833488,-0.18264025127303823,-0.22039409108845592,0.20988694923997109,0.9718402176860238,0.10711703798517988,0.19462395872688174,-0.14889301495672033,0.96951141550090802,12.846463568929162,9.4473388426335916,-0.0025135057917736727,0.7844608528822961,0.4602472023946801,0.28,1,5
0.4641675532482476,-0.84781102538990227,-0.25644677369555141,0.88172314428105725,0.46983627287334712,0.042640046102312687,0.084337295134838189,-0.24590718151327734,0.96561735626982981,-17.452326219524842,15.108784503944754,-4.7899613593268402,0.3110448984870713,0.2449871778962625,0.941747572815534,1,5
-0.83473325844279744,0.52746668955807852,-0.15811160190230097,-0.52534426127462219,-0.84888272210862958,-0.058408314915471535,-0.16502664753091079,0.034307659670766912,0.9856922390343873,-12.66025089882331,0.2102104128720651,-3.1550009461533128,,0.08340935667662187,0.1607142857142857,1,5
0.64836551187946867,0.75089171706137758,-0.12563356340520945,-0.75030008005730164,0.65819965767500455,0.06183041729209067,0.12911991663287931,0.054174162523505265,0.99014807339286148,-13.456770776100525,-15.31557339665966,-2.5687100397083489,,0.0942623407061559,0.3125,0,1
-0.6041248117779735,-0.76453465649521224,-0.22476648062372664,0.78725612651129673,-0.61631428580192238,-0.019608477424206096,-0.12353543242591419,-0.18879475663856263,0.97421534416222821,-21.774070398999836,-0.84686791967687236,-4.4545594981130598,,0.2571293279954335,0.3,0,2
-0.82498299151109988,-0.48976495761141159,-0.28201657755048493,0.54105737852453084,-0.8286093312875572,-0.14374800606391022,-0.16327883163949691,-0.27117681021628587,0.94857954897802932,-5.107911750266223,-9.7343393818961736,-1.4388284597819394,0.9070830490913304,0.7812663893767734,0.4932735426008968,1,3
0.8190918595664789,0.5721541035564145,-0.041571713646235256,-0.55191835803948597,0.80573575142982101,0.21488607429710413,0.15644376513919142,-0.15306724225443752,0.97575394833825591,-17.008843600430751,10.933985765489897,-4.4547438868291733,,0.2541787296565614,0.2727272727272727,0,2
-0.20263872886566164,-0.8798942246568936,-0.42979494992280898,0.97874684573521964,-0.19610151565568376,-0.059990061851103137,-0.031498532141426089,-0.43281676142795661,0.90093145882467018,10.905343124543592,-12.327167466194242,1.5704674295984011,,0.240982863175254,0.2666666666666667,0,3
0.97527950076044145,-0.053418543454385965,-0.21442097521389192,0.081811141802387952,0.98867598030234238,0.12580438406586752,0.20527258091000405,-0.14023646169386411,0.9686056485165323,4.1977413658356397,-21.483190910189592,0.71657139302693063,,0.6855123886057983,0.25,0,2
-0.94140137584856332,0.27675474125576999,-0.19279590955952125,-0.2790379119134454,-0.96015065732972316,-0.015765752258757364,-0.18947636598113124,0.038955467161260506,0.98111221494426015,2.4385640391038352,6.2641642775263406,-1.3478056532397522,,0.09192693302703137,0.5066666666666667,0,5
-0.98566924587320215,0.037293678865757532,-0.16451540735266115,-0.0079972094732002792,-0.98449004800970619,-0.17525806689134016,-0.16849979934823678,-0.17143082245181437,0.97067980855331493,6.9028936536751093,7.6358344678652541,-0.78522535109442726,,0.4195756044745812,0.3484848484848485,0,5
-0.98210086667888108,0.03959391542546168,-0.18414724958540377,-0.021881689293710097,-0.99502025958137341,-0.097241321958654967,-0.18708040876115581,-0.091471333672876257,0.97807664105317493,0.041013276869740503,-15.270147402721026,-0.31383472836695253,,0.3925204565436927,0.2903225806451613,0,4
0.97803055824278795,-0.077258634841835636,-0.19361645200156938,0.085094462789136363,0.99584355271981417,0.032473849617912831,0.19030281013670927,-0.048236105240311786,0.98053970781672961,10.701139295486357,8.8386815361988251,-0.29981180526241796,0.3998039820490967,0.3947828065510244,0.859375,1,5
-0.32191904497616586,0.93329057203282673,-0.15917549006135265,-0.94466712789862028,-0.32782469578643753,-0.011618360482492611,-0.063024962906809187,0.1466276815174006,0.98718193716428326,12.262133187326178,6.6144795567578241,0.068161608717508995,0.2900994452837672,0.3258332660126176,0.875,1,5
-0.74841532887232576,0.64071256214294559,-0.17135316810945944,-0.63775292936016004,-0.76615308369598012,-0.07925057372456791,-0.18205959629050458,0.049968640719558748,0.98201702548539171,-6.9701107199092327,-8.235568782806677,-1.8517264061612415,0.3422107644620062,0.244153373955872,0.7350649350649351,1,5
-0.97100369863094349,-0.128013010042416,-0.20190217062950741,0.16823623343284808,-0.96593001857375027,-0.19666155948339661,-0.16984812923713552,-0.2249263623455322,0.95945804729370554,-20.718733990061551,12.749992635498444,-5.0651536460165953,,0.3129472292982362,0.125,0,5
-0.54411839464918699,0.82136976895143543,-0.17113408560849946,-0.83193729340485778,-0.55461576921987732,-0.01678357455500264,-0.10869918328392006,0.13324057634710734,0.98510478446107419,-14.361507943278809,13.35895095671976,-4.231136119095229,,0.07777994569925262,0.3636363636363636,0,2
-0.84978695212714872,0.50441991100634409,-0.15304472998049901,-0.49285525641650407,-0.86329183952477817,-0.10872394415466924,-0.18696478870919489,-0.016963289488705176,0.98222014568662241,-15.977526082579123,10.248019296034087,-4.2410083332276276,,0.2570151053506226,0.3428571428571429,0,5
0.9587221387892173,0.21030384265612723,-0.1913743827148682,-0.181503872025291,0.97070446343614658,0.15744582911265245,0.21887943036123061,-0.11621161056112514,0.96880682106162619,-12.166069624835236,-22.461137320958038,-2.1200913002994048,,0.3711027839592951,0.7794117647058824,0,3
0.90893121803838939,0.39658707957894951,-0.12869626718087399,-0.38991929164175332,0.91782941933487583,0.074512435264182567,0.14767188927092528,-0.017545521207575892,0.98888076521121171,1.8692305648708607,-7.7128222991455244,-0.42720325361454226,,0.1448909712840398,0.4166666666666667,0,5
0.74165456960046627,0.66329234783085578,-0.099958795009645593,-0.65281331182696478,0.74798873207878791,0.11978162039594784,0.15421828455880074,-0.023582154104323683,0.98775533545283511,2.9670702513018972,18.7216017690995,-2.3207231406507911,0.3613850585646582,0.1985433674838508,0.1875,1,5
