axis_00,axis_01,axis_02,axis_10,axis_11,axis_12,axis_20,axis_21,axis_22,location_x,location_y,location_z,dbh,dbh_approximation,score,reconstructed,number_clusters
0.97905324688677653,0.19192750468106609,-0.067960081719784488,-0.18210728212290062,0.97474092070259666,0.12929452929518884,0.091058649003105036,-0.11421020293631191,0.98927465952938254,-14.508875423682895,-2.8611944915887535,-1.8933184124786107,0.3637444313972703,0.2474779243837487,0.4891304347826087,1,5
0.94146902537915067,-0.30276663266336939,-0.14821754416166902,0.3326743571476749,0.90549098846953735,0.26346506769748718,0.054441219200282165,-0.29735237672859566,0.95321441329107159,1.6575165025459777,17.836312550670556,-2.3033914311603585,,0.1717165066376109,0.3703703703703703,1,5
-0.95346126294477118,-0.27683628495525758,-0.11947088095403322,0.28708978231171345,-0.9546304823811973,-0.079120787413014607,-0.09214703986550167,-0.10973747509767968,0.98968005416054106,12.942987864949147,0.90596233274719307,-0.4332059644297423,0.8393683015278023,0.4327135808412191,0.2432432432432433,1,5
-0.71413442786095449,0.69952009403801796,-0.026146835004474019,-0.69988691325518593,-0.71281564535430997,0.045300821099048996,0.013050961567519382,0.050650703599874752,0.99863115244168221,2.6663343183726336,-5.5627641973791215,-0.94618099779666842,,0.0734587842790794,0.3513513513513514,0,5
0.99584702667464831,-0.051342569880060786,-0.075184040735878352,0.063734322805776247,0.98285656448369429,0.17300551941426534,0.065012580011504353,-0.17707883602910235,0.98204707131116009,3.532968780510541,6.9145973213566494,-1.388757216171927,,0.08518519072417399,0.3265306122448979,0,5
0.089175401832412349,0.99019524136557491,0.10752270311427486,-0.99067409243992266,0.077013287902657393,0.11240016038582699,0.10301742705176162,-0.11654328579285511,0.98782846297332483,6.584121622560442,3.6495280150347207,-1.0916561828642339,,0.2207813625738559,0.2413793103448276,0,3
-0.82669097938712743,0.56112181583189691,-0.041525081546781938,-0.5625511396635714,-0.82570884115574539,0.041726788762773692,-0.010873815483489563,0.057855141817742074,0.99826576756997942,7.3372744589999064,-10.593213284324831,-0.44853348304536855,0.2170209712370612,0.1388527304527681,0.4693877551020408,1,5
-0.85103386249607038,0.52366682319413893,-0.038915590330608096,-0.52498136369588011,-0.85012985539301056,0.040912061075855218,-0.011659016126375802,0.055247509040853016,0.9984046174210871,-8.8251460335681813,1.0529729961095904,-1.9097542212048162,,0.09475869184022678,0.4408866995073892,0,5
0.97906890750371878,0.20142241148493392,-0.029207644736750346,-0.18798596085094035,0.94994248149671856,0.24954069882647481,0.078008671841167374,-0.2388269122177204,0.96792373311027269,-15.786455654610299,-7.459944425777171,-1.7276938139406075,,0.1767952968938833,0.2857142857142857,0,4
0.85512884215212392,-0.4943021613544637,-0.15626911595025192,0.51822635589164656,0.82319881266865025,0.23191627558278186,0.014003834433180524,-0.27930107071264554,0.96010145532643476,-14.329399443781298,-23.754607194287836,-0.57076455699604778,,0.1973059677042776,0.2222222222222222,0,1
0.9550809504060388,-0.26485290284380464,-0.13294103214098102,0.29357864707640124,0.90677076432576242,0.30261916486710577,0.040397477053512154,-0.32805444794924654,0.94379464028380022,-19.108615293505807,-5.7798758238647698,-1.9907764629910245,,0.1031878665041172,0.2727272727272727,0,3
-0.21223666037855493,0.97565128088746256,-0.055318876470980528,-0.97451324187727761,-0.20710068426059738,0.086216286075376056,0.07266045277313303,0.072207234273623813,0.99473945026894239,-7.2505699992719501,19.877240224858785,-2.9990710919043786,,0.0820543998088324,0.2941176470588235,0,3
-0.26640096564642696,0.94773086395164829,0.1756039151503056,-0.96131747229110076,-0.27448109485300659,0.022996652716120357,0.069994592437575026,-0.16268478134650255,0.98419226726678799,-15.880740988231167,11.219995523451274,-2.9583588336735325,0.7458809555560124,0.4243277213190741,0.3333333333333333,1,5
-0.099709509609650374,-0.95741159193482184,-0.27096320289336995,0.99039777061278078,-0.12170421345019378,0.06557698066931425,-0.095761524938970013,-0.26182270347947323,0.96035337365162787,7.1298037025293475,-15.701549086296124,0.01204116398795336,0.3706904022078299,0.4122515139804311,0.3076923076923077,1,5
-0.4048308220141969,-0.88239079770832674,-0.23978841854220623,0.90402597429465159,-0.42560833101629136,0.039932272288622665,-0.13729181821184819,-0.20060914408169386,0.97000357110832069,-0.41678059674537443,-13.21889332020552,-0.66209565194198883,,0.4212663903856929,0.36,0,4
0.91155773417628372,0.40637090554941435,-0.062651291976696721,-0.3981046009661503,0.91039058366347836,0.11270187161912652,0.1028359078969142,-0.07779249513816075,0.99165170485770726,-6.6583035094528338,17.682726083250447,-2.7894396944471729,,0.2303852816022812,0.8103448275862069,1,5
0.41727505051436181,-0.90354928149389158,-0.097366463066653267,0.90718193857776641,0.40779207132404538,0.10356909231779181,-0.053874507297268601,-0.13154589494590013,0.98984504594727329,-8.5264103524810739,6.3453639744610983,-2.1688386723506521,,0.08048898591012266,0.4189189189189189,0,5
-0.7906939412972378,-0.58916966620241862,-0.16637967310573418,0.60333819693914992,-0.79600837985141737,-0.048514733025520035,-0.10385620496655876,-0.13874351744587055,0.98486756726815416,-23.965341350423046,0.3774779187227712,-2.7600158487570563,,0.4842930264147031,0.7317073170731707,0,3
0.14340052243586238,-0.98588432624341227,-0.086419820832352792,0.98631000914623534,0.13518467468314727,0.094433413518551515,-0.081417786896205172,-0.098778535109535964,0.99177313180915494,-4.5300437581776336,7.4294012781410048,-1.9868125896598026,0.2539066323874737,0.2343499758046798,0.8731563421828908,1,5
0.93252058451629716,0.35820342578202324,-0.045778436096128007,-0.34712479460872531,0.92410273355006811,0.15980774328280686,0.099547659044474462,-0.13313317994893625,0.98608611184594352,-3.7333521665323222,-20.33973181321679,-0.30318426993694991,0.1600840406033133,0.1705318654304603,0.2857142857142857,1,4
-0.90748272071733382,0.41599178535088033,-0.058531582244567525,-0.41916975938927142,-0.90587809681729059,0.060676078649037443,-0.027781728042110022,0.079597162181016173,0.99643989651143705,-6.7112086238868232,9.7200932655512666,-2.2171306755966533,,0.3412495959333852,0.7342192691029901,1,5
-0.072809605714097017,-0.98947383073699768,-0.1250611834359811,0.99267954002469516,-0.084012623456727858,0.086771020025563889,-0.096364371694711334,-0.11782791429270248,0.98834735315136779,-6.2806002298805756,-10.420238001320067,-1.0506313004720103,,0.09007992665971226,0.4,0,1
0.95264184827738263,-0.29154334163430484,-0.086463800861142567,0.30074241742165808,0.94535605672467116,0.1259203096301679,0.045027849982311463,-0.1459602889921883,0.98826519050469819,-10.09060346399197,10.540219158472787,-2.513570383238795,,0.09595820467377993,0.2045454545454546,0,5
-0.92550319491265631,-0.35963993379173653,-0.11875585976591926,0.36551455293717161,-0.93027849996779666,-0.031321304072581081,-0.099211631362491393,-0.072394961979014058,0.99242935349698902,10.691264660039511,-17.098320888348173,0.48137811171547251,1.073024439443752,0.8058609231056767,0.2777777777777778,1,5
0.082589407781540447,0.99643181684983939,-0.01739609414846326,-0.99184303162976017,0.083884595775594997,0.095972783637090525,0.097089599493360712,0.0093278593949953099,0.9952319331237951,4.7009665311676248,10.277196051770447,-1.5258765201476117,,0.0785182611802033,0.5,0,5
0.76820449581833639,-0.6309111323784139,-0.10868760575835082,0.6399260950858684,0.7617302916693538,0.10129933653027183,0.018879762515656467,-0.14737064088314328,0.9889011319505322,-15.12461339988478,7.8511049287703214,-2.7004473137543958,,0.2200671976819972,0.2166666666666667,1,4
-0.99815943803312612,-0.047942512157521315,-0.037138279354623882,0.052637401484516337,-0.9890383118907925,-0.13795840524292674,-0.030117108598834583,-0.13965934677005937,0.9897414948507558,-42.067170553856094,-1.9345293196390172,-3.8993836144551173,,0.5402799610009403,0.5909090909090909,0,2
-0.44995166036998563,-0.84891773494471423,-0.27727636507035613,0.88332854843702835,-0.46875124242308736,0.0017170448291071506,-0.1314312704284111,-0.24415354190170666,0.96078867037992599,15.575270672926834,4.0311576839652572,-0.39517365806957766,,0.415535060489891,0.8113207547169812,0,3
-0.95190090137203309,-0.29899568966561113,-0.066979485878107939,0.30479375535063119,-0.94638719234261881,-0.1070142461035635,-0.031391729266954292,-0.12228188635787375,0.99199884052472032,10.998379108610379,-2.8713664141228588,-0.57746526749326621,,0.4906877024925268,0.726027397260274,0,5
0.99191909694895108,-0.10668421225610492,-0.068665740826656094,0.11485081193796713,0.98500957840577119,0.1287067264989534,0.05390543669398163,-0.13555297600636082,0.98930257989689496,-12.803092287865846,9.5040795074536568,-2.6639532383726099,,0.07039497123991822,0.2833333333333333,0,3
0.98482387929600057,-0.15502160623586766,-0.078039915225658396,0.16534055322682673,0.97471716138440567,0.15029623003047449,0.05276768165291381,-0.16091847905936096,0.98555609422812585,-5.6904030158596504,10.662185366673461,-2.2181144173031981,,0.07681881667035498,0.2678571428571428,0,5
0.6906237272059621,0.72059546510988681,-0.061490186885479386,-0.713743663192281,0.69282645333113879,0.10276910439163933,0.11665697867255542,-0.027086550678552555,0.99280283445371442,-1.0338748339856643,2.897570796855081,-1.465514607020201,,0.06864885171795321,0.2822085889570552,0,5
-0.37046229307805778,-0.90323923053181077,-0.21660235879521217,0.92215231233886918,-0.38560051025472919,0.030779203033368847,-0.11132296373805421,-0.18833783188620135,0.97577459427112623,-26.512900174428825,-14.906734608057873,-1.7263930225397741,,0.6701431696955202,0.4,0,1
-0.95840704113350428,-0.26973524784403002,-0.093267569799168157,0.26938656105551217,-0.96288994600351341,0.016547888325621003,-0.094269954006606579,-0.0092654171990367868,0.99550355489858589,-11.869999840414144,-3.6689314410045486,-1.7236602542070321,,0.09001436382687278,0.3658536585365854,0,4
0.94892335627421298,0.30939133225696114,-0.06181801874490097,-0.30073720859052255,0.9462165028128795,0.11929568799308679,0.095402281348313134,-0.094611486241503187,0.99093242523630765,7.9429364733681282,-4.8817315750161212,-0.65088228650955393,0.192614124922094,0.1577335687920418,0.75,1,5
-0.86404953502346205,0.50126987838704651,-0.046334760683241612,-0.50319149802019369,-0.86270538673912722,0.050375907053721379,-0.01472132283224478,0.066842536704760674,0.99765492929215771,-1.653089081764572,9.2804164668318379,-1.829235728271577,,0.08713233891328911,0.1935483870967742,0,5
0.57268619501327911,0.81926504748246454,0.028901626507293655,-0.80934551102775976,0.55944323102363813,0.17883823707766272,0.13034709747603287,-0.12580959118996843,0.98345390382273956,5.6450430374802991,-12.583601628817707,-0.37654980009023742,0.6667147567800067,0.4296248235515438,0.6,1,4
-0.1184369826675061,0.99180427559401152,-0.04792661108461075,-0.98911001109183239,-0.11359300542692359,0.093584267246128061,0.08737314859001416,0.058488529059274201,0.99445715084861763,-9.1596468336799042,3.4138320117711287,-2.0326889466691838,0.1593763608740374,0.1211980414443798,0.7197149643705463,1,4
-0.71101560582755663,0.70272907426719677,0.025073022339578543,-0.70306108583361504,-0.71109236082857252,-0.0072638803476794481,0.012724694736245972,-0.022792598597258781,0.99965923173502169,-3.5287231103783485,8.8917860576191554,-1.9565379698800847,,0.1622659900885479,0.3098591549295774,0,5
0.81256660448392981,-0.55942294259125236,-0.16365049520243408,0.5817255580703643,0.79592575972719204,0.1676232683442746,0.036481342699811264,-0.23140474564113317,0.97217331547907782,12.542150585600913,-11.332320086443172,0.08322244788500216,0.2467460648394038,0.2194478465830639,0.7894736842105263,1,5
-0.96704616375811292,0.25374097726075234,-0.020910131981264006,-0.25069483644259571,-0.96332369571590737,-0.095705570649071967,-0.044427650643892154,-0.087309642829430031,0.99519003719252552,12.479909428672117,3.8984661631548003,-0.62911298336212296,0.2474050958359909,0.2111769007462086,0.4615384615384616,1,5
0.73146432252183846,0.68186114892464489,-0.0050317457041942357,-0.67221899266756779,0.72231921411630839,0.16240867838696202,0.11437469464295373,-0.11541371887935351,0.98671074926736735,-14.622491964180426,13.219434003078776,-3.0129070650999479,,0.08775029835811519,0.3684210526315789,0,1
0.84457652163647723,0.53416055656521944,-0.036918815126788948,-0.52246087315251544,0.83723708398531538,0.16145804787770429,0.11715432183723397,-0.11707504007986871,0.98618877496408219,-11.853562039921435,4.3605720601707985,-2.2435709640185233,0.1242017967887311,0.1597642759172196,0.2135922330097087,1,4
0.88942020309467062,-0.44433258031465267,-0.10723926705250486,0.45568850750789031,0.8803048737836533,0.13195193563558907,0.035772705408832504,-0.16622841894113649,0.98543818998659871,10.124672185529608,-8.4964415335873991,-0.36011200687105704,,0.1340000802484096,0.3333333333333333,0,6
-0.33294052052154716,-0.91574475748532802,-0.22486028758537904,0.93858842587153812,-0.34474448256250628,0.014248107337411558,-0.090566973090800765,-0.20630749109241758,0.9742868378995595,3.7390874189059922,-19.680935199661697,0.087173445952129433,0.3484009170087511,0.2615281191666235,0.1764705882352941,1,5
0.90941502471785085,0.4157916142085174,0.0090358381628686327,-0.40896318707489404,0.89010897425543289,0.20113459565048897,0.075587197560005162,-0.18661014844808416,0.97952193852981584,-5.4696154164486996,6.3645068726391205,-1.9980673054139246,,0.08675808834089339,0.2909090909090909,0,5
-0.4464610766935237,0.89029818730747157,0.08967521772869827,-0.89374722092320891,-0.44855627366044565,0.003629662779890679,0.0434558636975481,-0.078526473477963279,0.99596444759510083,-9.5378476585405672,1.7504853224947707,-1.9880788271578094,,0.3284688641576975,0.3063583815028902,0,5
0.82049574180595897,0.57147641175683417,-0.014193254870635176,-0.56153058829509706,0.81037065297200228,0.1672806121781398,0.10709872122136456,-0.12928308322152771,0.98580715573862832,-14.062572077050156,11.66284060783906,-2.8620892341336299,,0.1253764197599924,0.4,0,4
0.8616741034643941,-0.48507975719390783,-0.14904820891085133,0.50722574546588783,0.83224772588216334,0.22379849396397236,0.015484913800459656,-0.26844245551824941,0.96317125451288554,-33.73235152263652,-6.3766312714855786,-2.945885659496879,,0.175654072776845,0.1428571428571428,0,1
-0.80403514065640125,-0.55388881238937027,-0.216182043887861,0.58342963383888236,-0.80504775056369016,-0.10727526122535937,-0.11461830110530979,-0.21238009045632014,0.97044182835938031,1.0282173193481687,4.1895251673772149,-1.4327503692106927,0.9458179052037917,0.5389373024260149,0.303030303030303,1,4
0.58841033512881058,0.80718800595809814,-0.047125370566053107,-0.8001425791059914,0.58968232917098895,0.10975702148421827,0.11638354959018259,-0.026875150248221659,0.99284066983777552,-3.4581042507203965,5.2700012650090873,-1.7882112725846606,,0.07572424128252087,0.1908396946564886,0,5
0.60566719291791316,0.79414672202884462,-0.049982350022552517,-0.78744210960195182,0.60722013963569632,0.10591801568398997,0.11446473451925492,-0.024792860094135786,0.99311788758424346,-9.3860216460948713,-3.068613482513749,-1.6769998255034686,,0.08491175204074941,0.2678571428571428,0,5
-0.7806992494899857,0.62208783916940436,-0.059290827311771849,-0.62487116006589916,-0.77814811472029155,0.063415651657566643,-0.006686939783686327,0.086557679698554421,0.99622439887885295,-11.863740128669017,10.13152476128495,-2.6142516731012879,0.2611200027723807,0.09066573723311085,0.4736842105263158,1,6
0.67846582113962406,-0.70971451708104649,-0.18970881315783303,0.73434906726126992,0.64803507109017822,0.20194552247982975,-0.020385704742282358,-0.2763256247284453,0.96084784027472114,18.313243676988559,-4.4097024988428677,0.12618530942082407,,0.3852536103994438,0.4736842105263158,0,3
-0.77895671641306263,0.61578566650513222,0.11846707087545817,-0.62706784380300262,-0.76597660643413978,-0.14165365390237272,0.0035147152422162166,-0.18462895580723565,0.98280201233732589,-21.464637320956637,-3.2175597997836385,-2.267693380843832,,0.3863360060922729,0.5,0,2
-0.79030555850918072,-0.56534917758124881,-0.23621479970081902,0.60162295075254801,-0.78903261011011194,-0.12440805966906514,-0.11604718573618965,-0.24043262588723277,0.96370389803698542,-18.922776918362096,-7.6159313671269029,-1.9146590741628626,,0.2658442856787709,0.21875,0,2
0.3524506200193373,-0.92272900090284549,-0.15604406858583561,0.93388269698999427,0.33604077228604845,0.12222809670485171,-0.060346240236482905,-0.18880622408764033,0.98015842649802698,5.9277951839239273,-5.6513492184267653,-0.75751110852886527,,0.05792929367417043,0.4166666666666667,0,1
-0.85114675710403909,-0.52091413693468414,-0.064789349532700227,0.52206184048596216,-0.85290713511609595,-0.00092389201912595933,-0.054778030082206886,-0.034610414756923169,0.99789853522823968,-11.090873150673588,19.709070352302447,-3.2223522834302289,,0.1858256373206265,0.3157894736842105,0,4
-0.67596093506822819,0.73346092970310961,0.071497404573426571,-0.73510864622073846,-0.67793333082747242,0.0046558785080380496,0.051885378607072784,-0.049411168294410585,0.99742991930991409,-36.708241600250837,-3.1708250301302057,-3.4163668090929016,,0.5227970402873939,0.2352941176470588,0,3
-0.86626504988052955,0.49759128141522502,0.044584526632434333,-0.49928191168020625,-0.85917904069293627,-0.11193278654140902,-0.017390687865712982,-0.11922370860495921,0.99271510076256897,6.9826616746847288,11.777930685934169,-1.4952196586893223,,0.4096190487641013,0.125,0,2
-0.61404855449122997,0.78227532039005532,0.1048317501326219,-0.78863911861219471,-0.61342513870892534,-0.04192779262634299,0.031507353456182718,-0.10842011948237867,0.99360573889728276,4.7502038223485732,-6.4011735270829062,-0.80157251917284622,,0.7072862155136799,0.3863636363636364,0,2
-0.88313021930300795,0.46904136049625222,-0.0090120972945870702,-0.469125118498261,-0.8828954359376584,0.02042724637454213,0.0016244838610903257,0.022267719781746999,0.99975072378463814,11.93399358831671,7.0227542283587496,-0.79644401480952853,,0.3943651519403862,0.2380952380952381,0,4
0.98820157612491777,-0.12862129459525148,-0.08315171387812606,0.13938943806395684,0.98025285063422096,0.14026736391512565,0.063468334627927434,-0.15020290077134152,0.98661586197437168,-18.433831569790826,13.492020280703574,-3.2411597524098248,,0.1121207997047663,0.5925925925925926,0,3
-0.26048190096342377,-0.95933480631252288,-0.10874699383337222,0.96012741024073045,-0.26923229454304753,0.075294937940834319,-0.10151125738020117,-0.084798000992948791,0.99121378302195251,-17.854895806875763,-2.9492049907146742,-2.0712808268445024,0.1737494816159443,0.1603801830535723,0.472972972972973,1,5
-0.97209298811348788,-0.22280931407194293,-0.073425009522506759,0.21739420644383081,-0.97319534725829115,0.075037157991695774,-0.088175855341737053,0.056980923453415377,0.99447382715542032,3.6684930511686229,-11.879780344732627,-0.54513633042243859,0.2621051141276825,0.1250189236873912,0.2666666666666667,1,5
0.87910776339674435,0.47273332469330509,-0.060767952573603935,-0.46476579499716303,0.87850357812328661,0.11056319019111803,0.10565176825888271,-0.068954093054701709,0.99200959517273568,-10.071047115436674,5.0882996922038579,-2.1761790784376398,0.2837021409984395,0.2485923910972554,0.8166189111747851,1,5
-0.736336942792015,0.67646700109580393,0.014152848058223394,-0.67660591295318295,-0.73627453589163205,-0.010210110398645889,0.0035135788733841686,-0.017093982157829819,0.99984771367318181,2.4211699432380764,9.5298684069784212,-1.5929011333110086,0.9567777269865748,0.6577866245097813,0.6761904761904762,1,6
0.19330995632387288,-0.9107398989320068,-0.36494396457453854,0.97819963020165468,0.15013802190633768,0.14347145308875711,-0.075873211737804952,-0.38472251152144921,0.91990860680244746,-18.33379968266366,12.204394958298929,-3.1602274803783814,,0.5433549943707574,0.16,0,1
0.99762307963500796,0.023836343902874271,-0.064653071766987008,-0.0058456180994397979,0.96415752656460874,0.26526607909390215,0.068658719246711589,-0.26425762558185673,0.96200513906799967,-5.2770626494879682,11.962492552805733,-2.2873972922381562,,0.1949471547572578,0.2121212121212121,0,4
-0.75406423881872364,0.65636349361336499,-0.023960133271700011,-0.65678695530930431,-0.75331081100122343,0.03396641523936865,0.0042448875454325092,0.041349562033200227,0.99913572383805271,-6.920318203289642,-16.843483739030521,-0.71174183455839124,0.6755583644610204,0.3500464444684596,0.7961165048543689,1,6
-0.99744742659265762,-0.00029903426801318207,-0.07140407384871468,-0.00058425643642933886,-0.99992357618949201,0.012349106236288539,-0.071402309683249288,0.012359302525838728,0.99737102314683956,3.250125435874426,12.257844981638737,-1.7829576366505138,,0.07549423055716986,0.40625,0,2
0.55930690285651663,0.82856787009696853,-0.02551613332819818,-0.82122353152125949,0.55801972977841552,0.11918847450057156,0.1129942462818367,-0.045708487406557419,0.99254371918127737,12.541875588596389,-9.6535733934301557,-0.086991505178290837,,0.0883250170107053,0.2173913043478261,0,5
-0.084101776266127845,-0.98255049818602136,-0.16589577976332959,0.9916725776131603,-0.098825174445689126,0.082577743404923631,-0.097531482296499841,-0.15756936063264368,0.98267975788191919,6.4825289213367352,-6.3738330047986222,-0.73416621223021572,,0.07370202121758675,0.2352941176470588,0,3
-0.81646594240692405,-0.53110960683056274,-0.22650816855437941,0.55787031327362913,-0.82677360519631138,-0.07229190354858453,-0.14887605065139628,-0.18538606010965314,0.97132277346897611,-11.426880306284371,-5.651869764267909,-1.5458293131533118,,0.2673345048989208,0.3214285714285715,0,3
-0.13958473154419784,0.98232944238053421,0.12467946644129109,-0.98742344747361699,-0.14752380661499817,0.056847707615521478,0.074236366418712979,-0.11517635657621499,0.99056719549295458,18.564652731472329,1.2562487008184031,-0.064609530293510672,,0.3211868401671026,0.2553191489361702,0,4
0.19842309056343246,0.97808435679643591,0.063081440387471654,-0.97488917564400868,0.19031730978518838,0.11563051849868279,0.1010909112799042,-0.08444117826173976,0.99128720110287294,-7.3589278885156686,7.7613623974826531,-2.2087215863821985,0.8597152214652775,0.7430500685045983,0.8144329896907216,1,5
-0.46866999770240803,-0.86897654356788523,-0.15883387542471464,0.87698402408638976,-0.4792837470646249,0.034439966564048942,-0.10605401807977401,-0.12315379218075888,0.98670445865042644,-3.7906896824001821,12.993641025764054,-2.2783680691154746,,0.1339566078488481,0.2121212121212121,0,5
-0.04222124228685991,-0.98557938678538715,-0.16386164604169037,0.99728809402874752,-0.051469065874618788,0.052606014546819298,-0.060281209412720638,-0.16119617737940342,0.98507967606179214,-4.015997122612327,-12.140347327376228,-0.8332393561839001,0.4488387517091285,0.472118155649581,0.7427385892116183,1,5
0.29646688150341793,-0.92398686013168829,-0.24156918362163296,0.95275228998936223,0.26862939508416483,0.14177913110448132,-0.066109470514173874,-0.2721884097471815,0.95997031595129845,-11.872187860691058,-11.776079894477911,-1.2169922284306225,,0.08737581622012819,0.25,0,1
0.96046101284850449,0.27748139183148174,-0.022775425029785867,-0.27018170997976904,0.94868219490550443,0.16432874569496697,0.067204809280524094,-0.15167785025024882,0.98614265872287998,0.98288493541253485,1.838874523726955,-1.2967240317777211,0.4989472470842952,0.689316749221215,0.8400503778337531,1,5
-0.55342256950461044,0.83189639585906927,-0.040888214923207149,-0.83207298253098927,-0.55001808103714345,0.071656557789245637,0.037121574655443863,0.073678335275100995,0.99659093494080664,9.7068501512273926,-2.9172506520640797,-0.66198115044828743,,0.07058781247728944,0.2142857142857143,0,5
0.0066626640519791549,-0.99117282038132293,-0.13240864414781686,0.99580600764295646,-0.0055059730004920092,0.091324035190704311,-0.09124693994828327,-0.13246178467260128,0.98697916469975322,-12.44724044882202,5.5054142571592992,-2.3442876089458964,,0.1098112687027414,0.2315789473684211,1,5
0.97508034696251777,0.21895722704721707,-0.035721837736182455,-0.20364173103155039,0.94725095186661012,0.24747864467520386,0.08802478258950959,-0.234037105843487,0.96823461554443246,-12.703483266352363,-6.8736021733276784,-1.5621634347445628,,0.0998716573364223,0.2727272727272727,0,3
0.93479594706407731,0.35227778368167711,-0.045353064691374692,-0.33632583459320342,0.91896959401183809,0.20586359140679317,0.11419925716816066,-0.17718704356143933,0.97752917156277097,-8.1800619874167388,2.0499523383556637,-1.9227761616978467,0.4151385881357029,0.4519354286539347,0.7275922671353251,1,5
0.58417628729470283,0.79332024063221551,0.1714090463360112,-0.80332283081754008,0.53502483841473558,0.26157379793584151,0.11580369100279594,-0.29050201046211416,0.94984108516509169,-9.000021505601147,-5.5505030641427711,-1.5196435799979777,0.3038905200211225,0.2903036513816621,0.3529411764705883,1,1
-0.95835198451993842,-0.27020294170316128,-0.092476181050334436,0.26953808235289067,-0.96278525991583663,0.019843524140681409,-0.094396482605139984,-0.0059087717635345318,0.99551714725966656,-6.768437711977664,2.1154295623849477,-1.8445691551000314,0.2554393618245826,0.2769663141488599,0.8350951374207188,1,5
0.99759259622937879,-0.01583926408562128,-0.067513921983226005,0.026249683687662947,0.987372938345637,0.15622302880498837,0.064186961718318017,-0.15761915599295834,0.98541170868294559,-5.0396107092945712,-4.7898918744437449,-1.3949720524928519,0.407831962672064,0.2008288807002772,0.5100671140939598,1,7
-0.98422349688365096,-0.15744532733738517,-0.08071602741551924,0.1528935734529302,-0.98643117282381942,0.059808832777597125,-0.089037426843505865,0.046524296674412727,0.99494111707177912,-16.423955122749177,-3.271641134893561,-1.9596829274265684,,0.08210353259904869,0.2745098039215687,0,3
0.8501277516554504,0.52262665307228051,-0.064375363018115042,-0.51413924948339862,0.85023578202036187,0.11295993587493942,0.11377011033613081,-0.062932475485151143,0.99151190891658714,-12.783419089790632,12.568758773790004,-2.8601896304498271,0.3584306037734999,0.3427502681861195,0.8705882352941177,1,5
-0.55541106240853588,-0.80062336606980611,-0.22476827502402383,0.82364968144774342,-0.56687094874224042,-0.016078859508798088,-0.11454149468752783,-0.19406069456519512,0.97427957631247797,-5.8434231305354469,-15.268085997995181,-0.77368583411185099,,0.2144752288348285,0.4047619047619048,0,5
-0.75942240255033,-0.64504562799740051,-0.084815990863306989,0.64089057156641471,-0.76414317436223067,0.073105980281291422,-0.11196825345587651,0.0011605503236587745,0.99371110658027151,1.8754791509146769,-6.4717969284593906,-0.97142964569772772,,0.08146456897418067,0.375,0,5
0.32340946890577016,-0.93753110701979592,-0.12822534379881909,0.94418699150380303,0.31076196246751986,0.10926082444469609,-0.062587862218538001,-0.15640468680181344,0.98570803661598583,17.148854492085295,4.0456068439052144,-0.2924555163380767,,0.07494631936828582,0.1111111111111111,0,4
-0.28912138194753667,-0.94004203403501085,-0.18091379369209676,0.95116606688225569,-0.30344091991671907,0.056627920073372071,-0.10812927315249807,-0.15570671908243153,0.98186734232283024,-12.795586272926665,-11.873869667485904,-1.2639346584903499,,0.07480718410201137,0.4,0,1
-0.9855816884655354,-0.14910093439856498,-0.079985290665842784,0.14878685953622134,-0.98881967111998603,0.0099059797855598746,-0.080568019652795392,-0.0021376079243050246,0.99674682083344968,-18.043305371774967,1.4441957193889157,-2.4895828228253349,0.3756277388680156,0.2855006637176131,0.5,1,4
0.66924035814138538,-0.72233707938618796,-0.17420243046129844,0.74276466373207006,0.64389137111155037,0.18358800755788543,-0.020444983389002379,-0.25225591361139815,0.96744454967832849,3.3017197827267686,4.3857959740451093,-1.3286118620190781,0.899790549820498,0.743346170123518,0.8967213114754098,1,5
0.61048129377672411,-0.78570262370951527,-0.099919853105776418,0.79160867276676916,0.60116340133692847,0.10935389381932481,-0.025851482532540441,-0.14585592887845822,0.98896802216344237,6.4156300084522258,-4.5033121605603048,-0.7736929001676438,0.1531174212566195,0.1314508636405672,0.4057971014492754,1,5
-0.90059507915596781,0.43461431339908052,-0.0062371458778890552,-0.43393866771130585,-0.89983569135369457,-0.044642594357359559,-0.025014716968081621,-0.037498362026421705,0.9989835518067065,-8.9359686750266061,1.2188627751420553,-1.936527908451565,0.1157175363886656,0.09214588098839711,0.3878787878787879,1,1
0.97761823581164042,-0.19576525506599401,-0.077061987500205612,0.20839551838308942,0.95134155937203024,0.22698137661367132,0.028877204268747684,-0.23796050579989153,0.97084545873845474,5.6279676031079324,-8.0406241933735156,-0.70063502704815517,0.593889053580408,0.2455590158518788,0.2051282051282051,1,5
-0.26221834000694777,-0.91829173507556072,-0.29661731482824416,0.95895312441974789,-0.28233833927199498,0.02634325991095561,-0.1079372379191028,-0.2775344149273184,0.95463301912376097,-8.9472145189836692,-9.4031429463837721,-1.275041734394383,,0.08849148233322379,0.1764705882352941,0,2
-0.67729999397788898,-0.72689306475233051,-0.11353937895072916,0.72658959950034208,-0.68511367470499307,0.051834415499306195,-0.1154654582785931,-0.047389082573800353,0.99218042854983268,15.622503605281063,3.2046445197707922,-0.35265603983428395,,0.06842745103107714,0.1904761904761905,0,1
-0.71642970198574962,-0.68972594008794252,-0.10491239050948543,0.68790789309590517,-0.72343760768117882,0.058487249968574032,-0.11623774227402893,-0.030268058450083398,0.99276010793579916,32.369626983358117,0.35057683751506552,1.1122196516029785,0.2381610012839549,0.170544969448094,0.5294117647058824,1,5
0.840289309822428,0.5420865241110534,-0.0074884027231353813,-0.53101647441476629,0.82575603407022269,0.19012752587862938,0.1092491633755575,-0.15578566228576207,0.98173084281177958,3.6058312355438837,1.3574705504980429,-1.1355140884250823,,0.7726567911564146,0.2943396226415094,0,1
0.8456947777249324,0.53292268322133785,-0.028173686960469044,-0.52249187865949442,0.83757837549373992,0.1595766325003122,0.10863967812751057,-0.1202326021237048,0.98678343202696395,0.0041390151576957126,-21.208477993767858,0.006361060191985418,,0.1632664023591223,0.4545454545454545,0,5
0.99742521308088516,0.016567803853023852,-0.069774294593635405,-0.0030296260979165704,0.98181390602405794,0.18982169344806218,0.071650301299146762,-0.18912155301094324,0.97933613867275993,-2.5541602335673441,-5.2286324074206476,-1.213069947759349,,0.07908513851212433,0.2692307692307692,0,5
-0.1172586781841229,0.96364271065577722,0.24008983441723977,-0.98875791557690806,-0.13586891920721339,0.062429329465174536,0.092780314585152554,-0.23007034357658748,0.96874116782143138,-18.508799462784413,26.842342383848006,-4.266269446476465,,0.4205333092616642,0.3823529411764706,0,2
-0.26540865703962868,0.95936365170540294,0.09581037811686656,-0.96083738918643735,-0.27140460136940187,0.055955820938560059,0.079685358189650377,-0.077207034277922262,0.99382559714881402,-20.793009682835365,-5.1067607222133509,-2.1420459457383938,,0.4881248895422688,0.2833333333333333,0,4
0.95173758742591341,-0.28577606951989637,-0.11192677414480309,0.3037489042135878,0.92928675863232868,0.21014928841103761,0.04395643149468733,-0.23400461175023896,0.971241305654714,-11.208838459814535,8.2145526666078865,-2.4842179701925375,0.3547984832067729,0.1524695651409517,0.2941176470588235,1,4
0.45667919650734806,-0.85942821506215927,-0.22984180349204153,0.88828564754526762,0.42630198034801531,0.17092463226944674,-0.048915435626069897,-0.28222289897602509,0.9581009943899863,-21.191829092721886,-8.0221727778759622,-1.9929256022950814,,0.2668257832201026,0.4423076923076923,0,2
-0.86780108343123663,0.49632069713188642,-0.024229015541088743,-0.49664736920408015,-0.86789805322117486,0.0097139012534169893,-0.016207105177610266,0.0204630108589458,0.99965923940528301,10.77548071555977,14.366661464144451,-1.4695644493679256,,0.109800182802424,0.125,0,4
-0.98445059973193616,-0.13344565442610623,-0.1142334189378077,0.15372879566782721,-0.96914552721604674,-0.19267694324867146,-0.084996906237532407,-0.20724189825399825,0.97459033523739047,-36.454901100599344,-0.94232543379378852,-3.5691400904073687,,0.7215081918791739,0.4705882352941176,0,1
0.74235305098253646,0.66799314470439564,-0.051933672360532847,-0.66025942160061801,0.74252486798817652,0.11275777847562429,0.11388346624745979,-0.049416384399031288,0.99226436853713051,-10.914349502538871,-3.3758083038506008,-1.7080901691606376,,0.08679413763496409,0.3883495145631068,0,5
0.16550262517678727,-0.96456872626965706,-0.20546545539852468,0.98460969714025992,0.14974698186305382,0.090108743861359183,-0.056148244469063038,-0.21721651347316456,0.9745072400539696,5.0084954739852989,5.1747473719078645,-1.2498763347408803,0.3726287716755525,0.1247748913968744,0.3,1,5
0.80371285294788031,0.59369393982612251,-0.0396630283780154,-0.58336293819476781,0.79934669839732397,0.14398797901930818,0.11718930133398016,-0.092587048635506194,0.98878425658877678,-2.5972153877832742,16.369783254595827,-2.4591824149333315,,0.07803627608241386,0.1904761904761905,1,5
0.26801004928838346,0.96339768338339671,0.0059596251511578428,-0.95743515338783614,0.26565291169912653,0.11290021064190527,0.10718460961186865,-0.035964345639538757,0.99358845872175405,5.4906180551485644,-3.0757821958026974,-0.91367927466925081,0.6485608102659466,0.7010269175455349,0.4921259842519685,1,1
0.65213802323057157,-0.69868420583529933,-0.29420465525416173,0.75776329702958456,0.58919009937380706,0.28044573891349728,-0.02260053830723429,-0.40582681936533094,0.91367051410891165,10.330514570817369,-4.2800332592529573,-0.54499077127511786,,0.3150084689013604,0.1,0,1
-0.33791198101287157,0.94094999303501414,0.020702746082665112,-0.93951029373383077,-0.33854048758524818,0.052064827222540765,0.055999116565597994,-0.0018571141453599725,0.99842909115816703,-27.567918478880834,7.1553863725284597,-3.4546834129661934,,0.3593773658199369,0.9333333333333333,0,3
-0.21294579730816404,-0.9659842629424702,-0.14672590485761264,0.97029767799365063,-0.22671559167758631,0.084394647759288233,-0.11478895194626819,-0.1243963192292154,0.9855704197434616,22.886239250181578,-4.1080031356580804,0.54018944512021161,0.9020065562942495,0.7789154311040917,0.2272727272727273,1,5
-0.46431405447420487,-0.85635198395065748,-0.22599499640810319,0.87838620374991538,-0.47791066380061792,0.0062509589236898668,-0.11335843982491076,-0.19560847887917937,0.97410840624184969,-12.46697135901301,3.7443129952434977,-2.2607588604996165,,0.1248340158576489,0.26,0,2
-0.42674309626243917,0.8997605883107751,0.091220685784490468,-0.90304288152291978,-0.42941065173975784,0.010956564389281156,0.049029418955630268,-0.077700552733442493,0.99577042544041705,7.6104859115520016,1.0066356847707454,-0.86363840164908878,0.5057859643456586,0.367542804288235,0.4135802469135803,1,5
-0.3889842675191495,-0.9019682465767751,-0.18746872216401508,0.91113274600712313,-0.40673247806308216,0.066376279213159237,-0.13611891410127303,-0.14498956326536827,0.98002534037034372,10.461181223319304,17.680354714941384,-1.7122440204458031,,0.6218329054805042,0.3333333333333333,1,5
0.28035614082977606,0.95987544437079031,-0.0062901186803578308,-0.95452906653960135,0.27947460515901079,0.10376996772791722,0.10136417231977343,-0.023088446573843985,0.99458143367184093,-23.411134414775244,-4.3322904214544957,-2.3741378225669187,0.1871240389091052,0.1848781654828885,0.6382978723404256,1,5
0.14909966206949629,-0.97375781563851849,-0.17194477966388949,0.98420686508208355,0.12936179137412013,0.12084028160252151,-0.095426083939665673,-0.18724647771154485,0.97766692645734954,-20.409350028266594,-10.589202194639013,-1.7589516645855403,,0.2709217169069281,0.3103448275862069,1,3
0.76627680266203224,-0.60559658082855805,-0.21464538893442853,0.64238793557523854,0.72864162232197272,0.23752710676338842,0.012553960707104888,-0.31989712019454419,0.94736910998923818,-16.483661841861071,17.234171145157458,-3.352632127397678,,0.3309567341040762,0.2380952380952381,0,4
-0.18964896024429284,-0.95710863357641018,-0.21903500955727678,0.97629406315200362,-0.20752598219694554,0.061505032048973327,-0.10432245267635738,-0.2021782140753319,0.97377656349950159,10.516084977437419,2.1624978759038718,-0.71822371350573733,,0.09884247451343464,0.4285714285714285,0,4
0.9798552881046878,0.18947607721309115,-0.063106501544776206,-0.17997418045403829,0.97474741360159689,0.13219975055535194,0.086561589305992948,-0.11817908377093947,0.98921220949596278,-6.2656897967137759,12.343772039982667,-2.376737189648614,,0.08477396695313619,0.375,0,5
0.92056634247014546,0.38547866353258065,-0.062958788681769143,-0.37726223232439565,0.91927832429829937,0.11225226294790409,0.10114750205889332,-0.079583681973424927,0.99168322582909507,-6.0755628903953216,-9.4189655173969413,-1.1212121832979669,0.248839361597663,0.2431346087647424,0.863905325443787,1,5
-0.65866548215783671,0.7509080349834798,0.047926043139754987,-0.75219279697690533,-0.65873463104095809,-0.016573534426688952,0.019125344175843498,-0.046966039481542682,0.99871337847531272,10.288843654579923,3.8278924090129727,-0.80546916985637274,,0.1692308832172265,0.1818181818181818,0,2
0.091283216639133816,0.97404824025751247,0.20711687524501027,-0.99082050701435598,0.06801315965860566,0.11682864799812046,0.099710065890203176,-0.21588014212635959,0.97131543125581776,8.1825852064744193,13.39569636723477,-1.5568914882797693,,0.4655233208739342,0.2592592592592592,0,4
0.94805385949317766,-0.28416943159051372,-0.14297417126745424,0.31554763813326642,0.89701044775840233,0.30951889228411983,0.04029351769960187,-0.33855574247351911,0.94008320997111583,-10.710037835413463,-16.825834906491973,-0.82271839698751836,,0.2481155518349085,0.25,0,2
-0.90669900960119731,0.41963264419462448,-0.04248940943852339,-0.42093079951111895,-0.90665683615915216,0.028118383111510343,-0.026723922076241895,0.043380011204506415,0.99870115981546692,-17.512841975631741,-3.8080164096214846,-1.9659471802332236,,0.08354560953390858,0.1904761904761905,0,5
-0.92534664512351728,0.37776161217009668,-0.032089729342919086,-0.37777930422922373,-0.92587786001753813,-0.0057433113644008672,-0.031880772492774809,0.0068082817211239585,0.99946849057149889,-8.8839104597576917,16.624722212316154,-2.8203411499898512,,0.1669313143715019,0.4166666666666667,0,4
-0.85793024191086253,0.51318172083051994,-0.024499416731751881,-0.51376392131058435,-0.85680868057461113,0.043880725285327521,0.001527473188435809,0.050233517669192117,0.99873633183550414,13.111792872788307,5.5887991107521522,-0.64533292140379839,0.4313853431329435,0.5256516525937975,0.6875,1,5
0.75256702940176068,0.65850749036854728,0.003278930607360698,-0.65083769087732879,0.74302511043487196,0.15596148690210107,0.10026547955740713,-0.11950552452403743,0.98775769458777629,-5.1136765735040299,15.634895350556558,-2.5470948500080723,,0.187804722832891,0.2222222222222222,0,5
0.99702290324760001,0.051315501983262124,-0.057550409693868966,-0.035442040947652999,0.9678570458337642,0.24899116563324761,0.068477676166698531,-0.24621019086574028,0.96679436788836526,-0.089546003428933832,-10.782634286452808,-0.79377396989896931,,0.342573280955598,0.7674418604651163,0,4
-0.39113880973008996,-0.8935871991501193,-0.22025519071743732,0.91320026633787288,-0.40656483276169131,0.027754464900225945,-0.11434904933303248,-0.19028125045969266,0.97504735302452306,9.0444250356016287,2.214478779332715,-0.80672636032757128,,0.08661642733471969,0.4,0,4
0.9101241162897401,-0.40473722245834165,-0.088667207605334961,0.41325089071011833,0.90218802100766649,0.12361422279642904,0.029963215366759711,-0.14914608780312658,0.98836109303124053,8.1057976430853316,-3.4027643789868605,-0.73557131147626065,0.8798776248269635,0.5680503657768837,0.2666666666666667,1,3
