axis_00,axis_01,axis_02,axis_10,axis_11,axis_12,axis_20,axis_21,axis_22,location_x,location_y,location_z,dbh,dbh_approximation,score,reconstructed,number_clusters
0.98810038054657856,0.1300426723401763,-0.082137332159817111,-0.11059751210719913,0.97182344691438394,0.20815229603139843,0.10689166608957165,-0.19659117833227044,0.97464151374878583,15.978493473718038,16.460021708242248,-14.449726618696577,,0.2613267691921541,0.6060606060606061,1,5
-0.61295476120446124,0.78888470376359798,0.044129184046429237,-0.78797812601180928,-0.61444826330162239,0.039291279599148805,0.05811138996531328,-0.010689054843221617,0.99825287901556259,-8.3824860755096751,12.38262904083458,-15.682535854971947,,0.183299814909579,0.1,0,3
-0.78196898831661388,0.61284969520168264,0.11375303249714301,-0.62330954238788983,-0.76974002933074448,-0.13778788631118533,0.0031169984425180124,-0.17864920469207121,0.98390789507128151,-32.612939014252312,1.8755268151741702,-16.823062487193564,,0.4090445603734486,0.1333333333333333,0,1
-0.92972358623315032,0.36750858432895422,-0.023483901854214492,-0.36582612439550188,-0.92902055376290027,-0.055606271191668125,-0.042252809510577798,-0.043107437068359254,0.99817656201588945,-24.447276975600825,6.6524415061992279,-16.420348604363184,,0.5472198233006726,0.6578947368421053,0,1
-0.90383292200305765,0.42054114666442094,-0.078937906392232124,-0.42682021483275501,-0.89911760194010248,0.097015679617267925,-0.030175375946882074,0.12137825935336814,0.99214755195122606,19.327770425518992,10.23061945868772,-13.5470821619564,,0.4189633029104933,0.8873239436619719,1,5
0.83109826710537538,-0.53575101692138904,-0.14915266770037253,0.55610311050498407,0.80302862501110106,0.21422968491658664,0.0050000901113578132,-0.26099018234499938,0.96532850564893202,-11.348068023457282,-30.044792132574003,-11.978736994380071,,0.1481195483654662,0.36,0,3
-0.76843131049995061,-0.62557802234864779,-0.13477929736307098,0.62252929378079036,-0.77954978862310076,0.06898844426764246,-0.14822482730001363,-0.030891180165766398,0.98847111012909605,1.3456575615878146,6.440066684976208,-14.47638868480291,,0.07212247468504748,0.3194444444444444,0,4
-0.98495124906550535,-0.13362530116869131,-0.10961439618898795,0.1313470566601376,-0.99094711571742999,0.027780650784747372,-0.11233426757235937,0.012965058383287745,0.99358588938757519,-4.5908669057500493,4.7469392682742821,-14.699775930211347,,0.07321293864178191,0.2307692307692308,0,5
-0.92875679952160595,-0.32177048125550806,-0.1840504407356375,0.34733190386652341,-0.92885160910032005,-0.12882250124959641,-0.12950426980929908,-0.18357136395512486,0.97443840156103012,-16.501919293766012,-31.393961765799247,-12.224547531910313,,0.3752845869593063,0.25,0,1
0.92143269102139413,0.38709314774882281,-0.03347672150881098,-0.35773249304385213,0.87884445118159216,0.31568955327656129,0.15162209383101385,-0.27891096355868217,0.94827180442585435,-4.7300770219303834,-25.998633736933176,-11.976018547583147,,0.346456006343408,0.2857142857142857,1,5
-0.67659698341002028,-0.69192861158714936,-0.25189545154198617,0.71278255792501466,-0.70128575601922016,0.011803114945824603,-0.18481760510929249,-0.17156073231258673,0.96768247269961183,6.6032236152903696,10.321581356760001,-14.528742095482311,,0.3322911313470553,0.2666666666666667,0,3
0.61706831595141654,-0.7483904548269531,-0.24318392334360497,0.78584550920125329,0.57000354816347365,0.23988078445192812,-0.040908790218055734,-0.33912782576036987,0.9398504076064117,-9.7479178615313611,-28.766960155508261,-12.069159696950335,,0.3514102856178928,0.3333333333333333,0,2
-0.89060294642121374,-0.42155523955204832,-0.17063871727151769,0.43380644245328326,-0.90009584079347427,-0.040490095978098252,-0.13652238758489396,-0.11008477366332066,0.98450138663976305,-26.760605467809039,6.0018900124990822,-16.604129512187157,,0.2965023142896629,0.5384615384615384,0,1
0.49318326950138797,-0.83234064426252186,-0.25294132638335592,0.8674527922959997,0.44862720123230465,0.21507972348025411,-0.065543236278007927,-0.32548838108774208,0.94327164589798096,-5.3431600498579801,-26.950427870023812,-11.923306112153522,,0.2030741969647396,0.1818181818181818,0,5
-0.34577824615748398,0.93565307907733153,0.070645028822729744,-0.92878440383936667,-0.35199846869925228,0.11600262591051501,0.13340515608104456,-0.025502816442333331,0.99073340040825397,-8.170318972081148,-31.663283775858243,-11.671801672904381,,0.3168127206074456,0.4193548387096774,1,5
-0.92719855994861755,0.37348180488463767,0.028533696734268411,-0.3722947761263965,-0.91050442402325393,-0.1799396940729833,-0.041224144602478079,-0.17746277145980788,0.98326371571801507,29.428543353806681,8.0595574981989682,-12.992670520449124,,0.1300041245817734,0.5,0,1
0.8782603801319766,0.47767689496752036,-0.021988376579995764,-0.464587036475196,0.86327412262615155,0.19727309685621594,0.11321479686697343,-0.1630416303225517,0.98010195212137674,-0.43746647468862693,-24.4168038418854,-11.826659891508992,,0.1417032713056368,0.28,1,7
-0.99365064142348125,-0.061120181268347708,-0.094460183360124003,0.053519211195675841,-0.99527554504333182,0.081007922277336414,-0.098965129372403496,0.075438139428426101,0.99222728761503043,5.1332317806181527,10.018797218526307,-14.602577551900406,,0.4768351161949482,0.9262295081967213,1,5
-0.25601142007815891,0.96408445252494779,0.070705878038784281,-0.96209115714062654,-0.26122891215913557,0.078358540083159817,0.094014669820055477,-0.047964818897036993,0.99441471127834768,-5.80818407694436,5.6993226522449119,-14.834691282969331,,0.08291915777188177,0.2155172413793103,0,5
0.99685488819643886,0.001558242862907198,-0.07923322382717321,0.016986064371407109,0.97236922833799244,0.23282945990262652,0.077406753555727542,-0.23344304586035228,0.96928454998695091,6.1153981765218841,-26.456016503080967,-11.122190224171518,,0.704548771243152,0.6190476190476191,0,5
0.63058716832889572,-0.76027486517392873,-0.15601907743512883,0.77528746710717622,0.60775322985266245,0.17194579073125044,-0.035904964635593804,-0.22938644464837157,0.9726729627814763,-14.308201861602837,11.075171271145322,-15.997530331132026,,0.08101910955990693,0.2,0,1
0.37945921485761669,-0.89404807535655062,-0.23809397978716149,0.92027417747866325,0.33818155598619287,0.19679601992095258,-0.095426110292789607,-0.29378780461755993,0.95109546488897923,-13.495830865151236,-30.265990537463011,-12.246199858707623,,0.6035994522813796,0.9076923076923077,1,3
-0.98883507052610453,-0.086154883410706956,-0.12158346664789828,0.098377598601429833,-0.99027355278812046,-0.098387696089545174,-0.11192431099206736,-0.10925029388006376,0.98769292894910932,25.975626333256649,11.26274774059624,-13.242047387734329,,0.6638842996883317,0.4,0,3
0.71025506344750178,0.70392017031883558,-0.0058428302633957638,-0.68490685165455822,0.69294028214341918,0.22524735279163524,0.16260488739218826,-0.15598127836795039,0.97428409172831809,-4.7355420532804304,-28.555514291242847,-11.738183713473196,,0.2731206923481576,0.3157894736842105,1,5
-0.98333651832792024,0.17739587697624207,-0.039749145331102319,-0.16709587629954864,-0.96809001157168129,-0.18676374813872959,-0.071611869451991245,-0.17700969557335244,0.9816003809222057,-7.237809326612922,14.930821065148784,-15.795218571285197,,0.3769587114050413,0.28125,1,1
0.83303072253565191,-0.51742559866755589,-0.19578193265787239,0.55313159932832423,0.78555116781144085,0.27740727563380885,0.010259100166213295,-0.33938195678851768,0.94059270583509036,4.4383065602408642,-30.240774354523101,-10.784275751304239,,0.4007662800054043,0.2105263157894737,0,1
-0.14332807995892016,-0.97816074466555603,-0.1505278017198666,0.97902873338868712,-0.16238632875071585,0.12301796386791887,-0.1447750002404887,-0.12973911449593969,0.98092199561187188,-12.154411133086771,5.6714121925710081,-15.36184676022244,,0.15890341111632,0.6692307692307692,1,3
-0.43558139603378554,-0.89051170825839299,-0.13136873632632712,0.8887041817649598,-0.44863731948658797,0.094495676500892314,-0.14308642403362593,-0.075587386636969636,0.9868195489747158,-7.0288188110480974,11.194482601195933,-15.505735880004183,,0.08425314396351331,0.1875,0,2
0.67758757250452861,-0.70513209057281834,-0.20895888694149209,0.73496215409474497,0.63897488522860479,0.22702803372161759,-0.026565271235823598,-0.30740824792366633,0.95120684158213931,14.992522654586477,-24.169771922072282,-10.779998453326376,,0.5394608732654311,0.4,0,1
0.78447232208794349,0.61945276822582074,-0.029689119476955687,-0.60243219955347682,0.77253487929601816,0.20066216686821081,0.14723661507623978,-0.13952823444899534,0.97921052433704803,-15.184353813797602,9.3345899546366713,-15.911715560001294,,0.1365988898738965,0.3529411764705883,0,1
0.98397679773749758,0.16309702444354754,-0.072034867473461536,-0.13935473385709865,0.95552730809024167,0.25989963764005591,0.11122014055860341,-0.24569681339300287,0.96294504319958329,1.8521823338872514,-26.320060409193118,-11.443914336613677,,0.1352409598144126,0.375,0,4
0.56130532815494805,-0.80518282958407794,-0.1913555317409027,0.82708653469835725,0.53753795521699821,0.16425836606331862,-0.029397154718253948,-0.25046667970831138,0.96767879466813,11.535969773231409,-27.171758724344844,-10.758978294368523,,0.2033575521051992,0.45,0,4
-0.10844005963678427,0.99340687174936204,-0.037195975953289565,-0.98790482789074019,-0.10351674133396344,0.11544840966321071,0.11083683727054792,0.04926531665121308,0.99261680626469251,0.38650028143818471,-34.235803955129235,-10.849834830221045,,0.1945649196603877,0.5,0,1
0.98254560958889581,-0.15883232573255684,-0.096831902697263286,0.17555786234105669,0.9638664614780792,0.20035189394653949,0.061510666130549355,-0.21385447561394116,0.97492702353153715,-0.016681709839858901,-27.999738842207336,-11.442533921510901,,0.4285465670164426,0.8088235294117647,1,5
0.62756194737899307,-0.7408670159850651,-0.23933672268850203,0.77753699484608085,0.58058005303361204,0.24158440277719787,-0.040027788442695209,-0.33770233437877673,0.94040146188078277,2.0789590496905261,10.255076691180244,-14.722841819872075,,0.2822058544102167,0.4909090909090909,1,5
-0.95663761592784358,0.28283764075845302,-0.069622846552579942,-0.28634716116987868,-0.95698094573719372,0.04682705185998879,-0.053383284667050473,0.064732823715166504,0.99647372592157091,12.230939697703274,-26.159143049317123,-10.789764376565531,,0.1263519941749884,0.2222222222222222,0,3
-0.98886899759547042,-0.10340800165393123,-0.10698079635369401,0.1064196989671988,-0.99405937091258567,-0.022821366580590884,-0.10398535120996973,-0.033952206037539026,0.99399914207152318,12.980065037025302,11.100547426187035,-14.181014495738804,,0.1599153755531542,0.2105263157894737,0,5
0.84363021822213402,0.53687615625419749,-0.0072144125327889309,-0.51963096273068243,0.81976695318283277,0.24076088768925757,0.13517291693996555,-0.19936432809069371,0.97055764754644402,-2.2686731452833491,-27.268054644808842,-11.717205081067185,,0.4197403355507589,0.4615384615384616,0,5
-0.81184437187536296,-0.55082456282708248,-0.19365179276384686,0.56353193177102934,-0.82599146867313045,-0.013032864367344592,-0.15277590689866721,-0.11970962645317729,0.98098375501622426,-6.739815492623924,16.215594138217675,-15.875772846488776,,0.6416418311928687,0.28,0,2
-0.53927023428567633,0.83767561114001554,0.086528520816406773,-0.84031830747208625,-0.54200157256762582,0.0099718334056733745,0.055251755996726833,-0.067333987223570854,0.99619946678557103,15.237188963140341,13.602778572522565,-14.181909681083654,,0.3581602547241444,0.1212121212121212,0,4
0.76874830605810363,0.63936442847500607,0.015465106971021898,-0.62135310982812642,0.74092789410076321,0.25484538185010247,0.15148054277600317,-0.2055212479142659,0.96685813944758747,-0.92496217667952041,11.821808175553965,-15.080940347408607,,0.1888742834117679,0.2631578947368421,1,5
0.42751966346996179,0.89768304150679501,0.10673375444366177,-0.89211717764308807,0.3998610507153737,0.21032850846931761,0.14612966399968538,-0.18513858893247173,0.97178692324368732,-3.7425807851473798,15.902871344820163,-15.689833725130201,,0.1554757654931344,0.25,0,2
-0.93639886573693443,0.35033224203249591,-0.020603020144330728,-0.34803308733555322,-0.93458479706593134,-0.073649353105884399,-0.045057012398362038,-0.061794638001341051,0.99707135569527683,-8.6040414246474466,14.147177772658772,-15.793110489806828,,0.4662228866231876,0.1363636363636364,0,1
-0.54654740437562888,0.83626543620290061,-0.044114113191093131,-0.83518480921159344,-0.54047318416665457,0.10175987253801548,0.061255768972876719,0.092460031414288879,0.99383040472628514,7.5730568890270078,13.439364794981183,-14.710732310353709,,0.2219948746060826,0.9459459459459459,1,5
-0.62284371712593889,0.78123611148654681,-0.041663438961801011,-0.78145253179691931,-0.6187045503001749,0.080849366021282315,0.03738508505979924,0.082914519520036839,0.99585517916403543,-20.305838701101319,-30.792092500823777,-12.354937210288313,,0.2192279314897422,0.125,0,1
-0.23963696559536662,-0.95637588969824616,-0.16709064104291776,0.96070114404702267,-0.25842576863762962,0.1013382155496738,-0.14009795340042219,-0.13623978753630844,0.98071977840006619,-14.579521345125386,5.9961651267306246,-15.546958305300475,,0.1222894814157528,0.2272727272727273,0,1
0.63256677427850805,0.77278897623072051,0.051540996256933043,-0.7505029252329164,0.59516513187430975,0.28726960336567109,0.19132337885297135,-0.22039887480953613,0.95646207488168178,-6.5371215065292221,9.724069936328279,-15.334963381265737,,0.3662701461062463,0.2549019607843137,0,5
-0.73942577493332196,0.67303325951732229,0.016605870881857245,-0.67291700805578925,-0.73808657954529877,-0.049100930381877309,-0.020789988780687156,-0.047480866447546934,0.99865576836459968,8.9292616101357538,13.315619980078527,-14.586520833502803,,0.454149319546706,0.2352941176470588,1,5
0.98720708622463638,0.14953006084227288,-0.055343742305431202,-0.12067561405122929,0.92758087385469679,0.3535973962465167,0.10420923702447191,-0.34239521515854093,0.93375904362705597,1.7885829838381122,-24.515595271511412,-11.606503655040127,,0.1964595570524224,0.36,0,3
0.99587554590340721,0.083403296597370433,-0.03571816328257478,-0.073111188967109358,0.97081077002939109,0.22843205301085737,0.053727563870002736,-0.22487849810871333,0.97290441974993791,11.29949148798778,11.176243046389587,-14.192080385015478,,0.1492515036966059,0.3333333333333333,1,5
-0.96254064888790158,-0.24906066389423367,-0.10716475604890832,0.24318020409431862,-0.96779832235393071,0.065036878657912509,-0.11991199929575003,0.036540292137339406,0.99211184826884069,-17.365246653254417,10.075042178957977,-16.067732314507992,,0.1146505746862365,0.3636363636363636,0,1
-0.76934996486881391,-0.6226374526683599,-0.14290988101251156,0.62142601263486164,-0.78128440103406804,0.058518334917984333,-0.14808896777643776,-0.04378683861039491,0.98800423601693943,-1.9558881497212532,7.6636753506792656,-14.804401563902982,,0.07067756163990567,0.1864406779661017,0,5
0.87925680765390912,-0.46163838467289159,-0.11746262380373798,0.47605268532787293,0.86025935332981196,0.18255871877479143,0.016772208750679189,-0.2164343937667382,0.97615308543713919,0.43909961195042241,-26.405609828464591,-11.548959295431262,,0.1904725080328238,0.6136363636363636,1,5
-0.60578432768961554,0.79223983961616429,-0.073357922889045565,-0.7945927607690606,-0.59771441650528689,0.10658246026034218,0.040591783146884018,0.12285565850500707,0.99159406730489164,-7.3010551472480811,9.4753788312294311,-15.343005443614928,,0.07297186407450895,0.2647058823529412,0,1
-0.72913637108968965,0.68247265657942413,-0.050904080146694605,-0.68423442546715907,-0.72550231077045679,0.073957069116844007,0.013542649658929163,0.088755113025392768,0.99596140816402356,-0.81716251039251642,17.365079093033636,-15.559522620884913,,0.7329873204553152,0.9615384615384616,1,5
-0.91299764495480362,-0.38460130622570243,-0.13607768206603879,0.38575547800947529,-0.92240838710860829,0.018854139528946021,-0.1327705219266071,-0.035278926304229248,0.99051874584288269,3.3597965846765447,8.8334321859771627,-14.540217540636428,,0.09016443854965515,0.3265306122448979,0,5
-0.10154120010061764,0.98956543080679626,0.10222349453175505,-0.98742014360847497,-0.11277042895949857,0.11083451785660811,0.12120579473912309,-0.089683267694972618,0.98856768448963916,9.5009324139831222,15.230396700344937,-14.674181386578372,,0.2858458231469835,0.4137931034482759,0,4
-0.50217304867217782,-0.83023269750440054,-0.24194192935880049,0.85082222160906795,-0.52438549260859912,0.033487346234784811,-0.15467312760625856,-0.189033127086776,0.9697126896459044,-10.90314268375797,-30.91060313330005,-11.937068183899083,,0.2964712877189922,0.2727272727272727,0,5
0.47853723409992893,0.87714855780523071,0.040156233889580277,-0.86536996368477348,0.46337471132231273,0.19083684879807167,0.14878488341294779,-0.12607253645091887,0.9808000683220961,-5.2090664302367538,-29.665400666199691,-11.697822952709171,,0.1891815934137603,0.5555555555555556,1,4
-0.87695138090966229,0.4781386845563812,-0.048370175225342121,-0.47946455641147384,-0.87732549616749655,0.020339934110138878,-0.032711078639896758,0.041028917913461721,0.99862235766533147,-10.640123100567097,10.376040565637178,-15.651060532683495,,0.5436358799111732,0.8672566371681416,1,2
-0.0019256014972207939,0.99700990803213718,0.077249824236841014,-0.99260351569990324,-0.011282730031405607,0.12087580660839374,0.12138596574178286,-0.07644568849050512,0.98965726594217807,25.329513403887216,8.3562688768621793,-13.017695530428954,,0.4413135187066359,0.4583333333333333,0,1
0.98654346588365438,0.13184310760982298,-0.096692217360294305,-0.10251067497127349,0.95949868469532384,0.26240014402602002,0.12737170580313245,-0.24895716306972718,0.9601024838615263,6.5004264372822425,-27.809724121472019,-10.905853449294314,,0.2382787721185988,0.4347826086956522,1,5
-0.77005017638832529,-0.60147833233755466,-0.21271234466467456,0.61944555248189614,-0.78468275910514484,-0.023668017946916652,-0.15267590954275456,-0.14998927725531402,0.9768281749385207,7.2182987036465036,15.593074615694562,-14.883806339419873,,0.08423835821919193,0.2222222222222222,0,4
0.71741663019969115,-0.68870386116683857,-0.10488265026593933,0.69626297955897487,0.70386994125634872,0.14065905264661144,-0.023048687784294,-0.17393705013501776,0.98448700376477793,12.847557790113227,8.2974136485386492,-13.868685480781116,,0.1142341518405676,0.3103448275862069,1,5
0.60593862279769439,-0.7650073347098485,-0.21817919983850045,0.79522373833860271,0.57511810521819684,0.19198534067217052,-0.021391385761838692,-0.28983261184753856,0.95683826518634962,17.405696287104774,-27.383758349631481,-10.459285175878565,,0.3552302642303716,0.4444444444444444,0,5
0.65189929971290705,-0.71808352808309484,-0.24368699130145727,0.75782849239488714,0.60553575117202807,0.24294532341047478,-0.026893849637302878,-0.34304883143404363,0.93893248964098763,19.657587271095668,12.003032248957142,-13.647338021447439,,0.2659273912993786,0.1666666666666667,0,4
-0.76088335776304483,0.64878851338480192,-0.011400911330816247,-0.64883663931268887,-0.76048238418707537,0.026029960172021555,0.0082177469327068681,0.027203092491114866,0.99959614864917823,-13.749742960692885,5.2918005279841038,-15.421854529668348,,0.09022237200723518,0.3142857142857143,0,1
0.31966328763917162,-0.89525786393631646,-0.31036871555603057,0.94365319214598198,0.27118717904452,0.18967384341172011,-0.085638983462056964,-0.35351219354084445,0.93150152631626215,-18.224395272676102,-29.870413528306866,-12.509787136719433,,0.5074610700992052,0.2758620689655172,0,1
-0.23884497032305541,0.97013704530550027,-0.042275211144296519,-0.96626415410869138,-0.23312018002401313,0.10949231091811469,0.096367342165259245,0.067000708887949775,0.99308823393116397,11.396691041678386,16.113042914825577,-14.576057195110202,,0.4240131569643969,0.8064516129032258,1,5
-0.63703150048431212,-0.74983874720568622,-0.17869728755556169,0.75361607430860311,-0.65456201100613032,0.060094810851709007,-0.16202987358631715,-0.096386860809032832,0.98206715306489312,6.548737951106725,9.3216327940893713,-14.441634251941633,,0.1626917385456697,0.4571428571428571,0,5
-0.0059642227790212918,-0.98060328019867415,-0.1959123143404812,0.99394485611829275,-0.027309211722053899,0.1064322787086073,-0.10971805249196154,-0.19409125126785429,0.97482846446882665,-8.3681698775696454,9.8749556340949702,-15.482305372360184,,0.4010687095411664,0.2432432432432433,0,5
-0.46676502901427963,0.87928526190447354,0.094804197622679484,-0.88203939237200457,-0.47064269597691571,0.02240453140785232,0.064318877425866575,-0.073163385112786194,0.99524378977490469,-24.802576393133908,-29.889488555673044,-12.71689792656705,,0.2962820243988982,0.3181818181818182,0,1
0.27383736758968402,-0.91215467985029286,-0.30493759384300473,0.95988204818495004,0.2393099199812922,0.14614108173546381,-0.060328680441530252,-0.33272301126576226,0.94109290088196185,22.516488675093896,6.9671588064290439,-13.085579353070507,,0.4201811953112389,0.6923076923076923,0,2
0.98919000190281681,0.12022018557237164,-0.083965749662889194,-0.10165947198998064,0.97488075851093359,0.19817380866266432,0.10568108577330566,-0.18749563639213704,0.9765638199542741,11.789120903823768,-23.772116969673849,-11.02639103356274,,0.1185012538882713,0.3846153846153846,0,3
-0.75555874016568159,0.65427458024291174,0.032492519249965789,-0.65489759195635766,-0.75559090400219164,-0.013839430584890185,0.015496264356660355,-0.031735775350728274,0.99937615858788431,14.401031575271031,8.6855328034776704,-13.771590337786186,,0.1226704641994969,0.2380952380952381,0,5
0.10206453937468751,-0.96285763180950501,-0.2499760201867878,0.98790342611312032,0.068615906170021584,0.13906357572860653,-0.11674609405111572,-0.26114562658918727,0.95821360418079493,-1.1604977448472329,-27.127586534811023,-11.661431447113188,,0.3265915190752126,0.4864864864864865,0,5
0.3269686124547963,0.92445651226710768,0.19614199804305374,-0.93797562576082127,0.29213781112942555,0.18670089658891473,0.11529636571888016,-0.24502174645415495,0.96263757033297581,7.9588736145193639,-23.067083755812121,-11.204007703632227,,0.3577551763107771,0.3714285714285714,0,2
-0.057613803670380326,0.99679691446098762,-0.055466755337648235,-0.99157157093219495,-0.050676791143224292,0.11923792416209761,0.11604511771587374,0.06186900807740231,0.99131516506801631,-12.812564658854185,-37.310415518126021,-11.235301845659224,,0.3390204933315233,0.84,0,1
-0.90864216331660286,0.40982612421074532,-0.080074758555511744,-0.41656173944181851,-0.90296891084357156,0.10546783056070451,-0.029081545291323237,0.12918859843025499,0.99119350772646608,0.30847428932598514,8.1381181497363073,-14.637672615509711,,0.0998589398311512,0.494949494949495,1,5
-0.87596294819398113,0.48236358838217963,0.0037791526001965795,-0.48217670904214194,-0.87534330928518345,-0.035773064545168862,-0.013947567838085241,-0.033158098448650627,0.99935279349120321,5.9905064317415562,-30.080773867564311,-10.702205413507006,,0.2941550761849808,0.4782608695652174,0,5
-0.77494282659422919,-0.61422739008735538,-0.14895747304726117,0.62450972467953492,-0.78040232041008684,-0.030980995452807927,-0.09721738162921896,-0.1170338906686061,0.98835815833336993,3.2669707050055217,11.654380006181436,-14.750496788909228,,0.2074489238653537,0.2857142857142857,0,4
0.1509470322775614,0.98576640027726092,0.074024303650950168,-0.97940616296567262,0.1389752457897106,0.14645630407240171,0.13408415786906036,-0.094607003663052136,0.98644358858803693,6.0098825873730082,-22.691731650576511,-11.537549552766796,,0.8285946059033571,0.3625,1,1
-0.99273971452725962,0.021522327006897522,-0.11834123812324969,-0.01882787592073799,-0.99953848453824845,-0.023839652163894904,-0.11879970660169496,-0.021438455335923229,0.99268676950192181,12.770097828311133,9.879774717169413,-14.033423339997004,,0.5811897962824921,0.1025641025641026,0,4
-0.33147945225834857,0.94344865699319025,-0.0050994458768551104,-0.93971113115595573,-0.32967511635810165,0.090869728930299556,0.084049763307812275,0.034913454025888351,0.99584973164422896,-17.266290339877017,12.411868425743904,-16.246614309004929,,0.09103208668326385,0.2941176470588235,0,1
-0.62989883870250329,0.77647174747626768,-0.017862764970462668,-0.77623091427760915,-0.62859084004525434,0.048364486257473166,0.026325286721818029,0.044330364112573725,0.99867001461777238,-10.720492496609621,-34.06934973747132,-11.6291850156019,,0.2176567901228182,0.44,1,5
-0.72605055598015311,-0.61750632047911425,-0.30255005260164125,0.67104381479965758,-0.73234554927423856,-0.11562955970397945,-0.15016920050407428,-0.2869772475764571,0.94609369017735634,-12.136799361250469,10.545271088281154,-15.785173145078566,,0.5992118736912958,0.4938271604938271,1,1
-0.57972283319707307,0.8148028484050891,0.0042136564777202623,-0.81362520803425409,-0.57914868694867228,0.050998227977508963,0.043993835036010849,0.026136500082881618,0.99868985468074234,-14.668428787079339,10.22456679548673,-15.943704282809804,,0.3506317669477714,0.7567567567567568,1,3
0.2668057980168046,0.96311294842571449,0.035044467742352155,-0.94924239104056607,0.25632997235130817,0.18230147647775091,0.1665939650653841,-0.081904785263782379,0.98261796083457009,-4.8084411021614493,18.456462365122707,-15.950278466254778,,0.3421715452109698,0.3658536585365854,0,4
0.97613929234009955,0.21360019452566925,-0.03907734443849651,-0.18549285141559946,0.91379667134120401,0.36134200630350882,0.11289147010947689,-0.34547156228021275,0.93161414525123509,-8.4217184392181839,-28.887397055097498,-11.989707170397571,,0.3301362851425453,0.1923076923076923,0,2
-0.60458864206382623,-0.72721191395074436,-0.32501600898342464,0.78182975018329459,-0.61982697010356191,-0.067503843302178637,-0.15236408899653972,-0.29491924206523584,0.94329625518387428,-21.102452596198177,-31.536762737612328,-12.201863889254389,,0.3200508250421208,0.1666666666666667,0,1
-0.78741928614851908,-0.60754658055713595,-0.10420182462264603,0.59862205473633745,-0.79400716021252771,0.10585020129637462,-0.14704592270648786,0.020970979580584494,0.98890733369250972,36.89594672858167,7.2906530894290107,-13.065906624494497,,0.21835590331666,0.125,0,1
-0.9843677442523926,-0.13821798703443808,-0.10916012154447519,0.14024020351044825,-0.99005603621067717,-0.011033153771739877,-0.1065496569436275,-0.026169318350899768,0.99396294567868315,3.1043843657469372,16.119788085634696,-15.139332013830145,,0.1045604576349184,0.3125,0,5
0.68781197171181219,-0.68104161114174755,-0.25119119304498372,0.72585136665424266,0.64176494296149256,0.24754302961667141,-0.0073814020401039918,-0.3525905300473694,0.93574859498950758,-3.385532769816987,5.8234473049005731,-14.751883532077906,,0.3260597776649722,0.3689839572192513,0,2
0.79405510508055588,0.60601622803574517,-0.047125592334051718,-0.58621705808473423,0.7839930111005956,0.2042168439573501,0.16070485651026997,-0.13453360138920481,0.97779070316262684,-0.78474256644555707,-33.518562161561185,-10.99538585826398,,0.299606692905122,0.8055555555555556,0,5
-0.4755340697507292,-0.86464607550869133,-0.16203244309003709,0.86669530221207025,-0.49204059545365852,0.082068907322666459,-0.15068709841866296,-0.10140619573293681,0.9833667585581366,16.593977812187941,9.8709848051390807,-13.698912906043395,,0.1490218223075135,0.5925925925925926,1,5
-0.86738728896206962,-0.46677837034809644,-0.17250288090987695,0.47820506496472759,-0.8777559975706406,-0.029399397457271909,-0.13769243548253704,-0.10799241502969179,0.98457017601943586,0.47820930427493497,6.2070590107668417,-14.527827747437035,,0.1075205287193911,0.3505154639175257,0,5
0.082381914337231285,-0.90653817468122,-0.41400695409108201,0.99011124863888367,0.027118609402314742,0.13763828080456306,-0.11354706296899167,-0.4212518473190674,0.89980772702916334,-17.084251064504855,-34.836299008060557,-11.809701768062764,,0.3992594779128323,0.25,0,1
-0.99552099556212359,0.056299919996064401,-0.075949104033130571,-0.052531450074335399,-0.99732954777067728,-0.050736770656240521,-0.078602761707755209,-0.046519803868600829,0.99582002073664955,13.133073021100126,13.027288311737985,-14.301981540422419,,0.1336656761947526,0.2083333333333333,0,5
-0.97867025659444928,-0.13528013686427606,-0.15460858135090089,0.15160344576174983,-0.98345721258492869,-0.099137814419357415,-0.13863954735399123,-0.12046242395313786,0.98298925748189903,18.121432459017413,8.9059097778287395,-13.480735495706833,,0.3519648806301345,0.1612903225806452,1,3
-0.74671544032983339,0.66059834084443614,-0.077626562764308918,-0.66507909567875523,-0.73991505606943542,0.10097279976752616,0.0092654014566140551,0.12702575280368109,0.99185614403526556,11.422780019233668,8.1237966959787595,-14.032569981927219,,0.2809798247807667,0.8849557522123894,1,5
-0.3276542980047788,0.94262031773888499,0.06410614311312679,-0.94030283145014837,-0.33195466875202612,0.075077846669759404,0.092050237185087799,-0.03567960873633115,0.99511492771166543,11.767344062140285,-28.719849860812246,-10.622927611966013,,0.2335468961413898,0.1666666666666667,0,3
0.91562234684000254,-0.37796931840051862,-0.13702157609316618,0.40041342795195772,0.88794386465657349,0.22632891979266079,0.036122080269143028,-0.26209709568516315,0.96436523566044929,-6.5232994588855906,-28.404719277106334,-11.882310129722253,,0.1731245903184225,0.2333333333333333,1,6
-0.81462466609096218,-0.55990575730789327,-0.15130167325466623,0.56181562698459575,-0.82656713455976827,0.033911256856064692,-0.14404809846746525,-0.057378698130292255,0.98790578008673424,11.79772167269979,6.5716310119047812,-13.826662187692143,,0.1531091559078817,0.4358974358974359,0,5
-0.28342814700374763,0.95525972364502776,0.084541976956116746,-0.94990841400403458,-0.29175592558454955,0.11203787257282175,0.13169088992926994,-0.048552448629593639,0.99010109041537231,-12.384747535686731,-29.114395934961379,-12.183524049557285,,0.1842889426638641,0.6666666666666666,0,4
0.91667664266755033,-0.33785314791962778,-0.21344597262198708,0.39790367563680062,0.82121324711154775,0.40900057173949195,0.037102529596669646,-0.45985220800742677,0.88722001165901487,-10.589599196722265,17.928578544547481,-16.270673180058658,,0.5864531185214624,0.1,0,1
-0.50176999026149227,0.86045844841888319,0.088533244702487579,-0.86078144725887507,-0.50679728664721402,0.047029887326448007,0.085335672071524857,-0.052609588399740531,0.99496233812165547,-9.4103619125763558,-33.727903019235313,-11.510619718231554,,0.1726881332477996,0.1764705882352941,0,3
0.96832918089032316,-0.21290009584556377,-0.13043061996795643,0.24210566789041929,0.92832932835473247,0.28211611739102233,0.061020021399617388,-0.30475926122991048,0.95047269802082668,-18.524699276382293,-32.63100189653349,-12.131512100107258,,0.7104883296938341,0.2926829268292683,0,1
-0.93641121047213438,0.34740684543156752,-0.049421945018365776,-0.34901135032062991,-0.93668593796386745,0.028469825572343812,-0.036402228633451696,0.043908283592460733,0.99837214523567364,10.846641986591221,9.4221646335697411,-14.107489371575546,,0.4163268388741735,0.3333333333333333,1,5
-0.72476066421655516,0.68783364998367447,0.040085527993456285,-0.68881393874633812,-0.72198233382834964,-0.06539776317677376,-0.016041739093190996,-0.075009196702174763,0.99705380146557832,-5.7614934160225371,14.493645781629105,-15.702113690823877,,0.6613714741778862,0.5227272727272727,0,4
0.71519100102675492,0.69622216412054105,-0.061453480272954233,-0.68160318114378204,0.71421668111455494,0.1590963100527048,0.15465747801197488,-0.071897361599854701,0.98534858496369437,-4.2012853556116232,15.114164594447734,-15.65919536441738,,0.0884685876213625,0.5,0,4
0.092432652083082503,0.98526771068200902,0.14388795333981638,-0.98725317444829463,0.071881179606967452,0.14200093506761183,0.12956610039147221,-0.1551793617261788,0.97935284311814952,-16.952688740117605,-30.492342075431001,-12.380148609789646,,0.3677605530614861,0.2105263157894737,0,1
0.81006059290574228,0.5841888827814512,0.050251219445485253,-0.57058561933866581,0.7656496264464161,0.29700622977704677,0.1350329101556712,-0.269265665759719,0.95355236584986081,18.58086654202323,6.5553974679111686,-13.291952331869865,,0.6563647731617243,0.1228070175438596,0,2
0.38825841049930099,0.92062075302279578,-0.041386420240187086,-0.90817670988757082,0.38986109465229818,0.15239222583288048,0.15643040079966566,-0.021581380406567249,0.98745317545967903,4.1996394587544925,-28.955422739688334,-10.969951781575444,,0.278268868900942,0.4838709677419355,0,5
-0.30583744514757627,-0.93130556709402812,-0.19782163138867118,0.94299760693861701,-0.32494481257127189,0.07187754928392795,-0.13122107473133238,-0.16456247896374457,0.97759921238903535,-1.5627430616720424,-30.967502946530523,-11.263113303095594,,0.2044368556180408,0.4090909090909091,0,5
0.75688645050444892,-0.63389929215571506,-0.15904272522583926,0.65290046137365054,0.7225901919836808,0.22712199802542957,-0.029049760426764468,-0.27574463159501877,0.96079186589275245,18.058537087549663,-23.660527753135167,-10.678689405023725,,0.3345852653801368,0.15,0,5
-0.11002437060130835,0.99226656493955356,0.057460438362788795,-0.98643931159730047,-0.11609637099099919,0.11601343533471974,0.12178720133589117,-0.043916930058670436,0.99158417738737237,3.7328926695270681,20.487615907539652,-15.523696190826888,,0.1756036888851747,0.2,0,5
0.92939117756035994,-0.35449396956794965,-0.10279136448615292,0.36668548496264636,0.91857036662127256,0.14754740486694229,0.042116436110814566,-0.17482135769183973,0.98369898785355347,-22.430189174408429,-30.267298892297024,-12.83266390797246,,0.3729899644380547,0.7659574468085106,1,1
-0.9620254301066451,0.27103231289020929,-0.03238143291314366,-0.27032947033116916,-0.96245639546563488,-0.024488043975922427,-0.037802768398547917,-0.014804465430432862,0.99917554939296083,0.75813168245951179,13.267749498570197,-15.101126897979764,,0.1942019951558319,0.2068965517241379,1,5
0.76885782615879739,-0.59601675640906671,-0.23156353174449393,0.63935549085216847,0.72173157970397472,0.26519442523399145,0.0090663924220548021,-0.3519482247968011,0.93597555929138931,-7.2353474192124105,-26.710515755592954,-12.119320033528082,,0.1883203735028718,0.2272727272727273,0,4
-0.85040146160842156,0.52410135265920677,-0.046207426189421155,-0.52591134107704196,-0.84931322680008847,0.045654179534511841,-0.015317160990480246,0.063125390479679008,0.9978880546714548,-10.943414344939413,7.6548341782251299,-15.443540594339153,,0.07507053336820288,0.4,0,2
0.65544862312581209,-0.73909983254692702,-0.15530144871050919,0.75459213697676131,0.6323772588368306,0.17518478620834058,-0.031269941722413271,-0.23201387897089645,0.97220972568142738,-3.6147378737570399,-28.30490870613944,-11.706059566898436,,0.0722175168055416,0.375,0,2
-0.70585981258831065,-0.68962780026101833,-0.16178820130017268,0.69210109749568349,-0.72007919298235123,0.049819942584850035,-0.15085753484021475,-0.076807896345599383,0.98556712163144855,-15.810323372446911,-27.069456925193428,-12.705607796838274,,0.2914019212653465,0.1176470588235294,0,1
-0.92340855526289245,-0.31849513134714258,-0.21419031578356762,0.36089262120568955,-0.91046030046410631,-0.20203602955437469,-0.13066428749503298,-0.2638615026618622,0.95566937346889991,3.6042929748778083,-25.698042914011864,-11.424148249860931,,0.702377389607423,0.375,0,1
-0.84504415768303509,-0.51907389478826194,-0.12830691062882993,0.51453150690355576,-0.85469426416981342,0.068956821263582366,-0.14545686635331548,-0.0077463891308081866,0.9893342678216035,1.5025403618445397,22.708363053202316,-15.793004448209029,,0.1426267924255822,0.3333333333333333,0,4
-0.97341869404104775,0.21755156121270658,-0.071605616437095204,-0.21984415409157312,-0.97519456053520426,0.025770467871415115,-0.064223002134617166,0.040827531354038493,0.99710005449821981,-11.966382479227969,12.781240727610935,-15.971940985061883,,0.123025576452273,0.3846153846153846,0,1
-0.99562070253090285,0.07376742767458154,-0.057426329380740777,-0.060643283178284817,-0.97713435411021066,-0.20379118288821668,-0.071146390612794319,-0.19941619952224449,0.97732869111209197,9.7054276551442502,-24.422665649419631,-10.996729543918246,,0.3710643193276903,0.25,0,3
-0.80994644075385258,-0.56008303186331176,-0.17405102852027945,0.56805399834057868,-0.82297706065879783,0.004838656702860723,-0.14595005337254402,-0.094951329891723016,0.98472474675532817,-2.754933280770449,-33.820922905181497,-11.033975785273288,,0.2429947808038731,0.3157894736842105,0,4
-0.99661009684235646,0.032123066281703944,-0.075739180643384321,-0.024755835835823352,-0.99504656174425121,-0.096278183162202574,-0.078456761747727727,-0.094076822722741427,0.99246868361800467,-14.313303686053377,-33.006590694569759,-11.907512908462371,,0.3695035298566129,0.282051282051282,0,2
-0.57702065826754911,-0.77212731244781363,-0.2662077634191013,0.79890391845441067,-0.601329445407915,0.012467043097590573,-0.16970471122120331,-0.20548068390368318,0.96383504788516705,23.102632350980063,10.975095937623493,-13.398875374694001,,0.309658856430822,0.1666666666666667,0,4
0.69038631949494145,0.72176322336472043,0.049240016778996365,-0.70812947140533999,0.66027815084398322,0.2501707721642199,0.14805195568252608,-0.20758278569336425,0.96694881224517804,19.169084247639773,-25.613182386875703,-10.563270683274508,,0.2535706631757858,0.1052631578947368,0,4
0.17684200653780899,0.9821964826376226,0.063379604116516539,-0.97375079074248949,0.1652185635395198,0.15656380102155218,0.14330492752191065,-0.089402996349241398,0.98563218392649887,13.671314459886444,23.613891871201474,-15.259766839384149,,0.4838625592084863,0.2,1,4
-0.99504885421154976,-0.015646562931592698,-0.098147658151938141,0.024885766588158012,-0.99529597091779476,-0.093630277667661549,-0.096220976681811524,-0.095609180224659321,0.99075749217614639,3.1633882270946279,-24.662850168250003,-11.507265424655728,,0.6021574614165264,0.3076923076923077,0,1
0.99003043869188745,-0.099128782145493047,-0.10006605325434491,0.11703837315312042,0.9742226085057949,0.192853126201875,0.078369315890984698,-0.20264203321748611,0.97611190787750524,16.533899967718583,-24.186450252940954,-10.629840441466685,,0.121546749379016,0.3684210526315789,0,1
-0.97430243693921703,-0.168553509932996,-0.14941377333957981,0.19202647326358371,-0.96828339427772769,-0.15985337635456143,-0.1177310279418898,-0.18443693408661507,0.97576760676119811,17.219171414485931,14.288274700524179,-14.099793881601141,,0.3230210096870134,0.3333333333333333,0,3
-0.64877752892116358,-0.74523214048613051,-0.15400251541259935,0.74651803582938603,-0.66254443185997991,0.061202107747775576,-0.14764328683818609,-0.075259103089229867,0.98617317305523,4.3100008715622078,-35.148965730333103,-10.423243336993357,,0.114155834798953,0.5,0,3
0.24646871342599039,0.96639783579083127,0.072995864820793857,-0.95836962555253147,0.23183127670197581,0.16667909275321138,0.14415558997291314,-0.11103820118108268,0.98330548852227595,20.491254808097803,14.214457445484372,-13.859587703258295,,0.1246566810092662,0.1428571428571428,0,2
0.99438573963804144,-0.051920963767020378,-0.092202029945168101,0.066652509829926834,0.98409355356041495,0.16467337603330645,0.082185422903805982,-0.16989435353283219,0.98202925867806212,-2.8350086729684345,11.927119583397896,-15.194547893295104,,0.08348563843764806,0.2978723404255319,0,4
-0.40308928143444811,0.91351412970319634,0.054872270094032456,-0.91216628214016227,-0.40589393677535873,0.056593160501913216,0.073970973491326128,-0.027240538203443861,0.99688828268724916,-10.299075204571494,12.718469207024894,-15.82294515459453,,0.2917592140257554,0.1666666666666667,0,1
0.25466540994748282,0.966891372987007,-0.016327945969463083,-0.95669248913198557,0.25436948648601043,0.14154732630215772,0.14101421990255675,-0.020426384607770923,0.98979682389727308,20.866243389612748,7.1192542153790592,-13.15816931157344,,0.7991226478993234,0.7058823529411765,0,1
0.048740280129165349,0.98293571986782524,0.17737461966372237,-0.9908430311737767,0.025195675799602493,0.13264714657829246,0.12591454509822192,-0.18221566488345886,0.97516305241933077,27.541715756715003,3.274789927978869,-12.473951555834127,,0.6293833559281206,0.4857142857142857,0,1
