axis_00,axis_01,axis_02,axis_10,axis_11,axis_12,axis_20,axis_21,axis_22,location_x,location_y,location_z,dbh,dbh_approximation,score,reconstructed,number_clusters
0.98219037562088995,0.18734463124164738,0.014284788504809411,-0.18735312621288469,0.97082233567493958,0.14967564482210982,0.014172936744192349,-0.14968627759279279,0.9886319568800408,11.858030915041436,2.1719538013664801,-1.4312279500572855,,0.1247305170526462,0.303030303030303,0,3
0.96797625278658073,-0.2507630585567433,-0.011826347894374895,0.25064515338264781,0.96272687296712156,0.10165616141060366,-0.014106067029488096,-0.10136496697684597,0.9947492962263127,-3.8065232258936712,5.4279222529800899,-2.3951846721317342,,0.08215571866811403,0.3859649122807017,0,5
-0.8018182650567145,-0.59686416739945802,-0.028993714767045396,0.59530700354814048,-0.80206042668335387,0.048048345185355688,-0.051933046781170958,0.021265879315668756,0.99842411881372173,0.57666693259512558,7.5568644571458012,-2.3653457675250285,,0.1073053653454482,0.3650793650793651,0,5
0.94026759225872247,-0.33830388172037135,-0.038043903071496292,0.33980411715305708,0.92583599210862877,0.16541123807668476,-0.020736849177631658,-0.16845830145516502,0.98549063098388923,-0.96665114423958998,-5.0031495338019907,-1.3831797536192765,0.1706820680315364,0.103632462005756,0.2807881773399015,1,5
0.57799744039500967,0.81602074938019542,0.0053940224139228492,-0.81347162328045808,0.57564281171729392,0.08306185307146044,0.064675165359464173,-0.052397422638835491,0.9965297953832255,-10.001451753120337,-18.70792363650623,-0.51232448484919524,,0.08985809483264814,0.25,0,1
0.99522315325941668,-0.095085931497088577,-0.022125569997529251,0.097579278014348431,0.96183526334692349,0.25563882859329851,-0.0030265026983440128,-0.25657667823418079,0.96651914024903385,5.6971003663811377,-3.8412158980261686,-1.1791873823665346,0.1822313087237366,0.141970939877714,0.4366197183098591,1,5
-0.71489431388306479,-0.6748392313241246,-0.1830795778985963,0.69513799590406267,-0.71420801091468034,-0.081792932431726389,-0.075559821520083323,-0.18573887318265475,0.97968963675272802,-9.3975456389017289,25.59989508754547,-4.1695971234242588,,0.4256772805818853,0.4,0,3
0.8674080618338913,0.49727348065485732,0.017953821403137143,-0.49581463660845737,0.86068588439017124,0.11570503245897469,0.042084443567615294,-0.10926524538439628,0.99312134493257764,0.43707036395238502,-3.6540308926418672,-1.4161638191445736,0.2067738150704601,0.1868629206211429,0.5755395683453237,1,5
0.50110472303709841,0.85393212863959511,0.14033522803261123,-0.8607777892399785,0.47512434779892931,0.18253342619854346,0.089194473489392134,-0.21226580931863287,0.97313286456334303,-0.67546586661040564,23.373237790392807,-3.7451912981950972,,0.2615001262968142,0.2,0,4
0.52630455721664693,0.84333379368960837,0.10858925119036124,-0.84784931967704291,0.51081169845820207,0.14220738321698861,0.064459632144202153,-0.16691171660294243,0.98386250801852082,-16.315368601956408,-0.017517616270300799,-2.4196596118710074,0.1713347481385128,0.1479320926018877,0.2876712328767123,1,5
0.99949371695526656,0.0022029856520123796,-0.031740457166904344,0.0026504343175821009,0.98836771831654757,0.15205995063681788,0.031706229117875961,-0.1520670912589582,0.98786148563002807,12.404682670799382,12.936381003066014,-2.2553286814859677,,0.1816669081872901,0.3478260869565217,0,5
0.51488475127258104,-0.84102437000708608,-0.16604728832822774,0.85500489069896146,0.48976679031285208,0.17057294037304091,-0.062131552272824145,-0.22979664958574111,0.97125340156487405,-5.6551649168282463,-4.0067360668525005,-1.7166026363610876,,0.08688515369598834,0.3171806167400881,0,5
-0.73207554593027568,0.68068543563298767,0.027069037072243476,-0.67914365430756651,-0.73236672444011008,0.049019156935104835,0.053191088207080489,0.01750196131847832,0.99843096380538632,-6.3028796399525922,7.7619716835608727,-2.7106776588097143,0.3775758082960584,0.1539674849350515,0.5444444444444444,1,5
0.72897128700703284,-0.68057542297586016,-0.073606768442446971,0.68321112793687389,0.71662596694617309,0.14024898631251373,-0.042701491572722995,-0.1525264473450173,0.987376455804863,-16.906435453569795,18.388513755535474,-3.8997075532415004,0.4358418783592853,0.3364854829925587,0.5,1,5
-0.56020307035909667,0.8208893855786743,0.11096457364631659,-0.82583764630851586,-0.56390289388322579,0.002389185998428486,0.064534501623959378,-0.090300292991723388,0.99382149060369851,-0.8624491085885273,11.421370288296599,-2.7663139876574601,0.2595012866271885,0.0912067861981966,0.3333333333333333,1,3
-0.34501665236516632,0.88816490321482544,0.303523663473103,-0.9357439064398837,-0.35067954934827067,-0.037512600943140836,0.073122165937282949,-0.29696289055417885,0.95208518026610744,-14.355513252891203,5.5582023946787631,-2.8497166067086726,,0.3454706986381039,0.2352941176470588,0,4
0.29739778703787295,-0.94880597718798354,-0.10640382473074732,0.95309322107849892,0.28846125067499356,0.091670163047907621,-0.056283818271217576,-0.12867526767554874,0.99008828257354808,-16.414519513007711,-13.357759549039168,-1.2345294966875013,0.3240319685093871,0.2757601789887574,0.8111111111111111,1,2
-0.94496240203206183,0.32591268694842035,0.028757246597283022,-0.32560329171453972,-0.94538769608609585,0.014986677873365901,0.032071095560524239,0.0047983929689745146,0.99947407182700987,5.0034490569463905,13.01237790815785,-2.5702875574298609,,0.09373381869475012,0.25,0,4
-0.8870259886400973,-0.45978015595551253,-0.042274148916136026,0.460335478585636,-0.88773635309059151,-0.0039261376378102774,-0.035723138613403947,-0.022942876692825666,0.99909833438789497,-0.566424263984598,-3.6033939579580672,-1.4855371794644912,,0.1394860250288067,0.130952380952381,0,5
0.81251005898557227,-0.58109716541550926,-0.046405693544256284,0.58206652187825503,0.80433396572238725,0.11935424455732346,-0.032030737672020658,-0.12398772492210267,0.99176664387991398,3.0346416619536778,14.640238401706618,-2.8191283896378976,,0.09157646711139249,0.44,0,5
-0.88063585758288931,0.4737577343692041,0.0058391321792636815,-0.47281881282769889,-0.87954726889717094,0.05328200457689522,0.030378554532000401,0.044161192249366092,0.99856243296233604,-6.5268991939388901,5.8313238798926914,-2.561813613936383,0.3464941718880057,0.3200531623337681,0.8885350318471338,1,5
-0.35056522666751128,-0.92514832529126412,-0.14561798674039045,0.93355999893635566,-0.35759073411821946,0.024384324037041376,-0.074630759325541737,-0.12739483146329372,0.98904034633523974,-26.065252374681918,-6.7530659468993104,-2.0658924352130299,0.3611061835694226,0.4705665164024325,0.6666666666666666,1,5
0.23207988355142373,-0.96880364187901946,-0.086939238164977825,0.97007573528054614,0.22397116764421665,0.093754913919188013,-0.071358219363054559,-0.10609627489236027,0.9917921077440065,-8.2942269360168748,9.1343232207358778,-2.9262985594275817,,0.08547702363349191,0.3684210526315789,1,5
-0.9966453819052119,0.079096476683456901,0.021017376222491155,-0.081834678487085297,-0.96638683459302188,-0.24372027269432212,0.0010335008126516661,-0.24462263448328467,0.96961781056998297,-30.472616663464791,21.880490132056224,-4.6524191649519206,,0.2536843301092975,0.3478260869565217,0,2
0.93921248520675538,-0.33575450012511021,-0.071755301389433632,0.34317105684626087,0.91154336142098225,0.2265443135290709,-0.010655204116839425,-0.23739759033123076,0.97135413250274183,5.8645627900938377,-7.8022693983326219,-0.82339198913262668,0.7789021942677877,0.2913319132517269,0.2413793103448276,1,5
0.81982791706082581,-0.56321240331417732,-0.10331493193520797,0.57127151832042655,0.79215887338459579,0.21478633958872426,-0.039128490433219872,-0.23510871542994075,0.97118116392632992,2.3104762213343086,-20.40707882081745,0.085557706887863169,,0.218941243635194,0.3636363636363636,0,1
-0.95410864968270359,0.29931355435107959,0.0093851362469883487,-0.29888813313817875,-0.95375377879495737,0.031931384303174659,0.018508605291204121,0.027660904107891609,0.99944599949877788,-13.472738372213195,9.4136861985334264,-3.1108720873737448,0.4804860872603604,0.4546244012583981,0.9553903345724907,1,5
-0.63385125671613818,0.77289873522588814,0.029327963543285027,-0.77221098796151588,-0.63452639824564117,0.03265639295627798,0.043849451887946943,-0.0019480799875066042,0.9990362508705527,14.370184544821983,4.8679076235588932,-1.5716456940207273,,0.3221341485203469,0.8352941176470589,1,5
0.96776901797963266,0.24646792706958073,0.051736725493230842,-0.25183847876064086,0.947705051994711,0.19604212567514379,-0.00071305979013151506,-0.20275279369154561,0.97922969531974957,-0.47368186254982497,-10.604862266881227,-0.87041633863068213,0.3373821593994825,0.2062764915148637,0.3571428571428572,1,6
-0.27155785935258908,0.94263185947574635,0.1941687578503187,-0.94711414657951987,-0.29758357141313524,0.12007835514342675,0.17097111560958755,-0.15129175630648115,0.97359112675748694,-34.930792129625274,-14.644596531987741,-1.6799190280082028,,0.2552692806937719,0.1428571428571428,0,2
0.9768365308767587,-0.20257534096121949,-0.068946524053829131,0.2134534789384146,0.89970258288104488,0.38075303634542967,-0.015099810387794845,-0.38665035056446279,0.92210276115768697,-11.388688619220535,12.846502446842042,-3.3173082672343797,,0.5299456953337309,0.15,0,2
0.76238020549383256,0.64690945018439228,0.016869663105952719,-0.64457158838261142,0.75679337230711474,0.10858756412196326,0.057479472171362844,-0.093658714993060568,0.99394373854094431,1.9646352661024664,16.156614731273717,-3.023473828522496,0.1626631903882232,0.1246116158771102,0.6296296296296297,1,5
-0.77587582198533567,-0.61778394764570965,-0.12790505419983283,0.62548402150723204,-0.77973127523182317,-0.028086958975563462,-0.082379898626544379,-0.10179456005424567,0.99138863209421679,-19.143576001096132,20.097775038368113,-4.108401968678999,,0.4122576219787776,0.3214285714285715,0,4
0.054792779576176801,0.95061702247704438,0.30549145304442626,-0.99561589411535645,0.028786544556354803,0.088996214736267759,0.075807273339669523,-0.30902849614458439,0.94802671158539653,-5.4901452508175623,7.0353634469760618,-2.6385823669311401,,0.2616817996384515,0.2133333333333333,0,1
0.85405618722853804,-0.51983535390131752,-0.018953466462538267,0.51879522747707563,0.84855813082142928,0.10392598598932669,-0.037941283632266849,-0.098591599292922355,0.99440442252898376,9.2853990289248998,2.0285571069994668,-1.5087375404417898,0.4544823763492564,0.3696312160681668,0.9441624365482234,1,5
-0.69724431447015711,0.71544708854234995,0.044562646188450933,-0.71504094321594025,-0.69854916968425396,0.02730397513731958,0.050663749011503535,-0.012826575135857563,0.99863339795261452,-14.365012821553881,26.533749983113758,-4.3871095031779648,,0.159583737180259,0.2,0,1
0.305832547494507,-0.91965226030806035,-0.24638622730034213,0.95119445792663326,0.28394552044981664,0.12084719535901944,-0.041177130821349495,-0.27132021953175234,0.96160791509354959,-6.4869864903229626,14.217505272747104,-3.2159202588862441,,0.422209514991261,0.2,0,2
0.91155162632072584,0.41067536028132956,0.020478794150031357,-0.40956395812419988,0.90241083282200485,0.13383591823996144,0.036482828257658549,-0.13038572492146211,0.99079188832924259,-17.777478674158885,7.2709325871401589,-3.0647901668270037,,0.06839379427256043,0.2162162162162162,0,4
-0.99913570217718062,-0.039941320995463332,-0.011512580599090026,0.040523951065783534,-0.99761748030804553,-0.055831643123277735,-0.0092551620694164907,-0.056249923208520153,0.9983738218293311,-3.4979579796282017,-9.8750803851210485,-1.0657621073734367,0.1002003051951581,0.2437925682978474,0.2682926829268293,1,5
0.95908318582004692,-0.27289412747764935,-0.075420407486851138,0.28294977045782099,0.91450229618832035,0.28917983619913168,-0.0099433432575074462,-0.29868770556302232,0.95429910639713023,6.3550395641909958,10.777115065854359,-2.3421266989151457,,0.3521095959715276,0.6111111111111112,0,3
0.97433579602085829,-0.22509616651842765,0.0012134294834059711,0.22377942805836898,0.96919103800363871,0.1029150107190441,-0.024341819370626135,-0.10000223833564911,0.99468941291118107,-25.824945828587953,-12.855840708494743,-1.5708442125568476,,0.0758081944700435,0.4814814814814815,0,3
0.34681934989168889,0.90984894963407781,0.22779646044324703,-0.93329997590443359,0.31066617023886545,0.180104651927428,0.093099374420508793,-0.2750662093367372,0.95690704196574272,-19.3167834673878,14.567240338586371,-3.665723592564444,,0.3880039448617623,0.1,0,2
-0.84324549721513065,-0.53747090843039347,-0.0078774372365683562,0.53585839109043087,-0.84168942117626266,0.066443231242498013,-0.042341659442955627,0.051806764722156722,0.9977591107099153,-0.62279163215003519,-6.9701698441218625,-1.1358227549582454,0.3629534541565032,0.3150022095444015,0.922365988909427,1,5
0.6483023060132026,0.76080130348757091,0.029757295400925001,-0.75892830924776156,0.64258258326368867,0.10542981128930863,0.06108961810568752,-0.090934043667805692,0.99398141746308488,-11.600083505726253,7.5773605152212813,-2.9147272410296119,0.1771583300224747,0.1484018290165398,0.5111111111111111,1,5
-0.96883341543961621,-0.24668807630061435,-0.022512355245745765,0.24670681269206582,-0.96908813273468775,0.0019848335241226755,-0.022306091072402508,-0.0036309783666146093,0.99974459453260889,2.8784201796038125,-18.70873165562427,-0.036291918823506353,,0.408264530057221,0.673469387755102,1,5
0.021608861529450369,-0.98572873434572184,-0.16694885261235926,0.99636712147433937,0.0074741965749725399,0.084833340323829928,-0.082374852645337837,-0.16817549961495831,0.98230921047342257,-18.943178542328287,-1.1234987754846577,-2.4022630481924589,0.4376236101368342,0.5945377900154112,0.1142857142857143,1,2
-0.97376529725836014,-0.22647329946607278,-0.02215830508604117,0.22654533608601443,-0.97400032218988686,-0.00076359129751215899,-0.02140926325239477,-0.0057634193796194657,0.99975418300902463,-0.72987253574176636,2.940667484258281,-2.0576443042507799,,0.2838612062015222,0.4645390070921986,1,5
-0.97807473198869399,-0.20703301124182802,-0.022520011132037082,0.20721916792317591,-0.97827459512314141,-0.0062476381042380217,-0.020737287442492616,-0.010777234932766333,0.99972687075857491,-26.00946643823055,19.716934230706737,-4.3075796582710879,0.4248290691916252,0.440417108706456,0.6,1,5
-0.85158891148366667,-0.52366015990029957,-0.024007556544918363,0.52222703566659545,-0.85145698011358995,0.047957629577859325,-0.04555490156882356,0.02830279048149521,0.99856081587153034,-13.115778652275322,4.370276854938802,-2.7019181349286407,,0.09561047235716838,0.31,0,5
0.28926079105327324,-0.95625451730570699,-0.043651951750915109,0.95427231938426293,0.28446669492924065,0.091886015981835809,-0.075448891418061367,-0.06823487091263522,0.9948122773545377,-1.2882745819680881,12.19054457014116,-2.8554679479330738,0.271842192313823,0.2223442785441695,0.7708333333333334,1,6
-0.58547469265940855,-0.81003211900885685,-0.032670329496238132,0.80995363972738355,-0.58618526880656197,0.019024513831980946,-0.034561333130184127,-0.015323080897797253,0.99928510318330321,-7.9283102776308247,6.187692585720213,-2.6549289344492601,,0.0676896668135661,0.2125,0,5
0.94453877209066783,-0.31565165939544987,-0.090612018730137203,0.32734095763547688,0.88280443897364469,0.33690387350506362,-0.02635157436929993,-0.3478797959774696,0.93716873725009164,11.550183766977611,14.12753107843608,-2.3721768169568929,,0.1760373831657155,0.3,0,5
0.9248591131868058,0.38007561669603912,0.013347147576968602,-0.37879087264748279,0.91746396779886874,0.12156209355599033,0.033957260700391956,-0.11748358772135933,0.99249408615963242,-2.7255004846288071,-8.7871869915163856,-1.1299998106587457,0.1753153930594302,0.09873927425652625,0.36,1,5
0.84855300572012815,0.52265920806165733,0.082372014129187668,-0.52832963052927129,0.82851599869660764,0.18555064378376057,0.028733220984455968,-0.20096913228684035,0.97917608726915639,3.7196775304385685,16.368374879204648,-2.9563513071754106,,0.5677824134936422,0.7321428571428571,0,5
-0.20857309855909734,0.97681116337249629,0.048344737752195846,-0.97527350577672745,-0.21142900797147934,0.064337885558731961,0.073067444785139532,-0.033730189727715215,0.99675645110202493,0.49432598311408765,-2.5948339477601432,-1.4801108259846345,,0.06571057674548382,0.1704545454545454,0,2
-0.99837684383479819,-0.050466261381971182,-0.026397616494558806,0.052513064278712857,-0.99510998112904425,-0.083657059100909592,-0.022046672640718634,-0.084907490361450871,0.99614490025597835,-14.899567968424121,-2.6185326563610452,-2.1511428147214757,0.5748016581087219,0.2927766440392862,0.2016806722689076,1,6
-0.61453554042521064,-0.78694234032834343,-0.055387927861989622,0.78639071391056059,-0.61666092074669787,0.036317404905562303,-0.062735274204661434,-0.021238216082935701,0.99780420100743261,5.0070965194072787,11.71896735649868,-2.486061130398395,,0.08224354319538595,0.2068965517241379,0,5
0.18596242451163783,-0.97725020120152772,-0.10198049284705328,0.9777117595175997,0.1737513874764845,0.11785656812836641,-0.097456102788656351,-0.12162442025173646,0.98778024298306177,-7.1288235304176055,15.345946772144217,-3.3643042343022374,,0.1824916390562158,0.575,0,5
0.60341595315895191,-0.77534811825168148,-0.18634506432114251,0.79402029789402762,0.56262670624208544,0.23018026838863023,-0.073627128190317456,-0.28685620953146396,0.95514007404552326,-14.933297478758245,24.025336685105508,-4.2535714215917597,,0.5632507347458545,0.2790697674418605,0,5
0.98378713308484933,0.17402036064958651,0.043356554937867949,-0.1789434123759592,0.93642241715408892,0.30181502914623159,0.011921910247100327,-0.30468011213513935,0.95238012228593805,2.6817819569140577,9.4315787349041162,-2.419335190893749,,0.2914682250017608,0.4,0,5
-0.43469781304977451,0.89849959528912782,0.061125187893503283,-0.89918279847176996,-0.43679869722979636,0.026022932786842201,0.050080997017022663,-0.043650605535611439,0.99779081894661392,-26.679181360862895,-16.459619427105576,-1.2756686472528302,0.2045870417685015,0.2039008507816109,0.6481481481481481,1,4
0.99645384545276672,0.084028962032442978,-0.0043436645985259776,-0.083198966067876579,0.99168592223370877,0.098168038020097784,0.012556509372853363,-0.09745853058213684,0.99516037345200803,0.868501076914723,2.3523755987842021,-1.9041800366002029,0.1708586509699158,0.1353997805883684,0.5287356321839081,1,5
-0.040279521608107424,0.99890441031791966,0.023823080960094115,-0.9963414376870946,-0.041951902887596988,0.07445654700375598,0.075374396758016549,-0.02073684864001336,0.99693965886699776,-17.33223705362435,23.770573178739713,-4.337037421939268,,0.1241642828381702,0.3333333333333333,0,1
0.45878469797440491,-0.88148520881949444,-0.1118053108621742,0.88675341709097177,0.44622729305662595,0.120621640715263,-0.056435610938661049,-0.15448310446068034,0.9863822749087553,-21.031177260661853,-0.33362338194707891,-2.4971942551488686,0.2879303329235787,0.1536372576028128,0.3684210526315789,1,4
-0.89753181575741237,-0.44007935813897975,-0.02769112210051522,0.43946223872213358,-0.89789240075587606,0.025732807895357465,-0.036188125684158287,0.010926811283836501,0.99928525674835933,-1.4233992391288859,-9.3323789249154725,-1.0106389251643793,,0.127922826259303,0.4827586206896552,1,5
0.81091779184602608,-0.58124753037017696,-0.067554743032120473,0.58383762342936463,0.79591808957405763,0.1601500051736936,-0.039318752980188755,-0.16930948918283578,0.98477831644321367,-3.8430969852487387,-7.8151000716539398,-1.2452697810690876,,0.08195235794342895,0.2906976744186047,0,5
-0.75468669065059679,0.63731663981391651,0.15580596770068716,-0.65448652690477671,-0.74787972725872731,-0.11101035832539605,0.045775376076791885,-0.18575094662399075,0.98153003049999332,-12.956184590844659,16.892723259791971,-3.6843662214272275,,0.5356329661647108,0.1666666666666667,0,1
0.35817433926067627,-0.92807703128155361,-0.10190273157671224,0.93110525118212706,0.34700211476747705,0.1123945886952141,-0.068950372850663882,-0.13513902602326339,0.98842465050667228,-22.501197223462682,7.0189669579771747,-3.1726101188489424,0.5513271820189345,0.6257603297291192,0.7903225806451613,1,4
-0.88434096475384572,-0.45698558644570114,-0.095421338489451876,0.46204328658419214,-0.88600328786033877,-0.038912404489445357,-0.066761211648067059,-0.078500622173016926,0.99467612464446609,-0.91328848794271411,-21.035736210685027,-0.0051099616610435676,,0.1599058994371277,0.7272727272727273,0,3
-0.77555786508668434,-0.61879671459421881,-0.12490245758024886,0.62981797245057913,-0.77191123705636144,-0.08650065713252969,-0.042887288098299316,-0.14575207756158676,0.98839112319266342,-35.343760365179421,20.896826512418198,-4.7587466181094973,,0.4423313754732154,0.2857142857142857,0,3
0.64794260538629689,-0.75647745896946694,-0.088950740279763713,0.76013425211139729,0.6347374211573662,0.13894000485657457,-0.048644618327890993,-0.15763965317646686,0.9862978459137679,-3.9555694529942995,16.456867025369633,-3.2699234748934218,0.1340408539790891,0.1501161453491351,0.4130434782608696,1,5
0.64354979156986114,-0.76411692803548048,-0.044373258388478852,0.76347810868847032,0.63674037133482886,0.10799480110571449,-0.054266410641084888,-0.10337804313299166,0.99316068029001647,-5.6503034399509433,-5.5669992329660269,-1.5547785664020741,0.2364644716999188,0.1232963244626448,0.4104234527687297,1,5
-0.11004993764740287,0.94425557229266399,0.31027475794536979,-0.99114890052137683,-0.12757809420149635,0.036710855004767798,0.074248691699380809,-0.30348845789283185,0.94993783360110595,7.6058708231936976,-6.9980973228758181,-0.84513358396280114,,0.1200826746712035,0.5,0,2
0.93168363922435427,0.35946176959798104,0.052467443230567699,-0.36197162516513615,0.90641449780267691,0.21769083753900309,0.030694282480211142,-0.22181071743856395,0.97460651888462968,-33.403355255517809,-18.131268934762893,-1.3247885104276109,0.4887124942146439,0.4676660600537246,0.2911392405063291,1,4
-0.13711957004077599,0.97499225257385036,0.17489519985637855,-0.97658614505061847,-0.16260898489342601,0.14084679381193713,0.16576406367788377,-0.15148737720648356,0.97446079948866871,-15.762719306782646,11.776120265938902,-3.3567332772672196,,0.3003188267458247,0.2857142857142857,0,2
0.99902024586670457,0.044203960964856355,-0.0021349902690214603,-0.043741977917056786,0.99360633852734714,0.1040820993551954,0.0067221809210312811,-0.1038867357909493,0.99456641729467632,7.8657402743789939,5.1271190238898932,-1.8134985646366524,0.2919261589419393,0.2538619855788073,0.3818181818181818,1,5
-0.79749962317899048,-0.60160190907082722,-0.045491691897592529,0.60169469978671719,-0.79861774709329569,0.01315987371528423,-0.044247477644963638,-0.01687711557008947,0.99887803244044415,-5.5064395658276641,-18.558595250031161,-0.34932038022946987,,0.1121464702729409,0.3103448275862069,0,3
-0.24962434965514271,0.96754673897314358,0.039255470468269195,-0.96566570231802451,-0.25174192103037824,0.064154162472699297,0.071954398238646702,-0.021893220374647693,0.99716761453415814,-7.0061416831979564,8.6253011688396999,-2.8207875814354502,,0.1513226303601549,0.6343283582089553,0,5
-0.057670670236615922,-0.99755254068883015,-0.039535077585870083,0.99580655330811108,-0.060296476287157126,0.068801477716497514,-0.071016914767405293,-0.03540146201237402,0.99684669548747906,7.0734252815726197,11.72021723420602,-2.3852534846991515,0.3105003925657738,0.3147161375272985,0.55,1,5
-0.93106127787440029,-0.35891474096984799,-0.065613303204739126,0.36239853323719057,-0.93056224347183647,-0.052165257904056843,-0.042334382603539972,-0.072347216527043332,0.99648064723323526,-30.036392394133827,-11.503428778787729,-1.809264708434525,,0.199852144908975,0.5,0,5
0.42844615523948876,-0.90260882889407357,-0.041607620251230097,0.90110118548595219,0.42342369983184719,0.09342924561679089,-0.066712409462653999,-0.077522077005072618,0.99475614197676998,-4.7490802659481117,-3.636097869358752,-1.7067366985873307,0.7082950395262669,0.6238401347486621,0.9896933779953621,1,5
0.0026727186848206062,-0.98796770679807511,-0.15463721058977095,0.99280739684130836,-0.015887483045254561,0.11866364506314493,-0.11969264535474641,-0.15384212104180081,0.98081918437668369,-1.7443046847641512,16.708909507376134,-3.2243841554210677,0.4999340306741582,0.4024938434804859,0.9333333333333333,1,5
-0.65765491088470684,0.75304044413375093,0.020496528683452399,-0.75072752584450608,-0.65740464241759733,0.065017828840848238,0.062435567816871616,0.027371986165316012,0.99767358100971604,2.2052162536806512,10.365183766163824,-2.5194448173175514,0.198815923542862,0.1309422438253949,0.5441176470588235,1,5
-0.69401235850999843,-0.71688775139320882,-0.066474041082058136,0.71802663550433832,-0.69595645177843801,0.0090756781723376947,-0.052769280284178849,-0.041431499253065551,0.99774687868613943,2.2689368222082815,6.8235239848348828,-2.2144179942946498,0.3590988037230469,0.3341669201718108,0.8454106280193237,1,5
-0.70935324801174826,0.70394484890753251,0.035771765845906758,-0.70313897390570923,-0.71025353836459526,0.033697100993982501,0.04912792393343593,-0.0012493746930247859,0.99879171309781423,-21.477234816653908,-8.548207833224005,-1.8151298245446144,,0.08874627924084819,0.3043478260869565,0,5
0.67089833012066369,-0.7073314168854371,-0.22266049790689305,0.74089098185849844,0.62672253869607375,0.24145271274330149,-0.031240736900012084,-0.32695737669792529,0.94452257261579275,11.476137077854991,-3.0937004947904141,-1.0007806328398348,,0.3724855498231348,0.7428571428571429,0,5
0.30491992996809386,-0.94635534322780057,-0.10693643276472994,0.95032984141180699,0.29498014292975994,0.099297068432804669,-0.062426187056902505,-0.13190253834301799,0.98929504777301214,-22.830355588331653,8.0872527075923024,-3.2551055519330938,0.5724579419193779,0.2020904708774495,0.45,1,3
0.98623158579376102,0.16460721525997968,-0.015865808112969733,-0.15781197144077624,0.96548850240683126,0.20718912469091794,0.049423080161990027,-0.20183264454633656,0.97817224594788643,-25.131818241771931,4.3186869131634023,-2.9948657663110101,,0.3133736123170116,0.21875,0,4
0.78802172540611981,-0.61341500562515872,-0.052381210007506646,0.61112668328021491,0.7691067429116728,0.18708018331914197,-0.074471049884421325,-0.17943480398653508,0.98094710043275402,-5.0621463603068912,18.748642619798474,-3.5792356200622706,0.1300694691466379,0.1577366377552473,0.35,1,4
-0.83600776506539809,0.54840010847193021,0.018663809320005293,-0.54769179768409104,-0.8360408875777614,0.03270059705506681,0.033536718681574838,0.017115937782203765,0.99929091518631785,-7.9152926403947097,12.796468663283168,-3.1927669896591127,0.7414746903812632,0.523363290716518,0.7419354838709677,1,3
-0.7818754476774018,-0.61935419639544642,-0.071212103792912304,0.62269455452301237,-0.78140002345396942,-0.040810477986939465,-0.030368998775873249,-0.076252099993941128,0.99662597856962565,1.559849551323605,7.4179075132527643,-2.2998780470294986,,0.1668193119789932,0.2105263157894737,0,5
-0.85809432400225349,0.51324888217207254,0.015802406912731579,-0.51286364715878419,-0.85816028063165095,0.023061053080857333,0.0253970576663461,0.011684078711047641,0.99960915950513773,1.2877307524568069,17.793902141069189,-3.201847543220941,,0.1361084313711482,0.4761904761904762,0,4
0.99972277168259494,0.023522047367442435,-0.0010454984050577894,-0.022529937999508327,0.96856754273638312,0.24772831297884365,0.0068397129332665946,-0.2476360806612182,0.96882897865502637,1.2510061776651182,-9.8323517335304942,-0.86233790839347524,,0.3745056272145849,0.2173913043478261,0,1
-0.74259298749266345,-0.66817404763311006,-0.045815903312151761,0.66708226237463975,-0.74400185346097436,0.038242610681913349,-0.059639836953620934,-0.0021642819184070558,0.99821761441677836,-8.5586052003631998,2.4609331672490438,-2.3581254525006443,0.3679329596809802,0.3612572731203873,0.6255506607929515,1,5
-0.46973765892733094,0.88246790110573825,0.02443225948421815,-0.8804355516701885,-0.47032366794870256,0.060240241720049936,0.064651149569686733,0.0067860802612559907,0.99788485206160249,-9.7589344934398863,-11.128315844633564,-1.181384825574318,,0.07146773974564305,0.3125,0,2
-0.55397067569193359,0.82363318571056454,0.12142843929528721,-0.83082424329965521,-0.55626836752166664,-0.017221499363743023,0.053362601313821111,-0.11042589683152612,0.99245078169649037,-21.456162973023957,4.0809426172463841,-2.9088588238405153,0.3360481356967548,0.3248041717780715,0.810126582278481,1,4
0.32368603995269846,0.91540515826938751,0.23929217236160735,-0.94451597388279718,0.29769443452196742,0.13880777620463813,0.055829406408906629,-0.27094541861497357,0.96097432718652021,-3.4436834051012468,9.7847652759831956,-2.7577476522040723,,0.3863323145096733,0.1333333333333333,0,4
-0.90207103750859585,0.42061683616406476,0.096691883958783448,-0.43067568460107375,-0.89183941511008646,-0.13835068611863219,0.028041005359347129,-0.1664449902863771,0.98565195034911046,-22.839842608819438,9.1389300221150176,-3.3252258619858286,,0.2936832114903275,0.1578947368421053,0,1
0.64758980207765049,0.72582806766744157,0.23195056462784919,-0.75940989895125066,0.58974519885968912,0.27476754866031355,0.062642267039767011,-0.35408221730001399,0.93311399612910362,-20.746632283608101,9.8135537338867671,-3.3310035103943405,0.4683006897814866,0.2050798382729129,0.2666666666666667,1,2
0.39921636516012321,0.90691481188836642,0.13465443834433397,-0.91391211104224124,0.38185805524751343,0.1376556534723552,0.073423069117637588,-0.17801671163145272,0.98128441509139974,-14.783934970437331,15.587966505478645,-3.6181762051681727,,0.3468103082049895,0.4444444444444444,0,2
-0.88170223159234318,0.47056746982975661,0.034167691509728766,-0.47133815646332589,-0.88173984855578125,-0.019369608426140859,0.021012307508606637,-0.033182763701201413,0.99922839587669576,3.9118013988330298,-17.23237703293611,-0.1234357728979871,,0.2541254034613684,0.5609756097560976,0,5
0.74381570005971331,-0.66793908147175962,-0.024404667326981627,0.66695232567395624,0.73933745535428119,0.092491742271173558,-0.043735564736032018,-0.085073559658205136,0.99541433073082775,-14.563768854317665,11.170699564962943,-3.2660685757812011,,0.09444508258056215,0.5172413793103449,0,5
-0.79969788248867946,-0.59751659184597727,-0.058798122520116444,0.59500295361670585,-0.80180091769011952,0.055558739894627687,-0.080341657504180472,0.0094451500808868348,0.99672263303761244,-27.749997305483785,8.6504337005983327,-3.4704337363997686,,0.133984128738799,0.1794871794871795,0,2
0.83829428819504237,-0.54266944427271224,-0.052655110220306507,0.54357686103531833,0.82437651398153799,0.15788463934986485,-0.042271533288458833,-0.16097589089174882,0.98605267609040537,-6.2041800302996259,18.1524442689179,-3.5602913219384891,0.2193229025177557,0.2123506843446594,0.59375,1,5
0.91546720377771973,0.40132192778188597,0.02933443520566437,-0.40088021903888049,0.90328529185875761,0.15287488837274679,0.034854681044930988,-0.15171154139705798,0.98781008266578574,-19.891770411850956,-5.5079049101752693,-2.040522622068706,0.6692278716216691,0.353769604146542,0.8100000000000001,1,5
0.84186889089376515,0.53843453685527076,0.036674515221774548,-0.53768072717506099,0.83096096997810287,0.14284012740665208,0.046434967102386072,-0.13997183964819887,0.98906606348398152,-17.91459341844963,-2.0547286354260823,-2.3131963463957756,0.2835186325962354,0.2579433978005121,0.5928571428571429,1,5
-0.074934179440100959,0.95910102004065734,0.27296538628296768,-0.99544325050668814,-0.088133940002508945,0.036402522444373774,0.058971211385876542,-0.2689937582484121,0.96133488142846302,-12.23614483169457,4.1649223125240749,-2.6493003297141589,,0.4622800200293667,0.2279411764705882,0,4
0.94421940459084619,-0.32923046674221335,-0.0075508782809902541,0.32859624700633855,0.94038882342837116,0.087711841984732059,-0.021776649132941302,-0.085300413479125078,0.99611727071305833,-1.6300043534370319,8.8170471175909295,-2.5748624729197855,,0.08050681874551288,0.2790697674418605,0,5
-0.88145996265287863,-0.4688340737321724,-0.056770992132269785,0.47054310122243903,-0.88212630944187775,-0.021032453076676848,-0.040218455116473852,-0.045252464000858916,0.99816566278844499,4.0294512735966563,13.155970587973847,-2.6216054293822486,,0.6155115404631831,0.3076923076923077,0,1
0.98672376831124575,0.16044601099422789,0.025165106908104706,-0.16199309629597827,0.96125635138171972,0.22303466923495732,0.011594904143550289,-0.22415018287823246,0.97448563545778244,13.303020637677761,-2.5022000701900051,-1.0108760663564937,,0.1505019127422951,0.4545454545454545,1,7
0.99941613671716878,-0.033277438785305938,-0.0077458206293402028,0.034024279572751857,0.99002959049863815,0.13668854500892236,0.0031199469365546339,-0.13687228355292089,0.99058378945252501,-16.414707737891597,-12.139367560215439,-1.3812594948414179,,0.1327277289056817,0.6027397260273972,0,3
0.092608778184687879,0.98012951464661224,0.1754130802469934,-0.99363497471464768,0.07962382012473318,0.07968427882944247,0.064133853984954664,-0.18167603525876211,0.98126483019911381,-17.317777511310535,9.1438072840165034,-3.1895816116601008,,0.08939814312945735,0.3846153846153846,1,5
0.96867955830677999,0.24641612411797717,0.03064322263170375,-0.24717844441310172,0.94508969686785116,0.21379495197911796,0.023721929434632319,-0.21467314375325999,0.97639782436002553,-10.544089528337608,-11.224572775894497,-1.2205242947147599,,0.08159717722327042,0.2758620689655172,0,1
-0.082389956976299167,0.98977088084392606,0.1164710196696314,-0.99369631869943598,-0.090501964916418667,0.0661590549317186,0.076023162211489276,-0.11028598179146529,0.99098813364624072,-2.11264046025196,7.9386713759911398,-2.5322064989319748,,0.1184160514562622,0.3962264150943396,0,5
0.6456273895850051,-0.76291801202430476,-0.033487023554431304,0.7618783537405609,0.6405203182995638,0.096307299551997377,-0.052025454531649709,-0.087691668785058699,0.99478818012000259,5.4319809258249476,5.9098368141900277,-2.0014729012421668,,0.1059211501321314,0.2622950819672131,0,5
-0.067517904185730504,0.99432089390873146,0.082263555423462989,-0.9952158592378445,-0.072955045277458261,0.064984266480771727,0.070616755347767526,-0.077482393516892983,0.9944896945464281,12.435118395025913,-5.3243310986261383,-0.81101099107339825,,0.2145469979433194,0.6851851851851852,1,5
0.97723082123539617,-0.20794759202662047,-0.042163028803971055,0.21215334035277866,0.95453708888311917,0.20940369176234511,-0.0032988186904266636,-0.21358076907079293,0.97691983953565864,6.7259191696999752,9.6863985010811327,-2.2506516363224462,,0.2038270116173707,0.2727272727272727,0,5
-0.53190818135427431,-0.84572647662641243,-0.042666302177069293,0.84496974815703552,-0.53339586765505309,0.038922654944790351,-0.055675949096773654,-0.015348456000186814,0.99833091387104,-20.897036229990206,-4.0409948083494083,-2.1963055963261775,0.1499267884655356,0.1739284181807975,0.7777777777777778,1,5
0.08256550901726023,-0.99210268192421203,-0.094420364538098794,0.99404168374169022,0.075219002478873503,0.07888746827012294,-0.071162263206752729,-0.10037116211776149,0.9924019156120284,3.3885998072952339,-3.351260242583344,-1.296167836935481,,0.1075023947683778,0.3428571428571429,0,5
-0.8237886169889046,0.56394765460179708,0.057752553091971769,-0.56557622980010769,-0.82454353195268426,-0.015858505607066652,0.038676127063144612,-0.045727527640644104,0.99820496412874549,-32.556779525914394,-22.784974881085166,-0.84214434853152897,,0.5769196410073539,0.5897435897435898,0,1
-0.79090498541781951,-0.59161028409486849,-0.15641795227667876,0.61035305284863561,-0.78104008555033166,-0.13208154921063942,-0.044027887975588167,-0.19993413044480662,0.97881964046686809,-2.2301256135820755,22.998815245652136,-3.78426565041485,,0.3791528428652554,0.375,0,2
0.6288253199635635,0.77014496348022887,0.10703014621478997,-0.77517317387403994,0.61019118980858578,0.1636253720730082,0.060706403935416146,-0.18585867508948781,0.98069938585440686,-19.317017832472647,10.177295929246689,-3.3331140964552328,0.6993761281491373,0.3481399699296119,0.8421052631578947,1,5
-0.59246687393439645,-0.8029139966938168,-0.065666713055901091,0.80323981123501131,-0.59499730438515286,0.028000239669427825,-0.06155330159745951,-0.036156903733085867,0.99744868007075371,-28.973152718799092,-2.1422786604114079,-2.5502355727318893,,0.1579597653086801,0.4285714285714285,0,2
-0.99473066312607905,0.10186476579780106,-0.011596435905533714,-0.10177455942582393,-0.99477433678966298,-0.0081214480461659164,-0.012363126240212827,-0.0068984312453111134,0.99989977735567237,-6.3366461681662081,3.530972343288052,-2.3603950726044594,,0.160508187065699,0.3333333333333333,0,2
0.24162835826814741,-0.96813800653292348,-0.0657612103530371,0.96744047447532233,0.23508437194109463,0.093777750111760261,-0.075330371216412298,-0.086279420347598931,0.99341894324442959,-26.095051733655261,-9.4307923975102117,-1.8608100828987542,0.5249424990097692,0.569558598988831,0.9764150943396226,1,5
0.78698466766511244,0.61284809714629518,0.071220381101186739,-0.61625492236895274,0.77524839390876488,0.13863548751281848,0.029749008656914582,-0.15299391349346528,0.98777925616905171,-7.6428087445487227,5.2623903417416216,-2.5637271550956457,,0.07421973000312083,0.3119266055045872,0,5
-0.83339767283251165,0.53402254921088876,0.14236655454023753,-0.55139661659982808,-0.82091409797134562,-0.14853220174142368,0.037551166687826334,-0.20228682776245333,0.97860612566761862,-31.088205976350874,-23.518756347641727,-0.73075130747632477,,0.3698526522465638,0.25,0,1
0.96000647035136766,-0.2691836199106874,-0.076991919415540913,0.27950000762112076,0.90536054718524517,0.31969051493628808,-0.016350003770765245,-0.32842420491220509,0.9443888071152069,-15.688357507321776,8.6140889229899607,-3.106825796392342,,0.1038289438586581,0.4166666666666667,0,2
0.20539522066141477,0.97809467333154831,0.033817352496944821,-0.97551112667857798,0.20183008648256456,0.087422296450815354,0.078681923309884202,-0.050945325505824042,0.99559717192917185,11.10433638346824,12.402056557809027,-2.2834352391750365,0.2846338104127611,0.203081855630673,0.35,1,5
-0.39812615895071835,-0.91718944951339132,-0.016095814998619895,0.9144659342957151,-0.39820736228246767,0.071992719331223753,-0.072440434646764196,0.013943110318793318,0.99727527448685205,12.748353608367562,2.2066435437533434,-1.4144765213253985,0.7615356540399713,0.3210227380530043,0.131578947368421,1,4
-0.20012077202961834,0.97889741233912297,0.041370674614251153,-0.97701336185047494,-0.20254542581331342,0.066484894883991938,0.073461332467505844,-0.027114693394399161,0.9969293987210055,-5.460842306749587,5.2983418020548765,-2.4785890155371031,,0.07243340822409512,0.2549019607843137,0,3
-0.96210822745837499,-0.27228673483420385,-0.014411547114486067,0.27168423681563958,-0.95281226327620117,-0.13541220925894329,0.023139449492338506,-0.13419659080547622,0.9906845314697208,-6.9439133062874454,-8.9475549153267178,-1.2899243574565102,,0.4706784894363991,0.6050420168067226,0,5
0.97855254497480915,0.20512469872545522,0.018941348846270627,-0.2057311719831659,0.96847490461244468,0.14046723465046915,0.010469078171352314,-0.14135139584987547,0.98990412732422461,-23.175304980745867,-12.460010579568289,-1.5083273091157696,,0.07568193628372683,0.32,0,2
-0.84714132099356232,0.52760366836672234,0.063134391509384588,-0.53080599632372516,-0.84571290387700526,-0.054906087847351036,0.024424916213981452,-0.080025329377024584,0.99649353742311797,-2.6439903638933182,-23.186632685954571,0.13454374956506077,,0.2082537295196785,0.391304347826087,0,3
0.81008775177909909,0.58449649672770132,0.046061694829125067,-0.58429748959645555,0.79831222267821811,0.14592477093984133,0.048520903420764851,-0.14512560227475166,0.98822278940309061,-8.8750086398409369,12.947042560409335,-3.2382487247562022,,0.08576837414938927,0.2272727272727273,0,5
-0.99540920061287963,-0.095107979312634996,-0.010723600435313362,0.095676722188345401,-0.98580941607282524,-0.13793389726042765,0.0025471879638213207,-0.13832666934912968,0.99038338252429003,3.4048772416220214,17.468182406127468,-3.0352156948219737,,0.3738565964202387,0.375,0,2
