axis_00,axis_01,axis_02,axis_10,axis_11,axis_12,axis_20,axis_21,axis_22,location_x,location_y,location_z,dbh,dbh_approximation,score,reconstructed,number_clusters
-0.92103788274593867,0.38894459191217717,-0.020281098815158778,-0.38809335986298493,-0.92090922982753809,-0.036190253504379592,-0.032753054470383215,-0.025461634682824377,0.99913910071728251,-0.44118155767504175,31.00761127740255,-2.4089897706162269,,0.2392684799652217,0.5909090909090909,0,4
-0.829268690086856,0.5584514355623833,0.021105301702277795,-0.55763250946677767,-0.82438002971862689,-0.097177934670891086,-0.036870367877402284,-0.092355620941170585,0.99504322280650515,3.6207668656174836,14.989570637319419,-1.6395424066417548,,0.2912882434847238,0.3513513513513514,0,5
-0.78549647564541514,0.61883043468250876,0.0066467931584972828,-0.61779400658035866,-0.78345852819302486,-0.067255483308120215,-0.036412253185186462,-0.0569352940826564,0.99771364634633597,-6.1570016015095836,1.2682268088387083,-1.7226784619135356,,0.1302138935638439,0.3811188811188811,1,5
0.99315458120381062,0.11209135650762826,-0.0328558309918403,-0.10752191952422969,0.98719867731590438,0.11780410997734372,0.045640055386793901,-0.11346496949283007,0.99249316674840748,-18.606854654105813,-18.700450813312035,-1.6313882517336156,,0.1214773701039665,0.6363636363636364,0,1
0.67856720775760326,0.73443911497647474,-0.012071907414511137,-0.73287791953375903,0.67804629796043381,0.056064007010032328,0.049360911822213346,-0.029195962301749232,0.99835419374556456,5.7549445006492634,-7.7419743487553614,-0.76117276192684802,,0.08085248610756331,0.46875,0,5
-0.97151562888070564,0.23579187043082006,-0.023655373158382908,-0.23388420030801671,-0.97012415208390601,-0.064477208296894406,-0.038151850371986949,-0.057107997532893556,0.99763876875900137,-21.056462890468342,18.832380468110674,-3.5095089144638907,,0.2106275492725946,0.717948717948718,0,3
-0.52912720008841096,-0.80654179528991621,-0.26365647835226758,0.84779265233094003,-0.51555215674292976,-0.12431247858274157,-0.035665456400693463,-0.28930313881504038,0.95657287704152349,-1.7533130616683206,-20.643399963725827,-0.53139927751041893,,0.292411217337111,0.3571428571428572,0,3
-0.9521420449718726,0.3056189033574252,-0.0047552189630289243,-0.30494734266451029,-0.95087857787724395,-0.053263949684604503,-0.020800105736153762,-0.049264754589414719,0.9985691461068732,13.122394378718354,8.4893244096560103,-1.0657523555144026,0.3591917606399577,0.4248479641363884,0.927007299270073,1,5
0.90603643797346145,-0.41184023165084949,-0.097394027836095368,0.42245600118861715,0.89380476324281799,0.1504791422894686,0.025077881172189734,-0.17748427760854146,0.98380406132404696,-13.936135476073993,11.129839843585096,-2.5749932824514317,,0.1403291602090932,0.1578947368421053,0,2
0.91380127307814196,0.40560442269571806,0.021267007557272358,-0.40392992768025759,0.90205236815175771,0.15212540430850979,0.042518782261366947,-0.1476027689492278,0.9881323675265028,-9.5084191324245886,14.765364665495202,-2.5086956985890634,,0.3572089492752205,0.42,0,5
-0.88180388488006167,-0.46476880855299024,-0.080074110714176513,0.46954082905366662,-0.88108776514885589,-0.056707671055955103,-0.044196362542944671,-0.087603108970111365,0.99517454591480803,-0.74579459025093875,9.4921935807965347,-1.6917698479039887,0.2331930282259381,0.1634951174150378,0.358974358974359,1,3
-0.50644419273276176,-0.84827256955484387,-0.15475117895540194,0.86063030123066653,-0.50834421958303455,-0.030027304576498763,-0.053195528485725736,-0.14839070778637392,0.98749705497879126,-27.492728304648818,1.0151617796902297,-3.2278459475691572,,0.3296014571290289,0.2666666666666667,0,4
-0.34210148393249235,-0.91425810772357496,-0.21702231948095538,0.93889878768601653,-0.34189451779705704,-0.039714042630343865,-0.037889855804868575,-0.21734822557827554,0.97535845086053385,10.509579483325533,16.638512990473679,-1.3637003184378045,0.1571680161374993,0.1172462764198023,0.2727272727272727,1,5
0.99759336974201807,-0.024904985501908665,-0.064708657410858031,0.037339698928482025,0.97934349178526148,0.19872612304823417,0.058422731284119157,-0.20066406453324256,0.97791651876543262,-6.0578496547700293,-16.103619477338352,-0.95658146861029481,,0.4480158697051245,0.1538461538461539,0,5
0.68345411532118105,0.72423427708522903,0.09151603217676596,-0.72845326703271318,0.66849201607466879,0.14991418276397953,0.04739525292589309,-0.16912461778008939,0.98445444468539545,-10.284755471684411,-18.024559153606869,-1.0895902119321985,,0.2049173457197996,0.4,0,1
-0.8261440091057185,0.56345765301896444,-0.0012447783303170654,-0.56304125974885788,-0.82561451771691141,-0.036677076703180204,-0.021693686619619661,-0.029599685630633459,0.99932639441346582,-13.536009442333308,9.4007441152201512,-2.3900132889858172,,0.078465357843992,0.3888888888888889,0,3
0.48245645382287877,-0.83819145587611976,-0.2543046469510995,0.87538035088751365,0.47158048565510563,0.10640059600090417,0.030741038445464965,-0.27394694531161573,0.96125337955698709,-14.034468439849496,-12.488883812118679,-1.5297554862397749,,0.3303280403445372,0.2,0,2
0.185299446170861,-0.95362845923972217,-0.23718532200969897,0.9826120200782883,0.1769255432862569,0.056311367684748856,-0.011735980846796759,-0.24349561363797739,0.96983099192211175,-2.254392423392078,13.782492322924499,-1.9305529179717948,0.4285738786274622,0.4927909714651303,0.8644859813084113,1,5
0.18782811628447704,-0.97459391866701173,-0.12201349282068763,0.98214997583721653,0.18508588351670976,0.03353566289480852,-0.010100677996070629,-0.12613448941553582,0.99196172652169512,-34.088628119479878,-9.5803618730329916,-3.4330211588213042,0.265423251390916,0.3426383066338011,0.8958333333333334,1,5
-0.79059229327759228,0.61083581658818742,0.04293519515642983,-0.61176499408572316,-0.78485669084884591,-0.098709507349060421,-0.026597327335156115,-0.10430522519433767,0.99418962083487139,-2.7657417723036919,2.8524380093219963,-1.5606330185198898,0.4222930191182046,0.190446249215554,0.2529182879377432,1,5
-0.68285087411691725,-0.72756129759774313,-0.066100241721580633,0.72903914363542011,-0.68446734693212363,0.0025254763973200445,-0.047080895967428989,-0.046465139853323775,0.99780979150002136,-8.7910907587333611,-5.2035146079354408,-1.5801731439121176,,0.09985206261738828,0.5318471337579618,0,5
0.18445841965682858,0.97938765228960456,0.082309889808964476,-0.98256382542814147,0.18177237525045992,0.039078543419939812,0.023311378717773099,-0.088083086562997723,0.99584032328672745,-11.355617546081405,18.154415045862372,-2.749018704600434,,0.1374680942643333,0.2105263157894737,0,4
-0.97000953081695673,0.24300893308372404,-0.005307406690442191,-0.24143247120019987,-0.96578524258389942,-0.094706003280270956,-0.028140219871782442,-0.090584345494506793,0.99549113726687666,-5.1557358388055876,-16.957591426683134,-0.88801073991325785,,0.7403280901967875,0.6190476190476191,0,2
0.93159652974718454,-0.35985261805819946,-0.051322500325521658,0.36213520751575612,0.93101332251043745,0.045522354789665022,0.031400592996371761,-0.06099415205358228,0.99764408291471418,-4.9106850375569149,4.4821381990208318,-1.7843689815951034,,0.08381938369307591,0.3888888888888889,0,3
-0.47416823488612336,-0.87741270108349545,-0.072879606216996254,0.87951727360281451,-0.47582575276777489,0.006262462555022278,-0.040172757675457561,-0.061129411745463887,0.99732108398469344,4.1466358294129684,2.5927691131995738,-1.2491215066599148,,0.08404411606075768,0.5405405405405406,0,5
-0.45674257985652111,0.87517483942294327,0.15954690904882995,-0.88921779315593419,-0.45439359630701981,-0.053086495175922115,0.026037128891252339,-0.1661188131314425,0.98576194278481943,-43.371386135715618,3.040201886202059,-4.5502532763543391,,0.2618395595590335,0.4666666666666667,0,2
0.022456370387168932,-0.97699546476866139,-0.21207445214004808,0.99968779727314561,0.019619469115472167,0.015472052701316314,-0.010955337155905378,-0.21235568806390442,0.97713102618569314,-3.1236295463737163,4.8154242841509909,-1.6857429391635632,,0.189586083472759,0.2602739726027397,0,5
0.83944089288523205,0.53595638498513909,0.089942986083994064,-0.54244816518701422,0.816286928860394,0.19855890273897753,0.032999627835561561,-0.21546787037822304,0.97595318606856696,8.4725443336044552,22.497476408989289,-1.6319318179667297,,0.3869690460982151,0.5909090909090909,0,3
0.046638424095542363,-0.99259391664668395,-0.11217029033519424,0.9987385140550098,0.04424364897975968,0.023746159018836813,-0.018607470034274119,-0.11313627252545157,0.99340522743640303,5.2006494202374709,12.447648701724177,-1.5204322344697105,,0.08197989904651051,0.1428571428571428,0,5
-0.99080422684413028,-0.11863981746917754,-0.065050578619152671,0.12535136835535557,-0.98585496244342907,-0.11125208976511561,-0.050931508118710223,-0.11838321982673752,0.99166092730540156,-6.4819173310557021,23.845047002397791,-2.5762972419565027,,0.226102106513789,0.2272727272727273,0,3
-0.97023817950902358,0.2386922606921652,-0.040790681640290524,-0.23610475004997908,-0.96990011488458971,-0.059567727425982007,-0.053781242332740849,-0.048164009722225481,0.99739049832080551,-7.3603703291753888,-8.7870877639492608,-1.3884662211871233,,0.1261911550322919,0.1983471074380165,0,3
0.50845103010644399,0.85685296063174599,0.085326161523350152,-0.85917010810290029,0.49820515340518318,0.11669768833601231,0.057482826358376815,-0.13264474726550843,0.98949537426747136,-16.243740595174785,10.264117528719407,-2.6866489921643435,,0.3268172889374937,0.2222222222222222,0,4
0.96197018905718978,0.26945094683407506,0.0448279222750236,-0.26886269841983007,0.90504096547772139,0.32956592694870773,0.048230745004431301,-0.32908515320107362,0.94306773732269278,-14.832437243457196,24.16244535189545,-3.2302855830681141,,0.4692413467297911,0.1428571428571428,0,1
0.4603117866716081,0.87548695009060595,0.14709064984641451,-0.88590660867585569,0.44231006815188062,0.13975437136605737,0.057293452991027505,-0.19463916315204222,0.97920021262857027,8.3914677980389474,4.2223822594698754,-1.1447286573553692,,0.3887276255109462,0.2222222222222222,0,5
0.652844668766136,0.74786356042087554,0.12039075320906892,-0.75595990956442261,0.63314039733778915,0.16630650134705352,0.048150322895960926,-0.19958289569389237,0.97869720248474046,-16.653744471011887,13.436137193771353,-2.9453133247570129,,0.1456776237593103,0.1153846153846154,0,2
0.99892355952364509,-0.024243183631176366,-0.039547316925872225,0.028970889647163579,0.99189336091995406,0.12372650530896241,0.036227196712721114,-0.12473904204515081,0.99152799335570718,-8.3403834404159127,10.155598355521022,-2.1005884917988196,0.1726060230648298,0.346120064158506,0.4879518072289157,1,5
0.73020055445617416,-0.67643438115379106,-0.096144049555775671,0.68304944688663161,0.72600109641118682,0.079786346686761933,0.015830457345323012,-0.1239311744592196,0.99216453303743712,-1.0786526871543889,15.663236635245902,-1.9893005154301697,,0.1334330560571497,0.5,0,5
-0.064799290323334063,0.99789351675095517,-0.0030953513538472901,-0.99784016211071402,-0.064761714645158161,0.010996872059033802,0.010773247071145173,0.0038012554019144803,0.99993474167313223,-11.691104812506616,3.1360206773073598,-2.1643887944267246,,0.08407670061162384,0.3424657534246575,0,5
-0.41634385902271298,-0.90485798325813183,-0.088824665426351604,0.90791491449284001,-0.41897026897865003,0.01242665495686859,-0.048459251908533861,-0.075471477035934736,0.9959697571003252,-29.864919872978938,-11.216794165592569,-2.8036529847437524,0.1579800467370105,0.178259881464417,0.5882352941176471,1,3
0.35716178751728922,0.92633473670928101,0.11974728850042538,-0.93343049154084035,0.34934200429993401,0.081655872376282218,0.033807913264228967,-0.14094012770483133,0.98944070332853518,-21.022387286326069,22.982299491966593,-3.6493547416258854,0.382888256626894,0.1317684357447109,0.625,1,3
0.46013162608408675,0.88242635526911761,0.097992929355511946,-0.88687211517016096,0.45163574925966182,0.097380703038473279,0.041674188784158538,-0.13171513776754745,0.99041121988397196,2.0150496152236261,4.6935286390109772,-1.3884867605824198,,0.164676306006738,0.2462311557788945,0,5
-0.9109443156780882,-0.40368839147943325,-0.084947844696188796,0.40906200624753025,-0.91057144382832877,-0.059396302318727862,-0.053373483852239896,-0.088855659747369073,0.9946134640916211,-1.1656499023977627,-19.505496079840821,-0.55930876749829073,,0.1320923738382752,0.2857142857142857,0,6
-0.37544412361727281,0.92351420021773634,0.078506254766447819,-0.92683042107772273,-0.37456455775796715,-0.026206156461227145,0.0052039029727577301,-0.082600932608384373,0.99656911718459185,-27.612197549738045,6.3704675128520289,-3.4443155161912626,0.6949696528879313,0.4701311615506021,0.3333333333333333,1,2
0.58878761697395898,0.79126759499885757,0.16499919758244791,-0.80720435728659135,0.56505108017635253,0.17069974331872476,0.041836200540536023,-0.23369396632404157,0.97140972942835546,-23.357832890141292,5.4122871508402213,-3.0254703633644255,,0.2031287279721239,0.2962962962962963,0,2
0.99215515439657298,-0.10402917761974098,-0.069325895652872796,0.118414278288412,0.95982658809240862,0.25438352833530581,0.040077528638217348,-0.26059710473189301,0.96461543669153837,-20.148678676214754,12.710526209151944,-3.1662835898038422,,0.2056111760157588,0.25,0,1
0.82784071567695627,-0.55766995208537473,-0.060695749509843425,0.55945427378661716,0.81283606477590176,0.16219878958091707,-0.041117697033690774,-0.16823125851256629,0.98488962764866406,-9.7910551601759934,24.702737002628382,-2.8632634518342588,,0.4158248343865741,0.3181818181818182,0,2
0.089277169456750557,0.99563589572184596,-0.027179958865852148,-0.99556415789516972,0.090017760178058528,0.027364399628128366,0.029691657553477874,0.024616376717224771,0.99925594292405584,-4.1945947953935958,4.8438793221364964,-1.7587956638593865,0.1737077175229675,0.1367113064818301,0.6920152091254753,1,5
0.48456539246484415,-0.85278114174452846,-0.1948350705347735,0.87464912366140324,0.46886994116181668,0.12308488434106456,-0.013612160141968607,-0.23005499898896528,0.97308242535586709,-11.550120233309707,-14.718929676277666,-1.2811556045525934,,0.2319581287587804,0.4583333333333333,0,4
-0.98224947623381753,-0.1794292864019898,-0.054690928129486657,0.18156300553948382,-0.98268731571673373,-0.036885153502594109,-0.04712580458582373,-0.046160271995660536,0.99782182168532751,5.4073995139571922,3.1196584759039343,-1.2158789099444105,,0.07081694525518711,0.3571428571428572,0,5
-0.99092974844820614,-0.13119617179113088,-0.029082609025484558,0.13345944584005218,-0.98611235024350041,-0.098848414318630354,-0.015710186391105507,-0.10183318321938843,0.99467743155204091,-19.991172040811552,-1.0228986351467104,-2.5579841079110328,0.6888958987639952,0.7792049310643445,0.7740112994350282,1,5
-0.35405878304425226,-0.91232229042692548,-0.20569495992705286,0.93314195213765361,-0.3592853257689258,-0.012655111530337437,-0.062357640349451654,-0.1964232498389272,0.97853432827508047,-7.1565007632268198,20.067278972516618,-2.5299401253835061,,0.523697968747784,0.6271186440677966,0,5
-0.90614352291485889,0.4219844822983308,0.028861957294319368,-0.42178370381449887,-0.8963874332030094,-0.13633809736182811,-0.031661065616500651,-0.13571538709788988,0.99024184451521635,-4.2835803691149907,-9.9343621273746248,-1.0664270940260061,,0.0897803112383439,0.3333333333333333,0,4
0.3867954593167649,-0.90327782216076991,-0.18568373284816564,0.9221470850633372,0.37759188280672062,0.084078080066474423,-0.0058331947611848347,-0.20374873258739923,0.97900583645242156,-3.192173232705203,-4.3369949426719545,-1.3124012356211636,,0.08320058298205846,0.2923728813559322,0,5
0.96206840939270377,-0.26643069748354709,-0.058643491429348243,0.27087437838243678,0.95846729715480272,0.08926091765546422,0.032426020177041444,-0.101760128356826,0.9942803575914998,-25.709890698920464,-1.8108235148185967,-3.0318487550659965,0.328605685573116,0.2648339884012021,0.34375,1,5
-0.54225712978107055,0.84017888714908162,-0.0075261404802194464,-0.84021108106586329,-0.54225140362107294,0.0029588046759561684,-0.0015951350193120419,0.0079279795603055397,0.99996730080756291,-2.5393907638434468,-11.015026893860854,-0.95218528118659396,,0.07713372896785867,0.2105263157894737,0,5
-0.5040862327897202,0.85889236513514411,0.090559234893117055,-0.8636413027119233,-0.50185375164194523,-0.047607900740909224,0.0045574293104562328,-0.10220918293119859,0.99475248819121675,-20.076186797708509,2.424376035278089,-2.7107172044432839,,0.1279856747076389,0.2,0,2
-0.34202625069471226,-0.93557165298421086,-0.087884731143188607,0.93920654178264862,-0.34335269216850234,-2.5560130550047029e-05,-0.030151545704929599,-0.082550656648111273,0.99613065075750495,7.1383878931786233,5.067054264669447,-1.2046759027222262,,0.1428537781403436,0.4558823529411765,0,4
-0.68398092346161721,0.72439640421237395,0.086139107870801077,-0.72948088062608074,-0.68003070984784431,-0.073592652247591719,0.0052669860064337038,-0.1131728025102343,0.99356135977119631,-4.9301880947839862,18.532127430401083,-2.2664526432334182,,0.1818036175744718,0.1923076923076923,0,2
0.09903931480829313,-0.99113529896928421,-0.088555255402336566,0.9948561326032469,0.096721421759111789,0.030103853484364118,-0.021271801616597478,-0.091081203933441934,0.99561625375745066,-13.6949845255709,-10.949877451272915,-1.6817219388136126,,0.08411234394211436,0.2765957446808511,0,2
-0.98560281481981082,0.16573571116582991,-0.033447951560950859,-0.16353761404418682,-0.98469438649534224,-0.060269511341117334,-0.042924820465573534,-0.053931801832676311,0.99762158183305183,14.01668765625006,-15.861339023250757,-0.12672851969212393,,0.1856251200387568,0.2222222222222222,0,5
-0.99873208226594212,-0.019296696425703606,-0.046495863899798665,0.026852086307705445,-0.98545527829606094,-0.16780005941403783,-0.042581607692264184,-0.16883581369331965,0.9847239586304658,-11.688398350821103,8.8336976594925769,-2.2704353319998516,,0.4741467856139446,0.2654867256637168,0,5
0.12242482967004568,-0.97580496439455033,-0.18115416788805117,0.99245984149234479,0.11926832737425282,0.028258257383257396,-0.0059685932388390235,-0.1832477490947704,0.98304864495428235,5.735781966378199,7.9138593578036804,-1.3131923937955601,0.1974829105375723,0.2000136658897787,0.18,1,5
0.82112366791133451,-0.56462639225852096,-0.083384405981955442,0.57033638072252868,0.81728732063744103,0.082206133284561472,0.021733265289951915,-0.11505856200387357,0.99312093548038627,-0.053538267299596022,-7.3541363145841734,-1.0728037167704818,0.5446542979879145,0.3236007595075936,0.7624434389140271,1,4
0.96718411962613049,0.25404772656574437,-0.0038250973590004704,-0.25140924757425159,0.95909795418765365,0.13009421396513945,0.036718782348787095,-0.12486339295340215,0.99149425824005077,-17.34070336241248,15.120922413864037,-3.0329535353263766,,0.3455149661696855,0.2777777777777778,0,3
-0.98962545542690827,-0.13501860576890073,-0.049106354653018443,0.13567974322983559,-0.99069843917596367,-0.010373518756724029,-0.047248970868916246,-0.016928635814277396,0.99873968382221467,-1.2666903585536868,3.6056828177474656,-1.507654116123216,0.1465239284833537,0.1144199187372221,0.3577235772357724,1,5
0.99457123979026985,0.077290278706544868,-0.06967253260440609,-0.064524001474211098,0.98336317874558854,0.16980433422362681,0.081637627450847766,-0.1643869566140749,0.98301181390630321,13.915778348952434,10.307038779415226,-1.0800153359465889,,0.4327238443715204,0.3191489361702128,1,5
0.94161457807250193,-0.30645388269463791,-0.13945610113123441,0.33514048238684141,0.89282212250495385,0.30091446397816052,0.032293086363171172,-0.33008283103961877,0.94339942825189937,-7.9810262237433154,8.6011302065464132,-2.0553801996292864,,0.1019635256049711,0.1764705882352941,0,4
0.89892994157522621,-0.427462556299331,-0.095920399819862168,0.43681340454057815,0.89127607645208207,0.12174155066308118,0.033451603148876574,-0.15133644143504849,0.98791612586319622,-17.518741229543121,29.797827492039261,-3.6025219958691226,0.9993379791692732,0.512936066423492,0.5384615384615384,1,4
0.65966035204599061,-0.74904078149257303,-0.061531517123793344,0.75151064530373268,0.65837342849330516,0.0421447345363316,0.0089425909962954925,-0.074042800561340924,0.99721496867591519,8.6446010429081603,5.7307108731590075,-1.1679994610735909,0.1598678255521003,0.1227725345565127,0.5,1,5
-0.58987970603627482,-0.802896910548617,-0.086014437381434827,0.80622293232540443,-0.59157007110652082,-0.0070309575203038677,-0.045238432766672228,-0.073494231083210626,0.99626908122168667,-12.110772208564864,-12.104062472965525,-1.4149379825563939,,0.08203549500889093,0.2972972972972973,0,2
0.61202267492501172,0.78940615406409675,0.047604299210948865,-0.79021085155079296,0.60802569567952391,0.076626127951250636,0.03154449982174673,-0.084514361614833236,0.99592282191534953,-0.070161863820952797,-14.839926976989892,-0.72100032971144501,0.3075273152574975,0.2930161133532718,0.2972972972972973,1,5
0.99886321059282523,0.02981868419809372,-0.037190490678227862,-0.023081873540808307,0.98517954906462324,0.16996612373843978,0.04170747700399928,-0.16891448184663999,0.98474787848689549,1.3386688733483427,16.536302256887787,-1.8689572115934672,0.1190111421146292,0.2992518207650076,0.2884615384615384,1,5
-0.10638630044051549,-0.98884049394541818,-0.10429013669740418,0.99389429455369505,-0.10884004398729535,0.018110109841111728,-0.029258953026277172,-0.10172670425520766,0.99438201477559973,-6.6058247167479891,4.0349355536700307,-1.8774900186692867,,0.08601145207274037,0.4382022471910113,0,5
-0.9904539979973066,-0.11490041045707272,-0.076149678449403055,0.12991696426319482,-0.96275777195640111,-0.23710557761086337,-0.046070166569994159,-0.24473530234590521,0.96849479685637496,3.2330642101078944,7.2121716986992102,-1.4159551910611727,,0.09319210483156451,0.3333333333333333,0,1
0.59429919123973729,-0.80098940628594129,-0.07228030374515583,0.80420622560136112,0.59273782727705593,0.043751740752673823,0.0077985893473687135,-0.084129894404856312,0.99642427854384452,-7.8087898633584345,-4.3287956012890154,-1.5868274115730225,0.2416159766756309,0.2022476427944781,0.8086538461538462,1,5
0.56226766373430281,0.82656006112593794,0.025564421962108591,-0.82647567947946199,0.56062024935970423,0.051409019022210047,0.028160709290288397,-0.050034002032123694,0.99835042599926749,8.5085969016954603,-18.43924966632272,-0.18821909791399583,0.2211510021839992,0.1776000518520027,0.125,1,5
0.66338988644757091,-0.72739594516412454,-0.17552491993409267,0.74820088913701011,0.6480945730805685,0.14201708995083287,0.010454092675442148,-0.22554060233648807,0.97417767816965906,-25.554558307273208,-16.127212430234511,-2.3166996264251245,,0.2065035046520596,0.2608695652173913,0,1
0.99930843760322197,-0.036827857194611395,-0.0051337578304198666,0.037073302139625612,0.97614981969230219,0.21390909233398547,-0.0028664967245966618,-0.21395148620455706,0.97684008146031209,-1.295046072749175,21.669882604213061,-2.1981935516795676,,0.3255088313817995,0.5333333333333333,0,3
0.99030016730930981,0.1371812860873447,-0.022065207331345343,-0.13006615268937799,0.97111412968369837,0.20005035129500676,0.048870999086743937,-0.19523995973184982,0.97953712720456321,-14.841899408718135,-7.3103640603499027,-1.9267551128237697,,0.09121021721510847,0.3035714285714285,0,5
-0.94961349527684513,0.31021813335297127,0.044709275627039073,-0.31243113484554003,-0.92558496165380233,-0.21372708003306332,-0.024919782648015702,-0.21692668922778877,0.9758697740648844,-20.880527007366691,0.97080280311322231,-2.7677791141131243,,0.2132739962586652,0.1111111111111111,0,3
0.28426914290357774,0.95527392886830664,0.081503222128800068,-0.95795427102501485,0.28645751001220393,-0.016300600680402174,-0.038918748923868804,-0.073442601956353035,0.99653977100770219,19.120046042292625,19.091368895058455,-1.0787021975204092,,0.3430543004975218,0.3125,0,6
-0.45132049809316871,0.89213560983478324,0.020096309752171845,-0.89235373120293282,-0.45129840926523179,-0.0058791328336848074,0.0038244488673773894,-0.020586390149614952,0.9997807630333112,1.1026713238105084,4.5219926050455248,-1.4340042618311555,,0.07187900069542504,0.3898305084745763,0,5
-0.081654098455490653,0.98636000526179568,0.14292147573185116,-0.99630342124081039,-0.08462070386070604,0.014792880110826195,0.02668522117719168,-0.1411852559514192,0.98962347510184667,1.1564150225704075,13.167891914149401,-1.7196201356939325,0.4669664278699222,0.2193171948756587,0.2258064516129032,1,8
0.64033117676664864,-0.76617996093534624,-0.054260957619183293,0.76809888862692355,0.63875759293359602,0.044864627043622408,0.00028522048343990327,-0.070406000673166824,0.99751837763446038,-14.18496781639705,-9.1235842583004239,-1.8300585888580561,,0.07770548367824467,0.2428571428571429,1,2
-0.77577851619300064,0.63042500536630008,-0.027055617203965047,-0.63061544720101692,-0.77609319931104492,-0.0018718265431633533,-0.02217772677367873,0.015609567324151998,0.99963217727477394,6.5393752105321976,13.428164357087065,-1.4731193498624831,,0.08584783356028891,0.3,0,5
-0.9620958784050252,0.27268805356288595,-0.0035701820887317917,-0.27044813876841733,-0.95571262120182698,-0.11606545529239304,-0.035061731171762534,-0.11070054706105233,0.9932351503484067,-25.534719418800307,5.2884280551879925,-3.2174263999025645,,0.141768109922824,0.1818181818181818,0,1
-0.92933783406192749,0.36818107325039034,-0.027818833211991099,-0.36746536732847729,-0.92962450457195367,-0.02770350724179993,-0.036060976071552911,-0.01552345965111933,0.99922901689513943,0.94910150822767048,-16.002463051520039,-0.65484293359564905,0.3352917521913154,0.1812191125006253,0.825,1,5
0.264874766009287,-0.95576100630233096,-0.12791503884798777,0.96423064227440469,0.26113976887147933,0.045445457560017027,-0.010031292569481877,-0.13537695500234515,0.99074338414328,13.367276547377596,12.340614779094372,-1.1502014764215385,,0.1442852805387935,0.4210526315789473,0,5
0.10159175017339971,-0.99282574661219858,-0.063056745560148411,0.99461599461490868,0.10006318589972008,0.026951476467800939,-0.020448460893229065,-0.065455295366607311,0.99764596162945962,-8.0327971312845641,1.5141658873855874,-1.8349889427018171,,0.07031490658583775,0.2293233082706767,0,5
0.036902715877090229,0.99823892398001868,0.046446100074263766,-0.99922412688974638,0.036219377986444097,0.015469353564317379,0.01375986200212467,-0.046980924953526258,0.99880101065637328,-13.696144643916194,7.0833737858758195,-2.353625872018942,,0.07421093142089845,0.2571428571428571,0,3
-0.68335468653337839,-0.706121927594759,-0.1855214159139883,0.72849422025476596,-0.67625615841263209,-0.10942476531567114,-0.048192773817960062,-0.20992720542809987,0.97652855819626672,-14.402079377942412,12.942549072038108,-2.7950068919164179,,0.4040325949133001,0.1384615384615385,0,3
0.063750619091022476,0.97706043121801611,0.20319638853477684,-0.99743837851038086,0.055763003829687872,0.044801433888564127,0.0324428673223024,-0.20553199544585468,0.97811249823726942,-4.1684941042304704,-14.328412802660335,-0.93170327666003017,,0.4606262243477142,0.3880597014925373,0,5
0.99939251270027762,0.012853104184929522,-0.032394494461854009,-0.0053406420743660147,0.97501132417584002,0.22209096170513087,0.034439557210586419,-0.22178303686641085,0.97448766100831308,-4.1576176532435181,15.988385611350367,-2.1896402743914352,,0.2955824667292361,0.15,0,5
-0.15182186255520391,-0.96816238046379954,-0.19902695069999088,0.98671147922015934,-0.16024919708372698,0.026844955004322331,-0.057884184588124388,-0.192306525860899,0.97962626612697468,10.814023823940529,-11.653125127658988,-0.37341731982599158,,0.4294338664795536,0.2857142857142857,0,3
-0.99069122334368709,-0.12018079401876848,-0.063933377345549061,0.12331174275753444,-0.99123040365345427,-0.04750264172769935,-0.057663802232333188,-0.054944186426126071,0.99682296436733564,6.8429144573249738,19.179138189980986,-1.6535708971461365,0.1830640237105171,0.1279454308117383,0.5416666666666666,1,5
-0.82225257387557549,0.56735738716788009,0.044791740098247546,-0.56876862524220251,-0.8164160147471532,-0.099835573842553829,-0.020073756377115774,-0.1075661939942712,0.99399525059956928,-13.863307243734317,1.4547287057807843,-2.2426319107874284,0.2718229276986113,0.1705239761721096,0.3267326732673267,1,5
0.9796354060587058,-0.19483962776592365,-0.048497326196736856,0.20052861172567535,0.96161117623036219,0.18732917986323844,0.010136423213822552,-0.19323939867660672,0.98109927516206796,-7.0623423603098843,-16.888656984557766,-0.9828609334771482,,0.1425024202645967,0.1666666666666667,0,4
0.60748616702073044,-0.7914009945401872,-0.068154403520714196,0.79428179454307835,0.60615677497131004,0.04111441369893408,0.0087742655469363016,-0.079110239521716044,0.99682725798752547,-11.217684085599242,9.8400449778746708,-2.2622369760052599,,0.08259833145225423,0.5084745762711864,0,5
0.85425128269590878,0.51945727460331637,-0.020466701592856698,-0.51708283331474569,0.85309271076026583,0.069700576316821194,0.05366646535398794,-0.048958826675046765,0.99735798176332513,1.8469991777416346,-12.944520887873116,-0.7192520552145697,,0.09263876646704172,0.2941176470588235,0,5
0.44428234022314117,0.8951572442356891,0.036148447521528501,-0.89487628741068337,0.44150387566395727,0.065351036746001387,0.042539774281505828,-0.061382700055247291,0.99720736646798114,8.3652050009272561,-5.3807585691614808,-0.83715343659389896,,0.1843188425857702,0.5490196078431373,0,5
-0.038736808569914891,-0.99727733366563032,-0.062748541167018168,0.99891693718138008,-0.040267342455974534,0.023312952273432677,-0.025776195878908149,-0.061777511185742012,0.99775704800202136,9.5487597986621822,19.282903224673287,-1.5260124977683704,0.1118737927997883,0.1133573246496561,0.5,1,5
-0.021722490812075331,0.99029755828777566,0.13725479751976008,-0.9993573562895196,-0.025423487853876874,0.025268967041935399,0.028513292039712836,-0.13661768668300164,0.99021341127175422,-18.746883469436682,-0.56034949550153668,-2.5024702543231538,0.2664973946092999,0.09978499609234577,0.4285714285714285,1,5
-0.98986925341589871,-0.11606557595495777,-0.081778011837512946,0.12553319718930903,-0.98453913577551666,-0.12216426044399867,-0.06633458785040075,-0.13119250056555448,0.98913510212208899,4.1838180496487336,26.232272228376964,-2.0249036785322798,0.4862975160899287,0.5050148175435913,0.6451612903225806,1,5
-0.28921206956794193,-0.93968488633447989,-0.18261624574715177,0.95583183376030945,-0.29391080696116456,-0.0013939590528842275,-0.052363005897599242,-0.174953570829501,0.98318328081155615,-4.2168759784382166,-22.942903222876982,-0.56059687533190339,,0.1050247290077842,0.2307692307692308,0,5
0.60092371125955946,-0.76489554906091994,-0.23200321608295257,0.79914003043257398,0.56901225751992468,0.19390787130053366,-0.016306593950412059,-0.30192689482534329,0.9531916098953368,-17.818093461233314,-11.402784324470199,-1.9809892915416734,,0.3710365030442765,0.2666666666666667,0,2
-0.93147410790521923,0.36328761404668464,0.019444685197854857,-0.36182318557588317,-0.91949425925651618,-0.15366941652140861,-0.037946919267531021,-0.15017462060740269,0.98793097665956719,-4.5709625127817324,-10.903581552382578,-1.0298684954437693,,0.1300437054740106,0.32,0,3
0.91994573133463009,-0.3858762567105225,-0.069277455974282323,0.39075756320611077,0.91680675027736314,0.082303763237673869,0.031754971207922165,-0.10278568554490328,0.99419652214773346,7.1924000338585978,6.0632950066322309,-1.2243162707427857,0.2265661374506451,0.1826463964040803,0.6486486486486487,1,5
0.80360902333183248,-0.58445902332602184,-0.1123396086536354,0.59513312287313658,0.78741995702977796,0.16058137292504046,-0.0053947825653332193,-0.19590166238196063,0.98060870636409192,-10.838946620513694,-10.498994361028744,-1.5029652154278637,0.2415674695779503,0.2289129693886038,0.297029702970297,1,3
0.53064836915567626,0.84722855031120181,0.024821197594041323,-0.84701259532802586,0.52897547893574026,0.05248434090647696,0.031336427175166694,-0.048874596901511198,0.99831322845568482,-23.520607067490644,2.1143883332671849,-2.9624700492507263,0.4772363421104056,0.4731027542489287,0.8390804597701149,1,5
0.00012993784092382423,-0.99370089672919437,-0.11206476232853886,0.9997245424717357,-0.0025010318158883728,0.023336324036425358,-0.02346960365738256,-0.11203692551766281,0.99342684935767378,4.9629209071227267,-10.970446484679291,-0.66989307643414864,0.2340178957697565,0.1136123869543306,0.32,1,5
0.97681918919276978,0.21384263360137631,-0.0097775088446989643,-0.20516455324901248,0.9482575057737388,0.24231221354669819,0.061088278048359958,-0.23468922173418,0.97014905632428017,-17.263930028871769,-7.6990389360438494,-2.0672045605617235,,0.6923525926279771,0.4160583941605839,0,3
0.52790238097906372,-0.84196674346886247,-0.11140502254869029,0.84878273871600596,0.52761890050666815,0.034440648743749441,0.029781514642330871,-0.1127399606198847,0.99317811225632402,-5.2038481369013168,19.605009885778191,-2.3449705428902616,,0.07152109215215011,0.3333333333333333,0,2
0.54841784765772017,0.8275050895800079,0.12030457634545355,-0.83485173657981449,0.5336545089440744,0.13503867228808369,0.047544108995158048,-0.17449410248728758,0.98350971825245059,11.52169568161723,-2.451128609608491,-0.86814578799011222,,0.1727063082832798,0.2916666666666667,0,2
-0.33315257837906942,-0.90144942434943864,-0.27640241471348437,0.94212915637831629,-0.32990640034701124,-0.059618954301129179,-0.037443453650279047,-0.28026898214062962,0.9591909535794193,-39.554396376771507,-13.790847349618804,-3.5043430080584619,,0.2477744502543241,0.1538461538461539,0,1
-0.61163249875059866,0.78975459014720095,0.046833468946114253,-0.7911393519089438,-0.61071139654655571,-0.033617197819750554,0.0020523969391666739,-0.057613170973163701,0.99833687210140742,-3.9340408319219651,-9.1394796818655522,-1.1374211462626846,0.5083065981286687,0.3448266675134233,0.25,1,3
0.98895457369019779,0.14264082235985595,-0.040279609900587751,-0.14081126653889381,0.98900824002961607,0.045109736967017561,0.04627135607427197,-0.038939657805699468,0.99816965725122253,-21.092991707126444,11.304771634311619,-3.2142136135882646,,0.1935964011434779,0.7777777777777778,0,1
-0.85353955977610241,-0.51725665713098867,-0.062576118055473112,0.51794623357090108,-0.85539274020257283,0.00591262534332579,-0.056585501914667505,-0.027364405025657075,0.99802268025864871,1.3604549793151226,-7.91271669909667,-0.93257500677279048,0.173672104019078,0.1288295142327927,0.4329896907216495,1,5
0.79610567754348349,-0.5670154201502231,-0.21144565139746405,0.60506110988314532,0.7520494029568614,0.26138620625274822,0.010807566331412537,-0.33602858334387897,0.94178977892409632,3.1534247344498207,10.4984527248794,-1.5372864950888965,,0.3107202272917822,0.2115384615384615,0,2
-0.9491401511266383,-0.30577601025680623,-0.075060009797036878,0.3110044995723813,-0.94766910205052501,-0.072107380097205007,-0.0490833450880672,-0.091784010427632734,0.99456850978943878,-14.866367478542161,0.4810514240559271,-2.2483935533313759,,0.2848783076931466,0.358695652173913,0,5
-0.41219599780724303,0.9071640432952649,0.084545005434265866,-0.91103897740205875,-0.41142300150545474,-0.02718631064441596,0.010121316411591133,-0.088229883738057693,0.99604871696602615,11.199542381226658,7.1497502267943931,-1.1080380620701067,0.2797039093424043,0.1760003292782387,0.25,1,5
-0.97795768158898888,0.20825552716864057,-0.015113187116015258,-0.20466060154644561,-0.97038732155707019,-0.12830621316188798,-0.041386123226741768,-0.12238497279081469,0.9916194366990061,-18.900701327202452,-2.9078437304140574,-2.3640702175749366,0.1991408481046447,0.1062014966361851,0.4444444444444444,1,5
-0.1133982771649161,-0.98701968821866859,-0.11372319818203931,0.99302526905553112,-0.11631171170079481,0.019297687385300612,-0.032274537227022441,-0.11074168496981485,0.99332503917742254,-0.91128572304266686,11.50827548765419,-1.7927167274634466,,0.09059499869227244,0.2608695652173913,0,5
-0.02685864255825559,-0.99440531923821673,-0.10216004302401445,0.9990259021143264,-0.030281061530684196,0.032098352251022734,-0.035012286765986507,-0.10119841097228523,0.99424997932718162,-4.1831165863444753,10.734950728803259,-1.9090926833994262,0.2275527724552209,0.1433148090876725,0.5694444444444444,1,5
0.39253855369334012,0.91963154292039329,0.013831454377565658,-0.91863597750158876,0.3912897830274254,0.05477450627847999,0.044960256939229892,-0.03420717708622497,0.99840294687653608,18.017299475602027,6.0313626655175163,-0.86760070427806812,,0.1164286856914022,0.3809523809523809,0,5
-0.97681609189262353,0.21058639640538282,-0.038518726207096753,-0.20993770429963371,-0.97750564978979582,-0.020220409056892052,-0.041910415567277017,-0.011665087998959501,0.99905327324870663,-2.3239484483843653,-14.172871205561457,-0.86465431010980698,0.4542855191612355,0.482299292557067,0.7727272727272727,1,5
-0.65674905450598942,0.74779465110283949,0.097385004941579631,-0.75395683930777135,-0.6485224212085593,-0.1047270435504698,-0.015157963798734828,-0.14220347735470376,0.98972137855141118,-24.265640373347964,-1.8016726725936862,-2.9054626666935759,0.3249498976231585,0.1886949957702837,0.3076923076923077,1,5
0.6268491830319145,-0.76801552483644897,-0.13119548522116009,0.77913197691644365,0.61709874721787128,0.11019300671280134,-0.003669370313219815,-0.17129299399662434,0.98521329971188309,-9.0896182508799388,-8.8840753996463722,-1.5075879983722191,,0.07530688406920609,0.1882352941176471,0,3
0.079265454584615397,0.9803308279255678,0.18074417149182317,-0.99625047952983947,0.071598563387706371,0.048565705568655658,0.034669435329393795,-0.18391605025007438,0.9823303500932633,-16.919734040452681,-0.97303468787719305,-2.3442486406687228,,0.3214388517595008,0.3898305084745763,0,3
-0.97661211283498495,-0.20713686932123004,-0.05764632192766253,0.209650871689121,-0.97689152184624806,-0.041586855434304071,-0.047700032117176619,-0.05269982839366491,0.99747051837299927,-0.16624172396259521,-17.565339583305718,-0.65507346768616559,,0.1183888529070591,0.4390243902439024,0,5
0.77172297776551735,0.62257757348010512,0.12977214873904186,-0.6340535747557341,0.73743816776866222,0.23272518784496241,0.049190547142697001,-0.26188186977647615,0.9638455147761904,0.93718649839254764,-14.458530305908386,-0.69015719056251768,,0.0903419613415431,0.2413793103448276,0,2
-0.70043170717026748,-0.6947950879380379,-0.16326423174632979,0.71306740259803369,-0.6910124781379402,-0.11847630315702896,-0.030500867899756718,-0.19940296094801876,0.97944277843196359,10.258386014556287,5.8124693512675716,-1.1125280680577361,,0.5946044907253446,0.2765957446808511,0,3
-0.96618714753254864,0.256801984644556,-0.023133020242382785,-0.25479831760926391,-0.96467628147880669,-0.06691404408425905,-0.039499535268226846,-0.05875723474465732,0.99749053834046741,12.831442493235137,5.9310796212289967,-1.0237266889522536,,0.2082802143124395,0.5769230769230769,0,5
-0.41334065066986891,0.9091447201175572,0.051042966079370318,-0.91057530076290383,-0.41260039728812664,-0.024769614414203191,-0.0014588160809080343,-0.056716752728361831,0.99838924363977088,-26.823805730353495,1.9219398694186882,-3.2105694308716064,0.2213997213152068,0.2238169435380561,0.3125,1,5
-0.75122196164253263,-0.63458634498116517,-0.18156468574420392,0.65688741720991084,-0.74567540877592586,-0.11165619489373733,-0.064532824649460335,-0.20314614323265362,0.97701952848060336,-27.57484188130433,-8.9940332815363764,-2.8778749408605853,,0.2727629493999203,0.2692307692307692,0,4
0.74067934324407292,0.67183089700607357,-0.0061119816379995827,-0.66937517739384256,0.73869236153788786,0.079186279711444679,0.057714663478963861,-0.054560432857450415,0.9968410990654013,-17.792763666129684,-1.4956991887255733,-2.3293994189954828,,0.2250640305398385,0.3285714285714286,0,4
0.59037496775054465,0.80641958274119641,0.033835691585346821,-0.80534699811368093,0.58576938930509748,0.091051826903229591,0.053606063862461806,-0.081004192018981722,0.9952711745009627,8.0536000393074474,-9.746917502328122,-0.61921863191599102,0.2101760413450671,0.1626892417234028,0.6041666666666666,1,5
