axis_00,axis_01,axis_02,axis_10,axis_11,axis_12,axis_20,axis_21,axis_22,location_x,location_y,location_z,dbh,dbh_approximation,score,reconstructed,number_clusters
0.96871373304395814,-0.2094820291748746,-0.13308261668908966,0.23212101353849057,0.95451468808679529,0.18714044271730823,0.087826752677654954,-0.2121767887384087,0.97327666767202092,6.1161344299004581,-25.057591384797906,-4.9046821694363167,,0.3641306137199852,0.2727272727272727,1,5
0.93583442732245326,0.35233732414265939,0.0085049781920332884,-0.33233039044037199,0.87414564780679183,0.3541551891617486,0.11734750200923032,-0.33425708135570525,0.93514799221072975,2.86361007905986,20.389911934573306,-8.0529816796728007,,0.4373610155461876,0.2105263157894737,0,2
0.95879456477281177,-0.25510174377017603,-0.12504432369176186,0.27801030756622191,0.93311816610544562,0.22803674478237931,0.058508558767493057,-0.25340400235478705,0.96558954019890131,4.0455498091409305,-24.842050881586101,-5.2046472686376601,,0.423290854984523,0.25,0,5
-0.98865126748683163,0.11610471684821815,-0.095332922027370634,-0.11566878729847833,-0.99323643710626175,-0.010105030893457375,-0.095861373564022093,0.0010366918797160972,0.99539415425667688,-28.531788207259094,5.1022009067751917,-10.275072241156925,,0.2373388921437063,0.2307692307692308,0,1
0.84549469241972919,-0.50003025766903741,-0.18737253402114282,0.53311209448481311,0.81048314669826849,0.24271086426464042,0.030499504980961319,-0.30510131158929715,0.9518313768007477,-4.7658444489275507,9.6277431380068581,-8.1752586906187439,,0.2364233286783939,0.1639344262295082,0,1
-0.68750289601533132,-0.68295405696610423,-0.24680665316006642,0.70829534973632968,-0.70561969282687043,-0.020458412372523552,-0.16017947906153343,-0.18887722247124802,0.96884876493657335,-7.1179557222924768,12.801555903020336,-8.5765897713897203,,0.4987013349288006,0.3103448275862069,0,1
0.91914593204671857,0.37946591213446973,-0.10571838595969989,-0.36614598272368742,0.92198693669730758,0.12600479314224516,0.14528549458660459,-0.077108430715906492,0.98638046157416159,-4.5508435094901003,-20.501149363505139,-6.8122435745891892,,0.3359245260419834,0.7692307692307693,0,1
0.84678725642383346,0.53086363661123603,0.033691863737267097,-0.51440595528836774,0.80111903750315749,0.30593267382526418,0.13541733833619199,-0.27639118487011738,0.95145680795506082,22.022716880714459,-20.320751003474363,-3.4628900450114157,,0.2853714859069079,0.2222222222222222,0,2
-0.36401951339120403,0.93106707023150392,0.024574470512184837,-0.9290027586685804,-0.36484796330967917,0.061966426836998052,0.066660845003623043,-0.00027276235484367751,0.9977756548163017,-23.580110986924485,10.809790222824009,-10.076851046276369,,0.6159568164287289,0.8125,0,5
0.72497025609429688,-0.67155831720943304,-0.15306062317070421,0.68877891709863603,0.70641774356478859,0.16296495002687697,-0.0013157275552995557,-0.22356967183333934,0.97468706295781571,5.2360616532669741,-31.397877885434959,-4.481357172841733,,0.1816463240948678,0.3,0,1
0.054075666474870977,0.99809989645884789,0.029536739565109268,-0.99061277292983674,0.049903927381099382,0.12726323954780661,0.12554742690935161,-0.03614131598019809,0.99142909422492809,-23.465866058246263,1.921071832527762,-9.8368932541613674,,0.439514772926855,0.6190476190476191,0,2
-0.99209283630896028,-0.045736821146338265,-0.11687577737012185,0.048590175499570766,-0.99858347096881117,-0.02168055240997166,-0.11571861989050572,-0.027188135267216959,0.99290986817098725,-9.9124405627247114,-35.97000837914571,-6.2023520116296726,,0.3540326938377086,0.4444444444444444,0,1
0.15987683966931462,0.98655199817598094,-0.033978684970619719,-0.97618791634486912,0.16312237106909291,0.14299735675550165,0.14661701169924093,0.010307616202472879,0.98913962863116955,13.871349011940353,-22.812915861329916,-4.1111492994983152,,0.2001536791805806,0.6,1,5
0.97304930408161461,0.21332312989229815,-0.087568796264645157,-0.18484122182234847,0.94859390389214682,0.256911129019116,0.13787231245433768,-0.23380087200780347,0.96245954601057571,14.461006973715017,-25.588315098908591,-3.8745915713465391,,0.1328766141088697,0.3125,0,3
-0.27104739887651885,-0.95540257211494017,-0.11721447333171051,0.95167341939421135,-0.2842535573208741,0.11626529133390388,-0.1443987894021361,-0.080036493842405285,0.98627742003586993,7.2634261129151705,-5.0102344043697462,-6.0276896235102502,,0.3543980239916255,0.9766536964980544,1,5
0.99083375065714108,0.084421069211838687,-0.10545881486074207,-0.050058854601043555,0.95455341862197562,0.2938058577924037,0.12546947690467955,-0.28583361256197376,0.95002976600474853,4.9327465752276094,-23.978327841827067,-5.160204359413826,,0.1356347858171358,0.1666666666666667,1,5
-0.19322437963514269,0.98082045707105792,-0.02560410329490866,-0.97671938347107834,-0.18980694874588741,0.099962833891666061,0.093185755705960951,0.044323280549821022,0.99466168204812799,-10.520968722903282,11.29709034444317,-8.8647613278052653,,0.08823576463777966,0.2222222222222222,0,4
0.91575374753974559,0.40039695140738418,-0.032823088986053059,-0.37270363022132469,0.87722274155286784,0.30260909722332718,0.14995692010294007,-0.26488213040170133,0.95254941032321139,7.73722776486541,-26.868517355970592,-4.5171556412126934,,0.5361737214828899,0.5,0,2
-0.55267819724628142,-0.78360112585581032,-0.28375356534519047,0.80922414011359156,-0.58599059050269198,0.042087039569496144,-0.19925637090446766,-0.20635964576392563,0.95797317042502206,-20.052977527192603,3.8385844609452553,-9.5583269320804956,,0.3724418989421261,0.2631578947368421,0,2
0.24587907615984961,0.96474217679976837,0.093893621777118186,-0.95930977937474537,0.22832835159754405,0.16610512048918286,0.13881003963242933,-0.13091484316300364,0.98162776893120263,21.423216115950748,-27.268729827293654,-3.1404598162235078,,0.3420936399878045,0.1428571428571428,0,3
-0.79175417587571184,0.60395720006435871,-0.091438643219335966,-0.60986456766111996,-0.79003880355039768,0.062481181136171217,-0.034504117071559912,0.10523492469269004,0.99384861851794903,4.2138091000684366,-27.629697089802491,-4.9244583079124125,,0.4949706956643571,0.6111111111111112,1,3
0.88462861334510257,-0.4376015734343166,-0.16104992821771885,0.46620823502698727,0.83674528749904242,0.2872406751161235,0.0090607971030843039,-0.32918412290989302,0.94422228059917201,-3.8279737078110649,14.825776100732849,-8.3566792656580784,,0.4234716820508551,0.4821428571428572,0,3
-0.166405151629092,-0.95165340958486,-0.25819588210660915,0.97700225851552269,-0.19452905915799018,0.087321429206551934,-0.13332633785890416,-0.23772722428997942,0.96213816807385599,-0.80307281787956319,-26.687226068871979,-5.7093443472402932,,0.5155559250615623,0.6818181818181818,1,5
-0.4042372519725454,0.91300399777847474,-0.05491761245910258,-0.91274681474586072,-0.3987909827066014,0.088651025279960813,0.059038091847299003,0.085961922689213502,0.99454766178328713,13.385707860813744,-24.757707435680331,-4.0276044802236708,,0.3052002077557763,0.8780487804878049,1,5
-0.99391683905373451,0.060778249772071406,-0.091844005792850847,-0.062419966454986937,-0.99793563448744038,0.015106859630904823,-0.090736237706838044,0.020747861933058751,0.99565880772080506,-2.9461456830279902,-27.871871283169291,-6.0315118481438148,,0.2679606663711095,0.6666666666666666,0,5
0.091574829409776307,-0.95208456947291864,-0.29180305548458119,0.99000760870348381,0.055490101794545214,0.1296371216590394,-0.10723332190965619,-0.30075874247376116,0.94765246451313656,-27.916456730627917,3.9920461038786064,-10.19912088340163,,0.2938366691677092,0.2439024390243902,0,1
-0.8817829673079316,0.46741503640098053,-0.063102950104492239,-0.46973837071660274,-0.88235401248587186,0.028235788046260198,-0.04248130932694142,0.054539713937204429,0.99760751699328964,-11.538897775091048,4.2372901607173796,-8.6522025982635302,,0.1090876733910041,0.2424242424242424,0,5
-0.49564733671456784,0.85209508250227262,0.16812997348242753,-0.86720267618491242,-0.49620555345711925,-0.041708118346909566,0.04788774400075424,-0.16647528072888113,0.98488209694397366,12.659189420398453,6.8069876574797306,-6.2244538322307408,,0.6890591100653748,0.2972972972972973,0,1
-0.78825575416994154,-0.55085738238048887,-0.27424261210631018,0.59474845721233216,-0.79637037483896467,-0.10985671905894927,-0.15788330710219747,-0.24970056138455565,0.95536510873210689,-17.000301329883602,16.879896624558494,-9.7623450511668679,,0.3721361065183395,0.1111111111111111,0,1
-0.079497498124989213,-0.92820040842087403,-0.363488857599778,0.99156860098679878,-0.11106595671981533,0.06675374742286555,-0.10233209334783966,-0.35511738209391613,0.92920384609934426,-10.322663069068975,8.0743422226915964,-8.6807833266818051,,0.2496847152024038,0.2222222222222222,1,3
-0.70396033071724617,0.70444123591919949,-0.090567090673680892,-0.71018371674068193,-0.69656370535950984,0.10216698513814806,0.0088848890175656173,0.13624077771525989,0.99063591154100861,12.780519790901643,8.9393110709718737,-6.3463099102532921,,0.09813753188287576,0.3571428571428572,1,5
0.38981437809108416,0.91867881872796764,-0.063827726373789737,-0.90806394269432078,0.39498840319808548,0.13929837514297055,0.15318167844721703,0.0036591473887422374,0.98819126894973164,-7.2029678679052171,11.035824984079035,-8.4996229519500428,,0.07767259573159886,0.3,0,5
-0.92724524579401102,0.36378448515229966,-0.088753042285213579,-0.36970188534381915,-0.9270330478384633,0.062691659641094591,-0.059470750168718778,0.090942710415984368,0.99407879632178275,-0.0076202988307601058,13.228454177773896,-7.8634696206823627,,0.08574235703882682,0.4782608695652174,0,4
0.97775116531041761,-0.14996440238877112,-0.14667425387674329,0.19147906052520872,0.92360241136245569,0.33210593958229689,0.085664625806128686,-0.35280201776865672,0.93176837687477898,-22.341949142767938,2.9318035387981363,-9.7368344810319503,,0.629004240974612,0.25,0,1
-0.96275128732159732,0.26117688413135359,-0.069975666885318255,-0.25950653405098084,-0.96520625218332112,-0.032144199026784517,-0.075936272923120274,-0.012787726211643466,0.99703066979550892,-23.64251141360128,3.3497170530417684,-9.8450580880662617,,0.06893281794850017,0.2666666666666667,0,1
0.47561427401083273,-0.85547919226516766,-0.20480823703769038,0.87863127981760136,0.4507819712121317,0.15748869342333607,-0.042404439428360516,-0.25485479401306699,0.96604911753250133,-13.820849171160699,5.057459240074623,-8.9358827740331659,,0.5621805516645053,0.6137566137566137,0,5
-0.63967620278212611,0.76722410758536974,-0.04670679109159994,-0.76837882975255845,-0.63667598398443281,0.065097353291385843,0.020207166608153269,0.077529737245061056,0.99678523778213257,-18.660435097774112,8.8462054697168284,-9.5442181146656893,,0.200483689603118,0.3333333333333333,0,1
-0.23657927050571415,0.9655773240715203,0.10812344799286683,-0.96827745920815744,-0.24351487526610802,0.056029166632440147,0.080430160738233364,-0.091438158134412736,0.99255732956872944,-15.065622581803828,3.1023160296859729,-9.0531025706533157,,0.407233372406035,0.2679738562091503,0,4
-0.19285823551324915,0.98012030117264426,0.046582144905132732,-0.97719224770743396,-0.1961492642778791,0.081368158045640654,0.088887637021183907,-0.029827191495234568,0.99559496113243651,11.504546058377461,14.161448303038021,-6.7950352822866344,,0.285195021958329,0.6296296296296297,0,5
-0.96949953618689977,-0.22444977914450237,-0.09845276012063349,0.22806468190362511,-0.97327160682451008,-0.026997781713224266,-0.089761629895992304,-0.048627934268492212,0.99477543888417075,-17.142572793817251,9.5563102346117201,-9.4096921591483884,,0.4575982469039068,0.3939393939393939,1,3
0.18673532753087502,-0.96108582003907428,-0.20357790639398729,0.97752526395053252,0.16113418929271889,0.13594164696450117,-0.097848228345635682,-0.2243876546532817,0.96957511552680731,4.6963115755605402,18.025752031431441,-7.7382301815220913,,0.08350605659171129,0.1666666666666667,0,3
-0.9685474734100481,-0.21989055668311347,-0.11646430711854916,0.21053942754444582,-0.97366757376696655,0.087433433216398571,-0.13262330564523828,0.060163102283209112,0.9893389004397789,-0.95162053256071999,17.063641261586969,-8.2224293522662517,,0.07664754268412648,0.5294117647058824,0,4
-0.90736476571332347,0.41817786359440473,-0.042619905462429032,-0.41802960502879988,-0.90834375636469522,-0.012762037170497724,-0.044050326462722125,0.006236559379590583,0.99900984683116789,-17.382108976357706,3.0224189138745974,-9.2600716986473905,,0.5561344785519174,0.564935064935065,1,4
0.39126920930022763,0.91843401169915262,0.058201134076366755,-0.9036674123459274,0.37147749685805626,0.21304853248048361,0.17405060677167902,-0.13595379907260141,0.97530659323114222,-24.22167870202232,8.587383630511809,-10.116520108552862,,0.3681256603870222,0.4722222222222222,0,3
0.39327970448831789,0.91675153322653868,0.069983572103548275,-0.90368482397676275,0.37140653931668377,0.21309838447743351,0.16936591437378715,-0.14705036171188296,0.97452110196174602,-27.292473103522649,1.7972908397426248,-10.149502823284266,,0.3960295716138597,0.2173913043478261,0,2
-0.89348226834705391,0.44527776896347426,-0.058456347955666281,-0.44673022030064474,-0.89455922262160859,0.013996695780072335,-0.046060247714708048,0.038620016695148668,0.99819183922276467,-24.339718060666392,4.499978530637053,-9.9335433884197197,,0.4634698027883246,0.7272727272727273,0,1
-0.99054224711226724,-0.068152900768360627,-0.11908500662400327,0.069060708552917793,-0.99760629022981417,-0.0035083084352231599,-0.11856085028351422,-0.011699222656471386,0.99287786407457201,-17.574012412346327,7.8058126232173333,-9.4022471037444504,,0.129745611077278,0.303030303030303,0,3
0.40382634892794683,0.91193776187558107,-0.072758493503379124,-0.90216611560748294,0.41016262313614471,0.13365224439485818,0.1517253431738752,0.011667949581394643,0.98835382287485307,-23.703053011061723,12.206835402445424,-10.127160339906144,,0.1093898682606142,0.3333333333333333,0,1
0.95689146704690353,0.28609395186451281,-0.050089629658939649,-0.26574427831081798,0.93199016917518374,0.2465244472783043,0.11721219577282237,-0.22258610753449268,0.96784127102265882,-20.270322376549689,6.3182452580692807,-9.6331677160853566,,0.2108656411432019,0.4516129032258064,0,4
-0.17669884949220438,-0.94254013963969452,-0.28354118176398518,0.97580771508771125,-0.20543710280568026,0.074799063938721072,-0.12875099907741247,-0.26346476416931786,0.95603843974903768,-26.38810569515406,3.3284803035370469,-10.074153819977413,,0.2166605444098421,0.16,0,2
-0.98937004369835135,0.10595253064505822,-0.099604105749869304,-0.11034698710577193,-0.99310064538121412,0.039681867144759783,-0.094712507458105624,0.050251063603905924,0.99423557145058683,-4.2851685513148547,5.3106096324703307,-7.8928302998884652,,0.08314899994767352,0.3106796116504854,1,4
0.18013750141613999,-0.89217500271077399,-0.41421521594647082,0.97879138921606246,0.12081533469027954,0.16544204816239011,-0.097559709819377075,-0.43523260383581897,0.89501658285098395,-5.4538765847672268,-31.046875963679678,-6.0927179139591106,,0.4658499520355789,0.2777777777777778,0,2
-0.89777890058817245,0.44008850986588444,0.017752440472190781,-0.4378573976804202,-0.88741258765701414,-0.1441519981284084,-0.04768589891386707,-0.13718965978494069,0.98939630699374914,-22.443838790262273,4.443254947496996,-9.772233520314364,,0.5650438110129163,0.6140350877192983,0,2
-0.98673761187326547,0.055549753906896385,-0.15252249065475196,-0.045706597989307665,-0.99668512432837952,-0.067302821952476305,-0.15575555275780528,-0.05943894164103336,0.9860056896396211,-18.231637935249161,6.1870896130233577,-9.4429133214268557,,0.6446995406370041,0.8947368421052632,0,3
-0.81811236158850442,-0.56271171408448595,-0.11852295409826712,0.55346994463111487,-0.8264366028249045,0.10331293191687442,-0.15608710454778224,0.018922693870862407,0.98756202207788368,7.6907801580807842,-9.8211402496669997,-5.7097470324045441,,0.3199597883840822,0.946236559139785,1,5
-0.086439956529657205,0.99625413385989292,0.002415508688841455,-0.99053466646306632,-0.086202698037794886,0.10681839441737634,0.10662649037669955,0.006840732276565625,0.9942756136664862,-6.9978346909992961,11.958247790621121,-8.4999408428415641,,0.0960773524790081,0.3513513513513514,0,5
-0.92049016962353258,-0.3700727521961697,-0.12547511987797416,0.36291095712275179,-0.92866576285652913,0.07665205866999289,-0.14489128623449993,0.025021170637127107,0.98913116227993692,-0.098385190251692636,15.39240622204848,-8.0070387295831598,,0.1603110420321883,0.2608695652173913,1,5
0.73934933753877152,0.67159987496186557,-0.048126552257436346,-0.65834419566985258,0.73604583773368926,0.15754188263038837,0.14122845714938456,-0.084794650221103399,0.9863388820203155,-3.5783723245372494,-25.354177238416373,-6.2794181928834822,,0.4885421308554023,0.7894736842105263,0,2
-0.81034585174329399,-0.55625436632175518,-0.18417567839000348,0.56164331943035239,-0.82695635059498729,0.026457058602100347,-0.16702210123720221,-0.082001671681757399,0.98253719702599895,14.087028322601295,-27.966631036983195,-3.7553177016197248,,0.2628190701610003,0.631578947368421,1,4
-0.41782690016718183,-0.89135136436960893,-0.17582214517267428,0.89572747692740196,-0.43652272685419169,0.084381253943343074,-0.15196370808174664,-0.12223196871611614,0.98079884647659943,-12.123913486611341,10.925136195766891,-9.0039654863060452,,0.2203317578510174,0.1956521739130435,0,5
0.77111955903620044,0.63588766336868019,-0.031960995718773651,-0.61500630755502661,0.75690733959864986,0.22103963655694189,0.16474789024247694,-0.15079177310852607,0.97474097781074054,5.6832679335683221,20.008723444586909,-7.7585614027409626,,0.2942650044847528,0.1538461538461539,0,5
0.94241758943169096,-0.30132094968856887,-0.14510262715933206,0.3279481210799669,0.91767865643279389,0.22431208930376761,0.065567652160806178,-0.25898179242271274,0.96365414656070392,6.3885803805345747,13.304836623723848,-7.2339175518273651,,0.1886432840620146,0.3636363636363636,0,1
-0.95674054451612167,0.28152760447744146,-0.073414837711383032,-0.28215338379627375,-0.95936738984308711,-0.0019181548359503251,-0.070971814766905325,0.018879068378907727,0.99729964518485459,-20.721682031196814,3.0347376950958735,-9.5794853029368561,,0.08111298116539065,0.2903225806451613,0,2
-0.88155206143775255,0.47016865877383296,0.042513471766773031,-0.47021900377768394,-0.86649362731765245,-0.16757948055838834,-0.041952967251095347,-0.16772067888221776,0.98494148172067364,-24.839706496848912,2.1671040438165075,-9.9711601365791136,,0.1651742071970843,0.3333333333333333,0,1
-0.42476275127897262,0.9052085211120533,0.013196152168260113,-0.90331253229921316,-0.42474949327734884,0.060119355883261637,0.060025612175975726,0.013616213378377108,0.99810396483339048,16.151317646632577,5.4809722040749769,-5.7168736652057124,,0.1411534993383941,0.3333333333333333,0,1
-0.29367905306896108,0.94998054652534747,0.10625241179343456,-0.95251789399260545,-0.30017296592704756,0.051047547937700784,0.080388279073573113,-0.086215727973280948,0.9930279819006248,-6.8010477138458256,-24.454131673324362,-6.8615774748995895,,0.1807172951728162,0.1363636363636364,0,1
-0.73902142241920032,0.67357231037232501,0.012152362123909917,-0.67362122857720907,-0.73907674300767112,9.1407351124394291e-05,0.0090430976790709956,-0.0081185371133757726,0.99992615314307354,14.066877346235877,7.5380771174703751,-6.1065346791976713,,0.199779976844003,0.3333333333333333,0,4
-0.25686627624353842,0.9664422601552034,-0.003012293956471439,-0.96276508009158002,-0.25561463918509231,0.088003163525679953,0.084279989825763194,0.025505176344754209,0.99611564052302271,6.142699559967272,-28.920106822664955,-4.5239677047686646,,0.3661963657801433,0.1818181818181818,0,2
-0.31084702497572342,0.95045654869478879,0.0025448196267593755,-0.94726528872131188,-0.31002044226647668,0.081091295221049797,0.077862698691165549,0.02279636857240561,0.99670342917662302,-17.451701332025966,6.8756034377862338,-9.3813736576356153,,0.068411362534887,0.2631578947368421,0,1
0.72891838698550815,-0.6501139635235802,-0.21454561180808771,0.68442808766212981,0.69905982760853647,0.20705929161252995,0.015368081650123192,-0.29777036765867848,0.95451381876367325,2.4525312225613911,22.057616982874958,-8.1918732783309967,,0.3524431768656531,0.2173913043478261,0,4
-0.33266638188264697,0.94202931762761588,0.04374749244423138,-0.93926020560740864,-0.33512645529194024,0.07403056886035414,0.084399908337849799,-0.01646279725648905,0.99629595591824749,-8.1217989404575981,19.490563186376956,-9.1202703078732341,,0.5667149377539438,0.12,0,4
0.8133873429099302,-0.55898732357392122,-0.16104099626365223,0.58156218889689615,0.78788092252287678,0.20255634369219921,0.013654700266787756,-0.2584121204745749,0.96593826156357376,-4.1177289690126182,-24.60415846252128,-6.3962617082398081,,0.1885657344744372,0.2631578947368421,0,2
0.76446881255092813,0.64447219983669868,0.015589043415846464,-0.6268329116153617,0.73746281854811313,0.25145395637150231,0.15055874452446427,-0.2020004329122084,0.96774371067473131,-11.00600541654339,-26.297572860336086,-7.3805074927745666,,0.289831553666256,0.3571428571428572,0,2
-0.94766210584046151,-0.26166334596466317,-0.18294487293334896,0.28823023029837141,-0.94760967218279091,-0.1376925688908836,-0.1373312327774347,-0.18321627265120302,0.97343306392357032,20.04330182431729,-28.722492018471151,-3.1651715919915757,,0.4857436870601317,0.3333333333333333,0,2
0.96281430376846944,0.2690500622431537,-0.024508783441723709,-0.24515953647733971,0.90821699584655913,0.33917353984305337,0.1135139556753005,-0.32055257363247996,0.94040450307542633,-5.4386510387478939,-26.412797076948273,-6.4464292974943165,,0.1691513054471455,0.1666666666666667,0,3
0.94450078060543918,0.31872233769052771,-0.079588610320834405,-0.29681595678724398,0.93177827091859733,0.20902043354758859,0.14077841891493614,-0.17379679312643925,0.97466717984488249,-6.7353447965565287,9.3167736865333008,-8.3735426641570001,,0.09730040168767984,0.24,0,3
-0.84365994314666892,0.52936494420309177,-0.089502269125519909,-0.53584753276453956,-0.84058091338224639,0.07931676801044707,-0.033246382659093333,0.11487595007800899,0.99282334487750612,-3.9126014489797716,-30.869726948529145,-5.907740764804144,,0.2279545514837965,0.5151515151515151,0,2
0.51615027101893851,0.83715123226886834,0.18101577842218838,-0.84197853997377847,0.45718931513745031,0.28644383105204341,0.157038326375121,-0.30025946185734653,0.94084176119814977,24.585548273223282,-18.978510552478376,-3.3971778759894771,,0.4532367416196522,0.2222222222222222,0,1
0.67292572123567351,-0.68311969893713542,-0.28375773227083428,0.73970208598430642,0.6196566485889291,0.26242420210415446,-0.0034347765450681985,-0.38648818194554674,0.92228796345095576,-9.3630157189853644,15.167581666635128,-8.9285324726607556,,0.4124928980701501,0.25,0,3
-0.75183479336203407,-0.62907890281647261,-0.19749475314926976,0.6445524527477362,-0.76432061472866741,-0.019134616736923085,-0.13891212743005904,-0.14168179816763676,0.98011718121908264,16.124370995230809,9.9728695065694382,-6.0400396332312685,,0.2568324034214454,0.25,0,6
0.027952511661812944,-0.94461502338072922,-0.32698794273676351,0.99328776831957533,-0.010482549309171717,0.11519342631720564,-0.11224110832717624,-0.32801306950090486,0.93798153491317815,5.7106097412883425,-21.709296006831767,-5.196123179210641,,0.2861745847410729,0.3421052631578947,0,7
-0.39574359619870753,0.9152071137931882,-0.076045676603318624,-0.91603498551210949,-0.38749572902692803,0.10357106402716153,0.065321599686039039,0.11064808560581507,0.99171068854087929,-5.7018082926840785,8.642866830577864,-8.2404590185995517,,0.06970651687536511,0.2888888888888889,0,3
0.86428334050023781,0.50208443628396915,0.030422461688013477,-0.48859261477375293,0.82360767509049027,0.28800634423669075,0.11954733005089142,-0.26378327538614926,0.95714514025003405,-18.836336547671738,3.9499835982650855,-9.437842316041186,,0.5017938879610603,0.1666666666666667,0,3
0.98314556775782302,-0.12995007594731744,-0.12859926267065377,0.15907871060068582,0.95471638168003292,0.25141717201776365,0.090104142145478516,-0.26763708321731683,0.95929746963867024,-7.3712514349437788,-25.616323811335761,-6.8370974654215653,,0.7591369286172384,0.8709677419354839,0,1
-0.39825587704183935,0.91406130593954849,-0.076708444031425349,-0.91497765340901871,-0.38995305566768856,0.10369430137455808,0.064870256387349501,0.11148337705469609,0.99164676497063187,-1.9997710868352807,11.701025869694492,-7.9626273150748101,,0.07140438513647504,0.3888888888888889,1,5
0.39770396517156759,0.91247968183973227,0.095981176886274597,-0.9045742797349301,0.37243721613174907,0.20745093994018235,0.15354780535339785,-0.16932616534279199,0.97352540860599046,5.4311442843377664,24.462015703342185,-8.0817746026297481,,0.410451377322105,0.25,0,3
0.96843112916813778,0.2395103421321263,-0.069108205517700277,-0.20619229301465691,0.92543652105629104,0.31788674680864853,0.14009242077815182,-0.29360184179766274,0.94560672170492543,10.262700706695977,-23.002075963682142,-4.5072522272344617,,0.473444900947317,0.4418604651162791,1,6
0.31774674834466438,0.94744504859946754,-0.037214026935345278,-0.93640286391672556,0.31972535006223768,0.14465606442915724,0.14895193978241944,-0.011116672700569475,0.9887819472578987,1.8805606046135244,13.29756356370452,-7.6928296407381387,,0.1735983515026878,0.6153846153846154,0,5
-0.91743614640140525,0.38837813881695676,-0.086448473469554518,-0.39495144241197666,-0.91524793218350431,0.079590079598640368,-0.048210739600616961,0.10716176520987181,0.99307204203132493,10.133535891639703,-24.668915607873185,-4.4121072270134407,,0.1333106790520432,0.5714285714285714,0,5
-0.9912710382599873,-0.005767132947961157,-0.1317135865601102,0.019003675505756688,-0.99486002194944778,-0.099460530081114398,-0.13046297951617924,-0.10109538517808271,0.98628552360432442,-3.5630526853035409,8.3206694589461936,-7.9713292902180077,,0.167949681007442,0.24,0,2
-0.76728099158661112,0.63989337203109076,-0.042618685814387949,-0.64119649874152429,-0.76419198305757752,0.069840267984419308,0.012121466556300111,0.080914062196910594,0.99664737223720057,-0.9928841606635419,-30.865699579774642,-5.3308524090249394,,0.2282479485433968,0.4444444444444444,0,3
-0.65944335969327017,0.74851681085675059,0.06969246172501084,-0.75059703283027968,-0.66073465555142707,-0.0058145730468027413,0.041695919018919649,-0.056145336566596475,0.99755157837526942,-15.715855626033038,15.907830250409294,-9.6179632373203443,,0.2334499669302649,0.2,0,2
-0.46887546315637274,-0.87053354326474108,-0.14942272283971175,0.8696622594674932,-0.48457555134179014,0.094202385849273707,-0.15441293504040529,-0.085778115465055163,0.98427575424749347,-2.690464647983227,12.600697580667001,-8.1170940881079101,,0.1969280736389012,0.3478260869565217,1,5
0.9928853746678602,0.050452312070950384,-0.10785729913807461,-0.017451083033367485,0.9576745244030157,0.28732379819712289,0.11778833758750139,-0.2833973703409296,0.95174147645892782,-2.7920331259524693,-26.091127281061144,-6.1148347150424822,,0.3119853138311973,0.3846153846153846,0,2
-0.99343586805191664,0.051711530941721068,-0.10203476679837087,-0.048278853240000058,-0.99819099823319057,-0.035831318368935376,-0.10370307805347458,-0.030669995335651772,0.99413531422455026,-18.707652414860217,2.6522956663313413,-9.4002881690896558,,0.3546351548671429,0.6835443037974683,0,3
-0.42035052441662818,-0.89201766536759763,-0.16616233416393639,0.89700608647877955,-0.43611401904318797,0.072004466625499267,-0.1366949795811484,-0.11878150978220356,0.98346603169157309,-4.1234442717624944,19.218496599472434,-8.6339041478868666,,0.4322126480975313,0.8271604938271605,1,5
-0.53120320044218305,-0.79767608105260146,-0.28554514451579355,0.82778167557929583,-0.56046030065522523,0.025724481813774493,-0.180556521386282,-0.22270411111162214,0.95801994837209248,10.015714213697525,10.872143354514327,-6.7678086090454403,,0.3832322065098149,0.4,0,3
-0.55150138040673757,-0.81524564328516891,-0.17669399682505962,0.81798776311218846,-0.57005354655658091,0.07703877891673655,-0.16353056842126129,-0.102046534300853,0.98124627796950326,-16.091217866970588,4.8248630859376211,-9.1888087535681819,,0.09859088263464377,0.32,0,5
-0.5170440209552748,-0.79607881665229463,-0.3145218562705685,0.84142378754452829,-0.54013605396191977,-0.016095122387423992,-0.15707160834670869,-0.27296805836567845,0.94911377029492594,-10.430397489384184,2.1844164551911991,-8.4417328352007264,,0.6910264155184889,0.237791932059448,0,1
-0.94858160341078568,0.31577037760705484,-0.021954732895690596,-0.31300214541699822,-0.94607282392099701,-0.083521666665039823,-0.047144444370247438,-0.072355237986256385,0.99626408190849314,7.955484447590119,-23.208843024402295,-4.7654448297547845,,0.4031174036173155,0.2,0,3
0.69492594252740381,0.71564337977994852,-0.070231669348899808,-0.6982540137518517,0.69490823850541195,0.17188331023323764,0.17181171869761799,-0.070406626353200594,0.9826106249597204,-13.98871452321146,11.245898672365648,-9.1605752511453282,,0.1274544225864392,0.2666666666666667,0,4
-0.99079972441442477,-0.044075362377047997,-0.12795807333510711,0.06675217752595157,-0.98162760174873598,-0.17874954064435752,-0.11772872587369916,-0.18564647563677816,0.97553848370415353,-0.42725134984286794,11.669084621669027,-7.826786351959389,,0.2212567092377921,0.2222222222222222,0,1
0.81170755037814957,0.58398113582794686,-0.0098430511634078188,-0.56265708497426947,0.78636676232708136,0.25503787921695276,0.15667755865905564,-0.20147790971797538,0.96688096191222728,0.11089286664803896,-26.798830351363037,-5.5812607132297964,,0.09999126392695992,0.2857142857142857,0,1
-0.54572193833448446,0.83791499050084262,0.0092754899830952958,-0.83706920035706667,-0.54561635318985413,0.040223736094316377,0.038764930466002948,0.014186748245375608,0.99914764491549912,-5.5204702429531389,-22.596952101713242,-6.7756907500061665,,0.206631576646102,0.2352941176470588,0,1
-0.91442921605782868,0.40394217914690378,0.025493621278995782,-0.40115624287022389,-0.89614957561314801,-0.18970926950104833,-0.053785477836606317,-0.1837026239181852,0.98150928082186906,23.051558242786257,-27.588988483969736,-2.9219435134900542,,0.2761506627811819,0.1176470588235294,0,1
0.3493023634178658,0.93640447996604137,-0.033682470369935873,-0.92449156593884252,0.35026923100697571,0.15042210714429199,0.15265386801073957,-0.021403637758805882,0.98804791425924765,17.769741015989766,-27.551288332250255,-3.4057020704087249,,0.1601542017006115,0.1666666666666667,0,4
-0.97861020532310306,-0.1663338646829787,-0.12105829792747895,0.16507444538960361,-0.9860694931763081,0.020429931628195393,-0.1227700839650625,9.3081952172351042e-06,0.99243513964216745,18.052267021733183,11.90908586592229,-5.9705471110982433,,0.1378341052210413,0.2727272727272727,1,4
0.69848944533197832,0.71122533863616078,-0.079189724344166434,-0.69747818018534169,0.70135958518382369,0.14703373910813514,0.16011459310497017,-0.047468410049779988,0.98595642252696769,14.888608944860017,-27.901701175774015,-3.6473792982521158,,0.1161131996331763,0.4736842105263158,0,1
-0.99493353628855286,0.021783300442150891,-0.098146554652734724,-0.013356807745654002,-0.99623066630192825,-0.085709131406527014,-0.099643635296996713,-0.08396396454112133,0.99147425513895038,5.4000708751183346,6.8616490560895196,-6.9441928105902049,,0.1709314976532366,0.2875,0,2
0.093547156529461523,0.99328365192184587,0.06809196964439633,-0.98968631265642015,0.085319914442299458,0.11507178081569716,0.10848931765749836,-0.078154328250965341,0.9910206702838491,14.508999760628276,-31.705392536893633,-3.4363440450030782,,0.5673656834772804,0.8285714285714286,0,3
0.34819518597882737,-0.9034808868195533,-0.24996479674730404,0.93269104728930052,0.30713856568919429,0.18908546155844289,-0.094061271347748707,-0.29897857551693496,0.94961270453501567,17.373193567612315,-24.060177253102321,-3.6719674683617489,,0.1754146346192207,0.3157894736842105,0,4
-0.7456680355371107,0.66043894437574269,0.088315239512109067,-0.66630767058910989,-0.73835364083205901,-0.10424964836466473,-0.0036426490827805359,-0.13658075201834688,0.99062224348424677,-26.02912107542592,2.333935754803699,-10.051250166750382,,0.3391497905656097,0.35,0,1
-0.95998260529506041,-0.24924359909733357,-0.12771462657000848,0.24368058462437633,-0.96813602543440014,0.057727020823914295,-0.13803322139264576,0.024295360978799831,0.99012956991844214,-2.5317567477803227,18.377098862462162,-8.4131679521439953,,0.08919706562958019,0.5714285714285714,0,3
-0.93221977538114864,0.35097889918040981,-0.088204890558448018,-0.35669916441311045,-0.93227542152719878,0.060234911166790119,-0.061090068712587875,0.087614786117356847,0.99427946411373691,16.526190318597322,8.1857750614362814,-5.8779583696332578,,0.08268133656225221,0.1666666666666667,0,2
0.15105186362585996,0.97086749503979619,0.18600978890990233,-0.97955342091823894,0.12171197191387548,0.16019142130654662,0.13288502572724356,-0.20640373777620341,0.96940139620772281,9.7880512560236639,8.8466753245297909,-6.6216414801884573,,0.7551036751435207,0.2266666666666667,0,1
-0.40423310791078992,-0.89023322284958262,-0.2099533362526789,0.90290962006135322,-0.42505616899391951,0.063886392924281707,-0.1461157502442739,-0.16374389190152747,0.97562191723817615,-3.7453425499338464,5.940577156210181,-7.9483864821459456,,0.3520693003009213,0.3,0,3
0.31372870224550264,-0.85944327684067912,-0.40364781094502322,0.94634991236130483,0.24835431026055035,0.20674133584930882,-0.077434777465317101,-0.44685276150916053,0.89124994517280842,3.5177838287871164,-29.727479314484775,-4.8281827895489267,,0.4436955444825307,0.1538461538461539,0,1
0.4022282703972882,0.90557252337748562,0.13472499173107902,-0.90289498487209774,0.36798273235071083,0.22219215779257026,0.15163464243377686,-0.21101448669567305,0.96564994776499713,-13.468938735840913,16.598325822580694,-9.4199039660113026,,0.4552922307174382,0.4516129032258064,0,1
0.9770623446809662,0.19896855747238287,-0.075899194619512458,-0.16986574447845113,0.9431393110985461,0.28571641309756735,0.12843209668658798,-0.26627007529558649,0.95530384880558705,-6.5231299658044373,-22.8498447222828,-6.9278402679487838,,0.5951548178964114,0.2580645161290323,0,1
-0.77241336120631465,-0.59751463750380807,-0.21529945981970597,0.6157781900002639,-0.78757027244521804,-0.023458190053026622,-0.15554684230148452,-0.15069613110248786,0.97626628330634224,7.2421047270292682,-30.152566276416344,-4.3670389877897735,,0.3779124199751921,0.1379310344827586,0,2
-0.86424727792004741,-0.43427727117345211,-0.25392891593894912,0.47935640942284341,-0.86404299388945771,-0.15377625777662463,-0.15262396716449605,-0.2546231655853089,0.95492039887850777,-47.560103765523458,-25.678675762902248,-9.7747265770211378,,0.6791210578028135,0.3684210526315789,0,1
-0.40893548692127502,0.9125404595224198,0.0064557936049942947,-0.91214531437990398,-0.4089520452252377,0.027370607608892667,0.027616896843141159,0.0053041908624743422,0.99960450807709389,0.39757548099203788,18.651918350781536,-8.1716894531778088,,0.1790384389585503,0.3636363636363636,0,3
-0.59417732957978386,0.79580412493443553,0.11682934456195147,-0.80379477956785206,-0.59279997307231358,-0.050021438053424877,0.029449165572313005,-0.1236284217435549,0.99189150615593669,1.1448777906750278,19.391693289696022,-8.1330510987723255,,0.3106498245840723,0.375,0,1
0.85953476024565234,0.5101104828089783,-0.031421191222474332,-0.49369668300933456,0.84463023312157803,0.20703466975984455,0.13214984341658798,-0.16244095735182823,0.97782889825346819,19.992253278206956,7.8189142127127651,-5.5053736202556376,,0.2596148020016467,0.32,0,2
0.98753380922995437,0.12165840194970945,-0.099880973477538368,-0.10086647099087792,0.97623509018493504,0.19180981132741715,0.12084258627497257,-0.17934403231403023,0.97633641098533319,9.4675741403824247,-23.756840975626798,-4.550742280933223,,0.1077447012905929,0.25,0,2
-0.94417635364839325,0.32515202515847103,-0.052982768392858037,-0.31698717845012753,-0.94046007817237598,-0.12269462116260989,-0.089722583051610086,-0.09905050176225523,0.99102919038300463,-13.486048865829847,3.2892917797719958,-8.8762028945524598,,0.3703537470226791,0.1868131868131868,0,3
0.92492261371558759,0.37828138887111346,-0.037700788735352146,-0.35173782694094186,0.88918581287182819,0.29262448852809592,0.14421740441566053,-0.2573942132628611,0.95548393981395763,17.15430473223277,5.1687078347036319,-5.6028999010436369,,0.4115529131686623,0.3157894736842105,0,1
0.012617532371758665,0.99817735056382451,-0.059015037899098739,-0.99277021941927601,0.01955094313996383,0.11842741260595258,0.11936536059950668,0.057094110411865941,0.99120743199656636,2.8948925199593627,16.201164892620405,-7.7649186881815142,,0.09226231841698243,0.3333333333333333,0,4
0.97235585812773651,0.2251832757332777,-0.061778454939439037,-0.19222536744565752,0.92214292660800068,0.33571093371710892,0.1325650529930707,-0.31455510683640436,0.93993701463879087,18.951279595273203,-20.909397621313836,-3.7146495657126004,,0.3889490865351435,0.2105263157894737,0,2
-0.84494031917771995,-0.4943577707801789,-0.20417211243729178,0.5110587462889018,-0.85881115431051913,-0.035529692842050417,-0.15778090781038706,-0.1343644138196074,0.97829003338961007,15.441043418157046,11.526540427572012,-6.2185925180773776,,0.2182346073841909,0.375,0,5
0.60366836579709671,0.79523736779986187,-0.056409511526082041,-0.78305084957110183,0.6047295068051608,0.14537396804504987,0.14971930777905426,-0.043586149794805157,0.9877673695887238,11.433770209239063,15.913573053422942,-6.9443231497413498,,0.1530157346674468,0.3636363636363636,0,3
-0.99049924640709708,0.097413110120803961,-0.097066620645649082,-0.097835306589244261,-0.99520253374221268,-0.00041184665762157102,-0.096641066072155918,0.0090886087864394966,0.99527780118857523,10.070831781597878,13.610516418656113,-6.9171931762233925,,0.08677095854658921,0.40625,0,3
-0.079020225805080987,0.99346454454054256,-0.082365057242543935,-0.99039175310692451,-0.068831697379532139,0.11994320661732062,0.11348999643804192,0.091051612707881452,0.98935818818655752,5.0835776988553452,17.009019294740678,-7.6315887344996565,,0.08410663885875726,0.2608695652173913,0,2
-0.84154955116845964,0.54013727970805991,0.0067876356517330982,-0.53971680304841885,-0.84024145292773922,-0.051962229446730922,-0.022363484418966996,-0.047392191882819769,0.99862598339577735,25.400538998876165,7.8775740605235542,-5.0308851973832178,,0.5479931320152113,0.4878048780487805,0,3
-0.8843682549442804,-0.41491953150835104,-0.213856428520867,0.44433675418869806,-0.88866453747267182,-0.11331455650328383,-0.1430302014396346,-0.19523606790594347,0.97027070411548788,20.822288832296362,15.081344084460056,-5.9103528146035336,,0.313741269794062,0.125,0,3
-0.031561146037431854,0.99935557769347716,0.01709746746570397,-0.99289511065719871,-0.033311504036254172,0.11423503373252571,0.11473096048509558,-0.013370603269094759,0.99330661614346849,-11.883123945627915,5.2222735232318653,-8.7212389869975748,,0.07364842734254479,0.2678571428571428,0,2
-0.88136974880023111,-0.42543569836900474,-0.20540650538162969,0.44986923164650966,-0.88855151657724551,-0.089965975824498015,-0.14423952411733501,-0.17169935626423402,0.97453285770201237,12.113988115514161,-28.724317091993068,-3.9089873455349311,,0.3405665782548302,0.25,0,2
0.9889772663498666,-0.084146773697492294,-0.1218330296736001,0.11249596153671511,0.9620132157236394,0.24874732442981606,0.096273699841001217,-0.25971117274650563,0.96087537249612098,-9.2704279674395238,11.363032558705003,-8.7423312541674552,,0.1112818261702994,0.5,0,1
-0.065357762506857306,0.99744852635350389,0.028719334172651531,-0.99174210710076227,-0.068112642775645604,0.10866582212202813,0.11034471388986518,-0.021380017992052316,0.99366339318061947,-5.0430770078783498,0.86876171953318226,-7.7625532733471765,,0.7119464370217052,0.3159828536436007,0,1
-0.94753985611686453,0.30798924304663011,-0.085503492546174592,-0.30553251496291634,-0.95130730420196119,-0.040795775178690881,-0.093904756910739462,-0.012531525827247035,0.99550231415601143,-9.990861362447033,19.255067595352841,-9.3315980787930659,,0.3692962347769732,0.2666666666666667,0,2
