axis_00,axis_01,axis_02,axis_10,axis_11,axis_12,axis_20,axis_21,axis_22,location_x,location_y,location_z,dbh,dbh_approximation,score,reconstructed,number_clusters
-0.14257524307238215,0.98977671360131914,0.0037890995531406411,-0.98948898569371557,-0.14262516310459006,0.023866504566253617,0.024162931396523594,-0.00034649958370793318,0.99970797370250375,-23.557532880636511,-10.063570647544113,-1.3569992391400501,0.2005445657263039,0.1659913558202515,0.3157894736842105,1,3
-0.95220482402169992,-0.28711807048834087,-0.10425539174956565,0.29275642387753897,-0.95520968514840421,-0.043221912002143488,-0.087175967951253847,-0.07167754877043718,0.99361092969734555,-19.685062069620155,-4.204766911535561,-1.5985811088858193,,0.08401378305331246,0.2666666666666667,0,4
-0.81836460710441228,0.57304970444217351,0.043513286219023402,-0.56850857690359158,-0.79614170436909693,-0.20725922066659061,-0.084127093292791263,-0.19435128711435681,0.97731786506289697,-7.5429775211191901,-18.607632505152051,-0.26894554035321189,,0.3564190878158206,0.3181818181818182,0,3
-0.00015874179934952955,0.98686379122295032,0.16155442542408632,-0.9998381547525651,-0.0030629908893623028,0.017728011388704053,0.017989972263110221,-0.1615254644317026,0.98670455823316028,-12.832802984406303,13.094248547163716,-1.8860018054875209,,0.7617836827961004,0.4352941176470588,0,1
-0.94292850482605806,-0.31154249029288694,-0.11758873895318218,0.31656932654165576,-0.94820379221931628,-0.026333057434892643,-0.10329422190740258,-0.062055178373873525,0.99271318040888845,9.0396086052143225,16.126043279887575,-1.1373874132839232,0.4692073183657118,0.4323564312663742,0.8354430379746836,1,5
-0.64668463747256177,0.76237969364943581,0.024003799032091978,-0.75517376067855801,-0.63551121260562149,-0.1607423087899888,-0.1072919887017883,-0.12207662087199378,0.98670447845182641,-16.870187486084529,-8.303979084883661,-1.2740676844651739,0.8647723988922491,0.5103088498149416,0.8222222222222222,1,3
-0.37887223363840145,-0.91464013758905383,-0.14102924976374692,0.9240509562219239,-0.38225467902041904,-0.0033452462308039077,-0.050849394128119847,-0.13158563401098602,0.98999977779731363,-19.297336207197546,-4.9863220151528838,-1.5493393498020156,0.2066108842504483,0.1480665532274156,0.5571428571428572,1,5
-0.98441066249333553,-0.11960965943014461,-0.12895416604529336,0.15317214007210081,-0.94336473542118293,-0.29428093969785768,-0.086451969758733774,-0.30944548039150016,0.9469791716770275,-24.890670881937563,-1.6999871431592941,-1.8717151384040094,,0.2894415105388775,0.1538461538461539,0,3
-0.53806645855909163,0.84285138282526184,-0.0092753783330315667,-0.84256854156958438,-0.53813045572663465,-0.022223082071300859,-0.023722119023826441,-0.0041423530738043885,0.99971000894260909,-16.086927885201458,11.24612631383402,-1.969624886346856,,0.6594135714774194,0.8846153846153846,0,4
-0.50289954031621487,0.85320775686302031,0.13830609523268667,-0.86391943578133412,-0.49115550661923468,-0.11139783120359407,-0.027115693408085558,-0.17550724186305289,0.98410464241594919,-2.5784059071850871,17.505644523765792,-1.6294039914877589,,0.5700336499154968,0.2580645161290323,0,2
0.39072274008135549,0.91299677998736839,0.11735680685846224,-0.91944386463663574,0.38095644944926071,0.097443129080816301,0.044257430623176365,-0.14597624243591756,0.98829763557286998,-4.3990575666228269,-16.229934581056924,-0.2641794913364488,0.2507402096748719,0.2529508681611117,0.4,1,3
-0.99613978815547388,0.03420571638406264,-0.080842386284792261,-0.019755079863580771,-0.98468598804052865,-0.17321443870598832,-0.085529288978396428,-0.1709487464806341,0.98156062818531442,-15.380105489724434,-15.600687358744349,-0.71556014765394316,,0.3817840452045726,0.1666666666666667,0,1
0.99056708988646025,0.072459276355059873,-0.11630345525379875,-0.058133962940361487,0.99080652972010186,0.12215917082585098,0.12408578801264869,-0.11424567359034574,0.98567268567165367,-13.769311368038872,-5.6433530555938614,-1.3859282064064833,,0.2023256586177859,0.1954022988505747,0,5
-0.63600264977943866,-0.75986853033670076,-0.13453789829439963,0.76842475198529003,-0.6396285140209349,-0.019969090808435556,-0.070880392280780496,-0.11608264579734751,0.99070721675720608,6.2280701254159974,7.9955488727262596,-1.1364259946809991,,0.0963186289850064,0.15,0,4
-0.43145443848448595,-0.87685906310725215,-0.2120501142624254,0.90064010463029986,-0.43219616954052875,-0.045319675263794018,-0.051908279142716361,-0.21053421213941742,0.97620739398719758,-32.729126094144505,2.5464839405194692,-2.1562184656282333,0.5259910089637264,0.304369350575085,0.3043478260869565,1,5
-0.21341836497958733,0.97670804822125667,-0.022225886467414319,-0.97695928513006536,-0.21340414953483003,0.0030371301366582124,-0.0017767069512668232,0.022361965502582928,0.99974836124460353,-31.455578130945664,-7.1617773454159597,-1.8102614809868767,,0.4546045730299317,0.7291666666666666,0,3
0.65370326008031521,-0.71862310853356959,-0.23717688682061064,0.75335276223716674,0.64764821894259572,0.11406752443230604,0.071635629333445444,-0.2532441754158084,0.96474645592920882,-22.202797613060334,5.3333623397055954,-2.0013955691684449,,0.3752916675563023,0.7108433734939759,0,2
-0.96373198534209914,0.2668539761664262,0.0031009406224381557,-0.26628496530018375,-0.96077691383226871,-0.077459919326197418,-0.017691175304523115,-0.075476335702718944,0.99699064442212049,24.635815675891084,-7.0322232176637245,0.62064533199660776,,0.2710564396919752,0.2222222222222222,0,3
-0.43987894640413561,-0.84831271328348812,-0.29474065378225889,0.89642806262308949,-0.434518835706518,-0.087235944186245376,-0.054067005208364327,-0.30258704846350892,0.95158700971058885,-17.714243764433359,-4.1223725319731042,-1.5527839250987308,,0.2435657366545175,0.125,0,1
0.91412489483170578,0.40281406241414514,-0.046005518911714893,-0.39257372754718689,0.90776661481502396,0.14780271129779399,0.10129928473898547,-0.1170495798740224,0.98794627928986345,-15.415735122242387,-7.7531746182948966,-1.2883488611933018,,0.262543487376894,0.4150943396226415,0,6
0.89551660711882808,-0.43059087668439344,-0.11243443996635658,0.43960024463157527,0.89523565660317661,0.072833673984901426,0.069293804154787655,-0.11464997192518228,0.99098625249965688,-25.468160819465851,6.5194179232858538,-2.0721260436820526,,0.435499903247785,0.5555555555555556,0,1
0.58301778563506224,-0.77723209924453085,-0.23664430172122944,0.81165100100416721,0.57017392168702996,0.12698169788188252,0.036234157946911837,-0.26610517268924366,0.96326274861322558,-11.990809924811879,8.1988253454779692,-1.8403033006349736,,0.0896423214765686,0.3555555555555556,0,5
0.87478823278898143,-0.44791967458187176,-0.18469843772051897,0.47833957460932058,0.85906315531832178,0.18221346420367193,0.077050627100009275,-0.24774676647132771,0.96575604609367915,-10.662332058698723,13.470807298594787,-1.8346382249123889,,0.3786302863580589,0.3783783783783784,0,3
-0.27420642388845312,0.96128903525476717,0.027096638117390964,-0.96165501155166444,-0.27393128813854656,-0.013464328290883064,-0.0055204941693755057,-0.029749623152494058,0.99954213721403995,-7.8251852536860449,-13.835879302147967,-0.52590994986918327,0.2578222111274572,0.09323456225832343,0.1923076923076923,1,5
-0.93058659708925751,-0.35077512347636103,-0.10471579664968783,0.35626874357852545,-0.93357753669505916,-0.038801615009734287,-0.084149674193154583,-0.073415228178684774,0.99374495551155217,0.23468374503917111,10.581108621359833,-1.4888491035719715,,0.1155833323066016,0.1578947368421053,0,5
0.60122072891913669,0.79885774360075157,0.018972100755001244,-0.79806564781519496,0.59908835031171304,0.064686708821081476,0.040309513706506671,-0.054031972108245792,0.99772525732029005,-15.602064755122147,-1.3304649987098427,-1.6773699909436373,0.5467579052873865,0.4083229771393821,0.4365079365079365,1,5
-0.41363167965150832,0.90109445934450882,0.1301445693346466,-0.91027395770183128,-0.40654218571286166,-0.078260930007604271,-0.017611232737034341,-0.15083841213178353,0.98840154689632376,-21.467739950054707,-11.30726679044542,-1.2409726656567326,,0.447364062700943,0.5789473684210527,0,2
0.26495592771062443,-0.94420944087401593,-0.19561924275331233,0.96410417125504422,0.26305745876690251,0.036109837381561954,0.017363851520495941,-0.19816484337913315,0.98001489351381643,3.2327470557898028,8.8261004355268415,-1.2883809255769825,,0.0720142404850013,0.2272727272727273,0,5
-0.05571888683475,0.99824502055745445,-0.020057033233857293,-0.99836077295483361,-0.055439631151974103,0.014220208253057157,0.013083297555416382,0.020816489376953226,0.99969770485637122,-13.011323719506937,-8.0275387330278676,-1.224207368487118,,0.08127460402049079,0.3442622950819672,0,2
0.10212541320369833,0.99379732774192364,-0.044014444799239848,-0.99435067456864468,0.1032691406643519,0.024540182789204411,0.028933301969445744,0.041259616569446739,0.99872944688623611,-23.278774759395557,-2.6000962991529124,-1.7905122975972614,,0.08592777049973585,0.4285714285714285,0,5
0.49073359773605479,0.8712376413199252,0.01120305316963109,-0.86912593141906769,0.48855347704554464,0.077042945177654407,0.061649423257370523,-0.04754442568800496,0.99696483197655084,-13.233570757640267,-14.113183955620384,-0.71441625051097135,0.2970992587696579,0.2524115672851176,0.4947368421052631,1,5
-0.43929127070280488,-0.84600196533672356,-0.30216527618294142,0.89444894619383331,-0.44319256811435426,-0.059509916996596551,-0.083571898010355042,-0.29641359991505439,0.95139619278633991,22.761541172501921,-4.6316261524522497,0.25458745352347534,,0.2416442927938529,0.21875,0,5
-0.040141387319688179,0.99788667220887439,0.051096560079402997,-0.99913823575438887,-0.0395463207284696,-0.012604537692725045,-0.010557219219903153,-0.051558490520362134,0.99861417333102376,-29.054596637756877,4.617970327273877,-2.1513134399997225,,0.4127327868419018,0.3661971830985916,0,5
-0.58942025886670868,-0.77161694702225903,-0.23914649381822239,0.80518161634866958,-0.58509319593166498,-0.096687728117961017,-0.065317096779056713,-0.24954606617319616,0.96615756361260108,-0.51891353874474233,12.998848693788819,-1.5429415960638653,1.009252157238567,0.5280356187919121,0.2857142857142857,1,1
0.080195188843149412,0.97282637835850605,0.21720398075607197,-0.99672106577078368,0.075910554250874604,0.028012582924071657,0.010763305029802266,-0.21873825756642915,0.97572420588075903,-10.274160612835905,-14.308664254891761,-0.58998510599353882,,0.3132507793724688,0.1666666666666667,0,3
-0.25019291821389766,-0.9599893326498905,-0.12579342142588315,0.96730808936848667,-0.25340778352092036,0.0099777499117032851,-0.041455565584129696,-0.11918463176697849,0.99200628003691005,-18.302499097949674,-6.421219019164238,-1.3951482235464576,0.1971396370709601,0.1187883788536934,0.3962264150943396,1,4
0.99603323997732029,0.0056229380070526754,-0.088804095786459161,0.02489837113008397,0.94052370145760111,0.33881445971440127,0.085427489576543086,-0.33968154139526319,0.93665286764093536,-26.734745495704455,6.4694185735322938,-2.0992562826840575,,0.1569165391182056,0.2,0,1
0.9366056107691636,0.34771869098562153,-0.043146747443677101,-0.3394473571374218,0.93098959898339906,0.13429020186577367,0.086864386304988592,-0.11113090714997513,0.99000227265793805,-13.96686384237009,-12.597531475961897,-0.78086282534357532,,0.07240836071693267,0.2608695652173913,0,1
0.29618381517475928,0.95089853286224368,0.089817191166038535,-0.95424804631095783,0.29055638256967409,0.070623329429771398,0.041058662182843486,-0.10662536634618359,0.99345116513661502,-13.08832902303236,-9.9759899938453547,-1.0642908874688985,,0.1799441117295838,0.2,0,3
0.67069897321557859,-0.72630932983886931,-0.15045811615390481,0.74038329008702108,0.66777973092946541,0.076829777558507104,0.044670696071220088,-0.16292632797919518,0.985626471115569,-14.800865771204371,-5.1428260006399285,-1.4595932877894278,0.4854252645878304,0.2896123857433869,0.4,1,5
0.71216615844353504,0.7016201009573968,-0.023422141240917325,-0.69813344091654461,0.71134014042824267,0.081270556104614589,0.073682165018427753,-0.041526359677438264,0.99641683045306739,-20.403222145524953,-0.41538030428749356,-1.793475560244973,,0.08499368248219923,0.2,0,5
-0.24463722038296085,0.9690357563435601,0.033501243722610916,-0.96953355045073131,-0.24491765063126261,0.0044764896582686594,0.012542924447531694,-0.03138546378382634,0.9994286506346397,-11.49523028372732,-13.407122053526775,-0.67346074396198075,,0.2675982415557076,0.3333333333333333,0,7
-0.089740124402559754,-0.98502300091289119,-0.14722906555696466,0.99552254408871965,-0.093121657570487168,0.016224090188668112,-0.029691316631941717,-0.14511390203522481,0.98896935298965405,24.098234370176087,-4.0029912166835402,0.29750092173359366,,0.453879791390049,0.4444444444444444,0,5
0.95620955493551385,0.29174657421995487,-0.02339280831682523,-0.28620722881725758,0.94878149835169623,0.13378748281605946,0.061226703510587857,-0.12123367855687503,0.99073391279434675,-28.344949170119587,2.6910687040473942,-2.1080270814831543,,0.1668411821344172,0.5,0,5
0.93742772990604462,-0.30439457456411645,-0.16903607360302519,0.33331155270038171,0.92490149960907597,0.18292245585859615,0.10066111483416762,-0.22781825869936312,0.96848654144677193,-3.3043668739547694,-22.198260177287334,0.18181841668428469,,0.5065463985521337,0.7333333333333333,0,4
-0.58208663879591682,0.79624093900618387,0.16484996810986463,-0.81235190012068026,-0.5606068705531051,-0.16063725302362267,-0.035489932454052915,-0.22742098350681181,0.97314960872170253,-12.44383780915221,10.704711128367784,-1.9012799339960929,,0.4023018697018114,0.3181818181818182,0,3
0.92467398415480995,0.38019949002408177,0.020648748453562793,-0.37082737178958292,0.88692213882564896,0.27542000652197907,0.086400713879578969,-0.26233083586640099,0.96110220538438829,-18.442353316903013,-14.326094011067177,-0.89300412465305368,0.6762034716467851,0.4215652732645024,0.3265306122448979,1,1
-0.97307303516104404,-0.18890913472394633,-0.13206894813059869,0.21566438096727594,-0.94840501922440634,-0.2324151335260996,-0.081349511519581696,-0.25463946734118598,0.96360832221796544,14.64149274683281,2.5427887108756999,-0.65381634065056315,,0.2039342933660857,0.6,0,2
-0.6932796572373372,-0.70749135067895286,-0.13718347413355139,0.71621938854818923,-0.69752087323989087,-0.022235531527663374,-0.079956890438145745,-0.11366890563883703,0.99029605450205227,-26.719619077729995,-15.577159292347963,-1.1444376692140446,0.4167638396346676,0.4707307285725112,0.6904761904761905,1,2
-0.89876347593667305,-0.42280978162541688,-0.11600044346509487,0.43187694438975255,-0.89935950190907366,-0.068079301042504273,-0.075541506649007065,-0.11128510631586162,0.99091326859895656,13.025062802252041,-5.0490838127523121,-0.43345045212811367,,0.1559447950908044,0.2708333333333333,0,5
0.68130417973900115,0.73046777611881797,0.04734387734645381,-0.72846488058425674,0.67024475861241661,0.14181283900955141,0.071857723492553149,-0.13110603191544151,0.98876067679183943,-29.016480371791832,-5.0083207055978676,-1.8543610282682952,,0.2003625072187804,0.4090909090909091,0,1
-0.61255121294117265,0.77519095103628199,0.1544668280109382,-0.78987411096220261,-0.59298399372454502,-0.15642529213064335,-0.029663114400993128,-0.21782785087759438,0.97553632788639921,-11.895573116361277,14.866904531742961,-1.8673002706998576,,0.6467527895603689,0.1363636363636364,0,4
0.26279953391893968,0.96485002234534301,0.00091616165578399316,-0.96384369794361224,0.26248183544073267,0.045919625412750679,0.044065075812611647,-0.012950692794428171,0.99894471751432468,33.477702228059549,-10.701873178372683,1.3717656255628516,,0.2427116765507845,0.5,0,2
0.92314834962143333,0.38439147504504201,-0.0063496853402382012,-0.37462375036731033,0.90315415586204639,0.20968933308550716,0.0863375367494017,-0.19119561883529265,0.97774744442838335,-25.590579707143213,-8.5642947506699159,-1.4456026914167543,,0.2302276255175698,0.25,0,1
0.52700862643746704,0.8415076554298172,0.11885610423325971,-0.84768934943310703,0.51050739771271447,0.14423925865820905,0.060701519900011928,-0.17676838725746666,0.9823788794290238,-24.473600820206517,-5.0763655136644301,-1.7048343779375863,,0.5042919900484903,0.5833333333333334,0,1
-0.47954143670536187,-0.86929658255293951,-0.11984766182257595,0.875522917447626,-0.48317445313878205,0.0014383525427406707,-0.05915768341099558,-0.10423962488334346,0.99279125152149961,17.816017008645705,7.1258450430221885,-0.49808659175069242,,0.118027209994891,0.4285714285714285,0,4
-0.38530159081189158,0.92151243195461086,-0.048554318766969681,-0.92264127171083044,-0.38565243025966478,0.002299297857225456,-0.016606259471884453,0.045684141536349275,0.99881789699546319,-31.689437685147048,-0.10331795764374523,-2.0796654861646511,,0.2148549196312313,0.7619047619047619,0,1
-0.68639970820190133,-0.70320950565752016,-0.18534247147713062,0.72142721979654456,-0.69055849146739923,-0.051688842112189382,-0.091641732398364456,-0.16919031005106761,0.98131362564057523,9.3700283975560197,7.5787426415279109,-0.97384104387431891,,0.147301860382521,0.1666666666666667,0,4
0.47815569609655378,0.87274616304569719,0.098393420407224041,-0.87826764798059243,0.4746804517247219,0.057657673045761533,0.0036150796751901037,-0.11398510270832199,0.99347588172009249,-16.815801883437061,-0.061907050490760888,-1.7554277130657114,,0.2595040347865701,0.5818181818181818,0,4
0.75477707611091405,0.65572697102200139,-0.01826759020151399,-0.65109426311716734,0.75225631754178568,0.10092914967631929,0.079923875740432401,-0.064285085305871958,0.99472589284377466,30.363721192266848,-4.3625957646663283,0.78720930296263691,,0.4116171500199118,0.4615384615384616,0,2
0.24229819104061073,0.96052627627913401,0.13667793968227307,-0.96953256670322596,0.23448464057248897,0.070877044502774017,0.036030386069333835,-0.14968709334118968,0.98807671026432142,-23.948983719817118,-3.16816390804654,-1.7715074170803697,,0.3000151993311254,0.2222222222222222,0,3
0.75363320751653518,-0.6358160894847098,-0.16665799975011661,0.6558627488902351,0.74414754938316641,0.12684036961934253,0.043370994298984111,-0.20489588843946771,0.97782239274528693,-4.3463612692282299,12.073884154988297,-1.7331925907459298,0.554796106020755,0.3052589254825515,0.5420560747663551,1,5
-0.95620743702408273,0.28898223595719141,-0.046439257972286561,-0.28228158045250784,-0.95245771025153436,-0.11463603063451802,-0.077359205768084513,-0.096506877908187974,0.99232150828214194,-23.70951085974891,-6.8404195100184442,-1.5341241469135753,,0.1938946889277578,0.1764705882352941,0,1
0.63211089020543831,0.77357294337695148,-0.044952461098456298,-0.77185334246109227,0.63370384085090115,0.051593214887768551,0.06839766235280316,0.0020840743594278655,0.99765596094983389,-13.060690540795267,-11.679809234397435,-0.80546106487761204,,0.07292921534345068,0.4285714285714285,0,1
0.5093731665361878,0.86033008806234224,0.019264391699192598,-0.85993151339098983,0.50803636909133587,0.049161366514512223,0.032507991171084306,-0.041607538441186726,0.9986050486828546,12.566195671470052,5.2085842259185036,-0.76968714474443634,,0.7022025956560287,0.5208333333333334,0,2
-0.99541083052579171,0.054161369088538983,-0.078891219856251402,-0.050886568420583006,-0.99778060366079746,-0.042946759047345663,-0.081042184239627113,-0.038735165634711043,0.9959577055863974,11.812100793319937,12.536007543835559,-0.91060492670443394,,0.07876930841318239,0.15,0,4
0.64885029322648313,-0.75148958053844983,-0.11940145443859543,0.75974154157248652,0.64853834021856438,0.04680610297398765,0.042262122390727762,-0.12108439870063635,0.9917421446133754,-17.398046115274774,7.4391962644651315,-1.9559108473356481,,0.1126276136126141,0.4615384615384616,0,1
0.9868925053101667,-0.068070963132668375,-0.14631994717334895,0.09024653811594073,0.98445093605398093,0.15070473403489057,0.13378619256376489,-0.16193424122349778,0.97769041940619417,-14.756649897260726,-12.489392618597737,-0.81877966021509907,,0.177992832541554,0.1764705882352941,0,2
-0.65855378140804033,0.7505460082193246,0.054659002361986932,-0.75128974075405042,-0.65155414306459347,-0.10507580165325589,-0.04325092404656676,-0.11026281422764515,0.99296096064634765,-15.663381484118675,9.8251604428821384,-1.9699651100322952,,0.07475266407668463,0.3846153846153846,0,1
0.19234622377701793,0.9800109832958529,0.050807507498560014,-0.97950471541332984,0.18857765718475869,0.070774145658983295,0.059778279347708664,-0.063379332831787691,0.99619757954334776,21.288483483344123,-4.0056368181561748,0.072840379443224926,,0.4905247301521213,0.24,0,2
0.53423087335028974,0.84454168500161209,-0.036697632812292533,-0.84435871724490552,0.53519819065440488,0.024924954017810395,0.04069066934722796,0.017670286214161224,0.9990155306166093,-19.51670697495992,-8.5018473293142698,-1.2837591336317276,0.4360251036451729,0.4334887426048598,0.9444444444444444,1,6
-0.99611998793546463,-0.026481457697885503,-0.083926765895297864,0.032690693104372712,-0.99675964590985677,-0.073495080583750996,-0.081708556588675277,-0.075953542931527826,0.99375790366484307,6.2443851674429709,20.71917384503109,-1.3632699320222386,,0.1863614005813276,0.2941176470588235,0,4
0.55925504752554966,0.82897386438136433,-0.0060103236038617771,-0.82659055898482081,0.55816974119727913,0.072073488946525516,0.063101819421928204,-0.035339385738725554,0.99738121508340682,-19.607039477899658,-10.178729367272592,-1.2092595701275983,,0.2323650798327055,0.1578947368421053,0,1
-0.10559757525735304,0.99064977278302524,0.086383909292804095,-0.99400877483809424,-0.10762027024889945,0.019090127721533054,0.028208290352983657,-0.083850492643118349,0.99607900652451642,19.506888081392162,5.7503088899592347,-0.38490349650048361,,0.3826097710533878,0.25,0,2
-0.21239762225708184,0.97579733660359813,-0.052026992387243572,-0.97717938991171338,-0.21194442269156746,0.014142192959736151,0.0027730833579517919,0.053843472838056829,0.99854553749011754,-7.8965698682970453,-17.629756766209915,-0.33194909143902962,,0.1077704786222757,0.3846153846153846,0,4
-0.92789142881064057,0.36592906558701471,-0.071508148475269512,-0.36595115637041081,-0.93053952373015769,-0.013264461059898969,-0.071395010266166903,0.013860509899159141,0.99735181293986153,-23.715305142069052,-0.82103494325066395,-1.8833119565506018,,0.08689598899461663,0.1739130434782609,0,3
-0.027670804288828059,0.98916087151137333,0.14420505144018958,-0.99959141562702991,-0.028414590198985526,0.0031004626384006071,0.0071643837667854406,-0.14406033921479597,0.98954297040126493,-22.656588951796177,-0.3097596737973316,-1.8865492979220913,,0.2306522080931695,0.4482758620689655,0,3
0.49634920554505535,-0.82104805102600875,-0.2819885885300773,0.86769713073554833,0.4590311540474471,0.19076710651253803,-0.027187413780818351,-0.33936779092934244,0.94026078670316204,-4.3138746491324795,15.102773843072484,-1.6545654799824232,,0.6934868529807448,0.2307692307692308,0,3
0.32080339028904414,0.94668990041261181,0.029383962221154268,-0.94612613056811801,0.31886458741095003,0.056309146250364477,0.04393779506592943,-0.045865099498458996,0.99798089300985171,-3.0992959422333741,7.2819434800377945,-1.56251016413539,0.3453159670649727,0.2736464544930833,0.2992700729927008,1,5
0.42151915326675554,-0.86374880555475886,-0.27615141558935702,0.90626957360039939,0.41185894698527475,0.095119229151271883,0.031576310668425048,-0.29036220258654383,0.95639569630653576,2.0050823533368227,13.458616109846039,-1.4213423975053054,,0.5381715431228136,0.6212121212121212,0,5
0.99646587292256383,0.029528795943755744,-0.078637232344394029,-0.022194478327626069,0.99545969074609497,0.09256030051515049,0.081013389217083828,-0.090487868301792063,0.992596985920147,-14.48196002746872,-15.180211994238478,-0.70985630523682663,0.1711184702102311,0.1506234606751374,0.2105263157894737,1,3
0.074248986827347832,0.98562136600691497,0.15178145745041785,-0.99723826915227198,0.073644752544336459,0.009606506173525051,-0.0017095301374511461,-0.152075551267599,0.98836739333780277,-26.828732583426216,3.6634139838069264,-2.0909955141781711,,0.1403564353345387,0.4,0,5
0.23773129268972296,-0.94414171487514253,-0.22821098726551067,0.97132647946203132,0.23178927487864509,0.052901817994550321,0.0029500460962250019,-0.23424379241264384,0.97217341197143059,-10.366689162571888,12.305855791613284,-1.8415717243075846,,0.07801939593616244,0.4166666666666667,0,2
0.82887081337383517,-0.49375393330754658,-0.26302134529410875,0.55605482989960187,0.778766054708522,0.29039018264922017,0.061450800501871662,-0.38695023630571607,0.92005071259177296,-24.849914176507248,-10.115593352162797,-1.3862110521995821,,0.1876764183821708,0.3333333333333333,0,1
-0.99608577631746209,-0.00010085017088915349,-0.088391832469299089,0.010230159973528391,-0.99341084766772181,-0.11415003969781845,-0.087797893169219182,-0.11460749349558499,0.98952344711467288,-16.717989098994394,-3.13432794954528,-1.5971344639988367,0.1758800398015932,0.2452621327809578,0.288135593220339,1,7
0.97774385905664474,0.19620293877448119,-0.07430580659192447,-0.19123009803318008,0.97911339656506002,0.06905075143002902,0.086301771031883523,-0.053304441494949499,0.99484201802782313,-7.8840173891824792,-17.662607561021964,-0.3310020609031723,,0.08919970554294795,0.3846153846153846,0,2
0.3826039081330212,0.915416075646172,0.12501063126750672,-0.92343586262891941,0.37454439384893834,0.083562579227276876,0.029672497234344689,-0.14741066950832721,0.98863018233462041,-9.3654687422866729,14.080372862656516,-1.7975469839212657,,0.2694033350449822,0.1666666666666667,0,3
-0.93084689346545368,-0.34855918552254972,-0.10968388721034011,0.35403374609628657,-0.93459415964920267,-0.034552328063829837,-0.0904663890665693,-0.07099472471569454,0.99336578434723577,-7.7782149003615748,12.800040649674587,-1.7933209964313406,,0.1958704976350212,0.6111111111111112,0,2
-0.30952449993820536,-0.90154170920291443,-0.30235265916722137,0.95017466867076872,-0.30558326549777082,-0.061538336540016406,-0.036914535814463481,-0.30633546059051819,0.95120760227743995,1.5601127102479768,12.189365980986894,-1.4269420535143731,,0.2580766610370471,0.2169811320754717,0,2
-0.27053349140720256,0.96253818041097339,0.018217609013343555,-0.96268375981103504,-0.27033630998248692,-0.012580067612843679,-0.0071839141921425818,-0.020941125953174232,0.99975490027340952,-22.380657106255168,-3.8924404479812726,-1.7101801286534759,0.2126140553519389,0.1378267234030795,0.4444444444444444,1,5
0.62605923315911172,-0.75073998092129268,-0.21080635100139142,0.77734901375457743,0.62218242166916005,0.092830732953507092,0.061468263282859183,-0.22198764653060377,0.97311003355057057,21.451236903010358,17.484233563005613,-0.51140716898524174,,0.1706735791440089,0.1666666666666667,0,3
0.17567857419923735,0.98441559724540784,0.00793539332919997,-0.98442026987963405,0.17560795096555737,0.0088645252431534122,0.0073328587488893111,-0.0093690691984024323,0.99992922235772475,-12.266924608998625,-16.978895137967367,-0.51693642201941525,0.4819206586140976,0.4299441177574745,0.9166666666666666,1,4
-0.49006469013880871,0.84496585842971894,0.21417118752829986,-0.8712812282071497,-0.46733455614009961,-0.14989140739607967,-0.026563524860131176,-0.26005982143627049,0.96522705537170939,-13.658668778262401,-17.317405568127111,-0.54434485751181172,,0.3018718667905935,0.1666666666666667,0,1
0.36100973771818479,0.93115835890242682,-0.051147628672177273,-0.9312811975034434,0.36284483922417621,0.032541570720150265,0.048860008690136403,0.035885000968667514,0.99816079178470996,-10.202489581006095,-8.4994793471173153,-1.1144001127569079,,0.1255995743918071,0.5686274509803921,0,3
-0.89499630101314509,0.44321430497005182,-0.050425202455724058,-0.44066866122294734,-0.89602865898116357,-0.054256550760180162,-0.069229705970501723,-0.026338605778033208,0.99725298979592258,-6.6245260897063769,10.040512163293084,-1.7702765682432224,,0.3122146726157259,0.5217391304347826,0,1
-0.99605204195417396,-0.030261258110769421,-0.083454095025204372,0.033619110475717029,-0.99866847827618732,-0.039128326163379842,-0.082158901707264712,-0.041779501613586713,0.99574313360182332,-7.4388996474689213,-19.852372700836767,-0.1599995000414686,,0.09062737962757011,0.375,0,3
-0.75582420078758916,0.65470224650125675,-0.0097337521033104071,-0.65404653511973099,-0.7556011926397419,-0.035916118655461925,-0.030869198267457595,-0.020779944841272172,0.99930740340033364,13.386447682122881,16.335757299179342,-0.90573343164441711,0.3212006873663163,0.2438921428636066,0.4285714285714285,1,5
-0.99567930236938973,0.037780701900243172,-0.084825381797730692,-0.03697537255455615,-0.99925513087904427,-0.011045598053364461,-0.085179508437520354,-0.0078614232699730537,0.9963346071308139,-22.880890875056306,-12.928250132535359,-1.123562281194574,,0.07156594024427898,0.3125,0,1
-0.62827551592359276,-0.7597858378356821,-0.16731813026469478,0.77501065012429027,-0.63002985144468004,-0.049202423543147356,-0.068032112159390978,-0.16058601095028385,0.98467444609993193,-9.4044307754503471,6.9046141372304843,-1.7535630858777835,,0.07644044115915166,0.2941176470588235,0,5
-0.954779216825967,-0.25694090436092726,-0.14959284335616282,0.2793375006159271,-0.94753655947011994,-0.15538670862456164,-0.10181948667538841,-0.19014689093886414,0.97646144419503,-5.3138265496197334,-18.074511815132663,-0.20612460006858116,0.8576375118780771,0.4214157957833531,0.3368421052631579,1,4
0.93292306985924689,0.36007573968935952,-8.609041267455639e-05,-0.34947517045420401,0.90551550667066982,0.2406424160761472,0.086727452172905811,-0.22447077508246152,0.97061383679271518,-6.7893998116340715,-14.509966759761197,-0.44380590004926312,,0.2149246054599701,0.45,0,1
0.022237559088153679,0.99974475226006942,-0.0039901496528280105,-0.99956250273974434,0.022155300181403419,-0.019594534710713252,-0.019501130286686225,0.0044241385967212386,0.99980004646690113,-11.107228773209549,-15.266464325912571,-0.57425091988034505,,0.1743607819924506,0.1818181818181818,0,5
0.17712647349365662,0.98204231279676546,0.064954663146542635,-0.98418702398584423,0.17664259377595659,0.013164189378373043,0.0014540308071832476,-0.06625926305719268,0.99780138096393201,2.5764821970715177,10.104233698161245,-1.3435308001641897,,0.3949152512391444,0.25,0,5
-0.097135931866673159,0.99440275659850397,-0.041566433689806205,-0.995023631634811,-0.097958369614134441,-0.018224442674944073,-0.022194216108363269,0.039589335582157076,0.99896951969491976,5.3612350734783538,7.266563622230529,-1.1782520730237298,,0.06859766235733675,0.4166666666666667,0,4
-0.39110855611138701,-0.86229374586912255,-0.32168865875480196,0.91897074004025747,-0.38498328148138306,-0.085326736312178589,-0.05026804438535315,-0.32899448143521132,0.94299297712064056,10.445218845145593,3.8190143537976193,-0.8667485053605879,,0.6826795091784059,0.4354838709677419,0,1
-0.97459141790916315,-0.17728962012287985,-0.13689396894856698,0.1891250242324376,-0.97878365930156896,-0.078830663407773616,-0.12001372149419497,-0.1027177632199744,0.98744405804693514,-2.1972729335695154,11.205667036848061,-1.6471321839582516,,0.6388391557081897,0.1836734693877551,0,3
-0.4728642859694786,0.88069990860369285,0.027695451612549372,-0.88078310979689167,-0.47155319008431013,-0.043112671198013382,-0.024909447025028141,-0.044780128480816077,0.99868626682364581,-17.603087352873295,10.822197244804823,-2.0061308162930285,,0.09992743403335592,0.1,0,1
-0.29286509318956733,-0.94820366221949637,-0.12304410650088671,0.95505999029245192,-0.29625132571307261,0.0097758353008278315,-0.04572146250556778,-0.11465150224389749,0.99235305254711137,24.100503407151564,8.9975229053410377,-0.18069785397099489,0.3650411634246515,0.4534509798957282,0.6333333333333333,1,4
-0.059361694547645637,-0.93785824624294367,-0.3419036401890751,0.99816700480435661,-0.059809935427788202,-0.0092413280442936348,-0.011782178929657383,-0.34182551335181577,0.93968957570116529,0.6923735156052947,8.931205388820123,-1.4334721741929852,0.5414995429434091,0.2589934599275061,0.2314814814814815,1,4
-0.58202356721448578,0.80632923812576396,0.10526978175360484,-0.8122809542357724,-0.57043524565347392,-0.12166873839275755,-0.038055467317449854,-0.15632271191284833,0.98697263951310465,-3.9804719944367437,-12.369295412627276,-0.47066716357243493,,0.6291292464259346,0.369098712446352,0,3
-0.51997952859323593,0.84858281927596535,0.097613977859788717,-0.85367055035305317,-0.51232436498352929,-0.093650074768468178,-0.029459825251899094,-0.13202629993254597,0.99080834414242291,-11.354544312621488,-18.350061433210424,-0.41336572247858888,,0.5238413535350028,0.2631578947368421,0,1
-0.91432359633079052,-0.37607189507016425,-0.1502740527538452,0.39625488434671513,-0.90737443700446829,-0.14019164633528061,-0.083632695903584783,-0.18772735764709517,0.97865418374762958,5.9149243361211994,17.52439839267582,-1.297692948004743,,0.3674641640844056,0.24,0,2
0.96877107975848009,-0.20332362900860354,-0.14192285548973255,0.23493596197402386,0.93571284261777976,0.26314743003018976,0.079294948104704277,-0.28827240250659686,0.95425957325988953,18.164951039183915,-0.7867783601647409,-0.38864896373924385,,0.5901573757593237,0.1951219512195122,0,1
0.7451114049356643,-0.62865891502056526,-0.22270375569344406,0.6646424936817239,0.72761682359080337,0.16977665805454148,0.055311389671020519,-0.27452090374467741,0.9599890226350849,-9.5438932395105631,-23.530434192930326,0.0085737766757997338,,0.17767720580817,0.1,0,3
0.68746533792116193,0.72010270888607808,0.094039873521158363,-0.7226108929620525,0.66540304227299363,0.18727596937789584,0.072283514922342668,-0.19669997455205113,0.97779558880253437,-17.526928228188009,4.6658636139562475,-1.8911645668783554,,0.7370309569814799,0.45,0,1
0.087580389021193847,0.99495351528776532,0.048960983194927837,-0.99609455076804343,0.086916676689860362,0.015528594379385113,0.011194703618475825,-0.050129768897412337,0.9986799712025799,-1.1073264892720289,-31.5976186607645,0.91480261404446239,,0.3169253523874594,0.4166666666666667,0,2
-0.77251077886774022,-0.57014916238661206,-0.27956578682485672,0.61455891232007809,-0.78209576367575717,-0.10316762926614163,-0.15982628013289721,-0.25150775151131632,0.9545676566428396,-14.9617990888375,14.47061178433729,-1.9409423782433388,,0.4957227054482666,0.2647058823529412,0,2
0.76138740857621201,0.64829694599058629,0.0005328047281332308,-0.64655453650740025,0.75928031732457568,0.073896082745919994,0.0475020566217986,-0.056608034259896536,0.99726580462478964,-23.20626641391231,4.1553063133540187,-2.0072552794418317,,0.1496864583952641,0.4,0,3
-0.9312541938176282,0.36101052882345663,-0.04936622910135393,-0.35175787835173095,-0.92606801761398849,-0.13661779448514838,-0.095036948154746573,-0.10986093405349152,0.98939302284497954,22.531417995630946,16.477295173306867,-0.41769566149885445,,0.3131014975178633,0.125,0,4
0.95580083646860059,0.29360765545919487,-0.015469507480165878,-0.28070487782728448,0.92691935482736099,0.2490487526778625,0.087461606261796457,-0.23369863992369433,0.96836739573775577,-7.8052091184707137,-11.426100727747757,-0.63080658540087042,,0.7979448820701625,0.4886877828054298,0,1
0.79331044619445079,0.60877053743008946,0.0075477623068727212,-0.60363506687857149,0.78488321156218821,0.1399394520581228,0.079266903517569404,-0.11557152315732908,0.9901312948502492,-8.7770017102173483,-16.311979026648224,-0.42228731432323047,,0.1140158083107711,0.2380952380952381,0,1
-0.33165589561317649,-0.88273926671371594,-0.33282991738537054,0.94229955399604826,-0.32700676319659716,-0.071680732156786761,-0.045562237037596633,-0.33739882013044359,0.94025853823866679,-10.272661820493257,9.6277225611992545,-1.8332846172864827,,0.1676148499650707,0.2,0,1
0.79377513411356937,-0.57677531711867602,-0.19300588080583286,0.6054839173672053,0.77939123682143951,0.16105441867769463,0.057534878748878117,-0.24470294957069363,0.96788956198460707,-18.360267203840046,6.988661259660133,-1.9640576635093303,,0.513860572303511,0.3846153846153846,0,1
0.8394488540182391,0.54334074690176926,0.010317666581710478,-0.53785856530308562,0.82796568853843322,0.15868516733829702,0.077677443428386658,-0.1387575272167404,0.98727532300930343,-6.1039829486456023,-16.28499802622288,-0.31238874494970598,0.6890386138118305,0.4914662059210738,0.1176470588235294,1,5
0.94048939427694889,-0.32353223042954959,-0.10395477442551013,0.33141634358101657,0.94087463102430946,0.070129422514799047,0.075119281545867958,-0.10040828933982755,0.99210648066217277,-9.6815516418039955,-21.10013269239511,-0.13842583226018038,,0.3751737803419558,0.7272727272727273,0,1
-0.99502553728747856,0.010759527664815884,-0.099037430854160335,0.0081378654073216965,-0.98204875674161252,-0.18845162384247044,-0.099287236301424192,-0.18832013154913024,0.97707603223134176,-5.915417760314936,12.788384079012674,-1.7469884145631471,0.4220207592116673,0.3379815851214549,0.1818181818181818,1,4
-0.92451605397330072,0.37730541905677584,-0.053950780309708027,-0.37518324104037293,-0.92583042467573851,-0.045558318528910693,-0.067138674309797239,-0.021877968258753853,0.99750376085345704,-19.378284722267598,5.0069273298722994,-1.9381331802123523,,0.239403031141918,0.2777777777777778,0,2
0.06009001225944844,-0.98499152075954388,-0.1618051125844345,0.99810480408532398,0.057135756363250155,0.022854001982090175,-0.013266140676828117,-0.162871757455372,0.98655805715373002,-14.22877214506935,-3.1308084483776333,-1.5582976361955858,,0.1059840385295153,0.2307692307692308,0,3
-0.75977651611709174,-0.63568978271383747,-0.13652159429998117,0.64559307881294969,-0.76250245993048926,-0.042421400127403239,-0.077131200857962198,-0.12036817998618488,0.98972838652886086,5.0771921189382301,10.056911849757048,-1.209323780049731,,0.0846441386410816,0.282051282051282,0,1
-0.99191918158272896,-0.023954644195095336,-0.12458937446562889,0.048480690336747553,-0.97905539522091511,-0.19773759317158582,-0.11724316556935295,-0.20217989046961518,0.97230516403903422,11.891556044143194,14.101735595086653,-0.94032297452065827,,0.1357998538803509,0.44,0,4
0.60293514196524267,-0.76747345338370054,-0.21783873148421209,0.79765539776632033,0.58494452647573913,0.14692095616462514,0.014665640034007998,-0.26234404757373719,0.96486295384630816,24.725187196364278,-4.6576592454963022,0.43769275748911651,,0.7574386085542091,0.3076923076923077,0,2
-0.87722012143258998,0.47742896206031438,0.050462310091814788,-0.4753800572040377,-0.84912063765533718,-0.23023454111075356,-0.067072049070216758,-0.22595514796924676,0.97182591617003,7.3140528356544126,21.532316761007937,-1.3231528395076255,,0.40872619950242,0.3636363636363636,0,1
0.64933132771427149,0.75972053692894548,0.034547541406242999,-0.75010536981075948,0.63230320161449938,0.19373847168055666,0.12534257468986887,-0.1517147553682521,0.98044473172824298,-7.0803601110979306,-17.598519108064561,-0.30565795756155401,,0.2437616221355842,0.4166666666666667,0,4
-0.99337066541434382,0.011756011072273056,-0.1143526007484315,0.01408220610495464,-0.97482021348631998,-0.22254716994314203,-0.1140894936682566,-0.22268216718487541,0.96819225355936733,3.7076016177143609,-36.300104832396066,1.2671196710807155,,0.457377563341427,0.125,0,4
0.56584261624700549,-0.74910580545561267,-0.3444744197635583,0.82381394663970486,0.53086007419434755,0.19879175774735655,0.033951656228466943,-0.39626767955394493,0.91750706328631326,-17.421898726729793,8.9018556653354874,-1.9942357552906254,,0.4852811807944766,0.4285714285714285,0,1
0.38547555717383675,0.92256703611176727,0.016693073457801206,-0.92137157691370497,0.38387307538327375,0.06095801219969977,0.049829831196496956,-0.038878347132239449,0.99800073248830456,-21.746022119630723,-5.4321053250885081,-1.6008524103317381,,0.064408715558678,0.3636363636363636,0,2
0.41757432442074305,0.9049517262292458,0.081817215665581283,-0.90735133940042656,0.41048799378854001,0.090626452229532695,0.048427579671219134,-0.11208023978457464,0.99251840757591003,-7.1381741181688891,8.7766836047689178,-1.7594832773129667,,0.2240743323991621,0.1230769230769231,0,3
