axis_00,axis_01,axis_02,axis_10,axis_11,axis_12,axis_20,axis_21,axis_22,location_x,location_y,location_z,dbh,dbh_approximation,score,reconstructed,number_clusters
0.98873351477995275,0.14653116212027864,-0.03057213238494718,-0.14697947025028063,0.98905464180404778,-0.012959585287143867,0.028338526352457767,0.017307052133409294,0.99944854488393942,-8.9259826651019587,2.8833505777127786,-2.5946407106380227,,0.08661982574194405,0.2568807339449541,0,5
0.85023496055535308,-0.51827208330252406,-0.092165934697695281,0.52129231103050655,0.85331292533427694,0.010553573704372498,0.073176760723006384,-0.057018410419103417,0.99568773346032935,-42.371549049626189,-7.5130073502601515,-5.5211208642747343,0.410270581811769,0.3572725987269132,0.85,1,3
0.73220249275676674,0.6805230281559036,0.027711328916101337,-0.68091918219707392,0.73231908671493295,0.007604113957242916,-0.015118760426870945,-0.024436926617845654,0.99958704458422709,3.6156068344088235,-17.551080371325327,-1.9791971990815649,,0.1887565087975731,0.3888888888888889,1,6
0.25987042424895557,0.96339329211965696,0.065884196128648834,-0.96483695052933505,0.26183632233934767,-0.023052097454679878,-0.03945911167173688,-0.057576948535466257,0.99756096229925884,-2.0657811564572475,16.468902437111353,-2.125132828818721,0.3220836857040511,0.2641583958912866,0.3939393939393939,1,5
0.91470837699295571,-0.39848592033141828,-0.067212769296723832,0.39894477242214171,0.91694798093346586,-0.0070334073595399258,0.064433326904309807,-0.020380666320368307,0.99771387422666413,-24.247014179673464,-0.30665816212194164,-3.6851692759613033,,0.1174497510985354,0.4666666666666667,0,4
0.71427015514121472,0.69971145820143832,-0.0149003602694793,-0.69983026573221185,0.71384049697499086,-0.025871684206452885,-0.0074662333023527861,0.028907094978803019,0.9995542182493955,7.5779312065246058,7.3886229365072316,-1.4166608692723794,0.3079933363856084,0.2789990019617428,0.84,1,5
0.25959991629372292,0.96307527130591064,0.07137159980929407,-0.96469723136766128,0.26201104474425707,-0.026635769626416873,-0.044352398490505374,-0.06193734116887005,0.99709409311111163,4.3965125480913798,11.254672817213201,-1.6412284042151821,,0.3683023328377261,0.3225806451612903,0,5
0.14855476832918041,-0.98160879471845286,-0.11989851933218314,0.98717313616839208,0.15437142263497489,-0.040726687824025214,0.058486579948952219,-0.11231045367658488,0.99195044329887527,-17.506167896224134,30.440706982594826,-2.9570626918699197,,0.3835739250177136,0.96,0,1
-0.72477903577132885,0.66903699429215246,0.16457475375920672,-0.68706182192256204,-0.68401927346168345,-0.24507893909799516,-0.05139457328192417,-0.29070110732756305,0.95543260570052568,-5.1550346033664587,-15.240513276850384,-2.4822620750557611,,0.3837387796349264,0.2777777777777778,0,2
0.76480238014580249,0.6436693002259819,0.027697495733552947,-0.64426458836560496,0.76414010447289327,0.03182830366597747,-0.00067786533541490358,-0.042186878087278563,0.9991095074194003,15.834482289578364,-2.1200000644255161,-1.0934943101073744,,0.09487577370895559,0.25,0,1
0.55833984448029506,0.8280750681242558,0.050480685581028646,-0.82940926871862253,0.55851505267367252,0.011882798515770348,-0.018354373575837992,-0.048503788387461569,0.99865434434678391,3.5334268642076343,-8.1368412401434522,-1.770300390974666,,0.08692384405711029,0.2727272727272727,0,5
0.49514279551154433,-0.85540009859581778,-0.15206670699163063,0.86230597327445113,0.50522826621332273,-0.034246276794447368,0.10612266726866081,-0.11417123254719402,0.98777675066304349,-10.174215868393478,-18.52157859267767,-2.8996439519718162,,0.5730536687859756,0.2884615384615384,0,3
0.95820576182130301,-0.28100028072420513,-0.053670850984262317,0.28148721664010662,0.9595636706151871,0.0015839519295150241,0.051055507838652064,-0.016625410323575198,0.99855742491401611,-30.988008437076466,-4.2142085932501647,-4.3091580726273486,,0.1055054492013497,0.2857142857142857,0,5
0.60852738426345288,-0.78097383475486803,-0.14062109382933397,0.78936323193730173,0.61389192220332245,0.0065112148643695182,0.081241065151683903,-0.11496337365347353,0.99004207589942084,-30.059317384074461,-4.923473646278139,-4.1904753587040773,0.160077242271349,0.1649359155598552,0.5,1,5
0.98586377027498062,-0.14647519511293261,-0.081348900888875531,0.15892002640343894,0.97128238110828546,0.17707332197863529,0.053075904769773197,-0.18749814229812395,0.98082995211587121,10.401679717045131,13.580949005949828,-1.3159205107022756,,0.3919991475598472,0.5227272727272727,0,5
-0.32138267486691663,-0.94374665828601967,-0.077816587366418402,0.94620594129525915,-0.31678855377873788,-0.065873582355352914,0.037516569045388776,-0.094801145397856154,0.99478904792841216,-6.9856487601883339,11.209222903554179,-2.3121316835344188,,0.1266368661660167,0.6,0,5
-0.039333242784547057,0.9990954093813712,0.016163507203650052,-0.99762139235645786,-0.038348535671961052,-0.057279554158347776,-0.05660789277843372,-0.018378051172169941,0.99822732566800587,7.1583445625568816,-11.73726754791846,-1.6163361236574538,,0.1926307681365055,0.525,1,5
0.93050937391893107,0.36616480019907727,-0.0086973642081859814,-0.36561253130000376,0.93000211394873489,0.0377298954052184,0.02190392671197889,-0.031928156007743583,0.99925012426746407,8.8935709250102093,-4.5480270474083753,-1.4728153872294867,,0.0733114002374782,0.375,0,5
-0.98901741345212635,-0.12360444323179864,-0.081033928090797042,0.13752383176468769,-0.97047078831283695,-0.19817579248793343,-0.054145651581869972,-0.20714340598923162,0.97681106554438513,-9.8800007992806869,18.740907580888901,-2.6256916830860848,,0.2441729174128394,0.2142857142857143,0,4
-0.8392187130061366,-0.51347770294356776,-0.17903240019650019,0.54373726311761261,-0.79710698661882962,-0.26262185853583475,-0.0078575083640176069,-0.3177437654199452,0.94814406030890874,-13.137261896283944,13.6433601159981,-2.8469615433670978,,0.3267741554155968,0.375,0,1
-0.67944094602098004,0.73359206967739632,-0.014236438337938681,-0.7305968725153722,-0.67820332444786779,-0.079173610367453962,-0.067736332502379398,-0.043392695402503484,0.99675918016581777,3.7416190004486505,-13.823668750222771,-1.8745389008792563,,0.3588498697099358,0.8986486486486487,1,5
0.99411163899412214,-0.099894395088985011,-0.041989987452082843,0.099216965738459298,0.99490437839500501,-0.017924049768463859,0.043566534473994077,0.013652387346348181,0.99895724102369465,21.21661402631986,7.4002658810498483,-0.74809213937355568,0.305841152962118,0.2514029595841286,0.5454545454545454,1,5
0.94358687007335962,0.33112201349202497,-0.0014250635590902861,-0.33011835122198524,0.94104468593661195,0.073869975341411084,0.02580102346105809,-0.069232299192284907,0.99726686294938693,5.6902378430608991,-8.2235332310068543,-1.6557468843983709,0.2221328782395174,0.1362318316387879,0.2413793103448276,1,5
0.93134822119975724,0.3633349008423416,0.024046635896381063,-0.36351676682660455,0.92392035330792066,0.1192759027603581,0.021119921969064124,-0.11982875520196377,0.99256990601305661,-0.3819801771990512,-13.887951008704109,-2.1615419540246186,,0.08930812071703825,0.375,0,5
0.78486899501315133,-0.58355631822034193,-0.20842908657901835,0.61465022485266552,0.7758517051920969,0.14233493119779958,0.078649613830029066,-0.2398252593361124,0.96762497034168815,-12.753741670186047,3.771853714096761,-2.8324296158454096,,0.4364946826666579,0.2210526315789474,0,2
-0.36609081913476649,0.92644435358339761,0.087626319440426939,-0.92934731361204748,-0.35913837327166565,-0.085634102586831462,-0.047865256996133164,-0.11278514333555573,0.99246583246753239,-29.294059104479214,-3.7302636095417347,-4.1548623417487667,,0.284851062193142,0.40625,0,5
0.29399435248503392,-0.95439344409717852,-0.05196609059022006,0.95372523278708887,0.29650662342771167,-0.049919962026328264,0.063051574541152525,-0.034885184933184689,0.99740038240420748,-14.780736314818629,2.9685059315669968,-2.9836481206674357,,0.07542889821880769,0.3823529411764706,0,1
0.31610085386720599,0.94774009272547932,0.043231548955868962,-0.94792009734873173,0.31738174580834366,-0.026764089187187149,-0.039086304849590324,-0.032519902649735893,0.99870652180951414,-13.90151291475229,9.7601996703928453,-2.8034833671377108,0.720046165001678,0.5257690763286231,0.704225352112676,1,5
0.90241189588674553,-0.42309871745010991,-0.081487701244802174,0.42620577786737268,0.90429017629115138,0.024655871020646952,0.063256660317771732,-0.056980280408146053,0.99636933040416886,-13.501581666255584,-10.040394599003866,-3.0061300597629343,,0.1555324726944237,0.4098360655737705,0,5
0.85992779100174588,0.51041322192946725,0.0015928409954438811,-0.5103826698056162,0.8598324380813408,0.014060895604042698,0.0058072906718848634,-0.012904313336121119,0.99989987202338138,-12.896948406272662,-15.907764623220968,-2.9815479908426759,,0.4747964971176322,0.9848484848484849,1,3
0.99809087922843609,-0.0029514129191475958,-0.061691863019245015,0.007849383831438541,0.99681962465021368,0.079303361124679006,0.061261602774261056,-0.079636204542815697,0.99493974237214045,-1.2237471582090962,-7.8107000107690814,-2.142760635773707,,0.2266590254727401,0.2043010752688172,0,5
0.14652044562027317,0.9886964415447359,0.031797885024213664,-0.98811748499086338,0.14779205145700139,-0.042205987507244767,-0.046428384320016891,-0.025236006080749489,0.99860279847721489,-15.702804342907983,6.271981520012476,-2.9520324726315779,,0.10130170648652,0.2647058823529412,0,4
0.99734016444494089,0.067759660125759402,-0.026855629662703745,-0.061046700193161857,0.97786114037436389,0.20015216846508377,0.039823319556070887,-0.19798034903846046,0.97939669420217301,11.326039242447857,-4.1630894282707764,-1.3260386296331867,,0.08845197337643163,0.1739130434782609,0,5
0.084645428286385896,0.99620660757668922,0.020187780728892043,-0.99388337566753149,0.085855605295645385,-0.069459704944882586,-0.070929451160474097,-0.014184853184361617,0.99738047048165701,-3.9350614057090287,11.535303932619797,-2.1369428012083289,,0.3141225607676945,0.5952380952380952,0,5
-0.91363428933792612,-0.37787947926002391,-0.14993159940504516,0.40599532940894534,-0.86713177272109654,-0.28853124828290228,-0.020980415727618325,-0.32448357106599562,0.9456586245914298,11.918249791909165,-6.7124718726564021,-1.2940490387442758,,0.6683544205273274,0.4634146341463415,0,4
0.95316730840964392,-0.28963875892642116,-0.087071645825019417,0.2970003806139514,0.95075781530981573,0.088602203936892304,0.057121415373598335,-0.11031303619640394,0.99225408940998994,-9.7179751917241823,-22.279563816152045,-2.9319835683505033,,0.3492483049995099,0.2941176470588235,0,1
-0.22986413307072828,-0.96931363042522467,-0.087141070681479471,0.97250964925822525,-0.22534614373501308,-0.058686434577363646,0.037248656717885159,-0.098235438491569488,0.99446585471653237,-5.3156387639952491,12.159656818575501,-2.2225761484934745,,0.07754472228439253,0.175,0,5
0.99864521566404196,0.030422541872855778,-0.04221613645648533,-0.028897944990401048,0.99892425573241406,0.03626623891132507,0.043274033861543423,-0.034997146389897156,0.99845007773944972,-8.4346009089688607,3.7482905494462679,-2.5620405188327298,,0.07114099981833877,0.3676470588235294,0,5
-0.99900750591592002,-0.020675758496415848,-0.039452707565513993,0.027219992135703343,-0.98448948458064867,-0.17331914717728167,-0.035257270906641679,-0.17422103133871608,0.98407517857503624,-10.063082465680159,11.407357873302869,-2.5665292946291021,,0.07805000324244588,0.3333333333333333,0,5
0.96348926748057728,0.26653477188667124,0.025448906166329475,-0.26753714708409992,0.95461361722172233,0.13090728300962404,0.010597470445498053,-0.13293628996696583,0.99106792725321202,11.970180193769679,11.912340324455215,-1.097228860915789,,0.1966410837656991,0.3636363636363636,0,4
-0.27575249050500084,0.960225604129331,0.043901630433845915,-0.9593438190792003,-0.27206579587592927,-0.075097533307899006,-0.06016644226496469,-0.06282508964464488,0.99620931903707799,-13.017121329020382,8.0028995676865069,-2.7458011260672981,,0.08408413946479439,0.3166666666666667,0,5
-0.084281065808645375,0.99497210786984247,0.054103664452630158,-0.99449287182939661,-0.080597634142798635,-0.066992158131412266,-0.062294701433423208,-0.059451879126126955,0.9962855234528375,-5.7250164417439411,-12.250099794596384,-2.4180304110970101,,0.4191787332658699,0.6422018348623854,1,5
-0.8310996303650976,-0.53182128530446537,-0.16260235208663418,0.55612266943468691,-0.79425909036926423,-0.24470405371923856,0.00099042810794552297,-0.29380030269367791,0.95586630926571914,4.7089445587079251,21.891614837226875,-1.6633847909791264,,0.4697325423731125,0.3333333333333333,0,3
-0.58855221112899447,0.80840898947116735,0.0090111329685469387,-0.80556729557247753,-0.58546857535962804,-0.091037791989983852,-0.068320034244837846,-0.060839567787522843,0.99580666793921957,5.178022156099308,-9.1427565685264618,-1.7036852829507549,,0.07863432391746653,0.2173913043478261,0,5
-0.38975789145042156,-0.91527314991465414,-0.10180298177080704,0.92038100499842324,-0.38337117987895708,-0.076976256575049889,0.031425971587414302,-0.12369963412848967,0.99182196427900515,3.2216959862385131,3.9522800551493416,-1.7447892373822473,0.7040464023899226,0.3294146494706072,0.9503239740820735,1,5
0.89147767701773561,0.45265798947649538,-0.019191038068867905,-0.45294504203421232,0.89141561681757153,-0.014798209025961894,0.010408663491984514,0.021884758551270915,0.99970631540841293,15.149931830535968,-6.7811442819381531,-1.1552363639956569,,0.1422947116810788,0.5357142857142857,1,5
-0.18730865602923155,-0.95950300038139325,-0.21040308846504036,0.98133451826962148,-0.17328159716114627,-0.083402945618320651,0.043566393344564684,-0.22209790711392763,0.97405055773638383,-23.760081602809493,11.309944813317182,-3.575308422718368,,0.2122601275000174,0.2592592592592592,0,1
0.92556730609232629,0.37783342374376233,-0.023813143325928078,-0.37798871432455616,0.92580753100295998,-0.0022242709981078516,0.021205983501448006,0.011059811945531902,0.99971395250014716,-11.231621000920082,-13.563344370090849,-2.7873787401186867,0.1702816208254582,0.1229615120813811,0.7619047619047619,1,2
0.99535934805119186,-0.08287141268281073,-0.048909070805534111,0.08391091527118355,0.99628059607877784,0.0195941872826281,0.047103360235313717,-0.023607262375585164,0.9986110206770562,-1.9294921371098146,-13.340625950710463,-2.2380790021209318,,0.116933329435851,0.3611111111111111,0,5
0.96845868898836096,-0.24240864194324405,-0.057669905793033764,0.24644795125287317,0.96599784376181019,0.078176551284865239,0.036758333017246757,-0.089923390498611269,0.99527011850805014,-20.299701814725921,-11.952086155406997,-3.4586794062522439,,0.7766307341147072,0.4166666666666667,0,2
-0.19014103301133753,-0.97444211709331252,-0.11962001504799522,0.98076959304999378,-0.18307193135908065,-0.06764372326390608,0.044015825721316078,-0.13018152089738866,0.99051268477637977,-13.821678412054453,12.730416417901262,-2.9177114738357388,0.5998115468139544,0.739335580976892,0.3617021276595745,1,5
-0.86598994094904136,0.49933352900642031,-0.026971262207567754,-0.49597294142134785,-0.86454233860034713,-0.081101085968673783,-0.063814289566924753,-0.056855708397981174,0.99634088788407738,-42.092450577199962,-12.276693695508024,-5.5584598335431599,,0.06685136067209123,0.1666666666666667,0,1
0.69110887126376097,0.72274796238510375,0.0019776068144066825,-0.72274208061416123,0.69111141105244756,-0.0029836927806867184,-0.0035232045136360142,0.00063275688617717108,0.9999935933038171,-0.93685770414827141,20.734489683597747,-2.0193992272782801,,0.1355302896922484,0.375,0,4
0.56472448845718171,0.82510060565863863,0.017182627229901527,-0.8248990070850255,0.5649739250152922,-0.018603552428330342,-0.025057538724169718,-0.0036680505124826995,0.99967928114897153,-29.226350063909379,-10.431283289027869,-4.1698593879626387,0.217841639286223,0.1759455075042189,0.5625,1,5
0.65067958975028706,0.75415375855722999,0.088702761718015694,-0.75933406300517414,0.64702118781279649,0.069104003367199573,-0.0052775223783409781,-0.11231959301619249,0.99365811866165776,-6.0584089686337705,22.969120232410674,-2.3382938834168527,0.3915798014095455,0.3464757183472418,0.5,1,5
0.15375955650122178,-0.98489813880667731,-0.079584263266619978,0.98643518728160873,0.15768555657378652,-0.045616735314056939,0.057477126556963229,-0.071490708649154106,0.9957838412525063,-2.5659319567498367,7.8684102294487648,-2.0569382555000435,0.2205305527617427,0.1776512603949665,0.5148514851485149,1,5
0.99596862795644325,0.079665911370389003,-0.041229051554518864,-0.080743124618791531,0.99641747193871855,-0.025154908905569158,0.039077358576983474,0.028382462556630132,0.9988330170082822,-17.945617538735014,7.0118418763955876,-3.0615467556092892,,0.07526202342031094,0.2777777777777778,0,2
-0.89906183947131058,-0.43170005407394063,-0.072958016139559864,0.43766607356316212,-0.89061830730503122,-0.12348051969815456,-0.011671197807776311,-0.14294787163745523,0.98966140125603252,-7.2111084829591574,20.471182943375076,-2.4536232508071318,0.6116525775844642,0.7173436747913045,0.6228070175438597,1,5
0.9664519033178296,-0.24321807272758639,-0.08255717819803679,0.24896262189857335,0.96610363229421015,0.068274333137137447,0.063153238006707954,-0.086537510748873059,0.99424490331238624,5.0300451334689544,-6.572331892984244,-1.7112743893515827,,0.1210103086714512,0.1935483870967742,1,6
0.81428374651763558,0.57971691453839003,-0.029500494153367477,-0.58044419413901094,0.8136503281592834,-0.032522007573418034,0.0051495288636923915,0.0436055327267117,0.99903555485683437,-12.047712654596705,-12.318293630275019,-2.8736215296230045,,0.07666712299415859,0.1904761904761905,0,2
0.4655665522651864,0.884860594437338,0.016416876192165128,-0.88487314095459835,0.465742569733475,-0.0091314377401942714,-0.015726087531591146,-0.010275560814897489,0.9998235359406622,-4.1375739042974953,15.627653676710318,-2.2620713368893437,,0.3623803185683419,0.6851851851851852,0,9
-0.99900183630200912,0.019407901616614792,-0.040232628798687699,-0.0082586025927870454,-0.96540186046111076,-0.2606358442375874,-0.043899049516220798,-0.26004342170696298,0.9645985135166375,-16.176324737280662,4.715883220558533,-3.0350496302835253,1.009212634617219,0.6815216708288766,0.2222222222222222,1,1
0.038902376588190388,0.99397527070762137,0.10246836739941506,-0.99803519104477834,0.043690963341462066,-0.044909432845538826,-0.049115807353677515,-0.1005199529646026,0.99372198150387669,4.6801757285578516,-8.1724974222652538,-1.7019278258108081,,0.07160294662146098,0.25,0,5
0.92566775724259354,0.37798646895325683,-0.016292098996606042,-0.37691789383269025,0.92506601005167088,0.046752308561295579,0.032743007042654405,-0.037136320971933763,0.99877364260100199,-19.804119446219708,11.137526066118568,-3.3315569409367463,0.7702615813909641,0.523230253854254,0.9207317073170732,1,5
-0.99889558966585501,-0.016363013727290432,-0.044043759238574752,0.020417157144048938,-0.99543504067481736,-0.093232073294983092,-0.042317143573972926,-0.09402835518335094,0.9946697581515459,3.5678977358158215,3.0926933529622294,-1.7462814498475387,,0.07075387717233857,0.2923076923076923,0,5
0.97463470258086149,0.20822796817187167,-0.082026275035075841,-0.20452304086941001,0.97751482195904715,0.051333211509725224,0.090870909969282987,-0.03325486613093722,0.99530728501300969,-4.6472058807520193,-25.401770918696062,-2.6678591923944106,,0.5170728738360346,0.5857142857142857,0,4
-0.31761231460841705,-0.9248642259810389,-0.20916161480916479,0.94758346673887639,-0.30149548078353011,-0.10576411787672049,0.034756167398271781,-0.23179007435091259,0.9721447270135154,18.26281639820386,-1.3945620692827478,-0.98729306224459412,,0.2358519800824296,0.3125,0,4
0.99618802122083105,-0.078260282031613074,-0.038532513964899984,0.085020542851068359,0.96990582557532279,0.22815388843576292,0.019517522113027,-0.23056022590937347,0.97286229681244418,-0.028440485556184024,-6.4135430078374354,-2.072886052257648,,0.4041456207958212,0.7626666666666667,0,4
-0.047195707670372095,-0.97248386920021124,-0.22813962681410532,0.99601512173963724,-0.063118832821030646,0.063007064756951253,-0.075673261086520047,-0.22425685516544924,0.97158757735359835,30.550433116299928,2.3273881560648495,-0.34753736776044597,,0.5385013816704869,0.375,0,2
0.34951304107154063,0.93032590194570119,0.11106012015949657,-0.93512382221273305,0.35373904201212536,-0.020300918368229767,-0.058172770702221245,-0.096759528343528675,0.99360632165036344,3.9499910655118469,-14.799443004390181,-1.8859190253416542,,0.1935079666729823,0.1111111111111111,0,3
-0.73581062491598492,-0.6744956405250323,-0.060318779608624175,0.67718645568886249,-0.73273911424896188,-0.067170638535023766,0.0011083737201546739,-0.090271930091103431,0.99591653774064992,-16.357015279876162,-8.5656920154341449,-3.1519157826054029,,0.0724954037402268,0.3448275862068966,0,4
0.92111266552610538,-0.38537593775591139,-0.055107567594165963,0.38471668997441832,0.92275955200338622,-0.022536140788482567,0.059535920774949569,-0.00044247628501826216,0.99822606575475537,4.7576796651084869,16.313730295716979,-1.6431098518323517,0.1967914376622268,0.1977833955157917,0.52,1,5
0.8117026612736109,-0.57419958515448422,-0.10692813516449423,0.57965044732433846,0.81442591123025876,0.026754327378161021,0.071722720235868134,-0.083697500113095097,0.99390672594403284,24.719306392517822,-1.6960291943151509,-0.6293972246308327,,0.3377964505462062,0.4848484848484849,1,5
0.53891612176965376,-0.83234064436635136,-0.12953171593306137,0.83984186689754359,0.5427947387526979,0.0062857130414656305,0.065077279466839222,-0.11217363022652811,0.99155535618491697,-22.141295879668068,-11.036825427189655,-3.5597897885755412,,0.47095638115922,0.7121212121212122,1,5
-0.46618068634493876,-0.87523163235045043,-0.1290161129941878,0.88439243801049872,-0.45726298490231815,-0.093597960597811336,0.02292560291047846,-0.1577344362255419,0.987215409300221,20.902861327075833,5.6896521064419332,-0.7960395156333574,0.125302822364516,0.1503189558306867,0.3529411764705883,1,5
-0.73313430506422061,-0.65291704369300751,-0.19029825220738314,0.67980894254708402,-0.71151953198572404,-0.17776320551742686,-0.019336296724467725,-0.25969075774466654,0.96549822266588536,-34.999439628244026,-13.856247044928951,-4.6838582532085846,,0.1887802456766757,0.2307692307692308,0,3
0.1408379715620553,-0.97621638921669063,-0.1648218043555304,0.98802798556435412,0.1491803847838146,-0.039318094274747743,0.062971148218296302,-0.15731107469113567,0.9855393753024736,-1.7875276770373727,13.372472169570282,-2.0153320772115655,0.2068646164902337,0.1059385249173281,0.21875,1,9
0.8602552954078535,-0.50695831514209122,-0.054351572479903958,0.50616322647384981,0.86196548059420552,-0.028535914731831025,0.061315698547178631,-0.002962595532990853,0.99811402562000862,5.5892565605630669,6.3728888833993551,-1.5536249761540544,0.3045016643408731,0.2551053044238034,0.8607594936708861,1,5
-0.99783258904172312,0.013246567606936406,-0.064456595418361184,0.0065650794910823724,-0.9546015008239267,-0.29781348921091882,-0.065475369243458273,-0.2975911676635265,0.95244552230093027,11.408070493327379,19.724476000137845,-1.3409321127546638,,0.4421470285263284,0.4285714285714285,0,3
-0.33082674089468006,-0.92114609357418775,-0.20504521892016137,0.94303091856106414,-0.31456852369932348,-0.10834819119626764,0.035303741258951422,-0.22920846012012927,0.97273692623570096,-20.434351610223629,15.910416301548693,-3.3783944629245219,,0.7518329619316015,0.4594594594594595,0,1
0.75860068853448748,-0.64152705095243778,-0.11387729471352447,0.64808545516177207,0.76096091542070932,0.030392894068116377,0.067158306729408909,-0.096858288743634544,0.99302982520108352,-8.4328926566191704,-30.613707040033702,-2.9529676424734279,,0.1425944729559706,0.1818181818181818,0,1
-0.54731697741678564,0.81597410868418585,0.18609239691185878,-0.83463884175466874,-0.5157326573605312,-0.19338518548810571,-0.061823377987439442,-0.26116293781639849,0.9633129241556605,-13.925349745766114,-1.3021478695489637,-2.9166411693464362,,0.5344022255312828,0.2902298850574713,0,5
-0.54576800803368763,-0.8043544837454436,-0.23484281101524382,0.83757256626721532,-0.5154106978647196,-0.18117397374665575,0.024687601007222556,-0.29557685465070438,0.95499991903209325,-0.029303409957744234,-10.482166803880268,-2.028099557394591,,0.1624916932228821,0.3333333333333333,0,4
-0.44173123756253008,0.89467127154174619,0.066609531144956075,-0.89614777079093255,-0.43651722113015917,-0.07982411016256831,-0.042340130702654397,-0.094952785818420662,0.99458095789000689,-23.351310256293552,0.4051896180229756,-3.6058353103924619,,0.282131335557715,0.2,0,4
0.94290001440696447,-0.31590871381309926,-0.10555210736077125,0.32793308417533668,0.93596669250480491,0.12816490480965534,0.058304846578976575,-0.15546071869951519,0.98611992668581283,-5.8475168224599745,-21.878250779305564,-2.6491245870043567,,0.3374514682262153,0.3333333333333333,0,1
0.26611547813017483,-0.9596626275143042,-0.090720414747117867,0.96192769303561676,0.27046071182063935,-0.039320690897394338,0.062270905491440411,-0.076802634810360551,0.99509983901891053,-21.541257147178658,-8.8009202931480193,-3.5444859918951668,,0.6871823798378948,0.6216216216216216,0,1
0.87849151843204343,0.47727166024025852,-0.021550275508018586,-0.47759883358650274,0.87846912183613468,-0.013833153554562159,0.012329079437511496,0.022444694516948336,0.99967206097213013,-12.538837614910813,10.718251061710111,-2.7169139801677034,,0.06895639995436328,0.3333333333333333,0,4
0.99537963545203278,-0.085365312297080373,-0.043956168893577889,0.088204168006262573,0.99382615210612646,0.067302333809863238,0.037939505448830166,-0.070868489798733475,0.99676388933385118,0.82362736306797368,13.664739259519123,-1.8644871165556756,,0.2795759677943911,0.1818181818181818,0,4
-0.91866083867691717,-0.36765861890975582,-0.144531669272841,0.39465450574264843,-0.87042861614681477,-0.29428191464948589,-0.017609218564399464,-0.32738534502037869,0.94472681304567563,-19.309247105717681,9.8105317878938791,-3.2779728673916613,,0.1270662942334334,0.5625,0,2
0.76066504319443795,0.64545143643694614,0.069145753763246484,-0.64914386186546025,0.7561776058734877,0.082508635777337608,0.00096884694392588308,-0.10764697662695466,0.99418870932971082,2.3146600434448699,-3.1020215019878745,-1.8545887156608853,0.3954324506044093,0.3619982740641507,0.2272727272727273,1,3
0.41000571635760752,0.90803690473716514,0.085815454257577709,-0.91172552526143591,0.41066073431109157,0.010692421701130585,-0.025531923955017674,-0.082624094127708492,0.9962536724794202,5.6122203881231485,17.208916296851591,-1.6436913352193259,0.6235092931264121,0.2455572761965894,0.2,1,5
0.67614854148534587,-0.71962838879597302,-0.15798142892806019,0.73335206913073692,0.67797814019258429,0.050402223390158409,0.070837084559618749,-0.14993539762149757,0.98615489857890837,11.569281612763954,10.383336797959782,-1.142410490275803,0.2422576376996139,0.1691233893442707,0.4705882352941176,1,5
0.95442323255224515,-0.29159535938020908,-0.063627349091797569,0.29273187687042729,0.95615097749680444,0.0091299778653669231,0.058175092852867621,-0.027339616307325725,0.99793196358856484,-5.9182147673126746,-6.5257206084529349,-2.4482738255674068,0.6397216285438796,0.6356470875985916,0.9392446633825944,1,5
0.95840823408397635,-0.27876672134425018,-0.061178198003957338,0.27925038324270507,0.96021808707054468,-0.00066986669313505508,0.058931148799565874,-0.016442029484263938,0.9981266349354686,11.231320758721951,16.988847928296668,-1.2687581019562304,0.2287806924379339,0.1854152254824938,0.28,1,5
0.64421247299115381,0.76477566521100404,0.010414967291685289,-0.76459004107403961,0.64428934351383127,-0.01712632257415355,-0.019808047178344484,0.0030698103494052253,0.99979908858300048,-11.043506054913397,6.7465853215698255,-2.6542604091245434,0.1299861763842612,0.1509511482420871,0.2372881355932203,1,5
0.013805458379797925,-0.98983414816800319,-0.14155482485399884,0.99865979376489522,0.020711518094210783,-0.047430468432109948,0.049880112633993362,-0.14071031283724658,0.98879349827194141,-0.3789959778409544,-5.0568654040501846,-2.0788229648016077,,0.0864858660167875,0.3551401869158878,0,5
0.99054198196461929,-0.10231900756024492,-0.091418830978582152,0.11554476460656189,0.9813568850913984,0.15358408594552439,0.073999927956844985,-0.16269445219673156,0.98389761961638444,-16.655765845493882,13.072684719870136,-3.0793910750161868,,0.3819043775943663,0.3181818181818182,0,3
-0.89602861025751268,0.44391542346067514,-0.008475046532039357,-0.44043299719652662,-0.89108900836389104,-0.10944932230736874,-0.056138263069632273,-0.094337034015212082,0.99395624623659273,13.252559527982763,7.1690821012903303,-1.1277732741681967,,0.08777151903685201,0.5,0,5
0.64529473732662657,-0.75950711813771898,-0.082119665590515117,0.76102134165186563,0.64848728289318724,-0.017628428069657951,0.066642475411374247,-0.051119286223005059,0.99646655691352548,-11.125454268627978,15.709438272342325,-2.6721677157060597,0.3116371397193395,0.2711991165099805,0.84,1,5
0.67863373290865292,-0.71148629729844837,-0.18232801571620927,0.73224431844965254,0.6747335728144761,0.092481694487153113,0.057223375089820949,-0.19626985115792764,0.97887876208945002,-18.068011179797583,-7.68922492940683,-3.3064282840968446,,0.4059892652878502,0.4698795180722892,0,5
-0.99673386804411035,0.075383239478645753,-0.028964866641006119,-0.065790096793182498,-0.96598468717561548,-0.25009047823972047,-0.046832248053769572,-0.24736804835696469,0.96778912434181497,2.9538290459555099,-5.343382465600329,-1.8696519079019065,,0.4213686140915064,0.3555555555555556,0,1
-0.25209493453938747,0.96420022256148796,0.08225615352031912,-0.9657232362218745,-0.24523503878749559,-0.085078826813991093,-0.061860932750254873,-0.10088462005316695,0.99297307034783,-9.68456806755953,-20.127957081068864,-2.9203876351865543,,0.2738382795928659,0.2307692307692308,0,1
0.83427405309308755,-0.53363869947341258,-0.13862374529623983,0.5477313550741304,0.83093337128787259,0.097673410654217155,0.063064784184906908,-0.15741496404247987,0.98551679949720594,2.5326598701606211,4.6933699721769928,-1.7640441980526114,,0.08471867096298451,0.2115384615384615,0,5
-0.98703777833589823,-0.1407799239757474,-0.077054767166717997,0.15490803663046035,-0.96122899206174428,-0.22812786986087299,-0.041951452001453803,-0.23710722853879049,0.97057727041674724,-1.0970578087168166,2.7892158064609243,-2.0222885842801861,,0.4733435223663261,0.2706611570247934,0,3
-0.072713085593142102,-0.98404713224199658,-0.1623700979547231,0.99586616538590877,-0.062750144475998249,-0.065673434566851707,0.054437007844751993,-0.16647420489235962,0.9845420007711031,-19.471890990996361,-0.63274855959711684,-3.3900882366585479,0.4205344423804017,0.1615902090962089,0.2631578947368421,1,5
-0.73621036401140527,-0.67450519760112193,-0.055109330709650087,0.67531641973043799,-0.72690533532685209,-0.12472516472556577,0.044068505359913669,-0.12904019483257287,0.99065967665637578,-13.72554406234639,4.3003962044913759,-2.8711914055465617,0.1684225808624216,0.1676633357489695,0.5604395604395604,1,3
-0.71650654044818007,0.69699146364100717,-0.028657932698420076,-0.69436292224864971,-0.71654084959108399,-0.066553310012376382,-0.06692166839892992,-0.027786876018262959,0.99737123470644062,-6.7307102707346846,1.1255816110995378,-2.4127530643514383,,0.08214567881438248,0.4328859060402684,0,5
0.34173226436435528,-0.93523865920551152,-0.092453825339399526,0.93764099856925909,0.34595470270467887,-0.033833437285630125,0.063627174182528723,-0.075126519977934597,0.99514199424079774,1.4762122799749999,5.5153121004065753,-1.8193283021519251,0.4168381321506294,0.2228001726450026,0.7456896551724138,1,5
0.91541222506172337,-0.38239056330019366,-0.12568975816073705,0.39841221027615481,0.90525341384025038,0.1475939274951388,0.057342557585208648,-0.1851856199318184,0.98102911132139925,8.4349216299715408,20.67244033030244,-1.501288448348409,,0.3145731858814058,0.2857142857142857,0,3
0.91837758170932993,-0.38741066032143828,-0.08059527084779719,0.39009323249606959,0.92055603464338864,0.020096194724556395,0.066406982874469486,-0.049895564441611348,0.99654430171195241,22.780638499914222,5.4077472247354068,-0.73455923190800343,0.3479322453362222,0.2994663639557933,0.6388888888888888,1,5
0.56994149282931705,-0.81675695369408685,-0.089859742620618119,0.81877566591069195,0.57371207013538095,-0.021467871191094175,0.069087652037042507,-0.061339540048240306,0.99572303235522175,8.546178932263599,10.558146311833832,-1.2861827432670478,0.1106978523537585,0.07753173890974555,0.3043478260869565,1,5
-0.76930307101852946,0.63051267298067581,0.10308517901338976,-0.6353660330584503,-0.73813288959362611,-0.22686965715082316,-0.066953632888945347,-0.24002834522390676,0.96845423460896984,-13.851515409781083,-11.663817708675253,-3.0341621999996677,,0.1652511841830749,0.3125,0,1
-0.17788151706917377,0.97104953034663199,0.15943956691723224,-0.9839587002148068,-0.17328449839207952,-0.042399986893786427,-0.013544081982811653,-0.16442412301907153,0.9862967431826245,-18.367895054920137,12.767435245209164,-3.1897929720414129,,0.2581448373615689,0.3157894736842105,0,2
-0.34729357229523583,-0.93282830586307308,-0.096013157551666617,0.93649725050913135,-0.33970044261922383,-0.087043144894582092,0.048580597271436626,-0.12014558279408714,0.99156692386536283,-8.2126419919080913,2.0747578378748837,-2.5492530393105497,,0.148824373396086,0.2659574468085106,0,4
-0.50855667377062641,0.84597166309759597,0.16031860403348483,-0.86036969089684623,-0.4919987751087852,-0.1330458577991859,-0.033676468778998637,-0.205594626698617,0.97805763885531549,1.2182641023630418,-15.489965945164606,-2.0961015469384114,,0.436779673313032,0.1904761904761905,0,6
0.881834035822464,-0.46326401725303296,-0.088063520163836617,0.46763172598888209,0.88315825712933771,0.036770391797330736,0.060739625564568842,-0.073606678928285027,0.99543596213087659,2.3716694962908726,27.726158071472934,-1.7851433460628405,0.3184181393123774,0.3200734674355589,0.5,1,5
-0.9976509608797911,-0.05157938765723194,-0.045079119606907539,0.05525264571473594,-0.99489491596823387,-0.084446736598179514,-0.040493275949850575,-0.086739108535109133,0.99540776652253604,-20.280045486761068,6.4912495119820459,-3.2262348062559387,,0.07323617570213115,0.5,0,1
-0.87663839145766487,-0.46727437324843596,-0.11471613107057398,0.48097298331430055,-0.85750808434874548,-0.18260579015542772,-0.01304300365181457,-0.2152546059479982,0.97647085705304726,2.3056354724372587,3.0492622450182374,-1.8211488487844918,,0.07086834612266688,0.275,0,5
0.92182290183077953,0.38693185563762073,-0.022940722593395423,-0.38726951383379149,0.92188049557240193,-0.01259664789221775,0.016274560369438831,0.020496120999084856,0.99965746518933751,-16.653121666395535,-7.5794447877018571,-3.2006253977994494,0.3347118513365649,0.2173183509013295,0.654320987654321,1,5
0.046024850677733722,0.99622526240411458,0.07359986187450035,-0.99814898475768465,0.048795440999619084,-0.036298886551195238,-0.039753205497118971,-0.07179297657505164,0.9966270371443865,-25.876186575351934,-0.62667549189191218,-3.8257898507449326,,0.1990921542019675,0.3809523809523809,0,2
0.89990867461866286,0.4353301792611905,-0.02553453290156376,-0.43526810986370107,0.90026323965141464,0.0082323670970132663,0.02657159915703414,0.0037059893090686516,0.99964004309625298,12.85704179834117,-2.8921078786220598,-1.2530262583304397,,0.08985600849341666,0.3157894736842105,0,5
0.50075363998506539,-0.85762378353322544,-0.11716329612921812,0.8627629224356399,0.50545534128718683,-0.012451410946878861,0.069899439997914925,-0.094849058416036996,0.99303460383088837,15.179265066230379,-4.2225783805366479,-1.0723252577728595,,0.1084257710102441,0.4642857142857143,0,5
-0.6951192618492279,0.69674330980071997,0.1770818230483357,-0.71806088036161975,-0.66106097083839321,-0.21768547247920889,-0.034609014728532221,-0.2784728946991768,0.95982032850809196,-24.065030332352809,-2.2140304645870614,-3.7397946572095022,0.6335303072855671,0.3069196906546093,0.1063829787234043,1,4
0.12674179276490807,-0.98428200535280186,-0.12298557600549483,0.9905861419615194,0.13205819739513852,-0.036051738578581835,0.051726331017469949,-0.11725854527245709,0.99175340697174197,9.5480613036301616,19.79914833969573,-1.4494343014944131,0.1547503662545362,0.1394978365684819,0.3333333333333333,1,4
0.99240324169780636,-0.082456527352334344,-0.091305678709913893,0.096662389364175164,0.98170157450580142,0.16406828180741667,0.07610642778433957,-0.17164771979208757,0.98221426987194782,13.704611484053233,8.7809352766874174,-1.0909039582723448,0.601343792031598,0.4870186039759415,0.2727272727272727,1,4
0.65458964884762738,0.75595354732281328,-0.006828316893239518,-0.7559842294579302,0.65456862062781984,-0.0052693168715136499,0.00048624318902871545,0.0086113401656212236,0.99996280350226674,6.5323781468679751,-9.6130237433574699,-1.6431441056424132,,0.09108521534041836,0.3529411764705883,0,4
0.99369334514835062,-0.10445098433322583,-0.040786366345898661,0.10768973788040327,0.99032322547283214,0.087537588750988785,0.031248298563788975,-0.091377792493074636,0.99532589782239778,21.636370836645156,-8.7970187817794034,-0.66418594816837839,,0.2197927211230198,0.3333333333333333,0,6
0.23379414913615909,-0.96762601373169499,-0.095079931528205319,0.97035125097814923,0.23837682870072724,-0.039936665656069757,0.061308609141294171,-0.082923971734914684,0.99466822074341277,15.193313587754572,-11.852715718879091,-1.127848899040218,,0.08779800596977605,0.3076923076923077,0,1
0.85294393942958024,0.52121005458687597,0.028752655319029284,-0.52189350325299788,0.85034549738624865,0.067377342907294441,0.010668057586194261,-0.072474920299919532,0.99731317973586353,-3.0145815722213611,-11.540808989534401,-2.2432698142924137,,0.1311154718071672,0.3225806451612903,0,4
0.93436825865403184,0.35460644238229361,0.034788334838062165,-0.35568479024818661,0.9224997382824176,0.14994186491762082,0.021078121499210449,-0.15247460080237529,0.98808259214714467,4.0923381673405652,19.076878648412652,-1.7553576628303915,,0.09639567599831234,0.5555555555555556,0,4
-0.99565106169231732,0.087667382439239536,-0.031518144095320354,-0.080117987554241585,-0.9784080500930934,-0.19052242803221098,-0.047540208468407848,-0.18716868747010734,0.98117674809867872,17.441251594732456,-15.917519150507163,-1.1070243512593547,,0.1744253009544392,0.1428571428571428,0,1
-0.99055160331308145,-0.12705558208154619,-0.051617828662217931,0.13167884302883309,-0.98632365810803146,-0.099127815243644238,-0.038317143323459202,-0.10498819228041617,0.99373501297338773,-0.75664786769919379,12.601668545640786,-1.9602515889986458,0.1737063940386503,0.1589245142007098,0.515625,1,4
0.13778500069950672,-0.9560769203116164,-0.25871261281524749,0.98282893670559779,0.16434277844629019,-0.083897153388526199,0.12272968164377047,-0.24271047282721195,0.96230403284180954,8.1698159002410282,-3.5305433435425342,-1.5068339616808282,,0.3673945672986202,0.25,0,2
0.89365435380656844,0.44853865194385106,-0.013963295991820479,-0.44851475507205263,0.89376158660454708,0.0049740117387209112,0.014710894099917141,0.0018176970355769928,0.99989013675116623,-3.5548610860727439,18.593719937933429,-2.1552206426423579,0.1331393358974988,0.1621863636497057,0.3793103448275862,1,4
-0.99670216592650329,-0.06522181305412314,-0.048279473271265749,0.07443043713714538,-0.97180137944275702,-0.22374581323620071,-0.032324951121251493,-0.2266013989698395,0.97345102779745485,14.926768274759899,16.87352087174834,-1.110264403156844,,0.468403855018799,0.3333333333333333,0,4
0.91783279022358422,0.39609376384793749,0.026319183710096058,-0.39689438274022615,0.91437527560060972,0.079954388995010492,0.0076038240146936451,-0.08383069611475745,0.99645100042564583,23.016028934155326,12.530910597831934,-0.64799197756714177,0.3189270239541099,0.2079363100286311,0.3684210526315789,1,4
