axis_00,axis_01,axis_02,axis_10,axis_11,axis_12,axis_20,axis_21,axis_22,location_x,location_y,location_z,dbh,dbh_approximation,score,reconstructed,number_clusters
0.046059193151552477,-0.98879021610177598,-0.14202978303029326,0.99750360987821229,0.037907230853924376,0.059578436778115779,-0.053526619603376964,-0.1444193560101675,0.98806778644151994,9.4399297866869496,-19.725737964283869,1.1266441397964637,,0.1375407398928039,0.1578947368421053,0,4
0.79904721229594566,-0.56504716436714819,-0.20553650420964928,0.60080904781097288,0.76369600690192441,0.23621366833976501,0.023495544057343481,-0.31223406457768355,0.94971461414824432,-4.2733884186223063,9.8952674434411989,-1.9945786137448689,,0.3157352217419772,0.323943661971831,0,5
-0.84131633933019501,0.53945850239590065,-0.03422486477419117,-0.53934431468627486,-0.8419806458617537,-0.013277884237196729,-0.03597954129268896,0.0072880852763781345,0.99932595103968525,-7.3158792777237451,21.680739643659784,-2.6038309242193263,,0.09203670454443352,0.3181818181818182,1,4
0.35907598262846507,0.93218379473016943,0.045801872689497841,-0.93017248985240752,0.35341881953505805,0.099369397302289109,0.07644329807888034,-0.078284805939010951,0.99399593124816976,-20.336715035936795,-7.9253392529603177,-1.7098280547105655,0.4007350774819664,0.3398623066806937,0.6460176991150443,1,4
0.81514910681817543,0.57812121927384297,-0.036163372061460718,-0.57162696483994901,0.8129466995383956,0.1111767816475067,0.093672550522541878,-0.069953695649013839,0.99314245390258427,-25.17679606173099,-11.076858321249103,-1.764864526673088,,0.08006096429539923,0.2962962962962963,0,2
-0.94175479838882104,0.32976773740602705,-0.065963164552207521,-0.33187877354651069,-0.94302160573851923,0.023806108031558689,-0.054354202973606318,0.044311290620516322,0.99753803443410072,-0.86488522271679635,-1.5542618096874552,-1.1736811816367634,0.2966549119845659,0.262324416530204,0.8434065934065934,1,5
0.80852619393041536,0.58533608700438855,0.060556246406022154,-0.58031875182720782,0.77604855104485049,0.24693884404625263,0.097547629423312035,-0.23479844903997668,0.96713708869131565,20.703835799705143,8.098416896172191,0.058651047572112772,0.8082221185604198,0.52300422090587,0.25,1,4
-0.032709888486558814,0.99063733411293875,0.13254333426018688,-0.99946363035995589,-0.032631358001154603,-0.0027651514785142625,0.0015858067018170244,-0.13256268983621011,0.99117335440400867,28.177495970175173,3.4204414703776633,0.87748977039957921,,0.272667682251006,0.3125,0,5
-0.46114547971069958,-0.85861606638872301,-0.22388232864954874,0.88631368760557427,-0.45775739668844045,-0.070044364084704033,-0.042342575564055178,-0.23073061417197643,0.97209592632539377,-9.7567145841743148,-4.734344302369287,-1.4079620746396495,0.3493790795558612,0.2916900229037155,0.5764705882352941,1,5
-0.80713951240748083,-0.57116454729473998,-0.14932135622277698,0.58336748395338922,-0.81046023735033146,-0.053259575100983281,-0.090599040704121919,-0.13009713135822634,0.98735330567930635,-24.841281221068932,-8.5623659236227905,-1.9133222808777299,,0.1693416954679657,0.3823529411764706,0,2
0.95998849100861505,0.27977350610721563,0.012201738051453127,-0.27229433369031864,0.92237487460937417,0.27400800449892915,0.065405603514881644,-0.26636699489579324,0.961650004450183,9.652232995895039,-3.8650563869089827,-0.31572696771230824,0.6407973017700466,0.3443011828897638,0.1666666666666667,1,5
-0.23934624822151107,0.96987494421894727,0.04534276169997193,-0.97015537724263468,-0.24076353032169823,0.0288351603816259,0.038883382948094576,-0.037087936628051474,0.99855524007797658,-9.3734902005034417,-7.6257131214125247,-1.1439168815267908,,0.5610630668774572,0.3381818181818182,0,3
-0.85506025903094551,0.51829802609182674,0.015463168344464458,-0.51713239644383235,-0.85019159527460708,-0.098733661294812605,-0.038026805995140321,-0.092419735304403478,0.9949937459864121,-16.915838931942602,10.351349855888312,-2.8277985404015924,0.8116418232233483,0.6477774947031082,0.5764705882352941,1,4
0.33219395198224594,-0.93688794293652,-0.10903284205501242,0.94290594824986296,0.32691998662534349,0.063652926876241162,-0.023990644456622461,-0.1239528326625145,0.99199805657747864,-28.109126356323905,8.3879867152640752,-3.1358614941460141,,0.1080878633162645,0.75,0,1
-0.18705885065893083,0.98191202337171191,-0.029287621074933063,-0.98164078261095877,-0.18570929230777952,0.04351359173277472,0.037287535519295222,0.036889525730385321,0.99862345385349482,-15.559247539722364,-1.7790254977318978,-1.9296029825321173,0.4380563365891477,0.3878806818626617,0.9533011272141707,1,5
0.63389053142519813,-0.71967780543483006,-0.28327839757734335,0.77335807583883576,0.59452983783994984,0.22011714711229793,0.010004034402864593,-0.35860581183593604,0.93343547769149871,1.6007804352234691,17.895763761874431,-1.8241346931074136,,0.4018043165346958,0.7906976744186046,0,3
0.71765827669620064,0.69599625366826401,-0.023575681733065304,-0.69019572690953457,0.7153688287684179,0.10898301419174999,0.092717077419733271,-0.06194072736286807,0.99376400108300367,-13.07594785974705,28.993956187123885,-3.104097463659119,,0.1871699737500923,0.2222222222222222,0,4
-0.18568491486927358,-0.9693831733398266,-0.16067786292952224,0.98041411652150601,-0.19370066603046687,0.035611965751822287,-0.065645049435171215,-0.15091824019965649,0.98636423914276872,-22.016519681181826,5.2852389620165194,-2.6532744649992126,,0.1259227581568656,0.2,0,1
0.14057050471374899,-0.94754338197072319,-0.28705656670420571,0.98998177213061411,0.13063511980392944,0.05357757294747522,-0.013267405686525244,-0.29171219507812368,0.95641412117819136,0.93606754825824623,-11.402388325702704,-0.19557528439488844,,0.2004069974140359,0.3157894736842105,0,5
-0.69755656546386358,0.71547288765608674,0.038902249386359,-0.71650193399278406,-0.69602258772782133,-0.046664075660689412,-0.0063100366764289213,-0.060424369270412226,0.99815283350567841,5.8634418453582695,-11.79121723781787,0.19191269069942185,0.8253159324475552,0.7959034022747705,0.44,1,3
0.81971075758601541,-0.55713006622142569,-0.13296752689987854,0.57143422038896285,0.81133766077965908,0.12326447975409995,0.039207214466452554,-0.17702341515375986,0.98342539362225179,-0.70136248318869321,-28.241034030678883,1.2401345598441591,,0.3512926729534972,0.44,0,5
0.69015072113701581,-0.69153894548141204,-0.21322727076176931,0.72288467191295613,0.67248545113483604,0.1587484460562481,0.033611504389927639,-0.26369908019261701,0.96401922277422092,1.9230000337834086,4.0175455730203691,-1.3188702522503257,,0.4129012110466238,0.3803418803418803,0,5
0.98644705791912835,0.15508635881565305,-0.053576330893394038,-0.145242841177666,0.97724325272120538,0.15459670791293786,0.076332948386232571,-0.14471988916586906,0.98652391490043667,30.590570734304464,4.1545748166024508,1.0162116849582532,0.409769469931582,0.299163235995027,0.6111111111111112,1,5
0.99505915488375063,-0.019615677530627162,-0.097326787047816443,0.033699323865602357,0.98882135720954789,0.14524695899491144,0.093389688151518102,-0.14780916318443418,0.9845967791058835,-0.59032161888593271,-17.33991349712138,0.29160788354446915,0.2718379139933778,0.1459612042157806,0.5,1,6
0.087801959554261816,0.99566864771966657,0.030573842521402394,-0.99477482206851642,0.086035388736452098,0.054963308338567884,0.052094810461165021,-0.035239974929890235,0.99802017759660422,26.774666813348407,12.091218444495864,0.41147720364920604,,0.2402791687302057,0.125,0,3
0.85392337177450084,-0.45823961755315146,-0.24664007793140419,0.51899315315178751,0.78470609327795038,0.33894314295176747,0.038222795800840287,-0.41743598320844194,0.90790209703688263,19.900289914267908,5.6923536519514499,0.092170599114713647,,0.4769758131054045,0.1612903225806452,0,1
-0.98245941535750347,-0.16670535673464321,-0.083563276691187058,0.17488045957496215,-0.97923472814777279,-0.10254838881332069,-0.064732696794144159,-0.11536321435073356,0.99121188791318693,-0.4738913111498409,11.479894598687849,-1.7731799324552149,0.4659140826988698,0.2376860999618311,0.3018867924528302,1,5
-0.98494799183767623,-0.12466784278003598,-0.11973045707547207,0.14307879191365366,-0.97668249045418676,-0.16006177602643801,-0.096984084670932835,-0.17478341402084005,0.97981878197132022,5.6333232962992987,29.735711584052119,-1.8879646491132389,,0.4080245769322498,0.25,0,5
0.14030357068478577,0.98723509061740522,0.075377608788970776,-0.9881293781901439,0.13480551794761547,0.07367363360412546,0.062571878752832377,-0.084819503562086965,0.99442969173532936,20.977951703751437,5.7171230393038517,0.19332093576085063,,0.5229184921680914,0.1428571428571428,0,1
-0.43705028493671499,-0.86862419767008525,-0.23340747986887012,0.89535608268842348,-0.44485514731080139,-0.021009119541922028,-0.085583489234652227,-0.21816484852763515,0.97215202784201238,8.5159450391035882,1.9187433900070319,-0.78203894886806102,,0.4056749174590545,0.1775700934579439,0,5
-0.010724539798076672,-0.97251619219133612,-0.23258813420246427,0.99824368929450891,-0.023965397463967284,0.054177453872271061,-0.058262518224047447,-0.23159860891218276,0.97106516945060617,-13.832769968374762,10.73527391538132,-2.7697755378079352,0.333701119626351,0.2987651730076177,0.4866666666666667,1,5
-0.95645685585638485,-0.27875902761758142,-0.086508308312083643,0.27843528902142578,-0.96032118609682227,0.016031511505380465,-0.087544689803969719,-0.0087535167385679614,0.99612213268847416,-3.4048673887576983,-5.5315750030560578,-0.97729887043174701,0.08286000129646942,0.08933351184373202,0.4264705882352941,1,5
-0.7198741848370811,0.69332674433076247,0.032850929984615196,-0.6939966295154294,-0.71812099937646112,-0.051680832769771555,-0.012240760857570258,-0.060002132047611047,0.99812319275897465,-16.73401112673476,17.521074222267789,-3.2181153131070541,0.3832169904533973,0.3531111796689498,0.85,1,5
-0.13543794107580867,0.99077698789043844,-0.0041862135511788771,-0.98992155509061053,-0.13514214826426463,0.04233101143968996,0.041374858116172405,0.0098772480615724832,0.99909487091396743,-18.231023143028537,-8.195414163081697,-1.5713545145053314,0.2680926647782939,0.2293151750389903,0.7604790419161677,1,5
0.55841195817666078,-0.80081381045820499,-0.2165024848465156,0.82926903799111973,0.5319111237399583,0.17141592420477242,-0.022112159428435287,-0.27525950922920617,0.96111563039225745,7.0502348493212663,9.4363600415087419,-1.1747424502777828,,0.339998341657547,0.1304347826086956,0,3
-0.42942432655186835,-0.89605234231831643,-0.11262747263138131,0.89956271357850015,-0.43543320065833191,0.03442168072198315,-0.079885368527407311,-0.086533967840952616,0.99304088551526459,-26.677704362797709,-11.534902222729913,-1.8253012576839718,,0.3310970280935179,0.8775510204081632,0,4
-0.29602139410501377,-0.94836962639083477,-0.11387003983240053,0.95204707819229117,-0.3025954685806449,0.04519229248424822,-0.077315555599413763,-0.095031753292088017,0.99246726431081134,-13.690815933118255,2.8630286611856826,-2.2008377487919453,,0.07664269764958324,0.2941176470588235,0,5
0.99661789717190874,0.037927787072234168,-0.072898902628540332,-0.031240880825488579,0.9953812982550061,0.090774877854095756,0.076005094578519991,-0.088190441953658688,0.99319971382704686,-3.6058615498041329,13.138046531623411,-2.0887423890968755,0.4535014293320248,0.3990551851153235,0.9375,1,5
-0.1470511657289546,0.98813894675780678,0.044242248565454466,-0.98741765303298934,-0.14927974628602905,0.052172174840633766,0.058157829538062471,-0.03601359811447314,0.99765760038916695,-5.2580056420488495,-17.46018566145764,-0.010507110913927222,0.3134863259929083,0.1582039776948648,0.3529411764705883,1,4
-0.90565770244360377,0.42365238195731414,0.017400726032730109,-0.42136223598369899,-0.89466621063318397,-0.14841239044660792,-0.047307421102715602,-0.14174283337492893,0.98877245971732886,-17.774643892064322,24.432381649580861,-3.2816092025954391,,0.4620386579494378,0.6111111111111112,0,1
-0.86910837218076675,0.4944994019802188,-0.01099903843544524,-0.49261457066877135,-0.86736883040355783,-0.070726210199523742,-0.044514291751307632,-0.056050454820376641,0.99743512287482095,-0.062873775150136618,7.2347362334309535,-1.592426863539002,0.5777779401126002,0.5731226141897382,0.2814070351758794,1,3
0.36046006190077329,-0.89519617718111733,-0.26209225119183666,0.93208496306193578,0.33487939129882371,0.13810653466494546,-0.035863148332529952,-0.29407413630519019,0.95510954185791486,-17.208973872484872,11.954494047233251,-2.9835295275940323,,0.4514929575196722,0.6216216216216216,0,4
-0.96883951698150816,-0.2289523378095516,-0.094503001786072627,0.23037611882066214,-0.97309218939651876,-0.004293578067026441,-0.090977108176539034,-0.025931022868957817,0.99551531773288326,-7.3630670770579858,-7.8403959549443627,-1.0150187863920543,0.4048047238005833,0.3786867299071218,0.9146666666666666,1,5
0.13835728178114251,-0.93949354508267024,-0.31338337755236856,0.9895213043824449,0.11794187310263474,0.083290472097995213,-0.041289838355198213,-0.32162337184514272,0.94596699515974814,-37.219819014824161,19.916919030002962,-4.2325710233816798,,0.4570704338677447,0.3571428571428572,0,1
-0.86261718513337782,0.50334515071870378,0.050351277645476235,-0.5051024815151528,-0.85161712565627345,-0.14007053386126958,-0.027623813636088606,-0.14625980492572635,0.98886045243162923,-27.499761060585485,-9.3793487514718681,-2.0037637958912087,,0.4329526094603326,0.1333333333333333,0,4
0.97993039509212554,-0.15734404419503681,-0.1223898383483685,0.18346331641706415,0.9519962607687168,0.24503944786836412,0.077959170748807288,-0.26257564860194255,0.96175693210780999,11.00449670638146,-3.3202353649617149,-0.23642315879594844,0.810168066965838,0.6358315966394146,0.3902439024390244,1,5
0.78008573516917146,0.61870428801710475,0.093119545611102195,-0.62248598999474081,0.75246682078443561,0.21518567768053123,0.063066933061934005,-0.22582889010888124,0.97212338432235557,15.872955613291712,-13.580398411913007,1.059303969051673,,0.1964504217011242,0.3846153846153846,0,3
-0.39483040624741506,-0.90676605727543247,-0.14793332172187987,0.91588049454175313,-0.40118462830096779,0.014622370976307237,-0.072607644366524671,-0.1297158871849638,0.98888923474338786,-22.761436419671639,-10.220415258557759,-1.6860420693434017,0.5643434635251569,0.5823114548914161,0.9854014598540146,1,4
0.18016045689556565,-0.9791071659886057,-0.094294046900861767,0.98291871996488744,0.17553633706615882,0.055297236024808211,-0.037589888451131134,-0.10264575918739549,0.99400746898958214,-1.9366649363516668,-11.743254610083458,-0.34547651617111808,,0.08823930473711293,0.3050847457627119,0,5
-0.0095959943139148456,0.99853659416877749,0.053222053689666281,-0.99951488796221566,-0.011155271743094861,0.029078319315566335,0.02962947240515159,-0.052917199643935445,0.99815923797099482,2.4484864919799558,14.372618640508096,-1.6401570024649168,,0.1767521899525109,0.35,0,4
0.20226552083805832,-0.89788891229986822,-0.39100404121833426,0.97867529747925042,0.17071625570718887,0.1142393195936456,-0.035823472528642084,-0.40577267183273635,0.91327171072453162,-27.804191356856055,-0.37247279363682689,-2.625850528306418,,0.479562168701484,0.1666666666666667,0,1
0.35909652770305434,0.93284627553417221,-0.02911202524100311,-0.93017634227622792,0.36027042623328059,0.070549218644211265,0.076299777596188653,0.0017453377076296374,0.997083395576849,-10.602932638264026,-8.7040169348890455,-1.1197338190456914,,0.1001831615765925,0.4137931034482759,0,1
-0.99307530991113446,-0.079045716217152964,-0.086909168633823863,0.083630682070885518,-0.99521940978743517,-0.050440414339184045,-0.082506592835140072,-0.057359403152991491,0.99493847096625532,3.2563342214571507,15.04853631294619,-1.6065760004672784,0.2677042655261135,0.1964901724130016,0.7833333333333333,1,5
-0.96980813520426767,-0.22709879019178766,-0.08887249509857488,0.22778174598968018,-0.97370896557541065,0.0025152637945068802,-0.087107158635284843,-0.017804208813915166,0.99603983507839555,-11.730523603180133,2.3204887875771072,-2.0321456597455283,0.1612260759677963,0.09907743242604411,0.5162790697674419,1,5
-0.20228721339593683,-0.96912933169591853,-0.14095467974894982,0.9770221975351947,-0.20957718245307844,0.038794717662697445,-0.067137983437142723,-0.12986817563071937,0.98925565357916612,-27.646637122162939,-8.176365793069305,-2.1203735825318208,0.4190846129318297,0.4326396238270113,0.9609375,1,4
0.23162975183964271,-0.96047886712769515,-0.15436322056695986,0.97241408504881532,0.22411106176315776,0.064692188045117588,-0.027540974227144483,-0.16508960535566294,0.98589396840741994,5.0289487617659789,-5.9180096071068258,-0.47477413303002813,,0.1408187639506686,0.2352941176470588,0,4
-0.98601613331144511,-0.11933687945045489,-0.11632237124721431,0.14419331893123027,-0.96087489553767447,-0.23649042665837586,-0.083549216783544364,-0.24995628483495214,0.96464572981295349,-2.9815005314959535,-15.945244177013278,-0.0018269909133542454,,0.2605356937609742,0.2857142857142857,0,2
-0.4401853753104118,-0.88492045313736478,-0.15215987310060244,0.89198621445455351,-0.45038683047022754,0.038888252236593493,-0.10294381276145886,-0.11860646929296081,0.98759054109281075,7.9290953334671572,-12.268679004646556,0.38654985953565585,,0.275460552000168,0.7441860465116279,0,7
-0.72056864350368832,-0.65070102813158215,-0.23951827067628295,0.68735087256181937,-0.71579707593900743,-0.12322063165587514,-0.091266686078550083,-0.25342201574778261,0.96304084749639307,-8.5089435174363235,30.311992636860921,-2.862050806771185,,0.5722409822240158,0.1785714285714286,0,1
0.045321749721493783,-0.94599376422744108,-0.32100114804308744,0.99808442286820387,0.02933420536582949,0.054470076403482816,-0.042112039015324051,-0.32285492475468486,0.94551111771973384,5.7974346456084636,19.008242104035119,-1.5203749923162537,0.3235497493503708,0.2384636194693933,0.3809523809523809,1,5
0.99257771130285699,-0.030811483462213005,-0.11764412229958848,0.057996454458141868,0.97021000333897045,0.2352210889594723,0.10689199359665547,-0.24029815211077488,0.96479578139473643,-14.24046946319395,29.053842838625485,-3.1856666749855096,,0.1846766482289003,0.2666666666666667,0,3
-0.75699256265390358,-0.62352152798524452,-0.19540512845271177,0.64699560333053685,-0.75708807645290577,-0.0906329617953293,-0.091427290004844494,-0.19503473698750307,0.97652573033719126,20.31031703201074,-3.2453681896207276,0.54493323551892492,,0.2156945884898313,0.2608695652173913,0,4
0.66995617369781346,-0.70111977573150364,-0.24411019110719581,0.74172395106605327,0.64616279615188044,0.17977547464586757,0.031690783189260226,-0.30150406456197226,0.95293808472190988,11.73917714997067,15.776237764211807,-1.009084740017268,0.5838247446589437,0.2992854449270023,0.3125,1,4
-0.24595628639831704,-0.91504936064878284,-0.31967197680967363,0.96776862765319849,-0.25024861479019989,-0.028275680819973937,-0.054123825727639463,-0.3163230917461477,0.94710628396012897,7.2670589314441276,-10.40886028332995,0.14175351661667421,,0.322672330679268,0.3529411764705883,0,4
-0.32340295593632318,0.94569804337126828,-0.032645655995936475,-0.94612744555144768,-0.32258434838542827,0.027967748408533021,0.015918067280385549,0.039931803621989621,0.9990756058444995,-4.4884282777627424,-21.968147462424145,0.47796995004995779,,0.1050717263540672,0.4782608695652174,0,4
0.23897365490686986,0.97083204029182835,0.019409837795731806,-0.96979981117360603,0.23761993686194627,0.055000835024222934,0.048784408452798245,-0.031967407597879374,0.9982976341469415,-0.012367612171432681,-13.608280882149561,-0.020569600867248745,,0.1384473783996394,0.1666666666666667,0,5
-0.89666877134007472,0.44085063136254304,-0.040445461188211539,-0.44027910575320084,-0.89757718536253606,-0.02257222527419343,-0.046253902977390335,-0.0024325180193008286,0.99892675372894257,-6.7692547126726357,-10.727218919903372,-0.74319999122373726,,0.06724358936664603,0.3170731707317073,0,5
-0.78059391377201004,0.62144686082704226,0.066909946572327891,-0.62448674795635395,-0.77092623539939409,-0.12525590285418345,-0.026257254407009878,-0.13955837037288005,0.98986565646549862,-11.912774033436637,-6.2995459759902674,-1.3672648273315884,,0.4082133887406255,0.282051282051282,0,2
-0.74202084661235068,0.6700354394409499,0.02139095803986981,-0.67022296930218006,-0.74078925076619528,-0.045082783510207475,-0.014360870880956795,-0.047789076601585379,0.99875420877466559,14.14685904988735,-4.4969559920841258,0.19786306086452418,0.2256856981136782,0.3657441266710502,0.828125,1,5
0.3415299328106125,-0.89747745521524358,-0.27909052720353861,0.9391971669498056,0.33713271570182796,0.065193662245421585,0.035580705274600763,-0.28438661955844774,0.95804919708138225,2.9815617883653331,-15.32860456105789,0.34190890062136536,,0.1959150773935591,0.3636363636363636,0,3
-0.48130792186413729,0.8740546604774958,0.066114558520762146,-0.87655002972290286,-0.48007819412732816,-0.034423435566805889,0.0016521935733595659,-0.074520990472574003,0.99721807656870265,13.032563893284058,2.962753976656209,-0.38773348190758888,0.1471259199050015,0.1485303267665799,0.25,1,5
-0.12410542047282695,0.99104814735130231,-0.049207867671895091,-0.99138474410601118,-0.12174907393866752,0.048305818996643067,0.04188238010336072,0.054778943277766813,0.9976197339719427,-2.926301177072117,7.8413082250061006,-1.8029130975645966,0.2155203870364137,0.1798925053602059,0.7947368421052632,1,5
0.98048581576062077,0.18050663404274886,-0.077877597284378902,-0.17186191423816155,0.97937346764345701,0.1062595563251907,0.095451807351278867,-0.090801794820304191,0.99128400901597646,-0.50516327446028197,-6.6404169243908591,-0.72019227444245026,0.340415486829894,0.1283244768139426,0.4954954954954955,1,5
-0.32027416459728691,-0.94231061465201638,-0.097340459243055857,0.94436262934402815,-0.32570228865516754,0.045795670791244754,-0.07485775704590758,-0.077257521827489142,0.99419695811802367,6.5336312384747552,-6.1186274733243522,-0.3073809951427921,0.543787895833482,0.5152744810663288,0.9453924914675768,1,5
-0.27079365760895502,0.95732104710338362,0.10103072686883317,-0.96239046551295482,-0.27160618045137902,-0.0058885168226663022,0.021803368742509537,-0.098825581270710297,0.9948658792008015,18.318414305811658,-0.31085937217817705,0.24873494474544203,0.3747495257009679,0.2420593640040448,0.2051282051282051,1,5
-0.95095861450210839,0.30691302873611054,-0.038498133672399695,-0.30180468114770881,-0.94791032655784746,-0.10188202610041418,-0.067761699665521632,-0.085266673425337003,0.99405127959347084,2.6082817642789031,7.201636831270978,-1.3960017835834082,,0.1570132851485614,0.4117647058823529,0,5
0.98860605049343564,-0.12211704070378583,-0.088008552411236243,0.13579734128656434,0.97578743857265837,0.17145832386708973,0.064939656815167487,-0.18145606381039292,0.98125253522177869,10.040648198280556,3.9264164247700282,-0.79628741212918441,,0.1819588895557499,0.6521739130434783,0,5
0.9774257615666283,-0.18039223732063905,-0.10998873278818527,0.20279124996125536,0.94708303192514987,0.24881607580423179,0.059283973930972539,-0.26550399498674171,0.96228532103583098,4.9816430086036618,-17.247389913298139,0.67423112694443321,,0.4244728652945414,0.8235294117647058,0,7
0.94086536639147222,-0.31802035013826391,-0.11677079781766998,0.33285540414133369,0.93194495653458131,0.14382585971815182,0.06308440583019341,-0.17418856129979401,0.98268952515703456,-2.7484258540199082,-13.398991863897045,-0.228230996789688,,0.1582794304853976,0.2,0,5
-0.91950382273693831,0.38799362388419273,-0.063037035125142443,-0.38986749173916463,-0.92064728834684495,0.020295549872170266,-0.050160331509761506,0.043237926462921641,0.99780480198183941,8.9493057179016997,10.771176139632644,-1.0811025260073672,,0.08190774632909784,0.2380952380952381,0,4
0.98282313952987566,0.17053532518588074,-0.070543456595092924,-0.16227118323924461,0.98061756504832365,0.10980552904490466,0.087901874239252664,-0.096472244622180167,0.99144660296093823,-14.131321204008717,6.6808552419938332,-2.4725117721004954,0.8242599579917869,0.6774771760246875,0.9723127035830619,1,5
0.82586366246050802,0.56385057159830487,-0.004663039307273604,-0.55623767599116791,0.81601346707447298,0.15723126076274752,0.092460039126430194,-0.12725782671947244,0.98755080208735402,-21.131637249631382,3.1950924470348285,-2.5068232692649719,,0.07695536272246881,0.2727272727272727,0,1
-0.30672009055669136,0.95163800186048952,-0.017547064252192515,-0.95143383987159769,-0.30603890792493199,0.033374169402447126,0.026390043502868662,0.026931398981310091,0.99928887983046588,-29.061521427867529,17.793400391211666,-3.6739943789089122,,0.5362699678467011,0.7647058823529411,0,1
-0.93160287460379543,0.35572775190422345,-0.074658224966263495,-0.35772969423759593,-0.93370528954756693,0.014963225974742334,-0.064385944822002467,0.040647248320919212,0.99709691169580739,-7.9006934031200569,27.390187277356738,-2.7269890694326357,,0.2022187297792079,0.4117647058823529,0,2
0.57973263127250707,0.81352436315936238,-0.045696682417966018,-0.80862113397316071,0.58132344447171713,0.090525767599607232,0.10020947026012511,-0.015529438292856705,0.99484516313670301,-4.2313621696337833,25.607117506071472,-2.4536049072442716,0.3223158380004766,0.3431610075540975,0.825,1,5
0.79049415204690754,-0.57859971697361878,-0.20085159471034345,0.61180638602413362,0.76122778050249018,0.21500049351417991,0.02849458895524758,-0.2928389210970776,0.95573711065908207,20.616130736529804,3.7738358072595721,0.232281246871793,,0.5016779405997684,0.1666666666666667,0,1
-0.14638635520913987,0.98393334728783954,0.1022066685864058,-0.98784626022369282,-0.15085760279521576,0.037439949798921117,0.052257068140571399,-0.09548377754272605,0.99405837205645187,6.8539367474574728,29.624331490260932,-1.8043755076977785,,0.1669148189822649,0.2222222222222222,0,5
0.88534450475518423,0.45885415459361956,0.074953136772072451,-0.45807043079192022,0.83326072573433041,0.30959335164502921,0.07960269049412344,-0.30843058823805486,0.94791032482256732,-25.963761256549805,-17.481239699783668,-1.2966959782256169,,0.6167951297737716,0.4347826086956522,0,2
-0.43321275893622946,0.88704413843325647,0.15962268625124595,-0.90126260018424464,-0.42777365170926296,-0.068814449154653914,0.0072409256311883234,-0.1736732546321561,0.98477671053974458,-10.197286918130331,-0.87155593103208429,-1.7331761297187716,,0.1113184479805705,0.6307692307692307,0,5
0.047667441198261593,-0.99115652124295217,-0.12384088762269828,0.99760771073869825,0.041025787809978342,0.055639376427698908,-0.050066660806397024,-0.12619681110130379,0.99074098246895881,5.323570714481451,4.4342601996032531,-1.1172690221810744,0.6813391583562408,0.3710191018136743,0.7438271604938271,1,5
-0.77676360079485696,0.62669751272630569,-0.062358127159737702,-0.62923330328904281,-0.77643131640118557,0.034926507748156477,-0.026528447224961952,0.066367450261287431,0.99744253119347592,-26.21573160617957,24.575608051236948,-3.8112691054600143,,0.1767835883639668,0.6666666666666666,0,1
-0.75655238943604719,-0.64319830540332967,-0.11800178797328129,0.64807276045724882,-0.76156838262284587,-0.0039109771852085702,-0.087350896915418627,-0.079432603605234825,0.99300568089642105,11.637040520942982,-4.7927729844665157,-0.03027689635078153,0.3122260326281514,0.2266015956957468,0.5102040816326531,1,4
0.91922577618853107,-0.3717438857780237,-0.12973224648193335,0.39218267690455189,0.89367193740971385,0.21804406945007607,0.034881518409799354,-0.25131046868967782,0.96727779257067736,5.0452972644968073,-12.413584769279934,0.19826262353501142,,0.1856790058944041,0.2352941176470588,0,4
-0.0049815332973047622,-0.97220065009611722,-0.23409630556396085,0.9985830018203542,-0.017239683382973447,0.050346616493130644,-0.052982759473808004,-0.23351378817864776,0.97090892360148751,-9.8261651127915286,2.1846214246099969,-1.939400218915208,,0.07871302982570767,0.2444444444444444,0,5
0.46165837592967945,-0.87445266494679275,-0.14901033756563167,0.88675463920406106,0.45055123824724669,0.10329468313494733,-0.02318951884035364,-0.1798224637839376,0.98342571032825254,2.0167163663281689,-25.446177370551855,1.1847581308714417,,0.2820497956414461,0.5,0,5
0.79478128056573838,0.59223646493059667,0.13258463587005301,-0.59982632290583793,0.73330064155431496,0.32012271310435197,0.092363945409157933,-0.33395529446699879,0.93805264398428823,3.9655827037420956,-21.863848141485228,1.0134130582245893,,0.2966546691293721,0.1428571428571428,0,1
0.14570958288449731,0.98922643832441848,-0.014134043144479847,-0.98732304008277794,0.14630848591092904,0.061538942728580286,0.062943879585912479,0.0049880527699346141,0.99800460287126802,-21.363198035737973,21.017401140294563,-3.4216552682665657,,0.1231435313582924,0.3571428571428572,0,1
0.16623683263579114,-0.95992168037924508,-0.22564503764343108,0.98532398310868807,0.15270753508140683,0.076269633801338083,-0.038755177538610547,-0.23501228960896156,0.97121947053521507,-3.4307692612586806,11.75611799074222,-1.9978011018747612,,0.08235470086080619,0.1052631578947368,0,5
-0.91519519076814682,-0.36973466310120051,-0.16035598428589093,0.39173441501035899,-0.9096008179939914,-0.13845757473375689,-0.094667369728683101,-0.1895326642193994,0.97730008610587438,25.656521505464152,6.4864224154988852,0.54472909538165859,,0.1654085069332445,0.2222222222222222,0,2
0.84246890467459445,-0.52703698560103274,-0.11170568680673772,0.53769406028260613,0.83549727920095718,0.11326691478363213,0.033633944062409091,-0.15548733792940919,0.98726513437395935,-1.8229921093026711,15.032171248077033,-1.971138374443322,,0.1162472447109212,0.2352941176470588,0,5
0.96295061124624803,0.26556878661652178,-0.04689712011955096,-0.26000044873639777,0.96041739125746506,0.099991005730913241,0.071595299827231354,-0.084093127812181936,0.99388251765357816,-19.670812747592841,12.057899683234023,-3.0452960500800361,0.3751364604036866,0.468877887561865,0.9010989010989011,1,5
-0.19162950235673742,0.98125797120914349,0.020271353310144128,-0.98076729999477308,-0.19223192292826666,0.033799276149997948,0.03706261037045188,-0.013404541984588091,0.9992230387489629,-15.056266993891267,-5.4829244753169455,-1.6371765323115197,0.1178683663725508,0.08484545578783555,0.3644067796610169,1,4
0.54892197544662491,0.83201039028454971,0.080270638033623901,-0.8325255781383385,0.53560993635321197,0.14150320782629844,0.074738387841853354,-0.14450157970852212,0.98667799552059587,-6.5147591198009778,-24.536043025481735,0.57927083505592991,,0.1970000067409216,0.2142857142857143,0,4
-0.88364572653802764,0.46713655822360522,-0.030881482187308202,-0.46548465264378353,-0.88372658268881987,-0.048490877515634315,-0.049942648349651404,-0.028473900683684907,0.99834611676295837,13.494127039016716,6.1178838324709508,-0.53681867618369405,0.2671357985544741,0.1894745659004192,0.2727272727272727,1,5
-0.83797706189905552,-0.53864984735650612,-0.087468769705750432,0.53782200571966987,-0.84233993283650221,0.034798386638856996,-0.092422583250506396,-0.017882379366521855,0.99555928332445054,1.2656812815762675,-5.6371377917770742,-0.71197973388301283,,0.08798364017269636,0.351063829787234,0,1
-0.013160852954514709,-0.98690666192548182,-0.16075457255273234,0.99847937774532813,-0.021578107870978303,0.0507278767346954,-0.053532459002101435,-0.15984250344576834,0.98568993599680088,-11.049177175829296,-0.013030135010789921,-1.8497256046318469,,0.07989102392040397,0.2027972027972028,0,3
-0.54803322924938447,0.83613408163186409,-0.023224495088832148,-0.8364562717633548,-0.54784487397244619,0.01438400117715144,-0.00069646697056576575,0.027309185190232142,0.99962679202690707,3.5354888175086128,-5.8865519431614768,-0.56697458102410769,,0.08493363592631616,0.2037037037037037,0,5
-0.79060336612128668,-0.60358458258319103,-0.10311144042038138,0.60593039116777281,-0.7954498966529554,0.010383784188471077,-0.088287476671161991,-0.054268900695311949,0.9946156081021259,-21.728042100071605,8.707353267165665,-2.8361066961407237,,0.1006807097382502,0.3428571428571429,0,3
-0.76707841120740683,0.64111655968364767,0.02366998012091253,-0.64097389423893814,-0.76429602425065468,-0.070739339965915859,-0.027261290572734475,-0.069434459845574864,0.99721395789582801,-17.469139031350124,4.1873917940193888,-2.4036655822679531,,0.2148905894217616,0.2413793103448276,0,2
-0.39144832685913772,0.91249393593414108,0.11884033104380119,-0.91991077782871078,-0.3912863397340976,-0.025674134300266716,0.023073106287565308,-0.11937259828332086,0.99258138938090656,2.0753686061801213,-7.612619485601166,-0.47468976098492383,0.3790500537683127,0.2507032027852426,0.175,1,4
0.93706881851184642,-0.33643237712378404,-0.093355690751300638,0.34458089295610655,0.93423849631225797,0.09199152253215731,0.056267553548957447,-0.11837097461393183,0.9913739328762704,-21.52380620498429,-4.549120714851818,-2.0137764102986542,,0.08444782178574867,0.3461538461538461,1,3
-0.78634234852531182,0.60815382809567142,0.10869513461180014,-0.61716087492223659,-0.76534193039031773,-0.182658654466855,-0.027895615800991848,-0.21071461970874905,0.97714951960285024,-29.518948831301525,10.528360147943262,-3.2918056104281455,,0.5180629723388229,0.3181818181818182,0,1
0.90293467672487748,-0.42008948708726557,-0.090740246894632878,0.4270550606420303,0.90071693825488797,0.079579974370267634,0.048300566743802849,-0.11060660007205189,0.99268989884693037,-5.944474071029771,23.409390000215296,-2.5156056724075588,,0.119071160038895,0.375,1,5
0.98402902957553195,0.1688641703315821,-0.056318388922828658,-0.15671440950485668,0.97186763754293914,0.17582345961290333,0.084424302225015346,-0.16418948527519206,0.98280941698728475,-8.8864932315419196,8.146648068815626,-2.2933276198274157,0.6308858262574421,0.6259103949740985,0.9055258467023173,1,5
-0.34493482306525058,0.9357806598641355,0.073037828973685978,-0.93862150930085586,-0.34414434122152521,-0.023544313177239384,0.0031032426153546656,-0.076676130767322728,0.99705122278437874,-3.7171807356958277,-19.955613016227389,0.33727405283294515,,0.1442571235677461,0.3333333333333333,0,5
0.94141654385861651,0.33619737691793428,-0.026574700427255085,-0.32328421221632131,0.92207462327342893,0.21275739058100268,0.096032333518302981,-0.1917021462286353,0.97674360916791525,-14.870066735934325,14.410987417065204,-3.0930797817919302,,0.09214590986215838,0.1851851851851852,0,3
0.072880056199689305,0.99713004754991541,-0.020497943346428443,-0.99618910772427671,0.07376791150555384,0.046535544303449514,0.047914079974884997,0.017028314808342784,0.99870630189007437,5.6161819421421724,8.8676419230225836,-1.2684435422259137,0.3406289975383547,0.435542082884011,0.7232142857142857,1,5
-0.11683908773078533,-0.97801050592861061,-0.1727543859689282,0.99239118483943689,-0.12177212989109412,0.018201226188527448,-0.038837659960627352,-0.16931331511446479,0.98479674933142081,8.3395690969843468,-0.32847486837380713,-0.66270985242260638,0.5355050312344261,0.3239778327193258,0.4210526315789473,1,5
0.98319938293667064,0.17335607199396025,-0.057154577207560814,-0.16539292556330093,0.97854433530090823,0.12286644791852747,0.077227932553983469,-0.11134925304342473,0.99077605455527085,-26.902655813051364,-6.1696946451245056,-2.1890417414390173,0.7630046225442881,0.4374458860090522,0.7023809523809523,1,4
0.72278795335219859,0.68915959905451563,-0.051348043000276303,-0.68501045491859547,0.72428786059114458,0.078535161886386026,0.091314024887515513,-0.021590322631245679,0.99558807085436696,-25.702899178095745,14.6615865014051,-3.3750214441474236,,0.1048412365529828,0.4166666666666667,0,1
-0.7866262595360084,0.61714177519537305,0.018845612674877499,-0.61681254713930245,-0.78411006319216836,-0.068656321575652365,-0.027593649630189159,-0.065631075790948762,0.99746235637772773,-6.9810373655607165,-6.9744077801166053,-1.0646996377399918,0.3551854992855409,0.1267469765912381,0.2291666666666667,1,2
-0.59127742857233567,-0.78709992381335636,-0.17568355755133627,0.80306316973421277,-0.59463783558171524,-0.03867027167127892,-0.074030722523316952,-0.16394985339334667,0.98368689006968801,1.329520185569548,-14.846785837631494,0.19264042699460746,,0.2884664568894636,0.1875,0,3
-0.8639744111175558,0.50223727786913008,-0.0361377040316457,-0.4998959262723518,-0.86413097513139991,-0.058152564128879973,-0.060434094933074625,-0.032177236317969371,0.99765341959648379,-32.234166973598398,-17.546301386609954,-1.662129166691362,,0.2108923494440147,0.2631578947368421,0,2
0.9059896929716158,0.422680557972688,0.022887161053598781,-0.41554868125661565,0.8777995237222711,0.23830083856092643,0.080634792336087946,-0.2254088331562232,0.97092166944613267,-2.5120554628123641,-6.0343247430979394,-0.89492573854993629,,0.2121093241813753,0.2909090909090909,0,4
0.99361613759885803,-0.016564878340940614,-0.11159111034789718,0.03317297922871873,0.98833114801913036,0.14866437133448826,0.10782636297407849,-0.1514171280296171,0.98257128432854401,-5.1587781712025285,-10.571801466537673,-0.64305350197581745,0.2043929402270563,0.2662274945565771,0.2857142857142857,1,5
-0.064423186477066546,0.99761962150163364,-0.024591539989978258,-0.99688162969539962,-0.063211117343227485,0.047237390064076422,0.045570488476491769,0.027558037650717057,0.99858093569868245,11.251873953210508,11.969351481225839,-0.93965544670707701,0.3998297239894057,0.4068194560133979,0.7875,1,5
-0.33631497288367679,0.9416928743991011,0.010332924088127055,-0.94130179537433212,-0.33647313866864209,0.027143267664975795,0.029037373147572154,-0.00059771266689996984,0.99957814787051902,-16.071509996936573,29.978123795285004,-3.3358582365966667,0.6368229366172897,0.5608907580941745,0.4285714285714285,1,6
-0.83651767441488034,0.54493819793087139,-0.057276005686278032,-0.54668013497999235,-0.83710646872465366,0.019839103749866437,-0.037135029416677588,0.047907415451003105,0.99816124405580264,-1.6915337744275809,-14.616626789448102,-0.051589451353437163,0.1234245769327579,0.1332453183937187,0.4909090909090909,1,5
-0.96051860074414563,0.27110641287760351,-0.062492643736262836,-0.27205012277110652,-0.9622579162837791,0.006959400076579551,-0.058247303154179239,0.023685764624316225,0.99802116021125886,19.164788111016215,7.8561900788883081,-0.059693502387953588,0.211873142104143,0.1792815531442149,0.625,1,5
0.51239682699669875,0.85873285007178846,-0.0052329620004556735,-0.85442963439596076,0.51042061442756848,0.097060786280394745,0.086020297312320831,-0.045262441107021684,0.99526469839703113,-7.5351025812561092,-4.7511432882356894,-1.3006067681659925,0.5129351319761586,0.3367190195758799,0.7078651685393258,1,5
-0.19963967041059438,-0.97230361137187704,-0.12153061059484092,0.97753428212459204,-0.2061835346961377,0.043761596078814476,-0.067607168773052909,-0.11006378756617509,0.99162252566038445,-31.863867734155786,-10.435043989034968,-2.1882317372546605,,0.1370481900309858,0.3448275862068966,0,2
-0.693688382032568,-0.69461413911145009,-0.19054560183719327,0.71624550592867664,-0.69317625707233055,-0.080616697204548907,-0.076084189356354054,-0.19240029723899749,0.97836257172498842,-26.918739164264075,21.417361070550527,-3.7526468527888057,,0.167023038514394,0.2857142857142857,0,2
-0.77924820216777979,0.62372470005627667,-0.061153396945640995,-0.62572028852481831,-0.77979481203962597,0.019853756433058201,-0.03530382340061114,0.053735925187836805,0.99793090462090939,-7.9679720838465817,-7.175075061237715,-1.1014601370020394,0.132748250799933,0.09192307091192685,0.3636363636363636,1,3
0.39849576899593997,0.8998403599390099,0.17744984845631182,-0.913807986827186,0.37298188286625178,0.16074662753660399,0.078460724589953387,-0.22621193973435436,0.97091301001605734,-6.2508973740857225,3.6755528822006016,-1.801121265060746,0.7264061699337945,0.5505916353696854,0.2184466019417476,1,1
-0.73735475244714554,0.66100753580474836,0.13920131699428642,-0.67528253048244025,-0.71599398734937647,-0.17704833832819228,-0.017362979837620047,-0.22454765126555268,0.97430841074183649,11.090853022734235,8.6486744721514128,-0.97613116083162399,,0.3053742895394647,0.3333333333333333,0,3
