axis_00,axis_01,axis_02,axis_10,axis_11,axis_12,axis_20,axis_21,axis_22,location_x,location_y,location_z,dbh,dbh_approximation,score,reconstructed,number_clusters
-0.90313526335058969,0.42816609049436188,-0.031945188110817757,-0.42404078286735281,-0.90115346064915125,-0.090065836060634549,-0.067350653730339535,-0.067795569994156174,0.99542335221314915,6.7824023999733321,-6.7474868614005254,-0.0031505345589290953,,0.09676467180516313,0.1875,0,5
-0.27720130566463841,0.95599762401872757,0.096062370407811321,-0.96008033608865562,-0.27950307503059346,0.011125614784626297,0.037485789223561522,-0.089143557921984154,0.99531313750361794,-7.6041406347983767,24.88722704901631,-2.975940516992611,,0.4630781358512542,0.6590909090909091,0,3
0.053734166611358193,-0.97854532401617267,-0.1989012020694359,0.99538388334882244,0.036627562156635853,0.088709336937435546,-0.079520840714874835,-0.20274977320960325,0.97599639617954204,5.7823812073971883,10.4020860241137,-1.2165448132220589,,0.1831633591680139,0.4411764705882353,0,5
-0.98253252078900966,0.16233520202279425,-0.090978721557381778,-0.16611453468224435,-0.98546422091392061,0.03558413502986104,-0.083879717210410737,0.050075457888475748,0.99521688166849509,3.2832730699380868,-8.5820554991172493,-0.19966127744189341,,0.07255736211485445,0.4444444444444444,0,5
0.89348780416981954,-0.42173644334511445,-0.15433054187168627,0.44528945240420625,0.87657438001211774,0.18257781870735071,0.058282479162760296,-0.2318528168062336,0.971003307904591,-2.4005766965364708,12.025775297400763,-2.0160519471446872,,0.3275662408318976,0.3,0,1
0.75677160394221732,-0.63642716593415749,-0.14918847786521663,0.65292954795667968,0.7468818820833385,0.12589860849404086,0.031300876534205026,-0.19268605729700958,0.98076110162033014,6.8741886716784846,-2.9207072489461519,-0.28753226923791159,,0.09809090077617449,0.375,0,3
-0.71901911267007224,-0.65841982759100737,-0.22247437211995991,0.68689463049936705,-0.72196687362881706,-0.083304261438232732,-0.10576994944822413,-0.21271380777387242,0.97137302504036005,-1.3587817691654447,-12.460099454727043,-0.42044444059963898,,0.06849046341166859,0.6153846153846154,0,1
-0.77978250931263415,0.62605028771588522,-0.00052480563091484884,-0.62492297236399585,-0.77842811318509486,-0.059337603716720901,-0.037556847336286246,-0.045942462428038566,0.99823783406771749,-28.120740191544307,17.717973608272469,-4.2683553438277011,,0.2535660086573905,0.4375,0,1
-0.11775052663439814,0.9930415924343976,0.0017914163888297808,-0.99189864262225591,-0.11770120525328287,0.04778607585950953,0.047664412735794005,0.0038499321137970351,0.99885598650719942,18.809457685014493,-1.1269058496143765,0.76194539598507849,0.5489376420632545,0.5508890264199758,0.8554216867469879,1,5
-0.9332716221432289,-0.32839258507042945,-0.14547298502782832,0.34310602530305057,-0.93490729388613036,-0.090700646300092752,-0.10621833505985843,-0.13456099698379514,0.98519592132115441,-10.067679850517138,-12.705093419441779,-1.1535979447387503,0.4494318202468849,0.1648152055757137,0.1538461538461539,1,2
0.67286249734461268,-0.73105699438766381,-0.1131889156412727,0.73946932772800567,0.66901591442664232,0.074851984565374008,0.021004119040392032,-0.13406482462137181,0.99074994311510189,-8.6216729238152379,-12.748479769611508,-1.0491701289651294,,0.07088129955650356,0.4102564102564102,0,4
0.69862006108323471,-0.6976301078785343,-0.15887807537052773,0.71508733266206637,0.68826749987540992,0.12222092816496258,0.024085616419552602,-0.19899769143544907,0.97970393583217419,-13.616080324294426,-8.0587593696714208,-1.8715655800094699,,0.08262711482312274,0.3125,0,2
-0.16210507474364913,-0.97501467578094581,-0.15188260846500598,0.98442642885909626,-0.17040204905762471,0.043217448336183538,-0.06801875407623767,-0.14251148616424322,0.98745325226320246,-12.604726278042985,-11.54941661225487,-1.4799469686037707,,0.0968805404840859,0.3125,0,3
-0.83859498174805158,-0.52981661161652749,-0.12669970261278451,0.53199917234829386,-0.84653692455135021,0.018764753978487241,-0.11719785496209706,-0.05166810840668009,0.99176361566956051,-13.639873759946553,11.586589411540295,-2.9698838231988418,,0.09106090282181485,0.36,0,3
0.041747514101237074,-0.98435622986276028,-0.17117230440915779,0.99881712058407635,0.036842702479046065,0.031732867853013012,-0.024929995878525756,-0.17229459656186213,0.98472994638179001,-10.514543726921934,-10.098424097006255,-1.4436144095216032,,0.1227094094306035,0.2352941176470588,0,4
0.72013775462798213,0.69287963197460523,-0.036323958403584891,-0.68575302818797046,0.71874284534055854,0.11468001832397723,0.10556703410818294,-0.057676146425492528,0.99273816459482811,-2.527243105122734,-15.398155510493886,-0.32598180512517311,,0.08249639010800604,0.1,0,3
0.97907589280577279,0.2024921298572526,-0.020182504117510686,-0.18593440888896107,0.93047863341591786,0.31565472964547725,0.08269698735560034,-0.30529731427302192,0.94865945321805956,-25.317845969861583,0.23944264147541097,-3.2254352103893091,,0.3456121651518709,0.2941176470588235,0,3
-0.29070635448206755,-0.93445261373263722,-0.20564077453654284,0.95131015594504897,-0.30529597975198369,0.042465891525822572,-0.10246366506988215,-0.18328305277771637,0.97770574300498392,2.4571348914387765,14.438694576237447,-1.6943866103834864,,0.201677085800427,0.5,0,4
0.98930244495026443,-0.10076925106197102,-0.10548094830744853,0.12657323823743916,0.95242578037170222,0.27724420326752042,0.072525083781527971,-0.28762943334047569,0.95499184357706368,-7.3529700139243159,7.9926239630735134,-2.3145829314096003,,0.2003100669019098,0.2368421052631579,0,2
-0.84056422398446462,0.53703467183911868,-0.071032011093912897,-0.53944550167483374,-0.84180230874958317,0.019168299524447555,-0.049500869489156246,0.054430085674397249,0.9972898423694565,0.87587030471565752,-4.8673335832090743,-0.74492007870027899,,0.06939424500585271,0.2592592592592592,0,5
-0.92446653618660368,-0.3479356209602959,-0.15589235753594993,0.36684280199252534,-0.9231360492616878,-0.11509210737403139,-0.10386521119901465,-0.16358679109419594,0.98104606399602245,-12.090426932724531,7.5063399923536096,-2.6940915640875569,,0.2124709709250881,0.25,0,2
0.79827283575265728,0.59803457106645563,0.071520147572367562,-0.5897871528803601,0.75208785110762488,0.29413428653184137,0.12211303778340543,-0.27698107521214721,0.95308440863211719,-7.6379243062595936,-11.930737731609089,-1.0292325275220735,,0.3400068767156503,0.26,0,4
0.47104046341738676,0.86239007273227064,0.1854838113592758,-0.87715833212143601,0.43567133972603261,0.2019498554871105,0.093349569969414403,-0.25782522412315217,0.96167146759814603,-15.16969876470186,-8.5156595946213596,-1.9688636080646111,,0.1648855808144549,0.2727272727272727,0,1
-0.47958187736049623,0.876760941830658,-0.035937080955507385,-0.87743105526133514,-0.47864084406130342,0.031901185859869598,0.010768758998370685,0.046831541470505167,0.99884475297872699,-25.266852073071522,-3.615885279872546,-3.0355675420295762,,0.09349580983991491,0.2916666666666667,0,5
-0.00044680758389388303,-0.93334341510762109,-0.35898449804723609,0.99841532133214694,-0.02061748996435318,0.052361868156089668,-0.056272964132066998,-0.35839222729129155,0.93187357775879553,-14.791681461833734,6.2265827345856213,-2.7910106664338934,,0.38369903627602,0.2045454545454546,0,1
0.74717536501347959,0.66330857123049614,-0.041841525415914876,-0.65489566656073472,0.74550860995296175,0.12380863623339329,0.11331654705709861,-0.065104929292333288,0.9914235766537407,-8.1317678205555719,-18.751900166923505,-0.57064283809496896,0.2706175258777115,0.2658736334518327,0.5151515151515151,1,5
-0.75847781726519503,0.65156849282210605,-0.013034564747435352,-0.65080550964900052,-0.75833347411317531,-0.037182397044127576,-0.034111425170031094,-0.019719056797210147,0.99922348324681498,-14.956332005198174,-6.8673270425600439,-2.0946903446943255,,0.1709800765196868,0.3,0,1
0.85749545924436343,0.51122791000347712,-0.057858114459204496,-0.50407627927134324,0.85732041700659301,0.1044452356960298,0.10299826237008232,-0.06039641228680153,0.99284622743485573,-17.540614703878816,2.9291107342774194,-2.8572066788534358,0.4941023748135347,0.7064037597865955,0.8753709198813057,1,5
-0.41605459171111842,0.90932632552570358,0.0049204087245237685,-0.90858537159417141,-0.41592374590313985,0.038471549474659611,0.037029707549150963,0.011535653419806976,0.99924758166282379,10.17779960527578,18.311195285119009,-1.1256184097985362,,0.2571016296839108,0.1428571428571428,0,4
-0.97087588991370966,-0.22333339558327164,-0.086730622051902725,0.23092896716128891,-0.9687533719062067,-0.0904915274828344,-0.063810802456045174,-0.10788465524624967,0.99211344243101285,-11.178423945794238,-15.306533995940677,-1.07822068748329,,0.4327371905375086,0.7777777777777778,0,3
0.10037401203051657,-0.98675040066230202,-0.1274704063760824,0.99383455777687235,0.093370946967391677,0.059789112979374857,-0.047094898633988733,-0.13268576809589777,0.99003866463257639,-27.017893555493156,-4.441253688348505,-3.0686624474129602,0.5028840180741246,0.4424788185348264,0.9101796407185628,1,5
0.027577843607888602,-0.9920562790863765,-0.12273467996957099,0.99844522103736721,0.021387019033048866,0.051475586490327845,-0.048441749860859203,-0.12396344034502341,0.99110365872003725,-9.1150984530595576,-9.3353504798028286,-1.3769832465856959,0.4353019404014679,0.3999875370472878,0.9816053511705686,1,5
-0.2301633756690486,-0.9471273654079051,-0.22354993669449053,0.97077532273447797,-0.23950607643480407,0.015235226305419465,-0.067971267976991365,-0.21351017082632873,0.97457340086999766,-9.6070618144898177,-13.854871427037152,-1.0610909012797116,0.1783676177332703,0.2102289557653979,0.3076923076923077,1,4
0.95210209925477107,-0.26644197119427554,-0.1500342246981291,0.29614856539796397,0.92566206844572441,0.23546923844424386,0.076142102725021518,-0.26862317663763324,0.96023120609867729,-0.77894067969793068,-3.6658733779039649,-1.0078009970292827,,0.4891642402550957,0.1602209944751381,0,5
0.38940447384801519,0.92101903997684531,-0.0093852942031807576,-0.91767805802709024,0.38882490239490913,0.081744584488621708,0.078937554831515752,-0.023219028354328514,0.99660912054802198,2.4950470443204993,-14.40451397819084,0.066648650144656596,,0.1626342395898464,0.7272727272727273,0,3
-0.91486681769180611,-0.3877214699936708,-0.1126533070638248,0.38801116136358543,-0.92143231872557119,0.020244027892209138,-0.11165144219288395,-0.025190151130273706,0.993428111008685,6.4970076229189635,6.8706289737519501,-0.92593993302203903,0.1261790813224454,0.1529323345331817,0.5714285714285714,1,6
0.23961607881436109,0.96058787916151789,0.14090798835271803,-0.96854188380238304,0.22647085067539671,0.10313861117397183,0.067162147778071002,-0.1611889580658116,0.98463565124542218,-5.1693533850133599,-14.113001701759481,-0.62904815850729001,,0.3559846962661925,0.367816091954023,0,5
-0.93559762372993815,-0.33238893469620095,-0.11905747587790869,0.33578197592740622,-0.94189597172923589,-0.0090798173178943311,-0.10912172612812175,-0.048472410005737508,0.99284584621936933,3.404504280851679,-2.4281079201126059,-0.66033680084123858,,0.2810832068551025,0.4064516129032258,0,4
-0.61058259663677239,-0.767430388132464,-0.19554920622480731,0.78517343728308053,-0.61885037200420212,-0.022954094522165753,-0.10340002934897355,-0.16755541304629984,0.98042522279341349,0.38312861095360351,-15.28893487045066,-0.068332973429202123,,0.1103329182145822,0.3214285714285715,0,5
0.40362836202192809,-0.90398542050894204,-0.14104788151109071,0.91482733043712561,0.39653172852399909,0.07650845547422494,-0.013232568034115879,-0.15991543947049214,0.98704202107214334,1.9001863236786607,-15.626122086570764,0.093253091661428061,0.373254534890069,0.3870719619982417,0.8387096774193549,1,5
0.74587777410040612,0.66168657663584685,-0.076401704188838584,-0.65786205592771363,0.74977545136355384,0.07109351519753454,0.10432574693519628,-0.0027652906744600704,0.99453933642360282,3.829776515063775,7.7237930526455401,-1.2543777879657159,,0.08643989801958726,0.4545454545454545,0,5
0.6728990658691153,0.73676886869099401,0.066170093548871239,-0.73271361354065034,0.65154601790292554,0.19651602246901922,0.10167402659812207,-0.18071917630023329,0.97826528694045467,14.414502049884206,-18.898990904711741,1.4876772321065295,,0.1726373870564095,0.5,0,3
-0.96498290392079,0.21019452263229102,-0.15692755588482041,-0.18795248938078907,-0.97136761006989192,-0.1453231841196414,-0.18298048222737986,-0.11073946343779223,0.97685972092278717,2.719481275773572,3.8196379301422723,-1.1047148396864532,0.6420871094261708,0.5667102830002062,0.6122448979591837,1,2
0.92143247255016247,-0.36826372499462356,-0.12387101106868714,0.38316617732425728,0.91410769254317648,0.13263033962146492,0.064388501184685212,-0.16967308356505381,0.98339471507056397,-12.984200093107354,15.942177589105365,-3.0783006517430156,,0.1606615096623832,0.3157894736842105,0,1
0.31850398635685151,-0.90302011036939234,-0.2882878612485178,0.94762633119519368,0.29573324584327138,0.12060756082658819,-0.023654747944770006,-0.31160315719108694,0.94991785188415911,3.7019391036819882,-5.7749056605931814,-0.35890206896696969,,0.1846988982820632,0.2424242424242424,0,1
-0.47260112419755995,-0.86726016764275637,-0.15655024441840193,0.87595012542347594,-0.48177472386667519,0.024586443699441421,-0.096744794060452832,-0.12551062530099891,0.98736392873081646,-5.8390711745184207,-26.75248677180933,0.12012947631132656,,0.1669976030079181,0.3529411764705883,0,4
-0.88833961364071545,0.45434577783861058,-0.066502969835140119,-0.44766379475183093,-0.88915766101168447,-0.094846089706546219,-0.10222454551161511,-0.054484566846580436,0.99326812808550613,-4.8930709685785683,-9.8868017872944893,-0.92578332872048164,,0.1843000632392384,0.1951219512195122,0,4
-0.57673018722911384,0.80932961328878694,0.11121091759578201,-0.81648395165326271,-0.56652447146334917,-0.11137315621749654,-0.027133887140353651,-0.1550341907032034,0.98753640534496689,-1.9949155236579843,9.2589666619142292,-1.8683379083783451,,0.4399228304121126,0.2301587301587301,0,3
-0.69836883438247144,0.7128554507735978,0.064172248407227225,-0.71537813185762522,-0.69236334810564815,-0.094165400545161815,-0.022695806290202607,-0.11166960420054893,0.9934861850446286,-22.678807088985959,0.46666028400094228,-3.0535153901779704,,0.1474377956639375,0.2083333333333333,0,2
-0.93539802363150626,0.34628166257720805,-0.071551013612921877,-0.34705012274981095,-0.93784486349661422,-0.0017956370339146164,-0.067725546772344283,0.023152152724554686,0.99743532529112133,-8.7796322232069191,-14.536385666409412,-0.90725722802721032,,0.06052231901371676,0.25,0,1
0.27573990777337021,0.96074201513430013,-0.030696638526348449,-0.95762451999676967,0.27732910235092317,0.077742187325716611,0.083203256919960195,0.0079592301710156264,0.99650081218882858,-10.102505418114346,-7.3444357883080551,-1.6286192743676469,,0.1025918014850733,0.2747252747252747,0,2
0.88438391782778059,-0.44835534525294074,-0.12977892845412653,0.46212255361234128,0.88016833018333318,0.10838106838877122,0.065634071414120684,-0.1558242437023164,0.98560183326950379,-4.642979482269955,-8.2420823234982201,-1.0177364176428803,,0.1020615366557817,0.1333333333333333,0,2
0.89661968643178847,0.44135723596900955,0.035734131593747019,-0.42948900589596178,0.84718783792907837,0.31274903849501107,0.10776052949694359,-0.2957643614819937,0.94916337411411345,8.2247567596113687,-4.1142539580104769,-0.059311017447156007,,0.07565340527906898,0.2666666666666667,0,2
0.70845113033628915,-0.68108759966896593,-0.18497750539566038,0.70424607095606107,0.69937565792652923,0.12211126337396402,0.04620029727378,-0.21677954395422439,0.97512674143149891,20.964250933041292,2.1429734284562056,0.7802342216910112,0.2665962870212585,0.2281987062801998,0.7209302325581395,1,5
-0.9930444777580254,-0.029140192661916371,-0.11407679153060171,0.036905825652075397,-0.99709936014882561,-0.066564450149763796,-0.11180619494119533,-0.070311557815398829,0.9912394562417004,16.587923192732092,2.9179651336281016,0.35216727135577425,0.4324887274608698,0.1662934525549896,0.4210526315789473,1,7
0.65120278681714383,0.75493186961338765,0.077542263854118818,-0.7530567048126332,0.63014441562101242,0.18927127304055527,0.094024091478328214,-0.18164770217013251,0.97885830563876119,9.754019771560575,-5.6276704905505897,0.20123364961241236,,0.4494722496975823,0.5,0,4
0.090956224925513959,0.99250552470951769,0.081607282569540765,-0.99376679497072162,0.085156311977646448,0.071944143222264278,0.064455584404450331,-0.087642375318400148,0.99406453094737734,-14.904699623186557,4.976172835747084,-2.748012903571726,,0.5058269236677958,0.4444444444444444,0,1
0.12564960717092657,-0.93753789727263848,-0.32439924074416998,0.98925144983074742,0.093752975716167614,0.1122138518727977,-0.074791344589854605,-0.33501204563711706,0.93924074871806862,1.8815062471030761,10.967256195849366,-1.5959639767426324,,0.3156107258703287,0.1764705882352941,0,4
0.30184138664692406,0.95335748884764737,0.0011294977509459369,-0.94796877588576012,0.30000905409558237,0.10653528714152088,0.1012273542710391,-0.03322748739795478,0.99430828057926934,-1.5714246920385411,-15.585463072185581,-0.20869143081935396,0.1672737579699499,0.1271038151065256,0.2307692307692308,1,6
0.53388474066048752,-0.81725675248408836,-0.21692967572245148,0.84546931696422578,0.51966224003774686,0.12301540696595195,0.012194989214088811,-0.24908343340759337,0.96840524856072274,2.713653958059183,-21.188263174663433,0.51711127440979143,0.4009223264984419,0.2940505319245801,0.71875,1,5
0.88170316066399312,-0.43895359281373864,-0.172971904744775,0.46851436660403833,0.85781253721399364,0.21131005485803869,0.0556221606982484,-0.26735256564020671,0.96199208982447304,-3.6361676144864115,11.685272701816787,-2.1233157352778917,,0.206641618641447,0.2666666666666667,0,2
-0.82185966644723729,-0.5433416413756057,-0.17124996179415664,0.55932438592861611,-0.82666828920616819,-0.061447302028034612,-0.10818003500098215,-0.14628533886965875,0.98330955434134593,-13.942890416131524,9.2213048895140535,-2.8557070613529874,,0.0843542961468664,0.4285714285714285,0,1
0.34955071730614723,0.93467410260256401,-0.064796743396948242,-0.93215733135376133,0.35390469602927527,0.076381776176391789,0.0943239398784428,0.033701454753738383,0.99497095752252462,-0.75011489086891159,-20.772604977971788,0.15775469471625692,0.3782904443001243,0.3296791578196256,0.8309859154929577,1,5
0.2643855693463163,-0.92506245991851477,-0.27268977973318259,0.96400729291393794,0.24524755968253545,0.10268190531200291,-0.028110672887110274,-0.29002255036336166,0.95660687345981665,-0.15683949474224662,-17.04561528258974,0.0059423934123665036,0.7673450120891815,0.4362806275231298,0.4878048780487805,1,4
-0.92245857858392521,-0.35323820077236084,-0.15586193990846858,0.37444604133830006,-0.91690730711293833,-0.13809834281763508,-0.094129341456326399,-0.18575188741438517,0.97807765714128903,11.527330973913671,-3.9946030934285397,0.25152297753876057,,0.4968445313683918,0.282051282051282,0,3
-0.90196935322016836,-0.39476621294464836,-0.17495977528829687,0.41725483558947069,-0.90111376103812946,-0.11786599104457679,-0.11112915022078777,-0.17931432398182012,0.97749510749985224,-31.901345501297005,-7.0414964158934241,-3.1971402608790203,,0.5725192898064257,0.2631578947368421,0,3
-0.94828274668435453,-0.30401276217833356,-0.091302096216224815,0.30571924446525828,-0.95210865851852877,-0.0049845699552984587,-0.085414143467978029,-0.032639589561569295,0.99581076580286265,3.3916958380684994,-6.255260147322292,-0.35714936070365982,0.691506765285161,0.5497840227857466,0.3571428571428572,1,3
-0.74255485512834973,-0.66063019313972815,-0.11036319602784861,0.66126041359331411,-0.74928879862958853,0.036068846150480761,-0.10652207536334771,-0.046195715822938202,0.99323663006349672,-24.972164214176406,12.282556404304847,-3.7685298104609748,,0.2766963143762499,0.5555555555555556,0,1
0.31890391471734736,0.94587403755114663,-0.060188024262652427,-0.94371376141887764,0.3227736367358503,0.07226005768711892,0.087776019997395927,0.033756251495154849,0.99556812212847134,6.1511750257335214,-15.104333015400641,0.46073045851895611,0.3559407533658078,0.3553684148407864,0.7818181818181819,1,5
-0.50032054423826888,-0.83863841260367888,-0.21532525610969475,0.85964042349264369,-0.51083952958915302,-0.0078305367965716098,-0.10342966359082878,-0.18902007278253832,0.97651099163029043,-6.5185447264299681,9.0009274993669592,-2.2492042786521944,0.5111900576952921,0.3968049161938753,0.1578947368421053,1,2
0.1799875025325065,0.98357437617974475,0.013636181824011722,-0.97864734491138083,0.17765253606130615,0.10338738186496033,0.099266677339456613,-0.031953449792046652,0.99454768805541505,2.0925163170919476,8.198374284790539,-1.4263718936381538,,0.4928184878073741,0.6923076923076923,0,4
0.8763546158857255,-0.44559423245371632,-0.18288894777915113,0.47978858612444109,0.84105923789026571,0.24984449360382946,0.042491173677499633,-0.30670040489609329,0.95085717213263921,-0.94746751535195106,-9.2878628046862417,-0.57744651094348343,,0.1840854996196558,0.3076923076923077,0,5
0.20952897169514142,0.97699409302791163,-0.039751128398414916,-0.97479746990759075,0.21189710471738099,0.069781872102667966,0.076599625861608706,0.024127975484112725,0.99676995245487876,-20.612356247624561,-5.9490782114584961,-2.6041542550700099,0.5320292209167199,0.5572430059723125,0.9625,1,5
-0.99599940500488304,-0.00045086420508827859,-0.089358726218471962,0.0055330378340917585,-0.99837965813088125,-0.056634298113342273,-0.089188400155209457,-0.056902152436731107,0.99438804011604098,-3.6051631515828837,18.565609214240624,-2.4096366734072405,0.6962310771667565,0.5437952230284965,0.6666666666666666,1,5
0.56538686596898491,0.82433088673143051,-0.028570631255588029,-0.81876988354180313,0.5650886529222825,0.10144304876837237,0.099767577873331653,-0.033961794991635333,0.99443100659936912,-6.9301313519835501,-10.926424041086449,-1.0644894588099099,0.4600412468462835,0.4202816165069172,0.9168443496801706,1,5
-0.74031797130235477,-0.66412126521909132,-0.10427006497820607,0.66823528534602517,-0.74392380430816252,-0.0062431404106145774,-0.073422781105608584,-0.074298845667102056,0.99452942477699158,15.811901625179717,5.7623419041058703,0.085063938617221307,,0.2958433030647585,0.32,0,8
-0.58230741396212271,-0.78566719772220917,-0.20891416914148153,0.80751678588373443,-0.58868915094309004,-0.036901545738707242,-0.093993170819731811,-0.19018974206101158,0.97723750739214765,-6.4510643794197389,-14.906637383645373,-0.67514983637413639,,0.1122420035912536,0.12,0,3
-0.78156361590864931,0.62131822476575227,-0.055874662072645152,-0.62309629182318915,-0.78184192492671423,0.021776490605276255,-0.030155022865008235,0.051835007483599413,0.99820028380840797,-0.54112246117187501,-11.827070471164035,-0.39422292419977001,0.3032095618641211,0.2392983331802357,0.71875,1,5
-0.95326642603272316,0.30200072209503348,-0.0088704482905695523,-0.30024918628826763,-0.95019246973342475,-0.083574497277137255,-0.033668191695283817,-0.077005417445602548,0.99646205073349181,9.8792039251903514,-10.074809822544619,0.51835040407821575,,0.3229089811176032,0.3125,0,5
0.80556298596611386,0.59237369372622595,-0.012715448183485146,-0.58157799765431428,0.79462118590869835,0.17419587695882047,0.11329301958089713,-0.13293072589210458,0.98462892189293372,5.0525068271663196,-14.887979610591799,0.35234814189834268,0.522019682389947,0.272551222358269,0.1333333333333333,1,4
0.59228916562772838,0.80490657880182503,-0.036317264235510412,-0.80272394163038974,0.59337000414969354,0.059550916943102987,0.069482500051314969,-0.0061186254122353075,0.99756440624637588,-3.0530670768718369,-3.232551077514906,-1.2459469746328515,0.4677603305649211,0.1651049483245668,0.4596491228070175,1,5
-0.22390375063062182,-0.96100455237579463,-0.16228789470117475,0.9723039068374667,-0.23170638802352272,0.030614743142675548,-0.067024049431077787,-0.15093839823614136,0.98626841008711674,7.1968365502484852,5.0992744309238489,-0.75028434868266303,0.2271549563509592,0.1542809673235084,0.36,1,5
0.99074332461678383,-0.071485564905021087,-0.11540138100340214,0.087880721345332938,0.98568389357548347,0.14388968261032001,0.10346324730601836,-0.15269929913422883,0.9828419407518223,-9.2880028477279843,18.67683971117447,-2.8862024401947477,0.2795519449563426,0.332705442534624,0.4166666666666667,1,5
-0.89035553660299727,-0.41994549137424392,-0.17582037059121874,0.42997903356358913,-0.90258017641820343,-0.021611474558814292,-0.1496163398032129,-0.094840969055199467,0.98418501383254131,-30.663091272152332,-2.3147361153084671,-3.3802786552626021,,0.1406907552449022,0.2222222222222222,0,3
-0.92371621375769497,0.37787549049763192,-0.062916374039857489,-0.37587431550604578,-0.92573947309400606,-0.041532239266549864,-0.073938186236955611,-0.014715353777822312,0.99715425234974697,-3.7315539022076707,1.1988418082083474,-1.6039681731637891,0.4300804141007633,0.3003053823310663,0.4446022727272727,1,5
-0.90932828515344333,-0.40330671593367812,-0.10230231034874053,0.40277711340267069,-0.91490840430259235,0.026705966664704307,-0.10436793922901094,-0.016920538386109275,0.99439480521662704,-3.9069693456814103,-13.549825589148163,-0.56958625310024513,,0.1037465819784951,0.2641509433962264,1,5
0.29778697640314888,0.95376306510854403,0.040729992872905019,-0.95271085569943359,0.29421129701862353,0.076037741543743667,0.060538765407995521,-0.061446955509412593,0.99627271845689946,1.4806820964177416,13.108616364789498,-1.7364951897368168,0.3343689394278769,0.3583963964587574,0.6,1,8
-0.40509887572641701,0.91322673905595242,-0.043724409183262161,-0.91372682214788348,-0.4060463221194972,-0.015155156903199974,-0.031594230054302168,0.033812828430372123,0.99892867476152392,5.8917397636348454,-5.0915921716673145,-0.20776763196584824,1.00096389800881,0.546026036260277,0.5555555555555556,1,2
0.15608473340936771,-0.96986342399194048,-0.18708953685109134,0.98737944305100178,0.14805943570664126,0.05621600251284449,-0.026821473427457457,-0.19350282246225814,0.9807330249677122,5.613284545285409,-17.804789051028433,0.59701052360836304,,0.151128863423956,0.2777777777777778,0,5
-0.64151207869880167,-0.70758677034880235,-0.29628232365582208,0.75185503794392228,-0.6566120777917388,-0.059787801568197456,-0.15223749473071799,-0.26111595455920728,0.95322725699213373,-0.57275931889100606,2.3535195554854029,-1.3589287819442926,,0.2545973687363688,0.2768031189083821,0,5
-0.80184534736797886,0.59426713107726936,-0.062374801206244064,-0.59637047107260022,-0.80241949290761994,0.021568927523747033,-0.037233051674177217,0.054493433761061208,0.99781970592886082,6.1928591868431084,16.746067549159779,-1.4662790089306745,,0.08886993090986714,0.5294117647058824,0,4
-0.62239874716726606,-0.72567508271860781,-0.29328394747404735,0.77547617826740722,-0.62251895801637469,-0.10538901199832844,-0.10609663738495378,-0.29302870376730883,0.95019875936777387,-14.661543204883396,8.9489298998083928,-2.8971808431916206,,0.1324010232485806,0.3333333333333333,0,2
0.46179250699818564,0.88697317614398208,0.0051249664767971329,-0.88104232182772291,0.45802147828964213,0.11824023246673365,0.10252856981713403,-0.059117765742867701,0.99297179322719187,-1.3946064498220929,-21.747134242137321,0.15531584711978155,0.2700745311793751,0.2639253441428642,0.325,1,5
0.65267394303987525,-0.74096650012953391,-0.15806761136479569,0.75755935087174786,0.64126782430524676,0.12198117648880057,0.010979707808440308,-0.19935953249495061,0.97986490028974738,-6.8947366913740584,2.412363409104215,-2.0037353046496515,,0.1519752716988891,0.271875,0,2
-0.89460890640528612,-0.40719263495435076,-0.18403549282481368,0.43264863584055963,-0.89231073645163483,-0.12882820932716768,-0.11175894812336894,-0.19487356837722949,0.97444047014801471,-11.915186168018828,-14.018504498455428,-1.2219087076039024,,0.4325641888391458,0.1641791044776119,0,3
-0.98705625607311342,-0.12693662968060773,-0.098015505876655792,0.13072189187429839,-0.99086341272620593,-0.033188617105577245,-0.09290712745388649,-0.045571804505688013,0.99463132682535316,10.30000197401359,8.2154216478360613,-0.60382752314452992,0.5650825277783282,0.3278172661474465,0.5,1,5
-0.98380313100569883,0.16982079362357516,-0.057378545436810417,-0.16352603097994237,-0.98138019255702658,-0.10075790216494725,-0.073420954878916964,-0.089743053824757058,0.99325502650370479,6.3021893779951998,3.5362711560905056,-0.74370107913752914,0.6465568276723854,0.2692874940696578,0.3157894736842105,1,5
0.31328923602387571,-0.894655386485532,-0.3184989702086975,0.94946101500169344,0.28825647728797055,0.12422553800843164,-0.019329655546101148,-0.34132087942866035,0.93974806287776713,-7.1251747824157805,4.5834595250999177,-2.1309972370997143,,0.2170465574922666,0.1052631578947368,0,2
0.86871359428994255,0.4936074363987889,0.041090021022927359,-0.48379215419721122,0.82779035179042393,0.28409203617825618,0.10621601872161605,-0.26667364364425206,0.95791613680552812,10.337830872860849,9.0761622576022951,-0.64027545426172405,0.3716129511856261,0.3268012986358741,0.3214285714285715,1,3
-0.81404137490608497,-0.55085561844948905,-0.18410520786670437,0.56829193935414113,-0.82087445672699244,-0.056651548595552527,-0.11992043865046657,-0.1507422101330492,0.98127257909211085,-31.163712866113762,-0.6170029720492638,-3.5218178144779646,,0.4237844292699194,0.3,0,5
0.85529436854510443,-0.49175353130583366,-0.16324830039934451,0.51498743478501452,0.84150741529576034,0.16325811470123078,0.05709190090181513,-0.22370456957892512,0.97298344302507311,-6.411662365428068,-18.32941932166926,-0.45362186546210054,0.1737415910784554,0.2044248659468639,0.3333333333333333,1,6
-0.4298963557658666,-0.87792126494218603,-0.2108159762957719,0.89851614317632433,-0.43891815187974026,-0.0044267823547028962,-0.088644592337998845,-0.19132461554328381,0.97751574296092247,-4.8722618336303851,2.2722042782901464,-1.8071108839153267,,0.1929031325608464,0.1929824561403509,0,5
-0.11333920897782848,-0.95241191624148547,-0.28295894668573895,0.98872092025218639,-0.13618019915858889,0.062336949017396878,-0.097903858779675154,-0.27270220966899,0.95710414233650665,-4.4159863430432731,9.9428195151881216,-2.0919275493935268,,0.3019208654803878,0.3243243243243243,0,3
-0.8230698597853624,0.56505904256098882,-0.05713391578530904,-0.56604773917467555,-0.82437132152154047,0.0013715786769652914,-0.046324538725632566,0.033469428929804909,0.99836558155766264,-7.1758066304419286,-3.8579933024184991,-1.6810429998256036,,0.07542940160691759,0.3722943722943723,0,5
-0.99036178385036455,-0.10105347405136338,-0.094719229678436531,0.10033776461081081,-0.99487739022197141,0.012300870620665419,-0.09547706573639296,0.0026783963992024575,0.99542802658509599,6.9411122049638152,10.773670594958441,-1.1100334664714668,,0.09181471589124926,0.6111111111111112,0,2
0.83236073510216202,0.5542325918244565,0.0013567681216958424,-0.54154037871836669,0.81277344303697141,0.21478675124736388,0.11793907273570771,-0.17951480288091698,0.97666002819244557,9.5664689190641052,3.4466010533796099,-0.4019345657939512,1.194230814435525,0.6193418867399603,0.3333333333333333,1,5
-0.014556950591037383,-0.9635147050459254,-0.26725925306667231,0.99697119647108756,-0.034408498141533864,0.069745886349334776,-0.07639717662649817,-0.26543448987633367,0.96109729111448006,-3.3029471048786561,-18.810084376201015,-0.16467962863645905,,0.113920755349268,0.5,0,5
-0.65793756510096557,-0.72292560379674831,-0.21094248458790996,0.74515660565561059,-0.66546700490249933,-0.043535025369308956,-0.10890267892399358,-0.18582851439217971,0.97652852992729999,7.0095209528475504,-18.615847419319206,0.7838778631367791,,0.3513276911084272,0.2777777777777778,0,4
0.14742980550440879,0.98182916828988009,0.11948195154137327,-0.98650317649578501,0.13726824356089859,0.089268763144966998,0.071245597847576531,-0.13103020111756161,0.9888150237442962,4.9569084372097798,-8.4913199398013823,-0.056464004797316683,,0.2413884591328083,0.2580645161290323,0,4
0.8826244688713798,-0.45758508894602518,-0.10765655262813213,0.47000357685595673,0.86312481096924243,0.18469487927908823,0.0084074188739599182,-0.21361518453417239,0.9768817063720201,8.6748809346695079,19.206295073327986,-1.3013537991114601,0.5002209672220504,0.5172651631736199,0.7777777777777778,1,5
0.93353395857472521,-0.33325633626676493,-0.13211571642259418,0.35332587302636809,0.91764942599059252,0.18188006605807441,0.060623226885058445,-0.21647111889854392,0.9744049871818462,-16.075767094162448,5.0582915008182647,-2.8167783693538433,,0.2767044270548264,0.2205882352941176,0,2
0.65915703912630474,-0.74330684275585168,-0.11404795168074131,0.75176121833699694,0.65518489798461965,0.074751722771848828,0.019159028543197631,-0.13500995135623517,0.99065899514417644,-17.035539003916746,10.372466490660289,-3.1220078433703997,,0.1270681335108549,0.2222222222222222,0,1
0.92859855190254215,0.36309803895950205,-0.076580307574899961,-0.35754281721061015,0.93069284141755115,0.077291453571696436,0.099337119273726002,-0.044391992947935104,0.9940631205796282,-5.1408018465308656,-16.130146564043475,-0.50997540755117665,,0.07493348554997369,0.375,0,4
0.99612821173852828,-0.017703732830452571,-0.086111344330877665,0.040555274071615528,0.96159959808495876,0.27144333240627377,0.077999073863599,-0.27388463046822226,0.95859446778588642,-16.020552104357403,6.9073171705867065,-2.9065720425480821,,0.2762548618196457,0.7329192546583851,0,3
-0.92522782287020944,0.3781892848265499,-0.030435844480394096,-0.37277085852521163,-0.92104658690033403,-0.1127611271388388,-0.070677880706969468,-0.092984136290162361,0.99315587274966211,-7.8248460627950607,-21.632065348720708,-0.3644121569020074,0.6156323292191853,0.3232497263198988,0.4166666666666667,1,5
0.96237778754718661,0.26210134223563036,-0.071637144234420386,-0.2471772640917001,0.95398164016513132,0.16977170065705061,0.11283791096933708,-0.14567744034724914,0.98287623291132087,11.555524476111517,3.8049694527669531,-0.19888247026478628,,0.2155475307151406,0.4666666666666667,0,5
-0.19112105076500685,0.98155116539485432,0.0054821224433689664,-0.97602753252217167,-0.1906320920548745,0.10502219402328047,0.1041297254061558,0.014721249633989946,0.99445476774766028,0.70323660854441983,16.665559932395688,-1.946115612116986,,0.1908087027057395,0.2352941176470588,0,5
0.6308553006811346,0.77291029206813711,-0.068053435017357292,-0.76945277542301416,0.63448567009147072,0.073282745871022667,0.099819917833741528,0.0061330957699721406,0.99498661756826678,7.5151924858065229,2.3117887029938533,-0.55574475855723504,,0.08083813907516342,0.3,0,5
0.9857111071613599,-0.13476742017650323,-0.10105125272700308,0.145771555741912,0.98309002310584914,0.11083618545548975,0.084405371602223625,-0.12398285739855694,0.98868801161740594,3.8175368358097042,-15.065470641707275,0.248966965615637,0.3747939648656959,0.3326342752957809,0.7777777777777778,1,5
0.16949165572309907,0.98497851324290886,-0.033013740927573254,-0.98228229914782494,0.17155598118893733,0.075432288173998621,0.079962887773682961,0.019643669924214329,0.99660426590036366,23.785785491226012,4.7986475190217615,0.90674769196547422,0.5080243663294148,0.3001902147815355,0.5675675675675675,1,5
-0.7475104141475839,-0.64767736417455546,-0.14745240817568489,0.65895054693352362,-0.75103006523878379,-0.041689540695944341,-0.083739819900203308,-0.12832721084528054,0.98819014846321584,1.7008466709380126,-16.799062803440883,0.14403700944825409,,0.3556652280491783,0.5869565217391305,0,4
-0.7700261180451875,0.63366835962120382,-0.074324878360014154,-0.63677904893684878,-0.77054480819553639,0.027805420298665989,-0.039651234070839897,0.068739425207633459,0.99684636281564587,-1.755765642428003,-17.496130336378144,-0.10674768486367546,0.2076422733878028,0.1685452838572511,0.5932203389830508,1,5
0.51608728697997175,0.85455268230531078,0.058254831408648323,-0.85445358863991305,0.50890081950075716,0.1045419569925424,0.059690678317684022,-0.10372882471259079,0.99281284935566672,-11.375776946201247,11.620595065697257,-2.8104902861602588,0.766399952211362,0.5483923770693265,0.5314285714285715,1,5
-0.42058045055063581,-0.89284554414061312,-0.16105563921476679,0.90277179220645076,-0.42948156704453089,0.023423807660735024,-0.090084270608010678,-0.13554489247930712,0.98666732301814664,-36.096679600906569,-7.8240657666323896,-3.456102475871548,,0.1651162495585152,0.3571428571428572,0,1
0.64070086815302352,-0.74970579969975248,-0.16566113438135516,0.7676712093240835,0.62931709678020886,0.12099961187966346,0.013539273350587674,-0.2046978397460136,0.97873156814340778,-8.1836183642869997,-17.075998234403585,-0.68623144785823653,,0.09291946744441383,0.5454545454545454,0,4
0.99154446499572368,-0.061837531318287016,-0.11408634298988299,0.093372600054544147,0.95051484237793082,0.29631586521533493,0.090117320729144509,-0.30446289452036385,0.94825166193626209,-6.3156249772249922,-9.5800374843799929,-1.1239343275216866,0.5354436522739485,0.5686168598149854,0.5177304964539007,1,4
-0.99344766629645398,0.056059770326132088,-0.099594359685232045,-0.04636153522267325,-0.99418873210301828,-0.097156435768249921,-0.10446215765494649,-0.091902486965122696,0.99027349278252352,13.236315724173213,4.4029584323909425,-0.088803705030657792,,0.4580129137630745,0.3157894736842105,0,4
-0.58740435636199928,-0.78002351742392606,-0.21568364423978348,0.80407476689466129,-0.59272597774370528,-0.046256724387552982,-0.091759966054062878,-0.20059717738137978,0.97536704940057384,-3.698832098498015,-17.389685112816149,-0.29612211304586122,,0.5506012035763717,0.6923076923076923,0,4
0.52305425387499116,-0.83817871254705556,-0.1545014347384496,0.85229463402416472,0.5137800676722365,0.098101472345369117,-0.0028468081940337671,-0.18299313619826019,0.983110069009281,-2.5978444992485139,-11.407937077522211,-0.61840773841444141,0.208070417353183,0.1799809759908985,0.7391304347826086,1,5
0.43710480282851844,-0.86009681749535549,-0.26300733046553021,0.89940970838431888,0.41759119378020876,0.12915018908718498,-0.0012521215107645551,-0.29300351433316035,0.9561105442260015,-13.851196505275334,0.30182400918718338,-2.5073032122324315,0.4282126426814143,0.285880541929193,0.2338983050847458,1,5
0.70952151991056867,0.70157716735085152,-0.066096074283976874,-0.69675975202623619,0.71247679413286447,0.083082283180558297,0.10538055200147284,-0.012895583511898581,0.99434835102480712,-5.9978052503161763,3.8631671598636692,-1.9647624429707471,0.7367981073800688,0.6936637869953304,0.9766682221185254,1,5
-0.25660178211348672,0.96640378484223022,-0.01480709488035205,-0.96603689600586007,-0.25596123582774716,0.03544800853215712,0.030467047306002682,0.023400222138805171,0.99926182186267298,2.5220296883930082,-23.009091941539879,0.60948529266861007,,0.09428015642175164,0.1818181818181818,0,1
0.96423332943525075,-0.21832289430318355,-0.15029703998846383,0.2521172365024521,0.93045584340215748,0.26587369658758669,0.081798444145225441,-0.29425675404629609,0.95221950055308124,-16.191472045692365,0.52879360110934404,-2.6663415624395861,,0.548954959860081,0.2567567567567567,0,3
-0.98387774077137291,0.1692589178469146,-0.057758202395087062,-0.15983930774706123,-0.97708554785731738,-0.1405532919120249,-0.080224602919308274,-0.12905522421683682,0.98838694962488349,4.8790077023739755,16.096130342179926,-1.5541207358366624,,0.5346728504656635,0.4736842105263158,0,4
0.45208774858583112,-0.84981540818883139,-0.27098051513613403,0.89193709598158255,0.42795930220546063,0.14594194896518459,-0.0080550847627857327,-0.30767614087001516,0.95145704472077919,-9.0048487035017022,-15.263950816199745,-0.86924433963316217,,0.4271362126723864,0.3,0,1
0.34059483519068434,0.94019370827683424,0.0055631967505928919,-0.93640387893433585,0.33867817520701265,0.091895969199838196,0.084515878733881264,-0.036508691500837159,0.99575307264739898,-43.202636248615875,-1.9839763387763076,-4.3027584621813375,,0.1931963738430573,0.3846153846153846,0,1
