axis_00,axis_01,axis_02,axis_10,axis_11,axis_12,axis_20,axis_21,axis_22,location_x,location_y,location_z,dbh,dbh_approximation,score,reconstructed,number_clusters
0.81694770211755163,-0.55182300300249687,-0.16759422830801254,0.56927156923604261,0.81813548606791309,0.081143125993225554,0.092338141980360985,-0.16169631966660647,0.9825110522237851,17.087150475076744,-16.199720646594599,-4.0040290006927046,,0.3851479502690763,0.3829787234042553,0,5
0.015330753171131273,0.99963555474367138,0.022219939233003149,-0.99667937045977684,0.01705521375885433,-0.079620048879304961,-0.079969997543509863,-0.020925519729562081,0.99657760466355005,-3.7475844033611478,13.107936211176508,-3.8689918129817178,,0.3623575825952909,0.3780487804878049,1,5
0.27023635419726899,0.96183756340587401,0.042904714095535729,-0.96197870352690551,0.27157282090626167,-0.029071926418964597,-0.039614225107433045,-0.033417129835863729,0.99865610126943627,-12.412317881091205,7.3036439753235225,-5.1867413149200061,,0.2053579088679597,0.4555555555555555,1,5
-0.21901334235714154,0.97320675350543817,0.070012647435715128,-0.97313870992343521,-0.21265263530968992,-0.088203786451574284,-0.070952146677210545,-0.087449823483231076,0.99363892901528672,-8.0309379498349038,12.643717640027155,-4.3216457936657866,,0.120153424664732,0.5454545454545454,0,5
0.36687119331487511,0.92945547721065513,0.038962076418407515,-0.92995670983095435,0.36751505058872275,-0.01063980409386661,-0.024208373677445386,-0.032329606769691072,0.99918404269184113,-2.6944737971343011,14.366901324356451,-3.6584695854500451,,0.1070023884799495,0.3076923076923077,0,4
0.57923256696628744,-0.8078157786766621,-0.1091938692723325,0.80888114587604831,0.58618628787413185,-0.045792223734993344,0.1009996297611814,-0.061800514798529028,0.9929651409585033,-22.049861058105229,4.1370836206210297,-6.2513670742787273,,0.06795011883500099,0.3846153846153846,0,1
0.57278165503337897,0.81958639496491048,0.014117961809166172,-0.81969518990649792,0.57259153704714505,0.015450804061229739,0.0045794433475691175,-0.020422362508044727,0.99978095391351429,15.269085589280257,-27.579609702353711,-4.9730616937908678,,0.1572997289652544,0.25,0,3
0.67683220875464434,-0.68185395369812762,-0.27744070901463208,0.72861268083040787,0.67426362603255685,0.12038323779727535,0.1049843918181952,-0.28362607150200547,0.95317077642933623,-34.123326119683981,-6.3635194617948221,-8.0587338805329107,,0.3860376511554702,0.16,0,1
0.89528485922431722,-0.39765906638692899,-0.20082900130202683,0.42119468735309912,0.90241303437279774,0.090806116201520251,0.14512083306410106,-0.16588544937502744,0.9754086125806074,17.699359873345795,-18.895641041379367,-4.1060494537101517,,0.3414532829261407,0.1333333333333333,0,7
-0.6817107469121747,0.73143202704463051,0.016662753608827331,-0.72402634016248579,-0.67118521075074067,-0.15904801671319471,-0.10514901946933181,-0.12048901478088049,0.98713022495604452,-36.436516667827192,-8.2216971698958972,-8.3065181341401448,,0.1464354869442384,0.2,0,1
0.33365278549041028,-0.89474094505779311,-0.29684079903473126,0.93870700700644272,0.34427686983556088,0.017395168675088318,0.086631251471375792,-0.28445048450181221,0.95476853118187111,-3.6681987073196805,-29.58527834472579,-7.6819022064347369,,0.1408637876109452,0.5,0,1
0.73838889372398275,0.67187437786026627,-0.058022943737395631,-0.67413083910188609,0.73769999361068306,-0.036692386111901405,0.01815085113320733,0.066208306138112127,0.99764072030038042,3.8006954930700068,-25.762350505437702,-6.3682174845435364,,0.1413174297711597,0.52,0,2
-0.17826399102233989,0.98391912563121597,-0.011184977509583426,-0.98110894144285976,-0.1785999948731726,-0.074345725177533684,-0.07514781783696578,-0.0022794842411076508,0.99716979969608799,-22.404899949362459,-2.1690026048000286,-7.0091325199966032,,0.07791589075168973,0.4,0,1
-0.90197170937133375,0.42866674560415891,-0.051883106180084633,-0.41811219744077516,-0.89707043379761531,-0.14299240244644154,-0.10783888837057247,-0.1072821421267223,0.98836294757325938,-19.168981333649992,-0.10972767064994282,-6.4515562256979768,,0.08304355419912797,0.2708333333333333,0,2
-0.30706438572179867,0.95113805171546473,0.032370814018263694,-0.94253290230741382,-0.29922743496918713,-0.14864276043495978,-0.13169354991516652,-0.076153455211640922,0.98836099688831858,3.7452992749512544,-30.415078623979301,-6.7016694044550054,,0.1732684212933364,0.4285714285714285,0,2
-0.96134579440574386,-0.24850515288450906,-0.11857256245959773,0.2702672160722101,-0.93395514034678462,-0.2338448796454477,-0.052629796645679905,-0.25685206794897236,0.96501664218570338,-24.611299292648344,3.706869704951159,-6.5083307219582158,,0.3374828560123425,0.3076923076923077,0,2
-0.96167161316272876,0.27200367007141257,-0.034665716560858595,-0.2581038938202902,-0.94062615222255619,-0.22046501252986478,-0.092574772113141288,-0.203067587819108,0.97477867556975684,-9.0018195886273098,2.8722876186136768,-5.2691550369997957,,0.1221497790827762,0.25,0,5
-0.25856902047360686,-0.95918464712243467,-0.11448525833455518,0.96536776183606898,-0.25231788176443359,-0.066338306803293681,0.034744007525588129,-0.12767340861165893,0.99120752351590957,-24.699319960329159,-4.0393870470108872,-7.3212964994286294,,0.3256169245214875,0.7974683544303798,1,1
0.88353819751650631,-0.43187942444932487,-0.18121924916134924,0.44971535092779358,0.89037137946502676,0.070674675587775196,0.13082949464541577,-0.14394085371035412,0.98089993065753656,25.924112769860649,-22.514390662696144,-3.5384534460403927,,0.393451039265759,0.2857142857142857,0,3
-0.12198123961825064,0.9922909638330788,0.021891100392972592,-0.98992451809293447,-0.12003332988913368,-0.075109574584060979,-0.071902890482004531,-0.030832496022000652,0.99693496855581654,-5.9260848593034545,13.830988087330958,-4.0210391873008762,,0.2483245217814998,0.3255813953488372,1,5
0.96680844425528978,-0.23736335342361209,-0.09455194640071396,0.23659885036533213,0.97141413754479433,-0.019379302977815774,0.096449033807857729,-0.0036348080554794663,0.9953312875861634,-17.553752186829374,3.9748877016913862,-5.8099555898065969,,0.07241963702043554,0.1923076923076923,0,3
-0.69607480764425411,0.71786939994888521,-0.011974421908422609,-0.71031235063986153,-0.69098488261502322,-0.13415012682057373,-0.10457641556052633,-0.084872943948758092,0.99088867018145976,-11.797153861196461,4.7954073284467595,-5.378835455282883,,0.2263918925783552,0.3120567375886525,1,5
-0.38039057295536627,0.92275115593407353,0.061913780606726476,-0.91520204812584538,-0.36595481852946427,-0.16876694552347407,-0.13307224771884094,-0.12086097392209187,0.98370951091755621,-1.7471030001375307,6.7760431197369861,-4.2466993824520021,,0.2858570959988309,0.1969111969111969,1,2
0.73169411354017433,-0.6336206234253412,-0.25129391114935595,0.6732448011544323,0.72944446549441988,0.1210463112948459,0.10660751347436606,-0.25775119268325802,0.96031201218206719,-19.534410281320909,-35.859951024975629,-9.1018983665301327,,0.6681670432781397,0.1851851851851852,0,1
0.9468041043528278,0.32167518635199183,-0.0093307269840460314,-0.31990819633611223,0.9439595734996622,0.081234657107121411,0.034939002527475303,-0.073928330724746361,0.99665132720457328,27.950302871399682,-10.515021518984168,-2.4691838117407676,,0.2324758969620301,0.2702702702702703,0,3
-0.70800804188847355,0.70606799811256482,0.0138778479083034,-0.69763121625547508,-0.69622519138715144,-0.16905966101891959,-0.10970550910121692,-0.12937721947561248,0.98550811074978129,1.4950540708539528,9.1435344133138674,-3.7478807300641588,,0.09705614815077243,0.5,0,5
-0.88922944454408193,0.45576016005282616,0.039416639436225621,-0.44743317036423497,-0.84855901693642166,-0.28240246605457003,-0.095260448317402616,-0.26875689997563862,0.95848587663139373,-4.2323614751947467,5.5738594677840121,-4.5420052748364039,,0.1401133697345172,0.375,0,5
-0.5343153618859291,-0.77181818449376038,-0.34467924819673135,0.84528118413283637,-0.48661438132081863,-0.22069472953096664,0.0026103263585548868,-0.4092714673374046,0.91240892817847263,2.1057322684572313,12.555497981357448,-3.3475271021980912,,0.532510387693261,0.2857142857142857,0,1
-0.93669919673500024,-0.32912419415743216,-0.11946497250754122,0.34425711878556142,-0.92796497115762111,-0.14271667201101884,-0.063887800098849257,-0.17480925926465615,0.98252738988481791,-25.501266114222471,1.3605313879258405,-6.769846653045005,,0.187921691668602,0.1739130434782609,0,1
-0.98587168508724665,-0.11972014886128327,-0.11714993171088203,0.1449616609508052,-0.96023231937636666,-0.23862105875103834,-0.083923401966411904,-0.25223199396927193,0.96402068640702332,-14.362436719917335,8.9659665005144262,-5.2131312000999745,,0.237751806364121,0.1904761904761905,0,4
0.046175340251399105,0.99630029528084518,0.072481442976586055,-0.99835492364698308,0.048495831338541275,-0.030587591807959637,-0.033989474583966776,-0.070949813009509394,0.99690061673740649,-16.472855591704651,14.476043990218622,-4.7813302060136467,,0.544409455083932,0.4736842105263158,0,4
0.93232092761730934,-0.34581696241942345,-0.1057748383586736,0.34604185385970887,0.93806849619747268,-0.016808682849889948,0.10503677120007207,-0.020931434370711897,0.99424803331515244,-18.730369831206733,8.6217911993791674,-5.6353658879362127,,0.07631270912599121,0.4,0,1
0.44115921675372233,0.89730198720549359,-0.015089374748938796,-0.89735159969408951,0.44083826678811272,-0.020536042990575085,-0.011775058373541977,0.022600139210286689,0.99967523811884773,-13.831899056032746,7.5117552865478583,-5.2980704725509007,,0.1122402485503125,0.2777777777777778,0,5
-0.94442673417879008,0.3253559133770913,-0.046921992700042159,-0.31140668524368398,-0.93123395860855851,-0.18928600244015295,-0.10528067322127647,-0.16415493889856375,0.98080025279425909,-7.6096329201104815,4.3787477171382037,-4.9993870495588171,,0.09500385855641634,0.2784810126582278,0,4
-0.99587871014637996,0.0047785129053930665,-0.090569092363757361,0.018157629254919424,-0.96788825682185764,-0.25072419669067875,-0.088858849739475623,-0.25133540960389622,0.96381254230385394,10.49407287244191,15.003181351825553,-2.3838151821278761,,0.6321844639618746,0.2191780821917808,0,1
0.60236320772353591,-0.77585592351113719,-0.18763302463504175,0.79167147324383425,0.61073318136102372,0.016163527974462223,0.1020531451399258,-0.15828002760084614,0.98210620017884309,-39.799865758547973,-1.3768112633593206,-7.8568605295900404,,0.7391999562695188,0.5925925925925926,0,1
0.28891027952518722,0.95735232486848409,-0.0027159627367490708,-0.95682934678505682,0.28865602781678495,-0.033989685728428622,-0.031756125638371872,0.012418682456069727,0.99941849333024435,-6.9788194171194604,7.2505752391065998,-4.7036934353231459,,0.07767682151901163,0.303030303030303,0,5
0.55767028749971981,-0.79257367884424357,-0.24663903592757339,0.82441038610871564,0.5634739164097109,0.053335361646673796,0.096702459720832717,-0.23307532930193409,0.96763863355838386,-17.054428734057904,34.267840501491065,-3.2115254330171195,,0.4047797182032518,0.2222222222222222,0,3
0.99422204537036363,-0.0013374196408729095,-0.10733469060968175,0.01821173453400942,0.98752791613391666,0.15638717204895061,0.10578684807117876,-0.15743832495586813,0.98184638137045488,-12.785342524092238,10.60585059241154,-4.9333262244500249,,0.4198019618225038,0.7346938775510204,0,4
0.95809584152245408,0.2820506970307014,-0.049997627562483958,-0.27780855511286046,0.95747961521361358,0.077815121644163959,0.069819518499385919,-0.060664575782632818,0.99571333428935649,-23.662319044613238,2.3418587747107638,-6.568974451450873,,0.211626451222804,0.4285714285714285,0,1
-0.33260814220622859,0.94264533500895531,-0.028135318089112248,-0.93908426639934495,-0.33379502861514954,-0.081863419626934789,-0.086559599925862193,-0.00080700536913750405,0.99624634724700933,-22.014192699879789,0.98179061698338277,-6.624993991717302,,0.08452714435341703,0.2,0,1
-0.91203570458481775,0.40739979440617213,-0.047077394578345984,-0.39649472612817627,-0.90526012433964864,-0.15263040140518486,-0.10479888222218393,-0.12053843701647189,0.9871614252424008,11.707128791337537,-20.404427737352599,-5.0073346015407028,,0.1132622280987265,0.3157894736842105,0,4
0.74885901674070854,-0.61249797691633878,-0.25309366116031295,0.654519163585078,0.74345195825695831,0.13741852227332224,0.10399441112881508,-0.26856175088289436,0.95763236600309465,9.065237170354056,-27.013159959554478,-5.8233682357333345,,0.6556366466228332,0.75,0,4
0.78860601700776978,-0.5544151125995177,-0.26594065665182687,0.60392602274836837,0.77968795416510661,0.16540874576988845,0.11564561810323019,-0.29105081523866971,0.94969232594689701,24.213263851727262,-13.739273187136154,-2.9821450261927103,,0.4665103653293439,0.2727272727272727,0,2
-0.25048904588683057,0.96554048960665328,0.070617284150910759,-0.96489241585820218,-0.24303830717888014,-0.099574128481988711,-0.078980147569047809,-0.093080310344183417,0.99252112930466263,-21.775942064878713,5.5808282640219318,-6.1257856004578564,,0.2840739779458648,0.75,1,2
0.88410093120400601,0.46449293587770674,-0.051106320195432417,-0.46440424491352184,0.88550757506894529,0.014318931587852234,0.051906076238827918,0.011074611290001835,0.99859056286060721,4.5809897881793535,-30.570457712717999,-6.6569888645948945,,0.2324212574875964,0.6666666666666666,0,1
-0.99029729508520636,0.11743880771319534,-0.074292622714684037,-0.094366506116490445,-0.9607562771638184,-0.26084926377830914,-0.10201093015108542,-0.25130758510881174,0.96251663247784314,20.402544372809658,18.88911437949897,-1.5200890772906257,,0.2192266770283182,0.1904761904761905,0,2
0.25207119515352683,0.96393004054803433,0.085434123761755673,-0.96769012835195167,0.25162894427762356,0.016083839464302273,-0.0059940023404614533,-0.086728030825073937,0.99621399337950933,-9.8886649531285613,9.4006563844807314,-4.7333059180483721,,0.2725220101876731,0.325,1,5
0.66888080652255633,0.74053228988128339,-0.064887551263070165,-0.74322754512118228,0.6679071531575026,-0.038895384484296538,0.014535571501509657,0.074242591578037698,0.99713427117760878,-11.052810075294053,12.226797632918124,-4.5378893555959827,,0.3469947547008759,0.8620689655172413,1,5
-0.68591026466786698,-0.7110752926076459,-0.15459313395558441,0.72760151944984219,-0.67341474885353625,-0.13079986590517351,-0.011096743555618861,-0.20219916980413513,0.97928155196193756,-5.5863811092170197,17.30560171066988,-3.6776930168328508,,0.1112552001803238,0.5909090909090909,0,4
-0.84399056965669905,0.53403681153663207,-0.049845784719951887,-0.5254857856168933,-0.84192092675935337,-0.12261256949949018,-0.1074458349362906,-0.077290601035691908,0.99120207604019073,-10.744433513132694,6.6062605247716828,-5.0842970694450651,,0.06456693578043766,0.2439024390243902,0,5
-0.66203851045884299,0.74940905687074066,-0.0095433825001321575,-0.74463706115057027,-0.65915991948972275,-0.10499451271064014,-0.084974453987530521,-0.062404054502970069,0.99442700896099567,1.5512791088672095,13.191162971822774,-3.3624109446646693,,0.1388408726805128,0.2352941176470588,0,5
-0.29844597964776548,0.95442376334769397,-0.0022972133799029652,-0.95064951538778564,-0.29747797710489071,-0.088160943906879646,-0.084826270253120742,-0.024127434484613297,0.99610359440177554,-24.468581752760965,5.4114626629861053,-6.3419855359302737,,0.2684471599045298,0.6875,0,2
0.58925320895707378,-0.792646113653247,-0.15650173878968796,0.80384221669925515,0.59465903458129299,0.014775765390424389,0.081353219885997433,-0.13450937179709493,0.98756715341941781,10.125206113396526,-24.369760206673746,-5.4742628613637176,,0.3059053266497565,0.8478260869565217,0,5
0.56778770505554577,0.82242440349402102,0.03514573267498107,-0.82126920926957203,0.56886022709857997,-0.043759889523226757,-0.055982210509139707,-0.0040177808373043173,0.99842368238321288,-21.081623370273416,10.031858112761025,-5.6877493769667735,,0.3442397564792122,0.7,1,2
-0.99214994485260377,0.10138403118522718,-0.073210416947373971,-0.081856251616223535,-0.96909448598844539,-0.23271319536745749,-0.094541213236963295,-0.22489365363972322,0.96978595759696351,-24.149497295802441,-1.7243795465484224,-7.1191550651473428,,0.7228251043683602,0.7272727272727273,0,1
0.33605874442547279,0.92593206742569134,0.17237844067040226,-0.94147356433917007,0.33536541979708395,0.034022975396390119,-0.026306804170643256,-0.17372346334652142,0.98444304575593222,-12.363835653663424,5.3578892641992359,-5.3626715373346538,,0.4936733761461791,0.3636363636363636,1,1
0.21012596461234309,0.97234976264905959,0.10189709550350204,-0.97701919466835185,0.21265638381143018,-0.014517426557448917,-0.035785084118073289,-0.096504929928802982,0.99468900981869668,31.315790858097113,-4.9887865912434997,-1.8114326583127862,,0.7013334717405052,0.7272727272727273,0,2
-0.62940708455981687,-0.7207927966372415,-0.29035231395974015,0.77685191816817745,-0.59261906538187625,-0.21284675375568871,-0.018649910035565067,-0.35952800678358227,0.93294790486601631,-19.371472082732613,3.2711933989802713,-6.1126829295474012,,0.4718296367464017,0.4946236559139785,0,4
-0.77209488160783069,0.63314158325707359,0.054783476940738131,-0.62647668411532553,-0.7438092470824883,-0.23296945768587118,-0.10675419455392296,-0.21419509682835519,0.970939752219382,-0.71952999977292531,8.4132218560011385,-3.9899359463677322,,0.08716191989809971,0.5,0,2
0.97411432777985674,0.22074594901511171,-0.048708340224396553,-0.20660570032587017,0.95682672581092509,0.20444241577226957,0.091735276785185629,-0.18908686566592206,0.9776659942054764,5.8495481756757277,10.382244737431286,-3.2424004186314819,,0.2119434753330338,0.2545454545454545,0,4
0.60226283435702355,-0.77393870608958648,-0.19569966164666783,0.79338594505997373,0.60744559109055063,0.03935220509632336,0.088420701951160405,-0.17896573158296927,0.97987399515725282,-13.151558655525008,15.886597256614911,-4.4685978606193659,,0.1805378527725326,0.6071428571428571,0,5
-0.087801435052572652,-0.96594376992314368,-0.2433999616872887,0.9947830310385859,-0.072284157744488264,-0.0719841767116456,0.051938705802054334,-0.24845046565831722,0.9672511240385161,-31.11722668354469,-5.1870477845907041,-8.0387960967784071,,0.568712352739155,0.5161290322580645,0,1
-0.95009006540914753,-0.26681783863956465,-0.16166975163757116,0.30458937898805255,-0.90542440242354483,-0.29568896107842768,-0.067484648761886298,-0.3301740336242065,0.94150460949578296,-16.688845291516536,6.108412155860905,-5.5516583511988626,,0.2397169032792034,0.1612903225806452,0,1
0.86194514582031756,-0.44799669118716662,-0.23738056003418023,0.49543664960319234,0.84369084986287002,0.20670819066411061,0.10767122097735422,-0.29577815088849474,0.94916921232740548,3.3252316916163269,-32.608644174655275,-6.9228026253588988,,0.6162777877501842,0.4193548387096774,0,1
-0.83883455448039157,0.54264554834747714,-0.043501713395536566,-0.53355574250068094,-0.83537714767688853,-0.13214874491939627,-0.10805026540563757,-0.087640344578797394,0.99027486595787106,-15.77346380842415,3.8948321892997595,-5.7084115039942542,,0.07775157424273722,0.3333333333333333,0,3
-0.55804504324329784,0.82978618114620073,0.0063736402778065927,-0.82251552705282271,-0.55210653893817063,-0.13655247130217721,-0.10979042521369303,-0.0814448478451478,0.99061233552327499,19.661025877084217,-20.842798788939366,-3.9597050147854835,,0.1968658126982047,0.4074074074074074,0,4
0.64243633179129855,-0.70943613992849786,-0.28978599510310232,0.75462443646999844,0.65150783332140949,0.077971167768485825,0.13348228150911881,-0.26877110425824596,0.95391014987729572,13.681960539951969,16.339921251562533,-2.0076717882486612,,0.265572350115456,0.2916666666666667,0,3
0.94018803022861008,0.33485758483542194,-0.062584867923761639,-0.32937501615396886,0.94046780705183064,0.083859421848078514,0.086940016956630853,-0.058229732760071914,0.99451029741992714,-10.185828661111874,7.9612299073855377,-4.9117122847741967,,0.3534661568344381,0.2417061611374408,1,5
-0.9091362196425713,-0.37266355278264574,-0.18599250135806411,0.40922555732217897,-0.88233749144956486,-0.23241126138128482,-0.077496950703658404,-0.28740638060054297,0.95466842150650899,-12.207653891235624,2.7474444928363808,-5.6249463665899189,,0.5664485012925922,0.3356164383561644,0,2
0.84256937344630567,0.534695833928861,-0.064631386411083819,-0.53680408675553837,0.84346881468843649,-0.020043230543893311,0.043797527017531722,0.051582204559354222,0.99770789953770767,-23.481091219332544,-3.3200378573568776,-7.2094325285802707,,0.07370251457499183,0.4347826086956522,0,1
-0.99609011165792005,0.040326105712874323,-0.078602128821965114,-0.031257605704482189,-0.99306134528928569,-0.11336722003231431,-0.08262839428994026,-0.11046705251008612,0.99043908382434009,6.0647137204646766,15.538017520508893,-2.7748442094319565,,0.09189333028744773,0.4285714285714285,0,5
-0.99557488950580186,-0.020235682908293792,-0.091766859610350124,0.030831672800082355,-0.9928215823478922,-0.11556259592349014,-0.088769630718277662,-0.11788054445692971,0.98905213709929285,-13.870372387751546,0.20648359657581386,-6.0013199558704358,,0.09184293577651548,0.4767441860465116,0,4
0.93585965599888821,0.34464298632082946,-0.073402426754861541,-0.34705568232784711,0.93756889557914203,-0.022735861682811481,0.060984076918442917,0.046752304995242557,0.99704321086903591,9.1866596468954569,-23.247155001161463,-5.511891834025203,,0.1229463779555683,0.16,0,4
-0.75024137890251841,0.65995360619927268,0.039988886543915976,-0.65752816032923578,-0.73841543708487445,-0.14966415953328205,-0.069242990666909643,-0.1385780644233717,0.98792789630831501,16.016592408716608,-21.453183712725437,-4.6054352981689517,,0.5448605518604434,0.1627906976744186,1,5
-0.97052785327402047,0.23769130249332571,-0.039730727885951916,-0.2244253733914752,-0.95152002742432096,-0.2103399372171543,-0.087800556931138918,-0.19522418428423718,0.97682064887733411,-9.0472116795231692,12.003903478487173,-4.4687496109686222,,0.2768828739002366,0.4166666666666667,0,5
-0.91577652111991459,0.39855550701798242,-0.05006866476295057,-0.3846579932794022,-0.90602086357867206,-0.17653448095604354,-0.11572204445035189,-0.14240682071373978,0.98302019605012914,-0.15310567300619948,16.583326113213449,-3.2060461200629375,,0.2559797738822651,0.7560975609756098,0,6
0.77669141423514743,-0.57686340658121948,-0.2529408175856887,0.62063913516527136,0.76941764013648029,0.15100847310039658,0.10750586474564927,-0.27427195480821581,0.95562408082413319,26.971762440840042,-14.661677487016409,-2.835443151131348,,0.403884874718855,0.2608695652173913,0,1
-0.83275968628248809,-0.54436570520434979,-0.10088252524626325,0.55201648320505536,-0.83034599460189362,-0.076179600409258613,-0.042297838864587482,-0.11912811694122695,0.99197751213493879,-16.868133086031385,14.760860635686337,-4.7764338081831914,,0.2247984314247865,0.8611111111111112,1,3
-0.84627051594637137,0.53221024916822868,0.024051289365756092,-0.52187278412375693,-0.81906415742994299,-0.2382912151223725,-0.10712147791541103,-0.21421054291017114,0.97089589157403922,-8.8730347873503632,4.2679952331917459,-5.1475179592636282,,0.127465187035333,0.4262295081967213,1,5
-0.69828320939194166,0.71538135702874395,-0.025101264848667093,-0.70801887884426318,-0.6954103388226669,-0.12293790244939416,-0.10540316257780399,-0.068073303682550212,0.99209686958700805,-3.5197621580053986,6.8161598016651119,-4.4023147432222292,,0.08253876870543909,0.186046511627907,0,3
-0.83802529124220482,0.54425216916276142,-0.038770963362382317,-0.53486536117370287,-0.83345925651972308,-0.13879738159675542,-0.10785479430671026,-0.095578470814403377,0.98956156921226379,6.0865752215902527,12.903271317172603,-2.9897260889132755,,0.1900632117609456,0.4333333333333333,1,5
-0.99115647739766966,-0.089163885227650619,-0.098278374446032199,0.11197729792557962,-0.95939254450332079,-0.25889579042682626,-0.071203385185889478,-0.2676111864675233,0.96089246579183651,-13.964864612140381,2.4571349150070128,-5.7838408994380544,,0.1868798931300486,0.3214285714285715,1,3
0.67172503050273191,0.73779706926576638,0.066640588074765125,-0.74062560549861356,0.66688856839002486,0.082056991356714348,0.016099561357900635,-0.10447546091570793,0.99439714510377297,-24.687964288765322,-2.4393954234304616,-7.2190627585449922,,0.7939272515432647,0.425531914893617,0,1
-0.030859852148871537,-0.98190563849900048,-0.18683946748270044,0.99926186952136498,-0.026029442078768554,-0.028252155063528281,0.022877623259757604,-0.18757341290528709,0.98198412875414964,-18.604067346128382,1.3719737768585056,-6.2016166871499605,,0.4842416047085621,0.9672131147540983,1,4
0.9720132559118938,-0.2139552802456052,-0.097022514843634458,0.21160087990316601,0.97676248544610145,-0.034060455800826048,0.10205536710905842,0.012577165029473057,0.99469920929095779,10.236647090873985,-21.398193210276325,-5.2601892955552216,,0.2971975966731275,0.5294117647058824,1,5
-0.99588863176071218,0.019605799169240101,-0.088438938079962351,-0.0065666219145762124,-0.98935377673651648,-0.14538219950812895,-0.090347731606316456,-0.14420373468161571,0.98541492291190058,-23.675016430791306,-5.2391404643850565,-7.3559347214279507,,0.2138002648541118,0.7647058823529411,0,1
0.99178272421625135,0.099905024387736713,-0.079912539993902673,-0.093091573087023372,0.99203343409521971,0.084874169553693757,0.087755267456573513,-0.076737551038142324,0.99318193766011165,18.524417678818647,-15.790592968688594,-3.7812756264760412,,0.1345492937798765,0.2941176470588235,0,4
0.92641747864505319,-0.35794071123394872,-0.11674374716565562,0.36184322155113779,0.93214243058840696,0.01341536858355382,0.10401989366672976,-0.054671165508642275,0.99307146036098026,5.3554367254539255,-27.480471089847061,-6.323359323912606,,0.1317242114003869,0.3636363636363636,0,3
0.37951336529035173,0.92430752713395481,0.040313779896039244,-0.92517618097867604,0.37935211743644587,0.0118745587790698,-0.0043173737045405164,-0.041803902688615398,0.99911650672196217,-15.93204122854473,7.8183051907478625,-5.3813150133007062,,0.1645578634473788,0.3,0,5
-0.92023537666829303,0.38643647470262726,-0.061916900338837497,-0.3764770728327867,-0.9173010092464331,-0.12970686977462267,-0.10691990067064444,-0.096050556765070294,0.98961731259396346,1.383841696747264,10.891284281447049,-3.5914730190935433,,0.1583516154673665,0.3714285714285714,1,5
0.87288881941320595,-0.47635002438403329,-0.10562084648756753,0.47593265700744819,0.87894374829946309,-0.030757004391206249,0.10748588250207568,-0.023420964852477001,0.99393070355439195,0.22945421329573945,-34.151438549203853,-7.3061172654415207,,0.1189820295667474,0.375,0,1
0.94522214245703595,0.32605713522951829,0.015551397842308426,-0.31965739614198507,0.91491373867046277,0.24647920781226387,0.066138116851449741,-0.23794872422006155,0.96902329907045459,-19.035146139764308,11.679913029202948,-5.3344615775087201,,0.5537577523593391,0.2631578947368421,0,1
-0.9023676839057706,-0.39571470612223786,-0.17071155321514556,0.42166986485842639,-0.89251506165135441,-0.16003558915365121,-0.089034196311377781,-0.21639486150107806,0.97223771568640416,2.9100208987124572,11.197729308309254,-3.4338340521892436,,0.2309300911014893,0.3333333333333333,0,2
0.27739194809562467,-0.95565117738063066,-0.098916804956129159,0.9571941665963295,0.28375296232619973,-0.057127784877979447,0.082662171309933002,-0.078835801144663195,0.9934545192872225,-30.602434138102169,-1.0275458931481889,-7.5592696670513986,,0.189390393147305,0.4285714285714285,0,1
0.54533823649588653,0.83570693518394212,0.064808381410290897,-0.83804820884805442,0.54204956029007545,0.062108564915847812,0.016775203787936357,-0.088182723221734399,0.99596305145475883,-4.5795351601641192,15.198919304900343,-3.7417607182901049,,0.3803840212035227,0.4383561643835616,0,5
-0.94811867312921838,0.31384855476781087,-0.050695821660612109,-0.29989666780128393,-0.93585731194808108,-0.18502183740033562,-0.10551289165488006,-0.16021915098847056,0.98142592861160793,-6.3036198527512006,12.478095526023235,-4.1697326273063604,,0.1121164260746076,0.3333333333333333,0,5
0.78614223751751222,-0.54645871993736994,-0.28872694677734967,0.60860092742638761,0.76582101207257924,0.20766099442088592,0.10763500140149707,-0.33897056638083123,0.93461952772278301,17.710403905719037,19.908327637517356,-1.5969528816620444,,0.08559380178974597,1,0,1
-0.82231432773149593,-0.55426493175655267,-0.12880035649175264,0.56741943190639754,-0.81573665750515623,-0.11228933118216147,-0.042829133805385132,-0.16542095099237011,0.98529263382523102,-1.1790854449975063,17.163192666408484,-3.2983456102793562,,0.3033450835262569,0.4693877551020408,1,5
0.039258126329731684,0.99904880096140503,-0.018981380736310723,-0.99763076688031971,0.038114254926066703,-0.057272650935809674,-0.056494712061069291,0.021184826386089622,0.99817811568884196,-28.464232234957898,3.0157632054913881,-6.8578786486192875,,0.4704838462169185,0.9014084507042254,1,1
0.4394492355291213,0.89826063967672187,0.0034917904346010386,-0.89810178908651284,0.43943953029071448,-0.017495018076093403,-0.017249516876642158,0.0045521890826769927,0.99984085320718907,-13.903994360854947,6.1294935361105969,-5.4421903835535401,,0.09547463975269746,0.1875,0,4
0.052148170734612427,0.99858209238580709,-0.010694533903720686,-0.99692471822544404,0.051428364818620592,-0.059128922560811731,-0.058495080820128061,0.013745110347574046,0.99819306622585802,-4.5799824345417131,8.9950400059829025,-4.2985899004857169,,0.196662657217422,0.2352941176470588,1,5
-0.63082174052229911,0.77490316777314427,-0.039862416629730953,-0.77150703126927722,-0.63187560045579538,-0.074230224643962756,-0.082709324664649225,-0.016071904796043084,0.99644410856291554,-20.828322219961144,-0.16639246118595474,-6.6695705160933656,,0.1798659425119622,0.6521739130434783,1,2
0.96575220315141674,0.25113848836070624,-0.065208448625038939,-0.24920910912953845,0.96776775889161415,0.036337099179276147,0.072232278345949322,-0.018842094198952265,0.9972098442409959,-3.0409800375290446,-33.113894179831753,-7.6397448556012115,,0.3270113657771444,0.7297297297297297,0,1
-0.76049543973474865,0.64885533889315583,-0.0251681412205709,-0.64039356323368624,-0.7558631158324074,-0.13626090522591908,-0.10743728548094271,-0.087508281402230256,0.99035323515123319,0.071183326601680474,8.7228715618921235,-3.8978729442074229,,0.08009627111703414,0.3157894736842105,0,5
0.75861917023727954,0.65042930450180769,0.037929861505112544,-0.65069397492170022,0.75339995508124324,0.094793769226563435,0.033080289434948985,-0.09659310290531091,0.99477407833237419,3.1246356043128931,20.283236900397547,-2.6972740681440119,,0.3447279262640489,0.4285714285714285,0,5
0.98813365902635342,0.13297049811540654,-0.076881197507139579,-0.13121778767927289,0.9909737538186707,0.027439231751092068,0.0798358572055715,-0.017025447820058607,0.99666261594923811,13.503479951147876,-24.120844589701225,-4.9661347038058077,,0.1236639572227525,0.3571428571428572,0,5
-0.9634640702511309,-0.21252274177844863,-0.16300634822635959,0.24576282769152957,-0.94342607099544973,-0.22259353335429585,-0.10647825064390316,-0.2545217727288912,0.96118731231053756,10.152375949921595,17.748684346532954,-2.2122692834842295,,0.761525300672903,0.7096774193548387,0,5
0.82255207197455493,-0.54880382789735482,-0.14907195368538878,0.5539292120276933,0.83252118933565777,-0.0084200575723643971,0.12872652000557955,-0.075649374038082778,0.98879050119572887,2.1749119870929934,15.684849984053985,-3.0687230791245517,,0.170997234850825,0.2272727272727273,0,2
0.40743314818027432,0.91256663050145626,0.034933861211276097,-0.91282018131160203,0.40810288081924939,-0.014538062363431765,-0.0275235599834786,-0.02596504500761726,0.99928387862688328,-19.466969625206254,5.2062495490637266,-5.9490050063337092,,0.2790090737188073,0.3962264150943396,0,4
-0.10353147924608422,0.98283337306719687,0.15270819752217757,-0.99207263561668946,-0.091046690991020751,-0.086616313244904666,-0.071225827237537176,-0.16046513903318799,0.98446829338957709,-7.37492414147306,10.641761566566391,-4.454456331146778,,0.08101088789941291,0.35,0,5
-0.074760231124505208,0.99691216122670834,-0.024021878371671544,-0.99497281736367615,-0.076181151967740265,-0.065004036738159215,-0.066633329119881554,0.019041399191258968,0.99759582224828891,22.841625692351542,-19.176084018830629,-3.5105081010903381,,0.1386352000651301,0.3846153846153846,0,1
-0.44549327507727932,0.89521700427413997,0.011056994137430085,-0.89007434959322129,-0.44153597741300854,-0.11319731819325309,-0.096454103371110433,-0.060270190877206316,0.99351100146626536,11.998573773022526,-24.92483466190761,-5.180440463041653,,0.4784774561917788,0.7058823529411765,0,8
0.65821945320797171,0.75095774871419885,-0.053005764447838034,-0.75252473880129001,0.6583151065269347,-0.018103535855731004,0.021299504939033563,0.051804248518162184,0.99843009315866449,-6.0739637806690521,10.580578757616415,-4.318012911612092,,0.1470463997254857,0.2916666666666667,1,5
0.44402099020941127,0.89583185167150003,-0.018183888040393979,-0.89584025988227522,0.44343992401085919,-0.028831624430497506,-0.017764825569415575,0.02909170541675208,0.99941887296990406,-12.191823187654938,14.707320877608122,-4.468679480468114,,0.1087188993437592,0.2142857142857143,0,5
0.10130973946191893,-0.9788072861563123,-0.17796806808378063,0.99246753024554901,0.11182202327568584,-0.050040348907979003,0.068880607564527255,-0.17155795428323065,0.98276310992206806,0.81412027437037449,-31.755931613122751,-7.1486676725297791,,0.9048296877848467,0.6631578947368421,0,1
0.71452603103026291,0.69581151768393312,-0.07279342579190716,-0.6992483758777821,0.71362126771627177,-0.042383901369573304,0.022455730057702177,0.081185085584750211,0.99644604573763695,20.651732745282303,-17.344484795996937,-3.6392277874693835,,0.07925121319932371,0.2352941176470588,0,1
0.97062665852199181,-0.19231352064102947,-0.14456624621634426,0.21856040763086579,0.95600315496824961,0.19567655942136311,0.10057453943549595,-0.22152534272494601,0.96995426930754458,16.044372898030051,-16.978569856743881,-4.2240445917643434,,0.2663202765682558,0.4666666666666667,0,3
-0.68591085838139798,-0.71594793619528829,-0.13017237422817843,0.72745860709940768,-0.67910407330704103,-0.098089920862310442,-0.018173313167474132,-0.16197595585608426,0.98662734627265658,6.0627572617184633,-31.288826905989996,-6.5692160632941246,,0.7984694191968411,0.5625,0,1
-0.94431423715367924,0.32532857986365732,-0.049314669549348614,-0.30042826381302928,-0.91358139097584934,-0.27406550378499195,-0.13421430553839742,-0.24398843658363925,0.9604458147143532,8.4420982717451665,17.004498148050157,-2.4309103589395185,,0.3455649001469706,0.2857142857142857,0,5
0.43320022874150527,-0.88780291065217931,-0.15538196052254025,0.89575484047054854,0.44318009911639605,-0.034852051887451954,0.099803945773159819,-0.12408622641011392,0.98723947491143615,21.313225881200992,-21.464503901664216,-3.7755059930218668,,0.2777776394897984,0.375,0,5
0.18877435759472727,-0.93291258625779938,-0.30665672716652004,0.97972231624895012,0.20026590558717422,-0.0061441112571911953,0.067144805893604095,-0.29927858837733862,0.95180034754163478,-15.454015348191481,17.190802879298257,-4.5022598652432126,,0.2356086198843901,0.25,0,4
0.76968877526398249,0.63749233767468672,0.034390531235991333,-0.6378664287320539,0.76566431152373937,0.082973376184735492,0.026563289127027212,-0.085800241636846686,0.9959581869766484,8.1683220875286384,-23.440613399408225,-5.6642717739957753,,0.4688050132089617,0.4444444444444444,1,2
-0.89745633500082855,0.44055534499302834,-0.021979871813893718,-0.42120948067390002,-0.87071205298457721,-0.25385644403443303,-0.13097595259170619,-0.2185669434874761,0.96699213598520972,6.408011133653404,-27.619513665454189,-6.196974389830487,,0.2421939660704407,0.2307692307692308,0,3
0.98301991831689861,0.17115242787091464,-0.066171645182276528,-0.16570963667242328,0.98288332770458942,0.080502673460241952,0.078817234829263144,-0.068170452208007368,0.99455549515329922,-29.808417319046214,10.586862182771251,-6.33469862992711,,0.2227223968283248,0.3333333333333333,0,1
0.40366557025875893,0.91314900121727838,-0.056683409949982222,-0.91471772575517074,0.40154804240569941,-0.045284123370545909,-0.018590039724518916,0.070128961321535149,0.99736469719305954,-15.834501975720961,-0.55434303965130516,-6.1559869567200689,,0.08059160930620876,0.2641509433962264,0,1
0.5291935168697286,0.84802521452176671,0.028415792059361577,-0.84849487481343988,0.52902167859166227,0.01387483316605452,-0.0032663616416580181,-0.03145312568525787,0.99949989082853541,24.72409498825121,-10.978975569170697,-2.7640641520122986,,0.7703129065600445,0.3661971830985916,0,1
-0.52894641920592478,0.8486388256588081,-0.005275338251556131,-0.84291887847719438,-0.5260824679024948,-0.11280514736645851,-0.09850609075573924,-0.055221196564895415,0.99360312476056667,-13.800220481962869,9.9163322498971578,-5.0768955414555395,,0.07769813119877882,0.2727272727272727,0,1
0.44722092340776537,0.87544462316375349,0.18327617804826604,-0.89432271619503267,0.44075837366281811,0.076934617329566343,-0.013428513091361048,-0.1983148199701214,0.98004638013533507,-14.667053007628192,22.104810244713267,-4.224886235853428,,0.1623779010225488,0.2222222222222222,0,1
0.66526877066620838,-0.71959316973602749,-0.19900535883621126,0.73924322479111504,0.67221531907439069,0.040571164663449899,0.10457971780754306,-0.17410409205694338,0.97915823427693383,12.942031536895412,14.111959563428611,-2.2175151314365338,,0.3222966075049383,0.1666666666666667,0,1
0.10778550830607582,-0.92397048679468863,-0.36696161070551614,0.99174736942867914,0.12570441804524057,-0.025210206568022257,0.069422182553531234,-0.36121591716907125,0.92989441430369446,-15.300309537232383,20.554201712624387,-4.2977518742106717,,0.3950441118604984,0.2222222222222222,0,1
-0.66778542793108575,0.73401347063951283,0.12363999014329327,-0.73735032074033724,-0.62958087854033973,-0.2448314152238143,-0.10186818319288204,-0.25466083777469761,0.96165000439706261,-8.5018176625218338,14.079345480371966,-4.2197592539084292,,0.3638614886885192,0.25,0,4
-0.57145619484136878,-0.76167576021186933,-0.30543060371072073,0.82062954700775548,-0.53140952212421666,-0.21016913753821703,-0.0022279935525307978,-0.37074783357611568,0.92873089748502891,-3.7984295032171111,25.79777233731161,-2.753701023521876,,0.2607092443356273,0.25,0,1
0.45453922947770825,-0.87004596392827349,-0.19082481368504722,0.88571446041801638,0.46418284128077159,-0.006647139755723697,0.094360921319333629,-0.16599491110462269,0.98160160249213879,17.112864497268266,-11.560163902863398,-3.7465875198901704,,0.5503161623465407,0.2105263157894737,0,1
-0.98885885020220843,0.13722442328834034,-0.057685631052707374,-0.11267464625686291,-0.94325790299746637,-0.31236029280898236,-0.097275888418751982,-0.30238053192294756,0.94821063875403655,-2.032950358529197,13.37772457520966,-3.6626226189324238,,0.2044789174057354,0.44,0,2
-0.58720961760089752,-0.77357196616470292,-0.23826724105735406,0.8084183587722763,-0.57523585313932801,-0.1247536390772163,-0.040553941817617047,-0.26587614866163706,0.96315380463138311,-2.8539808866075203,17.592338133503215,-3.3732577114405999,,0.5827134189519617,0.2631578947368421,0,3
-0.87445996356765732,0.48023620618260016,-0.068505170524533754,-0.47299082033541046,-0.87544404983578605,-0.099385106960520789,-0.1077007706364613,-0.054505980208248303,0.99268808904199679,-3.1063203416201728,9.1884863928455491,-4.172537963480357,,0.1288431086645047,0.625,0,2
0.86345202425529499,0.50387529501810746,-0.023670422046285305,-0.50216409116370397,0.86306853255061478,0.054258028591718355,0.047768476584094152,-0.034962768645286683,0.99824635108448623,10.140183016034403,-23.579120891367396,-5.4434631668405071,,0.0804538609268779,0.2631578947368421,0,1
0.65441827878862202,0.75610940588366504,0.0059399260592896842,-0.75574714276868349,0.6538135245472797,0.037069277252680659,0.024144825207686797,-0.028747894763202875,0.99929504450005913,2.9946911963194327,16.20841399385009,-2.9962994345317315,,0.3014399584026761,0.2857142857142857,1,4
