axis_00,axis_01,axis_02,axis_10,axis_11,axis_12,axis_20,axis_21,axis_22,location_x,location_y,location_z,dbh,dbh_approximation,score,reconstructed,number_clusters
0.41998717425115678,0.9058937211999758,0.054473290289731691,-0.90751137408079796,0.41883632310202196,0.031610763425782312,0.0058205994975337391,-0.062711245728652651,0.99801473951071995,-3.3980393324923819,-10.616101152028016,-0.9210029397913968,,0.3012412943717323,0.8770053475935828,0,2
-0.1964025266385509,0.97859329774464932,0.06149150461035905,-0.98044930429123922,-0.19523040635389971,-0.024581500151867212,-0.012050279864733244,-0.06511717165344065,0.99780486304238791,-11.246180360740809,18.87821599861979,-1.9301602703052501,0.472572077686841,0.4411027190542264,0.8813559322033898,1,5
0.87099999940712935,-0.48398531022892588,-0.084363620805355977,0.48806560236747304,0.87206305301535492,0.036027758065301799,0.056133491058860729,-0.072555158659785277,0.99578350063324372,-9.7427514599854614,-15.205259675716647,-1.1279543646836745,,0.08078911945076611,0.48,0,2
-0.37621642511141906,0.90837032651901328,0.18255013387046645,-0.92643951067027352,-0.37158625966258052,-0.060278393301390384,0.013078017640604534,-0.19179937833505717,0.98134701503845112,11.971729685888914,26.980282800143986,-0.019064906043830262,,0.4444815769309045,0.3846153846153846,0,2
0.95247686115819308,0.30438911056740031,-0.011623180555366062,-0.29805980492557677,0.93918464801345902,0.17056538225431675,0.062834557736668475,-0.15899517698289192,0.98527780450501168,-14.756005374137233,-21.739513787934236,-1.1711538230820524,,0.1788518247648981,0.125,0,1
0.7725022637336395,0.6346474531470917,0.021514245055618483,-0.6320820337505233,0.76524559526137581,0.1219486840554876,0.06093074048626862,-0.10780440226156501,0.9923032075514131,5.3697845655044718,-10.40773878718235,-0.12702058673039465,0.3554482217694402,0.1772381472219838,0.2857142857142857,1,4
-0.9980699936211791,-0.0211993684431275,-0.058368438480351732,0.026683136046699061,-0.99513529011395785,-0.094835460775620273,-0.056074041086187312,-0.096209880716189439,0.9937803382885193,-6.8162868626385311,12.710419686493303,-1.6759686638723588,0.5298529493509254,0.5090424664527697,0.8640350877192983,1,5
-0.99660787653411653,0.061912311168229477,-0.054218134936269216,-0.055848151312129474,-0.99268990767546406,-0.10699407083710644,-0.060446045571043459,-0.10360315113492723,0.99278026906749972,-13.622488063171264,5.4601641029851464,-2.2702804056324548,,0.1179889098794719,0.2419354838709677,0,3
-0.13441914922094234,-0.9732041491420429,-0.18656145479554512,0.99075501508796548,-0.13547539756657878,-0.0071355961364197073,-0.018330095492460206,-0.18579585772263493,0.98241737914816407,-14.05216464146744,17.722827643338281,-2.1216751486070131,,0.3107101754579208,0.5454545454545454,0,5
-0.97590928567180446,-0.19520690682313163,-0.09744398220564511,0.20105156595277518,-0.97808094167072546,-0.054184309245794267,-0.084730950469623284,-0.072470235745802539,0.99376492741667155,4.209358935214202,-13.499251292465308,-0.097167461607840289,0.8027115676773988,0.4916691818392879,0.3478260869565217,1,6
-0.34090469867154488,0.94009277384720535,0.0030924074652792662,-0.93950507713547893,-0.3405710995331015,-0.036626987310895726,-0.03337958148811182,-0.015391644586668949,0.9993242220703934,-19.024491138431316,4.3768296987980655,-2.4874095551341897,,0.2754269362504784,0.4761904761904762,0,3
-0.47074596054434903,0.85046454592608367,0.23475156390089921,-0.88193372282791904,-0.44627149273936856,-0.15177174739411123,-0.024313559386985571,-0.27848125770133159,0.96013386563490188,-15.912932624675403,-13.775991220032084,-1.6342021055259672,,0.3187350172985748,0.3333333333333333,0,1
-0.9005237750473174,0.43247501059137,-0.044969943167870584,-0.43085118045487553,-0.90146505201520866,-0.041569463502135549,-0.05851658632530915,-0.018058937100769088,0.99812308054448939,0.65001731436621402,-7.4375475124727499,-0.69738634344707906,,0.07123504390680872,0.3409090909090909,0,5
-0.68889347326559147,-0.70524596912595339,-0.16749300141696546,0.7183960259337705,-0.69506689751966233,-0.028091954274411132,-0.096607103334247574,-0.13967867054058475,0.98547295071015539,-1.806492862798911,-4.5702315574361627,-1.0849343043109523,,0.2552502983995228,0.6557377049180327,0,3
0.23752730729063432,-0.95183198496639176,-0.19389855772078041,0.97138086159239434,0.23274611869723993,0.047417991979705587,-4.8246986592367619e-06,-0.1996124160124027,0.97987493250435465,2.9658152059286436,-15.876742288839724,-0.10183223830548245,0.1830591961120216,0.3226162025082263,0.1363636363636364,1,4
-0.35158381924409138,-0.89095565377493524,-0.28737926343460701,0.93571937097309776,-0.34383095214220183,-0.07880060364424811,-0.028602042434925055,-0.29661136079972716,0.95456986324369475,11.371729004839031,21.97842248943472,-0.016780889710542105,,0.1138061236081391,0.1333333333333333,0,1
-0.70878791148169595,0.7048104374349845,0.029358879749122119,-0.70440922823642282,-0.70492844770341367,-0.082966998221123467,-0.037780096781037754,-0.079486671217020646,0.99611973847828883,7.9616610522402631,17.421056059534539,-0.3305627280038767,0.4092041989025543,0.3505174370476954,0.2619047619047619,1,5
-0.98140725676174778,-0.17715370444733894,-0.073867187410680615,0.18098182298485482,-0.9822761237857367,-0.048777006771068721,-0.063916947083370215,-0.061238726644592699,0.99607451640652322,-6.4891867904349745,-17.243202236794897,-0.75255900172526391,,0.2865877561389402,0.3333333333333333,0,1
0.96644996593167654,-0.23011577828227425,-0.11411043745514309,0.24422639169449073,0.96085835977453271,0.13078486935147637,0.079548305767942681,-0.15426581292346261,0.98482187527111353,5.1077546845315664,29.604506361805608,-0.58051379434626194,0.4411071102662951,0.3853278029462794,0.5882352941176471,1,5
0.90171398631875044,0.43031852964267947,0.04168752719112305,-0.43029092375823247,0.88391178051989616,0.18316573148226495,0.041971511867396928,-0.18310086647612778,0.98219777279693332,12.208474037419155,9.5115880729015885,0.027003709085998272,,0.3955104866941671,0.4210526315789473,0,5
0.991919841663363,-0.10875531190338558,-0.065324649615037214,0.11030009989867585,0.99368657247843961,0.020515448773877506,0.06268106314408034,-0.027554996077822004,0.99765314940327843,4.5160821897258234,-3.3458882932752694,-0.53064744561760757,0.5248529245269321,0.1832226670094154,0.3582089552238806,1,1
0.42184413760141831,-0.87808085856213303,-0.22587945767179135,0.90665188545826281,0.40703379383448135,0.11093173248302127,-0.0054664582950517517,-0.25158993720635103,0.96781848573490903,1.9350438691356304,-12.417916751339476,-0.35972848695040127,0.4965245836676127,0.5196806282348123,0.1875,1,5
-0.46751170167156825,0.88368551578733112,0.023080684301699655,-0.88365842624829372,-0.46646697361019218,-0.039450579860607807,-0.024095529057164389,-0.038839048889336453,0.99895492078513182,8.0184465532920086,19.634152187618991,-0.30419371083708302,,0.09965878335611826,0.3076923076923077,0,1
-0.47237168436068488,0.85236459095364059,0.22436487225651458,-0.88107401466358859,-0.44972548508538851,-0.1464771953216534,-0.023949373662695429,-0.266873738223049,0.96343387699832328,-4.1569131523460108,8.4231385242861219,-1.5008599448931992,,0.09604699116786231,0.2816901408450704,0,3
0.37700922118501601,0.92618865300022735,0.0062149975939772492,-0.92602704852885276,0.37679328362740322,0.022376925754479023,0.01838348537165593,-0.014191563229775732,0.99973028712682599,3.7776095917118102,3.0429962347880335,-0.78302739334716998,0.3912885004813359,0.2597931980825554,0.5201072386058981,1,5
-0.36404907476715553,-0.91430919816637346,-0.17750200367753549,0.93071391208917476,-0.34991609015756092,-0.10644408716555294,0.03521200086391213,-0.20395445569344031,0.97834691955254338,-6.4987924526905232,2.3328031658915473,-1.8200028638062919,,0.2418950225769071,0.3224043715846995,0,5
-0.44138629374150501,0.89407940864396973,0.076158720682460476,-0.89684397798503834,-0.43680566739028426,-0.069797479092741158,-0.029137928016785421,-0.099110140624354442,0.99464976809745009,-14.751034248423458,-11.907798529663637,-1.6720889481832366,,0.2029621600831505,0.391304347826087,0,2
-0.84806205504768462,0.52962298297386023,-0.017036628016369244,-0.52736942008541621,-0.84671708691836245,-0.070368099869570599,-0.051693767004056396,-0.050691918747985183,0.99737559817080867,-0.62543357238307806,30.258494927928137,-1.087775986195697,0.3323199110358477,0.1981000981239627,0.1538461538461539,1,5
-0.81686599759079193,0.57505716054617073,0.045157547371138355,-0.57609383209498577,-0.80937609072769556,-0.11413255618125503,-0.029083304525366158,-0.119245988875638,0.99243869107111948,-0.50688699394423331,-5.9029483704467438,-0.90061113714643926,0.3605424390757417,0.5112726781278341,0.6940639269406392,1,2
-0.049889870167962022,-0.99031036238690617,-0.12960087578306662,0.99869995657338151,-0.05082426481520784,0.003910351175786384,-0.010459330521034522,-0.12923730210394982,0.99155853188298648,-5.6738080184127284,-0.17586271508774234,-1.639298673242108,0.1473606813425788,0.1271252166789223,0.5937813440320963,1,5
-0.98724332603804088,0.15687987830661715,-0.027190420663298732,-0.14659018724075085,-0.96224167760722812,-0.22935184952458612,-0.062144446236713488,-0.22244023390144113,0.97296372498865769,4.2967324637600672,-0.75069064929041718,-0.63799334661435647,0.7344241874670224,0.7627922149483369,0.4713375796178344,1,1
-0.99065155100511892,-0.12513218118453859,-0.054327172972214108,0.12733806210119628,-0.99108327131062068,-0.039229673316896495,-0.048933857721059737,-0.045780853642525862,0.9977522693576284,15.183283487834123,0.7101739715134705,0.38047698665754409,0.6044768595694702,0.5038677219424816,0.7307692307692307,1,5
0.98448657911602788,-0.1628598129455904,-0.065290557263273846,0.16441290274257617,0.98620609998870101,0.019129185995129569,0.061274570191734046,-0.029567036922954575,0.9976829242677332,-12.404296359889406,-8.6410988504452302,-1.6950384289995979,,0.09208144648582095,0.4146341463414634,0,2
-0.77283156024451438,-0.62825876299501182,-0.08956732780432608,0.6322555121941128,-0.77440499670383034,-0.023449272489791166,-0.054629175265510872,-0.074751774561666262,0.99570468785162025,-5.8590180194212635,-6.0494229016009475,-1.3404650934543605,0.5932229616686533,0.4794727039494237,0.9899057873485868,1,5
-0.45116932567816115,-0.87373830930383733,-0.18173498953692643,0.89177355312158058,-0.44924530572180038,-0.054023932102712467,-0.034440811837495373,-0.18644039836312157,0.98186241823290932,-24.049968497620068,-3.0742766307442895,-2.6196787897555085,,0.08350275738373752,0.375,0,5
-0.01097216147465262,0.979626309658164,0.20052906297617354,-0.99993874545548367,-0.010457449889860465,-0.0036258900583717966,-0.0014549946695749836,-0.2005565635109684,0.97968104392357414,8.0612090283197873,-11.531297530784748,0.15825120238636298,,0.3068289824250381,0.4074074074074074,0,5
-0.54286049906000677,0.83191304984414038,0.11499198258722358,-0.83598349961565355,-0.52221138381684695,-0.16860266600044282,-0.080212635729564635,-0.18765912743885765,0.97895351521826723,-3.4704576754072272,-2.9952870178280762,-1.3328454038867541,0.8795705981463264,0.5521871953814795,0.4895397489539749,1,2
0.79407786934873614,0.59280130723837676,0.1342644686692788,-0.60534766752269176,0.75142925589222731,0.26250385676041149,0.054722379657766114,-0.28972518621225485,0.95554423112636,12.012896570962084,0.81730013199971163,0.053905228001052463,,0.5143565902803949,0.2,0,1
0.78502887480002459,-0.61301237508054163,-0.089137499001946424,0.61777672840259279,0.78534721872606117,0.039770087797615497,0.045624330947397713,-0.086287739785872078,0.99522502299140836,-10.958339657559316,-16.573793059989136,-1.1453452050904123,,0.349188426847348,0.4883720930232558,0,2
0.66606171288508953,0.74588076641127543,0.0048658941942983916,-0.74438583209056608,0.66428347153332923,0.067949999488336174,0.047450264608503531,-0.048880995748429613,0.99767686183614901,-29.400777271542385,-0.13769466136167482,-2.9812121648954482,0.5988257580237989,0.5216435893066182,0.8269230769230769,1,1
0.8685426310545673,-0.47377157839408129,-0.14551353733172862,0.49354189129069725,0.85361463639700053,0.1666086854579307,0.045278025376697964,-0.21652377244727469,0.97522682304333175,-0.62294223777806434,-10.178978320788373,-0.6947835128819686,,0.4735706215246042,0.336283185840708,0,4
0.96517358510424467,-0.23779680896093777,-0.10905332762008958,0.25463074803378527,0.94955756336636399,0.18303993009583402,0.06002610076270367,-0.20443363593530331,0.97703825704293557,6.3457210948808145,-1.509899678319073,-0.38983351209409595,,0.4795656298235147,0.5,0,1
-0.084539375029555247,-0.95644608673348663,-0.27939931503461407,0.99641456963678987,-0.08208494305400689,-0.020495549257098577,-0.0033315889815394911,-0.28013022917211167,0.95995622567846184,6.6767960392027037,-10.922554280677284,0.017262075745387385,,0.1321304476009856,0.2307692307692308,0,5
0.53616515089628669,0.84313171478722926,0.040692044484263716,-0.84288622953795633,0.53216525114196511,0.079642636397203509,0.045494340523301743,-0.077000370109216551,0.99599257426117105,-3.5675786586668399,-5.4561988045629768,-1.1727108221804943,0.5437290655758117,0.2325483720571292,0.4758620689655172,1,5
-0.94234090842624707,-0.31857065140361102,-0.1025004993679292,0.32878771030699716,-0.93842471635077418,-0.10610227751114082,-0.06238793038303083,-0.13368542106844747,0.98905811474163352,5.6457957478889291,-8.8154853274666856,-0.17376475057390034,,0.64281628970835,0.7037037037037037,0,1
0.44893033423176532,0.88580241420128503,0.11753994215469978,-0.89282324239159405,0.43929426107810965,0.09943445091716227,0.036444654641188963,-0.14958153354947318,0.98807750301738573,-16.765729566748416,28.019232274218773,-2.3555253631989213,,0.3250051441208608,0.1904761904761905,0,3
-0.29849238871381839,0.95441139603431413,-0.0010867381243453266,-0.9543286115793147,-0.29848116370766209,-0.012880063385609581,-0.01261725013687017,-0.0028074956013992448,0.9999164579940828,-8.7806231805316948,-6.727945755265794,-1.5436961247128198,,0.07188439210051362,0.1714285714285714,0,3
-0.19272841252493839,0.98087828678642996,-0.027084045424122353,-0.98123131007049735,-0.19283073294271133,-0.0011935535648221387,-0.0063933671060377754,0.026345681689708782,0.99963244740922286,-7.5542025842517884,16.464369989869301,-1.6583450627800427,0.2300496774822534,0.1923957260611313,0.5294117647058824,1,5
0.011815288418873131,-0.98971703747996942,-0.14255028825453356,0.99991434617520802,0.010891722969778693,0.0072574571135190849,-0.0056302107050995656,-0.14262382722610328,0.98976095327851465,-3.2270194024047738,-15.61974983381309,-0.60980802264347145,,0.1000901576264032,0.1818181818181818,0,3
-0.98814066293352587,0.14355131599916832,-0.054507338333473064,-0.13877317082680471,-0.98682645106819733,-0.083159861296306897,-0.06572699077218791,-0.07460948429692725,0.99504441485643247,1.0709223769951102,-18.146032171547024,-0.15075144197376236,0.199276235403292,0.1563854569914606,0.6666666666666666,1,5
0.56342189392861997,-0.8201116161154709,-0.099863439527973621,0.82560221642702458,0.56338475577105462,0.031282538189423302,0.03060636653820303,-0.10007274392790046,0.99450927408952294,-13.395679341624403,2.1669276309586349,-2.2721902237166187,,0.2869911169590678,0.2532467532467532,0,1
0.97138850830470913,-0.2036821189128519,-0.12213910253772962,0.22963792020805054,0.93671716488468215,0.26424870598154787,0.060587057496400774,-0.28473592580770779,0.95668942767146448,-16.328909499473454,-10.926258818838809,-1.8304310466075389,,0.1975753119884673,0.1666666666666667,0,1
-0.849936765199931,0.52657178228235524,-0.018156356062333425,-0.52451281565678243,-0.84887415383893561,-0.065566585666978441,-0.04993797526204128,-0.046204210286674201,0.99768300054602166,-1.410618741514843,-3.2192997401530223,-1.1166426736579154,0.2823753470094702,0.2306659591591355,0.54375,1,5
0.50744318826401247,-0.85638438842122755,-0.095431598293512152,0.86127034910263578,0.50751500142637895,0.02533592476714246,0.026735677307257896,-0.095048948419131626,0.99511351159721473,1.6246229566919832,20.775987116781089,-0.84866654348376247,0.2919542422335061,0.3006503439201854,0.803030303030303,1,5
0.030248284438646612,-0.9615545180937447,-0.27294312598419596,0.99928446441682184,0.022887829189695532,0.030111566717261472,-0.022706837377836193,-0.27365864870032752,0.96155880918839642,-35.072736782805912,-7.4708679787422678,-3.2035286810789803,,0.3681813224103779,0.4722222222222222,0,4
-0.91312314702413211,-0.38002304952902166,-0.14760962094460292,0.39805906106712263,-0.90928404023465037,-0.12145582767785273,-0.088063058492804852,-0.16966147471130402,0.9815599226372681,-0.4705152284497478,-13.976099031454311,-0.47873475855305325,,0.3857727328778164,0.2702702702702703,0,5
0.2286658159707948,0.97336806654869534,-0.016326408964171805,-0.97327864304605005,0.22894211830655045,0.017725390143770524,0.020991131385659761,0.011836954361838008,0.99970958728752135,-17.824636232172889,8.6785360986828071,-2.4495848070507287,,0.06430499028139805,0.4285714285714285,0,1
0.89663541268719393,-0.42858268389381071,-0.11118372084817366,0.43833807208246373,0.89465809512703165,0.086293843272279611,0.062487368950017191,-0.12611017361834764,0.9900462377241056,-31.628960408877937,-7.9142749052259465,-2.9668037239934688,,0.5857024825538936,0.6521739130434783,0,3
-0.12152804625695117,-0.97569448302040185,-0.18234914251654855,0.99247710693522995,-0.12219234004396047,-0.0076304812468107434,-0.014836649973802837,-0.18190466689486923,0.98320423411386049,3.3309170857707682,-7.594236789110461,-0.48227239852461951,,0.07893327357080199,0.2631578947368421,0,4
0.70011638925962461,-0.70072977933765446,-0.13716711646553301,0.71165367298659321,0.70044666974613723,0.054069516053296018,0.058190129874043227,-0.13547043659392524,0.98907111452832075,-8.7294006568440121,-4.0448843821601823,-1.6949223305723524,0.4509423446563289,0.3307013695630442,0.8964646464646465,1,5
0.74238655949092092,0.66995540018129629,-0.0046859422907845373,-0.66839039411927492,0.74109639886378653,0.063485499448356089,0.046005188145616827,-0.043998742698470192,0.99797175977311114,15.845398469148147,-13.434476292025124,0.98639785096173882,,0.5641226848653671,0.48,0,4
-0.2143748502792088,0.97616561707617322,0.033824718861524147,-0.97672414419410281,-0.21398126920158281,-0.014898408612244226,-0.0073054579640487094,-0.036231263698276617,0.99931672947807793,-9.4280122288395134,-18.73082678303021,-0.91521257255328459,,0.2507784277706996,0.2105263157894737,0,1
-0.8419527795941516,0.53723631017996265,-0.049926585682387489,-0.53720243298248904,-0.84331570435599279,-0.015237085818804412,-0.050289789534022362,0.013991776541030258,0.9986366542731393,-9.7902620407385346,0.53934036509567085,-2.0219171163211445,,0.09014299952008094,0.5481927710843374,0,3
0.8316498572704365,-0.54287967832004169,-0.11679113737432248,0.55320023929656348,0.82824748835063833,0.089306177183220314,0.048249457450677768,-0.13888035465098675,0.98913307342729606,3.4144433201739655,11.637696928267955,-0.75152532834574826,,0.7363063077656715,0.865979381443299,0,3
-0.5056937102414627,-0.85245381098673567,-0.132651315698014,0.86192691601891813,-0.50578747841119598,-0.035510817007776529,-0.036822043185294341,-0.13229333625180931,0.99052643090380277,6.554158126401477,24.987099313566187,-0.46256115331030012,0.1924455463598621,0.09862311905274576,0.1111111111111111,1,5
0.74787062586175346,-0.64447407802951406,-0.15919387463454163,0.6630739853955524,0.73675634951446123,0.13237436059065397,0.031975253944399588,-0.20455621280746725,0.97833242762215467,-6.3352676831948971,-15.995715511695114,-0.79843090394445915,,0.2812356259857714,0.1428571428571428,0,2
-0.22093090027196086,0.96398877907162428,0.14803773549003929,-0.97524648411556925,-0.21693636009993378,-0.042812508532098545,-0.0091560103342052685,-0.15383188710598922,0.98805461285506346,-6.0647601396929325,15.554501983895893,-1.5458353167681251,0.4550308978514951,0.1676325408101313,0.3333333333333333,1,5
-0.9964996233104586,-0.024632698568975545,-0.079885736544913238,0.035135667898454216,-0.99051169766196456,-0.13286106139927159,-0.075855030047076111,-0.13520283634606747,0.98791001992111338,-2.8781817699329268,7.719168144554863,-1.3720138049158805,0.2448312538094654,0.2110179104422958,0.2272727272727273,1,5
0.91378060574724473,-0.35729035501139011,-0.19325787636221681,0.40236094049885912,0.86144944532667789,0.30985565463168951,0.055773453551600315,-0.36089950867546811,0.93093547924479381,14.796008404740927,2.2921060020370523,0.29477223608529773,,0.3399810794684763,0.1538461538461539,0,1
0.93986590618246924,0.33809970462398553,-0.04838045193028969,-0.33210371207256362,0.93774703461126618,0.10167410439929898,0.079744609996093355,-0.079492696588740738,0.99364063341110442,5.1396147903089693,-5.7261822422901467,-0.38786415423806536,0.1051319114507395,0.2114662343050323,0.34375,1,5
-0.60499549185351642,0.7878834897940693,0.11497852558995396,-0.79547797658463382,-0.59181982426585411,-0.13024624514645033,-0.034572295349565602,-0.17026127603143168,0.98479228991620871,-2.3480587114026763,4.5527350267750819,-1.3696976454896148,0.14856814683254,0.2181461410469909,0.2537313432835821,1,5
0.17236573789998344,0.98413127484104868,0.04213889269934544,-0.98469934251124458,0.1710362159944904,0.033373907116317228,0.025637029003314118,-0.047246658061906879,0.99855420285824492,20.560801625516003,2.472401569265128,0.81920483299301639,0.7015775847384357,0.5831674948928913,0.4444444444444444,1,5
-0.98177855641226264,-0.15907187687207727,-0.10395674176045017,0.17975003845438073,-0.95486928474969723,-0.2364626243558394,-0.061650546183329651,-0.25084016231456419,0.96606336392873404,6.6023721344279682,-6.8180308349296164,-0.18304549628708167,,0.4639030594334043,0.5538461538461539,0,3
-0.67823177696063119,0.73349186282084322,-0.04462447642759864,-0.73374487158320523,-0.67928999702157589,-0.01354855607716212,-0.040250716095163105,0.023553919462371668,0.99891195444432945,1.9410518105565144,11.103258289080392,-0.87405678228809303,0.1631970916412624,0.1471998883614892,0.735632183908046,1,5
-0.46143887095115216,-0.88075167493626105,-0.10653945500282469,0.88659962013331017,-0.46211703631468143,-0.019722026447787228,-0.031863489369460839,-0.10355834995164989,0.99411286391460407,5.5540078855877359,-15.652713384512145,0.1137623047034985,0.1896860117921527,0.1658993732013167,0.631578947368421,1,5
-0.98100101404630968,-0.1696400655560025,-0.094123634642244436,0.17903477293480541,-0.97849602497210564,-0.10243085079198459,-0.074723226110053609,-0.11733617205253603,0.9902770633553839,-15.625589006294378,12.741801218819104,-2.2721646784939238,,0.2644902894491269,0.3214285714285715,0,9
0.12177540845501532,-0.93692469507856402,-0.32763221094323852,0.99255689653671919,0.11536476726269161,0.039009968108443198,0.0012478112882001488,-0.32994406529950732,0.94399965929052332,-12.002111082419107,-7.5245111675563452,-1.7366754446446255,,0.08594798295911137,0.2142857142857143,0,2
-0.79162520753573085,0.61058707293867509,-0.022648557441764944,-0.60711045459317858,-0.79021584220273755,-0.083521366460820326,-0.068894315568672065,-0.052367443053865079,0.99624857550228152,6.4411380615900189,6.0901873140893947,-0.50427682901296544,,0.1311775596381017,0.1538461538461539,0,5
0.7640801143344349,-0.63894025184189429,-0.089089468821479792,0.64329536229060746,0.76500021867379864,0.030752923185206168,0.048504182645134578,-0.080808539185262054,0.99554875534082765,2.9487619661390077,15.280210112981818,-0.75470428897096209,0.2782382288161439,0.1693812075611361,0.3181818181818182,1,5
-0.98944075473570636,-0.12621299448446482,-0.071254985027724232,0.1299947409398359,-0.99019285495859022,-0.051180829584343897,-0.064096491292594704,-0.05990317197128367,0.99614419126538012,-27.885892912697141,-3.5629373466800796,-2.8223257485475379,,0.07216091936446126,0.3181818181818182,0,1
0.98481543106067937,0.16270585925360934,-0.060542300165373687,-0.15625151316967539,0.98270988821188576,0.099331466528841769,0.075657328640101107,-0.088363335015878383,0.99321089887692882,0.94494515579724248,-1.9417265720604513,-0.9620715738216612,0.5103923868981997,0.4432993215639127,0.9329446064139941,1,5
-0.30850257905628897,0.95119936770907265,-0.0067765467222872548,-0.95090728829948801,-0.30857587446046747,-0.023585138538333168,-0.024525247695645385,-0.00083220839875069921,0.99969886448602585,13.364813646624627,-10.826797734965073,0.63362629681735139,,0.151192441049073,0.35,0,3
-0.99776076438084371,0.0042458888145993096,-0.066749003665452722,0.0015037314925066283,-0.99630671949552863,-0.085852544980669535,-0.06686700123196046,-0.085760673482858735,0.99406936932490486,-25.849871430971493,-3.5279187998426313,-2.6967371567233429,0.1714385944956096,0.1129147262859887,0.4615384615384616,1,5
-0.65464543050169988,-0.74101420250687988,-0.14945672285426714,0.7541087017060949,-0.65391069044045236,-0.0609989748999046,-0.052530242093411145,-0.15263931541638939,0.98688490365129422,-1.5289845861439488,5.2483100187723792,-1.2732330688175932,,0.08163838492473692,0.4473684210526316,0,5
-0.98528545448991622,-0.13986152967554594,-0.098241160861502627,0.15847505279581081,-0.96285828332478551,-0.21860828866767973,-0.064017425846125534,-0.23096034020944603,0.97085482459447714,-5.4685745540280584,-7.014760735175007,-1.2644824337480174,,0.1517546337202425,0.2058823529411765,0,1
0.28961771035993228,0.93905490633915245,0.18519574705223354,-0.95714123546120489,0.28444670910337705,0.054504358174878954,-0.0014957358279626713,-0.19304391355498182,0.98118897782930115,13.4671533500044,-6.9645598617650357,0.47194396123427551,,0.5353981721127584,0.1290322580645161,0,3
-0.98799198106730168,-0.089831893521787276,-0.12570630951945319,0.10421075074399541,-0.9881245007692725,-0.11291629824276928,-0.11406999945683843,-0.12466034608393912,0.98562053212083156,-13.654726632328925,-3.7297705360377655,-2.0460821521603774,,0.2699346928017877,0.852112676056338,0,8
0.81687446265069052,0.57142029247634152,0.078708078463390299,-0.57409313804274464,0.7921730749293322,0.20707218115729886,0.055974825782494561,-0.21433774446713713,0.97515442375828909,-6.3002041324057076,13.267525600513425,-1.6349848296383247,,0.2994871291140063,0.25,0,1
0.079768135339122803,-0.99199454345333449,-0.097897243798442099,0.99681322111841675,0.079316638158243066,0.0085013595855121301,-0.00066842205771239563,-0.098263404531323623,0.995160216518862,-12.15630191895691,-14.017341856916094,-1.3516695719954752,,0.1979757879225,0.3714285714285714,0,2
0.94885306438162864,-0.30575299975122389,-0.07869539603255353,0.31313261253969515,0.94321331526060648,0.11089007565674967,0.040321572112919847,-0.12986048305093709,0.9907120801545316,-2.4114027483153859,-17.906927923724002,-0.42301406208864306,,0.3339685893167595,0.3611111111111111,0,5
-0.77501815974046451,-0.62228754307036338,-0.11002302400840831,0.63019316233760037,-0.77400567605641346,-0.061414913297906368,-0.046940709575365516,-0.11693343051456816,0.99202980933672369,-20.265935868110855,11.675280696599298,-2.5537666571273587,,0.1373767435264419,0.1578947368421053,0,2
-0.27703178828777814,-0.93397786197631427,-0.22569612671959677,0.96039606373424813,-0.27645506738973286,-0.034813739791923717,-0.029879575663607164,-0.22640218429310888,0.97357550395717751,-12.847755543706917,21.424522820315897,-2.0354148385086193,,0.4983258636687536,0.5185185185185185,0,5
0.36579298588372128,-0.9132472821449078,-0.17937361325794973,0.93069623554334513,0.35891576260387886,0.070597397260262429,-9.2863980948766181e-05,-0.19276637935443217,0.98124467609606214,-25.596489651577858,20.854730945349267,-2.8879462309457558,,0.2055577567148709,0.1818181818181818,0,3
-0.87438415763301758,-0.46896610578484266,-0.1245918797731093,0.48295381817801203,-0.8659620733198059,-0.12986645863709886,-0.046988875148025105,-0.17372529809058199,0.9836724894067439,-25.86315518899702,-6.3070481714763424,-2.6476077012471273,,0.259173919043228,0.3283582089552239,0,5
-0.00070029489116732078,0.99980436342775647,-0.01976725721702445,-0.99999516245598408,-0.00064024778895564564,0.0030438704634891474,0.003030619028378399,0.019769293198982522,0.99979997519239716,4.1845833526382679,0.30708593627213887,-0.70918951095147564,,0.08258335078494469,0.125,0,2
0.80201425742055832,-0.58044389781374905,-0.1409184600573436,0.59545704274597755,0.79550677159743666,0.11224921641971045,0.046947216513503968,-0.17393636144695654,0.98363717956786711,-2.4334488044034552,-2.096692366442205,-1.2764751359251514,0.6134608355053451,0.5631542358018973,0.8260701889703047,1,5
-0.21140742180061384,-0.95207973723061512,-0.22102279511964815,0.97731868406686351,-0.20303315622371856,-0.06021401205409322,0.012453585083531685,-0.2287393963197413,0.97340803201424697,-9.5413816090532109,-12.762998646515724,-1.2275976581260057,,0.3367699562092748,0.34375,0,2
-0.23056007512446641,0.97147843927598598,0.055422863337227818,-0.97267892165372893,-0.22850618505372558,-0.040995594430783926,-0.027161869028865335,-0.063360598277550362,0.9976210039172051,8.7272623255632862,-7.2372941672297788,0.047589498481108168,0.4719735112340162,0.4825848724133395,0.2567567567567567,1,4
-0.083391361726310453,0.99441010445494848,0.064764380235827271,-0.99637756013221024,-0.082116735085672937,-0.02210428654929808,-0.016662486441576401,-0.066373081718182805,0.99765574000695079,-9.2373904128535997,18.519268721698182,-1.7942067982858636,,0.2752972552976076,0.2,0,3
0.0087349534281638448,-0.92139974854902529,-0.38851795835250791,0.99994390190979077,0.005720707823902391,0.0089144004518574068,-0.0059911286107329539,-0.38857403010981945,0.92139802989923048,-6.5700712472309242,16.522349992532661,-1.5900064826168876,,0.1926424882168352,0.1333333333333333,0,1
-0.58610747142910258,0.8102332300875088,0.00038052193896832051,-0.80959196595069494,-0.58562478103140103,-0.040055767499973825,-0.032231670807952084,-0.023785052110218415,0.99919737324166447,2.0385609483310865,-5.243523737015459,-0.68229690946365695,,0.08249181549858509,0.2765957446808511,1,5
0.89083841416274934,-0.44669119367439136,-0.082908970236914778,0.45225968086934482,0.88926766874843588,0.068294907413952347,0.043221532966294239,-0.098336111436590184,0.99421421649238884,-10.790517170897409,-11.994249164935464,-1.3843241058333684,,0.1662367570374896,0.2978723404255319,0,3
0.29517247448492767,0.9511017503723066,0.090987200996512543,-0.95430377510449671,0.28882929825408232,0.076693815209316368,0.046663852474385169,-0.10946733261018723,0.99289444955818951,-4.8252415925458454,7.1919966361665697,-1.6155153541647658,0.3468850117186522,0.2194895715500924,0.29,1,4
-0.37506982669647321,0.92694419623572311,-0.0098530283054415971,-0.92682364814139961,-0.37518396825870426,-0.015326943841458758,-0.017903919898871964,0.0033833454688873251,0.99983398753277752,-13.225304917679479,-9.9731343058965951,-1.6743792491156586,,0.06727823841238131,0.375,0,1
0.58890885595433495,-0.79330514039882039,-0.15444517990330114,0.80754556671429678,0.58527372276431544,0.072971413044305752,0.032504108334796236,-0.16769503170459638,0.98530292767399852,10.938764804865574,-0.4009668571255367,-0.002287991485757561,,0.08157780338189879,0.2083333333333333,1,5
0.45165783605265275,-0.88536759250360364,-0.11013367004058099,0.89196357791352043,0.45087754403663205,0.033322904423320164,0.020153778999135299,-0.11328577328096986,0.99335802144251439,-1.436407275434517,11.589838845136304,-1.1984915550622546,0.1626712963684266,0.1531248283701657,0.5833333333333334,1,5
0.14280937179845543,-0.98432633353206334,-0.10347537118492202,0.98974782242276516,0.14179666482462402,0.017115894776759,-0.0021751634252158325,-0.10485883348550126,0.99448473779346414,-21.330121575508834,9.2662494753568083,-2.6243572872219576,0.462932499132616,0.3486195845924774,0.75,1,3
-0.97345851606084488,0.22766198247605482,-0.023420914663852654,-0.22067943650718078,-0.96084192193493989,-0.16758098745157407,-0.060655616487610566,-0.15796462511411855,0.98558006950276,8.5461003131515341,11.401914641109521,-0.29098018088339467,0.3851685630071127,0.1378985357457915,0.3666666666666666,1,5
-0.98375921235790387,0.17621339742514222,-0.034156268368269994,-0.1632508511231362,-0.9574908694433415,-0.23782429341891165,-0.074612141830455267,-0.22838579969105327,0.97070745067242059,-16.783928680859152,-19.201011880439143,-1.4508917385148241,,0.500444175800548,0.4716981132075472,0,2
0.55050286319421537,-0.81109693070301281,-0.19765719470619694,0.83427947156600868,0.54311843511788438,0.094869008420250478,0.030403304730117243,-0.21712700071444974,0.97566977232167817,-2.4295303901249041,-13.163137409868394,-0.67061077953292592,,0.1455565715118195,0.4137931034482759,0,5
0.95078394251713882,0.30982554339698515,0.0042458580203427352,-0.30882504035944552,0.94641954748932222,0.09443058073046541,0.025238642961792641,-0.091094307115587664,0.99552239458114566,-5.6152744351559809,4.6388825738742563,-1.7528416247421663,0.3377368179681878,0.1314312180041426,0.1770833333333333,1,5
0.84615448371385704,0.53290803939869069,0.0056223869646190418,-0.53031291883417042,0.84089445920946093,0.10800331748798407,0.052828002124996241,-0.094369115790451236,0.99413463483393938,-7.0932736085138801,-6.5886834329830908,-1.402174437407997,,0.08934162213790259,0.2033898305084746,0,2
0.83802974261471364,0.54016760181502632,0.076974751980899647,-0.5426263405060856,0.81032027276918006,0.22121869299011734,0.057120968847623618,-0.22715637232683056,0.9721816586570764,-9.25224774157215,-16.385573021159903,-1.0161921454155052,,0.2123172481800079,0.2857142857142857,0,1
-0.24086410085029233,0.97004216924970321,0.03166504064278975,-0.97045399483579042,-0.24023029991240732,-0.022548767399770357,-0.014266353032024292,-0.036160653773461088,0.99924415349294915,-28.258555896151481,-8.5430436661283391,-2.7230779220142871,0.417744528239381,0.39241587044357,0.9591836734693877,1,5
0.60554578548030913,0.79580731740617328,0.0022394753459496898,-0.79455105541080151,0.60442682712178242,0.057938165323690102,0.04475401694391138,-0.036863589329912759,0.99831766174354508,2.8833901814377465,2.2311378151622012,-0.85559832178604989,,0.06734662505412095,0.1875,0,4
0.71828632277211057,0.69570974498852578,0.0072601133959310201,-0.69287431910526032,0.71433361228182712,0.098247993815749141,0.063165943695497967,-0.075600536323484124,0.99513547945225067,6.446603194309442,28.593363982963055,-0.48377327334513215,0.8086205922674917,0.6437511982873358,0.6842105263157895,1,5
0.20420867510647348,0.9785661497044279,-0.02659149608258177,-0.97876981223251491,0.20458782278599591,0.012388600809335914,0.017563361682374753,0.023497093870032747,0.99956961483734441,7.5259030760699348,-10.069010985031793,0.066321404830326877,,0.07400183926971443,0.3125,0,4
-0.21758570401625163,0.97581167266331781,-0.021166976679973699,-0.97595402338569881,-0.21780497243505142,-0.0086451269414440143,-0.013046288553432244,0.018776940021867607,0.99973857626801454,0.36440813746172135,-12.080009343203931,-0.50802736902941459,0.5946665207955072,0.5227115668041159,0.9104477611940298,1,5
0.086421715742264774,0.98863736559347648,0.12299368439295426,-0.99604741202119007,0.083200288393699404,0.031100884506623207,0.020514386514157504,-0.12519533283471751,0.99192000110006462,17.825805296601825,-0.78340471576836423,0.69169839619150564,,0.513932422507295,0.4594594594594595,0,3
-0.61384841579314298,0.787572032807073,0.054040869426612813,-0.78885703981562161,-0.60937482871638304,-0.079792787018714229,-0.029911421925143941,-0.091611196188097752,0.99534551567352869,4.8763889958041844,4.2955486240977061,-0.64941298179440821,,0.06994352557587989,0.2068965517241379,0,5
-0.080435079904374054,-0.96815155776451822,-0.23709230084276126,0.99659160571933325,-0.08248346962361261,-0.0012839971228844655,-0.018313091779870578,-0.23638747521175493,0.9714862800021804,-9.9493797262642634,3.6971967039741926,-2.2332701830491399,0.4871795617033393,0.4600722739521326,0.8202127659574469,1,5
-0.19780490906523981,0.96087244725995968,0.19390038175916427,-0.98024102739448116,-0.19372201898722785,-0.039991343714918144,-0.00086380686778805198,-0.19797959353471145,0.98020576124685532,6.3167445530716275,5.1154247853933716,-0.51386525500614266,,0.1897206384589373,0.4375,0,2
0.87697995423985109,0.4752529501233122,0.070998544073510195,-0.47686884103847482,0.84255521995402716,0.25039331016391558,0.059179965428270268,-0.25344690711726936,0.96553736176525029,-14.542665202065596,-8.6406121711748192,-1.843957819059953,,0.306716566671897,0.2758620689655172,1,1
0.027808097471196301,-0.98315018034951418,-0.18067216884110779,0.99956034388400894,0.029208732631795891,-0.0050959662994446162,0.010287305260040621,-0.18045102608952254,0.98353017164382139,-24.454996034939505,-5.4774300051283422,-2.5869379609446645,,0.137257603616835,0.1923076923076923,0,5
-0.98823895507207238,0.14692706470729638,-0.042381662715813624,-0.13729034471097601,-0.97454574503500224,-0.17723417301218744,-0.067343365873710578,-0.16933112085694857,0.98325573610436146,-21.785353263683824,-9.6300270895710867,-2.2890068612718966,,0.3819937962765999,0.25,0,2
0.30841387176409224,-0.91937182115007365,-0.24420552446388002,0.95122299071556671,0.30008270650672442,0.071590440630931479,0.0074636209452195205,-0.25437339430607853,0.96707728265717741,11.684664687261069,-2.2854315924278175,0.11369125129009963,,0.1982354243462919,0.375,0,6
0.99118066613877243,-0.10970139810826249,-0.074340368076781863,0.11339552732282888,0.99241721729327748,0.0474291176709448,0.068573620699773949,-0.05544068968690119,0.99610440641087605,1.5009251591797352,25.531128514904331,-0.87294350927629283,0.1960894679133766,0.159396175016766,0.5405405405405406,1,5
-0.94779681953565442,0.31887434149998739,0.00058584216958127008,-0.31414950109659662,-0.93343481203468404,-0.17323262580280011,-0.054692594003736529,-0.16437337380099945,0.98488076138506198,-10.897882124509248,8.6076600001062076,-2.084704201715164,0.5554651808832435,0.5745564759453503,0.5343511450381679,1,4
0.2193441910472681,-0.95790423672710778,-0.18522310631796413,0.97557783794627284,0.21760906902567659,0.029902762177645412,0.01166224514808643,-0.18725855477930667,0.98224142943579362,3.4023354789149729,-10.325027282929428,-0.32921529697126356,,0.07958738518363699,0.3333333333333333,0,5
0.8833471806639186,-0.44761644131622574,-0.13905854837623044,0.46566592654536137,0.87188986425686743,0.1515364954748239,0.053413512033535539,-0.19861416381904665,0.97862117832320827,-12.937115185483579,19.667815313657048,-2.0374916381565313,,0.1154370637534172,0.2272727272727273,0,1
0.87956943882248906,-0.43315774284403469,-0.19680440062090565,0.45927465458788852,0.88100523306079848,0.11356307046159227,0.1241949835648303,-0.19027387927340425,0.97384365116972593,22.364837617610359,23.120787455999359,0.9377037164819092,,0.2086903311929287,0.2631578947368421,0,2
-0.948757182990423,0.315686288128671,-0.01421179832457564,-0.31071298309571105,-0.94011865691195906,-0.1401226357938557,-0.057595571529771662,-0.12852656695638803,0.99003215691540225,5.5073258193857635,-7.8989662694802103,-0.24086114992190388,,0.1164517588506159,0.3125,0,3
0.38650712441439067,-0.8684554920334262,-0.31047914766357448,0.92212767399793327,0.37013101557196576,0.11262141962711603,0.017111271842867117,-0.3298303953074157,0.94388511732481228,-4.9036540077515376,16.988250648181261,-1.4296178006720288,,0.145258878566926,0.1153846153846154,0,2
-0.86574873961019705,0.50023787114934959,0.015530361596646097,-0.4961588247082705,-0.85379398558210962,-0.15767768024652085,-0.065616617769155616,-0.14421477889517145,0.98736850112850671,9.6828883402893986,-14.746558623849591,0.47178666191727586,0.3483665858858777,0.1975388639341508,0.5384615384615384,1,4
-0.071192112351660647,-0.99115492015901085,-0.11199824723403236,0.99737662147994399,-0.072210239902850623,0.005055311902068157,-0.013098017566141498,-0.11134453510504984,0.99369554514352121,6.1671904255975827,-13.212243611030351,0.061525062420263413,,0.07942273069364471,0.1666666666666667,0,4
