axis_00,axis_01,axis_02,axis_10,axis_11,axis_12,axis_20,axis_21,axis_22,location_x,location_y,location_z,dbh,dbh_approximation,score,reconstructed,number_clusters
-0.91881966016353422,-0.35824810524322515,-0.16561620448074263,0.39268368728394776,-0.87192436859240074,-0.29248490079972844,-0.039622642996786056,-0.33377565900524175,0.94181943896777087,-12.000019446959669,18.492561551582142,-2.7411569422347943,0.7932449437183391,0.3205015725999948,0.1818181818181818,1,4
-0.25900081592406948,-0.96225114608284024,-0.083614049136047211,0.96586555743660663,-0.25760216507105826,-0.027291931195407269,0.0047225319837910472,-0.087828562626074164,0.99612441054252787,-11.592163210117359,20.293755899509506,-2.6963610850422124,,0.5625787321672739,0.1578947368421053,0,1
0.53173096737913894,-0.80563789308088762,-0.26116998978104977,0.84555152379751986,0.52248385331554448,0.10978726532814648,0.048008321505103958,-0.27920997162839478,0.95902919288702249,-6.5818085528039632,14.41950052538234,-2.0780850753731048,0.394894190954464,0.3159211150342786,0.640625,1,5
0.97753601438296867,-0.19749243326634111,-0.073621188436485005,0.20109760159527215,0.97852738045193477,0.045209737208964422,0.063111767657781731,-0.058999190743723194,0.99626101011466672,-10.59727384894977,10.32430084809449,-2.4027371776446365,,0.08582165111879451,0.2727272727272727,0,5
-0.54091957880800601,0.83254588063307033,0.11947119277497868,-0.83959180839822556,-0.52606078728300576,-0.13544609021224038,-0.0499159747252109,-0.17357247686223348,0.98355528097974376,-26.353936443572753,10.768335035625197,-4.7097785875881888,,0.5889513687633682,0.2068965517241379,0,1
-0.097756384845048686,0.97418631467546446,0.20348148201018856,-0.99475796790175963,-0.089483474716104822,-0.049490332881207376,-0.030004574950951109,-0.20725282157733849,0.97782717973588951,-6.6640933924274819,5.305972471262189,-2.1516693344595783,0.8124892555291628,0.5423984993929689,0.3851132686084142,1,5
-0.75222918342347611,-0.63605477068306537,-0.17200460545393617,0.6582251841136344,-0.73722604777980716,-0.15243805782526215,-0.029847321565311467,-0.22788611885386773,0.97323021645913688,-28.069793462634092,-12.388363811328034,-4.6477056628555147,,0.4083128644208631,0.925,0,2
0.96580585405918273,-0.23555684055106879,-0.10831448257094649,0.24533447822464879,0.96543752420618278,0.087985116064458233,0.083845369933305422,-0.11154981723084639,0.99021542717557809,8.76257962952314,10.218722711349502,-0.051178020927398128,0.1351334911405399,0.1333951675745636,0.2173913043478261,1,5
0.1481803214204323,-0.98239464838247204,-0.11376883216952069,0.98847376032419176,0.150732422546975,-0.014119558905007691,0.031019630789052705,-0.11036526456543926,0.99340691103047563,2.8496839474881743,2.2569926394459374,-0.92063399867654283,0.1625270119580141,0.1367609686410118,0.4817518248175183,1,5
0.43576239019301144,-0.8603752901421069,-0.264320826659875,0.89734847715201171,0.43807799705330625,0.053417029594782166,0.069834445986491939,-0.26046502377603259,0.96295437147515528,9.1779260857342351,-12.541406123327883,-0.15417234726140744,,0.3039807126689276,0.3125,1,4
0.69744487694600943,0.71315454854604243,0.070577854245199675,-0.71618988953576646,0.69013597715582087,0.10384784620745494,0.025351247474484341,-0.12297529395480741,0.99208587900857481,6.304262620834618,12.27019547865652,-0.48329160296367002,,0.1132384902718951,0.3333333333333333,0,5
0.21998712531000553,0.97503135376180516,-0.030323652142555294,-0.97547224970570678,0.21962802006665999,-0.014745265534640721,-0.0077171725345584865,0.032823649751689984,0.99943136495962126,0.39053619914746102,-4.2792284508112015,-1.2595957797958641,,0.08569779026281378,0.4052287581699346,0,5
-0.98142224545033574,-0.17096568151034436,-0.087069580686511411,0.18543218419127458,-0.96172627517704634,-0.20173615615485965,-0.049247144092573032,-0.2141338538853402,0.97556210023705703,-8.9045211754568907,7.7275470292694148,-2.2635255001834618,0.6017781357350047,0.3718431808059757,0.2941176470588235,1,6
0.57341062028264622,-0.81495436599526838,-0.083962145591459272,0.81765415051676094,0.57569745770560576,-0.0037586345946815443,0.05139990943362762,-0.066496755834797083,0.99646185615590055,17.041338109041405,-9.5016194135416452,0.69548653405908978,,0.1526909144245894,0.1875,0,1
0.94317651653969603,-0.30224001411301465,-0.1380906677404696,0.32622105590149791,0.92127806799193701,0.21172280019769993,0.063228801463856538,-0.24474005660293566,0.96752489547268805,-9.2268585617020413,-11.934086250146773,-2.192912694124439,,0.280036128443226,0.25,0,1
0.87297919993967921,-0.48262908199638765,-0.070544210846838401,0.48364693508799766,0.87525806032919684,-0.0029949972887174433,0.06318986194529301,-0.031503921027348801,0.99750415753882382,3.6949194214581329,-3.2719025859231512,-0.87597057929081923,0.2371109581173528,0.2065335075353237,0.7435897435897436,1,5
-0.84276200679397528,-0.53348330429393753,-0.071747919441704736,0.53661196477891138,-0.84314902987565188,-0.033872004308324849,-0.04242403989140614,-0.067046830345430269,0.99684749253831351,-13.337918473879526,5.6209547557262347,-2.9161710109700043,,0.07890694834342946,0.55,0,4
0.048807127350418512,-0.99185577131085534,-0.11764350061583392,0.99850063535813638,0.051375341414147568,-0.018895911832381197,0.024785994214422333,-0.11654485493546021,0.99287610066859533,11.460572277923625,-1.5766416936248739,0.043066850511190011,0.2375705276728252,0.1175445654959415,0.2903225806451613,1,5
0.67372023858595476,-0.70486807789923978,-0.22195051898636209,0.73889721254833418,0.64720607534613939,0.18749721417490287,0.011486923347276358,-0.29031928767079646,0.95686088947053072,0.4402969254329071,-11.302123282828124,-1.0459575556484242,0.6273649824630464,0.440362446085345,0.1521739130434783,1,3
-0.15924675331178129,-0.98300440493983643,-0.09133899183007288,0.98717602773427682,-0.1575102256769163,-0.025961877320035145,0.011133814549845389,-0.094302007805159307,0.9954813757662595,-19.895126446833114,2.4294388794830328,-3.8141588343220274,,0.06378389807485763,0.4,0,1
0.9667385554630944,-0.24630007963674885,-0.068940816299634305,0.24828981054997379,0.96843994413074797,0.021823028870679023,0.061390026536782757,-0.038214465624466419,0.9973820327531715,-0.098881779056749691,11.052894763170121,-1.2807821288079886,,0.0706157205674196,0.2571428571428571,0,5
-0.99604014755291936,0.078985137550046991,-0.040808975838155286,-0.0717020355226968,-0.98506791230131763,-0.15652484229739957,-0.052562748830906059,-0.15297894038240703,0.98683058385662903,-21.548546404664361,9.4887909411891194,-4.0178554858973374,,0.1004134622564325,0.16,0,3
-0.90048606629156602,-0.42884287069607574,-0.072240131975874394,0.43316978879398821,-0.89921160009802159,-0.061501482301879191,-0.038584692442916506,-0.086673470579558862,0.99548929226123828,-22.65089951351537,10.848551207845452,-4.1569573947892469,,0.08019155813263953,0.2916666666666667,0,4
0.38688942537007032,0.92209293850551355,0.0078221029834816217,-0.92207271751822428,0.38676181584373559,0.01404284208461113,0.009923514769159909,-0.012645574859364139,0.9998707982990116,-7.057648670736052,18.420420042897344,-2.0789753300172276,0.2753478368510934,0.2673589225029238,0.4642857142857143,1,6
0.95833543399353471,-0.26397099846032973,-0.10914443606652188,0.27857985728240725,0.94817124427006927,0.15285468476910008,0.063138411992510829,-0.17689150208872101,0.98220310395552046,-8.5733562301115125,14.443901553470628,-2.3307887482866789,,0.2877964035555692,0.2666666666666667,0,1
-0.75515679857929585,-0.62932865858364939,-0.18353105743926168,0.65416542474684358,-0.74158143091846451,-0.14874333054864883,-0.042494783506341026,-0.23238420945113158,0.97169530850597519,-25.109473538090629,7.4715672880058781,-4.4531023159091827,,0.5192441150402403,0.4827586206896552,0,2
-0.61381508718921263,-0.78593752825237206,-0.074385754170074592,0.78926340879180445,-0.6129874787497408,-0.036188705950567425,-0.017155473798171183,-0.080923127600134634,0.99657269536054027,-7.3445911911881918,11.783321892795014,-2.0409988498766376,,0.08264754638529323,0.2045454545454546,0,5
0.99685861424490863,-0.01871914871139219,-0.076957759045087157,0.023045839434613226,0.9981802319784675,0.055723547734932009,0.075774616399391551,-0.057322054734055078,0.99547596131227178,-14.556387210535334,16.843798559885105,-3.0142514780970009,0.1380506473883434,0.1228560150781757,0.52,1,4
-0.1583462889145518,-0.97450696903724343,-0.1589421910155821,0.98731945453769443,-0.15443567701320754,-0.036741207885170046,0.011258218259490371,-0.16274455125538537,0.98660400544408122,-13.449592849754476,8.6814095612512983,-2.8113800004728948,,0.07743822660776038,0.1951219512195122,0,3
0.9522933393078975,-0.28880721660814085,-0.098629547017471578,0.29856948952656431,0.94857983895261577,0.10513110413420013,0.06319537826186368,-0.12956342372632654,0.98955528567061479,8.944254402183077,7.8984525181570726,-0.1028966004034329,,0.7477388454780988,0.392156862745098,0,1
-0.53819151180995206,-0.83402983444943435,-0.12142541687788573,0.84281925853713302,-0.53297903135193136,-0.074759946348798484,-0.0023651753923430037,-0.14257484836887263,0.98978119731481951,13.344497634220534,6.564909932005996,0.31955356104660998,,0.132611904038969,0.2,0,5
0.021354455607200524,0.99972247309908024,0.0099480654591114076,-0.99975353204094763,0.021292578036711678,0.0062850053460975349,0.0060714411279391284,-0.010079826447375451,0.9999307649539646,-14.350865371301492,3.9767700799553509,-3.0948850596121549,,0.2480603749971272,0.3508771929824561,0,4
-0.64515789148716096,-0.75044814113586478,-0.14352310795675582,0.76371495810816292,-0.63895223034765303,-0.092084255416478966,-0.022599951630219307,-0.16901962844440782,0.98535354436203582,-25.05215400496429,-7.8049763558430527,-4.7424389283655923,,0.882241890668614,0.6438356164383562,0,1
0.54925703396212822,-0.81428592717196224,-0.18776352002671881,0.83435702896424624,0.54689332910565569,0.06896401088748684,0.046530193004994197,-0.1945407807875548,0.97979019476084128,-2.3129942859337369,17.222309053887475,-1.6046834517184045,,0.1734352257175127,0.3,0,3
0.74922646534136272,-0.62671829934695322,-0.2142052214483835,0.65955610583580537,0.73549119394123996,0.15504337099533749,0.060377536276302581,-0.25744295853363841,0.96440534849960857,-8.9653951422204674,10.39052957878252,-2.187209405238407,0.490503087512251,0.340697370426958,0.308411214953271,1,5
0.34986591913883869,0.93671859191189788,-0.012333620382044351,-0.93679930718030069,0.34984872518059507,-0.0035954910683231589,0.00094693803676813729,0.012812066816298333,0.99991747372083195,8.6010184789648623,6.9127514416527465,-0.14220329220912425,0.1087853166793458,0.1262378694793971,0.4,1,5
-0.86719181319581617,-0.48990285046298532,-0.089294771596071132,0.49627279733172536,-0.86503150407864304,-0.073714364814361333,-0.041129913137484285,-0.10823905976902358,0.99327369651351427,-3.7139312759352503,9.8120659967078314,-1.6601424451344731,,0.06913689418236629,0.3529411764705883,0,4
-0.34290317243336443,-0.92106271143158247,-0.18455594259041325,0.93934308273623435,-0.3377181959075829,-0.059841399286073245,-0.0072102184933671865,-0.1938811537082164,0.98099852751472005,-16.605238347732509,-7.0514167619812111,-3.5143817086616029,,0.1296249803485211,0.2361111111111111,0,5
0.55172363838353633,-0.82557615728407474,-0.11842734216765211,0.83108009255895943,0.55612960878412454,-0.0050732618510320937,0.070049315492910963,-0.095623568003280007,0.99294976038130822,3.4853854170359271,-15.49919175153549,-0.86275911133098249,0.3036495253099371,0.2774993485319637,0.32,1,5
-0.85909561851825356,-0.48549733394435046,-0.16200943483534486,0.51033817885845301,-0.83659888918294179,-0.19914126096142534,-0.038854361945317488,-0.25376098468991759,0.96648626540009686,-2.3640117073049978,11.918897033233455,-1.5109625260063484,,0.135339306863457,0.2608695652173913,0,5
-0.9106678737280951,0.41234024081330933,0.025681697092927822,-0.40485693468856854,-0.87830103514086932,-0.2543190006764216,-0.082309696841423086,-0.24199755675729379,0.96677934210934291,-10.711763270557229,-11.543556456237889,-2.450385017088609,,0.6566246572189315,0.3943661971830986,0,2
-0.96310716347560177,0.26594252281771169,-0.041220943940317063,-0.2616812057572388,-0.96120109168304213,-0.087266304498158198,-0.062829437490857065,-0.073260056679465627,0.99533181697356776,-24.210278289610105,10.066910373840344,-4.4013821814224556,,0.1341860128936714,0.5483870967741935,0,3
-0.99308221340189973,-0.10028752070526724,-0.061074795256109621,0.10372208099073056,-0.99303263950233434,-0.055927692585879589,-0.055040415512034917,-0.061875601603692765,0.99656508196225968,-6.3425214346860628,7.54615131324032,-2.0067250464271309,,0.08042680425389016,0.3604651162790697,0,5
0.98740459848560669,-0.1317635497388733,-0.087581538292548763,0.14075926452264248,0.98435174368122558,0.10601166993673491,0.072242565987944429,-0.11700432330449123,0.99050037859030393,19.338109382310925,-2.8590477600172912,0.91423983793725783,,0.1535319666257642,0.2758620689655172,0,4
0.43261223053057196,-0.89504444265296057,-0.10836098777426903,0.90083378317076934,0.43401000921147248,0.01156749767658473,0.036676328791246555,-0.10261947953634076,0.99404430953860812,-12.374611878005519,14.967958628950566,-2.7724317283926778,,0.08035620500137185,0.3181818181818182,0,3
-0.83901392822859566,-0.53640299512923006,-0.091254890580244816,0.54272356865600735,-0.83698714022917486,-0.070026103106454657,-0.038816958455154843,-0.10827905571891114,0.99336241615480492,-18.535234539464302,9.734198786515897,-3.5625928378200831,,0.08759427080136291,0.3448275862068966,0,1
0.99225006820699801,-0.061335665127316072,-0.10806358464624578,0.083777221194227605,0.97251100881685493,0.21726415935214749,0.091766983998495005,-0.22463364377005418,0.97011264641504769,4.4025866568345862,-6.1993318203889496,-0.72981425349715889,,0.4336522090935679,0.2291666666666667,0,4
0.65427077278601831,0.75349600580768683,0.064602825865812494,-0.75619087699046073,0.6506612223549294,0.069392588076730419,0.010252484303042287,-0.09425360977411508,0.99549542621257914,-7.3140624471206497,-16.47512877224624,-1.9893090119451073,,0.1563558183644038,0.6,0,6
-0.99734058325143093,0.065537993841758221,-0.031883104662091842,-0.0552753586361623,-0.9653104485471361,-0.25518693668244652,-0.047501533947230515,-0.25274593822438574,0.96636592188659864,18.648884866771802,20.093632167911085,0.84091169636846552,,0.3520286729587961,0.2142857142857143,0,2
0.17892825215196409,0.98269106396128025,0.047989096600079675,-0.98371414168646631,0.17953435113222613,-0.0085967557596338152,-0.017063646383566836,-0.045669350490007664,0.99881086417695675,3.5084003643079229,3.4109329220689548,-0.81003376947020855,,0.1263960790126862,0.2622950819672131,0,5
-0.727786518720831,0.68569364110268727,0.012288763955540032,-0.68102689226387181,-0.72048996465152193,-0.13075390185330465,-0.080803187942237925,-0.10352990576538736,0.99133869259228635,15.00607421459627,8.3191640492693004,0.55283207519786259,0.4588306332880237,0.2793448315012581,0.2857142857142857,1,5
-0.19490845483329314,-0.95924876572560036,-0.20457883489845852,0.9807813534298464,-0.18872802907058725,-0.049494118917809908,0.008867412182642101,-0.21029392881641684,0.97759799125414493,-24.056032788907501,14.380760449253325,-4.2996906345791768,,0.100061561341781,0.3333333333333333,0,1
-0.37054360491318394,-0.91726603227264092,-0.1460152830930643,0.92840021934831651,-0.3704708098528095,-0.028712571480105226,-0.027757333660474087,-0.14619988059437317,0.98886557496064709,-17.446403626582804,4.6694305572599548,-3.4102897172646296,,0.1582327243148033,0.3333333333333333,0,2
0.78453955404989506,-0.61024524558845672,-0.10999285598563856,0.61706503170875759,0.785812954630289,0.041578203153653771,0.061060910355670274,-0.10049249012687829,0.99306234681143646,10.700843362003821,-3.8282397954261187,0.012673399970474961,0.3239201996305947,0.2793105524343734,0.34375,1,5
0.8991144284286855,-0.40556281560062424,-0.16465736301013767,0.43318054318073557,0.87844382698094237,0.20172025145909186,0.062832010957800388,-0.25269595454057114,0.9655034401584639,-16.968914237659,-21.502788400549786,-3.2544794230895913,,0.1479737644502019,0.1666666666666667,0,1
-0.64118406926070926,0.76692913246712524,0.026508396773473442,-0.76555640688770066,-0.63688801425904418,-0.091088117591505757,-0.052975250820268681,-0.078697922884873497,0.99548995963502085,10.508378067616409,-10.475816320720897,-0.0042391787598297136,0.271896934183532,0.1931931905789308,0.3684210526315789,1,5
-0.67964053279131598,-0.72329273334366606,-0.12221443482414085,0.73318840277277642,-0.67501203343103644,-0.082422817003559107,-0.022880389564879113,-0.14562409352694949,0.98907538193901767,-2.1040575363867284,-6.596037468529131,-1.5574460687908152,0.254930470020923,0.1884908525169124,0.514018691588785,1,4
-0.51767481776426527,-0.85153317040112941,-0.08309056961735424,0.8555774552904758,-0.51522410555373377,-0.050312414521957484,3.2425437366692934e-05,-0.097135888130786566,0.99527112797751494,-19.440772344810124,18.223888768957153,-3.6726179530169811,,0.2873601929092825,0.3333333333333333,0,2
0.82459220624860241,0.56535807370533309,-0.020443627130678592,-0.56472018749855268,0.8247418282533544,0.029866813705424058,0.033746158680100335,-0.013083012860584282,0.99934480113163537,-29.218828803820607,-7.0657222715731942,-5.1623025559241045,0.2155766730381788,0.2513146219698473,0.8070175438596491,1,5
-0.5458975804532411,0.83776651555107562,0.011962319035460777,-0.83583005628367302,-0.54353347092928395,-0.077197687739964146,-0.058171717080802321,-0.052140496746523678,0.99694404052128049,-1.5322244160511707,15.334999006153831,-1.5039940924464779,,0.6171768635072543,0.25,0,2
-0.99461252734008654,0.092741659156192133,-0.046313120334574215,-0.085909653547787582,-0.98746498844205433,-0.13241007525273629,-0.058012514903830734,-0.12771797546975464,0.99011245162175521,14.590938517812846,11.524272077312638,0.57138428052170742,0.8938059150053015,0.6398109875980463,0.1538461538461539,1,3
0.22212197229152003,-0.96499785898104806,-0.13943084876496567,0.97443724029068224,0.22464668031749502,-0.0024359304194088039,0.033673344948256551,-0.13532553781279666,0.99022881429277398,-20.427327019984016,3.8188198549610939,-3.8357715554436931,,0.06996143423032464,0.1333333333333333,0,1
0.87647724302337371,0.480658325329195,0.027481207285723407,-0.477426334828085,0.86038893208134637,0.17831147008687548,0.062062366010074671,-0.16940619777226307,0.98359026168500541,-5.4819455512341797,18.504034925937159,-1.8703134690785623,,0.3028052122926353,0.3125,0,4
-0.88663580611389292,-0.42991589439244055,-0.1704384670944801,0.4552513090250348,-0.87621857198811748,-0.15807358961602963,-0.081383001589770132,-0.21774603980750742,0.97260653359947558,16.424868546570647,7.9768405848552097,0.66598932817229994,,0.2439736267810503,0.3333333333333333,0,4
0.96034463026907313,-0.26408286416689619,-0.089433953098180599,0.27178386277767513,0.95824357248628367,0.088897624953492863,0.06222317130301834,-0.10967906200426168,0.9920175302437263,12.809276378642021,18.410093416282052,0.266201204695448,0.8773318438018534,0.6468469822076888,0.8095238095238095,1,5
-0.66464724922698026,-0.72705758517392194,-0.17213745070748665,0.74715632308272417,-0.64713930225067628,-0.15155247394882865,-0.0012095340056841168,-0.22934251965907215,0.97334502911553211,-12.608050592002176,9.5939627354541415,-2.6645417030028735,,0.2571120359039858,0.3611111111111111,0,3
0.85564580394894274,-0.50394320288981409,-0.11794704933029233,0.51220727647454922,0.85720777347548205,0.053277941211449992,0.074256071206949437,-0.106000383746294,0.99158960993676504,-9.5873441604524565,6.7697034230921522,-2.3950360692017947,,0.08693017611895651,0.1551724137931035,0,4
0.90040393254891238,0.43418971078851865,0.027423590133978985,-0.43350715108130933,0.89010410638247595,0.14066353387577496,0.036664808902009106,-0.13854232149937754,0.98967758231746505,13.431742559684238,8.7349126506585062,0.39280444813868243,0.7180647103846302,0.3661628831498824,0.2380952380952381,1,5
0.99449661684792257,0.09334602146193767,-0.047570992792494889,-0.093159111098667619,0.99563232646445321,0.006136001816029836,0.047935989583425022,-0.0016705616443844328,0.99884901267731663,-10.918875624091756,-10.336673307334387,-2.6894272655866929,0.2308360241259386,0.2216445025194913,0.8888888888888888,1,3
0.23270590374970218,-0.93009149579407524,-0.2842143061346053,0.97184481654369403,0.23349086270026007,0.031617551971061073,0.036954227325013682,-0.28356979121025766,0.95823930132080426,-3.3396017343384989,-14.586312181424145,-1.482830117042266,,0.1328871207238584,0.40625,0,4
0.069452753328278535,0.99547752473056161,0.064813677657059782,-0.99737933024478587,0.070611709381295754,-0.015762553686226557,-0.020267872497650732,-0.06354906965930654,0.99777288452325319,-3.0489815684668322,13.357674538773875,-1.5585798149473977,,0.3072553720719257,0.4571428571428571,0,5
-0.85586162208874594,0.51702526184241593,-0.013629469997107199,-0.51348424943587567,-0.85256490043994271,-0.09729859258543179,-0.061925838039514326,-0.076275613105446352,0.99516190714299968,-1.2648661520850348,-22.621975480548016,-1.4030542164815829,,0.4898547164426487,0.5600000000000001,0,1
0.98962710790434094,0.13301210931679977,-0.054276754471755707,-0.12865255944259663,0.98868241737709983,0.077172511415951703,0.063927351343229244,-0.069389165901254199,0.99553926964523576,26.815245647594264,0.67490358388876126,1.6443819045473405,0.6463146076192668,0.4997280462539361,0.847457627118644,1,5
0.39671047416189992,0.89553566921608485,0.20158537856684816,-0.91794078693543957,0.38646338702306621,0.089614519867069392,0.0023476308453629501,-0.22059445970458724,0.97536279044110297,11.740026459322456,11.461741528536338,0.27002278434565408,,0.3163699642092085,0.4285714285714285,0,3
-0.77184929163375737,-0.62154352284607373,-0.13391161343423399,0.63476037525338991,-0.76536672843223341,-0.10626870196401146,-0.036440870086250403,-0.16702520832806239,0.98527896697855333,1.4290048730777589,17.838206926078918,-1.2014462816252987,,0.281912117813285,0.1785714285714286,0,5
0.1632302996778798,-0.91600891500733317,-0.36644718158850331,0.98611964278224351,0.16292453976712948,0.031994444215967636,0.030396042276737516,-0.36658322652401437,0.92988860550345132,-7.1813232896763255,8.0161469664703606,-2.0559450604485785,,0.2580889800818708,0.2,0,1
0.15461973247808028,0.96152959123525772,0.22705414223784773,-0.98790798597013674,0.15312888522490345,0.024276650638134795,-0.01142582972193139,-0.22806224959150134,0.97357950919605374,-21.590469230725656,16.9948190465899,-3.9902650456071949,,0.524557526791177,0.5,0,1
0.97390647685484111,-0.18185888321854141,-0.135770103243295,0.19429039008235591,0.97728496278011201,0.084648365876252712,0.11729202301024577,-0.10881841810272244,0.98711758834486596,-27.88251058399187,-10.374237180804714,-4.891571457914373,,0.4916148197948728,0.6153846153846154,0,2
0.67237552589233085,0.73051601245998232,0.119404806103351,-0.73972126970008234,0.65726923048969044,0.144255335446521,0.026899727402149444,-0.1853200318126921,0.98230997677649257,-20.858006612870216,10.589652898468524,-3.9080645901178506,,0.4581553544728402,0.1,0,2
0.25597956775203762,-0.93055996533661489,-0.26178734080585042,0.96606024129650114,0.25596862388160085,0.034751601032270901,0.034670896723715275,-0.26179804143820107,0.96449972235324988,-4.4071691522140668,-14.069498502317863,-1.6059585215809569,,0.08947251666703049,0.2916666666666667,0,3
0.97391049187672241,0.22674521552129931,0.0092174318896768009,-0.22050525792766032,0.93594794545391236,0.27455213462447708,0.053626346497755467,-0.2694216966741923,0.96152803616041427,-21.249345126707848,15.311457433220561,-3.9206726840385882,,0.7724960830399039,0.7142857142857143,0,1
-0.96768284652050551,0.24485838282579006,-0.060284997386679549,-0.23214794552997925,-0.95837366129275103,-0.16621449012206524,-0.098474564919998106,-0.14684787264467661,0.98424512310884793,-21.970272878066581,14.682355785261757,-4.0146040621671402,,0.6464323668445551,0.7317073170731707,0,2
-0.55920071136390115,0.82828739943478458,-0.035136140193098089,-0.82741808410454076,-0.56025392132897411,-0.038663390077424996,-0.05170955914411076,0.0074516825663656951,0.99863436447983944,3.7594803537035801,-7.4769889865131551,-0.73478314300871594,,0.06307300634115644,0.3529411764705883,0,4
-0.75437545407370865,0.65482778559729404,-0.046024401145795896,-0.65382709982669762,-0.75577324254013323,-0.036289521801494418,-0.058547398091583339,0.0027160762352961636,0.99828093496099024,7.1256668553031606,6.5890700099909765,-0.29035650931625079,,0.07853775748785304,0.3333333333333333,0,5
0.95079362721502247,-0.29941673788099471,-0.079630996000324666,0.30375790782033707,0.95147419900654584,0.049274557952991238,0.06101321073268974,-0.071038480428249659,0.99560580674006371,-4.6927154598182446,12.472024522515134,-1.7503740482401653,,0.07476629552627805,0.3829787234042553,0,5
0.94996241515389057,-0.30423517627468966,-0.070798074211780512,0.30636269727756021,0.95167946198136433,0.0211683575102063,0.060936914196620687,-0.041799033002814519,0.99726602936639952,-6.0863319975707846,9.8850255117112944,-1.9241357587722618,0.3587260355330203,0.3442988256504071,0.8146853146853147,1,3
0.1975513593674435,-0.92908207179140456,-0.31269788021006428,0.9760929735443975,0.21592380863568289,-0.024888066648859862,0.090641973772266876,-0.30030553231676155,0.94952652403743587,10.84708934505772,4.7240636857865201,0.022514580654524947,,0.5848578424254733,0.32,0,2
-0.84085702097186088,-0.53493999552393456,-0.08245405672967375,0.54015379981954492,-0.83907130962331611,-0.064754999092887136,-0.034544794439021129,-0.098987567683350264,0.99448887305052325,-9.5789592262702694,15.173560499329851,-2.4351891162485386,,0.09402623853081751,0.5263157894736842,0,5
-0.21458253961913112,0.97670224656096538,0.0026561726915241704,-0.97608084058079891,-0.21434715481637112,-0.036352302172037929,-0.034936032139963366,-0.010393208594548625,0.99933550666101378,-9.2161706578793527,-5.0707447227070164,-2.4381018897241105,0.1679470380660581,0.1392143076369209,0.7865612648221344,1,5
0.46209302258429674,-0.84256659588350813,-0.27667954384122118,0.88622257863897969,0.45028596460565978,0.10886731001374261,0.032856956483924483,-0.29550648314449562,0.95477554369086448,8.747992406329983,4.9095329395420135,-0.18667560389966709,0.2512072118867162,0.3921705721035108,0.375,1,4
0.99588327504966423,0.070713682062452293,-0.056710472097520066,-0.069150724071102523,0.99718267191335397,0.029067098172762644,0.058606141630339649,-0.025025866716523432,0.99796744744419874,-1.2028906371180657,13.390187834395626,-1.3609897221599971,,0.07304483002035429,0.2,0,5
0.8903194787859815,0.45365272434861287,-0.039120728333459032,-0.45331530043171486,0.8911761859019115,0.017613746785578574,0.042853985681181178,0.0020521628599849124,0.99907923836842594,-5.5451942691823053,-9.9917451273833002,-1.8461193321269331,0.1740896348851007,0.08335248230363787,0.2631578947368421,1,5
-0.98369456772975883,-0.16889386422582661,-0.061805016348438248,0.17216680609141483,-0.98368860342599396,-0.05210875521540051,-0.051996041188189263,-0.061899871701687523,0.99672705270002104,-9.7469603513950069,-8.1947133138358303,-2.5433121284601077,,0.1067112336370603,0.5114503816793893,0,3
0.52339671762605622,-0.82891267652394263,-0.19738199177276602,0.85189999908599112,0.5139278388398002,0.10072024633975217,0.017951811484038103,-0.22086636494352457,0.9751388523185176,-6.9043360254220616,25.19198294061033,-2.0514087168302488,,0.4057101103160592,0.3478260869565217,0,5
0.47413513689830844,-0.87088060338247497,-0.12947141232951617,0.87829578051702883,0.47811754495514441,0.00036760311414062527,0.061582415383015399,-0.11388848869944174,0.99158308691574193,-1.3182486068439936,-13.108980506286906,-1.2680350956153521,,0.1621348414642118,0.2954545454545455,0,5
-0.99812934745439796,0.013326879699360731,-0.05966741177339048,-0.010876914750202415,-0.99909177557679352,-0.041198503617552527,-0.060162267874253217,-0.040472438180661,0.9973677773378975,-2.4373319348021782,-8.2205472507899593,-1.4810103291348744,0.1477599958746793,0.1031296525735459,0.5693430656934306,1,5
0.98034314490736663,0.19726116768525337,-0.0039179020643297664,-0.19302105275804143,0.96300569756567211,0.18805025830408151,0.040867975547030498,-0.18359754404540599,0.98215159237013094,12.173740776303804,-4.8596418221102189,0.20885480650798069,,0.2681347715796839,0.4285714285714285,0,4
0.38328625679734296,-0.90494233760847531,-0.18485402606919135,0.92217459108739297,0.38616933919949542,0.021616313631708215,0.051823439707149976,-0.17875292183886968,0.98252823065344352,-15.827256100159763,16.757004510797742,-3.210514106285852,0.3660802470419197,0.1871944819207976,0.1666666666666667,1,5
-0.51405506896531006,-0.84662755016586555,-0.13772863671443319,0.85768460342471031,-0.50943091075767288,-0.069694104577119678,-0.011158275819715895,-0.15395433889551133,0.98801495657504013,1.825583331288652,-14.888019168525862,-1.0297597581769951,,0.1022008775358103,0.32,1,5
0.99837018014208168,0.039404893277518678,-0.041282415007540707,-0.032558997845137924,0.98736850199257997,0.15505919170513258,0.046871047165470539,-0.15346235909406619,0.98704225303626003,-13.654530305218689,20.979888611002803,-2.899819584237441,,0.6452876918422142,0.3684210526315789,0,2
-0.98571786602311195,-0.15513085867836721,-0.065534001011348805,0.16495460117199687,-0.96778636950860142,-0.1902091547364346,-0.033915603415396747,-0.1983026971048904,0.97955386384103271,4.4918535771171673,18.705324257919262,-0.86894096469665572,,0.3459158369536819,0.1875,0,5
-0.7532205043883583,0.65748969732174689,-0.019135560736650976,-0.64325957319895877,-0.74237125339729837,-0.18735539388343903,-0.13738993142454661,-0.12881079164838255,0.98210579200922987,-33.974373208707092,-11.337111982069885,-5.8246356362477014,,0.5158894487078696,0.9767441860465116,0,2
0.64060049908813987,-0.76359560270459959,-0.080949095722093495,0.76597148633992929,0.64286928958512068,-0.0025997350866959418,0.054024833939818093,-0.060339307574090825,0.99671484652294284,-9.4127802162839789,-0.34928273582880054,-2.3898475119123588,0.4552100205089318,0.3582888481637429,0.9414414414414415,1,5
0.44555322047999096,-0.88410950218079609,-0.14082867560811177,0.89410338197749184,0.44741769055864228,0.019913626279099313,0.045403414588784601,-0.13478797546071145,0.98983368886640899,9.1031055668495018,-4.3357650585708969,-0.2026817291938186,0.2526420221789853,0.1378396423429518,0.3,1,5
0.045317990462251621,0.99857028062230346,0.028349151633821259,-0.99879640665771896,0.045824733858336235,-0.017488047759569789,-0.018762137087539318,-0.027522507602083933,0.99944509293267414,-17.16952610299872,16.799874286708583,-3.3910461835907406,,0.1122093092556474,0.1333333333333333,0,3
0.9201322183134768,-0.37697634392370039,-0.10604497604054511,0.38054798974274223,0.92464006856898384,0.014965664018083176,0.092411732611598421,-0.054125592086039766,0.99424870729463755,-3.6494563073763486,-6.2427338468081022,-1.7578427286232623,0.3902001385933164,0.2557761532632875,0.5319693094629157,1,4
0.56017959271406681,0.82788066654938708,0.02850308510398494,-0.82802501841659626,0.55861928170142994,0.048156692033135731,0.023945621372143178,-0.050577663697735649,0.99843302587203175,5.597371150249872,-16.801513046520082,-0.60883867883742526,0.8816763660682994,0.5824596772885402,0.5752212389380531,1,5
0.94537770682992261,0.31994506865976419,-0.062419103400293913,-0.31719265765272886,0.9470330489922032,0.050171924895609038,0.075165213764058089,-0.027632538009214249,0.99678815877947391,17.123770810531287,-3.9625127200122963,0.69325797347109386,,0.1784707245651889,0.1764705882352941,0,6
0.14095988285063413,0.97546566178192795,0.16910663532540848,-0.98995141682722276,0.14081988518746943,0.01288224582756675,-0.01124738851953843,-0.16922323309797946,0.98551356846638982,5.4454449186377403,13.056487110201632,-0.63720842921813825,0.7587015148392251,0.4749162494402115,0.3703703703703703,1,4
0.77076488813158917,-0.62558292712117813,-0.12069585128743404,0.63520432854467601,0.76921118604050287,0.06949541185050323,0.049365455752045651,-0.13023115051577439,0.99025395692909568,-4.9959667344818799,-26.844679667103829,-1.7844524007262124,,0.3060787438316724,0.7916666666666666,0,5
0.35874863625112602,0.93294077663174102,0.030346717873953433,-0.93343180856655761,0.35848439861759529,0.013928198158641762,0.002115359100142013,-0.033323313843991557,0.99944238553822218,-18.87176827286585,6.9023267646851201,-3.5230207489674186,0.3913003225439715,0.1601777185604339,0.3,1,5
0.57665140026957307,-0.81072014899424627,-0.10102476222138654,0.81586936159166867,0.57791596657777089,0.019243710413630759,0.042782559333721208,-0.093519920814915128,0.99469778175465373,-5.7687713717034947,-14.05738201992615,-1.7231964990639341,0.1498711344155682,0.1396130530047489,0.6212121212121212,1,5
-0.51180356156243656,0.85337379422093418,0.099046866224890784,-0.85796754338060699,-0.50179481371868062,-0.10997117545284273,-0.044145315464390315,-0.14126263576048984,0.98898739064790298,-0.32573361987748006,16.108275698030873,-1.364439226909899,,0.1748968208450066,0.375,0,4
-0.96978859095986281,-0.23203402147282506,-0.075301405851634973,0.23811738523867815,-0.96746520800724878,-0.085505450952476122,-0.053011316633139828,-0.10085278466477729,0.99348805535556484,-12.182294923139455,-14.328175741907295,-2.4800128488895798,,0.122491393619588,0.2857142857142857,0,1
0.50313593040327131,0.85965913220336876,0.088546100741851402,-0.86412388847601729,0.4990163241037186,0.065365232678395932,0.01200586949466491,-0.10940239804210873,0.9939250345978381,-6.4537001568883294,-6.7219916763431158,-2.1052878820375445,,0.7386978711980473,0.3392070484581498,0,1
0.83605686041508109,-0.49690473337157137,-0.23258248452066355,0.54519569293231951,0.79990377248706057,0.25082984505241068,0.061405069505091427,-0.33651098156508336,0.93967535709157468,-2.3983928553015361,4.7866888923569828,-1.6041503960280628,0.5409442968107081,0.7450988405135002,0.4395973154362416,1,1
0.25927015049246482,0.96579234752370513,-0.0049122834065905936,-0.9657821927376371,0.2592258859512353,-0.0081667768232264702,-0.0066140195416890847,0.0068615972957620664,0.99995458558279249,19.968944660972479,-8.6290754761071948,0.94133357235364812,0.5272619750745796,0.3521148287100287,0.1875,1,4
-0.35005730090133802,0.92458996319788922,0.15031063182421792,-0.93585164182580782,-0.33825725879701507,-0.098811595286527318,-0.040516546960587735,-0.17525817192032597,0.98368845809917649,13.341776979368742,-7.1586491597159156,0.22695873461011964,,0.4373941380643827,0.2608695652173913,0,1
0.69429388200497155,-0.71306849307586606,-0.097413190035950142,0.71963713142050334,0.68618712045165398,0.10615853619533494,-0.008854631067168911,-0.14380737084301592,0.98956608450364936,4.179473765080866,22.18518338671916,-0.84509814109314918,,0.1587343034152839,0.4,0,4
0.98201849382858308,0.18358706495452917,-0.043993946856623098,-0.18061178252760784,0.9814636280514426,0.064097822305442531,0.054945989761236796,-0.054999421755883238,0.99697342081706342,-1.4701922598871007,4.1804334488865216,-1.4311678027219252,,0.072988806334575,0.264367816091954,0,1
0.1216031012999725,0.97197439978909672,0.20119257418914574,-0.99248704879912353,0.12182386279557016,0.011331567392609794,-0.013496063138404464,-0.20105897793481486,0.97948616308326331,-9.7468676089382029,-1.7810827355233589,-2.4972030412242847,,0.2566732702963666,0.3004866180048662,0,1
0.7781260399288118,-0.61325287940567941,-0.13579680366395891,0.62505108558257227,0.77732982664402794,0.07120028807253985,0.061895124175919379,-0.14028273774847702,0.98817495773422581,18.826636156935447,5.9930769637213395,0.88387400448576769,,0.1406198805826462,0.4375,0,3
-0.2335163949851442,-0.93169667909958809,-0.27822902693274409,0.97215232728312151,-0.21789534166236829,-0.086263970693739506,0.019747046137402725,-0.29062504750389168,0.95663322957767272,1.3554489886555736,-16.512298520490049,-1.0818439316101296,,0.4464720524398853,0.1111111111111111,0,3
0.095376960659100202,-0.94724706416138182,-0.30598404339618052,0.99469056760387609,0.10262605750293283,-0.0076529106413091045,0.03865113316982579,-0.30362953044631208,0.95200588136084585,-8.5127432587128542,5.282600609960312,-2.3389444638982031,,0.6174024237104278,0.4907407407407408,0,4
-0.70022153720863312,0.70182636873118953,0.13087989525809982,-0.71032159051224109,-0.66648227905876101,-0.226372723075903,-0.071645215341561874,-0.25147787150012191,0.96520766846540806,-4.2688055347870852,-17.869385190207549,-1.6741285909528885,,0.3565510479621537,0.1818181818181818,0,2
0.4366682791601203,-0.87188386567977549,-0.22167394691896214,0.89858956007268376,0.43452336072895659,0.061043029980446972,0.043100075449121263,-0.22584944929776707,0.97320830748004605,-3.3435250421819243,23.721426211908106,-1.7152603380766331,,0.3496418421192922,0.4166666666666667,0,4
0.40523636499002802,-0.89157255423111315,-0.20219265325792005,0.91343057320972887,0.40400550801687529,0.049235530034444475,0.037789898325013539,-0.20464097838369349,0.97810735277409599,11.378001873784044,-8.5966107074249827,0.035840592011390476,,0.6710042744632915,0.2272727272727273,0,3
-0.65842657389952419,-0.7457398219098107,-0.10171806526305163,0.75224715412573384,-0.65643450871950582,-0.056727020650792125,-0.024467649921254071,-0.11386770297193487,0.99319458331548827,4.7597245509014705,-9.2951199189961056,-0.6141954723992008,,0.06908198643851034,0.2222222222222222,0,2
-0.88372581456609844,-0.45332040685660618,-0.11631549078625143,0.46392470838533595,-0.88128132587151831,-0.090094892306498683,-0.061664816703419938,-0.13358081223551441,0.98911759512377184,10.139952857817336,15.860574323358446,-0.099597145066570122,,0.1247983082450678,0.2666666666666667,0,4
0.31998014801979552,0.92173195968174482,0.21914127720372636,-0.94742399627845497,0.31147129507127475,0.073303503479608359,-0.00069003550042090456,-0.23107537049169385,0.97293560784007427,-21.259254608099429,7.2762793643184498,-3.8197800350249711,,0.3158911102364522,0.2222222222222222,0,1
-0.99568850605992798,-0.078465188593411506,-0.049473357265819473,0.083554078998668707,-0.99030713758786748,-0.11095264361524285,-0.040287898714567963,-0.1146079727659783,0.99259352093172548,5.6290679526083371,-21.303907189091564,-0.67708098953043816,,0.2875296075191763,0.3333333333333333,1,4
0.133914617903371,-0.97310695640592315,-0.18742925733778343,0.99011514788318455,0.13933966767594622,-0.01601408580639696,0.041699748728882435,-0.18343202666479963,0.98214755640361429,33.213424357696887,2.6863308618288642,2.291258867600483,,0.6089208728562128,0.1,0,2
-0.97362717503804019,-0.21228869605493114,-0.083568137198006473,0.22071789187088606,-0.96916754437112362,-0.10953484900121999,-0.057738516048818272,-0.12509108867119692,0.9904637718258742,7.0594927447701146,18.11034102329792,-0.46778455837988425,0.2573995167989905,0.1325083603837346,0.2916666666666667,1,4
0.94686086325550123,-0.3078460699482391,-0.093194972248884386,0.31536879847555493,0.94551711927195281,0.080869636525409808,0.063222041908904791,-0.10596308027370153,0.99235820097169414,-7.6143655823116152,-11.011093319390826,-2.0644397657365605,,0.1518959723341668,0.1538461538461539,0,1
0.63735987045561926,-0.76219751309047712,-0.11325787642141381,0.76865891680838894,0.63921242901617981,0.023894355027695061,0.054183624313536127,-0.10228597963517462,0.99327826575754807,1.9302366539620412,2.9087993000235279,-0.9655449638919642,0.1772852707180037,0.1227808386047587,0.3333333333333333,1,4
-0.78523857277356046,-0.60027864018668398,-0.15187474432625497,0.61652214309230802,-0.78072616992471477,-0.10181893081127513,-0.057452858113478091,-0.17358629476519488,0.98314137709908322,12.745094799495984,13.686813044344404,0.31298032479453203,,0.156086282615971,0.2777777777777778,0,4
0.91580471409604969,0.40146791008328286,0.011191193538382011,-0.39893244910909564,0.90609388427982107,0.1408785786360888,0.046417956517614226,-0.13348179667680182,0.98996362724529507,-10.107323954467571,-12.615053178609749,-2.2278408347997649,,0.5416507668543304,0.1578947368421053,0,1
