axis_00,axis_01,axis_02,axis_10,axis_11,axis_12,axis_20,axis_21,axis_22,location_x,location_y,location_z,dbh,dbh_approximation,score,reconstructed,number_clusters
0.26601396552784623,-0.91246436554393073,-0.31087835523989554,0.96383048907059143,0.25723493083591376,0.069720719271873052,0.01635110033284104,-0.3181807221852942,0.9478890597256362,7.4460801588706564,5.8457625909932371,-0.26213376494970092,0.3570056737968195,0.2679603960905238,0.5970149253731343,1,5
-0.53381343313212615,0.84431945383914575,0.046560481918252211,-0.84512124985267323,-0.53084341649135014,-0.06305029908926528,-0.028518268796474473,-0.073006349289344172,0.99692365871630018,-4.5776413989760343,3.7006666193547075,-1.9894300361208475,0.4480893416886669,0.2731280291471123,0.3927492447129909,1,4
0.99627987248353433,0.062111179341667357,-0.059737903252289594,-0.059590461755331899,0.99729236156816836,0.043092022760268738,0.062252650963464919,-0.039371905701558817,0.9972835406690761,-12.109172935174712,-19.78121427413636,-2.4703557484841627,,0.5206011352817226,0.125,0,1
0.94263929077384279,-0.32528608303452072,-0.0749675374642121,0.33007066622823228,0.94179647044142178,0.063818207117816578,0.049844987561839665,-0.084902134532299181,0.99514175109218561,-4.6141842415068446,24.336267072010603,-2.6646550095124999,0.2366295923872255,0.2467319413320331,0.55,1,5
0.73352310322332903,0.66632379529508601,0.13400170469501854,-0.67762188621069308,0.70169002830500704,0.22013560253984688,0.052653930203554557,-0.25227703819585245,0.96622143405807792,-7.9631807496111735,16.779026654397988,-2.8779140705935582,,0.2482085368196693,0.7073170731707317,0,5
0.94733528073887907,0.32018015375919434,0.0063667107777714942,-0.31442487984670592,0.92616656224975236,0.20821261706212657,0.060768913111668849,-0.19924901030924594,0.97806286663486641,-15.583957439563408,6.1416299650452801,-3.7802272116386355,,0.1753990168970842,0.4285714285714285,0,1
0.79923494415049623,0.60099892629047591,0.0048779756508215665,-0.59867838588127964,0.79538099508355575,0.094621683236343637,0.052987680901696178,-0.078545294305826963,0.9955013522919357,-7.9754318523932115,10.94973976990774,-2.6285034924045463,0.1625346284758963,0.08466655385635893,0.1470588235294118,1,5
0.99401931761099172,0.10260085855692279,-0.037398663606618213,-0.086895566416374165,0.95054860954453191,0.29817193266659769,0.066141943979264595,-0.29313888298268953,0.95377923993464275,1.6147478182950634,-11.616622851550966,-0.73284319308325341,,0.4354447990994985,0.2833333333333333,0,2
-0.045880172684688698,0.99878974411347876,-0.017721648009013664,-0.99857347974867894,-0.04537074478065016,0.028151395359082194,0.027313280598225589,0.018987958599631673,0.99944656792205833,-4.1722274923822305,-17.869461196370732,-1.4258472143564835,,0.2285184754176345,0.4,1,5
0.98824844626202291,-0.1114800421497775,-0.10458111045012503,0.12536708237205979,0.98256613265912207,0.13728397433354281,0.087453433998983546,-0.14878170302016147,0.98499538157709432,-10.447062900494675,-10.667884356795831,-2.4270716001737531,,0.3336006995393697,0.3508771929824561,0,3
0.99143714569477159,-0.11182005595588856,-0.067443763407952009,0.11728987913891166,0.98958263855944639,0.083482247893216732,0.057406187716877298,-0.09067787242622613,0.9942243474508502,-12.422210508863172,-14.814163506091029,-2.5572546968386356,,0.2310254845326276,0.6197183098591549,0,3
0.82296502310388309,0.56804906340747141,-0.0069880118431573674,-0.56625543808970014,0.82123068502439078,0.070249133860932039,0.045643724447803208,-0.053855580363266625,0.99750500093095729,-33.274671410733482,-0.11817926609682262,-6.5140737494462471,0.2818955701260161,0.4609663345788937,0.8387096774193549,1,5
-0.86592142885800039,0.49931952128444279,-0.029327371324321259,-0.4975986319565564,-0.86591967132997238,-0.050781140975328945,-0.050751162740207356,-0.029379218302532196,0.99827910977464107,-10.504686362861888,-15.02954706245459,-2.2530034711293969,,0.1301454546493829,0.2727272727272727,0,1
0.87888202203483456,0.47454607730794623,0.048707410684650017,-0.4760996256821084,0.86616165902000464,0.15196422891282807,0.029925537076524188,-0.15674820877877729,0.9871851200637739,-3.4387275454608046,-21.085858704718323,-1.3397910921684237,,0.4168999437724958,0.2068965517241379,0,3
0.23088993396637686,-0.94552156330059067,-0.22951865224118229,0.97295466865917846,0.22267022394542427,0.061458800040367925,-0.0070036509985510814,-0.23750146252539406,0.97136193263427262,15.180338346906973,-5.125801322601121,0.76746412042116252,,0.5602239210840745,0.3454545454545455,0,3
0.85317576748721957,-0.51252776920910514,-0.096986574133387807,0.51925941152654231,0.85218129316626456,0.064472529953308627,0.049606182212519764,-0.10536759163523526,0.99319529666591111,26.725788582647237,5.1723887934597279,1.9190727218850623,0.3473140244513594,0.3523490678326091,0.8301886792452831,1,5
0.9690048810082772,-0.2009733774529395,-0.14366364236400991,0.22305242780519316,0.96173708799155011,0.1590892454936631,0.10619395007412107,-0.186202779615913,0.97675553227558631,-7.860739924987576,9.1160786241069918,-2.6117145510437343,0.3656751597209915,0.1593618657661387,0.303030303030303,1,6
-0.99616553239867422,0.069664504574559319,-0.052925314011816382,-0.06222383846074156,-0.9894073934870975,-0.13115335924131322,-0.061501430780752646,-0.12735723974494192,0.98994833577135322,-11.328669171519987,-16.575599373433874,-2.3790577928649146,,0.2562812215369482,0.4117647058823529,0,1
0.084151488853175055,0.9959026606105319,-0.033112195829596944,-0.99641992509465593,0.084372860428317459,0.0053435285629672901,0.0081154049901131977,0.03254398580394343,0.99943735631095898,-22.736482442810011,-5.0686647722234408,-4.868927981069727,,0.07978639640305714,0.3793103448275862,0,5
-0.99393115207583005,0.10635356338900137,-0.028103104591412634,-0.096435472809726572,-0.96533361435605736,-0.2425514637726098,-0.052925084007289992,-0.23836931964649502,0.96973140762485854,-25.059307778333419,1.613070177937409,-5.2677796968633297,,0.3832291763762115,0.2857142857142857,0,3
-0.9000972753105988,0.43495928888951413,-0.025205395993025667,-0.4318030533912639,-0.89828460699890345,-0.081430264096385749,-0.058060468999296087,-0.062411391889254847,0.99636027625654977,-15.746905117303459,7.7375426296816459,-3.7722636689339728,,0.09771757608217441,0.3333333333333333,0,2
-0.99323333108493284,0.10007816699443024,-0.058922920098742552,-0.097567734136404349,-0.99425356128745923,-0.044049893560498619,-0.062992755753465704,-0.038002846712296097,0.99729017661077224,11.670583525247467,9.7457130276063832,0.28065511486783112,0.2646738693529324,0.2186359202279466,0.4444444444444444,1,5
0.91564112103832307,-0.37992466085738158,-0.13137195110101313,0.39832172852303527,0.90154344628169136,0.16899471900906343,0.054232260234150266,-0.20706681660501453,0.97682249943936128,-14.876843215930837,8.8096295322159452,-3.6354874044394312,0.6459299874622235,0.6468743438855054,0.7583333333333333,1,4
0.56353943620966274,-0.80536435289196284,-0.1838792074363142,0.82479271947186616,0.56100482863987289,0.07064384013451433,0.046263092662508679,-0.19147282139681862,0.98040699963007361,-21.431736946309556,3.124627816416278,-4.7508406616529442,,0.4050157876645651,0.9090909090909091,1,5
0.5120980649640936,-0.84886098183820013,-0.13111294891320849,0.85855388646837671,0.51037556590125077,0.04901026179305009,0.025313946552764838,-0.13766559208336948,0.99015523473153388,-11.969147244719235,-22.575474653437812,-2.3721211422235271,0.2642454629852159,0.2407571144144142,0.5,1,2
0.67749463745195515,0.72826562233053782,0.10310285910370816,-0.73405195137104318,0.66058444051048815,0.1574672335560936,0.046569828346341907,-0.1823660612256586,0.98212721721823404,-11.319339797845061,26.155191567221571,-3.8298307907331806,,0.421819348474034,0.3,0,1
0.98950388251888122,-0.12758681533962912,-0.067850357637612282,0.13115501452142997,0.99004849309132015,0.051013169804370199,0.060666536459105871,-0.059376644222264519,0.99639047841444106,-16.422155255224258,16.450789016251054,-4.1338943823964795,,0.08197644556678528,0.1923076923076923,0,1
-0.97754711758197776,0.21071688863319665,0.00016047402539671351,-0.20214489041266651,-0.93756478760228579,-0.28303659185400748,-0.059490135209283673,-0.27671404354138962,0.95910909802782918,-22.558280937228993,14.057302783325239,-5.1180279598403331,,0.3331047746152263,0.391304347826087,0,1
-0.28475353906639556,-0.90322784188307303,-0.32108392615702713,0.95848576161723631,-0.27346093148021017,-0.0807722955660167,-0.014848123322188683,-0.33075456852661045,0.94359999397657213,3.9952287214843736,4.3611955881710207,-0.74757016103744534,0.4392908499703629,0.2711480844308622,0.46,1,4
-0.83396939963328121,-0.53744818810173722,-0.12507791804097401,0.5498229189113073,-0.82855905953723441,-0.1057574711243754,-0.046795280906887372,-0.15696920068896705,0.98649423298867422,-1.8201065439896964,-18.175238080959133,-1.1394236097674313,0.1943887477740145,0.17500830578378,0.7176470588235294,1,6
-0.80871562622346971,0.58346790201442167,0.074459675132725195,-0.58634657593007233,-0.78964125068743174,-0.1807329192700336,-0.046655426233843424,-0.18982071154560004,0.98070962505282921,-22.711217945281458,18.930419411437583,-5.3974373697420592,,0.2138014759953996,0.3125,0,1
0.91795531310210698,-0.37965692239407467,-0.11497245072568786,0.39247708240005053,0.9113348572353418,0.12421963523767565,0.057617557552841654,-0.15915212617523178,0.98557131542854193,-4.278088070162541,-15.218390510898205,-1.4253590648247734,0.4618119291506208,0.2590549614240897,0.75,1,7
-0.84165094183628042,-0.51561657467715694,-0.16050931444716376,0.53715573956653428,-0.82993133029019373,-0.15059116326490984,-0.05556440908380033,-0.21296369390331618,0.97547888830165008,-3.9992154347373057,16.720908416219718,-2.3937049547042983,,0.52341856149782,0.6046511627906976,0,1
-0.062313393089101228,-0.95149861003544489,-0.30127634514236096,0.99760478326432889,-0.068461937108156193,0.009882285946545135,-0.030028943535421956,-0.29993892422960833,0.95348566023938253,14.254030082825894,5.6722089278169951,0.55496951354540536,,0.1272800125075042,0.1111111111111111,0,5
-0.94862197381200553,0.31304742465439639,-0.046018047745039072,-0.31223699807527622,-0.94970002607676018,-0.024039914782305809,-0.051228974554977214,-0.0084362543258676061,0.99865130139553437,13.078281114290577,-1.8363443458855453,0.53004136450491979,0.2659055606698216,0.1983339028880152,0.6785714285714286,1,5
-0.88151364961429168,0.47186894717781924,-0.016534274492352511,-0.46929666252252827,-0.87948294847768882,-0.079185768179685589,-0.05190691754388873,-0.062043855669093539,0.99672274574467545,-1.5183182579889409,-12.32229873172129,-1.0866910459430841,,0.08123167698102737,0.5384615384615384,0,5
-0.54541909924933352,-0.78713398242468802,-0.28798975656487358,0.83673538216206789,-0.53138884687798182,-0.13228678562798651,-0.048907120260160933,-0.31312295847787691,0.9484524798122036,-14.5946651195265,13.822635776717808,-3.8495471774310168,,0.4796865208406842,0.7076923076923077,0,2
-0.70891319213789672,-0.68695582054687321,-0.15979294924879925,0.70430647035835814,-0.70150630013162507,-0.10881776825035772,-0.037342761336141783,-0.18968555952525709,0.98113449979265421,-16.571943371276802,9.4476523271254944,-3.8893866641652557,0.877119875778593,0.4998082702186528,0.7857142857142857,1,2
0.93820710740316637,0.34606655564523403,-0.0023157465378089181,-0.34002020404393851,0.9230199583777664,0.18005670572967722,0.064449084245638721,-0.1681430804408838,0.98365350608827118,-14.601275789674212,18.989374430798215,-4.0869663541591619,0.4815127749174827,0.293511159287939,0.3333333333333333,1,6
-0.99263936005375719,-0.098896991906589737,-0.069903403807639306,0.1080363727208465,-0.98394073990007769,-0.14208716526909684,-0.054728813630374441,-0.1485934229927868,0.98738277866382562,5.5922722589120051,5.8859481010296069,-0.54064459515775087,,0.1288299564121375,0.2321428571428572,0,5
0.60508502639612649,0.76828635768947662,0.20882572499439955,-0.79502867668808042,0.56908694734373622,0.20992724836615889,0.042444246663104972,-0.29304627441962994,0.95515567682654567,-11.089541094859591,8.105295162221557,-3.0445849447527045,,0.2537341806940787,0.2857142857142857,0,1
0.68264770178604617,-0.7211692140819671,-0.11792828289527195,0.72997760228077091,0.6803965138937994,0.064755571571722792,0.033538267913616936,-0.13029024730025751,0.99090849024710248,-10.199482678445937,-8.6261985959674625,-2.6580720647615874,0.8106742919776126,0.7470521566429144,0.7840909090909091,1,3
0.54815623624103038,0.8224987080900904,0.15172546213539692,-0.83545894024356882,0.52997752906841977,0.14536910899370725,0.039154818824250058,-0.20644537745530722,0.97767438663911788,-14.969841085045015,-12.89810260303371,-2.9519120486441968,,0.3467169837444248,0.4347826086956522,0,1
0.10927942046243797,0.99376302005651562,0.022205139755158015,-0.99399940733225145,0.10935908370125309,-0.0024018815861226732,-0.0048152348359257564,-0.021809419528605999,0.99975055025406168,8.4589509451848208,2.8316017677549872,-0.1727571449277476,,0.08566869134827301,0.4655172413793103,0,5
0.39758690908123567,-0.88243099954288395,-0.25147600436816198,0.91719010830043524,0.39003595390036733,0.081450966236537872,0.026209825696947166,-0.26303514158906033,0.96443017338019776,-0.068136428174786962,-9.2856080070680225,-0.94405142112535034,0.3800938369420575,0.2849115458556508,0.2611464968152866,1,5
-0.98286559729904432,-0.17162033201643639,-0.067243433021834234,0.17306088875960074,-0.98477831106269298,-0.016174264813195574,-0.063444041703936832,-0.027534336728499698,0.99760549009775978,-4.4167361882610603,-10.481596305121155,-1.3986140389500341,0.2650314365206597,0.2604673271900769,0.871900826446281,1,5
0.12897722200705716,0.99163968350187104,-0.0039514943570121775,-0.99153790381711349,0.12902119307931251,0.014356776461199395,0.014746575782478745,0.0020663592867551863,0.9998891281847162,-16.439376623140426,12.444395467513077,-4.1332012063739123,0.1752810552456615,0.114098109790429,0.5405405405405406,1,4
0.77580278338470454,-0.62159392288086002,-0.10840219707242467,0.63053974787884792,0.77012369809072634,0.096587348984956245,0.023444991734353854,-0.14328462819383875,0.98940378394562922,-19.777203028825657,19.858117152930678,-4.894723364326266,,0.1628531035007888,0.1578947368421053,0,3
0.93865459925787909,0.3435698218456989,-0.0297879305918754,-0.3394322077798676,0.93569436463972577,0.096238413864448966,0.060937013495218455,-0.080223646753154507,0.99491248202437876,-10.405474767857109,22.75599447759318,-3.4794552567311849,,0.1234814881620249,0.52,0,5
0.1603318985760325,-0.96960302331579096,-0.18483414044997701,0.98703587852913266,0.15888367337841594,0.022718997117005799,0.0073387189090828725,-0.18608050814273328,0.98250709294850125,-13.635246355162387,-5.9985987945152424,-3.22134529101164,,0.1466270851030373,0.4146341463414634,0,5
0.53349264043327249,-0.83517903521527703,-0.13364722870457946,0.84574771254503334,0.52858932116938961,0.072829501374970698,0.0098188252035661047,-0.15188584095485283,0.98834927125437733,-15.166217523054216,11.559906217903958,-3.7543212783848388,,0.1731589871888983,0.6290322580645161,0,4
0.81560222017831907,-0.56265441006364847,-0.13495567152263177,0.57789969968849675,0.80370743347951112,0.14172613897839076,0.028722039275473184,-0.19358299565226494,0.98066338172389889,2.0971655719834756,13.77710221664165,-1.3642791476622631,0.2011499346428815,0.1215146957769731,0.25,1,5
-0.068908438528649585,0.98235817257883262,0.17385064816422449,-0.997621677678598,-0.068136460551330658,-0.010412058839487167,0.0016171967361230555,-0.17415465400360269,0.98471698531283747,-9.2953006853689981,-16.465591035837335,-2.1102075420583386,,0.3618494299226624,0.3571428571428572,0,2
0.21892378611899913,-0.94720540254889662,-0.23425264406939764,0.97545161614886189,0.21831418686824267,0.028862785115602228,0.023801689517640133,-0.23482087044008498,0.97174720909394174,-7.5814306905983058,6.3685366247924016,-2.5651432668082799,0.4539410249190754,0.5686386387196873,0.8157894736842105,1,5
-0.9715758033065377,0.23124123634820209,-0.050674935041028525,-0.22876854227015042,-0.97218601133299398,-0.050192762785435691,-0.060872099494332234,-0.037173242804463484,0.99745312547635723,3.7203698496474402,5.7626437056864104,-0.7980022793312963,,0.1074847205143771,0.4155844155844156,0,5
0.059977782970088545,0.997485969387785,0.037741309257975669,-0.99815996231734339,0.060269929481623796,-0.006650205028497262,-0.0089081522570004582,-0.037272999272842423,0.99926541436626082,-1.4224463096561208,-15.483954579754647,-1.1219139178594566,0.2058489979695727,0.126617367793092,0.125,1,5
0.32634823156854303,-0.93550785310476026,-0.13535837074746118,0.94502238056466958,0.32604694902190018,0.02502173585894037,0.020725153412433257,-0.13608248900146133,0.99048070359961993,-33.850066603446024,-1.5871722780204216,-6.6301002898259762,0.8325737835045348,0.3416329096132926,0.8181818181818182,1,5
0.33856035216588842,-0.93179747895463005,-0.13088294829773028,0.94093572241157719,0.33587280555780014,0.042771775466251376,0.0041053904945686599,-0.13763326887249633,0.99047474933405488,-9.3707733628771237,-15.048788347016778,-2.0893691132974994,,0.2549551301293642,0.5714285714285714,0,3
0.83476444653586768,-0.53998769952926118,-0.10761785705338887,0.54835540068557198,0.83297502169952675,0.073884827695807426,0.049746088676728271,-0.12068926042432228,0.99144310430785587,-11.195404651938491,19.044658688740864,-3.5160153904924027,,0.1396965669392484,0.5,0,5
0.97374417740328645,0.22701504194055869,-0.01692476605227753,-0.22186269121667798,0.96303431823845909,0.15278039187369366,0.050982577605402028,-0.14501404286383057,0.9881152281758423,-0.10898179781902911,10.467744050983734,-1.5507165521216084,,0.3332024709818514,0.2727272727272727,0,5
0.24931365450219486,-0.95364281452230226,-0.16854697858087589,0.96838804022193192,0.2440254433230962,0.051731871859539438,-0.0082039767116716504,-0.17611634030080336,0.98433517129337911,18.022450533832234,-2.1473514240253513,1.0945056711483996,0.2361244590853916,0.267641799767598,0.25,1,5
0.02762163785590134,0.99660796896590498,0.077521618377140514,-0.99955696632194935,0.02839687754322566,-0.0089156280236174137,-0.011086757840681213,-0.077241009440896083,0.99695080633957711,11.972443824938743,3.9043304879419902,0.27652616962368237,0.2529725416074547,0.1266031778228659,0.2380952380952381,1,5
0.0035156924511738495,0.99945421866264927,0.032846684825429392,-0.99998992279617527,0.0036054845666585599,-0.0026748433856405678,-0.0027918117212443359,-0.032836949895992493,0.99945682273364889,-19.420261996884218,22.576107722168015,-4.904565199340241,,0.1996488784586016,0.1111111111111111,0,3
-0.91678729498552036,0.39656705532463332,-0.047282410939806417,-0.39442504174855081,-0.91763831284482622,-0.048670455524406964,-0.062689251030662349,-0.025971088357028885,0.99769512396060411,3.5537567347784007,17.907387752345514,-1.3496464177342751,0.1832979359333504,0.1458652986875595,0.3684210526315789,1,5
-0.99258511018484941,-0.10024098652447561,-0.068749862981173471,0.10317329976131601,-0.99383817709560152,-0.040508615918745557,-0.064265614878345728,-0.04730139921704983,0.99681116986940754,9.1630020014429228,11.018751456765152,-0.14599539636509504,0.7287996517697177,0.5786283930617449,0.9826589595375722,1,7
0.036422869120651034,0.99762706050700822,0.05842621628316378,-0.99926077987721074,0.035638266690778395,0.014415538368929245,0.012299122090988383,-0.058908081715704004,0.99818764243220703,24.454215110762409,-5.1409567153741866,1.6885138726501201,0.3304709749050078,0.2442215939782423,0.4444444444444444,1,5
-0.96844474693788207,-0.23501081952233283,-0.082974013015301495,0.24148693277718383,-0.96716596349503881,-0.079208966377430454,-0.061634677141117138,-0.09674664730188115,0.99339883873978618,-6.3813951982672545,-14.19725889643555,-1.6862353592679931,,0.1151146478854026,0.2173913043478261,0,1
-0.32628053846720079,-0.92215021767590533,-0.20779794574979674,0.944987084119849,-0.32360917793948668,-0.047712794929617983,-0.023246958171332717,-0.21193413126160579,0.97700742215306124,2.6048773967731069,5.2759618711430862,-0.96227658426443541,,0.08028324610916812,0.3235294117647059,0,5
-0.97130739650754683,-0.20880739759236097,-0.11384819805529761,0.22608304962117112,-0.95924578369601776,-0.16951100594181026,-0.073813251951960715,-0.19038644167093172,0.97893033800376128,-12.137504589413247,13.527990214206669,-3.48662140955095,,0.2669837617948044,0.2083333333333333,0,3
0.64822192618585905,0.75982860566723931,0.04968726619240002,-0.75950959124719419,0.64053354162538267,0.11341059410991572,0.054346253002529377,-0.1112531889997924,0.99230499984730602,3.2481219563352979,7.4679188104087926,-0.8632343779465782,0.5441874089896998,0.2900978881012103,0.6404494382022472,1,5
0.99755676438626384,0.034211616559230155,-0.060910320304624427,-0.031879478464867772,0.99873612038278903,0.038856925966193903,0.062162695244139456,-0.036820200096393522,0.99738662121809396,-14.42663715681962,23.670620680831561,-4.1452198920930536,,0.08244593073285933,0.5,0,1
0.58991513773425286,0.80247185249873998,0.089660784176905983,-0.80639441658668098,0.57977284695839448,0.11658254941278171,0.041571326293533897,-0.14107576644129197,0.98912560019099594,-15.242741161700849,-14.743420653758257,-3.0759399798440441,,0.1941584936094086,0.2222222222222222,0,1
-0.65589319649205602,-0.73788393947421982,-0.15915843258036066,0.7535206808471665,-0.65254091710430928,-0.079980841707795222,-0.044840810999061009,-0.17238806040637239,0.98400795642020789,5.4911828107928073,22.198750258758913,-1.0337577038677044,0.3104803603669943,0.1929995795143903,0.5,1,5
0.98147477512810699,-0.17327763486890133,-0.081744278340892165,0.18345468768513695,0.97297889491591927,0.14020145368200004,0.055241681306621777,-0.15260056127824989,0.98674283647968886,-5.4536008958898394,16.99552334793383,-2.5525189934391226,,0.3402154340705708,0.2307692307692308,0,4
0.99040276605044564,-0.11954895331882157,-0.069357110378087186,0.12249896769752493,0.99166421058802623,0.03995117459931459,0.064002843004546978,-0.048063928253924519,0.99679160053048943,3.6644052436595609,12.150424458894671,-1.1203622697305515,0.265740678502553,0.1793791655748938,0.8539325842696629,1,5
0.8693101516404721,-0.46818905490672191,-0.1584262261128816,0.49162897637916014,0.85212153602684149,0.17941526530269064,0.050998135644338867,-0.23385443486238702,0.97093320751532397,2.2997921777531847,-14.978933326305246,-0.70805947560912197,,0.4958120305556162,0.1904761904761905,0,1
-0.073480380447104449,-0.95469333138000412,-0.28837696979457089,0.9972397284938227,-0.073427095867404257,-0.011017509067195985,-0.010656340972186734,-0.28839054181964613,0.95745356951972127,-13.497329828711468,11.318550050708653,-3.4753159054804685,,0.2671090139271342,0.1666666666666667,0,1
0.89778169637777239,0.44007813879006646,0.017867775690301967,-0.43498807656242328,0.87957357329153529,0.19270625940970765,0.069089788663529356,-0.18078042185543572,0.9810937978481965,-9.3544274470264828,-13.25883391667046,-2.0929314174458207,,0.5977198913257505,0.7333333333333333,0,3
0.027134828919535545,0.99365519261787538,0.10914696167572002,-0.99957112728357733,0.028173762912307412,-0.0079875268011771559,-0.011011928103014554,-0.10888341134853677,0.99399353125287482,28.964643388774398,9.0179796865339803,2.1817373103316067,0.3774300979206587,0.2014209746753382,0.4285714285714285,1,5
0.99429313432053623,-0.079514780536534185,-0.071123573583384211,0.084308923671272101,0.99417419471286128,0.06715412091915815,0.065369476305351185,-0.072767233307719684,0.99520438168463887,0.59901229342120454,-16.415155898314289,-0.88666232290593294,,0.1505324603887416,0.5106382978723404,1,5
0.97660594668503997,-0.20063750633693286,-0.077365470012891499,0.20666878211959602,0.97514012678260664,0.079935897040101456,0.059404035188035165,-0.094054899868640532,0.99379315574926363,-6.0487921921255889,-12.262671049556108,-1.6304708380896193,,0.07898105967209618,0.2682926829268293,0,1
0.50860095232710856,-0.83931758628543818,-0.19201838621326037,0.85971071436084634,0.50725907777500068,0.059880845251370968,0.047144023005269868,-0.19553571890281851,0.97956277171401163,-28.773678130829211,-4.6243953357082557,-5.669939525493505,0.562812305719274,0.5039182321660703,0.958041958041958,1,5
0.32967625681453844,-0.92970089153496094,-0.16422490058408812,0.94409404465915936,0.3246544378559893,0.057323039168560845,2.3062160578358943e-05,-0.17394179560850445,0.98475593484305857,-3.7288315648100618,12.388510103454536,-2.1307782237760784,,0.1863765493406522,0.203125,0,5
-0.58263973991221429,0.81163020936633368,-0.042276905267393868,-0.81209705184282932,-0.58345083914464291,-0.0091376523022254855,-0.032082890505871563,0.029008990767912218,0.99906414538377619,-4.0753876836561291,-11.503890822240674,-1.3727792861974624,0.1524020417847916,0.1416018968049793,0.7341772151898734,1,5
0.46498626194196396,-0.87264955991721005,-0.14923311221555474,0.88444344109014861,0.4653700829492593,0.034503411547512346,0.039339238907949756,-0.14803185965224044,0.98819987492917827,-19.691241473582885,25.852830983807351,-5.0806413487251296,0.5612146859214016,0.438405420638931,0.7692307692307693,1,5
-0.9932173265313835,-0.095796945885143495,-0.06589603506227662,0.096778751094922733,-0.99523519886480272,-0.011864749345920871,-0.06444544680857496,-0.018161610600754899,0.99775595226790226,10.611725153419213,6.9946595001861649,0.16706689913648551,0.1590593993682592,0.08955583989330282,0.28,1,5
-0.86245706926698473,-0.50010073303173441,-0.077891337724588186,0.50295011243739651,-0.86405284028307672,-0.021304309375276203,-0.056647930859068329,-0.057549509293038738,0.99673420023069159,-15.662711191571416,-18.713021746899184,-2.979147197485907,,0.136039029053176,0.65,0,1
0.62276086661366747,0.78208121983513512,0.022756726385449025,-0.78210364374407515,0.62143507187776759,0.046177287517944129,0.021972561453667289,-0.046555526218289983,0.99867401564359526,22.004865975109208,-3.9538281257861247,1.4975831537866098,,0.152207249858034,0.3846153846153846,1,5
-0.71251655038309014,-0.69062133751303267,-0.12394488130572978,0.70007316625863403,-0.71158633526502157,-0.059518479052364778,-0.047092752253316765,-0.129178386875692,0.99050250734129985,-15.528820721185383,31.468701998772378,-4.4606481302508492,,0.1355151047506296,0.125,0,2
0.76668515464724207,-0.62704443350699302,-0.13787368150386023,0.6409366446751551,0.76001947639924494,0.10756678393616721,0.037337530128377067,-0.17083815118910214,0.98459140507227727,-4.4496513169987297,19.966169939613884,-2.4770233031217188,,0.08569804394607938,0.1333333333333333,0,5
0.66548925805458115,-0.72765775053182213,-0.16624754285381368,0.74420742225570957,0.66394826960352105,0.072993204820725147,0.057265697179669471,-0.17229884904275289,0.98337874013274662,17.743975541752299,11.661064741944475,0.9261414009275093,0.5939688749813308,0.5119606172869834,0.7727272727272727,1,7
0.35643636480533947,0.93055542772421118,0.083783732176150594,-0.93416655220582323,0.35331916601426017,0.049984194170471778,0.016910664807713745,-0.096084144685777848,0.99522955470371921,-1.7175727728190713,30.723395585701031,-2.2915779247360657,,0.1324195518736721,0.3571428571428572,0,2
-0.96933458928626393,0.238740164213497,-0.058254510593976391,-0.23877260290013405,-0.97105371694777476,-0.0065056057524247668,-0.058121408426896448,0.0076034724451121589,0.99828056631853301,11.56912103582269,5.2059553472197777,0.23707835783996836,0.3191711172885622,0.2833825934186567,0.8736842105263158,1,5
0.26029331074342876,0.9596304727273075,0.1065680449074265,-0.96208744602712348,0.2484691805143594,0.11247583087726429,0.081456359967980105,-0.13180448455075064,0.98792329624980491,-0.95865175696120442,-1.314197786474586,-1.3959944258508969,,0.3913108907790178,0.4153846153846154,0,4
0.01298574856499682,0.98043571559294573,0.19641073780207532,-0.9998887126802305,0.011289761504323554,0.0097521043804077827,0.00734388105006855,-0.19651551815295504,0.9804732115342053,-33.112790589987696,1.2897551745467806,-6.4374716451799667,,0.1608589217395505,0.55,0,2
0.99248223320866702,0.11911672866463043,-0.028110882543500599,-0.10534796163307331,0.94836459144665797,0.29917621675188338,0.062296257872316699,-0.29396565554916487,0.95378371217622293,-17.336988993042041,-22.420310656639646,-3.0965311849428798,,0.3175340040193813,0.2173913043478261,0,1
-0.69356789325991663,-0.71230565708749183,-0.1076300530528434,0.71893447509311126,-0.69389328899438185,-0.040562593742899444,-0.045790806518268355,-0.10551186838321033,0.99336320027907754,-5.7456091262900602,1.4744593255047513,-2.0730715113491924,0.9666868884323236,0.503320646083832,0.8957073760580411,1,5
0.43874627681325901,0.89860247138393556,-0.0039119055698619478,-0.89804011395239802,0.43861854206331863,0.033730228143503162,0.032025900687838116,-0.011285963890293958,0.99942331807107665,14.946754099553116,4.0278168508049612,0.62410674821073142,,0.08558325202151318,0.3793103448275862,0,5
0.99744345295458103,0.050726412937726971,-0.050332784430378995,-0.037014948870592708,0.96924449502871568,0.24330023102462892,0.061126522215411573,-0.24081515709564799,0.96864421145993973,6.3413066534164564,3.4228817013409372,-0.4620727487825711,,0.3085261944077168,0.32,0,5
0.76242992718646208,0.64584313655831116,-0.039840294815317506,-0.6283822502874854,0.75369545226036261,0.19255885532918424,0.15439026411689513,-0.12177769993957215,0.98047633227087405,7.565774581058383,-3.4890580743087476,-0.21461846115986613,,0.1899928536637698,0.2173913043478261,0,4
-0.50123336334721036,-0.85707392565985829,-0.11911927393013896,0.86482245773356958,-0.50081100989329708,-0.035643357997308486,-0.029107251112256313,-0.12088266345368072,0.99223996573864748,-2.3208215240262806,16.304351896242235,-2.1429567093783848,0.1491427311291534,0.2009250636791945,0.5,1,5
-0.85620888188142452,-0.50987233851958436,-0.083285947193585536,0.51407676789464718,-0.85684092002152634,-0.039353709960534673,-0.051297439491216811,-0.076510366547517958,0.99574832990691498,-8.2642243876002812,-15.464587327622869,-1.9592890545645274,,0.1044431345314965,0.4482758620689655,0,5
0.78577023620047126,0.61847307220785042,0.0074963227811209879,-0.61308034735012096,0.77720073582111027,0.14174450229966146,0.081839010224404582,-0.11597445922662157,0.98987489169721965,9.6060225020996413,19.945192355168849,-0.54805525283197454,0.2103090020596325,0.1769653239899994,0.4347826086956522,1,4
0.99565489623600667,-0.05947493137269437,-0.071652356133498699,0.072682984990384766,0.97735692572853972,0.19872247840480053,0.058210920746505461,-0.20306691574127045,0.97743302401605692,16.768054175941984,19.566617790822438,0.43203647678766555,,0.2351915007403885,0.2666666666666667,0,2
0.90800879373165388,0.4188866956146774,-0.0073462060278650428,-0.41478454917995766,0.90130706872847632,0.12489734033061008,0.058939021603401538,-0.11036079057843799,0.99214247345597295,-41.02760193677738,-0.42893958019291029,-7.5529370362945647,,0.3776616527987827,0.2727272727272727,0,1
-0.17305543194148146,0.98239875948525013,0.070317102026389258,-0.98460153242856152,-0.17076667116111327,-0.037397411138742606,-0.024731352871917738,-0.075706151549226608,0.99682342408409064,-9.1025453749918785,21.225232532108258,-3.3040471618004763,,0.349559051804658,0.46875,0,5
-0.39144893988832985,-0.88056821340830016,-0.26714668067415309,0.91971279782371984,-0.38383571939789768,-0.082453077768896599,-0.029934878980351066,-0.27797439099530974,0.96012194067796375,-19.505212872124371,11.949107802213456,-4.6279366954974437,,0.6978288214658031,0.2272727272727273,0,1
-0.51819611313718128,-0.84410293327395558,-0.1377063047497202,0.85330706224585628,-0.52114585987199147,-0.016554463435257925,-0.057791399454109778,-0.12608422096593858,0.99033475318830899,-25.420945127680223,-4.7981275372681518,-5.1677083715968717,0.7641795529784156,0.6696825367292677,0.9661016949152542,1,5
0.93915710938185348,-0.33613138761967432,-0.070707949725569541,0.33926775257923353,0.93992093112979935,0.038026770621841156,0.053677890768521856,-0.059702039169214551,0.99677196517642896,6.1407316436739547,14.038675573156461,-0.80769720289003077,0.3739469182963578,0.4327938702282985,0.9428571428571428,1,5
0.34123426893600883,-0.93099754409664526,-0.1296254087350312,0.93987825347482179,0.33994987102905866,0.032602972754728538,0.013712853416660767,-0.13295735434094139,0.99102689145039424,-3.1426466360036907,20.546188859418045,-2.2984878963600459,0.1721579233512842,0.1596030484807751,0.3571428571428572,1,6
0.37850785796565084,-0.89652164864169936,-0.23017544390100508,0.92389601644832264,0.38101736194256314,0.035240895125559127,0.05610661502154389,-0.22599713143113043,0.97251084535635146,-8.6096651510666984,6.7744469992850185,-2.7070502019048441,0.9938091969404197,0.7182753053218585,0.126984126984127,1,4
-0.29003927386225148,-0.94025925100692365,-0.17829683259485382,0.95216032760948854,-0.30225700399403882,0.045071211023657375,-0.096270089560826291,-0.15669474921785623,0.98294395843481541,5.6383420570794671,-6.6713502285533295,-0.39280498757936655,,0.2253441498574062,0.2413793103448276,0,2
0.086239068392570728,-0.91844450060035565,-0.38603435391133972,0.99627420525601729,0.079218547220948538,0.034090023726801165,-0.00072871412298234131,-0.38753596103221988,0.92185429861912638,1.2442648172403781,-2.8919839491386767,-1.0119180025294405,0.6896464171159405,0.5560430393488414,0.3642691415313225,1,1
0.031536674933177404,0.98493381986437234,0.17003178709151859,-0.99947006110464942,0.029703408808006856,0.013315572111340284,0.0080644336209665258,-0.17036160950331741,0.98534861187186562,6.3184051200766831,-5.5079726391397683,-0.36708325566261163,,0.261766497975256,0.1875,0,1
0.45012515012030163,-0.82210279232495198,-0.34861776787865079,0.89265240326133843,0.42459659868975524,0.15129248273740351,0.023643945967895715,-0.37929503982072804,0.92497364102252111,31.047062767100947,-1.8862863504720409,2.5196118023390719,,0.5237870478880117,0.3421052631578947,0,2
-0.24363187419943591,-0.94720733655955303,-0.20842689711702048,0.969730038393815,-0.2415274864096138,-0.035890471512428232,-0.016345106631675481,-0.21086188578406628,0.97737920103345122,1.9433709089531792,-21.116715183310397,-0.71235604069398684,,0.5238823399944402,0.1739130434782609,0,3
-0.84356623874455994,-0.50720933278150482,-0.17645025811739917,0.52988075264877466,-0.83954864196090495,-0.11993525650936739,-0.087306293145018782,-0.19467092880278908,0.97697535314681061,-5.5090560995551714,-6.419457327747792,-1.9169238476734638,,0.6885834389841705,0.4432071269487751,0,4
0.3811661111762239,0.92059911011389306,0.08490980007221656,-0.92213098877298305,0.37199999606809148,0.10625649377756208,0.066233188322439032,-0.11879933241752326,0.99070675953169718,17.708663882939288,5.4292530400074179,0.9030495755924115,,0.3853725073322017,0.7441860465116279,0,3
-0.77737465806739869,0.61858021409861008,0.11422416434499563,-0.62723909162012481,-0.74854234406141096,-0.21507087457535579,-0.047536963913940043,-0.23883650866809661,0.96989554034910319,-6.0453748635610625,14.640230104183489,-2.5802899089598079,,0.6284060885248568,0.2459016393442623,0,2
-0.70694755101803564,0.70667913887548317,-0.028805464547693678,-0.70624375956593932,-0.70752899160001348,-0.024949511410770928,-0.038012000523127289,0.0027056835872655101,0.99927361973213125,25.698393047824656,9.0623560631016762,1.7899182282405732,,0.1559121123136869,0.7894736842105263,0,4
-0.91823082163291048,-0.3608047451361342,-0.16331593336413983,0.3915609506854022,-0.88893362360893202,-0.23764897373192626,-0.059432147039248179,-0.28216475454022094,0.95752330060085877,-10.540834206810436,-17.385250856601605,-2.2977816204663806,,0.4132783600717949,0.3333333333333333,0,1
-0.98993907028382921,0.13817624335291587,-0.03046248345859617,-0.12232146266308772,-0.94394458915012436,-0.3066040971451075,-0.071120298772940418,-0.2997931593400347,0.95134954917494419,-16.557689854045819,14.699984001213183,-4.1568564284828549,,0.5328673354525422,0.1428571428571428,0,2
-0.97209020169308158,-0.21992713178670104,-0.081686574639783432,0.2239396101970082,-0.97362671818544166,-0.043612665823814276,-0.069940623082139067,-0.060688304800206462,0.99570338901871835,3.4829251389093834,-4.8394637206208229,-0.72766372118348344,0.4017383406834341,0.2969198082606636,0.8099173553719008,1,3
-0.74661601148539947,-0.65196025938850255,-0.13233424187152515,0.66308456099268775,-0.74536397732617887,-0.068930445215698077,-0.053697265915213052,-0.1392133667525377,0.98880546223746912,-24.06219074387084,25.931556942753829,-5.8428117079570203,,0.2268740376265742,0.375,0,2
-0.40711288564935422,0.89690932778406396,0.17266370803441278,-0.91337623095137732,-0.39941576572616394,-0.078809306699374956,-0.0017201951371807265,-0.1897912111329686,0.98182296627516774,27.824857579397381,-6.582827674966734,2.080074148768603,,0.5546683019993819,0.7241379310344828,0,4
-0.61667196978292682,0.78092658361851242,0.0993446157673573,-0.78672510445481603,-0.60688197791684628,-0.11295076316827284,-0.027915796685820109,-0.14781047282806142,0.98862165281655712,-15.616717915847699,-3.7048161244225026,-3.7811647354854219,,0.4973016630308757,0.4,0,2
0.95712719394677392,-0.27914401817888995,-0.077370225038578128,0.28383878807856328,0.95710715703917093,0.058150084492541679,0.057819347883464309,-0.077617698106429905,0.99530518734255169,12.108988540746699,-5.8783538908757871,0.44575615631248844,0.4866664310245188,0.5827887469152362,0.3859649122807017,1,4
0.87429367947067127,0.48286019968046673,-0.049563995018317882,-0.48200870662217987,0.87569664158621874,0.028687953134229061,0.057255294759954736,-0.001191418968399735,0.9983588591998338,-9.6490654777118969,-20.139757697168701,-2.1285829752962693,,0.07429579418696872,0.3529411764705883,0,1
0.96735858052468948,-0.24436831019950886,-0.067093260879871261,0.24654625911862604,0.96877571323133116,0.026240418589195329,0.05858599491234362,-0.041925486560819986,0.99740159152508345,-37.679168498216995,0.46100774056222982,-7.086264238012987,,0.1577333104390325,0.3333333333333333,0,1
-0.99618559806223617,0.078175624258686807,-0.03876629960609234,-0.071909420405511668,-0.987138728494937,-0.14278013153916719,-0.049429641616423603,-0.1394478485928097,0.98899494844640556,-6.4044795936733889,-16.810561492087825,-1.8045707578469092,,0.6038088944611327,0.2676056338028169,0,4
-0.96273026144732099,-0.25253463762703759,-0.096833364560749632,0.26328732230842128,-0.95698722422142324,-0.12188206836379846,-0.061888848795527238,-0.14283455280693486,0.98780972910738651,7.2022095918593996,22.668908927272305,-0.85483097134805897,,0.1014817143297557,0.2,0,4
-0.72768009971057834,-0.66215824918715871,-0.17896403414820086,0.68413671794699038,-0.7194365049197009,-0.11986687009196306,-0.049382422398272813,-0.20966060293321814,0.97652639899582694,-6.4238142440140749,-23.565915221167341,-1.6848009462098648,,0.5392415377441011,0.2068965517241379,0,1
0.84246072383224135,0.53864919225360175,0.010815566771980114,-0.5347200116606714,0.83352517228486422,0.13896149213756645,0.065836448337282208,-0.12285289924145253,0.99023872233835741,-8.4200951042145693,15.765413473376992,-2.957628299196136,,0.2221076162075797,0.1666666666666667,0,4
0.02681192683997656,-0.93249281880643098,-0.36019198138432279,0.99963039027942346,0.02339050502728874,0.013855219391077476,-0.0044948202338082627,-0.36043033605539504,0.93277530490577432,-5.3105129920098006,-18.218153579146076,-1.5821439137117888,,0.3296907140135114,0.3529411764705883,0,2
0.74877249305607507,0.6626640422700798,0.014701045026439765,-0.66094850627400237,0.74479798192601721,0.091777111379134871,0.049868082946472964,-0.078436810243732072,0.99567105064977857,-2.8381672206181556,30.941994041917969,-2.465813755075013,,0.2728681109237704,0.3,0,2
-0.5811726266853362,-0.80497988186017133,-0.11935563577833916,0.81247008616707983,-0.58228152367073938,-0.028992865938709138,-0.04615990766157127,-0.11382274373808923,0.99242815655976246,-4.7268920554102962,4.987822966165389,-2.1498463261106169,,0.07537821776097099,0.3626373626373626,0,4
