axis_00,axis_01,axis_02,axis_10,axis_11,axis_12,axis_20,axis_21,axis_22,location_x,location_y,location_z,dbh,dbh_approximation,score,reconstructed,number_clusters
0.81181461196112392,-0.54508329906849673,-0.20938298135954553,0.58099524764532107,0.78985330615589278,0.19640844423841816,0.058322877329226884,-0.28109776205300457,0.95790526157278755,1.6401715496505662,8.7739365043627444,-1.1731950857506011,0.368559236028726,0.3300923331665017,0.4666666666666667,1,5
0.63012000449466843,-0.73748062317872765,-0.2430454903337152,0.77529041424225253,0.61497524986849295,0.14397991399241161,0.043284564451043596,-0.2791554629325777,0.95926986505111433,-24.071465257343974,16.771306446188603,-3.0576787038565114,,0.2842670713117287,0.4285714285714285,0,1
0.54205252040691665,-0.82888108134269511,-0.1383301055904857,0.83958347498371466,0.54117838778103977,0.047175641309740488,0.035758266943187247,-0.14171134602028157,0.98926196770842278,9.0674717795109583,-15.424020933441557,0.33438928791196321,0.3886654658984455,0.3550416935738768,0.9154929577464789,1,5
0.71171142430279755,0.69809268547305292,0.078316352097787784,-0.70042180798301235,0.69669902116974591,0.15498311134741785,0.053629650555374171,-0.16515773185091651,0.98480799356583681,15.063517034812705,-0.83636316032425939,0.30570888454542616,,0.5389431629487613,0.4112903225806452,0,4
0.9386046772828277,0.34478819051414511,-0.011931616184782,-0.3356625184491886,0.92065886518733031,0.19929357154791963,0.079699018131640736,-0.18305288206952422,0.97986718940624473,2.2693854384339547,-13.381793275335124,-0.32703930734214814,,0.4171422641889826,0.1111111111111111,0,5
0.66627728088959148,0.74424043423805786,0.046698618989416601,-0.74238584078457281,0.65610934002543053,0.13558686268948039,0.070269825479749651,-0.12500683971903395,0.98966430755610479,0.24401638524080724,19.559752640312926,-1.3825123408153885,,0.3586261648395695,0.3846153846153846,0,5
-0.99158284233759131,0.056142194420095354,-0.11666842240897542,-0.030241256468354495,-0.97660017065550131,-0.21292621511420412,-0.12589254620079024,-0.20760578190729986,0.97007778354611318,18.109842395142383,3.0097384250150245,0.54169999270628522,0.8304352198618916,0.3843789991217358,0.125,1,4
-0.98016950213395915,-0.16524131764516217,-0.10937574698879787,0.18060256233845756,-0.97206583834589133,-0.1499023695532628,-0.081550362128260737,-0.16668327109758199,0.98263229418382125,-12.347152047923801,12.311673730621763,-2.2333619005779801,,0.6708175981641862,0.64,0,1
-0.95191567780451392,0.30579784674545468,-0.018553147329133796,-0.30232834022979016,-0.94745659359911205,-0.10451592194238829,-0.049539045649601945,-0.093881202439096395,0.99435014093865148,-6.385680241156642,-12.280422448832068,-1.0413553780155067,,0.1780162143525139,0.3684210526315789,0,3
0.93625292035142449,-0.3386020343200381,-0.09369701963116138,0.34355428707046803,0.93816772552236216,0.042564898962656222,0.073490958416208493,-0.072041523738261448,0.99469045330119543,-1.1977688181759558,-11.8161664810816,-0.66012683463388122,,0.07733248113344168,0.2916666666666667,0,5
0.53226641171421896,-0.81483521682554272,-0.2296432807241304,0.84591099824910476,0.5226635796582213,0.10610073298549003,0.03357156538015104,-0.25073163326498371,0.96747433975181019,6.7027843496767678,-8.9455094349219202,-0.064562265764173551,0.6437819175873774,0.2390972299206479,0.4722222222222222,1,5
0.7307667992945035,0.68037597452549448,-0.055393305889356051,-0.67970959004137466,0.73273831527280575,0.033006583236640699,0.063045683870144198,0.01353124604960314,0.9979189080910793,15.94230283589358,2.0725932868919532,0.36504162805734036,,0.08949889375919773,0.7096774193548387,0,5
0.80930123477626237,-0.57178384216397415,-0.13451672472158357,0.58509151810193849,0.80496225322484116,0.098507290737066655,0.051956008649507938,-0.15842666670542407,0.98600282172102438,4.8846617543865021,-10.88112696940324,-0.15149003658098747,0.1989724249787516,0.1725758350504222,0.475,1,5
-0.44133239608254127,0.89663004045743677,-0.035781094412244793,-0.89698383830458928,-0.44193371456935743,-0.010704473237630383,-0.02541082423709232,0.027370832581869394,0.99930232038926348,-1.494837148783019,-13.528200810767366,-0.60931938711866129,,0.1030171112672757,0.2105263157894737,0,5
0.92562664750579238,0.37840539722762168,0.0049663644846460759,-0.36886868263868555,0.89921075774102555,0.23527836307491559,0.08456479406697133,-0.21961185876863956,0.9719153394676896,-7.312544594239677,8.2759417946996336,-1.8716923632874309,,0.3818971781677266,0.4787234042553192,0,5
-0.89698869819344618,-0.38522767856790557,-0.21681999672172594,0.43523416956841032,-0.85544306754353072,-0.28069267149644445,-0.077346576868812564,-0.34614562521704212,0.93498701231074877,-4.3441152869471003,-12.53288113275825,-0.88138388156204428,0.6675394158368219,0.4452919532628716,0.2941176470588235,1,5
0.19518684252631097,-0.96362033905204714,-0.1825867976328725,0.9799715251346377,0.1841270292615467,0.075848843238445277,-0.039470323407616179,-0.19373455876672072,0.98025966677690191,32.361755363634643,3.3824256122996212,1.8508916657953882,0.5419124311297294,0.4094642902829367,0.1875,1,4
-0.99613493236965511,0.044263735561907332,-0.075867768037607447,-0.034298205503875759,-0.9911862215967675,-0.12795900599776974,-0.080863029946425941,-0.12486230748640245,0.98887338651470169,-9.389077161947899,-8.7799519593539088,-1.4529821600623973,,0.09206600671349342,0.1818181818181818,0,2
0.95425299752764203,0.29899038733142391,0.0024423334983648226,-0.2919636827430287,0.93000282951071034,0.22327549140289113,0.064485848592076261,-0.21377437962833518,0.97475232235983011,19.208624969189401,8.6780126755646236,0.56526362614921666,0.3159440159766926,0.2806244534239061,0.2727272727272727,1,3
-0.3268582822463712,-0.93801402689847169,-0.11529678516188438,0.94439672763378835,-0.32880016590047512,-0.0022960266577443577,-0.035755896877921974,-0.10963638194292169,0.99332843490605982,-7.9454357361407864,11.942632178352913,-1.9517046525028101,,0.120311737221125,0.5384615384615384,0,5
-0.08790122166898838,0.99610069716955796,-0.0075350067962948412,-0.9961270912441984,-0.087882971088973735,0.0027205664754214876,0.0020477593784294619,0.00774496551931969,0.99996791058045087,11.013950164377619,2.4805300849978242,-0.12925931057768486,,0.114032339401989,0.1071428571428571,1,4
0.71796881464051931,0.69603215416528841,-0.00774735901553466,-0.69298805782493067,0.71578732024361091,0.086116571520820362,0.065485364133660476,-0.056460185498261033,0.99625494454872521,-5.3196367123975392,-17.908333441734776,-0.68684751912149267,,0.4343213490827397,0.5428571428571428,0,1
-0.3573040545752903,-0.92712600807287859,-0.11300963560205099,0.93398752048872802,-0.35454131810045525,-0.044359501021890721,0.0010602619381270271,-0.12139941892135248,0.99260317193236003,-19.306291263909134,-1.8995202781091278,-2.4232583626867741,,0.4017023002420382,0.9676258992805755,0,7
-0.94934101277101179,0.31318019520422785,-0.025880626011593438,-0.30551874211823976,-0.93911172333916004,-0.15724970366090177,-0.073552292183172038,-0.14137657662708736,0.98721969383506869,-1.0535745822185809,-20.693891855052662,-0.26845616845197834,,0.2696930604699243,0.5238095238095238,0,5
-0.76517285723088513,0.64089646441956105,0.06133694198140667,-0.6399710213613875,-0.74672466590928099,-0.18121634898743386,-0.0703391098521048,-0.17791569693868894,0.98152861110007106,-12.822922402963307,11.963819812982639,-2.2626730330407367,,0.4045500076192921,0.3103448275862069,0,3
0.14118477976834673,0.98959933177686565,-0.027568469463232284,-0.98984948659111527,0.14156873735192466,0.012501459910253358,0.01627426978605687,0.025523619480071376,0.99954174149535546,-1.1354637556950877,-17.81626401096608,-0.39947316293400542,0.3385084455448232,0.2513734850620369,0.6923076923076923,1,5
0.97656264110979651,0.2035103189970788,-0.07006395685634019,-0.19974345941637703,0.97817759310856056,0.05719393989508454,0.080174549634145248,-0.041858647876533504,0.99590154894392635,-2.3025383636873817,-6.3084599632790068,-1.0326064906363805,,0.09294136381951001,0.37,0,4
0.82761263091883441,-0.54524756531072671,-0.1332757504812081,0.55791748147755116,0.82512682668190107,0.088847080715132767,0.061525742623316358,-0.14788783727061527,0.9870885322918449,0.65568620242851183,-17.320291498098324,-0.27114618098307691,,0.1021757065915942,0.3333333333333333,0,5
-0.57305106556740426,0.8173837302715582,-0.059129635035379664,-0.81862888512209908,-0.57429941594907796,-0.0051893433398640144,-0.038199799682898578,0.045431468476185254,0.99823682409350412,-22.069695740272504,5.4267163098060962,-2.7151426327714812,,0.482639059717378,0.9814814814814815,1,1
0.16116718586283094,-0.9645583984836954,-0.20893117076114948,0.98690987856929491,0.15626027366080592,0.039895093154287971,-0.0058335052408480335,-0.21262601625863878,0.97711624048860535,-15.619205703587316,14.317107428076039,-2.463254059885096,,0.2496568024877119,0.6615384615384615,0,5
0.32382007034930133,-0.93185895004151442,-0.16364430716191036,0.94607183512489135,0.32064493910282027,0.046205040971418948,0.009415137938202341,-0.16978138960226707,0.98543677368075189,-2.9599899793699427,-8.836645313844997,-0.90292959308802501,0.3701755066074857,0.192471295740027,0.7142857142857143,1,6
0.9158529824083107,0.38832011108492998,0.10208234882089914,-0.40083025825600382,0.89907914115259291,0.17604488635215318,-0.023418340680531349,-0.20214892844461196,0.97907476325787668,-20.078178799609113,-3.4140146783512333,-2.4384093965324096,,0.5547330060439652,0.2307692307692308,0,2
0.24207214359129939,0.97019123569929078,0.011403660350853526,-0.97021157577369388,0.24215906411211416,-0.0069631819645913622,-0.0095171178326410415,-0.0093783708942047402,0.99991073132931807,5.6979638154163066,-15.122695613169654,0.023161976077667058,,0.1571346443416339,0.4,0,4
-0.43972649585993862,-0.89008185335346612,-0.11997876132715767,0.89691849143460067,-0.44213780911613881,-0.0071678080793011996,-0.04666721077395123,-0.11076304474345389,0.99275058265293414,15.015869611256424,6.5991315471158885,0.20399986398912201,,0.1033446888023999,0.4615384615384616,0,5
-0.49833571668867738,-0.83935565893435715,-0.21712574994056458,0.86606961798898441,-0.49344606430565069,-0.080214702004541449,-0.039811182710339447,-0.22801986631899843,0.9728422329931351,-6.5279322991131616,-15.270295553123537,-0.89686243166672897,,0.1402371506837255,0.2,0,3
0.36591133871085263,-0.879879261046429,-0.30318538583385202,0.9298465548489252,0.35918260234242655,0.079832591152400906,0.038655874565399484,-0.31112753679948063,0.94958168643180529,7.3723117950959036,-3.1411026358859448,-0.33623283881277577,,0.5103865096054465,0.1538461538461539,0,5
-0.8385881393311666,-0.51161317230644243,-0.18714137569129469,0.53975463713031357,-0.82679790607850745,-0.15833557465244041,-0.073721531925315165,-0.23378876026604356,0.96948849983063268,-4.9254915452247188,-13.704318640445097,-0.85848689460553984,,0.3749105448587345,0.3125,0,1
-0.63878354722816444,-0.73449255194448326,-0.22907699781663757,0.76705852235249428,-0.63111176669728619,-0.11540867048293169,-0.059806379902240053,-0.24943662336214914,0.96654258460177433,-30.549817482304434,-4.2268903324103544,-3.0547014135517991,,0.09732314232433711,0.3636363636363636,0,1
0.5603539983202096,0.82774879133625945,-0.028902162685768781,-0.82690146437597301,0.5610915955121708,0.037552492040826245,0.047300790473568784,0.0028565515865299797,0.99887660666050615,6.7725366571529406,-11.61629964122873,0.030952577563278023,0.31347505054736,0.2558434452626406,0.7961165048543689,1,6
-0.97229084220302109,-0.21778864286111138,-0.084962492953395002,0.22298812076999608,-0.97313315656861099,-0.057342458809132038,-0.070191282675315603,-0.074699174209134619,0.99473273657242611,-3.9093315892917762,-14.224268360981794,-0.74862561919624782,,0.4143517757763099,0.8888888888888888,0,5
-0.18715878253778609,0.98129196402075702,-0.04514057451184459,-0.98229857207243609,-0.18732082523329796,0.00065095189480271693,-0.0078169958057299222,0.044463353249636309,0.99898043263838332,-16.791908211727446,9.6666303940857627,-2.4946445032349263,0.1345011808888933,0.1192820538475034,0.3939393939393939,1,2
0.63484551776265852,-0.7591606585019437,-0.14368807591291771,0.77143747231121917,0.63316852251218581,0.063101889146138734,0.043074295011501583,-0.15090631757030623,0.98760917797812664,-5.1758645253679525,-10.419571225424122,-1.0604362684340032,,0.1171061169979226,0.5571428571428572,0,5
-0.43589420446324462,0.8882099239661565,0.14518737370512125,-0.89966889119588245,-0.42566600317321535,-0.096975976184371357,-0.024333695356989347,-0.17289182950786167,0.98464018126404829,1.2879504527959176,-8.8080864155428369,-0.52749117810628066,0.691861373464418,0.4300815263936223,0.3114754098360656,1,5
-0.95764172670105929,0.28794606716734561,-0.003063606350795528,-0.28025413463993298,-0.93439974447701313,-0.21989710670792073,-0.06618114004938537,-0.20972405661762067,0.97551826060695179,-14.273080183854288,2.5446725779186434,-2.2603711528482995,0.265570628366892,0.1977877500731996,0.2105263157894737,1,3
0.90127508037818316,-0.42450817690979487,-0.086579658269264864,0.42985975855923597,0.90113166589910221,0.056411955162932445,0.054072335447024091,-0.088059800423529747,0.99464649704740482,-23.450092104101067,-8.340198710672464,-2.4235922692114999,,0.4084128650713749,0.9747899159663865,1,2
0.87855536324168149,0.47681428511595686,0.028082222644155157,-0.47151155034969711,0.85639328650784685,0.21039818609273503,0.076271433748828388,-0.19808754714430474,0.9772123577095464,-18.055307669730063,-22.530702379834128,-1.4170433439269539,,0.2921639188569125,0.2,0,1
-0.69187652436824265,-0.66512703272987428,-0.28091440931371475,0.71078659306542069,-0.69580143602945566,-0.10316385383359385,-0.12684358141653224,-0.2710468445699008,0.95417205676027184,-21.954440041424657,9.854282936193119,-2.824746030849175,,0.3002875641447504,0.4285714285714285,0,2
0.6186378079152216,-0.74554644132966963,-0.24788659995754803,0.78453915482400571,0.60315903678667637,0.14386622567719679,0.0422560902815537,-0.28347783010886884,0.9580473593047909,-8.8074882197824067,-11.864710131696812,-1.2459355802348009,,0.2555668487209432,0.2,0,1
-0.87531861079740214,-0.46069712888337272,-0.14688595926882636,0.47752559690211688,-0.87135985539891581,-0.1127000741013842,-0.07606992766516453,-0.16879027767557422,0.98271216959352814,-15.267264554026497,-18.667994231377047,-1.4027585105534797,,0.1845603798638299,0.4571428571428571,0,1
0.062971090785933423,-0.98190336391681132,-0.17860690259359943,0.99801526803823715,0.062027645528390733,0.010867196177930855,0.00040802915954536484,-0.17893673496253951,0.98386049742488935,-17.450215823279006,-6.2861438781720658,-2.1641944519800211,,0.09819023142273635,0.2307692307692308,0,2
0.95659932852986407,0.29079182749026866,0.018916599088707367,-0.28002275969803836,0.89932457794611931,0.33586091995516321,0.080653448204697067,-0.32658140878945269,0.94172161742512228,-7.5057870240573843,7.4956581204871604,-1.8780219639725755,0.4044773058029579,0.3853478526863529,0.4,1,1
-0.12688878256591576,-0.96187665573448433,-0.24226542471426998,0.99022244219204036,-0.13710593337168417,0.025719214869655997,-0.057954739566078772,-0.23663318065589439,0.96986905609700946,-15.784167924696344,10.99021009738266,-2.4305457595827815,,0.4935874458529452,0.2195121951219512,0,2
0.19560538397413049,0.9806763762874372,0.0035183450760327981,-0.98061428102036041,0.1955481067004895,0.012512786451271136,0.011582988355953913,-0.0058977078255025789,0.99991552214332124,29.031696061932369,1.1115175660179806,1.5843547930941886,0.3527617503299817,0.2954295408973648,0.5517241379310345,1,6
-0.13025080781585746,0.99083489978857209,-0.035790060411925458,-0.99147859374320912,-0.13024639242035871,0.0024648347758827313,-0.002219281935002836,0.03580612548789168,0.9993562909019188,5.3159945243011588,-17.044684919559412,0.077016012393409133,0.1800239777749724,0.1368863907141218,0.5,1,5
0.99638978717191762,-0.010978673975717472,-0.084183494446575996,0.029366256688761579,0.97496092293249681,0.22042872254473642,0.079655602361613898,-0.22210508204980259,0.97176350905971964,-7.4191753011309576,6.4578765455957816,-1.8685295224843943,,0.3081244215763183,0.2424242424242424,0,4
-0.91906375758710102,-0.36729491600401715,-0.14288545820859846,0.38653565056576428,-0.91080736745481738,-0.1449832067231463,-0.076889533303177812,-0.18847913430305019,0.97906262087815021,9.5390403288544867,-21.015732265677666,0.56408499190766914,,0.2786372132175097,0.25,0,5
-0.75723315976041372,-0.60615345778610985,-0.24326102723865059,0.64966871920523417,-0.73738670361957037,-0.18490917935920614,-0.067294108549644308,-0.29805844215356037,0.95217260410888849,-5.7598025301587228,10.345221606848876,-1.7843267297020722,,0.1394665355731231,0.2285714285714286,0,2
0.025248581846901232,0.997665749809027,0.06344730705642139,-0.99960547865872729,0.024414595962679194,0.013885767513369972,0.012304314291197509,-0.063772871677309717,0.99788858330369345,-17.424931193033956,-24.445093615368791,-1.314034705419342,,0.5234698283012575,0.7586206896551724,0,1
-0.87957364945607841,0.47273901706209864,-0.0535538694183341,-0.47102853913479903,-0.88112686612631308,-0.041803840863713755,-0.06695005976884702,-0.011544155992644153,0.99768954187129988,0.85069729415583961,-3.0325713947989206,-0.97141398752407437,,0.07852028640024364,0.3274336283185841,0,5
-0.98870746403906762,0.13086818281870061,-0.073014171769379757,-0.1187571452387258,-0.98139180161558814,-0.15088695164413402,-0.091401810748942561,-0.14051210071535553,0.98585093119820777,19.035256798839232,7.7495230309382581,0.5603277504705465,,0.1748652525095979,0.3076923076923077,0,2
0.40253678392607423,-0.90003124258078582,-0.16705657713762953,0.9151252204096999,0.40015849488066174,0.04918343161007175,0.022582483400909032,-0.17267582735672946,0.98471980283231719,3.0777254261939908,-7.617255367640837,-0.45166890971622303,,0.09433725569056921,0.1851851851851852,0,2
-0.95576959873322087,0.28594752749624119,-0.068836659245828005,-0.28464180504573128,-0.95821633226249681,-0.028293168887874438,-0.074050772836261824,-0.0074479597338045654,0.9972266597610383,-12.64097216626744,-4.1567987173415615,-1.9633922125848686,0.5372891793333203,0.5271633801728428,0.9865410497981157,1,4
-0.25524685565304989,-0.88703395117926898,-0.38473342996745957,0.96638590592932572,-0.24671741146411494,-0.072310439782948335,-0.030778620833102687,-0.39025797664588685,0.9201909520115219,-9.4928176617218458,-9.9459916764625333,-1.4126212784818779,,0.2716575406287072,0.4545454545454545,0,2
-0.83633920537987483,-0.50709196854197758,-0.20831339127569634,0.54248578866045361,-0.82030547661028141,-0.18113004760288695,-0.079031023313664087,-0.26449321443734719,0.96114381695487905,14.873282949535186,3.433701304476442,0.223937817980017,,0.3932892524344922,0.3181818181818182,0,4
-0.83857000385871316,-0.51467675075831265,-0.17862863952138627,0.53371363159930529,-0.84189206718983023,-0.079796658124969194,-0.10931654986083594,-0.16225162381837024,0.98067543177894667,-6.5107073357382195,-14.286344737223724,-0.95611484095053323,,0.1499507931521762,0.3636363636363636,0,3
-0.012042694907485496,-0.96884976852598848,-0.24735621990664594,0.99872513186663092,-0.023781851513614383,0.044525661326540782,-0.049021265562474353,-0.24650466438938673,0.96790101041218579,3.4252205982108563,-16.805085748881986,-0.088591013406391056,,0.3843706684425246,0.3529411764705883,0,2
-0.47146730964106931,-0.84838541231915421,-0.24075042700662225,0.88061058859776331,-0.46756676063850161,-0.076852557507989958,-0.047366308588624832,-0.2482408437587921,0.96753962001595062,-27.42273779434132,-4.4259543906473287,-2.8436425823377065,,0.2481322069459474,0.2173913043478261,0,1
-0.73487306846867506,-0.66547611286996811,-0.13077888376535154,0.67494245189619007,-0.73650307154626393,-0.044898911248240664,-0.066439896657000397,-0.12126322114473055,0.99039435142260934,-10.261991263229339,8.8136837868936766,-2.0750600532395369,,0.0670984969860548,0.1875,0,3
-0.24681304888667044,0.9663028475346237,0.073089847077030867,-0.96894064102650956,-0.24487983974933022,-0.03446589983561682,-0.015406267114473291,-0.079326357100398981,0.99672964037535128,-12.784541897504926,18.218133479891417,-2.3433306736463102,,0.5961385091455323,0.3043478260869565,0,2
-0.79931084735050961,0.60091254347019329,-0.0025068721534163632,-0.59802820317795691,-0.79586898332146039,-0.094629961379095962,-0.058859472572855051,-0.074139574365166661,0.99550936007724078,-12.857311560478388,16.108935893343091,-2.3030389805566753,,0.09702761689000432,0.2941176470588235,0,1
-0.47451668208708825,-0.86976344269463157,-0.13544545829611582,0.87913547297380201,-0.47600234026955918,-0.023293608931063681,-0.044212425631169693,-0.1301281130651116,0.99051094673906714,-3.5673952090609942,17.224781291092462,-1.6572247436206979,,0.1388415997733588,0.375,0,4
0.65576148752610175,0.75453425945880848,0.025591459131956595,-0.7535098371117176,0.65201284050775943,0.084274439712622481,0.046901991998504311,-0.074547348148349846,0.9961138971175042,-2.2288854159602747,12.745835449102819,-1.5529341639338399,0.4292355488970779,0.3541246057954082,0.2352941176470588,1,7
-0.96411033150787628,0.26145561564208952,-0.046176073122219219,-0.2587306500177301,-0.96423170748365161,-0.057581811577645962,-0.059579521827347652,-0.043568054034770334,0.99727233253833281,12.63007300356527,7.7600773757125605,-0.043989866487975052,,0.1230633348214323,0.25,0,4
0.57158502353826057,-0.81024622129910973,-0.12958249008751133,0.81983145551776715,0.57049772428954926,0.04907882561822792,0.034160582699731178,-0.13428852315428605,0.99035329410198636,-4.5147367151718871,12.838788515935182,-1.7086294779337876,0.1513151638742203,0.0929228685405199,0.2857142857142857,1,5
0.50277587394135881,-0.85707969504683124,-0.11238690724873041,0.86395829051609263,0.50247807433843883,0.033043260396729085,0.028151249191013191,-0.1137109543868411,0.99311496113059339,3.4628858358159436,-12.971739293403006,-0.22782142131996982,0.1732554511372189,0.1211139157978047,0.5,1,5
0.75892184485645076,-0.63152163153555052,-0.15880195937820676,0.64908620733068434,0.75318892628431955,0.10674051140847009,0.052198935360301603,-0.18408386736851887,0.98152351012184136,-1.0681559759283037,-16.169225829935485,-0.45600612007470814,,0.08687971551669452,0.4375,0,5
-0.01145986654575213,0.99956835030623314,-0.02705151612811852,-0.99990276726496208,-0.011240350412845887,0.0082529109087665121,0.0079452800218212469,0.027143463092846914,0.9995999724573339,4.040301840062174,-4.080997707017711,-0.58370246481388299,0.1705335306765415,0.1459213730129939,0.4693877551020408,1,2
-0.73198337207115205,-0.66059419356090698,-0.1667802579592739,0.67415281960328022,-0.73766421432682361,-0.037006522702602955,-0.098581533931533308,-0.13952354043388576,0.98529937726180539,-0.017696372437769236,-10.989161977347981,-0.59246363294995197,0.7094671402952115,0.3364355707385923,0.2068965517241379,1,5
0.99205684253429982,0.1172418652590588,-0.045580327022225239,-0.10733610960836978,0.97792897553645175,0.17925924907899837,0.065591011236421165,-0.17294294965913778,0.98274541739363064,-8.5549847567601454,-15.806538685586252,-1.0153732195354712,,0.612857621851076,0.2647058823529412,0,3
-0.82232125830131597,-0.52364947199077483,-0.22266337514176987,0.55692416969195402,-0.82092358302008317,-0.12617424481405562,-0.11671853905301158,-0.22776237908235059,0.96669596115639145,11.60151435070852,-2.4367750824633365,0.019053772833932243,0.5231276529570082,0.319938768042336,0.1666666666666667,1,5
-0.32109924314438093,0.92765914162543506,0.19064048103922623,-0.94690357692153293,-0.31099358056930471,-0.081588043596414514,-0.016397928689704824,-0.20671601245052443,0.97826356271264781,6.7055060222482759,3.3159549246438442,-0.56830326717600854,,0.4972882825895165,0.2545454545454545,0,1
0.97082612204501284,0.2296071329856896,-0.069117329499443589,-0.22553753612755334,0.97226364627575523,0.061937241850812307,0.081421499326378127,-0.04454174011716739,0.99568397237013895,6.8516812821305075,-5.8209254973387301,-0.25318815235504394,,0.4149195009785043,0.4423076923076923,0,2
0.20136099778900302,-0.90070105257020205,-0.38495631241525019,0.97949666106209754,0.18769360537983995,0.07319427209638503,0.0063276802716226623,-0.39180189432728302,0.92002784526552961,-29.484239861006124,-4.2280147408464064,-2.9795867218138583,,0.6223937755173085,0.1111111111111111,0,1
0.057875973433947472,0.9879706337170574,0.14340292400014046,-0.99817505313231381,0.059746631937863816,-0.0087694513160345936,-0.017231802093103422,-0.14263368075177221,0.9896255342864928,-14.558225810314875,7.2713979945843201,-2.3026538786323827,0.9029618205404599,0.5523372055694126,0.3703703703703703,1,4
0.8371779933073431,0.54676263185909391,-0.013551085728023148,-0.53989140056594098,0.8301119193460077,0.13939683265639413,0.087465896878943322,-0.10938384598378799,0.99014387395012349,-13.516232379808626,-14.008400202495087,-1.4727634872365021,0.4633400163194625,0.3274899217132136,0.7388059701492538,1,3
0.77250835513562177,0.63432115554719981,-0.029453571445936341,-0.63068772220880431,0.77183016427733608,0.080691973372135295,0.073917780680468059,-0.043759217736203775,0.9963038153908621,11.008067233706713,-14.984534553562408,0.48708780505760468,0.3263439398642989,0.3409059345515345,0.8478260869565217,1,5
0.80186792494684489,-0.58595369821897847,-0.11690207220124232,0.59592550255073906,0.79849691023595015,0.08529642286339395,0.043366189031216432,-0.13806139173260637,0.9894738125699768,-2.24913582866178,-12.901312554600157,-0.69722907583059202,,0.1201036290695938,0.3333333333333333,0,5
0.90918832479167755,-0.39857583908846467,-0.12047360938159823,0.41445524619810525,0.89409198470721762,0.1697833083114389,0.040042963943387973,-0.20429592109789066,0.97808984130364696,1.3852655489076287,2.7389731291752017,-1.0581165821955518,0.5442050843319216,0.2303724646376473,0.2345679012345679,1,3
-0.79695076118795372,-0.56671462076810597,-0.20905507133193718,0.59221121356674944,-0.80122083948222367,-0.085621521273549314,-0.11897631179246318,-0.19204089404879579,0.97414831121611056,24.923798771903133,2.0548559164494904,1.2185376304846836,,0.2087450562395735,0.3571428571428572,0,3
-0.99224667030422575,-0.098767574702625996,-0.075442106661596564,0.10832607494843101,-0.98485154278798748,-0.13539904044855339,-0.060926240294682882,-0.14252159434795586,0.98791476777507103,-18.63991750240443,20.222308804402999,-2.7758151142147178,,0.4183573928723764,0.9423076923076923,0,5
-0.32755132814841775,-0.89627563951775302,-0.29899850406858253,0.94271506684139517,-0.33119977512958243,-0.039937597628521351,-0.063233141456290443,-0.29495200789477033,0.95341747564244472,7.0562901384787633,-16.719108096768853,0.20482946288089554,,0.3867867129998219,0.1111111111111111,0,4
-0.87325461739719767,-0.45912662253551378,-0.16318430584344237,0.47936829042633688,-0.86953963801148582,-0.11877230342375782,-0.087363695710549277,-0.18194384410027692,0.97942024803748517,-6.9789053417212967,-9.7267378381431122,-1.231717815106282,,0.0852778973171265,0.2758620689655172,0,3
-0.99640610557052711,0.030688365028203143,-0.078949965381066772,-0.025559595558716855,-0.99754664000679483,-0.065172141947525963,-0.080756299176291485,-0.062919990965109196,0.99474594489261425,13.305604606286225,-1.6821784734973138,0.16035785992164864,,0.5332708732311076,0.1515151515151515,0,1
0.015055597698567088,-0.98916246849064626,-0.14605115510474068,0.99976122380828358,0.012578651766442467,0.017868208894579702,-0.015837434997519759,-0.14628529813083979,0.989115659164018,-28.283069163822944,-4.9379280990122085,-2.8743838327348508,,0.1491210826306676,0.5833333333333334,0,5
0.51055608398739261,-0.85008151302053947,-0.12920490054239051,0.85942835261226369,0.50918904731909742,0.045928431460702399,0.026746809709364525,-0.13449139493283765,0.99055372032989231,-8.5912183246355678,-9.551217250581324,-1.3504128748928448,,0.0724530966962216,0.375,0,4
0.92951984499728946,0.36826284788300001,0.019373503176191936,-0.36015079491398433,0.89524231658339859,0.26235967586733933,0.079273341540777295,-0.25084590781492239,0.96477565674796495,-16.045462191285537,-13.395804955763259,-1.6854838236120393,,0.6470111849588125,0.2962962962962963,0,1
-0.70196837014776969,0.71220586636508565,0.0017919897439493558,-0.70954158767579856,-0.6991204375697605,-0.088211955713352594,-0.061572255688676449,-0.063193494027669925,0.99610011527054032,4.6587609988279342,1.8120387079076545,-0.73908055110618498,0.5219989959934765,0.442807984438649,0.3597560975609756,1,5
-0.96266378514821216,0.26295168942273173,-0.064302766611152667,-0.25992631706872227,-0.9642411610640792,-0.051742564730464215,-0.075609169147711028,-0.03309671191413855,0.99658811010430248,-19.371621584745576,16.57570926724291,-2.7600950001837168,,0.5433840772490104,0.6,0,1
-0.90385182126056607,0.41910269801239847,-0.086051227316563422,-0.40636292498377696,-0.90385659311436295,-0.13383733515849189,-0.13386955741537218,-0.086001090704861088,0.98726022607769792,2.7615969507097513,-9.2864563824945225,-0.40572746905743368,,0.194837688457957,0.2,0,5
-0.78938717085800991,0.61389009832636843,0.0026156570164858331,-0.6106894778541011,-0.78482241916756679,-0.10541409777754013,-0.062659844582248547,-0.084809890630805226,0.99442497269935781,8.8010955372123352,-16.690707715223635,0.34262500934681706,,0.3021582682922498,0.4375,0,5
0.98879689166416074,-0.10772117454092499,-0.10332887104201938,0.12684019735864341,0.97130461516096045,0.20119370989431903,0.078690986582422948,-0.21204596936169912,0.97408635936868715,-6.2773796254017791,-2.9608707216106018,-1.5825590964440217,,0.139618272238381,0.2680412371134021,0,2
-0.47210131994591842,0.88147441246403102,0.011099724163866603,-0.88099344362572918,-0.47132386484936284,-0.041283976455029729,-0.031159203998200755,-0.029269003991456273,0.99908579682204846,-9.055445050449082,4.525911432666164,-1.9753872593048654,0.7061354240706279,0.7548334413357362,0.7492973580663294,1,5
0.77348235887233119,-0.62417562170706808,-0.11013552460441946,0.63025476455290952,0.77583248757596235,0.02937486987293925,0.067111640358824221,-0.092134382769358328,0.99348240207869742,-11.993098627923654,-12.688921433216118,-1.4416857279191895,,0.09300163627516514,0.2857142857142857,0,2
0.40154010515934907,0.91475901137821236,-0.04451398713858138,-0.91429286288428169,0.40321266862364769,0.038575960652458503,0.053236311174633913,0.025209025442316586,0.9982636927229025,6.0709302831677698,-20.394503623608017,0.24786664264937108,0.4581070927424365,0.3443766235889409,0.8076923076923077,1,5
-0.78091716991401383,-0.60188243519344298,-0.16705061490188805,0.62116557170470543,-0.776439919268333,-0.10627504079204579,-0.065739685595948325,-0.18675809479697464,0.980203911319247,3.5679358465740441,3.0245813315762047,-0.85568373532290809,,0.1809415008366285,0.2553191489361702,0,5
0.98138640267321831,-0.16683245824273646,-0.09511918589226187,0.17720301539966959,0.97758945212311965,0.11365717940757035,0.074025806185312737,-0.12839701699925049,0.98895621037754233,-6.0141252354823687,-9.3487214607858231,-1.1630106188903921,,0.1289554235005951,0.2678571428571428,0,4
-0.27874973436486344,-0.95324126457649583,-0.11674620807598467,0.95953321885792486,-0.2814978091592244,0.0074152104964281297,-0.039932286431752693,-0.10995487686846776,0.99313409847470879,-8.2353907314376915,16.052523908266696,-2.0013480547573121,,0.1827366218121139,0.4666666666666667,0,2
-0.99287604279307173,-0.085273512569050913,-0.083220140000523815,0.086804820370369837,-0.99611311668071723,-0.014952656523033825,-0.081621607482569775,-0.022070043741776343,0.99641900140513051,-11.760582493233693,-4.1205961422554669,-1.9013525389918877,,0.06527666903746482,0.169811320754717,0,1
0.10527950900117874,0.99439735151630837,-0.0094938022848093263,-0.99418284222408759,0.10546542791129582,0.021852225120630325,0.022731062705165575,0.0071379838077420873,0.99971613369768864,-6.1695680582054289,-6.8133731432721492,-1.2945036061886845,,0.1006322132151625,0.3740458015267176,0,6
-0.95261586792802166,0.29456588798454203,-0.075854767863471798,-0.29492830612549614,-0.95549635248976239,-0.0066343518678043624,-0.074433207761646664,0.016051729334828117,0.99709680551472712,-30.871310445849833,-10.194885097077387,-2.8552730507932256,,0.3258167894865032,0.7142857142857143,1,1
0.05450541982029302,0.99851244017738927,0.0014373660669441477,-0.99849025640283495,0.054494279266010803,0.0068979269262354048,0.006809337619421086,-0.0018111704157319497,0.9999751759833394,-17.158052298284584,-1.5111752694685638,-2.2917223006067711,,0.07855541438631614,0.4067796610169492,0,5
0.12018683875594628,0.99272853836661668,-0.0067210789560760457,-0.99255269850667438,0.12029545289788138,0.019187097206529374,0.01985609420231969,0.0043649884965739176,0.99979331984088271,0.66604823717265171,-10.084743214089064,-0.55333146682202672,0.4609056796075369,0.4099793137937431,0.8983050847457628,1,5
0.98551114715447929,0.15387145063076424,-0.071353735116313516,-0.14542290385142995,0.98307419340908353,0.11143298115235016,0.087292370054217916,-0.099441977725035893,0.99120700925510696,13.383731588639163,-15.208694780402494,0.69698761470972137,0.355830101855468,0.2937380473212458,0.3333333333333333,1,5
0.69170789026815838,-0.70023678348801588,-0.1766596773209165,0.7182453588698442,0.69253323326903404,0.067240800708094864,0.075258215516323515,-0.17339598573293058,0.98197252157532555,3.345530838724049,-18.229060422567063,-0.030270171580096358,,0.06605851183605349,0.2727272727272727,0,2
0.64914085638534691,0.75982514958762504,-0.035803500184221189,-0.75820328513834179,0.65010634283869329,0.04989510403161139,0.061187637450097775,-0.0052426191013884684,0.99811251267992462,2.5436934824988833,4.6254801866493098,-1.0039812748540156,0.8210515735821271,0.7416918927156291,0.9893778452200304,1,5
0.2404725905201823,-0.92715554818635559,-0.28732476864303247,0.97020798327750513,0.23858163038211763,0.04213401035751662,0.029485630281706539,-0.28889685895050826,0.95690605729894995,-2.4292597559224323,-11.712513276754365,-0.78442299337825405,,0.4031240299691251,0.1666666666666667,0,4
0.43043610306997893,-0.8969926630078503,-0.1006425540415917,0.90230232947395139,0.43056385425680227,0.02157020244241593,0.023984732639955146,-0.10009460483768036,0.99468879690211509,-1.4602286428262483,-8.3832490846714514,-0.80978178859111971,0.4650729041962867,0.4205570054507712,0.9462102689486552,1,5
-0.85675235648047998,-0.50644025546026505,-0.097435452041268716,0.51031111251308015,-0.85979702103920153,-0.018211289294754032,-0.074551781405994791,-0.065324958947222997,0.99507521405556909,-3.314294703598188,8.560399587657562,-1.6065399904996449,,0.06801864152477859,0.2424242424242424,0,5
-0.97086449125385799,-0.22236893603021632,-0.089298353350873536,0.23505205516321495,-0.95621271848158518,-0.17437823366924515,-0.04661191892570947,-0.19028739659485183,0.98062124987745225,0.70859393115759395,-14.009685517234381,-0.42006514645618581,,0.2030677071883284,0.2083333333333333,0,2
0.97931951287158459,0.19306152137443799,-0.060502402213057811,-0.18516605758033872,0.97577758296748851,0.11649738064987204,0.081528049339585684,-0.10288516677691635,0.99134646800609971,-21.445543729377235,10.623818660521493,-2.798827284057567,,0.1667863048544297,0.3636363636363636,0,1
0.41605738072014459,0.90649961608669172,-0.071796253265559717,-0.9083142433400927,0.41803755060055525,0.014485911548873603,0.043145003115151424,0.059186589043192531,0.99731412121940033,-18.703582615805637,11.304217845441793,-2.6386476206730514,0.3041683148817198,0.2534744197042612,0.7446808510638298,1,1
0.88082204720268431,-0.43077084368377522,-0.19644083433349802,0.46043979416707059,0.87599665703610108,0.14361425002053627,0.1102166825351678,-0.21694777503709026,0.96994120739217915,-8.993367682490053,-22.683847315593187,-0.8013109978112738,,0.3518197717163613,0.3333333333333333,0,2
-0.88274401949127834,-0.46122069053141412,-0.08965751880409481,0.4641503739812296,-0.88564718398398423,-0.013910278010258924,-0.072989221022462136,-0.053893785606166852,0.99587551103919114,10.968587920361058,-8.4914520684874368,0.25244112526796086,,0.08142403590310944,0.4285714285714285,0,4
-0.10600626524965194,-0.9764635456208679,-0.18783401130078517,0.99434087565379869,-0.10542357485351987,-0.013118417173591119,-0.0069924768041467449,-0.1881616696849476,0.98211317643615581,14.069778301040206,-18.881198883898811,0.84885691948741304,,0.2851465351203183,0.2222222222222222,0,4
-0.70298067014439969,-0.69357485757946813,-0.15739153197345795,0.70824393274722042,-0.70287905353869939,-0.065966414358316974,-0.064874564584912198,-0.15784471175862455,0.98533057287377179,7.7183202566696023,-14.962231683353535,0.19784714169907183,,0.1150867873274868,0.3214285714285715,0,4
0.66786672300785976,-0.71670380172284776,-0.20072294561101067,0.74254813184155111,0.66001541499059702,0.11402597894082389,0.050757385643528413,-0.22520060517416046,0.97298940139748002,-17.987960094963245,11.798510756435345,-2.5936977636429117,,0.2626185707950839,0.6666666666666666,0,2
-0.054227382826760602,0.99701217588982272,0.055010108881921545,-0.99847807765754215,-0.054696542900759725,0.0070580898268589997,0.010045864276337996,-0.054543646029086394,0.99846085115481364,4.974533120750519,-21.241266739190074,0.19054358563767076,,0.3146802538683449,0.5925925925925926,0,5
0.52897277245023999,0.84836323785309342,-0.021624584752606556,-0.84394690245163895,0.52855320084941293,0.091570408506919429,0.089114711740490224,-0.030188251543540944,0.99556377878072355,5.4060667136309117,12.324378303756303,-0.82543714978252825,,0.157206496126035,0.5,0,4
0.9787265302920819,0.20345445840881551,-0.026470025613868364,-0.18828225295730472,0.9419206111248658,0.27809235077484884,0.081511791317236945,-0.26719252551621947,0.96018955534025685,-10.561048836905547,-8.0917652093639312,-1.5814108937374969,,0.3917540129731677,0.2325581395348837,0,1
0.8518324899363976,-0.505050969508959,-0.13894217245609189,0.51851953077411617,0.85063629342944935,0.086921760833513564,0.074289334998693446,-0.14608701002713698,0.98647842358907356,20.090439068288575,3.290505342686703,0.7360099979196455,,0.2272631923424022,0.1428571428571428,0,4
-0.84651560022736771,-0.52200809389093883,-0.10449348536654704,0.5269810507942837,-0.84949771288465759,-0.025389129711134238,-0.075513645624169151,-0.076558381096291345,0.99420144015609979,25.249741442807316,4.2472073123966636,1.1981024493462218,,0.1315716284522218,0.5,0,3
-0.49904031056044595,-0.85317907835116469,-0.15180325655133536,0.86528388886138019,-0.50016237105080363,-0.033487225351826896,-0.047355676667739925,-0.14806438750994466,0.98784329579070629,-23.949722858469347,-4.5397885801396773,-2.6209596362834011,,0.2312692398776801,0.6440677966101694,0,4
0.99865544015653895,0.046835161489640766,-0.022221149699982512,-0.041388576535304679,0.97846460005143876,0.2022226796839546,0.031213740213742437,-0.20103107743435425,0.97908743650781871,-22.2598973734612,-1.168043378579658,-2.6103547489398915,,0.3612581912009341,0.7631578947368421,0,2
0.97102548368621155,0.23591305973488094,-0.038138409490790427,-0.22672383464992649,0.95987874635391046,0.16501240892635824,0.075536830973992511,-0.15158436774474265,0.98555383750550873,12.187064177605086,-14.864149104754912,0.58265477098969509,,0.3419949645723202,0.2777777777777778,0,4
-0.74899181907147139,-0.6236964233988328,-0.2236381595423971,0.65954685832759574,-0.73406639597026524,-0.16169251057925563,-0.063318217238050936,-0.26860621315734362,0.96116674183986683,5.72288828940495,18.853789712271997,-0.89173236251006627,,0.7832684722547989,0.3225806451612903,0,3
0.8663552709398199,-0.4458427866600948,-0.22506166732243307,0.49373122807128766,0.83245024823842673,0.25150757172498978,0.075219804187530451,-0.32901488384409611,0.94132416694093568,0.027614252858236408,-2.0135108775432147,-1.1031012400603464,,0.2509109032178706,0.1834319526627219,0,3
