axis_00,axis_01,axis_02,axis_10,axis_11,axis_12,axis_20,axis_21,axis_22,location_x,location_y,location_z,dbh,dbh_approximation,score,reconstructed,number_clusters
-0.42971096169388018,0.90108807978011485,0.058213073087629172,-0.90152816587996543,-0.42449664623006483,-0.083961678547608928,-0.050945613405135939,-0.088559978645052162,0.99476714594781512,4.6836614614202796,20.764681849448362,-8.8127454733298212,,0.5840331641584273,0.5365853658536586,0,5
0.69565535780429932,-0.68993429229656678,-0.20013569264728331,0.71593732928518117,0.68878036877769366,0.11408481109449282,0.059138512782908555,-0.22264832337051119,0.97310346849968921,-25.098592598724991,1.8436203961978312,-12.837229266184478,,0.4089627857664705,0.28,0,1
-0.66627940324404333,0.74327532197477097,0.060112831875253736,-0.74357152828739059,-0.65612398913004011,-0.12885143851908484,-0.056330623404290292,-0.13054924983079769,0.9898402670307469,-0.35041841341999408,12.807372404993066,-9.5090874652555293,,0.2722625659329894,0.3333333333333333,0,1
0.8778303864378223,0.47390832888724554,-0.069460121348317069,-0.47143224864603861,0.8805084068554252,0.049563902121015038,0.084648966815692367,-0.010762958153793195,0.99635270419104915,-19.053154135154593,9.9779806786187422,-11.776947619771805,,0.1561907380570004,0.5357142857142857,1,5
0.78610009638389922,-0.59288922089660434,-0.17472552821452131,0.61436949076050895,0.78049542596399335,0.11565906307747127,0.067799463772943352,-0.1982656344248879,0.97780057829712863,6.6960241499731294,-29.096295636002907,-9.2738782275602905,,0.4427222156339251,0.2413793103448276,0,2
0.90800017626593366,-0.39087590070031375,-0.15083670028461751,0.41134154993197891,0.90007808779838594,0.14372739879632448,0.079585232302170322,-0.19254990552300671,0.97805456119916434,6.1908248756081061,-25.125129128651448,-9.3648201859771945,,0.1135058797693556,0.2105263157894737,1,5
0.87023252762223091,0.49264072163798345,0.00068355850441480421,-0.4862294731191501,0.85868249549157205,0.16200392404703914,0.079222770328333081,-0.14131345059962255,0.98678987699567078,1.1057327761344915,11.316788620378105,-9.3386770237495487,,0.1369229540097479,0.2105263157894737,1,5
-0.41782751460879702,0.90666290611263334,0.058159631319585639,-0.90696170134804044,-0.41249701809437556,-0.085244837680156102,-0.053297657769392687,-0.088366196832516175,0.99466113573098536,-19.369329160597882,13.311351460871066,-11.728170195914972,,0.1904623933940466,0.24,1,3
-0.12414715477211682,0.99041077618419593,0.060613351501190162,-0.99225095948403386,-0.12422468519921047,-0.0025021970688316364,0.0050514715679970765,-0.060454296831373475,0.99815818417203894,10.466298340687592,12.93382976704261,-8.2192919141084442,,0.1821709106726774,0.3529411764705883,0,4
-0.7402564617165921,0.66903909339516654,-0.066385709273949073,-0.66924826403253068,-0.7427033395097663,-0.022327350279070016,-0.064242758162111793,0.027900555371067365,0.99754419803520988,-5.1592130053011944,6.2937108543345399,-10.265884372253661,,0.08851694932346543,0.3962264150943396,0,2
0.9955793675612209,0.016493113355602322,-0.092464588347323046,-0.006667750727535302,0.99438859821879488,0.10557867603212391,0.093687053463304706,-0.10449542068578879,0.99010274369333251,7.529300044944562,-31.566122962020906,-9.0925568996704502,,0.2670970285886157,0.7777777777777778,0,5
0.57782048566957123,0.81592622907722101,0.019694543518642353,-0.81506811015285485,0.57562668296105657,0.06571071202707443,0.042278388716161769,-0.054021389903240388,0.99764433907103756,13.050059706243896,-22.572539743216474,-8.3607126884873288,,0.2949325045134256,0.5,0,5
0.99464457304739073,0.079875545303245407,-0.06559017129023513,-0.070888760728067088,0.98904698327247897,0.12946369561404653,0.075212744331077594,-0.1241207562904643,0.98941249281989063,2.4653602858651014,-26.60716452463274,-9.8928996356122756,,0.3376722778713509,0.7580645161290323,1,5
-0.60117245934502184,0.79804665108796757,-0.041391023330402357,-0.79745858203301379,-0.60245537139589889,-0.033276649743092447,-0.051492563219876081,0.013002621409140278,0.99858872804049681,-8.845317579136049,10.385817962031039,-10.513536401742259,,0.07333577325174856,0.3333333333333333,0,5
-0.53381650491743216,0.84262449485488811,0.070879473391676814,-0.84446539635143636,-0.52688253789278339,-0.096296342758540973,-0.043796500348178044,-0.11125983971857883,0.99282582290301435,7.0554602385669236,10.646573109447688,-8.6527676772703881,,0.6901853454490381,0.2857142857142857,0,1
-0.98684810709674309,-0.12918644183865102,-0.097168290942287627,0.13433676462966951,-0.98975068677756772,-0.048448030838897697,-0.089913553974965213,-0.060864121355712134,0.99408808037476692,-14.432374393130901,15.77061875905536,-11.041011591478478,,0.3323652640537132,0.875,1,5
0.98643978979955704,-0.11856663942323971,-0.11348344864378089,0.14395657847436358,0.95714170792056263,0.25130908155668213,0.078822868598907234,-0.26423796656572296,0.96123111290212182,14.53672549298644,13.256744891054556,-7.7704103181311792,,0.4260822835090216,0.125,0,2
-0.020569363649237091,-0.98393081037448371,-0.17736138721513334,0.99929995027906737,-0.025777965293934651,0.027112836029405042,-0.031249170410078821,-0.17667953164165823,0.98377224622753279,0.065284871514830672,-32.499973186944928,-10.295689317517201,,0.2653566607734953,0.4545454545454545,1,4
-0.90633306617042275,0.41906195452189759,-0.054290435975487723,-0.41570791943847896,-0.90728815656834583,-0.063365027159663148,-0.075810941705353616,-0.034860855168811627,0.99651263007281932,-8.4092235518903582,7.6394801689490119,-10.560868252554242,,0.1103833497300507,0.2191780821917808,0,4
0.87314885677829224,0.48588804966812449,-0.039036868425458345,-0.47907311575387951,0.87016708644180207,0.11531778455751758,0.090000131492294314,-0.081988077566743423,0.99256129859484166,11.072018074501418,-30.073995620177339,-8.5952776681655436,,0.4741787322376533,0.3333333333333333,1,4
0.99436833909114108,-0.053032764195462226,-0.091755828887949503,0.074666035488741428,0.96499375042334856,0.25142005645587395,0.075210300873751246,-0.25685518792827478,0.96351897909528017,-2.2877366932773304,-29.825144605174881,-10.524228610113477,,0.4187286929699465,0.3529411764705883,0,4
0.39181800560572733,-0.88976889329210895,-0.234072567835029,0.92003284412135655,0.38010144514648087,0.095196938687767282,0.0042680465222307605,-0.25265432497246287,0.96754719567140068,-23.790793343140699,12.833901777552242,-12.21218054174779,,0.3192439779987587,0.8961038961038961,0,4
0.84554921163396102,-0.51670715549097912,-0.13438841531027809,0.52925637377366541,0.84432809510525608,0.0836526068684003,0.070244014158764898,-0.1418583211530087,0.98739151059471464,-10.698989370778795,11.80694754786203,-10.854965771609617,,0.07274635526268684,0.4347826086956522,0,5
0.06164664766028162,0.99761061732898404,-0.031188892649987761,-0.99794701287207965,0.062150796789922143,0.015460852436742211,0.017362325073042813,0.030171752532147808,0.99939392384444503,-16.356024416140698,11.366997665896422,-11.486599719944559,,0.1165514506400255,0.3658536585365854,0,3
-0.97381515201577862,0.22644029834719376,-0.020219816738052499,-0.21002035887840992,-0.93010662561062041,-0.30131895700703842,-0.087037340039034183,-0.28918239275526353,0.95330899773330069,-22.67666815772975,-2.0817269769236004,-12.755576184524216,,0.2870130896556556,0.25,0,1
-0.96264261663826334,0.2610552244909371,-0.071898278128370616,-0.2568305181813898,-0.96440361201019154,-0.062958383654402317,-0.085774574102800524,-0.042140751152330361,0.99542296514084949,-17.621873455135916,2.6980092009995382,-11.756129572867758,,0.07444225528039669,0.3076923076923077,0,1
0.55878129534103926,-0.78946971596604665,-0.25397053283694221,0.82815313937240953,0.54739397697465952,0.12050813963997878,0.043884413230816516,-0.27766418844416341,0.95967533923250914,23.35990126478163,-14.655202127767081,-7.0470181341321219,,0.4523810813837944,0.25,0,2
0.97910048074410583,-0.17990293569791685,-0.094853478238456287,0.19115301261605469,0.97329061101403558,0.12714524088510995,0.069446197696263562,-0.14261949459732848,0.98733829328469525,3.6390950027965987,-27.136743474191249,-9.7236315341839443,,0.1047932834840802,0.3571428571428572,1,4
0.51647340836116074,-0.80104075428601862,-0.30263662770506233,0.85513564688666188,0.50093320959998611,0.1334501590242099,0.04470172121447067,-0.32771882688173887,0.9437171857223543,2.9711723397828798,-34.653061821469677,-9.6513405090666939,,0.633745065842065,0.21875,0,3
-0.64827213813730888,-0.72935210531416061,-0.21860636172967132,0.75746189195513625,-0.64695507487732262,-0.087753138554831953,-0.077425558768586727,-0.22247390310838613,0.97185937526223032,0.93579083524480011,16.842545987756601,-9.284321444122078,,0.3372220646349966,0.5675675675675675,0,5
0.95717311727152676,0.2842214901672962,-0.055115951409652746,-0.27684350145832032,0.95424444117295004,0.1130275284646286,0.084718942822762752,-0.092928418783529781,0.9920619989241537,4.3755695521505,13.231975013085593,-8.9298216198406504,,0.2832153863581655,0.2272727272727273,0,5
0.13761884906423444,-0.98249165110199665,-0.12558346984021815,0.99044663401297828,0.13762262612493267,0.0086878047192153474,0.008747431314258482,-0.12557933067726765,0.99204501619233609,-3.7101635919201965,13.313054534096386,-9.9225029260482458,,0.08490064379080411,0.3181818181818182,0,5
-0.81066375884296571,-0.53766212009981451,-0.23182690678255446,0.56953695047639219,-0.81596052885298509,-0.099177000337824145,-0.1358378891938703,-0.21243318941194142,0.96768807365577492,-20.804268273073777,-0.46660726186817586,-12.414763938395097,,0.4804473600862616,0.9105691056910569,0,2
-0.1249934593051949,0.99214743876751643,0.0044827310849038645,-0.99205088404864605,-0.12491248854933892,-0.015228711787693966,-0.014549178300576424,-0.0063505867028368686,0.99987398779011605,-16.77271743848361,8.3794492235531823,-11.494903304746577,,0.1453797193994712,0.2105263157894737,1,4
0.43679860314412483,0.89771054113027848,0.057643426641077536,-0.89846448851023419,0.43220981294492722,0.077176683526537948,0.04436826768520389,-0.085501239392740763,0.99534968472638818,-25.251934439372377,5.1897185717643008,-12.727990409712859,,0.09498545611734741,0.16,0,1
0.30441921347801187,0.94325484993848052,0.13266209154450007,-0.95158545488983348,0.2949234563612127,0.086633001391285422,0.042591836160645609,-0.15261206687378445,0.9873679620774487,-7.5080938949722702,10.752694693273998,-10.41247323107125,,0.5355249631636652,0.1511627906976744,1,5
-0.99612410166776866,-0.021404407120212521,-0.085314860560249006,0.029821734601904602,-0.99467595515131091,-0.098642832426700536,-0.082749249071614558,-0.10080473996623746,0.99145900882407867,15.890477291225427,-27.582327835505225,-7.9502805891397781,,0.1782474098329029,0.25,0,4
-0.23648288020664324,0.96903740444084185,0.071009549806548833,-0.97117093451024206,-0.23347763217842998,-0.048116641974045929,-0.030047684298049385,-0.08034117292467173,0.99631442456757313,9.4711742993905581,-31.980033789719588,-8.7166238902742865,,0.5876096712873041,0.3076923076923077,0,3
0.47571223385677613,0.87054404913525496,0.12590047289105005,-0.87797672134808358,0.46125020440653602,0.12808249570412578,0.053429835577742162,-0.17146809455441805,0.98373977515398425,-1.492546774303779,13.199732875179743,-9.6770149722127545,,0.3445561454452811,0.1666666666666667,1,4
-0.24532975609918725,0.96915461167168326,-0.0235084973535611,-0.96940888968719896,-0.24544311905771773,-0.0020198768900709665,-0.0077275719178394797,0.022293810412938649,0.99972159657052861,10.18367008760308,17.213761089137805,-8.200159197416788,,0.167207878926932,0.4242424242424243,0,3
-0.51086806618573688,0.85292726737169411,0.10737269450610651,-0.85864993030474623,-0.50022214779937224,-0.11179490166657272,-0.041642720123706664,-0.14930800187812759,0.98791345999326319,-22.590422492304796,3.60590875473163,-12.517930521705251,,0.2727383337244331,0.2727272727272727,0,1
-0.59765455279664703,0.80003758785762658,0.052429891630550535,-0.80015424912042876,-0.59105691680631711,-0.10200440534571945,-0.050618308307998426,-0.10291539782929242,0.99340133267158226,10.959942300937449,10.166857866891403,-8.0749299985569145,,0.1532979501281999,0.4074074074074074,0,4
-0.40794412181894696,-0.86729489827536377,-0.28527382091404041,0.91154115183884965,-0.40459509859691173,-0.073454303452281086,-0.051713847059300024,-0.29000407862111716,0.95562718274724967,-12.756593068285357,14.998822842627549,-10.973979423905895,,0.2886628117232475,0.1785714285714286,0,3
-0.87922506918347132,0.47403619141116971,-0.047465429016424886,-0.46765243008358764,-0.8777866262934465,-0.10388379727986712,-0.090909198413776884,-0.06913991562594167,0.9934561840921835,-10.209372651789341,22.844942605829356,-10.564219904062602,,0.2519452759258465,0.5348837209302325,1,5
0.20947719383595373,-0.97190326941509719,-0.107346821857284,0.97761863692103534,0.21036133195800577,0.0031481361963144757,0.019521936565594991,-0.10560371639814053,0.99421665097484158,-7.6175767039366029,-8.5027674299818852,-11.088005791324148,,0.3942875789487267,0.9799691833590138,1,5
0.99104818122606086,-0.077104311809802845,-0.10898819931007742,0.091892514270738843,0.98617102270298229,0.13792200622799727,0.096846622602538471,-0.14670255308374952,0.98442830750095289,0.82391874169972712,-23.884674490310211,-10.132124655126052,,0.0972050483488584,0.4375,1,5
0.99578560324079923,-0.026138104754095125,-0.087908087558660766,0.031395043263504958,0.99776657836451754,0.058959361913485171,0.08617066575604411,-0.061470761981828562,0.99438220105980024,-7.9331847281400858,12.813349873738874,-10.347921357135544,,0.1236771512660552,0.4166666666666667,0,5
-0.92122191085272054,0.38840821269158204,-0.022119025263177362,-0.38365267380083773,-0.91642829424994998,-0.11388506216179041,-0.064504394038935944,-0.096427391398179213,0.9932476737137681,2.5846839160715684,13.721492635963314,-9.1439780467628164,,0.1172606520375619,0.2,0,2
0.99336104199705422,-0.046769036925119106,-0.10510231884989053,0.072216658583294138,0.96469626830536359,0.25327033805949312,0.089546604991988063,-0.25917902519841918,0.96166919386637639,2.8589877284638909,9.0920324363248959,-9.1573231783473812,,0.7794747804250736,0.4466019417475728,0,1
-0.32631034858349789,0.94510335803756318,-0.017355086673267687,-0.94494589762467396,-0.32662130194782879,-0.019894111596225311,-0.024470532679406708,0.0099079634651017129,0.99965145190229121,-23.093723058610582,0.84589697900333205,-12.680869844441188,,0.1303939959868826,0.4117647058823529,0,1
0.6741548304869418,-0.72188788353846733,-0.15618305968150031,0.73638093693576445,0.67328183563056909,0.066593434567806947,0.057082223579047721,-0.15990451341436077,0.98548067781209581,-21.016828993542415,6.7290057389551858,-12.180948880814107,,0.232652277329709,0.4666666666666667,0,1
-0.98143902606062483,0.18768646026327254,-0.039385666923579386,-0.17001561026513512,-0.94655447565901851,-0.27409727630177927,-0.088725026860214565,-0.26231358570177643,0.96089513078427591,18.385414524235049,12.880078629927359,-7.186626246779575,,0.2636969067325696,0.1363636363636364,0,4
-0.63339902242877522,0.77381195764500943,-0.0045533055980996016,-0.7713517697378105,-0.63183349351313489,-0.076176661762866651,-0.061823342748665772,-0.044738022761235924,0.99708394010273549,3.757660191511607,-29.55489378561461,-9.5997525696192376,,0.2693521932736572,0.2727272727272727,1,4
0.72927685027887035,0.68409754535908651,0.012877269935940973,-0.68173838275979137,0.72490339386169478,0.098731185751317077,0.058206985142631229,-0.080781297349508285,0.99503081805496651,-1.2417683067894847,-25.217878651239154,-10.418196234797813,,0.3439527532207493,0.76,0,4
-0.17788236356976009,0.98333819190591354,-0.03746818744008449,-0.98399223975347805,-0.17816139221672353,-0.0042178701180891238,-0.010822977213778352,0.036118120972835926,0.99928891943302467,-9.1095323073609933,-29.44871496610844,-11.882621934885128,,0.4082844055908204,0.5217391304347826,0,1
-0.54874512650182561,-0.77130780778129726,-0.32243301908474647,0.83423355879062333,-0.53021075340636137,-0.15142960859683235,-0.054158614532008466,-0.35208070470826386,0.93440142435898776,-27.480773527516575,12.705406247383292,-12.705910885087626,,0.3925852561792774,0.2307692307692308,0,1
-0.28854580439035876,-0.88216799807906565,-0.37218401622570429,0.95412109401211487,-0.29738917770107981,-0.034822621202341045,-0.079964096504912707,-0.36515654198090186,0.9275054949264202,5.534796763495522,11.306975607209987,-8.8227175038789483,,0.3572777978659192,0.1578947368421053,0,2
0.87271224997554231,-0.46717524370564262,-0.14184717272896055,0.48120988349742916,0.87216052628822904,0.088164984030108584,0.082525006919217561,-0.14520092304531665,0.98595451983332894,10.949029943137413,-22.835204708328906,-8.5515695175929167,,0.1026625662966005,0.1666666666666667,0,5
0.57106383336103794,-0.79578688742749881,-0.20151756257321787,0.81976113161613728,0.56577644837421326,0.088818340203427187,0.043333420340741453,-0.21591720696488062,0.97544962679682123,15.130547054744595,-19.749533714017012,-8.0083395221091109,,0.2953392445300305,0.2857142857142857,1,4
0.83013591207709558,-0.51347110394417683,-0.21730575899933677,0.55286807698075879,0.80851810716316386,0.20158214168148114,0.072189036117176808,-0.28748199213801806,0.95506169814354402,0.8016006990801785,-25.259050512012021,-10.116374896605759,,0.7769897673041437,0.3076923076923077,0,1
-0.3218140824725827,-0.91583332342279966,-0.24017705975109546,0.94680106699877797,-0.31079044488445107,-0.083528671116581049,0.0018536052187060489,-0.25428059909650286,0.96712870967147802,1.0506293166473768,13.590580844552623,-9.3360037608166291,,0.7832825907958491,0.8301886792452831,0,4
-0.77155254603789991,0.63280560627223126,0.065297269260425408,-0.63125717364336453,-0.74883006895002802,-0.2019106449895279,-0.078873629472882512,-0.19700404185379064,0.97722482472921457,11.898623661260723,9.9156214363048782,-8.0044502502241084,,0.2934907327864453,0.5,0,4
0.69241738029531319,-0.64720646530674719,-0.31887609306770276,0.71909484023131209,0.65508909757522871,0.23186393637384911,0.058828413353408611,-0.38984877260704448,0.91899790656948799,19.44674446860299,10.750495950478983,-7.1883788469707133,,0.404913603566871,0.4909090909090909,0,1
-0.17535264989899055,-0.92805681613853996,-0.32857570541992337,0.9845056207804731,-0.16517578079156164,-0.058869721347693228,0.00036169746902922986,-0.33380759047495628,0.94264116275295684,13.984858914494122,-19.289909761028472,-8.219430594164411,,0.4675532972738118,0.1944444444444444,0,4
-0.82933789220563392,-0.5026347216730479,-0.24404302309341727,0.55326867247671918,-0.79974981135465784,-0.23301076218500727,-0.078054062083695072,-0.32826601378584241,0.94135486804147761,-19.788662296071433,2.7922257484573456,-12.192040740246066,,0.1739834449611558,0.3703703703703703,0,1
0.79277044544378039,-0.55042834575255861,-0.26180843573684259,0.60565637706330577,0.75966262725891087,0.23683970458654152,0.068522797326300816,-0.34632546677683312,0.93560851712048232,-2.1245678832255401,18.772063498652688,-9.651959128143881,,0.284312078821825,0.3809523809523809,0,1
0.84387703573620876,0.53565598812643567,-0.030728015577992686,-0.53047342489518923,0.8415568725376299,0.1018821660775401,0.080433165031829471,-0.069675624640008149,0.99432178558753659,-4.3809628717933062,15.395836176911974,-9.9867353053988133,,0.09988353441716855,0.1470588235294118,0,5
-0.11846575713235626,0.99295612317004056,0.0020004614923407531,-0.99284765478543313,-0.11842228257860657,-0.015155770384220562,-0.014812115788237348,-0.0037815933146498853,0.99988314356122632,-11.490160083536486,8.0108606327165521,-11.030445909419894,,0.3812109735169642,0.8648648648648649,1,6
-0.59390539621835559,0.80249339557368304,0.057277660595898346,-0.80280703374544027,-0.58646271583688647,-0.10752836603460182,-0.05269959118974351,-0.10984458563736375,0.99255071411721318,4.2391026335452793,12.047427802876152,-8.9629811400257395,,0.4412250703146757,0.65,1,5
0.98902284430500809,0.12275618252710685,-0.082247997508785628,-0.11243654999853879,0.9863701312157358,0.12013320302846993,0.095874061493501153,-0.10956680107051191,0.98934487436682894,-2.5371728182887652,10.132553549598111,-9.8550142499253646,,0.3177160283602024,0.4819277108433735,0,2
0.81406321653300406,-0.55128832677415796,-0.18270812858351157,0.57718387703944019,0.80288725691546636,0.14910004952540537,0.064496911349769148,-0.22683305192433345,0.971795716692059,-4.7713498494541389,-28.166050176406308,-11.042382238388019,,0.2169259417482499,0.3548387096774194,1,4
0.14893093062599885,-0.94471202410711697,-0.29212800175660669,0.98882377652875619,0.14433091951712437,0.037364751340656546,0.0068641732409404086,-0.29442788111654006,0.95564904957151631,8.5225119851734341,12.089486600542029,-8.4445804698456719,,0.3182711190438394,0.1818181818181818,0,2
-0.67318724818607767,-0.72692610735827556,-0.13563688038510305,0.73522341207502762,-0.67759779538134801,-0.017543147696244064,-0.07915467905570743,-0.11153323332210424,0.99060328822809096,7.7573878395791622,-26.045165978609024,-9.1382578562713803,,0.1457216008697194,0.5454545454545454,0,4
-0.76079988089292083,-0.62641906160677074,-0.16965465065541652,0.64365288540082832,-0.76175522034654841,-0.073755999010050116,-0.083033152105087951,-0.1653122606780128,0.98273971738249144,7.0783927040821304,16.006179766742456,-8.5576308205212221,,0.2468524535042524,0.2105263157894737,0,2
-0.64683249555423272,0.76258833152571004,0.0081706374242375406,-0.76076498974739182,-0.64446262228321194,-0.076841127363529729,-0.053332476688559255,-0.055919273070032208,0.99700987047751166,-18.568252146182004,7.888260852338747,-11.771318320606504,,0.1333010338043958,0.25,0,2
0.62552418806676791,0.77736083234269981,-0.066555439168218711,-0.77838052325058571,0.62761689770884932,0.014859028718690716,0.053322145188973005,0.042510775690210841,0.99767208178973377,-6.2088183937356982,-13.120685193525373,-11.087550715073572,,0.3650645845607405,0.9684542586750788,1,4
-0.92683636713333162,0.37389224516404601,-0.034335660256917519,-0.37172545936332124,-0.9266345130464948,-0.056290870416204564,-0.052863327744451752,-0.039408986757782531,0.9978238323183648,-15.505247576413939,5.937299939711405,-11.426303428241273,,0.1491211566132665,0.2950819672131147,0,3
0.99535192805194184,0.040855403304368716,-0.087208803134312202,-0.033488669573333719,0.99587539852563722,0.0843249644032594,0.09029423200564872,-0.08101250910964472,0.99261469112353429,-25.140887195221961,4.2313155884285401,-12.724363237128209,,0.07701328394041385,0.3125,0,1
0.46676734181049073,0.88435773527206474,0.0062964024359128019,-0.8827456781873374,0.46546022536769149,0.064084680246039735,0.053743057791196411,-0.035470757887649453,0.99792460089634505,4.492087923803961,-37.959226972485979,-9.4701502158794444,,0.2725334970862852,0.4666666666666667,0,5
0.92421511438384718,0.38183153506412792,0.0055768427469997774,-0.37213815302055098,0.8972840414954294,0.23747535439300263,0.085671567108965535,-0.22155366778322805,0.97137755526926484,-26.350923486064133,-0.51341645689844595,-13.045577828591302,,0.7046187647092412,0.1764705882352941,0,1
0.96993619673552955,-0.21188576039789048,-0.11970045448043853,0.22272933442653794,0.97109622497661996,0.085812385015618844,0.098058237023348677,-0.10989334091183647,0.989094553505936,10.950321381164642,-20.850897343383075,-8.5911552612365671,,0.2939779856377627,0.5,1,5
-0.84244651792821623,0.53874049361064769,0.0065226509011366051,-0.53341477197075593,-0.83229201575917089,-0.15085980759274875,-0.07584553694192446,-0.1305705979449065,0.98853364812650624,-1.30506802214101,6.2599504021806229,-9.7543108868967945,,0.1448441006537826,0.125,1,4
-0.094783649292327535,0.99389100762210225,0.05653958608578314,-0.99549745708299209,-0.094683911412984961,-0.0044463311656239325,0.00093422059784960656,-0.056706453666762018,0.99839045735844956,-15.875486923058062,9.2602560021218103,-11.354735739413995,,0.2753838039567476,0.3928571428571428,0,2
0.10190988660031861,0.97566915464227921,0.19412386688074301,-0.99469527982603467,0.097196850764280848,0.033675992833388825,0.013988398940499214,-0.19652601069865619,0.98039882283382751,-2.1081096302636522,23.817219459121194,-9.6066526482734407,,0.4381370746672796,0.2647058823529412,0,2
0.74470819944679623,-0.64682715979294114,-0.16439076321651194,0.6644127496884632,0.74178418165867721,0.091169764134724551,0.062971388170549508,-0.17711818990482758,0.98217297411235582,-15.448354021880334,4.5309952415877426,-11.443358229342284,,0.2932708821331516,0.3061224489795918,1,3
-0.30660077610496034,0.95106948198655805,-0.038246627637700675,-0.95156866050471833,-0.30722260093801584,-0.011461143840704506,-0.022650572555514451,0.032880296633418987,0.99920260090544522,-23.206107010304031,2.2610031332426939,-12.621250921697749,,0.07675072470002621,0.34375,0,1
0.40208484013238854,0.91472262177811281,-0.040128624983751061,-0.91494412381562307,0.40307132227856129,0.02026720138236027,0.034713565517998632,0.028566315197926608,0.99898895589743109,-3.9739137776121805,24.464082278713356,-9.8447688399607269,,0.3080300863233559,0.7931034482758621,1,5
-0.48117972316788143,-0.86687277118731643,-0.13037512257368797,0.87510890372340122,-0.48374146567815146,-0.013364168794981141,-0.051482818843844112,-0.12052299762940198,0.99137466500123728,-0.60164450611133224,10.237987402535666,-9.5976539736239772,,0.1492197577730109,0.3846153846153846,1,5
0.95802926491320539,0.27898164172586615,-0.065948245994898888,-0.27554965424401356,0.9596199573078239,0.056585559841134066,0.079071585388607576,-0.03603860591741033,0.99621729721364571,2.5107703693291827,-24.625209653153107,-9.8940595807167409,,0.1604260825323999,0.4516129032258064,1,5
0.63612495673214731,-0.73262181275960736,-0.2420956812736475,0.77092907496614949,0.61643226849464972,0.16024861849756503,0.031833956624363308,-0.28857674512574261,0.95692740653524555,-5.7521774801853587,-31.401982326149742,-11.219075946638673,,0.388701310093824,0.3076923076923077,0,3
-0.42812931631928175,0.9037172197623039,0.00068935700317784864,-0.90300462067904841,-0.42776118693185833,-0.040037757016808555,-0.03588793028684973,-0.017763830097730797,0.99919792974164368,8.9159474160777368,9.5368198152004169,-8.4172286027369037,,0.1468330799519001,0.3076923076923077,0,5
-0.44064382491610021,0.89522027358664324,0.066435542616625487,-0.89573185687211565,-0.43360513488202768,-0.098239643669806878,-0.059139328265896206,-0.10279712429535487,0.99294274310700525,7.4922602784004502,14.590343955862663,-8.5423762438166797,,0.4838289198994863,0.2,0,3
0.84683905231310075,-0.48903981943771169,-0.20905423813398455,0.52669822346694761,0.82570775514660999,0.20197941599952243,0.0738417285429563,-0.28115255306519477,0.95681797695837201,20.43532209367066,10.626703851505578,-7.0012495582166556,,0.6933015708005934,0.2727272727272727,0,1
0.90355380461729162,0.42285315111065191,-0.069179005177925287,-0.41891582441316438,0.90571963421182644,0.064664335297226233,0.090000301209796518,-0.029447526194663863,0.99550629781190147,16.55936311485851,-18.435924292671384,-7.7562381118516219,,0.2989691946275901,0.5675675675675675,1,5
0.18912393794215229,0.98069644762000141,0.049665015078641288,-0.981819664368897,0.18802202351891123,0.026035847026724488,0.016195146056703125,-0.053686090352741411,0.99842652255778841,-3.2373045800580709,-26.462201095277418,-10.815076914352318,,0.6850250493539932,0.7972972972972973,1,3
-0.50140139477487244,0.86328499998187924,0.057755087430461996,-0.86421194190717565,-0.4964901794946901,-0.081456866686359777,-0.041645657430776445,-0.090755222833829835,0.99500207474433966,-3.5002243122692445,5.0212589030948518,-10.094594309245075,,0.1701259961478222,0.2110091743119266,0,2
-0.09380643485191735,0.98834129949785765,0.11992426146222276,-0.99555745418300268,-0.092139575535427398,-0.019381796635248656,-0.0081060595255560489,-0.12120962967948488,0.99259383308175486,-18.154757856256801,17.095162960319868,-11.497435883728903,,0.254406180784543,0.2857142857142857,0,2
-0.85601110769846289,0.51551817005985701,-0.038548668394474281,-0.51420365831503623,-0.85676718701003896,-0.039301209120564819,-0.053287721590289876,-0.01382040524157172,0.99848355776481079,-15.314099444681572,20.233242462737046,-11.144340393882562,,0.4355981548050089,0.4722222222222222,0,4
-0.79459073004149972,-0.56981435592064378,-0.2096119546181934,0.60690273979231801,-0.75519680434238001,-0.24768296498474818,-0.017164969114320004,-0.32402065751707865,0.94589427386865232,3.5940002168535456,15.409614884851424,-8.9773296614139628,,0.4392195044287849,0.2857142857142857,0,2
0.047723474523702958,0.9979253609355706,-0.043213932718475401,-0.99875196702443469,0.048311608990376745,0.012668733227258163,0.014730184798839495,0.04255540433802027,0.99898551501882116,10.095589314082577,12.025969701744557,-8.2645748692586096,,0.1606824619985465,0.3043478260869565,0,4
-0.98748829074333333,-0.11862734317697723,-0.10389624197044758,0.12941935045930936,-0.98610486747424297,-0.10415287835819061,-0.090097210675473077,-0.11629593197690653,0.98911968377649928,13.600851892790432,6.9027201449971223,-7.9421183205555685,,0.6211589198152012,0.2857142857142857,0,1
0.081925186953198545,0.99505791972561197,-0.056107041750758049,-0.9965630744166909,0.082481582053664973,0.0076698977227718859,0.012259790040483168,0.055285848218711076,0.99839529873437449,-14.409500724517672,12.645285939945564,-10.845437945225646,,0.08473519218541545,0.4736842105263158,0,2
-0.47513748270303263,0.86911750572142499,0.13740136017956389,-0.87907771038764437,-0.46206752856023919,-0.11711523449085921,-0.038298193563689048,-0.17643231081296129,0.98356742934633434,6.8519647744120027,6.0631315386696318,-8.7604533914221374,,0.6228732108513535,0.3769230769230769,0,1
-0.77563523814793611,-0.58952440994061994,-0.2255015463968226,0.62579374464740722,-0.76484133910391383,-0.15297030809247766,-0.082293174099496338,-0.25976661849032068,0.96215858225904438,5.3083517439485162,16.710624535715571,-8.7664459583657468,,0.3658070765935285,0.4117647058823529,0,4
0.040989882913187302,0.99857269087890466,-0.03424048086149635,-0.99911835848627772,0.041275334370988959,0.0076715388448876445,0.0090738764841032157,0.033895837553103152,0.99938417886322606,-12.895571315824919,18.477266318265333,-10.765731241303218,,0.06468354098083336,0.2105263157894737,0,1
0.53608464425066815,0.84280948943905332,0.047806053069850599,-0.84249524426797062,0.53060678858514843,0.093049445421283794,0.053056739293774656,-0.090158751204962195,0.99451313817197717,13.44350388274337,-24.970938792319085,-8.332211356454172,,0.5629634216457173,0.3333333333333333,0,1
-0.13870094834747138,0.98716172621855314,0.079207153822859852,-0.98942646345760576,-0.1415537124549385,0.031588287386296772,0.042394814981159663,-0.073988328670343037,0.9963575697927336,-11.950491712600062,2.5346176817150017,-11.28019665090711,,0.178743663010215,0.325,0,3
0.98017420511876097,0.18489895432045059,-0.071210282340476494,-0.16346493525418321,0.95772397340092053,0.23673615210926149,0.11197206152497209,-0.22040228552435126,0.96896082994798671,7.6520870210060847,-22.390639755406543,-9.1591428693506813,,0.469171315810506,0.391304347826087,0,3
0.98623794504015794,-0.12157285553264556,-0.11204801006980897,0.12851258340871632,0.99007292951959525,0.05692196533942652,0.10401553570781258,-0.070538181363880154,0.99207113318617024,22.71650175778375,-20.66482551703843,-7.1998722508849964,,0.367984822710275,0.2380952380952381,0,4
0.6930940057674303,-0.70418564216924728,-0.15408854769885613,0.71843739468176937,0.69227465864694371,0.06784914824910783,0.058893200729194468,-0.15772881270694611,0.98572471438527309,-8.4302075494213042,15.442175394792526,-10.346590585706142,,0.1317359503241369,0.2857142857142857,0,1
-0.35740267835362538,-0.8503673131095526,-0.3861848758049643,0.93320258421025026,-0.34170032357497482,-0.11123769905957517,-0.037366593756537871,-0.40014537566189384,0.91568958496175745,-2.8646748259713291,27.589623198680453,-9.6490635692640705,,0.1962025362017474,0.3333333333333333,0,1
-0.93811184696894556,-0.33397623198957893,-0.091684453657947196,0.34124803458821862,-0.93655683213768393,-0.080069214220593779,-0.059126487010401033,-0.10640101805090253,0.9925637923536903,-6.7174195225218574,17.932505477409968,-10.119180252928771,,0.2865371287677638,0.4107142857142857,1,4
-0.038377030491602807,0.98474759212431051,0.16970381061136924,-0.99926205841744986,-0.037548524473782902,-0.0080899268947697885,-0.0015944083440510371,-0.1698890464839172,0.98546190679641066,9.6925724078697151,-28.683693712701508,-8.773591689900428,,0.4967319079188262,0.3,0,2
0.96894825764801884,-0.22692387930261182,-0.098208080131535438,0.23280244604225789,0.97107399953153739,0.053087743882790167,0.083320436374337586,-0.074302358213429343,0.99374889406042255,-1.6236026449417282,-26.36632421480591,-10.41314781284003,,0.1251495881134202,0.5,0,3
-0.828512645538651,-0.54809052103331402,-0.11473263239364918,0.55451327803553552,-0.83156757962715577,-0.031786553687348201,-0.077986028651486988,-0.089956329774309715,0.99288772681945536,-11.631774350138047,17.625821176475952,-10.789887393203859,,0.07296595614109447,0.2777777777777778,0,1
0.93911885739309742,0.34086936447072641,-0.043172306563446623,-0.33311313332430376,0.93405588908832715,0.12874485025149993,0.084210522475221525,-0.10652545435124677,0.99073756135503022,10.596412369494951,15.091397626812693,-8.1723592227586099,,0.260858411972442,0.4166666666666667,1,4
0.95909493166463033,0.27457414247831702,-0.068890872672031561,-0.26956743384244858,0.96014320444579671,0.073881158411011463,0.08643095896039997,-0.052288308816146378,0.99488472804357186,4.8242278046925255,-29.651315474768804,-9.503537614984177,,0.1096453956419935,0.2777777777777778,0,3
-0.98755640390807642,-0.13163294534655734,-0.086052988324278351,0.14058030434157281,-0.98417765213157493,-0.10784955760693168,-0.070494873085770543,-0.11860487656150724,0.99043594246394862,-14.232212248366039,10.565773367115955,-11.154015389233301,,0.2330074288906253,0.4615384615384616,0,2
0.066953586795466036,0.99774882763502615,-0.0038071207170128473,-0.9975609527162409,0.067015466336895771,0.019521088276908842,0.019732278912697115,0.002490828091279095,0.99980219690913474,20.622554073284416,-20.955526393328501,-7.3791909603461665,,0.2030235928500164,0.6923076923076923,0,2
0.8753218952708004,-0.43669553081779816,-0.20762608945721486,0.4774211990166834,0.84861341954387748,0.22786895992986628,0.076684929347337658,-0.29858378645500533,0.95129761067564189,-12.691751428648063,0.54324692634227933,-11.429229671156547,,0.6321446417662308,0.2380952380952381,0,1
-0.26201324203960219,0.96468303356538743,0.027123896235233515,-0.96493224029434888,-0.26140899281381758,-0.02389791029766462,-0.015963478205785728,-0.032434290914837974,0.99934637845765262,-7.8465296496453787,15.83296215108275,-10.205231940012151,,0.1066751417994311,0.1578947368421053,0,3
-0.50447449679986001,0.86255746497189678,0.038731146378389307,-0.86199624604923641,-0.50055088202851361,-0.080070508288021161,-0.049678505166248561,-0.073779632160463487,0.99603645114158068,37.325665168813778,-15.664338718565959,-6.3513809547574516,,0.395766475576539,0.3333333333333333,0,2
-0.79730052884251779,-0.56946673284218485,-0.20004876128956448,0.5985852142203244,-0.78856845018401678,-0.14090968984135205,-0.077508760951583766,-0.23209360086056968,0.96960040862992858,-15.226062343545818,1.4964463250919053,-11.695173637627017,,0.3306705957694688,0.2307692307692308,1,2
0.76149855350275319,-0.61246701692605754,-0.21214171251998132,0.64211868529738447,0.75744939943999023,0.11812705566446675,0.088337687343356647,-0.2261737395580968,0.97007313772165282,18.264273700604075,-17.736464145365371,-7.6244744788741246,,0.1242656328707877,0.2,0,3
-0.23996520297769755,0.95589134446509294,0.16937661862426634,-0.9706409971062655,-0.23328211618309463,-0.058613215281988228,-0.016515329134715841,-0.17846902209026316,0.98380691807778919,5.8841380860471935,13.387831429171563,-8.7479962551300812,,0.414404668427576,0.2727272727272727,0,1
0.5005882758629242,0.86414683420617378,-0.051590958510498691,-0.86455699121420038,0.50208912434026498,0.021159398901532747,0.044188086756876355,0.034011176849279297,0.99844411603158501,2.5755277084773458,11.712119931006765,-9.1797769897947816,,0.1238550764930534,0.4444444444444444,0,2
-0.36927025855577611,-0.86165777193993931,-0.34811687721460766,0.92852770126771733,-0.35757564172319706,-0.099879769847216096,-0.038415935816262528,-0.36011879220854864,0.93211515993122718,-1.9968182909667083,-32.650790194860441,-10.492544907102598,,0.7987340519281126,0.5294117647058824,0,1
-0.9909459263206909,-0.060515090835427041,-0.1198503020004881,0.087832411263443724,-0.96733851878754518,-0.2377848977575483,-0.10154623892630132,-0.24615871678877924,0.96389535091151068,-3.8308762935938643,-31.087607697063412,-10.885472672265488,,0.6759565727524286,0.2424242424242424,0,2
-0.612036961967515,-0.74604138663220632,-0.26236045170236472,0.78833494288612349,-0.6018816423340142,-0.12754021501487742,-0.062759660693044256,-0.28488723743475058,0.95650430575951351,21.278937450110114,-16.368590475114217,-7.2788933036321373,,0.389554761317229,0.2903225806451613,0,3
0.99305805701875749,-0.057179943144637077,-0.10279177735649303,0.065870802574450202,0.99434988634445431,0.083242662709508544,0.097451181410635385,-0.08943577376389869,0.99121365487614443,8.2946357462590239,-33.064382788549857,-8.997802045681162,,0.1691503767041992,0.5,0,3
-0.53871947954916399,0.83617106560446142,0.10295276295553019,-0.8419425049323529,-0.52995202699025201,-0.10140841916309516,-0.030234760500338988,-0.14131099792593199,0.98950344169318794,11.692135500965893,15.90179202654233,-8.0788357978129692,,0.296334381784501,0.4166666666666667,0,3
0.99262361319910508,0.094600553828897441,-0.075822804846694528,-0.080894803482437397,0.98263807113010382,0.16696841598112822,0.09030167932597867,-0.1596031214637581,0.98304244584348088,-1.9905285542981155,-31.260491203160786,-10.545445987172975,,0.799838273399198,0.3,0,1
0.72922154573154174,0.68308147573816203,0.040442981396974775,-0.6804813419575475,0.71769106079638989,0.14786711771251934,0.071979722759652767,-0.13534858239496875,0.98817998398829954,23.162386530694398,-16.371132448040314,-7.1002794429919804,,0.1494279705505351,0.5454545454545454,0,3
0.98077767103381885,-0.16278748060429765,-0.1075890150525735,0.17422920125017052,0.97885058318868823,0.10721810119047807,0.087859805560933618,-0.12390226773416789,0.98839712798911172,-13.663065943018662,18.579603830429669,-10.812820564774967,,0.1151528273633055,0.2777777777777778,0,1
-0.10357419037523141,-0.96783701079460727,-0.22926820020289226,0.99451287003145206,-0.10418427506482948,-0.0094756620359264798,-0.014715244813405491,-0.22899160981436439,0.97331716526767675,0.82496207181011405,18.044449665868768,-9.309284161436933,,0.08793643306565858,0.1,0,1
0.99289661940297602,0.081270841402046587,-0.086898524244924696,-0.077488438672121324,0.99592902227119706,0.046053495742390718,0.090287568636547438,-0.038992729267658399,0.99515210998819681,10.716267500521454,-26.176340965557586,-8.5715536492352555,,0.1036574815777066,0.1764705882352941,0,2
0.42448391024304749,-0.87998822731626358,-0.21315283185909714,0.90424611937794208,0.42407428324554192,0.049999578795350288,0.046393593681724,-0.21396663776056324,0.97573864963459112,2.3494408690347472,14.831413972353127,-9.0683221567346752,,0.1517841651253774,0.375,0,3
0.90234018306431762,0.43100515328584832,0.0040929046529016222,-0.41943591583941892,0.87585286170060084,0.23865304765457609,0.099275911133583847,-0.21706294592102057,0.97109627276428467,19.920011082572568,12.500317045906181,-7.1610612515644023,,0.577512925073864,0.1379310344827586,0,2
0.89361779551151699,0.44432777861173028,-0.063403948608124677,-0.44103643274993309,0.895506473108996,0.059624001937984075,0.083271246732291734,-0.025317617855008349,0.99620525881657407,-4.0743854743681318,-28.654337950072541,-10.923649987488936,,0.08051030825251783,0.2941176470588235,0,1
