axis_00,axis_01,axis_02,axis_10,axis_11,axis_12,axis_20,axis_21,axis_22,location_x,location_y,location_z,dbh,dbh_approximation,score,reconstructed,number_clusters
0.74147654769152171,0.67091007472041586,-0.0096021279990494788,-0.66976731052182614,0.74092156390756225,0.049467018235721812,0.040302344594620572,-0.030247442460806843,0.99872959966387198,-3.2885055173950977,-7.7621760685692722,-3.1050633165833341,,0.07201566507554275,0.2716049382716049,0,3
-0.62249793787850127,0.78262138960204231,-0.00027905981863198621,-0.78204825617057927,-0.62205563213079218,-0.038043600709138925,-0.029947326384332978,-0.023463824746383644,0.99927604122719826,-4.2119539494632487,-15.076201267833708,-3.2061405330996724,,0.07831979695082761,0.25,0,5
-0.29460320040318855,-0.92999508424305555,-0.21981377935868904,0.95473419876656784,-0.29633772548204185,-0.025817865165210063,-0.041128627715469948,-0.21746975821911799,0.97520015393885173,-7.4982916143075009,-16.743570776043274,-3.4812570285175766,,0.1528124153809713,0.1176470588235294,0,4
0.98059891248113973,0.19301953850774961,-0.03419401402385084,-0.18681391726686031,0.97303699066071236,0.1352759221789194,0.059382936574563262,-0.12626350446665802,0.99021775094348874,-40.386712028950853,1.1174527679288813,-6.7377401624146254,,0.6553700294750431,0.9166666666666666,0,2
0.49887151426037185,-0.8614858239150035,-0.094706850085151395,0.86653731368695808,0.49775919674188984,0.036726911754988587,0.015501491791239578,-0.10038902954185877,0.9948274958503559,2.2129266386159183,16.822547552664133,-2.5027389695463471,,0.07716529626260751,0.1481481481481481,0,5
0.82152241490521893,-0.56404011596648096,-0.083424632985805006,0.56958793903973104,0.818487604526277,0.075150654935991254,0.025894043885981859,-0.10925561229225497,0.9936763606294936,-6.6073710834178563,-10.72313349855011,-3.3828046812480599,,0.1365221687589865,0.2653061224489796,1,5
0.73790450321175038,-0.6678936241617105,-0.097031185419725607,0.6742659020954711,0.73580275108861126,0.062926979601863456,0.029367284709384617,-0.11185892139015312,0.99329006050308943,17.491408521032046,2.3884102471721875,-1.3096433205119538,,0.08484113673168121,0.4761904761904762,0,3
0.9373989443139541,-0.34094903089424117,-0.070971667102890462,0.34561429326673559,0.9358220211553343,0.069194689178296215,0.04282498673462215,-0.089391851155594518,0.99507543304925217,15.167908954468517,-2.6485929330327536,-1.5389190144410425,,0.1132984929665543,0.4,1,4
-0.96009082103165289,0.27964863844805121,-0.0047174553435558519,-0.27798323159829419,-0.95596129636728155,-0.094145221854091299,-0.030837287833666741,-0.089076589864779315,0.99554729813159859,15.173733311459047,12.164003209551778,-1.4516937374042873,,0.144644495646148,0.16,0,6
-0.80951666878884987,-0.5652177364632226,-0.15878184197317255,0.58614092863651446,-0.79350714886159202,-0.16366189685650909,-0.033489919828610583,-0.22555556985571742,0.97365451273895642,-13.528035739933195,-12.510191798133667,-4.0341598778385963,,0.301094931773912,0.4305555555555556,0,5
0.22924900878670545,0.95853558876187461,0.16927615616866939,-0.97215884819170606,0.23414026524456105,-0.0092471657161394029,-0.048498101539010297,-0.16244340943274158,0.98552527764587472,-10.228248703946361,18.456179220626137,-3.7307616438402369,,0.5270550538595296,0.25,0,2
-0.49200372510322199,0.87053893394710535,-0.0097107655100837267,-0.87037891549300483,-0.49209948913530555,-0.016692401205139307,-0.019310047896764288,0.00023932197942750201,0.99981351499928039,-24.396331246617844,4.1985156892179285,-5.4552737087387939,0.1964712641936185,0.2327665474616602,0.8441558441558441,1,5
-0.92586386991510317,0.37472247339527281,-0.048571208738905025,-0.3752100181926053,-0.9269392906969709,0.0009967999304561952,-0.044649038441314376,0.019147305155704671,0.99881922492087627,-19.303061305134285,-15.966340640341235,-4.536789612195796,,0.1954907392347952,0.6216216216216216,0,1
-0.81912825721641613,-0.56688492661616496,-0.087580695389927327,0.57207301170620173,-0.79618324494583759,-0.19703986841477919,0.041968649096605581,-0.21150347619578913,0.97647576111755285,-2.587063110434066,-9.36093308438363,-3.0554737710437374,,0.2581719761794233,0.1138211382113821,0,2
0.87998625716203338,-0.46005683757945726,-0.11820276393700173,0.472678661485542,0.87270787514585013,0.12229410302485368,0.04689424465959674,-0.16348905423546237,0.98542998683975613,1.3318566374798759,18.694429594882603,-2.5806431466994817,,0.5245079594578973,0.52,0,3
-0.79966465790819474,0.59853478609217514,0.047880525583605706,-0.59711348154052402,-0.78430223252395936,-0.16830180694361521,-0.063181682908280815,-0.16317511420411421,0.98457196641451761,-13.436740503381145,20.90993567490759,-4.1797676268505795,,0.3009827629803452,0.4375,0,3
0.22412483415315071,0.97453153878516541,0.0075059062636494258,-0.97447527920260057,0.22399678337957998,0.014945610011415434,0.012883669463101556,-0.010664002467064468,0.99986013527520246,10.643959101442814,15.511777118061286,-1.8093198816008587,,0.1294685268978752,0.2777777777777778,0,5
0.96529201670179288,0.25891344125840982,-0.0342804963137118,-0.25703728853738089,0.96505337904205746,0.051027521014243966,0.046294219867470079,-0.040445092844940501,0.99810873138733092,15.784223570764988,-4.330512374910974,-1.4915628845847346,,0.4185452906055701,0.9464285714285714,1,5
0.020612318041341164,-0.99369528144619645,-0.11020353885664672,0.99976023349685439,0.021300874806926072,-0.0050742734234996128,0.0073897133421650394,-0.11007252320186681,0.99389608700945009,-5.3717305958765911,15.069510953058955,-3.2324150765567219,,0.1563074680763896,0.4210526315789473,1,5
-0.9960742580319053,-0.039458018338805502,-0.079241007533756389,0.042702797946882622,-0.99829956253789043,-0.039679396217249974,-0.077540592812397641,-0.042907437880072646,0.99606546383301076,4.7438721673203581,-7.7604548452379927,-2.3920337982657465,,0.1469628237754197,0.1956521739130435,0,5
0.6587591267741405,0.75203101598176325,-0.022040052023757327,-0.75119710644559934,0.65908782925691056,0.036140567139620335,0.041705157469213383,-0.0072515051438614905,0.99910364603159052,-7.9304473435134373,-14.428615803879582,-3.5346036612056242,,0.09818578146914213,0.5,0,5
0.82179563453691362,0.56924539180525235,0.02473093133217201,-0.5680539476976102,0.8151524352051851,0.11331910643937186,0.044346900243789074,-0.1071736501549784,0.99325080475740157,-8.5893722725253276,-7.4387532824906515,-3.5855830808809093,,0.259822041068945,0.4848484848484849,0,1
0.89931487267537824,-0.43345469401288578,-0.057877353283179944,0.43652425511319859,0.89770717912041798,0.059736046517416132,0.026064045786053189,-0.07898638359780405,0.99653490491974495,-10.623558362715917,-10.936488221591118,-3.7535166359742127,,0.08785724778109043,0.3529411764705883,1,3
0.26368212127917345,-0.94488736438388032,-0.19406083465088791,0.96458502308662941,0.25972131801958886,0.046049649326936171,0.0068900039681794745,-0.19933064389062594,0.97990806826531773,3.4923875872962711,-10.07044586538891,-2.4943691053810646,0.1315695410598595,0.1215885097413333,0.2950819672131147,1,4
-0.55578498855955871,-0.79124376782520323,-0.25502224681314956,0.83069721804226171,-0.54051743900207672,-0.13335302798018289,-0.032329219426059423,-0.28596188209691886,0.95769547537768474,-0.17273290733314581,-10.698380826184367,-2.8322610810839217,,0.541703329752983,0.2753623188405797,0,1
-0.60868195197995145,-0.78581360710936976,-0.10955937301590142,0.79337827810660744,-0.60413969882051666,-0.074606515383377092,-0.0075623516495191027,-0.13233366612777162,0.99117637766782585,0.40635833091431639,-20.112773909104579,-2.7926681798669493,,0.3364689763740977,0.46875,1,5
-0.93488984072880099,-0.34739965014083241,-0.07276310042943919,0.3512768677612923,-0.93496428008485966,-0.049460662563456499,-0.050848282939474382,-0.071800264953744558,0.99612206785849278,-15.355681943395803,8.5823941845410037,-4.3534135064767492,0.5548769762737102,0.4019113569044384,0.8648648648648649,1,5
0.92047521092316043,-0.38556997377145108,-0.063727399145471819,0.38828091562931777,0.92078711298180094,0.037269600543862039,0.044309328972828535,-0.059049876312512149,0.9972711744924021,-10.75278757026935,-2.4487890719808552,-3.7843604171895886,,0.07271068455460078,0.2677165354330709,0,1
-0.32871743972991496,0.94346279727291515,0.042694203112091746,-0.94435702138972411,-0.32780113316927367,-0.027133618351947865,-0.011604351310561646,-0.049237864036803795,0.99871966626063557,-4.0665322278892644,-11.366097753741865,-3.169841892406458,,0.1221531668164052,0.3717948717948718,1,2
-0.92243198119736458,-0.37316227837965854,-0.099343616094882847,0.38292331850037925,-0.91715100036080432,-0.11047069605027991,-0.049889600248572273,-0.13994269016879182,0.98890195229626243,-11.727525781475055,21.423127822413466,-3.9614985118662998,,0.3294309490127302,0.4230769230769231,1,2
-0.77414926395619899,-0.6278806461659886,-0.080366729971149672,0.63156927737725876,-0.7746857823686929,-0.031339854322780775,-0.042581275101178012,-0.075018882729527531,0.99627255419627547,8.6467166374116715,3.2624830916352083,-2.0408432972056532,,0.19947992196749,0.4347826086956522,1,5
-0.88082749827876727,0.47301501454229372,-0.019992856062157584,-0.46990841860778015,-0.87862850427496075,-0.08484120223735972,-0.057697455728168506,-0.065335652542075073,0.99619388479823423,-10.451235734967495,29.067035176268138,-4.0325142194445425,,0.244897246943653,0.36,0,3
-0.41906541747004833,0.90794883435510743,-0.0036180207095310381,-0.90783814590645728,-0.41907188912008625,-0.014444811748414619,-0.014631360763070802,-0.0027687438528338102,0.99988912252294093,2.5634383000984724,6.9197658718735005,-2.5284144719377206,0.1151579171165908,0.0915387055867373,0.1891891891891892,1,5
0.94656577739965397,0.32134957694379568,-0.02734370958435263,-0.31876480888533332,0.94508736902227608,0.07210313121390749,0.049012505262297161,-0.059534144090569348,0.99702229664903563,-4.770305130613381,-4.1595323246127984,-3.2588752661196847,,0.06757344840662902,0.2392638036809816,0,4
0.99357650720323232,0.081196527039917379,-0.07882162349561464,-0.073711693191014838,0.99287495110613,0.093626479977177005,0.085862160587433192,-0.087214995629530306,0.99248235949894925,22.458850950664154,14.470455094672189,-0.85959868857612276,,0.2041880801700151,0.5,0,4
-0.9843339697023501,0.16798215176396972,-0.053559618919110562,-0.16576128331179996,-0.98520406841494856,-0.043544695813140182,-0.060081886162460775,-0.033984412123506828,0.99761476867966492,16.212177187857776,13.941429549428291,-1.3561556911229886,,0.3326068191154358,0.6785714285714286,1,5
0.52001240583878083,-0.837142567570207,-0.16964498028448807,0.8540229239542465,0.51311318381009763,0.085788728635549219,0.015229679392627543,-0.18949190526834125,0.9817641645035593,-12.364064031240023,-10.895506532819706,-3.9313908804500879,,0.09115222855164207,0.375,0,2
0.38199259719561074,-0.85673515819486912,-0.34653502622471666,0.92412901687763904,0.35743366325852688,0.13500643145553753,0.0081985274605054434,-0.3718145304885262,0.92827083282039879,-16.908362738090858,7.2101434102371984,-4.5523233994512307,,0.3916391453504729,0.2413793103448276,0,2
-0.9732870417813253,-0.22185754149710127,-0.059089470986105896,0.22505125434741804,-0.97283192226173432,-0.054313754659309363,-0.045434207566651286,-0.0661610331645444,0.99677402176892116,-5.6446775103280968,-15.64529700924983,-3.3354061472198198,,0.1084254183026518,0.4444444444444444,0,5
-0.97916984246668992,-0.19375718986140961,-0.060700667053736945,0.19606030909585423,-0.97998273427763605,-0.034557136961377327,-0.052789911924505203,-0.045738297899451837,0.99755763407648046,-4.2313219778800626,14.748480693250441,-3.133488596427771,,0.09678148956460991,0.2608695652173913,0,4
0.98701245774625246,0.15323388660881693,-0.048226385397001782,-0.151975879988024,0.98796527359168462,0.028774121685555567,0.052055164542719572,-0.021071169204998994,0.99842188761703654,6.08241319945241,-6.0754562773254728,-2.2635241599644318,,0.2903364754053916,0.9588477366255144,1,5
0.90609115052389166,-0.41273744148049857,-0.092987264409823966,0.42297703457899805,0.88862310582098469,0.17731160148118932,0.0094474949614990651,-0.19999195034100514,0.97975199139259384,29.83822848805551,17.067809227958083,-0.26977498681013584,,0.3551855029380022,0.2857142857142857,0,2
-0.84252608458641143,-0.50775158219625927,-0.17982805000523772,0.53675351685651174,-0.81941448663690253,-0.20113567866429663,-0.045226750200042139,-0.26598539408542055,0.96291552651287449,-16.793085517743854,25.111814865682188,-4.5069222041586361,,0.380587657074813,0.1363636363636364,0,1
-0.077892360754564891,-0.9763035866842813,-0.20190118068869528,0.9969607880051059,-0.075993349101606766,-0.017152203140106102,0.0014026105371203758,-0.20262358579328768,0.97925569447614202,-17.448027712191891,8.6205952352623783,-4.6072859032730191,,0.2709828271546325,0.4210526315789473,1,5
0.44492209200601818,0.89478903988401914,-0.03737520767063518,-0.89515960828418994,0.4455932866484586,0.011657555074710947,0.027085194137822701,0.028270072466470279,0.99923330371903474,1.3679565397893947,6.5604016268655183,-2.6580417355638932,,0.0712214914442266,0.2083333333333333,0,1
0.9691966003019068,0.24319139713884594,-0.038934487551305776,-0.24101677069279265,0.96905804071970303,0.053267531961873192,0.050683983742840104,-0.042242846425726184,0.99782096375943563,11.382664171954325,7.9672320331483197,-1.7701896828895478,,0.1018505603869366,0.4545454545454545,1,5
0.67092134574991802,-0.72020139843834385,-0.17656300151666129,0.74080876416455366,0.66148089452573322,0.11681353138409209,0.032663783524045031,-0.2091721106287574,0.97733315986975733,-31.979576922082536,11.368598606752347,-6.5830639644181002,,0.3938697742280379,0.44,0,3
0.63932418660959034,0.76892370363536222,0.0045741014049913179,-0.76808438049062133,0.63832362571685863,0.050885492019059869,0.036207303991372557,-0.036045621639268312,0.99869401935643665,-4.7394906762194697,-4.0770191999931855,-3.2570502970386301,,0.07086396561988263,0.3006993006993007,0,1
0.97318901696754123,-0.22350114807313617,-0.05431734588268311,0.22996452179858784,0.95001756272420024,0.21114674809126271,0.0044108919388075206,-0.21797675868210897,0.97594399260753883,6.3682490946948471,-13.040360792241094,-2.2662418222223883,,0.2812776562491172,0.1818181818181818,0,3
-0.5793852583210316,-0.80222875488615697,-0.14401995443020399,0.8143455589793428,-0.57713772160745991,-0.061264678799225404,-0.033971061374255179,-0.15277786204668822,0.98767651174741911,15.27735058647483,16.348977773039351,-1.4435274453356943,,0.1306473317550168,0.2777777777777778,0,5
0.87659282683953421,-0.47695920637028472,-0.063991650956222529,0.47942939479209284,0.87705364342867187,0.030403321492558862,0.04162296653005932,-0.057330812022161955,0.99748719623367466,-11.711679879011969,19.936518213342787,-3.9386865201940853,,0.08783836896628602,0.3666666666666666,0,1
0.96764206212446369,-0.23939746259799191,-0.079735152280285146,0.24733941489038891,0.96243080606281672,0.1120274849443585,0.049920471243742076,-0.12812415245737804,0.99050095815596417,7.0631632525158672,-22.207700717560325,-2.2603512701996125,,0.08374221554530295,0.3333333333333333,0,4
0.91494854936139658,0.402146220523039,-0.033875792839594403,-0.40003335985814437,0.91481777052657498,0.055513581485893845,0.053314754262587818,-0.037240623622892821,0.99788309582340251,-5.5263154076460568,-29.120576172155381,-3.2990340281646864,,0.4997402907370181,0.9038461538461539,1,5
-0.85923264392565468,-0.49871356285730656,-0.11403528328855771,0.50920222942093296,-0.85520199648140127,-0.096657305812741165,-0.049318892579636314,-0.14111813291139327,0.98876353057660937,7.0673171884648731,9.7251437838115571,-2.1549238882422719,,0.148069851548024,0.3043478260869565,0,5
0.99715366435713571,-0.056840930371424563,-0.049534617124267662,0.058598642965820361,0.99767540540147004,0.03478483145822784,0.047442267037961457,-0.03758848349593083,0.9981664877197467,3.8092616563790611,17.006777784814563,-2.3693292471149423,0.2802624940130392,0.2270586924367578,0.7021276595744681,1,5
0.58896986999228373,-0.80308990008872072,-0.090338832274726485,0.80785450084406329,0.58810895378794559,0.038716455680207373,0.022036281611506937,-0.095783458122668474,0.9951582444228666,8.7138017111518344,17.210540541450818,-1.9745847716515046,0.3086752150101166,0.3040851105279806,0.9,1,5
0.81545421323484912,0.57849174841132234,-0.019537736244115669,-0.57699058820578664,0.81509416520891242,0.051993874296177328,0.046003122062243509,-0.031125533929519094,0.99845626539079246,-1.2029973519857433,-4.6436525610824599,-2.919128393761051,0.2636612786440843,0.138020569726129,0.5714285714285714,1,5
0.74062515251633443,-0.66094137987409651,-0.12095815735320166,0.67107736982937094,0.73661810945362927,0.083957873531045307,0.033608736409606044,-0.14335359498487132,0.98910070247769177,-2.6588362930826381,-14.210886619974287,-3.0725818765877881,,0.1302261683940128,0.4193548387096774,1,5
-0.13557816627910191,0.98703838767238805,0.085870728944671973,-0.99076630972189139,-0.13499578212256938,-0.012580076676290209,-0.00082483238403935496,-0.08678340895706331,0.99622686150360829,-32.917033265164861,7.2388213894658389,-6.7430465659952938,,0.4201672659484602,0.3333333333333333,0,3
0.80245674574090231,-0.5761036459304657,-0.15545983520043763,0.59613466891275879,0.78543821870319985,0.16646399346591906,0.02620358248786353,-0.22625515186614092,0.97371555318729142,16.91103387291129,2.7316138445916414,-1.3599852921370281,,0.2712208080357185,0.103448275862069,0,3
0.6882234421686394,-0.68613782060405293,-0.23571886811680978,0.72477696171454997,0.66472702873898437,0.18120798280337189,0.032355052424241179,-0.29555518672586623,0.95477760875612439,-16.56411495273036,1.8557609780256403,-4.4353996865731835,,0.2145432038586795,0.2467532467532468,0,2
-0.80736001945926117,0.5895751323859364,0.023894816401217552,-0.58886307710746355,-0.8024854337621754,-0.096215409467833815,-0.037550970670166585,-0.09175124997316994,0.9950736820608258,5.2246925888031805,16.687192605392092,-2.2684502488083389,,0.09027760528699066,0.1,0,5
-0.79757781677208339,-0.57947581748842869,-0.16756313180170423,0.60166964757579144,-0.78410187325699965,-0.15224285710957913,-0.043165511454178435,-0.22224317605042956,0.97403527108617483,-15.356432054195405,4.6434451891405315,-4.3185189614057107,,0.08854762845366665,0.2588235294117647,0,5
-0.99952440530847375,0.0043953111233672338,-0.030522850995166328,0.0030283031435027982,-0.9710162947068014,-0.23899411037502058,-0.030688639148964744,-0.23897287849043719,0.97054117417716079,6.8973255269412164,6.6990401891407823,-2.1996558922891762,,0.5612571624111151,0.4444444444444444,1,4
0.14682913316019988,0.97720751785942928,0.15331885955236477,-0.98908759408210534,0.14314431875661202,0.034863092814292271,0.012121752690793509,-0.15676469961926681,0.98756158899836943,6.3317189055501846,3.7856773747466299,-2.2654829052732013,,0.2128377241435424,0.4285714285714285,0,3
0.74384033849230002,-0.65364188972164838,-0.13947699033450808,0.66747637459158315,0.73721539431194316,0.10482724718107406,0.034305104485141936,-0.17107233087380894,0.9846610672793279,3.983335986273604,-6.9296343888632919,-2.4594055606480616,,0.2123684067501009,0.1692307692307692,1,5
-0.99383882583300021,-0.10383671819869141,-0.038759827406844652,0.10794469368963068,-0.98614815561242131,-0.12593553226341905,-0.025146199934276775,-0.12934353921222522,0.99128094781092224,-30.235647133400523,4.9719127527996916,-6.4345605613138375,0.4233549109055543,0.2027885991353861,0.2666666666666667,1,5
-0.74741757494692818,0.65735070657696237,0.096213394198635296,-0.66279015757936055,-0.72786391175119913,-0.17585031414862348,-0.045565070793099682,-0.1952029060567782,0.97970385820951467,-10.217618886332186,-20.073540576888924,-3.707372264174924,,0.1684153867471716,0.3333333333333333,0,7
-0.11410606329708908,-0.98784694512341586,-0.10553776257423862,0.99340347113199945,-0.11466908640677496,-0.00073767576279109236,-0.011373208067038305,-0.1049257529540352,0.99441502226449363,4.7708075417184821,-12.258100257625268,-2.390467898586353,,0.09386745532917826,0.325,0,5
-0.66193296390563827,0.74424814622461044,0.089103580939988714,-0.74898604892081355,-0.65207014116094764,-0.11757733424572669,-0.029404928448929207,-0.14456565237833571,0.98905819967044428,-16.97019037808596,-8.2367498269436048,-4.3838399476005314,,0.5341586768808637,0.4838709677419355,0,1
-0.17669995856700477,0.98071695063569442,0.083494834440485652,-0.98425836473481065,-0.17575601168970822,-0.018582136703948621,-0.0035490973466398641,-0.085463951995870285,0.99633494208387174,-0.59449946001938969,-14.491947382150551,-2.8814020216405871,,0.1039328203509323,0.2307692307692308,0,5
-0.5306775095388041,-0.84358684477134827,-0.082113434944677571,0.84687075719966476,-0.531688291946255,-0.010838856366807533,-0.034515235328170545,-0.075291404130850739,0.99656404861616699,-10.21678579529288,17.203053138796353,-3.7350833206025715,,0.07675926467016227,0.4473684210526316,0,2
-0.61036393299214664,-0.75102201536054092,-0.25183685541665829,0.79126780183433021,-0.59282504774449907,-0.14984568244364072,-0.036757789414306248,-0.29073079508460187,0.95609856694111273,-17.483035884779746,5.2055444538613305,-4.6127722235289523,,0.09776804032664747,0.375,0,4
-0.98594481691032509,-0.15336942171310183,-0.066261893204574707,0.15740568414806846,-0.98566667201325797,-0.060701419095329869,-0.056002398212435689,-0.070278248168954241,0.99595416522486546,-5.2377458545955902,10.862947376946634,-3.2253968709073488,,0.08242702254080878,0.4054054054054054,0,5
0.22870286817237215,-0.95530488601857022,-0.18731677137612907,0.97347511385954721,0.2256930034680342,0.037534928822619065,0.0064187838312064092,-0.19093256122155888,0.98158216990708602,-14.880490005638856,15.376143072906013,-4.2373768091097617,,0.572146292374379,0.3,0,1
-0.72526523412681476,0.68313355717080759,0.085550471852216148,-0.68829688232441832,-0.7222464936634595,-0.067877862174094861,0.015418882886378386,-0.1081135766589858,0.99401896993595595,-30.56924231497355,6.4162023080651673,-6.5540319719084277,,0.2937282975082527,0.3157894736842105,0,5
-0.54215905290423561,0.81800676704203767,0.1921678704347238,-0.83997685015509971,-0.52150207672089799,-0.14991489312042586,-0.022415453542151211,-0.24269427897918233,0.96984381958812071,-6.562815595877292,-7.3531775327763507,-3.3976686296470464,,0.1194100382891251,0.2564102564102564,0,5
0.17937345085205578,-0.96860098075291567,-0.17215488727862216,0.98377226360277481,0.17734390041054843,0.027226354016761042,0.0041591459817683371,-0.17424488822247686,0.98469356676736697,-1.0380234126749561,12.958418773017646,-2.8574177506302019,,0.08532750510622109,0.3142857142857143,0,5
-0.69873454572708138,-0.68292776224148211,-0.21302513036590776,0.71216123937077858,-0.69225474724666725,-0.11666076483689962,-0.06779678270719619,-0.23322314738099145,0.97005698790342154,-14.65541882088627,1.4431975700589639,-4.2003836904409502,,0.4365873883351019,0.4252873563218391,1,4
-0.21042356588181099,0.9625780149961497,0.1707790618537747,-0.97759497033922027,-0.20620603977740046,-0.04227461563137256,-0.0054769415774052347,-0.17584832727493702,0.98440203621567357,-15.15551418043105,24.201123674992147,-4.3471005059513628,,0.188062146305104,0.2631578947368421,0,1
0.49646316138448976,0.86790392282762507,-0.016343504169510109,-0.86739989235742743,0.49673184138564264,0.029578784490792112,0.033789882012846051,-0.00050842310083292321,0.99942882957192569,8.1770611090261802,-9.5446965848752061,-2.1096142777527347,,0.1503983973230412,0.4259259259259259,1,5
0.6259050407563278,-0.75368504714215456,-0.20050368991653916,0.77941668942824172,0.61353537206556219,0.12682259840064708,0.027431809939179742,-0.23565482583367617,0.97144958637325085,-22.49502337117849,9.5546848497880514,-5.2223886459749611,,0.7880745666716353,0.3846153846153846,0,1
-0.38470782938027864,0.91672806068571711,0.10774761605213784,-0.92283024582800299,-0.37951271228354483,-0.065988170153561954,-0.019601617243041096,-0.12481892471332892,0.99198589336485332,-17.58017321690631,6.2895561762302794,-4.6386271419595015,0.1483686694758164,0.1411972275613181,0.3333333333333333,1,5
0.85061833017626387,0.52451488871011631,-0.036504628330654328,-0.52271505420705322,0.8511033682148943,0.048908370639185551,0.056722380710458264,-0.02252083778807951,0.99813595436286195,6.6226783397932554,-19.591921170118862,-2.2763480705907853,,0.0814421625791322,0.2727272727272727,0,5
0.34000607374446817,-0.90770578875505159,-0.24589849710285394,0.94034415632174517,0.33154055359243739,0.076378851753393789,0.012195797982009078,-0.25719848830075032,0.96628163602926465,12.079782479589831,1.3407972767693981,-1.7531547665348313,,0.2296562906927843,0.2407407407407407,1,1
-0.13191541248709793,-0.96918940633205763,-0.20801494802554987,0.99121189796345555,-0.13105996217576973,-0.017951591856147062,-0.0098639385664487187,-0.2085549830816785,0.97796089990743396,-26.612340945049194,6.7844379285165939,-5.8152264946353229,0.4696712873389166,0.4566783350759837,0.28125,1,5
-0.33138234105340436,0.94212910037226572,0.050778954988365071,-0.94342343987435739,-0.33020641127544537,-0.030264484932439311,-0.011745515467603621,-0.057935172256035769,0.99825125027823713,-11.152781501137248,19.420183110215259,-3.843772922878697,,0.3629093211167769,0.3939393939393939,0,1
-0.91711632865982184,-0.39405501574877949,-0.060152175927032515,0.39549994572764902,-0.9183611874262676,-0.013875242644374499,-0.049773814751876241,-0.036515393907814338,0.99809277793840445,-4.6524682020354211,-6.4830584282294828,-3.2356584452923292,,0.08823977734564818,0.4862385321100918,0,5
-0.75243167289328594,-0.62883163973807765,-0.19600343489676827,0.65727684879906367,-0.73617191041352248,-0.16136313814151398,-0.042821976364756306,-0.25024325601787012,0.9672355406816846,-4.2528341040138669,18.204320309912642,-3.1599720731439294,,0.5014118732363237,0.3043478260869565,0,2
-0.030533101335927425,0.99946238774645346,0.011944253972964411,-0.99950710926742481,-0.03044285068364545,-0.0076662485044617307,-0.0072985098951005014,-0.012172441103326735,0.9998992766428525,-11.164233226343816,10.430280008734487,-3.7855440110148275,0.4412228155178326,0.4159652263782206,0.9472049689440993,1,4
0.80510613976366729,-0.58092612353659823,-0.11970356179992404,0.5919482448411425,0.79970514627590816,0.10034417994742127,0.037434998922641134,-0.15164602867391727,0.98772572247719292,-15.261991685418646,-11.821815546918735,-4.1988795316121417,,0.2942970826024882,0.7228915662650602,1,1
-0.26251909268628415,0.96459653991692007,-0.025243635940098687,-0.96489544291710228,-0.26263161503170562,-0.0011912277898193816,-0.0077788310805331868,0.024044749242693522,0.99968061890829751,-4.9688247870294076,4.8379364007434589,-3.2375554867523793,,0.4302863889095123,0.9762237762237762,1,3
0.72514287002492528,0.68825611630854922,-0.021710283643630146,-0.68740573798941251,0.72538184959008778,0.035979489497403844,0.040511349412789277,-0.011166496726170025,0.99911667983255026,1.510415460363161,-4.9993489508493427,-2.6541527785107317,,0.07722187333922229,0.330188679245283,0,5
-0.89902987484916297,-0.41700946905955527,-0.1335978549354957,0.43527147128777127,-0.88434951459692801,-0.16871479578020548,-0.047791530752601639,-0.20983097661414368,0.97656895856947923,0.38653952964211113,10.193694527616527,-2.7256096787583259,,0.08535747357803461,0.2307692307692308,0,5
-0.98981599563731937,0.1348608473368309,-0.045572432852486515,-0.13368752645641033,-0.99063085368936898,-0.027895465377704681,-0.048907464159052651,-0.021518912013949364,0.99857147784986677,-13.381118495414295,6.9797313600792696,-4.094539613596436,,0.1254891480599074,0.5303030303030303,0,5
-0.2439705781033126,0.96978138478641152,-0.001556515881203,-0.96977937091624844,-0.24397360653791858,-0.002202511786331708,-0.0025157037233277954,0.00097212891830348745,0.99999636309345918,1.3753941198899495,11.851209361068946,-2.648512852931193,,0.09627262068848361,0.3684210526315789,0,5
-0.007303474501363514,-0.96967126665446135,-0.24430369191836196,0.99995763945584359,-0.008450625469716519,0.0036477696019866618,-0.0056016563716931259,-0.24426670168875764,0.96969190977959085,13.68963582519387,-2.4110810860415079,-1.6413340971873511,,0.7441223494205902,0.5875,0,1
-0.28066988930427234,0.92966513458041256,0.23863602155481672,-0.95976115688627528,-0.2694851542789628,-0.078970078862579146,-0.0091068639083877589,-0.25119810741489862,0.96789285350235277,-0.21400032883335149,16.684779122885057,-2.7730029483206264,,0.335488397413126,0.1666666666666667,0,1
-0.084925109342207122,-0.99167276147040551,-0.096813531909922437,0.99637922477650875,-0.08491467212628713,-0.0042354328525160039,-0.0040207259266418867,-0.096822686470395852,0.99529352512094504,-6.3550204533507486,-5.1002976229590233,-3.3742067324269147,,0.09821042061372001,0.4485294117647059,0,5
-0.15732884994586582,0.98726706193692981,-0.02348151164498645,-0.98754616006147267,-0.15729550844785942,0.0032718144766496733,-0.00046338164775784201,0.023703827466292644,0.99971891741673902,6.5349234497963087,-7.4480737813525879,-2.2401828582015266,,0.1071658420561371,0.2222222222222222,1,5
0.94280912379816562,-0.32597389264818999,-0.069656136805901478,0.32959598546358965,0.94286089140039697,0.048783458609812112,0.049773913340437931,-0.068951872921888702,0.99637753726754763,5.2715130066252263,-10.659966192646971,-2.3470698246811161,,0.08039632249081549,0.3103448275862069,0,5
0.67323911055900598,0.73878994350983396,0.030635263707949553,-0.73829435199430093,0.66934247510592659,0.083078883191746083,0.040872360184288428,-0.078549795593681748,0.99607197520317636,-7.2813970027494719,-22.818331963961491,-3.4393372989003081,,0.1406354728254808,0.2,0,5
0.83439663999420122,-0.54574886605959849,-0.077074135486889253,0.54923093033790438,0.81159682413438927,0.19913809333006677,-0.046126265040091395,-0.20849165510791309,0.97693582052446781,26.655058079950233,13.386296196053904,-0.54561498881553494,,0.3577979361352882,0.8666666666666667,0,2
0.061949146087586678,0.99807500967768348,-0.0029288830482160455,-0.99807900263322002,0.061946568251641618,-0.00096290421137109087,-0.00077961637643549563,0.0029829077652513986,0.99999524721848998,-0.41247031412121493,13.732519702156996,-2.8039429102116609,,0.102399735098663,0.3541666666666667,1,5
-0.38860780740565393,0.91927828932397448,0.062541176843417493,-0.9212558561089379,-0.38643548052988497,-0.044218400837512835,-0.016480886152160049,-0.07480004121139304,0.99706235222598572,9.2471367269670104,8.3820087032372008,-1.9649593767669526,,0.144375849167729,0.2758620689655172,0,4
-0.36056544077049107,-0.92498227267049382,-0.12000149235451181,0.93234814576026259,-0.36112087657510411,-0.017850703040177402,-0.026823460242512573,-0.11831951549493816,0.99261321481917708,16.019881193552113,1.6305389887442061,-1.4262924394153613,,0.1027872469083476,0.1290322580645161,0,8
-0.96873103649797798,-0.23216370958921817,-0.087522516390503735,0.24104201268073019,-0.96424004065539126,-0.11018117860919674,-0.058812643609818145,-0.12783253086230525,0.99005046184775947,23.522121507349627,17.468162709308618,-0.76196691212658318,,0.1891655074353475,0.2258064516129032,0,5
-0.018046059033702683,0.99928390228660124,-0.033256914833092482,-0.99981812483537136,-0.017830500095723963,0.0067668690706193819,0.0061690359080360975,0.033372981544953897,0.99942392761968946,9.2368608390435245,-7.7575219560685191,-2.0082001211974121,,0.09308700947898038,0.8,0,5
0.99843161947466952,0.019736423080460436,-0.052390598748036615,-0.012300161409793351,0.99026641901664347,0.13864027335967805,0.054616913703373376,-0.13777841983395761,0.98895606563971061,9.3225856381714411,24.358408335711925,-1.9695321214215029,0.4855828981219942,0.2089911215450647,0.2222222222222222,1,5
-0.73613507457226734,0.67414651281988469,0.06026301716037704,-0.67570028590248166,-0.72682982369114579,-0.12307530631447902,-0.039169830428371834,-0.13131978771642644,0.9905659179167865,-19.089613382363421,6.5521709191882813,-4.7980014993184756,,0.09162511114574862,0.4054054054054054,0,5
-0.12669608885351946,-0.95376292531086815,-0.27255161597700667,0.99190950067083938,-0.12402557071596014,-0.027077671382661553,-0.0079776906525717683,-0.27377717237022708,0.96176006173099937,-7.0598735902539911,25.329860495180693,-3.603368973020916,,0.1485035598143125,0.4545454545454545,0,5
-0.8579459667855287,0.51259391530097342,-0.034295715080207158,-0.51213879160218623,-0.85863060249831546,-0.021618200425373536,-0.040528708500232255,-0.00098308178580025453,0.99917789073693242,-1.6448641741714212,15.408381485266332,-2.8988975858943333,,0.1036807900057421,0.3333333333333333,0,5
0.42832194639462728,-0.89498906705748515,-0.12463899905042256,0.9034995275633847,0.42647791632537613,0.042487534401364602,0.01512990183245462,-0.13080962019033104,0.99129205047564195,-11.918324296726606,-7.2423202250242591,-3.8871201087625642,0.1383682570962264,0.1144039781070795,0.4285714285714285,1,3
-0.77220077049319824,-0.62193781790991998,-0.12999738729358995,0.63471608842045768,-0.76441833285279825,-0.11313752471564753,-0.029007880824806077,-0.1698763169249829,0.98503836463259553,0.82855509088423696,8.3503730181404201,-2.6887804088448681,0.4330402073263181,0.3707278581264884,0.5562913907284768,1,5
0.78521190625198456,-0.60863357784202488,-0.11405012145255453,0.6183955165658569,0.78028455734819413,0.093503982028475235,0.032081885408646996,-0.14394852374078146,0.98906500046330525,-15.440265170944274,-11.617836773086863,-4.2051493028987856,,0.2448603103104138,0.6075949367088608,1,2
-0.25284579894315246,0.93946288108565268,0.23125418270605322,-0.96745060836760555,-0.2429314899524011,-0.0708774404070662,-0.010407801206292778,-0.2416480627932949,0.97030814251056297,3.8114079440393067,11.800447862540846,-2.4331844599786572,,0.3051862723152909,0.1304347826086956,0,5
-0.95420705856779087,0.29821519370097899,-0.0235921093862126,-0.2959336903326053,-0.95254555767138682,-0.071275602323874962,-0.043728026545102584,-0.061029982847719974,0.99717761752261402,-10.573465377341231,-8.3695334871304681,-3.7605952376468856,,0.444572520880379,0.8958333333333334,1,5
0.76854658779674867,0.63972773660360049,0.0091959450851260179,-0.63841151162890308,0.76586254997269287,0.0767156852868002,0.042034321758215372,-0.064830375360311249,0.99701060085887139,-0.23491636656207299,18.237806321930528,-2.7733002968746576,,0.1302115943377297,0.2727272727272727,0,1
0.072108955283570433,-0.96322708741300767,-0.25883175354227167,0.99730819269592985,0.073090678148697116,0.0058413653662904592,0.013291627044533901,-0.25855624309155401,0.96590475814590071,-0.23615508109834488,-21.828981059116199,-2.8438341135094447,,0.3515032990528862,0.2307692307692308,0,5
-0.70846474035351037,0.70522090443282515,-0.027224761280498368,-0.70502533531588063,-0.70895741081010033,-0.017851224612546786,-0.031890253033838988,0.0065471832405580186,0.99946993259079631,18.134579889305783,9.9876129509936558,-1.2182378566326546,,0.109569344662361,0.5833333333333334,0,5
0.97571051855987501,-0.18667351764282492,-0.11463848299098713,0.21373961680858866,0.92590967606175978,0.31145890255654218,0.048003751708992869,-0.32839651274954468,0.94331933629911369,-36.480441995635687,2.2648582589374886,-6.5554681373322436,,0.2620765414978393,0.2857142857142857,0,1
-0.58472757194630809,0.80544434532677267,0.096711287794660122,-0.81083307627543677,-0.57654608280087116,-0.10071909860936248,-0.025365114300681686,-0.13730994497157667,0.99020330740127083,-1.3830867253415084,-6.2989485699051144,-2.9445572105364342,,0.6674040373405657,0.2323943661971831,1,3
-0.75012021368770443,0.66109819659517266,-0.016396325067633791,-0.66040059339934676,-0.75016178433238634,-0.033590974458045285,-0.034506829105318257,-0.014369126134213199,0.99930115929044927,-0.56564586345241619,11.974500414497221,-2.8288944146082877,0.4794335070114735,0.4470394252214875,0.935374149659864,1,5
0.2824582237475628,0.95793085748064244,0.050850999240662199,-0.95919534542578222,0.28133375222029172,0.028206544899491499,0.012713817321609422,-0.056743212352259369,0.99830785166754066,9.6138327323401445,16.114775926272273,-1.9000258109640109,,0.3164706146284086,0.6923076923076923,0,5
0.18674258457250847,-0.94801477735381467,-0.25767263926535933,0.98229189833146258,0.18423080860013377,0.034082776220721381,0.015160263175500661,-0.259474451692912,0.96563097264902975,-0.3919920783904477,20.703915433705692,-2.8083833534647935,,0.6273942918220085,0.1333333333333333,0,2
-0.60402755602184766,-0.77466202193660516,-0.18721501898983456,0.79583789274959005,-0.5987761775562005,-0.090050750441499863,-0.042340997037923662,-0.20338594091105699,0.97818270226454029,-10.069227080449325,-14.306575804906021,-3.7172858166615268,,0.4351309961601372,0.5245901639344263,1,5
0.74140105459612682,-0.66300386250903998,-0.10368391650513706,0.67006471448022087,0.73983046117852813,0.060532364243483502,0.036575328464557889,-0.1143536925965213,0.99276657797150336,-1.2142765221545115,-13.910268683678172,-2.9388159407480097,,0.1467953247653956,0.5306122448979592,0,8
0.36458315951197934,0.90275457789189284,0.22828335877915376,-0.93093594763274945,0.34786200952720076,0.1111318304214006,0.020913660735889527,-0.25303397879124223,0.96723131895720593,-29.242886883039994,6.5342529120763526,-6.3115809105831353,,0.152729636960439,0.3333333333333333,0,5
0.97257764942811986,0.22900325552383172,-0.040622958931601297,-0.22697472475840325,0.9726644082757262,0.049055307505680545,0.050746331431138658,-0.038489710743476284,0.99796961477449964,-7.3169311980032417,-8.87447850301991,-3.4715943550900521,,0.09185252438742186,0.3846153846153846,0,5
0.73861068567201948,-0.66717532700788174,-0.096598851147595519,0.67300224769400852,0.73805630235900588,0.04838252935682421,0.039015761045014731,-0.10074709712978129,0.99414676623223031,11.650912496204926,4.3193217420126198,-1.7653114331321729,,0.09639002265064697,0.3,0,4
-0.18455894735722125,-0.94709319895966371,-0.2625880184523775,0.98276835641869631,-0.18061712658390452,-0.039291363003448064,-0.010215310689808719,-0.26531476790583208,0.96410773327392518,10.579873574419459,4.6603627830092869,-1.8460367796375801,,0.5414076911615336,0.2,0,4
-0.88670159308010055,0.46228413509141675,-0.0073255219604130102,-0.4598241114572354,-0.88341302368607055,-0.090239770081698423,-0.048187875568193421,-0.076647296264216583,0.99589312710933475,3.5880863847269446,-23.768998438380716,-2.5357267747867485,,0.1803010227322353,0.1818181818181818,0,5
-0.39672449428550727,-0.90498805482625755,-0.15364340615755537,0.91792853258643714,-0.39037457880516596,-0.070815939493868524,0.0041090993683032826,-0.16912808413884484,0.985585514533318,-13.598663423206306,-17.762248168339276,-4.0273035269416866,0.5667917247274747,0.3871147402492823,0.32,1,5
0.99741999648691138,0.055360424007981426,-0.045700919703083771,-0.050068255600028026,0.99269441709699702,0.10977688302017545,0.051444342635720862,-0.10720549294747707,0.99290506187282002,-3.9592122096119136,-4.2884441252846228,-3.1752036064564466,,0.08523727378578175,0.2827586206896552,0,5
-0.94205087884893757,0.3354474184782425,-0.0038950091435002278,-0.3312830791441933,-0.93205923273288527,-0.14668710969314144,-0.052836191504377475,-0.13689636997988086,0.98917527301972386,-10.024511791306022,-12.418653279946442,-3.719211920571909,,0.3839455756288452,0.2432432432432433,0,5
0.039168695617405165,-0.99290863488861147,-0.11224195315150924,0.99921392290409083,0.038233062808010809,0.010477078931473392,-0.0061114284949340195,-0.11256409583856314,0.99362567135204294,11.99937756171027,20.744541864839739,-1.704299839381866,0.4257037574366666,0.3604433986571181,0.696969696969697,1,5
0.38983794758167895,0.90809946399343999,0.15291088293555366,-0.92076123284137734,0.38166958794083222,0.080790331955633066,0.015004223463080883,-0.17228955028063056,0.98493207082639322,11.588525845502314,5.9377450133747987,-1.7772651731777012,,0.433923599547271,0.1025641025641026,0,2
