axis_00,axis_01,axis_02,axis_10,axis_11,axis_12,axis_20,axis_21,axis_22,location_x,location_y,location_z,dbh,dbh_approximation,score,reconstructed,number_clusters
0.76494070511580914,-0.60885519706181179,-0.21014534652889849,0.64307268322919731,0.74035472421742332,0.19578663492011725,0.036376389888620506,-0.28490389842851432,0.95786561005127735,-9.4122042427857533,-17.264172772566287,-1.1309238185456389,,0.5951057417159574,0.1176470588235294,0,3
0.84755233859279355,-0.50465845028344714,-0.16424031753316259,0.52460410947598435,0.84348542552267314,0.11542471681465365,0.080284255410349795,-0.18398963418720846,0.97964394187115822,11.250807862176311,13.034412446543266,-0.68855752958320871,0.8549502860187195,0.7862778360436773,0.9411764705882353,1,5
-0.63958294245439218,0.76171645828448498,-0.10354562714052275,-0.76712630276459604,-0.64111330317025217,0.022157800090521804,-0.049506518036567922,0.093604325095962643,0.99437786328700351,-7.8482901979473221,-7.3455953745397808,-1.8071469892798229,,0.08502627293759918,0.319327731092437,0,4
0.10683623686562649,-0.98114054486487856,-0.16108770814261864,0.99371986011690849,0.099944532058581129,0.050318288134866336,-0.033269477026607368,-0.1654518713518858,0.98565654269858904,10.626275887421617,5.2198700104685933,-0.10989774465936927,0.4855352331475591,0.4538168297398633,0.9423076923076923,1,5
-0.77796104232930352,0.61885006156040323,-0.10863341071966863,-0.619230705926897,-0.78445978884835998,-0.034295371659491099,-0.10644223529774142,0.04058868052389844,0.99349011548084798,5.4217118951429466,5.4747029830489051,-0.97513819782440037,0.5745440963996519,0.4326507137186426,0.1818181818181818,1,5
0.31460186264974926,-0.89961408865932346,-0.30285336303723087,0.94871802389560311,0.28758774548707933,0.13125318960420834,-0.030980302660362107,-0.32861494203902453,0.94395574086699552,-25.261672302927323,1.9152169407449393,-5.0547747635209674,,0.2777443206608548,0.1621621621621622,0,6
0.31118281394192349,0.94595502450301638,-0.091292649894085559,-0.94704075222872308,0.31667480676501536,0.053206018253531905,0.079240582565003423,0.069901061349868815,0.99440171545352896,4.8356931765905875,-3.5535901060585435,-0.23142547699948973,0.2547201728410265,0.208671140846593,0.6020408163265306,1,5
-0.94097964203696416,0.33530692865292044,-0.04611482266401077,-0.32466862943750951,-0.93271245163936201,-0.15696421125868421,-0.095643056889441413,-0.13272809105173286,0.98652706983367011,11.111354866110164,-4.3258984031181971,0.81536718999093427,,0.4307688305218934,0.3888888888888889,0,5
0.77276008130011342,-0.60598848244789039,-0.18873212733804703,0.63411576551452498,0.74986464083671578,0.18868019596330507,0.027185523260920195,-0.2654825409764755,0.96373231125749015,-6.0767172389245276,-9.4274028487795576,-1.3756468059252924,,0.1451256441076899,0.2333333333333333,0,3
0.93232526020576589,0.36006773282125898,-0.033478903255757406,-0.33145429107489466,0.88789866918002058,0.31902038523640852,0.14459482048223196,-0.28633403753187625,0.94715635290083133,11.322484732788039,-1.7697943823070068,0.63396683162073519,,0.3806966521251748,0.3636363636363636,0,2
-0.97312313987596066,0.21763730040992219,-0.075268586463638473,-0.21204542415844049,-0.97431927382819705,-0.075754146687578613,-0.089822562485268903,-0.057757753740752135,0.99428162466748038,-5.0092575081829445,9.8561758363119356,-3.0433464638827981,0.3506016623073632,0.3456435447957187,0.5240641711229946,1,5
0.77322596552285228,-0.61570992466631369,-0.15173297238456093,0.62951796188643894,0.77411153290806722,0.066771777579044164,0.076346197702280794,-0.14714830371473378,0.98616359434440659,-3.246372660782197,-4.989987291341615,-1.3599477029931948,0.4026544743842706,0.356592554360185,0.845223700120919,1,5
-0.6004688530448582,0.79794389501249019,-0.052179468522484063,-0.7946057264104246,-0.60272718151759752,-0.072949874678542137,-0.089659891137312001,-0.0023420230889719946,0.99596968771599492,-5.883545911003659,6.4025566460224761,-2.825303532403082,0.9257143555878559,0.6479550242085638,0.3057324840764331,1,3
0.19489462230460802,-0.96208402032699813,-0.19081515670455321,0.98060384063775219,0.18700437428408323,0.058698140729561525,-0.020789274235362216,-0.19855402748385015,0.97986943224427003,-0.66351613433354384,4.6424833812065032,-1.8267766132427943,,0.06805779169453796,0.2,0,5
0.70647838672427599,0.70356698035568332,-0.076692850022993767,-0.69631014898846411,0.7103731072323437,0.1025778969209626,0.12665095936125645,-0.019067057304430011,0.99176407568464708,17.732492785916811,4.5221841760336536,1.0748428930201241,0.3711710597557949,0.2906971537306167,0.6097560975609756,1,5
0.20357268968125136,0.97543496167038979,-0.084171227667331677,-0.97576364315801112,0.20918479070087453,0.064242011413377473,0.080271244583263041,0.069053304703803053,0.99437828234658121,-13.341108942827669,-10.319018184505024,-2.3500927890347838,0.3880511961187406,0.3596759367540079,0.8969072164948454,1,3
0.22431911087252265,-0.92331734505591279,-0.31171464004159433,0.97369637527107089,0.1992412300071166,0.11053642408377638,-0.039953789323894005,-0.32831084749692796,0.94372436767019541,6.5872091704090465,16.504038780312751,-1.7428501143710911,,0.2570481769137588,0.3684210526315789,0,3
-0.99089108897602318,0.022848881152569001,-0.13271314335056109,-0.011081404770558136,-0.99599324610632145,-0.088739259512931989,-0.13420898724087688,-0.086460293433854377,0.98717402994766323,-4.3919329474156621,-28.636337451291972,0.70930017734221873,,0.5563019363408189,0.4782608695652174,0,3
-0.31664156516850256,0.94208262454569291,-0.11053708760746116,-0.94854473110198712,-0.31436043371335776,0.03795274448848375,0.0010061343347299101,0.11686678845868982,0.99314708953359576,12.697947441457611,-2.2346803088466483,0.85696945075604236,0.2898188112976706,0.08939784964498573,0.3333333333333333,1,4
0.715597707775673,0.69672555821945137,-0.049934128108903797,-0.68764423069260772,0.71522254838265442,0.12490843958753607,0.12274091665526278,-0.055047277941923656,0.99091092665779523,-31.314550703993792,5.0177076840259636,-6.1257650727131416,,0.1676625167669858,0.3636363636363636,0,2
0.98526999389607006,-0.078322749220716387,-0.15201508504930566,0.11542088869064289,0.96050148852569206,0.25320921980408334,0.12617867324512927,-0.26702516266157222,0.95539337705662397,10.291696573953809,20.702630831757546,-1.3852737092521059,,0.409715373528192,0.2,0,3
-0.71402799157448171,0.69977352266059134,-0.021932720563113635,-0.69937320726344654,-0.71436297776347402,-0.023720306974054479,-0.032266766341744753,-0.0015978060239764686,0.99947801516879686,-6.3621378584544361,1.7491046618863517,-2.4222874225000517,0.4525170352023308,0.4184232805433386,0.3538461538461539,1,6
0.79168937436793307,0.59707486721140857,-0.12934271319787516,-0.5955427703539663,0.80147067412548667,0.054530424498251233,0.13622313750619566,0.033857960087922807,0.99009943710046167,-2.152453819273497,1.4138811102979634,-1.7394332936886354,0.2398325718104256,0.2024822458322072,0.7873183619550859,1,5
0.067112324011324678,-0.96248932617561833,-0.26288825185581072,0.99773534413500264,0.063555703959285739,0.022019435915773766,-0.004485424128018254,-0.26377067595213244,0.96457499007498015,2.0635859022121883,6.3117573491575296,-1.5520223044340193,,0.3285355462286934,0.847457627118644,0,9
-0.48701908548178607,0.87292704075560257,0.028474407705013027,-0.87310740161432443,-0.48577071881609379,-0.041355458976756555,-0.022268264924943125,-0.045002113934370383,0.99873867158464946,-4.620607263598461,5.9590324136946435,-2.6039059335654562,,0.2150806357342537,0.4433962264150944,0,5
-0.18970828056488151,-0.96121129237716652,-0.2002089400894301,0.97899659674935857,-0.20069327803658932,0.035886929432617863,-0.074675510298153669,-0.1891958233089332,0.97909576069154991,-9.9325551362971112,6.9869731611237569,-3.4646768942750863,0.352740942994518,0.321704540450351,0.7211981566820277,1,5
0.85637426009743878,0.50502422878262188,-0.10758092296072581,-0.49633429595774398,0.86255880350202607,0.098206808100472276,0.14239168971079133,-0.030705680967376973,0.98933400217400536,0.10902700731492658,19.84239297710835,-2.9804900966126051,0.1583097177975673,0.1154019135838424,0.2333333333333333,1,5
-0.81632889818907028,-0.51900542079486245,-0.25345710320873865,0.5503198801618806,-0.83214107026517714,-0.068478235057115797,-0.17537148992932355,-0.19538324483811811,0.96491980400264121,-7.4154567012038743,6.3051085356060712,-3.0623183712843236,,0.5039686739307627,0.3768844221105528,0,4
0.58467600725374214,-0.79828025392628577,-0.14457732440879792,0.81021975270803603,0.58362573824600295,0.054082806681389567,0.041205811041050699,-0.14876032350123666,0.98801439629605425,-18.744004341685148,-2.2539757709198076,-3.8118600656943298,0.4393169716502591,0.4187827451802383,0.9912663755458515,1,5
-0.93456368854222005,0.33162505995689812,-0.12890124773230341,-0.33742006620987025,-0.94101066257027277,0.025428956879583457,-0.11286456918487645,0.067258847281533224,0.99133134545674095,6.1779682560062756,3.4987240959130248,-0.65950500311438376,0.1609553697006992,0.1072870625615732,0.4901960784313725,1,5
0.61564178005799675,0.77964875343329731,-0.11459938881566743,-0.77880580647737385,0.62415144749195683,0.062421842257505113,0.1201944859140663,0.050821175346490118,0.99144868434642286,-6.8034622021887863,5.5306540983804204,-2.8644183669644581,0.2101940871866002,0.1458088671654144,0.6375838926174496,1,5
-0.91213449962573856,-0.3362843396701255,-0.2343576273244207,0.37762226216294043,-0.91178676193078645,-0.16138874770787268,-0.15941167369878509,-0.23570690202113201,0.95866061493531352,0.10093386597567119,7.3059316580166742,-1.9721080293725337,,0.2988915373360391,0.1754385964912281,0,4
0.21245079271531456,-0.94106355629419225,-0.26318062939654591,0.97700878239485889,0.19964735275001713,0.07479821965277976,-0.017846562636815316,-0.27302072733555915,0.96184259764641966,-15.15842224156161,-12.766406438537576,-2.4028395368191813,,0.5661155142958949,0.3636363636363636,0,1
-0.086909086155918594,-0.90687342793166126,-0.4123437843050643,0.99442511863894767,-0.10378180991808636,0.018655276734507526,-0.059711759004889141,-0.40842370357461438,0.91083729842103944,-7.0587229874585455,2.3059955584756073,-2.585117024869779,,0.07600703358530093,0.296551724137931,0,3
-0.88843047834818967,-0.42365126837668493,-0.17666603506286027,0.44587196077820068,-0.88794774856726322,-0.11290257041418394,-0.10903889092341505,-0.17907651609620162,0.97777406472509643,7.9449480604016021,-9.9108177094921093,0.79573489007734,,0.2808886089104792,0.4222222222222222,0,5
-0.5227116908100552,-0.78831505506824462,-0.32454870550233761,0.84567392265336017,-0.52758853960757957,-0.080535392336659947,-0.107740915322692,-0.31655916797257871,0.94243418249654809,-5.5975013062087431,-11.420529982806377,-1.1224371314154882,,0.6829163349357346,0.3571428571428572,0,2
0.68783650969380983,-0.69742570670575821,-0.20119224527354876,0.72326539583142346,0.68195923904323408,0.10871413650665696,0.061384877006087558,-0.22029294112510131,0.97350034256049467,-8.8771257438263458,-3.7340570067926171,-2.3161739964083323,0.1509930957865662,0.1653180980725652,0.503030303030303,1,4
-0.94999018943776237,0.29968436817216054,-0.087794757504399135,-0.29636573307576924,-0.95381798230596349,-0.048975594822743308,-0.098417438650196989,-0.020506976935484377,0.99493390316467822,19.893455111201494,4.0489812876010607,1.4355414871846861,0.2270313419315005,0.1686132673879643,0.3333333333333333,1,5
-0.44891327837551781,0.89310987329311708,-0.028837869624805144,-0.89336547635411301,-0.449273452564797,-0.007175686663696332,-0.019364765857954661,0.022541496109606412,0.99955834586901782,-6.5871658838941238,12.49171453622133,-3.5418874199528361,,0.1232630042972217,0.2580645161290323,0,4
-0.94612446994174537,0.29796174594789393,-0.12675679598796505,-0.30297400181268302,-0.95274850857595828,0.021841099603625992,-0.11425953615808247,0.059068412522853116,0.9916933402211443,0.22501516186759055,-1.9744994045538347,-1.1043538303476015,0.3812280282562952,0.2121255018700379,0.8626506024096385,1,5
0.61509300916292753,0.78236615664283626,-0.097794616512425547,-0.77875418320615464,0.62223054586133564,0.079818982303836661,0.12329846802702177,0.027061868690503733,0.99200057613146964,1.7129690231236674,16.221402932591289,-2.498619139059846,0.5218592700770497,0.3266432655608595,0.7654320987654321,1,3
-0.51667848008879946,-0.84298597521725116,-0.14972639647085575,0.84914995516481406,-0.52690317067664971,0.036296037999863473,-0.10948836402432034,-0.10838678110320159,0.98806103243947674,-2.7890236848474186,8.1984468574738898,-2.5140972670988413,0.1701151346887918,0.1499856454555401,0.6976744186046512,1,5
0.025064313211534107,0.99917861940061892,0.031841274093647523,-0.99871781561465156,0.02362598249904091,0.044772064112048225,0.043983007822708677,-0.032922628747226262,0.99848965720193605,1.8145086035699818,15.351109857947989,-2.4291483471929896,0.6806287569206109,0.5043804943769594,0.4375,1,5
0.4096908745000003,-0.89414550295575934,-0.18071305125921999,0.91212188812611994,0.40449633077407571,0.066455846932769805,0.013676569477289525,-0.19205868356911665,0.98128813990235875,-20.85464313204081,-7.4276247744295549,-3.6300716271795594,,0.3071530612625188,0.725,1,4
0.4569251854673726,0.88433461897172483,-0.095768766170082828,-0.88462130391767613,0.46304177707911393,0.055113168430107669,0.093083422480033109,0.059536496097344273,0.99387669360532505,-19.545810425540282,3.1055346679797817,-4.3872626623740603,,0.1328665259342075,0.4880952380952381,0,3
-0.63833485048146565,-0.71244001028969939,-0.29147529980980791,0.76183885394494266,-0.63890201098201949,-0.10679785102232936,-0.11013709311880718,-0.2902299986244431,0.95059790059614302,-15.251368531076455,-8.4541280591886014,-2.7704967421529947,,0.5845777271936216,0.4367816091954023,0,2
-0.65251539468550102,0.7577754579944278,-0.00012231009712728333,-0.75591723226116569,-0.65092656860874765,-0.069883762419178014,-0.053035814965395639,-0.045507774506959649,0.99755513370960103,0.7245895887914765,27.780911549941315,-3.2534937501089187,,0.3416365656604458,0.25,0,5
-0.36682084496192324,-0.89339484126618818,-0.25939954761021156,0.92673304605159368,-0.37529025037924935,-0.017974685705587658,-0.081291629688147196,-0.24698762229966545,0.96560280932348286,-6.7223213870555014,-8.2418861714609726,-1.5856670778585085,0.3825581167631051,0.1691579582485479,0.3043478260869565,1,5
-0.91753885382556166,0.37663151620522561,-0.12755842865693925,-0.38345227567687007,-0.92297000064236623,0.033026204632986493,-0.10529389345400872,0.079215395695427931,0.9912810484852983,-17.619011667291421,-2.8216780063959739,-3.625275333651707,0.1966478003912216,0.1755337965135123,0.8344370860927153,1,5
-0.70455276766958885,0.70410805942166621,-0.088528177585323747,-0.70644538431663551,-0.70773571507531896,-0.0067139097811354321,-0.06738187105479132,0.05781001871893246,0.99605104547351053,-4.2473400287222702,14.439531247086046,-3.3784493160625582,0.2037287247274734,0.1165210448702556,0.4545454545454545,1,5
-0.32869777855684307,-0.89747050979005794,-0.29411639605600043,0.94289908472309936,-0.32959872821856517,-0.048020770350401538,-0.0538431648413994,-0.29310640118202475,0.95456249202762178,-8.2369514561845971,12.830815314185408,-3.8226809687412486,,0.6221003426155385,0.2933333333333333,0,4
0.98775514478662252,-0.049632339223838327,-0.14790674376352589,0.087060386110242319,0.96205986923432241,0.2585755154286174,0.1294614348672801,-0.26828611390083051,0.95460059604532876,-1.686075358170201,-13.440482886873301,-0.35786265026645486,,0.3697165769465232,0.28125,0,3
-0.1372588237980007,0.99048029831368822,-0.010430433452937217,-0.98994235176659329,-0.13680479321241737,0.036035936687338267,0.034265952028443021,0.015271778106508869,0.99929606089739476,-23.456904830952954,0.8024075152066712,-4.7230703825298868,,0.318218068818203,0.6595744680851063,0,5
-0.96479819254420451,0.25722365638366024,-0.054776256353080782,-0.24495123498271551,-0.95472111704830886,-0.16883862455751456,-0.095725337000609687,-0.14947768816332246,0.98412046040993884,0.21387046385282585,-13.753821516492,-0.04437026272957105,,0.432191884036011,0.2222222222222222,0,3
-0.94195261193456681,-0.28275475602258238,-0.18103873844085616,0.31439797634771549,-0.93204847726105644,-0.18010982345171214,-0.11780997130170347,-0.22657313164176254,0.96684302070187988,-13.983267098157388,17.298405230548585,-4.8151250886519348,,0.4002818663315746,0.3793103448275862,0,2
-0.89040612915938899,0.45479736760291545,-0.01833792727799935,-0.43893226134034835,-0.86861451983406202,-0.2298853755420108,-0.12047985354424545,-0.19664223949828696,0.97304492935067322,-4.7447954176018223,12.695523109736422,-3.2628344738239066,0.927686701827784,0.4533232853202142,0.1153846153846154,1,4
-0.9011876857724237,-0.34833327879812553,-0.25792379086445116,0.4034926546320014,-0.89155162418830813,-0.20574104856641706,-0.1582859206315026,-0.28948165449460805,0.94400526430783238,-16.88490296925605,2.134782665136572,-3.9561049140256785,,0.3251814791921023,0.1830985915492958,0,2
-0.99538201188087971,0.044331517584095696,-0.085143214483971219,-0.031970279907085897,-0.98943411887909538,-0.14141437550903821,-0.090512715276004727,-0.13803927320382303,0.98628221489932877,-24.94532295428635,-2.0120396750385212,-4.6592503641578515,0.4123730891156724,0.3025969389853443,0.169811320754717,1,9
0.90270665081618839,0.42069126528102302,-0.090219520551107851,-0.40613245356393463,0.90237627442755231,0.14413011313528268,0.14204623449552778,-0.093466136469326097,0.98543744022598356,7.6541136919878836,-5.6061779513480596,0.37913299154320845,,0.08894927807298053,0.2777777777777778,0,3
-0.72343156473329795,0.67987315654737257,-0.12008023215268995,-0.68692748817507354,-0.7262387939796674,0.026605264675299323,-0.069118717703793991,0.10173350050632231,0.99240762680347905,-6.7301661908071058,-13.806154588077415,-1.0198285958653937,0.7600545510140838,0.6563502895061488,0.9923857868020305,1,5
-0.42769407770126355,0.89354512557649268,0.13658288493714574,-0.90322348461957913,-0.41651044044290803,-0.10347168614513719,-0.035568423228034565,-0.16761909664636299,0.98520999066621673,12.621713870440745,15.47708350655042,-0.64283639287731231,,0.2493174022376087,0.1818181818181818,0,2
0.52063153572474086,-0.77898466808247224,-0.34946486361483908,0.85336871810073667,0.4875171913888583,0.18463157657189813,0.026544961405193104,-0.39434740393815138,0.91857797166666111,-28.139826768345159,0.51336673410872635,-5.294513422152944,,0.3468452395285577,0.1818181818181818,0,2
0.55834007753242021,-0.80009360172278632,-0.21933213695979506,0.82881422315386533,0.54954855189102469,0.10518256800597929,0.036377758575063396,-0.24051323788252738,0.96996393803291325,-21.89173224248006,-9.7745517223977423,-3.5746372923347738,,0.590424570314275,0.725,0,1
-0.42026399583299801,-0.85854001603474484,-0.29374685474663714,0.90313465768285917,-0.42712176851193273,-0.043758255853083586,-0.087897462412442617,-0.28368298456252028,0.95488114463065754,4.8352442303564791,13.46211433159668,-1.7904868051282834,,0.2085028208230668,0.5,0,5
0.34276270005843784,-0.91440678088732152,-0.21534616438640233,0.9394217154122797,0.33345083423397942,0.079356044259483421,-0.00075634681153249547,-0.22950115515166628,0.97330809496456561,-3.2555264784833842,18.148466266759286,-3.4196990383719772,0.2921714765955908,0.3434735289280014,0.4782608695652174,1,5
0.29537568311386581,-0.93825235882804492,-0.18009918650184234,0.95537732708621337,0.28954316793513674,0.058471504099742944,-0.002714537643523072,-0.18933373987668853,0.98190904172926674,0.60715772401295631,10.96408365421107,-2.2621049437259573,0.2066731771825437,0.1734646661243369,0.4696969696969697,1,5
0.99076482177398739,0.030568458259700872,-0.13210086031053533,-0.012878936637793884,0.99106688961985978,0.13274243213944778,0.13497852024021578,-0.12981521351074826,0.98230789949736241,-8.1427676445102701,24.593885555920263,-4.3394849703654632,,0.1499186531386432,0.2380952380952381,0,4
-0.97168090344343261,0.2023075789466213,-0.1220977697753302,-0.20210540269529695,-0.97926127382753458,-0.014169113700040502,-0.12243213665016559,0.010908761727592682,0.99241693397122377,30.553865381705183,3.0178090061995695,3.2088191186671606,0.323073938084154,0.3444935074330035,0.5,1,5
0.42760492175034004,0.89612983763913789,-0.11876592519632123,-0.89832312159282857,0.43590912254242198,0.05476135586352851,0.10084443517915015,0.083273951372253061,0.9914110393354767,1.2897619945933709,4.8702607352909189,-1.5404090774336261,,0.07088552072900514,0.2686567164179104,0,5
-0.32923714474943999,0.94071741773191364,-0.081569862651818051,-0.94424719690867764,-0.32797289771795468,0.02882723525752446,0.0003655780914364188,0.086513110788412798,0.99625064517638862,-16.886239312472298,-9.4767449181620957,-2.9022020883338966,,0.08915271493561736,0.35,0,1
0.4827357399784169,-0.85692924693015549,-0.18066120530763091,0.8753685024741924,0.47835332844326806,0.070057676548226699,0.02638541687332957,-0.19196447307500036,0.98104711958878787,-3.1159384361182525,-9.5039479296227558,-0.91314262915289157,0.267246162652379,0.1277089398011796,0.125,1,3
-0.71075726164428665,-0.61202796306944907,-0.34676488784329901,0.69133002812668498,-0.69881967427033465,-0.18361333029782947,-0.12994963343646482,-0.37023348750992796,0.91980446699065566,-0.60037468103927405,19.32219489952103,-3.0557917201837026,,0.5770133994472536,0.3333333333333333,0,1
-0.031414046340341464,0.99947494913008406,-0.0079362304617643289,-0.99855747622042512,-0.031037310313954632,0.043813834034125643,0.043544510294886825,0.00930115207329907,0.99900819025335696,-19.920250054824432,12.14191003490974,-5.2250410270758207,,0.4534629789573953,0.1578947368421053,0,1
-0.28755431308155416,0.95526653069319201,-0.069125772079511746,-0.95776081108824318,-0.28660760960835363,0.023458620125152204,0.0025972623637628908,0.072951582929903447,0.99733210154704011,-21.314957051156039,-0.16628985192851187,-4.3455794170376789,,0.1040866430603044,0.3055555555555556,0,5
0.60701375487654907,0.79464522908068413,-0.0085592809265539818,-0.78673627730494267,0.6024226970613259,0.13465854609982278,0.1121620763138458,-0.07500569288170604,0.99085509267112426,5.2834792151241254,10.865154588528798,-1.5199004912967786,,0.2943050263455406,0.2790697674418605,0,5
-0.21028714509245816,-0.95061390191710782,-0.22828168146128994,0.97460978500835227,-0.22220964231922821,0.027543453420601192,-0.076909580513975076,-0.21669352630452776,0.97320544186871072,-23.532186886328969,1.6800241454472955,-4.7837647648545083,0.2342692302760658,0.2291410931296083,0.4318181818181818,1,5
-0.55705303228727199,0.82387701477993436,-0.10449202714494564,-0.8296382912980218,-0.55772105555520446,0.025446606895375399,-0.037312529151141804,0.1008656963872903,0.99420012394922408,-8.5762891912212726,-9.6554901175649235,-1.6897458350955898,0.2258010822071766,0.1269830014345555,0.6517857142857143,1,5
-0.98285717522100868,-0.033428826585099401,-0.18131267652793032,0.047771242262798053,-0.99601435806816685,-0.075321357759443278,-0.17807212451489307,-0.082691668716989561,0.98053679502380309,15.4121678974525,-7.9931000544199549,1.8653643413921659,,0.1870911314415193,0.5600000000000001,0,2
-0.51627683499439381,-0.83841282878349965,-0.17470591913104111,0.8487051780492757,-0.52818920483645493,0.026752283016241097,-0.11470723778611008,-0.13446223419787337,0.98425716008266728,20.186568423672174,-2.6823513936989407,2.1148727390305391,,0.1185842543757661,0.1578947368421053,0,4
0.15873830599104288,0.98725407981870639,-0.01146874415152758,-0.98492071220971611,0.15915119834573566,0.067838681630922812,0.068799279584887116,0.00052720625511523418,0.99763038304883478,7.0427444274153457,-4.8138924460332229,0.19585861605455895,,0.08912170419308629,0.4375,0,1
0.7410966463488986,-0.64346477655966938,-0.19164770308415047,0.66585030043813342,0.7410141606539502,0.086841183298996011,0.086134419234493428,-0.19196639038471563,0.97761432415129856,-12.565233375461698,-14.42723373094721,-1.8766060904572202,,0.1129112261855595,0.3103448275862069,0,3
-0.9758138043951371,0.19100898721808512,-0.10631550194496858,-0.16979990867064818,-0.96858641144912594,-0.18168201499197409,-0.13767864818964765,-0.15923545571896278,0.97759329962650898,10.631968821030755,3.9849122616796944,-0.020035909129513158,0.3196382339956262,0.328500319116258,0.1363636363636364,1,5
0.34723241915621111,-0.88066696879383033,-0.32226594167304079,0.93777604226977562,0.32696246036327248,0.11692580578311737,0.0023961702279101898,-0.34281370974434783,0.93940035063840421,-29.310624297191008,12.938923521577571,-6.4733530826800019,,0.5394447087703531,0.5454545454545454,0,1
-0.69892545116268101,-0.66004510113410331,-0.2753973096925878,0.70581924802390572,-0.69871951595207027,-0.11666287818613857,-0.11542271369194186,-0.27591937680521261,0.9542253898673061,-7.5845989659961726,18.242608732216528,-4.124992022062818,,0.2303251931612357,0.125,0,5
-0.29818153141555576,-0.91085228879907776,-0.28536972914475894,0.94968340521650341,-0.31313011031206356,0.0071388985382561812,-0.095860336839897184,-0.26888220842114874,0.95839091910112828,-3.8463577343686755,20.255188854134914,-3.5989798646558078,,0.3945496366516287,0.8275862068965517,0,3
0.60775838213602829,0.79387540718508076,-0.019788552501877301,-0.78498505165401633,0.60434830427560504,0.13624094758530539,0.12011751588814389,-0.067267859977280312,0.9904780751692277,0.55469893716595953,-11.187577363329511,-0.21629147609022162,,0.1040195283806685,0.3333333333333333,0,4
-0.93402869074568107,0.3516956862004173,-0.06245437672354278,-0.33951380911691004,-0.92844423290891664,-0.15073712149666241,-0.11099900126953859,-0.11958867290086786,0.9865990933661829,-16.729484967849288,-11.483210708973218,-2.7179304148329284,,0.08312342379656593,0.2727272727272727,0,1
0.53951438986571121,0.82739947957512772,0.15599462915958495,-0.83429602003995196,0.50037040140523259,0.23147270323530916,0.11346529898310093,-0.25502855251201462,0.96025312461366208,-21.969993636512285,-7.526498267681224,-3.7797696793726607,,0.3888287084261697,0.3125,0,1
0.98724264305136433,0.032236346245991032,-0.15592556468284469,-0.0094655741442020228,0.98944088240705819,0.14462760154155266,0.15894139374963345,-0.14130661061058011,0.97712336741614825,-17.203129074334864,-1.1739381421364241,-3.6953274020312112,0.3955224985774606,0.3040636176299689,0.4,1,5
-0.58649836190567084,-0.74906380646601722,-0.30809590280398924,0.80126672165208479,-0.59214587837686816,-0.085644027778980475,-0.118284877540978,-0.29709707599356777,0.94749248819248555,-18.63220761115722,-5.8992080709821577,-3.4907567874680168,,0.4310312157008435,0.15,0,1
-0.98709295737447056,0.093089231371188255,-0.13031457518037684,-0.066542114038083133,-0.9785470521993529,-0.19498157269675201,-0.14566962813525489,-0.18379352990428535,0.97211125793514908,-18.103115753361266,24.630890833916645,-5.7265995526940667,,0.3194630094478357,0.5,0,4
0.99055484160809049,0.028212501297713702,-0.13418330945873594,-0.0082250298284195118,0.98906708112398378,0.14723674107098939,0.13687021097044458,-0.14474240500769101,0.97995723454725148,-14.104994542192856,-11.605824425003492,-2.3582363035685296,,0.4465338089573583,0.5333333333333333,0,2
0.38940654965694205,-0.8944988562518662,-0.21962316646560359,0.9210579070931032,0.37916954497979732,0.088785065980069175,0.003856276124366865,-0.23685914025833185,0.97153634868209426,-1.690590962565957,13.458192772449554,-2.8453530661253437,0.2511238904069565,0.178109431089777,0.6166666666666667,1,5
0.096962091491790192,-0.96539284628012578,-0.24210535963644556,0.99448895950441663,0.084228433516651449,0.062428202049645318,-0.039875584476694606,-0.24682427623409725,0.96823949228698258,15.076703254312712,2.5961999706307601,0.83281209329463979,0.5052182853854849,0.3924917389895785,0.9775280898876404,1,5
-0.53598141356608298,0.84230184358865934,-0.057022176377706964,-0.84389029173061303,-0.53645767306136138,0.0078956023463371099,-0.023939503639916516,0.05235235716504303,0.99834169043706633,16.676582992703061,3.2690849114169143,1.0250482694061631,0.157343488345413,0.147600242539433,0.4838709677419355,1,5
-0.45145396162321549,0.8836231827796287,-0.12409428427249455,-0.89210113941949498,-0.44986440181574672,0.042161321438002469,-0.018570879923756289,0.12973854798539514,0.99137431456816483,-4.9073543873301828,-6.5222851661057222,-1.4409667392296686,,0.07067064013148538,0.3815789473684211,0,5
-0.98319338709618775,-0.11347385998014324,-0.14301904303808691,0.13444022368963648,-0.98000824641225071,-0.14666173058525939,-0.12351756889043668,-0.16342435578942818,0.97879307829091466,-12.391232513171504,16.760117274485374,-4.6153465015283954,,0.1939969669098711,0.3,0,4
0.040349382707404575,0.99506888119421721,0.090608217033668212,-0.99819171291880693,0.036099450095096831,0.048063852977573665,0.04455593759926494,-0.092383718163540768,0.99472610151887031,-15.060160328380348,-19.728941714369924,-1.7380371521613125,,0.304571991901023,0.2,0,3
-0.95860103137876718,-0.21220954420441501,-0.18987146175273292,0.24686547361461877,-0.95166832788372413,-0.18271516532578208,-0.14192075456604317,-0.22202365426132489,0.96465745027540939,7.6943800874621999,11.374200376238717,-1.1500184820260664,,0.1040212643651625,0.3333333333333333,0,5
0.98972564180374933,-0.0097697697601214582,-0.14264538392458473,0.029285521717915375,0.99036307295530335,0.13536373939958807,0.1399482481986376,-0.13815040834309644,0.98047384080390931,-22.672796202948312,5.8051798207296823,-5.0272411865697855,,0.09269334166331053,0.4333333333333333,0,2
0.7790506464767033,0.62237568562786372,-0.075687490138579394,-0.6115247718246114,0.7809356511827904,0.12718868721929846,0.13826620580998131,-0.052801653865745361,0.98898657305342341,-7.7015989635608459,-6.0145052807525268,-1.9242149283858758,0.5858169882496931,0.2854322141570538,0.1641791044776119,1,4
-0.76412713723901049,-0.59870795364540852,-0.24012185318425674,0.63009122140576113,-0.77249038589921526,-0.079016810873875298,-0.13818382988725708,-0.21167756124589376,0.9675214928996051,-15.362182431140248,-5.8320936902212281,-3.0223572842910489,,0.4277458707638541,0.1578947368421053,0,2
-0.98416279749733737,0.12667175977787587,-0.12400747274657167,-0.12432958806738345,-0.99188760274960053,-0.026478992477925095,-0.1263556154399573,-0.010641841308127198,0.99192792563792809,-6.5135359242864919,19.919263697998179,-4.0036933112867139,0.2400786670169707,0.2036711814434786,0.5555555555555556,1,5
-0.20852605268502952,-0.95173748576738038,-0.22519467919288669,0.97521455073625551,-0.21975946494071627,0.025736309006048681,-0.073982872233274127,-0.21424643696957255,0.97397381836575025,9.7872074541528633,11.74107557653771,-0.8404600007257006,0.4619643431508003,0.6093938626141446,0.8181818181818182,1,5
0.93805244888217543,-0.28870848620115164,-0.1915855243529434,0.3261383687429924,0.92241925832055172,0.20682474782535723,0.11701011742500228,-0.25649585157425459,0.95943655889557622,8.3605193598576708,24.691280758779733,-1.8983502343003449,,0.3385450979626982,0.3636363636363636,0,5
0.97767985054563522,0.17828822342747952,-0.11115493342240015,-0.15684878791282239,0.97136733828535127,0.17844873729648833,0.13978758016127013,-0.15703121823225391,0.97765056586346388,-0.26900640953977734,-9.6049926351514436,-0.49535352926265441,0.3625080873963512,0.1155342807299904,0.2608695652173913,1,5
-0.99039968120701205,0.012216359790993222,-0.13769252709753349,0.024198100382045156,-0.96538507915248017,-0.25970387152997898,-0.13609894710448153,-0.26054252916408166,0.95582146193409712,9.5438504950310783,-2.0762643822791227,0.3580447988853625,,0.2848493403528637,0.18,0,1
0.61918114413716641,0.78524018925344674,-0.0035434342382533292,-0.77588851430874273,0.61248930340182905,0.15117495355419922,0.12087896470751835,-0.090855370779902925,0.98850067146749343,-10.541218207303265,8.9618002484568198,-3.706706623667777,,0.07675071637696919,0.1666666666666667,0,3
0.96112576272127392,-0.2090523977442435,-0.18037284504833856,0.24914193955743477,0.93821345438870096,0.24017453644710207,0.11901916730934077,-0.27577637498778512,0.95382484178783455,-2.2672255266847272,-22.080392141717095,0.44448758690629758,,0.2533592665300628,0.3571428571428572,0,1
0.021844505341707166,-0.97845658887046005,-0.20529374389484117,0.99875452302939027,0.012144053067168139,0.048393436573963049,-0.044857778753662231,-0.2060951859483533,0.97750322455437566,-26.43822609264036,11.560824050392997,-6.0364676118014868,,0.1871099222958484,0.375,0,1
0.85501906314429088,0.51238176942666103,-0.080045762030619097,-0.49930330872562023,0.85505412803142311,0.13992370789851835,0.14013781629348393,-0.079670323807714882,0.98692149229250603,-11.541238388489356,-4.9427256968909594,-2.6385960718202259,,0.08277880530713046,0.2769230769230769,0,3
0.92040559719431947,0.37405261524500688,-0.11374611062246694,-0.36244398376479992,0.92543502506980047,0.11047340406975216,0.14658750044280422,-0.06045374597515106,0.98734869692095206,-7.3403981411394765,23.506677244988627,-4.207031720931214,0.3361353765107241,0.2524993684080564,0.6511627906976745,1,5
0.30994526771995917,0.94371732542000653,-0.11546229133406925,-0.94675272951517009,0.31748683119411675,0.053491879513574786,0.087138970464305535,0.092734684559927047,0.99187049462416865,-8.3572337286808445,0.89248191107232078,-2.6657384570613845,0.2761836043551705,0.2263584755315548,0.8342175066312998,1,5
-0.96878743013683666,0.22179867248491555,-0.11070801277592078,-0.21981700463701462,-0.97508124978648092,-0.029950639179249918,-0.11459231946895487,-0.0046802990037019335,0.99340157797335993,-9.851371795505516,13.566458388291284,-4.1015484484352562,0.3588683906685922,0.3204977820239711,0.5555555555555556,1,5
-0.53655078992970751,-0.81310750533329501,-0.22576411272934857,0.83700927537443881,-0.54683108922610801,-0.019779605479953537,-0.10737189000367385,-0.1995794193459125,0.97398117672293072,-13.915939454974957,-6.086732040820511,-2.8188868970798135,0.3286705924592326,0.2328803463182675,0.7158671586715867,1,4
0.71921275185692035,-0.66744917373061374,-0.19298864747108049,0.69178656499101066,0.71372315709835665,0.1096841078711627,0.064531899587214323,-0.21239316257327009,0.97505116708190775,0.42727445058512409,-4.4941406150022374,-0.82176615291436395,,0.0743105979829129,0.4666666666666667,0,5
-0.82624212676163311,0.56329951974275327,-0.0041951188298986032,-0.55866748743040562,-0.82035712647418013,-0.1220853125122916,-0.072212093534331154,-0.098528351760342914,0.99251074424752672,-25.612822193903671,4.3810075592717732,-5.3102091674533298,,0.2722404557325261,0.1666666666666667,0,2
0.12548767818523537,0.98331924121494074,0.13166667186555339,-0.99150854111181774,0.11974076062707302,0.050724384143761674,0.034112395488922316,-0.13691391492803992,0.98999541633943133,-24.751363787541727,6.0754205763146043,-5.3199308952785405,,0.2707234215030871,0.1923076923076923,0,2
0.91678056189673407,0.38305426630390155,-0.11306117987482701,-0.37300032245493558,0.92237466803014134,0.10047751601627262,0.14277310943179153,-0.049943977040940543,0.9884945312850808,-11.600591881967327,-5.7672526983964421,-2.5309608606403144,,0.0643564746086277,0.2222222222222222,0,3
-0.15005372585156182,-0.97375505358293757,-0.17112853350553897,0.98643259855228482,-0.15911168001115511,0.040425261871955491,-0.066592851504141765,-0.16274080282989845,0.98441902827141103,11.140238237233707,1.75018334861248,0.26991838866096518,0.3704059327617329,0.3568310737024724,0.9782608695652174,1,5
0.99082745279919748,0.057259417848641657,-0.12240227876591948,-0.010051146910642994,0.93450884961687108,0.35579795451004764,0.13475879646700575,-0.35130409769228127,0.92651254590500665,-18.406859303530272,-8.5266390192990826,-3.2082108156958391,0.5838191877552724,0.3874159635712581,0.2125,1,2
-0.074766330873383122,0.99482083990703563,0.068858494424391167,-0.99498382605229507,-0.079024216336808187,0.061338072407697258,0.066461881270923853,-0.063927065621811927,0.99573899623290663,4.6376282772920483,-10.060267759171834,0.29309900567366315,,0.183802573319839,0.2758620689655172,0,3
-0.15512960331661893,0.98353634562325964,0.092687987424868584,-0.987143567076329,-0.15798460425881961,0.024257839908065994,0.038501742228757588,-0.087733241449454311,0.99539966555656534,4.4081422365591401,7.8869762994718666,-1.3719827878765927,,0.234328136820041,0.2777777777777778,0,6
0.74819171892233405,-0.63525461300694652,-0.19146991510270464,0.65949736256903568,0.74363931456651156,0.10983532489838668,0.072611159614266632,-0.20845178455566793,0.97533351886163955,-13.576575774276597,-14.717700427712872,-1.9495142594825305,,0.1505519401816138,0.2682926829268293,0,3
-0.53880507818461409,0.84242245695898377,0.0036731095354843326,-0.84200469997204963,-0.53838904230775153,-0.034136847363509429,-0.026780084903700572,-0.021485882205061899,0.9994104181558342,-16.810675938762181,1.3758745498953138,-3.8736641927836675,0.3259888668556002,0.1932519751301937,0.1285714285714286,1,3
0.96446621510714348,0.22946279526718719,-0.13096467273684817,-0.2227545009307248,0.97277424865836648,0.063958529237731973,0.14207516402244447,-0.032512870302682607,0.98932176819914153,-10.221882617809895,-21.4170302565051,-0.86289234137764714,,0.08643544811923567,0.3333333333333333,0,1
0.50139992174647652,0.86517643538530864,0.0082373616284874499,-0.85826877481735164,0.49614757535738213,0.13119563117921754,0.1094204215224451,-0.072851349479348654,0.9913222746578878,-19.936439426983174,-8.3757541560867299,-3.4182629387574428,,0.57774717692046,0.5,0,1
0.96698115030811416,0.22427410574599679,-0.12103132008133313,-0.21122516089674739,0.97102786614916248,0.11175336489765085,0.14258817045231989,-0.082498537281807505,0.98633797706132298,-6.8802597383668438,-12.631169128027011,-1.1846458261062425,,0.07374676512991407,0.4210526315789473,0,3
0.99023923430079874,0.020703242419248404,-0.13783190706326556,-0.0092101025181458348,0.99646467919528037,0.083506389742650136,0.13907348008506903,-0.081421857443661746,0.98692909991926525,-9.7538531982593319,2.7984562844688057,-3.0348569562349983,0.5071256013776637,0.3667920526003919,0.8374816983894583,1,5
-0.66024559349132206,0.74121197087370239,-0.12116340416484556,-0.7489605020804353,-0.66180941202483157,0.032656828976020832,-0.055981448701461656,0.11230813144589491,0.99209523787407494,0.83181585276340186,5.9528024780746538,-1.7025651935165145,,0.07569492663724421,0.2978723404255319,0,5
0.99348771654806245,0.051119670024879139,-0.1018279745682074,-0.036284364104434752,0.98912236424450151,0.14254961758245405,0.10800741636412212,-0.13792653076154185,0.98453576375997232,-10.620986316123419,-9.6675144526934957,-2.006251012294789,0.7418015307529462,0.3243154022410514,0.3225806451612903,1,4
0.26328127958523678,-0.8876820775974924,-0.37776116387495423,0.9634934719892243,0.22221717608928812,0.14933136336701799,-0.048613755811605493,-0.40328656779404659,0.91378150943362157,-10.876792415348678,-18.699270396505216,-1.2006354652220448,,0.547168645867092,0.5714285714285714,0,2
-0.66852060822281234,0.7375121287982277,-0.095687283673990445,-0.74159884080130523,-0.67074686778990844,0.011392922021451835,-0.055779527638380406,0.078577981811273054,0.99534624381212489,-2.0718507757633944,-4.3074501987198337,-1.2520754420325422,0.1397404307177899,0.1101243098708811,0.6108108108108108,1,5
-0.5446701989350542,-0.774692036885688,-0.32122674605012808,0.8306406125292739,-0.55113755365642814,-0.079268971020202542,-0.11563108236560894,-0.3099994273148145,0.94367886903090392,-11.234031330242733,-7.5271435290488169,-2.3331564127429973,,0.6253144767505584,0.1590909090909091,0,3
0.51123402444729082,0.85914452399737873,0.022593342664278905,-0.85231159176726379,0.50343841045217497,0.14182636363011597,0.1104749871535692,-0.09176303050088376,0.98963368144314579,-3.5403717682615872,19.112305056020016,-3.486456848092343,,0.2149597884867033,0.3043478260869565,0,1
0.98314344442997958,-0.114627443211704,-0.14244127539833107,0.13086556069288038,0.98523465686278611,0.11039418436224908,0.1276838779912863,-0.12717397602975133,0.98362777874655949,-11.082856937413018,15.991313914160191,-4.4242061669183643,0.3735673670984909,0.3423768700701775,0.8676470588235294,1,3
