axis_00,axis_01,axis_02,axis_10,axis_11,axis_12,axis_20,axis_21,axis_22,location_x,location_y,location_z,dbh,dbh_approximation,score,reconstructed,number_clusters
-0.14217435285418287,-0.98667697659473164,-0.079088540562940568,0.98967230925351202,-0.14317336517628246,0.0070786863838925244,-0.018307749378798449,-0.077265330918727726,0.99684246245367392,-9.3175707458147414,14.406441723336242,-3.6953563590869205,0.1610922078045425,0.1517070251778178,0.59375,1,5
-0.72420358459422851,0.68765571942221149,0.051563355270861762,-0.68896670815150729,-0.72469622857107818,-0.011842776436701495,0.029224016146727781,-0.044102016289219621,0.99859950382497153,-5.7476750455678998,15.304801418131827,-3.5207810536168429,0.4025246646331965,0.2281899044726994,0.2790697674418605,1,5
0.54255873311160263,0.83752158989929082,0.064711726734008046,-0.83937500801519338,0.5375191395398311,0.080763670965683612,0.032857526441081829,-0.098136441146618611,0.9946303946065842,-6.4711603975758507,-5.2628563413153886,-2.9453427954394988,,0.07412319044796072,0.3478260869565217,0,2
-0.86246980551786256,-0.50410266027887518,-0.045014913859089609,0.50529615148947593,-0.86271011188008873,-0.020175781267892448,-0.02866415636129846,-0.04014686487891838,0.99878255660603565,6.1876466100528011,4.6461269651909358,-2.5838347861014075,,0.1994685340727778,0.75,1,5
-0.958198641494167,0.28610305824184989,0.00063521917005925337,-0.28610332353603651,-0.9581909132825398,-0.0038809746722719219,-0.00050169748600250837,-0.0039004829743719835,0.99999226723620183,-0.38166462868381645,-15.706412039611049,-2.3025409214458055,,0.1179137176885797,0.3,1,4
-0.86328991097163432,0.50359110104697313,0.033563857955929678,-0.50470422529802994,-0.86164102385691743,-0.053370319215077844,0.0020431791169858928,-0.063013879051372831,0.99801055929584004,-11.341297064924108,-9.523621379710665,-3.0866911310838452,,0.4472786889940547,0.3333333333333333,1,5
-0.05620914481486914,-0.97970897599255768,-0.19238205321390053,0.998320806066056,-0.057852954610853644,0.0029332266219866008,-0.01400357864270722,-0.19189413227717392,0.98131571972672937,3.7064355091027532,17.831403234974285,-3.0704542391949379,,0.1713204465326999,0.2307692307692308,0,3
-0.87078809381632127,-0.48808747050329987,-0.059149951863281015,0.49006161357021777,-0.87134414528733584,-0.024474382084894431,-0.039594325006150219,-0.050299121375757719,0.99794904069102364,-1.3281023435084565,-13.764360795892259,-2.4127000145793276,,0.1355903229172942,0.4193548387096774,0,9
-0.91912711649767231,-0.39385744082230095,-0.009036593804182003,0.39374088988705558,-0.91760486139547559,-0.054492476309481577,0.013170244858148624,-0.053643589107157996,0.99847328957668069,13.517184170751998,3.8071857481460949,-2.1943121791142239,,0.111060247154406,0.1363636363636364,0,5
0.99285897554338021,0.1191636816895741,-0.0055741949315885261,-0.11660417076166114,0.97927881000865535,0.16557922462983515,0.025189720997558444,-0.16374684495958353,0.9861807383648532,3.9952709687616372,25.658950344082903,-3.3661988397197331,0.4511890694265994,0.2743066006845224,0.6111111111111112,1,5
-0.35518953700964873,0.93379399987069112,0.043233766946302314,-0.93462699949811989,-0.35562093657939942,0.002474121163611104,0.017685152190832651,-0.039528663927414713,0.99906192006306616,-26.762876970736471,1.0090336951372607,-4.7042853018948341,0.1749586301194135,0.2296943797167001,0.7974683544303798,1,5
0.9879258854795373,0.15447733838275857,-0.011798166198649408,-0.15350458607928175,0.98630809760248672,0.060271706931131416,0.020947239725094699,-0.057732906820482911,0.9981122805666488,5.0112719721069254,-3.6026628019760092,-2.3661210904321353,,0.1338788212576797,0.7205882352941176,1,5
0.64510536769171456,0.76186201391313579,0.058355259673473374,-0.7632079577436307,0.63879964173676484,0.097204068607115765,0.036778768496697138,-0.10724406497891489,0.9935522294850252,-6.0937969871243407,-23.373400292059912,-2.3475271321628775,,0.1469577243916896,0.3571428571428572,0,5
-0.34040444583591234,0.90579169433831541,0.25232165924246175,-0.94011005726146135,-0.33294858923869469,-0.073063788293620896,0.017829567885889443,-0.26208136788350012,0.96488106164299636,0.23760051802558019,12.482386516256486,-3.0902708900654861,,0.3383917824578267,0.2407407407407407,0,5
-0.26106714440762563,0.96216786306570945,0.077954790708551047,-0.96509471870220076,-0.26190064535403534,0.00048569152728117462,0.020883726773921519,-0.075106958710267693,0.99695677675079064,-4.3955454986923828,-11.588947003030142,-2.6335756985288117,,0.1069384960938773,0.3333333333333333,0,2
-0.96541411963249213,0.2503512359583992,0.07279997437034727,-0.26028928751888247,-0.94154632477420963,-0.21386913079519554,0.01500214708413135,-0.22542133208346041,0.9741458610621847,3.9632200728447744,7.7197738019738491,-2.7680352531436911,,0.608740620141913,0.5614035087719298,1,3
0.74749362366130967,-0.66214412604654982,-0.053088971808993246,0.6642519693199066,0.74451144807185266,0.066873200496013613,-0.0047543496202093055,-0.085251745037887225,0.99634809987658646,4.3569895087073283,18.455186846272227,-3.0560863703356582,0.2783005726067069,0.3060367146739928,0.8548387096774194,1,5
0.69550624663500016,0.69697458371639476,0.1746353072693298,-0.71798420214476255,0.66476287351511831,0.20637104318792376,0.027744303239465987,-0.26891774141785751,0.9627634714655906,-32.510302790552878,1.9340582765084873,-5.502973849013407,,0.1308255830040449,0.28,0,2
0.91573999348349333,-0.37775979796607523,-0.13681300879478719,0.40162088769387067,0.87000912980731482,0.28598037803301685,0.010996676899858964,-0.31683063155659347,0.94841838025452196,3.1367240810183481,22.653522637502419,-3.2506150087868302,,0.380438660414498,0.1875,0,3
0.8365893513988325,-0.54482244379696232,-0.057330287468204517,0.54772599425654134,0.82979305259963509,0.10695665043868388,-0.010700109427685154,-0.12088008352282581,0.99260944639155546,-7.0853536470095673,-11.310454812770713,-2.7775060752131822,,0.1387790609712034,0.1333333333333333,1,5
0.12240183399754841,-0.98730118916443288,-0.10126279133291499,0.99211162774903916,0.11893581387810502,0.039607957057953724,-0.027061210600942524,-0.10531207932449924,0.99407095160715853,-12.877563794233547,-8.5638068819588415,-3.2310868881346839,,0.09891728252766144,0.6111111111111112,0,2
-0.93670202922593182,-0.33599428460030506,-0.09847410400683515,0.34991890720848451,-0.90806370975539563,-0.23016745513492398,-0.012085810772953872,-0.25005627314905837,0.96815587248994261,16.760572605028521,-1.3462386287470633,-1.921265626036162,,0.5401434856769531,0.1538461538461539,0,2
-0.9627640021073014,-0.25717435080274575,-0.083347642651231776,0.26761358459248169,-0.95031946459332128,-0.15898391288625724,-0.038320302554830564,-0.17536894965828104,0.98375672089590138,-4.6462579013963934,-23.303018524286376,-2.2918862954479304,,0.2397704325071296,0.5,0,4
0.67115067412682528,0.74110593671109493,0.0178539404804322,-0.74044798334051065,0.66899741943571722,0.064647016600324181,0.035966047684992904,-0.056607802995013154,0.99774846532279804,7.2938070934429415,-6.9311978961307839,-2.1752178411903942,,0.1055799091992205,0.4545454545454545,0,5
0.99006450518932099,-0.13841903147635437,-0.024747672403129362,0.13993371547159372,0.9871859204456287,0.076697547211314221,0.013814153558568054,-0.079398552877648118,0.9967472292223315,8.2629441048333927,9.6687088304488906,-2.6188714451319499,,0.1004016073988432,0.3055555555555556,0,5
-0.98099296583506213,0.19398411964521026,0.0047919002078660958,-0.19384008718599963,-0.978536892687069,-0.069939761581381002,-0.0088781519390882854,-0.069539276497595434,0.99753970720084006,-0.38799440894603326,15.319882810489579,-3.206894488728953,,0.1696497343410424,0.1578947368421053,0,5
0.99846209671306774,-0.052218732957310464,-0.01861841442440168,0.053149502177716884,0.99714680244656495,0.053603962436121685,0.015766161410011591,-0.054511084184093908,0.99838868676255987,-0.48374586673325937,17.579712747877711,-3.2571179273362887,0.2818983166403906,0.2272343066543298,0.7464788732394366,1,5
0.12219264044285033,0.98730653843255678,0.10146308584863881,-0.99209912376500431,0.11857421973894294,0.040981496288118674,0.028430393003201354,-0.10566907580567203,0.9939948486647503,-42.294875560222309,-4.2028334470369826,-5.3735035868344374,,0.5819978711819569,0.7297297297297297,0,1
-0.83007288747764918,0.55755594619443838,-0.010505633619240954,-0.55757930171379833,-0.83012326567184247,-0.00082830590260856839,-0.0091827977692235576,0.0051701695851842991,0.99994447124407326,12.249855180627073,16.250148691049077,-2.598369466516476,,0.3511963207041074,0.78,1,5
-0.8668350209112945,0.49371688251906248,0.069575041770557955,-0.49841404003043716,-0.85428238223600239,-0.14759761550146933,-0.013434702164711034,-0.16261995977382351,0.98659731271725348,-29.27287417724834,6.263080433352771,-5.211629402594677,,0.3944812081548568,0.3157894736842105,0,2
-0.72396689979846451,-0.6881848959105874,-0.047680992405106259,0.68956009575764066,-0.72389806185044792,-0.021873965984263475,-0.019462844985130238,-0.04871493702860865,0.99862307833105135,1.140733121251055,-19.652496537418724,-2.1183520469863044,,0.3137422922378098,0.4545454545454545,1,5
-0.99420602916955991,0.10700963240912152,-0.010164159314081515,-0.10659162416480762,-0.99367586587092793,-0.035305796175284496,-0.013877940077898557,-0.034017821172541596,0.99932486740892601,-18.420697222384945,6.6337125611054608,-4.1620834861773046,0.5375589540550548,0.4281158333131542,0.625,1,5
0.43445905697283821,-0.8864939724927372,-0.15929144530802208,0.90054780779086019,0.4243825542712184,0.094409181297756481,-0.016092659735062648,-0.18446648574817795,0.98270704787254326,-5.3410055806283037,20.680808099139199,-3.7021103343092965,,0.8594794651600346,0.4339622641509434,0,1
-0.41694708063459951,0.90797116424824897,0.041755201400110006,-0.9087659057348767,-0.41730625781255953,-0.00012555614843771492,0.017310705478214134,-0.03799805368906,0.99912786338470672,-4.1266534907860333,-15.29003754153816,-2.5212554383816195,,0.07762915618386901,0.2413793103448276,0,5
-0.39735797878393891,0.91757257480644361,0.012930841419458003,-0.91743067507769194,-0.39753516527565752,0.016933658663890381,0.020678324961956897,-0.0051344261926753202,0.99977299650692619,7.776781347373773,14.390355617479271,-2.7780352674590039,,0.0845422127214643,0.4210526315789473,0,5
-0.86753911853676735,0.49644524262578921,0.030298496376403476,-0.49734239420524556,-0.86651124144230252,-0.042530123210671317,0.0051401103727260287,-0.051965272330105346,0.9986356641623686,4.8030442798303943,-22.85233002300598,-1.8358467417741244,,0.1883717252146225,0.25,0,5
0.16912183510478507,0.98074049230689253,0.097703078971055776,-0.98542516123983048,0.16641871128351651,0.035242930215684719,0.018304548239273341,-0.10223942138122696,0.99459139561399179,-14.487756144105116,9.0117180584404082,-3.8606791470028008,0.3647995202389372,0.3725653613522014,0.9851301115241635,1,4
-0.55348999667621801,-0.83131193815690407,-0.050688115541721916,0.83245205896353169,-0.55409101038628172,-0.0025926311896662404,-0.025930543895881807,-0.043630421576238823,0.9987111660567044,6.522031674201429,17.051500292583114,-2.8962598284734318,,0.1320511781427379,0.2727272727272727,0,5
-0.18044198749758891,-0.97265167245257733,-0.14625119904850004,0.98294686537976017,-0.18367815008785537,0.0088202619239474127,-0.035442192201156436,-0.14216561207094811,0.98920816300537495,18.41042798487117,17.65978424523572,-2.3576668892298636,,0.2380896286333496,0.1875,0,3
0.57274128796495383,0.8181196608833412,0.051455199313320883,-0.81915718972238449,0.56884927511073569,0.073430243987861313,0.030804473479869067,-0.08420642898329353,0.99597206875068056,-11.0160596526223,-12.888166255132949,-2.9657626711788598,,0.08549231060743967,0.4,0,2
-0.87907710221620183,-0.47595015945365193,-0.026360843598221287,0.47584175308962001,-0.87946648552081064,0.010645509018945905,-0.028250210189724002,-0.0031853668107074927,0.99959580784561042,-14.478932985981423,15.834484353381278,-4.0717659075519839,,0.06478205028528478,0.4166666666666667,0,1
0.34785260988532996,-0.93025727066961683,-0.11670463642152523,0.93714495315727153,0.34134313994008014,0.072416832212566284,-0.027529957642912623,-0.13455954511725582,0.99052300844049923,7.5021521173594241,-21.632361433202703,-1.7593563678934834,,0.1427300379100373,0.1904761904761905,0,5
0.98863117577752613,0.15019188559949317,-0.0071271158832763269,-0.1491211226487574,0.98545189482016626,0.081531918751596766,0.019268862465624564,-0.079542193177026918,0.99664524804158272,-2.5351066721434572,-4.543764839618551,-2.7431262399999881,,0.1398249328655375,0.5678233438485805,1,5
0.18987916828984908,0.98151856348396016,0.023816191675818079,-0.98114079554261135,0.18880062206975032,0.041437476130769507,0.03617514024254688,-0.031235150751348438,0.9988572093077035,-7.9114627549884977,-15.154554518436941,-2.7388581187869936,,0.09750759544402955,0.25,0,5
0.035179511941264875,-0.98873418705480265,-0.14548920677718136,0.99641371637146592,0.023491360938595267,0.081288755606523044,-0.076955232222239364,-0.14782713996533808,0.98601472043945149,2.2445040602377606,14.557564449019031,-3.0343759468066689,,0.2082705808431501,0.3888888888888889,0,5
0.37379820898539068,0.92341543498968248,0.087056495347166044,-0.92746429576848732,0.37119734874025301,0.044972306621657014,0.0092129818180405575,-0.097552358818349102,0.99518775025368844,5.4199690660787363,17.508542072800221,-2.9665711655898397,,0.2849305123237641,0.4117647058823529,0,5
0.99975633182738655,-0.019859069636048398,-0.0096381701707415699,0.021009757480556487,0.99000634874801885,0.13944898540048709,0.0067725225476033589,-0.13961750173888518,0.99018234994698595,-24.559410850521665,6.9976802920338912,-4.6446951447132987,,0.4955052705291667,0.5192307692307693,0,5
-0.14732864312503691,-0.985724225801763,-0.081498598653289803,0.98866857973292777,-0.14916363499614393,0.016871557237329526,-0.028787329918053318,-0.078089440145589772,0.99653064627934895,-34.178464922082554,-0.67939313567128334,-5.2566465422638649,,0.07245678306943117,0.3333333333333333,0,1
0.24920097687351095,-0.96290842738428073,-0.10347093117209227,0.9682200898608937,0.24537830291046556,0.048366786646865799,-0.021183264976190965,-0.11223568475806514,0.99345579687867192,25.463453641160701,21.329122267678724,-2.1540337387067545,,0.516236499300738,0.72,0,1
0.17364087830862421,0.95814546804280454,0.22760955043504916,-0.98437775414973638,0.16202627614273812,0.068905173785711468,0.029142452115967506,-0.23601853297644412,0.97131146887922426,-9.4951007905777853,19.612426830993122,-3.9481480856981324,,0.591250559458556,0.4736842105263158,0,1
0.071043476382094586,-0.97923573021993326,-0.18986892616798023,0.9974716255284497,0.069404086726586725,0.015278383791545922,-0.001783459890248459,-0.19047429592016765,0.98169056319419568,-20.488850182688154,6.3448617339209692,-4.2834545672921385,,0.2809586824107023,0.6,1,5
-0.1981049637331295,0.9697455108271974,0.14264665286922293,-0.97986136237568866,-0.19964720686498599,-0.0035641709089924032,0.025022667075163305,-0.14048002356743336,0.98976726007225457,6.0981085714273853,9.7856605196220148,-2.7367068750271453,,0.1618118330858334,0.2105263157894737,0,4
-0.033568400348592042,-0.99366636049211199,-0.10723957536467731,0.9993146620219836,-0.031695678586041082,-0.019120413877804512,0.015600280956598534,-0.10780792171881448,0.99404933642588611,-10.955386608414146,-12.089377372152345,-2.9899696604703219,0.5287492401263412,0.2832226952347677,0.48,1,3
-0.88300136909172544,-0.46354273784812811,-0.073734065196497806,0.46804521070858435,-0.88137224541792591,-0.064161092102003811,-0.035245750309740212,-0.091165208249784857,0.99521185779203725,3.7355613990016892,10.837780129090616,-2.8643474090240253,,0.160754192879923,0.3666666666666666,0,4
0.63762684503026101,0.76538686479859985,0.087263702021661796,-0.76969685321350167,0.62834204072964106,0.11292933190692026,0.031603174682123883,-0.13917337046101846,0.98976361435674665,8.6557786663953067,2.128556638685867,-2.3825010902424046,,0.1810846471220829,0.2121212121212121,0,2
0.66216675554759652,0.72888460487833795,0.17396097441357558,-0.74817731551808531,0.63004489835227306,0.20802435098907845,0.042022522434083436,-0.26790046441099141,0.9625297131915741,-13.437452410671487,16.73647806234597,-4.0398380688964153,,0.342484543405556,0.3928571428571428,0,2
0.59802789385879696,-0.77156950538979707,-0.21689429803329435,0.79707111006337139,0.60088089933869782,0.060164693236669224,0.08390639826113569,-0.2088603436807995,0.9743393008435931,-19.794235961023631,5.0808225016063773,-4.2146706170910093,,0.2005454724167954,0.1923076923076923,0,2
0.5014522347310143,-0.83805517422337195,-0.21496320903984278,0.86495048012279541,0.47980732725045294,0.14712442235103043,-0.020157460619318383,-0.25970840123918237,0.9654766818039523,-0.9835432824565522,-18.238813062599245,-2.2692167208801095,,0.3886457384464492,0.3166666666666667,0,6
-0.97116820722081787,0.23808137751137562,-0.012229920923266462,-0.23629168733483699,-0.9681311750231949,-0.082995580874314523,-0.03159986993579629,-0.077712840834028116,0.99647486801702467,19.021825733360458,20.729130146314233,-2.4232408431039296,,0.1863720986020374,0.4,0,5
-0.99980830611419347,-0.0060603003647690468,-0.018617835120008606,0.0076767724963667187,-0.99608932253076887,-0.08801777493343553,-0.018011612618143675,-0.088143827348729692,0.99594490184508233,-16.59797171966709,19.724024548779973,-4.4694359096024989,,0.204205846065488,0.25,0,1
-0.71031043799652038,0.69981035531673552,0.075660744542039624,-0.70385680970397357,-0.70718387614679279,-0.066907075495361651,0.0066837943217791761,-0.10077912437336393,0.99488637290094684,0.94386487737593217,17.477644501967802,-3.2038150094092104,,0.09186739640485563,0.2727272727272727,0,5
0.99046868237982522,0.1371654912582288,-0.012546602435018225,-0.13635142208432485,0.98931375463966453,0.051638983107272114,0.019495612848943376,-0.049436048473352444,0.99858700081214014,4.6134365076178296,14.001437861369064,-2.9107025116737351,,0.08921347242924182,0.35,0,5
-0.96166445367106279,-0.27156823958207749,-0.038107345693812231,0.27310869635345797,-0.96099141584683756,-0.043670798536383497,-0.024761230212792272,-0.052404102119797909,0.99831893278619444,-8.6382742646636217,10.268023406022706,-3.545234663607459,,0.08118825934157101,0.2028985507246377,0,4
-0.22384233910334517,0.96323316548282856,0.1485815471001421,-0.97449412980879602,-0.22369781847512946,-0.017901870786719423,0.015993692286005164,-0.14879904207822287,0.98873810833994991,-20.272935339277343,4.0209367476049671,-4.2402709942182293,0.3142508136189539,0.1370123319661053,0.1388888888888889,1,5
0.87869138559604187,-0.4754517650246608,-0.042977529177976842,0.47732728818706682,0.87647002596637869,0.062920215626439319,0.0077529885392693355,-0.075801798906301843,0.99709276321277118,4.7038025649919462,-9.6076635842806155,-2.2201361571868414,,0.08389803025423401,0.1923076923076923,0,5
0.9932679052098955,-0.11358756735164122,-0.022731762427996439,0.11489919629204967,0.99100396711197469,0.068624426116141987,0.0147323851221564,-0.070774301207890175,0.99738355466547957,14.297239920201795,-1.9028796718847891,-2.0027699099166449,,0.4200600639007039,0.9801324503311258,1,4
-0.83410906913590421,-0.54862451389968225,-0.057211917758214527,0.55142788942849985,-0.82676475253106518,-0.11129836805935997,0.013760216047196372,-0.12438322523790714,0.99213883591650109,-32.707314873289654,0.9600696184303471,-5.4205659621191344,0.5265187278862991,0.2287640490013684,0.4117647058823529,1,4
0.501105858862961,0.86538479202070429,-0.0014422040416954484,-0.86475026514710274,0.50080090978173064,0.037489034260804042,0.033164697213014904,-0.017538828383750791,0.99929599836969996,8.2383215732207589,-6.1931313878855274,-2.1381108890065263,,0.08375051239220113,0.4782608695652174,0,5
0.98127482155124512,-0.19140936097675457,-0.021498398080866274,0.19222863028322254,0.98024474521100036,0.046566008908412518,0.012160521740826305,-0.049826659698324539,0.99868384671741794,4.8850186287133317,-4.9539069382097827,-2.3273758455835489,,0.2842082616257074,0.8436363636363636,1,5
-0.91470270761812689,-0.40268668036807304,-0.034093901657145424,0.40330122026478582,-0.91497021423448188,-0.013327895431728366,-0.025827938535632228,-0.025941174180167569,0.99932976192703871,-8.1738848338098489,14.21469314127785,-3.6388009101617889,,0.09695857785952107,0.4782608695652174,0,3
0.14329724611803424,-0.98316270813535245,-0.1133886616331073,0.98939755458484246,0.13957750961296714,0.040132253758991626,-0.023630028280168865,-0.1179373059816181,0.99273985193568026,-12.956952260433878,-12.119176245229951,-3.1081866035656338,,0.08632091555160264,0.28,0,1
-0.69741264753300536,-0.71269470591840212,-0.075378081806889957,0.71656183728615841,-0.69526545673397278,-0.056080995155088076,-0.01243914812553128,-0.093124652098047045,0.99557675081609265,-10.141394105838012,-6.203546013103086,-3.1333164982412209,,0.1251164263004299,0.2753623188405797,0,3
0.27150274348537839,0.94026051123205534,0.20541769957223138,-0.96197062013578838,0.25846941545556923,0.088352064320103882,0.029979764433365936,-0.22159361969987121,0.97467814248234219,3.8452613530624435,4.817543710991476,-2.735812241008492,,0.1778912393613624,0.3157894736842105,0,2
-0.45355954609156601,0.85918528883535639,0.23682140443405211,-0.89108263610100891,-0.44194879907176143,-0.10321334525294611,0.015983547431301374,-0.25784083937175661,0.96605518877731733,-7.4647827886127107,-7.9618656327105395,-2.9269295674150673,,0.1290965625815916,0.1964285714285714,1,4
-0.7494023628264993,-0.66051830312660398,-0.045952908774211453,0.66141030692692715,-0.75000069662339086,-0.0059465078201919597,-0.030536936337607446,-0.034850054507554414,0.99892590777291002,10.899750011508665,-9.2650342682005231,-1.9244665787312205,,0.1271365345564758,0.5,1,5
-0.21711502785197123,-0.96813751024303207,-0.1247831156096896,0.97569528841421649,-0.21911861767984306,0.0023949013286640119,-0.029660897611789749,-0.12123032890534495,0.99218115206164081,-3.9413653389750998,-19.834697499449675,-2.3646358560062426,,0.06650224918645541,0.3529411764705883,0,2
-0.63706808692554739,0.76712766168514301,0.075229005699299981,-0.77078732323189048,-0.63330333505746594,-0.069381468347863462,-0.0055816633755544891,-0.10218628324081898,0.99474962103606068,0.40999083068323744,26.819217021699526,-3.6035805448796032,,0.2024549291791811,0.5789473684210527,0,5
-0.49616928008501776,0.8559001114120981,0.14577738090895404,-0.86810936936985528,-0.49180953637338781,-0.067152831246836978,0.014218590372753838,-0.15986988214467493,0.98703568956287491,-2.4804616253652489,-6.2476055820376288,-2.694787111053857,0.4927540529363106,0.6970404090587875,0.2987341772151899,1,2
-0.90773798162507235,-0.4107252673831705,-0.085536608819050758,0.41934360593071163,-0.89445904042076341,-0.15522230888179481,-0.012755268725826089,-0.17677041534880941,0.98416945866915673,-13.711307316918795,-13.994035432213998,-3.0771061274995137,,0.2386925563810987,0.2058823529411765,0,4
-0.68387193319483652,-0.69798523467124118,-0.21245185612107284,0.72885042756747442,-0.66677695551308858,-0.15551702746453919,-0.033109412907303348,-0.26119935638823633,0.9647168823024217,-20.036461675362098,2.9784479667889561,-4.2352009078550559,,0.1006256781066,0.1142857142857143,0,3
0.088598723058864307,0.99529863818956321,0.039126552241917106,-0.99592343193316046,0.087849708180932726,0.020468182601302086,0.016934698072712834,-0.040780505030293207,0.99902460751007527,-4.2137894106746945,13.781764116711001,-3.3964669717185818,,0.09967550247264205,0.3333333333333333,0,4
-0.93028273523766714,0.36120768628906436,0.064054975485317647,-0.36515202962159227,-0.92851587018073689,-0.067247855621871841,0.035185618965078116,-0.0859493233726078,0.99567800318668997,-33.193221710472528,2.3911003315431638,-5.6053670936655005,,0.3176147777963658,0.3125,0,4
-0.97763533474134445,0.2086096064302245,0.026668040239346893,-0.20947785265878008,-0.97716981164563887,-0.035470952255254491,0.018659622467967003,-0.040264020085616269,0.99901482830631649,9.656294578315423,2.0751763087348487,-2.336279096006971,,0.1817067574060684,0.6582278481012658,1,4
0.36714829115549602,-0.92266427167238807,-0.11786761251871465,0.92985475824564989,0.36080928248503141,0.072019374063939059,-0.023921974615904423,-0.13604155046124494,0.99041427477524635,14.838505601006316,5.1048119917655335,-2.1778484093913537,,0.1578741522046416,0.25,0,5
-0.27101173202884926,-0.95968724454568632,-0.074518680604482246,0.96206872772185559,-0.2725690902829716,0.011395357035439554,-0.031247467775406289,-0.068603816793403868,0.99715450762607682,4.4296525936263791,-11.262238264884152,-2.1848559373968901,,0.09435372737983785,0.3684210526315789,0,5
0.53552153804612401,-0.82856242917158474,-0.163404355064351,0.84442445129205146,0.52240694939706722,0.11848343885019494,-0.012807355262957612,-0.20143306626999646,0.97941854764152558,-19.701147134014484,19.893972471611288,-4.7078765779306426,,0.5907615823347037,0.36,0,1
0.48085557761279357,-0.8718624492078616,-0.092918152908547977,0.87673358001556345,0.47680914668436108,0.0631764775151758,-0.010776973218894812,-0.11184322643504629,0.99366742401511687,-8.9840423599999379,-7.5147322188517185,-3.0301385507460741,0.1377878988777066,0.13697640519148,0.26,1,5
-0.99198950095431826,0.12528763472650536,-0.016119509329964549,-0.12534854232460893,-0.99210875562958412,0.0028213366003849299,-0.015638827753281057,0.0048192932837389825,0.99986609177366692,3.7401054576230059,-6.8120250860405935,-2.3465974726796559,,0.09844230484680357,0.3720930232558139,0,5
-0.96805600652181956,-0.24138542513231803,-0.067828052977478834,0.24970819655023538,-0.95259471761439718,-0.17380771141918513,-0.022657996660220576,-0.18519281980367333,0.98244095735087722,-2.9585826550245522,10.345971005741134,-3.2074879716864744,,0.08270107196863888,0.24,0,5
0.88167664196041073,-0.46913600440432995,-0.050573791561982689,0.4716868736486044,0.8791404191573815,0.067997181054729364,0.012561538481405964,-0.083806519885535585,0.99640286780782394,9.0055127123785432,6.0970430979137635,-2.4658637148262232,,0.08729387366938114,0.3333333333333333,0,4
-0.74006817555196713,0.65897447615599991,0.13435674642573295,-0.67251602159562884,-0.72650311462042094,-0.14112202217944381,0.0046147841087867672,-0.19479698206531187,0.98083272760745288,-15.39517399900955,-17.919898011483202,-3.0472755603375723,,0.3400727736589038,0.2352941176470588,0,1
0.36683215084005688,0.91549640815406563,0.1652286287755928,-0.92997304855968488,0.35626297872619045,0.090701813332195069,0.024172340860248456,-0.18693051288151694,0.98207570038729153,-8.1496192609126314,-20.9281076037113,-2.545820383432968,,0.3543595928741815,0.2380952380952381,0,4
0.53516378835614098,-0.83341285805772491,-0.13792290475609295,0.84392840862557306,0.52027830430959199,0.13074910010949803,-0.037209686198778867,-0.18636924126258117,0.98177489536257645,6.0859427676685245,-11.829814669979044,-2.0833572377083298,,0.1785913675907858,0.2978723404255319,1,2
0.82624512177751197,0.56331018801449984,-0.00079424047547630003,-0.56247479766286101,0.82509494276176576,0.053295754268810482,0.030677365157190415,-0.043588616725318476,0.9985784554850885,5.5312536716927472,-6.2635521586445053,-2.2697665203482678,,0.1067603699168177,0.3384615384615385,1,5
-0.50623951238627685,-0.83336242320725795,-0.22187525252950588,0.86147161830139807,-0.5005646745878235,-0.085449736195947465,-0.039852314362847537,-0.23439726564299718,0.9713236921330658,-12.372559423422873,24.372832151550561,-4.4061756663124045,,0.1387186519438264,0.25,0,4
0.98985940654855764,0.14180760247138405,-0.0083041645368834242,-0.1404268842523351,0.98568519875714122,0.093300477652994929,0.021416009117456072,-0.091188227488057202,0.9956033656637906,-6.1472457142813148,-4.5884862595127602,-2.9482094256950249,0.4355605877672786,0.237253265838596,0.3185185185185185,1,4
0.74658908532693591,0.65247405843674389,0.12993206200846627,-0.66510179829462612,0.72742114961062321,0.16881371094911646,0.015631237185260133,-0.2124525221461066,0.97704636034213554,-19.700855949166012,1.4455634961616199,-4.1332155565639601,0.2299991448262472,0.1728925530570105,0.2758620689655172,1,4
-0.29363958671136658,0.95565325460907979,0.022419858854384984,-0.95574204280125186,-0.29395301720567235,0.012197184009895666,0.018246663751694387,-0.017846025629097394,0.99967423625457985,-0.36176119982375665,7.4188513909730638,-2.9994228726033803,0.1028875440824301,0.09796356723956023,0.3505154639175257,1,5
-0.97431574075254224,-0.22412901986986697,-0.021794948359581189,0.22410712337970448,-0.97455832667137932,0.0034734947753338268,-0.022018959382721248,-0.0015001225460454853,0.99975642786633179,-5.7245363021228588,-6.8376679634403512,-2.8586421507324951,,0.08760416427645124,0.495575221238938,0,5
-0.027852245839181736,-0.99735743872489835,-0.067099864543996801,0.99946656518995702,-0.028930587554204319,0.015152761172680414,-0.017053957578859993,-0.066642032711176011,0.99763119538585954,2.321574442996007,11.723710663594009,-2.9727118501794951,,0.08012452113284607,0.2222222222222222,0,5
-0.65438198417008775,-0.73976692144226142,-0.15661775357046334,0.7555119710218029,-0.64824017017983182,-0.094796325920226521,-0.031398733037656841,-0.18035959554473982,0.98309945369660756,-10.050184042350844,-15.351654642741565,-2.835338895238078,,0.502348351254528,0.2803030303030303,1,5
0.78286116671319605,-0.62014973542392238,-0.050425185236078703,0.62185567229741412,0.77717680156714108,0.096393682040888815,-0.020589232233988623,-0.10682005785201439,0.9940651682643884,-2.1115192780298786,17.164803726086976,-3.3304834332010342,,0.1129742042944402,0.3793103448275862,0,5
-0.56821144230167142,0.81569705789885172,0.10850837097943297,-0.82281779843265801,-0.56486009771837187,-0.062481521972694069,0.010326055388534872,-0.12478533463811931,0.99213002819154894,-27.355480994343793,6.5381798035701086,-5.0180548820865187,,0.3807175556184657,0.1025641025641026,0,3
0.64631218948935276,-0.74962232743428847,-0.14264263012676162,0.76301800821861099,0.63262755518658631,0.13261182282416317,-0.0091691249082749698,-0.19454753308804457,0.98085023551904871,3.1534524665547377,-19.319021678849072,-2.0254902930092746,,0.1001464734980034,0.1428571428571428,0,5
-0.75287367688215012,0.65148506083950863,0.093533107298403625,-0.65800453497014355,-0.74818907382447597,-0.085106649378287755,0.014534738273457455,-0.12561976481675,0.99197198351097959,-6.7933934249789978,17.687362997642882,-3.6823632300162625,,0.434547843435212,0.4117647058823529,0,3
0.00065830689994632861,0.99965957588300769,0.026082541621349951,-0.99955643720498688,-0.00011879267676089435,0.029781113652313493,0.02977407385793129,-0.026090577488892746,0.99921608588542921,-2.2282743991314224,12.147198715812726,-3.2314632094535551,,0.09019816499363474,0.2439024390243902,0,5
-0.87314267635080034,-0.47927673843849167,-0.088970077704382047,0.48536509769504438,-0.87170058703200748,-0.067518949247853274,-0.045195007184887968,-0.10213664650758751,0.99374318451285104,-7.1284250237221567,-17.345271478588227,-2.6068075815303291,,0.09201478378549918,0.3157894736842105,0,4
-0.28864286499521846,0.95474447259283313,0.071751575179812579,-0.9574338707095017,-0.28801683484915935,-0.019149048584523397,0.0023832132872457796,-0.074224624599281253,0.99723870031077433,1.541033881887147,13.11075215490971,-3.0285488216493581,0.3659306320156966,0.2066617686446157,0.3953488372093023,1,3
-0.88928897720178779,-0.45582146285664427,-0.037308297021278324,0.45717565364927804,-0.88377100779637319,-0.099695674374262536,0.012471436876094432,-0.10571470937297467,0.99431829083268575,6.214453816888347,14.691463437537418,-2.8596806219281374,,0.1798495628657378,0.2352941176470588,0,3
-0.90298703545634673,-0.41983669820117075,-0.091386873462755716,0.42945363169649575,-0.8886008441431722,-0.16111523208788453,-0.013564365832917201,-0.18473139048786874,0.98269543671880855,-10.299938591947445,-13.481967861847398,-2.9013966127705295,,0.4539360983722069,0.2432432432432433,0,4
-0.97906530231223776,-0.18328131792393984,-0.08853864866999249,0.19472446995039464,-0.97005145779813595,-0.14519831275275683,-0.059274907092145564,-0.15939927140289328,0.9854330812721086,-2.6505315294353351,0.74782202066191461,-2.9202851597131558,,0.2402077864603761,0.3140243902439024,0,5
0.99891062892528026,-0.040339097287428315,-0.023458743575409551,0.042976231495877953,0.99114337021233523,0.1256497640688071,0.018182380111364364,-0.12652105324478441,0.99179726967728443,-5.3174426656021394,-4.5329935337809228,-2.8996775859976158,,0.09179451741341901,0.3828571428571428,0,5
-0.21531868937184018,-0.95336654637468687,-0.21149489417192796,0.97634843645592473,-0.21449853392063278,-0.027094456554253604,-0.019534396260550178,-0.21232665211767732,0.97700348011828209,0.46820479406932808,-21.415954228632245,-2.0928226291712648,,0.3235458894936408,0.2307692307692308,0,6
-0.020673945584257798,-0.98863671306808987,-0.14889606290262355,0.99940566728213698,-0.024544576081092628,0.024204875321843063,-0.027584419122498455,-0.148307158825602,0.98855656715372198,-4.7524177098193183,12.910478881043808,-3.3887512572961276,,0.08657118103203473,0.1538461538461539,0,4
-0.24248776647919806,-0.96776081115073875,-0.06810796949546985,0.96981786807998482,-0.24365468777502139,0.0092572068169407707,-0.025553588020562096,-0.063807566370477187,0.99763500771231661,7.161598823587255,22.430650932766156,-3.0598819302418514,0.2695783596451121,0.3699337456449157,0.673469387755102,1,5
-0.71744722236016256,0.69656747772206395,0.0079518618958161064,-0.69658924884025919,-0.71747015021524385,4.4161972558105027e-05,0.0057359853427180812,-0.0055074976203422507,0.99996838247122122,14.688742059109542,12.598202341954218,-2.3966343052956143,,0.1093397546764643,0.3571428571428572,0,5
-0.43357564614675004,0.88260651556537817,0.18170827650376875,-0.90108513585376715,-0.42635443526853661,-0.07916737630012613,0.0075984874696759805,-0.19805967335222233,0.98016051174273688,-10.221541909401985,-18.731293186479899,-2.7246629384155265,,0.3117028871204577,0.125,0,4
0.57846060813908917,-0.81088338804398885,-0.088608441051952161,0.8154409866493344,0.57205650105334083,0.088359249062960291,-0.02096001249322494,-0.12336729954453642,0.99213970149337982,10.559096176444045,-25.123415044258429,-1.526562213394496,,0.3016543550757331,0.1666666666666667,1,5
0.42177163516991112,0.90658125041886206,0.014802842803695865,-0.90608954027243205,0.42083050274984724,0.043628350463917394,0.033323156738084288,-0.03181390174565827,0.99893815768581251,2.8794989175485748,-2.8429309185893858,-2.4836760203156998,,0.2486245351055612,0.8685714285714285,1,5
0.96622200044018836,0.25692247811674873,0.020146615192348824,-0.25643183436028899,0.9507033412840934,0.17437279374339601,0.025646835905763134,-0.17364906308301339,0.98447358659255713,4.2428797379164713,-20.329549160524355,-1.9500110849546162,,0.1244227851404247,0.2916666666666667,0,6
-0.33369851111374943,0.94266665311416975,0.0049884653949838062,-0.94248790637185864,-0.33373267617131264,0.018413234325484067,0.019022355880866926,0.0014429005730758713,0.99981801744851451,-7.5552485450627733,4.3306337900513983,-3.3065729324775819,0.4789693660615659,0.4294004350506235,0.9202363367799113,1,2
-0.13973980758284082,0.98219170472233508,0.12558758438374368,-0.98990541984819413,-0.14160296368681349,0.005988357895238436,0.023665289600617576,-0.12348301846709253,0.99206446273333182,-0.51959965809194697,-14.204657392730878,-2.3554042315484263,,0.1102205657447425,0.375,0,5
-0.66359293422123533,0.74770833907581657,0.024013690431431901,-0.74805526525523269,-0.6635427933552227,-0.011148161744131217,0.007598537726186988,-0.025361408928402766,0.99964946914485553,-4.1395420599755397,12.000907086631823,-3.3241245752192401,0.4814067044054521,0.4464592606295744,0.9585492227979274,1,5
-0.94843024423937738,0.31680076944903407,-0.010832556878888452,-0.3168191287058586,-0.94848597205567642,-2.2353046644829798e-05,-0.010281609703497535,0.0034107609265372333,0.99994132588457707,-10.348884200045346,-2.8277877482906049,-3.2404588620503909,0.4369238276944377,0.358900029501927,0.9054325955734407,1,4
0.2349246570524991,-0.92514542138668088,-0.29818845516891906,0.97089332692897967,0.20861528656621975,0.11766821973528566,-0.046653544705018972,-0.31715234745805476,0.94722639071570525,-16.734555402214198,-0.37092671462804844,-3.7741136310831296,,0.4910172911963013,0.3744075829383886,1,3
-0.20619650238569576,-0.97621849841325148,-0.066936131944433541,0.97816274646483059,-0.20746421978560822,0.012499557477319435,-0.026089151620657312,-0.062897065627307125,0.99767896404764844,-7.5940403340955731,-5.7058378286625135,-2.9862380559780801,0.115758198669955,0.09731846200692129,0.4728682170542636,1,5
0.50903192073251669,-0.85141559889976948,-0.12640404117555837,0.8606143922396966,0.50085123721045299,0.092146112531440366,-0.01514501717606241,-0.15569044972285837,0.98768978546901609,2.9525179624424189,-6.1042430136203016,-2.4097997428136897,,0.1926130542753866,0.5196850393700787,1,5
-0.50889135683584852,0.86076023858465345,0.011018103714376226,-0.86072023744129234,-0.50898943299291577,0.0095094668913081448,0.013793469352412751,-0.0046442193360872967,0.99989408010547953,6.8424204856016813,-11.570761529894289,-2.0610224415343228,,0.08903049853083868,0.5151515151515151,0,5
0.59335540729829517,-0.78087154132161696,-0.19536887311922632,0.80488903989098126,0.57282928052215309,0.1549846729191203,-0.0091101093982698892,-0.24921125843443456,0.9684062962291583,0.70621389653393729,8.9903246829370289,-2.9582681758073912,1.019386766724539,0.3544045177012089,0.2,1,5
0.95605227286996741,0.27958514965856129,0.088296068035723346,-0.29259023333650336,0.92913758154736048,0.22604050502600739,-0.018841626688260164,-0.2419411057400577,0.9701079808232782,-2.6812221345433347,-16.181547226822772,-2.4256896469686642,,0.4069849024843175,0.2222222222222222,0,3
-0.48300773477871112,0.87505190858186466,0.031427463008879351,-0.87547688275765401,-0.48325975603658661,0.00048574931789457904,0.015612683974235876,-0.027279396670288614,0.99950591724933047,-16.277505591681102,27.560254245232215,-4.7914225960806363,,0.2334132926396731,0.7142857142857143,0,2
-0.71846435476317361,0.68952068273383882,0.091488791756130131,-0.69556373564899021,-0.71217570695863397,-0.094851737295583646,-0.00024613971082837352,-0.13178387799814401,0.99127844166763335,-21.805104299038,4.070667324952236,-4.4002040454666513,,0.09968865605969082,0.2121212121212121,0,5
-0.99030291605556442,-0.13870875663784615,-0.0077469531965735873,0.13890759498728511,-0.98775793407532431,-0.070985517720849156,0.0021941984175270226,-0.07137327583368587,0.99744726226005254,11.387198047595787,17.205676023299468,-2.6694985620956593,,0.1594293209978653,0.5,0,4
0.1407344857594528,-0.97490486055373249,-0.17249439813144657,0.9897606655784682,0.13434914030000672,0.048209266477688972,-0.023824974117302156,-0.17751287662971568,0.98383004082969183,2.813556888548931,-9.2820888796077465,-2.324244094261291,0.1192531661615041,0.1099711579641233,0.3370786516853932,1,4
0.58314917956296586,-0.80579185622347538,-0.10313349998407832,0.81227222406124189,0.57644498543406797,0.089022540890052695,-0.012282849573439329,-0.13568589908993214,0.9906757635041411,-2.7123561284747262,-14.207409979802147,-2.4639826793336392,,0.1488423662444232,0.2295081967213115,1,5
0.60299496608337244,0.79765344771645619,0.01208504133893471,-0.79716057521584494,0.6019043161613169,0.047394213865421482,0.030530119548671752,-0.038212190887580356,0.99880315391368046,7.4273041081953455,-8.1071275102478317,-2.1384265039182693,,0.144155185953862,0.472972972972973,1,5
0.48390359474229311,0.86673007284589521,0.12089785697039541,-0.87510544748481223,0.47842307050253907,0.072813607198982222,0.0052694191227929121,-0.14103313949377358,0.98999085187017577,-14.865372202197818,5.2330021898380936,-3.83005520664058,,0.3481113742030403,0.5,1,3
