axis_00,axis_01,axis_02,axis_10,axis_11,axis_12,axis_20,axis_21,axis_22,location_x,location_y,location_z,dbh,dbh_approximation,score,reconstructed,number_clusters
-0.93525250367452184,-0.34342454220165469,-0.085804068575580594,0.34801983724764601,-0.93637839186000293,-0.045581796144926245,-0.064691168274047098,-0.072492006947383308,0.995268788657657,-2.7592962361307563,7.9525900849356823,-1.8690640141656589,0.3014560519594351,0.2751463795328676,0.7357859531772575,1,5
0.50717786282507871,-0.82022007807236597,-0.26459334645290683,0.86183906681820344,0.48196730210263794,0.15792701671922291,-0.0020095686389607148,-0.30813396961527462,0.95134085290342651,-8.3617497033298935,-7.9535536069679518,-1.3395815079157785,,0.07373076523255366,0.3055555555555556,0,3
-0.18572182817100619,0.96571825982072967,0.18137156665156012,-0.97994511989931798,-0.19560255395659601,0.038042119698687274,0.072214711287462291,-0.17066892961074975,0.98267855982472219,-27.483393580762478,-1.1116493911578631,-2.8386962826170921,,0.510111056345676,0.2,0,2
0.65331355968848071,-0.75287722466934048,-0.079732536027375664,0.75702079208986006,0.65102063297207946,0.055602659902865378,0.010045549801108724,-0.096685159248066171,0.99526432012323685,-1.5518427683607954,-1.8944233847172749,-1.189158759937289,0.1373012051984336,0.1020287257733583,0.6,1,5
-0.51317752389169635,0.85824188537126511,-0.0083483631189154254,-0.85827433631019034,-0.51319076609088665,0.00063342746484648768,-0.0037406688829253135,0.0074902465531385088,0.99996495118723183,-28.803885941317095,-11.94957283232454,-2.3474811044289248,,0.07499587524255852,0.2083333333333333,0,2
0.8525195747515939,-0.51767159895378767,-0.072294469373455961,0.52269354191081263,0.84468158720984676,0.11534503662222827,0.0013549575972523116,-0.13612175382826358,0.99069118913242915,-6.3657763670764362,-9.3855749964778301,-1.1558059633568116,0.5620026711351335,0.3524532292413193,0.2592592592592592,1,5
0.73939844916920006,-0.66588501614426288,-0.099433790236197486,0.67297385819454603,0.73533645227980671,0.079915506225604949,0.019902752395806037,-0.12600574281794483,0.99182984086181281,15.827591654425696,-1.7664116890998725,0.029519688550230311,0.4682360933819946,0.3919800304903361,0.9399999999999999,1,5
0.72473082933876254,-0.68499746197363032,-0.074456041364253378,0.68882879040163625,0.72289937382574676,0.054142338665440312,0.016736861108619293,-0.090526086914377496,0.99575343588069132,-2.5045380893545057,-10.870491833578805,-0.83061482941538045,0.5398645785837657,0.487755786571557,0.9466666666666667,1,5
0.9958552830300923,-0.060996175166970666,-0.067466450003349721,0.070195525752493368,0.98713212456010901,0.14367587419527558,0.057834621338652289,-0.14781622128997157,0.98732239987664039,10.715762920227132,21.582153940777228,-1.2515064281360464,,0.349049182566286,0.4375,0,5
-0.32767728273878677,0.93516831658432453,0.13449095892946369,-0.94467036779150515,-0.3265618784656622,-0.030906888384984888,0.01501647740280793,-0.13717710884043141,0.99043270655637794,7.0591445128376353,-3.8037089784007119,-0.52027961882731066,,0.07881662895751188,0.5714285714285714,0,4
-0.9595777058918169,-0.27278168021233073,-0.069287670591077058,0.27436419434144982,-0.96151997267293776,-0.014269933931278742,-0.062728902579010648,-0.032703166384520838,0.99749465546922189,-18.322727468485784,-3.7292996111173262,-2.1603389291244803,,0.07818189325756167,0.2173913043478261,0,4
0.73587876667974905,0.67638929888229915,-0.031304266600639147,-0.67340651833031173,0.73589864921592696,0.070546716099495546,0.070753811347091952,-0.030833333256182895,0.99701715318251871,5.8565233234826044,16.258587618677385,-1.4367569646113674,,0.1561423937267901,0.4166666666666667,0,5
0.40336644311287068,-0.90689039796129256,-0.12184136676875477,0.91503488358165008,0.39939705430580547,0.056508006871240371,-0.0025834858594247145,-0.13428253459572664,0.99093971890491894,-9.3246910619820422,16.566760951774263,-2.4965843907700407,,0.1432402228708034,0.82,0,5
-0.42855502386869532,0.88592235782807427,0.1774321487703068,-0.90345299539379464,-0.42249430758133338,-0.07260334135114424,0.010643149481376672,-0.19141613297137766,0.98145126593601251,-12.219403494574705,10.762706810288597,-2.561040230066137,,0.1285486092472817,0.3448275862068966,0,4
0.35592677825989444,0.93360871127214873,-0.041120587961392771,-0.93300835327516662,0.35750586558099112,0.041048371392169491,0.053023968507600862,0.023755637477135182,0.99831063725263425,5.3097370244011541,-2.6384889629152557,-0.71536612082636342,0.3320701644255439,0.3094412673817547,0.9446494464944649,1,5
-0.56144410876366069,0.81130783171561927,0.16297274290960284,-0.82751063212166398,-0.5498310929609832,-0.11363064260548485,-0.0025819489118721079,-0.19865893236960533,0.98006528462627707,-8.9558990083507322,-16.251692612100534,-1.0241080209329358,,0.2938046209998411,0.2592592592592592,0,1
0.9981935261704783,0.045274368534549164,-0.039495770218399971,-0.041832772295470812,0.99558778393269198,0.08399395005634365,0.043124279395975032,-0.082189999621548146,0.99568323300575268,-10.040970400171043,-5.3707434316343692,-1.5829281260906787,,0.07970078385845497,0.3366834170854272,0,2
-0.90144614043015081,0.4274273297766516,0.068561896586844112,-0.43202520697214375,-0.87827382835854706,-0.20491291555462587,-0.027369260937411929,-0.21433842441434103,0.97637593342693396,-16.497899329057752,10.351953214308594,-2.8065596572598017,,0.4312420887672682,0.2380952380952381,0,2
0.62499831086866353,-0.76905869571013219,-0.1338873928491737,0.78058627065547925,0.61743819555160628,0.097237589121434667,0.0078857767841745401,-0.16528398962575916,0.98621448848508775,6.5148478006839419,7.240538802489092,-1.0972281878559493,,0.08440787516634998,0.3076923076923077,0,1
0.99760222711116719,0.042876439172521125,-0.054326857324202581,-0.035766512268967404,0.99142533764646856,0.1256843525372186,0.059249920362418801,-0.12343990779513377,0.99058166553827132,-9.677220712549591,5.5293911166282754,-2.168139965702494,0.4465910760873246,0.3930733583799432,0.8068181818181818,1,5
0.96281744304759909,0.26903848255110613,-0.024512573709835072,-0.26511404784354581,0.95840459903888564,0.10571265854722466,0.051933736619774178,-0.095283363960925141,0.99409454658648877,6.2217520875169479,2.896026002327631,-0.9408172197500374,,0.1227587186890143,0.1568627450980392,0,4
0.99073256386959452,0.12665980771052512,-0.049053847954213491,-0.12095504946205853,0.98702129847427478,0.10563537460429785,0.061796948937737003,-0.098723094911434744,0.99319428493779449,-1.1875689827620592,-3.7901773658411497,-1.0378087541167669,,0.3191456514957142,0.3813813813813814,0,5
-0.33087416892424898,-0.93722565655021006,-0.11013788196035823,0.94216569256827576,-0.3346854431706095,0.017591528558741604,-0.053348777736963199,-0.097947551443203135,0.9937606276565053,5.3079171941764987,-12.753274804220281,-0.169221769189391,,0.3771035561827294,0.4722222222222222,0,4
-0.51408684888215195,0.85754702625573787,-0.018105512043550237,-0.85773709005376597,-0.51393869718016871,0.012413697549380986,0.0013402061468677437,0.021911487870305554,0.99975901623680907,3.9987214080996232,-2.9469372765312971,-0.78611882472201067,,0.08805119415841621,0.4166666666666667,0,5
-0.53679798514323562,-0.83109345870383688,-0.14536707345839331,0.84191102003567986,-0.53889027480587703,-0.027984032270733449,-0.055079555995355994,-0.13740791323407034,0.98898195529140687,4.010135219887383,10.860827428144512,-1.4778633231326819,,0.1219526951487253,0.2352941176470588,0,2
0.77448430610196384,0.6324699593861588,0.012482390629563548,-0.6269933101965568,0.76485930719948247,0.14788383670669017,0.083984811546628388,-0.1223600860754737,0.98892596323742998,-10.768536330236435,15.598048343329442,-2.5488821326070856,,0.1114592008860354,0.3043478260869565,0,4
0.73189663235455682,0.68110633206268123,0.02053007482158134,-0.67817619098200788,0.7251521571270384,0.1192954441675738,0.066365454365915344,-0.10123494178456399,0.99264651967791728,-7.8435345058543957,14.894626998265222,-2.3537647801531945,0.1661456314976189,0.1203883714782257,0.525,1,6
-0.99662833447844801,-0.053499640302112739,-0.062207325953308711,0.054465217829559119,-0.99841849681100625,-0.013930013367956604,-0.061363694164345416,-0.017271181580810431,0.99796603315208532,-9.7056945563548442,0.75757953259214261,-1.8018524025806564,,0.07930675789225541,0.3333333333333333,0,5
-0.58279858278544827,-0.80292551947221102,-0.12512562520744072,0.81014364328496402,-0.58609944833433636,-0.012438404525957732,-0.063348947491159852,-0.10861881440370524,0.99206293349227359,-8.3925896629156327,-5.0534894174873894,-1.5087182631579159,,0.07379705609159773,0.1208791208791209,0,2
0.6109448584986138,0.78455735543591909,0.10590625999205737,-0.78916068777720161,0.59288268256497711,0.16036063601012063,0.063022128979607281,-0.18154856305119399,0.98136044882241091,3.7640999457709574,16.588715755175656,-1.6372169890182071,,0.09533206808228241,0.3529411764705883,0,3
0.99705314987393268,-0.049031105409478332,-0.0589997205823427,0.051430499028951263,0.99788078699963334,0.039860239670960376,0.056920295994512635,-0.042777162590779481,0.99746187609581327,1.015643507401063,-7.3389226020603839,-0.7276575599051277,0.2316965684181587,0.2041875040715511,0.7676767676767676,1,2
0.88271848934967645,0.46771411692203224,-0.045294297566795448,-0.46560192030440156,0.88357831086063277,0.050042186058620035,0.063426495796943483,-0.023084050955481564,0.99771950277741162,2.9428116927236867,4.0221742294670468,-1.2200361744253723,0.1192267236035971,0.08338632868160947,0.2352941176470588,1,5
-0.99727326179279663,0.06432468489608073,-0.03617148360486136,-0.062819314764860565,-0.99716922600628843,-0.041319104521923965,-0.038726928688319728,-0.038934170326850807,0.99849103920632654,-13.114263154782206,13.015889949418659,-2.6613836478988961,0.3866253122253389,0.3674938177010751,0.8425925925925926,1,5
0.60855683923391035,0.79082239273002541,0.065257310535983631,-0.79253740567953634,0.60168075591933212,0.099321339877644174,0.039281471718637412,-0.11216154025822847,0.99291326653767653,-7.5538530470221108,-16.057308920432682,-0.95945205363462438,,0.2871567894877192,0.4444444444444444,0,2
0.87819399197584669,0.47666096973312422,0.039618586428640072,-0.47358221941734957,0.85492450113812835,0.21171674191111933,0.067046207269788785,-0.20469102883809939,0.97652772044829128,-5.7060572191959,14.772549808828035,-2.2095557412601923,,0.09607495365213541,0.25,0,3
-0.33254493815496233,0.94124981792527818,0.058844238147373447,-0.94281718410285353,-0.33329544345955109,0.0031471780167223978,0.022574797183586622,-0.054432780791850703,0.99826221550622052,6.2075071071026775,21.508835776714541,-1.5099051171314373,,0.2889243141885683,0.3333333333333333,0,5
0.38052542332906691,0.89198433446718339,0.24405808584304445,-0.92315441298792056,0.35079783889359523,0.15724759460326129,0.054647341940507903,-0.28514000647527465,0.95692677082738054,-2.4562039947836842,6.9636868601273427,-1.7842927417962915,,0.4493930479035004,0.3137254901960784,0,1
0.9154823374846488,-0.39185823796059344,-0.091319281075040865,0.40053270328087698,0.90914177485297099,0.11416999088947423,0.03828372181693359,-0.14109696864074925,0.98925527650057776,3.3075438181757706,1.9331210442702313,-1.0964154153352959,,0.1083831960623239,0.3559322033898305,0,5
-0.71293874129055967,0.70119454873949461,0.0066750269699807222,-0.70104952301927581,-0.71251295639401702,-0.029237873470968383,-0.015745394294187344,-0.025524337183850627,0.9995501942223044,-35.368473101700985,-17.341276007410436,-2.4594141450561477,,0.5051115338928632,0.1578947368421053,0,1
-0.34171283594826124,-0.87336415972234571,-0.3470841141001384,0.9383104590044975,-0.33786599938830547,-0.073620981928465085,-0.052969994062359964,-0.35082988893454159,0.9349398744086227,-37.120662782142446,-14.904443450076913,-2.6916572680973094,,0.5122054049944131,0.1153846153846154,0,1
-0.85962195089596249,-0.48726994319830252,-0.15368182714082693,0.50890998123640763,-0.84329600024115803,-0.17280765890210123,-0.045395292000153853,-0.22675947264180329,0.97289229056017945,1.5288927993239143,10.973544388483981,-1.6831134125470855,,0.4246844422075163,0.1428571428571428,0,3
-0.26954174599248243,-0.91569657440009689,-0.29807219058350864,0.96170635104293023,-0.27193181285444357,-0.034263442929565277,-0.049680393829112574,-0.29589334698438796,0.95392818685651604,-10.996575894962438,-11.193989463075628,-1.3682604834947323,,0.1290507873962337,0.3142857142857143,0,1
-0.12357945045085485,-0.96414661561786519,-0.23483914285928195,0.99187908969300975,-0.12718423250502819,0.00020598998588253255,-0.030066440694436224,-0.23290657911429741,0.97203422498862879,4.6073020969201028,-15.506710662586544,-0.090208220852279655,,0.6580224060644493,0.5212765957446809,0,4
-0.18291687265774914,0.97948987539466092,0.084504447790994572,-0.98282102542614447,-0.18433208550391528,0.0091931623546833603,0.024581490544942443,-0.081371163523261736,0.99638069234076376,-32.954613864422676,-16.93602956224656,-2.332116008056293,,0.2784184573104336,0.2727272727272727,0,1
0.8237689532151854,-0.55646634091949998,-0.10839706242524202,0.56622340752748113,0.81708336203580645,0.10847042109364609,0.028209297877243324,-0.15073151929151271,0.98817217356356801,-3.4972404472056446,18.385576445666992,-2.1611629940913741,0.2816046231996005,0.166065588792834,0.3684210526315789,1,5
-0.08241901461921608,0.99658793927368838,0.0044255308634523335,-0.99619960565059484,-0.082510786516545712,0.027898311956517957,0.028168275254257403,-0.0021093607199700313,0.99960096982073587,-27.135463870553451,-11.828656253473106,-2.2523468719085988,0.5726108723119215,0.4226276024432901,0.898876404494382,1,5
0.99727348796068216,0.058887588514533094,-0.044472937048029265,-0.044877875624983979,0.96238422060737561,0.26796004964420067,0.058579574000870084,-0.26523360240527044,0.96240301831665043,-7.5981712708674509,-17.513703341427266,-0.90923814019739913,,0.2557333852168108,0.1904761904761905,0,1
-0.13284596169845775,0.99024478673641481,-0.042038230240636104,-0.99065259282149365,-0.13133610184949904,0.036854696946666279,0.030974034229729872,0.046541279444498158,0.99843603626431932,-2.7372787454853049,-6.784542515123503,-1.0321808061171847,0.5623208284115886,0.5184075127164898,0.9575045207956601,1,5
-0.48892430870445647,-0.86336628233822399,-0.1247063866822494,0.87011760603127231,-0.49284369622141277,0.00066540906445472525,-0.062035248305108981,-0.10818388796992479,0.99219346619065873,-25.411655023523629,-8.3295447427824758,-2.3647073503513454,0.2839842894225337,0.2375778359045921,0.5975609756097561,1,4
0.35811482633404867,-0.92478515661116978,-0.1285542114105506,0.933664854643245,0.35398123625536948,0.054472227631419297,-0.0048693288801405603,-0.13953386144866317,0.99020532777070147,21.923275484701531,8.2166222176608059,0.021552892878207896,0.6285085897121182,0.7198222889054451,0.9722222222222222,1,5
-0.91823086409854604,-0.36160694077058064,-0.16153173249668365,0.38748147374448827,-0.90461546539981563,-0.17756398076264063,-0.081915735494701311,-0.22563528125277241,0.97076183079700118,8.1126231165641585,5.166756699775692,-0.87682374543307673,,0.2447379697132853,0.1212121212121212,0,3
-0.6180951936200122,0.7854269040257521,0.032602301396711442,-0.78606939974938639,-0.61715187471180999,-0.034906479589592504,-0.0072959167675918169,-0.047203198749883719,0.99885866248749122,-14.096984633663423,1.8574478551293749,-2.1460947271043547,,0.07469636239244135,0.1142857142857143,0,1
0.94604598621053182,0.32056586524655767,-0.047270688736977838,-0.31747234386415452,0.94618302011743971,0.06284109581190421,0.064871433284170041,-0.044443430112522178,0.9969034450053279,-12.778591541730743,-7.486992772518434,-1.6114906407243708,,0.07720388206098808,0.2682926829268293,0,3
-0.099868864066391339,0.9944223661639412,0.033917070377572911,-0.9933103198000014,-0.10162733708130027,0.054831495844836868,0.057972567382402758,-0.028214216818341169,0.99791940526298029,9.9836964288076437,0.60568200669560079,-0.57922244751491425,0.4283952473223405,0.2793199490490998,0.3035714285714285,1,7
-0.99822191461517218,0.034220788533876285,-0.04880519249158053,-0.032079392939657524,-0.99851614936730382,-0.044004681584075882,-0.050238647778812241,-0.042360796555454196,0.99783848451768209,-10.052611439299369,-25.891758280669482,-0.64812276383631329,,0.3088334539312233,0.5294117647058824,0,4
-0.78630940137907834,0.61783227575728594,-0.00089684750547459273,-0.61751156801831475,-0.78594639650807752,-0.031108281526472811,-0.019924574435544049,-0.023906920515633742,0.9995156179295156,-6.4158043484470895,-6.6547082650173586,-1.3106520279324143,,0.09739938937921963,0.3873873873873874,0,5
-0.48336388144014175,-0.80182527643303647,-0.35133400659800296,0.8734458489505168,-0.46866481031893714,-0.13208196137181744,-0.058751230372070119,-0.37071487917508772,0.92688660109420518,-15.970247174676738,3.6173639677665257,-2.3481837904057801,,0.1211244191999763,0.3076923076923077,0,1
-0.93247397651196162,0.36122530588876473,0.0029260064147762378,-0.35986938456798606,-0.92820862412324612,-0.094460447563468913,-0.031405559677068429,-0.089134889290334876,0.99552431528947138,-5.137326983956604,10.833599562552857,-2.1036256804979852,,0.2045758201462698,0.1176470588235294,0,4
-0.86779550349005585,-0.48743028333936994,-0.096657555349511454,0.49206397516224692,-0.87003051510155205,-0.030330630386749588,-0.069310954905917099,-0.073882485582385568,0.99485545173869372,15.32724854532996,7.7436514555523432,-0.48575100057751663,0.4267967416122159,0.1826685300001369,0.5135135135135135,1,5
0.5083451469805732,0.84145764055520467,0.18312359403574408,-0.85908387593939173,0.48079106264684884,0.17554158532913608,0.059666620838219414,-0.24655423993552111,0.9672904946951385,-8.3931061891717569,-19.350864646467333,-0.83758141830096056,,0.3683643561979252,0.4705882352941176,0,1
0.97405920055864059,0.22629240163225275,-0.00065020809745751753,-0.21929749771180876,0.9446512711474403,0.24401349023540772,0.055832618641812271,-0.2375409962154604,0.96977161940972734,-22.777608807317872,3.1747140593779783,-2.8115184857408519,0.6802031365278285,0.6545079292420366,0.819047619047619,1,2
0.89457570536980968,-0.44295393563979091,-0.059381127164497484,0.44520365710073512,0.87162466669929661,0.20509545120618969,-0.039089782120616763,-0.20991010290731466,0.97693896310424744,5.05226614142589,5.8227809100425176,-1.1389853209095739,,0.2362740717366599,0.2428571428571429,0,2
-0.76438609350115927,-0.63211811322384381,-0.12704562564829172,0.64111747801305974,-0.76607972169275562,-0.045719136008081772,-0.068427183547272327,-0.11639824287968982,0.99084265633162449,9.0615172493400706,-20.36850601244301,0.47984703283334113,,0.2809813295335292,0.44,0,4
-0.74335953374722263,-0.64728193090282626,-0.1686496531683952,0.66037983794875099,-0.75028536421213232,-0.031150311071467447,-0.10637233295313606,-0.13452871134362482,0.98518371515485892,2.412367564827183,1.2054419060333061,-1.1122467515464578,0.2481403425382752,0.2070929030814203,0.1764705882352941,1,5
0.99094725127763172,0.12243971424746998,-0.055064158581633674,-0.11928895350502235,0.99120606153920521,0.057277300386921096,0.061592944051912471,-0.050190237526185032,0.99683862751203711,-7.8408456811409373,9.2293259340865035,-2.2191464781333883,,0.09662424106385173,0.6533333333333333,0,5
-0.98694629245967547,-0.14390012593188534,-0.072317145663311155,0.14852757854437112,-0.98688141677438046,-0.063282127312047215,-0.062262141079846525,-0.073197151462198323,0.99537209263971904,-9.9390938198253966,-12.192408688951405,-1.2883579159142455,,0.0811052528338967,0.4444444444444444,0,2
-0.077591129878820428,-0.9928133949188811,-0.091110808545281627,0.99618484304116517,-0.08086562142860608,0.032810208259258344,-0.03994214640174671,-0.088217425379639697,0.99530011092142967,2.1774624744137525,5.7590551909542533,-1.3633499013387174,,0.07715137582269205,0.2884615384615384,0,1
-0.82285379102672496,-0.56117474860546401,-0.089412192236523289,0.56435919754260322,-0.82542422723566655,-0.013173505284169964,-0.066410351166182241,-0.061300461825319105,0.99590758539032465,-8.8273648834733613,-6.179044144770435,-1.4781085802620553,,0.08505944443307027,0.2222222222222222,0,3
-0.93604747093413665,0.35182938225744242,0.0055873015091663621,-0.34967319021838505,-0.92830326898340709,-0.12641875192082458,-0.039291121138305497,-0.12028768255755989,0.99196122969833256,-17.513007819708914,-4.7823695390884851,-2.0528591082238723,0.3366213038331056,0.2311109309071753,0.5326086956521739,1,5
0.47136139089526047,-0.86821332044195432,-0.15499699797235167,0.88192865171644175,0.46312123763200275,0.087866788582606645,-0.004504714741675543,-0.17811330512164952,0.98399967382298315,-24.699420665010255,1.8841257853845845,-2.8456223434532579,,0.1489244541231911,0.3333333333333333,0,1
-0.99790014973757191,-0.019018092181432203,-0.061916099065673573,0.028750466941738023,-0.9866474642446954,-0.16031279409374954,-0.058040518643132276,-0.16175627799035014,0.98512243133853405,-19.375446183280378,1.6115272361244601,-2.4953705947122637,,0.1564189249858816,0.1428571428571428,0,1
0.29266429435912328,-0.88711927824584735,-0.35688513134038397,0.95605770990071648,0.26469694608789163,0.12605229895222508,-0.01735702009775195,-0.37809378849210212,0.92560457051432909,-25.098679764446938,12.538446833035053,-3.2251201094206783,,0.4183007272602525,0.2647058823529412,0,1
0.98176662510072576,-0.18022941049171953,-0.060428912220390409,0.18471555610721785,0.97957852644090448,0.079410791885414861,0.044882704579087829,-0.089125025271663438,0.99500867971088214,-6.9017728270096041,11.697654292332297,-2.2131163491216954,,0.07427447865689114,0.4285714285714285,0,5
-0.11146172953578701,-0.9904311330788248,-0.081378458311073432,0.99295062270939183,-0.11431802211160755,0.031312149104172571,-0.040315551712992545,-0.07731468456047709,0.99619129480305701,-4.6711013888923523,-6.8339705426831845,-1.182832134710059,,0.06862234773147362,0.2727272727272727,0,5
0.10526363682963297,0.99435044792098337,-0.013665777721759259,-0.99370503762812534,0.10570524706047019,0.037103893816857914,0.038338817846757266,0.0096740613615153778,0.99921796800442297,1.7291798473041526,-4.4366327315185572,-0.8294818218572263,0.1839708748504384,0.1464625817428704,0.4,1,5
0.8989158652887711,-0.42854682111413811,-0.091092750782404044,0.43583946576296939,0.89588451432753258,0.086225849207584734,0.044656771217675577,-0.1172115996865775,0.99210242096434986,-22.859906136835328,-5.3470404089809822,-2.3445254522390897,0.324863197641461,0.2649575786936734,0.76,1,5
0.7585812008748255,-0.64579787334782957,-0.086600626202873621,0.65120778856520234,0.75590629698008538,0.067335624285186066,0.021976755705249103,-0.10747454100984745,0.99396491147494526,-4.1533946001434439,-7.610191829069616,-1.0886769594713448,,0.07129986744820919,0.3018867924528302,0,5
-0.38930212823519239,-0.88014967373173847,-0.27162548625168281,0.9199324663202072,-0.38642175154924752,-0.066351242186049569,-0.046562972001044242,-0.27570778327701395,0.9601130703614571,-6.6627481233770451,-19.094211973661853,-0.74518926932831586,,0.3145836435806184,0.3333333333333333,0,3
-0.52539726905495066,0.84326493630077926,0.11341056774058894,-0.85051623223520645,-0.52427285835011894,-0.041953649445845551,0.024080040988932225,-0.11849986161611731,0.9926620444153853,-9.1904730890285276,-10.915156936208392,-1.2920972866106519,,0.08812964354746228,0.2758620689655172,0,3
0.83265513042199313,0.54538766896875446,0.096113080893091993,-0.55189239769625309,0.80284415322365288,0.22551285329150758,0.045828104335817084,-0.24081851293333845,0.96948761141211137,-8.5816465516515379,20.852937965639615,-2.4979725896029681,,0.4834117094040722,0.3888888888888889,0,2
-0.50795871620770172,-0.84881187055005736,-0.14661633961443624,0.85797088338359462,-0.51369617491183672,0.0014843001453965603,-0.076576144422382475,-0.12503858722114444,0.98919231993133783,4.3647151941861013,-9.4517723023336586,-0.3965289775713528,,0.1735621762243083,0.25,0,6
-0.20803842800561595,-0.97355091824137707,-0.094438456490592265,0.97698485712215755,-0.21147760334396917,0.027889285359977329,-0.047123257813435834,-0.086462898836808563,0.99513997291727041,-10.334102467642779,4.4766870604241173,-2.1214441303514686,0.4755103348303499,0.4221594214951361,0.7266553480475382,1,5
-0.36626053181559282,0.92611071930050326,0.090399991321154546,-0.93041057888814127,-0.36592490780522552,-0.020859447278678937,0.013761450766318387,-0.091749100510266579,0.99568706179620725,-7.0564415563847369,-23.25136903400178,-0.58561746990020058,0.5334788705136072,0.3731169088885699,0.2413793103448276,1,5
-0.84523085338118109,0.53362229050314325,-0.028845373471315099,-0.53359901645554086,-0.84568818547268032,-0.0091423514264764184,-0.029272754059019267,0.0076644654154751782,0.99954207607268608,-18.392104597262733,4.4867135438630248,-2.5653124198989978,,0.07199549730417656,0.4285714285714285,0,1
0.76665046814306559,-0.63368026949563316,-0.10342328436072751,0.64185025143412544,0.76054914925939843,0.097945118789837429,0.016592601663638146,-0.14147193224363303,0.98980320163014446,-6.0892490118578344,-13.517212562660767,-1.0255848643645979,,0.07725157729328397,0.2972972972972973,0,5
-0.56800546523611861,0.82238912231024552,0.032340732330685885,-0.82278665396308925,-0.56645736317141548,-0.046348438691201588,-0.019796805856634642,-0.052935689422844594,0.99840167230589294,-4.3768381129963538,7.7573359740508838,-1.9534785919227167,,0.3487426318171493,0.3977272727272727,0,5
0.95677069159414108,-0.25070671234352299,-0.14743129956820661,0.28743117689544312,0.89247975102523835,0.34765386889610328,0.044420291027512139,-0.37500138452521786,0.9259593940066706,-18.843376917885859,6.4279250108935404,-2.7599603501007159,,0.7718919178589584,0.7169811320754716,0,1
0.80136254678905383,-0.58399346385892348,-0.12949788714036303,0.59762051255680582,0.79098061801313824,0.13114642541409796,0.025841663551384935,-0.18248642715996927,0.98286871571298184,-3.4480621390584814,-8.1254210095101449,-1.0187689051540381,,0.06822572076652667,0.1666666666666667,0,5
-0.27661058901173818,0.94638451996001827,0.16686198616409204,-0.96088468047414821,-0.27485345065010081,-0.034003110090516493,0.013682575659368978,-0.16974074656893401,0.98539376194369488,-19.451168458939975,-2.4134175449339281,-2.2719634483171651,,0.3730516978500772,0.2,0,2
-0.31400860949678533,-0.92485389298118847,-0.21457835352019242,0.94798490082593689,-0.31784377697302651,-0.017319389295259845,-0.052184489725733474,-0.20885547653117037,0.97655320846075933,-22.04628146348573,-6.4657031743638367,-2.2322447586705652,,0.4820824259272258,0.2333333333333333,0,4
-0.842604179518602,0.53697876236594633,-0.040890162945639456,-0.53776430056752433,-0.8430283779463833,0.01061654426886784,-0.028770708939925772,0.030934814449546166,0.99910724327374756,5.5186010148699145,7.0017720721689871,-1.1558960901353001,0.1340856858686509,0.1147536564203615,0.5106382978723404,1,5
0.060083335348236476,-0.96012578884043587,-0.27303564312551409,0.99767615420880518,0.048957829848969528,0.047385886291267949,-0.032129178896463925,-0.27524825249220214,0.96083615427575841,-8.8257505071506426,19.014673649492543,-2.5205130266722291,,0.4101495858091588,0.2727272727272727,0,1
0.31889242376204524,0.938671288557268,0.13116338706135189,-0.94421878970253115,0.30263010563284154,0.12986876582666917,0.082210092080323469,-0.16526110008980632,0.98281751589867961,-4.3359518643906894,13.171766630331033,-2.0922670077260097,,0.5172248000048497,0.6119402985074627,0,3
0.44940140047621319,0.88876059073356839,0.09023853727170926,-0.89154418568086458,0.43982512396283435,0.10817959747439779,0.056456587114911021,-0.1290677058368857,0.99002736380432454,13.622503368108896,2.1831955991656118,-0.34584440706676656,,0.110549963169451,0.3043478260869565,0,5
0.61777301856410149,-0.76516791741135592,-0.18131341841840154,0.78564647553747602,0.61038015026651882,0.10097369774433308,0.033408277563205073,-0.20482707419916477,0.97822786541033935,-9.6920557676288617,-19.073046902013637,-0.94659175830683728,,0.3398029903029291,0.3815789473684211,0,5
-0.25719749515678103,-0.96110370278246948,-0.10064353423298515,0.96449416361330165,-0.26177201240372139,0.03502030665179437,-0.060003806887208404,-0.088062966222665739,0.99430601785321093,-1.0134321363424188,-17.688487680448869,-0.42716121741089164,,0.09622413199515642,0.25,0,5
-0.64257475918355045,-0.71607238821045338,-0.27264998386719241,0.76355127413235246,-0.62811281616357229,-0.14987909107653521,-0.06393067050378809,-0.30449076342911402,0.95036742597549695,-0.46549916487460602,-21.31614946061741,-0.21547788301144574,,0.2538376623616105,0.2857142857142857,0,1
-0.93962025625211287,-0.31688310973307837,-0.12922410304044857,0.33586136097180164,-0.92634017180063322,-0.17056093431540403,-0.065657598546427262,-0.20366389192556497,0.97683678210786518,6.5020763155836505,4.9702717372266996,-0.97861467834483395,,0.1611072505770324,0.2352941176470588,0,1
-0.26682060470238034,0.95176648166872946,0.15148375912349193,-0.96356767489194517,-0.2664805127477396,-0.022923181040875235,0.018549954436254065,-0.15208123058954306,0.98819390733437673,-8.1305862393221027,0.89518224265873403,-1.716102606537486,,0.3816568388383591,0.259698275862069,0,4
0.80085762808123862,-0.59287427136560689,-0.08442249639043499,0.59827715347227284,0.79828534714715838,0.06931776224933564,0.026296524051798876,-0.10602170948839482,0.99401604108784436,-7.3497329211448106,-3.9729013667981334,-1.4606883297798325,0.2127490988585625,0.1679897501745723,0.82328190743338,1,3
0.8894255311434156,-0.4424186750723289,-0.11483875869016454,0.45558715374677072,0.87837418780093535,0.14456531930571595,0.036913004363897849,-0.18089914911986815,0.98280869346813282,-3.2490233222611433,-21.938918323936964,-0.41384461164782071,0.3212831932068637,0.3268948874671292,0.5208333333333334,1,5
0.98776119229069226,-0.11947691756816629,-0.10026511443608351,0.14733621725140947,0.92568343600240288,0.34842820694776194,0.051184627482446128,-0.35893654380572132,0.93195745151282949,-0.91913929655072191,-13.13822527389638,-0.63620085022700601,,0.3632986472905745,0.2758620689655172,0,1
-0.46314417774961875,-0.85430936566169813,-0.23590883484799388,0.88374127705685679,-0.4652996342826361,-0.049976049887548835,-0.067073287101105078,-0.23162849150990375,0.97048926633853128,-6.0357881124288193,-10.886542687736929,-1.1159235965341079,0.5443278856775633,0.4435228420181884,0.7531645569620253,1,5
-0.97712737171550579,-0.18118226668930684,-0.1113332191292102,0.2007946023476439,-0.95848081125377482,-0.2024748431938094,-0.070025903153043315,-0.22019882083160888,0.97293825713247051,3.9176920312843104,3.8815050936127968,-1.1411396625047749,0.4429361834795225,0.3773623212053939,0.38,1,4
-0.84825672005170183,0.52956307182533424,-0.0048466324436178621,-0.52877658382292936,-0.847431536743664,-0.047488050421381697,-0.029255107035870021,-0.037719272145509457,0.99886004786513083,-16.909810432971376,-2.9615664238447006,-2.1176498176393137,,0.06500565531025233,0.1428571428571428,0,2
-0.99146956874532166,0.087223742194119477,-0.096850983730777815,-0.078999009974566436,-0.99318080524914387,-0.085738232473622875,-0.10366894749636435,-0.07735571654581469,0.9915991339461121,-4.1278774042643365,21.63514644031007,-2.1860876060177543,,0.1933478922763129,0.3333333333333333,0,2
0.64597435248628188,0.75944073498475706,0.077245750535156726,-0.76205169501349135,0.63563788368385887,0.12345725962036042,0.04465814659155215,-0.13861547847089867,0.98933886968585738,-5.4953794901993716,-7.8530213030707881,-1.1818020591929168,,0.1736318451132339,0.1864406779661017,0,5
0.96450383490435587,-0.25382657094636424,-0.07283147902110565,0.25980471714863984,0.96148802848666914,0.089678760161667023,0.047263742997213712,-0.10541746989199123,0.99330423115955002,5.4925145288545174,1.7659975211139245,-0.94741882568299918,,0.06643662440219086,0.1891891891891892,0,5
0.74160729875187292,0.66789013083634252,0.06278047124196727,-0.66629686565631807,0.72249209661900871,0.18453633013484175,0.077891599383479643,-0.17868392052583326,0.98081851292224342,0.60251982106616198,-10.567748391965193,-0.60495716345751993,,0.2387182445391,0.4,0,5
-0.60249581130009089,-0.79388751211013864,-0.082106123288217286,0.79573758454403065,-0.60545489232108352,0.015035621320629215,-0.061648146037633661,-0.056276029355666932,0.99651016784079194,-13.920258384722267,22.179038191073193,-2.7392822779217809,,0.1484539810521147,0.4444444444444444,0,4
0.9173959243378037,-0.39187586810489805,-0.069411973069628499,0.39726270567304478,0.91215219153048277,0.1008004075759079,0.023813036129780033,-0.12004867130947251,0.99248237053718558,-6.6388892996413444,-16.051486544500179,-0.91030226313667206,0.1524247935463312,0.1102053843838743,0.3928571428571428,1,5
-0.21947145609693658,-0.97209457876011107,-0.082851734465204954,0.97453896269327567,-0.22243122632954937,0.028251721120092894,-0.045892157842110558,-0.074541796991588152,0.99616134754860852,-7.0439451712893471,-5.3805029831974158,-1.3964936157092078,0.5096490415234616,0.4465324174419203,0.9676498572787822,1,5
-0.09684877419452341,0.9871135520982417,0.12738583202621076,-0.99150212594707798,-0.10685473735530104,0.074199726058487972,0.086855334778257756,-0.11911717075519135,0.98907393578631697,10.083515753827365,-4.3060121140865313,-0.27409734205216135,0.3393838003385882,0.284789187805905,0.3333333333333333,1,2
0.35049377546311888,0.9365636091526196,0.0016490520387894641,-0.9352209369510357,0.34989591825631444,0.054172368196307774,0.050158872096913935,-0.020529305847699804,0.99853023747474745,0.10797754645045489,14.919669498730373,-1.8867591849513583,0.1882744113500462,0.1302650738810407,0.55,1,5
-0.90223013560531418,-0.40348896518800004,-0.15224137866274301,0.42497971180382382,-0.89186101129892359,-0.15484243953128599,-0.073300934242032323,-0.20440301244447912,0.97613850530693991,2.0717803835331527,-12.15646141618307,-0.42564659777618374,,0.1418079262518176,0.1538461538461539,0,5
0.97931533156581174,-0.17498254573485966,-0.1016001478753404,0.19232082307065992,0.96101897417981597,0.19863341179116276,0.06288228982445887,-0.21406456959179726,0.97479340255867075,-12.637180428840146,-6.6155999122456635,-1.6621907255273498,,0.1000977375039536,0.2727272727272727,1,5
-0.39372663094347382,0.91173123973601022,0.11715582177313758,-0.91777055332438728,-0.39706986458403931,0.0057213713269406918,0.051735399259593223,-0.10526950711697274,0.99309706440750267,10.36687606420297,5.7554521910660785,-0.73969643329598,,0.2813027092288011,0.2,0,5
0.71257154209769569,0.67702295883657893,0.18406985250354496,-0.69852476480706238,0.66006218964715357,0.27637123357803434,0.065612120402797597,-0.32551162653025156,0.94325883544755618,-11.52569069043863,6.5739964303486706,-2.3533100001904685,,0.510630591987803,0.15,0,1
-0.61198819751845357,0.79005736540829818,0.035774368788456086,-0.78727167407670751,-0.60427431636670836,-0.12270232995345018,-0.075324347289387736,-0.10325652494465183,0.99179853436158161,-0.069256845346838736,-16.497683603799874,-0.40712998200099765,,0.2539808355326105,0.125,0,5
-0.49192772920520189,-0.84928306586990854,-0.19163867893936118,0.8684396903917414,-0.49427728805296722,-0.038761664919117762,-0.061803020891470301,-0.18549457280905549,0.98069982668861311,-4.8232895907538005,-10.958599166626069,-1.0200796793311051,0.1659127886399681,0.1190079484975539,0.1666666666666667,1,4
-0.62948813944495308,-0.77091719744543341,-0.097115173793857673,0.77440529228404964,-0.63268383371272829,0.0027585940298698853,-0.06356984804597271,-0.073470002323701822,0.99526932695525594,-18.430352714277326,-13.6767437078945,-1.6673947178211341,,0.1571456693214612,0.3333333333333333,0,1
-0.85969440983778067,-0.4813243073133987,-0.17103342621531187,0.50639185723112201,-0.8470037912402838,-0.16171538131730959,-0.067028416538708294,-0.22563574365304981,0.97190313435159292,2.3612083941795037,-15.537099023600422,-0.25651931804369443,,0.1563880353451655,0.5142857142857142,0,5
-0.80710253679670763,0.59015243593125288,-0.017481346078836398,-0.58987801874919066,-0.80727815659401791,-0.018598410757222704,-0.025088206250130102,-0.0046989627124886697,0.99967419775473743,-26.90178751321017,-7.313136143016572,-2.5037244881432246,,0.3743955557029298,0.1666666666666667,0,1
0.97891613492197715,-0.19492559464981993,-0.061050907772361641,0.19974565174332962,0.97601896287772238,0.086537036653248592,0.042718560357856185,-0.096907154810711951,0.99437625069560187,-5.5617968249527836,-22.277121095712374,-0.53402834786400244,0.1983809067330733,0.172982746742586,0.7105263157894737,1,5
-0.22502599355848052,0.97397651049208522,-0.02707506662370272,-0.97411021362865979,-0.22426311949355276,0.028554245557282504,0.021739225546088814,0.032799546409665606,0.99922549798730353,1.5890958767047432,2.900481070750847,-1.2492345397482389,0.5998412623324491,0.533493774108461,0.98375,1,5
-0.92066907061706293,-0.37230219577165069,-0.11730105469568798,0.38434264509454469,-0.91710705664534331,-0.10580821240831972,-0.068184995203066187,-0.14249814621574117,0.9874437121954015,-15.159088369791704,5.5266143279420135,-2.4671898262391609,0.7027240949718637,0.6205426301925283,0.6811594202898551,1,2
-0.3788456653849181,-0.87283626070113574,-0.30762448508582318,0.92383543000404378,-0.37636264981564665,-0.069851657768363426,-0.054809306584760506,-0.3106573962245292,0.94894042072339468,-14.646871368408842,20.682956709511995,-2.7907577682067664,,0.3488739793096568,0.1428571428571428,0,4
0.98809932255274768,-0.13633198454829915,-0.071227233274383989,0.14972682464225465,0.95856661377234975,0.24234670400803637,0.035236440702044673,-0.25012724151945859,0.96757157683373374,-10.842020003085683,-18.140645454722346,-1.0552069438581684,,0.5017518046703295,0.8095238095238095,0,2
0.98624673863564205,-0.15297375921705511,-0.062581143498362857,0.15729753867293703,0.98497825969044595,0.071241225878117043,0.050743027678648592,-0.08010528651832835,0.99549399205310163,-30.802855417337799,-12.635350962073177,-2.4253905327064675,,0.07860895906223647,0.5384615384615384,0,1
-0.99438219037108044,-0.079893676701351127,-0.069433852665340398,0.087252930433311726,-0.99005257445147954,-0.11037583953382916,-0.059924832946049007,-0.11581407619602171,0.99146160498087377,-12.718159496956,4.0864460056760068,-2.2316061853828888,,0.09929225595964293,0.1666666666666667,0,1
-0.99899690707845201,-0.019281581428348769,-0.040415346903262393,0.022243750746736974,-0.99699723230378712,-0.074173676808608688,-0.038863803215924766,-0.074998262621295775,0.99642604612855412,-11.245316927545669,-13.735819730431139,-1.2861997840702701,0.7627425190903173,0.462297037354598,0.3214285714285715,1,5
0.34135624033531065,-0.9269614098972212,-0.1556228188457513,0.93989598167057997,0.3351423040152206,0.065384858330247139,-0.0084534503984275734,-0.16858879150384035,0.98565022120204271,-19.319447646896865,4.2625120804998931,-2.6078309059795415,0.2556500457771388,0.2488016685284459,0.4259259259259259,1,5
0.28109344113770174,0.95914715301615161,-0.031987750942776942,-0.9584544497984957,0.28226261612897274,0.041144661834707698,0.048492731525762417,0.019093307650585506,0.99864102689211154,7.9299822855936419,-9.6690464235233868,-0.12891530749160807,0.161581280882,0.1018309420461177,0.4516129032258064,1,4
-0.98653913013982764,0.1631182915394313,-0.011531160748531465,-0.15451155588525145,-0.95292736722156879,-0.26087470536272223,-0.053541794897726591,-0.25558140731560536,0.96530379696430435,5.4113544867652212,-6.2019119539456113,-0.48487024683729124,,0.2551960808453159,0.1162790697674419,0,2
0.23388497625645133,-0.9602913164209258,-0.1521131338447993,0.97203126260379547,0.22752438091369037,0.05820550326828984,-0.021284792749569254,-0.161472114299679,0.9866477151958547,-16.524243580134716,1.0336118552572164,-2.2585309976007903,,0.6344597243350394,0.44,0,1
0.16931033731447473,-0.97568714825823666,-0.13917111195276685,0.98555890315879369,0.16721663772702694,0.026687908717336048,-0.0027673241399204214,-0.14167986727470858,0.98990866100167374,12.638682248887864,3.2257012622364374,-0.44901610104923689,,0.1170178341977123,0.2105263157894737,0,2
