axis_00,axis_01,axis_02,axis_10,axis_11,axis_12,axis_20,axis_21,axis_22,location_x,location_y,location_z,dbh,dbh_approximation,score,reconstructed,number_clusters
0.88466218680759867,-0.46153451216154184,-0.06602052193527011,0.46508493445571786,0.8835215436847732,0.055548947669566404,0.032692796991363918,-0.07984720363721684,0.99627084926549903,-2.607337403492028,-5.2983873493577702,-1.0782713879487043,0.2146806123730633,0.2083073356916715,0.6869565217391305,1,5
-0.99106578703957515,-0.11370388324987594,-0.069713934715567361,0.12945072028455501,-0.94589375596718239,-0.29753573472795941,-0.03211100710718498,-0.30390200617336394,0.95216198929928253,-9.8025587369639346,18.11878589897761,-2.2597816468694099,,0.2590589180207735,0.1538461538461539,0,1
0.97525542190491898,-0.21513424890630595,-0.050932474832637853,0.21839470259944035,0.97329532052678081,0.070710486613881268,0.034360091989977713,-0.080084168149450338,0.99619571876727619,-3.3005392658498631,8.8479694287808215,-1.7255256392350302,,0.07751520007090251,0.2452830188679245,0,5
-0.16408755187847693,0.98541002151772494,0.045192530477543104,-0.98635508073276157,-0.16327894705776502,-0.021062767158511513,-0.01337647304764248,-0.048032019946521412,0.99875622402499276,-23.911941709133131,-8.0406637327784498,-1.4647129763912432,,0.3106126999603272,0.5416666666666666,0,1
0.99523302384035273,0.093614886187123214,-0.027340105006393712,-0.091780337038332771,0.99384539697978758,0.062029804410614044,0.032978750593657562,-0.059224825759650802,0.99769976547206884,-13.969660568146534,6.8270458024143705,-1.7509448135860277,,0.1331895702426854,0.3098591549295774,0,3
0.094427530631730705,0.99553020548901405,0.0017468307853711561,-0.99552271913814538,0.094419060868497579,0.0044222872477179985,0.00423758641020122,-0.0021565953978731215,0.99998869591496053,3.7208532923176794,6.4765548954888823,-1.3013065764487004,,0.1013060014461335,0.4035087719298245,0,5
0.95960227469141302,-0.27638117691624819,-0.052696484260861619,0.2795489865039037,0.95777023839087239,0.067294387561898955,0.031872222258670521,-0.079307096145806555,0.99634057728731173,12.535919528056166,13.266721999994948,-0.81758133551543732,0.435976276861196,0.3379506635888345,0.391304347826087,1,5
-0.78590880398739282,0.61832199912808805,-0.0050256551165667809,-0.61760238362784436,-0.78533981453747181,-0.042528477981869116,-0.030243140582798037,-0.030319648686851827,0.99908261487786665,-16.317539881614984,-5.0099300713020503,-1.2999168891932167,0.4160712064677111,0.3688621120229895,0.8231292517006803,1,5
0.079950768127176122,0.97511579806743454,0.20677779144575623,-0.99678793880719829,0.079179755888820216,0.012015461118223842,-0.0046561490924592825,-0.20707425387212433,0.97831414875740796,-13.889633973892252,-11.460309892154672,-1.1410257012975418,,0.2733687332208681,0.3260869565217391,0,2
0.24444777289233438,0.95613595907622173,0.16139799902530128,-0.96966158065813801,0.2408134199179835,0.042015661163019843,0.0013058803691233666,-0.16677207364783345,0.98599460958347163,14.745279121329203,-1.0745272023498518,-0.36440031917405152,0.1786011732182201,0.2872751989190813,0.2857142857142857,1,5
0.60397502771859801,-0.7667961327538646,-0.21734271712214079,0.79631806581837239,0.59188948017434884,0.12467710820444762,0.033040943442998905,-0.2483757920020688,0.96810007850621516,-16.685103931153474,16.229622440006722,-2.2144137996692357,,0.3729258707839122,0.3529411764705883,0,4
-0.95170268101550159,0.30699871989644495,-0.0037138833922453858,-0.303525976527109,-0.94261948634572501,-0.13907007418775186,-0.046195113607089694,-0.13122610237016905,0.99027557858182214,4.7892881519947768,15.22016686328754,-1.4791050413643745,,0.7286047588640219,0.2142857142857143,0,4
-0.99638109788806861,0.077348008473770866,-0.035241926118019587,-0.074982284024946222,-0.99512123484694315,-0.064120082962333208,-0.04002954975725783,-0.061245518544916118,0.99731971884867243,-21.669142433834395,-10.243250610387191,-1.350096873732652,0.1844035098199439,0.141024218170442,0.3548387096774194,1,5
0.98181235591742122,-0.18635288498959302,-0.036291872698112002,0.18743666150905991,0.98184383005465892,0.029158040159331673,0.03019926638543655,-0.035430151561214158,0.9989157665539814,20.848238530574648,10.990207987456435,-0.15061445343334762,0.5320525442185045,0.439089946201593,0.9523809523809523,1,5
-0.19122190386782667,-0.96055767748602738,-0.20189881550868827,0.97883174753866886,-0.20190402741163346,0.033513784109775388,-0.072956106609096516,-0.19121640080707014,0.97883282258556847,3.215662488543694,-15.588675888388885,-0.40575959327657601,,0.2363473561393383,0.2222222222222222,0,4
-0.89755952809301753,-0.42894972045208635,-0.10192659541806114,0.44054206619866465,-0.88177534724402451,-0.16850793720798901,-0.017594926508837396,-0.19614885754639841,0.98041626069970511,-12.625846240309881,17.840918611026037,-2.2729085015345176,,0.1278424912873442,0.2727272727272727,0,3
-0.98257541747398858,-0.18184524173470937,-0.03844290616307057,0.18289979220497443,-0.98278922784486167,-0.025942236670689695,-0.033063801765595965,-0.032521403575892886,0.99892399276534538,0.19489616611024829,-14.387624362003196,-0.52392191899844287,,0.09816124490642808,0.5384615384615384,1,5
0.5411989232935972,-0.81699920511789592,-0.19903774582369355,0.84052814197589698,0.53257790246179348,0.099364079807254577,0.024822730961708131,-0.22107255968600523,0.97494141125581502,-2.7418531444707974,-17.622009339009963,-0.56563470511213321,,0.4811019744133229,0.3214285714285715,0,1
-0.40097071108150423,-0.91206429823884505,-0.085797463440803995,0.91607350898621753,-0.39977737310655703,-0.031422572868856295,-0.0056404776810781059,-0.091196314783569751,0.99581695967754302,12.111891472961625,7.361717699088234,-0.70948122586185314,,0.09010100839126167,0.5769230769230769,0,5
0.96717330942254609,-0.25336330908576932,-0.019565866956271029,0.2540990870943825,0.96330060276067808,0.086519377359740468,-0.0030730243153931063,-0.088650901461996834,0.99605801748268352,-19.407077740361959,7.4558397677102892,-1.8454710955841682,,0.1486374951655577,0.1666666666666667,0,2
-0.89247667748717252,0.45079279541769174,0.016469236198494639,-0.43767057296220141,-0.85650227728385064,-0.27358420745817397,-0.10922385135306759,-0.25137562452847734,0.96170704774818105,-15.263549320461175,11.55707739616116,-2.0177932657423496,,0.2959998983761,0.3469387755102041,0,2
-0.91774477620889539,0.39714695322818488,0.0043385807419896033,-0.39629909597402918,-0.91495295250772812,-0.076211030878465938,-0.026297381456185293,-0.071661651104067733,0.99708227117404269,8.6135196690278626,-10.837236164426592,-0.22555408341649502,,0.09396135380258647,0.4444444444444444,0,4
0.78824074173009062,-0.61225209325503316,-0.061837750457347962,0.61476894529419546,0.78791784419575328,0.035279097207518373,0.02712336591681765,-0.065824350378451746,0.99746251955579557,1.2902883700658587,11.942689060257146,-1.6418194596613753,,0.1669728130963598,0.1176470588235294,0,4
-0.66177069367214836,-0.72715690831648694,-0.18248939608725936,0.74964061212837685,-0.64503232545869527,-0.14823040093429143,-0.0099247994678251517,-0.23489599783937759,0.97196983932350856,-6.5115756259410835,-21.104495527807369,-0.63732780021086277,,0.4455964788731094,0.5517241379310345,1,5
-0.71994737994450053,-0.69040566710267803,-0.070822206570793148,0.6939403081280392,-0.71446978248347615,-0.089329606923890539,0.011073340336674283,-0.11345900030637091,0.99348096931107255,-14.003224229058027,-16.946546138284365,-1.0001305344715128,,0.09881237315657465,0.5454545454545454,0,2
0.99946789347662657,0.0073808844750286968,-0.031771881495435063,-0.0063460713725433044,0.99945000656865335,0.032548605931009535,0.031994644669511074,-0.032329659977856931,0.9989650323200443,-28.968253904202875,-3.5929955713113233,-1.6669671424971564,0.3022272131251511,0.2466438356657331,0.7368421052631579,1,5
0.92782621502677376,-0.37006466477120548,-0.046804471975082453,0.371881476838338,0.92746649114168367,0.038859683398988674,0.029028983682307059,-0.053460749125954693,0.99814791810095149,-17.458168378881275,21.89418325719782,-2.4453031066348156,,0.139362843286927,0.7391304347826086,0,2
0.68637515757893031,-0.72213696364456514,-0.086065956084311418,0.72661268816626412,0.68590090039653262,0.039673117233478231,0.030383292354418782,-0.089767257802797151,0.99549921897120131,-17.681267873191054,-5.4668399436321531,-1.3118902159872452,0.6979924877064692,0.6963951621348849,0.9480286738351255,1,5
0.5403030388018073,0.83126865860852861,0.13063324032079709,-0.84106722939756695,0.52869089906297795,0.114419617555212,0.026048836730909554,-0.17169260456746105,0.9848061269314935,-24.341923645583087,-7.3903947011402726,-1.4860764535959923,,0.512661763391244,0.1875,0,2
0.36985101592572783,-0.92163653259221867,-0.11745777032661499,0.92762162821695704,0.37341072359707528,-0.0090855031137851688,0.052233522596405138,-0.10559608560027811,0.99303631646736368,5.0584734357143173,5.0773666564230355,-1.2078926877030158,0.9375967867002426,0.9519449109634281,0.6035502958579881,1,2
0.99945871686119381,-0.0029131593398051591,-0.032768686162824939,0.0035536447384747569,0.99980345515926372,0.019504426694250572,0.032705426143829999,-0.019610317546118146,0.99927263074022588,-5.2560213270003562,8.0237270236237315,-1.7232667196867486,0.4566047849026289,0.4324268390184346,0.975,1,3
0.054379531119603079,-0.96920971977946224,-0.24015700214698882,0.99851385734808151,0.053649498740436688,0.0095816474969121906,0.0035976768986840666,-0.24032114008117669,0.9706867704625507,-13.869294852286723,15.348726792181612,-2.2129119744315164,,0.5519174001820435,0.4,0,3
0.99135332081081473,0.12770934081551868,-0.030148260079743382,-0.12571528736659726,0.9902068386053442,0.060713122976369389,0.03760664621717804,-0.056398058899891308,0.99769985422100804,-0.72723673229672414,17.006812686734772,-1.9098734230593657,0.6390079491653281,0.4240767502803583,0.7222222222222222,1,5
0.77446764333696583,-0.63073725240033829,-0.048686629155834181,0.63205184315309726,0.77472744649340408,0.017545689401715244,0.026652147959563135,-0.044361042416525102,0.99865998263916644,0.29653674405020664,-10.235996230722568,-0.69464099331104801,0.1320484962788104,0.1179947501290851,0.2542372881355932,1,5
-0.26602528352479643,-0.93487902426022351,-0.23501437939794803,0.96387775785068086,-0.25467483920174483,-0.077976882460818631,0.013046702506554056,-0.24726895534178253,0.96885904407085333,7.0697594846475305,15.93295513193355,-1.3157026686881501,0.6554800935573252,0.4590480421990176,0.52,1,5
-0.98506160433145618,-0.16850308531755295,-0.035501350825050577,0.16949343987754628,-0.98516120951800623,-0.027006760255451612,-0.030423831290854825,-0.032620568656667577,0.99900464913337683,-0.47949543383319559,-8.4084579637535359,-0.88538220202602802,,0.07863862759729787,0.375,0,5
-0.86715590499665252,0.49769634060749507,0.018411653248570484,-0.49497873548098237,-0.85715183244264781,-0.14243169437263314,-0.055106150755473829,-0.13262386167699899,0.9896333783087532,6.7966723796966697,-10.210517201360426,-0.35481015859621551,,0.1999009454494678,0.1904761904761905,0,5
0.77912031477130339,-0.62516286545300859,-0.04629175703349981,0.62610969765114322,0.77969165664696782,0.0082199186310223677,0.030954508845387876,-0.035388023591181386,0.99889414162285028,-6.1403689447600875,0.94646470831180618,-1.3921102889276824,,0.09845179886939578,0.6514084507042254,0,5
0.43810332072477182,-0.88931331947492609,-0.131100343914173,0.89865486643817516,0.43686168758944949,0.039639588084159016,0.022020703824160676,-0.13518019722202226,0.99057629836479633,-2.510729800588217,6.9705555082709507,-1.6535185370510341,,0.09952570262288193,0.2608695652173913,0,5
0.97259050549438986,0.22960464579854589,0.036734387838782787,-0.23249485329605529,0.95772524444316742,0.16943582663391771,0.0037218023874961152,-0.17333223238624007,0.98485637805874482,-1.0727346976626411,11.684839038103107,-1.7320905142534333,0.4448691431916274,0.2107514364809241,0.1739130434782609,1,5
0.65773892028426661,0.75324358902478639,0.0018995621455710227,-0.75296652646478179,0.65742411733973383,0.028895327712829072,0.020516402385574742,-0.020435888361650872,0.99958063791773322,-3.6131858522479181,5.8597473687107593,-1.6392169477565588,0.3557713894729778,0.2702253272593702,0.7029702970297029,1,4
0.28696269977254885,-0.95317228216864769,-0.095472558594931381,0.95776140056248182,0.28741406994430485,0.0092871949825583319,0.018587859797295013,-0.094105009980674073,0.99538873741101475,6.3497088486657676,-4.4247573572188488,-0.7873068177403485,,0.1053348633780899,0.5600000000000001,0,5
-0.12054381961643038,-0.98212895362837849,-0.14454032654282478,0.99269280045912334,-0.11845147298999127,-0.023027211362272051,0.0054946764147558317,-0.14625992954779612,0.98923093438275045,34.885934957025746,7.5044222666539291,0.81877118076129829,0.8444257819271337,0.7051107762089229,0.9736842105263158,1,5
0.67384401201923194,0.73884924456906609,-0.0060034378104431964,-0.73864581765617621,0.67381576218313732,0.019356515507558215,0.018346757884211647,-0.0086088578380826963,0.99979462093064897,-11.260173904688077,10.692506971453202,-1.9089380098919673,,0.1154830474806151,0.2807017543859649,0,5
0.99260520899048654,0.11681054966719043,-0.033018094605869061,-0.11626450157290172,0.99305504139278888,0.018006955277656691,0.034892187649357885,-0.014034965294422483,0.99929252723625783,-14.662434333414978,3.9521181814722808,-1.6133892827101357,,0.06566982881503047,0.3157894736842105,0,2
-0.35783631214691219,-0.93199945911834858,-0.057707728357680274,0.93377348695944928,-0.35744599401521554,-0.017304231103006405,-0.0044998622967101741,-0.060078028975497473,0.9981835410753529,-21.511768237335097,8.5235673635236981,-1.9109208092517005,0.8597634780601001,0.3175514450405651,0.6739130434782609,1,1
0.84787788936418429,0.52170102230240323,0.094504645684560074,-0.53018909740530029,0.83375334473578477,0.15412618575195175,0.0016142242377910727,-0.18078551786722158,0.98352122031483957,4.685157595915002,-4.0823875786707351,-0.87334880309378926,,0.2319480580449556,0.2222222222222222,0,3
-0.73752559352508007,-0.65541855374382541,-0.16273450249971327,0.67531733181108022,-0.71522564764058205,-0.17999659528077655,0.0015812182139139262,-0.24264952578865845,0.97011272921423819,-8.3666233894926449,11.112823091844863,-1.8912950044627184,,0.2645009185534896,0.1428571428571428,0,3
-0.2947471682118688,-0.94975947936461536,-0.10526651028764332,0.95537962120728481,-0.29066420085439354,-0.052574725139568235,0.019336137486805457,-0.11606573007882655,0.99305330173579287,4.8080934634892945,11.738947631160967,-1.4203082956668487,,0.215618148470318,0.6296296296296297,0,5
0.6403430076864155,-0.76339623971561188,-0.084776256671193109,0.76759464363988483,0.63998063009056372,0.034975079188525535,0.027555318224873372,-0.087469847930298855,0.99578598611377189,-1.3140887215762569,9.3185343749584533,-1.6558198638903274,,0.09702348367648987,0.3333333333333333,0,1
0.25293569756443318,-0.94316668466466158,-0.21554613853248497,0.96742036510445717,0.2490994413944089,0.045247159890460152,0.011016808918786749,-0.21996834598565546,0.97544479940465245,7.7890514406677891,-15.306185191777368,-0.15235810072701006,,0.5102697226907935,0.5645161290322581,0,5
-0.9892262456251133,0.1437183501608281,-0.027865225523812782,-0.1423387473587161,-0.98872923940494317,-0.046413060080908675,-0.034221571658750206,-0.041946715875882459,0.99853360337067931,-10.62612971217737,-13.529896884097424,-0.97289778143133565,,0.07695748713744902,0.3095238095238095,0,2
-0.62369716764363847,0.77895294754684652,0.06507033564831681,-0.78119684783869403,-0.61827528983456959,-0.086412677929043044,-0.027080029545648567,-0.10472808356911699,0.99413213433212611,-13.458861201935449,12.067928708397758,-2.0069436505039193,,0.08446416496813421,0.2142857142857143,0,2
-0.1104205445783505,-0.97817544811158241,-0.17601163611172368,0.99367455521758163,-0.11229598932885596,0.00069935241118618458,-0.020449490168756555,-0.17482106135234046,0.98438783762269189,4.4593846826130052,-5.8789341657472258,-0.80294471392764155,,0.07474167377441604,0.4117647058823529,0,6
-0.66945707702159296,-0.73731934668670385,-0.090484269501374351,0.74264833531514507,-0.66713439604857061,-0.058353643095806297,-0.01733989848150649,-0.10626325145788233,0.99418682817177273,-8.5789585098761094,13.365474248523658,-2.0105204208658436,0.3891960342127421,0.1761605496805468,0.543859649122807,1,5
0.52334524682471983,-0.8481937327215181,-0.081713795640099868,0.85172314863596044,0.5236193860637911,0.019758962923821101,0.026027498988949273,-0.079938290637948869,0.99645995352862227,-2.5933052423854348,2.232356573192539,-1.4314715087175236,0.4194203422604234,0.3392452462413655,0.7308031774051191,1,5
0.70666250364130301,-0.69757785454300825,-0.11837754347247598,0.70628949831194443,0.70544543673461313,0.059176687678270765,0.042228551024941677,-0.12542676206250181,0.99120375142391859,-28.317061051218442,2.6651677495451667,-1.8287217201043742,,0.341523460373395,0.4054054054054054,1,5
0.93650610147625657,-0.32631642450876935,-0.128350742084167,0.34892768877946334,0.90347758652289578,0.24895324591936041,0.034724485608367751,-0.27793136157435749,0.95997310814035741,-2.1544766082503513,-7.3517169600796848,-0.99771181304068746,,0.1043216816424907,0.3888888888888889,1,5
-0.99164297684939784,-0.11682545419566312,-0.054735908846398548,0.12129995259615051,-0.98878065154889727,-0.087173072807540622,-0.043937773787890461,-0.09308402856835428,0.99468831080899378,13.545754222535477,-8.7088700982487683,-0.045793683767536439,0.2819810937476894,0.2716667874045938,0.1428571428571428,1,5
-0.87715300926872808,-0.45534934508275154,-0.15251089227829934,0.47976730376117493,-0.84462145427307089,-0.23756669215901052,-0.020638133940499764,-0.28155207851186448,0.95932397786832269,-9.1131822958741751,-10.999922521515755,-1.0166375477739029,,0.3065174164708662,0.3571428571428572,0,3
-0.38521778979057825,-0.91932867495906301,-0.080262331307247359,0.92281406510973041,-0.38418974581351989,-0.02850334098655927,-0.004632025962251993,-0.085047202245314521,0.99636615645340376,-5.834971214467024,-9.9789257744813309,-0.97231585841632873,0.2196954444433134,0.1760777610573327,0.7073170731707317,1,5
-0.87686885012888427,-0.45696495997553438,-0.14927841447512255,0.47960307821931003,-0.85281439150214144,-0.20661195756633774,-0.032892355285237797,-0.2527659767480393,0.96696817629247733,-12.139182186552805,15.198956880837994,-2.1898771600666689,,0.5612445067969879,0.3478260869565217,0,4
0.99131536715504776,-0.10913171200344664,-0.073376510392973882,0.12698911393297779,0.93937934255195288,0.31849680646621575,0.034170276334419811,-0.32504879667806452,0.94507971726906315,-19.527105546805753,12.270497327756814,-2.0597104439509355,,0.6465064403034629,0.3103448275862069,0,1
-0.9993936001894268,-0.020083712337873857,-0.028444268300405147,0.02345818405974898,-0.99203509000302814,-0.12375820701392734,-0.02573218803434393,-0.12435041094187303,0.99190464753299357,7.1938829749898918,-8.0067202723833066,-0.46904224471956585,0.4865243809695663,0.1862289969778491,0.5833333333333334,1,5
0.33282172087472278,0.94284389302445382,-0.016586003149650856,-0.94297952933393803,0.33284858423512215,-0.001194667241913317,0.0043942429532462099,0.016037872650915212,0.99986172907542603,0.43949641325534711,14.559521775127427,-1.8011954123539409,,0.0727676115370894,0.2777777777777778,0,5
-0.9457281734486821,0.32460504529556455,-0.015158710831901023,-0.3229959571664362,-0.94411181255727472,-0.065776113019517246,-0.035662776105604199,-0.057310120907943018,0.99771925732741074,16.94711381162865,8.2794189879136866,-0.42487965831775015,,0.1021233630233277,0.24,1,5
0.57833694658605761,0.80283613657699515,0.1448465188385302,-0.81545437092063722,0.57406112163894518,0.074081020302535328,-0.023675834936573863,-0.1609595179812659,0.98667699294718314,-9.3582185933286191,17.082933841029156,-2.2179849846654935,,0.2752129698234472,0.2857142857142857,0,2
-0.32930551514726031,0.94414452851951691,0.012206021475304156,-0.94402770506370348,-0.32894655358528779,-0.024614161706580814,-0.019224197402073592,-0.019628401641993247,0.99962250679105147,-3.9787095485249186,-8.5576137759922588,-1.0012553812493525,0.2106672648971095,0.1846496076041787,0.7808219178082192,1,4
0.3870430446080646,-0.89029587160760404,-0.23993945615295612,0.92183777893533481,0.37935221947583725,0.079416641243034894,0.020317257395833073,-0.25192291395824379,0.96753400688280655,-20.514215545442944,15.297712354585475,-2.1685717718373154,,0.2233721084799537,0.24,0,1
-0.1684737384762672,0.98533972938583725,0.02687409789509447,-0.98558538202051482,-0.16796372668635717,-0.020239596465985277,-0.015429004870878435,-0.029896558522269006,0.99943391056998787,12.164611446961951,-6.6869977485457959,-0.26531877094843082,0.09811689470752336,0.09468651151397534,0.1333333333333333,1,5
0.85774608710674249,-0.50162527368193943,-0.11244436338292352,0.51312898547260088,0.84869156253625211,0.12814552644409072,0.031149547684214258,-0.16761478599244453,0.98536033469780748,-10.073698997761451,-17.355810595286254,-0.81914026441781074,,0.09210537080647054,0.15,0,3
0.30937958503443874,0.90749940664230444,0.28412866681801713,-0.95093467386280373,0.29438425106295252,0.09519011908568871,0.0027419718017356641,-0.29963768065777363,0.95404912972061817,-18.946994316045949,15.340976657078073,-2.1860782579343621,,0.44149569716765,0.125,0,1
-0.088466648934059852,-0.99338423671713738,-0.073221651635894808,0.9960661499846114,-0.087850739242941789,-0.011596226511328299,0.0050869323969523986,-0.073959487940217686,0.99724827262944393,-4.9236115687040281,-8.8238747529612063,-1.0163010937985928,0.2548622826762735,0.09818629621549016,0.6237623762376238,1,5
-0.032847755706371072,-0.99766400827289858,-0.059896173015545444,0.9994365862061434,-0.032374532920423263,-0.0088543645053751723,0.006894570158042743,-0.060153272687676999,0.99816534135748147,-15.76778792303835,7.3380577042322557,-1.7889701067556334,,0.07671003619971006,0.2631578947368421,0,1
0.89133475803360385,0.45301348468049929,0.01735315011194842,-0.45221075478158085,0.88574477565617649,0.104697782486843,0.03205904522984996,-0.10116805372952731,0.99435267512262959,-13.882490685901812,17.366982787890663,-2.2622953208746095,0.3084359289573393,0.2939436876382882,0.765625,1,4
0.47715452582592138,-0.86274573240761621,-0.16731216242785929,0.87856111836579254,0.47290514470884693,0.067015560907542876,0.021305393206611602,-0.17897073872661595,0.98362368561353863,-8.8166910168999859,6.4780464331752521,-1.6866242033910985,0.1891101910118308,0.2211261363975775,0.3131313131313131,1,5
-0.968438224748156,-0.24522588112415883,-0.044628153373404318,0.24736707514620465,-0.96756474872960574,-0.051263897134599147,-0.030609393660313917,-0.060685453303858543,0.99768749655242916,-8.8644701364747256,-8.9643956969873546,-1.1206455581804342,0.1379060604589648,0.1235086057677549,0.5555555555555556,1,4
-0.57619700017522979,0.81723379197198764,0.011222577607285268,-0.81703212257514868,-0.5755876291733576,-0.034020461827251686,-0.021343094185531829,-0.028771694452682985,0.99935812496267218,8.5871582368872517,-6.8753224395136288,-0.4591531577217523,,0.1008576573854162,0.3548387096774194,0,5
0.47339223952826825,0.88085048580010161,0.0014863445546572875,-0.88073271462105929,0.47329985985261447,0.017237402928361588,0.014480088073967405,-0.0094691250503937709,0.9998503201580472,0.20912164387101162,-12.158282330894183,-0.59412794680211845,0.1715695853368,0.1802011647572317,0.6461538461538462,1,5
-0.3227420935400786,0.94577103435697463,0.036806135748073454,-0.94630880939676876,-0.3216828444918422,-0.031934069858185525,-0.018362415838810865,-0.045136439059541178,0.99881205617152402,2.0716095688413425,-9.7402583831406755,-0.61162385514519646,,0.1114259276595586,0.2962962962962963,0,1
-0.7052054980349135,0.70161684504847066,0.10207354351427451,-0.70867372207524515,-0.69314790123201298,-0.13163412421433199,-0.021604656473744106,-0.16516594613262806,0.98602913195136677,1.3335364364218956,-10.588183179167688,-0.62028038287581666,,0.2048173012905254,0.2608695652173913,0,4
0.89063890221081354,0.45426119211033567,-0.02022659662952081,-0.45408734556720426,0.89086589598680244,0.01275295900415499,0.023812359489283359,-0.0021736398340424551,0.99971408253831506,-18.505415319561809,-0.54002464671050243,-1.4730620632360059,0.147351613992711,0.09286851253174039,0.4050632911392405,1,4
-0.81188398156625552,-0.57734371386751926,-0.086710071697491439,0.58350696398335988,-0.80730433578011307,-0.088200523884794144,-0.019079398812481413,-0.122204523190799,0.99232153612257346,-11.850368883844689,-10.600179422977552,-1.1207309692322611,,0.1003326621266605,0.3448275862068966,0,3
-0.91447250992993878,-0.39387976737993929,-0.092729485230769335,0.40372229156119344,-0.90359284123315298,-0.1432769645434219,-0.027355801560491732,-0.16845980565382185,0.98532885576342477,-17.972931019218176,11.904526516088879,-2.0459159183324043,,0.3198553534814526,0.2826086956521739,0,1
0.07873125632443681,-0.99172879139811798,-0.10136761607932214,0.99680837067190897,0.079663556975241773,-0.00517589107952312,0.013208385063683277,-0.10063658381563535,0.99483557262591338,20.890329998148118,1.312674289605265,0.087468738092663617,0.03414800671571441,0.1036279562311816,0.4347826086956522,1,5
0.89789980402307157,0.44007955252520903,0.010292200179790734,-0.44010863015239315,0.89699219316095125,0.041344879655040245,0.0089630129260766835,-0.041653245462000041,0.99909192346939169,-16.055428964476157,2.739598935506764,-1.5888195743940077,0.7307612454522826,0.7136514128302777,0.8908296943231441,1,6
-0.39443231961823605,-0.87578486863130545,-0.27825170101371582,0.91325492437161537,-0.4071814831917,-0.012987796456820142,-0.10192442470563179,-0.25923754284874734,0.96042038088858328,-5.5137638188721434,-14.156627624096613,-0.75304633474756721,,0.25953199531921,0.1818181818181818,0,2
-0.016679543975196925,-0.99412305908627141,-0.10696324698575042,0.99980487286913344,-0.015450544144629314,-0.01230840658947098,0.010583430441796299,-0.10714767416323154,0.99418678673652416,-2.0296491567551027,-6.1676147023420604,-1.0465833072971458,,0.09375988023749407,0.2794117647058824,0,5
-0.6665784320154563,-0.72654755646259572,-0.16673884421468116,0.74525715807145976,-0.654418564975214,-0.12778149380498488,-0.016277663071445292,-0.20943970496067268,0.97768606805606051,2.4408786714284743,-5.1233772753857778,-0.93150763469088504,,0.07394695095991437,0.21875,0,2
-0.41196489337295955,-0.91003080758710542,-0.046139526119845453,0.91118439109927363,-0.41172318889106091,-0.015067220925523983,-0.0052850776010372486,-0.048248782075130787,0.99882136690351919,1.1275551509132293,-5.9321003709060429,-0.95048288130235481,0.1262244041075428,0.08268573651901576,0.4343434343434344,1,5
-0.41070693362752825,0.90871548277876479,0.074538486893886258,-0.91174744562444709,-0.40878219115034531,-0.040171079094529133,-0.006034075535614857,-0.084458815741635107,0.99640870047182517,-12.074253167113502,-18.837156420431047,-0.8649153343086905,,0.1613519392245978,0.5517241379310345,0,3
-0.99740525706592076,-0.060601580505980947,-0.038861312605729365,0.063719431821957134,-0.99436111224068491,-0.084769171706190097,-0.033505032242188003,-0.087025438255970339,0.99564249904812974,-0.058711072812113373,-7.0467748761400291,-0.95736306910625557,0.4558498282463067,0.1917824317169948,0.1538461538461539,1,4
-0.47030780712914283,0.86579991274564871,0.17088322809159448,-0.88248244875997672,-0.46009262658769101,-0.097670377240155148,-0.0059408908399156629,-0.19673659051957354,0.9804383814226989,6.5770506196889169,-11.500503065298391,-0.32671192378248959,,0.5896789949060055,0.3488372093023256,0,4
-0.92060307830407961,-0.36857033925681804,-0.12901890263510257,0.38508090829801706,-0.91169717973299813,-0.14325134041701074,-0.064827974528177776,-0.18156034117342454,0.98124063115606996,-6.8469921818701671,10.912842956321292,-1.8467839219833437,0.1299379320273258,0.179481047466291,0.4,1,5
0.93554642813355371,-0.349893121955963,-0.048246077710617549,0.35155369108307322,0.9356358792287367,0.031551605121378633,0.034101071719470681,-0.046479078172634525,0.99833702335424046,-7.8898597778521111,25.104443827481031,-2.300237213905822,,0.2029688385206276,0.4,0,1
0.54431211272080149,0.83635754293810205,0.065041404627809177,-0.83888115891689363,0.54251997576177058,0.044164206250053149,0.0016508057629154359,-0.078601121302362909,0.99690477908892816,-31.579136479662044,4.5378157963111105,-1.9419191021395121,,0.3048480698112405,0.3,1,4
-0.96693128159375286,-0.24233072715148293,-0.079496637373515713,0.25085715072003845,-0.95990188579600011,-0.1251361641489232,-0.045984634478122587,-0.14094037151758881,0.9889495563821229,-4.1773834170498585,12.557698903455256,-1.8880968163548839,0.8849820866925558,0.582960465475134,0.3142857142857143,1,5
0.55133759167777274,0.83037801016391066,0.080617741466604859,-0.83411908779478361,0.54673917995204802,0.072949410427766606,0.016498708414601524,-0.10746454923175842,0.99407201111341204,-4.1905043773501189,-7.4518972090479654,-1.069210102339418,,0.1349582304381729,0.1057692307692308,0,4
-0.99310175468540718,0.11512936995849396,-0.022229102854743429,-0.11285523581938889,-0.98994680947294145,-0.085258490266337597,-0.031821385716474915,-0.082161685640603013,0.9961108657292016,-6.0417846170471217,11.351025718628541,-1.8408611411228644,,0.1012147084969129,0.25,0,4
-0.931158029446016,-0.3340030086626562,-0.14624197209592935,0.36352095978286175,-0.88147686064289776,-0.30141508912078202,-0.028235367834682175,-0.33382710248785336,0.9422113508379133,-23.919282105722299,7.1195754331581753,-1.8616109999019492,,0.3555831801411576,0.3157894736842105,0,1
0.46192654277530637,-0.8806524227901954,-0.10523867783953628,0.8866274725716391,0.46155067557726737,0.029371733952853314,0.022706694186567036,-0.10687508646980655,0.99401313971757488,-6.2271414678761019,8.4945911581260365,-1.7550656648550964,0.3931386286339419,0.4356336405950662,0.7742718446601942,1,5
0.40350866637977562,-0.90860571756978248,-0.10777943289846477,0.91474743617216259,0.40323115146342653,0.025333110861736261,0.020442215458920349,-0.10881308969503055,0.99385201480811569,6.2272972890747251,3.0131118816725659,-1.113114067321572,0.6677954201024322,0.5770541632776596,1,1,5
0.53148487712172598,0.84666227010975292,0.02620736086490337,-0.8466806157499811,0.53005231773317052,0.046652710306332772,0.025607817246620753,-0.046984474438835133,0.99856732314730279,-27.205593415566444,-2.9858198013380068,-1.633859833637173,0.1889884845657647,0.1665656916163236,0.3404255319148936,1,5
0.99892217949866857,0.041042286275150178,-0.021679715010538888,-0.032333964923820999,0.95039106491358893,0.30937249141563744,0.033301561794226171,-0.30833805225713251,0.95069377378435727,-7.7725758615362803,8.4552511578529099,-1.7771209269986341,,0.5094150862102605,0.1742424242424243,0,2
0.26688639482391091,0.95709497792596376,0.11287539805818579,-0.96372722675315503,0.26490120957084362,0.032514328880912172,0.0012184714061502786,-0.11745872635441958,0.9930770176228173,-9.5773084020763566,12.460787193220995,-1.96916464308779,,0.520697556610096,0.1428571428571428,0,1
0.87620838563163528,-0.47793622698392119,-0.061934060783850317,0.4807909480584267,0.87572449585881751,0.044121101730344003,0.033150101265052301,-0.068436615120809466,0.99710455845759893,-4.4143518407971003,-0.2663516759256635,-1.3521333014444015,,0.4566045141571501,0.303448275862069,0,1
-0.29726005159026081,0.95469546149792439,0.013893794435679421,-0.95477697361580205,-0.29712928742037437,-0.010729268852557001,-0.0061149310384886251,-0.016454858015974957,0.9998459107612877,-11.418497938339462,18.329321561442164,-2.2859003446220836,0.1854851800493156,0.1511663749543409,0.36,1,3
0.86187090464497851,-0.49093934273979156,-0.12711060332115331,0.50658121711655657,0.84509274161676218,0.17086172342386138,0.023537506052135643,-0.21165259227537322,0.97706149550166999,-8.912576824718613,-5.125158956392788,-1.2887062746518156,0.67305823277717,0.71670854625598,0.4202586206896552,1,3
-0.81033222929517856,-0.58240200698564804,-0.064572288364252758,0.58540103893891626,-0.80947208199685927,-0.04539352461428707,-0.025832184862000014,-0.074584520691357625,0.9968800567262327,-3.738320130485278,11.029147290162044,-1.8164574559418993,,0.1010435470473447,0.2352941176470588,0,3
-0.94386094388009911,-0.30756073709380921,-0.12055252637784211,0.32907330910193183,-0.90735477777287266,-0.26156846998337624,-0.028935719352938115,-0.28655488174353744,0.95762676648811074,-1.644852917206475,14.733985031612082,-1.8920775437241388,,0.125698486751686,0.125,0,1
-0.94925393877570396,0.31435177009863685,-0.0099962170177487382,-0.31299475646114872,-0.94731816832000371,-0.06798948741282751,-0.030842213711704303,-0.061410525210964628,0.99763595827670282,-28.086075217934827,-2.2315848560729705,-1.6509615976266843,,0.07424665362947408,0.3333333333333333,0,2
0.85566952377371441,0.51752142811547963,-0.0011124415393820321,-0.51699303883362435,0.85488915553240807,0.043390431556507486,0.023406492313852199,-0.036552745374322855,0.99905757237666781,-2.4275308765374324,-8.9606545464016065,-0.93400819158847748,,0.06996357861454419,0.3166666666666667,0,5
-0.63453733187296724,0.76691590622754635,0.095928969736561412,-0.77241660823236158,-0.62488984425704164,-0.11351328499882832,-0.027110104875323848,-0.14612554643043182,0.98889451757710611,-11.931942116581077,-14.479514088654996,-0.96909942559046769,,0.2745063685350665,0.2058823529411765,0,2
0.40586928996196975,0.91391170110171227,0.0059600381828126981,-0.91389301095501918,0.40578416468851458,0.011780331727628181,0.0083476938932148248,-0.010228112114106507,0.99991284706680605,10.01219640795561,-6.4689532860650196,-0.40458701118747031,,0.07066022321378156,0.2,0,5
0.98116487341100422,-0.17561790130969795,-0.080460200869408902,0.19009619803244199,0.95183362603747768,0.24057469492437838,0.034335501714393098,-0.25133861836956994,0.96729001454480901,-21.728435822846325,10.974974588883029,-2.0431098502734804,,0.7733476637928505,0.5,0,1
0.10537459107050619,0.99026425413375374,0.090955497588897691,-0.99442283404701315,0.10533721625949531,0.0052247484730475495,-0.0044071172698128313,-0.090998779418301617,0.995841252138989,-9.2462047340285487,1.4564567122378858,-1.4847103055303725,0.1056169371981428,0.08828021376546544,0.4079754601226994,1,5
0.29083448246138832,-0.95116434588624044,-0.10344897740537574,0.95659977807528196,0.2911366387324289,0.0125028866228974,0.018225487585750055,-0.10259553938834105,0.99455617583919209,-22.552324399067341,-2.1350770192906778,-1.5203374917209236,,0.1855806613914145,0.7913043478260869,1,5
-0.99747776233185481,-0.061591546314643114,-0.035278819084639208,0.062916559253899731,-0.99730394416522095,-0.037767042830276758,-0.032857574850953843,-0.039891407283582099,0.99866363476390263,-12.947820773436009,16.432499177370971,-2.2309549928558945,,0.08393766920560265,0.4375,0,1
-0.69097548247467822,0.71352300049703477,0.11592156995397351,-0.72218690415226072,-0.67436948534430641,-0.15385666286329078,-0.031606298262510851,-0.1900282215834361,0.98126974727236838,7.231336866463308,8.423378201048358,-1.0929232720561539,,0.2066861255895339,0.1666666666666667,0,5
-0.70676521811256887,0.707447981801127,0.00052868875963392372,-0.70708970021647288,-0.70638310022305106,-0.032358485240332732,-0.02251848827233166,-0.023243682255233485,0.99947618727068532,-14.435328249750487,13.362045174308401,-2.1198332622739571,,0.1649324236340734,0.6111111111111112,0,6
0.11000818340366757,0.96836096586317777,0.22399830217383082,-0.99392039746004024,0.10820221356535296,0.020359874568210715,-0.0045214043283636025,-0.2248762343425636,0.97437684503009825,8.5782270984580666,-2.576546518000403,-0.74012407728737151,,0.543111688784369,0.1646341463414634,0,2
0.062136267907098974,0.99803571899533561,-0.0079867277430147911,-0.99805734275072389,0.062097223256457092,-0.0050473205962978549,-0.0045414526245795726,0.0082848339332513947,0.99995536737134294,-7.4582264814277375,5.2019991309203588,-1.6413199697091505,,0.07387742821821144,0.3305785123966942,0,5
0.23370387894012012,-0.97005920862019512,-0.066088037794313992,0.97208134255370271,0.23457605647472396,-0.0056512996521302285,0.020984766554163724,-0.062922217856080792,0.99779779217672127,2.8294918809067209,-7.7760526584410039,-0.74978000109321197,,0.1044590704802912,0.5666666666666667,0,5
0.81895062036955268,0.56315767802463501,0.11033272895304207,-0.57287701713980077,0.79101837139508246,0.21471343541677793,0.033642304161994686,-0.23904678579176117,0.97042507674384582,15.025242570473633,7.3820325349438773,-0.54269031169938908,,0.4771686364947704,0.1515151515151515,0,3
0.82382315799327732,0.56459624448302925,0.050462709693825498,-0.56326038729544914,0.80536195383893949,0.18474268432743551,0.063664279291957351,-0.180618947024905,0.98149052747229837,-26.21960257953787,-1.2540784075652311,-1.6139455331300416,0.5857817146521777,0.4955389199814166,0.2272727272727273,1,2
0.51936194172756978,0.84864068705191498,0.10036014031986458,-0.85435426591510444,0.51310569490268365,0.082470201716122002,0.018492209106324802,-0.1285749981080643,0.99152736122806007,-21.350334789247018,2.1679868505612836,-1.5813604577190592,,0.26589700623861,0.4390243902439024,0,5
-0.45371427961596117,-0.88740545434477869,-0.08157764443588239,0.89110226254975677,-0.45270585537235175,-0.031530401048710861,-0.0089504274353033545,-0.086999816728112522,0.99616811921382076,-12.74292128753574,-9.0978529371210541,-1.1889514968386838,,0.0795007295707969,0.3333333333333333,0,2
0.99209429497081258,0.12280423802570702,-0.025846257162134328,-0.12129048898672455,0.99116421698213397,0.053685307632106112,0.032210668538962199,-0.050125982255893618,0.99822335112696825,-14.031766464170246,-12.936789814199054,-1.0678475022888074,,0.07641816958350892,0.4545454545454545,0,1
0.97629642201912903,0.214829318157397,-0.026337433676673235,-0.20859881949566422,0.96639712255296739,0.15021029933516106,0.05772199630695779,-0.14115582021784087,0.9883031951587361,-11.314075479016118,7.2477346232320974,-1.7205289230688108,0.8236725041613558,0.7331389015688907,0.757201646090535,1,4
-0.92551778514521865,-0.37185002267137246,-0.071724403233403664,0.37767163956094202,-0.92026523354613232,-0.10235249189751749,-0.02794569825998185,-0.12181732457077409,0.99215904843083491,-0.013158251420654755,4.7931157399890143,-1.458743672089118,,0.07878842279060136,0.3544303797468354,0,2
0.73684636630760336,-0.67195765785071537,-0.074366245804538156,0.6754954611858982,0.73625839328500453,0.040366573233714453,0.027628144645100858,-0.079978024313952678,0.99641366974279555,-23.13350014269831,-9.5338689945435213,-1.406977633726562,,0.1419967335278107,0.391304347826087,0,5
0.21310642039594799,-0.97110565051780973,-0.10742192103294498,0.97694880765057235,0.21038846186939689,0.036162443810600693,-0.012517220783829995,-0.11265216662191622,0.99355563937770375,-13.343067266997942,4.7612131075112298,-1.6304985222285595,0.1175014122397801,0.1344376921253408,0.5625,1,3
-0.99636909711689581,0.083146299235396876,-0.01831161472727633,-0.078077828431897658,-0.97811083636973917,-0.19288090751406314,-0.033948122449135872,-0.19075084455788729,0.9810512934004173,-39.696542906104703,-5.3784130071463165,-1.9604809188255756,,0.4007598763169434,0.5263157894736842,0,1
0.7965160891451748,-0.59574682450303373,-0.10318837544717047,0.60455079020187541,0.78221179898719528,0.15054249762609279,-0.0089700501204029205,-0.182292135375517,0.98320349652606021,-6.9837822969640104,16.81192544370262,-2.1425315600806001,0.23208190907557,0.2327688634194076,0.1612903225806452,1,5
-0.98478006982033295,0.1713439252979625,-0.029145726070006161,-0.16962127634672156,-0.98403754378818753,-0.05383990179988294,-0.037905628805900947,-0.048076726997562221,0.99812413638085751,-15.033277685288017,9.7680867742946766,-1.8892233098467779,0.1727393913302199,0.1929782523563464,0.7448979591836735,1,4
