axis_00,axis_01,axis_02,axis_10,axis_11,axis_12,axis_20,axis_21,axis_22,location_x,location_y,location_z,dbh,dbh_approximation,score,reconstructed,number_clusters
0.99160292772855507,0.12643843702531224,0.027146921791489913,-0.12925845575020758,0.96257811840493812,0.23819239615294074,0.0039856413823534456,-0.23970124657707556,0.97083851749514261,-29.808041701979921,-9.8669939248722649,-1.3583784055905066,,0.2668673892437318,0.3333333333333333,0,2
0.46293384120110681,0.84643501872002047,0.26313498010570185,-0.8821937621535143,0.4111097018199687,0.22961484944777832,0.086176706181066362,-0.3384325223053129,0.93703628700165431,-20.773657285114894,11.560282977011413,-2.8926938379571752,,0.1827989859892108,0.2857142857142857,0,1
0.41443017336544241,0.90947284979371901,0.033268106233754521,-0.90604772371916109,0.40887993323303623,0.10906292927789103,0.085587112041567326,-0.0753414606139199,0.99347798695539546,-8.3091223328924144,5.8348250931039134,-2.2505106034821596,0.3522644156399071,0.3594013656210864,0.5644329896907216,1,5
0.43968391812600038,-0.8928687509957699,-0.097280242786607865,0.89548278889801247,0.42745290556370324,0.12407493023404953,-0.069199905554885116,-0.14166653458174452,0.98749276759416971,3.3933144785421359,11.414633117582477,-1.9068343656494646,,0.6997420354747238,0.57,0,5
-0.96057054295061595,-0.27169072896880964,-0.059062507633506685,0.27300832051759932,-0.96188897808991392,-0.015363943416435521,-0.052637334124374519,-0.030882707483969485,0.99813604755801755,-6.8456281711147398,-25.009780384907238,-0.74229178510710925,,0.1389454003949377,0.2,1,4
-0.63189950400573325,-0.76657828284817398,-0.11428365194922643,0.76889604624951058,-0.63857458432464986,0.031958884781386671,-0.097477622556038326,-0.067677444692780767,0.99293397392811411,-5.8609142330407433,15.335182556828967,-2.7825627365425518,0.5492220376789688,0.4974332253595433,0.9487179487179487,1,6
-0.43059402143786313,-0.87180244634531512,-0.23355787986769627,0.89843282705080196,-0.43870793273701264,-0.018809705769114084,-0.086065347146647306,-0.21793541313871184,0.97216094949374821,-16.528900119913402,31.629527153905713,-4.441789127887243,,0.4506816778370406,0.3333333333333333,0,1
-0.73895292398423829,0.67326133215914141,0.025840951113365249,-0.67366791738003373,-0.73893540482164422,-0.012083236069904251,0.010959618058713767,-0.026337162344707579,0.99959303751658646,4.1988232027654258,-6.7291380036662956,-0.95842262203915207,,0.2240026840454178,0.8131868131868132,0,5
0.011009137443048255,-0.99254025009217062,-0.12141931823120614,0.9954317819125803,-0.00063822454810949221,0.095473348258929003,-0.094838633747564224,-0.12191572751863079,0.98799908346743803,-10.187687584025989,-7.821555617357749,-1.2566515289906532,,0.1073970484489072,0.3125,0,3
-0.70217377335472209,-0.67912079777470369,-0.21388532918982955,0.70756001209961683,-0.69907771114536077,-0.1031948790267896,-0.079440677806660656,-0.22379744370661125,0.9713927541936912,-3.0968416203036861,-8.6172905024407065,-1.0490291446104407,,0.1238555035000602,0.4666666666666667,0,5
0.58356706958792437,0.81166723415104491,0.025412128957538447,-0.80754879291743031,0.57674173852425403,0.12342574326946967,0.085524396227994195,-0.092548733376598163,0.99202838144894989,-28.142861249872656,9.5813537082651408,-2.8112695489045425,,0.3262667402895704,0.5652173913043478,0,1
0.83996263952596717,0.54224789258721906,-0.020736132360932635,-0.53731163430781836,0.83644484539241437,0.10796401369864578,0.075887889930025265,-0.079543972752056213,0.99393852151971074,-1.3063918048867065,-18.177382713423412,-0.91720576152376987,0.2371129494525114,0.1876497744872289,0.6883116883116883,1,5
-0.99879761364053687,0.037847123286321956,-0.031159625237126034,-0.037951553513645382,-0.99927575027800575,0.0027666753024354535,-0.031032347185946132,0.0039459048744427067,0.99951059187126767,-2.1632331965945935,-8.8176522715826824,-1.0090420743796842,,0.08278984522015057,0.3684210526315789,0,5
-0.77170011989312592,-0.6194574615006172,-0.14405338714569044,0.63272347522185091,-0.77070255543335653,-0.075356319918621073,-0.064342278947196907,-0.14929844084820462,0.98669653222263609,9.4146718802656864,2.7638422187826341,-1.1540215800191871,,0.1348192504126895,0.1964285714285714,0,5
0.98534151164403172,-0.16516223378880074,-0.042702950260472008,0.16927090568062275,0.97768458364832811,0.12441951368839697,0.021200611338272935,-0.12982407876156504,0.99131036646077431,1.170177778355908,-10.17688136324332,-0.91078956212218798,,0.08526954959320357,0.4693877551020408,0,5
-0.47456212738404041,0.8799344790222553,0.022496663765211009,-0.87788554952735132,-0.47500879613867436,0.060692713911529278,0.064091724768437761,0.0090529673985119755,0.99790294848621786,8.8063025395602015,14.303605039607113,-1.770772412824436,,0.1669200655969899,0.5555555555555556,1,5
0.72769309709948438,0.68220163717547477,0.071159557818064378,-0.67892004503442538,0.7016320816647077,0.2162868336938312,0.097623403363202674,-0.20570208607097515,0.9737331887646814,5.9593926669389887,1.9204370396104993,-1.2382090097978109,0.6037069058149375,0.2067448667198407,0.1875,1,5
-0.99311371726729569,0.10974674377062388,-0.040997521965104061,-0.10970006323661538,-0.99395894338953472,-0.0033933732247794384,-0.041122265275842056,0.001127425254780449,0.99915348581230412,-15.603671904516121,-12.594537400000826,-1.0811746624201402,,0.1585380487807818,0.4210526315789473,1,3
-0.13665377869790471,-0.98376205826223473,-0.11635272876574732,0.98723273017121915,-0.14494716637519978,0.066044344485208101,-0.08183691860196568,-0.10584201284675024,0.99100968061380879,-1.4600851422386387,-8.250121683948656,-1.0243386563530668,,0.06962297976242691,0.5,0,3
0.96620172184763609,-0.24957539541252846,-0.064547305934045479,0.25695114471377267,0.95253914425922781,0.16323384417509526,0.020744684353947832,-0.17430232545372887,0.98447364485418132,-1.2019754300381631,7.7933252702298592,-2.0269431934060913,,0.1012125811935961,0.396551724137931,0,5
-0.86260860325153432,-0.49366237367173083,-0.11047107502521554,0.50106654939175799,-0.86382108836895244,-0.052396950003916518,-0.069560841549477545,-0.10055142022800181,0.9924972046374021,-18.599287705300704,25.028538982800164,-4.2241644762412465,0.4068257492355045,0.3000590580148173,0.4,1,3
0.71742278966036899,0.69426651030714193,0.057433035283515968,-0.68933452767248138,0.69557804832019621,0.20245761940125642,0.1006103863151888,-0.18483828434880595,0.97760542081378554,-3.0443327182274005,-5.9947281360297726,-1.1658657708565461,0.1437212022775362,0.204397159682614,0.6181818181818182,1,5
-0.91936057162311047,-0.38885655408764291,-0.05972202012584546,0.38756362745350642,-0.921274601765944,0.032365766112995624,-0.067606020589202037,0.0066097264758395837,0.99769020116266915,18.392139322375549,22.423070784574378,-1.470176424029201,,0.2256834573315769,0.3,0,1
-0.95003855358645506,0.3094570779467376,0.040780676895102154,-0.31205046793299668,-0.93865072350700141,-0.14683093925525359,-0.0071590615414128013,-0.15222068245954273,0.98832060166192881,-34.483205712641862,-9.075598458324448,-1.3938387203770366,,0.3081038205788105,0.2,0,2
-0.91210835427994874,-0.39730400880756034,-0.10103402713028441,0.40140026984325078,-0.9156084470338387,-0.023216267788883291,-0.083283692416261337,-0.061730837558887468,0.99461205013401555,4.1190604970719136,16.749337064230566,-2.186418440592647,0.3105562958497166,0.2635633182636929,0.3571428571428572,1,5
0.097260735761950406,0.9910847445127986,0.091057006721310868,-0.99224435603366445,0.089443904803674076,0.086318745431162441,0.077404697521420499,-0.098746225687223549,0.99209762408451774,3.9832902843283851,-18.062683039110368,-0.62290058012073679,0.8410940936473257,0.3427322580337183,0.2444444444444444,1,5
-0.69406791418130287,0.71980325807264323,-0.012369323830500772,-0.71955513671321636,-0.6930847815702077,0.043288460187469846,0.022586184574654895,0.038945541770343595,0.99898604046431727,1.0081547403854723,-12.467214796796794,-0.83240058033550168,0.1432466714256939,0.1246765729359233,0.3333333333333333,1,5
0.92189276293229661,-0.38262350409418761,-0.060934290573880064,0.38727642212726332,0.91466442275119109,0.11578413802216865,0.011432695104944121,-0.13033897294330671,0.99140357353336261,-9.5144643603242987,14.104783484861965,-2.9105347797656127,,0.0860137252874562,0.4615384615384616,0,3
-0.98077960970674927,0.19505581950975129,-0.0049582717607494766,-0.19508231723527436,-0.98077099816575786,0.0055802024207321907,-0.0037744781877611364,0.0064402198968596521,0.99997213805289986,-6.5390125223957689,-20.939095610820562,-0.7788368533779606,,0.1016017734301199,0.1111111111111111,0,4
0.63381274632849827,0.77205462302670491,0.047043189247946982,-0.76768246634030601,0.62045550527516335,0.16030781904637556,0.094578187047492698,-0.13771937059409309,0.9859454049276638,-1.2342912891417677,19.51989841866521,-2.6481044206830062,,0.1629094678669273,0.2368421052631579,1,5
0.2249424491488341,-0.96365895924491429,-0.14409130729482805,0.97059215719113678,0.20859301865282423,0.1201657895091522,-0.085742398904973177,-0.16688427977587014,0.98224125254120176,-20.114297685628706,-8.3550331513571567,-1.3582691010928654,,0.2690220313459162,0.6911764705882353,0,5
-0.12262771123257046,0.99237991597178721,0.01202276231526902,-0.99029771619491813,-0.12315035022822794,0.064377205110143582,0.065367252787538965,-0.0040116847449585772,0.99785320997054283,2.4423631087578106,-3.56798069973728,-1.1460689629186915,,0.08567596834164816,0.452991452991453,0,5
-0.0017863199782812587,-0.98859254605036162,-0.15060407349935723,0.99705185254740458,-0.013313605824805605,0.075566865964726948,-0.076709923691296311,-0.15002508388135072,0.98570181181413574,-8.5993724980670709,-22.225392007233133,-0.74983400237905495,,0.08787928186487598,0.4545454545454545,1,4
-0.93477952587022717,0.35515048602616139,-0.0074411215025684072,-0.35419670973895051,-0.93345540415865313,-0.056618894877138219,-0.02705418311345343,-0.050290562955570016,0.99836813373308175,5.3375102375817018,4.900914408167738,-1.4405829924560509,,0.1204977544689958,0.3157894736842105,0,5
-0.98824725736062002,0.15026824746835193,-0.028050171514681456,-0.14897429177558247,-0.98787878126042972,-0.043613918940765189,-0.034263956414525086,-0.038922581340376253,0.99865460192832722,7.0001003944881308,4.4142603921179902,-1.324140803874722,0.622071013404075,0.2041842903435884,0.21875,1,5
0.96765882280148441,-0.24464922340775053,-0.0615073990706069,0.25094669832235889,0.9584309427378388,0.13577880027370035,0.025732416434397391,-0.1468226327534112,0.9888280726475176,-16.026597178448124,0.24349913942448484,-1.882624498384817,0.7444403914666649,0.644454213295752,0.9910514541387024,1,5
-0.67923265147867296,-0.72984724168685788,-0.077239944117903456,0.72944382904290261,-0.68294780095509178,0.038652314831496691,-0.080961135345796229,-0.030088286303637378,0.99626301225671832,-8.0138953270576927,-4.5960850482047304,-1.4039479508267541,,0.1234047016703032,0.2991202346041056,0,4
0.70394064106204712,-0.70134153648879793,-0.11219457677038157,0.70963898416125992,0.68789826630960138,0.15234332071613341,-0.029666243775173792,-0.18685830033417219,0.98193884207546012,-14.899009984672315,-19.983513044140921,-0.82160142672026282,0.2669131922888964,0.1722041301322742,0.3870967741935484,1,3
-0.25045604857127834,-0.95046498969907189,-0.18408712907317881,0.9665136134698209,-0.25645294470323926,0.0091280956692727719,-0.055885621689049494,-0.17563652954149669,0.98286754284544764,-4.6814441689347577,-29.27001777202058,-0.6700980000044674,,0.1717070139264554,0.1428571428571428,0,2
-0.68321146724410908,0.70839692859417591,0.17718883312581968,-0.72242698967439212,-0.69107594893702518,-0.022655626029445507,0.10640176509883253,-0.14348457881991547,0.98391607366925571,-16.742078941396333,4.4635756444181345,-2.2490505589860672,,0.4270427194007391,0.5294117647058824,0,2
-0.84468725991683724,-0.48989117954385841,-0.21566192324866185,0.52785830261020639,-0.82917393748433432,-0.18394617082776091,-0.088707639466149457,-0.26921592375238729,0.95898578774583054,-3.8133841857164938,21.083809384123967,-2.8938241697917646,,0.5046856932527443,0.375,0,4
-0.99789535565836873,-0.038808364183417321,-0.051949687437612829,0.042696796913903143,-0.99619615930414007,-0.075961804355702559,-0.048804125734934811,-0.078020017028249664,0.99575651353840566,-0.95002341203710028,-24.909971660184517,-0.89312584713557774,,0.2521565119331158,0.2962962962962963,0,5
-0.66463268157580324,0.74707648591058928,0.011837346866625215,-0.7468260586868356,-0.66472396073996742,0.019821556055367017,0.022676786536959315,0.0043336148483730519,0.9997334560445108,13.575005305272709,8.0651778828187446,-1.1513038073312944,,0.4526187592982044,0.9339622641509434,1,5
-0.99588184767704313,-0.077983200743358377,-0.046238143011801944,0.075973864439473168,-0.99615040955558154,0.043730235128339803,-0.049470368802863651,0.040037256949850976,0.99797279555428775,-10.055063909600493,-11.769608101773649,-1.0973476992233111,,0.06683339552475205,0.5,0,3
-0.98353790464988122,0.17957714680382383,-0.020130535579506111,-0.17872297752298308,-0.98315353988761278,-0.038304233601181494,-0.026669972295432331,-0.034075876397423911,0.99906333494203792,-5.7583537102945277,3.7850275326981975,-1.9947589918886715,0.4733639097728415,0.370156637380982,0.3510140405616224,1,5
-0.96968814351211918,-0.23918833661088246,-0.049938401669846186,0.23709177330254302,-0.97046966280840108,0.044453623033489001,-0.059096491979433584,0.031266166983933023,0.99776251254387049,-9.1313043814237975,-20.98517669699395,-0.78797905127747325,0.2265618705455078,0.2280147232588806,0.5813953488372093,1,5
-0.66130791904492814,-0.72560627711303205,-0.19017719848244694,0.74539218097069782,-0.66407780245548886,-0.058233743084526279,-0.084037686523444885,-0.18026703220515339,0.98002115504907994,-19.998554375421147,-12.226115259176568,-1.1566063846592289,,0.6664578682750211,0.1428571428571428,0,1
-0.14720153597202951,-0.97524972129265253,-0.1649839050516157,0.98664873577815948,-0.15653019538067536,0.044972993245375043,-0.0696848620206445,-0.15616106765994148,0.98527038976743431,-24.308511949587729,-4.5855237332230514,-1.5964676927662182,,0.5747271491511456,0.9073170731707317,0,6
0.017787350612106172,-0.96510284292106341,-0.26126636359065231,0.99702687021389602,-0.0024732600669184176,0.077014953457910998,-0.07497353019356108,-0.26185947676248478,0.96218947416815592,-0.32979391189384222,-10.975954450046325,-0.91440643435215241,,0.090852045144403,0.2037037037037037,0,5
-0.4355958124639831,0.88265948261876825,0.17654610136451634,-0.89874697083489863,-0.43738996742795039,-0.030722936195447095,0.050101602558554677,-0.17205305616740491,0.98381277450769034,-2.9621207174255577,-16.959394770747249,-0.87325971284817994,,0.1137504497518044,0.22,0,1
-0.95588332242511798,-0.28727859054913829,-0.061303224398227336,0.28723434974343076,-0.95781098708074353,0.0097232378805059971,-0.061510179945984199,-0.0083141108672526061,0.99807182773761327,-4.347460351346025,-22.028812581631211,-0.78937291107637664,,0.1608544657279359,0.2,0,1
0.44847500709794536,-0.89011543850843322,-0.081022676686461001,0.8922898890154759,0.44061705996060074,0.098363410028460704,-0.051854816258941339,-0.11640924619899105,0.99184674493095715,-4.5358713569090527,-4.9236104193556072,-1.2795644381038818,,0.07534001587950145,0.2044444444444445,0,5
0.96337462175597011,-0.26242474656023512,-0.0551596822809724,0.26709905258540978,0.95731872548023189,0.11044887483754881,0.023820878752008171,-0.12113674189815604,0.99234996624063077,5.8097098189140786,10.812357547739568,-1.7346999950681412,0.153913017057538,0.1079990156373236,0.5789473684210527,1,5
0.29161588298093427,0.95194166010715586,0.093633607992448131,-0.95298079136977953,0.28070557782713818,0.11415774111711469,0.082388033557549145,-0.12252124031842718,0.98904032152251264,-4.3513887398798445,-16.023139507029555,-0.89777299341123851,0.4354636467608228,0.41101827714502,0.8888888888888888,1,5
-0.88538243859853261,-0.43607680553316097,-0.16104333918951494,0.45931017983858413,-0.87402118035943122,-0.15849648254694468,-0.07163864961013007,-0.21429884731164592,0.97413752002627274,-20.433844879985784,-35.735223148351139,-0.19158264777148501,,0.355153947070732,0.1333333333333333,0,1
0.88719691110996424,0.46124200272104376,-0.011724156379844235,-0.45561794819176088,0.87982031705531838,0.13538277210268848,0.072759371921891358,-0.11476944115294548,0.99072400252288839,-7.0013739976269713,11.628514103915791,-2.6461858994449399,,0.08547712604929621,0.2222222222222222,0,5
-0.98811179017489836,0.14860697737888512,-0.039383453272521823,-0.14995776168055264,-0.98811132062906959,0.033892296417247454,-0.033878604297048427,0.039395232185982725,0.99864921561672304,9.4073343988709137,6.5059872549072804,-1.3061582013925825,,0.478797891886633,0.837696335078534,1,5
-0.34846593763282985,-0.90558600014583535,-0.24183772792833733,0.93355693449250077,-0.35841621883744973,-0.0030437041956381419,-0.083922228108159511,-0.22682991516581991,0.97031193397547655,-15.38228670750553,-8.5489122336609391,-1.3076147784995442,,0.3149410820316635,0.3157894736842105,0,2
0.54523884730081573,0.8382712588229484,0.0039869819998894288,-0.83386498949386545,0.54187306400153201,0.1050845459902997,0.085928916497727492,-0.060620781428330626,0.99445529923096343,-0.41280696463930805,-23.009050230555424,-0.9659891039141294,,0.1131616134973348,0.1875,0,1
0.86037332202859396,0.50908148579936197,0.024367756519545574,-0.50443680223641363,0.84374451607076828,0.18340857163722402,0.072809747225102403,-0.17009183524443283,0.98273470900960735,-26.960232989653875,-7.780944879291642,-1.4622806170327578,,0.1013786583821055,0.2857142857142857,0,2
-0.77742043661637106,0.6288990861074103,-0.010168786774996488,-0.62896893103604146,-0.77720220253747263,0.018836670679315024,0.0039431614968662779,0.021039863691714875,0.99977086155440831,-8.3380780875406959,8.7319826925276605,-2.4979366547205872,,0.1068634257603396,0.3103448275862069,0,4
0.97899377003416943,0.20145482624066574,-0.031418962723597857,-0.1924118288553644,0.96381892191053486,0.18447431768066835,0.067445432394029795,-0.17455382766229258,0.98233501154016944,-3.6429997545412762,-32.084398106421965,-0.62709441381140574,,0.4482153451446275,0.7073170731707317,0,3
-0.9988297824030018,0.025578818328401927,-0.041046191512663553,-0.027322874017153286,-0.99872248250468942,0.042507216976796783,-0.039906469904194837,0.043578974203075591,0.99825264671183955,-18.640218246798849,-21.591411606770986,-0.74792510161587689,0.1991182319475714,0.2845066243930926,0.6428571428571429,1,2
-0.79680306310142512,-0.6002410676640364,-0.069394087080418679,0.59906879527506807,-0.79974972073994899,0.038948205402212013,-0.078876214157790461,-0.010537782779693562,0.99682872048021498,-8.2553081404224802,3.2505150399507929,-2.0190025717540498,,0.08055404247243265,0.4696969696969697,0,5
-0.38474194004066142,-0.91867272319519222,-0.089521322772162598,0.91903486996752126,-0.39028055025871355,0.05528109870052228,-0.085723668595838534,-0.061004260071616724,0.99444956277107643,-33.849061191995595,2.4281427425573923,-2.2782519233641318,,0.6115085083329235,0.76,0,1
-0.25384229064219449,0.96710084453596534,0.016734634126487517,-0.96481271470576269,-0.25439225649161851,0.06649064129033494,0.068560316682619638,0.00073234891022298614,0.997646704320449,3.9090105134433277,13.131567350660992,-1.9939650718602817,0.3344822275605328,0.3117048119022446,0.4791666666666667,1,5
0.78695370250879049,0.61693104572740398,-0.009997746015910065,-0.61074316352855018,0.78115984297813834,0.12954569819762241,0.087730600766469463,-0.095840411810793391,0.9915230492293623,10.401796452025307,8.6794209746402267,-1.354845340597242,,0.16735185751373,0.2592592592592592,1,5
-0.99883524648782518,0.026759528733820443,-0.040150691096785256,-0.027876703062576572,-0.99923226780028118,0.027527521012034952,-0.039383242628896906,0.028614727128717068,0.99881437594348921,-11.4677653939727,-5.95810703105853,-1.3864771112325749,,0.09040283952615302,0.3333333333333333,0,1
0.56878018394198926,0.82112440287861532,0.047368949240556908,-0.81810977746000191,0.55887680922299787,0.13547362893591827,0.084767295457996411,-0.11580771610716654,0.98964795685676954,11.556348408410303,4.637946710329909,-1.1174918770460185,,0.1493403563429103,0.3333333333333333,1,7
0.47038402232937238,0.88052442721673185,0.05844317421125738,-0.87929907572404264,0.46206710145012619,0.1154431859761479,0.074645877100381799,-0.10569165923631603,0.9915932967702985,-6.291783511596952,5.0061503257405962,-2.1227716878898852,0.3292852641285864,0.277482122904175,0.6129943502824858,1,5
0.95720815819332172,-0.27507942765626436,-0.089910235059479371,0.28843204041275983,0.93218969620714498,0.21869917317759285,0.0236537513194186,-0.23527362530792251,0.97164130278770366,-27.0320733541006,-8.6233808672498533,-1.4082220594742223,,0.1560208637325813,0.3529411764705883,0,3
0.7926935730514918,-0.60400891849393312,-0.082523485279330358,0.60929958733653455,0.7805935494159747,0.1393833687413909,-0.019771497525159207,-0.16076982611783541,0.98679387457343537,-9.3896298033922587,-12.513062711346047,-1.0631153164423892,0.4937643984390995,0.339609338352489,0.7545454545454545,1,6
-0.95503698549442939,0.29459174398228505,-0.033467308155710897,-0.29597599767809446,-0.95392098365992095,0.049325102450432437,-0.017394399563367666,0.057012817074451667,0.99822190596733795,-7.78335685863237,0.14751769444900942,-1.7093808563691708,0.1681572135305152,0.1411917491580624,0.7010078387458006,1,5
-0.99108198933217762,-0.11126824350964411,-0.073320313744911422,0.12330014117987445,-0.9744111624142644,-0.18793605760339194,-0.050532817123101009,-0.19530044687291659,0.97944074340658427,8.4796006355428819,-32.47452903487774,-0.18118110921804298,,0.2691130656915799,0.4,0,1
-0.94875759004844873,0.31433430883391567,-0.032449616567309589,-0.31538581418197253,-0.94831768661706239,0.035005049093500454,-0.019769257402218961,0.043445454758450887,0.99886018487203554,-0.33865920097516028,-20.943265138550398,-0.9563945191386708,0.2824901476698776,0.2242440000400465,0.6279069767441861,1,5
0.98260048404644673,-0.17910383287062459,-0.049174239218731139,0.18377656901697803,0.97587651682651599,0.1178609205245541,0.026878642674761498,-0.12484727052522511,0.99181182570604809,-39.268928819837647,-0.75130467955060665,-2.1251793004049597,,0.3033815426480919,0.4166666666666667,0,1
0.01151661522417831,0.98567663430787289,0.16825260816190343,-0.99703094404226966,-0.0014922946180762487,0.076987464427360416,0.07613582728229501,-0.16863969175813165,0.98273291904146753,-22.594764841951111,-13.710292637057375,-1.0648516055478501,,0.2479903573926742,0.3181818181818182,0,1
0.43910843439872904,0.89050159235863369,0.11912471131815733,-0.89480602192530623,0.42157010468558476,0.14697220812654618,0.080659568348118299,-0.1711302452581728,0.98194117603437536,-0.28321166421148314,5.455379967376218,-1.7590798064355435,0.4299054404157052,0.2300885256473588,0.3714285714285714,1,6
0.33095539068521856,0.90161348130966901,0.27849894020813309,-0.93980448298154906,0.28832163624341967,0.18340710957239403,0.085065052425642856,-0.32243412411619227,0.9427619914173706,-18.027067076816824,21.980826618724752,-4.0395817905798639,,0.4778266013934165,0.28,0,1
-0.7853047791743033,-0.61585731229545282,-0.063373296412763555,0.61394488262682234,-0.78785728539542299,0.048503391074153496,-0.079800281342462823,-0.00081776621111594866,0.99681053684042065,-3.0342746860062779,-3.5959499745178358,-1.3212023700746607,0.4724074694690796,0.4158773074336707,0.870846394984326,1,5
-0.83473872727525544,-0.52831559257418126,-0.15522207262460164,0.54459679294189944,-0.83375828309793698,-0.090892565608948164,-0.081397729110112102,-0.16040498748034873,0.98368930546547295,-19.239238032838543,8.9598884337488762,-2.6685659315540948,,0.2604677575946955,0.3529411764705883,0,3
0.98760016391683914,-0.12749679486215404,-0.09159958259353139,0.15019725619452234,0.9371338799863832,0.31499345265148487,0.045680416625381207,-0.32484559144544956,0.94466324224846743,5.605185631170527,23.772767099868759,-2.4892332440935183,,0.4857423376589335,0.8636363636363636,0,3
-0.42800257823661381,-0.89047502784369781,-0.15449277591388019,0.89798602721965348,-0.43832157492907597,0.038669003994898012,-0.1021512992627817,-0.12218192066938323,0.98723689675805038,7.4207049352509404,-38.012464910428129,-0.12184738010262003,,0.7009670255504152,0.8431372549019608,0,2
0.37701745929188107,0.90879175302218118,0.17876069206613929,-0.91938159901174354,0.34381680773696416,0.19112163173270647,0.11222883224779562,-0.23640548292379665,0.96515135437705402,-20.310921029470677,12.432471666409381,-2.9794966740281281,0.4298425621260044,0.3446394581695667,0.3571428571428572,1,4
0.93852856195144996,0.34272820036995888,0.041249473602836519,-0.3403544275573781,0.89876560549541018,0.27636796127727337,0.057645485889454118,-0.27341866624215011,0.96016625170171988,4.6978351414463377,-8.9764177482786689,-0.83599237791031222,,0.1577858596954625,0.1290322580645161,0,5
0.5329503730388363,0.84601452963500323,-0.014943745321373228,-0.84152803790359476,0.53180146711198562,0.094961892355122215,0.088286246380122682,-0.038034395275909932,0.99536873744160981,3.3789804121228335,-4.7165903837353325,-1.0569218844487649,,0.07573068516681822,0.3269230769230769,0,5
0.76295405920090698,-0.64206575321716697,-0.075184254299239611,0.64599801324151784,0.75288216361941285,0.1259166970332557,-0.02424191487635145,-0.14463753402704696,0.98918770378210008,-1.7083166389968947,10.444039439294116,-2.266285128700515,0.1351689117128746,0.138674620222368,0.3518518518518519,1,5
0.17158450904191619,-0.97557934632832499,-0.13712656662529818,0.98298152978640385,0.16026559359042286,0.089790041819181113,-0.06562063970752964,-0.15019946247809018,0.98647557147436082,-0.087870896751207087,16.214132021296415,-2.4186579467247085,0.4636819830417315,0.4256346884678417,0.9178082191780822,1,5
0.67918186382816736,0.73388819313123821,0.010959736742366962,-0.72700102048187842,0.67060525353368039,0.14750630546296739,0.10090347895490429,-0.10815134726665876,0.98900039131397832,-6.9602788384608001,17.309706736151178,-2.9069558036003134,0.4766513484687948,0.3557167864892909,0.5714285714285714,1,5
0.61095636611064652,-0.786094518139136,-0.093742878452032205,0.79074415285700816,0.60024550170707491,0.12012086580970736,-0.038157613019232331,-0.14751524067709318,0.98832345430868573,3.5135511412282945,7.9538290283426143,-1.7191436382036034,,0.4974002584245545,0.5679999999999999,0,4
0.19837066032830183,-0.97536905819035724,-0.09645870331789011,0.977502460482362,0.18968166562045222,0.092248606918364076,-0.071679989340410838,-0.11258803689693764,0.99105293152073959,-1.8891142234224401,4.7324336026907705,-1.8102319994854434,0.4809012001945062,0.3069561115819417,0.7959183673469388,1,5
0.57518333100813746,0.81802001216574349,0.0027194533900238758,-0.81291549243794381,0.57121684828931141,0.11348882933928463,0.091282735962278483,-0.067487568683297069,0.9935355505408241,-3.4150371912919373,24.089927699100819,-3.0799633012163854,0.5006957588812049,0.4192942293672518,0.53125,1,5
-0.92864564641192704,-0.36724123056623387,-0.052451329557729735,0.36520429263528809,-0.92986002519926192,0.044566334572049164,-0.06513899017435118,0.022230881867959733,0.9976285380092329,6.1992733816982124,8.5675356668904961,-1.5954105322041361,0.7666867477805885,0.6252503724200477,0.8846153846153846,1,5
0.95369334967037611,0.30071402504806238,-0.0063300816655303023,-0.29590098383599289,0.94178899533117022,0.15961233046979109,0.053959267595016423,-0.15034814070183741,0.98715947750508426,7.8833413698340493,13.705640485852001,-1.7830299233717308,0.1727535138106537,0.1317793535300066,0.2857142857142857,1,5
-0.78949469476301382,0.61003814928121336,0.067465423459791937,-0.61370688292372111,-0.78605604413172414,-0.074025383052275948,0.0078732962034323527,-0.099846641934209529,0.99497168768832611,-7.712543066538621,10.952031297593614,-2.6240760777757002,0.5376320138007828,0.5020716718318975,0.7685185185185185,1,6
0.044486841868056973,-0.97113706146052137,-0.23433678490247964,0.99700511298176087,0.028305496064127134,0.071969462835224957,-0.063259193709955211,-0.23683666681995885,0.96948783780962378,-7.0958106262121827,20.103544051252392,-3.062201771951945,,0.222917701607318,0.3571428571428572,0,5
-0.99906852089439124,0.00010757574321106821,-0.043151813233660186,-0.0011617765873195407,-0.9997014611501287,0.024405713459317011,-0.043136305278203585,0.024433112813487454,0.99877038510620064,-9.4429471899844941,-23.340247012053926,-0.69089827216941335,,0.18488745393117,0.2777777777777778,1,4
0.28041284065991745,0.95953605836344324,0.025674724796631236,-0.95629776239554398,0.27695800821796024,0.09374887370638596,0.082844604111018585,-0.050841069857815349,0.99526476737871183,11.348992037318002,5.6855916750752549,-1.1618567250415022,,0.09601418152417351,0.4,0,5
0.02177967174019442,-0.97992443542915109,-0.19817604988431139,0.99652759685372916,0.0053446109055268034,0.083091418589405511,-0.080364137572804542,-0.19929760656648188,0.97663814660756054,-8.2236344209916261,4.1630832563645521,-2.0932863403495725,,0.1836874188324797,0.1527777777777778,0,4
0.95966681667011289,-0.2736526466022044,-0.064450213264656997,0.28109629714912499,0.93799867546205795,0.20283825221213719,0.0049469901254786189,-0.21277385609851782,0.97708894858639361,1.3121152800463602,15.61133789941124,-2.2978081265259007,0.6154838625515047,0.4676594425310631,0.9107142857142857,1,7
-0.11446634799316915,-0.96676511353390826,-0.22861030254753387,0.99029846714032321,-0.12929262584909612,0.050915251944483778,-0.078780715639243423,-0.22056434923807131,0.97218566472076384,-1.8340577798601585,18.811871536784903,-2.6591847024700299,0.1504236007979605,0.1190802759127337,0.125,1,5
0.94821337541521944,0.31638772635253803,0.02811051933256661,-0.31130748474920172,0.90810519968702508,0.28005820152338429,0.063079668854558138,-0.27430594764761923,0.9595713639236737,-4.9237055347342178,12.462472305018991,-2.6036317182622453,,0.102350259465367,0.35,0,5
0.41342610044763844,-0.87432900376217648,-0.25421969366848862,0.90941601332699806,0.3826426758198147,0.16293280009219283,-0.045181568953384689,-0.29855213250233731,0.9533232662665998,-10.807248951008495,-5.2852110791361619,-1.4245449238033614,,0.2406374391843399,0.1956521739130435,0,3
-0.10596379156897373,0.98287309594574257,0.15077185460940051,-0.99211181967884143,-0.11471358224731847,0.050546328269474451,0.066976205699224356,-0.1442264584395625,0.98727550185149238,-6.0357732232204606,-0.94517587830296856,-1.5667879632397121,,0.3514134939700415,0.3521367521367522,0,3
0.39667803919860867,0.91143206254711107,0.10926174343596123,-0.91467206466212958,0.38238646176378599,0.13097941817892339,0.077598629783416972,-0.15189532323574453,0.98534575831778182,-32.52860254767679,-1.9358916722455872,-1.9320455477821532,,0.3368281732054824,0.1428571428571428,0,5
0.27307559057551911,-0.93986788662906007,-0.20512941650395977,0.96007808382662763,0.25281811746550653,0.11972081037558914,-0.060661312115894511,-0.22963308813108976,0.97138501638009445,8.2930019474426917,6.5690811762128005,-1.3708550322051161,,0.1019784799121352,0.1875,1,4
-0.18647806785856716,0.98201799334831186,0.029437916840231369,-0.9803649463338675,-0.18795238057511798,0.059652951611304968,0.064113198387931447,-0.017735934604717479,0.99778501412687515,3.5765996153853199,14.335880900209672,-2.0870612580551571,,0.2214799978086955,0.4411764705882353,0,5
-0.99423151609209881,-0.093773137077642219,-0.052060456892193553,0.095630678044901565,-0.9948219155003577,-0.034411187960756075,-0.048564038401667321,-0.039191264368680451,0.99805088997069924,-4.8160772474756417,-40.958180349480855,-0.36425405435932995,,0.6720505411617068,0.5357142857142857,0,1
0.67325692057022213,0.73933850801809298,0.010182802457184474,-0.7346236619267128,0.66727241550293082,0.12278273024440745,0.083983297397093537,-0.090144850493327211,0.99238133380664062,5.5859592306529597,7.5088773532742126,-1.5505776853422175,,0.1043132312700596,0.25,0,5
0.30307171987351683,-0.92692389659592012,-0.22126821401264365,0.952698007819612,0.28918148220089407,0.093491049029502546,-0.02267241737114576,-0.23913627970579981,0.97072127885352277,-19.181656191601572,19.392180078966611,-3.8820350170332709,,0.2886181279845975,0.4736842105263158,0,3
0.78693896858547696,0.61695903204656166,-0.0094134211525580061,-0.61159777211027389,0.78193912082301809,0.12049637536571488,0.081702049370718621,-0.089066065943743944,0.99266913472008855,-12.524262927796752,-6.6441084727262369,-1.3506816669922983,0.4068264304769987,0.3982526104551686,0.9837067209775967,1,4
0.82356200367927623,-0.55376515971464935,-0.12284044115022939,0.56719174498758418,0.80157987435225109,0.18911168512645321,-0.006257037135380881,-0.22541928249294954,0.97424175468240337,-10.546752640157681,6.18417203957023,-2.2907911684498563,0.3516211553229098,0.2400138458683045,0.6387959866220736,1,5
0.18580703363227399,0.97103514130946789,0.1502215051012244,-0.9806509311765973,0.17367027381697553,0.090345930593524429,0.06164006355649055,-0.16410176822459571,0.98451567393836514,-21.689008919367119,-11.141542773041166,-1.2279950373547088,,0.2372126458485909,0.2083333333333333,0,2
0.21772251461780495,-0.9737898817781776,-0.065804048317279706,0.97366226850414261,0.21203014699152353,0.083815294893714892,-0.067666044068403597,-0.082319395729051226,0.99430620211629839,0.51086705703061819,-8.79802520029593,-0.94778156657902723,,0.08589881921933071,0.4406779661016949,0,5
-0.21249583616342707,0.97674031231750758,-0.028703343134612182,-0.97498272980372191,-0.20996975632608744,0.072947775928026648,0.065224199479089737,0.043486362485965456,0.99692263495220657,0.17944426236038036,2.4817555346499813,-1.5096127048869923,0.2086592408732331,0.2062942860071948,0.7475961538461539,1,5
0.0033343864353469863,-0.99880607435679769,-0.048737128506540786,0.99713818580873492,-0.00036009627705004124,0.075599660930036311,-0.075526950614763874,-0.048849730384461207,0.99594647625873967,-23.411333109639504,-15.838177401371741,-0.96217753202467027,,0.274995904657274,0.8064516129032258,0,1
-0.47963870406377185,0.87296438292022493,0.088768799230006454,-0.87577031516954351,-0.4825422225168457,0.013392481336272542,0.054525852876088764,-0.071317526886556626,0.99596221902586302,-7.432226722783664,-9.4357186409732083,-1.1240919748481053,0.3917582358630752,0.3676712074967388,0.4228187919463087,1,5
-0.57442262792379117,-0.7863153660294494,-0.22747920712692896,0.8148808569084216,-0.57563124546251976,-0.067954825372904301,-0.077510215928738177,-0.2244032406032464,0.9714089520039636,-13.511905681389752,-6.6053205449794055,-1.364440604254173,,0.1088004656979899,0.3623188405797101,0,3
0.35043999976314616,0.92560127911568713,0.14301775646894677,-0.93268955126700781,0.33097664524448028,0.14333408966487338,0.085334679488205278,-0.18362116545244503,0.97928609715166093,9.0537131904537862,-6.4641097196064727,-0.75974379275019877,,0.2064873271793377,0.1904761904761905,0,1
-0.90734970271962923,0.41992362808720962,-0.019510600930653418,-0.42035591982874893,-0.90678802464218711,0.032192841291918524,-0.0041734445637510659,0.037411561576538972,0.99929122753123267,-27.005491985432766,-0.61266893777516174,-1.9569122492228797,0.3844483578140082,0.3523775087192257,0.6935483870967742,1,5
-0.90277594544112483,0.42907140542500838,-0.02988848238854102,-0.43006715083828895,-0.9014953221222568,0.048460602158075974,-0.0061512683828953358,0.056603120393623509,0.9983778085769861,7.1336689911077302,6.7364760489187665,-1.4385369080002846,,0.08133011722278675,0.3488372093023256,0,5
-0.91172575495885566,0.41054269330230153,-0.014520493131972704,-0.41048235340475586,-0.91184125537381888,-0.0070542569835279085,-0.016136458347369032,-0.00047114158057100708,0.99986968787818198,-8.2978234179368808,-24.296912441127706,-0.71035172183826778,0.4645264242471046,0.2673768087454177,0.4285714285714285,1,5
-0.21257229879579956,-0.96210855272935902,-0.1707634344632567,0.97410311004918659,-0.22242885395170667,0.040602166472149662,-0.077046406646716012,-0.15771029673026421,0.98447514622162002,-16.687769481240206,-12.091866630831978,-1.1022241003281421,0.1626912712459848,0.2783347700155088,0.4230769230769231,1,3
-0.99961833610710382,0.027433117774924926,-0.0032567111649758713,-0.026341957835744268,-0.98203819957077609,-0.18683435401758455,-0.0083236636071413513,-0.18667725794251241,0.98238603308028549,2.3410262720175234,-14.862478956253197,-0.7412689104508341,,0.3412023900854416,0.1428571428571428,0,3
0.98505576630814684,-0.15421879265017605,-0.07669225030335157,0.16832858617402921,0.95630928651999392,0.23903563665753427,0.036477723883519809,-0.24837293030671112,0.96797740838881952,0.5647767471423617,8.4575817115056928,-1.9294538087730102,,0.694700270459317,0.358974358974359,0,5
0.39283281297649603,-0.91424972067996235,-0.099145495538538353,0.91774148147234047,0.38288049707072774,0.1056082295459236,-0.058591417749746875,-0.13247631184284028,0.98945291579063599,5.1452345259042307,-6.0955545421509125,-0.95449976145077786,0.4780002645332927,0.4812186675299256,0.9409090909090909,1,5
0.91092205328967968,-0.4100136714955997,-0.045932581216517776,0.41249459003175287,0.90283001605337854,0.12143383098458128,-0.0083202178486824208,-0.12956369591731445,0.99153619332588927,3.130655811252792,-12.763446799855629,-0.77944778443680041,0.3004464692728891,0.2683374324596485,0.3370786516853932,1,5
0.075428610227704265,0.98205595454598871,0.17284856638076052,-0.99448814811346264,0.061428186051680114,0.084970001884523944,0.07282752241407707,-0.17830501983726446,0.98127645028292598,-12.225402512349987,1.222672266159653,-1.8969606197820887,,0.6258904995529888,0.2727272727272727,0,3
0.99586292302312995,0.088820689123190549,-0.019181338105275982,-0.077608808805118806,0.94117785980857682,0.32887856269753618,0.047264271322827955,-0.32602932596597545,0.94417740243372361,-0.9088804579251446,-21.863773759874945,-0.90554883956858068,,0.5856446573812127,0.1764705882352941,0,1
-0.79009941184741517,0.6121010289486104,0.032791001180523312,-0.61273129627631495,-0.79016942613596219,-0.013879357460291366,0.017414877602647861,-0.031058144825736468,0.99936585576958148,9.7926474595168909,7.4076738572353698,-1.3299001651946047,,0.09318657698189239,0.5,0,4
0.49193242775862861,0.87050294905901027,-0.015069910386804251,-0.86584807465972968,0.49096760026299341,0.096218122513562723,0.091156997139765245,-0.034284561708764968,0.99524618597656378,6.9517007667732038,-19.430467721503632,-0.54691923571583545,,0.0820434343165258,0.4444444444444444,0,4
-0.96080800797378629,0.27692883808832847,0.012585326713789041,-0.27715979897440041,-0.96053059074159697,-0.02373668220431319,0.0055152194801594227,-0.02629454096665387,0.99963902458309339,20.649912964313206,3.2749301091872671,-0.57555713983561019,,0.18020223718381,0.2903225806451613,0,3
-0.75495502528700476,0.65464113216013209,0.038573279326478999,-0.65551904426023677,-0.75500020250657307,-0.016415749363927225,0.018376408953975958,-0.037678671674225492,0.99912092626209281,1.1615527233847358,-17.311864954027477,-0.79246479509792023,,0.3853919451618313,0.2549019607843137,0,1
0.93620462973254215,-0.34069520529447045,-0.086299874604257004,0.35143193806217082,0.91031779347861896,0.21867123218677612,0.004060071085360278,-0.23504955214927603,0.97197490906772099,8.302905744979153,-13.939978536060252,-0.58773218668471272,,0.3209718555288446,0.734375,1,4
-0.89292645921355096,0.45009714235806947,-0.0097417081381779916,-0.45019297525115448,-0.89283954161707157,0.012799920293874285,-0.0029365746819742713,0.015815036076979594,0.9998706222122038,9.521954926427556,-2.469345340704594,-0.87212033307503223,,0.1994878644840997,0.2307692307692308,0,1
-0.43815564388448169,-0.85107128877779858,-0.28930484467127759,0.89476655876227618,-0.44376125903266211,-0.049686520329563361,-0.086095511223809137,-0.28063072960715307,0.95594662850353074,7.1113976071602538,3.0908008076296527,-1.2602947271628868,,0.08876225087323049,0.35,0,3
