axis_00,axis_01,axis_02,axis_10,axis_11,axis_12,axis_20,axis_21,axis_22,location_x,location_y,location_z,dbh,dbh_approximation,score,reconstructed,number_clusters
-0.34604402320062261,-0.91332401799670626,-0.21469227316668618,0.9285100258215212,-0.36621024160934784,0.061312240942090618,-0.13462045147764462,-0.17812719357463391,0.97475537287730818,-8.4187774961657347,-17.243572104689406,-3.1336925732929148,,0.1741051334367831,0.125,0,2
-0.42574293442712419,0.90429211361414852,0.031602642937526376,-0.90191737300519936,-0.42691379743252189,0.065495510022773359,0.072718677496093856,-0.00061872206933852596,0.99735230040654133,20.472534174785661,-1.1967692423457954,-2.9548331939985215,,0.1826162516969835,0.75,0,2
-0.37298496596471076,0.92241132134700343,0.1001976517448363,-0.92664653987557577,-0.37579737780397371,0.010125264059854436,0.046993672988262868,-0.08907123602226201,0.99491603143810081,-8.1026399181030548,-14.301630427415756,-3.3997590217542171,,0.1477832836063489,0.1923076923076923,0,3
-0.19381169348718844,0.97742080900559003,0.084175944250633628,-0.9780041171824162,-0.19924322029295444,0.0617258936066227,0.077103659069274591,-0.070361220072927694,0.99453724136805377,22.521516624333724,10.18885160512121,-3.9199916034058413,0.4766955626370305,0.3898075119872904,0.1875,1,6
0.31789621186695172,0.94749186671092567,0.034657769652524449,-0.93993812046563119,0.31014697214051345,0.14256642440493569,0.12433152527086071,-0.077897485124469909,0.98917827191821428,-2.4246033462758829,-17.172220959824962,-2.7530295314124782,,0.7323348702017813,0.1363636363636364,0,1
-0.99553991184870838,-0.028690494662610356,-0.089872907109325773,0.031572767857408757,-0.99902633876827696,-0.03081452217827068,-0.088901317459804549,-0.033514623125848936,0.99547643155960475,14.480914928989298,22.291394192264484,-5.3748389286146248,,0.2785809490464751,0.5714285714285714,0,3
0.63864129951311654,-0.73584821560460456,-0.22508819193311241,0.7693776937556458,0.60529622882377188,0.2041431843656909,-0.013973364213461167,-0.30355210255117659,0.95271237324248026,-6.2591831918629968,4.8480600880853677,-4.9881859245815701,1.089598334688294,0.3784655977133774,0.3281853281853282,1,4
-0.98469066714220321,0.14527986142830093,-0.096322644826723494,-0.14844605791467297,-0.9885647291796702,0.026524405959754884,-0.091367707274698298,0.04041705191250395,0.99499668541260289,13.997959232750548,9.3025671998540727,-4.2341750735873287,,0.1080454512564733,0.625,0,5
-0.73942668652758203,-0.66110643039223371,-0.1272260309248045,0.65846308471553616,-0.74954169052669106,0.067923635277352332,-0.14026596635585342,-0.033549096208820343,0.98954530812178088,-0.43845546912640948,24.188635013289275,-6.3693035415134345,,0.128782237795948,0.3076923076923077,1,4
-0.20329020748181423,-0.93219288383052679,-0.29948208440193358,0.96964348671553269,-0.23412353113146711,0.070552681314587681,-0.13588451056741438,-0.27604818330548542,0.95148977938893042,-21.976513201725886,-10.118355310362924,-4.8119730259013771,,0.5052620704764403,0.2307692307692308,0,2
-0.98965509856436151,0.10680744450674885,-0.095785988972821673,-0.11051466977320956,-0.99328394970287914,0.034256430455710682,-0.091483843658223096,0.044487807999341246,0.99481231460458497,-0.58849433564631004,-13.326607154537824,-3.0026054974874565,,0.09464841301564715,0.2439024390243902,0,5
-0.65410036423687212,0.75412055061471506,-0.058778470937499841,-0.75637394259547464,-0.65135844495425388,0.060254752089393439,0.0071534933961678237,0.083871159091404926,0.99645093015406228,-10.100774352075501,6.6173688751269903,-5.4183288088549428,,0.1732338840857198,0.5576923076923077,1,5
0.79963450942859171,-0.58773318345736181,-0.12310303161973878,0.60007465953090133,0.78970956789089541,0.12755077957601099,0.022249816173805951,-0.17586501483993452,0.98416281286969054,-16.279810933145271,12.771280958671831,-6.4086700952905176,,0.06333639856256398,0.1666666666666667,0,1
0.90406706738841924,0.4197294648046937,-0.080560002721367888,-0.40491909462833975,0.9014943613923736,0.15280197375400703,0.13675987887193777,-0.10552294893775459,0.98496783844875424,-3.587381786332617,17.18289498551751,-5.9494828097331958,,0.08431037484965812,0.4,0,5
0.98201422944001648,-0.15249169812417146,-0.11132984856065287,0.17165079625529225,0.9666553484902779,0.19003536876082947,0.078638777471775681,-0.20572729337243245,0.97544462858708636,3.1815914790145974,-4.4320091035412359,-3.5580941982562444,,0.376811380574631,0.8823529411764706,1,6
-0.054929758431506791,0.99596084921155059,-0.071026111230056213,-0.993658921097194,-0.047536366976839453,0.10189328897726746,0.098105403330387433,0.076172702803899914,0.9922565440373432,8.9775780672137362,12.419193896342763,-4.7845909795426946,,0.1719952490653736,0.5918367346938775,1,5
-0.35069011063472993,0.93635713461632664,0.0158670336264966,-0.93481218961545998,-0.35102520652677527,0.053921002672292953,0.056059044313575737,0.0040768659455945131,0.9984191317851997,10.141182162866734,12.441952482275811,-4.7277263466581596,,0.4636200126527494,0.2083333333333333,0,1
0.24883541667509795,-0.93334603225472368,-0.2587394818779995,0.96773864134962206,0.2286882814833642,0.10575250328467048,-0.039532991879176027,-0.27670716287539593,0.96014076497487166,11.09120810161318,-4.5256043138486017,-3.119995976044394,,0.305259708672368,0.2727272727272727,1,5
0.013518734878609027,0.99490423391847183,0.099914008719397596,-0.99439933970537875,0.0029020793965294695,0.10564814777686689,0.10481983114272007,-0.10078265359809806,0.98937134572057284,1.9400822709603682,10.803164517284937,-5.0315820422926691,,0.2367350768687471,0.2222222222222222,0,3
-0.37167969888084129,0.92692770556308535,-0.051567723426605774,-0.92680141720763953,-0.36726398171845598,0.078462097819380822,0.053789724871573644,0.076955808045016338,0.99558247729978688,-8.9634867917456731,-0.16727777202310595,-4.7086185841336752,,0.45919502704933,0.7873544093178036,1,5
0.97952988929804019,-0.17479587918741987,-0.099837851493641716,0.19294010120267024,0.95668329404448027,0.2180164953486467,0.057404819655434036,-0.23281639872504695,0.97082501572890456,10.607737094274768,7.6915112045906264,-4.2535853059374276,,0.1417163238954199,0.103448275862069,0,4
-0.64411458843146763,0.75977217406303377,0.088671531447760271,-0.76492901423090698,-0.63977413162687913,-0.074650275878962002,1.2549633052161981e-05,-0.11591075886475337,0.99325963162805686,-15.935828768093348,4.9779281240900612,-5.6733954966854707,,0.4888344268762361,0.23,0,2
-0.26093153826675874,0.9638936837690536,-0.053138486315168904,-0.96344387375402873,-0.25655547438156451,0.077169882018068361,0.060750592289912718,0.071332005123750583,0.99560087915863715,-4.7434562340917479,-24.456240046752843,-2.2217249861779109,,0.1922098907623888,0.5757575757575758,0,4
0.16844449730993463,-0.97865594527000421,-0.117724220590659,0.98247428619314481,0.15701891703657206,0.10044569011128887,-0.079816842178041539,-0.13258054337019753,0.98795327380620035,-16.303486171472347,8.7912704634818031,-6.0412857484746638,,0.141973335815413,0.6612903225806451,1,2
-0.45569059687272434,0.88598519836129752,-0.085885436521402694,-0.88919600095120166,-0.44864614810876485,0.089705661357342717,0.04094571789784953,0.11724701306156955,0.99225832630115507,4.342049085583116,-7.3447894433718703,-3.2451869863724396,,0.6734372362968764,0.7884615384615384,1,1
-0.68032545553398205,0.73258964193869136,-0.021672357431056659,-0.73286631189709905,-0.67966390077888927,0.031047558106358796,0.0080152004855417892,0.037005384772540492,0.99928292192902646,13.279795541292367,13.229347821277058,-4.6450443080312063,0.6987397007935692,0.7199317453302737,0.5698924731182796,1,3
0.98125387485876137,0.16550675167141166,-0.098733723852814842,-0.14126444567559207,0.96619161074567506,0.21568061505996675,0.13109229368133712,-0.19768987448995845,0.97145948143065175,-12.228626615590361,14.183756832895943,-6.2816110102075893,,0.2295830281161716,0.25,1,4
0.087740837177845366,0.99235460541307097,0.0867979412589895,-0.98742493947342835,0.075139215712618265,0.13909021233713428,0.13150488354896675,-0.097910343567780431,0.98646846387769149,13.94045036416834,13.731505409178924,-4.6382174984354148,0.4833514824609281,0.3704824585084706,0.7164179104477612,1,4
0.64353600045342096,0.75878903966748967,0.1005017880482829,-0.75433561900384538,0.60646844172723313,0.25134399354475551,0.12976590469957403,-0.23756098684217741,0.96266587532127224,12.338596145178894,-2.5772644947982131,-3.2255395795023536,,0.6019329876923787,0.4054054054054054,0,3
-0.76067894868606267,0.64723421318809338,-0.049552096874476217,-0.64909661867909618,-0.759176441575522,0.048215248377394868,-0.0064122262305586937,0.06884042297603557,0.9976070767187103,8.7806998448773292,22.858637967913168,-5.7494316486746664,,0.09347793187235527,0.4705882352941176,0,3
0.98696299432257295,0.12900482600830521,-0.096238260086031979,-0.1168999649762562,0.98558542903017987,0.12229374584150074,0.1106275102601966,-0.10944915234921837,0.98781700583846355,-5.6337296059725039,8.9111329194655102,-5.3259159705599988,,0.08770591356441573,0.4406779661016949,0,5
-0.042463746790454532,-0.98910693492479318,-0.14094077299417557,0.99324171424624474,-0.057044226197846729,0.10107845140616691,-0.10801725459247762,-0.1356960852094431,0.98484457919467416,3.8241763473357357,19.465215305579857,-5.6927916131470546,,0.1509776378669507,0.48,1,5
0.99019825297268571,0.11007491309087401,-0.085970537499064914,-0.08740982261306518,0.96848088348094163,0.23324729632458294,0.10893549798203556,-0.22344639589846116,0.96860970748769337,-26.503313763643838,-9.1197413341309357,-5.255804376427478,,0.08578548757652796,0.2222222222222222,0,1
-0.93363000654998962,-0.33709355623361309,-0.12125570178445844,0.34106991277802212,-0.93994728288873663,-0.013054500667332308,-0.10957337937226354,-0.053544745175011427,0.99253545770268836,2.1931274101182541,-11.369364541143591,-2.9713430177015985,,0.4830628581270905,0.9389067524115756,1,4
-0.045009670764116438,-0.98296167772056564,-0.17821467299433619,0.99326219281958961,-0.063104269884182787,0.097201169939492918,-0.10679113190208164,-0.17263890423411682,0.97917897388164832,20.704834101645215,5.6135091210569596,-3.5908285180845798,0.2120001506629002,0.1765992483380669,0.7037037037037037,1,5
0.96168247875684976,0.26723845435081106,-0.061240661069833745,-0.25253504162384416,0.95039024381850712,0.18161618101546384,0.1067373543054355,-0.15919168624896185,0.98146071965468296,4.8497283871563015,15.135990627027025,-5.2755342602972579,,0.2136300777043412,0.5625,1,5
-0.66576868993290905,0.74612564408432602,0.006969558434104647,-0.74611711017583815,-0.66560497143965835,-0.01671166950567339,-0.0078300324311657149,-0.016326213111439714,0.99983605924049668,-1.0287713259255358,-15.87930904993433,-2.7696679836829561,,0.222368997594531,0.3157894736842105,0,5
0.71682478303962638,0.69690157992615531,-0.02214539041471697,-0.68070779320705721,0.70633973222334534,0.1942191621592225,0.15099381009620902,-0.12414656893801206,0.98070816185731258,13.138196829425553,17.441333597091766,-4.9993210023799861,,0.2184281090586749,0.1578947368421053,0,7
0.90183188919037682,0.42694688920267398,-0.06644996192229824,-0.41595417565754544,0.89946326265358056,0.13397000742564402,0.11696737747067448,-0.093178285757652565,0.98875499476407069,19.600524572230011,-0.36509816275807522,-3.0924858969674993,0.4847904562183102,0.3491865833960032,0.7866666666666666,1,5
0.40007439236558601,0.91532169296457344,-0.046115929588092637,-0.90235412748420341,0.4022091594141472,0.15487033510516843,0.16030442659368235,-0.020346755806068696,0.9868578926788999,-9.3438666397857002,-6.3233833938301922,-4.2226081968634919,,0.1312249196134286,0.3876404494382023,0,4
-0.62604144097397163,0.7786343572234421,-0.042434089297051281,-0.77978824053709817,-0.62522100814825987,0.032077887868907785,-0.0015537384882630171,0.053171690976594202,0.99858417630933838,-10.074938652676309,-10.307780845174904,-3.8949537371885525,,0.1500648675039108,0.1428571428571428,1,4
0.069206964269453247,0.98813231218735087,0.13713106762468863,-0.99126238502617769,0.052641651205097395,0.12094519664135352,0.11229105097389297,-0.14430311905735496,0.98314156137430098,-4.5071024872732188,2.3341895957393506,-4.649898342987397,,0.6258513231222945,0.3685714285714285,0,5
0.25509973040868239,-0.95209461552996943,-0.16864154477546761,0.96395492223138179,0.2367845038030113,0.12134251795908735,-0.075597853483463331,-0.19351729079748994,0.97817995415521153,-17.798196328456104,-10.570863229019869,-4.4498830680606556,0.3029540116975744,0.2921588273347821,0.4838709677419355,1,4
0.90600518499770644,-0.40948626435636759,-0.10712424590511438,0.42038666588784779,0.90001803785886181,0.11507642100962319,0.049291539851900004,-0.1492934386774985,0.98756357429123387,-1.7280828357114477,9.2308144112329664,-5.094706838257868,,0.1710030171325823,0.7192982456140351,1,5
-0.99212587165612109,-0.039551355594074279,-0.11883579032115289,0.050586184131138252,-0.9945354941990846,-0.091324633879549075,-0.11457439838651785,-0.096616981161978879,0.98870514623193595,-10.428383605603445,-25.791063073244558,-2.5025752294009207,,0.349888418950171,0.8148148148148148,0,2
0.38425012246896145,0.92192368289099536,-0.049077146486841722,-0.91464939607735074,0.3873712658486122,0.11558539981408375,0.12557199384387396,0.00047467836120386404,0.99208439612894206,6.091166756056781,-24.851311138357335,-1.5048269136035668,,0.1853490907632123,0.375,0,2
-0.85938771721978946,0.51082145218027841,0.022675878906674971,-0.51008912310037646,-0.85338708489221449,-0.10742238981635438,-0.03552235896512982,-0.10388420154960731,0.99395484539387036,-3.3454876805384037,-11.130138119276902,-3.3941430029804578,,0.629178711726732,0.6578947368421053,1,4
0.951609270585975,-0.28617833208083143,-0.11198999233084411,0.3040843517164461,0.92953477482237734,0.20856128460743048,0.044412871738020852,-0.23252325613440533,0.97157626163911437,-18.94201514649675,9.1796367197221933,-6.2633790791139807,,0.2683957955579165,0.7745098039215687,1,3
0.41001970576680474,0.91187657112819331,-0.019103923952745298,-0.90628496860727126,0.40968338949797778,0.10395708752156482,0.1026225928313103,-0.025310855318176544,0.99439829245812861,-1.7581778828498493,22.974622338513214,-6.3214041485245582,,0.4159202959649361,0.375,0,5
0.93462296371388287,0.34907299982136181,-0.068029085650143054,-0.33418267187797601,0.92745365511868316,0.16778456253032595,0.12166288470678277,-0.13408116348955001,0.98347363161505963,15.869706014801682,10.891592875797638,-4.393559475016068,,0.2403172431697556,0.625,0,5
-0.14603367234496306,-0.93236737373292322,-0.33070416831333588,0.97348324706835987,-0.19493446448438564,0.11971182996441372,-0.17608104446159697,-0.3044530094358685,0.93611101415737885,-6.8496039123844872,-18.409632096540157,-2.9245084710078202,,0.3269643978168665,0.2272727272727273,0,2
-0.89086319501396405,0.44790418850670666,-0.075793177052158683,-0.452051043593311,-0.89055925772036637,0.050537733177777308,-0.044862253127877914,0.079284591231198825,0.99584202152630208,6.739700649998003,-7.7604844754173907,-3.0734729319511058,,0.2300902008563333,0.6229508196721312,1,5
0.97136859903172612,0.21992887248402757,-0.089857308345202697,-0.20715039451527409,0.96923726598153692,0.13292041334874322,0.11632608850686424,-0.11050073882349735,0.98704499788619227,-5.6180322079452969,14.396590637108165,-5.8647884959034835,,0.1805022190192289,0.4333333333333333,0,5
-0.90663083828431945,-0.39577495552157449,-0.1462282724160042,0.400631675123098,-0.91622987768097341,-0.0041318437494886704,-0.13234343187303954,-0.062329734690639203,0.98924224546541795,2.1433393068834303,-12.438371966265727,-2.9062301722752357,,0.2738566504486133,0.5348837209302325,1,3
0.13850069290046957,0.98967717058023885,-0.036832812794868428,-0.98418660139347669,0.14168871677387507,0.10630635529698933,0.1104277669050993,0.021526856975987215,0.99365099643943799,-10.854942697629642,-17.900749135778245,-3.2475730659968476,,0.1008359555423751,0.375,0,2
-0.23847596021612177,0.96867730719321254,-0.069235041185123011,-0.96865311190602255,-0.23215064174056604,0.088415091100008225,0.06957273311993771,0.088149611844581324,0.99367463524932176,5.5136878012230977,-14.12846536593729,-2.5217987230646171,0.4939521590120391,0.3423648618191671,0.6842105263157895,1,5
0.25875818187921595,-0.95407825579043259,-0.15092675421689628,0.96316620381399476,0.24300844826527196,0.11514233757502984,-0.073178324257255636,-0.17516157084129355,0.98181635602556039,4.4178355011165102,14.224945069046981,-5.2157865155926926,,0.1149181153662045,0.1481481481481481,1,5
-0.18168287840788344,-0.90890311056919149,-0.37534846115453219,0.97671188641779483,-0.21109219545290217,0.038392394416960005,-0.11412809743275265,-0.35963206283161531,0.92608830937435915,-11.33024868482906,-2.758232016484258,-4.6555494395344885,,0.1785394148861646,0.2482380579483164,0,1
0.83389922224608759,0.55062374497519972,-0.037756835233585542,-0.53670893191909641,0.82497028973840003,0.17710884632678045,0.12866860353494508,-0.12742649849394111,0.98346676504391384,-18.805787252075685,-13.245678731736986,-4.284912583732023,,0.2564246680805757,0.6666666666666666,0,5
0.74756782633737018,0.66362947116343074,0.027171124904288576,-0.65007030584529402,0.72267909070766512,0.23482659413309195,0.13620184464031776,-0.19321194801897498,0.97165745026695904,12.688114018090696,6.8335295194635597,-4.0960137480687822,,0.5794954723195459,0.4782608695652174,0,5
0.92240205306971768,0.37752528357868392,-0.08154209190108265,-0.36060702454369098,0.91741230384124328,0.16827726706376261,0.13833664135909945,-0.12581464548905819,0.98236126177590455,6.3399929106080428,-6.7347718357396857,-3.2233412320746355,,0.3252583147378735,0.2368421052631579,1,3
-0.49124307554047508,0.87089967316109607,0.014628739570800155,-0.87031016164974073,-0.49145119276564675,0.032186140781781114,0.035220210997897954,0.0030796780868258072,0.99937483074177169,-12.52865612343356,8.2777196202038716,-5.7557420121690104,,0.3080679361094589,0.876984126984127,1,5
-0.028274544412452078,0.99930005377753151,-0.024493931054268565,-0.99102371115884713,-0.024820548077642297,0.13136188303336532,0.13066198398621681,0.027988263850200333,0.9910318375448075,0.32147305797974107,-9.0477865647551212,-3.3372397904694813,,0.1060484346934834,0.3235294117647059,1,4
-0.84351558835234375,0.53703144059316976,-0.0088704014014717794,-0.53618055824476663,-0.84291779172587511,-0.044721419390532674,-0.031493827441719781,-0.032967077613860821,0.99896011463254741,7.4663569974281421,-14.515141704518962,-2.4092093903331784,0.5694015000194359,0.4765338440847754,0.4857142857142857,1,5
-0.90639039672552291,-0.3689431308563792,-0.2057605766847552,0.39029557662245362,-0.91773345649766014,-0.073720185117817097,-0.16163480934717281,-0.14712671075896228,0.97582166372168311,1.6387497007356495,20.707355836795099,-5.9528580244629783,,0.3268758447137082,0.3333333333333333,0,4
-0.7306117613505978,-0.66534142459333001,-0.15338592796047809,0.66815660761256201,-0.74294084881644773,0.040070473712834453,-0.14061721757968282,-0.073209861904090984,0.98735359129348088,-19.17621426657977,3.3261921342668055,-5.7569689571030302,,0.1556746751652897,0.59375,1,4
-0.64212167851891866,0.76657106449571688,0.0069680021492185707,-0.76635368072770738,-0.6421182242669049,0.01965253417282473,0.019539345207644922,0.0072793641358323618,0.9997825887895011,-13.413140757016768,-13.552691948834235,-3.8600506388473002,,0.3271317492091142,0.3125,0,5
0.86221435454722495,0.50641543554037882,0.011393570957333567,-0.49539894821077385,0.83833889856288812,0.22752532445427157,0.10567066255290683,-0.20181996383611572,0.97370550644063714,8.7956373196657403,6.8123758096128162,-4.2708334796459146,0.6746075576833785,0.2789319857816283,0.1842105263157895,1,5
-0.67903615633162229,-0.71730817617849862,-0.15613737150936277,0.72143056118132376,-0.6913959308926918,0.038853727474058138,-0.13582283971400697,-0.08625918578623562,0.98697087549710361,-11.348296525610847,-14.319686523750013,-3.6409272631757585,,0.5099610305016258,0.9128205128205128,1,3
0.090776830277455714,0.99500127413388351,-0.041617683221512276,-0.99020474730285923,0.094633174098141967,0.10266022004160637,0.10608546320612589,0.031890858126724805,0.99384548480348944,-4.1501174828461282,14.912654627331934,-5.8195432545533849,,0.1047453543193808,0.5,1,5
-0.81265281535525169,-0.562888275413574,-0.15083829453131206,0.56649530985372321,-0.82376983866514963,0.022052592122618075,-0.13666918309888476,-0.067528085323996179,0.9883124465894163,-12.792343805165295,12.124102566080884,-6.10828029200065,,0.1195851683018296,0.28,0,2
-0.36481311870938432,0.9155689221131369,0.16924815295335158,-0.92950726306987264,-0.36869256427402869,-0.0090576459080536995,0.054107636410094986,-0.16062173548318348,0.98553184716298425,-0.94136251406256666,9.7739495191721417,-5.1049111626337558,,0.3972140743720753,0.425,0,1
0.31437467777711353,0.94607163958637175,-0.078211346637749674,-0.94177803528783344,0.32117402686047952,0.099505661746517968,0.11925893770248204,0.042375668025155508,0.99195847117583391,-4.3676234504391012,10.279371111874989,-5.357309148225716,,0.09054722353320258,0.3809523809523809,0,5
0.96407362117915441,0.24774377029407157,-0.095838808564124342,-0.23565533078786402,0.96416812012756237,0.12184580912343906,0.12259126403530958,-0.094883404292644441,0.98791119113615911,-3.5296410422586253,7.737212910865277,-5.0892309507401379,,0.2394091941457216,0.8768115942028986,1,5
0.73644850634050896,0.67624083707750682,0.018491289234279371,-0.6637408296422076,0.7170131063610593,0.21293265689493887,0.13073526140527961,-0.1690873607789086,0.97689188544593608,0.56048283008493993,11.708160483246562,-5.2005871165705271,,0.3456908478778769,0.3260869565217391,0,3
0.99298463686565108,0.075225539259625857,-0.091228445080963713,-0.061620795229872315,0.98769767552480148,0.14372257776057046,0.10091773156403221,-0.13709274235350163,0.98540407521481632,10.401303012800307,15.952953043536613,-5.0406431208135265,0.1971486015543115,0.1608592828145954,0.4615384615384616,1,5
-0.61105029843413539,0.79139841156202839,-0.017495341112779318,-0.79146751574311369,-0.61041356027917926,0.031216293032984507,0.014025131264208441,0.032921719341422399,0.99935952293888053,15.497359015871893,9.2041671970693599,-4.1797642796812777,,0.09979245892347963,0.2857142857142857,0,4
-0.98800868384174156,0.098437557882415191,-0.11894909773283487,-0.090279899445001408,-0.99330038813549337,-0.072137914345220225,-0.12525326506526596,-0.060534173224915319,0.99027634196847614,-12.325245838439418,-10.745804570682086,-3.9903521958676511,,0.2608452702759544,0.2096774193548387,0,5
-0.50234135319162532,0.86013601620306956,0.088426231989830809,-0.86453203468585338,-0.50145103021438231,-0.033633692911610565,0.015411874498086531,-0.093342905071821719,0.99551472927185158,5.3578316177413967,-8.3970453372346725,-3.084117406690285,,0.2275466006417567,0.2857142857142857,0,3
0.30442663245231516,0.95080446379512606,-0.057404678215335604,-0.94284028243233653,0.3093569440723401,0.12389706605539874,0.13556041928474494,0.016405876431517304,0.99063324189220447,-9.1282809157063127,14.02563430723699,-6.0856890100507943,,0.08790062932960799,0.3333333333333333,0,5
0.93025059294934909,0.36207549327332772,-0.059457308114831187,-0.34315472759837645,0.91586390175370958,0.20841820071998662,0.12991792503065025,-0.17347809843132622,0.97623085493154882,-11.488512700819596,10.962740151444523,-5.9265531661384401,,0.1120583734407754,0.2608695652173913,1,4
0.6273571036721507,0.77859124065723084,0.014790011626938576,-0.76612339134229601,0.61368453808478973,0.19090897557170577,0.13956365468942888,-0.13109907584530486,0.98149631614297839,-6.5612662805411661,-17.224664254624862,-3.0210666164908848,,0.1853367584636499,0.1910112359550562,1,5
-0.50538873348766067,-0.8549969006253455,-0.11645826713802523,0.85263998528887663,-0.51555761292510116,0.084884646677454781,-0.13261705603097537,-0.056397231102467443,0.9895615538073681,12.845715531528144,-4.6350136682961089,-3.0396195065441223,,0.3926311946871071,0.9157894736842105,1,5
-0.2267481438399245,0.97268607440403632,0.049669708330284765,-0.97267799135256661,-0.22876561255769895,0.039545159620849903,0.049827747325025311,-0.039345840587887974,0.99798251508979219,-8.828200089597491,-20.423371076552939,-2.86610554360646,,0.1935771914333551,0.25,0,3
-0.33722005816449468,-0.90444421637830097,-0.26127244751671536,0.93032655393010832,-0.3626442236533694,0.05460467107650601,-0.14413582283410037,-0.22465490537863864,0.96371937723864987,-15.795780702348139,6.5216597044050957,-5.8041010091011058,,0.511911889601204,0.4166666666666667,0,3
-0.88356609637007111,-0.4482543851167004,-0.13556902142083627,0.45280972950925397,-0.89160171363557783,-0.0031197922780169919,-0.11947511124544156,-0.06414351460397609,0.99076299250988364,-2.338891432279373,-19.370254424741486,-2.5492701843120522,,0.1385024315766528,0.3103448275862069,0,4
0.46838719193403222,0.87571170806304566,0.11722816552968029,-0.8734448212153183,0.43896657179525655,0.21071899092976787,0.13306984152801782,-0.20109041053123825,0.97049217620137751,-7.7640195211119467,-11.981866497965026,-3.5879559123491842,,0.1170343168873176,0.4166666666666667,0,1
-0.92893447124329698,0.37018862329182189,-0.0064133705055559459,-0.36564101005132443,-0.91997056485010298,-0.14128273630571353,-0.058201373734502876,-0.12889741267646937,0.9899485123483589,14.890149812032238,6.854931856122696,-3.9876036300168765,,0.09113217984074834,0.2857142857142857,0,4
-0.39400970987532852,0.91454739092733273,-0.091429854380109588,-0.91761025703555033,-0.38574378785277286,0.095880896513053759,0.052419125394376029,0.12167497639614996,0.99118486439810294,-7.5046594515177798,7.5514262862553663,-5.3488786605022884,,0.1148454210492228,0.3673469387755102,1,5
0.062634778668237759,0.99800251483181224,-0.0082380149646976934,-0.99201663754831215,0.063160085908633992,0.10915032924986683,0.10945261681897435,0.0013356411912213279,0.9939911170297685,4.5061287513910226,-14.606589440542159,-2.5498750150325296,,0.1672109006686494,0.375,0,3
0.29809834461921059,0.95410236234847035,-0.028741243820598471,-0.94533423209062672,0.29926167213721155,0.12955941195940329,0.13221409370000087,-0.011451364578461611,0.99115503311862341,0.74696002970384967,15.224602314115382,-5.5087293503052006,,0.1449801365924711,0.4242424242424243,1,6
0.49552930826640446,0.86858756205103516,-0.0025202577762044333,-0.85751130885567883,0.48966815767523009,0.15779559735166249,0.13829338318820791,-0.076031193658826657,0.98746858064303744,0.70433082273627989,10.456770392561543,-5.0744876316929366,,0.1892831362048187,0.3974358974358974,1,5
-0.96800152933095895,-0.22225359920393933,-0.1165177104727818,0.22072898879868388,-0.97498873213188419,0.025993955446818092,-0.11938070496036964,-0.00055664778391424597,0.99284839599327057,1.5691019889479747,27.02165268877237,-6.5327258461416378,,0.2072951177252752,0.4285714285714285,0,3
0.99009010802579367,-0.08696763735483716,-0.11026426457556374,0.10505653143124513,0.97972366883906947,0.1706008731517786,0.09319175496313066,-0.18049421810526503,0.97915123144357075,-0.11146220682319428,20.81683172521403,-6.0707916506629296,,0.1137317705317852,0.3181818181818182,0,5
-0.55733097306709367,-0.77454068350065841,-0.29911355044935523,0.81895228567474487,-0.57214139982434598,-0.044400139584790353,-0.13674553099899606,-0.26970529881589361,0.95318398619701539,9.9714857427480315,8.7079294507217924,-4.3848754450770544,,0.3711215229848726,0.2058823529411765,0,1
-0.012855469166487931,-0.98574752335376292,-0.16773955143147254,0.99261762344116045,-0.032813946931848158,0.11676257328774479,-0.12060261417785104,-0.16500019723829421,0.97889220262743548,12.821740328309419,-12.505880784894021,-2.3017190133368013,,0.3152339461653398,0.2857142857142857,0,5
-0.97345171039153344,-0.20370694831596106,-0.10438029863722596,0.19619325154457101,-0.97746552221208449,0.077906103323332171,-0.11789815767927334,0.05535911934320651,0.99148141299843751,-0.45665206040856676,-11.249563495041727,-3.1704499960775552,,0.1396200800701191,0.1333333333333333,0,1
0.46459707188017846,0.884036477786738,-0.051274425816207191,-0.87551711224173601,0.46725666912279229,0.12304873559758606,0.1327378882318663,-0.012276445034737991,0.99107514443913558,3.6433913890673639,12.533276343634538,-5.0781419444786415,,0.08523674971864512,0.2857142857142857,1,5
0.97496960581007885,-0.16362491322953873,-0.15053622659401691,0.20645599305584184,0.91755413960120025,0.33980924624269343,0.082523879440228862,-0.36238279301220583,0.92836874174586859,6.5018068394084603,-11.276957379487555,-2.7540374932620222,,0.2519277893868204,0.1818181818181818,0,3
-0.38180255161174348,0.92409519023024522,-0.016579836431288769,-0.92258320253071491,-0.37998029202095496,0.066747375108232324,0.055380917209190722,0.040780596721923058,0.99763214510162623,2.4396196311749807,-13.743482813907548,-2.7575968660205277,,0.2387426087020678,0.3461538461538461,0,5
0.70490756735522531,0.70479816284696584,0.079780142472185178,-0.69178938286078795,0.65830588860068218,0.29675041161683074,0.15662940734878208,-0.2643726662898605,0.95161668862644577,-11.83604692735474,-8.6990567021989662,-4.1853150899686504,,0.3005126197362061,0.3,0,3
-0.34527939146030578,0.93616937289734725,-0.066098767626846189,-0.93638134097921055,-0.33891472185709076,0.091251277111643797,0.063024805424340621,0.093400838098583558,0.99363180169704013,-2.374036682010678,16.873726133694987,-5.8238718004578311,,0.1001013054495503,0.55,1,5
0.99455984146321408,0.048600984789060664,-0.092133956965935307,-0.028983999020906325,0.97867111277028995,0.20337841780710061,0.10005323357804796,-0.19960159645277634,0.97475563765698792,-14.42045903766353,-6.4088578759206136,-4.5578051879583299,,0.1305483089265189,0.5555555555555556,0,5
0.87827044743454008,0.47296015106044376,-0.070354222844239839,-0.45878068629581187,0.87496418964625844,0.1547835544191046,0.13476387885883459,-0.10366466295488654,0.98544017302389963,-21.381563881341307,-7.5191184526537782,-4.9870645759819103,,0.1035674313491368,0.1090909090909091,1,5
-0.52011315082780185,0.84826595740216082,0.099635213898360747,-0.85353745296100991,-0.52044674248438216,-0.024678019171469865,0.030921298950860761,-0.097877749003494302,0.99471795978619049,-1.3924690578684971,-18.445628868850807,-2.5649200931806391,,0.0847501224169199,0.2608695652173913,0,1
0.76148548583336828,0.64353879157414406,0.077444680930389725,-0.63332777043572475,0.71327279795865584,0.30022966356964942,0.13797025063408949,-0.27766839833067297,0.95071787114182615,8.3302394745793578,-4.7736538083339886,-3.2320294392737616,,0.3261955495582849,0.2727272727272727,1,4
-0.99347663730564473,-0.048426904876077981,-0.10324246225265588,0.047055893364290988,-0.99876925407900019,0.015675458722650588,-0.10387451096181516,0.010715035725574531,0.99453269125848409,5.6958773605744319,-5.3319101061957479,-3.3524181750804627,,0.2931917761899369,0.1666666666666667,0,4
-0.99095252159030789,-0.064318645242459407,-0.11779733370490593,0.064129281051601955,-0.99792698284821779,0.0054011309239624401,-0.11790053123550781,-0.0022019940117512893,0.99302296849406146,-10.832239929789734,22.19036880317881,-6.8519164488837019,,0.4448052940831636,0.2857142857142857,1,5
0.95141608725478333,0.30783474486299339,-0.0067230028956410557,-0.28181175935328823,0.87936933819653462,0.38378600720973932,0.12405467021843027,-0.36324556004846842,0.9233975860386856,-18.329220850547046,3.9804741076783161,-5.7651636858270949,,0.325861227729584,0.2222222222222222,0,1
-0.79215269615319561,-0.56568390761745357,-0.22911966881931131,0.59546599148819068,-0.79866903710014026,-0.086879354040651613,-0.13384453279162636,-0.20525468530628735,0.96951335999129395,7.7031340382144098,-8.8773304536041504,-2.8899417354107548,,0.4344473511489599,0.6666666666666666,0,2
-0.98678602295223405,-0.14084059817373271,-0.080107869851709743,0.14305997839448623,-0.98945488792854319,-0.022646574488950584,-0.076073566288707969,-0.033807553303656993,0.99652890668145622,-9.9761880787025419,-14.822025367874186,-3.4942717157046905,,0.1680444064377472,0.2666666666666667,0,3
0.94335545203706328,0.32362318146802471,-0.073133627890737157,-0.30735220762514909,0.93541448614402034,0.17474083546745825,0.12496044005962141,-0.14236493784788407,0.98189465468128168,-2.6571414896382914,-29.724796218181712,-1.6287908399422948,,0.1945952477965507,0.1428571428571428,0,3
-0.84175791146002832,0.53450017061078492,-0.075849760128123209,-0.53877722348541968,-0.84061847842362314,0.055494839274438587,-0.034098708887494195,0.087579343168326648,0.99557377260673741,8.8403912705550063,-2.8225972254372249,-3.3884725621903309,,0.2303016678227027,0.4367816091954023,1,5
0.39690222892173882,-0.88379771721891465,-0.24773012678233272,0.91681777014015897,0.36887435975523897,0.15289500668886713,-0.043746965976874323,-0.28780775137893272,0.95668850793454185,-16.806211663831888,4.807947757475957,-5.7261984930110295,,0.1850992960254904,0.2727272727272727,0,2
0.98174216620668198,-0.14842877748124833,-0.11895888830699232,0.17662058092636726,0.94350146040895877,0.28037504275415942,0.070622160014020774,-0.29626658978289522,0.95249074446598669,-16.26147630758479,-6.7295669615469054,-4.6755252311673088,,0.200788610848626,0.2380952380952381,0,5
-0.38841505336096044,0.90861333354667817,0.1534781952714947,-0.91957835484003558,-0.39290492832496354,-0.0011690199522839733,0.059240152196764095,-0.14158929125872524,0.98815134314969999,28.620171871219686,6.2937349555878015,-3.301387831268622,,0.5322037946276715,0.6296296296296297,0,2
0.46499905065713004,0.88520701796781531,0.013580067322981493,-0.87358518369266036,0.45629781541759279,0.16923720181388865,0.14361340369418935,-0.090558483786232782,0.98548178638354855,-11.231983298531356,8.1638596769206906,-5.6429207550077658,,0.2027208472389019,0.5126050420168067,1,2
-0.32452825493624771,-0.93955497195523863,-0.10916898104418149,0.93760996946448594,-0.33476752961242812,0.093905517825090448,-0.12477562626106163,-0.071882931154642726,0.98957763075959704,-13.687572848116806,-21.44361557078269,-3.1421012861390381,,0.3225076360618196,0.8974358974358975,0,1
-0.46287326221501074,0.88641483064070303,-0.0041341440041083666,-0.8850869863954145,-0.46191372241489181,0.057067850479062716,0.048676171171490486,0.030074259176763159,0.9983617427040421,1.462090426220656,8.1950560609922274,-4.8166678621278285,,0.6538981498413921,0.954954954954955,1,5
-0.57193704615671992,0.82010371582133501,-0.01783004569722977,-0.81995620218708154,-0.57093704023256386,0.041264059245524301,0.023660974799538475,0.038220300712043666,0.99898917255644815,-2.185031213034097,4.9258163913374835,-4.7492929388706084,,0.1462749351680673,0.4693877551020408,1,5
0.44735022354540499,0.89233312725063618,-0.06016117938484352,-0.88444433489744134,0.45137736901361758,0.11839209944150354,0.13280058720389215,0.00024648213650711932,0.99114274616972176,0.53458294603219247,16.250699814676945,-5.5867578234155779,,0.2044505067830952,0.8055555555555556,1,5
-0.74134218500630666,-0.64856044382118128,-0.17257205869012263,0.65541619503600501,-0.7549557778964131,0.021711395748480241,-0.14436542527419866,-0.097010948512495365,0.98475758430900451,-18.895211583243977,-7.4942150364482147,-4.8192888585175631,,0.3624787875287547,0.6705426356589147,0,5
-0.64455666190697847,-0.74567766908308442,-0.16885355614304412,0.74989036978805512,-0.65963225910236412,0.050494713095995312,-0.14903403265854487,-0.094074951939030094,0.98434687002458754,17.163813810994348,19.190015448000377,-4.9467438973609683,,0.1366556077031215,0.24,0,5
-0.76445107919617628,-0.62354305258469722,-0.16373334751710894,0.63161722151906607,-0.77527243021840575,0.0035134632176306814,-0.12912874581724931,-0.10073093128033825,0.98649837632256632,-20.026687465448312,-9.7456840620652407,-4.6885535290380229,,0.121982834882542,0.2727272727272727,0,3
0.81421420293461744,-0.55213826370311736,-0.1794395984571199,0.57999567580408984,0.78726836586829785,0.20931683198351991,0.025695287274182417,-0.27450292868741272,0.96124289040488142,-4.2450795239332404,-17.996940000157533,-2.791866948179027,,0.6886446119731207,0.3,0,1
0.77413531878077491,0.63294928321973687,0.0094716993095149121,-0.6160424175198923,0.74984640159464622,0.24129258967446091,0.14562365203645786,-0.19262808436773257,0.97040618973725801,-13.1770299192225,5.5580294728160062,-5.538748171590437,,0.1752889583045252,0.2647058823529412,0,4
0.89344347455140916,-0.40171885739923879,-0.20094953941563234,0.44789541799563942,0.83052391110712165,0.33108870052878675,0.033888822936422633,-0.38581341693774623,0.92195420438913567,9.4540124094143767,4.3708293961855293,-4.0297127145981095,,0.4294750006300238,0.1666666666666667,0,5
-0.38243360786693714,0.92003555117749536,-0.085317759835809401,-0.92258655943511825,-0.37514968415266686,0.089981969470702639,0.050779680222997475,0.11312514773328443,0.99228228091948412,-5.9116891101801619,7.8403416041968672,-5.2621218503942444,,0.1083860515441478,0.5222222222222223,1,5
0.045869926853761851,0.99457721484557393,0.093338703228895467,-0.99372335274081036,0.035887121243775411,0.10595287984004002,0.10202866277666259,-0.097612899961305621,0.989980744122405,14.241925141865766,-0.78850188645476083,-3.301385240168663,,0.2081209528069327,0.2105263157894737,0,1
-0.20845644082982986,0.97549792979835059,-0.070354113139832641,-0.97519310133132397,-0.20183640544391893,0.090887185858472649,0.074460240345799372,0.08755486506534467,0.99337295021106531,-5.1227479084557777,12.461381612318082,-5.6398412161305682,,0.1832625870098746,0.8333333333333334,1,5
-0.56254669109839128,0.82567052543859687,0.042537086832571902,-0.82653869500053623,-0.56285260607156495,-0.0055434199965198978,0.019365071677152151,-0.038276980816129548,0.99907950971809056,-4.7286096989487634,-16.735542224736626,-2.9472282928252569,,0.1149194349608466,0.3571428571428572,0,3
-0.35784609644511162,-0.91662165610807433,-0.17818785259575567,0.92580781308897442,-0.373154122630385,0.060298374665972855,-0.1217623278457108,-0.14339016813449396,0.98214723702709428,-23.391098214453756,-7.5031499037378389,-5.1561569809427938,,0.2220686278368432,0.9145299145299145,0,4
0.48257291121745721,-0.86653191454736045,-0.12745911670019519,0.87527613666452431,0.47182609014545812,0.10616885251181325,-0.031860162346311123,-0.16279613548526214,0.98614519637137166,-11.930477071857565,-6.4476344583159166,-4.3927300227468438,,0.2737157128649926,0.8958990536277602,1,5
-0.94034689196241872,-0.32517227311259095,-0.10005356353178933,0.32284041607364489,-0.94564410787383724,0.039131662281213238,-0.10733959440027353,0.0044960029232081781,0.99421224968901878,28.02206624154044,5.5993641336675326,-3.2563859214442115,0.2896592430639136,0.2482560173215608,0.3333333333333333,1,4
-0.21035772239040443,0.9769851796567931,-0.035349502990911934,-0.97210946284508148,-0.20519894944194858,0.1135631251549878,0.10369580935490255,0.058252466719475669,0.99290172184528314,13.731759812838048,-5.8969193444966717,-2.9006690812002307,,0.7312345114151353,0.4259259259259259,0,2
-0.96475668006055237,0.25558556828181822,-0.062614419781714226,-0.24706793411111405,-0.96169522305846011,-0.11874230030029068,-0.09056480669999184,-0.099087412079427409,0.99094888897197653,1.6653130405403924,-15.518553296914391,-2.6230171126902988,,0.462770855439422,0.2083333333333333,0,4
0.93743996023668197,-0.30521854636251911,-0.16747525162781132,0.34268250917191106,0.89384438099088059,0.28915552991197035,0.061441182110137486,-0.32845678791490984,0.94251849828718415,-22.340470482894482,-12.405510932455503,-4.6263190488390649,,0.2832083384481088,0.2857142857142857,0,1
-0.48867684874360268,0.87241065311555943,0.0097257304355700923,-0.87234447758429312,-0.48876423727580437,0.011163905606384745,0.014493099399678086,-0.0030286450245440061,0.99989038268157526,11.368670425610954,-6.7282302119970119,-2.933854035795517,,0.5232050360644698,0.34375,0,5
0.48064258311361707,0.86877718386737091,0.119201141308921,-0.86710847512228173,0.4505816509943007,0.21236541186916791,0.13078837742315153,-0.20543217999799826,0.96989278776176568,-3.2295475205210535,-12.235444717580091,-3.2773322234320594,,0.1373589586272822,0.5,0,3
