axis_00,axis_01,axis_02,axis_10,axis_11,axis_12,axis_20,axis_21,axis_22,location_x,location_y,location_z,dbh,dbh_approximation,score,reconstructed,number_clusters
-0.024205883145793444,-0.9668721744983263,-0.25411075026847929,0.99970255822578524,-0.022653487584775641,-0.0090340786506504824,0.0029783045431783024,-0.25425384496822018,0.96713293399662681,7.5497358813889424,29.974671043124715,-1.8858548624086959,,0.5370432543776903,0.3571428571428572,0,2
0.35104267256183258,0.93517366567914295,0.047108991295502563,-0.9351261671112957,0.35271767749477473,-0.033604933662019859,-0.04804262299648674,-0.032256084742664171,0.99832432173752583,-29.164608923046071,-3.5341843987872696,-2.5063308251039813,,0.1694190622916641,0.5849056603773585,0,5
-0.98937007944372346,-0.14507551617301109,-0.0099970249901975058,0.14502197424787566,-0.97925086140093209,-0.14154991144745099,0.010745831134385393,-0.14149503543470041,0.98988064031001455,-20.114956236498955,28.813533536864995,-0.4035609178409027,0.3505182106062792,0.3391181999243278,0.7714285714285715,1,2
0.16355725672989788,0.98647586357919548,0.010695529284264193,-0.98508179912987626,0.16389492705451644,-0.052462385657162824,-0.053505820188428414,-0.0019553673503977529,0.99856562315377584,-10.552370752793887,-4.3330810930567605,-3.1173282146600707,,0.5066992009190818,0.9835104433858556,1,5
-0.99967300238878909,-0.014279484410844897,-0.021212840921110095,0.018622618420723009,-0.9750376665143865,-0.22125719640575894,-0.017523880224996787,-0.22157988447316429,0.97498475291602349,-19.726271340960768,-19.365300704565676,-3.8606186342395596,,0.1923219493010863,0.1333333333333333,0,3
0.83064660482039243,0.52802701222026016,0.17667397167126542,-0.54805079255620692,0.83137330693633837,0.091971480863635519,-0.098318597828018578,-0.17322210851817241,0.97996303728337131,-0.61163454017732743,-22.006361951927115,-4.7679761184422835,,0.6100019581776215,0.4857142857142857,0,2
0.47075233329654248,-0.83940653488443429,-0.2716411417461812,0.88072886778139026,0.46526726169716154,0.088560920553802769,0.052047114736292893,-0.28093245520255045,0.95831521612749926,-20.255246091491763,-22.05636093764473,-4.0458063957356583,,0.518359690323867,0.2413793103448276,0,2
-0.93915641751235956,0.34336822490677738,0.0091370438172307632,-0.34263292566463371,-0.93460444299787637,-0.095484100137783412,-0.024246684223681533,-0.092805157469815838,0.99538901995710161,-4.6549988003581468,19.375120992653077,-1.6831854481484572,0.4435610640324388,0.4140750783436043,0.9798657718120806,1,5
-0.99455190119195291,0.1042423321328781,0.00022809421278558448,-0.1032912648836925,-0.98517833278692624,-0.13694731543881836,-0.01405099406440889,-0.13622477307256217,0.99057830622678722,1.2968235421172492,4.6151044694506664,-2.9970421809516083,0.7050596109281637,0.5479343171877131,0.9684741488020177,1,5
-0.9997871837453971,-0.0066866863985577396,0.019516030422588305,0.0037695498320841061,-0.9892997131334712,-0.14584878500726658,0.020282448385524961,-0.14574417936590048,0.98911437987143302,17.707586448100287,10.362963095281815,-3.5037931502022364,,0.1661812173387459,0.5333333333333333,0,5
-0.51001810792513846,-0.85572004782612154,-0.087319696156840543,0.85904438850112275,-0.50154606673024171,-0.10244160059349773,0.043866481203709132,-0.12725856629667529,0.99089908120399461,-9.9059048176766389,-24.390477326502669,-4.5492555397917096,,0.08979177086583494,0.3,0,2
-0.21210504126614602,0.96840020062664833,0.13119642866996564,-0.97565219224658273,-0.20217556848962995,-0.085016699949671079,-0.055805476737717546,-0.14603455389791095,0.98770423601091961,-34.069545509010837,-13.682402985370448,-3.0908905155420903,,0.6260578054836307,0.59375,0,1
0.99826551175736644,-0.058027835693905586,-0.0099367157796526814,0.057862583889302766,0.99819342293175628,-0.01618059953893403,0.010857689508265645,0.015577570428890642,0.99981970868655945,-1.9714830334880695,-6.5249077327380318,-3.6704604503631124,,0.1329696872720038,0.6463414634146342,1,5
-0.86324051257642598,-0.50459183219093251,-0.014244308792881931,0.50405550744141614,-0.86011172932855362,-0.078331720837869045,0.027273849467313385,-0.07479903714382391,0.99682558212437111,14.475055331527615,-21.938287437281033,-5.5387701533055242,,0.3246537321677062,0.8064516129032258,0,4
0.93788053446183439,0.34469887643814368,0.039532109226115997,-0.34674615685677884,0.93518728572353527,0.072054446955767598,-0.012132839018072824,-0.081286070167825283,0.99661696203407746,-3.7140878619446731,0.29157980974234371,-3.0748034164655502,,0.1804989495908086,0.3264604810996564,0,1
-0.8896042942242347,-0.45480123120006821,-0.041952828232479991,0.45634560446660966,-0.88131589794219112,-0.12260088628698797,0.018785339544619084,-0.12821126367543648,0.99156895014161373,-24.580413625874041,-13.688229311934029,-3.316441680453893,,0.4988175204091727,0.9626865671641791,0,5
-0.99658776698791207,-0.081449277296690131,-0.013373029495767619,0.082465434030644144,-0.98941133585503094,-0.11943475487353863,-0.0035035525092791176,-0.12013002834184153,0.99275198383604579,2.7217117216699709,-4.2490651915100699,-3.6696734602051579,0.4433019581855314,0.4312772162617665,0.7945205479452054,1,5
0.73495479019303434,0.67351317134975341,0.078876259994442227,-0.67736058614131389,0.73464193564801639,0.038520938846711615,-0.03200144863297457,-0.081738818230593702,0.99613988620055649,4.3838764705453848,8.4815482760090735,-2.8399540517950399,,0.1497798270134888,0.3103448275862069,0,4
-0.44168539816189972,-0.87458644133485886,-0.20003141174273503,0.89596877364804228,-0.41845712081617109,-0.14877363572173716,0.04641083599966378,-0.24493304119997378,0.96842854131337153,2.522580936022448,4.4280860237250828,-3.0735101185680822,,0.5929601162532976,0.6951219512195121,0,1
-0.99744822888524021,0.071384282439610716,-0.001146697117817296,-0.067324420506965008,-0.94582231339643363,-0.31762804329092331,-0.023758221673759142,-0.31674032850586159,0.94821469678596526,17.804011360177469,-3.5293785836897968,-4.3996778443775639,,0.5038272051585622,0.4347826086956522,0,2
0.50763533706810149,0.85258833842018322,0.12409468058569879,-0.8582274421149344,0.513070964515697,-0.014277358711970726,-0.075842087000639824,-0.099253768496940648,0.99216766087115738,11.816540555660055,-1.6430135115721993,-3.9376522314954348,,0.3355361940674626,0.5813953488372093,0,5
-0.96681454668626665,0.24537152971825055,0.071150858881349796,-0.25547915360079282,-0.92876574596465089,-0.26856021894194942,0.00018544878170804856,-0.27782548753930209,0.96063154439269693,16.504589682897919,-31.203605848014476,-6.3354455745886291,,0.2730855005536189,0.2857142857142857,0,2
0.48182838241460635,0.8735375052415848,0.069091510593075153,-0.87616749981269026,0.48145434673414167,0.023069986622915963,-0.013111909536925252,-0.071651510431462825,0.99734354105352618,9.1877376012704541,-7.5178911795417838,-4.2506824577545492,0.6027126008786186,0.5235522019268567,0.7868852459016393,1,5
-0.7737841981394461,0.63179813274625074,0.045707047247069643,-0.63216710821378985,-0.76561639434268625,-0.1191481598948126,-0.040283520232342038,-0.12108945524716913,0.99182386633193864,5.851794794637998,-11.174756276189918,-4.3033754048098354,,0.503070378423238,0.5088757396449705,1,5
-0.72303652785337291,-0.67095382376787704,-0.16443584086507512,0.69062598007970011,-0.69657652716894125,-0.1944656716138157,0.015935338988979184,-0.25416944774799949,0.96702841571630382,-6.5748861542431705,-27.191731220972176,-4.8993013731239463,,0.5934208540685099,0.3823529411764706,0,3
-0.51166627805703757,0.8383738589902785,0.18795449571905973,-0.85763780761672492,-0.48525510868735955,-0.17024943594383937,-0.051526797354724707,-0.24830777687089592,0.96730979375782067,11.068459978100872,-12.211113854429993,-4.6540616662780812,,0.324654231291743,0.4090909090909091,0,1
0.88038031542689033,-0.47331461948656084,-0.030062787447962178,0.47313527853612697,0.88088979353081198,-0.013273276075851222,0.032764438243177679,-0.0025382343343578737,0.99945987861097929,6.4039156889562019,-9.9540770853944558,-4.2468929855062143,,0.2060482667000847,0.8157894736842105,1,5
-0.98626068101049658,0.16509231081198189,0.0058649811143347786,-0.16480071848798913,-0.9808217807883447,-0.10406419901687346,-0.011427697867641765,-0.1036009808927543,0.99455328890889783,-9.4267764115180466,-23.45841418727111,-4.5132819151477248,,0.1859495870642128,0.5142857142857142,1,3
-0.99977687355505274,-0.02112162174496663,-0.00028319489034967264,0.020982635396371782,-0.99147372381761845,-0.12860631396260336,0.0024355936250314222,-0.12858356066810145,0.99169568709841927,-28.015027035631039,-4.8696183681237315,-2.6367432243268736,,0.09467124186735654,0.5,0,4
0.82533468198068405,0.56183317829448332,0.056268485739027416,-0.56464291686311663,0.82140494017330956,0.080450610284787172,-0.0010193900900756841,-0.098170280769701815,0.99516910965797323,9.5589388097398587,-10.752424684625835,-4.4503950783234565,,0.2764148596069477,0.5,0,4
-0.36107222136491346,-0.89920521809227327,-0.24709679624437467,0.93124797341140964,-0.33375267732895919,-0.14624076857324828,0.049031244892920996,-0.28291186990188089,0.9578918576190486,5.1415971072384643,32.427828410721148,-1.6317276409970267,,0.5877520003695593,0.391304347826087,0,2
-0.82804180049265952,0.55917566249672512,0.040857742328982649,-0.559639416711886,-0.81991885249625351,-0.12056864676857552,-0.033919019727184814,-0.12270148243837123,0.99186382447802346,9.1582969768396438,8.9053904993349828,-3.0727744065919715,0.297477351466335,0.2520238786587509,0.603448275862069,1,5
-0.99996996404783767,-0.004784801396779126,-0.0060972680570727826,0.006116635891901933,-0.97033693544201749,-0.24167916435299244,-0.0047600175978998929,-0.24170920005781371,0.97033705733620224,-8.7994470151024533,-12.895892527798349,-3.7991378235070061,,0.2886955054011061,0.2588235294117647,0,5
0.99031617902219504,0.13877380421915875,0.0039619224402860191,-0.13883022428081399,0.98995007365304855,0.026926204717030566,-0.00018545354980262102,-0.027215490751907209,0.9996295727268748,-34.094621874724716,-15.540659431780027,-3.2257259438433294,,0.08479283609705615,0.3,0,1
-0.6088733997284157,0.79176325848543083,0.048827508800815982,-0.79202517636355552,-0.60332386329859422,-0.093254683425224735,-0.044376830772828814,-0.095452912407073029,0.99444428622400349,10.53710448168839,-8.8193349522064342,-4.3992469775576559,,0.08800301054039794,0.3333333333333333,0,5
0.90163368771694452,0.4290169621147279,0.054782655939576638,-0.43059474452269025,0.90230832822479123,0.020684458069355437,-0.040556863332648949,-0.042238927946075894,0.99828403463272131,-10.81270730829525,4.836817836388299,-2.4727930076245497,,0.3996786541781254,0.6722306525037937,1,5
-0.77215376827195858,-0.62467574766888456,-0.11644212475618755,0.63488998861948287,-0.7508337625964363,-0.18210810881460726,0.026329840374919387,-0.21454340171536301,0.97635949746301598,4.4797824349812192,5.1691070180666632,-3.1296140747458083,,0.178974232635446,0.2368421052631579,0,4
0.74725589650635327,-0.63958284448317237,-0.1803951500991646,0.66317497896217559,0.73509021307844724,0.14085924149590295,0.042515554977021711,-0.22489144865711788,0.97345583562167748,-25.510073977473883,4.207533509913536,-2.0685529614328075,,0.2082379711973099,0.1666666666666667,0,1
0.69223102147458515,0.71916021591317203,0.060206285020535273,-0.7201800978308216,0.69375672943441402,-0.0064982345952663998,-0.046441787181828877,-0.038861088664456651,0.99816480412363406,9.0838162565954086,-5.4329295581794543,-4.0648512947732582,,0.2538694683990858,0.2068965517241379,0,3
-0.82341538730308894,0.56371047418744225,0.064943061552971665,-0.56713447051331889,-0.81381615951904263,-0.12673496305776777,-0.018590113180974029,-0.141186967518413,0.98980838948499184,11.923414062370629,31.721614606866993,-2.0846326816855139,,0.7090957328418741,0.9302325581395349,0,4
0.99800991151930818,-0.059322160530787253,-0.021379845162706902,0.059573162115846338,0.99815997732352824,0.011300355083456337,0.020670144284472381,-0.012551531358866675,0.9997075593371324,14.199350593592531,-2.7884768268633011,-4.1421244411254126,,0.09814424395507416,0.2916666666666667,0,2
-0.83493108957656004,-0.53463135846408361,-0.13061158526465688,0.55028294829970381,-0.8147991362392617,-0.18245833605055961,-0.0088742587906761542,-0.22421346554255336,0.97449965079537837,-9.0409604714268408,4.2206801530353131,-2.5928593975830139,,0.3694786220540399,0.2796208530805687,1,5
0.68452929740896873,-0.72059736737933078,-0.11026819629775972,0.72389951118347462,0.68976860409900698,-0.013739377992992182,0.085960099448000635,-0.070418086634652405,0.99380689994465454,-26.1075776373001,-2.4906582831732322,-2.4987537454592705,,0.271480545675679,0.8064516129032258,0,4
-0.90843011281409469,0.41721285216368714,0.026232920577244998,-0.41685156070058227,-0.89934722700936542,-0.13194446412052874,-0.03145642182543288,-0.13079755831056619,0.99090993145993567,16.220261340746756,5.8116388128466205,-3.6848149485186394,0.7029989588982067,0.7253439259665244,0.7627118644067796,1,3
0.079175162831399665,-0.99649958403827343,-0.026830441706570129,0.99529785162750972,0.080528939136051608,-0.053826355136555516,0.055798567511055698,-0.022442570556208838,0.99818978700973715,-7.0767747301601549,-5.1884454182853181,-3.3342359904355887,0.1414328939753611,0.1123310903003165,0.5891891891891892,1,5
0.59147106363131452,0.80608343368317126,0.019785823924991317,-0.80528858825111904,0.59177652419889681,-0.036205455936821805,-0.040893404350360776,0.0054811813162672137,0.99914848052329897,-2.2610498757052002,5.9657825522806052,-2.7287583985103487,1.049656396262536,0.7486102778317572,0.9986329460013671,1,5
0.87945460105370898,0.47467731053115914,0.035228618371568592,-0.47502625619636984,0.87996984481044471,0.0017686572154205042,-0.030160580391048221,-0.018289972421805259,0.99937771453004054,-0.51764146577596737,-12.690728062341487,-4.1061403829853305,,0.1077956620128813,0.2,0,4
-0.61814866035599347,0.77842345805728452,0.10931218434478794,-0.78408884419768488,-0.60076133463864501,-0.15585410872970945,-0.055649960510576031,-0.18205147280187639,0.98171296372505867,21.230260917852263,-2.339459441454542,-4.4951234188009694,0.5007346937371049,0.3626904061896294,0.7575757575757576,1,5
-0.5756625131511498,-0.81064508837278926,-0.10708506735102712,0.81697023320739326,-0.56472037838807865,-0.11683549240826736,0.034238998314193338,-0.15474312563179338,0.98736125914689565,3.5023300272069009,-17.32628572329816,-4.6325068244935226,,0.6182953714208606,0.8935185185185185,1,6
0.98141703532514268,-0.1911926884574402,-0.016308238838807058,0.19103277581563755,0.98152345777491468,-0.010871080983392584,0.018085390174938452,0.0075536559354589762,0.99980791202321895,8.0861810703593147,-19.376265540551454,-5.0014552321066761,,0.07906644872083349,0.4444444444444444,0,2
-0.94565284481317469,0.30900725787246658,0.10126801903309765,-0.32420044466751918,-0.87179648043061808,-0.3672396606933539,-0.025194617959632997,-0.3801123666640242,0.92459711222507213,21.794698626332316,4.0899293997952402,-4.0404385964296896,,0.7809465020871369,0.2857142857142857,0,1
0.99981426573517407,-0.01689820520434647,-0.009267399489970728,0.017268615269152129,0.99899078733565372,0.041463257773325692,0.0085573920747455175,-0.041615591781963709,0.99909704912061292,-24.423670677875677,-11.981970344485775,-3.2161583528665765,,0.09346350545772789,0.1904761904761905,0,1
0.041992919953827111,-0.99819540449820865,-0.042924691174288758,0.99738722858231588,0.04440912570360582,-0.056978467995618988,0.058781892914722599,-0.040419846522443952,0.9974522169369634,-17.645332527387982,-1.8064768905025466,-2.6964726498236455,,0.3509733123831989,0.9157303370786517,1,5
0.95355785130668658,0.29927588861662452,0.034078830732647225,-0.30112536643367788,0.9498499446144455,0.084312492586320717,-0.0071370793436763037,-0.090658839660922669,0.99585643387477163,-0.11809113556278482,-14.392759239425745,-4.2475043919057907,,0.1621027273736542,0.2058823529411765,0,5
0.65602916820048585,-0.75369818848271253,-0.039557188323427701,0.75316518294133183,0.65714363944236476,-0.030073981202903107,0.048661459854055532,-0.010063688107241592,0.99876462918274767,-0.49256388276241786,4.5971281148064183,-2.9052913214195932,,0.08665784991071039,0.3857142857142857,0,4
-0.54544639697272079,-0.78699138394752244,-0.28832757346782095,0.83707503979407827,-0.49411963535064019,-0.23484284897499905,0.042350983261558846,-0.36944600086252805,0.92828661881094987,10.716369833832431,-16.816110948579706,-4.9708928010482705,,0.2540595504159937,0.1428571428571428,0,1
0.31146031509617467,-0.90446636512447964,-0.29143278209340601,0.94866259401515896,0.31372359530501814,0.040209308192539366,0.055061373363011167,-0.28899498284123271,0.95574585798525669,-20.1025358174976,-17.124488339725882,-3.7043886442985672,,0.3764977662862917,0.1071428571428571,0,1
0.80339371563759421,0.59407178250432702,0.040463006637568848,-0.59544141105411941,0.8018515962093834,0.04983516487725595,-0.0028396612297370153,-0.064130608047916982,0.99793747371040475,11.698931026365681,-11.265285811494186,-4.6034124908827101,,0.1996257663342451,0.5833333333333334,0,4
-0.41982423449169765,0.8946747348475641,0.15265887120931285,-0.9061665272999313,-0.40371939855759814,-0.12598758680709521,-0.051086563151616741,-0.19122700137201548,0.98021548498869582,-28.237990417185909,-3.8210853040984234,-2.5534237752570803,,0.1340559024713953,0.3333333333333333,1,5
0.31828238996462294,0.94425411252074698,0.084145654825800706,-0.94620964675599017,0.32187513014547614,-0.032919674660240185,-0.05816893177900774,-0.069141677601053317,0.99590953594902387,11.62840748103668,-5.6825764642888492,-4.208519892731422,0.4620002942502386,0.3476755024036491,0.8811881188118812,1,5
0.98453766244664109,-0.17283972598312156,-0.028495970700844961,0.17474078393035966,0.98044736597892623,0.09049099942198631,0.012298359870621178,-0.094071205302504901,0.99548950706545736,9.5094376334911832,-18.596697285379605,-5.0260781784960811,,0.4283060123199121,0.7368421052631579,0,3
-0.42802096624513047,0.90166346920133444,0.061652581149525564,-0.90234299989033784,-0.42251985237648038,-0.08517091579091883,-0.050746063921168073,-0.092086712698257106,0.99445707516259219,6.3938176357193379,10.082393071547749,-2.8261494100386031,,0.1114209816883355,0.3,0,5
0.52784813463249103,-0.84829837080271031,-0.042026430474973217,0.84779843105855801,0.5292241299662731,-0.034053495504717458,0.051128925860494959,-0.017654867739792829,0.99853599764126866,10.255597301952243,-4.7711141854336798,-4.076017188840158,0.2408765655442947,0.2179443933381898,0.3,1,4
0.84105715237373768,-0.53268653125400001,-0.094169665293880336,0.54000513538346195,0.83703843620464113,0.088097162698799192,0.031895457364161418,-0.12494685164769505,0.99165062600840459,-12.402068708052246,-35.912153507256875,-5.1837248276001082,,0.3341281343419232,0.2857142857142857,0,2
0.78821668166209902,-0.59093669070355226,-0.17177977276129638,0.61408991498792631,0.77346666619312343,0.15698054847087331,0.040100362338885746,-0.22922291305283785,0.97254759116038125,12.23227978086136,-22.178423960983594,-5.4439302098820361,,0.6359147254141945,0.1875,0,1
-0.99141664392640017,0.12976931571448108,0.015904805711124133,-0.13056944517434813,-0.97654876721462347,-0.17118447721234104,-0.0066826740588002949,-0.17179182154746178,0.98511060897587999,9.4627555933075591,-16.972794475468692,-4.9038586204027013,,0.2215434750938778,0.7419354838709677,1,5
-0.82172854138821227,-0.56543031303772284,-0.071068736910569502,0.56924165065667409,-0.80850473234048104,-0.14927840078428031,0.026947122771570176,-0.16312160764628911,0.98623789913652382,-22.422300584299201,-17.257922074646601,-3.6382126770945242,,0.112303674865298,0.2068965517241379,0,2
0.97333857850368599,0.22700335122042548,0.032886017258404336,-0.22935878262734807,0.9616216170571058,0.1505935404995129,0.0025613332709436497,-0.15412119952548267,0.98804863009302435,8.2474362133662211,-22.554473682443213,-5.242450532468907,,0.2484316226087345,0.2222222222222222,0,5
-0.13550463889884679,0.98089017172538129,0.13961720470431047,-0.98919423300679898,-0.12597689396492812,-0.074997277104175239,-0.055975550224935854,-0.14827101267443174,0.98736135461011165,-7.0755262237131822,22.078374364279128,-1.3902788532906702,,0.4521320569091111,0.2,0,1
-0.55402659288978207,-0.83073397894545298,-0.054181090764182274,0.83169738903960799,-0.54946434595276994,-0.079802165330242453,0.036523792733506089,-0.089274793487029658,0.99533714077804303,-11.54976289885156,-8.968457365557704,-3.4126069222804913,,0.5915305675095779,0.941031941031941,1,5
0.28802483640427001,0.94415664706699509,0.16003099516500946,-0.95689511857116694,0.29027288037145399,0.009663693679585722,-0.03732861729245731,-0.15591626188460711,0.98706468562651184,-21.847188646818207,-15.836751510660406,-3.5545295435180866,,0.2696909139284103,0.2380952380952381,0,3
-0.45817456333405188,0.86239209569864594,0.21530430276738149,-0.88885478068793522,-0.44353459733406536,-0.11495320707101572,-0.0036398299210314484,-0.24404289427108108,0.9697576075463088,5.010710359951835,-7.4504994731516918,-4.0212633917971798,,0.3168941796616179,0.3333333333333333,0,4
0.88552609989335163,-0.464185701301918,-0.019369076243208164,0.46331035084412286,0.88541169481623894,-0.037278002673570752,0.0344535224376901,0.024036750809573709,0.99911720503760382,-13.372889715167288,-7.4621188202640401,-3.233813478451522,,0.2576187543525695,0.8823529411764706,1,5
0.58515716245606264,0.80541718275663654,0.09430936828720507,-0.80895387409227837,0.58787083080175295,-0.0012312122282589627,-0.056433366171647577,-0.075571476185260777,0.99554217749411178,-17.931384218785951,8.4899127670797014,-1.9431572709315206,,0.3217864205977995,0.9210526315789473,1,2
-0.94621584960712113,0.31910152515293688,0.05338335505888625,-0.32173596275351984,-0.91067321584054572,-0.25915297455692921,-0.034081317805202717,-0.26238999713348116,0.964359867052208,11.825915129615707,-20.790627833673202,-5.3048374455401541,,0.6924088437122891,0.3529411764705883,0,2
0.89793564965076056,0.43937586327009742,0.025698635409747077,-0.44002209611943194,0.89746383087418968,0.03064681385211273,-0.0095981254903206858,-0.03882683412642874,0.99919985635446884,-35.660600755299114,-25.332923023530761,-3.6948456291611667,,0.467902262695569,0.2941176470588235,0,2
-0.13865656440040305,0.94631988602507722,0.29198121594061871,-0.98875736656870594,-0.11561737990811784,-0.094823475570666005,-0.055975237425093596,-0.30184647550810889,0.9517118671207887,-0.029602277680961946,-19.158344189478381,-4.5957032053555462,,0.5436963435949937,0.1875,0,1
-0.94804643715790426,0.31740173054093812,0.021542851292754555,-0.31662647265676652,-0.9348140089098318,-0.1608429220042443,-0.030913262609080026,-0.1593075961639846,0.98674488090859402,-30.031593541282767,-0.53879860465512797,-2.2872278429571864,,0.2089975128247383,0.1333333333333333,0,3
0.92805496055672532,0.37167688518564035,0.023880603106999028,-0.37218600896774451,0.92788832608637695,0.022379210023646557,-0.013840697768382253,-0.029657163237922692,0.99946430038994505,-0.1015120863144352,6.2620531428682478,-2.8051324305223817,,0.07451418000205516,0.2112676056338028,0,5
-0.20798883143634742,-0.97605149462128382,-0.06375049682395631,0.97728887404786247,-0.20466360641252471,-0.054947837741639971,0.040584512563354352,-0.073731187822913782,0.99645201052645693,8.7090189950215589,15.739611833816573,-2.5685495434813892,0.1526336922578047,0.1257405518246827,0.2666666666666667,1,5
0.68777389997188609,0.71506955815658324,0.12507033827095013,-0.72261977254438092,0.6908266893537357,0.024065527304920467,-0.069193401747337679,-0.10692994096278792,0.99185596781000707,-18.625003334641558,-8.317255476336733,-3.1124247405242635,0.5253068779533424,0.2410699783408952,0.1392405063291139,1,3
0.91326165733367015,-0.40728868480633157,-0.0083109850731996893,0.40701246577247774,0.91140374015390824,0.060696582599649808,-0.017146368419172726,-0.058814536147087454,0.99812166211731834,16.27366540220261,-4.4331302359884681,-4.3772933148054403,0.6520043486759706,0.4678465044124857,0.8813559322033898,1,4
-0.72172110985818394,-0.69160120633162137,-0.028397376387935921,0.69155331332596648,-0.71870559708830983,-0.072223815613791334,0.029540724651737682,-0.071763752093819924,0.99698410693073158,0.78677312516557285,-3.7549181496503752,-3.5411718921409809,0.1213574798955988,0.109831484459465,0.294478527607362,1,5
-0.18172261702372994,0.98000550748827775,0.081031449170624312,-0.98052159853454013,-0.17433843335095087,-0.090462729695758706,-0.074527077423703,-0.095892210055774377,0.99259780313141033,13.626784656429162,-19.809448387581924,-5.3390772254051395,0.7145888557017869,0.4341886132736544,0.75,1,5
0.9514875755454747,0.29762277987544267,0.078051742336782345,-0.30397982356131736,0.9485352899849524,0.088752862042822941,-0.047619958528164009,-0.10817340039203614,0.99299086350147237,-21.4039646031469,-14.69537498954724,-3.4672127912180772,,0.4006968806516809,0.1923076923076923,1,3
0.054253306237624352,-0.98260512241899045,-0.17760560846506873,0.9969674378837593,0.063242650756194882,-0.045346388222469655,0.055789842819096692,-0.17460681693820182,0.98305643424827327,8.933498575987791,-18.264335812192279,-4.9766771605797455,,0.9754942001891278,0.7951807228915663,0,1
-0.015432695643264891,-0.99390288463494125,-0.10917365900035107,0.99943177079617707,-0.012061248189613674,-0.031474780623965991,0.029966104658440254,-0.10959736404882706,0.99352425756251594,-4.0902026642312519,-9.6717659672097849,-3.7747474935615126,0.8550207815167054,0.7148551212256726,0.5953307392996109,1,3
0.11089751025077305,0.99243199495005885,0.052730234397615469,-0.99230119126434113,0.11351433515283646,-0.049526170154584298,-0.055136993348848654,-0.0468319454460022,0.99737990798401055,-29.610637814889245,-2.2200689976907002,-2.406261749067514,,0.1211765587613778,0.2916666666666667,0,4
0.87596565153762174,0.46832896267440371,0.11555154714060545,-0.48195297305791146,0.85972033854171814,0.16912206023566181,-0.020137256191215112,-0.20383552736957256,0.9787980224208972,-26.231646543828283,-5.9173292500676453,-2.7429683936865974,,0.2352132290668533,0.3076923076923077,1,2
0.26831004187455709,0.95050782617051144,0.15666714338968057,-0.96196069440894594,0.27303739017890283,-0.0090667511575371982,-0.051394005891081951,-0.14827493366345798,0.98760984209634384,4.402711915714673,15.484478105440287,-2.3605162300828018,,0.6269456137721895,0.2,0,1
-0.33663044139116499,0.94095517247195404,0.035823307036962418,-0.94063484418029664,-0.33427421431136733,-0.058879873984471531,-0.043428514166369836,-0.053517408801184892,0.9976220983481211,10.246305720933062,-12.042941913783716,-4.591522277229017,1.062357958148232,0.2738703776868979,0.2857142857142857,1,5
0.9503381025082297,0.30725610133771497,0.049509384078225846,-0.31090524217656951,0.94443455614627336,0.10668317366820643,-0.013979317157367109,-0.11677781188025287,0.9930596766278823,18.099650260662749,-1.4654867158033826,-4.2658052603091434,,0.1915268332331752,0.24,0,4
-0.94069893985456654,0.32233815464674026,0.10575262935468241,-0.3382495511608512,-0.86737383816151503,-0.36503406144145695,-0.025937341729201039,-0.37915793402208642,0.92496838614740029,-2.2859051465474143,-19.73081413395365,-4.5336750347740358,,0.6011209330007593,0.3103448275862069,0,1
-0.80677667010932708,0.58273045806862955,0.097655608166816177,-0.58839534484878375,-0.77729699814805608,-0.22271123642578494,-0.053873209739039529,-0.23713833496325734,0.96998097268104555,11.309395827991795,4.8795073684496506,-3.4722796773635709,,0.1664483775248388,0.1923076923076923,0,4
-0.72905168524294373,0.66585704224606579,0.15848671722180463,-0.68343834198063635,-0.69554257947537368,-0.22165864036283925,-0.03735870655124638,-0.26991650454921173,0.96215872267352709,8.1529951637877485,-29.032709774098052,-5.710841547151337,,0.2160918101520192,0.1111111111111111,0,4
-0.29236398943680431,0.94797865319047425,0.12593558184949366,-0.95511501261495246,-0.28288313941149029,-0.087934305673261881,-0.047734791904180826,-0.14599178926184078,0.98813348648347654,-30.987835726985143,-1.5842090437935914,-2.3401800343249688,,0.2405864618969828,0.1333333333333333,0,2
-0.99916983551629523,0.040584369903559264,0.0035424163885324034,-0.040466928054472814,-0.9787186933957599,-0.20117690456791976,-0.0046976087717893336,-0.20115324535593956,0.97954852067398857,17.671383549303723,11.414341596728836,-3.4142460611934551,,0.3074794377105096,0.3684210526315789,0,3
0.98492138916254879,0.16963007066218699,0.033992591799623856,-0.17298944011854697,0.96806130164529902,0.18147167785712642,-0.002123859125751212,-0.18461569647229475,0.9828084929621147,14.872567905354364,18.07531453739772,-2.8011284418097739,,0.3160090226816444,0.1578947368421053,0,1
0.66952546299870597,0.73388585480940427,0.1146612685567297,-0.7414919585437354,0.66946399024123848,0.044806709154485418,-0.043878580325074655,-0.11501964128334395,0.99239364785739492,20.211810553690153,-5.4362658054465767,-4.6758619526417728,,0.2239020862262169,0.1176470588235294,0,2
0.61740392626783047,0.76721044061952104,0.1737830015665183,-0.7834470035804959,0.61960452621898898,0.047968986540114736,-0.070874427051023065,-0.16576601247946884,0.98361498803995795,13.501200406095929,15.412633018114997,-2.8854188821040858,,0.350014465166615,0.2307692307692308,0,2
0.38264289446863892,0.91999788103095048,0.084783926608899954,-0.92166493762218271,0.38648214697880401,-0.034136385639851725,-0.064172876439819934,-0.065080327021424939,0.99581443701335459,11.300368679742677,-6.9070784662606277,-4.3145331120335362,,0.2037209654266811,0.325,0,4
0.9722555369058189,-0.22517194820353925,-0.063377951199133642,0.23317537906703997,0.95452554268671119,0.18576929497519643,0.018665839196762027,-0.19539340342207551,0.98054729837281096,11.233721990490475,-35.445178760408091,-6.3180708790268882,,0.7192138561746517,0.391304347826087,0,2
0.2662620798318005,0.95686182422823207,0.11627533779036729,-0.96251908073337011,0.27039522339875849,-0.021058071785531211,-0.051589960921024886,-0.1063102652510835,0.992993758003751,19.528540266712746,0.062320405503133842,-4.2413392856867276,,0.1420434043101448,0.4666666666666667,0,2
0.42142696646574374,-0.89698132825444465,-0.13350583769398572,0.90106778323680092,0.43078742591736385,-0.049990435927383801,0.10235312378329693,-0.099230491454914443,0.98978641515097465,-17.932246331672701,-34.600763401991884,-4.9113823602370994,,0.3953291955360882,0.7,0,2
-0.76339842055771878,0.62859029397518262,0.14865091257766794,-0.64451046029749937,-0.72603975510764174,-0.23973431245931651,-0.04276818978032252,-0.27881986357400895,0.95939062201977221,8.4304389398591351,-17.523208282967563,-4.9003109476047086,,0.5903267710500009,0.2884615384615384,0,2
0.4384326464912725,-0.88483397599884905,-0.15762502786272717,0.89637288134806925,0.44327355415208758,0.0049207492453806588,0.065516960204349453,-0.14344821751225473,0.98748677804724938,7.8829808604052056,16.767825675897978,-2.4424710000385725,,0.3259031010023968,0.375,0,4
-0.71590987446399768,0.68109418884141903,0.15357004125607471,-0.69644534844533634,-0.68107797567339756,-0.22604572033436376,-0.049365253709440192,-0.26878150416104996,0.96193532773629153,1.0837084030342823,-19.585747097837192,-4.6629923427780184,,0.3758463582226518,0.2142857142857143,0,4
-0.36884790226338232,-0.91125111316615792,-0.18322836502392176,0.92772029969681147,-0.34876408737003339,-0.13303629914953788,0.057326002183650943,-0.21905483357914038,0.97402705781680132,21.137945111722725,18.033325038290837,-3.2268603918846539,,0.281909764726967,0.4736842105263158,1,3
-0.22611077793763187,0.92732612885441879,0.29822838034686844,-0.97250567479592742,-0.19738246116662617,-0.12358347993774635,-0.055737138338426515,-0.31797234906149136,0.9464602245430922,10.984585679172479,12.968692785971813,-2.9109367201139738,,0.5169252839261496,0.32,0,1
-0.05721652514877041,0.99193378619607198,0.11310894329196532,-0.99768102501254907,-0.052626200144935083,-0.043163125329547622,-0.036862468444328653,-0.11531629052753185,0.99264460486075301,9.1694355734191415,5.037855256765881,-3.351010456836176,0.4259031750297339,0.3790926915400568,0.5384615384615384,1,4
0.98046100594069041,-0.19621723985041462,-0.01396462012561552,0.19665775336522129,0.97940052571627301,0.045829447607742921,0.004684428578995389,-0.047680237123696158,0.99885166622312604,-35.672327978734643,-12.563460507520871,-2.9729174252306576,,0.3253980687466217,0.7222222222222222,1,3
0.32793731994112552,0.9065470024894281,0.26576238723202616,-0.94338021324934351,0.32911603164284026,0.04142959045529556,-0.049908791204119472,-0.26430128640077138,0.96314793389564091,7.3198872949381952,-11.828297056588903,-4.4207513258439475,,0.5856980385799161,0.4054054054054054,0,1
-0.10917549056927618,-0.99137861562288554,-0.072451036877388908,0.9925381728028424,-0.10474083434567877,-0.06242862444236514,0.054301821223165708,-0.078726095459015308,0.99541625167847514,18.22680147040786,-2.8297725838736758,-4.3698994550690395,,0.1470346601147781,0.1538461538461539,0,1
0.48444289665818002,0.83172108195290462,0.27121047493141281,-0.87367258609290277,0.47586211019827868,0.10124951549208695,-0.044847432336453483,-0.28599876557903553,0.95717992765210891,-39.745381395671146,-11.003139244751267,-2.7294209538125829,,0.5630666054089176,0.3,0,1
0.32198957403065542,0.94027750086432671,0.11045784527996537,-0.94541842012291177,0.3255130862592216,-0.015008050049697399,-0.050067205912201318,-0.099596445932233088,0.99376748933028247,3.4470205814366328,-24.083757694208693,-5.1167848615399993,,0.8139189046486583,0.44,0,1
0.25248446682244752,0.95979819923876319,0.12263364445131407,-0.96621548202712404,0.25686971096845213,-0.021109094676846605,-0.051761339863614898,-0.11316080737168113,0.99222749174295322,21.504231617749557,1.5523610258743765,-4.2416551780805571,,0.4914625461088009,0.5319148936170213,0,3
-0.9987981826879323,0.048333827351483637,0.0081259702706941682,-0.04792779081412922,-0.9285012549729621,-0.36822322900831617,-0.010252664383481261,-0.36817015176028423,0.92970189965700745,1.9909687360460662,-20.822701999472329,-4.7864982308923194,,0.5228779569254788,0.1578947368421053,0,1
0.0097288847665101021,0.99897059278251576,0.044306924480807461,-0.99939281653154721,0.011196389421577446,-0.032994531805453205,-0.033456644576834713,-0.043959022050864542,0.99847296273559183,17.5261274506029,-13.727126225173693,-5.2004852210056454,,0.09644882639480702,0.55,0,3
0.90787110083302847,-0.41883349605165077,-0.018669945296571108,0.41816555999953553,0.90782577343168946,-0.031463145478959682,0.030126876746521369,0.020757352391551475,0.999330527713025,3.304987364421399,7.1495492647568044,-2.8797076295346584,,0.08773919102310235,0.3571428571428572,0,1
-0.98242710125361632,0.16731222225822612,0.082726120454356164,-0.18556000702287442,-0.92328960911531088,-0.33630905651404308,0.020111551806996725,-0.34574979100891579,0.93811119143798938,13.048717702024142,6.6301054359232774,-3.4704414426525632,,0.6420315940040418,0.6111111111111112,0,2
0.83875149121284165,-0.53700544515963022,-0.090117078609670678,0.54328622334999466,0.83642867742387494,0.072299011757057732,0.036551545881590077,-0.10960027122162951,0.99330346070161801,23.135677998790499,-7.3856365496220366,-5.0075299404312759,,0.2017283493337476,0.2631578947368421,0,1
-0.98840026261340896,0.15033653045987241,0.021537141756344427,-0.1518686971062703,-0.97754835326836775,-0.14606545060878612,-0.00090537560656086863,-0.14764194739839909,0.98904046209617769,9.4773775496549177,16.398157951499886,-2.5707365026230433,,0.2737073476172289,0.8529411764705882,0,3
0.51890546191180176,-0.84974970293391672,-0.09307289595698319,0.85132704355188638,0.52355482346408,-0.033654297566595361,0.077326492971713054,-0.061772074525759439,0.99509035986360539,6.3095055536945095,-16.137105094179365,-4.690788520730977,,0.4515112868176536,0.2272727272727273,0,3
0.40446111307000521,0.88940912205809275,0.21298502673668165,-0.91331265621175994,0.40494136255025726,0.043387612280013962,-0.047657108783390703,-0.2120705224584358,0.97609164195100762,4.012933635384182,-21.431107289114948,-4.9405858730596108,,0.3533279287307451,0.3529411764705883,0,1
0.63679844134568497,0.76898401035667086,0.056136769727850748,-0.76957082924957365,0.63838383167668866,-0.015060618244724091,-0.047418180773096064,-0.033610642206911776,0.99830949152184723,25.366209724931455,-11.978137795392724,-5.4225947070142606,0.4346635831292868,0.4110206737088026,0.45,1,3
-0.20522732572640046,0.94537842757786505,0.25326147248563574,-0.9772938879809816,-0.18401285447053839,-0.10505201523350585,-0.052710542495844115,-0.26907043326981694,0.96167702512318887,12.256838218534472,5.8209884838772581,-3.451175459876143,,0.5606079623940361,0.3116883116883117,0,3
-0.10596207081813799,0.96682372733655109,0.23243046230429959,-0.9927948031449334,-0.089711042973164984,-0.079438074102287842,-0.055951035703957444,-0.23917317790196602,0.9693635399456334,9.1746748090617416,12.87353671549401,-2.8079201995711616,,0.1880348793050333,0.6,0,1
0.84265961557376234,0.53740270611823071,0.033512739933951069,-0.53804664991055884,0.84279969845281644,0.013945279053010445,-0.020750296409999921,-0.029782540936664798,0.99934099558371614,1.6590918932477332,-5.0446964714959615,-3.6743846654203303,0.4627479570162905,0.4721471802265857,0.7339901477832512,1,3
0.99326793458673091,-0.1132965074487526,-0.024139418421430536,0.11499823642982707,0.98947649779686753,0.087816091496243087,0.013936130734165822,-0.090000898370858853,0.99584417583907137,-32.99350347473387,-12.64367407130238,-3.0483016643138474,,0.7124635677836999,0.4242424242424243,0,1
-0.78522600773499607,-0.60201750498905604,-0.1448966544241545,0.61880117110769761,-0.7544275170784166,-0.21891603895246964,0.022477264342068523,-0.2615607867430606,0.96492524447547212,25.603062182930913,18.533516174237668,-3.5185640308284882,,0.4912026449695375,0.4444444444444444,0,3
-0.99210558560666284,0.12538263955118448,-0.0023876153874450817,-0.12492839415174427,-0.98981196398488214,-0.068302066491853289,-0.01092718365943663,-0.067464580718839803,0.99766182998333885,17.451640048470111,-5.8622747035266611,-4.5264499512840226,,0.08312399532073045,0.375,0,2
-0.71988190414776987,0.66819115966538345,0.18785797354813155,-0.6927038622054803,-0.67448692546196465,-0.25539919081014512,-0.04394773448303714,-0.31398719962109267,0.948409529216104,13.82995076309148,-16.941071583175852,-5.1585379409299463,,0.3882709387305794,0.2,0,1
-0.74768702212673044,-0.65424919418995331,-0.11367545401298997,0.66359807705086749,-0.72982412287668441,-0.16429954900020258,0.024529759021515895,-0.19827945321963072,0.97983853228645346,8.347661265122845,-24.971277348110061,-5.4351187344885865,,0.4307090279566739,0.5333333333333333,0,2
0.8853951691645231,0.46321806077425987,0.038786886864766515,-0.46483661701462453,0.88257584022155222,0.070617318977864219,-0.0015211517102459754,-0.08055379835709818,0.99674910166386355,14.959247245298405,-8.6364127380425586,-4.6195545589506501,,0.1784562537699681,0.1851851851851852,0,2
0.12586841068702093,0.97858340952233414,0.16288540081531527,-0.9919409831828333,0.12654666883405294,0.0062471184779580293,-0.014499278375027517,-0.16235901950506784,0.98662521745187282,-24.370583579710523,-5.0399679905456898,-2.7226753873973615,,0.5168289107691777,0.3493975903614458,0,2
0.97108863882514862,0.2372264037968943,0.026654997398475957,-0.23864686944539723,0.96747212817243056,0.083936600559112312,-0.0058759891619595377,-0.087871010868780089,0.9961145306641539,-0.52841131710031597,-24.437217546621831,-4.9469750196518989,,0.3685925003068367,0.1818181818181818,0,1
0.80752764251477616,0.58527226382518893,0.073181170880684029,-0.58922808322651621,0.80607326386481426,0.055282539915717875,-0.026634047978763054,-0.087762580176666216,0.99578529664230375,19.780358198573524,-8.6043811914250945,-4.8900123134721971,,0.8599004161981643,0.5555555555555556,0,2
