axis_00,axis_01,axis_02,axis_10,axis_11,axis_12,axis_20,axis_21,axis_22,location_x,location_y,location_z,dbh,dbh_approximation,score,reconstructed,number_clusters
0.30063637479473804,-0.94644239695123422,-0.11774786368966622,0.95347389190059251,0.30116338245902641,0.013716943164409391,0.022479048338736769,-0.11639332592138003,0.99294878320422153,8.6008505758149205,8.3954844894811611,-2.2478166854160682,,0.07841473299573423,0.2692307692307692,0,5
0.79664851230485023,-0.59930981861150745,-0.078605910454048425,0.60260241575332529,0.79761883522656818,0.025971565606793603,0.047132540465417726,-0.068058320634979116,0.99656740294955515,14.852325642049021,6.5623149455035037,-1.7335409407713083,,0.1207690138108694,0.3461538461538461,1,5
0.9901622148580328,0.13622261439590111,-0.031971668623646227,-0.13443422039271263,0.98952229117005186,0.052660000616924017,0.038810161747127273,-0.047843856499204827,0.99810056444250383,-11.300057083914606,-5.5497128325645981,-3.9129769564854255,,0.2252690108427415,0.8229166666666666,1,3
0.99121704269487376,-0.12229745361106791,-0.050320046815150038,0.12345873301014407,0.99213494737659802,0.020644307631077368,0.047399530744092519,-0.026675438783369254,0.99851975716605423,-8.9268595143667344,10.876383888003689,-3.8462221765761346,0.421326895416662,0.2094816410507746,0.7974683544303798,1,5
-0.44386513998280569,0.8684709741517308,0.22077568834450401,-0.89575864341994726,-0.42328613319855124,-0.13581348305774391,-0.0244987805105049,-0.25804460176055566,0.96582234042070902,-7.3128772486629057,-12.946484235401908,-3.5038177678379858,,0.4084045869995216,0.3432835820895522,0,4
-0.55554558565528778,-0.82097226039635751,-0.13180914201457208,0.83124542724780226,-0.55217583590792696,-0.064287525376231336,-0.020003548148790198,-0.14528039750453689,0.98918828549593218,2.1281367812372696,12.681421749221391,-2.850303534681379,,0.1053791114843922,0.275,0,4
0.95670448912534856,-0.25454286871508508,-0.14115398851502817,0.27970004798248294,0.93818463169692201,0.20390556639362978,0.080525794910714543,-0.23455814808700462,0.9687611013660653,-4.4845809823340215,-15.068907946100246,-3.2800875596628081,,0.4053182997610251,0.4516129032258064,0,3
-0.26415161174340962,0.94962241661731539,0.16864516557330694,-0.96426457904147045,-0.25631822765643103,-0.067043178452706673,-0.020438875197389846,-0.18032812323360736,0.98339413276250021,-16.981317872840254,-23.223945474045102,-4.2564121828515624,,0.5877537818877632,0.5714285714285714,0,1
0.86066728489035249,0.50735305629035909,0.042949982448203562,-0.50793808365330007,0.84966960829066862,0.14163495303700832,0.035365631538011422,-0.14371650225361787,0.98898677396914858,-15.534497630549993,11.31295166206827,-4.5170767904943947,,0.1360673157322845,0.1,0,1
0.3438522748262387,0.92657759383471461,0.15237970895198635,-0.93900581590394339,0.34029131626914727,0.049698066062792354,-0.0058043772612801784,-0.1601742260018211,0.98707169269983996,14.710840751817546,10.398025209140259,-1.8246007941225511,,0.262879986165556,0.24,0,5
0.33896324180963056,-0.9349944393783356,-0.10435189999946115,0.94032241741478062,0.34023316733209369,0.0059281661915055132,0.029961175029170287,-0.10013386129957776,0.99452276887565916,-8.8264299974718714,-4.0112580186672622,-3.7210603649329559,0.3148230452273602,0.2428987873930262,0.8336,1,4
0.99380549912770544,0.078185327569053983,-0.078979012759420195,-0.072776467845517445,0.99494545666572287,0.069189045290185616,0.083989378087132527,-0.063012640106225634,0.99447231814434156,-15.97097626049975,13.356662175937908,-4.5762780328491912,0.3139534183369722,0.3456069209668559,0.9186046511627907,1,2
-0.99895432371510573,0.010451533982844543,-0.044508702163779196,-0.006935798352609975,-0.996895975113406,-0.078423909006797507,-0.045190196194644823,-0.078033199601835926,0.9959260343659021,1.5962623645069378,5.7349867783349424,-2.9157293421371744,,0.07910350481603731,0.208695652173913,0,2
0.46382759281624325,-0.87811378388709482,-0.11738886953104161,0.88560965599641139,0.46311166949295707,0.034973115179551921,0.023653780843776086,-0.12018221219021026,0.99247001693998793,-10.024828016027689,15.290400351443399,-4.0257012417373792,,0.1822054931286931,0.45,0,5
-0.87492835199945329,0.48148465406650026,0.051700162146586827,-0.48234007349540586,-0.85701362735889886,-0.18131656300953014,-0.042993399120880821,-0.18357606167364227,0.98206486405554072,-13.985603584667771,-27.896767751793217,-4.0066847936750429,,0.4662175157803539,0.2,0,3
-0.088329036546737266,-0.94414706291366735,-0.31746543889724371,0.99608142331624949,-0.08229900883296945,-0.03238319424307648,0.0044474067723966563,-0.31908180257828134,0.94771674240587034,12.711193550007655,3.8317264849343382,-1.9157989132634818,,0.4975354922533428,0.2352941176470588,0,1
-0.998408295330666,-0.030392384383836606,-0.047509775692786957,0.032932738541389936,-0.99801739044272364,-0.053635092113847517,-0.045785484021447845,-0.055114347908340383,0.99742974595084155,-16.541234258354997,-13.697151894423635,-4.3426889676246478,,0.1490412483188689,0.6190476190476191,0,1
-0.11370449336025502,0.99065088956379332,0.075379726691949311,-0.99333099698057092,-0.11189716770439392,-0.027794860987601602,-0.019100225843509067,-0.078037419653650839,0.9967674465523676,12.004556149799049,15.951476097951383,-2.0547952991495078,,0.2252366632404506,0.3928571428571428,1,5
0.11466921435576016,0.99325600371974843,-0.017131326676850599,-0.99339484506166864,0.11457819941328758,-0.0062062890774746979,-0.0042015573228276794,0.017729841902429596,0.99983398603077023,5.0595278067077016,11.667310564594473,-2.6186248131254457,,0.07183219527644824,0.2258064516129032,0,5
0.66863467943250687,-0.74004359325181057,-0.072547539910990846,0.74259172410188545,0.66960695256098468,0.013566885323452757,0.038538250551591796,-0.062944492760997478,0.99727267789480867,-10.782990666635586,-3.2174344753533575,-3.8962359219829974,,0.09752776746531455,0.5988372093023255,1,4
0.54152676315828019,-0.80721085844382878,-0.23486037297443857,0.84015028332461805,0.52958416081047055,0.1169962309146473,0.029937705537997347,-0.26067459912512775,0.96496242784787933,-7.6576670537373364,14.084550146246684,-3.7365331382313252,0.4580204845237648,0.3678820520601361,0.2424242424242424,1,5
0.88312722833755308,-0.46440283326837872,-0.066455300925748126,0.46738161912249132,0.88318786233024471,0.039161485402992413,0.040505810388976757,-0.065644560207474875,0.99702059709912572,-3.0827159660097294,-16.941586199807357,-3.1216044534230316,,0.1019686840867736,0.475,1,5
-0.50142537272310872,0.86375617446746655,0.049978662035101158,-0.86140022515906178,-0.49298058893917968,-0.12231022453211822,-0.081007701395662934,-0.10438108065404923,0.9912327387228913,-9.7433098352930667,-26.122599208772659,-3.567668445044462,,0.3673706857581696,0.6,0,2
0.98636663662442647,-0.14723734160981139,-0.073498458418485152,0.15655387043986582,0.97720682305506223,0.14337960323885626,0.05071236342861371,-0.15293132514403274,0.9869347830455546,-14.116535226872976,12.13867311005029,-4.3756959826397486,,0.2594907568270283,0.9351851851851852,0,3
-0.98341913356689348,-0.17336557697870097,-0.053208875701183746,0.17501445544557248,-0.98416650293066099,-0.028039880426359444,-0.047505243075176617,-0.036887277319923507,0.99818965164556417,5.8217564609249717,10.279337341706125,-2.5509354882174624,,0.4559468776658583,0.9823321554770318,1,5
-0.95629229240134495,0.2893643406845246,-0.042110922977194223,-0.28828061675783667,-0.95707603970068778,-0.029995670230364094,-0.048983032730753509,-0.016544865398602331,0.99866257060803054,-5.2401111073264399,4.4306525725644388,-3.4676752613948199,0.3126996703762344,0.1979325374558877,0.8602287166454892,1,5
0.91005366579448455,-0.39861195255020415,-0.11362586262878173,0.40944041070250453,0.90718977869804573,0.096774250240215312,0.064504848327744752,-0.13459278104677544,0.98879922523852615,-5.9943051927044912,14.883571421267288,-3.5990987751248902,0.1936420355414898,0.4471498909474185,0.25,1,4
-0.78235177307267034,-0.61788371662510788,-0.078392703101711536,0.62255763227254368,-0.77955037749399225,-0.068725566190315363,-0.0186466530308768,-0.10257154419486238,0.99455084367378022,11.517251716037496,1.2175861510217874,-2.0213658621791293,,0.1872455195502183,0.2941176470588235,0,5
-0.97322092934663063,-0.22279688454935848,-0.056591261841224691,0.22646631011593646,-0.97151262774949887,-0.069829968535994158,-0.039421226061028901,-0.080776001128833097,0.99595241079957297,-9.5861350674786845,16.90286393241934,-4.0550386073679103,,0.1139089330501514,0.5294117647058824,0,5
-0.94751364643657288,-0.31441210867942537,-0.057990652110730338,0.31707283686835763,-0.94736759795022729,-0.044265680546780657,-0.041020798830866748,-0.06032959696347185,0.99733526649442417,10.181434980217629,5.40659855346924,-2.0861305229624563,,0.07992067908391809,0.4,0,3
-0.97948468427736468,0.19757688786584091,-0.039662660618270215,-0.19599196535212976,-0.9797668932644622,-0.040546077249395997,-0.046871129530668985,-0.031940698867640969,0.99839014867553955,4.4226193325360539,5.0784153104720984,-2.6328685782385501,,0.07826929163748998,0.3035714285714285,0,1
0.2780375850177596,0.95341390094030032,0.11703433176333682,-0.96032925081624809,0.27316820232451428,0.056096909589534664,0.02151351538441211,-0.12798854141129931,0.99154228448574599,-9.6257389924226047,-5.2443745590164941,-3.7910539681399569,,0.227486368735901,0.2608695652173913,1,3
0.063566683358807177,-0.99310943921566119,-0.098452620622901971,0.99793022476782767,0.064214773128041538,-0.0034248221775821388,0.0097233359293527419,-0.09803114124027161,0.99513584604592342,9.6265139266638027,18.118986880547883,-2.2296659349527901,,0.7036830952098633,0.9699248120300752,1,5
0.90774187754335056,0.41941205999276981,-0.009909979147049967,-0.41851157064562272,0.90693173007076366,0.04819649599904692,0.029201866204192791,-0.03960253683128815,0.9987887114333639,2.6605482135319636,16.160868803038017,-2.8518657520952222,,0.2078687151543927,0.2307692307692308,0,5
0.87140246243278774,-0.48644673403039096,-0.063461196153565033,0.48855654860232328,0.87224097026769787,0.022543038931152736,0.044387467644155063,-0.050648442598285444,0.99772966678279551,-15.756596266870227,22.391467886970226,-4.7735300152532467,,0.07161865417978491,0.5333333333333333,0,1
-0.16140849178308714,-0.98291741206275129,-0.088434494650978315,0.98688734634623587,-0.16068507510466568,-0.015286342279757208,0.00081510857868876243,-0.089742229203829973,0.9959646920928138,-9.7927115540414125,5.2023412344171494,-3.8928133542960612,0.402651382357772,0.2946407665825063,0.8128544423440454,1,4
0.9789252676875132,-0.19300037719343632,-0.066754585506336214,0.20249211676486889,0.95974433656632829,0.19464776155132557,0.026500243980275024,-0.20406288940434594,0.97859903649908431,-4.0360565344912054,23.519379607524773,-3.5485900043411065,,0.4610940767583896,0.3571428571428572,0,3
0.96866843407970116,-0.23416904205717057,-0.082742519659523006,0.23980262565665084,0.9685573907232945,0.066266745834238749,0.064623258551048834,-0.08403237838661029,0.99436532212106699,3.4021183252074456,23.013048386183321,-2.8158155014695256,,0.299954966367606,0.2972972972972973,1,5
-0.80247980274014197,-0.58609185837020727,-0.11190397556074476,0.5958244008429483,-0.79714700679656447,-0.097723758193288587,-0.0319288201204583,-0.14509646138840024,0.98890220312136023,-15.711367823633516,-14.362578553440397,-4.2929614416855175,,0.1276878378414647,0.2222222222222222,0,1
0.27666614210768997,-0.93980035702521303,-0.20057700453075419,0.96073269503110637,0.265906664156146,0.079286409022088805,-0.021178633325001087,-0.21463675102981161,0.97646430072883472,-13.494974691944948,17.554613010471911,-4.4655059891478102,,0.4227231726846054,0.25,0,2
-0.11017235409233171,-0.98963845132018224,-0.092074904628492049,0.99354052802039028,-0.10712329835029355,-0.037440861789213034,0.027189548998076987,-0.095605097244582257,0.99504793543132175,-0.50670486700762374,-5.258442200552464,-2.9396096566524603,0.5314484649002081,0.400366966877575,0.4315789473684211,1,5
-0.98048298687946811,-0.1761288289151903,-0.087359876744878648,0.19103833630542827,-0.95848428654409945,-0.21168898532919286,-0.046448536054119825,-0.22424653413823978,0.97342489459917592,3.4145082018891317,13.743241825668923,-2.7488219644735468,,0.191116556402005,0.1363636363636364,0,5
0.98947328595768913,-0.13660109269409032,-0.04777821523323441,0.13838422157422389,0.98971551043404937,0.036235557475565346,0.042337023931646747,-0.04246586724711323,0.99820049415113066,-0.50111750758920637,11.239111159304375,-3.0546617771012889,,0.06936407279269438,0.2682926829268293,0,3
0.69256207194367514,-0.7181659302447394,-0.067789919167916185,0.72038312926121617,0.69344983561663087,0.013246605568485594,0.037495647492779553,-0.058008810701279334,0.99761167510215187,3.3049793981025974,9.1805894987354719,-2.7139691206655221,,0.08395381083439957,0.3666666666666666,0,5
-0.85524456963237716,0.51818933249338628,0.0060449817523895531,-0.5110891493610018,-0.84148226092262646,-0.17520127270653754,-0.085700685643555735,-0.15292946165667912,0.98451407924804257,-0.079021794221884573,-15.537804437152225,-2.9239928832301478,,0.2919338482025035,0.4,0,4
-0.55860185570165521,-0.82525984152211107,-0.083127376823573657,0.82911241912749123,-0.55837150414826864,-0.028175517808207717,-0.023163835071673817,-0.084660837026935512,0.99614054200131441,13.043385934117374,11.725923003728326,-1.9486928269981363,,0.1445213017920254,0.28125,1,5
-0.94481006610222129,-0.32159136494529783,-0.062553441028733586,0.32492163021238657,-0.94424238066507804,-0.053218988867410291,-0.041950842804884939,-0.070606802424161855,0.99662169665294442,13.721967398596338,1.0452958150607978,-1.8781416526348438,,0.4255242138119095,0.9521276595744681,1,5
-0.4970789248708552,-0.8303091245568206,-0.25199067468246367,0.86014565952863775,-0.50976302634167869,-0.017061693029121177,-0.11428904953354715,-0.225229693097206,0.96757924662740613,-10.187241239906118,9.5119723726072856,-3.9914010736245524,,0.2578361438240264,0.2352941176470588,0,2
-0.91482945052226938,-0.39247641638447373,-0.095128013955533886,0.40256977694523666,-0.90496032480332822,-0.13778383512632178,-0.032010172561007549,-0.16434437353878661,0.98588350008444636,-11.753301163651313,-17.60236292015961,-3.8549840111815916,,0.181607726562565,0.3428571428571429,0,4
0.62477821491950347,-0.7768075228472342,-0.078881269069052615,0.78003137036570802,0.625456185423233,0.018857925686981403,0.034687799114332042,-0.073311885555916084,0.99670563559600778,3.641399631772599,20.420262024203058,-2.7573416610371164,,0.1462578256772548,0.3103448275862069,1,5
-0.084398435959750162,0.99641899935114109,0.0051070284528790437,-0.99643054929199659,-0.084388192907993459,-0.0021893687157672863,-0.0017505556827073696,-0.0052735784619020567,0.99998456234334343,-12.520010787418082,19.97107942985707,-4.3497233572276652,0.334450080850148,0.3182470226866322,0.3529411764705883,1,5
-0.88733401859430683,0.45919430373304576,-0.042177373844321402,-0.45842287007460863,-0.88832380050983106,-0.027005511295482829,-0.049867941985195646,-0.0046278360920911678,0.99874509835856895,5.3609881627999769,8.6294045697618351,-2.5315231135147278,,0.08008167383663492,0.3,0,5
-0.86561183236044492,-0.49583888521468811,-0.069713381689960358,0.49923433019201796,-0.86534680536373332,-0.044045317622987593,-0.038486870947400734,-0.072929461507939872,0.99659422756146931,-32.095582866370812,5.8857330790726179,-6.3400014838807053,0.3835523773362678,0.4918289100779362,0.9690721649484536,1,3
-0.55577929535178239,-0.82558149478378007,-0.09759390518294786,0.831325791214234,-0.5523018771659618,-0.062129424115995188,-0.0026083942007602578,-0.11566257799970077,0.99328513747571956,9.0897575681835701,5.3251718215045587,-2.1721214733890211,,0.101319161437862,0.28125,0,5
-0.58928022490198884,-0.78617129722416002,-0.18623508788717055,0.80783479421473958,-0.57685908564238397,-0.12098157119107529,-0.012319163749617522,-0.22173923137936924,0.97502817983471413,13.983339036038897,3.2910781434260064,-1.8189748347313603,,0.5159133946935484,0.4418604651162791,0,5
-0.15150850281393727,0.98843610517937497,-0.0062641482188446887,-0.98828420073590195,-0.15159726891445763,-0.017680685322647997,-0.018425855499272548,0.0035119845537934036,0.99982406142961711,-8.2044264590996558,7.3136565426054823,-3.828016386641198,,0.07283922598363543,0.2391304347826087,0,4
0.37097607241975733,-0.92107977815836561,-0.11827424047419061,0.92831513727045278,0.37120635707487049,0.020900870358522384,0.024652780909076938,-0.11754949057711597,0.99276097710300315,-4.500575323822626,11.32628587681177,-3.413710412574221,,0.4675601784909678,0.7331536388140162,1,6
-0.99672030649594601,-0.064045522817864506,-0.049465155671589107,0.066216004790543778,-0.99685394458469412,-0.043562069229031268,-0.046519580051918245,-0.046694583978472579,0.9978254078238693,15.049137416009986,2.4818780146704404,-1.7493994694262349,,0.06958983607997808,0.2777777777777778,0,4
-0.29226776430810436,-0.94871525709211124,-0.12049446006763992,0.95625491810482199,-0.28826788274202475,-0.049781114689920768,0.012493420135538046,-0.12977283513925419,0.99146504008625402,-12.456139621299734,-11.341957871118769,-3.9536906678813297,0.2586085465835107,0.3434479097004347,0.6067415730337079,1,4
-0.30786052085406956,-0.94830498065708835,-0.07706856272451526,0.95138180181998377,-0.30766075170740426,-0.014748865196971635,-0.0097245496155053956,-0.077862221390071845,0.99691670043940039,7.7167868736168224,-3.9841627061827438,-2.261381041655234,,0.2907675343363299,0.8918918918918919,1,5
-0.90205520060379774,-0.42677966629010661,-0.064463412141681192,0.42974803466792094,-0.90196536665190896,-0.042131983807413113,-0.04016269117853663,-0.065708399781107651,0.99703027257726962,-6.5301059246088959,-15.481103917068639,-3.4536439640813761,0.1630588405982714,0.183094275877106,0.4057971014492754,1,5
-0.96110925685417392,-0.26754239006522434,-0.068484055862701412,0.27420933172721601,-0.95396919461617213,-0.12145788618729687,-0.032836546452570801,-0.13551326592463242,0.99023124368781079,0.44809269848367489,-22.72205149703889,-2.8873367910420877,,0.3205662808618321,0.8461538461538461,0,5
-0.066092326932942952,-0.98438964816059671,-0.16312211657175144,0.99728079577731865,-0.059827098017763265,-0.043031764041616377,0.032600900207653369,-0.16552262364109635,0.98566700379419248,4.7466544195931144,16.218486900119931,-2.671995913134233,,0.2002826652463293,0.3333333333333333,0,5
0.2454324044278586,-0.95666935893383986,-0.15667377742901584,0.96926914852176449,0.24496067715681899,0.02261823093805209,0.016740746120004622,-0.15741030564734126,0.9873913829355393,-5.8428932417949042,13.101053227562735,-3.5399802439913484,,0.1837628290437317,0.5138888888888888,1,5
0.93578735246193656,-0.32652123066213379,-0.13298840889026453,0.34065843582853,0.93459289729786554,0.10241067531873813,0.090850762633771023,-0.14113823807624348,0.98581242469426966,11.876382209830295,9.8574543420317191,-2.0310255103595494,,0.3022739981400938,0.2,0,2
0.9930895837080268,0.11518567979788638,-0.022479721975968512,-0.10705292180080578,0.96759958630702914,0.22867162594510274,0.048091066369218817,-0.22468488989686244,0.97324403393368208,-6.7582553333752795,16.835629461977696,-3.7606429429191239,,0.2561664640129944,0.1666666666666667,0,2
0.61363770078812874,-0.78659824520467814,-0.068643811173183272,0.78892311733638143,0.6143660467743286,0.012436860662125621,0.032389614133309014,-0.0617864160783268,0.99756370808309314,-6.6421711848575491,-9.2246900110397263,-3.4295466591687536,0.09509205750457422,0.09095633219528326,0.3194444444444444,1,5
-0.12109753781359911,-0.98398192420273944,-0.13082415364816993,0.99264059635139701,-0.12006526585095752,-0.015779049758577291,-0.00018113704395838351,-0.13177216996928806,0.99128001211108752,-7.4341802997074442,12.68595384182731,-3.7005650289967433,,0.08771262846079202,0.25,0,3
-0.25855778562565046,-0.95723457578330029,-0.12980692746276887,0.96599211725192891,-0.25658247355256375,-0.032010368207551682,-0.0026647513008324804,-0.13366899861453399,0.99102245075976547,19.012192333603558,5.5692563964024231,-1.4295356484924906,,0.2288410928097808,0.3235294117647059,0,7
0.70713421296115686,-0.68334332119296481,-0.18166758170013195,0.70682141209284444,0.69008620533197818,0.15551373128308879,0.019097022461185033,-0.23837561660429912,0.97098525691260484,-10.070223383578274,12.410777748066618,-3.9593651154770781,,0.4213211495181624,0.5135135135135135,0,3
0.90060494677231273,0.43403312059458155,-0.022934255518113806,-0.43315819016026147,0.90063843299069857,0.034991360607248806,0.0358428813898568,-0.021579231844282922,0.99912442899104625,20.012027995701285,6.410892289518082,-1.3549302002121357,,0.2787586144695696,0.4285714285714285,0,5
0.89834555344963463,-0.43312703930872198,-0.073322809663366281,0.43688237750267328,0.89833926683465526,0.046047257145082739,0.04592444691970838,-0.073399792115744447,0.99624465654400574,10.631169969252241,8.7876229433061894,-2.096522268292516,,0.1027094638668191,0.3888888888888889,0,5
-0.92709819690684703,0.37385503417824867,0.026857898496592595,-0.37100294069700585,-0.90510325418520332,-0.2077135461579942,-0.053345583568340321,-0.20253521343938102,0.97782091204413157,7.9107766027280855,20.302687187726995,-2.3773104972209054,,0.2861067946889392,0.1333333333333333,0,5
0.6766111450471316,-0.72929017473070057,-0.10165234596050537,0.7350725231298908,0.67707687192679877,0.035146767152589256,0.043194260469028654,-0.098502540795079543,0.99419892643245611,-20.918519667508988,-0.18984358946217744,-4.9523953375658358,0.5164017383011938,0.418856622344889,0.7515151515151515,1,5
0.90107337968335022,0.43207976742225712,0.037065334348345427,-0.42988039377638876,0.87866836227857104,0.20771315841167229,0.057180516547889429,-0.20309845817982869,0.97748729138147594,13.162207039434424,22.643717392654036,-1.950117348737374,,0.370122005680761,0.391304347826087,0,3
-0.30072071120952354,-0.93255542229039956,-0.19976846149083041,0.95360753078141891,-0.29091338658175103,-0.077473084000204653,0.014132624901426831,-0.2137984702104104,0.97677555408040617,-4.9693911138570313,-16.631852435175777,-3.2848070522322774,,0.4351574558862102,0.2727272727272727,0,2
-0.92466781598449765,-0.37571686204964683,-0.06185684807702585,0.37839084271177509,-0.9248226299880663,-0.039031694990442192,-0.042541746959079509,-0.059497417032345339,0.99732154149609509,12.815416881850043,8.0320547217467642,-1.9232099513369583,,0.07216236113453413,0.1,0,5
-0.91261319083822146,-0.38893554670070185,-0.12596151960304114,0.40733137272418657,-0.89135142105618437,-0.19893163895105306,-0.03490439374507262,-0.23285571647212877,0.97188471466709547,-10.088719295494021,-18.341704742652535,-3.7292409009693075,0.4711858246794208,0.5327368553550023,0.2641509433962264,1,4
-0.92776055046396877,0.3670726306286976,0.067216403103124267,-0.37033301463382817,-0.88344296525366983,-0.28702262178445825,-0.04597629035725681,-0.29118071877638296,0.95556264563756055,-26.144430801427738,6.9431867343661633,-5.7259891968097492,,0.5920424248426448,0.2,0,1
-0.81144455534878746,0.58281839293435656,-0.043364207040179417,-0.57763484475073335,-0.81108133028438356,-0.092114395150333497,-0.088857862480513805,-0.049697047412592114,0.99480374132482308,-15.063735127331478,-10.466024587019758,-4.2028981908741825,,0.2232710943000357,0.5263157894736842,1,2
0.97765434738991819,0.20710229073241801,-0.036064084668515024,-0.20620358935817973,0.97813338971121511,0.027113680455651584,0.040890790716199117,-0.019071263865643732,0.99898159649173257,-5.8999691379920023,19.064526389822891,-3.6788187030223645,,0.2914754879339921,0.5625,1,5
-0.012192314102439948,0.99937272992633197,0.033248972261049441,-0.99967497038162711,-0.011437969835694062,-0.022784346348502953,-0.022389753668100768,-0.033515959267583863,0.99918735951024373,-15.707871418604372,-21.887612607744952,-4.210178661080354,0.5292959521050308,0.5085477074008726,0.9038461538461539,1,4
-0.99500855574035985,-0.091212252323527587,-0.040475906778638222,0.09315644161481805,-0.99444149039399998,-0.0490713721901627,-0.035775010679926757,-0.052597026617762457,0.99797479998335725,-16.753610466505481,5.4226838446702184,-4.5726745920135228,0.2333741788916486,0.2280519879363678,0.78125,1,5
0.45067387590771252,0.89006634414773034,0.068373683459453202,-0.8925824724248439,0.44811514926229307,0.049893315399813336,0.013769077466275854,-0.083514765264152219,0.99641140925252381,10.354617279923247,15.902914846881592,-2.1625690482007944,,0.4181315898071165,0.75,1,5
0.90613283950172918,-0.40327184788020215,-0.12765223806820486,0.42175555077257898,0.88442717776612112,0.19977693215477602,0.032334696056297109,-0.23486247877415953,0.97149065023550563,8.4593427989812771,-5.0854507295583922,-2.2175909417759465,,0.4160416440982315,0.3333333333333333,0,3
-0.81588534034314675,0.56213224412599649,0.13541953894109623,-0.57664381572104295,-0.77379335425548434,-0.26215597399396184,-0.042579586703300157,-0.29197805572323071,0.95547673638464814,-17.93752276797219,-17.625614749888605,-4.3517140833202577,,0.357539321180843,0.125,0,1
-0.51307811309833917,-0.85246421760989599,-0.10027765231693649,0.85792131284841078,-0.51297189185169545,-0.028824627153749841,-0.026867653784947126,-0.10081962043591172,0.99454187107192804,-8.7450038561915413,-12.137359161753585,-3.6146498607665092,,0.1810044712937021,0.448,1,5
0.77155307716614607,-0.62724065077969371,-0.10618387412841414,0.63616395561356864,0.76102407616179313,0.12703455073399558,0.0011272504379590427,-0.16556425191313837,0.98619836128179328,-14.320106761700625,4.9108748702193727,-4.3474447875815239,,0.2846458549501818,0.5555555555555556,0,4
0.60681968501409,-0.7650768493673703,-0.21546991539771845,0.79475503518245327,0.58798780509006843,0.1504485796460121,0.011588957310280397,-0.26254095990428405,0.96485125301312558,-2.174769407395897,8.7877606306812446,-3.2356418990084639,,0.2927597412391781,0.28,1,5
0.30904771991008939,-0.94627916370815324,-0.095106525276520734,0.95102561451894441,0.30815502740536932,0.02430554697308537,0.0063077212398552447,-0.097960315519064256,0.99517033177047942,6.0440555039692603,17.910555308610274,-2.5686626793662231,,0.238703358797085,0.3714285714285714,1,5
-0.96494549080503211,-0.25139379750367419,-0.075374785914897963,0.25856726820122672,-0.95983922200851435,-0.10886521808660478,-0.044979635280756769,-0.12453845378344322,0.9911947366381838,2.0157039901768337,11.562316255005317,-2.8537406886006633,,0.08237888902901623,0.1363636363636364,0,2
-0.6410521798676001,0.76743940101866714,0.0094270064765055069,-0.76621785330061309,-0.63922631565907662,-0.065573764969866583,-0.0442979002933424,-0.049259345641537625,0.99780319346881685,-15.520641968573585,-22.773455617545626,-4.147349941583431,0.2322143371113241,0.2109325707469194,0.4571428571428571,1,3
-0.83626106393282629,0.54831160838581505,0.0046704452998192984,-0.547386109817113,-0.83428901637001163,-0.065804893006880291,-0.032185085509062815,-0.05758660672170119,0.99782157873893229,-4.081453489589391,15.677871819781545,-3.4643240100130726,,0.2634040283005377,0.5609756097560976,1,6
0.60146332393742485,-0.78512858179343559,-0.14769895060281996,0.79808176369255301,0.59885671286752762,0.066604323544985466,0.036157549965802484,-0.15793589682060832,0.98678715236668035,-2.1876169084753876,21.387557520923693,-3.3068355147658464,,0.5914592735684637,0.7,1,5
0.57258895520951325,0.81105966318928424,0.11968337862611982,-0.81951457898531999,0.56209904893886375,0.1115370521958456,0.023189290687556315,-0.16194715783029329,0.98652692556670651,9.2656361689217679,14.373905254209298,-2.2464552455095492,,0.2567023291695418,0.1764705882352941,0,4
-0.87445509674561728,-0.48198259123150961,-0.054964220410872927,0.48379934606582814,-0.87479491777388518,-0.025923822697680489,-0.035587589436381004,-0.049260872776914738,0.99815173690745351,-0.4200365422799815,7.7816838865198301,-3.1057247138455808,,0.07380421808094581,0.4698795180722892,0,5
0.2812422967172834,-0.94811919690513202,-0.14823211189602722,0.95915946838963451,0.28259995162618823,0.012263015101974813,0.030263587621145133,-0.14562711217642432,0.98887656432107518,16.589641338825714,10.35540347230326,-1.6754616071384369,,0.2012634197384106,0.5172413793103449,0,5
-0.91623015308112521,0.39748327249996118,0.050292690002228246,-0.39924696964843875,-0.8952897736672254,-0.19763116756581642,-0.033528552182838074,-0.20115483899128739,0.97898547841064121,21.373159118569745,5.5940737562970009,-1.2512795348254846,,0.4715676483543268,0.625,0,3
0.94495688922821852,-0.31136093415970817,-0.10055270349085642,0.32408665254287267,0.93294446206789361,0.15678798531903576,0.04499243429379593,-0.18074567595392341,0.98250021958281308,-9.030932240899892,8.5638561909304478,-3.9079151183001981,,0.2450620566229852,0.2195121951219512,0,3
0.99837005161281533,0.032897704997086274,-0.046636692084135338,-0.026352254157188119,0.99054899452528233,0.13460404208562377,0.050624092519873674,-0.13315566248146601,0.98980137947249913,17.82262509015483,3.8780666801465031,-1.5427801239517631,,0.2066912039172356,0.4074074074074074,0,4
-0.96722140050665806,-0.24719994068886464,-0.058094334709690207,0.25010012144863231,-0.96695877127363561,-0.049403075899800947,-0.04396238907656308,-0.062313112427513181,0.9970879521718623,3.8486146851313294,7.2767986739997426,-2.7100675025730605,,0.08233324194071044,0.4411764705882353,0,5
0.95109440783046617,-0.30418059366179639,-0.053792135421189241,0.30540766640073203,0.95208574659904921,0.016090010148851728,0.046320456574538087,-0.031731649224205884,0.99842251464008858,8.0906041317686341,3.5902579351298329,-2.2720628887991707,,0.09851774558161248,0.2833333333333333,0,5
-0.82973969489889066,-0.55435524978116379,-0.0649791947407692,0.55790738892169023,-0.82030253615212767,-0.12586935516228429,0.016473739577806141,-0.14069117322153046,0.98991646601209315,-12.904500426701272,10.529332388490811,-4.2607609007458844,,0.2813122374374114,0.4827586206896552,0,2
0.079841901147271271,0.98896756649198481,0.12477348776126702,-0.99679576424588801,0.079821423529592817,0.0051715304471259159,-0.0048451215305232364,-0.12478658891335662,0.99217177546265811,0.30306306520888615,5.4109564347446995,-3.0108691358342736,0.5172818553210249,0.1757713706553663,0.3137254901960784,1,1
-0.33845094780677992,-0.91296283247914445,-0.22792503688789786,0.94095362543415906,-0.33030907567709694,-0.074176743711581977,-0.0075650982151043034,-0.23957207900128749,0.97084910683998482,6.5290678969303766,7.7052200035063088,-2.3761396281761709,,0.2269333475656345,0.1944444444444444,0,1
-0.31368503043158769,0.94812318792663963,0.051615135367063324,-0.94949536118950528,-0.31276636384209078,-0.025214296115659833,-0.0077627806065319917,-0.056917678842546761,0.99834869513233282,-9.7390875349392427,-7.7657569763477579,-3.6783602222938256,,0.1755201190120832,0.1711711711711712,1,5
0.99510345139466383,-0.092350090551325037,-0.035221893725235077,0.093863195860452192,0.99461050657569938,0.044041351842271301,0.03096484272997499,-0.04713174073163863,0.99840862252402207,-7.0314696718374057,-0.96121489720323994,-3.5848691418764398,,0.1090558865443133,0.1811023622047244,0,3
0.42520534247761227,0.90485052637318353,-0.021117330576281505,-0.90508102486403308,0.42522036459536455,-0.0039974947724459396,0.0053623837579055171,0.020812651334143815,0.99976901251482841,-2.5887511013214239,15.424147721007182,-3.2860543117390981,0.09758627997500763,0.1112909898335982,0.4090909090909091,1,5
-0.33479392904049288,-0.93919346845021867,-0.07634562134187621,0.9422820388870482,-0.33405050635123851,-0.022689609898553783,-0.0041933600485485239,-0.079535451384454559,0.99682321787996797,8.2746529072959429,15.599130861420349,-2.3456818550067684,,0.2329736319961115,0.8513513513513513,1,5
0.17551970699415628,0.98378889778335632,0.036772776002002856,-0.98434088488243399,0.17475452142956632,0.023105834518343821,0.016305054601299451,-0.040252476173910201,0.99905649657880546,-5.0892039438988377,-10.038634786942929,-3.281110487162072,,0.3583431429051494,0.2,0,3
0.51304276715377539,-0.83822096439737892,-0.18485868634155575,0.85780264516835747,0.5084576204923178,0.075136343439506217,0.031011949525407645,-0.19712042767815494,0.97988866509344574,-37.772294209248408,5.4815248243817365,-7.1032334317851316,,0.3704715790828856,0.4210526315789473,0,1
-0.81200981864802946,-0.57722642072019625,-0.086311723663385923,0.58273686041022987,-0.81007455978081977,-0.064783941799945483,-0.03252392870521309,-0.10290221969647513,0.99415960853532759,13.387812444104354,4.9084116303448688,-1.8508421455582129,,0.07462410713497676,0.2142857142857143,0,2
-0.062454815675133356,0.98392027741640309,0.16733285298414613,-0.9979824437099456,-0.059648143632172981,-0.021751804705843068,-0.011420947671300872,-0.16835375448758005,0.98566047668770063,17.203547386381501,9.7189569221083989,-1.5987800915794785,,0.3793641209988983,0.32,0,1
0.52045032359364096,0.85018981251952264,0.079427598221870593,-0.85388848575317033,0.51845668340693718,0.045575446556652646,-0.0024319887815957364,-0.091542067481018771,0.99579824026349251,2.0973535640476504,7.834227889482932,-2.8595748175007158,0.4300646259238241,0.4436706628410607,0.4724409448818898,1,2
0.90326004730683751,0.42515819979374703,0.057980963146450418,-0.42740585994502078,0.8794831041821447,0.20936499311679649,0.038019966121856763,-0.21389243700112251,0.97611705628465162,-3.2976323270640524,-10.339938398402237,-3.1318910298679445,,0.1134181600869409,0.2857142857142857,0,1
0.35908636895816037,-0.91967235206264042,-0.15893314468673375,0.93299738570786006,0.35809220968744215,0.035858717537910818,0.023934449873406136,-0.16116058517123635,0.98663793151111001,-19.460341172621607,5.5435356890891718,-4.8787280523946466,0.7677196769482562,0.4514317595641908,0.2941176470588235,1,2
0.09501301790113939,-0.97337790939346147,-0.20858564651992109,0.99539242988295062,0.095611551743720449,0.0072347567252952112,0.01290104495899869,-0.20831196959842124,0.97797734450292517,14.955423209932976,4.3255931066179523,-1.7381044455912731,,0.09676862278180492,0.3333333333333333,0,1
-0.99491311693969242,-0.086638945516945801,-0.05139633120232108,0.090112270079933859,-0.99349482057079297,-0.069626290149986877,-0.045029640486995239,-0.073903549432492083,0.99624826065539129,-7.3278659812339138,4.8290644713563777,-3.6658995845405742,,0.08659730305061804,0.3444444444444444,0,3
-0.2419441241083477,-0.95877623346663521,-0.14903414021282538,0.97028968558356632,-0.23922862633009773,-0.036160619385705001,-0.00098329018495456983,-0.15335513843280926,0.98817065057441633,7.910365870611078,18.574176427517216,-2.38210129465436,,0.08818361049910695,0.2857142857142857,0,4
0.02380731554201675,0.99067023284219169,0.13418532515547252,-0.99968876629807879,0.024592195638967911,-0.0041945740045502234,-0.0074553513738634791,-0.13404370061309018,0.99094737703968927,-3.0946315266410296,-7.4973867941339591,-3.1197024985602617,,0.0960139168144758,0.1538461538461539,0,1
0.2171039278391047,0.94936070383927074,0.22711261198497443,-0.97614707525789968,0.21074895242284628,0.05217055221215857,0.001664927109968563,-0.23302174374610976,0.97247009977646159,-12.170401356094935,-22.053915678452196,-3.8155949515016485,,0.3449746042971007,0.2,0,1
0.75792889736853697,0.63267020097828564,0.15897233510208325,-0.65167453628416083,0.72335046579828299,0.22822007446373052,0.029395327733114991,-0.27657281215532104,0.96054328079684137,-13.381636534387926,13.711537939777555,-4.2785950530978489,,0.196524137837169,0.2307692307692308,0,1
0.19205614514797417,-0.95635509245868788,-0.22022573473423881,0.98048331412193701,0.17737462890324163,0.084798064541005747,-0.04203460288100197,-0.23221364763891972,0.97175609800549445,-10.240738243437548,19.668285867055744,-4.0908679956114931,,0.3110450703734738,0.3125,0,3
-0.59991103057267237,0.78001031317935898,0.17801872578768982,-0.79930360768140585,-0.57459848048140583,-0.17592705583834595,-0.034935628586348147,-0.24783159113054554,0.96817302394405647,-7.3715740918878003,6.5411510131843169,-3.7266629603300285,,0.07800697280812495,0.5882352941176471,0,3
0.97280804622041372,-0.20710542013902497,-0.10369112863624404,0.22537058903038609,0.94966654502067172,0.21758113628850284,0.053409763235919137,-0.23503361082521207,0.97051872675056849,9.5226753083953302,-3.8017871610905356,-2.1248031553759574,,0.7695067867315242,0.2511415525114155,0,3
0.90992659298549783,-0.41087606178100744,-0.056696183585267734,0.41342484867561902,0.90946088185110319,0.044280908754854929,0.033368995719770721,-0.063731987556831252,0.99740901534260762,-9.7549277149618607,13.249969447769892,-3.9229469982361382,0.3271900040233423,0.2241256794993821,0.4333333333333333,1,5
-0.99070235402255391,-0.10811346670162492,-0.082585253235235634,0.12747189869359193,-0.9497698887695597,-0.28581125490454373,-0.047536941189163621,-0.29368118207405813,0.95472069345854405,-12.422845840719207,3.8205652717187499,-4.1038482514930807,,0.5631758084041854,0.2139737991266376,0,2
-0.7167866084661344,-0.67317371218917677,-0.18180789625607566,0.69644537092779712,-0.70400172407636041,-0.13908780611813221,-0.034362817650181697,-0.22631554457207634,0.97344772383943901,12.447271822665668,-6.5000897247771103,-1.9038219192102841,,0.3918356129216275,0.3636363636363636,0,4
0.38970721606990272,-0.88969591894877398,-0.23784334665687581,0.92066295891844763,0.38269426890425462,0.076972804440053291,0.022538895682236802,-0.24897041662361158,0.96824879541762954,-7.3586937743272651,11.394140829740923,-3.6953879544970718,0.524877958259778,0.510192008520842,0.3798449612403101,1,4
0.89983289187230953,-0.42684364088758081,-0.090029289337137039,0.43388049557167913,0.89712202580849731,0.08318525333093231,0.045260162032300849,-0.11391477973946663,0.99245903728552853,-6.0720817231872521,6.9061497263638518,-3.6037089514502365,0.7759824469579106,0.6441508035496492,0.443089430894309,1,3
0.099508669500589481,-0.98136248524244096,-0.16439494290580448,0.99467789056875355,0.093669350353864228,0.042917907893792198,-0.026719257248610784,-0.16779071894197639,0.98546047913095813,-5.9052923970192603,-23.91666873985179,-3.2924242398072443,,0.2985170096925178,0.2666666666666667,0,2
0.87930313644273905,-0.46585936751831747,-0.099000221905785932,0.47452339522241821,0.8747035421508349,0.098596453969558975,0.04066376308890203,-0.13367409264407171,0.99019073684176317,16.825301522677147,35.710284693998055,-1.3072518864923715,,0.7245026682601136,0.5833333333333334,0,3
-0.95395143456529174,0.29994190484213101,-0.0033932595679990419,-0.29632687392370205,-0.94408897215867094,-0.14452126639007326,-0.046551522869055471,-0.13686075539780623,0.98949587636862502,-16.947731333079876,-27.469106428935778,-4.3173124706293295,,0.1570886485949224,0.1875,0,1
-0.84059788053722895,-0.52112204707841592,-0.14773968757622208,0.5412979170338057,-0.81815242608432692,-0.19396693714958987,-0.019793136466501892,-0.24301938141047741,0.96981947392681644,11.349609282516042,22.854083478942322,-2.107266960906117,,0.3311580074829603,0.4166666666666667,0,3
-0.52464159071228167,0.83823866120496404,0.14868472738044081,-0.85037104616137993,-0.50774229769496482,-0.13808273962316073,-0.040252765684937443,-0.19888113533652993,0.97919661399637503,27.667844569814864,-2.8362264434896316,-0.79800755887361841,,0.4163868087319298,0.3870967741935484,0,2
-0.96245906908633672,-0.24592047975149109,-0.11487235512628001,0.26813976485078972,-0.92712059661435842,-0.26181761942084603,-0.042114211843805469,-0.28279058854960537,0.95825668596078273,-3.4849509303761024,-8.9130541721812442,-3.1371766636068048,,0.2640465019121621,0.1176470588235294,0,1
-0.99792084011304338,-0.033502870116958107,-0.055059554684043041,0.047983014297883125,-0.95654106006109207,-0.28762272294812258,-0.043030538074349416,-0.289666632719631,0.95615982695462742,12.45023176046932,14.349597461631589,-1.9803127635585362,,0.7253215511985426,0.5833333333333334,0,3
