axis_00,axis_01,axis_02,axis_10,axis_11,axis_12,axis_20,axis_21,axis_22,location_x,location_y,location_z,dbh,dbh_approximation,score,reconstructed,number_clusters
0.78581403807992889,-0.56037598150008294,-0.26167739091166564,0.59439762504544846,0.80118384545597554,0.069252502631370616,0.17084425918610324,-0.20996000842588144,0.96266766537832615,-5.8092240641157185,23.334123021511317,-1.4187575971727551,,0.3753400764429817,0.4347826086956522,0,5
0.10054893618314711,-0.88501520390052912,-0.45457452667009707,0.99185512648097007,0.12506915251687861,-0.024106330333116061,0.078187719661446456,-0.44844820877512165,0.89038243723724031,4.352509777584066,18.048822416341473,-0.42824099230043716,,0.3326470969224125,0.25,0,1
-0.94824473786917984,0.29862342864793795,-0.10796279435973226,-0.26511096634352199,-0.93165657077711861,-0.2484596740966746,-0.17478012652420147,-0.20697845779300733,0.96260678648231734,-18.98880723473135,3.3734840675096209,-4.6229551152373096,,0.08592184996335142,0.375,0,1
-0.8910779303578471,0.43399473052646009,-0.13277309932528544,-0.41739158854254832,-0.8985262785164051,-0.13577477169706229,-0.17822565427879575,-0.065567527715529011,0.98180268662607029,-9.8741356818789345,12.822544633410457,-2.6414546593830992,0.2271278047741825,0.08924522309200071,0.2941176470588235,1,3
-0.76673939616052778,0.6295949761235029,-0.12538287130001352,-0.61993360799608743,-0.77689489212117235,-0.11007564795624282,-0.16671238721925652,-0.0066702800600220722,0.98598300558963914,-1.6656063794933955,10.076270347941261,-1.6017912683498743,0.1422709876961427,0.1007986533380422,0.2753623188405797,1,3
-0.94608191797129593,-0.24325620184946734,-0.21390517700496153,0.2915631317015015,-0.92720388924030128,-0.23512526025519037,-0.1411380342790903,-0.2848146204804613,0.94813537389995306,-8.7314090433579032,10.159945925341004,-2.618217348345381,,0.07547293034230924,0.2666666666666667,0,5
-0.26837711976307332,0.96037362582524999,0.075207848040894323,-0.95702171649647316,-0.25690154481564992,-0.13457722848045056,-0.10992340852531683,-0.10809299279138296,0.98804491252552928,-11.758649211654296,10.471173538257101,-3.0497961728857637,,0.2794919631781562,0.2,0,3
0.95154013061168607,0.29353594234117247,-0.091695312799369613,-0.27815959597929718,0.94868387761404682,0.15041987740923493,0.13114350536770236,-0.11762461863510934,0.98436061994109425,5.3334128720694691,-23.423096234946239,-2.5806957105327153,,0.7269664753055523,0.6097560975609756,0,3
0.98662705766411118,-0.010706517040859098,-0.16264199819822897,0.018498712508259491,0.99874831621805571,0.046471480363076523,0.1619408741503999,-0.048858687502355627,0.98559016935790911,-4.8807524761951866,-30.183351140279239,-4.4177784100787543,,0.1493755565549341,0.52,0,4
0.13703022578080248,0.98677928625479738,0.086541073721876347,-0.98577242757756567,0.14443084426001729,-0.085979371096630341,-0.097341862784188229,-0.073528031694120505,0.99253120369331094,0.5289655917688677,-26.348416634687752,-3.4310827796893646,,0.5192104476176511,0.3076923076923077,0,4
0.97169262311881199,-0.15778720876032379,-0.17583129109493101,0.16164460946977852,0.98681865692073312,0.0077432927443837852,0.1722918059741877,-0.035946280819974141,0.98438986102527803,-8.8080829403829988,-28.202789845959948,-4.9309928822102718,,0.1211656838108912,0.5416666666666666,0,1
0.89433059102604773,0.42312046021644661,-0.1454024418681592,-0.42735032757310493,0.90408302427619724,0.0023627819971754221,0.13245562078734521,0.060024672942287569,0.98936977271392879,20.19343172475871,-24.677936495198217,-0.9480186146445001,0.6966100408406746,0.7043142943767698,0.8666666666666667,1,5
0.97121184053013276,-0.15904294155845239,-0.17734966465857102,0.16441320801451229,0.98626321525377203,0.015911230865948815,0.17238288152960426,-0.0446118031212316,0.98401927276747148,-7.9935733740764556,-28.70403771203517,-4.8402969873637121,,0.09395444582396334,0.2666666666666667,0,1
-0.018130632283986307,-0.9444037232304594,-0.32828781232545134,0.99678294048940708,0.0085649553266499215,-0.079689466616018167,0.078070799421268003,-0.32867651131271963,0.94121023219524436,-11.074126184248652,13.995379499252994,-2.7384932375517321,,0.2468533118159358,0.3529411764705883,0,3
-0.85218852905138398,-0.44038681047309691,-0.28254940827149577,0.51111969274842128,-0.81617849538769771,-0.26946117225202409,-0.11194360472130289,-0.37404828675988883,0.92062832268727979,-19.195392775487608,7.2063477182306093,-4.4762541554460809,,0.3261625098339992,0.3090909090909091,1,3
-0.97310819305746843,0.20515763268665724,-0.10474154073162976,-0.15219409156038932,-0.91395454772405194,-0.37619681443179742,-0.17290865536038619,-0.35013915868541617,0.92060043800583347,-9.994164047249221,10.25880764740424,-2.785619404004458,,0.1192917557691131,0.1666666666666667,0,3
0.65150635999444828,-0.71608637910595441,-0.25051898240594267,0.73543522887627544,0.6772003168493167,-0.023124769985607758,0.1862108670687245,-0.16917455044453369,0.96783546353055527,14.598238354718962,-20.440792207794992,-1.2607386716198996,,0.1651010254492161,0.4166666666666667,0,4
0.7597644127408042,-0.59687121670559917,-0.25788134442219462,0.62870186319655497,0.77553400929833893,0.057279731448607457,0.16580712996069008,-0.20564958324786839,0.9644771871662785,7.7759016027037635,-23.574616571174069,-2.3531584396414287,,0.9668841624194755,0.8125,0,1
-0.54036885993148553,-0.81104597858836114,-0.22406676646034177,0.83940265017708071,-0.53806974116409112,-0.076708177655976623,-0.058349688020069505,-0.22953294809080185,0.97155027643900405,3.9226321829812703,14.777785651498704,-0.61826892394973354,,0.1277839705874566,0.7058823529411765,0,4
0.80671280195775175,-0.5047364532830354,-0.30733624564105189,0.56588095294207863,0.80966079647117817,0.15565391660676009,0.17027390362248618,-0.29948373475853657,0.93878447492501726,15.787319457678791,-23.197862019775133,-1.3141488228011085,,0.4986339739267214,0.2857142857142857,0,4
0.98388641907709973,0.09017802331944294,-0.15438730020904967,-0.081827376770910537,0.99486120055646554,0.059627779081058353,0.15897105008910484,-0.046033854254733338,0.98620945518486136,2.1622931723337886,-23.351743601247122,-2.9912855151200874,,0.1280470872461937,0.2682926829268293,0,5
-0.86937090960992724,0.49034427654474583,-0.061292022187379211,-0.46257686059934133,-0.85115350608324358,-0.24811359720954551,-0.17383000190434869,-0.1873504724894306,0.9667900138581913,-4.3295716930665407,-29.474616866283316,-4.290148042290272,,0.126496258851147,0.2857142857142857,0,1
-0.54482685654306073,-0.76918173259382905,-0.33395083265858477,0.83367387824904804,-0.53973138723089154,-0.11695253038309542,-0.090285996226427467,-0.34212496530035991,0.93530687317245187,0.99818090517670788,10.933064531125627,-1.1488857084971975,,0.2652252043752504,0.1818181818181818,0,5
-0.94951766628078649,0.2905782261806128,-0.11823914703015406,-0.27537885946269164,-0.95256654028161836,-0.12955103278992564,-0.1502753645203263,-0.090450432865950503,0.98449785881567375,5.6250716197254498,9.0133541267006549,-0.57212118882057106,0.6908286667094935,0.4983467165754061,0.5726495726495726,1,3
0.88614260500368092,0.456752649535421,-0.078283464024435145,-0.44803528080788513,0.88758111164683007,0.10707080554090828,0.11838779814107435,-0.059806248755061214,0.99116474002113175,12.601695286897227,-20.957744140174096,-1.5792504835971213,,0.2934650927851354,0.2903225806451613,0,5
0.50915883880207047,0.85372341668140339,-0.1091494602806556,-0.86043117617800424,0.50790959568521554,-0.041061340355834711,0.020383030458306053,0.11482234286371215,0.99317690350139765,1.7966944535792921,12.718858847918629,-0.97946848789330798,0.6652944939072162,0.3286853464407674,0.7272727272727273,1,3
0.96634840729463556,-0.15883037509506204,-0.20234541671677325,0.17361359035960633,0.98313838932248931,0.057421500179202181,0.18981326866573228,-0.090619089531650265,0.97762932835041672,17.103424999077433,-23.426816065634693,-1.2146072890423509,,0.5207354006898185,0.5833333333333334,0,4
0.069430114794006959,0.99395596464287739,-0.085035283915191801,-0.99671094835546548,0.065545491507585263,-0.047655786336782663,-0.041794073599483401,0.088064345190748572,0.99523762314237529,-14.385514129734972,10.3996407735023,-3.4526391621195192,,0.1267959838153484,0.5172413793103449,1,5
0.95664798440015653,0.27556776658354915,-0.09427109823945902,-0.26229725526652936,0.95586434899032735,0.13237634308646043,0.12658903516009706,-0.10191051147675452,0.98670637163635633,0.72664374359126171,17.056300841718524,-0.9158078763655203,,0.3430116033588935,0.2222222222222222,0,4
-0.93923567758738791,0.32936606963749837,-0.096717806625805924,-0.30500674376604892,-0.93000096721762304,-0.20510750164613084,-0.15750310537951931,-0.16314470002372855,0.9739489610087253,10.494706555429037,-24.493667601224676,-2.1270302145130868,,0.4765637401176707,0.2592592592592592,0,4
-0.83622701608471828,0.54420511073201905,-0.067566078939059027,-0.51552990733188786,-0.82214439545123774,-0.24146947565788465,-0.18695799586116502,-0.16709096469070239,0.9680533649041807,4.2597117874129582,11.659050770292426,-0.67929253290906566,0.8022760503386829,0.6274901375879033,0.8823529411764706,1,2
-0.65425877116074382,0.75551836308840403,-0.033726301241788166,-0.74411817765535238,-0.6510674983400816,-0.14966379083821668,-0.13503184084544972,-0.072822494061975496,0.98816156893317919,-13.298267780931759,4.289711438525841,-3.6162772707116173,,0.2815436959464767,0.2168674698795181,1,4
-0.305710036590501,-0.91817255755026261,-0.25199311119441992,0.95202947988857767,-0.29103691725989972,-0.094537729055324454,0.013462650218965972,-0.26880600319461417,0.96310024903725255,-12.300689334303607,14.888438743929667,-2.8850526053106251,,0.1258150094226011,0.24,0,5
0.51296345460217385,-0.8343482950299872,-0.20182025870352391,0.84722660456367227,0.52991673258633287,-0.037354210532907321,0.13811435393222216,-0.15182614763465133,0.97870999082072629,-10.811112793925442,15.184086987062601,-2.6228329087480531,,0.07545401523746771,0.2380952380952381,0,1
0.15859110246348299,0.98383885165965657,-0.08312626651320823,-0.98691576230088141,0.16043984180729864,0.016010474162854567,0.029088491564319904,0.079499503934658877,0.99641040165819994,-4.3302448538318137,11.503996258297445,-1.9427093347612943,0.5852057374882945,0.4664406130658472,0.4834710743801653,1,4
-0.96343901059769965,-0.15796672740181816,-0.21640652922794648,0.20201048163573948,-0.95886557220417545,-0.19942061014563459,-0.17600294931569463,-0.23584598252995589,0.95571943286545025,-7.1982561630562083,12.324529196635503,-2.2539547182580408,0.7546408887224003,0.5201919663588743,0.7597765363128491,1,5
-0.73394517051372477,0.67239228116340666,-0.095984930647720373,-0.65724926489309354,-0.73873229051779576,-0.14932517116620858,-0.17131226014814555,-0.046510463104545409,0.9841183294425182,14.483958090323004,13.0981534522872,0.52360315527456369,0.4791880906351467,0.3896513795655713,0.6610169491525424,1,5
0.11196208453096915,0.99150103534227718,0.066258497890249957,-0.99368705897955301,0.11123313332793565,0.014602015840860082,0.0071077734943621454,-0.067475084032862301,0.99769564126075605,-16.823169010210222,10.89685382555828,-3.8851513082241707,,0.5669040983765554,0.6666666666666666,0,2
-0.94261689844232011,0.30884360181790776,-0.12684247075455937,-0.28432049837211942,-0.94168548160354382,-0.17997307560446632,-0.17502924606022069,-0.13358174782972004,0.97545921476520314,-17.721952515193124,2.9937589115405312,-4.4557914460818084,,0.07274480570590587,0.3636363636363636,0,1
0.69741135446385738,-0.67244320535792168,-0.24786596828296517,0.70398914746804142,0.70756865279075709,0.061203609657383987,0.13422623779316784,-0.21717904400709853,0.96685913137956903,0.635185868377248,-23.483566504693929,-3.2620327982094115,,0.4295622113418848,0.5116279069767442,0,5
-0.51728914477829091,0.85557098302669377,0.020254226652262154,-0.84445751146649883,-0.50644164067387709,-0.17437997568344701,-0.1389368634393055,-0.10730870232319729,0.98447010639397226,-15.872856905367124,8.9527859377835384,-3.7797707886316672,,0.09184998817027176,0.2142857142857143,0,2
0.65985541191798902,0.74990634765295039,0.047236692436644551,-0.74873059859298818,0.65093009561107162,0.12526971444985369,0.063192769310481955,-0.11802745603279878,0.99099757493613405,3.9641385056402236,-25.347667922845112,-2.8995777209180509,,0.5128013172128998,0.1538461538461539,0,4
0.98563829016001581,0.025741648456317493,-0.16689676002005563,-0.0070411710619886032,0.99371868404508079,0.11168526711159957,0.16872339162225397,-0.10890612707494871,0.97962843599245264,-3.2154555101078164,15.578761520275268,-1.5770469026236691,,0.298806917714492,0.4545454545454545,0,5
-0.82468782104169858,0.55495715475660146,-0.10914464810495231,-0.53908600175161514,-0.82964939785393144,-0.14514874906821634,-0.17110312837863001,-0.060864053636509881,0.98337138784590394,-19.507152317212924,9.2723992214726856,-4.3843511352338309,,0.06626091204617041,0.3157894736842105,0,1
-0.98012286576395447,0.12018577441120912,-0.1578434275978309,-0.092047234735440159,-0.98028345978227194,-0.17484749084518711,-0.1757454824005798,-0.15684297276727757,0.97186100205189363,-5.6513256267190179,-26.053180959695723,-4.2715958766378836,,0.1302747236473143,0.2608695652173913,0,5
-0.97276682182240226,0.18630949113910197,-0.13788938999441944,-0.17171597329624214,-0.97885313583187195,-0.1111762698917215,-0.15568665606425131,-0.08447077591452265,0.98418816957933986,-12.798160985877852,6.446801635289086,-3.4274519350664856,,0.1391465545827665,0.4805194805194805,0,9
0.5372877017415072,-0.75746233253046524,-0.37090799446067169,0.82460410114536886,0.5641132621927113,0.04247709727061779,0.17705931755083981,-0.32867467534905404,0.92769766403318399,1.1551271320191685,-19.568582394050612,-2.9256507358900974,1.045153530018978,0.704139499478694,0.2959183673469388,1,2
0.76782101649181445,-0.58384612450253082,-0.26376995571302503,0.61577039032226299,0.78618990710877057,0.052270989685198492,0.17685506222849279,-0.2025564930178177,0.9631682896049254,8.0722972194056908,-25.952821733538212,-2.5138294933018721,,0.3258194762459695,0.4375,0,5
-0.81864873666918037,0.55885554063352727,-0.13226764779478212,-0.54782005016011082,-0.82903822589982745,-0.11219987807231505,-0.17235845959084867,-0.019393418988839423,0.98484336658546601,-2.3404710657694796,7.5077615412364462,-1.8134154229754156,,0.1495426271814058,0.4,0,5
0.033462306806535787,0.99943175990345168,0.0040535563983382572,-0.99838908988929242,0.033612790299235064,-0.045710015514439865,-0.045820292591994188,-0.0025174639200762584,0.9989465266780776,-2.4347219374286264,12.219554897034852,-1.6148237901280722,0.6690142304350197,0.4738378063767041,0.7983870967741935,1,4
0.82820002704729301,0.55367936952389085,-0.086740249956350851,-0.55065374322790084,0.83272993447728949,0.057804076798708262,0.10423612746051504,-0.00010949464114560768,0.9945525716335758,1.845295310301019,-28.899637448347022,-3.3751357261314037,,0.1552556253958374,0.4166666666666667,0,1
0.93687066370884886,-0.2652801217048994,-0.22781531228162671,0.30261786645789046,0.94153218823002027,0.14812010473688042,0.17520213007328331,-0.20771036458256917,0.96237239053432977,14.989314094818795,9.4584314543459893,0.50979391450436984,,0.5939675490510515,0.3636363636363636,0,1
0.47256730703621574,0.87302363983189724,-0.12045689940889744,-0.88095687599322514,0.47173637389351941,-0.037145338685383805,0.024395142155707296,0.12367100646659235,0.99202336625643217,-18.666774368616778,8.3349593144909715,-4.2857049078866201,,0.06100455463871449,0.2083333333333333,0,1
-0.31063304587008911,0.94924798655742004,0.049349476493242811,-0.94610758250461757,-0.3037685590279609,-0.11227245821369805,-0.091583585542068274,-0.081565449565133605,0.99245127048963877,-14.893109576946729,8.5149910708992937,-3.6155773988399651,,0.2360477498214753,0.1379310344827586,0,2
0.91751275780901076,0.3738930269617155,-0.1355519961015331,-0.36761658660100438,0.92736493031708433,0.069658676945634213,0.15175106099639127,-0.014081562675917609,0.98831843303617195,12.401574145951592,-25.982801583818116,-1.909248742735238,,0.4519521464752083,0.44,0,2
-0.70933737399125463,0.70031663808066735,-0.079981849732197297,-0.68660799649080861,-0.71215898527981414,-0.14628410316949847,-0.15940498428239275,-0.048848603998664857,0.98600398826440494,-7.7848420784617245,5.2157944665774973,-2.7012761234104752,,0.1034331054293044,0.3459119496855346,0,5
0.95737303299660836,0.2761022385648772,-0.084878911104809357,-0.24957812606116311,0.93861349636060076,0.23815008595741982,0.14542226336662722,-0.20681455052580766,0.96751232912461371,-0.41847517105569337,-24.911908760148066,-3.4766640598924679,,0.2388408209334115,0.1935483870967742,0,2
0.16265190035467814,0.97968802912671871,-0.11728480249724409,-0.98615736666735077,0.15753121507658227,-0.051745187643029177,-0.032218123451383675,0.12407772508513058,0.99174931845651915,-18.958591276006779,11.427170966148255,-4.239762126918925,,0.33687672339877,0.9298245614035088,1,2
-0.98616153070646173,0.047223407113375221,-0.15891942982308202,-0.0033216692540971975,-0.96400974041151355,-0.2658461715073096,-0.16575404027671678,-0.26163938964217887,0.95082618175963873,12.309075604621118,16.220758048383185,0.46442353620414273,,0.3280738633422954,0.1,0,2
-0.016869374066914775,0.99963684374858819,0.021014395992985671,-0.99853480399702055,-0.015762536182402191,-0.051766665526474555,-0.051416625961083158,-0.021856877028934699,0.99843808395980127,-17.418364445173243,3.7281307979341221,-4.3728706544394331,,0.1594414472949736,0.3783783783783784,0,2
-0.91175160296945901,0.40089235619866687,-0.089411035247916687,-0.3729890307769354,-0.89925600419024887,-0.22851219190203176,-0.1720122013192823,-0.1749970218868592,0.969426554684792,-11.508746501544548,3.8469413117121105,-3.3724707037230477,,0.1472911980594577,0.4972067039106145,0,3
0.69430122170109299,0.71917335008603556,-0.027120215161352726,-0.7150208389626791,0.69359514248808729,0.087584120513003419,0.08179861486282175,-0.041418242876275164,0.99578788693354026,-6.1044019916804624,11.094014278635315,-2.1707113717627857,,0.4701596091607035,0.5866666666666667,0,4
-0.47695200915011537,0.87891442557259714,-0.0051199109426528612,-0.86926531229563653,-0.47256125813746319,-0.14513329785789589,-0.12997922067484091,-0.06477105702341468,0.98939886414167233,-18.892834537856544,34.373226463504977,-2.9345622291575926,,0.3629117233937685,0.5,0,3
0.20178782996116443,-0.90749616709909753,-0.36841875411006397,0.97490352458678953,0.22222311003564293,-0.013416672998278527,0.094046740654954913,-0.35646542057615371,0.92956313099522525,-6.7755771181945637,-25.469817251710005,-4.476120392459161,,0.5733741472527754,0.2264150943396226,0,1
-0.98272966003303053,0.10475285319161172,-0.15254263351463851,-0.06968148494996465,-0.97315157337367275,-0.21936386643089906,-0.17142609470711423,-0.20494598065969027,0.96364424922525505,15.927807120463632,12.669657718864324,0.67007803039837566,,0.243419678542477,0.631578947368421,0,5
0.0095097042254661916,0.996435691981023,-0.083818120187964917,-0.99814130620392094,0.0044131214203241807,-0.060782046764325311,-0.060195501286020581,0.08424034725491969,0.99462559062156408,-19.356248960089619,14.130581107673162,-4.1195186432950379,,0.0864767376345872,0.2105263157894737,0,1
0.86589307180013453,0.47567254205024512,-0.15480575230909377,-0.48601075933530574,0.87324183721354542,-0.035245362109516967,0.1184176085675028,0.10575597609293369,0.98731603020602465,3.3118882043780902,-29.6434393896557,-3.2473105981554382,0.2465089463917333,0.2388123577539846,0.8918918918918919,1,4
0.71986507989432003,-0.60462861301444193,-0.34090835582745477,0.67494327783523334,0.72437317224687592,0.14048159678061395,0.16200567414068329,-0.33122159901376025,0.92954096945373665,-18.847471432479058,-33.908252271969381,-6.7126919477984224,,0.3260641577916076,0.1764705882352941,0,1
-0.79219012464108252,0.59976290270743782,-0.1127797275980716,-0.5865193310223199,-0.799298824223586,-0.13082990457813756,-0.16861162699611573,-0.03749466803083535,0.98496917165512399,-9.4571106134729597,15.647666986628183,-2.421061741118272,,0.1128152087134066,0.2857142857142857,0,1
-0.98115833175891876,0.1219256725247183,-0.1498748090889592,-0.099594304006417972,-0.98389653262317345,-0.14842030757809205,-0.16555755080797127,-0.13069714408315664,0.97750138306755052,-7.4061970165745548,6.923581542836553,-2.5696254399597023,,0.1001393745150615,0.25,0,4
-0.97697266214599621,0.16397674427887199,-0.13651389949403023,-0.12989404154127651,-0.96468416137184387,-0.2291549841709217,-0.16926888488862288,-0.20614581279764979,0.96376965529869119,-4.5140416471508695,7.5581515112677122,-2.122782299764133,0.6340106622398334,0.4943513158120984,0.5795454545454546,1,4
-0.47463163668094094,-0.86175954679265021,-0.17915159215953946,0.87994563760778288,-0.46931185696410949,-0.073770290550690024,-0.020505714242745422,-0.19265737573377784,0.98105180865169883,2.0554045735150526,14.921841075293463,-0.86117260053361122,,0.07040330584358452,0.2857142857142857,0,4
0.57247150206658859,0.80535932068336846,-0.1538594940523545,-0.81857228089969436,0.57214770633137724,-0.050856888249440464,0.047072287646721382,0.15505923619109857,0.98678307292309031,-7.3347643757760874,-26.628530525464978,-4.6224182189904184,,0.2768703281743415,0.6190476190476191,0,4
-0.012012866465882847,0.99992475491313548,-0.002485065629025434,-0.99678715288806052,-0.01217191892795449,-0.079165751603374412,-0.079190042786885406,0.0015260738904136464,0.99685836918887027,-10.778611162913947,11.196666341424404,-2.8756645001926779,,0.415667282984871,0.3157894736842105,0,4
-0.96186746911766696,-0.2086197173921259,-0.17688636286724707,0.23107350701729762,-0.96582321888937972,-0.11743314782839032,-0.14634208624965281,-0.15382887690348368,0.97720042489896208,5.4034703849421728,11.129477470548427,-0.51086915480860673,,0.5752687022219967,0.2580645161290323,0,1
-0.17056416124543675,0.98523173172743217,-0.015043327291701125,-0.98130173075680105,-0.17122610984278028,-0.087912072673865152,-0.089189574011469777,-0.00023260583127827843,0.99601464134930229,19.876183216149574,-19.250601129219319,-0.6488940029639525,,0.2732717224141719,0.2,0,4
-0.91089319597898977,0.40451068359979714,-0.081514982505107442,-0.37258302339607369,-0.89116249485567212,-0.25886540603112002,-0.17735691753135527,-0.20542763839425468,0.9624676665673173,-14.154205970329814,3.2963914176050682,-3.7924048637598973,,0.1550354387158428,0.3823529411764706,0,2
0.94553312484351026,-0.2188119917200943,-0.24101539806235137,0.25143057991226569,0.96116486474516805,0.11377506872943126,0.20676018308332506,-0.16817673756762666,0.9638292440222288,8.4879436377384643,17.243381670394292,0.11227762043827694,,0.6417937169595029,0.5172413793103449,0,2
-0.9223107760938718,0.36399654839183287,-0.12980502709815755,-0.34480331822092763,-0.92678600454010351,-0.14892405290090197,-0.17450932366197217,-0.092597054744873494,0.98029193682678917,-9.198359708854543,5.1360278593641722,-2.9260157044209523,,0.0840579919860289,0.3577981651376147,0,5
-0.98476185079197953,-0.0031658028252122441,-0.17387948388819766,0.06745409466282877,-0.9285138447289496,-0.3651191384464551,-0.16029361290448299,-0.37128428170222266,0.91457855858471304,-17.69156100145263,-31.551057300178275,-6.4301558177811344,,0.4069051677627252,0.2727272727272727,0,1
-0.33318582538100228,-0.86350778794311123,-0.37860468291712451,0.94256981537848206,-0.29506790220667745,-0.15651541848880757,0.023438193244280345,-0.40901006497266873,0.91222881879959172,10.781778517619776,11.515727251913955,0.1229633123028879,,0.5156581109637655,0.2222222222222222,0,4
-0.85312207547528918,0.5041233309762182,-0.1343219695439942,-0.49441526972655703,-0.86341908217934227,-0.10030468378794068,-0.16654208296388986,-0.019161307210764304,0.98584815205386667,-0.9849870172179559,18.12615658857106,-1.1261181500459907,0.3003676397552658,0.2129166535834638,0.6818181818181818,1,5
-0.97711017787518162,0.12722929499413188,-0.17049459460061248,-0.10542761697627968,-0.98571203332324386,-0.13136515877682153,-0.18477207005235902,-0.11038339484294207,0.9765627415949848,0.30762457389326786,13.865538320322472,-1.1473597861232439,0.1012102036884591,0.1222479198235182,0.2413793103448276,1,5
-0.19894929250039423,0.97549719544970481,-0.093938281245474875,-0.97547547267963097,-0.20632705172693028,-0.076659962993236963,-0.094163587516854788,0.076383043900030728,0.99262220879371954,11.944285319444255,-32.30595642350449,-2.3676593784655413,,0.5600741599490611,0.2580645161290323,0,2
0.60767458875773939,-0.68957007927130365,-0.39398565957643761,0.77906349185649326,0.61392955608224675,0.127084915804449,0.15424548562107257,-0.38416611763978342,0.91028826435536114,-5.3608271707522697,12.510775322378182,-1.9796271114632666,,0.4289746022398241,0.3058823529411765,0,5
-0.60090035894323179,0.79573402708298113,0.075671109177783677,-0.78531966301530709,-0.57007769144567988,-0.24142173182521995,-0.14896907566142487,-0.20449641526996298,0.96746546741385808,6.3222690708244471,11.170582079561253,-0.3824226061254285,,0.2483293991400646,0.2758620689655172,0,1
0.23512587336446159,-0.91381399270661878,-0.33114922679690378,0.96608498058005288,0.25714037200417061,-0.023635553371902339,0.10675033476405769,-0.31436096421016529,0.94328232794249733,3.3532050771494677,22.281104425309284,-0.35459946736810805,,0.4139208053779349,0.2,0,4
0.90421133428499001,-0.35557240682860008,-0.23658006351481822,0.37999976147723424,0.92265448225925584,0.065642117913354281,0.19494113015934814,-0.14925471472962654,0.96939207027042196,25.57280654222847,-23.009087208122807,-0.29515696862954172,,0.3539548615468479,0.25,0,4
-0.27950025788760513,-0.92185781738058226,-0.26843578445332306,0.96006185019954404,-0.26463821870640764,-0.090817712982260004,0.012682650834537816,-0.2830985300813274,0.95900697215067254,-20.777306159809857,10.469942776633159,-4.5716008802386856,,0.1162987122310836,0.4,0,2
0.37549468645998607,0.91566574329463524,-0.14338754128933925,-0.92632819465940919,0.37583764708742839,-0.025732058037159212,0.030328472090740598,0.1424861733238382,0.98933203435053707,4.512960238417385,16.4078595043386,-0.46661330330231471,,0.745933296684266,0.8448275862068966,0,3
-0.43167672291995735,-0.87646493650828527,-0.21322387755740488,0.90183322308925162,-0.42426920472298907,-0.081807577009566007,-0.018762852169646176,-0.22760680349069368,0.9735723385466587,-9.2803359612465925,14.232070892611116,-2.450683933364,,0.07140738537739699,0.2692307692307692,0,4
-0.56393350096859252,-0.79227114919628561,-0.23299234458776544,0.82414409100185626,-0.55789187894992776,-0.097689143042839335,-0.052588247280466786,-0.24710944448344507,0.96755950653954748,-8.5486681932497532,12.306418049440532,-2.4595073436416621,,0.3037825418548225,0.25,0,2
-0.94610476076426553,-0.21967436916466782,-0.23796838695780131,0.29119650284148307,-0.89860207616030596,-0.32820558412872669,-0.14174053193099995,-0.37981242772254536,0.91414011035257825,-1.1706490610707982,8.5870093755791856,-1.5819901632216757,,0.3704469523064875,0.3333333333333333,1,3
0.92088948666754877,0.37504916800814736,-0.10630463264399624,-0.36650124031638304,0.92588895282612349,0.091686901360540571,0.13281338107183116,-0.045472723812644403,0.99009738773381661,11.89640454678311,-23.102423464972361,-1.8024791714771724,0.7702362972462237,0.4573680760366243,0.3636363636363636,1,5
-0.30220154313285819,-0.84072225046307891,-0.4492886877102692,0.95320588485559954,-0.26230089662313683,-0.15032225619432787,0.0085304398933466977,-0.47369223891361667,0.8806491323950939,13.197459421317792,13.962402500966988,0.45821256606419658,,0.510579408035737,0.2105263157894737,0,1
-0.97873756972904724,0.12946086148745381,-0.1590995127076322,-0.10897714067279302,-0.98532517741355263,-0.1313707637403973,-0.17377212783315385,-0.11123929205941277,0.97848304404852104,2.7425046527028187,10.947687596095056,-0.92385719653125387,0.883481928030155,0.8120674072656702,0.8217054263565892,1,2
-0.7505078343890027,0.65680424040383822,-0.07311757865429952,-0.64187117710082142,-0.75079881288431716,-0.15589270213421516,-0.15728757906438867,-0.070066627998202485,0.98506410203246486,-16.378214552011961,5.6483118091339959,-4.075861074530243,,0.08248500538442542,0.2173913043478261,0,3
-0.97735845461455095,-0.11839434362954283,-0.17536599040288586,0.1462762349419601,-0.97691517564769026,-0.1556920122563962,-0.15288464371760771,-0.17781878130774328,0.97211458518508376,-8.1252478816117009,13.507879554068451,-2.3434163003741673,0.4442673153287373,0.234729225933854,0.7361111111111112,1,5
-0.022282506170283316,0.99354953291530412,-0.11118819884571041,-0.99755665330536203,-0.029461456675793495,-0.063346239168140028,-0.066213392640599042,0.10950501456244954,0.99177842203825972,-11.949212895710607,12.448135132109018,-2.9555967242950336,,0.09634492554250343,0.3235294117647059,0,5
-0.70481347711436759,0.70926006408989783,-0.013715828999710251,-0.6910257540064989,-0.69080792940865987,-0.21276233681239426,-0.16037883207488807,-0.14047977133137277,0.97700770931911307,-10.113311593218732,5.0515440740756867,-3.081567785952771,,0.1011615388952199,0.3684210526315789,1,3
-0.7116798216653919,0.70072020325586737,-0.050030272669379983,-0.68693761646083074,-0.70905213124930833,-0.15925384222029668,-0.14706645615309188,-0.078970069772479876,0.98596916054950767,-1.8844726619619101,-28.192655539946397,-3.8960073252084575,1.051697826179298,0.6213106926109508,0.9078947368421053,1,5
0.82286277917136763,0.55920973074425984,-0.10090254553432608,-0.55605368872431826,0.82899705473029017,0.05973423226747647,0.11705187700525585,0.0069541562707517894,0.99310145393112248,-9.8416814706488811,-27.979165733557878,-5.0652260820961308,0.8714959119930419,0.4742443106734587,0.2181818181818182,1,4
-0.69380527382040658,0.71445842268070514,-0.090462170433776856,-0.69937440998809541,-0.69840423176580968,-0.15200974871834114,-0.17178380794706594,-0.042198238259534698,0.98423047708095146,-3.4445692910282197,9.3566125668384998,-1.9080874172365598,0.6950529688301078,0.2906772798771356,0.2258064516129032,1,6
-0.94830903759749974,0.28501372610503162,-0.13956054292897477,-0.2514299099113419,-0.94310425160224542,-0.21757153079330949,-0.19363101407801039,-0.17123535423940792,0.96601526066911925,2.1137187449074606,17.262935309493947,-0.73932875559783506,,0.396135537787755,0.1428571428571428,0,4
0.98158491825836491,-0.12214732602556425,-0.14687096034452965,0.13497220187403303,0.98755361711773382,0.080748733977423659,0.13517970620250341,-0.099085236349750749,0.98585423008095863,3.4445243813077808,-24.529015525932241,-2.9219452880576915,,0.2376215181421063,0.2380952380952381,0,4
-0.097773446178681833,0.99248280398708333,-0.073608674843943234,-0.99216747585734533,-0.10298550962104372,-0.07069430428937501,-0.077743508238368189,0.066120107365542607,0.99477840664580175,-12.108590764771815,28.489541916535472,-2.1640102741835769,,0.08025025546226758,0.3333333333333333,0,1
-0.72003228705080746,0.69385693926354186,-0.010772810228291786,-0.67476090302528657,-0.70367170666789369,-0.22258448504690334,-0.16202231128114722,-0.15299894467258573,0.9748538831928566,22.856933669308535,16.532214955644129,1.6095923666556939,,0.212636019736091,0.3333333333333333,0,1
-0.34061807164805197,-0.9197408816360183,-0.19507957328783018,0.94020083752090711,-0.3329161952996848,-0.072036046755544383,0.001309347832847421,-0.20795075752346151,0.97813841967978687,29.354375353584587,14.033522259790919,2.2826195863920407,,0.595440921580878,0.6875,0,1
0.75311255042328806,-0.60847405510304986,-0.25016156911360787,0.63899178272884116,0.76702035518152534,0.0580454678870461,0.15655985436870218,-0.20356595737907471,0.96646257713187878,17.732185749084337,-19.891431146985365,-0.91011850015087881,,0.4363082814195487,0.1818181818181818,0,2
-0.63442551686676341,0.77285498104210215,-0.014122387431070357,-0.75282720662440594,-0.62192376259917137,-0.21555052883392628,-0.1753723482035735,-0.12611903818576753,0.97639056104238453,18.527163425408435,-1.1862047887326268,0.33166046691933282,,0.3904842191975544,0.4,0,3
0.48273174514030631,-0.7962659899803799,-0.36459640074246341,0.8648936435790322,0.49886239593173987,0.055635377430457496,0.13758287513487871,-0.3421940723124946,0.9295021083051993,-4.1224239807119805,17.672577296951662,-1.5209747821976387,,0.3067751936701408,0.3529411764705883,0,3
-0.12106909722494109,-0.89846531128330154,-0.42202175076379511,0.99219777920238938,-0.096785679674007544,-0.078588161677748458,0.029763075160092158,-0.42824364166983425,0.90317304140810906,14.004208841107401,-23.222573871422021,-1.5033525154583742,,0.4550557380130707,0.1428571428571428,0,3
0.54562930325784698,-0.80943814862257968,-0.21702199653677678,0.82521500826929217,0.56406823449632904,-0.029106991588075341,0.14597552381639264,-0.16320818112658078,0.9757326662871777,10.488755805530584,18.136100237083831,0.39488260802099157,,0.1630057267069222,0.3888888888888889,0,3
-0.71648465268100925,0.68586687898974708,-0.12742200272102377,-0.67855052856906939,-0.72758923416928079,-0.10091128033870027,-0.16192258227686951,0.014160883652610408,0.98670185300472957,-6.605051305221239,9.0373179989644878,-2.3428299809351922,,0.07483238340360306,0.2093023255813954,0,2
-0.87477776333033019,0.47619245845369867,-0.089468470952672574,-0.45611415794606719,-0.87162414922423181,-0.17953054729011048,-0.16347397255813162,-0.11624149431661243,0.97967554593095052,29.638645502007869,-19.226187075488355,0.3201640353586413,,0.241418019077633,0.7916666666666666,0,4
0.51292067802620644,-0.80681846220377329,-0.29318312894891407,0.84729103367209579,0.53067526133279008,0.021947010462634246,0.13787778034189729,-0.2596685118694872,0.95580436368091448,7.0824129582241282,-35.032637787461802,-3.2556573029391314,,0.3706509858612903,0.3333333333333333,0,2
-0.930925685601251,0.35400791128409298,-0.089753922678147774,-0.3284797851039683,-0.91903638960828504,-0.21788332968315871,-0.15961954349606447,-0.17335083883282174,0.97183902371229436,10.736725116992194,13.569407822016066,0.19738888165778135,,0.1284686748222882,0.2424242424242424,0,4
0.9888898079051569,-0.023149475109217853,-0.14683681290286113,0.050590449844964913,0.98124460226514731,0.18600977638284885,0.1397768013863038,-0.19137171245427317,0.97151392860140351,16.924175347467511,-19.023413908304892,-0.92255156860980769,,0.44933723043983,0.1818181818181818,0,2
0.35886732340504429,-0.82464658407065461,-0.4372324960163656,0.92599448831114917,0.37339240833929099,0.055788144008906061,0.11725379230316391,-0.42489542333989189,0.897616525814527,4.5954628865616396,6.8202079335407575,-0.80795765121784135,,0.5517320164198054,0.275,0,1
-0.11516954922258328,-0.88801789772829842,-0.44515187099020559,0.99244920784896862,-0.083828432341226153,-0.089539732918786336,0.042196501890821296,-0.45210287241448288,0.89096714192093085,10.030821124909179,-22.729305269679863,-2.0707200188958375,,0.728564360464757,0.1219512195121951,0,1
-0.37601842034845717,0.92516930839651079,-0.051690408779327623,-0.9212541879340741,-0.37925234269439823,-0.086361923176487748,-0.09950310936137477,0.015146331632901947,0.99492196672175515,-9.7334327043465834,-31.616959067692299,-5.2667227274379105,,0.5710539734565729,0.7419354838709677,0,2
-0.69150265600788863,0.7100642821227936,-0.13278852355334514,-0.70515078786577068,-0.70341399336316646,-0.089281130778939982,-0.15680064765911664,0.031897792938149094,0.98711503265797573,5.5883796571334114,12.170885944933953,-0.4479748092940391,,0.08174323804152737,0.3225806451612903,0,3
0.60167591990612856,0.79709219101550077,0.051284758234992039,-0.79710093583776354,0.59509045263797644,0.10245707035480181,0.051148660702647696,-0.10252508083993807,0.99341452692573839,-9.9465867147078537,-34.716364408494755,-5.4382725614566283,,0.5864848142513155,0.2857142857142857,0,1
0.24172676083922981,0.96392567026189779,-0.11142475175797137,-0.97014478680360172,0.23774957399498628,-0.047898149264847874,-0.019679068371468145,0.11967640651086688,0.99261789828346203,20.745550099910268,-16.552814420562207,-0.43288738604942267,,0.6156861486945691,0.5686274509803921,0,1
-0.98429239613963948,-0.030444988523711997,-0.17390106835634314,0.078098468520022987,-0.95848469593062546,-0.27424025394096146,-0.15833227124156798,-0.2835140037821185,0.94580690499854092,16.115193052286791,10.078746622421527,0.63336983830678484,,0.4046456300783705,0.2941176470588235,1,3
-0.97695696375552532,0.10512491164972854,-0.18575210340726639,-0.053638229747787682,-0.96328816840473441,-0.26305673327435969,-0.20658661931284547,-0.24703169343647147,0.94672979838959348,6.6814516338199796,13.152331382321387,-0.28410025311432668,,0.2053491055709226,0.1904761904761905,0,2
0.7903531663728377,0.60578907391661185,-0.091441075713734082,-0.60521662668270837,0.79519832941900137,0.037046614906552609,0.095156225183823495,0.026061749988915129,0.99512113734775143,-3.167205733972938,4.9279619064131603,-2.0463378739904776,,0.2766929078277524,0.3732876712328767,0,2
0.31897634170519756,-0.88020561609194869,-0.35141452279688423,0.94117738739592705,0.33781438027071586,0.0081590401941364441,0.11153124623595997,-0.33334594325190914,0.93618441731880375,1.8899495299540661,-25.912118445379466,-3.2276182099844144,,0.1629761745364258,0.2631578947368421,0,1
0.13380809227568635,0.97842850027806794,0.15739461326599405,-0.99024165167008871,0.13824941502013943,-0.017566176142912376,-0.038946960590474887,-0.15350820528623094,0.98737954463851652,23.994908359582954,-16.65920355277024,-0.13389256617080975,,0.1986997136373195,0.1,0,1
-0.47667538658837139,0.87312250520950618,-0.1021648996353617,-0.8689259922437077,-0.48558955700714423,-0.095762216603912431,-0.13322235482123795,0.04312624516790612,0.99014742899913788,-6.8522762285645955,-30.104816494140618,-4.7043667248053085,,0.4356113028397461,0.8088235294117647,0,4
0.85560140978369448,-0.46845198310518715,-0.22022481036652281,0.48644916357108353,0.87309649484385354,0.032706604109406311,0.17695603645297578,-0.13511199138564073,0.97490066722033719,-8.6251900705215547,-30.265740504768885,-5.0218311003306608,,0.1137620187402793,0.2727272727272727,0,2
0.80840673163546395,0.58787277475405675,-0.029734776767833947,-0.58022213138012624,0.80435472764389349,0.12788960228893478,0.099100123628431791,-0.086134039844212237,0.99134257079828114,2.4668595595977534,-40.780260577804093,-4.1414560619589258,,0.3764731199820811,0.1333333333333333,0,1
0.12800762448959155,-0.93765488014704279,-0.32313677260405799,0.98833123222825658,0.14772374415160006,-0.037135842739985873,0.082555578095656487,-0.31461249363346588,0.94562336867011954,7.3670320509465794,-31.865770606868008,-3.0032560045885974,,0.5111254283367699,0.3478260869565217,0,1
-0.86353512169631286,-0.42001705257157324,-0.27909276082697615,0.49127764007868924,-0.8255786092111308,-0.27760806971651675,-0.11381289011201434,-0.37683635116865344,0.91926111115517517,30.098677420632239,-13.756379132980268,0.6143135351122998,,0.443081106103483,0.3333333333333333,0,1
0.26299710731584264,-0.87833930568516672,-0.39918991173625251,0.95925048852203887,0.28235380434769791,0.010715849971451828,0.1033006380122013,-0.38574135539099247,0.91680564184967295,9.7508046150808774,-28.901159197571104,-2.4847785712943544,,0.3032448123295381,0.36,0,1
-0.15680253627628557,-0.86815122396022815,-0.47087834623571551,0.98701291075662079,-0.1208960637034965,-0.10578116931072187,0.034906713065937192,-0.48134976276856967,0.8758332759524351,12.750838241202638,-17.558642426478595,-1.2175339671779555,,0.4762169290070997,0.4,0,1
0.59948499527010712,0.79909908306997157,0.045369547967011079,-0.79877994337049718,0.5937309621732928,0.097129535290777044,0.050678817222051434,-0.094467983960213359,0.99423712337222014,2.1485225439809139,8.3414999249012958,-1.1263505932319562,,0.7437516226117236,0.336283185840708,0,1
0.84711949872543657,-0.42984568011885449,-0.31244398884011954,0.5029648918431906,0.83831821554239516,0.21035419430803456,0.17150764546320615,-0.33534349669104097,0.92635299253291814,5.518343076550142,-28.157168234492193,-2.9042506951584253,,0.4560993413709608,0.3076923076923077,0,3
