axis_00,axis_01,axis_02,axis_10,axis_11,axis_12,axis_20,axis_21,axis_22,location_x,location_y,location_z,dbh,dbh_approximation,score,reconstructed,number_clusters
0.99297684854548351,-0.11827882172670443,0.0026643167270360736,0.11791218342935152,0.99123932280022453,0.059509007162573554,-0.0096796307575477518,-0.058776910989730681,0.99822421303177289,-1.2018503436904304,-11.037579249110394,-2.868382643466898,0.5455642417218707,0.2935871528782152,0.6268656716417911,1,4
0.82912470672881444,-0.55752234341545048,0.041485627443749,0.55906276865861337,0.82670195478600728,-0.063345865317005326,0.0010204859739449956,0.075714691741687087,0.99712900071296595,-9.7216974979937518,-10.83840289555538,-2.086947396182663,,0.2531766581512867,0.7851851851851852,1,5
0.37360473986002851,0.91029393488434496,0.17828194094437905,-0.91404013782442339,0.39401332282421075,-0.096354179374497043,-0.15795608503640751,-0.1269584717527705,0.97925043867754846,7.9361823041915676,-13.176934037116636,-3.9282349216505854,0.6771794856116556,0.3162823858492871,0.3333333333333333,1,3
-0.28093529553575314,0.95209066474709225,0.12082518704176563,-0.95776395778677703,-0.27008255059097586,-0.098709761578482783,-0.061347867826412925,-0.14345306538276389,0.98775384440934488,22.755529788186642,-0.75438414797366515,-4.8236852171550151,0.276272948267872,0.2087418596019806,0.4,1,5
-0.6782692443259235,0.71629442944471644,0.1639302368326527,-0.73470687544753543,-0.65727959159934479,-0.16789683033672584,-0.012515565175471579,-0.23431992833190143,0.97207897406274146,-13.051114870544458,0.867081601194715,-0.81058731048944377,,0.6238292328713594,0.3568075117370892,0,3
0.99841267236593845,-0.024271629515082389,0.050823455803273423,0.015973182679961985,0.98735174685479765,0.15773834479241883,-0.054009194533683552,-0.15667615001480603,0.98617219131466116,6.2530116219556229,-4.855371743316435,-3.0875267024007207,,0.3485117534832801,0.2058823529411765,0,4
0.68259540989909084,-0.72980342122980046,-0.038085072482129285,0.72978363057636475,0.68346590501832849,-0.017035528176610741,0.038462435277434329,-0.016165489128211141,0.99912927994017531,-20.92215270568018,-15.585951010210838,-1.7528045720081755,,0.4640148640137202,0.6075949367088608,0,4
0.99217156460186195,-0.11488119503013521,0.04896833082657754,0.11736635704733865,0.99176208743628058,-0.051313742384162156,-0.042669949952275847,0.056659270666675365,0.99748132935839495,-20.35496880941642,-17.007868333094876,-1.9229605803948144,,0.1047205803038497,0.25,0,1
0.79102745135283492,0.58708414151525978,0.17206911979646833,-0.6053106229569466,0.7918638826285368,0.080936031061172087,-0.088739060969305478,-0.16817788846858636,0.98175433632275655,-9.6445600056381711,2.9612302997257567,-0.89307508092517851,,0.2261126599244211,0.2764227642276423,0,3
-0.33371265173789771,-0.93094988927297118,-0.14821663109348945,0.93737239397772232,-0.31105506209958594,-0.1567729037515633,0.099844183999543229,-0.19125127974700148,0.9764497359908495,-18.174509488334522,1.7162632983365593,-0.34662320027799304,,0.5720072298118629,0.2777777777777778,0,1
-0.91370528394401207,0.3989499645793706,0.077340674000888357,-0.40616277902813869,-0.90271689528490073,-0.14189434061769265,0.013207990949881954,-0.16106251186824733,0.98685582343408151,-21.879532802018936,-20.959952132958055,-2.200883869585168,,0.1365012795243421,0.3043478260869565,0,1
0.99734563867957471,-0.047405218277096567,0.055266828088216591,0.048299948685273979,0.99872073637135983,-0.014966819931078842,-0.054486621879426218,0.017596477543822743,0.99835944028902679,10.256839574210725,-6.4459603348815913,-3.5806391515097027,0.391947591516882,0.2123070324734087,0.3333333333333333,1,5
-0.15839980621086949,0.9707627512178385,0.18035848258491266,-0.98419301613171017,-0.14057973461205228,-0.10771000517116618,-0.079206113336829434,-0.19456880290626821,0.97768572278912591,-6.0415920925242075,-17.8417153099013,-3.0067311499280387,,0.103649064153011,0.2941176470588235,0,3
0.82659903796519696,0.54608660950416044,0.13610086463819038,-0.54768870012527471,0.83618825461090551,-0.028745271017272672,-0.12950335204194408,-0.050780092270689935,0.99027787213432283,17.876996997460576,0.096795916512624203,-4.0594362802577475,,0.1527740562889442,0.25,0,5
0.10283064417353248,0.97240393765370192,0.20941929389250333,-0.9904176509289232,0.11960555075173566,-0.069046281274310728,-0.092188585775537124,-0.20031249153498229,0.97538513951554418,-14.999162166071882,-19.176777585132076,-2.4951447843589416,,0.2065416017381436,0.2272727272727273,0,2
0.57476603579729935,0.80508842348915954,0.14654908548878076,-0.81207008035507144,0.58324418612003748,-0.019193851861569501,-0.10092665002845515,-0.10797615348268144,0.98901716951381546,4.4591217813508175,-4.9778936024257945,-2.9615151057687239,,0.1457202572726115,0.2647058823529412,1,4
0.8182135219018265,-0.57369381314611601,0.037443842416061468,0.57489605308052416,0.81592905380972447,-0.061272402446806047,0.0046000792867941257,0.071660225418550119,0.99741849359409718,8.5757231204037652,-3.3792057218398313,-3.241079846426592,,0.07856251474243599,0.3142857142857143,0,5
-0.35383595831388354,0.93163161205254241,0.082841137295890377,-0.93319564591964932,-0.34570092650440615,-0.098166979430986373,-0.062817203381750605,-0.11204199586929914,0.99171598258822047,-0.89485762141740877,-3.776260248734407,-2.2226846598553052,,0.08774052687469096,0.2654867256637168,0,5
-0.26759055628864953,-0.96314485454611287,0.027336483798739538,0.95796477664430124,-0.26898277281794747,-0.09975848152414693,0.10343491138859343,-0.00050703896905738394,0.99463609527179264,-15.708236349530329,-14.638286143103066,-2.0108616399909516,,0.08192691823263382,0.2432432432432433,0,2
0.9274292010708588,0.35370881607970833,0.12151193533377065,-0.36502554632297407,0.9268133573564612,0.088166610217578989,-0.081433577427752216,-0.12612324945518669,0.98866652538365163,-12.500573052389798,14.595227055721029,0.39348648049349699,,0.6934384127740043,0.4102564102564102,0,1
-0.69760452940862716,0.69373942671925026,0.17909083830228689,-0.71336939174440495,-0.64924711229006438,-0.26378456760249003,-0.066723545100570131,-0.31177523153429088,0.94781019910684317,-3.2712996810450838,-15.311733034058367,-3.0441054289104588,,0.2719625885331315,0.25,0,3
-0.52973175895669067,0.84340830864463801,0.089703335845672069,-0.84691729117390047,-0.52025062670993305,-0.10986531444721115,-0.045993102344951187,-0.13417045247413031,0.98989035969625128,-7.3420388725413108,-18.454300611340468,-2.9541048466570197,,0.08849684388790435,0.44,0,3
-0.90729822149630091,0.41031834432528669,0.091917319259227095,-0.41972892114446336,-0.87063104335086139,-0.25657205441881931,-0.025250149000592199,-0.27136772590701375,0.96214447320114138,-5.6859012251880454,-13.619015857045792,-2.7374644245490733,,0.4940955981230946,0.8316151202749141,1,8
0.95872258159724599,0.27519320016412074,0.071552177597491939,-0.27369068450973966,0.96134317620699139,-0.030211037268600489,-0.07710006970232329,0.0093808391780632883,0.99697922701940633,-7.0738091975410642,-4.176916612956048,-1.7554013602390681,0.5573764967341387,0.4052006505472688,0.9355021216407355,1,5
-0.7592067131689636,0.62650284895799024,0.17635006925629676,-0.64969425306906103,-0.71337216286597005,-0.26267381821750496,-0.038762665133012096,-0.31399735268860068,0.94863223553510778,13.388338801048365,-0.055874679606072369,-3.5277221746679293,0.6364532378531105,0.7124903805819656,0.3333333333333333,1,4
0.67947999317441654,0.72894353095517728,0.083356268836200953,-0.72743788239429963,0.68412909305127256,-0.052929304723760812,-0.095608922875388996,-0.024672104074068321,0.99511317001995603,-6.6818383090411215,-12.594723514579941,-2.5093193495825137,,0.07420451837231186,0.1428571428571428,0,4
-0.98119047946538807,0.16631030804898764,0.098010838396229163,-0.18970225754166381,-0.92472815041655176,-0.32998621381927301,0.035753272438718148,-0.34237220866161655,0.93888389817170081,2.810812056663198,6.7061772488592162,-1.6938709810572969,,0.4409998353800546,0.303030303030303,0,1
-0.91515101198266746,-0.4013127753119447,0.03803526835089277,0.39416705109753503,-0.91061931382161876,-0.12411607923278076,0.084445018184455573,-0.098592705949625437,0.99153845978729338,-10.964375398944473,-15.861543261588368,-2.4969901429969097,,0.07307307326698882,0.3666666666666666,0,4
0.75388261591017414,0.64879091992103977,0.10359219882040972,-0.6493436895604372,0.75978202514625048,-0.032924870428059895,-0.10006884758242576,-0.042445453144913783,0.99407475033362125,13.509478954516256,-4.7511741840594937,-3.8296727739317156,0.7146647932125375,0.509171351924521,0.671875,1,6
0.42316297061223207,-0.88898342228754368,-0.17504735130974908,0.90428636393526329,0.42644143828190478,0.020343837317529007,0.056562110138969286,-0.16690169146532902,0.9843498123546528,-15.876418723390586,5.3705901324863889,-0.21476437068660933,,0.3154100126529562,0.3214285714285715,0,1
0.99692083677916066,0.053600167033252544,0.057235192753628185,-0.052957974055679834,0.99851623738396411,-0.012679773834287403,-0.057829907309760432,0.0096096708881298429,0.99828019916552779,-17.811543709657293,-21.624264496080091,-2.4991247350460299,,0.07631300042251592,0.375,0,1
0.966858164775527,0.24503725754148026,0.071707960670005719,-0.24465461635177935,0.96950618991195736,-0.014207970304188897,-0.07300279381410292,-0.0038065915135954355,0.99732447175249095,-17.59365117395846,8.9046419871781506,0.26464133283345836,,0.2060145786196946,0.6428571428571429,1,1
0.11178487654742904,0.99131611998376445,0.069256708235451034,-0.9892239980424985,0.11763834792827023,-0.087161349195167603,-0.094551695236472263,-0.058767077152446556,0.99378388373472193,-10.129607376171551,-11.927557412803097,-2.1540016361612881,,0.2679430228425917,0.8589211618257261,1,5
-0.44716388383857636,-0.89070838007823316,-0.081749878585911026,0.88674227202623035,-0.42947981168438853,-0.17098314056450814,0.11718619369260312,-0.14894855828088188,0.98187663328642649,7.8111885758702133,1.0109712377778406,-2.7414677363679449,,0.5896690715496595,0.3789473684210526,0,2
0.28093199682478598,-0.95430202110851359,-0.101906161090702,0.95697846006648457,0.28657490812123648,-0.045464810613095458,0.072590909408948662,-0.084749481081069472,0.9937545397771379,17.472490295626052,5.6197884321923688,-3.5456036445890216,,0.3679740371848643,0.2692307692307692,0,4
0.36656292542404256,0.9186799299487155,0.14716931750195414,-0.9212520735900489,0.38051079983848185,-0.08066069744500215,-0.13010087859274119,-0.10601281769532395,0.98581694237505113,-9.2032915538890503,-19.768490066774362,-2.934921132948439,,0.4328208796677764,0.7407407407407407,0,3
0.31360409924787602,0.94553159726305336,0.087306743795129288,-0.9447398731041069,0.31993917896800211,-0.071452739125368495,-0.095493670482213272,-0.060074290161938514,0.99361563924858531,2.5239966055696854,8.1072435057485563,-1.5888755821556406,0.4997763130489584,0.4352684953730738,0.9134199134199135,1,5
0.0020946628808252033,-0.98883251445163278,-0.14901634390454568,0.99631838003139905,0.014835113355536266,-0.0844369884786208,0.085704713983689701,-0.14829085533164388,0.98522308348210363,8.1478464570048921,-10.396966884114743,-3.6707640011370692,,0.2740006259157872,0.2,0,5
-0.89513486692533761,-0.44552125436555245,-0.015632719632361482,0.43985471023870243,-0.87695721640569724,-0.19358169974147818,0.072535535397392631,-0.18015785440140394,0.98095960345067079,-0.24137350713933256,-17.084517759507552,-3.441211381259051,,0.318551775914955,0.8529411764705882,0,3
-0.41831638568416313,-0.9049318350558585,-0.07816505210498137,0.90451059666972233,-0.40717113480101719,-0.12677636805428164,0.082897418417712102,-0.12373374999282903,0.9888467915366822,1.3040892196283334,-16.485907711957015,-3.5582167043791419,0.2407535619066119,0.1961805580992591,0.5,1,5
0.87324448556132894,-0.48603662168397499,0.034820551672244272,0.4872190593209445,0.87205049590284567,-0.046319767162802485,-0.0078521762043944308,0.057413717678189174,0.99831959229057787,13.251496572408435,2.5665108526543738,-3.2774986068236647,,0.08523636143133018,0.35,0,4
-0.64064152935799668,0.73273878626924527,0.22950447045432792,-0.76680264110019924,-0.594996517866626,-0.24081705364934142,-0.03990163484880508,-0.33026203963408196,0.94304551571656925,15.874255723729965,11.886540191846038,-2.8911103334900345,0.1854474755355523,0.1528531409699598,0.1818181818181818,1,5
0.76929907612383575,0.62780045832909259,0.1185137797759982,-0.63164430452720877,0.7752312995811067,-0.0064733845959729659,-0.095939585330308511,-0.069878585214424846,0.99293130643316851,3.0434665033018247,-13.820551215745752,-3.496435311368379,,0.1256597336747836,0.1818181818181818,0,5
0.99831512456355542,-0.031381935691308045,0.048806620246843742,0.028007285720129428,0.99726796503054438,0.068353477383589004,-0.050818343285117459,-0.066871369330262664,0.99646661557206828,-6.176459006530985,-18.662799955851906,-3.0701263696947931,,0.1477865518114292,0.2727272727272727,0,1
0.99017923761037618,-0.13950806917500938,0.0090871359841449024,0.13361299767089574,0.96345958492910611,0.23214907939001531,-0.041141758089935622,-0.22865503896327133,0.97263776859526352,-5.8498736401336302,1.5129830382384288,-1.2813178641450242,,0.5608767756144417,0.3178294573643411,0,1
0.98947871828282363,0.1313672776775606,0.060617690660136003,-0.12794478183473476,0.99012639990363494,-0.05726993116051584,-0.067542570773130889,0.048911660874016209,0.99651675879731327,13.998512585982398,-9.0608325688410858,-4.288538561745086,,0.09574246541745353,0.15,0,5
0.4845632927380395,-0.87448207999961003,-0.021897650340295654,0.87367979996644718,0.48505683642440062,-0.037462949277154871,0.043382282805997777,-0.00097836471162840661,0.99905806655120544,6.6456521751956217,17.937441072416977,-1.100438195811698,,0.1185203649616671,0.3333333333333333,1,5
-0.98177000768521994,0.16068227140410954,0.10153255471117986,-0.18662201745542259,-0.91621845171382044,-0.35456448121603712,0.03605377387501342,-0.36704898364597821,0.92950264603917265,-2.188500296008272,-3.0459633745301606,-2.055166742168967,,0.4702410481143128,0.3011647254575707,0,1
0.22958725622068524,0.96202141154569776,0.14766345353092994,-0.96856373689963982,0.2407583821404089,-0.062607419625305083,-0.095780892374541945,-0.12864760066459288,0.98705410971191454,-4.6775476862320424,16.05887064704395,-0.13627448390438091,,0.1083036913960944,0.2,0,2
-0.043860394010665257,-0.98783312044423355,-0.1492045307309344,0.9926244138294148,-0.026194803304003166,-0.11836640295994674,0.11301786985712081,-0.1532956569289351,0.98169618653618385,-11.907773278785154,-11.709464061437453,-2.0211226155162474,,0.5263593780399745,0.8398692810457516,0,4
0.21910771109580279,0.97009764699919787,0.10441439663656994,-0.97074789158461794,0.22751258769378746,-0.076723877801480808,-0.098185242895142008,-0.084549262134553702,0.99157000779073856,4.5035539960991029,-17.266140437394178,-3.9059458978014026,0.9349447371046518,0.7730929717394203,0.9849246231155779,1,5
0.9967593983777232,-0.06547769896811928,0.04672657363342566,0.062088016780858207,0.99556784495829076,0.070638121841719873,-0.051144695892139873,-0.067508051541620775,0.99640698665713645,-3.0226396556953925,-9.8994058723116893,-2.6084649217079865,,0.2295936827168878,0.3888888888888889,0,5
-0.85789372590062873,-0.5117912465471095,-0.045695459490984094,0.50779688421875502,-0.83088137069640378,-0.2275488347748445,0.078489995783289135,-0.21841672964180409,0.97269391525521443,-8.7253042732676303,-11.41026728594689,-2.2332024781211079,,0.2109449782308528,0.2068965517241379,0,3
0.36145454717183251,0.92694316979958735,0.10063284896443009,-0.9270366741698145,0.36882879575569405,-0.067589379088529633,-0.099767805794123046,-0.068859853204148738,0.99262515862924228,12.546819901361706,11.198371894133993,-2.577042037089524,0.1089223027721152,0.1180180130354234,0.5185185185185185,1,5
-0.42767611927407978,0.88297512225442798,0.19351503942185383,-0.90196979072245509,-0.40275560082272421,-0.15568693789145593,-0.059528427047543971,-0.24112830502805957,0.96866583860872324,15.402411750469671,-8.3348093773202248,-4.3652886713722312,,0.2751978577976794,0.2,0,5
0.40183397477643096,0.89835071974256442,0.17746954965117456,-0.91541357324275352,0.38913458406815365,0.10291873204153987,0.023397577616237137,-0.20381427776316649,0.97872993902381999,-11.825433405668837,-19.955653372193197,-2.7910578744148511,,0.2463559036585555,0.375,0,2
-0.85763078995132225,-0.51288418988484541,-0.037672747359823941,0.50631608027445174,-0.82927353932963555,-0.23653630550766383,0.090074718889300104,-0.22193513632110073,0.97089203327823659,-18.159145912967034,-1.8724062378148971,-0.69660885845318854,,0.7209885734440309,0.5092592592592593,0,1
0.59117904097832596,0.79968132975525053,0.10496243303592916,-0.80011925835128561,0.5978738256905477,-0.048539272445501866,-0.10157024132755019,-0.055287063541336584,0.99329090737892123,-17.387691742770009,-17.331854193912193,-2.1560629754707499,,0.07693049715070446,0.25,0,1
0.69999344444982359,-0.71382948862735651,0.021369110727395273,0.71408259691626419,0.69920581900497392,-0.034601552723961627,0.0097582021191016752,0.039480170156567684,0.99917270461908259,-7.8739935820124609,-20.188295637921978,-3.0690999839355517,,0.1476660946833217,0.5555555555555556,0,3
0.38085125750756832,0.91834842563526065,0.10764984341902377,-0.91944114891785311,0.388460278423711,-0.061045767777873856,-0.097878972877329135,-0.075728338290295974,0.99231291710239677,17.517626572219662,-2.0535941938887934,-4.2068583249889624,0.3614655243824181,0.2158588379749595,0.6111111111111112,1,5
0.99161992338111293,0.11666038411566633,0.055500291275097619,-0.11355278603908081,0.99194126415711747,-0.056198694336638454,-0.061609190356619721,0.049425532271948222,0.99687583199876828,4.5482713005120008,-14.380119642464155,-3.6585939144978252,0.2496509268328224,0.2284032804356445,0.7375,1,5
0.8955467689056994,0.44065042438369861,0.061831935058096123,-0.43657347928119067,0.89699191692703828,-0.069347661502560165,-0.086020822426189983,0.035109891170782254,0.99567450185846296,-4.1107401943790336,3.0577672428416545,-1.2955789764443233,0.4116468474039268,0.313835350344863,0.9427740058195926,1,5
0.14761432306863317,0.94999316606339534,0.2751781169676048,-0.98175084794934397,0.1744681544881852,-0.075671233769729646,-0.11989697317170071,-0.25898619172136267,0.95841059485062652,3.8758786739163411,10.105265375514103,-1.5477670513069635,0.5895163848075683,0.3490747085297273,0.1538461538461539,1,5
-0.046920445504628129,0.96937495366434245,0.24106155023541073,-0.99536366967589363,-0.025087821896194601,-0.092853466719569414,-0.083962115760529699,-0.24430063528520962,0.96605774295135005,-21.255534767467147,-7.5159231853506254,-0.98821307551285487,,0.1095673865974094,0.21875,0,4
0.82045358076881247,0.56580903966496543,0.081951524922011992,-0.56338890062942593,0.82453010297926388,-0.052374191435970968,-0.097205290242870057,-0.0031999866272036273,0.99525920826405068,10.507983310661977,10.964249227555925,-2.3473244640971349,0.2911307317513098,0.2715423018194262,0.7368421052631579,1,5
0.94039074971002068,0.33036194991380069,0.08078502280111502,-0.32965012084305717,0.9438378136585992,-0.022382567688113673,-0.083642308002487356,-0.0055824329200361766,0.99648020590210951,10.888255538202761,-16.447239623030544,-4.4696678675544455,0.1998521646231868,0.17035951906644,0.5769230769230769,1,5
0.49387954750097796,0.86212143153846821,0.11326795593763814,-0.86356102665830436,0.5015472025788017,-0.052084132153983109,-0.10171207301537213,-0.072090504696804045,0.99219837398348676,-3.7784250728682944,-13.076839525792115,-2.8558746050975867,,0.08166130872342489,0.3,0,5
0.17503762420724828,-0.96751480781006627,-0.18241964472099553,0.98152188433449983,0.18602424795968914,-0.044830455535128086,0.077308606793404011,-0.17120185699718388,0.98219819969107069,14.104282177864697,1.0237554175170462,-3.546224450195909,,0.1211421274177098,0.3,0,3
0.48562747294884179,-0.87096093901184057,-0.074786363950498647,0.87315722999748702,0.48739730442094903,-0.0063497516730961845,0.041981057876608892,-0.062216640529742857,0.99717936221161096,-2.8781450222880758,-11.999601637971365,-2.8107248220683227,,0.3468894114628805,0.5217391304347826,0,2
0.0031646418824298468,0.96417994854335565,0.26523011116516981,-0.99711255231353246,0.023166214547400397,-0.072317940528871874,-0.075871885837572303,-0.26423541271085565,0.96146924215440943,0.90554750900070924,10.722679032901683,-1.0987580601233464,,0.6855560181783211,0.6666666666666666,0,2
-0.8299190490554389,0.54086234404324929,0.13675634102650497,-0.55775337081634968,-0.79910829706824527,-0.22435932541280457,-0.012064383859757064,-0.26247638818135793,0.96486299353294369,-10.360535753327547,-17.163887865292487,-2.6647522865764186,,0.3387196647135853,0.2173913043478261,0,3
-0.75542269554670272,0.63743810772439036,0.15168786989638688,-0.65501676731005098,-0.72864127950811886,-0.20008728180337437,-0.017017214685295406,-0.25050857194419657,0.96796480813448726,-11.634463077938657,-14.179729037047881,-2.2648436621372734,,0.1957306855612177,0.3333333333333333,0,1
0.19573458778352851,-0.97898058189440051,-0.057314844664485005,0.97401193624288396,0.20086825048589707,-0.10465511933548506,0.11396806219990711,-0.035340716184548066,0.99285563632280527,21.852306026742415,6.5260857984259566,-4.0690334812546167,,0.2291744446090458,0.3076923076923077,0,5
-0.95932742335409626,0.27332243098147735,0.070609797642873354,-0.28185508686006772,-0.94135384972339553,-0.18550105019122701,0.015767206851425571,-0.19785797515723236,0.98010388064469256,-11.003040885195499,-25.383386874474592,-3.2944859418502652,,0.4035423181921276,0.8,0,5
0.95976044777238256,0.27255557851308448,0.067626470506406966,-0.27064743669668845,0.96200102882012728,-0.036110740210217464,-0.074898917891168981,0.016354729298147269,0.99705700685984699,-13.399312687638412,-20.474661173998719,-2.7096833717221944,,0.959636196421302,0.7843137254901961,0,1
0.84152337936068056,0.52551643134900494,0.12518339495151407,-0.52807320946056036,0.84907482062763151,-0.014513250021234519,-0.1139170199724498,-0.053892757939839178,0.99202746091135718,-21.819541963564319,6.894346865256348,0.37959449689621066,,0.7320938926677738,0.8181818181818182,1,2
-0.80250293355778601,0.58977279667070404,0.090316609426864758,-0.5964338366293056,-0.78891338210109674,-0.14792685376718062,-0.015991252446116721,-0.17257961597195146,0.98486575531702758,3.9008425303445193,-19.567044069547265,-3.998045225421595,,0.2043665210719945,0.2857142857142857,1,5
0.24588478633444819,-0.95950185250745434,-0.13746587534375776,0.96692122048696572,0.25273009304467758,-0.034508744422610406,0.067852967667296968,-0.12443349671367178,0.9899051872145882,12.665555257627286,1.2937635004380934,-3.3155489895021044,,0.2871852266961021,0.1944444444444444,0,3
-0.74067219885314173,0.65259811095879283,0.15975105451629312,-0.67147043201486545,-0.71084240660943487,-0.20935742617704672,-0.023068436787578771,-0.26233333478367321,0.9647015438390546,-9.0344144850452803,-14.231734186807625,-2.4933456346074623,,0.7572037368667344,0.3604651162790697,1,3
-0.52589691292008534,-0.8500621141233321,-0.028754810263588105,0.84399596949970246,-0.51735897472833681,-0.14145845586709052,0.10537191489852329,-0.09866150921314211,0.98952648582562119,2.7639321964593755,-15.703653408885637,-3.6029427598060884,0.4841751199990542,0.3782871490727103,0.8816568047337278,1,5
0.48628744746171398,0.82828940020822583,0.27831850090115984,-0.86783693214964386,0.49495963665625647,0.043289921208082886,-0.10189984120824774,-0.26258641926764764,0.95951279031492309,-4.6696782984612311,-21.436816190600869,-3.426972130518823,,0.2405186518705845,0.1176470588235294,0,1
-0.59553183878510207,0.76491509652764056,0.245452081061348,-0.80192473302865208,-0.54798383823108821,-0.23797150164347691,-0.047524220668641974,-0.33855370052864009,0.93974615737879097,-9.5470758664110846,8.206816973408797,-0.34333178795495156,,0.4569601295462528,0.2173913043478261,0,2
-0.0034559359538913902,0.98300193694043592,0.18356265545593489,-0.99630320897322433,0.012371962854058378,-0.08501088356671975,-0.085836893561796523,-0.18317785484738455,0.97932522748940354,-9.269594667944526,-10.135893637359775,-2.0857127167928184,,0.07894628137488587,0.2,0,4
-0.19162512764610928,-0.98139204085575271,-0.012225898723340307,0.97671953373517417,-0.18945930209268513,-0.10061871232875738,0.096430093201017156,-0.031222347694139681,0.99484993950329503,16.480226820487072,-14.4792245842856,-4.9324100126525945,,0.6534048559756285,0.5573770491803278,0,4
0.2680711454117885,0.95527472186910833,0.12485217961857779,-0.95865228768721977,0.27734975458044708,-0.063740920500304415,-0.095517811478655679,-0.1026027260459669,0.99012576387965201,22.878601878960712,13.380960774988543,-3.8098119080894528,0.5058662862280954,0.4843602952091858,0.875,1,5
0.96566217758656991,-0.25904527849970965,0.019801577355673339,0.25887048672472179,0.96584966772596004,0.010976814499637194,-0.021968838878525129,-0.0054738506247030859,0.99974367068647607,12.326155271284227,-18.589991324171891,-4.8076169333215786,0.3678974154639085,0.2870784404918776,0.5,1,5
-0.43309443248987678,0.88225074174968332,0.18456121268675049,-0.90028096086269416,-0.41345290432978266,-0.13620164246223762,-0.04385663067787067,-0.2251451189419838,0.97333769646622847,16.846879699009342,-6.8881017274613123,-4.3807801515885467,,0.1846005123009331,0.3181818181818182,0,4
-0.99520190843720346,-0.093041862625439176,0.030271657406485832,0.081215694082702086,-0.95808784315824824,-0.27472112373648971,0.054563472008402232,-0.27094445296326636,0.96104730941344574,9.78078138641499,-12.200375815786657,-4.0498513784932628,,0.3074219716917223,0.4516129032258064,0,4
0.88045994763818269,-0.47254013327937228,0.038679491274858514,0.47408175808024328,0.87849667460811731,-0.059076893605080567,-0.0060636012826208062,0.070352079875390092,0.99750379327433758,11.266306867896507,1.8363565585064494,-3.0675717129522493,0.2259614641038155,0.1720836384730708,0.475,1,5
-0.63025163667462891,0.71855011274485014,0.29405545385745696,-0.77548758517431382,-0.5643542931835035,-0.28306048294641956,-0.037441684116282035,-0.40643568647414779,0.91291190870249084,-0.78981837233735908,-16.002187075728159,-3.3161575893497335,1.013166193070292,0.5265582106308146,0.3333333333333333,1,2
-0.23474799136075325,0.93729817936534809,0.25761502966732047,-0.96888173990436599,-0.20421384533078116,-0.13987451324348976,-0.078495570779370499,-0.28243375919606079,0.95606988083214983,19.310667591124641,5.760952103965935,-3.8253046235461041,,0.4117449286110039,0.25,0,5
0.99767508391952087,-0.044020193687227815,0.052025469473284944,0.04543101355272823,0.99862244657160504,-0.02625323238981846,-0.050798129234732536,0.028555765636398694,0.99830061520324143,-7.5808130419288728,-6.0793362732768337,-1.8686160492391186,,0.06759366815024534,0.2052631578947368,0,5
-0.99986689334996737,0.015118793569383497,0.0061333240328383587,-0.01623820028892534,-0.95868900780221478,-0.28399244210116298,0.001586327224178735,-0.28405423496264237,0.95880690191806928,-4.7403844919615938,-17.801575028476691,-3.122468159807279,,0.3002170051969159,0.2727272727272727,0,4
0.82146643582641155,0.56462164697665906,0.079970560683400235,-0.56436307963997245,0.82505254291543306,-0.027975270652208659,-0.081775357840480151,-0.022151686033869966,0.99640458331739867,8.5881794655980812,-8.9391305628072519,-3.5877210923556877,,0.1362957101703114,0.2333333333333333,0,5
0.95553812596071308,0.27614696397771399,0.1033912187827371,-0.28794092651246761,0.9494049528474906,0.12538045440895867,-0.063536703366088937,-0.14957636776759348,0.98670664208305792,-22.209234074861698,-7.296995831782656,-0.91518869049910012,,0.1702109084352424,0.2962962962962963,0,2
-0.47004584911428077,0.8713128546755704,0.14096385709657458,-0.8811145239529754,-0.45381785282727455,-0.13299079717922027,-0.05190467618198797,-0.18671707402471518,0.9810416091369889,16.23650832841945,-3.2094978566150987,-4.091102459769199,,0.270757604060767,0.3658536585365854,0,5
0.69537800199832345,0.69329270281742228,0.18919477412691305,-0.71155646669863681,0.70111452296629106,0.046106619753595764,-0.10068182078296022,-0.16668429411874472,0.98085652215701979,-6.2704172251952865,-6.2960851757723404,-2.0013237244087465,0.5485123573983194,0.4930546555560909,0.4660194174757282,1,5
0.20962184790987326,0.97439132368715398,0.081364790923634286,-0.97354010270095459,0.21573172511512945,-0.075362399191283833,-0.090985434613822191,-0.06341428153063812,0.99383111220472853,5.9495181339606962,-6.397504117213404,-3.1692062098060343,,0.08132096889531094,0.3488372093023256,0,5
-0.95238862079994635,0.29543691883197376,0.075318934948954169,-0.30386453136137875,-0.93998792604754822,-0.15520646077195968,0.024945170901494267,-0.17070361998474989,0.98500660534475415,-0.7258993983008446,-9.5156816672196474,-2.7644570769793542,,0.09713988318879281,0.3170731707317073,0,5
0.6429053836920593,0.75993880225704824,0.095737581147062906,-0.7585421341743589,0.6490347410534143,-0.058032194409120656,-0.10623793250047946,-0.035311778910896034,0.99371353013238828,-8.5641669238393661,-13.266556600085094,-2.4117302695464287,,0.07984709965652473,0.3695652173913043,0,5
0.81914159779974038,0.56998054985749802,0.064258972433694411,-0.56814505441799523,0.82165764828290089,-0.045715491450797695,-0.078855817125076458,0.0009390433210210565,0.99688558937481875,-1.4876075900348478,-13.255798506240124,-3.0434976408046022,0.1950751302644001,0.1387433146389065,0.4821428571428572,1,5
0.84895400844848945,0.52426099942055371,0.066539432112121932,-0.52042683102566167,0.85126419330997616,-0.067120687845870428,-0.091831394892100487,0.022353471204212768,0.9955236397179591,7.5976101368219533,-15.368819879720714,-4.0794267886222073,,0.232080058980253,0.7272727272727273,1,5
-0.75019321780621817,-0.66120349065864992,-0.004481059960460847,0.65019073762923696,-0.73643184885463231,-0.18686930377592154,0.12025864068208028,-0.14310162798991904,0.98237456370161258,-2.1574691059119031,-17.85669028842543,-3.3455149991173982,,0.2626258845855483,0.5409836065573771,0,5
0.99749408124132288,-0.06103873177152138,0.035774727284117076,0.055548329911403384,0.9888306258524534,0.1383053737940044,-0.043817130583626573,-0.13597156540971955,0.98974329624779356,-14.817394567249393,0.2133150390803612,-0.74652587360971867,,0.5120686306162932,0.5189189189189189,0,2
-0.87442322664890215,0.46350388572718709,0.14334632402932776,-0.48514573616558876,-0.83791093785550574,-0.25007773771860575,0.0041994496391151289,-0.28821764022680035,0.95755571978074627,-17.267862857283671,7.5183818246326073,0.11022393428143942,,0.4456327074522866,0.3636363636363636,0,1
0.95574066963227067,0.28685155016767511,0.065390829458441296,-0.28566106514202488,0.95794795519368736,-0.027082669775319819,-0.070409717175862627,0.0072043949528749771,0.99749213952821714,-4.5836534774198938,8.436031838505917,-0.75773475772865051,0.6692980304022563,0.5812957296300038,0.9004524886877828,1,5
0.00044469508257733239,0.98977840200726441,0.14261317318617373,-0.99925233123309409,0.0059532196042305363,-0.038201278794969963,-0.038659808218752853,-0.14248955785000478,0.98904102297740881,19.32574414531279,-11.277036483939442,-5.0572049868516746,,0.3500953696469097,0.6279069767441861,0,3
0.59743196408792831,0.79883508310194096,0.070267761395637104,-0.79545254490642214,0.60144037555195617,-0.074328483489288125,-0.10163806908799404,-0.011488457748354216,0.99475510466175909,-5.4787767392715132,-9.6439235369659055,-2.3761136085200523,,0.1296880058038353,0.6638655462184874,1,5
0.9983568828267555,0.0079154553933088751,0.056752797978261355,-0.0052087193943649015,0.99884890474096033,-0.047683694698042081,-0.057064908259941816,0.047309735400886142,0.99724890833812574,15.649325548137911,3.3162400644526882,-3.4882189282038381,0.3161574622489673,0.279911044128873,0.6111111111111112,1,5
-0.99413810356955079,0.095614740413786717,0.050470312528675135,-0.10034559853039564,-0.98976480971906144,-0.10147109094401281,0.040251607256290151,-0.10594075163692032,0.99355742926913426,4.2116333226854694,-8.5548341979180869,-3.1383642752323406,0.490629485569013,0.4681311999794001,0.9722991689750693,1,5
-0.037608448661171516,0.96130203866491104,0.27291756090069763,-0.99565966039734244,-0.012780239768107124,-0.092187342563491273,-0.085131928480146793,-0.27520002894286866,0.95761030634757438,-15.635039875263367,-13.224158747119223,-1.8978424103025708,,0.683108582625936,0.4310344827586207,0,1
0.8445473568980999,0.53093372246809467,0.069635797565662544,-0.53010210582843276,0.84735016141544584,-0.031455704498227988,-0.075706798589658036,-0.010348250837254002,0.99707642352625836,-9.3961385470266663,-8.6273164920678962,-1.9533981986850961,,0.1372558377477018,0.4466019417475728,1,5
0.31131845046350975,-0.94962828613392025,0.035873953996637863,0.94802008013149397,0.30773174879664461,-0.080988261186640459,0.06586918906799992,0.05922236872088505,0.99606925510960942,3.8448364072550336,-6.8821104082749356,-3.0103608494238876,,0.07403994800486315,0.3269230769230769,0,5
-0.039441940587741336,0.97953515645790945,0.19737074399629728,-0.99618910921280412,-0.023169718136661268,-0.084085806455476975,-0.07779197907543782,-0.199935093028829,0.97671611360061028,-19.550683301973287,-19.115742556022489,-2.1837556549420589,,0.450253761911919,0.4210526315789473,1,4
0.78513168546802692,-0.6181655551939772,-0.037941835035458414,0.61900391819214962,0.78523004202854829,0.015745804476486738,0.020059554753350018,-0.035848674558022917,0.99915588713450065,-0.91058423810818223,-5.8157381430202895,-2.5095921976198281,,0.2422901893639399,0.2580645161290323,0,5
0.54102883348394504,-0.8316405858493241,-0.12514686295387964,0.83685530454484003,0.54712846734258547,-0.017989982727044863,0.083432611095227441,-0.094996716740890719,0.99197511219500156,-12.682199961416808,4.9616808924480296,-0.46738756268466786,,0.373464683918932,0.3,0,2
-0.17360502930763985,0.97827762034629051,0.11328808996842321,-0.98182678366550047,-0.16297412995302796,-0.097239908695522043,-0.076664598584701704,-0.12811061820026304,0.98879229812341995,6.1532710389374117,14.538819396260106,-1.3085083920494975,,0.1048031647846832,0.4347826086956522,0,1
0.84434993148475446,0.5306379428305571,0.074138834831992809,-0.52696729498667605,0.84746490770409388,-0.064099143711269041,-0.096843498574331874,0.015053366355962267,0.99518577810639808,11.933520102749222,13.459708938558327,-2.3019896546271652,0.2153328145565023,0.2185450598804576,0.3571428571428572,1,4
0.989931346045961,0.13188236105565554,0.051409852732891718,-0.13197181827476401,0.99125206948481825,-0.0016655099273896374,-0.051179774294974424,-0.00513591125812382,0.99867625040283425,22.369263430629619,3.0201155599297538,-4.4467768573167037,,0.3639045016094016,0.4666666666666667,0,3
-0.49460613926863495,0.86376971922207224,0.096263384278747505,-0.86851973458930609,-0.48711866153147526,-0.091590830418254901,-0.032221694969338951,-0.12890803599002748,0.99113292783082163,1.7314050410959059,-12.660569777096482,-3.2620006337956555,,0.1735970970474698,0.5,0,4
-0.90641419782615373,-0.42236974504452096,0.0041352690597918169,0.41383434491003507,-0.8899724194066484,-0.19154693333060549,0.084583904804948026,-0.1719095435585348,0.98147474337419605,-14.482684001593356,10.861262105100117,0.19493865800388674,,0.2189803081054642,0.1818181818181818,0,1
0.79557641307893068,-0.59503250990398471,-0.11399334677878208,0.60576687587481204,0.7844329118399711,0.13308455550940215,0.010230495849847939,-0.17493232685707083,0.98452730687118961,7.0488529351549767,-18.353661882031755,-4.1855438290591636,,0.3157107143113449,0.2352941176470588,0,4
-0.98690190338840256,-0.15669523297474341,0.038356708035732608,0.14571770615906418,-0.9678957230425248,-0.20480287944198569,0.069216928565836652,-0.19653110002994134,0.97805140126730195,-8.7137530452761709,19.748761767302028,0.51283618791646235,,0.6980590226174972,0.7727272727272727,1,2
0.45782798437242922,-0.88255470784496637,-0.10719479645097091,0.88744532148856681,0.46089254378783412,-0.0043433223268016206,0.053238501984314041,-0.09314102609197393,0.99422855076938965,-13.5068156668281,5.1479415584205661,-0.37764931862519202,,0.7921594334305211,0.7560975609756098,0,1
-0.22293794096239644,-0.97446768693506114,-0.026672112756197283,0.97030310482279236,-0.21918448617879441,-0.10232324168920895,0.093864579318810717,-0.048691766634311635,0.99439356022217529,5.5901104788986462,-9.3919552352116771,-3.344493218115224,,0.07821634821452422,0.25,0,4
-0.86596158683647873,-0.49880930058984724,-0.036052902361883486,0.49467481579502875,-0.84372095188579288,-0.20840293176221522,0.073534731534170408,-0.19830339632492314,0.97737833322833512,9.4802615448009604,7.4883790456224473,-2.4331649405421203,,0.3106504473553109,0.3783783783783784,0,4
-0.85646732401201953,0.50265922923436068,0.11746242873876021,-0.51605661171344464,-0.82837886607956879,-0.21788535457796787,-0.012218690868050337,-0.24722894955535876,0.96888004938445527,24.877834930568124,-0.79842879651477716,-5.200685792227854,,0.346816993970426,0.7,0,4
0.15402376406640803,0.9567930753100915,0.24662459557284921,-0.98553259003262972,0.16663272469316504,-0.030968516995602241,-0.070726190950668941,-0.23828668888544288,0.96861615710952276,20.392971898400745,-5.2415341167069043,-4.7965989505617737,,0.2131445481991277,0.1666666666666667,0,4
0.16489993676906248,0.94098694371083125,0.29555301152129632,-0.98255951265583463,0.18283237811241645,-0.033898755187869362,-0.085934945994559947,-0.28480852037729965,0.95472472041809253,22.900427846596838,2.2093159893646246,-4.5908393386752424,,0.3349758857422517,0.2758620689655172,0,3
-0.70207859352397439,0.66340747626574126,0.25879754432783625,-0.71150001943960561,-0.63861224099430214,-0.29315887840841015,-0.029212511922796905,-0.38995503085221989,0.92037041622392735,-0.51022741312008169,5.9570119293147865,-1.3962532645467167,,0.5905092422912975,0.3167155425219941,0,2
-0.8233058609152486,0.55269788469289927,0.12919948776445198,-0.56749424067010068,-0.80589827156523774,-0.168755037537933,0.010851091597999551,-0.21225697666780655,0.97715363667489608,-27.425579453055995,-14.145889556089077,-1.2316600338623001,,0.6566022861763553,0.7638888888888888,1,2
0.18741982901158105,0.93652904601865195,0.29628896985318964,-0.97762057528634116,0.20718721963881734,-0.036489269589029621,-0.095560548711663001,-0.28281938049173905,0.95440105801921427,-7.8735476085547385,9.4824080429283715,-0.38232537047898874,,0.3386169077543696,0.2857142857142857,0,1
-0.55643704349676426,-0.82806276264053036,-0.068482682137252338,0.82566102262747698,-0.54182211876028585,-0.15720263145336716,0.093068213361643115,-0.14401684884153931,0.98518904526564055,2.9612571367885687,-21.511118062600719,-4.043472103561748,,0.2337244674486869,0.1176470588235294,0,4
-0.8336550836296629,-0.55228525366375347,0.00044735219174278911,0.54454496092974414,-0.82210598334516483,-0.16617020693885959,0.092141125804080778,-0.138285034380599,0.98609698417646197,-16.745699107378503,-15.079385315200161,-1.9840975488582664,,0.5677546635719091,0.3076923076923077,0,1
0.71227290889964157,-0.70187131165625305,0.0066306199992124332,0.70003852052053583,0.71103757969578241,0.066118303424875513,-0.051121160345425957,-0.042452586897562684,0.99778975983452678,-4.2298346241068989,-18.818751758876424,-3.2605888721654952,,0.2991902345630531,0.16,0,2
0.20392321052796111,0.97256530644891903,0.11194663416060886,-0.97401927515504982,0.21306252808883666,-0.076751617252185364,-0.098497593038617257,-0.093386743257884819,0.9907457495994042,0.92600745402928752,-8.2337053830095286,-2.8381638004965559,,0.07252148723555352,0.1590909090909091,0,4
0.99780676737252072,0.045214050385346524,0.048346092224216569,-0.044703068409446912,0.99893297646662749,-0.011599319044911086,-0.048818958001799043,0.0094126603718967007,0.99876329085741966,4.5420513093226988,-16.131261274382194,-3.8266596753372308,,0.09657858214267709,0.2083333333333333,0,4
