axis_00,axis_01,axis_02,axis_10,axis_11,axis_12,axis_20,axis_21,axis_22,location_x,location_y,location_z,dbh,dbh_approximation,score,reconstructed,number_clusters
-0.91164483970846633,-0.39081734229035808,-0.12714358496608077,0.3984070598194791,-0.91633609573810382,-0.039999679166812428,-0.10087368794152365,-0.087120402963663135,0.99107746138660968,9.3327334488339329,-3.5717006261843793,-1.1949299204488659,,0.1351977900048868,0.6857142857142857,0,6
0.6837046197621317,-0.71823517510017065,-0.12917517627139968,0.72853625383947662,0.68202285527732665,0.063872934181122373,0.042224634485831858,-0.13777901918721538,0.98956254077968631,-11.727610714450758,-7.9129355408745869,-3.4280008791198844,,0.09452269735124932,0.2264150943396226,0,1
0.98140798111246141,-0.16312460659074318,-0.10113722031664105,0.17375544227329567,0.97894414546078878,0.10713265771209537,0.081531717074847396,-0.12271398776284966,0.98908738558236897,-23.14701251997371,-0.052132435744462115,-5.4779538827027947,0.308520641148699,0.2513666994129281,0.2857142857142857,1,5
0.53373762358048993,-0.80461589556749913,-0.26022569007452634,0.84308165689747971,0.53026166979684364,0.089643077520045314,0.065859463842736207,-0.26723738912131217,0.96137750591428617,-11.028718807603898,9.6276261308926347,-4.0380101984863641,,0.2004158053102913,0.4705882352941176,0,2
0.102199339361779,-0.98913741627787743,-0.10565257570518576,0.99469001053793715,0.10031890018334014,0.022976100670982508,-0.012127570657554746,-0.1074397039512356,0.99413763234514785,4.582700599638609,2.8923986667234378,-1.8280599808000968,0.5087865942816414,0.3374731239926837,0.9741379310344828,1,5
-0.94874678219166353,0.30921807603932305,-0.065297203090974421,-0.30740044563266616,-0.95087959961778756,-0.036509629627737614,-0.073379215761704406,-0.014566004299593253,0.99719773476123685,-3.1338896638338287,18.454370541691979,-3.2632864758288194,0.3250168264078422,0.3220517603065297,0.391304347826087,1,5
0.83814013138463095,-0.51787315047971849,-0.17125571574333739,0.54244049927207183,0.82432339643983787,0.16201618077017507,0.057266263297141178,-0.22868829898816279,0.97181389010133112,-6.312074926007738,-8.8183455867599481,-2.6772103087636689,0.2202492366922932,0.163312797128935,0.3150684931506849,1,4
0.14499145854519521,-0.90804927558340431,-0.39296817945145529,0.98940223769552915,0.12993429520018629,0.064809651857655318,-0.0077903139870314038,-0.39820044204305605,0.91726534817614169,2.1382764284001037,4.3073070992742082,-2.1767030731246964,,0.3669136158410912,0.3150684931506849,0,1
0.58394771898470621,-0.80002311597616593,-0.13772463612711036,0.81099906726487347,0.58241418486697216,0.055445740695263694,0.035854907447439945,-0.14407196524489732,0.98891743560441348,18.256118227373989,15.084993165074604,-0.88885916012395938,,0.1284508241877202,0.3333333333333333,0,2
0.97666383371458676,0.21135413463565711,-0.03817310160752975,-0.19717558377810557,0.95282300295580047,0.23075986262791529,0.085144260380189504,-0.21784800850754557,0.97226164179895902,-16.653754183448353,15.228427911084385,-5.162098310953863,,0.5829377313956816,0.1923076923076923,0,1
0.9089131461951544,0.41179430796521732,-0.065592229730920326,-0.40879535960107205,0.9109911721570001,0.054602547748669315,0.08223896061026334,-0.022815174324626469,0.99635145464754604,5.5488464317456607,-2.4682856602307499,-1.6038067616910847,0.1863336217252508,0.1636871320796476,0.5887096774193549,1,5
-0.061430130566428265,-0.97686773678619321,-0.20483106181635033,0.99717984897304823,-0.068930778882458008,0.029679901023221437,-0.043112502370914435,-0.20243016709196199,0.97834724898189396,0.85016741356727665,10.908070813177668,-2.6214696971149669,0.4196561398054925,0.2602362983358635,0.3235294117647059,1,5
0.62443713800871115,0.77964877743040628,0.047180976322699388,-0.78064314215896635,0.62094363298155197,0.070889274646086978,0.025972009465316463,-0.081097401382195872,0.99636773643740073,-5.5354654616798591,-14.460749335011833,-2.4608941928123724,0.4883577815092031,0.2717044639231275,0.4777777777777778,1,5
0.82546714672258037,-0.50338497280411987,-0.2553577076116515,0.56152823338604663,0.77832541034662339,0.28088360350705155,0.057358807449491386,-0.37525074918480372,0.92514693019228922,-0.77493065164994623,15.649155989403733,-2.8952454102726191,,0.2947253963058151,0.2222222222222222,0,1
-0.54427633685745302,-0.8229590407622106,-0.16279338550682823,0.83589793728016326,-0.54843412309010753,-0.022240752711033766,-0.070978219108405252,-0.14818377056252607,0.9864094801623069,1.0012846146869272,-2.5003737927302612,-2.0678730779088346,,0.07373850103439208,0.2333333333333333,0,5
-0.068203205979547141,0.97960469834105457,0.18900517898259636,-0.99767142486226634,-0.066925358242816049,-0.013142466943709366,-0.00022518305269185064,-0.18946142460195578,0.98188813918918016,-11.056472902571629,-15.674957242887247,-3.1071110126242263,,0.294563707269683,0.3333333333333333,0,3
-0.99246457244788799,-0.07818595642863202,-0.094345263013938405,0.097265870128231402,-0.97097242740733547,-0.21852207147769656,-0.074521291883777749,-0.22605198833906665,0.9712605601093488,-8.3501978342318868,3.9935520118943266,-3.317025513804952,,0.2829102050089767,0.3252032520325203,0,3
0.94927899443747155,-0.28615823897935927,-0.13031827570994975,0.30251133543170677,0.94420152612034702,0.1302703727151093,0.085768774359366251,-0.16308568403216794,0.98287678628028041,16.952071032510794,1.0076037553653558,-0.60143742319642912,,0.1782971330423483,0.2857142857142857,0,5
-0.96889890242171828,-0.2158976160526519,-0.12092616039869494,0.23237130257244298,-0.96181131501496597,-0.14464636894843869,-0.08507934312613924,-0.16824747752035812,0.98206633771923024,-18.977061034237863,5.3990062506682364,-4.8891166185302044,0.3994203681495103,0.3056543834472224,0.6724137931034483,1,3
0.21748243378047205,0.9750296456654941,-0.044928621950198651,-0.97520199280288,0.21899436207784614,0.03197722019515805,0.041017852579272908,0.036859997986143887,0.99847828034376751,-10.20082749643548,11.522261623922885,-3.9488064653903718,0.5368840570223495,0.4703762019255201,0.8034682080924855,1,5
-0.98101638753219178,0.17985333736578071,-0.072523268208755626,-0.17459159320457207,-0.98190323200792484,-0.073374508888859116,-0.084407481751191171,-0.059319642706128134,0.99466404228444893,4.4264282003593696,10.246563440212965,-2.1571052745166526,0.5285286201623196,0.4308460326781559,0.896551724137931,1,5
-0.1392073167589459,0.99021278596828288,0.0099980730996973438,-0.99020387362469853,-0.13908130289485302,-0.012356368548796593,-0.010844889092010845,-0.011620227622665864,0.99987367136582839,-7.6575382095686537,11.361969784003618,-3.6134594977391958,,0.2295644188190825,0.3125,0,4
-0.75033525380198351,-0.62902154319285952,-0.2032951182423865,0.65556087782806827,-0.74761162544258253,-0.10638041626348402,-0.085070220190177154,-0.21309330280976185,0.97332127375005106,1.9964335174333712,23.26030516657482,-2.8349300071241958,,0.2097110504828326,0.3793103448275862,0,5
0.8626860429079779,-0.49268887299187714,-0.11415106570578977,0.50196852328393859,0.86166987103963233,0.074516004822354959,0.061647327629961113,-0.12158415921713238,0.99066487735436892,-25.542960176171775,-0.97729612790238485,-5.8384561326130973,,0.1500085529308254,0.4285714285714285,0,1
-0.96304465098398739,-0.2555973847984489,-0.084941021275484863,0.25770631245795717,-0.96611175051034026,-0.014681350250130142,-0.07831000402535146,-0.036028633196928346,0.99627781309206609,-12.349398308097802,-20.200755702708499,-3.1276121859070649,0.2723109094249969,0.2905293339749218,0.8245614035087719,1,3
0.99609415440675175,0.030858223371611603,-0.082729714172382146,-0.026175402739719852,0.99802509713304988,0.057103010288238665,0.0843284284693471,-0.054714491160139177,0.99493469163004666,4.224016470933817,-7.1528639684893509,-1.6176359022985942,0.3508252280077711,0.2655797374460718,0.7974683544303798,1,5
-0.084259609360824106,-0.97400883037799391,-0.21025488478523741,0.99635729068618184,-0.085136300557876257,-0.0048948568733213349,-0.0131326892467862,-0.20990142608617771,0.97763435076726746,-7.8238679455075202,-11.265085688733636,-2.8466599288785308,,0.2923455538115447,0.2686567164179104,0,5
-0.94005030071708395,0.33685606125090967,-0.053229936316357924,-0.33085824470742686,-0.93866550563793416,-0.097159098568288194,-0.082693736345871599,-0.073722876531001791,0.99384439599222707,-15.515692144179976,-8.4787647955344845,-3.9344889857334384,,0.2953126241250417,0.7058823529411765,0,5
-0.98228433757026556,0.18596725272772052,0.023101105537342716,-0.18686212779480191,-0.96270840752553311,-0.19564014740244465,-0.0141430322117445,-0.19649097432847973,0.98040362690439975,1.9860211077848196,-8.7269329506424906,-1.8040103764767554,,0.2652805449207337,0.1574074074074074,0,2
0.68849654337688826,0.72510861506406832,-0.013784270671513138,-0.72384334674487505,0.6882257120878863,0.048950777259416968,0.044981319803399825,-0.023724788323415277,0.99870607051712379,6.4589174643287492,-14.919718114194984,-1.1870597284220819,,0.1803408585638568,0.5,1,5
-0.12129168563311132,0.99156183686217314,-0.045754242150770313,-0.99257424524658433,-0.12073019256096235,0.014852214561012034,0.0092029706862448019,0.047215932509120088,0.99884231040131766,-5.8205501627853309,2.4025666182512664,-2.9908065466968172,,0.07482219298840791,0.2216748768472906,0,5
0.81156242767347508,0.57874631744149962,0.080119448554248587,-0.58248545676253394,0.79074969823088292,0.18821691583890302,0.045575417155264981,-0.19941819073411832,0.97885405784287038,-3.2068431592982289,-15.892668081106898,-2.1839521438538045,,0.4172011520166928,0.2380952380952381,0,4
0.52388828737045856,-0.84151593109558553,-0.13187873243392784,0.85173367321537841,0.51580657738039559,0.092159235251619995,-0.0095295470558148122,-0.16060670111627962,0.98697247949953482,-4.767061843486851,-10.446052669727536,-2.5052013070538268,,0.4531316097804169,0.7471264367816092,0,4
0.45594778625756449,0.88946036598170708,0.031174886599834563,-0.88874322293097552,0.45315555280500358,0.069177515539756151,0.04740358531891542,-0.059247804260394769,0.99711714346371227,-1.0753974190163429,20.226931043685607,-3.0864062761618252,,0.2381749831701762,0.5333333333333333,0,5
0.94577130658439368,-0.27963360254140407,-0.16529272207621196,0.31314394782319405,0.92015026941410571,0.23508370772738105,0.086356838660019294,-0.27409584095141598,0.95781729280159844,7.697218994301898,-0.78959382381372212,-1.4479917880534603,,0.1548867709830632,0.21875,0,3
0.90520194414322463,0.41929763080039129,-0.069274361234911527,-0.41653757214513393,0.90768242276529398,0.051079060233756537,0.084296448980747243,-0.017381490387910249,0.99628911089157812,-13.674427727195717,7.4508892629341279,-4.2608203521461716,0.1303094934040096,0.111560810441175,0.6931818181818182,1,4
-0.99072075894352607,-0.10748954067116114,-0.08317677827774772,0.1119897603985469,-0.99237584401804668,-0.051463363428219833,-0.077010852249789472,-0.06030076994344051,0.9952050772478952,11.397951429037326,8.5375124973461691,-1.3823131032571778,0.2539374324230542,0.2409634251131404,0.5882352941176471,1,5
0.63834112954100319,0.76937156350050029,-0.024248703328434245,-0.76689549897448173,0.63836746140657552,0.066017254335549391,0.066271381372325619,-0.023545307263206566,0.99752379546398995,5.4480833734778171,-12.340292770122813,-1.3967488742236307,,0.2405460173223757,0.6818181818181818,1,5
0.98831501667059385,-0.11398987209837172,-0.10119158503749352,0.13001972497865874,0.97693726382233681,0.16937666212261837,0.079550606156567893,-0.18055440070605461,0.98034270000128021,-32.645979060278904,-8.1335865541158157,-6.6590169819537515,,0.8650288324908131,0.6530612244897959,0,1
0.2768851974391997,-0.9343828024229518,-0.22419492852267434,0.96089570570218885,0.27015081910534544,0.060810999825725902,0.0037456911443614744,-0.23226560975086818,0.97264518521653587,-4.8940647279298597,-6.7220195008350858,-2.5337288950880681,0.8869003940577442,0.79518181680679,0.3343653250773994,1,1
0.062178579635307922,-0.95924333203639156,-0.27565568047521932,0.997479974084448,0.050269534352957279,0.050066707665133395,-0.034169072785557662,-0.27807409778628694,0.95995170222533488,-2.9172250492328282,11.801606049925081,-3.0753095130746084,,0.2149912892525826,0.2105263157894737,0,3
0.87067449144122677,-0.47199030488207311,-0.1383874345845354,0.49103585712643055,0.85038025008492912,0.18904289799303733,0.028455526171084638,-0.23254802162740856,0.97216855568749283,-26.296198593047208,-10.634726970118066,-5.3664496168353981,,0.7459950204130689,0.1304347826086956,0,3
-0.24869989296953904,-0.933380833253589,-0.25874424312779648,0.9661284007908727,-0.25805194534291381,0.0022597986656181716,-0.06887870804690778,-0.24941815014063076,0.96594322294750601,-1.8759906649818896,17.23645329115919,-3.0586248506249087,0.3217846742584451,0.209434246729077,0.2,1,5
0.2691422999060033,0.96305926712301604,0.008903393161329232,-0.96217518666247914,0.26846712829722691,0.046306707881936825,0.042205835761534458,-0.021029717837351341,0.99888759047019471,-9.3873351576039674,-18.49061038043687,-2.8313761853815871,0.5088441748574318,0.3395536764593901,0.5102040816326531,1,4
-0.65786200197338629,-0.74604255940756448,-0.10314109710575121,0.74921765275031516,-0.66222709091797882,0.011322052005649981,-0.076749561346471096,-0.069826782876779583,0.99460229500348674,11.00066577277232,-8.1513432597148405,-0.97562573540818331,,0.2041444652555808,0.3888888888888889,1,5
-0.97566473689546207,0.20676007990845635,-0.072997195391037176,-0.2056981103676534,-0.97837130821805907,-0.021860252671467503,-0.075938189140149978,-0.0063128925171009554,0.99709254275527626,11.477712831599581,-9.8867088860488845,-0.85168181588577441,,0.2801057874932037,0.6,1,5
0.61547963789986504,0.7868247261476301,-0.045734731368596404,-0.78544697449800249,0.6171372922203785,0.047059672787145103,0.065252322430584514,0.0069579360162247529,0.99784453776317739,-13.02346748251067,10.0626700240374,-4.3712955582391455,,0.08529664799412451,0.3695652173913043,0,4
0.52193041720745748,-0.84332818624966355,-0.12800863201558346,0.85290461713225707,0.5180683237513265,0.064489735617135904,0.011931205644294167,-0.14283830789512567,0.98967412016760858,-1.9325917783760249,-11.025633998726168,-2.1682576519721093,,0.3707368268782845,0.6676136363636364,1,5
-0.78171028062094194,0.62103441176997043,-0.056967504500842321,-0.62142468750322177,-0.78337029305411665,-0.012741339090907449,-0.052539460722870031,0.025440977926034489,0.9982947268763448,6.4484686564433993,-4.2738387717472452,-1.4665813093602988,,0.1567194776598571,0.375,1,5
0.97207503996783284,-0.20945010923011043,-0.105833682800104,0.22256693610750827,0.9658235011960673,0.13284925099182571,0.074391367935094099,-0.15269451948536852,0.98546958760576675,3.5412786625331609,-24.276714792979082,-1.2874395532810583,,0.1947535261842206,0.5294117647058824,0,5
-0.74101349164972496,0.67101606034675776,-0.025227999322137481,-0.6671271015847563,-0.73995484846918891,-0.086071206323955415,-0.076422742192386636,-0.046949643062058365,0.99596952538325201,-3.9061683661862494,3.1954072561597662,-2.7969577839312976,,0.1239032379232719,0.4137931034482759,0,5
-0.080331636896590383,-0.96296728703668832,-0.25737294382027648,0.99641154654172803,-0.084486409812253915,0.0051065130332177619,-0.026661921008001275,-0.25603915843916669,0.96629865534105297,-20.908090993864505,5.8741505508499827,-5.2691484916682239,,0.4724566760678837,0.46875,0,1
-0.98497893300915951,0.15377544431875778,-0.078546892062682658,-0.14660504487064313,-0.98508158636896748,-0.090117861799291182,-0.091233011276701872,-0.077248824724833645,0.99282886578303009,-5.009052649067093,-22.755987244526793,-2.2184796170240761,,0.2534863881632529,0.6730769230769231,1,5
0.10796511357447877,-0.94789000259428902,-0.29974668844317343,0.99411132993397067,0.10012052870894031,0.041455318451980548,-0.0092842849893103995,-0.3024573072564809,0.95311771536332102,-14.33685576423121,10.518283972814766,-4.5754567974760851,0.4813311606344692,0.1812411499793434,0.3076923076923077,1,5
-0.99652624383487109,0.0094882675706021279,-0.082737042048116036,-0.0035615640827937234,-0.99743507252129915,-0.071488400217905868,-0.083203128604922155,-0.070945393669638535,0.99400401936179983,0.28312886072643423,7.0947912777267099,-2.4813547822735322,0.301723568282438,0.2987410525668778,0.8080495356037152,1,5
-0.81203173083342384,0.57971601378129278,-0.067333583635520763,-0.58079210208566945,-0.81404047628347709,-0.004317073902481045,-0.057314939366478197,0.035601212587467859,0.99772117918169867,-8.2967328455049785,-13.932814144540613,-2.8115673736921836,,0.07198685516699697,0.3333333333333333,0,3
-0.53498445201574651,-0.83434996104427395,-0.13285999626234898,0.84204548613930075,-0.53939655396825692,-0.0032797621255033316,-0.068927754742498321,-0.11362878188464963,0.99112938840172149,1.2416385666191023,13.800971299990406,-2.6408849742535532,0.1298024571400184,0.1091765308845674,0.2962962962962963,1,5
0.85865756225400114,-0.49942139592760137,-0.1152625701333294,0.50946638687044943,0.85626048808170296,0.085217235341522202,0.05613547392856226,-0.13189482870760616,0.9896729574596882,15.055968498782825,-1.0588593186039867,-0.71210591394100708,,0.126055709476573,0.4285714285714285,1,5
-0.25373284966889548,0.96455207834331491,0.072518474628827739,-0.96725606103529249,-0.25347482949177996,-0.012892757835403229,0.0059458716258308474,-0.073415250307435523,0.9972837347680471,-11.485651528401222,6.0767944923485793,-3.9464961862636434,0.2297900373109856,0.3215515251917201,0.4189189189189189,1,4
0.5886152830701783,-0.78081334873264352,-0.20943391076215084,0.80660089771670174,0.58458268620786713,0.087510426742218858,0.054102128782742308,-0.22043955504153384,0.97389905135710342,-17.879467347714797,12.512571986906266,-5.1670156509914609,,0.2606431723632737,0.2727272727272727,0,2
0.41472915639134189,0.90163631459954108,0.12268530080773031,-0.90848915103193306,0.40266137519965339,0.11185383041989232,0.051450843493609962,-0.15784730950409437,0.98612222243802783,-4.5391981237289656,-5.323211070007039,-2.5453107896067078,0.6975463568690168,0.355813903381563,0.54296875,1,2
-0.79050378045754377,-0.60079918023257539,-0.11892904655381169,0.60726495032297378,-0.79411415807767061,-0.024738311377917627,-0.079580482478869063,-0.091777170213838744,0.99259452841327567,-1.1830178282271853,-14.86174154272468,-1.9763471306745524,0.2697421824856497,0.1807603039524444,0.4897959183673469,1,5
-0.3911519717826078,-0.8898905231977825,-0.23472322359185946,0.91917026887952247,-0.39051960871874541,-0.05119035079098181,-0.046110213386230794,-0.23577381518933382,0.97071342645115499,-0.1913568697373895,13.773437216189775,-2.7918040244526678,,0.3465323242881617,0.3218390804597701,0,5
0.49818047922392772,-0.84169727977211739,-0.20823520198188691,0.86569896264578927,0.49635065167002834,0.064817718725241114,0.048800780672279831,-0.21255992051879807,0.97592866747258744,-0.7362431674646136,5.9180049684819469,-2.5369471046467607,,0.218578727079592,0.2535211267605634,0,5
0.33245744899407836,-0.93374256255505339,-0.1326532000423408,0.94302971133891444,0.33104885436062664,0.033190654687154805,0.01292316294082411,-0.13613038933184668,0.99060663684429562,-38.998728387632802,-6.0459959518402817,-7.5025655958758968,,0.2333543652367467,0.4375,0,3
-0.89692809914924576,-0.43107214767043617,-0.098472272540639186,0.43397619068808552,-0.90087775940280146,-0.0091612515109452865,-0.08476231988554081,-0.05095160562912588,0.9950976248647343,-21.584421719152168,-0.90167628577729497,-5.2019311357320888,0.5759892519612845,0.380446261776416,0.9421052631578948,1,5
0.92145855701298651,-0.36864796978961412,-0.1225267402550954,0.37697381179486028,0.92471717293987576,0.052809992339865323,0.093834284397533885,-0.094851591658121265,0.99105918220433409,-2.0768135130970675,3.5111484479774795,-2.5997446271912255,,0.2119515911211555,0.5056603773584906,0,6
-0.95192039832626862,-0.28272398422157297,-0.11796060357694942,0.29430687162560987,-0.95088092920027256,-0.095963137699711959,-0.085035407709408622,-0.12606588447754902,0.98837056421495517,-10.876335374180789,8.3487596891941944,-3.9359504854169662,,0.1601917277455578,0.2222222222222222,0,1
0.93084045222827072,0.36541578171521877,-0.0027127419566323084,-0.35784906702178243,0.91301902492704912,0.19580680619656787,0.074027682167602263,-0.1812941438511349,0.98063873861793582,-34.482127251816003,-3.5131749205890981,-7.0618975331806189,,0.6011397288392053,0.75,0,4
-0.19622811677701804,0.97988991589654251,-0.036197774937297006,-0.98054925251139025,-0.19625090333459616,0.0029574211246530106,-0.0042058988930400382,0.036074030335149353,0.99934026975294055,-19.986185679924702,-1.6534189285295469,-4.8791789190648949,0.178802523415739,0.07839419393075089,0.4117647058823529,1,5
-0.84060779803260399,0.53908684967821474,-0.052572791354417267,-0.53910379268782138,-0.84210440623873783,-0.015075466921789054,-0.052398765218119973,0.015669636157913388,0.99850329589155373,13.074453495819194,-4.4580745958720014,-0.84070470439772793,,0.3804697333411712,0.8852459016393442,1,5
-0.37642392322882762,0.92638070805064032,-0.011127163727182225,-0.92636030296847938,-0.37652614460246725,-0.0092006257911697552,-0.012712950293489157,0.0068444271050199391,0.99989576192343133,-17.140202715960843,3.4448401766950401,-4.6185153003523496,,0.2039934867244734,0.4090909090909091,0,1
-0.34445381293723298,-0.92216049267415601,-0.1759874896234335,0.93783704198213125,-0.34650202590755541,-0.019950657336661782,-0.042582313690155339,-0.17191966668451933,0.9841902126966493,7.9069395064201382,-5.5671502945627314,-1.2988480842229986,,0.07542489605217542,0.1764705882352941,0,5
-0.76075529507325512,-0.63709673148657997,-0.12393198032437558,0.64463079451120942,-0.7639024733981048,-0.030069085521603693,-0.0755150301983116,-0.10276558697042035,0.9918350237558532,-3.7806064193478939,4.2514705785932136,-2.8174138649693958,,0.08982987736211138,0.2832369942196532,0,5
-0.98748680766986774,-0.12320623026694064,-0.098437947466321465,0.13111939623901669,-0.98826065499980553,-0.078412892493967823,-0.087621393551394686,-0.090338821127820906,0.99204908587697749,15.279613664117488,8.3031156714405441,-0.94805235748888983,,0.1865606958859075,0.1764705882352941,1,5
-0.97314077668635091,-0.21238777814215265,-0.088817005388189291,0.21501264432628889,-0.97638543855777127,-0.021000908365263478,-0.082259294490669835,-0.039533619467348201,0.99582654182428221,-3.1951318577585055,-21.194389051164961,-2.0558635000111138,,0.2535442956871947,0.5151515151515151,0,4
-0.67841600566740068,-0.72451166205706252,-0.12179726925347369,0.73123440041746057,-0.68192490796072924,-0.016573217818802184,-0.071049102038009043,-0.10030588938873536,0.99241662302358113,4.4743840436813365,18.161965353944044,-2.3580088731275124,0.1688982363758744,0.1780196834970066,0.4782608695652174,1,5
-0.18180240689969304,0.97530770873012751,0.12539042282832871,-0.98288617550683655,-0.18408857651929936,0.0067942617437206972,0.029709440301401085,-0.12200930000080623,0.99208421007003789,4.3664076029163308,8.5609201801098518,-2.0711294072619206,,0.4918235151625661,0.1354166666666667,0,3
0.26946712826694835,-0.94969795599459772,-0.15956584585445263,0.96300332135436273,0.26633833238395999,0.041091310071563497,0.003474168106206882,-0.1647351968542671,0.98633171148116072,-11.186901662686424,-6.4457765285092723,-3.350434344517244,,0.1289213169691485,0.6108949416342413,1,5
0.98564574261503124,0.14780740208556079,-0.08158089208621401,-0.14403560981431285,0.98829018202426866,0.050361286916230028,0.088069365674360092,-0.03788783450076269,0.99539353967491706,14.706729907090477,0.24999352852757761,-0.77703040044901683,,0.2066277640936715,0.68,1,5
0.75581230751999995,-0.60082318087229425,-0.26030609122298931,0.64923910408002983,0.73929030165279008,0.17871327766981132,0.085066688748612868,-0.30407458823227068,0.94884261247939428,-2.3921166129415243,-17.517220187616587,-2.0468486264386345,,0.3788016606835583,0.2941176470588235,0,4
-0.89876944932325686,-0.42537137631150557,-0.10617282692866815,0.43042624911841543,-0.90215208161917815,-0.029238086463304086,-0.083346991745480242,-0.071977870523094928,0.99391773559079799,-14.418025856911399,15.871234280022321,-4.8246015331424461,,0.1144735288343961,0.1666666666666667,0,1
-0.4271402915298711,-0.89731446793640945,-0.11125608740098246,0.90206204928040534,-0.43132663098450574,0.015536944731578099,-0.061929238650356905,-0.093723439093720357,0.99367031069899281,-6.2050294331510694,9.9986540812259008,-3.4155136543762628,,0.1127143058537312,0.5263157894736842,1,5
0.9965911581745116,0.021044010804247937,-0.079769750266973888,-0.016046035247973617,0.99789799976397475,0.062786199278815014,0.080923347689066102,-0.061292182832144056,0.99483399626393199,4.882130705522985,-3.6290797142319713,-1.6200099051443142,,0.07883545607523154,0.2982456140350877,0,5
0.71554570555243391,0.69851169960662662,0.0087033773979787767,-0.69537428906504817,0.71103161304433427,0.10434866246795862,0.066700385101953502,-0.080718342179672511,0.99450269374346978,4.4904120082044479,-9.1580858098112223,-1.5647921626959436,,0.6059301526914225,0.8545454545454545,0,4
-0.23053275375800297,0.97288726956102878,-0.018574449408741631,-0.9729171590982878,-0.23078808014219238,-0.01300244578525281,-0.016936675496371668,0.015073910918104286,0.99974293007390869,17.475229067383943,-8.2685499258166679,-0.30996168158806742,,0.3809457548969988,0.2307692307692308,1,6
0.99327055671724584,-0.075733961383394999,-0.087624016409834582,0.084694594938988593,0.99101442023716058,0.10352412506332037,0.07899637173144837,-0.11024874591206824,0.99075970208627462,-7.697967820355001,-7.6475069691043736,-2.8731938587993389,,0.08282588407164511,0.2763157894736842,0,3
0.67894699004447456,-0.72510769385301521,-0.11510784953560013,0.73322849755775543,0.6776848238115879,0.05585024569914146,0.037509399871835179,-0.12231971178276871,0.99178169625711277,1.9831623282979634,-5.6266033905175892,-1.8433541107376217,0.2750671217045084,0.3053629842465694,0.8846153846153846,1,5
0.92003231783659256,0.38931837961324828,-0.044404205111028577,-0.3826984143829526,0.91711260532193739,0.11156340254932712,0.084157339341269663,-0.085648516945268219,0.99276476255962853,-14.67677529480148,-20.370361702462127,-3.4084310052999029,,0.1550946813647339,0.45,0,1
0.61852421589186157,-0.77085369040965623,-0.15235610370829139,0.78518974049540113,0.61376400049844348,0.082285011471784283,0.030080986953930838,-0.17052372173384192,0.98489430628363217,-9.0490955737853245,-10.890976574740764,-3.0600685186289618,0.209364751174787,0.1418365401033087,0.3870967741935484,1,2
0.98404155120187309,-0.15425746308440449,-0.088695324515863525,0.16096138115426303,0.98417117985197544,0.074152023072080547,0.075852879214455882,-0.087245193744606209,0.9932948287811344,12.585474065251352,0.73689110262669577,-1.0016657594747544,,0.230563698909027,0.5384615384615384,1,5
-0.51012632453055939,0.85999456687242559,0.01343420897748347,-0.85989937154414042,-0.50960850142908309,-0.029533812642392097,-0.018552731306584896,-0.026618043149568293,0.99947349936851904,-14.518488176546327,7.1238031944485591,-4.3566666421418994,,0.1179192412261849,0.21875,0,2
-0.34547399643819332,0.93768920752529994,0.037237989682542064,-0.93834647679968897,-0.3446477196114216,-0.026904253274476531,-0.012393839705002067,-0.044236856321635369,0.99894418927192585,-7.7326334420890515,18.76872168595866,-3.9467953279013224,0.2627307366785162,0.2238945538145524,0.5925925925925926,1,5
-0.67297569787197709,-0.72851834399878945,-0.12792471430879473,0.73608900616093109,-0.67661521458598739,-0.019100429308563791,-0.072640794893355454,-0.10701810056256682,0.99159994003087881,12.687925477717933,-7.962308554689784,-0.79449146104333435,,0.1372183656191132,0.4615384615384616,0,6
-0.38691835945658376,0.92162310784680102,-0.030083719820350761,-0.92201664500177694,-0.38714557776438235,-0.0018994623319743627,-0.013397367468783615,0.027002753568596136,0.99954557767248442,2.1726545885191926,18.116464282548613,-2.6124651574756306,0.4798846965687344,0.550197537990795,0.9572649572649573,1,5
0.97823714973888531,-0.18315130595348211,-0.097507322793086118,0.19050487605152341,0.9790199313568233,0.072303984721968154,0.082219043240205708,-0.089306064371994814,0.9926048840274011,1.9101913756996196,-15.926779627370962,-1.6374905247549247,,0.2378207885788809,0.6911764705882353,1,5
0.77227754466078946,-0.62760960455886794,-0.098455971267177769,0.63328203785551052,0.77283871681489213,0.040916724227172969,0.050410857384829276,-0.093949465444845739,0.99429987599333136,17.375699493100257,-2.8005026411550755,-0.46850300780755499,,0.144919713172535,0.4761904761904762,0,5
0.33384123669749521,-0.93601128536240175,-0.11150292531817485,0.94252123882216277,0.33325059618181713,0.024449018663300449,0.014273858953413212,-0.11325596592977767,0.99346330739081168,-4.6295426476856916,-3.4440568622329333,-2.5742151890935161,0.2113761983466253,0.1888496970726807,0.7960992907801419,1,5
-0.26784376163227502,0.96173551437615723,0.057658648460603958,-0.96343966621712485,-0.26694664706295973,-0.02288006077966797,-0.0066127841421516082,-0.061678910573016131,0.99807413706418513,5.1005666006838366,12.90733933699069,-2.2171735405773747,,0.5324020524012072,0.3142857142857143,0,3
-0.88303038015577562,0.46910876676226249,0.013939607911830805,-0.46403705235721288,-0.86827068798523488,-0.17542983333879206,-0.070192319819020216,-0.16137836699023911,0.9843932450530064,-5.3410486382943292,-17.842122352332247,-2.3708253978784,,0.2724057823367729,0.1621621621621622,1,5
0.83227870060360154,-0.51226954273880243,-0.21187751202937868,0.55069152741221561,0.8078865901289769,0.20990021230617301,0.063647514939565178,-0.29137462667836034,0.95448929840520746,-19.486812555704052,-9.0020407069564801,-4.4701216230239327,,0.2561562689167681,0.1770833333333333,0,5
-0.98837153359266838,-0.094249719601977117,-0.11932603210794449,0.12628672719889394,-0.9458854936326806,-0.29891854319973776,-0.084695773903245342,-0.31051187302615335,0.9467887845727373,-12.273887671586111,-11.392207564429105,-3.4994154112628535,,0.6185326063214869,0.2258064516129032,0,1
-0.70116894189096535,-0.69865951199945808,-0.14225681431897186,0.71144532773934366,-0.6987257631738939,-0.075019021020785365,-0.046985748534651567,-0.15380895347715606,0.9869828495292613,3.4295299218009179,-9.4426181255778268,-1.6616718094904137,0.145366183592779,0.1253647013716315,0.1612903225806452,1,5
0.98249757666973703,0.17598665063394875,-0.061050885634348642,-0.16764867513169388,0.9782693931276969,0.12199555810010246,0.081193802501678999,-0.1096252401056077,0.99065123689778245,3.1450967874192193,-15.259457220004087,-1.5202372610023964,,0.07376792745099997,0.3636363636363636,0,4
-0.6633774931520029,0.74749028618176339,0.034475696414546564,-0.74775457809994306,-0.66046908884206645,-0.068144505388952351,-0.028167224036791474,-0.070984890984167409,0.99707961203808881,2.9986520975293183,-20.081315865082143,-1.4512712743225389,,0.2866043780780477,0.2608695652173913,1,4
-0.90294078146398271,0.42477126460714865,-0.065324711505332894,-0.42458168529473089,-0.90522145149387379,-0.017450394482940567,-0.0665457562996883,0.011979003271045218,0.99771146420151657,-10.086995502457219,-19.478205391438273,-2.9052717748989698,,0.08921733922198631,0.4,0,1
-0.36251456725514508,-0.89464875280536238,-0.26112601867991669,0.93057524949956549,-0.36283800148993489,-0.048767711588836041,-0.051116470404720629,-0.26067641584654239,0.96407204745017072,18.716993012567826,16.449491556096408,-0.88027571837501573,,0.3057957839246312,0.35,0,5
0.8708984245245196,-0.48029541271101683,-0.10417413637494152,0.48745632329133731,0.87118135141036679,0.058560958309270286,0.062628005269225726,-0.10178098782956886,0.99283350239223722,3.2737658647017196,-5.4282292090869673,-1.7368081667779867,,0.1148912157102472,0.2733812949640288,1,4
0.3718824497900402,-0.89819049164581921,-0.23442970002795871,0.92819723456005976,0.36316503185866056,0.081000329568186299,0.012382943640947216,-0.24771960025831352,0.96875263217946717,-13.150356740691246,-6.8020828702432103,-3.5914202674875209,,0.2029721616017286,0.3018867924528302,0,2
0.15838852355873656,0.98601050719167438,-0.051926441361807511,-0.98665786001275768,0.160060788103184,0.029779378550168538,0.037674167275869239,0.046516919711061033,0.99820680888314184,9.3291467582032634,-1.9492948857116441,-1.2488899858196005,,0.09221374226406819,0.1754385964912281,0,4
-0.048723919960241648,0.98738654349768074,0.15064459281172576,-0.99868445764613523,-0.05057328970022839,0.0084673741467902047,0.015979163925341149,-0.1500338498092996,0.98855172359955334,-1.5722251260734545,-15.962107098726314,-1.9901357164326683,,0.7688638192983639,0.4722222222222222,0,1
-0.82883654371961446,0.55900039241443211,0.023421039162145153,-0.55946412364265641,-0.82847946374000048,-0.024933361543050654,0.005466091078511333,-0.03376891235430355,0.99941471992698283,3.4259888781599006,-11.380127369381281,-1.6197380851905256,,0.2794778940874839,0.25,0,4
0.53246980567922053,0.84472273285803157,0.054031570704473411,-0.84335154300120041,0.52398345768355292,0.11916170102631067,0.072346948501153488,-0.1090176163142812,0.99140359005589884,12.683219371664329,15.20462838344689,-1.4173856135542207,,0.2387646607247515,0.1538461538461539,0,4
0.98044679767048937,0.18375499243735263,-0.070414342942544506,-0.17623798021382137,0.97912881419996178,0.10122716796161474,0.08754570959124422,-0.086838171086940572,0.99236831911062151,6.3000984749158073,-12.350748720610403,-1.3175008584174555,,0.1591709568144598,0.5396825396825397,1,4
-0.0033830258433273593,0.99554634780059359,0.094212655822045147,-0.9997988173214164,-0.005229990125368511,0.019364195980880353,0.019770685846494426,-0.094128192292151761,0.99536375431144331,-5.7465794594267905,1.5030699123164755,-2.9318841362085659,,0.6628331120243725,0.2044642857142857,0,1
-0.3154937055642979,-0.92860372015839354,-0.19534291043521429,0.94783673884063524,-0.31824975618783541,-0.017961324849051708,-0.045488880545226269,-0.19081987211602319,0.98057051666484807,11.875285944651937,9.2853389426089219,-1.3387328001191254,,0.1044405527350413,0.2,0,3
0.81676726770142305,0.57689183288522805,-0.0093297139223912414,-0.57148346016469787,0.81112264006766788,0.1244456408551166,0.079359216035291114,-0.096311348863871257,0.99218256329683885,25.2517725210332,-1.8613420078791407,0.26806795900219699,,0.1018108912520539,0.2857142857142857,0,1
-0.8693047317142133,0.49121491678272672,-0.05492894455037392,-0.49130616141053723,-0.87089342406142789,-0.012763216154431189,-0.054106738760734331,0.015891804702438148,0.99840868954751039,7.6195305569020455,-4.4751546115663006,-1.3457010590505645,,0.08547491557333953,0.4444444444444444,0,3
0.51866999775625133,0.8347327123816799,0.18493980725483369,-0.85285097972718882,0.4898963783040936,0.18068410251847958,0.060221589201099865,-0.25144151885569216,0.96599716500082855,-10.282939078799092,4.9115141830503966,-3.6158549357451042,,0.3409111478546266,0.2127659574468085,0,1
0.99078730446887819,0.11956584255411982,-0.063596592657291853,-0.10554027808135034,0.97596860700635812,0.19064765364562009,0.084863225285192495,-0.1821792727847833,0.97959631765426836,9.0352045204268503,6.0528283715063038,-1.4863304666003376,,0.1990231943677031,0.2894736842105263,0,2
-0.69825273966626178,-0.6757424604401937,-0.23625248931342999,0.71453411105212439,-0.67792880882620277,-0.17278175339553692,-0.043406401503807868,-0.28945579510819741,0.95620668633239092,-4.4908607628086861,-20.097101999931439,-2.2319765573735872,,0.3467454841406654,0.2142857142857143,0,3
-0.99631976588200444,-0.029719550019769361,-0.080396967974237038,0.050042673833313955,-0.96319654906261842,-0.26409872901904702,-0.069589186720643875,-0.26715006311151396,0.96113900600853475,7.1418968035782298,6.5980684845890369,-1.7106536408175075,,0.5118120835283921,0.3732394366197183,0,2
0.99522517997005377,-0.028269788315813608,-0.093421947218799276,0.035451299055846403,0.99646756858796393,0.076128773454216647,0.090939796287576841,-0.079077201651105405,0.99271181600210823,14.440772175676022,-5.5473714239953376,-0.69263536749142307,,0.133056306393198,0.68,0,2
0.39971419316604762,-0.86785273778064631,-0.29505963686727965,0.91626898080975827,0.38744215969094914,0.10168445161311061,0.026071413223324298,-0.31099871128454643,0.95005267379861058,14.369505457522065,9.7906834608001443,-1.1292972490206312,,0.3459416413753907,0.3846153846153846,0,3
0.23143705297514622,-0.92618513886228204,-0.29768772070885668,0.97284983763836175,0.22042680581200924,0.070535215931673348,0.00028968464295283855,-0.30592991326473734,0.95205399229909116,11.202744131218367,-0.47843354658509768,-1.0819535546577346,0.4532238105053837,0.221584865061924,0.1714285714285714,1,2
0.26324605251073552,0.96076489271489574,0.087363246070942133,-0.96317052205566922,0.25659614769007366,0.080380112177239713,0.054809317460873246,-0.10530545055765556,0.99292834625783766,7.3687961900318557,17.569215191329636,-2.0485020194228145,,0.3775479733665946,0.36,0,2
0.59018522101166526,-0.7935437102250934,-0.14822207953474839,0.80677427147754621,0.58621667746979389,0.073927545192245897,0.028225516492835622,-0.163212704831669,0.98618706805567291,11.611667452872245,-20.344225991100011,-0.5759732723772264,,0.176570181089161,0.7777777777777778,0,4
-0.73213170827005147,-0.64354169704560249,-0.22324257190160243,0.67586106599157991,-0.72712341276965298,-0.12042990525172184,-0.084823235155833648,-0.2390515148788625,0.96729488368946714,13.464683370781596,7.1814657675504092,-1.0717378334431884,,0.4544610237995414,0.7837837837837838,0,5
0.63053760434643147,0.77457657031896798,-0.049532476396486794,-0.77318093761027451,0.63242295492656875,0.047248743877957126,0.067923245072364025,0.0085054567692092343,0.9976542938232601,-43.903959093831688,-2.3930712519953068,-8.0762607966352533,,0.1531790730011275,0.3076923076923077,0,1
0.23019863938774218,-0.95252439615787488,-0.19926329603845519,0.97251413904014172,0.21781138549967055,0.082307045346841912,-0.034997654079172442,-0.21273334264000726,0.97648332762938905,-3.8556945249537993,10.201138949165822,-3.1415150695394276,,0.2536555346831899,0.2307692307692308,0,3
0.98076957968827294,-0.16269129710460786,-0.10780803960980406,0.17893018792209692,0.97013381999671644,0.16378143713114271,0.077942410844494131,-0.17992196404274718,0.9805881232437752,-29.91553933369962,-9.7847593659728958,-6.1284697498451965,,0.08806369148271651,0.1578947368421053,0,1
-0.24853852696825776,-0.93950781213098156,-0.23569826379781675,0.96779280926806999,-0.25092821780374203,-0.020300439375924219,-0.040070923890850207,-0.23315252615979629,0.97161423445925288,-37.22998211187452,-6.3752592608790648,-7.2913379645644172,,0.7907787849824915,0.4042553191489361,0,1
0.01390034258831623,-0.96052869874559199,-0.27783340217120611,0.99972484373224846,0.0080999344950827071,0.022014265504598722,-0.018894901440839468,-0.27806296040155204,0.9603769951182014,-29.405042851815679,-10.501080574799182,-5.9189695957620456,,0.1929760967908956,0.4117647058823529,0,1
-0.73811488976256456,0.67184186585530181,0.06176501270835888,-0.6732386199098167,-0.72747972720236231,-0.13237449592539419,-0.044001933738444549,-0.13929017838183513,0.98927350921453194,-3.5974823924774904,15.71998713987016,-3.2159944654397017,,0.2942045984860294,0.2857142857142857,0,4
0.06156353328969405,-0.98507210759419583,-0.16075719022431953,0.99802458547354234,0.058733955427084851,0.022299086758292768,-0.01252430274519869,-0.16181243870549181,0.98674205166341644,-0.064372682018884478,-12.867198710724569,-1.928182099765037,,0.1005354621299477,0.2413793103448276,0,2
0.15443651327490146,-0.98132506456292379,-0.11467554677464932,0.98797808204390014,0.15256930161198803,0.024938275932530861,-0.0069765871561977286,-0.11714830714186107,0.99308992612222602,11.52367883775352,5.1038332892593417,-1.2118397908053218,,0.3290128752691199,0.5897435897435898,0,1
