axis_00,axis_01,axis_02,axis_10,axis_11,axis_12,axis_20,axis_21,axis_22,location_x,location_y,location_z,dbh,dbh_approximation,score,reconstructed,number_clusters
-0.91112415030164806,0.40730314450005384,-0.062904143086673414,-0.40196871240320325,-0.91193044902016118,-0.082486425542623532,-0.090961183952338612,-0.049869876982566071,0.99460497605015696,-12.259715161147083,-31.340853205747489,-6.0317751266458277,,0.1937492806214611,0.8421052631578947,0,4
0.3168518663849057,0.94574662543911669,-0.071890300033627327,-0.9480214862243761,0.3181330498384693,0.0068281957645353825,0.029328423505647464,0.065990022510961158,0.99738917204052091,2.8256433980002562,10.804552307352616,-2.8675484596609855,,0.1584180078568024,0.5625,1,5
0.10188191600342723,-0.94527735893808063,-0.30995288330731796,0.99297093524082192,0.11550000977083326,-0.025854777313041238,0.060239496664896926,-0.30514007016776185,0.95040030546058607,15.787654088360501,5.9040915767347162,-1.4126372013412043,,0.4288585674200267,0.2439024390243902,0,2
0.58708883513683974,-0.7401735528443375,-0.32782588568851423,0.80571312234792158,0.57350916927986029,0.14803241951777596,0.078441469479038586,-0.35104179868174484,0.93306837447437563,6.3573153884018625,-24.785091660876816,-3.2948763898266762,1.089222579121916,0.4875692797124521,0.1333333333333333,1,4
0.54219275348789731,0.83971708675676215,-0.030037181524718778,-0.83869470844447147,0.54301749996689486,0.041511212424435867,0.051168389582392969,0.0026849466363418101,0.99868643075246832,9.312554418683396,14.188871161696785,-2.0221395694117179,0.3167920917366342,0.2739731455827804,0.4545454545454545,1,5
-0.62314801795532204,-0.76137798773980625,-0.17885778569477456,0.78085060236512149,-0.61860378051136766,-0.087187725759251475,-0.044259287210490626,-0.19399206819436626,0.98000418007949952,4.8032943501038829,10.749866222426347,-2.5720388366148241,,0.1272855948437476,0.3,0,7
0.088918843289475441,-0.97414844592765026,-0.20767340851636668,0.99561931689214311,0.092979059118187629,-0.0098524310055293166,0.028907008480364597,-0.20588759035512694,0.97814860067296294,-11.548935817706568,11.178894351312294,-4.6961910254254358,,0.1152551110222903,0.391304347826087,0,4
-0.49494724701648152,0.8674599747963464,-0.050402527685911337,-0.86664356508320983,-0.49701647309455027,-0.043629767046355149,-0.06289796316790372,0.022086593195359491,0.99777554020448544,3.2475761534353307,15.313477619588586,-2.7097289333847789,0.2652828076910658,0.2726512670391218,0.3125,1,5
0.16019240208660948,0.97738922169982911,0.13801704104466989,-0.9869784907487541,0.1565397442694812,0.036996854776564531,0.014555174785444878,-0.14214646590418431,0.98973861656394768,-6.9372194793509996,-26.01844455527635,-5.2597429907548818,,0.6419337111071777,0.2264150943396226,0,1
-0.22109828145119226,0.97485903340639712,-0.027666133182556542,-0.97491739072380101,-0.22167610993510137,-0.019894309446082878,-0.025527068057751685,0.022573596744568016,0.99941923211752781,35.445344025951606,3.3119103477267209,1.5065036459972985,,0.6118643290370857,0.2962962962962963,0,1
0.98606652515361815,0.15215805380176411,-0.067236408550191598,-0.13445308478632395,0.96698561848062403,0.21647443646557032,0.09795496905675774,-0.2044180528106658,0.97397026839744205,-6.1543914449999582,9.7208057959485981,-4.1382186501734814,,0.3884278704141684,0.1428571428571428,0,4
0.00250332207724893,0.97373193748681797,0.22768365619153613,-0.99999473788149573,0.0029073707583156449,-0.0014392375038987169,-0.0020633923273326439,-0.22767885521813772,0.9737340916793773,-20.38557234835071,7.5562080809272807,-5.9137910321534335,,0.3980555109330969,0.2285714285714286,0,1
-0.8913787979046649,-0.42777013466525265,-0.14985509846016715,0.43872216936081043,-0.89733169290666626,-0.048152788253650269,-0.11387140447618554,-0.10866712839551901,0.98753468721300763,0.25494589167737164,-29.313210456873595,-4.1567315927851141,,0.3451092466523849,0.3333333333333333,0,3
0.99433190061467014,-0.023453609074910127,-0.10370149295636633,0.035368321869026706,0.99278266393335046,0.11459347277035116,0.10026541391819475,-0.11761169335895805,0.98798498792089529,4.8975102853815455,-23.648919125976516,-3.4905597766603447,,0.2386579703098006,0.1956521739130435,1,5
-0.15478568215760616,-0.97540153626130333,-0.15694978705972878,0.98792442679117187,-0.15391542158324403,-0.017758658400539917,-0.0068351699568721816,-0.15780331447071044,0.98744690712651428,-14.584266345034251,10.524208687150024,-5.0538407437012243,,0.5946167898499491,0.8,1,6
-0.23227448425466135,0.97152547518732724,-0.04676339408414118,-0.97228383392367235,-0.23323808758283529,-0.016252408787185865,-0.026696633774977017,0.04169227221847286,0.99877377027149894,3.6078683141397172,-9.6242121965174867,-3.4022209865038695,,0.1991151911419606,0.2696629213483146,0,1
-0.22391425045642016,-0.95062758323779117,-0.21487113912765418,0.97440928422910744,-0.22282124509559903,-0.029618229895880869,-0.019721948449831057,-0.21600437662585256,0.97619319503252966,-0.32489723477640448,11.769020153987293,-3.2496255523747117,,0.2476075307889412,0.2857142857142857,0,5
-0.85562327067860433,0.51058126505637635,-0.084944631653096764,-0.5092388860583964,-0.85976687405350072,-0.03842758392453708,-0.092652984837259186,0.010377574557874809,0.9956443794583707,-2.0533878462445121,11.453760832840501,-3.5138759106283346,,0.6572025390297356,0.9481327800829875,1,5
-0.82113706309826906,-0.54426550532732021,-0.17178178982984682,0.56445720605548388,-0.81895758722727729,-0.10342404389170366,-0.084391860616921527,-0.18188878479354575,0.97969101446728646,-3.3630357162123361,11.091134668998617,-3.7225176169632039,,0.239627536005682,0.5983606557377049,1,5
0.43552241527752833,-0.8071684272846672,-0.39849636859779014,0.8989022000484661,0.41352874996992289,0.14480610379518219,0.047906790112220293,-0.42127556651568421,0.90566651506944507,3.9765472585117285,3.2905197928833889,-2.992504807915775,,0.6386591500975953,0.3412698412698413,0,1
-0.96220499985615204,-0.20155820728725274,-0.18312789882203387,0.25305107640772462,-0.91024586404770458,-0.32774627337765555,-0.10063146118742465,-0.3616998148454017,0.9268476427979343,26.159021103346188,-7.9728137401130175,-0.29844659860011347,,0.4041208557543509,0.1666666666666667,0,1
0.98940290214180071,0.12074033945988093,-0.080645320140084423,-0.10147936999897494,0.97227700770870928,0.21066408746060808,0.10384524398351197,-0.20024782322939821,0.97422634669459329,30.675880022193645,4.7645246545768742,0.51629100529083893,,0.313926277501089,0.4375,0,1
-0.52923595251408784,0.84625534213056663,0.061328643242640507,-0.84651436384287726,-0.52172148510037719,-0.10592508575566581,-0.057643198854628978,-0.10797494107492686,0.992481069706456,-4.3538528018505573,27.095088071964188,-3.3525371546374765,,0.2911575319805454,0.25,0,1
-0.97508622346338458,-0.18394734826979003,-0.12397673118947278,0.18986717136886236,-0.98108740805149419,-0.037655743243067419,-0.11470533574468636,-0.060256707737092512,0.99157037830120021,-10.000460107410445,11.749557260261261,-4.5149447474661235,,0.198154694374268,0.2608695652173913,0,4
0.8454174069436271,0.53292691369521938,0.035472703533899669,-0.52718791707064772,0.82196926086818622,0.2154981073757288,0.085687269366152286,-0.20088663182774899,0.97585975069242237,4.0781520421694237,-28.309169186495069,-3.6392892333373328,,0.5194869037700991,0.2142857142857143,0,4
0.44397278577334093,-0.87737111602105378,-0.18195628668619662,0.89471117862783345,0.44513394511258964,0.036710730677754121,0.048785984985974612,-0.17909688908652829,0.98262110296312855,8.2930388730564442,5.8111209307279994,-2.4133639276095225,,0.500964376063935,0.2021276595744681,0,1
-0.82430525603284555,-0.51045755522914027,-0.24485491456394046,0.5569497915744569,-0.80878637040199375,-0.18886909942375071,-0.10162565887508232,-0.29205768498955575,0.95098608512256755,9.2138953883998695,11.477990727777202,-2.1303665820320199,,0.2281191583770063,0.375,0,4
-0.67559401596266744,-0.72143414332939626,-0.15200494213681123,0.73437164074032224,-0.67675253046148043,-0.052002940208706529,-0.065353032613659837,-0.1467609939751143,0.98701073539026651,-5.1702751608659545,8.907499443891238,-4.0326471032821676,,0.1630263435378446,0.6229508196721312,0,6
0.11809975822321656,0.9920820102390171,-0.04272858607223106,-0.99298351124615103,0.11824890356054779,0.00097118484161204486,0.0060161034637139432,0.042314084733602875,0.99908624489193854,-13.005216313990205,9.3191196796817373,-4.9745095618626136,,0.08373281065327329,0.28125,0,5
-0.96485256010206577,-0.19423039441690063,-0.17701438119301183,0.24263516362179291,-0.9171438866367615,-0.31618865978880573,-0.10093420945702913,-0.34802535121664713,0.93203575053310828,23.93525354354141,-11.242559684444535,-0.69839803274785961,,0.5568852019266576,0.1627906976744186,0,1
-0.77764552581306956,-0.6075942285795134,-0.1615446983957726,0.62422586608297259,-0.77679422837789247,-0.083263406558689995,-0.074896624061953826,-0.16558979484153361,0.98334658973754596,-12.454250197053454,10.391785834134067,-4.8501631696782477,,0.124262276525175,0.1538461538461539,0,3
0.45687307238404645,-0.88073691707212387,-0.12477771690751804,0.88810652426102388,0.45956882424532214,0.0079559629697390152,0.050336838352895812,-0.11445076971372015,0.99215282291417772,5.4914176909228667,8.251686725493709,-2.6771213179904567,,0.08157552671935794,0.4545454545454545,0,5
-0.57524788906635327,-0.77132003126666737,-0.27231466264505871,0.81587626947826686,-0.56489623353321705,-0.12344293516524885,-0.058615518652753322,-0.29318535895704728,0.95425707556522543,17.755276645574568,-23.176077299851521,-1.6927171275014001,,0.4081069792680456,0.3,0,1
-0.82943750050926723,0.55743175757259256,-0.0361008088340177,-0.55194838249408618,-0.82779156408140231,-0.10056892908760515,-0.085944259907812348,-0.063489858128652613,0.99427492279736307,-16.72839400177655,16.877472102254465,-5.1734590017720894,,0.1533254132812699,0.4285714285714285,0,5
-0.84971258549680506,0.52707175085512459,-0.013560659970998881,-0.51575711673033275,-0.83626177587838657,-0.18617421611689866,-0.10946743164224461,-0.15120056764192805,0.98242316226482052,4.011376693455138,-29.741485086925152,-3.6038288239108658,,0.2863067335536399,0.3529411764705883,0,4
-0.18911248596480035,0.98180748790692962,-0.017044774627398836,-0.98170494572826728,-0.1894278021445871,-0.019300448371270519,-0.022178078926592477,0.013082983778814852,0.99966842920568932,-8.3622982918386874,18.396802609103933,-3.9947987545705304,,0.1296486126224474,0.1333333333333333,0,1
-0.99446702974706858,0.0091798088798086888,-0.1046473021867988,0.0024910765084194372,-0.99383366073616652,-0.11085327837092275,-0.10501962332761529,-0.11050061491540344,0.98831194104869824,-8.6271969853925228,20.055877097345206,-4.0456508030162484,,0.4521274475645396,0.2222222222222222,0,3
-0.071944601541814687,-0.95148649346345793,-0.2991612058165356,0.99739482497457677,-0.07020926782590442,-0.016559644479423083,-0.0052476111635658745,-0.2995732155383129,0.95405888241193604,18.577725222715166,-23.36916607408126,-1.5632322053127465,,0.2267613699439736,0.2352941176470588,0,1
-0.56267012780316383,0.82603723907758764,-0.032631379606880777,-0.82361952094435098,-0.5635433686109157,-0.063794642518474942,-0.071085947959985823,-0.0090194984194550566,0.99742941437020605,6.6632525367270725,8.3283356155698609,-2.5537073919528264,0.9534056549809826,0.4092874523499404,0.5151515151515151,1,3
-0.1487514187080114,-0.98142240808061809,-0.12117372796771934,0.98881205546889805,-0.14899946669750502,-0.0070624275735593402,-0.011123596168801153,-0.12086858914167918,0.99260619067542266,-0.70866815241115777,16.446948558729055,-3.1805812425649549,,0.1900968149698947,0.6551724137931034,1,5
-0.7116375308874332,-0.6637882717480037,-0.23012421628815172,0.69871921807793258,-0.7028598655215168,-0.13333965549542065,-0.073235776236755284,-0.25568171567179648,0.96398308146467304,4.3808753692170335,-8.7037488572160164,-3.2543218729424055,,0.1930662118249549,0.392156862745098,0,1
0.11905997935109712,-0.9470320817754514,-0.29825317668881757,0.99268691478295479,0.119569701392524,0.016606496548063676,0.019935158279144032,-0.29804919492754434,0.95434232163696253,3.0227950141767104,20.923835450130191,-2.6191892127016492,,0.4862977556234133,0.6428571428571429,0,2
-0.37248993716352674,-0.87024589150206222,-0.32237142403707691,0.92723269079819348,-0.36344414208508041,-0.090265678412014355,-0.038610669860199204,-0.3325363798260586,0.94229972528125339,2.4963872055688858,18.707890652131027,-2.7341797342652665,,0.4635623894727389,0.3939393939393939,0,4
-0.29643103184498681,0.95459642688556023,-0.029568651248215939,-0.95453028504653692,-0.29715179170511047,-0.023932146068011032,-0.031631918820937542,0.021129942351195748,0.99927621168921144,6.4005820153321045,13.718336038569937,-2.3509399578532433,0.2547341106174457,0.1697091987549021,0.2857142857142857,1,4
-0.7875605157902601,-0.56287436905562582,-0.25084034489772722,0.60854920062598616,-0.77448475684640417,-0.17274614852447234,-0.097037644167882589,-0.28869673720497285,0.95249036191530567,8.8667226010765834,12.274128204011916,-2.1408150631696889,,0.4053875325288064,0.25,0,5
0.38989469336471294,0.92038353529148986,-0.029601960245478658,-0.92003852322978397,0.3907028519545121,0.029671488802692849,0.038874720052936892,0.015666187760556512,0.99912127727411371,5.2666874649511435,24.315204053148232,-2.1968224962222882,,0.1198656698101437,0.2727272727272727,0,1
0.63624056302058718,0.77036635710490609,-0.041636784315848573,-0.7579945612247535,0.63425001111180823,0.15222078885082105,0.14367390549762893,-0.065288584343582867,0.98746909300163477,9.1070617407084988,-31.685752373962995,-2.91727214007234,,0.2488274303981398,0.5333333333333333,0,2
0.54142609985443291,-0.7958016311314704,-0.27121493742954261,0.83949149896353814,0.52934741389297102,0.12265944143349621,0.045954342171020936,-0.29409365734968973,0.95467120996828736,-9.6949284429137244,14.53536184292299,-4.3548687543158406,,0.5086225599559252,0.7804878048780488,0,3
-0.21003610503919634,-0.94651631182602669,-0.24493204369216121,0.97749269970309638,-0.2083753033389725,-0.032981130749908091,-0.019820610664533566,-0.24634651287494672,0.96897912205951986,26.99616148089039,-14.766987692428728,-0.25721484079854945,,0.2112154932188495,0.1875,0,1
-0.89821887584898774,0.43704942887990073,-0.046804356467465461,-0.42642674166361183,-0.89227410135122853,-0.14834811104969475,-0.10659777231601154,-0.11329044431729424,0.98782700416806468,-3.067672250943934,21.263743162702365,-3.3041813562468967,0.3928635103567762,0.3468931745278611,0.5,1,5
-0.28677655437704019,0.9485663499661513,0.13409357766696559,-0.95780712410069735,-0.28110655673145368,-0.05987166929807558,-0.019097666914693587,-0.14560557501167345,0.98915837743201462,-14.905241395403074,13.573659164763257,-4.889547296244336,,0.4877560981517962,0.21875,0,5
0.3606114667622185,0.93140349077384177,-0.049466224981340304,-0.93202551063751427,0.36187783799732193,0.019310046278184768,0.035886175060642241,0.039140359485921324,0.99858911204700729,-3.1323552573777813,15.641728166849187,-3.5597995050215872,0.2662402085272022,0.08610489386521056,0.375,1,4
-0.80165699594631279,0.59778128605603764,0.0018960199163130162,-0.58624177124699328,-0.7855536984146646,-0.19805547847062843,-0.11690443317308861,-0.15988408597553261,0.98018897798141313,-0.406835442787643,15.670478402272236,-3.1695964766505846,,0.5360212974029251,0.1578947368421053,0,3
0.73673414035494345,0.67416744890229274,0.052163754428114911,-0.66878848733616802,0.71512918249558277,0.20325405666259011,0.099723445799182325,-0.18463072112672257,0.97773551187126451,11.314811883754384,7.5584065017142974,-1.9521391851167333,,0.4153981347252286,0.3181818181818182,0,2
-0.98003416770536689,-0.16410626156984473,-0.1122593650597504,0.17029288601787676,-0.98422973681878623,-0.047876488314458544,-0.10263217381382406,-0.06603756563647542,0.99252489985040504,-0.36008609561882216,9.2181628145464423,-3.3587854404896862,,0.1270427361065435,0.4789915966386555,1,5
0.58776192128936389,-0.78701445840962214,-0.18746777359441089,0.80592191069895502,0.58987010079329549,0.050429535447527575,0.070892860977545061,-0.18072494693405558,0.98097537982260363,7.9098123888158938,-24.853427926126578,-3.0786075115283946,,0.5966647397575118,0.8666666666666667,1,4
-0.99481334881805372,-0.013873583093230371,-0.10076668450219092,0.036796315296281121,-0.97264701086731264,-0.22935523414890285,-0.094828435577233486,-0.23187349124692241,0.9681127268365689,4.298123034070338,8.6547610583141044,-2.7435428074807087,0.7691974968811793,0.2631362658641187,0.2307692307692308,1,5
-0.99025002348331981,0.10760987333619974,-0.088459064837093745,-0.092595797884314629,-0.98290438037436445,-0.15913829600399401,-0.10407165418812776,-0.14939576366635945,0.98328530782936707,-6.5696922793922123,17.352483108453349,-3.8576241926505723,,0.09445754163143211,0.2941176470588235,0,3
-0.9945229603781689,-0.010690019002325003,-0.10397021099513534,0.022176249142508774,-0.99368893949864434,-0.10995683467628938,-0.10213860805108127,-0.11166026603850357,0.98848353032996872,5.774104466282898,19.5338041167978,-2.3065915746243002,,0.1766941730243901,0.5555555555555556,1,4
-0.40691982503486934,0.91345695892794176,0.003555303040274238,-0.912735592184863,-0.40643692823723726,-0.041506169710373832,-0.036469093113743543,-0.020134734942274357,0.99913192206848522,-11.829635697469847,15.692249281162567,-4.4749828870406247,,0.07944465535782318,0.5,0,2
-0.47352991507146946,-0.86332986428588732,-0.17444473326678275,0.87948150366806355,-0.47420763506809893,-0.040489548637681776,-0.047767187882159702,-0.17259392884812788,0.98383414836373639,4.3352569575033604,16.120857973953484,-2.5404818597938181,,0.06554430883738155,0.2631578947368421,0,1
-0.90350819193342646,0.42167339020725231,-0.076580017630667629,-0.41763429099635946,-0.90639146503802837,-0.063530395010461954,-0.096200551418166233,-0.025417790961046294,0.99503738111163531,-3.5729989319336242,8.2636043879699006,-3.7915034942412271,,0.09291178454285395,0.4205607476635514,0,5
0.1033903701220443,-0.98239497094993733,-0.15559740492148172,0.99447562896157138,0.10495175745655834,-0.0018308490564771802,0.018128838007840861,-0.15454853496249199,0.98781885767251576,-1.6392469309503594,15.783007894633418,-3.35610997718867,,0.125470768968497,0.4166666666666667,1,5
0.90794149636828725,0.41488326839256578,-0.059279952601339572,-0.4077718025801923,0.9071847579960246,0.10362418578784677,0.09676981033884241,-0.069912005175046379,0.99284838487021165,-6.3427674567183487,25.864371990335236,-3.6247516631913204,,0.3356813694746944,0.6071428571428571,1,5
-0.99197590932443858,0.078634437372263777,-0.09899707358857629,-0.070969878955967791,-0.99436881675940136,-0.078701540883798007,-0.10462825431464361,-0.07104422225386367,0.99197058771085278,-18.234282389119322,5.8779648962142241,-5.7485416800231732,,0.08054389650249882,0.5,0,2
0.52917073371333534,0.84255062107546597,-0.10043299013091962,-0.84428952695706416,0.53463220431974978,0.036655160275496132,0.084578538955857235,0.065397683671153423,0.99426838113184535,6.577032922799102,9.869011918398801,-2.4687287598728305,,0.1237927087421924,0.4230769230769231,1,7
-0.61722917223338869,-0.77166209688387644,-0.15351142360379982,0.78430407850338191,-0.618936309272758,-0.042248757458392384,-0.062412029185461411,-0.14647680122325324,0.98724327565010894,-5.0409717031743995,11.527387418742119,-3.9716563213125728,,0.106900651742592,0.4520547945205479,1,5
0.66828389720444092,0.74385852065411506,0.0084340967219818652,-0.7407145558233823,0.66432469228559332,0.10007322324688844,0.068837341091981905,-0.073124581844434905,0.99494432809150823,-12.274751441309942,-27.102207919842446,-5.8981914131740245,,0.1091443502822314,0.2051282051282051,0,5
-0.68525536729025815,-0.70990695799662262,-0.16265667089878261,0.72479995230169225,-0.68661233068591798,-0.056820212015760076,-0.071345012042594066,-0.15682990256335971,0.98504531414479046,-4.2250656268479352,13.270616638103784,-3.8051851593193473,,0.09170442326262247,0.4186046511627907,0,5
-0.10888204604631499,0.99294219471902812,0.047015933419736484,-0.99398501722605925,-0.10819264975941985,-0.016974571221305981,-0.011767989585304259,-0.048581359435450736,0.99874990159525168,0.38823002322896977,17.972256258153532,-2.997384391698819,,0.1729575423270804,0.375,0,4
0.85365092884273497,-0.5030103564478059,-0.13513205760362337,0.51283543264608922,0.85706735758356867,0.049349403111072318,0.090994014685781055,-0.11142767102911176,0.98959787965637502,9.7100345978683986,-41.61399453003483,-1.0705113594260363,,0.3803158570422321,0.5789473684210527,0,1
0.90542835082843443,-0.37668294965074012,-0.19572801781686847,0.40645446207025121,0.90229014776588068,0.1437611195970882,0.12245109954298113,-0.20971991962387257,0.9700635461317324,-2.6425612321363796,-26.832217049187982,-4.6337345013882407,,0.1724444249049293,0.2941176470588235,0,2
-0.81686430547569777,-0.54686056230242241,-0.18351084937404979,0.5726740048177249,-0.80696444969550907,-0.14440519773766286,-0.069117223944074671,-0.223051344595596,0.97235328303470148,3.0625782939258235,17.03586249329177,-2.6821753029260638,,0.4936680502745672,0.5510204081632653,1,5
0.3600291440293808,-0.88727118415803441,-0.28832076098032156,0.92890434790479248,0.36964117238899041,0.022407947662949929,0.086693297855395077,-0.27588992268238599,0.95727165562825656,-2.9819006674552018,-28.858317286548129,-4.6393214130405935,,0.5034995654596276,0.4210526315789473,0,5
0.48091417001574105,0.87574551627113939,0.042324364248808637,-0.87312162178206898,0.47395811720789993,0.11411545342061034,0.079876120678960799,-0.091834056121557678,0.99256551999429332,29.610274817947911,-16.277795165007742,0.22069815354663633,,0.25417562898223,0.3076923076923077,0,2
-0.43862817268924581,0.89843254245279491,-0.020598368505819246,-0.89675310987873291,-0.43907399520688201,-0.055207668451849649,-0.058644573884679876,-0.0057439877154469281,0.99826240065376126,-10.667175377356598,-30.482237115444935,-5.8454428371275462,,0.3942962616391088,0.7272727272727273,1,6
-0.54608643514399857,-0.76001311372882951,-0.35237717336957147,0.83588827774419439,-0.52220562751870125,-0.16909189725603108,-0.055501283602851698,-0.38688673994853973,0.92045546224161612,-5.4661569949947566,-7.4559185841695568,-4.4570829249993853,,0.3872452630422193,0.2275862068965517,0,1
-0.99544240850485477,0.010272547123554179,-0.094809736449627424,-0.00074717483853076281,-0.99499102604494383,-0.099961491684498638,-0.095361696082935307,-0.099435068590632475,0.99046393879563388,2.4629749242594574,26.134202257092959,-2.4634531338417562,,0.2552105195237954,0.5,0,4
-0.89977994522473492,0.43049821911682062,-0.071185205686423267,-0.42514268169866076,-0.90166430351727755,-0.079089720955211162,-0.098233142927647704,-0.040899475546122728,0.99432262497169777,-0.33888770888251341,7.0348906483253515,-3.3197996614719152,,0.1372136462092536,0.5033112582781457,1,5
-0.71732380666470563,0.69655349783106046,-0.016117724757898216,-0.69246417673607952,-0.71528982946046404,-0.094094759724673502,-0.077070878607162205,-0.056335464227566891,0.99543276776534972,8.4659531758112117,17.05710529567731,-1.9910549264990709,,0.143811324599239,0.3076923076923077,0,1
-0.44476120251271101,-0.87669226997118055,-0.18329794464812299,0.89416390201235973,-0.44640686706072769,-0.034522824030734763,-0.051559568243718774,-0.17925281814745544,0.98245103598536498,-6.3438448558795102,12.378637814831844,-4.0321888338591698,,0.4063477189289101,0.3428571428571429,1,4
0.50735275048104844,-0.78684837345723313,-0.35137277038356746,0.85931225011016665,0.4925324045083595,0.13781976389407158,0.064619218425471969,-0.37186216222805202,0.9260361164194193,-6.5161575682087634,20.92089057343977,-3.8089199124251736,,0.4500216121516491,0.5769230769230769,0,5
0.26543470628092142,-0.92810400276422966,-0.26108882924126892,0.96366927734936647,0.26375517238381135,0.042127579253220721,0.029764754232336887,-0.26278540502433045,0.9643950903606302,-5.9371236961786389,14.378259684179268,-3.898927645486689,,0.2381417494730383,0.4871794871794872,0,5
0.1966637365434819,0.97402327732250327,0.11225876341153077,-0.98035653409623469,0.19709708983387664,0.0073350687682510879,-0.01498134785572453,-0.11149615425182521,0.99365193443352129,12.159934249505481,-21.463241441385527,-2.5033357776518983,,0.5090468762294527,0.3333333333333333,0,4
0.92101525220107894,-0.34344920445133331,-0.18377581226791118,0.37624186513868035,0.9065351278841226,0.19140564471583804,0.10086111307115019,-0.24543167251572234,0.96415264870049755,-4.8476513620849548,-27.309669863146475,-4.9605476813195928,,0.6101202733979658,0.2285714285714286,0,4
-0.98963235184762688,-0.097630294409876417,-0.10533818770976461,0.10250870358246232,-0.99384823577751669,-0.041924335793930387,-0.1005970867688504,-0.052287760091250975,0.99355232186244835,1.9660124045793868,11.033095255382719,-3.0033542609421624,,0.09227072111634813,0.2222222222222222,0,5
0.71361040238712625,-0.64391289091514592,-0.27592821986557242,0.69813872092200469,0.68627633823997392,0.20402723818480817,0.057987239581406641,-0.33823213402223135,0.93927445592888137,-3.0017523197170428,9.4712895243609889,-3.6658571689382753,,0.2673854841095386,0.25,1,5
-0.98227219268531918,-0.11256718519439672,-0.14989986088914695,0.15664988735349819,-0.93211396136901314,-0.32653388156989444,-0.10296675322312318,-0.34422694815829846,0.93322326154694202,9.252653078287473,6.4374845535957768,-2.2554215829758788,,0.6036347399166714,0.4603174603174603,0,1
-0.97377377844121848,0.22106789804182703,-0.053792312421769226,-0.21340757406444216,-0.96945229134673916,-0.12091096780063759,-0.078878614036013747,-0.10626024307296501,0.991204784587843,-4.3533927954085421,14.76917317541376,-3.7234156890466914,,0.1678653543051816,0.4347826086956522,1,5
0.38518567517957492,-0.84678654901158668,-0.36685765093494244,0.92118530710483504,0.37659715757710355,0.097939832953799863,0.055223415419793101,-0.37566889852354723,0.92510715761552653,3.9938592463879572,-24.394388833914075,-3.6057818895456566,,0.5955703700412261,0.5319148936170213,0,3
-0.80106022018576517,0.59623528020061678,-0.052971825341644595,-0.5924084331667917,-0.80236441279309034,-0.07255065400164469,-0.085759967052235403,-0.02673648681655013,0.99595702132366559,-8.4796682959240801,9.9263801662667017,-4.3835289257123851,,0.4897839476743081,0.8027314112291351,1,5
0.59481972615726875,-0.73563993862817101,-0.32407309988540095,0.80152640170668854,0.5734514914290656,0.1694367561803182,0.061195757543478051,-0.36053747055323038,0.93073509205668115,0.4583753790796769,-23.404224248310211,-4.1650143772837307,,0.6133900879177631,0.15625,0,4
0.88350492197841901,0.46813689585316848,-0.016337061573887462,-0.45649736119897694,0.86830927675760072,0.19403391228098338,0.10502005550503209,-0.1639720910327527,0.98085877745171246,-2.4385804823832626,-25.478693267538645,-4.6389751929247174,,0.2591163882884343,0.3571428571428572,0,4
0.99378777034338095,0.095433318349557303,-0.057256870895329583,-0.081478596173331502,0.97434372874282693,0.20979880034249093,0.075809668786742182,-0.20383027255125108,0.97606665454267405,7.474104801769279,-23.307744539513422,-3.1432850777521377,0.5557347349524834,0.4572775351620315,0.1538461538461539,1,3
-0.03606028508772486,0.99934903569120992,0.0010773590123514952,-0.99548115572636398,-0.035825910696604894,-0.087941871235843946,-0.087846026848656514,-0.0042436995426604245,0.99612502557715987,-0.0094735821022319863,-25.951090076671168,-4.179952482021827,,0.1261406085726748,0.2222222222222222,0,2
-0.29033918276080478,0.95680711702755161,0.014943217833273327,-0.95684517701299421,-0.29007975357162336,-0.017350613672068683,-0.012266465699587848,-0.01933590890676902,0.99973779384696126,1.476039428125687,-31.848187279790249,-4.0268033474984621,,0.2243822799935803,0.4615384615384616,0,4
-0.13587077598500452,0.98942824588192013,-0.050703831060972308,-0.99045354705648325,-0.1368567419339228,-0.016492522865299092,-0.023257329091353061,0.047978937444034059,0.99857754741696358,-7.2463229535068363,18.397957328332758,-3.8875214192745502,,0.4391033872298978,0.9307692307692308,1,5
0.69886215921354466,-0.64397029697093222,-0.31127791286654471,0.70877588979855966,0.68195967638132082,0.18046533692137301,0.096064668112905802,-0.34674667469069409,0.9330264321718349,4.1333342658971262,-25.755936324122487,-3.6432117649634215,,0.4221534143667549,0.15,0,2
-0.75465346372571063,-0.62215984210844544,-0.20836333783653824,0.65161507348014269,-0.74783665210825279,-0.1270359704059828,-0.076785061699898058,-0.23164082677955533,0.96976625104642011,-1.0339545351428125,9.7839248688364364,-3.3958987253574699,,0.218699989140362,0.2307692307692308,0,4
-0.8642026995131582,0.50220657316962536,-0.030696123849636946,-0.49532406721366634,-0.85990094769792391,-0.12338731128898028,-0.088361544764008232,-0.091427118588710499,0.99188372271828518,8.0753216907500196,14.90588215119007,-2.1372236287008546,,0.4355389977355177,0.5151515151515151,0,5
0.34360004840060032,0.93878579721989763,-0.024904491107180789,-0.93786486648229062,0.34439004670495443,0.04248514974335988,0.048461314027391879,0.0087591477189202776,0.99878665308161685,-11.304888673780622,-26.247836109698795,-5.7359453606124742,,0.5472460896753142,0.4848484848484849,0,4
-0.72253767586670747,0.68822161615914867,0.065500488581603594,-0.68905809601348189,-0.70924456150265047,-0.14889960475834155,-0.056020061329975418,-0.15271921630955584,0.98668059355517024,13.713926307665389,7.2981666248086805,-1.6770136946255279,,0.488873378633787,0.85,0,4
0.35679942044415897,0.93338467094032151,-0.038564616221853219,-0.93255238323337175,0.3583103333653756,0.044269148730808103,0.055138245315473511,0.020168318155460951,0.99827501864281354,-13.334485663871719,20.699337920335072,-4.6259803631557261,,0.201569652814302,0.3333333333333333,1,4
0.93428567353667424,0.34565052982661404,-0.087384160204842368,-0.33682373161640977,0.93608285496189725,0.10148232588180701,0.11687623387208027,-0.06538042426419105,0.99099210192559783,11.670277442859287,-23.222498451196266,-2.5481759776341808,,0.201516646419114,0.3,0,5
-0.95107593851301575,-0.28438924662850962,-0.12073655446324025,0.29254126571624556,-0.95461941837167874,-0.055869257385919732,-0.099368843380222921,-0.088456330863233582,0.99111114941538747,-19.139670324237802,13.349749201717183,-5.5556453621692974,,0.1066509399447745,0.4,0,1
-0.50237645933022246,0.84752631569905801,0.17122218696305275,-0.86276322923977811,-0.47828248555066055,-0.16396790627202779,-0.057074542333511384,-0.23009782313847152,0.97149240264880987,-14.316172355541198,16.589350400810755,-4.8424733865086926,,0.5353665899859383,0.1904761904761905,0,3
-0.091399431065878015,-0.93981734225730007,-0.3292256174620361,0.99578756987150097,-0.088680414668236271,-0.023300209090915965,-0.007297923694075472,-0.32996840340659095,0.94396376681685235,-2.438990770181126,-23.642986744073561,-4.6633778847957048,,0.3337177249123875,0.375,0,1
0.61192066535214096,-0.74212099072793236,-0.27351331674341767,0.78867010781640212,0.5985943124483456,0.14030078453578437,0.059603358561890141,-0.30156472642781762,0.9515808717196127,3.7526984577222144,14.372949962421057,-2.7113796823132392,,0.5104069600283293,0.582089552238806,0,4
-0.30876571007212328,-0.88578719899553215,-0.34647478173643159,0.95065636400576303,-0.29899799971422913,-0.082780877877879105,-0.030269024744779372,-0.3549383527636033,0.93439956757185005,33.498743717557232,-0.68636165550373751,1.0031832332366954,,0.5629032846316318,0.28,0,1
0.40280279751729553,0.90579624865812347,0.13146506086832274,-0.91448162661929033,0.39225218263121403,0.099305487244086638,0.038383080751515752,-0.16022291077720396,0.98633430335465,-2.4624192006035726,16.543915506111208,-3.4418166250228466,,0.3963851379826938,0.125,0,3
0.094727610679096977,0.99547775962720264,0.007121085776469231,-0.99547384504300584,0.094667430381969869,0.0083607093101863081,0.0076487652810106081,-0.0078808446553193228,0.99993969252010173,-21.970995111433883,7.870893520572829,-6.0938067839424344,,0.5408473067177236,0.3333333333333333,0,1
0.9555193846145309,-0.23106695301898164,-0.18327784603817746,0.26099638510053347,0.95188320543649119,0.16062144991378485,0.13734479455124668,-0.20131176426248965,0.96985049413773128,-13.538057043764564,-28.962179255405559,-6.1448694635791306,,0.4065873593199059,0.6595744680851063,0,3
0.83997917808348899,-0.52422077198617945,-0.14009840328997822,0.54226285085540371,0.82031519495223859,0.18175252821526725,0.019646398355868532,-0.22863849883316986,0.97331313352022431,1.4741115365368425,11.902803929359077,-3.0284534373491137,,0.1802225319276085,0.15,0,2
-0.97512189687093109,0.21897032234230618,-0.034485999712136527,-0.20188964757515396,-0.94153671951764772,-0.26972055168623643,-0.09153063118333131,-0.25604804965719657,0.96232091311678769,31.479385213827442,-4.7101495476130868,0.59008029107795801,,0.435526132248411,0.7142857142857143,0,2
0.97173770379911029,0.22038867096638903,-0.08458527487038868,-0.21490790596829801,0.97417201595793468,0.069307108414450799,0.097675109252826908,-0.049170286089466303,0.99400294566883751,13.214772131530463,9.1690494488104246,-1.7028733603130668,,0.1181505876249014,0.2727272727272727,0,4
-0.061625185464082022,0.98980791895004649,0.12838465679471459,-0.99808748668272729,-0.061739988775582892,-0.0030891282505649512,0.0048688236644012289,-0.12832948753022444,0.99171963638235772,-4.7822425614739199,18.197604351567321,-3.6174575087264631,,0.4325493808479188,0.7096774193548387,0,3
0.80256759339058303,0.59607184640343591,0.024158062100399329,-0.59184201301888184,0.79048209488670396,0.15767399687102979,0.074888514907197501,-0.14084179631319221,0.98719567399085983,-11.171028712440926,20.253024678612523,-4.3548704860073704,,0.3812442620583375,1.0,0,4
0.98523070778591459,-0.11440949608112634,-0.12740062653742315,0.13606237381562564,0.9747927329433127,0.17682239177367665,0.10395904418241918,-0.1915452818718576,0.97596256184615404,-3.625449070150748,-7.2343473799276561,-4.1764445695031904,,0.2497870787275829,0.3464052287581699,0,1
-0.98424541247760189,-0.10108368643974185,-0.14506224992240013,0.14356093057690511,-0.93580469906176167,-0.32196245810003982,-0.10320478297390073,-0.33771534396541542,0.93557315011795439,-15.99139752443809,-26.50100436944874,-6.4871867369263194,,0.4202274032207566,0.2162162162162162,0,1
-0.57809551108056956,0.81529899405650286,-0.033062521968994382,-0.81355607903445504,-0.57902645012968235,-0.053431042627879413,-0.062706350033941663,-0.0039900301594460418,0.99802404446223036,5.5214912735131056,16.440963433881493,-2.3868720428725925,,0.6817384198964528,0.75,0,1
0.4751592370451348,-0.82841570272644427,-0.29656554575158645,0.87836024535846491,0.46650379414746035,0.1041992774439455,0.052028634659213445,-0.31000263470215011,0.94931100681137304,21.331268586336265,-21.204864292590816,-1.1124392164963077,,0.1220699215881323,0.1818181818181818,0,1
-0.24626516908413359,-0.90135128158043276,-0.35625739808357004,0.96891385696296961,-0.23792672476277471,-0.067799789297618124,-0.023651728924240487,-0.36187945622399037,0.93192481181795139,-9.27294276593625,-0.92424453517233129,-4.9095092666960234,,0.1706652372214303,0.2706692913385827,0,1
-0.87195903654680873,-0.4700014944342944,-0.13706215310541478,0.48125726037868177,-0.87426085300770473,-0.063713501167703177,-0.089882634124550886,-0.12151771939832971,0.98851128266452348,9.3251103087715368,8.5136977847378184,-2.1959847170070126,,0.09004950080234121,0.36,0,2
-0.99131447704544973,-0.075774369244000286,-0.10748884856477421,0.080372545330609044,-0.99599750423106526,-0.039105313226831279,-0.10409544445933382,-0.047404815484962039,0.99343692397235295,-8.7599457935716281,-28.192139763583949,-5.5102778029779707,,0.07771256849653946,0.1578947368421053,0,1
0.67423378637211573,0.73653082148297611,0.054140099001870945,-0.73526726121796149,0.66258909244345421,0.14268058436941336,0.06921600895282666,-0.13600751295635061,0.98828695252141729,8.9094196593544677,-22.536708364541706,-2.9586620615038552,,0.6494002865667854,0.4857142857142857,0,1
-0.98804040484952838,0.12311451941764819,-0.092838426814239719,-0.097970178357457888,-0.96616547086041937,-0.23859196773922042,-0.11907141780204555,-0.22664310716548802,0.96667207440630309,-8.9663792721412321,8.1022730786799144,-4.5373727483736026,,0.1056719469026123,0.2692307692307692,0,4
-0.94368795266415906,-0.30293167512918562,-0.13298664669791238,0.31582180333425719,-0.94459761174073975,-0.089397653394204052,-0.098537487968932913,-0.12636357108406684,0.98707781424143881,3.9661923230704477,-22.108133228852086,-3.6058123176392201,,0.2899633834500333,0.3,0,1
-0.97236668297281492,-0.18721254839294516,-0.13947937327312826,0.21009454183301884,-0.96223092898738516,-0.17312400986589871,-0.10180037984418015,-0.19764387423923127,0.97497363125332148,-13.216607220809198,12.889617447168805,-4.7204282079055506,,0.1628923200651923,0.15,0,1
0.82761121702023688,-0.50947939784207019,-0.23556403935398257,0.55430473054567875,0.80789597011184255,0.20012587831594339,0.088351226120327725,-0.29620068307066266,0.95103060738942991,-3.444566812493985,-27.201938095796272,-4.7732642632904234,,0.4487410027595932,0.4594594594594595,0,1
-0.78869275669234828,0.60777336593230524,-0.092602760241478357,-0.60576710321007565,-0.79396231727037814,-0.051672579025291432,-0.10492831938756181,0.015341917023877173,0.99436144000686921,25.180490814124202,-18.460499894292184,-0.55430249385028463,,0.1719382463330987,0.375,0,3
-0.91153920664949006,-0.38902883745242983,-0.13323977773633874,0.40009870427151767,-0.91387818284309363,-0.068903510532175555,-0.094959473361379373,-0.11611731375559826,0.98868572755204343,-4.0947047929818252,-28.530107910904242,-4.8293368849627809,,0.08352819839555903,0.2857142857142857,0,1
-0.40495690585235872,0.91085394599189484,-0.079718212934545812,-0.9133428095724645,-0.40703891956759136,-0.01114585840229837,-0.042600664369937105,0.068296464244070793,0.99675512357198237,6.326623493118289,11.744153690483172,-2.3962909558984711,,0.07649719977709077,0.2916666666666667,0,2
-0.013163271606582242,-0.94246243238089245,-0.33405282790496371,0.99972801910700282,-0.018836760620134601,0.013750064062680197,-0.019251391975631475,-0.33378097609065688,0.94245405400314808,-13.965725603565755,-24.692326151838703,-6.1573050264880234,,0.5632652345066047,0.2553191489361702,0,2
0.23447096209344312,0.96365654995394812,0.12802117663038845,-0.97186491945042075,0.22933206983029109,0.05371573409143434,0.022404157574039029,-0.13701407036581464,0.99031570635085331,-7.8841073499674179,13.598011431463567,-4.1994063894407478,,0.7240708440050677,0.3333333333333333,0,1
-0.47882871421028245,0.87760495062468558,0.023078411703847314,-0.87410174617894243,-0.4741423902174064,-0.10552313076216874,-0.081665168674611724,-0.070700384991662216,0.99414901085671215,1.3286955577719883,17.956570234320395,-2.8679749318648895,,0.6031703691984585,0.9166666666666666,0,2
-0.53916943578299537,0.84076007541018416,-0.04918145091097606,-0.84015103207112507,-0.54100985547326885,-0.038138951094872066,-0.058673357047902767,0.020756489998434467,0.99806142360862482,18.672123293037163,6.2226962304821889,-1.0365501862020756,,0.8338538039386734,0.5319148936170213,0,1
-0.81127270875869517,-0.55624712659378561,-0.18007144742986453,0.57383657886976658,-0.81654659855575484,-0.062954214617203463,-0.11201862690807936,-0.1544046195655554,0.98163691896874183,26.319933635290379,-12.165461527901162,-0.30050984670865172,,0.1581237242864958,0.1,0,2
-0.78181212949635548,-0.54307001994089787,-0.30634090098086364,0.61831156257656483,-0.73859898021487369,-0.26863052322786435,-0.080377893456481164,-0.39943272257908718,0.91323211418376948,-17.503396226186545,10.535562025858392,-5.4457143187808015,,0.5791101040978708,0.1063829787234043,0,2
0.80938891943059721,0.5863383931560936,-0.033118964568658787,-0.58126453169627013,0.80787940945655079,0.097274888681766397,0.083792131461645297,-0.059482337607599724,0.9947063537636871,-9.8299573951596795,-27.486795149179901,-5.5980985135570442,,0.1202491384208679,0.1666666666666667,0,1
