axis_00,axis_01,axis_02,axis_10,axis_11,axis_12,axis_20,axis_21,axis_22,location_x,location_y,location_z,dbh,dbh_approximation,score,reconstructed,number_clusters
-0.99424852771409766,-0.10396413450033136,-0.025716218150166614,0.1058097969004422,-0.9906788274359315,-0.085788972193728497,-0.016557536599299722,-0.088016587117236672,0.99598138957211313,-0.037986640841012116,-5.4942271467292167,-0.85670099932112964,0.2215055253764053,0.2140796694155513,0.2898550724637681,1,5
-0.96220611344480433,0.27106261256489045,0.026162096990544614,-0.27028399044274076,-0.96231911546915683,0.029807457338902086,0.033255973294958469,0.021609721704782359,0.99921322057309114,-22.542900882050624,4.3908595973447389,-1.0960367726320557,0.4064491927645865,0.3614608454167154,0.9797297297297297,1,5
-0.62317137826117097,0.78143539377052762,0.031877243901770762,-0.78015729980501214,-0.623978776321371,0.044778055579012314,0.054881881135988853,0.0030351380833971713,0.99848824082198873,-18.403533384330043,-17.797185428010241,0.34653866155810836,0.3066354923529178,0.2692839796271485,0.6984126984126984,1,4
-0.39486750343975818,0.90478782589299678,0.15949496808074301,-0.91735852731871215,-0.39779784952074582,-0.014498388610963506,0.050328789801634112,-0.15203901154800586,0.98709227121106002,-7.7749136745790919,3.220079540172788,-1.3299381439226143,,0.4887915942445686,0.3443983402489627,0,4
-0.89337964476086329,-0.44927097260109666,0.00532949388019467,0.44924988035722058,-0.89303033610767113,0.025910688729627068,-0.0068815206152098149,0.02554235638082553,0.9996500551215598,14.355512836615105,-17.390140458382195,-0.22455136732542594,,0.3105365952883663,0.4545454545454545,0,2
-0.047150801457868104,0.97234652323661253,0.2287335582540368,-0.99673724570645039,-0.060817057437264503,0.053067396263548103,0.065510800204246239,-0.22548508658965591,0.97204156844358003,4.5305433270903883,5.5714611446372801,-1.5408955548208909,0.2586049227955875,0.0916504041574136,0.2777777777777778,1,5
0.062669183638600565,0.99624790643164651,0.059688209494288408,-0.99666486641096763,0.059339213432709412,0.0560178704628886,0.052265834768814044,-0.062999735553016842,0.99664402663948692,18.441393065223885,-7.5971031298003293,-0.45755715004411202,,0.4462007125971651,0.9150943396226415,1,3
0.63262899300413156,0.77228641860329095,0.057915842836659744,-0.77321310538607568,0.62561252591129057,0.10368443027820616,0.043841200597154448,-0.11037506540789424,0.99292260225377205,-0.57785913151652524,12.527337248614989,-2.2928782914153651,,0.08667005615822336,0.2222222222222222,0,5
0.05714244848910062,0.94803764972534643,0.31298459272608148,-0.99619338073792529,0.03347273534090231,0.080488037389046099,0.065829239359216876,-0.31639246307717017,0.94634154540173676,0.42456442036067377,-27.317959135569197,0.11533166335450031,,0.4112540067044891,0.16,0,2
0.97513995480292415,-0.22158971840426384,0.00025542997329996704,0.21862920591260523,0.96229828382318217,0.16181249418071392,-0.036101784844739512,-0.15773398380970083,0.98682148916739043,8.5201946153792854,14.980930782376969,-2.0463975509725687,0.5969745260794339,0.5721364788846245,0.9861111111111112,1,6
-0.80095454100977737,-0.59836453939865397,-0.020777421063617494,0.59781408410993031,-0.8011677493118019,0.027359793538489028,-0.033017329928742296,0.0094929159324299156,0.99940969600633633,2.6454524410796321,-12.687791046586753,-0.46149069054613256,,0.1240933554906933,0.4230769230769231,0,5
0.58554325852963529,-0.81046820983123213,-0.016744349597843267,0.80821925760339353,0.58207382288227427,0.089284356716253691,-0.06261568517166137,-0.065812958968378091,0.99586541781623794,-1.3668817295386482,-4.208277746007596,-0.93395548230991876,,0.07265878348258173,0.3275862068965517,0,5
0.55114057289113105,-0.83315289024238326,-0.045829361701842736,0.83164980357150375,0.5440209822761457,0.11135427725406945,-0.067843003564954388,-0.099485839816830623,0.99272347335157973,7.9423394019146958,-7.2504011488482112,-0.72759811196425495,0.5500382118093448,0.4998746501360186,0.9554455445544554,1,5
-0.65867849497500031,-0.74443465080575022,-0.10936037187751713,0.75105891586652773,-0.65925409149569691,-0.035979824118240189,-0.045311644804229653,-0.10583521874075597,0.99335077456014065,11.38661836428081,15.390909088349545,-1.979361378154626,,0.3006063327200147,0.6842105263157895,0,5
-0.47749939157420374,0.87697568883707622,0.053925617613516726,-0.87718705301971844,-0.47933389307138313,0.027962349107549946,0.050370676597062194,-0.033950848910828363,0.99815336236341301,18.940130150275618,4.982822387214461,-1.1438106466040581,,0.4323695352353981,0.9111111111111111,1,5
-0.62717625135610433,0.77496723925554867,0.077946955139617469,-0.77653358247298399,-0.62990774975006192,0.014554109264638491,0.060378348988505949,-0.05140043662700499,0.99685126778671218,-2.936251140267705,7.0999039079377946,-1.7906522711515249,0.3536259477571458,0.3228149901994891,0.6934523809523809,1,5
0.87581776558740376,-0.48212517673940192,-0.02232835496601223,0.47765075334305573,0.85919650092657796,0.18338792388359959,-0.069231490756008152,-0.17127955730187394,0.98278701351726006,-19.662086114501221,-22.701083508428596,0.7218823482596487,,0.4978207431587259,0.5,0,2
-0.99788347152631773,-0.064436141848107628,-0.0087499073317463868,0.065026404575163801,-0.98800662511204584,-0.14005168846797886,0.00037942405130774771,-0.14032424009569852,0.99010553158688741,-6.1504460374256418,34.164517788130119,-3.793832269908564,,0.33963182444448,0.2222222222222222,0,2
-0.65562584596775375,-0.72801353945752356,-0.20037723539762811,0.75392949452195457,-0.64583254672432,-0.12037706958324654,-0.041774003745604783,-0.22999262587767552,0.97229538960799045,-23.922336478760066,-19.709242680637949,0.68738442731394667,,0.5171255043171028,0.3636363636363636,0,1
0.29642154355323402,-0.93219240812204907,-0.20772959047071951,0.9529717151504512,0.2743271918221179,0.12880024048967501,-0.063080731136578125,-0.23613959021435971,0.96966948765683469,-7.5530304624829157,-3.3527297456164833,-0.91953923223722922,,0.1735490905881686,0.2134831460674157,0,5
-0.73983033911090124,-0.67176339802941154,-0.037215674104156188,0.67102463446333149,-0.74076396351109686,0.031538711240041858,-0.048754582086210967,-0.0016393386802069096,0.99880944293408136,14.985053606294318,-13.361306408583426,-0.44470222250566044,0.4507799034992242,0.2998192986536497,0.7142857142857143,1,2
-0.82617324020222882,-0.55534219249180417,-0.095041182716473577,0.56336950149477416,-0.81643746489088609,-0.12666755980941971,-0.0072513418951193368,-0.15819265204471125,0.98738163993451933,13.834159462223313,0.66298710385104143,-0.98522632675262622,,0.1780758575873307,0.3043478260869565,0,5
-0.78555845445252992,-0.61874295313284156,-0.0074210906612875403,0.61792836650007577,-0.78504315364753274,0.043264081935080079,-0.032595222237334097,0.029400762908250753,0.99903610877070503,0.38874887209674547,-3.1950714138407936,-1.0477049702147982,0.5164140137172565,0.3470651157861407,0.9064398541919806,1,5
0.99398569193845288,-0.10910124513262627,0.0094531757704689173,0.107012901837038,0.98602361344444245,0.12769366691572126,-0.023252592587779231,-0.12591406609460792,0.99176860451290305,-7.7773749788119746,-10.719171898461859,-0.40513451907588371,0.4892890570896345,0.3596322248063571,0.7309236947791165,1,5
-0.95747884783420878,-0.27241466991868157,-0.094997387138659059,0.28529569456168463,-0.94299714493244635,-0.1713556281941781,-0.042902477954572422,-0.19117173499853754,0.9806185523041091,0.61765008117109454,18.121360745068561,-2.5077108630195291,,0.372035347914456,0.2564102564102564,0,4
-0.29444665932325242,-0.95545462789532132,-0.020189572724276069,0.95370844978224567,-0.29512951540466831,0.057782021000923438,-0.061166638188819879,-0.0022412430519673119,0.99812505188591438,15.523743524110872,7.6058685617278474,-1.3253276397724356,0.346707625362323,0.2939382905454904,0.5227272727272727,1,4
-0.041551203815102897,-0.99779691813717974,-0.051718542298315344,0.99617631089061609,-0.045354120137418921,0.074671021199153587,-0.076852163807401425,-0.048418115850448119,0.99586617121760568,-7.4559976916561412,-5.9572970760447346,-0.69872027780558399,,0.09087764825095516,0.3018867924528302,0,5
-0.57409716697275492,0.81657858823516516,0.060098686422586499,-0.81656359502745979,-0.57639946857062074,0.03142527497629833,0.060302057590818796,-0.031033238106422539,0.99769764958274942,-20.136319742133917,-10.616855125865433,-0.032584980765919681,,0.09029522870444825,0.3611111111111111,0,2
-0.96590503360048052,0.24413807896549661,0.086163010998295833,-0.25739877930702976,-0.94132135130164196,-0.2183116625260845,0.027808892040252012,-0.23304658758001381,0.97206787496594371,-2.6740747963577651,-37.993201497132105,0.16027924116093173,,0.4219665847230605,0.1538461538461539,0,1
0.40951804023712984,-0.91222074474574166,-0.012177338619931434,0.90975417949236825,0.40734109572588117,0.080128425848796189,-0.068134481846624864,-0.043892420625461642,0.99671016238178733,2.8628618067213956,-8.9913590287866469,-0.61133242101695739,,0.08702356992750114,0.5098039215686274,0,5
0.62261588823562175,-0.78251070844315451,-0.0051426538246597481,0.77990044506646117,0.61997413324193951,0.08594981033162169,-0.064068334625645262,-0.057524475509980709,0.99628619543562791,3.2246057859734463,-10.479226525313267,-0.52159312430716864,0.1334738530497944,0.08839518196634417,0.4736842105263158,1,5
0.98074591866050453,0.19460187530263032,0.016357052285192561,-0.1922989041910137,0.94774176788929654,0.25457154759517864,0.034037838910488567,-0.25281544954129775,0.96691559817573158,-28.249683127703946,4.0745606349417791,-0.9175628512605335,,0.2668799400030551,0.3043478260869565,0,4
0.5920889458722155,-0.80278361104816298,-0.070492226581378159,0.79782898672458413,0.57160414249159364,0.19167058258500019,-0.11357635369191982,-0.16972677490284685,0.97892452914569783,-33.318201428724585,-24.313134875528828,1.3052262233451588,,0.3241266429874147,0.3529411764705883,0,2
0.99865005649894456,0.036274762137422853,0.037178035000889252,-0.041874110570835142,0.98573607908135508,0.16300595468024287,-0.030734728216716609,-0.16434270299952264,0.98592436446831677,-34.67225400653907,6.7514259969674555,-1.0580777085028272,0.5135556999953813,0.4645869985544751,0.3333333333333333,1,3
-0.035579522348607874,0.99352358157432152,0.10791195691477938,-0.99711926762608394,-0.042529804503305964,0.062804314005747944,0.066987041420463786,-0.10536654395320584,0.99217469615843845,-8.6605533647824462,-39.42047892724716,0.73679115312353505,,0.5023722675961595,0.4,1,3
-0.26445304265026059,-0.96303411955690466,-0.051282285462702776,0.96347591802051102,-0.26615171658259296,0.029621261868366614,-0.042175154149743835,-0.041575814236137709,0.99824481368201912,-8.7932969156308509,-22.456109778638588,0.16616400624211569,0.3496821235020493,0.25982256874221,0.8275862068965517,1,5
0.90389649795447435,-0.42757967592762997,-0.01211369965208123,0.42592426492866814,0.89706026471019917,0.11777691634204968,-0.039492297104773331,-0.11161766084133511,0.99296619089357585,-17.208731736805507,-4.357419625533181,-0.59528366057694482,0.3026499772251186,0.1525525954955982,0.2758620689655172,1,5
-0.58261287885680291,0.80342015454158522,0.12279368333331901,-0.81025522612776912,-0.58598555863268986,-0.010363088659880216,0.063629410831991473,-0.10553189257428112,0.99237811227720252,29.769105767538921,3.7200795148262169,-0.84968179761295071,,0.3253840494183993,0.3,0,3
0.60788271785490544,0.78580669348068277,0.11395807042192273,-0.79097181832668062,0.58669749566180396,0.17363649154814983,0.069585802764044663,-0.19568824457570788,0.97819421741725687,-0.43765003002398828,-12.798764743745503,-0.43551561355327623,,0.36452850866897,0.2839506172839506,0,3
-0.12308709441438047,0.9886222020751948,0.086462181054022869,-0.99022594892056992,-0.12810928732747739,0.055141459763082372,0.065590679772229418,-0.078829893215956584,0.9947279581184888,16.290952196466382,3.1067771366844363,-1.0481391957437278,0.16450957853562,0.1169777532592439,0.4666666666666667,1,5
0.1961212588647539,-0.9626901972343781,-0.18645116242635595,0.97205747022520117,0.16585575001668845,0.16612087396165726,-0.12899893953318831,-0.21382108019378496,0.96831803621747981,-19.552110679760382,-17.875053050381318,0.39425361323610258,,0.2524962347423507,0.2,0,2
0.60650839210743956,0.79183827549153374,0.071691811037537759,-0.7938150620506762,0.59800048840953868,0.11069355502211722,0.044779655701328594,-0.12404660950040906,0.99126546449814512,11.013505245703165,6.0183800644440897,-1.3336215878604578,,0.10889618946874,0.34375,1,5
0.51783935235276868,0.84592073272597856,0.12751674046652872,-0.85517794839583727,0.50792789527105742,0.10334374573722631,0.022651307519692153,-0.16256496286056496,0.98643780904717504,-20.671609667195742,-9.349538481202833,-0.12899612364294183,,0.1471982171251947,0.2727272727272727,0,3
-0.28272968508968382,-0.95885872479735601,-0.025570902390713603,0.95736256302154099,-0.28373702693655845,0.054315950420000633,-0.05933673477630428,-0.0091238930939535577,0.99819632662161972,-2.8185884844896676,3.3771003846077763,-1.453173845100644,,0.09680701484584198,0.4183266932270917,0,2
0.92365406715482423,-0.38303291188701899,0.012204615508159414,0.38046749018890846,0.92035237415494831,0.090531741929019374,-0.045909183587859254,-0.078976552208239653,0.99581878424921988,4.6566363538014839,-13.358794366036102,-0.41100263204779236,0.2969371276855565,0.2493029497476099,0.865979381443299,1,5
-0.99737223701916589,-0.066160729576558705,-0.029519124060203638,0.069165932256565379,-0.99080902748565225,-0.11624777360455528,-0.021556777088990699,-0.11798401974349412,0.99278148474208672,23.704449220519727,-1.6534016658544948,-0.6868139474149153,0.5922512503874455,0.2972169253655214,0.4285714285714285,1,3
0.53467105741766707,-0.83800045971709569,-0.10900499930650434,0.84053402544937106,0.51403181159837186,0.17109602194900084,-0.08734650778222719,-0.18310250183663052,0.97920583198805411,8.285202515281906,-19.883368571869362,-0.28050119715247168,,0.4149841327386899,0.25,0,2
0.0037433176551247543,-0.99902205082184503,-0.044055981939425573,0.9977665428738729,0.00079310414862670869,0.066792940550095922,-0.066692679466730451,-0.044207611986213306,0.99679374674404098,-4.6960845748679798,-3.2438437282087142,-0.93731726106387347,,0.1136429324361462,0.2655367231638418,0,5
-0.99986263754857285,0.009796061600353647,0.013369488080437296,-0.0099640051339709278,-0.99987155659922644,-0.012553441979406756,0.013244796566994907,-0.012684931255714632,0.99983181979917823,-8.3631133881547335,-3.8708719348263476,-0.86836226671570382,,0.07286721394613832,0.282051282051282,0,3
-0.96242341162930523,-0.27147277032997119,-0.0066114837351225943,0.2715451396821863,-0.96192096090229984,-0.031165719818073791,0.0021009195108611088,-0.031789934667553962,0.99949236424849264,10.568905437397762,-15.205163467991126,-0.37948670403000268,,0.1072955626339359,0.3333333333333333,0,4
-0.97546827341371845,0.20906127933533802,0.068956718642424267,-0.2127743667584242,-0.97573110908579364,-0.0517288276762429,0.05646872066737707,-0.065132052361941042,0.99627762162025424,26.072450196685647,-2.6239936365020036,-0.65371121572241842,,0.173176638568229,0.25,0,2
-0.87632346437597464,0.47674178009637436,0.069097473865752268,-0.48072457454062423,-0.87469480812310729,-0.061748490469117664,0.031001116380284438,-0.08732850481382981,0.99569707392868978,12.110767015935998,2.9356182442509047,-1.1354765429687119,0.6471211508172934,0.2161097017754628,0.7227722772277227,1,8
0.43959877113195994,0.8891348344997384,0.12724844399202992,-0.89599257844180857,0.42418477772105995,0.13139472488244761,0.062850774032383802,-0.1717746210266729,0.98312931996491315,6.5309242680635435,19.066640791420721,-2.3469080183082998,0.2151148137974228,0.1965243970402811,0.6296296296296297,1,6
-0.9782462776176496,-0.20689461157359679,-0.015127459437204184,0.20723687021294593,-0.97793465877544961,-0.026394749290138735,-0.0093327354808959984,-0.02895553258976874,0.99953713146680434,-13.66968049833957,-9.5759087660536384,-0.29084473280730844,0.2497971807172545,0.1700245827644928,0.3877551020408163,1,5
0.81224272677398179,0.57228561501329733,0.11292000554206405,-0.5831360502909404,0.7917718692380763,0.1817956378308492,0.014632144540348217,-0.21350991061797442,0.97683131523004285,9.2861198338977964,-15.547645883440886,-0.38759066814944959,,0.7537537939941856,0.6601941747572816,1,3
-0.74031978860495862,-0.67212821114511023,-0.013049075936025124,0.67134961186927833,-0.74019058877170363,0.037517874896758896,-0.034875625340337703,0.019014733147572623,0.99921075388550906,-9.7311154423418653,-21.318833550762026,0.16801861848172203,0.2011486294179688,0.1991596309937969,0.5909090909090909,1,4
0.65870696460288003,0.74754721036830341,0.085312971195638285,-0.75149809601740802,0.6481257880421154,0.12322164808586904,0.036820462597188845,-0.1452794932031172,0.98870527579697609,-1.1655499956818456,5.8336705903109571,-1.7088823789377603,0.3014295601875801,0.2845652092459054,0.6396396396396397,1,5
-0.58063116746982157,-0.81390514375115874,-0.020636480757042955,0.81288668663429919,-0.58095280596176435,0.041340923282646498,-0.045636411508148129,0.0072287080834982581,0.99893196150894115,-3.4069596890346352,4.5387624826907196,-1.5585820860584672,,0.08272093447979753,0.4976744186046512,0,5
0.85675611278663555,-0.51516143000048165,-0.024034646712438448,0.51455054540774847,0.85074245040008023,0.10712151654945443,-0.034737579410797109,-0.10414405468928763,0.99395538956713347,9.0852437611138956,6.9536636449932123,-1.4772350004482562,,0.3740192112413644,0.5326086956521739,0,4
0.9878100455629818,0.14410851798324101,0.058856171550091749,-0.15566034979747592,0.91708536945052832,0.36704806312077998,-0.0010813814255048559,-0.37173533620636934,0.92833812290013717,-2.7257819906282545,24.110669107413216,-3.0515928075773684,,0.6348277597403307,0.2916666666666667,0,1
-0.032252067088898967,0.99804062320707887,0.053616402312342153,-0.99667010823982105,-0.036134602598943251,0.073095730629361297,0.074889915941446061,-0.051080377087901585,0.99588267158678934,6.4747725434512535,-5.5643848022841791,-0.84724831752219554,,0.08148091333943122,0.2608695652173913,0,5
0.24770181142965395,0.96721798412750326,0.055974849663002001,-0.96599342680375766,0.24213966330118242,0.090692242382258245,0.074165436602237178,-0.076535969561491085,0.99430464817221931,8.6644457986076997,-31.395008797362745,0.28024683557933167,,0.1843759819287611,0.2,0,2
-0.98940459169495554,0.14292081849012261,0.025538080880343299,-0.14315680544927131,-0.98967041456182037,-0.0076550372039347727,0.024180218909203958,-0.011229879035303803,0.99964454023935645,-10.262097495993642,26.156492782692204,-3.6376083449443151,,0.336407246333635,0.78125,0,3
-0.55274703210772325,-0.79880250911685269,-0.23745582731263387,0.8322059811440421,-0.54402553562663758,-0.10709538521446983,-0.043633971217267559,-0.25680881607681183,0.96547672604834955,-27.655931695830176,4.4903074358088393,-0.98792766480827954,,0.5078200798239441,0.3478260869565217,0,2
0.46086032569379304,-0.87867180299690462,-0.12467406634733728,0.88553712478449098,0.44602182026573201,0.12995590204088667,-0.058581232744184968,-0.17029503358880554,0.98365026340928674,0.95196598387990794,20.939149214422294,-2.6783863042203149,0.3849911909659866,0.2205372237962235,0.5689655172413793,1,5
0.59557020653824544,0.7968789414444567,0.10139073806986298,-0.80256989963025904,0.58487579057916506,0.11748134235643666,0.034317419650454949,-0.15134154180778123,0.98788564744699847,9.6721813827436875,-22.008927493684414,-0.25390895883745596,,0.255122486048966,0.3333333333333333,0,3
0.12424760207220914,-0.9833844632843568,-0.1323538089751975,0.98989684607100681,0.11366179218753922,0.084765742699452959,-0.068313743258433313,-0.1415485583383094,0.98757138380694609,1.5218591015501544,-10.91146910383595,-0.49671205442193372,,0.1042166630212081,0.5818181818181818,1,5
0.818805079451974,-0.57223825876270773,-0.045843397254915479,0.57044505846036231,0.80207202259383037,0.17684147095745786,-0.064425749058909104,-0.17094983410482703,0.98317113315929483,-28.655149511681749,8.6266144240281442,-1.3454539230457221,,0.611145759475531,0.7441860465116279,0,3
0.11678053980509086,0.97968550610192817,0.16302949014409246,-0.991420099018409,0.10528876478593295,0.077462657275508676,0.05872386895600492,-0.17067684419294729,0.98357558025358505,-3.3323178344577724,-15.213891232675866,-0.29399491851176346,0.5494959490408037,0.585163855878157,0.6310160427807486,1,5
0.51545874718864015,-0.85365491894040302,-0.074669667975509002,0.85528065949179999,0.50714087931050644,0.10631614191382026,-0.052889256432575374,-0.11866510818695446,0.99152474434730509,7.139879161675827,15.65096771544686,-2.1939465473182889,0.4121467440478079,0.4302661103826096,0.703125,1,5
-0.67312000706392838,0.73363734976024031,0.093197076815895161,-0.73918959994923206,-0.67128475146784394,-0.054548306789941471,0.022543101320606541,-0.1056078665797501,0.99415229572702934,5.9752403769731002,-33.948289564929063,0.27898206653787955,,0.3080298289313364,0.6774193548387096,0,3
-0.52754391081568264,-0.84929013594106639,-0.020091967412346905,0.84798222885940566,-0.52786284001874384,0.047822188009122239,-0.051220715535112184,0.0081906727776027317,0.99865376942137463,11.882542988360893,9.2298369074773543,-1.5264260573425181,0.1656489259108623,0.119901612238095,0.2,1,4
0.861589807704918,-0.50757127602951813,-0.0058654078093072978,0.50528605307592134,0.85649289001075135,0.10538469494186051,-0.048466563999936395,-0.093762087811644593,0.99441423112465666,4.3959477571706245,10.333371338506975,-1.9912170967192067,0.1204952453528413,0.1331036798435923,0.4444444444444444,1,5
-0.056219751576688501,-0.9813172880630503,-0.18399923826264955,0.99421574725252004,-0.07191568064902891,0.07976956055977602,-0.091511679297061957,-0.17845031528514241,0.97968418254397893,-6.4111841796550841,-19.544325101823773,0.03898451622537219,,0.2509819645134341,0.1,0,5
-0.89684033336407709,0.44083081656558543,0.036682524688607547,-0.4406763318023813,-0.89757718459624403,0.012632033940650636,0.038493987070823799,-0.0048362028906263873,0.99924712864285548,-8.5131694146025723,-11.232960067940086,-0.38880186339379502,,0.1002432975458915,0.3148148148148148,0,4
0.06050176240643855,-0.99637105672975579,-0.059868640012494506,0.99550094041603332,0.055849770398614038,0.076542019683417728,-0.072920603237421555,-0.064230214522862289,0.99526733351689922,1.0420061141141717,-8.0816811513682243,-0.63585151041783816,,0.07357918792788236,0.3,0,3
0.74133393918390922,0.66940886916821907,0.048122307644112211,-0.67011571418634441,0.73434841730119904,0.10806170278017251,0.036998921803132301,-0.11235732235217527,0.99297880737670086,-9.5041693491569958,-4.3495044962795131,-0.78169894587372013,0.4098525976540526,0.3941910613189551,0.970954356846473,1,5
-0.98176131009762013,0.18962470283580488,0.013682180741301144,-0.1893165966774788,-0.98168918596162813,0.021108490908958697,0.017434340190031358,0.018133235795893755,0.99968356470520658,-0.36354844155393956,-20.725447942036489,-0.15825941767067042,0.2869846972194068,0.2129905229860654,0.7142857142857143,1,5
-0.8039985110659118,-0.59461806135014994,0.0039692971653907203,0.59389250404863059,-0.80264903523031794,0.055192570865004384,-0.029632546948336377,0.046732080630230363,0.99846783864144817,-26.623380334845944,1.3350259939071849,-0.71113630334199085,,0.0871535334105954,0.6,0,1
0.98195280414575536,-0.18907933998142915,-0.0042063787842577015,0.18827876784945005,0.97520846658693217,0.11627360953483502,-0.017882841144025247,-0.11496716874548789,0.99320831354920991,-11.601318361208822,3.0963312460740569,-1.2273604713499624,0.7333949503947794,0.6685459292094121,0.9812703583061889,1,5
-0.10657024736713779,0.97100023430301008,0.21401244673991804,-0.99311585864103402,-0.11447222945000946,0.02483948470532123,0.048617627377202793,-0.20989200477446399,0.97651506523963427,-19.333361020978533,-6.9379025368828957,-0.31741368246078078,,0.2798603725381325,0.2352941176470588,0,4
0.93402995818833578,0.35632094233583028,0.024968445278024602,-0.35703653799876783,0.92925292516210911,0.09494162212390346,0.010627687450727199,-0.097592966603999909,0.99516966650359673,16.125349058802975,2.1236598142585934,-1.0414526467517953,,0.1264571671502767,0.6216216216216216,0,5
0.5010153481600802,-0.86312857984765279,-0.063187621874914196,0.86436743103228608,0.49542864656719621,0.086135940995859833,-0.043041434440309223,-0.09777275086019592,0.99427758906180219,-20.633206890031161,-0.018484060241136791,-0.80277245456557833,0.6242597890548474,0.5321824670707108,0.9452887537993921,1,6
-0.034874440312293545,0.99401235366155516,0.10355295351229378,-0.99839761702828145,-0.039272600221572938,0.040741393988006462,0.044564242674522497,-0.10196618871004011,0.99378917514470577,6.8981969233225175,-7.6702956805797271,-0.69958685933234988,0.3206408358415047,0.2291307981616918,0.4,1,5
0.79483450816983314,0.60450166968484709,0.053064451101015049,-0.60635010003980949,0.7877049538681189,0.10890574747614855,0.024034575181046021,-0.11873768146573058,0.9926347274783458,8.5876215540238618,-12.20328143608992,-0.48364870804088989,,0.08371371872849058,0.3478260869565217,0,4
0.93555650270256629,-0.35150296012668314,-0.034346750546785876,0.35242892618565119,0.92282292235077024,0.15553683155964643,-0.022975687989103172,-0.15761828258855104,0.98723279663677266,-2.5012888608512771,15.389961031530142,-2.500620751275763,,0.1392804965252823,0.4285714285714285,0,5
0.79932060125136828,-0.57534064757992098,-0.17340621574058038,0.59896695485461204,0.73969036685562595,0.30675193263153783,-0.048219948230425545,-0.34905773222105735,0.93585978445990936,-28.81365293517813,2.1406726449827413,-0.75867035190509158,,0.6088089487186863,0.4864864864864865,0,1
-0.99571260624844626,-0.092240927585398022,0.0069294325967196634,0.092038572719333703,-0.99543268669468221,-0.025350885420351202,0.0092361728933066916,-0.024604421106646679,0.99965459813492186,0.22874827904622486,-8.4890755097997417,-0.5756039711521852,,0.08434695163188279,0.4310344827586207,0,5
-0.96865317021960173,0.24594029666889355,0.034991517514004859,-0.2457076604533473,-0.96928305981370289,0.010867177772052582,0.036589362088711601,0.0019288422961602583,0.99932852363441449,-8.0931385211172984,-9.8330774007817556,-0.43138821457843596,,0.06663981418447155,0.24,0,5
-0.99436096620600645,0.10521565797190324,0.013264019126822763,-0.10448735486836568,-0.99341174975519786,0.047068971955294289,0.018129025303900766,0.045417626158304754,0.99880357311919665,-3.5416541924409604,1.3907856590983578,-1.2772923102399643,0.1509995430148066,0.1453388829037139,0.7418604651162791,1,5
0.24984748880568616,-0.96156173045823179,-0.11390904641714655,0.96768410316107645,0.2438140847011101,0.064359681406171348,-0.034113176733285754,-0.12630807820377582,0.9914043375705156,26.068655515895369,-0.5474377962243866,-0.73493656691321751,,0.2229374211099548,0.1904761904761905,0,2
-0.93323069336528908,0.3577631634645706,0.03295439012887097,-0.35811747165221314,-0.93366114957342994,-0.0053604360502670974,0.028850467212319864,-0.016804066324722949,0.99944248153487347,-2.4326266764201039,9.9181463688604339,-2.0363203402392736,,0.1046841159520086,0.2535211267605634,0,5
-0.40577071174295981,-0.91169101711918132,-0.064572585481815728,0.91240906534094746,-0.4081971129331779,0.029745831248747676,-0.053477350114534257,-0.04684662524892156,0.99746958185576584,7.0099003072430417,20.132077484419199,-2.3944355489844673,,0.3485402726114636,0.2857142857142857,0,3
-0.99465287216871312,-0.10303608223328631,0.0070163840078694391,0.10316240389863901,-0.99444305664349986,0.020988699706940991,0.0048148009703961178,0.021600297487523266,0.99975509243017435,14.578991115512325,4.3034114688382195,-1.1627075562200191,,0.5054045407059408,0.9724137931034482,1,5
0.78673581720168417,0.61371911470113694,0.066299337722571045,-0.61648266854546674,0.77567135760018813,0.13521488224948519,0.031557460529312492,-0.1472507835263859,0.98859563696984154,5.3713564886771845,4.266908330647742,-1.4017290981126702,0.5226754093643236,0.5164400348386496,0.7423312883435583,1,3
0.091588643548221119,0.96360018200310771,0.25116968291689862,-0.99374723466489645,0.072269821195657932,0.085108792379048254,0.063858859752341249,-0.25739417667835096,0.96419411108096131,-11.983348546303981,21.222855133014349,-2.9101518390890804,,0.2158851736505634,0.25,0,1
-0.91008165714417655,0.40593472043642292,0.083476823573444492,-0.41335792859003184,-0.90359658894894546,-0.11246522712193383,0.029775832506696364,-0.13685834714782028,0.99014301624285517,-1.411566548859756,12.032525182347079,-2.2760537387717852,0.5236708015113782,0.5383637450826079,0.6707818930041153,1,6
0.26762135960070871,0.94897330937421465,0.1668186619680832,-0.96282172809206024,0.25677785883406351,0.083901436974675503,0.036784885473382045,-0.18307044902973071,0.98241136134145213,4.4228731565010477,-18.696480402276091,-0.24988910367138809,,0.2837250956156218,0.2195121951219512,0,5
0.90209732934714959,0.42945526172018295,0.042291684355087913,-0.43115300210952234,0.892855031669192,0.13006529589000024,0.018096882512947578,-0.13556574273708039,0.99060306492532968,13.783501233269311,-19.211269561150569,-0.19390411407999433,,0.4516697142833195,0.6911764705882353,1,2
0.64923909101226895,-0.7531020046343343,-0.10642355621435282,0.75870112621508534,0.63141984377144678,0.16025474087091177,-0.053490221363571067,-0.18478731424908137,0.98132178448819063,-22.330114569875203,-20.880111274847273,0.68840410863640833,,0.3823772080939814,0.3333333333333333,0,2
0.49867993176108988,0.83798106004478923,0.22159889138929931,-0.86529781317272914,0.46630420631158048,0.18390237000816628,0.050774207795378924,-0.28345745744703676,0.95763972852028934,0.16984078063444111,5.2940244477712577,-1.7088872697882023,,0.09813817848785794,0.2023809523809524,0,3
0.32147135543407207,-0.94599285942682121,-0.04187693337441574,0.94491920263686613,0.31760560530319498,0.079084638003208252,-0.061513154068767208,-0.064993764265934409,0.99598792286003868,3.1596297342247763,4.7538639828148472,-1.5234969563887684,0.532624865242202,0.3350850666880861,0.8592592592592593,1,5
-0.6268225156405709,-0.76530249022765318,-0.14630663804961497,0.77782757076490749,-0.62560350339574966,-0.060037710623652339,-0.045582935886044548,-0.15143432566733078,0.98741573866618693,-0.62970174907504739,-8.1007906049768543,-0.57901796004443751,,0.1191154273209119,0.2843137254901961,1,5
-0.67329467815008037,-0.73282698730962881,-0.098177813407474696,0.73801446319811381,-0.67415473494574274,-0.029155539107274898,-0.044821071887896372,-0.092086915579406736,0.99474171094505304,-1.7114031740600288,-24.431801615249274,-0.031562096377110195,0.2478105155852562,0.1989907502557812,0.2380952380952381,1,5
-0.48700158362656909,0.87139354823710824,0.059183964348090853,-0.8701323581585011,-0.48992084815754627,0.053359552341791995,0.075492627658200487,-0.025511695971315435,0.99681995191605555,-23.665858888724546,2.8603755724508222,-0.95247207271931578,,0.1040394568678845,0.5454545454545454,0,2
-0.98259874736230191,0.18411990424984342,0.024485966206475692,-0.18573984026803697,-0.97447365773940242,-0.12610234775449397,0.00064297685826986074,-0.12845602839501041,0.99171499703782884,10.265662522605021,3.4616435380695663,-1.1800360233922309,,0.1701159060433784,0.3333333333333333,0,5
0.027098514448424475,-0.99056144525162104,-0.13436403423427462,0.99789629724477336,0.018886740199920597,0.062018311729626976,-0.058895249892168863,-0.13576197636172482,0.98898940101221422,-14.604653239157917,-8.8846768172546433,-0.30071329304317312,0.3899755214575839,0.3208609114264754,0.5071428571428571,1,5
0.35077732822235963,0.93525211726936097,0.047526236421147013,-0.93508747098974843,0.34706661676944162,0.071806581329350833,0.050662487139677886,-0.069629308968202561,0.99628563762077316,-0.75675176242078512,-17.807004949516276,-0.20895591919575432,0.2564495371362724,0.1853833182267162,0.5223880597014925,1,5
-0.97313969087694885,-0.23019161059974053,0.0033112610005916741,0.22631088804077704,-0.95917373133190442,-0.16961466645613765,0.04221994782222746,-0.16430938966574382,0.98550489621998283,3.429208776484415,-15.344373579081026,-0.34368079912237809,,0.3850333346846648,0.1914893617021277,0,5
0.89311340118951954,0.44562031062842772,0.061408398213209661,-0.4497850722433856,0.8826976484236152,0.13615524321315189,0.0064684930780727797,-0.14922265318256342,0.98878246261473268,15.106277934573521,11.88250708547216,-1.6667877241877325,,0.1470124030487688,0.5,0,8
-0.78392177365142268,-0.61730205389875037,-0.066368871073654412,0.62005644348676681,-0.78385721443242384,-0.033134185862683463,-0.031569917417521985,-0.067127055906132618,0.99724485392486495,29.689302204977892,-4.5891494791606853,-0.50792007557784069,,0.8323677873509193,1,0,1
0.07079597072992326,-0.99514123906895369,-0.068424007721813535,0.99426171443652678,0.064885520618657488,0.085050058317344954,-0.080197093052964533,-0.074052572665321489,0.99402446788170185,1.4240657483420065,15.861350273631107,-2.3964386845777201,0.564604741534078,0.5872279870596271,0.7920792079207921,1,5
-0.95359597676856067,-0.28185541968842759,-0.10588784388717552,0.28859664162568527,-0.95589294405017955,-0.054595402347234617,-0.085829432790799659,-0.082620832163207494,0.99287819321378412,2.5502967923982856,26.052522584638126,-3.0096524738596586,,0.5263811208396917,0.875,0,2
0.79235636374754692,0.60788222170025041,0.051483952543814118,-0.60841187044713263,0.78120232469961637,0.13984964706047026,0.044792730747162231,-0.14213420568140533,0.98883339286632554,-5.7416181058268334,-30.939233244773284,0.37736017346420636,,0.4315662022475293,0.9245283018867925,1,5
0.31502036711542075,0.92879304165162413,0.19520669579189689,-0.94717157090143334,0.29461002288517668,0.12677124946811669,0.060234405272878447,-0.2248297582508158,0.97253452186865974,-15.832217289227676,11.709262711412288,-1.8498899357948198,,0.1355264931812414,0.3809523809523809,0,2
0.93696876373609539,-0.34681913816492982,-0.042497307978132018,0.34922814243940276,0.92556332639371963,0.14619245316813428,-0.011368390878970987,-0.15181901803637207,0.98834292907436461,4.7755235623222188,7.6222571115246867,-1.7335632358118584,,0.1963476185777936,0.2285714285714286,0,5
-0.95702299380109124,0.28807566812574037,0.033457417262906096,-0.28869549825256641,-0.95729767327247028,-0.015364700967373862,0.027602511202757765,-0.02436337786561334,0.99932203377803996,-10.009908727174897,-16.531510037217206,0.00049301633377728281,,0.07447505447121831,0.2380952380952381,0,2
-0.85786367184353485,-0.50892622649694585,-0.071161903534876669,0.5094189382282156,-0.86042918727770556,0.012408023817857978,-0.067544547563555116,-0.025606828468325873,0.99738759989796744,12.781164170912845,4.818329143401896,-1.2026333731994203,,0.09143636380570785,0.32,0,8
0.027652137028161786,0.99806524338622971,0.055687783778514556,-0.99787469818254693,0.024272751635116045,0.060472475186255301,0.059003779920171688,-0.05724162360072254,0.99661524696478843,5.78113895481986,-4.2611700533950296,-0.88984761266014389,,0.08461409699293421,0.3766233766233766,0,5
0.82797246096051835,0.55995636754526312,0.030174001002450618,-0.56008949736666835,0.82312384134957917,0.093631707991815222,0.027592731480132464,-0.094424616744923848,0.99514955304317865,16.367718062595038,-6.0629158108962473,-0.58117618713691799,,0.07926046105283403,0.2666666666666667,0,2
-0.99795530654012166,-0.063301922770450617,0.0088358769783914992,0.063593769850113627,-0.99725214822831898,0.03799980645023656,0.0064061364849771069,0.038484015221498837,0.99923868119071979,-21.301086584068859,-10.10301057789194,-0.038594286385366397,,0.078393119202228,0.4,0,2
-0.6715190103359483,0.74036894000770337,0.03026634152483032,-0.73943924827001395,-0.67219575658007091,0.037181486705376937,0.047872924240164587,0.0025879543302099149,0.99885008165243661,11.828123769848984,6.9268640246579647,-1.3660378371365742,0.7176042603517199,0.6258602068808741,0.9210526315789473,1,5
-0.9224029796476807,-0.37853984412012631,-0.076683306857430369,0.38608967300209779,-0.90904403439402703,-0.15676003296045979,-0.010368584195235363,-0.17420255436170154,0.98465525059060355,-22.995912295703079,-31.234114508487831,1.3019438619327806,,0.3783884851742472,0.9117647058823529,0,3
0.55176497259917578,0.82434930110304427,0.12650551285835096,-0.83148343763538335,0.53196104422161183,0.16016472885344987,0.064735677571781017,-0.19356052593846693,0.97895026168225086,-21.63164690603767,14.576649734813943,-1.8898279623460146,,0.2380524464612737,0.3333333333333333,0,3
-0.55419921455176702,-0.82457789207605403,-0.11373007733055837,0.83136280326261469,-0.55509443051892315,-0.026571837689526808,-0.04122038259806237,-0.10927704748153973,0.99315628526037403,-9.3532413367734275,27.968649223805112,-3.5444321672638286,,0.3137098007918576,0.6981132075471698,0,5
0.56005997637382854,-0.82837111952588582,-0.011580638997024079,0.82645113423596572,0.55768173781217578,0.07726319971940028,-0.057544292368875816,-0.052842858043681475,0.99694347220368651,-8.9831436837734469,-19.067071198201766,0.076207145019013031,0.2020215306893135,0.2524570720556318,0.8125,1,5
0.9798593679208959,0.19634916702041455,0.036367893918289325,-0.19948646903542203,0.95429921662454376,0.22252674855298304,0.008987089041631445,-0.22529982192663237,0.97424802923608,-24.008747440163859,-3.1551668764368745,-0.47399746395382109,,0.1371948051524514,0.1428571428571428,0,8
-0.30567810675160051,-0.93958856880342545,-0.15405913288957312,0.9514222131013067,-0.30768369204884893,-0.011248024919985567,-0.036832967164873637,-0.15001355612450201,0.98799760399947933,-6.259178769282383,-28.033422479747305,0.32367351918701109,,0.1716479835435086,0.2857142857142857,0,4
-0.29390998837605797,0.95346643947926613,0.067221034799507681,-0.95311995438128494,-0.29764517358031573,0.054494983297193066,0.071967154265004663,-0.04805308971413802,0.99624877880774421,10.424767349655749,11.832049358304989,-1.7734032681207765,0.7107376104625023,0.2611257088073219,0.4545454545454545,1,4
-0.19644363343263627,-0.9803004026366019,-0.020518759082852708,0.9784621338136571,-0.19734287002356063,0.060561079446202509,-0.063417281371951725,-0.008179990304401849,0.9979535741616492,-21.91242888626709,-11.220399941031024,0.10632382069062557,,0.2387252924733476,0.8979591836734694,1,3
0.92296547578456101,-0.38290503361180728,-0.03896749600014774,0.38348526719613862,0.90626890500757773,0.17780810347077697,-0.032768587904988447,-0.17905420143383696,0.9832933502244412,-5.088404311652603,7.8648275595903945,-1.7485242085001653,0.3650782908527157,0.2620067703142107,0.5297619047619048,1,5
-0.89550627904074953,0.44243070131844592,0.048203513663004828,-0.44326871963648201,-0.89635503108626591,-0.007778202759873269,0.039766146285822125,-0.028332539194498397,0.99880724908881546,-5.0808372020051191,-8.0561092151291316,-0.62917737397085527,0.4671464155167734,0.3543592929818293,0.4367816091954023,1,5
0.085468083296274172,-0.98371853137945287,-0.15809192818835763,0.99182808392903388,0.068918118806686357,0.10736547317368074,-0.094722007302009928,-0.16597633542405732,0.98156996562235843,-22.734576021475604,-16.153758235247285,0.43452951791577665,,0.2365366822841314,0.25,0,2
-0.70036213140550008,0.68564310602382006,0.19846011200025679,-0.71177491530969217,-0.69171527089856333,-0.12209198967012103,0.053566359116766833,-0.22676753552423889,0.97247474517502885,-2.1359634589617706,-16.315014348178828,-0.26890365009997852,0.2435082587715668,0.1327666142366831,0.2608695652173913,1,3
0.92278859502344557,-0.38493226560110544,-0.016981159967908017,0.38366182549647165,0.9138886877959419,0.13270670659513373,-0.035564203229801541,-0.12897525816144723,0.99100987393204998,3.0451735403242175,35.160999222111919,-3.7597217351073202,,0.4565782904360066,0.5862068965517241,0,1
-0.47245266825338966,0.88101707035570287,0.024441726659694761,-0.87918155132685472,-0.47305261006136445,0.057105410607371898,0.061873064145541307,0.0054908884513809068,0.99806892250848911,4.7312468582823568,2.1283717049810282,-1.2376574378936303,0.2470298005148345,0.2039835017157009,0.7238095238095238,1,5
