axis_00,axis_01,axis_02,axis_10,axis_11,axis_12,axis_20,axis_21,axis_22,location_x,location_y,location_z,dbh,dbh_approximation,score,reconstructed,number_clusters
0.17465903498388802,-0.98131379506163152,-0.080730769352426054,0.98449797951200257,0.17271041011416896,0.030575195420129771,-0.016060816768788674,-0.084819513438436661,0.99626688206764435,-19.346651725731537,13.212137047904312,-5.5226726918575428,,0.1082414454309652,0.4117647058823529,0,3
-0.45713637243319316,-0.87617901487012595,-0.15276344752536886,0.88932259074976705,-0.45252122780749793,-0.065801732239480937,-0.011474605907949994,-0.1659363501009038,0.98606970399381366,7.3640587376140818,6.2092190853354952,-2.1329086339141554,,0.339995989005924,0.2708333333333333,1,5
-0.89783175267329551,-0.43494706016049628,-0.068696424574650167,0.43864534520922155,-0.89709665578970044,-0.052989162073195449,-0.03857985248652359,-0.077708719129053042,0.99622936613685564,1.8748947325409635,-9.1367849370677412,-2.2901091447660957,,0.1728236952352288,0.4905660377358491,0,5
0.66946546819084596,-0.73212055753949334,-0.12575959656452784,0.74265292148946094,0.65580168195835342,0.13561265480685328,-0.016811457497182963,-0.18418372123685625,0.98274805099179152,-21.024241796835465,14.20469949347078,-5.7237250181393833,0.4332193675625216,0.3248219658986466,0.3043478260869565,1,3
0.40541862826832126,-0.90435288495822275,-0.13334764835111623,0.91355915294733325,0.39567144723964587,0.094094526437170006,-0.032332799433142899,-0.15996863851087934,0.98659243093274984,-2.8565632487604407,24.685680700724447,-3.8672085766197286,,0.1362067538718864,0.4545454545454545,0,4
0.42050742286316434,0.90722689662624412,-0.010623810751990372,-0.90673632238660551,0.42063109446749469,0.029978726322026042,0.031666211989964436,-0.0029732818554042638,0.99949407732773232,-10.481372586442852,0.88014670960528485,-3.881260082061841,0.1344534832323181,0.09030176180276663,0.5706940874035989,1,5
-0.79516339654269808,0.60622497464318881,-0.014368469561686893,-0.60617474399357074,-0.79529001708648939,-0.0081220974446363486,-0.016350918720644841,0.0022514087670071439,0.99986378002983733,-33.406578103639426,-3.807590172048398,-6.5871727686951536,,0.08638662386252288,0.3684210526315789,0,3
0.36732845558716348,-0.88294700856107267,-0.29236002768675923,0.92999023909046885,0.34403809035845462,0.12944476651823536,-0.013709883748664914,-0.31944071821788966,0.94750707999045447,3.0982372534348239,-2.1355363592245995,-2.3459563199448543,,0.4611973741971604,0.3735632183908046,0,3
0.58997977471085961,-0.78497729321270382,-0.18903574945649801,0.80731354431644242,0.57727441160222004,0.1224707919160075,0.012988710303440733,-0.22486641111950714,0.97430302809489733,4.404546360227239,15.749368534913295,-2.7474331731651995,,0.1560019301223502,0.125,0,2
0.63127973220759004,0.7753564939906139,0.017555823264581202,-0.77444631141091769,0.62900551802968674,0.067712399383198257,0.041458538878473269,-0.056341507920795675,0.99755041177840931,-9.6783761110651678,-6.7194260075134276,-3.5068928008941249,0.3041069349599385,0.1853960856583068,0.7437185929648241,1,3
-0.62336891138936357,-0.76626758982865673,-0.15570864167226214,0.78149372378205695,-0.61717997730077567,-0.091413540070755986,-0.026053022905097881,-0.17866968516565723,0.98356412276999594,0.82245616675344024,-3.016353328545986,-2.5277013496445311,,0.1079230416486693,0.3505747126436782,0,5
-0.80436648266032684,-0.58848954077190641,-0.081698359681979235,0.59271157869137192,-0.80432641231113056,-0.041856982020781412,-0.04107975240720306,-0.082091917146433879,0.99577777193578065,3.8089189227886768,11.281420688730641,-2.7185842899742854,,0.09270643155013256,0.3,1,5
0.54302306216120177,-0.83713462738416999,-0.065814660946021203,0.83971662111614265,0.54148220098925881,0.040902594454599595,0.0013964892986163193,-0.077476716800571888,0.99699318361333056,-14.08998919966071,-5.6102412248036693,-4.0126413949290072,,0.3917138703601252,0.9152542372881356,1,5
-0.0028873900036599782,-0.97849322884822154,-0.20625873091132232,0.99980650062181664,-0.006838240078186281,0.018444505604418172,-0.019458270563569885,-0.20616556349404139,0.97832363568292691,-6.0865684622147134,16.036892965113889,-3.8631726255207743,,0.1143311903716677,0.3333333333333333,0,2
-0.95566010855211914,-0.29077521003742068,-0.046513806013355564,0.29380583525507264,-0.95214680953562769,-0.084229355103764836,-0.019796163573361857,-0.09416066226838514,0.99536017681488453,4.8141238232400161,-14.1303737488692,-1.8959713359049395,,0.2351084223366533,0.3478260869565217,0,3
0.95474556183300829,0.29683328978193696,-0.018732598255576903,-0.29436263863756945,0.95205611668604839,0.083305387911031883,0.042562297100836415,-0.074021272333785748,0.99634798243765543,-30.962663546058938,-9.8235821703979038,-5.9022506647610395,,0.1230620765656192,0.3333333333333333,0,2
0.24185366915508244,-0.96390612124587649,-0.11131842678079946,0.97028880596395894,0.23944518132387482,0.034722300641085911,-0.0068143772464653411,-0.1164087392144809,0.99317801510969661,-20.828359575145427,-1.3030744934097342,-4.9894744848537229,,0.5486515303360453,0.8151260504201681,0,7
0.9070864221650492,-0.41372659728761052,-0.077617816386605143,0.42088531263272116,0.8944980362992605,0.15076079287010408,0.007055234501124448,-0.1694212671230543,0.98551847162422701,-9.3789059310118112,12.341898736401069,-4.2022728317451987,,0.1452763527625953,0.3333333333333333,0,4
0.083610680842021487,-0.95208017464447958,-0.29419822415859531,0.99635993580593507,0.074949500721666798,0.040613429581426781,-0.016617231114908339,-0.29652304023551079,0.95488112047498552,-37.436261817738959,-4.8908105806158186,-7.1960323595457432,,0.3618394703010127,0.2777777777777778,0,1
-0.89608063770737822,-0.4351838728038977,-0.087489928433730962,0.44203531708079302,-0.89283474356643489,-0.086318590894087041,-0.040549589137511888,-0.11602205623095599,0.99241856758563329,-32.483001392660249,26.317808908899234,-7.5916684909086207,,0.09212162649653945,0.4444444444444444,0,1
-0.85637279176436953,0.51634728602013458,0.0033349280862822687,-0.51595877500091869,-0.85543880370271785,-0.044844125804990261,-0.020302315760788312,-0.040123974619966508,0.99898842968046697,-23.045693159332149,7.43286107035747,-5.5891612224877765,,0.1279155678945954,0.2222222222222222,0,1
-0.97653397619570881,-0.20895537240249695,-0.052144469309133051,0.2117661112012538,-0.97572053575227702,-0.05589767667788989,-0.039198309684162651,-0.065628411952610266,0.997073921062266,11.671805539942651,12.580167573350927,-1.9729589802326235,,0.3747777975769953,0.7244897959183674,1,5
0.74165922902699699,0.66700316160750583,0.071051885299916795,-0.66778417987259786,0.72420179595985446,0.17203501922691045,0.063291998791024026,-0.17503868467888184,0.98252510489805023,8.2401829412277827,9.5955809029914185,-2.2485649593705443,,0.4047346964381908,0.5588235294117647,1,5
-0.50536063870526415,-0.85875307444869597,-0.084580032941116476,0.86218010852233606,-0.50652856487717679,-0.0086182035181743,-0.035441293935471289,-0.07727852281443108,0.9963794179908575,8.660677805197345,-3.8529156832522,-1.772229231723506,,0.157035777836696,0.3548387096774194,1,4
-0.75120039084026602,-0.65041960002637944,-0.11248251732138306,0.65874002717651547,-0.74954603363780747,-0.065133094915820436,-0.041946983168210529,-0.12302474287457134,0.99151669841900814,-36.018100024145006,-5.1872795457463345,-7.0124227874526204,,0.177009173180035,0.3636363636363636,0,4
0.17974473589589426,-0.93962573636911739,-0.29119633491943053,0.98371147208926468,0.17112017656467673,0.055042028055343334,-0.0018893378963518758,-0.29634669008657372,0.95507856727970064,-1.7674780911526136,21.326731837058094,-3.568553496191488,,0.183907337658954,0.2352941176470588,0,2
0.63502319921860828,-0.76468409445037011,-0.10956172757300611,0.7724874122450166,0.62914188920696767,0.086276770732831867,0.0029553979701224427,-0.13942280638297824,0.99022853255353827,-9.2202387594533963,10.960935600083809,-4.0974681139022824,,0.08248835357804811,0.3076923076923077,0,5
-0.81433107163842544,-0.53859045104942505,-0.21629894082632498,0.5789973341841802,-0.77974171197601594,-0.23825396032873028,-0.040335998460754911,-0.31925411296189776,0.94681033928928227,-27.732551574460711,15.405479254291324,-6.5349928751652566,,0.6869077381386657,0.2888888888888889,0,1
0.99272767539710849,0.11790652368934065,-0.024286090095932994,-0.11515121850565166,0.98889056379002005,0.093998136809828478,0.03509927887174432,-0.090517978979595737,0.99527611048599629,-5.3058072317225191,-2.8278910966467179,-3.1492153943559966,0.1786174838620286,0.1044258071322091,0.4380165289256198,1,5
0.74101450465231034,0.65862495494846685,0.13080776970050953,-0.67032475660936475,0.71409189785888616,0.20183528454878838,0.039524986672831851,-0.23724655978838644,0.97064506659081562,-1.3517670310496088,20.492526657041314,-3.5025558810829005,,0.5281573358287314,0.1304347826086956,0,1
-0.86980361089735958,-0.49068417393067659,-0.051679008542011184,0.49182437611198315,-0.87061917649395726,-0.011446946450600619,-0.039375900395728289,-0.035373591490741603,0.9985981411424083,2.4221568058565914,4.6430231481038859,-2.5645632487442214,0.3617775049596245,0.2526818755473493,0.8870523415977961,1,5
0.99489259438641053,0.097259125472349578,-0.027007186958853589,-0.088792649526862805,0.97051388054559518,0.22409523211868926,0.0480061561164443,-0.2205526471858438,0.97419296794538623,-11.540449620788607,-17.030261363485383,-3.3912835711191702,,0.5992515254933255,0.3207547169811321,0,3
-0.97400441176986241,-0.19747303827639157,-0.11099461701693172,0.21503102339810226,-0.96009648927012581,-0.17881943481496587,-0.071253525030059842,-0.1980382045088013,0.97760104578796403,7.5669229991879874,-8.2201045725230522,-1.7847877761979358,,0.4283727913019644,0.1111111111111111,0,4
-0.98457947752818797,0.17466069109422033,-0.0098435469627904757,-0.17391163085000375,-0.98333884992205312,-0.052909837356248636,-0.01892081090786929,-0.050382032714669234,0.99855077672300974,-15.818248205055273,12.899537717281817,-5.0751280405874839,,0.1522908467991889,0.4615384615384616,0,5
-0.083257821063491111,-0.9631855363479459,-0.25562033917879157,0.9964240636694095,-0.084169108980890861,-0.0073923226325688599,-0.014395157946364071,-0.25532172579607021,0.9667489828100243,8.8488111977327897,11.184534895972575,-2.2244350240944222,,0.3270786916395836,0.6666666666666666,0,3
0.94608721919435168,-0.3186773153283472,-0.057997779028308979,0.32260410243589388,0.94311363923879854,0.080394381478315569,0.029078630790163533,-0.094770418258372374,0.9950743696098816,-7.0674579526735588,-18.73187329723369,-2.862213034300058,,0.09617890691599178,0.3333333333333333,0,2
-0.88561294032920312,0.46418921958873582,0.014767814295419519,-0.46388521609302658,-0.88260673163465531,-0.07626180933807869,-0.022365737452399979,-0.074389015928373325,0.99697845919428918,-14.283855375574836,-8.6776792952631858,-4.0051547455163936,,0.1667075321652562,0.2307692307692308,0,1
-0.96893404351246781,0.24231236058819675,0.049513020800130134,-0.24560502894402755,-0.96626866481212459,-0.077479269224716832,0.029068695876867119,-0.087232948525018325,0.99576373885156566,-36.034791289765195,-10.949035699267291,-6.5377372720097817,0.5459875190384818,0.5649294318585371,0.3181818181818182,1,2
0.61725284108845191,-0.77647279269498415,-0.12684215534547644,0.7867229537604673,0.61080959400809298,0.089323199081052962,0.008119371566766698,-0.15492463352262667,0.98789292624921676,-8.8395997941348394,7.8358395335932913,-3.9045718609820765,0.3110636205448526,0.1295461778856343,0.1948051948051948,1,5
0.64929715764878082,0.76053267437482086,0.0018034071909662495,-0.75955006657037527,0.64833399097669264,0.052409278922451806,0.038689758879472985,-0.03539897389072208,0.99862406099859824,3.3717496886112364,14.05203122081493,-2.8149508964766401,,0.1605456688444721,0.6666666666666666,0,5
-0.30415619757812523,-0.91589343318405536,-0.26196989621928091,0.9521642256699312,-0.30081467985733362,-0.053794197983704183,-0.029534637786784314,-0.2658002020929523,0.9635756108049589,7.5855611923454207,-6.63552506614342,-1.7957653565532963,,0.0714687142140107,0.3529411764705883,0,1
-0.81627394039029311,-0.57102569880519205,-0.087329866275791118,0.57673757204270593,-0.81415984977169287,-0.067212439429170573,-0.032720440614236339,-0.10523017781880688,0.99390944378360424,7.59788351970683,10.829803990138128,-2.3239496655214973,,0.1076761324651664,0.5652173913043478,0,5
0.85265479308264047,-0.51587203806614124,-0.082800025209440228,0.5220503148154354,0.84758184730270614,0.095228571994098773,0.021054040807004001,-0.12442287757649799,0.9920058845094013,-9.9219604033888942,6.6708949602404779,-3.983287161790825,,0.08725969148991328,0.5,0,5
-0.98819831956610704,-0.1310960946831243,-0.079233169604371226,0.14473384637251971,-0.96848394627767898,-0.20270905139294845,-0.050161687779993837,-0.21178446534447831,0.97602825026625928,-3.9483488391238133,-15.737848796851612,-2.6537207368080447,,0.2018256664803775,0.2941176470588235,0,4
0.54861747788562898,0.83591914621140517,-0.016063746624221709,-0.83539246572389803,0.54884474619709789,0.029813969604680909,0.033738570956063106,-0.0029369319091063113,0.99942637710879156,6.7253895603686535,-3.3204680765195702,-1.9695351033717707,,0.1171144436779666,0.4,0,5
0.98881703893591277,-0.13825041165106497,-0.055925729215866408,0.14805126012286826,0.95510311426773109,0.25662982190718525,0.017935659621159967,-0.26203981528461279,0.96489038098613145,-6.3537334924632844,10.359503361164325,-3.7473205005159143,0.5772246612231546,0.4312856849552834,0.171875,1,5
-0.53266607562509061,-0.84232910148451945,-0.082149477603009641,0.84539222551611348,-0.53412338364081569,-0.0049189516157727934,-0.039734580846885199,-0.072068688349157833,0.99660788038453441,0.91896246312135477,13.628557464992365,-3.0542337954489276,,0.1404459053745157,0.4571428571428571,1,5
-0.71705270348897598,0.68839538989009119,0.10930328264613351,-0.69691921369054888,-0.70542718347416922,-0.12913596867119534,-0.011791098680699138,-0.16877285324888761,0.98558444285516811,-12.399191692272353,0.13024045621827199,-4.0608462688480271,,0.06982091321375138,0.4,0,1
0.8303141287367235,0.55591946212086263,0.039140762070108068,-0.5555443191444388,0.82009722844014921,0.13715336441782811,0.044146994082494652,-0.13562480429493182,0.98977621479476041,-5.1484756058888799,21.985314694638852,-4.0061084139278851,0.4931817375982416,0.3052776409752708,0.75,1,3
-0.6676858151999554,-0.72259280549396876,-0.17903991071581102,0.74098817433069508,-0.66822450252516652,-0.066426950306755564,-0.071639218887656189,-0.17701878904045268,0.98159674543257203,5.3451049053136561,-9.6492128608585883,-1.9717262148449957,,0.532418868649286,0.2222222222222222,1,5
-0.04159117143720753,0.99519351687204272,0.088656857796430732,-0.99910846472440695,-0.042069209858879436,0.0035294897489684838,0.0072422492721066394,-0.088431021467046761,0.99605597446517824,-2.2452700746088281,-11.347638525969129,-2.5922612183134128,,0.09867174265207475,0.3333333333333333,0,5
-0.22561021564029785,0.95621122870641206,0.18644065193651299,-0.97415404691469709,-0.22361259650664239,-0.031957777821302456,0.011132092276680692,-0.18883191673901742,0.98194632426737705,-24.014672295033293,8.1922523346418217,-5.7488973104855878,,0.2412439515503871,0.28,0,1
0.94214987073875422,-0.32851460722623632,-0.06657156980228067,0.3334528080403123,0.93879575405996862,0.086439325361812758,0.034100526051351124,-0.10363727610259919,0.99403041659953995,7.0138088101712288,12.802105294117728,-2.4240422280435716,,0.1706225899207173,0.3,0,5
0.98429400945778944,-0.15660582998227876,-0.081485685620668796,0.17368942768227452,0.94165187414777185,0.28831186348361076,0.031579829906330584,-0.297936842182282,0.95406307569968196,-20.927039695100593,6.0806010824330441,-5.3209441270810434,,0.08363272321169724,0.2857142857142857,0,1
0.56820669106089916,-0.82077921208342408,-0.058844211655336473,0.82286789570186691,0.56721230514604892,0.034038612105772602,0.0054389757129360543,-0.067761979771988487,0.99768669011898503,-1.6606392718095697,-13.838618171034424,-2.4862315929741468,,0.1010741829004294,0.4705882352941176,1,5
-0.69042140515520023,-0.71949734659768672,-0.075112259601264386,0.72255914370338059,-0.69091120707331777,-0.023451818503667579,-0.035022380760834596,-0.070464687463862488,0.99689927307951454,1.3091923532789513,20.425220232594903,-3.2148478731563852,,0.1108528427500542,0.5714285714285714,0,4
0.37282699070010167,0.91872968294068968,0.13013763748127649,-0.9273363594358085,0.36402601159819176,0.086789050854675379,0.032362192043318833,-0.15303866362333057,0.98769016192454739,-8.5855597419178675,9.3699559560737633,-3.9168017462260525,,0.07984308486875498,0.2580645161290323,0,7
0.47705900698983356,-0.86058591726955003,-0.17834400143319018,0.87886704012678285,0.46650196374642983,0.09984309490151283,-0.0027257345178698126,-0.20437171237246202,0.97888956146916095,-15.963701084270779,1.5100020449575708,-4.4639648183536931,,0.2213192427609794,0.3513513513513514,0,5
0.39952353848576228,0.91669089740617815,-0.0076642552458093321,-0.91602583293609074,0.39953175849637917,0.035651750960268111,0.03574374895779301,-0.0072230579014821968,0.99933488473333898,-7.7537354704643331,20.394347582621897,-4.2319814492736558,0.7914726929215117,0.6981807545273494,0.9815950920245399,1,5
-0.11600129909338118,-0.99025334026924716,-0.077084503593438644,0.99298691360881797,-0.11740385724698327,0.013904089512233004,-0.02281858913872999,-0.074931010864186784,0.99692760800400615,7.6722496222982564,-2.1753167520664691,-1.9178641727130181,,0.07935262911939098,0.21875,0,2
-0.96728978931799325,0.25236112064085486,-0.02577456634057422,-0.25170389475426608,-0.96744895723495117,-0.026223358109511558,-0.031553333368854353,-0.018878027807434992,0.99932377496956248,-11.671592726962958,5.2555154405048077,-4.1382469690800141,0.2437799805233999,0.2972815445294786,0.5610561056105611,1,5
-0.28374982024828038,-0.90860306768867904,-0.30647431359869343,0.95854555347958847,-0.27743693705523786,-0.064955121906720564,-0.026008871824389553,-0.31220059472097383,0.94966011143055429,-10.495261055277121,17.309496072558044,-4.5082027369434456,,0.3486760336836811,0.358974358974359,0,2
0.084630087110981661,0.98431013834192516,0.15482667700653663,-0.99615643226032979,0.080058616338292518,0.035538435761405265,0.022585633087365411,-0.15723921109982988,0.98730224332305905,-18.607428828762316,-8.9787689180929355,-4.4711192458664994,,0.1678164769398595,0.32,0,2
-0.58488479177918551,-0.8081701913980136,-0.069070413934753078,0.81068200644099286,-0.58523473061881104,-0.017175404226238176,-0.026541755371977813,-0.066039774478922147,0.99746392586827348,-5.4293952877300464,11.296965042536277,-3.6842934135255252,0.1031412527219781,0.1917835395152703,0.3508771929824561,1,5
0.28957458373840206,0.95474346670489496,0.067907828982008658,-0.95673660455945764,0.28661981319823482,0.050041504556201412,0.028313070281595541,-0.079460653574756776,0.9964358356586247,-0.96961354665771127,-4.9477494625255156,-2.6033847030348412,,0.09651520358002055,0.25,0,5
-0.93693811888231227,0.34720962263971844,0.039905379733291668,-0.34930082002119417,-0.92648415019394759,-0.1400573331601028,-0.011657551964079084,-0.14516403613079598,0.98933892276429813,9.4555434989770824,-11.578916061249716,-1.5589348627183257,,0.1870754670280839,0.4583333333333333,0,4
-0.9474109755828497,-0.30555148849171648,-0.095135331111259921,0.31751901925496284,-0.9346004417008964,-0.16032369376937033,-0.039926379206223335,-0.18209970415402876,0.9824691252097929,8.4503236429415534,6.9827256654065124,-2.0849696687541868,,0.1435700589367688,0.2105263157894737,0,1
0.80515338785998769,-0.58351269792555371,-0.10602336241236864,0.59278709937019169,0.79729759290363489,0.11366619185291224,0.018206505371914792,-0.15436800092541833,0.98784565770793964,-10.121062500880326,16.57621539028678,-4.4249977972930878,0.666347645973553,0.3715458250895208,0.3333333333333333,1,2
0.99209217624798118,0.12546020751511988,-0.0035847116769453071,-0.11915861142701688,0.95046430929261094,0.28708678493393658,0.039425108120701262,-0.28438940397135454,0.95789786916898845,-0.15245993257327248,-8.5010596700019843,-2.4661920222178066,,0.1431756479155274,0.3194444444444444,1,2
-0.3254762701463913,-0.91742856635239667,-0.22888866990784107,0.94523575635349011,-0.32193367994679323,-0.053740772480140628,-0.02438365195043235,-0.23384510120270435,0.97196805819998988,-0.75239935341306996,18.374696087032383,-3.4198335597011926,,0.1079170077402689,0.4444444444444444,0,5
-0.19292966680859169,-0.96100149291808945,-0.19812691456318643,0.9808057784927745,-0.18306348537876718,-0.067140041675286366,0.028251876757254837,-0.20727732854844566,0.97787419463319103,6.1519900164432135,14.082549912408325,-2.5244482162946085,,0.2746235048354044,0.3888888888888889,0,2
-0.7905221870474769,-0.60298985110509906,-0.10713501411735685,0.61080824310781556,-0.78900271754518936,-0.066241994669932261,-0.044586566779909527,-0.11780471624921589,0.99203532542557393,-12.786664163017038,19.301593492512726,-4.843605943336585,,0.2894684302844073,0.2272727272727273,0,3
0.60296167897701258,-0.77897935462964929,-0.17212895963781399,0.79775898215026253,0.58989289095805464,0.12492791359709919,0.0042213841092554709,-0.21264416817284837,0.97712058501409071,4.3472398691459997,12.531459303452104,-2.6795262343612811,,0.1347519985582862,0.3478260869565217,1,5
0.98672998039259507,0.1551691974107684,-0.047817005022555516,-0.14961090202758473,0.98330430754914933,0.10358193254511172,0.063091392352059503,-0.095053453015583142,0.99347084369944794,-16.937556558676214,9.0780801896223036,-4.922940114829629,,0.140167538924766,0.54,0,3
0.95108532879934038,-0.29736404313870407,-0.083733644318483944,0.30738613185111774,0.93796186269171022,0.16044098628936801,0.030829584626762448,-0.17833162923077014,0.98348734955140205,-26.238323518885668,14.542856927444102,-6.3463274431692609,0.1876287932907365,0.2594461072660984,0.7636363636363637,1,2
-0.97455543002231926,-0.21040796753004012,-0.077267075872522267,0.22083287720041042,-0.96035268640616955,-0.17016332759981462,-0.038399923976500688,-0.18289670558085766,0.98238192212920361,-15.736566126235392,4.6499369904752736,-4.5748079637903558,,0.0995261152536448,0.3166666666666667,0,3
0.1144958827821291,0.9933328317860306,-0.013437935923578264,-0.99320466410738306,0.11474421692555137,0.019448904274588834,0.020861160592859487,0.01111980117120989,0.99972054195191573,-6.4474545900421703,-4.9012535853315526,-3.2168885759920354,0.3969779540537728,0.3247570942519394,0.9420560747663551,1,2
0.46148486926352994,0.8871409641732183,0.003553185420765883,-0.88650254429780206,0.46099260635810868,0.039988196216888559,0.033837174739405868,-0.021603855419106047,0.99919383456698974,9.5072273271416208,-3.263419266848318,-1.7304919678256205,,0.2185656112910206,0.5411764705882353,0,1
0.44466090422824217,-0.88231444281710236,-0.15426569368225851,0.8954315228215427,0.44209414125488206,0.052489600928192819,0.021887626376896271,-0.16147443842433618,0.98663414574356334,-12.225321526631104,11.088114413639746,-4.4622227767621032,,0.4607288775108471,0.8214285714285714,0,3
-0.34677808979330743,-0.93505443510516673,-0.073608150564075173,0.93789539686626122,-0.34651430092391777,-0.016735106581301583,-0.0098580412042092638,-0.074840113878635928,0.99714681786497739,-13.031302713173249,13.728626025909383,-4.7221142708849007,0.1484952483333414,0.1433913336115164,0.4814814814814815,1,5
-0.29632131056823863,0.95271087835092227,0.06734733235204092,-0.95494763325131227,-0.29675038703798223,-0.0037716760896580374,0.016392030101210486,-0.065430803637297349,0.99772246205271897,20.614889678056556,5.2387506794443013,-1.0059346915612846,,0.3439050452752576,0.6875,1,5
-0.89728814461478767,0.43919311472239253,0.044535306378150896,-0.44120521911851118,-0.888897634622828,-0.12328402079964963,-0.014558164593757051,-0.13027049989305062,0.99137160373962541,-24.302426142722357,-1.0568540091578285,-5.4574652851034635,,0.4255012218513762,0.2222222222222222,0,5
-0.34418099661739643,-0.92314333261042958,-0.17130624338991432,0.93847706137207509,-0.34374732801823549,-0.033144830045676275,-0.028288634570952684,-0.1721748005290914,0.98466013995534429,-20.885231076899554,22.948441211575918,-6.0942208451399784,,0.2266896985157112,0.3,0,5
0.18477665389817097,-0.97898691859791054,-0.086268194535206816,0.98271467220506903,0.18303479730773789,0.027751324426039985,-0.01137810208600374,-0.089904817383075139,0.99588536619644985,-7.2538757828623419,-5.3592649383901518,-3.2626044699437218,,0.0680165539337044,0.2030075187969925,0,3
-0.32631834881408811,0.92951908771608482,0.171786497719424,-0.94352845822173304,-0.33129135278667277,0.00029680717142642748,0.05718726915116451,-0.16198859571042323,0.98513415893816159,4.913918818697228,15.2774656931227,-2.6613675001203028,,0.546223910044438,0.1176470588235294,0,5
0.028846311038159593,-0.98220414231145525,-0.18558801999511473,0.99902796288772822,0.022137833724972317,0.038118836372059692,-0.033331962256730928,-0.18650720936248777,0.9818879982706441,-18.357558217938521,-5.6378473017472865,-4.5211837250699434,,0.1489579518007796,0.5,1,2
0.0053995876987432663,0.99391469921002751,0.11002006701926316,-0.99976174043818689,0.0030386558976616194,0.021615478859876632,0.021149629043785794,-0.11011056836005879,0.99369429701832068,-22.314890916727393,-9.1630742585595062,-4.8220445492114923,,0.6520124436835073,0.1,0,2
0.35764254129712764,-0.88229034281237051,-0.30603196505359065,0.93381549138359676,0.33473039446427039,0.12627030954981258,-0.008968874318664069,-0.33093702422337651,0.94361021894192765,-19.720245503269492,-5.5725455750487667,-4.6730309387356028,,0.130444595015231,0.1538461538461539,0,2
-0.44597752118945722,0.88921300403622217,0.10200139237571251,-0.89504246628095907,-0.44329295293673399,-0.048891118112884498,0.0017418804220402798,-0.11309991746021486,0.99358209249316054,-1.38123189291343,-2.949633895488772,-2.7371879279436353,1.043323049875014,0.9100533950503,0.5805142083897158,1,1
0.90304744032190309,-0.425863621581619,-0.056084724671201583,0.42902923417032607,0.90062098195145568,0.069395699405777625,0.020957975934720742,-0.086729595192075001,0.99601141587962594,0.46425815856971619,-6.6881367912369392,-2.4205402743143978,,0.08054048719665205,0.2131147540983606,0,5
-0.33206456919286353,0.9423225651102608,0.041967906437851393,-0.94325664904501594,-0.33172977648276863,-0.014908032300055827,-0.00012617101565703812,-0.044536936117233805,0.99900773040160429,-4.8285188092568383,-16.923140721589949,-2.7017833606571431,0.2226310253098216,0.1285503077031772,0.3684210526315789,1,7
-0.74257929952758239,-0.64605118210043022,-0.17661781908901869,0.66858960348612573,-0.73061562924251244,-0.13852344356401172,-0.039546504566011664,-0.22094947932322376,0.9744831458590788,-17.510874588006985,9.9465431644516524,-5.0518672088972876,,0.1561619332733789,0.1851851851851852,0,1
0.83529823835559946,0.53897749721546873,0.10853621743629746,-0.54956356598836287,0.81275906256738006,0.19339750037874223,0.016023106383727781,-0.22119214206191998,0.97509860852729824,-11.866877769181414,9.1907715206370035,-4.2753195753034205,0.4835009295586848,0.3508294479690161,0.1454545454545454,1,5
-0.72626613943289331,-0.68192362803022322,-0.0867044419123848,0.68673639077471571,-0.72535352361833749,-0.047491002939269708,-0.030506135431368996,-0.094034202865546798,0.995101474419812,-2.6757451439760276,14.462505704660561,-3.4358893218570099,,0.1242934665732017,0.3076923076923077,0,4
-0.39130097607926889,0.91920990989156304,0.044007813812495682,-0.91956104114348658,-0.39242239965947245,0.020301523504576768,0.035931013491370324,-0.03252386512463018,0.99882488979141748,-17.212565133959934,3.7451642089519406,-4.747537880614848,,0.4999692795344655,0.4871794871794872,0,2
0.72146574400831009,-0.68687361412539427,-0.087703012723929663,0.69218881634063611,0.71886473753627222,0.064094708516807639,0.019021639137674688,-0.10694918113395904,0.99408251664501746,13.63773773312613,21.052039975189064,-2.0139840906959869,,0.3715824636196415,0.4,1,4
0.88608940250994617,-0.44355214331943116,-0.13456250189523242,0.46309810367991849,0.85946735965035714,0.21646247726501233,0.019639682472711716,-0.25412074659968531,0.96697307564377855,-0.79954508679311498,16.318090595578219,-3.3159999435179603,,0.5123058283197693,0.2941176470588235,0,5
-0.79264193767150548,0.60942638420256556,-0.017839307221649139,-0.60880541653713338,-0.79272967004414696,-0.030588151737967549,-0.032782974840743093,-0.013384784999562641,0.99937286539664805,0.10069947815570621,-11.393997549435714,-2.3442390241198869,,0.1781063294148109,0.3015873015873016,1,6
-0.10785220680180203,-0.98514317767550386,-0.13364438247600205,0.9925446844522996,-0.11437529457722992,0.042111059780727565,-0.056771038861953789,-0.12810625070535184,0.99013425235002972,3.6746785812196725,-3.3184204725259092,-2.2426491365388443,,0.1742543435259155,0.4193548387096774,0,2
-0.9809896206761195,0.19310367869111991,-0.019244048474248057,-0.19263400402466788,-0.98098072185275109,-0.023852963058676284,-0.023484135477950974,-0.019692451071693165,0.99953024103908017,-25.576503149806321,0.38028034589070425,-5.6279079179240163,,0.256238625236209,0.4897959183673469,1,5
-0.84638551887963753,-0.52647468749768489,-0.080348969222144573,0.53102605743180153,-0.84575302716308387,-0.052087842851438887,-0.040532453161422427,-0.086753792243880773,0.99540489237898688,-30.86915462623486,-8.6911698186954354,-5.9839369164484824,,0.6863397810284362,0.4102564102564102,0,1
-0.51295219262000313,-0.85349227377226611,-0.09182040458078751,0.85753999872933973,-0.51432249701494159,-0.009875203471353804,-0.038796889896183261,-0.083805176900735523,0.99572661592377942,-15.678843229700938,3.202283121594768,-4.472222709644246,,0.1441829055227959,0.462962962962963,1,5
-0.97859138307370974,0.20534346382714194,-0.013891250388505539,-0.20284248657248338,-0.97369446096294854,-0.1037979880882355,-0.03484007197146391,-0.09875808095312931,0.9945013880490462,9.4767416253442427,-16.495723716437308,-1.4009869805027027,,0.3775903564380362,0.4285714285714285,1,5
-0.42235022992455407,0.90172973244135624,0.092215903801437848,-0.90551723348563706,-0.42430577168892847,0.0017753793903934226,0.040728652607142465,-0.082753258199919758,0.99573745290317539,-17.009934025085947,17.009171773878066,-5.322774073969633,0.4900725505746409,0.3306773135609776,0.2941176470588235,1,4
0.29432553531946182,-0.952453291883538,-0.078773130184890586,0.95566325721530521,0.29253872358004557,0.033598125167815823,-0.0089564539605086809,-0.085169372349285455,0.99632623168623013,-23.574828325790353,-2.4087497869556143,-5.2384914778476013,0.377202811912303,0.3160010987161038,0.8978102189781022,1,5
-0.66434481981399907,0.74448408661720145,0.066252586063154137,-0.74727505205422673,-0.65981317809889595,-0.078908596390927538,-0.015031864942744777,-0.10193142195017701,0.99467785149542642,5.3432086315292819,9.5259926622157778,-2.5173383626810084,,0.2450013741905866,0.3928571428571428,0,4
0.34539447688435293,-0.92915028241928999,-0.13184236048378711,0.93812733296636863,0.33812180462131952,0.074771333952454083,-0.024895029206477154,-0.14951052778909898,0.98844668020133142,4.696486587731834,19.816794010294938,-2.8707812256841616,,0.1776559439420573,0.4545454545454545,0,2
-0.86244259770945852,-0.50228494919283284,-0.062470756922843131,0.50491441666504222,-0.86238670065802092,-0.036750651313569048,-0.035414650922460378,-0.063237712976710048,0.99736993846692334,-31.719120932302395,-3.8119126130921845,-6.3038913303769544,0.1636641728280954,0.1119093760701314,0.4166666666666667,1,5
-0.31219485574815103,0.94688508062238863,0.077090960164752503,-0.94998786152184345,-0.3118027187661197,-0.017381816107951316,0.0075785886249194493,-0.078661989962041656,0.9968725376544717,-16.873822646715318,10.862280750765054,-5.0690899120145341,,0.07141755968036548,0.2142857142857143,0,1
-0.79877119551357512,-0.59103819409677871,-0.11242077359915276,0.60038962286380737,-0.79509442640043393,-0.085773853034704098,-0.03868950730195745,-0.13600994899558913,0.98995172397392617,-20.118972878589137,17.660007559529102,-5.6890232100054847,0.1734988571853144,0.1741101560297434,0.5,1,4
-0.2825248416539986,-0.93134684782609956,-0.22972323106897893,0.95886227010380953,-0.28108536130604217,-0.039675768811962685,-0.027619935187316785,-0.23148232913948358,0.97244694995480785,-17.745509486031448,12.710856076609685,-5.3054360824102389,,0.2585634751554324,0.1764705882352941,0,3
0.97463167793737526,0.22368629929378783,-0.0075849765475761331,-0.21437609248149481,0.94273097557987795,0.25554099212176773,0.064311611186028128,-0.24743230829958685,0.96676846735720356,-4.1219484190464,18.34527797123766,-3.8162578883818452,,0.2905932015900839,0.2083333333333333,0,2
0.3353811827976656,0.9417871795973447,-0.023587508798495343,-0.94162837327250803,0.33589175240133445,0.022643703692898087,0.029248399501680945,0.01461639541203409,0.99946530310549075,-9.4250666054274763,-3.9333592429660422,-3.5561448730665872,,0.07393159486807822,0.2649253731343283,0,4
-0.95765543229801764,0.28749173719538829,-0.015638862953365865,-0.28686048367804701,-0.95738196285283617,-0.033627966159826155,-0.024640127720716071,-0.027717832679114211,0.99931205629546915,-11.585193784421795,19.214276741246746,-4.704940979494884,,0.3385493020496667,0.34375,0,4
0.48954797508059011,-0.86981835085527426,-0.061309188625409475,0.87197632544053105,0.48835741522228293,0.034122175614115131,0.00026070236621667967,-0.07016460299055928,0.99753539311718398,-5.065631195517331,16.198859154993286,-3.7747442857365745,,0.06720081827923192,0.2916666666666667,0,1
0.99960741479164539,0.00066273396771550082,-0.028010303055300223,0.0052770987054153529,0.97737466402955997,0.21144956453574504,0.027516695346916718,-0.21151436569838689,0.97698746388087931,6.6982894995858597,-10.555460892774011,-1.784055032579837,,0.1266043331980879,0.2068965517241379,0,5
0.15663864208207756,-0.97946093988662142,-0.12696693681072885,0.98713192138759509,0.15106925730676682,0.052427562163591464,-0.032169948466203552,-0.13354529843165078,0.99052044283926011,-0.084276121077892063,25.440246907343962,-3.5631077303816285,,0.2632028302321356,0.5,1,5
-0.75909422427547768,-0.6475957203775129,-0.066300389292539438,0.64852663519427012,-0.74346493503815059,-0.16331899403412176,0.056472666974475887,-0.16697207346574375,0.98434301164144078,-19.006390508807147,5.4831871474931972,-5.0388761871815335,,0.4095591116170904,0.2608695652173913,0,2
0.6259653252771773,0.77474612002683674,0.089083449944416887,-0.77897327461538446,0.61575021403638097,0.11854244534821642,0.036987146221650072,-0.1435970870787866,0.98894480513164396,-15.244250665228325,-7.2725553539830532,-4.1635029338071199,,0.1076736614933107,0.4615384615384616,0,3
-0.87287694142952377,0.48736939626479397,0.023599082717969164,-0.48678732633519517,-0.86647208401531473,-0.11074396842080819,-0.033525274645728201,-0.10815359081716627,0.99356874787469096,11.453205297376577,-12.126881571912307,-1.373535491359406,,0.4896462989372638,0.8235294117647058,0,6
-0.80884630060969154,-0.57417875286214881,-0.12683225832446826,0.58747469321704482,-0.79836236272016003,-0.13225362989885484,-0.025320877148239485,-0.18148360133508393,0.98306793032165019,-12.13344077981797,21.767107056806875,-4.9273741463055538,,0.1495534282986003,0.1428571428571428,0,3
0.97374062296999353,0.22558328646375625,-0.030681917251356623,-0.22401316244971706,0.97342677033564029,0.047522898093450637,0.040586971151896224,-0.039401823081359248,0.99839881515884221,-4.976086182813459,-5.733717614890681,-2.9685360171826676,0.1622501928137066,0.1147858748086469,0.5859375,1,4
0.70301975026517316,0.70869715937515743,0.059258476445790867,-0.70776065826040746,0.68906639592193153,0.15576377187893883,0.069556317871838205,-0.15144582630347481,0.98601525360380182,3.2776515435426354,-4.4990835910413267,-2.2552417921223764,,0.1524085336268916,0.2745098039215687,1,5
0.43634291371948969,-0.88266981059504701,-0.17463924848352172,0.89977781703589654,0.4275742491990992,0.087064007442470934,-0.002177525407854874,-0.19512628445683586,0.98077570906765843,-25.246318364857544,24.51616717260832,-6.6019539588082967,,0.3986647285259972,0.5,0,1
0.88597854334385506,0.46338729948187185,-0.017726573645175138,-0.46194710561470637,0.88527962321179599,0.053710895916700328,0.040581921449028488,-0.039397961938117017,0.99839917279945045,-15.02884669480847,-15.249373923183489,-3.7977453699111123,,0.5367442128272957,0.6585365853658537,0,1
-0.89088889233249757,0.45147733313673782,0.049851772108065573,-0.45330661825506147,-0.8767622654575139,-0.16062702050392191,-0.028811306196271487,-0.16569896660373767,0.9857554266154045,-12.171971336995908,20.52870423490495,-4.8594019720739583,,0.4529969591708012,0.2941176470588235,0,2
0.22318983277876225,0.97316683296807194,0.055969757504214228,-0.9743984083404077,0.22113963810633067,0.04055862771200016,0.027093179360637248,-0.063589115964082385,0.99760833194347309,-22.552040503840995,8.9866105663293183,-5.6163428621682332,,0.08568504207027351,0.3684210526315789,0,1
-0.72107349703746815,0.6904651158691204,0.057540730252554281,-0.69272522664874125,-0.71681494771785936,-0.079423492070617635,-0.013593095107637086,-0.09713009058002274,0.99517886496313335,9.6671305222088417,-9.7308281001167263,-1.5591178671477308,,0.2161496375870839,0.4285714285714285,0,5
-0.36354222554116461,-0.91990728829088608,-0.14699534413676124,0.93026814555982951,-0.36684704129224732,-0.0049422314594583421,-0.049378412340330358,-0.13854179601994496,0.98912483698990983,-12.448847624607582,16.933446120389853,-4.7707895923209964,,0.1405078046578903,0.15,0,3
0.99396389558244314,-0.099912361266650623,-0.045313291038019197,0.10369503838035773,0.99046619331720265,0.090686597196196025,0.035820570819991841,-0.094837966879574617,0.99484805208849791,-1.334634984111092,9.3365348998398794,-3.2030080629899511,0.5082836543095309,0.1984921264876493,0.4766355140186916,1,5
0.82643279094401167,-0.54685068005419135,-0.13402677261189158,0.56274443274957431,0.80991349324250994,0.16540506906704502,0.018098217090392683,-0.21211899299210013,0.97707624438943674,1.220459052611611,-10.334408645251125,-2.3297998786136827,,0.09558011616594078,0.4193548387096774,0,2
0.97560228951778094,-0.21569935828525755,-0.040914050434928087,0.21725801046673232,0.97535605979751727,0.038464444676857383,0.031609010988971398,-0.046414905489400117,0.99842201847350576,-4.5745878259011441,14.827208458499893,-3.6271067828899288,0.3190419418743031,0.2758671951249115,0.8611111111111112,1,5
-0.71913650740073687,-0.68783704194831718,-0.098604702967249436,0.69376435701436145,-0.71872532021894986,-0.046096974007173309,-0.039162490471368223,-0.10155844524192706,0.99405843970066654,-8.0075079054697813,18.012026806522069,-4.2472777207358323,,0.09918355948524145,0.1935483870967742,0,2
-0.56132715771255592,-0.81020918597792135,-0.16873913882480621,0.82679772736528157,-0.55794883938348672,-0.07140455625676323,-0.036295179265962818,-0.17959445310925973,0.98307094981717247,-10.271032769632004,-17.662865888054146,-3.2334469634089782,,0.09895419809444264,0.2222222222222222,0,2
-0.28769463962163161,0.95412006732988874,0.082986091915379326,-0.95770700891387084,-0.28709592439708032,-0.01931878028841991,0.0053925328210283679,-0.085034271402735978,0.9963634343334663,-5.7222386295783174,-13.666673664536976,-2.8625913645386287,,0.378054085957271,0.4347826086956522,0,4
0.93585421056006834,0.35125745547134496,0.028197456495002625,-0.34695525533006355,0.9044771524654861,0.24807888154128771,0.061635601529000515,-0.24194892155932854,0.96832937163985522,-3.552581524050197,15.229108809935864,-3.5434898275021816,,0.3357056236758877,0.2571428571428571,0,5
0.58563482006970724,-0.78642013115669041,-0.19640579124205129,0.81005020948116768,0.57653305514788333,0.10690320126808499,0.029163601311199716,-0.2217047893784487,0.97467762399945357,-18.637288225216064,6.7779416247569682,-5.038170041151127,,0.2640000100348958,0.2857142857142857,0,3
