axis_00,axis_01,axis_02,axis_10,axis_11,axis_12,axis_20,axis_21,axis_22,location_x,location_y,location_z,dbh,dbh_approximation,score,reconstructed,number_clusters
-0.48231768377234902,0.80816274387470211,0.33799797533918574,-0.87369443379447109,-0.41584607689140651,-0.2524481663442717,-0.063464070756885066,-0.4170671645513932,0.90665720753547552,-19.839884053850351,0.18217911139631524,1.2002145666403192,,0.5633551003498534,0.2608695652173913,0,2
0.89298619854993699,-0.4440984119169889,0.073159071427540967,0.44973020956257942,0.88686180188097974,-0.10591922852447463,-0.017843424730976425,0.12748625375792441,0.99167982095868001,-14.127831288635736,15.556159930855644,1.7407308432889952,,0.2246122415289959,0.676923076923077,1,4
-0.73805859491538062,0.62949108494774819,0.24292073695516792,-0.67454955041972509,-0.69685320863870293,-0.24367706014004026,0.015887558027655447,-0.3437100225208054,0.93894142837488381,-9.7207349171393513,10.764002159926692,0.67742102467708343,,0.3877522846634212,0.4862385321100918,0,5
0.12385655017626515,-0.97620787896034455,-0.17798239248358,0.98541235407841399,0.14209876271065405,-0.093650595650747251,0.11671352709978758,-0.16378680866249887,0.97956716660986609,20.437586080312759,6.9455892126184278,-5.0394774015960477,0.9508332393079028,0.4131370524566255,0.2727272727272727,1,4
-0.81897922774192788,0.56608749764517352,0.093904044306204221,-0.57378274222916259,-0.80593932354139453,-0.14572292712412335,-0.006810965219281615,-0.17322457036883035,0.98485880154127514,-13.292522687715067,-18.449558556767794,-1.6441131051983584,,0.117591627832506,0.4615384615384616,0,3
0.431144963869386,0.88800138777433424,0.15989857860819631,-0.88876484307100079,0.44852464674046477,-0.094460017929918164,-0.15559908049549956,-0.10138627410649351,0.98260355666553412,-17.396882105317115,3.9092664092839997,1.053585328909187,,0.1264340018016953,0.3333333333333333,0,2
0.97815969494436117,-0.19604384914230166,0.069068230032522285,0.20173832145197704,0.97544683587220349,-0.088346590452865623,-0.050052580793539025,0.10035078275916948,0.99369233646814892,-6.2730861267810374,11.059359375201169,0.17095793845346369,0.4321525501980523,0.3755633928910825,0.9413919413919414,1,5
0.26243831024829323,0.9577347096341895,0.11777248946988868,-0.95452444411281534,0.27555402144197289,-0.11381154097136983,-0.14145394623389476,-0.082548211543747155,0.98649712309047688,9.1197174783785488,8.271543526125857,-2.7306277100991729,0.8059992927172326,0.7792720191167775,0.9856733524355301,1,5
-0.57486382140038672,0.80949111241275262,0.11939734406471522,-0.81556594597882348,-0.55503876405725894,-0.16365866354537087,-0.066210079327927884,-0.19145785259047063,0.97926508978766058,-9.5816056849962425,-14.352105467042383,-1.7150807319364139,,0.09093974384828443,0.2678571428571428,0,5
0.69610417800590119,-0.70491151273684083,-0.13615701441272329,0.71333293042325685,0.7005368583099203,0.020105733586108461,0.081210244036680132,-0.11112096723987325,0.99048322898632546,-0.24428626139357448,-31.736936651294098,-5.100053630277551,,0.4816674688524717,0.2,0,4
-0.36208641753756249,-0.93204558936351101,-0.013581074436119115,0.92136455683382379,-0.35565160979152621,-0.15684159481179652,0.14135338568716957,-0.069303331815443445,0.98753038867371223,0.5200126852612027,-21.95458750021767,-4.1496614191874137,,0.1228665175568518,0.2413793103448276,1,4
-0.02919612512364975,-0.96942589593700568,-0.24364116763079149,0.99161710120999769,0.0026029766965077771,-0.12918494146067022,0.1258694198987329,-0.2453704480964421,0.96122329993363453,-11.079902090298482,-13.084221214085275,-1.3348230727052672,,0.2343732802480915,0.1935483870967742,0,4
0.092475450256528272,0.96328841166100598,0.25203913795176214,-0.98676277350511377,0.1225257632107766,-0.10623872257379398,-0.13321981806153022,-0.23887836509242899,0.96186776989689182,-18.248470398802421,4.1612477171394922,1.1965622517435828,,0.07808422023466216,0.2857142857142857,0,1
0.59051843213990451,-0.80658652675037301,0.026573599074988977,0.80551165253154366,0.58707706008924032,-0.080569865041935598,0.049385817183986491,0.068983334086892584,0.9963946711415741,0.66063126082646995,7.2661842266650662,-1.3446221853610447,0.5159794387756765,0.3165999959223468,0.8565217391304348,1,5
-0.12820650074762791,0.97474717145416423,0.18284158418739238,-0.98643126691574423,-0.10626964158941922,-0.12514039686471085,-0.10254973825929263,-0.19640446791904506,0.97514554614395299,11.9325096791065,8.0727246277631917,-3.2900425609921111,,0.1392850337763042,0.3809523809523809,0,4
0.61131487219420644,0.77638543556449913,0.1533616069213633,-0.77571563507822461,0.62622491191756757,-0.07815122000980243,-0.1567143277730749,-0.0711899932375087,0.98507492320811607,17.68339837220439,12.227065122092194,-4.0999177367815118,,0.2509462867915468,0.1,0,4
-0.96554421897124565,0.24359957989460884,0.09156203299609729,-0.25531036881661445,-0.95484165808253918,-0.15196717923588995,0.050408102383770102,-0.17010776779841316,0.98413534158097904,-13.604714485365042,-10.961427928130036,-0.74761211818464623,0.4196569636035624,0.4285972712872022,0.8463414634146341,1,5
-0.48977976961505232,-0.87151686579918453,0.023961007979455641,0.85670876349589942,-0.48619327090495817,-0.17223878156810343,0.16175868392501525,-0.063831465237008264,0.98476376467686066,-11.648968234567185,-14.55122167058127,-1.4189965126169628,,0.09822898285476762,0.4,0,3
0.74704534459357241,0.65353470742883113,0.12171951079010526,-0.64786107386552871,0.75677004063858755,-0.087035248960838252,-0.14899423509275384,-0.013838055419127566,0.98874123315018203,-17.827408207113805,-0.70343792504157265,0.8290966437477284,0.1653229090087799,0.1913704579702022,0.59375,1,5
0.077907544872061057,-0.99563702389567965,-0.051354952051005438,0.99193617361396547,0.08257706093724268,-0.096143936278123607,0.099965203586511939,-0.043450496603838602,0.99404175587184807,13.652215516925224,-2.0461690266237418,-4.5805820515289755,0.4810767957056468,0.3038869123885337,0.527027027027027,1,5
0.86800163469064184,0.47946885441371023,0.12916183577813475,-0.48810309302435334,0.8716521818529861,0.044472963146031295,-0.091260795276137424,-0.10164689625430294,0.99062574957823213,10.560813449140722,-12.084335293584273,-4.8103891119312001,,0.2062898601522847,0.3043478260869565,0,2
0.99183670488752695,-0.097049041802149794,0.082712963452765312,0.10461925741340217,0.99018071509327032,-0.092719806059167617,-0.072902412965019231,0.10061627573442546,0.99225077638730719,-14.951479236367035,-0.0032518566407525045,0.50606727435943943,,0.1557906009048656,0.6291079812206573,0,3
-0.67887677436782679,-0.73324691226453143,-0.038409515467720978,0.71922395102091352,-0.65354195460685038,-0.23579614468121501,0.14779456519710521,-0.18770156958104586,0.9710431953703248,0.26894225160235286,-36.287122994997027,-5.6813392121603234,0.4469072002965113,0.3310620804405594,0.9298245614035088,1,4
0.63571333241307926,0.74428268661417529,0.2047238173702409,-0.76856477632941667,0.63500002004237566,0.07799460963359775,-0.071949590533736577,-0.20692572810689516,0.97570743538699134,-11.977889446996164,-21.012863486455487,-2.1047474265982404,,0.3167112759904988,0.1818181818181818,0,2
-0.90486746836454035,0.40733042842765932,0.12368017938411807,-0.42472506231269697,-0.88345052898715637,-0.19779733131614877,0.028696448195270865,-0.23151044233307075,0.972409085185717,16.516990110903912,-8.9132485393089187,-5.7011048367929522,0.511771426307708,0.394277921674045,0.6461538461538462,1,5
-0.014385138004528647,0.96973145030317165,0.24374983507173534,-0.9909054009324143,0.018792134308770504,-0.13324166799876361,-0.13378921558766341,-0.24344972783108357,0.96064180411400446,-16.628073976448899,-1.0922264897398675,0.60143551020466923,,0.09580290856356233,0.1428571428571428,0,3
-0.66251260729722128,-0.74704624037029299,-0.054762760347218553,0.73095233776413637,-0.62880096809698138,-0.26517545594840003,0.16366345068273658,-0.21571105040982069,0.96264376466152324,9.5705437449698163,-21.985454328192223,-5.6390663004539032,,0.2913413312761092,0.1875,0,3
-0.91034129998436986,0.37553488637010718,0.17393178738159565,-0.41219777294099785,-0.86033927815787326,-0.29984883264950307,0.037036651107350237,-0.34465907151528552,0.9379970207292625,22.774698376967752,0.45896536390940929,-5.9626309356978062,,0.3624445427145916,0.5,0,5
0.62819178876508519,-0.77700091137909788,0.040554410908959337,0.77616902309059377,0.62218407895709416,-0.10221848896801736,0.054191550288905405,0.095689892926904455,0.99393496782683011,8.973451613669539,-4.2072714236340607,-3.9113070008287711,,0.1141749528847962,0.5094339622641509,0,5
0.95778334529752285,0.24850917823288993,0.14454844103171044,-0.2563360484270697,0.9658400893272534,0.03800989509478378,-0.13016487140345948,-0.073458220658651915,0.98876741252439337,15.881995914192595,10.862273457359429,-3.8320329378281492,,0.1816314660458802,0.3529411764705883,0,5
0.24328365985783729,-0.95461912802920779,-0.17180041107904873,0.96569045320313829,0.25497558356066075,-0.04928894785057971,0.090857082489439453,-0.15391482121178118,0.98389797152593605,27.516867305551592,7.8147336066227764,-6.3189607294716135,,0.5086672727093895,0.3658536585365854,0,3
0.51952386469376644,0.84533993023831899,0.12448034526915183,-0.84167768727051473,0.53139544698028229,-0.095903856437499269,-0.14721964802502219,-0.054947986981329043,0.98757637373627405,-13.016577705825014,14.262952877447619,1.4274120223675126,0.2023117352397133,0.186621032835275,0.3555555555555556,1,5
0.37368551145349738,0.92023897761115503,0.11627279395849113,-0.91469183375711838,0.3864007452465924,-0.11846228653423015,-0.15394150768320408,-0.06208613499046127,0.98612743803940894,11.770206728693761,-1.503688095753267,-4.1567045647757919,,0.1293253455954516,0.3777777777777778,0,5
-0.58361390454969797,0.77023155766548601,0.25717340063166977,-0.80951684666037949,-0.52695412602663871,-0.25884710552088447,-0.063853624715393034,-0.35925297025870639,0.93105317676865551,3.2817278118141378,-25.126126631376259,-4.9252259331793526,0.9261912842403089,0.6523057467272837,0.5232558139534884,1,4
0.28493028158828565,0.9433336344546952,0.1701069920388795,-0.94837782296191642,0.30321534952224405,-0.092951367543030572,-0.13926320241914769,-0.13484103945238063,0.98103193349215978,-8.7834273689955769,-18.323611860011621,-2.2738139544815854,,0.1211284988000395,0.3636363636363636,0,5
0.94171600813394474,-0.32788910711368924,0.075230934199007241,0.33447515258771227,0.93653367315994329,-0.10502881194687118,-0.036018499770179027,0.12407019172118736,0.99161951130490245,-2.3213334136798887,-4.9375336664482221,-1.9749617046147163,0.2792154934289863,0.2365147581849354,0.837125748502994,1,5
-0.082348326917203396,-0.97140945085355601,-0.22267112935073033,0.98775596585892722,-0.04984805142689562,-0.14782869707549953,0.13250247153934755,-0.23211818231524628,0.963620384007432,2.3822320693887931,-30.432165304205178,-5.4133074595131969,,0.324665604347446,0.3888888888888889,0,1
0.17716868710940309,0.95260216066945391,0.24730624698098125,-0.97435835695607798,0.20518500550120741,-0.092330416154818906,-0.13869768757186596,-0.22460684986294879,0.96452823414188349,21.740727458781148,2.1418429786153275,-5.6269851407617848,,0.1821870471690604,0.1904761904761905,0,1
0.056590392875429954,0.98066394519387701,0.18733860795624538,-0.99542338389578189,0.06989206401868496,-0.065171973889684695,-0.077005287011179771,-0.18279312345924656,0.98013104215116953,-2.4385869907462236,-33.519638275831362,-4.8985203293677939,,0.4117401836850338,0.9122807017543859,0,4
0.94177854305905373,-0.33622422904775179,-0.0025384315652774991,0.33409235540768156,0.93490302781641288,0.11974400460086379,-0.037887648273733109,-0.11362040477374286,0.99280155606613429,12.92641657671753,9.0412120043179858,-3.3829339013362745,,0.5010213989315371,0.3809523809523809,0,2
0.45113323492583141,-0.8922515380601822,-0.019131052626364671,0.88805723990430807,0.45093206718790896,-0.089524351073774849,0.088505045047702638,0.023397940312714447,0.99580088039237358,16.023121715333854,-7.3959356779825249,-5.4490777538740458,0.737047444526655,0.3486741085289586,0.2916666666666667,1,4
0.44794297392294902,0.8710510801789797,0.20153686469749457,-0.88069487782857536,0.4687228658810545,-0.068376949089308123,-0.15402475216527695,-0.14686351050987129,0.9770913391291226,22.46630698549869,-3.6580475775862169,-6.1695626085916224,0.4335201000291314,0.339529337137189,0.2380952380952381,1,5
0.91500389324605946,-0.39663212195231456,0.07382977163825144,0.40266840438066431,0.90916993203787566,-0.10615173475630456,-0.025020620657408586,0.12685816691820534,0.9916052511095681,-6.40172269720874,0.77248181137659488,-0.77289457381317916,0.3476549426655979,0.3286388562293338,0.9284883720930233,1,5
-0.88876944745961484,-0.45803452489452751,0.017124347198543569,0.43858886060460789,-0.86070221418785042,-0.25851791010621422,0.13314909168253386,-0.22225227219710736,0.96585467172206618,-10.811757635984202,-15.623423063548961,-1.6563969562178726,,0.107386433523695,0.2,0,5
0.99372772709933466,-0.073970409773834109,0.083866458562893875,0.079213415267992429,0.99498884852047675,-0.061011688728284386,-0.078933131418759184,0.067272355375648504,0.99460745571639575,-3.0949444754188624,-24.529231509328117,-3.8305370133927359,,0.1610534060669943,0.28,0,4
0.97255785765763136,-0.21615228271294384,0.086077896038299767,0.2141288175676932,0.97627469737936334,0.032195725553133575,-0.090994851477752714,-0.01288044777229271,0.99576806088050729,12.872025935735447,-2.8650069729852161,-4.5101625088696169,,0.3871317800489932,0.5,0,6
-0.91170622605791074,0.37008215870916733,0.17841231227806065,-0.41042959814796875,-0.83989810990798208,-0.35513196130043834,0.018420161001969117,-0.39700171382270105,0.91763300773811507,15.883888484311939,-4.372807371796573,-5.1454812718684506,,0.1987401216724242,0.3125,0,2
0.99847464414146547,-0.016738712833722524,0.052613691176758688,0.015348125390346587,0.99952501866378329,0.026723998805664673,-0.053036025997197006,-0.02587571366809311,0.9982572951842581,-10.773763343086108,-11.934229683751926,-1.2605652914438152,,0.1531550451793603,0.2985074626865671,0,4
-0.83318430880503092,0.53678698422032123,0.1329046317204037,-0.55299507043528939,-0.80902365818372857,-0.19919129642955821,0.00059969605064357553,-0.23945866881504019,0.97090637359839016,12.580624644714877,6.8388799679065118,-3.5735684608992431,0.5772471983665914,0.5598695796500787,0.9358288770053476,1,5
-0.061071492668860833,0.99007465057324895,0.12657985256531609,-0.99041562680965611,-0.044370128624654517,-0.13079823338665117,-0.12388365087627395,-0.1333547073713241,0.98329515562087222,0.57342104207520517,-1.8263731956138893,-2.1896277305479535,0.5063075856465887,0.4188708688683709,0.8701007838745801,1,5
-0.37050152455404567,0.84834181863494396,0.3782126109191532,-0.92477055312975709,-0.29887853970496508,-0.23552291304225698,-0.086764303530949521,-0.43702148374992106,0.89525648747931807,-13.541341238879776,-13.069560478429896,-1.0115418352979353,,0.7860722254534522,0.3642384105960265,0,1
0.9317038601843225,0.3386506970187555,0.13131497373241119,-0.34076523921401197,0.94012445339099915,-0.0067129635551370541,-0.12572576768924512,-0.038493084378708894,0.99131796805765815,11.258843782957062,8.5393893844335373,-3.0964403414862489,,0.09946569860952201,0.25,0,5
-0.66111719058711438,-0.74998997463825912,0.020954671371935248,0.73584532090053212,-0.65359528015620205,-0.17704483462199738,0.14647772533390765,-0.10162798679320828,0.98397968895773735,13.712228979584564,-15.193433445255883,-5.7008823632404049,0.7418673579895096,0.6855855568203278,1,1,5
-0.17621655071800871,0.92653167657043278,0.33239551676373497,-0.9799308594897761,-0.13315436059636954,-0.14834226260173039,-0.09318389277485771,-0.35186498627421703,0.9314009843035217,19.944300709443215,-5.6002785873700578,-5.9696164885083478,,0.5133508932914203,0.2222222222222222,0,2
0.67687082675509636,0.7237053345361566,0.13452313054557258,-0.72345489407854713,0.68776900702702592,-0.059889975846181942,-0.13586353492261891,-0.056783639694613856,0.98909894254384989,-7.5184480703326111,-22.96098612539722,-3.023814851265028,,0.1326990576463397,0.3,0,5
-0.1524903079161978,0.98304577148021011,0.10182198763774919,-0.98201834785468445,-0.13911190279684085,-0.12762383389084975,-0.11129541979964888,-0.11945245780276383,0.98658220126682783,-18.176259544647149,0.60115094554568316,1.0006126716207755,,0.096754594894256,0.6444444444444445,0,2
0.43115032856186675,-0.90176998750082493,0.030336180111492406,0.89893687951815848,0.42641828662839254,-0.10039886190123284,0.077600778495778885,0.070557313381879816,0.99448468299173987,-34.98904951161299,-5.1410556794994386,2.6265622804035886,0.5137895717903673,0.4236100846841279,0.9574468085106383,1,2
-0.60621541478498242,0.77535133951637636,0.17701178262260392,-0.78539467058181778,-0.5486285308715817,-0.2866390527045608,-0.1251322592249875,-0.31278912293085015,0.94154388228982722,2.3880505990367022,6.6953259858880463,-1.7152172038147384,0.6221209447963233,0.4983013412519335,0.2586206896551724,1,2
-0.89731065542675803,-0.43897452761648509,0.046205538212289038,0.41765806574046405,-0.87825090251590465,-0.23288858355860909,0.14281221159108853,-0.18967529183814297,0.97140514507932241,-7.7754430795012466,31.427525010074529,2.0460421204946857,0.2817257867982373,0.2956341013607856,0.8947368421052632,1,5
0.09616262715453458,0.95768986770398812,0.27126161990936959,-0.98637540891422881,0.12823241085874151,-0.10305339147569298,-0.13347772034322974,-0.25765590639935321,0.95697290038407157,-20.101561902546866,13.362702867876568,2.3924449319279977,,0.1870225330063808,0.1724137931034483,0,1
-0.65751580076931715,0.74335684379247757,0.12285590960783714,-0.75211240815741887,-0.63789366066493236,-0.1655856369953036,-0.04472021058013257,-0.20127662673638508,0.97851306700283303,1.0094339184013663,-21.012100688741505,-4.1007947033417835,0.1658772545564317,0.1957848041198077,0.5666666666666667,1,5
-0.91119223776126235,-0.41165371347850171,0.016429425521997335,0.37340806337943111,-0.84206952006238611,-0.38921117864872018,0.17405494548229919,-0.34851132486802011,0.92100202626915639,-23.97074645359028,-15.815263752507972,0.15337279321621311,,0.3088934048167089,0.3,0,2
0.82593551665114939,-0.56082986450426475,0.057448980968574571,0.56375825635596433,0.82211013267793998,-0.079445315398352839,-0.0026740838959304451,0.098004044959322564,0.99518242370277499,10.790762626867325,6.8517144480890249,-3.2256035199325312,,0.09513606100186027,0.5833333333333334,0,5
0.095444699344765571,-0.99390780451910044,0.05511429472476876,0.98821175414689233,0.087949025758712718,-0.12530960790783599,0.11969894875440462,0.066424731720306399,0.9905856432853124,3.952171845575116,-2.7952079499658335,-2.9073970388463053,0.1330901309018727,0.1016112478628686,0.4831460674157304,1,5
0.96742120090757155,0.22716348712519432,0.11177195601614007,-0.22820834615947283,0.97360593510046067,-0.0035261707724021491,-0.10962285700395939,-0.022096000866210226,0.99372762665028613,-16.05571882878785,19.969795550110156,2.4150923368080095,,0.1354673925339492,0.2608695652173913,0,1
0.64884295549360882,-0.7582550928760301,0.063655582896413376,0.75973761262603146,0.64089547677059311,-0.109780452796902,0.042445012281980714,0.11959181402820798,0.99191542933348187,-0.60502877509837438,-6.5782636637105378,-2.3295061709039095,0.744672799631844,0.6317195860930496,0.9954462659380692,1,5
0.79293192964634629,0.58713395315126571,0.16288853859092967,-0.59957760254360604,0.79945858555419402,0.037049541316312294,-0.10846959700940678,-0.12704208373863687,0.98594860691821162,-7.5296971417587573,-5.682336147535298,-1.1005115637256508,,0.2701278280715272,0.2464358452138493,0,3
-0.2033093634103478,0.93216475702216717,0.29955661988258958,-0.97326560178274835,-0.15901287017639312,-0.16573767074726684,-0.10686145767367664,-0.32524417425077523,0.93957269861346426,-20.808603573259749,11.977350816812953,2.3360382308699355,,0.2127853435781397,0.15,0,1
0.14747502314963343,-0.98216057759713282,-0.11666926485189125,0.98262357305402104,0.1589329028904449,-0.095870986525460333,0.11270328844165832,-0.10050339393713091,0.98853276960430303,-35.804679173195943,-6.1166941083392663,2.6501496875801616,,0.745704867565042,0.4285714285714285,0,1
-0.85385378473263462,0.50464873737522364,0.1275279034695817,-0.52050045272893319,-0.82950684211921966,-0.20247883244026832,0.00360458135294652,-0.23926564889885713,0.97094745287800099,-9.081376567692967,-16.95152819956137,-2.0555795543302517,,0.1331064250092991,0.4354838709677419,1,5
0.99801518828437985,-0.0073666109428205126,0.062541322315013637,0.01023950930923672,0.9989008752686882,-0.045740505425218805,-0.062135629093132708,0.046290111586229005,0.99699367559003838,-20.093508495082236,20.292393403761828,3.0515750713098466,,0.5685801022181414,0.8974358974358975,1,5
0.56711312080856846,-0.82305686053008698,-0.030985682840979929,0.820946886225564,0.56789843480482816,-0.059477539817787702,0.066550117981232962,0.0082928933782060836,0.99774862050323132,-7.8326024878512364,-31.850694697582167,-3.9334729691483044,,0.2018963100892849,0.6,0,5
-0.9103664052041297,-0.41371360939945295,0.0086056768116352361,0.39761066230196912,-0.88031456461951574,-0.25875090056372962,0.1146244716432705,-0.23213641833290297,0.96590574787816219,-33.586774424495978,5.4525726171133906,3.4404087421328757,,0.402235940251611,0.375,0,3
-0.1517805609549234,-0.98840722821452742,-0.0037165211533757418,0.97702859957180277,-0.14946205707179905,-0.15190855510677506,0.14959203499842696,-0.026687913165719963,0.98838756485292167,1.9710408510841029,-23.019233573938749,-4.446190416054085,,0.1603211343290368,0.4117647058823529,0,2
0.59670342755224703,-0.8011090621655832,0.046575638090953414,0.80114426758956359,0.59139475375883077,-0.091761145017453083,0.045966096808212148,0.092067995213926473,0.99469120947231993,7.1773965382517781,21.753553537767548,-1.4165274035758226,0.5941139865731716,0.4905259823772166,0.8552631578947368,1,5
-0.71342840017391107,-0.70017699135873979,0.02778666221620572,0.68251876013217816,-0.70332364800227065,-0.19875610236773367,0.15870746640573802,-0.12283332989299797,0.97965499701398462,-24.944202812690641,-22.237554827334051,-0.37423797912485574,0.5741394129192212,0.4663643196922805,0.85,1,4
0.86403598121093861,-0.50139788246442507,0.045188346208305009,0.50340895414613041,0.86133396743881074,-0.068434066236178828,-0.004609561622347577,0.081877713672947203,0.9966317233288039,17.140909294292488,-7.8016565482580207,-5.6503079455982164,0.2029620858822511,0.1850545248423734,0.6785714285714286,1,5
-0.31232593971987299,0.92396777205848635,0.22076245961524937,-0.94561120942595001,-0.2801313435627299,-0.16536587000264513,-0.090950250060624627,-0.26040350717879396,0.9612065675300463,-19.82946339125245,18.175013213603187,2.8425246006006382,,0.2825105660040638,0.4,0,3
0.65178902553651041,0.71985804644077955,0.23869532706911115,-0.74364145723895136,0.66841471130656582,0.01480394489617066,-0.14889072928055203,-0.18715278967577317,0.97098165999718078,-1.1213107452110165,-30.029900078459765,-4.8260427875188769,,0.2819267486521289,0.1428571428571428,0,1
-0.015741727472495255,0.96634309755514469,0.25677464014911711,-0.98920032205918784,0.022375650123302067,-0.144851831605809,-0.14572206714900718,-0.25628177478916925,0.95555467193496213,23.98002277614393,33.625043291789332,-3.4573032811868951,,0.5991810248932876,0.7826086956521739,0,4
-0.15385171092724897,-0.98621115183335739,-0.060968967879402702,0.9785105708132813,-0.14349625942769645,-0.14807392186649518,0.13728333420857719,-0.082440205784439127,0.98709518214749414,19.716251480150991,-3.5212585791906919,-5.6511393276287825,,0.689331237179192,0.4102564102564102,0,1
0.98280381600958466,0.16640092613090171,0.080046180544585552,-0.17000075057135636,0.98461399367212865,0.040435482811472245,-0.072086087715825448,-0.053348057582254797,0.99597067261542749,14.518101787299555,9.4772900582092579,-3.6374866792005629,,0.3106895845222255,0.35,0,3
0.98639795646520168,0.11839131330130388,0.1140288052031862,-0.13130938987084137,0.9848379933360254,0.11336653392257404,-0.098878286863300024,-0.12679757023170143,0.9869880751915473,31.703216995876556,11.117430958666233,-6.8415686409686298,,0.578003931348846,0.3043478260869565,0,1
0.72373473272233912,0.62573586393063596,0.29096849527449659,-0.67443910222500814,0.73063929979072118,0.10629257260622584,-0.14608194289935139,-0.27316815735422978,0.9508097726498429,6.6027050207756171,-18.874387277575579,-4.808326587813017,,0.2054266908530144,0.5555555555555556,0,1
-0.6903772592895544,0.68208323575679974,0.2411258993873901,-0.72263104214322327,-0.63431544726682054,-0.27467852171164225,-0.034403732164444603,-0.36387686496702154,0.93081147949245324,-10.3886784199867,-17.107792222830785,-1.8573054991061428,,0.3951750035469622,0.3015873015873016,0,1
0.65334265345675646,0.6995334120636657,0.28947604837127777,-0.7380634166794916,0.67366939378763513,0.037840994083087866,-0.16854011431549534,-0.23837481679146905,0.95643696947898982,16.314178314720387,-5.8879963759307454,-5.3195372788793316,,0.2681972247623965,0.625,0,2
0.46392782274078143,-0.87536572651691225,-0.13603609861546531,0.88027031642014386,0.4727692849045172,-0.040166818151947038,0.099474345017085769,-0.10111403508113993,0.98988929006886039,-17.80878741715707,-19.735568018172735,-1.1118141163213977,,0.3000546331343887,0.2857142857142857,0,2
-0.73287686860568935,0.62143976570955539,0.27695507407803832,-0.67988603061670527,-0.65372694191852754,-0.33225904168601761,-0.025425987394384932,-0.43180285201084889,0.90160956969206896,2.7665392598067418,-20.40970287668377,-4.3709192789548146,,0.5963039305960351,0.5,0,1
0.37190876492400271,-0.92824766915867518,-0.0063352406576106775,0.92422303598789979,0.37091555198524623,-0.090738266705894161,0.086577423858721497,0.02789118134764287,0.99585462376846001,-7.6575402602750193,-16.341242085715241,-2.2014660230744503,,0.4211876120482415,0.1935483870967742,0,1
-0.76654048894802485,-0.64105826921792541,0.038209609663556528,0.6259621801244486,-0.75913310716348326,-0.17857288333384677,0.1434818032266498,-0.11296557473688147,0.98318449492818782,-4.5311973392050575,-0.60361824284167975,-1.2183976056622208,,0.1304598599011856,0.1877729257641921,0,1
-0.78302500796351315,-0.61815608918429799,0.068955683653437003,0.6055046994790283,-0.78292750722810045,-0.14278857564386285,0.14225292901220155,-0.070054035072689147,0.98734823459480747,-4.5978363665975461,-8.8270320821310584,-1.9395747425531169,,0.2403792609405683,0.5945945945945946,0,1
-0.26760914662382584,-0.96112591098682454,-0.067987703836910066,0.95278359068701157,-0.25345760399155431,-0.16722043026026179,0.14348788785411215,-0.10952728522431396,0.98357256968185069,-23.524698123124182,22.654002531728725,3.7974610209068285,,0.393887273051601,0.5789473684210527,0,1
-0.69837104525114302,-0.70570734322033035,-0.11939442566438394,0.70042011835602802,-0.63952653155307648,-0.3168871616866481,0.1472736940426006,-0.30493107608867032,0.94091843316966239,9.3471408074923232,-17.665913288314051,-5.0279257123936905,,0.2670805621879387,0.36,0,1
-0.12123709150716674,-0.99019752968314023,-0.069357190343107916,0.98208880761484041,-0.1095044051891904,-0.15333088143561852,0.14423294214757237,-0.086704310467062964,0.9857379068220351,-17.621871400124554,-24.330350480801069,-1.6525263943927142,,0.200111126838601,0.2,0,4
-0.9022266010768456,-0.4310230980234423,0.014361381535091151,0.41196393328255088,-0.87122548895364826,-0.26693044987757908,0.12756519111298495,-0.23491538129239387,0.9636087824675309,-25.257944762301612,11.050366861989502,2.851012796520779,,0.6625962330011514,0.32,0,1
-0.31540085722631223,0.8695259026231944,0.38006184224179324,-0.94589010002053397,-0.25588429602777474,-0.19953732916302705,-0.076251019298442163,-0.4224309786387459,0.90318206932061029,20.940207461551939,-6.7178281309089325,-6.2236354746768479,,0.3896681810991678,0.4827586206896552,0,3
0.95952750557185751,-0.28100540741704799,0.018518289700411375,0.276706569941854,0.95298664292425195,0.12349061729127075,-0.052349213958410058,-0.11336851154683147,0.9921729387498901,16.016889647573542,7.0188692210780417,-4.1597173813595933,,0.5657292074850663,0.1818181818181818,0,3
0.80153223944483698,0.5411718055772593,0.25432095072721189,-0.58116264140021512,0.80513130932142618,0.11837887899068304,-0.14069844836127018,-0.24268632346841201,0.95984753738816042,15.156275882431915,-1.7517299040898482,-4.8078222961974761,,0.4136238105109923,0.1578947368421053,0,1
0.60235600700730496,-0.79616957758115547,-0.057282148671820778,0.79658743470752447,0.60416644324681223,-0.020769393842450759,0.051143911546749694,-0.03311967072212,0.99814196771950103,-21.312917228297209,-11.639989063330974,0.2291160296652513,,0.4585624789473027,0.3214285714285715,0,1
0.9110040295423163,0.35758150108386944,0.20544373497449303,-0.39272585612068694,0.90425780855815174,0.16758346456581999,-0.12584935475375536,-0.23335227820661333,0.96421400848766325,19.532991184533824,-1.9159720465736216,-5.5498115744680252,,0.5699178729798314,0.2272727272727273,0,1
0.98395887551760752,-0.1767408885257174,0.024240247797126111,0.16777587149561607,0.96298451140791586,0.21097887982531688,-0.060631577861809283,-0.2035276126514507,0.97719001358711688,-22.897657545278424,-9.5520572212392558,0.68238090394357376,,0.4034469600583751,0.2083333333333333,0,1
0.89736706559761426,-0.43556102301932254,-0.070844511481746253,0.44088943066375352,0.878138608251127,0.18571239761460276,-0.018677781177575965,-0.19788678562535239,0.98004691753259843,-13.359164439448284,-14.069577596068552,-1.1217522712825132,,0.655586015914474,0.2666666666666667,0,1
0.66533555201393557,-0.7333727450441806,-0.13961740598032654,0.74458430357005867,0.66542402021190239,0.052963083389485827,0.054063093727635125,-0.13919515132142321,0.98878809243700139,16.078340454412366,17.407492033251096,-3.4816647691724039,,0.6383539905454475,0.2564102564102564,0,3
-0.86604231268827614,0.4637859798354948,0.1867438822065455,-0.49989738805004791,-0.80964242993232038,-0.30754143960453134,0.0085623626576963249,-0.35969667855196796,0.93303000240313849,-23.001538069878062,32.526704354089937,4.6838709104891754,,0.433054604159271,0.2352941176470588,0,1
0.99660236419153092,-0.025795959405906746,0.078219538263661237,0.010815813872748787,0.9824528835591837,0.18619707236290206,-0.081650143037973938,-0.1847184345553376,0.97939387075747253,-1.5985045774903313,-22.438880956461485,-3.8189104808639742,,0.5237904434821877,0.1764705882352941,0,1
-0.96118722120176481,0.22063790055839613,0.16564432569699777,-0.27212570854207629,-0.85709437143523559,-0.4374206638974798,0.045461242271881933,-0.46551923192411959,0.8838694022081971,-8.0108629428093767,-20.158207567520382,-2.5896428833400753,,0.6676771799814301,0.2409638554216867,0,1
0.092824446700661409,0.96970916650073824,0.22593750131210946,-0.98417241401702293,0.12376145453489741,-0.1268375412065075,-0.15095788016073242,-0.21058783149994656,0.96584909982953771,-23.142615299615294,-10.719554856726315,0.60007915700317771,,0.2179787089304984,0.625,0,3
0.99627892908960969,-0.05193526777485942,0.068782435353898538,0.053943539396562885,0.99816059589586903,-0.027668020496133313,-0.067218970606749459,0.031275433841221653,0.99724794170186781,-18.520845756175323,2.2397744501300019,1.1253609132422107,,0.1671619285418909,0.16,0,3
0.88091073513384321,0.44504549489105516,0.16103038285717422,-0.4547255426995126,0.89021495545533458,0.027239932090431504,-0.13122864604416995,-0.097220576838616832,0.98657346502760823,-13.394073711802466,-3.1809597482902232,-0.0080342798095707664,0.8567718017318313,0.4857494915241624,0.2406015037593985,1,1
0.61279272365514437,-0.7902202438012782,-0.0060863882523455289,0.78870612632665005,0.61206250557554076,-0.057637969806385594,0.049271940596248891,0.030519756801780526,0.99831899727223461,18.427930194835596,13.22115922029046,-4.1590451546513334,,0.5340404998733679,0.4324324324324325,0,1
-0.58026015566364819,-0.79197432463160766,-0.18993372758282956,0.80046866734189248,-0.51158867032841748,-0.31229304346318293,0.15016012903928383,-0.33324720781412653,0.93080515368738415,16.551767426178799,-3.7011118318197278,-5.1382711422609155,,0.3831191545126725,0.375,0,1
-0.58470317059707111,-0.79626956281733285,-0.15516760494518361,0.80339298902284606,-0.541800201672054,-0.24700657209284541,0.11261397552110806,-0.26908609179742815,0.95650967988751523,-14.781788420801265,-2.9750411972805169,0.20133970926320502,,0.3290682018047769,0.1333333333333333,0,2
0.99619236730107419,0.023279343830551653,0.084016899977921097,-0.018066815297199976,0.99789536404859935,-0.062277063155948144,-0.085289844155666608,0.060522017160138081,0.99451632863556838,-13.434807411266272,-8.9046127579723127,-0.54081910395400501,,0.1090477695654924,0.2727272727272727,0,1
0.49162329830302676,0.86306092149129265,0.1158981378636144,-0.85778013784685003,0.50289584343946692,-0.10634380925444678,-0.15006587780402306,-0.0471340264130653,0.98755182946162412,22.059149172039067,-4.9081329072177935,-6.2554266530623934,,0.08207120573578242,0.2352941176470588,0,1
0.99622035827469702,0.023707248914945377,0.083564131706850855,-0.017078432153600758,0.99671509037251904,-0.079166632989390404,-0.085166454160132479,0.077440267126261897,0.99335274707085008,-18.140582432811765,-33.125470115992542,-2.4925724327603618,,0.08344225806507949,0.375,0,1
-0.71427808709394891,0.64447872047305421,0.27286259024429299,-0.69924262101816304,-0.6407727406950644,-0.31697011173577022,-0.029437582255680231,-0.41720195785680553,0.90833691717962761,-28.240379729339082,-8.241094820377894,1.421969177991246,,0.7297490140877316,0.3157894736842105,0,1
0.25015656596477348,0.92888362437794558,0.27312433957302601,-0.95904036157914874,0.27644742440033915,-0.061793255332222477,-0.1329032631911134,-0.2464792768264879,0.95999202534617123,-9.9203400405161304,-19.303822673719463,-2.2223689529018325,,0.2622453528305498,0.2142857142857143,0,3
0.52709575002398046,-0.84718363512675199,-0.066708010614021873,0.84713532279446002,0.53003629336895541,-0.037726285075866756,0.067318758014274005,-0.03662534757680326,0.99705905980252496,6.3023010595088724,-7.4200147371765848,-3.6177123624545771,,0.8248786078433215,0.4697674418604651,0,2
-0.51881800259049238,0.8365010080520151,0.17633474903141944,-0.85149177497470308,-0.48728734950746239,-0.19368220403646105,-0.076089666436651826,-0.25063340267800316,0.96508717747341588,31.985364939787395,-0.46705810234896344,-7.7788355141580832,0.4513706042819848,0.321114602708531,0.5862068965517241,1,3
0.21802548701652794,0.95368686761104127,0.20723475952997469,-0.9622940877694981,0.24546272958334683,-0.11720979920366366,-0.16264985599463713,-0.17386606032154003,0.97124436544733239,19.912123224011282,-14.905327102461072,-6.7401525346370841,0.2543629813383661,0.1919724135314302,0.3571428571428572,1,3
-0.73838639478788659,-0.67332061368883311,-0.037747624744353725,0.64055315569012949,-0.68274705706724292,-0.35149411204376635,0.21089615152383404,-0.2837178303309687,0.93542878190951761,-16.871032194236268,12.986511732594224,1.8754620836522875,,0.5473837491265199,0.4736842105263158,0,2
-0.21934803753612175,-0.97039752613152042,-0.10106967748479354,0.96907054488604094,-0.20468998646817821,-0.13785604257315534,0.11308721175856577,-0.12818209983256285,0.98528200623942752,14.390404405081206,8.6921342198007547,-3.7052441679709904,,0.4405875064185732,0.1578947368421053,0,3
0.42708052912255451,0.84177693755331162,0.33017239292188771,-0.89184894400562287,0.4523331864307909,0.00038669034300724237,-0.14902242354911865,-0.29462904788349348,0.94392056944576219,6.9261141594452171,-16.838725151732483,-4.6679557880485145,,0.7228107028880917,0.4137931034482759,0,1
-0.70677727927200229,-0.70693861752129006,0.026526751816876592,0.66774547842132193,-0.6790376553087224,-0.30499809625752433,0.23362759587160775,-0.19785260607310923,0.9519834519135999,-9.1783960270569658,-22.476816117435927,-2.7160278410406082,,0.1891097759395159,0.2,0,2
-0.97695566905905296,-0.21205434809361318,0.024301731378036196,0.18581552359766507,-0.9009965493808153,-0.39201761337214081,0.10502481556043351,-0.37846819081457361,0.91963667644240898,23.364425175259747,7.940727385893914,-5.4614365028942498,,0.3205962394585381,0.3181818181818182,0,1
0.98794089067745428,0.063939453408559332,0.14101256265047013,-0.074071851572863112,0.99494464418307038,0.067812357398864889,-0.13596380890518558,-0.077439662378127105,0.98768261165151439,20.148183402460798,-8.5449143859050096,-6.2987209883595972,,0.3931463987323219,0.2962962962962963,0,2
0.037205274636949955,-0.98090256347987093,-0.19090816770847954,0.99170346777986662,0.059764937227823958,-0.11380854217299916,0.1230447054227779,-0.18509001387642204,0.97498804466036904,22.969423059954146,-20.368193200281205,-7.7075825635356567,,0.6286877210293615,0.4285714285714285,0,1
-0.98274528466083222,0.14493663245903068,0.11491335017453649,-0.1750990230214351,-0.92918740195717675,-0.32550131210336342,0.059598973261615375,-0.3400060949681758,0.93853280058325794,24.768506563861461,7.5281238144554248,-5.8037728387627805,,0.2003804008661055,0.1904761904761905,0,1
-0.85894794303323041,0.45891776668294781,0.22716274910670825,-0.51202255695919419,-0.77530992645779562,-0.36976670902202141,0.0064290220057831495,-0.43392280576012904,0.90092711487517474,26.769720013599724,30.959581653271037,-4.1548774500438022,,0.4755557922864225,0.2352941176470588,0,1
-0.97202322710461597,0.18379702788082952,0.1462514906293351,-0.21738478717849799,-0.93977316236572084,-0.26376174400487462,0.088964601232670554,-0.28817539075935583,0.95343601981895243,21.833140672597462,6.2901935734391197,-5.3472910441520591,,0.6001210951184441,0.1578947368421053,0,2
0.62610685749106976,0.76962628597367932,0.12516222649433151,-0.7652706934784963,0.63729931230391457,-0.090610994034388284,-0.14950240367833365,-0.039050819137616731,0.98798991129418057,11.186826855024487,-17.676243063171636,-5.3432354304863638,,0.5162995422544873,0.15,0,1
-0.26166977691873683,0.94962934898024631,0.17243267498549453,-0.9597440873680203,-0.23712017599098492,-0.15055002125583208,-0.10207945243498123,-0.20488563076350444,0.97344833642942585,-22.876079292190365,-22.129085894596582,-0.66524788386647848,,0.1471128656950693,0.2631578947368421,0,2
0.46707198495547481,-0.88335621269832687,0.039058447959682843,0.88119576919925968,0.46137066594254911,-0.10310734674625391,0.073060093177302818,0.082576692201827215,0.99390307006766365,-24.504480777219161,-9.5095770936956718,0.87754714133771416,0.3721864868477259,0.2299603794344116,0.4,1,2
-0.05659049423064752,0.98840711826130623,0.14088606933657724,-0.99046018418948745,-0.037820627974626944,-0.13250744746968729,-0.12564290468648887,-0.14704070412639031,0.98111818443649157,23.938729455509563,-17.846885078152898,-7.6597399440729275,,0.4776852984641622,0.9512195121951219,0,2
0.40594836954615726,-0.91040846814115695,-0.079764292761160344,0.90942176155818466,0.41104529879770424,-0.063196692482393402,0.090321541545882289,-0.046884789358359692,0.99480844169096061,-31.939125597820464,-18.60392990974594,0.92419829169317269,,0.5070540248779734,0.4883720930232558,0,2
-0.26297586718693344,0.87903688819891279,0.39766549066124846,-0.95959024055198727,-0.19551882891980887,-0.2023831953873767,-0.10015120326116372,-0.43481782015390963,0.89493195258742597,17.869488908339843,21.80442042408438,-3.5352153087873548,,0.1575327006584754,0.4166666666666667,0,1
-0.32509513252083255,0.91542056107280678,0.23731487769714274,-0.94113395404422284,-0.28859934349680016,-0.17600369166100618,-0.092628480265784754,-0.28056303266532356,0.9553556140753493,16.335559203454054,33.766866993289298,-2.3866804255686644,,0.1743173918477308,0.2857142857142857,0,1
-0.9736002948807192,-0.21712236489864578,0.070429712969702754,0.20174794082227979,-0.96286211468682359,-0.17942774722652846,0.10677187917305431,-0.16048185804518963,0.98124682881333047,19.067195054796574,7.9193459899657146,-4.6334005120122645,,0.3789468492616312,0.1111111111111111,0,1
