axis_00,axis_01,axis_02,axis_10,axis_11,axis_12,axis_20,axis_21,axis_22,location_x,location_y,location_z,dbh,dbh_approximation,score,reconstructed,number_clusters
0.53599098511167864,-0.81273070143011705,-0.22843482841266008,0.84349645163692599,0.526780801499246,0.10495581569273123,0.035034268294440299,-0.24893933824271572,0.96788522352619444,36.256068317322665,-2.7063594661961332,0.30810224405275738,,0.4371239281464989,0.1538461538461539,0,6
-0.99286210939095032,-0.095477424324676985,-0.071476521880106197,0.10864432754862607,-0.97126777407541309,-0.21174352678204458,-0.049206115750570455,-0.2179976433058789,0.97470805151379736,-2.3414511202872377,20.140073827423556,-2.2054169180907937,,0.1982426867557094,0.6,0,1
-0.99385216670823784,-0.10486420134572341,-0.035515771221619391,0.1090064757274728,-0.9829425413050451,-0.14812679954099423,-0.019376763889222697,-0.15108758972498565,0.98833045144439313,13.629705500331992,-11.474836550514052,-1.0964167134429925,,0.3824601155034789,0.4375,0,5
0.93815883995126004,0.34158567172793397,0.056366833257523015,-0.34598198031796895,0.91919950825142394,0.18806576861724864,0.012428206490147956,-0.1959374719151907,0.98053763149759909,-40.542195853904396,-0.237448370144727,-3.5246833653955862,,0.3826049158299584,0.2580645161290323,0,3
0.92982893324026805,-0.35989694097439989,-0.076761623136401641,0.36511237886668069,0.92830315393944363,0.070329262646466481,0.045946770371584213,-0.093420802091137775,0.99456595961709338,-0.7486117638264802,18.674986945885035,-2.0718779458190402,0.545498605617466,0.3485652376225784,0.7380952380952381,1,5
0.7390419821064641,-0.66512573242810136,-0.10688642919534225,0.67299195070153595,0.73601823037680614,0.073205183176718175,0.029979709389703589,-0.12603541016308351,0.99157263597274237,-18.029968695582262,4.5583724669147623,-2.3359936241073713,0.5893677953767865,0.3967077804475264,0.6413043478260869,1,5
-0.12222970042421306,-0.95316503680708764,-0.27665197079137344,0.99217013060093073,-0.11014002779395547,-0.058886384002412362,0.025657986622881275,-0.28168348706676177,0.95916426165509849,13.294188422810034,-5.448852871588028,-0.90665116585705285,,0.4602468194236067,0.1666666666666667,0,2
-0.021664007737952247,0.98747844299036225,0.15625938499193895,-0.99961207213415038,-0.018658096811377547,-0.020678023770340205,-0.017503599983987334,-0.1566467364891663,0.98749958173909791,-7.4378695217471211,0.28952596176291401,-1.8114111129163775,,0.2458086508943499,0.3079019073569482,0,3
-0.16137899954147042,0.98675818259399528,0.016282124885608887,-0.98671322795101346,-0.1610132628109574,-0.021719460984611437,-0.018810217794768994,-0.019570852888057245,0.99963151081973611,-24.212397954363198,-4.787092712291666,-2.5532244697089035,0.4203386622348552,0.3652404606521711,0.76,1,2
-0.47498467712403231,0.87990811986496642,-0.012298662247502073,-0.87917664859202937,-0.47509936808347775,-0.03645560337131603,-0.037920668083057989,-0.0065031563397621199,0.99925959184275759,6.9524752286054614,-12.472284575595801,-1.2970894855616877,0.4136347262823324,0.5613704756162938,0.9703389830508474,1,5
0.53682611961857041,0.83748080561178329,0.10219401903784664,-0.84340121088832654,0.52950438709732361,0.091101599968350183,0.022183659918369066,-0.13509627780411718,0.99058411099517429,-4.9971318370115663,-34.232182467650325,-2.2427270697134132,,0.3703127251717393,0.125,0,3
0.096484396285064208,-0.97267998636780983,-0.21115019628933471,0.99522330161592643,0.097448724480658847,0.0058588409936308362,0.014877539924420412,-0.21070688222412315,0.97743606879897138,1.7852551302730062,15.356795559533696,-1.8262104210825982,,0.5284656049637153,0.1224489795918367,0,3
0.9760580830738016,0.2158309256692946,-0.026974617532612211,-0.21298609578928565,0.97354077732039046,0.0827966055756304,0.044130958144283312,-0.075069077649487156,0.99620133111440989,-21.443233851406106,32.274449176671297,-3.5974839702410044,,0.1783911037381384,0.5,0,2
-0.62785873669389458,0.77822848206066986,-0.012403082951086962,-0.77752573781725376,-0.62785552012285173,-0.035371922240635907,-0.035314781450279734,-0.01256485418968784,0.9992972483952457,-7.6311876993301837,-20.934392450595482,-2.0094932258903704,0.4366103070041887,0.3716419427692227,0.8981481481481481,1,5
-0.84193044923370408,-0.53583621103600232,-0.063503335311727055,0.53850920943975644,-0.84184248330707534,-0.036180998437647952,-0.034072716382777389,-0.064659015163838818,0.99732555454893523,18.693231136686535,4.0757534404186604,-0.5997660472817794,0.2820797844055407,0.2362122016311289,0.6774193548387096,1,5
0.60309045685344653,-0.79046558331005978,-0.10698627227168049,0.79683435141540093,0.60316111036703102,0.035379250207011347,0.036563879125458498,-0.10658722504643475,0.99363084000055157,-12.645637434366963,19.073695495225731,-2.6431097187468633,,0.1418745412801431,0.3939393939393939,0,5
-0.91851022923075287,-0.37871298472931381,-0.11364609098374592,0.39427135742137848,-0.89892226643383799,-0.19102056336048603,-0.029817033983530358,-0.22026173999782228,0.97498497956510011,-0.98070784384452625,23.530887407706576,-2.2948501698800299,,0.2233965271178265,0.25,0,4
0.99735650701228051,0.054784741950439773,-0.047734997325727432,-0.052189036306054738,0.99717480411942427,0.054025128586927158,0.050559889336397608,-0.051391070029845144,0.99739794240387303,-31.205282245500921,-1.7938564436753315,-2.9762367748706389,,0.1751111454529363,0.5769230769230769,0,3
0.28613266385373243,0.95804777472847991,-0.016509391683969657,-0.95818983933827762,0.28607980093825064,-0.0055298538874983651,-0.00057486072492979974,0.017401403188787412,0.99984841886268361,-12.875271492293228,8.4837978543456956,-2.2040502955257968,,0.7107912444705278,0.2601156069364162,0,1
-0.58361532063272847,0.8071959365609559,0.088475293287093928,-0.81027566450006028,-0.5717285950869534,-0.1287624210664097,-0.053352647935620404,-0.14683709871615686,0.98772079121524936,11.889928748548854,6.9787855736034325,-1.0212067857998071,,0.5568367133505165,0.3611111111111111,0,2
-0.94243401318341491,-0.30918709091373198,-0.1273635489742154,0.33160690850685226,-0.91319637553871558,-0.23687388613665802,-0.04306958353097725,-0.26547263986192249,0.96315590039162979,-21.472949061651455,11.046746202316646,-2.7303120183776466,,0.5758631165561761,0.2692307692307692,0,1
0.69896905535258502,-0.70587939927123922,-0.11478908198948554,0.71384608167008634,0.69834197852316715,0.052366522861582651,0.043197584929937791,-0.11854431541336048,0.9920086763428021,11.390342478849947,-28.448483734661984,-1.8150762939654874,0.3640573740710277,0.3209772770178682,0.5,1,5
-0.86705585698107501,-0.49168415471826915,-0.080379306253506061,0.49592348811507153,-0.86721070217992058,-0.04478271943942868,-0.047686841063276947,-0.078691105111005161,0.99575783962056508,-13.061270983967542,-5.4063232529032446,-2.0345061711496037,,0.1794376322660547,0.7150837988826816,0,2
0.33391989511179376,0.94258743943066037,0.0051402992209480074,-0.94259907857819147,0.33390184162490805,0.0040665984606919926,0.0021167692538787142,-0.0062031594407378305,0.99997851981974084,-14.203611805809906,-25.554189737946071,-2.349239595670694,0.3896606216017739,0.4126675056434665,0.9574468085106383,1,5
-0.68490967649313661,-0.66715639237684321,-0.29291821922984324,0.72826312883623501,-0.63953298719461549,-0.24623235666254253,-0.023055372990358834,-0.38196846257334843,0.92388773310160799,11.202735110746781,-10.090684482275693,-1.1100424101175521,,0.6281031827497352,0.1153846153846154,0,2
-0.63624009141767257,-0.75417170594847338,-0.16255332669497266,0.77108105908839553,-0.62849517508359443,-0.10211667450403086,-0.025150474905087608,-0.1903125136280146,0.98140134540800217,16.723040211963763,2.689207780689578,-0.70623924887006251,0.131056549777284,0.1916604588738684,0.7777777777777778,1,5
-0.63364362048560807,0.75967621886475445,0.14624569979742896,-0.77232669331698989,-0.61022674860455917,-0.1764505428655633,-0.044802243335960924,-0.22475621855436401,0.97338450841032376,3.8202810340893425,10.009247423498213,-1.5191420160990603,,0.2920569186580695,0.2692307692307692,0,1
-0.97089859777565446,0.23545058410951974,-0.043805653513584134,-0.23250231973751406,-0.97052971713687342,-0.0633619718040251,-0.057433301785123368,-0.051333133517302475,0.99702874845680955,0.68711140253010439,-9.4643322439917785,-1.4435711063951921,0.2565833888025512,0.2141591191078188,0.5,1,5
0.69328927386711836,0.71849787405007859,0.055774436136286819,-0.71930666883634886,0.68517259213065129,0.11461428864028719,0.044135007741683288,-0.11957978080963923,0.99184312122087126,-9.2034055395785206,13.525001362985988,-2.2080231342416563,0.7344879696301925,0.5119292912393295,0.3230769230769231,1,5
-0.36610906584213898,-0.92539375866635021,-0.098033378650136338,0.93055550163685519,-0.36469174487655065,-0.032655621143653599,-0.0055326559243518798,-0.10318101879833122,0.99464720734447409,-4.7936385498186578,24.880459401544787,-2.6063568597793503,,0.1365952848573371,0.2,0,2
-0.97659906478878755,-0.19403989495517637,-0.092751203870634014,0.20427033725964722,-0.9718077917362492,-0.1177422831295,-0.067289642364168623,-0.13393332328625882,0.98870317534839691,-16.840282236167159,-16.324248495694651,-2.2892655557937136,,0.3428453024681174,0.9333333333333333,1,4
0.86460786888533636,0.49082624443079975,0.10743756717049371,-0.50112858315346376,0.82691223247945811,0.25512017349171212,0.036378238112356472,-0.27441894532593109,0.96092188352542207,-17.869690976506128,-24.392344417910316,-2.4512279502968681,,0.637503465567252,0.4615384615384616,0,1
-0.78035969561622753,0.62164250284627121,0.067818464394089811,-0.6243277441720515,-0.7683718112498148,-0.14078219892343349,-0.035406402172296965,-0.15220170278844838,0.98771505423047523,-14.500192433639929,16.252218467209492,-2.6004981582924698,0.8606946188035713,0.3380486556676932,0.3928571428571428,1,3
-0.88785378745792276,-0.45512574194465366,-0.067647698526631134,0.45895504223073097,-0.88645230971570765,-0.059687283492170708,-0.032801239421848975,-0.084040833045700244,0.99592229469641602,-1.721182193029213,-16.263332757338535,-1.6452762860800765,0.2385055919651473,0.1550737847193152,0.5,1,5
0.37747171347069886,-0.87816598359341036,-0.29383602704384426,0.92552378263233193,0.36817048873561364,0.088635314666999448,0.030345235399206135,-0.30540955532464209,0.95173744814679306,-15.757274266613466,-26.717749795667348,-2.4284997561517585,,0.3949895791460273,0.2413793103448276,0,4
-0.99861522298918715,-0.0016634486200251982,-0.052582024998524365,0.003974690538826502,-0.99902885705421107,-0.043881027883118748,-0.052457966500594234,-0.044029259721769319,0.99765203655331502,6.3446098518983121,7.9676850334257656,-1.3480184698987858,0.1979633657235834,0.2308520521873724,0.7837837837837838,1,5
0.72489043137932696,-0.66720660957549571,-0.17137445151908057,0.68495914495740462,0.72457204315474866,0.076330361048372972,0.073245015078946207,-0.17271564612774848,0.9822446097326063,-45.83445469425822,-0.82223272969816963,-3.770808065776984,,0.4238600384972772,0.7083333333333334,0,4
0.11318912590909937,-0.97367194766139253,-0.19786652095087845,0.99339346007716889,0.11469239678409061,0.0038842754577081452,0.018911775481025704,-0.19699896562467292,0.98022127720783747,-11.544184032273341,-3.756091226109235,-1.973431781506636,0.7687020389395801,0.3169090776823634,0.2142857142857143,1,5
-0.78127348086983128,-0.6136268009453828,-0.11434114417423769,0.62311523325363383,-0.77747178679719087,-0.085235126688791935,-0.036594455547361904,-0.13783965284315092,0.98977829635089154,18.250631644425873,2.546149502865767,-0.62231614519752976,0.2368364402574875,0.1790294554655814,0.36,1,5
0.76880250598170652,-0.63218229702668505,-0.09637556807776998,0.63757538914547407,0.76939247223242957,0.039151587810305297,0.049399695871999494,-0.091546529143025843,0.9945747347734204,-16.852624592909361,28.884042346052432,-3.303985719814964,0.5285421245909654,0.4153908701366743,1,1,4
0.35410473583600183,-0.91522422007656279,-0.19228744900217409,0.93462177425545234,0.35358767806192892,0.038182365175105301,0.033045047225066043,-0.19323659308739105,0.98059555574450374,-31.700951044615348,-6.2474894579380322,-2.9696067544432267,,0.1365062948221041,0.3125,0,1
-0.51369355781549297,-0.85428358325868314,-0.079488917677664195,0.85792686160612808,-0.51242463635500879,-0.037181879875791288,-0.0089682101626454135,-0.087295769835329787,0.99614206806827343,6.7489016569233931,2.966083661531814,-1.2190491726834201,0.3188162926724453,0.2170236283857728,0.8343949044585988,1,5
0.32469986724470529,-0.94113184252587057,-0.094025800688590816,0.94528551650517212,0.32624238227702212,-0.0010955782782690136,0.031706284815808977,-0.088525493447216802,0.99556915807647717,-22.663783192388845,10.129269722310456,-2.7527760489189759,,0.287632388303278,0.7916666666666666,0,1
-0.47604606903757823,-0.86943074653864549,-0.13217532722533526,0.87936709739209096,-0.47226391649872712,-0.060665486048445988,-0.0096771988757074733,-0.1451102000086095,0.98936817296463664,17.209249251667661,6.0347162945079136,-0.70858582057516983,,0.1518696462026248,0.44,0,5
-0.19570565862170519,-0.95098079355468779,-0.23944691577370636,0.98064307723717581,-0.188234506143417,-0.053915913826498185,0.0062008265777214232,-0.24536360974488419,0.96941128978504931,7.0110586104216681,-2.9789893271106886,-1.1690112716640511,,0.1059201220833735,0.1875,0,4
0.92989306052526066,-0.34412102038270204,-0.12992158911332705,0.36391865156194597,0.9120773440122909,0.18888656274288268,0.053498701220677396,-0.22292519343998299,0.9733664505711338,13.630711064820566,-6.9186139667615034,-0.93571215809379849,,0.1880052249303046,0.2777777777777778,0,1
-0.030598708336532731,0.9990843454084003,0.029903006671631031,-0.99941076523779404,-0.030115844936224823,-0.016466882236299538,-0.015551249947920806,-0.030389252107366208,0.99941715613722182,-0.12701224021988472,17.094078118517473,-1.971722004669157,0.6202274525348328,0.5995848667068828,0.6035242290748899,1,5
0.19232153689470308,-0.95895868971814335,-0.2083522446735864,0.98102618038361611,0.19317810854836645,0.016427165903148751,0.024496119047583781,-0.20755830455979885,0.97791589125030032,29.999506385385057,6.9733715219908472,0.069414389805650914,0.4562226179788458,0.3100730133301042,0.25,1,5
0.0055279125364563943,0.96908876686415224,0.24665036817468217,-0.99991070198269871,0.0083577527706872965,-0.010427656931986233,-0.012166767995503942,-0.24657069961035732,0.96904843008499975,-13.577309040378907,-8.5642568017197647,-2.0775169792400821,,0.540732216455112,0.6394557823129252,0,2
-0.73485076191297338,0.67818554213103799,0.0076634300644039116,-0.67584625395388997,-0.73127624804830749,-0.092015705490334415,-0.056799636727854499,-0.07279711178899706,0.99572806618210952,0.93286155797744419,-3.287291393483684,-1.4553230833554638,0.7256743017624991,0.6757613902713644,0.4193037974683544,1,2
0.93864053343785203,-0.33546498106478029,-0.080107399575270563,0.34091164311869232,0.93762860646061363,0.068057680924659192,0.052280020788240768,-0.09119124314283629,0.9944601332383548,-9.3811074746305643,21.51770087067845,-2.6023884787588032,,0.1652204750379383,0.6428571428571429,0,4
-0.43901415750798123,-0.87665058819167796,-0.19685099880555426,0.89832312361010425,-0.43236886888845283,-0.077927702413886857,-0.016796877535559678,-0.21104716875453947,0.97733154940672529,-7.7925738957644279,-5.1957420056671202,-1.8127301626761603,,0.08291823293962478,0.3517241379310345,0,5
0.87402807457267317,0.48563893309509881,0.015157556565583527,-0.48549304797300213,0.87167774276733989,0.066891054214437001,0.019272395509349474,-0.065823547658029016,0.99764514500148882,4.7439007629992282,-11.916432563126152,-1.3250367574273521,,0.194613098498409,0.4390243902439024,0,6
0.039106472128775098,-0.95465606649391177,-0.29513129035060787,0.99876235887362264,0.04642790028341881,-0.017838177386495093,0.030731650376126775,-0.29406843554119572,0.95529017627290336,0.3899342393090578,-8.3991702816083915,-1.4586489163616545,,0.1701005418754699,0.1724137931034483,0,5
-0.54997062764249061,-0.80967466747807915,-0.20483955080693159,0.83517651072777499,-0.53212944546626573,-0.13899082414441064,0.0035361927411783874,-0.24751805209322666,0.96887682871914682,-5.5965363244132442,-15.91284581102976,-1.7790130252814746,,0.4535516038863125,0.2882882882882883,0,3
0.84849540603899842,-0.52265905414126468,-0.082964203454715682,0.52594291264005399,0.8502156126155791,0.022747850632849554,0.058648090969902658,-0.062935881569069263,0.99629286669970307,-16.061371335802196,29.963024141176959,-3.3354684457840373,0.3050463249502758,0.2935083390781171,0.6818181818181818,1,3
0.98867465064934312,-0.1402184333900717,-0.053490429994848633,0.1409157781135334,0.98997622452871004,0.0094772541666453287,0.051625368202630958,-0.016907566516674674,0.99852338758410031,-10.420598072164566,-2.4159190380344948,-1.9233196201108063,,0.09170951489291322,0.5244565217391305,0,4
0.55397332439721558,-0.82624225912414639,-0.10216303193290356,0.83182419561257637,0.55438515815870493,0.026937037825975594,0.03438114962864889,-0.099904082252798718,0.99440289163871509,-10.546605189863838,20.646633170565419,-2.625910588901748,0.3076388706245238,0.2689360430332202,0.7142857142857143,1,5
-0.84114624234619573,-0.53111246487157626,-0.10194385045167333,0.53970229613420639,-0.83642454109337583,-0.095474701383146177,-0.034560534346852148,-0.1353275164730888,0.99019797654352215,-20.137833065216476,-35.917651047529134,-2.6034232021312711,,0.2848157123868472,0.6153846153846154,0,1
-0.89655413230825931,0.44028569584467797,0.048365213486072756,-0.43975237895445479,-0.87172686490531415,-0.21612523731913166,-0.052995594579959594,-0.21503669230371117,0.97516700514229704,13.715573641597381,-8.5374798234815863,-1.0022569217927892,,0.387879271718681,0.1111111111111111,0,1
0.98625345849243129,-0.15413402260843329,-0.059555173463453688,0.15596990700245603,0.98737922174019022,0.027489281281663794,0.054566507322389365,-0.036400213602122145,0.99784644145697909,-9.3317217463122937,12.01590355953687,-2.1532303386410399,0.5637903605913087,0.521113247795556,0.9458128078817734,1,5
0.99788505189622756,-0.028242845258022318,-0.058547116870051104,0.039246664030930432,0.97975926388201373,0.19629438147797068,0.051818168285913936,-0.19817700807386116,0.97879556134383161,-22.837045826371142,15.213500681028108,-2.9687816153869884,,0.6856754819101463,0.3888888888888889,0,1
-0.347394084151674,0.92061248521481531,0.17829751081555012,-0.93720757507984265,-0.33459022035031499,-0.098444632453422748,-0.030972754307316976,-0.20130086068501873,0.97903965802110893,-3.1607229438449282,10.660452093038085,-1.8453199522688659,,0.6604186489530057,0.2336448598130841,0,2
-0.18815236613976982,-0.97913311072049747,-0.076792178031425254,0.9821247395578222,-0.18713973181342147,-0.020241460552119509,0.0054482166337535675,-0.079227976546197454,0.99684163469826503,-11.35288007820612,-2.3820115836937954,-1.9663481618088237,,0.08127433654735891,0.5176470588235295,0,5
-0.38851986903946595,0.92049011791538748,0.041836039268475185,-0.92074305093804043,-0.38605950313434595,-0.056482689285942668,-0.03584055678789904,-0.060464889479590764,0.99752666712692717,19.901052513051713,4.0202531745512484,-0.52772032526455281,0.1107972683233371,0.1730710158501334,0.5227272727272727,1,5
0.98485572858309089,-0.16175547952434616,-0.062404797258836367,0.16281267367165092,0.9865814300359258,0.012211273486199308,0.059592173722361745,-0.022186634537826693,0.99797621518697899,-0.48650298397562985,6.1988328998652698,-1.6317589746448462,0.4736312257285948,0.3833938753800142,0.9844827586206897,1,5
0.79553157531965402,0.60451795040372147,-0.041079925865480128,-0.60478332499323662,0.7963589742415963,0.0070366153083744228,0.036968127888152534,0.019246604494211235,0.99913108536161999,-0.043937073250764194,-15.831713426868193,-1.6129802091489218,0.2245632795045277,0.222890339845591,0.8142857142857143,1,5
-0.28679470128803208,0.95744360691792374,0.032412017603145819,-0.95736895296086821,-0.28522398561634948,-0.0457380141210516,-0.034546884370686003,-0.044147679453427707,0.99842751122911155,-8.8418260904529742,-7.5940209192902319,-1.8467605326976924,0.7762621982110048,0.3858939799684272,0.847457627118644,1,5
-0.93127719924233299,0.36282854679600984,-0.032836318326699768,-0.36059165277991778,-0.9308638650377784,-0.058873803277664227,-0.051927238678791642,-0.042987328328535045,0.99772523847318384,4.8688699831180413,-16.044327427790851,-1.4794985052187659,0.2628997505508765,0.1197878140399654,0.6756756756756757,1,5
0.98170185577875624,-0.18186689236263998,-0.056443775767573236,0.18318884835181898,0.98289099815469017,0.019160678119771877,0.051993386118605864,-0.029149943547649538,0.99822190348193063,8.9690054809548041,15.986495672419247,-1.4411292440263024,0.6271620218290302,0.6095260978815912,0.9875,1,5
0.95416016329348075,-0.29205662185560405,-0.065431738583441118,0.29467333480775559,0.95497416283530967,0.034524977484095574,0.052402371482934709,-0.052223346764580229,0.99725960186687201,-10.78885690547466,18.180655810009455,-2.4933485077930682,0.1259222884949123,0.1736823419959706,0.6470588235294118,1,5
0.6310261788032272,0.77554563543210431,0.018301066286158591,-0.77550298249448957,0.63003127230322642,0.040690540204431573,0.020027126782147305,-0.03986932758638688,0.99900417962622179,-28.42785221120409,-4.8512424093714444,-2.7912062576681373,,0.1191550904155946,0.2916666666666667,0,1
0.22623454520743491,0.96760911166434183,0.11202918181852861,-0.97384043156001376,0.2271919949842795,0.0043140785887957247,-0.02127779156285332,-0.11007454037699653,0.99369555254464215,4.1113971378158505,5.8150730520949105,-1.4012873183559986,0.2415830887584109,0.4456057010347777,0.3225806451612903,1,5
-0.89073055184311878,0.45318615164004866,-0.034948476003054639,-0.45153757959585644,-0.89105436766190393,-0.046216101992280045,-0.052085489591334452,-0.025385543766638298,0.99831992664761704,-5.5596877228606267,-6.5352949347176352,-1.7180889570153954,0.1417670430870568,0.0899202481569903,0.3875,1,5
-0.74364699758446728,-0.64693422001578815,-0.16871650173047539,0.66793671517772579,-0.72989719163403033,-0.14529499014881334,-0.029149399671267819,-0.22074012915036073,0.97489697295739164,-1.0958289766180505,3.1823932128642762,-1.5786986127249374,,0.2343713484216743,0.4094955489614243,0,5
-0.89988610571996264,0.43585897626056042,-0.01522988986357623,-0.43288558388034154,-0.89690560137392705,-0.090390339598047084,-0.053057214407998696,-0.074748210929564032,0.99578995624684485,-14.080516252121383,-6.525246441331146,-2.0881844116080108,,0.1501352988506003,0.3888888888888889,0,1
0.68193583629416354,-0.69159708352643035,-0.23802728674569251,0.72992569175574562,0.664240212086745,0.161224765969292,0.046604717493797646,-0.28368717754719264,0.95778368413887249,-15.226999709797632,10.745862639096199,-2.409408622882228,,0.4568780525450924,0.36,0,1
0.11687971844653185,-0.95899497449392646,-0.25820102693686775,0.99290672670751789,0.1185408834361152,0.0091810137320518358,0.021802831807411042,-0.25744261078846092,0.96604758613414032,-29.252409514770434,2.8737306408914063,-2.9119668198058379,,0.7433869158837944,0.3513513513513514,0,1
-0.99547391108178795,-0.079056323564060088,-0.052742677786234683,0.087170857375888297,-0.98062947617820617,-0.17540545052765341,-0.037854114437937326,-0.1792091743047525,0.98308246747926875,22.418213064333404,15.584646166059581,-0.55757106315616678,,0.4222458080999643,0.1904761904761905,0,4
0.40372889940669088,-0.86284149252691789,-0.30415051299937518,0.91419872229965449,0.39329718557826399,0.097765126511944828,0.035265733078190024,-0.31752461729783643,0.94759402988849639,11.063312480438203,-6.8805096985132703,-1.0001443391108216,,0.6600804776760251,0.2537313432835821,0,1
0.59034457466651358,0.80680452479454945,0.023658865840385734,-0.80689743201647435,0.58917013677662056,0.042368433247366104,0.02024394642927101,-0.044102252795732454,0.99882189299760005,16.081786346356914,14.217919355811459,-0.95963394213853315,,0.7107789379126709,0.5172413793103449,0,2
-0.78187741790465337,-0.6035898808423199,-0.15603512141664377,0.62285922377837033,-0.76702450336315797,-0.15401233260589231,-0.026722476025972934,-0.21760667955110208,0.97567066282111092,28.183923290120745,7.5443060085678066,-0.045933382200830826,,0.2666248412456269,0.2,0,4
-0.86823766855504025,0.49488942869866226,0.035324273020403522,-0.49337405000859297,-0.85367258063233853,-0.16680878830158269,-0.052396542636197203,-0.16225775309314314,0.98535629286108373,-15.541657927547101,39.067147663090303,-3.7044647310996677,,0.2267410347616276,0.2307692307692308,0,1
-0.96435397847420057,0.26368603537559576,0.022160301191122257,-0.25913049423623002,-0.92408422624280262,-0.28092655582220843,-0.053598424956973416,-0.27665505156628045,0.95947339269257015,-4.1646278760522355,-37.640401380403055,-2.3688962118319274,,0.6086922877564473,0.3783783783783784,0,1
0.99637918349858612,0.069736806163163162,-0.048634355725688194,-0.068748489418267791,0.99739780962606894,0.021708398278711058,0.05002167423625168,-0.018286257662032488,0.99858071525907233,-6.800777781176464,-15.20141586455378,-1.8393325174628115,,0.6634392763985463,0.1855670103092784,0,1
0.98496602603491112,0.16869779474211502,-0.037188460658423392,-0.16597782314877599,0.98385174267792741,0.066985898907157213,0.047888305250755041,-0.05980637490061988,0.99706063393429489,-22.056792695425177,26.676539347040585,-3.3894881378739066,,0.3417073879417832,0.8,0,1
-0.96914867705904395,-0.22991989779976157,-0.088812624949675276,0.24408454303534791,-0.94535349249664979,-0.21617009523893915,-0.034257518969268978,-0.23117875079715672,0.97230797979546391,-0.11865871848254078,15.426951708399917,-1.8932992400209852,,0.7760144564153117,0.4795918367346939,0,2
0.44947593623985321,-0.85494094795808928,-0.25893504638389792,0.88377836737110416,0.46778992914155115,-0.010410550446975328,0.13002761286809048,-0.22416190063939592,0.96583863154957716,-1.3811982358293224,-12.703614429044492,-1.5390302870102444,,0.4457581025981728,0.3333333333333333,0,2
0.82739344016887995,0.56138126138570987,-0.016467377766294481,-0.56067893031168503,0.82734701253841336,0.033705458731638889,0.032545848737636614,-0.018654763701396456,0.99929613604836609,17.951510228349704,9.2543096771292372,-0.68569461078727634,0.3624651650388445,0.3275959543944981,0.7586206896551724,1,4
0.55324003353390183,0.81627929705283575,0.16617332667530105,-0.83288460088335881,0.53840983060991798,0.12813311794367896,0.015123058777118954,-0.2092915753333823,0.97773632927681264,-27.096711157106096,-3.6722338637165453,-2.7057147220964355,,0.5092105338700994,0.3043478260869565,0,1
-0.37191055932476819,-0.90323689833500509,-0.21411595304623768,0.92786844838831972,-0.35495387309392012,-0.11431487419001338,0.027252125571985922,-0.24118634592734717,0.97009611286203179,-21.249402061817957,4.4353327653020544,-2.5285681533583508,0.322258148190502,0.4168004606231347,0.5454545454545454,1,4
0.44606101177488722,-0.866428524581495,-0.22434612893004904,0.89475535242804349,0.43759177366141278,0.089029764265819072,0.021034093175900253,-0.2404476063831642,0.97043418916940227,19.798424326924241,28.278431292031428,-1.0413594971320104,,0.3430072605919915,0.3125,0,4
0.41981222404278301,-0.83640983252581325,-0.35238656131923068,0.90689774728883621,0.40196355798839001,0.12633991456284613,0.035974609194336322,-0.3726176191532734,0.92728740819114952,27.533562838476115,4.5812631973765523,-0.084715272121663382,,0.2524040415293533,0.3076923076923077,0,1
-0.99180322099860441,0.12766861508583072,-0.0052053375356185131,-0.12006040891322349,-0.94509119692505905,-0.30395415395475311,-0.043724924566925366,-0.3008377539751721,0.95267243938028923,-8.425159554914547,6.2312781522241387,-1.9535832619654832,,0.7196628419667429,0.2476415094339623,0,3
-0.99461506355238805,-0.086824657285619458,-0.056589347424356284,0.091348028592940014,-0.9923567336483442,-0.082967769977101577,-0.048953171775311576,-0.087690319135150685,0.99494421698058666,-10.102893172859925,-6.0699008708710531,-1.9062493599376513,0.219909692176215,0.1255084833347181,0.2916666666666667,1,3
-0.018754664811346407,-0.97126769332252549,-0.23724951097053068,0.99968028535882636,-0.014191579811949366,-0.020926684575876969,0.016958467286615826,-0.23756613178309524,0.97122332314298709,7.2861558186029072,15.268262266121518,-1.5264181843319133,,0.08707700463706551,0.25,0,3
0.021751592651474836,-0.99142347717017298,-0.12886565536607977,0.99965191349783755,0.023492677900895858,-0.012006078675328196,0.014930507601475707,-0.12855964763816716,0.99158937919983481,17.620883797309652,-3.396799538405765,-0.70422407417267152,0.2395328107893077,0.1990010458192458,0.6730769230769231,1,4
-0.56270816987471439,-0.81048221719816438,-0.16272089958514174,0.82664449471143864,-0.55067016055506623,-0.11585013438718668,0.0042889298806175627,-0.19970215291730367,0.97984726115893894,17.494632063237461,18.388916147178083,-0.98342100958672207,,0.2267671024067803,0.2727272727272727,0,3
-0.52827200042900391,-0.80916419989783483,-0.25725860756529928,0.848895415394196,-0.50956857104971287,-0.14041525957342033,-0.017471899881114888,-0.29256310259848561,0.95608658797856472,19.87749407588371,16.469723923685372,-0.77147171377313439,,0.3785775053285725,0.1538461538461539,0,3
-0.85678968108937914,0.51005616046722402,0.075856150364974118,-0.51122317798991113,-0.82089881153230726,-0.2545113033064379,-0.06754483447796758,-0.25684208065322778,0.96409016224680222,-3.6071930306085753,14.953323279304639,-2.0471162674026888,,0.4116574881180414,0.3333333333333333,0,4
-0.018284355737262812,0.99980220514634355,-0.0078251466300448876,-0.99972377012248559,-0.018397394410666342,-0.014625981368180999,-0.014767050733210935,0.0075555584444073386,0.99986241440972079,26.967049984495684,-3.3016413512044229,-0.17023640167421436,0.2409889013013303,0.2440798776745503,0.8979591836734694,1,3
-0.54448428708082475,0.80734297754329631,0.22745148435130166,-0.83774681701528886,-0.51004606594574753,-0.19502123267485069,-0.041438287884975833,-0.29673275387929554,0.95406107827139197,26.817786495463995,6.7812756838909287,-0.13427631652549821,,0.3005511688728376,0.1764705882352941,0,2
-0.0034867089117379024,0.99945544979756751,0.032812295422702087,-0.99986436646744714,-0.0029562162863413454,-0.016202143497679861,-0.01609632037503753,-0.032864337133285307,0.99933019758995278,-9.9490914929279484,7.4647493954256685,-2.0252634422045985,,0.4850307728612824,0.3506493506493507,0,1
0.55274752628321833,-0.79993393708401817,-0.23361478653767925,0.81776600349358186,0.57462082520907276,-0.032705821594635275,0.16040241805508668,-0.17296416836242917,0.97177901847322024,4.5039235800247104,-2.5380861867091111,-1.2748971241503622,0.5899224227284854,0.1917068770653015,0.1583333333333333,1,2
-0.70409846346822391,-0.69075910018911146,-0.164612330180989,0.70966832114932432,-0.69260395927846652,-0.12911479213820434,-0.024823933990916994,-0.20772968275554954,0.9778712344698014,6.4774851125013804,20.870789590275979,-1.8326074407458182,,0.5169462132532684,0.3,0,1
-0.84726747237924116,0.5310012624916306,-0.013247244256347114,-0.52935330930266655,-0.84617156535246574,-0.061471586275893532,-0.043850931328862329,-0.045070402940880647,0.99802091891920752,17.397991385587382,15.86702939064374,-0.92223995558393801,,0.1938901074452611,0.1666666666666667,0,3
0.025502035437050409,-0.95629085018394044,-0.29130303129737983,0.9995285887965174,0.029374858599014789,-0.0089284859147108382,0.017095214740059116,-0.29093801322062196,0.95658916264832683,23.384442976011382,-6.0826527844119624,-0.42538954743000978,,0.545958400428555,0.125,0,3
-0.46421818724703712,-0.83191769185568076,-0.30399741546037995,0.88566758895197661,-0.4397578882311326,-0.14901651458307344,-0.0097157865902500768,-0.33841683426805308,0.94094614605455595,12.425007332734349,-6.4281084096839978,-0.9526158897816982,,0.5907938305378896,0.2093023255813954,0,1
0.017913208358020374,0.95652953130215501,0.29108482047884632,-0.99972707705012509,0.021501925130863263,-0.0091344747238657157,-0.014996278842977597,-0.29084174900200765,0.95665364090579685,-13.039615202331548,-21.474815632601,-2.2120216964030179,,0.5305112238995906,0.3333333333333333,0,1
0.48927569722804132,0.8682275330211825,0.082402930809321942,-0.87205702193345458,0.48583120000761754,0.059030463285605808,0.011217958752321464,-0.10074222552192487,0.99484931592594539,11.196804111402546,7.6019708096344223,-1.0627308592456297,0.8061002823152699,0.7508653195761803,0.446969696969697,1,1
0.46455721559694851,0.87977188362943115,0.10093575289228862,-0.88067810493048482,0.4470627177860742,0.15665567931543337,0.092696650062776761,-0.16166743376713852,0.98248204661779304,19.413366108365405,-5.0523689962768588,-0.64396773218639591,,0.5808581021081566,0.1875,0,2
0.60078429034480563,0.79859573846745258,0.03609824062904872,-0.79919114197746144,0.59894684561858746,0.050558824237772124,0.018755134221060302,-0.059224341492064313,0.99806849580336021,18.173242421892748,-5.3658513404497308,-0.71618876507429929,,0.2922271937079343,0.5789473684210527,0,2
0.86200022324830239,-0.4668745158513537,-0.19744316034859327,0.50420794806030877,0.8298423517546385,0.23903141288781166,0.052249021356282781,-0.30559754201055761,0.9507261341124561,-5.2582327269140192,4.5425538639166696,-1.7612041243700753,,0.4940923693432702,0.3116883116883117,0,1
0.93540266226223823,-0.32272300500212192,-0.14447048651928185,0.34950544098278569,0.90579327184277203,0.23955061137011396,0.053551901517558682,-0.27456950072207054,0.96007488411950825,-7.7801135654699918,18.472085227728837,-2.3943415887299389,,0.4747231239385603,0.3333333333333333,0,1
0.24841843429371546,0.9684987367119422,-0.017276530046005125,-0.96865095932212086,0.24834350412957068,-0.0063892848567744572,-0.0018975003014540812,0.018322143543196754,0.99983033488116768,21.609199287134945,28.380930643976843,-0.8910539033658692,,0.3275636858380771,0.6206896551724138,0,2
0.85588220762395639,0.50296677215697838,0.12037471818755904,-0.51593752031106843,0.81432584116919238,0.26586067693315385,0.035694842876949108,-0.28965125670377978,0.95646642789065639,-17.189067045383805,-33.585958659119498,-2.5201398569591111,,0.4260966425933241,0.2857142857142857,0,1
-0.077160835259734245,-0.96421097197628769,-0.25366002251549818,0.99568361171639608,-0.061360086849736074,-0.069635372485443839,0.051578589176263671,-0.25793825087089317,0.9647836585868621,12.935036831693417,21.345722201417136,-1.3664940293654244,,0.343001888048544,0.4230769230769231,0,2
0.88468732172945463,0.46356146061605075,-0.049387397204948884,-0.45889960193581736,0.88461699624038348,0.082848809923807359,0.082094446306154215,-0.050631434841968616,0.99533761090975115,4.8362848230531812,25.673902148741661,-2.0869392443584185,,0.5009104363716987,0.75,0,2
-0.41638405059282968,0.89940000051376567,0.13305623430620545,-0.90675676701366204,-0.40010211729456874,-0.13308065678879347,-0.066456661719058077,-0.17606230377977894,0.98213317696782698,13.439242309270398,9.1016347620226146,-0.9757619695661891,,0.2365319667621859,0.2727272727272727,0,2
0.99729930839581282,-0.046028327611586324,-0.057231831444691947,0.05187691104245172,0.99308607027321572,0.10530357605511584,0.051989187086611703,-0.10798819420002577,0.99279185851793261,22.24613036861005,6.4107500512543387,-0.40412521746692021,,0.5422542745668398,0.3255813953488372,0,1
0.4969088376252665,-0.84221444151625569,-0.20918040441534511,0.86639400400468625,0.49520311843434828,0.064306308536753995,0.049427086851582737,-0.21318702116770061,0.97576034818545876,24.361173360742743,11.053162350517837,-0.33834927758329947,,0.346779932262726,0.1111111111111111,0,2
0.73901991860945115,0.65137392047138187,0.17193480051525994,-0.67313436915640856,0.70366082456666534,0.22748970313085545,0.027197076292943108,-0.28385464537312549,0.95848153834135652,-21.416453952899019,2.3631546810601627,-2.4597682369006115,,0.6598355546120183,0.1290322580645161,0,1
-0.99388044688139399,0.10556041750495114,-0.032536987614433202,-0.097168667791269384,-0.97558228034166983,-0.19697071935447383,-0.052534819943646199,-0.19260377083413846,0.97986931789599396,17.678629968278013,20.500744201634685,-1.0073059835720628,,0.4593590336194197,0.3333333333333333,0,1
-0.081665505176457279,-0.98361382721274704,-0.16073140383934401,0.99659140182038619,-0.078701739185431163,-0.024730832312442195,0.01167574759712567,-0.16220319098304026,0.98668830020071063,36.667806960269218,-3.7262771263035246,0.30715161726012802,,0.163020113349399,0.3529411764705883,0,1
0.52367283472084003,-0.7987404244006725,-0.29627773558550435,0.85096040089610436,0.50692850341663576,0.1374404908697304,0.040412353088904208,-0.32409447210960601,0.94516115814490309,5.624577184830688,15.30782098838198,-1.6226329397275145,,0.5407945360164512,0.2916666666666667,0,1
0.93132671655946864,-0.33624202640417411,-0.1398994163753875,0.36023165665659945,0.90698174014591915,0.21821383224791907,0.053513554965086564,-0.25362457042151043,0.96582134823863952,-2.9852405468803433,21.758159213339919,-2.3222038525002109,,0.3220892875467811,0.1764705882352941,0,1
0.9981466794365591,0.048317056785596411,-0.03699551801703703,-0.033700550207738003,0.94509116677255833,0.32506454651988853,0.050670299441262355,-0.32321532839898315,0.94496792127694529,24.125729023870413,-4.3859552114312885,-0.33857345906721292,,0.3523026360803997,0.2352941176470588,0,1
-0.40878659327484995,0.91185184619789861,0.037679327810177687,-0.9119397101919331,-0.40652360719010439,-0.055718235544562351,-0.0354892396903067,-0.057138142974987566,0.99773530882873651,20.598156347099675,20.250155339211968,-0.8317954471716501,,0.08353740258223613,0.2941176470588235,0,1
-0.20243284355499111,0.97885400585119409,0.029424124104410521,-0.9789517444769793,-0.20147349957809038,-0.032586975208468039,-0.025969709966046844,-0.035401471676026024,0.99903569003687342,-4.6091102857284971,12.947643332582309,-2.0085958766237928,,0.5057484656061163,0.5,1,1
0.66692369624033088,0.74464449451503567,-0.026783580447408754,-0.74479051961924847,0.66727115404269299,0.0060240242217250569,0.022357667106070515,0.01593059229849535,0.99962310445016933,20.566173920182106,28.948384327784233,-0.9874836224560597,,0.4129341654851281,0.9459459459459459,1,1
0.93938942665918723,0.3426314642149722,0.012295723273918936,-0.34017294339121934,0.92697481937134951,0.15811405009046284,0.042777022634573628,-0.15271333923845479,0.98734429777720534,-2.7641511162983923,-37.011843570090747,-2.3467866255582055,,0.717269324355319,0.5,0,1
-0.91062417387913464,-0.40416614847942406,-0.086100745468620649,0.41127854091925875,-0.90667435344288683,-0.093763418177077673,-0.040169338135817079,-0.12079462418597993,0.99186444791690109,11.313891783957336,-12.28521193781105,-1.2152901783818444,,0.08038284620757784,0.125,0,1
0.64539210627431476,0.74183812750088851,0.18205829216154623,-0.76356397968893608,0.62001848585168162,0.18040822077661156,0.020954190043943437,-0.25544719569446012,0.96659590943239493,-6.3338712845926883,15.69532654755867,-2.1930070018610359,,0.6662248832069704,0.38,0,1
0.41225070355295879,-0.89729341132447538,-0.1578413488721418,0.91037300282917877,0.41248356182130036,0.032837584366073092,0.035642013689970546,-0.1572318200012329,0.98691833585116084,35.058782339874028,-3.118317090558512,0.23677690070717095,,0.2667910738571943,0.4090909090909091,0,1
0.77207643562131201,0.62734975835821094,0.10163787800905814,-0.63484453234097549,0.75389328768663189,0.16916657630220408,0.029502496759731957,-0.19513377839045604,0.98033280635506959,-4.1328225731418087,16.992634622747534,-2.146635347585613,,0.5473692137133256,0.3076923076923077,0,1
