axis_00,axis_01,axis_02,axis_10,axis_11,axis_12,axis_20,axis_21,axis_22,location_x,location_y,location_z,dbh,dbh_approximation,score,reconstructed,number_clusters
-0.82204343106755939,0.56394650141241021,0.078796833587243043,-0.56587252014515621,-0.79362311487873027,-0.22349640371771037,-0.063505026440769566,-0.22831271334483905,0.97151449631072051,-11.065871670580295,10.506445313304416,-1.71297901703397,,0.3142997589378387,0.1081081081081081,0,3
0.58847803913733876,0.80675182502825227,-0.053339387572933029,-0.80724898899796727,0.58996570653677349,0.017015724266805338,0.045195876082126982,0.033044786640989698,0.99843145726735738,3.7126642571172059,0.097672481196015959,-1.008426096765991,,0.07048997527251311,0.32,0,5
0.73666485147989114,0.67413648657907554,-0.053524705108285747,-0.67412843730324634,0.73831761756449121,0.020927150139854661,0.053625988225785924,0.020666229862092322,0.99834721431478646,-1.9008721050788699,5.1491459815869183,-1.1658687455177685,0.1120966278053601,0.101892034596274,0.4810126582278481,1,4
-0.44645776347485827,0.86679445585571857,0.22213247563293309,-0.89407081947625888,-0.42207530996361003,-0.14996600441490957,-0.036233067687923622,-0.26555565144976806,0.96341442836871127,-11.182020101172931,-11.88203329212234,-2.0210148140713073,,0.1011806678978483,0.3,0,1
0.98954402868269442,-0.094157582733615422,-0.109256418173883,0.12325603747899889,0.94545102815260174,0.30154651811978295,0.074903701666871145,-0.31186006954875028,0.94717090986666708,0.66060736723984548,-8.1692905713240496,-1.3469846120728035,,0.1077990161174278,0.2727272727272727,0,3
0.91277572206853164,0.40317489135551926,-0.06550181816359199,-0.40207144040948928,0.91512251933180955,0.029821660229441969,0.071965533481726865,-0.00088407707073544499,0.99740672766851912,5.9780487738001744,-9.1739773628082517,-0.97262317565547107,0.1364870655591467,0.1020256792800532,0.6,1,5
0.53995059730486827,-0.82502227737499112,-0.16670811109570915,0.84083496295075133,0.5376722320028221,0.062491087466229556,0.038077782888775925,-0.17391610842037181,0.98402401885431079,10.395378210782582,5.4409686570856488,-0.31104529405171388,,0.07743627016427744,0.2413793103448276,0,5
-0.63826675555438472,-0.7271863852227417,-0.25261731908315871,0.76778327831427351,-0.62515813790076225,-0.14030730614418874,-0.055896210024176961,-0.28350884247785746,0.95733920317816235,0.084528790368976883,7.3502376606749227,-1.0366428970986006,,0.2339042437907582,0.5,0,3
-0.74714704446043267,0.65708763115255364,0.10003568833355177,-0.66259294731258112,-0.72448331818871514,-0.1899855463920804,-0.052362965210811886,-0.20823008104641397,0.9766772001135976,5.9744340769096391,8.8592984733523856,-0.58839438573890468,,0.2725438297556078,0.3421052631578947,0,5
0.41648037322359915,0.904678020987155,0.090009872026885582,-0.90914395052313313,0.41430609406616836,0.042517498125199317,0.0011730075543757992,-0.099539634128321008,0.99503290663720145,-5.1338312517483669,-7.989605163752266,-1.6910164047571876,,0.2261741919651552,0.1176470588235294,0,4
-0.36031608863932124,-0.92505083625288831,-0.12022173936311235,0.93276834503255746,-0.35877247486775415,-0.035007510372629516,-0.010748524218877327,-0.12475280207313214,0.9921296324583887,7.115432976651979,-23.625544760075609,-0.84492870206578263,0.9027446722262359,0.8488806061633195,0.8382352941176471,1,5
0.9988241718096309,-0.0025527950450765714,-0.048412364601028282,0.0061728253585140386,0.99718142942129084,0.074773611952373129,0.048085029228423566,-0.074984532103418655,0.99602467334365397,-10.004710548018103,8.2804156616880178,-1.6994901256081607,0.4662319103873979,0.5747861188776201,0.3088235294117647,1,4
0.95179946540773341,-0.24997771732367402,-0.17773271643453528,0.29188343095367103,0.91623751395702568,0.27443192371253544,0.094243516404403344,-0.31308139334603513,0.94503872976520831,-10.573170108111935,3.4037097747345566,-1.9022974996639799,0.6608068341119558,0.5892931162744185,0.5508474576271186,1,3
-0.80573688430973289,-0.56499802005136113,-0.17766628999583822,0.59149267700527053,-0.78301688296461203,-0.19240835231746292,-0.030405366499716802,-0.26011881579467505,0.96509777502468264,-2.1591684313413304,-4.6256460233739602,-1.4797769664804257,0.6290207522564029,0.6009969025434138,0.5257048092868989,1,5
-0.11898489977400709,-0.93260886565617573,-0.34070999005792546,0.99280048077213012,-0.11651083753201584,-0.027792627011798902,-0.013776755946094746,-0.34156394487283115,0.93975756052213399,-5.0518165671556172,8.8557022460118446,-1.2801903940779178,,0.5440266402927761,0.2051282051282051,0,4
0.9965421991909984,-0.005420830402059101,-0.082911156241601919,0.020746272210161142,0.98249674099333628,0.18512089597572204,0.080456431818401619,-0.18620088220850176,0.97921192499061471,-10.971057664156094,-4.8868440574472762,-2.1139304141612985,0.591458566546053,0.6365969215977907,0.7524752475247525,1,5
-0.21634869211172655,0.97492903377282536,0.052025210507323699,-0.97612428057430123,-0.21494243258393364,-0.031323147163155242,-0.019355420296363571,-0.057559793099759698,0.99815441587134435,-1.3802017758279843,6.6949470427624629,-1.0927606165449502,,0.2203616171968933,0.3529411764705883,0,4
-0.091119742865648778,0.99395109513211388,0.061305896500828079,-0.99570365856146548,-0.091952920318712439,0.0109034293767299,0.01647473178570423,-0.060048987756103726,0.99805946830940739,-13.610923800749028,-9.6304702197010741,-2.198585440369023,0.8262461062235531,0.5449147799381299,0.4305555555555556,1,5
-0.81040148629571862,-0.57538757325671241,-0.1103565655112717,0.5828372214951747,-0.81092484106765461,-0.051977643070704717,-0.059583590437943777,-0.10644267321498718,0.99253199095513933,0.73278419385682925,-1.0851339646675393,-1.2729676824958538,,0.0737436292749675,0.3974763406940063,0,4
0.78237784634413265,0.62258512939397714,0.016512486408770316,-0.61928120765659644,0.77486288716717555,0.12680020478822096,0.066149009012248905,-0.10943154366283983,0.99179082767399263,19.265261649068233,-8.8099467809511207,-0.0099652212655969227,,0.5979575519206471,0.25,0,3
0.21769323740912924,0.97596015972058969,-0.010555615780012094,-0.97592363077461608,0.21780941133194157,0.011494660974803735,0.013517443620194062,0.0077991649165658405,0.99987821845691827,-5.213431777494292,-5.204090952547201,-1.7158680376960469,,0.1038791166826143,0.2695035460992908,0,5
0.9309700912527048,0.36100296028142997,-0.054511942370220862,-0.3572745027218418,0.93155402884716143,0.067542734942268909,0.07516394679492662,-0.043404539009939,0.9962260923583276,-14.267472930634911,-15.638883589401129,-2.1590250924593883,0.3126719165100081,0.4344871246173598,0.8571428571428571,1,3
0.50463668948430684,-0.8469401130147004,-0.16743433516745096,0.86145501261481516,0.50676019071423206,0.033005610857609578,0.056895279831704997,-0.16089298951142103,0.98533059074553753,13.596297070092273,-4.1234673497983829,-0.39887709696248319,0.3401039290743496,0.2903294003644617,0.7985074626865671,1,6
0.58622003397199929,-0.76317088246456954,-0.27187547871795997,0.80898577182544174,0.56942908385315716,0.14591963351841813,0.043452189287348654,-0.30548440650940889,0.95120512226634468,6.5085855713938763,7.3549442268673699,-0.58598890946573134,,0.08119043596782358,0.4736842105263158,0,3
-0.60135469722187695,0.79690902132613983,-0.057519908363967975,-0.79731781236856525,-0.6031892547122506,-0.021143062206919392,-0.051544487668332591,0.03314716773261394,0.9981204491755068,17.171794147339497,-8.8588370426065772,-0.17843617251779645,,0.09729800258293532,0.25,0,2
-0.4918404852457644,0.86987230645101721,0.037617915184145027,-0.8699434288239295,-0.4891793328382385,-0.062466078554708648,-0.035935605174789297,-0.063448804508250745,0.99733789734833478,-4.6952445268867686,1.3887201471594368,-1.4955601726266523,,0.1276568210622737,0.2485380116959064,0,5
0.96592593093462753,0.2517883114784556,-0.059914456944062354,-0.24882317087678263,0.96710984305623515,0.052778604553052166,0.071232896774573826,-0.036072117578155413,0.99680724152191569,10.212462062805358,7.6638085239858036,-0.21410132852210631,,0.07644371134776666,0.2162162162162162,0,4
0.99696630980655376,-0.019261576576120598,-0.075413319635905321,0.032633332840254707,0.98306550778326807,0.18032546407694172,0.070662880626550614,-0.18223940044520953,0.98071176103222613,-12.091037120346273,-11.52181595995282,-2.0796798054744863,,0.1692941788160076,0.2222222222222222,0,3
-0.42849650371287462,-0.89562911589506744,-0.11932825762099503,0.90303980596708022,-0.42891537482128833,-0.023467212890585436,-0.030163805210563971,-0.11781378528395464,0.99257748153596836,2.6481412411193155,-0.68913651764096129,-1.1321987766474155,0.6062589602350446,0.6763931636817462,0.679340937896071,1,5
0.40761363944855156,-0.88294747109816574,-0.23292677865985953,0.91241556636311483,0.4040704923319709,0.064999011414591343,0.036728125377995198,-0.23902050227533123,0.97031966088411592,8.1405065024784342,4.9076707055539881,-0.5131637279398793,,0.2494475670625023,0.2352941176470588,0,3
0.17044385244199467,-0.98089434673106701,-0.093782587487044169,0.98521880554739849,0.17129730480901781,-0.0010670337033394759,0.017111351801923792,-0.092214499490047397,0.99559212919915707,-3.7089281299544332,-10.234503402464457,-1.5800569497051149,0.1687371722284781,0.1490120432934381,0.5959595959595959,1,5
0.90409739751983109,0.42649419739804528,-0.026656995023203289,-0.42195425158135391,0.90085310386391704,0.10207004864879569,0.067546320183185168,-0.081033232963675081,0.99441998661791109,22.967636001505504,0.74192177751939081,0.49731814328770702,0.4159406031358384,0.2919664169584297,0.4285714285714285,1,5
0.52583173497033986,-0.84582640409603416,-0.089881481029498098,0.84972870056825345,0.52710945172358348,0.010805615866382639,0.038237702973256897,-0.082056809818788504,0.9958938487779172,-8.605263000817823,14.826189109112667,-1.3685544605948581,,0.0731030081807106,0.3529411764705883,0,2
0.56731374606302321,-0.81747360155112525,-0.099458656209367738,0.82225502757024127,0.56895158997829232,0.013811513191396193,0.045296613155982567,-0.089615841390942585,0.99494583662046254,-16.471165769732991,1.4855638583831607,-2.4638925594870345,0.3744332927417656,0.2764664445616387,0.8493150684931506,1,5
0.94571041502352671,-0.30703052969643274,-0.10660236747069159,0.31677560234903335,0.94412267943686501,0.091025182940553909,0.072698202676789669,-0.11985249270366505,0.99012643198749217,6.3746474604434642,-14.792216059146021,-0.9489400368937736,0.1936287621253819,0.1020621117449764,0.3684210526315789,1,5
-0.17719892909021057,0.9829169647948891,0.049747159192129776,-0.98278578599005884,-0.17403777968553594,-0.061991532470434554,-0.052274643807362131,-0.059875634113831705,0.99683612999042204,4.0898096931361394,9.5101081732095771,-0.68464097162665438,0.7216808915989262,0.7054703599628601,0.8766233766233766,1,4
0.1810961422845174,-0.97152564320021062,-0.15278125491723019,0.98322638518237526,0.18227882589007674,0.0063486308236472772,0.021680930119940624,-0.15136827354684626,0.98823963846456886,2.1411064904320334,-12.605604109241623,-1.220476258939474,0.1331660066342363,0.09181621809572879,0.3333333333333333,1,5
0.96034811657759922,0.27785080154195813,0.023031002330551071,-0.27856839418069895,0.95286512207775576,0.1201986226681941,0.01145184480532346,-0.1218482302302152,0.99248267694721992,-5.6036101332994237,-15.723071776302486,-1.6344827374155231,,0.2837714671240449,0.5925925925925926,0,2
0.21633940523398149,-0.91493637683376239,-0.34071790104030925,0.97566359016967752,0.21537958714928429,0.041136264495193628,0.035746616066724676,-0.34132544555850308,0.93926520198188268,-16.579260467900781,3.8973085962973117,-2.3961736409565924,,0.3497113391153606,0.5833333333333334,0,2
0.82035842189783104,-0.56413415183295113,-0.093620074540762835,0.56826072254930382,0.82252395129863864,0.023110619806019982,0.063967263729538426,-0.072159602796800837,0.99533973139585064,2.070092598781391,-9.0040545116147168,-1.25393977530206,,0.1314380113308705,0.5202702702702703,0,5
-0.68091737774107064,0.73105227173431164,-0.043750436367269774,-0.72974468090650801,-0.68231813068091418,-0.043756933539290457,-0.061840321626615354,0.0021317917827897792,0.99808377909117019,9.3457497882550111,11.836121200890837,-0.16402659076490284,,0.1106514760033801,0.4324324324324325,0,5
0.093105821749724219,-0.98176014111986953,-0.16576589294725941,0.99561660073783631,0.093287929369346836,0.00670422025408188,0.0088820206903645112,-0.16566347679036988,0.98614234376492649,5.4311930885276061,11.080137268747224,-0.56631297970660899,,0.074625111836202,0.1923076923076923,0,2
-0.99145566528542139,-0.1053970527874452,-0.076857823526069166,0.11344075691523788,-0.98753168801250535,-0.1091437576853152,-0.064396105813486981,-0.11693000656329999,0.99105020817371614,12.300386871336515,-17.606615724082616,-0.55687131933653788,0.2250972754605628,0.2103849845951019,0.2631578947368421,1,4
0.40124688893712279,0.91576745941620274,0.019258618659534571,-0.91577751369175187,0.40064296167421876,0.028926850458754733,0.018774438336015945,-0.02924341866649089,0.9993959890503179,11.138889433067639,-7.3460881988522431,-0.62698311651143523,,0.155896843819081,0.1428571428571428,0,5
-0.45275738114412389,0.87739195708197881,0.15872651784553793,-0.89087826455376462,-0.43782144293509462,-0.12103016918068184,-0.036697023928204946,-0.19620330719457069,0.97987631397065911,0.36372942789898349,-19.580977177697719,-1.324332921984936,,0.4600901164694168,0.2105263157894737,0,1
-0.9452181339673672,-0.29626983728872108,-0.13706517694937817,0.31589854544346579,-0.93599833271522648,-0.15529079219651021,-0.082284799361438732,-0.19008236285155927,0.97831380810393187,-15.717437721304236,8.9446363163528613,-2.099324806943379,,0.4032483261479739,0.4698795180722892,0,2
-0.077322723543670507,0.983524536970803,0.16340343203298163,-0.99700559863299387,-0.07611006734003406,-0.013678228831300727,-0.0010162274622628139,-0.16397177447921824,0.9864645074486369,11.174611111384982,3.2459189892759004,-0.32414339323659103,,0.3310772437092092,0.4074074074074074,0,4
0.46514832918131138,-0.8697848064308823,-0.16465546562998618,0.88465802688410167,0.46343583881008193,0.0510626945619213,0.03189368792351726,-0.16941550639887995,0.98502851677616354,8.5450739383388719,1.7226984675796979,-0.57401919135801516,0.2807781184074201,0.122990898862842,0.3658536585365854,1,5
0.6307640437974863,-0.76812774375325632,-0.1100749305190503,0.77436157349166868,0.63222949016079921,0.025495593158855762,0.050008744752781741,-0.10131949983861332,0.99359623811722608,-7.8098778073477257,-3.443585703356562,-1.8729999465050595,0.4444105362216654,0.4329389869363743,0.76,1,5
-0.037674727474053558,0.99814867202609459,-0.047747706147000871,-0.99927802612466954,-0.03786569215001203,-0.0031009454018712289,-0.004903204476734771,0.047596406277628324,0.99885461439356393,-0.18796786741465732,-13.205383262049653,-1.3586914208742638,,0.06932509956238046,0.2272727272727273,0,3
0.49879489935081206,0.85840511732375679,0.11976770405247604,-0.86601709162210738,0.48804466638701782,0.10875109484309228,0.034900507159641846,-0.15796537014033341,0.98682769338746656,-7.5553742145643046,12.921879954342515,-1.3394496586980567,,0.3615679366867042,0.1578947368421053,0,1
-0.93078695505426268,-0.35377540801196411,-0.092079340716475194,0.36096722390683017,-0.92926477982462796,-0.078547006578739295,-0.057778088976780322,-0.10634815307964916,0.99264886176872091,-9.1047507628009559,-6.0835383789816824,-1.9750124049627373,0.3189432996873247,0.374907747257679,0.6568047337278107,1,5
-0.9858099387505328,0.16119565348873413,-0.046847902375774839,-0.15505004652984203,-0.9813213901758373,-0.11387630242704294,-0.064329213672825167,-0.10499662127755092,0.99238977311766674,-8.6247212006862259,-14.520653394140977,-1.8205823159998011,0.3764992815942268,0.2884490756734767,0.5192307692307693,1,5
0.95522921647089121,0.29001830048176919,-0.05853656452229597,-0.27730852174131154,0.94658251387122561,0.16456466267968586,0.10313645218861825,-0.14096428561482013,0.98462781923478448,-20.772865251596276,-10.099794071844412,-2.6167189410237568,0.5863085115298408,0.5175757331471451,0.3103448275862069,1,5
0.72871231903431388,0.68211478404530146,0.060809353511313141,-0.6845494959186994,0.72305184605572281,0.092671546619581061,0.019244316695749587,-0.10915790993896292,0.99383811909821151,-17.318142223286021,-13.36188960754871,-2.4109508946132676,0.4854549639702331,0.2052933418574963,0.3846153846153846,1,4
0.99435185619418842,0.083066997489135611,-0.066062546206711315,-0.074806580186077096,0.99007723143001913,0.11895819166721729,0.075288522658091203,-0.11334438553369262,0.9906990908565293,-3.7681455990266719,-13.836133535448475,-1.5537858815608825,0.2799551466874983,0.2397557353931949,0.42,1,6
0.40056924667727684,-0.89850980426805582,-0.1795115880676757,0.91567046384528505,0.399616335658316,0.043062581394761767,0.033043611451524992,-0.18162300490081104,0.98281290377825248,3.9909504955323722,4.3604775548450529,-0.87760255467451409,,0.07825147705835431,0.2169811320754717,0,5
0.13768320073073004,-0.93705725952744212,-0.32088475907007857,0.99043121969477621,0.13334316622877951,0.035575259296351476,0.0094517347857460618,-0.3227123988739895,0.94644987839955674,-12.277796110521706,7.6784472088324378,-1.8726057782350591,,0.4947685123194009,0.1666666666666667,0,3
0.23972661157185243,-0.96103005139964026,-0.13766768688070222,0.97063520186807406,0.24016959061649429,0.013633511566302929,0.019961377677936275,-0.13689341857777665,0.99038464010266647,-18.537853792947836,1.4693705663376426,-2.6670205906758131,,0.1510027071156756,0.3529411764705883,0,5
0.71619977039077376,-0.68686560208605252,-0.12358613823227708,0.69591724329627525,0.71620623374892833,0.052419664459899706,0.052507898216515747,-0.12354867627838023,0.99094835648218504,-19.998341697142358,-12.719873193176756,-2.5173917738857923,0.3989324212312107,0.3374634496822598,0.5416666666666666,1,5
-0.3334773029514026,0.9317362657611995,0.14373732807324319,-0.94234563430343288,-0.32492471193070877,-0.080053963587120719,-0.027885371174158544,-0.16214642346386371,0.98637261895916284,-21.236744692828452,-5.4284526979138601,-2.7454540694060436,,0.1949026537144058,0.125,0,1
0.96328427926062865,0.26820445627625739,0.012237931315699578,-0.26698823659229182,0.95211978057691027,0.14894698706423698,0.028296269200531247,-0.14674567478373196,0.98876945143020945,-3.9125711461956101,-2.9450881995101033,-1.5727843476703358,,0.3716171361502141,0.2533172496984318,0,3
0.98486318182042087,0.16410854499502558,-0.05579335582461678,-0.15794023404174265,0.98224963741150173,0.10119551509732443,0.071410052271344768,-0.090851721307793162,0.99330084524781059,4.1858762857061826,-5.3273733727301078,-1.1358331246902247,0.2225640567141683,0.1319639368402243,0.2909090909090909,1,5
0.48217895333302785,0.87458162314396004,0.051092479109366012,-0.87441161686146385,0.47685585625933929,0.089514337672194563,0.053923846861895344,-0.087837786914559332,0.99467418883248704,-12.844994606690703,1.0242040244902657,-2.1706458160886459,0.3091253899816585,0.1982496207896391,0.2571428571428571,1,4
0.99189736145206353,0.11941329036000127,-0.043360009569117203,-0.10894353143758409,0.97508929484562745,0.19321535662407077,0.06535236263781144,-0.18692600986180807,0.98019780428993042,-16.276103873799542,-13.532435326665373,-2.348542952663927,0.7371439655370738,0.4150331441166783,0.4324324324324325,1,4
0.95388180221193652,-0.26342063288220141,-0.14394122960725478,0.29137680764097446,0.92780074177677685,0.23299214477620747,0.072173841368342206,-0.26418810293123163,0.96176690673558418,6.6298015611649888,13.382262545160748,-0.37305953716192852,,0.1020593988592528,0.625,0,4
-0.76014264833560896,-0.61523530587902731,-0.20897050648660168,0.64737890105243612,-0.74461016075934627,-0.16265382555009555,-0.055531186314243412,-0.25892320655723478,0.96430029578583709,-4.1620552688203958,5.1964900090989561,-1.3634542028737848,,0.08300797840002563,0.3333333333333333,1,5
0.069757859398548505,0.9960476885540982,0.054980389032546942,-0.9972716189693771,0.068297221788961721,0.028014415826613348,0.024148686306492324,-0.056784607262419698,0.99809435892991749,-5.9493495904233971,2.6456611999690014,-1.5599235347209772,,0.2164722080810977,0.1633333333333333,0,4
-0.32562629241555424,0.94023477123904131,0.099629777881761847,-0.94428426897434248,-0.31805891669231728,-0.084650722856350932,-0.0479034138166912,-0.12164333300916573,0.99141724943594234,-21.614092890813037,4.7625906410154997,-2.6811737538819429,0.4929775847653846,0.3837462418674477,0.5,1,4
0.96116276839464676,-0.25108075915498773,-0.114562581299891,0.26632668638119378,0.95268633320328111,0.1464883840067204,0.072361790837101189,-0.17131025337043354,0.98255614003323277,7.8363099091853829,7.8763789170170506,-0.44720687434495326,,0.163624835100153,0.3846153846153846,0,5
0.91547400489930864,0.3993597060713216,-0.049185074161273781,-0.39680914868875306,0.91630050040572053,0.054183876505238135,0.066707165061404242,-0.030086843019091668,0.99731887378441642,-6.0133920717166021,-0.30623301191049956,-1.6468042994745056,0.1833955436451415,0.149412706175418,0.7475149105367793,1,5
-0.13455493052246648,-0.97025019376953148,-0.20126979942922413,0.99041414985413134,-0.138084465569877,0.0035344217347181317,-0.031221506062514271,-0.19886488342205444,0.97952946647904371,-0.88797299352303238,0.66195718765164191,-1.292162450773084,0.7973414417619208,0.4805595554832191,0.9304547191440581,1,5
0.83173458342017337,-0.52740049329437455,-0.17339637370983785,0.55145277578280083,0.82093010370141228,0.14823495174294438,0.064167116378369235,-0.21891204742918921,0.9736324237955748,-5.2494875518062267,4.6866788932188284,-1.5126851177208143,0.9033917047083567,0.6001568607707158,0.6212121212121212,1,1
-0.40159406519609259,-0.88685532047853122,-0.22849474247386917,0.91581741032948882,-0.38911789639158512,-0.099326399537975729,-0.00082324763373887229,-0.24914835589806911,0.9684649807900253,2.7954379960462576,-13.797777569229691,-1.1770483600396842,,0.1657066496425327,0.125,0,4
-0.36688447231241589,-0.91196032883339062,-0.18364134232284007,0.92971006388386745,-0.36627649916454935,-0.038480167265967119,-0.032171121974453216,-0.18485097996455468,0.98223985569566885,-13.156036075524272,5.5292746862153228,-2.0139537061751205,0.7675521310460421,0.5423525684905462,0.5567010309278351,1,3
0.99405183697371413,0.077928078920809579,-0.076079957445423604,-0.06985747717909091,0.99217082939563694,0.10352283892237225,0.083551650440659528,-0.097592314308488123,0.99171309454728673,-10.695497551076988,5.270842360641157,-1.8372938461691937,,0.1124417894619494,0.2631578947368421,0,3
-0.33664990790903876,0.94158101885205092,-0.0095929371085833343,-0.94114204370949917,-0.33678592522458484,-0.028755766950780411,-0.03030665054312345,-0.00065230986028520321,0.99954043511240864,-15.923477239396298,-19.117858049425269,-2.1423032284401864,0.6044801936271302,0.4109748630056778,0.7831325301204819,1,3
0.9833166346872162,0.16321059128729812,-0.080316242685140996,-0.15472256951698954,0.98262497360115442,0.10251384168682467,0.095652090565069667,-0.088376830374151366,0.9914838442574595,4.9751429219541192,4.9006796567793884,-0.74600298543993881,0.1964343490228438,0.1548205721236438,0.2769230769230769,1,6
-0.93074976265902876,0.36523310015167493,-0.017597211817712555,-0.35589043194423398,-0.91588897395935298,-0.18571318701220244,-0.083945695307784646,-0.16658982541943942,0.98244641090800078,-15.684312460080456,-7.7630424943197012,-2.3642577246781262,,0.09201961778245098,0.103448275862069,0,3
-0.97273225704488908,0.22160628402643975,-0.068429606051397376,-0.22014414575884747,-0.97505642651443603,-0.028311132103928337,-0.072996651926399314,-0.012474774262150897,0.99725416460130412,-9.6568239259700306,4.6456779578920244,-1.7831307916164389,,0.08262355835420757,0.4320987654320987,0,4
-0.023918269421940443,-0.9435678637031083,-0.33031440019262065,0.99962903173973683,-0.018267423725230811,-0.020201488398561274,0.013027482140989517,-0.33067504867648251,0.94365475513657571,-21.553972630336464,-2.1516591403019691,-2.8529082777011174,,0.5675214787832233,0.3170731707317073,0,3
0.99230877375240978,0.094011109221557865,-0.080530794587674245,-0.090312862223025814,0.99473645571824609,0.048404241365686947,0.084657453606133373,-0.040758986837693051,0.99557612493515091,4.2218800173518769,-12.637710356308924,-1.073209575442305,0.398154795227095,0.4814458194015505,0.4909090909090909,1,5
0.73386758287150311,0.67739165148285974,0.050783080958733157,-0.67720838378179538,0.72371695539784753,0.13275004107463695,0.053171192820789061,-0.13181167994906029,0.98984771822893047,1.5448992000505222,2.5587344977104953,-1.0726399589290965,,0.1045589477984276,0.1487603305785124,0,5
-0.90134461715500869,-0.4233149269860027,-0.091555194918293406,0.42797171395370909,-0.90298115453997907,-0.038278539694866498,-0.066468738375390163,-0.073685189397070153,0.99506401788141363,-5.6462189339686297,13.241216478928937,-1.2131944944026514,,0.08189668197737944,0.3333333333333333,0,1
0.94675736014498346,0.3203226164282294,-0.032309788236320407,-0.31751360090923841,0.94560238985296718,0.070860662867391677,0.053250485903429429,-0.056829056906926356,0.99696280975877849,14.090724039116168,0.85003785997618941,-0.1633758870724025,,0.2376566813216985,0.2647058823529412,0,5
-0.98591329871989486,0.15181890577367377,-0.070185377800093499,-0.14740878674818464,-0.98698537147363052,-0.064269169019751923,-0.079029216095604329,-0.053017887045275276,0.99546144408338111,-6.3178847336612085,-4.4459466811414039,-1.7778271407772186,,0.07555479234262545,0.1568627450980392,0,5
-0.42957336282376329,0.90259261476480968,0.028165541434672564,-0.90230651868224543,-0.42776948611846194,-0.053443550494649106,-0.036189394797522319,-0.04837187734594791,0.99817357668204099,1.6764049272549544,-10.136444229198013,-1.2705076863679117,0.247305562602854,0.2642348011573886,0.3968253968253968,1,5
0.59268553363402743,0.80517187685642333,-0.020545241309204938,-0.80443129333913777,0.59302750185157882,0.034766022844129288,0.040176516992776509,-0.0040780837633771581,0.9991842756544701,-2.98374026451831,5.8871805738859955,-1.2130108862239108,,0.09758694577362019,0.3595505617977528,0,5
0.29468187946513025,0.95557084083783028,-0.006852594791743479,-0.95531019264761352,0.29476154299495694,0.02231745045499027,0.023345786310965198,-3.0194594309977861e-05,0.99972744953302561,-1.099063537906166,4.5391331760429487,-1.1423761834647623,,0.09769798533550303,0.1351351351351351,0,4
-0.090248998773567402,-0.96473992089876248,-0.24724886904618526,0.99590127316441146,-0.088912928997156082,-0.016587500313497927,-0.0059809973977784162,-0.24773246876700625,0.96881001831562985,-20.35126174624704,0.82059404578253203,-2.7796589468695974,0.5477252881651801,0.4215399580523043,0.6444444444444445,1,5
-0.021646598562838525,-0.99135168974979548,-0.12943435402119213,0.99976566909144338,-0.021487468655028048,-0.0026259468646681198,-0.00017797976343227005,-0.12946086636904283,0.99158451601574482,5.6732347518228874,-0.75311290236357387,-0.91071701519197079,,0.07575969091899189,0.2201834862385321,0,5
0.975441139567224,0.21286670755264805,-0.056589292763650954,-0.20913463901839674,0.97570310310362207,0.06531582776484407,0.069117913759311769,-0.051876964152283524,0.99625874881373178,2.4368021025759421,2.2381805393672263,-1.0503876223779338,,0.1026172672728296,0.2405063291139241,0,5
0.99404579330082765,-0.096401153084208907,-0.050791520010360171,0.10591567633709122,0.96432019508438926,0.24262817408219711,0.025589652732783186,-0.24656313397675517,0.9687888266472604,14.242731734402307,-5.3347338859699107,-0.38683882811701031,,0.4760730821687306,0.44,0,2
0.81456131196306347,0.57988326816961722,-0.015008809077901522,-0.57659144970361176,0.81222741163000756,0.088481251830576632,0.063499363632246592,-0.063419453590696728,0.9959647602824897,7.933570305851199,-6.4436879837987302,-0.82508013126798396,0.2213820073723858,0.2737816913287089,0.5964285714285714,1,5
0.64449356545719449,-0.72812810548056051,-0.23336132090293649,0.76338048050637985,0.63005566576704275,0.14240821611373944,0.043339197802012862,-0.26992465623602974,0.961905605498658,11.131487820274781,-9.5983089991350816,-0.62265592641002065,,0.1634187169609387,0.3103448275862069,0,3
-0.92778135740899215,0.37007515761647819,-0.047603892272246484,-0.36633932645035894,-0.92768610165656396,-0.072069374141484038,-0.070832554240449985,-0.049425443937172332,0.99626295462161374,-10.305751574528966,12.066241433203921,-1.6615137889811007,,0.1175621736795279,0.2,0,1
0.49287982380972339,0.86927593386569235,-0.037799868825481787,-0.86954946495089536,0.49364591957132775,0.014051124303370527,0.030874055206705876,0.025943340041437925,0.99918653705030813,-17.979627059975012,-2.6525681362300966,-2.6011696380186473,0.3119732386811583,0.1766849945363391,0.3181818181818182,1,5
-0.31106249964561217,-0.93837484209230304,-0.15064121959964416,0.95013761643701489,-0.31069745451760206,-0.02656316223023901,-0.021877640311763771,-0.15139269296940089,0.98823156262581546,-11.531796795005913,1.482743307365828,-2.0114155877608257,,0.08457457566931768,0.35,0,5
-0.34682066491751923,0.93625984983321542,0.055972493034116506,-0.93748692313274562,-0.34420135106689848,-0.051416912381225942,-0.028873782940008714,-0.07030592801468552,0.99710750731539799,9.8164819970427715,-18.953987293826707,-0.72662433525436776,,0.6254378379826911,0.5416666666666666,0,1
0.021668833012236283,-0.99331601422382221,-0.11337441317328655,0.9997627600932093,0.021779704733779534,0.00026075374818023409,0.0022102503694433804,-0.1133531664674995,0.99355230081012613,-15.492632823404637,1.9221506932182122,-2.3734560010026069,,0.07640289365799588,0.2592592592592592,0,3
0.26915692836367522,0.95779540063972002,0.10090846558754184,-0.96297171378421498,0.26595538178761274,0.044195173375601741,0.015492784298689433,-0.10906743515644764,0.99391361205241102,-13.631706187674768,-7.7665859743248777,-2.2284254173692601,,0.08378972332751593,0.3658536585365854,0,5
-0.77730588620003849,0.6291064983554846,0.0045357475318401784,-0.62731472648681919,-0.77450552262683969,-0.081347583573774473,-0.047663331939126134,-0.066077296762394058,0.9966754725792315,-4.3970336272624673,-14.670149080197177,-1.5848003159589223,,0.3311331661519715,0.1333333333333333,0,3
-0.42547023958992702,-0.86042135344247206,-0.28044637591438959,0.90452545627448266,-0.41406340599435687,-0.1019077757965119,-0.028438955232739076,-0.29702961191870669,0.95444467386469989,5.7068958842946547,5.3254070138811027,-0.67639468758305854,,0.08223501688129776,0.1785714285714286,0,2
0.40781304086738934,0.90844010453021518,0.091788344465004931,-0.91306508594513691,0.40565671375233825,0.041890087319732566,0.00082007712707617424,-0.10089205651976213,0.99489704010250235,9.7913611172821504,-11.989902805402112,-0.71586530367751289,,0.3222779813690236,0.375,0,2
0.56320110377261279,0.82631308265189418,0.0033475584588218078,-0.82535014694460063,0.56233934293690435,0.05071092903721517,0.040020640272705972,-0.03132335907298843,0.99870776282581664,0.70036188541051059,2.9749595036706449,-1.0950532859053459,,0.07186600830363558,0.2013888888888889,0,5
-0.9304833420761055,0.36456850459833112,0.035924303386666932,-0.35938508960524707,-0.88942289605018199,-0.28243453994002743,-0.071014839916098776,-0.27571129363274743,0.95861367352810434,-26.446824148507979,-11.625687464444043,-2.8842793929276902,,0.1686586115834349,0.3333333333333333,0,1
-0.99492942931050055,-0.058939718203642161,-0.081495645957050028,0.073629588031033477,-0.97882763540141204,-0.19098466938699629,-0.068513607832764611,-0.19601675895839946,0.97820412785327304,13.778089161400313,-0.38297532848073651,-0.24119592161976089,,0.4045714394640344,0.2692307692307692,0,5
0.45603491295799475,0.88675260696081593,0.075511404513431815,-0.88920478535838188,0.45050476956222957,0.07975150341803354,0.036701605675341746,-0.10351457216198823,0.99395056491305045,5.0265989872051513,-15.510521362923322,-1.0535304261439227,,0.07491277635863035,0.2142857142857143,0,2
0.45311273596930401,0.88775887151460797,0.081074253308448974,-0.89086816439589211,0.44764439022564528,0.077255508317559965,0.032291828197024287,-0.10723192596713435,0.99370949068883985,-14.958931176868036,4.1068369685061734,-2.1969632096565577,,0.09545788860667929,0.25,0,2
0.95406576012764532,-0.29261145256371313,-0.06432000606818683,0.29797134914573892,0.94909890240989248,0.10209969898390669,0.031170505936314957,-0.11657534590508449,0.99269259505991236,6.5722209227593611,0.89061162049974318,-0.7862474640184608,,0.1472388408488091,0.1956521739130435,0,5
0.88820835066685011,-0.4368274018672933,-0.14236483689290819,0.45432247827086891,0.88120713332190281,0.13063335684430061,0.068388679936740984,-0.18070918394056432,0.98115604227668385,2.5525835007797193,4.103419205211444,-0.98541337275358154,,0.08085379845320964,0.2686567164179104,1,5
0.81698972999787001,-0.56109616529530937,-0.13303711650853825,0.57274381378686812,0.81637734500949299,0.074111769133682101,0.067024658498798753,-0.13674473973849952,0.98833626428810606,-21.712635438021941,1.3126424553893064,-2.7997504664926587,,0.1444777039778206,0.4,0,2
-0.35703105265204849,-0.92875728270865099,-0.099693215706049401,0.93374612872630602,-0.35776643791929563,-0.011015579293660023,-0.025436087175631915,-0.097021058096587759,0.99495724518946638,-6.1015538192658108,7.8707978363099089,-1.4416766945084702,,0.07793909964419614,0.2837837837837838,0,5
-0.77460293052775453,0.63236261638134206,-0.010383709412324251,-0.62958517656771606,-0.77255322506043678,-0.082365161900628439,-0.060106617472735713,-0.057262866257833701,0.99654812160975181,22.970053176837638,-18.905598699520077,0.17713092935496555,,0.1531564457187225,0.5,0,1
-0.99619803758260261,-0.039026571634028846,-0.077887076097805708,0.043820259285190392,-0.99718656127176764,-0.060817323972410582,-0.075294453930884159,-0.063999130661912013,0.99510544993069394,-9.7921907025991981,2.3090107396194939,-1.8822790623870012,0.1482760693423642,0.1005771909053402,0.2708333333333333,1,4
-0.95434177149148358,-0.27541273855955406,-0.11567024952693973,0.27957507155749028,-0.95989134424533806,-0.021127863273470764,-0.10521198862354941,-0.052501720752800858,0.99306294199706879,5.6720938914874406,2.250334587478716,-0.80625931175136878,0.200876389366081,0.1988231491789269,0.6701570680628273,1,5
-0.29934486018359074,0.95081146214456891,0.079688255948875103,-0.95397023670852454,-0.29664603304536336,-0.044067204957090572,-0.018260398570338295,-0.08921151569699981,0.9958453008932141,10.655800110040817,9.1302366336325083,-0.13441412169690881,,0.2862146004954266,0.3428571428571429,0,5
-0.32444622642313325,0.94590347463829239,-0.0011237557545748724,-0.94568722825453466,-0.32439703684043975,-0.021029236919089159,-0.020256171307674754,-0.0057601350981775212,0.99977822959274631,21.348839280224063,-7.3711269612303907,0.14855263537729962,0.6499807780154769,0.535888847945119,0.9393939393939394,1,3
-0.30185356671268299,-0.91781736554087245,-0.25786761676186404,0.95314790413593931,-0.29616691624419222,-0.061597325945783488,-0.019836761431678999,-0.26437935099779886,0.96421473835545801,-27.213742566674785,-11.312298425122199,-2.9340186853767953,,0.2402348882840302,0.2608695652173913,0,1
-0.66410073370507738,-0.7143188341908524,-0.22072339842572283,0.74546347748668318,-0.65517700966858117,-0.12258584639018412,-0.057047517262716695,-0.24595058268269721,0.96760213499774916,-2.3409797124388314,15.343306014229412,-0.99926743264492457,0.2951138391813588,0.3953180525751352,0.3548387096774194,1,6
-0.0069903464261440104,-0.95693410561868542,-0.29022104086473516,0.99932130010217235,-0.017182114458050103,0.032583954714781503,-0.036167308704781471,-0.28979629474256263,0.95640474347136928,-1.8803621711552903,-8.5995387853576819,-1.4810308040431264,0.4313183058610404,0.3291854514519123,0.2666666666666667,1,3
-0.72983217914469456,0.68221868220473925,-0.043848146320395257,-0.68123776542896064,-0.73114167528653062,-0.036700921140497632,-0.057097261215073088,0.0030854999649211879,0.99836385273691841,-4.3611166245163986,-1.0700605081414234,-1.5255290327489768,,0.06632270417653879,0.1829268292682927,0,5
-0.95702722853297184,0.28572480189415439,-0.049600619240536679,-0.28072674772605705,-0.95568169327899766,-0.088684802771039226,-0.072741851486260251,-0.070949550484366561,0.99482399665891497,0.90415207755917892,4.1875154163965256,-1.0516845708331299,,0.06882241067374048,0.2631578947368421,0,5
-0.25112208386792167,0.95378022738723089,0.16504840756273167,-0.96795034228091115,-0.24689082361355624,-0.046011477847222412,-0.0031359005242775732,-0.17131316079210276,0.98521163567393977,-16.951229326770527,-4.8296383954465334,-2.4853234693555475,,0.3925969707050146,0.3452380952380952,0,4
0.17936712568035351,0.9832734629066584,-0.031634338442852065,-0.98357953174037938,0.17989012262957912,0.014520624011775477,0.01996844927741432,0.028510365200459815,0.99939402645282616,7.4606467264758649,11.6074601590661,-0.34354187214979132,0.6038038831784047,0.536818477026727,0.78125,1,4
-0.71789781493362248,-0.68167779325697941,-0.14120238487300743,0.69421238986622003,-0.71613695448181269,-0.07222894282588678,-0.051883379513689293,-0.14987744528716998,0.9873423247913713,17.658511930890278,-6.2978008466063535,-0.11623911332476042,,0.1534047998700258,0.125,0,1
0.96551598907421587,-0.23993784800876955,-0.10103813109394488,0.25748355799841721,0.93743184011968816,0.23435819270998204,0.038484960731593472,-0.25229223971960374,0.96688548110660533,-14.01590166020781,-12.158771820450479,-2.2042244580573271,,0.386319513741912,0.1379310344827586,0,3
0.44302690504821157,-0.87646327562989923,-0.18851866718049451,0.89577522883911953,0.44126920704344624,0.053555824272165181,0.036247769608982995,-0.19259702330865647,0.98060822238599399,6.1250741681425618,12.078491323983638,-0.45669111822643393,,0.0890870932522066,0.3125,0,4
0.55286565420341294,0.83214831061222461,-0.04322912846048825,-0.83238643860527761,0.55392443979241579,0.017335853791522141,0.038371672210826005,0.02639894213561125,0.99891476644700072,-13.608471044112312,-4.5410893084966046,-2.2739928035944699,0.133439976918533,0.094946427383419,0.3898305084745763,1,5
0.95333710109117609,-0.26769074818625743,-0.13960671552097711,0.29306511582517125,0.93162759480167445,0.21490198344926151,0.072534195862725942,-0.2457878921743897,0.96660597064730525,-0.92006894639651382,0.072453778489849463,-1.3220586880746821,,0.73714839041897,0.5272515301661324,0,1
0.88008768552282812,-0.4611417471286185,-0.11311036577714272,0.47193420017131471,0.87575613900933302,0.10163314270516871,0.052189812221690113,-0.14282672733992377,0.98837075505987815,15.621374077757915,-11.873531663727682,-0.32429641356766725,,0.3302006599077543,0.6285714285714286,1,5
-0.64963002569952577,-0.75303813186978519,-0.10447201376300881,0.75882474193017468,-0.65067235293214498,-0.028469284577421403,-0.046538594136885679,-0.097770450954318175,0.99412026343695048,-12.942679932015892,-3.1558563990504167,-2.2456709688145757,0.6037365245431967,0.5824682290686398,0.9800569800569801,1,5
0.49302469019596851,-0.83255838655586767,-0.25253353803537154,0.86910582179801821,0.48457397146990699,0.099212583328304238,0.03977091115329414,-0.26839262126477115,0.96248827290344907,2.997204130587245,-21.239721735575309,-1.1448732941951683,0.8093454600955847,0.570260436708525,0.6865671641791045,1,5
0.99153740692009218,0.11746583077566687,-0.055275213960352565,-0.10997513440373352,0.9862718806493761,0.12317973556240686,0.068985799198538617,-0.11605841650016661,0.9908437835846845,5.3442269400655409,-13.7904045953109,-1.0135114089105459,0.1419777079499259,0.1275856673525879,0.4375,1,3
-0.86664505073263509,-0.48247349855667099,-0.12706564929639086,0.49213473466767022,-0.86853699797758965,-0.058710187171027294,-0.082035108180638042,-0.11341431274121207,0.99015525787182912,-6.4389673691966376,10.892268840350162,-1.3084972705928328,,0.7251897338266227,0.1818181818181818,0,4
