axis_00,axis_01,axis_02,axis_10,axis_11,axis_12,axis_20,axis_21,axis_22,location_x,location_y,location_z,dbh,dbh_approximation,score,reconstructed,number_clusters
-0.22121619622801722,0.97409306009226726,0.046969189970548379,-0.97520465642878273,-0.22126440780042389,-0.0042355543140579098,0.0062667859407313422,-0.046741545982239945,0.99888735865119571,-13.996023896854638,14.162675170899446,-3.1240898851179058,,0.1002531679904211,0.4444444444444444,0,2
-0.99302399502981675,0.10124185010733071,-0.06044363557784356,-0.094590256675462683,-0.9900396047045239,-0.1042797413622637,-0.07039906701862203,-0.097834906364524785,0.99270957608937793,1.5816830116038314,-17.830931385006284,-0.92718134942459707,,0.2387447075109488,0.2926829268292683,0,1
0.92242169663500484,0.37868820657016078,-0.075719586512831102,-0.37153385250121407,0.92369629648467666,0.093529398084762419,0.10536038165555849,-0.058141156379686205,0.99273299326265341,-21.469842767809233,9.7576811726427692,-3.5460141414074888,0.4249956793445014,0.4001927765716295,0.3333333333333333,1,3
0.6095134331608687,-0.77890748926881936,-0.14763637071330149,0.79186670529926406,0.60707993042590991,0.066340629425421391,0.037953864558696787,-0.15734383125822432,0.9868142798571794,13.735648970135705,-14.495315084604078,0.051226083501013993,,0.192629180686142,0.28,0,4
0.21503057633001466,0.97660258565867453,-0.0030398894671964227,-0.97608253412755541,0.21501601703644913,0.03210917297145769,0.032011526272754845,-0.0039372709549239156,0.99947974470877377,16.407542679556055,2.8655356178721481,-0.2213931548370992,,0.2614710122102584,0.4426229508196721,0,4
0.60956860884277941,-0.78442087333992261,-0.11449892830115195,0.79218980636429381,0.60811080032006304,0.05134749484245818,0.02934998817686478,-0.12200470483848772,0.99209547433263312,-15.245817091733887,14.192389760348608,-3.2148782907153088,0.6004283151177783,0.5378948247467596,0.9301075268817204,1,5
0.89556566175624852,0.44069238190157434,-0.061256591620894016,-0.43849048189904377,0.89753817907375943,0.046382263731995027,0.075420439981722029,-0.014677930333558235,0.99704378820294859,0.54620493766196421,-2.2410257547584278,-1.2687365104073867,0.1123523077016881,0.2546633810916447,0.4191919191919192,1,5
-0.8388146222641103,-0.53420612622711705,-0.10494686358979773,0.54005763389264694,-0.84083734134048993,-0.036473517539885522,-0.068758865248009574,-0.087271874672622998,0.99380875340325503,6.3832841251226409,-17.519899407337423,-0.54242213172299014,0.2720861416216099,0.1858252821602664,0.5416666666666666,1,5
0.82034024833489505,-0.5447123102389112,-0.17415618288199988,0.56961077801168691,0.80535743797779424,0.16414310423152814,0.050847207738097561,-0.23385443371471409,0.97094112349678896,8.2963262715753761,14.676871068820946,-1.5716419146514082,,0.4315811214138982,0.3620689655172414,0,3
-0.99546039009407727,0.067387516285244073,-0.067212605980220927,-0.056155539978047689,-0.98601886395113636,-0.15688644065783261,-0.076845084966576507,-0.15239987723556633,0.98532690531369482,-17.816842464223296,-14.533752001469503,-2.7517005816668672,0.5836815074530087,0.395840494516015,0.8863636363636364,1,3
0.52339473646217549,-0.8352847674265732,-0.16839628009200527,0.85194714815756167,0.51660867295230051,0.085449024433641732,0.015620710287552735,-0.18818830020912178,0.98200873574246461,-20.827752261328801,-1.7229381058426587,-3.1914511345639758,,0.1492133962073626,0.3265306122448979,0,5
-0.95988125281636938,0.2755120236262949,-0.052164215023525265,-0.26806455002046287,-0.95619791606722682,-0.11758801950462182,-0.082276226906704164,-0.098887158650840135,0.99169146025362132,-7.7140202403096207,12.995763293158536,-2.6067026774244906,,0.2017560314316465,0.28,0,4
-0.97216638501584962,0.23421203339784594,-0.0061027253633025953,-0.22815896116325943,-0.95231935392694966,-0.20256193269481509,-0.05325418562062418,-0.19553151037058653,0.97925043791977984,-4.0730595334815742,-16.284630990329237,-1.466405939181556,,0.5262437880561351,0.1818181818181818,0,3
-0.79935466631269536,-0.5930352532224662,-0.09665043134660703,0.59709481312034818,-0.80198057331523764,-0.017462650707722471,-0.067155800858127224,-0.071668322572309984,0.99516518726831249,1.1373985656345982,-7.5651523032859913,-1.1302776438302291,0.3275481696786188,0.1408438746395307,0.4798534798534799,1,5
-0.99640756619666893,0.014473451879139331,-0.083441483787940168,-0.0007270443587327135,-0.98671326221611555,-0.16246971894273796,-0.084684316331486514,-0.16182539157231798,0.98317908298027534,-35.169563454487616,-6.5634588197785453,-4.5101125764848424,,0.4603928793518764,0.5666666666666667,0,4
-0.19744191726022861,0.97239623937361319,0.12434726760431808,-0.9793455477222196,-0.20129205067819628,0.019073764453628919,0.043577373317710486,-0.11801298227661777,0.99205541606752368,-15.997404342950569,-3.4434627241687932,-2.6855719840581953,0.5905192400916586,0.3716356612263909,0.198019801980198,1,5
-0.99687037690753499,-0.024103311706363029,-0.075289322011918014,0.034317504515425007,-0.9899113768830663,-0.13746917764104552,-0.071216293978710779,-0.13962269257630522,0.98764049288679923,-16.729183080286113,12.428137256022541,-3.2689614216696157,0.3328183025266352,0.2691842461539989,0.4042553191489361,1,4
0.93373358686591579,-0.32838550836875147,-0.14249402321468488,0.35289232172040913,0.91122098303111809,0.21246959630634676,0.060071607513781052,-0.24867504494259035,0.96672236138071732,-5.3223578737280626,-13.004785336256182,-1.601894436237282,,0.6417742325445479,0.3611111111111111,0,1
0.5735732422190789,0.81876141781381495,-0.025366838782289798,-0.81422057930212255,0.57323885790192697,0.091880683672968852,0.089769616525924661,-0.032046099463230782,0.99544686621536094,-19.497352382379422,2.5049225130058321,-3.0819445820585041,0.1703862794080329,0.1525813280851412,0.4210526315789473,1,5
0.72410401391661738,-0.66390765183787126,-0.18681543528564909,0.68964220630413398,0.70020010661922205,0.18469823489789094,0.0081856162754695583,-0.26257654221493931,0.9648764455434885,-14.082702767191083,0.1713442553247839,-2.5115643751469219,,0.6096789558726545,0.1416666666666667,0,3
-0.94160761700653717,-0.29519988454734492,-0.16196334078582492,0.32180170754102788,-0.93051902335029657,-0.17486568619054357,-0.099089639311836314,-0.21677494169401842,0.97117962706937233,-22.271050365463054,0.42131197742018273,-3.3276990998545903,,0.4091647225291883,0.2307692307692308,0,2
0.99047540444524296,0.1206056969978271,-0.066428450536647421,-0.11623120283500178,0.99101340359197909,0.066202276309574731,0.073815856538823402,-0.057850667694581831,0.99559254696423383,4.622856662710384,11.663081769184286,-1.6328324205647595,0.5360659573376558,0.4792576315562534,0.9551020408163265,1,5
0.99719399923203589,0.036922579129688729,-0.06512181697427008,-0.020497167317622057,0.97132915240224338,0.23685342265944348,0.071999958524792712,-0.23485399899501697,0.96936041033687592,-16.647483843727855,-2.5949723089169945,-2.7573558499398887,,0.4012803832317404,0.3555555555555556,0,4
-0.43679388062974212,0.88995002722428107,0.13114897974407141,-0.89956042168058026,-0.43188843211417527,-0.065294945836684035,-0.0014675115899241448,-0.14649686429906891,0.98921004602676399,15.675446935385805,13.643516531939666,-0.86955414549518451,,0.4267124308777271,0.3529411764705883,0,2
0.94052832821632648,-0.32407841650902652,-0.10188053678501802,0.33398426222859884,0.93695424451615705,0.10281661474088587,0.062136755678262184,-0.13072843468870537,0.98946910005195221,8.1283151949824859,-17.465297488039617,-0.39641505952319839,0.3428770390867439,0.2307829141439257,0.8571428571428571,1,5
-0.013577290836059583,-0.92632098259959761,-0.37649049705041632,0.99961528370435582,-0.021681724683921898,0.01729703441032188,-0.024185569214188438,-0.3761108081542554,0.92625899090445507,-6.0606446425645899,-5.5157792643885886,-1.7582579447993463,,0.4408462015452026,0.1997405966277562,0,1
-0.66736244792796706,-0.73605822608757887,-0.11333865582579665,0.74177307244235735,-0.67052245374621633,-0.013128138542046711,-0.066333039241520148,-0.092832789632545834,0.99346967798419628,-15.547858177241483,-14.290498959415377,-2.5533528264482923,0.2205279238654754,0.169117617847043,0.6590909090909091,1,3
0.38194948245215665,-0.91424780119557714,-0.13515010493366639,0.92418033701017877,0.3782063728087468,0.053391424878935285,0.0023016381734180446,-0.14529589662444944,0.98938556937415201,-12.375075350610947,12.033511515539539,-2.8843381486296771,,0.1179930138721712,0.3076923076923077,0,2
0.79156592910937873,-0.60322681240261844,-0.097676981279016445,0.60940989168901172,0.79107086841722563,0.053164509338496133,0.045199156903554381,-0.10160853281192601,0.99379713336023201,-0.33941854135828031,-20.962326845882,-1.1226739266245664,0.4669279240187378,0.4538202931814405,0.8,1,5
-0.39475257190355995,-0.88480813659474022,-0.24755801015371481,0.91790573252120444,-0.3915901018486988,-0.06408009315563945,-0.040242678591695787,-0.2525306982326459,0.9667516605984684,21.346517920202217,11.677361182484864,-0.23989859684017317,0.5277738814176883,0.2123229312169989,0.2857142857142857,1,6
0.58035095171590911,-0.80653156282448712,-0.1126925508200467,0.81430258204043982,0.57645590413361625,0.067896211026596279,0.010201849082951643,-0.13116946579667688,0.99130746669129,6.4978680060833511,20.997700247820276,-2.152515957433812,,0.1476014656474657,0.125,0,4
-0.8692107114450659,-0.48544047181398692,-0.093916385333840335,0.48864008391474117,-0.87238555713191845,-0.013202579271711106,-0.075522231832457265,-0.057367133732170845,0.99549254365183371,18.507095025710047,-0.36320602185357354,0.14007031795682223,0.2503760438334924,0.2162514152076652,0.8703703703703703,1,5
0.94103978365542051,0.33610129740493166,-0.038471332969902405,-0.3230800099164054,0.92660568360611983,0.19240897666494428,0.10031666247525807,-0.16863518313672657,0.98056042253308784,13.452094077972092,8.4657560033947572,-0.77021300700287854,,0.405590826980616,0.25,0,2
0.62120818624977281,0.78361703636469549,-0.0066880232714588098,-0.78131552135439386,0.61999620577424386,0.071768801830974449,0.060385804846667612,-0.039357910825568852,0.99739887178022568,4.3816676260309784,17.990451994415558,-2.058471415099755,0.1542013046477409,0.1684927255838541,0.4210526315789473,1,5
0.023814872860479164,-0.92334517572398467,-0.38323170314821586,0.99951850029536682,0.014364357938936043,0.027503323222884325,-0.019890183456658619,-0.38370216534213769,0.92324267065263754,10.089597671033747,-10.202070458450962,-0.31863826088923058,,0.2452305883378034,0.2380952380952381,0,2
-0.10603864886737019,-0.98014944225450884,-0.16751977732362663,0.99361815449354352,-0.11096002132118746,0.020269107756544946,-0.038454752726124253,-0.16430138318522008,0.98566033067999448,0.68942881144760926,29.7303995081183,-3.1324754265686101,,0.4105536107208305,0.2777777777777778,0,5
-0.9938066166281051,0.086261701564371934,-0.070052320371395041,-0.083155107070538428,-0.99546886755879294,-0.046118997054370892,-0.073713207190330712,-0.040008156223862876,0.99647664825688775,12.784045324676033,-18.608928740034742,-0.0046149785332610807,,0.1350508437407824,0.2380952380952381,0,4
0.86349357155875772,-0.49161103039921661,-0.11268294754096808,0.50128778084774106,0.86116178940235966,0.084326349654616814,0.055582485096001527,-0.12930184555197202,0.99004627169006898,-14.869948594427278,-18.61425744524319,-2.5983740337677443,0.4833682201983799,0.3862430318475168,0.4868421052631579,1,3
0.92394951224425992,-0.3482285415528904,-0.15828512776487105,0.3718746927843285,0.91465558323528995,0.15847516184902199,0.089590801370207265,-0.20528528175312361,0.97459296191045075,-14.686347712401613,10.792117189928698,-3.017329436987056,,0.1882227306775763,0.4193548387096774,0,3
-0.58630985299767824,0.80594161051418112,0.081846665904289725,-0.80993925157908586,-0.58513215939136498,-0.040233876242644878,0.015464961343335198,-0.089880345392115882,0.99583249519326433,-12.865655603806783,-9.801311609515988,-2.3609826702066536,0.5514379700915402,0.6238355334824525,0.3582089552238806,1,3
-0.52781211080831747,-0.82428696087880671,-0.20485453817099039,0.8473155659905186,-0.52772578458493213,-0.059681051552284044,-0.058912709275986228,-0.20507682075114997,0.97697123308537837,10.925121849028795,1.3617682061636551,-0.57985142257417488,0.2979810346797325,0.2060145030319263,0.3137254901960784,1,5
0.26051706736896474,-0.9569776610691384,-0.12776781215984775,0.96546340986762147,0.25776419409645479,0.037921292812740877,-0.0033558629678043369,-0.13323429159358746,0.99107888774168473,-18.552408414998681,-2.8591614147526707,-2.9459186451016799,,0.1222202987059105,0.24,0,1
-0.824541140403384,0.56509575050645511,-0.028261290519601308,-0.56484828109742813,-0.82502273151162242,-0.016849683391173036,-0.03283789158225605,0.0020700842127980659,0.99945854722834016,-0.81962779337109481,-3.3624067784784106,-1.3581058174855363,,0.3311357148416843,0.7910714285714285,0,4
-0.16910866701698443,0.97976112442992658,0.1070999430230679,-0.98554143728014054,-0.16925582773125497,-0.0077807572126881155,0.01050400607072002,-0.10686722526019593,0.99421781417436528,-30.750754488637181,-1.8258972700389271,-4.1321137221135391,,0.2174356370172466,0.1304347826086956,0,1
0.25992040089662544,0.96467009585558394,-0.043046386140003293,-0.96451865706289175,0.26150132866988507,0.036343022459328168,0.046315714129569571,0.032072749583743045,0.99841183554623625,-17.397736183758983,-1.0247244872727521,-2.8495372041868725,0.1704352696591256,0.0844401245444554,0.4230769230769231,1,5
-0.9845787180242429,-0.15594667095384493,-0.079280412663845348,0.15774626911542533,-0.98733456747904669,-0.01692827342425119,-0.075636384061509715,-0.02917340705806604,0.99670860823348084,-1.2369428013304247,-5.1314447459336803,-1.3793050736929071,0.1267630988650574,0.1350302761076789,0.6956521739130435,1,1
0.4262708129008253,-0.87949742568386524,-0.21160688146731341,0.9045758412735273,0.41288880864771654,0.10613849008610333,-0.0059784156060027427,-0.23665821327163228,0.9715745718358002,-16.860944093652822,14.280574731970495,-3.3332279144029906,0.3807147110772005,0.2322887742588726,0.6597938144329897,1,4
-0.37555251818981134,0.92578369234402436,-0.043414986711455661,-0.92679046411751698,-0.37536050742377114,0.012803323295393904,-0.0044431635271242409,0.045044915988749289,0.99897508169194971,-2.5371714179712623,-4.6332596771590806,-1.4807700967049815,0.2032237587199819,0.1918520951924468,0.7786998616874136,1,5
0.91457048453145295,0.40187645284808954,-0.045344740269847958,-0.39720712779417733,0.9136711466844053,0.086206341680320001,0.076074479645955928,-0.060830521637094986,0.99524485488946679,-10.530736861993587,-3.7686129761436202,-2.1557707554176204,,0.1176814868723678,0.1552511415525114,0,1
-0.67522040928533256,-0.70163779779740443,-0.22755614600919163,0.73462076947983568,-0.66745116011766181,-0.12182476721275393,-0.066405752261400941,-0.24942604025962412,0.96611434442668431,-8.4047192574481855,13.473392529344785,-2.6504935102589484,,0.122930207857585,0.1111111111111111,0,1
-0.92893422250229762,-0.35053998901300709,-0.11917603100796084,0.36280484138108965,-0.9260263129909545,-0.10415332312902757,-0.073850235845880186,-0.13998922726816498,0.98739513818651548,-3.7662428201474762,-7.2427690503077917,-1.5530923630876614,0.7741294751066873,0.6542660090914245,0.8547085201793722,1,5
-0.0069300388619630421,-0.99311919872330079,-0.1169026590311794,0.99921420834301378,-0.011439606900948042,0.037948665844744989,-0.039024869081343685,-0.11654781216796944,0.99241809086294042,12.150029014457713,4.2297507488649613,-0.63998762200503179,0.5157736664252072,0.4671437882589175,0.6768060836501901,1,5
-0.95570582959410877,-0.2661229595516465,-0.12571769039919772,0.28063297978100854,-0.95269746291349577,-0.11667336807266647,-0.088721462674303503,-0.14678594809333967,0.98518139827306461,-4.8978978445822081,-0.88057680296382346,-1.7422939720011703,,0.2895704304166042,0.2647887323943662,0,3
-0.97160385101539626,0.22700843421140091,-0.066731757724036833,-0.22735635199276505,-0.97380858624975319,-0.0024344516424066945,-0.065536599702711459,0.012806566407328938,0.99776798202601247,4.5441220736964549,-7.1767799542803248,-0.85020547789207812,0.1524532808218443,0.09173382092499524,0.3492063492063492,1,5
0.85902622440019982,0.50992837545253633,0.04524375869747041,-0.50931653921764541,0.84237238091996292,0.17608360157207806,0.051677932157725037,-0.17430382603824507,0.9833349213550443,-18.903458925141916,-0.89632309162032731,-3.0018226289733638,,0.2512336257107274,0.3333333333333333,0,3
-0.99217378155143532,0.11003407499992898,-0.059022788318032433,-0.10389419179766862,-0.98969062653047069,-0.098582253313842724,-0.069261707404846204,-0.091678602174309939,0.99337699278306768,31.657286663809302,-2.0617960754332079,1.3411162216078008,0.3001995861859957,0.1479481157829798,0.375,1,4
0.39249375548271392,-0.89865083887664199,-0.19589620132454039,0.91730685706480375,0.39799597760746608,0.012138030736961441,0.067058048651668478,-0.18446103001606259,0.98054951252674927,-8.5754764437675828,6.6580153322687909,-2.3405742868877351,0.2501095652726771,0.4000217852378861,0.5540540540540541,1,4
-0.28485605660648117,-0.94364469707644094,-0.16849840561298168,0.95808769635312963,-0.28585667880090865,-0.018812902000154903,-0.030413699402710402,-0.16679521835000519,0.98552238027566641,15.580420873898984,-15.541144837454601,0.22651450234821896,,0.5004364809555322,0.4761904761904762,0,5
0.83550628286987183,-0.50401012417986901,-0.21886764495731681,0.54773231466464845,0.7956790273659845,0.258619792131281,0.043801401314062717,-0.33595934297785712,0.94085745844352531,24.399037151280361,2.4044970942395616,0.50797936802269295,,0.4315858420945746,0.7391304347826086,0,4
-0.98657587282914849,0.14786734308644389,-0.069305815051551339,-0.14826575726308908,-0.988947365108371,0.00061177480650271947,-0.068449341666714986,0.010879241415054157,0.99759527351107014,-8.7996425864724568,12.539518012074458,-2.6316618529775431,0.2895468276541815,0.3038158092404492,0.8333333333333334,1,5
-0.80646024769390445,0.59062055711138017,-0.028093173671330317,-0.590065894082622,-0.80693764547823721,-0.025959140018757588,-0.038001441156365452,-0.0043581908494560919,0.99926818054141864,14.672358944211297,14.845354560343388,-1.0836636183302497,0.6142392128285838,0.6716939490390262,0.7969924812030075,1,5
0.14858864816297968,-0.96604347514681399,-0.21137979506889093,0.98887487217283321,0.14365488716348332,0.038597416742724398,-0.0069210419925695328,-0.21476330580505359,0.97664160348483176,-33.38086594033873,6.4602350590634003,-4.4998931888608773,,0.2732298087973561,0.5,0,2
0.97152172914737356,-0.19884584218237339,-0.12886372973524762,0.22764838438630755,0.9341671161845243,0.27478721244954796,0.065739964107081064,-0.29629736766679443,0.95283058674295684,-2.1086997593414423,12.546983346091757,-2.1547065004466934,,0.4482939038739422,0.375,0,1
0.6724725133796422,-0.67744862328843503,-0.29806724334195411,0.73942982141699787,0.63236641135477656,0.23098974217377916,0.032004030185185162,-0.37573406099911455,0.92617474455796944,-26.696246527830528,28.779484461297265,-4.7286273816592077,,0.4085926770636282,0.2666666666666667,0,1
0.99080063175971178,-0.077701797202616343,-0.11079954339273705,0.088678508396928174,0.99124271724356749,0.097846807102149144,0.1022263676995885,-0.10677221653160866,0.98901438994782864,4.4404941593347296,12.815675477944279,-1.7120705520109822,0.5993984388031502,0.2794679367215235,0.2909090909090909,1,5
0.29360857572692645,-0.95081197762895309,-0.098745062949617365,0.95592534878921598,0.29194534990668869,0.031219228210777342,-0.00085545416075476829,-0.1035591418715863,0.99462292972412347,-0.25228345204094249,-1.9894599696282724,-1.3462187531571403,,0.08240200959290454,0.5555555555555556,0,4
0.84497542461906605,-0.52575015508820344,-0.097996460214429343,0.53251727603573029,0.84404625954787016,0.063334528234878104,0.049415407650995433,-0.10570092794284611,0.99316938702252922,-29.115996942805523,-9.0741729339249737,-3.8832615818028264,,0.457052139139449,0.103448275862069,0,1
-0.61444964000475932,-0.7751242600047421,-0.1470850823507345,0.78647833236168962,-0.61654488885929237,-0.036390008890605799,-0.062477777037896663,-0.13803905814509018,0.98845422038798481,9.9918797535600952,-11.403014386177784,-0.26270850325762529,0.25307560416864,0.1886940911676303,0.4571428571428571,1,5
-0.086825966897633097,-0.98771358195902781,-0.12993510490224186,0.99587932114850941,-0.089482676686253829,0.014738666216681639,-0.026184521784338929,-0.12811998511836017,0.9914129514143919,5.172730893346718,20.447198695935182,-2.206775547148037,0.2838435962947973,0.2707802868613913,0.7435897435897436,1,5
-0.8960320942309502,0.44158480058971611,-0.046144880498682289,-0.44147755366499958,-0.89717748550488952,-0.013043355131682999,-0.047159895229576469,0.0086846641422820767,0.99884959873379875,19.110009729868239,4.5866384934989108,-0.066811787424181562,0.2781625052088929,0.2293684833456028,0.5121951219512195,1,5
0.93137459965173353,-0.34743359787814881,-0.10877155045790797,0.35868476821491113,0.92686690656338544,0.11073831571879587,0.062342539041876741,-0.14215355283307204,0.98787943355591046,-8.387051054048106,17.837456061415143,-2.9169703314822684,0.5587178738143521,0.5518660094987667,0.7685185185185185,1,5
-0.12065327105897042,0.99216777893909969,0.032340170343157358,-0.99229832385075867,-0.12146163074441997,0.024312727939943837,0.028050395108556895,-0.029157686670242069,0.99918116707746951,10.001734539255477,22.984218264357025,-1.9860118015012758,,0.1571578564034605,0.5,0,2
0.83955909619508295,0.5431565174919738,-0.011023679153818177,-0.53822376509997671,0.8343507984705375,0.11905428918431164,0.073862728609904268,-0.094019905326306566,0.9928265481566918,-17.764466964827704,-20.70848257713471,-2.8396562031871575,,0.1895302973038602,0.3181818181818182,0,1
-0.97010917609144287,0.23463378184185366,-0.061928788796260008,-0.23366281084387383,-0.97205537852409352,-0.022583886089918483,-0.065497154836850355,-0.0074383802653430666,0.99782503135935929,-30.386988062205582,-7.2240720835423824,-4.0369940052904614,,0.15569605816344,0.5882352941176471,0,1
-0.57230869101398851,0.82003601301943707,-0.0019234191017886563,-0.81972072414274499,-0.57215076909741347,-0.026484558371494146,-0.022818777371925641,-0.013580676434725174,0.99964737214020949,8.3968293943587646,-8.3791513623771685,-0.48012143628775888,,0.7036172062318582,0.323943661971831,0,1
-0.059383641225890356,-0.97232396596347292,-0.22596390943647954,0.99785655148363406,-0.06405476945889213,0.013389890617856363,-0.02749337767435488,-0.22468442696954094,0.97404364504955532,20.708006445573314,-10.484501394374124,0.64029895572394835,,0.5623830909820705,0.375,0,1
-0.90670529804221445,-0.41092506097889542,-0.095005772254477316,0.414877393765546,-0.909518463990862,-0.025552138893075258,-0.075909489818379722,-0.062584006896282421,0.99514872829960399,-12.579208440138377,8.244444698653238,-2.6949129561881691,,0.07359607773445315,0.2058823529411765,0,1
0.19278424333505947,-0.933701612708283,-0.30172095377630037,0.98120093837991462,0.18065217397266625,0.067893376417184612,-0.0088856088201407554,-0.30913765617423788,0.95097579122236064,2.866768396276111,-5.4840862156880625,-1.0216143440659848,,0.09181738177069085,0.2830188679245283,0,5
-0.90726523070111331,-0.39979101123683897,-0.13052566220892858,0.41221241645190088,-0.90687213576308534,-0.087543435501372613,-0.083371007453061446,-0.13322941383464798,0.9875723762871943,-12.969761034546206,-1.6951157710732003,-2.3905957593880114,0.4560187337570417,0.4230634801514316,0.7724770642201835,1,6
0.499222510049597,0.86647271063817966,-0.0013882287655432224,-0.86409528724436147,0.49797009927396091,0.073246943903254952,0.064157774446008509,-0.035366961254922058,0.99731286867749191,23.278369457825157,11.914130496479494,-0.09929342211532266,0.6572572945916406,0.6051931601028862,0.8181818181818182,1,5
-0.99618915248005202,-0.025849984112127019,-0.083300364960058909,0.046324612760462118,-0.96603829394584861,-0.25421259780504324,-0.073899950836718908,-0.25710268950673804,0.96355435981304816,7.473101810156999,-7.9372833401509677,-0.57722953494757612,,0.7811423602781011,0.4846153846153846,0,1
0.97990562440270246,-0.18129757884550984,-0.08316342446476159,0.18848675712087304,0.97805864207426807,0.088735759724571886,0.065251127607168835,-0.10262787422818435,0.99257735707470052,-13.972473897999512,18.381489276183565,-3.3476540811295141,,0.08897853442811311,0.2666666666666667,0,2
0.53277297577477412,-0.81883946854000866,-0.21367002842048113,0.84456627755368796,0.53043848156617246,0.073094596878853557,0.053486064570134259,-0.21940132642008059,0.97416749014833692,-13.199686184047369,10.017054442148117,-2.8411140159619217,,0.1459363810068163,0.16,0,3
-0.40421545881462662,0.91412528519096659,-0.031381934768502387,-0.91452054821797202,-0.4045214067936469,-0.0038207764641185727,-0.016187332775374354,0.027155007277159623,0.99950016300018496,-5.3228040799056853,6.2226903397067872,-2.0544938324301341,0.6344712395460482,0.357341612446208,0.7947976878612717,1,4
0.62947821776332646,0.77604592531799843,0.038857369427645644,-0.77438508973155851,0.62244679402803194,0.11352410054992781,0.063913270632561359,-0.10155151599831307,0.99277509207045078,-10.272212946768125,9.9905091627635798,-2.6270073129637828,,0.1116825326490316,0.1875,0,2
-0.61339025616054943,-0.75609624582445867,-0.22819040448155176,0.78725466457090676,-0.60843854308949108,-0.10016302908002538,-0.063106946991943719,-0.2410829864036369,0.96845057019347081,-0.18262340638953897,8.5623627790433758,-1.8053570610474097,,0.7908851756229021,0.2508833922261484,0,1
0.4549105087460823,-0.88269727080767713,-0.11790656106027265,0.89043177155208264,0.45288914638528827,0.044974229254382846,0.01369997237228922,-0.12544699755308655,0.99200572657717834,-3.8348287158711654,18.116771463907153,-2.6460803812247464,,0.1104381112570275,0.3157894736842105,0,4
0.61300691158994591,-0.75163104170603445,-0.24346109234712882,0.78963326760456509,0.59318154036536841,0.15689156402402965,0.026492056075234662,-0.28842059100152678,0.95713725956690054,-10.094123252432885,-4.7069964796231005,-2.1226945977986511,,0.7017858981523351,0.2825112107623318,0,1
-0.33435737560415474,-0.92484863188829436,-0.18127369768791929,0.94126256292214328,-0.33733954853169784,-0.015060432851283247,-0.047222166620559371,-0.17566171207972245,0.98331735970076306,28.114358329597998,-2.6731148188907996,1.0785482384012535,,0.2058315122349983,0.5238095238095238,0,4
0.37736536715266245,-0.91208153722667995,-0.16032045759650076,0.92603196356799411,0.37020413368260363,0.073577862531588753,-0.0077577138475536803,-0.17622760525674816,0.98431887568070653,29.245417126296186,0.52153909408204302,1.0384122066854617,,0.1748396944972697,0.5652173913043478,0,4
0.28193494501036964,-0.94819213971052563,-0.14643890525804312,0.95943210475099427,0.27836866851667386,0.044731652790064767,-0.001650198496079028,-0.15310960315874567,0.98820783556167691,28.289569437940671,16.286446368228891,0.14360115448561997,,0.0963553237472686,0.1428571428571428,0,1
-0.91225982867685473,0.40958763040583124,-0.0044696757165765639,-0.40558735410701424,-0.90476849834218787,-0.12997254554748872,-0.057279168734773393,-0.11675588818624413,0.99150751858112229,-21.026290716389166,12.262181574902099,-3.6006833698580065,,0.3072907927443851,0.1481481481481481,0,1
0.29696090089156568,0.95477497204848261,-0.014797840771188656,-0.95278087961746682,0.29729885274110235,0.061822225729838746,0.063425694927501636,-0.0042596841014423212,0.99797747284912186,-7.663522562405972,-24.146469630674702,-1.8227729045907302,0.4212356925438492,0.3299438305181741,0.85,1,4
0.78809567773798417,0.60216347447148399,0.12768849886789715,-0.61200933500070143,0.74428964672356168,0.26735275508607453,0.065952836199105302,-0.28884610399405675,0.95510112114097512,11.229873097435611,-5.9269787812537578,-0.30085958409358365,0.7524292340804832,0.4251938338490514,0.2857142857142857,1,2
-0.26705296216512731,0.9634849467479556,0.019480061317127165,-0.96335919610202514,-0.2674320455178798,0.020473405085175679,0.024935410253092889,-0.013298812736883096,0.99960060368894244,-8.432882904866954,-14.586511779868989,-1.9201297411725755,,0.3308273288240839,0.2777777777777778,1,4
0.30546659979033391,-0.92783879730783625,-0.21402178072074754,0.95220276195226428,0.29770675171338229,0.068414838410584974,0.00023778774540040161,-0.22469057878472418,0.97443013462350081,-16.056468931706096,17.064986117617345,-3.4228609629378512,,0.317727094073165,0.125,0,1
-0.29064494025772269,-0.90807459293662651,-0.30153947065942044,0.94811698092601759,-0.31575771323415691,0.037030487613159531,-0.12883985867082146,-0.27513196869159817,0.95273432320955398,-0.27006939752675169,-37.974085940276815,-1.1488525860864496,,0.3687998911954388,0.4166666666666667,0,4
0.18798420053535658,0.97049696075125447,0.15098870660304586,-0.98144738974887846,0.17970831512446886,0.066827708551456019,0.037722161976702508,-0.16075002534277383,0.98627403283676762,-10.427008217181516,14.216233703908628,-2.8724268475899155,,0.2630767039838555,0.1111111111111111,0,2
-0.76775237939649232,0.63821820117873496,0.05686661248221455,-0.64068181445408268,-0.76338271608656194,-0.082302134894096685,-0.0091157313939650448,-0.099621064361316292,0.99498369181442836,-11.348209576522327,9.3400030643713663,-2.6553408488895438,,0.3407379593266975,0.3823529411764706,0,3
0.025723133708969847,-0.96052538449948988,-0.27700055257038264,0.99403005369566455,0.053966573001712474,-0.094825425642309447,0.10603099896721133,-0.27290766704245922,0.95617928890321457,10.562470792984437,8.9191244315441409,-0.98235633698068436,,0.3339522139009655,0.3,0,2
-0.88749312167403238,0.45988273674617691,-0.029390941191595049,-0.4573471688577358,-0.88682615176650237,-0.066128236637845991,-0.056475889714949205,-0.045246491420480886,0.99737817747083357,4.0021611276449249,6.174145192610605,-1.3690583845208848,0.3274983130705174,0.137118239551382,0.1666666666666667,1,2
-0.24643681804022466,-0.93576430123997989,-0.25221829283194747,0.9683130107570258,-0.2486081389291791,-0.02374671465351209,-0.040482192540356204,-0.25007831929822083,0.96737894658923773,17.652991034442355,12.632121682068764,-0.66954941229076292,,0.475305266726897,0.186046511627907,0,1
-0.11667306067559315,-0.98289226277376873,-0.14251384736947562,0.99268868740871818,-0.11987819038430032,0.014085075823076153,-0.030928414174440547,-0.13982853517664506,0.98969258557746498,29.603741785171668,-3.1253066088071249,1.2042271003391565,0.2132766950585278,0.1389371134161345,0.2,1,4
0.18349138531611572,-0.97722243552391841,-0.10661717977639834,0.98299879686480374,0.18167062477011572,0.026629860269686171,-0.0066540872491983134,-0.10969090939697743,0.99394347299961827,30.414762528432302,-1.6830598499813223,1.2281275381536441,0.3377407895868164,0.2546802652180027,0.7916666666666666,1,4
-0.47420947321414686,-0.8366725454774635,-0.27405186946675453,0.87819222804896513,-0.47160457391024346,-0.079796844933446423,-0.062480285757637331,-0.27851064164803391,0.95839868341961121,-3.7650228714927505,12.144266633877926,-2.2683360742317147,,0.3911536171732965,0.3333333333333333,0,3
0.99245086283870843,0.11581425525495559,-0.040352733865784765,-0.097186587574780423,0.94335556167247614,0.31723028143160742,0.074806764709298909,-0.31091372202163614,0.94748963340628711,14.014609778398475,20.214243476159321,-1.4835659637548477,,0.2191562235465326,0.1538461538461539,0,1
-0.16599194620693397,0.97463048716083134,0.150140225426346,-0.98606857698956185,-0.1657058402332221,-0.014502964744563888,0.010744080612807395,-0.15045593377876973,0.98855833248349234,-3.1570378896282296,-0.071295731162608067,-1.6310463933736929,,0.445522367745444,0.2057706909643128,0,1
-0.17801555149800183,-0.97730769598456724,-0.11480475074751334,0.98337515110502982,-0.18093068684908634,0.015407749526701788,-0.03582981459653399,-0.11015332008457232,0.99326857921728473,-15.610165531881123,-9.146799705273299,-2.6149490366922152,,0.1730365385246037,0.1875,0,1
-0.0025992668798573448,0.99448720820250414,0.10482574365715988,-0.99973195464200681,-0.0049958691641524373,0.022606639709776773,0.023005709712161898,-0.10473888491331201,0.99423362612001609,-0.57254657383102237,0.25566649120454593,-1.4445509242572814,,0.2319720656896927,0.3498583569405099,0,1
-0.7175041649313223,-0.67167605656641027,-0.18449674344443326,0.69317436309293057,-0.71458169175947595,-0.094245998073523865,-0.068535214721447121,-0.19551030877567765,0.9783039627362875,10.117889732641149,15.141434629612737,-1.4389638084061522,,0.8266703310402024,0.4912280701754386,0,1
-0.86595547159192321,0.49189477936111559,0.090336300883363599,-0.49743512398259149,-0.82844210740378044,-0.25737515829778085,-0.051763101225043295,-0.26781187560984532,0.96207971636133294,12.207537289520834,5.6783410736965614,-0.71236939530010246,,0.7293045529230248,0.2857142857142857,0,1
0.87435579762715931,-0.46993033885531149,-0.12110910692060102,0.48237196950745043,0.86891213575154791,0.11094585786403495,0.053096348172702847,-0.15542579247671642,0.98641958660790363,15.093626818031897,21.189458552036651,-1.4717966725394438,,0.1541813575719192,0.3076923076923077,0,3
-0.97710944578000436,-0.17645083985910739,-0.11883699794469722,0.19868322423719009,-0.95657222079008808,-0.21329454474841461,-0.076040169477762418,-0.23202303231734256,0.96973357428731866,12.632664780443529,20.455369743375773,-1.6348784625311927,,0.2703678446193104,0.24,0,1
-0.71315643850785393,-0.69668211972569816,-0.077729777236921316,0.69766757767700349,-0.71619141309053846,0.018160695847917258,-0.068321631077544118,-0.041278128226530916,0.99680904432946349,15.143020943508983,-5.3818864782614204,0.057032793651048297,,0.08688287641569467,0.4166666666666667,0,1
0.93256668647661434,0.35978320574568229,0.029587499681248047,-0.3533542859439604,0.89297372967205413,0.27881654671237738,0.073892651049085156,-0.2704698929251485,0.95988848995182596,19.037214525466105,-15.680163368387841,0.53992658473851751,,0.3532899403936962,0.25,0,2
-0.87654044910627826,-0.4355889472673326,-0.20479040529062911,0.47543183834521524,-0.84992063925771288,-0.22715517614936626,-0.075109308133229635,-0.29647457898156671,0.95208267280181613,-18.846369512416743,9.4969428716643645,-3.323340188978106,,0.4314194600250162,0.3125,0,1
0.53361075255518986,-0.79306838844217376,-0.29377218386228493,0.84550785589693134,0.50821690331671587,0.16380489858285985,0.019391502625037006,-0.33579474450458613,0.94173555693147848,-4.3566095904937283,-4.6123435742259726,-1.6103562380176708,0.5376756183428235,0.2659219707369153,0.2254098360655738,1,1
0.99356288825847394,-0.078566876582352063,-0.081609025111028036,0.088609491786648842,0.98783654428614676,0.12777840090608297,0.070577227494360795,-0.13418721130158903,0.98843950107344036,22.256732349327205,11.478944247266076,-0.14203085976230975,,0.1734804391138161,0.25,0,1
0.89560671769005828,-0.43493479828357784,-0.093382698988960899,0.44169362657092021,0.89439404623146668,0.070470066782524307,0.05287104571566436,-0.10436000818191059,0.99313324444265949,2.8093819072821136,19.266610662820788,-2.2766690719182869,0.1411172941899781,0.1433138436938887,0.1785714285714286,1,3
0.80722471306501153,-0.57979990602252396,-0.11054560865715693,0.58856949721908991,0.8047896103758333,0.076809048779309344,0.044432078056029632,-0.12706593566879559,0.99089860148868703,14.372651415248724,16.474303243549009,-1.2068937056672948,,0.2982758597000233,0.6,0,2
-0.47365423301601467,-0.81629707963742615,-0.3306217556686476,0.8789905845735918,-0.46160674737629376,-0.11956070846081869,-0.055020176090096157,-0.34724384595279228,0.93615943709975324,1.3363412377806732,17.972440937635682,-2.2869583972651357,,0.4978871934396613,0.3793103448275862,0,1
0.88426455905211909,0.46692742022933548,-0.0074144347281848337,-0.46086946369401144,0.87513338975302801,0.14744791478270911,0.075336093864464201,-0.12696587879171392,0.9890420307468698,3.9543382602452466,39.255610062611815,-3.4828695811748043,,0.2736410090398408,0.4705882352941176,0,1
-0.95372409944364422,-0.28391262274936419,-0.099014972524298681,0.290797200848111,-0.95466813079922874,-0.063606194786443776,-0.076467837155982987,-0.089456037693856738,0.99305099929500185,-9.394675955193005,-24.839698078364243,-2.0020465725297893,,0.1887511019559295,0.3333333333333333,0,1
0.97190009038178993,0.2317922602600879,-0.041019049225786058,-0.22179737114294204,0.96011750105836469,0.17023604293897587,0.078842504209010331,-0.15635450823356664,0.98454920003273128,1.6392858259126426,30.485605260111999,-3.1128558456781774,,0.2293232562745793,0.4814814814814815,0,2
-0.96718371747168419,-0.23324034576309272,-0.10077002414392097,0.24228705132594441,-0.96607793582826962,-0.089389074643211927,-0.076502558241098362,-0.1108709295266504,0.99088596496694026,22.069936987852518,-15.91365786750522,0.75838454750588025,,0.769310288013453,0.7746478873239436,0,2
-0.9463427607998941,-0.30924905069229891,-0.093810467046832519,0.31398771348531862,-0.94856362749194101,-0.04048160544729594,-0.076466298863580223,-0.067764808309630886,0.99476672435946678,0.60061362927300199,16.921504655010338,-2.2695655274197168,,0.0929387225072793,0.1052631578947368,0,1
0.29476488514910193,0.9365790487453669,0.18956093462066381,-0.95457021551477683,0.2795333015615758,0.103231957116764,0.043696294294929154,-0.2113783781972696,0.97642706593763706,12.984094923793329,18.117914089911814,-1.409516685288944,,0.2633225963445286,0.5652173913043478,0,1
0.15917737710267355,-0.97921217035500663,-0.1257222655194776,0.98718569223793651,0.15641764124285448,0.03159003875793305,-0.011268170189489864,-0.12913964122862673,0.99156239410534408,-2.232224692240691,27.312402648809432,-3.1666922667591337,,0.07711669337611823,0.3571428571428572,0,1
-0.9374617013939559,0.34628078936774259,-0.035428425514022005,-0.34495529800167879,-0.93782434219824307,-0.03861794351083888,-0.046598291815499314,-0.023981619947086936,0.99862579633443849,-4.8308354245210099,28.492114493821106,-3.3809311282554773,,0.1527822216131091,0.5217391304347826,0,2
-0.7670014945439585,-0.62263040031576455,-0.15504867613096035,0.63808260597737909,-0.76556802353719333,-0.082196041793209371,-0.067522554131560525,-0.1619783502199752,0.98448144662231385,0.60550672660152494,-5.7270230079588362,-1.2037370842305992,,0.1177714477273805,0.4887218045112782,0,3
0.87196159824064545,0.48440162714061458,-0.070979115358985531,-0.48380022655701388,0.87477457490737709,0.026585407256612747,0.074968739998757361,0.011158257890139115,0.99712345339173314,36.989075832631258,-10.591183366486595,2.061799577526831,,0.3114253566321198,0.8947368421052632,0,1
0.019183084822684063,-0.98991785084667872,-0.14033765649952401,0.99957851787413965,0.015929605233406287,0.024270028464060359,-0.021789810949711563,-0.14074408070039934,0.98980619713486107,16.729471213638298,-32.094208411555734,0.32654250964205322,,0.3310137872786804,0.7931034482758621,0,1
0.3156046366389918,0.92492566927163689,0.2119108766778702,-0.94782014459062902,0.29668087507068724,0.11669375251267682,0.045063142812819354,-0.23768248713294976,0.97029704135904993,-15.920797521121361,-0.18540358207886273,-2.7033330458210303,,0.4408106269076255,0.3561643835616438,0,1
-0.66068157740822198,0.73067296363528489,0.17209553592645208,-0.7500301880948983,-0.63310418154351011,-0.19139961404990849,-0.030896119816488248,-0.25553104610702765,0.96630704967713688,39.059935991141629,-2.9934336777224368,2.0517501334319266,,0.1895258360990265,0.2857142857142857,0,1
0.96348294269264489,-0.25020255175841627,-0.095390262783465768,0.2599091600227042,0.95952765976389787,0.10841539874164588,0.064403786197816143,-0.12924919048719302,0.98951846828737433,41.88460883302259,-1.2910693120158399,2.2579216024174351,,0.1565840523731238,0.1818181818181818,0,1
0.66930283619329312,0.73841964739512833,0.082280847130230483,-0.74004367345767841,0.65269639425911452,0.16224296069911989,0.066098977593298927,-0.16948109411378331,0.9833143362623753,12.893829420762106,-16.034803211158085,-0.022952449908794463,,0.4664335099138333,0.6470588235294118,0,1
