axis_00,axis_01,axis_02,axis_10,axis_11,axis_12,axis_20,axis_21,axis_22,location_x,location_y,location_z,dbh,dbh_approximation,score,reconstructed,number_clusters
-0.40845324882206757,-0.90724888434483641,-0.10032649391734705,0.90920308777325232,-0.41410789106497359,0.04317869545624569,-0.080719816094199856,-0.073580679616114184,0.99401720049350717,-12.528860755522356,0.15058499293548466,-2.0039624009712895,0.1692663167874773,0.1760767617595635,0.5625,1,5
0.99291600022481252,0.11016400328088219,-0.044516388877479766,-0.10410725714085246,0.98718816872410686,0.12091814810752588,0.057266879679005095,-0.11542708482966604,0.99166380017602573,11.93464665754875,-9.3115535735343808,-0.10075053553127661,,0.09307104196872586,0.2666666666666667,0,5
-0.9688044107881586,-0.22322522386217361,-0.10764995619642773,0.23569561711673903,-0.96415539107099568,-0.12186860933274068,-0.076587138015269479,-0.143439469116485,0.98669120244897923,10.904680911480231,-2.2458270078261133,-0.48127307688834675,,0.3736933723911856,0.1578947368421053,0,2
-0.52728162173310156,0.84868823815684058,-0.04125973578136146,-0.84950914458030125,-0.52554369799501222,0.046238888094026605,0.017558606350016919,0.059431438750587373,0.99807795258240251,-1.6931368176424937,1.9869546683365826,-1.3807005241521078,0.4191002650291517,0.396382348553207,0.9102281089036056,1,5
0.86976972110095541,0.48714454036969201,0.078681821559789714,-0.49108582207201379,0.83889919045506589,0.23469738731755857,0.048325434460742119,-0.24277220813312878,0.96887889198926425,-5.9589021614692639,16.04885198166351,-1.9590297131188015,0.8787592685847836,0.5451653552573414,0.7619047619047619,1,4
-0.54495954349199105,0.83133091953529659,0.10912377459380124,-0.83814784121416475,-0.54368612846645803,-0.043744599451697515,0.022962844445667308,-0.11530089304837271,0.99306515991510458,-5.5604764576439587,6.3332910481498006,-1.7291969037893886,,0.09520292347410683,0.1756756756756757,0,5
-0.87509828312625981,-0.45113456181575429,-0.17515879082929245,0.4782327621047312,-0.86158595631278101,-0.17018538460828508,-0.074137845390542009,-0.23269561022911001,0.96971971871306728,-4.3823722833159833,22.87334514493395,-2.0909351056034833,,0.463876524817365,0.391304347826087,0,1
-0.96371377939592273,0.26314892464141276,-0.044815118682135141,-0.26491904794428639,-0.9634587056928744,0.039562867197702606,-0.032766590282156033,0.049999658845618397,0.99821159313875052,-1.2512224961288472,-5.028734525719802,-1.1743751528696043,,0.07250240252587044,0.2755102040816326,0,5
0.74725992892215809,-0.65965885162416804,-0.080329310348931482,0.66452428486962201,0.74119447112654624,0.095069610233536314,-0.0031738692109753532,-0.12442248769946328,0.99222425444498619,11.912407354570179,0.24029064178180243,-0.47040045332639258,0.2003504973154184,0.1058576876100344,0.2941176470588235,1,5
-0.022893782261133953,-0.98849781924078872,-0.14949226097021201,0.9977931388852701,-0.031914729140329799,0.058226300392353658,-0.06232757597774044,-0.1478293320694698,0.98704699070137214,-12.187459710534567,16.975400043824298,-2.4372200925453984,,0.6662437832221639,0.625,0,1
0.88511333218520194,0.46458746172527504,-0.027071749032409605,-0.45957851116539322,0.8817607606322585,0.10623348381852551,0.073225550615944962,-0.081587078737299895,0.99397261899918787,-2.1489029315863863,11.341649893967384,-1.572764880858478,,0.06893513965159596,0.3235294117647059,0,3
0.13403212853777877,-0.97124226903318212,-0.19678374771029228,0.9882621726093046,0.1163144552766876,0.099039515766305569,-0.073302569594586503,-0.20774841115388359,0.97543186894517009,21.369384558498375,-10.578141644752646,0.6870490250430118,,0.2540012861348447,0.15,0,3
0.9458804635946565,-0.29258479456935765,-0.14037195794305193,0.31820208630526242,0.92112753499762368,0.22421306059233345,0.063699143329698657,-0.25674540357328673,0.96437763188652115,8.631825216731448,-4.3950403574638486,-0.5754057239794379,0.6192272930431545,0.6555392237904953,0.6258064516129033,1,5
-0.31542471805409111,-0.91466343529462213,-0.25278063093428876,0.94604986185183482,-0.32391064018242155,-0.0084590819086477666,-0.074141123073639598,-0.24181128450023537,0.96748663895566289,-4.6884612019532046,16.53954125494948,-1.8945055282869088,,0.3316041286869732,0.25,0,1
-0.99812781028658137,-0.031048743799996455,-0.052695823752527328,0.031172677752538323,-0.99951284082347736,-0.0015314015538398851,-0.052622604403921761,-0.003171204412345763,0.99860943564955584,0.84006504004184412,-5.3737070280491075,-1.0662056311953674,,0.08166631606250814,0.3472222222222222,0,5
0.26042389219656426,0.96548637685370187,-0.003930964653126234,-0.96480141006797249,0.26038904976977167,0.036820943644171156,0.036573699622051238,-0.005796453217901865,0.99931414761627824,4.1133065877130131,10.96725918792953,-1.1369660712461576,0.5030346895362325,0.2231082130923205,0.5,1,5
-0.27075244744569871,-0.95742317650541964,-0.10016972243366133,0.96082094362137915,-0.2751809946715536,0.033144146845215161,-0.059297778210376337,-0.087271308354160484,0.99441816769278024,5.5508528024010992,3.9082951340624499,-0.96609977583634798,0.6662198521032864,0.6293225585369757,0.8892405063291139,1,3
-0.87753253424911681,-0.46603879369562506,-0.1128915147610749,0.47377445721200168,-0.87897929916135886,-0.054158612789472996,-0.07398928995331934,-0.10101106086233182,0.99213020846846034,-7.2498145169577306,-11.537781392516935,-1.274733494272978,,0.5509891834322502,0.4468085106382979,0,1
0.42229230402050222,-0.90360499348457002,-0.071883417523122578,0.90581900005352922,0.41768373373029444,0.070938266958974885,-0.034075638028919726,-0.095070049578552307,0.99488719791042235,0.5026133166078911,13.374801576283188,-1.4674419611525948,,0.2268813024341326,0.4074074074074074,0,5
-0.76978269889033146,0.63791634068470127,-0.022301093617954126,-0.63829854016317045,-0.76947302637770454,0.022050743812867448,-0.0030935601952594748,0.0312090365851907,0.99950809197361767,-9.8233569242286958,-15.018589321368051,-1.2282940180842945,1.134242994396206,0.9211230317842347,0.9865229110512129,1,5
-0.90599178985040008,-0.40700661699543894,-0.11629484273001144,0.41380328525386412,-0.90944942619310787,-0.040848284053768891,-0.089138756087233331,-0.085131397961951835,0.9923743886478863,-9.5320631281316324,13.251867205676779,-2.1481245695888709,,0.1293595090134542,0.2222222222222222,0,2
-0.76999359178683491,-0.63166579301047665,-0.090045513756409373,0.63385647278922774,-0.77343193139424238,0.0053869660266408553,-0.073046837785145063,-0.052928002420444646,0.99592308239611227,-11.183075606749417,-16.229075785432446,-1.2374055433299573,0.2130902386276736,0.1618557752250193,0.5128205128205128,1,4
-0.89721651373482325,0.42761841886843893,0.11020442516517531,-0.43609848636255977,-0.89725954193907775,-0.068872524213659414,0.069430812135641271,-0.10985354907208565,0.9915198233431608,-17.453312735378574,-0.51391434336418196,-2.3102334422355129,,0.2651112691123226,0.303030303030303,0,2
0.11654345246199704,0.97801499836958816,0.17292855938905219,-0.99032209012463113,0.10122031246164008,0.094955811598606818,0.075364325110893193,-0.18232145049144019,0.98034642203216993,-4.0992791729051135,12.179424369131572,-1.766258109491518,,0.3850043416126512,0.1707317073170732,0,4
0.99737661802920818,-0.063376271953405144,-0.034976134176135085,0.068629108809563813,0.98154934859901277,0.17846826521501971,0.023020148405777534,-0.18040045570380797,0.98332382679829056,-4.1185745423995179,8.7738922629690794,-1.6524756070166016,0.3159306514951682,0.1266211536719008,0.22,1,5
-0.31633100969714206,-0.93949241646763548,-0.13148646966053376,0.94608490199874629,-0.32261462679273145,0.029037231090617861,-0.069699716742680579,-0.11521198713324279,0.99089260139875945,19.664521847421909,1.6150340716907825,-0.0027947516056530328,,0.1589109580210983,0.3,0,5
-0.57901142265302874,-0.80200166062050571,-0.14676208229399101,0.81155428903845639,-0.58420269859524576,-0.0093189536600908948,-0.078264988216968603,-0.1245011779702702,0.98912792312390729,22.22704248131285,1.3122897688819388,0.17364174902019358,,0.2185607744065508,0.2962962962962963,0,5
-0.94899220791543026,0.30902400285634862,-0.062593569753102957,-0.30734373075228344,-0.95094958793355022,-0.035138474302097981,-0.070381961347102451,-0.014108397061705675,0.9974203389992029,-13.381735066980513,14.321516552068813,-2.4230615983501891,,0.0779212140382482,0.3333333333333333,0,2
-0.38460603750155453,-0.91545586516628208,-0.11840082284344894,0.92098652164247363,-0.38919907865149583,0.017547197204199151,-0.062145175760062815,-0.10229680400422946,0.99281082841610391,1.7931542859016978,-10.277393415087731,-0.80652594571822023,0.678988476645222,0.7258481107069272,0.6341463414634146,1,5
-0.078621564558726986,0.99690396738472853,0.0010627318221584018,-0.99494739656674414,-0.078533935044591802,0.062546775388261644,0.062436589043570745,0.0038601630794232798,0.99804146782065351,-6.0502620609607591,10.925259703769038,-1.8571219218226198,,0.07248885887681264,0.2,0,7
0.18055602995427722,-0.97584406422558201,-0.12299545667563305,0.98224402614273887,0.17242003105335821,0.073945966749110331,-0.050952852266106949,-0.13416294274968901,0.9896484788240173,-13.089010676801054,-5.4653563497211133,-1.7852636789633196,,0.1084045527633207,0.3684210526315789,0,1
0.98939433037936464,0.1443987725328558,-0.015743363813804041,-0.13462114828849009,0.95226987358599136,0.27396940393775526,0.054552776708959409,-0.26894438523889119,0.9616095424868758,-2.67802361119164,14.829965266749227,-1.6825073865056728,,0.562903610467918,0.2162162162162162,0,3
0.28626511197019128,0.95388702666753111,0.09028746327188289,-0.95247917762168677,0.27306710391996802,0.13497323050841376,0.10409467741344845,-0.12463505571122073,0.98672711578331118,-7.4101834232573127,7.6234877830874082,-1.8796765589586437,0.4007905005886006,0.1752472034743673,0.2727272727272727,1,4
0.99847331925760408,0.040523295217505938,-0.037535227126251319,-0.033609440188934171,0.98498263178792744,0.16935058490101693,0.043834190546773788,-0.16783050265325702,0.9848408430392529,-9.5037679754210682,-13.660845797859952,-1.2769147378068835,,0.2660488276728504,0.8186274509803921,0,4
-0.074604549647213456,-0.98265424501715948,-0.16977866745175302,0.99566917057334159,-0.082872076443445394,0.042132193341264688,-0.055471289346205412,-0.16590013169285975,0.98458117103800102,6.1834601163825322,-14.656343026957309,-0.43911702921948953,0.49825356860998,0.4421412540238951,0.6964285714285714,1,5
-0.98799398469420785,0.14723398278851671,-0.04679786875800912,-0.14912077653086747,-0.98801956503704169,0.039753403764277342,-0.040384157969334179,0.046254658319410023,0.9981130328619412,-20.682056050553463,3.0565282058097645,-2.6676523117813402,0.100483027492077,0.1657537952637468,0.7666666666666667,1,4
0.33851489437779325,0.94096102514702717,-0.00012425235162008482,-0.93874513454726671,0.3377267689718873,0.06854343063812332,0.064538660105592449,-0.023086330892216525,0.99764812568245231,3.5087961624254684,-7.7470500912665212,-0.78893531980463305,,0.07706718523283039,0.1612903225806452,0,2
0.69668299440917081,-0.71172057658116916,-0.08992567026183268,0.71734149216176346,0.69243536090740765,0.077165112506646177,0.0073477155774116605,-0.11826703613432055,0.9929546410787341,-7.6872319785015817,2.7017579839111399,-1.7646501943257229,0.24157778253604,0.1609106962815298,0.2559585492227979,1,5
0.58739803163413418,0.80212324282711567,0.10752607008933668,-0.80501362938957954,0.56545468830761958,0.17948273445640939,0.083166152546344019,-0.19198775686862202,0.97786711381618396,-16.007083438629426,4.3712284542677855,-2.3866385605066007,0.5197138410491204,0.3299980363455035,0.303030303030303,1,3
0.68759349586370122,-0.69194177462168127,-0.22007218129362111,0.72609405943356908,0.65457563181218181,0.21051878560585344,-0.0016128549887585162,-0.30454445122359547,0.95249675901165376,-10.103602563007456,11.839993205029085,-2.1880252787050725,,0.3329613192017509,0.1666666666666667,0,4
0.97870955481486466,-0.19042025332034845,-0.076601138630597781,0.20287674429973834,0.9540869490841597,0.22036134009761954,0.031122884449039656,-0.23121033868037677,0.97240585423519399,-11.73837454975196,-4.1948319962452105,-1.777840507287012,0.4826011472909977,0.4092093130196378,0.2666666666666667,1,4
0.92520288041690046,-0.3699538389574798,-0.084461749383341889,0.37824910705094938,0.91694619316427839,0.12703264091050792,0.030450666387301265,-0.14947854656157783,0.9882959683386392,-2.3943497938051235,17.337076819012186,-1.7822449332544341,0.6355946708917272,0.2789755125892007,0.5357142857142857,1,7
0.93768725330131308,0.34686574620720051,-0.020658390652714843,-0.34058656717955144,0.92924204698859714,0.14321315709560253,0.06887238382027408,-0.12725318155772278,0.98947623646571192,0.49478238556060267,7.357447163551579,-1.3735221985718296,,0.06525893030181151,0.52,0,2
-0.77488656458026117,0.63162812859368311,-0.024427836626278444,-0.63153214663373602,-0.77524990057774801,-0.0124394301467262,-0.026794771900200381,0.0057878168104790002,0.9996242000748996,5.2809006874982467,18.963221747229671,-1.3237382436215037,,0.160120338793517,0.7647058823529411,0,4
-0.99725332883047402,-0.059999174544796759,-0.043426917810047233,0.060427077168235144,-0.99813550136834128,-0.008607511433256056,-0.042829504800332978,-0.011208031143447324,0.99901952611370193,-12.32053345316479,20.049543393588355,-2.5318629377200668,0.3596073600640216,0.1809099861780979,0.391304347826087,1,5
0.99813717976054184,0.013415536410810214,-0.059516331897080242,0.0077617015968679147,0.93967464270200607,0.34198146419240305,0.060513852695018237,-0.34180636220771099,0.93782007036869186,7.7410459678578167,2.6194140497639165,-0.82363748492120914,,0.6435004088946648,0.391304347826087,0,2
0.34840153092803089,0.92608199145699166,0.14487414657576825,-0.93135783230008384,0.32457466837121407,0.16499658440405959,0.10577788738812047,-0.19241473371540257,0.97559602745651741,-5.0543729981686845,7.2226143523812789,-1.7155834301093351,0.2237252311723156,0.1669970834697276,0.2133333333333333,1,6
-0.93745388829918364,0.34635030373024889,0.034952459408542025,-0.34708028684120629,-0.92224370924032362,-0.17029919334182148,-0.026748491526950587,-0.17177895060982745,0.9847723139530371,-17.799564345846576,-6.1695340500333176,-2.063442995381175,,0.4914388629200404,0.3555555555555556,0,1
0.84346864203504057,0.53431837430474749,0.055358150112666739,-0.53023118386668955,0.81160728118430514,0.24525193737043025,0.086113538766523903,-0.23621493604120883,0.96787755549560839,0.11507658012731035,-2.4577784397730813,-1.1481722540139989,,0.3604766309311884,0.2201834862385321,0,3
0.96653514550805386,-0.24778165524962181,-0.066438421259709654,0.25383626719059404,0.96120203273668525,0.10797130045345051,0.037107438020838927,-0.12122253744507049,0.99193151702066018,-0.45800470622059969,13.85610571096756,-1.5350555329113256,0.8813219866797207,0.4480282178647632,0.7714285714285715,1,4
-0.62891132971864683,0.77668642852107617,0.035053260942437214,-0.77710188019056115,-0.62936908005210201,0.0026886574093877517,0.02414968231298209,-0.0255490278786824,0.99938182894158945,-17.88486021475638,-3.2322373562608915,-2.2258190314340305,,0.09651779630901421,0.2857142857142857,0,5
-0.23198800679675663,-0.9360887619116518,-0.26442275719986436,0.97248974543537481,-0.2290964455773658,-0.04217242756655968,-0.021101178296666055,-0.26693191724956283,0.96348434955009266,-18.020117322237784,-0.8904036987514915,-2.3437476725979849,,0.5261405579623785,0.4047619047619048,0,2
0.14153300428824345,0.98011931028233767,0.13904871919158088,-0.9881482977184286,0.13144523547038583,0.079278570801364523,0.05942516649800992,-0.14862128947028375,0.98710706709195173,-13.653643187110491,3.4013400935564828,-2.176470391331832,,0.5024382495775688,0.4,0,4
0.85253604221296309,-0.51669655873748344,-0.078784280898526807,0.52266842406905989,0.84283071970369849,0.12827352183872562,0.00012332485983672468,-0.15053585656775245,0.98860454210892201,-6.5141496714447591,-14.553691987796133,-1.0936669581883054,,0.5077414779914357,0.4642857142857143,0,2
0.6797918700674902,0.73138995452902034,0.054329989915172586,-0.7297480224369387,0.66715503621049388,0.14957266263710137,0.073149416535761264,-0.14132548274466492,0.98725694263827068,2.8173578364534859,8.761059961247339,-1.2354834109383255,0.7627618601221497,0.4273921424794455,0.475,1,5
0.024416425726081711,0.99730756379479935,0.069148111705561871,-0.99774795712255748,0.01998788631556565,0.064027325872621429,0.062472811786612979,-0.070555705639715291,0.99554961714078127,-4.1604458706740193,-9.3697355313250537,-1.168055333119276,,0.1707063873156057,0.2162162162162162,0,5
-0.18192248049979365,0.9546058117687195,0.23586427289054579,-0.98199627855671445,-0.18878345806249322,0.0066419020415837953,0.050867671359767205,-0.23040952692835989,0.97176330961355195,-8.243149173220722,-18.959540377952766,-0.92014871765997119,,0.130245528400299,0.3333333333333333,0,1
-0.028211369406369886,-0.99531660340036232,-0.092460681545090864,0.99763394007535944,-0.033836542706251992,0.059846553680239632,-0.062694818333983202,-0.090553560798310687,0.99391619987844826,-12.874586682221278,-6.7477817318238946,-1.70647138032914,0.1376676213421758,0.1034308554940088,0.5185185185185185,1,5
-0.56229740169309983,0.8170103877480871,0.12773276150193066,-0.82639179551607111,-0.56078210998630795,-0.050990444428621495,0.029970524735355122,-0.13422910053719686,0.99049700464769852,17.166584807445677,-1.3173621288720658,-0.11470820095816425,,0.3499042300146838,0.3703703703703703,0,3
0.38918650178589353,-0.90866774093185787,-0.15118466660827265,0.92103929168518006,0.3812134600625452,0.079767919862599276,-0.014848905674239599,-0.17029161593260586,0.9852818254404887,7.4106150711650463,11.153637606643374,-0.96188871589027103,,0.1637232582602181,0.2380952380952381,0,5
0.4558996412206015,0.88971295735960676,-0.023798542840881679,-0.8867599097415908,0.45635201885358762,0.073482633072990675,0.076238963857151343,-0.012397112352359909,0.99701250342977676,-1.7166629177768327,9.882724020860314,-1.4773892852201418,0.3737127371458064,0.3586004816294029,0.9039145907473309,1,5
-0.96433468082307217,-0.24484768953420696,-0.10053970505042119,0.25103384570345744,-0.9664623141594807,-0.054153519006940577,-0.08390847199894548,-0.077460985271702643,0.99345818436788813,-19.958743148827672,0.54521495241282258,-2.5126741693622887,,0.3012092069270099,0.4166666666666667,0,3
0.66770126479814262,-0.73638451615714118,-0.10914607345651635,0.74427906148774681,0.65740657499401012,0.11775089717520404,-0.014956591118338875,-0.1598575600922883,0.98702677818966045,-16.283070061495177,-6.1983652176378472,-1.9628536213584553,,0.138714880590004,0.4464285714285715,0,2
-0.82963496873463849,-0.54806257928896551,-0.10645763399494436,0.55522130306419903,-0.82993026438179462,-0.054268415186525407,-0.058609924725832922,-0.10413052120435601,0.99283518837586593,6.3373199405421889,3.0371175652974816,-0.90929032882010663,0.6523353997578992,0.5319831571924805,0.24,1,4
-0.8916482633702959,0.45268550772713023,0.0062614313512240685,-0.45237287542412546,-0.89031372323523283,-0.051963985600857437,-0.017948704946159341,-0.049166099223427663,0.99862932997078968,-12.414776751527196,-16.116879738393518,-1.3049544331225971,,0.09351992322222323,0.1333333333333333,0,1
0.99381728276004533,0.10947589107890389,-0.018499669184043898,-0.095424657007321473,0.92738707770209683,0.36172827225169835,0.056756879076233079,-0.35772648404003277,0.93210000498545287,4.9426789887931486,-9.674832696459605,-0.62316752816184429,,0.2861049561378788,0.24,0,1
0.6875575228433366,0.72612876802948012,-0.0012903571308787781,-0.72169239383462569,0.68355080592808626,0.10917135336851327,0.080154484982336766,-0.074130344360824024,0.99402210769286392,-5.4345492549722012,-4.8230421374424797,-1.3982273350543031,,0.08950922786274189,0.2210526315789474,0,5
0.42796936397874213,-0.89818760950375875,-0.10050493335928166,0.90285685905415825,0.41981357524916552,0.09276882070702526,-0.041130469903586653,-0.13044378164725215,0.99060219274695427,-19.03547417489326,-4.3865954713205753,-2.2441886034393463,0.252712291937246,0.2329629179808855,0.8645833333333334,1,5
-0.97978372110130907,-0.1903495877082135,-0.061570238948577508,0.18874530484030697,-0.98153813153595948,0.030953291289236642,-0.066325483530927778,0.018706437400261192,0.99762267387734249,12.533225387619767,8.3876204973838053,-0.64441997766921666,0.231263839318844,0.1841061289488366,0.6071428571428571,1,5
-0.99748361733726965,-0.032069766874117313,-0.06322944880666484,0.035589692609383342,-0.99783241038151727,-0.055352096366628911,-0.061317264483377654,-0.057463125957876095,0.99646283534882762,-8.4715247925135433,12.819916876561104,-2.0703265527147829,,0.318497854029932,0.6428571428571429,0,5
0.93286971910839844,0.35854718889260118,-0.034612143935776468,-0.35290648013515363,0.92897242509648748,0.11165683897087263,0.072187973023447163,-0.091946434120983453,0.99314387165365003,-7.424379943621366,13.545876179281064,-2.0097302843357245,,0.09669500843055963,0.2352941176470588,0,4
0.78284099739937607,0.62217722149020049,0.0074483454193175255,-0.61489298531734415,0.77173304579309976,0.16227976657128576,0.095218639972831809,-0.13161918967096212,0.98671667641328809,-5.7640770956597001,-8.7078267123833299,-1.2594865355178164,0.4445976841620756,0.3589718594818058,0.4875,1,5
-0.94031345094630414,0.34030958095384312,5.5501999331376029e-05,-0.33920654985528143,-0.93725250703033403,-0.080601827526614447,-0.027377554761677549,-0.075809809235832901,0.99674637813181854,-4.6023147385802829,-5.5912413505286631,-1.3270239322261947,1.113130064745559,0.7817165452265179,0.5555555555555556,1,1
-0.45157954875414558,-0.8679079702634338,-0.20690980232992423,0.88519104697691675,-0.46487710250934722,0.018057959863256399,-0.11186027667993438,-0.17500009918774281,0.97819335705440591,3.0013645103778357,5.3362622450176493,-1.1482367899138615,0.4008949630450849,0.3251384431137829,0.4571428571428571,1,5
0.0030004857462403172,-0.99338951231676631,-0.11475309975919264,0.99745361144645528,-0.0052037299326443322,0.071128153407854375,-0.071255105765901217,-0.11467431278993874,0.99084434291590184,-10.36296210752465,-11.024452221802145,-1.4439148207085557,,0.1026483613063726,0.5333333333333333,0,4
-0.98607399288545283,-0.15441876797973947,-0.061748883800110621,0.15509981679582943,-0.98787830808772337,-0.0063635870102859487,-0.060017725588698459,-0.015852208217050807,0.99807143036448231,-15.245454558935498,12.274088240246694,-2.5462992714268688,,0.07866051467662524,0.1052631578947368,0,1
-0.71453482595298534,-0.68280908559825804,-0.15235397968155553,0.69529551659528399,-0.71721496899378789,-0.046549251913827951,-0.077486302678823213,-0.13919210062252324,0.98722916894784651,8.1265527566694296,-0.1676374035244467,-0.69060233936417836,,0.08406035577555689,0.1555555555555556,0,5
0.28370958347363467,-0.92842486895219611,-0.23986691092419324,0.95779640592093163,0.26231763046551121,0.11753937872860387,-0.046205162592110362,-0.26309071336339046,0.96366402832718612,-2.5669414459370778,-4.8273158966620251,-1.2547451090573674,,0.1117615298439273,0.3026315789473684,0,5
-0.51703125344020973,-0.832105635870098,-0.20069602317750571,0.85231717268271656,-0.5221034608386057,-0.031038900278378433,-0.078956444424672062,-0.18710474855965226,0.97916172972101179,-4.2158511813564257,-10.690975444896544,-1.1563545503917394,,0.1342474717944434,0.1666666666666667,0,5
0.98813737631335552,-0.12006136996954575,-0.095759035989269561,0.13817116259130371,0.96720730736644378,0.21311676237481136,0.067031748900993754,-0.22381977575270279,0.97232271012317972,3.0240636531749523,12.400571800157614,-1.2762187184829143,,0.1284661525642436,0.2105263157894737,0,4
0.95231402989053748,-0.29612129263880266,-0.073553847755016485,0.30364215826940788,0.94344834468390248,0.13306637680007388,0.029990468404802226,-0.1490550266147638,0.98837400352585769,-7.4252319475520867,11.953608113248601,-1.997781413666097,0.3367788737226999,0.07472962914303694,0.2413793103448276,1,5
0.030826526879974815,0.98341879340931559,0.17870982628239807,-0.9995136989130029,0.031170217518875887,0.00088500004177669348,-0.0047000984847316608,-0.17865020097719642,0.98390142532930724,1.9304380863214314,-4.4671130108187613,-1.0159053649275642,,0.2452054667536781,0.1896551724137931,0,5
-0.88471297809635396,-0.44837352285881732,-0.12745246324435738,0.4603000113792573,-0.8834766584247431,-0.087137211011745527,-0.073531258061698815,-0.13575779173890387,0.98800960322764109,-2.2447497654364836,-7.5164985739594012,-1.1370109638257988,,0.3875842930506506,0.5655737704918032,0,1
-0.8063327525850682,-0.58708986956478604,-0.071784240352524287,0.58639641002767406,-0.80936756437961377,0.032609753707550246,-0.077244691825668857,-0.015799708371153819,0.99688696791569287,-13.451443016448515,-20.497164623153083,-1.1168370820924483,,0.2089787085413406,0.5454545454545454,0,1
0.66349048505691766,-0.7406863314263562,-0.10566046884764019,0.74791424618692837,0.65280647892930332,0.12028292238952584,-0.02011607788749167,-0.15883154443023029,0.98710074658280633,-9.2227670624407292,-10.276545702022139,-1.4013745981717909,0.2635322906462844,0.1158918186663321,0.4565217391304348,1,4
0.44320746885670681,-0.89018205059200251,-0.10556067616991362,0.89580490251228451,0.43546391783992788,0.088908677273131079,-0.033177043035635893,-0.13396676103914248,0.99043030585301339,-3.3566703945901186,-17.314305949664526,-0.82101921626430319,,0.1512402875322179,0.5416666666666666,1,5
-0.9974415238363239,-0.04688803236871824,-0.053962199247822175,0.05157134458814551,-0.9947002241315912,-0.088948639843072858,-0.049505584982326843,-0.091503970040386615,0.9945733861924948,-11.483257729049347,4.8332375683137778,-2.0735006807149632,,0.1468758965090829,0.1509433962264151,0,5
0.76914098690192623,-0.62167878331595428,-0.14811358020899096,0.63896475924488061,0.74368092755582582,0.196628366297535,-0.012090438811818753,-0.24587429382613477,0.96922631666955716,10.147722652604852,0.083855749849099104,-0.57274415813441626,0.9260780767964822,0.5754430610406633,0.4656488549618321,1,3
0.68020451903627899,0.73216183206615271,0.03550864610427832,-0.72237990518693984,0.66131737875706775,0.20205592576311232,0.12445515202164921,-0.16309008620825308,0.97873006437722776,-11.923599411095532,-11.54521226949689,-1.5069685574779581,0.8750170416728063,0.5695113006976735,0.2156862745098039,1,4
0.99489924827211418,0.095090572068989687,-0.033664059338911888,-0.089679159851075954,0.9865817825808445,0.13643326049027651,0.046185864460748911,-0.1327183837423993,0.99007711646155028,-19.683226970776367,3.037385880387613,-2.603373635950454,,0.09975946843914969,0.2272727272727273,0,2
-0.4778471272000972,-0.83421759551049057,-0.27521469140892585,0.85791404146689243,-0.51052089393989297,0.057895719226519052,-0.18880047796697386,-0.20844524506811973,0.95963793137200171,-18.210853450149273,-24.062777749394868,-1.1557865670188854,,0.5729308930320127,0.3076923076923077,0,2
0.48992410869561887,0.8643840677307798,0.11320137442625662,-0.86807020360331,0.47177430287601246,0.15454167322104348,0.080177860628172809,-0.17398043165552451,0.98147965850854324,-13.288398981388863,16.256007949089444,-2.4824648704460528,,0.17736495760605,0.3333333333333333,0,4
0.14735501505679061,-0.97201926341718969,-0.18293455409932055,0.98815324601810151,0.13665606424519083,0.06984470265455843,-0.042891280250214422,-0.19105934065341715,0.98064094674227198,-4.8940544257451473,10.168790650412506,-1.7214491831116185,0.6861559947381788,0.5868060006916126,0.3218390804597701,1,2
-0.92035448096055594,0.39088330069964033,0.012564816352856332,-0.39073876807115193,-0.91771253074714421,-0.071602556071071827,-0.016457354042038744,-0.070809294190995783,0.99735409928174923,5.0229645600158168,10.611597004479851,-1.0757389047859818,,0.256171220375211,0.3666666666666666,0,4
-0.98002403692787254,-0.19518923651401637,-0.038131994344259609,0.19447892922703927,-0.9806697140313555,0.02156056744065284,-0.041603282686580333,0.013714004912281112,0.99904008575180103,-18.994971180935305,11.719236188262567,-2.8200353529972979,,0.1595945272566663,0.71875,0,2
0.099416492384182625,-0.97205601216660154,-0.21265810648265757,0.99471144530815192,0.10262766525600449,-0.0040869177956981435,0.025797317980617011,-0.2111271454239485,0.97711812328404912,-24.404541193040139,-2.0010767856719207,-2.711938640126371,,0.1839728646557859,0.3529411764705883,0,2
0.32068769592302426,-0.94235658384743604,-0.095516860097950865,0.94676296111886893,0.31590080327809911,0.062020786367815085,-0.028271843537561351,-0.11032112838274147,0.9934938104967469,6.6579223157796656,-8.0508675310976763,-0.56734469502067431,,0.06962780366362202,0.28,0,4
0.093733933999303298,0.97941687658004739,0.17876389872454329,-0.99338777178377069,0.080050198163388403,0.082296419390384012,0.066292416515691954,-0.18529583817287096,0.98044416866455175,-16.023079017716398,13.649618407929438,-2.590861161892954,,0.4806453465335669,0.6140350877192983,0,4
-0.98946627805109955,0.14363938724207664,0.018005861057566443,-0.14474888203987926,-0.97991272346090363,-0.13718168809151865,-0.0020605212711208493,-0.13834298259093006,0.99038223601796105,-3.6127542780075119,13.486075830805413,-1.7544921942688776,,0.3641077072773476,0.25,0,4
0.067824771175245074,0.99558362420587443,0.064907993561044305,-0.99525172152634733,0.062962843125284801,0.074227294066409724,0.06981268662547041,-0.069634241567462327,0.99512675634185266,7.4247107658943827,-13.629808029028998,-0.32390835151935637,0.4470131545611464,0.3386878072259852,0.5294117647058824,1,5
-0.89182881857347507,0.45130116419601185,-0.031122621309339762,-0.45201557855964547,-0.89174710979316796,0.021656613653133504,-0.017979852647588598,0.033381901846010198,0.99928092823185366,2.3519916160349927,3.0000891586389828,-1.1635586497450936,0.289681573244955,0.1658590903566968,0.5973154362416108,1,1
0.01891255428434074,0.9799641596137898,0.19827395482735699,-0.99890180607572876,0.010017636366154863,0.045769299538910749,0.042866036778420616,-0.19892182593691027,0.979077428019274,-7.9385699872369031,11.019628987340257,-1.9982081485907306,,0.3617641607126046,0.4492753623188406,0,5
-0.52230797273473595,0.85232129371703735,0.027254245435284048,-0.85271751909416915,-0.52232428770818806,-0.0070831560776308741,0.0081984295823228342,-0.02693976144383008,0.99960343887250314,-15.613062031265862,20.136223743003512,-2.7790803890016784,,0.2734282619320592,0.3888888888888889,0,3
0.22927793624081177,-0.95928213190673139,-0.16495277917522463,0.97335800152169627,0.22638126652138954,0.036410479835632302,0.0024142963454380486,-0.16890622715769787,0.98562916839981418,-7.4837137078321074,-9.3701653311021431,-1.3419961050578564,,0.2595798667471267,0.1944444444444444,0,3
-0.63400565114143959,-0.76256098110989567,-0.12859853968624138,0.77200421290988741,-0.63383494232523063,-0.047568488907657087,-0.045236374413799428,-0.12943730519555113,0.99055522534264073,-8.9418871343280752,-18.669685784195213,-0.99759886617813454,,0.5539661429023791,0.6274509803921569,0,4
0.51725249044429611,-0.84728982430780475,-0.12062261294476004,0.85546966505957445,0.50776631173356113,0.10171049518783189,-0.024930168311332185,-0.15579899323469334,0.98747413151688357,12.700499177355095,3.0907009923855395,-0.52144241881572884,,0.1863582787221902,0.5,0,3
-0.53715599446105988,0.83367817658913279,0.12823468911948185,-0.84344560528749246,-0.53231857490189571,-0.072363289972413342,0.007934011328877992,-0.14702935997084041,0.98910030773971558,-1.1030623261209753,15.817722689842416,-1.6070682215363328,,0.6190750069634523,0.1538461538461539,0,5
0.9862707677960274,0.16507028293218148,-0.0046662922886023953,-0.15463861983994909,0.9331194938426477,0.32461501423199024,0.057938500541771312,-0.31943671032542442,0.9458347203668519,8.221953756593912,-6.5368083874953085,-0.49154919273895276,,0.3452513552622931,0.3214285714285715,0,3
0.97555536297971468,0.21767890510875945,-0.030126865621378535,-0.21143703296312635,0.96713095694670848,0.14125187859668661,0.059884178655690894,-0.1314290926164941,0.98951517358792318,2.0852982792502117,7.6032486648580457,-1.2639367350453083,0.5922054679288584,0.3148643473418103,0.1612903225806452,1,7
-0.9610819370064847,-0.26300634556838848,-0.084552779674142542,0.27164614439205237,-0.95539255063956707,-0.11590274552120607,-0.050297938295669122,-0.13436047176600199,0.98965518289453802,-0.70134940006735136,-3.3217251241191454,-1.1917810429807645,0.3904504199719062,0.187812449402008,0.1754385964912281,1,5
0.99088857349330672,0.13442936798347629,-0.0082813008616740638,-0.12145905931773157,0.91846969992969374,0.3763789409899399,0.058202507077017081,-0.37194375291785725,0.9264287953401108,-7.5047201756027588,-3.7222238600806454,-1.5453421117472474,,0.4003317839904658,0.1274509803921569,0,1
0.9882910240607381,0.15157085126986156,-0.017525090764575146,-0.14684890959015545,0.97605616406184825,0.16046732486413653,0.04142764189716152,-0.15601487634901831,0.98688556015611095,20.497399859281522,-1.3878490813369602,0.123963071367265,,0.3414090473574201,0.2727272727272727,0,3
-0.96915836860956928,-0.23508937464441923,-0.073925925650842092,0.23655554674286597,-0.97154847256913746,-0.011620617615244458,-0.069090736421185503,-0.028749806571033359,0.99719602825267339,0.0050820865265813597,-8.6948789898502579,-0.99315160944551517,,0.09719944166988018,0.1388888888888889,0,5
0.96891552047405993,-0.23991418541374937,-0.060364706756003569,0.24479619098513311,0.96502388681751261,0.093828155426770574,0.035742678462189606,-0.10568860633425461,0.99375670031827767,-18.052663062565838,4.7254713791729683,-2.5599888395412158,,0.07166298493056714,0.1666666666666667,0,2
-0.37127730832833916,0.92846260836215977,0.010504532059950321,-0.92764660563590162,-0.37139467035944301,0.039214460098168771,0.04031048712994504,0.004814945683590738,0.99917560064555788,-11.557024495241716,13.711572071639077,-2.2934920748014589,,0.07519510432075674,0.3043478260869565,0,2
0.85225588842892652,0.52286264441174635,0.016569722899853579,-0.51768293411743338,0.83840951369999661,0.17051060688678937,0.075261413498468432,-0.15389653152716512,0.98521651286512768,-1.7081329091408202,8.8496050035165368,-1.4898563371999465,,0.07238902678814481,0.3673469387755102,0,3
-0.38708560107207346,-0.87539423931131521,-0.2895680631962641,0.91889674165804058,-0.39217220387256624,-0.042775468202823963,-0.076115147066192892,-0.28264091757970616,0.95620112742915875,7.4700256369040838,-4.5067818634587322,-0.64364725214269947,,0.1433940008756701,0.4615384615384616,0,4
0.3680484530400942,-0.92071839463944871,-0.12968413159423478,0.92961108717281105,0.36151422821676799,0.071628830803106544,-0.01906732336168537,-0.14691868693053242,0.98896478026794776,-24.977149375165457,0.30623238270166064,-2.8465668675253686,,0.1541807590243234,0.3157894736842105,0,3
-0.27049128577704828,-0.95059316825761198,-0.15233874353110341,0.9602008723348312,-0.27782903943152065,0.028728202449646096,-0.069632959768406361,-0.13850506601028956,0.98791072349852416,6.0090634986809039,-15.867382873248616,-0.43267321839164069,0.3918301438896738,0.2880637806455844,0.8181818181818182,1,5
0.68399278106643158,0.72614348733686251,0.069781883374333317,-0.72535199864547983,0.66682224562062886,0.17091685348867816,0.077578047861602537,-0.16752232252366317,0.98281123210220878,0.83879304028811219,11.724970159152416,-1.3804609778708774,,0.6476017183208742,0.2,0,3
0.96091775933810264,-0.25799854053704885,-0.10036838580644958,0.2762842239280191,0.91659756456940011,0.28899123210563954,0.017438101878695093,-0.3054270088027517,0.95205580450763061,-13.981559054678346,-12.405351725913361,-1.5779834365765102,0.9005261897643367,0.3564087925907898,0.4788732394366197,1,2
-0.8075925699843497,0.58957369555334938,-0.014039174393084232,-0.58972699943151763,-0.80750778177660487,0.012379358292148854,-0.0040381985552531679,0.018276757967242919,0.99982481118975786,-12.88694057347753,7.4871329391849004,-2.2503518081892375,,0.06637713514010443,0.1964285714285714,0,2
0.99447404296752884,-0.090457276231354924,-0.053280944441897696,0.09565499943775041,0.98988112354216573,0.10481165172566557,0.043260824615120326,-0.10932905575235982,0.99306377369326881,-15.471650473953506,-17.454966682807736,-1.3989931537000675,,0.2715008095904671,0.62,0,2
-0.87290054556917707,-0.48208084793006789,-0.07511786474640765,0.48321568546145793,-0.87549450631193781,0.0034598759557674615,-0.067433217845852295,-0.03327800289444538,0.9971686595828767,-6.619845215824455,-6.9107618326648259,-1.3497211076205613,,0.1086116243042601,0.5194805194805194,0,5
0.98132532072398493,0.18758053643351058,-0.042592924967481564,-0.18168648920548983,0.97660695449016333,0.11501685129420029,0.063171469399979585,-0.10513038948260933,0.99244998194422052,2.5308112873441928,-5.8250335278929226,-0.93761699978198598,0.3061196401344575,0.2729932339240088,0.7786259541984732,1,5
-0.99686698926007522,-0.058125000880981381,-0.053644104952352736,0.064086287334050585,-0.99105278391606288,-0.11707829546059766,-0.046358963526923598,-0.12014933942726197,0.99167282040797222,-9.1265266348272309,7.3080128243693041,-1.9973772023271814,,0.3968782442972275,0.2160493827160494,0,5
0.81535477777846144,0.57843235255761827,0.02475075490760275,-0.57334418121912212,0.8007647286803713,0.17335598969642396,0.080455181411835774,-0.15553733576254755,0.98454817097381198,-9.4226320437184974,9.6372630764472031,-2.0495685841325311,0.6635317591502821,0.6689902407406986,0.2034883720930233,1,3
-0.90260075231315084,-0.41948073227408578,-0.096684006818764365,0.42482763252143985,-0.90426734005416209,-0.042685598948572899,-0.069522403367277219,-0.079602091443421744,0.99439938780545856,1.9327206701597985,10.929708822266351,-1.2640754922281485,,0.08472731256553748,0.1666666666666667,1,5
-0.63174361751078045,-0.75526880354713499,-0.17455382013256446,0.77314421350513318,-0.63020280697664488,-0.071361384531736877,-0.056107279901286541,-0.18003737519536536,0.98205830614828671,-6.5577958640033449,14.449023472045008,-1.9531975070946093,0.8127574385653407,0.7645301723568017,0.676056338028169,1,5
-0.74410688199416652,0.66454570203697927,0.068439448223208674,-0.66788124174419816,-0.74236681684062455,-0.053161604378965402,0.015478859620360445,-0.085267339339843734,0.9962378660474398,13.096753371270259,-0.79117202678558085,-0.37819281468811239,,0.2943036888070639,0.2173913043478261,0,6
-0.97904339236727977,0.20043998431679799,-0.036025665143783456,-0.19819845758645849,-0.97846289275680798,-0.057686557431772506,-0.046812469196988969,-0.049337411616968252,0.99768452556036991,-1.2250370808946118,-16.828523977325386,-0.77303241834488645,0.6009449572350783,0.4946245972773278,0.5833333333333334,1,4
-0.91183036349112101,0.41033410491756722,-0.013831505961033382,-0.40934141361682919,-0.91119333135141745,-0.04654374285425087,-0.031701661057853436,-0.036778189762489887,0.99882048909900134,12.208269486689833,-4.2674541069342489,-0.32079929496652382,,0.3178598610243216,0.5666666666666667,0,6
-0.76314980263544718,-0.63355097037016339,-0.12734027909700044,0.6410305418757124,-0.76710297211639811,-0.025156998086387061,-0.081744866016209838,-0.10082756623668132,0.99154000361396377,-5.2931681307019671,12.842965438148138,-1.8631476125382371,,0.2498955326144416,0.4583333333333333,0,4
-0.98201977757151571,-0.14787810781301189,-0.11734232692440302,0.16901108629923267,-0.96561770645540801,-0.19752897936189062,-0.084097616888610879,-0.21380951851926552,0.97324872495380943,-4.209338458035087,15.324747752060262,-1.8174837577425333,,0.3402626557580781,0.4324324324324325,0,3
-0.96880924625708131,-0.24082726926834852,-0.058402660414876226,0.24388543122166051,-0.96838252945084446,-0.05248974273330094,-0.043915154612157552,-0.065096106113451735,0.99691221086124515,-14.080855311719892,7.8384675147390848,-2.3614090003635706,0.4866645427566502,0.5375786069301284,0.9070631970260223,1,5
-0.56861620304778904,0.82260086084407225,-0.0018540145921297161,-0.82216309469182514,-0.56823701853275965,0.033978471062747179,0.026897199822233195,0.020845011575737631,0.99942084535701536,1.1292461810342695,8.0821231800571649,-1.3318006344306266,,0.07768249257120172,0.4375,0,5
