axis_00,axis_01,axis_02,axis_10,axis_11,axis_12,axis_20,axis_21,axis_22,location_x,location_y,location_z,dbh,dbh_approximation,score,reconstructed,number_clusters
0.949219288202931,0.3143855754080585,-0.012018855139507253,-0.31157228564749101,0.94465262656874438,0.10273327568597677,0.043651503065975303,-0.093771664654715925,0.99463632609510344,19.928017734441219,-1.1637564428433669,-3.5660626300404985,,0.1869671916842827,0.35,0,3
-0.7925281622696243,0.60848864752908161,0.040505281603277266,-0.60746822467061601,-0.78186217271007608,-0.14026367634070133,-0.053679307233438403,-0.13576858514880366,0.98928530933276781,-16.382926391843693,4.5132276751878511,-2.9584266800045431,,0.1441727561982437,0.5238095238095238,1,3
-0.56199624558241557,0.80445491639948963,0.19238634939090604,-0.82617831948786036,-0.5347363455365074,-0.1774441466221881,-0.039869842732128333,-0.25866837503442847,0.96514302950265585,16.940446606469152,-10.845774847719891,-4.1453060647103515,,0.3840065672386043,0.3666666666666666,0,4
0.82121257668568748,0.56596125134910436,0.07278575317058332,-0.57056849495059048,0.81618054585603106,0.091109325186661233,-0.0078419680610937823,-0.11634938133701725,0.99317738848577397,-22.654471817311482,6.2294180293362631,-2.6517579319564648,,0.373308721431475,0.103448275862069,0,1
-0.38617621379743716,-0.91873362794022473,-0.082440601579987491,0.92154618132172539,-0.38036390709523599,-0.077948276893039778,0.040256273901385871,-0.10607459201449154,0.99354295998740672,0.73471988474468242,10.093005326321395,-2.8389493919786792,,0.1006551706106665,0.4,0,3
0.031972117027261208,-0.99378804133447418,-0.10659790163687033,0.99805681040972372,0.037451180178606401,-0.04979972186667235,0.053482585273745713,-0.10479855916861802,0.99305431627309182,-21.525723718540917,8.3943267692387078,-2.5580012791120503,,0.1016588341613644,0.5217391304347826,0,1
-0.36170672815004051,0.93225374830740693,-0.008437510164787991,-0.9305062000007005,-0.36155901098404686,-0.058594311468716666,-0.057675424326551428,-0.013342801168649762,0.99824621967013982,4.8813512403692263,10.36191765226857,-2.8962691473581872,,0.09389419945570009,0.1428571428571428,0,4
-0.86853604371473125,0.48390946331868673,0.10712969746518659,-0.49316309125018948,-0.82226815818104049,-0.2840162697278385,-0.049348821636582649,-0.29951078002666209,0.95281581979462382,-24.881148091732879,6.5804195064375399,-2.5882775064185308,,0.5117326599363445,0.4857142857142857,1,2
-0.49637589704876534,-0.81692923604140522,-0.29366237779095794,0.86735783683957457,-0.45265185922553836,-0.20687357785042909,0.036074252618833728,-0.35739742254312562,0.93325544769774771,22.163105855177747,7.3568099657741239,-3.0403682691918381,,0.4812278373997244,0.1428571428571428,0,2
-0.68499419770395964,0.72814308019690466,0.024302342958534069,-0.72587527162389676,-0.6792460185910516,-0.10830483033152641,-0.062354143060782206,-0.091828650156530356,0.9938206376673745,-11.554544165404868,17.506487579111258,-2.2206099981691931,,0.1422967364524498,0.2777777777777778,0,4
-0.91654228190802312,-0.39756545493913548,-0.043496603475143412,0.39983411917263517,-0.9133456648034679,-0.077021904223122661,-0.0091061858249534156,-0.087985257991047297,0.99608015327882748,10.542114598852523,14.867861482959619,-2.7229192322239437,,0.3052241072382733,0.8333333333333334,1,5
-0.3046848534872213,0.91933949999805709,0.24896189226223489,-0.95066303617680048,-0.27752048363938586,-0.13864405074747801,-0.058368927543499628,-0.27892161067920795,0.95853836824278382,-33.738448525146531,5.9999468478361031,-2.1845368853040288,,0.4742187818917172,0.2941176470588235,0,1
-0.2871238802616275,0.95092959817415157,0.11529430471559768,-0.95694901278340727,-0.27941193044717144,-0.078597455789913812,-0.042526042801663819,-0.13289797756223232,0.99021697786066043,-0.95868281515462828,-15.812007610925136,-4.3775478515634525,,0.2049792804829532,0.3508771929824561,0,5
-0.49747050336730864,-0.8497756744156264,-0.1743685793110222,0.86704112128717337,-0.48067054175034701,-0.13113170589338577,0.027618694331156046,-0.21641888426127662,0.97590986994627082,18.153231328716021,-25.735346457409122,-4.8493070923795258,,0.3711530027359063,0.4,0,5
0.48476740580177796,0.86879484281390784,0.10097565732478202,-0.87460598373647314,0.48044194943555923,0.065114563923260843,0.0080582556779502951,-0.1198793323409712,0.99275576563065726,2.1515260469402984,9.9640745620853792,-2.9119479076309682,,0.3432411860876383,0.2051282051282051,1,2
-0.91538496495144217,0.4022568133913248,0.016118995660556443,-0.3999574757525865,-0.90413099748499393,-0.15027027975088839,-0.045873560254980066,-0.14400206757907333,0.9885135411325866,-7.486878234906591,-28.235045941223305,-4.8940256261052939,,0.3123114090784484,0.2105263157894737,0,1
0.09501816356310315,-0.961305525234039,-0.25857926395518666,0.99371535594208571,0.10703447608570341,-0.032762971384717038,0.059172121459283335,-0.25384110794662418,0.96543428153263811,20.18467514716934,5.8434845905348443,-3.1267662756706538,,0.5297748085148654,0.4509803921568628,0,3
0.99979990832035237,0.013694691168265053,-0.014580766660921753,-0.011160515064242682,0.98680009653822975,0.16155807740760353,0.016600789924434773,-0.16136302211456699,0.98675548585652084,15.89181988223636,-16.431743861979022,-4.3828386732418476,,0.3280925717711872,0.6944444444444444,0,2
0.034287002088912055,-0.97183790601698705,-0.2331426299848916,0.98075762802028121,0.077580251233007713,-0.17915295057200376,0.19219489214801308,-0.22251379518389539,0.95579743376150195,-17.181830156182397,-29.712003827746269,-5.0053718744399758,,0.2446031440023697,0.2941176470588235,0,2
-0.71906031008108762,-0.66938272256810927,-0.18675931353856151,0.69418731791052868,-0.67928274064053251,-0.2380733624748326,0.032499817203729221,-0.30083505280334599,0.95312225495291625,3.5090458124947013,-27.579081803018472,-4.9123660507984086,,0.4650990972926529,0.3043478260869565,0,5
-0.82623776681619066,0.55914514289452455,0.068467962318552927,-0.56092140979723759,-0.80541008469777897,-0.19152484825263622,-0.051945401314002333,-0.19665020885973483,0.97909671158560707,-23.134870257067622,3.936032441963861,-2.7732334404196641,1.337318701701471,0.3960654224423901,0.4594594594594595,1,1
0.8557908968268042,-0.50349016568827309,-0.11882589769730366,0.51550202060905181,0.84922905147332561,0.11431397500612678,0.043354442175627721,-0.15908384955397464,0.9863126893408245,16.175204625630375,-15.668797400322662,-4.3354084347027655,,0.2973396358926065,0.24,0,2
0.22633429673786634,-0.97166693786584291,-0.068089264782286094,0.97239261920916931,0.22947227518387811,-0.042368254973112106,0.05679243107763178,-0.056620109328323884,0.99677920473490111,13.55509263138365,-14.533675102651555,-4.3217450105176889,,0.0785949941246237,0.5,0,5
0.42474389849049277,-0.89570891909583006,-0.13152244275133246,0.90481903354532423,0.42480933260659309,0.028974945460629037,0.029918844048581705,-0.13131094083327785,0.99088965056068501,-10.789726820879991,6.5123669036629188,-3.0521127751889834,,0.2402340862973909,0.2,1,4
-0.98501416506456196,-0.17038077817295055,-0.026785911433890953,0.17247135744974218,-0.9738177327558889,-0.14809677319112655,-0.00085175208114461143,-0.15049722189914502,0.98861006505043858,-3.1138884361570498,18.305299989621851,-2.3151697808576444,,0.1298908096229726,0.2307692307692308,0,2
-0.80778075835721996,-0.58815281810839881,-0.039579148285212661,0.58941125162344987,-0.80481202107055594,-0.069799621775513618,0.0091990699264954678,-0.079711186739848824,0.99677555338251156,-15.457264621056838,-31.274315714127823,-4.9842677100653328,,0.5312873354888099,0.7575757575757576,0,1
0.57664374654808093,-0.79960731331461821,-0.16766077078664127,0.81479335011807452,0.57790750420667536,0.046202956452767938,0.059948195722285304,-0.16325152702314805,0.98476146997851899,-10.328565471676551,-29.998011564986363,-4.9859693506060925,,0.2546170251195425,0.5,0,2
0.55455506714458014,-0.79774256408312494,-0.23680261602091943,0.83015794622065908,0.55002050423340321,0.091187878852015666,0.057501841978906731,-0.24715227365515716,0.96726898626810065,9.5720886247040333,-17.416341149614443,-4.4977135163712862,,0.2610056657901498,0.24,0,7
-0.7572198001970788,-0.65017193305772913,-0.062406984011993107,0.65291588335632655,-0.75086084106340267,-0.099543189714760671,0.017861227576102735,-0.11612258532058553,0.99307427805171744,-4.8789014938703676,9.136878541674923,-2.9210313488866824,,0.08587474562843389,0.3538461538461539,0,6
-0.99668606047199126,-0.071318011843760507,-0.039123369582329266,0.078161442468141287,-0.97286825893337103,-0.21775706572061293,-0.022531883457042261,-0.2200933709737872,0.97521855103421495,19.56437558647881,13.792657857302977,-2.7040289227918919,,0.3225584808689602,0.6060606060606061,1,5
0.96916916610721682,-0.22665367562157251,-0.096639737138886059,0.24221520432555407,0.94833316546832613,0.20492926112772369,0.04519869755393513,-0.22201873479518719,0.97399422952057213,-2.1200147086226573,-25.712778395052595,-4.9177695489936655,,0.596194528156473,0.3191489361702128,1,3
0.0069634686960226653,0.99873625079700767,0.049773601915635478,-0.99858250459550624,0.0095717420181749262,-0.05235802966597871,-0.052768282324569885,-0.049338454563090509,0.99738719927711161,-7.3922723186071559,12.555298063734801,-2.6606190401005194,0.07566175381768678,0.12951340354256,0.5079365079365079,1,5
0.66295047491403858,-0.71269615117460761,-0.22926156222130734,0.74529647579353997,0.65727221355866583,0.11192140301757943,0.070921301320425442,-0.24506618164201138,0.9669088559085729,-8.5648724678721315,-26.397197598011999,-4.8580406585432057,,0.5023241679223799,0.7826086956521739,0,4
0.67786712123348103,0.72793742607837741,0.10297217908260706,-0.73473344944859309,0.67567859863679358,0.060209547462104482,-0.025747314656204622,-0.11647117694350956,0.99286028258229231,-1.8998397484038245,-27.555689613758503,-5.0080999579524823,,0.4000324155467008,0.75,0,4
-0.98595114228690206,-0.15063097867095523,-0.072184854975146304,0.16030097395431317,-0.9747502093396152,-0.15545297405220188,-0.046946168879379857,-0.16484033989593141,0.98520237493143648,-15.286296657327284,6.5629477883901348,-2.8537777508973829,,0.1941092490430943,0.2682926829268293,0,2
0.94262293732076274,0.32366712010349802,0.081863260383919778,-0.33203224380805108,0.93446274851862954,0.12858444969279892,-0.034879608778892575,-0.14838789369391556,0.98831394096031822,23.840202058879136,-1.903720422021776,-3.4984542232295204,,0.347052847418827,0.4,0,3
-0.52255737341219965,0.81729889928125743,0.24280918583568289,-0.85056087177991568,-0.48001427628909149,-0.21478477123774217,-0.058991481499724559,-0.31876135868750477,0.94599746369541771,-2.7383346699112621,6.5790901813887208,-3.0728626276469919,,0.3208131104134282,0.1475409836065574,1,1
-0.90075305048590193,-0.42121870751007112,-0.10591856534095739,0.43432903294257774,-0.87439232047163473,-0.21632466582291285,-0.0014943839890308112,-0.24085861069053546,0.97055906387644342,-30.548363247878733,3.9944863593553803,-2.5416313151686714,,0.190548953458937,0.4583333333333333,0,1
-0.17760227392441366,-0.94442618196732719,-0.27661637534949962,0.98299748375227258,-0.1569347716146442,-0.095327983273334804,0.046619515587136395,-0.28884366753120488,0.95624053276021748,-27.270557278280872,5.1930911222420262,-2.5800258492043326,,0.5133276120922142,0.3333333333333333,0,2
0.55321546767341778,-0.83026275753712875,-0.06794409300097215,0.83120800558336427,0.55556449394231433,-0.021008201368660624,0.055189652843694072,-0.044853612089367785,0.99746792214162427,-3.3893935424206396,13.849786542829788,-2.6168464319158637,,0.0820551060159295,0.25,0,4
0.96229096424927241,-0.24637383744689945,-0.11530842270144614,0.26902924932725286,0.92467723264800805,0.26943510986662045,0.040241311243813686,-0.29029631007663831,0.95609031436641401,-19.333226820164803,6.4923449608825807,-2.7218107598159902,,0.3606949934398948,0.12,0,1
0.60498092916498203,0.78438005699357949,0.13691603827684196,-0.79615596651499454,0.59340937219523537,0.118325795891824,0.01156513420811988,-0.18059137072852466,0.98349021575669116,-10.756016482000232,-34.062422416859668,-5.0681556826477792,,0.6577942038543575,0.4117647058823529,0,2
-0.86327126404740651,-0.50061444093911045,-0.064404240490941747,0.50473364539190457,-0.85555057455188388,-0.11522656635229858,0.0025829981401863352,-0.1319787706684811,0.99124917766091725,-19.778981193906485,8.1272294176723925,-2.6276067923023483,,0.127950771463318,0.4594594594594595,1,2
0.60234056234150957,-0.76462493749333327,-0.22920417082031905,0.79559908673775137,0.59840147274024613,0.094539783183380105,0.064868637569860582,-0.23929977514745102,0.96877638156295376,-12.802385128401268,13.66380625268124,-2.4476927773972572,1.092316501953475,0.5347629731276632,0.53125,1,3
-0.3186107833805204,-0.94007119260792149,-0.1214632518186974,0.94698561892396116,-0.31010137370328783,-0.083996283123345547,0.041296564806949591,-0.14178607426702713,0.98903554176737851,17.272292289788162,6.0392313764093402,-3.242674266239336,,0.8065501731308962,0.1578947368421053,0,1
0.12892911324375375,0.97146698908525286,0.19907077353497266,-0.99045604700758016,0.1360156193973768,-0.022283855727094397,-0.048724764794684808,-0.19429781367164434,0.9797317270039394,-6.2403585074198178,-26.034304939898806,-4.8675406994155415,,0.7219315448017785,0.5833333333333334,0,1
-0.52309178961497949,0.83480262425452811,0.17169612160777728,-0.85224499766978257,-0.51062027841964286,-0.11377783269811571,-0.0073105118994435531,-0.20584341088410182,0.97855763581475808,-16.663536381088793,9.7123022899622491,-2.6002081872670813,,0.4604906005468843,0.1944444444444444,0,2
0.74462533704250911,0.66358003383778719,0.072073893513334208,-0.66739192800526004,0.74195140401077075,0.064001004053598431,-0.011005538049201924,-0.095758303965179606,0.99534377244947925,-7.52740963786019,15.473449680048532,-2.482043326085666,,0.462037970616498,0.2295081967213115,0,4
-0.96623136668910137,-0.25492974027445287,-0.037520308497033958,0.25745922889023609,-0.96110103790318335,-0.099997701976946379,-0.010568419245921881,-0.10628086594032445,0.99427998373175497,-11.366528627488265,9.0219543389136323,-2.803638856990196,,0.08379259726181051,0.25,0,4
-0.99940560379354015,0.022421366630695008,-0.026186283136059599,-0.019949500253433308,-0.99564048302715213,-0.091115563967402113,-0.028115059055747814,-0.090539001959771118,0.99549597316032423,-26.498050334643192,8.0643087680888819,-2.4103812863022447,,0.07779493771979068,0.2222222222222222,0,1
0.26019783973467481,0.93082985597155998,0.2566181276320379,-0.96456115043582213,0.26263920876133845,0.025346263849757467,-0.043804922866407706,-0.25411891951049714,0.96618047148526331,-10.713944825065877,8.0665108433068333,-2.9110691924929997,,0.4371392915714219,0.2692307692307692,0,1
-0.96263328182079966,-0.26191184306475196,-0.068842945850258755,0.26985812422507438,-0.94901956682964217,-0.16290627539847266,-0.022666219813661057,-0.17539683074931392,0.98423685881115808,-14.973574133030279,9.5537944829465822,-2.6448455790776588,,0.2454521943104354,0.3333333333333333,0,2
-0.94617630156002897,0.32331281050130828,-0.014806516536004361,-0.3208199724755898,-0.94295442292701392,-0.088946621875959545,-0.042719452559080884,-0.079408959495313472,0.99592633539078834,-13.527272146205599,8.5777659042454903,-2.7701799645788578,,0.1588369430673546,0.5444444444444444,1,4
-0.99995868727928205,-0.0047113050044684714,-0.0077735024183525018,0.0058222980671854673,-0.98870940011618258,-0.14973250471128227,-0.0069802994140731375,-0.14977157850223852,0.98869598446288665,0.93345097514260766,19.265091119530265,-2.299569504167029,,0.3909849369090171,0.4285714285714285,0,4
0.085979341233229867,0.99620286775392397,0.01368938128468563,-0.99513884531389651,0.08653359793977046,-0.047017177445303614,-0.048023238420839783,-0.0095803291413106527,0.99880027326043508,2.3614578518154743,13.200680836092449,-2.6750022287211066,,0.1958498721278518,0.2777777777777778,1,5
-0.96648823869719591,-0.25304037064473806,-0.043255696549331563,0.25627804639250901,-0.96084365151151829,-0.10536147439768208,-0.014901254887868351,-0.11291611122416523,0.99349278026001842,6.4669296138713728,6.4279702513180235,-3.1665695774954372,,0.1150320740982555,0.3461538461538461,1,5
-0.9382455263424716,0.34595617074406237,0.0031080898382852442,-0.34309868108089669,-0.92926577118855935,-0.13692487552625768,-0.044481764116174029,-0.12953553343170771,0.99057655849493831,-19.702024117939054,5.2610055210582249,-2.8052850062734174,,0.08418635616472048,0.3902439024390244,0,2
0.97965030076090365,0.19670515366536157,0.039904520302315248,-0.20021853846827109,0.94380129440647387,0.26296701985285964,0.014065030135084406,-0.26560534482225961,0.96397924029988769,17.597286837906193,-3.5589589876157746,-3.7468253134075331,,0.5901103696086571,0.576271186440678,0,2
0.79517053180248465,-0.57614305076470063,-0.18911110598930295,0.60020014456738402,0.79223707296188894,0.1100918102588479,0.086392197646809735,-0.20104627646470385,0.97576471698121625,11.841706154564603,-20.900088385865899,-4.630902101978422,,0.3808680530735147,0.1538461538461539,0,2
0.21638614637726872,0.9519496874164366,0.21672292975996527,-0.9747578210539195,0.22315619051415678,-0.0069645480416174977,-0.054992962733515567,-0.20974533907326048,0.97620831116459605,-9.14624966460911,11.182590836156894,-2.753305437144836,,0.4589428398426472,0.1914893617021277,0,4
-0.75742785615450658,0.63183151360429701,0.16459641896983107,-0.64992341964323264,-0.75372256145823235,-0.097477427890198115,0.062470723706675904,-0.18080718670823112,0.98153256182065629,-26.65795046849999,4.0966752450818378,-2.6659166204174998,,0.4651965269122768,0.65625,0,2
-0.91625849790954672,0.3985641798821779,0.040211435231643347,-0.39818303010226208,-0.89517663396449221,-0.20027248573526824,-0.043825101792498676,-0.19951287807770451,0.97891469083573823,6.5823578870366841,-32.014253427529269,-5.1016620984090792,,0.3658885991808906,0.4193548387096774,0,4
0.39240815772523091,-0.91866994241906696,-0.045402363886021826,0.91801166033108506,0.39424056853841993,-0.042766407549250901,0.057187666912154135,-0.024898012255035046,0.99805293433709896,9.4075004785503751,10.715173243863289,-2.9568258077075433,,0.09536847971603743,0.5652173913043478,0,4
-0.3879721917755567,0.91756626268822028,0.086889193719608057,-0.92023654074546912,-0.3803853233594649,-0.09204191898004474,-0.051403185559695294,-0.1156683160986112,0.99195693110398142,11.518520843615008,9.1321530868216261,-3.0184945648257551,,0.1794297861851227,0.4761904761904762,1,5
-0.52039519466684703,-0.8398259281196373,-0.15453560051212964,0.85390943911158057,-0.51068143157832036,-0.10021549399800335,0.0052451085594913422,-0.18411106946380909,0.98289145023094626,21.540411096283808,-4.9826680042296108,-3.7499596897965413,,0.2865131831478522,0.1666666666666667,0,4
0.98766648214020381,-0.13949673173145316,-0.071102615233467031,0.15335184612883945,0.95348473518554799,0.25951892234868607,0.031593216766771723,-0.26722185839558416,0.96311699551505159,-6.635064899597074,18.532882987591773,-2.2930982684972001,,0.4181335900412416,0.4545454545454545,0,2
0.94034195177707325,0.33885485411161914,0.030567982810085687,-0.33981310773514861,0.9309384624291307,0.13371847658968752,0.01685424396004527,-0.13612849450089354,0.99054781179176599,4.7935090614004263,-24.14158750657505,-4.7323141603723418,,0.5936231091768389,0.125,0,2
-0.6842056675523922,-0.71102068668375085,-0.1622103190211775,0.729122774187133,-0.66216423883962261,-0.17296965330254252,0.015575129240033733,-0.23661805491067284,0.97147790064388284,-20.415361235585397,18.417752614659367,-1.95371634297353,,0.2904324965614898,0.1379310344827586,0,3
0.52929172407252911,-0.79205548076398569,-0.30413547346546305,0.84653538029662512,0.51701253267653524,0.12679073689131762,0.056816553348283678,-0.3245707264174118,0.94415344241203492,-11.536551317505234,1.3562868072525269,-3.3854402860895578,,0.5433286689858827,0.3958762886597938,0,2
-0.29811594046863332,0.9114335064565956,0.28357688436601824,-0.95274754608087764,-0.26597937434095942,-0.1467211159378867,-0.058300938889260544,-0.31391708416941516,0.9476587280193246,-24.418384475145043,4.2090656311057231,-2.7291080846964531,,0.7004137348023634,0.3142857142857143,0,1
-0.25435517077578851,-0.96642441353874597,-0.036432128896207644,0.9662128548925607,-0.25231557672216998,-0.052626692692269793,0.041667327007947605,-0.048587062677725772,0.99794946324969969,-9.4228010136362474,8.0193822021517853,-2.9594090690175139,,0.06925517929883718,0.3650793650793651,0,2
0.53558772806917943,-0.83037568009262031,-0.15369455244872343,0.84194563146936929,0.53915092719231383,0.021067305411789798,0.065370782398103081,-0.1406858472568826,0.98789379651371112,-21.180181407639516,5.9102922386336534,-2.7207142073113459,,0.2039186962527483,0.4848484848484849,0,2
-0.65418488880366499,0.75632036485881515,0.0046515546611010867,-0.75414784943850366,-0.65181374109923684,-0.079999175630109623,-0.057473058455389046,-0.055842211758183179,0.99678407638652511,-16.599790356712717,6.6268133206369235,-2.8065755800904713,,0.1086512608046567,0.5428571428571428,0,1
-0.47027641802817371,-0.87577825860836078,-0.10886933634176735,0.88187332653287187,-0.46162412409733211,-0.095930203800561539,0.033756874802574777,-0.14112267642118126,0.98941642578000766,-17.154624137573673,-30.786510829392437,-5.0316485491874605,,0.1252129510720533,0.3076923076923077,0,1
-0.14200001085063435,-0.98790567343999947,-0.06227661923612756,0.98869417451775532,-0.13848958311132453,-0.057484473071486297,0.048164574046436169,-0.069735326447313742,0.99640210660767503,-2.7479927141889413,8.442101824735003,-2.9632662801391727,0.1168713906839116,0.09176615598643199,0.32,1,4
-0.68545758187903438,-0.72364070503788192,-0.080573155931895596,0.72783953222905939,-0.67796203664096888,-0.10303927502761059,0.019937872733394046,-0.12927338042268458,0.99140853049838185,0.56896282416461641,6.6388912948731473,-3.0660919019768214,,0.06763997462668414,0.1702127659574468,0,5
0.57959388775670329,-0.7825556973906026,-0.22732686985171061,0.81289854399176553,0.57478071740141878,0.093931273171279014,0.057156648354647663,-0.23923567331193973,0.9692777776075574,16.300106016208698,-5.0617213058212149,-3.896706526757117,0.5303705180985437,0.2564922669646294,0.3243243243243243,1,3
-0.22502031802340769,-0.97273534908220782,-0.056140868559019307,0.97325609877822516,-0.22165874696205232,-0.060332131457494199,0.046243082376025743,-0.06821539812336759,0.99659833272549503,3.1698306334859949,9.4637843006185225,-2.950887035126831,,0.09244312847615288,0.3469387755102041,0,2
0.96807195647491684,0.2456550377294574,0.049902800772758188,-0.25038624183794767,0.93810119061026931,0.23931754234461025,0.011975683074274686,-0.2441715761789944,0.96965809665117042,19.857192178059812,3.3672447598718089,-3.2982251832720388,,0.2857454731429311,0.2068965517241379,0,4
0.93580245772503012,-0.32771080559506971,-0.12992069893601915,0.34986534177733419,0.90855326325358154,0.22830946203409455,0.043220397254336185,-0.25910730543058547,0.96488102973044254,6.8507336094186764,-26.343826583243107,-4.8142883739070728,,0.3758072619170875,0.25,0,2
-0.97333179244419921,0.22868739928136739,0.018091302531517361,-0.22928502466932918,-0.96728922647880988,-0.10853538501526216,-0.0073211528974366372,-0.10978900558776566,0.99392795260637612,0.63828015317792253,14.169645138027859,-2.5933530766360056,,0.402503743188968,0.1666666666666667,0,5
0.99694765775444971,-0.067785309110995479,-0.038736540457861651,0.06769768419051235,0.99769949027847515,-0.0035708056951498221,0.038889474837781129,0.00093753229152652366,0.99924307842488669,-24.269786602602519,14.926723290307187,-2.0110235881491443,,0.1377841573893152,0.3571428571428572,0,2
0.79524551349002093,-0.60044334885812423,-0.083978319142704594,0.60393362160053599,0.7967158797878261,0.022538580132103487,0.05337371988585532,-0.068641035146269846,0.99621265516936464,-13.064297167578504,9.9830863144532582,-2.6714350440197037,,0.5817021360574256,0.186046511627907,0,1
0.11700423119272867,0.99040081480251108,0.073595080824198578,-0.99191571214198959,0.12020520956062421,-0.040668508705587372,-0.049124636271920631,-0.068241729411030155,0.99645864765084136,14.352518607361652,-7.8808173532818149,-4.0436013544876097,,0.5139511187380467,0.3043478260869565,0,1
-0.9162700911256868,0.40035779374485259,0.01275762894427898,-0.39793506100877279,-0.90616060496557294,-0.14325028875493373,-0.045790908797164187,-0.13633266298353303,0.98960426316550842,-25.169217057440232,4.6940691727578203,-2.7059636442257964,,0.07079223253583966,0.2105263157894737,0,1
0.088904713591302753,-0.93609681119712873,-0.34032148325930789,0.99452939123646944,0.10223889732964377,-0.021412562659251226,0.054838324810904275,-0.33655603982009519,0.94006531166326335,-27.785864268837248,6.2119001841763923,-2.4921308076359123,,0.7233754452847931,0.2909090909090909,0,1
-0.99665588401469585,0.078852190543752379,-0.021433173011430041,-0.075614709177951406,-0.98941075035694959,-0.12389020475418182,-0.030975225823550525,-0.12185523839602072,0.99206443150665891,3.9857060543496186,9.4238875255367169,-2.9528897694998162,,0.4284224540602009,0.6629213483146067,0,1
-0.78636776073089032,-0.60460165371637742,-0.12681713293758679,0.61771916107858693,-0.7672495536320818,-0.17248524715969485,0.0069844770351657828,-0.21397421053668089,0.97681433973184106,9.1075616916812407,17.780532901358558,-2.4722551959820258,,0.2789409227066781,0.4166666666666667,1,5
0.020716247631730352,-0.95961986825337198,-0.28053617509590695,0.99896728813019509,0.031216781604118695,-0.033013176037526348,0.040437536149780164,-0.27956255292807247,0.95927555200290293,-13.79847772234282,-32.635846339192703,-4.9471544201531854,,0.5317983225368639,0.3157894736842105,0,2
-0.72187873927306989,0.68791477519687527,0.075261861864794999,-0.68995441383645362,-0.70705949640180832,-0.15501540367207695,-0.053422772420745258,-0.1638295779578697,0.98504105334398517,4.4761071056717947,11.68753815434785,-2.8129137563502717,,0.2515687861316767,0.2142857142857143,0,4
0.4363577472082466,0.88130296047575118,0.18137532441879436,-0.89798627517642027,0.43924956287141842,0.026085841217971719,-0.056679502874718228,-0.17425531089165397,0.98306791249634984,7.8960755588048546,-20.636617758728089,-4.6331254019746337,,0.4725314994317526,0.1666666666666667,0,3
-0.016551208972236019,-0.98987116872565606,-0.14100044967041891,0.99871772846873641,-0.0096193015977703977,-0.049702795484940117,0.047843038404808955,-0.14164229016248686,0.98876109617729269,15.348930917787323,8.1656502507311135,-3.1386440514466662,,0.2650286765520013,0.34375,1,5
-0.45465018620300734,0.86671344447926879,0.20518531464130577,-0.88894438997116398,-0.42723041452534821,-0.16508193251623315,-0.055417323323719576,-0.25745286571211468,0.96470044169796776,-13.500665857711459,6.2596343300478443,-2.9258384978879119,,0.3321311548150888,0.1428571428571428,1,4
0.98320194291706564,-0.18002780846342595,-0.030065389137049158,0.17948044186748691,0.98355761380399653,-0.020029760738449174,0.03317695632751444,0.014297150346971663,0.99934722747441385,-7.9592583893144289,-25.418063414307149,-4.8409696337759138,,0.1773422841318895,0.8181818181818182,1,3
0.77170012471535054,-0.63135307987513112,-0.076630320673333266,0.63404009441626541,0.77315293260535134,0.015089780527157882,0.049719977744615187,-0.06023148126960394,0.99694538088961726,19.832307111490369,-21.822858265722878,-4.6705981464294615,,0.4897078764592456,0.375,1,5
-0.68942575296351716,0.7154994243416356,0.11292787484707191,-0.72363788300749077,-0.67337845068342728,-0.15135942795751145,-0.032254386168785419,-0.18606997587460447,0.98200693411548778,-2.5750991532816352,14.692714744485405,-2.5688343138168488,,0.4156978414054618,0.12,1,5
-0.77974465688554451,0.62609270407888395,0.0024891680609070901,-0.62329945927204011,-0.77587818472246728,-0.097523466627019384,-0.059127439735091623,-0.0775948991297747,0.99523011283793739,2.7549448823170719,11.62002822074405,-2.7823955146291968,,0.3058705923837567,0.3225806451612903,1,5
-0.81944797159339544,0.57117109357297868,0.047629861621847777,-0.56847927189897385,-0.79936222155809311,-0.19455424993281922,-0.073050251694854226,-0.18650367452776029,0.97973467842827799,10.738556860614684,8.256898944586327,-3.083360700915903,,0.4377340216280307,0.1818181818181818,1,6
-0.7938151493995792,0.60678316953135258,0.040886351722913994,-0.6066488614860891,-0.78531729752330748,-0.12350668430624044,-0.042833018121022456,-0.12284513577743048,0.99150108682465365,16.986838426260825,8.4804008273015281,-3.0907559568924059,,0.3098623940969344,0.7714285714285715,0,5
0.87444904665508838,-0.44341381393149409,-0.1967817431031971,0.47761071495244078,0.85799139965140292,0.18904698645269377,0.085010997915710429,-0.25929702608968097,0.9620489501550441,-16.677156672219009,15.017088297042854,-2.2355516081212485,,0.6932989106902924,0.3214285714285715,0,2
-0.018754042324413044,-0.96052868910061229,-0.27754805585907738,0.99846417293381229,-0.0035186689276653976,-0.055289369109949194,0.052130425512294111,-0.27815868921109921,0.95911947240803663,-29.370295530139902,-0.74874709315643873,-2.8765148937810703,,0.2088209411075645,0.8,0,1
0.061727422024888033,-0.96689548047273877,-0.24759413404107966,0.99429215250741942,0.081198842594060905,-0.069208839200980199,0.087022070949406755,-0.24190882125870425,0.96638878375367154,20.456154994375197,-9.3853021974875759,-3.988258580372892,,0.5525555353654328,0.3529411764705883,0,2
-0.99952056854178561,0.030939477742959305,-0.0011754909177947781,-0.029534507607126566,-0.96415107906531627,-0.26370515656238197,-0.009292250658988763,-0.26354401046917902,0.96460261694830129,-14.978064894759067,8.009952719835054,-2.7539584324014639,,0.6045235310143245,0.6224489795918368,0,2
-0.5728397898522144,0.81567551003302707,0.080796271537938114,-0.81757844585191486,-0.56156437425672201,-0.12732218362887296,-0.058481279401521237,-0.1389925030281054,0.98856513394998113,-18.577384999156386,8.5859317530482482,-2.6204767812708165,,0.4893902896754419,0.8175675675675675,1,4
0.99436010079784753,0.10587395652657274,0.0062205522827630732,-0.10386453921860508,0.9602687211228188,0.25902922755174163,0.021451047391678291,-0.258214423614473,0.96584945203859018,-14.93641231848061,12.909261295320441,-2.4673123408191091,,0.4324504115259048,0.3,0,1
0.88716731204087218,0.45587325368611059,0.071510397983881965,-0.46142161642569079,0.87805360920929787,0.12693286118901215,-0.0049246666158184599,-0.14560712869968034,0.9893302339110831,-14.933788742656542,-27.827564012438401,-4.9140145153036077,,0.1206105473163051,0.2083333333333333,0,2
-0.88719487399900121,0.44381843856272418,0.1261366288658532,-0.45886869402427838,-0.82015699708386769,-0.34173384640510268,-0.048215943362645966,-0.36106466695886819,0.93129347097439297,-7.4864960186758269,-23.718153946203383,-4.8022755422355141,,0.3591774029152483,0.4047619047619048,0,1
0.98534447153144378,-0.15983248928948879,-0.059580599106976419,0.16683259622119578,0.97579595952249709,0.14138292053025919,0.035540923743147969,-0.14925086514689143,0.98816042320687458,8.7255272151916952,12.441788973751988,-2.8500111684834213,,0.4988474502038007,0.4347826086956522,1,4
0.51015137326972715,-0.82053729284367882,-0.2578063758012562,0.85888625688689679,0.50183376260489676,0.10235854844920438,0.0453869373479577,-0.27364470717077521,0.96075938723261722,14.501994729159172,-6.7000455580880613,-3.9823756959085239,,0.5108940089649021,0.4666666666666667,0,2
-0.48234880635190408,0.86275393735542905,0.15164192226623388,-0.87262203281209272,-0.45810432734036888,-0.16932576036421659,-0.076618645653556139,-0.21400016086380266,0.97382417010900002,-5.0694124775249891,11.667744567026945,-2.705961079998882,,0.5365800195128113,0.2753623188405797,1,5
-0.60068742726153301,-0.79068570618691503,-0.11828241104077974,0.79948127790842438,-0.59369112518679978,-0.091435956539779761,0.0020738861669237531,-0.14948900262604978,0.98876121338270329,6.4450573219237217,9.5764098509865612,-2.9652638666530176,,0.1459466540783783,0.2222222222222222,0,5
-0.38544524302423461,-0.9163835844494832,-0.10804207875409154,0.92244442666596005,-0.37975865235995232,-0.069854460635390109,0.022983566801022468,-0.12658788294805126,0.99168909621303869,-5.054581963986867,-24.92353577894767,-4.8460236170924977,,0.4990574139064275,0.5526315789473685,0,4
-0.96677717544105168,-0.24358032354143228,-0.077527537234665669,0.25530390865795155,-0.93519111628696872,-0.24543327044617486,-0.012720348666355396,-0.25707236724584781,0.96630843457377646,22.981432817579897,8.7106691429090723,-2.9784400191459195,,0.3718675705303437,0.12,0,1
0.018628859517977183,-0.98951863954696284,-0.1431985599864268,0.9984132914726519,0.026022964593005033,-0.049937007564892305,0.053140050844954753,-0.14204107611151787,0.98843334003526873,-0.037154722010485648,7.6463917854263315,-3.0157872056824226,,0.9487052813110046,0.7028112449799196,1,1
0.99772205791197599,-0.050644296558417318,-0.044562881212899093,0.056778485774658827,0.98715278876008605,0.14935051120208054,0.036426620884028399,-0.15154051230376978,0.9877796183469687,-12.435336519401472,-28.410067510420241,-4.8580917038557132,,0.2432987407345654,0.2857142857142857,0,2
-0.80715869670101525,-0.57944137720450273,-0.11288280968893492,0.59026187127594043,-0.78916742337545254,-0.16972242397743284,0.0092607590263718825,-0.20362334902043838,0.97900550053406621,23.94448936716751,5.6931583079718937,-3.083164946987905,,0.124030259421042,0.2857142857142857,0,1
-0.55837287742910635,-0.79201828919936457,-0.24683346475964249,0.8285940817825882,-0.51786876460266529,-0.21270587740769373,0.040639603669419898,-0.3232939408999479,0.94542553931601181,16.53204499242235,6.642609843077282,-3.2393847421916613,,0.4464247210099592,0.4186046511627907,0,3
-0.98561552577008138,0.16895592973819462,-0.0039911360874295993,-0.16754352741510686,-0.97992806965017631,-0.10802844409220677,-0.022163072491635412,-0.10580582270358255,0.99413979203115554,8.0415799881101986,8.9689882683643223,-3.0724700445868964,,0.5203021263392701,0.8620689655172413,0,2
0.70739323104932172,0.69568534471640653,0.12496686685844666,-0.70658855597075876,0.70054735914113742,0.099829906198180648,-0.018095005851339142,-0.15891915789858158,0.98712576301910349,2.5186535292701273,-26.637380743526265,-4.8987293024038383,,0.4496712550594001,0.3793103448275862,0,1
0.2012430696068549,0.97111264354529125,0.12822425855386119,-0.97906569425267465,0.20349339995399476,-0.0045609771642604923,-0.030522012920839975,-0.12462210767612798,0.99173471100169774,25.888034161370783,9.2739369533556761,-2.8856387801576577,,0.1809654879946743,0.5384615384615384,0,2
0.99097666656161687,0.13399366445774877,0.0033082042878752977,-0.13260890338357947,0.97654770846933103,0.169615600186726,0.019496796501746797,-0.16852379941267379,0.98550474578141278,-4.3022553077329935,25.75106303329056,-1.8538433566144248,,0.3059918272647665,0.1764705882352941,0,2
-0.9841520216875207,-0.16986442412677377,-0.050900644636827537,0.17572000334200366,-0.97274815266067693,-0.15127297154722075,-0.023817611841897113,-0.15781986222056962,0.98718063820905089,-11.948203436371669,6.7496398654143448,-2.9804362767752832,,0.07641087810354545,0.2972972972972973,0,3
0.32681877615951699,-0.94175382767428073,-0.079304574965361682,0.94257252542544634,0.33091671572344977,-0.045289751245750645,0.068895006079483317,-0.059948772428187427,0.9958210797234921,13.695386358494957,13.003721001735789,-2.8292701992182754,,0.1479382213407205,0.5333333333333333,1,4
-0.98323422007741956,-0.16985180291343352,-0.066338778371359056,0.18007145256761997,-0.96172504667343606,-0.20654105299229206,-0.02871829449907418,-0.21502395133573735,0.97618643706672703,1.1864536250771456,9.0031228787548976,-2.9385497964010976,,0.1896132906586602,0.21875,0,2
-0.79747061801288843,-0.58809494936652218,-0.13485156260024861,0.6032714070389813,-0.77340443128533787,-0.19470283797985569,0.010208959562497009,-0.23662188444391613,0.97154817736788579,3.0866523750951571,4.3856696973853451,-3.2708707874011274,,0.2436111971280007,0.2207792207792208,0,1
-0.13075807326298927,0.96532884134196772,0.22592599308163969,-0.98978335684687591,-0.11404228389804882,-0.085576071376566532,-0.05684393358557354,-0.23480755004192536,0.97037837035757779,4.1931268284998113,13.488623755980431,-2.7087933426438195,,0.2152674088112375,0.4285714285714285,0,2
-0.61998161889348991,0.78364645524562115,0.039000325834281542,-0.78246672358245895,-0.61384190566256658,-0.10461329427315219,-0.058039802897146345,-0.09537477671544857,0.99374797270039228,11.112655507766656,11.037631743648781,-2.9506072701794861,,0.1780307241790307,0.3333333333333333,0,1
-0.027797652000570803,-0.9464044010439906,-0.32178564329040743,0.99826662918874753,-0.0095769518256513687,-0.058069088522775758,0.051875115338589593,-0.32284205376359398,0.94503014805365537,-3.6000281912219467,21.055882150496288,-2.1864935691174341,,0.4394225493095011,0.1538461538461539,0,1
-0.90738370080539332,-0.41847939523729538,-0.039112853060533206,0.42012269740551145,-0.90033077490708446,-0.113584395406786,0.012318223793408864,-0.11949682638896927,0.99275816281989826,-14.446329191642986,8.7011569248052929,-2.7380967626475599,,0.06378400280850699,0.32,0,2
0.5032465387883126,-0.82941406026421127,-0.24251853090767683,0.862121053693507,0.50107823664744744,0.075285387271911183,0.059077999085788854,-0.24696744197225468,0.967221211838171,2.9849620838771806,-24.395891270936474,-4.7743357334913128,0.5762651680552762,0.5884538918083975,0.4285714285714285,1,1
-0.80010406108415877,0.59607553319203288,0.06728632971465684,-0.59770728477048141,-0.78270268405333687,-0.17355837665754012,-0.050788711038327244,-0.17908229143479096,0.98252228459487345,-13.676973671872791,14.724238213658564,-2.3471374224355634,,0.2816707947107291,0.24,0,4
0.84070566938391245,-0.52888960987332334,-0.1161454176185671,0.53906777438243747,0.8377372575336598,0.087190721767561721,0.051185076810660826,-0.13591198588802414,0.98939780675108668,-18.666328180308572,-29.965346901158192,-4.9955435170337079,,0.6481985576384749,0.6285714285714286,0,1
0.60453491490113787,0.76923940203588748,0.20690161676734872,-0.78596062892852792,0.61827256831207078,-0.0022183433159605561,-0.12962803107254844,-0.16127545885305908,0.9783592386909773,-7.0998451440171548,-26.264768169688761,-4.8487515832521906,,0.3618089406151705,0.3777777777777778,0,2
0.98669751983738307,-0.14818391015886481,-0.066854566910466526,0.15886376965901464,0.96618865522228126,0.20308073569269594,0.034500826605809068,-0.21100002675305174,0.9768770043734919,9.0722748572793321,-18.592029136439869,-4.5168154347557214,,0.1496901473621198,0.25,0,2
-0.89646540179021428,-0.43965472001707667,-0.055258579060777108,0.44302645142927199,-0.89176732772754863,-0.092079294804286102,-0.0087946988065023927,-0.10702691420560387,0.99421722621795783,-3.1831189963832358,-26.232637011712889,-4.9684676271028412,,0.1340339505370167,0.2173913043478261,0,5
-0.96468996573277199,0.26326505644011849,-0.0080486068412235021,-0.26068261079691635,-0.95870366062109758,-0.11371836940358852,-0.03765430178089494,-0.10760483803848644,0.99348042375685741,5.1063997865584874,16.151641867374224,-2.5408481630326967,,0.3476745058792081,0.1481481481481481,1,4
-0.9143299901273324,0.39621040958809217,0.083773387706288241,-0.40235222641584495,-0.86528788078181573,-0.29898088445639226,-0.045971241575189704,-0.3070735981912972,0.95057479991944094,-11.789733823524564,-31.650208125235729,-5.0497405872860766,,0.4805259686299194,0.1818181818181818,0,1
0.79953499941968009,0.58239667207886558,0.14682609119102066,-0.59993648266484989,0.78605041110658347,0.14899989250633458,-0.028635667806076494,-0.20721695768115411,0.97787582595065037,20.085384928609425,1.9596480633802702,-3.3728017552471075,,0.259206402019758,0.32,0,2
-0.96652018121411176,0.25579841478512599,0.020147215670093692,-0.2535260241459405,-0.93992908094877869,-0.22859982035762091,-0.039538517759175995,-0.22605418328401078,0.97331198073033431,20.925556847792986,4.3951815700505037,-3.2446412671051434,1.119011578722142,0.7782447073131381,0.2741935483870968,1,1
