axis_00,axis_01,axis_02,axis_10,axis_11,axis_12,axis_20,axis_21,axis_22,location_x,location_y,location_z,dbh,dbh_approximation,score,reconstructed,number_clusters
-0.14827311126463116,-0.98349315039952123,-0.10371262022113253,0.98885675479823609,-0.14885455016929208,-0.0021543871054836724,-0.013319270468343063,-0.10287636274248946,0.99460497234986123,-10.989610762871623,7.7029948216454489,-1.945471767909162,,0.08005810258556013,0.2792792792792793,0,3
-0.99646412110486482,-0.0084576425994794969,-0.083592605129693895,0.014730674134948328,-0.99709622641343065,-0.074713603256880687,-0.082717970177219796,-0.075680800430202103,0.993695201687119,-5.6962162971296575,-14.113250998096131,-1.6465270217235151,0.2130710270765152,0.1739843479254974,0.6333333333333333,1,5
-0.6923357248899723,0.71577431131239144,0.091314726667438686,-0.7175100009169626,-0.6694855221996483,-0.19227203163540141,-0.076489493560995436,-0.19863602601324928,0.977083971081527,-11.268249202332784,-2.3082441839090562,-2.0108119401031894,0.3582736355752587,0.3576102575550781,0.1837837837837838,1,4
-0.95388584094607465,-0.26079541143960161,-0.14861882725499603,0.29036886950468788,-0.92718760368970421,-0.23666234847713896,-0.076077079762375988,-0.2689031441545342,0.96015799585205552,-13.494615985084824,14.711108600313102,-2.1130716667396752,,0.09544089062106123,0.4,0,1
-0.40770154365429317,0.91244754173071352,-0.034913248079839143,-0.91248066287068763,-0.40854551795904204,-0.021670247867713981,-0.034036615416001288,0.02302267024382227,0.99915537603811511,-3.6226477099552481,17.236180714457653,-1.1209289215744165,0.3888501828054868,0.2588168885541508,0.7538461538461538,1,5
-0.86182208761255674,-0.48610149769909333,-0.1448033951184641,0.50348570634606604,-0.85442495499549886,-0.12829707629616213,-0.061358233419309911,-0.18347569380067422,0.98110745434739377,3.117566104900058,-2.5286819693237774,-0.95102228589912796,0.1459826214365082,0.2249672718770936,0.4060150375939849,1,5
-0.20612528868077568,0.97835961687553163,0.018022914121478401,-0.97835922565081701,-0.20571564217051494,-0.022232861945911505,-0.0180441389431646,-0.022215639390661575,0.99959035330292345,-15.859708492436623,6.5045701540065002,-2.3137739845410463,,0.1078621569197277,0.2,0,3
-0.97366002790108941,0.22449172676040149,-0.03986997220696429,-0.20635235552062761,-0.9419960638235032,-0.26469250293900615,-0.096978633929022937,-0.24949324711735266,0.9635083103970099,19.66178170008401,-1.2275054973104265,0.4716397619738506,,0.278103021057128,0.375,0,3
0.47283163529257943,-0.83113691272503232,-0.29264599257882862,0.88036219796532789,0.45965833804031575,0.1169470506839396,0.037318159925195486,-0.31293073446997388,0.9490425229481978,2.984168716426753,-7.144677556456819,-0.98016560875290082,,0.1111167341039845,0.3,0,3
0.99486437270208805,0.036523968434351295,-0.094397455780805287,-0.033493363341684138,0.99887758907097368,0.03349263596407457,0.095514787023499678,-0.03015894198354133,0.99497103660271935,1.529606056505326,4.7184664682038422,-0.99073221110038689,,0.1112108647245485,0.2857142857142857,1,5
0.91698076393056172,-0.380348914580522,-0.1203369509283936,0.39099616233141371,0.91674236890727678,0.081886690569233103,0.079172467584575398,-0.1221398060735864,0.98935008371601008,-1.5309939667930539,9.7278303524330898,-1.1646238013388923,,0.2142396035427027,0.2,0,5
0.48618411810680073,0.87110747672003952,0.069258698393478021,-0.8729875214549444,0.48063935963357823,0.082937285674038949,0.038958833204624725,-0.10078477054332233,0.99414518021356635,-19.130912655824432,0.49108611786295076,-2.5467589111602797,,0.1344737275644867,0.2413793103448276,0,1
-0.85221991329045821,-0.48317901769389826,-0.20064709380293258,0.52070203286631722,-0.82063244253407486,-0.23543956173388142,-0.050898058510005444,-0.3051236325178977,0.95095160577128945,1.1928103393805305,8.7564426895752803,-0.94177158931434801,,0.5289131177833017,0.4491525423728814,0,2
0.89083904334451247,0.45039415452137427,-0.05958946573019535,-0.44833334175195455,0.89272849464828885,0.045089350367075801,0.073505193874710231,-0.01345140944199928,0.99720411454098223,-4.2341391558158898,7.7574001569502817,-1.4410517781264598,,0.08454963378894573,0.2063492063492063,1,5
0.99205278532006369,-0.085079596222286127,-0.092696998038532361,0.089231005184521692,0.99514211113563655,0.04159334511995378,0.088707941315661218,-0.049534240189594736,0.99482524103300463,-23.72567689264212,0.64793796907263645,-2.8787264694562285,0.415136413440902,0.3443463783317731,0.8494623655913979,1,4
0.31239410230784526,-0.93794353842872225,-0.15057172232223501,0.9496648500554179,0.31225244625518755,0.025200840796927131,0.023379422843525982,-0.15086526613989032,0.98827783242367828,-1.9268071673836848,15.036786322832052,-1.047490616813725,,0.08660368820308247,0.4444444444444444,1,5
0.80739832777885467,0.586699059247764,-0.062387131507227918,-0.58643293190561308,0.80962942141888772,0.024425731299304712,0.064841010760921677,0.016864573837130453,0.99775309043510152,2.766583770321263,4.4625379350702046,-0.90416943358758051,0.4192272848393265,0.388363299863096,0.9794168096054888,1,5
-0.023554333582808402,0.99664479584807042,0.078385867848930438,-0.99941151172871168,-0.025430258565606188,0.023020255720113285,0.024936390949830384,-0.077797511902673283,0.99665727486842348,-11.132760604275321,-6.1239213536180657,-2.0058081439064925,0.3567186057739128,0.4507478843987167,0.3883495145631068,1,5
-0.16924857646140343,-0.96398580312405435,-0.20514943514682413,0.98552426262448345,-0.16761160461369559,-0.025461299599411961,-0.0098410946676311586,-0.20648903451296072,0.9783994232835832,23.446810476699543,8.5915332626914687,0.9978145151724207,0.4847704428558715,0.3812378623192561,0.5666666666666667,1,5
0.99138659799112727,0.10567863696702473,-0.077360448630882969,-0.10444500261276943,0.9943328689226868,0.019833991257392079,0.079018065989989075,-0.011583240857874095,0.99680588570615425,-15.712391873806276,11.468557210785168,-2.2628764113631816,,0.07573458613082884,0.3636363636363636,0,1
-0.98665958277321941,0.10341770946615429,-0.12572845775937641,-0.071652924717271332,-0.96934302214056511,-0.23503183573051775,-0.1461804573164219,-0.22288760126164522,0.96382176314015222,3.9972789551327161,7.2056250244652214,-0.75104958830383728,1.08875240447728,0.8257597699841375,0.5,1,2
0.96551144794104415,0.253687598761627,-0.058568303111403951,-0.23828140644835757,0.95164271695996827,0.19390232231214585,0.10492671364234274,-0.1732591743360519,0.97927097540599473,-14.065742712968568,17.488563127510883,-2.0499798769118489,,0.4863791996802568,0.3125,0,4
0.30447810651938689,0.95243494947510421,-0.01267870926894016,-0.95232158594705063,0.30465914139712019,0.016321902538151734,0.019408235099161134,0.0071045465391482788,0.99978640010194664,13.07703443620175,-1.7938937452109223,-0.086742958112381877,,0.0998618511493861,0.3,0,5
-0.81813106016962789,0.5720515305217293,-0.058468921774469898,-0.57078842156192111,-0.82021463542249906,-0.038059553985678111,-0.069729091465274951,0.0022356803181911205,0.99756345940343227,7.8815168682457966,17.300069772260514,-0.12926663307655575,0.3949513343276213,0.3159547449502604,0.515625,1,5
0.99565944474462464,0.059657682273013948,-0.071436902484905307,-0.048649091572846991,0.98794121413376201,0.14698783386744829,0.079344413665755328,-0.14287448464200997,0.98655529275267539,4.0417396398008325,12.755269733209072,-0.59042397446935913,,0.6069283952802019,0.1,0,1
-0.96807930747375126,-0.21104920234270377,-0.13520609687307336,0.23846049415838477,-0.94166400505670711,-0.23749840906056793,-0.077194864899689367,-0.2621586080430518,0.9619323349706298,-13.962386939008278,-9.1509344497278846,-2.2251365248119948,,0.5622703053747803,0.57,0,1
0.9967996542877634,0.013836912801532764,-0.078733658977078513,0.0083740879675126851,0.96141312827028813,0.27498122015921617,0.079500464542721264,-0.2747605077766121,0.95822040236254113,9.9797213708300561,-15.088110596230569,-0.54932908716559492,,0.2632899079020095,0.4473684210526316,0,6
-0.50101314247057505,0.85706550741299081,0.12010223592702853,-0.86506736454491884,-0.49188157987435488,-0.098544234634080158,-0.025382786905053505,-0.15326848137572477,0.9878585357963513,8.6400538639762967,-1.2419333840877291,-0.46439447411521334,0.6971856551515402,0.6718653676324829,0.3134328358208955,1,5
-0.63972979883505499,-0.76083673798071316,-0.10896440988381126,0.7671407598031903,-0.64079758812090248,-0.029555129961095463,-0.047337502374367804,-0.10249833753432878,0.99360618540327861,-10.517644183850265,-13.168114175905373,-1.9783279144339967,0.3671194493412441,0.2251858340435475,0.475,1,5
-0.40616051563504502,-0.87052880677628941,-0.2778726904748357,0.9137471520313647,-0.38357974743429535,-0.1339131043356534,0.0099888784977995287,-0.30829559505593268,0.95123816595817035,-12.95796039603845,-4.8178513170746093,-2.1368324526009959,,0.2621474860336472,0.2142857142857143,0,2
0.46264049401854235,-0.8788212770303,-0.11677729373946277,0.88600600879940472,0.46292670128833402,0.026310104630189061,0.03093744762628476,-0.11563750374828728,0.99280956988802049,-6.0691559316070398,-19.507966059799283,-1.7151079440189176,0.2007025731276939,0.1154234866905302,0.2,1,4
-0.97689233744087212,-0.17855879363473914,-0.11746539177569487,0.19985304259426401,-0.95795109228734854,-0.20588459425438452,-0.075763595579447549,-0.22460289847013093,0.97150059988848747,-10.604514992469836,-10.464238119304943,-1.9801336678367303,,0.2876502670234247,0.1470588235294118,0,2
0.69458963153188036,0.71653014590073183,-0.064263471614001838,-0.7172748934914146,0.69663422385007479,0.014747383757280713,0.05533507870498991,0.035851194907292862,0.99782399294085578,-14.302681201165026,-9.5925337268363418,-2.2520579757377055,,0.2433473885009211,0.6438356164383562,0,5
0.99655084780230785,0.016269901703880117,-0.081373816692163023,-0.01172615953559771,0.99836149643914252,0.056007317471410717,0.082151718953710179,-0.054859937352714508,0.9951087791526152,-10.507944725090994,-20.917276713796998,-2.0125065353564793,0.1487155086994214,0.1827025672725603,0.5555555555555556,1,5
0.65775055892750933,-0.73271518115308798,-0.17462149220055043,0.75105461026097653,0.65560836248036547,0.078068223058722769,0.057281538354709061,-0.18249969411922687,0.98153588167224259,0.49308312789950914,17.499108874379562,-0.76181617755664188,0.6269059340435679,0.6492050477828604,0.5434782608695652,1,5
0.86812112546430309,0.49079115521151562,-0.074092870701158567,-0.49063139537189054,0.87109945507471687,0.021600306571058631,0.075143498707633427,0.017600606088377102,0.99701738864841194,-0.83619404425551314,-13.115306819073652,-1.2945312919495087,,0.07383336428299746,0.2692307692307692,0,5
-0.99682874627661222,0.0083136295397302096,-0.079141229207495195,-0.0045597448740016273,-0.9988610303440093,-0.047495797569758989,-0.079445952214579105,-0.046984312530669557,0.99573129661206228,-6.1672143765237397,-11.727752098727002,-1.647197170273486,0.152916367369815,0.1022102082229645,0.3846153846153846,1,5
0.057563194457808796,-0.99157604892297169,-0.11603196906939929,0.99833245649835467,0.057677119926840541,0.0023782638427749161,0.0043341603308480817,-0.11597538117744813,0.99324263199631768,-16.602266204253628,-5.3655805847059668,-2.3817155062934305,,0.05669682609379206,0.2666666666666667,0,1
0.99122118541228232,-0.10199899097824656,-0.08412352482682639,0.10754488136023246,0.99212166331703966,0.064254989457970771,0.076906827285252416,-0.072737961316289068,0.99438148056994025,-1.2812582246484576,6.5288448295992376,-1.1934365987823135,0.0639192753760721,0.0980759075551261,0.3459119496855346,1,5
-0.79895743050151757,-0.58369274456518272,-0.1448095445348091,0.59799247412506362,-0.79662181135239429,-0.088310195149919196,-0.063812421488291582,-0.15715110441736097,0.98551078393095515,-10.908095259608473,14.055277007034102,-1.8501018293033435,,0.1544290384430135,0.3333333333333333,0,2
-0.99687785841346943,-0.0015735730087338292,-0.078943392839175605,0.013761013775949293,-0.98796289903359835,-0.15407772270184111,-0.077750690703249373,-0.15468301135261586,0.98489999294042707,-4.0148378159191545,-25.224228886643211,-1.5879980163009482,0.3335611532907016,0.2441064081989666,0.3157894736842105,1,5
0.64923636251749239,0.74509865614673221,0.15270932582324651,-0.76033545638802369,0.63064531622663877,0.15548787374139458,0.019548384697267752,-0.21705869650796752,0.97596279792110463,0.24499491664443754,2.6081899488114333,-1.1187502875098798,,0.3046553902388148,0.1868131868131868,0,5
0.76216631026669668,-0.6359614788201291,-0.12105995601917685,0.64462612850248491,0.76276923399933405,0.051383364194724251,0.059662969640710502,-0.11720107986270589,0.99131439863076132,7.3815825918574198,-2.2504509876176906,-0.57704081422472175,0.1858280655540279,0.1571082845230108,0.3469387755102041,1,5
0.947299464609893,-0.29058120337752424,-0.13485654820393345,0.31134953971604423,0.93421471315328886,0.17408140005906822,0.075400188782372132,-0.20689474128548505,0.97545342152252157,-15.011065242639027,9.7625094258590561,-2.2374721630841403,,0.3907174978729828,0.3043478260869565,0,1
0.097138729415528285,0.98165219468100429,0.16408240589870368,-0.99524331055068893,0.094580445242576139,0.023351492068455128,0.0074040564317025348,-0.16557025111923401,0.98617020432208979,-10.480197786922922,1.5471492511555072,-1.9291972767093046,,0.587331567986193,0.4073684210526316,0,2
-0.99662450934704006,0.02614318232163005,-0.07782108574718255,-0.018249324885370614,-0.99477256355482002,-0.10047143345150364,-0.080040923970182448,-0.098712110790266039,0.99189181349244426,-11.794726521575489,-14.375854930359946,-2.0692134056336431,,0.3226113115953109,0.5806451612903226,0,4
0.21581613402086941,-0.96917881817379503,-0.11880999410627448,0.97628971308869217,0.21627275203310045,0.0091919989789231212,0.016786673687352986,-0.11797675674163886,0.99287445956436959,-10.208930071138639,0.27395740456244694,-1.9236227572941405,,0.08636998527276715,0.4564459930313589,0,5
-0.34097744542348341,-0.91819841665978907,-0.20160865397083627,0.93974004936237665,-0.33862063618525456,-0.047166771925702608,-0.024960395366923911,-0.20554253183453414,0.97832982489044884,5.2843048026810253,11.011723527833935,-0.5801783251662459,,0.1816241862493225,0.7272727272727273,0,5
-0.31198491701403713,0.9496013279952189,-0.03037646170082638,-0.94970905174503473,-0.31260315577534276,-0.018220428997242494,-0.026797921361391239,0.023164301608596359,0.99937244635906131,-8.6984143372645004,-3.4897963756378485,-1.8201946096919581,0.2554034360065055,0.2165947239353032,0.5157894736842106,1,5
-0.42356098173601975,-0.89521877856204002,-0.13848983089277278,0.90527352463060207,-0.42384318485093508,-0.028927500035490692,-0.032801529746434882,-0.13762373765199762,0.98994129446194334,5.181289855034132,9.6492925786034736,-0.6152120415665997,,0.07497601194530881,0.3684210526315789,0,5
0.60326294797896007,0.79158797416769466,0.097274327285358328,-0.79503654524428757,0.58721692625942457,0.15196438148612415,0.063172045413786418,-0.16901112586903197,0.98358758227761267,10.190956795561254,-25.621150950989197,-0.62195163195270309,,0.5076911004688553,0.3333333333333333,0,5
0.994805134568437,0.061090301126379684,-0.08142922905544478,-0.057871674607786881,0.99746857914573694,0.04131952196089167,0.083747319445856144,-0.036392426757148641,0.99582226213333913,-7.0975785318642455,-19.236729219611778,-1.7837916886912948,,0.07925197275018654,0.2777777777777778,0,3
0.98786166021646615,0.13572341949218156,-0.075554574154824305,-0.13399606907222547,0.99060011195108466,0.027504030171777355,0.078577310640915263,-0.017046160970963325,0.9967622758956084,-4.4791640008931992,-8.8152744177693414,-1.5134537478018144,0.6134730485875353,0.5348004736264845,0.9886363636363636,1,5
0.97724652864056827,0.21103160427146053,-0.021328015814272443,-0.19727770704064518,0.94125503843784575,0.27408111740898178,0.077914880252397942,-0.263637278498289,0.9614700498826112,5.0515936229713638,13.698774383025352,-0.4743449312042462,,0.3207677896525203,0.25,0,1
0.94675276563375321,0.31406249075340742,-0.070879846688634007,-0.30783441435685399,0.94749978368841314,0.086499325130209082,0.094324832904230937,-0.060074219197379444,0.99372728355691875,-13.146808689063347,-7.2485889616859946,-2.1600920285539487,,0.08600386671834223,0.3846153846153846,0,2
0.9856840911727881,0.16657465888367437,-0.026072119719434746,-0.15516876117730627,0.95672285873090412,0.24617885192775724,0.065950951195392682,-0.23860899941024044,0.968873684974914,15.636305015316076,-5.7487492307004873,0.059541028225287576,,0.6490214676325746,0.4761904761904762,0,3
-0.99206829901200444,-0.094217283497011681,-0.083208134132847972,0.096628367641810445,-0.99499556000202538,-0.02543214782776208,-0.080395576136410657,-0.033270693811487707,0.99620761504366884,-0.52103131054863683,-11.405291341551665,-1.2566315005452333,,0.08247351473973095,0.2571428571428571,0,5
-0.8460237171626912,0.5242515058818995,0.096975401926384971,-0.52937986829006511,-0.80445547739059342,-0.26945934748207551,-0.063252075439597447,-0.27930582428018452,0.95811660640850504,-0.24466003562419464,4.9278474635409601,-1.1365541696231312,0.2423872245265295,0.4472403522095882,0.5324232081911263,1,5
0.65943768667331426,0.75124026185047499,-0.027928594124603141,-0.74713886266055074,0.65904489337591221,0.086274842320519754,0.083219332472963939,-0.036026344387984348,0.99587983472545116,2.9778987563594916,-8.4295055063000568,-0.99505922449667861,0.0647856700193218,0.1541545887728467,0.1304347826086956,1,5
-0.027214818293098325,0.99898239220858676,0.035965729833893241,-0.9994662408952365,-0.027843197380777424,0.017087705239777887,0.018071717572497297,-0.035481494004988304,0.99920692381866294,-15.489326190645095,-2.2990158033405672,-2.2835491679558189,,0.2080414398350033,0.3846153846153846,0,3
0.43657609743720804,-0.89376087039779117,-0.10292141512960375,0.89886161041658597,0.4381620188675347,0.0078645115059542067,0.038067262389075762,-0.095945566691269135,0.99465839953548474,-15.419118686809922,-5.0324090232929333,-2.2805408596570671,0.1701031104534746,0.1153365584154867,0.4666666666666667,1,5
-0.39299334991203561,0.91758442048599043,-0.059958804243463039,-0.91901518477216682,-0.39413807356613934,-0.0081405849760880066,-0.031101721545548456,0.051903855800527962,0.9981676575956272,4.789098587916385,-4.0113162812603429,-0.81702043839944838,0.1201189425253974,0.09029321052584954,0.3768115942028986,1,5
0.82582061628934611,-0.54939459202611163,-0.12722378694233674,0.56018343030663076,0.82515354859101897,0.072911903400932856,0.064921753837854104,-0.1314808103873456,0.98919055918387422,14.7585348409932,-10.007528560854874,-0.06104689989049146,,0.1248504817220928,0.3461538461538461,1,5
0.95525234291026118,-0.28157043023579059,-0.090614867330304633,0.28513958718047383,0.95804915221176368,0.028935061238396856,0.078666239181785474,-0.053478170903206959,0.99546557351313836,19.258322489269901,-4.9535081703510153,0.36868267894878393,0.152244991866612,0.1716851514958969,0.6666666666666666,1,5
-0.94039824435010644,-0.32254567077229573,-0.10777491493519617,0.33169897861953218,-0.93986013276536151,-0.08147833099074446,-0.075012862936952182,-0.11237090862108443,0.99083088834052546,15.054960323953424,-3.4902513441626986,0.031351559079623954,,0.08655623369213261,0.2857142857142857,0,1
0.56398628735968026,0.81718621768848032,0.11885349506951183,-0.8245419446694231,0.54938306549737392,0.13531012092771513,0.045277468469525073,-0.17431274469958449,0.98364882853805458,-9.0887304996429119,0.82923491658244064,-1.8461069238125096,,0.1083969739369515,0.2567567567567567,0,5
0.89980462210063694,-0.42568776651676521,-0.095611544722893724,0.43023610223952174,0.90213347506364527,0.032435929142457853,0.072446796865518331,-0.070321537295189848,0.99489011605119848,-2.7360906554519597,3.2860906535855814,-1.3326272655802474,,0.07073814246311204,0.217948717948718,0,5
-0.11207740101067291,0.98401570346468847,0.13838985337657037,-0.99365998370360809,-0.10973909625806581,-0.024437011654646516,-0.0088596257730907003,-0.14025129620562782,0.99007630056668017,-1.7032673923797861,-10.32252738573764,-1.3442893211544125,,0.3123983986468846,0.3076923076923077,0,4
-0.19594713319957854,0.9741981912483505,0.11199377285951874,-0.98049408121756099,-0.19285166090191047,-0.037941976552432533,-0.015364819823137589,-0.11724385295535686,0.99298429053836745,2.2590596028466408,17.290558020660942,-0.62118621910710081,,0.180492010591076,0.2857142857142857,0,1
0.93343365321175698,-0.33847312593922552,-0.11890146369445424,0.35227705196891579,0.9274605002438373,0.12537104587400297,0.067841681198539158,-0.15891181046222069,0.98495915792878197,-5.8719555002377568,-0.43326848159656306,-1.6138517948048881,0.3419540611770564,0.2771727417400639,0.2922465208747515,1,5
0.83657855151903915,0.54712477768962087,-0.028121251330456464,-0.54397115444695832,0.83565999592750939,0.075945732836540381,0.065051596966953201,-0.048237421619723331,0.99671532590179968,5.1955911961714731,5.6231504909574666,-0.66817994264926805,,0.08517463747916502,0.3636363636363636,0,5
0.28162501565566561,0.95478609203183296,0.095241109923849251,-0.95930356550888374,0.27803959339686002,0.049301660272772538,0.020591740064628879,-0.105249717179142,0.99423260722771589,6.5530821163622184,-0.80235940024721042,-0.64028074960662706,0.1525076535255238,0.1639039609359937,0.3684210526315789,1,5
-0.97516973973248533,0.2058867556074373,-0.081575870056793121,-0.20281715471317735,-0.97821087487962888,-0.044369877408935374,-0.088933573323747864,-0.026723175946663073,0.99567901022528116,11.207158777138696,-14.995794476235876,-0.4447996285654936,0.2371909204759735,0.2142747132048282,0.3636363636363636,1,5
0.99103977345008021,-0.11861284070075269,-0.061409783104266452,0.12522685852737814,0.98504877111260569,0.11830956188284497,0.046458598164163568,-0.12493963562634773,0.9910760243826795,-18.64109446067911,2.4294061653454357,-2.5068764378378767,,0.1553161206425416,0.3108108108108108,0,4
0.99231762892017117,0.09866540985838862,-0.074638195528336157,-0.088586095284491823,0.98780485250791372,0.12803935755878385,0.086361027416867076,-0.12044380540025869,0.98895655247549086,-14.465976070559998,23.213539778409263,-1.8757199330914449,0.4124598681958153,0.3730782135156098,0.78125,1,5
0.87768133243913871,-0.46984897116181684,-0.094432107813191113,0.47464301901879741,0.87945222047428373,0.035746278121990813,0.066253174901896306,-0.076195381756610489,0.99488933083754816,-16.507573016920084,-10.430815630028428,-2.4094269998352531,0.2397034268016278,0.1741248457173812,0.5434782608695652,1,4
-0.75330259532961819,-0.65049163255726605,-0.096932119767613234,0.65461226591466959,-0.75581236185370371,-0.015180743828482616,-0.063387547544622599,-0.074888648286019543,0.99517521531344888,9.5388600052989094,13.180755567055133,-0.10108075130598218,0.4435197001114261,0.4636568421526714,0.8775510204081632,1,5
-0.76266942612784105,0.63955132619718957,0.096485478748080528,-0.64378878308704568,-0.73628751658055869,-0.2083667336667126,-0.062220167318412123,-0.22103120613852212,0.97327994774978244,-11.472590573454116,-5.0026717062581021,-2.0152058261950709,0.4702266079454909,0.2257269263571689,0.5660377358490566,1,4
-0.96946637868276864,-0.22549256530155692,-0.096374496613174349,0.2332925598345312,-0.96918170153036709,-0.079129077743616202,-0.075561379881334531,-0.099196433466262626,0.99219481225110351,4.6762067320420995,3.9766596382233068,-0.73894423517052565,0.3347628431930453,0.163874649010412,0.3809523809523809,1,5
0.9959896339992893,0.054193601183767974,-0.071187797807620065,-0.038443645630829394,0.97770424227890607,0.20643764370977236,0.080788211247527275,-0.20287303473001642,0.97586669002628634,-11.215396529203751,10.052091256477116,-1.9467767356616676,0.5144419825937605,0.2569705046674955,0.3461538461538461,1,4
-0.045131294371423852,-0.96489296143490377,-0.25873681462394005,0.99896128402322348,-0.045220274334540518,-0.0056106872826122318,-0.0062864370699348502,-0.25872127814018731,0.96593156121252977,-4.4912746379467965,-1.1475862201178806,-1.5111662428870971,,0.3952875048073964,0.2513761467889908,0,5
-0.58007269332394917,0.81214301037958203,-0.062764648899592601,-0.81293291596754313,-0.58206434976236754,-0.018470703078630364,-0.051533916951910973,0.040309098567216817,0.99785742066504224,5.9433858021468478,-14.006662456015338,-0.83632529741429718,,0.07535087271367676,0.3043478260869565,0,5
-0.91207814400662257,-0.38899181764589946,-0.12961028134363159,0.40064507488974849,-0.91272977792912391,-0.080049212663465527,-0.087160674573019514,-0.12493885819068563,0.98832853774541229,13.519306788270057,-14.026306968251342,-0.22263572798883458,0.2344322470041652,0.207698557576406,0.2,1,4
0.42049281326991145,0.90705548411369785,0.020884030444875745,-0.90666803161079845,0.41923434754817368,0.046857681236472458,0.033747213860660166,-0.038638200981984436,0.99868324056305258,-3.488737753246602,-5.375003739704276,-1.4466767817586648,,0.09262638533957845,0.348993288590604,0,5
-0.79795457658170843,-0.57439624164861913,-0.18258546298171882,0.59933869112390059,-0.7882282669116053,-0.13960419966253784,-0.063730895444808117,-0.2208283424324633,0.97322824462935431,-22.909739822545209,2.7252596291768034,-2.8366716417842603,,0.2830029683630614,0.2777777777777778,0,1
-0.93647432085667115,0.35038450523960546,-0.015701747165057445,-0.34121965964499185,-0.92050935927931243,-0.19034616715591418,-0.081147952825652958,-0.17289655279151234,0.9815914586960397,-13.697776054483093,-12.384257234815612,-2.2075845120723652,,0.5196755731875472,0.5600000000000001,0,5
0.89562716729844383,0.43945483001184349,-0.068785387810401499,-0.4366186272174129,0.89810015372441743,0.05272843869260041,0.08494793442896191,-0.01719204058392846,0.99623706123432931,2.8078655900202527,10.362302080484298,-0.80759689906860865,,0.1001107300451611,0.3272727272727273,0,4
0.3512134300697653,-0.92475593174222681,-0.14654553301344886,0.9358841853642671,0.35137090394825327,0.02567643751864792,0.027747398503135783,-0.14616755647596025,0.98887063224172789,-13.076335878071109,11.700278089475589,-2.0827323475188591,,0.1051304725449781,0.4210526315789473,0,1
0.83217765624524132,0.55420454775804573,-0.018375736460880563,-0.55218773949595412,0.83126782223694662,0.063894507305362391,0.050685784955227672,-0.043024724958413835,0.99778746446611943,9.5579627254102935,5.4237530535829173,-0.2973066433499742,0.3462452923521026,0.2713682252539352,0.2857142857142857,1,5
-0.98632790324365571,-0.14243151715489702,-0.082888661491953952,0.14497202385258137,-0.98910831757754891,-0.025452866223598335,-0.078360574162393851,-0.037121409184783107,0.99623371825946294,-5.8665617626773487,3.7593630110743828,-1.6049445776939992,0.4606442567191179,0.4406724129243432,0.9528169014084507,1,5
-0.91966747594149367,0.38817248643898794,-0.059446231732352257,-0.38110460617385666,-0.91874241410107571,-0.10330370605548327,-0.094715430888912558,-0.072349825870570317,0.9928718395885876,-2.8064950075483144,-22.033423155199717,-1.5247333970064014,0.183416911718439,0.1601351512287515,0.3076923076923077,1,5
0.57527377647291644,0.81179111312978058,0.10027597292522915,-0.81666401723447701,0.56312854225306952,0.12627797850131534,0.046043078274968695,-0.15453618845903067,0.98691367474542568,-17.285827456736342,-4.7789601229558034,-2.4259576738470638,,0.1285333028816192,0.1538461538461539,0,1
-0.49147431882683301,0.87084568176820154,0.008988463682960874,-0.87018707144932606,-0.49063510692694401,-0.045295171191140834,-0.035035048396557925,-0.030083058296414996,0.9989332084716116,-18.126710276628792,13.965362545139218,-2.3896495051025961,0.6157284046551007,0.2577807642100974,0.5714285714285714,1,3
-0.65156723085299784,0.758045351714837,-0.028764360276001884,-0.75676015303450539,-0.65216007973392753,-0.044735904826338165,-0.052670812199455755,-0.0073807279429935471,0.99858465359591975,-9.7949305103832351,-17.042182963059958,-1.9408268093624124,,0.1172760603505069,0.5769230769230769,0,5
0.39253798930660438,0.91882214411827134,-0.04098529527806543,-0.91919774892577388,0.39344267366872943,0.016684151347639106,0.031455131869335948,0.031124427935366596,0.99902044256600575,0.63458909863119062,1.1661862789544735,-1.0984878968697211,0.1813821116504764,0.1459988657716374,0.515358361774744,1,5
-0.19872724778381279,-0.96068813030131162,-0.1938705683863402,0.98000673258929016,-0.19675056355652396,-0.029597631997424025,-0.0097100498420844891,-0.19587631821729179,0.98058053360940389,-12.507723465889539,-10.420746037921871,-2.1294637787398214,0.5729737465483893,0.5716655986723416,0.7068965517241379,1,5
-0.045091786984024808,-0.95103033593830311,-0.3057908286258213,0.99896987098217571,-0.041366529466258906,-0.018654948667114729,0.0050919167749361527,-0.30631700959136465,0.95191594272738245,-9.4495120689274028,14.700490716280051,-1.7226311223810518,,0.3631934811041211,0.625,0,4
0.62182391964326944,0.78054937193374452,0.063856800212015827,-0.78222195637324965,0.6150299961645066,0.099332345112215809,0.038259952000572285,-0.11171741937461475,0.99300321967312355,5.7445314641300245,-5.5930163450265296,-0.75467409421892262,0.6320472592767451,0.519603445305451,0.780952380952381,1,5
-0.60856483499718284,-0.78343957825824762,-0.12598122409069981,0.79280123643269484,-0.60699489837285492,-0.054985387696351556,-0.0333922313666263,-0.13334024361709748,0.99050761648585572,-8.4876712008476858,8.2819473609096939,-1.741844143316551,0.5815882142975008,0.3186765446328019,0.2628205128205128,1,5
-0.53883340543650327,-0.8370414576432148,-0.094974519594594742,0.84149268281921319,-0.54008012822703322,-0.014266038552965028,-0.039352585015781469,-0.08760738142870407,0.99537747652424879,6.3997458844082278,-12.453268287225342,-0.79396679171442985,0.9599729459150792,0.9023655625042203,0.9848484848484849,1,5
0.79468937032098119,-0.59981306290351,-0.093236764578967596,0.60376786696174667,0.79692605427388197,0.019319079789826245,0.062714970487966468,-0.071646029825615562,0.99545651782833877,-11.692286584199412,-8.5528706583972571,-2.0563405010776523,,0.09840031163605356,0.4130434782608696,0,2
-0.78169588894811803,0.62278191730660371,-0.033079006598177717,-0.6196112815066821,-0.78156204638495641,-0.072405990637561937,-0.070946437762998082,-0.036103339547333184,0.99682654049853181,10.010672147686996,-5.3673669058285087,-0.43208395833017771,,0.1451837070871795,0.3181818181818182,0,5
-0.97541537830172154,-0.15416009808073167,-0.15747858245567356,0.18812556242063369,-0.95466769475587832,-0.23069106041070767,-0.11477635878711873,-0.25464535485501349,0.96019900578699513,0.56706389050764583,15.407440533388581,-0.86839156910064608,,0.3420776044434863,0.5384615384615384,0,2
-0.14406820185306626,0.9891783619645822,0.027758267883488268,-0.98945317958319234,-0.14356797769796151,-0.019252043850699098,-0.015058506816274148,-0.030239113756606061,0.99942925581137565,13.804092002120798,-13.271481485895112,-0.1781948218549603,0.5585799453703971,0.2480406068249635,0.3947368421052632,1,3
0.41304503116218588,-0.8593141453954336,-0.30161731010594406,0.91025011644702924,0.40006816892875469,0.10672481303878342,0.028957343462391833,-0.31862934537375803,0.9474369702129487,9.4927792824400825,-13.003917725092469,-0.56075321889336305,,0.1178426040242757,0.3,0,5
0.65402577450759358,0.75514336733469167,0.044819427151254469,-0.75413861604388721,0.64621255204758865,0.1169798502629999,0.059373681637186648,-0.11030789793376762,0.99212243880595707,-5.4779222134148036,-3.2177723211688964,-1.5927316349426526,0.2156415615957669,0.3517765324473038,0.443579766536965,1,4
0.25996272298051659,0.95658952059340052,0.13174168570139358,-0.96496522949643848,0.25233937680767998,0.071881463362944958,0.035517439708428702,-0.14581264692474818,0.98867445778342922,-5.6282575850396608,-9.4638696512536225,-1.6046382981056766,0.7925361064304397,0.5862953727580138,0.4135338345864661,1,2
-0.99491479533689975,-0.045004372956870216,-0.090106361787022762,0.062111884727249177,-0.9784059995375286,-0.19713907234386122,-0.079288484632787648,-0.20173325577040635,0.97622591121159419,-14.636712890142061,14.12100602808227,-2.1567843726974574,,0.3438213957506483,0.4054054054054054,0,1
-0.60812998363496351,-0.77327600701190269,-0.17950526450181617,0.79350698244556739,-0.59865614630541908,-0.10935029629989315,-0.022903969399842398,-0.20893787466726205,0.97766066337725721,21.005354140689189,1.956298196059939,0.62747619826677714,0.3296734638941194,0.3424897956965607,0.2857142857142857,1,5
-0.75798511268605051,0.65212141536306145,0.014008160878404938,-0.65046228546880647,-0.75410934093855808,-0.090652727989359888,-0.048552900315168714,-0.077825198580494706,0.99578404000912468,1.2770762693940221,-20.319346856248142,-1.2223700663295705,,0.1006500431016849,0.3157894736842105,0,5
-0.38226446337139353,0.92007259643939421,0.08567553515825313,-0.9239644769545623,-0.37929832184186252,-0.049218171177215324,-0.012787703838590136,-0.097975508823477109,0.99510666478590004,12.115934343902815,-1.1826929046980696,-0.18071607433397824,,0.2008415989332543,0.2173913043478261,0,5
0.027896477108593085,0.99932314878359962,0.023979801295315822,-0.99961081540775543,0.027886878082581279,0.00073467724265689597,6.5458180304547221e-05,-0.023990963633008549,0.99971217326747974,-16.921636982758926,-13.391158053399442,-2.4399685872945205,0.382706498772986,0.3717256214734226,0.5686274509803921,1,4
0.49349285786070379,0.86935115295518606,0.026331959592196707,-0.86915047013732749,0.49180292730405234,0.052032114652670138,0.032284044054900846,-0.04856391201967683,0.99829819540496378,-2.5882127963750534,-8.7437948129511476,-1.4071682032417778,,0.08480566497361589,0.3023255813953488,0,5
-0.7407883184520675,0.67035815403016819,0.043041986132439446,-0.67059954003377542,-0.73428274442688735,-0.10547562819631963,-0.039101459709945566,-0.10699904935178099,0.99348994926288392,7.754921337400364,-16.038000694608375,-0.74473451246281053,,0.3357362236133169,0.4285714285714285,0,2
-0.99505430317095844,0.016147413822949378,-0.098011197155172439,-0.0083711358399839002,-0.99682047457266154,-0.079239293014789006,-0.098979077717001374,-0.078026934449364829,0.99202567490701943,-21.667569531238481,-9.8007892941271582,-2.746780482358461,0.8286370295224941,0.5775490399471727,0.9483870967741935,1,5
0.66002410247778776,0.74829171319630861,0.066540935597000195,-0.74984499138800043,0.65080137484268608,0.11912203571631517,0.045833099815747028,-0.12851880198867002,0.99064738655925233,4.0771019829381681,1.3533855289812389,-0.83917274453108415,,0.2337760394396549,0.4166666666666667,0,4
0.98686983668896011,0.13145543876496574,-0.093847712026532151,-0.12274370952158023,0.9880469904600141,0.093258385230442456,0.10498527137835324,-0.080514671097993332,0.99120910030709186,-21.64997142050861,6.3750800375430572,-2.7094684327368186,0.6624479768904563,0.5554369666415189,0.8398268398268398,1,4
0.93684850872891479,-0.31781830493644281,-0.14596710841739588,0.3391822558499335,0.92741557612018621,0.15765705339823419,0.085265872475215873,-0.1972102284796346,0.97664622907890808,-7.8306362266776537,12.582136833916623,-1.6176371067691542,,0.3385396898933324,0.1166666666666667,0,4
0.88113386197195509,-0.44645188238260664,-0.15583271159616921,0.46005214151362162,0.8855680480390562,0.064197035609335637,0.10933958283768165,-0.12825735460129725,0.98569513878052495,-3.941641283395442,-21.556222414003305,-1.5602725785393676,,0.7884871208808597,0.6111111111111112,0,2
-0.23006478059394292,-0.9612655848801438,-0.15178495332310063,0.97279811372228275,-0.23150328960725708,-0.0083699963791330038,-0.027092926542349804,-0.14958175766467438,0.98837810128782033,2.9325370931383352,1.2112316356373247,-0.92306767973531378,,0.09459935965343602,0.25,0,4
-0.99073649449897105,0.023160494088348683,-0.13380878140642893,0.00095755870176990852,-0.98413295520470212,-0.17743001313586096,-0.13579499824817773,-0.17591451899613822,0.97499425662776795,-13.318336110238343,-2.7638767380613247,-2.1493024270409276,,0.6367366999766839,0.6535626535626535,0,2
-0.98529496446800879,-0.13384558512054398,-0.10620354202062174,0.15692718176312626,-0.95475236218164938,-0.25262974197913546,-0.067584706982197179,-0.2655810351894522,0.96171670523591857,-5.7532740837681668,9.289746573882006,-1.5246429657910625,,0.4128683817992591,0.3036437246963563,0,4
-0.91164916685720021,0.4066886345555773,-0.059162074776789253,-0.40414645739905858,-0.91329854931818533,-0.050511392626718249,-0.0745750463651563,-0.022138526071527012,0.99696963249790926,5.0572589178472871,-13.889565327175431,-0.89321278568009421,0.7883680564759322,0.59019490543108,0.8181818181818182,1,5
-0.39484048695222035,-0.91337307839237214,-0.099250236933603714,0.91815436858685484,-0.39616375872349374,-0.0068433704377557376,-0.033068796594501453,-0.093829078339906516,0.99503897348278569,-15.015699242014792,-6.031675123501727,-2.2740197683322014,,0.06715623592335739,0.4444444444444444,0,3
0.99430294663029029,0.077497290508757241,-0.073183470033363535,-0.070756937294450706,0.99337139800831897,0.090590956743530515,0.079718919630361873,-0.084896617028008506,0.99319557906293987,-16.879022255637835,9.7123460499757108,-2.3519240805164552,0.2683972959696669,0.160811343015422,0.3888888888888889,1,4
0.18221061477940895,0.98213278146493199,0.047058383245365612,-0.98302818850739482,0.18092087946393332,0.030384469287254651,0.021327739251524827,-0.051796090064355177,0.99842991371075485,-7.7717958417149138,-14.935514762269909,-1.7913675007050023,,0.1159629818788602,0.3076923076923077,0,3
-0.92527834394668784,-0.35770825800777933,-0.12611418784702361,0.37216220101159653,-0.9203889782561735,-0.11991423953292871,-0.073179794762477671,-0.15788898269859297,0.98474148220785551,8.4319580762826938,-18.517109837116614,-0.71499724816587173,,0.2021468684481388,0.4814814814814815,0,5
0.32935334529515298,-0.9370223437010583,-0.11625618842826611,0.94420343771761561,0.32652037742813439,0.043177671618857327,-0.002498428531902591,-0.123990203359642,0.99228029675374785,1.3328119435932504,7.2899888360069989,-0.95155006728569269,0.3788448845489498,0.3353522481804688,0.8717948717948718,1,6
0.71145287281952585,-0.68626731725365697,-0.15123484726184841,0.70000048791305736,0.71104251924480288,0.066466929728156196,0.061920325244038552,-0.15315255497534067,0.98626069992989163,10.775110345010406,-7.4237155258234759,-0.37358689641526688,,0.6118939793760811,0.4705882352941176,0,5
0.77550233150807724,0.63112218428829647,0.016760737594303035,-0.62829803611892321,0.76888306722562538,0.11857658598061198,0.061949266619061298,-0.10248715740463786,0.99280344022997624,-1.8150215828842002,11.797963793264003,-1.1561359562420086,,0.2622606248328131,0.3043478260869565,0,1
0.92596757918051464,0.37751279656752396,-0.008254134379035832,-0.37388319205636955,0.91968735855555228,0.11994382523019971,0.052871551937877043,-0.10797801137676241,0.99274636642739822,-17.735077190619098,-9.2894780115737188,-2.4796593430561238,,0.2147775081191089,0.28,0,3
-0.41875881693195094,-0.89778926031436113,-0.13643862102039286,0.9077294503782678,-0.41811468224609266,-0.034747048885016493,-0.02585146335745073,-0.13839998755217608,0.99003896149991821,19.332530345592168,-18.116735021861491,0.19018192283245894,0.8640851951222839,0.4927333898317368,0.4117647058823529,1,5
-0.7969149691781986,0.6038981066434822,0.015284262891248849,-0.60085929037235386,-0.7897835076532278,-0.12332933232688642,-0.062407091527666943,-0.10746668242474876,0.99224808747393201,10.269846656426234,4.5471328787402454,-0.24262804995713286,,0.09853873005488623,0.15,0,3
-0.95170116625584811,-0.26256367989445667,-0.15913894604257636,0.28738770915663292,-0.94422048990557172,-0.16079791997468834,-0.10804256000744923,-0.19876614511220225,0.97407331591840307,-5.6507342543753136,21.018362960473958,-1.1997291430153516,,0.5277405125991844,0.3333333333333333,0,3
0.86223308794637765,0.50623456473099127,-0.016753134694144068,-0.50181085804532566,0.85825924991170532,0.10759610907840911,0.068847402262322471,-0.084366020485874466,0.99405352460977103,-13.108767400147466,-24.393806735403615,-2.1753819013553675,0.5636237687447202,0.5040898966753887,0.6041666666666666,1,5
