axis_00,axis_01,axis_02,axis_10,axis_11,axis_12,axis_20,axis_21,axis_22,location_x,location_y,location_z,dbh,dbh_approximation,score,reconstructed,number_clusters
0.27699724667477565,0.95512886401727548,0.10488745614067439,-0.96086807074012448,0.2750852963805604,0.032567320236238956,0.00225299062226525,-0.10980406566374319,0.99395069857461604,2.5026559205914931,3.3632147760978444,-1.0084495668409723,0.5849104934919929,0.5581077885918866,0.9830508474576272,1,4
0.027835575164216846,0.95874294313340724,0.28290837694767923,-0.99828752913571772,0.041229281872357589,-0.041498861290326962,-0.051450849627400111,-0.28126875992221845,0.95824876455147923,-11.54497873693628,-14.028146894482951,-1.1643857149707633,,0.2957204726318331,0.2272727272727273,0,2
-0.5061068956148872,-0.85901194368279832,-0.077164051354002478,0.86195389076779727,-0.50067815969938612,-0.079729985515440069,0.029854654600548626,-0.10686374974862783,0.99382535618102663,12.761475640943466,11.262838395418701,-0.51378415108550668,,0.5989797448978618,0.2222222222222222,0,1
-0.99430114211127307,0.10357832060868354,0.025234307918038459,-0.10656181724068403,-0.95867101037742186,-0.26380764387768535,-0.0031333532486234016,-0.26499325531382373,0.96424517459803827,5.1937781662917795,19.296893074128242,-0.31713785080375345,,0.361870046576429,0.3333333333333333,0,4
0.14477914636162578,0.96754647773726821,0.20710579952528085,-0.98894168230124568,0.14829752910219374,-0.0014804963244187284,-0.032145727336327715,-0.20460121280283478,0.9783174310690923,20.373598855179118,6.5326358597995196,-0.51928636154161589,,0.248778960516575,0.1818181818181818,0,6
0.92794282289947472,-0.3726739644685288,-0.0060194382350189654,0.37166642112156045,0.9239777890368549,0.090161614766246734,-0.028039059186184667,-0.085902046389337738,0.99590895647447542,-33.881423975816816,-2.218297753236524,-1.0271532806786383,,0.3603723226661832,0.25,0,5
-0.14552161041226616,-0.98809913805676297,-0.049835271389895422,0.98881949995956475,-0.14360100493509484,-0.040183925658756232,0.032549307254351872,-0.055125717710654547,0.99794874509873921,-21.764201956432977,-0.27973237231927556,-1.1354378273740942,0.6741068356181286,0.6748348708521743,0.9936575052854123,1,5
-0.32302913870922845,0.91632410120864771,0.23664808701728016,-0.94631258747607971,-0.31591978689734879,-0.068462946409432637,0.012027565385445148,-0.24605859015872186,0.96918032784410191,-7.5604166683305571,1.1453432483803261,-1.2420659463747084,,0.4935591633655802,0.2979719188767551,0,3
-0.52871987638543216,0.84258583931090136,0.10249095427264518,-0.84871973880994989,-0.52318130350029135,-0.077175958835029729,-0.011406018996285829,-0.12779055935584605,0.9917355875787538,3.2916738465694988,18.686629851723541,-0.36836020127455105,,0.2061963067183182,0.5,0,5
-0.57766366023958959,-0.8145223487780674,-0.053460630183918487,0.81574594816439827,-0.57369252721597008,-0.073725384162589308,0.029381009035906999,-0.086198767726777967,0.99584463082873409,-6.1019283628409875,7.0521049527789463,-0.98268997252369672,,0.07010456146260052,0.2676056338028169,0,4
-0.79773296650156045,-0.59629666007626236,-0.089735206794852015,0.60175514298415422,-0.77760919649627558,-0.18224896547453112,0.03889552736164497,-0.19938463006538698,0.97914907304503329,-3.3901526414051339,26.354160390678405,-0.14913918524167585,,0.2512787278249006,0.48,0,4
-0.46776109730890802,-0.87300753569120992,-0.13804853664826736,0.88357124023766043,-0.45791500455122991,-0.098059737057215296,0.022392393111265559,-0.16784424694700967,0.9855591760506025,-1.5841257505517856,7.699606733529385,-0.91451085964518397,,0.2189230780560011,0.2535211267605634,0,5
0.036681145218602752,-0.97653398901850397,-0.21221654477693036,0.99905262173186804,0.04081082073701927,-0.015110788247159458,0.023416929690533488,-0.21146121441620902,0.97710582958116121,-5.0068671505048989,-18.369233038717407,-1.0238079864820875,,0.2102214333491846,0.3529411764705883,0,3
0.6739657993591095,-0.72073340286735366,-0.16221425117874544,0.73857504338689006,0.66229790449489689,0.12596980188807791,0.016643514661571188,-0.204706735826921,0.97868184090990296,-13.604810939511912,-17.050517533963799,-1.1558893958474021,,0.22981605118322,0.2727272727272727,0,3
0.90189966412085487,0.43051224632123763,0.035159659073011475,-0.43138292805853168,0.90188926230588318,0.022461698889374455,-0.022040082539228831,-0.035425475364366008,0.99912925613099313,10.440686927222725,-1.95072988709454,-0.85018298149049099,0.232067738536853,0.1681537904233319,0.3859649122807017,1,6
-0.98816358251828551,0.15340098591936291,0.00093365068241762301,-0.15314677214036793,-0.98613728050797633,-0.063869634219409416,-0.0088769571146627372,-0.063256632152702955,0.99795781379830073,-7.3598455326763847,-20.4336975411955,-1.0408454952824382,,0.1482919580817701,0.4166666666666667,0,5
0.92727452376400066,-0.3714826816583211,-0.046503492408521856,0.37434827671333754,0.92167975385197154,0.10183221033211817,0.005032424862973982,-0.11183491658383234,0.99371405652364919,-13.146787936987749,33.142929199049142,0.078510598244253479,,0.3019197479028239,0.2380952380952381,0,1
-0.69039067311882318,-0.7233828485588748,-0.0088302254437473259,0.72290275867190568,-0.68936080148883982,-0.046832540772561312,0.02779064546007623,-0.038716143680813109,0.998863724560763,4.6088786277755807,11.70665558578763,-0.64626587241238931,0.4444665913715198,0.4069067595867628,0.9701492537313433,1,5
-0.9557669123965632,-0.29283059959172214,-0.02756536070312136,0.29380825104204322,-0.94618553576409614,-0.13568214153095673,0.013649937272985524,-0.13777943189592309,0.99036887438917454,-4.9869187077766011,5.8842256525970811,-1.0132458348201792,0.3109661298423191,0.2890275722254124,0.4203539823008849,1,3
-0.85646786991070067,0.51543641714260324,0.028072899633381089,-0.51437685776174402,-0.84761228492647633,-0.13026842534119665,-0.043350155821913275,-0.12601077067027505,0.9910812528069034,-0.79044684599832504,-12.365139260785895,-1.1042768158187641,,0.198483792568673,0.1428571428571428,0,3
0.81863232366376215,0.57362833927806489,0.028136222737932367,-0.574026814406287,0.81879457877288642,0.0082857778573789172,-0.018284829653010221,-0.02293395188842888,0.99956975687309557,-29.69689582196925,-5.8187479620572606,-1.0600131884798598,,0.09528906004639645,0.2222222222222222,0,2
-0.38563916104747259,-0.91995154302187054,-0.07050954515725362,0.92187108953745101,-0.38104808929367462,-0.070399203977561664,0.037896328867531658,-0.092149401177224172,0.99502379676118502,-6.2408822105939965,-20.642461589308478,-1.039186894769867,0.4059701529473181,0.4502364117499372,0.6774193548387096,1,5
0.40978218583480785,0.91106956854914423,0.045064414299116097,-0.91166636107608467,0.41071295935329893,-0.013390709523563374,-0.030708406906512897,-0.035596436379655469,0.9988943324808347,-33.869183643039037,-1.0855522876223913,-1.0250130396066488,,0.07334742929421995,0.4,0,1
0.69513339522471995,0.70667551760096248,0.1319063139761196,-0.71842975686515409,0.68940125295454846,0.092653099653361354,-0.025460700972880165,-0.15917168481897753,0.98692255393108663,-28.450687797307626,-2.411727457293841,-1.0290171690061933,,0.3511767492060123,0.3809523809523809,0,3
0.024610434019412961,-0.9850284972130936,-0.17062586619704842,0.99911488790365122,0.030059464767272767,-0.029425657973641405,0.034114033866618015,-0.16975066496488911,0.98489641304927444,7.5531536266147112,-7.9249326753610791,-1.0211690394446185,0.3158877470768783,0.1993302041593288,0.2,1,6
0.15070583682155947,-0.95805933710949942,-0.24374178411840031,0.98799619616934409,0.15442964640228715,0.0038730694509502266,0.033930327184110737,-0.24139964972918235,0.96983242985982254,-11.879442682466088,-5.976442713600723,-1.3267097415882194,,0.6045510986288865,0.3546099290780142,0,2
0.96419637444181727,0.25615148737691179,0.068642312226873309,-0.2632762656582181,0.95565228866476182,0.13196329455900546,-0.031795588598405845,-0.14531042180242726,0.98887507899697935,-6.1806061841619915,-25.074403764293141,-1.0347041306342544,,0.304748408894818,0.1764705882352941,0,5
0.035991466170173902,0.99667574239221113,0.073089526540110056,-0.99903890383912664,0.037714728550966761,-0.02233535014823269,-0.02501765334395872,-0.072215398477493142,0.99707524953932092,-23.581933952467537,-8.5878497701464855,-1.1735097106325549,,0.1747714586162779,0.6521739130434783,0,2
0.96232681928702302,-0.27180892075017965,-0.0068559085134888747,0.27186513125781481,0.96228990652431534,0.0093534062029152539,0.0040550323172320298,-0.010864916108662163,0.9999327528943428,4.7766212355291344,5.7090199842363676,-0.84815122969173162,,0.1473857397496008,0.3636363636363636,1,5
0.59209863645946359,0.80448224453425643,0.047196641108967027,-0.8054863303548867,0.5926005761435883,0.0040408867473764086,-0.024717935072777936,-0.040408852785147123,0.99887744408527201,-14.318052908433838,9.5831011847589203,-0.92553070151041394,,0.1269965627782965,0.5789473684210527,0,3
0.90449795246012799,-0.42594560154176137,-0.021302547328051615,0.4264240332477553,0.90404899259235394,0.029291003080594076,0.0067821725246507876,-0.035577570461979582,0.99934390407700435,-21.025693117537777,-7.9530802358987129,-1.2224783159587542,,0.08766364377239774,0.4444444444444444,0,1
-0.60325504018598863,0.79283891563726838,0.086543690361131631,-0.79748970933401264,-0.59833305567031814,-0.077509470379907131,-0.0096705737448628121,-0.1157756811396171,0.99322830792326122,8.6352599953482407,17.677386242730559,-0.34819768212042368,0.5207533847519343,0.4668922684342379,0.5263157894736842,1,5
0.97642344507907508,-0.215528344426625,-0.012032815490551114,0.21586392111513295,0.97486547778281496,0.055136809738000149,-0.00015316889752841852,-0.056434324448892841,0.99840630184473822,-19.174228723881559,11.763200225121068,-0.74108135608098757,,0.08758020812073868,0.2857142857142857,0,1
-0.76559313536596729,0.63748024246990354,0.086522202589972647,-0.64285684464537385,-0.7529549461928231,-0.14069088917323591,-0.02454034174784336,-0.16333336910832105,0.98626567524304687,-26.968136773032541,-3.4087758833064807,-1.0672857089060892,0.6728430038094667,0.3684230071061877,0.3061224489795918,1,5
0.44984729267191442,-0.89168907793263241,-0.050279235986661432,0.89286457695951282,0.45032023223654716,0.0021297063961717871,0.020742721293519874,-0.045850591425581864,0.99873292865473562,-1.4910575268911523,3.7604469422510971,-1.0604750840803379,0.4862507369477115,0.4369128954987006,0.9073684210526316,1,5
0.78872811182264113,0.60697415781748099,0.097418362552714313,-0.6142642519604693,0.78440377610291667,0.085965951393163292,-0.024236220500268288,-0.12764438012402335,0.99152383624329332,-26.423954710766886,-5.9165382560608428,-1.0890130808614156,,0.2149140297280691,0.1785714285714286,0,1
0.61300854646457914,0.78627736892002531,0.07738488925872751,-0.78822521128926715,0.61533247987447159,-0.0081826340210611487,-0.054051255761299627,-0.055980696099054705,0.99696771432925091,-30.491072989370274,-4.2677708460322181,-1.025801613796963,,0.1041735265785459,0.3157894736842105,0,2
-0.35128853973779778,-0.93537697128347996,-0.040820135245116088,0.93572049538719726,-0.34925977878585429,-0.049444528866134201,0.0319924422516253,-0.055565533516740082,0.99794236062198305,-0.053722043327493932,21.426234356892401,-0.29767779941513212,0.2897028683888481,0.2693217444891678,0.7045454545454546,1,5
-0.82126125883987033,0.56448215519664313,0.083005067274859942,-0.57047827005608176,-0.81007458298870905,-0.13540204352035742,-0.0091917420857691202,-0.15855303989587044,0.98730767515359996,-0.42515806542671092,12.388003867386729,-0.67066863524851905,,0.1210719472826823,0.1891891891891892,0,5
-0.67509871154184886,-0.72212838181947592,-0.15090503585143311,0.73709563848793069,-0.65179431431392998,-0.17847742588379328,0.030524570375465139,-0.23172132400541065,0.97230318245111902,10.71234744094383,-9.942321682700868,-0.8786351754538444,,0.5353798980747905,0.3043478260869565,0,2
-0.83944515528028285,0.52602196435169357,0.13650173733710416,-0.54334643460862142,-0.807617179641129,-0.22919237148432176,-0.010319073338299765,-0.26656215816971068,0.96376248762718753,-1.1613422875741788,11.106218643819469,-0.73737949163828953,,0.08448760609596588,0.4,0,3
-0.98676934796189852,-0.16194547580320812,-0.0077405936286007388,0.16157938122728802,-0.97836179574607163,-0.12922964128530923,0.013355054663208889,-0.12877056919729576,0.99158448103202368,-0.59536246334982246,-15.98186765291986,-1.000959534907871,0.9138584116317284,0.862370785115894,0.5393258426966292,1,5
-0.99623508339635325,0.086177539730403291,0.0094387634929436904,-0.086682080938612183,-0.99190914280685305,-0.092749497358885366,0.0013694723118221181,-0.093218474897354783,0.99564473607979176,-1.3791922381730455,20.657084476445245,-0.33981430843132709,0.6509169380803187,0.6484820637275029,0.7692307692307693,1,5
-0.94997792794612668,-0.31197752690209646,-0.014558815997057667,0.31193485325937187,-0.94547851454853127,-0.093632397433566272,0.01544615606675471,-0.093490113034239861,0.9955003842428225,-2.0374103110807962,-4.3177748372237339,-1.2235068375868161,0.6104276492740905,0.5608902083063971,0.9847619047619047,1,5
-0.81943117152725209,-0.56854275055472903,-0.072744043887729037,0.57270876974787832,-0.80700813809407212,-0.14402267218674972,0.023178010772027066,-0.1596778188779005,0.98689704324972483,-15.320622429654094,-18.615277643068694,-1.1176989332223335,,0.6230170706301023,0.2857142857142857,0,1
0.8294537300849858,0.55620837666321221,0.051368778239102596,-0.55811111063820373,0.82900116792289069,0.035623752815698552,-0.022770547430716794,-0.058217740527759819,0.99804418582422882,-11.568348128039323,-10.515402031939152,-1.211561966499604,,0.1318583006020065,0.1923076923076923,0,3
0.99611716761383484,0.081431017776659509,0.033460091584605306,-0.08751625336198135,0.95720735138531721,0.27585320707105887,-0.0095652382340582244,-0.2777104171574491,0.96061721326434812,-15.351984199973341,-9.1100971595040665,-1.2693015441142697,,0.3295489404835255,0.1111111111111111,0,1
0.71989652061966458,0.69049827995081348,0.07043525384826993,-0.69384815243123921,0.7185701248076295,0.047241053139243837,-0.017992803212895536,-0.082880040533997654,0.99639708847107022,-10.282706023869272,18.941430478853409,-0.50073921470973271,0.3796170524903286,0.2841748398788908,0.7666666666666667,1,5
0.41442419381827278,0.90005021624061299,0.13476719119764347,-0.90989646630396792,0.41277552907801318,0.04128902035553679,-0.01846640694960108,-0.13973536001883655,0.99001667711952168,-17.040990893250125,-5.6906690003088558,-1.301030817213757,,0.2393927800024588,0.15,0,3
0.86334827910266987,-0.48484494613994161,-0.13983964807241331,0.50460740286330141,0.83011311678049171,0.2372416117053085,0.0010573296614648092,-0.27538625882846024,0.96133307989606387,-9.5923422907567861,20.008591066937647,-0.45518572720937656,,0.4480229514846418,0.2666666666666667,0,2
0.061453005152724387,0.97871202143227776,0.19582213169518764,-0.99796740954691732,0.063566007976498723,-0.0045179765548599591,-0.016869429152101902,-0.19514646226329568,0.98062902293691334,-15.783567733200577,0.76078822882819275,-1.2112018314918787,,0.1908798823500061,0.3333333333333333,0,4
-0.99892640664902854,-0.046292383808413599,0.0017462246693137156,0.045666822581655796,-0.99036048764269291,-0.13076943768107505,0.0077830209145779644,-0.130549299950109,0.9914112692863547,17.652764979037833,1.3967271484301635,-0.649333492507296,0.3166189531248675,0.2732074186919115,0.5517241379310345,1,5
-0.086456004266380018,0.99353953633750369,0.073515638204063108,-0.99419518235216997,-0.08129847305364224,-0.070473382683693575,-0.06404138282413803,-0.079181740403992271,0.99480096163633025,-9.3102142520834867,-12.914710598660909,-1.1618880839361956,,0.2133910892297972,0.1818181818181818,0,4
-0.96420061096916743,-0.26512306639314531,-0.0051905176024600102,0.26493914066513963,-0.96233912613951655,-0.060915170890753795,0.011154978722655961,-0.060109616263359054,0.99812945076396253,-18.382476982512653,2.8104684695076658,-1.1085979151728802,0.2144503667626187,0.1880253788899698,0.7636363636363637,1,4
-0.76018530185873545,-0.64711607538201166,-0.05795767265969793,0.64908705601669092,-0.75253900425470877,-0.11122518054343108,0.028360193044671331,-0.12217132256596269,0.99210375838062159,-11.65411816498511,18.087043243965919,-0.52986554733232094,0.3486986906485686,0.2630646333692163,0.3448275862068966,1,5
0.83672860441768993,-0.54572024409441122,-0.045548410891733462,0.54748414450587679,0.83546324289824758,0.047563444793380566,0.012097688369854805,-0.064734727553925953,0.99782917425009454,17.130127919102311,10.066381248653807,-0.45835035451213224,0.3962246983595137,0.3406932455161649,0.9523809523809523,1,6
0.99134734199897689,-0.11789667327937692,-0.057713273527148251,0.12804508520763913,0.96533046901984843,0.22746767184830413,0.028894699613112775,-0.23288937290390715,0.97207388418920726,7.9068327165916408,11.805379298483624,-0.57940347237725831,,0.5606814710470045,0.3478260869565217,0,2
-0.98405867671133151,-0.17584766936047488,0.026572880341285333,0.16519016678627427,-0.95913340114455514,-0.2297288131819776,0.065884213482942988,-0.22167705336675295,0.97289185135058409,0.1524465760581169,15.180661587927681,-0.55839461915811717,0.7525935709267015,0.28411232964145,0.2553191489361702,1,4
-0.99995914919326423,-0.0019856640966950329,0.0088179976627538719,0.00098422645502251852,-0.99369065834916159,-0.11215126752692967,0.0089850566481503198,-0.11213800715059462,0.9936520196272558,-0.96184005231346448,-17.652573432537427,-1.0176667939019666,,0.1723221376168504,0.25,0,2
0.29324040393325868,0.9442357593713947,0.14976279987161148,-0.95482900885264932,0.29713160008097517,-0.0037915810404186264,-0.048079406761376675,-0.14188602100857048,0.98871468467289836,16.933802485856312,-6.7191920936845868,-0.7976557822705429,,0.3621252708901648,0.1851851851851852,0,6
0.70742757708593862,0.69923464471183316,0.10303948181660928,-0.70628933909994451,0.70484137824900317,0.065984854184954145,-0.026487594305303452,-0.1194551930338847,0.9924862035339107,-24.786653147565147,-10.904422320031102,-1.1329734027787186,,0.2992841586364271,0.375,0,1
-0.71754926447975209,0.68062967497603033,0.14787257550537058,-0.69631636331154223,-0.69602208066269899,-0.17520498113511632,-0.016327131687975577,-0.22868429935610254,0.97336371208241212,-8.8263452738184505,-21.596472147937707,-1.0529464943937734,,0.3544973325471295,0.1538461538461539,0,1
0.99849472895775693,0.050729515996622551,0.020851677398338,-0.054175304200658615,0.97154906391450035,0.23055900073869237,-0.0085622811412636099,-0.23134159291750073,0.97283490620354029,-19.36537591551031,15.250786081604879,-0.61203939574145172,,0.4052500321214249,0.3478260869565217,0,1
-0.57753170787315,0.80285223086965807,0.14793722245849669,-0.8162592022175541,-0.56493219281115592,-0.12071674416061808,-0.013343207870803727,-0.19047286660622126,0.9816017756150015,-28.326286134919997,-3.320506538375378,-1.03928561999275,,0.1580964977164636,0.2941176470588235,0,2
-0.15503738760973695,-0.98697972077174989,-0.042830354054898295,0.98736251132299013,-0.15336465998660301,-0.039931845701806093,0.032843259233933858,-0.048480014980540297,0.9982840319620363,5.7005698993783795,14.796433387163406,-0.49025682535689669,0.6085191362512438,0.2424677660889823,0.7926829268292683,1,4
0.39757359559837341,-0.91649574053935279,-0.044393621796441921,0.9172215825276806,0.39829081350899964,-0.0083064083548424657,0.025294359616309318,-0.037416379402124667,0.99897958433795708,-21.913867276383755,5.1533188948787734,-0.98145428382541255,,0.1469661172947703,0.5238095238095238,0,1
0.67592604935532097,0.73581445585849869,0.041243937161388904,-0.73659093382218077,0.67631354826326529,0.0058121120534707993,-0.023617197417952804,-0.034308468126923702,0.99913220196373798,7.7457108092251978,14.372805558638433,-0.47379127719466474,0.7043629142812422,0.6363045000611683,0.975,1,5
0.89664524539953916,0.42849794080006309,0.11143077955621948,-0.44231009974516494,0.87813394817816326,0.18232538144880961,-0.019725099893872618,-0.21276814561192528,0.97690359639374846,-26.279369298925118,-8.8649000688469144,-1.1213460487242404,,0.7151558329320062,0.4571428571428571,0,1
0.16550096526092431,-0.9814652566248564,-0.096619773007433005,0.98561426894952675,0.16800905662185808,-0.018370349374020541,0.034262856576658215,-0.092189516385209433,0.99515182245116185,-5.6576385186889855,13.100773475804326,-0.71273275016568671,,0.1512441209210164,0.2790697674418605,0,5
0.032012808423162349,0.98611607749376418,0.16294251073668747,-0.99837876776792378,0.039226084649567658,-0.041245003979488444,-0.04706395825963821,-0.1613579746754977,0.98577309145743941,1.1302940340183356,21.169451815580906,-0.29489776228293024,0.888558551792984,0.5973039139871172,0.2950819672131147,1,4
0.23526803594589876,0.95898650972600541,0.15809435608424868,-0.97156063155761652,0.23653364668372304,0.011035089209636804,-0.026812132879057683,-0.15619445620774644,0.98736234553503277,22.312733916800557,1.6082152139596537,-0.59199746466111303,,0.1759419857645215,0.3333333333333333,0,4
0.99905626433787331,0.0418692188778962,0.011556348809563941,-0.042651072626523033,0.99598362301363885,0.078724257331729719,-0.0082138109949368328,-0.079142853114985451,0.99682944484488367,-11.997193583328819,-3.9019885427114085,-1.357578260267398,,0.08528259691450928,0.1910112359550562,0,1
-0.11128012928249192,0.99329543920026597,0.031319375645485648,-0.99337321928892464,-0.11026668923264296,-0.032417656380895471,-0.028746826371443705,-0.034719270004176649,0.99898357957673523,-9.2387166478404072,-10.423625103658518,-1.1997224682264078,,0.08725638479678136,0.410958904109589,0,4
0.9825812988293926,0.17342229133155793,0.066773498186453242,-0.18541471948195928,0.9389957037380301,0.28966955338963019,-0.0124648702428201,-0.29700467543598308,0.95479466367329235,-10.951661694932078,13.242455883405288,-0.72743913718234954,,0.2478562015837164,0.2105263157894737,0,1
0.99932889852905393,0.035488028063437191,0.0090748239033651302,-0.03574465029945393,0.99891411692252685,0.029881549288117957,-0.0080045324459416967,-0.030185872143391464,0.99951225134225574,-17.222955370948267,14.175410096623899,-0.66046613820755073,,0.1001644624972063,0.4482758620689655,0,1
-0.71445049386683901,0.69670379171584851,0.064531530449768434,-0.69949791285888152,-0.70907578758661616,-0.088961774737740182,-0.016222259999715511,-0.10869845475985132,0.99394239481638069,-36.736034681365879,-1.9298388187887541,-1.0061764775649833,0.4914196607396265,0.399183385678909,0.7419354838709677,1,5
0.71886813931907756,-0.67236725590812985,-0.17649609472874803,0.69187031673487498,0.71665562440711594,0.087864559560899974,0.067409666169709656,-0.18527544140608179,0.98037184155741142,-5.4919092448320468,-11.672355355273888,-1.1592950506664657,,0.4798243993762539,0.2173913043478261,0,3
0.10627958472884298,-0.97339146008327171,-0.20301161372399731,0.99355349917036528,0.11205875400356212,-0.017154589400284369,0.039447359305635414,-0.199879716550044,0.97902604906901536,7.4204304072871627,4.3350583154716507,-0.84843934664143628,0.1205604119725868,0.2308786124230474,0.4594594594594595,1,5
-0.43569138237576033,0.88258108645285804,0.17670213682689326,-0.90009502458647428,-0.42751853225714131,-0.084005067057721941,0.0014021548315845055,-0.19564899798463242,0.98067298502071321,4.0354206499426573,14.285003082916074,-0.52391787934004275,0.4671824411618479,0.348056676755313,0.1904761904761905,1,5
-0.96691812321369019,-0.25508648739393058,-0.00047639263481378863,0.25467595175852875,-0.96525263019886987,-0.058545021052631617,0.014474204530958131,-0.056729567627398475,0.99828465557675761,-17.253363149601068,7.7598748885414892,-0.95741778997533111,,0.08222997047612382,0.4166666666666667,0,1
0.56708922088983249,0.82290479022366669,0.035178427729309118,-0.82314251564859497,0.56772671758968951,-0.011080300832524443,-0.029089765936930443,-0.022673340331324544,0.99931962112026695,-32.400703214033221,-5.3705351032970716,-1.0249208316241631,,0.103183789967399,0.3,0,1
0.1841287639348532,0.9805874977282748,0.067414817294298851,-0.98242634990026323,0.18574005098855281,-0.018414681110870412,-0.030578837673599597,-0.062839420412432095,0.99755508215274036,-5.1351839155412602,-15.084540576136908,-1.103286359868636,,0.07937912795061339,0.2352941176470588,0,5
-0.87049335823977436,0.48946697296685382,0.051608096604182627,-0.49205984398672781,-0.8631646522152856,-0.11324262934877295,-0.010882242241309138,-0.12397122868122136,0.99222613917547597,-32.431972309532455,-1.5092933864906188,-1.0185683054257704,,0.1416526616104106,0.3703703703703703,0,2
0.99423190099271352,-0.10551902751861374,-0.019200569781699435,0.10724910336078568,0.9793918333504642,0.17114107220280117,0.00074624173253969907,-0.1722131574472256,0.9850594253776439,-12.323326625093694,-16.686902026282137,-1.1606951046089133,,0.3567293988757455,0.5660377358490566,0,5
0.56721165182095834,-0.80972504561365033,-0.15038714221805258,0.8232978842038946,0.56220069810619511,0.078172686497895591,0.02124937420093468,-0.16815387463534609,0.98553170346833063,-10.252242068619317,24.046064733988647,-0.29671928501457007,,0.1064227885708723,0.5555555555555556,0,1
-0.81103159641242384,-0.58168203097240856,-0.062239573139033728,0.58366011510099158,-0.79737517096783606,-0.15340699711652994,0.039605803375419413,-0.16074467819442045,0.98620105899920796,1.1331831580415048,2.6013401706660644,-1.0773628553164105,0.2522895858467988,0.2063952203557781,0.1882352941176471,1,5
0.87977104271290152,-0.46217614943353957,-0.11133786102957612,0.46925141389128666,0.8817832340574514,0.047554586489744644,0.076197263499964293,-0.094082596849623626,0.99264416686199719,-14.582175381093753,2.6806042359930893,-1.1710665281872132,,0.2366909685479628,0.2580645161290323,0,2
0.94424706470059006,0.32776779548644619,0.03107656747896986,-0.32860899647374964,0.94406673168776256,0.027461492255541203,-0.020337360714578423,-0.036142473107705811,0.99913968662886354,20.162348116089291,3.2117857092300457,-0.58929491180759497,0.2865454791916863,0.3018698649577432,0.9032258064516129,1,5
-0.98595716815235401,0.16225917421415767,0.03950218920936039,-0.16698960053847023,-0.96035342288349401,-0.22323928074593094,0.0017134412726033941,-0.22670082386109242,0.97396293593735317,-15.265910552351107,7.6273362127548969,-1.0045830450856845,,0.136360282385483,0.4347826086956522,0,1
-0.6735812829923149,-0.73767312338187485,-0.046115271249957845,0.73859826591365729,-0.66947211625468805,-0.079244477074485814,0.027583632678931071,-0.087438255915243998,0.99578797673537633,0.08949043619593515,-7.5762032411983853,-1.1370272683255072,,0.07595056687822918,0.2391304347826087,0,3
-0.75237537303554936,-0.65422086737523855,-0.076982821073330224,0.65759754181230046,-0.73906658694270844,-0.1461028852120155,0.038688125465542393,-0.16054792666255835,0.98626953323739841,-19.349541984611736,0.80567097372916296,-1.1603989768330061,,0.157499063030146,0.4,0,4
-0.084776282152990004,0.99257441167474125,0.087229692610132567,-0.99639174047560441,-0.084093395801883936,-0.011480430937185029,-0.0040597409169083739,-0.087888213493330647,0.99612207104984785,-14.160057301192436,5.9562434878219506,-1.0831159613603434,,0.3638151065382392,0.3832335329341318,0,2
0.64374423040980355,-0.75181239802786959,-0.14272870764381748,0.76500635684874752,0.63686998154525865,0.095717817503059341,0.0189377874921276,-0.1708061614173397,0.98512263978997883,-14.584935293500729,-8.5785652818637832,-1.2827800721041998,,0.2115517724689609,0.2,0,1
-0.99780812740230451,0.064761463965678015,0.013597561359641692,-0.065996186379642024,-0.98893319013502068,-0.13287456051748775,0.0048419286705385575,-0.13348070360315814,0.99103958422070892,-2.9247965075385043,-10.23387551232139,-1.1465188393870802,,0.8981044466524395,0.75625,0,2
-0.83750065750725666,0.53972598421364182,0.085372774580242103,-0.54629131702326961,-0.82339750923017163,-0.1535654216890365,-0.012587518416857915,-0.17524954709831844,0.98444357411785666,-6.9922418867522369,27.320666006867423,-0.14314103842577691,,0.2488032611126159,0.2941176470588235,0,4
-0.90313237322912565,0.42845251902143888,0.027934841501438962,-0.42910234627978305,-0.89841011724700559,-0.093436810976223278,-0.014936292803508618,-0.096372714875139084,0.99523324250392797,9.3508727665128983,27.22826763484478,0.029399329823710761,0.5975236049186815,0.5350448377281751,0.7222222222222222,1,5
0.61875610331111153,0.76738687509241521,0.16810195879628581,-0.78455974570502818,0.61455556840774661,0.082386034971308378,-0.040086032910620205,-0.18286289201183067,0.98232086035600352,-21.66447087209065,-4.5214781365457828,-1.1745149470356753,0.8946549984145302,0.6409555441223135,0.3833333333333334,1,4
-0.99972574642365453,0.021667242373741416,0.0088860871920632169,-0.022755916595156165,-0.98841490513414287,-0.15006046637465215,0.005531744533300624,-0.15022152281408066,0.98863688677180006,4.9887010505813976,-6.6347838747913928,-1.0496301044664547,0.2087828194156564,0.1766347263843648,0.5,1,5
0.87126619518907578,0.48678104492175861,0.062764890071066795,-0.49022885092833696,0.86931363480483348,0.063003794011880276,-0.023893322042666577,-0.085662235829389519,0.99603769532808151,2.3156904780552061,8.1789056902257773,-0.81173893360425953,,0.09883157251266285,0.3333333333333333,0,5
-0.89028016907358132,-0.45499681121179081,-0.01947106420863947,0.45501700233917181,-0.8869090831645039,-0.079698216934714516,0.01899337085903903,-0.079813407316069299,0.99662885362406084,2.1947804536736628,-5.7075863020965114,-1.1147649351915481,0.2033231595403452,0.1469900383073913,0.3478260869565217,1,5
-0.80082495661966324,-0.59842857704758035,-0.023719760283849704,0.5984563959584096,-0.79808446164876234,-0.070079484952992918,0.023007194344072959,-0.070316642749879005,0.99725936383711145,-3.4753399717154259,3.3970544794437485,-1.1025457483548728,,0.07774906691640096,0.4060913705583756,0,5
-0.47825488667068289,0.86896199922192829,0.12719004396508898,-0.87815899365092587,-0.47490125674088451,-0.057494158102552581,0.010442473155573402,-0.13918994307836224,0.9902106414800016,3.2568480454582098,-14.190715245217838,-0.96736703739268193,,0.660568951213594,0.3333333333333333,0,3
0.058093161522670848,-0.98978407297167803,-0.13020243268041098,0.99758201171260374,0.062538747678333312,-0.030315589162347584,0.038148584400149871,-0.12812647630533611,0.99102386024648392,2.3364617278143283,-6.9317835147456872,-1.104639820419975,,0.264996714404804,0.2857142857142857,0,2
0.077778331057352226,0.98373401692130025,0.16191947124980396,-0.99667206060202107,0.08069748730492185,-0.011520380114946469,-0.024399484282537274,-0.16048457712364494,0.98673672561235437,-4.2115578310162141,-20.66938617914456,-1.0359013698461805,0.2594853952612685,0.3192546706414336,0.4444444444444444,1,5
0.53635245016367095,0.82076259207385804,0.1966591382459231,-0.84394016227666546,0.5241900323983536,0.11397285830691858,-0.009542101438509646,-0.22709816684952611,0.9738251233736589,2.5291724552904897,-10.886447077291303,-1.0839742686904088,,0.4326027558153229,0.24,0,6
-0.91027990840001904,-0.4128289734722565,-0.031027842739962997,0.41354322377157582,-0.90323879000405516,-0.11463721169246298,0.019300011291840981,-0.11718330467201059,0.99292274758426247,5.2091391323388478,3.0402209808913541,-0.94836910344332792,0.3344158283431017,0.3210891643620483,0.4039735099337748,1,4
-0.82749207864006324,0.55506327051045001,0.084626387836124084,-0.56136082473696791,-0.81479823562981857,-0.14483735590366692,-0.011440464963376733,-0.16735770357165308,0.98582986098851966,-26.280951511733146,11.543368834560649,-0.70966090481997979,,0.5511580150035954,0.5517241379310345,0,1
0.39143874345590685,-0.9173227727760086,-0.072764281541125561,0.91985307176335962,0.39224829561303215,0.0034060176428087974,0.025417247867787946,-0.068265695156547984,0.99734335029398014,-12.882125646638469,-12.523129172981259,-1.1915348147365752,,0.09054180691718619,0.4545454545454545,0,1
0.20478978108068488,-0.97313278235600642,-0.10523180825674144,0.97735285359298418,0.20915663144428406,-0.03216990979986388,0.053315524367454105,-0.096260539303176518,0.99392724252557108,-8.338035329634705,-17.775745643898382,-1.0695576100828796,,0.5026288778858337,0.6071428571428571,0,2
0.64237625071630455,0.76503785785162071,0.045495368659531056,-0.76555049169088152,0.64331829800060902,-0.0086030302480583475,-0.035849646964967029,-0.029302619531415247,0.99892750452727253,33.325997883861646,-2.200678554364031,-0.58009639762251475,,0.2154180214572991,0.6153846153846154,0,5
0.073262690896641253,-0.97888808865997567,-0.1908158484041684,0.9951136597489777,0.084449306572540059,-0.051157783380565598,0.066192010874265877,-0.18613550037281049,0.98029189183496979,6.3246349437955081,-13.956536329072708,-0.93753942381030975,,0.6027317796535647,0.5625,0,2
-0.560369273073687,-0.8272816260720206,-0.039892216765948806,0.82774985005393276,-0.5577240627851463,-0.061433342137005756,0.028573825969930206,-0.067446133722134108,0.9973136695721041,20.558914945652354,-0.9486092081733658,-0.67299939855702617,0.6088213874314156,0.5636009606849983,0.6129032258064516,1,5
0.42368638171150658,-0.88747438192935058,-0.18132587066199188,0.90553056470621862,0.41994551339153419,0.060499274087858469,0.022455429968020513,-0.18982883659085761,0.98156037331562707,9.9421120493559005,-5.1698338004283375,-0.93345623167767167,,0.4042735748803536,0.1904761904761905,0,2
0.61576088281228014,-0.78520679823892048,-0.065489076933664445,0.78754153141613392,0.61594531248300466,0.019741031506548015,0.024836897812939292,-0.063731122927464218,0.99765799374205999,-9.6086130290978389,-9.5666226239581782,-1.2261697181393272,,0.1097057689866298,0.1666666666666667,0,3
0.014229558065529148,0.99149825137918535,0.12933961956522697,-0.99925067679495672,0.018757324004876681,-0.033856280377464076,-0.035994507943311493,-0.12876094247944123,0.99102220716274825,-4.8255469423487432,7.5028862386396113,-0.96016057165764879,0.591607290564118,0.3177345333507698,0.3545454545454546,1,3
0.65004351674551164,0.75684375885173993,0.068051091279246342,-0.75928623411075213,0.6505010538049284,0.018242633817217906,-0.03046048304014607,-0.063528762665790925,0.99751504013078107,-6.9428468860139736,-13.575321525957969,-1.1445228292942877,,0.0879824614290753,0.4347826086956522,0,2
0.9271988080718444,0.37185046952765011,0.045051066826643331,-0.3736771984853019,0.92657237875055098,0.042766555492852375,-0.025840310414715489,-0.05648765571886525,0.99806884687833985,-3.9427017940272542,-13.317772492025107,-1.1440504182642455,,0.07197497021671981,0.4074074074074074,0,4
-0.90067429619215644,-0.43007802968586734,-0.061795635446898582,0.43405706726549587,-0.88423694704915989,-0.17239339845266155,0.019500629108842905,-0.18209313511141351,0.98308789821137332,-16.66398391753674,3.6499652711480217,-1.1058697465318426,,0.1865329544361451,0.1,0,1
-0.74396515369704341,0.66372835809489927,0.077333800793602483,-0.66816270916986342,-0.73741018276626769,-0.098918231016374716,-0.0086281028809297861,-0.12526327879019275,0.99208601785702388,10.896570966926332,13.768778494693018,-0.45135608217789946,,0.3471480166355895,0.32,0,5
-0.58752358372962143,0.80821385733262152,0.040079912387976695,-0.8090545690137626,-0.58573045812191538,-0.048482314159352773,-0.015708052694646667,-0.060911339205572144,0.998019571870575,-6.8612131526637246,11.987875072422888,-0.78015938525769346,0.2000826909441668,0.1862632991671473,0.6727272727272727,1,5
-0.55671612681477134,-0.82935971541713138,-0.047218816033169277,0.83037844416581952,-0.55401068294901679,-0.059529846657934482,0.023211928164469934,-0.072350712654257687,0.99710911176726702,-4.4768492432204816,12.54297356822968,-0.72637584459452853,0.2330942005765913,0.1659968894516056,0.3170731707317073,1,5
-0.94885722949051532,-0.3154639600412808,-0.012346981763109157,0.31395120052074321,-0.93874560922436689,-0.14209618169943147,0.033235549268355931,-0.13870533903583912,0.98977584694100551,-8.992000191523438,3.8982588722978964,-1.1474993152601223,0.5448708006445891,0.3948838160087067,0.4098557692307692,1,4
0.59399660750690686,-0.76013283947515087,-0.26337444185366909,0.80420680364059272,0.56941397368589097,0.17035006178286483,0.020480411335424813,-0.31299487683137772,0.94953396981300431,-6.5993705963506351,-18.253994857010792,-1.0297860003169006,,0.4756109773882413,0.2727272727272727,0,1
-0.99709664624407079,0.072868643741034106,0.022100651758943393,-0.076034911992535023,-0.96848031380660671,-0.23720154705934274,0.004119491123342635,-0.2381932881682445,0.97120903376383683,2.5364964922469726,13.350071993687008,-0.58391949420831324,,0.09743016756429608,0.2083333333333333,0,5
-0.87191893362009121,-0.48960072749830374,-0.0069642535805530632,0.48899434887186788,-0.86992695478116289,-0.064121916039293167,0.025335744831768758,-0.059314593299658658,0.99791777169039086,-12.894591260812577,5.8921276727899912,-1.0997240900660059,,0.104601814625727,0.2807017543859649,0,2
-0.50095335200937197,0.8487859417051572,0.16913948171336168,-0.86523597218964066,-0.4865726486560909,-0.12088742700894974,-0.020308902964515978,-0.20690452567183415,0.97815032879250807,-1.9777595820582066,-19.600198086407968,-1.0199180323732704,,0.1319960946631927,0.375,0,5
0.98812849326486463,-0.15342936351271896,-0.0078429082738086953,0.15361481812608224,0.98603427240552932,0.064334293295174858,-0.0021373933190110043,-0.064775335227081662,0.99789758367079906,-16.052992084832329,-11.902419566880312,-1.2095663912769878,,0.1257564716092816,0.2,0,1
-0.93817474420769731,0.3457402069944136,0.017083869534867246,-0.34613815247526758,-0.93638726532382055,-0.058028171954556521,-0.0040655543081725282,-0.060353944418233718,0.99816875960998197,-10.702354079714587,-13.02628951319512,-1.1778379644159942,,0.07385118809311705,0.2608695652173913,0,2
-0.73144527322046093,0.66713751418621248,0.14112175398884119,-0.68148392811309311,-0.70794348082896452,-0.1854607335133733,-0.023821586995714423,-0.23182658414688145,0.97246540651881019,-1.7954448954325235,-11.34167460607086,-1.1473698964152288,0.4163810245159503,0.4721623527772505,0.3043478260869565,1,4
-0.85275363021388828,-0.52229343895396407,-0.0045617740712735264,0.5217818755170055,-0.8514595112013349,-0.052539272613350514,0.023556751452429182,-0.047183306480425721,0.998608439304707,8.9521355235961959,2.7083857373408571,-0.82742384097652333,0.5614374116155662,0.502821506695054,0.9879518072289156,1,5
-0.99540081739938457,-0.095797378974347147,0.00027368281724584839,0.095171253864743593,-0.9892130749380742,-0.11135494964021396,0.010938242932558389,-0.11081676115645764,0.99378066004946108,-7.7807901608600716,4.5400535974437251,-1.1035974471765875,,0.07564437951537707,0.2391304347826087,0,5
0.25071231501616342,-0.94254024984162288,-0.22081941157363713,0.96624574751507153,0.25760973148952498,-0.0025261929726567343,0.059266267878755607,-0.21273246971345491,0.97531144042369211,15.009338045825977,-5.4026882094328652,-0.84882927500592043,,0.3400205920729062,0.2666666666666667,0,5
-0.71926808591144054,-0.67643233737447217,-0.15840679765528409,0.69435048482225414,-0.69237467715985246,-0.19620068974112101,0.023039635769566739,-0.25111073131568762,0.9676841301797332,-5.2019829717986807,11.730154209869859,-0.76523507139937885,,0.07361038020728368,0.4444444444444444,0,5
0.12231583017695341,-0.99165891280530838,-0.040637892931556348,0.99199152078171016,0.12345087178768949,-0.026696534457664824,0.031490639645972776,-0.037047036435501966,0.99881722887925484,2.0290014671562666,-8.0843170862704632,-1.1026723366156608,,0.1412785981006124,0.5087719298245614,0,5
-0.99536694563273931,0.090140269144622198,-0.033457068315788208,-0.083123666830424894,-0.98162970235085556,-0.17173696013157991,-0.048322867820699264,-0.16816021925861774,0.98457454827172797,-24.175079186391354,-4.0870620171963772,-1.1181357277212383,0.5601236171809063,0.4774358968691399,0.7063492063492064,1,3
-0.66755853482497829,-0.74413024093486435,-0.025214819225016005,0.74332953895785059,-0.6641314055688019,-0.079941682806391329,0.042741070354385326,-0.072108672595114387,0.99648057695146919,-5.1462667040979353,20.16569511663133,-0.40202773976576345,0.2943379841549776,0.2567225259707733,0.4,1,5
