axis_00,axis_01,axis_02,axis_10,axis_11,axis_12,axis_20,axis_21,axis_22,location_x,location_y,location_z,dbh,dbh_approximation,score,reconstructed,number_clusters
0.17501588726650735,0.94894730450096909,0.26242799485699347,-0.98348414429220898,0.15600960701078462,0.091760233468328831,0.046134337863882491,-0.27415327063649197,0.96057878753862558,-2.654351826650085,-12.834787435631156,-3.7939824137736013,,0.4477042814645953,0.2527472527472527,0,1
0.5403406183044952,-0.8041130948985955,-0.2478591269711824,0.84143604558608576,0.51490030579030344,0.16389953107163277,-0.004171018912059639,-0.29711917762011436,0.9548312923713701,7.9252102185070239,-15.672610788081847,-2.7540559867823102,,0.1656400291476969,0.4166666666666667,0,5
-0.49646115938262808,-0.86412368667006922,-0.082562530001113396,0.86596557231826776,-0.49962007345288312,0.021986581417541683,-0.060249023095409894,-0.060580824843045042,0.9963433237982704,-8.7183811592538181,6.1542683232839499,-5.0550406207554719,0.3602145888277267,0.1902039662256697,0.8607594936708861,1,5
-0.7487165706370057,0.66156918815337762,-0.041829488876178204,-0.66254879023440894,-0.74886468474054546,0.015191593312241293,-0.021274336945781586,0.039088274898288915,0.99900926389748412,-15.781050161803293,6.0728147868367426,-5.7695033481550233,,0.1038592534633936,0.1739130434782609,0,5
0.93324587211603982,-0.346306414592989,-0.095519680642896038,0.35803714800115427,0.91836815472374533,0.16855068389212252,0.029352049835940686,-0.19149882402002241,0.98105385049413918,-6.5510106459506714,8.471574318970756,-4.9294809922175009,,0.1426203157788887,0.2465753424657534,0,4
0.16601442139320677,-0.97979512871259489,-0.11153796501886341,0.98581746457246,0.16208102199713692,0.043516305591019724,-0.024558876875911486,-0.11718040817233073,0.99280693667357123,-15.089312515194832,22.770092982324833,-6.3344609461801502,,0.3462219910261104,0.8292682926829268,0,1
0.99753270024534779,0.035769712038456199,-0.060407281365005436,-0.031295227103001082,0.99680705747808485,0.073459505324048199,0.062842029739630448,-0.071387799115592579,0.99546705693138593,-6.4550686503852059,-1.784113013069196,-4.5191993735280525,,0.1249000132836727,0.660574412532637,1,5
0.15276563049886249,0.98791681069341131,0.026134982067022888,-0.98722605464062141,0.15134124069423921,0.049805079096828193,0.045247974286126653,-0.033409639544403083,0.99841695538913766,-21.055602954207856,0.3380086394098023,-6.0606589528845589,0.451211532099776,0.4175838356195128,0.9315789473684211,1,3
-0.94930118213272685,-0.28343206323748255,-0.1359909229704318,0.306103669610514,-0.931920167768857,-0.19448738868276702,-0.071608721901619724,-0.22625442854142785,0.97143251155857824,8.0883401565515349,-23.350174863682284,-2.426897995100902,,0.3745856617056099,0.4375,0,4
-0.87796374264115096,0.47681905866775603,-0.042699553847081538,-0.47497447700701445,-0.87875575341021073,-0.046771487472259343,-0.059824015240185394,-0.020782471933088076,0.99799257314916645,-31.871561011132016,-2.1102215625355907,-7.0451526572907479,0.460715403309413,0.3457390673417027,0.8243243243243243,1,3
0.9137511813833975,0.40568685182172637,-0.021839340178283193,-0.39984602274386954,0.90751778266248107,0.12858706096370348,0.071985669520780435,-0.10876420555656607,0.99145772021468204,-11.430758525416321,15.685746393063475,-5.6925895080884894,,0.3883687848931267,0.2857142857142857,0,2
-0.38398609698978969,-0.91841668625988238,-0.095212749765804003,0.92167646247155821,-0.38743650051740763,0.020135952739821498,-0.055382089563895155,-0.080023424484600938,0.99525327213192072,-8.7206912967636629,-2.0500519286161705,-4.7190080015191258,,0.2154217625104869,0.7670682730923695,1,5
0.37212102385152596,-0.91210947694611422,-0.17199490013595559,0.92810711918567679,0.36325774005646705,0.081614885933459017,-0.011963232195159138,-0.19000030619489428,0.98171114118221692,-9.3194573961571336,-14.623720857661858,-4.3541692609056746,,0.1313776863461283,0.3225806451612903,1,5
-0.22539739536006181,-0.96223768035968249,-0.15262588463598789,0.97345993212235582,-0.22880484633800066,0.0049094647959413889,-0.039645614098392783,-0.14746860272024612,0.9882718434188541,-0.72337625598683286,13.883992554164632,-4.6059513293959986,,0.1810151040618117,0.1111111111111111,0,5
-0.9763110840551098,0.21086579451753976,-0.048500349005175733,-0.20813420695993878,-0.9765054755254069,-0.055831963623509347,-0.059133907737392979,-0.044414783252721371,0.99726150431284577,-3.8179153989555328,-28.717037069105903,-3.3748145334399045,,0.4036325154564532,0.45,1,5
-0.71915428308189233,-0.68650976118831464,-0.1073380869874852,0.69105436048512148,-0.72276539146796792,-0.0073525336214712127,-0.072532668360327263,-0.079464059104217583,0.99419539092233389,-6.2969224792389147,-5.2481157100916134,-4.4204295309520463,,0.08642080042116417,0.4086021505376344,0,4
0.25033330361303779,0.96303855498906099,0.099448372066936644,-0.96707812250618885,0.243876924115602,0.072690789332745462,0.045750869632032988,-0.11437127038069553,0.99238403374873907,-19.26772405147663,9.6104149200225439,-6.2726106033478937,,0.1935190515295081,0.3333333333333333,0,4
0.5041507422396172,0.86284215349538673,0.03654377170858477,-0.86190029473251351,0.50003300019277241,0.084231114549338432,0.054405064463264347,-0.073962266525985934,0.99577591459679804,-7.259240383973637,-13.787119103751289,-4.1937413584506666,,0.0886705069316156,0.2564102564102564,0,2
0.88465302221835507,-0.433255500427356,-0.17227507547342011,0.46490835051842666,0.84769442679451157,0.25548852107239661,0.035344814303755794,-0.30611081348257874,0.95133953663813808,-17.332539717883996,10.894912048915163,-6.1108868885148757,,0.3463005001056812,0.1063829787234043,0,2
0.33614456857788361,0.94079884942994296,-0.043638903823102176,-0.94015315824469636,0.33794022536830909,0.043685731315130004,0.055846826750585117,0.026342531945692357,0.99809178082608152,-6.4607545330470995,-15.072658945038519,-4.0695202813134683,,0.09237244974883153,0.4285714285714285,1,5
-0.99793920662096147,-0.013202304485467102,-0.062793622645922198,0.020388150168020744,-0.99313180702058856,-0.11521083810452014,-0.060841295363031941,-0.11625365818025994,0.99135433813458207,-16.685574676454372,5.2804664005315454,-5.8370110605341372,0.4015831315539686,0.2058774337296939,0.1851851851851852,1,2
0.20225751615669635,0.97599097799133827,0.080830118381917435,-0.97698507760248832,0.19537325040213063,0.085612213902961601,0.067764705416490906,-0.096285533216664804,0.9930443297219913,-10.911826213763023,14.503321452008299,-5.5592814858858279,,0.3604648196060732,0.131578947368421,0,2
-0.70940223231703625,0.7031009288713248,0.048964850698077746,-0.70430495250508651,-0.70457372253788109,-0.086777896874259117,-0.02651427276793546,-0.096046620603705266,0.99502363791529824,5.5467087758692388,-9.5728597037517584,-3.1783349937111067,,0.1193433527637985,0.2941176470588235,0,5
-0.11057484403606274,-0.97940267907870915,-0.1689485012654707,0.99280398170649531,-0.11671196365231241,0.026806183020929776,-0.0459723588053811,-0.16476865525296261,0.98526028666134746,9.1410185554472179,-8.8183539064807874,-2.8760067249347219,,0.483559559124642,0.7127071823204419,1,5
0.6458449317483167,-0.75106005750057181,-0.13708797964172564,0.76227079951667487,0.64440559509942574,0.060701377321808615,0.042749881160322682,-0.14370184073905615,0.98869723810122268,1.8386060590855753,-14.105264570556757,-3.3786227367125288,,0.145907274061707,0.4761904761904762,0,6
-0.32328890383653541,-0.91706069350994501,-0.23341801360484143,0.94216861632901783,-0.33495650829279855,0.011065078262736051,-0.088332231155085164,-0.21634190988191587,0.97231352709288688,-15.734300968280449,7.9458895416467703,-5.8191685321701572,,0.4211674786006978,0.3818181818181818,1,4
0.92372587225176339,-0.33422476702235365,-0.18714785075328255,0.3709981731814197,0.9022175196879626,0.21991794529812886,0.095346045690257716,-0.27257540658862645,0.95739844333186441,3.8917788395475781,-3.8901174357596178,-3.5025006719251142,,0.3120133674496845,0.2880658436213992,0,5
0.5946590135047003,-0.79759899020667158,-0.10107674549031605,0.80396286057895316,0.59070172104072249,0.06866728165024874,0.0049372530138492758,-0.12209556740859165,0.99250606847104528,-14.417251197967277,-13.567439686913112,-4.8613529555854651,,0.5397216515407569,0.5846153846153846,0,4
-0.1631078866986142,-0.97114152798356135,-0.17401134998174106,0.98474028604100972,-0.17109500678293746,0.0318287244767822,-0.060682669227584085,-0.16616447056968137,0.98422913103388454,-17.992609771146917,6.4076235368818137,-6.0055839007615344,,0.2018567923564741,0.2727272727272727,0,5
-0.99062616757794042,0.1235192877366874,-0.05833336666835031,-0.11491326492009434,-0.98442838574862557,-0.13302516633238826,-0.073856195781037734,-0.12507493309763071,0.98939452366352654,-7.5975243677821984,-4.9248779014012767,-4.5318443109972462,,0.3623225888751493,0.2021857923497268,0,4
-0.6176789045988097,-0.74571174296839837,-0.24977343175896241,0.78331784726631193,-0.61160875375962076,-0.1111210262671998,-0.069899363142211929,-0.26428910065236888,0.96190714224850038,4.8754491549654082,10.72556273085832,-3.9952262187560246,0.2681325976601563,0.2063662546177927,0.3333333333333333,1,4
0.82976031663749805,-0.54654730310918842,-0.11306574369680518,0.55692660833366736,0.82405820165390942,0.10373443602238561,0.036476977171863614,-0.14904403963593243,0.98815753014658836,3.2562985601158139,-16.125518256417735,-3.1662046732409164,,0.2576525195649623,0.4666666666666667,0,5
0.81308169989989731,-0.57511776507665602,-0.090209232238868911,0.58120074249621667,0.81079492575538081,0.069406666042777385,0.033224181099619624,-0.10886296276769011,0.99350138858871317,14.194030321459824,-7.4552398209652733,-2.4900384372123083,,0.08549637988131017,0.3,0,5
0.79721917119717789,-0.58441649006565577,-0.15132402061478498,0.60225738534445061,0.78719420095968129,0.13270769297035792,0.041564827363414686,-0.19693312599658847,0.9795354557194248,-7.9832414244999663,-13.275500009199201,-4.2810734550127121,,0.2144568944291312,0.3255813953488372,0,6
0.020860207393805355,-0.99143281553344409,-0.12894116499751926,0.99915466460107893,0.016103501248009765,0.037823715489926531,-0.035423268530656374,-0.12962117701589274,0.99093064465462055,3.0278300958043656,-17.279944861879365,-3.143860986064106,,0.1135701060188425,0.5,1,5
0.43956039455211171,-0.88706897705474375,-0.14105066284226836,0.89819059402572687,0.43298586910787201,0.076005881065964523,-0.006349515328328669,-0.16009955371565571,0.9870804509031389,-4.9453724392896206,-24.384308734706,-3.5976347665901964,,0.1724978942994865,0.3333333333333333,0,4
-0.40242230663677209,-0.89604948246443716,-0.18748763184902215,0.91360932209300683,-0.40609392444200554,-0.020142768331274909,-0.058088671063267379,-0.17939634752833003,0.98206041402125488,-13.508617284795328,10.870961603634649,-5.7002060874254257,,0.2378833837061849,0.2173913043478261,0,1
0.18096291145257129,0.98317617675100355,0.024840091543500063,-0.98307253837652386,0.18009265102890448,0.033690077698338469,0.02864976384802705,-0.030516266394528504,0.99912359021133701,-29.319503833142747,1.7124160141439047,-7.0045866725262185,0.4453928351906179,0.3534567224499225,0.7228915662650602,1,3
-0.42773563146824428,0.89439346138171927,0.13077677855830988,-0.90389707391843455,-0.42379359370126207,-0.058043687852011493,0.0035084660685796485,-0.14303610095146119,0.98971125308872232,-9.7374427178979701,-16.193584291181256,-4.355469178498077,,0.2755493897565774,0.9333333333333333,0,5
-0.76420841837777853,0.64467832156402394,0.0193740802601566,-0.64446164758793623,-0.76207056438101262,-0.062591051215389645,-0.02558667756424466,-0.060318459938876856,0.99785119397725108,-28.504340035158606,-1.8959773076188997,-6.7148657338418909,,0.2206236514065568,0.2272727272727273,0,1
0.60445181551940674,-0.78644542393108496,-0.12704958832342308,0.79657131759575273,0.59878261531235311,0.083267734348109204,0.010589556131477339,-0.15153539117168921,0.98839510648494389,7.0809262129230541,12.860618718033997,-3.873276749014118,,0.2365126356867569,0.42,1,4
-0.16035590957369725,-0.97608352192953141,-0.14678876143095679,0.98609519372941656,-0.16498906499096272,0.019871520755895211,-0.043614804465185036,-0.14156117635513629,0.98896824123953209,-6.0350061215879975,-16.256463622171502,-3.9893398084896461,,0.222491342691622,0.1702127659574468,0,4
-0.38536558171262064,-0.85030960684241363,-0.35842285214923691,0.92098520025358532,-0.37852867840574328,-0.092207920149328659,-0.057268048204535286,-0.36563590104898291,0.92899448788404637,9.2556237744177565,2.9592656203257643,-3.3103755315589614,,0.4347316393515739,0.1875,1,1
0.44204695401910477,0.89601984912904797,0.04174829827898114,-0.8954938980941789,0.43814174226791541,0.078246355560683961,0.051818615559708438,-0.071973909503339456,0.99605953006448444,-5.9298791740499688,-19.283743526074961,-3.8790693355583281,,0.1240450268369307,0.1578947368421053,1,5
-0.84373238534847728,-0.52729245260195512,-0.10039089273028733,0.53167958621242561,-0.84667474584188185,-0.021417104346054795,-0.07370535610899237,-0.071446092843489184,0.9947175359358289,-0.56851335244882362,21.569786975869071,-4.8551925125752637,,0.1764977264603637,0.25,1,5
0.68285664233600729,-0.70968155406340117,-0.17337502080677539,0.73049809993969073,0.66619249224672983,0.15020016397658137,0.0089068514131163973,-0.22921530292771991,0.97333499521062017,-10.849045969619716,-17.517335142336876,-4.395679360983701,,0.3459221985063662,0.4324324324324325,0,5
-0.4858067591538755,-0.8272196970271255,-0.28231076070663541,0.87187178384034991,-0.48148775867607368,-0.089493747201339166,-0.06189818497706135,-0.28961545382703924,0.95513952048960027,8.1128687378970294,4.9784155257635669,-3.4970626861115126,,0.2930750770745538,0.21875,0,1
-0.34018938297623419,0.94019768138776549,-0.017306172983016656,-0.94029794906315656,-0.33990427907923976,0.017459898374359718,0.010533313717426145,0.022212631016863962,0.9996977784937997,-6.7624131744058538,-20.097436416694723,-3.9390672114175338,,0.1278693481814617,0.2692307692307692,0,5
0.7739024378792041,0.63200339734069022,0.040579827432507605,-0.62923547780059119,0.76009729964536044,0.16221839768933338,0.071677961199298021,-0.15107548054419259,0.98592011291820958,-4.6154766395829956,5.1453893860977304,-4.6408088141584276,,0.2698102163240231,0.2595628415300547,0,6
0.87570259817763652,-0.44994092506010841,-0.17520879972476194,0.48115611752440429,0.84352816334246594,0.23863995519805253,0.040419674835151811,-0.29328041462760662,0.95517163289226747,-7.7183175797542516,8.4753198488506545,-5.046356236361814,,0.187949969519509,0.3055555555555556,0,2
0.51137756271732482,0.85884865096733443,0.029529359642197835,-0.85704417617532946,0.50718170870747192,0.090785430750311633,0.062994193647026159,-0.07173359801486931,0.99543258058122752,1.4707189201745094,17.578217876771316,-4.5416943993379437,,0.08480683396084078,0.25,0,1
-0.80590481287916538,-0.58787243251140875,-0.07016719797252341,0.59142073885592927,-0.80482254799037201,-0.049821440137661772,-0.027183491852642419,-0.081649674459872978,0.9962903133280443,-8.9605867489855484,11.788482598729074,-5.3043566852350574,,0.3429539181996424,0.5,0,3
0.72999313533571486,-0.66607829648613459,-0.15313303142320808,0.68309907955645754,0.71828851421467643,0.13205020960374417,0.022037918954666565,-0.20100077934525912,0.97934315580941589,-13.132667403208918,19.229723531479085,-5.9632296745531628,,0.141554958336915,0.2727272727272727,0,1
-0.83600437919911708,0.54678129112661811,-0.046118300421921846,-0.54766013244436129,-0.8366612637679115,0.0081430363689032476,-0.034132935574353429,0.032064768581559364,0.99890279473274446,-2.4663793701597663,-2.872742859762726,-4.1247058074010052,,0.08067654642647323,0.4483870967741935,0,4
0.72915166308397372,0.68372645237866825,-0.02925731600052494,-0.67959203480765773,0.72845157386325299,0.0866773947585842,0.080576165507309158,-0.043317927626200417,0.9958067275823701,-18.966044529991496,1.5543948540867691,-5.8838394709474615,0.2661793660674346,0.1989951804995139,0.7222222222222222,1,5
-0.74125222363017329,-0.66163564756907545,-0.11306374675011975,0.66747626145047956,-0.74435953544230038,-0.020107769548490913,-0.070856060879899471,-0.090372295876415654,0.99338424930870073,-3.9336925383056274,-9.1377445199885994,-4.0576957191928313,,0.1039297170728052,0.4166666666666667,0,5
-0.97118229328243766,-0.22365977090753178,-0.082348406737814475,0.22752846554667519,-0.97291081056853213,-0.040931064545870144,-0.070963022628983491,-0.058488131757418016,0.99576271664633365,2.8998380710758282,18.95810932177007,-4.4421234138609105,,0.1439187687233183,0.35,1,5
-0.95853990021672819,-0.27276577634425919,-0.082462663962668478,0.27608738352618967,-0.96060726048919964,-0.031771807520175409,-0.070547971977719337,-0.053221446342146532,0.99608757712315776,-3.4525954528015124,-18.047705882250323,-3.6680754018820076,,0.3292837133946131,0.7971014492753623,1,5
0.11407140881609847,0.99347197770723128,0.001069205870526451,-0.99182049261092087,0.11381961136181142,0.057768559844233444,0.057269748801100043,-0.0076502012999168515,0.99832942974367445,-3.5753733431858681,26.073528701140042,-5.3189688406268552,,0.2859937151874925,0.8518518518518519,0,2
0.65821606686758782,-0.74914749857262486,-0.074361513565440421,0.75272708516318898,0.65653427129235953,0.048628035949854445,0.012391310628550213,-0.087981679916845731,0.9960450187717006,-6.0434334427756742,-3.1002958184009382,-4.4360167835700475,0.2901668756716952,0.2538202990177615,0.9240607513988809,1,5
0.84136381515209213,-0.53338263124756868,-0.087234736407797747,0.5393768842838671,0.83891035070976638,0.072814834836359213,0.034343955115065182,-0.10831616756255094,0.99352307501719239,6.8164964837727151,8.6359993401784845,-3.7402172524888329,,0.06834047559764586,0.25,0,2
-0.18013249325508862,-0.95895503486502998,-0.21899206830548557,0.98276030187335717,-0.18488030337398256,0.0012093329285061669,-0.041647015925433156,-0.21499887100018253,0.97572588954744544,-7.9308493746473507,6.8941632725652617,-5.0281393347987251,0.1221315689729916,0.2299631090987786,0.2416107382550336,1,5
-0.50167877693859386,-0.85790206457222706,-0.11100654202391479,0.86293458324671113,-0.50528930476453882,0.0051597991622379467,-0.060517020797641444,-0.093202822346105066,0.99380628097255397,6.6881694213803433,5.6772940483978251,-3.6424573082414886,,0.2222429337054621,0.3225806451612903,1,5
0.1949066384434501,0.97106899565040072,0.13797248992896019,-0.9790598209958854,0.18419387143970878,0.086686127122843223,0.058764523329810921,-0.1519790229293993,0.98663524536033376,-11.81601384188866,7.5746869129893089,-5.4372110564082954,,0.564977876733293,0.4864864864864865,0,2
0.86978734907583921,0.49092600156658422,-0.049614799943874445,-0.48771540637636668,0.87061710261924308,0.064494519224580493,0.074857529820051866,-0.031898614589359747,0.99668391610205076,11.168171054247699,-4.4093401844173039,-2.8740394178583979,,0.2029459747314417,0.3962264150943396,1,5
-0.98833118216562599,0.14268747386307443,-0.053308152863065485,-0.14280638534883244,-0.98974936415852199,-0.0015913677776456354,-0.052988778648863651,0.006039946223056601,0.99857684150340975,1.2094160994231504,-4.5600179975758186,-3.7321735920580039,,0.1380365398824702,0.4692737430167598,1,3
-0.91311859290500197,0.40685584319427187,-0.026129641212003982,-0.40424968615419793,-0.91185619403315388,-0.071417593403896487,-0.052883140370277727,-0.054649833138353109,0.9971041917485497,-4.1769617202683369,16.911224384269595,-5.0463519239354842,,0.1473463970947748,0.2592592592592592,1,5
-0.97515612472033253,0.21602378832371977,-0.049033206082107747,-0.21457113052368587,-0.97614269760431738,-0.033236483862642857,-0.055043277211745414,-0.021889650340585952,0.99824399865050839,-7.5450776945834024,17.137636218667744,-5.3665288607389732,,0.1543935212703444,0.46875,0,3
0.67743659769953302,-0.73007208342904573,-0.089857715833718294,0.73544496816230565,0.67458917026560006,0.063640790104412273,0.014154677743631246,-0.10919800528370964,0.99391923250334191,1.2358651807933994,-19.539058130218873,-3.2096956733645889,,0.2952254279819307,0.78125,1,5
0.81221542106024347,0.58090244727542739,-0.053464535360850954,-0.5784045982435938,0.81384756284816073,0.055680024935132105,0.075856644551412888,-0.014300041801659783,0.99701618757263544,-4.8960942136577641,-4.0018720664833936,-4.3093489305808603,,0.09227093640178696,0.4388489208633093,0,3
-0.97226708997954581,-0.21500640980448374,-0.092026895447429743,0.22547172948990252,-0.96624421513037506,-0.12463793936004224,-0.062122499495255223,-0.14193082987875369,0.98792531832441166,-12.84708051696,-19.208350589072356,-4.5377575028994945,,0.3894237969178144,0.2727272727272727,0,4
-0.62663990133284009,-0.75595602189081579,-0.18934869163683524,0.77614352482246052,-0.62726982319738467,-0.064294617053750475,-0.070168817388747112,-0.18725133343432929,0.97980267155858003,-4.5662145562334908,13.061160684666964,-4.9349374813789728,,0.2653949258015514,0.4,0,4
0.77995450075133377,-0.60653704559994404,-0.15421993733830391,0.62406597848149514,0.77228595679639711,0.11881100722158953,0.047038614559455891,-0.18891059591766138,0.98086704271800385,-7.2772176779771849,-19.418102993056273,-3.9846694262423505,,0.1635878461836343,0.1111111111111111,0,5
0.91054972094331232,-0.39310351320212922,-0.12794074252636484,0.4069034159724671,0.906889184008977,0.10946057736677223,0.072998738071226116,-0.1517288233516402,0.9857228557786073,-0.48897333539505106,15.423607380796643,-4.637881468825495,,0.265467390652432,0.1153846153846154,0,5
0.93958161636550674,0.33756340917401095,-0.056897548056143499,-0.32993123540121777,0.93728700260010633,0.11242088179486276,0.091278508393860605,-0.086856315508589146,0.99203034951641711,7.6378417597583415,14.385550350761065,-3.8804634497083095,,0.1339691487344822,0.1052631578947368,0,5
0.88469495453074842,0.46516645164721293,0.030577928147251285,-0.45877686861878803,0.85715253095389976,0.23412245406979582,0.082695962707841492,-0.22115539998215145,0.97172612747139731,7.8308964547709561,-8.6623087354739496,-3.0183936404664942,,0.6034538016041109,0.28125,0,4
-0.61395733774835426,-0.77484707452214618,-0.1505602820448507,0.78649857399195844,-0.61668390814774443,-0.033480599460583883,-0.066905758597964021,-0.13897110683914124,0.98803372965214864,6.1156042793662806,8.6785243737423201,-3.8027813694211905,,0.3490641408078465,0.2666666666666667,1,4
0.060412344691056538,-0.99264112493880963,-0.10494734722299265,0.99769386523477899,0.05678964789798336,0.037173742944577932,-0.03094026311807083,-0.10695107746926856,0.99378275651489723,1.2366018287549663,3.5542708687413813,-4.0390149156211184,,0.350678494084378,0.9625292740046838,1,5
0.7739098117633727,-0.62258710195965505,-0.11596940859494244,0.6327019305991628,0.76803857864258329,0.09902024405531587,0.027420252961543649,-0.15000680714607581,0.98830465320030081,-1.9585639228907588,-16.851769819236385,-3.5988953626596811,,0.1035960483467381,0.4285714285714285,0,5
0.31342858451567046,-0.93116641084399276,-0.18625691322584381,0.94957611851642509,0.30562927872623535,0.069970987763221512,-0.0082290674916982703,-0.19879602435963722,0.98000633831981887,-8.4098600264758812,-24.494475208978926,-3.9540948121172224,,0.4065527131121328,1,0,2
-0.25265980415694139,0.96371002043016585,0.086174357472892427,-0.96710759300787763,-0.25424803430721243,0.0078000382965798904,0.029426636061323005,-0.081369119286178904,0.99624953677113759,-11.639578889812087,-12.855147758406947,-4.6256331410564373,0.9135030905469526,0.4461200476652802,0.8529411764705882,1,4
0.7157207344587192,-0.69238008801902462,-0.091398271212537879,0.69806544356564915,0.71320722339974951,0.063561725825490772,0.021177033913336966,-0.10929441982639768,0.99378381101195534,7.3139569883250291,-19.212950796150317,-2.6604669041253755,,0.3385490475023439,0.9178082191780822,1,5
-0.75116384502444355,-0.64040434701560667,-0.16010980685645357,0.6585408706796001,-0.74373959545369384,-0.11478386558629601,-0.045571916490868739,-0.19166034143216223,0.98040273048857784,6.9051100309895714,10.808294933393059,-3.8122600928507646,,0.266712407515619,0.2083333333333333,0,4
0.47635858233467415,-0.87063465770860593,-0.12279166841736514,0.87925104949873423,0.47164192136069355,0.066869200463063549,-0.00030494503695618219,-0.13981842086010685,0.99017711354924398,7.6635047210223748,-7.3109549905424593,-3.0596924358590885,,0.09196275969581508,0.3142857142857143,0,5
0.17674120419830383,-0.98032717669518687,-0.087870207530064429,0.98403521325187226,0.17409908849257991,0.036935165714997796,-0.02091042368951461,-0.092995344071065855,0.99544694492586017,8.5845893572422192,10.721870603295619,-3.6654801253623659,,0.07968227476455295,0.2105263157894737,0,5
0.96913287879908649,-0.21811316760073718,-0.11492653892712404,0.24078015727749283,0.937531370271104,0.25111719498873791,0.052975268682856388,-0.27103796021361798,0.96110979863448487,-13.82665435505546,13.9679727735409,-5.8571317503824831,,0.270238309966754,0.1428571428571428,0,1
-0.41416548133479208,-0.88819244552580667,-0.19895007861674152,0.90586126918518872,-0.42354395602070999,0.0050870726873619397,-0.088782402878721453,-0.17811428081210814,0.97999642239646301,-1.4810377110970092,9.2770604059505821,-4.490495357775341,,0.1676682556508985,0.2470588235294118,1,5
-0.74166736606218508,0.66332977396319437,0.099614903966825721,-0.67056614869805897,-0.73686428054749464,-0.085860772611695377,0.016448657654501646,-0.13047851557694151,0.99131468194221961,-7.6268298607454188,12.161248060413026,-5.185904553675079,,0.3220702936610353,0.375,0,2
-0.14527889163140245,0.98903346261578984,-0.026586716092320668,-0.98878610940080292,-0.1441983713641122,0.038844041395845866,0.034584295603291806,0.031931794847142238,0.99889152913390233,-11.578850983309826,-10.646337521612041,-4.6960173571600601,,0.1627058053992277,0.6451612903225806,0,2
-0.85291944522250573,-0.51761757922035057,-0.067826703026150056,0.51857770063688058,-0.85502130561318657,0.0039667807713806864,-0.06004655163703658,-0.031790071242236116,0.99768923167833923,-15.537190068025437,-18.568214541309594,-4.8116666606638674,0.4842186041052127,0.5662963724075648,0.4444444444444444,1,3
-0.88967147119621748,0.45601696215587134,0.02309120104472763,-0.4519949151907155,-0.8724040336946447,-0.18604246460163501,-0.06469366260535446,-0.17595377864497028,0.98227032826980021,-1.8800600064106965,4.0491267654727539,-4.3487874012151808,,0.4167684156492162,0.168,0,2
0.92278063952908762,-0.37646857404436024,-0.082141975063265676,0.38263684381823065,0.92041812459015349,0.080121917592926251,0.04544157857195346,-0.10536550043990113,0.99339477261254916,-3.0418672568091907,-3.8893704019571693,-4.1522113343993121,,0.08042646559153668,0.3306772908366534,0,2
-0.92497599681556786,-0.36140742994750857,-0.11749074386428915,0.37193766362775599,-0.92438295467739384,-0.084726191210382176,-0.077985765945931013,-0.12206892594198047,0.98945308005443022,6.5191079773571499,-24.697157858368744,-2.5424488534880441,,0.4574489237083005,0.1111111111111111,1,5
0.14361527904346713,0.98961331995175073,-0.0063347138326788491,-0.98834519334203097,0.14375189184424339,0.050091639910323525,0.050481981171222344,-0.00093304087574058953,0.99872453610179912,-20.895345592900565,8.6774030773562902,-6.4147954901962052,0.5490973765774314,0.3592374457531812,0.8301886792452831,1,5
-0.56513955511493552,-0.79604437543847406,-0.21663479770633301,0.82176471638912985,-0.5663878938373923,-0.062510036092914265,-0.072938564164559044,-0.21334972708492922,0.97424938276110828,-3.3529275080103385,24.078346257949708,-5.2175334800037669,,0.2440861158156223,0.1764705882352941,0,2
-0.45464717006847233,0.88356950897226327,0.11225361269573431,-0.89058050237810771,-0.44917290504561341,-0.071484754716249002,-0.012740468307230683,-0.13247122022310609,0.99110496733691844,-8.5913941235330018,-16.814046956185276,-4.1944802827409582,,0.4965321203843215,0.2857142857142857,0,2
0.90739486742004727,-0.39800500190066929,-0.13500582595504362,0.41653602011875018,0.89442797564060095,0.16277696500146718,0.055966941343862861,-0.2039377720127025,0.9773827738522447,-0.2481893629189201,-17.050945159750643,-3.4399086567703772,,0.1901911670859177,0.3,0,6
0.94682321417665061,0.32133092054512941,-0.016499715082830602,-0.31684865961455022,0.94008131110389792,0.12591288819512231,0.055970778060142813,-0.11398933289915419,0.99190408003422714,-12.846388539286609,-20.457034076880845,-4.5112003389067405,,0.1714408289458703,0.2608695652173913,0,2
-0.99573363608732779,0.083092181692280456,-0.040127488158693665,-0.081718087647006429,-0.99604945474392415,-0.034751084237009032,-0.042856506106135374,-0.03132368187088768,0.99859007948127865,10.112025485986509,12.783341591613441,-3.6210947769072708,,0.4711615211868688,0.8899082568807339,1,6
0.39415718213876894,-0.91129491120421913,-0.11908694547144641,0.91896700939266607,0.38913509522781015,0.063824080956502743,-0.011821650321526709,-0.13459369404001442,0.9908303518303917,1.1521441297602213,-13.311012007158796,-3.4373691637206312,,0.1345081102017252,0.676923076923077,1,5
0.96425101679847869,-0.2406793763385382,-0.11087567094900665,0.25388500786017143,0.95894445894060654,0.1263642649286113,0.075910337813375889,-0.14999654153479611,0.98576805494023767,-24.485802826675176,5.1902415379572515,-6.6351410128553727,,0.2192505351800257,0.3529411764705883,0,2
0.54635119886364081,-0.83191103017027324,-0.097079376704315087,0.83753382076683069,0.5435013544789713,0.056065825163275185,0.006120994361842845,-0.11193889208206209,0.99369624024017711,-4.3321982757172171,-7.4119812939365346,-4.1335829096104559,,0.06948494664185551,0.3,0,4
0.64733001101160492,-0.75541645568469307,-0.10153735925506735,0.76209777130987655,0.64375059602111451,0.069225407813747822,0.013070723324870798,-0.12219307919533329,0.99242027769918562,4.6545777201403329,-10.906676232548188,-3.2161463127724312,,0.121212899410643,0.6268656716417911,1,5
0.58659628341300418,0.80986006604460692,-0.0056101436947771383,-0.80651582482686235,0.5847766442787754,0.086997129894616831,0.073736182365899128,-0.046507523394390175,0.99619276532096113,-21.896873694604167,10.229489289521512,-6.6483649439563708,0.298754591981516,0.09935892766042412,0.3,1,5
-0.79022862734412769,-0.600372565091151,-0.12284746481587301,0.61213446489878087,-0.78275649417934223,-0.11217694818075646,-0.028811688754714949,-0.16384460291976879,0.98606532881202369,9.1026941755474926,-15.944188564058367,-2.6377484059422711,,0.5291230813535218,0.2903225806451613,0,3
0.52686060610563501,0.84894213887233183,-0.041414328207446262,-0.84754192463678002,0.52840935296759273,0.049560485059708038,0.063957702561822968,0.0089889122390312184,0.9979121262615126,4.9237810924312715,-8.5773763225811166,-3.2871950187283838,,0.09154712563592023,0.4782608695652174,0,5
-0.94829866514565353,-0.29886954673421839,-0.10680185259561019,0.30922400217530327,-0.94584166625781652,-0.098813252397262491,-0.071485370263149897,-0.1267301716463759,0.98935802692090213,0.48949122937435485,5.4093435512352981,-4.221733049991756,,0.09207617815841029,0.3793103448275862,0,2
0.98089074863673587,0.19212751141119383,-0.030665266961284649,-0.18109131914965607,0.95920045034476165,0.21711847039587606,0.071128569277771184,-0.20741628532337841,0.97566347231776052,5.7435246205245205,-7.0858738249833797,-3.2476759924986038,,0.08356504210234912,0.1818181818181818,0,5
0.76580061546521827,-0.63703314102521147,-0.087967008523918352,0.6425885012245881,0.76336119643685874,0.066028038502034134,0.02508855211110525,-0.10709090068741405,0.99393264537539361,2.1699493933028737,8.430423794513473,-4.160811211738161,,0.07448406424470425,0.3488372093023256,0,5
-0.18579959549481462,0.98242833479017477,0.017693990939522251,-0.98224168976652693,-0.18522623759729059,-0.02987480192654882,-0.02607246053907742,-0.022930501672590389,0.99939702765941929,-7.9274793253884503,19.214542184701958,-5.4462262167009978,,0.2950953975050624,0.625,0,4
0.01723922698284323,-0.97865437040968661,-0.20478875049927572,0.99925648636243292,0.009799270253418136,0.037288721687737829,-0.034485990135692868,-0.20527931600753402,0.97809565938298715,-11.347166810758171,-22.866110944875658,-4.2558449348479561,,0.2281486225475878,0.1666666666666667,0,1
0.37108052767026101,0.92796403373440139,-0.034380140769637309,-0.92722369700214347,0.37229173064758808,0.040682711427602714,0.050551535106646797,0.016781519204265464,0.99858045390021488,-2.4352772545202264,-4.9168758682996376,-4.059739463151133,,0.1101218126977635,0.4545454545454545,1,2
0.27131435950209543,-0.93220230245681734,-0.23955664386983047,0.96234001969945826,0.25833002630150226,0.084659813346783616,-0.017035398815843171,-0.2535043684145783,0.96718422773632506,8.1866200854183351,-19.100998271315632,-2.5922792685732281,,0.1320925368402435,0.4,0,1
0.25122535698528153,-0.96299199558812887,-0.097633172850271094,0.96779066275155257,0.24820545288388923,0.042134145886847954,-0.016341759346184499,-0.10507363890099405,0.99433016514112393,12.859530352053831,1.494000303016837,-2.956112800888572,,0.3567982012723293,0.8666666666666667,1,5
0.93991521676253664,0.34025056309521673,-0.028088068848244978,-0.33579250451615816,0.93618188064963126,0.10395614582162742,0.061666678271183425,-0.088278200348158267,0.99418518402473233,15.983232004665535,-8.726225220530873,-2.3110719204940584,,0.1136169461408698,0.3333333333333333,0,2
0.77387042144150842,0.6326438791791964,-0.029770672734094828,-0.62843771335007081,0.77286629582412991,0.087998461454862384,0.078680437576797407,-0.049390392954370858,0.99567563886364963,1.2076975394881402,24.400123812783882,-4.8156881805352656,,0.3091871768828115,0.6857142857142857,1,5
0.89578717867884639,-0.43761090694016136,-0.077859004884489477,0.44261687646399184,0.89426933784452756,0.066126031639369531,0.040689448065227896,-0.093696560866026346,0.9947689798631778,-0.074884595424897185,4.7233472330998705,-4.227105152911756,,0.09034732990851566,0.3756906077348066,0,5
0.92485815116743642,-0.37172874616178686,-0.080343882754922449,0.37773010605263724,0.92242270118374958,0.080351274553288402,0.044242142812190653,-0.10466183458099892,0.99352329272218121,8.3369448522947316,-13.691546305983737,-2.767688725015153,,0.117469065441274,0.3888888888888889,1,5
0.95082555387991596,0.30873106873016709,-0.024817197458209799,-0.30177478983325823,0.94147472902484641,0.1501909146009992,0.069733365830451907,-0.13531615501602459,0.98834548407003697,-13.47169796263722,-17.564497399085816,-4.6518340583291771,,0.3164525803011542,0.2333333333333333,0,5
0.41024421141219442,-0.84367739704143907,-0.34627754291055285,0.91195312217532976,0.3768393183974319,0.16227640328904194,-0.0064179402813955228,-0.38236184149460045,0.92399038534575861,-9.8832637739096878,15.355417807994463,-5.4949436495803212,,0.7968785904306952,0.3076923076923077,0,1
0.74946416224907797,0.6602484723773091,0.048738324014240032,-0.65969227443997869,0.73857366727651697,0.13897856327478722,0.055763541391263091,-0.13631174831666551,0.98909531124273264,14.558113974450276,0.71566382683866725,-2.8082709756434365,,0.511309088307039,0.2698412698412698,0,2
0.98903591121761736,-0.12309727390587617,-0.081578351778392899,0.12921736233158246,0.98881088114170101,0.074538007807035525,0.07149013634065933,-0.084262105911939125,0.99387577589620302,7.389554829194771,-5.4803460762804166,-3.1496064213072068,,0.2223227548768357,0.2745098039215687,1,5
0.98487058543598049,-0.15407862565797661,-0.079307673388770386,0.15955068327079369,0.98484465399478593,0.068004315787416933,0.06762772664235879,-0.079629043779521805,0.99452788094449451,4.1548098785494751,-14.932511901841552,-3.1431588209385226,,0.15197354912142,0.21875,0,6
-0.50985966094668855,-0.84910524133615695,-0.13807032727850063,0.85789351989375062,-0.51375749492570921,-0.0084820358386859702,-0.063732524378345951,-0.12277428697868524,0.99038610642175162,10.831899017713615,-22.604991112793513,-2.1962675661207793,,0.1260027099759032,0.5428571428571428,0,3
-0.28501612748496497,0.95653008083158797,0.061773874233278431,-0.95554760468775624,-0.28861457920269279,0.060252799496311994,0.075462455890094537,-0.041854857973324999,0.99626983725046481,-8.0978743942697626,-20.367974599759968,-4.039918932107029,,0.2049261516941221,0.5454545454545454,0,3
-0.66834099280644976,-0.73744543739917601,-0.097439951732478602,0.74332107161345329,-0.6670689285869208,-0.049928238596269249,-0.028179812453549554,-0.10579825789225701,0.99398824278612441,-5.5207771278575066,-6.8033834204516275,-4.2580887049537868,,0.2101572470581963,0.3176470588235294,1,4
-0.51167247359480239,0.85620180787253519,0.071482473104797398,-0.85739264690028194,-0.50347280518569348,-0.10673791959644378,-0.055399718471345206,-0.11590340216857606,0.99171430994971765,-9.6482292211058152,-10.558315320306004,-4.5145068656784941,,0.7081204081113508,0.2521739130434782,0,2
-0.98469551204171935,-0.14080605830287438,-0.10270541616732728,0.16036546318994405,-0.96277978061113556,-0.21757300444275943,-0.068247100896455984,-0.23071356265200763,0.97062535781198689,-6.9734188579051732,-10.41038478438028,-4.2873767071387352,,0.1464265760647643,0.1212121212121212,0,2
-0.99161901740165048,0.11527528778688406,-0.058338086641879498,-0.11581315894769728,-0.99325341567326153,0.005913076014535586,-0.057262872281608194,0.01261983672831557,0.99827937130795719,13.175545646909736,-18.312596320472853,-2.1983823333150729,,0.1457086713182837,0.1428571428571428,0,4
-0.99620282388757653,0.074220155636435442,-0.045511560901841927,-0.060624540123708798,-0.96654519550081897,-0.24922891122234039,-0.062486789109439646,-0.24552342770413527,0.96737461597625429,-3.8753807996701077,0.82669385987676247,-4.4024054852525483,,0.2228785928592799,0.304225352112676,0,2
0.15298522606059917,0.98087623824794401,0.12032175966029457,-0.98720939923088635,0.14616250126475172,0.063672013429949909,0.044867835666316899,-0.1285236494369569,0.99069094517817524,9.2134657941675115,9.0532159680035704,-3.5459901482520806,,0.5741607098489685,0.3548387096774194,0,1
0.99508551683403912,-0.072892907193070372,-0.067018193560227826,0.07846187363139849,0.99332030925908144,0.084607905066216058,0.060403216581438671,-0.089450473975188113,0.99415796739362838,-12.148603107098287,-8.959332007336446,-4.8319871226504461,,0.4813442924447389,0.7307692307692307,0,1
0.87819696045532503,0.47801404134992936,0.016512871323172196,-0.4730438159004744,0.862926124269497,0.17773027961363783,0.070708181176902127,-0.16389350299975874,0.98394068560514447,-2.0429428751765406,-8.8163780996755303,-3.8886271465587945,,0.2411311311230286,0.3333333333333333,0,3
0.87551584514103786,0.48309657239861076,0.0094713591256515208,-0.46736490101622447,0.84170446061256299,0.2703768671373496,0.12264605254580385,-0.24114581215859202,0.96270797393254415,-12.599224400228449,-13.119120006010602,-4.7143002642526888,,0.28401386944475,0.3870967741935484,0,2
0.89525889219225563,0.44309642330554705,0.046659142775320635,-0.4396063782632032,0.86142323175477586,0.25435457138307532,0.072510331270831854,-0.24822484856877225,0.96598482204018343,-27.286541697387793,-4.0754563980192557,-6.4620254727684916,,0.2492390008640301,0.25,0,1
-0.18901297206940229,-0.97141469053763851,-0.1436231018922613,0.98109171597816403,-0.19301296597578785,0.014319211020534508,-0.041631012821123838,-0.13820091885690516,0.98952886001298312,9.8686803941793126,20.180775257672344,-3.9091128225584444,,0.1248031760500923,0.5,0,3
-0.45884133114780679,-0.86290277519395608,-0.21180989918575072,0.88690876476144165,-0.45914786799269353,-0.050755081588918317,-0.05345536287261151,-0.21114458524985452,0.97599205339993644,-6.3704988775552787,-8.0678912360321355,-4.3103209070251705,0.1289212473948423,0.4153927699701698,0.375,1,4
-0.052125040137477992,-0.97336778926387102,-0.2232445453179783,0.99853852448968206,-0.053996363363680709,0.0022820721869202306,-0.014275689147472372,-0.22279932577784411,0.97475979868493923,-4.4154688997979763,-20.412267695616134,-3.6899502099152786,,0.1970377401415293,0.2962962962962963,0,3
