axis_00,axis_01,axis_02,axis_10,axis_11,axis_12,axis_20,axis_21,axis_22,location_x,location_y,location_z,dbh,dbh_approximation,score,reconstructed,number_clusters
-0.84717531470425178,0.53086965007097309,0.021711766148227122,-0.52611379676576875,-0.83248074810898942,-0.1737241401780569,-0.074150246179362181,-0.15859766284980506,0.98455498695101851,-11.422438430736852,-19.478253598933282,-2.1567791232887399,,0.2192784363893422,0.5714285714285714,0,1
-0.21386837191266847,-0.97242158097790099,-0.093040788602976529,0.97683125816184113,-0.21365088173802124,-0.012409424262235005,-0.0078110545625186953,-0.093539133954753259,0.99558496264538654,-4.0475789843315075,-7.6442566840063924,-1.6067200717749797,0.2940057133744819,0.2645741104048909,0.6437125748502994,1,5
0.75182886216657274,-0.64992955190142176,-0.11110778360913694,0.65613095298010615,0.75410251844188003,0.028662941597690825,0.065157766649381763,-0.094450882710709214,0.99339493465611828,12.406919818215046,7.5126413709393907,0.029725923377994352,0.06405650711975733,0.08862066489005335,0.1818181818181818,1,5
0.13906833227513063,-0.98580758608050356,-0.094039365078383133,0.99005435228375538,0.14044751854084545,-0.0081776561259202171,0.021269190915705387,-0.091966829682502929,0.99553489328900058,-2.1748102087281422,-2.6643919079919236,-1.3981193937983036,0.1691910298631867,0.1339311194572079,0.7308970099667774,1,5
-0.98051767305474702,0.18965518431908004,-0.051146885420319518,-0.1801133145639601,-0.97195808771139924,-0.15118422420736635,-0.078385500853713028,-0.13902656865971724,0.9871815063414715,1.5031051566079914,-15.154245533848512,-1.3793383424752139,0.2503770808232128,0.2751824423780113,0.373134328358209,1,5
-0.29327339099544741,-0.9408474935187715,-0.16969594006185346,0.95511559872639862,-0.28058514788062355,-0.095006146423909102,0.041772134294815723,-0.18994201412076608,0.98090627486432269,24.113330157746102,3.5703340481327097,0.66690556241050247,,0.2048685981652116,0.4285714285714285,0,4
-0.59679966052951761,-0.78558926487202019,-0.16333913220564061,0.8012822086954271,-0.59419105687330143,-0.069884261174941786,-0.042154326231490742,-0.17258764396569146,0.98409172231573061,9.9482128140094392,-16.289364086479079,-0.98738706612432414,0.2557665414748257,0.2355681160632464,0.2916666666666667,1,5
0.29144533254934041,0.955434216642704,-0.046958234672401587,-0.95646187798909088,0.29185122927477025,0.0018804053787207752,0.015501422153702338,0.0443657259508888,0.9988950837160353,10.39059946209982,5.6560572098060149,-0.19936991512174418,,0.07462507792708947,0.2857142857142857,0,5
-0.95920502209022718,0.28121270317260433,-0.029071311825273581,-0.27452794178370488,-0.95106414482451873,-0.14181467346226351,-0.067528769993894081,-0.12804845959074421,0.98946624865103316,-3.7427965975651762,-15.650581018190314,-1.6871781434107793,,0.1364632985470901,0.25,0,3
-0.19285270968129156,-0.96465854375911764,-0.17955981265618304,0.98059676905046955,-0.19603565031466491,-1.8261651301266557e-05,-0.035182508386483326,-0.1760792939508973,0.98374705760443826,21.431258015069098,-1.6729086016681849,0.18432875935366247,0.2654353625850682,0.2016468056546429,0.2727272727272727,1,6
-0.24168792943147038,-0.91226602183045036,-0.33069268238165278,0.97035320659840385,-0.22766378244708621,-0.081140967495349423,-0.0012645992741236558,-0.34049949717368155,0.94024384774012004,-2.4975704702705008,-20.586277193708092,-1.6599326514094912,,0.1806008613917036,0.24,0,5
0.99340597664938068,-0.071405858416342782,-0.089698210356265365,0.080465284341959639,0.9915437216117734,0.10181545142090777,0.081669477609809651,-0.10836166995806625,0.99075115185945739,0.14597801047304954,-7.2440481610651268,-1.3571960581512434,,0.07737846780546953,0.2894736842105263,0,5
-0.94491607154901147,0.32578250179574825,-0.031612960191779005,-0.31739255815046297,-0.93559218295536528,-0.15469075998106599,-0.079972381226824832,-0.13613606692026234,0.98745703173575794,-8.8781206318311678,-23.203676179413552,-2.0295975086091027,,0.6213278563022037,0.4482758620689655,0,1
-0.89715563688825617,-0.42795441515318056,-0.10939278655618302,0.43705126147347279,-0.89592252121914628,-0.079429407757921996,-0.064015295391598434,-0.11907079626519367,0.99081995712273518,5.1658000327680487,23.066513517764932,-0.010974972872707366,0.3046045169627025,0.3391241079047713,0.3125,1,5
0.58772382522460764,-0.7820499203843162,-0.20731287294869327,0.80662670133406111,0.58625686984419689,0.075208026535851083,0.062722164808684699,-0.21142564789393586,0.97537947766720168,2.6119159912642562,10.222635996538688,-0.50660913845386935,0.2979626589649182,0.2977564323585162,0.1481481481481481,1,4
-0.91418725855746608,-0.39031020008496764,-0.10917693896064656,0.39916470458982822,-0.91374773614776861,-0.075714023103666608,-0.070208225308003969,-0.11279637580374585,0.99113459363733247,-20.474853085237566,5.140729066810751,-2.4268811669450727,,0.1107379000133783,0.375,0,1
-0.83094145358752858,0.55345915357880782,-0.05673857620414588,-0.55154259394657645,-0.83284306527490348,-0.046617546977330573,-0.073055237817188284,-0.0074427107515578367,0.99730012447815408,-7.2559620713875059,2.8098384571737016,-1.5965563176712321,0.1309317289124298,0.08630785017213148,0.3468208092485549,1,4
0.726827552902928,-0.67934561579602737,-0.10105069341601375,0.68364415348530727,0.72972595204575963,0.011432686310171847,0.065972568136298315,-0.077392307173423047,0.99481558645000912,-17.491543254919598,1.8160685429578858,-2.3131336007307861,,0.8849456157920375,0.7671232876712328,0,1
-0.54614929639596277,-0.78152681723977591,-0.30155725821352836,0.83691938338121807,-0.52448258455289043,-0.15647352562501293,-0.035873273714511815,-0.33783702052289344,0.94052073650569623,-25.8085703270078,-9.961917324641151,-3.2373800337036589,,0.3539942224063488,0.3170731707317073,0,1
-0.99411062408328732,0.067889036986575793,-0.084469791889020693,-0.056646772847996144,-0.99002238635495443,-0.12902254702938837,-0.092386201408254931,-0.12347774363454565,0.98803746721279573,-6.0644309406015786,-10.465603005959414,-1.7437223829729498,0.4935330980534199,0.4472271845520157,0.7948717948717948,1,3
-0.46625188828270447,-0.86157902502511796,-0.20072558459145476,0.88447573226855813,-0.45853022968236973,-0.086329065183358589,-0.017659436593839731,-0.21778799807198287,0.97583632449042801,-6.0430310488228214,-14.757496459381375,-1.8036567042534126,0.6614832632574161,0.3959591032008166,0.4,1,5
-0.94676285030172824,-0.29658890749820066,-0.12520034040517525,0.31530375236831965,-0.93278381330985161,-0.17463648350098657,-0.064989607099945682,-0.20481547201360734,0.97664065724955318,-14.939713961478606,-0.70758812000925642,-2.2235996697756364,,0.2422574820977066,0.1956521739130435,0,5
0.94033132684388376,-0.32335156202751236,-0.10592810340220846,0.33148253918337489,0.9408064287794965,0.070728988284243371,0.076787511826881275,-0.10162200008629121,0.99185515430727,-3.4994389854067318,-22.604571588515817,-1.7282327755350839,,0.161437458470335,0.2777777777777778,0,3
-0.61663070128841568,-0.74609666221904147,-0.25120977061842609,0.7848293347933446,-0.60761314453492377,-0.12185721905664129,-0.061721094257904154,-0.2722976996120009,0.96023146652753455,-18.006945455194892,21.611180495433167,-1.6296882841493641,,0.4756987362508429,0.25,0,3
0.97267761628482641,-0.20847345154245472,-0.10216200262545762,0.21571974113890019,0.97423485244851304,0.065813718612385913,0.085809370475689289,-0.086053891699331198,0.99258827298229035,-9.4260861412060155,2.1510895033406063,-1.7478818012895971,,0.07181611395166085,0.3627450980392157,0,5
-0.99321463740665683,0.080214713668487675,-0.084203822670021744,-0.074043492470729749,-0.99450418029957866,-0.074020244456494216,-0.08967856635729024,-0.067283245148734627,0.9936954863832056,1.3750245504401932,3.7219159711071925,-0.94959209640979014,0.2118945080922238,0.1565576835752358,0.2025316455696203,1,5
0.98705863378949377,-0.13245953839848859,-0.090386526368030365,0.14520045545123078,0.97747175291820476,0.15318550840000611,0.068059394637143542,-0.16432724343295166,0.98405511830758463,1.270224517948195,17.08807388604075,-0.44152171300984239,,0.2114296493231183,0.3571428571428572,0,5
-0.99531489202788803,0.067488467619095119,-0.069235629887656844,-0.056051206578151845,-0.98623377213262498,-0.15556737751272759,-0.078781520349937378,-0.15095778695874057,0.98539597046460081,-4.708227987079896,-11.786420910521267,-1.6824512469839477,0.2439390198667692,0.1744306011563946,0.4210526315789473,1,5
0.71655004617471763,0.69606534437560807,-0.045266628837112161,-0.69567082677811798,0.71787012763954083,0.026543937398962554,0.050971875547802865,0.012470613539686594,0.99862222672093759,-20.223367670497641,14.425170667324325,-2.0062899048964788,,0.2023870119396207,0.9032258064516129,0,2
0.95159021342118133,0.30040412152988383,-0.065064809912032409,-0.29973078348602883,0.95381194533032487,0.020105481243493567,0.068099362345630701,0.00036974726487140451,0.99767847532914045,-6.6098802147544138,-11.648268306154458,-1.8063179965176421,,0.0668691478556145,0.2666666666666667,0,3
-0.2902328822132903,0.93616039403586004,0.19841519780699887,-0.95620767596599388,-0.27550545331766646,-0.098811060190350283,-0.037838532025967715,-0.2184043539649595,0.97512449649430377,18.311315899176257,10.000213011847164,0.53135576744308388,,0.4211142728288244,0.358974358974359,0,4
-0.9896801136404727,0.13885274130593897,-0.035400408139021677,-0.12325328302485107,-0.95088578374401478,-0.28394516107362899,-0.073088308833761315,-0.276651662755457,0.95818680673784284,-22.817102583598963,-10.196930691228701,-2.9723847444330436,,0.3039282714556561,0.3125,0,3
-0.84808979115545691,-0.50959214303796752,-0.14511910243612164,0.52833819498337764,-0.83402178210079858,-0.15895414025156757,-0.040030711455088554,-0.21147934824795545,0.97656235203135899,-17.344127785737495,7.9908183074606791,-2.0917980572490982,,0.2122306870962553,0.2352941176470588,0,2
-0.567072017984941,-0.80606292110647293,-0.16938681659381691,0.82284964892150025,-0.56356586815571963,-0.072883245808996452,-0.036712146331307274,-0.18070993184435283,0.98285102576359895,-24.326320105302496,-5.5472542327199292,-3.0363060747313435,,0.1531613671704015,0.5238095238095238,0,2
0.3035145630043723,-0.92591700023118206,-0.22484799026710137,0.95125812695015322,0.30799248785304123,0.015767160092449165,0.054652410336155616,-0.21867404077526878,0.97426627671056387,-3.4907221735951439,7.1195152633159644,-1.1050663814630957,0.2924707812042341,0.1488233145974033,0.126984126984127,1,4
0.95675493230572262,0.28204358110824646,-0.07121388814205637,-0.28174817288813203,0.95938079586446401,0.01436856292983171,0.072373797626437822,0.0063171894150225415,0.99735757205478903,-0.20349802228598421,19.780752545643576,-0.42446811608681095,0.4035902371775942,0.3602852736495912,0.8518518518518519,1,5
0.68370605418350927,0.72819759789789495,-0.047689515499234426,-0.7253251420003034,0.68529242129319079,0.06540440123076928,0.080308591414965852,-0.010126980490316434,0.99671860342380125,-12.380351966909913,-8.4183435088819341,-2.1419760493930635,,0.1106117404573221,0.3076923076923077,0,4
-0.88095956167255818,-0.45315279571663619,-0.13624534645958658,0.46925190854058263,-0.8737055669037922,-0.12822335470711185,-0.060933546004782985,-0.17689297921489591,0.98234208750097018,-1.9578151069582919,-11.714680808186836,-1.511456077203543,,0.1135552189284844,0.3684210526315789,0,4
-0.98331028044736879,0.17560050823290047,-0.047595733788497553,-0.16302204041654014,-0.96654667082989132,-0.19801855328752216,-0.0807756566358106,-0.18695452552961214,0.97904203110951915,-16.925398730437674,4.6798579999601264,-2.1951773951611484,,0.09650536450988073,0.2631578947368421,0,3
-0.77165948353000491,-0.62782205214461273,-0.10188774371400988,0.63444083527612616,-0.77112182324518919,-0.053441184952666358,-0.045016308293063106,-0.10588014240612238,0.99335941503149894,-18.139385938729564,4.8207862676126645,-2.2851770518572168,0.2720975314479712,0.2904497827451498,0.7032967032967034,1,3
-0.90268020169807317,-0.41353758891522885,-0.11897527481164379,0.42357201378159925,-0.9026481061179551,-0.076243987714903858,-0.075863051634689829,-0.11921853495094192,0.98996552380414948,-2.6792675291380825,-10.282114635246963,-1.5421578647898349,,0.6280921759081636,0.8217821782178217,0,3
-0.98161906062860349,0.17834871697350169,-0.067939347689857529,-0.17425593475462325,-0.98274148695242602,-0.062080907091686961,-0.077838865699662016,-0.049100967163997894,0.99575609765150286,1.2293581387654831,18.9862046649164,-0.33992552571098217,0.2114129107254982,0.2033665606471782,0.7777777777777778,1,5
0.17495012704056481,0.97218873862121347,0.15569685143439602,-0.98235221861508637,0.18298384336534293,-0.038743149707596923,-0.066155662119790057,-0.14617102847466673,0.98704481094028895,-18.082759583251921,-1.074333638304908,-2.4574119093231053,,0.2546905706688579,0.2777777777777778,0,2
-0.70787571260735194,-0.6726050990172705,-0.21567187177887026,0.70526771737001026,-0.68984467351058332,-0.16343736801837014,-0.038851284873593267,-0.26779975206307521,0.96269095272503025,0.98516613103375705,13.68475796196739,-0.52930682760487857,,0.156975716222187,0.5357142857142857,0,9
0.99723281364728988,-0.022715882321305555,-0.070786326896336335,0.037377392927532567,0.97627690710462667,0.21327524739679898,0.064262320865739228,-0.21533088339713269,0.97442442743003954,-20.995865882250762,-3.4741683940344443,-2.7120201905514931,,0.4348566164303345,0.1714285714285714,0,3
-0.88989381032796666,0.45414705663306454,-0.042888894733921393,-0.4442494605875778,-0.88415592411130661,-0.14460538934122696,-0.10359258230017936,-0.10963007256408155,0.98855946916813009,8.5565709790766888,6.4774454592599486,-0.32340407938997684,1.192906363767768,0.3577083802174458,0.5514018691588785,1,3
0.78633192168503407,-0.60787339778988969,-0.11032697402946311,0.61586128408294383,0.78541065799889587,0.062007879091699303,0.048959041114291765,-0.11670488662055978,0.99195916333892165,-3.6272415597242396,9.2684342465180389,-0.95735674646210756,,0.09309684505092033,0.3552631578947368,0,5
0.93968981132862217,0.34200145929446157,-0.0042497441848866405,-0.34154761916592657,0.93895615939166299,0.041310465774969524,0.018118563057411708,-0.037367533781566313,0.99913732043789549,24.53527135061168,12.445073866749908,0.98726765976516617,,0.2504281030886026,0.6129032258064516,0,2
0.34583763446578347,0.93250076266574056,0.10410887673451734,-0.93125261464687592,0.32755470846693052,0.15961353537373038,0.11473839070018428,-0.15215203116934015,0.98167451892700963,-16.460802055694078,-0.39754307598907201,-2.3046816367596059,,0.5313339513462904,0.463768115942029,0,2
-0.82320700977630679,-0.55086460485447863,-0.13739871241634855,0.56443946268896583,-0.82015370162104562,-0.093573493451339529,-0.061141737091308532,-0.15458361114883956,0.98608599784686179,-19.315960822244136,5.7416097934506327,-2.3115466436229672,,0.4317628654305271,0.5483870967741935,0,1
0.063104364326636353,-0.98796915489230841,-0.14119060940554387,0.99790293512562556,0.064505475066798851,-0.0053643036889890619,0.01440733391687166,-0.14055601256361933,0.98996789648029648,-4.4854978945718642,9.3154889370877694,-1.0228006621710248,,0.06805250712888555,0.1627906976744186,0,5
-0.86245777612861996,0.50612659071654098,0.0015679811625910096,-0.49980927141379139,-0.85119662609267377,-0.16017177010092626,-0.079732531654841107,-0.13892508016229457,0.98708791173725241,-5.0681050399834389,-16.824089651016674,-1.7688967136433495,,0.2204275285883432,0.4883720930232558,0,3
-0.16475292688372628,0.98584287918597524,-0.031149488624249239,-0.98550351677580783,-0.16582832498087954,-0.035829946365449089,-0.040488165008563615,0.024794842051170995,0.99887232632699219,-18.387824162703527,-4.4841783515005016,-2.5265721812171553,0.1175394765972162,0.1662152492923935,0.1428571428571428,1,5
0.20816167528556626,-0.94734700692537754,-0.24331536205475501,0.9778604459196254,0.2070107024834659,0.030586228325419362,0.021393112166751431,-0.24429534896684377,0.96946486126367171,7.5936349311566635,-4.8738424353939038,-0.8699097460919567,,0.4413714119889612,0.1666666666666667,0,2
-0.18468791368549786,0.98138079485326457,-0.052745711026335677,-0.9824246401445943,-0.18582948360207582,-0.017584921408729557,-0.027059212391779469,0.048570963726916869,0.99845313385625478,-14.247753624889992,3.3835299214159584,-2.0666736872405491,0.1549888595403622,0.1331203815013498,0.5267857142857143,1,3
0.99205427773038735,-0.088867552386419926,-0.089055421899443904,0.09588372026067403,0.9923418620305029,0.077871310832739168,0.08145319039677848,-0.085791532185194017,0.99297794073156753,2.5598773289110617,-3.1915045479888859,-1.0869896056030646,,0.08209681463347665,0.2972972972972973,0,4
0.32029267629709868,-0.93319563274571871,-0.16296782668600471,0.94730755420913093,0.31634610257218126,0.050334293734047214,0.0045824937268232648,-0.17050235896229898,0.98534661228398956,-7.5222429768666661,13.513287026352772,-1.0792172201950778,0.2781476010940986,0.2586047378864392,0.7567567567567568,1,3
-0.020574928773465281,0.99594355290073799,0.087596299815816264,-0.99638807568458798,-0.027645877720942728,0.080290149324830473,0.082386133175017515,-0.085627944507002049,0.99291509213022566,-19.978054161940136,-10.744169945560698,-2.7274452822473614,,0.302532928215797,0.163265306122449,0,2
-0.076956557447956223,0.96953427033391992,0.23255319157954232,-0.99690017120306595,-0.070996004971750973,-0.033905986688896148,-0.01636266851879279,-0.23444160451191903,0.97199248821830919,-19.232398945082618,4.8396542661057573,-2.3612286931938198,,0.4665961845445023,0.1578947368421053,0,1
-0.99842662275403782,0.0042202613876402726,-0.055914831393703915,0.0057923685911915818,-0.98406698334660947,-0.17770374434211611,-0.055773895704622621,-0.17774802862739261,0.98249422943700082,5.1894793657877081,-8.3093892745924123,-1.0577035823482694,0.5884268339201255,0.264531641988333,0.2790697674418605,1,3
0.072593127611783936,-0.98402619859173224,-0.16255054078237771,0.99715553961859538,0.074920844739849987,-0.0082278084211145023,0.020274802871705539,-0.16149088986246715,0.98666591349855659,17.168174281008266,10.315644275824388,0.4661720957468603,0.1756323895507525,0.1270824293412025,0.3125,1,5
0.28729235101521144,-0.92350377580967735,-0.2541729354463661,0.95675477774880169,0.28932333004275151,0.030204402788584144,0.045644280068750133,-0.25185866425089115,0.96668702946649876,-1.3396256347919149,-22.31547482443948,-1.6091215279279385,,0.3481338859839394,0.4347826086956522,0,3
-0.023204042200623363,-0.98337425565782965,-0.18010176494127217,0.99969607045526865,-0.021323093827845547,-0.012373050792080969,0.0083270127804758228,-0.18033413148657812,0.9835701611370361,-12.903042862098484,-0.53457330409667148,-2.0809580501097753,0.2602879004576538,0.2390429503232009,0.8222222222222222,1,5
-0.92017604595433622,-0.37894782679734795,-0.098359488700426351,0.38416087878181343,-0.92238861652851301,-0.040244991144232106,-0.075474920771252951,-0.074818344436252474,0.99433684014542589,-1.3403647620001133,2.5500700997402408,-1.2113899470877549,0.1968289436085195,0.1843556479452854,0.7142857142857143,1,5
0.76296414041525695,0.64631205153915672,-0.012901646238175033,-0.64544927631914695,0.76274712437495162,0.040150416645812328,0.035790391720377783,-0.022305969895730901,0.99911035004523574,-14.279540435225616,5.5488909814036909,-1.9627180373624349,,0.2324042232313632,0.175,0,3
0.77567071574662294,0.62971070221223535,-0.042419008150759885,-0.62948775192307027,0.77675029963785636,0.020103288072831772,0.045608232940561183,0.011108714231314275,0.99889763517397812,-3.9610930652212972,-13.200776883454843,-1.6671505030185338,0.6594338222399841,0.2572992641201147,0.3142857142857143,1,5
0.95998579105836102,0.27018599389965114,-0.073666883105708555,-0.26987772854532144,0.96278846269638774,0.014296423816596422,0.074788318615077412,0.0061566873547014254,0.99718042630185322,-8.1707607435108613,3.6487461414548528,-1.6331313604340372,,0.07738294735136182,0.313953488372093,0,5
0.80027536485283535,0.59917579687506706,0.023403094854932912,-0.59818892418260139,0.79503351957468527,0.10045752205758282,0.041585470959489335,-0.09439315225065957,0.99466606527681456,3.6775869087073589,-11.29639726299901,-1.1798141166414244,,0.1681453263493272,0.25,0,2
0.091441429173129599,-0.96809891090600897,-0.23328729869706769,0.99476829295093139,0.099518827925210079,-0.023066127284015324,0.045546771238645194,-0.22995760824767633,0.97213424486474231,-2.328519805995259,11.781023676663802,-0.83525507411563127,,0.3026465460500999,0.3157894736842105,0,2
0.65446389428605589,-0.74829197074054632,-0.10833345559502995,0.75362749592446587,0.65716097275935237,0.013603428560548457,0.061013182694810937,-0.090546023696305392,0.99402153353447953,-15.405947867925747,7.2780286342698099,-1.9571543857578353,,0.06898302567316975,0.3636363636363636,0,2
0.50405777939779028,-0.85781503933006908,-0.10039478735333054,0.86223938080224283,0.50649917971729885,0.0013531960198656955,0.049689085545352202,-0.087246428264172005,0.99494676014991446,-11.166286420644663,-8.6960556906612112,-2.0556362639080299,,0.09176998101405615,0.4705882352941176,0,1
-0.65088723267886017,-0.73440846445442576,-0.1923278910437749,0.75647812472242326,-0.64875011887696066,-0.082850045706526612,-0.063926967330695014,-0.1994178793258517,0.9778271075466658,-13.45090209318554,-3.0943279088806088,-2.1745364768884112,0.6130421924464384,0.4128608300357495,0.6513944223107569,1,6
-0.51702138330375369,0.85524619890615272,-0.035253772326531055,-0.85461442355601147,-0.51808219407570788,-0.035000389022516031,-0.048198301388118141,0.012032432766422452,0.99876530992271761,-19.115638824281952,-9.5873759405303272,-2.6578842902370061,0.2257988805701849,0.1220507953288693,0.3508771929824561,1,6
-0.92158166528686314,0.38280469681178164,-0.064403402906456006,-0.38012765077831562,-0.92357362097063234,-0.050147141104484198,-0.078677845171625863,-0.021733171559485395,0.99666316573510172,-3.1045611420803692,-3.8617967944141136,-1.5060474199380904,0.1827025293763077,0.1668083344009481,0.8141470180305131,1,5
-0.98196551153297706,0.17390487331103327,-0.074167575115088258,-0.1704124474507735,-0.98404603878800267,-0.051117426573315188,-0.081873878090732682,-0.037556471936463574,0.99593482693501056,-14.782313799450449,10.198320163001306,-1.7914403851790386,0.5780595976570901,0.6108393867388415,0.9261083743842364,1,2
-0.41092677473217853,-0.89676747011160141,-0.16415629856282576,0.91139598042885273,-0.40849071807606646,-0.049926947671874167,-0.022283461722536931,-0.17012771025126358,0.98517004092609439,10.677651709529838,3.764460361888081,-0.27090292470112831,0.8543729022721847,0.903100318106499,0.9752066115702479,1,5
-0.56481469567919995,-0.81959729517219326,-0.096149016070044127,0.82437721627766924,-0.5656538958951397,-0.020925471104168196,-0.03723660600932472,-0.091082071809304513,0.99514696973252703,-0.94858935311425929,4.1896411845516344,-1.1262608143786343,0.4099208073259666,0.3863228986163504,0.9543726235741445,1,5
-0.3272968937668731,-0.93482389124217802,-0.13777167957671355,0.94491899360464282,-0.32413786355211432,-0.045417407863722642,-0.0021997399266840954,-0.14504805332958909,0.98942216640297265,1.7065394227730364,-4.0292372615419456,-1.1717523017130838,0.2849169347777996,0.1929884750169726,0.6504424778761062,1,5
0.41391972235101709,0.9054633459563266,0.093843447178965408,-0.9099865487208374,0.40880435210027355,0.069307163057040613,0.024391486137515479,-0.11408387630795988,0.99317164909725153,-11.22377871873549,-12.949051398011605,-2.1027517200679657,,0.1242959659086345,0.3333333333333333,0,1
-0.88133549362837393,-0.46223816386357069,-0.097896003692010874,0.46772171603109225,-0.88287199236871317,-0.042112248145046959,-0.066963751565766963,-0.082903105846128963,0.99430525042227591,-14.784846593071865,10.117146473988942,-1.7946774149233704,0.569376063424236,0.5167834972147241,0.9624060150375939,1,4
0.083031022665365967,0.99652447337713368,0.0066950157258547551,-0.99649221192441229,0.083095009443011833,-0.0099242621719667599,-0.010446092529536804,-0.0058475093921881525,0.9999283403248318,-13.632072863387856,16.919788612141581,-1.3906138222370095,0.171913133404984,0.1525408547189666,0.5,1,5
0.77276380468688555,-0.59593606624205708,-0.21839484224173347,0.63079033711358778,0.7592158737927116,0.16029599990422772,0.070282663367116513,-0.2616323029236115,0.96260525933370666,-13.335178515307433,-10.045223753893287,-2.2139899562014449,0.7875324611693333,0.2974143105683542,0.2571428571428571,1,4
0.47360108937901768,0.86219460629521638,0.17978450715911262,-0.88024391032421401,0.45652137111476992,0.12945615494300883,0.029540928830108774,-0.21956479360527686,0.9751505703905049,-10.852971898479579,-3.3550556260726956,-2.0062594726735226,,0.2015986864606528,0.3301282051282051,0,1
0.99660439813351287,-0.0091880666269312291,-0.081824525984557916,0.013461976079736444,0.99856491839004313,0.051835113202490485,0.081230836638355064,-0.052760621606890414,0.99529787902250011,-6.8680122943763298,9.7362984252895757,-1.2176043030108443,,0.1215759537428702,0.603448275862069,0,5
0.97562192574995732,-0.19147570981871298,-0.10723297321890099,0.20383761217401902,0.97168379697448204,0.11950241236246506,0.081314733346053089,-0.13844728688809493,0.98702596870304593,4.4786100915170186,-3.3321523411928498,-0.95050005089092138,0.9200683425719667,0.9739243653465981,0.614406779661017,1,1
0.21041260550507637,-0.96999926014748461,-0.12177015544827682,0.97729507274606331,0.21188088966970658,0.00091070249814437037,0.024917388122184865,-0.11919699621259772,0.99255790756160034,-10.429822394284686,1.4596999212449977,-1.8367379125167063,0.4879351921305601,0.4703550153683078,0.9765739385065886,1,5
-0.63685003184885713,-0.7470138581803204,-0.19076774523137266,0.76973593921416406,-0.63013934189105336,-0.10213223625868208,-0.04391606558195519,-0.2118837074615757,0.9763076736849603,-19.533175443954093,-5.1837196734608453,-2.6294861859347964,0.3920215532412259,0.3614400790296875,0.7727272727272727,1,5
-0.82041940917099021,-0.55125128104352139,-0.15176962213631578,0.56851240069813913,-0.81475346279175875,-0.11388786204542167,-0.060873995334313528,-0.17971872472481837,0.98183274373760998,-10.128038816664311,-15.330814805129554,-2.0391362285923824,,0.2595235662233231,0.2173913043478261,0,1
0.42952021041358568,0.89058603120257163,0.14956239458206247,-0.90277546365444783,0.41931935050774366,0.095748339480430392,0.022557727495579657,-0.17614710703447697,0.98410535290365064,6.6473630718503518,-7.0288925817961836,-0.9512572544110518,0.4026684565774816,0.2445597678648608,0.2368421052631579,1,5
-0.064534673051971261,0.99588332172449445,0.063652851350600725,-0.99754050336774558,-0.062630639064231358,-0.031469782192291851,-0.027353612465257318,-0.065527189481866893,0.99747579786364116,14.85752668149288,10.747219709672931,0.33971135611998221,,0.2436725517864221,0.2222222222222222,0,3
-0.92292746032705308,0.37812020445316585,-0.072318835434152504,-0.3768361500934137,-0.92575526390220819,-0.031172220647989166,-0.078736389027121101,-0.0015173469111579843,0.99689431671633122,-5.9312906473157927,-9.6564956896342888,-1.7331285770623128,0.2605114062209407,0.2488113450751737,0.8931116389548693,1,5
-0.30500529925482162,-0.94317255080461804,-0.13189885077280744,0.95217918115818623,-0.30463955809835136,-0.023442410511034063,-0.018071369494407474,-0.13274139915772987,0.99098594669866302,-8.9338006976001232,13.744145024293509,-1.1509069488063062,,0.1114604367785339,0.2941176470588235,0,5
-0.45144188098558463,-0.88687857505674728,-0.098217214364446345,0.89187867937151155,-0.45187086786424308,-0.019108638312165142,-0.027434455976502986,-0.09622427906162806,0.99498152683572161,-10.291482460195882,-0.58840023416502241,-1.9008932001721908,,0.07981708702355453,0.4468085106382979,0,5
0.95608018251087579,0.28410101436366059,-0.072092289792384218,-0.27687160719804249,0.95610291830274252,0.09596521630545031,0.096191463953632123,-0.07179013337860618,0.9927705570835279,14.680272337740455,9.5276463056606708,0.29079907429618668,,0.2553902075641859,0.696969696969697,0,5
0.91872462039533653,0.39181369201123906,-0.049265633376276846,-0.38851410125175045,0.91915212365398269,0.064932016070018153,0.070723864487090352,-0.040514248541648888,0.99667283029944997,-1.814819551369536,-3.7904841056861405,-1.3810818986816946,,0.07651186486546636,0.3258426966292135,0,5
-0.21886202832550938,-0.9387894915803644,-0.2660332743389916,0.97572399139651156,-0.21276561510663866,-0.051898801927927965,-0.0078806833780191814,-0.27093372533993415,0.96256574388605831,-17.489311984636092,-0.47846453103757092,-2.390822712320757,,0.6805996313412758,0.6170212765957447,0,1
0.80647687187232564,-0.58469174593614215,-0.087923929445714519,0.586922187874375,0.80964312452399156,-0.00059690182262356459,0.0715360085256775,-0.051123117522066608,0.99612701315597285,-10.549511025373633,-5.6022585387080754,-2.0065335634402279,0.2387053460539633,0.2287943472615176,0.9555302166476625,1,5
-0.80880626381035059,-0.55053779813447878,-0.20673790278122703,0.58433423769372506,-0.79195267934897329,-0.1771001195111814,-0.066226326185541487,-0.26404372080627309,0.96223437229333286,-11.389013458334313,13.003427211270447,-1.3469291448552145,,0.2947282804746487,0.1,0,3
-0.29506259928650147,0.95418013057603235,-0.049782938002869287,-0.95458592365142236,-0.29663758500246346,-0.027782324065229885,-0.041276832107765254,0.03932456710264387,0.99837357815265482,-6.5006156852892616,-17.991982716523712,-1.8691445114369967,,0.1001368188175291,0.2380952380952381,0,5
-0.58225475341634703,0.81283385824265642,-0.016748761698373568,-0.8116817712691291,-0.58235823295729383,-0.045073170470580286,-0.046390778323718303,-0.01264940319614026,0.99884327513644688,-25.442753194765832,-4.9829891142103575,-3.1124922378024835,,0.228292795797931,0.3571428571428572,0,5
-0.75727834230326374,0.65033122269868293,-0.059990108031713806,-0.64953206392934504,-0.7595441928970883,-0.034651363090007298,-0.06810000151325768,0.012724771885834235,0.99759734862034766,-22.2171267314096,3.5203601101347775,-2.658354882523041,,0.3655861687350774,0.7884615384615384,1,1
-0.91051290971610843,-0.40176372325928078,-0.097735110953768911,0.40751721087435527,-0.91195162316874157,-0.047686054996023221,-0.069971166072117508,-0.083247508507687043,0.99406935786481765,2.4369195892694364,5.1132067883877568,-0.84717391655350482,0.3757396614576056,0.3265248077799245,0.9192982456140351,1,5
-0.74352693557800476,0.6674388224510388,-0.04114747082325796,-0.66528927489489154,-0.74453850725797088,-0.055250266242801632,-0.06751204914539137,-0.013705090121615179,0.99762432494649367,4.152932897021075,15.868661117841205,-0.30803058727209104,,0.1027186250298647,0.2105263157894737,0,5
-0.2873436313822591,0.94531597198563033,0.15430926936810588,-0.95739400919504292,-0.27861513416432759,-0.07596261035559114,-0.028815771055067156,-0.16956214236513995,0.98509813278426506,-30.522815782821159,-13.144883846636628,-3.5183823798506766,,0.2695283709125773,0.3636363636363636,0,3
-0.71766310900700458,-0.68882770660374382,-0.10235258953943642,0.69449033792441528,-0.71878240979082419,-0.03217169415695554,-0.051408486653794425,-0.094171322547385292,0.99422780564096291,-2.3940309920184846,-9.1340340783536629,-1.5170079034433883,0.1455450868978183,0.1136932500563248,0.52,1,5
-0.76583257324721699,-0.61604790941613774,-0.1843514118675334,0.64131500931564311,-0.75270297556869914,-0.14883981119480003,-0.047069401738533925,-0.23221370302812266,0.97152522743670655,-13.32987881656687,-8.0173100149664798,-2.196551279715969,,0.2399800432097242,0.2682926829268293,0,4
-0.68382033650381413,0.72775351176395087,-0.052579211662490986,-0.72632441290776395,-0.6858062037818895,-0.04607274756802042,-0.069588753387338248,0.0066840832962928136,0.9975533712200495,-4.7598393993163626,13.267383045970998,-0.93291658270209632,0.531239223528584,0.3960706010826242,0.9523809523809523,1,5
0.33411621564099003,-0.90926298896769575,-0.24820791957404742,0.94197550562261423,0.33117959523073548,0.054792540640382963,0.032380569061787406,-0.2521128568644202,0.96715593683278211,12.165260875533079,-11.987505572982728,-0.74737236574529997,,0.2110510456126024,0.6923076923076923,0,5
-0.055558903376710156,0.99404157859848874,0.093779252892114501,-0.99830321995382409,-0.053665003804567304,-0.022599743283574312,-0.017432420526279996,-0.094875747080492401,0.99533647744394171,-2.9925592320805894,14.759219998386774,-0.79390290350319437,,0.3597238841020322,0.12,0,5
-0.034223082227718013,-0.99015161735315205,-0.13575181507358175,0.99938475678201044,-0.032861936395087457,-0.012255653720906416,0.00767388784100993,-0.13608772093507301,0.99066707003720533,17.476611371962701,0.11925997528225951,0.083848764091887101,0.2702685857916013,0.1251546671638051,0.6,1,5
0.98781616298825781,-0.12634141153728401,-0.090868453656486478,0.13262446278590512,0.9889144849482554,0.066774945378306846,0.081424689191328462,-0.078012750177727047,0.99362167387784073,-2.4915203848770142,4.3860746290924837,-1.2331943445036622,,0.06442198689827637,0.3382352941176471,0,5
-0.99002526886048237,-0.11215053807059497,-0.085277334786017817,0.11663645812325063,-0.99193712612763996,-0.049564850913751311,-0.079031029692101087,-0.059016901139548134,0.99512366152438148,-14.287652335923974,1.5454308268702024,-2.0965399780605534,0.1117216360401421,0.09615081362418183,0.65,1,5
-0.67537361288882669,-0.73067076315248358,-0.099953583665931225,0.73650619184209587,-0.67520956692370726,-0.040628439706143875,-0.037803602893763104,-0.10105580937713947,0.99416226593015689,9.4988900818777644,-4.1066339043399083,-0.72523410157027624,0.3745616266339646,0.3547162777978007,0.8484848484848485,1,5
-0.23625321867030463,-0.96585853308109459,-0.1063095044779957,0.97164668496915463,-0.23587520120150388,-0.016297516577742827,-0.0093346803037359059,-0.10714561835458246,0.99419951730577738,-7.3582054987514383,-16.811268054872308,-1.8977402185522534,,0.07664932199990265,0.4,0,1
0.91430792613456169,0.40501792665437464,-0.001222823007311014,-0.40494810601835129,0.91419877080464884,0.016051133648991512,0.0076189001611622082,-0.014180498857911849,0.99987042451133323,-3.3173870138918256,10.59762958774666,-0.93030023800472783,0.1951142075572028,0.16890901916064,0.3870967741935484,1,5
-0.96549571203508988,-0.24312627548635155,-0.093314758800474615,0.24955765428716095,-0.96619459330673274,-0.064722369019749565,-0.074424506908315438,-0.085776582077939562,0.99353075983508543,-0.29839801907371249,-12.842000512181736,-1.4280680422749226,,0.09372212443925594,0.3617021276595745,1,5
0.02551882324515993,0.99819284018323218,-0.054404443450097532,-0.99964248685155066,0.02504573602101591,-0.0093599993810525844,-0.0079804850372647423,0.054623849316009949,0.99847511082874363,9.2300142676765127,-7.7284575084054161,-0.81798793403575853,0.1629817018502671,0.1460799400861889,0.5,1,5
0.67524767508008898,-0.72613958230966913,-0.12946769597885766,0.73511299935875585,0.67690691906806555,0.037495347598783084,0.060410723159953286,-0.12049203260348365,0.99087446965111226,-17.045828708755653,9.9245249470650325,-1.9921761881201834,,0.08051946311720644,0.35,0,2
-0.95180249204772061,0.29770715178311141,-0.073773083905558451,-0.29328091892520652,-0.95380210486924522,-0.06517551182295353,-0.089768138702635086,-0.040397976733804297,0.99514304738046566,-12.687096394658594,8.8012017229917578,-1.6842933405299882,,0.3490659502688702,0.1551724137931035,0,3
-0.99229069389194191,-0.064818816522724726,-0.10563001391670031,0.094957739148223641,-0.9453472343681899,-0.31193209877836137,-0.079637972044162994,-0.31955770605167494,0.94421431143130063,-17.170873622226669,-11.920664363587537,-2.5053571827780399,,0.2262295259943872,0.5,0,1
0.93245325588630923,-0.34624068246932743,-0.10319067491879177,0.34905343880309769,0.93704952097995686,0.009994603091957651,0.093234234306682803,-0.045338560127204122,0.99461137763391738,-14.36566099944524,-8.427600442492821,-2.2632099945598512,0.1506544671078384,0.1309212153036375,0.7948717948717948,1,3
0.81480480833903102,-0.55752516108239591,-0.1589302333341403,0.57513175864538724,0.81184610329471063,0.10064474533059013,0.072914912775506949,-0.17341164702880785,0.98214653497820636,10.780970586775954,-16.578461257138521,-0.96047793033257811,,0.1602160170536632,0.3,0,2
-0.58242670549487241,0.81288182757167193,-0.0015056992163252467,-0.80732318821169113,-0.57865825185586273,-0.11568879520000808,-0.094912604548086851,-0.066164657959200152,0.99328436791033958,5.9275004155778523,13.653790761499087,-0.20845158800234251,0.8963196005457001,0.5959870751276993,0.5555555555555556,1,5
-0.99289293935001688,-0.068460022394593922,-0.097349043768378385,0.08633729850643182,-0.97733869713842092,-0.19327426616698812,-0.081911427014167232,-0.20030550768640426,0.97630334513152051,7.9799753983813355,-12.525467739588882,-0.96206391520702794,0.4319195743490196,0.4174415651461851,0.2857142857142857,1,5
-0.20528448816356021,-0.93583968333522105,-0.28646529635273033,0.9785956732937634,-0.20059395889734058,-0.045962722554451045,-0.014449468161512007,-0.28976913353379186,0.95698749318939591,-15.489904917223877,-9.0656893818441109,-2.3682389488939051,0.2033725186184064,0.1389428941342609,0.2013422818791946,1,3
0.35950003235800632,0.93215276211477305,-0.043022724418511953,-0.93289915519931332,0.36008151116660209,0.006361724953477762,0.021421787110320827,0.037848822937774688,0.99905383920949176,10.801822322294191,-4.1169937498792377,-0.6555603211818114,0.1219492671836896,0.1334898237962205,0.25,1,5
-0.36890883111094946,0.92942197081720579,-0.0090041374164895986,-0.92850983220690686,-0.36895140172258489,-0.041765472127613862,-0.042139836538074536,-0.0070472213816422649,0.99908686851912099,-1.7012152723794169,-10.50819301890775,-1.4955095508765341,,0.07166440807534774,0.3157894736842105,0,4
0.078962791719881853,-0.97555996038315729,-0.20505521505442223,0.99660924499477721,0.072481212737035616,0.038942092793135513,-0.023127695837310339,-0.20743489941998999,0.97797539446955184,-2.3675866486806543,8.4174900281953047,-0.88011881920117685,0.3903734102071927,0.6868311968810127,0.5284280936454849,1,5
0.82865969134690343,0.55951880164963252,-0.016181054891886981,-0.5565622665176585,0.82667420540744441,0.082753861557622044,0.05967880214600519,-0.059569024790828137,0.99643864430274287,-20.773797183507337,-13.264091195952004,-2.7362061137060447,,0.8802629064004532,0.5283018867924528,0,2
-0.99368154200366854,0.086534403542516486,-0.071475800693340946,-0.074620083995448158,-0.98506080184461675,-0.15520006357522642,-0.083838154474711268,-0.14888590824111911,0.98529394100516676,-10.386748350759738,-14.103975719605529,-2.0469655976348964,0.214744083044191,0.2039664649543046,0.68,1,4
0.49716798254676098,0.8579767874479387,0.12922781949293038,-0.86707909027294316,0.48587437511320308,0.10999974008968712,0.031588737578888727,-0.16673908902494405,0.98549491518186083,-11.668324373309966,-15.44451885221895,-2.1362181379506868,,0.4982467682097783,0.2352941176470588,0,1
0.88498071237521181,-0.45371684706597348,-0.10464301893759866,0.45961280506572377,0.88720907429960849,0.040201093269326263,0.074600322676779449,-0.083672463624206064,0.99369699138498768,6.3459182356423876,9.8846776221928767,-0.24202834143763829,0.2459410424420543,0.219471279891296,0.3090909090909091,1,5
0.026973592880406832,-0.99587431225167611,-0.086641672908446279,0.99956010557107478,0.027939082246694422,-0.0099500268318918859,0.012329664953476323,-0.086335171746308489,0.9961898501197809,-12.770467649514716,3.0089787749636012,-1.9535879449039364,,0.1098470201981543,0.5952380952380952,0,1
-0.26973257651573851,-0.94403540452631152,-0.1898459695833038,0.96257502638357617,-0.26973187536466414,-0.02634452495148203,-0.026337345136501641,-0.18984696577271057,0.98146037812947695,-3.2761859559938435,-10.415050212688223,-1.5820112935980895,,0.6337705536372356,0.6810344827586207,0,5
