axis_00,axis_01,axis_02,axis_10,axis_11,axis_12,axis_20,axis_21,axis_22,location_x,location_y,location_z,dbh,dbh_approximation,score,reconstructed,number_clusters
-0.81035729598171602,-0.58429142832058945,-0.043870031231908559,0.58586784337766018,-0.80684634023557034,-0.075880520191132381,0.0089399633787004672,-0.087192373746520946,0.99615137756027639,5.9611902425914254,-8.6847958264906282,-1.5622608059553869,,0.5161194368361957,0.3611111111111111,1,5
-0.38038299677778858,0.92241372206229522,0.066795966296865461,-0.9235140504639946,-0.38270030705625357,0.025734676501483113,0.049300855549731681,-0.051897980020733592,0.99743472233115749,5.8236808183562623,2.1318234206350755,-2.2103349166951718,0.2125710631400836,0.2152188580748517,0.73224043715847,1,5
0.99630714964691347,0.055157024741087787,0.06580095883917271,-0.065743881049857733,0.98299568605037191,0.17145618481367586,-0.055225045649104409,-0.17514903319193692,0.98299186695770036,8.1714794929945622,6.9982851863997491,-2.5857736377819807,0.4478285096896232,0.432727884981394,0.8364779874213837,1,5
-0.18693289369859886,-0.98199606111166349,-0.027199801739090979,0.98233606878569679,-0.18661520456077185,-0.013806280795458576,0.0084818167941890406,-0.029300194332439466,0.99953467043217203,15.598310038237079,-8.036191183197877,-2.0213899766645307,,0.1367393524308552,0.1818181818181818,0,4
0.93766343269477093,-0.34640814725770591,0.028083491601723444,0.3433753382439671,0.93586418475937005,0.079067090312737023,-0.053671818237336431,-0.064495140888015043,0.99647363875264428,0.87033930498058032,4.8550072075640314,-2.2171841017122405,,0.07020667309506337,0.1904761904761905,0,5
0.59165139801036293,0.79024149101529872,0.15958386231164567,-0.8061938187753942,0.58003916423427693,0.11664516502088602,-0.00038704099469430691,-0.19766879832770892,0.98026878781635707,-24.191065754121858,-2.3949313551993137,-0.53549968601371989,,0.1617114307308777,0.2258064516129032,0,1
-0.77167300656406113,-0.6356655490060894,-0.021215106579314514,0.63526824499456713,-0.76871191099989822,-0.074271493780650497,0.030903524748928095,-0.070790590431732275,0.99701236926350212,-15.629369127960963,-5.2147149694100445,-0.77704498361049268,0.7250383656681219,0.2530975056768839,0.3793103448275862,1,5
-0.60344072064260779,0.77441825560234234,0.19009382436090638,-0.79693268360533809,-0.59392263442944992,-0.11024609795351366,0.027524434089073666,-0.21801896638184284,0.97555632119620306,-19.080449738530994,-5.5333474762650727,-0.62446279793754711,,0.4168506201846096,0.2307692307692308,0,5
0.25520507987025204,0.94989072268062003,0.18049371782338539,-0.96552983190448916,0.24047999301107029,0.099606810328833104,0.051210457046456916,-0.19969223301542055,0.97851954562104082,26.929062715197347,4.0949032969137349,-3.1328514340973364,,0.3462980536916881,0.3636363636363636,0,7
-0.71089696643022926,0.68748692427096514,0.148280922834821,-0.69920448416895242,-0.71358363095917565,-0.043720600923912105,0.075753497861990274,-0.13475952873013308,0.98797837880092632,-22.086110825977549,5.0347850684082651,-1.0479162141154177,0.4969885384155103,0.1978682510401534,0.3095238095238095,1,5
0.75010234659629726,-0.66113777590572975,-0.015598426239631983,0.65897876710515035,0.74525316585860646,0.1017089144682035,-0.055618828963796468,-0.086571127104534878,0.99469190497185966,-1.3824685785020538,-2.434012192131402,-1.6457772527801175,0.7850218753970999,0.8145099259773005,0.6061320754716981,1,1
-0.51633232420279851,0.80738498323395858,0.28553532151318423,-0.85534103291350227,-0.5026761525220298,-0.12533316839573183,0.042339678763541354,-0.3089436429738448,0.95013745167120478,-28.778567489479354,5.4552735746395387,-0.77070979267195827,,0.4187383162102151,0.2857142857142857,0,4
0.16970442261351459,-0.98317456894672084,-0.067588282430040059,0.9832898181420282,0.16434051609304412,0.078315568749057901,-0.065890382330277122,-0.07974936831537402,0.99463485549706565,-21.288540268093044,11.756089906349283,-1.590667774208405,0.1867514857369707,0.3007928938771896,0.35,1,3
0.912793892254533,-0.40439835924056189,-0.057177594443658629,0.40378531893894698,0.87251546563293836,0.27508940081491939,-0.061357366894242524,-0.27418739809641174,0.95971690839170254,-7.9711222136505979,5.6079904146005459,-1.9121992164391344,,0.3445731342915709,0.1854838709677419,0,4
-0.87490376233488298,0.47351803472526222,0.10160746745289756,-0.48312997355273435,-0.86792555821670414,-0.11528509899009459,0.033598144401144829,-0.14995297991086198,0.98812209190395717,-5.3694764050354529,-10.432704913818329,-0.95808322134971613,,0.2903341408755664,0.3548387096774194,0,6
0.19166300014071549,0.97672930148715376,0.096255732262953558,-0.98099494134618348,0.18762709873126168,0.049446909659632443,0.030236061751800103,-0.10390352947858211,0.994127676474021,-15.509185894395857,-4.1453560824250806,-0.84934916730698584,,0.09558217178518084,0.5185185185185185,0,5
0.92997998580849406,0.36170510156784802,0.065625037107993875,-0.36629840830180765,0.92684371067343674,0.082378468428686208,-0.03102744061625334,-0.10064867353764034,0.99443810387772158,-14.274323502092411,-5.1394746997062732,-0.84578915218984285,,0.06981158997193079,0.25,0,5
0.170691737350672,0.9684463950280835,0.18159270568312644,-0.98493173059819006,0.16249794508534851,0.05919378264558961,0.027817563895200629,-0.1889603074726233,0.98159064040912125,-14.445045468184546,-12.859384985381032,-0.42056393925356617,,0.1545698974358327,0.375,0,3
-0.80352288645815884,-0.59467354608039502,-0.026727224512043964,0.59478717902710099,-0.8002410622611571,-0.076435946622764303,0.024066212891360562,-0.077315042930228062,0.99671620912562942,-6.8980055520598729,-10.722817864237273,-0.8812147596562746,,0.1395238868980772,0.3333333333333333,0,3
0.59585572611356641,0.79747890208676353,0.094780559104512649,-0.80308702559382694,0.59208201172088371,0.067008363055742912,-0.00268010830630486,-0.11604435411962423,0.99324041646341876,10.73333438686802,10.361810878089116,-2.8408076221361829,,0.1039185717732478,0.4736842105263158,0,5
-0.22193583849924275,-0.9748388302854516,0.020826390885865867,0.97483797652159143,-0.22137731105579256,0.026134377379150912,-0.020866315461220187,0.026102511706722675,0.99944147190402,-16.371058449702904,5.5043596545794991,-1.4145692414331599,,0.09159508818092317,0.4302325581395349,0,5
-0.98095649016497355,0.17536156474749881,0.083502610812621045,-0.18609840491194252,-0.97168153996868689,-0.14561033127258066,0.055603489930452152,-0.15837710217512144,0.98581182048815186,-16.190528188010852,8.3945931290514046,-1.5962617570506641,0.5363642752905188,0.1459416286625193,0.2142857142857143,1,2
-0.99557093703541244,0.076989142434703325,0.053955363751898876,-0.080968305046688838,-0.9938211024689515,-0.075919364231163383,0.047777012341680289,-0.079951786937920891,0.99565308660051699,-3.0323294591249215,9.4022091688622691,-2.3295562285184177,0.5335083294405719,0.2711422359625498,0.1884057971014493,1,4
0.96908989553117952,0.23652493074224734,0.07014792596180329,-0.24473175504049213,0.95756464328890689,0.15223771542488787,-0.031163158603841234,-0.16469945677009271,0.98585138154057927,-20.474225270204638,-15.68147582411077,0.0053240867627796645,,0.1220443571176576,0.3125,0,3
-0.97574929360926099,0.21066772480081203,0.05943421361705592,-0.21276742625710182,-0.97659594196416266,-0.031470437922898727,0.051413406276545712,-0.043352922235758339,0.99773603011451073,-26.664309566346844,6.3503161868826101,-0.9615074603921947,,0.07371395023288449,0.2307692307692308,0,2
0.75644617489058541,0.64985490262316048,0.074012093809359067,-0.65393730978073561,0.75360634989228859,0.066659315018656226,-0.012457101193181313,-0.098823453383620738,0.99502700751848905,15.641787442517865,-5.4784169312226147,-2.1567200281662742,0.300550212320031,0.3326185462737831,0.8681318681318682,1,5
0.14425856895610137,0.98509146516892987,0.093724439363853579,-0.98927685572499635,0.14138756885094314,0.036617729329990981,0.022820342013267218,-0.098001839910027505,0.99492455561446824,-11.875034194224996,-10.50889697646301,-0.64614748094682251,,0.0981729374045984,0.3548387096774194,0,4
-0.67759640732134141,-0.735325415371896,0.01263496313248183,0.73540128916490843,-0.67762823974028141,0.0022164388278649852,0.0069320040249007927,0.010793619162987053,0.99991771916771399,-3.4174258588693092,2.4150956893999584,-1.9017868829714621,,0.1198704865420918,0.6591639871382636,0,5
0.99774843924729906,0.037010333338048651,0.055931093371977665,-0.048800830213192009,0.97269250216757919,0.22690917830153243,-0.046005770834555038,-0.22912776229252521,0.9723085608986165,-10.143345471319874,-16.606346431531097,-0.44064837590531014,,0.1048029613744644,0.2352941176470588,0,4
0.73934993283352135,0.6662049414022051,0.097635305450190696,-0.67329096040117342,0.73012429936873013,0.1166095627012909,0.0063999579008778311,-0.15195224092656659,0.9883671165190907,-9.8711191458688603,-8.5861018516596754,-0.87232599960253276,,0.1593389128736578,0.3023255813953488,0,5
-0.61196038517781859,0.77039392513560478,0.17887897329527067,-0.78957047674928449,-0.60816088750325281,-0.081968269209256844,0.045639338502231216,-0.1913988898228256,0.98045066972064798,3.2630401934346973,10.575920996163472,-2.6055686478367752,,0.2178516002609603,0.2,0,4
0.14165089069666517,-0.98708881299440243,-0.074770986526487532,0.98927259832854952,0.13843008088201547,0.046656606212623554,-0.035703660332276045,-0.080577837947548941,0.99610865906816493,-5.9959114887725198,8.9090808731380502,-2.1823579921227094,,0.07206195208049122,0.2884615384615384,0,5
-0.98373643955090662,0.15401862621062484,0.092416883089048815,-0.16238242828590335,-0.98251708881629041,-0.091061062853079522,0.076776067128217121,-0.10458696364342412,0.991547781275401,12.856829771714354,-8.6429658172073065,-1.8497304385469546,0.7571544791087981,0.5079351472015541,0.2142857142857143,1,5
0.88078951133431327,0.46862260152793589,0.06784315780276956,-0.4728775426765579,0.87793256259931196,0.074974963554413673,-0.024426754914283467,-0.098118667260591555,0.99487489704955556,-26.223515494145285,-0.30075787193386766,-0.56158988868780968,,0.1686596868659109,0.4210526315789473,0,1
-0.99823243517366678,-0.038154145408815433,0.045566068026278793,0.030935895013145896,-0.98823769968291486,-0.14976387857276308,0.050744219049938345,-0.14808953411211978,0.98767125812158207,8.7239413024563675,25.088584139364677,-3.5236308929595523,,0.2904553053815575,0.4117647058823529,0,6
-0.98005386711710418,0.17697922323073534,0.090403385409257783,-0.19182353716419714,-0.96133890685454748,-0.19756324748677065,0.051943701626136062,-0.21096412186044525,0.97611269387762112,1.2034519301267559,18.348276010518166,-2.8404074388907792,,0.1477383636192066,0.1538461538461539,0,6
-0.96807138633364387,-0.24826866616119037,0.034647660304852994,0.24778082762611547,-0.96865266170224285,-0.017795573552917974,0.0379796316856073,-0.0086423596143306459,0.99924114066491609,-16.857730024997728,9.6992210437585662,-1.6374607509667556,0.3186527869955438,0.4084975239404405,0.8439306358381503,1,5
-0.6437485171036248,-0.76118512711199771,-0.078645082429709662,0.76522965762361272,-0.63987976831846527,-0.070551067957583438,0.0033790265066711163,-0.10559869487923901,0.99440308618772344,4.4244430117146294,-9.7370839009788384,-1.4628046701988004,,0.07745488008654781,0.2777777777777778,0,5
0.50584109184268866,-0.86256970001976652,0.0099147572439752824,0.86099602414835541,0.50555791147115003,0.055651096571886313,-0.05301543364079063,-0.019614044884707076,0.99840104819613473,10.925176457284138,17.745508956300025,-3.1938131912063605,0.4843617210485005,0.3843906953510391,0.92,1,6
0.35058522771217582,0.93292356665183052,0.082119528101595854,-0.93626200321603115,0.34703382187607518,0.054598423127307644,0.02243790194973708,-0.096026794488368192,0.99512581882713835,-5.037630504398769,-6.947472657934747,-1.2018530378372339,,0.1064680276946808,0.3728813559322034,0,4
0.88819620406730093,-0.45825974642389705,0.033249178755949738,0.45586161442549861,0.88796572995780465,0.060885555872333609,-0.057425530679458006,-0.038921295302324993,0.99759081852138864,0.41682432781008955,6.2748935237613299,-2.2988228960935597,0.1311852251998641,0.1136658703020016,0.425,1,5
0.99760769908657432,0.050090776654278496,0.047642342693896202,-0.055687050141193593,0.99065677147565445,0.12449141968828673,-0.04096133749969192,-0.12684666027769168,0.99107622996752032,2.6639192691421449,13.804797031883568,-2.7241438276494083,,0.07041638689098879,0.4,0,5
-0.95686489958616661,0.28036425219768712,0.076193503854242631,-0.28522253171110851,-0.95640896880530579,-0.062689646617894459,0.055296214556336057,-0.081717626485371106,0.99512037371231465,-0.30758105328053154,15.339870135640858,-2.684132764568818,,0.09802099158316739,0.2727272727272727,0,5
0.52769964934684388,-0.8463804824723874,-0.071924675661600476,0.84788345149828048,0.51973763716613519,0.10472077725229852,-0.051251660993382978,-0.11624485968321914,0.99189737364439479,4.5203522372783231,4.19079988117476,-2.2948725313058294,,0.07753576984613075,0.34375,0,2
0.82997754334867524,0.53538141352495872,0.15653759800417075,-0.55762254995328342,0.80338977777593834,0.2088587004381815,-0.01394163980657041,-0.26063692565932661,0.9653362231172925,-21.684090095468143,-10.362352747902017,-0.19861543755099484,,0.2551332887219955,0.28,0,3
0.23163163165484138,-0.9727303801057442,-0.011932930748630348,0.97188029734717285,0.23086008124740678,0.04639300070929895,-0.04237304385205392,-0.022343466735861215,0.99885198835910483,-23.462059738194565,-16.28877285954686,0.17862004480775945,,0.141883571509757,0.1818181818181818,0,1
-0.87083037605633529,0.48566140567801075,0.076075325647944253,-0.4884075037104928,-0.87234403825726792,-0.021771293858826177,0.05579037960855783,-0.056114863911989867,0.99686436168180503,-4.0070253766378139,15.261319350097715,-2.5369463684598021,0.1534957476088055,0.3071002042941631,0.4285714285714285,1,4
-0.74002002413829915,0.66670043317015615,0.088774412333039426,-0.66884949896346724,-0.74336305131001346,0.0071917788748122064,0.07078638012124279,-0.054054660833193852,0.99602579385854217,-0.82978229256939073,13.346854914386293,-2.6070253880368321,,0.1124491165627302,0.3225806451612903,1,5
0.81254417096988429,0.57834097081819824,0.072757760382840722,-0.58256780048149426,0.8099417084571261,0.067890991624109762,-0.019665402742294412,-0.097550757939726812,0.99503624133011759,23.654716455650522,-3.1564933586040853,-2.6334326462514794,0.206377623456042,0.2233562574659024,0.9,1,5
-0.16810470685529605,-0.95753776083321651,-0.2342269073176805,0.98546125778763605,-0.16917751261299827,-0.015654987246553568,-0.024635684133103002,-0.2334532197348948,0.97205590233417449,-6.5048909107290225,-8.4909152853683043,-1.0258095038175046,,0.3919394804526209,0.3125,1,4
0.22929545766127685,-0.97326515590466078,0.013361489354952075,0.97252978844474047,0.22964480868154799,0.038066684032679474,-0.040117373836457741,0.0042659286787577215,0.99918586767876916,10.844318962319059,3.523925688720408,-2.4572704729897623,0.1761118956583504,0.1476799481954569,0.7755102040816326,1,5
-0.94208386549353551,-0.33495946225334822,0.016737652873257951,0.33227784550173894,-0.93898349554299143,-0.088889979674805289,0.045490919593700753,-0.078180264420200221,0.99590080956373739,5.1838437965564452,20.469457827733827,-3.0880973939419349,0.3519702949181555,0.2764073558626616,0.8070175438596491,1,5
0.42599175163245173,-0.90468829960078145,-0.0083730583756311296,0.90349188447604101,0.42490852262471718,0.056170829500833089,-0.047259308364034192,-0.031493300340334589,0.99838606250619633,-6.3496232861917008,-7.6000893760862862,-1.0810884365180708,0.1460295901582638,0.1149227480229929,0.546875,1,6
0.90978841459577209,0.41241785514561213,0.046867402577956935,-0.41491147855834659,0.90676301394084691,0.075028671249313283,-0.011554463546100208,-0.087706039164949526,0.99607938692965559,22.643664209785157,-3.7926031483703304,-2.557400752874059,0.2995640045574521,0.3079527682029747,0.8909090909090909,1,5
0.97937745735142212,-0.20093740695998358,0.021070228191969922,0.19554409850235532,0.96895468767308934,0.15129216363462755,-0.050816351431058539,-0.14405197576063916,0.98826450240140284,-8.8880745526040208,-0.24961671432150287,-1.4327014978349497,,0.06928070417767537,0.2586206896551724,0,1
0.6875251955660171,0.7179287693428188,0.10902929703440072,-0.72614430707299193,0.67871281764027813,0.10983331223394396,0.0048529132894040402,-0.15468417281900612,0.98795205142350195,-19.885784374469356,6.1868148842757105,-1.2467029373208833,,0.0892747628494011,0.2777777777777778,0,5
-0.97812825557870053,-0.20778117870558174,-0.0095967397739707729,0.20612050324061776,-0.96205244781327892,-0.17879996029170284,0.027918699511345575,-0.17686737808934422,0.98383864367354401,-25.240143465968053,7.6492302041251818,-1.144579728634407,,0.2248877311315749,0.4,0,4
-0.56008088217042007,0.80876741525528062,0.17945660603192351,-0.82677235523302606,-0.55941225363486913,-0.059206444797773643,0.052505981084433315,-0.18153015866365002,0.98198264925909562,-29.851062417507123,0.95387737874893674,-0.45633124625811106,,0.2354904323761718,0.4736842105263158,0,1
0.5997342130809169,-0.79961713586073047,-0.030517367155359815,0.79702628248672691,0.59352867139668286,0.11168178569254819,-0.071189737221041827,-0.091302531552911015,0.99327532388881434,-23.127002678641968,-1.7615787318814593,-0.63594145859659557,,0.271188775757583,0.5434782608695652,0,2
0.94100162781087004,0.32031109858119111,0.10916380619511311,-0.33272832224223148,0.93458557101093742,0.12586371214941416,-0.061707374236501404,-0.15475984809979354,0.98602311807632914,2.4683916553323182,-4.2833656035882717,-1.6752065194516155,,0.2198880424053967,0.220125786163522,1,2
0.068508498672827628,0.95399716892143582,0.29188351666286361,-0.99721145102171327,0.056802754329588055,0.048402159577242476,0.029595735516516036,-0.29438554446585419,0.95522837251035375,-19.831999495420202,-7.8726358745087115,-0.39968310453391742,,0.7874829605621096,0.36,0,1
0.13085508101015045,0.96129750526059343,0.2424542310490522,-0.99104795936571333,0.12030576907632824,0.057883194141387574,0.026474327392464497,-0.24785808097924378,0.96843455209033313,-0.11077551059012773,2.5566479408182285,-2.0261620101309927,,0.07472473321194141,0.2596153846153846,0,3
0.98263112153856524,0.17791905796775245,0.052734123636682631,-0.18203430155400727,0.9793767941901268,0.087661896281192975,-0.036049854945703348,-0.09573872682325224,0.99475348913419592,-1.94203281886859,12.725801801096008,-2.5329609264623163,,0.08313799237416122,0.3111111111111111,0,5
0.86931531929169237,0.47931760682786373,0.12060475707696069,-0.4938661632245539,0.85208290722404578,0.17335204653674127,-0.019674563950483209,-0.21026019832918344,0.97744747200651738,-6.1747416961805115,-6.3846891072617868,-1.1753837050415379,,0.3123151580151775,0.3235294117647059,0,4
-0.89745423868386176,-0.44081332393425343,0.016109094028084834,0.44031703506151315,-0.8974336912440436,-0.027086499491980311,0.026396933591024838,-0.017215785260212554,0.99950328595501181,-37.133583363284316,4.8375442279303371,-0.39071854149724217,,0.114768723966837,0.25,0,2
0.086204886767460062,0.99152493073806203,0.097195829243287568,-0.99585695710165345,0.082923357386073246,0.037318062544250664,0.028941984894689934,-0.10001014210920041,0.9945653990490787,5.7318577821033019,3.5572408516791394,-2.2963282344734788,,0.1049688155635648,0.3518518518518519,0,2
-0.62406699414245037,0.77811124379787489,0.071297118436381118,-0.77915104929494861,-0.6265711358017293,0.018227840319456973,0.058856003980795435,-0.044175831123540503,0.99728855740951827,14.129905290039922,2.6313711653579195,-2.5198436197239298,0.187752667165997,0.2211135304668129,0.7192982456140351,1,5
0.66533709074400715,-0.74653515466361753,-0.0034378091381306883,0.7449574432022591,0.66361692794238314,0.068198099430021822,-0.048630890366657527,-0.047935746574800459,0.99766587628447223,-9.1829241066345286,6.071306310113167,-1.8693331809697993,0.4004195625388075,0.337324665447109,0.8440677966101695,1,5
0.97924145533802409,-0.20176953325479821,0.019370792384677163,0.19845672953054394,0.97381263307222887,0.1109228658707191,-0.041244377210837534,-0.1047760045004292,0.99364022172485411,16.972945417503126,-9.5932159916561428,-2.0141561142443205,,0.1082926838808026,0.4166666666666667,0,5
-0.9669575050735687,0.2354972603766689,0.097643349681294608,-0.25331602132875708,-0.93067088357932071,-0.2639748090175566,0.028708478191446084,-0.27998704758036635,0.95957442466291376,7.267562016366016,-12.52500861292163,-1.4151707446291739,,0.3619376898318947,0.2,0,5
-0.88541906729936659,0.45405585179831814,0.099329546009354078,-0.45881984399215769,-0.88799988127183316,-0.030668577081816178,0.074279378172765059,-0.072728909719004059,0.99458186172348506,-19.30870927869789,-11.025306557606385,-0.27481787869430985,,0.4123876374131847,0.2962962962962963,0,2
0.34235389358284307,0.92848292872394833,0.14392102909883206,-0.93943700117372442,0.3356777402851589,0.069127241394173949,0.015872377716859416,-0.15887072022637971,0.98717179957713785,-6.5882573453808719,-5.4494721745147121,-1.2086889706617232,,0.1239810762528113,0.1941747572815534,0,4
0.98036975629493561,-0.19706853338373539,0.0062557247536128161,0.18818729307089296,0.94471168225852509,0.26852444978235734,-0.058827575752015498,-0.26207600148478233,0.96325255555170486,6.7718626560091382,12.758466818049678,-2.8023630890686895,,0.4146573282866829,0.1,0,4
0.08649698635499245,-0.9952013620041873,-0.045744075206685324,0.99624378158695903,0.086217260366077381,0.008056777537166231,-0.004074187136052343,-0.046269137445803944,0.99892070151699341,-6.8504875437959081,-20.313930144514348,-0.38492804975978551,,0.2346944994628325,0.5714285714285714,0,4
0.91246195850795553,0.40456728581770229,0.061143155969606039,-0.40841525356079911,0.909592270854508,0.076412573969257658,-0.024701314432518346,-0.09469536444745702,0.99519979552724469,4.7241167849351831,6.9600977434685376,-2.4717211269633732,0.2738404195430644,0.187285885274291,0.7040816326530612,1,5
-0.76778795960553503,-0.64053944731975443,0.014521209043152863,0.64048746813387358,-0.76792051695618069,-0.008595510526676689,0.016656897917435316,0.0027011229252466712,0.99985761570671328,-8.0099649609528747,-4.4345532176113602,-1.2036853592785515,,0.1070254182091265,0.3692307692307693,0,5
-0.13455464849660428,0.9716226959081482,0.19453632916279967,-0.99068379327434009,-0.13606557057504567,-0.0056375746248796378,0.02099210116970231,-0.19348255037669213,0.98087911303494058,-3.3437805215930734,12.350008423802795,-2.4525527650070491,0.5328324971173339,0.5902004109238438,0.7411764705882353,1,5
-0.70869893332931755,0.69611726480631331,0.11474569942470703,-0.7038727033603398,-0.70871646192923576,-0.047793242772530026,0.048052464682836193,-0.11463738582628265,0.99224454163720233,-5.7472386887102616,19.394381709601731,-2.5954699212844745,,0.1473070988791229,0.4230769230769231,0,8
-0.24691410320058266,-0.96583631322442487,-0.07869969312330273,0.96885634461934089,-0.24762222786575613,-0.00078470226690636243,-0.018729899399095872,-0.076442451058619632,0.99689806025724115,11.697208133526251,-8.0598685307828291,-1.8331485255877416,,0.3984002988193668,0.6461538461538462,1,5
0.073312373153149701,-0.97874139302398699,-0.19154785700738167,0.99665879239142974,0.064966104047420342,0.049504109665342813,-0.03600760324586786,-0.19453711961054318,0.98023403409702292,-9.0004138153351239,-17.802029169719155,-0.41632955671958599,,0.2875369739917613,0.4782608695652174,0,1
0.80873892935386638,-0.58085549585391461,-0.092456676794410678,0.58586404116425306,0.78165682994235308,0.21395309176350402,-0.052006436315644458,-0.22719923666415642,0.97245865590315606,22.378203377709262,7.7788982241303293,-3.0871894149786892,,0.4623368588116259,0.5,0,5
-0.75124019100879469,-0.65168525090994778,-0.10461600814172184,0.65978969292643075,-0.73720752410545909,-0.14561122041362801,0.017768976366603514,-0.17841356492357327,0.98379513280466391,3.2734195610419792,12.774828494464042,-2.6972076025894176,0.4764673565933649,0.5781309225200865,0.3818181818181818,1,4
0.24409354979185552,0.96655204894606228,0.078711343707128956,-0.9693928140381094,0.24099017391905606,0.046918100619491761,0.026380125877043654,-0.087754616702677687,0.9957927576589819,2.4342610432233216,11.430682182820259,-2.6143018379005398,,0.06808067070234769,0.2580645161290323,0,4
-0.92460586786803967,-0.3795857378857514,0.031916401703810514,0.37942909904337507,-0.92515465435149469,-0.011064552901001853,0.033727554063734989,0.001879661005580588,0.99942929663452551,1.021972903979053,9.4264693289229911,-2.4836069676137726,,0.06929293439029031,0.325,0,5
0.99875459139039058,-0.033262614495805316,0.037186888193513207,0.027957524643136101,0.99044437619654269,0.13504930387258204,-0.041323637212155317,-0.13384145896374569,0.9901408086075506,-6.3266575764240818,-2.3925172592581965,-1.4242111829661368,,0.07734828969166141,0.3612565445026178,0,5
-0.65712927025886603,-0.75340505887548581,-0.023705261649576315,0.75375578181859437,-0.65654404718800929,-0.028321996346072964,0.0057743869015208513,-0.036479190819060002,0.99931772980023581,1.0121074637656171,11.283511211969422,-2.5683070381521862,,0.1322602199549186,0.5263157894736842,1,5
0.70176902887929016,-0.70113890279347069,-0.12619219110304833,0.71062819736870864,0.67644826919108847,0.19345620748087231,-0.050277183794636651,-0.22543730414008883,0.97295951955450433,5.8839698880814852,5.6381887242611448,-2.4288714728820366,,0.09351950773828588,0.3157894736842105,0,5
-0.67631229449271624,-0.73628816880022685,0.021941121275045224,0.73659464738377234,-0.6762150167242823,0.012711278541302575,0.0054777516896689204,0.024758506445000883,0.99967845360147667,-8.2355335823712306,12.825227339575658,-2.2354902252511097,,0.09800893877352093,0.3636363636363636,0,5
0.38778537394589602,0.90898887496449865,0.15284544135962105,-0.92166334542252537,0.38011127518724308,0.077795219519497999,0.012616713446882153,-0.17103988910866236,0.98518332044117396,-22.506886038535576,-3.8830935743849402,-0.52075679213017156,,0.09051659081985279,0.25,0,3
-0.55989522200126995,0.82623306145954167,0.062098860950435646,-0.82730543987394389,-0.56160122310413252,0.01302978752405581,0.045640437499306082,-0.044079409695860453,0.99798494783525482,3.1776186046666814,15.098804249897549,-2.7822963288167588,0.2048288151144466,0.2064149435008707,0.8225806451612904,1,5
-0.55792065918116862,0.77066017773603956,0.30790814947108341,-0.82823481352892991,-0.54051429977561205,-0.14788977448349513,0.052455997917773993,-0.33753100922720658,0.93985168302903788,3.3930043991492314,3.7157546020386811,-2.2335765846376776,,0.3393387595747036,0.24,0,1
-0.26880774428471077,0.91827838377126136,0.29070123238645912,-0.95954871893604909,-0.28153523140738834,0.0020419266822094516,0.083717695863853414,-0.27839310942411816,0.95681169726567372,-17.858458099322117,-3.5008865318254303,-0.79195245232400757,,0.3454595173039088,0.2926829268292683,0,4
0.83384056259619499,-0.53729370940957033,-0.12659141360362472,0.54917633069428129,0.78426996969285223,0.288662384877449,-0.055814639427527603,-0.31021941342681242,0.94902510059465695,-9.9653631864700873,3.8770268614366539,-1.730952455551011,,0.1574884058035583,0.3172205438066465,0,1
0.50977993267644262,-0.85923241473105905,-0.042942725994476308,0.85901631636386755,0.50565095987141218,0.080050452851764653,-0.047067913285534509,-0.077696616763889226,0.99586537608373171,16.366735817382732,8.2816010657969876,-2.9129690940356228,0.2296410187163138,0.2007798565565923,0.3333333333333333,1,5
0.8523255172457046,0.52034059696522228,0.052790868544847915,-0.52266714003272818,0.85107712049494766,0.04986778218487254,-0.018980868838168199,-0.070095635526796971,0.99735967860057606,-8.4079516655075857,-1.4500498283909666,-1.3803943882892153,0.275232092978973,0.1898547422739749,0.7551020408163265,1,5
-0.1505473675901291,0.97646289692795207,0.15445290879343784,-0.98812398282168978,-0.15348858351901964,0.0072283678604157676,0.030764991212139575,-0.15153041164200837,0.98797370899397974,-18.806586677867241,13.697002954369859,-1.7970804619223282,0.5013520980610138,0.4576316939514893,0.9655172413793104,1,4
-0.99766770649406011,0.045352107317618615,0.051013074605758726,-0.050015469587410218,-0.99429621648046274,-0.094199186273485835,0.046449975466434007,-0.096530929004580018,0.99424553281605454,3.8144770318907399,20.239952916973067,-3.0207281133840289,0.7405714221064674,0.3179099764372356,0.8222222222222222,1,4
0.48235609352678155,0.87240852846050376,0.078968085369730087,-0.8757890357930409,0.47843138069797775,0.064007646012972028,0.018060006153882022,-0.10003386143104075,0.99482011577215157,-15.831201994924974,-2.4148260897062674,-0.93589165264898755,0.2967755392315367,0.2432163173723088,0.7644787644787645,1,2
0.95190664732919517,0.29701924738275076,0.075188439634528495,-0.30365677474364844,0.9472670001811313,0.10236109378140268,-0.040820312624672499,-0.12026968467583284,0.99190166096503729,-2.0022932606664097,-4.5642649920537535,-1.4915628980587716,,0.09292216448832338,0.1720430107526882,0,5
0.99927696082566586,-0.032529199880082647,0.019682650181897531,0.029224334843995232,0.9883062803357926,0.14965505170810808,-0.02432064587849888,-0.14897163288355308,0.98854234040837208,-16.869782214127664,-7.9446684745970009,-0.5721079573723028,,0.10655015304471,0.3125,0,3
-0.76768153712938358,-0.64030304491944512,0.026020534536306622,0.64066742112970865,-0.76777088062156462,0.0085516298210736152,0.014502174101726608,0.023235437083795333,0.9996248303287838,-6.3968920885335372,10.591872925553355,-2.2245962280856206,,0.07376092953787378,0.3265306122448979,0,5
-0.13194333054473767,-0.99121860462752442,0.0087541627256074433,0.99087625732344642,-0.13164263814527788,0.028886995254460934,-0.027480906052056657,0.012485738360853909,0.999544349261274,28.174728994875604,-10.128156952415004,-2.5133413380498641,,0.1102672220051519,0.3333333333333333,0,3
-0.63756578887671012,-0.76972566887809735,-0.032128795871997011,0.77038246953760381,-0.63675360390582347,-0.032491514924500017,0.0045514264974748113,-0.045466939451776905,0.99895547545109697,-15.605417413805947,-18.692680999502048,-0.055207877906177073,,0.1347721981379871,0.2857142857142857,0,4
0.78349599063241238,0.60194064902016164,0.1542773078586801,-0.62121210036647456,0.76479233478373576,0.17084557651375043,-0.01515120527247849,-0.22969575466958242,0.97314454284323215,-18.718014911256486,-9.6606626884018034,-0.36641079139349125,,0.2330152689826518,0.375,0,1
0.57426452414571094,-0.80971616676133684,-0.12074761112762449,0.81720906200005394,0.5581635272885983,0.14360649633544792,-0.048883589196097955,-0.18114415831066208,0.98224090151918964,8.6538951920727776,-10.093866804732571,-1.6120749226603173,,0.3656771802589669,0.3333333333333333,0,4
0.010812657286735186,-0.99977902326334911,-0.018027509117554994,0.99943231974997337,0.010230104250932523,0.032099582648407329,-0.031908066089728598,-0.01836435704289625,0.99932208306872483,-0.86926427072862178,-13.171794678971498,-1.0214824544190011,,0.3161718791300124,0.6018518518518519,1,5
-0.58108950095118683,0.80438229782443327,0.12370978470188559,-0.81095081585593398,-0.58509453675132628,-0.0048122059751639487,0.068511065871849131,-0.10311887320193834,0.99230677305088866,-0.1472656703754131,25.625459759186072,-3.0347354170267313,0.2814441093216755,0.2785007459729852,0.9148936170212766,1,5
-0.14668518219325696,-0.98882734663565186,-0.026531789808212119,0.98873364906266636,-0.14737433927468241,0.026202582593600473,-0.029819935213791494,-0.022389342751561112,0.99930450253914027,-7.1972794832453362,-11.885469639783111,-0.80077810437003361,,0.1195382332271449,0.1,0,4
0.66170234365372971,0.74628277215858185,0.072194406864139887,-0.74974650972020318,0.65931551695699142,0.05642003422641205,-0.0054935931352648945,-0.091460773444349622,0.99579352646792563,20.901328696386393,-6.009200030198909,-2.3610720088433563,0.3623961593399629,0.3429843786102868,0.96,1,5
0.070658129512749968,0.98918087677464817,0.1285636875525048,-0.99623418364503025,0.06348733690464349,0.05904921159402781,0.050248184752082953,-0.13225184715570099,0.98994169972429502,-7.1791640340485046,23.689906684613835,-2.6639474063261597,0.8257978436030046,0.7289139154361118,0.9504132231404959,1,5
0.73159087058710126,0.67108656089021479,0.12007341864938646,-0.68158255717579896,0.72381583619822465,0.1074050884379464,-0.014832930502954348,-0.16041652988769095,0.98693795200685541,-18.479508507203757,-11.331497266277381,-0.28219231424546193,,0.1443488475260739,0.6744186046511628,0,4
0.25748167970962527,-0.96323383329863321,-0.076705716884283626,0.96493934628367983,0.25212705643611549,0.072965782435914422,-0.050943523705523436,-0.092803716529467936,0.99438032341292049,-10.512753290535548,-11.070622527425678,-0.68558964976710701,,0.2164625767322302,0.4074074074074074,0,3
0.66678715686258516,0.74050576825800396,0.083941018696066239,-0.74523051941920304,0.6633042645302667,0.068256322653262008,-0.0051342350252956232,-0.10806784828331034,0.99413026299279339,-11.00150149623741,-3.3488020822129982,-1.1199976709092843,,0.09874493229040643,0.4895104895104895,0,5
0.15755585347055662,0.97503334905890793,0.15648041813637378,-0.9871746801501029,0.15138279566847826,0.050689249808391922,0.025735265837103258,-0.16245989473887265,0.98637948006521747,-11.65122035562279,-13.785814048040326,-0.50136790394741482,,0.08303038383310272,0.4347826086956522,0,3
0.87518012973478554,-0.48126596367275154,-0.049424818942923977,0.48009543636942692,0.85132618967514972,0.21154689964742943,-0.059733679734739371,-0.20887027309631212,0.97611735796574106,-16.829555333618455,-17.851772832469383,-0.044417163828391518,,0.08967240084598425,0.2,0,3
0.26949542905258839,0.9440446718097677,0.19013645454607234,-0.96280714470117224,0.26016866040462716,0.072901784996247748,0.019354995017792014,-0.20271143473137129,0.97904721969729935,-21.012576328659787,-16.927120112261189,0.11499917522331024,,0.1323666456281305,0.2352941176470588,0,1
-0.98663166010660885,0.16253013149062423,0.011913170565298538,-0.16296200869657179,-0.98344547431200302,-0.079236246609856301,-0.0011623239031736817,-0.080118383738565127,0.99678467764621326,29.066200885038846,-4.3660534639428485,-2.8418114340864111,,0.2293395758254226,0.2727272727272727,0,5
0.80682669946099905,-0.59078766232533142,-0.00078427102587716587,0.58819595966829985,0.80316162788511314,0.094640966408968991,-0.055282818911118352,-0.076820163610253595,0.99551116136190854,5.2320601881205979,-11.549577773680085,-1.37294348716236,,0.2672271590650631,0.547945205479452,1,5
-0.30708973192354072,-0.95160347200569961,-0.012113158705529313,0.95162630057449726,-0.30718326747411168,0.0067693602965649873,-0.010162706432065745,-0.0094483993684486654,0.99990371893865382,-1.8325181924858263,-6.3780065573775095,-1.3605070881184949,,0.1086221119401445,0.131578947368421,0,5
0.77089824180091426,0.63465853910747316,0.054078087301879157,-0.63681216411544206,0.7697572753500278,0.044090868445876515,-0.01364435498179564,-0.068427156770335007,0.9975628079441724,-4.8929819053640182,-2.3329799433931901,-1.517120475157139,0.2010532974792562,0.158491272010149,0.7667910447761194,1,5
-0.68263324820943672,0.72210073678078801,0.11217118337468671,-0.7293026115739295,-0.68289024774199336,-0.042173573364441864,0.046147038805110237,-0.11059582035286507,0.99279354114035101,-2.7259572667045582,21.463448676540018,-2.7715079298302285,0.5253963840042337,0.4894610056343141,0.654320987654321,1,4
0.85663931961319528,-0.51492851772160075,0.031901375043678841,0.51295835056795558,0.85671023617285946,0.054049068625147446,-0.055161641339289295,-0.029936480649517965,0.99802855693165282,2.2638157031560708,6.4019537383881175,-2.3512267044777406,,0.08578690859833933,0.3220338983050847,0,5
-0.93369964379605397,-0.35648906375603984,0.033474207943794,0.35674365043853623,-0.93420064772549727,0.0017656899639186484,0.030642177581069546,0.013590335227772813,0.99943802196108578,0.40491729021275563,-3.6621005449066075,-1.6382259523466087,,0.09872597590333106,0.3464566929133858,0,3
0.55270375146844686,0.82507469216138352,0.11734698746667759,-0.8333479122444315,0.54598483604339809,0.086207980886409713,0.0070583475795282851,-0.14543834145596801,0.9893421392844769,2.0350459518029145,20.48064666474998,-2.959488724231822,0.2962453753772438,0.2804567248618409,0.7777777777777778,1,5
0.68426603168004452,-0.72858058063689579,0.03082751056519524,0.72699256128175682,0.68486524876335508,0.049410594787941062,-0.057112290532199891,-0.011398620754763424,0.99830268842423453,-7.2770213561367676,7.5143645747242154,-2.0504111333724242,0.4213947174952169,0.3876088983244639,0.9442013129102844,1,5
-0.49141997089250344,0.86679490648132718,0.084693578894963484,-0.86949080818230584,-0.49386083760818489,0.0093384989918658678,0.049921405173431917,-0.069051163458471371,0.9963632822071179,-0.36938819266344464,10.59127792558963,-2.5011076855538197,0.2107943987582547,0.1663967147265041,0.4666666666666667,1,5
-0.98970200484333337,-0.14311495621880982,-0.0028374135360081407,0.13733295278652258,-0.94375364022990382,-0.30078019654182608,0.04036832530612311,-0.29807243391379368,0.95368926933917331,-11.477434945075048,-4.5839076142144561,-1.0446258161579101,,0.438857605411301,0.1710526315789474,0,1
0.81438990269648803,0.53163587191839612,0.23266367588339382,-0.57533969801265328,0.79207424973403984,0.20396719049633394,-0.075850631353438849,-0.29996946944285097,0.95092849317152184,37.238569328630412,-7.6568933042141492,-3.002240942843049,,0.5348571260179581,0.1904761904761905,0,3
0.5572422398458341,-0.82968868972293031,-0.033132525974433648,0.82979226744401102,0.55496226740550192,0.058835997877762954,-0.03042826024809887,-0.060279017095442214,0.99771767603680506,5.1556474925064313,12.641192648739926,-2.7386298799276627,0.1154528398652829,0.121010937777169,0.4642857142857143,1,6
0.90512467980464317,-0.42472311637703863,0.018962816866700091,0.42221644821020804,0.90321998905355727,0.076986506836262264,-0.049825544345244902,-0.061675974163931085,0.99685178905473815,20.251802595089583,6.2620190112590315,-2.9375049330359082,0.5951387338131034,0.521671440349054,0.5972222222222222,1,5
0.93242312275622619,-0.35970470603139409,-0.034635886135558236,0.35870666604127954,0.90968229623555097,0.20930276551723917,-0.043779537309988618,-0.20758286146616997,0.97723728323188719,-12.316743298568756,-9.4255367783736315,-0.70013414825679199,,0.2245396671570668,0.4117647058823529,0,3
-0.88274040977426826,-0.46082277097148194,-0.091715553237829345,0.469858354960701,-0.86509890154079749,-0.17560471755203078,0.0015796281777385594,-0.19810669929881156,0.98017918793848613,5.6563753316113106,-3.7356772720512015,-1.8365388691221816,0.7125412604236714,0.6541350225001039,0.4034090909090909,1,5
-0.99749489414966785,0.052678447727682737,0.047211410594735354,-0.052902606934333844,-0.99859350700710048,-0.0035102624988388822,0.046960092896993426,-0.0059990756172255914,0.99887875178464247,-13.557657367916745,-17.042593724121367,-0.2439419851188675,,0.2370772949186753,0.25,0,1
-0.96344714596038872,0.24574205285453873,0.10667914697643369,-0.255780305240003,-0.96219970344130656,-0.093531631808673368,0.079661988376597756,-0.11739920849945958,0.98988453541389787,3.954881938780753,-12.408411067991265,-1.2934404995566608,,0.2982523600793776,0.16,0,2
-0.99494247114482204,0.085355067577200017,0.05295272940203756,-0.08772675192122055,-0.99516320930771307,-0.04420637779466214,0.048923369769327985,-0.048628173719186867,0.99761806549959264,0.67536058387424602,-13.445207505142559,-1.0664316711659247,,0.160032428680872,0.4074074074074074,1,5
-0.8914116736414438,0.44303495042128715,0.095421490247055124,-0.44982425020236411,-0.89057828262499128,-0.067293881197347805,0.05516676558981673,-0.10290945156753009,0.9931597418101632,-21.825330000837308,19.197159993867274,-1.9068453032800168,,0.3255675206992921,0.7894736842105263,0,1
