axis_00,axis_01,axis_02,axis_10,axis_11,axis_12,axis_20,axis_21,axis_22,location_x,location_y,location_z,dbh,dbh_approximation,score,reconstructed,number_clusters
0.64607396621873403,-0.76179094937540648,-0.047570785405660752,0.76295484853302831,0.64635206192347516,0.011353904492130569,0.022098173552090133,-0.043629823481072576,0.9988033386151014,-8.2937407621361903,-18.452746100959875,-1.9003432300101175,0.1457938817576346,0.1382627156865404,0.3333333333333333,1,5
-0.75302629601953741,0.64467543845856357,0.13170032859243155,-0.6569028486516425,-0.72506540736383496,-0.20678201681401917,-0.037815934954101585,-0.24222661722563629,0.96948245005826283,-15.753544814348155,12.37211766620592,1.1937041996262547,,0.241287576744423,0.36,0,5
0.44457235797055666,0.87952184500800989,0.16969603024881494,-0.89180803120810337,0.45234183099504716,-0.0080810522072217034,-0.083868074982241483,-0.14774367020537868,0.98546331941529863,-10.035711955529232,-25.019092367937013,-2.1877981775337676,0.2774452616020509,0.1723119348421266,0.4545454545454545,1,5
0.46803675710282566,-0.88055544941168584,-0.074590177048017833,0.88047053726012359,0.47187693732289332,-0.045867080129825891,0.07558589165671166,-0.044206973818056841,0.99615888112705686,-12.905209786003827,-15.682922627772969,-1.4550154428359199,0.3514762939195739,0.1553423609301668,0.3571428571428572,1,5
-0.68885314864642777,-0.72486483659200585,-0.0072324458066973067,0.72091155972473231,-0.68398278935500212,-0.111597790844641,0.075946445967905868,-0.082088443392447197,0.99372713800431589,0.4427772042046475,4.5364346778361648,-0.8998910610952684,0.2764440165793025,0.2731720135174355,0.8110831234256927,1,5
-0.71327942172056891,-0.6980517720730921,-0.062898251609936048,0.6955473871928084,-0.69394757813238739,-0.18614669208302384,0.086291938900622339,-0.1765233194504629,0.98050661342540746,-21.614816731295285,-16.674098220104156,-0.90396373463829904,0.4176180655742727,0.4780984947358095,0.581081081081081,1,4
0.54883203507384914,0.81849696545435779,0.16984144022795364,-0.83530234642003032,0.54486794354602608,0.073409223951197727,-0.032455929225485743,-0.18215828731609468,0.98273341808456782,-26.529681697358971,-13.097410166469341,-0.33466361674202538,0.7505358245009347,0.4786132902434544,0.4285714285714285,1,2
-0.34222402051311679,-0.92687423229180443,-0.15422994941747181,0.93855671198891844,-0.32940031858973678,-0.10298897267926757,0.044654430512423578,-0.17999885451429395,0.9826527332731303,-18.996596992477926,16.891389398331569,1.8969586277542292,,0.2273318228845001,0.3125,0,5
0.62568897791010991,0.77800501730985383,0.056758223743314913,-0.77620915449651584,0.62817248108401891,-0.053839413857809479,-0.077541288341157449,-0.010369525034550305,0.99693521432084631,-27.733064248345581,-17.337442786187673,-0.54999148307060131,,0.08326127988972805,0.1538461538461539,0,1
-0.2284345046822811,-0.97242812060490191,-0.046917239127838573,0.96580479233034777,-0.2202813493571073,-0.13673781568076054,0.12263270437487116,-0.076548529588947006,0.98949560000814307,-16.163241862676436,26.047811553425827,2.460416892059305,,0.3142037690908291,0.9285714285714286,1,2
0.99924955333185228,-0.011096789661133963,0.037110529844113421,0.012290628051263438,0.99940915695425503,-0.032097935417900764,-0.036732419307742001,0.032529959348311273,0.99879554019659011,17.262488781308246,1.181232094051285,-1.5494669254370168,0.3624159899266498,0.2221960188731445,0.6428571428571429,1,5
0.93636442118421559,-0.34935072406918899,0.034289099327373361,0.34574203277475801,0.9347400820532028,0.081996498559085709,-0.060696931661554189,-0.064923421008949059,0.99604258538044854,-20.606063891132585,4.9735807729654589,0.93365750933873981,,0.1874603655203763,0.4090909090909091,0,2
-0.54739214278062021,0.83149460580550083,0.094755277100525129,-0.83555282146146648,-0.53664692820336679,-0.11773511369882288,-0.04704598356741288,-0.1436203152978254,0.98851397585665401,5.5193166861307157,-13.247880300395995,-2.5066123730807011,0.4442276249515094,0.3114616492759825,0.425531914893617,1,5
0.14662920104414956,-0.9884738034020587,-0.037675156124724753,0.9855021063437116,0.14926274219538513,-0.080661218589986192,0.085354998642504148,-0.02530165568064725,0.99602929195207723,-32.513418876853876,-17.624485193349592,-0.2628346518368499,,0.2007203618789787,0.3333333333333333,0,2
0.63159944414752878,0.77353200785903187,0.052252990059024777,-0.77150381922530775,0.63373885941539743,-0.056186430636195425,-0.076576752825498876,-0.0048260630380249419,0.99705200969771723,9.0394882750651142,-6.3137419816719227,-2.0651135650186658,,0.07694808408635764,0.3076923076923077,0,5
-0.66856904256493155,-0.74172710030490729,-0.053444775208484417,0.73713794097018959,-0.65151048729391225,-0.17933694802878475,0.098199242899529096,-0.15929530319291832,0.98233493019165119,-0.70079176367149687,13.291056441301837,0.018473552105188168,0.738061634798715,0.6706798107755982,0.9117647058823529,1,5
-0.28237333451601559,0.92523972130218401,0.25337079168476623,-0.95774745836750308,-0.25686158190366426,-0.12939062459288728,-0.054636123077105657,-0.27920169388205024,0.95867685284901882,8.5916939813916731,-11.650255585685255,-2.4775085766047664,,0.1417879789393869,0.2222222222222222,0,4
0.040733114865260822,-0.96976702211819032,-0.24060909410367656,0.99720791634692663,0.054540935253762989,-0.051006450147673424,0.062587418291504354,-0.23785964179251437,0.96928097364899435,8.8245505732027318,-10.16280025743564,-2.3630949511671573,,0.4106561874007434,0.3529411764705883,0,3
0.33212614918225331,0.90698950921072807,0.25896380289733445,-0.93964663862178111,0.34207396791487721,0.0070423718844704643,-0.082197418184242074,-0.24567342277229232,0.96586135329414169,2.2618338665041029,-9.3912646986190342,-1.9991608380807511,,0.1244062010521922,0.126984126984127,0,4
0.88741499396029189,-0.45070392106597862,-0.096750214626150105,0.46096188487503292,0.8689794878434135,0.1799688595281268,0.0029612812954732536,-0.20430522568732751,0.97890275593132237,-4.8265535929460723,3.9646534575094665,-0.51989921158685537,,0.5240170507470581,0.1868131868131868,0,1
0.99711527594424321,0.067104819663208082,0.035469277644249765,-0.071581113336327426,0.98678191025071393,0.14538777739371592,-0.025244220965765791,-0.14750730415786589,0.98873875443815373,-18.87864976538021,-6.2614891358636617,-0.24008495041877764,,0.2008112831070737,0.2666666666666667,0,5
-0.97189624161657429,0.21179101258948299,0.10277286858845619,-0.23488309041549166,-0.90161333568771485,-0.36321250907277558,0.015736243784543191,-0.37714448146087803,0.92602073990551625,-13.278480973866506,-19.042956921888777,-1.6334560644910998,,0.1753146386121422,0.25,0,2
-0.73895510694150768,0.66930365893869059,0.077317281744421332,-0.67334819945313507,-0.72964498488737428,-0.11924931162033976,-0.02339983372347236,-0.14018134027032617,0.98984930147054695,-21.948953913486662,6.8320875582036695,1.3517255665748391,,0.2782657124904089,0.4848484848484849,0,1
0.79417025086603288,0.60297007324938001,0.075635331724143953,-0.60341981744670403,0.79718902962643168,-0.019343602452923395,-0.071959270090589611,-0.030277744448812836,0.9969479031720383,-5.4761026034838727,7.6677117156001007,-0.081648008586220081,0.1421008042590266,0.2822085525390792,0.3898305084745763,1,5
0.18669051993675798,-0.96547753703636574,-0.18165840262409447,0.98029938881030831,0.19521471793289652,-0.030071950394298899,0.064496186428970537,-0.17246547301003251,0.98290177665703038,3.5674479275409521,25.155673823348057,0.87054243020544542,,0.233719894542237,0.2857142857142857,0,1
0.19299290564767171,0.96176899879531563,0.19430422364406894,-0.9781506572075328,0.20418349869883082,-0.03912020786723424,-0.077298319348740596,-0.18250888146980712,0.98016094495266404,-13.947896398835001,6.2860298428382437,0.50272000810186535,,0.1250354399284938,0.3709677419354839,1,4
0.98149067638218723,-0.19143342412598768,-0.0054126058638050926,0.19008106006962547,0.97033253458587099,0.14941205750195544,-0.023350434206767943,-0.14767537523757959,0.98876020387695418,5.8246921019535156,-2.9410138106178247,-1.7048327364025295,,0.1393429681874554,0.5555555555555556,0,4
-0.70395459520299963,-0.71024232546308697,-0.001940879534835816,0.70621497140405343,-0.69966697323406746,-0.10828915333611508,0.075553570778320603,-0.077601325286793171,0.9941175444867576,3.3142458796516201,7.1210260684655236,-0.83867358273085202,,0.08328568925139908,0.1666666666666667,0,5
0.17726090253464036,-0.9735297200033951,-0.14428602393410836,0.98216078177538446,0.18433775811108394,-0.037145520280966397,0.062759630137285444,-0.13512762561626296,0.98883858825408955,5.792877404537359,-7.0588012425869291,-2.018347563704785,0.1950813209076094,0.196712399311674,0.3846153846153846,1,5
0.57358628430419689,-0.80655567758146096,-0.14306192162562328,0.81595797459281938,0.57796476363504867,0.01301213643746142,0.072189737196430112,-0.12419609880102299,0.98962819830788851,9.767941306894306,2.4802544582143229,-1.4073511688156841,0.2736525647778464,0.1491038471403316,0.3157894736842105,1,5
-0.48201952666701015,0.87269757386327262,0.077821079951819944,-0.87458167168261958,-0.47391954202023606,-0.10250447428362802,-0.052574475447165772,-0.11747004837185465,0.99168377634554872,-6.2580867445954347,-21.045144133221285,-2.27523149850406,,0.09123086244514059,0.3928571428571428,0,5
-0.98472121686535141,0.16365018745368679,0.059520930785675483,-0.17391831330345839,-0.94141721199420569,-0.28893953218404589,0.0087490201108510433,-0.29487666762127579,0.95549526714666155,-33.192759675706363,-9.5731565528982827,0.38218094890937576,,0.2716195276111678,0.3888888888888889,0,3
-0.90392467421718925,-0.42727993060521774,0.018762842091454325,0.42234533395843032,-0.89868067540410668,-0.11831087244527132,0.067413664971507067,-0.099019718022318723,0.99279932172513619,9.7682710327583742,-16.162733377125015,-2.9628729875293325,0.3641268649657794,0.3981024440298156,0.8983050847457628,1,5
0.97175953461824982,0.21521431459698501,0.096779159280668825,-0.21801054404508174,0.9757578140621892,0.019185697322382927,-0.090303984207179971,-0.039742761468329654,0.99512094910477178,-13.672521730963688,-18.081186234126946,-1.5558761786396618,0.3814253105182476,0.3937440027010578,0.59375,1,5
0.56677910033385648,-0.82260891368170919,-0.04556343441996169,0.8222321042341183,0.56827208460205936,-0.031641817722183101,0.051921269162820569,-0.019529797577751532,0.99846019891385451,-0.86412299491651845,6.6556513048191022,-0.7348166261812128,0.7201991876410048,0.562596415887056,0.3048780487804878,1,4
0.34911822809594678,0.93528359271888695,0.057974684147465247,-0.93342195468751987,0.35254994490533742,-0.066573199221410834,-0.082703792648684493,-0.030872925648461173,0.99609585138350465,-11.607147562120137,1.8947448019445396,-0.097533758680272586,0.6916195534139585,0.5542389433205261,0.9950842696629213,1,4
0.76737624414175898,-0.64017109380572323,-0.036258386374363301,0.64100275282693708,0.76730826415348641,0.018801559245258125,0.015785144762629117,-0.037669595396664493,0.99916556725473449,-9.1233975923894128,-5.6913045128112785,-0.88373229951898735,0.2394936813799019,0.2143732232240171,0.6880877742946708,1,9
-0.3308134386771206,-0.94367728206417534,-0.0059712734478026362,0.93984447899741841,-0.32888552334431448,-0.092339957941329834,0.085175255143081899,-0.036159367396373238,0.99570963441196236,-15.874184985946963,-14.568842889452361,-1.0811846390639375,0.08981268287498109,0.1101917113138595,0.5769230769230769,1,5
-0.98241127572632025,0.17944957906051789,0.051632682486823428,-0.18528716243475601,-0.97112030256612181,-0.1503130911822351,0.023167925298967156,-0.15723614889358464,0.98728923863194951,-10.008231340209226,15.357792592854064,0.91406213577445494,,0.1292087614718983,0.5,0,5
0.85509551605857459,0.51414759180337877,0.066812515738486317,-0.51405130805217003,0.85752747227697634,-0.019947104554584975,-0.067549323507879983,-0.017288381446647932,0.9975661385394865,-6.8218752950062251,-30.679284860078194,-2.6292479727964642,0.9355731915297743,0.7636082705577062,0.9821428571428571,1,5
-0.246209428555725,0.90179190504861861,0.35517921853487799,-0.96732089776598473,-0.20572430265195851,-0.1482153569761748,-0.060590412075450337,-0.38006429888526583,0.92297341818569112,-7.5265522349468696,-29.317094065263081,-2.5477429732423662,,0.1269246662538068,0.25,0,3
0.99702589082390425,-0.070375329636496453,0.031411558467479388,0.071968595523990736,0.99600529818583727,-0.052857991297881331,-0.027566180096372201,0.054961431607056507,0.99810788332253864,8.1878620122049188,0.8546857403601833,-1.4786609816380176,0.5043638960887933,0.4490461051556321,0.934156378600823,1,5
-0.68837541539669,-0.72533108293837911,0.0058401713050493546,0.72165776519675506,-0.68565670443704829,-0.095315022906943964,0.073139301395758055,-0.061397913514744447,0.99543002707743167,6.0008122525143177,4.8304320726951557,-1.1148556757443364,0.622020405379309,0.3029521090816702,0.7935483870967742,1,5
0.98456239293142178,-0.17254563264901249,0.029409166579581175,0.17374153626469307,0.98377946612328049,-0.044630041570432287,-0.021231415438869024,0.04905065430701433,0.99857060857533619,-6.9505748496650783,2.3642013478674446,-0.42696985693861761,0.3811657799485808,0.3671130365936076,0.9437669376693767,1,5
0.37315867984559536,0.87828219929262463,0.29895313689875214,-0.92373549969667346,0.38172872004144798,0.03155805595495631,-0.086402119511217609,-0.28792978779770156,0.95374583146808101,-19.131252132535987,-9.1950190324321177,-0.5632449291513878,,0.2421298422962835,0.1851851851851852,0,5
-0.9926316296923674,0.10556387847014358,0.059487101934928878,-0.11706697751403321,-0.96217654939617958,-0.24599107822803515,0.031269322186524756,-0.25114250009586836,0.96744492046606623,5.6677362329046694,-10.645117377339163,-2.252900988143598,,0.2102283631050449,0.675,0,7
-0.10036112282664945,-0.99219973089018909,-0.073941456885911361,0.99054043103919653,-0.092650041199736202,-0.10122067151708951,0.093580444012932182,-0.083400622822159348,0.99211241127768346,10.234468124355843,6.2732398262208156,-1.0504877371559458,,0.3400061022858996,0.2857142857142857,0,6
0.94976619023610109,0.30359803459626161,0.075976425775958922,-0.30812778198538104,0.94962428724190984,0.057192508679587827,-0.05478552594593035,-0.077729958636180471,0.99546803046468857,6.6229177521356206,-0.20967961890558792,-1.5240958062827292,,0.295628235337458,0.3783783783783784,0,1
0.99268197044604578,0.11756354585658599,0.027591995886201041,-0.12045157289185777,0.98023752293390332,0.15692615212349126,-0.008597914819024487,-0.15910126120818174,0.987224829784347,4.3772859987505397,-0.80906021842001929,-1.4795210232563574,,0.1044285589244695,0.2558139534883721,0,9
-0.31664725299364987,0.9444531562222841,0.087992913767777431,-0.94688540119679121,-0.30924830636165146,-0.088167579148145839,-0.056058488848432307,-0.11123722719583705,0.9922115324434676,-16.953361836207147,0.18082963409828853,0.18077481813719079,0.1848625067749879,0.1763522751826562,0.6901408450704225,1,5
0.59550797599021466,0.78721922601621919,0.16017534367830499,-0.79897296216943003,0.60115560089625064,0.015942058627265825,-0.083740409924033463,-0.13746939187140222,0.98695983203181203,3.2763326713715006,13.93798662041444,-0.096072624048609154,0.6305003134549344,0.4094921177300092,0.5405405405405406,1,5
0.10352040266163816,0.99181015290079466,0.074807398268320197,-0.99183145293442265,0.1085723947504003,-0.066950758533089003,-0.074524460432565623,-0.067265561032864518,0.99494796300920663,-11.701767258248339,-7.5775171400863623,-0.83343125308356714,0.702518738805162,0.636777690768122,0.99399235390497,1,5
0.37992743200112755,0.89274100477576535,0.24221611177827704,-0.91745023538982751,0.39709451802651696,-0.024515491764187783,-0.11806867491498484,-0.21290712093597627,0.96991254546921635,-2.3285795508711495,-37.573463933633271,-3.250777021307858,,0.4329164353224531,0.5185185185185185,0,2
-0.51041843271264098,-0.83862409770789914,-0.19021736590222715,0.85420545179744789,-0.4689901567483763,-0.22445774433654611,0.099025601067037547,-0.27705208105470719,0.95573849703596592,0.12064998026145146,2.4909275039619554,-1.0629404762868724,0.198468130703826,0.3983341739997035,0.3024691358024691,1,3
-0.99584854663282385,0.082142093209577938,0.039221788491111902,-0.087353611843486931,-0.98355767148070028,-0.15806218197076993,0.025593332475274289,-0.16083215908086407,0.98664988619986083,12.268500847941793,2.5918311088942829,-1.4015442319574023,0.3986914943917471,0.3951750905486603,0.8623188405797102,1,5
-0.38007446199095424,-0.91158354199004632,-0.15671263291505361,0.92219174344846944,-0.36037160978175486,-0.14033777530935448,0.071454822494769532,-0.19785790061604361,0.97762286159134637,11.850164904139598,-16.337844803246686,-3.025873908067739,,0.3154493047865053,0.7857142857142857,0,5
-0.2006092961097021,-0.97966904392209575,0.0021153475218630338,0.9765905970960812,-0.20014908688277744,-0.07881084115470284,0.077631926279664448,-0.013744358870416518,0.9968873439969792,-8.5012770776796476,7.2268805598302848,0.17411723609344679,,0.09145569845612135,0.4431818181818182,0,5
0.99043506303790363,0.1317248034015808,0.04107264386326185,-0.13142688589082474,0.99127660150860886,-0.0098829634514312863,-0.042016182241412431,0.0043903838507682322,0.9991072840088292,-37.87785539858654,-10.495218555148842,0.63067482899147376,,0.1636460660411794,0.5384615384615384,0,4
-0.089126259129615609,0.98864244918029531,0.12100668416392614,-0.99282110569824555,-0.078452296167778393,-0.090285598553241447,-0.079766923055076377,-0.12818480762083614,0.98853724921296482,1.934933488038264,17.802748871598613,0.27628003276722912,0.5558554787961982,0.5184209112178229,0.8407079646017699,1,6
-0.9159462110327542,0.38051194976290287,0.12748801740703003,-0.39989347835810896,-0.89203484796798116,-0.21061584930245214,0.033581906756373597,-0.24389441588190303,0.9692201862529648,-30.648914540452893,21.804833503577274,3.2905240971093863,0.5014611169501298,0.4271768479752981,0.82,1,3
0.98888139848372969,-0.14847892526969608,0.0082212215405747767,0.14817151220836677,0.98850248850463285,0.030133589066594475,-0.012600900870532682,-0.028580394869641021,0.99951207012539212,-11.995410783004477,8.5700211252040503,0.55546454671369871,,0.1212620919294545,0.3,0,3
-0.95616322810637289,0.28931618790320573,0.045255106168916245,-0.29277488910571875,-0.94759553872483859,-0.12784975282697858,0.005894533597915425,-0.13549479106571752,0.99076052407618831,-1.5714383286084257,8.3278584094570398,-0.48020296493794112,0.2043297993769838,0.1777259256136027,0.4418604651162791,1,6
0.64451157275021786,-0.76455687531769978,-0.0075905859770693286,0.76444101862413616,0.64454933743919751,-0.01364113820707146,0.015321933165670765,0.002989316163677762,0.99987814375199735,-10.55654753068584,-31.131586473012149,-2.4293258598676863,,0.1872028021604294,0.5263157894736842,0,3
-0.24629024609973552,0.9670763172527721,0.064066459906469586,-0.96715269950137916,-0.24094322986814876,-0.081006270299895572,-0.062902865779922587,-0.081913103893821892,0.99465243823516225,-21.919405989129206,-14.842146560326077,-0.73813598651224799,,0.08375955886834857,0.3076923076923077,0,2
-0.84540525912059961,-0.53387139030994746,-0.016470775930607109,0.53035246407471814,-0.83537552199903664,-0.14447837587235274,0.063373588355936025,-0.13087809539170972,0.98937086698847754,-10.912613902530275,21.707822433692836,1.5911573406494099,,0.2111852364852632,0.4074074074074074,0,4
-0.1387828432085742,0.98728500880710746,0.077508927329027241,-0.98821611558997513,-0.13296040209443205,-0.075831658053546205,-0.064561841045677262,-0.087119704198528394,0.9941035790203937,9.8861937023103028,11.231797646999206,-0.48146461216043651,0.1333953741505146,0.1023295144338246,0.4210526315789473,1,5
-0.2658294093453602,-0.9636241606603474,-0.027626112986438682,0.96090638756825597,-0.2625605760305661,-0.087868414376402471,0.077418598912811526,-0.049904117126143663,0.99574893403720932,9.9414871899101058,-1.9576631867228471,-1.71970149859712,0.3980921847623072,0.2298286387063075,0.6527777777777778,1,5
-0.16580719167171307,0.97267592060770347,0.16251008787117244,-0.98381484814291764,-0.15179810803809435,-0.095213859125565209,-0.067943504203622912,-0.17566698001050571,0.98210223111981632,-16.907174726919646,18.359873113682102,1.8519793271437028,0.5405040054777573,0.5196487454810612,0.8916666666666667,1,5
0.45642603748162885,0.87809519375626044,0.14361094321455409,-0.88619428771507147,0.46307392412848136,-0.014907220177696801,-0.07959244141245797,-0.12046315409453903,0.98952194102788826,13.678107684555247,-6.143446629906669,-2.1160293996246202,,0.09091418361410064,0.2727272727272727,0,3
-0.8432679254419484,-0.53723512941815477,0.016661981871692703,0.52925318184507708,-0.83534811233142858,-0.14860888510174167,0.093756468724540756,-0.11649869932054811,0.98875567135108078,-7.5211598152266221,6.6243135459952107,0.040440161750013658,,0.08300058897153767,0.2291666666666667,0,6
0.15071611084535938,-0.97090322496550086,-0.18609562510505093,0.98318440411916785,0.16684976090048079,-0.074226577344571526,0.1031168338753989,-0.17177917521935748,0.97972385575348264,-6.9811772263753697,8.9466226928457964,0.15970682784423154,,0.2311155605729393,0.3859649122807017,0,3
-0.29440376832793846,0.95069145784358011,0.097530370539421374,-0.95387987192405643,-0.28605187593291737,-0.091035785345126685,-0.058648198032459735,-0.1198335356171477,0.99106019625905595,-8.0205561612737526,-10.303515954669834,-1.233562447968606,,0.1118129670853044,0.2427184466019418,0,5
-0.99699393607251297,0.057004181380724307,0.052474896281478819,-0.067480677987514767,-0.97165313874235371,-0.22657567404838216,0.038071636857164512,-0.22943561466617793,0.97257896809964495,4.9600088469720287,-4.4353270176128179,-1.7787997782019551,0.7253113418971626,0.2215218538677282,0.1111111111111111,1,3
0.50146465627675452,-0.86493721146381597,-0.020416138969778026,0.86407162666316384,0.50187693200719663,-0.03872685263117473,0.043742685113163197,0.001779141433575257,0.99904124647326198,-2.1145225319319345,20.357864838638125,0.70009923899507409,0.3435782998887994,0.3369806637738157,0.5849056603773585,1,5
0.34343421674016184,-0.93337575744868018,-0.10422396163634874,0.93737788816422984,0.34752436663156355,-0.023441616371326964,0.058100202691913162,-0.089646583897180221,0.99427755503316362,-6.2656424450090356,14.406388748899339,0.45557887391789548,0.1974322443903918,0.5519273688007437,0.574468085106383,1,4
0.41624463592202809,-0.90603705596456208,-0.076401939014708417,0.90765885792841094,0.41901854039014957,-0.02405951856129971,0.053812644334125012,-0.059332251165598857,0.99678677924689174,4.7288477577952026,5.6330028329815036,-1.0155879401203922,0.2878202393370516,0.2196811447000935,0.4926470588235294,1,5
0.46291256950152698,-0.8781002096873155,-0.12104534168891053,0.87912145805626163,0.47227724101546742,-0.064028662361865593,0.11339054185656583,-0.076773884660796626,0.99057980781538457,10.893445434058016,16.128715291862715,-0.020878234358434822,,0.5297289067680436,0.7837837837837838,0,4
0.31465654530992804,0.92940501691205879,0.19286672349660733,-0.94459503520450094,0.32659859854867729,-0.032765452736802453,-0.093442377755646372,-0.17187108530737666,0.98067775139167701,-12.478550552876131,-24.080478932389482,-1.9598230913832,0.151158853950736,0.1680123951082114,0.2380952380952381,1,5
-0.85100541774342775,0.5112265979971623,0.12015466895456185,-0.52506522207820916,-0.82401181366829801,-0.21286390839933805,-0.0098128250414106985,-0.24423737722823829,0.96966582492597775,-2.2672124819303754,-6.1320530917875491,-1.4345556156499726,0.2831344970977027,0.2006186528867381,0.3629441624365482,1,5
-0.5677763995196351,-0.82317749425435471,-0.0029619422076769017,0.81940458920411507,-0.56482242410328287,-0.097733046720783659,0.078778673127664595,-0.057917546419138641,0.99520825884687658,5.255211645115244,-8.3916576482792404,-2.0773442368596244,0.3715875833739332,0.3405864184149993,0.8801498127340824,1,5
-0.54794991416233907,-0.83607049839044223,-0.027147988703442226,0.82978555248166641,-0.53915094793850982,-0.14412561267762716,0.10586230897812678,-0.10150062590035219,0.989186936063986,-31.293199506165998,-15.908688786804408,-0.22599648024608401,,0.1943573997361459,0.4,0,4
-0.4191121284694847,0.88995957764896727,0.17976922406421703,-0.90646053798132176,-0.39887030711270083,-0.13867866161177511,-0.051713797505033229,-0.22107561659914537,0.97388462093459349,-2.9150429164706857,-20.114896231475974,-2.4874938930287565,,0.2320390973217596,0.391304347826087,0,3
0.52867255627969123,0.80275807229172169,0.27583474329238766,-0.8454924746715623,0.52678757973745594,0.087391767965367712,-0.075151869640455282,-0.27941782907472823,0.9572240455006924,4.9858575448565468,21.102926938743988,0.50954056443751861,,0.2609442901060139,0.2352941176470588,0,3
-0.86978930713215019,0.47431691899735584,0.13597801863327383,-0.49311351742001092,-0.82582045749708866,-0.27360488101816638,-0.017481994629896892,-0.30503119894882252,0.95218188784055591,-11.738091838138693,-29.928844191343416,-2.3171675239805682,,0.4274246370439141,0.4047619047619048,0,3
0.08973387633287315,0.99201923615542908,0.088575767204561728,-0.99324518592185085,0.095703141130071695,-0.065611808547752795,-0.073565155347800476,-0.082089852451065246,0.99390614448408443,10.163107245364325,-4.6545107299258577,-1.949745776931064,,0.07453128586741711,0.2285714285714286,0,4
-0.95253788897807412,-0.30329189579064031,0.026183888345976489,0.29121824311003147,-0.93290721506021379,-0.21183971055612652,0.08867640577460055,-0.19416012473295435,0.97695360228753081,16.47125542894759,9.7536501275193466,-0.78889936234384672,0.4921660053885286,0.323096487254772,0.3,1,5
0.99881765809010525,0.026327344431754336,0.040867552196953691,-0.027624456610190147,0.99912174529211584,0.031505991198970178,-0.040002190994877881,-0.032597684267592263,0.99866772036348583,4.8330338049505954,-6.5935577701677976,-1.9466460039203406,0.3421144208014157,0.2697481606141147,0.6911764705882353,1,5
0.8866346143977446,-0.46177235875315209,0.025403724988971088,0.46247044886348121,0.88525051133595978,-0.049523894308040439,0.00038010495294087284,0.055658071031737907,0.99844981578908265,-9.2715883988887935,8.5618941538893552,0.33347672173573495,,0.09637593574753209,0.1842105263157895,0,5
-0.87856505958844011,-0.46946970877401978,-0.08787279791834092,0.47349482818386812,-0.83196866946041148,-0.28918986966939497,0.062658469128201874,-0.29567943043084594,0.95323008275368692,-1.6583276268768912,-10.474090472610333,-1.8271568517237382,,0.1147500928801157,0.48,0,5
0.95882477487737516,0.28279573286803861,0.026107940420131197,-0.28296080724312028,0.95912743173442039,0.002784108269757773,-0.024253507904505568,-0.010056995881720326,0.99965525266872002,24.215176270404221,9.8737343925136116,-0.85621337992364288,,0.2367628855667054,0.3529411764705883,0,5
-0.63502372341850299,-0.76600356875716313,-0.099916982275243871,0.76861420227182087,-0.61358316196980378,-0.18096384007085742,0.077311569391352322,-0.19171394315080056,0.97840108607861764,-35.789988334639389,-27.257260640069752,-0.6990705745698087,,0.2078463880989268,0.25,0,1
-0.5208269475483871,0.82892685726843174,0.2040087155160544,-0.85120568451940326,-0.4861631747655617,-0.19772265966177044,-0.064716098069057773,-0.27663266763155575,0.95879413528127377,-1.2484920883680275,29.350137218305449,1.3614544124268386,,0.4496827226382404,0.7692307692307693,0,7
-0.74305269001648222,-0.66816938794441538,-0.037714305949543045,0.66018688584113072,-0.72260948740266284,-0.20491169922445021,0.10966300936350443,-0.17715867952106437,0.97805359088737753,-2.8407031703618824,13.186844275519849,0.10823813342780457,,0.3765491855030929,0.28,0,3
0.87895242147758856,-0.47641746309100858,-0.021657369198782726,0.47689652999678239,0.87835632963705368,0.032555458275888932,0.0035128984774731864,-0.038943023103663835,0.99923525783262679,-7.242465058516057,13.846579408036453,0.47555104605978699,,0.08210026304900589,0.32,0,3
0.9430981558777245,-0.33153867648764751,0.025455340753048613,0.33249615186761855,0.94108218971363966,-0.061730229199368394,-0.0034896093277481158,0.066681468164701233,0.99776821177573083,-23.498331621363945,11.611999460576175,1.8244938312015919,0.4539686805368032,0.403896363404713,0.9333333333333333,1,2
0.8717380788473742,0.47876960575031108,0.10417478820319535,-0.48478213554841998,0.8736481945816833,0.0415344815458022,-0.071126668279923602,-0.086709265444108785,0.99369135064442471,-5.909328022132522,-29.287810230143812,-2.6483985252375435,0.4577979302668396,0.4127581957353509,0.5076923076923077,1,5
0.99924388271258369,-0.010676291057852087,0.037385554305474911,0.008619333735995641,0.99846259513341706,0.054755394304021002,-0.037912662098922981,-0.054391754234344364,0.9977996628200887,-21.982049923274577,-0.79618439788218043,0.57150864310102034,0.2722062241810538,0.2067786791706937,0.2352941176470588,1,5
0.93901198593151769,0.3363280336028322,0.071693403391098282,-0.33918398808876588,0.94017776718182988,0.031937256005931697,-0.056663149410763773,-0.054306720669182615,0.99691527603353181,19.255570951657926,-4.2833015531133487,-2.0692540386043854,,0.09182084478677915,0.25,0,1
0.74819618353463846,-0.66205596637138731,-0.043409311630693108,0.66296629168390198,0.74858577716589147,0.0097483493902693428,0.026041640407198051,-0.036072588165913189,0.99900981043627179,-13.394211569845012,-21.817591979035864,-1.7383655277514931,,0.2012200211956917,0.3,0,3
-0.34158815504513174,0.92398273630776828,0.1719692860311787,-0.93779664810871677,-0.32299996051807983,-0.12731249860628738,-0.062088478230023197,-0.20476066153079597,0.97684087361276617,-9.2493881742901483,-15.134388031981644,-1.6578603029096368,0.2740547036641323,0.2251175636950411,0.353448275862069,1,5
-0.14588599751813541,0.98084686164140855,0.12906087608699099,-0.9874326029602376,-0.13635121930646352,-0.079907443988742069,-0.060779357838922576,-0.13909629399032816,0.9884119033372919,-10.721391319521041,-17.045561097922445,-1.6838932081425939,0.3161810929855869,0.3037045945966145,0.4899328859060403,1,5
-0.62284494770596943,0.77737019318197365,0.088089465144080975,-0.78187802230210057,-0.61462345902003723,-0.10442586778763867,-0.027035705245191825,-0.13391634095384611,0.99062378543392016,-19.451067455290293,-7.2143609652385789,-0.31011551681228827,0.3704823659734778,0.440897497294434,0.9609120521172638,1,5
-0.97150155772173219,0.23097629142328704,0.053241676763535181,-0.2359247734357994,-0.96394675337932656,-0.12306972791357998,0.022895952120729583,-0.13212346290421179,0.99096880169190238,-8.0018267286529881,3.9452727341401079,-0.23144993297125388,,0.0834675318132722,0.4493670886075949,0,5
0.90703720188375148,-0.41969220308261618,-0.033793032870038292,0.41989032081315597,0.89566604190518706,0.14654166597020063,-0.031235122639751259,-0.14710811007404395,0.98862711426711525,-3.7975306412707872,-23.876695793365652,-2.5669765990003492,,0.4180313222242907,0.5333333333333333,0,5
0.39568282117737535,0.86008376399646802,0.32201090654631842,-0.91492241635173888,0.39959325450544092,0.05694034607241371,-0.079699918959867652,-0.31714531348172026,0.94502210188670877,-27.849826237610259,-22.658044833303645,-0.83597037300357258,,0.2868537089608278,0.4,0,1
0.71863675776020686,-0.68932673347869,-0.091596205748373211,0.69520174060020168,0.71521608164507899,0.071836595288969532,0.01599219379413189,-0.11530225959564032,0.99320171096801468,22.543806773998906,6.1690261015361418,-1.2427763089193082,,0.3840233559609734,0.2777777777777778,0,6
-0.39893848064702908,0.91455899939594765,0.066557683875896043,-0.91547100843736229,-0.39307326319977415,-0.086059528630831494,-0.052544470400982687,-0.095264087574305101,0.99406429985636058,-29.330838366951273,-17.252510092023368,-0.47940371949053578,,0.0836894786155552,0.3529411764705883,0,1
0.93777277558537064,0.33941116771707391,0.073364027969038445,-0.34022966566465851,0.94034129789729293,-0.0014205880997093024,-0.069469388745146229,-0.023628429862490693,0.99730421704192584,-13.985773865592671,8.9936641617202202,0.83542223457754272,0.2270486851618647,0.2492526559265715,0.5166666666666667,1,7
-0.99961786981486489,0.01180848052682633,0.024993481839080116,-0.014889163082704417,-0.99180318890503372,-0.12690448101034113,0.023290065897062076,-0.12722811900462477,0.99160000936116222,-25.728222652157569,-6.7085712738627299,0.2188438679534952,0.4475796886458361,0.2907838186494538,0.8411214953271028,1,7
-0.67213080550413096,0.73761401276502814,0.064542609685704272,-0.73980429958410077,-0.66541460067004232,-0.099564087561765019,-0.030492271303506815,-0.11466899052403537,0.99293566961961466,-27.916137373237934,-21.565313898138037,-0.79754568401637715,,0.1090858174030981,0.5454545454545454,0,1
0.75265668280079134,-0.65833731170268162,-0.0099950915652021431,0.65826231357131004,0.75272246833765999,-0.0099805907344377581,0.014094125267534318,0.0009325662165071551,0.99990023800037009,2.6207705617739543,-30.243699617482875,-3.4155555619993656,0.4742759198966405,0.3866610255667668,0.8,1,3
0.62322229967333165,-0.781987268144407,-0.0094803823726051246,0.78128346087935074,0.62310463928890114,-0.036561759435673469,0.034498100618258261,0.01537923784507505,0.99928642545420221,-7.2110212779881708,20.581450921573865,1.1508949454816524,0.2530980171116765,0.2295108835724658,0.4090909090909091,1,5
0.98771296982509171,0.15411517184933871,0.025915305229640237,-0.15378277896961803,0.98800009455579541,-0.014376023446026382,-0.027819887341221337,0.010214057156089923,0.99956076698954799,15.29347996175469,11.738138912492486,-0.53486905550680153,0.3897728673821822,0.3120947931045545,0.24,1,5
-0.3703115060204959,-0.91531327807242402,-0.15833821867491849,0.92517491484964798,-0.34816006404617811,-0.15111567336417847,0.083191138000270531,-0.20245042056680276,0.97575256175453928,-31.665203485859163,-9.7215786082507094,0.29395735408821755,0.543651110733792,0.5309657638298745,0.75,1,5
0.58663906384489661,0.80661588506367432,0.072287085527970682,-0.8060483389707862,0.59019259891099685,-0.044258009818780503,-0.078362516636586943,-0.032303407771132317,0.99640142805635945,15.6471531492629,-13.286526611361346,-2.857848641943451,,0.1886965699978951,0.3076923076923077,0,1
-0.9964846903682969,0.078711079405754836,0.028684975865075155,-0.08285069429362571,-0.97664389413335151,-0.19824849685964008,0.012410653353597539,-0.1999281621753761,0.97973195602292829,-12.396505474909523,-18.244331535167628,-1.6495322671957839,0.3143458824356809,0.2648044380755571,0.6333333333333333,1,5
0.046300797637304734,-0.97765041667447683,-0.20507534935816571,0.99610486155054423,0.060608925901270726,-0.064044226097813975,0.075042260983548395,-0.20131125372745221,0.97664857455952958,1.4632915832280584,-25.082066022077488,-3.1643475898552156,,0.3703301913238523,0.3636363636363636,0,4
0.69536498915155853,-0.71859246967369228,0.0096122000872052166,0.71788770939433422,0.69394012481999146,-0.055536833411449722,0.033238058950680167,0.045518849865508443,0.99841036940934902,4.4310097026296802,8.440805396936673,-0.72439936763681945,,0.1085155867745664,0.3529411764705883,1,5
-0.21348969444258423,-0.96272070813339261,-0.16610535361014087,0.97365766971234369,-0.19573621534652086,-0.11695330782901432,0.08008053806724684,-0.18669807747526046,0.97914806607065352,-6.6646542045572552,-20.001577541802519,-2.1510059516085396,0.4998389278115538,0.3641760844152693,0.3181818181818182,1,4
0.10024969768580527,-0.97588295146582693,-0.19391354556155077,0.99414692874740618,0.10613541683487787,-0.020178140533432434,0.04027259832696254,-0.19075570327419758,0.98081108246815907,-11.299700811838113,-11.301818980054883,-1.1180551853945917,,0.4213291032764959,0.5755813953488372,0,3
0.85914998730354208,0.49808911363395897,0.11733939745737522,-0.50710371309122126,0.8594512482470863,0.064725389574886369,-0.06860847969033429,-0.11511206177400216,0.9909803679935939,0.22537123976640458,-28.700806226122364,-3.1397510945805465,,0.1916230826921566,0.4285714285714285,0,2
-0.69520090407482837,-0.69954362909246393,-0.16533122502929082,0.71147033181395614,-0.63685194224143016,-0.2970346286409335,0.10249717031255226,-0.3241270039035053,0.9404445839168073,-26.658986188991957,-14.997640856785491,-0.42355672895762636,,0.3812719817398641,0.2105263157894737,0,2
0.63494596431856043,0.75228468613528865,0.17581630584761759,-0.76647331366665039,0.64191944846389715,0.021402829735114176,-0.096758885030975184,-0.14834814690496081,0.98419029942253866,-34.073123743951918,-15.676640460027446,-0.06012178205027284,,0.1976331551130441,0.3636363636363636,0,5
-0.39461869094061486,-0.9185965000614903,0.02136723742317026,0.91565177340564852,-0.39507798235432412,-0.074129735720082662,0.076537040832583003,-0.00968803043032734,0.99701967054164709,1.6169520009179887,4.510607835303901,-0.96956963156822307,0.2527136331619179,0.2167000210608797,0.6863636363636364,1,4
0.85889519195309261,-0.51113754431095937,-0.032209626443400134,0.51205646530702009,0.8582468710305341,0.034792020688368876,0.0098603030958415647,-0.046375846753039483,0.99887539526249114,2.5500279371162575,-5.162007943059689,-1.7070188347004254,,0.1403816498755987,0.2211538461538461,0,5
0.96038722152016465,0.2658639996113229,0.083502805051381995,-0.27021567254696577,0.96170769086544183,0.04584547567918703,-0.068116628298599435,-0.066593175633322108,0.99545239660583473,-29.448615158335194,-14.71674830621394,-0.22139003338955818,,0.2218632775226451,0.3529411764705883,0,4
-0.83214520791691804,0.54902553864234416,0.078136488655388733,-0.55442808002678978,-0.8206036553606979,-0.13863313055135648,-0.011994040966971216,-0.15868395863207396,0.98725657468265959,-13.190956205535787,5.9472733733848617,0.43169810973849826,,0.08053533059437408,0.4615384615384616,0,4
-0.90285888145748749,0.42528558716371379,0.063071463627779475,-0.42992686029045696,-0.89407831803366689,-0.12564575608781917,0.0029554989638097395,-0.14055650313274365,0.99006824737134702,6.5630059716292486,-14.298790773149365,-2.6353075230183114,0.2591430125170936,0.2095295145321447,0.2941176470588235,1,5
-0.007586395890541677,0.99568691094360517,0.092466328860681526,-0.99752455646899052,-0.0010708507353901784,-0.070310827900435219,-0.06990855340181254,-0.092770839460911692,0.99323026811861814,-19.954892404273675,-11.997949408535835,-0.67329928433464548,,0.1036545679330912,0.3137254901960784,0,4
0.98991538947205115,0.14039936274006298,0.018855785016343104,-0.14009943825467439,0.99000178941206263,-0.016389153780461903,-0.020968287653574572,0.013582190659062684,0.99968787879506615,-21.559191984710122,-8.511102574644589,-0.26381220162146141,,0.1380904899066369,0.1739130434782609,0,4
0.61102324376957884,-0.79011528569273437,-0.048666527387827722,0.79157164476924302,0.61046164528796854,0.027402752227138061,0.0080577149749128871,-0.055266761683630115,0.99843911095388682,13.779688252065769,-31.46791158361173,-4.3110374700112502,,0.2663106542829446,0.6818181818181818,0,2
-0.77009582645671459,0.62969767061774695,0.10214333895332178,-0.63740013641315918,-0.7530170390910228,-0.16335974087600377,-0.025951573640837177,-0.1909088328422037,0.98126466020558989,-18.76544018831471,2.9387092186010282,0.60082799822411459,,0.09336785091165865,0.3703703703703703,0,2
-0.96389163868200978,0.24631490091770838,0.10120216630492347,-0.266075420434433,-0.90625947568715437,-0.32847775170912807,0.010806457307998677,-0.34354436731395172,0.93907427191213522,1.9718138421695188,8.3626390342789954,-0.67357769444968962,0.7095025625390018,0.3819136055662652,0.4189189189189189,1,5
0.48343578201336251,0.86787022122321977,0.11441644891836206,-0.871613622145059,0.48933782828726757,-0.028951398900068249,-0.081114353602176309,-0.08573079330707338,0.99301092275897995,-14.750586312114539,6.9706355043422059,0.61496250064331914,,0.09622084173264592,0.3333333333333333,0,2
-0.31851676174356514,-0.9265993536715541,-0.19990175152772469,0.9387642820966644,-0.27911203599700402,-0.20203488317897644,0.13141040730447698,-0.25201212101219705,0.9587602389101284,-1.4738622535969179,-23.63001673241633,-2.7688592054276353,,0.352686673760195,0.2727272727272727,0,3
