axis_00,axis_01,axis_02,axis_10,axis_11,axis_12,axis_20,axis_21,axis_22,location_x,location_y,location_z,dbh,dbh_approximation,score,reconstructed,number_clusters
0.99498392935613944,0.087382360106890489,-0.048696031308175146,-0.08621552003929546,0.99594827091778304,0.025571972161567993,0.05073326746200077,-0.021245347679618595,0.99848623965210515,-17.61013458124679,-14.693675901912217,-1.6609378991661152,0.3377889835610601,0.3399264559104455,0.7837837837837838,1,1
0.88673939225099296,-0.44369936469254267,-0.12970784094176438,0.45820100219258614,0.88077169971866531,0.11955356357885255,0.061197155326449724,-0.16544511702110506,0.98431845529474005,-3.1910603581100787,18.446996205081081,-1.3931569029746054,,0.2321611237187456,0.5882352941176471,0,4
-0.47589913115915333,-0.8396909984706159,-0.26160857029039336,0.8789863244613304,-0.46425655498159873,-0.10885261855637059,-0.030050929634939494,-0.28175322224251192,0.9590161955796358,-28.793335603012359,-1.1594229579713107,-2.0137534563463966,,0.4191155417103344,0.1428571428571428,0,4
-0.040374278159297748,0.99239401249266979,0.11629291307648887,-0.99896302659727365,-0.037639899313776981,-0.025614633927983767,-0.021042555803217792,-0.11720649277385997,0.99288461006147177,8.0572498558553551,2.9554171312254751,-1.2870640341033663,,0.325604976153756,0.1764705882352941,0,3
-0.18641349516017264,-0.97482628033013985,-0.12232633404084373,0.98238791441852413,-0.18332429509257997,-0.036141228994475957,0.012806030867947647,-0.12690912499309259,0.99183167904987635,-33.502099229603886,-1.0411119272758576,-2.2102192914661125,,0.1146673484007176,0.3478260869565217,0,1
0.13479485309245054,-0.9880296388690426,-0.075018533017477074,0.9904165633581552,0.13664503913325474,-0.020078951817581167,0.030089509893086137,-0.071593058298838677,0.99697996740045536,-0.63332079353399007,2.5212415659946785,-1.3790129094665866,0.2461851651837308,0.2072020213175447,0.8953846153846153,1,5
-0.58967490555948576,-0.7789450784577352,-0.21337307819845541,0.80711811990967208,-0.55885321912242836,-0.1903770469094806,0.029049032116188839,-0.28447784487191868,0.95824240644533198,2.8878146456137017,3.126291796159645,-1.316008754953347,0.810902459918148,0.482807338713101,0.2285714285714286,1,5
0.14819729077158239,-0.97729308586294839,-0.15144565801778628,0.98834777735793644,0.15173692427613014,-0.012024009433116652,0.034730879625929287,-0.14789905387018934,0.98839245032765866,-17.834559196904962,14.208558601488795,-1.683753022966872,,0.339218017028622,0.3684210526315789,0,4
0.081844853489580816,0.99640759731640693,-0.021755917986013316,-0.99639934313674505,0.081320454602217679,-0.023986093053087326,-0.022130724207123344,0.023640720662317947,0.99947553615515494,11.790567362993224,-13.607697687774053,-1.4059738884930828,0.38492788711847,0.3339005509344982,0.96875,1,5
0.16361432858832126,-0.93808397898539642,-0.3053339153312622,0.98602333144615595,0.1653645936795988,0.020311105361462585,0.031437896310282785,-0.30438955226503217,0.95202870710261478,-9.1903310659343607,15.017050256230831,-1.5079839987096035,,0.08414651045212167,0.3846153846153846,0,1
-0.99813981513193328,-0.0079196399207516876,-0.060449886285381366,0.017188198743894961,-0.98786080998310932,-0.15438777776577642,-0.058493378021193726,-0.15513961261728107,0.98615933059756067,-9.41868906891896,-11.836898992886439,-1.5681814309772957,,0.06897490748356581,0.3,0,2
0.93362595598878539,-0.34989998657582683,-0.076893261722101522,0.35325212610894696,0.93487206623862484,0.035030774559432654,0.059628094917882062,-0.059868348573861987,0.99642374075264972,-20.535947122916507,-7.6944635709980469,-1.7467102481023229,0.0851503516745411,0.1126441718304532,0.2926829268292683,1,5
0.29658915208704334,0.95487082215164787,0.016018360331976251,-0.95476782739943622,0.29609980338236758,0.027263569096577459,0.021290153293231091,-0.023379893933882692,0.99949992993115888,1.1773302829079586,10.331850910633456,-1.3020242654405925,,0.1155607455318998,0.1590909090909091,0,3
0.74379625313382436,-0.66112065588516644,-0.098420588222440847,0.66621588852246005,0.74518897600234035,0.02915098497156254,0.054069619050930634,-0.087251753028525253,0.9947178534082598,-1.9402515816331776,4.7061050753553051,-1.3143508388922309,,0.08059200188745667,0.3518518518518519,0,5
0.99891921995445243,0.0075141604996039829,-0.045868610155256673,0.0018506614503562752,0.97963334020417125,0.20078618929750833,0.0464431594294024,-0.20065407085928974,0.9785606658709568,-11.556660474238234,12.350347764031982,-1.5705146302138899,,0.3293398299109893,0.1904761904761905,0,4
-0.39523413263745849,-0.90713884069989248,-0.14453063374929104,0.91855066704265087,-0.39156485081207293,-0.05423688490336636,-0.007392731147402215,-0.15419497820024794,0.98801278140720827,9.9930776692652845,-11.094489752800882,-1.3753634650134841,0.08308893209929477,0.09505161963142134,0.25,1,5
-0.28417320887631781,-0.94128717125308847,-0.18227465153250519,0.95876566276887365,-0.27824673654770116,-0.057854623807582953,0.0037404882434623437,-0.19119941117826084,0.98154408658642911,11.276276776107887,-16.935463169646283,-1.4046351680416242,0.9250627478767703,0.507732270634853,0.7195121951219512,1,2
-0.93269992837954674,-0.35094446309859123,-0.083119356477475301,0.35962585083468729,-0.92239023891236571,-0.14094500548304445,-0.027204613803825481,-0.16135126581353415,0.98652201090911018,-6.4079391035278546,-16.196117778638072,-1.4944108794056636,,0.1603730656726114,0.303030303030303,0,5
0.98448186650776071,-0.15765229575452547,-0.077079233005550279,0.16525535318695861,0.98065165473621996,0.10494284304404629,0.059043397263790799,-0.11605208187034576,0.99148665726428664,3.1460214324476059,-13.901687790059579,-1.3494685853510364,0.6474005191789922,0.4223231744281759,0.4166666666666667,1,5
-0.83809658815189525,0.54522894739986949,0.017874670497189993,-0.54213231659533545,-0.82879497082619391,-0.13853320048343482,-0.060717874066271819,-0.12579463919594908,0.99019646965561026,21.275266824746431,-6.7845814042159507,-1.3346450383120703,0.7963724295462203,0.3475087110905795,0.375,1,5
-0.46481365001696306,0.86874156961946969,0.17098642043451567,-0.88424757708504476,-0.4653521205254233,-0.039416067050376813,0.045326517372682854,-0.16951545397866427,0.98448464573363026,-2.3853589873092109,-13.607533779467804,-1.4484155150203442,,0.5500048297097868,0.2857142857142857,0,2
-0.76939085227463599,-0.6113570882325563,-0.18514920227729928,0.6382476288715575,-0.74756330817293981,-0.18381802009967579,-0.026032300627187369,-0.25959894248887228,0.96536558276267281,-10.232207929702183,-0.25344536636853704,-1.5655463322371801,,0.2782855361281927,0.2756286266924565,0,1
0.9778213197875435,0.20861679731476951,-0.01856066935960134,-0.20419568754498429,0.96929102038685555,0.13703663373507294,0.04657883378723901,-0.13020733341689225,0.99039207517401129,5.006775598562462,-19.438831421367919,-1.4349109104375912,,0.09892183882826928,0.4375,0,3
0.99584967436117311,0.076367621366389665,-0.04951174084583182,-0.074767477333061605,0.99664131214138396,0.033405377805827571,0.051896535606870596,-0.029564866648434187,0.99821474055038117,4.5993259129722164,-5.9112574118101842,-1.3395392088086033,,0.08770471446190184,0.4235294117647059,0,5
-0.66336007739514091,0.73621600233453899,0.13393806637719838,-0.74508764780202286,-0.63327728275194439,-0.20929472101121419,-0.069266188080196994,-0.23863336115653147,0.96863631675256456,22.041510940197025,-10.697099432179717,-1.4028574440666572,,0.2992183463691539,0.1578947368421053,0,4
-0.94319143873759537,0.33184190059356428,-0.016457913068099635,-0.32348679511090023,-0.92848925489603751,-0.1823842014306076,-0.075803715482715833,-0.16669929979772868,0.9830895890843131,-7.6982622629054829,-7.3916777096164035,-1.4820467727368263,0.4534966845445508,0.4044713387214555,0.244,1,5
-0.74101988111243677,0.67131918359322407,-0.014835414919619363,-0.66938740545615794,-0.74027102231417008,-0.062604432260076295,-0.053009784123153249,-0.036460489048563763,0.99792815148464264,-12.648108033132374,11.40441227566205,-1.6059540398237269,,0.08245203859876896,0.3888888888888889,0,5
-0.78730480629003086,0.61644422407196842,-0.012151567838243961,-0.61473512757432336,-0.78633390153381932,-0.06147941301593518,-0.047453818801007436,-0.04093304175006468,0.99803437875370304,-26.882222114281983,-5.6811236629284947,-1.9579202109765894,0.1863508034375467,0.1768011220433707,0.5365853658536586,1,6
-0.81308784333888628,0.58014136838118557,0.048209456617181408,-0.57543618710090016,-0.78842960730653122,-0.21737513403617786,-0.088098544762646239,-0.2044865448269744,0.97489686603016068,0.47320641759257365,-9.9872161923436167,-1.4239688695701,,0.2503013797480669,0.2195121951219512,0,4
-0.76286456797825519,0.64191776765457809,0.077325484109139794,-0.64526274241025838,-0.74830434356956921,-0.15387203336574151,-0.040910196535118536,-0.16727877619195644,0.98506048893211551,-0.61908925428999184,12.747537693982588,-1.2908288648026423,0.3708272521850732,0.2976038962212466,0.2040816326530612,1,4
0.99300718385991171,0.11747193048531052,-0.011708046406682495,-0.11227881475076759,0.97041334371923493,0.2137554913676267,0.03647191468471999,-0.21094617294396936,0.97681703074809378,-29.718547879189309,-6.9811371622370189,-2.0833934513657368,,0.476059027390257,0.6764705882352942,0,3
0.99222871979543725,0.11722824801746461,-0.041709776789913111,-0.11374519851676443,0.9904536645584644,0.077868916629750498,0.050440037941008681,-0.072519488618336347,0.99609072194406323,-4.3563529216424399,-17.504571305989501,-1.4732974530177956,,0.09042252398751399,0.5769230769230769,0,5
0.78386391187774118,0.61899501265796386,0.049015731763302692,-0.6202281903367417,0.77677211992078632,0.10927975853458873,0.029569571646127734,-0.1160613976235621,0.99280178908699102,11.824657385939945,-10.657625703000386,-1.3776117624976054,,0.2112950118856687,0.5,0,4
0.92824874636198496,-0.34271530007485929,-0.1445700106246183,0.35287578779075929,0.93428284782333859,0.05093366916061394,0.11761353352592524,-0.098294370936036615,0.98818281374138184,0.12543988732267725,5.8625943869838375,-1.3107215570316368,,0.1668745137701274,0.2435897435897436,0,3
-0.87968787432634654,-0.47103742342221661,-0.065368107659264985,0.47490114298216723,-0.87733242442598547,-0.068968989009939197,-0.024862585493564838,-0.091714572378556888,0.99547490629146118,-13.132140267829735,-13.333262470255965,-1.6342581798642037,,0.09269955409821413,0.2941176470588235,0,3
0.88776591738524102,-0.44938819432840971,-0.099608868718571428,0.45951935115032194,0.87782806674095826,0.13512901672186897,0.026714075831463242,-0.16573513821783109,0.98580841044920486,4.8891117961653343,8.4782487048629758,-1.321580658778738,,0.2394644810543459,0.3043478260869565,0,4
-0.75721424759567912,-0.63619158834570899,-0.14794203647467483,0.65257509184551765,-0.74650438214789816,-0.12991134260255754,-0.027790875137784332,-0.19491400758321401,0.98042653825104464,-2.1873978060798933,9.4488578496598183,-1.3682117748593594,,0.6522109845275085,0.4342857142857143,0,5
-0.56340019204659086,0.82611155001499625,-0.01095128000212757,-0.82467242121076612,-0.56312139644725367,-0.053006514294637756,-0.049956193772518212,-0.020832661738607684,0.99853411504497303,16.727762904053524,-15.072785202527275,-1.4012912782713722,0.2671866029928439,0.1169512911171746,0.4090909090909091,1,5
-0.82947338405477877,0.55822505734707861,0.018939126024357392,-0.55570741007784696,-0.82136868461544932,-0.12861865462544614,-0.056242150823801088,-0.11721036337687515,0.99151326324350053,-24.740860307223503,1.7940357223914607,-1.8633469393720439,0.2112777387144619,0.1595036072667354,0.2222222222222222,1,5
0.44543920696273581,-0.89202568081307754,-0.076642662208293036,0.8942489847393601,0.44744770619617524,-0.010454832012270727,0.043619562045401163,-0.063880630787013268,0.99700381083385059,7.3389286208161257,-12.084433489765487,-1.406990933436634,,0.08215747802527226,0.2352941176470588,0,5
-0.7860309283077731,0.61583391951433397,0.053888434002417607,-0.61565752371263183,-0.77195651809118504,-0.15826859344975369,-0.055867640362289528,-0.15758082926595543,0.98592448443488967,-15.752937270899373,-16.889420730386874,-1.6436402047984946,,0.2363971073138036,0.5454545454545454,0,1
-0.61021043208702264,-0.78749521424382407,-0.086570873365367507,0.79202430064157758,-0.60893770198240504,-0.043501520635572909,-0.01845902937287406,-0.095111317136611251,0.99529548456081618,8.7975148720085521,-8.8753030422326926,-1.3236442890331865,,0.075593735064682,0.3846153846153846,0,5
-0.95494539249436761,0.29272293037871089,-0.04891404076827939,-0.2910256498174677,-0.95592104749464357,-0.038974634123565714,-0.058166730199497536,-0.0229834067806662,0.99804228092333591,3.9476116723046442,-15.96103156347216,-1.3602904728063032,0.3123592450958925,0.3128360062189562,0.8484848484848485,1,5
-0.9323367201780266,0.36114298272733142,0.017999617620569328,-0.35682891735392802,-0.91086430119153483,-0.20736284275366354,-0.05849242641320191,-0.19975477676807488,0.9780984946367276,-5.2028505091266268,15.775718203059027,-1.4155758951874724,,0.2307294251542549,0.2105263157894737,0,3
-0.35864386691821448,0.933129298169878,0.025382860732049397,-0.93258831065151226,-0.35698636508811771,-0.053289567246627076,-0.04066472129634939,-0.042783735673333094,0.99825644621195708,-5.0512433055994865,9.6064413213102835,-1.4174539268289086,,0.0792046066014972,0.4307692307692308,0,5
0.16025563520760727,-0.97820651194157837,-0.1320232986229968,0.98691728312183735,0.16118527711511943,0.0036854737460225201,0.017675057556250959,-0.13088669312200085,0.99123976206766951,-30.575417396010295,1.0445061668888849,-2.0767622287357757,,0.1388137766831376,0.2857142857142857,0,2
0.60170232024129244,0.79870361872472329,-0.0051814334190945438,-0.79862238309143285,0.60171744272296113,0.011764707743916306,0.012514273514881586,-0.0029408432414882667,0.99991736878575277,10.623980139588713,-2.4135779695089337,-1.3474682812487759,0.1309491678767475,0.1000859216288124,0.2424242424242424,1,5
0.86070097160613013,0.49906799208357377,0.10062294347679124,-0.50801531698190483,0.8289481353462208,0.23402014147888631,0.03338076074684744,-0.2525393596722959,0.96701064969744166,-13.421892790245167,-10.959479774440315,-1.6287500763607548,,0.1450062016698166,0.1917808219178082,0,4
0.9969280904611687,-0.070021515075583823,-0.035090880239296234,0.074983853643613319,0.98269355965265115,0.16938355737778932,0.022623088697214005,-0.17149447584024818,0.98492529697133735,9.1254850952477682,-3.0214784592189545,-1.3286582462310845,,0.2772359540037767,0.3,0,3
0.84886120408745425,0.528465319322312,0.01261199701732184,-0.52759730846735253,0.84550421271656906,0.082241755675208111,0.03279841906561199,-0.076465891429460628,0.99653260416039346,-7.1649581533964319,19.458863691670306,-1.5152427391287657,,0.9106287563934368,0.6170212765957447,0,1
-0.76177280327780228,-0.64165943619449539,-0.089304894204297824,0.64742354742928077,-0.7589775257782746,-0.069252188395559355,-0.02334408748193894,-0.11057252509575087,0.99359386585947918,-3.2705526223471422,-15.720824857881658,-1.4394550634460588,,0.1089244019682426,0.3260869565217391,1,5
-0.37648249714730952,-0.87122234312693825,-0.3150119968796985,0.92641130167519203,-0.35228349631244832,-0.132885056926485,0.0047989030209026539,-0.34185957213786811,0.93973879534023241,9.3389049387280476,-18.389358065899188,-1.409270008799447,,0.4499544943542807,0.375,0,2
0.51468140518712202,-0.84834850543534324,-0.12412841930932252,0.85647404197823462,0.51537918666818094,0.028922471656321964,0.039436868182908716,-0.12119862736378499,0.99184455745497724,2.4415576651208122,-15.715250132249752,-1.3374576527871571,0.2681188597976532,0.2442833030062115,0.6794871794871795,1,5
0.99745886786346238,0.055800913367999284,-0.044295202763247797,-0.047759989988122344,0.98506093007810958,0.16545074007082602,0.052865776045326857,-0.16291476943772351,0.98522281115602406,15.725555011484872,-1.7999946728201075,-1.351775539948604,,0.1195901928367765,0.2916666666666667,0,5
0.35397133627433186,-0.92292573078656948,-0.15136838688524198,0.93477286137596149,0.35432701050678389,0.025535607694401007,0.030066438617847878,-0.15053393330874545,0.98814753159203761,-5.6020315449417337,10.986368714490892,-1.41219732129566,,0.1276699086873191,0.2,0,5
0.50119455029571858,0.85222420127199627,0.15005976649381955,-0.86532276989492207,0.49268639839950518,0.092068543669933459,0.0045306351928742382,-0.17599438513325133,0.98438074429882916,9.0479639330866455,-13.56680728432878,-1.3929561838037392,,0.6369078205901347,0.25,0,4
0.22082965218497633,-0.95090871560469825,-0.21681069923526974,0.97531115059976192,0.21494903263279022,0.050646548608931842,-0.0015569944224702492,-0.22264215224716966,0.97489899364555599,11.556816012680541,-14.917249991721247,-1.4026797663967117,0.6480061984877152,0.2664390473357259,0.3809523809523809,1,5
-0.98013933154122423,-0.15970108479010256,-0.11756893417389166,0.18437931020163367,-0.95214847372470368,-0.24375716185024082,-0.073014798058271116,-0.26059326065840477,0.96268374441658078,8.9764502838836542,-6.3017893589487279,-1.3541804640516406,0.9051545266122109,0.5026494448042779,0.2857142857142857,1,3
0.99553656941473967,-0.069157931817731333,-0.064219307257444153,0.076259479800548896,0.99035621084494396,0.11566791854872702,0.055600635774077818,-0.12004897378794753,0.99120977254765785,-7.9563166708234814,-13.185092256978672,-1.5392029199266628,,0.1371461073992536,0.375,0,5
0.99024138526445959,0.13091596631090197,-0.047780840034541944,-0.12695404203097782,0.98882003717354727,0.078215121914505609,0.0574862602847016,-0.071385879899227983,0.99579083447754835,10.584105728151226,-9.1479097103625282,-1.332205741843199,,0.7271897404952258,0.4821428571428572,0,3
-0.21531436631550741,0.96844877480864444,0.1254858327851659,-0.97596192957071659,-0.20896283038556734,-0.061909995524593336,-0.033734784522122821,-0.13579950695377249,0.99016183436060468,5.947964767150836,3.2261035098132007,-1.2970010328160659,,0.08812917985801247,0.275,0,2
0.49288965601137558,0.86965612846046458,-0.027531894743063418,-0.87007549556943309,0.49282746484923007,-0.0094721644772980881,0.0053309480012519901,0.02862355885343501,0.99957604656772914,6.8227448383720137,-6.2947248514004137,-1.3409146027769356,0.3061277875205171,0.2099558613723309,0.6410256410256411,1,5
0.99650668153662303,-0.010625413008011132,-0.082834378438402523,0.024834967407991709,0.98470401231220006,0.17245646560827574,0.079734923632692342,-0.17391120934161661,0.98152800939077878,1.7381836111391467,14.805016139859411,-1.26318148539765,,0.3629175733958942,0.2432432432432433,0,5
-0.44219390086697602,0.89558933852606071,0.048829199814252926,-0.89582512368993017,-0.43831088134006413,-0.07335474807275541,-0.044293360698509539,-0.076179446160689501,0.99610982837269613,-14.552260318787138,16.737333611760263,-1.667926214053612,,0.5474648542500838,0.6511627906976745,0,2
0.99406328689254164,0.10788045031537322,-0.014141785323942923,-0.10442090000288434,0.98244780144105015,0.1545722908099437,0.030568894238814592,-0.15217794151386876,0.98788026441548948,-6.3630563749446063,4.716658878483484,-1.3839094398333331,0.4285114687412313,0.1667536189476498,0.1689189189189189,1,4
-0.67807526957804565,0.71948220182830513,0.15019750343782462,-0.73308927809047775,-0.64735087315549655,-0.20860718437675838,-0.052858671336341805,-0.2515595521484143,0.96639730576375582,-19.000142381989001,-15.014333934559016,-1.6886438181235968,,0.4334023701408755,0.1428571428571428,0,1
-0.57249345039368227,0.81860003115875934,0.046316716671366193,-0.8184445705459793,-0.56718306800875906,-0.091933956229346414,-0.048987081972133022,-0.090539253095276426,0.99468734255986468,8.7185577612145106,3.945152197058718,-1.2872210251430691,0.5203718105149752,0.3770948708979267,0.3962264150943396,1,3
0.80379431018509129,0.57909504387563571,0.13624843879012782,-0.59420627585900254,0.77039283272118819,0.23111422505245383,0.028872281583668346,-0.26672797650508434,0.96333928493841392,9.5097912951296308,5.3615821436853368,-1.2995735529930406,,0.3661238963601091,0.1891891891891892,0,1
0.99540136811325397,0.082150738135550572,-0.049268373040379398,-0.080281960729900737,0.99601739990343974,0.038783319493739997,0.05225823513690904,-0.034649607694388407,0.99803230486142092,6.7167372204497831,-14.584509742143576,-1.3522255680529307,,0.07851231233828593,0.32,0,5
0.82973701646848819,0.5577171472209469,0.022092242930499318,-0.55613876845405907,0.82273171582892979,0.11756782719599448,0.047393604255996036,-0.10983673094604302,0.99281908664706497,20.118894793000106,-7.5529933146126123,-1.3583852911325796,,0.3726596754287131,0.425531914893617,0,5
0.86702747185231688,0.49741542138623196,-0.029004510348169952,-0.49726581650503804,0.86750567685537849,0.012673135336978284,0.031465390335375799,0.0034349950289490135,0.99949893947927404,-13.011169947137725,-15.111744812051466,-1.6082055761547256,0.1793237342421413,0.1662269351321292,0.6461538461538462,1,3
0.75707811167439232,0.65064239837536886,0.059137147884267181,-0.65284423163769145,0.74994646416674327,0.10665228596327803,0.025042804174650879,-0.11935145713458464,0.99253618958651713,-17.978132591541303,15.613362922050728,-1.7067884642283861,,0.7237270929724021,0.6410256410256411,0,1
0.11496067247385179,0.99330618415032645,-0.011263583491706598,-0.99321863931553211,0.11473780141743405,-0.018760901953076534,-0.017342961124308765,0.013343966974191407,0.99976055145461173,4.084249813530497,-7.7574848833010028,-1.375558297255804,,0.09159966521534148,0.5689655172413793,0,5
-0.99122617134976332,0.12586576419042117,-0.040354511966463329,-0.12005379262671267,-0.9850545209677608,-0.12350982793655639,-0.055297053332274394,-0.11758146165844685,0.99152248374256802,-29.061861268099356,-4.8166371670736412,-2.0482645517864522,,0.827567803574383,0.3432835820895522,0,1
-0.63115147627857771,0.77303149664048743,0.063797485790117917,-0.77440146290123169,-0.62330999193876591,-0.10856808097100927,-0.044160935766852996,-0.11792777090687252,0.99203974345846246,4.5720797429505824,-27.414056746628631,-1.4583446283042503,,0.5167531406751943,0.4848484848484849,0,2
-0.35507200350835094,-0.90517527257809838,-0.23362704945646004,0.93483484902505831,-0.34306286367707001,-0.091606094851734265,0.0027708072582760456,-0.25092946713938086,0.96800140761689202,6.0238824056106788,6.8308803733059094,-1.3077864034789839,,0.341288358422166,0.1764705882352941,0,1
-0.87122964598597996,-0.46471789397679192,-0.15810181204818441,0.48857997560278021,-0.85205921873818902,-0.18784220825803047,-0.047418471033246139,-0.24089908007512584,0.96939110880171941,5.2143508536448033,-15.311886460115808,-1.3421068425096128,,0.5913926965527662,0.25,0,4
-0.78490198786758936,-0.61275406714041303,-0.091985448003406703,0.6188085768051711,-0.78278297124464113,-0.065778151401270871,-0.03169881249926957,-0.10855078595888701,0.99358538241755667,6.0234229994127411,-11.976068958856244,-1.4016785943294037,,0.09292481794789721,0.36,0,5
-0.68047107647962879,-0.72681774013980327,-0.093247448719659759,0.73269488917521197,-0.67674627112545804,-0.071921373000748773,-0.010831133420835998,-0.11726234321323475,0.99304190717862573,-9.5102871195648877,16.670745237910548,-1.531329533992358,,0.1190735424734323,0.48,0,3
0.99455627145267145,-0.083475180536176447,-0.062367596944351601,0.088661075194517755,0.99237542652569311,0.085616742365617365,0.05474519759314421,-0.090680246263456901,0.99437420334504178,-2.1284040038947785,6.4116056437816624,-1.3047041688254162,,0.07942613731875356,0.3524590163934426,0,5
-0.94112127382059196,0.33785057837994914,0.012154614376553383,-0.33525323466598961,-0.92804816769318377,-0.16227096809755398,-0.043543272824855234,-0.15679153398592774,0.98667137298192764,-24.334272095724625,4.1129933295547874,-1.8519265842159998,0.4606125257706766,0.401498369827467,0.3888888888888889,1,4
0.94831182590540042,0.31575223691930904,-0.031704979552394916,-0.31440396234477092,0.94839620144280878,0.041167870369481455,0.043067729332681173,-0.029071807121386892,0.99864908787863171,-8.3800271041228651,6.9760966721204065,-1.4773850952839787,,0.07819954750768567,0.253968253968254,0,5
-0.12271370739714592,0.99223780295143982,-0.020136742808775168,-0.99209233418060194,-0.1231838516109543,-0.024052841045801254,-0.026346659692110169,0.01702589487778769,0.99950786511496659,4.7598412814386561,-11.057982030615108,-1.3862389188719975,,0.07060866167848569,0.1081081081081081,0,4
-0.98358859652690311,0.17759972807404847,-0.031808951102807563,-0.17190995160779582,-0.97600885238131074,-0.13361769572747981,-0.054776284288385803,-0.12595656656697221,0.99052233797033451,-6.5424499389413606,12.644245648692776,-1.4350325867942844,0.4003707171657984,0.1775700470089012,0.35,1,5
-0.59207045112774237,0.80547422247771605,0.025765438581793434,-0.80241890298175511,-0.58625912424632343,-0.11146364149574563,-0.074675866509535935,-0.086669003466373504,0.99343444615092613,-6.0457095205520703,17.267410485659866,-1.4527882555281528,,0.1963746002877492,0.1428571428571428,0,3
0.52428245202889345,0.84440584410832153,0.11003036367423599,-0.85075800857847528,0.51385529566626531,0.11028846700957448,0.036588541022541228,-0.15143152099694582,0.98779034876556349,23.579957701754864,-10.402103500122733,-1.3992415314608515,,0.2494440057747165,0.2307692307692308,1,5
0.97369601309949172,-0.20185812082122256,-0.10568525503910178,0.21519448115228215,0.9671403833701061,0.13539133700619382,0.074882637211541175,-0.15457288867472671,0.98513948897148362,14.746790098026509,-2.726098721194965,-1.368201652338138,0.3805991163444476,0.1788444883942727,0.1333333333333333,1,5
0.99844518508340585,0.030198389276664607,-0.046853704964050759,-0.018806549245726497,0.9737500467445912,0.22684170729910735,0.052474051580103383,-0.22560785391914184,0.97280397314195188,-13.404222773543072,12.563729880232247,-1.6250203141998036,,0.2504831459380987,0.2,0,2
-0.2619606558450277,0.96471171071276329,0.02660695403267407,-0.96387016204914666,-0.26015397775183113,-0.057220787929312282,-0.048279659284158789,-0.040635244229039656,0.99800693956798303,-26.190189479924481,2.9732527426219266,-1.9194763579338538,0.2755424961599676,0.1956281671899133,0.803030303030303,1,4
0.67204692888320794,0.73804615252006889,0.060339059728932345,-0.73981193742958828,0.66564848563596346,0.09793054072773752,0.032112655065054813,-0.11045347582068898,0.99336237449573306,4.1137313784996277,12.243120206897739,-1.2033631033849506,0.2790210161706756,0.4411880165063659,0.4186046511627907,1,5
-0.94377678534226772,-0.30680855203268087,-0.12310114479007152,0.32804205265622111,-0.91525301116367308,-0.23388103224700249,-0.04091199259519665,-0.26111384098787288,0.9644406518321651,-8.5705402228898073,13.042511738180881,-1.498876419281606,,0.1483899552006627,0.3684210526315789,0,4
0.56331813627998695,0.79532565323579507,0.22389681248981325,-0.82616984562760087,0.5386617208833806,0.16518758013428667,0.010773277760675444,-0.27802995478906822,0.96051198885088385,-14.879868131042997,-17.23776116651678,-1.6328369065394421,,0.2916051723813963,0.1764705882352941,0,1
0.97945938736234672,-0.17790905475751656,-0.094908781169415327,0.18879329949108278,0.97444301196336081,0.12172882363287736,0.070826538635226879,-0.13714658096744822,0.9880153929741643,-5.319556535673664,14.544274236375633,-1.4239881929189497,,0.2101896444691176,0.3148148148148148,1,4
0.99089483559502622,0.12318930450180002,-0.054330654767544263,-0.12339579303587594,0.9923574336091443,-0.00044969069496772208,0.053860032047470599,0.0071497704184581715,0.99852289795017224,-8.3620070841635545,5.0882663742824716,-1.4399775095654204,0.2958282923428255,0.2254628709546429,0.8154121863799283,1,5
0.83778226269402345,0.53709635965137947,0.098226171484577407,-0.54537764020184842,0.81454984049842449,0.19766584659939046,0.026155494320407213,-0.21917129783168804,0.9753357536374988,0.40440615300145655,16.311622883546917,-1.2928582898083523,0.5701352764444462,0.3744039320929576,0.4444444444444444,1,5
0.26013878355783698,-0.95625708928691888,-0.13379160092307527,0.96517193561239101,0.2615073685540889,0.0075518804378203854,0.027765950285919279,-0.13109643542227387,0.99098071455719772,-6.7727415474961585,-17.802582186167985,-1.4933925547280253,,0.1616519421259507,0.16,0,3
0.2505359822373362,0.93747443776642969,0.24160587769938482,-0.96806472995030479,0.24493790542043034,0.053442502883899519,-0.0090774572770374994,-0.24727939870270074,0.96890169715333585,-21.070229506321617,0.67797388540075554,-1.7376770995594109,0.5573015395958212,0.491263227122351,0.2318840579710145,1,1
0.91935252717181193,-0.37153158887284965,-0.12944191458881324,0.38196631526070213,0.92172167393482229,0.067311884574345712,0.094300926766196752,-0.11132580234790163,0.98929970228572861,2.8560243748995555,13.204288072576908,-1.2276996099154689,,0.1767235112744004,0.34375,0,3
0.99374413067524858,-0.083784167725696315,-0.073843185108765655,0.09725304226210528,0.97426148608122309,0.20336273628561444,0.054903993654926368,-0.20927199998403903,0.97631489874088306,-17.23022370219806,16.260405552297929,-1.7150363682480796,,0.3018983024462025,0.3571428571428572,0,1
-0.91202521903249989,-0.39059140711905782,-0.12509337525814582,0.40828513668961142,-0.89358114924899501,-0.18659039864149138,-0.038900475666323653,-0.22124891500660449,0.97444120941251966,-16.837806952990423,-15.815963974296571,-1.6532965813743183,,0.2960067951526758,0.2941176470588235,0,1
-0.44951930399376983,0.89229390542995124,-0.041761006567406458,-0.89231385127554064,-0.45071005534644221,-0.025227699685459702,-0.041332628258671678,0.025923586599333911,0.99880908160621862,-17.241410117225286,19.729607039762769,-1.7649709747933531,0.2230385791050422,0.1277120695335448,0.6111111111111112,1,3
0.99041335363631111,-0.12342944948694219,-0.062020641227145158,0.1282398972663937,0.98845269845363537,0.080720453844310536,0.051341189000457019,-0.08790013605835359,0.9948053319081791,0.47204144620702193,6.5926758816609645,-1.3117178882696805,,0.07772376506968308,0.2295081967213115,0,7
0.88134528828067116,-0.46902929148711248,-0.056938620922510674,0.46899999372167733,0.88307569900272331,-0.01470767554431837,0.057179443111371207,-0.013741672312632626,0.99826934127394928,-13.439416254971876,19.300239649613957,-1.6791255506232785,0.1677417693099229,0.1942096521512996,0.6136363636363636,1,3
-0.11246284436049288,0.9930854193259967,0.033666876309801586,-0.99322914221107861,-0.1113570557103519,-0.033097993990097184,-0.029120091019680844,-0.037161217224863499,0.99888491040428373,3.6173978065988219,6.1527533043837552,-1.2989446675912246,0.8844815778487087,0.916626329722833,0.7984496124031008,1,5
-0.01717409686464676,0.99717003611850041,0.073191320963023165,-0.99978444904749397,-0.016272720797506007,-0.012893952095640255,-0.01166644074608787,-0.073396986486333082,0.99723456445063241,-19.334053368899774,1.3233773272919431,-1.6996300344781103,0.2169530955028297,0.1402775004138146,0.2244897959183673,1,6
0.36109772626294195,0.93208096456537615,0.028870531387746621,-0.93252431828731241,0.36100996523070061,0.0083785921795243145,-0.0026130232520913208,-0.02994796318626158,0.99954804367297811,-13.34307630585076,8.1256387318607572,-1.6102155868480479,,0.07451710872442953,0.1515151515151515,0,4
0.35955428356963542,0.93136605122959859,0.057253784012161822,-0.93310161416505766,0.35844154628756741,0.029000612709754497,0.006488051270589254,-0.063850892804742029,0.99793835915789297,0.77093516554254948,13.053096670164596,-1.2652822567678566,,0.1278367227340321,0.5576923076923077,0,5
-0.60143485815728615,-0.75137606859060158,-0.27149606800588633,0.79880904137460207,-0.57127252352428437,-0.18855190077107439,-0.013424857969988322,-0.33027519951629364,0.9437892062176586,-4.4620035413776815,23.688665802785405,-1.4776783112886318,,0.4179552877883347,0.3333333333333333,0,1
-0.9916952006212576,-0.11248017900638889,-0.062360551596780431,0.11857237529229626,-0.98742165244971702,-0.10459001907932212,-0.049811854837044985,-0.11111565868121755,0.99255835572198592,-13.815849761951087,25.163890029845906,-1.7501481607434928,,0.1161187716439571,0.1538461538461539,0,1
-0.23138005703338305,-0.96487387152796711,-0.12442540435884311,0.97281141778622504,-0.22814500019934494,-0.039847262249702947,0.010060548294409248,-0.13026231583491088,0.99142852210401056,-5.1473232186322999,-12.139652101324669,-1.5036986927907823,,0.06909657461810227,0.2195121951219512,0,4
0.34187477705237085,-0.90602086086994649,-0.24949516324745191,0.93900918029352898,0.33985552600012708,0.052535519143255681,0.037194033659528267,-0.25223881762262113,0.96694993807563567,-27.03302624693729,-9.0354336818567234,-1.9977786434829381,1.020496456098329,0.5947158689484123,0.1578947368421053,1,5
-0.99679527208693486,-0.060797879128637579,-0.051988493328753875,0.064077965868911763,-0.9958941493973793,-0.063944174763408274,-0.047887366133844471,-0.067070567982762105,0.99659838404205403,-0.27996247419854253,-15.44513288583429,-1.3755102420377601,,0.08506234191639897,0.3,0,5
0.98423520775330531,0.17682727536694295,0.0036291190542017404,-0.17009814749061292,0.94076036880378666,0.29331987438362056,0.048452822818365965,-0.28931305393027906,0.95600746900140154,-9.8468498603291792,19.402053372467041,-1.5906111664245517,,0.6795706978780715,0.2553191489361702,0,3
0.96495315913352109,-0.24977004829274083,-0.08050045747744794,0.25615358158531409,0.96313924910782189,0.082146999148083738,0.057015290223344769,-0.09988848684338672,0.99336375355500328,-7.7304372927073661,13.747497411237552,-1.4799651106503873,,0.07469201111545158,0.2857142857142857,0,5
0.0014343596859150663,0.98362122115636497,0.18024215906150509,-0.99973423846913256,0.0055576203827398347,-0.022373316433304525,-0.023008586328474006,-0.180162166246254,0.98336778410146353,4.8326447265713401,4.2022205819683593,-1.315332869254022,,0.1104648006688815,0.2380952380952381,0,1
0.8804757092640747,0.47119989083675745,0.052279903130682051,-0.46935984668597858,0.85083182273454305,0.23619175205991122,0.066812122514109035,-0.23249918773544948,0.97029906110823216,-3.1499868856891253,-18.325145833694403,-1.4825390650809513,,0.4132459473124755,0.1,0,5
0.11370748710677102,-0.98815102525613208,-0.10309296125885882,0.99308715340729214,0.1160874014158083,-0.017367238408215892,0.029129248415747707,-0.10040551039550584,0.99452009550785514,13.667296985299973,-6.9002761794837886,-1.3372989413512855,,0.08546493004171904,0.2068965517241379,0,5
-0.92521243229632377,-0.3522728768884647,-0.14101693278839358,0.37730184311642151,-0.89357033878815673,-0.2432598791806215,-0.040314690936093696,-0.27827301314849795,0.95965559230798214,-15.953224655709384,6.2958548795858071,-1.6586630056056719,,0.3395086547282421,0.3125,0,1
0.60299611564439959,0.79720136424274157,-0.029422259724187272,-0.79740334979677763,0.60340635830446865,0.0069759938802103089,0.023314850431512758,0.019254911250131818,0.99954272852245063,1.0534369772391461,-13.259380154993194,-1.3999791075709984,,0.08518669735299073,0.4339622641509434,0,5
0.93349491557708664,-0.34498892150290755,-0.097825797374673146,0.3510199910757863,0.93488707441067476,0.052641466212541531,0.073295350854503102,-0.083479351579369879,0.99381033874829727,2.7249567574090214,-11.242733116139119,-1.4130264109978339,,0.1267086918476601,0.390625,0,5
0.72162835424359506,0.69222948812388241,0.0084174891402947136,-0.69196014261765093,0.72087096519430793,0.039194547686962115,0.021063698161516053,-0.034108463928665476,0.99919614356150632,-7.5625263273911969,-17.114837219778085,-1.5096145313648848,,0.07671681526613343,0.3636363636363636,0,5
-0.8955116350132386,0.4441178911745966,0.028604375444067739,-0.44206949704043025,-0.88028742590247022,-0.1722457766809502,-0.051317359074067856,-0.16689321896539758,0.98463860482972665,-15.452875629327808,-14.603071539030465,-1.6414234737014211,,0.5117667670005788,0.2857142857142857,0,2
0.34856500522845607,-0.86232121909992998,-0.36729355047440881,0.93642670501888658,0.33715606446251628,0.097112379867959578,0.04009318218298194,-0.3777934664418619,0.92502142324179937,-0.64123528447575939,14.864206932148903,-1.3048078814260711,,0.4432889977581779,0.3376623376623377,0,1
0.075644828609228928,0.99620255864640628,0.04310825966138164,-0.99674607905687507,0.076751719577068694,-0.024625747231454949,-0.027840865457540907,-0.04110517836375023,0.99876686495010347,3.6311996971467067,2.0187731453908748,-1.303996376386094,,0.1368866409338745,0.2857142857142857,0,5
0.85493947385041458,0.51346259355395329,0.073720153779169906,-0.51800544259608783,0.83758594970239419,0.17355154364617326,0.027365260700523666,-0.18656350629741716,0.98206170917351532,6.9793030302119137,8.3893126627954366,-1.2954429531473499,,0.1827747744942409,0.2142857142857143,0,3
0.87101715934327606,0.49021394834117549,-0.031927934185058085,-0.48999260784677395,0.87159821619910638,0.014959738435315707,0.035161802927146435,0.0026142628580496591,0.9993782133129685,0.44761069568891093,3.526842041391506,-1.3463827611393269,0.7654752895347732,0.5875083443736516,0.9960975609756098,1,5
0.55869823522029438,-0.81510000116232406,-0.15319357057953464,0.827901304698064,0.55910314416273243,0.044532054371979789,0.049352929406171898,-0.15170913714251114,0.98719229437151867,-2.2950814556784174,-16.632276606584703,-1.4380918452159408,,0.07570637700102291,0.3,0,5
0.95348253525866578,-0.28872449340870715,-0.086655766470521395,0.29619372106355896,0.95075774402839008,0.091263310111837317,0.056038688057721935,-0.11268486622405094,0.99204928625791466,-10.414741809329872,16.235424273535553,-1.5476926108316378,,0.1005699835918346,0.5384615384615384,0,5
-0.87776131854120232,0.47760199353735466,0.03783389276768135,-0.47790758000462658,-0.86728181929823012,-0.13937930581285995,-0.033755186963385655,-0.1404228673824105,0.98951604619084887,0.92986860315425979,-16.823319875364103,-1.400953568511488,0.5478932134433722,0.504099495314561,0.7912087912087912,1,5
0.99052886257146877,-0.1209786006146604,-0.064936512119074585,0.12554170713801571,0.9895079996284416,0.071506632141309381,0.055604425918670639,-0.078981623588264688,0.9953240934256623,-0.85628421404637933,-9.9826606580488164,-1.454305575126662,,0.08382160649515294,0.4057971014492754,0,5
0.99852815665071171,0.010715380997017885,-0.053166728184272039,-0.0063566494629787385,0.99665437842067617,0.081484004457928971,0.053861984584086101,-0.081026110513733318,0.99525557322311919,-2.0134972453324278,-11.257310352591146,-1.4660338538376907,0.2647299629205203,0.2009115230008768,0.4054054054054054,1,5
-0.99823182462683635,0.011109014935107592,-0.058393613429440841,-0.0030173329891163211,-0.9905842258110662,-0.13687142607542735,-0.059364299067774788,-0.13645322041439661,0.98886621877518377,-12.317837606654644,-19.687390440546793,-1.5876629615110633,,0.3792207934827911,0.4318181818181818,0,3
0.6399200629272882,0.75098730063318186,0.1628508131721261,-0.7682713492846045,0.62078738954000889,0.15614784934962961,0.016169320689163214,-0.22503575554962005,0.9742163321319669,-4.5208914189077287,21.835821726941926,-1.4561383670017549,,0.3071642961048776,0.3333333333333333,0,1
-0.31229298452827042,0.93082832091915335,0.18982025389630025,-0.94994572916503772,-0.30414623439121463,-0.071401538826201483,-0.0087294590628928734,-0.20261713915775906,0.97921912331407968,-29.190721998412855,0.24676410010875838,-2.0221936038603996,,0.3038617938216656,0.2916666666666667,0,4
-0.15003613087891707,0.970630552132702,0.1880571474245239,-0.98729284933239936,-0.13701603521146385,-0.080494942400385947,-0.052364005652690677,-0.19774462663115661,0.97885395925567364,7.0575914421869408,-2.5600908091287264,-1.3254379052922338,0.3760408864873327,0.3379521399930209,0.2804878048780488,1,5
0.56093143679630553,-0.82403059358848174,-0.079558180244689081,0.82641323988403004,0.56304138780431079,-0.0050549543792095973,0.048959985273818014,-0.062912450672421336,0.99681740724787582,0.53207683533352645,4.6206149219375776,-1.3263842544765128,,0.06985910855300462,0.3448275862068966,0,5
