axis_00,axis_01,axis_02,axis_10,axis_11,axis_12,axis_20,axis_21,axis_22,location_x,location_y,location_z,dbh,dbh_approximation,score,reconstructed,number_clusters
-0.29845681009921454,0.95426746718033617,-0.017237563245062114,-0.95301059726154702,-0.29894873073100436,-0.048994468070492694,-0.051906974604483659,0.0018048477906832986,0.9986502934019803,-4.4863364024793659,22.407027806306591,-1.9190691608967334,0.544975089017248,0.4645859888728801,0.9752066115702479,1,5
-0.54669282091416871,-0.82876240100150056,-0.11949829390889086,0.83733309246088372,-0.54101131192661234,-0.078613310815266485,0.00050182746129652153,-0.14303720863353159,0.98971718440952894,4.2945313915585475,9.1034168613889062,-1.2695854824173443,0.297216148749378,0.1179481199182022,0.2096774193548387,1,4
0.69877047850333707,0.71500913413604095,-0.021948951552345122,-0.71534302183122711,0.69852631011132638,-0.018583734813656522,0.0020443800005455681,0.028686794597599624,0.99958635861346634,12.127704349292179,20.73418663573046,-0.53522655152760545,,0.1538440461970521,0.2,0,1
-0.89263147076026605,0.44313113010171157,0.082727618986317641,-0.4478602970876982,-0.85089542074681224,-0.27458721245648826,-0.051285589602577723,-0.28215560332356665,0.95799687046056181,20.972491223848625,6.9991159969054495,0.3152749827657253,,0.3269490311402981,0.2,0,5
0.9085883951627497,-0.38331319172116646,-0.16594615159174797,0.40161308820159825,0.91087863136457492,0.094905459845964407,0.11477828871678804,-0.15287614586956005,0.98155734853512988,1.1718751700525276,-19.445407634092547,-2.5545985133228797,,0.2474394344843063,0.15,0,5
-0.07383336933228149,0.98774912267074455,0.1374783773406468,-0.99573022030314096,-0.065356440501780563,-0.065190981431445652,-0.055407237326009925,-0.14170464476548245,0.98835713773098599,-12.440672252266953,-10.674008306699822,-3.06271782256783,,0.4070031442155376,0.4545454545454545,0,3
-0.50743298023925987,-0.85681460699110223,-0.091545069840954035,0.86157687887852186,-0.5027635761333451,-0.070100415801575375,0.014037533524324778,-0.11444437845649022,0.99333047466201307,-10.695247963352177,-6.6078027846763359,-2.7408406959375746,,0.115333741484724,0.6944444444444444,0,3
-0.43718533975690727,0.89917657630937464,-0.018720665538104968,-0.89732242916960969,-0.4374990842328465,-0.058369593150644911,-0.060674844958918339,-0.0087198573367129797,0.99811949549001322,-4.665444054398912,15.413799953819233,-1.9046067981189374,0.440456444588292,0.3639541224066624,0.9589552238805971,1,5
-0.99396919574399201,-0.083725458087754043,-0.070818681010294537,0.10157963043842487,-0.9462837787371382,-0.30696675516895333,-0.041313636877369476,-0.31230923420058987,0.94908172758778064,-44.496947640979343,5.0324491488273413,-4.2575545444269158,,0.5683670566869526,0.3809523809523809,0,3
-0.9103964699028273,-0.40662507916698776,-0.076382671993803081,0.41274116325562688,-0.90539489911641402,-0.099522905948185039,-0.02868797209396208,-0.12213157514099392,0.99209922820790297,-11.609586066454749,-8.1093992941999939,-2.8806212169677416,0.2125982175507124,0.1509294356699899,0.4864864864864865,1,2
0.74633264329521687,-0.65106338611615389,-0.13821741138852592,0.66267539488910754,0.74624089849551378,0.063133528502497968,0.062039556418000533,-0.13871189088026459,0.98838762880151487,10.757514297946296,-3.5392043198880412,-0.99445453849068577,,0.2303518994186688,0.3043478260869565,0,4
0.86535114801889823,-0.49536632795383545,-0.076023626274399111,0.49665776218127472,0.8679436952966727,-0.0021929568727820808,0.067070544111886343,-0.035860046350930708,0.99710360504224727,-23.357747623779936,-3.0967896377568387,-3.3922109106249567,0.3761900563601462,0.2191621810328233,0.5384615384615384,1,5
0.96571664514844424,0.25723103472775538,0.034979366148098594,-0.25696407144348499,0.92805168445030406,0.26960997195233827,0.036889392383474225,-0.26935527795430603,0.9623340932169745,-0.59232255921577726,31.230380819906326,-1.772094818615584,,0.4068746463748505,0.2352941176470588,0,1
0.81133440311495153,-0.56390740241062198,-0.15409389289848921,0.58060513826395521,0.80801113766514499,0.10007834346436953,0.068074663007608643,-0.17066470905135564,0.98297476943246975,-15.502217015427789,13.903929440354203,-2.5339201216967537,,0.202285326380757,0.3636363636363636,0,1
0.86541263855135186,-0.45423504544432419,-0.21149819981688026,0.49657387679359899,0.83387069521670465,0.24098557746260613,0.06689805618822979,-0.31357644546267055,0.94720349604994258,-33.475855437532232,0.017726452820835924,-3.8243073336482958,,0.4177598065371927,0.55,0,1
-0.037391829660728543,-0.98307953160100892,-0.17932229538393984,0.99831800562364759,-0.028792538441166936,-0.050320466787753412,0.044305876836448363,-0.18090225061412532,0.98250260305024051,6.4623480036140108,-2.3771200292150914,-1.2814426761638216,,0.09651077907147024,0.2676056338028169,0,5
-0.87032330249146816,0.49240957043816375,0.0083764002559661242,-0.48778362529140079,-0.8595541087007107,-0.15242660238063904,-0.067856348545461867,-0.13674629485521858,0.98827929595102149,-9.0282570392438597,-8.384017920270896,-2.7071546445017076,,0.09410371798861034,0.303030303030303,0,4
0.99923491337699899,-0.024581545947414903,-0.030419327528693873,0.027369580231225571,0.99510882432859715,0.094917510614873052,0.027937322105551353,-0.095677454722589553,0.99502026647268782,1.0814364690447336,-21.363470810512407,-2.6819760361904454,,0.2144489372526919,0.4523809523809524,0,4
-0.98442932602769406,0.17455817903020623,-0.020696477727368517,-0.16637314780867538,-0.96326436532412874,-0.21081209212219448,-0.05673515440089695,-0.20408626761828552,0.97730748366353182,6.635939884878626,7.5646630039245153,-1.0738572602958847,,0.1009449697102358,0.2830188679245283,0,5
-0.21951167430734847,-0.91694921277328778,-0.33319478692985743,0.97500711208109103,-0.19418218689271355,-0.1079555912625848,0.034289302035410474,-0.34856479955384434,0.93665726083659484,-14.167300406963026,-30.850264238977008,-4.5375682917264255,,0.5018946877166635,0.3658536585365854,0,1
0.0046196137107819392,0.99440072681780434,0.10557392515856712,-0.99929891141341476,0.0085130954848808109,-0.036458371510946885,-0.037152992034667667,-0.10533148489169265,0.99374289103036295,8.7581968261431182,13.542600689090188,-0.88108830197932886,0.6800020729378734,0.4269145321521727,0.3333333333333333,1,3
0.20845056064339723,0.97801876404000854,0.0052593681282137377,-0.97731889158205254,0.20850081287476291,-0.037083624248339109,-0.037365062883424872,0.0025900224357675501,0.99929832575637811,-10.061454993556033,14.34570586971947,-2.2719050162858268,0.6467822180096203,0.5681613637854388,0.9709762532981531,1,5
0.46610496731636702,0.86551154564279698,0.18340099182399713,-0.88455427970449962,0.46001467397487444,0.077137707927086047,-0.017603570645269816,-0.19818240105218035,0.98000706641010005,-32.324447500937538,-2.4719252563999583,-3.8329770019933669,,0.4847971901458419,0.3125,0,1
0.10512377133456151,-0.99131816597086031,-0.078976493443120216,0.99315651197581245,0.10871798415883734,-0.042667817385921084,0.050883547640060485,-0.073950616877827433,0.99596293648054601,7.6727319172599957,-3.0704514140215684,-1.231647562258489,,0.1894383541491448,0.8505747126436781,1,5
0.097418469807770108,-0.98419941048037018,-0.14785520670712293,0.99285006486232885,0.10640268303392114,-0.054103768316574485,0.068981087576111974,-0.14152734524916516,0.9875280350975062,-8.7315904138579032,-12.282704257256322,-2.8829402921520226,,0.1512180430861691,0.3333333333333333,0,5
0.99524412257525452,0.081606550668055874,-0.053193113910301133,-0.0704935466605493,0.98022814530835733,0.18488764973506114,0.067229430747472688,-0.18025857547811605,0.98131903558831013,-8.9867371484281602,-27.808002402461394,-3.9528842120307202,,0.3930766664461586,0.2222222222222222,0,3
-0.40676727826189674,0.91352103993779643,-0.004437445929295113,-0.90927082983552299,-0.40533382575329518,-0.094504220595782548,-0.088130240812264796,-0.034406384453527915,0.99551457114559982,-26.762245908412197,-1.244610875566138,-3.4854749648069716,0.3860546900379874,0.304751985319259,0.7924528301886793,1,6
-0.99787444005269588,-0.038793826167450689,-0.052360681248539334,0.043240272189584039,-0.99530031218273163,-0.086646219940226518,-0.048753263998343788,-0.088726138314755038,0.99486219730637127,-13.954879894221483,8.0306997870642807,-2.5404719173496848,0.6091554231978608,0.4866696889746297,0.9880952380952381,1,4
0.59456580635670409,-0.75691735429597928,-0.27123351687610109,0.80114787178194757,0.58631725663501433,0.11997567299768483,0.068217222536975347,-0.28863158756027796,0.95500691998109366,-13.429321773664476,-16.09071171788478,-3.4412013352366455,0.3499133043175049,0.3401748079182922,0.5714285714285714,1,3
-0.52644769253181167,0.84916012117728612,0.042189046328508645,-0.84757547662328647,-0.52026984087385253,-0.10457104811517287,-0.066847875469163168,-0.090809588036033437,0.99362215165825796,6.3369348345599663,-31.589298538108768,-2.8881675487111509,,0.3120450860160764,0.2608695652173913,0,6
0.70749476781464082,-0.70196504244003954,-0.081830512078699666,0.70366818034241441,0.7104493658987322,-0.010620285668743236,0.065591504697665393,-0.050067730987573875,0.99658967324834991,9.2292849989335153,-11.866327398923445,-1.4956148101371871,0.1413409822089527,0.109804048895725,0.4545454545454545,1,5
0.98445842113661919,-0.17309000347395154,-0.02968952257251516,0.17554778155520631,0.96512743722671646,0.19419579373209184,-0.004959177778818216,-0.19638961431190582,0.98051339916707914,-38.020420791232766,4.7583077776881453,-3.8746283863977791,,0.5068835340813956,0.2222222222222222,0,3
-0.89119411770810186,0.45362109679064716,-0.0009721671293814846,-0.44781943630339011,-0.88013369856194157,-0.15755134123386724,-0.072324249262547283,-0.13997347320877213,0.98751031881519147,10.517102099541232,-38.941970178278375,-3.0425032520708162,,0.4117007745319556,0.1764705882352941,0,3
0.97794405791556371,0.20883135980011175,0.0038578169572945123,-0.20443191979393671,0.95322912968384732,0.2226248335014292,0.042813663204695526,-0.2185032939939579,0.97489655900345851,-13.096001019309393,24.029675828660817,-2.423685359642664,,0.7227760315704395,0.4411764705882353,0,2
-0.35462983828859923,-0.90674623999860027,-0.22814235477833519,0.93467471523810652,-0.33728666338279867,-0.11234270514218288,0.024916951859466335,-0.25307896584366757,0.96712469855625804,-7.1744915555932991,21.80559406156187,-2.0515923272455527,,0.2345589502624428,0.2,0,2
0.65107677882073522,-0.7405819334043785,-0.16624508412415612,0.75594786324209884,0.65236381837799751,0.054445169950911462,0.068131168639029946,-0.16112060199214584,0.9845802636014841,15.363830173508033,8.4279075326337178,-0.18389126305479567,,0.5897255643044537,0.2698412698412698,0,1
0.3715714773205217,0.92684911313017138,0.053715535291565003,-0.92795659284153442,0.372566837788599,-0.009513841607549426,-0.028830522780118384,-0.046310612930709261,0.99851095541621682,-10.929698295403583,23.05129738598735,-2.300056065353894,,0.2653374177780471,0.6153846153846154,0,5
-0.97585347804003519,0.21827435744432092,-0.0081421299078488704,-0.21176238150114954,-0.95456175449909175,-0.20968679173609805,-0.053541415540953693,-0.20289938819494993,0.97773470588497913,-10.734335153583297,-14.679355284585931,-3.1653709459607113,0.2097318774501667,0.2322616358281415,0.40625,1,5
0.23935785117795905,-0.95592163456600554,-0.17006365763480361,0.96920675831741321,0.24567422370436046,-0.016805815633652924,0.057845299820490886,-0.16080424240646621,0.98528976291888937,6.2624055100602867,0.59214555521598089,-1.2280491117752543,,0.09729960117093861,0.3205128205128205,1,5
-0.29472181545602005,0.95516771123062039,0.028172591587659116,-0.9519121533173337,-0.29088027209506628,-0.096186899693543881,-0.083679769724010158,-0.055166210023505774,0.99496451464892843,4.0296660568341185,10.837480968323948,-1.2922171766287074,,0.5960097523495396,0.8685714285714285,0,3
-0.87191697573251215,-0.48308151962091189,-0.079956443331479415,0.48918882869077057,-0.86651126052152749,-0.099259887535423905,-0.021332541189964915,-0.12566017981104249,0.9918439604576087,-15.769806270384191,-11.313684272866292,-3.320289656566644,0.409982447241951,0.9409518833223653,0.9923664122137404,1,1
-0.48066854475984089,-0.86633219591960164,-0.13574342117236515,0.87676509734896757,-0.47206139911481482,-0.091874912443052487,0.015514965327452493,-0.16317647434261048,0.98647489784180686,-26.467775428173695,6.6211694479467145,-3.2720402112300042,0.1290924004039566,0.1508157093600005,0.3,1,5
-0.40988789085844884,0.90153479091012734,0.13866123360999749,-0.90841667406456972,-0.38975814891789912,-0.15122080423525977,-0.082286470388991173,-0.18794575315959322,0.97872638191692551,-3.3308847752262225,-31.649540359665856,-3.7262558108716641,,0.3016242226803413,0.4210526315789473,0,5
-0.17420848976506059,0.98160781120897689,0.078086535761928505,-0.98093306881038023,-0.16605635542634536,-0.10097327040741859,-0.086149385418743465,-0.094188066102035423,0.99181998951217543,-17.595722634949873,31.712580480599474,-2.8224492079666965,,0.4447395933153799,0.2173913043478261,0,3
-0.28742158464952527,-0.93011953574659223,-0.2286186385667198,0.9573332581434717,-0.27149272347228681,-0.099018856557759369,0.03003107607065638,-0.24732438279341767,0.96846723442039806,-11.9626134213909,17.826487445008659,-2.3592272040212205,,0.3396042969901186,0.1764705882352941,0,1
0.062913966184158246,-0.98909033933139934,-0.13319960022566216,0.99712990001444579,0.067927760464259856,-0.033433244764625177,0.042116449947256801,-0.13071388602443038,0.99052515598758628,6.6568579541177852,14.681508959387392,-1.0731909667528876,0.4471647618648865,0.4026042534105054,0.6910569105691057,1,5
-0.93191351092222718,-0.32647166076116696,-0.15796665116553243,0.36141127864871136,-0.87234624358734558,-0.3292323176186539,-0.030316593247114887,-0.36390697440265163,0.93094179095956142,6.5058744351304387,10.391373347906288,-1.0757637241470439,,0.2072183122079792,0.4230769230769231,0,1
-0.99627869961086724,0.083199918750491667,-0.022506137420505015,-0.079992600889261439,-0.98978826349187787,-0.1179846483942017,-0.03209262383555412,-0.11574526760798336,0.99276034193641394,-0.74946185648816788,-36.177538099657859,-3.8670252109188121,0.577371221570438,0.4380933626003382,0.2777777777777778,1,5
0.12162102019524017,-0.97661868985849087,-0.17726889762661033,0.99119777547013155,0.12890982410698093,-0.030153393702357815,0.052300070265068693,-0.17204125048310911,0.98370041719137047,17.05475523839366,3.4384621138822764,-0.19269739172435832,,0.7432725526879389,0.4814814814814815,0,1
-0.84241869162162886,0.53825134518097506,-0.024824129740536719,-0.53365132112373503,-0.83981451033465637,-0.099638625513672641,-0.074478288577250529,-0.070690010908421072,0.99471398245343445,-10.235355541235149,-4.0505052995772362,-2.595442885967798,,0.1069842919883596,0.5204081632653061,0,2
0.60911477384016666,-0.78678105304144108,-0.099773577988580581,0.79008244024793206,0.61292126830644311,-0.0098618694725499893,0.068912480012802757,-0.072822341576071578,0.99496129405412681,18.025102541676596,15.395922968096095,0.11926456525684158,,0.4179793114869476,0.6071428571428571,0,2
-0.34709283074449698,0.93753652080511585,0.023491253742892675,-0.93584071337923846,-0.34461669273979534,-0.073766484713079311,-0.061063295256737052,-0.047587889654054659,0.99699882985421007,-10.147497158707553,-3.0612750571464193,-2.5641526342125949,0.4053561350918796,0.506926031392089,0.9930675909878682,1,5
0.91333209629282996,0.40131996001468528,0.069041810340957882,-0.40713465377588126,0.89655157518785078,0.17446101777467976,0.0081151448624491567,-0.18745016063475495,0.98224059257488772,-17.123129047714716,13.774892592265431,-2.6467535231740431,,0.3687861108338222,0.2413793103448276,0,3
-0.99934158771437342,0.010425574417507147,-0.034751956241071212,-0.0061976757532656822,-0.99280077194704475,-0.11961695547291844,-0.03574884445368396,-0.11932281684329192,0.99221171405139608,-5.9349048155319295,0.86232347486377459,-2.1602573679170924,,0.2067888316213436,0.3054545454545455,0,3
-0.34500739220896531,-0.92065446409603757,-0.18266159164204954,0.93789062587331695,-0.33059067215754651,-0.10521873113366702,0.036483876166418842,-0.20761783454814081,0.97752941723377995,5.3272313614997184,-30.789210420184865,-2.9247236055322179,0.7790847981288394,0.691589141467388,0.2258064516129032,1,6
-0.1110067827479654,-0.98415358700698663,-0.1382722364223152,0.98960149849842749,-0.096655281311323768,-0.10652056498299396,0.091467854209079519,-0.14865891757950964,0.98464925626868571,21.536351300827857,-4.8989664602713292,-0.058997010872474262,,0.4623800726056417,0.2352941176470588,0,2
0.84154936633634125,-0.51866184563849005,-0.15094553288447138,0.53283947790511954,0.84295617478942297,0.074209016771431421,0.088751083400156819,-0.14288028997471286,0.98575274178266403,5.3844483977442623,-16.213026001497813,-2.055641226165434,0.8304250874804298,0.2956545716225817,0.3448275862068966,1,4
-0.99859113272297617,-0.029927832244837298,-0.043818654750792191,0.035690578405682988,-0.98989034936257225,-0.13727082301754084,-0.039267445296479901,-0.13864133977991597,0.98956386688475961,-11.769520445774081,-2.8579042851634004,-2.6651382302825875,,0.1098397894512206,0.2987012987012987,0,5
0.74021698742368736,0.67233172091601257,0.0069906065198224836,-0.67232409337919208,0.74024747625659926,-0.0037399675912330017,-0.0076892776805853064,-0.0019315656471655678,0.9999685715375769,-13.652024812511593,19.065142620916518,-2.4422424057607013,0.4856470325932795,0.3980156073960068,0.703125,1,5
0.66931533648839936,-0.73369889403871746,-0.11705944313802269,0.73983215121875645,0.67264113062767605,0.014223129435845505,0.068303501846156356,-0.096124098301544017,0.993023055805487,-21.014275155035481,19.734273401700079,-2.8394563886653632,,0.2723489631796434,0.6666666666666666,0,1
0.8330175112190219,-0.54832924732540855,-0.073599337836826317,0.54864665325495865,0.83586811296240549,-0.017645044766207353,0.071194633748628167,-0.025681399109461513,0.99713178159417848,-28.603424906210446,1.1198279154574793,-3.4931401361005823,0.200417854173816,0.2220789048945847,0.6415094339622641,1,5
0.77759636054712444,0.62863965534440047,0.012493349924707166,-0.62868689509496389,0.77703703672669633,0.03108426436075826,0.0098330056300971608,-0.032025416210709381,0.99943868482104004,-1.2165587783140459,-19.51869248175182,-2.7323721671735739,0.1813886820455468,0.1482232278243537,0.4102564102564102,1,5
0.019854490901446319,-0.97124667238018114,-0.23724607600857917,0.99972133853104661,0.022316400114052573,-0.0076956852612634153,0.012768887059383666,-0.23702717075553512,0.97141910411875754,16.179131680219761,-4.5068587787205443,-0.53803498624195378,0.4872902167267706,0.2648531334732886,0.2765957446808511,1,5
-0.98385268643273005,0.17896296872860545,0.0024793593818694536,-0.17002382088387449,-0.93020293641727314,-0.32529125013244686,-0.055908780447693394,-0.32046022047131884,0.94561062566170695,10.489483176607507,-5.8051400413855383,-1.0936686629492962,,0.237595573418372,0.25,0,3
-0.92300778108306847,0.38401291331200821,0.024304700568726537,-0.37936147697143713,-0.8976253145473414,-0.22439622205785231,-0.064354532475662071,-0.21633972611014229,0.97419485579448029,-11.116591714464279,-30.946851798802019,-4.2933406853174541,,0.609343284830119,0.3888888888888889,0,1
0.60462739962646417,0.79645395539320651,-0.0093168964497567612,-0.79644131696513021,0.60438321569616793,-0.020053857873418703,-0.01034099858756532,0.019545473216955881,0.99975548921970736,-19.532441294884237,-1.2140003175493357,-3.0897366930640424,0.233065116844573,0.235828040070942,0.7883597883597884,1,5
-0.91356843293684553,0.40076787556677956,0.069121836311015025,-0.40147213212332372,-0.86161042319355008,-0.3105601483973498,-0.064906436273060683,-0.31146843910406363,0.9480372176093137,-11.346775151817447,-14.873902102342209,-3.241751724197901,,0.4417581583404571,0.22,0,1
-0.99645623559318108,0.036568895082059592,-0.075747517846769599,-0.02355304389839414,-0.98582885718401081,-0.16609249972948698,-0.080747908149930853,-0.16371982242766644,0.98319662075988945,-7.4239249684810966,15.427071875673965,-2.1082948270935655,0.4761284044544803,0.2344995387003511,0.2391304347826087,1,4
0.10725181093514456,-0.96861064435199573,-0.22425536492834514,0.992064351339638,0.11914596945222948,-0.040156702608068501,0.065615332447503838,-0.21816887406617297,0.9737027115791056,-18.539771042248631,31.07773691360989,-2.8663141128981398,,0.2932280060932121,0.5909090909090909,0,2
-0.12959534847485782,-0.92150395128826224,-0.36610860876767209,0.99077701437758037,-0.10560716272053182,-0.084900147014990865,0.039572129519753405,-0.373734658470738,0.92669113064873587,-14.398021621556767,-6.1638663540170171,-2.9815454333017226,,0.2335402135889594,0.1176470588235294,0,1
0.98988075816582,-0.13059361086597487,-0.055510300071681423,0.13032578669072103,0.99143535787432568,-0.0084332959186977571,0.056136208782802711,0.0011135338315573771,0.99842249879792844,-12.750323103711276,16.506838137306929,-2.3723810058849808,,0.09183652818190954,0.5,0,5
0.71531501792778351,0.69834541817526063,0.025260681712833133,-0.69876582402279186,0.71517887061132868,0.015668637747248509,-0.0071237844384172983,-0.028859312963522243,0.99955809823669073,4.3303280350130136,-23.932630776199705,-2.5660149872991989,,0.1400451461146496,0.1333333333333333,0,4
-0.982084928785805,-0.17675153082617939,-0.065330613056838988,0.18389780989816484,-0.97462779686386292,-0.12760193217561797,-0.041119194622933709,-0.13733009113408004,0.98967148989079512,3.4710208327550944,-3.5647512962450323,-1.5749497280840083,,0.9254205426206771,0.903448275862069,0,1
0.97196416909605921,-0.20988534259071692,-0.10598960778766965,0.21840825458209082,0.97286407223028015,0.076376248231499688,0.087083226420540602,-0.097383981891749322,0.99142971094631582,24.639418033039799,0.18297581324787912,0.46392909773455926,,0.2036104529204513,0.25,0,2
-0.41986265530602124,0.88881227851056543,0.18365207390126151,-0.90727627528777854,-0.40573571900401656,-0.1105815835671953,-0.023772063000758251,-0.21305224686247967,0.97675156981063338,21.515696752822233,11.697155435587765,0.46642166504326249,,0.3890529650952593,0.1,0,2
-0.98078285068240056,0.19500176680599859,-0.0062698285337315276,-0.18619343943043995,-0.94511341505912938,-0.26850071841306472,-0.058283813536577751,-0.26217349907610354,0.96325907909649366,-11.960956233825662,6.4290543248874119,-2.4332946039121071,,0.3660108103470557,0.336734693877551,0,1
-0.079053959077204278,-0.93618833898521203,-0.34249359921366274,0.99596947815486758,-0.059571724373250416,-0.067052279895002287,0.04237062824811496,-0.34641391947106681,0.93712439209453546,4.0228386587394622,-15.282104458795528,-2.1118238443627981,,0.1551630963383804,0.3157894736842105,0,1
-0.32062595695671675,0.94035587529419751,0.11370938187006994,-0.94528903908210304,-0.31002968040708884,-0.10153930203577503,-0.060229795922147701,-0.14004436820651583,0.9883116647175697,-9.0401112646336763,24.560714803360813,-2.1991687919778569,,0.6360774671535518,0.64,0,1
0.10216345974887464,0.97568451202122142,0.19391328086042223,-0.99391796373267183,0.10817310783514225,-0.020631531954446558,-0.041106068428405043,-0.19062610456912654,0.98080170238186337,-2.7343310171689303,24.217563630546532,-1.8732274153367028,,0.555210223645564,0.2903225806451613,0,1
-0.98528257985877465,-0.15499527577417435,-0.072074283309133819,0.16566018405580307,-0.96977602959138764,-0.17914004535156811,-0.0421300515717122,-0.18844340507869214,0.98117997423353132,8.2055042688766289,-4.843324624410589,-1.2767799844727035,,0.08487038728057267,0.2884615384615384,0,1
0.98751875016650592,-0.13995426423537108,-0.072246259362813592,0.14690473910926846,0.98386996929920112,0.10207292069117541,0.056795384467584684,-0.11141224095010906,0.99214998708343205,12.439192771918337,1.7134838503959429,-0.65826223774893911,,0.5400033846212585,0.2772277227722773,0,1
0.32915793125550258,-0.91054717044956579,-0.25011778560887638,0.94380556932806492,0.32559334744557161,0.056745214816008589,0.029767492284798525,-0.25474069656314685,0.96655112328194914,19.336492932750772,13.414036772809338,0.25486284350840221,,0.3298321195422189,0.3125,0,3
-0.5481354422281508,0.83608053834725193,-0.02273478326966814,-0.83415632645720494,-0.54845491477616504,-0.05814146101784623,-0.061079947648717076,-0.012905032151780816,0.99804944774314208,-10.817727251949401,1.4676015183810551,-2.4779411696553142,,0.1575166673724055,0.6405228758169934,0,4
0.85985185716975643,0.50287121748969055,0.088177788258496467,-0.50987546548518059,0.83698847136254273,0.1986889742851039,0.026111174197919099,-0.2158027743719548,0.97608778762741177,3.5351939290254628,-11.912725991625916,-1.9287726205771427,,0.2450447742067739,0.54,0,4
0.91951160817887723,-0.389766569096405,-0.050797874356253811,0.38925657893845889,0.92091262384171257,-0.019981366372216532,0.05456847237575644,-0.0014003084627328649,0.9985090490119688,-5.6945052461271359,-29.07748227006455,-3.7605690506472613,,0.5955893570036994,0.1081081081081081,0,2
-0.82731136011291873,0.5574575217315173,0.069260557989857849,-0.55603690307212339,-0.79512846604104137,-0.2420613246951715,-0.079867864939996217,-0.23877150993402507,0.96778576668276695,-24.384331853963143,7.5988125653452654,-3.15092827381492,0.1702170164529995,0.4536107788872476,0.6923076923076923,1,4
0.6474143086292351,0.76097138186417967,0.042157667936570588,-0.76213335383099712,0.64661722104873753,0.032232288493426277,-0.0027320249715532948,-0.052997409624701695,0.99859091254258148,5.2256792193332577,-1.2796071590152978,-1.3672515033749761,,0.2738369517367577,0.2692307692307692,0,1
0.97645730531702535,-0.21257334970295372,-0.036656539513186655,0.21570236208329704,0.96371701311840752,0.15723234278552017,0.0019031249833440867,-0.16143757190382577,0.98688109136465707,20.686205826290315,18.354300109378233,0.43781520771170168,,0.3372107499494646,0.2727272727272727,0,2
-0.3153685304856178,-0.94597488732057045,-0.075327302740621022,0.94854993376947427,-0.31187495793157738,-0.054653762552120802,0.028208387498557294,-0.088687784807221379,0.99565996389365796,1.878988335866643,-0.33527696038143767,-1.5973693672821525,,0.8302180408955,0.7324988409828466,0,1
0.52649653063947688,0.82414791624119121,0.20876210235552195,-0.85007874383687687,0.5140563239582131,0.11450862445810103,-0.012943434679878796,-0.23775261923661642,0.97123949649137342,-3.4300194616408541,23.190467533732015,-1.879996669473174,,0.4722400421233987,0.125,0,1
0.45521361037944896,-0.85217872067680356,-0.25801549750151848,0.88805215613306965,0.45549238065639774,0.062370338714610028,0.064373417749216122,-0.25752304593883657,0.96412548140668419,20.090909146895406,2.8374355977392245,0.13432224543620497,,0.1170909199111442,0.2352941176470588,0,1
-0.63816532414856353,-0.72934515087904828,-0.2465779186050065,0.76989112068601839,-0.6030623119072791,-0.20876664064422196,0.0035610873599520678,-0.32306578098936084,0.94636981133727482,4.5373831850318149,-19.771230258818665,-2.3389027773021098,,0.7727744159630204,0.3142857142857143,0,1
-0.44627793188188281,-0.87601061886636911,-0.18286990771745604,0.89448305301532749,-0.43046463267138163,-0.12083156825710256,0.027130709235254145,-0.21749849574756561,0.9756835188543147,-6.1348816260759511,-25.934584525648326,-3.6145132573103536,,0.2286316149527176,0.3513513513513514,0,2
-0.80780795083872825,-0.55235656058208726,-0.20578761999610776,0.58929277975403427,-0.76473617476402267,-0.26060046572685547,-0.013428860394639672,-0.3317842868329024,0.94325969526916797,-12.658706745526079,-30.783054853321811,-4.4133264463964439,,0.6123253484583574,0.3333333333333333,0,1
0.9061727314541701,0.419611974549018,0.052695081212219053,-0.4226351442905617,0.89405785513516345,0.14845903974365018,0.01518273952171436,-0.15680032680509576,0.98751361607545962,18.308034039648859,-1.1795075531785724,-0.20901835760637541,,0.3934714806497067,0.375,0,5
-0.95021930832157087,0.31151459754271255,0.0064746900063369266,-0.30688761147058957,-0.93210779878346905,-0.19234096124568223,-0.0538819080838151,-0.18475309730783543,0.98130679861927439,12.781157773027704,17.221018816777981,-0.46366560138792784,,0.3680362070578498,0.4848484848484849,0,4
0.99748526836216989,0.052507756018044832,-0.047603308271589512,-0.052092738846089261,0.9985929983574775,0.009918174778462175,0.048057111440073699,-0.0074134465245554596,0.99881707777283424,-20.079052388368684,-3.9015167939680451,-3.2239538583306011,,0.1282475879929921,0.4375,0,2
-0.25232856835754852,0.96759987990741225,0.0089869902521389055,-0.96591766549633418,-0.25131400822160777,-0.062002683439523421,-0.057735232507906575,-0.024325740990805533,0.99803552103745619,4.1047563265039164,-14.006691855048865,-2.0168671273998999,,0.7947066489654764,0.4550898203592814,1,1
-0.3874315173653608,0.89794743528560994,0.2087755321295349,-0.91978276678557602,-0.36116615648294964,-0.15348833615491653,-0.062421801289656138,-0.25149435555361827,0.96584372848221434,-16.510598586562569,5.8995244803943345,-2.7355810552187658,,0.5177232322443294,0.15,0,1
-0.74527784840839717,0.66439250102080472,0.056067220896631902,-0.66321777130210113,-0.73005039565818119,-0.16482902544275393,-0.068579271655692303,-0.16002819872339535,0.98472730190267455,-12.638226615336785,12.160336293508005,-2.4184101755539817,,0.2426884587133989,0.2142857142857143,0,1
0.32989722194775095,-0.88905821925979134,-0.31740085966765025,0.94130942376746574,0.33524631666373683,0.039325257659128275,0.071445025563126374,-0.31174571357118036,0.94747570860274699,-7.0881612206120472,-27.252972781726804,-3.7780992478990245,,0.3193306732761637,0.1764705882352941,0,2
0.75981103345717005,-0.63042068343017821,-0.15892436987502936,0.64362567930985415,0.76390172753808883,0.04690560304753473,0.091832338365505611,-0.13792720024618538,0.98617590168416314,22.405686807851417,11.382122422576058,0.56922301124057828,,0.4155239551022786,0.8333333333333334,0,2
0.95603103615838936,0.28964743721044361,-0.045924067974631867,-0.29114918210275781,0.9562012062748011,-0.030189516052935208,0.035168333239032713,0.042232869142853492,0.99848864445278041,-11.008832850370018,2.2962568734665973,-2.452043389440413,,0.119462169253999,0.5632183908045977,0,3
-0.31645702035272033,-0.93282852542765271,-0.17229595589551466,0.94816306026443553,-0.31660293543675877,-0.027375032836651707,-0.029013193885854858,-0.17202768213662201,0.98466477095468541,-4.9830321027671127,-3.2825198906787212,-2.1778839806344896,,0.3113598495696317,0.1941747572815534,0,2
0.81735104062846631,-0.55068143097823896,-0.16937307330069734,0.5726642111469521,0.80876385513326798,0.13400271602252589,0.063190012304186374,-0.20652115679933103,0.97639952588029422,16.009452067922666,22.683552306642945,-0.10381140816641614,,0.504733605244287,0.1875,0,3
0.89865455994421195,-0.38831160706777368,-0.20404430329690637,0.41882987541035643,0.89782434218318286,0.13598891883930045,0.13038986676587291,-0.2076669121448568,0.96947044114041958,17.037198257742901,18.801225712487192,0.03623228609834056,,0.5107876256707319,0.3846153846153846,0,2
-0.86303654051556444,-0.46846608791649547,-0.18896416117121473,0.50473907253346861,-0.8146677720686526,-0.28557816760171251,-0.020159325211439726,-0.34184198926537979,0.93954119440400641,-5.9582099172418008,-31.814409814688396,-3.9611158996801934,,0.413627087161169,0.6666666666666666,0,1
-0.38090870875787392,0.9208173066382187,0.083690163029751921,-0.91946535219848657,-0.36769585977804065,-0.13922363595525122,-0.097427007030505247,-0.12998170062599063,0.98671816432224091,-7.9588915472647805,13.334243218749664,-2.1329954701166174,,0.3838705702240681,0.29,0,2
-0.93281045782962202,0.3584848964980264,0.036786257576577809,-0.35649103572371083,-0.90302398740020584,-0.23971195136761322,-0.05271424107702645,-0.23671978616632877,0.97014687116180542,-8.2926913395441808,-25.839045501189066,-3.7774549957477124,,0.2047903360043075,0.375,0,2
-0.98370023179629229,-0.15574097770459525,-0.089881042648256734,0.1761769415909373,-0.93480594346246892,-0.30838212224269251,-0.035993599647499083,-0.31919053233274358,0.94700679240096008,9.1171307392535592,15.382846325272313,-0.84433415584745319,,0.5369560175486345,0.4639175257731959,0,3
0.99656566877150621,-0.046644239471181015,-0.068419169464094112,0.063319923043547152,0.96171014540048194,0.26665367722861599,0.05336155143697157,-0.27007019672288696,0.96136082386911348,-14.66094305661308,17.108435458832087,-2.4909898319743138,,0.6402458605919371,0.1904761904761905,0,1
-0.76237085514059433,0.63299919111820446,0.13454628674139549,-0.64426587769239085,-0.72282493984326635,-0.24989114666556511,-0.060927482086919317,-0.27719330869318781,0.95888044694960317,6.3185107912766565,-14.505962175926694,-1.8879822181475114,,0.302896558592109,0.2758620689655172,0,2
-0.6719587739832974,-0.71192354271315461,-0.20404968855064598,0.74058839350603289,-0.64576869228105716,-0.1857730536804707,0.00048730998113403605,-0.27594866442939153,0.96117225153903485,-10.099244033578405,-27.299507191109054,-4.030301424362456,,0.1127597852931383,0.2,0,1
0.99636976450737025,-0.051998084846608748,-0.067405426694092802,0.06623004905517664,0.97093592606640899,0.22999349572480013,0.053487129084264153,-0.23362282989008079,0.97085503571669929,17.713294970753317,4.8996541442476431,-0.086080082981583553,,0.6543092166664892,0.4473684210526316,0,1
-0.52235395308770682,-0.83266202378229381,-0.18390296855793759,0.85262611847453973,-0.50665415226301913,-0.12778995300759202,0.013230638256971263,-0.22355206137590747,0.97460218862154024,-27.718476752407437,7.3096324734483975,-3.3019757202907773,,0.103137448440307,0.3,0,2
0.52885339099178708,-0.78266401626154547,-0.32825467016607107,0.84613159321756326,0.51635695932581227,0.13204854226726587,0.066146940939069226,-0.3475809664022893,0.93531387993510207,15.156830125531645,-7.6872472622648811,-0.78449466670419277,,0.3410262574099114,0.3333333333333333,0,1
-0.74640768015642955,-0.6523684207791991,-0.13149531768679962,0.6654603625193839,-0.73349254244025119,-0.13838784664885673,-0.0061709739157305484,-0.19079867335647591,0.98160979280279248,-1.938736773650009,-16.087459277607671,-2.5967624419709057,,0.137946744513915,0.1428571428571428,0,2
0.89906814926717293,0.43362394350374656,0.060388232244049739,-0.43718547030128846,0.89656404610925056,0.071005463040892849,-0.023352248944008822,-0.090239607958312387,0.9956462653095165,23.930612972385038,21.791568580850107,0.82391955287194873,,0.2133999700715385,0.2352941176470588,0,2
-0.54340409131763578,-0.81392791563702116,-0.20550752221276181,0.83939123941689942,-0.52343920258961474,-0.1464026925384557,0.011590544828257355,-0.25205703588498085,0.96764296614581014,-0.33464308314690822,29.622656329715856,-1.7473157805299993,,0.64743507945853,0.3714285714285714,0,1
-0.95903141194577468,-0.25776572664378011,-0.11753969997025522,0.28152086572139406,-0.91353578403791325,-0.29359559507205019,-0.031697840064748142,-0.3146572761752674,0.94867594334693151,14.135918304958283,-10.085708777680235,-0.95931065296525908,,0.1996080047474464,0.3043478260869565,0,2
-0.39670154720207629,0.91358258767547829,0.089413298472076227,-0.91580342070507692,-0.38723906050525309,-0.10653640055816337,-0.062705478806555554,-0.1241481595320149,0.99028039332931073,2.6299994727316074,-7.8685275310992679,-1.800075586885773,,0.4813814973175715,0.3439490445859872,0,1
0.32582048381677398,-0.92141946188693769,-0.21172431976839431,0.94065406851439881,0.33842572135671306,-0.025257761411030366,0.094925948574198518,-0.19092984675051319,0.97700299790078105,8.7974650201682696,22.424627606709773,-0.89510793699635716,,0.2760814483469552,0.3076923076923077,0,2
0.089538463878928568,-0.9820465498879416,-0.16603444624351982,0.9946849818665523,0.096679781003109255,-0.035423252170382995,0.050839456481531174,-0.16198022656602662,0.98548351374656706,-1.7345873284999913,0.73917245266937037,-1.8274475547089555,,0.2402942080325583,0.3184165232358003,0,1
0.22848563369289163,0.93804520725444418,0.26051008491596939,-0.97296287112472635,0.22929176348411748,0.027722528944405016,-0.033727831366508088,-0.25980083977021967,0.96507303197530159,1.4290032184224197,14.727734730454966,-1.5105386164668495,,0.4109386778099635,0.2580645161290323,0,2
0.986687741430198,-0.14615756946659866,-0.071311049627613393,0.15230804689683572,0.98421045517339678,0.090177817548700051,0.057004909980165636,-0.099838593815176457,0.99336936505167195,-25.216204755935067,-4.0210072425923213,-3.526055611185992,,0.3690410237153182,0.2941176470588235,0,1
-0.87735584162860136,-0.47035806982253647,-0.094921089927304428,0.47933265510214684,-0.86820543337808365,-0.12829470451075051,-0.022066556434926131,-0.15805888651256664,0.98718309116471015,10.955110170975136,15.07806081870355,-0.66459926101009881,,0.1825086917736297,0.3513513513513514,0,1
-0.17274414166537383,-0.90976831986572104,-0.37746664182281725,0.98426828982742354,-0.14501322060528643,-0.10093116213479393,0.037086320395677351,-0.38896371298410881,0.92050629265699402,13.091261253414222,6.1489893637765096,-0.46535689631381227,,0.406050471884816,0.4285714285714285,0,1
-0.56844915722719191,-0.78037495032504867,-0.26053885037144242,0.82266302529337998,-0.53548211920705557,-0.19100902288809279,0.0095447610152615703,-0.32291459693655589,0.94637997687105724,13.873020469245086,14.554202695254325,-0.33064037884823527,,0.6227911867522151,0.4864864864864865,0,1
0.53380248721869505,0.82162102341006327,0.19998449572338137,-0.8455188328797334,0.52206144500380047,0.1120256706573861,-0.012361548641984549,-0.22889023904733052,0.97337374660714338,-14.006176068357778,23.974493610851876,-2.4937781642853021,,0.1628946171592727,0.2857142857142857,0,1
0.85801091660342943,-0.50435434496583775,-0.097180047866951141,0.50922798789461321,0.86001240527890699,0.032642290225895855,0.067112765806109531,-0.07749424159554584,0.99473138041653453,-2.0620587536199073,-36.910413160196903,-4.0359187490759592,,0.4466603724079893,0.2,0,1
-0.48405368197894078,0.86929973010532613,0.10005004848294055,-0.87261232085827345,-0.4710378791792319,-0.12911643530035097,-0.065113519709573228,-0.14980419091981212,0.98656927477693734,18.850977254953502,10.277780589584498,0.20819041694496268,,0.1362448036743383,0.5,0,1
-0.74380160829265107,0.65640300129216378,0.12607246882609371,-0.66487271399087122,-0.7072422236413235,-0.24031793792659303,-0.068581642526841596,-0.2625710132393077,0.96247234833776085,20.028331098596556,5.3252951533202282,0.19761604326859117,,0.6594798070761099,0.28,0,1
-0.55987454271029846,0.79553512542385141,0.23165569417087975,-0.82588243736836575,-0.5132682972421837,-0.23339634678502888,-0.066773468319553123,-0.3219930422586289,0.9443843416033596,-6.2357312169133241,23.261154033553403,-2.0242674197766757,,0.6055070104261868,0.3333333333333333,1,1
-0.088873054690133749,0.99105435269833386,0.099563297191946551,-0.9947462297298727,-0.083213867628907159,-0.05962709679703241,-0.050808646786235652,-0.10433945673582012,0.993243051412808,7.5479723749595129,18.37037487109966,-1.0095551988990334,,0.1214976792809344,0.1875,0,1
-0.72384691546210178,-0.67443842441906754,-0.14552819191871305,0.68994596513646456,-0.70892160297059936,-0.14630354074153773,-0.0044953495877735226,-0.20630795551486683,0.97847678527564552,-20.040487559936651,-31.514648442702288,-4.9653521052465157,,0.1881561932747806,0.7,0,1
-0.020975988631516899,0.99144665734936488,0.12881589005903912,-0.99864832333373244,-0.01464899327204233,-0.049869161802071155,-0.04755559066667106,-0.12968782759722533,0.99041381915311388,3.1712311237449424,-29.801266783500967,-3.0662908996040188,,0.7885453264261042,0.5238095238095238,0,1
-0.95186239719112531,0.30556562473657284,-0.024240994057879901,-0.30016365068658818,-0.94521561279287469,-0.12833249058243829,-0.062126963711950436,-0.11487860685062198,0.99143489250076111,25.708347319537076,15.266370617695129,0.94569480118271698,,0.3173782130189616,0.2666666666666667,0,1
