axis_00,axis_01,axis_02,axis_10,axis_11,axis_12,axis_20,axis_21,axis_22,location_x,location_y,location_z,dbh,dbh_approximation,score,reconstructed,number_clusters
-0.60562519136785908,0.78617736286746898,0.12305804197774434,-0.79434996326024754,-0.60645640845651561,-0.034910750643147172,0.047183296293160745,-0.11889398116295069,0.99178523773755367,-11.80603064577039,-10.784691125077629,-0.88293987968225762,,0.1472677815956625,0.35,0,4
0.86066109185635531,0.49070478004488904,0.13590917484013226,-0.5089622954159948,0.83685672940680655,0.20156437257468743,-0.014827906443942853,-0.24265125857419878,0.97000025768184683,-15.287522728961127,-28.178990309257774,-0.012429010882799251,,0.4629894189053916,0.28,0,4
-0.95888959022128739,-0.28357427621593539,-0.010788124668337945,0.28363368016568608,-0.95648620437901366,-0.068454921724424203,0.0090933624650359549,-0.068700587342730338,0.99759588013275347,10.928616949840448,-0.78077028228539602,-1.4811095471847904,0.5009471352905356,0.5158597846932403,0.7027027027027027,1,4
0.47557237989811424,-0.87820615991681783,-0.050841441385950745,0.87820797182047738,0.47064651309593447,0.085103571849854828,-0.050810133920396926,-0.085122267326451076,0.99507413286458024,-3.0314956078956583,5.3529093958002001,-1.5349996783412587,0.1877164113718783,0.112385784205007,0.2695652173913043,1,4
-0.70328635884233814,-0.70327452924178901,-0.10389049035414255,0.71072774113787496,-0.69883951030627423,-0.080556916599006503,-0.015949151806231347,-0.13049243408958722,0.99132101218628199,6.6934762226020794,10.900356912249199,-1.7273192441590386,0.2844650284852179,0.3275974553813986,0.3076923076923077,1,5
-0.98637067397245182,0.1640167524099978,0.013091923311970883,-0.16438556332374255,-0.98575888553431801,-0.035451462041410781,0.0070908460612906805,-0.03712040569572473,0.99928564253826735,0.82786320277546932,-9.2206677725942434,-1.1192765029687584,,0.1352940552671242,0.1282051282051282,0,2
-0.32143244665838666,-0.91972464404696241,-0.22536140168159227,0.94606673368410787,-0.32208606731976391,-0.034904163860096704,-0.040483547911309349,-0.22442625597549229,0.97364980253545774,5.2239163135508537,0.67579816967069506,-1.4562908666310501,,0.1389814003874406,0.1578947368421053,0,1
-0.70977911861853371,-0.70293088506548185,-0.045845104364128038,0.70245706143278797,-0.71115686286459145,0.028460380247063471,-0.052608740873661519,-0.012003633685395801,0.99854305523699716,10.027875602422261,1.6107752952105583,-1.5225717009389985,0.481186010329957,0.3974106796050691,0.8785714285714286,1,7
-0.22881957671228695,0.96527764782000181,0.12601850630877864,-0.97171792162277537,-0.23424685733670145,0.029877928726646397,0.058359935832087532,-0.11561778603210179,0.9915778564705402,9.0549249666920186,4.662857193665662,-1.5849260717014615,0.6024260050053861,0.5465623589426158,0.1379310344827586,1,4
0.2588416552198356,-0.96443052938554585,-0.053616709262818946,0.96515386249639445,0.25602758667983921,0.054110041278774855,-0.038458019077288415,-0.065754306687967515,0.99709445486405035,1.2238772867068783,13.156701132755407,-1.7787121419445147,,0.1202937350079753,0.2608695652173913,0,3
0.066200091187545496,0.9827863360313569,0.17247772504535849,-0.99722634327982496,0.059272644008927879,0.045015263421871073,0.034017175007783736,-0.17497934558756517,0.98398427854424486,-13.502419849164584,8.0651928955539542,-1.6062789629620882,0.3382566687766415,0.2487851405481933,0.3174603174603174,1,5
-0.32301311763914542,0.9379026900582883,0.1264953351490378,-0.94635299731297451,-0.32135230703322376,-0.033892465846783494,0.0088617328886772557,-0.13065695062204891,0.9913880324798956,-14.704565049110316,2.0649530998361088,-1.3080115544170268,,0.1943597666500316,0.4651162790697674,0,3
0.57519348426695693,0.81647670932700533,0.050182056388531834,-0.81642785937789986,0.56917209480090813,0.097409840014064233,0.050970639474675276,-0.096999534156046605,0.99397841238381612,-12.379180698874324,16.486668912339315,-1.8601824561925411,,0.07486210821086327,0.5,0,2
0.91952310676298377,0.38998736555089275,0.048858068316542685,-0.39294192205700762,0.90945361670519609,0.13598075213787605,0.0085966283561699133,-0.14423582693808196,0.98950600008711054,-4.1930425497453516,15.380466863964687,-1.8202580937868345,,0.09211723835665453,0.5454545454545454,0,4
-0.58799621058107021,-0.80884830844906086,-0.0049870092635113826,0.8083628175465436,-0.58783788039043539,0.031562344435953467,-0.028460701862657607,0.014527226066012399,0.999489343691223,-3.3437408430486277,-9.0659821599625676,-1.0747648942936205,0.4064000115243798,0.3515121867877808,0.9701897018970189,1,5
-0.31461806946386495,-0.94890474266445513,-0.024397944908023293,0.94834107049954219,-0.3153282568421949,0.034889890235515836,-0.040800543753902144,-0.012160583282359522,0.99909330687559872,-10.168838149019155,-11.76566321714809,-0.90783069236578706,,0.08348119697976429,0.3461538461538461,0,5
-0.032947851091362459,-0.99388686255624126,-0.10537240410359135,0.99360254995190311,-0.043967043250409212,0.10402341965581874,-0.10802042324271524,-0.10127094127105669,0.98897714059352082,13.166768175071356,-4.0525094915293982,-1.447914499022235,,0.4555338808661571,0.125,0,3
0.9138293961653714,-0.40305013340612944,-0.049663111716183116,0.40507184891702136,0.8959881616937958,0.18199453651008002,-0.028855362048997923,-0.1864290858902499,0.98204458351703527,-5.0578354756632233,-14.400239165275872,-0.86418883452775153,0.3182115395702457,0.2094267476826819,0.2972972972972973,1,5
0.78752500126393177,-0.60109936193298574,-0.13595561580163559,0.61596783329181037,0.77478136049697066,0.14246919588548315,0.019697734236125163,-0.19594233975897368,0.98041756346759834,-21.164074260588016,5.5995496432540843,-1.3286308695508133,,0.3568665037963458,0.8656716417910447,0,2
0.80183916785561304,0.58126997714391815,0.13848885357214538,-0.59752974911990808,0.7786414063138789,0.1915091624185262,0.0034853707576555353,-0.23631075736126425,0.97167128091038457,-7.0678847952751811,-23.104942983233478,-0.54511028357400426,,0.4122259291197448,0.2592592592592592,0,6
-0.75927781619664048,0.64953800976783593,0.039969634705610074,-0.64894281124812336,-0.76031551283865362,0.02816999585159775,0.048687016349784555,-0.0045491541779495714,0.99880372427981146,5.0047434714172834,-3.9158476135488569,-1.3214327768745577,0.4679075312050875,0.4273781014582673,0.9773584905660377,1,5
-0.94738800086554442,-0.3188704008727587,-0.027886255812358186,0.3184648665889136,-0.93024055506623526,-0.18229821298786023,0.032188578168219455,-0.18158793230087716,0.98284775946135172,0.59512434754294907,16.069044846250943,-1.8541643531166274,0.6517639967244925,0.3159882477347142,0.1,1,5
-0.75571032242337621,0.64693285224457109,0.10188127045468655,-0.65314877070085586,-0.75589536589374007,-0.044931939111619489,0.047943632681704998,-0.10049915674806935,0.99378132784743389,6.9357083576102001,18.956588660841462,-1.9655464010261794,,0.1414057614442524,0.25,0,1
-0.93868028430237493,0.34333983999998413,0.031576543997059073,-0.34288140499306446,-0.93918432939737406,0.019108572013308334,0.036216929356242052,0.0071098300395277501,0.99931866006035042,-1.2596320266109942,-2.2298678505783474,-1.3083200193496236,0.3820379406804199,0.3576055785865906,0.9689366786140979,1,5
-0.41132755337523541,-0.90961982438807198,-0.05832168477124744,0.9101995278240681,-0.413305046121064,0.026753661426239944,-0.048440307422512888,-0.042079851842408846,0.99793928807605037,-16.766282068192673,-6.7193802027316982,-0.92255834862875263,0.5807643432493917,0.5611480313374613,0.875,1,4
0.28718693344752488,0.95176256292689476,0.10803559167161429,-0.95773604020180658,0.28339517090862382,0.049283409015977254,0.01628933870882953,-0.11762313087356972,0.99292469831701158,-4.2628709356698105,10.961314645944126,-1.7051942927956738,0.298759013034809,0.1502863771512589,0.3253012048192771,1,5
0.81693660960227377,-0.57650107502762193,-0.016158167703653418,0.5742378107669146,0.81049021917604924,0.11557050361394856,-0.053530482691307564,-0.10369240624055701,0.99316784699811944,-2.876305689716891,-20.037437211453724,-0.68036317412036629,,0.1401806005785857,0.5769230769230769,0,4
0.99456612981688963,-0.10265429876505383,0.017329407552175616,0.10078077166354943,0.99109876557997112,0.086985475389617775,-0.026104587412059538,-0.084766336542954041,0.99605884299329062,-4.8281085351119692,-10.056913863296844,-1.0248640216879601,,0.07069933356793802,0.3529411764705883,0,5
0.26849428035020428,0.95328245061934602,0.13843189935994252,-0.96183774479043971,0.25744462113016875,0.092684517302439692,0.052715975905490778,-0.15803428866014882,0.98602545073239034,11.535235445527952,4.320840842762089,-1.606310198035382,,0.1891313125188996,0.3333333333333333,0,5
0.14112046299376133,-0.98977041792227727,-0.020965083600772327,0.98862263827615149,0.13977996907317733,0.055559331653686247,-0.052060484173018923,-0.028567114867667758,0.99823525580687067,6.9455833292677926,9.0621996316286992,-1.6858521753861677,,0.07459366783757918,0.4545454545454545,0,1
-0.7526789437632101,0.64875608952033792,0.1122049193474919,-0.65643685376265493,-0.7525800983028923,-0.052094650978729042,0.050646467178716487,-0.1128659911075429,0.99231859975192782,-1.33695282551226,7.2700210366062716,-1.6053873756376142,0.5169265580724505,0.392639870387141,0.2977099236641221,1,5
-0.66539806513891819,-0.74333079555387627,-0.068591131282580375,0.7463656351696718,-0.664142477680844,-0.043047740680796552,-0.013555572549891533,-0.079837946624333411,0.9967156809901474,-11.503393916011282,3.4936895763184443,-1.4146492684593692,,0.2599006491845196,0.75,0,5
0.97765175430108997,-0.20953777548820185,-0.017057782841203042,0.20886838481681769,0.95888996898495082,0.19210420402493739,-0.023896550713763839,-0.19137384362419257,0.98122627708418431,-16.416204656345919,-0.54874013859923509,-1.1559061269314721,,0.1147617114672058,0.3214285714285715,0,2
-0.59718308364898254,-0.78033050527016024,-0.18562507144324322,0.79993067480162483,-0.59642490560889905,-0.066243848626373031,-0.059019319844523771,-0.18804689445516712,0.98038517194562735,-14.218555157068748,18.583756919471355,-1.8945041845996911,,0.4198517602627952,0.2307692307692308,0,2
0.9931885261078276,0.10470867307760054,0.051114042983209977,-0.11154261090626165,0.98123522207569247,0.1572758243032982,-0.033686756447832318,-0.16190593794050845,0.98623104275804929,-8.6263641619604172,16.02475366364239,-1.8513227794228295,,0.2879352345145146,0.3333333333333333,0,4
0.22414173905718054,-0.96862260836760339,-0.10738120585820833,0.97300024724440382,0.2161966696725503,0.080805438460710866,-0.055054515480134458,-0.12259381135130058,0.99092873494697353,-13.772538249282666,0.37588842400633538,-1.2435951940071515,,0.5453939070806593,0.2983870967741936,0,4
-0.7912280707359991,-0.59376587918085033,-0.14628814306012436,0.61135566001053243,-0.77361242420970822,-0.16663755303491529,-0.014226631803557337,-0.22128239385222134,0.97510599686318999,14.56071647749387,15.269073722068798,-1.9372655589196486,,0.5945033788788112,0.2272727272727273,0,1
0.68065727615202076,0.72864338823568853,0.076055803208752326,-0.73223346987220805,0.6733463654976154,0.10217053229801359,0.023233984165853202,-0.12523372090443047,0.9918551795137297,-11.196363901887157,12.346614399765965,-1.770879182945978,,0.08730768967173884,0.4423076923076923,0,5
0.9952300000253258,0.086687698849791009,0.044749189017424064,-0.096129116506554327,0.94959016641405858,0.29839187121868699,-0.01662648517451876,-0.30127024200516073,0.95339383324672944,-22.691550050222972,-28.453727000851774,0.25329011323173628,,0.3651677755366635,0.4,0,4
-0.43931625625382659,-0.89689985862956434,-0.05071361337342227,0.89813488471512115,-0.43970314787450704,-0.0038562426019481217,-0.018840271995855924,-0.0472417753637202,0.99870579191852349,-10.053193140903399,18.641698537453568,-1.9104072551569524,0.2850003119613456,0.2763194676279568,0.5254237288135594,1,5
0.98204016908429881,0.18632903592368108,0.029641131500552018,-0.18806275381765084,0.97932845673903601,0.074486068815982895,-0.015149486176207377,-0.078722704430737506,0.99678143485706394,-9.8255672476083369,-0.78823692538835799,-1.2670522712533721,,0.09223243022226127,0.3385826771653543,0,5
0.84811409336680532,-0.52723560225014732,-0.052202532050908475,0.52704883283259407,0.82953016149135517,0.18465979255356754,-0.054055642095919718,-0.18412585613120866,0.98141512962739019,1.212197004558031,-33.728754746996273,-0.12042756531460787,0.519091071418992,0.5467220523969536,0.9285714285714286,1,5
-0.25798741562162597,-0.95852799472707517,-0.12110564274784054,0.96520276994885013,-0.26124632426403255,0.01157458170303763,-0.042732964605123776,-0.11390540541618341,0.99257213962161617,-11.496291423437548,10.096531292668207,-1.6980690389692243,,0.1222137076426541,0.2352941176470588,0,1
-0.99509299198356294,0.093831113691097701,0.031395213149270219,-0.095704326126895126,-0.99330351679799644,-0.064720981739534431,0.025112133835991087,-0.067408053081368061,0.99740941198385646,-28.322530246311214,14.674551095360835,-1.5549114732153959,,0.1343936353614594,0.25,0,1
0.84737421116115841,-0.52849658336855765,-0.051461710297702128,0.53005895422673266,0.83614105918920001,0.14108732821208408,-0.031534921960676345,-0.14683150379166934,0.98865871674264316,1.2620606082202031,7.9664880220976331,-1.6431658303947978,0.6464376380772603,0.37753648066131,0.6706349206349206,1,7
0.9361135108674703,-0.35168616857505075,-0.002886798292255062,0.349794232225633,0.9301619520112161,0.11154702206856776,-0.036544354872664594,-0.10543045984764775,0.99375496389364271,-16.923294508818014,-10.256228051518612,-0.78284920841439709,,0.1023082078827998,0.3809523809523809,0,1
-0.87080774117409143,-0.49072995318415341,-0.029630912222823106,0.49162125624970582,-0.86902963106114506,-0.055642077074756463,0.0015550931609591341,-0.063020737742512378,0.99801100610146187,-8.4191170613503736,-0.84491582667011844,-1.2899351340249898,0.2780783001796218,0.1296183277272825,0.27,1,5
-0.9789142937227634,-0.20412590050562784,0.0077085853455162862,0.20418461620003822,-0.97890132670366015,0.007799684933181966,0.0059538267110883277,0.0092091976078454013,0.99993986950561853,2.2645587764838382,-15.258126842660975,-0.97116891475112543,,0.1164758508317203,0.3214285714285715,1,5
-0.91182440787979846,-0.4039887802623866,-0.073275607242543409,0.41038065454883804,-0.90231521059734643,-0.1319658254880165,-0.012804982105481266,-0.15040055234863794,0.98854221269832587,5.261674363239325,-5.2240075061928115,-1.2927895678925219,,0.2316752068775754,0.3939393939393939,0,4
-0.044111566036026464,-0.97657725899243464,-0.21059683511551924,0.99752660098097079,-0.054603009333874929,0.044262757562503557,-0.05472522340933357,-0.20812344555697876,0.97657041801003308,-1.5295801134152969,19.43930387189252,-1.9484491900568108,,0.261475903350499,0.3846153846153846,0,3
0.15907856671662207,0.96075259285959247,0.22726298626251543,-0.98542168590601353,0.14045361947681531,0.096004592192317953,0.060316751881517187,-0.23922214799101074,0.96908960027080648,10.106923249198832,11.969198480695326,-1.7895616414298405,,0.4105344142221182,0.3461538461538461,0,2
0.12448164021542389,-0.99081004081984236,-0.052912987629296873,0.99016226064489621,0.12061220245947525,0.070932321352552369,-0.063898504238088183,-0.061222215154753325,0.99607671467998804,-6.1987305218318252,20.309808542565314,-1.9667705937524096,,0.09969119926544499,0.25,0,3
0.99349903002949325,-0.11099421584291042,0.025297457972593421,0.10819850567736124,0.98974090871628784,0.093306039368547922,-0.035394359715126382,-0.089962312458475552,0.99531604108317351,-5.5580526977837081,15.462278799180948,-1.8219860962137089,0.8265073507932856,0.882915009444409,0.8322147651006712,1,5
0.89163359491566752,-0.45253687771236423,0.014138837579831434,0.45058466995778496,0.8899772967842583,0.070098975795791066,-0.044305616086431944,-0.056131858324212455,0.99743983621282784,-3.0646077204458284,-3.4963695271359505,-1.2594762534557367,,0.07827478690470754,0.4661016949152542,0,5
0.9858013956327305,-0.16790673286699864,0.0017138922051101516,0.16654004529981475,0.9789792777171018,0.11774543350821522,-0.021448116003416541,-0.11578818099630142,0.99304233316685531,-15.769748362929882,22.302518206537968,-1.9612906531511476,,0.5815869474617131,0.8666666666666667,0,3
0.97916294041739715,-0.19846398019669428,0.043034691559753147,0.19292731268402633,0.97525599655632955,0.10795736751811472,-0.063395489852803674,-0.097405286023949669,0.99322365161171844,-0.54730719220226964,15.030931846817648,-1.8148039094828974,,0.08261345277105632,0.3225806451612903,0,7
0.87700734086511534,-0.47556219504817204,-0.068547229773815138,0.47866005955416002,0.85235882987406142,0.21063943724604253,-0.041745316579322116,-0.21754315382628309,0.97515757945421655,-13.654391159688943,6.8341450047138039,-1.5466373340000217,,0.6680977032007118,0.6666666666666666,0,1
0.36842152870517325,0.91450037006665463,0.16719644234998962,-0.92837080352489587,0.35244819570849639,0.1179318468623438,0.048920633163124026,-0.198668926835013,0.97884494643489983,-14.986327478833124,10.921080062975122,-1.7059785729466106,,0.223252741004612,0.3548387096774194,0,5
-0.40046311723049988,-0.90267613318708706,-0.15749631840915701,0.91554726382788387,-0.40119852818063101,-0.028512254961164378,-0.037449959082833634,-0.1556134298834875,0.98710787708567616,-8.031865621087654,4.0293986678864364,-1.4869415592317006,,0.07908666717944082,0.2116182572614108,0,5
-0.54751218651016742,0.83584801080752491,0.039856096797837672,-0.83509306925878324,-0.54881533715931619,0.037700018231439918,0.053385122448116142,-0.012642330790212569,0.99849396601751661,8.4457260129565075,8.2948301769006783,-1.6756604476623076,0.5452601099788894,0.4912535373202183,0.9152542372881356,1,5
-0.97938291375065289,0.20022287021155577,0.026831147898059626,-0.19986911993554832,-0.97970311135128374,0.015301911802259196,0.029350351777627882,0.0096237130496064169,0.99952285666595364,-6.9992568336378174,-4.2075534376037043,-1.1951132602576247,0.3220385931397014,0.2885027704601709,0.8235294117647058,1,5
-0.15589675165977226,-0.98775367407016323,0.0062355579401448917,0.98672879751017617,-0.15543855058705464,0.046958887928886875,-0.045414567993689356,0.013473542677752942,0.99887736017073558,-3.5140239825743267,4.4307481388939021,-1.5170635517329361,,0.06558273236798939,0.2541254125412541,0,5
0.52889433857985857,0.84714193953812178,0.051198758713104323,-0.84817956861367105,0.52552775866172152,0.066422844431072492,0.029363208348217703,-0.078556407450801169,0.99647714115473962,-4.8101007233116988,-15.59532388151451,-0.83137983142463256,0.1826367683403473,0.1821704359984445,0.88,1,5
0.72892344348622817,0.64627732165387164,0.2258234643523071,-0.6841673290684217,0.69935520818781272,0.2069235574214878,-0.024200813448350549,-0.30533246846098705,0.95193823556571078,-12.726611869518175,-22.927230654353526,-0.36261010667054594,,0.1667235868516415,0.3333333333333333,0,2
0.9606420374925434,0.27711293051894109,0.01937264931237815,-0.27778908107140293,0.95822225115277038,0.06814208562425976,0.00031974940411108203,-0.070841662423484275,0.9974875220399485,0.74916493607678691,-26.507693689280792,-0.43103136349804266,0.4433715961510243,0.410601048721953,0.8,1,5
-0.78491844386065823,-0.61958645590555583,0.0039572902033765036,0.61938302048879001,-0.78446005661387752,0.031418044298367129,-0.016361858621330803,0.027111680798937624,0.99949849742093688,-2.0260929263743206,13.286926070822997,-1.7589027589863631,,0.06290072440335931,0.5357142857142857,0,3
0.66144482729437115,0.74916687529913462,0.035209848054921125,-0.74959341655219469,0.65882889913435572,0.063672533537009385,0.02450408755958907,-0.068508938248554183,0.99734952502767449,-5.4290508879880051,-8.046722673616495,-1.0778745250840109,,0.06976350194011048,0.2592592592592592,0,5
0.98407391016711254,-0.17728812705248198,0.012940607969983652,0.17539847544322337,0.98025169614957597,0.091334478747473996,-0.028877571584237573,-0.087610114724858218,0.99573618677704712,18.795964916232602,0.0048150697232018785,-1.6040247869093891,0.4387715011499294,0.4154587776713465,0.84,1,5
0.66111735935199756,0.72605096566500105,0.18913971666564938,-0.74972247245889923,0.62954964283604387,0.20392023316759403,0.028983641136993702,-0.27661750208894953,0.96054292256229401,4.4206601962565557,11.710083767228262,-1.7457859414099159,,0.3076065953092492,0.2666666666666667,0,2
0.31555336449748156,-0.94872093805974178,-0.018832308444874386,0.94730215672540452,0.31380330387380956,0.064390296949765891,-0.05517878231455501,-0.0381584612494381,0.99774707908234839,-10.781964904048756,2.6136807008935654,-1.4020926883677904,0.7536474825098916,0.6298659429389157,0.5337837837837838,1,5
0.97410127655802603,0.22390292733315295,0.031530653968300883,-0.22597169030415779,0.9688990251080507,0.10085372737658786,-0.0079685750988282497,-0.10536677975678183,0.9944015001671006,1.5630594382248499,-6.715968127631009,-1.2073845237725576,,0.08328832213303623,0.2131147540983606,0,5
-0.96797247772848649,-0.25103763251328581,-0.0030642164250923153,0.25104776802644302,-0.96796817318207184,-0.0035544163381422407,-0.0020737717127373308,-0.004209841883979549,0.99998898829046923,-10.915029807422448,-8.3749274666279714,-0.98366058700008152,0.2469789861553564,0.1630461997666359,0.2222222222222222,1,4
0.81358620097045975,-0.58144089505699215,0.0019947796314014762,0.5795412844371034,0.81119595152100532,0.07805784950229322,-0.047004183042006813,-0.06235073208274327,0.99694683558618047,-1.5848601793190693,5.469043533678235,-1.5501819358939135,0.2341283159427826,0.2291768014875087,0.5399239543726235,1,4
0.85813766300602023,-0.51320727684182332,0.014766256369374757,0.51119719616681358,0.85674269855626595,0.068332825945630046,-0.047719785851934877,-0.051090502709675391,0.99755329811049098,-0.1627018354000774,-9.6211023937721993,-1.0968602427626137,0.5082868965118613,0.2075886677458665,0.1764705882352941,1,5
-0.45655026510229779,0.88835233653137136,0.048907889080130634,-0.88794117725239541,-0.45841246351889631,0.037662700781629345,0.055877734158173951,-0.026232412580419369,0.9980929512603316,5.0926146583289968,-0.56347066804108537,-1.4222922360955117,,0.08226908804536243,0.4418604651162791,0,4
0.88328937765070825,0.46597474867723349,0.051646964331056831,-0.46879974665037299,0.87664657903560395,0.10824773903282499,0.0051645783923045235,-0.11982616183606057,0.99278145534133933,2.583041039900877,15.186746010350133,-1.8444126563423764,,0.1184411807348896,0.2857142857142857,0,5
0.99915577349541529,-0.0082360934177133395,0.040248068972224139,0.0037527056600231488,0.99389965969563732,0.11022424260173436,-0.040910359213864683,-0.10998014921844514,0.99309149089440973,14.165785903453234,6.474200015070255,-1.6771703734578733,,0.1109004847495517,0.2777777777777778,0,6
0.90907466631666622,-0.41657679154321031,0.006857682466162778,0.41478275907971379,0.90646401228943918,0.079235454149969839,-0.039223893629548423,-0.069186495587625754,0.99683234046495584,-16.535722506425785,-3.5306157761528434,-1.0434462546231691,,0.06545750436467923,0.3333333333333333,0,1
0.64626377339892471,-0.74798576773454928,-0.15119664830524804,0.76140197832606704,0.61876603267429608,0.193379482390622,-0.051089750374569996,-0.24009558112358062,0.96940391444000007,-11.414934139629892,-5.3035833134821386,-1.092093368934471,,0.07478611389960976,0.125,0,1
0.49876927640675511,0.86355011785207725,0.074232087875441791,-0.8660801165283335,0.4932330656922867,0.081402547024395255,0.033681458800832377,-0.10489202479432851,0.99391308597260941,-10.433164692971136,-5.1332974238567983,-1.1046296217098155,0.4422879604940926,0.3965150990176073,0.9044776119402985,1,5
0.78584695666293169,-0.61817670633205213,-0.017381612470168221,0.61668337624748371,0.78122379381316187,0.096907158869580581,-0.046326819053459284,-0.086873147339239898,0.99514163921914234,10.877124800674352,-5.5035849036468383,-1.3990606749256524,,0.08717759320772364,0.3,0,5
0.12588833530523666,0.98917586166331006,0.075387278348034006,-0.99106919637290825,0.12203223423967578,0.053758551014988831,0.043976983011963705,-0.081481583864825374,0.99570416111214721,15.439111721004137,-3.0707846742741536,-1.4976106600414176,0.1365745801031834,0.1128559794526483,0.5,1,5
-0.34203969375901028,-0.93957839491107698,-0.01418758998449585,0.93896345454816377,-0.34232968070518094,0.034029703661198535,-0.036830407494657005,-0.0016821190845689145,0.99932011465754256,-5.1776522388269255,-12.319331148785906,-0.94073156380047207,0.2027100444781446,0.1896890735060993,0.654320987654321,1,5
-0.3021609629378969,0.93579990422471337,0.18159650803212196,-0.95075099017107356,-0.30965174776281534,0.013724059026324535,0.069074649222179499,-0.16850618493233838,0.98327735582305664,2.4325253977116583,2.076906197135163,-1.4607140787282422,0.3600104165773613,0.241829767424345,0.2330827067669173,1,5
0.54907755292263993,-0.8352491750017822,-0.0295407605746285,0.83373362897384606,0.5449298267045285,0.089105105835040554,-0.058327324596511833,-0.073554738981349441,0.99558406153312773,-8.6325351451781049,-18.04034588055934,-0.67346037008250959,0.2191464802026845,0.1254429671752764,0.6666666666666666,1,5
0.87444938365882885,-0.48508794551819878,0.0052877718964784983,0.48289711136936014,0.87143813728680752,0.086057845157946997,-0.046353589395256488,-0.072699779882984081,0.99627610969808134,10.035689587453129,-13.101746233499254,-1.1737298902875259,,0.07833183216498499,0.2631578947368421,0,5
0.99539492312218092,-0.095453652604512357,0.0088060903382210873,0.093635662887494198,0.98786713635466783,0.12389868258398988,-0.020525829050427883,-0.12250355551936358,0.99225579828333943,-7.5215402551347434,-6.5100550136774959,-1.1000468485643151,,0.09263259401926011,0.28,0,5
0.39285198455595066,-0.91203816247803116,-0.11770177744685395,0.91803260698929057,0.38148227171322568,0.10810832009130968,-0.053697772159554527,-0.15052463769168944,0.98714683948888138,-14.98907345207096,-8.109801548460279,-0.89792400157093533,,0.1798063463616023,0.2,0,1
-0.90316069896107654,0.42013517805995809,0.088245022571622908,-0.42838185341203644,-0.89543423808941303,-0.12118792400441596,0.028102304521292219,-0.14725473647308904,0.98869929860743433,10.504421680227853,6.0192970671029107,-1.6388099297402547,0.2921604307672329,0.197856123850434,0.1739130434782609,1,6
0.99551285559715064,0.090068924865905453,0.029012809486646508,-0.093311662655628624,0.98533283485907919,0.14287105431477409,-0.015719031562113687,-0.14493720475458621,0.98931598527703879,-18.897168608490169,-14.234379738820168,-0.58143680609577919,,0.3907314655989723,0.7,0,1
0.7655801086162044,0.62161485749774914,0.16577715834593704,-0.64314914957783897,0.73322062406188482,0.22078652098260754,0.015692950280413516,-0.27564920712447866,0.96113019197356553,8.3938417736838655,-9.7305867336813723,-1.243041516930868,,0.09668706966719143,0.25,0,4
-0.44819874089984851,-0.89393306433290254,0.0012510588221078308,0.89328099978713726,-0.44781745255187416,0.03884050217546247,-0.034160563155231076,0.018525811246365109,0.99924463983680223,0.56761521354663425,4.6059384126277001,-1.5333138043527808,0.5877568978731216,0.5001975769625533,0.9565560821484992,1,5
-0.42958134221651856,-0.89890061250903797,-0.086241285068875767,0.90232855065218287,-0.43104510306409449,-0.0018181865679475521,-0.035539514591309759,-0.07859903278883934,0.99627262079577061,-6.4843667911785658,4.6882441066216938,-1.5099567343407985,,0.3731943955875228,0.3940397350993378,0,5
-0.70326515485418784,-0.71090481702508235,-0.0056976397261984061,0.71057061745951433,-0.70314336018584012,0.026054032888808532,-0.022528195025791391,0.014274318095817373,0.99964429887424455,3.9924322561521604,-8.7893140787126356,-1.1748750706337396,,0.07647076601224116,0.5,0,5
0.90756335352136353,-0.4198635803894612,0.0065827963359190601,0.41815280134837662,0.90507801392559417,0.077343541637352367,-0.03843168054565041,-0.067441549293044314,0.99698276984077916,-12.771644535180389,3.3837487691070827,-1.3988734833233563,,0.08266068658766521,0.3809523809523809,0,5
0.10513740670601414,-0.99327433520109965,-0.048499698369660837,0.99292079109866305,0.10213961525787579,0.060628389381367817,-0.055266882625491336,-0.054530670505569617,0.99698143295603725,5.3864906602168494,11.639905701779949,-1.7443430996051346,,0.1154438054613955,0.3043478260869565,0,5
-0.7324990880400174,-0.67803605607112705,-0.060927766150218804,0.67987006472904821,-0.72400193068278862,-0.11661003152780726,0.034953985550496336,-0.12683970606678191,0.99130717129405932,3.56484618449208,7.7422760519539171,-1.6276375851429676,,0.4375333098517682,0.1578947368421053,0,3
-0.55534026575960405,-0.81290368798546597,-0.17545592975354576,0.8309084781679198,-0.55111853567878788,-0.076547113204493603,-0.034471584453360668,-0.18829751376717002,0.98150688034999423,4.3719088065348508,14.870689457642881,-1.8365041659220906,,0.574662474537866,0.6744186046511628,0,3
0.44357507952871023,-0.88791006199703648,-0.12188876332753966,0.89438062938311247,0.42979400106978632,0.12393710674649561,-0.057657944859022724,-0.16399036084124924,0.98477546829000095,-17.442599269205164,-2.522476226709216,-1.0563778932380432,,0.2823947666666858,0.5,0,5
-0.64717686457929846,-0.76226968988887533,-0.010345328898883666,0.7619408416985709,-0.64721756392607699,0.023570716944298353,-0.024662921663538302,0.0073718940790332022,0.99966864283756818,-10.353824651784342,-5.1009094155703716,-1.105655636320072,0.4137041551819091,0.3440965209137664,0.8957654723127035,1,1
0.93778273394125022,0.34165400521289158,0.06193613358664176,-0.34721062723690094,0.92122893668759331,0.17544807363776732,0.0028851785786668492,-0.18603705795199768,0.98253849228065016,-4.4270455194485541,8.9775151019684838,-1.64105488929046,0.5309600902867875,0.5498325804211958,0.4732142857142857,1,6
0.9613384888265375,-0.2742669271086246,0.024616307503404298,0.26959756116711897,0.9556271138002379,0.11871804573260705,-0.056084444487320674,-0.10749173021316656,0.99262282011967118,-1.6470365933445759,10.36269485159513,-1.6848227459322891,,0.3138922264323199,0.1935483870967742,0,6
0.99547245368659998,0.089291879049340411,0.032581502221621698,-0.093745452184727809,0.97892927954306541,0.18140908424876498,-0.015696628487050591,-0.18364211387678092,0.98286783947029543,-9.7531101639406739,15.397978310402166,-1.8482833531166334,,0.541075720852087,0.5128205128205128,0,1
-0.58037286909407015,-0.79239362567177063,-0.18782884446820788,0.81346866776685489,-0.57484567869520198,-0.088437391679484584,-0.037895374139001285,-0.20411954262195944,0.97821222285282572,-16.495450410767663,-13.196927938630484,-0.68286951520768979,,0.4351739545479462,0.3260869565217391,0,3
0.62506425759579065,0.76718138408983871,0.14397012808990281,-0.78013948363796692,0.60785055789269438,0.147986774201709,0.026020375579727431,-0.20481802453773587,0.97845414653889107,-23.54017212378438,7.0263700356444998,-1.3525483692538793,,0.1241981388615321,0.1666666666666667,0,1
0.95435123755663664,-0.29798670089609003,-0.020436278114726831,0.29149410726477454,0.91426268077095452,0.28134487018501536,-0.065152903266320436,-0.27445887968614724,0.95938908820008839,-10.389125126136456,-15.323156277522413,-0.73604571561090659,,0.3005000286307565,0.3333333333333333,0,5
-0.83021434385043025,-0.55325872153731603,-0.068183064670730556,0.55703821561120814,-0.82804827280768145,-0.063596259708382674,-0.021273683594517957,-0.090779099704223959,0.99564380450199652,9.6837701366558733,-3.8618547206551095,-1.4033875053440539,0.5776658470856921,0.4451411243903506,0.1666666666666667,1,4
-0.99918733995793418,0.034610080221516223,0.02065918717780502,-0.03394303618361811,-0.99891742433500197,0.031809584319247443,0.021737754309609923,0.031082498403216093,0.99928041526419853,8.9902780452284858,6.290306201047275,-1.625619266150784,,0.08355519728820858,0.25,0,5
0.84119911068693787,-0.54071952900388909,0.002539120579533153,0.53893144221908307,0.83878109008388713,0.077454396294500072,-0.044010871011197897,-0.063786157365831153,0.9969926626416753,-12.853063029967354,-6.8799669159976204,-1.0044249771327092,,0.1524139320531684,0.5925925925925926,0,1
0.74882308346040605,-0.66253041705366922,-0.017816738072396473,0.65980284939877987,0.74266050381226711,0.11452325529149093,-0.06264335241747819,-0.097513191702456453,0.99326078541433371,-6.5794349430804671,10.605987756129476,-1.6867947151501039,0.4517870619255079,0.1738194213876397,0.4285714285714285,1,3
0.7419191245776865,0.66712052602824867,0.067128357179902357,-0.67031460320210168,0.73571307907139183,0.096977306712971612,0.015308341513330298,-0.11694643660704489,0.99302023425760366,-15.985437413685382,12.235448954787637,-1.7548761583581112,,0.09894665857481244,0.2608695652173913,0,5
0.72424401017396067,0.68413024536356537,0.086234686211104597,-0.68926878245846124,0.71473991459365127,0.11855547231102932,0.019472012103802665,-0.14530196786502333,0.98919572324145311,-13.168660458239742,-11.260851834533206,-0.82969335209363049,,0.1052338706698489,0.2,0,1
0.97654464718969158,-0.20946458838434609,-0.049851161051055207,0.2131332911372992,0.90750868997828937,0.36194222995234182,-0.030573718356539759,-0.36407768927368667,0.93086663057550245,3.745711941383266,9.5190497126485152,-1.6788200585063258,,0.3693057463638167,0.2692307692307692,0,1
0.9989278563126851,0.040285822832598892,0.022807682066471952,-0.042891172053884444,0.99078193456919972,0.12849710304578635,-0.017420827833053553,-0.12933758390358083,0.99144758013099021,1.8681378132340138,-23.717559815769292,-0.57721902327466001,0.219200123789997,0.133830209044336,0.375,1,5
0.66303781543200691,-0.74627436753870235,-0.058782851767004471,0.74727613737054965,0.65519081443666105,0.11092056254084216,-0.04426318813307091,-0.11747154988564196,0.99208931308817216,-7.9408154422145838,-14.282814852710271,-0.82263654639938699,,0.1279578259015337,0.2631578947368421,0,5
0.15017573555400571,-0.9748738940394247,-0.16452397749636177,0.98773741871651144,0.14075886696846993,0.067540602877067077,-0.042685361871002817,-0.1726494485660541,0.98405799005535266,7.6863912223689059,-12.186344298818545,-1.1576654735975438,,0.2616036151115305,0.2307692307692308,0,3
-0.70863982354699451,0.70297804280405252,0.060427409498240499,-0.70383206600407766,-0.71030480845018051,0.0093542480715734008,0.049497710530046597,-0.03590195576756644,0.99812876234699655,3.7054917901984288,-7.8045694886062265,-1.2021077071886155,0.3350742582576556,0.2661647990436708,0.779874213836478,1,5
0.9889651950543068,0.14238803975972089,0.04090830116958577,-0.14628215122040558,0.9822298415280255,0.11758431292549791,-0.023438754351027682,-0.12227094726555089,0.99221995557903275,-9.8542884579387398,-9.6823285602723459,-0.98268833320373838,,0.107657861239297,0.1578947368421053,0,5
-0.52865955504683948,0.84580914763070392,0.07159581441606222,-0.84881975016520339,-0.52725475182295523,-0.03882600172043274,0.0049098459404358086,-0.081297678099287993,0.99667777187439321,13.676771117551228,-0.65400909977002031,-1.5245974620903588,0.182132026368404,0.1958577709223527,0.5161290322580645,1,3
-0.38803074731594644,-0.92157536162827891,-0.011445172656387309,0.92056182842459922,-0.38814650384225535,0.043683081422817627,-0.044699655311718441,0.0064143896623601272,0.99897987788557197,11.828078555129631,-4.5417038083672043,-1.4335159607681518,0.4343426383222545,0.2061272191761344,0.5227272727272727,1,5
0.77171607493419103,-0.6281702299703209,-0.099279715285660028,0.63247812051003505,0.74174296339996804,0.22313404787868887,-0.066526135948674014,-0.23498837934176509,0.96971889473706285,-15.243641229118591,6.6404121960487359,-1.50509056316917,,0.3919881537608478,0.4886363636363636,0,4
-0.68020888037081384,-0.73154885474106979,-0.046391294352612071,0.73301830392298273,-0.67886359037207078,-0.04275969809309986,-0.00021255247714070536,-0.063091194268045034,0.99800774347059751,-9.3779944252528615,-3.5050034858867813,-1.1808391112244603,0.5396577613396023,0.3283633677725828,0.689922480620155,1,5
0.43630291674385013,-0.89821243958384334,-0.053424509521843189,0.89798629627943449,0.43088762685599646,0.089199017465171671,-0.057099706962061111,-0.086892268926805377,0.99457999028011757,2.2469593897278992,20.183582569229493,-1.9830063553869963,,0.2697162550393237,0.25,0,3
0.69807340900334547,0.71035475478653021,0.089942414880942748,-0.7147027048549599,0.683630181425675,0.14781684179044796,0.043515047000450766,-0.16746909385336303,0.98491651589791163,-9.8858744730817865,8.4806513385871103,-1.6491304836149596,0.5477126227270613,0.4163511532702343,0.2981132075471698,1,5
0.60998435835971265,0.79001282687997587,0.061634535137362931,-0.79160691765135061,0.60400899666003804,0.092366768267932137,0.035743117981190287,-0.10513260825663659,0.99381565906265468,-13.997541254731196,-8.6986793605022914,-0.90095236418444191,0.2873267671534294,0.3002356511117846,0.9126984126984127,1,5
0.9932950487962231,-0.11560567498113274,-0.00052340143737103603,0.11512304360810553,0.98871418778585007,0.095869388760816146,-0.010565550970686517,-0.095286844753737998,0.99539378456446181,-5.2032803987435727,10.136956191236573,-1.6710679345969421,0.2433581966062459,0.2938144879320984,0.6737588652482269,1,5
-0.979980851745065,-0.19902652666198889,0.0050962631292743709,0.19814139411033582,-0.97748143663777376,-0.072594965173681913,0.019429826376753161,-0.070131895122120536,0.9973484842990189,5.1739740774742096,-25.568543892934372,-0.57248932777862072,,0.2846809058713074,0.4333333333333333,1,5
-0.91492946048431267,-0.40359311138916182,-0.0040844555449843925,0.40356156139151794,-0.91492702568524875,0.0068267003730679643,-0.0064921880074042442,0.0045976200320510165,0.9999683561917927,-10.075136002426584,-7.9441696801568886,-1.0081922862115533,,0.07631019725663908,0.1428571428571428,0,5
0.97590488524788854,0.21616288513711263,0.029719724738055727,-0.21800586934319535,0.97165620587455936,0.091420230350696491,-0.0091156942261095275,-0.095696523837892275,0.99536881578845948,-18.433544030339693,14.33817434274758,-1.8318239426235854,,0.544099232605167,0.5454545454545454,0,1
0.54870541992962329,-0.83594465019369035,0.010904308891630807,0.83430602725648573,0.54837042635445188,0.056774363786278939,-0.053439826191294504,-0.022054870491233319,0.99832748517921654,-5.8963171550577576,5.8749904496529535,-1.551004015064704,0.4724418745050002,0.4408126385499509,0.9831115660184238,1,5
0.24041871158983427,-0.97052390384878429,-0.016798665887502291,0.96922665984775069,0.23908226189753473,0.058646004862494314,-0.052901086547037783,-0.030381311756974238,0.99813749099914506,2.4695780611012266,12.701888321476389,-1.7710379012497386,,0.07188353727099225,0.32,0,5
0.22338757533618034,-0.97090523387857586,-0.086261335560082086,0.97317601873148829,0.21716167272176282,0.075955542698442804,-0.055012978026565081,-0.1009149876275706,0.99337290959678115,-11.824903965484783,-4.1071681212992095,-1.1258120247501409,,0.1158926144108524,0.4705882352941176,0,3
0.78387920909460018,0.61859833843551748,0.053567538995557329,-0.62074061740704112,0.7787045335306132,0.091106176299938557,0.014644843814436927,-0.10466778465070706,0.99439940838978957,2.406589825199891,-0.35016323070245559,-1.3860848149461422,,0.0647516861991511,0.1833333333333333,0,2
0.59205776607953853,-0.80380315970995897,-0.058035179548207992,0.80500183840061468,0.5864752601127704,0.089547805373940401,-0.037942611883439115,-0.099735899835237632,0.99429025364202284,-12.894995441210575,-17.064533039434316,-0.60799416422419794,0.2048185373618745,0.1420988890808837,0.3043478260869565,1,5
-0.44506485709628635,0.858749182131198,0.25390375177783575,-0.89394036683464972,-0.44277564074907449,-0.069428758470669164,0.052800506828953611,-0.25787511347209324,0.96473443616902188,-3.1935465180804319,14.856149719028865,-1.811643517196142,,0.4016810868061526,0.3902439024390244,0,5
0.29133142713346227,0.94534663574008204,0.14644363372740946,-0.95400604464879535,0.27579643296255074,0.11751082647438844,0.070699832658505921,-0.17394270855669905,0.98221457319773953,-14.974975455816663,2.9638378925625504,-1.3391241234775539,0.3820227253544987,0.2137072038510769,0.35,1,4
