axis_00,axis_01,axis_02,axis_10,axis_11,axis_12,axis_20,axis_21,axis_22,location_x,location_y,location_z,dbh,dbh_approximation,score,reconstructed,number_clusters
0.67503008149557286,0.73215031319317403,0.091051128313799162,-0.72836944922574909,0.64165783060269921,0.24031890034039177,0.11752588868269669,-0.22854134706300613,0.96641425805498504,-10.910513762566451,-12.79980381372668,-2.9046272281811363,,0.09990108161363406,0.3333333333333333,0,1
-0.5940262271718213,0.79467555556195135,0.12499441117232053,-0.80429844834594055,-0.58373172548459595,-0.11118128732429905,-0.015389847962980572,-0.16657741159917158,0.98590827084703769,3.8592908363450245,-8.0736154894718108,-2.9928275625585927,,0.3896027701540216,0.4918032786885246,0,3
-0.83328282100120665,0.55164611398141339,-0.036418472695561747,-0.55283577091304048,-0.8310373139656656,0.061233921936430388,0.0035143453524214999,0.071158609640282769,0.99745882203267233,-0.75251634256932121,-8.8560069899800311,-3.0032691069038306,,0.204773587943477,0.6567164179104478,1,2
0.37150461237883003,-0.9165618747678973,-0.14798193370547974,0.92607130983535757,0.35446612730222665,0.12940515327909743,-0.066153246942840346,-0.18511643448737683,0.98048745713629615,-21.784556094931069,-6.2862352350783244,-4.0840339506531373,,0.133493204822019,0.3076923076923077,1,5
0.91542851751103549,-0.39086318674012827,-0.09600311754781439,0.40232987213476357,0.88214492305633541,0.24484895081244928,-0.011013778442145853,-0.26276663406392375,0.96479655508668927,3.990276556771803,6.3841043079278261,-4.5544904539762285,,0.1459670484046452,0.25,0,5
0.78045766161673846,0.62354103112030168,0.045633550521121398,-0.6146773411055404,0.751924335635066,0.23828881595909607,0.11426987684930709,-0.21402424159238562,0.97012165178169696,1.4546753689447374,-11.941697446602056,-2.5793322802495098,,0.6923956949969223,0.4736842105263158,0,2
-0.73942116481192655,-0.66869729577625592,-0.078104210191881088,0.66388437060304917,-0.74349557332435279,0.080447964026982455,-0.11186547053120698,0.0076327628428941117,0.99369404619038404,-16.605807497968492,22.055433564918729,-6.9407086194172702,,0.4500627757218684,0.8305084745762712,1,5
-0.16210262439167608,0.9818224614602965,0.098728888059053874,-0.9789023468950403,-0.17261493853748469,0.10933562199522955,0.12439025045683652,-0.078922348962422562,0.98908964630388285,3.8463790740560584,-5.8726581736735497,-3.2114233799288665,,0.2257159181385689,0.2121212121212121,0,5
0.99320412886919496,-0.099256783509957813,-0.060775400652251295,0.10843680686649659,0.97885299193177089,0.17345973337584492,0.042273127560927014,-0.17887121376420095,0.98296392180625813,-6.8781469637711998,-10.950291461772942,-2.9709834826636565,,0.1057120706606749,0.125,0,3
-0.96202996917213301,0.27229244621192339,-0.018845746220062905,-0.27221694914789418,-0.96221387352507259,-0.0065110822823726986,-0.019906556992031602,-0.0011337247469472345,0.99980120206815126,-16.733505972929319,-6.4416980239562918,-3.8220883545722666,,0.1877133477799132,0.1976744186046512,0,4
-0.97844640545771255,-0.1805882119423784,-0.10015253044399701,0.18965696335576873,-0.97772641989749454,-0.089895962562822077,-0.081687623894624986,-0.10695300623115911,0.99090271296458121,-8.2086658422282639,-9.6393265327569839,-3.1715348686084632,,0.07884636315740337,0.2173913043478261,0,2
-0.59664972408969741,0.80121148511780838,-0.045489151003316325,-0.80125196455125636,-0.59160034606721557,0.08946686445775022,0.044770481865161998,0.089828651601063042,0.99495045972404783,1.6366595842072331,-4.0819954244175358,-3.4573550397407007,,0.2341349612189903,0.8632286995515696,1,5
0.26914603546540644,0.96210200288052095,-0.043819489346007608,-0.95667563386466825,0.27232019633587617,0.10302156200148262,0.11105018308354879,0.014193192765565287,0.99371344466915112,-19.30395870007774,-6.4660100240624203,-3.9459449189115579,,0.2302015499261429,0.8888888888888888,1,5
0.38380797791971577,0.91374197142938685,0.13329308209174162,-0.91597832466380202,0.35845034331978898,0.18026940982878575,0.11694077488742922,-0.19128241169083499,0.97454394161908575,-20.495204041012894,-10.066069490485775,-3.6166214931428082,,0.1576116667146798,0.2857142857142857,0,4
-0.43760513061201978,-0.86817967769896776,-0.23402093259483323,0.88622533283065041,-0.46044137767505805,0.050974475709898236,-0.15200792450146008,-0.18508858677728587,0.97089433304224559,-15.895595994946914,-0.40909023643585085,-4.4382818360658929,,0.3845250796333079,0.8165137614678899,0,5
-0.71707923951219721,0.6933169805396231,0.071476770744263743,-0.69652204478087643,-0.71658192408609711,-0.036978199081792625,0.025581348574203869,-0.076301445389230976,0.99675658213860718,4.42955203931984,4.5470096660531896,-4.3728340148633391,,0.4474187895410258,0.1704545454545454,0,1
-0.18004135655162556,0.98355889304409616,-0.014036162043845484,-0.98015845840862603,-0.17817960896946647,0.086841368929284748,0.082912642830116901,0.029392700817697889,0.99612326686889763,-11.686219288133243,13.94253226816762,-5.9106609956065945,,0.1790512917036951,0.6458333333333334,1,5
0.21391405974026861,0.97683954274418094,-0.0050281981638246416,-0.96861746447126829,0.21277487954090082,0.12847979669039364,0.12657402010952512,-0.022613234348343565,0.991699379381483,-2.6553546593489239,11.526859123804536,-5.3214752195297175,,0.1441908730002336,0.3513513513513514,0,5
0.95033095041269944,-0.30294438700214971,-0.071384753775471335,0.30983119046626673,0.94261418354312909,0.12443124365517506,0.02959253456446111,-0.14036808528725248,0.9896570529889831,-10.112599360329412,7.1538411326577709,-5.0800528713054982,,0.2148961679478405,0.7272727272727273,1,5
-0.47186882759880094,0.88156913522283231,-0.013254031952604247,-0.8789355332348614,-0.46917006144245377,0.085742532405066352,0.069369575158586438,0.052108667883104982,0.99622916478778367,-6.1298183238764787,23.403135848577342,-6.6907338371047524,,0.1577316708280279,0.4736842105263158,1,5
0.85054388053868457,0.52405249345239513,0.044091851679467019,-0.51493107306929142,0.81282791179167613,0.27231741736453846,0.10686953385275338,-0.25432217740242696,0.96119671910352689,-2.1696074752610528,-9.6002076405657863,-2.9742091496619576,,0.2460053655691188,0.2391304347826087,1,1
0.99614564692697716,0.064295886046768475,-0.059664806593966821,-0.055724712453833834,0.98919390128265738,0.13561040552676684,0.067739253984466313,-0.13176291095242845,0.98896406849135343,4.2674229137246469,14.531240237675329,-5.4544901339282301,,0.1442582071822107,0.5957446808510638,1,5
-0.74601672004658459,-0.6273896905047982,-0.22325149419260207,0.65598491468390607,-0.75006548795269679,-0.084175741692196493,-0.11464224839946373,-0.20924612309568941,0.97111956774196395,-30.534322130370427,-14.031561985244005,-3.6787670250355995,,0.4088069449313831,0.2857142857142857,0,1
-0.1759196996857223,0.96981248611412152,0.16886681450075569,-0.97943305422498717,-0.18965511394182591,0.068860947185082719,0.098808661330872294,-0.15327974273484532,0.98323047598878899,5.4855085435272208,-12.867426307354116,-2.3947647179344709,,0.4825622573712991,0.2,0,4
0.44208118223284876,0.87334226384155611,0.20454221692284472,-0.88902972849010986,0.39633643526033624,0.22922384680903179,0.11912334018322324,-0.28317966076898005,0.95164011556383887,9.1070419849304916,-7.0427212757961257,-2.9458834635267568,,0.7790328384290826,0.186046511627907,0,1
0.42134223559319683,0.87483507990112819,0.23902782992721405,-0.89908285618540784,0.36840528527367328,0.23649009174997621,0.11883071243923329,-0.31454908799233483,0.94177392883025479,9.4823108337607103,-8.1251736345562442,-2.825180266972795,,0.2110788467347909,0.25,0,1
-0.86068553673704706,0.50904319506675166,-0.0097689512178340075,-0.50912445322923938,-0.86037172323025202,0.023511465072102881,0.0035634219075634829,0.02520958988246005,0.99967583676023131,21.37130103165633,3.3600528857493912,-3.976959811171259,,0.2234073172229315,0.3333333333333333,1,6
0.8491115792811903,0.52722767842094842,-0.032256798313831367,-0.51812583984087368,0.84321872505567719,0.14327524491225585,0.10273821109884851,-0.10494358876241339,0.98915706698070605,2.9778802997844545,21.466728689507061,-6.2535349230245325,0.1392687612962348,0.08578079391198586,0.2173913043478261,1,5
0.92747535910936008,0.37192425288736969,-0.038233602487038651,-0.36156412945784222,0.91824630153791786,0.16153980933915008,0.095188436978225641,-0.13600029347802234,0.98612528698920154,-8.4793384882372571,16.115882827511179,-6.0310719493221177,,0.09991600327291754,0.3695652173913043,0,5
0.52911814810956725,0.84775230287508641,-0.036742595323270767,-0.84000157996790203,0.52942773519248254,0.1187586580438962,0.12013047487016106,-0.03197352309249505,0.99224309663938859,12.538080716479572,-2.2497759201124277,-3.4357869639675607,,0.3645544356242593,0.8297872340425532,1,5
0.66560013528938877,0.74363513659705238,0.063112942579405903,-0.73890046730039693,0.64474674432634937,0.19577470496422347,0.10489308521539013,-0.17694185287505343,0.9786158701835671,-15.343850426366782,13.669247015884116,-6.0112006111203584,,0.1798209078527872,0.2083333333333333,0,2
0.41755959528300474,-0.8998599933239978,-0.12607924810224375,0.90688171811404394,0.40406482709906022,0.11957075249376607,-0.056652746955573124,-0.16426688015647098,0.98478772247934032,11.280281380812628,17.383367378925264,-5.6132511769256395,0.2225007671063363,0.1373584279311219,0.2857142857142857,1,5
-0.4614435735943837,0.88150171225108254,0.10012272312944433,-0.88326917390772286,-0.46705074895418663,0.041220920971069948,0.083098705241504311,-0.069414185868193784,0.99412085582560938,-0.26634995265322869,-15.662624669201444,-2.2125886646015251,,0.4081694365398512,0.6410256410256411,0,5
0.42840952232896057,0.90333510801765426,-0.021235908283031041,-0.89536404447161866,0.42755765374568838,0.12456998270413061,0.1216080139024445,-0.034353098058480441,0.99198354603717454,-10.385282855354495,14.347862976948425,-5.923512413457158,,0.1357574334076676,0.4339622641509434,1,5
0.98338462507232105,0.17265898389374154,-0.056067409893364312,-0.16124739025769289,0.97266031488245841,0.16712627258405427,0.083390396967834873,-0.15530868338099144,0.98434000963082324,-7.5157527147392305,22.146727606452707,-6.6036350651359266,,0.1174351403398622,0.4210526315789473,0,5
0.35195571516416568,0.93549882780259175,-0.031130656004282248,-0.92849106461260933,0.35314178842756649,0.11487044964098699,0.11845470652457558,-0.011524775319117928,0.99289257327065328,-5.6355730498706196,15.393768394775018,-5.8511162126367351,,0.2573384253810448,0.85,1,5
-0.74585936335714142,0.65553112400502256,0.11820641079565888,-0.66525576473948622,-0.74203704237599299,-0.082557829566741209,0.033594308645391355,-0.14021402641177275,0.98955113522447014,-4.2964044498561709,19.905701321882979,-6.3354913094987051,,0.3098851540683221,0.1428571428571428,0,2
0.98336362296922952,-0.15214898268893956,-0.099230399009335779,0.16837229022928618,0.96847353953613713,0.1836022197613412,0.068167124802035364,-0.19725539355127289,0.97797932125948162,8.9550241505709032,25.453268192878522,-6.5908282150792141,,0.4131775003833992,0.5555555555555556,0,5
0.66351033050619102,0.74783969901732139,0.022132010420396211,-0.74285983220277341,0.65499801329675778,0.13833608450787205,0.088956792945979066,-0.10822840269995605,0.9901380216100093,-13.70623563077743,-8.731478969251679,-3.49014703063279,,0.1226706082510739,0.2727272727272727,0,4
-0.508208047468794,0.86119418942433212,0.0083155631032365458,-0.86034305552980206,-0.50809760093587408,0.040578993640225561,0.039171511198834552,0.01346833415745822,0.99914173002903983,-26.568937578817579,-12.840004622490319,-3.6031308272783016,,0.3332774070266704,0.5172413793103449,0,4
-0.98790854821068597,-0.11645705510525596,-0.10234478339645108,0.13472459556819955,-0.9715072185216288,-0.19499489149553062,-0.076720165023546325,-0.20642547971745151,0.97544991547602267,-8.8768031619215044,-16.455838095951158,-2.3957324208990141,,0.2762263824503045,0.2,0,1
-0.90330310735879904,0.427200491917412,-0.039284041816752907,-0.42874730367301017,-0.90213256156750821,0.048296904173774594,-0.014806952051747773,0.060469670622291305,0.99806020515085647,3.0290342040940401,-13.229432508833311,-2.4304940306713085,,0.3818891703177296,0.2608695652173913,0,3
0.9806095403466738,-0.17817414451550675,-0.081602105409437478,0.19225673726467329,0.95534571625197995,0.22439231139977681,0.03797731372053615,-0.23572979587900916,0.97107630337549322,-5.9905690060959849,20.007791682795553,-6.3653499345920412,,0.1189892134893156,0.5384615384615384,0,4
0.73323239073453439,-0.66352105968354769,-0.14869453431158389,0.67989485210018208,0.71882117684961844,0.14504863253474282,0.010641957779856636,-0.20745100402010444,0.9781875227509601,3.23521096162718,-10.944934630014034,-2.6462353654647019,,0.132078855551233,0.1333333333333333,1,4
-0.31847633292064881,-0.93527847274348208,-0.15435998118695413,0.94279023272338369,-0.32945712191342486,0.051035104603710052,-0.098587029830526071,-0.1292756096220142,0.98669570502057624,1.6653658878849393,25.604639456740355,-6.7265071487899233,,0.1795839174409066,0.2857142857142857,0,3
0.96577182804159667,0.25639156557685977,-0.039346426295617069,-0.24307235613580064,0.94748990341595374,0.20779488109049762,0.090557196532247378,-0.19111841362325718,0.97738075801109681,7.2315472279445823,15.571712009449399,-5.5153575318705945,,0.3275874573965455,0.5333333333333333,1,5
0.75490664173374422,-0.63936673581231551,-0.14603471985451283,0.6549852660539599,0.74631639274175909,0.11834755247639282,0.033320617018665372,-0.18499194323438528,0.98217499327760427,-11.181255339167555,-8.8229630195771414,-3.371158574858637,,0.2048356322534152,0.1707317073170732,0,3
-0.25240246342211142,-0.93208416666799709,-0.25983091175854411,0.95862020294118355,-0.27741371723957242,0.063944788687802429,-0.13168258416151646,-0.23293933917256043,0.9635346186278918,31.853178075482486,1.7941704784219961,-3.6811734165227308,,0.3293825657992905,0.52,0,5
-0.61608629644728485,0.78736768980278338,-0.022131343937856283,-0.78659878789348836,-0.61352802920237037,0.069611092992066567,0.041231325644017429,0.06029492878910149,0.9973286817032555,-0.25763701670525541,-11.541214294549134,-2.699563022478344,,0.06599158232289748,0.25,0,1
-0.71764359753298312,0.6951654965000722,-0.041624504750510341,-0.69593033448770103,-0.71364730549185218,0.079928048293791285,0.025858005718800672,0.086327607635253975,0.99593117618649696,-8.2363587104444402,8.5662940283936919,-5.2059300288452866,,0.1828123393246285,0.6994818652849741,0,5
-0.70639610249822504,-0.68655947861061095,-0.17216453962777836,0.69767956744028825,-0.71638658886553674,-0.0057858854062740215,-0.11936401279971735,-0.12420280843655788,0.98505121431569342,-26.316370369001959,-7.088942815647953,-4.2235556979640956,,0.3802624625377952,0.6781609195402298,1,4
-0.45086863869429467,0.892266442438991,0.024043010194659067,-0.89060255059382087,-0.45149800092007308,0.054558702705973898,0.059536270606535401,0.0031860418146525873,0.99822105849346865,-20.072858746256198,-10.770655212964117,-3.5202062094467048,,0.1613255449295516,0.2083333333333333,0,4
0.094996384016464624,0.99351435769138785,0.062489263756791369,-0.98967690129905594,0.08748982159934808,0.11351282813679313,0.10730944999810263,-0.072627489131758358,0.99156942760631794,-29.54466058194221,-15.353434701987702,-3.4867391070600458,,0.2149849995435689,0.631578947368421,0,1
0.93787903489919267,0.34446654614570471,-0.041541719788774426,-0.33508187718148791,0.93031202881452113,0.14912969063047335,0.090016951076395624,-0.12594573287515354,0.98794464464839882,-2.1167578929896838,18.415766252077596,-6.0767800218878314,,0.1476752098435589,0.4042553191489361,1,5
-0.87335347327430668,-0.46696030468682703,-0.13857050395553536,0.47734273221657364,-0.87713610594557678,-0.052689350410179303,-0.096941357117186031,-0.11216205014805984,0.98894997233776305,-9.9676532029125102,28.936409738165747,-7.4386208649260537,,0.5836921815349225,0.8372093023255814,0,4
-0.22811600812188892,0.97285128618984884,0.03903154874316999,-0.96982542310430153,-0.23058338267750431,0.079183030590908171,0.086033339695117214,-0.019790871424869624,0.9960956710422687,-15.976791392604058,-8.3686626810514291,-3.5966935542691485,,0.1500100426056917,0.25,0,4
-0.27530004796599894,0.96034503795437687,-0.044128127836153011,-0.95768898849267092,-0.2699535301284593,0.099784231675484419,0.083914747868312059,0.069731625877991907,0.99403008779543889,-28.811232720041822,-7.0433023971517645,-4.3699596968855481,,0.1219997480227828,0.2307692307692308,0,2
-0.8382014463875046,0.54497151518656328,-0.020600556039979203,-0.54534392618524696,-0.83728079449784298,0.039507889565507923,0.0042822245100871594,0.044349958289968024,0.99900687873153438,8.9367738309150191,7.5762183265038114,-4.5928366211103704,,0.1006003706901414,0.375,0,5
-0.66275125317548944,0.74882999638207626,-0.0037964368477560154,-0.7480000558730745,-0.66175969864513839,0.050695341629916693,0.035449863585022327,0.036438136169626947,0.99870694871132626,-16.785610139992855,6.4701708373362381,-5.2473961059131993,,0.189269754372717,0.5454545454545454,1,3
0.56400171204008087,0.82227698435218399,0.075911987330961286,-0.81557831680914095,0.54027874606295212,0.2071976971479485,0.12936026424921374,-0.17877202677522733,0.97534941660722341,3.8826874511809626,25.179956695481685,-6.6393820008053694,,0.2654303555268995,0.1111111111111111,0,3
-0.7085894807839852,0.70407842846892554,0.046631687584842992,-0.70528827363581059,-0.70873621883742555,-0.016168586204333299,0.021665613171578457,-0.044345672536977972,0.99878128863787918,8.1898769475816682,-8.458306790523622,-2.8137876477474868,,0.1183303636222102,0.1818181818181818,0,2
0.89151860851373443,0.4528345413599541,0.011638248367073332,-0.43363322045052077,0.84572328146099096,0.31098932669235113,0.13098397152111257,-0.28229950291520522,0.95034214357692381,2.2194924980087052,5.4544152681680282,-4.5185105217585715,,0.4486718197897252,0.2941176470588235,0,3
0.94354079609803521,0.32623273686719184,-0.05747144938859703,-0.31168052553769049,0.93307623686953989,0.17951040691259651,0.11218741506619005,-0.15146266069734296,0.98207588623041053,-17.85349653474049,10.884704198919879,-5.7933966728806752,,0.1574817896397228,0.4642857142857143,1,5
0.47044112276848249,0.88168456872967249,0.036296987096750215,-0.86700792603349153,0.45417056651117094,0.20500329926619834,0.16426322230929835,-0.12791175778205136,0.97808802058795929,-1.1861924624884763,-12.320091723044452,-2.6372245431187133,0.4779479396674584,0.225453244936987,0.1818181818181818,1,3
-0.49990312619524352,0.86555038228353554,-0.030321611913734659,-0.86470953350923918,-0.49683564267626407,0.07370052119691671,0.048726656754346481,0.063062507841731175,0.99681935827222734,16.706804304245907,8.0503490467301742,-4.5321081345813496,,0.2811278451806887,0.3703703703703703,0,2
0.314526283291863,0.94278726733054163,0.11056846602000286,-0.94332905220586771,0.29744903369847242,0.14715424430244764,0.10584666448682335,-0.15058632378557765,0.98291415836061635,9.7626153152323383,-9.7253528500169626,-2.6300032862526179,,0.3570384399475096,0.5625,1,4
0.51244016869274989,-0.84930555552840947,-0.12682723232305892,0.84647664852292515,0.47473860123165568,0.241040544319848,-0.1445072905273074,-0.2308751477513164,0.96219244911569812,-7.2321839427219183,-9.807073565831347,-3.1080005227680383,,0.1553898484208467,0.1081081081081081,0,2
0.35253305877340319,0.93357502242526036,0.064483486068462131,-0.92707809127367447,0.33903179015328022,0.15994892292798069,0.12746236759227109,-0.11616851023033492,0.98501686385494724,4.273956876341912,-8.2031683591856499,-2.9760354955435568,,0.5231810039283391,0.6697247706422018,1,3
-0.71991344841334182,-0.68903853287633265,-0.083369820710146189,0.68448024915663952,-0.7247246994288441,0.0791258399780774,-0.11494092094669918,-0.0001012393346052506,0.99337232417785926,-14.091223267466926,7.2172940143791999,-5.2649679703022327,,0.1087007031938051,0.2419354838709677,1,5
-0.88323555975433554,0.46842310055884917,-0.021788640349495993,-0.46891462104833681,-0.88262454137984858,0.033060506969889984,-0.0037448835148810493,0.039417227411955323,0.99921582154738409,-3.9768344393614115,26.06623058003203,-6.9518778336929214,,0.1935771696993214,0.631578947368421,1,5
0.2011386791467244,0.97626482695682204,0.080313257922201425,-0.97283110816132634,0.18948839684706334,0.13301797793507594,0.1146423427216906,-0.10488629608913091,0.98785423932277894,15.992024925193657,8.1450925659130515,-4.5554396560320383,,0.464820000786534,0.6,1,6
0.70350936641680173,0.71052325441486219,-0.015207771024772406,-0.69624829046427139,0.69335101786966935,0.18574898127492462,0.14252329419925963,-0.1200877635515188,0.9824795365073945,7.277732110590752,17.722251861782411,-5.7276625618543653,,0.5462645852109714,0.75,1,5
0.89717688646131655,-0.41580590939865514,-0.14892642515260807,0.44081435705968797,0.86399245290340509,0.24330997500310467,0.027501581947807146,-0.28394099217111085,0.95844727343513947,10.454163991497174,12.609055565531763,-5.1289962402896156,,0.465009948499625,0.5909090909090909,0,5
0.3529376419288377,0.93541709380070981,0.02073358471527079,-0.92771272078026412,0.34697915313020988,0.13767561510856507,0.12159000210622091,-0.067825717235251215,0.99026034125846563,6.8576177315011861,16.676049687139226,-5.6173668347474859,,0.2915277354309262,0.125,0,4
0.39885557996034343,-0.8901291601712884,-0.2204184759661863,0.91454497687038594,0.36849404252721346,0.16679216379404152,-0.067243673424674688,-0.26810859522721442,0.96103905724462957,-25.293679637505914,-10.243569930989578,-3.8412938514134285,,0.2779974297822989,0.2857142857142857,0,2
-0.93831159950843468,0.34550937978618124,-0.013950294179411403,-0.34546057504553918,-0.93841506058230906,-0.0058450972196820803,-0.015110702072675643,-0.00066524587220828158,0.99988560552235228,-2.4734670924687112,-12.864013424357266,-2.6224067993491218,,0.1335750779720167,0.2916666666666667,0,4
-0.99487125696118595,-0.072602065690699463,-0.070428134505415255,0.077016217379262147,-0.99509235123482098,-0.062126602792567286,-0.065571978260989941,-0.067232079927654731,0.99558031473886677,5.3175209463068649,-4.0266752489855291,-3.3582924197574364,,0.6278465760822753,0.2396313364055299,1,3
-0.5595107801682806,0.82737604766791073,0.048954699681548003,-0.82703401619964656,-0.56120708932869579,0.032578197247501155,0.054428144596025074,-0.022259349331052662,0.99826955199645018,13.297002415136854,-3.0007113111640895,-3.3306333161013129,,0.1166981141318646,0.3414634146341464,0,5
-0.50415237691065229,0.86287702076393002,-0.03568792362837251,-0.86208367756148807,-0.50036916212390992,0.080264777315316102,0.051401495478249404,0.071231654711801706,0.99613449776102947,-10.798619959405457,9.7500189989868016,-5.4150433987060955,,0.09278289640741841,0.509090909090909,1,5
-0.78975330249761921,-0.60757184659672814,-0.084535036624740309,0.60322315579959451,-0.7942377484560208,0.072857554410570069,-0.11140711602623264,0.0065460026392375695,0.99375329149048086,-4.0110317290139275,-5.0834342386387803,-3.5308217279257259,,0.3443771573977886,0.89198606271777,1,5
-0.3788318993715033,0.91994335483814926,0.10094858051360071,-0.92305992400478853,-0.38345225412083128,0.030409628506911261,0.066684096416268185,-0.081661451730820664,0.99442678895249059,6.9424551590551502,11.642960924539222,-5.0619556383807849,,0.5389135957245564,0.5254237288135594,1,5
0.079491447717304514,-0.97810391451205569,-0.19233783339738411,0.9912014074003398,0.057071503913881973,0.11942618393213637,-0.105834208587733,-0.20013889141593788,0.97403467311764946,-19.132676951345179,-14.297280062239174,-3.0738387893859236,,0.4508188153255615,0.8653846153846154,0,4
-0.84534853722051984,-0.52970536280839264,-0.0692681689606095,0.52426886729808253,-0.84751017406916096,0.082877377077494679,-0.10260606902670055,0.033745125000342685,0.99414951649014949,2.6481837025219259,11.111791262849144,-5.1168563540519498,,0.1487117946184192,0.8133333333333334,1,5
0.97972336375792979,0.19616328787921331,-0.040768799286502809,-0.18313939080622452,0.9593257789174886,0.21483485154759591,0.081253270961674229,-0.20301235034541487,0.97579910410148352,-3.0739211870587679,-4.5623929366982034,-3.5612427206389343,,0.0832026835306577,0.3264248704663212,0,5
-0.89728511830584834,-0.42173037449642276,-0.13047186552650333,0.43203933615062073,-0.89962910220457659,-0.063320537624988141,-0.090672093200663398,-0.11318555426243102,0.98942791643500505,8.7115214456677794,20.734298742106859,-6.0531635710242524,,0.3375756287161836,0.2307692307692308,0,5
0.69333627707303347,0.71907237653824763,0.047113949039995086,-0.71106548844985251,0.67207710903441997,0.20663550190494767,0.11692167476596937,-0.17676899278881955,0.97728299133789687,-14.641367119493053,-17.626133402368662,-2.4608046856054133,,0.2414458007938725,0.2,0,1
0.96911220021106825,-0.23296474677895862,-0.08092570766004642,0.24424542159176182,0.95206485192874268,0.18416484939685085,0.034142604375268358,-0.19824213598556176,0.97955823618933291,-4.9732009783002766,16.06897324370874,-5.9147366383057713,,0.07660369304374826,0.2857142857142857,0,5
0.26753040260714722,0.96335082342038592,0.019562072899420756,-0.95650033988003658,0.26306722232311547,0.12610605199028091,0.11633822884259823,-0.052448332237211674,0.99182386992615901,-17.780486921533448,-10.536514573944991,-3.420895634767255,,0.2407534582111631,0.25,0,5
-0.94627655120586907,-0.31518585507998514,-0.072239638671747444,0.31017186705555461,-0.94789394633533763,0.072735681670629646,-0.091400774204584576,0.046421366398656849,0.99473159958678492,-11.435478722174874,11.959529905540293,-5.6598790543882016,,0.1686165746660317,0.8,1,5
0.22007195756924086,-0.97185282180880184,-0.084085826593502777,0.97201554334607743,0.21121115186160525,0.10283789585033809,-0.082183434980981795,-0.10436446747607318,0.99113770029353809,-25.3673260737508,-11.245734763983839,-3.7002350193771902,,0.09344077210541628,0.375,0,4
-0.79457159000773159,0.60669166354512649,0.024108374840110001,-0.60698537484459025,-0.79468331918722346,-0.0068685464509290767,0.014991433465697231,-0.020090982813774676,0.99968575529124082,-21.169425688618112,-13.444635523875426,-3.2606034688871999,,0.2923892010030509,0.7017543859649122,0,5
-0.99337781056352659,-0.096311095938410043,-0.062647412389951571,0.090868128063840009,-0.99226348390587671,0.084594100321155455,-0.070310090187595806,0.078341249071702423,0.99444413614425697,5.5119853283062747,-6.1022440202950303,-3.1356334118958062,,0.3743887220424539,0.8783783783783784,1,5
-0.85739894100624359,0.51284878888574126,-0.043048527266333181,-0.5146493709320199,-0.85467453841955021,0.068318799584042397,-0.0017552665461908867,0.080731363891344027,0.99673435072921723,-2.3252184676359153,-15.129876017388389,-2.3345747029410315,,0.3643133754524389,0.8266666666666667,1,5
0.75086917661519204,0.66028795861928724,-0.014672808579112805,-0.64656146799771508,0.73942899056727263,0.18762472121046583,0.13473584419101145,-0.1313947472733967,0.98213118913875097,-15.229999174173829,29.924852582801321,-7.7492481933823329,,0.2134897672741949,0.1071428571428571,0,3
0.986791682619513,0.15021999222284174,-0.060631089793267305,-0.14205945662819178,0.98233821245199782,0.12178155500368607,0.07785426061207408,-0.11155980590330153,0.9907033480368197,-12.147973024796581,8.4361269224269151,-5.3345972392760004,,0.08772655551321107,0.4262295081967213,0,5
0.90126793000892114,0.43278116564288338,0.020410316073508371,-0.42303606019236834,0.8688440860134653,0.25719728998639174,0.093576760546368098,-0.24043796884895763,0.96614335014087527,0.6576621335241335,27.181733030925106,-6.9361956664400068,,0.2601784069881568,0.2727272727272727,0,5
0.24188200982025776,0.96729761431287209,0.076344080778657356,-0.95985590388930786,0.22701908371707133,0.16473912527720991,0.14202019959904169,-0.11312674738047933,0.98337815815329177,-8.9170001083491357,-10.820936216150217,-3.0490259018055514,,0.2226373449540175,0.2857142857142857,1,4
-0.99490869949268279,0.097537932310598444,-0.025358064483543705,-0.09801154540398184,-0.99501966241954787,0.018155119553781969,-0.023460959939901164,0.020548069472873371,0.99951356178875139,-18.409892559236436,8.0869937185088965,-5.5067051224114332,,0.1380956501692616,0.2380952380952381,0,2
-0.45029046193022693,-0.86801165540685299,-0.20927079579463204,0.88311200498509002,-0.46753537142517909,0.039036689377238643,-0.13172580060822611,-0.16723170316711922,0.97707823172453645,12.454322821927503,10.573446390783838,-4.9195302736090616,,0.5795997673797185,0.2,1,3
0.058664627392234318,0.99613677465481343,0.065345142690454036,-0.99495744988630586,0.053009798845828709,0.085144783410754349,0.081351917055898573,-0.070010623526935351,0.99422350514595059,-22.728830505403998,-11.899748662996664,-3.5106834081024156,,0.1857321147048105,0.1875,0,5
0.51505055139505551,0.8529992360389943,0.084351839485235697,-0.84956344551678475,0.49493580271575083,0.18242944727144725,0.11386343376738509,-0.16562262679660963,0.97959392808637435,3.2617724818494418,27.521466512159989,-6.9021994988252056,,0.2618670381130468,0.8636363636363636,0,4
0.8972103747764516,-0.43431887922252133,-0.079878999395282535,0.44143358617885714,0.8870866178482838,0.13495822104549815,0.012244688104320252,-0.156347189246833,0.98762625725921327,-9.6416152311831418,16.584948353648876,-6.1118367134269187,,0.07785440787091842,0.3461538461538461,1,4
-0.91061993704187461,-0.40273569706482182,-0.092602854014143879,0.4025865427793624,-0.91513831193846096,0.021117423976076806,-0.093249159968406006,-0.018050715557474499,0.99547916393717162,3.1011290395394666,-16.44389047331784,-2.0173752693292291,0.08012369822522564,0.154051919030489,0.2083333333333333,1,5
-0.097194050977497767,0.9942243966715345,-0.045510059522129186,-0.99084086741539212,-0.092353826991759383,0.098514699915749709,0.09374268992352211,0.054668269618676858,0.99409440617217149,-12.487463844563107,7.4095187617594336,-5.2200212573782308,,0.1155113476026611,0.5131578947368421,1,5
-0.99491261130581399,-0.052706751945845363,-0.085853911756920892,0.071744065073990768,-0.96896948140284667,-0.23653949614505601,-0.070722591802796705,-0.24149563641858429,0.9678213536595881,-11.372823825087794,1.9467023392903744,-4.5513588386808976,,0.4049832967516468,0.2385892116182573,0,1
-0.93118632594004913,-0.3542988310531584,-0.085815876716598571,0.352887937287923,-0.93513186282817973,0.031599095559418366,-0.091444683273265187,-0.00085874202407183276,0.99580978729031788,-5.4443520779617964,-12.273497592641116,-2.7762660069177842,,0.4267415927102552,0.9315789473684211,1,5
-0.28305788186165415,-0.93258464399935659,-0.22397347452898786,0.95252497617609067,-0.30064697230035564,0.048037150283581534,-0.1121356556886885,-0.19974303447985975,0.97341066097513307,16.376167994741262,-3.7073246209424404,-3.1774689353672061,,0.3774526267404046,0.4905660377358491,0,3
0.98501271638299159,0.16409828011194544,-0.053119704706456959,-0.14952304494385174,0.96591924918811556,0.21128857772862508,0.0859814374997218,-0.2001793158949442,0.97597921796179288,-23.684109116962407,-6.5278798891463303,-4.1418185224879673,,0.09496967013510228,0.2195121951219512,0,3
-0.45171947873531909,0.8902362185027658,0.058557559691177291,-0.89193844032660208,-0.45209623901233426,-0.0074033329419701237,0.019882937379545051,-0.055573968157731343,0.99825658167845954,-18.315066593121269,14.327232217710165,-6.1911003655565153,,0.2352893779725024,0.1923076923076923,0,5
0.94448239929981648,-0.32124482361451828,-0.068954772958363914,0.32732945436778488,0.93814565738509226,0.11286343000627715,0.028432828141968045,-0.12916845137405128,0.9912149542119908,-1.3011157019827788,14.092314368270772,-5.6019196783809777,,0.2376475187366698,0.8584905660377359,1,5
0.66429841626188579,0.74671298344341719,0.03357580243244656,-0.73750963077240639,0.6474792072548593,0.19196411302784858,0.1216024616111878,-0.15228393391835821,0.98082742865422023,-5.8363532536563376,9.5263241150024385,-5.2178283285900928,,0.1347500141356389,0.25,1,5
-0.59843919370324494,0.80098087628670167,0.017325335863902849,-0.79997421154895776,-0.59858777340599678,0.041640585796476857,0.04372404711863831,0.011059536691827854,0.99898242945095295,2.6477793020128142,4.0417114553543128,-4.3696519646625598,,0.08489700023459951,0.2941176470588235,0,1
0.18366840259650735,0.98241611363742742,0.033533528791048983,-0.97457570676168737,0.17753702272320931,0.13668502973089497,0.12832813283767625,-0.057785683591279564,0.99004681964757779,12.536656105022162,20.571967995709617,-5.9914950899563753,,0.2277942215991955,0.3684210526315789,0,4
-0.98675358370790134,0.15238529307374585,-0.055642497198122767,-0.15143991931509959,-0.9882464670712604,-0.020853564659517022,-0.058166277837340123,-0.012150834374688472,0.99823295945713397,-14.453256571241395,-6.3113103795886456,-3.7446823651646088,,0.5950648073712492,0.6465116279069767,0,4
0.95905382221140489,0.28229815666379204,-0.022880490508723532,-0.27035042919137009,0.93654863113843667,0.22313069477049083,0.084418075894541797,-0.20780859524318313,0.97451997219416575,-8.3823123916146756,-13.982862031598566,-2.6895127638774992,,0.1635653383082615,0.2,0,3
-0.83565752218749689,-0.52619980101230168,-0.15744927762955438,0.53846206293343124,-0.84139908934125385,-0.045893128430988583,-0.10832872376672703,-0.12313140082986078,0.98646010853797284,-6.2727102869449514,-16.112904660331914,-2.3593327756874074,,0.7601270444113614,0.4791666666666667,0,1
-0.71356146488298644,0.6989268612888474,0.048283313918663702,-0.70005338224873537,-0.71402042473712335,-0.010004751887234356,0.027482682477401713,-0.040939902627383701,0.99878357342154345,-5.8553080667602355,-13.262860107692914,-2.6913780543254711,,0.451591845747744,0.6612903225806451,1,2
0.03670973955624221,0.99913996293024099,0.019280287795281764,-0.99376627219086056,0.034466408891333164,0.10602199259594584,0.10526628746940891,-0.023052139464515141,0.99417684925194016,8.6189571615298828,11.111756119838397,-5.0125542642575454,,0.09765553250408249,0.25,0,5
0.28023878933496438,-0.9533855457097844,-0.11190273537197826,0.95660365894060484,0.26766687880802476,0.1151689267581231,-0.079847734179005592,-0.1393213667060002,0.98702274346929375,-1.839408564264214,13.195869793144647,-5.529945402584632,,0.1188544400841795,0.4722222222222222,1,5
0.49530042913176509,-0.83798380951944695,-0.22904283417117477,0.86726987853377369,0.46173994209327357,0.18611604891495251,-0.05020401069538212,-0.2908253098665507,0.95545810816127452,-12.624461202710679,-8.052537242167622,-3.4909763573101826,,0.1974835564449716,0.2333333333333333,0,3
-0.99295384611914839,0.10096155653789658,-0.06204372312035538,-0.10346755944004714,-0.99388381816558069,0.038593006259259037,-0.057767842444655326,0.04474058660826883,0.99732700569534205,6.3838087150151281,22.141261537076858,-6.250797840435065,,0.1316034337048919,0.25,0,4
-0.98909017818789691,0.13920129464990219,-0.048203931167754212,-0.138996977728857,-0.99026378400862158,-0.0075814420244085887,-0.048789953827382264,-0.0007985290958758167,0.99880874183038904,8.4983866103796917,21.559282201787422,-6.1490404927875639,,0.1361632993872569,0.4736842105263158,0,1
-0.66260195127865651,0.74893513490319608,-0.0074039090518364268,-0.74842979940919885,-0.66171417517485021,0.044577861422158173,0.028486655086594474,0.035078684128661462,0.99897847644570303,14.394639465557217,-3.4141068853887293,-3.258907512448018,,0.08311349783340206,0.2857142857142857,0,4
-0.037406505261176753,0.99921759926142784,-0.012843001610790722,-0.9947762604497008,-0.036012568865035462,0.095515896736881684,0.094978655548786983,0.016348829009146054,0.99534505111552896,-5.4290291028126454,14.579343059520667,-5.7867240293888598,0.08621031512616228,0.1132684165418036,0.4651162790697674,1,3
0.91014785035956747,0.41405955821334073,-0.013622508507321286,-0.40224698552040816,0.89109516960494617,0.21011130704099912,0.099137546497799947,-0.18575274145730822,0.97758256219896378,6.8804641121820014,-9.1170471998732765,-2.7611417791872057,,0.7684379624970668,0.6730769230769231,0,1
0.038986465471832259,-0.93263961858620115,-0.35869680421408751,0.99429881374102891,0.00055436300298702154,0.10662814672891939,-0.099246785858266878,-0.36080886148353775,0.92734407906221983,2.7749132016530469,2.8337065711895484,-4.2208874834065613,,0.6994249030886723,0.5083798882681564,0,1
0.93524979341075409,0.35398844121857181,-8.6074315026501063e-05,-0.32885414193608908,0.86893403669281677,0.36987645668277608,0.13100678324659604,-0.34589857380505717,0.9290809433967564,4.8157265634806681,-10.859481818040972,-2.6099303722638005,,0.4455612671277401,0.425,0,2
-0.82802528493398853,-0.53976853015953297,-0.15173681609748937,0.54785448565998296,-0.8364541144912262,-0.014141318641941887,-0.11928784536666498,-0.094839064736609774,0.98831976695180102,-5.0636794108907131,-14.660266425219659,-2.4909401493720464,,0.5173475369355101,0.6363636363636364,0,4
0.94074420947570592,0.33756566894781692,-0.032399868606878574,-0.32437979389756572,0.9236046202871494,0.20428473926165944,0.098884183006702014,-0.18166982284365293,0.9783751805003299,11.350190894152176,19.79611206688698,-5.9080185429799377,,0.2079828548808112,0.25,0,5
-0.78698353955426303,-0.61251132310549816,-0.074072852909790127,0.60658446465496652,-0.79007456742288784,0.088529459225636667,-0.1127483734245906,0.02473978534846524,0.99331553260332162,13.98745409113396,3.6705613135702153,-4.0781318841815368,0.2492538777807813,0.2207131791284005,0.7746478873239436,1,5
-0.78088699721839061,-0.59708921111081903,-0.18357552001916166,0.61404686264053066,-0.78768219363960379,-0.050032112731961731,-0.11472553358588967,-0.15179339840112369,0.98173153975273264,9.4833499409850415,9.2398351524215929,-4.7758413873276853,,0.3327246600734088,0.5384615384615384,0,5
-0.13226836542541881,0.99031117023818893,0.042294983262274301,-0.98949596724586031,-0.13443001120411086,0.05316298422625923,0.058333612196286404,-0.034818934348006959,0.99768974711530534,1.2567004334159317,23.224011978873644,-6.4587994153608292,,0.1906211544654824,0.34375,0,5
0.7294222776956103,-0.66793161954975511,-0.14768375810151782,0.67955612708803892,0.68278412270501998,0.26834550847562094,-0.078400324861898851,-0.29609659469094851,0.9519349744987684,17.15396731230728,18.444036699580163,-5.661438951056236,,0.3379299266255665,0.3076923076923077,0,4
0.9676125940499839,-0.22431634088406674,-0.11579312176568639,0.2506392003799553,0.90836975647776319,0.33473030449814994,0.030097492732062081,-0.35291155369144644,0.93517248473334125,-7.388552718067122,20.244911923576666,-6.4079924515996671,,0.1834762935564727,0.1904761904761905,0,5
0.88864721684944092,0.45631495064505651,0.045637591999823486,-0.44702435377184063,0.83972234721396843,0.30827845647130764,0.10234916277435374,-0.29435190742929296,0.95020082270650863,14.7306953195011,-1.5711530417020065,-3.4578667549841406,,0.76135139415294,0.1,0,1
0.056358729921864206,-0.93789595583331098,-0.34230815005359611,0.99358270772849144,0.019010736050655681,0.1114988556790255,-0.098066795932742867,-0.34639539250159374,0.93294862430315695,-15.230089100879626,14.787740427884309,-6.1231106600154259,,0.2674596079274232,0.2666666666666667,0,1
-0.71812777504994574,0.69430524207527367,-0.047251767465455306,-0.69546186214361161,-0.71356799082272215,0.084578488854812117,0.025005939405553793,0.093599964209495359,0.99529581014612256,4.9746538628897667,-14.246373125142551,-2.2379217938332143,0.346784786142868,0.2648976810779016,0.6349206349206349,1,5
-0.84224712153658476,0.53599062034995559,0.057739424661217675,-0.53876993982827759,-0.84060211581442845,-0.055812497039122659,0.018620907624847964,-0.078116181327413783,0.99677034667673114,-9.0511190668717862,4.4312745015959996,-4.7591334477382832,,0.141958538479772,0.5677083333333334,1,5
-0.63057685871619695,-0.76275684458906423,-0.14343925991216336,0.7673739110508071,-0.64040311296034647,0.031955180320048723,-0.11623298107767249,-0.089921348651103988,0.98914308629569114,-6.0987991030494042,-7.3861083969944357,-3.3823993576660629,,0.2100576555308624,0.2574257425742574,1,3
