axis_00,axis_01,axis_02,axis_10,axis_11,axis_12,axis_20,axis_21,axis_22,location_x,location_y,location_z,dbh,dbh_approximation,score,reconstructed,number_clusters
-0.99187836273776209,-0.096825022332250946,-0.082475624174748879,0.099032550028201438,-0.99481604342567775,-0.023099648867265204,-0.079811450103146775,-0.031079813275473205,0.99632533724642081,8.378044892229827,14.21375812400559,-0.97431395191333348,,0.1208973138045194,0.1923076923076923,1,5
0.99329772342065981,-0.094265027420658273,-0.066886001919062174,0.09927907910328683,0.99214660476108629,0.076084026664287499,0.059188656850257891,-0.082214471149738719,0.99485550892269337,-8.8359506131303771,-3.9507785257403443,-1.9827485588796727,,0.09350823721873797,0.3981191222570533,0,5
-0.23845764661798843,-0.95954736790531037,-0.14968900933402124,0.96996153508693073,-0.24295140320083872,0.012216224234507321,-0.048089200671406478,-0.14227952919775091,0.98865765781186932,-7.1196414027694797,-10.391374118887946,-1.9307902759375992,,0.07653362307904453,0.1944444444444444,0,4
0.61328534093573539,0.78977337663069647,0.011794242607563505,-0.78861137445934004,0.6114067117407781,0.065375323415483674,0.04442061083200699,-0.049394801383106472,0.99779104171646815,7.9851968400214046,16.085977068225571,-1.0001162542569535,,0.148817451212457,0.4705882352941176,0,5
-0.75002186398301651,0.65784081567690789,0.068648851242986128,-0.66139191855619039,-0.74511788507056897,-0.085790835271165822,-0.0052852262016890288,-0.10974879761301692,0.99394530423283067,-17.426685688784442,15.643169850632896,-2.4399542407419106,,0.2786538094248441,0.3043478260869565,0,4
0.99279961182562948,-0.075989169841011173,-0.092599010932914755,0.098616500607058871,0.95730949116226205,0.27172288077868884,0.067997915901136713,-0.27889816097910286,0.95791027723664046,-18.956221943970306,10.011527374478161,-2.5285220167300588,,0.3667854085600792,0.2272727272727273,0,2
-0.80671930821341042,0.5904425358116816,-0.024115755429786851,-0.59044803852368866,-0.80703937637419809,-0.0076523712061082674,-0.023980649682754696,0.0080657848854507313,0.99967988454053469,-6.4986283922374071,25.457629107040312,-1.8316379645118992,0.2149876789776056,0.35539771853561,0.5675675675675675,1,5
0.60684126917442205,0.79301704523653616,0.053550350055718982,-0.79373724855849326,0.60111484216067157,0.092963039886524129,0.041531364985625395,-0.098918716623621283,0.99422846128239906,8.8010841806315963,8.3313533289222956,-0.88888372429122364,,0.1900772713101023,0.2857142857142857,0,2
0.96665384659068987,-0.24622529340376936,-0.070380720084771198,0.25161553300252937,0.96433482246497637,0.082146051233737236,0.047644143640916993,-0.097115678804559499,0.9941320739756131,-3.1961085688229742,20.205173091358862,-1.6227777950403326,,0.1634092472670242,0.5,0,3
-0.92041004350359812,0.39083985420197015,-0.0094636243103676104,-0.38865230521216887,-0.9173452118081028,-0.086180902907864801,-0.042364341974970486,-0.075643709190720998,0.99623455661249682,16.559753967552904,1.051619030119324,-0.41945125789064064,,0.08770650544676573,0.2758620689655172,0,6
0.37747780247686308,0.90964510147705424,0.17336752289872176,-0.92560705026529178,0.36505728994812003,0.099923788733819893,0.027606106868321309,-0.19818921366849088,0.97977494275422328,-34.187983421533097,0.86368638985343715,-3.6553214227184347,,0.5447626090362911,0.3846153846153846,0,5
-0.65558761723195746,-0.72568895822159341,-0.2087592202691459,0.75320145380368431,-0.64812668910499738,-0.11233594641881089,-0.053781466325678706,-0.2308838036438495,0.97149381011656877,-7.4095254411328462,-22.111677329468787,-1.6862660914919263,0.243166428191061,0.2573298269496888,0.275,1,5
0.17031404657490778,0.98502712003410853,-0.026733842533187731,-0.98428320791025248,0.17134557060057301,0.04274648595459013,0.046687173454623331,0.019033345288549872,0.99872821107744014,-1.2660963631770215,8.781101986701465,-1.5056472143415371,0.4342438049559842,0.3649469943023537,0.9914893617021276,1,3
0.97760049432860308,-0.18445248630448877,-0.10136347362123906,0.19542911675783342,0.974320788896192,0.11183228803863267,0.078132796006058422,-0.12913667418977071,0.98854387134182431,18.422933669934249,-3.2314973607373796,-0.3417917998211592,,0.3069953773477711,0.2,0,4
-0.8214272982276225,-0.55684648730432296,-0.12320382828185546,0.56553941068337532,-0.82321035687078237,-0.04989873049065828,-0.073636734653084651,-0.11066479981238603,0.9911260935885583,9.6104485249045464,-8.5317686626493074,-0.91809163628251167,,0.4873538342543191,0.693069306930693,0,5
0.62257783730013105,0.78165296953533148,-0.037622755338912205,-0.77950135025111811,0.62367408401401281,0.058380492340919438,0.069097622675293652,-0.0070194120752769713,0.99758520758617031,-13.640445438618091,1.3360374607864587,-2.2722940830874516,,0.0726603272147833,0.3377483443708609,0,5
-0.41391184934519498,-0.88303831517180964,-0.22117937270498861,0.90744349366002808,-0.4195310948981848,-0.023237173399820499,-0.072272309951484801,-0.21032592410842288,0.97495626510229416,-21.035073283013805,1.5190995260362279,-2.7475012967887289,0.7940008696208047,0.5865823627775595,0.9859154929577465,1,3
0.20891606906359084,-0.96867706458258507,-0.13423420070415387,0.97765248452895559,0.20358828774831178,0.052415919204675254,-0.023445587673960881,-0.14218492762377002,0.9895624036791445,5.9932561712679524,-12.712510160887087,-1.1463994811261011,,0.1135208425751703,0.3888888888888889,0,1
0.6464561186581077,-0.72955726285478306,-0.22325027853360521,0.76250716325049051,0.62778282326777934,0.1564338607898767,0.026025230857476177,-0.27135756305246755,0.96212668621811026,-8.0729715761652034,8.663520346152966,-1.9041565792246873,,0.4204798998965391,0.3595505617977528,0,3
-0.51476455136420307,0.85587503501057971,0.049953789690575567,-0.85732972578277455,-0.51401041524120861,-0.027911186158841077,0.0017882807508398226,-0.057194558038330082,0.99836144986811115,2.1536138149111363,9.8439383699081677,-1.2768507440340235,,0.0718248895220204,0.2857142857142857,0,1
-0.37721423481871608,-0.88845023562886905,-0.26146816223229957,0.92092828612816202,-0.38970717968814411,-0.0044052137924507654,-0.097982206849893241,-0.24245513587160419,0.96520204839728008,-24.093939579116395,-6.4651035976827975,-2.8104549833000321,,0.4413949622316047,0.4166666666666667,0,3
-0.99744429230537202,-0.026384574432612998,-0.066398328137421414,0.032444590736481753,-0.99523853657119199,-0.091910847322683606,-0.063657146333911216,-0.09383021664496663,0.99355103450450966,29.074573754002703,2.8253513720883556,0.31186903717744263,,0.5616299593206313,0.8157894736842105,0,6
0.24047793260320194,0.96994202107927363,-0.037186552348164766,-0.96910250629866634,0.24208280176456343,0.047288998461180821,0.054869811522660752,0.024665620496392281,0.99818881527945136,-11.104416161976815,12.536752497579183,-2.0902038985131228,0.3090237431774389,0.2763910442410337,0.9095744680851063,1,5
-0.59234997294427405,0.7999640863205173,0.095806942077796248,-0.80537565823256885,-0.58465189230433801,-0.097735428332889923,-0.022171122645789038,-0.13505415736783907,0.9905901351710954,10.243291709289561,4.5695320822470338,-0.80747394430474562,0.7079035374801205,0.4205224913475643,0.2051282051282051,1,3
0.96557068710699523,0.25837381767495521,-0.030269102064532951,-0.25259230833350282,0.95901088875750684,0.12843380012787989,0.062212329730341957,-0.11636617027557676,0.99125604182013327,-4.5488842526689641,-14.158362468489232,-1.7825139302452673,,0.1080152218104886,0.2631578947368421,0,4
-0.38902928228267675,-0.91518423113722291,-0.10532825169152883,0.91980690987141889,-0.39222546371425648,0.010697390659702679,-0.051102505607996361,-0.092720055499902726,0.99437997024712776,-5.9487886157534682,-20.602539936586894,-1.648345088018865,0.3783838008797535,0.3496544291421601,0.9210526315789473,1,5
-0.88056974164977209,-0.4538448017298955,-0.13646181163096416,0.46357719726220104,-0.88469631063855314,-0.049077694740627613,-0.098453604654046775,-0.10647691714772568,0.98942890287546204,-9.0834678067488781,15.212108856208188,-1.9514342374982701,,0.1998855414696463,0.125,0,4
0.62027259042063509,0.78320259489787114,-0.043076779337794795,-0.78206808719959797,0.62172519979106156,0.042746730035490288,0.0602612691273407,0.0071743494483032244,0.99815685548572819,14.234333297344667,-3.394522913492831,-0.62821343547407738,,0.08313892271136623,0.3636363636363636,0,5
-0.95148539268950061,-0.29498006441973823,-0.087534616543583382,0.30029359572459041,-0.95224922144332547,-0.055183119043550097,-0.067076850442618893,-0.078792016445229693,0.99463184861494947,5.4962110903513839,-18.003028304150863,-1.0683588570335647,0.4724180831318725,0.3306040225091849,0.3333333333333333,1,6
-0.91549180285226495,-0.39612717330864494,-0.070413219474840055,0.39925309472742304,-0.91608044482424611,-0.037330750878947105,-0.04971644859485224,-0.062288692209047238,0.99681913783895693,-29.115517117389089,-3.710001256548662,-3.187286375518652,0.8508990576674753,0.6636838850809896,0.7821782178217822,1,4
0.084094044740349275,-0.93462249421188071,-0.3455560518242623,0.99517861864316726,0.061208212852664978,0.076635968545201244,-0.050474831695473218,-0.35033462288581613,0.93526356893271956,6.3142712446413336,10.281361003422036,-1.0272668232267594,,0.3639685089066783,0.25,0,2
-0.22932436319634547,-0.96272690850246978,-0.14341281703484238,0.97192106316512983,-0.2344694775354893,0.019837113706380399,-0.052723651434207756,-0.13483680413564095,0.98946412407420448,-13.256447609443304,-7.2368177065219257,-2.2147063764672175,,0.1107009630123045,0.2857142857142857,0,4
-0.99830195833330793,-0.0092802676019452784,-0.057507187560503929,0.012195064969470024,-0.99864737827591943,-0.050543983351371398,-0.056960340398149803,-0.051159461450152023,0.99706480688361376,-27.203443253621092,-4.8540328231943812,-3.0581362985958971,,0.7034782622947975,0.1388888888888889,0,1
0.80113900189677389,0.59847261994484258,-0.0026120521047149378,-0.58794000915365707,0.78784007758123309,0.18339726768192349,0.11181612261315108,-0.14539097404293566,0.98303541105628978,-2.3941800955397792,15.091971759256788,-1.546963616151966,,0.3697290525075432,0.1785714285714286,0,3
0.88845971840172333,0.45762607077903467,-0.034895674816117279,-0.45358492540998235,0.8871198230602847,0.085317846751482726,0.070000315844652078,-0.059973318040864171,0.99574251536469927,-5.7765299698015413,-11.787842874879892,-1.8667321930349383,,0.08067551161096337,0.4545454545454545,0,4
0.64131961973686868,0.76727382830181612,-0.00013320522016652082,-0.7632666063154212,0.63798791650244924,0.10195835463855463,0.078314960411759449,-0.06528622212945473,0.99478865905063774,-3.4619504711889837,-25.697074414668073,-1.3541310276346801,,0.2170404848147086,0.4375,0,4
0.79807419611294061,-0.59829447724816387,-0.071563230733590444,0.60246924754697151,0.79435938285536711,0.077614281094557355,0.010410728066210939,-0.10505660076351926,0.9944117494162793,10.765247321543077,7.7263072041076821,-0.77382269763801692,,0.5627051981226061,0.8172043010752689,0,3
0.98427892618701207,0.17649926600585003,-0.0065577864817261793,-0.17256828411951228,0.96893865896691811,0.17713854034466553,0.037618915191576251,-0.17322206631600834,0.98416407827202401,-25.764188370380733,-5.3281846087204521,-2.9400296043761944,0.5794868218278315,0.4226307669934765,0.8409090909090909,1,5
-0.91375259184814162,0.40424108760342042,-0.040562839940105351,-0.40424829941526774,-0.91461080015533724,-0.0083902716926670014,-0.040490904048524554,0.0087308265597567155,0.99914176139170363,-2.6632696659550699,14.164936088127826,-1.5565746167626007,,0.08118476479252401,0.2380952380952381,0,5
0.28390060991725874,-0.93380816840357861,-0.21772172218536906,0.95867492890641559,0.27204885941210433,0.083257424767120364,-0.018515517138014703,-0.23236119020896678,0.97245331657092171,-0.91818732162951044,29.779346800947717,-1.6358619852148684,,0.3178651474574209,0.3076923076923077,0,1
-0.59136342810727116,-0.77198438718391182,-0.23308668310629729,0.80419145935201397,-0.58596994590708351,-0.09957569582446657,-0.059710908571996159,-0.24633174468169716,0.96734444690584598,0.97982096262633878,11.757097809285785,-1.335342468740899,0.8208981618119695,0.6558973800343143,0.3478260869565217,1,4
-0.76892555409517593,0.63933559967698794,-0.0018663453840879938,-0.63859487818697802,-0.76816888465961453,-0.045968969905384412,-0.030823267393076875,-0.034154877052475711,0.99894112467189233,-11.097999664402534,1.311356791324308,-2.1129783596136882,0.4632079931918465,0.548310924936949,0.6614100185528757,1,5
0.67775938127915547,-0.72466073151351351,-0.1245353174420652,0.73519618453335378,0.66527374094603509,0.12999007598761875,-0.011348627040100293,-0.17965988369685529,0.98366332393473799,-16.327880353569263,-4.4525716722989195,-2.3839140744618299,0.4969002333438696,0.2481836174942627,0.3238095238095238,1,4
-0.26140436311973725,0.96411116637706695,-0.046448011895190884,-0.96502177790310995,-0.26004736898693243,0.033291651441385524,0.020018169613754831,0.053525925961401571,0.99836578874443083,-16.435324356184861,4.6374886459496265,-2.4666250379415966,,0.06488458201446498,0.2903225806451613,0,1
0.77679426966710785,-0.62517315538412643,-0.075823402715786373,0.62927719636025747,0.77524544194033285,0.054815279728493795,0.024512705956693623,-0.090294133462778314,0.99561342734461333,-10.216884411301177,-19.814030697073868,-1.8642054496284863,0.544392248625565,0.3211348597461999,0.5,1,5
0.46874127526467452,-0.87914230571627339,-0.085967570415362835,0.88330361941018198,0.46567239535838117,0.054073432830357787,-0.0075055179780124607,-0.10128191596263032,0.99482945307164095,-3.1747181755681511,-8.2839719569301753,-1.790928746742668,0.2793303512009038,0.2203007352098588,0.3627450980392157,1,5
0.91999441385091818,-0.38581967979127929,-0.068945291128981553,0.39052838985536859,0.91727741926832795,0.07803661203185154,0.033133898051370472,-0.098718340677865571,0.9945636400018506,5.4744259712447079,4.3172340110168781,-1.1084808411897729,0.8187107286654436,0.8019281336462036,0.7704918032786885,1,3
0.96010375801336634,0.27708209684113777,-0.037766194655130626,-0.27218002371401268,0.95691054337967518,0.10119410387890185,0.064177944339549681,-0.086877635666107178,0.99414962047038802,-18.874099894146909,18.443275253733379,-2.4759719199435901,,0.525844848193163,0.7560975609756098,0,1
0.77125956850740818,-0.601220712800279,-0.20902710945159989,0.63583974781664643,0.74289437638692646,0.20932214557744006,0.029436254555055823,-0.29434945223764919,0.95524442258783482,-20.850420878055594,29.425002705435155,-2.5850822719299504,,0.3993655950748886,0.4545454545454545,0,2
0.95173171525519407,-0.29563840737045383,-0.082490449537310648,0.30649915765758251,0.92967933390765034,0.20433942952895759,0.016279082670661523,-0.21975956905784372,0.97541822992750793,23.537205788884268,0.40451610423995982,0.003118250309624814,,0.530296178201335,0.6875,0,4
-0.33132891255961988,-0.93804458195494733,-0.10145695622789073,0.94134216817983474,-0.3359431134230445,0.031892741339051671,-0.064000578970411115,-0.084938723846076009,0.99432858707916716,-15.695534890930803,15.807624895690719,-2.3253525821705949,0.2356225493674286,0.2843314162571788,0.8478260869565217,1,4
-0.981505775873449,-0.18004377238263544,-0.065043462033375826,0.1815281447487167,-0.98322765023264425,-0.017632937420655262,-0.060777829766670656,-0.029114048914940561,0.99772662967600045,-2.3755004310616821,-13.302356227812357,-1.6286268043044583,0.6215714989671575,0.5085949620752748,0.8675496688741722,1,5
0.3155134036252365,-0.93374797144820865,-0.16901484535144956,0.94877674219930241,0.30731423126550017,0.073352959881477664,-0.016552510217413476,-0.18350119639405765,0.98288011747488935,-6.3928315426385405,4.45383680302416,-1.7957545558619488,,0.07697442190068601,0.2127659574468085,0,4
-0.853695066573808,0.52042134363300896,-0.019140491079245335,-0.51983491601952603,-0.85378647896540671,-0.028641026916386453,-0.031247294195072692,-0.014500807807374774,0.99940649046242447,-4.4996904956742387,7.518046778717097,-1.7030881334589989,,0.07088977986384348,0.1296296296296296,0,2
0.98907240960414589,-0.13565908571491844,-0.057726779079055837,0.14090036587378801,0.98503137189022782,0.099298959152096869,0.043391882380029952,-0.10634758509270237,0.99338176734248018,-2.8176913107557295,9.1452363848385154,-1.6014723195252554,,0.07486576610508539,0.4,0,5
-0.99809146363964041,-0.030201948924526045,-0.053863461556427586,0.038678023052476508,-0.98570014386397109,-0.16400986835949494,-0.048139804137870432,-0.16578018177003878,0.98498705097572781,6.0830861111100543,-14.765945481306742,-1.0957171105318964,0.7192801480323036,0.6919854492891974,0.7586206896551724,1,5
-0.98705355479645629,-0.14574036056559492,-0.066970346168200898,0.15031930528844292,-0.98620295251497592,-0.069338610516387678,-0.055940919024254049,-0.078507857905778022,0.99534271978337574,-8.230712687199107,27.591086283927932,-1.9331986137343864,0.6861423143898826,0.3422299573659934,0.6190476190476191,1,5
0.70607319454637296,-0.6865059009964033,-0.17369597531375361,0.70799179990396133,0.68935981772179511,0.15339704358077588,0.014431050267693566,-0.23128486679350602,0.97277903718186776,7.1644399652569897,1.7778754252319711,-1.0251460768925935,0.7257210414721423,0.8343088215269623,0.782051282051282,1,1
0.74729588363661381,-0.64317927095090111,-0.16694097076163908,0.66423929447799102,0.72997371770340347,0.16101096588012467,0.018303605414009872,-0.23121158466075467,0.97273129956196491,-6.2780179479835496,-9.3165729836588689,-1.9186988994700291,0.3915066963844598,0.2928159971793828,0.1463414634146341,1,5
0.89266195255579239,-0.44218617808904559,-0.087327099838947791,0.44912051592625135,0.88896880459694494,0.089583629238912985,0.038018424920246499,-0.11918828952745383,0.99214351331150807,-11.813484399909052,5.6880336868165244,-2.0736390078796862,,0.08327159208117929,0.1136363636363636,0,3
0.79615013311306448,-0.5805832482434693,-0.17049356997585247,0.60492358127391921,0.77045880085298635,0.20114844520133326,0.014574853782626393,-0.26327994235649577,0.96460937461232199,0.059614778389358296,5.1998010194777242,-1.4488525163915469,0.5793579871894721,0.5467052212403991,0.3623978201634878,1,3
0.517455757067662,-0.8189053159739258,-0.24826119903677388,0.8557085083260364,0.4946639899287042,0.15188971606479335,-0.001577420667214712,-0.29103542832009105,0.9567109757949781,-21.577901561449497,-6.5653036777734046,-2.6750484575557496,,0.7961832578055583,0.4943820224719101,0,1
0.074927020564327804,-0.94169449130626193,-0.32802046678948477,0.9967400809096042,0.060855918658601175,0.052969503230930734,-0.029919102554499481,-0.33091999366562369,0.94318439612552729,-3.5299696959110749,-10.22898598396465,-1.7834386782299718,,0.1639916510815064,0.1777777777777778,0,5
-0.96672820275991489,0.25248546196835542,-0.041081303329005253,-0.25169928031182826,-0.96752292997176725,-0.023384872660612524,-0.045651443340724025,-0.012266681436780896,0.99888211228724888,2.8274050528905716,8.2311972021467987,-1.2362405634884543,,0.09131643673573792,0.3214285714285715,0,1
0.60774645104875824,0.79412628772387472,-0.0027731540771317896,-0.79191390339123013,0.60630668516412656,0.07255737826680532,0.059301103305950266,-0.041900389869126545,0.99736038445263653,-10.596841191603598,18.020002088067567,-2.0063959824070055,,0.07430607166805521,0.5,0,2
0.83360886266154122,-0.54131509283714374,-0.10988282103607441,0.55168056413543309,0.82577865339948631,0.11720994302934044,0.027291376794542511,-0.15832746399928693,0.98700941986194501,-17.084095313534917,23.087395249333714,-2.2914912217656025,,0.630630822455874,0.7826086956521739,0,1
0.74356034855556019,-0.66420412798461914,-0.077141975759788636,0.66843434947721558,0.74139155901281339,0.059448100587993213,0.017706735862488401,-0.095767596778555758,0.99524622024519893,3.4882802475117276,4.3848157724397252,-1.2397889365536086,,0.06786749171555999,0.2857142857142857,0,5
0.70138897245698806,-0.70808922883442427,-0.081628140517842632,0.71264510061892317,0.69886118720907631,0.061073738845475324,0.013801082550841158,-0.10100834134560795,0.99478984971652917,-7.1472617947285624,8.9722454870129056,-1.8460483663951512,,0.07729263927393425,0.25,0,5
-0.24127008502262412,-0.94681053904562495,-0.21292850731010415,0.96888417538651272,-0.24749993637739762,0.0026900146434058404,-0.055246726226748706,-0.20565404115970465,0.97706407906334869,-7.9861170922560092,1.5214059837425455,-1.9170327244980081,,0.1762597135379924,0.2363013698630137,0,5
-0.95042075434411455,0.3076132923465611,-0.045546153335631535,-0.30806174743046311,-0.95136162359831178,0.0030034837228132393,-0.0424069508695602,0.016885600850806891,0.99895772032746899,-9.5928232468381367,2.7722946716448567,-2.0039698634424834,,0.07346675303047159,0.3169014084507042,0,5
-0.35329824002564114,0.92966230555134732,0.10444305257764981,-0.93540973478917588,-0.35269221130785838,-0.024836105661241444,0.013747059919407631,-0.10647160053143884,0.99422070820509756,7.2147512664685545,-4.9456465422017084,-1.0365876130396405,,0.4420531327113174,0.4705882352941176,0,1
-0.014200377122432706,-0.99256437278258047,-0.12088968182729189,0.99924060879414844,-0.018474215437064324,0.034306108795445933,-0.036284363385358301,-0.12031071958353551,0.9920729689528951,3.3636754024424307,12.686024919531475,-1.2109998717840214,,0.3991517635118578,0.8881578947368421,1,5
0.50304437176134631,0.86393240241577718,-0.02381520722847643,-0.86227504971892677,0.50356487967927499,0.053890171514098195,0.05854996730531787,-0.0065738884764196806,0.99826283378619551,-3.3005098533895221,-5.1927995807714993,-1.7155708753558296,0.1670491373814568,0.1996735419214406,0.8466386554621849,1,2
0.63784050295373318,-0.76192514522403809,-0.11238134127628149,0.77012465152171705,0.63253434927549312,0.082512533018815434,0.0082166848717356456,-0.13917747684864726,0.99023336442868959,18.80277441076009,1.5460770332603366,-0.25593004700124905,0.2456538001418668,0.1631307859565532,0.3846153846153846,1,5
-0.85931700045579607,0.51122570199851991,-0.014918925690983586,-0.5110100220949646,-0.85942409673455888,-0.016092832892021347,-0.021048754028592055,-0.0062051243426255089,0.99975919419915105,-10.365304066396662,3.3349716488828323,-2.06015965144028,,0.1186535606824289,0.171875,0,4
0.49662794985992392,-0.80972466772726537,-0.31258061662857117,0.86785964960645146,0.46882105269803298,0.16439722969708084,0.013427881549055316,-0.35292036356815271,0.93555700466408098,-0.1954525496286883,-11.730626257044026,-1.5564478007373972,,0.3993476044118828,0.2115384615384615,0,2
0.23391250888319484,-0.96927138967886006,-0.07614401708592354,0.97188587144246308,0.23093927724458513,0.045879223143744395,-0.026884774101601117,-0.084735018591847774,0.99604075496223843,16.625846013447585,3.1962135219514343,-0.41311332985117483,0.1048633478275854,0.09887908380417769,0.2777777777777778,1,5
0.13610430351226968,0.98455642875119798,0.11011020465936616,-0.98974852402805524,0.13027595048175436,0.058532349263990376,0.043283689188032735,-0.11694791717154697,0.99219438968354923,-2.3684289008414621,-8.0015018236204583,-1.73479794289837,,0.07278874521455511,0.2452830188679245,0,4
-0.33532650448505252,-0.93431264584439744,-0.12089671296226051,0.9413860535045071,-0.33730318065026177,-0.004343108383203083,-0.036721024727632702,-0.11526683884994869,0.99265559092995326,-5.9956514210260652,-19.325222526005884,-1.7023808929029312,0.2176338349788879,0.1629494021374692,0.4642857142857143,1,5
-0.9294118729170977,-0.35727556375687353,-0.092453999496732636,0.36312130433053164,-0.93003616093611241,-0.056352974123039815,-0.065852022155944892,-0.085947140111971021,0.99412101893308125,1.0742533979396576,-24.520956057966615,-1.10438944319263,0.324744437751456,0.2009378296074727,0.4,1,5
-0.86127075143240561,-0.50285393296941694,-0.073147896922944919,0.50404707441767005,-0.86367266844881707,0.0024634417973260301,-0.064414590723285439,-0.034748293075922684,0.99731806191919692,7.3533373979409973,-2.2713731780329178,-1.042330560889029,0.1639166300800506,0.1318646992335698,0.5070422535211268,1,5
0.50119387033500795,-0.81862651663935582,-0.28045557686294675,0.86529407038023887,0.47727146001160398,0.15322573290145661,0.0084187946531434753,-0.31947234577237665,0.94755820094772125,-2.7015958689347888,-11.835937629923071,-1.6753596242608098,,0.3684175005299745,0.2413793103448276,0,2
0.27059220334834544,-0.94725984593255264,-0.17169345873073488,0.96133775000561006,0.25641511440484505,0.10040428038136642,-0.051084145302017103,-0.19222401876088485,0.98002057973808687,-18.22323954599792,14.53093796426864,-2.4802965177689216,,0.1611255002464785,0.1333333333333333,0,2
-0.21824730004808546,-0.97045683888025758,-0.10286709820082811,0.97477481866498661,-0.22182830382398908,0.024622276889326281,-0.046713690909235418,-0.094898511543173761,0.9943903175255312,-25.398241047586456,-4.9850891998922346,-2.9345746452998309,0.3435481486398165,0.338067037973055,0.8522727272727273,1,3
0.11209683893958541,-0.98221435553010883,-0.15062954056334926,0.99342639974307667,0.10723203835970224,0.040065923709956715,-0.023201012763700242,-0.15413062557388255,0.98777804352341336,-18.11947728121757,21.50044959409956,-2.3796418268325019,0.3810128352028003,0.2149069108457234,0.5333333333333333,1,3
-0.70562564998281363,-0.6985303346293541,-0.11894458242783991,0.70587178317282651,-0.70762496724911106,-0.031810869936355637,-0.061947298623466075,-0.10640619027244638,0.99239118036435525,-2.935389221255051,18.593660669145471,-1.5790704626634913,0.4998078983611917,0.4617252449399296,0.8940397350993378,1,3
-0.98221056685632369,0.18568120941065089,-0.028015903119105897,-0.18102308127444727,-0.97592560976111453,-0.1216546269498336,-0.049930415596968356,-0.11441893498978362,0.99217703103534882,5.7711183673883912,-6.4157816248258417,-1.0840103184724768,,0.08267692655306451,0.28,0,5
0.86858782136919777,0.49381742055893757,0.041225619724004202,-0.4894922318346055,0.8420680914624955,0.22653627593453349,0.077152780524668216,-0.21694627098253541,0.97312988031612979,3.8765410374562186,-17.824836457086185,-1.1603366092765988,,0.1839903826196613,0.1538461538461539,0,2
-0.8871097985125681,-0.44202584147754681,-0.13285089705778375,0.45676305364952141,-0.88212458619154444,-0.11499446620234198,-0.066360516903921404,-0.16269409916301147,0.98444243706464685,-14.750303634048946,13.746442080917188,-2.2958584899341914,,0.08756058685392379,0.3333333333333333,0,2
0.13619198326144238,0.9906491626372711,-0.0081228234861514381,-0.98995161727890535,0.13640182300661577,0.037287238129828044,0.03804653916184271,0.0029629793357437138,0.99927157550450785,5.0447189313926257,-9.5462298994602897,-1.2324427884413147,0.2833941096979717,0.2863020258103843,0.7789473684210526,1,5
-0.36325500143384298,-0.92584457196007097,-0.10419996403727858,0.92991470981004165,-0.36718869294632861,0.020762857492917498,-0.057484227508100963,-0.089354867491582321,0.99433961564616202,-1.9040291944397718,10.966691556572121,-1.5427804323070529,,0.0846704862982602,0.1351351351351351,0,5
-0.66302338073984024,0.74852107133778811,-0.010779719645829989,-0.74856579026241954,-0.6630605008074959,0.00017296737240061029,-0.0070181365840326542,0.008184010767494778,0.9999418821744821,-24.159382250999261,-5.5346928031536651,-2.8435203238008211,0.150008257473429,0.1099723102929491,0.3,1,6
0.93362860452625762,-0.33295709528445688,-0.1322013672776865,0.35562175383243577,0.90593874266188623,0.2298002670697819,0.043252711030582557,-0.26156178475445874,0.96421711027370138,7.0847011638568338,3.1050751644531323,-1.0221716785716795,0.3071197130389969,0.2863687592659818,0.2857142857142857,1,4
-0.24266223787404972,-0.95200886789254979,-0.18653191084611578,0.96888501403142246,-0.24749635213292207,0.0027175846309864236,-0.048753132158744689,-0.18006851788927977,0.98244514400035066,11.558783642569731,-11.667068033347313,-0.80274840566744576,,0.0753437065477222,0.1,0,3
-0.9910475966857617,-0.12073127944376986,-0.056996660141149499,0.11959520450604351,-0.99255740119614289,0.022951958302419525,-0.059343476158150318,0.015929955889102451,0.99811050908345711,-7.9130550800609347,3.3099188960523835,-1.8870461005409438,,0.06959512869659099,0.3571428571428572,0,5
-0.55302442608078806,0.8296987020256873,0.075921327799933283,-0.83316496580629207,-0.55068504903659432,-0.050814530604579175,-0.00035200996423431492,-0.091356667104561709,0.99581817389749006,9.539781540267068,27.660160625740097,-1.0703652172383138,,0.669536074936975,0.4,1,5
-0.88023881254676439,-0.46722549110701839,-0.082945604742315493,0.47068242270419508,-0.88187498585879087,-0.027469369739178372,-0.060313264242390426,-0.063220643593400003,0.99617541647044527,-11.884457507941976,17.669647149851752,-2.0695285616836601,0.4777599091402591,0.1663484052698479,0.3571428571428572,1,4
-0.94682014395901304,-0.29279454732243249,-0.13342776342158313,0.31186913541578298,-0.93712600059898798,-0.15662854585406163,-0.079178642123025292,-0.18991106355238432,0.97860335712277036,-6.3551987891765025,11.890528379061827,-1.8002815766469951,,0.2774229872047235,0.2413793103448276,0,5
-0.48268192960557676,-0.8726977876517984,-0.073598412074531605,0.87384965980098683,-0.48550487419628885,0.025918896530229465,-0.058351751455599246,-0.05180336436276383,0.99695109435857598,1.7506543171275695,-3.058519150661887,-1.3139991280292052,0.2362824760040171,0.2087240812561587,0.8814016172506739,1,5
-0.99782801754592598,0.018399551721942586,-0.063251117751367852,-0.006167720278228643,-0.98207626148060179,-0.18838305619893847,-0.0655835850418027,-0.18758377630465395,0.98005669236036996,-5.3958731369004056,-3.9548472490180573,-1.7489035258031491,,0.2172879511367432,0.3466666666666667,0,5
-0.96286278116424462,0.26753752550357879,-0.036317173569518191,-0.26627295400247425,-0.96321939042496429,-0.036154112852578475,-0.044653987676944909,-0.025141168564383483,0.99868610835825955,7.5903422219521666,-3.1655759287938814,-1.0393413092117303,0.1010000971285135,0.08611650993477811,0.2352941176470588,1,5
0.60913924192218805,-0.78775836563984925,-0.091575877363491334,0.79223636538584363,0.59916196871487148,0.11561347934365147,-0.03620670256579029,-0.14297444740285073,0.98906389180839038,-2.2739572279621392,8.0584498045119499,-1.5703065187910286,0.5149081630086663,0.5758094572119211,0.7821576763485477,1,3
0.9983228812941255,-0.026075645264931727,-0.051686414158973064,0.036507495846342455,0.97647606732979353,0.21251280591806715,0.044929137890958169,-0.21404333826624505,0.97579035756263621,5.8003365809715861,-4.9754991574862615,-1.1006709211731012,,0.1198563002259178,0.16,0,5
-0.95171624801469046,-0.2694833825126996,-0.1470200320172583,0.29151779838073089,-0.94346691673136673,-0.15775788493974338,-0.096195407853458148,-0.19299969840112147,0.97647199648785876,-14.22619442707,6.2311119680019633,-2.2147068638162972,,0.325205644381396,0.2878787878787879,0,3
-0.90366538311991085,0.42598699873839113,-0.043862880167695142,-0.42679874672972173,-0.90428303069369043,0.01072521278930187,-0.035095657006052168,0.028412625807815246,0.99897998856534742,-3.5866520786792573,8.8018706566172149,-1.6576289331421363,,0.06525884308746843,0.2894736842105263,0,5
-0.66055188412661892,0.75077892851215222,-0.0014862297664215516,-0.75067350520426568,-0.66048994582463405,-0.015566632548921825,-0.012668739523528668,-0.0091668951513984888,0.99987772806087061,-6.559447735745799,14.718042088417006,-1.8081957961052335,,0.08774147638719137,0.1891891891891892,0,3
-0.16901042031956806,0.98331832378913631,0.067235049817243597,-0.98539717476952438,-0.17001125873302289,0.0094116874285829558,0.020685400156708555,-0.064662554887178841,0.99769277245844601,14.042011626220127,4.4500381205331161,-0.58237585133345704,,0.1277472928631994,0.1666666666666667,0,4
0.37207726688871862,-0.90723007992111326,-0.19619400997724479,0.92811865152374828,0.3608095731402185,0.091718158638906436,-0.01242079539963495,-0.21621756176754753,0.97626619823946414,-22.364601445797589,9.1032454093819055,-2.7433550966049673,,0.1604586456556116,0.3333333333333333,0,1
-0.63772529984083315,0.76558217801772988,0.084796053236860527,-0.77026021946010059,-0.6341854711732946,-0.067141510781217481,0.0023740809163687675,-0.10813286667029297,0.99413361621336793,3.1526448588084479,-18.954059549459753,-1.1711492114697764,0.2877842451368853,0.1911292319427403,0.625,1,5
-0.74455193461328639,-0.64534066986958027,-0.17081521148859602,0.66527679922663108,-0.73846415167682877,-0.10989757549186611,-0.055219535260460417,-0.19546384960013188,0.97915508803514684,-19.809693328018245,14.749892925560358,-2.5723981182254416,,0.3268337742035465,0.1935483870967742,0,4
0.75788688516363656,-0.6428794528055024,-0.11096611400539033,0.65145825918801126,0.73671313471305278,0.18126194768067588,-0.034779388043575402,-0.2096658443852116,0.97715435211922874,-32.439118777924406,-1.7681279004794304,-3.4634384944893863,0.5931435814254861,0.2279777934868185,0.5588235294117647,1,4
-0.93668677120892296,-0.32546344285512235,-0.12919535598113269,0.34472603332508206,-0.92186666133130657,-0.17699101862473904,-0.061496785201793851,-0.21032214835998314,0.97569602813534295,-4.5603113064399929,-5.7872216840217918,-1.8436311138730113,,0.110102184409277,0.4245283018867925,1,6
-0.99766931133320969,-0.06118175200574396,-0.030211561452978822,0.063266238431698527,-0.99527245197996195,-0.073689411752964271,-0.025560287530130513,-0.075429036526407242,0.99682352106582806,2.831575756932728,10.932301087187083,-1.2307901922894331,0.6735835114378208,0.296905754132412,0.588957055214724,1,5
-0.95199523043851952,-0.29482330681409474,-0.082366856086128731,0.29834274342516226,-0.9538518956373242,-0.034031876742721533,-0.068532391377061685,-0.056971738153983618,0.99602084937206836,5.2893230626653596,13.994633235319629,-1.1443188706488141,0.1468241235416901,0.1041739568223944,0.4473684210526316,1,5
0.95819808557401354,-0.28430506427710184,-0.032047764800183252,0.28610406803422739,0.95179306265800234,0.1106093491996317,-0.00094395792333995955,-0.11515466253041123,0.99334712595393659,18.372550389981029,-9.8435840907595367,-0.40271742475566541,0.1900858956485128,0.2237501435676598,0.6666666666666666,1,5
0.99362504095896764,0.10474119167312629,-0.041696051925592913,-0.095164280284130612,0.97756942407401393,0.18788768153767363,0.060440365132018899,-0.18272193049136784,0.98130507915745258,-0.023702286249239868,-35.014105391744181,-0.69136722520207317,,0.4062138692367497,0.4074074074074074,0,3
-0.60699956987949655,-0.77897405558741373,-0.15732432389113002,0.79008439321048785,-0.61283928961237077,-0.013951942969290624,-0.085546325294074077,-0.13276831636011646,0.98744842923546106,-13.839147795281464,12.699711471419926,-2.2624509595055478,,0.2884644649726506,0.1904761904761905,0,3
0.70839206621249728,0.70559044631286916,-0.017966708078929063,-0.70152491398242178,0.7066576821332009,0.092183053453909758,0.077739794115647201,-0.052697650366374263,0.99557997270772736,-15.122301648703578,5.2590713039181818,-2.3189354790400412,,0.1089646132016999,0.15625,0,4
0.54535392991459219,0.83747414609569748,0.035016364003021244,-0.83599461675353137,0.5404079691624758,0.095248242108737016,0.060844818068804055,-0.08121749495626425,0.99483748754618362,-1.1076254416651679,-3.2897677936065195,-1.4790302167355696,,0.07325019268267444,0.1931818181818182,0,5
-0.52554618482015636,-0.84629289623274895,-0.087117974075178309,0.84862025409098685,-0.52873218250631526,0.016909864832611362,-0.060372775052392622,-0.065043162346966416,0.99605447394426139,3.8457847607538169,7.6516196359136774,-1.1740967043317865,1.00672322758746,0.9524240992979056,0.7311827956989247,1,1
0.69779079169469516,0.71622119032916332,-0.010733943803029323,-0.71229415916441741,0.69539189148245018,0.095221573609740609,0.075664006280039373,-0.05879901175985873,0.99539822903686059,-9.3885339870817361,10.50930353103951,-1.9922586191333156,,0.1557552962977677,0.3809523809523809,0,4
-0.96578098023255488,0.25494842646616822,-0.047627702689409308,-0.25560801652505755,-0.96674563212605902,0.0082112516289039681,-0.04395042786107816,0.020104293263184084,0.99883140583544783,8.7097370382676154,-2.735645152617411,-0.97584034746946091,,0.07609460023261057,0.25,1,5
0.67975612381925721,-0.71916163828754409,-0.14400746559048216,0.73281451490866334,0.67405329856484653,0.092924902114717545,0.030240682356698214,-0.16869703230769956,0.98520394458263127,21.633516093304397,6.7103699140994344,-0.121352615146868,,0.1858418999121994,0.3684210526315789,0,5
-0.76030172314239386,-0.64435265409640763,-0.082164146351198925,0.6452635007677211,-0.76373596593305049,0.018503754140577942,-0.074674656769826264,-0.038949088554481384,0.99644702023593978,-7.0374098612501976,21.03463920931954,-1.8136336158664768,,0.1858366624480719,0.8269230769230769,1,5
-0.49922227812107905,-0.85835246290337219,-0.11835610020322426,0.86438784273062119,-0.50282522312735023,0.00067255217953493399,-0.06008971931290407,-0.10196982109745151,0.99297098709793685,-38.516272974209564,-0.41430144594626728,-3.873156111584215,,0.103455870458507,0.1538461538461539,0,4
-0.8033753405845242,0.59505081471119436,-0.022418520295592752,-0.59529013321149138,-0.80349218031098502,0.0054748041193035234,-0.014755319100076119,0.017743846557146965,0.99973368277137264,13.910707107412598,12.658897652586511,-0.64610412111116144,0.2887846716390869,0.2765840166890676,0.5333333333333333,1,5
-0.83393739931621591,-0.52963464843684316,-0.15503403883305045,0.54860851822167567,-0.82608542026160026,-0.12888588815627822,-0.059808927062133019,-0.19253575669572889,0.97946560666379689,0.24079543109821525,10.002211893024027,-1.3920133104880363,0.7691246497572515,0.4024250671841857,0.4333333333333333,1,5
-0.30617630899538945,0.95108991767653062,-0.041037011392261798,-0.9518356923512189,-0.3051100235408149,0.030276860821388533,0.016275213554180521,0.04833054964483826,0.99869879112512816,-4.74279055569043,3.8781728307940266,-1.7321062752262359,0.2880038742342254,0.2365031239402588,0.9287958115183246,1,5
-0.84100323865891247,0.53936089351953664,-0.042466211357116652,-0.54031183769997881,-0.84133867739116308,0.014572164113818044,-0.027868810640067878,0.035200233912509572,0.99899162805601771,10.69341535301197,-2.4130687560334381,-0.85102573310939456,,0.08420074715132712,0.3939393939393939,0,5
-0.97374120796859853,0.22268114353763377,-0.04734097819673997,-0.22342875503339671,-0.9746574256920959,0.011067699285809116,-0.043676668005685627,0.021354410692557762,0.99881746971901375,-12.584754935246348,7.0896216857356196,-2.0996226363987716,,0.06915807556716869,0.2307692307692308,0,2
0.043574759481477494,0.99375587337537175,0.10271564860371171,-0.99778156672184337,0.038109212607101851,0.054586014917451249,0.050330760437657697,-0.10486635326174219,0.99321189204889626,-10.787899373044217,9.1817691904314849,-2.0641700335665236,,0.5397421672774553,0.4260869565217391,0,4
0.7751231707798818,-0.60245380812487392,-0.19035093694536581,0.63147034794103918,0.74859020772320839,0.20213337322704955,0.02071882697847633,-0.27687923355997701,0.9606813312602025,-5.285459119162522,-15.989673972729104,-1.7516819155569443,,0.08173938046253021,0.3125,0,4
0.095223388193533806,0.99442722081754176,0.045243881774719268,-0.99539094824241392,0.094599464461373961,0.015741711491766654,0.01137393942362689,-0.046534329486116667,0.99885193581494669,-13.375963376728402,5.1362552776632562,-2.1831871486572716,,0.06666891175586839,0.1111111111111111,0,2
-0.95706265825920467,0.28944976919241661,-0.015808202942769731,-0.28687371413337709,-0.95355901364870022,-0.091807840779739427,-0.041647812729415729,-0.083330898253728761,0.99565125475292859,-16.711149683103525,1.1426562014129611,-2.4470965423652622,0.7969387508436783,0.7266016776158952,0.9964114832535885,1,5
0.82896212951978443,0.55722303639734061,0.048210740817315953,-0.55884905793876671,0.82172514248552242,0.11160430389596492,0.022572511224479549,-0.1194582685094592,0.99258259294717899,-28.202257878206261,-1.5205979551956306,-3.2165592637649776,0.4307194028447474,0.3196659517018089,0.4615384615384616,1,5
