axis_00,axis_01,axis_02,axis_10,axis_11,axis_12,axis_20,axis_21,axis_22,location_x,location_y,location_z,dbh,dbh_approximation,score,reconstructed,number_clusters
0.29799289365884518,-0.93060372741651665,-0.21254867171383152,0.93506951772813585,0.32935260035652869,-0.13104145013721832,0.19195111967503753,-0.15969836303756743,0.96832391300567489,-15.266960945304469,-3.0157110197129233,-0.71993796434285684,,0.3442752561552831,0.1685393258426966,0,3
0.88441274576416906,0.45766499299988694,0.09141580449953414,-0.44928993481083984,0.88792643470961874,-0.098616433830965716,-0.12630379886430559,0.046145430177638724,0.99091773102824565,23.241700892009149,1.3467114399969347,-1.7991171493217801,,0.09223889520078685,0.2916666666666667,0,5
0.0049777293075630854,0.98721938276615895,0.15928939858554519,-0.98414612697915105,0.033077385805840992,-0.17424777559609866,-0.1772896583641512,-0.15589668642744017,0.97173278230080673,-0.17682184848179666,19.916225706638311,1.3720614863378542,0.2554059420540022,0.1782987796413837,0.6341463414634146,1,5
-0.95427977018455168,-0.29609770246448602,0.04094228635254938,0.28499599877381421,-0.94257865322926859,-0.17413432504654727,0.09015209869679959,-0.15450447589553268,0.98387040103298762,-19.660008978958327,-9.6471610322504002,-1.2176492773297181,,0.08147137722307596,0.3181818181818182,0,3
0.31358098562796693,-0.94920119229145183,-0.026154579046141265,0.94222001741296113,0.31445694906022348,-0.11549141082373586,0.11784907398411594,0.011572542513387652,0.99296408395312263,-7.9377327560926352,-20.466566929635189,-3.7267638731599089,,0.3184087531893288,0.4375,0,5
0.26876306787497667,-0.9625477051071557,0.035613603291139162,0.95456971807581026,0.26123084012684111,-0.1433705042862482,0.12869757837309553,0.072528363828040981,0.98902809351470333,-9.3806099673788523,-3.4023835144804897,-1.3371764657212153,0.2144646245907875,0.2026727226716706,0.7872340425531915,1,5
0.94704664982339459,0.30142373507264514,0.11066334078248072,-0.30844780055894616,0.94978258826828188,0.052659181086978216,-0.089233387185695748,-0.084004565097727496,0.99246190639948939,-5.411653074521408,-21.873853705146711,-4.2043269141683899,,0.4136154242900997,0.3636363636363636,0,2
0.903993652404814,0.41999995923653699,0.079971936659767554,-0.41126881551133165,0.90535056152023341,-0.10582212501602341,-0.11684792595383449,0.062772565634263949,0.99116404656544199,-6.2305464632506711,2.6504426895724493,-0.81302601632186866,0.4924508518711493,0.3860643422882543,0.9183673469387755,1,5
-0.42293250472380128,-0.87969560501034283,-0.21740225153742018,0.89225741263483904,-0.36241412049506283,-0.26931898348236388,0.15812908033070797,-0.30788252271163119,0.93819163616101775,-15.369642655390091,-16.262163744468872,-2.5175548109611454,,0.2311263863082725,0.4166666666666667,0,1
0.42420027079026895,-0.90547205307430423,-0.013209517889278917,0.89832924318288898,0.42260516894484029,-0.12003933531789232,0.11427467393924541,0.039054222339047026,0.99268125126526496,-0.94647306142378618,-6.6256901743987049,-2.5284892274543767,0.353428706042745,0.2937385661309812,0.75,1,5
0.29713976639651168,-0.93421622196436427,-0.19735250149024275,0.94667366011754039,0.31520334005538114,-0.066752046092923151,0.1245670119473309,-0.16699372753658004,0.97805733701964137,3.0843193986937143,-1.9606191456127859,-1.9118420682646475,,0.5135377199309642,0.2657657657657658,0,1
0.69358817772956105,-0.7153895352788342,-0.084576903036946399,0.7166637659673849,0.69714287810355302,-0.019617697595309087,0.072996481170210778,-0.047006598717936346,0.99622381692757112,24.991302720002977,8.1665273262467277,-0.67263957461816226,,0.2557905910747282,0.3529411764705883,0,6
0.81489085256603555,0.56371911872668967,0.13480969396228099,-0.56369623402364255,0.82491158079541793,-0.042040927881859848,-0.13490535256898609,-0.041732949232101538,0.98997924563933593,20.512593242888837,8.9279973614970274,-0.40322174388783277,0.2614573826864968,0.3199830915850697,0.5581395348837209,1,4
-0.63834980059738822,0.76579957565483014,0.077849483005077449,-0.76590018220073008,-0.62180566024420469,-0.16356843152992073,-0.076853386276497238,-0.16403880886897379,0.9834555537504911,-18.832350529494274,-10.972375764378704,-1.4636950276043288,0.3437637306505327,0.2952630823515598,0.8662790697674418,1,5
-0.89116195023123956,-0.45129907170033895,0.046470704131384301,0.43361875275610168,-0.87739184861570707,-0.20532491626920432,0.13343596111355049,-0.16282718404838137,0.97758997152005322,-12.737049916318908,-15.163308214470602,-2.6194566371126484,0.1667271590831259,0.1632447679104274,0.4666666666666667,1,3
-0.24234294366092246,0.96161833500632166,0.12868595664418006,-0.96136923698802057,-0.22017168130323064,-0.16520781133221121,-0.13053385702885578,-0.16375166726411527,0.97782733835651814,-1.2031114648638115,19.128587308965713,1.2390290351138236,,0.09735478591921948,0.4444444444444444,0,2
-0.1098239328143347,-0.97823134139586554,-0.17607426413884844,0.98532639337186689,-0.083863383925852367,-0.14865675686390367,0.13065451506159745,-0.18981668932775536,0.9730873661427677,-7.3654204246212132,12.042557933392869,0.47997545743950054,,0.2805176470203127,0.4110429447852761,0,5
0.86458310909951153,-0.50184180481529295,0.025511769823972977,0.50167881772497969,0.85919100929627146,-0.10054438517650408,0.028537892457027328,0.099727691661763304,0.99460543745242402,21.189936281775378,3.7056839529422629,-1.2764467374859656,0.3221703189855386,0.1182751132013808,0.5217391304347826,1,5
-0.89015041811585638,0.44501101247865182,0.097966483558875675,-0.45544863019162207,-0.8622657489138853,-0.22150468055224512,-0.014098878846961184,-0.24179118474978023,0.97022587297626572,-2.2030772514050843,-12.474644252626112,-3.2405416133667653,,0.09279051344019154,0.3488372093023256,0,4
-0.71813973646326623,0.68815594705376237,0.10352155064048066,-0.6922372183763521,-0.69117219396332386,-0.20757801373579052,-0.071294827351225526,-0.22073149033716188,0.97272537582119989,19.580017905848877,9.4746042529991232,-0.308069354412015,0.1845067859384464,0.1613064968255143,0.3684210526315789,1,5
-0.84269409464962608,-0.53296082668779698,-0.076285123444266051,0.52625179332392036,-0.78546044521659564,-0.32574674061839137,0.11369130514689706,-0.31465003768696359,0.94237446958074356,11.334226181342714,-12.660340746668391,-3.8634794150329355,0.4748322119206222,0.4394935257457895,0.4142857142857143,1,3
-0.98652812126847533,-0.15740101425653338,0.044577871836891492,0.14367991840687463,-0.96395307180065304,-0.2239431990766371,0.078219863162022826,-0.21452131846765038,0.97358217780001244,-17.033401357810938,-14.723834743523504,-2.0792181016507305,,0.1012558874742147,0.25,1,2
0.86304059549540157,-0.50493498992480346,0.014198115247493068,0.50470624891422433,0.86081085699400317,-0.065393201391146974,0.020797423731695335,0.06360286495818028,0.99775855933950086,-14.536680751735137,-5.819213284444225,-1.1566827620191182,,0.1511670013578175,0.2136752136752137,0,5
-0.98391794873533778,0.16447751728781254,0.069660723964687546,-0.17750844445779243,-0.94382668819866933,-0.2787147911218722,0.019905333521995867,-0.28659785231360574,0.95784416725614041,11.194713192023093,8.5235229503829117,-0.31121634842169782,,0.4798436638479624,0.1954022988505747,0,3
0.44186662071510163,-0.8969402796637348,-0.015875270534972723,0.89073413042860283,0.44077312957997422,-0.11095835763869892,0.10652041300811198,0.034888149234621794,0.99369825332218686,-16.144568171237683,-5.3265718306658663,-0.94228978196892776,0.2316329947369614,0.1025814533318869,0.2380952380952381,1,5
0.72113838640343098,0.66431518377288612,0.19658271608727826,-0.67697894955278115,0.73599286337618353,-0.0037425822287091483,-0.14716973030439345,-0.13038344092760482,0.98048010118207352,-18.580472979072571,-3.7426685590587936,-0.56906496906677428,,0.09157638830471142,0.2777777777777778,1,5
-0.62880644997000301,-0.77196649414072038,-0.093113803489102004,0.75838040238566851,-0.5824467227339255,-0.29260037671517314,0.17164385731354806,-0.25460468789987889,0.95169051647367564,-5.1585042645329109,15.27371657363947,0.59116397730878678,1.329622034960753,0.5094729531079103,0.53125,1,5
0.9988215735050554,-0.014395841468195673,0.046348937952330707,0.016851794197510667,0.9984501199497543,-0.053041257570384026,-0.045513529122791281,0.05375981511078378,0.99751611563224618,-7.118237087839077,7.846037067108643,-0.042832555198434,,0.08479671213388681,0.3653846153846154,0,5
0.94178728577185822,-0.33411539988258437,0.03746475570156365,0.33384179089431326,0.94253214710363475,0.013520736987724744,-0.03982922307746882,-0.00022635705047655401,0.99920647603562507,6.7050487166263686,-11.921796474234498,-3.5867850494510702,0.2839563524814885,0.2996850166919434,0.1818181818181818,1,5
0.067228316297536034,-0.99773655851932685,0.0014537131106360749,0.98674496701155623,0.066271867145142535,-0.14812970567195213,0.14769808246947913,0.011392954801373758,0.98896687356843893,18.587066899066752,1.5665431661447804,-1.6306614076887367,0.2805740744172431,0.09966996716976392,0.1538461538461539,1,5
-0.93381942403178253,0.3415454900007065,0.10643289698737568,-0.35765819755303357,-0.89786184453744988,-0.25675809986623988,0.0078674661780842644,-0.27783229902943979,0.96059737486209662,9.4942306424799607,20.692484145456564,1.6367388459939112,,0.2359523333005221,0.2941176470588235,0,6
-0.96195211824490701,-0.27028401864266266,0.039933337833301823,0.2570848233544939,-0.94491060638253965,-0.20261130162596944,0.09249603129283171,-0.18463611567662941,0.97844467855005568,3.2551304315615415,5.8048632102559239,-0.67325658895086649,0.4007240807992721,0.407011588651097,0.9426229508196722,1,6
-0.12121284801764576,-0.97999398615029532,-0.15785826739422082,0.98039355844244502,-0.093305300949371103,-0.17355861078986445,0.15535738167210297,-0.17580076201200479,0.97208959259730121,-13.271365012324804,6.9521103523037846,0.37541899946822649,,0.2958294890970941,0.1470588235294118,0,2
-0.27813476695205169,0.92731394828522407,0.25045936342687941,-0.95213885980997126,-0.23174913790666496,-0.19930862680598385,-0.12677792809593172,-0.29390675119021575,0.94738913786918455,-17.48937813635094,-7.5803847107687936,-1.0888121781958628,,0.07942602501807779,0.3,0,3
-0.22886675870815798,-0.97058076019208328,-0.074786326981460455,0.96141992035711943,-0.21332403477678194,-0.17367956968815598,0.1526163277599436,-0.11165054469867317,0.98195845755793443,-1.7597921496244824,8.5216821815629267,-0.14093874944584406,0.3582622751042354,0.3720047141989206,0.1808510638297872,1,5
0.69732659459161883,0.71203394949222032,0.082117447876604591,-0.70465199754865193,0.70200296711161592,-0.10323466722561296,-0.13115327989017814,0.014124055260388978,0.99126148328130426,-13.235338393443651,-17.71147228943423,-2.9013441062224206,0.3339974723286929,0.3659183519953769,0.6756756756756757,1,4
0.72166859803146333,0.6875486062745122,0.0804446929590691,-0.67767847678326099,0.72541189475369716,-0.12053823067629243,-0.14123142964659816,0.032473018951554015,0.98944387729681327,-10.334913510427407,11.419177089895301,0.66148350837015735,0.1654228442007081,0.1646723300342732,0.5454545454545454,1,5
0.9768588503116622,-0.20833736024810862,0.048397633130431328,0.21251921929865378,0.97097637530308434,-0.10972903003296682,-0.024132301930580899,0.11747520133259974,0.99278255880902633,-16.295313018133321,-7.7623840773726656,-1.2306457352828779,,0.07862126699951731,0.2873563218390804,0,5
0.94622847379908581,0.29793591591609575,0.12603914224990428,-0.29788087421765636,0.95439918916010824,-0.019727455635611346,-0.12616917272923409,-0.018877969641021272,0.99182909924797791,15.977318203507059,-11.846575403264367,-3.7700949349285273,,0.1428492727796873,0.4666666666666667,0,5
-0.3923848261592584,-0.91971271191412984,-0.012754440149434918,0.90889711449170685,-0.38556709976860332,-0.15888375261390869,0.14120971449804184,-0.073936047497717761,0.98721490943552792,-6.2229237231310393,5.0825484553435132,-0.46581469080761334,,0.1719125183712023,0.2340425531914894,0,5
0.35013927269653533,0.93425817117565857,0.067558562055870672,-0.92342706959459175,0.35637729565793419,-0.14239968496975192,-0.15711440689984016,-0.012525682857752313,0.98750097236076717,-15.36001500497834,-9.5400482671031099,-1.5429687792986615,0.742285675333104,0.6294372991330835,0.9924098671726755,1,5
0.57697061675746886,-0.81544680061951713,-0.046383431933195308,0.8129029180028905,0.57883174683122429,-0.064363458287300515,0.079333179067105505,-0.00056940294081552726,0.99684799366774046,24.089057282109604,-13.811607350459591,-4.2655684821960156,,0.4715985833149685,0.3076923076923077,0,5
0.53443095663155094,-0.82414743436628035,-0.18752215608125802,0.83798105422714131,0.54561278498992927,-0.0097181074239298827,0.11032363912713919,-0.15194635659670017,0.98221229852142167,-10.643677424224093,16.242711480243528,1.2709590985369745,,0.2344977786467292,0.3333333333333333,0,2
0.51480308281762144,0.83693485306455628,0.18578976733739022,-0.84234227670392836,0.5341120612331286,-0.071998575836890857,-0.15949067307750256,-0.11943348680796083,0.97994814527615559,-6.2827237151044191,7.5693452465035351,-0.14705212080176741,,0.0910707369459447,0.3116883116883117,0,4
-0.61503975637685027,0.76822586404284476,0.17763760832528744,-0.78326732565479995,-0.56935320227136388,-0.24965822162492407,-0.090655361879378629,-0.29268746621433395,0.95190107284504688,-12.694745029417215,-8.8616966486073316,-1.6838444343468471,,0.6213554842716068,0.3667711598746082,0,3
-0.74892246111198957,-0.66251395441073824,0.013798820710707082,0.64742341127160252,-0.73598576862936382,-0.19790875400670388,0.14127304689643197,-0.13928463155025686,0.98012331756494186,15.02979139442377,3.7189443295272961,-1.2072532854853422,0.738789290647531,0.6009758067927663,0.9585492227979274,1,5
0.58315389733592027,0.80581931168317245,0.10289202564040005,-0.79816656336577607,0.59192372022417816,-0.11205555122721787,-0.15120075775866232,-0.016779343086864427,0.98836065507423954,0.88224050729832026,6.9118421875044875,-0.45892921122484365,,0.07388179758927184,0.5,0,5
0.86875523586001735,-0.49341035737234573,-0.042550668661023257,0.49463339382981725,0.86873673135241802,0.025185259726957142,0.024538660807043849,-0.042926807903818413,0.99877682356419673,-1.721386717112229,-11.450089394477565,-3.1871250845378296,0.5450868871658823,0.3989762950994999,0.4757281553398058,1,5
-0.62572003450173541,0.77046235170445865,0.1219106354227667,-0.77673004967874748,-0.60100360724655422,-0.18837487625127022,-0.071867018507787719,-0.21256158797549815,0.97450125857698966,6.179632537478243,-5.5415210164601492,-2.5894430897376783,,0.1282632141945909,0.2857142857142857,0,4
0.96594199903572264,0.24903126306201132,0.070281466380632235,-0.24397617429424143,0.96701004769808785,-0.073261135861304533,-0.086207197353925,0.053619004734160154,0.99483331340265269,6.3122419842536335,11.729818940257108,0.22432917909935965,0.2481248182478335,0.1709508966360629,0.2857142857142857,1,5
-0.4409284286376417,-0.89733735958551797,-0.019177693063316979,0.88354966018873538,-0.4301971060171797,-0.18512279155958608,0.15786740892125453,-0.098570345776679558,0.9825282530970576,-9.7434841873542233,23.056374853875294,1.8874399588418034,,0.1108206857005656,0.5,0,1
0.15557895377477601,-0.98691856293319435,-0.042272204582032652,0.97820839883312283,0.15987965814001553,-0.13246442301754452,0.13749006362164998,-0.02074234921388745,0.99028593716885893,-2.3738083929744134,-25.607237796750699,-5.0927724311849314,,0.8756684810420954,0.7441860465116279,0,1
0.72832674366707006,0.63812524188880626,0.24967244566366228,-0.67023462046079429,0.73922553907368094,0.065811518118038745,-0.14256825731942205,-0.21527140554560051,0.96609135901286525,3.1813333830250183,12.86641865502736,0.38741838962374253,,0.6969338061176256,0.625,0,1
0.86233630112830806,0.49749743841208666,0.094193431457618923,-0.49205039887120861,0.86725599140906906,-0.075851501868840057,-0.11942574566245696,0.019061588036833246,0.99266013677113174,-3.4366103125887495,-16.031353899366852,-3.5609819437113375,0.5809526434482852,0.4936975153506588,0.6166666666666667,1,5
0.20890694621241493,-0.96175653263624616,-0.17715038739925987,0.96912146382443598,0.22786511589069433,-0.094239467925612219,0.13100181746443532,-0.15199296329641421,0.97966150426021614,8.9313461139103829,-11.088374971761725,-3.5458420516641547,,0.107128234777725,0.6428571428571429,0,3
-0.52583153278298533,-0.8369746345512058,-0.1515739431728681,0.83602620437953112,-0.47572382037674182,-0.27339903495973117,0.15672072205630938,-0.27048162200791603,0.94988331253586944,28.476440404247757,5.6703432190761109,-1.247569733030663,,0.5201605275155989,0.3333333333333333,0,5
0.13147118406227912,-0.99111788874742635,0.020016452385649641,0.98115043139857017,0.12721114428999286,-0.14546874487267439,0.14163035948433839,0.038764099025713185,0.98916034387709995,-12.59755915212677,3.694516382766067,-0.058156213820476796,,0.07719429450938654,0.2941176470588235,0,2
-0.88549554078695736,0.44625506148168415,0.12943750363936882,-0.46419452850655002,-0.83731132826986177,-0.28884802103449025,-0.020520403285394319,-0.31585781556412018,0.94858460529151889,26.602192855914161,16.47694004091241,0.65196951601175246,0.633713305670292,0.5157035696729131,0.3809523809523809,1,5
-0.93154861568571978,-0.36361382007032261,0.0014718926211883536,0.34755011821968151,-0.89157011977564393,-0.29036466184563792,0.10689289938768952,-0.26997724233185527,0.95691493701550234,12.636663323191547,-8.4028501231905235,-3.1659021346071521,0.2367708444026725,0.1599886546362665,0.4761904761904762,1,5
0.86637203817222252,0.48877733489591652,0.10245100470642418,-0.47964812788377209,0.8715330056650249,-0.10182285329965078,-0.13905813493249253,0.039076040338481756,0.9895129600872159,9.966240918368193,-1.9181112302918111,-2.065141325290162,0.1342759745722547,0.1541382702481718,0.574468085106383,1,4
-0.94918777137945876,0.30096302173452472,0.091999098974504506,-0.31436744860128085,-0.9203778328108595,-0.23254623654298845,0.014686113291736851,-0.24965156602515137,0.96822436121880995,-8.3740939012577922,23.917150687830855,1.9350580514391158,0.3304710929009815,0.3658605669162244,0.4545454545454545,1,5
0.81983835894165935,-0.54726100013886481,-0.16843533754784176,0.54271918446661616,0.83645886346097231,-0.076108189766072948,0.18254027506207277,-0.029016675629486215,0.98277010562779898,-14.585673696136741,-24.705936116868205,-3.7431421754335865,,0.3191471278700845,0.4,0,2
-0.7560120345586272,0.64212193415911101,0.12698513800554745,-0.65240553645393162,-0.72349110327312471,-0.22567153008054805,-0.053036021785044039,-0.25345619968033922,0.96589188589449149,1.370921055238479,-6.9400374850714304,-2.7019385991337832,0.2999566498818265,0.2392868005719465,0.4401913875598086,1,5
-0.89347727049571113,-0.44815772143504573,0.029206571618107698,0.42987723824915502,-0.87223411404195683,-0.233266393500487,0.13001510351807202,-0.19586298021727516,0.97197415903798312,-13.282409312195098,16.926648093487636,1.4928445789884464,,0.2350307397823493,0.2727272727272727,0,4
-0.97722362564747878,0.19204963083871432,0.090282472114518494,-0.2105748363003587,-0.93029894928847778,-0.30033664989446501,0.026310146207734704,-0.31250728671099315,0.94955093173513339,14.401467451425827,24.411265624475277,2.1780554766155111,,0.4541075014303788,0.2,0,2
-0.66068541196750019,0.7334615476896863,0.15977779718717031,-0.74783042782724418,-0.62463708707080401,-0.22489588851604669,-0.065149348646443048,-0.26807213118179746,0.96119347420516421,-7.9435503874361331,-8.6657491845134569,-2.2648753370441965,0.1626316142597484,0.1659550717399071,0.3551401869158878,1,5
0.55218573974199703,0.8263336526260695,0.11074115478557288,-0.81924627387627014,0.56243469248308875,-0.11181573874594453,-0.15468177515606443,-0.028981222008608577,0.98753918261781248,-0.98756374091666543,11.086934788320248,0.19399433455642945,,0.07544312252828279,0.303030303030303,0,1
0.89117785997283339,0.43197418680077304,0.13856523312885066,-0.43629351967293123,0.89980396544865227,0.00088794948463785878,-0.12429797498611016,-0.061246434187570038,0.99035291069076048,-22.750672293191851,-9.172509560646672,-0.90364883906794546,,0.4252499195858562,0.6666666666666666,1,4
0.96074372831598609,0.27000384646616471,0.063791938322763003,-0.26020547749718326,0.95670001040114583,-0.13045382163398378,-0.096252781684283154,0.10873367919795679,0.98940001466854377,17.764340330999701,-0.058250429440591583,-1.880916996576429,0.4160149105547931,0.3758222066760045,0.8021978021978022,1,5
0.94647387015479456,-0.32255966991502394,0.011936182744738314,0.3227056761503071,0.94481156163449842,-0.056499199836403863,0.0069469197906824511,0.057326890253104758,0.99833129168594659,23.243932929602714,-5.3019780786434731,-2.9300829238300143,0.2639875781114865,0.1631630269855204,0.4615384615384616,1,5
-0.22617234095677008,-0.97379022797148607,0.024055437916947291,0.96090501662652572,-0.22709255947203955,-0.15839986885857954,0.15971105537222996,-0.012710678175447757,0.9870819709893448,-10.591427511757637,-10.873826389290182,-2.1863592546177895,,0.08618142131625066,0.375,0,3
0.78479185026982146,-0.619677597500917,0.010071092570440277,0.61794715498354569,0.7811518737470774,-0.089123867674002349,0.047361011368135725,0.076167088016562509,0.99596963272243699,-0.85986787360268691,-9.4762191128857758,-3.0102504885276051,0.1862549296904825,0.08824825374616396,0.3582089552238806,1,5
-0.73731822088290766,0.64101934028767682,0.21320423666338278,-0.67522650513086802,-0.68960534592018774,-0.2617510910140643,-0.020760730305513571,-0.33695500034196035,0.94129183562895757,-8.8254247350934225,9.9595955806270631,0.3363257456338245,0.1823660780377092,0.1300644089700608,0.3513513513513514,1,5
-0.43668550647817489,-0.8837206653838342,-0.16835543948875636,0.88967226491292495,-0.39648445395597559,-0.22645824960892316,0.1333755205298382,-0.24867220058700648,0.95936078050888107,-17.568407847531645,12.778355495715996,1.3647534786074029,,0.315593228115406,0.2,0,2
0.015616957356911262,0.99589275556644385,0.089183687147301557,-0.98903828740417399,0.028484216541040355,-0.14488587045209819,-0.14683111622381503,-0.085943404740087367,0.98542090219872569,-4.7090253455241751,3.9965967919980203,-0.68002106915434046,,0.06803055763476953,0.2580645161290323,0,5
0.49667331988936991,-0.86790215425996187,0.007839894194978032,0.86336136571462707,0.4931081135428681,-0.10701187106843631,0.089009917994823912,0.059918603030367897,0.99422683302626857,-12.237777217511123,14.127030361080076,1.0780351765363481,,0.1071311666502362,0.5641025641025641,0,2
-0.23878518260316511,-0.97096568460456023,-0.014397079202771623,0.95838492399581143,-0.23325066355254076,-0.16459789005282704,0.15646077472234435,-0.05310148088986999,0.98625567613098553,10.5126362838601,-18.571092406986846,-4.8467700550203174,0.2922322999028763,0.2672901309775594,0.3076923076923077,1,5
0.29786754751169731,0.9373628308534433,0.18062626462888787,-0.94242282007926159,0.3188884726718938,-0.10074408265917104,-0.15203339216506931,-0.14021792086393658,0.97837864977491029,-9.1041512394395756,-17.034873029750731,-3.1671240930841855,0.382068630002576,0.3815758381511384,0.7578947368421053,1,5
0.97109248516992774,-0.23401276105958568,0.047089413967079857,0.23776748766438713,0.96572943800086331,-0.10408301681015442,-0.021118879143062503,0.11227056711269712,0.99345322622856003,-18.586300291768946,-7.5460214666725589,-1.0096080651127943,0.5392738268636683,0.5208427405355847,0.9621749408983451,1,5
0.23786010614377182,0.93881960350786819,0.24907894727295257,-0.95815100838180256,0.26884571524589934,-0.098329174362727603,-0.15927716422076457,-0.21526665664530947,0.96347862015435615,-7.2080075812060906,-19.584899118991945,-3.6995344775019854,,0.1029391012783152,0.24,0,4
-0.94566017559035076,-0.32511302074587534,0.0053250393349679025,0.31083424987512293,-0.90869181520864906,-0.27867768851736258,0.095440564787707294,-0.26187918724920195,0.96036992345590522,22.006036220318901,12.600570791714718,0.1286997673203103,0.3910210040004637,0.3610157728879184,0.8571428571428571,1,5
0.4053348392892126,-0.91354678933229227,0.033703586738616689,0.90723290874796458,0.39745351549687724,-0.13769223763117572,0.11239269256982255,0.08638846404371929,0.9899014677921596,-16.84503546542259,-16.19810529584506,-2.2802351404783288,,0.102132541904066,0.3181818181818182,0,1
0.33371932677625465,-0.941256418622474,-0.051650414693362817,0.93579370112526072,0.33739357317084251,-0.10225324306493805,0.11367303932898647,-0.014210249294236751,0.99341658378784181,9.5846200666897587,-25.557288659052443,-5.8099670909929282,0.2786186086070842,0.3399258016119792,0.3636363636363636,1,5
-0.32342769937919275,-0.9441179842487406,-0.06352759315744852,0.9370352255555221,-0.31020656396560026,-0.16042716023407311,0.1317554907485661,-0.11141417993573259,0.98500120363726151,-17.866688659445799,-15.294577522133082,-2.0555029354343288,,0.1427281317007129,0.3684210526315789,0,3
0.67233959956827927,0.73213334228719151,0.10927136845373876,-0.72608548228455461,0.68098809586473197,-0.095158214075997991,-0.14408100245338548,-0.015361718716137066,0.98944665461565695,0.89233412625021935,12.300684207523636,0.28371677590773431,,0.1064693610793887,0.35,1,4
-0.40037042330303585,0.87007501518719232,0.28752911520601554,-0.90775383444342916,-0.33369674845747282,-0.25422324071996422,-0.12524575919925876,-0.36278912334290891,0.92341623972436415,-8.4660878051144781,3.8061086296769098,-0.46864804011346284,,0.3298105331841054,0.355072463768116,0,2
0.061700244136428266,0.98942539870899027,0.13126484778134723,-0.98504445260362272,0.081562413729260194,-0.15177285350643585,-0.16087419391665714,-0.11993728801424561,0.97966042110287044,2.204182692407521,5.1407204302458114,-0.75658320245207611,,0.09931435304715353,0.3333333333333333,0,4
-0.39062535454114827,-0.92022783841858902,-0.02434250991687701,0.90688518374388927,-0.38015306790303238,-0.18177708455612651,0.15802245376975663,-0.093082599680947703,0.98303841926001156,-2.8769402762756178,-5.7590073725007009,-2.3177639238725871,0.3350697507317802,0.25005494408072,0.3944223107569721,1,4
0.62352726299541261,-0.78150214050044609,0.021636928956556105,0.77791220495710101,0.61743042414893112,-0.11675732402745916,0.077886800423636798,0.089633005798604837,0.99292475575507566,0.78523129410082726,10.821166489125261,0.14154723571710218,,0.06707400642041383,0.1,0,3
0.15461953263283651,-0.96983898877312169,-0.18842806580743759,0.97728712336548806,0.17811593344191146,-0.11482418193972184,0.14492300932706648,-0.166394261047806,0.9753513578490276,-18.96349479007965,-8.3233680772424918,-1.1025751432239832,,0.1621288970942426,0.2380952380952381,0,2
-0.84129620145814044,-0.54008015787057262,0.023111133390639416,0.52572661092945605,-0.82739179824024223,-0.19757110812415343,0.12582619748180807,-0.15406568495052655,0.98001608800467821,-14.795823947541171,-8.5517627402597292,-1.4600336117969739,,0.09938321530483554,0.4646464646464646,0,5
-0.8418505695001306,-0.53970985458771059,-0.00094418918568710969,0.52694541461004862,-0.82155957991409678,-0.2176427960508156,0.11668825413789589,-0.18372024796490211,0.97602803332382071,12.28775215169407,10.273271574317629,-0.024553831933139852,0.2242358679372645,0.1304366057161702,0.1666666666666667,1,5
-0.87285229988789148,0.46481755540733599,0.14857154090055863,-0.48782956267074645,-0.83882124770332911,-0.24166346886920784,0.012295542480370701,-0.28341410442421239,0.95891880002872787,18.856499691198149,-10.160604814967053,-3.6203049336917146,,0.3370902671872292,0.8367346938775511,0,4
-0.62065316644541724,0.776428830115376,0.1093065357009636,-0.77684042807161857,-0.59000686253083656,-0.22002466107239868,-0.10634188400993425,-0.22147273857562619,0.96935093220826418,-10.502040937392245,-16.652235895225541,-2.9971374304243366,0.6686526465482862,0.5199772083773452,0.9761904761904762,1,6
-0.7846567688401539,0.6123156468163049,0.096867454685557644,-0.61893537141661814,-0.76492481916317301,-0.17835085376178975,-0.035110698123243481,-0.19989889867659685,0.97918724929667145,0.27620222493472157,11.622596285221009,0.25762834078838337,0.4251653644057741,0.369995760718501,0.6088888888888889,1,5
0.92267442512824771,0.37642082074755079,0.083542030870681808,-0.37221753343777009,0.92608610180890538,-0.061795144128714195,-0.10062809257737275,0.025920990415611387,0.99458639103906599,-1.0591846468196908,23.196358721302023,1.971296336953186,0.3716672291626458,0.2654307065516125,0.375,1,5
0.95540193431356057,-0.29335611718668159,0.033901805542779315,0.29527379093723344,0.9507350640843818,-0.094425771408133408,-0.0045312576026433288,0.10022487929461413,0.99495449206228448,-3.4045991276593024,-4.5665680306145493,-2.1345305729018214,0.4553911785283873,0.4021107346190911,0.8425742574257425,1,4
0.99113215614678474,-0.1220094507903297,0.052637847312250539,0.12698672458585397,0.98635294598479806,-0.10479617228728672,-0.039133372341035692,0.11055116401446141,0.99309970260002889,-8.0022512988834258,17.110059238557557,1.1802707060770752,0.2757946068414506,0.2328414950660516,0.6610169491525424,1,5
0.67744471536422979,0.73082486288159054,0.083448651392240419,-0.72076185948298432,0.68216967496604275,-0.1230726471290691,-0.1468706898591754,0.023228309254655986,0.9888829284144115,-0.96918002381425283,-4.05934131024551,-2.1341693487061266,,0.08010638182366912,0.3841059602649007,0,5
0.93140176424231069,0.35356495993142301,0.086501865153314123,-0.34740791913317048,0.93441362866963906,-0.078606032084047858,-0.10862086028876457,0.043162363989118893,0.99314576928314002,-8.9962099568726472,19.834115708418874,1.5261844804719413,0.2401567399672564,0.2391290038999539,0.7457627118644068,1,5
0.14179456393358728,0.97816059240567865,0.1519741988084013,-0.97666861162806495,0.16325530204665151,-0.13952107157761043,-0.16128460775719397,-0.12864510024959475,0.97848746209769089,7.3344814583412203,11.211252693540111,0.14435780138412579,0.3470511912492086,0.3010325480406314,0.7021276595744681,1,5
-0.7850603572774093,0.6143441747208781,0.079129453542847422,-0.61740781211031093,-0.76581287545876886,-0.17982834405824707,-0.049878141270756897,-0.19003124682034628,0.98051022241243324,-9.8206200429398436,7.8193222476596072,0.10438306525253528,,0.0913580151673849,0.6190476190476191,0,4
0.7434248306945721,-0.66737963907308606,0.043862722868332774,0.66638145665982806,0.73352556013574055,-0.13370118491424818,0.057055020170642359,0.1286260859166046,0.99005053138468757,-1.4359733200219835,-0.96870725461525919,-1.5754235034526129,0.1684404163351031,0.1461610126137473,0.6738816738816739,1,5
-0.64565435333942744,0.75506024626075119,0.11408102616341825,-0.75795513007130721,-0.61548580176333245,-0.21605843798920418,-0.092921885540666604,-0.2259673700878084,0.96969287449334507,-7.5078746631066053,-11.244174302805011,-2.602450374642987,0.1584199089827389,0.1272451926399118,0.4266666666666667,1,5
-0.89710977415928705,-0.44067064014501434,-0.031677121429462433,0.42710897123675085,-0.84669091258043905,-0.31732069778504651,0.11301318417316611,-0.29820108227148973,0.94778907713433558,-4.1567973139153169,-13.069363064018695,-3.1158990837159517,,0.09279691225575687,0.4137931034482759,0,3
-0.86005997535440681,0.50010263775216501,0.10096628400959297,-0.5096461989377592,-0.83298739014599754,-0.21538978565859554,-0.023613358542846651,-0.23670521661148178,0.97129452264863558,-14.279363169987512,4.939058055007707,0.20366768519199716,0.4826375014835399,0.4065736703889639,0.8392857142857143,1,5
-0.07005021960664827,-0.9847694824136134,-0.15912898302912834,0.98561422770942253,-0.043729872091536802,-0.16325529830182173,0.15381014553604491,-0.16827585921243163,0.97366610002428411,-8.3942945855976721,-6.6808014112214309,-1.9754623677077991,,0.09784414081201016,0.1746031746031746,0,4
-0.17222628850003857,-0.98497415906412122,0.012806698459343178,0.97226859787599451,-0.17206408600692061,-0.15839104738226548,0.15821466156380548,-0.01482755146779511,0.98729340349448336,-10.418853930810663,9.1677208654386764,0.37988606713546719,,0.08994415475046683,0.5,0,5
-0.89063458249452876,0.43434584610409738,0.13458724470362068,-0.45468807588987542,-0.85416287639465049,-0.25231831925720477,0.0053660141967408655,-0.28591863626097092,0.95823887383590711,23.632881458725315,2.9659628510634199,-1.544734642435349,,0.3349088108423913,0.2380952380952381,0,2
0.81686871306208098,0.56173884157500109,0.13105334595605028,-0.56273120901030205,0.82598531908558936,-0.032891321969204676,-0.12672447287759372,-0.046879915966798698,0.99082954207716412,9.979830555285865,-9.6652045073011443,-3.3256387949198953,,0.1810086691565967,0.3043478260869565,0,5
0.34265683110690276,0.93364953669833028,0.10433043045424575,-0.92464789797612545,0.35481092347923116,-0.13833102814678958,-0.16617027671671045,-0.049068841465923968,0.98487546823600181,-1.265911548324985,3.7346219011090462,-0.82747260957392754,0.1827685288203671,0.1269055227736649,0.4123222748815166,1,5
-0.90404102419236632,0.41742033483398627,0.092033095374977961,-0.42712781915431203,-0.8738788650258108,-0.23215847037246465,-0.016481889506322425,-0.24919067664799124,0.96831418144629999,5.5953960567864476,19.011709178318437,1.3786304238097322,0.2384484014681059,0.1863837957015048,0.3225806451612903,1,5
-0.97188749393193219,-0.23431545730069486,0.023042691003320875,0.22295155613044812,-0.9473527932082404,-0.22981577147697449,0.075678945273569678,-0.21821767039016698,0.97296132789118028,27.519687564174056,-16.35749829379715,-4.7371827430568247,,0.3314889530523124,0.8695652173913043,0,4
0.76226446675003878,0.63482815114244351,0.12627787315024114,-0.62866002984229474,0.77256744201165239,-0.089028728072796201,-0.15407611628337012,-0.011522415573207836,0.98799179365538981,0.043938963081767979,22.290679814282552,1.872684885004025,0.2552796028948193,0.2131530118111326,0.3055555555555556,1,5
-0.96530102141315843,0.25277407812512964,0.065568311604798007,-0.26046653136540904,-0.94998581548205352,-0.17229084833899394,0.018738305611379687,-0.18339088257295846,0.98286146536118002,-12.452469370029331,11.699712189784854,0.83429565761984759,0.3201181960010946,0.2832334768383199,0.8811188811188811,1,5
-0.35442719946652707,-0.91367671164492792,-0.19893774623239821,0.92154447543920859,-0.30522666026681489,-0.23998430292383824,0.1585469648583307,-0.26838694539801661,0.95017435635473435,3.5122541294206524,5.9096544957302202,-0.65992488220757106,,0.692439572393011,0.3566176470588235,0,1
0.81607759836519289,-0.57648607771608407,0.041001898078302998,0.5770581049964586,0.80885292327426139,-0.11296411805780554,0.031957736221372324,0.11584796377237955,0.99275271462000969,-20.514899294610391,-5.7796063670538285,-0.67193906296651373,0.1320427785796401,0.130683773088782,0.6627906976744186,1,6
-0.18655614712959634,0.97548102666028702,0.11676288191866838,-0.97040909014986254,-0.16441871219158449,-0.17684084606158568,-0.1533068873947839,-0.14629850890235829,0.97728897700233475,-5.6652555276418637,-24.798951943148182,-4.645809426719377,0.4186008551467565,0.4442433170343564,0.8888888888888888,1,5
0.2153178606786208,-0.97636089706388152,-0.018910778868024749,0.96749245015896645,0.21591259106672056,-0.13168185867558194,0.13265209292801547,0.010057420318771113,0.99111163374180489,-20.527737666022091,-6.7663597644936635,-0.76848435379376701,,0.09598711645836511,0.1627906976744186,0,5
-0.67197077322104382,-0.7221217372244334,-0.16430300229965045,0.72577150488119258,-0.59798366596071617,-0.34010477495423641,0.14734653928478117,-0.34778690583768285,0.92592292632197493,-4.2699285635174578,-5.5288775138324633,-2.2197987448617043,0.2264461982872831,0.1570253745615696,0.3736654804270463,1,4
-0.055465435211096467,0.97657291343324137,0.20791568061441426,-0.98791350420597379,-0.023489317956477372,-0.15321605708741443,-0.14474285372452075,-0.21390090390283756,0.96607241426573809,22.82001968590313,3.6410480019710851,-1.3989687822490413,,0.4396709715341628,0.44,0,1
-0.94477092959173625,0.31027446802012909,0.10553504201540319,-0.32733878430809776,-0.90913323822901926,-0.25753849311299976,0.016037795548757415,-0.27786059389924977,0.96048752176792651,17.623242107202433,7.4931531958728295,-0.55331930028177645,,0.1022982056674009,0.2941176470588235,0,10
-0.47517483854030779,0.87391215563146907,0.10240320823954442,-0.8738382594094386,-0.45507126724319547,-0.17122160530130281,-0.10303188443620384,-0.1708440398996447,0.97989629289037194,15.932094364887178,-14.610143189083828,-4.2292457597954325,0.3088613591758813,0.2461909648152906,0.375,1,5
-0.93994435096550433,0.33311368027280996,0.074430458168287472,-0.34127770962541953,-0.92092313125780445,-0.18822887989665388,0.0058431156812892033,-0.20232612863746793,0.97930076874763583,6.7938772164340842,-1.0053096929785375,-1.8454139032537067,0.7876290028908577,0.6472447673905761,0.9976525821596244,1,5
0.81026627438062859,0.57817633155085435,0.095815939361528574,-0.57090166998743797,0.81563172345131918,-0.093894488152315186,-0.13243809046830138,0.021378057307140801,0.99096071105714512,-24.207628864419593,-15.84999954244776,-1.442575060713734,,0.09609437555256137,0.2631578947368421,0,1
-0.33129144200344318,-0.94322322022533578,0.023998693360806223,0.93092526435165135,-0.33090384517642268,-0.15453413033781679,0.15370143996425806,-0.028854844917360647,0.98769593766386832,-11.704822872314379,2.5696006745439219,-0.30217762774055568,,0.07566635986012313,0.3631284916201117,0,3
-0.26577681692152677,0.9219947126036302,0.28158201916672759,-0.95435714322365439,-0.21035234998736602,-0.21202436660152796,-0.13625390550383376,-0.3250809726602632,0.93581901799931966,1.5464233547472996,4.4687274328140019,-0.85816005208276447,,0.150511968870111,0.3111111111111111,0,5
-0.41330688542052813,0.89599192836230002,0.16240653550146406,-0.90354572444043157,-0.38138888815146971,-0.19531420798293411,-0.11305990584374898,-0.22746643775333489,0.9672003295007765,17.744248397028965,8.9278543273012883,-0.37267653914083609,,0.09883789911449067,0.3181818181818182,0,5
0.88133366708697092,-0.47236142309912421,-0.011209515011915121,0.47208566737746854,0.88130999837310342,-0.020683554442378609,0.019649170868064354,0.012937261509716705,0.99972323037370059,-17.852073580776608,-9.2913456738641944,-1.3099278799547773,,0.1312792186208352,0.15625,0,1
-0.99647442809682274,-0.065957040161725003,0.051849619113499341,0.052347231599739294,-0.97175452581340882,-0.23011499061339072,0.065562805712946745,-0.22658951964789159,0.97178120381739475,-16.260676900475307,-15.259394473518652,-2.238189847292567,,0.07567869973569628,0.2222222222222222,0,1
-0.66725148414837154,0.73713153540507836,0.10682956712983373,-0.74152700517844916,-0.64392452007470069,-0.18841155229350376,-0.070093919086298473,-0.20493489687683453,0.97626253157089149,-7.381731664211407,-5.5955613392467596,-1.9058508061913526,0.4937089331032041,0.3344576203268652,0.847651775486827,1,5
-0.99794229382997512,0.030274706191787244,0.056520972659428306,-0.039980857732693012,-0.98296419267518276,-0.17939600590142396,0.0501269308887453,-0.18128661860001291,0.98215194991215482,10.862853451375655,7.3671364130834638,-0.56652474105766892,0.2381101628795055,0.216153880919644,0.6617647058823529,1,5
0.99814878846333832,-0.021780880171014341,0.056785467754929167,0.02431793324418766,0.99871886196650017,-0.044376490116615624,-0.055746158718798039,0.045675245060259537,0.99739968807734469,7.4291035078238723,-5.0837002059012342,-2.5466691653394053,,0.540212133048754,0.4864864864864865,0,2
-0.70854487646763875,0.69746975613756257,0.10723850663296108,-0.70116549461296618,-0.67871396652043026,-0.21843603369009226,-0.079568254948900588,-0.22996367305188339,0.96994103010485822,17.452332371140798,18.759157973835407,1.1746866476641755,0.3778344094289933,0.465837599851623,0.4166666666666667,1,5
0.7194066426021517,0.66766863824554901,0.19150110204182724,-0.67469091241304568,0.73723305560143304,-0.035771419259331819,-0.16506439739432677,-0.10346985663423425,0.98084032007301747,-1.7908663727025573,-20.986151651074156,-4.410920422062043,,0.3301554036536724,0.4375,0,5
