axis_00,axis_01,axis_02,axis_10,axis_11,axis_12,axis_20,axis_21,axis_22,location_x,location_y,location_z,dbh,dbh_approximation,score,reconstructed,number_clusters
0.98650136533485822,-0.11470121155968926,-0.11687039085757067,0.12924136370602551,0.98363323397286651,0.12554812197515269,0.10055707881531149,-0.13895788243500401,0.98517966930368184,-15.574488233284118,14.397131682969531,-4.4534572788484423,,0.07577409112082259,0.2631578947368421,0,2
-0.093630990557577898,-0.97366421204043396,-0.20787313390356063,0.99549045651212031,-0.088362533336961854,-0.034508168533908146,0.015231172000114068,-0.2101667549684183,0.97754690245816211,-5.4518450363689057,-21.202331649528166,-1.8418458105595108,,0.1571715625828763,0.2777777777777778,0,4
-0.46507777220828028,-0.87577080474774183,-0.12933740120041434,0.88320075594804126,-0.46899508292834635,-0.00019204646035668558,-0.060490416518589579,-0.11432020705250416,0.99160062513538239,3.7099062240070664,-17.531790278761235,-0.63763978316580194,,0.09596004384574444,0.5185185185185185,0,5
-0.99491403076895168,-0.0088747574018363962,-0.10033598586817258,0.00987431664163008,-0.99990640527451202,-0.009469876549654966,-0.10024255209211508,-0.010412462343914042,0.99490854422806019,-0.61609696418974547,-24.24684927625081,-1.1350378024359389,0.2732287163245473,0.2094430748708793,0.5625,1,5
0.58234956133781857,-0.78189484385836805,-0.22250717192340091,0.81159474093032691,0.57491641047616271,0.10385132382132226,0.046722209963646413,-0.24106342342401085,0.96938406268269661,14.941268041872119,16.949855373468875,0.4040362738427733,,0.1568218843793979,0.3636363636363636,0,5
-0.27625260310319677,-0.94157632700268401,-0.19266167160813885,0.96021830381412154,-0.27891271605524015,-0.013729743006340927,-0.040808189117367492,-0.18879014076699999,0.9811691874748909,-12.028476586257241,-6.3966678529441037,-3.2453286111465158,0.6001361307976135,0.5799625109659746,0.9498399146211313,1,5
0.84483635901370979,0.53327026159832147,-0.043293816917867663,-0.52470089032534772,0.84163689568588329,0.12781358109379029,0.10459685549885087,-0.085265256201393524,0.99085283160753246,-13.897929865409644,9.7573895844564031,-3.8602948102481638,,0.1254174857144885,0.3235294117647059,0,5
-0.35674429625557125,-0.87624137072315167,-0.32393605437235201,0.9316387847010148,-0.35936195936047904,-0.05392733078330119,-0.069156936961750556,-0.32102965968553043,0.94454077501834655,5.8567300333406624,11.144485234890153,-0.56853841530867588,,0.2607710825447979,0.3563218390804598,0,5
-0.27771489565406854,0.95982821053975875,-0.040053002183305514,-0.96049515936316343,-0.27820536349629127,-0.0071291347181094882,-0.017985704650704138,0.036490847810683555,0.99917212353741958,-2.8561264469454404,10.131208413157353,-1.9544483897776865,,0.07393793361918335,0.1785714285714286,0,5
0.72845886631248358,0.67885917391873396,-0.092184066286461433,-0.6797795776453488,0.73295994935193154,0.02587350889087562,0.085131697428418682,0.043817058691668347,0.99540577628451021,-11.491957377469806,-20.611291119867651,-2.7752989631223901,,0.2056121229327021,0.71875,0,1
0.71286098831969835,0.70083701933697684,-0.02562583966870741,-0.69620403078517068,0.711602296709958,0.094456968168554645,0.084434346390230841,-0.049493874812709462,0.99519907430909504,-8.0908115350841019,19.264183738262428,-3.1364803933735645,0.2458071736780091,0.1733488790668924,0.4,1,5
0.97766843939653214,-0.16082678640493447,-0.13527441510726368,0.17281841982472901,0.98152782983119258,0.082078700258680332,0.11957514949701889,-0.10362366545115141,0.98740261270731644,13.863025772758805,-11.704308228840251,0.61325430341067833,,0.2200056748890675,0.3055555555555556,1,5
-0.95055189048832078,-0.27911272588373098,-0.13618806753468585,0.30243013786523676,-0.93161833042177034,-0.20155222185073143,-0.070619510051351253,-0.23277322155244937,0.96996366536494583,6.0445458860018704,17.707988802740761,-0.75810695947334261,,0.5370079540490584,0.3548387096774194,0,2
-0.84787390857863487,0.52664107365064328,-0.061310804069815095,-0.52382029001720998,-0.84993740306979515,-0.05673371686448201,-0.08198865115292206,-0.015987195097043081,0.9965050279226163,-21.433476596368813,12.546100250319101,-5.5230856309537995,,0.09901406087794437,0.3809523809523809,0,1
-0.77017602147401942,-0.56551172678488215,-0.29500064883866484,0.63160923099971822,-0.74063414907306024,-0.22919606572271353,-0.088874491629472016,-0.36284644699322399,0.92760108917680673,-12.885956938782138,16.211861146167891,-3.9217708886667464,,0.3228782692759209,0.25,0,1
-0.84728283395961579,0.52718954992552014,-0.064675943956708351,-0.52315531357644074,-0.84936938256680217,-0.069858212364949504,-0.091762286120713549,-0.025354100406403006,0.9954581118452368,9.8074360068033712,19.315408282366157,-0.28209919529378202,,0.1189191628292246,0.3529411764705883,0,5
0.78384957437601077,-0.59584334570448994,-0.17478716237249226,0.61595090663846441,0.78174774490594567,0.097339323737753627,0.078640481698689549,-0.18395969861398784,0.97978288611510755,8.7363467812596376,-15.336366943315312,-0.021560436086583791,0.7358733619842122,0.7888525499766184,0.7297297297297297,1,2
-0.98086444971864573,-0.13918356441443266,-0.13613547177364352,0.16157746253072092,-0.97204284075962322,-0.17036853973106617,-0.10861701008715226,-0.18910486806228929,0.9759311932687017,-19.423323864608221,25.826055025735222,-5.3426144953580961,,0.356260870614534,0.25,0,5
-0.87257592881816348,0.48107979945305201,-0.084696369493213644,-0.47280738059107086,-0.87535623320257894,-0.10101804715991489,-0.12273723683434408,-0.048100847722299875,0.99127285806818433,-6.7265921452076176,-18.919437229682057,-2.0816747977064285,,0.1653561950599845,0.5263157894736842,0,4
0.93441839320113962,0.35193278267884492,-0.05482319694548872,-0.34124265587877439,0.92867332261321867,0.14532484190709774,0.10205741646837406,-0.11708619193759627,0.9878639113771448,-1.2297980558781565,9.3582813245560637,-1.6314289230745229,0.7179792656247816,0.4618390707523525,0.6323529411764706,1,5
-0.096241810979369916,0.99362694998014733,-0.058677066155034173,-0.99535459019800065,-0.096228022498017068,0.0030671579503151569,-0.0025987672428052443,0.058699675972463082,0.99827230475935114,10.172906350581915,6.5744243047573336,-0.028116119609919256,,0.187147379204851,0.54,0,3
-0.96048816001555437,-0.25272763671234577,-0.11658145698063968,0.2580485878275855,-0.96557460876415779,-0.032811602065940249,-0.10427569606636558,-0.061598835636213954,0.9926389890882481,-3.2259673624854819,9.3573749521633296,-1.9894243941397016,,0.07140437745236723,0.1666666666666667,0,5
-0.79311171929272051,0.60251037957654385,-0.089191049007590451,-0.60435351392263859,-0.79667899006439957,-0.0077082422981655059,-0.075700930839087202,0.047789426576360657,0.99598470860631094,-4.1990064215773177,3.4201799982341985,-2.0233441842846167,0.1733765403297357,0.141798129093418,0.660759493670886,1,5
0.96871799196491748,-0.20932788273778785,-0.13329399668392605,0.2201134222044609,0.97281745839626388,0.07194632725077646,0.11461035471937184,-0.09903549943303197,0.98846165147827125,-6.085850301587576,13.948988408323352,-2.6311271243805483,0.2255857216891676,0.1228883203863015,0.1666666666666667,1,5
-0.61783152899590554,-0.77692944911287654,-0.12109844292864756,0.78331038329000446,-0.62157188269010777,-0.008557924931899108,-0.068622483259110356,-0.10014502359196911,0.99260361123719254,-3.0532599369669042,-19.485698679146573,-1.5764984509307978,,0.08935064454890032,0.5,0,2
-0.71004102552669301,0.7006242447363793,-0.070479853551091667,-0.70235414686794451,-0.71182760690449776,-0.00033230410886537582,-0.050402325803549565,0.049265867862009052,0.99751314769149746,-5.5796049419480749,-7.2056281604134664,-2.1140246147466937,,0.08321762073071987,0.410958904109589,1,5
-0.63088504257866318,0.76534453233428512,0.12740412032792969,-0.77385187346843898,-0.60884319680351529,-0.17453721561736799,-0.056011971755206287,-0.2087048359096913,0.97637336633482763,-41.426836027007127,-16.96343262601718,-8.3889223174142096,,0.1661605040232186,0.2,0,1
-0.57708004363734844,0.81508876231309835,-0.051077713206614833,-0.81516539932395982,-0.57869356214466827,-0.024882380861244006,-0.049839692821334193,0.027277659049417046,0.99838466251052693,-13.880020849099724,6.2746559991482043,-3.7385314576722792,,0.1446140066934264,0.3333333333333333,0,1
0.97406567560603008,-0.17956505625630992,-0.13766789813837493,0.20156975371259103,0.96505507625908948,0.16744651138441075,0.10278956169969336,-0.19085358356141111,0.97622190901831019,9.1655725474260539,15.347720310009523,-0.33320291198001195,,0.2921412275329482,0.4230769230769231,0,5
-0.73746279894001177,0.67262727081172335,-0.061001432277756007,-0.67232510718668426,-0.73970986474083633,-0.028430023769041801,-0.064246170516059173,0.020046709592034955,0.99773270920049273,7.0918807859906607,-8.7223015482230775,-0.29513586160139166,0.2063748395632224,0.1757826338402287,0.3928571428571428,1,4
0.05787901683499945,-0.98575699205899647,-0.15790241295500879,0.99831931305602672,0.056686438646895494,0.012049765677212901,-0.0029272153248142679,-0.15833445702162252,0.98738119848927197,5.8734632702994132,-14.420758863368038,-0.44757447046763649,,0.07376140542301882,0.2941176470588235,0,5
-0.98527704370959679,0.14706848948878559,-0.08717801637090726,-0.14116780761931783,-0.98747909493831065,-0.07040374387610189,-0.096440640970674313,-0.057060463188651274,0.99370181961686255,-6.1487109166347906,-13.15771601574548,-1.9905272957508424,,0.07054580569717091,0.3142857142857143,0,4
0.71057443678533783,-0.67751446327223286,-0.18988976234683588,0.70177086329086136,0.70197223215011262,0.12146044922602302,0.051006129270889489,-0.21956579275271093,0.97426343328161236,16.562236827916976,16.399810450837357,0.64632434916141934,0.353525949689972,0.2558750744128714,0.3611111111111111,1,5
0.87863301986155329,0.46924676024346584,-0.088382658989075893,-0.46617771581565859,0.8830454015142748,0.05393659371325412,0.1033554724524203,-0.0061884461300804406,0.99462523065154196,3.1063145953649154,-4.7397304321992868,-0.71111543187621684,0.1765927486448785,0.1312637199951026,0.6242038216560509,1,5
-0.88096836080953211,0.46799264366717586,-0.0698400510164114,-0.46481852390231609,-0.88354822269839506,-0.057326067402012945,-0.088535230783226254,-0.018039502208097285,0.99590967927329932,-10.94938996217777,1.3296828819208077,-3.351259911620013,0.6834052158436055,0.4969372118695897,0.7515151515151515,1,4
0.75909155584745625,-0.61296964723759351,-0.21919904517700078,0.6470908581435173,0.74725973991918815,0.15124914017274207,0.07108748939282486,-0.25665364338214175,0.96388561364432535,-9.7935382755725726,-17.653246850698601,-2.5400894347038472,,0.6600186353482439,0.3333333333333333,0,1
-0.30890132189952652,0.95080940668366476,-0.023268981296664437,-0.95077346983020572,-0.30933996837921718,-0.018400897537281379,-0.024693772408396163,0.016439468513439859,0.99955988388852413,-24.526323879020303,-4.4400404202972457,-5.8453119557000903,,0.1756419221344928,0.3333333333333333,0,3
0.99086279889078133,0.085183919698173682,-0.10456870277086451,-0.075910281048500242,0.99307397398224651,0.089675589935307318,0.1114833754667664,-0.080918366419267196,0.99046639265074132,-4.7435405544874847,13.576261471587584,-2.3602711589961314,0.7695910012504473,0.3288569104054858,0.3870967741935484,1,5
-0.31271220529863497,0.94843799696017372,-0.051734346226070767,-0.94966854008259249,-0.31324753553793871,-0.0023760170045171334,-0.018459161266490665,0.048387471535330392,0.99865805557445742,-3.891108810301219,15.021859542973248,-2.2482767356830773,0.609875375855952,0.4090995992359964,0.6176470588235294,1,5
0.18688708808356924,-0.97390710720918217,-0.1287562147435512,0.98235786499125255,0.1861777522048475,0.017631496640359144,0.0068001027545784177,-0.12977977928550211,0.99151952451332703,-23.511643344731596,11.160502772997463,-5.81512664826095,,0.07714683794918381,0.2727272727272727,0,1
-0.92651444588034315,-0.34071471832944861,-0.15963853635236519,0.36224134361371912,-0.92246190221690894,-0.13358610681986857,-0.10174571515286682,-0.18159713563833116,0.978095235534856,-8.5328049916867528,-29.267426645293206,-2.0804980519855047,,0.1617103079525026,0.2352941176470588,0,1
-0.73980354506682899,0.67280622297073411,0.0047435259468441076,-0.66881420331682162,-0.73460899059102558,-0.11418052541708069,-0.073336731235026445,-0.087643695008200587,0.99344869347997644,-7.2991213480816342,-19.859759875971182,-2.1864939241936603,,0.1051632001319805,0.3636363636363636,0,3
0.76389038509522289,-0.60948392050180156,-0.21213399116790813,0.64082602036805436,0.75522458436214834,0.13776007692456757,0.076246253536251848,-0.2411745795575779,0.96748195383527014,-13.143063536397673,7.6143756475747493,-3.6083957408850056,0.448886187336584,0.2380469179399012,0.2222222222222222,1,4
-0.80318171720149956,-0.5716013728075382,-0.16784218706210061,0.58867914503085317,-0.80475008435539352,-0.076381712050276759,-0.091411122731290942,-0.16015358982715758,0.98285036211341958,-17.291246227980871,9.9905856625717977,-4.6175340549245654,,0.1038680466554857,0.4545454545454545,0,2
-0.61165338964775584,-0.74128721818941357,-0.27635736118550164,0.78573279717051081,-0.6099327746619233,-0.10298534771420115,-0.092217690184790563,-0.28013437943638891,0.95552112853393978,-3.5195688431715171,19.569397421739122,-2.1937876883601737,,0.4973481191351543,0.25,0,2
0.039465237191441696,0.99840993865130956,-0.040250334852172033,-0.99907421040772382,0.040117720196688127,0.015533532257783084,0.017123584659953787,0.03960003697610593,0.99906887646442322,-10.990698161447085,-26.276576802699456,-2.5000487209750548,,0.1696904155803995,0.2941176470588235,0,1
-0.0052317096377034926,-0.97289752954132491,-0.23117747776687417,0.99989413975543151,-0.0082283307697927407,0.012000160644265054,-0.013577131398496759,-0.23109022390644238,0.97283758660829811,5.3975676539340425,8.8744031783791861,-0.60994019633797769,0.8638004600646896,0.7281322812664378,0.773972602739726,1,5
-0.9121941288050206,0.40277730225954933,-0.075314780476143109,-0.39969477235203182,-0.91511681440485038,-0.052965129547434438,-0.09025497397987188,-0.018211556167411734,0.9957521674060541,-10.500787665109506,17.827563767786604,-3.6081992041421755,,0.1183160883350813,0.3333333333333333,0,5
0.88508410791564751,-0.44398250991348165,-0.1396626392636468,0.45660703204726938,0.88644340874716099,0.075684221431531973,0.090200555431472915,-0.13075784481108005,0.98730250978117895,8.2256536633872663,-20.532008877182697,-0.05622238709977001,,0.2738196785312516,0.4285714285714285,1,6
0.98738798611319034,-0.11688296854569948,-0.10678640617272009,0.12335591447501426,0.99077288002514707,0.056146403007760373,0.099238516934570767,-0.068611018580268218,0.99269544417510369,-9.5823948465268902,0.60029101124756856,-2.9669397400464241,0.1781139609260919,0.1510742711994392,0.6660194174757281,1,5
-0.30725976934482035,0.94835757869846005,-0.07879934687141843,-0.95144555367504346,-0.30775764842978448,0.0060488201294890687,-0.018514657278965882,0.07683184729110365,0.99687214561731974,-5.9734445302169936,-5.6161008165552397,-2.158306328287845,,0.07991135946938022,0.4933920704845815,0,5
-0.72994839351242213,-0.6702889092175276,-0.13374648028494851,0.67809631716690022,-0.73473741195517528,-0.018609678076180046,-0.085794681964104821,-0.10427710033074991,0.99084083428837855,7.6041347954101814,-10.886723615397589,-0.18446999211129833,0.9098215483148044,0.489589419211554,0.8296296296296296,1,2
0.42974655568435327,0.89996065084533383,-0.073407934227022492,-0.90123656104533645,0.43251680149056915,0.02649297007780636,0.055592795509950402,0.054772651555418085,0.99695004776015639,-10.944644031912176,-12.196963200709799,-3.0720805954977668,,0.09449294875753216,0.2903225806451613,0,2
0.43396435761678087,-0.88194362291330353,-0.18398473393412804,0.90032540327876831,0.43201434735439281,0.05270457182144344,0.03300158373742567,-0.1885180354303409,0.98151507669943971,-6.2432208728793848,2.6734919466727569,-2.4089986175770886,0.4950031167448543,0.3669150553697149,0.8309859154929577,1,5
-0.11914155717147529,-0.98516350099406647,-0.12352394773431877,0.9925147115369265,-0.12153460403330266,0.011995307634240728,-0.026829773340970246,-0.12117019572313545,0.99226908998058061,-4.9443298151618968,11.778646418673222,-2.351466768563828,0.1597929990955823,0.07709309208668806,0.2608695652173913,1,5
-0.96884334539139649,-0.20883461477180187,-0.13315658362965302,0.22226461260983363,-0.97030556606001794,-0.095423007992564535,-0.1092749471388948,-0.12204594276771986,0.98649063542525861,16.244362463983141,26.774887170250803,0.51195272461587116,,0.1759448612880963,0.4,0,4
-0.99401872551077719,0.065225436985389865,-0.087592326741537122,-0.034375317631709174,-0.94815539828460527,-0.31594252363599562,-0.103658626614722,-0.31104177062547006,0.9447263657030659,-4.184956963969773,12.489024528899852,-2.2154994603380604,,0.3972538941636495,0.1621621621621622,0,1
-0.045436986120874247,0.98136955823767802,0.18667959303747295,-0.99840097029776087,-0.050902313423659175,0.024585707161061909,0.033630087730206808,-0.18526398638835506,0.98211316687373373,-13.153415680649204,3.4531819127973402,-3.6497069917262603,0.5256349032574784,0.4256827191114018,0.5617977528089888,1,4
0.3563817687537103,-0.8524541510794148,-0.38251007203399373,0.9330585443345133,0.34613968124056066,0.09792381689375719,0.048926350204526646,-0.39180255407303982,0.91874750115442849,21.768860210551285,11.150064978708661,1.3237524241326686,,0.3309707870669081,0.3333333333333333,0,5
0.1906889699408075,0.97606946414644025,0.10452807232411079,-0.98134604969002359,0.18689422213152959,0.045060853205811255,0.024446830074654664,-0.11117081853944931,0.99350057956931737,-6.2293427443507667,11.738824503565647,-2.5443140316469357,0.6096361260123159,0.2487131922267009,0.1176470588235294,1,3
0.22488769086928423,-0.94959349541365656,-0.21839807683117712,0.97432927708022354,0.22154383557348481,0.040009858081722818,0.010391646636224104,-0.22178936491063811,0.97503922551491506,-0.14757695729812981,-16.900930199917859,-1.1987092813371794,,0.09276480401978429,0.1714285714285714,0,5
0.14600496851228537,0.96094065668622908,0.23510764236231382,-0.98888329529764818,0.13500222446806898,0.062323572345766381,0.02814919982861688,-0.24159357134682258,0.96996915870191303,-28.754447390542087,11.323786384306528,-6.7887700832556011,,0.4483979592132047,0.3333333333333333,0,1
0.65964241247314748,0.74972341553944344,-0.052789088441434699,-0.74728917322887733,0.66175120826738165,0.060367457554227254,0.080192139524440736,-0.00037222107903495198,0.99677935482731639,-5.9841866029079309,-9.2062514668925548,-2.1888616848625162,,0.08384839870013847,0.3727272727272727,0,5
0.97030985282811555,0.22555660359223453,-0.087309839540658782,-0.21995277558783496,0.97304311979629021,0.069338759206585845,0.10059605367949345,-0.048076039697930076,0.99376512737722622,-4.7574453537904455,-19.522141109987221,-1.8449188528881582,,0.07566267604984278,0.4736842105263158,0,4
-0.24274868094353672,-0.95431371563017287,-0.17423664958988397,0.96985285297738033,-0.24270751193555445,-0.021874807923491973,-0.02141311448178379,-0.17429399246728991,0.98446080811681047,9.3263324183609342,4.4104491610555705,-0.082386323753402269,0.6714620527247668,0.7886680579839658,0.7804878048780488,1,5
0.68651895674606489,-0.71348311964103683,-0.14011980593616946,0.72442519923949233,0.68771275022265232,0.047532135319365357,0.062448800910166719,-0.13413803028407198,0.98899299092379456,-8.3684174655299266,-7.4198640298771394,-2.5846215443316192,,0.06620989049364871,0.2678571428571428,0,3
0.93818492281436161,-0.25088718824645334,-0.23846314050100259,0.30411759595915433,0.9264649302100354,0.2217548667311281,0.16529228182778746,-0.28056790954188715,0.94549463758577734,9.5711434987460393,-14.15746834832105,0.068618683974449785,,0.4888148095704309,0.2105263157894737,0,2
0.72892678922946474,-0.67178677830924871,-0.1317886961484345,0.68209156932743953,0.72911759134486676,0.056023468688498147,0.058453631162271827,-0.13072896572810716,0.9896934427001145,1.799289592249929,-20.586294177776345,-0.83653666477884503,0.2088053786771735,0.123446341463457,0.5357142857142857,1,5
0.063680843606116366,0.99785916711029576,0.014894051549568823,-0.99730049441717217,0.063084303391160654,0.037577845879143507,0.036557817124084596,-0.017246833900744312,0.99918270237605844,7.5129506658444143,-14.421961897188538,-0.20274671255781257,,0.4181942208856184,0.4705882352941176,0,4
-0.042212780864855928,0.97879259118476714,0.20045733853732026,-0.99907189384455697,-0.043073733217391823,-6.6607565190961803e-05,0.0085692509302991802,-0.20027410453807321,0.97970242981732314,-1.5332620976277815,-20.668713018365921,-1.2820735076581788,,0.1991759312887812,0.375,0,1
0.24381103076303307,0.96977254319623907,0.0098689280556142848,-0.96910770690244052,0.24322796204714453,0.04087066063433737,0.037234845246914811,-0.019528772134785412,0.99911570569096086,-17.416220248040993,-1.5036956058460864,-4.5114853159527595,0.2044346405225151,0.1635354170417795,0.3529411764705883,1,5
-0.4079468799064726,0.91191437511809725,-0.04462640056673315,-0.91191352941302239,-0.40936190955984159,-0.028923033641081706,-0.044643678702107024,0.028896357114499734,0.99858497009390879,-2.6065909408402073,5.4574325709262288,-1.7922759556963135,,0.07403178570872121,0.275,0,4
0.99444042020548973,0.00096690383113581118,-0.10529632357546909,0.016938326670486059,0.98546734951068438,0.16901833077506714,0.10392951337869551,-0.16986220340431082,0.97997218741324466,-7.6867421325708909,-23.196850317538583,-2.1090559955437387,,0.1072612510628536,0.1333333333333333,0,1
-0.01562686587212744,-0.98268711236360706,-0.1846126763185324,0.99945518938507683,-0.0099835085360362071,-0.03145876616385096,0.02907104185019008,-0.18500369929216973,0.98230774494246842,-4.8671406634613215,-25.333341208409294,-1.6246117493870698,,0.2183280962153091,0.375,0,4
-0.90533515498667327,0.41376355258481018,-0.095749567610791952,-0.41510474493073457,-0.90975110492452349,-0.0064013923953008959,-0.089756937788932428,0.033950694263975678,0.99538487153349264,6.1192579600045249,-13.083067400022248,-0.4122311772050708,0.3212345371535035,0.298457218290395,0.9659863945578231,1,5
0.8930382569433315,0.44905291416221954,0.028881688282297861,-0.43891582649091843,0.85513652396847317,0.27585217532387113,0.09917443668310659,-0.25902317590813384,0.96076606177105028,4.020300561202137,18.510364214240173,-1.0697552344279617,0.4407814081930805,0.269209501167762,0.2380952380952381,1,4
0.71786099207549603,-0.6534932906063089,-0.24004606888871463,0.69371471966067033,0.70047559306971352,0.16761214526326382,0.0586130001152027,-0.28684571226736905,0.9561820190587792,-18.658108661353136,14.231205528498958,-5.0633153547446321,0.2565317496556494,0.2089143976068385,0.3409090909090909,1,5
-0.56085094741248676,0.82123450180092417,0.10497670140704539,-0.82649146037296872,-0.54792942167489012,-0.12917126148481278,-0.048560073281177146,-0.15920817163326939,0.98605003796365109,-14.25358232697984,-3.0835493821871434,-3.7984411042326092,0.2922680960883741,0.2429876674377328,0.3564356435643564,1,5
-0.68445021591839594,0.72901323685164876,-0.0082220693468188187,-0.72443960627496273,-0.6813372587431068,-0.10472247470627549,-0.081946072446694079,-0.065720927743844165,0.99446749613401153,9.0610735415528154,-12.743346273438689,-0.018491464566037161,,0.2838114432211526,0.1785714285714286,0,5
0.0037549202971566939,0.99759419130986826,-0.069222323266227223,-0.99977465383907926,0.0051914186122160736,0.020583748777711613,0.020893590273411821,0.06912943394535212,0.99738888065181663,-1.8422680761163841,12.2037456647728,-1.8643543125497568,0.1201250798976881,0.1189385248003603,0.5652173913043478,1,5
0.60836107520428351,-0.76873758154525951,-0.19733051689040801,0.79031578456225737,0.60957579870732392,0.061792445347901126,0.072785732448286358,-0.19354554076566946,0.97838763320153066,-16.955410683390255,-4.5169221500578844,-4.3218172063412856,0.487662683538854,0.3307211978185144,0.6607669616519174,1,5
0.39941512431266551,-0.88631010964742207,-0.23435432150287674,0.91660156086279276,0.39097598282939183,0.083542560856631962,0.017582294906834574,-0.24817769921442753,0.96855495069636777,2.9861655171829251,-21.493950194775021,-0.69307807877384164,0.1338649271222651,0.2226910728304544,0.44,1,5
0.83149207459482755,-0.53653913342579673,-0.14403710698527308,0.55210892902983666,0.82686036219312176,0.10713389715392767,0.061617046111595443,-0.16860515928214317,0.98375588429850158,6.9303456019492149,-6.8499958583481133,-0.3190318779581402,0.6276295484979636,0.5174793639905096,0.8157894736842105,1,3
0.7805932761652723,0.6248476410715601,0.015477811630692071,-0.61434523500640981,0.76244138952680052,0.20313310848151234,0.11512631945166729,-0.16807305847086171,0.97902879303203538,8.9670957249176144,6.925217576604151,-0.15775682775117031,0.8948130556029208,0.4752044639910501,0.3877551020408163,1,5
-0.99292405802798034,0.0034205367263402332,-0.1187017898675137,0.016072493248305012,-0.98651631227776493,-0.16287185321798744,-0.11765836115648907,-0.16362721515194897,0.97948080354419709,22.070701993426585,16.533118586676057,1.2643073237936815,1.00266330566022,0.4758001368828714,0.4727272727272727,1,5
-0.27637669395594683,-0.87929857168856573,-0.38787877599119724,0.9607489702076496,-0.26287858480141058,-0.088635579186624236,-0.024027885527481901,-0.39715094294141595,0.91743871143407851,-3.2937920539304009,12.708948460415559,-2.1026133375362801,,0.4642267643997545,0.1578947368421053,0,4
0.99049296305931089,0.096030224373313586,-0.098498152961358512,-0.08901648583382242,0.99332967292935526,0.073295471400753945,0.10487971862941395,-0.063830689208819277,0.99243432414207833,-17.136511078245348,-2.8540508895755266,-4.4307566156754481,0.4909140508907739,0.3980649443869232,0.850609756097561,1,5
-0.99450199853074206,-0.0016476092528078222,-0.10470463362292828,0.0095580759230651444,-0.99713068359833013,-0.075093561717213902,-0.10428047805323157,-0.075681472042225445,0.99166420560919344,-23.285115275520962,17.320881576960854,-6.0126080326562095,,0.1453780133390969,0.4666666666666667,0,1
-0.99408723030627422,0.069912823650203557,-0.083082944286156243,-0.043303173841678894,-0.95691894350790074,-0.28710794257728295,-0.099576170227812774,-0.28181258425588196,0.95428834933566253,-30.857655132664263,-15.994122395792859,-6.4756677003892795,,0.239535455792126,0.2,0,2
0.86082206027980634,-0.4765155535759365,-0.17865695546451496,0.50348800177025743,0.84854226917850117,0.16271401135364702,0.074062221199637568,-0.23001944399902458,0.97036376827113502,-29.06429016280013,12.791605795885115,-6.8026020958326736,,0.4323991005775627,0.2727272727272727,0,2
-0.75382420656592442,0.65677415197569544,-0.019919309522690394,-0.65327805292915375,-0.75237718659108732,-0.084595240163819016,-0.070546801177291368,-0.050757092055068363,0.99621627493720721,-1.6579100311333757,8.3438327730367146,-1.6045924444264814,,0.07487430322436359,0.2777777777777778,0,5
0.99189005687201115,0.084476899261198932,-0.09496193221314464,-0.062825961850989542,0.97536775544718102,0.21144890671608624,0.1104853546672076,-0.2037679933776238,0.97276492087190325,-9.2347006688938507,13.119836564519444,-3.1748787250237389,0.5233523626542703,0.5120534100596649,0.5862068965517241,1,5
0.19681512182695213,-0.96230688995427083,-0.18769458534220176,0.98030194504078805,0.1899278933656047,0.054180179687330195,-0.016489523021903197,-0.19466084575035261,0.98073199741941119,-2.1530986097450482,4.6263442469880243,-1.7040044120310909,0.3411774488702941,0.4415488910950261,0.6909090909090909,1,5
0.034364745725222454,0.98333476953336174,0.17852673547122239,-0.99849752821892657,0.026152289481166525,0.048153337325543499,0.042681967995104479,-0.17991328128202291,0.98275605356894191,3.0382975343741072,-13.238738751526705,-0.77999024588832389,,0.5367708932186831,0.2950819672131147,0,3
-0.67946296008652052,-0.71454398818169362,-0.16660424611594826,0.72934370882389288,-0.6825116313919789,-0.047282421825327429,-0.07992396555146801,-0.15363841306151083,0.9848895358173263,-9.1280744144058321,25.311292431523416,-3.316981194423267,0.4759041770164621,0.4591020150994582,0.5405405405405406,1,5
0.7882855087550954,0.60832681857595161,0.092436131939743746,-0.60975866841231441,0.75217542090977885,0.2498529617099586,0.082464070859749578,-0.25331920176026518,0.96386153519931483,9.741432546485326,-17.643346705153284,0.091812650088095332,,0.3297402635706628,0.1764705882352941,0,2
0.84895890451658618,-0.50412174416921651,-0.15852458956825824,0.52159681936553182,0.8475302137067634,0.09812897065560304,0.084885431434130437,-0.16599338513915085,0.98246662010486985,8.1328333303409508,-13.029447533939924,-0.1510087541835288,,0.1300082933212963,0.2439024390243902,0,5
0.98412939578635772,0.13197305564111064,-0.1186273363686708,-0.11619366945895594,0.98450638863739992,0.13132479548739784,0.13412070506391011,-0.11545684612396219,0.98421611100218553,-5.6286790970158203,-14.784239204314616,-1.9053978701007639,0.4224577253284019,0.3685727256837208,0.5818181818181818,1,5
0.67896931589332432,0.7311224771719308,-0.066787659409006231,-0.72911952006177083,0.68215433350432897,0.055228531993527723,0.085938312412141907,0.011197707588905538,0.99623753081507049,-8.3531870577565606,-15.725755383945639,-2.2861086161830055,,0.1055807037743361,0.3333333333333333,0,3
-0.94901289139429101,-0.293080437387501,-0.11609646501163698,0.29660525681333633,-0.95489819033299872,-0.013955920946253704,-0.1067700969285971,-0.047679170709171478,0.99313989099338007,1.0624597073580406,-9.4449120548939547,-1.0180706301452482,0.08550197371421479,0.1110721161704981,0.2873563218390804,1,5
0.27266284527441387,0.96152292300454223,-0.033595257755548308,-0.9607936042549714,0.27394958193391689,0.042746655787011215,0.050305296238090699,0.02062268399197556,0.99852094723914786,-14.146414929318244,8.8899196554428439,-3.8772506582191393,0.3351476083819682,0.3465619660482288,0.2391304347826087,1,5
0.51247748342300758,0.85839288441514905,-0.022988800966170678,-0.85664720681404583,0.51291906410968624,0.055403941471138043,0.059349743403950377,-0.0086999803611702772,0.99819933795790561,-4.2237320036117607,6.8481921376610329,-2.042159839136148,,0.1176351739223952,0.1818181818181818,0,5
0.5709445823820769,-0.81122546049978139,-0.12623603322932173,0.81954047039123346,0.57228845956295449,0.028971303767299124,0.048741165758240168,-0.11999654698356657,0.99157709103858849,-7.3000339281834794,10.908646751889691,-2.668890732073085,,0.07206534701220221,0.2727272727272727,0,5
-0.023057131945042234,-0.9673691711691218,-0.25231974821253317,0.9996790366866124,-0.024959532575634727,0.0043411223126379357,-0.010497250868507018,-0.25213866900016146,0.96763417639055693,-19.4954715630431,-4.3328494986350243,-4.8315734242557173,0.6075567158592814,0.8986893043113557,0.5431654676258992,1,2
0.66577095019938226,-0.70581337865200489,-0.24202585892101058,0.74435031994762213,0.6508035383993529,0.14965746089237913,0.051881047257005916,-0.27978961546619852,0.95865850437618949,7.3223795655504667,-18.105522300504187,-0.17491696051097888,,0.5452432338004997,0.25,0,4
-0.084049001930314254,-0.98483751881392789,-0.15175910783523278,0.99611526552606222,-0.087054827752852129,0.013260269637735363,-0.026270574041353651,-0.15005505156891258,0.98832855793920582,1.3965016148977318,-14.492141622519631,-0.9909453982794042,,0.08561217568870499,0.3793103448275862,0,4
0.48293335877066684,-0.83503847062128,-0.26360220706389387,0.87457185658917191,0.47494384307028115,0.097736449658257923,0.043582549818148339,-0.27773926354065565,0.95966737093601484,-27.347758598449126,9.7758746018591296,-6.4975026728892145,,0.283639981578261,0.4545454545454545,0,2
-0.13867084366375318,-0.96829671665023975,-0.20777840513861875,0.98839450540739515,-0.14845776678705128,0.032196166869239269,-0.062021760681662146,-0.20090236435882605,0.97764591810991552,5.311218442310329,-21.366766640020487,-0.40393006236875451,,0.1558802386260358,0.1111111111111111,0,4
-0.88111545346642739,0.47290064607145821,0.00073253522096523047,-0.46881610015937303,-0.8732998058607564,-0.13251004986385792,-0.062024365325324494,-0.11710007698017438,0.99118139110721204,-12.504005911852547,19.765897407000548,-4.0504804688395701,,0.4005881978450023,0.1923076923076923,0,5
-0.70522189973810867,-0.68759510229319087,-0.1728439973854714,0.70251554232761282,-0.71056448772713798,-0.039623497690249102,-0.095571883511377492,-0.14936895287671303,0.98415188411067978,28.564522597649802,4.7940632391899163,2.1389729472265731,,0.2507962412278918,0.7575757575757576,1,5
-0.58621633571108245,-0.7898044049802222,-0.18044226117877774,0.80647970598378349,-0.59008884716105892,-0.0372241358857964,-0.077077179383935254,-0.16734441828149257,0.98288094603987874,6.6032790085092463,8.5921764303251109,-0.45850206890207046,0.3706805724865457,0.5331554672659582,0.5294117647058824,1,5
0.5875320918827277,-0.78913088082572402,-0.17910470104138779,0.80886667376444388,0.57908385018512598,0.10196371181953334,0.023253926144894108,-0.20477877668838029,0.97853201661307943,5.2700631120259951,12.886348638333665,-0.75706733466041498,,0.1454656501148766,0.1875,0,5
0.34149066382198723,0.9392782388286115,0.033771535135983119,-0.93867420669615365,0.33900706473169834,0.062967799273477815,0.047695494606572721,-0.053203384525989807,0.99744400327497784,-2.2316983015057321,-8.5408909902500181,-1.5007206607713448,,0.08120091820340974,0.265625,0,4
0.057007487611404131,-0.98718196412889925,-0.14907017157985422,0.99837374672580437,0.056354885523911914,0.0086016699697768657,-9.0581001140319263e-05,-0.14931810531947681,0.9887892066658529,9.7323726052829169,7.8792287682393631,-0.098987981466272315,,0.08088732451029029,0.2647058823529412,0,4
0.073242680028120094,0.98016213894177717,0.18416756285344699,-0.99681498169538141,0.06610518561122318,0.044609379091632206,0.031549993501325098,-0.18684829627370325,0.98188202554567616,17.595285989386479,9.9991676444499014,0.81958679829898329,,0.2526813401569908,0.1111111111111111,0,3
-0.22756803045821664,-0.9467034188058373,-0.22795926902564978,0.97064160860725335,-0.23926212314049691,0.024667875275873045,-0.077895180554977669,-0.21565313179187087,0.97335813943001792,-8.5823658849567224,-5.9436193325505915,-2.5929857708507416,0.7944824569396483,0.6524577874679837,0.9048361934477379,1,3
0.4600456264711752,-0.86850285581733222,-0.18455571246071545,0.88778755298951839,0.44670549037536389,0.11084884133534424,-0.013830485227450231,-0.21484178901145815,0.97655093229832568,-22.490418794416808,-3.9041311105802752,-5.5009430300465505,,0.1506865036801749,0.125,0,2
-0.08371652330309616,-0.95088161425359186,-0.29801962922016678,0.99638529417589838,-0.084203851034256635,-0.011227511790654827,-0.014418365928590193,-0.29788230418318618,0.95449371060183796,-9.3153379951578632,9.7052264046150807,-2.9623275941581073,,0.2231780252009091,0.3653846153846154,0,5
-0.28457536947654383,-0.94540123782247254,-0.15885011366386839,0.95778705454239976,-0.28743179201531238,-0.0051887464631618085,-0.040753125503221632,-0.1536211719217164,0.987289075346788,10.361954750595563,-12.843128522774105,0.15996213248995741,,0.08528264077812243,0.3636363636363636,1,5
-0.83300655778080779,0.54672792408763082,-0.084785916973281,-0.54745125025690033,-0.83667405153989582,-0.01654267426908243,-0.079982518629553495,0.032636000101822937,0.99626185724990379,0.074633351145969293,-6.9520742915407805,-1.1722157113132228,,0.08976409634342164,0.5196078431372549,1,5
-0.32285709599110013,0.94644496778654419,0.0022844079586715397,-0.94621303964472137,-0.32272235115926629,-0.023047075053742046,-0.021075558699383507,-0.0096024483213032856,0.99973177093245669,-8.1900434601898979,22.083390696394435,-3.2219180176855113,,0.09312630769877694,0.1111111111111111,1,4
-0.5636448890282143,0.82433561613742268,0.052680461650491443,-0.82460329484782158,-0.55780459329212528,-0.094252012330370019,-0.048309887171153747,-0.096565147281736735,0.99415357321289533,-26.567652400734982,7.8649323219819047,-6.2976207728460993,,0.1567321300761923,0.1666666666666667,0,1
-0.56073190500071279,0.82229244881617003,0.097030198052865113,-0.826255121087768,-0.54809842003509623,-0.12996382893431985,-0.053686176903459858,-0.15304656342086806,0.98675961806032209,6.5177003075735485,16.881482915572445,-0.69111103818641173,,0.6007553934587125,0.26,0,3
-0.96419216184093959,-0.21494882298202669,-0.15533988072332566,0.24389674725546578,-0.94872603968483882,-0.20108027825255567,-0.10415302070847071,-0.23176691981938041,0.96717952995022505,-0.47955715591418008,-32.825596875423429,-0.98145273096429064,,0.4016519047234536,0.3076923076923077,0,1
-0.70731646262505055,0.69966687236108516,0.10084487800599243,-0.70390909149390313,-0.68402014436317504,-0.19138556115237668,-0.064926208974608907,-0.20635578457082077,0.97632058134730904,16.303846412128369,-17.837468638790398,0.89874354814766033,,0.5043783387158995,0.25,0,1
-0.20180499249213035,-0.94967398235053513,-0.23957059972318595,0.97918781020681089,-0.2010183321529378,-0.027979679784469122,-0.021586508463424359,-0.24023105000171585,0.97047569019910618,-17.553702590349637,1.0210894178029999,-4.5231832259926588,,0.2019475344351321,0.576271186440678,0,2
0.74733133915284267,-0.62997033816852277,-0.21126581017253257,0.66173646132181163,0.73436810696965904,0.15102430010791781,0.060006043673164595,-0.25266748206612827,0.96569064313011621,17.015069967507369,11.850725070128506,0.743262047841457,,0.4612941980877505,0.7021276595744681,0,5
0.98648520942265516,-0.12264651684884101,-0.10864972846348658,0.12876183868100893,0.99035524246583762,0.051155474975022867,0.10132778735286894,-0.064454058253001656,0.99276298978401312,-21.974649264615707,13.957054532784085,-5.7002925111250526,,0.1516318893849616,0.5,0,2
0.96378499376343363,0.24844437398222699,-0.096922024499071766,-0.24516022163937864,0.96845486345408749,0.044627829634169267,0.10495213919758888,-0.019250207497713671,0.99429094232480353,13.095754468331037,-7.2215935242444402,0.45360743909084,0.2706915875655821,0.240049899997724,0.7380952380952381,1,5
0.69206215337345833,0.72157206574925781,-0.019589022396259547,-0.7195123556672296,0.69175507725445162,0.061456351460869904,0.05789599217809601,-0.028437071280934884,0.9979175251826562,-39.75753792758654,-12.58928139007374,-8.1282475697071757,,0.4449319304713229,0.5277777777777778,0,3
0.42866640233656245,0.90343892620493871,0.0065743536182496431,-0.90180628024876031,0.4274286202860122,0.063641240279339761,0.054685906883996369,-0.033209654892294917,0.99795118638649427,-2.8284071324970568,-14.589796273564472,-1.5278955068674387,,0.1357169771736127,0.3559322033898305,0,5
0.90315090361882056,0.4231343037542537,-0.072634745672518361,-0.4207110467184299,0.90599263921931639,0.046685681418411645,0.085560858233141232,-0.011605975479086728,0.99626534661785149,-7.7677235100317468,9.2624270032812017,-2.726231092422331,0.265167076244427,0.1243643376554662,0.1777777777777778,1,5
-0.9696491944401654,0.22486047976955015,-0.096011480351808925,-0.22391251890747907,-0.97438989347850824,-0.020676541380244391,-0.098201953127449712,0.0014491807164467713,0.99516545171001836,-3.5766862049478192,-8.3421366537798658,-1.7607288727327701,0.1690219857867971,0.1451358473233217,0.580952380952381,1,5
0.90223489085725439,0.4229844278753459,-0.084002235058159486,-0.41950294186220349,0.90600240581883174,0.056364194480603258,0.099947403611884117,-0.015614558125565914,0.99487019358597129,-4.0245788708966055,16.804805047633973,-2.3088699175075389,,0.08597477884265814,0.45,0,1
-0.9616701012953307,-0.21685346326526675,-0.1678248841634844,0.24723428450093513,-0.9504183598180026,-0.18862701261528525,-0.11859943019229942,-0.22288902348638853,0.96760253119105921,-10.518991675283173,18.738985133795889,-3.6436718837449851,,0.4163739485508698,0.3666666666666666,0,4
0.96758099235445316,0.2418258731593243,-0.072851014441139436,-0.23071442714294033,0.963668205926272,0.13458990302004753,0.10275152720265353,-0.1134188518614576,0.98821975678487228,3.1921721516062997,-11.844002675515798,-0.74178509765263789,0.3837630210253096,0.1356162348978617,0.4666666666666667,1,5
